run,generation,degenerate,holistic,other,compositional,popsize,turnover_rounds,group_rounds
1,0,0.9987713554999793,1.4267839920713722e-08,0.0012266915175253483,1.938714656782331e-06,25,20,10
1,1,0.9571040013126219,2.980435141385999e-08,0.042891016239879995,4.9526431431796135e-06,25,20,10
1,2,0.7169847635507425,1.7737273130673433e-06,0.28261110979411996,0.00040235292783115774,25,20,10
1,3,0.7509577982265945,4.281707434397092e-06,0.2476498222732872,0.0013880977926856916,25,20,10
1,4,0.6681417826006952,0.004580610592191889,0.3251528955493344,0.002124711257777639,25,20,10
1,5,0.6436336338871537,0.004580982868101564,0.3096243501631611,0.04216103308158419,25,20,10
1,6,0.6386472982445659,0.013250059317158676,0.2659167747478598,0.08218586769041616,25,20,10
1,7,0.5573300637384989,0.041062409361226807,0.31147118137916174,0.09013634552111036,25,20,10
1,8,0.48398365305300717,0.014160615476337755,0.38799566090899695,0.1138600705616607,25,20,10
1,9,0.5047708235548845,0.039975162906842276,0.3358264199402462,0.11942759359802776,25,20,10
1,10,0.47028717325980396,0.039971283677640426,0.3278917728951022,0.1618497701674549,25,20,10
1,11,0.4545990542810941,0.03996732559029619,0.3456194088736323,0.15981421125497625,25,20,10
1,12,0.5133881345517739,0.040016967320517044,0.2694148274916773,0.17718007063603156,25,20,10
1,13,0.5317148071841701,0.04002560235613731,0.2331145831566425,0.19514500730305057,25,20,10
1,14,0.5986620111125345,0.040050827855817366,0.16143532926493087,0.19985183176671714,25,20,10
1,15,0.5030748304698129,0.040025037220409045,0.25538429872496526,0.20151583358481306,25,20,10
1,16,0.5432633238128962,0.03997809475637717,0.2151932533835958,0.2015653280471297,25,20,10
1,17,0.44867017788157926,0.02122941814974407,0.290971049907096,0.2391293540615782,25,20,10
1,18,0.4418548099407698,0.03995392885463863,0.28301382192553654,0.2351774392790532,25,20,10
1,19,0.42938492691120045,0.03873744204922636,0.25668395277054645,0.27519367826902796,25,20,10
1,20,0.43300866202083205,0.03873618648619963,0.2771926143369615,0.25106253715600824,25,20,10
1,21,0.48723232101119973,0.03873552764917964,0.19459067007837397,0.2794414812612475,25,20,10
1,22,0.5318023901264598,0.03873476680455594,0.15001026088938996,0.27945258217959573,25,20,10
1,23,0.4871203764849831,0.03876878562633732,0.19468563338205672,0.27942520450662367,25,20,10
1,24,0.4645955787755141,0.012151444256198261,0.24368866451499868,0.2795643124532895,25,20,10
1,25,0.47824296834321295,0.03937748768117915,0.16503399984184,0.3173455441337698,25,20,10
1,26,0.50377279231381,0.038250649706521166,0.1387316799987918,0.3192448779808775,25,20,10
1,27,0.5398504732956387,0.03872408048271844,0.06270876743640183,0.35871667878524144,25,20,10
1,28,0.5036909231374413,1.2864728797927047e-06,0.1374230019146156,0.3588847884750652,25,20,10
1,29,0.46789475560522875,1.8301140191509806e-06,0.17480628418928404,0.3572971300914698,25,20,10
1,30,0.43971714295844216,3.479164266899055e-05,0.19995923017959702,0.3602888352192924,25,20,10
1,31,0.3934528553139485,2.1075888870828274e-05,0.24331609332275544,0.36320997547442346,25,20,10
1,32,0.4393914566483804,6.468656191120941e-07,0.19762936042894574,0.36297853605705505,25,20,10
1,33,0.37002196408195426,0.0005333579187223583,0.2700126932942251,0.35943198470509835,25,20,10
1,34,0.31100948304941756,0.0004904016797253152,0.32875871960433634,0.35974139566651897,25,20,10
1,35,0.3572213445825691,1.1768577198480667e-06,0.2817757870656333,0.3610016914940759,25,20,10
1,36,0.28659633663122275,0.024269994337827738,0.3272900174819045,0.3618436515490469,25,20,10
1,37,0.29915626963227093,0.023957440146928844,0.27693844926180783,0.39994784095899294,25,20,10
1,38,0.2932822426921574,0.023139539401395112,0.28431088516007796,0.3992673327463685,25,20,10
1,39,0.25151828428979717,0.039964926758615925,0.30966464041916386,0.39885214853242124,25,20,10
1,40,0.30985533355122696,0.03996797334538944,0.2508644303561157,0.3993122627472681,25,20,10
1,41,0.36023773671215237,0.03827095064405903,0.20188059740592126,0.3996107152378692,25,20,10
1,42,0.38026772979097534,0.03827014014093061,0.14871696596947348,0.43274516409862307,25,20,10
1,43,0.40906599535041793,0.03826609683174353,0.11363351093277173,0.4390343968850681,25,20,10
1,44,0.3687827713878326,0.03826541882911171,0.15337109266074603,0.4395807171223116,25,20,10
1,45,0.376254313895014,0.039959871730022106,0.1444617867186624,0.439324027656304,25,20,10
1,46,0.3721736980527378,0.039964381753940605,0.14880644489733816,0.43905547529598643,25,20,10
1,47,0.3111950385435558,0.040331495475639585,0.22119949897186386,0.42727396700894127,25,20,10
1,48,0.3025421277617298,0.04043014371348032,0.21726728056758027,0.4397604479572078,25,20,10
1,49,0.21793024209733403,0.04043129856278256,0.28891196083969534,0.4527264985001896,25,20,10
1,50,0.20935147177764798,0.0382310126924275,0.3009964636533148,0.4514210518766125,25,20,10
1,51,0.2773931745830998,0.038247164420024946,0.20529497499475519,0.4790646860021202,25,20,10
1,52,0.21427003080351856,0.07986657447611739,0.23707373312113486,0.4687896615992289,25,20,10
1,53,0.16159447964538728,0.11989859827230955,0.2606742861661529,0.4578326359161498,25,20,10
1,54,0.1449716521955799,0.08071652968992886,0.29526840392103454,0.4790434141934552,25,20,10
1,55,0.15804104365848395,0.07921730655717685,0.2842457488640814,0.4784959009202556,25,20,10
1,56,0.17125051058849877,0.07918604970630365,0.2779771398966037,0.47158629980859545,25,20,10
1,57,0.22874910742680019,0.04017251437943112,0.2992620551872172,0.4318163230065526,25,20,10
1,58,0.30694669594652824,0.039986131189042484,0.206815748311169,0.44625142455325945,25,20,10
1,59,0.38085469130284794,0.04292144794175498,0.1356942032993436,0.44052965745605505,25,20,10
1,60,0.21465793603014638,0.042892702292115246,0.30345222361008445,0.43899713806765256,25,20,10
1,61,0.1893514655785541,0.04293677022201752,0.3281336805258469,0.43957808367358064,25,20,10
1,62,0.21363501935056547,0.03998928401709539,0.33961706972288175,0.4067586269094566,25,20,10
1,63,0.21294706393542973,0.07877915275501221,0.3091592285762808,0.399114554733279,25,20,10
1,64,0.24496384170336316,0.0786586676294112,0.2330479543934141,0.44332953627381505,25,20,10
1,65,0.2970586403247035,0.07985313400534458,0.1798655303998848,0.4432226952700693,25,20,10
1,66,0.33027055979963266,0.040356843714615794,0.1864143368285727,0.4429582596571799,25,20,10
1,67,0.30199392779000256,0.038228194375287974,0.18345555124308943,0.47632232659162166,25,20,10
1,68,0.254683874032992,0.038256582733465896,0.22225671274373926,0.4848028304898035,25,20,10
1,69,0.222327146201077,0.038742581878767224,0.21890802437734777,0.5200222475428098,25,20,10
1,70,0.29693839132228383,0.03891490215663582,0.14386669559924223,0.52028001092184,25,20,10
1,71,0.3189709644161921,0.03997451486225922,0.12038371644992671,0.5206708042716236,25,20,10
1,72,0.3090126170407271,0.03996752277944767,0.13279247284748014,0.5182273873323469,25,20,10
1,73,0.2374939330057911,0.039948100793936875,0.1694972130033511,0.5530607531969224,25,20,10
1,74,0.18387148078499305,0.0007793825348383022,0.2558850690055516,0.559464067674617,25,20,10
1,75,0.24527553740117916,4.22892144421942e-07,0.1621955168002743,0.5925285229064017,25,20,10
1,76,0.2717876422896064,2.241176615917567e-07,0.12942366400041258,0.5987884695923218,25,20,10
1,77,0.26255315853134287,0.0004038430792980061,0.141800958500579,0.5952420398887817,25,20,10
1,78,0.2341985265463636,2.004576641505253e-05,0.179948472563353,0.5858329551238693,25,20,10
1,79,0.2597992782586101,2.83072789741898e-07,0.14626665624241564,0.5939337824261853,25,20,10
1,80,0.20982531311641847,0.0010785770641143012,0.19552299634540368,0.5935731134740676,25,20,10
1,81,0.20667860810399716,0.0010784075394519592,0.199860372035678,0.5923826123208733,25,20,10
1,82,0.19982901392580377,2.0050843752046986e-07,0.20624325290515355,0.5939275326606062,25,20,10
1,83,0.1734672792551597,5.351085885551356e-07,0.2262106101310665,0.6003215755051837,25,20,10
1,84,0.22741932399016437,5.017176132124752e-06,0.13184666527199893,0.640728993561705,25,20,10
1,85,0.2456964200799333,6.747766052289183e-06,0.16465310416689646,0.589643727987118,25,20,10
1,86,0.2861251821386588,1.0086688649939492e-05,0.12031367815966032,0.593551053013033,25,20,10
1,87,0.3338378094213543,1.0181278971875024e-05,0.10083824003267296,0.5653137692670025,25,20,10
1,88,0.2707919552966024,2.3873653590637875e-06,0.10028524891592779,0.6289204084221123,25,20,10
1,89,0.2482593666991856,1.22422523682351e-06,0.10579396728147891,0.6459454417940985,25,20,10
1,90,0.3432267488139599,1.6685806677950751e-09,0.018224214382140967,0.6385490351353179,25,20,10
1,91,0.31314253278714743,2.414531371434008e-07,0.04496152356397358,0.6418957021957411,25,20,10
1,92,0.2981291943569176,7.251831838580751e-06,0.06284150121642934,0.6390220525948144,25,20,10
1,93,0.24711299114480972,2.1973512419364135e-06,0.11537756919300689,0.6375072423109454,25,20,10
1,94,0.23384972176986896,2.199998003457658e-06,0.1277082548242214,0.6384398234079096,25,20,10
1,95,0.18842822755498465,0.036249012577706886,0.1325038522324224,0.6428189076348885,25,20,10
1,96,0.18937744577099871,0.0007744131800134198,0.17286336419062154,0.6369847768583656,25,20,10
1,97,0.22428100423454056,1.3738001492566317e-05,0.15105202644211574,0.624653231321856,25,20,10
1,98,0.19936085301927048,0.0006545592871979307,0.11219452301413493,0.6877900646793976,25,20,10
1,99,0.1954545377528427,0.0007798933404102289,0.11621196170589794,0.6875536072008483,25,20,10
1,100,0.1579342934361284,0.0018090171612184184,0.19221090960371026,0.6480457797989445,25,20,10
1,101,0.13339523008654594,0.0013838969071252624,0.22253313136869296,0.6426877416376372,25,20,10
1,102,0.1197173447861875,6.30851908710166e-07,0.23218823961120247,0.6480937847507005,25,20,10
1,103,0.13559917483333486,3.062609561390752e-07,0.22461126430442288,0.6397892546012853,25,20,10
1,104,0.15704843363210827,0.0003235737899429286,0.203926383895394,0.638701608682552,25,20,10
1,105,0.16037218519114113,0.0003169564127393795,0.24833577630776799,0.5909750820883527,25,20,10
1,106,0.15757988858126773,2.3270269355303183e-06,0.25128547175731575,0.5911323126344818,25,20,10
1,107,0.24183573006186682,1.8550055156307412e-05,0.15446739720613636,0.6036783226768412,25,20,10
1,108,0.26983247299512336,2.14972643705309e-06,0.10198139170664385,0.6281839855717952,25,20,10
1,109,0.260038339454861,5.647543974854491e-07,0.10169841539809736,0.6382626803926446,25,20,10
1,110,0.23416504811291733,3.6104213575768105e-07,0.0937174468689639,0.672117143975984,25,20,10
1,111,0.18820981950115695,3.0007932068714045e-06,0.1331401924616263,0.6786469872440132,25,20,10
1,112,0.17730633028712975,3.7117393588160402e-06,0.1504019796016993,0.6722879783718143,25,20,10
1,113,0.17420811805035094,3.572363217616729e-06,0.1599887221283643,0.6657995874580689,25,20,10
1,114,0.16492082436340597,7.804707315170826e-07,0.16209740677100182,0.6729809883948622,25,20,10
1,115,0.12121849151444224,1.076582482074229e-05,0.1994409848114979,0.67932975784924,25,20,10
1,116,0.11663013499808493,3.8597373167362435e-06,0.2205227895596749,0.6628432157049227,25,20,10
1,117,0.1559368619766447,1.7487530837854092e-05,0.1909440486157445,0.6531016018767751,25,20,10
1,118,0.15558599853083216,1.969037552945569e-05,0.14714269561495727,0.697251615478683,25,20,10
1,119,0.15314374733672353,5.771387392739211e-07,0.11328360249052319,0.7335720730340135,25,20,10
1,120,0.11374816221002237,5.835966520707871e-07,0.1525291566052275,0.7337220975881,25,20,10
1,121,0.11026967307395771,5.160756718619049e-06,0.14485428866943276,0.7448708774998934,25,20,10
1,122,0.12855284470742084,6.318521138620189e-07,0.11332959937413385,0.7581169240663325,25,20,10
1,123,0.11932841140454058,3.567138367536701e-07,0.1236395369216676,0.7570316949599539,25,20,10
1,124,0.09541763004800236,0.0020791371068389856,0.1439409780612344,0.7585622547839261,25,20,10
1,125,0.09076110644928988,0.0016994773123191424,0.15289879561062444,0.754640620627769,25,20,10
1,126,0.07404357775142477,0.00023715855046939317,0.15202340981860377,0.7736958538795045,25,20,10
1,127,0.15979666607478912,3.30462833368404e-08,0.09306830251632274,0.7471349983626058,25,20,10
1,128,0.1656250835226033,9.686873966912006e-06,0.082571496181441,0.7517937334219892,25,20,10
1,129,0.2004462950348864,2.885481302909254e-07,0.05499958662793431,0.7445538297890483,25,20,10
1,130,0.1871258107633656,7.605272116589314e-07,0.06973504802986037,0.7431383806795625,25,20,10
1,131,0.11788000512416183,0.0007738830040023976,0.12917148622079438,0.7521746256510415,25,20,10
1,132,0.1309907355552491,0.0008057825918484244,0.12393375499406942,0.7442697268588351,25,20,10
1,133,0.18065027127125957,7.418360511327522e-07,0.06143889161507885,0.7579100952776099,25,20,10
1,134,0.168760338681482,3.9093583858942145e-07,0.09418583806467076,0.7370534323180098,25,20,10
1,135,0.17857981334632442,1.0164368504543231e-08,0.06734651560403494,0.7540736608852714,25,20,10
1,136,0.17206436572409506,3.607632697614196e-08,0.07399327223415382,0.7539423259654234,25,20,10
1,137,0.15573220507322733,1.5176666428245807e-06,0.08574743417462477,0.7585188430855055,25,20,10
1,138,0.1571509798776874,1.5122323042416894e-06,0.08450153067595136,0.758345977214056,25,20,10
1,139,0.12867900070586735,1.911247636927659e-06,0.15275867922880185,0.7185604088176966,25,20,10
1,140,0.12148855056572154,4.451010476108092e-09,0.13722157236067065,0.7412898726226007,25,20,10
1,141,0.11622648724602,7.493551093908452e-08,0.12489911992114593,0.7588743178973242,25,20,10
1,142,0.1563389023537863,1.3969059415750462e-07,0.09247234970766842,0.751188608247951,25,20,10
1,143,0.18474827281095227,1.0785218587524788e-09,0.06404262999195871,0.7512090961185659,25,20,10
1,144,0.23647555708415194,2.1710597153311397e-08,0.004325797085266384,0.759198624119984,25,20,10
1,145,0.23113390654844967,2.4326194099108746e-08,0.00993149781734381,0.7589345713080129,25,20,10
1,146,0.23276733850033182,1.1864992216621645e-09,0.014383652212230622,0.7528490081009386,25,20,10
1,147,0.19718232141938022,1.4781936149122233e-07,0.056336279525350134,0.7464812512359079,25,20,10
1,148,0.154781645693895,2.2562985897587879e-07,0.09295710554289931,0.7522610231333473,25,20,10
1,149,0.16638125654013292,6.602031444568797e-07,0.07563162278080277,0.7579864604759198,25,20,10
1,150,0.15447455798396023,1.0689662397042114e-06,0.08754112833714679,0.7579832447126532,25,20,10
1,151,0.14794513472769594,8.237455024341247e-07,0.13305528344486878,0.7189987580819348,25,20,10
1,152,0.21293463084339326,8.88140554589394e-08,0.06820104454208432,0.7188642358004664,25,20,10
1,153,0.14872678915464196,2.041156958719974e-08,0.09229015200884044,0.758983038424948,25,20,10
1,154,0.13871174958642332,2.2415638092178013e-07,0.10939887562487498,0.7518891506323224,25,20,10
1,155,0.10558466599437959,1.223454550424248e-06,0.15069640016022182,0.743717710390852,25,20,10
1,156,0.13273745020926894,5.085041543386615e-07,0.10916051410692276,0.7581015271796541,25,20,10
1,157,0.15228062706360243,4.3269636002110964e-05,0.09434998366908327,0.7533261196313122,25,20,10
1,158,0.1909589438659833,7.411306136836864e-07,0.07394342591701104,0.7350968890863914,25,20,10
1,159,0.19037110003485758,2.9620268044737236e-07,0.04275886472959845,0.7668697390328632,25,20,10
1,160,0.19654428907350174,2.973562539984686e-07,0.031096380752041207,0.7723590328182027,25,20,10
1,161,0.16879223307261415,1.2474812021526031e-08,0.04360350504072057,0.7876042494118534,25,20,10
1,162,0.10779843486367452,0.02322583515514737,0.08422286129942319,0.7847528686817563,25,20,10
1,163,0.10661001213641981,0.03946172718206695,0.07293082253250205,0.7809974381490105,25,20,10
1,164,0.07197492165083084,0.03994072645814044,0.10540306938092782,0.7826812825101009,25,20,10
1,165,0.08361260136066109,0.03988485039950569,0.11520469238446047,0.7612978558553714,25,20,10
1,166,0.08336418670823685,0.03994360833558766,0.13461677705021471,0.7420754279059636,25,20,10
1,167,0.05288458814706462,0.03992608611672448,0.14904451906222238,0.758144806673988,25,20,10
1,168,0.05975581189386965,0.01417571331263166,0.16680083050769973,0.7592676442858,25,20,10
1,169,0.126353290009987,0.0399800315489343,0.07424796393773736,0.7594187145033405,25,20,10
1,170,0.1203748244829266,0.03997106016473001,0.08000738908406001,0.7596467262682816,25,20,10
1,171,0.1205471420964829,0.03997106015611627,0.07961288145146334,0.7598689162959366,25,20,10
1,172,0.11937751026011055,0.03997227650956361,0.04224181795760883,0.7984083952727155,25,20,10
1,173,0.10498300659038343,0.03822760697654238,0.06881228040359377,0.7879771060294803,25,20,10
1,174,0.15304226367114165,0.0382259208530536,0.05084928298053943,0.757882532495265,25,20,10
1,175,0.07905367439771761,0.03993780895392882,0.033534645994240615,0.8474738706541107,25,20,10
1,176,0.052860941907556275,0.03824575883504938,0.023240835336547014,0.8856524639208465,25,20,10
1,177,0.05278781309269873,0.03990937926669118,0.066426612382739,0.840876195257871,25,20,10
1,178,0.057397861656506816,0.024547451676887544,0.09723323443893722,0.820821452227669,25,20,10
1,179,0.06659741279072645,0.03823506621193878,0.07431911544391168,0.8208484055534219,25,20,10
1,180,0.07794341094255794,0.014129648938633603,0.06983769518532273,0.838089244933485,25,20,10
1,181,0.07784717912736915,0.039955079807472614,0.0977587934376747,0.7844389476274836,25,20,10
1,182,0.09281421347847889,0.03869978665471992,0.08358292216009607,0.7849030777067059,25,20,10
1,183,0.08060519450468305,0.03994854371062951,0.13161167418748557,0.7478345875972017,25,20,10
1,184,0.07550868454793835,0.03994854761717979,0.12075787192708494,0.763784895907801,25,20,10
1,185,0.0993254139899693,0.03784432430227371,0.0695346140847133,0.7932956476230434,25,20,10
1,186,0.07857717436690274,0.03769358762275277,0.09056975600625941,0.793159482004086,25,20,10
1,187,0.08187123327268435,0.03993958244349206,0.0767114385383628,0.8014777457454606,25,20,10
1,188,0.0701977441511491,0.03995034863456045,0.08756766540129708,0.8022842418129922,25,20,10
1,189,0.07005089134984537,1.9255777784237645e-05,0.12844804834968737,0.801481804522684,25,20,10
1,190,0.08032040995569549,2.9432763923418246e-05,0.12130337895195216,0.7983467783284298,25,20,10
1,191,0.09425020831640685,1.441454805562236e-05,0.10867271658710508,0.7970626605484321,25,20,10
1,192,0.05660768782433733,0.009365767050763078,0.13752418629336088,0.7965023588315375,25,20,10
1,193,0.09877332317399772,0.03997666650348088,0.06873080637005846,0.792519203952463,25,20,10
1,194,0.07739156324382308,0.024584179020765384,0.10603925612246032,0.7919850016129505,25,20,10
1,195,0.060912825796189,0.04001540726996816,0.11319290443947207,0.7858788624943728,25,20,10
1,196,0.007835856549819838,0.03993201686233636,0.1663660132517652,0.7858661133360789,25,20,10
1,197,0.027715305649025614,0.00027161694415595743,0.19170013960546992,0.7803129378013494,25,20,10
1,198,0.04493625332248686,0.008217216945888124,0.14956349638849184,0.7972830333431361,25,20,10
1,199,0.12740733730192652,1.969701796125459e-05,0.0796285999546184,0.7929443657254923,25,20,10
1,200,0.13239526438083804,0.023192249050363208,0.06818775731098774,0.7762247292578098,25,20,10
1,201,0.13752648410078142,0.038228715540269874,0.0268029227134092,0.7974418776455391,25,20,10
1,202,0.15577477197448567,0.03997026350478376,0.011778642164821851,0.7924763223559097,25,20,10
1,203,0.1565677315042166,0.03995518074164594,0.011904204629319386,0.7915728831248172,25,20,10
1,204,0.15734712757265262,0.039955180638426714,0.01131464442781847,0.791383047361101,25,20,10
1,205,0.10763505959625932,0.039952253728623266,0.05851335854726213,0.7938993281278541,25,20,10
1,206,0.14936132870404242,0.03995222514529592,0.0121170059958586,0.7985694401548022,25,20,10
1,207,0.15064887396392274,0.03995206424498855,0.010970389723401528,0.7984286720676859,25,20,10
1,208,0.16005763388868258,2.6830876517957118e-08,0.04172993900736215,0.7982124002730783,25,20,10
1,209,0.12673135084260465,9.89069548626756e-07,0.07483402770513839,0.7984336323827079,25,20,10
1,210,0.12004102114134894,2.020157574757854e-07,0.08092439021313425,0.7990343866297607,25,20,10
1,211,0.09236739866405114,1.0794056617589659e-09,0.12083124884647094,0.7868013514100728,25,20,10
1,212,0.11552305321705975,2.3147939466769022e-07,0.10510518282075397,0.7793715324827916,25,20,10
1,213,0.1174447473132228,3.918850743158794e-11,0.08503023271128787,0.7975250199363002,25,20,10
1,214,0.15241768813745352,5.199571088881101e-10,0.04941845554356844,0.7981638557990206,25,20,10
1,215,0.1557564156520548,3.239061090106025e-07,0.051312693728498456,0.7929305667133374,25,20,10
1,216,0.15880069788283643,1.2055016526287241e-05,0.05599772921324295,0.7851895178873949,25,20,10
1,217,0.1524904437297496,1.4298081011396307e-05,0.055918286172915915,0.7915769720163239,25,20,10
1,218,0.1460260862416484,1.4294774165230525e-05,0.05529976522278066,0.7986598537614061,25,20,10
1,219,0.13268851880138097,4.818624019603513e-07,0.08297477499291107,0.7843362243433043,25,20,10
1,220,0.1323185463511836,4.822955644365665e-07,0.08355395601000806,0.7841270153432432,25,20,10
1,221,0.12469370349992398,0.00036956148031693864,0.0953220676767877,0.7796146673429745,25,20,10
1,222,0.13815431837189845,5.983258315023981e-07,0.04621427252946261,0.8156308107728069,25,20,10
1,223,0.15672180802891028,1.7620771217254712e-07,0.02959184734978955,0.8136861684135874,25,20,10
1,224,0.132078681146232,1.312319783185051e-07,0.03348945101525288,0.8344317366065366,25,20,10
1,225,0.08579084170186813,4.69162893774577e-08,0.08883261277005436,0.8253764986117895,25,20,10
1,226,0.07880468695052449,4.715740598303412e-08,0.0815710938368929,0.8396241720551773,25,20,10
1,227,0.0862336886688854,4.800549715232266e-08,0.11686332883027431,0.7969029344953437,25,20,10
1,228,0.04995618191650133,1.3807930201478844e-06,0.14937156052931277,0.8006708767611695,25,20,10
1,229,0.07538826177966991,8.9503201259078e-07,0.130160430809062,0.7944504123792585,25,20,10
1,230,0.08030866724685196,2.067607357882184e-09,0.14430935493038452,0.7753819757551593,25,20,10
1,231,0.10599161605693473,5.530052189447518e-10,0.09551267128975822,0.7984957121003036,25,20,10
1,232,0.1504174686464033,3.263464125149071e-07,0.050884072572899265,0.798698132434284,25,20,10
1,233,0.08185584760059104,2.0882101884537485e-07,0.12589248080908907,0.7922514627693031,25,20,10
1,234,0.12105266648872126,1.3702136317930497e-05,0.09585613656788469,0.7830774948070774,25,20,10
1,235,0.12176663475456534,1.3702761295548959e-05,0.07988374034117288,0.7983359221429659,25,20,10
1,236,0.0892693359334473,0.002398589947491306,0.10844841725134118,0.799883656867722,25,20,10
1,237,0.12018684988725843,5.347772675564535e-08,0.08158375596938733,0.7982293406656289,25,20,10
1,238,0.12079474324749988,2.6131266732651584e-07,0.08046804831692037,0.798736947122912,25,20,10
1,239,0.1213866237643712,4.2049257046094843e-07,0.04053567140802862,0.8380772843350283,25,20,10
1,240,0.11670415294647485,0.0007919610227707528,0.04414277139633361,0.8383611146344182,25,20,10
1,241,0.11490298185517149,0.0007917500136734897,0.05691458674313641,0.8273906813880181,25,20,10
1,242,0.11101941711192717,1.3381390025316326e-09,0.09184609848756399,0.7971344830623692,25,20,10
1,243,0.12005130592557885,1.1054223533816624e-09,0.09670876237026768,0.7832399305987313,25,20,10
1,244,0.15754715538169667,1.0172447082822908e-06,0.04348094915309013,0.7989708782205044,25,20,10
1,245,0.13501058502161042,1.0202808035817324e-06,0.11187352578887935,0.7531148689087063,25,20,10
1,246,0.15604096927906558,2.2525993090379694e-07,0.04566741833855036,0.7982913871224515,25,20,10
1,247,0.17007477500876436,8.934774052741368e-09,0.03092058323752183,0.7990046328189383,25,20,10
1,248,0.198384107433356,5.05877243303621e-09,0.0029117356027626245,0.7987041519051082,25,20,10
1,249,0.1604694156725592,2.881673656498222e-08,0.04100556081334739,0.7985249946973569,25,20,10
1,250,0.15974879788987062,1.4588470801016469e-08,0.04189172981193622,0.7983594577097213,25,20,10
1,251,0.15903430456880005,1.4077794516570856e-08,0.04218994488502463,0.7987757364683793,25,20,10
1,252,0.12355352214983391,1.9836335333963032e-05,0.08000978028296675,0.7964168612318637,25,20,10
1,253,0.15653267644406416,8.05922809961063e-09,0.04469238662563101,0.7987749288710754,25,20,10
1,254,0.12500635381637257,1.7758296755823467e-09,0.08714425139585018,0.7878493930119493,25,20,10
1,255,0.0919964931686158,2.1081147723207926e-08,0.12038844390613218,0.7876150418441044,25,20,10
1,256,0.07989195083835018,2.3439974232461845e-08,0.12106654836103431,0.7990414773606431,25,20,10
1,257,0.10586209792588795,2.61465732815293e-07,0.09575587349369365,0.7983817671146868,25,20,10
1,258,0.10044557994031506,4.3083553709302526e-07,0.09518855285038695,0.8043654363737602,25,20,10
1,259,0.10404071659214299,1.6907515528410863e-06,0.1013087504459115,0.7946488422103916,25,20,10
1,260,0.10922294151707325,8.656540979818949e-08,0.09650417149129749,0.7942728004262211,25,20,10
1,261,0.09880396568045774,0.0011165186713792687,0.15694762691029418,0.7431318887378702,25,20,10
1,262,0.08356908895760785,1.9798546789235176e-05,0.15730831986202903,0.7591027926335774,25,20,10
1,263,0.15327541179183016,1.1491290913880773e-07,0.08819091801615697,0.7585335552791047,25,20,10
1,264,0.1633256258601187,1.7294823632564142e-06,0.07759508983871267,0.7590775548188061,25,20,10
1,265,0.18582286040774051,1.2271361469106615e-06,0.05527565574862911,0.7589002567074834,25,20,10
1,266,0.18075561508105265,8.589348086521012e-08,0.06080223263590437,0.7584420663895614,25,20,10
1,267,0.1838901004217329,6.926202963339342e-09,0.06886188679505235,0.7472480058570113,25,20,10
1,268,0.19887031947710657,6.492809293308022e-09,0.06015019675532113,0.7409794772747622,25,20,10
1,269,0.19998676391290673,1.5678571394241326e-06,0.04153470982112917,0.7584769584088246,25,20,10
1,270,0.20277946269542746,1.5658411169035728e-06,0.03823172824392617,0.7589872432195287,25,20,10
1,271,0.16314082820682452,1.6270370974933696e-06,0.07738472701225975,0.7594728177438175,25,20,10
1,272,0.18982785056053356,0.00011485503575322083,0.05143988031175998,0.758617414091952,25,20,10
1,273,0.20105773501313165,1.0430655659081994e-08,0.045773437820155215,0.7531688167360564,25,20,10
1,274,0.1998527558867676,3.703269676879965e-05,0.04150609061170641,0.7586041208047574,25,20,10
1,275,0.18694653881886975,4.055402734895978e-05,0.053914773045009544,0.7590981341087709,25,20,10
1,276,0.15461326695428532,1.3899356805561356e-05,0.08621274129647985,0.7591600923924294,25,20,10
1,277,0.19578287497425736,1.3712108747983776e-05,0.045452925141264984,0.7587504877757287,25,20,10
1,278,0.1957126281126868,9.452573991710329e-07,0.045377686522838696,0.7589087401070751,25,20,10
1,279,0.17244223769520584,1.4377966482718427e-05,0.06902422540448055,0.7585191589338314,25,20,10
1,280,0.12237702193309179,7.50224129223736e-05,0.1183865280085736,0.7591614276454136,25,20,10
1,281,0.1407876814740196,4.132321938507435e-10,0.10031800996020433,0.7588943081525455,25,20,10
1,282,0.1469268991274017,2.381900239726174e-08,0.09914372039673022,0.7539293566568671,25,20,10
1,283,0.1171239138339193,1.132290285601058e-05,0.12809631423749537,0.7547684490257305,25,20,10
1,284,0.1417243646849813,2.3880606159294823e-08,0.09991515173325725,0.758360459701155,25,20,10
1,285,0.18097039885906369,3.667882254831546e-08,0.06057330322503758,0.7584562612370752,25,20,10
1,286,0.1520465948317656,5.827197830993652e-10,0.0899040238289516,0.7580493807565631,25,20,10
1,287,0.1950543957606747,1.7744075671050848e-08,0.04781046085007356,0.7571351256451766,25,20,10
1,288,0.1958299760760153,1.911241490335058e-05,0.045812914658940974,0.7583379968501398,25,20,10
1,289,0.18257997976934995,1.9756034012432324e-05,0.05939161250017918,0.7580086516964581,25,20,10
1,290,0.17619260326825753,1.9743216341386056e-05,0.06516396936654942,0.7586236841488518,25,20,10
1,291,0.13544160889052953,2.0495117496051137e-05,0.09281970816736546,0.7717181878246104,25,20,10
1,292,0.1337963055328749,1.3514833271015464e-06,0.07154757859353453,0.7946547643902622,25,20,10
1,293,0.1928686506578217,5.971462919305023e-07,0.04926523748750413,0.7578655147083818,25,20,10
1,294,0.19517688664625388,1.1527040993400792e-05,0.04673795324777744,0.7580736330649761,25,20,10
1,295,0.13645743240241015,0.01624287490717056,0.08906960676414066,0.7582300859262807,25,20,10
1,296,0.15750005049243462,0.03824848546762393,0.051172005905087366,0.7530794581348539,25,20,10
1,297,0.14168526665566847,0.03823496076412378,0.07326069681067783,0.7468190757695291,25,20,10
1,298,0.1101402862881325,0.03992524184043554,0.09256032925321608,0.757374142618216,25,20,10
1,299,0.1334270844055002,0.039955135953659335,0.07184461332076238,0.7547731663200778,25,20,10
1,300,0.1686570075804176,0.038739236616912136,0.03420837158503332,0.7583953842176371,25,20,10
1,301,0.1569827798551579,0.038230683805706,0.051327361057157364,0.7534591752819791,25,20,10
1,302,0.16110602659616688,0.0393562449828974,0.040448221188903684,0.7590895072320316,25,20,10
1,303,0.15827338446092085,0.03825927535978182,0.08498208388377203,0.7184852562955322,25,20,10
1,304,0.1394340655639912,0.03825998946449046,0.1038848222899082,0.7184211226816122,25,20,10
1,305,0.13979362485775243,0.02455181585414736,0.07826593830607612,0.7573886209820226,25,20,10
1,306,0.1308716227304401,0.021132427072625366,0.08781404070319841,0.7601819094937358,25,20,10
1,307,0.14899852807190278,0.021112394729279404,0.07136151909112104,0.7585275581076961,25,20,10
1,308,0.11234721211636449,0.03993988974922718,0.09017620938210147,0.7575366887523096,25,20,10
1,309,0.12435190015455891,0.0399445633590144,0.12010512692785526,0.7155984095585715,25,20,10
1,310,0.10938107232099173,0.03997207347589769,0.14598361867649562,0.7046632355266172,25,20,10
1,311,0.11538823432916052,0.03993993761001847,0.12599132512889633,0.7186805029319278,25,20,10
1,312,0.11556270597492256,0.038368677365807,0.12846689828070482,0.7176017183785658,25,20,10
1,313,0.09334051873832387,0.0394246391672128,0.14868834515108637,0.7185464969433785,25,20,10
1,314,0.12866890784499033,0.03860312395441716,0.11458628499420334,0.7181416832063902,25,20,10
1,315,0.15801458832516901,0.011233393919388834,0.11215988628984537,0.7185921314655989,25,20,10
1,316,0.16220743285304257,0.011233403651281249,0.10886888939875237,0.7176902740969239,25,20,10
1,317,0.1508719073532411,0.03996268343316051,0.09526114012362577,0.7139042690899738,25,20,10
1,318,0.1575350326956576,0.03998463893069003,0.11891625532792008,0.6835640730457329,25,20,10
1,319,0.20317358701241414,0.011225424476825945,0.07951270897516205,0.7060882795355965,25,20,10
1,320,0.1972872597724439,0.039932183089179056,0.058334656059211544,0.7044459010791649,25,20,10
1,321,0.19837415152880486,0.039932186916901216,0.056957153208662084,0.7047365083456314,25,20,10
1,322,0.160634730886081,0.03992764234198099,0.08003450563966627,0.7194031211322729,25,20,10
1,323,0.14664464268489763,0.0399278989226612,0.09404962254712577,0.7193778358453173,25,20,10
1,324,0.15263606962076895,0.0399768002347543,0.06849890096587093,0.7388882291786047,25,20,10
1,325,0.12335200172329217,0.03760298850067544,0.09767990882965036,0.7413651009463852,25,20,10
1,326,0.09316619103690893,0.039829620464981064,0.10810745402854456,0.7588967344695681,25,20,10
1,327,0.10995980645106095,0.039829637813954016,0.09217849817438932,0.758032057560595,25,20,10
1,328,0.09520122843761052,0.03997758450165054,0.12108929481514247,0.7437318922455962,25,20,10
1,329,0.09724964302206718,0.014128158040111659,0.14382914409664876,0.7447930548411708,25,20,10
1,330,0.0973458368992144,0.03992529406693277,0.1040123047418988,0.758716564291954,25,20,10
1,331,0.08150557472542848,0.0010768592215780529,0.1582644028089092,0.7591531632440863,25,20,10
1,332,0.10827591043152067,1.740798345987051e-05,0.12842498183851508,0.763281699746506,25,20,10
1,333,0.08861844786573071,1.918238148314121e-05,0.14759794927032333,0.7637644204824645,25,20,10
1,334,0.08623723320072249,2.2192403236849584e-06,0.16923583333137837,0.7445247142275797,25,20,10
1,335,0.04365289692020692,0.000778610561194722,0.2369865579052674,0.7185819346133308,25,20,10
1,336,0.054403185398142574,1.5738812167343436e-05,0.22611513467406566,0.7194659411156248,25,20,10
1,337,0.04733453251719969,6.722588074048187e-05,0.23359071615177482,0.7190075254502847,25,20,10
1,338,0.1300556779155704,6.539473680299956e-05,0.15118458300785606,0.7186943443397726,25,20,10
1,339,0.17104960103760328,6.53807102646643e-05,0.10978010700907018,0.7191049112430623,25,20,10
1,340,0.17831043063573973,8.615916682696189e-07,0.10719788109044101,0.7144908266821526,25,20,10
1,341,0.20488855355894006,1.9828784098060672e-07,0.07622892797270521,0.7188823201805131,25,20,10
1,342,0.14528716501783126,2.8645395312879574e-08,0.1354332512140577,0.7192795551227182,25,20,10
1,343,0.22531614716212645,2.12736002232266e-08,0.055781398387140996,0.718902433177132,25,20,10
1,344,0.2224560276174955,2.2629480868278576e-08,0.07831291406403165,0.6992310356889914,25,20,10
1,345,0.14588268111377128,2.5559269450169683e-08,0.15398463145376515,0.7001326618731973,25,20,10
1,346,0.1314327003417972,6.23523096880479e-09,0.16148816219319176,0.7070791312297797,25,20,10
1,347,0.13122337299029296,3.601807135044788e-06,0.1612220364203997,0.7075509887821727,25,20,10
1,348,0.17780926050430299,2.5889687380300175e-07,0.11607150664321467,0.7061189739556107,25,20,10
1,349,0.17993436893026962,1.3028825381881722e-06,0.10247522154731778,0.7175891066398767,25,20,10
1,350,0.20772807632341908,1.4891315434934928e-08,0.11526215072885435,0.6770097580564152,25,20,10
1,351,0.22107852934522568,7.1345644668500595e-09,0.10012765246019947,0.6787938110600122,25,20,10
1,352,0.22741902577725054,1.2408591083679147e-08,0.0996655182507624,0.6729154435633963,25,20,10
1,353,0.182804431726933,2.1892669645540065e-05,0.16107179242544248,0.656101883177978,25,20,10
1,354,0.16267200952696792,3.7515937749140654e-08,0.18279420745976385,0.6545337454973335,25,20,10
1,355,0.18389564178642887,3.2503256263185055e-07,0.1553029440710145,0.660801089109996,25,20,10
1,356,0.23755972732836092,6.262668009537015e-08,0.0904575904809858,0.671982619563973,25,20,10
1,357,0.24912147398680035,6.209058708668795e-08,0.09027129511798933,0.6606071688046242,25,20,10
1,358,0.20016859185625166,1.8747488423097092e-08,0.12123645531714156,0.6785949340791204,25,20,10
1,359,0.19074917143092496,2.936617300077205e-05,0.1306540619288183,0.6785674004672587,25,20,10
1,360,0.2007411973342425,1.4804024558080582e-07,0.1262532038392597,0.6730054507862545,25,20,10
1,361,0.2098006553841627,0.0004508795352092988,0.1165958061621442,0.6731526589184869,25,20,10
1,362,0.23052302357520102,0.0004556425116873707,0.09264866773254965,0.6763726661805629,25,20,10
1,363,0.19979525994941688,2.400500909713485e-07,0.11727063172902166,0.6829338682714732,25,20,10
1,364,0.22931560587757524,3.4717411498659295e-08,0.09146588762008809,0.6792184717849262,25,20,10
1,365,0.18384307629168414,1.5331437054814183e-08,0.13740703345204108,0.6787498749248367,25,20,10
1,366,0.22386929668463648,3.9881442226276534e-08,0.05718434314344342,0.7189463202904779,25,20,10
1,367,0.21255951895688288,1.3928786918720689e-08,0.06792690645272219,0.7195135606616073,25,20,10
1,368,0.2096191234832653,3.5089538428097315e-07,0.10247314331133177,0.6879073823100212,25,20,10
1,369,0.17522100960255915,2.1225590872547048e-05,0.14548327916694356,0.6792744856396279,25,20,10
1,370,0.1755292016776346,0.03993831022871972,0.10604240638898182,0.6784900817046655,25,20,10
1,371,0.14283800147141906,0.03991764326961288,0.09805040734138391,0.7191939479175844,25,20,10
1,372,0.12882913608168078,0.03870696459950247,0.11048946832986065,0.7219744309889576,25,20,10
1,373,0.11060488612002821,0.03992703424203247,0.13054912411759537,0.7189189555203455,25,20,10
1,374,0.047440489031845,0.010783737491114687,0.1931152477144278,0.7486605257626131,25,20,10
1,375,0.0484222226897251,0.014149384967546657,0.18344666528386186,0.7539817270588675,25,20,10
1,376,0.06167737277040172,0.03991599462048097,0.13890009132414954,0.7595065412849705,25,20,10
1,377,0.09498648440622308,0.03992866267002262,0.1465876209092395,0.7184972320145184,25,20,10
1,378,0.13359129642051235,0.03954227434626165,0.10737046549434036,0.7194959637388868,25,20,10
1,379,0.16367555170451578,0.03954722521871288,0.07774121300041657,0.7190360100763545,25,20,10
1,380,0.15900269671293127,0.03954809556286646,0.08241727940768293,0.7190319283165195,25,20,10
1,381,0.15819139057764925,0.03953549291175544,0.08324163356657857,0.7190314829440166,25,20,10
1,382,0.19950216043165434,0.03996022611626135,0.042150755309294775,0.7183868581427891,25,20,10
1,383,0.20126735840510482,0.00040219360245229244,0.08059467632989405,0.7177357716625501,25,20,10
1,384,0.19965909803714588,0.00040220827330226806,0.08111012230943002,0.7188285713801231,25,20,10
1,385,0.1991210578554138,3.807737158968494e-08,0.08216134883537961,0.7187175552318394,25,20,10
1,386,0.1926238577114354,3.1075163330748497e-07,0.08893247405575065,0.7184433574811827,25,20,10
1,387,0.09939038154403997,0.0006517076809702909,0.18624838506501287,0.7137095257099759,25,20,10
1,388,0.09526241043204879,3.009947501873879e-06,0.15108028737748735,0.7536542922429627,25,20,10
1,389,0.12249550732941536,2.94043620637723e-07,0.12438333538600216,0.7531208632409662,25,20,10
1,390,0.14572582233819747,2.8678309899992525e-07,0.10184631264588306,0.752427578232823,25,20,10
1,391,0.17723151940099469,0.0009530075707880781,0.06252552307483804,0.7592899499533777,25,20,10
1,392,0.16012607656323044,0.03990202925178629,0.03890030256034144,0.7610715916246407,25,20,10
1,393,0.15455376007332564,0.0407922167851792,0.0453989531113492,0.7592550700301463,25,20,10
1,394,0.12267019748831276,0.04079221734757549,0.0790446343532135,0.7574929508108967,25,20,10
1,395,0.1190980688615802,0.03990919281476697,0.09386090776272242,0.747131830560933,25,20,10
1,396,0.1550347599910813,0.0008967215039509403,0.09867268265956079,0.7453958358454084,25,20,10
1,397,0.1396303934613373,4.329776629846522e-06,0.10844455655306465,0.7519207202089692,25,20,10
1,398,0.14097317408548857,0.00047267301810845994,0.13880367583448217,0.7197504770619253,25,20,10
1,399,0.14364788867338985,0.008558568307731683,0.14331534148457428,0.7044782015343057,25,20,10
1,400,0.12988510290506045,4.190990488857317e-06,0.16404110421341112,0.7060696018910393,25,20,10
1,401,0.1587376678744251,1.483071965841982e-08,0.1212304858554269,0.7200318314394295,25,20,10
1,402,0.147063725262274,2.0630886655673074e-05,0.1283531061029814,0.7245625377480884,25,20,10
1,403,0.13795355543401766,2.0342441111486252e-05,0.1059813547513921,0.7560447473734803,25,20,10
1,404,0.14847546217169577,3.560817857281762e-07,0.09332611712631372,0.7581980646202059,25,20,10
1,405,0.14720711384865548,1.7227268535364226e-05,0.09416365250305223,0.758612006379756,25,20,10
1,406,0.11126752732090185,0.039817101950513335,0.1019597715764303,0.7469555991521577,25,20,10
1,407,0.12010551423137075,0.039817102639655114,0.08109378762174269,0.758983595507231,25,20,10
1,408,0.08360381309467367,0.04013522309903315,0.1729433761031889,0.7033175877031053,25,20,10
1,409,0.04596041853684583,0.041206628695385855,0.20582037758481014,0.7070125751829568,25,20,10
1,410,0.10604785492101215,0.04065657663988396,0.13391902464320554,0.7193765437959,25,20,10
1,411,0.0972524172050292,0.06528362268961428,0.11936502943458391,0.7180989306707757,25,20,10
1,412,0.08804943017967232,0.07962583336303518,0.1271296932491234,0.7051950432081705,25,20,10
1,413,0.08828047493349764,0.0799322403262993,0.09231770686969196,0.7394695778705137,25,20,10
1,414,0.12595846322276458,0.07992991120558143,0.03694822814832532,0.757163397423328,25,20,10
1,415,0.13985721014706148,0.0799165311057635,0.02176263144233045,0.7584636273048434,25,20,10
1,416,0.1510586587054651,0.07819600724625116,0.011650155631004078,0.7590951784172796,25,20,10
1,417,0.10417297162826257,0.0799711989225255,0.06173390653675871,0.7541219229124535,25,20,10
1,418,0.0693387842396749,0.07994438197870422,0.09747780116003496,0.7532390326215854,25,20,10
1,419,0.08961435678286989,0.07892536041797238,0.0857026317890714,0.7457576510100863,25,20,10
1,420,0.12093732328266198,0.040243631453416376,0.08537947921403825,0.7534395660498875,25,20,10
1,421,0.12072507095536823,0.04073952372916947,0.0851118267730133,0.7534235785424507,25,20,10
1,422,0.14227221248520286,0.039961478632215,0.07926045379883362,0.7385058550837487,25,20,10
1,423,0.1084925956096944,0.03861275829604344,0.10432754247252514,0.748567103621738,25,20,10
1,424,0.15855766258598333,0.03861277090823225,0.058563365538514135,0.7442662009672688,25,20,10
1,425,0.12032397474132905,0.03826838627839659,0.13375973344910344,0.7076479055311704,25,20,10
1,426,0.06527550957234132,0.038382744974602756,0.188054153200049,0.7082875922530079,25,20,10
1,427,0.06637398027593924,0.03825394418369915,0.1723735460211386,0.7229985295192246,25,20,10
1,428,0.12881339746405068,0.03825403281410397,0.11339684566388249,0.7195357240579644,25,20,10
1,429,0.1455550991989424,0.02156158144747312,0.11469171709247164,0.7181916022611137,25,20,10
1,430,0.11649871903123002,0.03949218074592192,0.12573960308633403,0.7182694971365156,25,20,10
1,431,0.15472085385593712,0.039491772117536024,0.08677213225422968,0.7190152417722976,25,20,10
1,432,0.15610441156098454,0.03949214761531625,0.1277205219920524,0.6766829188316481,25,20,10
1,433,0.1426874189766444,0.03997348593472547,0.15200561884832475,0.6653334762403053,25,20,10
1,434,0.1598219374224419,0.03996217513118866,0.14015612199112049,0.6600597654552526,25,20,10
1,435,0.15684909020616655,0.019494941897439385,0.1555785056036701,0.6680774622927268,25,20,10
1,436,0.17634141085305863,0.03933330679024174,0.07001296211597205,0.7143123202407277,25,20,10
1,437,0.20094527160658515,0.03994537943041967,0.04762790655302692,0.711481442409968,25,20,10
1,438,0.1895572913753015,0.039945365421645534,0.05277579204244901,0.7177215511606037,25,20,10
1,439,0.13465696744693864,0.03873962535369622,0.10736606038672246,0.7192373468126442,25,20,10
1,440,0.17115886825286275,0.03873016846330529,0.0936001850005277,0.6965107782833061,25,20,10
1,441,0.19220785492021844,0.038248272625865984,0.0735211889404097,0.696022683513506,25,20,10
1,442,0.13908452735107224,0.038248273053181375,0.10341471930135049,0.719252480294396,25,20,10
1,443,0.12404554213816199,0.03998711292298246,0.11724360708384911,0.7187237378550074,25,20,10
1,444,0.1540729529663245,0.03823905850536537,0.08887155348319326,0.7188164350451192,25,20,10
1,445,0.15264878598902176,0.012303327563918172,0.11658207610597306,0.7184658103410877,25,20,10
1,446,0.12566412240533043,0.011218258400768732,0.15111135174545776,0.7120062674484431,25,20,10
1,447,0.057082590150202256,0.021231079328149494,0.20923980291297753,0.7124465276086692,25,20,10
1,448,0.0637904214434727,0.013879116434319825,0.20955479714075914,0.7127756649814523,25,20,10
1,449,0.140035278139321,0.03825972398311237,0.10925100554402657,0.7124539923335399,25,20,10
1,450,0.13598060361192413,0.038263771520328116,0.10652674518076881,0.7192288796869781,25,20,10
1,451,0.10930689743685011,0.03874042574664979,0.14679725975925875,0.7051554170572427,25,20,10
1,452,0.12238311473986055,0.0387147317996942,0.1336693962991181,0.705232757161328,25,20,10
1,453,0.1724746814897961,0.038714704340872264,0.10644408082927236,0.6823665333400585,25,20,10
1,454,0.13995111833518203,0.052375816035085204,0.1288856249474925,0.6787874406822445,25,20,10
1,455,0.20175481758003286,0.039977059249512614,0.08068050875385842,0.6775876144165983,25,20,10
1,456,0.23201152034123226,0.039973003930536294,0.04677814395997931,0.681237331768252,25,20,10
1,457,0.19615315662417143,0.03861913591794211,0.14191399793808607,0.623313709519802,25,20,10
1,458,0.20994386160159773,0.03861071602502517,0.1422018094227607,0.609243612950619,25,20,10
1,459,0.17273425410214327,0.03995093389304822,0.16871434962983453,0.618600462374978,25,20,10
1,460,0.22012392886936724,0.0399772388708043,0.12137383548337928,0.6185249967764512,25,20,10
1,461,0.22508673760293788,0.039977446442120826,0.09751596477758878,0.6374198511773534,25,20,10
1,462,0.16622105501259785,0.0020870567372922055,0.19858567628451065,0.6331062119656,25,20,10
1,463,0.1261930472482774,0.0020880849274025172,0.25271608131652107,0.6190027865077949,25,20,10
1,464,0.13929295424360805,0.016428927708199866,0.2056080970901559,0.6386700209580358,25,20,10
1,465,0.18194729559245088,0.03995354987006834,0.15572158348186702,0.622377571055614,25,20,10
1,466,0.21279967487135187,0.03995287433549002,0.1431815542646321,0.6040658965285286,25,20,10
1,467,0.22001173495427864,0.039952819306331835,0.14691020610414296,0.593125239635249,25,20,10
1,468,0.1539189161125648,0.03870355213147439,0.207877849613532,0.5994996821424262,25,20,10
1,469,0.15021925229651237,0.011233642427391452,0.2393718889668256,0.5991752163092694,25,20,10
1,470,0.16385878406636145,0.03873945146351013,0.19808877767040975,0.5993129867997182,25,20,10
1,471,0.21861898401651442,0.01414871021129171,0.16816977197170652,0.5990625338004881,25,20,10
1,472,0.23993780606438522,0.014168068161828746,0.146802694018432,0.5990914317553548,25,20,10
1,473,0.22731216348122021,0.021228769871845778,0.15238721022539836,0.5990718564215372,25,20,10
1,474,0.2721974807975819,0.01849138937954283,0.11165170888879854,0.5976594209340776,25,20,10
1,475,0.22966055315345152,0.02194822109104779,0.15628592309018152,0.5921053026653194,25,20,10
1,476,0.2500559987107411,0.03043264159953693,0.13238626489908226,0.5871250947906402,25,20,10
1,477,0.2232612941396209,0.040000020705286445,0.14559893854874087,0.5911397466063526,25,20,10
1,478,0.20710226181709504,0.03998019259364813,0.1541112852314794,0.5988062603577818,25,20,10
1,479,0.24401980875989848,0.03997654166152063,0.11582865898799767,0.6001749905905858,25,20,10
1,480,0.26522704211704407,0.03997664773790886,0.056286256733681615,0.6385100534113652,25,20,10
1,481,0.27675710780492657,0.021198680948023404,0.06413044345420166,0.637913767792848,25,20,10
1,482,0.21241902723254721,0.014163124309462928,0.13647437314069044,0.6369434753173024,25,20,10
1,483,0.21043691324267594,0.014161950727899395,0.13783011304394094,0.637571022985486,25,20,10
1,484,0.2947890833373437,0.014161815862346187,0.054552444275045395,0.6364966565252644,25,20,10
1,485,0.2851544381627738,0.039976680163775674,0.0370423773794451,0.6378265042940058,25,20,10
1,486,0.3159118312873835,0.03997690829466639,0.005109721516535905,0.6390015389014142,25,20,10
1,487,0.3069789183012428,0.039942764180058626,0.026590202692357602,0.6264881148263415,25,20,10
1,488,0.2792484414912787,0.03994269213616067,0.04777864133552729,0.6330302250370323,25,20,10
1,489,0.2241322005503337,0.039971189012931826,0.07407779033173365,0.6618188201049999,25,20,10
1,490,0.2375249180896278,0.039306806926101584,0.049474372885794766,0.6736939020984757,25,20,10
1,491,0.25283580765757846,0.038260393058526014,0.03079077448513211,0.6781130247987629,25,20,10
1,492,0.25586571692191745,0.03995472501738642,0.026025402434464752,0.6781541556262307,25,20,10
1,493,0.2664665761385097,0.03995506603830204,0.020742944385023047,0.6728354134381653,25,20,10
1,494,0.26268308646329885,0.03995475181272789,0.018939959058571005,0.6784222026654017,25,20,10
1,495,0.2633591567332118,0.02454790239072419,0.044628728365964605,0.6674642125100998,25,20,10
1,496,0.20172683033713873,0.03997018921981571,0.09707499437998768,0.6612279860630594,25,20,10
1,497,0.20657726816019692,0.04005947954091901,0.07536063380916452,0.6780026184897194,25,20,10
1,498,0.22351819320317784,0.014166111826791289,0.08415970657297202,0.6781559883970611,25,20,10
1,499,0.2264147404029038,0.014166111358113423,0.0812862421387529,0.6781329061002316,25,20,10
1,500,0.235146542393453,0.03996559679531377,0.047155542414606844,0.6777323183966253,25,20,10
1,501,0.23401929093050888,0.03996561650447585,0.03605861669611968,0.6899564758688945,25,20,10
1,502,0.18750213869531673,0.03733158988470721,0.0779819497582595,0.6971843216617168,25,20,10
1,503,0.1988485457545896,0.02428645516573388,0.05803195794605605,0.718833041133619,25,20,10
1,504,0.15360626675741093,0.024284402230984877,0.10307062228298436,0.7190387087286219,25,20,10
1,505,0.11260505273634573,0.03876857734274758,0.09081053985561927,0.7578158300652889,25,20,10
1,506,0.08297263060953983,0.03991724248994074,0.11739574610895712,0.7597143807915633,25,20,10
1,507,0.11052580130375038,0.039465965227290865,0.09100300489346948,0.75900522857549,25,20,10
1,508,0.13172749454670907,0.011238354448535685,0.09922488889093933,0.7578092621138165,25,20,10
1,509,0.14534301621025636,0.039977694279679586,0.04824283235717125,0.7664364571528921,25,20,10
1,510,0.13513998866574387,0.03997500415730452,0.05872529751110827,0.7661597096658425,25,20,10
1,511,0.14002950025744057,4.1410351415198175e-06,0.09884396992455131,0.7611223887828699,25,20,10
1,512,0.16306987364736972,4.038980451409749e-06,0.07839813402057948,0.7585279533515978,25,20,10
1,513,0.1330374320525174,4.036565084091691e-06,0.10596829089509249,0.7609902404873072,25,20,10
1,514,0.15206514312609906,4.0268539416260506e-06,0.08974601452234189,0.7581848154976173,25,20,10
1,515,0.19571601654385623,6.433987561569001e-08,0.12283938885371114,0.6814445302625597,25,20,10
1,516,0.15818843465772126,3.3438098115534037e-06,0.15971259834670015,0.6820956231857671,25,20,10
1,517,0.16560670799051233,1.178361280703679e-05,0.15533915164193696,0.6790423567547442,25,20,10
1,518,0.21279138738613482,1.2073709767149252e-05,0.1079384520740094,0.6792580868300889,25,20,10
1,519,0.20482187878170202,1.1975863552829908e-05,0.11537432062654579,0.6797918247281991,25,20,10
1,520,0.17296604088103654,1.3429299351372458e-05,0.15027253074387606,0.6767479990757362,25,20,10
1,521,0.15460628636847695,0.038653368964316745,0.1290775430830704,0.6776628015841369,25,20,10
1,522,0.17909835585229905,0.021694189261076084,0.12045811503886152,0.6787493398477625,25,20,10
1,523,0.18108419776570095,0.021277375320434003,0.1326415202590811,0.6649969066547847,25,20,10
1,524,0.2183257017601864,1.4130239687868112e-06,0.10407128929227152,0.6776015959235739,25,20,10
1,525,0.2615439813887947,5.960083087012613e-09,0.09813922993835708,0.6403167827127659,25,20,10
1,526,0.18455037448715367,1.4581455210870276e-07,0.17643429106478958,0.6390151886335061,25,20,10
1,527,0.21951704504714326,1.5576564932024288e-06,0.1610677003851701,0.6194136969111926,25,20,10
1,528,0.1785858635937213,1.2494128299725784e-06,0.19688162574069232,0.6245312612527562,25,20,10
1,529,0.22443942644011042,0.0004724216626507997,0.14134563213448217,0.6337425197627584,25,20,10
1,530,0.2429221232919526,3.431142460585257e-05,0.09022462808604642,0.666818937197397,25,20,10
1,531,0.25318408855054736,9.293754920229045e-07,0.07134593177546825,0.6754690502984925,25,20,10
1,532,0.29286725259396285,3.1099503711738364e-07,0.023786079928098395,0.6833463564829007,25,20,10
1,533,0.226946328355485,1.2587955890152543e-07,0.09356135428451394,0.679492191480443,25,20,10
1,534,0.2703884786700391,5.688140054720206e-08,0.05101980499445205,0.6785916594541083,25,20,10
1,535,0.1954994446334941,1.671260755417361e-06,0.12632033256177544,0.6781785515439758,25,20,10
1,536,0.2260413194195868,3.6326521116064604e-05,0.09440799301610608,0.679514361043192,25,20,10
1,537,0.24654152831160975,4.754152557077032e-05,0.0740669808406368,0.6793439493221832,25,20,10
1,538,0.27102583529558666,3.473452106460283e-05,0.06391340269237535,0.6650260274909742,25,20,10
1,539,0.2853704255210058,3.499632762063487e-05,0.040645770988989964,0.6739488071623829,25,20,10
1,540,0.25612931775183495,6.500481786883779e-05,0.06924280628502073,0.6745628711452756,25,20,10
1,541,0.26649243443603704,6.47312691141641e-05,0.11173766227756991,0.6217051720172787,25,20,10
1,542,0.27393258204864507,1.7055429224308147e-07,0.10621509431069731,0.6198521530863657,25,20,10
1,543,0.2609202451568641,5.852561438348945e-07,0.11083501795461809,0.6282441516323791,25,20,10
1,544,0.2448504542690977,1.4947177673304933e-08,0.15983668787400396,0.5953128429097215,25,20,10
1,545,0.2555478968374228,6.974268766088339e-07,0.12817139596486737,0.6162800097708361,25,20,10
1,546,0.316501325495037,1.0221852718784034e-07,0.06682206704364069,0.616676505242795,25,20,10
1,547,0.24944360450713288,0.0011904862001402407,0.11704490521611216,0.6323210040766147,25,20,10
1,548,0.19513679867907843,1.2609772550299789e-06,0.1726289240728701,0.6322330162707964,25,20,10
1,549,0.23648595760698585,8.511637348036844e-06,0.1238407531789214,0.639664777576745,25,20,10
1,550,0.26764239790918665,1.0839870238803448e-08,0.09460007971386425,0.6377575115370797,25,20,10
1,551,0.2574740023478847,7.317957232657977e-08,0.10489974524799774,0.6376261792245448,25,20,10
1,552,0.28480720139073507,3.028259824657492e-07,0.07651471130611145,0.6386777844771707,25,20,10
1,553,0.24684479590877648,1.0067297975212471e-07,0.15167221101632924,0.6014828924019154,25,20,10
1,554,0.23497767189767693,7.217259966430644e-05,0.17839053053937767,0.5865596249632821,25,20,10
1,555,0.24111103743727524,3.592836429598983e-08,0.17060397422973994,0.5882849524046228,25,20,10
1,556,0.2444170823478182,6.480054784839194e-08,0.16840013226947945,0.5871827205821551,25,20,10
1,557,0.2805115343215718,0.006678368931952614,0.11409953478070171,0.5987105619657741,25,20,10
1,558,0.3115525616574795,8.905326483385302e-05,0.09551585641740998,0.5928425286602781,25,20,10
1,559,0.21630636673362885,6.275228164665346e-07,0.19118578598894181,0.592507219754613,25,20,10
1,560,0.16935181490597903,2.0927991110117057e-05,0.22754226544840894,0.6030849916545029,25,20,10
1,561,0.15866183005239967,1.842919727182023e-05,0.23722468211995396,0.6040950586303723,25,20,10
1,562,0.11010626416346733,0.00042806750768068413,0.29012593179756707,0.5993397365312848,25,20,10
1,563,0.10732180753202204,2.8421615922558908e-05,0.33386815623776817,0.5587816146142882,25,20,10
1,564,0.11995146992527721,2.096049734351135e-05,0.32090370007638186,0.5591238695009975,25,20,10
1,565,0.1668679621354149,0.0007977567920307502,0.24858244560732598,0.5837518354652265,25,20,10
1,566,0.12150259291700043,0.0005622052546775566,0.249241142054889,0.6286940597734287,25,20,10
1,567,0.16161259295017666,0.0005632410330576118,0.19921927110689552,0.6386048949098708,25,20,10
1,568,0.1797002572263242,3.14162361635102e-06,0.1809840621025135,0.6393125390475494,25,20,10
1,569,0.15324040630192656,0.03826074895102049,0.13094843164677644,0.6775504131002773,25,20,10
1,570,0.20912181647938333,0.03825966528359086,0.07393803760666927,0.6786804806303557,25,20,10
1,571,0.23385581436300526,0.03825993555034132,0.05011522179951892,0.6777690282871347,25,20,10
1,572,0.19367445937302238,0.019469516214702002,0.1145260098016011,0.6723300146106779,25,20,10
1,573,0.22573377573608178,0.0007701641828450029,0.10015240848915527,0.6733436515919192,25,20,10
1,574,0.21148229216729997,0.00037379929432314926,0.11214797107918452,0.6759959374591931,25,20,10
1,575,0.2545152932321601,7.178693207786739e-07,0.06961742826627756,0.6758665606322406,25,20,10
1,576,0.2901239893623934,1.2846614804321685e-05,0.027775662374880102,0.6820875016479221,25,20,10
1,577,0.29060089886954843,1.8541956560602513e-08,0.02700036659673019,0.682398715991765,25,20,10
1,578,0.2780938967515218,1.6366981993428593e-06,0.04266995570891916,0.6792345108413591,25,20,10
1,579,0.2691281800172946,4.8548687569997113e-08,0.05166656121285321,0.6792052102211649,25,20,10
1,580,0.24487917490809172,6.440173635548504e-08,0.0768643180859398,0.6782564426042319,25,20,10
1,581,0.17205874372370902,8.434058776848091e-07,0.14901417123111296,0.6789262416393018,25,20,10
1,582,0.18372568312578713,2.0670272420083474e-07,0.13014127241707318,0.6861328377544161,25,20,10
1,583,0.17507518830250393,0.0005037002224295172,0.1460349813191352,0.6783861301559311,25,20,10
1,584,0.1995606805740221,1.8464473476250723e-06,0.12141443499010092,0.6790230379885309,25,20,10
1,585,0.16298847072755598,1.6284889529055393e-06,0.1576419437149447,0.6793679570685482,25,20,10
1,586,0.09090198351945947,0.0009738770014502063,0.18867387713012107,0.7194502623489702,25,20,10
1,587,0.0904795853913306,0.0007879462582481007,0.19047370194099564,0.7182587664094242,25,20,10
1,588,0.07419848637957324,0.0004146095361710742,0.20704998729037538,0.7183369167938793,25,20,10
1,589,0.09378653100865396,1.5855223629374956e-06,0.18711709150097827,0.7190947919680053,25,20,10
1,590,0.08474485355988585,9.735131717368421e-07,0.16067065289386723,0.7545835200330748,25,20,10
1,591,0.09250739435318156,9.672747351061565e-07,0.14849372587025159,0.7589979125018312,25,20,10
1,592,0.09716379138239867,0.0005829282280762636,0.18344003704221654,0.7188132433473114,25,20,10
1,593,0.11191974750343985,0.0006027499989417625,0.16808123812578912,0.7193962643718321,25,20,10
1,594,0.08186376900988251,1.0348880009785201e-05,0.20012380718115083,0.7180020749289588,25,20,10
1,595,0.07499724349587597,1.1022629907264333e-05,0.20753441458240587,0.7174573192918104,25,20,10
1,596,0.12617591567214484,8.646809503798973e-07,0.1607973755233303,0.7130258441235747,25,20,10
1,597,0.18389051062868023,7.337143465196046e-07,0.09738889267573063,0.7187198629812427,25,20,10
1,598,0.15706695573327167,5.747455381747089e-07,0.12308228101810145,0.7198501885030918,25,20,10
1,599,0.1132570788591421,1.9914320901318875e-06,0.1814301583059842,0.7053107714027844,25,20,10
1,600,0.1570144165439669,3.696378083812308e-07,0.14264234620427918,0.7003428676139489,25,20,10
1,601,0.15862624637309145,9.54223887063124e-07,0.1290936500367551,0.7122791493662671,25,20,10
1,602,0.14063503007272535,0.0010750928227850245,0.14623553066222703,0.7120543464422627,25,20,10
1,603,0.1912413463289092,0.00017335466381652312,0.08608392960089505,0.7225013694063798,25,20,10
1,604,0.22419289458955538,1.1999380820833152e-08,0.021682374634545587,0.7541247187765177,25,20,10
1,605,0.19581464059257928,2.994929910858956e-08,0.04542162411030784,0.758763705347813,25,20,10
1,606,0.20267274128168425,1.7120432935078411e-07,0.07441840930884061,0.7229086782051449,25,20,10
1,607,0.15239665362900928,1.4281907574578436e-05,0.12144234272005429,0.7261467217433635,25,20,10
1,608,0.12356768655083819,4.2845084934625096e-05,0.15587180920414417,0.7205176591600853,25,20,10
1,609,0.07948977660180011,4.3557238503467643e-05,0.19990377605451948,0.7205628901051785,25,20,10
1,610,0.1276661477416617,2.6892441388534584e-06,0.15033350374626092,0.7219976592679401,25,20,10
1,611,0.16471907730236196,1.5544837412724565e-06,0.11775733047314979,0.7175220377407484,25,20,10
1,612,0.14520390366212005,0.00035447422148460244,0.13560497715732198,0.7188366449590741,25,20,10
1,613,0.13514781114566288,0.0003529593393662429,0.1463119546630189,0.7181872748519528,25,20,10
1,614,0.2001467139349622,1.283874112994915e-09,0.08515359190675492,0.7146996928744087,25,20,10
1,615,0.19770435901798222,8.419250853519387e-08,0.08541076794654347,0.7168847888429666,25,20,10
1,616,0.186058116418873,4.373534639940757e-07,0.09454144298944894,0.7194000032382134,25,20,10
1,617,0.15602667742467982,3.403320658577661e-05,0.1248851994253649,0.7190540899433709,25,20,10
1,618,0.1508086383910306,3.434290382937535e-05,0.13158150880311076,0.7175755099020311,25,20,10
1,619,0.08473260595120694,5.4295773875288654e-05,0.1979262034855391,0.7172868947893796,25,20,10
1,620,0.11085987826733815,9.164830795723462e-06,0.17137807500700622,0.7177528818948612,25,20,10
1,621,0.11216518101823764,0.039932549137032605,0.1263431833616766,0.7215590864830564,25,20,10
1,622,0.11876468358604834,0.03918672539426972,0.11822626474959982,0.7238223262700839,25,20,10
1,623,0.12098902075044858,0.06631309455876053,0.10055869239707813,0.712139192293714,25,20,10
1,624,0.12091832986787714,0.05145086713178095,0.12070813164524241,0.7069226713550978,25,20,10
1,625,0.1259058065150187,0.05106967870771136,0.10424135241555041,0.7187831623617177,25,20,10
1,626,0.13383371785088058,0.053278346646047386,0.09415865544647938,0.7187292800565928,25,20,10
1,627,0.15490577841210385,0.07868060050526883,0.04385846260196923,0.7225551584806577,25,20,10
1,628,0.11505702376227482,0.07868528020726862,0.04717970645731877,0.7590779895731373,25,20,10
1,629,0.11514589641490466,0.07819485240000636,0.04768318105468409,0.7589760701304048,25,20,10
1,630,0.15486152906291709,0.07818574210511174,0.008634048784330963,0.75831868004764,25,20,10
1,631,0.10010868126996574,0.07992530143509947,0.06211002184653454,0.7578559954484008,25,20,10
1,632,0.0865236340388707,0.07990957694688923,0.07956699485657726,0.7539997941576619,25,20,10
1,633,0.10740273139994301,0.05283498224272865,0.08580715998328552,0.7539551263740438,25,20,10
1,634,0.11026937296261453,0.052835142297093095,0.11905399502126437,0.717841489719028,25,20,10
1,635,0.12276767872508787,0.0782015232099198,0.08583505765777427,0.7131957404072208,25,20,10
1,636,0.0899850312150462,0.07931166890421476,0.1130540020451533,0.7176492978355853,25,20,10
1,637,0.12024918201873844,0.07818116146999993,0.08208842518279642,0.7194812313284702,25,20,10
1,638,0.12027524733803842,0.07987659577277721,0.08129371301739331,0.7185544438717938,25,20,10
1,639,0.1509143717494757,0.07712748877713012,0.058251728824126145,0.7137064106492683,25,20,10
1,640,0.1595586805976651,0.039962752170000906,0.08795061453283669,0.7125279526994969,25,20,10
1,641,0.11076355683018287,0.0399460480398937,0.1423747322565608,0.7069156628733633,25,20,10
1,642,0.14759130030307088,0.03994652741837066,0.10513928622015996,0.7073228860583987,25,20,10
1,643,0.15208874157143126,0.03994206302976806,0.09473691974611942,0.7132322756526839,25,20,10
1,644,0.16362192180569068,0.03997050335142916,0.07803051701828646,0.7183770578245944,25,20,10
1,645,0.18546038827711214,0.03997034396347233,0.05644137798254411,0.718127889776871,25,20,10
1,646,0.18871245035244538,0.039970260026671915,0.05749113851491666,0.7138261511059654,25,20,10
1,647,0.18683123620892828,0.021232331215556295,0.1184636451047839,0.6734727874707326,25,20,10
1,648,0.17800051624516677,0.02123156967810597,0.1411014809627154,0.6596664331140123,25,20,10
1,649,0.17418238165366667,0.011215776249945297,0.14031184563382154,0.6742899964625666,25,20,10
1,650,0.2460970611085234,0.039957295429948116,0.07511794968021795,0.6388276937813101,25,20,10
1,651,0.20050332155998674,0.03823010862240449,0.12215527155686841,0.6391112982607418,25,20,10
1,652,0.21916484984106877,0.0382683833109711,0.10399132768612239,0.6385754391618387,25,20,10
1,653,0.21597297222788397,0.03997725889877569,0.10558377689147593,0.6384659919818652,25,20,10
1,654,0.2399116402201689,0.03997651378729902,0.08126919032318111,0.6388426556693522,25,20,10
1,655,0.24098876136400427,0.02438721150872271,0.09592123396161335,0.6387027931656594,25,20,10
1,656,0.21658607548723446,0.02438705191510743,0.1195847898998827,0.6394420826977769,25,20,10
1,657,0.24381832656142632,0.039928476269532706,0.12782846229623707,0.5884247348728088,25,20,10
1,658,0.24853516568854161,0.0399468349317848,0.15307575572540233,0.5584422436542723,25,20,10
1,659,0.16255496488947344,0.03874473560019057,0.24025198214926083,0.5584483173610764,25,20,10
1,660,0.1460786400229366,0.03996889516690166,0.255336837958639,0.5586156268515216,25,20,10
1,661,0.18544955046535747,0.039956334407614306,0.21605876892756778,0.5585353461994617,25,20,10
1,662,0.19126584567064459,0.03994507909040946,0.2097122693938718,0.5590768058450738,25,20,10
1,663,0.20066728706888978,0.039924044441505865,0.21559400698094078,0.5438146615086636,25,20,10
1,664,0.20685299539567242,0.03998563874808363,0.20743133601237246,0.5457300298438722,25,20,10
1,665,0.1281328545061409,0.03997277479188636,0.2707923388058902,0.561102031896078,25,20,10
1,666,0.19226092008926166,0.040310909625266386,0.20816194259424733,0.5592662276912235,25,20,10
1,667,0.14473304965113318,0.039485850063168765,0.25758913788614196,0.5581919623995582,25,20,10
1,668,0.2336151872994095,0.03945493212157407,0.1681071836884077,0.5588226968906106,25,20,10
1,669,0.17958098584579024,0.03824916513172825,0.22298719758368157,0.5591826514388024,25,20,10
1,670,0.19711913375757784,0.0382538860885464,0.17388707869946807,0.5907399014544101,25,20,10
1,671,0.26937270937735747,0.039970514912600466,0.10508246341780153,0.5855743122922413,25,20,10
1,672,0.23150387441292478,0.039986418651580896,0.15890888581468243,0.5696008211208126,25,20,10
1,673,0.21761531110526558,2.0168071932463533e-05,0.1982392820575301,0.5841252387652747,25,20,10
1,674,0.225271585143581,2.192496415517288e-07,0.1722386128057723,0.602489582801007,25,20,10
1,675,0.29569093667456436,1.5384050762397883e-05,0.13201240538143236,0.5722812738932422,25,20,10
1,676,0.17905337639659577,0.013209136035628,0.2167777370817321,0.590959750486044,25,20,10
1,677,0.22549603193134007,0.0389773434573079,0.136832438535699,0.5986941860756548,25,20,10
1,678,0.23104755115913328,0.03914152171109381,0.13174836581269908,0.5980625613170765,25,20,10
1,679,0.2315737072019689,0.03994925603259104,0.12988523195754273,0.5985918048078992,25,20,10
1,680,0.2095546877502332,0.043174122864451485,0.15547816397427883,0.5917930254110391,25,20,10
1,681,0.20837178736353668,0.0390256457463994,0.1417235584322991,0.6108790084577691,25,20,10
1,682,0.21312021777502563,0.03994449882377681,0.14460460343821271,0.6023306799629882,25,20,10
1,683,0.21328663520829033,0.0399677212168978,0.13688817005365078,0.6098574735211635,25,20,10
1,684,0.19354060385016736,0.03996734718462443,0.127205442983653,0.6392866059815554,25,20,10
1,685,0.17443696431080727,0.03998307007081728,0.1527321343708921,0.6328478312474833,25,20,10
1,686,0.18681399348864655,0.04090585389659603,0.18577529399471124,0.5865048586200478,25,20,10
1,687,0.19995612519261488,0.039979917372299424,0.16108338041591133,0.598980577019175,25,20,10
1,688,0.14520861913097055,0.04003364131564416,0.2153084300378041,0.5994493095155845,25,20,10
1,689,0.1551152288755983,0.03873970767673707,0.2420824156585599,0.5640626477891045,25,20,10
1,690,0.12681958330183657,0.039978863008266224,0.31390539920664107,0.5192961544832576,25,20,10
1,691,0.13015131543687095,0.04022844345122738,0.26432969738885154,0.5652905437230507,25,20,10
1,692,0.14812739359349686,0.038729579348984466,0.25429366481519433,0.5588493622423214,25,20,10
1,693,0.13438582476196004,0.03996299996718659,0.26606792567106996,0.5595832495997827,25,20,10
1,694,0.14532081053440846,0.039945766710401225,0.2563001794813633,0.5584332432738282,25,20,10
1,695,0.16624637437054837,0.04089010915443553,0.23466190458876213,0.5582016118862518,25,20,10
1,696,0.20021376877607416,0.038739118212836175,0.16228235987032533,0.5987647531407656,25,20,10
1,697,0.18115699894629989,0.03910707654240972,0.1811203621416222,0.5986155623696703,25,20,10
1,698,0.20611072446752954,0.03950495932030579,0.11737217436161823,0.6370121418505486,25,20,10
1,699,0.15353514744636976,0.03873413376580642,0.1707496448254217,0.6369810739624032,25,20,10
1,700,0.2112685096745766,0.03992276267134164,0.11157188865036875,0.6372368390037122,25,20,10
1,701,0.23515647670235587,0.03822902890478406,0.08881244125851609,0.6378020531343435,25,20,10
1,702,0.2032280304310115,0.02375638459303271,0.14151687263172172,0.631498712344236,25,20,10
1,703,0.21663927895623253,0.03997293673055302,0.09965441886926962,0.643733365443945,25,20,10
1,704,0.2017855743591669,0.03997419481926231,0.11948900594325443,0.6387512248783179,25,20,10
1,705,0.2048878195056985,0.039945121568395185,0.1149911307477625,0.6401759281781441,25,20,10
1,706,0.21604943860884102,0.03995520685569817,0.15703388495969023,0.5869614695757728,25,20,10
1,707,0.158165166589259,0.038749447265527086,0.20021673129216233,0.602868654853052,25,20,10
1,708,0.1397921583476136,0.03995519012945226,0.18712401386931085,0.6331286376536267,25,20,10
1,709,0.14784025871672393,0.039924755609165086,0.1763218178702402,0.6359131678038752,25,20,10
1,710,0.14583701001022353,0.021131867470347974,0.1904953039101781,0.6425358186092531,25,20,10
1,711,0.16508745743411393,0.07651251243662813,0.11938627193297638,0.6390137581962818,25,20,10
1,712,0.17543678013708897,0.07874814507562221,0.10663601114287409,0.639179063644414,25,20,10
1,713,0.20372434848691165,0.03918767662884874,0.11668255906990616,0.6404054158143327,25,20,10
1,714,0.1925023836776869,0.04037812989988187,0.14199465797995134,0.6251248284424831,25,20,10
1,715,0.14528861860401757,0.03999155547656632,0.17681762767406703,0.6379021982453464,25,20,10
1,716,0.13806197650172725,0.03997720555128308,0.18339402455969014,0.6385667933873033,25,20,10
1,717,0.16948474593217522,0.039990742114472656,0.15683027295169696,0.6336942390016574,25,20,10
1,718,0.16010146462344974,0.03997881168313118,0.16330305356008842,0.6366166701333291,25,20,10
1,719,0.13648039636868942,0.039977084506504446,0.14108322163952366,0.6824592974852831,25,20,10
1,720,0.10643554666679549,0.0387337189415752,0.18972806046406782,0.6651026739275645,25,20,10
1,721,0.08932640792436308,0.03873546543286681,0.1514481936323872,0.7204899330103828,25,20,10
1,722,0.08847449172363332,0.03910145767747333,0.11342923450977496,0.7589948160891191,25,20,10
1,723,0.14377965233788254,0.039101315111074134,0.06965130073716998,0.7474677318138739,25,20,10
1,724,0.11559861530471816,0.03910200396747328,0.10359573895236907,0.7417036417754431,25,20,10
1,725,0.08935486234932383,0.039947293043456435,0.10801907734718899,0.7626787672600328,25,20,10
1,726,0.11787794695430673,0.03997177648437101,0.08276558071259153,0.7593846958487327,25,20,10
1,727,0.1199640476843231,0.040296805434633154,0.08858747852095233,0.7511516683600932,25,20,10
1,728,0.11248278451235981,0.0399552721896512,0.08524065103396364,0.7623212922640252,25,20,10
1,729,0.07714950412759249,0.03899574947058327,0.12513233362410575,0.7587224127777188,25,20,10
1,730,0.0790603971175678,0.039496642072221214,0.11472359123650486,0.7667193695737076,25,20,10
1,731,0.09197868185916133,0.03872331923664069,0.07107506452648076,0.7982229343777165,25,20,10
1,732,0.06900051760435974,0.03994562590225873,0.0958368341346397,0.795217022358744,25,20,10
1,733,0.06895409286995716,0.04037368158069444,0.1036210053725112,0.7870512201768385,25,20,10
1,734,0.0816241330206143,0.011629197326550645,0.12562822967621767,0.7811184399766176,25,20,10
1,735,0.08065179551174516,0.024653302915837224,0.10186568210363013,0.7928292194687876,25,20,10
1,736,0.06965973939400155,0.024653734482529676,0.11246956358983282,0.7932169625336392,25,20,10
1,737,0.08162909100545582,0.024653297591092593,0.10125854169085544,0.792459069712597,25,20,10
1,738,0.07643435504205946,0.04072262803897039,0.08971566335278011,0.7931273535661906,25,20,10
1,739,0.08159710102100712,0.024642759338171224,0.12426470283103357,0.7694954368097896,25,20,10
1,740,0.07961102125457485,0.03882866896343786,0.08756319034732847,0.7939971194346594,25,20,10
1,741,0.12797429043682113,0.03916829753184178,0.039251262106174384,0.7936061499251622,25,20,10
1,742,0.10106743446746723,0.0403165588755202,0.06011202166397403,0.7985039849930393,25,20,10
1,743,0.10807820077303214,0.038618092191465496,0.06996838490070333,0.7833353221347974,25,20,10
1,744,0.11183301508919255,0.038259028539790164,0.05150666583769398,0.7984012905333231,25,20,10
1,745,0.09170943458446795,0.040042741267724294,0.07604285920536917,0.7922049649424378,25,20,10
1,746,0.09197642483515991,0.0007162638377416204,0.1086549071982519,0.7986524041288453,25,20,10
1,747,0.10303319186627682,1.4540187249219005e-05,0.13511635388226662,0.7618359140642099,25,20,10
1,748,0.12694210375491827,6.961716721472759e-06,0.12396476219051461,0.7490861723378494,25,20,10
1,749,0.09055029348856988,6.961545545821387e-06,0.14900004234895295,0.7604427026169323,25,20,10
1,750,0.08867761813023037,0.02158672673106694,0.2129435325137701,0.6767921226249317,25,20,10
1,751,0.05364615274078188,0.021586723637431308,0.24089912859596951,0.6838679950258185,25,20,10
1,752,0.04604061783369302,0.021235136982583135,0.2114421750773459,0.7212820701063746,25,20,10
1,753,0.06506013769921588,0.03864642200853559,0.18652945034848756,0.7097639899437622,25,20,10
1,754,0.08726867427413319,0.03994545122776814,0.1515901364721711,0.7211957380259275,25,20,10
1,755,0.1088268595659779,0.03827523540738314,0.13507706468612654,0.7178208403405142,25,20,10
1,756,0.13546041425634886,0.040771845791035544,0.0708992115310825,0.7528685284215326,25,20,10
1,757,0.07280999442707689,0.014962963810841105,0.15332238628547729,0.7589046554766061,25,20,10
1,758,0.11929079148260796,0.03995047197668265,0.08180438451535287,0.7589543520253575,25,20,10
1,759,0.12013684883578123,0.03999404979742989,0.07556392890339982,0.7643051724633887,25,20,10
1,760,0.11450044046561335,0.039956564524336394,0.12779479906765157,0.7177481959424018,25,20,10
1,761,0.11024910535929944,0.03872538386889296,0.1275610564198727,0.723464454351937,25,20,10
1,762,0.11692848018791638,0.07746632314902438,0.09404065690721143,0.7115645397558484,25,20,10
1,763,0.084316689471762,0.0780972669794246,0.15292655461959279,0.6846594889292236,25,20,10
1,764,0.080430929395007,0.07927879188274273,0.15514189609551438,0.6851483826267386,25,20,10
1,765,0.10619700049838804,0.053487808180086915,0.15338710866145697,0.6869280826600711,25,20,10
1,766,0.11088511362707924,0.05348845925433867,0.15900583605802526,0.6766205910605595,25,20,10
1,767,0.1079644836216704,0.053487798838840056,0.1703519030526831,0.668195814486808,25,20,10
1,768,0.08951735896352331,0.07819441726502843,0.16802031125978875,0.6642679125116611,25,20,10
1,769,0.1167487458147896,0.07776035197936287,0.14071593236146224,0.6647749698443853,25,20,10
1,770,0.13506649249299063,0.07822474678332958,0.12628483140930213,0.6604239293143773,25,20,10
1,771,0.22176618984990612,0.049953797280772996,0.08511472839295303,0.6431652844763687,25,20,10
1,772,0.1392539689874747,0.05121193469559178,0.1558701684748868,0.6536639278420492,25,20,10
1,773,0.09697956874317418,0.05120069952825355,0.17343885325213843,0.678380878476434,25,20,10
1,774,0.009368090149369377,0.05117962834152528,0.26769725395238453,0.6717550275567205,25,20,10
1,775,0.08075817260634306,0.033301024912017765,0.20756425319086724,0.6783765492907743,25,20,10
1,776,0.0845179474782141,0.0511842181387986,0.18619020508411704,0.678107629298872,25,20,10
1,777,0.08359494615745905,0.050009045915555175,0.1882008539243407,0.6781951540026452,25,20,10
1,778,0.0758393585854148,0.04997015360487068,0.20000576242254264,0.6741847253871718,25,20,10
1,779,0.1161774532252244,0.04993191559755427,0.1603727032766854,0.6735179279005371,25,20,10
1,780,0.16062490756848047,0.07864988975012896,0.08661908398757782,0.6741061186938133,25,20,10
1,781,0.1689733537629381,0.07992433895965036,0.07734557610969472,0.6737567311677175,25,20,10
1,782,0.10932601651532992,0.07991304021751561,0.13190442215217074,0.6788565211149874,25,20,10
1,783,0.08700214893935806,0.07932413755320118,0.15409785649565846,0.679575857011784,25,20,10
1,784,0.09085499931396682,0.051195364136941646,0.21510337520839876,0.6428462613406907,25,20,10
1,785,0.08584475159925761,0.0782085891748549,0.23314057972801713,0.6028060794978733,25,20,10
1,786,0.05729637146554123,0.054121352155852245,0.3322499127194473,0.556332363659158,25,20,10
1,787,0.05976294678727093,0.061062568728678185,0.3260022521968475,0.5531722322872015,25,20,10
1,788,0.09747610343819531,0.07771264602278598,0.30696616885891514,0.5178450816801,25,20,10
1,789,0.15429022369882434,0.07826282530946264,0.23899949850189958,0.5284474524898137,25,20,10
1,790,0.1522869293790756,0.11526428765047964,0.21321096068776993,0.5192378222826761,25,20,10
1,791,0.15466356136374318,0.11805621597769463,0.20901992896157842,0.5182602936969835,25,20,10
1,792,0.21221764980293092,0.08985103733216557,0.17674507130852724,0.5211862415563785,25,20,10
1,793,0.12331520552722719,0.0977278008402801,0.26005396088930416,0.5189030327431855,25,20,10
1,794,0.1343164000518666,0.07867782860566568,0.26797433603780746,0.5190314353046623,25,20,10
1,795,0.2036275592673018,0.07816237016178329,0.19883355169246836,0.519376518878447,25,20,10
1,796,0.24808730075927954,0.0788641865997327,0.1474967099348381,0.5255518027061539,25,20,10
1,797,0.19885174671326905,0.06069343703508778,0.26388165786624196,0.4765731583854002,25,20,10
1,798,0.20165824862873602,0.062472072970190265,0.2534624066658824,0.4824072717351928,25,20,10
1,799,0.1732496056045083,0.08793281454093385,0.26077188831451453,0.4780456915400425,25,20,10
1,800,0.1774825075713083,0.17392473142340037,0.1610775453374634,0.48751521566783096,25,20,10
1,801,0.2058472114675659,0.19466870970009517,0.11170187312920567,0.48778220570313574,25,20,10
1,802,0.1207017526565946,0.19507184069969113,0.2324385367389492,0.4517878699047613,25,20,10
1,803,0.1591631184182496,0.17617957273727355,0.18512803328699728,0.479529275557477,25,20,10
1,804,0.1431262475406748,0.17882285057157543,0.19935429492413057,0.47869660696361827,25,20,10
1,805,0.20404865355969423,0.17929147409771773,0.13756578077601675,0.4790940915665712,25,20,10
1,806,0.18161729997824158,0.19457855100807162,0.15463103993400745,0.46917310907968135,25,20,10
1,807,0.1788602779922017,0.1957631674184797,0.14487964002131107,0.4804969145680091,25,20,10
1,808,0.25487015874888475,0.1340750734023279,0.12881428904996034,0.48224047879882836,25,20,10
1,809,0.2405255512450428,0.1581130276289563,0.12823308858965454,0.4731283325363498,25,20,10
1,810,0.27532194524500253,0.15979356424182142,0.08549401063771642,0.4793904798754633,25,20,10
1,811,0.27855720058020356,0.1305534623012417,0.11307202883992704,0.47781730827862745,25,20,10
1,812,0.29300526753598477,0.13122758055813238,0.09773183107935036,0.4780353208265327,25,20,10
1,813,0.2397705178779662,0.12937640724843558,0.15097259165593532,0.47988048321766513,25,20,10
1,814,0.23937763781416202,0.1591242351323073,0.12270351509229645,0.47879461196123496,25,20,10
1,815,0.23757892872189462,0.15856509078203546,0.09529873008232091,0.5085572504137506,25,20,10
1,816,0.22268527256589002,0.11153557371893999,0.15323151322955758,0.5125476404856117,25,20,10
1,817,0.22193678138156148,0.15819916918238272,0.12192234636301955,0.49794170307303603,25,20,10
1,818,0.22873657129734165,0.11991941494208863,0.1387998620273071,0.5125441517332636,25,20,10
1,819,0.25595437837496027,0.07974804130459331,0.1454999474551213,0.5187976328653273,25,20,10
1,820,0.17296799508017474,0.04194317687031928,0.2657562310605328,0.5193325969889715,25,20,10
1,821,0.17312499874294132,0.03946494700499299,0.2680536989669541,0.5193563552851131,25,20,10
1,822,0.11576519661737271,0.039999403787309075,0.32508036198143053,0.5191550376138874,25,20,10
1,823,0.12525941190250467,0.0402132028834068,0.32267096431768044,0.511856420896408,25,20,10
1,824,0.21410271235916928,0.040283490412285794,0.22698986728992093,0.5186239299386259,25,20,10
1,825,0.2842851945266366,0.03847363132529956,0.15550540741168242,0.5217357667363846,25,20,10
1,826,0.19462514969533198,0.038484070035593204,0.2447240073608912,0.5221667729081818,25,20,10
1,827,0.254589883518228,0.03848417776865325,0.18487813945789516,0.5220477992552265,25,20,10
1,828,0.20651850029332602,0.041019687550860606,0.23612310196934025,0.5163387101864725,25,20,10
1,829,0.22356109440543162,0.03995054594229855,0.2180880795421534,0.5184002801101176,25,20,10
1,830,0.246646217549768,0.0399832754551787,0.19403533244200305,0.5193351745530521,25,20,10
1,831,0.26442220009949496,0.04007026493033125,0.1805531182174882,0.5149544167526825,25,20,10
1,832,0.28168781775653756,0.039856193911353116,0.159124299649518,0.5193316886825922,25,20,10
1,833,0.27596214068057845,0.039849995802063234,0.1644735933883446,0.5197142701290156,25,20,10
1,834,0.27820007942389846,0.05148082147500818,0.15135512692267705,0.5189639721784175,25,20,10
1,835,0.24499296050979769,0.06000122460379533,0.13273851778950874,0.5622672970969006,25,20,10
1,836,0.27213787799809164,0.05089009921830809,0.12975345504300104,0.5472185677406017,25,20,10
1,837,0.2048984510479534,0.050890044047763275,0.197418799545256,0.5467927053590279,25,20,10
1,838,0.16548444047900024,0.050889809759978914,0.23644004628647483,0.5471857034745483,25,20,10
1,839,0.17384703870504248,0.0797758094805949,0.18600349288142773,0.5603736589329336,25,20,10
1,840,0.18558624841860502,0.04067532851590273,0.21860162188869178,0.5551368011768014,25,20,10
1,841,0.2127163518062607,0.0561973454845495,0.18259663897473458,0.548489663734458,25,20,10
1,842,0.21384345318090858,0.0799396151513924,0.16633990270172666,0.5398770289659724,25,20,10
1,843,0.25428234616900763,0.07837690382228125,0.13300469744194715,0.534336052566769,25,20,10
1,844,0.2470249621929206,0.07823215624282176,0.13479600855125196,0.5399468730130086,25,20,10
1,845,0.24992249792209062,0.054093485593372105,0.136726053622422,0.5592579628621173,25,20,10
1,846,0.19703863782761513,0.05283584857207314,0.19091902352570403,0.5592064900746083,25,20,10
1,847,0.19063647588456148,0.07864733442345148,0.13148462210572098,0.5992315675862695,25,20,10
1,848,0.19537320070268688,0.07975662760054852,0.12568918267377946,0.5991809890229873,25,20,10
1,849,0.20001010339636116,0.07989444102970765,0.08098570854511039,0.6391097470288208,25,20,10
1,850,0.1928608760355067,0.07990167312215748,0.08800480908695724,0.6392326417553793,25,20,10
1,851,0.1895419126862575,0.07869995200634418,0.09314005073929725,0.6386180845681025,25,20,10
1,852,0.18807624273797108,0.07990049895417572,0.09316452501004299,0.6388587332978117,25,20,10
1,853,0.17864018691853592,0.07755871417621246,0.11580028212239252,0.6280008167828597,25,20,10
1,854,0.12103745160542162,0.07757345078958564,0.16316636155047576,0.6382227360545185,25,20,10
1,855,0.14044910632645835,0.06447481543440543,0.1707493018532694,0.6243267763858676,25,20,10
1,856,0.16106262787601452,0.08264436735646193,0.11741535174880385,0.6388776530187237,25,20,10
1,857,0.23981927176801862,0.04349060232947848,0.08386547067652819,0.6328246552259755,25,20,10
1,858,0.26926809494259735,0.04015949771822787,0.057966926955246606,0.632605480383928,25,20,10
1,859,0.22648461689573865,0.04013051257654514,0.12057849470562587,0.612806375822092,25,20,10
1,860,0.26451060656450004,0.039912790294021484,0.07077293525301781,0.6248036678884602,25,20,10
1,861,0.26206264251509676,0.02122420602090682,0.09185637549404552,0.6248567759699499,25,20,10
1,862,0.2509780472921906,0.02122414513848295,0.10270152391680139,0.6250962836525268,25,20,10
1,863,0.26758320254836027,0.03825760988209532,0.054786329895150775,0.6393728576743948,25,20,10
1,864,0.2250123638221724,0.0382563495855743,0.10214687594704326,0.6345844106452132,25,20,10
1,865,0.1697877592388039,0.038256486058208486,0.16431887717149996,0.6276368775314896,25,20,10
1,866,0.17575821924470403,0.03997448666981487,0.11519953408601186,0.6690677599994714,25,20,10
1,867,0.19762213486093405,0.02736878959847215,0.11912558724440395,0.6558834882961925,25,20,10
1,868,0.14875010740296005,0.05350087982597966,0.12003096719912837,0.6777180455719334,25,20,10
1,869,0.14652041186666115,0.04047576400484767,0.14096463283379193,0.6720391912947002,25,20,10
1,870,0.1359701473925703,0.040474268460469656,0.1582639387122507,0.6652916454347101,25,20,10
1,871,0.19959218267167422,0.039421543116715634,0.08272699976711434,0.6782592744444962,25,20,10
1,872,0.2159818969358891,0.040029447932724144,0.06548186925540017,0.6785067858759873,25,20,10
1,873,0.24055102235979686,0.039975146143438535,0.06748777518020212,0.6519860563165629,25,20,10
1,874,0.2062975742548039,0.039975192151938024,0.10302870141347033,0.650698532179789,25,20,10
1,875,0.1916620008809651,0.039975163388292725,0.11556711938268081,0.6527957163480622,25,20,10
1,876,0.22905907076196963,0.0007645074004250052,0.11750973894861477,0.6526666828889919,25,20,10
1,877,0.21977448514375447,0.0007660144225241637,0.15912403712820666,0.6203354633055185,25,20,10
1,878,0.24556477725762452,3.953767144804162e-06,0.13014170988932786,0.6242895590859041,25,20,10
1,879,0.2270340098719266,1.9834355008003487e-05,0.13435529274163774,0.638590863031429,25,20,10
1,880,0.23881806322056373,3.7089225670739076e-07,0.13238126832899874,0.6288002975581832,25,20,10
1,881,0.19456089337263216,2.4642296859996e-07,0.1661173809439132,0.6393214792604867,25,20,10
1,882,0.195722278586505,0.0007945256052751681,0.1643866703586266,0.6390965254495942,25,20,10
1,883,0.21071319674822622,0.03993230810940147,0.10535686816336237,0.643997626979013,25,20,10
1,884,0.20122852550509365,0.03992920565693575,0.09576008367786672,0.6630821851601043,25,20,10
1,885,0.165104047374437,0.03992913725975426,0.1581545995244078,0.6368122158414024,25,20,10
1,886,0.15440678496147428,0.03986693843612797,0.15419477329094575,0.6515315033114538,25,20,10
1,887,0.15891623487711326,0.03986697969568035,0.16780222036666836,0.6334145650605365,25,20,10
1,888,0.19910189487028263,0.03989284815533882,0.11257968672048065,0.6484255702538968,25,20,10
1,889,0.23737163213886114,0.03989284733187067,0.0542351357539063,0.6685003847753612,25,20,10
1,890,0.23699892197947597,0.021232410793247353,0.023171040888415553,0.7185976263388616,25,20,10
1,891,0.22489871019114363,0.02123243053933995,0.05967897976002922,0.6941898795094877,25,20,10
1,892,0.1615730677628485,0.04001499456619456,0.09370236036633267,0.7047095773046275,25,20,10
1,893,0.16588473757740257,0.039972951155023285,0.07553790954596995,0.718604401721604,25,20,10
1,894,0.18097059629807843,0.03871461908743198,0.06192855842694116,0.7183862261875484,25,20,10
1,895,0.1613357798686052,0.03871402526744592,0.09004640316647268,0.7099037916974779,25,20,10
1,896,0.1242749816951886,0.038713961382666924,0.12311049026977292,0.7139005666523751,25,20,10
1,897,0.09002151396699726,0.021236304670192246,0.18241175344131846,0.7063304279214939,25,20,10
1,898,0.08925634173454983,0.036972800377539715,0.14695905936526507,0.7268117985226493,25,20,10
1,899,0.08822008517371199,0.03697022814925611,0.16840688539047113,0.7064028012865606,25,20,10
1,900,0.08413159294000855,0.03941307685953518,0.15789159118722573,0.7185637390132348,25,20,10
1,901,0.1138706557309499,0.03937620677387748,0.1423656181396106,0.7043875193555652,25,20,10
1,902,0.11591367136654387,0.039743267761889196,0.13580000352295288,0.7085430573486154,25,20,10
1,903,0.10220968795900315,0.03879310208471738,0.1531673379845798,0.7058298719716999,25,20,10
1,904,0.11961521653857661,0.0387698751627611,0.15000172304911152,0.691613185249551,25,20,10
1,905,0.12141191447385292,0.03870851507144804,0.11472354340931408,0.725156027045386,25,20,10
1,906,0.10569924106390237,0.03871124291715709,0.1085806190343487,0.7470088969845924,25,20,10
1,907,0.12335175915137542,0.03870867898126206,0.08537911846425317,0.7525604434031098,25,20,10
1,908,0.04844947432410299,0.03980877094484519,0.15254760543224388,0.75919414929881,25,20,10
1,909,0.04762886734052862,0.03980874423634849,0.15358907766376734,0.7589733107593563,25,20,10
1,910,0.04502469657513,0.03980874447357532,0.1578401030193104,0.7573264559319847,25,20,10
1,911,0.13570034720510704,0.038244118325245616,0.06856456176972016,0.7574909726999267,25,20,10
1,912,0.12246183582431673,0.039968498688971704,0.08016925494784845,0.757400410538863,25,20,10
1,913,0.1595724236218885,0.03994906722984733,0.04266019236138973,0.7578183167868738,25,20,10
1,914,0.1602471773026499,0.039963752123753,0.042255500197665795,0.7575335703759299,25,20,10
1,915,0.1602763925961629,0.011233185085327295,0.1502840301711005,0.6782063921474104,25,20,10
1,916,0.15590921749165973,0.03993735965943106,0.1200116082468031,0.6841418146021065,25,20,10
1,917,0.1779464430384908,0.0399380930010753,0.06381046744853924,0.7183049965118934,25,20,10
1,918,0.14661171423659924,0.039952245902666404,0.10047997064120397,0.7129560692195314,25,20,10
1,919,0.16019851938126586,0.03825930697133357,0.08422135406538933,0.7173208195820109,25,20,10
1,920,0.11891791787568919,0.038080033376562995,0.13010811997637484,0.7128939287713756,25,20,10
1,921,0.17303919449199273,0.03953927004605482,0.08120154045473896,0.7062199950072149,25,20,10
1,922,0.18647358923580085,0.03991466161775675,0.049176037814260026,0.724435711332182,25,20,10
1,923,0.19069981876737557,0.03991468051336087,0.09144614329520998,0.6779393574240532,25,20,10
1,924,0.16855596165153577,0.03821532537181521,0.12113259707253535,0.6720961159041157,25,20,10
1,925,0.14805928928573978,0.03697108017122857,0.1536701645151241,0.6612994660279082,25,20,10
1,926,0.16745367631763702,0.03769719849907551,0.12668710551128137,0.6681620196720087,25,20,10
1,927,0.18301105350553662,0.0010728568022685006,0.1484251202326276,0.6674909694595675,25,20,10
1,928,0.171875169873229,1.130499279944441e-05,0.16428250478683964,0.6638310203471347,25,20,10
1,929,0.2405983154906481,1.1751353520462839e-05,0.08050787983887195,0.6788820533169594,25,20,10
1,930,0.27445692925478915,5.920006778912376e-09,0.05825173856225403,0.6672913262629503,25,20,10
1,931,0.24552327857561365,3.0619568603193324e-09,0.08695048383050129,0.6675262345319287,25,20,10
1,932,0.18690236768066915,8.944090842333456e-07,0.1519402759867142,0.6611564619235328,25,20,10
1,933,0.18805496823939255,5.6610031574199e-07,0.15046128012397844,0.6614831855363148,25,20,10
1,934,0.1530710068858621,1.632590067950092e-06,0.1742546028109483,0.6726727577131203,25,20,10
1,935,0.1699757731225912,1.6394347615807035e-06,0.1522446938644307,0.6777778935782172,25,20,10
1,936,0.1879077569421347,4.277761165008004e-06,0.13357949542847788,0.6785084698682258,25,20,10
1,937,0.17937714402912378,0.00013850892456869216,0.1421355401573221,0.6783488068889875,25,20,10
1,938,0.1466437254523285,1.0306853151299996e-05,0.1720139225045525,0.6813320451899665,25,20,10
1,939,0.19329735321291244,1.1752182069393735e-07,0.14163846218604326,0.6650640670792245,25,20,10
1,940,0.14194682771695988,1.2590244671771507e-06,0.18372956140088573,0.6743223518576866,25,20,10
1,941,0.14975911602257977,0.00035674020993612353,0.18211704645982082,0.6677670973076643,25,20,10
1,942,0.1876896224826325,4.245657374909199e-09,0.1450374134784522,0.6672729597932601,25,20,10
1,943,0.23358227043476074,1.5982113895173852e-10,0.09820123131714398,0.668216498088274,25,20,10
1,944,0.22128469338407059,1.0809415737275596e-07,0.12096193536107863,0.6577532631606933,25,20,10
1,945,0.22524917411016968,2.94110568400474e-07,0.10534032002115121,0.6694102117581114,25,20,10
1,946,0.2516612555975682,2.046012535088954e-06,0.06758892790614779,0.6807477704837477,25,20,10
1,947,0.22692864631954202,0.00027315086386282215,0.09964611228967053,0.6731520905269265,25,20,10
1,948,0.20370168239296135,0.0002811228029080362,0.12570061698881346,0.6703165778153181,25,20,10
1,949,0.16664487333838265,8.681752239884615e-06,0.15266934993720985,0.6806770949721705,25,20,10
1,950,0.23982353580303492,0.00037898114503510136,0.08095834989121771,0.6788391331607128,25,20,10
1,951,0.24771101577067015,1.394355930791614e-08,0.07382555417422138,0.6784634161115481,25,20,10
1,952,0.27270109404135406,5.87244423700841e-07,0.04832822769599535,0.6789700910182275,25,20,10
1,953,0.2439824372077814,6.559054719042152e-08,0.07721001513619995,0.6788074820654724,25,20,10
1,954,0.2784343797235358,3.51908615469907e-07,0.08237914444629016,0.6391861239215582,25,20,10
1,955,0.1885450320583443,2.31237686667335e-05,0.20092650043750418,0.6105053437354837,25,20,10
1,956,0.17692699653974514,2.3699902281021112e-05,0.1844106976706687,0.6386386058873057,25,20,10
1,957,0.17791315955420775,2.345037190517185e-05,0.18281115945450815,0.6392522306193779,25,20,10
1,958,0.14241468608744598,2.8953946465317404e-05,0.21355769688408824,0.6439986630820012,25,20,10
1,959,0.1502021769840041,2.592779182252428e-05,0.20961094187528606,0.6401609533488901,25,20,10
1,960,0.1328597530768466,0.001394092310671321,0.2374725326945344,0.6282736219179491,25,20,10
1,961,0.10337690585237766,0.0010907314312755146,0.2677234541885884,0.6278089085277583,25,20,10
1,962,0.11117865722502553,0.0010905143979843953,0.26703684904097125,0.6206939793360196,25,20,10
1,963,0.161479999481164,0.0013224433426617616,0.21136061904398606,0.6258369381321894,25,20,10
1,964,0.16679778259881253,6.069154015862362e-06,0.19418389362170907,0.6390122546254642,25,20,10
1,965,0.14991822413158526,6.1979771557659296e-06,0.20950718906692484,0.6405683888243354,25,20,10
1,966,0.17926144520450113,1.033642158091273e-06,0.15078103356080516,0.6699564875925361,25,20,10
1,967,0.18984651481637457,2.893097344749057e-07,0.1780330839588127,0.6321201119150794,25,20,10
1,968,0.21116975989192446,1.4390435744442618e-06,0.1644747681398622,0.6243540329246406,25,20,10
1,969,0.17421343265324754,1.2826548294318606e-06,0.17213940490349544,0.6536458797884273,25,20,10
1,970,0.13592102716005638,1.1421935344509416e-07,0.2429373845026049,0.6211414741179859,25,20,10
1,971,0.1970894248291304,1.365413555525203e-07,0.16043901483509657,0.642471423794418,25,20,10
1,972,0.20567956321306735,0.013602517283966614,0.10649549367438628,0.6742224258285795,25,20,10
1,973,0.1992824664129435,0.039595376756067335,0.09927712379779616,0.6618450330331953,25,20,10
1,974,0.1834269071014761,0.039596408601691585,0.09948092392431693,0.6774957603725157,25,20,10
1,975,0.1729811156153724,0.03872123074398056,0.11080999280970621,0.6774876608309396,25,20,10
1,976,0.1725273637503471,0.03995565117391446,0.10903002804500954,0.6784869570307304,25,20,10
1,977,0.17168362485235278,0.02122514380696075,0.08807706313949726,0.7190141682011904,25,20,10
1,978,0.16223353176966523,0.024527124260916456,0.09430747890670595,0.7189318650627144,25,20,10
1,979,0.18824336693706692,0.024559993254681348,0.10317574293535742,0.684020896872897,25,20,10
1,980,0.20797399539541306,0.04053623213918816,0.08508134996602214,0.6664084224993774,25,20,10
1,981,0.1878638938385142,0.040862053189655384,0.10405066386203574,0.6672233891097946,25,20,10
1,982,0.18450443026958194,0.04051956817247009,0.14414880577110198,0.6308271957868471,25,20,10
1,983,0.21432283812852457,0.03873426037622249,0.11733514781911636,0.6296077536761362,25,20,10
1,984,0.2109908315351987,0.039938458188714145,0.1250799468171838,0.6239907634589036,25,20,10
1,985,0.19744981967744824,0.03997761471411909,0.1272367358644642,0.6353358297439684,25,20,10
1,986,0.2247471480907603,0.039930259443557076,0.09738963146592583,0.6379329609997566,25,20,10
1,987,0.25493535649977633,0.03992370868442388,0.06633887778717551,0.6388020570286239,25,20,10
1,988,0.25042030454564607,0.04002648524033436,0.07003871901493727,0.6395144911990814,25,20,10
1,989,0.2083605330731171,0.03996922593952943,0.11286726729884351,0.6388029736885112,25,20,10
1,990,0.17981256128870926,0.03995937079819747,0.14225992511900742,0.6379681427940864,25,20,10
1,991,0.19410835725738937,0.03861094346899318,0.12893873249808172,0.6383419667755365,25,20,10
1,992,0.15723924248128102,0.039961436631483264,0.18110293695696067,0.6216963839302759,25,20,10
1,993,0.1679123334611905,0.03997324987133992,0.15774261906271111,0.6343717976047605,25,20,10
1,994,0.11260850371236744,0.03995534268871896,0.20698651516258815,0.6404496384363267,25,20,10
1,995,0.17338669737443915,0.03995491100638072,0.12118798113785294,0.6654704104813288,25,20,10
1,996,0.11178206068702108,0.03996294103101378,0.21894608202394816,0.6293089162580157,25,20,10
1,997,0.07209886310128408,0.03993066096477351,0.28665412663708256,0.6013163492968596,25,20,10
1,998,0.14608710239202172,0.03939027866794288,0.2069485019127172,0.6075741170273212,25,20,10
1,999,0.16741410384555264,0.03934675563815896,0.15361152769532957,0.6396276128209607,25,20,10
1,1000,0.17790254338714867,0.03911578770479227,0.154882316638305,0.6280993522697558,25,20,10
1,1001,0.17688485780648405,0.03873473940815593,0.1496206676085012,0.6347597351768597,25,20,10
1,1002,0.1573770641393523,0.02494122075912925,0.17831448307092884,0.6393672320305879,25,20,10
1,1003,0.15593346762517324,0.03946842881448921,0.1767918787228665,0.627806224837473,25,20,10
1,1004,0.23045690258470675,0.03973016883910197,0.09579730477848925,0.6340156237977027,25,20,10
1,1005,0.16779587367994092,0.039971939535172585,0.15305882539728488,0.6391733613876042,25,20,10
1,1006,0.23025531275435426,0.03997134219641219,0.08788337080785459,0.6418899742413784,25,20,10
1,1007,0.252596984060222,0.000487018097303003,0.11876580961858764,0.6281501882238882,25,20,10
1,1008,0.2674524273930647,0.0002724152737424528,0.09963939756827084,0.6326357597649218,25,20,10
1,1009,0.19813608604698557,0.03873978461614843,0.13004543737531263,0.6330786919615549,25,20,10
1,1010,0.22850279759806785,0.021231750757882716,0.06271975298932132,0.6875456986547289,25,20,10
1,1011,0.22614843634447404,0.039978440478532225,0.060240188832922925,0.6736329343440717,25,20,10
1,1012,0.21962356233453556,0.03994440753439866,0.0670805480456009,0.6733514820854647,25,20,10
1,1013,0.2067767773899921,0.03869541525468382,0.07532397658853697,0.679203830766787,25,20,10
1,1014,0.15917770078367957,0.03869351533726383,0.1375099468793541,0.6646188369997046,25,20,10
1,1015,0.14144572121904375,0.0030255847908749467,0.17748205654003446,0.6780466374500469,25,20,10
1,1016,0.19730698705683147,1.833748018554333e-07,0.12471021750548074,0.6779826120628865,25,20,10
1,1017,0.2384204999959457,4.3557881624213266e-07,0.08331391141579879,0.6782651530094401,25,20,10
1,1018,0.1729993414904692,5.248882445254886e-05,0.1441027088067977,0.6828454608782805,25,20,10
1,1019,0.162121859570718,5.3706352190455257e-05,0.1479583179595776,0.6898661161175142,25,20,10
1,1020,0.15012432323715966,1.3278736332028991e-06,0.16627902657578464,0.683595322313426,25,20,10
1,1021,0.1756301542756212,1.0041912464399301e-06,0.18075124828311917,0.6436175932500163,25,20,10
1,1022,0.18090033397162741,9.968100214107682e-07,0.1799118236169026,0.6391868456014507,25,20,10
1,1023,0.20233662961117904,1.4336758328563699e-05,0.15860352409471987,0.639045509535774,25,20,10
1,1024,0.23224256282935635,5.558958408138178e-06,0.13325773980162262,0.6344941384106135,25,20,10
1,1025,0.23820549611976272,5.370790411542613e-06,0.12237658052412445,0.6394125525657022,25,20,10
1,1026,0.2469044588766053,8.44619150564859e-08,0.1144689107804162,0.638626545881064,25,20,10
1,1027,0.25908825912812633,3.2322881319678963e-06,0.10178082586251952,0.6391276827212234,25,20,10
1,1028,0.2027000646831275,4.4913028758951165e-06,0.1581077224752004,0.6391877215387981,25,20,10
1,1029,0.27509206545343085,0.0021554601474350413,0.08326967752260599,0.6394827968765298,25,20,10
1,1030,0.21010636234236557,8.225275397263667e-06,0.14862236161294246,0.6412630507692976,25,20,10
1,1031,0.2273717808745294,7.06650069554151e-05,0.13665309700179257,0.6359044571167244,25,20,10
1,1032,0.26501858454025573,8.271480611558683e-05,0.10563109328640286,0.6292676073672276,25,20,10
1,1033,0.26779612241336764,8.295352100020753e-05,0.09226165932292445,0.6398592647427077,25,20,10
1,1034,0.23194087327805957,3.9956357852159706e-06,0.12889797361390298,0.639157157472254,25,20,10
1,1035,0.20352475996740618,9.522750790116417e-06,0.15564485458656946,0.6408208626952342,25,20,10
1,1036,0.25169116033744665,0.0004788922053465222,0.1074675070583341,0.6403624403988729,25,20,10
1,1037,0.18371837048178383,0.00048121156105198194,0.176062552856808,0.6397378651003571,25,20,10
1,1038,0.15490367564231972,6.507075484434584e-06,0.2158089983013012,0.6292808189808946,25,20,10
1,1039,0.15454187228609484,1.0121409372491784e-06,0.2064680581517235,0.6389890574212448,25,20,10
1,1040,0.16110950688067743,3.859424201187656e-06,0.20073313559560474,0.6381534980995175,25,20,10
1,1041,0.20958834060657763,3.546739031457006e-08,0.11207776638440788,0.6783338575416245,25,20,10
1,1042,0.23079275443255923,1.4255952029521902e-08,0.05975254514217635,0.7094546861693116,25,20,10
1,1043,0.14868337126358366,6.895489138910605e-08,0.1412116462379967,0.7101049135435321,25,20,10
1,1044,0.2052548572505261,3.797673386245985e-08,0.08579626765188425,0.708948837120856,25,20,10
1,1045,0.18718924684309762,2.636049337318462e-06,0.10938855146920481,0.7034195656383616,25,20,10
1,1046,0.21003749658490825,6.373496032542161e-07,0.08271072915247858,0.7072511369130109,25,20,10
1,1047,0.21860041345668355,5.985207827061646e-08,0.0629599871792451,0.7184395395119929,25,20,10
1,1048,0.22631312104176982,6.312575980439759e-08,0.055008359272897975,0.7186784565595723,25,20,10
1,1049,0.2324582690706358,4.6046859453185967e-08,0.06959872439176036,0.697942960490744,25,20,10
1,1050,0.23354857660293327,3.09747917405664e-07,0.08469714555035664,0.6817539680987938,25,20,10
1,1051,0.12217806650689861,1.4262245667602298e-07,0.19923339953238728,0.6785883913382604,25,20,10
1,1052,0.11264337654790994,4.678398550161549e-08,0.17817890381478085,0.7091776728533239,25,20,10
1,1053,0.08697049161586903,0.0007073942493841072,0.23409633158428883,0.6782257825504616,25,20,10
1,1054,0.0960052353642706,1.5273078485907395e-06,0.22415863812264344,0.6798345992052356,25,20,10
1,1055,0.1277799980463102,2.194750464710477e-06,0.19336381790552473,0.6788539892976986,25,20,10
1,1056,0.12268041888429458,7.593803173177064e-07,0.1973245028452164,0.6799943188901711,25,20,10
1,1057,0.11910907436636825,1.4690677571333364e-05,0.201820190470099,0.6790560444859576,25,20,10
1,1058,0.1605938587564616,8.789155163982102e-05,0.16016474467341457,0.6791535050184827,25,20,10
1,1059,0.13338166528613804,1.6631242451115886e-05,0.18836216390489674,0.6782395395665164,25,20,10
1,1060,0.1644587269547709,1.6711070049622352e-05,0.1617425349798339,0.6737820269953455,25,20,10
1,1061,0.21501547756135228,2.1569147326647965e-06,0.10776048330016678,0.6772218822237496,25,20,10
1,1062,0.19739269116281266,1.3242350126847313e-05,0.13453421998619836,0.6680598465008623,25,20,10
1,1063,0.19023215329869902,0.0005638875175338642,0.12553142153139682,0.6836725376523717,25,20,10
1,1064,0.17682153728184172,1.4891520397900338e-05,0.14858514033067807,0.6745784308670839,25,20,10
1,1065,0.19347748261183892,2.309483599462891e-06,0.12726147311020758,0.6792587347943551,25,20,10
1,1066,0.21745772229329333,2.0557856119072763e-05,0.10390294990379681,0.6786187699467896,25,20,10
1,1067,0.23683846314740312,2.0119472535427486e-05,0.08434711789860737,0.678794299481456,25,20,10
1,1068,0.2690685592021471,2.013761957257652e-05,0.051147568063600934,0.6797637351146784,25,20,10
1,1069,0.2807383429180461,3.77153282858365e-08,0.04801848015973092,0.6712431392068949,25,20,10
1,1070,0.23646250603047142,0.0009211399518795863,0.084300489095515,0.6783158649221341,25,20,10
1,1071,0.24992218474206365,0.0009014769165105851,0.07043952324779355,0.6787368150936315,25,20,10
1,1072,0.22103905320029318,2.360275861229559e-05,0.1052677533029555,0.6736695907381417,25,20,10
1,1073,0.20823574486498134,5.0387396378195204e-05,0.1126344346145167,0.6790794331241252,25,20,10
1,1074,0.22370334355843333,7.295345039877687e-06,0.09745689857228709,0.6788324625242396,25,20,10
1,1075,0.20318034364334536,4.29096543919997e-07,0.07861659002601334,0.7182026372340973,25,20,10
1,1076,0.23020428991863034,1.3053752840145526e-06,0.058410365281865675,0.7113840394242201,25,20,10
1,1077,0.267995289695951,3.1220711857322865e-08,0.019378303765535065,0.712626375317803,25,20,10
1,1078,0.16465958166235212,1.0008099911828886e-07,0.1599879773835558,0.6753523408730946,25,20,10
1,1079,0.13239298190835727,0.016252504948529565,0.17965989906926272,0.6716946140738534,25,20,10
1,1080,0.1346256862415758,0.01551303944773172,0.17139317458903125,0.6784680997216622,25,20,10
1,1081,0.15845618459571928,0.021231930905954446,0.14121825477593172,0.6790936297223964,25,20,10
1,1082,0.19179836710245368,0.038769973335114206,0.0873514801069542,0.6820801794554786,25,20,10
1,1083,0.08813055280512366,0.0400058909728751,0.20834082390713834,0.6635227323148595,25,20,10
1,1084,0.12617707869414066,0.024179836345477747,0.17176918875772035,0.6778738962026598,25,20,10
1,1085,0.11194945047279763,0.039959249570860014,0.16526036192448043,0.6828309380318642,25,20,10
1,1086,0.1443095082330594,0.039959399318827145,0.15553984870738502,0.6601912437407309,25,20,10
1,1087,0.1892523295476742,0.04020643636940239,0.11961264941201863,0.650928584670907,25,20,10
1,1088,0.1979263023423979,0.03997326055670026,0.11078459438570482,0.6513158427151982,25,20,10
1,1089,0.1633677330517237,0.03997350958709674,0.1456780842198897,0.6509806731412908,25,20,10
1,1090,0.22940886013895398,0.03997349162046315,0.0530517314813197,0.6775659167592623,25,20,10
1,1091,0.20618063839999226,0.039936515612299196,0.07645457592475763,0.6774282700629506,25,20,10
1,1092,0.2183865665414003,0.08008587893347699,0.023689111964705144,0.6778384425604177,25,20,10
1,1093,0.2234779933886695,0.0792639562491443,0.018588730302401282,0.6786693200597855,25,20,10
1,1094,0.20601724576629443,0.07823070479842097,0.04528139606684722,0.6704706533684371,25,20,10
1,1095,0.17912378405914442,0.078712382459952,0.06855564225031385,0.6736081912305889,25,20,10
1,1096,0.19492219231361074,0.0787072779924419,0.05273578238254537,0.6736347473114016,25,20,10
1,1097,0.18196936609972741,0.05270961417712229,0.1526250686621428,0.6126959510610083,25,20,10
1,1098,0.18645539656600899,0.07900783008372826,0.08149212126984486,0.6530446520804181,25,20,10
1,1099,0.1853227510453437,0.07985670255573063,0.08817023194629409,0.6466503144526314,25,20,10
1,1100,0.2195402127635594,0.06448477323966792,0.07716507763999188,0.6388099363567811,25,20,10
1,1101,0.21687629102927888,0.07866029857212492,0.07638710777043767,0.6280763026281586,25,20,10
1,1102,0.16300369527336872,0.07793724626100267,0.11995529642355594,0.6391037620420752,25,20,10
1,1103,0.15391413343982338,0.050561910416713755,0.1571672564857846,0.6383566996576823,25,20,10
1,1104,0.11775417152343058,0.05057587259396493,0.1927285931956728,0.6389413626869307,25,20,10
1,1105,0.12151856804705231,0.06472027786963656,0.17489091037063495,0.6388702437126771,25,20,10
1,1106,0.11465446934998075,0.08023911185673985,0.18238604944950873,0.622720369343772,25,20,10
1,1107,0.15257565311761714,0.07994719463267688,0.14165443286720036,0.6258227193825074,25,20,10
1,1108,0.15567678489564485,0.07991497772144929,0.08673668274788722,0.6776715546350184,25,20,10
1,1109,0.1521548561547346,0.07811533938596506,0.09062139366149763,0.6791084107978029,25,20,10
1,1110,0.13608676007789386,0.0786652556547055,0.10625923645033801,0.6789887478170615,25,20,10
1,1111,0.20399710318090733,0.07865596749878123,0.05212336477004982,0.6652235645502604,25,20,10
1,1112,0.15224929580514013,0.06319069451876325,0.10779457407994769,0.6767654355961531,25,20,10
1,1113,0.19316541785369945,0.07865630784117399,0.058020329133165884,0.6701579451719601,25,20,10
1,1114,0.1637965580278147,0.07690512057284482,0.08908979450289405,0.6702085268964493,25,20,10
1,1115,0.15928923259755906,0.0769054409922291,0.13116953862175884,0.6326357877884571,25,20,10
1,1116,0.1498777058345682,0.07998714031948541,0.13304622831164012,0.6370889255343082,25,20,10
1,1117,0.1392565566934995,0.08021211503819815,0.15121214075489886,0.6293191875134073,25,20,10
1,1118,0.11002389739677816,0.0715975927186579,0.18355398409774296,0.6348245257868208,25,20,10
1,1119,0.10344239331843409,0.06114570083051599,0.2725491981341499,0.5628627077169017,25,20,10
1,1120,0.13026332204690796,0.03694021452631489,0.32003126713551633,0.5127651962912618,25,20,10
1,1121,0.15884556127217572,0.08082473475465887,0.20177529440517056,0.5585544095679968,25,20,10
1,1122,0.19306586448664095,0.08157973078193229,0.16676273977267742,0.5585916649587522,25,20,10
1,1123,0.20504212502493524,0.1186093126300052,0.11690639918233149,0.5594421631627311,25,20,10
1,1124,0.22750931666088203,0.11778597549568817,0.13117190521711014,0.5235328026263213,25,20,10
1,1125,0.20067276398161787,0.119742582998196,0.15579428442595514,0.5237903685942328,25,20,10
1,1126,0.17612799467763135,0.11756351257194952,0.19813684754480076,0.5081716452056206,25,20,10
1,1127,0.21836760725125606,0.11568653690263256,0.15778015797769412,0.5081656978684185,25,20,10
1,1128,0.22935227754747267,0.07550177977062802,0.1873807201766973,0.5077652225052031,25,20,10
1,1129,0.22358504494302253,0.05806480874404255,0.20990585885280222,0.5084442874601334,25,20,10
1,1130,0.2673803357150952,0.08587243818160284,0.1272213755602956,0.5195258505430084,25,20,10
1,1131,0.2803247323547761,0.09014465740823241,0.12131011007367214,0.5082205001633198,25,20,10
1,1132,0.25643624586459385,0.0963394565361058,0.12792252856452546,0.519301769034777,25,20,10
1,1133,0.2884138292789982,0.11993832088253223,0.07088032174103605,0.5207675280974331,25,20,10
1,1134,0.2563775850767668,0.11818146350951209,0.1145981265169643,0.5108428248967577,25,20,10
1,1135,0.26987334108083527,0.11644138433394405,0.0940711314776198,0.5196141431076022,25,20,10
1,1136,0.25815804626815453,0.09254874722636842,0.12927411975592876,0.5200190867495492,25,20,10
1,1137,0.2780789859127929,0.09234906117081819,0.11393981090309614,0.5156321420132928,25,20,10
1,1138,0.28907597319952677,0.11816452470567854,0.10997943566576267,0.4827800664290325,25,20,10
1,1139,0.24496970640114324,0.11559383999502412,0.13106817318447883,0.5083682804193552,25,20,10
1,1140,0.23052507247299314,0.11509086637428748,0.13499196074650582,0.5193921004062143,25,20,10
1,1141,0.19730352653560254,0.09233614106049987,0.1875497941251121,0.522810538278787,25,20,10
1,1142,0.21851473008182637,0.09227964460963407,0.16955195640396184,0.5196536689045783,25,20,10
1,1143,0.168330596691739,0.08099173627423221,0.23098353020804144,0.5196941368259876,25,20,10
1,1144,0.2480411884740272,0.08038772770058705,0.15277101911261382,0.518800064712776,25,20,10
1,1145,0.24792299073288201,0.021290602872748813,0.2117150413174472,0.5190713650769208,25,20,10
1,1146,0.2770333022143857,0.03997656578174623,0.16358705764323403,0.519403074360634,25,20,10
1,1147,0.25036988421901546,0.03933458536827881,0.1849048071235712,0.5253907232891355,25,20,10
1,1148,0.223359060317558,0.03831891986034301,0.20797163606504454,0.5303503837570571,25,20,10
1,1149,0.2849739998298336,0.0382349108973771,0.18517298290901174,0.4916181063637765,25,20,10
1,1150,0.30399805239768624,0.038330653660332115,0.14573367820068386,0.5119376157412998,25,20,10
1,1151,0.36875269394066257,0.03823368511313566,0.07525214363283289,0.517761477313369,25,20,10
1,1152,0.3083930334781219,0.014600313733976715,0.17992008281850302,0.49708656996940015,25,20,10
1,1153,0.2247260449566708,0.039945731450781244,0.18400236935640968,0.551325854236139,25,20,10
1,1154,0.20686788965375288,0.039946695420704746,0.1610186790222249,0.5921667359033188,25,20,10
1,1155,0.17274146533856283,1.36007546834524e-06,0.22905686144703385,0.5982003131389347,25,20,10
1,1156,0.14340768263697204,8.719890848639247e-06,0.25710520255965136,0.5994783949125274,25,20,10
1,1157,0.14654596726884045,1.4929031577351027e-06,0.2527087833037385,0.6007437565242626,25,20,10
1,1158,0.1740620605189995,2.0306119817475303e-05,0.2364492715954335,0.5894683617657483,25,20,10
1,1159,0.20251020085388155,1.126276371727929e-07,0.2053050303042551,0.5921846562142248,25,20,10
1,1160,0.22610181344544691,6.869506861006655e-06,0.18945580063624873,0.5844355164114474,25,20,10
1,1161,0.21361644990804918,1.3030355318881984e-05,0.18438236794726237,0.6019881517893702,25,20,10
1,1162,0.2686951002500883,1.755639031224335e-05,0.10209483137483782,0.6291925119847639,25,20,10
1,1163,0.317863551708048,1.033794723497735e-05,0.04332487466183925,0.6388012356828787,25,20,10
1,1164,0.20334653322485746,4.849486699668651e-08,0.15710609759163893,0.6395473206886397,25,20,10
1,1165,0.2110251948737425,0.000519837918294542,0.15007432637773424,0.6383806408302317,25,20,10
1,1166,0.21416284788322124,2.1036230033552737e-07,0.1883737624399877,0.5974631793144914,25,20,10
1,1167,0.22031944343636375,4.590070426830212e-06,0.18103135442187046,0.5986446120713409,25,20,10
1,1168,0.24364147867268968,8.728453930457735e-05,0.1560237562184229,0.6002474805695844,25,20,10
1,1169,0.25675626236792487,1.7726559830300103e-06,0.14369656152723084,0.5995454034488633,25,20,10
1,1170,0.23541910428354612,1.6761084646562461e-06,0.16485629330389315,0.5997229263040981,25,20,10
1,1171,0.17657122903522945,1.800917269502877e-05,0.20143555274556604,0.6219752090465075,25,20,10
1,1172,0.16060815680007853,1.7925426139173555e-05,0.1997389816406858,0.6396349361330959,25,20,10
1,1173,0.22531525495614343,1.4564100593472462e-05,0.14915797835315284,0.6255122025901132,25,20,10
1,1174,0.15417439073551445,3.0310329658717565e-06,0.19244706788118493,0.6533755103503321,25,20,10
1,1175,0.1376995022623166,1.9041597555185702e-06,0.17942371097565699,0.682874882602271,25,20,10
1,1176,0.12581333120760252,0.0010816511838269858,0.19361913566587283,0.6794858819427003,25,20,10
1,1177,0.15368063399460477,3.140206737777477e-05,0.15662918468237857,0.6896587792556386,25,20,10
1,1178,0.19172306501128866,3.080049413486086e-05,0.12400107772654899,0.6842450567680275,25,20,10
1,1179,0.1693080571256467,4.2290017879250045e-05,0.13230183384539684,0.6983478190110765,25,20,10
1,1180,0.11372052424714592,3.133958054964075e-05,0.2102868574462675,0.6759612787260378,25,20,10
1,1181,0.13910041119082192,1.5449458514329442e-06,0.21053901738601205,0.6503590264773146,25,20,10
1,1182,0.14027957759586254,0.00010508603393248297,0.22043077337805453,0.6391845629921525,25,20,10
1,1183,0.1565218192980805,0.00010443855328494284,0.2153534696334243,0.628020272515211,25,20,10
1,1184,0.19430528369161204,0.0012935685487546838,0.17675861376560725,0.6276425339940266,25,20,10
1,1185,0.19677753852815458,0.00122956119015521,0.17002092330896018,0.6319719769727308,25,20,10
1,1186,0.13774616203875428,0.0008623783603372866,0.22328255422859616,0.6381089053723127,25,20,10
1,1187,0.13924048404507786,5.8355001602917465e-05,0.22220613288819066,0.638495028065128,25,20,10
1,1188,0.14598649066156993,6.799726223818933e-05,0.21964042197768666,0.6343050900985048,25,20,10
1,1189,0.16044504897600353,0.001862636631372839,0.19942968984118306,0.6382626245514433,25,20,10
1,1190,0.09620623646690513,0.0009534715099755015,0.1897458166239994,0.7130944753991203,25,20,10
1,1191,0.14179049078233932,8.23344299083309e-05,0.15905909720028444,0.6990680775874697,25,20,10
1,1192,0.17118060486551365,0.038780696653427676,0.0908708217150891,0.6991678767659708,25,20,10
1,1193,0.16105600174311618,0.03872409681046698,0.08748655642752139,0.7127333450188951,25,20,10
1,1194,0.20922422121737694,0.03872371587928049,0.033378011492861015,0.7186740514104817,25,20,10
1,1195,0.17514615345100448,0.03872261220195842,0.06524461380934735,0.7208866205376894,25,20,10
1,1196,0.1564133130451319,0.03870094781144493,0.08576562121346328,0.7191201179299614,25,20,10
1,1197,0.18423377417150416,0.0387009570011784,0.0578473197794861,0.7192179490478323,25,20,10
1,1198,0.12212918203743074,0.041052756782000134,0.11780556894351639,0.7190124922370574,25,20,10
1,1199,0.11611123773699436,0.03873417234544705,0.12583135520951472,0.7193232347080467,25,20,10
1,1200,0.07137367307368749,0.03874402615861457,0.1706243839373569,0.7192579168303408,25,20,10
1,1201,0.08381856257354257,0.04053490366360708,0.15754804133060937,0.7180984924322451,25,20,10
1,1202,0.08847388349868247,0.04053485861631053,0.1525379698246939,0.718453288060314,25,20,10
1,1203,0.08227126925008095,0.039978182470433284,0.1597354924386949,0.7180150558407911,25,20,10
1,1204,0.025156619799632268,0.040345600105421126,0.2076471395891204,0.7268506405058283,25,20,10
1,1205,0.04279846141326765,0.04044166776810762,0.1984069601838545,0.71835291063477,25,20,10
1,1206,0.04522920385235075,0.04105253823927106,0.190961971406614,0.7227562865017642,25,20,10
1,1207,0.02788254296856655,0.040062202260934654,0.1803587876373628,0.7516964671331364,25,20,10
1,1208,0.06534719791513202,0.038740618438367715,0.15114326743547948,0.7447689162110226,25,20,10
1,1209,0.06597578438136337,0.038740618995826495,0.11162493033759315,0.7836586662852166,25,20,10
1,1210,0.06165162557998818,0.03872020307340163,0.15513350404516052,0.7444946673014509,25,20,10
1,1211,0.11735689297131369,0.03872020301564478,0.09100507373973807,0.7529178302733064,25,20,10
1,1212,0.11820586732252482,0.0393428809317735,0.0945060410076795,0.7479452107380211,25,20,10
1,1213,0.12209036135924058,0.04105236110521195,0.07965655629994588,0.7572007212356004,25,20,10
1,1214,0.12064797190617099,0.038254259188094275,0.08193259287530769,0.7591651760304263,25,20,10
1,1215,0.03428506997073738,0.03955472964642491,0.16097764624395025,0.7651825541388898,25,20,10
1,1216,0.03344419909464747,0.039942441574873394,0.12795389253072353,0.7986594667997544,25,20,10
1,1217,0.04330084569919469,0.038742663326652216,0.11928915435664418,0.7986673366175114,25,20,10
1,1218,0.04625191520516708,0.03874128854430183,0.11603792493328602,0.7989688713172438,25,20,10
1,1219,0.030957279127038998,0.038743574595725444,0.13192029371120004,0.7983788525660351,25,20,10
1,1220,0.05547802629586791,0.03994573223069487,0.10634502930110461,0.7982312121723336,25,20,10
1,1221,0.05535044361586535,0.03994480696993201,0.12639189245534704,0.7783128569588572,25,20,10
1,1222,0.06410330610782008,0.03994078463901393,0.10830931002570615,0.7876465992274605,25,20,10
1,1223,0.07086779404566984,0.03993978383973988,0.09475730868184705,0.7944351134327435,25,20,10
1,1224,0.08246769557224645,0.0399397349956196,0.08300662213806112,0.7945859472940736,25,20,10
1,1225,0.10305028752663611,0.03954064273688268,0.05803290485962763,0.7993761648768549,25,20,10
1,1226,0.1577976363801916,0.03953978945046709,0.009754855890094312,0.7929077182792473,25,20,10
1,1227,0.14008567241696115,0.03997499136459645,0.021622186856350777,0.7983171493620926,25,20,10
1,1228,0.09650896639098486,0.039533516190654094,0.06553261925257953,0.7984248981657813,25,20,10
1,1229,0.15067839929585725,0.039949195122791804,0.011526135766315775,0.7978462698150345,25,20,10
1,1230,0.10836486608630183,0.039955925131366525,0.042467614889441875,0.8092115938928889,25,20,10
1,1231,0.12700314634632875,0.024498186733440577,0.046042103921152606,0.8024565629990768,25,20,10
1,1232,0.1179382552832602,0.03823780847805394,0.0402681152240248,0.8035558210146607,25,20,10
1,1233,0.013257613187238879,0.03873438464009278,0.1445072508596771,0.8035007513129939,25,20,10
1,1234,0.012816647150903969,0.020573543169693526,0.17092702564995627,0.7956827840294481,25,20,10
1,1235,0.046139753535909274,0.0003811911162494915,0.15493391933129252,0.7985451360165498,25,20,10
1,1236,0.04159365647657734,7.110222280657477e-07,0.17405260535241937,0.784353027148776,25,20,10
1,1237,0.11980990681801536,2.3329424938170946e-09,0.10010981284025061,0.7800802780087916,25,20,10
1,1238,0.097348725930131,1.6414819736777022e-06,0.10370540536262009,0.7989442272252737,25,20,10
1,1239,0.0895317373592056,6.773946692074115e-08,0.1127255347223331,0.7977426601789933,25,20,10
1,1240,0.13630543868460224,5.173355902171521e-08,0.1011602033483052,0.7625343062335339,25,20,10
1,1241,0.10097238799224723,4.9792079929035784e-08,0.14594282920064644,0.7530847330150265,25,20,10
1,1242,0.12742687773529993,4.936631823944737e-07,0.11351402815703172,0.7590586004444879,25,20,10
1,1243,0.12620911572806714,3.47598244605359e-07,0.11665126598886168,0.7571392706848293,25,20,10
1,1244,0.15434222745394743,8.850021847469217e-10,0.08711282207428699,0.7585449495867655,25,20,10
1,1245,0.18875885653602104,4.676592837398214e-07,0.054001190797432555,0.7572394850072627,25,20,10
1,1246,0.1648089158980374,5.013727873400045e-07,0.07576217198192337,0.7594284107472512,25,20,10
1,1247,0.18875573792283837,4.6565272936468346e-07,0.10191077387435561,0.7093330225500748,25,20,10
1,1248,0.1894537524457434,5.740504801657944e-07,0.020928657517275528,0.7896170159864999,25,20,10
1,1249,0.12208889224302098,2.1765653421059595e-08,0.08394216156082468,0.7939689244305015,25,20,10
1,1250,0.144002229479209,5.061422076009079e-08,0.06213132027183609,0.7938663996347334,25,20,10
1,1251,0.16087042655508924,1.8063880925660435e-08,0.040199713398062296,0.798929841982967,25,20,10
1,1252,0.139651477143432,4.5591202801433927e-07,0.08179294244662173,0.7785551244979194,25,20,10
1,1253,0.16996470143427495,8.506391588334006e-08,0.05122298823266213,0.7788122252691473,25,20,10
1,1254,0.15566008796920663,0.0004031435789503286,0.045692072958342184,0.7982446954934999,25,20,10
1,1255,0.15412997990359753,7.16969665327649e-06,0.061240684920464444,0.7846221654792835,25,20,10
1,1256,0.13924864822966068,2.6047898769904337e-07,0.07253903972195039,0.7882120515694001,25,20,10
1,1257,0.09579304086927158,3.753649121392869e-07,0.13097115047565663,0.7732354332901609,25,20,10
1,1258,0.09733031709633581,3.9698259751183305e-07,0.11503155788582811,0.7876377280352378,25,20,10
1,1259,0.136234032108592,0.039188209917383324,0.031008755484078488,0.7935690024899458,25,20,10
1,1260,0.12007198130540873,0.04002850497353951,0.046412751367293836,0.7934867623537569,25,20,10
1,1261,0.09586119290518738,0.038942805307076604,0.06665412798885427,0.7985418737988806,25,20,10
1,1262,0.10032196888751937,0.011233211591881452,0.09127037638706172,0.7971744431335378,25,20,10
1,1263,0.07853969754797409,0.03997755866987446,0.0968677551149032,0.7846149886672484,25,20,10
1,1264,0.12306508760776674,0.039976940228922564,0.03868288686887941,0.7982750852944314,25,20,10
1,1265,0.123234447925387,0.0399551120815748,0.0386546624752144,0.7981557775178225,25,20,10
1,1266,0.12365061372025261,0.03860984091926189,0.03253530091049051,0.8052042444499942,25,20,10
1,1267,0.15394865273821856,0.039938998928796064,0.012888380535727273,0.7932239677972582,25,20,10
1,1268,0.15135893078381904,0.038706286940481796,0.02421684661210793,0.7857179356635904,25,20,10
1,1269,0.11167970056693649,0.03870631313860691,0.08290616487433229,0.7667078214201246,25,20,10
1,1270,0.11610146209818202,0.03825566901099844,0.059523401623759714,0.7861194672670584,25,20,10
1,1271,0.13799351678718932,0.024530092463090184,0.052594630953703515,0.7848817597960169,25,20,10
1,1272,0.14238443453205485,0.02453004087711668,0.04706598953090459,0.7860195350599234,25,20,10
1,1273,0.1494444168771491,0.0245295840849772,0.04002912880821597,0.7859968702296579,25,20,10
1,1274,0.12104055238825787,0.03997655114247975,0.04034954139186281,0.7986333550773987,25,20,10
1,1275,0.09050472540626918,0.03994867317867624,0.10796513783451708,0.7615814635805392,25,20,10
1,1276,0.09118486055415324,0.039954229940165405,0.12694896406302503,0.7419119454426601,25,20,10
1,1277,0.11968749926023511,0.0010819969712477793,0.12155967549333178,0.757670828275188,25,20,10
1,1278,0.12021231567859506,1.6748266941262878e-06,0.08801245044744284,0.7917735590472708,25,20,10
1,1279,0.1592270690613009,1.3583641783184951e-09,0.04207899782873775,0.7986939317515969,25,20,10
1,1280,0.19302366362438203,1.3945533828742e-07,0.008569815671290369,0.7984063812489888,25,20,10
1,1281,0.19310235316670757,9.32717514899392e-09,0.007730872033266445,0.799166765472851,25,20,10
1,1282,0.19393547096343258,9.850967139787786e-09,0.014222234402499565,0.7918422847831,25,20,10
1,1283,0.1734391655094218,7.108089956288373e-07,0.028237357674426287,0.7983227660071556,25,20,10
1,1284,0.1646223840293201,5.0198886567497295e-06,0.0370643565391033,0.7983082395429192,25,20,10
1,1285,0.13488922821763735,4.881757031821939e-07,0.10286513697493188,0.7622451466317295,25,20,10
1,1286,0.11327055647135947,2.5451069928004467e-07,0.12516226049281834,0.7615669285251245,25,20,10
1,1287,0.13185367380114352,4.231212390479722e-08,0.10965584362986196,0.7584904402568726,25,20,10
1,1288,0.18016621990402307,7.148921294829198e-06,0.062132156432996195,0.7576944747416853,25,20,10
1,1289,0.13280841316029368,5.699340857513944e-06,0.12744086281699288,0.7397450246818577,25,20,10
1,1290,0.08590945352786551,4.5629529076630386e-05,0.16008964801167244,0.753955268931385,25,20,10
1,1291,0.09116225234867013,1.9334684657229013e-08,0.15348888330184005,0.7553488450148061,25,20,10
1,1292,0.09128271012680676,1.8740746933938833e-08,0.14667938508841127,0.7620378860440356,25,20,10
1,1293,0.121797959012785,2.5195087706127627e-06,0.13416106472379055,0.7440384567546569,25,20,10
1,1294,0.08589484333078032,7.699543188283268e-07,0.16766020138465476,0.7464441853302489,25,20,10
1,1295,0.08728191094228199,0.01983175793522854,0.11825050410148358,0.7746358270210056,25,20,10
1,1296,0.10746873805663867,0.01988291255902684,0.07644637312889346,0.7962019762554404,25,20,10
1,1297,0.10555592141296045,0.040315678247590594,0.05618875608469681,0.7979396442547525,25,20,10
1,1298,0.12006687152556986,0.03994987454682159,0.055459179718584606,0.784524074209022,25,20,10
1,1299,0.1199433508057573,0.03995965372854645,0.05507166499047614,0.785025330475219,25,20,10
1,1300,0.12087725654833668,0.0399491878031255,0.04938023738114903,0.789793318267388,25,20,10
1,1301,0.12499916701152493,0.03995462697897297,0.08125975304448983,0.7537864529650145,25,20,10
1,1302,0.130479399176941,0.039954622850871285,0.0704254220024867,0.7591405559697012,25,20,10
1,1303,0.1605533223549866,0.001069800564722672,0.07920278560075139,0.7591740914795386,25,20,10
1,1304,0.08191788545375603,0.001069809425024834,0.15751002250659327,0.7595022826146285,25,20,10
1,1305,0.11634091080345875,1.105317962251809e-05,0.12580488707549736,0.7578431489414248,25,20,10
1,1306,0.11606262133086677,1.1053478494342487e-05,0.1321533752872421,0.7517729499033987,25,20,10
1,1307,0.10810307829209317,1.2252628108590175e-06,0.18229150165751815,0.7096041947875804,25,20,10
1,1308,0.12216023031840656,1.2237582938635524e-05,0.16248514977025913,0.7153423823283931,25,20,10
1,1309,0.1428981723896593,6.7553935978046e-06,0.18423573983289457,0.6728593323838497,25,20,10
1,1310,0.14993208440438216,1.4493619931398582e-05,0.1840525163151364,0.6660009056605546,25,20,10
1,1311,0.135449678946452,5.464972657412001e-08,0.1920861190502182,0.6724641473536053,25,20,10
1,1312,0.17548584867035394,4.336312775864292e-05,0.15103759282941523,0.6734331953724739,25,20,10
1,1313,0.17826791826233557,2.688229810427475e-07,0.17831514222042094,0.6434166706942639,25,20,10
1,1314,0.128760728545252,0.020955806397393778,0.22920797611831778,0.6210754889390375,25,20,10
1,1315,0.1110408525798396,0.039933345765581024,0.1781855619585982,0.6708402396959826,25,20,10
1,1316,0.14803185706287325,0.041050743210779075,0.13346774207668805,0.6774496576496603,25,20,10
1,1317,0.152806627073793,0.0399350714846745,0.14349107201592423,0.6637672294256108,25,20,10
1,1318,0.14862918030202033,0.039936913669350864,0.14779175262025243,0.6636421534083792,25,20,10
1,1319,0.18615152459494408,0.039963539392425806,0.10689597480028029,0.6669889612123527,25,20,10
1,1320,0.1624919623575879,0.03993876046027236,0.12963072913294565,0.6679385480491952,25,20,10
1,1321,0.16324883592467498,0.03991275861174203,0.11787225397388507,0.6789661514896979,25,20,10
1,1322,0.16918845362129936,0.014169341807238419,0.1439299969700431,0.6727122076014215,25,20,10
1,1323,0.1561883172216869,0.014166816942409365,0.1541542335760355,0.6754906322598735,25,20,10
1,1324,0.1386762042809659,0.01416675204636291,0.1802932228605918,0.6668638208120806,25,20,10
1,1325,0.193438252273468,0.014166653349662186,0.11404059975509134,0.6783544946217788,25,20,10
1,1326,0.17595470146181472,0.03825486475200667,0.1121970764304388,0.6735933573557413,25,20,10
1,1327,0.14482782053867085,0.03997792087876243,0.13782424438511354,0.6773700141974544,25,20,10
1,1328,0.22956439272419144,0.014128921408131214,0.07904398815313807,0.6772626977145403,25,20,10
1,1329,0.19466519556378473,0.02129470832433586,0.14397737083277268,0.6400627252791098,25,20,10
1,1330,0.19215276757667396,0.021294707553671462,0.1411875162856428,0.6453650085840118,25,20,10
1,1331,0.19032354132365645,0.021296387558529153,0.14863547335728414,0.6397445977605324,25,20,10
1,1332,0.1836180743755266,0.039356583438759175,0.13860827874212844,0.6384170634435856,25,20,10
1,1333,0.1764569143909859,0.03993171516521473,0.14610787563590402,0.6375034948078958,25,20,10
1,1334,0.1957323215850279,0.039931684227927054,0.1311527812310575,0.6331832129559887,25,20,10
1,1335,0.21493881000269074,0.039549959997404203,0.10629217379065102,0.6392190562092549,25,20,10
1,1336,0.1986519408093727,0.03975857432454963,0.12330422173950961,0.6382852631265716,25,20,10
1,1337,0.2171821220819505,0.011231827414178419,0.13210912722939494,0.6394769232744781,25,20,10
1,1338,0.20537802734370258,0.03997969659480419,0.11251713560946731,0.6421251404520275,25,20,10
1,1339,0.18639526183258504,0.039977608701046254,0.1321409066451055,0.6414862228212646,25,20,10
1,1340,0.175320451446927,0.021230450400901307,0.16315312002878635,0.6402959781233852,25,20,10
1,1341,0.1866690634498499,0.02123295373091637,0.15036390517319073,0.6417340776460437,25,20,10
1,1342,0.15870530982681638,0.03870647054437782,0.1634741903033644,0.639114029325442,25,20,10
1,1343,0.24154738645010415,0.03870311397731541,0.08141507791237945,0.6383344216602014,25,20,10
1,1344,0.24636129564817144,0.03995064310687818,0.08160611654939644,0.6320819446955547,25,20,10
1,1345,0.2050415424790248,0.03996613540044864,0.1332339867853408,0.6217583353351869,25,20,10
1,1346,0.23150375526280778,0.0399663220434511,0.08961360646200504,0.6389163162317367,25,20,10
1,1347,0.24151419890901896,0.03996613038465122,0.07999220767816721,0.6385274630281637,25,20,10
1,1348,0.24415996006920904,0.040060638779663184,0.11364077490824717,0.6021386262428807,25,20,10
1,1349,0.28332306446657396,0.0007787282866328869,0.1215302941224765,0.5943679131243186,25,20,10
1,1350,0.21593687229174718,1.8082774897767478e-05,0.18145241337979826,0.6025926315535581,25,20,10
1,1351,0.2371172065628828,1.8038505662790722e-05,0.1597617206232988,0.603103034308156,25,20,10
1,1352,0.23559685704387118,2.5242534065300652e-08,0.16092713552906132,0.6034759821845344,25,20,10
1,1353,0.21985988937467077,2.3784474123490213e-07,0.18553652259520856,0.5946033501853821,25,20,10
1,1354,0.2369599916321074,0.00023321997871079722,0.18305504575418216,0.5797517426350003,25,20,10
1,1355,0.2557578061708971,1.108922456641634e-06,0.1427285621108126,0.6015125227958362,25,20,10
1,1356,0.24431054279829947,1.1342055257160036e-06,0.11441116410019918,0.6412771588959757,25,20,10
1,1357,0.20869832926877505,0.0008048796466993003,0.1120260560122148,0.6784707350723117,25,20,10
1,1358,0.24968015584479486,2.784623337085586e-08,0.07899438934861741,0.6713254269603547,25,20,10
1,1359,0.23081106401811285,1.3954587625802534e-07,0.09072718840228156,0.6784616080337307,25,20,10
1,1360,0.24662017834579963,4.894265171791053e-07,0.07490858085172139,0.6784707513759609,25,20,10
1,1361,0.2255336472099537,4.97620685066138e-07,0.0961472529628968,0.678318602206465,25,20,10
1,1362,0.25062270624174215,6.417793592174727e-06,0.07137603017450153,0.6779948457901632,25,20,10
1,1363,0.15148121980558937,9.121877366118809e-07,0.20613396704999076,0.6423839009566824,25,20,10
1,1364,0.19692314707257633,7.271832718140357e-07,0.2160564415973512,0.5870196841468005,25,20,10
1,1365,0.15838783885640245,6.230398856902799e-07,0.2765690014275411,0.5650425366761729,25,20,10
1,1366,0.20008723202708706,9.439974580131008e-09,0.21209567701866774,0.5878170815142726,25,20,10
1,1367,0.22122486638363761,1.3938094832124108e-06,0.17945801383455756,0.599315725972326,25,20,10
1,1368,0.17445778377936527,1.6067424757912216e-06,0.22375487613388007,0.6017857333442798,25,20,10
1,1369,0.2006513957366999,8.071631734864149e-08,0.20785604009688213,0.5914924834501027,25,20,10
1,1370,0.21624510716779224,1.0770498854709037e-05,0.18795098803094176,0.5957931343024125,25,20,10
1,1371,0.20010906725136945,0.00012750940014714352,0.17377592049839666,0.6259875028500899,25,20,10
1,1372,0.21783762019528966,6.589360241678737e-08,0.10940188606723494,0.6727604278438739,25,20,10
1,1373,0.23096749062805405,5.403710279106621e-07,0.09653234724821777,0.6724996217527032,25,20,10
1,1374,0.24461750757302622,0.0013306049760723926,0.07572809827420823,0.6783237891766926,25,20,10
1,1375,0.22568355749453203,0.0013305438620225731,0.135940264948423,0.6370456336950248,25,20,10
1,1376,0.18186404303175377,2.0712237703806292e-05,0.18895073390096861,0.6291645108295755,25,20,10
1,1377,0.14962435114770212,2.3893192950414347e-06,0.20913766542356638,0.6412355941094351,25,20,10
1,1378,0.12145073735040418,3.5269241709873146e-06,0.22042173681323893,0.6581239989121869,25,20,10
1,1379,0.12758959506730158,2.427584659034176e-06,0.1611613580628524,0.7112466192851875,25,20,10
1,1380,0.20373970886639495,3.620161335445551e-06,0.07808979051693994,0.718166880455329,25,20,10
1,1381,0.17397407283197558,1.413999602480984e-05,0.11871627697021761,0.7072955102017839,25,20,10
1,1382,0.1939397995773059,0.010597748727205336,0.09596472448749865,0.6994977272079889,25,20,10
1,1383,0.18573057982699528,0.04027937808641453,0.06659431078269756,0.7073957313038932,25,20,10
1,1384,0.19318172588802163,0.04027911866574272,0.05865401912873974,0.7078851363174958,25,20,10
1,1385,0.15914410988055308,0.04030929418877329,0.09317663662823755,0.7073699593024368,25,20,10
1,1386,0.11505974489828219,0.03993127716054828,0.10407045975003314,0.7409385181911378,25,20,10
1,1387,0.08677525266725569,0.02453408063202223,0.1522086307678814,0.7364820359328423,25,20,10
1,1388,0.06763997182017217,0.039948645200241086,0.15035090238767473,0.7420604805919149,25,20,10
1,1389,0.08702760971317666,0.00027818788681917874,0.17108667808252526,0.7416075243174793,25,20,10
1,1390,0.12538539207896993,5.952465441901091e-06,0.12124331653294919,0.7533653389226389,25,20,10
1,1391,0.11307425911475458,3.928096399345455e-05,0.12912285001157653,0.7577636099096783,25,20,10
1,1392,0.1162059029545344,1.4994865816688538e-06,0.13558995708091084,0.7482026404779751,25,20,10
1,1393,0.19828711758950612,7.75045634780374e-07,0.08565318808097955,0.7160589192838799,25,20,10
1,1394,0.2056707546803512,5.848923065019504e-07,0.11821586579756505,0.6761127946297776,25,20,10
1,1395,0.14746044524886007,1.829078645145573e-05,0.1684491854930271,0.6840720784716632,25,20,10
1,1396,0.15168813102092835,2.2016034186248634e-05,0.16793430703188922,0.6803555459129998,25,20,10
1,1397,0.15615423998606587,5.547070915603741e-06,0.13664029551560006,0.7071999174274182,25,20,10
1,1398,0.18083458136663944,4.547029237701427e-07,0.1266408135916325,0.692524150338807,25,20,10
1,1399,0.1783215908050979,1.068056646356432e-09,0.10738322515109423,0.7142951829757532,25,20,10
1,1400,0.17518789218503847,2.1124237965919548e-07,0.14597100653219486,0.6788408900403897,25,20,10
1,1401,0.1547235447833185,1.9032836971849982e-08,0.16602547835083822,0.6792509578330064,25,20,10
1,1402,0.18087040257184356,4.7138071824771964e-07,0.15884790546625305,0.6602812205811875,25,20,10
1,1403,0.2275052122620111,6.54277871091743e-07,0.10773478260330696,0.6647593508568111,25,20,10
1,1404,0.23126950399038107,1.518507720120332e-07,0.09823038183533839,0.6704999623235102,25,20,10
1,1405,0.22240383740920866,7.238763982726434e-08,0.1007801791716549,0.6768159110314984,25,20,10
1,1406,0.2210329030492769,3.3760189511092997e-07,0.09536134589886305,0.6836054134499652,25,20,10
1,1407,0.22790573832589905,4.300932977194259e-08,0.08219699914084685,0.6898972195239255,25,20,10
1,1408,0.24756964169818851,6.897303813680093e-06,0.04083098083421127,0.7115924801637865,25,20,10
1,1409,0.2553199418938429,2.407219334448692e-06,0.09146089710191042,0.6532167537849136,25,20,10
1,1410,0.24458020844588124,1.4868054860075572e-05,0.08663711807390104,0.6687678054253581,25,20,10
1,1411,0.25051089153879114,6.139734838297855e-05,0.07536909558578099,0.6740586155270453,25,20,10
1,1412,0.19802413849608094,6.173106556051665e-05,0.14573749984688106,0.6561766305914809,25,20,10
1,1413,0.15513536381495693,4.4733430352305636e-07,0.17827006766097114,0.666594121189768,25,20,10
1,1414,0.19938663891977274,2.2957276984694542e-06,0.12060705866644698,0.6800040066860824,25,20,10
1,1415,0.19808926690585668,2.1568643215696077e-06,0.12164574542696022,0.6802628308028638,25,20,10
1,1416,0.16556263384976888,3.4195997640998093e-07,0.1549362180450689,0.6795008061451875,25,20,10
1,1417,0.2349416904694172,2.4784945521321404e-07,0.07766211646236433,0.6873959452187628,25,20,10
1,1418,0.2504203187219337,0.00038193828666480893,0.07416724284458598,0.6750305001468171,25,20,10
1,1419,0.2479629537283009,2.2055893244559426e-05,0.06551638345169737,0.6864986069267566,25,20,10
1,1420,0.2783102281011963,4.509586639594296e-08,0.043733865269552925,0.6779558615333849,25,20,10
1,1421,0.2542911765203078,8.976310979627195e-09,0.03350101671502588,0.7122077977883552,25,20,10
1,1422,0.21987127688525965,2.353678601799408e-07,0.067458015950015,0.7126704717968648,25,20,10
1,1423,0.17204427550389606,2.667432750200764e-07,0.12135897691633776,0.7065964808364922,25,20,10
1,1424,0.14316350076816703,4.1976447386897866e-05,0.143848589133954,0.7129459336504932,25,20,10
1,1425,0.17431241504968814,1.4428112710708876e-05,0.11270441828391016,0.7129687385536915,25,20,10
1,1426,0.17306803679797966,3.8267437016158965e-08,0.12115405166200338,0.7057778732725843,25,20,10
1,1427,0.1445084297311889,5.9319320829649984e-08,0.10725088790712003,0.7482406230423709,25,20,10
1,1428,0.12868350995508293,4.091885394527543e-06,0.12311419207533283,0.74819820608419,25,20,10
1,1429,0.1010405695149258,4.132150319637055e-06,0.15060347344063954,0.7483518248941181,25,20,10
1,1430,0.14772590368293434,9.329920876181681e-08,0.1042436347005668,0.7480303683172904,25,20,10
1,1431,0.13634344183869074,2.989183433214826e-08,0.12171256498172474,0.741943963287752,25,20,10
1,1432,0.14682137902493378,7.228048095290071e-08,0.1032480088406505,0.7499305398539364,25,20,10
1,1433,0.10856209898018948,7.160274775774871e-06,0.1303096452970421,0.7611210954479927,25,20,10
1,1434,0.17162818782650213,2.8559263019502703e-09,0.08072601177820622,0.7476457975393642,25,20,10
1,1435,0.13174471026409262,2.045848770602585e-09,0.1233225537003672,0.7449327339896925,25,20,10
1,1436,0.12279240788540825,2.147122492227305e-09,0.11867231745261501,0.7585352725148533,25,20,10
1,1437,0.12725738017507326,1.2103394664081472e-06,0.1226914575406968,0.7500499519447659,25,20,10
1,1438,0.12412393260631992,2.5698701136536753e-06,0.15421242771291432,0.7216610698106565,25,20,10
1,1439,0.10748831107281795,2.5751418263859976e-06,0.13267763260613002,0.7598314811792259,25,20,10
1,1440,0.08377128621146049,2.499627197584774e-06,0.15945678963842622,0.7567694245229167,25,20,10
1,1441,0.06717790758090658,1.0553331017788699e-05,0.18083412261648724,0.7519774164715899,25,20,10
1,1442,0.10302483065410635,7.799599866144381e-07,0.13770805691626425,0.7592663324696435,25,20,10
1,1443,0.05513969270431796,2.38452135443927e-08,0.18558273936831549,0.7592775440821551,25,20,10
1,1444,0.08974866794067753,3.147870287666752e-07,0.15923426869420085,0.7510167485780932,25,20,10
1,1445,0.1122418831503336,3.5832818166355367e-07,0.13303343370213302,0.7547243248193509,25,20,10
1,1446,0.08453723037622435,3.179856325307167e-07,0.14861357800002442,0.7668488736381175,25,20,10
1,1447,0.09576931781629584,5.453647005401548e-06,0.11600057656966417,0.7882246519670336,25,20,10
1,1448,0.11866317092737169,1.4642182946686817e-05,0.08693443246874376,0.7943877544209395,25,20,10
1,1449,0.11702375437963078,6.778386949231764e-06,0.06442735401658166,0.8185421132168365,25,20,10
1,1450,0.08335383365488243,6.777294090028601e-06,0.07930048616098972,0.8373389028900375,25,20,10
1,1451,0.01589961243230858,0.00010076022039212656,0.1590013321025999,0.8249982952447017,25,20,10
1,1452,0.0024227003198967253,0.00011728915246433184,0.16387325422661758,0.8335867563010205,25,20,10
1,1453,0.008977074510080668,0.00010840922660954855,0.1683915651771349,0.8225229510861769,25,20,10
1,1454,0.025284801592546882,2.3608314108342603e-05,0.13686260376647552,0.8378289863268712,25,20,10
1,1455,0.00639960208412089,2.3212921562478646e-08,0.15585348174888425,0.8377468929540741,25,20,10
1,1456,0.017846083897833265,1.630378866101229e-06,0.15550221225037333,0.8266500734729276,25,20,10
1,1457,0.03147817573554251,2.654997213306843e-06,0.14491919447356355,0.8235999747936834,25,20,10
1,1458,0.07544062664926113,1.0460154740742529e-06,0.09699627576271797,0.8275620515725473,25,20,10
1,1459,0.10096620738097223,3.8554012408747624e-07,0.0865575220702351,0.8124758850086685,25,20,10
1,1460,0.09880453532491326,6.793111702734562e-07,0.09029162214315184,0.8109031632207641,25,20,10
1,1461,0.12400493943615545,3.86307316233005e-07,0.04171304081944511,0.8342816334370826,25,20,10
1,1462,0.0961139455378799,7.844689850911516e-06,0.06961731050338682,0.8342608992688816,25,20,10
1,1463,0.08109060908488018,1.3021594097667555e-05,0.08462244778303145,0.8342739215379905,25,20,10
1,1464,0.06247013835651653,1.3343587058028416e-05,0.09810906487692395,0.8394074531795015,25,20,10
1,1465,0.0612863059584324,5.538357027057437e-05,0.11229181571879197,0.8263664947525036,25,20,10
1,1466,0.057139578747893126,5.6876601608265045e-05,0.10694871615554076,0.8358548284949598,25,20,10
1,1467,0.05504197875546454,4.20681899850224e-05,0.10735456264527345,0.8375613904092767,25,20,10
1,1468,0.04211981857737061,4.992023090286181e-05,0.15661912845720047,0.8012111327345259,25,20,10
1,1469,0.031024900519495902,7.700638435103703e-05,0.13104734101395038,0.8378507520822037,25,20,10
1,1470,0.031636598576000666,7.032262869148134e-05,0.13465025074609024,0.8336428280492174,25,20,10
1,1471,0.0702130823789851,2.386113919026397e-09,0.09650070996792749,0.8332862052669741,25,20,10
1,1472,0.07574034409076125,4.7344914506094295e-08,0.09134482435940729,0.8329147842049184,25,20,10
1,1473,0.04697339892284647,1.2643004097012963e-06,0.11939797300692258,0.8336273637698199,25,20,10
1,1474,0.06892882808765638,7.091736856903706e-06,0.0982808076265571,0.8327832725489303,25,20,10
1,1475,0.055625376730912085,9.10215813239963e-09,0.07669053525608396,0.8676840789108453,25,20,10
1,1476,0.06777517111384293,0.00010882965101513877,0.06465233786808851,0.8674636613670528,25,20,10
1,1477,0.11126458953739213,3.648117495153823e-09,0.010586450645804338,0.8781489561686852,25,20,10
1,1478,0.12030606446877698,3.6613163506879367e-10,0.015125692877741539,0.8645682422873484,25,20,10
1,1479,0.11975065616304668,2.318893470598439e-10,0.01109287556466497,0.8691564680403985,25,20,10
1,1480,0.09887567901444029,1.2533033595672427e-06,0.031170088871238365,0.8699529788109613,25,20,10
1,1481,0.11377492811650831,1.2533838399377583e-06,0.006932701188382501,0.8792911173112689,25,20,10
1,1482,0.11839725939575946,3.3962686009770026e-08,0.002215824066721643,0.8793868825748322,25,20,10
1,1483,0.1084568232872915,7.378681353647104e-07,0.012368654244754505,0.8791737845998184,25,20,10
1,1484,0.09649085510889696,7.420300756448321e-07,0.025178500664931255,0.8783299021960955,25,20,10
1,1485,0.10167445183929541,6.835459876785756e-06,0.025386064512298443,0.8729326481885288,25,20,10
1,1486,0.10524641641053015,4.096297217637163e-07,0.01702972954248112,0.8777234444172657,25,20,10
1,1487,0.10034091267255418,1.8321956427044386e-06,0.027465509367620836,0.8721917457641822,25,20,10
1,1488,0.11654035745190347,2.2783657234711983e-10,0.024542710708000133,0.8589169316122589,25,20,10
1,1489,0.11239788341592134,1.6107462266689811e-09,0.014747402958669964,0.8728547120146621,25,20,10
1,1490,0.11438921826858062,1.0337619062270892e-09,0.00722925284045509,0.8783815278572016,25,20,10
1,1491,0.08322840118308202,4.84057570488646e-08,0.04482934154378792,0.8719422088673713,25,20,10
1,1492,0.10636010878837888,7.803275760634321e-09,0.021165159684325655,0.8724747237240189,25,20,10
1,1493,0.1113740769412254,1.1236316228042573e-08,0.029457963841923073,0.8591679479805343,25,20,10
1,1494,0.10588443922117412,1.5785125340301416e-06,0.061815585458124635,0.8322983968081654,25,20,10
1,1495,0.15987758782857195,5.358521210606056e-09,0.012841027836192363,0.8272813789767136,25,20,10
1,1496,0.19047301822225535,1.0884902704686327e-08,0.017000477587189585,0.7925264933056525,25,20,10
1,1497,0.18874814288908517,2.4364894522715102e-06,0.014019452005585322,0.7972299686158765,25,20,10
1,1498,0.18102461097629152,2.4478893739082296e-06,0.035568845232185745,0.7834040959021482,25,20,10
1,1499,0.17816290464181528,6.50561690001039e-07,0.06342624338849365,0.758410201408,25,20,10
1,1500,0.15854458687385328,1.257430398442666e-06,0.09136164932034983,0.7500925063753989,25,20,10
1,1501,0.17813730303189676,2.951379731170495e-06,0.0362631020849953,0.7855966435033763,25,20,10
1,1502,0.13924769964613165,2.953098781638827e-06,0.0684364969134966,0.792312850341591,25,20,10
1,1503,0.11954524894640428,2.419129640177633e-06,0.10481787008223556,0.7756344618417205,25,20,10
1,1504,0.11847468487479278,2.419115878237621e-06,0.11091482970454843,0.7706080663047811,25,20,10
1,1505,0.11770064314337132,5.919819979863081e-08,0.09468467782569101,0.7876146198327391,25,20,10
1,1506,0.09951977018968707,5.866398298903518e-08,0.10125889900141213,0.7992212721449182,25,20,10
1,1507,0.13326337893187917,1.4090627790027944e-10,0.07507381845978477,0.7916628024674308,25,20,10
1,1508,0.19473249015845837,7.210442910972574e-09,0.006686915082561624,0.7985805875485371,25,20,10
1,1509,0.1409241489102148,2.8796428595646356e-06,0.0924467920335857,0.7666261794133411,25,20,10
1,1510,0.1280907229909344,6.2944762140606255e-06,0.10101728283721599,0.7708856996956369,25,20,10
1,1511,0.1893091764518167,3.5610449624899795e-06,0.05221237731067361,0.7584748851925468,25,20,10
1,1512,0.2158599289808976,7.3003425894295995e-06,0.025232255148269787,0.7589005155282429,25,20,10
1,1513,0.17116553595966594,3.6870158249012365e-06,0.07938669585665292,0.7494440811678557,25,20,10
1,1514,0.18828900021822534,3.908716802312835e-06,0.10010923307280585,0.7115978579921675,25,20,10
1,1515,0.1931182819803244,5.862845768445746e-09,0.10340533572119578,0.7034763764356352,25,20,10
1,1516,0.1966444003403142,0.0007013789345783563,0.08400786877711516,0.7186463519479918,25,20,10
1,1517,0.21096490735230652,5.169326379991768e-06,0.07036125120298012,0.7186686721183321,25,20,10
1,1518,0.12680783816655866,0.0007136720370718098,0.1142163797005114,0.7582621100958611,25,20,10
1,1519,0.12108976804359195,0.0007073457851774882,0.1589208918653254,0.7192819943059048,25,20,10
1,1520,0.20042363098633068,1.8352014198609524e-07,0.08056235883966054,0.7190138266538675,25,20,10
1,1521,0.20357103291591058,3.093701511004922e-08,0.07713172788672942,0.7192972082603444,25,20,10
1,1522,0.18301758830801834,0.0010913972028616015,0.13679065356301362,0.6791003609261093,25,20,10
1,1523,0.20380802169029535,3.747224963706484e-07,0.11750234922920992,0.6786892543579987,25,20,10
1,1524,0.19115610288745735,6.852197684879349e-06,0.09253072234552877,0.7163063225693302,25,20,10
1,1525,0.19078421202250964,2.318360226557537e-05,0.09161596415643686,0.7175766402187884,25,20,10
1,1526,0.23605902524474628,2.713547048344462e-07,0.05252678831812223,0.7114139150824262,25,20,10
1,1527,0.1927372904351695,2.035315544143174e-06,0.04695535600657011,0.7603053182427156,25,20,10
1,1528,0.19913691847954967,8.796378820977505e-09,0.041219776633693445,0.7596432960903772,25,20,10
1,1529,0.2192513752857103,6.326075993481952e-07,0.023197255598082812,0.7575507365086075,25,20,10
1,1530,0.22809958518919388,3.7866397266283317e-08,0.014344289330207824,0.7575560876142009,25,20,10
1,1531,0.13420188993991397,1.4114808643671149e-06,0.14740604616853692,0.7183906524106866,25,20,10
1,1532,0.13710142306964776,4.129931717242503e-05,0.09360639762655883,0.7692508799866212,25,20,10
1,1533,0.1106422426739916,4.266734996186506e-05,0.11936337954772747,0.7699517104283197,25,20,10
1,1534,0.1263571317170144,0.0004739285443784163,0.11420144161689048,0.7589674981217172,25,20,10
1,1535,0.11803085301430899,7.845076360152493e-07,0.12294224947655634,0.759026113001503,25,20,10
1,1536,0.09463759980099538,1.461591898595457e-05,0.1466982852292946,0.7586494990507292,25,20,10
1,1537,0.14167101431180254,1.4379334589830887e-05,0.11362475484068034,0.7446898515129277,25,20,10
1,1538,0.11325747745874808,0.013963712630323376,0.11384483090117485,0.7589339790097556,25,20,10
1,1539,0.1406260840288777,0.034738945800763886,0.08035008100080691,0.7442848891695513,25,20,10
1,1540,0.1601813711870088,0.03473896690685579,0.048393158984579285,0.756686502921556,25,20,10
1,1541,0.15925089896141162,0.03535927842195488,0.060788246366203794,0.744601576250428,25,20,10
1,1542,0.08138380296207266,0.07744171235358746,0.13394448100082892,0.7072300036835137,25,20,10
1,1543,0.08109646642966899,0.07691094220277708,0.1304668292105875,0.7115257621569682,25,20,10
1,1544,0.07801162634952287,0.04072698964935181,0.17395765484221798,0.7073037291589114,25,20,10
1,1545,0.03986734654837443,0.03997849904431203,0.2021721306226776,0.7179820237846372,25,20,10
1,1546,0.11083055452478976,0.04072041096082923,0.09709901546490668,0.7513500190494778,25,20,10
1,1547,0.11395980193481982,0.03993675102310029,0.08736884718345267,0.7587345998586282,25,20,10
1,1548,0.13151069665869217,0.039948174500812554,0.07087771930688579,0.7576634095336092,25,20,10
1,1549,0.12180413316420997,0.03993216277547252,0.12068824334926759,0.7175754607110528,25,20,10
1,1550,0.05961990158717425,0.04103498619348006,0.1919491457941599,0.7073959664251831,25,20,10
1,1551,0.04112040845872318,0.03995494352954755,0.2028484441818231,0.7160762038299049,25,20,10
1,1552,0.03964788856784716,0.03993201643333908,0.16123875648166194,0.7591813385171509,25,20,10
1,1553,0.085436024297195,0.03993191892155404,0.11553102366226459,0.7591010331189885,25,20,10
1,1554,0.08266778817004442,0.039931919685974225,0.11874624525521915,0.7586540468887647,25,20,10
1,1555,0.07861656744762484,0.03991267503695639,0.1281310044482656,0.7533397530671548,25,20,10
1,1556,0.07805852662818727,0.039942237353323785,0.1237854331619337,0.7582138028565563,25,20,10
1,1557,0.0040305115615458945,0.039942236001678795,0.15838392234691046,0.7976433300898664,25,20,10
1,1558,0.0463153845952375,0.021981643065459452,0.13414410170919994,0.7975588706301042,25,20,10
1,1559,0.08401516595945564,0.01224686992129375,0.14025540509563092,0.7634825590236199,25,20,10
1,1560,0.09152327557239501,0.012246902996286134,0.08535042954597565,0.8108793918853432,25,20,10
1,1561,0.12029499473679231,1.389259884811857e-05,0.08047732399963231,0.7992137886647263,25,20,10
1,1562,0.1248740427739528,1.4105791490037153e-05,0.07789979499743623,0.797212056437121,25,20,10
1,1563,0.0948595135663353,1.4071698505367885e-05,0.10433169672531342,0.8007947180098453,25,20,10
1,1564,0.14708311953578773,1.4923310482247398e-05,0.054609414494540875,0.7982925426591889,25,20,10
1,1565,0.12767720313854558,1.2757725029994546e-05,0.07401262776382717,0.7982974113725961,25,20,10
1,1566,0.15086260351449002,6.661583928530991e-08,0.08724204999892944,0.76189527987074,25,20,10
1,1567,0.1513546891301257,5.012295597450756e-06,0.09030470495058043,0.7583355936236968,25,20,10
1,1568,0.12323412679258723,9.54973211255647e-08,0.11408558132751973,0.7626801963825726,25,20,10
1,1569,0.1179973505531421,1.9108289754118093e-07,0.12161133587593055,0.7603911224880305,25,20,10
1,1570,0.08217944541364643,2.985225821640909e-07,0.15945812282457708,0.7583621332391968,25,20,10
1,1571,0.12571158984346667,3.118135803921486e-05,0.1159384899856327,0.7583187388128626,25,20,10
1,1572,0.1255175226032355,3.118063959941872e-05,0.1155854129740641,0.7588658837831013,25,20,10
1,1573,0.09824074695509914,0.00023223627624371148,0.17971087675951158,0.7218161400091467,25,20,10
1,1574,0.09369766813581414,0.0007354098456046953,0.19483208097694174,0.7107348410416406,25,20,10
1,1575,0.12394224044797442,0.0007353889117411652,0.16316681868158803,0.7121555519586968,25,20,10
1,1576,0.17922783432965445,2.6892159223760102e-05,0.10239086181257555,0.7183544116985503,25,20,10
1,1577,0.1797122706743922,9.072500091870496e-07,0.14187011196328922,0.6784167101123125,25,20,10
1,1578,0.09635135881849372,5.887121271696755e-05,0.253169170464925,0.6504205995038628,25,20,10
1,1579,0.11275709263616918,5.6871002576636277e-05,0.2430128441301301,0.6441731922311247,25,20,10
1,1580,0.1993304530339175,1.4547106779814013e-08,0.13663441978975838,0.6640351126292188,25,20,10
1,1581,0.1994554303931115,2.0549605633142342e-07,0.09792586389677743,0.702618500214055,25,20,10
1,1582,0.19927610554264394,7.686776504719415e-08,0.08172573542833676,0.7189980821612544,25,20,10
1,1583,0.19847342108920124,6.380366854504039e-06,0.08946264721086666,0.712057551333078,25,20,10
1,1584,0.19845235137317818,6.380355416453614e-06,0.0824529241783283,0.7190883440930775,25,20,10
1,1585,0.2204125446184486,0.02414669248518703,0.037214832353249634,0.7182259305431147,25,20,10
1,1586,0.21823520437412053,0.04024455807704496,0.023689812090623232,0.7178304254582113,25,20,10
1,1587,0.13487107986161914,0.03906507363893637,0.11883614758365553,0.7072276989157923,25,20,10
1,1588,0.06281162715447983,0.0011183879118609923,0.2165042972068088,0.7195656877268509,25,20,10
1,1589,0.08835386718922768,0.0007355505755317447,0.19093619217820695,0.7199743900570331,25,20,10
1,1590,0.07766263496263796,0.0011191682936028161,0.20632868701597007,0.7148895097277904,25,20,10
1,1591,0.11002706812470306,1.0311300217139395e-05,0.1773851371684005,0.7125774834066803,25,20,10
1,1592,0.1514956977297177,1.0078272049021332e-05,0.13007217200505397,0.7184220519931799,25,20,10
1,1593,0.1584655343301939,1.3649750544609638e-08,0.123839158355284,0.7176952936647716,25,20,10
1,1594,0.1389854596091067,1.0031868764638889e-08,0.1440491332285362,0.7169653971304915,25,20,10
1,1595,0.13639707884426888,1.4412499859346037e-08,0.14746936941852457,0.7161335373247087,25,20,10
1,1596,0.14581042841392342,1.3895968623979459e-08,0.13770086101918852,0.7164886966709189,25,20,10
1,1597,0.19948702023804704,3.5156989376794415e-06,0.09599338545578905,0.7045160786072266,25,20,10
1,1598,0.19989136660268655,3.670981462371439e-06,0.08148180336929188,0.7186231590465595,25,20,10
1,1599,0.16592451052052176,2.706609056407246e-07,0.11276592678985292,0.7213092920287211,25,20,10
1,1600,0.13463735892638684,1.5782908391905152e-06,0.11286301559783406,0.7524980471849416,25,20,10
1,1601,0.11439323216087978,2.5233613182953364e-05,0.15466484887080537,0.7309166853551318,25,20,10
1,1602,0.13519649303731682,1.7379381181500567e-06,0.12599815848062337,0.7388036105439443,25,20,10
1,1603,0.15033833150150766,2.1638039340467526e-07,0.1015440507922369,0.7481174013258658,25,20,10
1,1604,0.17414780625169374,4.009467908052017e-08,0.07901663721402312,0.7468355164396031,25,20,10
1,1605,0.16830142503756196,5.058329501068749e-07,0.08858690396455363,0.743111165164935,25,20,10
1,1606,0.19015778244713186,1.1166671794170293e-07,0.09275602187106817,0.7170860840150813,25,20,10
1,1607,0.1953781815557452,1.0964998376064448e-06,0.09073961632353583,0.7138811056208831,25,20,10
1,1608,0.20561283526089036,2.2916754896602562e-07,0.0870946599446874,0.7072922756268738,25,20,10
1,1609,0.2662143345287783,8.280142389152136e-09,0.025975937145875934,0.7078097200452024,25,20,10
1,1610,0.24889746256884074,5.34813199158686e-09,0.03883842820202466,0.7122641038810031,25,20,10
1,1611,0.2675914951484095,1.1475843683467205e-08,0.04979450027222263,0.6826139931035236,25,20,10
1,1612,0.271727860151695,1.822775907165504e-07,0.04589853107843349,0.6823734264922803,25,20,10
1,1613,0.2721212856405014,3.510035793900696e-08,0.08838731258634817,0.6394913666727937,25,20,10
1,1614,0.23911700959855542,6.319471182242761e-09,0.12171935698887529,0.639163627093099,25,20,10
1,1615,0.26433901613765937,2.2872689463760398e-08,0.11895770022210483,0.6167032607675494,25,20,10
1,1616,0.24670161183566827,6.379629403357345e-05,0.13324019248750632,0.6199943993827935,25,20,10
1,1617,0.23404717181984483,9.987832343420483e-09,0.13488958990554617,0.6310632282867789,25,20,10
1,1618,0.19010582354374667,4.111744845763835e-08,0.1649413952096386,0.6449527401291677,25,20,10
1,1619,0.19503613665812672,4.2970072910562334e-08,0.1645880258922843,0.6403757944795169,25,20,10
1,1620,0.12966197941178875,2.8604654705381555e-06,0.2252953828377637,0.64503977728498,25,20,10
1,1621,0.11756645162647977,3.991858516459928e-06,0.27945208773663627,0.6029774687783638,25,20,10
1,1622,0.12306494677016985,1.62137981729505e-06,0.269664661246287,0.6072687706037254,25,20,10
1,1623,0.14443330953236597,2.318912794890439e-06,0.2184254496472268,0.6371389219076123,25,20,10
1,1624,0.17400242235004762,1.8754527149773343e-05,0.18285913544924884,0.6431196876735552,25,20,10
1,1625,0.19689750355937946,1.694523093663492e-05,0.18559022790263413,0.6174953233070491,25,20,10
1,1626,0.2073445586408945,0.0010603149292263219,0.16284867372474107,0.6287464527051361,25,20,10
1,1627,0.2250547359362022,3.9722627454235737e-07,0.1487157021151192,0.6262291647224035,25,20,10
1,1628,0.2198538099604816,3.66182606718613e-07,0.14251821909382412,0.6376276047630889,25,20,10
1,1629,0.2509274232668485,4.088154782060638e-07,0.11081005599227205,0.6382621119254033,25,20,10
1,1630,0.20382110797180478,5.013294457262786e-05,0.15651404674407374,0.6396147123395516,25,20,10
1,1631,0.26856235582296656,1.2295829439196705e-05,0.09190104129740567,0.6395243070501901,25,20,10
1,1632,0.2677920743569692,0.0003712051666330376,0.09356771432734953,0.6382690061490506,25,20,10
1,1633,0.26131892597451495,1.965461551756509e-05,0.09949500989303042,0.6391664095169381,25,20,10
1,1634,0.2570310859081349,0.0010844826746915443,0.10350913481316894,0.6383752966040077,25,20,10
1,1635,0.2145956688326474,3.917294501979568e-07,0.15784519472986797,0.6275587447080359,25,20,10
1,1636,0.23652674817592692,0.0008529608155932759,0.12463088290178911,0.6379894081066915,25,20,10
1,1637,0.21666319084479985,3.876555324649625e-07,0.1445439930127244,0.6387924284869441,25,20,10
1,1638,0.19326679325708415,0.0014358331428405502,0.1664966725391697,0.6388007010609063,25,20,10
1,1639,0.1043948374782254,8.370144604321718e-07,0.26796387367584434,0.6276404518314691,25,20,10
1,1640,0.18300421583474236,2.165157169106525e-05,0.17769755649875116,0.6392765760948156,25,20,10
1,1641,0.15933193813701593,0.000180071801032571,0.2168776621386372,0.6236103279233157,25,20,10
1,1642,0.1916703341847683,7.709247908874053e-06,0.1850882645559782,0.623233692011347,25,20,10
1,1643,0.1629453697895973,6.429951272773142e-07,0.18759618792914232,0.6494577992861339,25,20,10
1,1644,0.15276238173905848,8.265129582515708e-07,0.15426754760356332,0.6929692441444216,25,20,10
1,1645,0.17597435456577137,6.837029665008943e-07,0.12023808693694278,0.7037868747943211,25,20,10
1,1646,0.10235715098462757,5.961830995460406e-08,0.17855067484406845,0.7190921145529968,25,20,10
1,1647,0.13557619139896526,1.88292349907948e-08,0.15974185163310853,0.7046819381386927,25,20,10
1,1648,0.14182509127453882,1.6964884693465054e-09,0.1271639251393496,0.7310109818896254,25,20,10
1,1649,0.12433907389622499,4.16687307698737e-09,0.15339756226518245,0.7222633596717213,25,20,10
1,1650,0.14602238455231453,6.561520069292597e-07,0.1354559962681282,0.7185209630275514,25,20,10
1,1651,0.19933736917202693,2.0921254140404404e-07,0.07876008502463355,0.7219023365907973,25,20,10
1,1652,0.18179219526912724,4.052704277325957e-08,0.09810759018798026,0.7201001740158504,25,20,10
1,1653,0.08020050675423603,5.643030624873716e-06,0.1991185323903983,0.7206753178247386,25,20,10
1,1654,0.1399540697029544,5.7435838439375065e-06,0.15158736556341404,0.708452821149789,25,20,10
1,1655,0.13880213852812248,9.97925090053379e-05,0.1192740835821653,0.741823985380709,25,20,10
1,1656,0.19999610062754455,3.2131233844809957e-09,0.048158736538133295,0.7518451596211978,25,20,10
1,1657,0.23325874758207096,1.7994013081117225e-07,0.022286044461190088,0.7444550280166085,25,20,10
1,1658,0.18937772046358822,3.3669645523509097e-07,0.09037732413315343,0.720244618706805,25,20,10
1,1659,0.17910256336197855,0.013470525863734506,0.10478648564442392,0.7026404251298638,25,20,10
1,1660,0.19982764672029035,0.03873702004641023,0.06507422812746634,0.6963611051058326,25,20,10
1,1661,0.14616803448928084,0.038738516246863294,0.09606115723656244,0.7190322920272928,25,20,10
1,1662,0.1236476579737055,0.03991130662888749,0.1587513732658838,0.6776896621315259,25,20,10
1,1663,0.1598876765960914,0.0399657447677478,0.11626886930121554,0.6838777093349466,25,20,10
1,1664,0.1583421509730924,0.03874713678589876,0.12585517963270848,0.6770555326083012,25,20,10
1,1665,0.19196247110975118,0.03873076383239896,0.09255569438037092,0.67675107067748,25,20,10
1,1666,0.20185541041377975,1.2630727974680848e-05,0.11379734200914832,0.6843346168490989,25,20,10
1,1667,0.17469090264271536,0.011850059891990955,0.09808837424368606,0.7153706632216078,25,20,10
1,1668,0.13052897649046277,0.011850087389544645,0.13612199226238425,0.7214989438576085,25,20,10
1,1669,0.1562554673650787,0.03997025093066442,0.09123865589165496,0.7125356258126017,25,20,10
1,1670,0.15822461190047984,0.03997060168959336,0.053864045311879084,0.7479407410980481,25,20,10
1,1671,0.1820533053809183,0.03995490568168441,0.0200021189405881,0.7579896699968087,25,20,10
1,1672,0.16519679874844823,0.03995898088285988,0.047458822805803234,0.7473853975628887,25,20,10
1,1673,0.15650772268418645,0.03869647596536189,0.045608123172366316,0.7591876781780862,25,20,10
1,1674,0.17260536999877665,0.03994419177707568,0.029491675523069603,0.7579587627010781,25,20,10
1,1675,0.15955159145926553,0.03994832465834949,0.0035563819198671785,0.7969437019625175,25,20,10
1,1676,0.14853954787138102,0.039940777852191196,0.013305044625254295,0.7982146296511726,25,20,10
1,1677,0.09288925276217003,0.039940693060114725,0.07886635516053951,0.7883036990171738,25,20,10
1,1678,0.12232421080061964,0.038259498723416406,0.04113301741099375,0.7982832730649698,25,20,10
1,1679,0.1498251996001232,0.017961201484187235,0.046079326231671075,0.7861342726840184,25,20,10
1,1680,0.12477713216018929,0.038254323074209846,0.050236044295198734,0.7867325004704014,25,20,10
1,1681,0.12439094309471356,0.03994162440681109,0.03787199120199158,0.797795441296483,25,20,10
1,1682,0.11602320284672452,0.04025557375699809,0.04587400135902688,0.7978472220372491,25,20,10
1,1683,0.07859922498692748,0.039954449584704725,0.0832659885582551,0.7981803368701139,25,20,10
1,1684,0.07716313473613458,0.0399545478862335,0.1324095358793697,0.7504727814982648,25,20,10
1,1685,0.07354601740201595,0.01122800840026044,0.1506936464668886,0.7645323277308347,25,20,10
1,1686,0.0813141373615665,0.040008133557605366,0.129749824125035,0.7489279049557949,25,20,10
1,1687,0.08077571971121333,0.038767797370582106,0.1183418998571004,0.7621145830611046,25,20,10
1,1688,0.043831713191349,0.024524467507915107,0.17824580272885995,0.7533980165718792,25,20,10
1,1689,0.07983041967554799,0.039508373069587474,0.08297435872294388,0.7976868485319224,25,20,10
1,1690,0.10039075218848058,0.03970814524805453,0.06670766317315369,0.7931934393903097,25,20,10
1,1691,0.12068970876852853,0.039567926811500405,0.04593069782983138,0.7938116665901392,25,20,10
1,1692,0.14069805497184246,0.03990162440282999,0.025239502052829575,0.7941608185724973,25,20,10
1,1693,0.14262957107561766,0.03999297248073401,0.023638623581087027,0.7937388328625604,25,20,10
1,1694,0.1087184363237033,0.0399708166408535,0.059191887218540754,0.7921188598169016,25,20,10
1,1695,0.14869105912995814,0.039540937551447844,0.012957930159666044,0.7988100731589275,25,20,10
1,1696,0.1421066398192504,0.03954096308027213,0.026217044501853054,0.7921353525986246,25,20,10
1,1697,0.13557857494631537,0.001107691299692845,0.06483037525559576,0.7984833584983959,25,20,10
1,1698,0.13542178665489224,0.03814800492968811,0.027619366775092996,0.798810841640326,25,20,10
1,1699,0.14087943951248946,0.03814811316139675,0.023143461378244683,0.7978289859478686,25,20,10
1,1700,0.10305846084758169,0.03824360734933829,0.06185615852258436,0.7968417732804939,25,20,10
1,1701,0.10349826461435958,0.014162973666647817,0.0846160273320373,0.797722734386955,25,20,10
1,1702,0.12054031077239882,0.039979096272061886,0.04089542736647556,0.7985851655890633,25,20,10
1,1703,0.07765925666975287,0.03997910123044107,0.09569632188655586,0.7866653202132504,25,20,10
1,1704,0.0958934492156074,0.03997793136924215,0.06814466587521233,0.7959839535399383,25,20,10
1,1705,0.12656949720071636,0.011210989893719015,0.07118485132503034,0.7910346615805348,25,20,10
1,1706,0.07739673626031739,0.03997182073716534,0.09178808263615591,0.7908433603663617,25,20,10
1,1707,0.08034600077171662,0.039974887928818176,0.08764860859368291,0.7920305027057819,25,20,10
1,1708,0.07232707383261044,0.03821170857101481,0.1173791834974701,0.7720820340989084,25,20,10
1,1709,0.07104218004243282,0.03998215606900963,0.11114770804986016,0.7778279558386978,25,20,10
1,1710,0.04288661559170645,0.014130067385191687,0.1561279183164041,0.7868553987067014,25,20,10
1,1711,0.0811152112813326,0.039973064790702215,0.08831017702407623,0.7906015469038898,25,20,10
1,1712,0.042918987636267544,0.041032858693732396,0.14861536187811603,0.767432791791884,25,20,10
1,1713,0.06790211399796492,0.010782697953152115,0.16275372441805175,0.7585614636308324,25,20,10
1,1714,0.08742356947245826,0.010781941044676916,0.1172753074266907,0.7845191820561738,25,20,10
1,1715,0.09896550467986805,0.037277855010367955,0.10180009862738285,0.7619565416823817,25,20,10
1,1716,0.06061426442933411,0.03997794042754379,0.15465550268290937,0.7447522924602136,25,20,10
1,1717,0.06364900260819005,0.03997717840810343,0.19349225387070693,0.702881565112995,25,20,10
1,1718,0.09102433653063594,0.039940185078542814,0.1478001855554834,0.7212352928353387,25,20,10
1,1719,0.09096049649829865,0.03994021244101907,0.14435662049130626,0.7247426705693766,25,20,10
1,1720,0.04882337841982506,0.0401696759756024,0.19665455017449812,0.7143523954300739,25,20,10
1,1721,0.04555636625780125,0.03997661945202572,0.16044901272525078,0.7540180015649183,25,20,10
1,1722,0.036315229679588806,0.03994260820223623,0.1256580701828741,0.7980840919353033,25,20,10
1,1723,0.02245700024843917,0.03995228163271272,0.10259342540868287,0.8349972927101653,25,20,10
1,1724,0.02222215827814639,0.03995228092222735,0.11370816767016464,0.824117393129461,25,20,10
1,1725,0.0017609279997396238,0.03995478606547513,0.16108135524322775,0.7972029306915579,25,20,10
1,1726,0.03130572672431135,0.03825993859389729,0.1278984369375823,0.8025358977442099,25,20,10
1,1727,0.03303224155601161,0.03825992710789544,0.17089315654173798,0.7578146747943557,25,20,10
1,1728,0.05716488224018629,0.039956844088873206,0.14194871922287627,0.7609295544480638,25,20,10
1,1729,0.0407251137305532,0.039506293884519705,0.19722828780070725,0.7225403045842215,25,20,10
1,1730,0.04100517988491039,0.03988327140068723,0.20043663227757402,0.7186749164368287,25,20,10
1,1731,0.03869051456635841,0.03988320337970693,0.2115450869994573,0.709881195054479,25,20,10
1,1732,0.04521956462247432,0.039959264628176484,0.16168385791155493,0.7531373128377958,25,20,10
1,1733,0.04418256658729984,0.03998317785685283,0.1567595891168409,0.7590746664390083,25,20,10
1,1734,0.049746657676543196,0.0382709837035796,0.1588505990179582,0.7531317596019212,25,20,10
1,1735,0.09365508531715486,0.039959599138971506,0.10777708936998716,0.758608226173889,25,20,10
1,1736,0.06459941149544302,0.03994556913136259,0.13627467512301505,0.7591803442501831,25,20,10
1,1737,0.06414597403043112,0.03994157158808949,0.14800450577470572,0.7479079486067763,25,20,10
1,1738,0.03908242147899123,0.03821006823435418,0.1640792789483616,0.758628231338292,25,20,10
1,1739,0.04295670893832444,0.03929753793376531,0.15605489925374888,0.761690853874165,25,20,10
1,1740,0.03455523910576236,0.038595901349225414,0.14019477476771885,0.7866540847772966,25,20,10
1,1741,0.03977236123735133,0.039980742507211516,0.1318078149413745,0.7884390813140627,25,20,10
1,1742,0.08666643824125161,0.039968593534162135,0.08071646240641465,0.7926485058181711,25,20,10
1,1743,0.11862080872363352,0.039931203698541425,0.04705122398888456,0.7943967635889395,25,20,10
1,1744,0.054963961631233016,0.0399409615738911,0.11173208083408354,0.793362995960794,25,20,10
1,1745,0.012384626522244369,0.039941014164,0.1363661427091791,0.8113082166045809,25,20,10
1,1746,0.06180290517137211,0.03933782498548651,0.1108366076574741,0.7880226621856692,25,20,10
1,1747,0.10162180517665545,0.03988958605850999,0.05946864867931484,0.7990199600855195,25,20,10
1,1748,0.09055138998078961,0.038228159403579876,0.07185279846459418,0.7993676521510344,25,20,10
1,1749,0.15358418098997284,0.03822816015652945,0.016483514746281246,0.7917041441072155,25,20,10
1,1750,0.11544410341406135,0.03822816010713147,0.04841580140769441,0.7979119350711125,25,20,10
1,1751,0.12106078934434715,0.039842564396030296,0.04076226039907791,0.7983343858605438,25,20,10
1,1752,0.07869286867010722,0.039842598390404736,0.083567505735843,0.7978970272036433,25,20,10
1,1753,0.10795740796174506,0.03994207767598654,0.0532877628639342,0.7988127514983324,25,20,10
1,1754,0.11840090878767828,0.03994545647742199,0.04430026681022091,0.797353367924677,25,20,10
1,1755,0.1171831038920144,0.024541536457179536,0.06093796242977379,0.7973373972210313,25,20,10
1,1756,0.07671778876808327,0.04854008820610784,0.08302707115918545,0.7917150518666228,25,20,10
1,1757,0.08328438188067513,0.03870446293537139,0.07915703113664714,0.7988541240473056,25,20,10
1,1758,0.08082690783639654,0.1008319287885044,0.01935430287823853,0.7989868604968603,25,20,10
1,1759,0.08183453734553851,0.07894558379860847,0.040582663151099985,0.7986372157047512,25,20,10
1,1760,0.0671634046110515,0.07858376080124663,0.07152933572706838,0.7827234988606329,25,20,10
1,1761,0.07574518799100606,0.07993336949904623,0.061674444947729945,0.7826469975622173,25,20,10
1,1762,0.07493801762780564,0.07863822282713985,0.05793543259557768,0.7884883269494763,25,20,10
1,1763,0.07449798639831581,0.07973276054255293,0.04929032146162725,0.7964789315975037,25,20,10
1,1764,0.04021822773180606,0.07864640548472267,0.07895970092982026,0.8021756658536507,25,20,10
1,1765,0.022873717400208292,0.07871451319161764,0.08343873489937642,0.8149730345087975,25,20,10
1,1766,0.04112621704679428,0.07951167969374168,0.06556885969195801,0.813793243567506,25,20,10
1,1767,0.04221097250612151,0.021999674449362974,0.10581616911757262,0.8299731839269464,25,20,10
1,1768,0.03887994831605431,0.03995517198404477,0.09633244753865254,0.8248324321612506,25,20,10
1,1769,0.07708584386632206,0.0002601917391759902,0.05801092735361367,0.8646430370408883,25,20,10
1,1770,0.05847372786898969,0.0002600028327528171,0.11164076114597718,0.8296255081522794,25,20,10
1,1771,0.06000185159115778,0.0007058463161008746,0.12430190052983496,0.8149904015629074,25,20,10
1,1772,0.11489355183397468,2.5664269341010876e-07,0.05798606625270577,0.8271201252706255,25,20,10
1,1773,0.0957346027458577,5.081742599469449e-07,0.06591915817922957,0.8383457309006528,25,20,10
1,1774,0.10581088372888942,0.00033827088686480794,0.05677947818134586,0.8370713672028987,25,20,10
1,1775,0.07670071080249745,4.023904603728011e-09,0.08570645076005906,0.8375928344135393,25,20,10
1,1776,0.06193474148305014,2.7707250437115624e-07,0.10079254453332621,0.8372724369111202,25,20,10
1,1777,0.06840921282898878,1.7555701555040606e-08,0.09324369503115766,0.8383470745841524,25,20,10
1,1778,0.08069759018453924,8.60472913493827e-07,0.0811607081083795,0.8381408412341677,25,20,10
1,1779,0.08184656048896466,4.654540539732285e-08,0.08051331104811092,0.8376400819175193,25,20,10
1,1780,0.10929264159125053,3.9779634946226336e-10,0.052916527233089594,0.8377908307778631,25,20,10
1,1781,0.109602213192067,1.3281673874617464e-07,0.05189649152326247,0.838501162467931,25,20,10
1,1782,0.10801862037691935,2.3740716231546557e-07,0.08522285765204557,0.8067582845638718,25,20,10
1,1783,0.11407803534000782,2.3513415771718995e-07,0.07859335743814876,0.8073283720876852,25,20,10
1,1784,0.12290971864774923,0.0007771923119041434,0.06864512964965938,0.807667959390686,25,20,10
1,1785,0.11936306552773919,0.000777210372994645,0.07422384755295336,0.8056358765463122,25,20,10
1,1786,0.1363662312635774,9.320620936467281e-09,0.09007030894331519,0.7735634504724888,25,20,10
1,1787,0.05760827657004495,1.4442798054715304e-05,0.17642315046055768,0.7659541301713437,25,20,10
1,1788,0.042658042547414794,0.03629292378969559,0.16333866510672646,0.7577103685561639,25,20,10
1,1789,0.04643527568968509,0.038245342747935854,0.15747948168965295,0.7578398998727264,25,20,10
1,1790,0.06312263404719645,0.03823091146842517,0.14553456335453663,0.7531118911298458,25,20,10
1,1791,0.06340614678791423,0.039948537313070936,0.180431813875971,0.716213502023045,25,20,10
1,1792,0.06304710488218129,0.03997026900466662,0.13155382256511464,0.7654288035480395,25,20,10
1,1793,0.04483289308038402,0.014136203092048992,0.1856127178254292,0.755418186002141,25,20,10
1,1794,0.10550966322787562,0.039125727717532054,0.08531731579944798,0.7700472932551444,25,20,10
1,1795,0.12135280973748448,0.03947466895404478,0.06940740234671453,0.7697651189617553,25,20,10
1,1796,0.1615378587936908,0.02110767652729898,0.06567276117990282,0.7516817034991067,25,20,10
1,1797,0.16169802497193228,0.038259566992105774,0.09083271798225083,0.7092096900537124,25,20,10
1,1798,0.13613021990830806,0.021232442001776975,0.12811549547902618,0.7145218426108891,25,20,10
1,1799,0.14806991112515458,0.021232433672398167,0.11674030322713752,0.7139573519753093,25,20,10
1,1800,0.08156781961719513,0.021232361993711625,0.13940538829440915,0.757794430094686,25,20,10
1,1801,0.04241187521916779,0.02123239581226525,0.18245109764160547,0.753904631326962,25,20,10
1,1802,0.042928032801792124,0.038706786301165634,0.09222566894049335,0.8261395119565491,25,20,10
1,1803,0.03740653073476731,2.8918053013532666e-07,0.17574627024922715,0.7868469098354735,25,20,10
1,1804,0.057031870229652594,5.460553414108862e-07,0.14231534465939913,0.8006522390556094,25,20,10
1,1805,0.08469711894215294,3.811569269860036e-07,0.11774436338387534,0.7975581365170457,25,20,10
1,1806,0.10531366542147833,3.6449545735672815e-09,0.0564528924641931,0.8382334384693734,25,20,10
1,1807,0.07974092594410792,1.3052943702792055e-08,0.10618412108148,0.8140749399214684,25,20,10
1,1808,0.11417844630697116,1.293435818749467e-08,0.06120878096872118,0.8246127597899489,25,20,10
1,1809,0.11075596612123569,1.545554145287309e-08,0.050463705929303,0.8387803124939197,25,20,10
1,1810,0.07755212349402071,1.6254449777365e-08,0.06829638511398822,0.8541514751375402,25,20,10
1,1811,0.04771422527615846,7.388669763016529e-08,0.08459003907522787,0.8676956617619159,25,20,10
1,1812,0.0811217303628767,1.8172427737805403e-10,0.057765553345041874,0.8611127161103569,25,20,10
1,1813,0.08627816664267669,8.370604264404187e-08,0.041948819260451506,0.8717729303908286,25,20,10
1,1814,0.09131269096650955,4.57758904006017e-08,0.031024013733103494,0.8776632495244953,25,20,10
1,1815,0.06685782775711858,1.0657109824789634e-08,0.06561453022031778,0.8675276313654524,25,20,10
1,1816,0.0631929156719771,1.0177841731439689e-08,0.0721074352939688,0.8646996388562103,25,20,10
1,1817,0.09090863670823172,1.9238049906644697e-09,0.04416983386213192,0.8649215275058302,25,20,10
1,1818,0.05829930331413322,2.842723261355804e-09,0.06845049019809755,0.8732502036450444,25,20,10
1,1819,0.05541979300925716,3.4120511487016838e-09,0.026981245161964203,0.9175989584167269,25,20,10
1,1820,0.052001097576646546,4.826567408143938e-10,0.02883304410033736,0.9191658578403588,25,20,10
1,1821,0.0749978395478566,6.464095734555215e-11,0.0112553644826988,0.9137467959048032,25,20,10
1,1822,0.07555834751505883,1.1155822127365182e-10,0.018748240103266697,0.9056934122701152,25,20,10
1,1823,0.07954135359529158,5.411837866262616e-08,0.011933317894778467,0.908525274391552,25,20,10
1,1824,0.07975472779805381,4.0239240278022095e-09,0.011738132658014364,0.9085071355200084,25,20,10
1,1825,0.07990334080889962,3.984260719118768e-09,0.006907507626834222,0.9131891475800056,25,20,10
1,1826,0.064056970061874,1.7892919174435024e-08,0.05387716285091106,0.8820658491942934,25,20,10
1,1827,0.09516601572442958,2.7793366909747168e-08,0.06601700979414442,0.8388169466880581,25,20,10
1,1828,0.1551433414987662,7.933574301563223e-09,0.005868684127967502,0.8389879664396916,25,20,10
1,1829,0.1415714972998496,2.9317878583933988e-09,0.020141078663920568,0.8382874211044409,25,20,10
1,1830,0.1212735061290135,1.540241247528044e-06,0.04037651558625322,0.8383484380434858,25,20,10
1,1831,0.1550372197062741,4.670451058867758e-09,0.00602288668179449,0.8389398889414796,25,20,10
1,1832,0.15442307308488967,3.090692784003005e-09,0.007362676642877481,0.8382142471815398,25,20,10
1,1833,0.10931756153515654,4.2348054118767405e-07,0.05206627370618189,0.8386157412781204,25,20,10
1,1834,0.07949386458914859,1.4775544858953508e-09,0.08167371024716194,0.8388324236861344,25,20,10
1,1835,0.13927327347105872,9.919529942834618e-09,0.026293225259289378,0.834433491350121,25,20,10
1,1836,0.15874816702269767,1.2492945548960164e-08,0.011486348083597274,0.8297654724007589,25,20,10
1,1837,0.12908602202763444,2.539119026356849e-06,0.03644755449145239,0.8344638843618861,25,20,10
1,1838,0.08574986352913865,7.163531541474836e-10,0.08040139078245855,0.8338487449720485,25,20,10
1,1839,0.11469298307026177,4.3249714562080246e-08,0.06136653708933167,0.8239404365906919,25,20,10
1,1840,0.11712653644756067,4.7061499979588e-08,0.04842949810391849,0.8344439183870206,25,20,10
1,1841,0.08279939368312736,1.4242393791413225e-05,0.11477656130571823,0.802409802617364,25,20,10
1,1842,0.07924207246115943,1.4269070976400101e-05,0.12227413880948862,0.7984695196583762,25,20,10
1,1843,0.07698086273218518,6.873842048948694e-05,0.1259695328770226,0.7969808659703022,25,20,10
1,1844,0.08025981375194162,6.871003597362033e-05,0.1283971909417785,0.7912742852703054,25,20,10
1,1845,0.0444066515029993,3.088776613436456e-06,0.15761005569508027,0.7979802040253076,25,20,10
1,1846,0.08365894840363426,3.0890813644455037e-06,0.1284790763810357,0.7878588861339649,25,20,10
1,1847,0.12048151319965061,3.0944724509649353e-06,0.08645342376853135,0.7930619685593665,25,20,10
1,1848,0.11808385755767642,3.095952123939048e-06,0.08351138713969285,0.7984016593505054,25,20,10
1,1849,0.11303136459816095,1.7125764386777642e-05,0.09130775561715096,0.7956437540203006,25,20,10
1,1850,0.10611920211910021,0.038736177177680096,0.05617170212788272,0.7989729185753363,25,20,10
1,1851,0.12096389690172131,0.038736177265417754,0.11947733181307128,0.7208225940197885,25,20,10
1,1852,0.07380869091620697,0.0388064563788607,0.1646886530743224,0.7226961996306103,25,20,10
1,1853,0.08927326973545022,0.03996946063476923,0.15490565060985884,0.7158516190199244,25,20,10
1,1854,0.12949257270819914,0.014161611487414395,0.13812639187191172,0.7182194239324745,25,20,10
1,1855,0.12384589618621446,0.014161521777371743,0.14386995963649865,0.7181226223999156,25,20,10
1,1856,0.1211136962461703,0.014161723017634622,0.11318353562988204,0.7515410451063111,25,20,10
1,1857,0.13614180461999295,0.014161529396926671,0.08546549615957653,0.7642311698235045,25,20,10
1,1858,0.12881857940097766,0.014161498193844132,0.06283459174339519,0.7941853306617823,25,20,10
1,1859,0.1292221840217006,0.014161498369683098,0.05866901231320237,0.797947305295413,25,20,10
1,1860,0.12060651917597161,0.014161499470265713,0.0670565013113673,0.7981754800423942,25,20,10
1,1861,0.12433101008527155,0.014161508025364257,0.06927420992224728,0.7922332719671161,25,20,10
1,1862,0.12548999114020687,0.014161496885824822,0.062362799555943135,0.7979857124180237,25,20,10
1,1863,0.1499763038158234,0.024535236407221037,0.027188566351136676,0.7982998934258185,25,20,10
1,1864,0.14840911867743073,0.02453523586294594,0.028369421725027353,0.7986862237345952,25,20,10
1,1865,0.15068105402217633,0.024535242991934637,0.027412554189419697,0.7973711487964684,25,20,10
1,1866,0.14589436718607077,0.011136921782976402,0.08844472567194658,0.7545239853590081,25,20,10
1,1867,0.11707650881480966,0.01113692237425251,0.14792521845732007,0.7238613503536178,25,20,10
1,1868,0.07562821275630877,0.03994643041061892,0.16340325297236533,0.7210221038607092,25,20,10
1,1869,0.13794051907778063,0.03997700403795753,0.10357468923835789,0.718507787645908,25,20,10
1,1870,0.14977469619589182,0.038076195723606536,0.11912860070021918,0.6930205073802839,25,20,10
1,1871,0.14412578999721698,0.03807453534680894,0.11225730492280579,0.7055423697331724,25,20,10
1,1872,0.15029739844918746,0.03807453477040535,0.13454259668615484,0.6770854700942536,25,20,10
1,1873,0.1420661404507621,0.07991785436814268,0.09823233905101247,0.679783666130087,25,20,10
1,1874,0.15875753981428434,0.07993154419228801,0.12091329556563167,0.6403976204277985,25,20,10
1,1875,0.11108833260592942,0.054087361937372604,0.19045396889518998,0.6443703365615099,25,20,10
1,1876,0.11960497378722781,0.054087352831723196,0.17787394850528823,0.6484337248757603,25,20,10
1,1877,0.10659363638770035,0.054087674457928586,0.15997951815232903,0.6793391710020457,25,20,10
1,1878,0.15514458794463337,0.054087674732027864,0.11217019608027404,0.6785975412430671,25,20,10
1,1879,0.07614613678925393,0.07938527473641686,0.20545534121822978,0.6390132472560994,25,20,10
1,1880,0.10020952861247565,0.07941094990015811,0.18219742127393038,0.6381821002134351,25,20,10
1,1881,0.14927289404347277,0.07651055142196053,0.1358876016008327,0.6383289529337339,25,20,10
1,1882,0.052753884713546924,0.07868496402211388,0.2292906699237933,0.6392704813405458,25,20,10
1,1883,0.11489502091652051,0.07631608631153168,0.1699770826516265,0.6388118101203226,25,20,10
1,1884,0.09452947465499645,0.07630255765440261,0.1916521493541325,0.6375158183364699,25,20,10
1,1885,0.10998032232738444,0.07700002046553558,0.1711826862883607,0.6418369709187175,25,20,10
1,1886,0.1121998368726799,0.07820379525616628,0.18172779189791036,0.627868575973245,25,20,10
1,1887,0.12400292872933433,0.05412127643707315,0.2223911061076828,0.5994846887259069,25,20,10
1,1888,0.07710743404333399,0.07874635058404862,0.24464316216317347,0.5995030532094436,25,20,10
1,1889,0.08041816510937862,0.07819277979982515,0.2759524280272715,0.5654366270635267,25,20,10
1,1890,0.1251865980476599,0.07821242748925467,0.23418340860454606,0.5624175658585413,25,20,10
1,1891,0.1883933447185697,0.07991531834384502,0.17053251904877764,0.5611588178888078,25,20,10
1,1892,0.15374992681070954,0.07868042864668015,0.20794430490142005,0.5596253396411933,25,20,10
1,1893,0.21245678651756492,0.0798862867263777,0.10856324089287682,0.5990936858631817,25,20,10
1,1894,0.19260930635233972,0.05404670123767085,0.15446135115508938,0.598882641254902,25,20,10
1,1895,0.19217276009615758,0.07991531672506405,0.1288178436686319,0.599094079510148,25,20,10
1,1896,0.22151598481289514,0.03991245718613873,0.1390098583253802,0.5995616996755869,25,20,10
1,1897,0.26210136506020687,0.03994167973148391,0.13518840832687876,0.5627685468814313,25,20,10
1,1898,0.24791913424985487,0.0399329935484598,0.18404393357794502,0.5281039386237409,25,20,10
1,1899,0.23983150213469986,0.03995623007248691,0.192872449950918,0.5273398178418941,25,20,10
1,1900,0.3109223929960923,0.0382392500922702,0.12360347643863717,0.5272348804730027,25,20,10
1,1901,0.2713698994734994,0.03823834407556296,0.17649959949416136,0.5138921569567778,25,20,10
1,1902,0.25940676575716426,0.020594517409120053,0.2048381163717383,0.5151606004619753,25,20,10
1,1903,0.271791393485913,0.0205933395315505,0.19309653940494123,0.5145187275775952,25,20,10
1,1904,0.25994241888840064,0.03994344635455737,0.1622867413240299,0.5378273934330131,25,20,10
1,1905,0.2166364332838243,0.039941107995364766,0.19386870896055683,0.5495537497602566,25,20,10
1,1906,0.2849463970629849,0.039963574086178184,0.11697470253897374,0.5581153263118626,25,20,10
1,1907,0.3002064263950101,0.039963780917584735,0.11592964823650438,0.5439001444509004,25,20,10
1,1908,0.30268018248661777,0.03997011745167817,0.0986320271034481,0.5587176729582565,25,20,10
1,1909,0.2707112817237051,5.094476676631095e-05,0.15405306519207707,0.5751847083174527,25,20,10
1,1910,0.27048438835243455,7.564704192028262e-06,0.1451822825608856,0.5843257643824894,25,20,10
1,1911,0.2652655818911737,2.1320617720954716e-05,0.14132777145091496,0.5933853260401903,25,20,10
1,1912,0.2693772071527579,2.052649340790852e-06,0.13715686418427875,0.5934638760136245,25,20,10
1,1913,0.2003220032308371,2.6232866355985286e-05,0.21619193289264962,0.5834598310101581,25,20,10
1,1914,0.13217614900009003,9.752411721693672e-05,0.2642038867144725,0.6035224401682209,25,20,10
1,1915,0.12305719881100641,0.0007792470349920761,0.24200214351510296,0.6341614106388994,25,20,10
1,1916,0.12286001903115722,0.0007808051186010966,0.2574456877403934,0.6189134881098493,25,20,10
1,1917,0.14635039234713584,0.013648176384240032,0.21717383720665606,0.6228275940619653,25,20,10
1,1918,0.12748752906766456,1.5172484026543606e-06,0.24898839317698612,0.6235225605069481,25,20,10
1,1919,0.18755500746405396,1.561225066602368e-06,0.17960743157744669,0.6328359997334349,25,20,10
1,1920,0.20434413074627156,4.822457527566749e-06,0.15541310849124843,0.6402379383049539,25,20,10
1,1921,0.20231408337688278,4.107603754402544e-05,0.11755541541295772,0.6800894251726162,25,20,10
1,1922,0.15715352671067254,1.7504671026488583e-05,0.2008504222204913,0.6419785463978138,25,20,10
1,1923,0.19841407474718026,4.104728665351098e-07,0.16275727994301806,0.6388282348369365,25,20,10
1,1924,0.2480989362040146,4.406324000190993e-07,0.11418932640663407,0.6377112967569507,25,20,10
1,1925,0.25590089315393066,6.881193339112276e-07,0.1064239915785651,0.6376744271481708,25,20,10
1,1926,0.27085198671160265,5.90630813514028e-05,0.12662604682781745,0.6024629033792293,25,20,10
1,1927,0.226177595838818,5.909762778739357e-05,0.14310846540199193,0.6306548411314027,25,20,10
1,1928,0.2276541266646919,5.979338259867569e-05,0.1839769091408238,0.5883091708118853,25,20,10
1,1929,0.2502349996626673,6.025342555911935e-05,0.16903916354390577,0.5806655833678687,25,20,10
1,1930,0.22767354771632906,4.138049383055591e-05,0.18683698882506777,0.5854480829647728,25,20,10
1,1931,0.1819982414399476,0.03994088183033883,0.14565333918790574,0.6324075375418086,25,20,10
1,1932,0.20005640473703656,0.049744271176110424,0.11794235797354792,0.6322569661133037,25,20,10
1,1933,0.21984484322382658,0.0798777390593303,0.0619876015380591,0.6382898161787833,25,20,10
1,1934,0.22456110592529638,0.051170146883371015,0.08539484166687109,0.6388739055244641,25,20,10
1,1935,0.17264983007084134,0.05076441908881458,0.13778531641131592,0.638800434429031,25,20,10
1,1936,0.20260276014804895,0.05369961132031026,0.10437551253014009,0.6393221160015036,25,20,10
1,1937,0.20258840561850558,0.054137770661215695,0.10422417575702811,0.6390496479632507,25,20,10
1,1938,0.25719771338511604,0.05414227240581443,0.04983720354479701,0.6388228106642722,25,20,10
1,1939,0.24630661016274097,0.0798725788254046,0.035038956545256454,0.6387818544665981,25,20,10
1,1940,0.20654221496282893,0.07987166184137613,0.034917169058773935,0.6786689541370211,25,20,10
1,1941,0.2053302600493841,0.0770764193330204,0.03909495332456689,0.6784983672930285,25,20,10
1,1942,0.189241255579616,0.05295683687311339,0.12708257345474766,0.630719334092527,25,20,10
1,1943,0.16616643440908752,0.05354203257453131,0.1522273928604358,0.6280641401559472,25,20,10
1,1944,0.2277759888629844,0.03618782700805297,0.0968498257430924,0.6391863583858712,25,20,10
1,1945,0.20107743356300428,0.07940788100913754,0.0811398016516165,0.6383748837762425,25,20,10
1,1946,0.16426380917901257,0.040536498658738894,0.15616367054656352,0.6390360216156872,25,20,10
1,1947,0.2140882587674967,0.04023274491924991,0.1583996377741941,0.5872793585390597,25,20,10
1,1948,0.22339092825941417,0.07833146619780659,0.11413453180345928,0.5841430737393212,25,20,10
1,1949,0.20164936612484488,0.07699287292857385,0.12659488843146627,0.5947628725151184,25,20,10
1,1950,0.13617199177861636,0.07686156464069677,0.16962437388369278,0.6173420696969945,25,20,10
1,1951,0.08132137714332892,0.07821153526513985,0.21219903225229014,0.6282680553392409,25,20,10
1,1952,0.06458816018829078,0.07820878980508168,0.2180902934060591,0.6391127566005715,25,20,10
1,1953,0.09814619739781553,0.07822515708507995,0.17962931595182394,0.6439993295652826,25,20,10
1,1954,0.10918045249310414,0.0799483622916094,0.17132640338094723,0.6395447818343407,25,20,10
1,1955,0.16814630823613583,0.04996744243341327,0.15129149152135127,0.6305947578091017,25,20,10
1,1956,0.17636303203114345,0.051774137708769354,0.1333930266590338,0.6384698036010549,25,20,10
1,1957,0.1995609634692644,0.05121132117433394,0.12189670670190916,0.6273310086544955,25,20,10
1,1958,0.20058238095074488,0.041845304140825865,0.11891698850666498,0.6386553264017667,25,20,10
1,1959,0.14760484708507032,0.04035580837926875,0.172570859722788,0.6394684848128701,25,20,10
1,1960,0.1840123407344969,0.040340650338739154,0.13641008250792297,0.6392369264188442,25,20,10
1,1961,0.18649680919813263,0.039952175890782184,0.09434383819158723,0.6792071767194997,25,20,10
1,1962,0.16743653745356757,0.03995217160207829,0.1573245494902264,0.6352867414541291,25,20,10
1,1963,0.11817619964500095,0.03995242002995478,0.20282666582067588,0.6390447145043711,25,20,10
1,1964,0.15254800685370054,0.0399521682335415,0.1290739561870094,0.6784258687257487,25,20,10
1,1965,0.12947312926644175,0.03952726464235609,0.15254953135615232,0.6784500747350486,25,20,10
1,1966,0.11796951567531819,0.0146940968110865,0.18851857608943956,0.6788178114241563,25,20,10
1,1967,0.17168793204159175,0.03951546441361709,0.12198056985862495,0.6668160336861672,25,20,10
1,1968,0.21433055305725293,0.03951535081987478,0.09196981264003286,0.6541842834828386,25,20,10
1,1969,0.21701100586366454,0.039515486429495206,0.07892517263125921,0.6645483350755812,25,20,10
1,1970,0.11707077181295951,0.0395190662178196,0.1637651287156294,0.6796450332535937,25,20,10
1,1971,0.1387153134123459,0.039954624523380444,0.14215498706747265,0.6791750749968044,25,20,10
1,1972,0.1339570395286349,0.07793103456830691,0.149192771248569,0.6389191546544916,25,20,10
1,1973,0.1229265318593463,0.07989303396129968,0.17543505526015504,0.6217453789191987,25,20,10
1,1974,0.1495940162275341,0.0799375104699045,0.13150743980710092,0.6389610334954621,25,20,10
1,1975,0.2284391461719246,0.07994623463039284,0.05334212898384008,0.6382724902138421,25,20,10
1,1976,0.2704576311155295,0.07878113564514012,0.012277662447922128,0.6384835707914085,25,20,10
1,1977,0.24683653423849047,0.07877953470786736,0.035046429238318945,0.6393375018153231,25,20,10
1,1978,0.2162265384215309,0.07877359270951369,0.06617203535109735,0.638827833517858,25,20,10
1,1979,0.21095059230305935,0.0799044708050879,0.0719587536491529,0.6371861832427003,25,20,10
1,1980,0.20673431956452337,0.08002749584278795,0.07410020946623704,0.6391379751264531,25,20,10
1,1981,0.1807125038604726,0.056200504623181005,0.12358935616334873,0.6394976353529997,25,20,10
1,1982,0.18481473565020848,0.03995505934597541,0.13635075520235646,0.6388794498014623,25,20,10
1,1983,0.16384157959777126,0.0012102995111670971,0.2046321824512837,0.6303159384397806,25,20,10
1,1984,0.20147436151992693,0.0005263201803745151,0.1588356308500335,0.6391636874496699,25,20,10
1,1985,0.21546843920453207,0.00040276037506060714,0.14580265096426603,0.6383261494561425,25,20,10
1,1986,0.22403743164096845,0.00040281829917660606,0.13208477389847828,0.6434749761613777,25,20,10
1,1987,0.21792780688844107,0.0004027764597023859,0.12709561486065737,0.6545738017912011,25,20,10
1,1988,0.23718382081235795,6.394884658777496e-09,0.08149937846928339,0.6813167943234747,25,20,10
1,1989,0.2156091960403348,1.6368801621449914e-08,0.10341915900734529,0.6809716285835197,25,20,10
1,1990,0.19069901857295377,1.243285190802168e-05,0.15393880190134762,0.655349746673793,25,20,10
1,1991,0.19269925607093313,0.03915767902277258,0.16428313883948573,0.6038599260668094,25,20,10
1,1992,0.12287729870589276,0.040088769697336796,0.25207532947417427,0.5849586021225966,25,20,10
1,1993,0.11264292528709965,0.02432581853785787,0.26245528551216163,0.6005759706628798,25,20,10
1,1994,0.21756620551126477,0.03993287112663221,0.1408873863990375,0.6016135369630661,25,20,10
1,1995,0.19995282150741236,0.03994622904895222,0.16201680856477807,0.5980841408788578,25,20,10
1,1996,0.23206229940773643,0.039952520073404225,0.13071609689909147,0.5972690836197684,25,20,10
1,1997,0.18751584341769625,0.039937859207093473,0.16594845549736095,0.6065978418778499,25,20,10
1,1998,0.21396877567161476,0.039938810315506494,0.1312758009116415,0.614816613101241,25,20,10
1,1999,0.21543832629668766,0.039366687863555495,0.14151731074764348,0.6036776750921162,25,20,10
1,2000,0.19427988024266793,0.038240544137850926,0.1456852556559382,0.6217943199635437,25,20,10
1,2001,0.24128711375662074,0.014101588138048834,0.11122239365982377,0.6333889044455071,25,20,10
1,2002,0.24065430030061954,0.039975598252362576,0.08633469151652177,0.6330354099304966,25,20,10
1,2003,0.18773413820539597,0.021449887236105133,0.15706652921801134,0.6337494453404887,25,20,10
1,2004,0.19318625427250002,0.03870815986128888,0.14123280976113414,0.6268727761050767,25,20,10
1,2005,0.1607129968318473,0.03849752475141132,0.1821537670218662,0.618635711394877,25,20,10
1,2006,0.1990802166316736,0.039947724843793206,0.10605204233908996,0.6549200161854429,25,20,10
1,2007,0.1516560929190876,0.039990197713220335,0.14394026185827408,0.6644134475094199,25,20,10
1,2008,0.10716686601700476,0.04000798182762889,0.18813128542681784,0.6646938667285515,25,20,10
1,2009,0.12140943237352309,0.040020843993588524,0.17492689570542125,0.6636428279274689,25,20,10
1,2010,0.21023755628419352,0.0400581113872217,0.08595024329469819,0.6637540890338858,25,20,10
1,2011,0.19787490614446707,0.012815013727104174,0.11152486377031008,0.677785216358121,25,20,10
1,2012,0.21491157423385862,0.021232800943663584,0.08561288565000214,0.6782427391724763,25,20,10
1,2013,0.15040968837070914,0.021232589566779064,0.16341119244979743,0.6649465296127155,25,20,10
1,2014,0.16705486514492393,0.03706055039166604,0.11843762716085537,0.6774469573025563,25,20,10
1,2015,0.16733897989603075,0.039937389256315264,0.12587819103140535,0.6668454398162496,25,20,10
1,2016,0.23831962834540968,0.03994357392457189,0.057152434986561716,0.6645843627434573,25,20,10
1,2017,0.20229699583390523,0.03865301974762834,0.08050647089039133,0.6785435135280753,25,20,10
1,2018,0.16755021073853257,0.03826804884431899,0.11531803773865405,0.6788637026784968,25,20,10
1,2019,0.168365324258586,0.01417789592117613,0.1388490136130749,0.678607766207168,25,20,10
1,2020,0.2386437356349622,0.03870945319848191,0.04390412223984007,0.6787426889267151,25,20,10
1,2021,0.19529651623356586,0.07869519328441242,0.04698766862099153,0.6790206218610304,25,20,10
1,2022,0.1751841703700624,0.07989808621340487,0.06563601158773202,0.6792817318288005,25,20,10
1,2023,0.19618472423786903,0.07989857418628411,0.04489620074806902,0.6790205008277774,25,20,10
1,2024,0.14193285675500603,0.0783310897440637,0.11513009979437334,0.6646059537065595,25,20,10
1,2025,0.17833422705776897,0.05639933747657617,0.08617271405434121,0.6790937214113139,25,20,10
1,2026,0.1866321091717625,0.05811208954246249,0.07646618115436234,0.6787896201314132,25,20,10
1,2027,0.18679894556545074,0.07921567305360988,0.020120212558931653,0.7138651688220071,25,20,10
1,2028,0.17748557561667533,0.053310286640488445,0.05548942406542413,0.7137147136774125,25,20,10
1,2029,0.1872597867857354,0.05330514371028516,0.05367258602022634,0.7057624834837523,25,20,10
1,2030,0.1515604188730504,0.07995304791256365,0.08632495985872746,0.6821615733556586,25,20,10
1,2031,0.15196264940907542,0.07696708293757312,0.09267537754601227,0.6783948901073399,25,20,10
1,2032,0.15800075365812968,0.054120619355337934,0.10942868277243516,0.6784499442140987,25,20,10
1,2033,0.15877336556369165,0.06448080526794002,0.09908020582618436,0.677665623342186,25,20,10
1,2034,0.1342996494472288,0.07773825399851873,0.10736881993098532,0.6805932766232682,25,20,10
1,2035,0.17366993704681463,0.07777460938017677,0.06748253598254629,0.6810729175904632,25,20,10
1,2036,0.2065657051377424,0.07992162268007202,0.03202116100589262,0.6814915111762936,25,20,10
1,2037,0.17642079500594626,0.07814883305070669,0.06777453336747877,0.6776558385758678,25,20,10
1,2038,0.17593454558276073,0.039945803222933216,0.08239041828665722,0.7017292329076483,25,20,10
1,2039,0.17912907607860884,0.039986217726808646,0.07449960967855797,0.7063850965160247,25,20,10
1,2040,0.1237738179601906,0.03998619963821029,0.12888001980089153,0.7073599626007094,25,20,10
1,2041,0.1522494381959983,0.03995317055658698,0.09927076599391171,0.7085266252535046,25,20,10
1,2042,0.15823753597057352,0.03994230054724979,0.08108591225497136,0.7207342512272048,25,20,10
1,2043,0.15391424235455659,0.038738719019510044,0.1025081884992254,0.7048388501267095,25,20,10
1,2044,0.13362847825900206,0.038753257339959726,0.10909447764044301,0.7185237867605955,25,20,10
1,2045,0.1599836659414498,0.03873817738812822,0.08881665689828759,0.7124614997721395,25,20,10
1,2046,0.1294599915944601,0.03995446397935745,0.11100350774108116,0.7195820366851027,25,20,10
1,2047,0.11394119687695596,0.011495229942070884,0.1593008569912092,0.7152627161897661,25,20,10
1,2048,0.10041495068873386,0.011251220113857954,0.16854438990248963,0.7197894392949192,25,20,10
1,2049,0.10821529943529606,0.014165461162794409,0.1601347139642989,0.7174845254376128,25,20,10
1,2050,0.10788797553080988,0.01416624247705075,0.15777732568259226,0.7201684563095467,25,20,10
1,2051,0.1328164277333969,0.0399776241675868,0.11884674900383596,0.7083591990951836,25,20,10
1,2052,0.14989320998284306,0.03998372836509854,0.09920447248525084,0.71091858916681,25,20,10
1,2053,0.1294934446633674,0.039983737758946314,0.1318252817025701,0.6986975358751163,25,20,10
1,2054,0.15378113887612527,0.03936736556524427,0.10009303710185709,0.7067584584567765,25,20,10
1,2055,0.10499505748360302,0.03935384784021503,0.1376498652638384,0.7180012294123482,25,20,10
1,2056,0.0845736092489286,0.03997697850418233,0.16338991792568977,0.7120594943212004,25,20,10
1,2057,0.06872503158330487,0.01121539684983317,0.2068550103759654,0.7132045611908996,25,20,10
1,2058,0.08494076465890826,0.011230767364377774,0.19128973539011423,0.7125387325866028,25,20,10
1,2059,0.0986930353809357,0.01123076378997636,0.1706037238167637,0.7194724770123238,25,20,10
1,2060,0.16440358755678816,0.011229470978912163,0.11015877505054884,0.7142081664137511,25,20,10
1,2061,0.12006436887329974,0.011707719696576352,0.1492981571413234,0.7189297542888022,25,20,10
1,2062,0.11964187522024705,0.04353023421441774,0.12377939020627433,0.7130485003590618,25,20,10
1,2063,0.08349848927265663,0.042087093800601265,0.16640145478876434,0.7080129621379807,25,20,10
1,2064,0.12322581695548422,4.013970498472996e-08,0.16415474875164604,0.7126193941531653,25,20,10
1,2065,0.10971481502475483,2.5456278112525027e-08,0.18283743225865415,0.7074477272603131,25,20,10
1,2066,0.14503489944775194,8.448631987938111e-08,0.15017632070309853,0.7047886953628284,25,20,10
1,2067,0.19073833583501776,4.466508917619987e-08,0.10483536642066221,0.7044262530792339,25,20,10
1,2068,0.14899004956035203,0.00022485285706546577,0.14488440696077892,0.7059006906218045,25,20,10
1,2069,0.14736981156648893,0.00022431830806297442,0.13407240144035704,0.7183334686850926,25,20,10
1,2070,0.15147897366012592,0.00022278879850150688,0.12990883990002405,0.7183893976413492,25,20,10
1,2071,0.17453722426767765,1.0583594898621234e-07,0.10736919471808724,0.7180934751782874,25,20,10
1,2072,0.20077271939025038,3.190211341465098e-08,0.08137421855968263,0.7178530301479539,25,20,10
1,2073,0.18223798786690668,6.606071147083567e-06,0.1031314627624072,0.7146239432995375,25,20,10
1,2074,0.23167657441684358,0.0006428104476925843,0.049257644188246116,0.7184229709472167,25,20,10
1,2075,0.23564713195991252,0.0006426242819903255,0.05646162852981809,0.7072486152282795,25,20,10
1,2076,0.2195567609838833,4.5368735606575424e-07,0.06179993083408004,0.7186428544946799,25,20,10
1,2077,0.251886793351757,0.00022903154444498024,0.038849878145646284,0.7090342969581513,25,20,10
1,2078,0.2027131092778465,0.0002289998480211694,0.0882896057019009,0.7087682851722313,25,20,10
1,2079,0.20740444523103377,8.180666763562517e-07,0.07360658555891306,0.7189881511433763,25,20,10
1,2080,0.18718424610015497,3.020344400175232e-08,0.09433992112847432,0.7184758025679281,25,20,10
1,2081,0.2219261108878109,5.898794099787531e-07,0.06359566547879833,0.7144776337539809,25,20,10
1,2082,0.22435269104926386,3.501587314827529e-07,0.05622412087448922,0.719422837917516,25,20,10
1,2083,0.167373210872325,4.970272580135112e-08,0.14885209649853332,0.6837746429264173,25,20,10
1,2084,0.19386908614766898,1.1524358861598398e-05,0.13785658295843872,0.6682628065350336,25,20,10
1,2085,0.242836172706102,9.755398181557977e-10,0.07912195862256458,0.6780418676957934,25,20,10
1,2086,0.20409604415080654,9.117032930875619e-08,0.08473548338495189,0.7111683812939137,25,20,10
1,2087,0.19963677859033624,3.225813190481807e-07,0.11655345979751015,0.6838094390308344,25,20,10
1,2088,0.20658363251247475,4.098680322335622e-05,0.12759795742585353,0.6657774232584518,25,20,10
1,2089,0.18178796344100281,2.0445624263594943e-09,0.1127997357088286,0.7054122988056096,25,20,10
1,2090,0.14662220691732325,4.2743491241896064e-07,0.1447536959845144,0.7086236696632523,25,20,10
1,2091,0.21421787220658448,0.0002799649500165067,0.09160684219757814,0.6938953206458209,25,20,10
1,2092,0.20146480277819584,8.390726311539049e-05,0.14762593235039168,0.6508253576082975,25,20,10
1,2093,0.19672810409676889,3.433482013247498e-07,0.1355803692492331,0.6676911833057992,25,20,10
1,2094,0.21842237516074042,9.728004913343989e-07,0.10351258424206086,0.6780640677967102,25,20,10
1,2095,0.23514701939092697,1.5188028542226044e-06,0.09846494864794214,0.6663865131582775,25,20,10
1,2096,0.160912330032075,1.0738881948137403e-06,0.18139389407898893,0.6576927020007456,25,20,10
1,2097,0.2209958842995846,2.5636633587011174e-05,0.10464451486907769,0.6743339641977546,25,20,10
1,2098,0.22699927818347107,4.878395143578098e-07,0.09404376018928369,0.6789564737877339,25,20,10
1,2099,0.16710875813348797,5.64730377000681e-07,0.15389956700819163,0.6789911101279451,25,20,10
1,2100,0.15011612724094806,5.233684898032443e-07,0.2554053208312239,0.5944780285593372,25,20,10
1,2101,0.14119288723793985,0.0003933937012064989,0.2586094827658521,0.5998042362950043,25,20,10
1,2102,0.16450954672661067,2.083367710639396e-05,0.24103820439612747,0.5944314152001574,25,20,10
1,2103,0.18072483502639106,1.272045866801631e-05,0.17862137449430837,0.6406410700206319,25,20,10
1,2104,0.1511146676811332,1.2978374277179157e-05,0.21570414378750358,0.633168210157087,25,20,10
1,2105,0.16463199392772945,1.960649743404938e-05,0.20283005625417502,0.6325183433206657,25,20,10
1,2106,0.1173727804812672,0.040083458924484734,0.20678582194427658,0.6357579386499712,25,20,10
1,2107,0.15869833532243777,0.03995243881076816,0.17757246264017634,0.623776763226619,25,20,10
1,2108,0.17643448173427642,0.04006572837879709,0.1500858733422977,0.633413916544633,25,20,10
1,2109,0.22737629253455793,0.03993958442240431,0.05970317847645077,0.6729809445665869,25,20,10
1,2110,0.22619290965349426,0.03821543075058678,0.05707909359135571,0.678512566004564,25,20,10
1,2111,0.22860589147719054,0.03821543643937249,0.05873459202670727,0.6744440800567297,25,20,10
1,2112,0.23654980229976832,0.03827809229466156,0.0569673099288194,0.6682047954767504,25,20,10
1,2113,0.2593905596458113,0.014154770557031153,0.08585820595001076,0.6405964638471466,25,20,10
1,2114,0.2637675311112336,0.037203341404334685,0.07811610156612357,0.6209130259183074,25,20,10
1,2115,0.24731760395602476,0.037190284491896604,0.115055754279655,0.6004363572724258,25,20,10
1,2116,0.2734511492990107,0.011231543840497063,0.11611058502336741,0.5992067218371248,25,20,10
1,2117,0.244767013699097,0.039991089233045334,0.12557442331063093,0.5896674737572295,25,20,10
1,2118,0.19554496772348468,0.03953574556268546,0.14352567611516182,0.6213936105986717,25,20,10
1,2119,0.19201416559453588,0.03994848045701118,0.14033243148031033,0.6277049224681462,25,20,10
1,2120,0.20616435284513046,0.0399486541791742,0.11541513727951122,0.6384718556961845,25,20,10
1,2121,0.22718554334506344,0.03994841528815395,0.10716370094614723,0.625702340420636,25,20,10
1,2122,0.14952696530434526,0.039972495527005616,0.14462361245581318,0.6658769267128366,25,20,10
1,2123,0.1395976735681515,0.03822450708564962,0.1444570742410386,0.6777207451051602,25,20,10
1,2124,0.1387423177197354,0.039954736963239486,0.14497940538629225,0.6763235399307337,25,20,10
1,2125,0.1252279901735592,0.038738341943634604,0.19817802060726109,0.6378556472755431,25,20,10
1,2126,0.13758221766136713,0.03994930792624086,0.18367507855614576,0.6387933958562467,25,20,10
1,2127,0.1825070803510988,0.03871663091407114,0.09972805431347762,0.6790482344213535,25,20,10
1,2128,0.13091370219224696,0.038727327556072534,0.1567070107364725,0.6736519595152112,25,20,10
1,2129,0.12760911387289153,0.03871016775262657,0.15356537360531627,0.6801153447691682,25,20,10
1,2130,0.06546010379275796,0.0400091424471871,0.21564077340105656,0.6788899803589988,25,20,10
1,2131,0.11503983181090421,0.03942814526853276,0.1661048448101545,0.6794271781104103,25,20,10
1,2132,0.15063218085170238,0.03942819303763877,0.13223827564401303,0.6777013504666479,25,20,10
1,2133,0.12625798841493852,0.03856770011905444,0.14562903290222107,0.6895452785637863,25,20,10
1,2134,0.16353157844173544,0.038567736885226446,0.11969435289986113,0.6782063317731776,25,20,10
1,2135,0.21023669451492147,0.03997710922751146,0.070538649911497,0.6792475463460703,25,20,10
1,2136,0.22893940221698159,0.03993920603840788,0.05211835725132649,0.679003034493284,25,20,10
1,2137,0.15551547406897792,0.040333275169195416,0.12549238154818487,0.6786588692136434,25,20,10
1,2138,0.15790665071433074,0.039947035650034525,0.12750406722743501,0.6746422464082026,25,20,10
1,2139,0.10767756194890192,0.04062961648248014,0.17216068472710722,0.6795321368415099,25,20,10
1,2140,0.14520364900105556,0.03995549608214944,0.13682877491014941,0.6780120800066476,25,20,10
1,2141,0.14492421299144437,0.039957082195389286,0.1460329420507378,0.6690857627624296,25,20,10
1,2142,0.12517461660207785,0.03994923059632376,0.1685605864841114,0.6663155663174891,25,20,10
1,2143,0.07658619127378527,0.03995026993013187,0.20999822808154991,0.6734653107145333,25,20,10
1,2144,0.09965450537915267,0.040606780101845014,0.18774975720333187,0.6719889573156707,25,20,10
1,2145,0.04626234824082231,0.049727636506115794,0.2253230375086528,0.6786869777444104,25,20,10
1,2146,0.16314518161318084,0.0890156944009793,0.09188305465397004,0.6559560693318716,25,20,10
1,2147,0.13497004798904955,0.08898734591702287,0.09701357561090923,0.6790290304830195,25,20,10
1,2148,0.16371943974533068,0.08899820400618916,0.06810039985723297,0.6791819563912472,25,20,10
1,2149,0.08081956676444485,0.11691648010264448,0.12284318210012382,0.6794207710327891,25,20,10
1,2150,0.07171740861330568,0.11930977153928572,0.16670670479492664,0.6422661150524834,25,20,10
1,2151,0.07316833100687341,0.0402782067611955,0.2617787347252316,0.624774727506699,25,20,10
1,2152,0.12016324713233736,0.047513490971967796,0.20579297721744982,0.6265302846782465,25,20,10
1,2153,0.1491841595957524,0.04778382441029067,0.17329377600536622,0.6297382399885927,25,20,10
1,2154,0.186226549712122,0.04740869194618913,0.14020203150879418,0.626162726832899,25,20,10
1,2155,0.18425403574265165,0.04738132374817126,0.1418682617314553,0.6264963787777224,25,20,10
1,2156,0.14173481764981222,0.04604356345334413,0.17266821144616157,0.6395534074506846,25,20,10
1,2157,0.12697057555935454,0.06398868719476082,0.20800584614190754,0.6010348911039801,25,20,10
1,2158,0.15861256718110978,0.13266159134221425,0.1104341941691998,0.5982916473074784,25,20,10
1,2159,0.1189851729997434,0.15690809221634752,0.1251054871771714,0.599001247606741,25,20,10
1,2160,0.15073398001814098,0.15790603372573234,0.08212202298563197,0.6092379632704972,25,20,10
1,2161,0.13244532781333437,0.15809618027686248,0.10024234379642487,0.6092161481133802,25,20,10
1,2162,0.1719727771262261,0.15740328951028926,0.11626384963686404,0.5543600837266243,25,20,10
1,2163,0.19501916459779253,0.14254626411969795,0.11141894193182326,0.5510156293506866,25,20,10
1,2164,0.1726458561371755,0.10367641541573025,0.16916751892257742,0.554510209524517,25,20,10
1,2165,0.13287706273541777,0.11941348044711737,0.19291505901971714,0.554794397797749,25,20,10
1,2166,0.12377308860707853,0.09440059531827777,0.22286290730896263,0.5589634087656836,25,20,10
1,2167,0.11151957405327714,0.09392959293689594,0.23509678939139567,0.5594540436184293,25,20,10
1,2168,0.16066967369046015,0.09338496699479248,0.18700349118671025,0.5589418681280364,25,20,10
1,2169,0.16012774127099394,0.09175049031372656,0.2301502896372131,0.517971478778067,25,20,10
1,2170,0.1528507749535033,0.11921636075345932,0.17308480969494586,0.5548480545980922,25,20,10
1,2171,0.16045965025513823,0.11864069898424447,0.17700868261160443,0.5438909681490135,25,20,10
1,2172,0.18306368579476529,0.11693845769780309,0.10651436234884519,0.5934834941585868,25,20,10
1,2173,0.2197027361453991,0.11814144982301576,0.06255622634994275,0.599599587681643,25,20,10
1,2174,0.22055553221676916,0.11645532830165559,0.06398729818728048,0.599001841294294,25,20,10
1,2175,0.15757933537135632,0.11984629272544173,0.13723841846218574,0.5853359534410193,25,20,10
1,2176,0.18394755708380967,0.11985770706840893,0.09744856805167018,0.5987461677961126,25,20,10
1,2177,0.15214630874569177,0.062345656372835706,0.18639336475873122,0.599114670122743,25,20,10
1,2178,0.15826118821760338,0.11632927958519264,0.12650187812398905,0.598907654073215,25,20,10
1,2179,0.17145712982592815,0.11647221997602418,0.11876414243646888,0.5933065077615786,25,20,10
1,2180,0.1978716861100541,0.146205815916161,0.06271091053098628,0.5932115874427988,25,20,10
1,2181,0.166858270696859,0.14335277528621754,0.10463119934818803,0.5851577546687382,25,20,10
1,2182,0.1519059075036352,0.1143590443302839,0.14899856685659865,0.5847364813094837,25,20,10
1,2183,0.1067552057476194,0.12893309604154038,0.16409492767338427,0.6002167705374579,25,20,10
1,2184,0.135224200851989,0.14000906923823697,0.17229499518626273,0.552471734723513,25,20,10
1,2185,0.13676801320577195,0.13998544648422248,0.1643285771345238,0.5589179631754813,25,20,10
1,2186,0.15201586560990848,0.13947532599512946,0.16081805595804813,0.5476907524369153,25,20,10
1,2187,0.17028825170463935,0.15466358896261087,0.09517311454443782,0.5798750447883123,25,20,10
1,2188,0.15810978513331597,0.13170885895326248,0.13169032842836684,0.5784910274850552,25,20,10
1,2189,0.13599111395473165,0.15893611211593203,0.11983899754025684,0.585233776389082,25,20,10
1,2190,0.12218998975013619,0.16279504602022932,0.12171036169627966,0.5933046025333573,25,20,10
1,2191,0.10882920471576898,0.1574873799155946,0.14230001664643122,0.5913833987222061,25,20,10
1,2192,0.1081443854939953,0.17873334178051878,0.12031704608153423,0.5928052266439517,25,20,10
1,2193,0.1187496562610609,0.1982995157858288,0.08440132493264434,0.5985495030204682,25,20,10
1,2194,0.10763022527133892,0.18312839309543869,0.10975709160546473,0.5994842900277582,25,20,10
1,2195,0.12126921005607759,0.19685114323274872,0.08287799540439345,0.5990016513067805,25,20,10
1,2196,0.11916956445776776,0.19330142053493685,0.08793198536594864,0.5995970296413473,25,20,10
1,2197,0.15713319982674742,0.19553375497667275,0.04719241127282986,0.6001406339237494,25,20,10
1,2198,0.16142458086145825,0.1979763462229941,0.08056299800285202,0.5600360749126955,25,20,10
1,2199,0.12432665063651234,0.19691361210619365,0.09815158583741805,0.5806081514198769,25,20,10
1,2200,0.1218395179675395,0.19970255895862873,0.08579465675989173,0.5926632663139408,25,20,10
1,2201,0.11880265424438026,0.19868315849596618,0.08928774767923266,0.5932264395804215,25,20,10
1,2202,0.13888503737940547,0.1604322734032675,0.12572215116988356,0.5749605380474433,25,20,10
1,2203,0.15740830254440255,0.15874595925594137,0.11074112215305312,0.5731046160466029,25,20,10
1,2204,0.1546589438109014,0.12930023262282492,0.1669598902343347,0.5490809333319411,25,20,10
1,2205,0.0479732552645616,0.1585224635441181,0.16768374708561345,0.625820534105709,25,20,10
1,2206,0.04049426817908715,0.1585211565174616,0.16178983545448206,0.6391947398489741,25,20,10
1,2207,0.08010159901559157,0.1585488876129026,0.13191799195825354,0.6294315214132546,25,20,10
1,2208,0.052428666342700735,0.1194144508835128,0.1932167405251802,0.634940142248608,25,20,10
1,2209,0.04480929398585166,0.12021139656340538,0.19438875205738534,0.6405905573933593,25,20,10
1,2210,0.04158880184647617,0.14500748281739895,0.1814194791649847,0.6319842361711407,25,20,10
1,2211,0.08062560266482635,0.14503079834570953,0.135643629384361,0.6386999696051049,25,20,10
1,2212,0.08090438948541802,0.1442999448196927,0.10756722824155536,0.6672284374533339,25,20,10
1,2213,0.07906512347904834,0.14363227812454749,0.07071190214165933,0.706590696254745,25,20,10
1,2214,0.1039273590538594,0.1560856256513348,0.0329594074394254,0.7070276078553804,25,20,10
1,2215,0.06354981705410995,0.1578392297800082,0.06036185751746502,0.7182490956484159,25,20,10
1,2216,0.03982245042805451,0.11568217240525852,0.12622530761940826,0.7182700695472812,25,20,10
1,2217,0.0798298540676195,0.13058387281088257,0.14143955889335114,0.6481467142281504,25,20,10
1,2218,0.11849828344554096,0.12860136512767206,0.09086356472358435,0.662036786703202,25,20,10
1,2219,0.10333613690821862,0.13110520969324763,0.09658762816865325,0.6689710252298806,25,20,10
1,2220,0.06750944141385472,0.12939852557461337,0.1307739754834137,0.6723180575281201,25,20,10
1,2221,0.10125650422262239,0.11852570516007052,0.1073586713556047,0.6728591192617052,25,20,10
1,2222,0.09716338515988124,0.11822606215031417,0.10524885909882595,0.6793616935909793,25,20,10
1,2223,0.08193732517314119,0.11748677536226383,0.1215855555619331,0.6789903439026659,25,20,10
1,2224,0.08880485226237138,0.11626728791745666,0.1129776653971376,0.6819501944230356,25,20,10
1,2225,0.05977867428978491,0.07873239931340774,0.22483489503093407,0.6366540313658721,25,20,10
1,2226,0.05922384398687033,0.07935814993983055,0.22160009538399136,0.6398179106893085,25,20,10
1,2227,0.06883303648002803,0.0802516371354848,0.21636486099660282,0.6345504653878858,25,20,10
1,2228,0.044271952654195916,0.07965951507855978,0.23749483681045455,0.6385736954567917,25,20,10
1,2229,0.1338177355405733,0.08491920577477206,0.14182340995237758,0.6394396487322793,25,20,10
1,2230,0.18501816570036225,0.0782208005388509,0.10823914909860732,0.6285218846621801,25,20,10
1,2231,0.1096805168247437,0.07821917313149382,0.17337302071961086,0.6387272893241542,25,20,10
1,2232,0.15317705859631578,0.07823647493770691,0.12318201937003957,0.6454044470959396,25,20,10
1,2233,0.15583840133925442,0.0782051643355909,0.13102538085305715,0.634931053472101,25,20,10
1,2234,0.1633548656575902,0.07820028427348698,0.13031361389481214,0.6281312361741119,25,20,10
1,2235,0.21168502744713202,0.07857235397637609,0.08101630009374433,0.628726318482748,25,20,10
1,2236,0.15156885648538576,0.07858733039642711,0.12593614781431817,0.6439076653038717,25,20,10
1,2237,0.18069648320190054,0.07644591908466368,0.06574860247896794,0.6771089952344677,25,20,10
1,2238,0.19431516591990355,0.048348152414992684,0.08060456661002512,0.6767321150550778,25,20,10
1,2239,0.22474748252614313,0.03994571569715045,0.05756444556056649,0.6777423562161401,25,20,10
1,2240,0.19143433097942725,0.03998914730010236,0.09104020010703723,0.6775363216134349,25,20,10
1,2241,0.1940621913805025,0.0399489158620585,0.08704219635512263,0.6789466964023166,25,20,10
1,2242,0.13510608500477608,0.03689362696379483,0.14912572126883586,0.6788745667625965,25,20,10
1,2243,0.16183447503374324,0.036893667971968844,0.0918887903496872,0.7093830666446013,25,20,10
1,2244,0.18113795850601908,0.02122595865283279,0.07900756104579147,0.718628521795357,25,20,10
1,2245,0.20124315195099893,0.03870134048111593,0.040858916305539644,0.7191965912623446,25,20,10
1,2246,0.20464584266881972,0.03995500640667578,0.009516689110602978,0.745882461813902,25,20,10
1,2247,0.10954525408938626,0.03995543700265815,0.06803853728412512,0.782460771623831,25,20,10
1,2248,0.12233997325989457,0.039955376276978864,0.08013883909112131,0.7575658113720053,25,20,10
1,2249,0.13120685385678166,0.03995502124458189,0.04780279158818269,0.7810353333104533,25,20,10
1,2250,0.11942103404530263,0.038242142667634114,0.04873443536715766,0.7936023879199057,25,20,10
1,2251,0.12017436109642152,0.039948398284254,0.037446956114317205,0.8024302845050054,25,20,10
1,2252,0.09237737406930265,0.03998941017595166,0.03981176802410684,0.8278214477306374,25,20,10
1,2253,0.1198462725595255,0.03873300486492087,0.025926589164397728,0.815494133411155,25,20,10
1,2254,0.13774430724885342,0.03859898441761736,0.013661118371158694,0.80999558996237,25,20,10
1,2255,0.1361407900567667,0.038599002682959245,0.013617950396829477,0.8116422568634443,25,20,10
1,2256,0.12448388065850803,0.03859898637202875,0.019130229905390164,0.817786903064073,25,20,10
1,2257,0.07269818918366024,0.03859898634867307,0.06876022660914924,0.8199425978585165,25,20,10
1,2258,0.1196931466991708,0.03996386036042014,0.01717437511992216,0.8231686178204863,25,20,10
1,2259,0.12067269749392726,0.03993787287767712,0.005801191343893952,0.8335882382845005,25,20,10
1,2260,0.08572229933906435,0.0399512072844195,0.05147986412901358,0.8228466292475012,25,20,10
1,2261,0.04986076201295772,0.01412918881486127,0.10224959376888924,0.8337604554032922,25,20,10
1,2262,0.04966303362466617,0.03994357113345815,0.0773671950699991,0.8330262001718767,25,20,10
1,2263,0.04069989328298893,0.03997095076688948,0.11851025045020278,0.8008189054999203,25,20,10
1,2264,0.10848214864798254,0.03998971514291888,0.05818058757022682,0.7933475486388705,25,20,10
1,2265,0.11211866745617853,0.00040366906589636557,0.09584062308218928,0.7916370403957376,25,20,10
1,2266,0.16054915581960508,0.0004032237008769501,0.039890754833313447,0.7991568656462035,25,20,10
1,2267,0.1584839867872344,0.00040327194778664867,0.050559923219238606,0.7905528180457401,25,20,10
1,2268,0.1560527361984649,2.1253809231273228e-07,0.04771544790578058,0.7962316033576606,25,20,10
1,2269,0.116789524517034,1.4410252974850793e-06,0.09773151221390433,0.7854775222437644,25,20,10
1,2270,0.12993806291991247,1.072917404773681e-05,0.10758297340619753,0.7624682344998436,25,20,10
1,2271,0.1314749156243178,2.931861696372826e-07,0.15007363965836917,0.7184511515311478,25,20,10
1,2272,0.1179505907920767,2.603297677696053e-05,0.12306505099000117,0.758958325241148,25,20,10
1,2273,0.13574093618109292,1.1559553967583291e-06,0.06999419388790294,0.7942637139756071,25,20,10
1,2274,0.11995204784713893,0.0007762472979238716,0.10794291368927564,0.7713287911656644,25,20,10
1,2275,0.10835785676526134,0.0007762448008659399,0.10324320986121643,0.7876226885726579,25,20,10
1,2276,0.11621460212095308,0.0007762042741969756,0.1042192764508914,0.7787899171539585,25,20,10
1,2277,0.11526370013390279,9.133051312852932e-09,0.08557573188611464,0.7991605588469319,25,20,10
1,2278,0.15825193078109637,2.751666395759482e-08,0.04872489271135582,0.7930231489908829,25,20,10
1,2279,0.15485088497534025,6.800344043815179e-06,0.06507135680165824,0.7800709578789575,25,20,10
1,2280,0.15378988176231137,6.800924729121897e-06,0.06185581912667054,0.784347498186288,25,20,10
1,2281,0.14758300526353949,6.8132582721294104e-06,0.053646991484804465,0.7987631899933827,25,20,10
1,2282,0.1329259879118653,0.00024897628807448477,0.10497898893626038,0.7618460468637988,25,20,10
1,2283,0.13513529048112669,0.00024228920415101347,0.10259525938766474,0.7620271609270585,25,20,10
1,2284,0.1381435739150195,0.00024220632702403612,0.10040920379304351,0.7612050159649121,25,20,10
1,2285,0.07978848059008263,0.0006747609225658807,0.17946209666484042,0.7400746618225152,25,20,10
1,2286,0.08941767483160903,0.00027628444974207985,0.20490248967300595,0.7054035510456445,25,20,10
1,2287,0.06610257246588012,0.000465218871423195,0.2413121200094407,0.6921200886532546,25,20,10
1,2288,0.0503183454557041,0.00045580354104804785,0.2583971704962372,0.6908286805070034,25,20,10
1,2289,0.09635064809825503,0.0004555221368037116,0.1861264493486406,0.7170673804163035,25,20,10
1,2290,0.13014604763997972,0.0004554897245742474,0.1646518747725004,0.7047465878629465,25,20,10
1,2291,0.12212431587237361,1.0842078146568932e-08,0.16020257422364434,0.7176730990619036,25,20,10
1,2292,0.10521853216433547,1.6907306793063453e-05,0.13692818130767098,0.7578363792212012,25,20,10
1,2293,0.10695467284379877,6.943217947808144e-05,0.12258733482177658,0.7703885601549492,25,20,10
1,2294,0.10776727597226259,1.366928044707543e-06,0.13307570479064917,0.7591556523090446,25,20,10
1,2295,0.1105875228022279,4.111298287225171e-08,0.10249065395023875,0.7869217821345508,25,20,10
1,2296,0.07050823733241074,4.104211392640366e-08,0.1297415759114461,0.7997501457140317,25,20,10
1,2297,0.0852357418046855,3.228608959806468e-08,0.11063964216734963,0.8041245837418747,25,20,10
1,2298,0.15483955899463336,3.137337795988217e-07,0.041436483803269857,0.8037236434683173,25,20,10
1,2299,0.1424221828202144,2.2992383771043446e-08,0.054593475947494426,0.8029843182399073,25,20,10
1,2300,0.15942029469450247,8.440002855179927e-08,0.036905298193219,0.8036743227122491,25,20,10
1,2301,0.10627836159794825,1.1126253008682426e-07,0.09288026725515941,0.8008412598843659,25,20,10
1,2302,0.09377399056539794,1.0289803046314412e-06,0.10806993273143299,0.7981550477228653,25,20,10
1,2303,0.08673076776857389,1.0105530273887213e-06,0.11892519156789262,0.7943430301105059,25,20,10
1,2304,0.07388211590835499,2.2492708271009175e-09,0.12800768999359854,0.7981101918487781,25,20,10
1,2305,0.08546431892072054,1.8945918037612444e-07,0.11684898471325605,0.7976865069068405,25,20,10
1,2306,0.11767953699349959,5.293594099257511e-06,0.08337622535643413,0.7989389440559684,25,20,10
1,2307,0.08479380476694041,5.2933781170598e-06,0.1523779383195586,0.7628229635353851,25,20,10
1,2308,0.09863229227890567,0.004167877831406449,0.145431977201356,0.7517678526883299,25,20,10
1,2309,0.10433958696716034,0.004167903033236402,0.2040330254838245,0.6874594845157789,25,20,10
1,2310,0.15746991493857157,1.3622388271710992e-06,0.11915450605587102,0.7233742167667301,25,20,10
1,2311,0.15047549392900078,1.1424571638624007e-07,0.13315315985960732,0.7163712319656775,25,20,10
1,2312,0.15402640403007622,4.317485387851585e-08,0.1768119028914512,0.6691616499036174,25,20,10
1,2313,0.1575327174190976,1.0626400498737263e-08,0.16452000275892462,0.6779472691955799,25,20,10
1,2314,0.20821038250831075,4.312069129752112e-09,0.15492439982963901,0.6368652133499836,25,20,10
1,2315,0.1984877658777869,1.4780551787604037e-07,0.12874932141357426,0.6727627649031237,25,20,10
1,2316,0.22871055351049688,4.2848004333226926e-08,0.08909634244746124,0.6821930611940394,25,20,10
1,2317,0.22474229254817002,7.530910329205571e-08,0.09694474790245751,0.6783128842402693,25,20,10
1,2318,0.24913551002932288,1.3782778028227028e-08,0.07239807056064174,0.6784664056272576,25,20,10
1,2319,0.2577115820159628,4.352791545135426e-08,0.06369720770496703,0.6785911667511545,25,20,10
1,2320,0.21760719411754947,4.666497469720456e-08,0.12544194190860292,0.6569508173088743,25,20,10
1,2321,0.22033127017921775,1.1419755938742514e-07,0.1010641932654314,0.6786044223577928,25,20,10
1,2322,0.2356384984878143,1.765069606302405e-09,0.08657607858980496,0.6777854211573116,25,20,10
1,2323,0.24076536575673654,1.1642744454755967e-08,0.08058679493648074,0.6786478276640372,25,20,10
1,2324,0.1861691659532077,4.309558442068241e-06,0.08476597302208606,0.7290605514662665,25,20,10
1,2325,0.1659017212921993,3.1082029323238395e-06,0.07502841572393394,0.759066754780934,25,20,10
1,2326,0.15263204948168121,1.2703745224532225e-08,0.08881586412694915,0.7585520736876251,25,20,10
1,2327,0.16631281005245943,1.9713141715422834e-07,0.07532329156494344,0.7583637012511787,25,20,10
1,2328,0.15964606180217095,1.1751018758517355e-07,0.08135030146176968,0.7590035192258727,25,20,10
1,2329,0.13641220754964872,1.6813016417377928e-08,0.10971441503790977,0.7538733605994251,25,20,10
1,2330,0.20261559104558557,1.9793734085579624e-07,0.07921878688434601,0.7181654241327281,25,20,10
1,2331,0.1607612502984143,2.2110070256220954e-07,0.11779168068232088,0.7214468479185626,25,20,10
1,2332,0.08811988568895746,6.941766354186147e-05,0.15168164583001395,0.7601290508174878,25,20,10
1,2333,0.11721050595181103,0.00017423706668867926,0.09542002852245622,0.7871952284590453,25,20,10
1,2334,0.13719006187377367,0.00017420614952038063,0.07593655784925783,0.786699174127448,25,20,10
1,2335,0.11259843016755154,0.00010525330445082942,0.11236674591254568,0.7749295706154523,25,20,10
1,2336,0.08815229505329594,0.00011571994712119252,0.1599039682967084,0.751828016702876,25,20,10
1,2337,0.05734187986380646,0.0001047656148191192,0.21283333410880925,0.7297200204125648,25,20,10
1,2338,0.04367295525222679,1.1681681011497563e-08,0.2111187293493581,0.7452083037167345,25,20,10
1,2339,0.1126693157179271,1.3826800166726168e-08,0.13914473684504552,0.7481859336102283,25,20,10
1,2340,0.1114951214370238,1.1772562285450859e-07,0.11639326191088277,0.772111498926471,25,20,10
1,2341,0.1477459761714882,6.791339334304177e-08,0.06061923617915003,0.7916347197359683,25,20,10
1,2342,0.19276054624750297,1.863734787875564e-09,0.01460277175709671,0.7926366801316648,25,20,10
1,2343,0.18578610769729245,6.047057043550497e-09,0.015593819225871346,0.7986200670297781,25,20,10
1,2344,0.1859454303272189,6.403925671141846e-06,0.01503422016839575,0.7990139455787135,25,20,10
1,2345,0.15388446998965272,6.636045314405443e-06,0.04680431747948499,0.7993045764855486,25,20,10
1,2346,0.16350877524114946,1.833743745539413e-05,0.0415299915289227,0.7949428957924721,25,20,10
1,2347,0.1230950071294845,6.782261424654188e-06,0.08265553636170482,0.7942426742473856,25,20,10
1,2348,0.15504740238788595,3.5359134741060885e-07,0.05535778704466463,0.7895944569761013,25,20,10
1,2349,0.1392686649304077,3.832511014769741e-07,0.06645113071004236,0.794279821108448,25,20,10
1,2350,0.14993768753025682,7.627084616591622e-06,0.056673402693999675,0.7933812826911261,25,20,10
1,2351,0.15056593357248269,2.877954182224153e-08,0.05834968837648727,0.791084349271487,25,20,10
1,2352,0.1485129958684834,1.2779854729973713e-08,0.05335714954010151,0.7981298418115587,25,20,10
1,2353,0.1783492945449975,8.998874606363457e-07,0.02377082063314597,0.7978789849343947,25,20,10
1,2354,0.11886965475546483,3.3886605222418727e-07,0.12010267612783958,0.761027330250645,25,20,10
1,2355,0.12433994613966942,0.03824957139046043,0.062442782236663115,0.774967700233207,25,20,10
1,2356,0.11974703802672854,0.03996272881238684,0.052047894201555006,0.7882423389593276,25,20,10
1,2357,0.08997329898469236,0.039989517544620816,0.07467877474081877,0.795358408729867,25,20,10
1,2358,0.09337904834180692,0.039996055446767924,0.06886711103544998,0.7977577851759744,25,20,10
1,2359,0.09632038880786385,0.001104647845330001,0.14376645713070116,0.7588085062161077,25,20,10
1,2360,0.047521494684042855,1.9645442840007125e-07,0.19415829267609822,0.7583200161854313,25,20,10
1,2361,0.06562548443949573,2.0260168954820325e-05,0.18896425388713886,0.7453900015044144,25,20,10
1,2362,0.12020160082178079,1.1776494160018233e-08,0.11573889977601365,0.7640594876257112,25,20,10
1,2363,0.16554073487944201,0.0009127844056155557,0.07035125563676246,0.7631952250781796,25,20,10
1,2364,0.1848563432759078,0.000935972601750986,0.05134266820017056,0.7628650159221705,25,20,10
1,2365,0.17428310490362192,9.382333154706907e-06,0.07864442928992248,0.7470630834733,25,20,10
1,2366,0.08983108596919002,9.180608360185331e-06,0.18752566426867087,0.7226340691537806,25,20,10
1,2367,0.09352736351293556,9.0806546742267e-07,0.197529526772785,0.7089422016488158,25,20,10
1,2368,0.13260289768317554,2.1446287180718567e-06,0.14804687033637634,0.7193480873517334,25,20,10
1,2369,0.1312464880155281,0.0002920311759726865,0.15038344597050304,0.718078034837997,25,20,10
1,2370,0.11703653444885057,0.00031027891353610054,0.16590155180457586,0.716751634833038,25,20,10
1,2371,0.19868105955228946,0.0003101160734895077,0.09005807477872685,0.7109507495954935,25,20,10
1,2372,0.19656296247972369,0.0010941368233309608,0.08522147934598444,0.7171214213509611,25,20,10
1,2373,0.16315465782412147,0.001074778301355892,0.09451439491933886,0.7412561689551835,25,20,10
1,2374,0.1848537185214312,0.001074563701111126,0.06197053657190606,0.7521011812055518,25,20,10
1,2375,0.18261799653113214,0.0010900961022685706,0.05798853704371826,0.7583033703228803,25,20,10
1,2376,0.18201016508498025,0.0010900968297639301,0.06451328029346398,0.7523864577917909,25,20,10
1,2377,0.10816692742894168,3.6237320090399903e-07,0.1391313604100017,0.7527013497878592,25,20,10
1,2378,0.10025173864778791,5.933772171801952e-07,0.14252434200401956,0.7572233259709789,25,20,10
1,2379,0.08227792743835441,3.7420245054727693e-07,0.16515784474309114,0.7525638536161045,25,20,10
1,2380,0.12192659440146461,1.5527114264243624e-05,0.12358672807211284,0.7544711504121598,25,20,10
1,2381,0.10937982013408823,1.0036362768248542e-07,0.1361459724388445,0.7544741070634429,25,20,10
1,2382,0.06762521366334286,3.8236444274558234e-08,0.17354951140728458,0.7588252366929279,25,20,10
1,2383,0.06740744594554786,9.643289944878869e-06,0.17313689697917398,0.7594460137853334,25,20,10
1,2384,0.08201326128367423,4.458174360413416e-05,0.159374121634819,0.7585680353379023,25,20,10
1,2385,0.07884324788569082,5.4464255072910086e-09,0.16286687912920658,0.7582898675386786,25,20,10
1,2386,0.07673800415327528,1.3393582641730397e-05,0.16947698541250122,0.753771616851583,25,20,10
1,2387,0.10233993460841939,3.8316865201085895e-07,0.15256914308788072,0.7450905391350487,25,20,10
1,2388,0.16099942199125625,7.810570054189756e-08,0.08682977795832476,0.7521707219447188,25,20,10
1,2389,0.1238834049031108,3.5114233226436534e-08,0.12571188666918226,0.7504046733134752,25,20,10
1,2390,0.164707326474004,1.8175118472490644e-06,0.04925665881165988,0.7860341972024882,25,20,10
1,2391,0.14451377840672408,5.6506716068966375e-08,0.06846544694685362,0.7870207181397059,25,20,10
1,2392,0.19940786535469868,1.1014766617485282e-05,0.013845658062629178,0.7867354618160544,25,20,10
1,2393,0.1906697240964449,5.742351551044192e-06,0.011545709353713702,0.7977788241982906,25,20,10
1,2394,0.1938528829993995,5.788515783151298e-06,0.006913622297605065,0.7992277061872126,25,20,10
1,2395,0.16430715355729444,6.537679975486597e-08,0.0370340899145991,0.7986586911513055,25,20,10
1,2396,0.1967953233153191,1.0440581517552348e-07,0.01592650342130913,0.7872780688575564,25,20,10
1,2397,0.1924672617103822,6.657315992770113e-08,0.03157361531516739,0.7759590564012897,25,20,10
1,2398,0.18940267271406852,1.752267889223667e-08,0.018741033585443313,0.7918562761778096,25,20,10
1,2399,0.16865280687057727,9.02689337782367e-10,0.039759853169537646,0.7915873390571951,25,20,10
1,2400,0.16842210536097033,1.998683041311383e-09,0.033409337992874794,0.798168554647472,25,20,10
1,2401,0.16081256202344268,7.333270529622082e-08,0.040582707941837014,0.7986046567020145,25,20,10
1,2402,0.1332612246082056,1.367491190185975e-07,0.06876109389615191,0.7979775447465233,25,20,10
1,2403,0.10313069232094868,1.1553589106949662e-07,0.11030754331102387,0.7865616488321391,25,20,10
1,2404,0.12530461740215088,1.0689587286446636e-07,0.07783462969444228,0.7968606460075314,25,20,10
1,2405,0.07966544510830932,1.1260052848196094e-06,0.12950456106841113,0.7908288678179949,25,20,10
1,2406,0.0725581464504931,3.028814802248135e-08,0.14304297526959503,0.7843988479917624,25,20,10
1,2407,0.06909139158197225,6.182505834236978e-08,0.14813477417730206,0.7827737724156678,25,20,10
1,2408,0.11630551936245531,6.755144485979674e-08,0.08928930331429548,0.7944051097718041,25,20,10
1,2409,0.12525336504249743,3.966427995407638e-07,0.12115746425643403,0.7535887740582704,25,20,10
1,2410,0.10784675582012657,0.016364812879245304,0.16252609067434548,0.713262340626285,25,20,10
1,2411,0.10990820571544291,0.04105073408679723,0.09360625898643882,0.7554348012113222,25,20,10
1,2412,0.11062483897484611,0.014133810407148823,0.11995809597246242,0.7552832546455447,25,20,10
1,2413,0.11064826423039989,0.014133627373722939,0.11400543259338093,0.7612126758024975,25,20,10
1,2414,0.11640601459204952,0.015018538519943433,0.07132075854978376,0.7972546883382223,25,20,10
1,2415,0.11165722382332412,0.015018538558533679,0.07537274441271734,0.7979514932054235,25,20,10
1,2416,0.11111953185151437,0.03784777932894894,0.056662808243252705,0.7943698805762831,25,20,10
1,2417,0.08879127690131465,0.041613295009999135,0.08186092306180863,0.7877345050268769,25,20,10
1,2418,0.0691419409702089,0.03959272826916166,0.11684816455779531,0.7744171662028334,25,20,10
1,2419,0.0693780849024992,0.011251697345067597,0.13446033041374386,0.78490988733869,25,20,10
1,2420,0.08092518909103831,0.01125148375570311,0.10980270850791113,0.7980206186453471,25,20,10
1,2421,0.07356309964376853,0.038730802953100614,0.09017739219552727,0.7975287052076034,25,20,10
1,2422,0.10287099435320862,0.03997103917013772,0.05958382624765112,0.7975741402290016,25,20,10
1,2423,0.11952560349153364,0.03994009131893974,0.0015820830645756562,0.8389522221249508,25,20,10
1,2424,0.11994286109325604,0.03997096874890216,0.0076992456565409114,0.8323869245013001,25,20,10
1,2425,0.1147865231030786,0.03932981892310694,0.007408181380837395,0.8384754765929763,25,20,10
1,2426,0.12060977507800132,0.03933029746092991,0.02869697245590311,0.8113629550051649,25,20,10
1,2427,0.11954916507272888,0.024545613953271594,0.03171808527231387,0.8241871357016847,25,20,10
1,2428,0.0973873023250284,0.03873216684135876,0.06276082330848905,0.801119707525122,25,20,10
1,2429,0.08216090652917503,0.011231888901382683,0.1193818591722161,0.7872253453972294,25,20,10
1,2430,0.08338370422097884,0.03996919834084133,0.09447476458590982,0.7821723328522735,25,20,10
1,2431,0.0764107650759271,0.022096434123423925,0.1243558223758475,0.7771369784248033,25,20,10
1,2432,0.10028194979723831,0.039948836973580835,0.035175555347316353,0.8245936578818639,25,20,10
1,2433,0.11045099716363367,0.039948665357822634,0.014951231519772375,0.834649105958771,25,20,10
1,2434,0.1199973494287063,0.03994858999213694,0.014016290221691182,0.8260377703574657,25,20,10
1,2435,0.09752358814818486,0.03936337903694822,0.028779516185757345,0.8343335166291094,25,20,10
1,2436,0.10899521935055727,0.03997069192851403,0.022980115541220005,0.8280539731797074,25,20,10
1,2437,0.07082749912520743,1.669342164562069e-06,0.10457598607851314,0.8245948454541171,25,20,10
1,2438,0.05818080572039586,1.5020207347841896e-05,0.1076511717410389,0.8341530023312167,25,20,10
1,2439,0.11853782460856513,1.366034007583212e-05,0.043010357113080655,0.8384381579382779,25,20,10
1,2440,0.11834067945597791,1.3660314185737802e-05,0.04279307761557312,0.8388525826142625,25,20,10
1,2441,0.15561408356694137,6.766550286106786e-10,0.012454823497897354,0.8319310922585061,25,20,10
1,2442,0.15752192996371972,4.321407642042138e-09,0.010285896140744917,0.8321921695741277,25,20,10
1,2443,0.11450137141373767,4.283083449059398e-07,0.04730889253709113,0.8381893077408259,25,20,10
1,2444,0.0813560535811033,1.1936054975092786e-06,0.09565091150912947,0.8229918413042716,25,20,10
1,2445,0.15924490171318714,9.979471194763213e-09,0.008344880974546616,0.8324102073327942,25,20,10
1,2446,0.08874732856267416,9.049197946940476e-06,0.07895906234241154,0.8322845598969671,25,20,10
1,2447,0.09569210322979826,1.0084669951443457e-05,0.06594599141780405,0.8383518206824456,25,20,10
1,2448,0.11177922489300497,9.042135952411302e-06,0.049137809592936586,0.839073923378105,25,20,10
1,2449,0.11175183249225219,9.042134167739224e-06,0.049239390588556864,0.8389997347850219,25,20,10
1,2450,0.09798675597652366,9.586234220878501e-06,0.06860440054236094,0.8333992572468945,25,20,10
1,2451,0.07287705503687214,0.0002378180926784657,0.11355524156908575,0.8133298853013656,25,20,10
1,2452,0.0725201371413785,0.00023777381547893353,0.09964845881436958,0.8275936302287739,25,20,10
1,2453,0.12116634956964525,1.1908532547636412e-09,0.008485795406407254,0.8703478538330931,25,20,10
1,2454,0.10883438771521417,2.268964543776457e-09,0.025940848578243955,0.8652247614375769,25,20,10
1,2455,0.07860288698816965,1.1677749125727075e-06,0.09379329857792444,0.8276026466589945,25,20,10
1,2456,0.11373209660743054,1.4205001284947516e-06,0.048730823378883244,0.8375356595135557,25,20,10
1,2457,0.11666074982577058,1.5202999746572846e-05,0.04595031346118941,0.8373737337132932,25,20,10
1,2458,0.06112885295223742,0.0004185776032748556,0.10112980045318912,0.8373227689913004,25,20,10
1,2459,0.08646205713224027,0.0004189829983357919,0.1001349064311972,0.8129840534382266,25,20,10
1,2460,0.11811021011976477,0.0004034223182074783,0.06765901375726144,0.8138273538047652,25,20,10
1,2461,0.11733092832317255,0.0004021116778701254,0.061184993480946706,0.8210819665180114,25,20,10
1,2462,0.11981485334149018,1.1952841834689275e-08,0.024691119671549258,0.8554940150341176,25,20,10
1,2463,0.10504483302014112,1.5366205096305477e-07,0.04921404540275285,0.8457409679150542,25,20,10
1,2464,0.12056249027597364,2.9187937811146855e-10,0.049991572747311246,0.829445936684835,25,20,10
1,2465,0.10745929399264313,6.859862962574292e-10,0.06263564488800549,0.8299050604333629,25,20,10
1,2466,0.0980201258932099,6.630818142406809e-08,0.07690687715894523,0.8250729306396636,25,20,10
1,2467,0.10327442952824248,3.7047999103471076e-07,0.059413887127714136,0.8373113128640519,25,20,10
1,2468,0.11909927190564044,5.532431748031048e-06,0.04077496424940247,0.8401202314132076,25,20,10
1,2469,0.16046030686695442,2.69752480482073e-10,0.007398882278595703,0.8321408105846965,25,20,10
1,2470,0.14700823830567006,5.100942391047029e-07,0.01562541475907135,0.8373658368410177,25,20,10
1,2471,0.1535335271129906,3.145027604745317e-07,0.008469703130867761,0.837996455253381,25,20,10
1,2472,0.13670917915854516,4.449188548944264e-07,0.02581676909403994,0.8374736068285589,25,20,10
1,2473,0.08128517208946348,4.801170931652843e-08,0.08015359168538859,0.8385611882134404,25,20,10
1,2474,0.11885623693419525,1.1164522861515977e-07,0.04261557414406802,0.8385280772765067,25,20,10
1,2475,0.16309633773443116,1.2626017285942163e-09,0.014222659242172057,0.8226810017607938,25,20,10
1,2476,0.10860123439360278,1.3386201022577278e-06,0.059877867328972344,0.8315195596573216,25,20,10
1,2477,0.10548499136794467,3.203665880124507e-08,0.06222620848123639,0.8322887681141588,25,20,10
1,2478,0.09456286907833851,1.0581731812445728e-06,0.0671197430085846,0.8383163297398949,25,20,10
1,2479,0.09692780001442766,1.6445475680960827e-08,0.07821163924795817,0.824860544292138,25,20,10
1,2480,0.11062656777188344,3.9001701669308023e-07,0.0653187454878153,0.8240542967232836,25,20,10
1,2481,0.14863317871835915,3.9018205840239673e-07,0.05417445564700525,0.797191975452577,25,20,10
1,2482,0.14542171677393137,0.00040231977380444353,0.05614088694315126,0.798035076509112,25,20,10
1,2483,0.1214734267519074,0.0004023121576958629,0.07968533718769419,0.7984389239027021,25,20,10
1,2484,0.12293042614350838,1.0587758324673596e-05,0.07887001389327117,0.7981889722048946,25,20,10
1,2485,0.13398139138409026,1.2150354831985846e-05,0.06821068013500799,0.7977957781260697,25,20,10
1,2486,0.15488965397900745,1.08123125217806e-05,0.04654062966334302,0.7985589040451271,25,20,10
1,2487,0.15961230080323058,2.0412238593314867e-07,0.04201652303755715,0.798370972036827,25,20,10
1,2488,0.1525408791339732,3.0464251682292483e-07,0.049206158714678525,0.798252657508831,25,20,10
1,2489,0.1520538489375189,3.2090600647023e-07,0.049021870148745726,0.798923960007729,25,20,10
1,2490,0.16069933224393193,7.56263018664351e-08,0.04766342215428776,0.7916371699754794,25,20,10
1,2491,0.07939555305820759,3.0861539350458196e-07,0.10410682099572126,0.8164973173306772,25,20,10
1,2492,0.09128854995096994,1.5274638368874292e-07,0.0756963506919443,0.8330149466107014,25,20,10
1,2493,0.11631158265383228,1.5988807490194813e-06,0.04472446879588125,0.8389623496695368,25,20,10
1,2494,0.12356062384563496,1.59912490877859e-06,0.04253849317640318,0.8338992838530523,25,20,10
1,2495,0.1188762154128894,8.941483768178166e-05,0.05436096338492002,0.8266734063645066,25,20,10
1,2496,0.1235321666098047,6.185519419031644e-10,0.03846855183045037,0.8379992809411927,25,20,10
1,2497,0.07611205931875437,5.095372069308823e-05,0.08549845926797277,0.8383385276925825,25,20,10
1,2498,0.10081027508392486,5.5153608672398e-08,0.06030884027452617,0.8388808294879406,25,20,10
1,2499,0.1078857941191202,2.132369257829554e-06,0.05337906241289237,0.8387330110987289,25,20,10
1,2500,0.11510453572929544,1.8310571881517121e-06,0.062389635934780356,0.8225039972787351,25,20,10
1,2501,0.10192574406765953,4.222676505565558e-10,0.05957360465748498,0.8385006508525865,25,20,10
1,2502,0.07349723285095161,2.648248651627551e-08,0.1241018618346292,0.8024008788319317,25,20,10
1,2503,0.0828617528035639,1.4912247143151084e-06,0.11857604989804832,0.798560706073674,25,20,10
1,2504,0.11821576564384928,0.0017424558317038295,0.08123480638731334,0.7988069721371331,25,20,10
1,2505,0.14776798128231255,1.942570284837242e-06,0.05284211350736784,0.7993879626400333,25,20,10
1,2506,0.08959109697512466,1.8185841952237929e-06,0.1120366355931157,0.7983704488475634,25,20,10
1,2507,0.07862903215533415,1.9531644070065286e-05,0.12365920001331393,0.7976922361872839,25,20,10
1,2508,0.07605598431540868,0.02453735249010054,0.10077380383316571,0.7986328593613256,25,20,10
1,2509,0.08682614654006461,0.025608205456029307,0.10105319870188571,0.7865124493020221,25,20,10
1,2510,0.05249656012650274,0.039972433015977554,0.10849247874049409,0.7990385281170279,25,20,10
1,2511,0.057295190441000884,0.04041471436706164,0.10460787370349067,0.7976822214884475,25,20,10
1,2512,0.07844464189269834,0.04038961504712099,0.09956485409975714,0.7816008889604249,25,20,10
1,2513,0.07274950967009515,0.038271071493746894,0.09649311686807119,0.7924863019680884,25,20,10
1,2514,0.05813909855379105,0.038256624551272364,0.11107797924317016,0.7925262976517683,25,20,10
1,2515,0.05708041437807825,0.038256569739871994,0.12265560231532227,0.7820074135667295,25,20,10
1,2516,0.08105276009503205,0.03988519791914316,0.16398848902027313,0.7150735529655539,25,20,10
1,2517,0.07800335803623423,5.762805636126985e-08,0.185561624283934,0.7364349600517799,25,20,10
1,2518,0.121319941336057,3.6328168045429877e-09,0.12774278150042923,0.7509372735306986,25,20,10
1,2519,0.1464613480073122,1.2517339455983716e-06,0.10244074527912808,0.7510966549796175,25,20,10
1,2520,0.12530362961127145,2.407780234467315e-06,0.08326545579569145,0.7914285068128021,25,20,10
1,2521,0.047434702016238825,2.4180855138291996e-06,0.15403372294329332,0.7985291569549551,25,20,10
1,2522,0.0450098066604584,3.599354950613856e-06,0.1613501470590673,0.7936364469255273,25,20,10
1,2523,0.043405662641480144,7.464963618688265e-08,0.17149438830581662,0.7850998744030667,25,20,10
1,2524,0.07420926678944745,4.8069930469805624e-08,0.1269835011520225,0.7988071839886003,25,20,10
1,2525,0.13953098466634184,1.1847710443101223e-05,0.05896491022732137,0.801492257395894,25,20,10
1,2526,0.1349553908777471,1.3728325419472162e-07,0.06588261091653258,0.799161860922466,25,20,10
1,2527,0.08320583368494422,6.394225266120102e-08,0.1307262180921729,0.7860678842806301,25,20,10
1,2528,0.10127446728066858,2.561813515251822e-08,0.10152146731961185,0.7972040397815852,25,20,10
1,2529,0.12122280992554478,7.97719102200285e-07,0.08130892245921092,0.7974674698961429,25,20,10
1,2530,0.16121357956186805,4.882545355157318e-08,0.07989717275268064,0.7588891988599964,25,20,10
1,2531,0.09821128041080206,4.696287634452104e-08,0.14263740557685128,0.7591512670494719,25,20,10
1,2532,0.15809619943526365,5.2430760644394546e-08,0.08326285810764081,0.7586408900263355,25,20,10
1,2533,0.09436173516673739,9.94552110105934e-05,0.1471832635684099,0.7583555460538465,25,20,10
1,2534,0.09362933165972297,3.0548897327612014e-07,0.15419651129052941,0.7521738515607765,25,20,10
1,2535,0.09517253459508021,0.015482031660465308,0.13021120320772173,0.7591342305367355,25,20,10
1,2536,0.09112248156971013,0.03994426368744272,0.11048682893774836,0.7584464258051014,25,20,10
1,2537,0.0913598221427795,0.03995118332321534,0.11084704755343155,0.7578419469805747,25,20,10
1,2538,0.1235755613689498,0.03994411543221568,0.07831477208449042,0.7581655511143446,25,20,10
1,2539,0.1616777771139107,0.038227714895695486,0.04180021778776405,0.7582942902026297,25,20,10
1,2540,0.08756391313288209,0.011232008693689977,0.14266904315624962,0.7585350350171792,25,20,10
1,2541,0.12553962244888958,0.04019762098774664,0.07571519927090024,0.758547557292463,25,20,10
1,2542,0.1301068860579288,0.014166268465111993,0.09814297007993683,0.7575838753970217,25,20,10
1,2543,0.11615060385919014,0.03995915320827019,0.0995684523646443,0.7443217905678969,25,20,10
1,2544,0.15805927709923526,0.0002724861639665719,0.08409953361631813,0.7575687031204826,25,20,10
1,2545,0.14171183661209955,0.0015095207735266371,0.09837806910433629,0.7584005735100375,25,20,10
1,2546,0.14438773253266818,0.000682069733292575,0.10016757668503319,0.7547626210490098,25,20,10
1,2547,0.11582352253274152,0.0006817179936631685,0.12434434893028838,0.7591504105433076,25,20,10
1,2548,0.11939003147961742,0.0006824603132680691,0.12079226451911311,0.7591352436880002,25,20,10
1,2549,0.16031329335425656,0.00010448840414676742,0.09479702864051381,0.7447851896010858,25,20,10
1,2550,0.11753296227060923,8.132113998643188e-06,0.13763073944458795,0.7448281661708063,25,20,10
1,2551,0.16679125190808455,8.05098126085588e-06,0.07445767002744645,0.7587430270832077,25,20,10
1,2552,0.16245906144892389,9.244165040441218e-10,0.07879418400044105,0.7587467536262187,25,20,10
1,2553,0.1863416535936562,9.45853733717118e-09,0.06084153806304691,0.7528167988847592,25,20,10
1,2554,0.13455587453080478,7.839670494770933e-07,0.10731854357419339,0.7581247979279546,25,20,10
1,2555,0.19324399701675216,2.4216473253620443e-08,0.04853928549090382,0.7582166932758706,25,20,10
1,2556,0.16356982211771634,4.5366973599007246e-07,0.07710837160591028,0.7593213526066366,25,20,10
1,2557,0.15863200971329083,5.857519541446796e-07,0.11754868708656999,0.7238187174481865,25,20,10
1,2558,0.17820772163244192,2.0556825171223463e-05,0.11667248250544608,0.70509923903694,25,20,10
1,2559,0.17425365541872903,0.0007271279762792594,0.10256516672387068,0.7224540498811208,25,20,10
1,2560,0.16926061293971084,0.03994887599160531,0.07191284504195221,0.7188776660267314,25,20,10
1,2561,0.18214300659919838,0.03996373439561837,0.05922046254546106,0.7186727964597219,25,20,10
1,2562,0.14925135151712637,0.0003814137360874848,0.13629823859642343,0.7140689961503631,25,20,10
1,2563,0.09541120890747429,0.00038163571907689174,0.18524517045345956,0.7189619849199893,25,20,10
1,2564,0.14452816456561482,4.7157876807778025e-07,0.18722233378597827,0.6682490300696377,25,20,10
1,2565,0.18699774277353132,2.2120964509015937e-05,0.13406640646759077,0.6789137297943708,25,20,10
1,2566,0.2443238980367216,2.8843529752020183e-05,0.15331603757175277,0.6023312208617773,25,20,10
1,2567,0.23381571612229163,2.9477094701082336e-05,0.15767992693872163,0.6084748798442875,25,20,10
1,2568,0.20609456787385494,0.0010822659833947122,0.19176307142060003,0.6010600947221454,25,20,10
1,2569,0.1849601138738749,0.0010824192348544961,0.23012618441337301,0.5838312824778972,25,20,10
1,2570,0.21710444464106485,1.0636843746130656e-05,0.1828079582844161,0.6000769602307756,25,20,10
1,2571,0.23012209926917201,1.1059573310819417e-05,0.17726197004707486,0.5926048711104389,25,20,10
1,2572,0.26187077152672233,1.0377050132514158e-05,0.13903882345171456,0.5990800279714303,25,20,10
1,2573,0.226551880615896,1.067189880917361e-05,0.17418655368318794,0.5992508938021076,25,20,10
1,2574,0.2613183659582966,2.768594510383148e-07,0.13572313941288122,0.6029582177693716,25,20,10
1,2575,0.2794905767761689,1.3950836492373747e-06,0.15651002019016055,0.5639980079500237,25,20,10
1,2576,0.229074491197773,2.0045238100055367e-07,0.20135405596071146,0.5695712523891328,25,20,10
1,2577,0.21954785495833642,2.1082980221468748e-05,0.23006768673597414,0.5503633753254658,25,20,10
1,2578,0.23158268126421422,4.6086938936243844e-07,0.18846978272029094,0.579947075146105,25,20,10
1,2579,0.24462061212848338,6.709600230858865e-05,0.16183152705183082,0.5934807648173773,25,20,10
1,2580,0.2974417741154156,8.130054446508898e-06,0.10432869359362144,0.5982214022365172,25,20,10
1,2581,0.27215879078444855,1.98397248804627e-05,0.14359174891257426,0.5842296205780982,25,20,10
1,2582,0.27941959929093224,7.663126173827046e-07,0.13348296954160216,0.5870966648548509,25,20,10
1,2583,0.2703591348362426,1.8775905338621454e-06,0.11300232190900078,0.6166366656642246,25,20,10
1,2584,0.2997273872628996,2.5671648759109093e-06,0.07667493296275839,0.6235951126094661,25,20,10
1,2585,0.259492335951658,1.8637212658097923e-06,0.11794707603061086,0.6225587242964667,25,20,10
1,2586,0.2550289811688964,1.857303517455067e-06,0.12143339995304656,0.62353576157454,25,20,10
1,2587,0.2729771417481843,3.0542958185594437e-06,0.08920923855020822,0.6378105654057883,25,20,10
1,2588,0.22371983670576237,2.1400732372534313e-06,0.12032234378372124,0.6559556794372802,25,20,10
1,2589,0.19245223608484405,2.5613672738037458e-05,0.12957065207576784,0.6779514981666535,25,20,10
1,2590,0.21566690200325012,1.2955296074631945e-06,0.10650738547907564,0.677824416988068,25,20,10
1,2591,0.13880464306906193,0.0006177710819254327,0.14874922199964632,0.7118283638493696,25,20,10
1,2592,0.15381158137676965,0.0006180194543313556,0.14853188464563113,0.6970385145232697,25,20,10
1,2593,0.2007245179762724,1.5141888339310443e-05,0.08965327579907698,0.7096070643363119,25,20,10
1,2594,0.17609987053133072,1.2207565210568714e-05,0.113573516752226,0.7103144051512321,25,20,10
1,2595,0.22456269232659298,1.292238496927989e-05,0.0562280562721749,0.719196329016262,25,20,10
1,2596,0.26479111044752424,7.625327775800646e-07,0.01655935126413875,0.7186487757555596,25,20,10
1,2597,0.2686732682228923,4.730852800932082e-07,0.011967199434742852,0.7193590592570845,25,20,10
1,2598,0.22030881570963523,4.778362861480711e-08,0.06080629785946935,0.718884838647267,25,20,10
1,2599,0.21237508822118106,1.4400458613519382e-09,0.0691521944383449,0.7184727159004274,25,20,10
1,2600,0.21521007022815922,2.6273224752113942e-09,0.07498392302887237,0.7098060041156451,25,20,10
1,2601,0.19966986287387606,2.7566088015626507e-07,0.09663068897805076,0.7036991724871925,25,20,10
1,2602,0.22201568289952045,1.8623599680752271e-06,0.06653549945455449,0.711446955285956,25,20,10
1,2603,0.1425507207634456,2.817770876772819e-06,0.11976408610210142,0.7376823753635784,25,20,10
1,2604,0.1617179183274014,5.0955183913561906e-05,0.10458532942674895,0.7336457970619386,25,20,10
1,2605,0.15169651955301458,7.281798860921633e-05,0.1742333397507479,0.6739973227076288,25,20,10
1,2606,0.18267876717790504,1.43612610592831e-05,0.1382704824077493,0.679036389153289,25,20,10
1,2607,0.18208754663875346,4.771440570587154e-05,0.14317712785667436,0.674687611098867,25,20,10
1,2608,0.17942201881469774,3.3553175952095764e-05,0.14324954448936889,0.6772948835199816,25,20,10
1,2609,0.164917234804207,3.794300791156196e-05,0.1608992534650233,0.67414556872286,25,20,10
1,2610,0.16921361968538204,2.7386895171330165e-07,0.11166990565372133,0.7191162007919455,25,20,10
1,2611,0.15074330101360014,2.6854802985791388e-08,0.09573609899503976,0.7535205731365564,25,20,10
1,2612,0.15493705679499162,1.0124734670439178e-08,0.04997713369622599,0.7950857993840461,25,20,10
1,2613,0.15893148735967114,1.1419733826356215e-08,0.046144822775048375,0.7949236784455467,25,20,10
1,2614,0.15886942577241953,1.2959848186654945e-09,0.004417996001128053,0.8367125769304669,25,20,10
1,2615,0.12374174736414979,0.0006071296884693312,0.039160618666204745,0.8364905042811753,25,20,10
1,2616,0.0814488991834063,3.1314258201426967e-09,0.08383035378397267,0.8347207439011995,25,20,10
1,2617,0.08171582862364886,4.3089864463731454e-10,0.10360174923619755,0.8146824217092568,25,20,10
1,2618,0.08300082094348403,1.25708789495249e-09,0.1147769886341653,0.8022221891652663,25,20,10
1,2619,0.08276725532291201,7.44191213201829e-09,0.10373799756261298,0.8134947396725627,25,20,10
1,2620,0.11817572622694848,2.0094726287198254e-05,0.054340029637596376,0.8274641494091662,25,20,10
1,2621,0.1039567585803777,9.488978776695135e-07,0.12270379109364392,0.7733385014281019,25,20,10
1,2622,0.08021092612729858,2.933340527278874e-07,0.15214540380677494,0.7676433767318769,25,20,10
1,2623,0.11812502201826297,4.464436143241146e-07,0.09399100924775977,0.7878835222903642,25,20,10
1,2624,0.12586898757064469,1.1892950091745119e-06,0.08647194387836059,0.7876578792559842,25,20,10
1,2625,0.12566830040799423,1.1909458509445048e-06,0.08028670945515276,0.7940437991910022,25,20,10
1,2626,0.12585756960074032,1.183778588462089e-06,0.09188337040716205,0.7822578762135087,25,20,10
1,2627,0.12294568081835212,2.5436669785107356e-06,0.09303016922082534,0.7840216062938454,25,20,10
1,2628,0.12582943788078269,2.543853303982369e-06,0.08579778604902775,0.7883702322168845,25,20,10
1,2629,0.12211318647398092,2.5435890255679593e-06,0.09014043922187229,0.7877438307151214,25,20,10
1,2630,0.1530126578729162,1.0397282391630702e-08,0.06570415901878307,0.7812831727110187,25,20,10
1,2631,0.15467152031782455,9.551430672063308e-06,0.04802175814587477,0.7972971701056285,25,20,10
1,2632,0.12940167599214644,1.986539541236122e-06,0.07280447343426266,0.7977918640340489,25,20,10
1,2633,0.16178243233430994,6.699922713866799e-09,0.04574087441583656,0.7924766865499305,25,20,10
1,2634,0.1553517845712798,4.994233232386069e-08,0.09848101609457999,0.7461671493918086,25,20,10
1,2635,0.2401287123015882,1.4950818562733715e-08,0.006902096227699059,0.7529691765198939,25,20,10
1,2636,0.20061938749292108,0.000639244725133256,0.04537550819152452,0.7533658595904207,25,20,10
1,2637,0.1964813047505576,4.324218222475712e-06,0.04143945805384121,0.7620749129773776,25,20,10
1,2638,0.1980148945525508,4.318348309864568e-06,0.04010633011520117,0.7618744569839374,25,20,10
1,2639,0.2116435146651392,6.9131835497826225e-06,0.030398999947563555,0.7579505722037466,25,20,10
1,2640,0.2093056243153211,6.809791423430489e-06,0.03182775079019149,0.7588598151030637,25,20,10
1,2641,0.16174323423173878,1.9266741876674108e-05,0.08600518841231353,0.7522323106140724,25,20,10
1,2642,0.12358803874634788,1.5737221532510586e-05,0.12424386963651549,0.7521523543956044,25,20,10
1,2643,0.13978938532533644,4.673942710954139e-06,0.12919597259314256,0.7310099681388109,25,20,10
1,2644,0.1219284543343276,0.0007952527374282884,0.12896511869091998,0.7483111742373264,25,20,10
1,2645,0.08164756995375728,0.0007942158603452061,0.15846192386169447,0.7590962903242037,25,20,10
1,2646,0.09843483001329956,0.0014291665554874284,0.14222110547405312,0.7579148979571625,25,20,10
1,2647,0.11577330829533997,5.287903478278514e-05,0.14599345600952549,0.7381803566603555,25,20,10
1,2648,0.15663559372065597,0.0007677917409960953,0.10734110031622153,0.735255514222128,25,20,10
1,2649,0.1253948166335547,6.226950283143556e-05,0.12094237426505425,0.75360053959856,25,20,10
1,2650,0.09587886341582626,6.626019540004648e-05,0.14571014981770775,0.7583447265710668,25,20,10
1,2651,0.18323855963936228,4.896328760818896e-09,0.0591081905925733,0.7576532448717355,25,20,10
1,2652,0.13850657004123548,1.6733059014020195e-06,0.11453983900861014,0.7469519176442541,25,20,10
1,2653,0.1411734189666103,3.861417449312575e-07,0.1409453655883218,0.7178808293033256,25,20,10
1,2654,0.1477639854652591,2.5609575722390833e-07,0.13326925697062736,0.7189665014683574,25,20,10
1,2655,0.13759699669255201,2.7120558099653385e-07,0.14945380449875897,0.7129489276031079,25,20,10
1,2656,0.18171159164978712,4.395671280625519e-08,0.09991319230351384,0.7183751720899874,25,20,10
1,2657,0.19851882482372116,5.1730556099332374e-08,0.09485391389063834,0.7066272095550853,25,20,10
1,2658,0.1862865713394208,0.0010854732827298235,0.09468703422539881,0.7179409211524508,25,20,10
1,2659,0.1900052461931263,0.00108538364491331,0.10117190361397638,0.7077374665479854,25,20,10
1,2660,0.19205111898485064,2.009356251773795e-05,0.09987745162241995,0.7080513358302114,25,20,10
1,2661,0.13005391235937622,2.014383872322066e-05,0.16295875872935617,0.7069671850725466,25,20,10
1,2662,0.11310795260976367,2.010757830861256e-05,0.18035316442837807,0.7065187753835501,25,20,10
1,2663,0.12128148012354428,2.0098366911970295e-05,0.18782323003552193,0.6908751914740242,25,20,10
1,2664,0.12442186605467814,2.010946923038544e-05,0.17574264418384794,0.6998153802922435,25,20,10
1,2665,0.14396295376104898,2.0095708636717722e-05,0.1661825761057512,0.6898343744245665,25,20,10
1,2666,0.18491017650795033,2.0742086296215642e-05,0.11411151553183992,0.7009575658739152,25,20,10
1,2667,0.11472815451755145,2.1293069187360408e-05,0.16337671753200408,0.7218738348812572,25,20,10
1,2668,0.16033788786118627,0.03873446394001554,0.08381826053864504,0.7171093876601529,25,20,10
1,2669,0.16285368883409335,0.03873438004786443,0.07898233735824975,0.7194295937597921,25,20,10
1,2670,0.12752049238817917,0.038733938197661806,0.11438086054760709,0.7193647088665537,25,20,10
1,2671,0.16110347735744873,0.00017819572942217538,0.1289083473940964,0.7098099795190358,25,20,10
1,2672,0.13590401551265718,3.7400780605886924e-05,0.16081968547545325,0.7032388982312838,25,20,10
1,2673,0.1765430454361269,4.706047803035874e-08,0.1197755294189504,0.7036813780844452,25,20,10
1,2674,0.1921592796262596,6.528313395495747e-08,0.08826412873540887,0.7195765263551983,25,20,10
1,2675,0.23227484306666327,5.5006420667632525e-08,0.06966764465577073,0.6980574572711454,25,20,10
1,2676,0.2387162531696991,2.1203697056001985e-08,0.04330821091850761,0.717975514708096,25,20,10
1,2677,0.23898887743899988,2.1459420938640423e-08,0.044174316305505765,0.716836784796073,25,20,10
1,2678,0.23585435827650403,3.146083926023943e-07,0.09066635555020806,0.6734789715648969,25,20,10
1,2679,0.1854647608160871,3.3090490315716763e-07,0.12316157364146844,0.6913733346375426,25,20,10
1,2680,0.16103668151182857,3.223599363775704e-07,0.11963424393001627,0.7193287521982201,25,20,10
1,2681,0.15131140258576392,1.5546402478556804e-06,0.13116030084862632,0.7175267419253634,25,20,10
1,2682,0.14760329436684463,6.546404350863467e-05,0.15326601436244372,0.6990652272272042,25,20,10
1,2683,0.11606615638075875,3.8052170910349914e-08,0.16581898264342826,0.7181148229236447,25,20,10
1,2684,0.14495537818553783,9.894169509881355e-06,0.1719794347749147,0.6830552928700385,25,20,10
1,2685,0.11288592237535276,8.521650403571653e-06,0.21058370803864565,0.6765218479356002,25,20,10
1,2686,0.13670731373961195,1.835949195266459e-06,0.19887853282118997,0.6644123174900036,25,20,10
1,2687,0.14537428971646135,2.103648053586437e-05,0.1944363735567912,0.6601683002462121,25,20,10
1,2688,0.23965821230182408,5.015014900440191e-08,0.10637387293822999,0.6539678646097963,25,20,10
1,2689,0.2476756693993381,1.0639659636751309e-07,0.10489004866368531,0.6474341755403803,25,20,10
1,2690,0.23323208231231918,1.2154162638175688e-06,0.10783904395526278,0.6589276583161567,25,20,10
1,2691,0.2363415846821445,3.31840452759589e-07,0.09168113499076062,0.671976948486644,25,20,10
1,2692,0.20999817400209583,7.408002963915747e-07,0.11827640559734237,0.6717246796002659,25,20,10
1,2693,0.171894651599058,2.1177185582342148e-07,0.14880464783925887,0.67930048878983,25,20,10
1,2694,0.2425993948727,2.2860901311268003e-07,0.1224467613319079,0.6349536151863804,25,20,10
1,2695,0.26500378179311956,3.480554656141345e-07,0.10715882192183512,0.62783704822958,25,20,10
1,2696,0.1936844926513685,7.373412552580398e-05,0.1730857358214223,0.6331560374016804,25,20,10
1,2697,0.20399165058886112,7.379622901274853e-05,0.12918101048138197,0.6667535427007449,25,20,10
1,2698,0.18370297975653824,6.188532426337022e-08,0.1379252993606374,0.6783716589975025,25,20,10
1,2699,0.14615063018291852,8.683604967457449e-07,0.17563663411118158,0.6782118673454056,25,20,10
1,2700,0.15624798319691788,1.3972435536550649e-08,0.16563738485806925,0.6781146179725781,25,20,10
1,2701,0.18746806998110294,1.5792816476871885e-08,0.13440914521696418,0.6781227690091167,25,20,10
1,2702,0.2304121886771764,9.688985914811797e-06,0.10789666905564851,0.6616814532812632,25,20,10
1,2703,0.15418487455990348,1.6877818158369915e-06,0.18414567610586538,0.6616677615524145,25,20,10
1,2704,0.18198707032804226,3.816478312024484e-08,0.1394087923761242,0.6786040991310526,25,20,10
1,2705,0.1501552234407326,9.622782666280963e-05,0.13868732834364902,0.711061220388958,25,20,10
1,2706,0.09618646104016498,9.760153269589676e-09,0.19068030012293438,0.7131332290767483,25,20,10
1,2707,0.07328553237604715,1.0097530396716318e-08,0.20246295336720913,0.7242515041592124,25,20,10
1,2708,0.10297100080110065,3.338615283581568e-08,0.1832617765606058,0.7137671892521408,25,20,10
1,2709,0.10083019704476583,3.8311701584763135e-07,0.20138361837937474,0.6977858014588441,25,20,10
1,2710,0.1396082800208852,3.8086341709670426e-07,0.17015202017788364,0.6902393189378146,25,20,10
1,2711,0.12496201124126084,4.669945979921829e-09,0.1733427856063457,0.7016951984824495,25,20,10
1,2712,0.11752734138904826,5.632166746367937e-07,0.13908400933348466,0.7433880860607956,25,20,10
1,2713,0.11807959822190789,3.2879667436079954e-07,0.12355018234559866,0.7583698906358193,25,20,10
1,2714,0.1545476949446109,1.6496839513531714e-09,0.08670428406380705,0.7587480193418983,25,20,10
1,2715,0.1298732568075268,1.6592607500054747e-08,0.11201826082947239,0.7581084657703934,25,20,10
1,2716,0.12405739223457886,1.6318560732769646e-08,0.12479246363493861,0.7511501278119224,25,20,10
1,2717,0.17111370920684915,2.874346360133782e-09,0.0772915405983236,0.7515947473204799,25,20,10
1,2718,0.21667744611634301,4.29997331024043e-08,0.08165201812714953,0.7016704927567733,25,20,10
1,2719,0.22449033324601914,4.063535261505654e-08,0.07092805930169836,0.7045815668169291,25,20,10
1,2720,0.23322764293801668,7.910764077541436e-09,0.05396321251303846,0.7128091366381807,25,20,10
1,2721,0.19173807146868108,3.0940224254602986e-08,0.09454351600740266,0.7137183815836913,25,20,10
1,2722,0.19861276420744642,2.5889180345598765e-09,0.08844135501883282,0.712945878184804,25,20,10
1,2723,0.18870034798381838,2.3516254257650455e-07,0.1355884228174998,0.6757109940361403,25,20,10
1,2724,0.1493785603167014,2.653153723110103e-07,0.17210820514358527,0.6785129692243415,25,20,10
1,2725,0.06156672488711925,5.88757888690266e-07,0.2590747805642817,0.6793579057907096,25,20,10
1,2726,0.12641007961175318,1.936430415635642e-05,0.2091630175801294,0.6644075385039588,25,20,10
1,2727,0.1875440169107151,3.776979119187841e-07,0.12845724572190945,0.683998359669465,25,20,10
1,2728,0.147625110506733,2.9316204514246204e-08,0.1393762963655781,0.7129985638114872,25,20,10
1,2729,0.16861011450236046,0.00010929648068101996,0.1519600301097455,0.6793205589072149,25,20,10
1,2730,0.1994049506091233,0.0008236259632599569,0.12071623528843657,0.6790551881391829,25,20,10
1,2731,0.1472243225928155,3.6381722182128143e-09,0.13378186374675954,0.7189938100222538,25,20,10
1,2732,0.1051887742137623,3.6696730035206767e-08,0.1851963629043399,0.7096148261851692,25,20,10
1,2733,0.12011508787433434,3.9268728916365756e-08,0.19620346157359517,0.683681411283345,25,20,10
1,2734,0.11289789601686957,9.59647479273908e-08,0.2146033396777881,0.672498668340595,25,20,10
1,2735,0.16914718936989967,5.252862241649144e-08,0.1845161109968863,0.6463366471045932,25,20,10
1,2736,0.12706693492884338,4.797041707406414e-07,0.2214590249656613,0.6514735604013256,25,20,10
1,2737,0.1700656159910598,3.324158753434365e-05,0.193028268819841,0.6368728736015647,25,20,10
1,2738,0.14309968539841494,0.002277377733809336,0.23181859345135408,0.622804343416421,25,20,10
1,2739,0.1157113357482657,0.0022786496298074672,0.2600929328038449,0.6219170818180817,25,20,10
1,2740,0.10022854239085914,1.2244990742955202e-05,0.27118014155670017,0.6285790710616986,25,20,10
1,2741,0.19943716835104042,0.00017350945131719235,0.16239402176814535,0.6379953004294985,25,20,10
1,2742,0.166328954406828,2.679599174584945e-06,0.1897342211687966,0.6439341448252012,25,20,10
1,2743,0.1591053985593619,3.214989905338293e-05,0.19660348457093094,0.6442589669706584,25,20,10
1,2744,0.12931398185969806,0.003546941347399044,0.24048785867742148,0.626651218115482,25,20,10
1,2745,0.2146647217437017,7.324795724503472e-06,0.15420405744927193,0.6311238960113026,25,20,10
1,2746,0.2448434265739636,8.823987887451253e-08,0.1276560352100347,0.6275004499761243,25,20,10
1,2747,0.3024208154243225,7.200126169350875e-06,0.08394302499319656,0.6136289594563121,25,20,10
1,2748,0.23127824324396798,7.1801853434644106e-06,0.14445926492345365,0.6242553116472362,25,20,10
1,2749,0.20705598072647674,1.5179683398455886e-05,0.15539169348482923,0.6375371461052955,25,20,10
1,2750,0.2145248835886811,1.584800424075876e-05,0.14665374798991546,0.6388055204171628,25,20,10
1,2751,0.25121931815695003,5.935697317900622e-06,0.10790531163682374,0.6408694345089094,25,20,10
1,2752,0.1642139569764008,1.1064590571442878e-06,0.19692438317509228,0.638860553389448,25,20,10
1,2753,0.23392280353422554,2.4687150512803273e-07,0.12737664719001085,0.6387003024042608,25,20,10
1,2754,0.2665373753268576,0.00011275797143924054,0.09468479448790287,0.6386650722138023,25,20,10
1,2755,0.2779474558686057,0.00011243351662620832,0.08221535256614629,0.6397247580486223,25,20,10
1,2756,0.2559751983581733,0.00011272126283060275,0.10419690775089553,0.6397151726281001,25,20,10
1,2757,0.29095700262419644,5.946259367365561e-05,0.06973218628708062,0.639251348495049,25,20,10
1,2758,0.24023209064937018,0.00011502517014938908,0.11861685046278968,0.6410360337176929,25,20,10
1,2759,0.16670788977656634,5.559036081782154e-05,0.18445128400340566,0.648785235859212,25,20,10
1,2760,0.16677593359432522,5.5571642160514725e-05,0.18441102408609233,0.6487574706774221,25,20,10
1,2761,0.2220520220201794,1.917545589921035e-06,0.13853593122170918,0.6394101292125238,25,20,10
1,2762,0.2602326771085752,9.067051747064396e-09,0.11487708992480095,0.6248902238995735,25,20,10
1,2763,0.24322955811378882,0.025129171943685236,0.10680199789878558,0.6248392720437416,25,20,10
1,2764,0.26384876305908533,0.03997679317112737,0.11209141979259214,0.5840830239771949,25,20,10
1,2765,0.23548761868982848,0.0372511645825036,0.12825680970696698,0.5990044070207035,25,20,10
1,2766,0.21553104625534267,0.03994488289783659,0.14529938009779353,0.5992246907490317,25,20,10
1,2767,0.2941503032821244,0.03994428802203824,0.06592113623529336,0.599984272460544,25,20,10
1,2768,0.23707861076900905,0.014163716663608687,0.14933549660250056,0.5994221759648825,25,20,10
1,2769,0.22336234959991905,0.014136747745020788,0.16415144991238687,0.5983494527426729,25,20,10
1,2770,0.24931822389111738,0.039795556971427726,0.11172472204097188,0.5991614970964831,25,20,10
1,2771,0.2688169034232997,0.03953984294923995,0.09818650068516015,0.5934567529423015,25,20,10
1,2772,0.2340373219464816,0.039954880704183,0.13628522003296553,0.5897225773163741,25,20,10
1,2773,0.19443815235626485,0.03996492970708244,0.20131691143336078,0.5642800065032927,25,20,10
1,2774,0.26846933600369105,0.0399646119071107,0.1273193021873241,0.5642467499018753,25,20,10
1,2775,0.25302169205059183,0.012256420875410281,0.17083628520820526,0.5638856018657923,25,20,10
1,2776,0.23106530305331416,0.039946375308608346,0.15716588251148106,0.5718224391265972,25,20,10
1,2777,0.2774909795973189,0.039527742599193345,0.12447169114122218,0.5585095866622654,25,20,10
1,2778,0.29926863481242294,0.03860508513449944,0.12834641431671726,0.533779865736362,25,20,10
1,2779,0.3637464314936065,0.010676074221717577,0.10440743453767473,0.5211700597470026,25,20,10
1,2780,0.3634399744944842,0.03872271379770256,0.0789721869647116,0.5188651247431013,25,20,10
1,2781,0.3200305714739525,0.03873270875211649,0.10754304365286883,0.5336936761210613,25,20,10
1,2782,0.2445152285956188,0.04002381059578911,0.17084772350990207,0.5446132372986905,25,20,10
1,2783,0.2679714570280275,0.03995284933276853,0.1321541804399217,0.5599215131992834,25,20,10
1,2784,0.20817634811842672,0.03996374795112825,0.19070279441104482,0.5611571095194007,25,20,10
1,2785,0.2761575997480184,0.03997148487492759,0.12555909137567564,0.5583118240013785,25,20,10
1,2786,0.35004699501308173,0.03994920532613715,0.052242948246077045,0.5577608514147044,25,20,10
1,2787,0.34396406312402766,0.03873980218449076,0.05892229836613284,0.5583738363253492,25,20,10
1,2788,0.37834021851825556,0.03997482679489001,0.022947826310678803,0.5587371283761758,25,20,10
1,2789,0.3382434374810004,0.039816766782267435,0.060571611203957355,0.5613681845327746,25,20,10
1,2790,0.27475574677150794,0.03992468992317261,0.1260352902484917,0.5592842730568304,25,20,10
1,2791,0.3168034920073762,0.039121801355616645,0.08465301060215304,0.559421696034855,25,20,10
1,2792,0.3334193927428663,0.03994294633651456,0.08138014020031445,0.5452575207203048,25,20,10
1,2793,0.362653147623505,0.03996945469575387,0.07967497538895998,0.5177024222917805,25,20,10
1,2794,0.34605826064070916,0.03996811395280013,0.10933610869068165,0.504637516715809,25,20,10
1,2795,0.3468648789747329,0.03996818081213569,0.09428277032607195,0.5188841698870603,25,20,10
1,2796,0.3530609141605349,0.03993931548009794,0.08778342135392586,0.5192163490054401,25,20,10
1,2797,0.41022364768922837,0.012761742532876876,0.058693127110060396,0.518321482667834,25,20,10
1,2798,0.3991455944334219,1.4600792152051927e-05,0.062023580296917485,0.5388162244775084,25,20,10
1,2799,0.3826891534773464,3.991032235383808e-07,0.08054983232564958,0.5367606150937817,25,20,10
1,2800,0.33914488214232086,0.0004635633617603495,0.11913456624167637,0.541256988254243,25,20,10
1,2801,0.3088091691112844,5.6228963446107136e-06,0.13648522366287655,0.5546999843294954,25,20,10
1,2802,0.3446281278221835,8.33634106576386e-07,0.0962176953326666,0.5591533432110445,25,20,10
1,2803,0.34271371521704447,1.52360989260238e-05,0.11201617353727303,0.5452548751467574,25,20,10
1,2804,0.2610185590622829,0.021353602039458387,0.11914657282000425,0.5984812660782552,25,20,10
1,2805,0.254655089850624,0.03825932606301022,0.12195352790968665,0.5851320561766797,25,20,10
1,2806,0.2716751930708705,0.03825959784198449,0.08824372617130491,0.6018214829158423,25,20,10
1,2807,0.27771517375769045,0.03997621244142351,0.08105440331025036,0.6012542104906362,25,20,10
1,2808,0.27362249969849933,0.03996752642443024,0.08796431770980964,0.598445656167261,25,20,10
1,2809,0.264640606501165,0.03996737592556604,0.0966019655624792,0.5987900520107906,25,20,10
1,2810,0.19686304968596346,0.014510924628654366,0.1958935747250981,0.5927324509602837,25,20,10
1,2811,0.13864610018422444,0.03995485034086344,0.22221509505178175,0.5991839544231304,25,20,10
1,2812,0.13687204009338427,0.038646137271047515,0.2249977798275597,0.5994840428080095,25,20,10
1,2813,0.15649158351678066,0.03826785015270305,0.20567417415607928,0.5995663921744371,25,20,10
1,2814,0.11600210828837226,0.03835129697065945,0.24816253167170207,0.5974840630692658,25,20,10
1,2815,0.1373999573546832,0.01225846507562325,0.2570603953784863,0.5932811821912052,25,20,10
1,2816,0.14281386837273863,0.012257081376295536,0.2460395000724197,0.5988895501785452,25,20,10
1,2817,0.17800135933705685,0.012366189010004787,0.20240721187542768,0.6072252397775106,25,20,10
1,2818,0.10289021317728723,0.03951320810165726,0.2318745812482678,0.625721997472788,25,20,10
1,2819,0.08218336853055483,0.038567483581786154,0.2583379168589154,0.620911231028741,25,20,10
1,2820,0.10261141893885112,0.07685147542342649,0.19631746660464874,0.6242196390330725,25,20,10
1,2821,0.08839856157408858,0.07993077071875801,0.21099098419920487,0.6206796835079487,25,20,10
1,2822,0.11218187852885637,0.08005549717960182,0.1709631389209365,0.6367994853706079,25,20,10
1,2823,0.12908347762842434,0.08005628521084121,0.15671792386259015,0.6341423132981465,25,20,10
1,2824,0.08826071311193451,0.07758674244429069,0.1949396829190006,0.6392128615247753,25,20,10
1,2825,0.08828739109047877,0.07993210556131546,0.1920386330749562,0.6397418702732488,25,20,10
1,2826,0.12109683963214975,0.0610592824226881,0.17608922486837217,0.6417546530767924,25,20,10
1,2827,0.13160694315217472,0.07991564930980123,0.1460491328111128,0.6424282747269126,25,20,10
1,2828,0.09739566864253074,0.0795144301277289,0.18245332071716727,0.6406365805125742,25,20,10
1,2829,0.05453896333272654,0.07705667509034804,0.22854851718393124,0.6398558443929943,25,20,10
1,2830,0.08797753945011325,0.07950152604229914,0.23958940805969778,0.5929315264478916,25,20,10
1,2831,0.03532073393907414,0.07990860515630825,0.32032500774058226,0.5644456531640336,25,20,10
1,2832,0.03675577376275533,0.07991106391642604,0.31890437570810554,0.5644287866127107,25,20,10
1,2833,0.07853607393554622,0.0798571151725683,0.280125384519951,0.56148142637193,25,20,10
1,2834,0.10958041459547772,0.07986987592330305,0.24920871868281094,0.5613409907984078,25,20,10
1,2835,0.08964951671703116,0.08024998695207691,0.2378211316849777,0.5922793646459151,25,20,10
1,2836,0.0975527984830539,0.0799120922914644,0.21959831744587047,0.6029367917796087,25,20,10
1,2837,0.09759988962915755,0.07986376144913114,0.18303459926262022,0.6395017496590928,25,20,10
1,2838,0.1495207012595017,0.0786635337655458,0.13325952016632195,0.6385562448086334,25,20,10
1,2839,0.19336583657316062,0.07818904825671431,0.08962922124100425,0.638815893929122,25,20,10
1,2840,0.19539495199146045,0.07761300486750403,0.0875051811911098,0.6394868619499275,25,20,10
1,2841,0.22755347789593902,0.07820503684553014,0.06869640942431195,0.6255450758342185,25,20,10
1,2842,0.19837188051833504,0.07820784539623854,0.11118735511694038,0.6122329189684866,25,20,10
1,2843,0.17451922125931266,0.0781859710661962,0.12846970563374704,0.618825102040745,25,20,10
1,2844,0.19818622072051612,0.07820647215764032,0.06482551837104449,0.6587817887507981,25,20,10
1,2845,0.1917115299691529,0.07820653921444,0.06681190600044519,0.6632700248159605,25,20,10
1,2846,0.2034720673790974,0.07991164884036017,0.041811454675941,0.6748048291046012,25,20,10
1,2847,0.22825313016559734,0.07988097754438837,0.01962604296104379,0.6722398493289704,25,20,10
1,2848,0.21326444718668533,0.07821167383564409,0.06924596213490823,0.6392779168427629,25,20,10
1,2849,0.21883595556185867,0.07821856902390556,0.0644263351852824,0.6385191402289528,25,20,10
1,2850,0.1358500736414252,0.0781849686999693,0.16081003544534386,0.6251549222132629,25,20,10
1,2851,0.14084398245480456,0.05408451459159079,0.18024901830325735,0.6248224846503473,25,20,10
1,2852,0.09361679159516326,0.05408449456825421,0.2207460029958137,0.6315527108407709,25,20,10
1,2853,0.1569908272250497,0.07839569491249014,0.1261732415492694,0.638440236313193,25,20,10
1,2854,0.10650505660833198,0.07832155321783801,0.17422395529371612,0.6409494348801154,25,20,10
1,2855,0.16823876811067465,0.07949356378691157,0.11569724367829295,0.6365704244241229,25,20,10
1,2856,0.15734343670608655,0.05117640833923897,0.15395074804874734,0.637529406905929,25,20,10
1,2857,0.13809393704335923,0.07989911868844737,0.1429793691906096,0.6390275750775856,25,20,10
1,2858,0.15111467705598558,0.07988779094506046,0.13338608693419876,0.6356114450647571,25,20,10
1,2859,0.17503620658680458,0.0781838837816441,0.10765159595300297,0.6391283136785505,25,20,10
1,2860,0.1893746486966261,0.07647416385483354,0.10212857796263808,0.6320226094859029,25,20,10
1,2861,0.20725560372941237,0.07821096317054396,0.10597160318168111,0.6085618299183636,25,20,10
1,2862,0.1754091093301806,0.07849088013524512,0.12962135812903777,0.6164786524055387,25,20,10
1,2863,0.14653410443644602,0.08012453116698418,0.1456019216808765,0.6277394427156952,25,20,10
1,2864,0.18136854357691834,0.07893137866635741,0.10774310648278274,0.6319569712739408,25,20,10
1,2865,0.20386689426176333,0.07888272963897235,0.11380709168961674,0.6034432844096483,25,20,10
1,2866,0.2115120515434728,0.07994189335414116,0.07638429508376779,0.6321617600186181,25,20,10
1,2867,0.18645793650322587,0.0541317281890526,0.12264767982842897,0.6367626554792922,25,20,10
1,2868,0.12691834684939693,0.07648340755047152,0.15745212080652526,0.6391461247936079,25,20,10
1,2869,0.16185604011140176,0.040494001456795055,0.16335930436551013,0.6342906540662937,25,20,10
1,2870,0.16468519489810782,0.04045225824362543,0.17454890678809398,0.6203136400701743,25,20,10
1,2871,0.12190247391077015,0.04004162894164529,0.20581992982278263,0.6322359673248004,25,20,10
1,2872,0.1940966693298052,0.04002576040186643,0.1152619749563435,0.6506155953119864,25,20,10
1,2873,0.20487683211961408,0.038235497374165754,0.10787753374314951,0.6490101367630732,25,20,10
1,2874,0.20241148913031207,0.03873873907961744,0.10880863466905774,0.650041137121013,25,20,10
1,2875,0.18532076609207626,0.040014666351440284,0.06182225580027422,0.7128423117562089,25,20,10
1,2876,0.1775079397901973,0.039992445517458154,0.0758175361347746,0.7066820785575694,25,20,10
1,2877,0.18970295971191786,0.03993768918381626,0.051427723634419484,0.7189316274698462,25,20,10
1,2878,0.20471621280836988,0.03826420742125276,0.047209717996025934,0.7098098617743517,25,20,10
1,2879,0.16196487418175326,0.03826407271612437,0.08914748571050865,0.7106235673916135,25,20,10
1,2880,0.15507463891342144,0.038264053981301976,0.09296630040158094,0.7136950067036953,25,20,10
1,2881,0.16084277128182956,0.03827010064412011,0.12395072176260494,0.6769364063114475,25,20,10
1,2882,0.17057508416872863,0.03950741992205233,0.10909726531847597,0.6808202305907411,25,20,10
1,2883,0.17084340895715974,0.03952144925000228,0.11774121190272671,0.671893929890113,25,20,10
1,2884,0.09256420193917103,0.0008242982004602312,0.19615686947367256,0.7104546303866974,25,20,10
1,2885,0.09322980854256337,0.014700705984482955,0.1695218400306675,0.7225476454422877,25,20,10
1,2886,0.09735472897186986,0.038862712769377195,0.14563068687006997,0.7181518713886842,25,20,10
1,2887,0.049136618383999714,0.03997724309215568,0.1895846754676707,0.7213014630561705,25,20,10
1,2888,0.08230834158537981,0.040568839164371935,0.15857172784637774,0.7185510914038725,25,20,10
1,2889,0.09130004789634259,0.03999203793859393,0.1492338507150807,0.719474063449984,25,20,10
1,2890,0.1027724915072276,0.03999192698096328,0.14389307338272098,0.7133425081290885,25,20,10
1,2891,0.1237406990184558,0.03996472861840184,0.11595792684456342,0.7203366455185807,25,20,10
1,2892,0.12588277625428523,0.03996415944303408,0.11950337850247646,0.7146496858002045,25,20,10
1,2893,0.19202377594151518,0.038731746759476306,0.049436190253475516,0.7198082870455325,25,20,10
1,2894,0.17562665193345453,0.038731745287395404,0.07325942859893847,0.7123821741802118,25,20,10
1,2895,0.18174638276167643,0.03994010866284753,0.026516592026066713,0.7517969165494094,25,20,10
1,2896,0.14400949004912206,0.03994759188713836,0.07792359706542612,0.738119320998313,25,20,10
1,2897,0.15692912457278468,0.0399546199918986,0.050103820568300025,0.7530124348670155,25,20,10
1,2898,0.15683679992181335,0.03997063864002194,0.04459333648593087,0.7585992249522339,25,20,10
1,2899,0.15944726950703392,0.038259188122528494,0.044237609101976834,0.75805593326846,25,20,10
1,2900,0.1514393922723732,0.03932154793347576,0.05061567745875999,0.7586233823353911,25,20,10
1,2901,0.14793047725097497,0.011211677845248576,0.08264768573584709,0.7582101591679331,25,20,10
1,2902,0.13973927129897035,0.03995610623345518,0.06160020620704188,0.7587044162605321,25,20,10
1,2903,0.14322345478302878,0.03997194324622666,0.05777155837326072,0.7590330435974836,25,20,10
1,2904,0.16286594850801436,0.02446768280458396,0.060392284859313305,0.7522740838280881,25,20,10
1,2905,0.12689630631965634,0.02446768236444036,0.11055919247941694,0.7380768188364867,25,20,10
1,2906,0.15445471131240948,0.03995501144259786,0.05307806625194244,0.7525122109930485,25,20,10
1,2907,0.15372938477790796,0.039956576785525916,0.05694646761004097,0.7493675708265244,25,20,10
1,2908,0.15831674904090975,0.03993943511770251,0.08829504918718728,0.7134487666542007,25,20,10
1,2909,0.1003278588140982,0.03997122767506883,0.10060186853261043,0.7590990449782247,25,20,10
1,2910,0.11910749488589924,0.03999420263725819,0.08249972450916421,0.7583985779676813,25,20,10
1,2911,0.09845410997364064,0.03999420258647628,0.10920453741177498,0.7523471500281108,25,20,10
1,2912,0.0654075462917284,0.03999449239021755,0.13556921903633193,0.7590287422817229,25,20,10
1,2913,0.11071187167273339,1.9771237722570795e-06,0.1311809620729121,0.7581051891305836,25,20,10
1,2914,0.13550010170893953,0.014584316319260828,0.11624167590842578,0.7336739060633763,25,20,10
1,2915,0.14005092415253054,0.039541636511568265,0.0918234215688608,0.7285840177670384,25,20,10
1,2916,0.13672585091961836,0.03994648452776378,0.10483060732280265,0.7184970572298159,25,20,10
1,2917,0.12410221568155992,0.001086200546596605,0.15641372241656326,0.718397861355281,25,20,10
1,2918,0.10150600842044934,1.0413374805532417e-05,0.18089982985045225,0.7175837483542945,25,20,10
1,2919,0.15313855580737396,1.0952253291328854e-05,0.1288730200768179,0.7179774718625191,25,20,10
1,2920,0.16076095148462513,1.5808595698022016e-05,0.12114455050921454,0.7180786894104663,25,20,10
1,2921,0.12451268641984407,0.0007758124481003924,0.16933587595578853,0.705375625176268,25,20,10
1,2922,0.14032301236386222,3.816879338135394e-07,0.13731796375167687,0.7223586421965323,25,20,10
1,2923,0.1936811141061875,0.0005609078394259687,0.09881983792500301,0.7069381401293865,25,20,10
1,2924,0.13758859885251082,2.2358603252640954e-05,0.11474539329899994,0.7476436492452394,25,20,10
1,2925,0.14216097472836636,2.2357385154278272e-05,0.1346273433794678,0.7231893245070125,25,20,10
1,2926,0.11960635334701233,4.046557005642264e-05,0.1431018779854862,0.7372513030974466,25,20,10
1,2927,0.09869704916115958,3.878358064765416e-05,0.16093258282758302,0.7403315844306096,25,20,10
1,2928,0.15306199296999803,3.528435319489047e-07,0.08853832611698649,0.7583993280694831,25,20,10
1,2929,0.12401184003807159,5.992448057677074e-09,0.09803274476402385,0.7779554092054571,25,20,10
1,2930,0.15297246956716312,4.245203539100859e-07,0.068937632414945,0.7780894734975363,25,20,10
1,2931,0.1376607863077594,2.9647932657618354e-09,0.06411989822437972,0.7982193125030662,25,20,10
1,2932,0.1357469489043251,3.97473567522049e-09,0.0724209612403916,0.7918320858805467,25,20,10
1,2933,0.11372156939843268,1.7233251820239322e-09,0.08716553834989758,0.7991128905283459,25,20,10
1,2934,0.13654754093190963,1.5551308642227068e-08,0.064022388471827,0.7994300550449545,25,20,10
1,2935,0.1307014162531276,1.553393786540656e-08,0.08555276804286834,0.7837458001700668,25,20,10
1,2936,0.07765453754140406,4.148405135667645e-08,0.13884433988541373,0.7835010810891303,25,20,10
1,2937,0.11319659249715221,2.790258048317605e-07,0.1033675400757259,0.7834355884013167,25,20,10
1,2938,0.14086920183537147,3.254399589639525e-07,0.060458531017538314,0.7986719417071301,25,20,10
1,2939,0.13213809141023408,7.346315280281206e-07,0.06921169693986393,0.7986494770183732,25,20,10
1,2940,0.09898906479082718,2.506025462736413e-07,0.10262315317838062,0.7983875314282497,25,20,10
1,2941,0.1292346872223485,7.943578542880502e-10,0.07242354532585456,0.7983417666574374,25,20,10
1,2942,0.15698628293588648,2.096538707322801e-08,0.050993255116794846,0.7920204409819305,25,20,10
1,2943,0.19684077326750793,2.1502645893464984e-08,0.04070910979351283,0.762450095436332,25,20,10
1,2944,0.11726214770443033,1.8783118594330043e-06,0.10123839663822967,0.7814975773454829,25,20,10
1,2945,0.1468882885660764,3.989319212813414e-09,0.10701816851605944,0.7460935389285456,25,20,10
1,2946,0.10927587494340188,4.6598443557326825e-08,0.16949153736917777,0.7212325410889773,25,20,10
1,2947,0.10586108435592786,4.5737535308564055e-07,0.18294708494343495,0.7111913733252831,25,20,10
1,2948,0.12670177588447104,0.010613845354247791,0.1525467818731976,0.7101375968880842,25,20,10
1,2949,0.15983075347869852,0.03997139317297408,0.08296689386346656,0.7172309594848614,25,20,10
1,2950,0.1212570096054843,0.03997138933158968,0.11977167845366862,0.7189999226092573,25,20,10
1,2951,0.15072363205503256,0.03994563931266203,0.09769212210268396,0.7116386065296251,25,20,10
1,2952,0.17975981022670426,0.03993979184186924,0.07034361407029914,0.7099567838611273,25,20,10
1,2953,0.17514281755108413,0.039939786929722054,0.06463541035207129,0.7202819851671218,25,20,10
1,2954,0.1927206932089747,0.011229134038291734,0.08543998214100501,0.7106101906117287,25,20,10
1,2955,0.20067625420375884,0.039977052647086654,0.04660956689967565,0.7127371262494779,25,20,10
1,2956,0.19161201417094756,0.03997144760894846,0.049597132090642766,0.7188194061294618,25,20,10
1,2957,0.19419494546287122,0.03997795160271395,0.05182978430711884,0.7139973186272954,25,20,10
1,2958,0.15721731708481215,0.03871234900384745,0.09797696811349839,0.7060933657978413,25,20,10
1,2959,0.1657505925688251,0.011232146346545213,0.11490739362409606,0.7081098674605383,25,20,10
1,2960,0.1750475961229823,0.0399457366226448,0.08162948208951849,0.7033771851648559,25,20,10
1,2961,0.13687717931081475,0.039947165642207925,0.1095363395478899,0.7136393154990869,25,20,10
1,2962,0.1281319020499748,0.03994385106588318,0.12461433221967227,0.7073099146644718,25,20,10
1,2963,0.13938271085724918,0.03994556145867687,0.07975095303497397,0.7409207746491002,25,20,10
1,2964,0.10991623072294196,0.03995466709607606,0.09197352428711675,0.7581555778938658,25,20,10
1,2965,0.11696516968641461,0.039987023584433866,0.08417799938462565,0.758869807344526,25,20,10
1,2966,0.11046800058188444,0.03952762230714211,0.1323559325122882,0.7176484445986869,25,20,10
1,2967,0.1499154757121869,0.039546826333224004,0.08116475584593241,0.7293729421086586,25,20,10
1,2968,0.1629751677399311,0.039949062845291726,0.06743033514389442,0.7296454342708824,25,20,10
1,2969,0.16316511671376138,0.039949101469279144,0.0738155680455918,0.7230702137713672,25,20,10
1,2970,0.0870334683939029,0.03872999650611945,0.14789757949233767,0.7263389556076412,25,20,10
1,2971,0.08652590152396725,0.039933440283056044,0.14748706626273264,0.726053591930242,25,20,10
1,2972,0.06920596288780106,0.038229030480231206,0.17308077167395816,0.7194842349580106,25,20,10
1,2973,0.04329344127383485,0.03953545136314221,0.21577019705080602,0.7014009103122153,25,20,10
1,2974,0.04920744897746726,0.043593582888044866,0.20264401284894068,0.7045549552855472,25,20,10
1,2975,0.04132336892781529,0.04252166423533458,0.2333037052619653,0.6828512615748866,25,20,10
1,2976,0.04589613006897347,0.042931963809834925,0.2178309165058898,0.693340989615303,25,20,10
1,2977,0.04174679119195988,0.06483921061848454,0.20407546285159622,0.6893385353379611,25,20,10
1,2978,0.0017743627876062504,0.0794966289307352,0.25252555810570454,0.6662034501759537,25,20,10
1,2979,0.016967969616206245,0.07956957657276745,0.23745739508297656,0.6660050587280496,25,20,10
1,2980,0.005034817361382582,0.0799484214395385,0.2550145562372138,0.660002204961865,25,20,10
1,2981,0.04463990783551461,0.039814354813342806,0.25069333995055965,0.6648523974005822,25,20,10
1,2982,0.03006092219631507,0.02227559840102558,0.2967597264747574,0.6509037529278987,25,20,10
1,2983,0.11357057312952089,0.03218610143564774,0.21989007045946937,0.6343532549753633,25,20,10
1,2984,0.15854366893638588,0.046525407477654976,0.14203364402994323,0.6528972795560171,25,20,10
1,2985,0.12418790407400448,0.04485282620214544,0.1919653266986382,0.6389939430252132,25,20,10
1,2986,0.1307568229642793,0.01416925587480499,0.1761016651810591,0.6789722559798587,25,20,10
1,2987,0.14483887206823415,0.03997250963813519,0.1368582706637099,0.6783303476299207,25,20,10
1,2988,0.08893594547013217,0.039949173798459595,0.1911591829647396,0.6799556977666699,25,20,10
1,2989,0.10375902531791842,0.03995039996234666,0.192747702085941,0.6635428726337955,25,20,10
1,2990,0.04959044180912965,0.04042983188971606,0.2532450810853101,0.6567346452158449,25,20,10
1,2991,0.035855563966314216,0.03998339378223629,0.24882918697987613,0.6753318552715725,25,20,10
1,2992,0.040781488119842974,0.03994208260175756,0.22512757493314886,0.6941488543452521,25,20,10
1,2993,0.10061946705312487,0.03998724395964632,0.16083172761390555,0.6985615613733235,25,20,10
1,2994,0.13114655605275588,0.03998964025068404,0.12658749963240634,0.7022763040641563,25,20,10
1,2995,0.13063663371328202,0.03933975992055841,0.12144016057141035,0.7085834457947506,25,20,10
1,2996,0.06613547570897253,0.039894595424900564,0.2289335310532392,0.6650363978128847,25,20,10
1,2997,0.06679145054512134,0.04050671483250676,0.19379659529656643,0.698905239325805,25,20,10
1,2998,0.08771746135533165,0.039935915518494965,0.1975640211293916,0.6747826019967806,25,20,10
1,2999,0.1365845421473826,0.039971473810262795,0.1442196911137729,0.6792242929285804,25,20,10
1,3000,0.17334127934950053,0.03997147515268999,0.10809864683952648,0.6785885986582825,25,20,10
1,3001,0.12807035817210666,0.03997137565235767,0.15275122890049325,0.6792070372750451,25,20,10
1,3002,0.13521986245322792,0.04068651837672437,0.1447372074715649,0.6793564116984835,25,20,10
1,3003,0.16475125791619594,0.03998514099120773,0.11612227727293084,0.6791413238196669,25,20,10
1,3004,0.16851596481639408,0.011233291062839218,0.1416313391399951,0.6786194049807748,25,20,10
1,3005,0.18539954304602788,0.011233661641732767,0.12476092456291304,0.6786058707493272,25,20,10
1,3006,0.20088663227730888,0.011233648084319182,0.10901248802032511,0.6788672316180473,25,20,10
1,3007,0.17303953652568432,0.03992929561001356,0.12087695772206686,0.6661542101422364,25,20,10
1,3008,0.2055403320078829,0.03736867326415368,0.07794244100701966,0.6791485537209441,25,20,10
1,3009,0.19358502171185907,0.03737137382768836,0.09686481705208928,0.6721787874083646,25,20,10
1,3010,0.1976468190640956,0.03825855543597663,0.0851200792075896,0.6789745462923389,25,20,10
1,3011,0.1553482380804595,0.03991860763940154,0.12577813566020793,0.6789550186199321,25,20,10
1,3012,0.170311733568378,0.039918614866982734,0.07063194204718293,0.7191377095174565,25,20,10
1,3013,0.1820819549616085,0.03997076417230565,0.06622636938091572,0.7117209114851691,25,20,10
1,3014,0.20008889521339016,0.03997076381726935,0.047827862536901605,0.712112478432438,25,20,10
1,3015,0.17703783444377102,0.0382583352520032,0.0859146495106546,0.6987891807935709,25,20,10
1,3016,0.12310880697506488,0.01124194173585081,0.14688847364711208,0.7187607776419743,25,20,10
1,3017,0.1490479104510127,0.011234670557855384,0.1608493828021951,0.6788680361889381,25,20,10
1,3018,0.16134833125992668,0.0399494824451366,0.12076340539047498,0.6779387809044642,25,20,10
1,3019,0.1247330477093423,0.04082239728986691,0.15594704281343655,0.6784975121873567,25,20,10
1,3020,0.1443448049439927,0.03997392138353665,0.1683434212065866,0.6473378524658865,25,20,10
1,3021,0.08113735299398811,0.040889818181751275,0.23931806380119455,0.6386547650230624,25,20,10
1,3022,0.10422783050732551,0.04086148110537066,0.23014215107303976,0.6247685373142621,25,20,10
1,3023,0.05813509047135698,0.040877519759840844,0.2727341336210991,0.6282532561477028,25,20,10
1,3024,0.06603588909156846,0.03989168828847761,0.25536627777833076,0.6387061448416227,25,20,10
1,3025,0.11436747397938073,0.03948390321611342,0.18937642591413287,0.6567721968903746,25,20,10
1,3026,0.09839525970418139,0.03954493890985087,0.20035977480291453,0.661700026583054,25,20,10
1,3027,0.1023973127484478,0.04071355936835309,0.18290989206187036,0.6739792358213305,25,20,10
1,3028,0.11914728931178634,0.011234694260436424,0.19065918253671518,0.6789588338910656,25,20,10
1,3029,0.11936787116343224,0.0394667252114524,0.16161310107327026,0.6795523025518443,25,20,10
1,3030,0.11640242251974203,0.03994101766150258,0.1642302113853676,0.6794263484333922,25,20,10
1,3031,0.14123456193455924,0.03993968502787999,0.13468783813665394,0.6841379149009075,25,20,10
1,3032,0.1428179982198177,0.014693600530772025,0.15867833208701312,0.6838100691623978,25,20,10
1,3033,0.14875561620997005,0.03994640577310107,0.1430803975085742,0.6682175805083534,25,20,10
1,3034,0.16155033584583442,0.03994640359128281,0.11701949955659689,0.6814837610062845,25,20,10
1,3035,0.1648963767562982,0.03995264835004091,0.11488909437912297,0.6802618805145374,25,20,10
1,3036,0.1876373213724877,0.03994579082210975,0.0940890840406658,0.6783278037647391,25,20,10
1,3037,0.1868356298726769,0.03997470817541148,0.10159319684746633,0.671596465104448,25,20,10
1,3038,0.20482660741585199,0.03997607694247513,0.08242032390986412,0.6727769917318085,25,20,10
1,3039,0.2638594860102816,0.03953875535325942,0.06379965359452261,0.6328021050419367,25,20,10
1,3040,0.27181609751784425,0.07884996241543034,0.010039261496424024,0.6392946785703018,25,20,10
1,3041,0.16306620815227166,0.07950571808817734,0.13211602596027083,0.6253120477992818,25,20,10
1,3042,0.1593637395681126,0.05242094040016551,0.14023278729518787,0.647982532736536,25,20,10
1,3043,0.09839518360033861,0.07865624374168612,0.14379765629453173,0.6791509163634477,25,20,10
1,3044,0.14868971264639178,0.07815802149979859,0.10082681149754114,0.6723254543562692,25,20,10
1,3045,0.17356871650576258,0.039968147739915263,0.10796279820486682,0.6785003375494558,25,20,10
1,3046,0.14896976219864544,0.03888814527374235,0.1313889276639476,0.680753164863665,25,20,10
1,3047,0.13034933614039665,0.0387623529411825,0.1525803790060538,0.678307931912366,25,20,10
1,3048,0.16660370156725243,2.131298602279768e-05,0.1550453051780855,0.6783296802686426,25,20,10
1,3049,0.16963650639919986,2.1204550063264916e-08,0.15163596839261434,0.6787275040036401,25,20,10
1,3050,0.12523468347602099,2.3084423476580986e-06,0.19613235639304588,0.6786306516885849,25,20,10
1,3051,0.22217252279258645,2.313848657979739e-06,0.10968714704073415,0.6681380163180216,25,20,10
1,3052,0.15811034855331774,0.0003248232062705634,0.19556312127355382,0.6460017069668561,25,20,10
1,3053,0.16554698932621448,3.706273552875835e-07,0.19515621418470147,0.6392964258617313,25,20,10
1,3054,0.16076655798594416,3.5689486147032015e-07,0.16707476396357174,0.6721583211556242,25,20,10
1,3055,0.13082820814467114,0.003610488172958848,0.18789325724850195,0.6776680464338695,25,20,10
1,3056,0.16421031647798823,2.5939866665719003e-08,0.1529980053850533,0.682791652197094,25,20,10
1,3057,0.18861126389553365,4.464492926626139e-08,0.13315230148186546,0.6782363899776739,25,20,10
1,3058,0.2209903611641545,5.788249689877557e-07,0.10022540351669379,0.6787836564941837,25,20,10
1,3059,0.20389851039156093,1.0319647199404158e-06,0.1169773417336409,0.6791231159100778,25,20,10
1,3060,0.20989637962862978,3.806180345677539e-08,0.11066502203490636,0.6794385602746622,25,20,10
1,3061,0.1728631767568407,8.009809066701971e-08,0.15409035583715366,0.6730463873079203,25,20,10
1,3062,0.19748034594784183,8.943519627881931e-08,0.12942935904570285,0.6730902055712609,25,20,10
1,3063,0.17059745452756803,0.000778882687398544,0.18521871684293092,0.643404945942102,25,20,10
1,3064,0.2264963603661592,0.0382597823574432,0.10171933845989567,0.6335245188165025,25,20,10
1,3065,0.2715257036612516,0.03994871439076704,0.048582475950069155,0.6399431059979112,25,20,10
1,3066,0.21372277467319606,0.03994922259079532,0.10679517054552252,0.6395328321904868,25,20,10
1,3067,0.264684623767945,0.03996437023657226,0.056339486380023465,0.6390115196154582,25,20,10
1,3068,0.25605256277372646,0.039964211814182186,0.03137962102126683,0.6726036043908244,25,20,10
1,3069,0.2520697848086152,0.039948725691143945,0.04615012752679266,0.6618313619734484,25,20,10
1,3070,0.2078072351393103,0.00038129459110725577,0.11330806693821704,0.6785034033313662,25,20,10
1,3071,0.17282018761223839,2.785219138141096e-05,0.14834577627587056,0.6788061839205102,25,20,10
1,3072,0.1955926591998386,2.933962973253562e-08,0.09451081755748593,0.7098964939030457,25,20,10
1,3073,0.17923664828586547,2.726846831199885e-06,0.10629940180310765,0.7144612230641988,25,20,10
1,3074,0.15666327166338515,2.755621818039322e-06,0.12851868421933105,0.7148152884954672,25,20,10
1,3075,0.2008248882691655,3.172354980674902e-05,0.08145234245915792,0.7176910457218719,25,20,10
1,3076,0.16712649485066616,4.197365582373149e-05,0.12149388282700803,0.7113376486665034,25,20,10
1,3077,0.16903118928219868,9.389144789045343e-08,0.12007761630265675,0.7108911005236968,25,20,10
1,3078,0.1476360580931283,0.0007769378318364119,0.1332890597279935,0.7182979443470424,25,20,10
1,3079,0.1390535964420109,3.8196074089450215e-06,0.14247148669298315,0.7184710972575994,25,20,10
1,3080,0.21974097808274595,2.6256926824801995e-06,0.061141759627129685,0.7191146365974406,25,20,10
1,3081,0.2329772110389413,3.0747828466041006e-07,0.04942561199953929,0.7175968694832343,25,20,10
1,3082,0.25899975051356783,2.059586689156113e-07,0.023133088888288144,0.7178669546394747,25,20,10
1,3083,0.2414415397988408,0.0004551570492392798,0.04099763487568782,0.717105668276233,25,20,10
1,3084,0.27029564564327996,6.33815990076105e-07,0.012642635509961246,0.7170610850307688,25,20,10
1,3085,0.2065080399184957,4.2905674254432136e-07,0.07708300138316386,0.7164085296415971,25,20,10
1,3086,0.21067029993198377,7.943786658436776e-09,0.071216332553753,0.7181133595704761,25,20,10
1,3087,0.14399430388405934,1.147331277152355e-08,0.14937533399259842,0.706630350650033,25,20,10
1,3088,0.15798502304718343,1.8659414627553237e-06,0.1353529255454283,0.7066601854659288,25,20,10
1,3089,0.126774466874294,2.0461119206197858e-07,0.16654911198382988,0.7066762165306832,25,20,10
1,3090,0.0901314695639527,4.2935932506217223e-07,0.19576684492647,0.7141012561502516,25,20,10
1,3091,0.12039184305776883,2.148174325653216e-06,0.16083363061570663,0.718772378152196,25,20,10
1,3092,0.14460990140982877,2.559774541115562e-07,0.13690184231550206,0.7184880002972147,25,20,10
1,3093,0.15901672969279107,2.556057383606153e-07,0.12248121218273417,0.7185018025187376,25,20,10
1,3094,0.07449383433107978,2.6823389243665e-07,0.21838447732834257,0.7071214201066846,25,20,10
1,3095,0.08699232817489459,5.218420324597021e-07,0.1876932465751446,0.7253139034079271,25,20,10
1,3096,0.11157254533692948,1.2698888412714556e-06,0.12965999571800405,0.7587661890562272,25,20,10
1,3097,0.11612777541507216,0.0051349586842540694,0.12007310303410147,0.7586641628665735,25,20,10
1,3098,0.08216034010708474,0.005133340073640135,0.20871457709677904,0.7039917427224991,25,20,10
1,3099,0.116655378714484,5.54044121847084e-08,0.17505750702767997,0.7082870588534237,25,20,10
1,3100,0.11936830911541381,0.00048755974527981143,0.2082318394276773,0.6719122917116294,25,20,10
1,3101,0.13993501700007405,0.0004876324711355923,0.1775821392577054,0.6819952112710861,25,20,10
1,3102,0.16623929201314813,1.910737851967425e-06,0.15630837332705808,0.6774504239219439,25,20,10
1,3103,0.2052194379574157,2.6159054266557034e-07,0.12100556682375072,0.6737747336282921,25,20,10
1,3104,0.16510125265211265,5.994597415760149e-06,0.16076748719267575,0.6741252655577967,25,20,10
1,3105,0.1791464682642656,5.843649489975416e-06,0.17654682543772723,0.6443008626485158,25,20,10
1,3106,0.25775543140066437,2.3304002599746415e-08,0.09904342792081607,0.643201117374518,25,20,10
1,3107,0.21316309484135587,1.394722781595994e-05,0.14833694338963033,0.6384860145411989,25,20,10
1,3108,0.17843382377890615,1.5085240769599266e-05,0.19355338036942907,0.6279977106108978,25,20,10
1,3109,0.22097499839902984,1.4837922355346883e-05,0.11317483290239692,0.6658353307762197,25,20,10
1,3110,0.22353993059551722,1.483679086916954e-05,0.10421479440386067,0.6722304382097533,25,20,10
1,3111,0.19186915972713542,1.506518540374364e-05,0.13639151343744155,0.6717242616500185,25,20,10
1,3112,0.16165903387884042,1.5090230023054538e-05,0.1601529267691394,0.6781729491219984,25,20,10
1,3113,0.23073093580080614,0.008356834236273657,0.08239910175136099,0.6785131282115602,25,20,10
1,3114,0.15720196914245366,0.03996363842738168,0.13050509892383688,0.6723292935063292,25,20,10
1,3115,0.190334191893329,0.03938848727383357,0.09252437950401907,0.6777529413288214,25,20,10
1,3116,0.17850587265835405,0.011293604967019583,0.14330052089240644,0.6669000014822227,25,20,10
1,3117,0.22828475450854127,0.011213094218649095,0.08145332325615529,0.6790488280166567,25,20,10
1,3118,0.21314421000826694,0.011213067788178672,0.09837324424648428,0.6772694779570705,25,20,10
1,3119,0.17395267681707807,0.02454343658223443,0.12235244880438997,0.6791514377962993,25,20,10
1,3120,0.17763451877799696,0.0399655661635065,0.14029577069522564,0.642104144363272,25,20,10
1,3121,0.12617455545336084,0.04042799965731724,0.1891671758176622,0.644230269071662,25,20,10
1,3122,0.12188093444722631,0.039980573945075426,0.19735582017186498,0.6407826714358342,25,20,10
1,3123,0.14854590362016148,0.03994408517719275,0.21246818876413318,0.5990418224385133,25,20,10
1,3124,0.1511442212908493,0.03780624851149738,0.21197951383557823,0.5990700163620755,25,20,10
1,3125,0.23878524204894952,0.03785037849075314,0.13799539528497506,0.5853689841753248,25,20,10
1,3126,0.25431295950532373,0.03780726071177229,0.10567143700639686,0.6022083427765085,25,20,10
1,3127,0.2462773343838573,0.03783758437986739,0.10995454816778422,0.6059305330684939,25,20,10
1,3128,0.290368667303538,0.03780640377328356,0.07225321451270472,0.5995717144104731,25,20,10
1,3129,0.28581408161045874,0.014148155739258851,0.07291979163651428,0.6271179710137673,25,20,10
1,3130,0.286113760314442,0.03995062075532525,0.034689967595558285,0.6392456513346737,25,20,10
1,3131,0.21008656575729406,0.03823548307396001,0.11893754680274499,0.6327404043660028,25,20,10
1,3132,0.17741436357717602,0.038229604944109735,0.13716642713164634,0.647189604347068,25,20,10
1,3133,0.11872864362699044,3.669285607964016e-07,0.23465615374562418,0.646614835698822,25,20,10
1,3134,0.1044283483400363,1.8276460360992097e-07,0.21731488312402572,0.678256585771333,25,20,10
1,3135,0.10922943762503058,1.564103503733868e-06,0.24959575498333067,0.6411732432881339,25,20,10
1,3136,0.14901667237141022,0.014512023527106004,0.19506039190315785,0.6414109121983259,25,20,10
1,3137,0.15176793343368444,0.0010737182855722134,0.2110032029792112,0.6361551453015323,25,20,10
1,3138,0.15863067798204536,0.0010695890168075039,0.2010146494379557,0.6392850835631927,25,20,10
1,3139,0.1436050578002477,0.0003468358785529947,0.21627341445677348,0.6397746918644234,25,20,10
1,3140,0.22834331162526078,0.0003369954956197579,0.13250721481747033,0.6388124780616501,25,20,10
1,3141,0.24525578907312212,0.0007891556919069636,0.11500500287476878,0.6389500523602031,25,20,10
1,3142,0.2826332863027207,0.0007809513031605659,0.07748149825728126,0.6391042641368366,25,20,10
1,3143,0.27034170872698504,5.48627451234413e-07,0.09061758748247996,0.6390401551630862,25,20,10
1,3144,0.21795566986526982,9.916642744793471e-07,0.14290607763600383,0.6391372608344552,25,20,10
1,3145,0.24102854538842272,1.1137483495816294e-05,0.1197310648206783,0.639229252307403,25,20,10
1,3146,0.20418875732845299,1.0653086912956293e-05,0.1567642720443115,0.6390363175403252,25,20,10
1,3147,0.18097741973865747,1.1214326465299228e-05,0.18139406584595133,0.6376173000889287,25,20,10
1,3148,0.22667133224363717,0.0007753077573974865,0.13458352766979878,0.6379698323291703,25,20,10
1,3149,0.2598086209775941,0.0008004206495911499,0.10132072918287109,0.6380702291899447,25,20,10
1,3150,0.2707385734209437,0.003356555793989281,0.12317652477777535,0.6027283460072954,25,20,10
1,3151,0.23804361437591154,0.00311159613066547,0.15551983789004853,0.6033249516033786,25,20,10
1,3152,0.24125216641577615,0.003542229934101015,0.11665141193870002,0.6385541917114242,25,20,10
1,3153,0.28106653294677414,0.0007764388398553511,0.0792327728070005,0.6389242554063698,25,20,10
1,3154,0.2792405071863639,0.0007764838411961941,0.08154650418047878,0.6384365047919603,25,20,10
1,3155,0.18653834826241122,0.0007764057693878803,0.1743331378978969,0.6383521080703056,25,20,10
1,3156,0.1846230592393015,1.2863356341101068e-06,0.18192947061327785,0.6334461838117885,25,20,10
1,3157,0.2551544273649988,1.3818990173492175e-06,0.11499823579282888,0.6298459549431558,25,20,10
1,3158,0.26722743042819624,3.8656354798859225e-08,0.10051483967846371,0.6322576912369878,25,20,10
1,3159,0.2718362197175187,4.4564297855413855e-08,0.10277782649181401,0.6253859092263722,25,20,10
1,3160,0.23401012312678396,3.820693840901368e-08,0.14076576139139818,0.6252240772748813,25,20,10
1,3161,0.23485810910807356,3.745945573580528e-08,0.1332574148012369,0.631884438631234,25,20,10
1,3162,0.2740717249116249,4.05804811020134e-08,0.059929604847462514,0.6659986296604318,25,20,10
1,3163,0.27986320473409465,9.214736037098902e-09,0.04186845950920501,0.6782683265419649,25,20,10
1,3164,0.2489134296016854,1.7177484709277043e-06,0.0721344606271006,0.6789503920227427,25,20,10
1,3165,0.22771135598537626,1.2149277726271878e-07,0.09328792305133966,0.6790005994705091,25,20,10
1,3166,0.21565584770837298,1.2315399751674506e-07,0.11685238551337118,0.6674916436242592,25,20,10
1,3167,0.1247059447023894,1.713591155724318e-07,0.20181117422664488,0.673482709711851,25,20,10
1,3168,0.13725735046216586,1.9208807582143912e-08,0.19661963877371222,0.6661229915553144,25,20,10
1,3169,0.12351293611932351,2.376558006517459e-06,0.19713415258408162,0.6793505347385903,25,20,10
1,3170,0.16704905356560956,2.1395654656875396e-05,0.15452546469723716,0.6784040860824971,25,20,10
1,3171,0.14886734467428256,3.7510154251631548e-06,0.17304859922102583,0.6780803050892671,25,20,10
1,3172,0.14867566702608978,4.462749154484753e-06,0.17485143941984127,0.676468430804917,25,20,10
1,3173,0.21455280221003534,9.011866682577285e-06,0.10971764133662237,0.6757205445866596,25,20,10
1,3174,0.16991189586016603,8.910996755620512e-06,0.14822567563812655,0.6818535175049552,25,20,10
1,3175,0.20309330680648915,1.6247208350061967e-09,0.15888948741154763,0.6380172041572447,25,20,10
1,3176,0.22834944997232287,1.3331220282661756e-07,0.13513230066006246,0.6365181160554136,25,20,10
1,3177,0.23450542879158423,4.332842995651345e-05,0.12682183411939202,0.6386294086590685,25,20,10
1,3178,0.27956538776367157,4.3327751278923174e-05,0.0814593363045522,0.638931948180498,25,20,10
1,3179,0.26452601811589305,0.00011821959850974208,0.09578052311712362,0.6395752391684739,25,20,10
1,3180,0.24659642698085346,2.34513422678709e-06,0.15401571553243182,0.5993855123524898,25,20,10
1,3181,0.24140379646082993,0.0005814449251246045,0.15071292566043532,0.6073018329536093,25,20,10
1,3182,0.1735031877684511,2.044462834252383e-05,0.18267357456624364,0.6438027930369644,25,20,10
1,3183,0.18764649612930495,2.0471643873676816e-05,0.17276754314032708,0.6395654890864952,25,20,10
1,3184,0.20429980548248172,4.20227200719491e-05,0.15824200612297173,0.6374161656744751,25,20,10
1,3185,0.23003583308319125,5.760780038936739e-05,0.13382568872921147,0.6360808703872095,25,20,10
1,3186,0.1772010609312124,4.314359215736213e-05,0.18630717076634454,0.636448624710289,25,20,10
1,3187,0.1566509075765331,2.254880922361977e-06,0.2153548611394968,0.6279919764030472,25,20,10
1,3188,0.19033571394328386,0.00038933555931223047,0.17509574697260585,0.6341792035247982,25,20,10
1,3189,0.2515135595003533,4.877801655603125e-07,0.06995665227258296,0.6785293004468987,25,20,10
1,3190,0.211992072404207,4.5571067437938564e-07,0.10875342290437137,0.6792540489807477,25,20,10
1,3191,0.17367853473965322,1.582073768593368e-05,0.15389694369906404,0.6724087008235979,25,20,10
1,3192,0.19979943388718205,2.9063148051088786e-05,0.12813581730210877,0.6720356856626586,25,20,10
1,3193,0.22423850372201287,6.025982025506416e-09,0.09742022734481169,0.6783412629071929,25,20,10
1,3194,0.20076714390824968,5.705854653504261e-09,0.12688299653687787,0.6723498538490172,25,20,10
1,3195,0.17919011925000375,1.1491327904428206e-09,0.19125382249418035,0.6295560571066836,25,20,10
1,3196,0.2130874621423831,1.653315383150355e-05,0.15027184741248673,0.6366241572913,25,20,10
1,3197,0.23563436104527088,5.393272375340315e-07,0.1367679344566466,0.6275971651708473,25,20,10
1,3198,0.2613540825230077,1.5367207666186505e-07,0.07802553636630902,0.6606202274386059,25,20,10
1,3199,0.24137805535028964,7.474569239642715e-08,0.08607691593252706,0.6725449539714928,25,20,10
1,3200,0.2654784703628875,7.795325629437868e-08,0.06691684834239099,0.6676046033414651,25,20,10
1,3201,0.28274979540998013,2.9748585193169873e-09,0.044762269787485626,0.6724879318276769,25,20,10
1,3202,0.28609421684351,2.8997301872352273e-06,0.03520292858991456,0.6786999548363886,25,20,10
1,3203,0.3066682011802232,2.282745731436335e-06,0.020301928638386854,0.6730275874356589,25,20,10
1,3204,0.2736109152272327,9.529744392352261e-09,0.05533852869958444,0.6710505465434387,25,20,10
1,3205,0.26008896147233274,6.327131886185269e-09,0.0687197759714395,0.6711912562290955,25,20,10
1,3206,0.2915882156952942,1.137636167057448e-08,0.03774127391481856,0.6706704990135249,25,20,10
1,3207,0.21376761895848526,7.513052549651501e-08,0.11485704209432314,0.6713752638166693,25,20,10
1,3208,0.23619705653691964,1.8651735123355105e-07,0.11509862623915659,0.648704130706574,25,20,10
1,3209,0.22302329766547135,1.80574688311705e-07,0.07637228898336056,0.7006042327764794,25,20,10
1,3210,0.22073040499349172,3.057285852411574e-07,0.061179923501354434,0.7180893657765687,25,20,10
1,3211,0.2040409434583503,0.00296386870688991,0.07423942278760993,0.71875576504715,25,20,10
1,3212,0.1462177567576948,2.1247568590738144e-05,0.13737368441884443,0.7163873112548719,25,20,10
1,3213,0.14142356155850894,2.1145883979090216e-05,0.1509121383918,0.7076431541657148,25,20,10
1,3214,0.19505286539370917,2.324690492723981e-05,0.0859896498234379,0.7189342378779254,25,20,10
1,3215,0.20991693970786648,0.009168981741311956,0.09871342414467427,0.6822006544061504,25,20,10
1,3216,0.2121995765594491,0.00915972357253185,0.09658011016252754,0.6820605897054919,25,20,10
1,3217,0.232839908129011,0.024467841827199917,0.06055976886459108,0.6821324811791973,25,20,10
1,3218,0.18333524101771367,0.024528937495878256,0.11461628437650327,0.6775195371099076,25,20,10
1,3219,0.14817131969125735,0.00028564726476691123,0.1794301162074542,0.6721129168365203,25,20,10
1,3220,0.1992084454931717,0.0002856115392745416,0.12166430582283973,0.6788416371447157,25,20,10
1,3221,0.1987634491800229,2.6507402744430624e-07,0.08917589064089074,0.712060395105059,25,20,10
1,3222,0.14436708444526292,0.0009159998965543507,0.13601244724243655,0.7187044684157482,25,20,10
1,3223,0.16238547827583052,0.000468177694998568,0.12465042021874016,0.7124959238104311,25,20,10
1,3224,0.1607842322607651,3.9113057017752813e-05,0.17406047974494218,0.6651161749372787,25,20,10
1,3225,0.16317941918237303,4.398697111585562e-05,0.1526963173265246,0.6840802765199879,25,20,10
1,3226,0.12491301776961267,4.4010093544996606e-05,0.1913443747984675,0.6836985973383767,25,20,10
1,3227,0.2118166364349032,5.396795644397615e-07,0.10948716210374582,0.6786956617817875,25,20,10
1,3228,0.21073331716113286,6.481824719762525e-08,0.10550289897170945,0.683763719048913,25,20,10
1,3229,0.21629036303063512,0.00010138116903304933,0.09907591398803016,0.684532341812302,25,20,10
1,3230,0.18494501103796754,0.00010136873095083111,0.13499962015142503,0.6799540000796567,25,20,10
1,3231,0.23107842284151286,1.5809705307781959e-09,0.10605219929524697,0.662869376282271,25,20,10
1,3232,0.21506971036142658,2.3340334604354702e-07,0.11702005835309182,0.6679099978821368,25,20,10
1,3233,0.19972298024047153,5.255715611185136e-07,0.12590543913601684,0.674371055051951,25,20,10
1,3234,0.20278635502641343,3.944472093994965e-07,0.11859077109018112,0.6786224794361964,25,20,10
1,3235,0.23447882479259818,3.2601705379162493e-07,0.08743193041594903,0.6780889187744,25,20,10
1,3236,0.19972452415289232,2.5459759161750573e-08,0.0867179990734761,0.7135574513138739,25,20,10
1,3237,0.23877630838272612,2.5277729510305077e-08,0.06169937275613397,0.6995242935834094,25,20,10
1,3238,0.19359328880292137,8.851327075458135e-09,0.08760355853518201,0.7188031438105696,25,20,10
1,3239,0.12404990150272316,2.533460637217629e-06,0.16594559758431782,0.7100019674523257,25,20,10
1,3240,0.13547857697591234,5.327711120764151e-07,0.15375255055298817,0.7107683396999894,25,20,10
1,3241,0.15685544129367682,0.000792288197980848,0.1341476370403157,0.7082046334680286,25,20,10
1,3242,0.12297257971817276,2.1467916972809493e-07,0.15824441674793413,0.718782788854726,25,20,10
1,3243,0.12027224522609782,0.03996304773632616,0.12169691019350808,0.7180677968440683,25,20,10
1,3244,0.07743660952756361,0.039928666763279975,0.16532449379893882,0.7173102299102205,25,20,10
1,3245,0.08827450498305085,0.011121743578362524,0.18772856240155325,0.7128751890370347,25,20,10
1,3246,0.15630354406436672,0.040484150042911865,0.09512138391149456,0.7080909219812287,25,20,10
1,3247,0.167519756372357,0.040533628767205725,0.07964566327254326,0.7123009515878942,25,20,10
1,3248,0.19367604694915236,0.03994626281709323,0.04825187083946635,0.7181258193942875,25,20,10
1,3249,0.15512909444412815,0.03994923065940298,0.09073090649203133,0.7141907684044377,25,20,10
1,3250,0.15978910677257024,0.03994892531363724,0.09883683127372844,0.7014251366400645,25,20,10
1,3251,0.0824578352876843,0.041097546264714915,0.16229961972610218,0.7141449987215001,25,20,10
1,3252,0.0858864871922219,0.03997330811158223,0.12003909275633634,0.7541011119398618,25,20,10
1,3253,0.09949957064762349,0.039955056694845614,0.10693741614412806,0.753607956513403,25,20,10
1,3254,0.09778964171927748,0.04631100847148994,0.097452971006294,0.7584463788029382,25,20,10
1,3255,0.07041864475381851,0.04631100781280905,0.16544365993519158,0.7178266874981836,25,20,10
1,3256,0.09875195154752175,0.038045641890779705,0.10955514041994617,0.7536472661417544,25,20,10
1,3257,0.0871031656299549,0.039627985489252546,0.08953807783533951,0.7837307710454533,25,20,10
1,3258,0.07485708143275062,0.039356019295038916,0.10076094420070054,0.7850259550715151,25,20,10
1,3259,0.10662607715617577,0.03953971259003936,0.0553958286207893,0.7984383816329952,25,20,10
1,3260,0.11490500023419595,0.03953950855423953,0.04726221974046215,0.798293271471102,25,20,10
1,3261,0.11404698683190805,0.03953950841781636,0.09028106082098729,0.7561324439292888,25,20,10
1,3262,0.11980592798410694,0.03869958325329228,0.08856718295048711,0.752927305812114,25,20,10
1,3263,0.1196877774621096,0.03993910179764136,0.08128404167588284,0.7590890790643658,25,20,10
1,3264,0.11403896728619073,0.03997522225314885,0.09308047834485214,0.7529053321158113,25,20,10
1,3265,0.08351954323461536,0.0014474516009544962,0.16258012514211573,0.7524528800223158,25,20,10
1,3266,0.09148441967785827,2.0004108643228694e-06,0.08115646052869213,0.8273571193825853,25,20,10
1,3267,0.1304567291437727,2.080140152286599e-07,0.030468247215098745,0.8390748156271122,25,20,10
1,3268,0.1517857985664364,7.598204741871291e-08,0.020646705490694518,0.8275674199608222,25,20,10
1,3269,0.15595320033444016,3.47685174813092e-08,0.01636110969009807,0.8276856552069439,25,20,10
1,3270,0.12936792604960723,9.745919561473066e-08,0.042612816254398694,0.8280191602367978,25,20,10
1,3271,0.07387200930102895,6.615630961824405e-08,0.08708927588790731,0.8390386486547537,25,20,10
1,3272,0.08014522393094323,1.904178769109739e-08,0.08101525651719316,0.8388395005100758,25,20,10
1,3273,0.08083791795487069,1.7623468003752883e-06,0.08010644202868977,0.8390538776696395,25,20,10
1,3274,0.08648392654210768,0.0009715119622059827,0.09890944640610476,0.8136351150895825,25,20,10
1,3275,0.05258773888570503,0.0009697552598301486,0.13471615866858996,0.811726347185875,25,20,10
1,3276,0.04216371268629854,0.0003812928009863949,0.15159231228205397,0.8058626822306627,25,20,10
1,3277,0.0363829714434954,7.011253403322303e-06,0.12977272077780388,0.833837296525299,25,20,10
1,3278,0.041161150507675076,6.753093548887854e-06,0.12541352361436933,0.8334185727844066,25,20,10
1,3279,0.041391593182420285,1.0050595998786593e-09,0.12035403801893758,0.8382543677935839,25,20,10
1,3280,0.04247434640935686,3.862137460034693e-10,0.13248619866077715,0.8250394545436518,25,20,10
1,3281,0.05380705025759139,9.020248815761383e-07,0.12506256231538967,0.8211294854021375,25,20,10
1,3282,0.03483989424378091,1.0046579011035026e-05,0.1055734189936979,0.859576640183511,25,20,10
1,3283,0.00764902172035945,3.4205393898055736e-05,0.15708543656198237,0.8352313363237623,25,20,10
1,3284,0.04264878558483787,7.948857341993631e-10,0.11664714792651174,0.8407040656937634,25,20,10
1,3285,0.07949131337386593,1.0402651147715952e-09,0.060979981252798805,0.8595287043330696,25,20,10
1,3286,0.07948742958069407,2.5802711215389063e-08,0.0650374534037494,0.8554750912128442,25,20,10
1,3287,0.06917679409444229,3.857325068343347e-06,0.05349769508624647,0.8773216534942416,25,20,10
1,3288,0.07997100308277473,4.186014460276704e-07,0.041565889306217046,0.878462689009562,25,20,10
1,3289,0.08142934974067653,6.144740155239428e-08,0.04146386802735048,0.8771067207845691,25,20,10
1,3290,0.08092658903513009,5.98773320248253e-08,0.05109308548942969,0.8679802655981065,25,20,10
1,3291,0.06279021744625563,7.09451936962458e-08,0.07101938670324699,0.8661903249053027,25,20,10
1,3292,0.0629133613094179,4.2497999084861773e-08,0.07134965440112558,0.8657369417914564,25,20,10
1,3293,0.035467875198833695,1.1220339938451347e-09,0.10032661769672759,0.8642055059824052,25,20,10
1,3294,0.0032484844070679807,5.753746241131714e-09,0.13504584783393528,0.861705662005251,25,20,10
1,3295,0.0022542172797175423,2.456528704328056e-07,0.1273535277150923,0.8703920093523193,25,20,10
1,3296,0.02165564840968212,1.776458795483945e-08,0.10584981417594759,0.872494519649781,25,20,10
1,3297,0.04162049435502291,1.4224712287899423e-09,0.08567952613427401,0.8726999780882305,25,20,10
1,3298,0.07116292593265278,1.402743194575591e-10,0.06423869672036582,0.8645983772067066,25,20,10
1,3299,0.03614437941773814,1.0418483872906516e-10,0.08524485398733256,0.8786107664907434,25,20,10
1,3300,0.04816756914518787,3.075863741922683e-09,0.11208800709254137,0.8397444206864111,25,20,10
1,3301,0.056605801415261094,1.9470961645160839e-07,0.10469610389555326,0.8386978999795689,25,20,10
1,3302,0.10141459610624541,1.7932715192136055e-09,0.06436401142487423,0.8342213906756075,25,20,10
1,3303,0.12010195744486417,1.1544499929519617e-08,0.04605786902542801,0.8338401619852069,25,20,10
1,3304,0.11838430301285477,2.2368233508930636e-07,0.060541029476419095,0.8210744438283907,25,20,10
1,3305,0.10053834934965696,1.390631177504079e-07,0.09778423250943331,0.801677279077792,25,20,10
1,3306,0.08110706834691944,2.7420336043863467e-05,0.12115005774651325,0.7977154535705232,25,20,10
1,3307,0.12121020453104467,1.226164013303979e-08,0.08062136984562729,0.7981684133616872,25,20,10
1,3308,0.08953767085740136,1.645519994044156e-05,0.11240379639682033,0.7980420775458377,25,20,10
1,3309,0.09891183359333407,2.854412907527586e-05,0.11450848197390431,0.7865511403036871,25,20,10
1,3310,0.0968357745110465,2.8557911403298332e-05,0.11362679483294488,0.7895088727446048,25,20,10
1,3311,0.07305505786772365,3.483440125195048e-05,0.1331549272296465,0.7937551805013786,25,20,10
1,3312,0.07434751948118447,0.0007705681607189409,0.13079948377769224,0.7940824285804057,25,20,10
1,3313,0.0733757316899216,0.01573841468491679,0.12107517407669892,0.7898106795484625,25,20,10
1,3314,0.08133595168379051,0.038795014144609154,0.08977936289575733,0.7900896712758457,25,20,10
1,3315,0.0506591065860466,0.038780926303477584,0.12510183040899714,0.7854581367014815,25,20,10
1,3316,0.041907229710191486,0.039941640667368994,0.11891332632179866,0.7992378033006431,25,20,10
1,3317,0.0276121921954294,0.038238595507777,0.1301064098978064,0.8040428023989906,25,20,10
1,3318,0.03241543599808585,0.038252801463010744,0.1252330011327378,0.8040987614061668,25,20,10
1,3319,0.03183711717374732,0.03996348561189527,0.1296777279676909,0.7985216692466666,25,20,10
1,3320,0.0415216175599228,0.039967626405782296,0.14176589684656105,0.7767448591877347,25,20,10
1,3321,0.07139951522854533,0.03996758941411535,0.09442522198812947,0.7942076733692106,25,20,10
1,3322,0.07299467126973318,0.04074369396506979,0.08741557111904857,0.7988460636461503,25,20,10
1,3323,0.07736723062338108,0.039967225110804326,0.09047119943935275,0.7921943448264623,25,20,10
1,3324,0.06274043471853015,0.011227758744407061,0.1274739690529707,0.7985578374840933,25,20,10
1,3325,0.0922414586237832,0.03993841598985213,0.09002483965724511,0.7777952857291187,25,20,10
1,3326,0.11243371661089378,0.039979872867703777,0.052352609248253856,0.7952338012731479,25,20,10
1,3327,0.16358351968285537,0.039360183733254235,0.0019630254274998356,0.7950932711563904,25,20,10
1,3328,0.1362379553126341,0.040002399895204085,0.024957606064568094,0.7988020387275927,25,20,10
1,3329,0.0991138990705228,0.039158749145590574,0.09051022941204248,0.7712171223718449,25,20,10
1,3330,0.0933964002923898,0.03812440841889325,0.10953627921773063,0.7589429120709897,25,20,10
1,3331,0.10241925077993473,0.03816992662037247,0.10418097334033702,0.7552298492593565,25,20,10
1,3332,0.10467684527480349,0.024434244522232904,0.11273659560892103,0.7581523145940413,25,20,10
1,3333,0.1551923653297707,6.23366727798456e-07,0.08828509684238973,0.7565219144611138,25,20,10
1,3334,0.1491084242704273,3.8807711479453546e-07,0.09407324318659277,0.756817944465867,25,20,10
1,3335,0.13234497923384483,1.9100119719454243e-05,0.11113964576293588,0.7564962748835004,25,20,10
1,3336,0.15539191851424097,7.047908842193324e-08,0.08601968364114639,0.7585883273655253,25,20,10
1,3337,0.1617990472792704,4.162781913691285e-06,0.11476879460333456,0.7234279953354847,25,20,10
1,3338,0.15877001417561595,4.208837305173256e-06,0.11767240246756223,0.7235533745195206,25,20,10
1,3339,0.17272082405060196,1.1089999291316013e-07,0.12202534804849158,0.7052537170009151,25,20,10
1,3340,0.2377606896101096,6.164751931188551e-08,0.04287026946698566,0.7193689792753861,25,20,10
1,3341,0.23423054231019852,1.7380120224536188e-08,0.04690191630573027,0.7188675240039512,25,20,10
1,3342,0.2286435337513119,3.0643338914398166e-08,0.05307793309795212,0.7182785025073973,25,20,10
1,3343,0.2665108947713844,2.9277819902013466e-08,0.013067158955149658,0.7204219169956455,25,20,10
1,3344,0.27363760099570567,2.8131474704036306e-07,0.005811863377880793,0.7205502543116659,25,20,10
1,3345,0.2693600251687832,0.0012316363409499331,0.01472892751291392,0.7146794109773533,25,20,10
1,3346,0.22590424643574758,0.00123163290191591,0.02159194880843736,0.7512721718538984,25,20,10
1,3347,0.18837602282038035,1.1790875277570766e-06,0.06473544914972484,0.7468873489423653,25,20,10
1,3348,0.1573477477041354,2.019573812220066e-06,0.08428915072937175,0.7583610819926828,25,20,10
1,3349,0.1673596591771708,8.996777665376806e-07,0.0734586241857236,0.7591808169593379,25,20,10
1,3350,0.18695488868652735,2.0170634959578968e-08,0.060079832939161616,0.7529652582036752,25,20,10
1,3351,0.21342385185472376,6.427418613305625e-08,0.034709291354681114,0.7518667925164091,25,20,10
1,3352,0.200576336807407,1.085514885719307e-08,0.048171898711915996,0.751251753625527,25,20,10
1,3353,0.16309069052647693,5.166603405070159e-06,0.04310184980639306,0.7938022930637237,25,20,10
1,3354,0.20315398942517643,1.269652660263646e-09,0.0267185303333091,0.7701274789718611,25,20,10
1,3355,0.16609681561006986,1.3319417165266455e-08,0.05838761304848232,0.7755155580220312,25,20,10
1,3356,0.17228009610639564,5.976063139306243e-07,0.03152975388261805,0.7961895524046725,25,20,10
1,3357,0.17344755548272267,5.730842203365314e-07,0.027633499168182824,0.798918372264873,25,20,10
1,3358,0.18869377859239742,5.834717186490337e-07,0.01405512915848052,0.7972505087774029,25,20,10
1,3359,0.10844512128740837,9.602338744759184e-07,0.06599209201499784,0.8255618264637183,25,20,10
1,3360,0.11086371531791926,3.8822652578886065e-07,0.052574439333111414,0.836561457122443,25,20,10
1,3361,0.1490250343223836,7.41163033827085e-07,0.054375696009351354,0.7965985285052306,25,20,10
1,3362,0.1475885770851613,3.876338376498611e-07,0.05417524330808756,0.7982357919729138,25,20,10
1,3363,0.11202304930218925,4.718735301688577e-09,0.12450811185693654,0.7634688341221407,25,20,10
1,3364,0.1043423858368542,1.640799072832402e-07,0.14055495279189653,0.7551024972913443,25,20,10
1,3365,0.10532712761192783,4.059708672989763e-08,0.13605040496820303,0.7586224268227852,25,20,10
1,3366,0.15860133126216103,1.042135334218388e-06,0.07862191531964507,0.762775711282859,25,20,10
1,3367,0.1928438399303925,3.160887466666484e-08,0.04877501560150925,0.7583811128592235,25,20,10
1,3368,0.10860265699296115,1.7357709153620558e-07,0.132404435105909,0.7589927343240417,25,20,10
1,3369,0.1134284987826712,8.279206742396092e-05,0.12733134292953827,0.7591573662203678,25,20,10
1,3370,0.13281137847691668,1.1515353262515387e-07,0.14385085391026725,0.7233376524592863,25,20,10
1,3371,0.13538582833390392,1.1833585340491688e-07,0.13480954058543024,0.7298045127448125,25,20,10
1,3372,0.13101655546136057,1.4672485539825993e-07,0.14979087118935605,0.7191924266244283,25,20,10
1,3373,0.1798920464184356,2.466555710567175e-07,0.11765497672803797,0.702452730197955,25,20,10
1,3374,0.18647764867235833,8.383233694172567e-06,0.10173723649789547,0.7117767315960534,25,20,10
1,3375,0.18460419388208293,3.760256990473467e-06,0.09577158187654795,0.7196204639843791,25,20,10
1,3376,0.09338849087266407,0.0008873557890805423,0.2236291778954419,0.6820949754428182,25,20,10
1,3377,0.08384339959009329,0.000885827082663819,0.2369587441946949,0.6783120291325488,25,20,10
1,3378,0.15735676499075038,0.0008858225658843184,0.16323835007783274,0.6785190623655326,25,20,10
1,3379,0.15713799789056787,0.0007834379378354921,0.1678554424138575,0.6742231217577392,25,20,10
1,3380,0.191378370764252,0.0007833451765183211,0.1349381823911128,0.6729001016681159,25,20,10
1,3381,0.19169172281376498,0.0007845892928123094,0.1745073609997079,0.6330163268937148,25,20,10
1,3382,0.16467111785158495,0.0006755968673293516,0.19715295158101917,0.637500333700065,25,20,10
1,3383,0.08733743145749127,0.0004024355829416169,0.29073861786476113,0.6215215150948068,25,20,10
1,3384,0.14569284118682627,0.0007902973292988182,0.18191298511946893,0.6716038763644078,25,20,10
1,3385,0.14943242439900334,1.702972029106588e-05,0.17766167377363346,0.6728888721070722,25,20,10
1,3386,0.1624598798516706,1.7984815775899201e-06,0.15171689483040018,0.6858214268363513,25,20,10
1,3387,0.2273598830140257,4.972552010756463e-07,0.09033859083908444,0.6823010288916892,25,20,10
1,3388,0.25245058034359064,5.362916743340298e-08,0.06853194625522888,0.6790174197720124,25,20,10
1,3389,0.2155367443635226,0.0015361357892264569,0.10481546158085756,0.6781116582663944,25,20,10
1,3390,0.2014877115964647,0.002639147847352954,0.11347842966254747,0.6823947108936346,25,20,10
1,3391,0.19273099380630188,0.0015553743421913466,0.12336343947853091,0.6823501923729761,25,20,10
1,3392,0.1959882707829342,0.019241752173765826,0.10529416609783465,0.6794758109454642,25,20,10
1,3393,0.18415933376531068,0.04028435265622868,0.1101836924300976,0.6653726211483625,25,20,10
1,3394,0.16287376658174657,0.04125378448902767,0.15400617651365345,0.6418662724155753,25,20,10
1,3395,0.21810635077159646,0.038941074184054035,0.07508251989281191,0.6678700551515371,25,20,10
1,3396,0.20263599153282072,0.03994649606318992,0.10380421400579966,0.6536132983981904,25,20,10
1,3397,0.1722123546460731,0.03994420336378203,0.12325199484097693,0.6645914471491696,25,20,10
1,3398,0.20144024841834318,0.03990828401521261,0.079822597204238,0.6788288703622066,25,20,10
1,3399,0.2006279509967574,0.039736588616030404,0.08167885467699308,0.6779566057102199,25,20,10
1,3400,0.15395718531046376,0.03934017366201215,0.12836751697803245,0.678335124049493,25,20,10
1,3401,0.14658328530124534,0.039340176994742716,0.13505357138929575,0.679022966314719,25,20,10
1,3402,0.14784142725510138,0.03993809157001465,0.060126147797434554,0.752094333377449,25,20,10
1,3403,0.13017812077049115,0.0007766611037905394,0.12141980089715593,0.7476254172285622,25,20,10
1,3404,0.11851880554529665,7.385419875338202e-06,0.1336528341964672,0.7478209748383629,25,20,10
1,3405,0.11837191141848523,7.3861246492652215e-06,0.13587193254664792,0.7457487699102188,25,20,10
1,3406,0.07687422583068479,7.465851812022099e-06,0.17146793186558681,0.7516503764519169,25,20,10
1,3407,0.07284888563156885,7.2269452259537e-06,0.17962839883665155,0.7475154885865536,25,20,10
1,3408,0.07589444736428323,7.19614489978306e-06,0.1736622371637418,0.7504361193270759,25,20,10
1,3409,0.0760246999025087,1.9092802310276127e-05,0.1596206553611594,0.7643355519340217,25,20,10
1,3410,0.1140701515058415,0.0007949488664046856,0.12649755055792172,0.7586373490698312,25,20,10
1,3411,0.11531636449280763,0.00077916197173687,0.1364671211963311,0.7474373523391271,25,20,10
1,3412,0.12232029016493598,9.258328501839751e-06,0.09834444635517908,0.779326005151384,25,20,10
1,3413,0.15565513164187156,9.213440477826905e-06,0.04592629054345179,0.7984093643741985,25,20,10
1,3414,0.15368070291681424,2.575509154176049e-07,0.09858371437901293,0.7477353251532586,25,20,10
1,3415,0.15371800108987804,0.021106591712482893,0.11407911195819515,0.7110962952394446,25,20,10
1,3416,0.1512605547692385,0.039984494822886484,0.09038881938242145,0.7183661310254572,25,20,10
1,3417,0.1679100454794724,0.039535135196332345,0.11404950928779767,0.6785053100364,25,20,10
1,3418,0.22154332144832203,0.03997511487098519,0.05944555904284291,0.6790360046378503,25,20,10
1,3419,0.189913219486175,0.03994033619149756,0.10897827371007111,0.6611681706122566,25,20,10
1,3420,0.19063182344939186,0.038734174809945905,0.10293937723784541,0.6676946245028188,25,20,10
1,3421,0.1937174413166518,0.03825398736265653,0.08884151148151172,0.6791870598391802,25,20,10
1,3422,0.141761773297799,0.039947651545915036,0.13950357916685893,0.6787869959894307,25,20,10
1,3423,0.12119085498396794,0.0399471964284725,0.16016230183110344,0.6786996467564541,25,20,10
1,3424,0.12286128613489421,0.03994707881400474,0.1780073080336186,0.6591843270174816,25,20,10
1,3425,0.09075843336141745,0.039947165907079946,0.2085671838050525,0.6607272169264512,25,20,10
1,3426,0.05233611511885379,0.0009011185350058614,0.26763822134810755,0.6791245449980322,25,20,10
1,3427,0.05435980856283587,0.039933822147349585,0.3389347132018841,0.566771656087929,25,20,10
1,3428,0.12987378812168227,0.04050196667900803,0.2870046450496404,0.5426196001496683,25,20,10
1,3429,0.15191636233116346,0.0788581767856569,0.17700250965131822,0.5922229512318634,25,20,10
1,3430,0.22986570385116692,0.07928431686097455,0.09246028291739661,0.5983896963704624,25,20,10
1,3431,0.2391256174382454,0.07741684750157002,0.08563829498874023,0.5978192400714452,25,20,10
1,3432,0.1730716066259582,0.07767215246046233,0.17299684449708522,0.5762593964164933,25,20,10
1,3433,0.1419109182421067,0.07973781844149865,0.19234944845760565,0.5860018148587874,25,20,10
1,3434,0.08454102233848067,0.07681509724683414,0.25231587548232304,0.5863280049323608,25,20,10
1,3435,0.10891859433461178,0.11643268441997985,0.1896548276251024,0.5849938936203081,25,20,10
1,3436,0.11689099213392852,0.053167219634653456,0.23113723084726595,0.5988045573841488,25,20,10
1,3437,0.1244219104967875,0.07904877212043317,0.19667985623219303,0.5998494611505858,25,20,10
1,3438,0.1176920374996445,0.07824026900363928,0.2014007872688969,0.6026669062278189,25,20,10
1,3439,0.12888390445061113,0.07823690633533689,0.24749860383240446,0.5453805853816458,25,20,10
1,3440,0.14275070398630207,0.11694683082716628,0.1774587790542421,0.5628436861322884,25,20,10
1,3441,0.13603448119725875,0.07871447094287333,0.22594835684332285,0.5593026910165433,25,20,10
1,3442,0.18078773294169892,0.08098694547487365,0.1764809991135342,0.5617443224698931,25,20,10
1,3443,0.23369712995441103,0.08029513521156925,0.12374354612019152,0.5622641887138294,25,20,10
1,3444,0.2392106442510068,0.06373093068408721,0.13425363745839797,0.5628047876065086,25,20,10
1,3445,0.15975824812593625,0.09519841747440112,0.11892371446586711,0.6261196199337958,25,20,10
1,3446,0.12238941611506413,0.11816322628910061,0.1301502645085492,0.629297093087288,25,20,10
1,3447,0.13900371272576667,0.07776039924516957,0.14860535516963413,0.6346305328594332,25,20,10
1,3448,0.14466347356809423,0.07895174719353812,0.14251928064681457,0.6338654985915533,25,20,10
1,3449,0.11290066904123483,0.08217316213059632,0.17034696677440717,0.6345792020537656,25,20,10
1,3450,0.11541700374421794,0.07903288661764742,0.16403546823630738,0.6415146414018308,25,20,10
1,3451,0.12978935705632533,0.07858158130167171,0.1523729887475292,0.639256072894474,25,20,10
1,3452,0.10841528582431575,0.07860142159018572,0.1737549720983438,0.639228320487155,25,20,10
1,3453,0.20198300952083506,0.07975775031805989,0.09013990399613256,0.6281193361649731,25,20,10
1,3454,0.17154993021235668,0.07975774600353926,0.12063673874356763,0.6280555850405368,25,20,10
1,3455,0.177248332087165,0.03992122897671723,0.14862700319416924,0.6342034357419515,25,20,10
1,3456,0.19282874867710464,0.021642913954004906,0.14765958741704158,0.6378687499518507,25,20,10
1,3457,0.18877729580063568,0.000652609930184712,0.17270952541583687,0.637860568853342,25,20,10
1,3458,0.1618763679590236,0.00027141922492795323,0.20104244338466043,0.6368097694313881,25,20,10
1,3459,0.14104634288800003,1.437128955461982e-05,0.22610922658748275,0.6328300592349594,25,20,10
1,3460,0.10457773514652223,1.5602863424807624e-05,0.1922061514583508,0.7032005105317017,25,20,10
1,3461,0.11603379016131753,1.5562669601484124e-05,0.16673228900773635,0.7172183581613435,25,20,10
1,3462,0.06769057723180515,0.0019299252722742956,0.21200612536538485,0.7183733721305327,25,20,10
1,3463,0.1311094181924553,3.1545441412866074e-08,0.18856230192209658,0.6803282483400055,25,20,10
1,3464,0.17173076495359121,1.41862610701339e-05,0.14097103750279463,0.687284011282544,25,20,10
1,3465,0.17175683903699546,1.4204142506278005e-05,0.15150544229685872,0.6767235145236394,25,20,10
1,3466,0.15404154166194467,5.133195132879771e-06,0.1280730029185544,0.7178803222243707,25,20,10
1,3467,0.11724740375770949,2.681778611046164e-06,0.16117767194671326,0.7215722425169667,25,20,10
1,3468,0.158551136087334,2.644527541418638e-06,0.11973974064515583,0.7217064787399698,25,20,10
1,3469,0.19060019588672616,1.6630771176385752e-05,0.09031605924770612,0.719067114094391,25,20,10
1,3470,0.22241430006370436,4.1743595038662e-05,0.05976049532802127,0.7177834610132346,25,20,10
1,3471,0.21884029738674207,4.177102092164744e-05,0.06307581097143769,0.718042120620898,25,20,10
1,3472,0.16698313133158338,5.593320735223962e-06,0.12103962956657421,0.7119716457811088,25,20,10
1,3473,0.1218304728065689,0.0007793972112613087,0.17069886569771345,0.7066912642844556,25,20,10
1,3474,0.12148568734692575,0.0007786161310020797,0.16283011434006614,0.7149055821820066,25,20,10
1,3475,0.11356538533570752,0.0007785930044639309,0.16681504575277564,0.7188409759070534,25,20,10
1,3476,0.19052813311922454,1.299208965375939e-06,0.12599381317029157,0.6834767545015213,25,20,10
1,3477,0.15772080107034178,0.0002615490229688804,0.16905212108408488,0.6729655288226063,25,20,10
1,3478,0.16808696842638277,0.00026149314590289373,0.15909597602358044,0.6725555624041348,25,20,10
1,3479,0.13099645257874004,0.0082330713646957,0.18804445498372224,0.6727260210728423,25,20,10
1,3480,0.08832214835718244,0.03871676188234366,0.19418008319091823,0.6787810065695566,25,20,10
1,3481,0.0754385800389134,0.02457649996143798,0.2204843388171148,0.6795005811825356,25,20,10
1,3482,0.1267898065169229,0.0210430600376581,0.21215654016754065,0.6400105932778791,25,20,10
1,3483,0.1847935649838679,0.03826402924002942,0.1388772517946554,0.638065153981449,25,20,10
1,3484,0.20073077625939273,0.04013826982353959,0.13204658193312688,0.6270843719839413,25,20,10
1,3485,0.24414267494211456,0.03996338434640186,0.09011557456019448,0.6257783661512908,25,20,10
1,3486,0.25706480174281887,0.040162649216742265,0.07545335715931796,0.6273191918811206,25,20,10
1,3487,0.23162787540006705,0.0399456283607295,0.12612038656513286,0.6023061096740713,25,20,10
1,3488,0.22190740195555844,0.03994952315665738,0.1397885767731503,0.5983544981146349,25,20,10
1,3489,0.2480025035375286,0.03994956051515504,0.10901573344861265,0.6030322024987044,25,20,10
1,3490,0.14838319923557575,0.03995542987711907,0.22629630095366637,0.5853650699336407,25,20,10
1,3491,0.17207325461524434,0.01123777754114825,0.2175670476354169,0.5991219202081908,25,20,10
1,3492,0.11359634224539011,0.020762535725495756,0.2260902614138838,0.6395508606152307,25,20,10
1,3493,0.16801099728421068,0.024495902792542528,0.16825896488454675,0.6392341350387006,25,20,10
1,3494,0.18799283600713043,0.024510941950419817,0.1884311552766797,0.5990650667657714,25,20,10
1,3495,0.18794518173423028,0.021438030537314537,0.19125378267617993,0.5993630050522737,25,20,10
1,3496,0.21799298842544407,0.04057172745319185,0.1423268956883174,0.5991083884330478,25,20,10
1,3497,0.18707510676711026,0.039963306932973515,0.17376880173099982,0.5991927845689166,25,20,10
1,3498,0.25363771290892934,0.07991124269766449,0.06768697878160448,0.5987640656118013,25,20,10
1,3499,0.25755606765307637,0.05229501164910194,0.09186234650290936,0.5982865741949124,25,20,10
1,3500,0.2693849362670823,0.0799477349117028,0.0519342522109112,0.598733076610304,25,20,10
1,3501,0.2141813303825374,0.0799474042307361,0.16356319114878815,0.542308074237938,25,20,10
1,3502,0.19295623112925686,0.07994774751782062,0.17871143257525804,0.5483845887776638,25,20,10
1,3503,0.2557811147851719,0.07994795901947784,0.11162528517995086,0.5526456410154001,25,20,10
1,3504,0.2811992180011733,0.025386246461662237,0.1397338967113314,0.5536806388258382,25,20,10
1,3505,0.24593644117162522,0.06119216416521366,0.13431626825777823,0.558555126405386,25,20,10
1,3506,0.17703171402580828,0.08239528985972738,0.1813502365263565,0.5592227595881085,25,20,10
1,3507,0.14320546761290767,0.08235125037270503,0.21542293376438562,0.5590203482500027,25,20,10
1,3508,0.15449626477846623,0.10055815467237991,0.21152867784366244,0.5334169027054925,25,20,10
1,3509,0.19670785679614325,0.1010492521644441,0.18297507644268574,0.5192678145967272,25,20,10
1,3510,0.17304528912445571,0.08567013468582654,0.22328489736058757,0.5179996788291319,25,20,10
1,3511,0.12234716110285883,0.10105677935150276,0.2577916004209288,0.5188044591247097,25,20,10
1,3512,0.19314985644550794,0.11645962968601221,0.17089997620815212,0.5194905376603294,25,20,10
1,3513,0.2584255849669281,0.1186255534317062,0.10981069818784807,0.5131381634135191,25,20,10
1,3514,0.2901053244213346,0.09002308180232697,0.1208105838896123,0.49906100988672714,25,20,10
1,3515,0.22422629114137652,0.11509556915973701,0.14739189842105763,0.5132862412778301,25,20,10
1,3516,0.1836700335794714,0.1171378802690155,0.1537777762143461,0.5454143099371696,25,20,10
1,3517,0.24275372522979377,0.1171802690965566,0.09470849508065302,0.5453575105929965,25,20,10
1,3518,0.2586201234858777,0.11702249964406908,0.06576364089039113,0.5585937359796624,25,20,10
1,3519,0.22745025120761717,0.026162322439682733,0.18767763733790047,0.5587097890148007,25,20,10
1,3520,0.22594161476700733,0.0534900221408698,0.12156800157069027,0.5990003615214349,25,20,10
1,3521,0.22632665116569073,0.03536206420669929,0.17980903869648163,0.5585022459311277,25,20,10
1,3522,0.22466930338149768,0.052219695369752295,0.1645597164909983,0.5585512847577544,25,20,10
1,3523,0.22225838901685574,0.014442844884822663,0.20451480245834758,0.5587839636399721,25,20,10
1,3524,0.20756635019906533,3.475145411446728e-05,0.24150377038295764,0.550895127963864,25,20,10
1,3525,0.17521533012627308,0.0011945038235496583,0.26525072577306363,0.5583394402771149,25,20,10
1,3526,0.19061313605827288,0.0011228643544484431,0.26406739087802267,0.5441966087092548,25,20,10
1,3527,0.25485607356329887,0.001074764730933606,0.1914856642935662,0.5525834974122013,25,20,10
1,3528,0.28784182341448383,0.0010747987338527746,0.1692094635905496,0.5418739142611141,25,20,10
1,3529,0.25286770674501746,4.206302485957998e-06,0.22706803714442017,0.5200600498080763,25,20,10
1,3530,0.24978465341429337,8.27231720633368e-07,0.22018851184201538,0.5300260075119703,25,20,10
1,3531,0.21572026090068686,2.9398758350861425e-06,0.23602038204342585,0.5482564171800532,25,20,10
1,3532,0.2547112432303824,1.1459207158994198e-06,0.1766942886677556,0.5685933221811473,25,20,10
1,3533,0.253417026128024,6.270717185140281e-06,0.189818828705145,0.5567578744496463,25,20,10
1,3534,0.285746869736415,3.6880910009406724e-07,0.1664398206076704,0.5478129408468135,25,20,10
1,3535,0.2832189330080066,4.926870173855468e-07,0.16199625281236896,0.5547843214926105,25,20,10
1,3536,0.32173582461700845,9.339949838327735e-06,0.11918316717964311,0.5590716682535124,25,20,10
1,3537,0.3304184399931117,9.506896323284898e-06,0.12458095657775621,0.5449910965328096,25,20,10
1,3538,0.3876597513320838,9.585012256522046e-06,0.0574532573209901,0.5548774063346693,25,20,10
1,3539,0.3356460899414483,1.8602057109320724e-07,0.06545401594983401,0.5988997080881469,25,20,10
1,3540,0.3258853269284577,4.2881147991098656e-08,0.07897983450452134,0.5951347956858732,25,20,10
1,3541,0.28948347975611977,1.9758709073562261e-07,0.11152471440001968,0.5989916082567699,25,20,10
1,3542,0.27743378041742767,8.508255356759282e-09,0.1241445057553034,0.5984217053190151,25,20,10
1,3543,0.24438813546764543,0.00015505804908963556,0.1576876881149889,0.5977691183682774,25,20,10
1,3544,0.26851584926819266,0.00015550638888822704,0.13282241298044586,0.5985062313624734,25,20,10
1,3545,0.3023749475221693,7.546629628416685e-08,0.09916765831320783,0.5984573186983283,25,20,10
1,3546,0.2621573539621847,2.1554690812528364e-07,0.13876312308125877,0.5990793074096487,25,20,10
1,3547,0.27251140092175663,7.706764156184322e-08,0.1574019669582668,0.5700865550523343,25,20,10
1,3548,0.2511732461978595,7.479259353162076e-07,0.15036768799005482,0.5984583178861519,25,20,10
1,3549,0.25836390910588336,9.185365314862955e-09,0.14398990540630943,0.597646176302443,25,20,10
1,3550,0.2724033491758597,0.0382300383880871,0.05792381993672395,0.631442792499329,25,20,10
1,3551,0.229324126116415,0.039991562887350576,0.09069391477543984,0.6399903962207959,25,20,10
1,3552,0.18242907533257624,0.039939343079396686,0.13381179292252024,0.6438197886655082,25,20,10
1,3553,0.13866012283421159,0.03991925442472415,0.17156226825490897,0.6498583544861564,25,20,10
1,3554,0.14935470247908678,0.039837684704194236,0.13308143664774522,0.6777261761689752,25,20,10
1,3555,0.15246027454186303,0.039837006013992905,0.12908289545756335,0.6786198239865816,25,20,10
1,3556,0.11618963614838092,0.04057248712614611,0.17850132654217257,0.6647365501833015,25,20,10
1,3557,0.07626015076884247,0.04107880505185563,0.17828225682338647,0.7043787873559161,25,20,10
1,3558,0.15631360873028802,0.039949924012409696,0.10573266849588028,0.6980037987614222,25,20,10
1,3559,0.1594583218259092,0.03993806785283702,0.0872285858098139,0.7133750245114407,25,20,10
1,3560,0.23315455154796486,0.03990833216094644,0.007781547515625046,0.7191555687754639,25,20,10
1,3561,0.23309300009121725,0.03990874974814517,0.01378241449732333,0.7132158356633147,25,20,10
1,3562,0.2372936403047987,0.0004029523883180754,0.04788682499760402,0.7144165823092787,25,20,10
1,3563,0.23995667126003056,1.1224783337909921e-05,0.040986168000188866,0.7190459359564428,25,20,10
1,3564,0.2393069923312384,4.4747363592868036e-08,0.04150297236916119,0.7191899905522366,25,20,10
1,3565,0.22865238772597274,5.301481301266246e-06,0.058523845400355545,0.7128184653923699,25,20,10
1,3566,0.17458359505771995,7.772700827939259e-07,0.11746135845617621,0.7079542692160216,25,20,10
1,3567,0.18159502008752282,2.0130389748934286e-07,0.11070327060328093,0.7077015080053022,25,20,10
1,3568,0.19884038598032697,2.8192931854700638e-08,0.09297589661993771,0.7081836892068043,25,20,10
1,3569,0.23930384304977811,1.2575476826803519e-06,0.0415624675067529,0.7191324318957859,25,20,10
1,3570,0.17944045659008162,1.766698368946489e-06,0.10105109997230759,0.7195066767392444,25,20,10
1,3571,0.14876735772621263,1.8400638271144144e-06,0.13180115042282786,0.7194296517871357,25,20,10
1,3572,0.164254582053731,4.316964317901885e-06,0.11711639738770199,0.7186247035942495,25,20,10
1,3573,0.18957125811418316,1.2118254034469572e-06,0.09138642156999092,0.7190411084904244,25,20,10
1,3574,0.19233124426373865,5.0762616624446796e-08,0.08853389424912725,0.7191348107245175,25,20,10
1,3575,0.18789495183953697,1.6437557716906547e-05,0.13032680800866203,0.6817618025940853,25,20,10
1,3576,0.20268096559542706,2.1587427594669892e-05,0.1549300344436671,0.6423674125333143,25,20,10
1,3577,0.2221460785779371,7.134102120090814e-05,0.09875082054145318,0.6790317598594107,25,20,10
1,3578,0.21853088962653636,7.253336050409675e-05,0.11370590331217217,0.6676906737007893,25,20,10
1,3579,0.1786377794404318,7.55627929270461e-05,0.15335715190540739,0.6679295058612381,25,20,10
1,3580,0.17717072634647163,1.5120405396466836e-05,0.14365074951357693,0.6791634037345569,25,20,10
1,3581,0.20994879735925923,1.5585077942457678e-05,0.11106218201861248,0.6789734355441841,25,20,10
1,3582,0.1884470667923903,1.4447247188874749e-05,0.14588923975515308,0.665649246205269,25,20,10
1,3583,0.16188687094588047,1.1472015980898062e-05,0.15981107167638928,0.6782905853617504,25,20,10
1,3584,0.1350170910022579,9.77061277668671e-06,0.18628714904876556,0.6786859893361994,25,20,10
1,3585,0.13734569196064614,9.770598798751214e-06,0.18588782258143538,0.676756714859119,25,20,10
1,3586,0.1326277494607729,2.0954730434139365e-07,0.18747194019457658,0.6799001007973454,25,20,10
1,3587,0.10252942544909426,6.238200799485617e-07,0.22033888169027604,0.6771310690405504,25,20,10
1,3588,0.14058453974686505,3.746047680777365e-05,0.18101160487379178,0.6783663949025386,25,20,10
1,3589,0.19382176806535115,5.072282376301855e-06,0.12844349581710687,0.6777296638351679,25,20,10
1,3590,0.22322133796594895,5.729436989571685e-07,0.09916042337735859,0.6776176657129931,25,20,10
1,3591,0.23605755997107417,2.3722170904062292e-05,0.09049070878525409,0.6734280090727687,25,20,10
1,3592,0.22985740454524975,0.0005620038765319376,0.09157237735970807,0.6780082142185125,25,20,10
1,3593,0.27992203251269954,1.344199978632941e-06,0.08566772453456269,0.6344088987527607,25,20,10
1,3594,0.3169639627972881,1.3312005353774648e-06,0.050241768093441636,0.6327929379087346,25,20,10
1,3595,0.2825774832188305,1.9444034720343177e-07,0.10670745092492001,0.6107148714159036,25,20,10
1,3596,0.3202827350960926,0.016743125830867713,0.05864623436729767,0.6043279047057427,25,20,10
1,3597,0.3343032209092665,0.011184528900310561,0.06258350678691323,0.5919287434035084,25,20,10
1,3598,0.3013863217148527,0.03995322111787159,0.0981536364645461,0.5605068207027306,25,20,10
1,3599,0.24753749598585506,0.014957849781067435,0.13924600287643496,0.5982586513566449,25,20,10
1,3600,0.22181680687277397,0.039932493969426164,0.08747717323183131,0.6507735259259703,25,20,10
1,3601,0.19655042042245224,0.039943500946703854,0.11542290893783874,0.6480831696930055,25,20,10
1,3602,0.12707022910111113,0.03997263248547033,0.18779873213028472,0.6451584062831315,25,20,10
1,3603,0.1263043017286931,6.579715334185043e-07,0.20401167438699225,0.6696833659127809,25,20,10
1,3604,0.12160618748631843,5.790377329281822e-06,0.19955138711759277,0.6788366350187602,25,20,10
1,3605,0.20538257882176278,7.377254937010161e-06,0.1157877343261939,0.6788223095971071,25,20,10
1,3606,0.22850151476896882,6.232077698543611e-07,0.09768703661928269,0.6738108254039791,25,20,10
1,3607,0.1905247793596179,3.872588620251058e-05,0.13558022394779165,0.6738562708063895,25,20,10
1,3608,0.22927807223285693,0.0003698721276726497,0.09770667398088201,0.6726453816585891,25,20,10
1,3609,0.23928914152859257,1.4808162735223962e-05,0.08639327473623068,0.6743027755724432,25,20,10
1,3610,0.20307773011812816,3.1919559705821923e-09,0.12402730799974682,0.6728949586901717,25,20,10
1,3611,0.1773706102924035,1.3541213275376576e-08,0.14418116358149638,0.678448212584888,25,20,10
1,3612,0.20811834656469333,2.4303531306234777e-05,0.11325242003079534,0.6786049298732061,25,20,10
1,3613,0.18669723135780644,2.383817547351381e-05,0.13608282242712116,0.6771961080395993,25,20,10
1,3614,0.19665466404028847,2.3775537505645842e-08,0.12577389532833466,0.6775714168558402,25,20,10
1,3615,0.2112179680045889,5.904793226888279e-06,0.11006642693836664,0.6787097002638183,25,20,10
1,3616,0.20310480312911536,6.423834995777053e-08,0.117770479699851,0.6791246529326833,25,20,10
1,3617,0.21091344075459736,1.3928648325794349e-05,0.08012350164022614,0.7089491289568497,25,20,10
1,3618,0.20434935124222517,6.635788168905955e-06,0.07658241262253909,0.7190616003470665,25,20,10
1,3619,0.17680854306951155,3.5657775462732905e-07,0.10417096968569158,0.7190201306670463,25,20,10
1,3620,0.18331958558778777,0.00038370242828185945,0.09819878533102301,0.7180979266529102,25,20,10
1,3621,0.1520836779793985,1.3760701344699138e-05,0.14749020005913652,0.700412361260123,25,20,10
1,3622,0.16403103279844877,4.299711234585259e-08,0.12155637063036899,0.7144125535740714,25,20,10
1,3623,0.1602017119575171,9.364267274747793e-09,0.13483554134071005,0.7049627373375081,25,20,10
1,3624,0.12144066464145174,3.342332411459794e-05,0.1590977837783652,0.7194281282560685,25,20,10
1,3625,0.17062650126346632,0.002335639093569512,0.11347185593511715,0.7135660037078483,25,20,10
1,3626,0.1679077991254194,0.0022984104969118245,0.11295659535072192,0.716837195026948,25,20,10
1,3627,0.11226088628672491,0.0022984250306378297,0.1674095106238165,0.7180311780588211,25,20,10
1,3628,0.14098552956060625,2.0332659344959e-08,0.14550879343896328,0.7135056566677705,25,20,10
1,3629,0.14416042769216977,3.5858130422873156e-08,0.13748221511846306,0.7183573213312361,25,20,10
1,3630,0.1759102389486652,1.2299899187472618e-05,0.11911886777515857,0.7049585933769889,25,20,10
1,3631,0.10286584415119232,1.2340811937456646e-05,0.1287953544782724,0.7683264605585991,25,20,10
1,3632,0.03254624147299937,1.2548939286518198e-05,0.17140412298654073,0.7960370866011738,25,20,10
1,3633,0.04725943306191461,1.2546423367649965e-05,0.19586402780161766,0.7568639927131013,25,20,10
1,3634,0.045583440271063085,1.4618179230729784e-05,0.20262176371032464,0.7517801778393821,25,20,10
1,3635,0.08630599840642122,2.0249100505903177e-06,0.11491756684690124,0.7987744098366274,25,20,10
1,3636,0.11010003801804358,8.140374940055904e-07,0.0914933612281823,0.7984057867162803,25,20,10
1,3637,0.11497969290008239,4.468482509713693e-07,0.10542332154495336,0.7795965387067131,25,20,10
1,3638,0.118676904743663,3.003029574207321e-07,0.08740465449447626,0.7939181404589047,25,20,10
1,3639,0.08221141931725061,1.2755559633941013e-06,0.12810984436000306,0.7896774607667851,25,20,10
1,3640,0.12337167311904704,2.9159298562840322e-09,0.08341624870894701,0.7932120752560765,25,20,10
1,3641,0.12243137186462802,4.274977447276504e-09,0.07854239400864801,0.7990262298517469,25,20,10
1,3642,0.12114771209818459,1.613249481786384e-07,0.07983374632155654,0.7990183802553108,25,20,10
1,3643,0.09910061280785726,1.3988818079173628e-05,0.1064984162194445,0.794386982154623,25,20,10
1,3644,0.11568666158147138,1.399045313395004e-05,0.10051594099089713,0.7837834069744971,25,20,10
1,3645,0.12219480705657579,1.0377381912454447e-08,0.09296980212974017,0.7848353804363016,25,20,10
1,3646,0.12882852803317563,6.417896707657695e-07,0.08667539369399817,0.784495436483156,25,20,10
1,3647,0.17593237765114078,1.304435204190401e-08,0.024842968959520803,0.7992246403449873,25,20,10
1,3648,0.13325187341111577,1.1519330648677116e-08,0.07316106938372913,0.7935870456858239,25,20,10
1,3649,0.1297838253611413,9.992814282248386e-09,0.08327763035062408,0.7869385342954203,25,20,10
1,3650,0.1346895433153354,9.575692462237918e-09,0.06852816772965678,0.796782279379314,25,20,10
1,3651,0.12005664955998725,2.5754938678769244e-07,0.07839432149542704,0.8015487713951981,25,20,10
1,3652,0.04287140126970629,0.00010278418505501674,0.15918762836459352,0.7978381861806451,25,20,10
1,3653,0.005565073736192737,2.095608129175186e-05,0.19542166139368203,0.7989923087888339,25,20,10
1,3654,0.04296752419343691,1.3532583964681876e-06,0.15750327598780245,0.7995278465603647,25,20,10
1,3655,0.04062434973936879,8.198345074409134e-06,0.16026046790943338,0.7991069840061251,25,20,10
1,3656,0.08196034924550717,7.352039030011196e-05,0.11926402623554773,0.798702104128645,25,20,10
1,3657,0.16430944876089287,6.611004218188535e-08,0.05137111304753932,0.7843193720815248,25,20,10
1,3658,0.12607862007901566,1.9721387559522906e-06,0.08920261252771783,0.7847167952545101,25,20,10
1,3659,0.14000358988814887,9.633263808562395e-07,0.062263459394568475,0.7977319873909013,25,20,10
1,3660,0.14788950770556827,4.65647173813057e-08,0.05887401469713205,0.7932364310325817,25,20,10
1,3661,0.1615612450060548,8.931935346545992e-09,0.045813581903760774,0.7926251641582489,25,20,10
1,3662,0.1618449832513906,3.863430349490664e-10,0.046346569636666085,0.7918084467255991,25,20,10
1,3663,0.15466105125180363,4.821793621669219e-07,0.0578279070727858,0.7875105594960478,25,20,10
1,3664,0.1396646443468331,2.5309704160692835e-07,0.10318572714791957,0.7571493754082061,25,20,10
1,3665,0.15565594752638826,0.03370031670745343,0.027918340985647397,0.7827253947805111,25,20,10
1,3666,0.16098422366098997,0.039940700764441346,0.02137239612921617,0.7777026794453525,25,20,10
1,3667,0.11153022975505537,0.039940978436936475,0.06440212164147038,0.7841266701665365,25,20,10
1,3668,0.05016464012294604,0.027885897297566364,0.1226154640806035,0.7993339984988864,25,20,10
1,3669,0.04493517860486005,0.02400012507722753,0.13274211299427746,0.7983225833236367,25,20,10
1,3670,0.08181728504213905,0.03998166273050635,0.09083563490050577,0.787365417326849,25,20,10
1,3671,0.10520620501533981,0.021991865452855242,0.07960566770954197,0.7931962618222625,25,20,10
1,3672,0.10441789515357121,0.03996020004761993,0.06334429000699564,0.7922776147918134,25,20,10
1,3673,0.056441856532934744,0.03996016364764382,0.11182734520165533,0.7917706346177656,25,20,10
1,3674,0.0812185349587984,0.0399779908834228,0.08683841099434979,0.7919650631634295,25,20,10
1,3675,0.08234545940008715,0.0003832954900417002,0.11703716338618414,0.8002340817236893,25,20,10
1,3676,0.05462041267730697,7.862635251992365e-09,0.15154230634865976,0.7938372731114006,25,20,10
1,3677,0.08656310189987164,6.698215034652925e-09,0.11859671108126857,0.7948401803206447,25,20,10
1,3678,0.09102661106602294,2.2200563676786426e-08,0.1095670843908909,0.7994062823425219,25,20,10
1,3679,0.09965679853240351,2.3310057598628154e-08,0.10125107009118711,0.7990921080663519,25,20,10
1,3680,0.15952310390091806,2.5124979554409744e-08,0.04651261993628517,0.7939642510378168,25,20,10
1,3681,0.15827875723132181,8.411136188905424e-09,0.050221214021001055,0.7915000203365404,25,20,10
1,3682,0.13650020169213323,6.641723850033004e-07,0.05326533829852517,0.8102337958369552,25,20,10
1,3683,0.13582145045864943,6.6416998630043e-07,0.0486564681015518,0.8155214172698112,25,20,10
1,3684,0.1750135038962003,6.764922149430447e-07,0.07282814512660846,0.7521576744849753,25,20,10
1,3685,0.18566171678331553,8.867034162580806e-08,0.06897452148292801,0.7453636730634146,25,20,10
1,3686,0.12401954173237453,5.140110943723697e-06,0.11779891267692827,0.7581764054797554,25,20,10
1,3687,0.10078989286373828,7.326870752285597e-06,0.14037601981466113,0.7588267604508512,25,20,10
1,3688,0.09667891451955532,7.243529241149769e-06,0.14469103898247707,0.7586228029687286,25,20,10
1,3689,0.12989735804113792,6.396682677419871e-06,0.11194825307449381,0.7581479922016905,25,20,10
1,3690,0.17473735633121062,5.094259554564874e-06,0.1086943493349719,0.7165632000742624,25,20,10
1,3691,0.17024649842235662,0.0007572719166294607,0.11306670446834882,0.7159295251926647,25,20,10
1,3692,0.19374854015265222,6.478238420170445e-07,0.10511591111711141,0.7011349009063927,25,20,10
1,3693,0.19374758445056872,9.70602628364647e-08,0.10436259395586965,0.7018897245333002,25,20,10
1,3694,0.17086047944885632,5.653748596434424e-07,0.12065304482950272,0.7084859103467821,25,20,10
1,3695,0.14783259804666646,2.7861335578445765e-05,0.13338299127887598,0.7187565493388807,25,20,10
1,3696,0.150594592861754,1.3463345835080655e-05,0.14395923040504807,0.7054327133873615,25,20,10
1,3697,0.1619169613334418,5.542702792269117e-07,0.15032854446507973,0.6877539399312024,25,20,10
1,3698,0.10477118514419466,1.3995957372665496e-05,0.17719377491373295,0.7180210439846949,25,20,10
1,3699,0.1421567270691102,0.000319599961877795,0.13878746410638232,0.7187362088626328,25,20,10
1,3700,0.13532061368270293,4.478819111045626e-06,0.14614223629821552,0.7185326711999727,25,20,10
1,3701,0.12926549434269755,7.2628364727165826e-06,0.11218591009763608,0.7585413327231934,25,20,10
1,3702,0.13359875295506665,3.312213320570549e-08,0.11857760680962492,0.7478236071131747,25,20,10
1,3703,0.1404792078319616,6.3353263258886835e-09,0.11413449433475145,0.7453862914979626,25,20,10
1,3704,0.16023502169452908,2.2519915284897758e-07,0.07731227334482003,0.7624524797614973,25,20,10
1,3705,0.14163501609731605,3.0689821475760974e-08,0.10606850507112804,0.7522964481417346,25,20,10
1,3706,0.15625648670009454,9.486781059938624e-09,0.08640229509900114,0.7573412087141236,25,20,10
1,3707,0.16720701460839357,2.095674752978395e-08,0.11060427812432667,0.722188686310532,25,20,10
1,3708,0.16832461617411204,2.1434266478877638e-08,0.10950879397509597,0.7221665684165255,25,20,10
1,3709,0.1653415423048672,1.2657219922008994e-05,0.1512560707493841,0.6833897297258302,25,20,10
1,3710,0.21459220204959947,3.2568732250406547e-07,0.12200856262494289,0.6633989096381373,25,20,10
1,3711,0.2060654007505846,1.3565973974070254e-05,0.12609654623369618,0.6678244870417465,25,20,10
1,3712,0.2233696005788003,1.002198649334786e-06,0.10243505909657694,0.6741943381259742,25,20,10
1,3713,0.23179727396406144,2.0360532377024368e-07,0.09466206860023357,0.6735404538303824,25,20,10
1,3714,0.18662071559492838,5.26142378947331e-07,0.13154469115585943,0.6818340671068353,25,20,10
1,3715,0.16333954419200006,5.995788305576737e-07,0.16767796815257335,0.6689818880765958,25,20,10
1,3716,0.1634833111268583,1.4058601507248137e-05,0.16974848617819752,0.6667541440934373,25,20,10
1,3717,0.15129664653304517,7.471978950105383e-08,0.17057945266224986,0.6781238260849162,25,20,10
1,3718,0.13110597564303567,2.0628917575876624e-07,0.24011353363141436,0.6287802844363752,25,20,10
1,3719,0.21637255419239185,1.6280245413783682e-05,0.14418409735430548,0.6394270682078911,25,20,10
1,3720,0.18755146706605175,7.998476340935141e-06,0.17381517059074159,0.6386253638668654,25,20,10
1,3721,0.20363985312287528,1.218592258141425e-05,0.16044103498990137,0.6359069259646437,25,20,10
1,3722,0.1645697310511005,7.824361442076144e-05,0.19264449614169735,0.6427075291927821,25,20,10
1,3723,0.19641168447920976,1.4167719572917407e-05,0.16461986673067502,0.6389542810705438,25,20,10
1,3724,0.11419085549291957,1.5660766791187927e-05,0.24697177718445432,0.6388217065558317,25,20,10
1,3725,0.12843371332136086,7.476102181291555e-05,0.23207746358947762,0.6394140620673496,25,20,10
1,3726,0.1654537309183779,8.261951263797836e-06,0.1952064526547066,0.6393315544756527,25,20,10
1,3727,0.17274057797366818,6.023427214634507e-08,0.18771900122217602,0.6395403605698842,25,20,10
1,3728,0.236045361247992,7.45397118455762e-08,0.16478127592054193,0.5991732882917559,25,20,10
1,3729,0.2404272446580773,5.6419851683637294e-08,0.15568059086152858,0.6038921080605446,25,20,10
1,3730,0.27144752765862146,5.261241258802203e-06,0.13697847057179702,0.5915687405283253,25,20,10
1,3731,0.19366170567932106,7.4446234644601695e-06,0.19406562060241583,0.612265229094798,25,20,10
1,3732,0.21727642685659784,1.1205185758209905e-06,0.1364709853177875,0.6462514673070403,25,20,10
1,3733,0.18259513896201368,0.0005765479802179373,0.1782519841631135,0.638576328894655,25,20,10
1,3734,0.23722446040486342,0.039027492538242135,0.08491618077461655,0.6388318662822805,25,20,10
1,3735,0.19058995152450772,0.039028632436216466,0.10978372870715074,0.660597687332126,25,20,10
1,3736,0.1484121832061901,0.03994226410874295,0.1382609601974409,0.6733845924876308,25,20,10
1,3737,0.19156315515439168,0.03994234392555922,0.0835921534447683,0.6849023474752807,25,20,10
1,3738,0.16562614563683994,0.039942028385743726,0.11184808335348068,0.6825837426239402,25,20,10
1,3739,0.16040866172398352,0.0399422601575535,0.1381829116945815,0.6614661664238856,25,20,10
1,3740,0.1796609048000089,0.03994232773258795,0.12103245952168759,0.6593643079457188,25,20,10
1,3741,0.19790886265913973,0.03826155249705249,0.1371293233316056,0.6267002615122036,25,20,10
1,3742,0.18281988268470462,0.038254146367703315,0.13980128714929366,0.6391246837982998,25,20,10
1,3743,0.2283801987593108,0.03997662350896611,0.10135230440322708,0.6302908733284971,25,20,10
1,3744,0.20660635630803498,0.03993279353971672,0.11516901105677343,0.6382918390954767,25,20,10
1,3745,0.1954109700690508,0.039939357795951855,0.08736824162730557,0.6772814305076917,25,20,10
1,3746,0.21968117742560675,0.03996022570648135,0.05989253646299218,0.680466060404919,25,20,10
1,3747,0.1855355878333911,0.03996070277961248,0.061367813711246375,0.7131358956757502,25,20,10
1,3748,0.19997757208536235,0.03994816320118439,0.052439811076145565,0.7076344536373074,25,20,10
1,3749,0.12040758893245718,0.03995523219465155,0.12053178106063334,0.7191053978122597,25,20,10
1,3750,0.1182806688547824,0.0010642157919692483,0.17246903701535105,0.7081860783379004,25,20,10
1,3751,0.10364339059404136,0.0010985166657227483,0.14461724012025567,0.750640852619982,25,20,10
1,3752,0.07968397232943557,0.0008147545364641008,0.16077735567550572,0.7587239174585991,25,20,10
1,3753,0.11054245299527933,0.0008072226856123573,0.13497626208299054,0.7536740622361187,25,20,10
1,3754,0.1614455273025166,0.021977725913055902,0.05806428838519438,0.7585124583992332,25,20,10
1,3755,0.15942299875221702,0.021205828849946585,0.05992943377701636,0.7594417386208189,25,20,10
1,3756,0.1473722021510733,0.014142448181571766,0.07943410231894933,0.7590512473484046,25,20,10
1,3757,0.10992865501334366,0.011223073426755069,0.13153082747078204,0.7473174440891204,25,20,10
1,3758,0.08687532264548004,0.039537363999060125,0.12651572696632718,0.7470715863891358,25,20,10
1,3759,0.09560861546865045,0.04017856567744402,0.11651623397121873,0.7476965848826882,25,20,10
1,3760,0.059852886488446326,0.0528249751265047,0.13954366449787187,0.7477784738871804,25,20,10
1,3761,0.08038391088263067,0.05260251373138274,0.13417680680280258,0.7328367685831867,25,20,10
1,3762,0.07932767343077188,0.05260253502060091,0.15417201182949938,0.7138977797191296,25,20,10
1,3763,0.07938487352607142,0.07634898134364765,0.14255898337383197,0.7017071617564485,25,20,10
1,3764,0.0796929657651805,0.0493714627451525,0.18113014194209565,0.6898054295475677,25,20,10
1,3765,0.10603007852097841,0.0764882039451283,0.11805597481357528,0.699425742720322,25,20,10
1,3766,0.11541102439002326,0.07819003294538698,0.08933285345323638,0.7170660892113547,25,20,10
1,3767,0.11319229144914772,0.07991230739098194,0.05891810599480058,0.7479772951650703,25,20,10
1,3768,0.11595641984930817,0.07990816466777877,0.04550199050485455,0.7586334249780577,25,20,10
1,3769,0.16015883439923287,0.07990814977381305,0.001004930829825999,0.7589280849971276,25,20,10
1,3770,0.14864376001460003,0.06439431140472042,0.027797384445850185,0.7591645441348287,25,20,10
1,3771,0.133232858773297,0.07868490461178934,0.02965096819646308,0.7584312684184503,25,20,10
1,3772,0.1429902231815638,0.0786849202767446,0.01969189894605193,0.7586329575956404,25,20,10
1,3773,0.15751687562704697,0.07870922493291645,0.004807109967238659,0.7589667894727973,25,20,10
1,3774,0.08173810398633051,0.05066493416678092,0.10906155653558323,0.7585354053113084,25,20,10
1,3775,0.1202235824456314,0.05058916330139565,0.07057732102956903,0.7586099332234035,25,20,10
1,3776,0.1226649033775798,0.0505903316189995,0.06757750427909012,0.7591672607243305,25,20,10
1,3777,0.15675371856853845,0.05058919391901643,0.03847153135185285,0.7541855561605922,25,20,10
1,3778,0.14428463991590365,0.07942248428304105,0.024401337631730278,0.7518915381693246,25,20,10
1,3779,0.14395484025893476,0.07942673963642252,0.029607306737517946,0.7470111133671247,25,20,10
1,3780,0.1438787696153251,0.07818138699235612,0.03808186795718998,0.7398579754351285,25,20,10
1,3781,0.12051049763281846,0.07747317317827003,0.03439128885383223,0.7676250403350798,25,20,10
1,3782,0.09099114465083448,0.07826862939220423,0.03625109198685402,0.7944891339701067,25,20,10
1,3783,0.04096953218508528,0.07826862503687713,0.09279714565503042,0.7879646971230079,25,20,10
1,3784,0.05416181975563186,0.07826862570782474,0.10344931842112867,0.7641202361154152,25,20,10
1,3785,0.05020375562829248,0.07990179860916126,0.10636223233095848,0.7635322134315881,25,20,10
1,3786,0.07602006559459057,0.07990248189675796,0.07994640382569067,0.7641310486829596,25,20,10
1,3787,0.08083848812279039,0.07866645699039543,0.10011159167639638,0.7403834632104168,25,20,10
1,3788,0.0880951235107532,0.07871717385664573,0.11592983467595691,0.717257867956645,25,20,10
1,3789,0.14950661118692976,0.07812339780079464,0.05506494748694604,0.7173050435253296,25,20,10
1,3790,0.1552357724646086,0.0793603774502766,0.0647963391930729,0.7006075108920422,25,20,10
1,3791,0.15314946757910314,0.07869911919440228,0.06815748221505577,0.6999939310114384,25,20,10
1,3792,0.1523560503752268,0.07933621307320847,0.07752924309783506,0.6907784934537297,25,20,10
1,3793,0.12326429660404802,0.040322803037906134,0.13622925618911536,0.7001836441689331,25,20,10
1,3794,0.11846307056753146,0.03993998077311691,0.14056302936333043,0.701033919296023,25,20,10
1,3795,0.1101483583639169,0.03994285845889476,0.13019938919865143,0.719709393978539,25,20,10
1,3796,0.12725351383450387,0.03995623169633256,0.1136578282997752,0.7191324261693914,25,20,10
1,3797,0.16058863139444532,0.03826020526254589,0.07839681360757929,0.7227543497354297,25,20,10
1,3798,0.12612334697491925,0.049492227470689355,0.10499265549004284,0.7193917700643512,25,20,10
1,3799,0.05994866147582308,0.07579229559272872,0.14801299623689645,0.7162460466945556,25,20,10
1,3800,0.08308583511374856,0.07697698501782096,0.1302884485175567,0.7096487313508767,25,20,10
1,3801,0.10922064049947312,0.11630975296327954,0.0633070225098283,0.7111625840274176,25,20,10
1,3802,0.050404770274803105,0.11584697150301276,0.11345786005550255,0.7202903981666843,25,20,10
1,3803,0.10913445204604422,0.11856048838101381,0.054297539003117096,0.7180075205698243,25,20,10
1,3804,0.07268745867554932,0.0927890185280489,0.13200787643479828,0.7025156463616069,25,20,10
1,3805,0.07475051283053917,0.0928088686898208,0.12487268941220765,0.7075679290674333,25,20,10
1,3806,0.06401135916776213,0.08475302724131221,0.15163708445070798,0.6995985291402224,25,20,10
1,3807,0.07082489350557145,0.08355221608761862,0.12704103956169616,0.7185818508451162,25,20,10
1,3808,0.05545964004259832,0.07987556088500497,0.145899753007958,0.7187650460644399,25,20,10
1,3809,0.08185364850205311,0.07993450120614759,0.13177997267423458,0.7064318776175668,25,20,10
1,3810,0.07086312923118593,0.07994060443343108,0.15322054555009623,0.6959757207852882,25,20,10
1,3811,0.08030732098313363,0.11990229705082735,0.1243000876689401,0.6754902942970996,25,20,10
1,3812,0.0813901533390058,0.11991593717282621,0.09226459666603037,0.7064293128221378,25,20,10
1,3813,0.08008752722792631,0.11990380920883671,0.082133785580249,0.7178748779829875,25,20,10
1,3814,0.08198815427691666,0.09977864473475442,0.14388468586198783,0.6743485151263456,25,20,10
1,3815,0.1136109877689137,0.07493159124709985,0.13323471116531174,0.6782227098186772,25,20,10
1,3816,0.11310383091985728,0.07493159118016028,0.1335677362923958,0.678396841607588,25,20,10
1,3817,0.12989875286497507,0.11813043874634045,0.07786316514007871,0.6741076432486061,25,20,10
1,3818,0.13022862322957607,0.1164686213613329,0.11340361792995701,0.6398991374791355,25,20,10
1,3819,0.14890810585539488,0.11817772186347764,0.10014358617213734,0.6327705861089907,25,20,10
1,3820,0.14906195996714927,0.11984320541619,0.09245073325243253,0.6386441013642304,25,20,10
1,3821,0.15759480364502657,0.11795102613754657,0.08494328922764022,0.6395108809897895,25,20,10
1,3822,0.15813618857880854,0.09287121910906998,0.11699787695168569,0.6319947153604356,25,20,10
1,3823,0.1567043668075334,0.11855656477317368,0.09178588138902087,0.632953187030274,25,20,10
1,3824,0.1643629093021178,0.10065227070291709,0.09605466368069965,0.6389301563142673,25,20,10
1,3825,0.16657594335274623,0.07027220029684023,0.12415370114881652,0.6389981552016001,25,20,10
1,3826,0.15465776126070982,0.09321356363547417,0.13124230719125976,0.6208863679125604,25,20,10
1,3827,0.12415867584439233,0.11713302496765263,0.11938835826960548,0.639319940918352,25,20,10
1,3828,0.12002373657597838,0.1179894932272468,0.12905682559432372,0.6329299446024556,25,20,10
1,3829,0.13735885683074794,0.0940587074122806,0.13605672305846456,0.6325257126985079,25,20,10
1,3830,0.11189226906033418,0.0923789532956137,0.1673854774238431,0.628343300220211,25,20,10
1,3831,0.14694040615771056,0.11996112557889811,0.09582601057054096,0.6372724576928516,25,20,10
1,3832,0.10956687012073825,0.11815255151372504,0.12834091387876614,0.6439396644867722,25,20,10
1,3833,0.07180252951731282,0.1203146358013635,0.1650069290576336,0.6428759056236916,25,20,10
1,3834,0.10519121636343988,0.11986991101493871,0.1355349910438952,0.639403881577728,25,20,10
1,3835,0.13772516430193338,0.09235786333713028,0.13105777650620168,0.638859195854736,25,20,10
1,3836,0.13667424953322477,0.11741053650036645,0.10681009229651695,0.6391051216698929,25,20,10
1,3837,0.14949916075215394,0.11741054111544884,0.09463221817525187,0.6384580799571452,25,20,10
1,3838,0.14815818933712002,0.11772142834310881,0.0957483849113739,0.6383719974083999,25,20,10
1,3839,0.15908379228626937,0.0410334121236033,0.1491504067222413,0.6507323888678865,25,20,10
1,3840,0.1760639240097721,0.039949099516607176,0.13702741595436604,0.6469595605192551,25,20,10
1,3841,0.16275051699717177,0.03995013866141402,0.15590140929162288,0.6413979350497927,25,20,10
1,3842,0.1631599120122813,0.021221341302568208,0.17618847021808964,0.6394302764670625,25,20,10
1,3843,0.14688466051436586,0.021222466551087463,0.1971139078262284,0.6347789651083204,25,20,10
1,3844,0.19967161192637733,0.03881723313743602,0.12898686728139575,0.6325242876547932,25,20,10
1,3845,0.22014112431198524,0.03995408075791231,0.1017684685169963,0.6381363264131071,25,20,10
1,3846,0.18353956107063665,0.02452072325782839,0.15792929454786894,0.6340104211236662,25,20,10
1,3847,0.18547898817089656,0.024535062396844838,0.15424137889111267,0.6357445705411456,25,20,10
1,3848,0.20226341115547464,0.024522417870852117,0.13098794033564076,0.6422262306380333,25,20,10
1,3849,0.1458925276801355,0.04000374658359277,0.17456160471935042,0.6395421210169209,25,20,10
1,3850,0.13870616424551113,0.04003515553169235,0.1425240410033495,0.6787346392194479,25,20,10
1,3851,0.10082754459471195,0.05152423543214143,0.16914454236172427,0.6785036776114249,25,20,10
1,3852,0.0860703240685157,0.023231791019934844,0.22172013776782895,0.668977747143721,25,20,10
1,3853,0.10934058821661634,0.06311066473530408,0.19629447982235224,0.6312542672257295,25,20,10
1,3854,0.13545381678652052,0.07598705263202024,0.14949213289293733,0.6390669976885235,25,20,10
1,3855,0.1217968156121191,0.14068354059822288,0.09906479556257076,0.6384548482270886,25,20,10
1,3856,0.18406250854460113,0.1568079119451635,0.02480732929824403,0.6343222502119923,25,20,10
1,3857,0.1251969792196457,0.15985782941707916,0.08090495939873785,0.6340402319645376,25,20,10
1,3858,0.16373945994239014,0.13405672224663318,0.10334688689628578,0.598856930914691,25,20,10
1,3859,0.1541709648665849,0.09594433361013474,0.1506015718696093,0.5992831296536731,25,20,10
1,3860,0.1595048417260423,0.09589059305080898,0.12560683169866133,0.6189977335244887,25,20,10
1,3861,0.11840487767656344,0.08205062639386246,0.19196910040724444,0.6075753955223303,25,20,10
1,3862,0.1249187426084656,0.08084613584256523,0.19470731342365763,0.5995278081253127,25,20,10
1,3863,0.1127409074774318,0.08083840288746304,0.20758097709068182,0.5988397125444236,25,20,10
1,3864,0.07401332611661318,0.07975295967977888,0.1904484362409595,0.6557852779626533,25,20,10
1,3865,0.10252066222428136,0.07991166950149829,0.15543445603155873,0.6621332122426645,25,20,10
1,3866,0.16409026245044378,0.07994726551519882,0.08404217086702187,0.671920301167336,25,20,10
1,3867,0.19908399627700493,0.07697717836690408,0.06465606851475102,0.6592827568413395,25,20,10
1,3868,0.21288692852079227,0.06448463548691424,0.043852896117644036,0.6787755398746488,25,20,10
1,3869,0.2026483301138694,0.03871279792713478,0.08063764804755882,0.6780012239114379,25,20,10
1,3870,0.15191075519393274,0.07870947378696891,0.09087979639582937,0.6784999746232704,25,20,10
1,3871,0.1820589268836767,0.07993213736651199,0.05851488670688016,0.6794940490429322,25,20,10
1,3872,0.16096072334977798,0.07991734595173852,0.08060443867760536,0.6785174920208787,25,20,10
1,3873,0.14033513428533237,0.07991308536961006,0.1409227354104491,0.6388290449346091,25,20,10
1,3874,0.08814429091936368,0.07776312102400822,0.19492992267604817,0.6391626653805835,25,20,10
1,3875,0.17209060836731538,0.0382169278894674,0.15108398399423492,0.6386084797489833,25,20,10
1,3876,0.027406353008617955,0.042449039799871545,0.29162965982153927,0.6385149473699684,25,20,10
1,3877,0.060198052139525185,0.07945051239847155,0.22851708162741385,0.6318343538345903,25,20,10
1,3878,0.08536465347116627,0.07933891587424996,0.20743718356375823,0.6278592470908255,25,20,10
1,3879,0.09531197259270106,0.0396575906295863,0.19422073488863603,0.6708097018890757,25,20,10
1,3880,0.09024246081599298,0.011760784883458419,0.2276222392367332,0.6703745150638167,25,20,10
1,3881,0.09986332488990231,0.03998288878847409,0.18879014911615585,0.6713636372054675,25,20,10
1,3882,0.17773383088552006,0.040079920653019886,0.1105399134914762,0.6716463349699856,25,20,10
1,3883,0.1327105603169155,0.04008008968227933,0.14822938122088788,0.6789799687799186,25,20,10
1,3884,0.10011976919631739,0.03758435654776593,0.19247595938229636,0.6698199148736227,25,20,10
1,3885,0.15472356450340968,0.03758450347052984,0.12961893499993013,0.6780729970261319,25,20,10
1,3886,0.21317260208591107,0.07407011204804215,0.03882268668748565,0.6739345991785616,25,20,10
1,3887,0.18010889776334288,0.0786474247031213,0.06718836879436518,0.6740553087391709,25,20,10
1,3888,0.18106196792069296,0.07866106215391101,0.06408551671905385,0.6761914532063432,25,20,10
1,3889,0.15868862375569445,0.07991321364806192,0.09734178989448188,0.6640563727017629,25,20,10
1,3890,0.15236808239473662,0.07820174120285667,0.10531116161084446,0.6641190147915643,25,20,10
1,3891,0.12347936127596762,0.07989096800534436,0.09246014331004926,0.704169527408641,25,20,10
1,3892,0.08798861399048633,0.07990953597060786,0.11839859500867123,0.7137032550302351,25,20,10
1,3893,0.11487534104717874,0.07848511289481244,0.08817890411342033,0.7184606419445891,25,20,10
1,3894,0.14167584896156624,0.07785554010670456,0.06162814979067657,0.7188404611410533,25,20,10
1,3895,0.08200248125154981,0.07844749205908717,0.11794834931174825,0.7216016773776158,25,20,10
1,3896,0.08199660520906595,0.03946994589450883,0.1653468624799348,0.7131865864164915,25,20,10
1,3897,0.04377720265929458,0.07650539114083169,0.16292783372735864,0.7167895724725147,25,20,10
1,3898,0.08251312735352107,0.07651831068412013,0.10742968472568133,0.7335388772366761,25,20,10
1,3899,0.04215629916455021,0.05111459975465722,0.15301742581964647,0.7537116752611499,25,20,10
1,3900,0.04221518338665195,0.0794351399767317,0.12515081820725932,0.7531988584293569,25,20,10
1,3901,0.13715652116561772,0.0794252856118582,0.04789024321334631,0.7355279500091778,25,20,10
1,3902,0.14262448717859688,0.03245686985585146,0.09116565012914096,0.7337529928364116,25,20,10
1,3903,0.1567363740910508,0.07747116280318961,0.025722858389145665,0.7400696047166128,25,20,10
1,3904,0.1237198060888595,0.07850767506840002,0.057041669166386776,0.7407308496763535,25,20,10
1,3905,0.12187536814977375,0.0785068674826686,0.06462553880704534,0.7349922255605119,25,20,10
1,3906,0.08741485033373594,0.07820217818871596,0.0905566881986527,0.7438262832788952,25,20,10
1,3907,0.046066160493945636,0.07871015453181493,0.11512928957149655,0.7600943954027464,25,20,10
1,3908,0.12047432004634877,0.07870830823107125,0.04244279727995679,0.7583745744426237,25,20,10
1,3909,0.08386557304461367,0.07650286346840579,0.08167857989409802,0.7579529835928824,25,20,10
1,3910,0.04455717679721187,0.07650286595061127,0.12075724010544993,0.7581827171467274,25,20,10
1,3911,0.08092177200389643,0.0765052608703703,0.08439903045626038,0.758173936669474,25,20,10
1,3912,0.046591033998909584,0.03993668401200485,0.15517727685025906,0.7582950051388256,25,20,10
1,3913,0.07322265076368,0.039952283434084176,0.1275440155335538,0.7592810502686824,25,20,10
1,3914,0.11811655651582999,0.015257797053043835,0.10776757557514591,0.7588580708559809,25,20,10
1,3915,0.08697808362351779,0.014167125249770112,0.14181760501870463,0.7570371861080076,25,20,10
1,3916,0.14176211115018536,0.03995730565921765,0.05968081913343459,0.7585997640571631,25,20,10
1,3917,0.16306098681723508,0.03997162861849818,0.037959138896870644,0.759008245667397,25,20,10
1,3918,0.15937100582681762,0.0382402691526099,0.04308250943656039,0.7593062155840127,25,20,10
1,3919,0.08536397125578678,0.038248805728725556,0.11982994170758367,0.7565572813079054,25,20,10
1,3920,0.10128214744455923,0.014018440678136792,0.12562298230726446,0.7590764295700404,25,20,10
1,3921,0.11958434498926569,0.03994983733655213,0.09507246647243008,0.7453933512017531,25,20,10
1,3922,0.13819820528038732,0.039940552647696775,0.06710547706159531,0.75475576501032,25,20,10
1,3923,0.11910155872784424,0.039971040829792796,0.08649180246389399,0.7544355979784703,25,20,10
1,3924,0.15686649959634408,0.0399458276601792,0.05070440254240321,0.752483270201073,25,20,10
1,3925,0.12660625796187774,0.039901643272623334,0.08005886449485215,0.7534332342706459,25,20,10
1,3926,0.1557071434760643,0.03989899933282385,0.05003626853073476,0.7543575886603762,25,20,10
1,3927,0.1587187569332065,0.039948543860772436,0.04224150179957012,0.7590911974064504,25,20,10
1,3928,0.13890485675332928,0.039595202553008434,0.07352910042289268,0.7479708402707692,25,20,10
1,3929,0.11164600087659471,0.07764945068052151,0.058402183736286285,0.7523023647065965,25,20,10
1,3930,0.1398813446634637,0.07867206401766215,0.034320829387418775,0.7471257619314545,25,20,10
1,3931,0.10532226988701833,0.07870375723734678,0.05711921355955546,0.7588547593160783,25,20,10
1,3932,0.1055813567264139,0.07868180529472515,0.05621958255176162,0.7595172554270988,25,20,10
1,3933,0.10881856869837014,0.07807147053294825,0.054363818497459505,0.7587461422712225,25,20,10
1,3934,0.16022019545521246,0.07806639457866922,0.0025697574315302098,0.7591436525345878,25,20,10
1,3935,0.08058118307833131,0.039977882026221545,0.12010281873339887,0.7593381161620514,25,20,10
1,3936,0.07817331284072794,0.03990814662475474,0.12250757166066814,0.7594109688738516,25,20,10
1,3937,0.12536959524299182,0.04047923419897818,0.07995362116707222,0.7541975493909576,25,20,10
1,3938,0.19199799913307827,0.03990809782003544,0.0139205787433466,0.7541733243035391,25,20,10
1,3939,0.15905683905644338,0.0399097443468467,0.05401291378822928,0.7470205028084794,25,20,10
1,3940,0.09818194286771752,0.03951272127872604,0.14103204402387115,0.7212732918296872,25,20,10
1,3941,0.09763149729594148,0.038735109796054046,0.15507819192260716,0.7085552009853993,25,20,10
1,3942,0.1212180690546559,0.021224262986810905,0.1074617106146373,0.7500959573438977,25,20,10
1,3943,0.18440490193091677,0.038735249731998815,0.031006239699451713,0.7458536086376327,25,20,10
1,3944,0.22403888412112555,0.03970083121851484,0.030354683918493112,0.7059056007418666,25,20,10
1,3945,0.20111241679466488,0.039696878134477045,0.04717595003256413,0.7120147550382941,25,20,10
1,3946,0.17689484897945335,0.03993953393494551,0.07098847378913697,0.712177143296464,25,20,10
1,3947,0.19536208026668295,0.03872564829780197,0.053520345723357184,0.7123919257121597,25,20,10
1,3948,0.19527551348951888,0.03872560209467061,0.05958395172324129,0.7064149326925712,25,20,10
1,3949,0.18121204011309064,0.03872559690881517,0.06096420250537907,0.7190981604727152,25,20,10
1,3950,0.19423410346033904,0.03872562514047618,0.06132464476331,0.7057156266358737,25,20,10
1,3951,0.2040663533880803,0.03872559727018467,0.038657930959677414,0.7185501183820581,25,20,10
1,3952,0.19147392689539677,0.023943233834770816,0.07770095556742856,0.706881883702404,25,20,10
1,3953,0.13149254002839414,0.053008433751883646,0.0971292817826693,0.7183697444370541,25,20,10
1,3954,0.15573130494634463,0.07820568412938893,0.048004464170714564,0.7180585467535521,25,20,10
1,3955,0.12538291109053065,0.07987887600547167,0.06960299812196322,0.725135214782035,25,20,10
1,3956,0.08534085212156212,0.0786565676711343,0.11778541264574377,0.718217167561562,25,20,10
1,3957,0.13712995159254646,0.05016563562101964,0.09359096476155022,0.7191134480248833,25,20,10
1,3958,0.12418057283193322,0.07707092073722221,0.07942059936031114,0.719327907070533,25,20,10
1,3959,0.10090452386238495,0.07880284157820994,0.10528487787978792,0.7150077566796185,25,20,10
1,3960,0.16172429039806407,0.07705776930611469,0.04795452687658962,0.7132634134192309,25,20,10
1,3961,0.1718059143626904,0.07878491785835245,0.030320860366045407,0.7190883074129107,25,20,10
1,3962,0.16577890502001846,0.07822041365312635,0.03706806977363353,0.7189326115532212,25,20,10
1,3963,0.16612337101476765,0.07993467452546549,0.0348529948457614,0.7190889596140053,25,20,10
1,3964,0.19183396888663007,0.07992230494803974,0.00905106838201672,0.719192657783314,25,20,10
1,3965,0.15116316229396745,0.05117942309521366,0.09001371749581281,0.707643697115008,25,20,10
1,3966,0.15932508087988462,0.07981883405857645,0.09475970511248959,0.6660963799490492,25,20,10
1,3967,0.17208256642236527,0.07925714373178556,0.07136056547412016,0.6772997243717291,25,20,10
1,3968,0.1594274359144918,0.11988300223783466,0.04882913606230585,0.6718604257853674,25,20,10
1,3969,0.1687847757654257,0.11813485981348983,0.0406566393687904,0.672423725052294,25,20,10
1,3970,0.15743382780914883,0.11928515597397625,0.0620606611964221,0.6612203550204534,25,20,10
1,3971,0.19939786572250345,0.10280970411237539,0.026557534126367258,0.6712348960387541,25,20,10
1,3972,0.19186998541695005,0.10277839163390094,0.04046423137052549,0.6648873915786233,25,20,10
1,3973,0.15501368761697523,0.10277830682792582,0.06343636199878724,0.6787716435563105,25,20,10
1,3974,0.13705435199032678,0.11692619806582337,0.026658003349220385,0.7193614465946294,25,20,10
1,3975,0.1259949645347347,0.0788690321575978,0.08713165265580619,0.7080043506518627,25,20,10
1,3976,0.07669292123738805,0.07651375449865058,0.13446443494273821,0.7123288893212244,25,20,10
1,3977,0.12073324874535225,0.07926256087819032,0.09705072074929263,0.7029534696271662,25,20,10
1,3978,0.1467621110172086,0.03995422351739885,0.0988560492943587,0.7144276161710356,25,20,10
1,3979,0.1530653831160367,0.037222737363206,0.09965620381439588,0.7100556757063622,25,20,10
1,3980,0.15931729901313088,0.03995591211840455,0.0820737932079732,0.7186529956604949,25,20,10
1,3981,0.16319886180227133,0.039952635633907774,0.08402661831908578,0.7128218842447351,25,20,10
1,3982,0.15265551857015602,0.011221264017862519,0.10888411325295065,0.7272391041590298,25,20,10
1,3983,0.1372777683897149,0.01123016871856709,0.13265565471698684,0.7188364081747304,25,20,10
1,3984,0.1699561307606542,0.03931052961276242,0.07255144667264501,0.7181818929539391,25,20,10
1,3985,0.11900021349425638,0.03930169503027309,0.11820709775941916,0.7234909937160531,25,20,10
1,3986,0.09499142800169684,0.038273449973828776,0.14751973687900202,0.7192153851454754,25,20,10
1,3987,0.12284300588157518,0.039987937806573746,0.09471564371471669,0.7424534125971358,25,20,10
1,3988,0.09113922866263488,0.04050851144555104,0.12337079340586923,0.7449814664859502,25,20,10
1,3989,0.07809441714976835,0.04050971428253514,0.12746382449975172,0.7539320440679486,25,20,10
1,3990,0.062031528273721125,0.0405084869482644,0.1622170100084877,0.7352429747695269,25,20,10
1,3991,0.1016959437154866,0.040508534399581436,0.12409079335396461,0.7337047285309685,25,20,10
1,3992,0.10099349938234298,0.03993754366382021,0.14120120008897008,0.7178677568648694,25,20,10
1,3993,0.1008204266378337,0.038279458688331644,0.1527849327616625,0.7081151819121733,25,20,10
1,3994,0.09477956385856762,0.03828752109686563,0.147546165574191,0.7193867494703785,25,20,10
1,3995,0.07821562563633959,0.03933497556865147,0.16312204601606017,0.7193273527789529,25,20,10
1,3996,0.0675930641009444,0.051229800117783775,0.1682676323037562,0.7129095034775141,25,20,10
1,3997,0.08029440621870362,0.07823397071570405,0.10248239427544767,0.7389892287901455,25,20,10
1,3998,0.07579536960284546,0.07823901220732037,0.08692038439328004,0.7590452337965553,25,20,10
1,3999,0.07398536952125151,0.07868487948366246,0.08897894007797028,0.758350810917115,25,20,10
1,4000,0.06825989715506164,0.07821146879026371,0.10559169046584,0.7479369435888364,25,20,10
1,4001,0.05722452931595757,0.051110893006480904,0.1281483848078692,0.7635161928696934,25,20,10
1,4002,0.06936271511041263,0.039918440073352685,0.11545103518520944,0.7752678096310253,25,20,10
1,4003,0.09266669915456126,0.03991842845243716,0.05686362727692071,0.8105512451160805,25,20,10
1,4004,0.16003497191201402,1.9352683423770074e-09,0.0020779598176354345,0.8378870663350814,25,20,10
1,4005,0.1591340687429343,2.3424551033409174e-09,0.0030017987808611773,0.8378641301337492,25,20,10
1,4006,0.11897671526959214,1.3645148945908728e-09,0.002648203194122383,0.8783750801717695,25,20,10
1,4007,0.11981853552105833,3.0420674086504216e-09,0.01841628907707813,0.8617651723597946,25,20,10
1,4008,0.11320380541323675,7.764406306250777e-08,0.019577777321874188,0.8672183396208246,25,20,10
1,4009,0.12075842291060383,6.062096084726855e-09,0.0458243302371984,0.8334172407901004,25,20,10
1,4010,0.10441433501031275,6.108374908983858e-09,0.07400752283779113,0.8215781360435217,25,20,10
1,4011,0.03956892981994667,4.9205971994546754e-05,0.11535642559626609,0.8450254386117935,25,20,10
1,4012,0.021543864257365656,5.1067010723679314e-05,0.13716081542386946,0.8412442533080434,25,20,10
1,4013,0.07154895034749005,1.9284263352746622e-06,0.07430037373536569,0.8541487474908077,25,20,10
1,4014,0.07387614583465439,1.3947125572268165e-05,0.06498092905575201,0.86112897798402,25,20,10
1,4015,0.05579529582043591,6.922907418441943e-05,0.08352261171191565,0.8606128633934631,25,20,10
1,4016,0.06810195567993077,1.3952337239265408e-05,0.03772460756759957,0.8941594844152285,25,20,10
1,4017,0.06751389322574122,1.395235604358931e-05,0.03473777794411868,0.897734376474096,25,20,10
1,4018,0.044013146027685926,1.4020485126199594e-05,0.04663781545920134,0.9093350180279859,25,20,10
1,4019,0.04025342428584913,1.4650996869696765e-09,0.05002746115204191,0.9097191130970076,25,20,10
1,4020,0.04052905245786845,1.4301569587785428e-09,0.0501416202489146,0.9093293258630585,25,20,10
1,4021,0.004375973795983704,1.4629544854217821e-06,0.1028133422902217,0.8928092209593061,25,20,10
1,4022,0.034938375803725476,2.0111506125112688e-10,0.04877659584291683,0.916285028152241,25,20,10
1,4023,0.03486009185350681,1.492826007967952e-10,0.08614370721071776,0.8789962007864933,25,20,10
1,4024,0.0301457837445658,1.9599650086868625e-07,0.10088653465962295,0.8689674855993106,25,20,10
1,4025,0.06332234199423632,1.9683601304944576e-07,0.06343695678717247,0.8732405043825772,25,20,10
1,4026,0.0587845876913646,0.0001935009290964122,0.11064864049665561,0.8303732708828844,25,20,10
1,4027,0.08157967327623895,5.69937525810298e-09,0.06171058214163869,0.8567097388827449,25,20,10
1,4028,0.08592990328750297,5.206726419717982e-09,0.053610332233872654,0.8604597592718964,25,20,10
1,4029,0.0804887129979034,2.0656660547117186e-10,0.0544042524293665,0.865107034366163,25,20,10
1,4030,0.08043961041615366,3.143218165232586e-10,0.04565123920921541,0.8739091500603077,25,20,10
1,4031,0.08049582295364094,2.486814813570024e-07,0.0405092241774824,0.8789947041873937,25,20,10
1,4032,0.04121130968534573,1.119874553246852e-06,0.07951974627917494,0.8792678241609245,25,20,10
1,4033,0.041351588401147804,1.964870903067587e-08,0.07943661689904778,0.8792117750510943,25,20,10
1,4034,0.0026316887671795964,2.5199476825902512e-08,0.15317588328410064,0.8441924027492433,25,20,10
1,4035,0.005808240000484371,7.200663120443258e-06,0.1308329025451796,0.8633516567912158,25,20,10
1,4036,0.005789989304202267,7.097324444409968e-10,0.09511649158369789,0.8990935184023673,25,20,10
1,4037,0.0008129901696699185,7.190677348282969e-05,0.09201698777807149,0.9070981152787797,25,20,10
1,4038,0.0007350440996386997,7.19067692483688e-05,0.08727294318344461,0.9119201059476698,25,20,10
1,4039,0.0009857750534032564,1.4198725790915273e-05,0.09754356719659367,0.9014564590242122,25,20,10
1,4040,0.006442252131251913,1.4422592397184684e-05,0.1366034897322446,0.856939835544108,25,20,10
1,4041,0.041026600581806634,4.634821823094745e-09,0.09516271086781412,0.8638106839155592,25,20,10
1,4042,0.07055211420210833,1.8310206791668275e-10,0.056122921664136786,0.8733249639506527,25,20,10
1,4043,0.0705579449482245,0.000688297495527365,0.08808149208788726,0.8406722654683617,25,20,10
1,4044,0.06236072995976382,1.637719941717292e-06,0.10043993219545319,0.8371977001248428,25,20,10
1,4045,0.06672029463453452,2.9257065038329382e-08,0.13479022181851508,0.7984894542898876,25,20,10
1,4046,0.08036514258179013,6.643333602046978e-07,0.13213755222252835,0.7874966408623223,25,20,10
1,4047,0.07900903411869849,6.648999750261626e-07,0.12864384301805568,0.7923464579632706,25,20,10
1,4048,0.12151747337272535,7.992269844659388e-08,0.11342728665451932,0.7650551600500564,25,20,10
1,4049,0.1533743198897328,2.2005537604306423e-06,0.08713514463099886,0.7594883349255077,25,20,10
1,4050,0.1880837889225787,3.7058349843928306e-06,0.05955891668879645,0.7523535885536411,25,20,10
1,4051,0.20020526323656196,1.2782221670714393e-07,0.049507854293669294,0.7502867546475517,25,20,10
1,4052,0.21298147649790242,1.3969910659789067e-07,0.028570968659881704,0.7584474151431089,25,20,10
1,4053,0.18606563303890944,8.426796485080668e-07,0.05544332247795015,0.7584902018034916,25,20,10
1,4054,0.13291923311013643,2.0255654168115454e-09,0.14533650529348646,0.7217442595708148,25,20,10
1,4055,0.1557533966465102,1.2304980631777335e-09,0.1217400419672303,0.7225065601557619,25,20,10
1,4056,0.15627765531566676,5.878618977388256e-09,0.121015167086449,0.7227071717192654,25,20,10
1,4057,0.12397915695913668,3.810576319423154e-05,0.15640885966454768,0.7195738776131227,25,20,10
1,4058,0.12059031290375521,3.8311550434854895e-05,0.2125969807144777,0.6667743948313343,25,20,10
1,4059,0.1387254877285724,4.7659703465275864e-05,0.1773679549382268,0.6838588976297356,25,20,10
1,4060,0.16503050302790195,9.432802043783881e-06,0.13474152893913685,0.7002185352309175,25,20,10
1,4061,0.14717327836082894,0.00019230927977500638,0.13813369473026468,0.7145007176291321,25,20,10
1,4062,0.18761056677361285,3.8479934506707766e-07,0.0930012231285333,0.7193878252985095,25,20,10
1,4063,0.14543501611946363,1.1073548543254134e-06,0.14162962127869133,0.712934255246992,25,20,10
1,4064,0.15110365246805904,6.082620494067637e-06,0.1486781264980915,0.7002121384133556,25,20,10
1,4065,0.1262210390693803,5.875883575111852e-06,0.16097451369220636,0.7127985713548373,25,20,10
1,4066,0.1339719121982068,8.892184768647806e-07,0.11388753283264645,0.7521396657506698,25,20,10
1,4067,0.18889591674014525,6.495178676463885e-08,0.058915461556712616,0.752188556751355,25,20,10
1,4068,0.2124886258399695,6.505485834375315e-08,0.029353044519626444,0.7581582645855456,25,20,10
1,4069,0.11392308847513206,1.5582090871488168e-05,0.12704130618591875,0.7590200232480797,25,20,10
1,4070,0.15804799439493078,1.2852736262659885e-05,0.09693958944014285,0.7449995634286646,25,20,10
1,4071,0.19893387851953107,2.421776049325116e-08,0.055819464328297874,0.745246632934412,25,20,10
1,4072,0.16111403783252368,2.0436283338477333e-08,0.08130600300850274,0.7575799387226901,25,20,10
1,4073,0.12209691730147268,3.413547417037965e-08,0.11903273137844163,0.7588703171846113,25,20,10
1,4074,0.09541992414612332,2.5986786887334544e-08,0.14313591545715965,0.7614441344099315,25,20,10
1,4075,0.08406888192450884,1.063456388240411e-07,0.15681530695400217,0.7591157047758549,25,20,10
1,4076,0.1381754386515995,1.5908551734493044e-05,0.10230728402073658,0.7595013687759292,25,20,10
1,4077,0.15853728965004632,1.590421147374976e-05,0.09694420015148202,0.7445026059869978,25,20,10
1,4078,0.17422369300851515,0.038497721272175954,0.02855877468333149,0.7587198110359773,25,20,10
1,4079,0.1733259000558479,0.014128719088403891,0.05309599735176323,0.759449383503985,25,20,10
1,4080,0.19819744148555024,0.039970762612984365,0.0038070309100686015,0.7580247649913973,25,20,10
1,4081,0.1307985267683999,0.03820632852277339,0.08478138852585312,0.7462137561829764,25,20,10
1,4082,0.08555466584481218,0.0007804059520596654,0.15291780853469994,0.7607471196684296,25,20,10
1,4083,0.11686971548260364,9.288804653181704e-05,0.12518918835860088,0.7578482081122655,25,20,10
1,4084,0.11734729112390938,0.00039965621867713757,0.1230515218021848,0.7592015308552298,25,20,10
1,4085,0.12139243536536187,0.00040735865505453885,0.11959441025932165,0.7586057957202615,25,20,10
1,4086,0.07205486885380183,8.627638226631257e-06,0.18213871519671634,0.7457977883112588,25,20,10
1,4087,0.11272344315049306,0.020875408297357026,0.1209437666398519,0.7454573819122978,25,20,10
1,4088,0.14438773272941013,0.03997980665371065,0.08096624640135039,0.734666214215528,25,20,10
1,4089,0.10110108433489201,0.03933570629113542,0.10147704942495686,0.7580861599490157,25,20,10
1,4090,0.14132634014297804,0.03940711453170578,0.060647213532824755,0.758619331792491,25,20,10
1,4091,0.1205353484921282,0.039407070808828173,0.08177666656341163,0.758280914135633,25,20,10
1,4092,0.14553946320269748,0.03934487115429642,0.05624969031705133,0.7588659753259549,25,20,10
1,4093,0.10477762526549407,0.00028126400446442523,0.13608987916010445,0.7588512315699377,25,20,10
1,4094,0.11542251885919631,0.00028146253762763367,0.12527335634214556,0.7590226622610288,25,20,10
1,4095,0.12918105368159766,1.3141883941306326e-05,0.1130498043176897,0.7577560001167702,25,20,10
1,4096,0.148190606618953,1.9843389834152e-05,0.11087368816074557,0.7409158618304688,25,20,10
1,4097,0.16225078158778364,3.6413553631677834e-07,0.0960499088144548,0.741698945462229,25,20,10
1,4098,0.11324121564392094,1.229106384430096e-05,0.13265063684473566,0.7540958564475018,25,20,10
1,4099,0.10690711786608417,1.2284847593233834e-05,0.1335761405163927,0.759504456769931,25,20,10
1,4100,0.12703087964362544,1.2384902868573045e-05,0.11382869798997707,0.7591280374635276,25,20,10
1,4101,0.089641900368761,2.9644138474748482e-06,0.15288427810136065,0.7574708571160339,25,20,10
1,4102,0.14961817670710206,5.952900208385005e-07,0.0912764291459098,0.7591047988569667,25,20,10
1,4103,0.1505274819667455,6.020984018671191e-07,0.09059521945474507,0.7588766964801075,25,20,10
1,4104,0.16023538375926796,2.981199607890148e-07,0.0806337234538691,0.7591305946669005,25,20,10
1,4105,0.1695883654335776,2.981548777940234e-07,0.07160566850452747,0.7588056679070168,25,20,10
1,4106,0.15229563557856962,3.1727265694171385e-07,0.09474904385305566,0.7529550032957166,25,20,10
1,4107,0.16476097850443966,3.142227955465852e-07,0.08916785401418269,0.7460708532585811,25,20,10
1,4108,0.19819375820266985,2.933745562068243e-07,0.04314427218956489,0.7586616762332082,25,20,10
1,4109,0.19862178351371246,0.0010908771951845158,0.04202264188252852,0.758264697408573,25,20,10
1,4110,0.15914439582290912,0.0010908771362340523,0.09152069858532684,0.7482440284555315,25,20,10
1,4111,0.15929548506982077,9.053768274557606e-06,0.08633273295488358,0.7543627282070209,25,20,10
1,4112,0.12463473088573178,5.388260259296199e-07,0.08897575259288176,0.786388977695362,25,20,10
1,4113,0.15618491842209947,1.1475897950022867e-06,0.06818297396060276,0.7756309600275019,25,20,10
1,4114,0.12068295198624765,3.9704067128594637e-07,0.09594275844498579,0.7833738925280963,25,20,10
1,4115,0.10750223580022761,3.547891326895765e-07,0.10157613189542979,0.79092127751521,25,20,10
1,4116,0.13252271568289845,7.179184274526865e-09,0.08699345073991427,0.7804838263980035,25,20,10
1,4117,0.13211146504594923,6.37678635169421e-09,0.06827759590773415,0.7996109326695299,25,20,10
1,4118,0.10319625375193836,6.3885868064971265e-09,0.09869501402633979,0.7981087258331353,25,20,10
1,4119,0.11882100871977799,1.4568225452747842e-06,0.12682773159996175,0.7543498028577162,25,20,10
1,4120,0.11067811737269861,4.4515393486708536e-07,0.14172904240234221,0.7475923950710262,25,20,10
1,4121,0.12145466474666922,1.2171873413672684e-05,0.16766771056791793,0.7108654528120009,25,20,10
1,4122,0.15414774535717582,7.408471235233897e-06,0.13280653303312684,0.7130383131384626,25,20,10
1,4123,0.15008047616764628,7.449500819685936e-06,0.13151941116941798,0.7183926631621168,25,20,10
1,4124,0.18406889705971882,7.166044581529738e-06,0.09403619025353756,0.7218877466421624,25,20,10
1,4125,0.18098385889985447,0.000778833813309859,0.09997618446113302,0.7182611228257025,25,20,10
1,4126,0.18424924341622417,7.652258914524385e-06,0.09488995311822464,0.7208531512066356,25,20,10
1,4127,0.1863135423247898,9.737369267819266e-06,0.09430609250213318,0.7193706278038148,25,20,10
1,4128,0.19306691492455055,2.206799924176508e-05,0.0928453107308414,0.7140657063453675,25,20,10
1,4129,0.1826673451411564,3.670539240394194e-05,0.08189368230948968,0.7354022671569489,25,20,10
1,4130,0.18798521352513936,1.5377069447726916e-05,0.09022055657407164,0.7217788528313446,25,20,10
1,4131,0.2206465132282794,2.3821826355211775e-07,0.05781286672973376,0.7215403818237225,25,20,10
1,4132,0.19864405087474105,2.5974701241971747e-07,0.10731329475071114,0.6940423946275363,25,20,10
1,4133,0.1525798740686668,1.177169275332596e-05,0.1473846467523572,0.7000237074862251,25,20,10
1,4134,0.18950138654567794,1.1041230260079583e-05,0.09654704750053397,0.7139405247235275,25,20,10
1,4135,0.21071136916072805,1.1210839876905629e-05,0.07625382983798576,0.7130235901614084,25,20,10
1,4136,0.23689348730291038,1.7064415324509375e-07,0.091835316905502,0.6712710251474341,25,20,10
1,4137,0.2248907351521505,1.8379858989073866e-07,0.11279660270602473,0.6623124783432338,25,20,10
1,4138,0.196208263592374,1.630746013671073e-08,0.13609096398811835,0.667700756112048,25,20,10
1,4139,0.20389858574801817,5.079570831693959e-08,0.11884934341411028,0.6772520200421654,25,20,10
1,4140,0.12264286873590309,1.5376188393936126e-05,0.19836229273031258,0.6789794623453917,25,20,10
1,4141,0.19729175662065995,7.895960760830838e-09,0.08451721704087879,0.7181910184425014,25,20,10
1,4142,0.2286333697732004,2.3442933624816014e-05,0.04738609317234946,0.7239570941208262,25,20,10
1,4143,0.21790911401903565,0.0011216751751679048,0.07106166817805605,0.70990754262774,25,20,10
1,4144,0.2343206163249214,0.0011216906376328496,0.07030587292885024,0.6942518201085955,25,20,10
1,4145,0.22249291801420193,4.092255214262032e-08,0.03726923544863189,0.7402378056146138,25,20,10
1,4146,0.16036849169349104,5.358127323964597e-07,0.10233397888298137,0.7372969936107979,25,20,10
1,4147,0.11492458223454957,9.564297610271898e-06,0.16662016723685982,0.718445686230979,25,20,10
1,4148,0.09671380546848035,8.86329655586653e-06,0.18894780150456822,0.7143295297303957,25,20,10
1,4149,0.10030836700151947,7.583813524168953e-05,0.14178647507945985,0.7578293197837803,25,20,10
1,4150,0.14571352038434304,0.0007788207733813021,0.07513307152765067,0.7783745873146244,25,20,10
1,4151,0.153658243161952,8.642754424698496e-09,0.04964606072797704,0.7966956874673164,25,20,10
1,4152,0.12294859153037149,4.636215285869062e-07,0.08724163355200021,0.7898093112961,25,20,10
1,4153,0.10202712172334111,7.174269794223762e-07,0.10521133533183818,0.7927608255178413,25,20,10
1,4154,0.07671532777931449,4.7595611515483775e-07,0.13010865816991157,0.7931755380946597,25,20,10
1,4155,0.11119810249374007,4.7596031370765606e-07,0.14109802433657503,0.7477033972093711,25,20,10
1,4156,0.11148526385127201,0.046127859055001136,0.09752452519875945,0.7448623518949669,25,20,10
1,4157,0.14629215807250245,0.03998350707365313,0.055519765432127645,0.758204569421715,25,20,10
1,4158,0.14935874421425271,0.03993084384316272,0.05754814830051365,0.7531622636420694,25,20,10
1,4159,0.11825244351782427,0.039930629303307444,0.09010615966663511,0.751710767512234,25,20,10
1,4160,0.12333347295374456,0.03998386680850456,0.08359386717555617,0.7530887930621951,25,20,10
1,4161,0.08804748268927334,0.0189534536553856,0.139120812408983,0.753878251246362,25,20,10
1,4162,0.08750292205682046,0.0391281552314699,0.08075775424586493,0.792611168465846,25,20,10
1,4163,0.06967027771889003,0.014947776068786384,0.11647220685154794,0.7989097393607757,25,20,10
1,4164,0.07550506230963638,0.03995460844492561,0.08587502344284141,0.7986653058025996,25,20,10
1,4165,0.07592093838050994,0.03995466595604065,0.0999544274979339,0.784169968165516,25,20,10
1,4166,0.11126073456660482,0.03995470562752656,0.06507213615832792,0.7837124236475397,25,20,10
1,4167,0.11229968776092107,0.03825986926841952,0.07621645621786705,0.773223986752792,25,20,10
1,4168,0.11289230843990192,0.03997604030020383,0.07509367980230193,0.7720379714575922,25,20,10
1,4169,0.10488879996340521,0.03873061769580782,0.06850285458607736,0.7878777277547091,25,20,10
1,4170,0.05374002063489936,0.03873064811313107,0.10874678258765107,0.7987825486643189,25,20,10
1,4171,0.046007606677854376,0.03896108863928934,0.1341381242152917,0.7808931804675632,25,20,10
1,4172,0.04255748936709571,0.03897526845277126,0.13108803003188454,0.7873792121482514,25,20,10
1,4173,0.04658373923408499,0.022522314738208312,0.13212088230629573,0.7987730637214139,25,20,10
1,4174,0.040952330646889704,0.039994031105705374,0.12011424246960382,0.7989393957778027,25,20,10
1,4175,0.040837274158956466,0.039977107263032746,0.1199531250068955,0.7992324935711187,25,20,10
1,4176,0.06129626265518324,0.03839284028018289,0.1458057708036443,0.7545051262609942,25,20,10
1,4177,0.09817179986471045,0.03825740369180499,0.10438740538862805,0.7591833910548571,25,20,10
1,4178,0.09092666068862325,0.03827502637447782,0.1524638618996628,0.718334451037239,25,20,10
1,4179,0.11035716542473128,0.0399555165607616,0.1337714175314715,0.7159159004830368,25,20,10
1,4180,0.17324493218983286,0.03997134857391023,0.059981354665749526,0.7268023645705068,25,20,10
1,4181,0.1961343962848029,0.00027227784135904165,0.09651909130423471,0.7070742345696077,25,20,10
1,4182,0.1904089194917726,0.00028149781213289535,0.10129042856583698,0.7080191541302581,25,20,10
1,4183,0.13585514351194633,1.0715781719623086e-05,0.16394679417285926,0.7001873465334765,25,20,10
1,4184,0.1026996024393842,1.0717548165402914e-05,0.1861262195091643,0.711163460503287,25,20,10
1,4185,0.0536824694166181,1.5718703645610535e-06,0.2271184031424877,0.7191975555705311,25,20,10
1,4186,0.044824709663771195,0.040018538880772725,0.17604261517322722,0.7391141362822279,25,20,10
1,4187,0.0841846146992473,0.039977048098115774,0.1259481342335206,0.749890202969116,25,20,10
1,4188,0.10734041676173194,0.03997707071376557,0.11831169956455156,0.7343708129599533,25,20,10
1,4189,0.12070076986328206,0.039452251796499714,0.13127501377175882,0.7085719645684614,25,20,10
1,4190,0.1283100512465667,0.039454556740025244,0.12337042557364221,0.7088649664397644,25,20,10
1,4191,0.1439896988775174,0.039977348863911515,0.10800352369361929,0.7080294285649511,25,20,10
1,4192,0.16133451819024497,0.0399773306918365,0.08942290006625804,0.7092652510516599,25,20,10
1,4193,0.19815962381656974,0.039976974517145124,0.059291443679175986,0.7025719579871083,25,20,10
1,4194,0.22365604054759608,0.03997686198147343,0.024787317579796467,0.7115797798911333,25,20,10
1,4195,0.16756205162732518,1.615510305413361e-06,0.11534411062364462,0.7170922222387258,25,20,10
1,4196,0.2130238402230397,1.9729907378706481e-07,0.06614748150107573,0.7208284809768117,25,20,10
1,4197,0.1913623993556962,6.058947116773104e-08,0.09649633925246084,0.7121412008023736,25,20,10
1,4198,0.15177953718400644,9.381737980132453e-08,0.13680155170713568,0.7114188172914819,25,20,10
1,4199,0.1851864841226518,7.651415118134606e-06,0.108992935280783,0.7058129291814482,25,20,10
1,4200,0.18126435550486267,4.2944366957288796e-07,0.11282978408492206,0.7059054309665466,25,20,10
1,4201,0.18492452160616402,5.300696282799971e-05,0.12353828544826305,0.6914841859827453,25,20,10
1,4202,0.15635799922915208,3.335461823574034e-05,0.14574596778561305,0.6978626783670027,25,20,10
1,4203,0.18528722653514498,3.65151573417023e-08,0.10135938318474358,0.7133533537649562,25,20,10
1,4204,0.1409597451532634,1.1625737199846293e-05,0.1977024045891713,0.661326224520367,25,20,10
1,4205,0.12891344347771255,4.0351008256981116e-07,0.19286293154450468,0.6782232214676988,25,20,10
1,4206,0.13934177728249378,5.733249595024282e-07,0.1793462398804064,0.6813114095121392,25,20,10
1,4207,0.14592866117133665,0.00036709965954128017,0.17706403528761924,0.6766402038815006,25,20,10
1,4208,0.1503760878948728,2.744870771107591e-07,0.18332076267483707,0.6663028749432115,25,20,10
1,4209,0.14006103918007212,0.00012835965596947574,0.2279192439343441,0.6318913572296148,25,20,10
1,4210,0.15006273936939082,1.8671838350275283e-08,0.20846527339000584,0.6414719685687639,25,20,10
1,4211,0.1623793010831826,2.77951062236371e-08,0.19776971320397588,0.6398509579177356,25,20,10
1,4212,0.1322965217140158,0.010913791250897477,0.2214356909038907,0.6353539961311973,25,20,10
1,4213,0.11428785108243067,0.03993829637122404,0.2067457113438978,0.6390281412024481,25,20,10
1,4214,0.14166999638453404,0.03993832957017298,0.17938848753760614,0.639003186507684,25,20,10
1,4215,0.14255595713888952,0.03993853512399489,0.21937639890208172,0.5981291088350349,25,20,10
1,4216,0.20748405459926522,0.03994843316762556,0.15446360877969512,0.5981039034534149,25,20,10
1,4217,0.2136985926716477,0.0399792297570779,0.12254189946043759,0.6237802781108379,25,20,10
1,4218,0.2494537878107069,0.03997082269193105,0.0950075235442336,0.6155678659531292,25,20,10
1,4219,0.2568328212215922,0.039464027116566075,0.08921829507586504,0.6144848565859765,25,20,10
1,4220,0.27243962513072806,0.039464132663528426,0.05876848468704342,0.6293277575187003,25,20,10
1,4221,0.3061990126969935,0.03936038777253947,0.015329070176785862,0.6391115293536812,25,20,10
1,4222,0.2138470058197741,0.011233124216092502,0.1423822115702418,0.6325376583938936,25,20,10
1,4223,0.19396039789376512,0.036886227856462374,0.17233865243186688,0.5968147218179067,25,20,10
1,4224,0.27977911420875995,0.0002711827206967272,0.12004503024136329,0.5999046728291814,25,20,10
1,4225,0.26514534316154725,0.0002701932364672986,0.13624810091003664,0.59833636269195,25,20,10
1,4226,0.23425619610650833,9.720263724339132e-06,0.17236435567836147,0.5933697279514053,25,20,10
1,4227,0.2241421156685211,1.2311313781721207e-05,0.13281128371359355,0.6430342893041029,25,20,10
1,4228,0.20018934533368232,6.287270213373516e-06,0.15665152231821497,0.6431528450778903,25,20,10
1,4229,0.16661741350405204,6.002573603376579e-05,0.28132323921606694,0.5519993215438459,25,20,10
1,4230,0.13393749737858895,1.4835549851886674e-05,0.2852209646255186,0.5808267024460417,25,20,10
1,4231,0.17574909246359233,1.8852028317984634e-07,0.24224335687394208,0.5820073621421811,25,20,10
1,4232,0.16261368951036687,1.2689420402478612e-06,0.23122740481098397,0.6061576367366076,25,20,10
1,4233,0.19916595178753652,7.778388896071934e-07,0.18943940308324322,0.6113938672903297,25,20,10
1,4234,0.1357113354623704,0.014168257214265643,0.2430135093350327,0.6071068979883304,25,20,10
1,4235,0.13664520857076137,0.03996272315028797,0.22122830958495993,0.602163758693989,25,20,10
1,4236,0.14745511711527937,0.039945384643461736,0.17517870680671876,0.6374207914345419,25,20,10
1,4237,0.15717812946793588,0.039945919917674065,0.1561588193690083,0.6467171312453834,25,20,10
1,4238,0.1529437203629651,0.04003048192412465,0.13453335753356038,0.6724924401793524,25,20,10
1,4239,0.12630718711324254,0.03997666268144708,0.19734449911633756,0.6363716510889732,25,20,10
1,4240,0.1271552851219495,0.0007697158956953881,0.24037710383758018,0.631697895144774,25,20,10
1,4241,0.15492077824099015,0.0007805418333014898,0.20497843107408564,0.6393202488516238,25,20,10
1,4242,0.05694435699548619,0.002606304248471467,0.2640324209442379,0.6764169178118028,25,20,10
1,4243,0.09139872180531754,7.385898292100828e-05,0.23645649135037428,0.672070927861387,25,20,10
1,4244,0.08241223357077335,7.364412851652894e-05,0.2581480672990908,0.6593660550016223,25,20,10
1,4245,0.07763588335342791,0.0004218243637381392,0.2559868455882752,0.6659554466945578,25,20,10
1,4246,0.13212363418918038,0.00013566855148708427,0.1946793710014554,0.6730613262578745,25,20,10
1,4247,0.10741801509000942,0.00013444065987982035,0.22084683892791407,0.6716007053221945,25,20,10
1,4248,0.07829454055047275,0.0001273816142377781,0.24308849584952552,0.6784895819857641,25,20,10
1,4249,0.11270858856033433,8.853238060937816e-07,0.22508150010296657,0.6622090260128894,25,20,10
1,4250,0.16798403810268742,1.0337389459633427e-06,0.16138067855011098,0.6706342496082551,25,20,10
1,4251,0.08671039307318004,8.021852449510751e-07,0.23535663545674307,0.6779321692848304,25,20,10
1,4252,0.07541133589046074,2.8934638403577567e-06,0.2558062321933822,0.6687795384523141,25,20,10
1,4253,0.12083523302495255,1.5198919336318127e-09,0.18258966865022372,0.696575096804934,25,20,10
1,4254,0.15710387728874625,2.9182874662669194e-09,0.12777463859684293,0.715121481196125,25,20,10
1,4255,0.11807706048421482,1.1634919901752997e-07,0.1652143742306479,0.7167084489359422,25,20,10
1,4256,0.11758039905565036,3.357980637972056e-05,0.17978469817019893,0.7026013229677714,25,20,10
1,4257,0.14124503368302257,1.6114769269715628e-05,0.1382814021153596,0.7204574494323501,25,20,10
1,4258,0.14365549943504155,3.6585233884674005e-07,0.13707203326524045,0.7192721014473821,25,20,10
1,4259,0.10987040660810116,0.039954508396776514,0.14336443885686223,0.7068106461382625,25,20,10
1,4260,0.10227024316767834,0.03997737000253143,0.1441482853830919,0.7136041014466996,25,20,10
1,4261,0.11944347820287957,0.039977567106899994,0.1234966419213467,0.7170823127688771,25,20,10
1,4262,0.16437391943189092,0.039977687527589664,0.0767265968796316,0.7189217961608876,25,20,10
1,4263,0.19172690634822917,0.039976784976884186,0.04914146572444529,0.7191548429504414,25,20,10
1,4264,0.14375089271399774,0.03995480973150964,0.09710864018640403,0.719185657368091,25,20,10
1,4265,0.11104343068239343,0.014164320494291859,0.16835131078967383,0.706440938033642,25,20,10
1,4266,0.12551598147185167,0.014164996171041343,0.14738246854626114,0.7129365538108462,25,20,10
1,4267,0.09589872647208111,0.014164280284455115,0.17899311234569662,0.7109438808977683,25,20,10
1,4268,0.09933089928774443,0.014139068118115843,0.17538974915341263,0.7111402834407263,25,20,10
1,4269,0.07966111896065846,0.039975502721608776,0.18396532969989698,0.6963980486178353,25,20,10
1,4270,0.10484565849161559,0.03990807369602984,0.15606724732529512,0.6991790204870628,25,20,10
1,4271,0.12342004120419,0.03992371708199257,0.12737443042802293,0.7092818112857964,25,20,10
1,4272,0.11008552832364864,0.03992564560642138,0.13760188423347264,0.7123869418364577,25,20,10
1,4273,0.13619258409184146,0.03800175158655537,0.10664367784682297,0.7191619864747808,25,20,10
1,4274,0.113620431081286,0.03994544058399205,0.12748997250470243,0.7189441558300217,25,20,10
1,4275,0.11404107762090242,0.03994568913689466,0.11399149284549542,0.7320217403967074,25,20,10
1,4276,0.1221941892707869,0.036488889892933175,0.12230575573955099,0.7190111650967307,25,20,10
1,4277,0.11120598791383086,0.03996216267163811,0.13047724280496953,0.7183546066095614,25,20,10
1,4278,0.12763831634735479,0.03902256066918047,0.11453933815871346,0.7187997848247544,25,20,10
1,4279,0.0881779593323919,0.03993231419874872,0.1531411175700919,0.7187486088987717,25,20,10
1,4280,0.08499429733164701,0.03873783080113631,0.1937263992208647,0.6825414726463529,25,20,10
1,4281,0.09218896089956191,0.03873832133353153,0.20060528650331055,0.6684674312635965,25,20,10
1,4282,0.08101291604313456,0.03875199794118347,0.2126845859028298,0.6675505001128553,25,20,10
1,4283,0.08149687185538204,0.07994335164900968,0.17149202529214105,0.6670677512034691,25,20,10
1,4284,0.11898960265778305,0.08000336989250194,0.0888035073176601,0.7122035201320565,25,20,10
1,4285,0.10018965094583647,0.06078246717653444,0.12422740322838631,0.714800478649246,25,20,10
1,4286,0.10038149560494203,0.06113518598174546,0.16139956949934284,0.6770837489139692,25,20,10
1,4287,0.09488562316093148,0.07987861548823688,0.14332316297985329,0.6819125983709788,25,20,10
1,4288,0.13693136140626117,0.06196252031132055,0.16330232600688013,0.6378037922755412,25,20,10
1,4289,0.09410136651355688,0.07895750755810796,0.15806204456205963,0.6688790813662757,25,20,10
1,4290,0.08123554132327866,0.07820549170974983,0.16005460316698733,0.680504363799985,25,20,10
1,4291,0.08165521748401675,0.07993039153531377,0.14905306777371508,0.6893613232069541,25,20,10
1,4292,0.08583772248802449,0.07998222734130106,0.1545374376676409,0.679642612503035,25,20,10
1,4293,0.07826642959552185,0.06442958583350233,0.17846047693307004,0.6788435076379068,25,20,10
1,4294,0.06622567622749986,0.07973315445798926,0.18202901209739789,0.6720121572171132,25,20,10
1,4295,0.12717051945591826,0.07806615172118629,0.11604895848120143,0.6787143703416949,25,20,10
1,4296,0.18663068180259618,0.07776643861874065,0.07048945174454929,0.6651134278341145,25,20,10
1,4297,0.17133630513926057,0.07990099622149778,0.10461575439880329,0.6441469442404416,25,20,10
1,4298,0.20716310795969353,0.07990047210004439,0.07316417255106612,0.6397722473891958,25,20,10
1,4299,0.20733751222221844,0.0786486819383037,0.07437140030243182,0.639642405537046,25,20,10
1,4300,0.1635513244332427,0.07864893655332796,0.1243179228476874,0.6334818161657406,25,20,10
1,4301,0.17247443137433746,0.04023602634446784,0.1605060179415702,0.6267835243396265,25,20,10
1,4302,0.17593909726572973,0.040011524056261856,0.14546413915052145,0.638585239527488,25,20,10
1,4303,0.13554023690292152,0.040011753062582665,0.1964201207335536,0.6280278893009431,25,20,10
1,4304,0.16447772094818278,0.03998749516515828,0.1563778207405993,0.6391569631460615,25,20,10
1,4305,0.19260448923802362,0.03999009827060527,0.12843099235114563,0.6389744201402292,25,20,10
1,4306,0.1679997610589278,0.03999136733347896,0.15372984474958407,0.638279026858012,25,20,10
1,4307,0.10643696150004449,0.039991256863460695,0.21462227982412924,0.6389495018123648,25,20,10
1,4308,0.1404031705257571,0.0393481508113028,0.18231974874843299,0.6379289299145079,25,20,10
1,4309,0.11961371418119207,0.015484168562863838,0.20357914556061668,0.6613229716953269,25,20,10
1,4310,0.12927446786833807,0.014657470441421749,0.19047447750052587,0.665593584189713,25,20,10
1,4311,0.14961829028489806,0.03825973968288811,0.15325387003465804,0.6588680999975576,25,20,10
1,4312,0.14859061467153156,0.04035896430340627,0.1363757113225833,0.674674709702484,25,20,10
1,4313,0.15828333304437092,0.03824065595319871,0.13345108860357702,0.6700249223988552,25,20,10
1,4314,0.19201370215070543,0.07818498716955485,0.05976792992403705,0.6700333807557028,25,20,10
1,4315,0.1564736323076388,0.07992653795698086,0.08294897240689127,0.6806508573284894,25,20,10
1,4316,0.19600293038932937,0.07992654254722606,0.08302880927739671,0.6410417177860485,25,20,10
1,4317,0.1834511196160263,0.0798727611614839,0.11057385195153152,0.6261022672709604,25,20,10
1,4318,0.203507605576363,0.07972654211924703,0.07884455649664243,0.6379212958077473,25,20,10
1,4319,0.17687066778995877,0.07990054071657536,0.11096742855387663,0.6322613629395908,25,20,10
1,4320,0.1401169977192587,0.07873789043822169,0.14421909820501444,0.6369260136375073,25,20,10
1,4321,0.1755170346318682,0.07873821671104224,0.10733936947580996,0.6384053791812793,25,20,10
1,4322,0.15823027349940005,0.06446322151297117,0.13908821423723283,0.6382182907503976,25,20,10
1,4323,0.18393662409456962,0.06448551068157704,0.11965645013640774,0.6319214150874465,25,20,10
1,4324,0.17399129165126184,0.06448528084295908,0.13424579181239468,0.6272776356933863,25,20,10
1,4325,0.13698374605662347,0.06448398437850612,0.16566167371519938,0.632870595849673,25,20,10
1,4326,0.14976394107058144,0.06448435836714933,0.12080616056156294,0.6649455400007065,25,20,10
1,4327,0.15696473323658064,0.07931181985199037,0.08955353713857044,0.6741699097728586,25,20,10
1,4328,0.10877604676221067,0.05112748117273511,0.16795094891011036,0.6721455231549417,25,20,10
1,4329,0.08995133919144001,0.08094802868265578,0.15672059008357445,0.6723800420423316,25,20,10
1,4330,0.0700925475328608,0.07964592583286295,0.1647853257417889,0.6854762008924874,25,20,10
1,4331,0.13304874672494627,0.07964587625257928,0.11572179215105641,0.671583584871418,25,20,10
1,4332,0.13362648201781294,0.07853891911027965,0.10874737436064509,0.6790872245112608,25,20,10
1,4333,0.12014070699242901,0.0790963955658643,0.12183373327715788,0.6789291641645485,25,20,10
1,4334,0.13807313230430002,0.07990484342949215,0.06928649573759574,0.7127355285286111,25,20,10
1,4335,0.16571874969573183,0.07648122094032932,0.038719535842873326,0.7190804935210653,25,20,10
1,4336,0.13897712039538093,0.07817036699718004,0.0652456147968424,0.7176068978105964,25,20,10
1,4337,0.13935866087683368,0.07756741863753058,0.0652866439095292,0.7177872765761053,25,20,10
1,4338,0.07946245337227897,0.0801142116632016,0.09843172713337131,0.7419916078311504,25,20,10
1,4339,0.15920976559939143,0.07986434976151609,0.0020176711911850703,0.7589082134479069,25,20,10
1,4340,0.10250827818126336,0.07990222552430121,0.06995151311068322,0.7476379831837511,25,20,10
1,4341,0.0946462016041955,0.07992662749333956,0.07616884022971737,0.7492583306727467,25,20,10
1,4342,0.09584197824732571,0.07995551919556426,0.0755821487342765,0.7486203538228322,25,20,10
1,4343,0.07458060846502387,0.07929201392897235,0.10222694762932381,0.7439004299766825,25,20,10
1,4344,0.0834476989181859,0.050466758423419626,0.11293437464834963,0.7531511680100463,25,20,10
1,4345,0.08419987674838271,0.051024387630637005,0.08144171286551505,0.7833340227554642,25,20,10
1,4346,0.08288872320557018,0.0776143155361218,0.05506338076270143,0.7844335804956066,25,20,10
1,4347,0.0858949928089617,0.07761453529169608,0.05245934557339491,0.7840311263259474,25,20,10
1,4348,0.04236389141263132,0.038500622860702764,0.1467892616953238,0.7723462240313428,25,20,10
1,4349,0.0815528539666672,0.07959229072269192,0.08419272302804517,0.7546621322825956,25,20,10
1,4350,0.043052306152559526,0.07959225147733333,0.13122084694393585,0.7461345954261724,25,20,10
1,4351,0.07276727743381693,0.07993631925462058,0.08849405769531772,0.7588023456162465,25,20,10
1,4352,0.04678594047214921,0.0799082617416974,0.0739911181291639,0.799314679656988,25,20,10
1,4353,0.0825958766573737,0.07868051121558194,0.0840131409119742,0.7547104712150725,25,20,10
1,4354,0.07974717864506824,0.0794039275299756,0.08159328781163594,0.7592556060133212,25,20,10
1,4355,0.07350407630802504,0.07819471248824215,0.18213118144810336,0.6661700297556302,25,20,10
1,4356,0.11283741795764408,0.07822754513470011,0.09725681456215365,0.7116782223455017,25,20,10
1,4357,0.12089324268957688,0.039962675188846664,0.12025161481533612,0.7188924673062417,25,20,10
1,4358,0.11757486071088862,0.03873284856557028,0.09440689122778967,0.7492853994957502,25,20,10
1,4359,0.12026521460146924,0.038732816383429236,0.1180259991481916,0.7229759698669099,25,20,10
1,4360,0.14885488826257767,0.03954815847364901,0.13085216062491967,0.6807447926388561,25,20,10
1,4361,0.17189355633009604,0.03998368624889088,0.11063145618082547,0.6774913012401886,25,20,10
1,4362,0.15261248079952888,0.03990195493269917,0.1725066518596403,0.6349789124081324,25,20,10
1,4363,0.12458919271168091,0.039969202026249526,0.16205640837127192,0.6733851968907988,25,20,10
1,4364,0.15690437236247548,0.039967607473179935,0.0843331835824655,0.7187948365818787,25,20,10
1,4365,0.1630091960796493,0.04001491517752534,0.08642985172782566,0.7105460370149982,25,20,10
1,4366,0.15645282111009187,0.01123161661715815,0.12182783560230825,0.7104877266704438,25,20,10
1,4367,0.13010461173065196,0.03934663815597413,0.1200568902490505,0.7104918598643235,25,20,10
1,4368,0.08413107363656655,0.03934673476909781,0.1486125646624986,0.7279096269318402,25,20,10
1,4369,0.16581409808676129,0.03872557337771898,0.07043481531823209,0.7250255132172857,25,20,10
1,4370,0.18318252870074972,0.03872675517955925,0.09176382036536684,0.686326895754324,25,20,10
1,4371,0.16956231222576298,0.03823717348372579,0.1463848085161812,0.6458157057743311,25,20,10
1,4372,0.21448857343004468,0.04070504757341067,0.11238008032011665,0.6324262986764289,25,20,10
1,4373,0.2299213878637415,0.025297486568638203,0.12832538782596395,0.6164557377416577,25,20,10
1,4374,0.22683998389427246,0.03996059438948651,0.10536611232977988,0.6278333093864632,25,20,10
1,4375,0.23776075228830365,0.03952688466087935,0.058692363750862564,0.6640199992999543,25,20,10
1,4376,0.15065967579170925,0.039537611084431344,0.13113534067918553,0.6786673724446767,25,20,10
1,4377,0.17051404133665968,0.03995120530178617,0.1163556611488839,0.673179092212672,25,20,10
1,4378,0.18158292525260603,0.03983661320994771,0.11653641474257376,0.6620440467948737,25,20,10
1,4379,0.1922921961995053,0.039945493142755424,0.10649137250941627,0.6612709381483234,25,20,10
1,4380,0.19685114200741802,0.0399769087228899,0.08497018958410908,0.6782017596855816,25,20,10
1,4381,0.197693726385136,0.0010854651238812049,0.1240468373484034,0.6771739711425824,25,20,10
1,4382,0.12783034105106264,0.0010854503594867032,0.192599772618074,0.6784844359713772,25,20,10
1,4383,0.12255974579238237,3.751177596611579e-07,0.19823395736722013,0.6792059217226384,25,20,10
1,4384,0.10474445280211904,8.11216796191022e-05,0.22378720740987304,0.6713872181083907,25,20,10
1,4385,0.1682869561769772,4.3742694317281213e-07,0.15517418656931506,0.6765384198267664,25,20,10
1,4386,0.22113013204332213,1.247548427587566e-05,0.1426096697605378,0.6362477227118658,25,20,10
1,4387,0.2551789705015749,3.717132405412596e-07,0.10681628936289606,0.638004368422289,25,20,10
1,4388,0.2464770056640295,1.448380444716886e-06,0.11550095578401423,0.6380205901715168,25,20,10
1,4389,0.3071356307333388,3.496908446464115e-05,0.05418315305630633,0.6386462471258905,25,20,10
1,4390,0.308883322871247,1.9263347820224687e-06,0.08888388976085386,0.6022308610331182,25,20,10
1,4391,0.25251359881824564,2.748480689924648e-07,0.14837758635626638,0.5991085399774215,25,20,10
1,4392,0.22492033896457478,2.7172752921263375e-07,0.1762182403348845,0.5988611489730123,25,20,10
1,4393,0.22526964712309147,1.676975807738909e-05,0.177658251642337,0.5970553314764941,25,20,10
1,4394,0.35540592663753295,6.653600451783706e-08,0.046592637434812456,0.5980013693916508,25,20,10
1,4395,0.34026835583620363,5.75837650052101e-07,0.06134301478502022,0.5983880535411265,25,20,10
1,4396,0.30344852045713844,3.3662545977116474e-08,0.09677441226929046,0.5997770336110263,25,20,10
1,4397,0.2673218515596407,3.580629519196395e-07,0.13367800327455412,0.5989997871028545,25,20,10
1,4398,0.2708589457139702,2.074305819426276e-05,0.1298976121730391,0.5992226990547987,25,20,10
1,4399,0.24656695443566007,0.024816767573275285,0.12913927607221187,0.5994770019188536,25,20,10
1,4400,0.2578220017585982,0.024816782269532083,0.11824424673184214,0.5991169692400283,25,20,10
1,4401,0.3050496192732584,0.014170435573162552,0.08900332169811541,0.5917766234554632,25,20,10
1,4402,0.2494116041623621,0.014180197022426448,0.13698338663513568,0.5994248121800771,25,20,10
1,4403,0.26222768317800815,0.011211241725171796,0.1526046809714173,0.5739563941254048,25,20,10
1,4404,0.22483817267003947,0.03995031273234186,0.17602613918040835,0.5591853754172103,25,20,10
1,4405,0.29271395430389674,0.0399417873575041,0.10808522610077642,0.5592590322378236,25,20,10
1,4406,0.33403868755205,0.03873466890530605,0.06887682231932094,0.5583498212233219,25,20,10
1,4407,0.2426595993840999,0.03988919583162437,0.15722932818855004,0.560221876595728,25,20,10
1,4408,0.2424057117906535,0.03989082976710499,0.1585254283832282,0.5591780300590146,25,20,10
1,4409,0.18937442813384395,0.041369267034490606,0.21263342760590057,0.5566228772257678,25,20,10
1,4410,0.15911305640922657,0.038240302690931205,0.24955299447015722,0.553093646429688,25,20,10
1,4411,0.18187406795109798,0.0400088482389798,0.2061283971476949,0.5719886866622272,25,20,10
1,4412,0.13900316917397187,0.039385159961992156,0.267448947716968,0.5541627231470675,25,20,10
1,4413,0.12558068126823682,0.03952475901687688,0.27553952339879806,0.5593550363160879,25,20,10
1,4414,0.14170712999443097,0.03951324287553357,0.2665332206636997,0.5522464064663334,25,20,10
1,4415,0.14043720026183637,0.039328530602163514,0.25606637519326897,0.5641678939427294,25,20,10
1,4416,0.18540712768690934,0.03853632121236631,0.2026287939607994,0.5734277571399247,25,20,10
1,4417,0.15478482852030095,0.03853647613475674,0.23367810456551039,0.5730005907794333,25,20,10
1,4418,0.18683039977207783,0.03851106723569416,0.20614817777041214,0.5685103552218159,25,20,10
1,4419,0.157141066537771,0.039949825669873824,0.234243757347966,0.5686653504443903,25,20,10
1,4420,0.19933578884843936,0.03996690437068943,0.2050519880577487,0.5556453187231213,25,20,10
1,4421,0.24334224586545886,0.0359033649141334,0.1665086088315303,0.5542457803888794,25,20,10
1,4422,0.3148191133960539,0.0359323347627088,0.09096056624634509,0.5582879855948955,25,20,10
1,4423,0.39180532420831027,0.039940344964465246,0.049503211595876104,0.5187511192313484,25,20,10
1,4424,0.32568605409246465,0.03997052729766875,0.0760499027564922,0.5582935158533748,25,20,10
1,4425,0.24214463467453606,0.03998341790491356,0.17220193709282497,0.5456700103277266,25,20,10
1,4426,0.34218211423712197,0.03824723637933253,0.0738863297001877,0.5456843196833577,25,20,10
1,4427,0.33218400848837526,0.011224501214325066,0.1085936874410239,0.5479978028562779,25,20,10
1,4428,0.34988008990937014,0.0006052777409018427,0.09005809875660038,0.5594565335931283,25,20,10
1,4429,0.3820084808501978,0.00020396948421499232,0.05825627034375793,0.5595312793218296,25,20,10
1,4430,0.3497398839903608,0.00020645599490949702,0.09007970253155602,0.5599739574831745,25,20,10
1,4431,0.32767230204226244,0.00020588988879720896,0.11274120947819863,0.5593805985907416,25,20,10
1,4432,0.32606559691556875,4.666224099032161e-06,0.115412476670072,0.5585172601902596,25,20,10
1,4433,0.3326474605196678,2.8349076881236627e-06,0.1447909546497564,0.5225587499228892,25,20,10
1,4434,0.27368634049482443,1.4988006963858216e-05,0.21349235082782983,0.5128063206703815,25,20,10
1,4435,0.2965820310733162,0.0003025880728849795,0.18790137190665765,0.5152140089471404,25,20,10
1,4436,0.29946972357893686,2.413810678137466e-05,0.18486153666923605,0.5156446016450434,25,20,10
1,4437,0.23156503010925422,2.5503130482917988e-05,0.26039788757555404,0.5080115791847095,25,20,10
1,4438,0.29622047072273944,2.515111060480262e-05,0.19670205793441403,0.507052320232244,25,20,10
1,4439,0.2748106857543554,7.179953160872918e-06,0.21627138380103544,0.508910750491448,25,20,10
1,4440,0.29164410751240866,5.172443537506927e-07,0.1947151788345712,0.5136401964086658,25,20,10
1,4441,0.33207469918177346,3.32524169062086e-07,0.15392533278722925,0.5139996355068294,25,20,10
1,4442,0.3105905056635409,4.387304647655403e-06,0.17001675962856833,0.5193883474032429,25,20,10
1,4443,0.24805317690059134,4.495718272533727e-06,0.23022922182024724,0.521713105560891,25,20,10
1,4444,0.33813549458346065,4.404035992012351e-06,0.12848873427395496,0.5333713671065938,25,20,10
1,4445,0.33344910255057597,1.1505468959271299e-05,0.14671223708208275,0.5198271548983832,25,20,10
1,4446,0.36045594157140826,7.922745277571688e-06,0.11554540570674254,0.5239907299765727,25,20,10
1,4447,0.41743627497015384,4.5732832779885705e-07,0.07817118142410677,0.5043920862774115,25,20,10
1,4448,0.3276690850393784,2.9667817049098387e-05,0.16763428031803185,0.5046669668255437,25,20,10
1,4449,0.2928627702107204,0.03495571110235593,0.20656653374118272,0.4656149849457409,25,20,10
1,4450,0.23725465498954093,0.04026169497585031,0.2413827713122023,0.48110087872240725,25,20,10
1,4451,0.237020825033962,0.03997162344830442,0.23894453988145958,0.48406301163627363,25,20,10
1,4452,0.2792831958038607,0.03991700874014162,0.23257769058448255,0.4482221048715174,25,20,10
1,4453,0.34896141002055875,0.00029316731622087706,0.20404286474580802,0.44670255791741176,25,20,10
1,4454,0.3339699095926065,2.0589418118802946e-05,0.24707393147073367,0.418935569518542,25,20,10
1,4455,0.2392536689607158,2.006158601188374e-05,0.3211548694319189,0.4395714000213529,25,20,10
1,4456,0.20632045507994426,0.0010068361505648766,0.35318451896005393,0.4394881898094362,25,20,10
1,4457,0.20915092542081898,0.00035124020100457795,0.36239103258059446,0.4281068017975825,25,20,10
1,4458,0.3001851028550864,1.0257127933409845e-06,0.2691204359923731,0.4306934354397459,25,20,10
1,4459,0.23545230292010255,0.03938656826569812,0.29651620777562543,0.4286449210385767,25,20,10
1,4460,0.1800469727658988,0.040619569075790826,0.3427492921860372,0.4365841659722742,25,20,10
1,4461,0.19794668329794907,0.04012598895674886,0.3322287622673345,0.429698565477966,25,20,10
1,4462,0.2415256772549516,0.03997936493666962,0.2839909235598032,0.43450403424857564,25,20,10
1,4463,0.28497674265139555,0.03997932879064003,0.23264615909331338,0.4423977694646509,25,20,10
1,4464,0.25549913805411206,0.039977981834810314,0.27278596185745757,0.43173691825361776,25,20,10
1,4465,0.3570622719207603,0.038708830317362615,0.1761402395749319,0.4280886581869458,25,20,10
1,4466,0.4304876484886831,0.039534011110795145,0.0905239618419094,0.4394543785586127,25,20,10
1,4467,0.4098400825629259,0.0388086195436319,0.11868181643606826,0.43266948145737394,25,20,10
1,4468,0.41801345948045315,0.038736931897357114,0.11092062246080854,0.43232898616138166,25,20,10
1,4469,0.40864941939999855,0.039978939627872453,0.11843388428913898,0.4329377566829909,25,20,10
1,4470,0.35345618509335386,0.03956050797936876,0.16745959484603595,0.4395237120812434,25,20,10
1,4471,0.30932142993133965,0.038736748169676725,0.21227814063881778,0.4396636812601672,25,20,10
1,4472,0.2732642191043673,0.0003955774683717748,0.25377221028958297,0.4725679931376774,25,20,10
1,4473,0.1437243291116952,1.7631569107049532e-06,0.34473731628571663,0.5115365914456741,25,20,10
1,4474,0.1691197947656491,1.1417243788821875e-06,0.3187688827209697,0.5121101807890027,25,20,10
1,4475,0.2031286927723009,0.0033399677764471294,0.2750137216487807,0.5185176178024702,25,20,10
1,4476,0.2509753421887692,0.0033413440482434275,0.22636898050207888,0.5193143332609096,25,20,10
1,4477,0.31918143617400485,0.002533099776928279,0.13687359549248504,0.5414118685565841,25,20,10
1,4478,0.31671342831080074,6.357284827535776e-06,0.12865497811853074,0.5546252362858426,25,20,10
1,4479,0.26287047417517845,7.886311929237067e-06,0.23127110802145498,0.5058505314914394,25,20,10
1,4480,0.22895906172649028,1.7990834362175568e-05,0.26104645485303346,0.5099764925861167,25,20,10
1,4481,0.16256421464687484,9.483269842089839e-06,0.3184312394307617,0.5189950626525217,25,20,10
1,4482,0.17552046581933958,0.0010848363753398693,0.30259461649279584,0.5208000813125249,25,20,10
1,4483,0.29402732480862936,2.0827899762441046e-05,0.18493138575041834,0.5210204615411897,25,20,10
1,4484,0.3236735029980431,2.1045739016773354e-05,0.16609539576941595,0.5102100554935234,25,20,10
1,4485,0.3005415327430086,1.2626275786381812e-06,0.18807772041459858,0.5113794842148155,25,20,10
1,4486,0.37443447627204657,1.0704782983180693e-06,0.10463174214649812,0.5209327111031576,25,20,10
1,4487,0.32576708982350433,1.7390543313059627e-05,0.1600158942133026,0.5141996254198823,25,20,10
1,4488,0.3720111585446505,1.7779123560814085e-08,0.11579081233744089,0.5121980113387858,25,20,10
1,4489,0.37366773564996497,9.496441135158372e-07,0.14168162283218103,0.4846496918737407,25,20,10
1,4490,0.2837534503267577,0.008347193904095702,0.22839688266640984,0.4795024731027372,25,20,10
1,4491,0.30758456472863455,0.038733831394969956,0.13920236999557603,0.5144792338808218,25,20,10
1,4492,0.29369445102991015,0.05212917763782103,0.13525644623848096,0.5189199250937906,25,20,10
1,4493,0.309556937485732,0.049963137151549965,0.11288091813314635,0.5275990072295715,25,20,10
1,4494,0.2802274175705568,0.07776802800028236,0.1417123599572102,0.5002921944719545,25,20,10
1,4495,0.29593585408219597,0.02156806828192014,0.16005002405047325,0.522446053585412,25,20,10
1,4496,0.31536194169563564,0.021114502623457473,0.1449514194618422,0.5185721362190662,25,20,10
1,4497,0.38465016903848387,0.021216131225042067,0.0745412749583357,0.5195924247781375,25,20,10
1,4498,0.24283471659195988,0.02121605409518974,0.21782618101089263,0.5181230483019597,25,20,10
1,4499,0.2544599763339944,0.021215957615157124,0.20611654524568984,0.5182075208051585,25,20,10
1,4500,0.2587629791347366,0.0769822818941752,0.14495799484017766,0.5192967441309114,25,20,10
1,4501,0.1692774601628325,0.07994763825570617,0.23129963713379792,0.5194752644476656,25,20,10
1,4502,0.1913736084545567,0.08069925123402505,0.20854883394211904,0.5193783063693,25,20,10
1,4503,0.2186628691012266,0.07860738209714095,0.1833088064174701,0.5194209423841635,25,20,10
1,4504,0.22415744883243818,0.07782909102451809,0.17531715984439827,0.5226963002986457,25,20,10
1,4505,0.19596274614400322,0.07822367849215889,0.2087011067513532,0.5171124686124832,25,20,10
1,4506,0.2038463447962062,0.07651344181183334,0.19693217587678785,0.5227080375151706,25,20,10
1,4507,0.22464659357147487,0.07699329669964476,0.22949121424301844,0.4688688954858637,25,20,10
1,4508,0.2548820294659657,0.07820410082572755,0.1901702303821477,0.47674363932615926,25,20,10
1,4509,0.2553869513998562,0.07820158696482991,0.18730548777154138,0.4791059738637739,25,20,10
1,4510,0.26955281042919454,0.05115395027887792,0.2202929529027016,0.45900028638922585,25,20,10
1,4511,0.17837390018953367,0.051169386377976266,0.2758628653619664,0.49459384807052303,25,20,10
1,4512,0.15883875228860367,0.06116457671948502,0.2795925218655302,0.5004041491263813,25,20,10
1,4513,0.19974433945063427,0.07985737199736832,0.2066249887149008,0.5137732998370984,25,20,10
1,4514,0.19502749929503566,0.0798350670725961,0.17778663329799183,0.547350800334377,25,20,10
1,4515,0.23783120222094226,0.07865721995785627,0.13748636759194177,0.5460252102292604,25,20,10
1,4516,0.28354381064705675,0.052882803894182324,0.11051780903881996,0.5530555764199427,25,20,10
1,4517,0.2453039918297623,0.05413493778102242,0.14575721316068105,0.5548038572285345,25,20,10
1,4518,0.24371567301932182,0.07987967103239181,0.11748586552043021,0.5589187904278611,25,20,10
1,4519,0.2074280326067955,0.0611984178932855,0.19379683150031718,0.5375767179996008,25,20,10
1,4520,0.19489354701284817,0.06448222102892633,0.2075513307137427,0.5330729012444846,25,20,10
1,4521,0.2111120920173103,0.07864882227388703,0.1617332923912008,0.5485057933176036,25,20,10
1,4522,0.22533882329419036,0.07989925420953507,0.1467322353936272,0.5480296871026487,25,20,10
1,4523,0.23046566600745344,0.0786925971570534,0.13288451222336195,0.5579572246121327,25,20,10
1,4524,0.23440456712215202,0.07870310307372341,0.1279949344393113,0.5588973953648144,25,20,10
1,4525,0.2350988213629033,0.0781007331643909,0.12748744835301967,0.5593129971196868,25,20,10
1,4526,0.12531524028085392,0.050597191818373626,0.27059860141858477,0.5534889664821879,25,20,10
1,4527,0.2113865758490111,0.07993377365377867,0.1497466255670734,0.5589330249301385,25,20,10
1,4528,0.12713238156683576,0.041005573391616056,0.273585207664738,0.5582768373768091,25,20,10
1,4529,0.19271912358718588,0.03999759584542132,0.20883378729963062,0.5584494932677633,25,20,10
1,4530,0.1891895454925267,0.038780103435694574,0.2130815892525601,0.5589487618192185,25,20,10
1,4531,0.2233003907682109,0.038745982639274604,0.2186628969101841,0.5192907296823323,25,20,10
1,4532,0.23192923428721898,0.024550648478968328,0.22425319223005233,0.5192669250037628,25,20,10
1,4533,0.19503492059220703,0.03996709338099163,0.24529120634828822,0.5197067796785136,25,20,10
1,4534,0.2072618518975432,0.03996878309246696,0.25245384868396425,0.5003155163260261,25,20,10
1,4535,0.1800497960855051,0.03827195203239716,0.27631166292509524,0.5053665889570053,25,20,10
1,4536,0.12467210529953064,0.03935856652366738,0.3267282042699647,0.5092411239068381,25,20,10
1,4537,0.15244928753788978,0.04072260817185345,0.2883541298914193,0.5184739743988414,25,20,10
1,4538,0.1196813143446791,0.022794949785799882,0.34504473353749965,0.5124790023320193,25,20,10
1,4539,0.1782847863686246,0.022801129052162826,0.28639979104433505,0.5125142935348783,25,20,10
1,4540,0.19217027196486441,0.03998539819011149,0.2548730539383083,0.5129712759067165,25,20,10
1,4541,0.17401325387031064,0.03999518142434175,0.28035960814347183,0.5056319565618757,25,20,10
1,4542,0.22361778688414802,0.04040624459720455,0.19081505489510686,0.5451609136235436,25,20,10
1,4543,0.20543952148538383,0.023407300259216418,0.266818743339493,0.5043344349159049,25,20,10
1,4544,0.31992823497694195,0.023193163125494354,0.14352502236104323,0.5133535795365229,25,20,10
1,4545,0.2927229876117918,0.03673968821973373,0.15089109557780614,0.5196462285906697,25,20,10
1,4546,0.2267813711505055,0.07964731807634746,0.18852094515735232,0.5050503656157955,25,20,10
1,4547,0.22400147458761335,0.0794132713418552,0.22494959221353963,0.4716356618569913,25,20,10
1,4548,0.2401731973593033,0.0781818113817989,0.2029959258095206,0.47864906544937597,25,20,10
1,4549,0.21721514598961478,0.06449105354261354,0.20461260989117355,0.5136811905765998,25,20,10
1,4550,0.22101814259131658,0.11932892689977237,0.19179235932594288,0.4678605711829696,25,20,10
1,4551,0.18839454446692205,0.08150451916685147,0.2624220123780853,0.46767892398814276,25,20,10
1,4552,0.17546184746740218,0.05335038894709596,0.28818972057962655,0.4829980430058749,25,20,10
1,4553,0.16733126199015722,0.05952512299878714,0.2925729421392099,0.4805706728718443,25,20,10
1,4554,0.1261132844095294,0.05947347782592729,0.34191527445244074,0.47249796331210014,25,20,10
1,4555,0.16053376861792237,0.05120938762660514,0.3095406905551591,0.478716153200312,25,20,10
1,4556,0.13560731231829506,0.051185433880567635,0.3337873911793226,0.47941986262181546,25,20,10
1,4557,0.2027762405862453,0.051185466181743786,0.26732253151638224,0.4787157617156291,25,20,10
1,4558,0.21241824885685567,0.06140037448830129,0.23433763966157872,0.49184373699326295,25,20,10
1,4559,0.16720686902575813,0.07331281016688074,0.23827123967531666,0.5212090811320472,25,20,10
1,4560,0.15663161697817074,0.11650722686636895,0.1722169591683815,0.5546441969870824,25,20,10
1,4561,0.1652518112897322,0.11817159662884374,0.15412441638323274,0.5624521756981927,25,20,10
1,4562,0.17209098111687982,0.11822060642830104,0.1108390905960253,0.5988493218587962,25,20,10
1,4563,0.17856343998668062,0.11862170707932358,0.103869959638767,0.5989448932952319,25,20,10
1,4564,0.1279640321433712,0.11861152502217744,0.10738239448849077,0.6460420483459616,25,20,10
1,4565,0.12115614454868398,0.11984964749420103,0.08460906627073697,0.674385141686379,25,20,10
1,4566,0.06248341676578983,0.1136717738594463,0.14522649222526166,0.6786183171495036,25,20,10
1,4567,0.09815417427842768,0.1315747474825052,0.09797938576531794,0.6722916924737501,25,20,10
1,4568,0.09788528541458252,0.1598080702499561,0.08507699962752428,0.6572296447079397,25,20,10
1,4569,0.1317615395807598,0.15984745756223923,0.06479595803141815,0.6435950448255842,25,20,10
1,4570,0.1263988267478588,0.1597850005806678,0.08834765663717653,0.6254685160342988,25,20,10
1,4571,0.1322116710148787,0.13266313664960497,0.11026827710736574,0.6248569152281518,25,20,10
1,4572,0.14355580439770274,0.10824376114053288,0.11076638740228939,0.6374340470594774,25,20,10
1,4573,0.11877845219012492,0.11043858478327191,0.1321856509323618,0.6385973120942441,25,20,10
1,4574,0.13153741541176633,0.11813952950241999,0.11529507375508631,0.6350279813307289,25,20,10
1,4575,0.13151795001942856,0.11864072767099255,0.0916877204923087,0.6581536018172703,25,20,10
1,4576,0.0837302271514551,0.11867659536693206,0.1260799116988348,0.6715132657827805,25,20,10
1,4577,0.11697821674414234,0.11978880943156116,0.10713589674816108,0.6560970770761354,25,20,10
1,4578,0.0974101421957261,0.11975810664209559,0.14452022684989577,0.6383115243122824,25,20,10
1,4579,0.09567402096753183,0.11694062543619423,0.1485677722795367,0.6388175813167386,25,20,10
1,4580,0.15373366605938085,0.11864766564375762,0.0937121510139352,0.6339065172829268,25,20,10
1,4581,0.16663752044823077,0.1181609200641503,0.08073012679085649,0.6344714326967608,25,20,10
1,4582,0.19216875069825995,0.11689325733331586,0.05738651172864067,0.633551480239783,25,20,10
1,4583,0.17311717245901775,0.07803665803501626,0.11462887249810587,0.6342172970078621,25,20,10
1,4584,0.17328263958558116,0.04944517209359317,0.14317165081071884,0.6341005375101098,25,20,10
1,4585,0.18830558105080517,0.07644033548188488,0.11103778631355889,0.6242162971537535,25,20,10
1,4586,0.23216369941167528,0.07751519720580008,0.051903431329766866,0.6384176720527578,25,20,10
1,4587,0.18697688208675145,0.07640131444099098,0.09745588343161009,0.6391659200406484,25,20,10
1,4588,0.20812635089986894,0.07813353403983288,0.07506564358035411,0.6386744714799427,25,20,10
1,4589,0.16626542887456655,0.07814516197505347,0.154809635863688,0.6007797732866935,25,20,10
1,4590,0.10531687602635811,0.04137403167474517,0.2656504489003488,0.5876586433985462,25,20,10
1,4591,0.06422973039832983,0.041058287995283,0.28696525832652997,0.6077467232798558,25,20,10
1,4592,0.09220408619428921,0.039985491329977675,0.281273059851251,0.5865373626244782,25,20,10
1,4593,0.15560075700189135,0.040004733476833663,0.2170799990300947,0.587314510491177,25,20,10
1,4594,0.13637215930827826,0.03875770800673204,0.238046091822643,0.5868240408623477,25,20,10
1,4595,0.1135038999920668,0.00027453443140820066,0.2998746592478882,0.5863469063286412,25,20,10
1,4596,0.17629760553470789,2.6951696543525032e-06,0.23659289707104716,0.5871068022245922,25,20,10
1,4597,0.2056027986852151,1.3179260300995667e-06,0.22028852481664174,0.5741073585721156,25,20,10
1,4598,0.24259714247230402,1.0087616760884803e-06,0.11229131195850187,0.6451105368075174,25,20,10
1,4599,0.26770340788574776,3.613970411667601e-08,0.08760277749277723,0.644693778481771,25,20,10
1,4600,0.2572567324775063,3.0930318940307165e-06,0.10323671256612428,0.6395034619244775,25,20,10
1,4601,0.2530256301613194,2.4511371082996854e-06,0.10765383378251492,0.6393180849190593,25,20,10
1,4602,0.2789054804887039,6.838565535967575e-05,0.08666467755760744,0.6343614562983302,25,20,10
1,4603,0.23478106295865203,7.03714236447285e-05,0.12568245037192013,0.6394661152457828,25,20,10
1,4604,0.2383088732383273,6.801192862014307e-05,0.08813012861743522,0.6734929862156175,25,20,10
1,4605,0.24128362691013622,9.867803308489622e-05,0.08671466237099201,0.6719030326857863,25,20,10
1,4606,0.2983463016607262,2.574921800454012e-07,0.07778546966465302,0.6238679711824412,25,20,10
1,4607,0.27313537651940634,7.657902086903855e-06,0.09386600046813691,0.6329909651103724,25,20,10
1,4608,0.2727872636565538,7.147001090656652e-06,0.09641997399792564,0.6307856153444296,25,20,10
1,4609,0.2805122850464693,1.8338326418989327e-08,0.08095672420090708,0.6385309724142967,25,20,10
1,4610,0.20874907127464823,6.488547583787869e-05,0.15151851396185667,0.639667529287659,25,20,10
1,4611,0.2102830155467396,0.0001441546777738088,0.10206699006177705,0.6875058397137097,25,20,10
1,4612,0.17229163096600955,1.3982271341815534e-06,0.12447662371722286,0.7032303470896337,25,20,10
1,4613,0.21130593444656995,1.4083096922548616e-06,0.08974845428010048,0.6989442029636374,25,20,10
1,4614,0.17012606206811026,3.501838162080218e-07,0.11072771215436304,0.7191458755937127,25,20,10
1,4615,0.17470723838725416,3.331031184004061e-09,0.10706936960427912,0.7182233886774374,25,20,10
1,4616,0.12710402892668274,7.850382919484516e-06,0.13596693878731014,0.7369211819030891,25,20,10
1,4617,0.1512700059810409,4.808118896132573e-07,0.09117801745328408,0.757551495753786,25,20,10
1,4618,0.1203790934560899,5.267170137412316e-09,0.12071761304749247,0.7589032882292491,25,20,10
1,4619,0.17305861221304106,7.19777054309447e-08,0.07579972261204795,0.7511415931972055,25,20,10
1,4620,0.20080411884178098,1.577272975100965e-07,0.050283698799452374,0.7489120246314688,25,20,10
1,4621,0.20546774264871548,6.4032269577837645e-09,0.03510845978838001,0.7594237911596777,25,20,10
1,4622,0.20569012958052446,1.0757425671786132e-07,0.03552010078459264,0.7587896620606256,25,20,10
1,4623,0.19321850805243795,3.439381361421307e-07,0.0628046676076511,0.7439764804017738,25,20,10
1,4624,0.16567534937558487,1.0329065074470934e-07,0.07689683545362358,0.7574277118801401,25,20,10
1,4625,0.19126027240359672,1.0758502425158678e-09,0.05560923264098514,0.7531304938795674,25,20,10
1,4626,0.15635174305039604,0.001981722761776297,0.08281406290003841,0.7588524712877885,25,20,10
1,4627,0.17035129100534877,4.920765422941026e-08,0.07068473751698313,0.7589639222700129,25,20,10
1,4628,0.16476953911619893,1.8080784698834103e-08,0.07628712101152738,0.7589433217914879,25,20,10
1,4629,0.14167944623706388,7.700387284042192e-06,0.10130194884165271,0.757010904534005,25,20,10
1,4630,0.14107150728797577,2.617715146662336e-08,0.11550256121619813,0.7434259053186757,25,20,10
1,4631,0.18676909506186043,6.776492039369345e-10,0.05760638380734337,0.7556245204531471,25,20,10
1,4632,0.12585542281007261,2.4679280819650754e-07,0.12101933556454117,0.7531249948325802,25,20,10
1,4633,0.17563010865426787,2.470444898753235e-07,0.06962120948366855,0.7547484348175744,25,20,10
1,4634,0.10341991031522937,4.406733876350004e-07,0.13854099496847197,0.7580386540429145,25,20,10
1,4635,0.06821679152346839,4.985719369916573e-07,0.16645391772274237,0.7653287921818529,25,20,10
1,4636,0.06839117151329116,4.814099490457728e-07,0.1662110152815711,0.7653973317951889,25,20,10
1,4637,0.05433744327981173,3.8865365763963927e-07,0.11036645018125096,0.8352957178852775,25,20,10
1,4638,0.12916871110311895,5.469685622256916e-08,0.08661755712626014,0.7842136770737638,25,20,10
1,4639,0.14449072720732178,5.4338943264353854e-08,0.06361030633160325,0.7918989121221318,25,20,10
1,4640,0.14110327650140952,6.756685054889118e-08,0.08439685788737519,0.7744997980443655,25,20,10
1,4641,0.1372698228323948,1.4679396204430245e-07,0.0774686398888398,0.7852613904848035,25,20,10
1,4642,0.13692434935384837,5.134527692270924e-07,0.0643964495967158,0.7986786875966665,25,20,10
1,4643,0.13678936461252436,5.142334034810619e-07,0.07563053250510152,0.78757958864897,25,20,10
1,4644,0.1980018298192554,4.6532999534078566e-08,0.003251786511754246,0.7987463371359899,25,20,10
1,4645,0.19792421456984985,4.5817817264862304e-08,0.003397365602486729,0.7986783740098456,25,20,10
1,4646,0.1894542960820652,2.302924382520765e-07,0.011746174743967202,0.7987992988815286,25,20,10
1,4647,0.16211630821887837,2.107794488792447e-07,0.04350448060207915,0.7943790003995924,25,20,10
1,4648,0.15814381494981128,2.1042412899256278e-07,0.05665862797833642,0.7851973466477224,25,20,10
1,4649,0.15452055520516908,2.2750015411625693e-08,0.046400741174789754,0.7990786808700254,25,20,10
1,4650,0.15592975146108093,2.2901819582216435e-08,0.051140089635476234,0.7929301360016231,25,20,10
1,4651,0.17999560460554556,6.202644528804767e-07,0.026199404622615,0.7938043705073862,25,20,10
1,4652,0.16170619477919906,1.9769312180449896e-10,0.0533325054582438,0.7849612995648632,25,20,10
1,4653,0.14812400059975547,2.137524374977858e-08,0.05436821685975587,0.7975077611652442,25,20,10
1,4654,0.15078216717250523,2.7308033021959095e-07,0.0510780177665368,0.798139541980627,25,20,10
1,4655,0.15596562909518846,2.2020761733200937e-06,0.07998989915055203,0.7640422696780854,25,20,10
1,4656,0.13804711047541393,3.7243797639724013e-06,0.13629066354596217,0.7256585015988608,25,20,10
1,4657,0.15156503968407573,2.9519758707542445e-07,0.1293764237714585,0.7190582413468821,25,20,10
1,4658,0.17557720529525983,2.141434279303158e-07,0.11112452081848699,0.7132980597428279,25,20,10
1,4659,0.16159169910421137,3.456101651187867e-10,0.11976618945117515,0.7186421110990061,25,20,10
1,4660,0.1784080813348785,2.5085467994294474e-07,0.10758509446545714,0.7140065733449861,25,20,10
1,4661,0.27879352188049294,9.227818633127186e-10,0.0028344658754076183,0.7183720113213176,25,20,10
1,4662,0.21868822618159547,2.8214897658551645e-06,0.06408775807229827,0.7172211942563405,25,20,10
1,4663,0.17020422950832592,3.3324289162144285e-08,0.11178864723613258,0.7180070899312534,25,20,10
1,4664,0.19629962039923213,5.490016650617689e-09,0.08528848160694567,0.7184118925038065,25,20,10
1,4665,0.2157523938147631,2.324343824774412e-08,0.06185245249501073,0.7223951304467866,25,20,10
1,4666,0.20653532102587227,7.90420818591265e-08,0.07426566463446957,0.7191989352975766,25,20,10
1,4667,0.17786324775655482,1.9120020291781295e-06,0.10350630109998361,0.7186285391414343,25,20,10
1,4668,0.19302941727412304,6.538345279172492e-08,0.08779277049728897,0.7191777468451365,25,20,10
1,4669,0.1888375235243494,1.0309384853256904e-05,0.0901932851311644,0.7209588819596326,25,20,10
1,4670,0.18119014741168557,9.931296861586388e-06,0.09817847764936193,0.7206214436420908,25,20,10
1,4671,0.16360653209193146,1.0018480320040512e-08,0.11741314566401796,0.7189803122255712,25,20,10
1,4672,0.1905213286963656,0.0009473582102624381,0.13981292104707457,0.6687183920463,25,20,10
1,4673,0.1845818569657606,0.0009472670251973938,0.1466567459862787,0.6678141300227654,25,20,10
1,4674,0.1824126378978086,0.0009472559280219417,0.15911767900285143,0.6575224271713188,25,20,10
1,4675,0.2076405443177387,6.672344543879499e-06,0.08903608996872865,0.7033166933689888,25,20,10
1,4676,0.19346944309988523,2.253462034966171e-05,0.09503556433322116,0.7114724579465443,25,20,10
1,4677,0.20828956410622024,7.165205602480755e-06,0.07469936944616477,0.7170039012420125,25,20,10
1,4678,0.1746399250214376,4.956908690391463e-07,0.15397073169526404,0.6713888475924326,25,20,10
1,4679,0.17098798033256313,1.7276475209904476e-05,0.18708084741815478,0.6419138957740727,25,20,10
1,4680,0.17290437197600966,0.0031334162169657713,0.18284818756391935,0.6411140242431066,25,20,10
1,4681,0.1628919610947823,2.5432755041946528e-06,0.19554025300816147,0.6415652426215501,25,20,10
1,4682,0.1879757057354151,9.230120412974791e-07,0.13255728710011305,0.679466084152431,25,20,10
1,4683,0.16072354193777413,2.4924226245440626e-05,0.18587831697776283,0.6533732168582215,25,20,10
1,4684,0.14771889625722662,0.0011189073444048572,0.1830797146548478,0.6680824817435216,25,20,10
1,4685,0.1585985201859973,0.0011197063602533131,0.15864021908110487,0.6816415543726444,25,20,10
1,4686,0.15989129526991352,0.0007309601548073835,0.157527890983847,0.6818498535914336,25,20,10
1,4687,0.14867567013015806,2.0443715379855483e-05,0.1690522037998212,0.6822516823546425,25,20,10
1,4688,0.16315953823084126,1.458492451215582e-05,0.15731771073230977,0.679508166112339,25,20,10
1,4689,0.18209415702979012,1.518352416383817e-05,0.14010908820334397,0.6777815712427057,25,20,10
1,4690,0.18368813431189399,7.2247390506855e-06,0.13772232060538253,0.6785823203436737,25,20,10
1,4691,0.16069525884839617,7.418331661351807e-06,0.16547765887997037,0.6738196639399727,25,20,10
1,4692,0.18081062262327927,1.3764856058227337e-06,0.15586901874400352,0.663318982147114,25,20,10
1,4693,0.17228017047245958,2.700467570584718e-06,0.15317322659334887,0.6745439024666223,25,20,10
1,4694,0.2010014514101966,1.2952564245890638e-06,0.12070696112991715,0.6782902922034628,25,20,10
1,4695,0.1951990778999132,5.4361105320112574e-08,0.10738578720074109,0.6974150805382426,25,20,10
1,4696,0.1970141058724604,2.5164949347317192e-08,0.09362556647063171,0.7093603024919588,25,20,10
1,4697,0.18349166150632348,3.509624194521013e-08,0.09816947843207367,0.718338824965361,25,20,10
1,4698,0.20700901834704977,0.0017246670719961565,0.07358503909279408,0.717681275488159,25,20,10
1,4699,0.2297667397877853,2.620011058223559e-09,0.05178672662135012,0.7184465309708528,25,20,10
1,4700,0.2179756579492427,2.69119178274517e-08,0.07541183635893456,0.7066124787799037,25,20,10
1,4701,0.1442611075425751,2.802857359923864e-05,0.1437756074401595,0.711935256443669,25,20,10
1,4702,0.14978690647541418,3.0457633637919657e-05,0.131624674404323,0.7185579614866252,25,20,10
1,4703,0.18151002924327472,2.078857542342496e-07,0.09978717349157662,0.7187025893793957,25,20,10
1,4704,0.2216460329567755,5.351863619857412e-09,0.06444412700644256,0.713909834684918,25,20,10
1,4705,0.1732636745900381,1.0005886242849677e-08,0.10101551956937897,0.7257207958346977,25,20,10
1,4706,0.1823001307936514,5.319138152199398e-06,0.1007134650160733,0.7169810850521249,25,20,10
1,4707,0.19162301053299388,5.366878568592507e-06,0.12532311656620743,0.6830485060222324,25,20,10
1,4708,0.19647393890104772,2.901690712436459e-08,0.1369927270118297,0.6665333050702184,25,20,10
1,4709,0.19224477862817607,2.1103413779979218e-08,0.10410994427174425,0.7036452559966682,25,20,10
1,4710,0.20462684444063953,1.7467734592585533e-08,0.0772063688584179,0.7181667692332065,25,20,10
1,4711,0.2310106707894668,2.1521887012508424e-07,0.05364239218978496,0.7153467218018775,25,20,10
1,4712,0.17685712202112222,0.037804358280630244,0.08033403615430268,0.7050044835439461,25,20,10
1,4713,0.22624407946784586,0.039986781639263155,0.015435875492367905,0.7183332634005231,25,20,10
1,4714,0.19245736252486606,0.03873359797681706,0.06278919766366528,0.7060198418346515,25,20,10
1,4715,0.1074362219587411,0.038752729222169095,0.1629572728820386,0.6908537759370512,25,20,10
1,4716,0.10503720002087459,0.038736560363616085,0.14580321346789687,0.7104230261476135,25,20,10
1,4717,0.1257446708066129,0.038775874173010975,0.11618403484408237,0.7192954201762943,25,20,10
1,4718,0.09965846914253138,0.04104444694573529,0.14062199373078457,0.7186750901809507,25,20,10
1,4719,0.1594715440012998,0.03994856729463994,0.07975483788778165,0.7208250508162791,25,20,10
1,4720,0.15774088277193385,0.0399461959489223,0.08263429246349807,0.7196786288156468,25,20,10
1,4721,0.19150256844735236,0.0399325171443405,0.0495644739470958,0.7190004404612109,25,20,10
1,4722,0.1803429793882347,0.03997742239324617,0.08600014446448606,0.6936794537540368,25,20,10
1,4723,0.1601495386071196,0.03997024787245664,0.08772070480327403,0.7121595087171522,25,20,10
1,4724,0.12143780927260645,0.03997224237570249,0.16005328540356864,0.6785366629481244,25,20,10
1,4725,0.17633862534580605,0.039970252035443285,0.10108950802072547,0.6826016145980272,25,20,10
1,4726,0.17062234290948083,0.039976544833947025,0.10581445526982167,0.6835866569867528,25,20,10
1,4727,0.1685588303866077,0.03993179304628069,0.09010489188394104,0.7014044846831715,25,20,10
1,4728,0.1914326588506823,0.04179898407682736,0.0527945628378463,0.7139737942346445,25,20,10
1,4729,0.21658214039627627,0.04179895404175388,0.023369466685418047,0.7182494388765519,25,20,10
1,4730,0.19970956874765552,0.03993440545024809,0.059739974888950796,0.7006160509131455,25,20,10
1,4731,0.12776045605073352,0.03995749162239725,0.11350613969447779,0.7187759126323934,25,20,10
1,4732,0.12630274253606094,0.03873611555182104,0.08817495606858967,0.7467861858435301,25,20,10
1,4733,0.10383147683550513,0.03872746483280922,0.09843009603054176,0.7590109623011463,25,20,10
1,4734,0.09819955857487146,0.013364744073312358,0.1295839603120547,0.7588517370397632,25,20,10
1,4735,0.08134870254049346,0.014087145466592598,0.14572002651410196,0.7588441254788149,25,20,10
1,4736,0.11346847555655494,0.014086958148903721,0.12042044054550807,0.7520241257490354,25,20,10
1,4737,0.11192645167547655,0.014084025266384838,0.11578653249711919,0.7582029905610191,25,20,10
1,4738,0.14521203643076042,0.039971812502408575,0.05639017762896009,0.7584259734378701,25,20,10
1,4739,0.14436644800529133,0.040016312968916966,0.05692599857248275,0.758691240453309,25,20,10
1,4740,0.14450391500369525,0.03878477747731767,0.05836524242417886,0.7583460650948085,25,20,10
1,4741,0.15654646396872374,0.019740064712627767,0.06471936332274209,0.7589941079959064,25,20,10
1,4742,0.14790756814439118,0.0399485614806606,0.06449795053659382,0.7476459198383536,25,20,10
1,4743,0.1524721316632757,0.0399231659364244,0.060288407132315404,0.747316295267984,25,20,10
1,4744,0.09872482382229825,0.03995511985339388,0.10261559204238256,0.7587044642819256,25,20,10
1,4745,0.10681856746098935,0.03995452561787212,0.09537947708148073,0.7578474298396575,25,20,10
1,4746,0.132519851596742,0.039102199534441336,0.06990611607291014,0.7584718327959066,25,20,10
1,4747,0.13015624707228687,0.03994877433086523,0.08533591354282345,0.7445590650540275,25,20,10
1,4748,0.1529633866662464,0.039948535146274736,0.05867549653439811,0.7484125816530813,25,20,10
1,4749,0.13937702678982597,0.03994856324248018,0.07254898529139156,0.7481254246763014,25,20,10
1,4750,0.12036261557987571,0.03807388619750006,0.08280734116074771,0.758756157061877,25,20,10
1,4751,0.10125061341584045,0.0541363338405615,0.16803637636159102,0.6765766763820059,25,20,10
1,4752,0.13517491249105584,0.07822848721242677,0.10785561688194266,0.6787409834145757,25,20,10
1,4753,0.166373815411153,0.07760267206956917,0.0767628564760439,0.6792606560432338,25,20,10
1,4754,0.17148124241790288,0.07607497044710851,0.07439069261395186,0.678053094521037,25,20,10
1,4755,0.13508803592328833,0.07868062810891702,0.10792034557250385,0.6783109903952911,25,20,10
1,4756,0.14964807854686918,0.07868126333900215,0.10653350530710134,0.665137152807029,25,20,10
1,4757,0.17419788398864486,0.07927742576970002,0.08140993648083558,0.6651147537608193,25,20,10
1,4758,0.15473116289890973,0.07929574620370093,0.10849195070289044,0.6574811401945007,25,20,10
1,4759,0.10045685019883789,0.07988615741722954,0.14190443535713632,0.6777525570267965,25,20,10
1,4760,0.13216199442395196,0.07988569237713246,0.10880435701927016,0.6791479561796469,25,20,10
1,4761,0.12711692716698622,0.07988570799763224,0.11339222693347985,0.6796051379019029,25,20,10
1,4762,0.19302191731567356,0.03997166461509092,0.0869472130797796,0.6800592049894558,25,20,10
1,4763,0.16256413637184575,0.03997155170144926,0.11844056303041124,0.6790237488962952,25,20,10
1,4764,0.1707267742904166,0.03997117242006981,0.11680084071327217,0.6725012125762416,25,20,10
1,4765,0.22010096662943318,0.03935581771091186,0.0622578314365439,0.6782853842231122,25,20,10
1,4766,0.24020051018459518,0.04018089344714545,0.04589449783756003,0.6737240985306989,25,20,10
1,4767,0.18327992192576914,0.04011191126168815,0.1387962077987288,0.6378119590138167,25,20,10
1,4768,0.24784809878975417,5.27784738945935e-05,0.11291019912230535,0.6391889236140459,25,20,10
1,4769,0.25997214903766236,2.767752358552912e-08,0.11544059770104745,0.6245872255837671,25,20,10
1,4770,0.3016474981940041,2.4469135738619753e-09,0.05961646757577829,0.6387360317833046,25,20,10
1,4771,0.27042762690511385,1.0205528061467107e-06,0.09028264665987812,0.6392887058822052,25,20,10
1,4772,0.2205770188338288,3.7947147313330623e-06,0.13989844860960535,0.6395207378418367,25,20,10
1,4773,0.21149942106357067,2.7120856938204463e-05,0.14900847625961272,0.6394649818198799,25,20,10
1,4774,0.18033810694094857,2.4584632707163236e-05,0.21679944495554745,0.6028378634707979,25,20,10
1,4775,0.2243229309113451,5.796972066139727e-07,0.17334256739594178,0.6023339219955086,25,20,10
1,4776,0.23210150394860313,3.9004437552899466e-08,0.16308012727259896,0.6048183297743601,25,20,10
1,4777,0.24992284855935398,1.6418971527364757e-05,0.14773201122052948,0.6023287212485904,25,20,10
1,4778,0.26895162281421203,0.0007400123124839896,0.12675655987454357,0.6035518049987618,25,20,10
1,4779,0.2805541429800801,0.0007233949724139993,0.13677273288367642,0.581949729163832,25,20,10
1,4780,0.24079101317021198,0.00148181988769581,0.17423432855904447,0.5834928383830466,25,20,10
1,4781,0.2631131934864578,2.011978020416995e-05,0.19540224551100355,0.5414644412223344,25,20,10
1,4782,0.2746225103702744,0.0010602337432837011,0.1866862985010082,0.5376309573854333,25,20,10
1,4783,0.32394204142074556,0.013744768209203539,0.10870820668500433,0.5536049836850484,25,20,10
1,4784,0.24436691842509298,0.013818612162946872,0.1538926330078708,0.5879218364040891,25,20,10
1,4785,0.27766474244267725,0.01381868428321872,0.11542091373506387,0.593095659539041,25,20,10
1,4786,0.2602925117844211,0.011327002785511147,0.13397765251669572,0.5944028329133739,25,20,10
1,4787,0.24664312237130465,0.029028546518594302,0.13967203239972745,0.5846562987103753,25,20,10
1,4788,0.22351970122546605,0.04949279320077575,0.1329310411622314,0.5940564644115282,25,20,10
1,4789,0.21903436542534974,0.07817729640780902,0.11457588122606696,0.5882124569407755,25,20,10
1,4790,0.2260896343267615,0.0798947943226406,0.10256075468049325,0.5914548166701055,25,20,10
1,4791,0.19606362379841483,0.07989531327638132,0.13094447742215906,0.5930965855030482,25,20,10
1,4792,0.23344937203679791,0.0798922811157588,0.09429473950740368,0.5923636073400403,25,20,10
1,4793,0.1861625955940004,0.05117241654422485,0.1704428778808941,0.5922221099808795,25,20,10
1,4794,0.2266451801690849,0.04274780395658876,0.13751246174152698,0.5930945541328007,25,20,10
1,4795,0.20845456614536828,0.01757487799764601,0.18181817713440032,0.5921523787225861,25,20,10
1,4796,0.1723090542075057,0.04367848084600563,0.19001623073311769,0.5939962342133721,25,20,10
1,4797,0.14147014636689068,0.01123446228781156,0.2526351316272185,0.5946602597180779,25,20,10
1,4798,0.2038567820015321,0.011261383423811628,0.1958425589338698,0.5890392756407874,25,20,10
1,4799,0.1581435296394442,0.011261387612792752,0.23806264065407848,0.5925324420936858,25,20,10
1,4800,0.19300883296602353,0.011233647403723686,0.2329538860365917,0.5628036335936635,25,20,10
1,4801,0.24791384630713773,0.011236562388361777,0.1807514156676267,0.5600981756368755,25,20,10
1,4802,0.21337491792540303,0.040017946781449584,0.18703128435471886,0.55957585093843,25,20,10
1,4803,0.2651878376185313,0.01123062569128909,0.16459041408646086,0.5589911226037185,25,20,10
1,4804,0.2413464170436468,0.03995143879703039,0.16006774253931558,0.5586344016200082,25,20,10
1,4805,0.2081049284500065,0.03875960887067181,0.2300069417449371,0.5231285209343848,25,20,10
1,4806,0.2990376113109344,0.03900241645970168,0.14273856976261926,0.5192214024667458,25,20,10
1,4807,0.2533750581111233,0.04003019288640923,0.22294357988134736,0.4836511691211195,25,20,10
1,4808,0.2312281742483381,0.04078157894373154,0.21672071746425325,0.5112695293436778,25,20,10
1,4809,0.11736005887150576,0.03932642845630931,0.3318200899381724,0.5114934227340129,25,20,10
1,4810,0.1975254703472788,0.08052454136119147,0.2160636816125863,0.5058863066789433,25,20,10
1,4811,0.26915569202061557,0.07975797060230226,0.09991706205100251,0.551169275326082,25,20,10
1,4812,0.2501347728306097,0.06447095653726347,0.12597778313211647,0.5594164875000123,25,20,10
1,4813,0.24085331851714312,0.07869544351086386,0.12188333909116639,0.5585678988808279,25,20,10
1,4814,0.24399545753868984,0.07817200746222826,0.11851198985237385,0.5593205451467103,25,20,10
1,4815,0.1717654055855675,0.07816815558392612,0.20479268698463837,0.5452737518458693,25,20,10
1,4816,0.24852913595289303,0.07815469186565814,0.12792245257501322,0.5453937196064352,25,20,10
1,4817,0.24775056985577318,0.0769435391517932,0.11276958689405024,0.562536304098385,25,20,10
1,4818,0.2652093485365357,0.07824082048426222,0.09755842241775435,0.5589914085614488,25,20,10
1,4819,0.19445430753870532,0.07820435188352652,0.16770317739308122,0.5596381631846878,25,20,10
1,4820,0.18965724309015358,0.07996091538137326,0.17109442031077685,0.5592874212176985,25,20,10
1,4821,0.1775546194776647,0.043315926624774015,0.21390285189189526,0.5652266020056651,25,20,10
1,4822,0.18514529060975107,0.0033766191641394477,0.25819174400152556,0.5532863462245856,25,20,10
1,4823,0.18345691422428734,1.3059771194643547e-05,0.2820981103303322,0.5344319156741854,25,20,10
1,4824,0.22863970575636386,1.676840517560136e-06,0.22618939182430828,0.5451692255788111,25,20,10
1,4825,0.190724263779497,0.009441923505475552,0.2401372806380114,0.5596965320770165,25,20,10
1,4826,0.19394254290845073,0.009418364144200686,0.23760978632408578,0.5590293066232629,25,20,10
1,4827,0.2421098053604534,0.03826192299924327,0.160601696091744,0.5590265755485605,25,20,10
1,4828,0.31471420232153946,0.03826181126796834,0.10309187523838206,0.5439321111721104,25,20,10
1,4829,0.2643740538774962,0.03823673711231844,0.14406934018557138,0.553319868824614,25,20,10
1,4830,0.31122711053016255,0.03823468302859873,0.09747165919830243,0.5530665472429371,25,20,10
1,4831,0.2870435661274628,0.03823445048734437,0.12190390737195304,0.5528180760132428,25,20,10
1,4832,0.28496023357226047,0.039956818637588085,0.1321985981902436,0.5428843495999076,25,20,10
1,4833,0.3228346329312468,0.03995488146284992,0.07701813980277279,0.5601923458031299,25,20,10
1,4834,0.24538278711335856,0.039948706358590554,0.16852969280856936,0.5461388137194837,25,20,10
1,4835,0.2815099773767087,0.03994860790474854,0.1333942935755935,0.5451471211429488,25,20,10
1,4836,0.2808302864043849,0.0399755279153604,0.13423317582963679,0.5449610098506196,25,20,10
1,4837,0.2512989133290432,1.4279632911468857e-05,0.20357497865550933,0.5451118283825362,25,20,10
1,4838,0.2172222245858267,9.030221334446387e-07,0.22358508309374517,0.5591917892982989,25,20,10
1,4839,0.26314507033553675,1.101811013076668e-06,0.1780911616211898,0.558762666232261,25,20,10
1,4840,0.27248240814221725,3.6803325254248086e-07,0.17424019329838838,0.5532770305261424,25,20,10
1,4841,0.23999855661027344,3.482225585117352e-07,0.2240375449596028,0.5359635502075641,25,20,10
1,4842,0.24187178031722614,1.3556461571022314e-06,0.211408549348541,0.5467183146880766,25,20,10
1,4843,0.2581256546592783,1.9675998456332e-05,0.1884854296030764,0.5533692397391882,25,20,10
1,4844,0.24603106419169765,2.085514967385365e-05,0.19185361343218854,0.5620944672264422,25,20,10
1,4845,0.2668217163085881,2.4604480979640366e-06,0.11965565012796961,0.6135201731153475,25,20,10
1,4846,0.2100920774808074,1.2059495966968926e-06,0.1459555543136497,0.643951162255947,25,20,10
1,4847,0.2577579456572635,1.2677925078377913e-05,0.10986374528106578,0.6323656311365958,25,20,10
1,4848,0.22594867483634495,1.3782979102518028e-05,0.09922344809344591,0.6748140940911084,25,20,10
1,4849,0.1859586625557586,4.497241462568158e-07,0.1475955261526072,0.6664453615674907,25,20,10
1,4850,0.19906804014106438,7.57750105746584e-08,0.12927626159397523,0.6716556224899526,25,20,10
1,4851,0.21365145677386482,2.9779053836819543e-06,0.11449351054474585,0.6718520547760051,25,20,10
1,4852,0.2503012214908021,9.543212194217717e-05,0.10488009800872401,0.6447232483785349,25,20,10
1,4853,0.2316706432714366,2.1935579197957912e-06,0.09493022793546924,0.6733969352351763,25,20,10
1,4854,0.23133653270311957,2.1921580328009605e-06,0.09533780712993839,0.6733234680089089,25,20,10
1,4855,0.2290817208439925,2.8777491028268643e-05,0.09170590164948308,0.6791836000154962,25,20,10
1,4856,0.19931643567163868,7.795471577789695e-05,0.12257678587420064,0.6780288237383841,25,20,10
1,4857,0.16421560374645147,7.11425455920524e-08,0.12679442296381793,0.7089899021471858,25,20,10
1,4858,0.1757911880394165,6.348314646731066e-08,0.13139549797714298,0.6928132505002942,25,20,10
1,4859,0.139624512804706,6.25230683410066e-08,0.14215485762224747,0.7182205670499779,25,20,10
1,4860,0.12520642521714487,6.284437151708589e-08,0.1569482051552624,0.7178453067832216,25,20,10
1,4861,0.15777951946281898,1.4551063771022514e-08,0.13413006725511203,0.7080903987310042,25,20,10
1,4862,0.21281451832902376,9.780297323457488e-08,0.06450253994551894,0.7226828439224847,25,20,10
1,4863,0.20391795775966476,1.4593116131286235e-09,0.07655592116067883,0.7195261196203446,25,20,10
1,4864,0.18414604948300403,1.5307719656829654e-07,0.056636038865711086,0.7592177585740885,25,20,10
1,4865,0.15582642364984342,2.2314300132624667e-08,0.08567160521219158,0.7585019488236644,25,20,10
1,4866,0.20050137581307378,6.256478755595477e-08,0.046841852479470196,0.7526567091426684,25,20,10
1,4867,0.18190242679631732,5.0037224653068906e-08,0.09131219767876304,0.7267853254876957,25,20,10
1,4868,0.11327627176048656,3.840471000878977e-06,0.15895795548524644,0.7277619322832688,25,20,10
1,4869,0.0762607527034159,0.0033423125109707796,0.16007012844593663,0.7603268063396785,25,20,10
1,4870,0.12174250007491853,3.657278870575521e-07,0.10691109696839109,0.7713460372288045,25,20,10
1,4871,0.11696407952191386,5.699877832114768e-09,0.049901433643300484,0.8331344811349062,25,20,10
1,4872,0.11904197245498359,3.496807715348547e-09,0.04728451515931283,0.833673508888895,25,20,10
1,4873,0.12091468979456986,3.634497008637943e-08,0.051550177253285014,0.827535096607174,25,20,10
1,4874,0.10367254055065267,1.030577260207374e-09,0.058224736086696566,0.8381027223320721,25,20,10
1,4875,0.09693278253261513,1.8782755786381845e-10,0.06426498904812841,0.8388022282314279,25,20,10
1,4876,0.11632918116996034,2.4618766161783545e-09,0.05843491836496792,0.8252358980031935,25,20,10
1,4877,0.06816360406894356,3.801774947627075e-08,0.1181180401091621,0.8137183178041448,25,20,10
1,4878,0.10767274451075608,5.993787782865816e-07,0.05370829933661131,0.8386183567738531,25,20,10
1,4879,0.10713758216051543,5.997273290911541e-07,0.06754782702128467,0.8253139910908712,25,20,10
1,4880,0.13597826013190353,5.6245232904056906e-08,0.02553350754123343,0.8384881760816295,25,20,10
1,4881,0.12146485898484279,1.2757301911728712e-05,0.03661682690511649,0.841905556808128,25,20,10
1,4882,0.11551778944583785,1.276049690555273e-05,0.0419102012987095,0.8425592487585476,25,20,10
1,4883,0.08293499781053822,1.4565223284359867e-05,0.08121469982685445,0.8358357371393221,25,20,10
1,4884,0.08943321001078447,3.17594795527995e-09,0.06970172200387623,0.8408650648093916,25,20,10
1,4885,0.04543429716341809,0.03994572028055394,0.08919520297417245,0.8254247795818564,25,20,10
1,4886,0.040810092752254494,0.03994571849608002,0.08048559205471513,0.8387585966969503,25,20,10
1,4887,0.037721884946066264,0.039945718830995104,0.12031195322671316,0.8020204429962277,25,20,10
1,4888,0.04211735037452306,0.03998847705578536,0.15894394707731974,0.7589502254923759,25,20,10
1,4889,0.10743347163143445,0.03998666086205885,0.10408472525360438,0.7484951422529054,25,20,10
1,4890,0.12253293067271363,0.039976592238050876,0.08523151133251322,0.7522589657567214,25,20,10
1,4891,0.1933706689764516,0.039977322097788696,0.013335332634750834,0.7533166762910087,25,20,10
1,4892,0.12177514087891718,0.03995449409378159,0.0796375720502493,0.7586327929770508,25,20,10
1,4893,0.11620949603790223,0.039324062526029865,0.08561813715673272,0.7588483042793362,25,20,10
1,4894,0.12199640765009828,0.039335789257477154,0.08029100869112883,0.7583767944012965,25,20,10
1,4895,0.1857462251026319,0.03933579580872332,0.030758516324035253,0.7441594627646084,25,20,10
1,4896,0.14921113069568875,0.03995084387551115,0.05236677533131199,0.7584712500974876,25,20,10
1,4897,0.14233175133192294,0.039511638474220415,0.0593955037475326,0.7587611064463247,25,20,10
1,4898,0.11709932174887278,0.039587471005240175,0.1388497568660842,0.704463450379808,25,20,10
1,4899,0.15073036709543122,0.04029042802766115,0.10433620698188596,0.7046429978950232,25,20,10
1,4900,0.12789384026909895,0.03997746277305235,0.1084453495129545,0.7236833474448966,25,20,10
1,4901,0.11484288220974866,0.04005403585542714,0.12595492893256657,0.719148153002258,25,20,10
1,4902,0.13242956085069307,0.038796114744291586,0.06942594412661687,0.7593483802783989,25,20,10
1,4903,0.12030713444872936,0.03871951089728725,0.08242270809253427,0.75855064656145,25,20,10
1,4904,0.11855066940619823,0.03871953635039239,0.08882209948788151,0.7539076947555289,25,20,10
1,4905,0.15985044923385383,0.03871952169014072,0.04791437457874102,0.753515654497263,25,20,10
1,4906,0.15442816975311413,6.142505150036373e-07,0.09302051170299334,0.7525507042933803,25,20,10
1,4907,0.17031427253468798,0.0005658520814590738,0.0747625312906335,0.754357344093219,25,20,10
1,4908,0.17499374815789195,0.0005646452006232132,0.07495710019643995,0.7494845064450446,25,20,10
1,4909,0.12380294108753018,4.641706484942816e-08,0.12220246920511674,0.7539945432902898,25,20,10
1,4910,0.18023204132661058,5.48279260312437e-07,0.07009331106599931,0.7496740993281295,25,20,10
1,4911,0.1986285465721827,2.567325679281924e-07,0.04731763330128541,0.7540535633939639,25,20,10
1,4912,0.1634612792024639,7.399514406418678e-05,0.11380665736462064,0.7226580682888507,25,20,10
1,4913,0.21057855620021676,6.145726959398895e-07,0.07070691601342147,0.7187139132136658,25,20,10
1,4914,0.1935770788380784,6.818733542482864e-06,0.09385924641295441,0.7125568560154241,25,20,10
1,4915,0.149347624372694,1.0175066096826666e-05,0.09545413997336205,0.7551880605878477,25,20,10
1,4916,0.10700399774375594,3.0325331275915737e-07,0.1361864185537249,0.7568092804492096,25,20,10
1,4917,0.10616497225321372,5.575896342678145e-07,0.13917578571003994,0.7546586844471145,25,20,10
1,4918,0.12506597125583765,2.2751059874295131e-07,0.1170553147670349,0.757878486466531,25,20,10
1,4919,0.08248851918447529,7.569783827268209e-09,0.12551239873979467,0.7919990745059468,25,20,10
1,4920,0.044658627509913534,6.234940447658782e-09,0.16148126171020447,0.7938601045449413,25,20,10
1,4921,0.04264055440534248,3.337227446346006e-08,0.15863178013283863,0.7987276320895456,25,20,10
1,4922,0.04233606020453144,1.6466443968458553e-06,0.15991651827583975,0.7977457748752325,25,20,10
1,4923,0.004225980951546172,1.8266644331488125e-06,0.19710372408740512,0.7986684682966171,25,20,10
1,4924,0.0040277563931488645,1.0527576880783958e-06,0.20863133509626547,0.7873398557528971,25,20,10
1,4925,0.0019062333425580024,0.04005167641697707,0.1814692040283225,0.7765728862121416,25,20,10
1,4926,0.0018664123685952435,0.040051453787428665,0.17148798370400775,0.786594150139969,25,20,10
1,4927,0.012914907018721713,0.03997645862590512,0.15090657210672023,0.7962020622486524,25,20,10
1,4928,0.032881345106938714,0.0399689305331386,0.12869100695978852,0.798458717400137,25,20,10
1,4929,0.06226776426284777,0.038240298091061005,0.09791471470226837,0.8015772229438229,25,20,10
1,4930,0.080515026186929,0.039531755897033075,0.07643404029110683,0.8035191776249303,25,20,10
1,4931,0.10892910250697181,0.03996001521910966,0.04834360966532095,0.8027672726085971,25,20,10
1,4932,0.04131985368197153,0.03997075626957498,0.12031790944905785,0.798391480599401,25,20,10
1,4933,0.0061434438774553655,0.03997143527053701,0.14999285483067115,0.8038922660213434,25,20,10
1,4934,0.011041585001021037,0.03997146427280693,0.14599506133135934,0.8029918893948157,25,20,10
1,4935,0.1012978515066322,0.03997144105551324,0.05636198495253751,0.8023687224853155,25,20,10
1,4936,0.1094537336078821,0.03994372453323594,0.06198334176960731,0.7886192000892749,25,20,10
1,4937,0.12616551885803212,0.039957237125182635,0.05173708371191196,0.7821401603048715,25,20,10
1,4938,0.07980765268622136,0.03822632819490703,0.12278983295057229,0.7591761861683001,25,20,10
1,4939,0.08467671079856232,0.0399747845196843,0.07789448123600018,0.797454023445754,25,20,10
1,4940,0.10512734438532531,0.030402975406390094,0.0666852566138114,0.7977844235944738,25,20,10
1,4941,0.07515413508888265,0.030403164792317125,0.09605081601387543,0.7983918841049247,25,20,10
1,4942,0.0404431112741133,0.039946187891477865,0.12532591666014456,0.7942847841742672,25,20,10
1,4943,0.024572557184989935,0.03994619591611023,0.13744906058215686,0.7980321863167431,25,20,10
1,4944,0.05764135837973918,0.03994619517816412,0.10425718422669897,0.7981552622153977,25,20,10
1,4945,0.04126954476102262,0.0399531122462445,0.13367025964141335,0.7851070833513221,25,20,10
1,4946,0.00534721135766002,0.039956631114632615,0.1581670468882955,0.7965291106394166,25,20,10
1,4947,0.00245940756354052,0.036867462618134964,0.21138508993588456,0.7492880398824399,25,20,10
1,4948,0.08265235508168062,0.03686134849412843,0.16513375093278743,0.7153525454914029,25,20,10
1,4949,0.07726133453688631,0.03686232470594584,0.17341183197700183,0.712464508780167,25,20,10
1,4950,0.0818447984465719,0.050079131602971255,0.16233201795846178,0.7057440519919961,25,20,10
1,4951,0.08235355702869748,0.04882977147165311,0.15055925527954814,0.718257416220101,25,20,10
1,4952,0.042699439826240075,0.0795175952833228,0.1754216077799521,0.7023613571104856,25,20,10
1,4953,0.11217890877414433,0.07816708219629823,0.1014318434837534,0.7082221655458046,25,20,10
1,4954,0.12259351623209458,0.07816878204965903,0.0875935864284329,0.7116441152898151,25,20,10
1,4955,0.11316967439645888,0.07651012206473214,0.0900767219514214,0.7202434815873875,25,20,10
1,4956,0.14192898295806317,0.07989018811979334,0.059316169964914026,0.7188646589572311,25,20,10
1,4957,0.14305060195152794,0.0798899445987535,0.05845546848539079,0.7186039849643283,25,20,10
1,4958,0.08978185263390767,0.11862608475119023,0.07306035037854489,0.7185317122363577,25,20,10
1,4959,0.09610064173957923,0.11991064099042466,0.07540323516468188,0.7085854821053134,25,20,10
1,4960,0.11129591272453919,0.11990775614008817,0.049977292720297654,0.7188190384150752,25,20,10
1,4961,0.11740817833561744,0.11948060500956932,0.04429060788177916,0.7188206087730354,25,20,10
1,4962,0.09634165124462013,0.09007378873930982,0.09534289687471706,0.7182416631413554,25,20,10
1,4963,0.12293492704704016,0.06405484680464536,0.09364849568079854,0.7193617304675172,25,20,10
1,4964,0.10931831814997281,0.06452079522768833,0.10775084275993457,0.7184100438624061,25,20,10
1,4965,0.09905787713457735,0.07994026523274013,0.10222625653782894,0.7187756010948532,25,20,10
1,4966,0.09603127126575257,0.07995341601343096,0.11883348033294518,0.7051818323878721,25,20,10
1,4967,0.09766131358985693,0.054122508374647015,0.12951859645613834,0.7186975815793605,25,20,10
1,4968,0.11644512337710143,0.07694960887239252,0.0937517736840629,0.7128534940664436,25,20,10
1,4969,0.10681378311687872,0.08888319993444065,0.10239258167280867,0.7019104352758724,25,20,10
1,4970,0.1109525108511689,0.07989454748840913,0.13523253053630127,0.673920411124121,25,20,10
1,4971,0.12203690838387957,0.07989455642097662,0.13191410687520658,0.6661544283199389,25,20,10
1,4972,0.1432488841291495,0.07990774644290707,0.06405471557374161,0.7127886538542014,25,20,10
1,4973,0.18609438610305007,0.07990773906296475,0.02112272335187725,0.7128751514821079,25,20,10
1,4974,0.13299881336652025,0.0799077845321678,0.06776044720505482,0.7193329548962566,25,20,10
1,4975,0.15009388041889035,0.07823199244427637,0.05278736920333821,0.7188867579334945,25,20,10
1,4976,0.12461802336936274,0.07952385649358792,0.08948790976886958,0.7063702103681824,25,20,10
1,4977,0.16584541111799797,0.07817959071542542,0.03697427661219912,0.7190007215543771,25,20,10
1,4978,0.16199085822023748,0.042647506516122896,0.09045508865927937,0.7049065466043634,25,20,10
1,4979,0.18913925381543742,0.039361258025132816,0.058681710185967614,0.7128177779734627,25,20,10
1,4980,0.18972639889197393,0.0007789789755496778,0.09203267796054318,0.7174619441719371,25,20,10
1,4981,0.12219930781836519,3.325184170698699e-07,0.1590010925554691,0.7187992671077512,25,20,10
1,4982,0.12055668865489091,1.4081175610642242e-05,0.1620175476058643,0.7174116825636354,25,20,10
1,4983,0.11755252055030033,0.03949272869344039,0.1240916379190255,0.7188631128372361,25,20,10
1,4984,0.15376074670670714,0.038257841218187844,0.08949195284986254,0.7184894592252432,25,20,10
1,4985,0.13959497608263624,0.04106167290238956,0.08963720430897068,0.7297061467060053,25,20,10
1,4986,0.14578592688492503,0.03995524566182767,0.09514743098177655,0.719111396471473,25,20,10
1,4987,0.18733316294370045,0.03995483206203141,0.09851545826946252,0.6741965467248062,25,20,10
1,4988,0.1539196542650572,0.03997395353493441,0.12481427927189108,0.6812921129281194,25,20,10
1,4989,0.15364398777821336,0.0387351935010809,0.12955210428100813,0.6780687144396981,25,20,10
1,4990,0.13122384020354855,0.03873484910719174,0.15712507153402677,0.6729162391552349,25,20,10
1,4991,0.15553981084204382,0.038736212110612976,0.0892693124773713,0.7164546645699736,25,20,10
1,4992,0.16000898727743468,0.03876370827582738,0.09445981084990183,0.7067674935968382,25,20,10
1,4993,0.17983225541517858,0.014515814234130987,0.08672991801123216,0.7189220123394575,25,20,10
1,4994,0.19818051272373044,0.03994271518035574,0.04297646469653461,0.7189003073993782,25,20,10
1,4995,0.197288000084051,0.03994041832926563,0.04385379243172742,0.7189177891549562,25,20,10
1,4996,0.1665213220953891,0.010217388521103394,0.11504453279466281,0.7082167565888448,25,20,10
1,4997,0.08684233531121142,0.03932393727479808,0.15474951425406192,0.7190842131599322,25,20,10
1,4998,0.14819344086871988,0.014174662031913667,0.1191312841836787,0.7185006129156883,25,20,10
1,4999,0.18646242635015714,0.01416564481263211,0.08323064776371913,0.7161412810734911,25,20,10
1,5000,0.19990816098835718,0.03992334858338909,0.04782285188860809,0.7123456385396452,25,20,10
1,5001,0.19924923414376214,0.03992335226281232,0.06977058050558153,0.6910568330878435,25,20,10
1,5002,0.14689581796757392,0.039924999144374335,0.12632669652062994,0.6868524863674249,25,20,10
1,5003,0.16045990921977216,0.011235521721089952,0.12482096038750395,0.7034836086716351,25,20,10
1,5004,0.15923201876817875,0.011235394834384153,0.11047344993596005,0.7190591364614776,25,20,10
1,5005,0.12499683025376225,0.011264148950609659,0.14491382240821118,0.718825198387417,25,20,10
1,5006,0.11055196859468694,0.03797598498996073,0.13263448630217492,0.7188375601131815,25,20,10
1,5007,0.11032363104022382,0.024856967359199275,0.156599780320515,0.7082196212800628,25,20,10
1,5008,0.1206918802550768,0.02485674934363424,0.13651999409770746,0.7179313763035815,25,20,10
1,5009,0.13230760929378954,0.024548187206257125,0.12955585063033578,0.7135883528696187,25,20,10
1,5010,0.13459186951684832,0.06216306156356577,0.10051626690349005,0.7027288020160956,25,20,10
1,5011,0.05603149241121841,0.06439390225034244,0.17786642170995023,0.7017081836284916,25,20,10
1,5012,0.0640388405650684,0.06116860433420435,0.16633763533541945,0.7084549197653116,25,20,10
1,5013,0.05388548542434903,0.061171568331630975,0.17704373089481634,0.7078992153492039,25,20,10
1,5014,0.11826438968117037,0.0798755549585906,0.08338506025470867,0.7184749951055329,25,20,10
1,5015,0.11898380145170064,0.0798755609278147,0.0832582814253488,0.7178823561951374,25,20,10
1,5016,0.12076822633528067,0.07987555366744602,0.07882077616124651,0.7205354438360274,25,20,10
1,5017,0.1237224324502836,0.08043093457628064,0.0775941566640596,0.718252476309376,25,20,10
1,5018,0.11937043843181279,0.07987218905785083,0.08176637666886527,0.7189909958414732,25,20,10
1,5019,0.15941386929192147,0.04283807981075523,0.07900492001125775,0.7187431308860659,25,20,10
1,5020,0.1917185622525056,0.05667720507078697,0.04684149069391297,0.7047627419827941,25,20,10
1,5021,0.21423480096949019,0.07899078544096612,0.00944320769312747,0.6973312058964158,25,20,10
1,5022,0.21370002872279464,0.050456813719947216,0.03807337598047862,0.6977697815767789,25,20,10
1,5023,0.19886435426913984,0.05045680419719787,0.03747444213100338,0.7132043994026582,25,20,10
1,5024,0.21380006743272198,0.05048075970043642,0.03896705986276812,0.6967521130040736,25,20,10
1,5025,0.12438973161726795,0.07945295990302567,0.08163075572098087,0.7145265527587261,25,20,10
1,5026,0.13593036238126582,0.07944780279896978,0.07081236571709319,0.7138094691026704,25,20,10
1,5027,0.09726835767640653,0.07992407214147422,0.14613413137349945,0.6766734388086203,25,20,10
1,5028,0.09828836476079351,0.07867597116443037,0.14253306576714855,0.6805025983076298,25,20,10
1,5029,0.09812680844354026,0.0621993640400342,0.15642867693883114,0.6832451505775969,25,20,10
1,5030,0.150278672496934,0.07869701907034225,0.06693809422531921,0.7040862142074046,25,20,10
1,5031,0.14110479936207135,0.06113627368996749,0.04892985140354534,0.748829075544415,25,20,10
1,5032,0.15907027029441337,0.06113627428732024,0.02163546577293385,0.7581579896453323,25,20,10
1,5033,0.12046556461206881,0.06120111443801759,0.06015478907365205,0.7581785318762606,25,20,10
1,5034,0.09712188990432714,0.06120111000848048,0.09446386352576955,0.7472131365614229,25,20,10
1,5035,0.0826516438357892,0.07993379916178378,0.08591245200258266,0.7515021049998447,25,20,10
1,5036,0.07379195043489921,0.07821335077183,0.12355074100183522,0.7244439577914374,25,20,10
1,5037,0.042950909594725604,0.07989240489536492,0.15203830952708258,0.7251183759828266,25,20,10
1,5038,0.08054698135491771,0.07994746467505742,0.09276885672391925,0.7467366972461044,25,20,10
1,5039,0.06536322487792688,0.07975828887604819,0.10916599532376782,0.7457124909222604,25,20,10
1,5040,0.10283744035222829,0.07808288298722724,0.06664551393092091,0.7524341627296235,25,20,10
1,5041,0.09819635313082829,0.07812732969001163,0.07595403729660105,0.7477222798825578,25,20,10
1,5042,0.08112389904555654,0.0798813939977623,0.07958961972772033,0.7594050872289602,25,20,10
1,5043,0.04250345334290459,0.07945394630909476,0.06440402871156406,0.8136385716364346,25,20,10
1,5044,0.03938517233822031,0.07950621661182271,0.10264584340652144,0.7784627676434347,25,20,10
1,5045,0.042087136359639225,0.07951850101074015,0.119193560238072,0.7592008023915501,25,20,10
1,5046,0.00925570082291842,0.07823604892975605,0.13716813100568823,0.775340119241638,25,20,10
1,5047,0.04728644028629137,0.07905924892097832,0.09072682306548413,0.7829274877272451,25,20,10
1,5048,0.043812748954983285,0.07995481468512787,0.07723334638705547,0.7989990899728331,25,20,10
1,5049,0.012446303758139338,0.07869818767507568,0.11011046356612546,0.7987450450006583,25,20,10
1,5050,0.028143786498042844,0.07993383880091208,0.09374888369353732,0.7981734910075072,25,20,10
1,5051,0.04485365115584633,0.079939542988895,0.09062713632728724,0.7845796695279715,25,20,10
1,5052,0.10906880474263554,0.04100829975372235,0.05226400904251915,0.7976588864611222,25,20,10
1,5053,0.058628463752545566,0.03825839294144818,0.11675131460105576,0.7863618287049517,25,20,10
1,5054,0.06557528298070986,0.038257665490661064,0.09680168119707826,0.7993653703315523,25,20,10
1,5055,0.10515920248788667,0.03825800346014353,0.07234838787160379,0.7842344061803648,25,20,10
1,5056,0.1116817970451272,0.0003819372626162377,0.11490342689765896,0.7730328387946007,25,20,10
1,5057,0.06841549430833098,0.00039527125484702005,0.13014838844147023,0.8010408459953549,25,20,10
1,5058,0.10049235079374212,3.591975707637986e-05,0.09439548272702124,0.8050762467221625,25,20,10
1,5059,0.14251846111162517,2.1256481186800388e-05,0.05215541336709648,0.8053048690400906,25,20,10
1,5060,0.09006047691152987,3.8357554200167934e-05,0.10920696231119362,0.8006942032230779,25,20,10
1,5061,0.14120860065988597,0.0008936290800168722,0.07348033879764346,0.7844174314624526,25,20,10
1,5062,0.15150875188778734,1.7993440152260864e-06,0.04944332036752459,0.7990461284006727,25,20,10
1,5063,0.11860840419606655,1.6742703104884217e-06,0.08344377829564582,0.7979461432379786,25,20,10
1,5064,0.17562323874196278,6.913070884512478e-09,0.026094486043520815,0.7982822683014458,25,20,10
1,5065,0.18867573549447836,1.907208511151404e-05,0.017467006181127624,0.7938381862392825,25,20,10
1,5066,0.15932197668544096,8.617349187253938e-10,0.006731782621432737,0.8339462398313906,25,20,10
1,5067,0.1490731437792899,6.804324971827968e-07,0.013262149531446284,0.8376640262567652,25,20,10
1,5068,0.15354671815186247,7.32647255566331e-08,0.02222103071680233,0.8242321778666098,25,20,10
1,5069,0.15042876292221063,1.5383679018160244e-06,0.011751503445973083,0.8378181952639152,25,20,10
1,5070,0.10599183726480856,4.192370199885943e-08,0.11437644148918506,0.7796316793223065,25,20,10
1,5071,0.10606623682266346,3.2192216003545803e-07,0.13159726549337714,0.7623361757617997,25,20,10
1,5072,0.1455287291789904,7.85680786516028e-09,0.10506660269174413,0.7494046602724587,25,20,10
1,5073,0.13323123870784215,9.756342488703999e-06,0.095267543744342,0.7714914612053283,25,20,10
1,5074,0.11895280389146584,1.5870991373003033e-08,0.12252309701735017,0.7585240832201948,25,20,10
1,5075,0.1539633446877211,1.9264155764885362e-08,0.09419355230969191,0.7518430837384318,25,20,10
1,5076,0.1595815155708572,2.7068530996301477e-06,0.0818249097249593,0.7585908678510843,25,20,10
1,5077,0.11369904331712168,2.7368545294991575e-06,0.12896590666690907,0.7573323131614415,25,20,10
1,5078,0.14671649300951786,2.7392430699840196e-06,0.09441728448544291,0.7588634832619708,25,20,10
1,5079,0.1613008941647197,2.1143884794738635e-08,0.07988891913659354,0.7588101655548017,25,20,10
1,5080,0.23946836406533692,6.226187213233391e-09,0.002690330135713473,0.7578412995727619,25,20,10
1,5081,0.1608728156610571,8.381919968257946e-09,0.09311688244553885,0.7460102935114863,25,20,10
1,5082,0.16218954904046926,0.0007739368439266391,0.0826927576607058,0.7543437564548968,25,20,10
1,5083,0.15635808108212557,0.0007675393716224387,0.08943791364883671,0.7534364658974146,25,20,10
1,5084,0.08921482771584115,0.00077685205376194,0.17149471139054215,0.7385136088398576,25,20,10
1,5085,0.13141313582236275,0.0007753463440165392,0.1492523872606784,0.7185591305729429,25,20,10
1,5086,0.0961347147645986,0.0007889218161416096,0.1760167940088127,0.7270595694104474,25,20,10
1,5087,0.10145207965259687,0.0007675247282755316,0.17507958384671785,0.722700811772413,25,20,10
1,5088,0.12203353819078674,7.19315066337975e-05,0.19851980529343383,0.6793747250091441,25,20,10
1,5089,0.18617090552306803,3.06088234796786e-08,0.13450214606497568,0.679326917803133,25,20,10
1,5090,0.2627191791007288,6.0646329241575e-06,0.061948328521564955,0.675326427744782,25,20,10
1,5091,0.23053770946234528,0.009621175088812517,0.1206078918659973,0.6392332235828475,25,20,10
1,5092,0.22220987388778973,0.039398725003423354,0.09939987488484672,0.6389915262239421,25,20,10
1,5093,0.21135660352963892,0.0010852435824406379,0.16024860526694873,0.6273095476209748,25,20,10
1,5094,0.200841859289791,6.445497521577167e-06,0.17078809867839165,0.6283635965342963,25,20,10
1,5095,0.14718199501060197,1.8467866425678217e-07,0.22810651149490746,0.6247113088158285,25,20,10
1,5096,0.11847848564956473,0.0010253043849222023,0.26703271985110716,0.6134634901144043,25,20,10
1,5097,0.10449729029567298,0.0010407101809348234,0.296824306805637,0.5976376927177511,25,20,10
1,5098,0.06544196150573628,0.001040380141184641,0.34635352552146303,0.5871641328316166,25,20,10
1,5099,0.06057428866362253,3.6766343253029834e-05,0.3452890685959933,0.5940998763971304,25,20,10
1,5100,0.12033912118182774,0.004595469829018538,0.28163387790341604,0.5934315310857362,25,20,10
1,5101,0.15958706457998625,1.9819718964072296e-05,0.24703247482961677,0.5933606408714346,25,20,10
1,5102,0.14260063188786173,0.00046959385628305664,0.2578290013401101,0.5991007729157447,25,20,10
1,5103,0.14882473098519364,0.0012424138023593892,0.2510125315333017,0.598920323679148,25,20,10
1,5104,0.14935813775026452,0.0016974817462796273,0.18338539928375788,0.6655589812197019,25,20,10
1,5105,0.11233837625278704,0.0009239810101667315,0.17519497055307798,0.7115426721839679,25,20,10
1,5106,0.11807353013534284,0.0003479500359035008,0.17030432530582562,0.71127419452293,25,20,10
1,5107,0.1525667179145682,0.0003468700849370843,0.1315197256407853,0.7155666863597121,25,20,10
1,5108,0.14053648037447933,6.597837743322673e-06,0.151074676274992,0.7083822455127841,25,20,10
1,5109,0.14134557637552372,1.1024538159514883e-05,0.14653375083887318,0.7121096482474436,25,20,10
1,5110,0.12066464769803112,1.1435926490389531e-05,0.17803134369253676,0.7012925726829452,25,20,10
1,5111,0.12024235637603387,1.1463299034312798e-05,0.2115785849829102,0.6681675953420243,25,20,10
1,5112,0.08741159101839742,1.102470111948036e-05,0.23409693366660644,0.6784804506138777,25,20,10
1,5113,0.14619888682824272,0.003019295612780902,0.17154970082051182,0.6792321167384666,25,20,10
1,5114,0.14872889593807584,0.00022048133762551478,0.17143443263005306,0.6796161900942486,25,20,10
1,5115,0.13543169808502506,8.546256229831089e-05,0.24028397700220971,0.6241988623504673,25,20,10
1,5116,0.13806941673417752,0.0007770192010182947,0.2220562476202858,0.6390973164445165,25,20,10
1,5117,0.09328138042165741,1.8835284557370348e-05,0.26828653908646916,0.6384132452073155,25,20,10
1,5118,0.12612605430845014,8.492100330161169e-06,0.23471716890063102,0.6391482846905884,25,20,10
1,5119,0.1876578406194321,2.383529560347733e-06,0.17300352496902938,0.6393362508819778,25,20,10
1,5120,0.23610174845310744,1.8799727497049284e-07,0.12475401821278957,0.6391440453368299,25,20,10
1,5121,0.2303644159549618,6.008975454676211e-07,0.09090111116588577,0.678733871981608,25,20,10
1,5122,0.18692364280627774,7.803383052509218e-06,0.12360316877134551,0.689465385039325,25,20,10
1,5123,0.17382015155713265,9.711644936091538e-09,0.1491581362198655,0.6770217025113613,25,20,10
1,5124,0.16494248967640657,1.0945912750173736e-05,0.15395991009678806,0.6810866543140571,25,20,10
1,5125,0.20040074089371654,2.022598016820277e-07,0.13272158288461144,0.6668774739618704,25,20,10
1,5126,0.17952394078894687,0.00040377836163066664,0.19248493817924192,0.6275873426701812,25,20,10
1,5127,0.16379438957139758,0.0007767943822258401,0.2069117247669254,0.6285170912794504,25,20,10
1,5128,0.1376320050037422,0.00040471458480339123,0.22275606887648866,0.6392072115349673,25,20,10
1,5129,0.15085910465446697,0.0006647964027806077,0.20584011258725168,0.6426359863554996,25,20,10
1,5130,0.20159146071495906,0.0006641994446063194,0.15404287394367452,0.6437014658967607,25,20,10
1,5131,0.16202953249771584,0.0006843405976181827,0.19858324151006898,0.6387028853945984,25,20,10
1,5132,0.15935186039439983,0.0006662675738759365,0.24223675684442164,0.5977451151873027,25,20,10
1,5133,0.11605651370748388,0.0006649186098309985,0.2802229368483397,0.6030556308343473,25,20,10
1,5134,0.11664929253983419,0.0010081679801943965,0.2811025853753686,0.6012399541046055,25,20,10
1,5135,0.17026208592958592,0.0010091031523448834,0.23569318847899695,0.5930356224390725,25,20,10
1,5136,0.13524758455299665,0.00034351019433568936,0.22607676602178034,0.6383321392308856,25,20,10
1,5137,0.17216305580294325,0.000791917304731625,0.19277311237517744,0.6342719145171501,25,20,10
1,5138,0.17672115723218934,0.0008050170703949044,0.18915708629619585,0.6333167394012225,25,20,10
1,5139,0.20643863441051827,0.014676923904274324,0.1357595688105511,0.6431248728746596,25,20,10
1,5140,0.1666543455391891,0.03992101002434588,0.12326102150889837,0.6701636229275705,25,20,10
1,5141,0.14008974150855596,0.03769945595174218,0.14050696655241735,0.6817038359872859,25,20,10
1,5142,0.12193792107718483,0.03769943236934764,0.11832570226707073,0.722036944286397,25,20,10
1,5143,0.08844912592437136,0.03875537213359829,0.15069653194854116,0.7220989699934901,25,20,10
1,5144,0.043958729457888805,0.038270046928249174,0.19483186560962762,0.7229393580042353,25,20,10
1,5145,0.07352031759772698,0.038822549004788535,0.1681866665579613,0.7194704668395248,25,20,10
1,5146,0.080076538930116,0.03825980702133539,0.16352655190869567,0.7181371021398543,25,20,10
1,5147,0.08234259471734244,0.039969859182583146,0.20752436970569074,0.6701631763943852,25,20,10
1,5148,0.10524653292762692,0.03999195343601105,0.18784604315739767,0.6669154704789648,25,20,10
1,5149,0.14106103659507174,0.039982592947115946,0.15194615623834093,0.6670102142194714,25,20,10
1,5150,0.22196761177796734,0.014166214519432521,0.08530397205229172,0.6785622016503109,25,20,10
1,5151,0.167633200000867,0.03993931396286615,0.11312085308963177,0.6793066329466364,25,20,10
1,5152,0.1977700819145172,0.03822063873372418,0.09234894085454251,0.6716603384972166,25,20,10
1,5153,0.190993529017753,0.06124459627321433,0.06914504354409638,0.6786168311649367,25,20,10
1,5154,0.12948425918291773,0.06450056197561783,0.16670541090222005,0.6393097679392485,25,20,10
1,5155,0.18750157139399218,0.06452238392940692,0.10968715875971981,0.6382888859168809,25,20,10
1,5156,0.13557559998895047,0.04104404756652297,0.20054495583096985,0.6228353966135572,25,20,10
1,5157,0.15359947282478753,0.04025360425550236,0.16685196975100183,0.6392949531687098,25,20,10
1,5158,0.13615814061654782,0.03947592096426693,0.18620706175139112,0.638158876667796,25,20,10
1,5159,0.10964961804365289,0.03949618720260727,0.20348162286004676,0.6473725718936906,25,20,10
1,5160,0.18618784466832544,0.03824058256866978,0.14118917248191326,0.6343824002810962,25,20,10
1,5161,0.2257625164870113,0.040342319874195606,0.096536688713692,0.637358474925103,25,20,10
1,5162,0.1993744878520401,0.04034487177954077,0.12194082653607298,0.6383398138323472,25,20,10
1,5163,0.22868271642622148,0.0386603030434789,0.09897556428288652,0.633681416247413,25,20,10
1,5164,0.2223204348003614,0.03826085504201006,0.10059659514792912,0.6388221150097025,25,20,10
1,5165,0.18085221051237088,0.03826120994207474,0.14104821121897135,0.6398383683265836,25,20,10
1,5166,0.16143184643751848,0.03826188242885018,0.16660521166815184,0.6337010594654798,25,20,10
1,5167,0.14316773614311368,0.03830232931427048,0.17959897307463585,0.6389309614679813,25,20,10
1,5168,0.10346712661634021,0.038301493018923924,0.22593683752626703,0.6322945428384695,25,20,10
1,5169,0.14634644504455824,0.03825945056955922,0.17108392344167228,0.6443101809442091,25,20,10
1,5170,0.14215159972900168,0.0382709463308133,0.13955135251007156,0.6800261014301138,25,20,10
1,5171,0.20002665609223935,0.03873764681311259,0.08282583260884634,0.6784098644858019,25,20,10
1,5172,0.21267949051333462,0.03995325768720628,0.02899800121696675,0.7183692505824917,25,20,10
1,5173,0.19898461239592613,0.039940808236428746,0.04311745051177005,0.7179571288558749,25,20,10
1,5174,0.1509044293965154,0.03874043338489654,0.06257711191414898,0.7477780253044385,25,20,10
1,5175,0.10371067102563063,0.03874336029235834,0.0982140519777665,0.7593319167042454,25,20,10
1,5176,0.08659217647389449,0.0387411998617406,0.11539535262452878,0.7592712710398359,25,20,10
1,5177,0.08300045954830818,0.04001565132977412,0.11881302493149964,0.7581708641904205,25,20,10
1,5178,0.11078448869971684,0.04001312312632849,0.12632205641165553,0.7228803317623,25,20,10
1,5179,0.12170258849328913,0.03877750635629287,0.08937292523751861,0.7501469799129014,25,20,10
1,5180,0.15725723916517395,0.03874253166875021,0.05138380449369613,0.7526164246723789,25,20,10
1,5181,0.11552586336483875,0.024490729582205644,0.11185568656795232,0.7481277204850049,25,20,10
1,5182,0.11551328859279876,0.02447656277205993,0.10120777610758397,0.7588023725275593,25,20,10
1,5183,0.13108476563803623,0.02447648911345133,0.09921413528609753,0.7452246099624156,25,20,10
1,5184,0.15563292237221665,0.024476489031050364,0.07699981988283962,0.7428907687138936,25,20,10
1,5185,0.15851280867378081,0.024476237248793647,0.0632823738199344,0.7537285802574922,25,20,10
1,5186,0.16038335143476515,0.03997125333552472,0.06129936288330049,0.7383460323464095,25,20,10
1,5187,0.1500756152111078,0.039971292086262086,0.10361147348190414,0.7063416192207282,25,20,10
1,5188,0.15673643143674226,0.03991719372391739,0.08106986831820548,0.7222765065211347,25,20,10
1,5189,0.1211051078736095,0.039916771582584325,0.1202236744459184,0.7187544460978919,25,20,10
1,5190,0.12092402192331901,0.03994606052196837,0.12670773684296194,0.7124221807117511,25,20,10
1,5191,0.0637430915850681,0.04031707122344988,0.18296259754696692,0.7129772396445171,25,20,10
1,5192,0.06319093036392348,0.03996934945546597,0.1743944910805512,0.7224452291000607,25,20,10
1,5193,0.06337532218320688,0.038755863030498855,0.2172445666949093,0.6806242480913883,25,20,10
1,5194,0.10952496334615537,0.03875370498158604,0.1729668305933594,0.6787545010789006,25,20,10
1,5195,0.13733089074235758,0.03873754307644857,0.14519480845154406,0.6787367577296526,25,20,10
1,5196,0.13196053899147592,0.03819166732186164,0.15138973838749092,0.6784580552991725,25,20,10
1,5197,0.1580154852481007,0.02451346099975021,0.1393265167723423,0.6781445369798098,25,20,10
1,5198,0.16730131900782458,0.03952638596655042,0.11493156403030655,0.6782407309953213,25,20,10
1,5199,0.2095374029041358,0.03869899276501198,0.07367029245170903,0.678093311879143,25,20,10
1,5200,0.22896098294393866,0.038699833989873214,0.06480602210061567,0.6675331609655718,25,20,10
1,5201,0.2275456154292739,0.04056048034242057,0.05892221377905069,0.6729716904492562,25,20,10
1,5202,0.23168828320405765,0.039929329378383456,0.055181183531791723,0.6732012038857677,25,20,10
1,5203,0.20954632915476903,0.0394966768030743,0.08462303639991015,0.6663339576422465,25,20,10
1,5204,0.1854575198530866,0.039496939952268106,0.10069777605926139,0.6743477641353841,25,20,10
1,5205,0.17543060527099855,0.03949637766744447,0.11858061026398349,0.6664924067975749,25,20,10
1,5206,0.12562833190600634,0.04010186303624291,0.15549212728211467,0.6787776777756378,25,20,10
1,5207,0.12150913283807988,0.040109800651721726,0.16077360066125404,0.6776074658489449,25,20,10
1,5208,0.1221604178640136,0.01179734854808957,0.19159843619364147,0.6744437973942552,25,20,10
1,5209,0.12576425165228605,0.03987710462376409,0.15552754415595438,0.6788310995679955,25,20,10
1,5210,0.07940395208083992,0.0022373533660693277,0.2391918497473399,0.6791668448057512,25,20,10
1,5211,0.08055332581238492,0.0011153578781791188,0.2392797081936442,0.6790516081157913,25,20,10
1,5212,0.09839015805061858,1.6381163556409437e-06,0.2224987786292848,0.6791094252037402,25,20,10
1,5213,0.13107388044775983,1.6567570503201941e-06,0.15520805079002745,0.7137164120051633,25,20,10
1,5214,0.12044883989549128,1.6624953462403003e-06,0.1610488143167973,0.7185006832923655,25,20,10
1,5215,0.10095726076841598,3.16578777598746e-06,0.18539387062830368,0.7136457028155059,25,20,10
1,5216,0.14036678875904596,7.003680310151462e-09,0.10209684931363845,0.7575363549236351,25,20,10
1,5217,0.12731568988528302,6.634619309727147e-08,0.1144847843088893,0.7581994594596378,25,20,10
1,5218,0.13393318775748972,1.313804561430424e-06,0.10768175906213118,0.7583837393758189,25,20,10
1,5219,0.16773275368932639,6.335359834698505e-10,0.08238507418521956,0.7498821714919177,25,20,10
1,5220,0.16157643218173973,6.955613472521443e-09,0.08865031465121254,0.7497732462114344,25,20,10
1,5221,0.19377422883902992,1.2887507164917745e-07,0.048885726418021525,0.7573399158678765,25,20,10
1,5222,0.19393638660674764,1.6816651935333866e-07,0.09158085967277722,0.7144825855539564,25,20,10
1,5223,0.17245827697512697,5.25722289833936e-07,0.11496992154051336,0.712571275762071,25,20,10
1,5224,0.1939055997858251,5.41419770425576e-08,0.0877715850855363,0.7183227609866634,25,20,10
1,5225,0.1951407057354493,5.141835149998106e-08,0.04642276689781468,0.7584364759483846,25,20,10
1,5226,0.20037173926618326,8.47387148492199e-07,0.049531222326407345,0.7500961910202603,25,20,10
1,5227,0.19197116446507909,0.0003500879709865495,0.057811685565104944,0.7498670619988289,25,20,10
1,5228,0.16419741586714928,5.687365787148541e-09,0.07705234304875445,0.7587502353967303,25,20,10
1,5229,0.14050622117731673,3.7873031556412467e-08,0.08699137575537551,0.7725023651942761,25,20,10
1,5230,0.16652069863465233,1.9426847445645938e-05,0.08003084650151114,0.7534290280163924,25,20,10
1,5231,0.2004743518771,4.0105538890402953e-08,0.06018021376822743,0.7393453942491328,25,20,10
1,5232,0.1610076029381586,1.700997350612626e-05,0.08073880499130871,0.7582365820970272,25,20,10
1,5233,0.15901617753105424,1.700330914627754e-05,0.08489229924243316,0.7560745199173674,25,20,10
1,5234,0.1572808982557649,6.367079972107013e-06,0.09006126367570473,0.7526514709885598,25,20,10
1,5235,0.1572051995999691,7.421220314032252e-07,0.09016497714334282,0.75262908113466,25,20,10
1,5236,0.1395197885977523,4.0554291718177355e-07,0.10788460519251662,0.7525952006668136,25,20,10
1,5237,0.14393915094982573,7.021163945789453e-06,0.09131828766214596,0.7647355402240836,25,20,10
1,5238,0.18427822829935742,3.764718770474673e-05,0.056527708008692557,0.7591564165042445,25,20,10
1,5239,0.141391680886139,2.8026452673977237e-05,0.10002342288533538,0.7585568697758519,25,20,10
1,5240,0.15072795616744597,1.9634312110466878e-05,0.10150999560986147,0.7477424139105873,25,20,10
1,5241,0.1285724897486313,1.3847807420054863e-06,0.11699605127676489,0.7544300741938624,25,20,10
1,5242,0.15444857728004152,5.585437599864356e-06,0.0866317316328531,0.7589141056495063,25,20,10
1,5243,0.14876443204915935,5.918714938178535e-06,0.09255934405294391,0.7586703051829587,25,20,10
1,5244,0.12883115181911828,0.00016054350660712577,0.11223529851314062,0.7587730061611347,25,20,10
1,5245,0.18501042214471913,1.4351369375374615e-05,0.05697147413364474,0.7580037523522603,25,20,10
1,5246,0.19446429277820726,1.4350582800722397e-05,0.08406549909940511,0.7214558575395874,25,20,10
1,5247,0.23435832436677784,1.4350097411388902e-05,0.08190215717579168,0.6837251683600187,25,20,10
1,5248,0.1557633143532278,7.247975862868186e-05,0.1470148715252169,0.6971493343629285,25,20,10
1,5249,0.16894432034277365,5.8685247713341096e-05,0.13347517935343925,0.6975218150560762,25,20,10
1,5250,0.1487588866340671,0.0037130763152103353,0.14418030828693695,0.7033477287637866,25,20,10
1,5251,0.12315043735419919,1.6673214077850343e-06,0.170717905498406,0.7061299898259874,25,20,10
1,5252,0.11584002711161272,3.6765954413515193e-07,0.1663361119068545,0.7178234933219882,25,20,10
1,5253,0.1426511652528425,6.8505928966290485e-09,0.17269102174336481,0.6846578061531987,25,20,10
1,5254,0.1453047724583979,0.0003470328173077556,0.16831583355153668,0.6860323611727579,25,20,10
1,5255,0.11429569312522517,3.0129019947754304e-07,0.20481200146181,0.6808920041227637,25,20,10
1,5256,0.15199541852731271,2.990746178197105e-07,0.1695029888484459,0.6785012935496252,25,20,10
1,5257,0.19402171711950722,2.990031907877084e-07,0.12851363355570486,0.6774643503215984,25,20,10
1,5258,0.17954041634260462,1.3134498786035371e-06,0.14119712956672656,0.6792611406407909,25,20,10
1,5259,0.14844537705380356,1.0061535913439892e-05,0.17249165124102553,0.679052910169262,25,20,10
1,5260,0.15451927166131946,9.149782511564189e-06,0.18578936964479298,0.6596822089113776,25,20,10
1,5261,0.20034040881710918,5.026421555804528e-08,0.09321412675702147,0.7064454141616536,25,20,10
1,5262,0.18584919354788074,0.02282284521199628,0.07227839775002189,0.7190495634901013,25,20,10
1,5263,0.196853248985753,0.03873230166189167,0.045409421499032196,0.7190050278533241,25,20,10
1,5264,0.16208676148916804,0.037775597056947274,0.08063599437629493,0.7195016470775912,25,20,10
1,5265,0.12984120499083254,0.03825964922156053,0.11647801366920874,0.7154211321183994,25,20,10
1,5266,0.11703655099516322,0.038259629748006466,0.12987614214752324,0.7148276771093073,25,20,10
1,5267,0.12843256636521386,0.03997778539854209,0.11720733252384306,0.7143823157124011,25,20,10
1,5268,0.10618338377976208,5.670465525251309e-07,0.17979959133450205,0.7140164578391832,25,20,10
1,5269,0.15336998540043342,1.343696726076085e-07,0.16432617639157762,0.682303703838319,25,20,10
1,5270,0.19389830887059986,5.510618196690993e-07,0.10528177316479465,0.700819366902786,25,20,10
1,5271,0.22507678242693108,0.0005650252455408514,0.08269896475482451,0.6916592275727038,25,20,10
1,5272,0.22935602165942484,7.830188864468001e-07,0.06613313221203158,0.7045100631096568,25,20,10
1,5273,0.23163477575787286,9.548540074374823e-08,0.06332803397810688,0.7050370947786196,25,20,10
1,5274,0.18020166901480844,6.830109438775476e-06,0.10523000095761054,0.7145614999181449,25,20,10
1,5275,0.14343008889360426,0.00012537183148630883,0.13019592550950979,0.7262486137654,25,20,10
1,5276,0.17267818707288604,7.994280121218701e-07,0.11045607753933245,0.716864935959771,25,20,10
1,5277,0.19530376647205533,8.306738713162817e-06,0.08952505372725884,0.7151628730619732,25,20,10
1,5278,0.17798737422585784,5.919694543692666e-09,0.1048522998847997,0.7171603199696512,25,20,10
1,5279,0.24373939313365803,1.850584881448474e-08,0.037424686408986746,0.7188359019515059,25,20,10
1,5280,0.22247219202228818,6.288179283239501e-05,0.05832798215330896,0.7191369440315704,25,20,10
1,5281,0.21872430761972952,6.328597955207062e-05,0.06644683367336698,0.7147655727273503,25,20,10
1,5282,0.2048248005856383,6.249356953883503e-07,0.08053715872075157,0.7146374157579147,25,20,10
1,5283,0.19149887964577986,5.401995161498215e-05,0.09416183155675557,0.7142852688458511,25,20,10
1,5284,0.14481831506415743,3.377616853590462e-06,0.13571378731275296,0.7194645200062382,25,20,10
1,5285,0.23126920974209458,1.2893066353699668e-07,0.049896714395501605,0.7188339469317395,25,20,10
1,5286,0.2238294962508272,4.785629009982244e-07,0.05731952550875607,0.7188504996775157,25,20,10
1,5287,0.2456533985243913,4.3900367913218897e-07,0.041991635164211435,0.7123545273077183,25,20,10
1,5288,0.21951619376280287,1.409786844752135e-07,0.08196081442695904,0.6985228508315552,25,20,10
1,5289,0.2201917123866927,6.542721561774208e-07,0.09164666622524263,0.6881609671159084,25,20,10
1,5290,0.23582359726413243,7.149825269088032e-07,0.05292014468351205,0.7112555430698286,25,20,10
1,5291,0.19779484372912834,2.816944116937673e-07,0.10675872558354513,0.6954461489929151,25,20,10
1,5292,0.21164960695296775,7.109139157102815e-08,0.07962534428835766,0.7087249776672828,25,20,10
1,5293,0.2012749896131309,1.624507456124557e-09,0.09129824047384229,0.70742676828852,25,20,10
1,5294,0.16116233261715252,2.1381192102356133e-08,0.16064956494503954,0.6781880810566158,25,20,10
1,5295,0.1594691749533506,5.184393742819175e-07,0.16234018599061567,0.6781901206166591,25,20,10
1,5296,0.12138777289070715,2.799232034574838e-08,0.16002846419513989,0.7185837349218316,25,20,10
1,5297,0.09832010914736813,0.0006578871708740501,0.18213562615086518,0.7188863775308925,25,20,10
1,5298,0.1278264091079523,0.000702661488182596,0.1524327297240965,0.7190381996797695,25,20,10
1,5299,0.18502836078009877,3.1227329486861663e-07,0.0960749877963531,0.7188963391502569,25,20,10
1,5300,0.1223936175370919,2.2334118350891877e-07,0.11899752228134293,0.7586086368403846,25,20,10
1,5301,0.11814893813426205,2.402694058922743e-07,0.17423180478200398,0.7076190168143267,25,20,10
1,5302,0.13526766074616836,5.041049821015331e-07,0.14963033061643347,0.7151015045324174,25,20,10
1,5303,0.12456183205464207,3.0049488001587757e-06,0.1560978540281091,0.7193373089684509,25,20,10
1,5304,0.09977934760025058,2.8405814908217646e-06,0.17616773929596796,0.7240500725222928,25,20,10
1,5305,0.12237019542492943,2.859520465938207e-06,0.1516970250190339,0.725929920035572,25,20,10
1,5306,0.12497043804579104,6.567018042083262e-07,0.14772502429343928,0.7273038809589639,25,20,10
1,5307,0.14691582510055104,2.013991050185061e-05,0.14797471485901761,0.7050893201299308,25,20,10
1,5308,0.12578660396134364,0.0008451037221152864,0.17197336869409122,0.7013949236224505,25,20,10
1,5309,0.1358332432452275,2.0140563616600016e-05,0.11977688341981066,0.7443697327713444,25,20,10
1,5310,0.11423238750203123,2.536792051999839e-08,0.13025584099126916,0.7555117461387814,25,20,10
1,5311,0.14689406788770337,4.44412642558878e-09,0.09413341752148434,0.7589725101466879,25,20,10
1,5312,0.09439097981869365,2.2200736137409993e-06,0.11171328921008258,0.7938935108976111,25,20,10
1,5313,0.08714213445599235,1.9963485209543754e-06,0.1144630858032777,0.7983927833922084,25,20,10
1,5314,0.07537718000314247,0.00027397755743363664,0.14017888217285496,0.7841699602665707,25,20,10
1,5315,0.14347818907603974,0.0007019497964172778,0.07197643455728021,0.7838434265702634,25,20,10
1,5316,0.14223603199670282,0.0007021113359811595,0.05775425728861525,0.7993075993787006,25,20,10
1,5317,0.12142024479649384,0.013648807312364779,0.07231313638449631,0.7926178115066448,25,20,10
1,5318,0.12820337162257153,2.5430410835030415e-06,0.07238265491045112,0.7994114304258946,25,20,10
1,5319,0.12740241197507393,2.5447215160444113e-06,0.07357711829121784,0.799017925012192,25,20,10
1,5320,0.08561728490252478,1.1943474309739914e-06,0.11999500715579962,0.7943865135942468,25,20,10
1,5321,0.10263252032040683,1.461579529547405e-07,0.09935882164716975,0.7980085118744706,25,20,10
1,5322,0.10792361836630676,2.61787638099794e-06,0.09466328065342176,0.7974104831038897,25,20,10
1,5323,0.146740712238383,2.2940101588693325e-06,0.06731959490229204,0.7859373988491646,25,20,10
1,5324,0.14974601775966648,8.450564782151665e-07,0.062066052840653516,0.7881870843432003,25,20,10
1,5325,0.15218050978097952,1.003785407268292e-08,0.06565605090233545,0.7821634292788298,25,20,10
1,5326,0.16626863278527876,4.859889320923733e-09,0.04578525292293863,0.7879461094318931,25,20,10
1,5327,0.14520289506865036,1.5897636133546534e-08,0.09239135992376007,0.762405729109955,25,20,10
1,5328,0.08734685095757748,2.42468628288098e-07,0.15963366501528947,0.7530192415585069,25,20,10
1,5329,0.05444575852869539,2.2786354904271967e-07,0.1866739115587561,0.758880102048999,25,20,10
1,5330,0.09296397176361446,2.868419180608101e-08,0.14975318675351332,0.7572828127986843,25,20,10
1,5331,0.1206704102163306,6.03612264292733e-08,0.12188417157735533,0.7574453578450893,25,20,10
1,5332,0.13226876809932156,1.9471173071225007e-08,0.12057585748573589,0.7471553549437715,25,20,10
1,5333,0.13216159561448979,3.6710503787616363e-09,0.1439732216878964,0.7238651790265646,25,20,10
1,5334,0.11891043137613057,1.9608416181533063e-09,0.15006467200879883,0.7310248946542299,25,20,10
1,5335,0.12638524034368148,2.4928465866144546e-07,0.133628750563457,0.7399857598082025,25,20,10
1,5336,0.15671081450262697,2.753633095175657e-07,0.08972281769607374,0.7535660924379896,25,20,10
1,5337,0.13194186746389314,1.2749321311514362e-05,0.10945959300921437,0.7585857902055818,25,20,10
1,5338,0.12069320946057994,7.961664668013937e-06,0.12468107886319645,0.754617750011557,25,20,10
1,5339,0.12848822400962703,5.271053032673168e-07,0.11212062169180563,0.7593906271932653,25,20,10
1,5340,0.13990956722793524,0.017585554395495286,0.08396391788596702,0.7585409604906016,25,20,10
1,5341,0.17881543617654355,0.03902910245615165,0.024709382882191187,0.7574460784851137,25,20,10
1,5342,0.15038701131343896,0.03872528562014186,0.05206376347222881,0.7588239395941896,25,20,10
1,5343,0.10277181308926644,0.03872555386316473,0.09954628505308069,0.7589563479944903,25,20,10
1,5344,0.1206080160168966,0.03996670579915723,0.12061789816601744,0.7188073800179313,25,20,10
1,5345,0.12111358478592034,0.03993978151219271,0.15067075962813845,0.6882758740737499,25,20,10
1,5346,0.1858633433262299,0.038705344872287877,0.09657346894058488,0.6788578428608986,25,20,10
1,5347,0.19153268071545482,0.024542316508741665,0.10546008368377391,0.6784649190920294,25,20,10
1,5348,0.2077365407369767,0.024542813190098926,0.08897793101275679,0.6787427150601679,25,20,10
1,5349,0.19833601719187136,1.503289751066903e-05,0.12267457329987146,0.6789743766107489,25,20,10
1,5350,0.18544656296111017,1.6744723381321865e-05,0.1354107917844476,0.6791259005310615,25,20,10
1,5351,0.1818701153298071,0.0003075187273406707,0.13975875630860557,0.678063609634249,25,20,10
1,5352,0.11920866464883716,0.0012739073915215737,0.21242216785776885,0.6670952601018731,25,20,10
1,5353,0.19623711311816142,0.038746633112993714,0.09310055229082984,0.6719157014780146,25,20,10
1,5354,0.12220174091055709,0.03999508372175032,0.16458105622280284,0.6732221191448899,25,20,10
1,5355,0.12466445655634527,0.03995113459123254,0.19682251414160937,0.6385618947108138,25,20,10
1,5356,0.16173229609070172,0.0195307754746403,0.18481837127380452,0.6339185571608572,25,20,10
1,5357,0.17930292613540433,0.039950903837290365,0.1413420710957055,0.6394040989316018,25,20,10
1,5358,0.14200776358195377,0.04001459965644169,0.18013352027961663,0.6378441164819894,25,20,10
1,5359,0.16982503769005874,0.03997210003276064,0.15246088332681076,0.6377419789503707,25,20,10
1,5360,0.2256068334822459,0.03999043026483999,0.10330222750183449,0.6311005087510795,25,20,10
1,5361,0.17924434429534394,0.039990437885040656,0.14785216429439665,0.6329130535252184,25,20,10
1,5362,0.20159773445568785,0.012046729778603342,0.15482241281142617,0.6315331229542833,25,20,10
1,5363,0.16141346105552962,0.012112590103321465,0.18817774461856943,0.6382962042225806,25,20,10
1,5364,0.12405375716194461,0.07989111701728607,0.19931092643659304,0.5967441993841779,25,20,10
1,5365,0.17523760389392215,0.049953034149539624,0.171559364598425,0.6032499973581147,25,20,10
1,5366,0.18267777580520478,0.04992892538680262,0.16912922044028214,0.5982640783677128,25,20,10
1,5367,0.2545058695561862,0.051153842200757464,0.14444931927951685,0.5498909689635408,25,20,10
1,5368,0.2772820594614409,0.05115377270842557,0.1219190700727758,0.5496450977573577,25,20,10
1,5369,0.23581396525808807,0.05115526580158148,0.16113705954548346,0.551893709394847,25,20,10
1,5370,0.25962924944134946,0.07985746391816441,0.1081061612611582,0.5524071253793279,25,20,10
1,5371,0.26275126068381366,0.06442178641485702,0.12022141511634318,0.5526055377849869,25,20,10
1,5372,0.23082106943787575,0.07816908641556851,0.13100934960573743,0.5600004945408181,25,20,10
1,5373,0.2594902110641163,0.05349728910808943,0.09844663349084642,0.5885658663369494,25,20,10
1,5374,0.277305592382646,0.0639052982942253,0.07514050051355332,0.5836486088095753,25,20,10
1,5375,0.1625221489694196,0.07762402220349415,0.17054151327627903,0.5893123155508085,25,20,10
1,5376,0.22264665995722369,0.07992775807237171,0.11335275023623974,0.5840728317341665,25,20,10
1,5377,0.24044793528433253,0.05409948481790172,0.11258806816240191,0.5928645117353639,25,20,10
1,5378,0.22747781190945726,0.07988942451061726,0.11196342242071936,0.5806693411592063,25,20,10
1,5379,0.23418038879960856,0.07762943315759147,0.09481537426999526,0.5933748037728058,25,20,10
1,5380,0.1971896460954895,0.04007324273348728,0.1639668940640237,0.5987702171069986,25,20,10
1,5381,0.2218272995694779,0.03997595975980399,0.15072105964500898,0.5874756810257101,25,20,10
1,5382,0.20277694041627745,0.03768383276627752,0.16315857571388825,0.5963806511035579,25,20,10
1,5383,0.21511144594408685,0.03999097596893499,0.15729670406761398,0.5876008740193648,25,20,10
1,5384,0.20393076295640278,0.014255477760838011,0.18920725105775424,0.5926065082250045,25,20,10
1,5385,0.18686511392306696,0.015357682035826296,0.18600650527388013,0.6117706987672286,25,20,10
1,5386,0.18878595360164396,0.0411361467362814,0.13793301297135493,0.6321448866907212,25,20,10
1,5387,0.255843875884051,0.03993956280310348,0.07787222504218311,0.6263443362706622,25,20,10
1,5388,0.2764272096814146,0.039939262080322696,0.05759441250586396,0.6260391157323985,25,20,10
1,5389,0.18837567080940876,0.038732609439948607,0.13446363821007176,0.6384280815405732,25,20,10
1,5390,0.21091285066458137,0.03996181470846883,0.10957314285450943,0.6395521917724405,25,20,10
1,5391,0.23041382365083404,0.03997295075354361,0.09032967973784042,0.6392835458577857,25,20,10
1,5392,0.15756382197560836,0.0402918998812093,0.16304109558420268,0.6391031825589771,25,20,10
1,5393,0.11454123566400864,0.03913364156316767,0.20529434224674298,0.6410307805260796,25,20,10
1,5394,0.12024997177736318,0.03952448960108007,0.2009044994109761,0.6393210392105791,25,20,10
1,5395,0.1602723624451331,0.03897187080407347,0.16355553147738897,0.637200235273405,25,20,10
1,5396,0.16631062100879518,0.03895659458411333,0.1574427475426987,0.6372900368643922,25,20,10
1,5397,0.21395127103017614,0.039939267470704226,0.10723704947553266,0.6388724120235891,25,20,10
1,5398,0.14380840020746083,0.03824853135079876,0.18504242956963332,0.6329006388721045,25,20,10
1,5399,0.1734538270787772,0.062067902616281055,0.13129242850748524,0.6331858417974581,25,20,10
1,5400,0.17793288055947262,0.07991522460213349,0.10281594528608591,0.6393359495523107,25,20,10
1,5401,0.24095167148077265,0.07821791189075085,0.04160805923078463,0.6392223573976927,25,20,10
1,5402,0.17872074342761185,0.07989653331913062,0.1132120994243397,0.6281706238289192,25,20,10
1,5403,0.182975457625752,0.0798919690184032,0.09797252697703594,0.6391600463788101,25,20,10
1,5404,0.16318800976131512,0.07992241067931698,0.12365403899744004,0.6332355405619293,25,20,10
1,5405,0.21064122110110556,0.07872063297748712,0.0710709259988276,0.6395672199225789,25,20,10
1,5406,0.20251887291369586,0.07868311290732652,0.08054839163158749,0.6382496225473911,25,20,10
1,5407,0.2174034730697333,0.07834742307676686,0.06502885488108139,0.6392202489724179,25,20,10
1,5408,0.20750926233359623,0.07989390935101472,0.07348685948133908,0.6391099688340488,25,20,10
1,5409,0.21464238992369924,0.07931724411985246,0.06808785532373526,0.637952510632713,25,20,10
1,5410,0.20790274377333393,0.07992040701124681,0.0710112189387106,0.6411656302767088,25,20,10
1,5411,0.17512934048277606,0.08008353220534893,0.1144018432157079,0.6303852840961686,25,20,10
1,5412,0.1848130688814402,0.07943629230880789,0.09647134048869828,0.6392792983210547,25,20,10
1,5413,0.20376898453359277,0.05934920283914061,0.09859834679197986,0.638283465835288,25,20,10
1,5414,0.19813210005322626,0.07817543100121048,0.08482453024962595,0.6388679386959397,25,20,10
1,5415,0.20110498459688947,0.07818363621570826,0.09215790306161464,0.6285534761257885,25,20,10
1,5416,0.19139748699988168,0.07863613415931399,0.10521446093738816,0.6247519179034182,25,20,10
1,5417,0.15968632937467214,0.07862841060807851,0.13652177645342323,0.6251634835638288,25,20,10
1,5418,0.09577429829226315,0.07991482427634825,0.12558448190855512,0.6987263955228374,25,20,10
1,5419,0.08229346394692737,0.07991795709219879,0.13292038416267482,0.7048681947982007,25,20,10
1,5420,0.07512439525044536,0.07989088281707005,0.12701398112076642,0.7179707408117199,25,20,10
1,5421,0.08927602566292635,0.0799000552181706,0.11240450146430137,0.718419417654606,25,20,10
1,5422,0.08098343750729027,0.0787322038181183,0.08265641404858386,0.7576279446260087,25,20,10
1,5423,0.04551945529491599,0.07871946898762365,0.07667507851932115,0.7990859971981379,25,20,10
1,5424,0.05702689764928207,0.07868265202913438,0.06536919153487018,0.7989212587867133,25,20,10
1,5425,0.05061568559129953,0.07820859250382863,0.07281970918227185,0.7983560127225993,25,20,10
1,5426,0.04082676077203334,0.04242735085263265,0.11800656926146941,0.7987393191138678,25,20,10
1,5427,0.041307353814169535,0.038253946052169786,0.15922667201976132,0.7612120281139032,25,20,10
1,5428,0.04321510819984189,0.021244735194230153,0.191238314909612,0.7443018416963169,25,20,10
1,5429,0.05121574329540187,0.021613896465769653,0.20391300686224725,0.7232573533765838,25,20,10
1,5430,0.04458076992043486,0.0216145346809889,0.18700473225393113,0.7467999631446465,25,20,10
1,5431,0.05099434844441763,0.040310848822268125,0.1603021570625572,0.7483926456707582,25,20,10
1,5432,0.0772812325609812,0.03993116251801096,0.13938663880035457,0.7434009661206534,25,20,10
1,5433,0.0823798873042287,0.039923976369027434,0.12492794462875986,0.7527681916979837,25,20,10
1,5434,0.11684826994339349,0.0399242475059393,0.0837427970833288,0.7594846854673394,25,20,10
1,5435,0.11132110619299267,0.03992348827564183,0.09017347850719033,0.7585819270241778,25,20,10
1,5436,0.14640719394831955,0.014182793578506414,0.08033046159731042,0.7590795508758654,25,20,10
1,5437,0.14110189961707187,0.03991477756240576,0.0672690511076728,0.7517142717128498,25,20,10
1,5438,0.13875204086608595,0.039915064007942064,0.07713307934356592,0.7441998157824062,25,20,10
1,5439,0.12232219359943229,0.039479305042486146,0.0944646734065874,0.7437338279514948,25,20,10
1,5440,0.13686018463579,0.021245052523934903,0.09652414518090927,0.7453706176593674,25,20,10
1,5441,0.15903414075640698,0.021353120582839204,0.06730438001148038,0.7523083586492728,25,20,10
1,5442,0.08592670823623204,0.039962887326552704,0.132107176086761,0.7420032283504593,25,20,10
1,5443,0.084751472081551,0.03996746778821169,0.13294899172816294,0.742332068402076,25,20,10
1,5444,0.10675759847505871,0.040044228986344785,0.14291034873846276,0.710287823800135,25,20,10
1,5445,0.1549440166280644,0.040409595654831224,0.09293254415382693,0.7117138435632785,25,20,10
1,5446,0.12997590317490879,0.04040961023961984,0.11072643945635884,0.7188880471291141,25,20,10
1,5447,0.170100421589489,0.03874836545721947,0.07151049422486838,0.7196407187284225,25,20,10
1,5448,0.16458924437009054,0.039957862468393085,0.07680719955325536,0.7186456936082607,25,20,10
1,5449,0.16392253400252801,0.039949862878372884,0.0976933029429744,0.698434300176126,25,20,10
1,5450,0.18465505327909365,0.03994854456526585,0.05628650120266765,0.7191099009529723,25,20,10
1,5451,0.1648012578053793,0.03942009444852889,0.08749625505039249,0.7082823926957009,25,20,10
1,5452,0.14946181112889764,0.039420657950712326,0.1031608992245868,0.7079566316958064,25,20,10
1,5453,0.10537484167770969,0.039509479202691454,0.14786552975238698,0.7072501493672145,25,20,10
1,5454,0.12238283269348883,0.03822632079623243,0.12089734696354103,0.7184934995467426,25,20,10
1,5455,0.09225590516012407,0.03823543332568246,0.1496505317299525,0.7198581297842429,25,20,10
1,5456,0.13419551141551772,0.039130002618856644,0.1081509997878468,0.7185234861777797,25,20,10
1,5457,0.09938879994263894,0.039130343837871256,0.1421952046813962,0.7192856515380944,25,20,10
1,5458,0.12217947737289862,0.0399238028802614,0.1190808804239484,0.7188158393228932,25,20,10
1,5459,0.14399631415684522,0.038236019025956317,0.0983523950778464,0.7194152717393532,25,20,10
1,5460,0.12364741742326676,0.038239604663878,0.11892234534374921,0.7191906325691074,25,20,10
1,5461,0.1985087772835711,0.038234683884533965,0.04461926490668399,0.7186372739252107,25,20,10
1,5462,0.19030784318060198,0.03823470654398618,0.05182157917285582,0.719635871102556,25,20,10
1,5463,0.15213655563851347,0.03994616602988723,0.09348201345570152,0.7144352648758995,25,20,10
1,5464,0.11648453403466695,0.039945609531094106,0.11589174970640718,0.7276781067278325,25,20,10
1,5465,0.14786391593187526,0.036731894702456046,0.0877135015563522,0.727690687809317,25,20,10
1,5466,0.15944510104649864,0.03996901604901188,0.07689585153563765,0.723690031368852,25,20,10
1,5467,0.15914624492947982,0.03992764548262749,0.06689753073454228,0.7340285788533508,25,20,10
1,5468,0.16019667034464777,0.03717098104311723,0.048321225822582185,0.7543111227896534,25,20,10
1,5469,0.10112756088614444,0.03995548500349197,0.10040983514412405,0.7585071189662419,25,20,10
1,5470,0.09669857307216896,0.039951206141498476,0.10462529478590682,0.7587249260004272,25,20,10
1,5471,0.06351524184165268,0.04034828957522639,0.18978166607997896,0.706354802503141,25,20,10
1,5472,0.06095758958813662,0.0403560466968696,0.18121996265763837,0.7174664010573553,25,20,10
1,5473,0.07972963813715066,0.04049319307900378,0.1719015490952851,0.7078756196885597,25,20,10
1,5474,0.08063739330550825,0.03894872809548873,0.17275535415506402,0.7076585244439408,25,20,10
1,5475,0.08132265843596917,0.03997042808885078,0.16724157583142926,0.7114653376437522,25,20,10
1,5476,0.08720116149357876,0.0399320178408053,0.15297952587199595,0.7198872947936198,25,20,10
1,5477,0.12517015439023796,0.03995266509727017,0.1241991491829233,0.7106780313295729,25,20,10
1,5478,0.09134231073943898,0.039954245747272264,0.11772595508775582,0.7509774884255362,25,20,10
1,5479,0.10338027880494793,0.03825776728126713,0.10100765418297453,0.7573542997308121,25,20,10
1,5480,0.08462281830897242,0.03825892216784015,0.11758048962301469,0.7595377699001742,25,20,10
1,5481,0.044389516972944146,0.039947165899374075,0.2222241966945166,0.6934391204331654,25,20,10
1,5482,0.10131193959176142,0.05080091092732175,0.1130658126380457,0.7348213368428708,25,20,10
1,5483,0.11060711969291924,0.05819902612708747,0.09609056837428452,0.7351032858057114,25,20,10
1,5484,0.11264460025777988,0.07992266326675904,0.08832782090487129,0.7191049155705916,25,20,10
1,5485,0.06730916683754691,0.07869079573647793,0.13449187429498002,0.7195081631309974,25,20,10
1,5486,0.07069107619886437,0.07869230417706284,0.11092399492599492,0.7396926246980786,25,20,10
1,5487,0.06492130183962048,0.06324411914168676,0.12359783828983362,0.74823674072886,25,20,10
1,5488,0.08091450672533415,0.07932955578902161,0.0970479756916197,0.7427079617940248,25,20,10
1,5489,0.11719804293612959,0.07992429908092462,0.06074116518719225,0.7421364927957534,25,20,10
1,5490,0.07198444323494345,0.07933055388515607,0.10570596059054899,0.7429790422893544,25,20,10
1,5491,0.08490652470453952,0.07933220033873048,0.07684818839861336,0.7589130865581157,25,20,10
1,5492,0.07558312298273445,0.05413527619703839,0.11194967595574214,0.7583319248644864,25,20,10
1,5493,0.05777991081474136,0.05412096178818042,0.14015919682068304,0.7479399305763963,25,20,10
1,5494,0.08076917061598579,0.07990415224355836,0.0986965415859984,0.7406301355544577,25,20,10
1,5495,0.07938193465707549,0.07997851460479506,0.09230094217969481,0.7483386085584333,25,20,10
1,5496,0.0804297961489082,0.054225582743677815,0.10650167462596517,0.7588429464814471,25,20,10
1,5497,0.0803537793487405,0.08003240885392472,0.07995784146919922,0.7596559703281356,25,20,10
1,5498,0.040548280786365264,0.08003241033291669,0.11988882080318383,0.7595304880775334,25,20,10
1,5499,0.04033428881890015,0.05419868616964172,0.16026066624608165,0.7452063587653774,25,20,10
1,5500,0.06183055233285943,0.02833208503613679,0.16483407946354078,0.745003283167463,25,20,10
1,5501,0.03764494202944747,0.05309958265768113,0.1568880358430565,0.7523674394698174,25,20,10
1,5502,0.04300280944041646,0.0776090658652628,0.12092331361254598,0.7584648110817753,25,20,10
1,5503,0.0701022856038278,0.07766353305869453,0.0983299205604978,0.7539042607769795,25,20,10
1,5504,0.10955730091857203,0.07766353520836897,0.05877839806429844,0.7540007658087606,25,20,10
1,5505,0.13987858430959635,0.0644634265491027,0.08729247502176334,0.7083655141195383,25,20,10
1,5506,0.1004989309439761,0.06447640117449675,0.20602695637739718,0.6289977115041301,25,20,10
1,5507,0.11302990254952833,0.07899525766682533,0.15668243115281907,0.6512924086308292,25,20,10
1,5508,0.0753428889702399,0.07998988564334562,0.181840711839533,0.6628265135468845,25,20,10
1,5509,0.1039587293406207,0.07583942819884155,0.1032797244528232,0.7169221180077174,25,20,10
1,5510,0.13487161356122557,0.07567410468353498,0.07722644082894188,0.7122278409262972,25,20,10
1,5511,0.12425301350642093,0.07567416137222131,0.08120488563106519,0.7188679394902923,25,20,10
1,5512,0.11300908300169912,0.0745081676934342,0.09339083990184431,0.7190919094030213,25,20,10
1,5513,0.1755014452993538,0.07705909220944672,0.02879569644818031,0.7186437660430187,25,20,10
1,5514,0.19514230912857833,0.07700203851078187,0.014509856490158962,0.7133457958704811,25,20,10
1,5515,0.15714332747112428,0.07869694958792621,0.0500833112436955,0.714076411697254,25,20,10
1,5516,0.16346754595699337,0.05413343635697829,0.06430816213565178,0.7180908555503756,25,20,10
1,5517,0.17630020450956288,0.0799080986613236,0.040019830763018585,0.7037718660660947,25,20,10
1,5518,0.16291527886736382,0.07987642475547396,0.05681289787190796,0.7003953985052541,25,20,10
1,5519,0.19428597052379615,0.07739612659841898,0.02297585198314538,0.7053420508946394,25,20,10
1,5520,0.1990495879618585,0.07908613919889035,0.01045619465637841,0.711408078182873,25,20,10
1,5521,0.16855784195627904,0.05410776408370106,0.05792467426142812,0.7194097196985925,25,20,10
1,5522,0.10798876268625893,0.07984755396952932,0.09305461003123773,0.7191090733129787,25,20,10
1,5523,0.14395282328699,0.03995959889559864,0.10883378040830863,0.7072537974091057,25,20,10
1,5524,0.13614353212494487,0.039959619278007806,0.10618606291131918,0.7177107856857282,25,20,10
1,5525,0.17568946640548627,0.03873859352548744,0.06734215729004159,0.7182297827789845,25,20,10
1,5526,0.17737655367393895,0.07822512748753634,0.030509038962594746,0.7138892798759303,25,20,10
1,5527,0.0982712985219695,0.03995466223987924,0.15287079646450732,0.708903242773646,25,20,10
1,5528,0.0746027241608911,0.03995466148260297,0.18354209522149453,0.7019005191350115,25,20,10
1,5529,0.07854427986175072,0.03823037723897429,0.1643906624857151,0.7188346804135622,25,20,10
1,5530,0.04451248261216163,0.038467180360593656,0.19801902884192576,0.719001308185318,25,20,10
1,5531,0.07408164033203803,0.03997172379866342,0.16775208644577155,0.7181945494235279,25,20,10
1,5532,0.09710408441732547,0.011239109570853705,0.17186941855883514,0.7197873874529859,25,20,10
1,5533,0.07048025485377511,0.03874094757992482,0.18311492379896116,0.7076638737673384,25,20,10
1,5534,0.08567396775740833,0.03876479621180665,0.16866755255698634,0.706893683473797,25,20,10
1,5535,0.10393872580744494,0.03992349683340592,0.14917620072826573,0.7069615766308844,25,20,10
1,5536,0.07390006974750103,0.039923583652833765,0.16731746946494905,0.7188588771347197,25,20,10
1,5537,0.07989240304618696,0.038219902045930704,0.16706731648023457,0.7148203784276501,25,20,10
1,5538,0.09054006274594288,0.03821925979577443,0.15629483888411128,0.7149458385741735,25,20,10
1,5539,0.13185660238312566,0.011232463935611635,0.13803634987498145,0.7188745838062844,25,20,10
1,5540,0.17185755627600327,0.011263996053170681,0.09811643211607723,0.7187620155547486,25,20,10
1,5541,0.14089425707716496,0.011263996013976808,0.14436781772396998,0.7034739291848886,25,20,10
1,5542,0.15422728519203438,0.03870631671255278,0.058065364074913445,0.7490010340204992,25,20,10
1,5543,0.13483076969144916,0.038698502583229835,0.06816478798385656,0.7583059397414651,25,20,10
1,5544,0.12083410391109826,0.03826823712510021,0.08225759170504368,0.7586400672587581,25,20,10
1,5545,0.12751624410560602,0.039990001176040915,0.07363525020900004,0.7588585045093533,25,20,10
1,5546,0.10449541997120823,0.0399760698357291,0.09696531393364523,0.7585631962594174,25,20,10
1,5547,0.0989560763526815,0.03873921649011112,0.10384421182840936,0.7584604953287988,25,20,10
1,5548,0.09782956274919752,0.03873865270434518,0.10484845120297587,0.7585833333434836,25,20,10
1,5549,0.05564725868730638,0.04004759655434617,0.14578866751630812,0.7585164772420433,25,20,10
1,5550,0.067090847978582,0.039914518266894405,0.09470474671447793,0.7982898870400473,25,20,10
1,5551,0.056347071890770505,0.039915808181568896,0.10476893978065954,0.798968180147,25,20,10
1,5552,0.06002100711327943,0.03997621833361343,0.10137748080343352,0.7986252937496768,25,20,10
1,5553,0.06019741363809939,0.039977932732502955,0.10181820115121921,0.7980064524781799,25,20,10
1,5554,0.06067107919053916,0.03998216221554124,0.13837029920294472,0.760976459390976,25,20,10
1,5555,0.07848168770695642,0.039960171176029916,0.12323539097920982,0.7583227501378047,25,20,10
1,5556,0.07684587248344521,0.038147118034156866,0.12820463920245873,0.7568023702799394,25,20,10
1,5557,0.11618489309300317,0.03992061299266472,0.08801595547489237,0.7558785384394391,25,20,10
1,5558,0.1316182138436793,0.0010727489259352132,0.1495485704306259,0.7177604667997619,25,20,10
1,5559,0.10672659895694188,0.024180426943791078,0.1513270901809698,0.7177658839182977,25,20,10
1,5560,0.12083083670175626,0.03997295957593875,0.16488556341554003,0.6743106403067664,25,20,10
1,5561,0.14441576224796882,0.03997109638465263,0.15533027727640744,0.660282864090973,25,20,10
1,5562,0.1536609520995441,0.03997109156071143,0.13613614671820312,0.6702318096215428,25,20,10
1,5563,0.19794764343235358,0.0399379537566211,0.0838314416267284,0.6782829611842973,25,20,10
1,5564,0.2374384209588457,0.039937746269534655,0.0442375977698405,0.6783862350017786,25,20,10
1,5565,0.19433575681464332,0.03993795698359203,0.08435452027053428,0.6813717659312323,25,20,10
1,5566,0.21894670402674,0.0399715040041478,0.07180401359031849,0.669277778378794,25,20,10
1,5567,0.26097006401117545,0.03996901451285327,0.02847742463569755,0.670583496840274,25,20,10
1,5568,0.27286145833007475,0.03995537351307423,0.007763549031752878,0.6794196191250989,25,20,10
1,5569,0.2380495640449318,0.039955376028561564,0.04256201591117919,0.6794330440153282,25,20,10
1,5570,0.23450420038257053,0.03875868404559883,0.060169361526865785,0.6665677540449657,25,20,10
1,5571,0.26594207629533895,0.039955104137665516,0.02626115051958698,0.6678416690474092,25,20,10
1,5572,0.25974053889953913,0.039955070341958644,0.021149820306398698,0.6791545704521036,25,20,10
1,5573,0.22921661162359144,0.03995509995310189,0.057541715547087334,0.67328657287622,25,20,10
1,5574,0.2112171341891627,0.03825956437971472,0.08280103285137827,0.667722268579745,25,20,10
1,5575,0.227474645727743,0.03993984405856001,0.06107896561957645,0.6715065445941206,25,20,10
1,5576,0.2644016742208017,0.03825758019522591,0.03370532003507037,0.6636354255489022,25,20,10
1,5577,0.23857861631210608,0.000311780674404986,0.12272411617731072,0.6383854868361817,25,20,10
1,5578,0.18861361842081503,0.0003141300680513482,0.20344838968275117,0.6076238618283838,25,20,10
1,5579,0.16759056277101408,8.644257055492383e-05,0.23285886197500663,0.5994641326834249,25,20,10
1,5580,0.15640616012175143,0.0007898599930901809,0.24849045822549368,0.5943135216596649,25,20,10
1,5581,0.18265217389107807,0.00025931079076632087,0.21767086038848446,0.599417654929671,25,20,10
1,5582,0.21809656691769358,7.33032267761802e-05,0.18225041381596246,0.5995797160395704,25,20,10
1,5583,0.3211367898117048,1.1817462087599996e-05,0.07958892284077296,0.5992624698854356,25,20,10
1,5584,0.3672268070917541,1.1496876881423284e-08,0.03292310320392128,0.5998500782074481,25,20,10
1,5585,0.35112782044623003,3.515858171820252e-08,0.055388692532052204,0.5934834518631363,25,20,10
1,5586,0.31948742067132363,1.1170310515243333e-09,0.09511657370016388,0.5853960045114823,25,20,10
1,5587,0.24010019741970529,6.296421199077986e-05,0.16143645553972671,0.5984003828285787,25,20,10
1,5588,0.24647657203538378,6.383615386635395e-05,0.1607826258266541,0.5926769659840952,25,20,10
1,5589,0.31013418378992513,6.297857084370387e-05,0.15591683565117104,0.5338860019880635,25,20,10
1,5590,0.29325702602729053,6.298716828866618e-05,0.15513815323334174,0.5515418335710828,25,20,10
1,5591,0.299538576633666,1.2528942335565574e-06,0.13793884152869235,0.5625213289434092,25,20,10
1,5592,0.3548769616004171,2.680356962461979e-07,0.08249183898048158,0.5626309313834053,25,20,10
1,5593,0.2673377064868182,2.6656251887531307e-05,0.18759125280630756,0.5450443844549895,25,20,10
1,5594,0.2715719889727934,3.692743359540849e-07,0.18321016799971182,0.5452174737531589,25,20,10
1,5595,0.24734835486347298,2.2783694795698634e-06,0.2119472178360613,0.5407021489309877,25,20,10
1,5596,0.2104885335127903,7.852026312619683e-07,0.23111557664900378,0.5583951046355755,25,20,10
1,5597,0.21209422315404727,1.3460572139531207e-06,0.22942715375711564,0.558477277031624,25,20,10
1,5598,0.26030995574336724,5.932230146907907e-07,0.18660828000804242,0.5530811710255781,25,20,10
1,5599,0.3176725782010337,4.773733882067895e-07,0.1290194441630119,0.5533075002625671,25,20,10
1,5600,0.3595814177808393,2.7525933408508156e-07,0.08123253186723796,0.5591857750925887,25,20,10
1,5601,0.3925010219301616,2.0954971202217152e-07,0.048966795627233425,0.558531972892893,25,20,10
1,5602,0.42578420687933155,4.322614948508529e-08,0.04962000622798825,0.5245957436665307,25,20,10
1,5603,0.3553126153688057,2.64623514062108e-07,0.12031287781923043,0.5243742421884519,25,20,10
1,5604,0.3174345704875167,0.00041968542853087375,0.20721249871108058,0.47493324537287046,25,20,10
1,5605,0.32185537260700864,0.00041976716354812343,0.19166473791824262,0.48606012231120105,25,20,10
1,5606,0.23337807979695152,0.0004453583077907252,0.2587657011641997,0.50741086073106,25,20,10
1,5607,0.1879877601578874,0.0004450750532450689,0.29830534513884527,0.5132618196500217,25,20,10
1,5608,0.14112026144985645,2.5889930037899537e-05,0.32528495798758045,0.5335688906325265,25,20,10
1,5609,0.1810752877626247,2.829327289228619e-05,0.30042955722069453,0.5184668617437881,25,20,10
1,5610,0.2273838939191124,5.725286480222154e-06,0.2537015264555226,0.5189088543388855,25,20,10
1,5611,0.20983493733304345,0.000532370532497414,0.2709186157606962,0.5187140763737611,25,20,10
1,5612,0.26116105198098866,3.470550811916752e-07,0.22658543740804815,0.5122531635558789,25,20,10
1,5613,0.21342538499032307,1.4092384704515848e-06,0.2726555155397024,0.5139176902315017,25,20,10
1,5614,0.2484070482977734,1.516091011269216e-05,0.23210359935313518,0.5194741914389817,25,20,10
1,5615,0.2605903813944538,1.614322569501884e-05,0.22020680207527096,0.5191866733045801,25,20,10
1,5616,0.24087951702346955,9.982074729471175e-07,0.24556459318542795,0.5135548915836305,25,20,10
1,5617,0.2676676135713106,1.0323531255070303e-05,0.2192469706338656,0.5130750922635704,25,20,10
1,5618,0.32838321087110117,1.6009765572055886e-06,0.15900723280040224,0.5126079553519391,25,20,10
1,5619,0.28105872433319407,2.0729048321255353e-07,0.19975482334453262,0.519186245031792,25,20,10
1,5620,0.25059789967594254,1.3013353186287023e-06,0.2310291912300867,0.5183716077586515,25,20,10
1,5621,0.32199746392551376,0.00013562396356733974,0.20149634521861817,0.4763705668923018,25,20,10
1,5622,0.3386066387587393,2.9098783090025876e-08,0.17758864489727205,0.483804687245206,25,20,10
1,5623,0.3333423205114606,3.5939696655109875e-07,0.18318044284201465,0.48347687724955984,25,20,10
1,5624,0.3005780984587451,0.00011521913773820146,0.20932019609009359,0.4899864863134213,25,20,10
1,5625,0.31790078307097064,9.73906727800402e-05,0.1223347142827996,0.5596671119734513,25,20,10
1,5626,0.23870328089694648,9.713003966386273e-05,0.19717553333414503,0.5640240557292439,25,20,10
1,5627,0.2745353526621949,2.2832435463352656e-06,0.16636115152685563,0.5591012125674054,25,20,10
1,5628,0.28498700549875516,9.25097017073587e-06,0.1527595815933174,0.5622441619377584,25,20,10
1,5629,0.3404606717848754,7.230566020064848e-07,0.10180447550139754,0.5577341296571269,25,20,10
1,5630,0.31006869449770086,1.0072268277100454e-06,0.15901074391660877,0.5309195543588635,25,20,10
1,5631,0.33579402746293596,6.900891400511028e-07,0.14507526614101218,0.5191300163069128,25,20,10
1,5632,0.2996696036452636,7.331516842037843e-08,0.18158095034182797,0.518749372697743,25,20,10
1,5633,0.25945896296496984,1.0942629748858405e-05,0.221006350738864,0.5195237436664192,25,20,10
1,5634,0.2405922024343236,1.4473957542515019e-05,0.2404631967663274,0.5189301268418073,25,20,10
1,5635,0.285400530060743,2.568248398593726e-06,0.1554017687399533,0.5591951329509067,25,20,10
1,5636,0.2499921973583511,1.3513132598067787e-05,0.1793379614205579,0.5706563280884958,25,20,10
1,5637,0.2400465743020154,1.7894807561325752e-07,0.17070757845118303,0.5892456682987273,25,20,10
1,5638,0.2919724431502778,7.953607270680258e-06,0.10757423286887301,0.6004453703735784,25,20,10
1,5639,0.21622892942408864,8.039256559982322e-06,0.15726914279878115,0.6264938885205725,25,20,10
1,5640,0.19831776125870526,2.8544728688498504e-06,0.17573244727133663,0.6259469369970897,25,20,10
1,5641,0.221383343472006,7.519699366402192e-07,0.18047490949161163,0.5981409950664458,25,20,10
1,5642,0.2811915905979053,1.086244981996262e-05,0.11394952233596424,0.6048480246163096,25,20,10
1,5643,0.2874593427444966,2.2812139076090933e-05,0.11162734556057848,0.6008904995558502,25,20,10
1,5644,0.24313429422303895,1.4937096770872292e-05,0.15859955150825156,0.5982512171719412,25,20,10
1,5645,0.24757694060481114,3.980499882866253e-05,0.15283103768588432,0.5995522167104781,25,20,10
1,5646,0.19008576044564107,6.809742375723265e-07,0.24693600673161747,0.5629775518485041,25,20,10
1,5647,0.09620909460230873,4.509880226691655e-07,0.3389703826550712,0.5648200717545947,25,20,10
1,5648,0.17340616634407624,1.2371053090096307e-05,0.26787791831451185,0.5587035442883197,25,20,10
1,5649,0.19377989968359735,7.148317796300291e-06,0.24675966927023119,0.5594532827283732,25,20,10
1,5650,0.19351693950617357,5.556402796461304e-07,0.25988925435969895,0.5465932504938453,25,20,10
1,5651,0.19009832074692823,0.0007771780738487301,0.24709654448452337,0.562027956694698,25,20,10
1,5652,0.19504812342436634,6.817549282962704e-07,0.2384786617149031,0.566472533105803,25,20,10
1,5653,0.16192542939183352,1.6416649839374103e-06,0.27913093638786035,0.5589419925553221,25,20,10
1,5654,0.1694254680506391,4.701471362542076e-07,0.23688998086392488,0.5936840809383014,25,20,10
1,5655,0.24161252317037515,4.851001998557391e-07,0.17059514334426878,0.5877918483851591,25,20,10
1,5656,0.2546809229670278,3.8361150307046015e-07,0.15089011057896543,0.594428582842507,25,20,10
1,5657,0.23036698049057125,0.0011644568046327369,0.17324177787452505,0.5952267848302741,25,20,10
1,5658,0.1598758936786675,0.0011931008925763207,0.25092241290752093,0.5880085925212343,25,20,10
1,5659,0.24114160423611752,7.468112713847708e-08,0.1705541611688451,0.5883041599139107,25,20,10
1,5660,0.20732293654320447,2.5951319337643337e-07,0.1935010691436437,0.5991757347999606,25,20,10
1,5661,0.22537359969083606,3.2250495896049557e-07,0.18926562951645068,0.5853604482877572,25,20,10
1,5662,0.19937903800233617,7.199881760833695e-08,0.20173559490050014,0.5988852950983502,25,20,10
1,5663,0.22090181317609964,2.810587630983202e-07,0.17958852113522922,0.5995093846299089,25,20,10
1,5664,0.17193525252388664,4.3240976206120434e-08,0.2230769867447137,0.6049877174904235,25,20,10
1,5665,0.204642025139155,1.1970343215734065e-08,0.1964981288548915,0.5988598340356133,25,20,10
1,5666,0.15695425028310878,1.443936051967259e-05,0.2441123597759596,0.598918950580411,25,20,10
1,5667,0.18836827124276984,0.0033710281377011225,0.2522557254079125,0.5560049752116165,25,20,10
1,5668,0.22597310485025493,1.1028237397963079e-07,0.20271617173433906,0.5713106131330337,25,20,10
1,5669,0.20084862599573594,1.7550620238588095e-07,0.22060700327997515,0.5785441952180901,25,20,10
1,5670,0.15329437520627676,3.152587932840285e-07,0.2914429324857189,0.555262377049208,25,20,10
1,5671,0.1985542502498814,1.5109025278418543e-08,0.24521571672942138,0.5562300179116701,25,20,10
1,5672,0.21272551477841709,3.16687713704725e-07,0.22476346473682665,0.5625107037970435,25,20,10
1,5673,0.2903819987979551,5.95148686095156e-07,0.1496664462957976,0.5599509597575641,25,20,10
1,5674,0.30415120809042706,2.1103565962993076e-05,0.1492011942944779,0.5466264940491338,25,20,10
1,5675,0.3128844064118488,2.083743745338721e-05,0.180433294500507,0.5066614616501935,25,20,10
1,5676,0.33296313685416457,1.5842195030202364e-05,0.15435265348725385,0.5126683674635539,25,20,10
1,5677,0.2904220209619275,7.1661067180831345e-06,0.2047865014082374,0.5047843115231171,25,20,10
1,5678,0.282307904886022,1.051095401543976e-05,0.21289311898353752,0.5047884651764256,25,20,10
1,5679,0.28760196708312835,0.0011695606827417141,0.17103570910498125,0.5401927631291507,25,20,10
1,5680,0.26923833227254834,0.0015825797468582404,0.18486657538759446,0.5443125125930006,25,20,10
1,5681,0.29309443464229057,0.0006458259797099308,0.170042222031631,0.5362175173463694,25,20,10
1,5682,0.30322425226882144,1.9424972328008112e-07,0.14121522056409427,0.5555603329173632,25,20,10
1,5683,0.27950312718825054,4.635450125563633e-08,0.16769573762835338,0.5528010888288969,25,20,10
1,5684,0.2208813868775126,1.2186052436154885e-05,0.18368998586979646,0.5954164412002548,25,20,10
1,5685,0.2067324865763549,1.4932476059182774e-05,0.20945604423730313,0.5837965367102846,25,20,10
1,5686,0.19260685294062824,0.02418454921785835,0.24109843817619758,0.5421101596653155,25,20,10
1,5687,0.21049528570015583,0.03995255142265729,0.2114144979556728,0.5381376649215129,25,20,10
1,5688,0.28365320254715515,0.03997695938556348,0.12781247142235744,0.5485573666449249,25,20,10
1,5689,0.27350524068150495,0.038802711937245736,0.12848653052412837,0.5592055168571206,25,20,10
1,5690,0.25476746282359986,0.04012436889681308,0.14398896754789697,0.5611192007316907,25,20,10
1,5691,0.23019650666704855,0.0400833031090071,0.17107062360938385,0.5586495666145633,25,20,10
1,5692,0.2205978949558369,0.04000236230988973,0.18157075280773097,0.5578289899265436,25,20,10
1,5693,0.2367283772601043,0.039977266959892094,0.1663630471819711,0.5569313085980334,25,20,10
1,5694,0.2643020467999832,0.03834197052150869,0.13938461266131827,0.5579713700171901,25,20,10
1,5695,0.2756423275783544,0.03882667605080474,0.098916688547286,0.5866143078235546,25,20,10
1,5696,0.2778630893441307,0.03997118156772786,0.09498784646904034,0.5871778826191011,25,20,10
1,5697,0.2332912882441636,0.03994554622446786,0.12839055416265469,0.598372611368717,25,20,10
1,5698,0.3009239204721832,0.038706992732078775,0.062702192335304,0.5976668944604336,25,20,10
1,5699,0.26584583938549666,7.309139751811069e-06,0.13622654484736393,0.5979203066273885,25,20,10
1,5700,0.24924532960833037,4.114811085136497e-05,0.15364885612718038,0.5970646661536404,25,20,10
1,5701,0.26851335559171224,0.0005902935472923491,0.13066375652978385,0.6002325943312113,25,20,10
1,5702,0.28327035925828126,1.883078235198562e-05,0.07952379674979371,0.6371870132095723,25,20,10
1,5703,0.24980709628455972,0.03674088164676031,0.07483256749046072,0.6386194545782193,25,20,10
1,5704,0.19549584356612382,0.03820329008691485,0.13311705249138556,0.6331838138555795,25,20,10
1,5705,0.2297256670811793,0.03820328029811744,0.09258237627215136,0.6394886763485533,25,20,10
1,5706,0.2653219612935621,0.03820425805583099,0.06773241133880004,0.6287413693118066,25,20,10
1,5707,0.2652774372766206,0.03995019523634911,0.05569807164786649,0.6390742958391639,25,20,10
1,5708,0.299510001863779,0.0399814774926987,0.02146390348062721,0.6390446171628956,25,20,10
1,5709,0.20932836533226723,0.03999533789179252,0.11091608236474379,0.6397602144111973,25,20,10
1,5710,0.20153234567041578,0.039985260669961,0.11975249306779605,0.6387299005918293,25,20,10
1,5711,0.16280177596556014,0.03997774186679436,0.1322704409083107,0.6649500412593379,25,20,10
1,5712,0.1677990150978966,0.039993836715802394,0.11318641423651982,0.6790207339497826,25,20,10
1,5713,0.21395439685543582,0.040462303192396326,0.065891195147618,0.6796921048045508,25,20,10
1,5714,0.1994742553110923,0.039952924853197284,0.0813374934876943,0.6792353263480179,25,20,10
1,5715,0.1765115433020312,0.03995302573755592,0.10579992499519532,0.6777355059652191,25,20,10
1,5716,0.1179279131721625,0.03991282960204945,0.16350648529041809,0.6786527719353682,25,20,10
1,5717,0.1162107436623212,0.03873388039734224,0.165521080428436,0.6795342955119021,25,20,10
1,5718,0.10737849077818332,0.040511645579976704,0.1371647195710473,0.7149451440707963,25,20,10
1,5719,0.14159634289477094,0.03997477268638948,0.09729352085697453,0.7211353635618678,25,20,10
1,5720,0.15791099486920243,0.039974338282390144,0.09505742691970949,0.7070572399286981,25,20,10
1,5721,0.15577375878551064,0.03997417561934559,0.09116337139383265,0.7130886942013123,25,20,10
1,5722,0.1756396990246096,0.040053344629672416,0.07604074753741036,0.708266208808307,25,20,10
1,5723,0.1875710311964272,0.039952986427735725,0.05314181653934741,0.71933416583649,25,20,10
1,5724,0.18162053101146508,0.039538863123433556,0.06596414358109239,0.7128764622840081,25,20,10
1,5725,0.19146753794066068,0.03994086588773329,0.05020442973539718,0.7183871664362093,25,20,10
1,5726,0.1754080733871476,0.03994110938872335,0.06545529933190349,0.7191955178922249,25,20,10
1,5727,0.15804886310004723,0.039338308078873244,0.08974064293843725,0.7128721858826423,25,20,10
1,5728,0.15665950660519726,0.0050511294132868124,0.11939316129697199,0.7188962026845459,25,20,10
1,5729,0.18956661554753798,6.657540342447893e-08,0.09226041466621603,0.7181729032108458,25,20,10
1,5730,0.23601933788315052,3.770577782793138e-06,0.05907459954881556,0.7049022919902506,25,20,10
1,5731,0.20164282595178137,2.1173158083966056e-06,0.07964444173272893,0.7187106149996813,25,20,10
1,5732,0.1641244256735868,1.2062865620872604e-06,0.11705221295030731,0.7188221550895448,25,20,10
1,5733,0.21792038210493028,6.882529178992922e-08,0.08212703528465073,0.6999525137851279,25,20,10
1,5734,0.1515378164787631,8.411930899861273e-05,0.15410214360149208,0.6942759206107497,25,20,10
1,5735,0.14558259676092175,1.0845814782863237e-06,0.15103407615281694,0.7033822425047833,25,20,10
1,5736,0.22047907465266797,4.498514571523461e-07,0.06082404609470618,0.7186964294011675,25,20,10
1,5737,0.18715706717741667,3.311904250881514e-05,0.09412052995226539,0.7186892838278091,25,20,10
1,5738,0.1813234812971005,3.3080006190156625e-05,0.10005455158230726,0.7185888871144016,25,20,10
1,5739,0.15407594505882816,3.3778214287884374e-05,0.1625603024224917,0.6833299743043938,25,20,10
1,5740,0.16138531596369574,7.598679362719627e-06,0.15611406692131452,0.6824930184356292,25,20,10
1,5741,0.1614873043022197,6.494468281754866e-08,0.159594365712881,0.6789182650402192,25,20,10
1,5742,0.11075595241025774,0.02054821574561068,0.18950644837835134,0.6791893834657828,25,20,10
1,5743,0.1793791067700905,0.020554238747495263,0.13220830971598907,0.6678583447664288,25,20,10
1,5744,0.13514006692907848,0.023086491657158946,0.1842386365941999,0.6575348048195644,25,20,10
1,5745,0.13207849229520505,0.039941728186419966,0.1593476679383337,0.6686321115800453,25,20,10
1,5746,0.16475953037341662,3.347906258660704e-07,0.15375142700476832,0.6814887078311928,25,20,10
1,5747,0.15626948215248193,4.831530167345513e-07,0.16194099178589624,0.6817890429086049,25,20,10
1,5748,0.18807562252224627,1.7141978429073148e-07,0.13638514028397775,0.6755390657739925,25,20,10
1,5749,0.2034613558434942,1.6065858766105935e-05,0.11533105168063329,0.6811915266171042,25,20,10
1,5750,0.20498360972474278,3.443574317531717e-05,0.12039698993953635,0.6745849645925449,25,20,10
1,5751,0.167034441222886,1.6017086543999614e-05,0.15844872378194558,0.6745008179086256,25,20,10
1,5752,0.18584444252610488,1.583719387278947e-05,0.13487782480150906,0.6792618954785148,25,20,10
1,5753,0.21853961338904668,0.01798411572598473,0.08501072292422444,0.6784655479607455,25,20,10
1,5754,0.19424788277380844,0.01796804297309975,0.10888380206104921,0.6789002721920453,25,20,10
1,5755,0.19340522209458,0.0399445569658093,0.08814757758772628,0.6785026433518863,25,20,10
1,5756,0.1995486524470459,0.03939585785751891,0.12525707974004907,0.6357984099553902,25,20,10
1,5757,0.19634669563161514,0.03914466111548326,0.13481826054994078,0.6296903827029661,25,20,10
1,5758,0.1584633986696505,0.04038259005612901,0.1742075269038753,0.6269464843703438,25,20,10
1,5759,0.18266929797587153,0.039865926574588297,0.1873031634499989,0.5901616119995401,25,20,10
1,5760,0.22280412000171754,0.014144512056863628,0.17948695852203655,0.5835644094193824,25,20,10
1,5761,0.22855814985708933,0.014145245942469022,0.1650555305124804,0.5922410736879609,25,20,10
1,5762,0.22706854481339372,0.03998400814016197,0.14076902371765077,0.5921784233287952,25,20,10
1,5763,0.265530299994723,0.03997810252407909,0.09617700525039324,0.5983145922308059,25,20,10
1,5764,0.19208070139427844,0.04749743136088624,0.16290233823179912,0.5975195290130376,25,20,10
1,5765,0.14122597241821344,0.07874969518328942,0.17194879096880386,0.6080755414296943,25,20,10
1,5766,0.16316051748537586,0.0769632126048727,0.1706940258111861,0.5891822440985657,25,20,10
1,5767,0.1396658330048225,0.03914429965929236,0.18114847178062965,0.6400413955552554,25,20,10
1,5768,0.15226404119521467,0.03992182631232146,0.21877165445583224,0.5890424780366331,25,20,10
1,5769,0.12747737439140988,0.039997088660284195,0.23311196302261486,0.5994135739256893,25,20,10
1,5770,0.11159863669901458,0.040720398391692544,0.2483769867535921,0.5993039781556999,25,20,10
1,5771,0.13794218670476144,0.040695137161091965,0.22263279322905558,0.5987298829050917,25,20,10
1,5772,0.16067146087103115,0.04020231687898906,0.20080161450396036,0.5983246077460187,25,20,10
1,5773,0.17562975359185093,0.011241161072190548,0.22595734024677466,0.587171745089184,25,20,10
1,5774,0.14639122147401815,0.03994248178481543,0.22593562553739482,0.5877306712037724,25,20,10
1,5775,0.19792281972788775,0.03825905598191414,0.21295634956554046,0.5508617747246606,25,20,10
1,5776,0.25203261910220925,0.039939624249707435,0.12080226160559752,0.587225495042486,25,20,10
1,5777,0.19057633236147015,0.039985757118194985,0.13078961293637012,0.6386482975839667,25,20,10
1,5778,0.225744534174273,0.04000253651026159,0.09559078693538123,0.6386621423800862,25,20,10
1,5779,0.23249015658654737,0.04096274730370717,0.09284868635108368,0.6336984097586658,25,20,10
1,5780,0.1834527187705323,0.03980460566980307,0.13838786022891647,0.6383548153307523,25,20,10
1,5781,0.21416388399194683,0.038727515740507645,0.10488650467654406,0.6422220955910067,25,20,10
1,5782,0.21352163591758472,0.03889313778728093,0.10932397170822858,0.638261254586907,25,20,10
1,5783,0.222332790245196,0.038727483089680416,0.10526967880226788,0.6336700478628576,25,20,10
1,5784,0.19055208984999994,0.01002976516991552,0.15997271726681464,0.639445427713271,25,20,10
1,5785,0.28615947033439904,0.03995458255897876,0.03566232836908944,0.6382236187375326,25,20,10
1,5786,0.24142725346922553,0.03995463206018945,0.08546830655810664,0.6331498079124804,25,20,10
1,5787,0.28189062468062404,0.039954840180100606,0.03880240351850459,0.6393521316207704,25,20,10
1,5788,0.2503231275799703,0.03995564909583586,0.07045671107377927,0.6392645122504139,25,20,10
1,5789,0.21354466577161776,0.001947747210735887,0.1452053980009872,0.6393021890166604,25,20,10
1,5790,0.2170785098243293,0.0019479934686070094,0.14772914521167183,0.6332443514953909,25,20,10
1,5791,0.19885176989722267,3.1302582759295004e-06,0.16166909341229285,0.6394760064322076,25,20,10
1,5792,0.20578459936610133,4.377092770928719e-08,0.15525046779722435,0.6389648890657476,25,20,10
1,5793,0.16881222195149548,3.103451722320355e-09,0.19175720772223365,0.6394305672228199,25,20,10
1,5794,0.16358769846584262,3.871515787504755e-07,0.2040024446553867,0.632409469727192,25,20,10
1,5795,0.1848254988138941,8.230714808347781e-05,0.18019456557563845,0.6348976284623847,25,20,10
1,5796,0.2156528006248874,5.477466993414922e-05,0.14306064156485676,0.6412317831403231,25,20,10
1,5797,0.2046373719636412,0.03949397585758201,0.1177845928219742,0.6380840593568039,25,20,10
1,5798,0.1811453201343466,0.014222687490840389,0.16623690631114355,0.6383950860636688,25,20,10
1,5799,0.10338843390084998,0.03995958243767384,0.21796339665691075,0.6386885870045657,25,20,10
1,5800,0.2338496787945231,0.010038135385595861,0.14082860181119977,0.6152835840086833,25,20,10
1,5801,0.2037936309623377,0.039949296434162125,0.1289725163771562,0.6272845562263459,25,20,10
1,5802,0.11178546859781174,0.039955226181407615,0.24831236484796368,0.5999469403728108,25,20,10
1,5803,0.15571355751852867,0.039946026171077856,0.24417419677772279,0.5601662195326721,25,20,10
1,5804,0.20079234892234887,0.03994578446039661,0.1674160848865659,0.591845781730687,25,20,10
1,5805,0.16761183252862566,0.03816005436345473,0.18888476931453976,0.6053433437933798,25,20,10
1,5806,0.16497508926961746,0.03816004940607253,0.23025994967491098,0.5666049116494013,25,20,10
1,5807,0.16368681018510728,0.03936546912145321,0.23678844262054569,0.560159278072895,25,20,10
1,5808,0.13704322356310575,0.03936386245865644,0.2642572069764577,0.5593357070017778,25,20,10
1,5809,0.09417155381357781,0.03935357919492929,0.307140094813537,0.5593347721779541,25,20,10
1,5810,0.08257621856409607,0.01123053509487016,0.3185839022244985,0.5876093441165334,25,20,10
1,5811,0.12975241127793358,0.03995440823671942,0.2317174597507289,0.5985757207346207,25,20,10
1,5812,0.15373211931071692,0.0387478496549627,0.17587258401660794,0.6316474470177138,25,20,10
1,5813,0.12876712514907532,0.03993158012162547,0.1974178946400495,0.6338834000892547,25,20,10
1,5814,0.16927217377758874,0.03996275800986173,0.15207746640099012,0.6386876018115617,25,20,10
1,5815,0.16965232348888726,0.014150043414874563,0.1776861874149124,0.6385114456813263,25,20,10
1,5816,0.14230338753865068,0.0400508483861639,0.1466238924772206,0.671021871597968,25,20,10
1,5817,0.19375355287626733,0.03990930229920028,0.0854796366380657,0.680857508186469,25,20,10
1,5818,0.13260328384230233,0.039987374342605145,0.1680078648749504,0.6594014769401406,25,20,10
1,5819,0.11767846380186803,0.0379896391301032,0.16374986086283866,0.6805820362051906,25,20,10
1,5820,0.10565909427560914,0.039924726034094145,0.2119463644886268,0.6424698152016708,25,20,10
1,5821,0.0782445578956771,0.011241423919187971,0.2711851408843636,0.6393288773007698,25,20,10
1,5822,0.08285923992726162,0.0758513259861844,0.21149219987697734,0.6297972342095784,25,20,10
1,5823,0.08231761183234974,0.054095750448048985,0.2346606034147743,0.6289260343048265,25,20,10
1,5824,0.08617069815548756,0.05409734385237894,0.23128780816049194,0.628444149831646,25,20,10
1,5825,0.1453549682405878,0.07994121630396375,0.14653505938984726,0.6281687560656039,25,20,10
1,5826,0.17831070905176016,0.07980115085201449,0.11367192546247143,0.6282162146337563,25,20,10
1,5827,0.11506949634993853,0.0797710234216811,0.17846445907492123,0.6266950211534599,25,20,10
1,5828,0.19226069610423316,0.0797969229549627,0.09255298822388026,0.635389392716925,25,20,10
1,5829,0.1955193402320745,0.08010141243785801,0.0894886176924446,0.6348906296376253,25,20,10
1,5830,0.18378454999336494,0.05197385146030561,0.16494607054347785,0.5992955280028517,25,20,10
1,5831,0.1828623076633237,0.051958169499929784,0.1622432920218748,0.602936230814871,25,20,10
1,5832,0.19061826903503779,0.05888203175866488,0.15269069939163368,0.5978089998146658,25,20,10
1,5833,0.17314838243416697,0.07869458529017513,0.1645999548997681,0.5835570773758905,25,20,10
1,5834,0.2303993231846667,0.07869036457395297,0.10534811407207552,0.5855621981693058,25,20,10
1,5835,0.19308048407924466,0.05118311811131287,0.16534300112619982,0.590393396683243,25,20,10
1,5836,0.19610750857134604,0.0610417352621877,0.14860287271787495,0.5942478834485938,25,20,10
1,5837,0.1687150752473686,0.05904567898588308,0.17335719896252974,0.5988820468042192,25,20,10
1,5838,0.1817882257490269,0.06111103867099654,0.1641249385833046,0.5929757969966731,25,20,10
1,5839,0.21975157272750961,0.07985750086619335,0.10112295794784533,0.5992679684584538,25,20,10
1,5840,0.17763144074232984,0.07870220899669937,0.14447501906104737,0.5991913311999274,25,20,10
1,5841,0.16451811233892483,0.06168815639527914,0.18150813730870966,0.5922855939570868,25,20,10
1,5842,0.1399765674572696,0.04081888673679775,0.2405472111847279,0.5786573346212047,25,20,10
1,5843,0.09188212871358273,0.038620814143213236,0.23735151772287597,0.6321455394203266,25,20,10
1,5844,0.08901572289445951,0.03860600669791058,0.2294843621785246,0.6428939082291045,25,20,10
1,5845,0.12504094956821346,0.03773695329549936,0.19441278714152513,0.6428093099947592,25,20,10
1,5846,0.13844692030086755,0.0781987445535594,0.1406666400355096,0.642687695110066,25,20,10
1,5847,0.14982091935767847,0.07932082995124769,0.13245580008165572,0.6384024506094207,25,20,10
1,5848,0.092050870323381,0.07992311753830245,0.15568509411644058,0.6723409180218782,25,20,10
1,5849,0.15594119508814133,0.0786505962519532,0.08640735355376378,0.679000855106142,25,20,10
1,5850,0.16385878080339772,0.0794830364384293,0.07800317127968603,0.6786550114784867,25,20,10
1,5851,0.19529432025952886,0.061281369004317424,0.06431114822139829,0.6791131625147553,25,20,10
1,5852,0.17577165171684087,0.038636216113897934,0.10687243728520368,0.6787196948840564,25,20,10
1,5853,0.12205084232011053,0.03873139354914891,0.16088957759964648,0.678328186531095,25,20,10
1,5854,0.16329130422012017,0.04001871756958382,0.11551182356232545,0.6811781546479712,25,20,10
1,5855,0.11175224543010048,0.03992739300716885,0.16938412008287784,0.6789362414798522,25,20,10
1,5856,0.09848699929577051,0.039954603040745364,0.18826532685658673,0.673293070806897,25,20,10
1,5857,0.2229327586083038,0.039954576084844,0.05786432571204526,0.6792483395948071,25,20,10
1,5858,0.18833769041855739,0.03823288320461462,0.09437998891681447,0.6790494374600168,25,20,10
1,5859,0.16924301336692846,0.03993048309114935,0.12581814544399386,0.6650083580979296,25,20,10
1,5860,0.18160955383426597,0.03999504029156416,0.10522666248071597,0.6731687433934581,25,20,10
1,5861,0.17943029516809117,0.03993065593681715,0.11261159058712501,0.668027458307968,25,20,10
1,5862,0.19856964739675154,0.03995584275015431,0.09805156482255879,0.6634229450305358,25,20,10
1,5863,0.16249014730457212,0.03996316116235415,0.11848376496227055,0.679062926570803,25,20,10
1,5864,0.17913978090910113,0.039955230926349096,0.10805415893384977,0.6728508292307045,25,20,10
1,5865,0.15138086687290075,0.03870152914691935,0.13972828004237944,0.6701893239378012,25,20,10
1,5866,0.13165368045301315,0.03904849984790676,0.12128229952783512,0.7080155201712465,25,20,10
1,5867,0.13196711998036914,0.039500499909088986,0.08082851156281447,0.7477038685477285,25,20,10
1,5868,0.11628340978365781,0.039533544077468744,0.106463366144061,0.7377196799948141,25,20,10
1,5869,0.12190878113083091,0.03949860739106989,0.09195607151160823,0.74663653996649,25,20,10
1,5870,0.10758794970146862,0.03974451693752481,0.14188332063481812,0.7107842127261894,25,20,10
1,5871,0.1237087589014568,0.03974439959866084,0.11136119309450661,0.7251856484053754,25,20,10
1,5872,0.14092416812453196,0.0397442325329255,0.06157536118568105,0.757756238156861,25,20,10
1,5873,0.15034315495940784,0.04562951320864651,0.04512486688969398,0.7589024649422512,25,20,10
1,5874,0.0958842075668274,0.04035175377261658,0.11635223254316018,0.7474118061174012,25,20,10
1,5875,0.11906531479733254,0.038219863606758914,0.09422164530815866,0.7484931762877514,25,20,10
1,5876,0.1452601893411952,0.039349682162557464,0.05725164564600293,0.7581384828502438,25,20,10
1,5877,0.155476827545026,0.03934968685954926,0.0479536110770335,0.7572198745183902,25,20,10
1,5878,0.15582546563310032,0.03872329114425933,0.0462558777260327,0.7591953654966076,25,20,10
1,5879,0.1788067872117069,0.038723037036318145,0.0631331003164935,0.7193370754354811,25,20,10
1,5880,0.11988414047258977,0.03872308346755174,0.12638517279676514,0.7150076032630962,25,20,10
1,5881,0.09760217589367373,0.03872301768607081,0.14184171668268056,0.7218330897375779,25,20,10
1,5882,0.16377340836625995,0.03994587636280055,0.08158715105924559,0.7146935642116954,25,20,10
1,5883,0.17143481173690048,0.03994614670529415,0.1454151662577254,0.6432038753000799,25,20,10
1,5884,0.22195282746881154,0.03995272993728133,0.09457413868566662,0.6435203039082404,25,20,10
1,5885,0.23651178063242317,0.03994594802206821,0.08896280452298427,0.6345794668225286,25,20,10
1,5886,0.1942649720816078,0.011229770780413905,0.13236568810459898,0.6621395690333821,25,20,10
1,5887,0.19735413726191212,0.0399392632660302,0.09431724254072262,0.6683893569313377,25,20,10
1,5888,0.16029063288679318,0.0799116988806741,0.1091752932497466,0.6506223749827875,25,20,10
1,5889,0.11966906894411794,0.0798889647788589,0.12214146683232341,0.6783004994447016,25,20,10
1,5890,0.11843115111543362,0.07872077777411784,0.12341099133964248,0.679437079770807,25,20,10
1,5891,0.13280827521339075,0.05340473884815282,0.13864286425953712,0.6751441216789231,25,20,10
1,5892,0.10532154011924146,0.05413036324191944,0.18035277422329588,0.6601953224155445,25,20,10
1,5893,0.10658766605139436,0.079904765661266,0.16850248174133292,0.6450050865460071,25,20,10
1,5894,0.14125403820074192,0.05117577711210533,0.163602059613509,0.6439681250736475,25,20,10
1,5895,0.17650865672839744,0.079935998529608,0.10534998087381889,0.6382053638681771,25,20,10
1,5896,0.1647619640391501,0.07990261910582952,0.11833301333306012,0.6370024035219604,25,20,10
1,5897,0.16920401027898763,0.0786910381496933,0.07113449241878472,0.6809704591525336,25,20,10
1,5898,0.16656061793622307,0.07988599123854503,0.07444138883105561,0.6791120019941753,25,20,10
1,5899,0.16024769853938411,0.052282132536747225,0.10887156969868247,0.67859859922519,25,20,10
1,5900,0.1661834835303041,0.08103420190195436,0.07986884169380454,0.6729134728739364,25,20,10
1,5901,0.15476222058758743,0.03944078990410575,0.16639807830374673,0.6393989112045565,25,20,10
1,5902,0.12922678745145272,0.039933920089449175,0.19154391390194825,0.6392953785571492,25,20,10
1,5903,0.08962782839994043,0.04050585099574367,0.24907770024089435,0.6207886203634229,25,20,10
1,5904,0.11855656456713072,0.040608453397678906,0.19819932405168195,0.6426356579835089,25,20,10
1,5905,0.12856804113711232,0.040070021107685934,0.20213146021490708,0.629230477540297,25,20,10
1,5906,0.1250195605392254,0.03999416918979812,0.1912187537183442,0.6437675165526322,25,20,10
1,5907,0.1883476418090264,0.038260067082309265,0.13483132995646951,0.6385609611521944,25,20,10
1,5908,0.21595978160375556,0.03826006157887917,0.10317140444930374,0.6426087523680615,25,20,10
1,5909,0.1993544113696399,0.038260103211952175,0.12499212665988776,0.6373933587585211,25,20,10
1,5910,0.2256841673228215,0.03933252593509122,0.1076416256205953,0.6273416811214934,25,20,10
1,5911,0.17658594666095445,0.0399988543823342,0.14189598772299583,0.6415192112337169,25,20,10
1,5912,0.14446263963961048,0.03992434442656858,0.17967124810104523,0.6359417678327774,25,20,10
1,5913,0.19500778050752687,0.03992444070981494,0.12329651731697477,0.6417712614656856,25,20,10
1,5914,0.2254496558343266,0.03992435466421871,0.06647527822694735,0.6681507112745071,25,20,10
1,5915,0.15580696089487975,0.03825958758045596,0.1380832889237048,0.6678501626009615,25,20,10
1,5916,0.08582559732877243,0.038259636328503877,0.207687518244857,0.6682272480978682,25,20,10
1,5917,0.03171547281003881,0.0018006384635212223,0.3019847330064923,0.6644991557199469,25,20,10
1,5918,0.13074227306630581,0.0008154827572076849,0.19009505575471788,0.6783471884217707,25,20,10
1,5919,0.15277633129202198,2.7203175761908945e-07,0.16798853417540374,0.6792348625008189,25,20,10
1,5920,0.23442079058183934,9.306052219393854e-06,0.09010752193163558,0.6754623814343051,25,20,10
1,5921,0.25252030187995017,1.977921198313159e-05,0.06833802985822439,0.679121889049843,25,20,10
1,5922,0.22521138015811065,0.00038701352717770775,0.09359982321383717,0.6808017831008759,25,20,10
1,5923,0.23479505730122824,0.0003854745198501483,0.08574459092854275,0.6790748772503794,25,20,10
1,5924,0.20871024812106806,7.948799505644295e-06,0.11239419458113073,0.678887608498297,25,20,10
1,5925,0.23361858862427695,7.933911596507173e-06,0.0880621179475713,0.6783113595165555,25,20,10
1,5926,0.22530717832986588,0.0004089963400261545,0.10165909851466928,0.6726247268154418,25,20,10
1,5927,0.19364743027218115,0.00040560271010081986,0.1334734144145944,0.6724735526031241,25,20,10
1,5928,0.17559693996390804,0.00040518549717437845,0.1451876121050231,0.678810262433894,25,20,10
1,5929,0.22204866035496276,1.6126782877197478e-05,0.09562240717170387,0.682312805690458,25,20,10
1,5930,0.21632294854005799,4.306978683641998e-05,0.10487418278388726,0.6787597988892203,25,20,10
1,5931,0.15596316833668755,0.0006994371597361638,0.16421604092233008,0.6791213535812504,25,20,10
1,5932,0.15607885860481394,3.5965865255936157e-06,0.16563105845029708,0.6782864863583628,25,20,10
1,5933,0.18996139098455816,6.7599920961636855e-06,0.12263837036214767,0.687393478661201,25,20,10
1,5934,0.1693273670445092,4.351245879781889e-06,0.15132013657220567,0.6793481451374075,25,20,10
1,5935,0.16104427542254998,2.438749498586008e-07,0.1745870809308414,0.6643683997716582,25,20,10
1,5936,0.1258066088789268,8.264687572756908e-05,0.1950877698043041,0.6790229744410415,25,20,10
1,5937,0.12271111756259837,8.150016012889742e-05,0.19817183509974767,0.6790355471775249,25,20,10
1,5938,0.14841130057866067,8.929828605980318e-05,0.2091006372675005,0.6423987638677758,25,20,10
1,5939,0.20755192494608554,7.70265312218645e-05,0.15328251363576847,0.6390885348869285,25,20,10
1,5940,0.1915528629042505,7.70002047464905e-05,0.16899114081379943,0.6393789960772029,25,20,10
1,5941,0.1999797233742061,1.903575397579466e-05,0.1603952569279341,0.6396059839438862,25,20,10
1,5942,0.14437959698548894,2.8241492739679123e-05,0.22397592530420604,0.6316162362175635,25,20,10
1,5943,0.19513879852639082,1.2087683658673426e-05,0.16798942425189792,0.6368596895380508,25,20,10
1,5944,0.16254490651703965,8.693076893974295e-07,0.15875350111006759,0.678700723065204,25,20,10
1,5945,0.19912116777244562,8.687982354596351e-07,0.12305466675416671,0.6778232966751516,25,20,10
1,5946,0.21556055069620916,2.3816555273596414e-07,0.10837333249421623,0.6760658786440245,25,20,10
1,5947,0.2200206404755485,2.9087023528615173e-07,0.10321636615725488,0.676762702496964,25,20,10
1,5948,0.2266572394121959,0.0004844804322781727,0.09244416566900908,0.6804141144865191,25,20,10
1,5949,0.15949610954289256,1.9702060273413626e-05,0.17494338779436108,0.665540800602472,25,20,10
1,5950,0.10039029979342683,2.659439575878931e-05,0.21851024268639446,0.6810728631244181,25,20,10
1,5951,0.12287004833954114,0.00038041365914108586,0.21208822114228645,0.6646613168590302,25,20,10
1,5952,0.1328781070849065,1.192738240700687e-06,0.20790706195053563,0.659213638226315,25,20,10
1,5953,0.21172396306230976,8.232439648045372e-07,0.11685715019386217,0.6714180634998616,25,20,10
1,5954,0.21645335951129108,5.761788032870192e-07,0.11576464131159016,0.6677814229983136,25,20,10
1,5955,0.21242174669499783,1.6431541133412675e-06,0.10841785963191584,0.6791587505189726,25,20,10
1,5956,0.19804344647663094,1.6890383540070416e-06,0.12265456209865964,0.679300302386356,25,20,10
1,5957,0.1497402128173178,2.0543582990904602e-05,0.16879377925176264,0.6814454643479294,25,20,10
1,5958,0.15698101558023228,2.0830693457524197e-05,0.17484653553111135,0.6681516181951989,25,20,10
1,5959,0.08920615458411316,2.0657218838473586e-05,0.22773368880951333,0.6830394993875345,25,20,10
1,5960,0.14297160453406482,8.946587774873714e-06,0.17807629697745989,0.6789431519006984,25,20,10
1,5961,0.14855201464940257,0.0013809330969817232,0.1483290409195761,0.7017380113340422,25,20,10
1,5962,0.13651566481602875,0.0013876582183842841,0.1493880724204864,0.7127086045451009,25,20,10
1,5963,0.11491323341809329,0.0003361894569543481,0.16871454990896662,0.7160360272159862,25,20,10
1,5964,0.11574341701626971,0.0003359385194119286,0.16265640917229107,0.7212642352920282,25,20,10
1,5965,0.165027432206851,2.99571526287031e-07,0.11119462007554319,0.7237776481460805,25,20,10
1,5966,0.1634358372210312,6.414481976418305e-07,0.10921113962371211,0.7273523817070583,25,20,10
1,5967,0.14278644431704246,1.5645300180432227e-08,0.10363476624232398,0.7535787737953369,25,20,10
1,5968,0.17866544792743755,7.231060550134039e-08,0.061934333819078195,0.7594001459428792,25,20,10
1,5969,0.1637576347805657,7.317814974905688e-06,0.07690588257112768,0.7593291648333321,25,20,10
1,5970,0.14687864551767044,4.167063629604076e-10,0.10784815140386744,0.7452732026617557,25,20,10
1,5971,0.18937692008070978,4.0924021859631965e-06,0.0842635579027948,0.7263554296143095,25,20,10
1,5972,0.17893277042985523,5.621712304076703e-09,0.08665130197789343,0.7344159219705388,25,20,10
1,5973,0.20048732136708694,7.893578767751856e-10,0.040181463111655075,0.7593312147319001,25,20,10
1,5974,0.1233505726676999,1.2935838996479778e-06,0.11772669645650179,0.758921437291901,25,20,10
1,5975,0.1535457321534249,1.2970738415098284e-06,0.12440646964503528,0.722046501127701,25,20,10
1,5976,0.1234625107504532,2.7475329028988494e-06,0.15718046664607518,0.7193542750705708,25,20,10
1,5977,0.1230840542530081,0.014669739422902658,0.14287225228427236,0.7193739540398183,25,20,10
1,5978,0.1244166294823465,0.039924313341807245,0.12281765837718357,0.712841398798663,25,20,10
1,5979,0.1787028081459852,0.024283601002159535,0.09736265854841913,0.6996509323034354,25,20,10
1,5980,0.13701401572804478,0.02455543773122161,0.14351567014369654,0.6949148763970389,25,20,10
1,5981,0.10693105665837019,0.038734876156938054,0.1743734082556368,0.6799606589290553,25,20,10
1,5982,0.1287840537753912,0.03992428801533629,0.12296173740024147,0.708329920809032,25,20,10
1,5983,0.1493500857482575,0.03995449317345299,0.13666249853003168,0.6740329225482593,25,20,10
1,5984,0.1780044656208089,0.039944028842562165,0.10140195601629219,0.6806495495203364,25,20,10
1,5985,0.17428851352867292,0.03994403946449122,0.10711759144860912,0.6786498555582269,25,20,10
1,5986,0.16798681538998725,0.0399452773481707,0.15158447584180368,0.6404834314200407,25,20,10
1,5987,0.17249600919027505,0.03999938845153414,0.1439523112763948,0.6435522910817966,25,20,10
1,5988,0.16664142084923822,0.039399498961157166,0.15143144872392728,0.6425276314656777,25,20,10
1,5989,0.18587092736869107,0.039399479615135416,0.1428632961571141,0.631866296859059,25,20,10
1,5990,0.2134212333750475,0.039345817958871813,0.10891115857425104,0.638321790091829,25,20,10
1,5991,0.19632787385870512,0.040283498547380565,0.12564991609959736,0.6377387114943164,25,20,10
1,5992,0.23103385837020007,0.03995635158471676,0.09642620381798128,0.632583586227105,25,20,10
1,5993,0.234673505400052,0.03952941365729668,0.08670661305751776,0.6390904678851349,25,20,10
1,5994,0.23972307228452863,0.039529220789917524,0.08583431165084962,0.6349133952747065,25,20,10
1,5995,0.19916777639042998,0.039997524096195475,0.12745511470276802,0.6333795848106082,25,20,10
1,5996,0.18262970624036912,0.03996042405110797,0.1382659210609247,0.6391439486476019,25,20,10
1,5997,0.21012473884023428,0.03995547275073837,0.11127729827342323,0.6386424901356056,25,20,10
1,5998,0.2043259204211135,0.03995589606840266,0.14516164331705475,0.6105565401934296,25,20,10
1,5999,0.20426541864608502,0.07991416630268904,0.07707030114526181,0.6387501139059651,25,20,10
1,6000,0.17928078575383022,0.07991316193682219,0.07184178117983633,0.6689642711295118,25,20,10
1,6001,0.19460865972902613,0.07988528517551974,0.05162677166986035,0.673879283425595,25,20,10
1,6002,0.17375605564387991,0.07993659031972059,0.1259690131411314,0.6203383408952703,25,20,10
1,6003,0.156326713212756,0.054136951099310514,0.15719002383350553,0.632346311854431,25,20,10
1,6004,0.18159042020049243,0.07820649189052599,0.10730924325158225,0.6328938446573992,25,20,10
1,6005,0.15705645870730325,0.07989968238367862,0.12389005129797416,0.6391538076110432,25,20,10
1,6006,0.11256501449178699,0.0799626098871768,0.16829278022968486,0.6391795953913509,25,20,10
1,6007,0.11858536575577147,0.07978538934489904,0.13312760440146706,0.6685016404978633,25,20,10
1,6008,0.06938481623555373,0.08000031391944848,0.1762775762959808,0.6743372935490156,25,20,10
1,6009,0.10897832732098084,0.022373106930506325,0.18940195335816853,0.6792466123903467,25,20,10
1,6010,0.08623051367457192,0.051171944354257405,0.2340757797251824,0.6285217622459869,25,20,10
1,6011,0.11649095842067743,0.022480379994456318,0.22177808496331383,0.639250576621553,25,20,10
1,6012,0.11193238994008312,0.0801327393275813,0.16924548344529708,0.6386893872870429,25,20,10
1,6013,0.1527754921223662,0.07991065205771097,0.12866264511624548,0.6386512107036793,25,20,10
1,6014,0.15029220319755446,0.07993947088758867,0.1305908000689401,0.6391775258459186,25,20,10
1,6015,0.16264134992011747,0.0777858494368071,0.12044554500264247,0.6391272556404339,25,20,10
1,6016,0.1864584550496271,0.07814951155307324,0.12007268507189865,0.6153193483254027,25,20,10
1,6017,0.19006340511793962,0.0781495338590826,0.13219114226777046,0.5995959187552073,25,20,10
1,6018,0.19577320486394162,0.07816976949072597,0.13759793464189396,0.5884590910034406,25,20,10
1,6019,0.1300127446536888,0.04938956285569441,0.22101066440975461,0.5995870280808645,25,20,10
1,6020,0.12355690208445509,0.05068636649508776,0.24035052244322588,0.5854062089772321,25,20,10
1,6021,0.08635573469682671,0.05065248000127172,0.2842263355578979,0.578765449744004,25,20,10
1,6022,0.11272637526570639,0.07949019481782418,0.21019322758245862,0.5975902023340103,25,20,10
1,6023,0.12454884645621533,0.03908468203047856,0.24270422133781722,0.5936622501754889,25,20,10
1,6024,0.11624127784848921,0.02459250481347456,0.2646330495614573,0.5945331677765763,25,20,10
1,6025,0.11748313509377929,0.039450477048222424,0.24536678929368552,0.597699598564312,25,20,10
1,6026,0.08956502894717286,0.03885602978605487,0.2791233072922831,0.5924556339744893,25,20,10
1,6027,0.11250489643635797,0.07883485823997492,0.21015692907224956,0.5985033162514151,25,20,10
1,6028,0.05770350967638832,0.08046584717312559,0.26180035003927793,0.6000302931112053,25,20,10
1,6029,0.061370359126974694,0.07870859460701063,0.23129198187324565,0.6286290643927668,25,20,10
1,6030,0.06955706803497926,0.1098236063190496,0.2021436633225539,0.6184756623234164,25,20,10
1,6031,0.08638695922369276,0.12007978915904184,0.18288927452417,0.6106439770930958,25,20,10
1,6032,0.0860459983007363,0.12071303263359423,0.16785403068019408,0.6253869383854781,25,20,10
1,6033,0.07844439172511188,0.11818351214266791,0.16162919191574107,0.6417429042164768,25,20,10
1,6034,0.09005573933415464,0.11812674998708583,0.12346857406060728,0.6683489366181544,25,20,10
1,6035,0.09597580884997886,0.11865014890943942,0.07949895456558846,0.7058750876749934,25,20,10
1,6036,0.08263075605513244,0.07737468161299736,0.13080606683702242,0.7091884954948475,25,20,10
1,6037,0.0485377073619413,0.1367571185350501,0.10598895572558588,0.7087162183774228,25,20,10
1,6038,0.07682882726789791,0.15584208862751156,0.049578020164580315,0.7177510639400101,25,20,10
1,6039,0.04772071585855397,0.11611725192579357,0.14308227080623706,0.6930797614094172,25,20,10
1,6040,0.058672983482181404,0.09990736289277764,0.16773009656004997,0.6736895570649887,25,20,10
1,6041,0.09782179751610698,0.07904754252115073,0.15031248138465553,0.6728181785780876,25,20,10
1,6042,0.10143949766661108,0.05981434173043044,0.2105953474488759,0.6281508131540838,25,20,10
1,6043,0.12349330006722518,0.04576863904127352,0.1959976599963352,0.6347404008951664,25,20,10
1,6044,0.13781650051668035,0.03246787151181599,0.15141519898102618,0.6783004289904805,25,20,10
1,6045,0.15472637600185146,0.07950355577927178,0.08851811266339228,0.677251955555485,25,20,10
1,6046,0.13739455993503602,0.03954190217395899,0.13734356982016582,0.6857199680708426,25,20,10
1,6047,0.11098735498849857,0.039609650705233146,0.1364115884545506,0.7129914058517199,25,20,10
1,6048,0.08218943909927633,0.03954562334607269,0.15651035433777027,0.721754583216882,25,20,10
1,6049,0.04582850275610251,0.03954681212313949,0.19223914054869584,0.7223855445720632,25,20,10
1,6050,0.04209776649703668,0.06231353721782701,0.17678202722920422,0.7188066690559354,25,20,10
1,6051,0.08057937550625095,0.0794803402459811,0.11878461931632969,0.7211556649314399,25,20,10
1,6052,0.08170544728352942,0.05162673379288865,0.16672947803778726,0.6999383408857953,25,20,10
1,6053,0.07994113072842418,0.07859605938039264,0.1364529930889197,0.7050098168022642,25,20,10
1,6054,0.04742499210737724,0.07904839223305005,0.1596045969935478,0.7139220186660279,25,20,10
1,6055,0.04220125560619447,0.07987865451022054,0.17100877131639428,0.7069113185671908,25,20,10
1,6056,0.05087066801258028,0.07987894192433516,0.11404536213480482,0.7552050279282796,25,20,10
1,6057,0.04405433952880648,0.07948313468636181,0.11264234582154783,0.7638201799632841,25,20,10
1,6058,0.03695929492289302,0.0395355459173374,0.13239531290644949,0.7911098462533218,25,20,10
1,6059,0.032766391948937254,0.04000517961141391,0.12853503068935446,0.7986933977502972,25,20,10
1,6060,0.07256568103688527,0.03992634819296615,0.08863049189781433,0.7988774788723352,25,20,10
1,6061,0.08773601714705044,0.03992347958436464,0.07348551270764901,0.7988549905609363,25,20,10
1,6062,0.09840604782606796,0.0399437785523373,0.06835663983520968,0.7932935337863835,25,20,10
1,6063,0.09767418872879123,0.021231917467789886,0.0883422309567525,0.7927516628466674,25,20,10
1,6064,0.08061066718253825,0.021231907600525856,0.11313692465113342,0.785020500565803,25,20,10
1,6065,0.0818141934197591,0.021231937122953376,0.09855569761145935,0.798398171845827,25,20,10
1,6066,0.04756362721354103,0.024533584092165425,0.1299399291547851,0.797962859539509,25,20,10
1,6067,0.0822850377588783,0.039955153107781485,0.09279629037496287,0.7849635187583784,25,20,10
1,6068,0.06793361058477508,0.0002841378270310843,0.16971277422119052,0.7620694773670026,25,20,10
1,6069,0.10217969451213417,3.1413262907111395e-07,0.1370073002007085,0.760812691154531,25,20,10
1,6070,0.09408826323780849,6.226734569802089e-08,0.10976304936987166,0.7961486251249764,25,20,10
1,6071,0.12645544259424685,0.00010851382312663499,0.05055372130837371,0.8228823222742524,25,20,10
1,6072,0.15302262473004977,0.00010850238323348192,0.0184788080508566,0.8283900648358595,25,20,10
1,6073,0.15541808914406854,1.0181208269031481e-05,0.027206298575201363,0.8173654310724617,25,20,10
1,6074,0.0959332776881228,1.0671778730393873e-06,0.08250731772495895,0.8215583374090456,25,20,10
1,6075,0.06382113861645876,4.12022167103813e-05,0.09844088078647723,0.8376967783803555,25,20,10
1,6076,0.08635213156587493,4.4607807354151674e-05,0.0932438350582227,0.8203594255685469,25,20,10
1,6077,0.09897960474346788,0.03874222886890226,0.04156617246434038,0.8207119939232883,25,20,10
1,6078,0.07719775805642298,0.03874225003536692,0.06547380515858131,0.8185861867496277,25,20,10
1,6079,0.08431857678191937,4.517335557269404e-08,0.06723713352422775,0.8484442445204964,25,20,10
1,6080,0.08343488442563243,3.851808365875705e-08,0.066804652360028,0.8497604246962548,25,20,10
1,6081,0.115700784707728,4.609357233404704e-08,0.046004393178562475,0.838294776020136,25,20,10
1,6082,0.11858899127021973,2.8118738791849473e-08,0.05453205603077995,0.8268789245802598,25,20,10
1,6083,0.09237143351216806,0.0021481412911824936,0.0778847200813201,0.8275957051153283,25,20,10
1,6084,0.0810447261779597,0.0021489063265247126,0.07957396282710284,0.8372324046684119,25,20,10
1,6085,0.07705959007365483,0.0021536815082532756,0.08205099462202012,0.8387357337960715,25,20,10
1,6086,0.06928901236567675,5.5990481631116605e-06,0.09829010616384094,0.8324152824223185,25,20,10
1,6087,0.06998224063197812,4.799886191417417e-06,0.08997652781489734,0.8400364316669316,25,20,10
1,6088,0.07227750767918993,8.611266805539014e-08,0.07964624790142448,0.8480761583067157,25,20,10
1,6089,0.07562251715184674,4.1126948772064395e-08,0.08494315456630216,0.8394342871549035,25,20,10
1,6090,0.07267021312843049,3.269597857721483e-06,0.08767639906878218,0.8396501182049282,25,20,10
1,6091,0.10947108106847026,2.377952925231863e-07,0.08488198537195119,0.8056466957642898,25,20,10
1,6092,0.10826834327989321,9.135170967995893e-08,0.08941590374254295,0.8023156616258561,25,20,10
1,6093,0.11891906666300973,4.975914590238329e-07,0.04262174943054786,0.8384586863149821,25,20,10
1,6094,0.14571680332789755,5.748978913413162e-08,0.06000008487793045,0.7942830543043824,25,20,10
1,6095,0.1596979720770216,4.6430033601301007e-08,0.041148764796575775,0.7991532166963691,25,20,10
1,6096,0.16216908297040222,2.194025405651957e-09,0.03906468289872442,0.7987662319368474,25,20,10
1,6097,0.09431301547890245,4.48282500839448e-08,0.10330442112201775,0.8023825185708333,25,20,10
1,6098,0.05437146363962936,3.4801542689047377e-07,0.16035009368854827,0.7852780946563932,25,20,10
1,6099,0.08936987286354393,2.8761051143470495e-07,0.13664445932525826,0.7739853802006867,25,20,10
1,6100,0.08341134464560523,6.014919931752223e-09,0.15481963410688424,0.7617690152325922,25,20,10
1,6101,0.08242981621037704,1.9515190284125804e-08,0.1343479465459414,0.7832222177284928,25,20,10
1,6102,0.08572080555534925,5.439449994058245e-07,0.13184118563848246,0.7824374648611694,25,20,10
1,6103,0.052232168313229056,9.740751286068855e-06,0.15323369569370554,0.7945243952417813,25,20,10
1,6104,0.05064929208764851,9.62242805726437e-06,0.16333221086966873,0.7860088746146267,25,20,10
1,6105,0.049887168834266804,0.01227312383290466,0.16213701625575805,0.775702691077071,25,20,10
1,6106,0.010372558962891914,0.03997135774121269,0.1286685560907513,0.8209875272051436,25,20,10
1,6107,0.030133700582324837,0.03998850199844233,0.0979776141567777,0.8319001832624566,25,20,10
1,6108,0.05070815410095911,2.742902653875064e-05,0.16447275738780123,0.7847916594847013,25,20,10
1,6109,0.07717181534156245,1.9440255309752892e-05,0.14258559870732332,0.7802231456958075,25,20,10
1,6110,0.04740796754848496,1.9447400322802196e-05,0.16497868675856636,0.787593898292624,25,20,10
1,6111,0.04417973308440775,0.0005053125807689741,0.11605615751438282,0.8392587968204417,25,20,10
1,6112,0.01749768346477638,0.0005053106000879903,0.1429865692851532,0.8390104366499846,25,20,10
1,6113,0.08031087773562563,7.190639264183644e-06,0.0850759694027366,0.8346059622223743,25,20,10
1,6114,0.11847408313402599,7.137511974043599e-06,0.042844017588236284,0.8386747617657633,25,20,10
1,6115,0.10998691505584558,1.0939240778806647e-05,0.051354309784334626,0.8386478359190402,25,20,10
1,6116,0.08537525137827195,1.730799157249978e-06,0.11640918700703631,0.7982138308155341,25,20,10
1,6117,0.08266690745618278,9.875226723513668e-07,0.11190653964236623,0.8054255653787794,25,20,10
1,6118,0.076955782038038,1.9819478696951362e-07,0.1378056091408802,0.7852384106262984,25,20,10
1,6119,0.11589808595340177,0.03995108892983437,0.04637613713494313,0.7977746879818199,25,20,10
1,6120,0.08063134530556595,0.03995038604570176,0.10742579102179799,0.7719924776269361,25,20,10
1,6121,0.006011641035341209,0.03995036619302348,0.15469642703748543,0.7993415657341497,25,20,10
1,6122,0.04408757458747569,0.011227614386037194,0.1454588013889569,0.7992260096375294,25,20,10
1,6123,0.0012816663084969557,0.03996152430431888,0.18550505952984647,0.7732517498573387,25,20,10
1,6124,0.0027501510399077483,0.03826082417664255,0.1999881885940389,0.7590008361894113,25,20,10
1,6125,0.03837067415300159,0.03991767986572163,0.1254322399013772,0.7962794060799011,25,20,10
1,6126,0.042380274239679584,0.03992200094156783,0.11710486213898774,0.8005928626797665,25,20,10
1,6127,0.06273900037331391,0.039980756473680004,0.11874703305686411,0.7785332100961412,25,20,10
1,6128,0.08519065740552408,0.03997641814977527,0.07360596030818757,0.8012269641365125,25,20,10
1,6129,0.08156000115135113,0.014167678467643505,0.11180085763798947,0.7924714627430156,25,20,10
1,6130,0.0443405097792296,0.014167643707532011,0.14256920490536942,0.7989226416078717,25,20,10
1,6131,0.04885273968775151,0.03935404894612134,0.0869452034759046,0.8248480078902227,25,20,10
1,6132,0.05346084054757304,0.03822781400084575,0.05755454717633937,0.8507567982752406,25,20,10
1,6133,0.0514112703046479,0.0382277968932398,0.032956947091060285,0.877403985711052,25,20,10
1,6134,0.0505707621661172,0.03794313205414433,0.04399325726912037,0.8674928485106173,25,20,10
1,6135,0.07269334521793916,0.03794283788816608,0.060173361321790825,0.8291904555721019,25,20,10
1,6136,0.0836473370435366,0.03794391043450571,0.04028905129701647,0.8381197012249408,25,20,10
1,6137,0.0704606301835568,0.03794391221869859,0.06101821958308733,0.8305772380146577,25,20,10
1,6138,0.05519701578960066,0.03996348524421671,0.07357150476237545,0.831267994203806,25,20,10
1,6139,0.04110871575286833,0.03995512838765217,0.0785684724316796,0.8403676834277997,25,20,10
1,6140,0.041129874207873625,0.039939763637134876,0.07697431506510831,0.8419560470898837,25,20,10
1,6141,0.04109894150667761,0.03996627063903033,0.04683368708272951,0.8721011007715629,25,20,10
1,6142,0.04177356774655481,0.03995979494702236,0.040308978182513305,0.8779576591239091,25,20,10
1,6143,0.04162013452729454,0.03997123576546339,0.038370270530525004,0.8800383591767157,25,20,10
1,6144,0.039327208256736704,0.014165792685684011,0.06657118766524567,0.8799358113923332,25,20,10
1,6145,0.0385570869934928,0.014165718044573007,0.06841375427013854,0.8788634406917935,25,20,10
1,6146,0.07226376739113541,0.038733310891728844,0.010144873057641784,0.8788580486594928,25,20,10
1,6147,0.06591306266441611,0.038749760324098055,0.042773074958287714,0.8525641020531962,25,20,10
1,6148,0.05147191767614175,0.03995585282495033,0.0703470265127145,0.8382252029861926,25,20,10
1,6149,0.08025343089724599,0.03993972396716114,0.0636058692234179,0.8162009759121734,25,20,10
1,6150,0.08018267011312906,0.013440358402798757,0.06848789646743567,0.8378890750166346,25,20,10
1,6151,0.10943907335883553,0.013440365545189655,0.04027275108554368,0.8368478100104312,25,20,10
1,6152,0.11301625338085067,0.039991716925347,0.037681165978254084,0.8093108637155482,25,20,10
1,6153,0.05955587938779005,0.039940478196269724,0.10697717362241269,0.7935264687935295,25,20,10
1,6154,0.06323883839925595,0.039920412132467185,0.14161467917427772,0.755226070294002,25,20,10
1,6155,0.04562664809186694,0.03991851975222983,0.1528847704080948,0.7615700617478098,25,20,10
1,6156,0.04606750131682908,0.039918501594235024,0.1529226520872309,0.7610913450017067,25,20,10
1,6157,0.04052085768141175,0.03994867290161225,0.19584071509566958,0.7236897543213066,25,20,10
1,6158,0.049868121832337284,0.040994468299617885,0.23206658289368723,0.67707082697436,25,20,10
1,6159,0.0359949574185945,0.040373118911083555,0.2635172445559526,0.6601146791143673,25,20,10
1,6160,0.08659052719872717,0.03998749601636339,0.16174715614157686,0.71167482064333,25,20,10
1,6161,0.06905037733147873,0.03998013749874803,0.14449642910383517,0.7464730560659418,25,20,10
1,6162,0.08387396547233834,0.039544583350107076,0.12352821183822808,0.7530532393393284,25,20,10
1,6163,0.04759147479727692,0.04001383481273369,0.1529355260319675,0.7594591643580217,25,20,10
1,6164,0.09443250710871919,0.038261164446366576,0.10770398107829907,0.759602347366616,25,20,10
1,6165,0.10354080821592129,0.039371689640144245,0.1052855804929684,0.751801921650966,25,20,10
1,6166,0.0822148999772583,0.03997739017520794,0.12557989768230918,0.7522278121652252,25,20,10
1,6167,0.14480683271191433,0.03824873058195246,0.058324058807571084,0.7586203778985622,25,20,10
1,6168,0.13154762832191447,0.03997547450480765,0.06996283158040864,0.7585140655928706,25,20,10
1,6169,0.11393810140063473,0.0393387650999199,0.08818689143244968,0.7585362420669955,25,20,10
1,6170,0.12034152537043498,0.03994045393285475,0.08783538690747206,0.7518826337892439,25,20,10
1,6171,0.0996180454473161,0.03873218105554637,0.10764486388271509,0.7540049096144239,25,20,10
1,6172,0.06490321030680572,0.038732348841483674,0.14327881162580605,0.7530856292259045,25,20,10
1,6173,0.04718344637937348,0.039946574761146006,0.15351172041425362,0.7593582584452275,25,20,10
1,6174,0.11418838288794798,0.03994667208611072,0.09306148855622869,0.752803456469711,25,20,10
1,6175,0.15469233586059256,0.03997124660906064,0.053235324884397014,0.7521010926459495,25,20,10
1,6176,0.153202257053593,0.039976808744057575,0.04821480764730886,0.7586061265550406,25,20,10
1,6177,0.15333496082900153,3.457866923942643e-07,0.0931656768960012,0.7534990164883086,25,20,10
1,6178,0.11138064944230186,6.119294489884748e-06,0.12940369977522195,0.7592095314879873,25,20,10
1,6179,0.14752799927117358,5.875213389063772e-06,0.09397137782072726,0.7584947476947097,25,20,10
1,6180,0.11539834327095731,4.5232856227614084e-07,0.14753100261825097,0.7370702017822326,25,20,10
1,6181,0.08088853005786566,6.905555197451743e-06,0.2248988144608855,0.6942057499260534,25,20,10
1,6182,0.08028721003387398,4.3134549964926665e-05,0.1968290958515853,0.722840559564576,25,20,10
1,6183,0.002434912734779258,0.0011441624834626542,0.2753460617762488,0.7210748630055049,25,20,10
1,6184,0.040275622139444966,0.00043404973064305923,0.22367670765888956,0.7356136204710224,25,20,10
1,6185,0.08066291202838245,0.0005162179736975893,0.1849693959529509,0.7338514740449704,25,20,10
1,6186,0.07493416560484911,8.194213049985326e-05,0.21663362439071526,0.7083502678739372,25,20,10
1,6187,0.06666650221988629,4.794284803017598e-07,0.239323164946614,0.6940098534050189,25,20,10
1,6188,0.09453911797915955,0.009057757657235219,0.19248425960566945,0.7039188647579374,25,20,10
1,6189,0.12154463374810924,0.009057962605245053,0.15166526902600247,0.7177321346206456,25,20,10
1,6190,0.14869862257475552,3.0846638611350378e-06,0.16708563309875707,0.6842126596626248,25,20,10
1,6191,0.12735821711323847,5.923192582235101e-06,0.2141116173258871,0.6585242423682949,25,20,10
1,6192,0.10651787247922442,0.0006970724948841264,0.23335043524899743,0.6594346197768945,25,20,10
1,6193,0.11834603326165867,0.0006947787102232779,0.16191819045927092,0.7190409975688458,25,20,10
1,6194,0.09847138016708504,0.00148236235835883,0.18336680538606343,0.7166794520884919,25,20,10
1,6195,0.13801430193361613,0.0007877974804611455,0.14222649451376929,0.7189714060721548,25,20,10
1,6196,0.10130583962792544,9.607220222791495e-05,0.17983972121426095,0.7187583669555879,25,20,10
1,6197,0.06829053934542464,1.3829003125212131e-05,0.21845257868810802,0.7132430529633402,25,20,10
1,6198,0.06615795035652129,8.000897754449598e-06,0.22628858579935573,0.7075454629463697,25,20,10
1,6199,0.08153257926283061,0.0006983080896685263,0.20444485226933853,0.7133242603781649,25,20,10
1,6200,0.08247187307985934,0.0007051970834337074,0.19907809770024396,0.7177448321364639,25,20,10
1,6201,0.10183179549470368,2.1348431528250036e-05,0.17929322193962083,0.7188536341341483,25,20,10
1,6202,0.09181725149123392,0.021498975713394253,0.167727261464203,0.7189565113311704,25,20,10
1,6203,0.09251802638135055,0.043031683588209434,0.12738931436649478,0.7370609756639468,25,20,10
1,6204,0.14022527602697382,0.04568689821737868,0.061534311975660415,0.7525535137799875,25,20,10
1,6205,0.14714084992130522,0.06409601549688858,0.04131251626741493,0.747450618314391,25,20,10
1,6206,0.0998949557858585,0.06412912187345894,0.09011351286263468,0.7458624094780484,25,20,10
1,6207,0.09804954987310198,0.07996498184789502,0.07145149822602123,0.750533970052982,25,20,10
1,6208,0.11648669853343285,0.03827072668461486,0.08346907039081522,0.761773504391137,25,20,10
1,6209,0.11047828790166214,0.03825875684880205,0.09697029287305572,0.754292662376482,25,20,10
1,6210,0.11384401715828471,0.03825768641053781,0.09981180232311783,0.7480864941080597,25,20,10
1,6211,0.11631026514738808,2.578180772919943e-06,0.12507120046707113,0.7586159562047683,25,20,10
1,6212,0.09847183233800791,3.8611247839563915e-05,0.18392953882103696,0.7175600175931166,25,20,10
1,6213,0.16799166177388067,1.3266700318962856e-05,0.11412788836398848,0.7178671831618115,25,20,10
1,6214,0.19584774408930603,1.5045791271632768e-06,0.08706672485357889,0.7170840264779876,25,20,10
1,6215,0.1903921607003022,0.039896827686967486,0.06460012262316105,0.7051108889895685,25,20,10
1,6216,0.1751227323451184,0.03989614516518879,0.08904433210374656,0.6959367903859475,25,20,10
1,6217,0.14079824583993802,0.03997073505095244,0.11237647956148429,0.7068545395476248,25,20,10
1,6218,0.193548604514014,0.03869209977318953,0.059940026440046236,0.7078192692727502,25,20,10
1,6219,0.16727237940840975,0.03869231863714058,0.08623440645174481,0.7078008955027051,25,20,10
1,6220,0.20739504444090792,0.02449418569108316,0.061017070836358114,0.7070936990316509,25,20,10
1,6221,0.16720882493335829,0.03825601140074362,0.08815975620691299,0.7063754074589836,25,20,10
1,6222,0.19035199241040884,0.039941432998782556,0.05944329035680636,0.7102632842340028,25,20,10
1,6223,0.15607748215142234,0.03997449466486713,0.061608210533094135,0.7423398126506171,25,20,10
1,6224,0.11745289527048125,0.039922237568871956,0.08357299380634377,0.7590518733543047,25,20,10
1,6225,0.12609209164638746,0.03997484764487449,0.08130983219999088,0.7526232285087479,25,20,10
1,6226,0.08939059565374807,0.03994261834729111,0.11375386752434316,0.7569129184746178,25,20,10
1,6227,0.10030795444406422,0.03873509140945109,0.10318157606479439,0.7577753780816906,25,20,10
1,6228,0.09076391816687529,0.03995473720903273,0.11077689516763028,0.7585044494564623,25,20,10
1,6229,0.0698432706778637,0.024511652159787903,0.14708685065453403,0.7585582265078173,25,20,10
1,6230,0.033338933020851697,0.021204546978135997,0.15405277343426552,0.7914037465667486,25,20,10
1,6231,0.0031870624788482792,0.021198065741436695,0.17605546159787444,0.7995594101818421,25,20,10
1,6232,0.07142135116719726,0.021197176361320968,0.10933472254938016,0.798046749922102,25,20,10
1,6233,0.08033986372667919,0.022075286508480646,0.0999298950368695,0.7976549547279713,25,20,10
1,6234,0.059587176214037176,0.022075553791844338,0.11923882776613018,0.799098442227991,25,20,10
1,6235,0.1352966057699211,0.03875706959844066,0.06711133152309497,0.7588349931085433,25,20,10
1,6236,0.13089736370138766,0.020443157232039245,0.09750439877068445,0.7511550802958891,25,20,10
1,6237,0.15222205800587138,0.02042054335082187,0.07418039775156768,0.7531770008917392,25,20,10
1,6238,0.046353365699531385,0.020420506873747638,0.17438205491803374,0.7588440725086918,25,20,10
1,6239,0.0662250703143451,0.04080568482340654,0.1787354483543854,0.7142337965078625,25,20,10
1,6240,0.09860555989163432,0.038246759308819704,0.14545503567001813,0.7176926451295269,25,20,10
1,6241,0.09647063411114942,0.03824640626692328,0.14772667369658654,0.7175562859253419,25,20,10
1,6242,0.09864916997725028,0.03994891229086879,0.16162652857093843,0.6997753891609428,25,20,10
1,6243,0.07319250024215948,0.03997253142239201,0.1662269406620281,0.7206080276734224,25,20,10
1,6244,0.0963110537112379,0.039972004416853786,0.11815758402876128,0.7455593578431493,25,20,10
1,6245,0.05388735901921666,0.03876859109968835,0.14292414293318376,0.7644199069479123,25,20,10
1,6246,0.11004986786510623,0.01123359820373945,0.1204209622300743,0.7582955717010829,25,20,10
1,6247,0.14083024955273607,0.03873454268230959,0.06167766032478736,0.7587575474401664,25,20,10
1,6248,0.1527216470448692,0.03997133002355076,0.04943526666577008,0.7578717562658092,25,20,10
1,6249,0.16222093970279516,0.03999629541246623,0.06707251895670706,0.7307102459280305,25,20,10
1,6250,0.16102070828734402,0.03999629679007507,0.04951839054463103,0.7494646043779496,25,20,10
1,6251,0.18524813284172217,0.03997700469877515,0.02398853694034975,0.7507863255191528,25,20,10
1,6252,0.15062415823420788,0.024497796944174654,0.07790962908781433,0.7469684157338011,25,20,10
1,6253,0.15398506878815466,0.024500801221423122,0.062187551327287566,0.7593265786631339,25,20,10
1,6254,0.15911844965557362,0.039522417690914156,0.048321784014803096,0.7530373486387084,25,20,10
1,6255,0.16041548170481357,0.03952302376979722,0.0886606236451686,0.7114008708802223,25,20,10
1,6256,0.1842525051291933,0.039941631050668176,0.05696559768757905,0.7188402661325596,25,20,10
1,6257,0.16521568658948949,0.03685490599152775,0.0818889966071883,0.7160404108117939,25,20,10
1,6258,0.13087081029136313,0.03994777523329652,0.15600572378988653,0.6731756906854557,25,20,10
1,6259,0.15247650604333104,0.03995873171028618,0.15243875581381955,0.6551260064325646,25,20,10
1,6260,0.14786691786223377,0.03939909539276256,0.15654124752737084,0.6561927392176327,25,20,10
1,6261,0.12965995372588163,0.039946796855527655,0.1777874099023284,0.6526058395162662,25,20,10
1,6262,0.13010854730728705,0.039747110001470375,0.16991968510761368,0.6602246575836294,25,20,10
1,6263,0.09699755041486424,0.040935385350156304,0.1957064126830739,0.6663606515519096,25,20,10
1,6264,0.08014698038267873,0.040801019986798234,0.21223674172690532,0.6668152579036191,25,20,10
1,6265,0.10589453837544402,0.03998482367429029,0.1747864705076637,0.6793341674426042,25,20,10
1,6266,0.1256641549263871,0.03998644731087476,0.16166667645094812,0.6726827213117917,25,20,10
1,6267,0.16462208796029942,0.03997255384011296,0.12389238958629313,0.6715129686132951,25,20,10
1,6268,0.1649286345507648,0.039960000644574424,0.1601610551789162,0.6349503096257434,25,20,10
1,6269,0.15800586881031847,0.03996648646636705,0.15075119806852674,0.6512764466547891,25,20,10
1,6270,0.12055864912306058,0.03997336347345373,0.25635899508545745,0.583108992318033,25,20,10
1,6271,0.12075895861867814,0.03997163171854538,0.23952306234447845,0.5997463473183006,25,20,10
1,6272,0.15484822681035731,0.06457323588461532,0.18615734604645362,0.5944211912585761,25,20,10
1,6273,0.13185490388328586,0.06457890738497157,0.1787273985135637,0.6248387902181797,25,20,10
1,6274,0.08938651954189467,0.07818797522128183,0.1931666839644565,0.6392588212723684,25,20,10
1,6275,0.08196347037399777,0.07818080204734933,0.17850246715126478,0.661353260427388,25,20,10
1,6276,0.06150756602560611,0.08001991354805328,0.1798863337831432,0.6785861866432014,25,20,10
1,6277,0.09479914552962908,0.08004032521990348,0.16746077794588354,0.657699751304584,25,20,10
1,6278,0.10359512445737139,0.0795166861955639,0.16331590459562015,0.6535722847514431,25,20,10
1,6279,0.15235248027105547,0.07609928435239349,0.1073424489229976,0.6642057864535549,25,20,10
1,6280,0.07562206749865033,0.07604601887829672,0.2065878728705626,0.6417440407524906,25,20,10
1,6281,0.037744773078361306,0.07682040639991797,0.25742621132429205,0.6280086091974275,25,20,10
1,6282,0.08842203314587486,0.07874470743475773,0.23975757747194945,0.5930756819474176,25,20,10
1,6283,0.11805704593931815,0.1007173319406173,0.18875657203082466,0.5924690500892436,25,20,10
1,6284,0.09699924389302375,0.10049565224680253,0.21006387700956344,0.5924412268506085,25,20,10
1,6285,0.15710718354344888,0.1007211599889544,0.14380141912925903,0.5983702373383378,25,20,10
1,6286,0.1603347006775721,0.11862476702443715,0.12290000364509517,0.598140528652895,25,20,10
1,6287,0.1585793288385541,0.11868035220084858,0.1243786260482491,0.5983616929123496,25,20,10
1,6288,0.13053760798197037,0.11990177145026884,0.1555290638065438,0.5940315567612166,25,20,10
1,6289,0.13495729948993984,0.1410248482446175,0.12978675094118827,0.5942311013242563,25,20,10
1,6290,0.13419927037459187,0.15569583460365674,0.1209795312337321,0.5891253637880209,25,20,10
1,6291,0.15202522894974663,0.15688630082144994,0.10401372405312641,0.5870747461756791,25,20,10
1,6292,0.13477496580562362,0.15978809190738563,0.11623455536571324,0.5892023869212796,25,20,10
1,6293,0.11680649764320629,0.15977671466751214,0.12550413896633655,0.5979126487229475,25,20,10
1,6294,0.10450486050167454,0.1580868557585211,0.13843427106950984,0.598974012670296,25,20,10
1,6295,0.11838134503093997,0.09686960983994869,0.185921701366742,0.5988273437623708,25,20,10
1,6296,0.115755989058491,0.14195539637186708,0.14799315016104322,0.5942954644085987,25,20,10
1,6297,0.10792442388541762,0.14270484513510942,0.15056715083375383,0.5988035801457202,25,20,10
1,6298,0.09470055868373788,0.15855591891426013,0.17128596469524932,0.5754575577067542,25,20,10
1,6299,0.12240879936431165,0.15686862740301882,0.13340147080117937,0.5873211024314906,25,20,10
1,6300,0.18340976124939717,0.1398402474054236,0.08335471198162292,0.5933952793635564,25,20,10
1,6301,0.13680903798792787,0.13924632939130197,0.12609596995809072,0.5978486626626807,25,20,10
1,6302,0.11421315769421549,0.14272452748367484,0.1440257893801047,0.5990365254420069,25,20,10
1,6303,0.0882178442507093,0.1444606641509796,0.16464290451439567,0.6026785870839148,25,20,10
1,6304,0.1257042485086162,0.1412493180333079,0.13974523586424814,0.5933011975938299,25,20,10
1,6305,0.04842718215696474,0.1570665863142692,0.1962639124799297,0.5982423190488353,25,20,10
1,6306,0.0998388784858554,0.14099664625683794,0.1610839466118749,0.5980805286454316,25,20,10
1,6307,0.12595689968767917,0.1585220328936132,0.1416243153735339,0.5738967520451752,25,20,10
1,6308,0.16578388612920442,0.11642340493853515,0.11844316076146909,0.5993495481707942,25,20,10
1,6309,0.1773224036602431,0.1183529930845652,0.10853781499481846,0.5957867882603736,25,20,10
1,6310,0.14916823119944211,0.11979383816711038,0.13509463360747317,0.5959432970259751,25,20,10
1,6311,0.09201921325546113,0.12032867810063701,0.2427280401563877,0.5449240684875158,25,20,10
1,6312,0.1679025718322207,0.12036742606160429,0.15540239256987695,0.5563276095362977,25,20,10
1,6313,0.164456340313127,0.11863992314586785,0.16488267003875937,0.5520210665022464,25,20,10
1,6314,0.16860383893760278,0.0813245737576984,0.1874943455866452,0.5625772417180516,25,20,10
1,6315,0.12458131977233253,0.08049051536265513,0.23680226952490593,0.558125895340106,25,20,10
1,6316,0.14225119411767728,0.08000967469692406,0.22435750207037664,0.5533816291150212,25,20,10
1,6317,0.22664352443819094,0.07920753842775102,0.14759716982624413,0.5465517673078151,25,20,10
1,6318,0.24374383343215622,0.0786785914805249,0.11410551626868976,0.5634720588186302,25,20,10
1,6319,0.22679211246375616,0.07823163931288903,0.1365788064053891,0.5583974418179674,25,20,10
1,6320,0.16271920819487878,0.0782062612178572,0.2006760668723656,0.5583984637148984,25,20,10
1,6321,0.17124264256251803,0.07823147534952966,0.19723080856073785,0.5532950735272144,25,20,10
1,6322,0.16702748462540926,0.07825014375031272,0.19533995590051234,0.5593824157237678,25,20,10
1,6323,0.14268085923327323,0.07823725306205478,0.21826295467204665,0.5608189330326233,25,20,10
1,6324,0.17632990668582046,0.09945933971035201,0.1636703141736489,0.5605404394301775,25,20,10
1,6325,0.20098305714789635,0.11684920884135863,0.11602914842679793,0.5661385855839487,25,20,10
1,6326,0.2404325795803231,0.1186584690247353,0.07821833339429146,0.5626906180006493,25,20,10
1,6327,0.2761948677546322,0.11860140528762861,0.08647069408440915,0.5187330328733312,25,20,10
1,6328,0.28038731036705683,0.12226918223529643,0.08668539007736722,0.510658117320281,25,20,10
1,6329,0.2263882033270581,0.11870575345474478,0.09565110504438967,0.5592549381738084,25,20,10
1,6330,0.2108986813679608,0.11934823749348178,0.1102516453779225,0.559501435760635,25,20,10
1,6331,0.21341168026066432,0.11801133632687977,0.10910733183020263,0.5594696515822539,25,20,10
1,6332,0.2726492717916924,0.11924495191554602,0.04897548276144322,0.5591302935313172,25,20,10
1,6333,0.2332766313188956,0.11864987117850691,0.08872575930972527,0.5593477381928733,25,20,10
1,6334,0.2209346409997352,0.07865605974303896,0.1419472895212762,0.5584620097359533,25,20,10
1,6335,0.1809870658455424,0.0799139119286338,0.18092599314349145,0.5581730290823322,25,20,10
1,6336,0.22585665319461132,0.07904423698776011,0.1364864254636351,0.5586126843539955,25,20,10
1,6337,0.19709517724828507,0.07788760961488882,0.16609173513507283,0.5589254780017535,25,20,10
1,6338,0.24459678255808698,0.049045258540441346,0.14777195955789707,0.5585859993435761,25,20,10
1,6339,0.20132287413447567,0.049047776510779746,0.202385710165116,0.5472436391896311,25,20,10
1,6340,0.21348712374126022,0.07865041552378546,0.16011216613278692,0.5477502946021692,25,20,10
1,6341,0.20938737859577383,0.10445331340416246,0.12806927338753402,0.5580900346125311,25,20,10
1,6342,0.2259662804662888,0.11810584409088877,0.09833084273962864,0.5575970327031954,25,20,10
1,6343,0.17759295419798413,0.1315949920523531,0.13863383737003343,0.5521782163796315,25,20,10
1,6344,0.213925175418643,0.13101733718811379,0.09796605706347015,0.5570914303297735,25,20,10
1,6345,0.20329890222502273,0.1320168331081767,0.10646656550620179,0.5582176991606016,25,20,10
1,6346,0.11998480599846992,0.1190815297672713,0.20097269536929788,0.55996096886496,25,20,10
1,6347,0.10571339982709,0.11785083764238607,0.19413857953111185,0.5822971829994127,25,20,10
1,6348,0.13418697316707734,0.09034458330593786,0.17626639538597255,0.5992020481410139,25,20,10
1,6349,0.10967426561523202,0.11786436205240466,0.17343977760487297,0.5990215947274924,25,20,10
1,6350,0.13413008619465205,0.11909177249466665,0.14845294074061505,0.5983252005700673,25,20,10
1,6351,0.13485286616085454,0.11690413426246474,0.1597309125755405,0.5885120870011413,25,20,10
1,6352,0.06234263578367053,0.11650803946483608,0.22826141073722675,0.592887914014265,25,20,10
1,6353,0.06331135032862054,0.13087503623627028,0.2068857028783559,0.598927910556751,25,20,10
1,6354,0.0751886634809442,0.16866669950378488,0.15809378119971695,0.5980508558155545,25,20,10
1,6355,0.04009105606943988,0.14352234330957658,0.2596140610330443,0.5567725395879392,25,20,10
1,6356,0.041835134194355444,0.1427900092416014,0.25633825233280033,0.5590366042312431,25,20,10
1,6357,0.12467366072760815,0.1257874337775699,0.19069551642662,0.558843389068202,25,20,10
1,6358,0.12433903080919094,0.19734806949209482,0.11910742207481333,0.5592054776239042,25,20,10
1,6359,0.12828599902766627,0.15656012618885268,0.1573291608275701,0.5578247139559135,25,20,10
1,6360,0.12177276006729397,0.1375396749548527,0.1555043868051843,0.5851831781726703,25,20,10
1,6361,0.10906037717834563,0.1354746386320743,0.15229573258684811,0.6031692516027349,25,20,10
1,6362,0.11620756400468685,0.1389882933312449,0.1793197119217756,0.5654844307422934,25,20,10
1,6363,0.07505155172655989,0.1589345249773206,0.20500460236983595,0.561009320926287,25,20,10
1,6364,0.1347738826056564,0.13255335289243964,0.17360908534996988,0.5590636791519351,25,20,10
1,6365,0.0964649319738717,0.1425744843508363,0.16185946962484263,0.5991011140504496,25,20,10
1,6366,0.05561939908153956,0.11508806880177307,0.18121152321298106,0.6480810089037076,25,20,10
1,6367,0.04296800722332643,0.10820299909874662,0.2081816559275316,0.6406473377503943,25,20,10
1,6368,0.07106867200676253,0.1280916997120047,0.1737935430380267,0.6270460852432057,25,20,10
1,6369,0.11646191679817491,0.1548577386190436,0.10133655493010908,0.6273437896526738,25,20,10
1,6370,0.08899900133170684,0.1418394371409128,0.12987032421169625,0.6392912373156852,25,20,10
1,6371,0.10131242491929143,0.11444917411069408,0.14606218538957527,0.6381762155804382,25,20,10
1,6372,0.11534988913413283,0.10486896940042371,0.14836783204463846,0.631413309420804,25,20,10
1,6373,0.14392851373279916,0.11903630670181595,0.10520466013187493,0.6318305194335132,25,20,10
1,6374,0.13818627157782648,0.1147644951192023,0.11559010901268094,0.6314591242902932,25,20,10
1,6375,0.128112951334814,0.11741875828801902,0.11559927528788835,0.6388690150892818,25,20,10
1,6376,0.09171193087026602,0.1183313296817824,0.1567982970142037,0.6331584424337495,25,20,10
1,6377,0.07607099266078542,0.09332746755118387,0.1963173729282136,0.6342841668598153,25,20,10
1,6378,0.0766551825567606,0.11921532730690991,0.12584282374908143,0.6782866663872489,25,20,10
1,6379,0.08173997393562445,0.11921487668411805,0.10581532422688954,0.6932298251533672,25,20,10
1,6380,0.08077009981321563,0.11817676302636379,0.10762645645876814,0.6934266807016549,25,20,10
1,6381,0.07293197805517665,0.10141070581765263,0.16665388160122951,0.6590034345259407,25,20,10
1,6382,0.06750978836112193,0.07861984228158198,0.19504039382173455,0.6588299755355584,25,20,10
1,6383,0.08584495405113389,0.07818745981409583,0.16923066808925152,0.6667369180455203,25,20,10
1,6384,0.12421887544702453,0.07649553258250251,0.08385074993268772,0.7154348420377865,25,20,10
1,6385,0.12071896551898732,0.11645139203879515,0.0433482050946483,0.7194814373475691,25,20,10
1,6386,0.09783352038536876,0.11642616055057729,0.11076684464824733,0.6749734744158091,25,20,10
1,6387,0.11452918176542701,0.1181192403786966,0.10017170860241276,0.6671798692534666,25,20,10
1,6388,0.12012753407034323,0.09405913144202009,0.10361249054605487,0.6822008439415822,25,20,10
1,6389,0.04613105406398322,0.09838659560950039,0.1839796990238497,0.6715026513026686,25,20,10
1,6390,0.04004730574157886,0.09547067688572584,0.1919754266804852,0.672506590692209,25,20,10
1,6391,0.05222863805248462,0.1040400479145924,0.17068502706622174,0.6730462869667015,25,20,10
1,6392,0.09219406406413144,0.11864077233621691,0.1169075724271672,0.6722575911724847,25,20,10
1,6393,0.09186640452981086,0.09818957541364429,0.15146818882460397,0.6584758312319429,25,20,10
1,6394,0.09241347133635651,0.07939105512054011,0.19836640943522266,0.6298290641078819,25,20,10
1,6395,0.12718006076658894,0.09943487825407725,0.13241671664159055,0.6409683443377461,25,20,10
1,6396,0.09645142579305846,0.11998490613090777,0.1442064997878158,0.6393571682882192,25,20,10
1,6397,0.13464455079875223,0.11815470998940271,0.10805299750260637,0.6391477417092388,25,20,10
1,6398,0.1363925418940385,0.11748598685532896,0.10222453225061752,0.643896939000015,25,20,10
1,6399,0.10563508254799318,0.1180383115733983,0.1378367334292368,0.6384898724493755,25,20,10
1,6400,0.1460488143970039,0.1025959565471713,0.1124104858896447,0.6389447431661807,25,20,10
1,6401,0.16390515282768997,0.11693347040772864,0.07939642781564415,0.6397649489489384,25,20,10
1,6402,0.16352500603028897,0.11808252667235801,0.07876331825994898,0.6396291490374038,25,20,10
1,6403,0.16009567059567076,0.11812802953349498,0.08950083860110575,0.6322754612697316,25,20,10
1,6404,0.12321844179605275,0.08819110172940713,0.1912776384782205,0.5973128179963202,25,20,10
1,6405,0.057228330976584994,0.07117246421341322,0.2833083684266264,0.588290836383374,25,20,10
1,6406,0.0904190011558804,0.09987078407261825,0.18327092114623134,0.6264392936252711,25,20,10
1,6407,0.08957822243847076,0.10056133162405351,0.2479593382235244,0.5619011077139512,25,20,10
1,6408,0.09981194696737587,0.11777333268558862,0.1552780273659843,0.6271366929810525,25,20,10
1,6409,0.19614040304812513,0.11802353912442148,0.04712928205015757,0.6387067757772964,25,20,10
1,6410,0.1889874744004861,0.1430800540666657,0.06865008074737855,0.5992823907854709,25,20,10
1,6411,0.19074625935728043,0.12560159689575895,0.09040820585202958,0.5932439378949308,25,20,10
1,6412,0.18890098064020155,0.13145644601723,0.115650061834986,0.563992511507585,25,20,10
1,6413,0.1585470674295292,0.11796775294383036,0.1643839138297077,0.5591012657969351,25,20,10
1,6414,0.22244713119972132,0.11856709149686878,0.06018105078828291,0.5988047265151265,25,20,10
1,6415,0.1230956943912198,0.06569061356487482,0.25868208730787684,0.5525316047360243,25,20,10
1,6416,0.1965948702408824,0.11982790251721505,0.13087479539523328,0.55270243184667,25,20,10
1,6417,0.21571938661897608,0.09404991721621615,0.13150397800373737,0.5587267181610707,25,20,10
1,6418,0.17683585430786716,0.10117723829979734,0.1636164563020541,0.5583704510902848,25,20,10
1,6419,0.1959684223819305,0.11826009148194462,0.12747236541285925,0.5582991207232662,25,20,10
1,6420,0.2603725517293614,0.11818551349236062,0.06299236229490354,0.5584495724833751,25,20,10
1,6421,0.27557595653864825,0.11815590821698743,0.047546230721346366,0.558721904523018,25,20,10
1,6422,0.21666622513829525,0.11819058949761231,0.119770782126487,0.545372403237607,25,20,10
1,6423,0.2240544487898888,0.11641037580670703,0.07258996042719475,0.5869452149762103,25,20,10
1,6424,0.24038492183669782,0.10388999336218319,0.06741225522798301,0.5883128295731365,25,20,10
1,6425,0.2038965628904521,0.11915315507980767,0.07926260383847752,0.5976876781912629,25,20,10
1,6426,0.17191199671938373,0.12042112024013901,0.1007435923881118,0.6069232906523654,25,20,10
1,6427,0.1553893339900641,0.09498588215314227,0.1420336682313897,0.6075911156254064,25,20,10
1,6428,0.12539082857802655,0.09413674019577123,0.16041212360132587,0.6200603076248784,25,20,10
1,6429,0.13278829323176564,0.09455241787644011,0.15251243299904618,0.6201468558927491,25,20,10
1,6430,0.11405950348793048,0.07564450720505304,0.19125998033212752,0.6190360089748913,25,20,10
1,6431,0.15246534844536572,0.08098655410356229,0.12766732465194677,0.6388807727991273,25,20,10
1,6432,0.1692082867327216,0.07993592877655542,0.11215788119840225,0.6386979032923215,25,20,10
1,6433,0.198824536693785,0.0798996649171403,0.08261990639379452,0.6386558919952828,25,20,10
1,6434,0.1890399319014944,0.07821297994337188,0.09343539814124403,0.63931169001389,25,20,10
1,6435,0.19919648800674142,0.059461645278727264,0.10237161376705715,0.6389702529474789,25,20,10
1,6436,0.18282659184929909,0.07818293230789104,0.10037598749693315,0.6386144883458796,25,20,10
1,6437,0.18408269537851793,0.07818641786759134,0.09954231643033479,0.6381885703235564,25,20,10
1,6438,0.19195268543412353,0.0775999615480465,0.0916293537934875,0.6388179992243426,25,20,10
1,6439,0.1890231417510066,0.07930924391848318,0.08594691131828053,0.6457207030122308,25,20,10
1,6440,0.20475709251343108,0.039969138871605706,0.11677133285925859,0.6385024357557046,25,20,10
1,6441,0.16682052875067743,0.03995506042846124,0.15492017013118128,0.6383042406896788,25,20,10
1,6442,0.19473491280301353,0.021893968184416877,0.17595204090044242,0.6074190781121301,25,20,10
1,6443,0.21105686029310913,1.5320396246216312e-05,0.1732095737146771,0.6157182455959663,25,20,10
1,6444,0.15589659287968996,9.051965236219874e-05,0.2318700811370561,0.6121428063308916,25,20,10
1,6445,0.1170898370268276,8.449006913333267e-05,0.236554012245503,0.6462716606585356,25,20,10
1,6446,0.153882712994734,7.539314374611384e-06,0.1311161844475232,0.7149935632433697,25,20,10
1,6447,0.15579884725905496,3.452245667002232e-08,0.12483925153018555,0.7193618666883025,25,20,10
1,6448,0.06361745499868564,0.0011372624313974427,0.21543606460703368,0.7198092179628854,25,20,10
1,6449,0.03703397274729805,2.027825756893044e-05,0.2505727178452022,0.7123730311499307,25,20,10
1,6450,0.0989953930927102,4.434706184599365e-07,0.18284637495677736,0.7181577884798956,25,20,10
1,6451,0.15074901798207663,1.2638543230962709e-05,0.13065668965537813,0.7185816538193148,25,20,10
1,6452,0.14333736195290783,0.00091992369486994,0.17351459733460484,0.6822281170176183,25,20,10
1,6453,0.061371767404570725,4.710402063886902e-06,0.25620807153705194,0.6824154506563141,25,20,10
1,6454,0.07347944662956998,1.4290189845236164e-05,0.2599893369502585,0.6665169262303245,25,20,10
1,6455,0.07239285594838216,3.397798749492567e-07,0.23859502096173113,0.6890117833100162,25,20,10
1,6456,0.12001578010225758,0.008539928167201552,0.16112548652664505,0.7103188052038973,25,20,10
1,6457,0.11734239917781158,0.0002077220241976149,0.1749761892166726,0.7074736895813216,25,20,10
1,6458,0.1107572774667211,0.025349452960928515,0.14460628900481273,0.7192869805675393,25,20,10
1,6459,0.10655020372113086,0.040686953733884194,0.14449736467921181,0.7082654778657748,25,20,10
1,6460,0.12389603048741754,0.039924109882555445,0.12381797555186189,0.7123618840781661,25,20,10
1,6461,0.12082390104185077,0.03826615450945842,0.09973009783718446,0.7411798466115074,25,20,10
1,6462,0.15810278752701293,0.038259880905782105,0.0621700270352501,0.7414673045319539,25,20,10
1,6463,0.08857337430491899,0.038260672005155906,0.1074697908185119,0.7656961628714178,25,20,10
1,6464,0.08331134905054212,0.0382606734024897,0.08951769059057328,0.7889102869563958,25,20,10
1,6465,0.04469970633516818,0.03827370920360916,0.10110757105251285,0.8159190134087099,25,20,10
1,6466,0.008760143261898867,0.040014859304774116,0.1532250542916758,0.7979999431416515,25,20,10
1,6467,0.004698478051740859,0.03998555359272654,0.16224935682130354,0.7930666115342292,25,20,10
1,6468,0.07557568410713209,0.03996907846764274,0.06266077444269774,0.8217944629825267,25,20,10
1,6469,0.07511866788508001,0.039969077912058684,0.05192367424556944,0.8329885799572913,25,20,10
1,6470,0.04197033246192418,0.038750523988382767,0.08861868114628772,0.8306604624034045,25,20,10
1,6471,0.061177795389109495,0.03998421451637006,0.06670231610688995,0.8321356739876303,25,20,10
1,6472,0.06047812332422702,0.03996223970957438,0.06093039559698676,0.8386292413692109,25,20,10
1,6473,0.09944348715884185,0.03996803955951053,0.02351267357431427,0.8370757997073324,25,20,10
1,6474,0.08217899596138181,0.03997763861903897,0.041201675659546716,0.8366416897600318,25,20,10
1,6475,0.0666458635672632,0.03997669379496885,0.07165622780704602,0.8217212148307221,25,20,10
1,6476,0.08121669308207002,0.03936730210351821,0.05690943029046833,0.8225065745239435,25,20,10
1,6477,0.11938358556616359,0.038734676406430094,0.004995141007196288,0.83688659702021,25,20,10
1,6478,0.08090601479060515,0.03994805656269522,0.05119498893234861,0.8279509397143496,25,20,10
1,6479,0.08629478439345879,0.03994799036692642,0.07800839045490407,0.7957488347847107,25,20,10
1,6480,0.03360185583263668,0.03995184768426478,0.1341612869182468,0.7922850095648539,25,20,10
1,6481,0.05092546549045322,0.03994631858034923,0.18179188202399676,0.7273363339052016,25,20,10
1,6482,0.04990294476003927,0.040482375991133905,0.1466719802217048,0.7629426990271232,25,20,10
1,6483,0.06426472074226956,0.04048236330491755,0.13250495891872263,0.7627479570340889,25,20,10
1,6484,0.06392693131530598,0.037758582834390625,0.13744394317437147,0.7608705426759351,25,20,10
1,6485,0.06897123768275384,0.03997661312047254,0.12796544198085497,0.76308670721592,25,20,10
1,6486,0.05620827211391823,0.03997689937907982,0.17438258342110072,0.7294322450859022,25,20,10
1,6487,0.08064652347884715,0.03873943994787161,0.16390331317668885,0.7167107233965934,25,20,10
1,6488,0.07134372371532349,0.038752600986169075,0.13816337982652535,0.7517402954719838,25,20,10
1,6489,0.07073287591137413,0.03994916018509125,0.14073160408447824,0.7485863598190587,25,20,10
1,6490,0.09369063712624326,0.039929634809880744,0.1083969692526603,0.7579827588112154,25,20,10
1,6491,0.11447896082332192,0.0399289578167476,0.09807361929158573,0.7475184620683456,25,20,10
1,6492,0.08142953628724453,0.03992987129610984,0.11955862002195743,0.7590819723946913,25,20,10
1,6493,0.11984709577645104,0.038254665346441924,0.08330916344053468,0.7585890754365724,25,20,10
1,6494,0.10198153338678724,0.03995845313427318,0.10025833665077183,0.7578016768281689,25,20,10
1,6495,0.1095536089702435,0.04064491246898027,0.12426512413446016,0.7255363544263176,25,20,10
1,6496,0.11688086793346059,0.04001362255325068,0.15685149215509306,0.6862540173581985,25,20,10
1,6497,0.08066124136715626,0.038237098980131556,0.23807990438599608,0.6430217552667137,25,20,10
1,6498,0.09779956139300573,0.03865216627235631,0.22734663412568054,0.6362016382089553,25,20,10
1,6499,0.0408737984688774,0.03850934541876459,0.2933665626781461,0.6272502934342091,25,20,10
1,6500,0.041063185408291965,0.038496982496450165,0.2739086459666239,0.6465311861286339,25,20,10
1,6501,0.07542321472739057,0.038505514864693294,0.2426630930408183,0.6434081773670992,25,20,10
1,6502,0.06288294505012897,0.04023759291750853,0.2532903963361863,0.643589065696177,25,20,10
1,6503,0.11753105000348363,0.03899792287877589,0.19958586012691792,0.6438851669908249,25,20,10
1,6504,0.10517333571000329,0.038758734399700255,0.22155061672051918,0.6345173131697769,25,20,10
1,6505,0.13266696531597028,0.039966249129191486,0.17819984892971277,0.6491669366251238,25,20,10
1,6506,0.12212253604322204,0.03992385862957541,0.15971279802708108,0.6782408073001222,25,20,10
1,6507,0.14634495566501612,0.03992403812668439,0.14588318615711227,0.6678478200511881,25,20,10
1,6508,0.1406060687382574,0.03938602189033544,0.1513418563065869,0.6686660530648205,25,20,10
1,6509,0.13470397660082964,0.039808141292373894,0.15220319676137628,0.6732846853454221,25,20,10
1,6510,0.14986042498037702,0.03808909817137794,0.1398676287157229,0.6721828481325248,25,20,10
1,6511,0.20104347343999418,0.039970635817526336,0.0910938127793718,0.667892077963108,25,20,10
1,6512,0.1868583432785852,0.0386911933154019,0.10575437432585008,0.668696089080164,25,20,10
1,6513,0.17842403877802734,0.038691174639449016,0.10487373082283305,0.6780110557596924,25,20,10
1,6514,0.14183840507709486,0.0398003203321942,0.15886834909594824,0.6594929254947657,25,20,10
1,6515,0.15926845034048584,0.03995114086291944,0.10307627828746012,0.6977041305091383,25,20,10
1,6516,0.19532779518257726,0.040050998671050476,0.07676112410560075,0.6878600820407713,25,20,10
1,6517,0.1791699043288505,0.04003957563720313,0.062356162392585165,0.7184343576413604,25,20,10
1,6518,0.12314171074493105,0.039941167286361996,0.08991651657115804,0.74700060539755,25,20,10
1,6519,0.08150688699230263,0.03994114969315311,0.15174444233576492,0.726807520978779,25,20,10
1,6520,0.1194996198702324,0.03994113346003895,0.09873737859640011,0.7418218680733278,25,20,10
1,6521,0.19997469646919636,0.03995511991091308,0.0024374406875592126,0.7576327429323311,25,20,10
1,6522,0.19927548492616412,0.039954974415211224,0.0020381790253419098,0.7587313616332821,25,20,10
1,6523,0.19129791491331127,0.03995745892023739,0.01705438493154291,0.751690241234908,25,20,10
1,6524,0.16476897558595438,0.039959923036497064,0.07099326626766364,0.7242778351098833,25,20,10
1,6525,0.12930097691189474,0.03995742021223825,0.08911198043168458,0.7416296224441815,25,20,10
1,6526,0.1105605704292035,0.03952328506077974,0.09375238752232307,0.7561637569876939,25,20,10
1,6527,0.10493687750326286,0.03992297242797976,0.10795752162165716,0.7471826284471002,25,20,10
1,6528,0.11950171560371114,0.03933165549900025,0.09044006442663628,0.7507265644706521,25,20,10
1,6529,0.13991311150461416,0.039976471014865275,0.06512370559996809,0.7549867118805516,25,20,10
1,6530,0.12051765211844008,0.03798703452093712,0.09621809485771336,0.7452772185029091,25,20,10
1,6531,0.11056551366963258,0.03933262712527255,0.09251617715412347,0.7575856820509723,25,20,10
1,6532,0.11925540903115453,0.03933263245118461,0.08402178528298668,0.757390173234675,25,20,10
1,6533,0.10100871797643725,0.039963304400865665,0.10557693327306206,0.7534510443496374,25,20,10
1,6534,0.068395567827279,0.024522471878833607,0.15253817963111957,0.7545437806627723,25,20,10
1,6535,0.016082211057799712,0.024525645967084286,0.20052883923271467,0.7588633037424031,25,20,10
1,6536,0.05950690594355787,0.024544034416116457,0.16626773023522712,0.7496813294051,25,20,10
1,6537,0.05759224235288952,0.02452358486691459,0.1331745080605951,0.7847096647196031,25,20,10
1,6538,0.08329779211788262,0.024523574509473754,0.10778598904517932,0.7843926443274641,25,20,10
1,6539,0.10366076871844297,0.03912564842375901,0.05841999701439083,0.7987935858434079,25,20,10
1,6540,0.10700931192819153,0.03861035556007214,0.05516937741956071,0.7992109550921755,25,20,10
1,6541,0.10233154680760174,0.014089999524928312,0.08453590208154027,0.7990425515859314,25,20,10
1,6542,0.10137350785628577,0.04034381341592412,0.05913360821373466,0.799149070514055,25,20,10
1,6543,0.07439166989089539,0.03950882031470978,0.10077362011304514,0.7853258896813539,25,20,10
1,6544,0.07359416055563635,0.011147772058481114,0.12350684579153948,0.7917512215943435,25,20,10
1,6545,0.06342143844472276,0.04071766364998404,0.10938074080858481,0.7864801570967088,25,20,10
1,6546,0.06346387127568479,0.05453273159040714,0.10247851659474722,0.7795248805391611,25,20,10
1,6547,0.054643001353868986,0.05452779107140416,0.10568999414482506,0.7851392134299016,25,20,10
1,6548,0.07322980057962175,0.07868035972404795,0.06573605447625143,0.7823537852200793,25,20,10
1,6549,0.1127637990530692,0.07868962256942776,0.03023701374452397,0.7783095646329795,25,20,10
1,6550,0.11383645166068042,0.07990304719257638,0.035082003439005624,0.7711784977077372,25,20,10
1,6551,0.11309224173761294,0.07821045401290966,0.02562184674445505,0.7830754575050222,25,20,10
1,6552,0.10368363097110722,0.03894565667684706,0.05457214823482249,0.8027985641172222,25,20,10
1,6553,0.11996408439037853,0.03873321727019475,0.038327384636846706,0.8029753137025792,25,20,10
1,6554,0.11624338069832901,0.03873359823227285,0.046558035436397686,0.7984649856330001,25,20,10
1,6555,0.1283110948214395,0.03873336510092506,0.07520791890316209,0.7577476211744728,25,20,10
1,6556,0.093396351634986,0.038733549818446705,0.1078448863358072,0.7600252122107649,25,20,10
1,6557,0.13232172605277667,0.03922041778349195,0.06773475815100012,0.7607230980127301,25,20,10
1,6558,0.13741218256369386,0.03922008781834434,0.06481893447574281,0.7585487951422181,25,20,10
1,6559,0.15618325680351583,0.03934359333498339,0.046821345804272614,0.7576518040572289,25,20,10
1,6560,0.14938544406965135,0.03996024149687509,0.10562504205647048,0.7050292723770037,25,20,10
1,6561,0.12392964769984442,0.03996020232196431,0.1176098459435035,0.7185003040346905,25,20,10
1,6562,0.15882644778352858,0.039960208043117576,0.08670351130455893,0.7145098328687958,25,20,10
1,6563,0.18232720581777337,0.0399294877606113,0.06889732439096019,0.7088459820306557,25,20,10
1,6564,0.19943995578681356,0.03992952990090533,0.08315465722954675,0.6774758570827353,25,20,10
1,6565,0.15176747837228022,0.03992980299000143,0.13197578688046982,0.6763269317572498,25,20,10
1,6566,0.09828093891739226,0.039963029097024136,0.18886651012500355,0.6728895218605777,25,20,10
1,6567,0.0714955368889315,0.03994823319153413,0.2058829741691917,0.6826732557503427,25,20,10
1,6568,0.0807471879090284,0.03991824202546854,0.20787240470327048,0.6714621653622319,25,20,10
1,6569,0.17886874851416346,0.039917749282508436,0.10126784915800499,0.6799456530453234,25,20,10
1,6570,0.14511351805152478,0.03822719216383378,0.14284020749602308,0.6738190822886204,25,20,10
1,6571,0.17677363849275438,0.03870082391867435,0.1198257241399963,0.6646998134485754,25,20,10
1,6572,0.1506224454568986,0.038261892497877203,0.13228307356853883,0.6788325884766857,25,20,10
1,6573,0.19359514790999882,0.011226729994514963,0.11624377002673364,0.6789343520687541,25,20,10
1,6574,0.17637907325614335,0.011233288617478179,0.1299979328254733,0.6823897053009069,25,20,10
1,6575,0.12620583417468298,0.06333171444088766,0.13145076338898457,0.6790116879954489,25,20,10
1,6576,0.1571793013792495,0.07769149594985585,0.10049083439988189,0.6646383682710141,25,20,10
1,6577,0.1913021771415954,0.03994418513825219,0.09468470760151354,0.6740689301186394,25,20,10
1,6578,0.13893351813305382,0.00011548128123625675,0.18679984071900205,0.6741511598667084,25,20,10
1,6579,0.16129711545043104,0.00011446723632688307,0.17166966718089255,0.6669187501323504,25,20,10
1,6580,0.170912154110289,6.397561019202809e-06,0.15535437373293767,0.6737270745957586,25,20,10
1,6581,0.20002340601478621,0.000304711591816929,0.12743951284108385,0.6722323695523151,25,20,10
1,6582,0.19959107720940003,0.03933990808485974,0.08239413719488362,0.6786748775108568,25,20,10
1,6583,0.21490263830086892,0.03997644172124455,0.07026005645321548,0.6748608635246687,25,20,10
1,6584,0.22914144365111577,0.03997782114321926,0.04318139829143597,0.6876993369142278,25,20,10
1,6585,0.21407591297910575,0.03997072859201678,0.10810707394911981,0.6378462844797598,25,20,10
1,6586,0.23755613148092522,0.03997073968101095,0.07965924744806627,0.6428138813899982,25,20,10
1,6587,0.21701997762272413,0.03871400114557717,0.10839366496729236,0.635872356264408,25,20,10
1,6588,0.20375016002481527,0.03997720143544739,0.07531531474254334,0.6809573237971931,25,20,10
1,6589,0.14196377806440597,0.040061349676882144,0.09943558361215268,0.7185392886465577,25,20,10
1,6590,0.15138270492066497,0.040039013331166544,0.09083239485915195,0.7177458868890159,25,20,10
1,6591,0.17473958157588165,0.0399968213946402,0.07351767706551819,0.7117459199639598,25,20,10
1,6592,0.1420751552936261,0.04003257574115682,0.10645818026797566,0.7114340886972415,25,20,10
1,6593,0.15506128588082402,0.011231954231960934,0.1358881072690625,0.697818652618155,25,20,10
1,6594,0.14959648687905477,0.011232709991982346,0.17369217923993027,0.6654786238890338,25,20,10
1,6595,0.15536755167580737,0.0456653095666712,0.1332361207457538,0.6657310180117686,25,20,10
1,6596,0.15757996297650884,0.038738245072733435,0.13191510025382402,0.6717666916969348,25,20,10
1,6597,0.22748017303115747,0.03873831719426348,0.060612920282471186,0.673168589492109,25,20,10
1,6598,0.23823159764513124,0.03982592913271526,0.04473741512536036,0.6772050580967935,25,20,10
1,6599,0.19978762008283915,0.03982593939311873,0.04112875197056431,0.7192576885534777,25,20,10
1,6600,0.16631343502770102,0.03997053867049251,0.07422447664677352,0.7194915496550321,25,20,10
1,6601,0.19353763214356762,0.03875027818173321,0.04847092247855608,0.7192411671961442,25,20,10
1,6602,0.1035246969773962,0.039980010697342826,0.1376193184790722,0.7188759738461905,25,20,10
1,6603,0.13617669764038742,0.03997996161596239,0.12122274957095558,0.702620591172695,25,20,10
1,6604,0.14477954644422777,0.03995540216751367,0.096003597827932,0.7192614535603261,25,20,10
1,6605,0.14003379684734174,0.0404007455646333,0.09970663882091207,0.719858818767112,25,20,10
1,6606,0.14396775742369994,0.04040077572469941,0.1052880927023969,0.710343374149206,25,20,10
1,6607,0.14437638166362832,0.03936129558726439,0.10308222005947579,0.7131801026896312,25,20,10
1,6608,0.1514957352211838,0.038254192584403504,0.1345665802744689,0.6756834919199438,25,20,10
1,6609,0.16672356022275842,0.03826826829991556,0.14898813801955707,0.64602003345777,25,20,10
1,6610,0.17124495575974685,0.05294016552459815,0.13640343195135032,0.6394114467643061,25,20,10
1,6611,0.1578445152704969,0.05290288732071473,0.1868491194439328,0.6024034779648553,25,20,10
1,6612,0.16250632727781414,0.0799178415005397,0.17718496978617926,0.5803908614354653,25,20,10
1,6613,0.1753750504472027,0.07823029098430218,0.1530249586250373,0.5933696999434588,25,20,10
1,6614,0.15253578671464016,0.07991784200509161,0.1666280555211322,0.6009183157591376,25,20,10
1,6615,0.1937388901403041,0.07994102255167031,0.1416341673519781,0.5846859199560496,25,20,10
1,6616,0.2408247223817115,0.061965955672651694,0.11810907317312912,0.5791002487725089,25,20,10
1,6617,0.15965120371027577,0.0804828555793501,0.17480189342491173,0.5850640472854602,25,20,10
1,6618,0.14760723471815473,0.03991959481316165,0.21738398870172002,0.5950891817669635,25,20,10
1,6619,0.12332421671108142,0.03952031522977077,0.23713479434644438,0.600020673712705,25,20,10
1,6620,0.15264661937957824,0.03997096889848139,0.19642249853437072,0.6109599131875719,25,20,10
1,6621,0.18681491691322077,0.04889331107161664,0.13323603086837418,0.6310557411467911,25,20,10
1,6622,0.15265779762080808,0.08032770117790627,0.11342270944811117,0.6535917917531765,25,20,10
1,6623,0.1616510905164592,0.07821378788174271,0.10763114141452679,0.6525039801872736,25,20,10
1,6624,0.11901453561623633,0.06129246903050101,0.18124258024784218,0.6384504151054187,25,20,10
1,6625,0.13082366580328292,0.059481361677497825,0.13041728288897766,0.6792776896302428,25,20,10
1,6626,0.16462712474594077,0.06279749076667086,0.0925748746843699,0.680000509803018,25,20,10
1,6627,0.08139109779110043,0.06452176326902172,0.17435340037626812,0.6797337385636127,25,20,10
1,6628,0.10011482300665886,0.06449905525579741,0.15535752663196983,0.6800285951055756,25,20,10
1,6629,0.11927953672030105,0.08070195487902593,0.12086097526396246,0.6791575331367112,25,20,10
1,6630,0.12007641880941806,0.08069478180445074,0.13364512760064107,0.6655836717854902,25,20,10
1,6631,0.08031350972479588,0.06073263943658813,0.1797379623318647,0.6792158885067527,25,20,10
1,6632,0.07828570028233789,0.04060453391175221,0.2025670002148317,0.6785427655910781,25,20,10
1,6633,0.07805971271046612,0.039973321854524825,0.1740685621709602,0.7078984032640498,25,20,10
1,6634,0.10925030380872251,0.03982213987376948,0.0964493186933766,0.7544782376241329,25,20,10
1,6635,0.12117532392764081,0.03994656162376053,0.07453511886938329,0.7643429955792148,25,20,10
1,6636,0.12931502465826814,0.03875259372846231,0.07022579816478393,0.7617065834484843,25,20,10
1,6637,0.15755561617089567,0.03994357958067281,0.044078767703784126,0.7584220365446462,25,20,10
1,6638,0.12058201770578048,0.03823855900124636,0.05947484132907355,0.7817045819638977,25,20,10
1,6639,0.12078104473687126,0.03993987688299961,0.047636168549845766,0.7916429098302814,25,20,10
1,6640,0.10216957279754217,0.039976681720295386,0.01914251121786172,0.8387112342642995,25,20,10
1,6641,0.10612126969732649,0.014202878029353052,0.04127354778409896,0.8384023044892208,25,20,10
1,6642,0.10030444108657521,0.02105205202794472,0.04085715560732564,0.837786351278154,25,20,10
1,6643,0.12066248887422315,0.039971099459536474,0.029475432541094162,0.8098909791251452,25,20,10
1,6644,0.08128358304779143,0.03997109667633567,0.1063681575252505,0.772377162750623,25,20,10
1,6645,0.08114131386250995,0.039910504270989536,0.10294194918550607,0.7760062326809946,25,20,10
1,6646,0.08135713915123777,0.04036358759800995,0.10402823553945957,0.7742510377112911,25,20,10
1,6647,0.08021103167587917,0.03996306090707601,0.09728550094478176,0.7825404064722654,25,20,10
1,6648,0.0818669571308626,0.0003329259899669475,0.1200175401915088,0.7977825766876623,25,20,10
1,6649,0.06990135648354659,3.1774443438434647e-07,0.1676691520824789,0.76242917368954,25,20,10
1,6650,0.09475521125112532,2.1027841409341565e-05,0.12418894366742515,0.7810348172400419,25,20,10
1,6651,0.0828322668198705,0.0006723445277063394,0.13680127782656332,0.779694110825862,25,20,10
1,6652,0.11396088661593627,7.112511574998181e-06,0.08756256328694052,0.7984694375855516,25,20,10
1,6653,0.11823498881485031,2.028292025697286e-06,0.09235606163910447,0.7894069212540221,25,20,10
1,6654,0.11842097237173346,2.0275072155029657e-06,0.09237669347970724,0.7892003066413451,25,20,10
1,6655,0.11947494164545036,1.7138818299374452e-08,0.09342482442836651,0.7871002167873655,25,20,10
1,6656,0.10467153015964577,8.319155757507039e-07,0.09694630204159946,0.798381335883181,25,20,10
1,6657,0.08418654245331583,7.837446610056914e-05,0.1529206477735029,0.7628144353070817,25,20,10
1,6658,0.15803784070817825,1.4692805103132545e-08,0.08625394061450146,0.7557082039845144,25,20,10
1,6659,0.16346264402290703,2.3159958017592633e-07,0.08418472580134713,0.7523523985761661,25,20,10
1,6660,0.15896487282283592,8.295989940318173e-08,0.10192705136910093,0.7391079928481686,25,20,10
1,6661,0.16126704041801676,5.8229690572072764e-08,0.0792107498106702,0.7595221515416212,25,20,10
1,6662,0.1173314634917403,4.854749108501629e-07,0.12334755420992986,0.7593204968234208,25,20,10
1,6663,0.14179849142409068,2.8860616809213824e-05,0.12090272346256131,0.7372699244965412,25,20,10
1,6664,0.17701108789545839,2.5125446453135866e-06,0.07639477534158347,0.7465916242183127,25,20,10
1,6665,0.18754638242116387,9.654900510048053e-07,0.05886138009650946,0.7535912719922745,25,20,10
1,6666,0.1871735259925134,8.474229833497029e-07,0.058823921693688816,0.7540017048908131,25,20,10
1,6667,0.20025646246806658,4.2584055718772724e-07,0.04557949303548864,0.7541636186558861,25,20,10
1,6668,0.18912745343269338,2.4459515263926704e-08,0.05821817672968707,0.7526543453781044,25,20,10
1,6669,0.17136647961949922,2.263283056207925e-08,0.07668231502553699,0.7519511827221332,25,20,10
1,6670,0.14095915812583396,4.496118330124097e-07,0.10610584713567368,0.7529345451266586,25,20,10
1,6671,0.1380697433658773,2.3051968369928077e-06,0.1079995268352123,0.7539284246020712,25,20,10
1,6672,0.11184960544293965,3.179881281202521e-05,0.1693043749898696,0.7188142207543813,25,20,10
1,6673,0.14703089270255126,3.739251594714914e-07,0.13384969805419833,0.7191190353180926,25,20,10
1,6674,0.19375505646316427,2.9528410214004375e-07,0.04888029892344866,0.7573643493292843,25,20,10
1,6675,0.06755023760577389,0.00024555900898429997,0.21052536421046422,0.7216788391747764,25,20,10
1,6676,0.010788456974463578,0.013205788482080623,0.2580524389830678,0.7179533155603843,25,20,10
1,6677,0.03595040323557155,0.0245583845334157,0.22145092737971864,0.7180402848512931,25,20,10
1,6678,0.10289414056348338,0.02462626642064897,0.1541256677031223,0.7183539253127462,25,20,10
1,6679,0.1217977493079167,0.024628550232198086,0.1348779132793394,0.7186957871805462,25,20,10
1,6680,0.12156752432975529,0.024543885484141454,0.14569154514964558,0.7081970450364594,25,20,10
1,6681,0.18026134671678895,0.03873464881950705,0.04337328250198777,0.7376307219617161,25,20,10
1,6682,0.1478147495303263,0.03994548504566806,0.06698633426231565,0.7452534311616891,25,20,10
1,6683,0.16222961286151125,0.039464619877387676,0.07381085973313034,0.7244949075279702,25,20,10
1,6684,0.15070608143478928,0.03953509212841864,0.09315068801062633,0.7166081384261658,25,20,10
1,6685,0.13946647744303406,0.03823470168134436,0.10768642904515502,0.7146123918304684,25,20,10
1,6686,0.1318591356351181,0.03991130665208194,0.1092703531758464,0.7189592045369565,25,20,10
1,6687,0.1569817334989432,0.038737302747019864,0.0918152155617686,0.7124657481922719,25,20,10
1,6688,0.12055615694246496,0.038733445721317955,0.12850720140343705,0.7122031959327819,25,20,10
1,6689,0.13785422268310688,0.03825929338000824,0.11237303015208547,0.7115134537848009,25,20,10
1,6690,0.14733279777959601,0.03830969407228221,0.10269710800024115,0.7116604001478813,25,20,10
1,6691,0.15533687147815345,0.03826128227258967,0.08787673067932122,0.7185251155699366,25,20,10
1,6692,0.16272159670631314,0.03994547134705359,0.04946348044341108,0.7478694515032209,25,20,10
1,6693,0.1575523884724532,0.014167178219229944,0.0739726894106181,0.7543077438976993,25,20,10
1,6694,0.07382558454682144,0.014167109769572256,0.15360780516727165,0.7583995005163399,25,20,10
1,6695,0.10379961402991757,0.03997020268607657,0.11040450432320467,0.7458256789608037,25,20,10
1,6696,0.13542634402631643,0.039914535516478,0.11658362154164445,0.7080754989155619,25,20,10
1,6697,0.12927143095478874,0.011233748939384862,0.15614611280189017,0.7033487073039385,25,20,10
1,6698,0.10445380821728982,0.038730068893561294,0.1897086147800875,0.6671075081090614,25,20,10
1,6699,0.11768949439699568,0.03873466464666983,0.18513548478124092,0.6584403561750979,25,20,10
1,6700,0.12017476229926412,0.03997096374068308,0.16168990762786564,0.67816436633219,25,20,10
1,6701,0.11427292872369725,0.039948969614551126,0.16753652014997805,0.6782415815117757,25,20,10
1,6702,0.10963516805222989,0.03994975742827751,0.18898645321253058,0.6614286213069636,25,20,10
1,6703,0.11463090500367948,0.039955673422606724,0.17860430517213124,0.6668091164015832,25,20,10
1,6704,0.1385703206665322,0.039529039808925005,0.1651682849702124,0.6567323545543335,25,20,10
1,6705,0.12709448265269999,0.040343719753605525,0.1769853765090772,0.6555764210846138,25,20,10
1,6706,0.13077916647949692,0.048939409412652714,0.14647911830165086,0.6738023058062014,25,20,10
1,6707,0.17005479694351824,0.048939418473498274,0.1014365249604067,0.6795692596225774,25,20,10
1,6708,0.1596248464998305,0.03902393074615594,0.1227961691050034,0.6785550536490128,25,20,10
1,6709,0.16133241020816336,0.040708810743253034,0.11876903852896568,0.6791897405196184,25,20,10
1,6710,0.16152056852667163,0.040713483936242,0.132980844627666,0.6647851029094203,25,20,10
1,6711,0.16767276564425107,0.0007793350132616027,0.1141008972029649,0.7174470021395216,25,20,10
1,6712,0.15451909920751888,1.4542563916350624e-05,0.09635815020532464,0.7491082080232399,25,20,10
1,6713,0.1599644742590046,1.4121581029696467e-05,0.08950748140267019,0.7505139227572968,25,20,10
1,6714,0.1769300025900437,1.339745871762477e-06,0.07077865247699035,0.7522900051870937,25,20,10
1,6715,0.11329407214274367,5.172231122718553e-07,0.12804166937037473,0.7586637412637723,25,20,10
1,6716,0.15160733914317925,1.1938217034856959e-06,0.09152736718715775,0.7568640998479584,25,20,10
1,6717,0.10265411807157912,0.00012079380217453483,0.14317692214810288,0.7540481659781451,25,20,10
1,6718,0.14371155844064396,1.1121042789343967e-06,0.11443567395888428,0.7418516554961925,25,20,10
1,6719,0.1879933661990112,2.904435854243676e-07,0.05796042955098422,0.7540459138064183,25,20,10
1,6720,0.16183452179500893,7.2654222594943796e-06,0.07869632114294893,0.7594618916397816,25,20,10
1,6721,0.1239361445771115,2.1768812061058528e-07,0.07706042336679786,0.79900321436797,25,20,10
1,6722,0.10629447034574122,2.791728095147517e-09,0.09538735763094935,0.7983181692315838,25,20,10
1,6723,0.0950963202763565,4.232289128951369e-08,0.107372134941294,0.7975315024594584,25,20,10
1,6724,0.08204047111130473,2.0343010148882288e-07,0.12285162340777828,0.7951077020508157,25,20,10
1,6725,0.08107345297343088,3.3358790594559067e-07,0.12137785385522455,0.7975483595834397,25,20,10
1,6726,0.0833472345638483,4.273083130692786e-08,0.07918872284255332,0.8374639998627658,25,20,10
1,6727,0.08735917847711544,4.5331332551832764e-08,0.08139266471372691,0.831248111477824,25,20,10
1,6728,0.08649655472228755,8.254804802028871e-05,0.08149526993586666,0.8319256272938267,25,20,10
1,6729,0.07681813546268842,3.6877370387576934e-09,0.10359251130895204,0.8195893495406236,25,20,10
1,6730,0.07770645971792348,2.858047628983032e-09,0.09605675906187484,0.8262367783621534,25,20,10
1,6731,0.08274908590954304,2.8022356006452235e-06,0.10499664648317752,0.8122514653716791,25,20,10
1,6732,0.07755845477319422,3.1182600684094225e-06,0.09755230688827198,0.8248861200784655,25,20,10
1,6733,0.07726551531977392,2.0211691501375536e-05,0.14008421897679862,0.7826300540119273,25,20,10
1,6734,0.0887019973590547,3.8572713612776e-09,0.13891162233855206,0.7723863764451266,25,20,10
1,6735,0.12439172047074849,2.1886557819966877e-07,0.1337070083321222,0.7419010523315531,25,20,10
1,6736,0.10447647591919909,0.00022224091912724476,0.09635455793580135,0.7989467252258735,25,20,10
1,6737,0.10657094587165725,0.00022226377519842774,0.09413441120747314,0.7990723791456702,25,20,10
1,6738,0.10194260625385125,0.00022204613146798482,0.10631600237743752,0.7915193452372435,25,20,10
1,6739,0.06950882451153041,5.159522011773797e-07,0.13916865173816587,0.7913220077981051,25,20,10
1,6740,0.07432527509850882,2.0242437195042196e-06,0.13418928304786037,0.7914834176099143,25,20,10
1,6741,0.047476762920479434,0.00027294417908983715,0.15373128663706884,0.798519006263365,25,20,10
1,6742,0.06819037513339747,8.122634354889858e-05,0.13425908282227947,0.7974693157007786,25,20,10
1,6743,0.11656967160317498,1.9505232353975094e-05,0.09127985438906655,0.7921309687754063,25,20,10
1,6744,0.1551732856398869,8.097504120374352e-05,0.0649430036093697,0.779802735709539,25,20,10
1,6745,0.14257708354754123,8.133633720688277e-05,0.0712286019711906,0.7861129781440606,25,20,10
1,6746,0.04962979218674566,6.82627403992386e-08,0.16574818191357277,0.7846219576369441,25,20,10
1,6747,0.04974047807763642,5.6568263459515654e-08,0.1583579576285379,0.7919015077255638,25,20,10
1,6748,0.08640776660682983,1.344948293774274e-05,0.11463076625673681,0.7989480176534949,25,20,10
1,6749,0.08250585348839098,2.91334238965908e-07,0.11911840004220597,0.7983754551351658,25,20,10
1,6750,0.028603371064379424,1.5006209247652252e-06,0.1734755749212066,0.7979195533934929,25,20,10
1,6751,0.04236724497235022,1.4680467897572205e-06,0.16485719024334622,0.7927740967375165,25,20,10
1,6752,0.03576730524212529,1.6212315438957587e-06,0.17184267434013822,0.7923883991861935,25,20,10
1,6753,0.03423189911319813,5.100708378303722e-07,0.17109652254966368,0.7946710682663006,25,20,10
1,6754,0.11181990213594363,6.597697400535183e-08,0.10839664695743256,0.7797833849296479,25,20,10
1,6755,0.11827399606684992,1.3266247084478226e-07,0.09722832531555048,0.7844975459551293,25,20,10
1,6756,0.15230958620762558,1.3728125167097522e-07,0.06273735521933166,0.7849529212917907,25,20,10
1,6757,0.14092015343349235,1.7986146174035333e-07,0.060570972070001235,0.7985086946350439,25,20,10
1,6758,0.10732682982549478,6.81877798464928e-08,0.13398163813850045,0.7586914638482284,25,20,10
1,6759,0.09228957091032748,0.0006604436298450261,0.1610787500180824,0.7459712354417443,25,20,10
1,6760,0.12621457686644624,8.340380770381871e-07,0.11238380389316012,0.761400785202317,25,20,10
1,6761,0.1376235396213657,0.00012088231954059955,0.09680308618021323,0.7654524918788834,25,20,10
1,6762,0.15972069854065285,3.530012177492021e-05,0.08270667210291192,0.757537329234661,25,20,10
1,6763,0.17915736614748518,7.727498508885807e-06,0.07302478080050306,0.7478101255535031,25,20,10
1,6764,0.16983696289654404,7.724696471299347e-06,0.08689355777393513,0.7432617546330492,25,20,10
1,6765,0.17994874731564273,7.735148282283863e-06,0.060873776646378726,0.7591697408896968,25,20,10
1,6766,0.1771873339877402,0.00013067061898824396,0.06461689739516659,0.7580650979981037,25,20,10
1,6767,0.14995695093942854,0.0001327218610393991,0.09061987418274528,0.759290453016787,25,20,10
1,6768,0.14497010053447637,1.0963520526085424e-08,0.09467590177423002,0.7603539867277731,25,20,10
1,6769,0.14057076817449082,2.153016498780311e-08,0.11083469641207261,0.7485945138832721,25,20,10
1,6770,0.12873352709379854,2.6143159043448572e-09,0.1354791065831102,0.7357873637087772,25,20,10
1,6771,0.11270843547982302,4.615030251378593e-06,0.15231055912136332,0.7349763903685624,25,20,10
1,6772,0.11680079353319676,1.613634917541824e-07,0.14619533193389156,0.7370037131694218,25,20,10
1,6773,0.19026609629191785,1.9091328857249608e-08,0.05640030738045358,0.7533335772362986,25,20,10
1,6774,0.17266663955470307,1.2400126145654985e-07,0.07666448255624536,0.750668753887788,25,20,10
1,6775,0.1579892320262648,0.0005052741725286581,0.08743356598979146,0.7540719278114154,25,20,10
1,6776,0.15911831794397185,0.0005052671307449727,0.09222184072409702,0.7481545742011868,25,20,10
1,6777,0.18980299424550695,0.0005051676361402838,0.05435170725270234,0.7553401308656505,25,20,10
1,6778,0.16426695653427892,4.26114757432419e-05,0.08277468529636346,0.752915746693616,25,20,10
1,6779,0.14916613801057949,5.304949751898688e-11,0.06302554465793082,0.7878083172784399,25,20,10
1,6780,0.1942758542792718,3.30142907906657e-08,0.017754988958504345,0.7879691237479319,25,20,10
1,6781,0.19617205313855668,6.933113133620826e-10,0.04026867241014175,0.7635592737579894,25,20,10
1,6782,0.15569263322220642,9.166822481551537e-07,0.07950880585745425,0.7647976442380907,25,20,10
1,6783,0.1844294526155261,1.11574695792211e-06,0.08663128945152093,0.7289381421859936,25,20,10
1,6784,0.17572854350392553,3.706025620458497e-06,0.11451695504050097,0.7097507954299564,25,20,10
1,6785,0.2636099689912612,4.987916495183616e-07,0.02450004667197432,0.7118894855451151,25,20,10
1,6786,0.22484146923064985,2.2249115883067928e-07,0.1125161901134522,0.6626421181647424,25,20,10
1,6787,0.26479734537177946,2.2518895015129009e-07,0.0556857493405324,0.6795166800987374,25,20,10
1,6788,0.18336637518403567,0.00018180306839371332,0.13734473697863156,0.6791070847689424,25,20,10
1,6789,0.16363303280197475,0.02113609949379848,0.13578698083680116,0.679443886867428,25,20,10
1,6790,0.12070651092810762,0.020975730221144726,0.13923427042280173,0.7190834884279479,25,20,10
1,6791,0.14373453459706467,0.03997696321164476,0.10222494453510413,0.7140635576561876,25,20,10
1,6792,0.10144606099307694,0.03998287531100224,0.10851338036561115,0.7500576833303079,25,20,10
1,6793,0.15487482019826704,0.0008176444607683912,0.08502065651568289,0.7592868788252831,25,20,10
1,6794,0.11973690490961887,6.526831335371117e-08,0.11975152149869078,0.7605115083233785,25,20,10
1,6795,0.11274962413121234,0.00021446772791591724,0.09682220758692528,0.7902137005539492,25,20,10
1,6796,0.15942551535147606,2.2415270149336983e-08,0.04205619993818251,0.7985182622950704,25,20,10
1,6797,0.1620274994024199,1.3797870375249142e-08,0.03967918135889044,0.798293305440818,25,20,10
1,6798,0.1270785487647147,2.0729448068218596e-07,0.10961878320117231,0.7633024607396315,25,20,10
1,6799,0.12107444794238255,7.946753548774963e-10,0.11536037222577943,0.7635651790371619,25,20,10
1,6800,0.12199977028402192,3.558807753357217e-05,0.0901900947741118,0.7877745468643315,25,20,10
1,6801,0.12328687917136172,5.723395472409708e-08,0.10544229298538779,0.7712707706092965,25,20,10
1,6802,0.14005549331812472,7.400947707368879e-06,0.07458528593188798,0.7853518198022787,25,20,10
1,6803,0.14051974985146157,7.24343143613736e-06,0.0669183820162435,0.792554624700859,25,20,10
1,6804,0.15018524411160963,7.392727745798063e-06,0.05726141495789827,0.7925459482027448,25,20,10
1,6805,0.14268874247794458,7.546545983739569e-06,0.05856228642285717,0.7987414245532147,25,20,10
1,6806,0.17912534378536799,7.194013496225202e-06,0.021745618829564068,0.7991218433715709,25,20,10
1,6807,0.16970345230020567,2.3142031458738813e-08,0.036532976560301515,0.7937635479974611,25,20,10
1,6808,0.16186983665750126,1.133845680428897e-08,0.04465173666664517,0.7934784153373962,25,20,10
1,6809,0.1337989783111533,1.127925501712621e-08,0.06705746462555089,0.7991435457840406,25,20,10
1,6810,0.12135720004825411,6.545044353864873e-09,0.08864290349873441,0.7899998899079683,25,20,10
1,6811,0.14185059300479713,9.962635855340942e-08,0.019411573106815298,0.8387377342620289,25,20,10
1,6812,0.14210320647474906,9.956269757055273e-08,0.018960814928229264,0.8389358790343243,25,20,10
1,6813,0.16161101427923272,6.817891218098385e-10,0.053412720014515795,0.7849762650244614,25,20,10
1,6814,0.13489528434165884,1.3389580497687095e-08,0.06662986830626667,0.7984748339624921,25,20,10
1,6815,0.1675600820758289,1.026879063296144e-06,0.034296082792998256,0.798142808252109,25,20,10
1,6816,0.11762124885172268,0.0393425171703598,0.044578968673875057,0.7984572653040423,25,20,10
1,6817,0.12056725562055394,0.039939161336765415,0.04111007727770529,0.7983835057649751,25,20,10
1,6818,0.08245570892289916,0.039939181279941775,0.04727555950219457,0.8303295502949652,25,20,10
1,6819,0.11528842456244374,0.038738225768037524,0.029389808497659403,0.816583541171859,25,20,10
1,6820,0.08929586525695143,0.03997648786467384,0.06912911527748915,0.8015985316008849,25,20,10
1,6821,0.08388262767021809,0.03997773375197108,0.0387087141079876,0.8374309244698224,25,20,10
1,6822,0.09044508158677131,0.03997648663149639,0.030937645741702578,0.838640786040029,25,20,10
1,6823,0.11646912549478312,0.03994384324475194,0.01156178158215702,0.8320252496783067,25,20,10
1,6824,0.12067011071434224,0.03871441350452534,0.016678453023446723,0.8239370227576853,25,20,10
1,6825,0.08340667568051444,0.0399551272871683,0.037796969190392576,0.8388412278419243,25,20,10
1,6826,0.0810430719939741,0.039976718717302254,0.04040035338719207,0.8385798559015321,25,20,10
1,6827,0.08134460722017992,0.01421220844540938,0.07235102267909799,0.8320921616553123,25,20,10
1,6828,0.045956403749477445,0.03997603918602994,0.08194306647790088,0.8321244905865945,25,20,10
1,6829,0.051074373288512234,0.039920019207152206,0.08121476512636729,0.8277908423779694,25,20,10
1,6830,0.04323554827654068,0.03873308978954828,0.11397608725438763,0.8040552746795268,25,20,10
1,6831,0.08721328541304496,0.03876837988116361,0.08339119408276133,0.7906271406230324,25,20,10
1,6832,0.12050038336509127,0.03873309116749871,0.060570750165573936,0.7801957753018354,25,20,10
1,6833,0.1210400692277271,0.03932543004479411,0.045868990473261026,0.7937655102542184,25,20,10
1,6834,0.07256119802277627,0.03993828542001944,0.09498274043893591,0.7925177761182677,25,20,10
1,6835,0.08401049516991049,0.039954388366770385,0.06533527143420542,0.8106998450291139,25,20,10
1,6836,0.0803345084966528,0.03990977798573871,0.08636084223446705,0.7933948712831416,25,20,10
1,6837,0.08370834635737967,0.03994001511871491,0.04335651126799474,0.8329951272559104,25,20,10
1,6838,0.08368558939212231,0.039946016188915655,0.04817048245950514,0.828197911959456,25,20,10
1,6839,0.12021399265738786,0.03994601815207774,0.0014683709002900488,0.8383716182902431,25,20,10
1,6840,0.1083642353314869,0.039946016804756825,0.013491115683373729,0.838198632180381,25,20,10
1,6841,0.12011496666647686,0.03994603147362638,0.015618240019545955,0.8243207618403496,25,20,10
1,6842,0.11806693626930001,0.03990840116269447,0.017953452978068326,0.8240712095899358,25,20,10
1,6843,0.09777215919486265,0.03990834045573329,0.02993240398967313,0.8323870963597291,25,20,10
1,6844,0.11741939364851549,0.0399552087955175,0.003213739361779368,0.839411658194187,25,20,10
1,6845,0.11234927665740241,0.011136865528669503,0.038163623556225296,0.8383502342577025,25,20,10
1,6846,0.12073511574467932,0.011136865363239561,0.03007250867326635,0.8380555102188141,25,20,10
1,6847,0.15027956351701616,0.039940499994335285,0.011049421413839623,0.7987305150748081,25,20,10
1,6848,0.12767551560384846,0.041513618419527776,0.031940802783034676,0.7988700631935888,25,20,10
1,6849,0.16033832291785421,0.03994527534011252,0.0005591145131638182,0.7991572872288683,25,20,10
1,6850,0.12149852721924911,0.03994526146544756,0.046688531547929575,0.7918676797673727,25,20,10
1,6851,0.08243613209049613,0.014166170161285005,0.10815742694182635,0.795240270806395,25,20,10
1,6852,0.045610342358047534,0.039954644440768024,0.11573250405724171,0.798702509143943,25,20,10
1,6853,0.04792553518703918,0.0387232552344358,0.12075944642643584,0.7925917631520896,25,20,10
1,6854,0.043391729975366077,0.038720407058977654,0.11943124996925027,0.7984566129964069,25,20,10
1,6855,0.028500377127144906,0.03872129332828979,0.1408182642623858,0.7919600652821817,25,20,10
1,6856,0.030296494789253333,0.039780036244860574,0.13720915615583554,0.7927143128100534,25,20,10
1,6857,0.027174157742729146,0.03995456993583269,0.14425312175616223,0.7886181505652757,25,20,10
1,6858,0.07017211117058754,0.011216801145746589,0.11602061024627972,0.8025904774373842,25,20,10
1,6859,0.04862865585516363,0.03992004462214737,0.11275360208423794,0.7986976974384535,25,20,10
1,6860,0.08196453354010344,0.03995899804416216,0.07947819351004512,0.798598274905688,25,20,10
1,6861,0.08968061208809008,0.0399825906879446,0.07185259446121117,0.7984842027627532,25,20,10
1,6862,0.08728786707994311,0.03997987022691942,0.08097270938883608,0.7917595533043034,25,20,10
1,6863,0.047300279398116075,0.039944066840459334,0.11564437217677391,0.7971112815846513,25,20,10
1,6864,0.11404889638075248,0.03825997922906693,0.05033925435813427,0.797351870032047,25,20,10
1,6865,0.11813858135151122,0.038226736253474246,0.056135104267942264,0.7874995781270715,25,20,10
1,6866,0.09743968325913899,0.03826193295119206,0.11781947047283438,0.7464789133168368,25,20,10
1,6867,0.078253942926403,0.03872619628826299,0.12907959949316153,0.7539402612921746,25,20,10
1,6868,0.059675773717799856,0.038721687360942815,0.14235213360840138,0.7592504053128579,25,20,10
1,6869,0.08702740916230053,0.03994416606478461,0.1148742076179882,0.7581542171549274,25,20,10
1,6870,0.14700700024856167,0.038734298176033424,0.11155447822322272,0.7027042233521834,25,20,10
1,6871,0.16568926596331074,0.03992333247446715,0.07471104966297525,0.7196763518992474,25,20,10
1,6872,0.1702783093664291,0.014163997226564546,0.09954359373635199,0.7160140996706568,25,20,10
1,6873,0.15459649442463821,0.014173220425936184,0.11265072929518327,0.718579555854244,25,20,10
1,6874,0.10532962208701234,0.03997434260310902,0.13515265925990583,0.7195433760499754,25,20,10
1,6875,0.08360710296238386,0.03994947423588812,0.17657833087111358,0.6998650919306145,25,20,10
1,6876,0.10477140167935517,0.038878097262998436,0.1421600118090309,0.7141904892486166,25,20,10
1,6877,0.11757010373602184,0.03996875136640103,0.13482807407684944,0.7076330708207297,25,20,10
1,6878,0.1204913938811058,0.0007792719568293753,0.1755796319697928,0.7031497021922734,25,20,10
1,6879,0.11885403767859763,5.767653792463534e-07,0.18224331911942646,0.6989020664365987,25,20,10
1,6880,0.10313280060131268,2.2416352974754247e-05,0.15788893101579923,0.7389558520299169,25,20,10
1,6881,0.08085059638010052,0.039961727744170075,0.18575478166747592,0.6934328942082578,25,20,10
1,6882,0.0793952447417428,0.051621420734136905,0.21021142000456813,0.6587719145195529,25,20,10
1,6883,0.04611416505841202,0.07995822445495629,0.19518709944557916,0.6787405110410504,25,20,10
1,6884,0.026515410261996532,0.0770008902261138,0.2038286871947152,0.6926550123171745,25,20,10
1,6885,0.08319522496305305,0.07727659415017624,0.1667471957699702,0.6727809851167996,25,20,10
1,6886,0.09387060141035569,0.07726453964917125,0.15093044548221132,0.6779344134582641,25,20,10
1,6887,0.09235467633662281,0.07898940528463623,0.15041060556567337,0.6782453128130713,25,20,10
1,6888,0.0953087770256036,0.07990046605469839,0.2319570615194895,0.5928336954002075,25,20,10
1,6889,0.11445795489361119,0.07941251409110722,0.2205459603715265,0.5855835706437549,25,20,10
1,6890,0.12128276738681822,0.0794136643810275,0.26016293515020705,0.5391406330819504,25,20,10
1,6891,0.1250493877636517,0.07868278061648472,0.243601989133939,0.5526658424859243,25,20,10
1,6892,0.2028100098226505,0.07989504777037057,0.15796337951921197,0.5593315628877713,25,20,10
1,6893,0.15672177533788628,0.07990657026444323,0.1713089794854966,0.592062674912174,25,20,10
1,6894,0.13842289133323163,0.07810968734136255,0.18264561542180732,0.6008218059035978,25,20,10
1,6895,0.12143690986329941,0.0793172802258651,0.17863118560652208,0.6206146243043132,25,20,10
1,6896,0.12481363580277646,0.0792874223952687,0.16314281922929474,0.6327561225726616,25,20,10
1,6897,0.08103594179519216,0.07928750020135417,0.20697172296002664,0.6327048350434287,25,20,10
1,6898,0.17148764531020888,0.07933531829530922,0.11613887653196502,0.6330381598625175,25,20,10
1,6899,0.23222563262546136,0.051193164853201065,0.08219179821195473,0.6343894043093828,25,20,10
1,6900,0.23411007431325,0.07400281954734361,0.05298258999201943,0.6389045161473869,25,20,10
1,6901,0.227155250193443,0.07400311054191758,0.05976101684929673,0.6390806224153425,25,20,10
1,6902,0.21987775292746128,0.1198977777987266,0.02095500870687543,0.6392694605669367,25,20,10
1,6903,0.19437874502519883,0.07995427454614516,0.09129309809931538,0.634373882329342,25,20,10
1,6904,0.22274633000704674,0.08096109221044503,0.06652722915959294,0.6297653486229147,25,20,10
1,6905,0.214331693445965,0.0799402534875882,0.07124431144547894,0.6344837416209678,25,20,10
1,6906,0.21444935831355938,0.08061103966361285,0.07066679316655593,0.6342728088562716,25,20,10
1,6907,0.18011940262875237,0.07991527186922655,0.10643436116404216,0.6335309643379788,25,20,10
1,6908,0.19286042246118795,0.07946624410151154,0.1000203590809858,0.6276529743563148,25,20,10
1,6909,0.19654510198908284,0.07947889176206809,0.07432905969103759,0.6496469465578119,25,20,10
1,6910,0.19938517250670423,0.05411291759595195,0.11172719125544103,0.6347747186419054,25,20,10
1,6911,0.17937886451702884,0.05414140704125707,0.12689267081947875,0.6395870576222369,25,20,10
1,6912,0.15777693736301568,0.07943464491720115,0.1401210304748093,0.6226673872449768,25,20,10
1,6913,0.1595852005870594,0.07986602333267732,0.13218781963334167,0.6283609564469222,25,20,10
1,6914,0.1872295985226878,0.07988594965235817,0.08826480723349292,0.6446196445914599,25,20,10
1,6915,0.20123946781167926,0.0798553885579545,0.08105708782291962,0.6378480558074462,25,20,10
1,6916,0.23103646975743153,0.07985539391092415,0.05257063349695171,0.6365375028346917,25,20,10
1,6917,0.17830475050906966,0.06477833876700469,0.11904228841887166,0.6378746223050558,25,20,10
1,6918,0.17696127747243884,0.06483817945308909,0.11942148744220665,0.6387790556322672,25,20,10
1,6919,0.1955348933325789,0.07993971811314386,0.0854367605943663,0.6390886279599105,25,20,10
1,6920,0.23651450025147328,0.061406400604177874,0.09365165335830014,0.6084274457860487,25,20,10
1,6921,0.17053323501750886,0.07773222220460341,0.1527244643767365,0.5990100784011524,25,20,10
1,6922,0.15510102703089884,0.07990134488145287,0.1629219484683374,0.6020756796193086,25,20,10
1,6923,0.16184925694238003,0.038893083836345044,0.2010727370860213,0.5981849221352534,25,20,10
1,6924,0.15566263782463266,0.040626087528534756,0.2049978141593634,0.5987134604874695,25,20,10
1,6925,0.15636327494188568,0.038246315197956064,0.2063487058776122,0.5990417039825472,25,20,10
1,6926,0.13836212372253318,0.03994911841017305,0.2228201027408903,0.5988686551264043,25,20,10
1,6927,0.314136869191628,0.0007801952451968804,0.08595880142467932,0.5991241341384961,25,20,10
1,6928,0.31840117482251146,7.641419414860144e-05,0.04483887346642361,0.6366835375169163,25,20,10
1,6929,0.31773382736364597,7.599819012700824e-05,0.04552267746449751,0.6366674969817285,25,20,10
1,6930,0.2881117473650854,4.1416177768537225e-07,0.07099976184959125,0.6408880766235451,25,20,10
1,6931,0.20815801293331326,6.41153383370133e-05,0.14959289452162056,0.6421849772067313,25,20,10
1,6932,0.14867529343060495,7.541149561283567e-05,0.2132086414976363,0.6380406535761436,25,20,10
1,6933,0.1456129493289739,6.408913217504936e-05,0.18921220828406818,0.6651107532547843,25,20,10
1,6934,0.18436434660246298,6.406078232995262e-05,0.14977866421565886,0.6657929283995486,25,20,10
1,6935,0.18045606248055407,0.0009482022543140472,0.15683076674888932,0.6617649685162444,25,20,10
1,6936,0.18224719101033396,0.0008864940558975395,0.13829523149485412,0.6785710834389149,25,20,10
1,6937,0.14140018980732189,0.03837826674068177,0.11014795757827436,0.710073585873723,25,20,10
1,6938,0.162220250907831,0.03991683143818627,0.07971740318597643,0.7181455144680059,25,20,10
1,6939,0.22594209176680827,0.03991683854093623,0.016093055713075486,0.7180480139791798,25,20,10
1,6940,0.1974831497334666,0.021230298571129083,0.06295587517029001,0.7183306765251138,25,20,10
1,6941,0.20164084517605743,0.021230308169087615,0.05830989610640332,0.7188189505484511,25,20,10
1,6942,0.20210163363522723,0.03870491427404871,0.0911752542802578,0.6680181978104675,25,20,10
1,6943,0.2008294122838114,0.039939531649018666,0.105013634683858,0.6542174213833153,25,20,10
1,6944,0.148694796117083,0.039939575854501544,0.14255871678252807,0.6688069112458892,25,20,10
1,6945,0.15510619510825782,0.038223972356304356,0.12730380431578492,0.679366028219658,25,20,10
1,6946,0.17338497571572714,0.039539138463379954,0.14945476077778394,0.6376211250431119,25,20,10
1,6947,0.16821965155485522,0.039966155798398455,0.1542678989667083,0.6375462936800388,25,20,10
1,6948,0.1246414888808091,0.04001888939955458,0.171753888232056,0.6635857334875803,25,20,10
1,6949,0.1262306508593422,0.040018889974075794,0.16587644266245935,0.6678740165041225,25,20,10
1,6950,0.21645358081846092,0.03997990794403829,0.0644716081043303,0.6790949031331692,25,20,10
1,6951,0.25656177070688996,0.038235415387177715,0.023117756306953563,0.6820850575989781,25,20,10
1,6952,0.20317722689860573,0.03823493087943319,0.07963691795448692,0.6789509242674737,25,20,10
1,6953,0.172068099374489,0.039970374767085294,0.10955321175444195,0.6784083141039859,25,20,10
1,6954,0.1264353791333137,0.038215645804862065,0.1527044949982834,0.682644480063544,25,20,10
1,6955,0.14458780060882895,0.03997648276348825,0.1374386955026447,0.6779970211250387,25,20,10
1,6956,0.18820350913546055,0.03993731794644206,0.09298325276448365,0.6788759201536158,25,20,10
1,6957,0.1992138010324284,0.039358707394867236,0.03847792139272161,0.7229495701799826,25,20,10
1,6958,0.1996113973858065,0.03935870706516173,0.043411699032774725,0.7176181965162577,25,20,10
1,6959,0.19775641802203847,0.039946305241237254,0.008867399331435277,0.7534298774052884,25,20,10
1,6960,0.18160064834384435,0.039946026433149505,0.025213963747989187,0.7532393614750158,25,20,10
1,6961,0.1812256858821823,0.01412491754316758,0.04517542702492307,0.759473969549727,25,20,10
1,6962,0.15528262845909818,0.03872912541619451,0.05297425370412956,0.7530139924205769,25,20,10
1,6963,0.14619550030170722,0.038728927467840873,0.06761256216182286,0.7474630100686277,25,20,10
1,6964,0.1628428112923197,0.03998889717798973,0.03883418818048248,0.7583341033492078,25,20,10
1,6965,0.16086592771581476,0.07992572121413843,0.0017874595254302064,0.7574208915446161,25,20,10
1,6966,0.14816862127764188,0.03999025132321265,0.05348108026120755,0.7583600471379381,25,20,10
1,6967,0.18335554383694244,0.021110970984044474,0.0375066201600688,0.7580268650189441,25,20,10
1,6968,0.14056730279580257,0.03760358819243439,0.06414533968943065,0.7576837693223323,25,20,10
1,6969,0.1381727492016941,0.0011129022442053016,0.10333337711241604,0.7573809714416868,25,20,10
1,6970,0.16270615790487417,0.0011130410198089786,0.08188754475006764,0.7542932563252492,25,20,10
1,6971,0.1636633679094641,0.001115262448045967,0.07648366448588775,0.7587377051566021,25,20,10
1,6972,0.15544969635822348,0.01139909250609131,0.0808466842970815,0.7523045268386052,25,20,10
1,6973,0.14730836383511262,0.01221711497956781,0.09311155789314686,0.747362963292174,25,20,10
1,6974,0.11677490679745546,0.03997065055397389,0.09054894740008625,0.7527054952484846,25,20,10
1,6975,0.11680126772019161,0.03873334534608077,0.08571542269178373,0.758749964241944,25,20,10
1,6976,0.11986816678802908,0.0002721800237445159,0.185717006884313,0.6941426463039153,25,20,10
1,6977,0.09051132089224553,6.35907980475782e-07,0.20114770524634706,0.7083403379534269,25,20,10
1,6978,0.11651153009279225,0.0005565845789672984,0.1647233127904734,0.7182085725377689,25,20,10
1,6979,0.10335454031337642,5.015517377444318e-05,0.19449563341176482,0.7020996711010866,25,20,10
1,6980,0.10473675776080903,0.001081488709813265,0.1916853613469337,0.702496392182443,25,20,10
1,6981,0.1599033929257032,0.0010850954907996612,0.12582966792237438,0.7131818436611235,25,20,10
1,6982,0.138558378999367,0.021410820916769723,0.18788009181855841,0.6521507082653056,25,20,10
1,6983,0.12407415582760604,0.021413189577233087,0.21499074541081664,0.6395219091843459,25,20,10
1,6984,0.09051534559589265,0.039997419190345294,0.18952083816183918,0.679966397051923,25,20,10
1,6985,0.1291101405589875,0.03999687532914129,0.18580425103845233,0.6450887330734225,25,20,10
1,6986,0.1295452988442522,0.037931005951627426,0.18434376188254575,0.6481799333215749,25,20,10
1,6987,0.19654895820617507,0.03992776535781124,0.11047453294645689,0.6530487434895577,25,20,10
1,6988,0.220450954669145,0.03992907038566667,0.10069943010229726,0.6389205448428912,25,20,10
1,6989,0.22235319562606498,0.03873559950983417,0.10091923971608999,0.6379919651480112,25,20,10
1,6990,0.2544434688258569,0.03873561883044549,0.06717181785964654,0.6396490944840507,25,20,10
1,6991,0.22449566361074813,0.03994355676808548,0.13315531592077712,0.6024054637003925,25,20,10
1,6992,0.2114639857373733,0.03810271891080851,0.14715772644022568,0.6032755689115966,25,20,10
1,6993,0.18825496750877263,0.039940165809368995,0.22171361086155197,0.5500912558203066,25,20,10
1,6994,0.25230579400666064,0.03773682764379923,0.160828534894225,0.5491288434553172,25,20,10
1,6995,0.23176398037686421,0.03905520522066361,0.16632272739977175,0.5628580870027013,25,20,10
1,6996,0.1930262664187845,0.040172168191834424,0.2094269908108635,0.5573745745785171,25,20,10
1,6997,0.20672024721192098,0.03997644646909027,0.19515527722599724,0.5581480290929927,25,20,10
1,6998,0.298417907240656,0.040873227199923604,0.107486390761733,0.5532224747976903,25,20,10
1,6999,0.28259746580582024,0.03997714317546144,0.11891708489670791,0.558508306122013,25,20,10
1,7000,0.28544688907345345,0.03997716688305258,0.1291452396279381,0.5454307044155587,25,20,10
1,7001,0.2729871016090934,0.03837229375099637,0.1298802154920057,0.558760389147906,25,20,10
1,7002,0.2808225537823533,0.03818497680869456,0.10291638734433241,0.5780760820646194,25,20,10
1,7003,0.2588232637090273,0.03993976818573653,0.1026559994003111,0.5985809687049249,25,20,10
1,7004,0.3060839305698467,0.039950778682876414,0.06124605192730049,0.5927192388199769,25,20,10
1,7005,0.29437999050487035,0.03993255491288634,0.1124212656097882,0.5532661889724569,25,20,10
1,7006,0.294711282642828,0.039700787502155735,0.10759169881286303,0.5579962310421541,25,20,10
1,7007,0.30821458737585056,0.03883947116355664,0.09962209588863535,0.5533238455719589,25,20,10
1,7008,0.3195422300887466,0.03834508903469333,0.08341574295333631,0.5586969379232233,25,20,10
1,7009,0.24435936025581256,0.04025216335700888,0.15671092573747225,0.558677550649708,25,20,10
1,7010,0.19621748839510889,0.03872602426342986,0.19530042395323444,0.5697560633882266,25,20,10
1,7011,0.19483586318504187,0.04958584041284248,0.19123271364272068,0.564345582759394,25,20,10
1,7012,0.2071408135741123,0.04834758311082309,0.1847101979579316,0.5598014053571339,25,20,10
1,7013,0.23309273879000394,0.04985748275422705,0.16615645469115659,0.5508933237646135,25,20,10
1,7014,0.1946681235290494,0.049910928888635964,0.20280783252347276,0.5526131150588429,25,20,10
1,7015,0.2382314295645069,0.07869398141973374,0.13536831102521307,0.5477062779905477,25,20,10
1,7016,0.26745949905135347,0.07521167903138544,0.10884026247479922,0.5484885594424618,25,20,10
1,7017,0.1934699584840364,0.03732610444050113,0.21630309143470838,0.5529008456407543,25,20,10
1,7018,0.24307788205932826,0.05207173370304713,0.15170158027581696,0.553148803961809,25,20,10
1,7019,0.23781822944520628,0.07650724449762804,0.12759694780865133,0.5580775782485152,25,20,10
1,7020,0.26615536991827,0.05239635822817158,0.12363630311539525,0.5578119687381665,25,20,10
1,7021,0.24877024696651048,0.05410251516321888,0.13977706301678872,0.5573501748534836,25,20,10
1,7022,0.22503938780251345,0.08058146253662649,0.13590564550082893,0.5584735041600325,25,20,10
1,7023,0.1963398821182954,0.08100565946259293,0.1639682218094378,0.5586862366096763,25,20,10
1,7024,0.25313001112804356,0.07867211171020418,0.10651948522174423,0.5616783919400089,25,20,10
1,7025,0.2331360544573731,0.08004582495995162,0.12766664487686813,0.5591514757058085,25,20,10
1,7026,0.23371967076699357,0.07994115170635425,0.12818602998589548,0.5581531475407592,25,20,10
1,7027,0.21751504364318414,0.07821073746223392,0.144950653558563,0.559323565336023,25,20,10
1,7028,0.18909394130024904,0.07947530023816964,0.1721175048223997,0.559313253639181,25,20,10
1,7029,0.14907969930722095,0.051183578074125415,0.2416155789372321,0.5581211436814214,25,20,10
1,7030,0.20517568352489854,0.051184348784542,0.19823157864754282,0.5454083890430182,25,20,10
1,7031,0.15150096921145498,0.07928389255462345,0.21013725217437063,0.5590778860595521,25,20,10
1,7032,0.144819702276656,0.07986584512602467,0.2166922022252566,0.5586222503720631,25,20,10
1,7033,0.17515040281993716,0.07815219440691262,0.18739442624604352,0.559302976527106,25,20,10
1,7034,0.23340372590338115,0.08017362955415878,0.12659572058233837,0.5598269239601228,25,20,10
1,7035,0.2299028270617975,0.08063588303393461,0.12984117656331742,0.5596201133409504,25,20,10
1,7036,0.21409459557573388,0.07911316698092076,0.147270947640455,0.5595212898028918,25,20,10
1,7037,0.20198042889604334,0.052696863740860876,0.16627976076329556,0.5790429465998032,25,20,10
1,7038,0.17576175164132504,0.07810047138871873,0.15341426312924697,0.5927235138407103,25,20,10
1,7039,0.19068456262058664,0.07931709559345645,0.14235702452145294,0.5876413172645037,25,20,10
1,7040,0.22033138701409727,0.07930281220149867,0.11036545034737902,0.5900003504370244,25,20,10
1,7041,0.20959200078203838,0.07930884053502373,0.12298538648221052,0.5881137722007274,25,20,10
1,7042,0.22536036428362333,0.07872401699497535,0.10883854527819253,0.5870770734432111,25,20,10
1,7043,0.16204383575713674,0.06147714543285214,0.17852838408762167,0.5979506347223926,25,20,10
1,7044,0.17874805792962115,0.07822063931970125,0.1440029450480616,0.5990283577026152,25,20,10
1,7045,0.17209464593672358,0.07995225460005168,0.14847625200312287,0.5994768474601035,25,20,10
1,7046,0.18627349907901866,0.07991638958404351,0.13248923274008628,0.6013208785968538,25,20,10
1,7047,0.1306956738926014,0.07931503949455403,0.19652908358627394,0.5934602030265684,25,20,10
1,7048,0.12046548585265703,0.07975166163008134,0.20104683571616022,0.5987360168011029,25,20,10
1,7049,0.12183556859874166,0.07860308909547682,0.20169865680230178,0.5978626855034819,25,20,10
1,7050,0.08495839493731493,0.07974710308590212,0.24757209994144355,0.5877224020353421,25,20,10
1,7051,0.11762905088048706,0.07865874824527139,0.20934007674138766,0.5943721241328573,25,20,10
1,7052,0.22118052896636595,0.07866936714469037,0.1014809799676714,0.5986691239212738,25,20,10
1,7053,0.18431286090244722,0.07742199944835862,0.13979565934183186,0.5984694803073647,25,20,10
1,7054,0.196051432724381,0.04074584411904492,0.16470208140530468,0.5985006417512685,25,20,10
1,7055,0.18534466604829242,0.0806835597265803,0.095735579661435,0.6382361945636927,25,20,10
1,7056,0.15988413384002786,0.053093358211764155,0.1487340026947145,0.6382885052534967,25,20,10
1,7057,0.1415643426883354,0.07893405344298107,0.17705084741678012,0.602450756451904,25,20,10
1,7058,0.1971008206725357,0.0781603335428212,0.12731846862766527,0.5974203771569797,25,20,10
1,7059,0.2603511536026393,0.040504529810760845,0.10171686045767159,0.5974274561289303,25,20,10
1,7060,0.27970045555334655,0.04024375972287147,0.05742803744422445,0.6226277472795572,25,20,10
1,7061,0.2706751487780761,0.040204038314808954,0.05571943313569073,0.633401379771425,25,20,10
1,7062,0.23973827060828587,0.04070871867282487,0.08086630535775209,0.6386867053611391,25,20,10
1,7063,0.19743490702893174,0.03991852773443235,0.12423012751479776,0.6384164377218409,25,20,10
1,7064,0.17977476347071572,0.039975498319120895,0.12158772932286407,0.6586620088873011,25,20,10
1,7065,0.12162727247500993,0.03928975626063687,0.1815082942086666,0.6575746770556887,25,20,10
1,7066,0.1506597273952473,0.04020409953476151,0.12968442983535008,0.6794517432346424,25,20,10
1,7067,0.12450168385103597,0.03997045001765845,0.20656376419401995,0.6289641019372858,25,20,10
1,7068,0.0892892491091879,0.03997863581898736,0.19181676783532237,0.6789153472365048,25,20,10
1,7069,0.08648846754916334,0.03995511454388988,0.1946162876614638,0.6789401302454834,25,20,10
1,7070,0.0871803574581749,0.03997688211911001,0.19922035836629307,0.6736224020564208,25,20,10
1,7071,0.12688663079780943,0.03997689519116338,0.17115360003488087,0.6619828739761457,25,20,10
1,7072,0.15489762850850905,0.011333778840691349,0.1612280070363807,0.6725405856144203,25,20,10
1,7073,0.1773789378800246,0.03994952987531646,0.11065400655484403,0.6720175256898168,25,20,10
1,7074,0.14010438611277862,0.039948906632631745,0.14241023689743515,0.6775364703571551,25,20,10
1,7075,0.18616696484459183,0.03996107152402373,0.0955826852816227,0.6782892783497636,25,20,10
1,7076,0.21164335893532754,0.039961014241957485,0.06999422516793241,0.6784014016547821,25,20,10
1,7077,0.21783645704117216,0.03998279962248446,0.06318226412407939,0.6789984792122631,25,20,10
1,7078,0.15850419355118284,0.03997044118195301,0.12261964073524526,0.6789057245316211,25,20,10
1,7079,0.1360421317292305,0.03992365634758646,0.14596119080304243,0.6780730211201416,25,20,10
1,7080,0.13670282196820627,0.03992332881729491,0.15133405048959234,0.6720397987249072,25,20,10
1,7081,0.1532693892651486,0.03992300879539972,0.13357474288974447,0.6732328590497086,25,20,10
1,7082,0.11627210371784055,0.03997085017646132,0.17087579441205253,0.6728812516936478,25,20,10
1,7083,0.15978244617499068,0.03997652574223008,0.12128391861602371,0.6789571094667578,25,20,10
1,7084,0.10955014205281215,0.039976723397009105,0.17107201219975685,0.6794011223504249,25,20,10
1,7085,0.1191062776594197,0.03985261598672919,0.1616149747992602,0.6794261315545914,25,20,10
1,7086,0.13776473982141735,0.03820923791043033,0.14958058844251856,0.6744454338256369,25,20,10
1,7087,0.08243729616911732,0.014434160949016396,0.2239237378022396,0.6792048050796271,25,20,10
1,7088,0.14088885210314503,0.03952130309715371,0.15150676989542752,0.6680830749042752,25,20,10
1,7089,0.10628122546971101,0.039530188790521455,0.20333386338218465,0.6508547223575849,25,20,10
1,7090,0.1583326750636997,0.03999055825729995,0.1504562263087519,0.6512205403702521,25,20,10
1,7091,0.14070176934101553,0.03997656817708659,0.1549440669967504,0.6643775954851503,25,20,10
1,7092,0.15524431534433,0.039976814655247404,0.13040725267846476,0.6743716173219623,25,20,10
1,7093,0.1635318809390714,0.03997834443186194,0.12201495783686758,0.6744748167922032,25,20,10
1,7094,0.12915990410863917,0.00037371593664409025,0.19174480754375284,0.6787215724109633,25,20,10
1,7095,0.08215319425460929,4.5300083979249746e-05,0.238993931824334,0.678807573837078,25,20,10
1,7096,0.1247247954130156,4.369641482705229e-05,0.21173989616426078,0.6634916120078964,25,20,10
1,7097,0.1682950597842019,3.335655060663476e-05,0.16354736196427214,0.6681242217009193,25,20,10
1,7098,0.13761075920101548,0.0005921238412549113,0.18625027306622421,0.6755468438915061,25,20,10
1,7099,0.12995830416091547,1.6377612431384053e-06,0.2022275192735401,0.667812538804304,25,20,10
1,7100,0.06319455897905338,2.328556604281279e-06,0.2649128359153127,0.6718902765490252,25,20,10
1,7101,0.10400785576490235,6.207087451658854e-07,0.2241515247516428,0.6718399987747103,25,20,10
1,7102,0.12330762870557421,2.5537156223122383e-06,0.1768271119189576,0.6998627056598471,25,20,10
1,7103,0.12192983109175104,0.021195297838266056,0.16114021788733005,0.695734653182654,25,20,10
1,7104,0.1536244520114412,0.02119282855653745,0.11778408204627722,0.7073986373857433,25,20,10
1,7105,0.16010205794430557,0.040402368283970105,0.09293067303798336,0.7065649007337435,25,20,10
1,7106,0.18055290687864758,0.03826707244252879,0.06315433454488031,0.718025686133943,25,20,10
1,7107,0.16333525208582714,0.011259335039078534,0.10659232002010556,0.7188130928549913,25,20,10
1,7108,0.19371116980888906,0.03998933190772954,0.04747674515359804,0.7188227531297824,25,20,10
1,7109,0.17277651182494644,0.03871938143363269,0.07060120138760503,0.7179029053538156,25,20,10
1,7110,0.16851017495840506,0.039983312664507664,0.1132618823318585,0.678244630045232,25,20,10
1,7111,0.17318243891755958,0.01115004528999375,0.1399800325823853,0.6756874832100634,25,20,10
1,7112,0.2390986637172799,0.011190875961681819,0.11574099524619617,0.6339694650748448,25,20,10
1,7113,0.23955913301296264,0.024881027520571353,0.0971505515910215,0.6384092878754444,25,20,10
1,7114,0.20187875967542981,0.02487011575985057,0.13338027444464867,0.6398708501200708,25,20,10
1,7115,0.1395440726717988,0.039977863817578674,0.18124549916977797,0.6392325643408445,25,20,10
1,7116,0.1601371883794634,0.039923661781623584,0.1748421015273271,0.625097048311586,25,20,10
1,7117,0.08648246266529336,0.011235295173279324,0.2739126852190118,0.6283695569424161,25,20,10
1,7118,0.11707806722395288,0.012139278687527524,0.24259160680673883,0.628191047281783,25,20,10
1,7119,0.09679835219363385,0.011794812440616627,0.253047766158923,0.6383590692068267,25,20,10
1,7120,0.11099691390989114,0.011246102483598036,0.19861296392687763,0.6791440196796356,25,20,10
1,7121,0.08239388503718008,0.03992778085187889,0.19898717120730416,0.6786911629036355,25,20,10
1,7122,0.11259622279555372,0.03992717193379872,0.2040593130635542,0.6434172922070944,25,20,10
1,7123,0.15709129499889882,0.03651670059792338,0.12831098648874956,0.6780810179144282,25,20,10
1,7124,0.05658851266953357,0.07269060607198324,0.19246197529000308,0.6782589059684818,25,20,10
1,7125,0.1509781265307849,0.07191228629766172,0.09505034162242101,0.6820592455491317,25,20,10
1,7126,0.1622108759963038,0.03355768469405955,0.12722045403140256,0.6770109852782343,25,20,10
1,7127,0.18345775567814332,0.05118896909819532,0.09654787698368036,0.6688053982399811,25,20,10
1,7128,0.20179968844860355,0.07867751327035308,0.044975122339616064,0.6745476759414261,25,20,10
1,7129,0.18017569702848327,0.07988328206677682,0.07168354105681597,0.6682574798479234,25,20,10
1,7130,0.1913404191022123,0.05118423411646332,0.10536890755726447,0.6521064392240619,25,20,10
1,7131,0.1627840663817736,0.06445408112418781,0.13687365271319296,0.6358881997808478,25,20,10
1,7132,0.16529948727836247,0.07989514179332133,0.10904825340197898,0.6457571175263387,25,20,10
1,7133,0.16454740862641193,0.07987904705541661,0.10840519711014202,0.6471683472080302,25,20,10
1,7134,0.12999472782196955,0.07987908406099782,0.11416894649027157,0.6759572416267631,25,20,10
1,7135,0.15497486256055568,0.07732613483899756,0.08101908930931541,0.6866799132911311,25,20,10
1,7136,0.20007917693699717,0.07901219570638049,0.04235941712559417,0.6785492102310283,25,20,10
1,7137,0.1993113014046001,0.07901220358246863,0.043277233341933084,0.6783992616709977,25,20,10
1,7138,0.20583332064153415,0.05410741606781225,0.07574997569797587,0.6643092875926758,25,20,10
1,7139,0.18154778268416416,0.07820863823042945,0.07791779329409124,0.6623257857913147,25,20,10
1,7140,0.17242523171290736,0.07805202254408633,0.07079203335965575,0.6787307123833499,25,20,10
1,7141,0.15305680181935163,0.07999252501671646,0.08941054174008124,0.6775401314238512,25,20,10
1,7142,0.13283231043671853,0.08000572096133961,0.1127103909499746,0.6744515776519675,25,20,10
1,7143,0.15671888351691562,0.07820494727968329,0.0921305601539172,0.672945609049486,25,20,10
1,7144,0.19011361480681344,0.07990015693367555,0.06432080155628105,0.6656654267032301,25,20,10
1,7145,0.1960251535806256,0.07990981723556706,0.04477765578101574,0.6792873734027914,25,20,10
1,7146,0.194432318842942,0.03996903596592183,0.09087946529783798,0.6747191798932994,25,20,10
1,7147,0.19899357945367815,0.039969035584365174,0.08230562460870469,0.6787317603532511,25,20,10
1,7148,0.19749673099477835,0.03827358174362401,0.12513066964288055,0.6390990176187183,25,20,10
1,7149,0.19624161775434623,0.03827358600370303,0.13093449239295077,0.6345503038490005,25,20,10
1,7150,0.19574930996485823,0.039960335511445934,0.1388435470783352,0.625446807445363,25,20,10
1,7151,0.16029735465638123,0.039977124260688474,0.15768059868612924,0.6420449223968034,25,20,10
1,7152,0.20007027009286954,0.03997871381416325,0.13176958786324933,0.6281814282297205,25,20,10
1,7153,0.2400554714486668,0.039916358159603114,0.08104404523778978,0.638984125153941,25,20,10
1,7154,0.23196236539100934,0.03995344496426478,0.08558595082857838,0.6424982388161478,25,20,10
1,7155,0.23419952276668635,0.014659742904797143,0.12129632603528417,0.6298444082932356,25,20,10
1,7156,0.2039497366269692,0.039971792251825025,0.1226524149143115,0.6334260562068965,25,20,10
1,7157,0.1352917795862194,0.039943983740501586,0.18880141184319588,0.6359628248300873,25,20,10
1,7158,0.12696097317468288,1.4957658824680094e-05,0.23100520185741322,0.6420188673090808,25,20,10
1,7159,0.11341030519849087,0.00037018624500605244,0.2529047694272952,0.6333147391292085,25,20,10
1,7160,0.10642975290845942,3.9148597946995e-05,0.23634758219674953,0.6571835162968458,25,20,10
1,7161,0.0878138601460513,4.327563747503479e-05,0.27078070402513776,0.6413621601913362,25,20,10
1,7162,0.11477487572283104,1.4251911735618111e-05,0.20727309944150826,0.6779377729239269,25,20,10
1,7163,0.1294285419624871,7.2514371205986055e-06,0.19169737561389663,0.6788668309864972,25,20,10
1,7164,0.1622302579745692,8.98773254982959e-05,0.13452206144558848,0.7031578032543427,25,20,10
1,7165,0.1310793336081425,6.011728792127007e-06,0.1561504295896154,0.7127642250734535,25,20,10
1,7166,0.18250305759681862,6.03891353753626e-08,0.08159175513209802,0.7359051268819488,25,20,10
1,7167,0.2139027844227533,4.5823174784930626e-07,0.07847955595603656,0.707617201389462,25,20,10
1,7168,0.16930152484802694,8.61341754210049e-05,0.11755097246085713,0.7130613685156988,25,20,10
1,7169,0.18144925415073188,8.623818966759543e-05,0.10154712742820156,0.7169173802314006,25,20,10
1,7170,0.16935599698376275,2.123980827380377e-05,0.13169526034353124,0.6989275028644328,25,20,10
1,7171,0.1760539090703679,0.0013809257062931293,0.15065490130495215,0.6719102639183894,25,20,10
1,7172,0.1565422889816203,0.0013597578465736695,0.16527806173755039,0.6768198914342544,25,20,10
1,7173,0.19816616442701243,3.972622152124063e-08,0.1253006454240124,0.6765331504227555,25,20,10
1,7174,0.25929251965911476,2.1267909217544792e-08,0.0600646197227971,0.6806428393501786,25,20,10
1,7175,0.25680024906111937,4.0597923788284545e-08,0.06225177321215572,0.6809479371288003,25,20,10
1,7176,0.22653180310545123,6.5802210156282475e-06,0.05740075054705802,0.7160608661264733,25,20,10
1,7177,0.24082085763223493,8.023962446397327e-07,0.05410593955849333,0.7050724004130271,25,20,10
1,7178,0.21939509933449508,7.839541075620738e-07,0.0619329680663552,0.718671148645042,25,20,10
1,7179,0.16086925715807687,1.54199594892717e-06,0.09796505649610446,0.7411641443498715,25,20,10
1,7180,0.18033149660476278,1.4760972019695957e-06,0.10130228788927806,0.7183647394087582,25,20,10
1,7181,0.19808451739367453,2.280993544706293e-08,0.08391034637999331,0.7180051134163977,25,20,10
1,7182,0.2049368873528209,6.644622751065414e-07,0.11918447142384606,0.6758779767610585,25,20,10
1,7183,0.2006498195671598,1.5304087018911155e-05,0.12182871119521414,0.6775061651506077,25,20,10
1,7184,0.21952092514060784,5.737773465836256e-09,0.0630993467406159,0.717379722381003,25,20,10
1,7185,0.19364693962948334,2.108227679775533e-07,0.08746219795511817,0.7188906515926305,25,20,10
1,7186,0.1776245462785607,0.03993972539591884,0.06416655521365269,0.7182691731118678,25,20,10
1,7187,0.16511032288370525,0.038194543145671986,0.07833995871561439,0.7183551752550081,25,20,10
1,7188,0.1322448175018139,0.03819456063999068,0.11159436041068509,0.7179662614475104,25,20,10
1,7189,0.13199125662464467,0.0381930829767189,0.11076603317582054,0.7190496272228174,25,20,10
1,7190,0.10942867356506523,0.04190732358235537,0.14318902963622437,0.7054749732163585,25,20,10
1,7191,0.07429585702158566,0.014184832075763463,0.1708903155567979,0.7406289953458515,25,20,10
1,7192,0.14232538791711843,0.014179998597374259,0.0845754703858069,0.7589191430996994,25,20,10
1,7193,0.14701588411708527,0.03995644331188691,0.0543616208463985,0.7586660517246286,25,20,10
1,7194,0.15443473333172725,0.024591059885961192,0.06223860648479576,0.7587356002975157,25,20,10
1,7195,0.12564380038194767,0.03881470846106867,0.11175372724160494,0.7237877639153781,25,20,10
1,7196,0.12681746695186594,0.029402377421757192,0.12528986650191196,0.718490289124468,25,20,10
1,7197,0.11911450774537276,0.02932896250790508,0.13302083955811433,0.7185356901886091,25,20,10
1,7198,0.12396678843393266,0.039994008304033726,0.13340513256498077,0.7026340706970566,25,20,10
1,7199,0.12820191084020705,0.039978098960582915,0.13658906559797854,0.6952309246012348,25,20,10
1,7200,0.08089143966793604,0.03996408957394973,0.1664532236789828,0.7126912470791309,25,20,10
1,7201,0.12007812754109748,0.03996623159346484,0.09231553791837285,0.7476401029470676,25,20,10
1,7202,0.1360221685353363,0.03996611040388554,0.10151620514126948,0.7224955159195099,25,20,10
1,7203,0.1125210242727396,0.039965686615708734,0.08909997194705573,0.7584133171644961,25,20,10
1,7204,0.12318287674157269,0.039974611807270945,0.09440931610018341,0.7424331953509732,25,20,10
1,7205,0.046697812820930336,0.039932221884434245,0.1597830809494676,0.7535868843451711,25,20,10
1,7206,0.0717066160024151,0.039955290541887935,0.1630755667435554,0.7252625267121422,25,20,10
1,7207,0.08291760047894112,0.039954505380193676,0.1289858555973294,0.7481420385435361,25,20,10
1,7208,0.10868820185938281,0.008244618466636811,0.13085059437569474,0.7522165852982861,25,20,10
1,7209,0.11806560702352717,0.008244606063008184,0.1166966659054605,0.756993121008005,25,20,10
1,7210,0.1463974431740093,0.0003820999718602058,0.09688151757706714,0.7563389392770634,25,20,10
1,7211,0.14310880380869592,0.00040953311565070517,0.10086968679138118,0.7556119762842728,25,20,10
1,7212,0.14908380308845368,4.811897993761384e-05,0.10184764566207649,0.7490204322695349,25,20,10
1,7213,0.1367597711259187,4.8464418029991227e-05,0.12288810066912849,0.7403036637869236,25,20,10
1,7214,0.18319597886119893,6.757707407241554e-06,0.0694616237857144,0.7473356396456782,25,20,10
1,7215,0.15903192029438043,6.846963200714897e-06,0.09707323090786274,0.7438880018345572,25,20,10
1,7216,0.1452157601094627,1.9802280116218443e-05,0.11013110436384568,0.7446333332465761,25,20,10
1,7217,0.10622291459312576,2.025768588380165e-05,0.13557828645665831,0.7581785412643353,25,20,10
1,7218,0.15852818569481703,1.997311333576839e-05,0.08237501869609566,0.7590768224957537,25,20,10
1,7219,0.17489546317792157,1.9846439397385945e-05,0.06572616764413299,0.7593585227385472,25,20,10
1,7220,0.17492236238410616,1.9839974450157254e-05,0.0784062702491577,0.7466515273922856,25,20,10
1,7221,0.17527706492380893,1.9837098355355425e-05,0.08314030785522096,0.7415627901226145,25,20,10
1,7222,0.12099680145062905,1.991501780029947e-05,0.124770600764503,0.7542126827670704,25,20,10
1,7223,0.14503961214660196,1.9978690868004123e-05,0.09640860645204512,0.7585318027104847,25,20,10
1,7224,0.1412665353723851,3.7743247203936745e-05,0.12022663428605601,0.7384690870943545,25,20,10
1,7225,0.1426246193565441,2.2760791202759545e-05,0.11565173404866486,0.7417008858035888,25,20,10
1,7226,0.10803543533115322,3.289463565993258e-06,0.14466425841159697,0.7472970167936862,25,20,10
1,7227,0.11669679468577102,1.7098501361223186e-06,0.1306923961522579,0.7526090993118345,25,20,10
1,7228,0.13818352822701796,1.5680749843432806e-06,0.10305096752979587,0.7587639361682013,25,20,10
1,7229,0.14752704014453774,6.853831182687059e-08,0.09377454266103849,0.7586983486561111,25,20,10
1,7230,0.13756261545133516,1.1738209059403081e-05,0.10394530496533742,0.7584803413742679,25,20,10
1,7231,0.19933331736498044,1.9148462745269022e-09,0.042213918294883114,0.7584527624252904,25,20,10
1,7232,0.22732776461609344,4.929820331667192e-07,0.05418129117859274,0.7184904512232805,25,20,10
1,7233,0.16432960462678178,1.700843341461299e-06,0.1015254696920508,0.7341432248378283,25,20,10
1,7234,0.176086591420618,2.374991993590026e-06,0.08346740240818526,0.7404436311792031,25,20,10
1,7235,0.18884814046889215,2.190345664038132e-06,0.06897126524098525,0.7421784039444581,25,20,10
1,7236,0.15653584718491242,1.6431528657485148e-06,0.13607007625603912,0.7073924334061844,25,20,10
1,7237,0.11537470555250412,1.6469062465520544e-06,0.14185420255101877,0.7427694449902321,25,20,10
1,7238,0.1187302219259053,1.634438820538934e-06,0.1391054413650587,0.7421627022702161,25,20,10
1,7239,0.18962609091381755,7.370122032233467e-05,0.05277161106119006,0.7575285968046701,25,20,10
1,7240,0.20186443433656723,5.207076712887194e-07,0.03932495197085821,0.7588100929849031,25,20,10
1,7241,0.2205469051571521,1.3364572215350034e-07,0.04242164842206966,0.7370313127750553,25,20,10
1,7242,0.2195043124796429,1.3368848359654186e-07,0.037682712044718486,0.7428128417871546,25,20,10
1,7243,0.189679317982871,6.336263511974148e-07,0.04934317810300362,0.7609768702877724,25,20,10
1,7244,0.19277623189549067,0.0004877793140069871,0.04836651356153945,0.7583694752289623,25,20,10
1,7245,0.18997762653132838,0.000489060500344869,0.05250120458614651,0.7570321083821794,25,20,10
1,7246,0.15243830178708362,0.014995679072138512,0.0953553866200877,0.7372106325206912,25,20,10
1,7247,0.1532688684431622,0.0010878681488545564,0.10846149562240884,0.7371817677855748,25,20,10
1,7248,0.16017339597531996,1.4072647793294245e-05,0.08124707040872245,0.7585654609681659,25,20,10
1,7249,0.16160933855769027,0.001085774339599814,0.07962355087762368,0.7576813362250852,25,20,10
1,7250,0.045967432334709214,0.0004058251849756977,0.2371537757564539,0.716472966723861,25,20,10
1,7251,0.048499423775467905,5.597616710038448e-07,0.22747045718008366,0.7240295592827767,25,20,10
1,7252,0.0932744779387949,8.772356003342633e-06,0.16907540746207708,0.7376413422431254,25,20,10
1,7253,0.08250224389340062,1.9140222793351598e-06,0.21045702451586704,0.7070388175684544,25,20,10
1,7254,0.1289547206791578,4.003058448295821e-08,0.11858684082828236,0.7524583984619753,25,20,10
1,7255,0.1184863379456974,0.00024965097254825636,0.1230890832387379,0.7581749278430197,25,20,10
1,7256,0.10532123384993795,0.0002602391938985452,0.10782034238418882,0.7865981845719761,25,20,10
1,7257,0.10631175756144887,2.2521720595363887e-07,0.09530267061112913,0.7983853466102196,25,20,10
1,7258,0.08215256368653993,2.7968750540847002e-05,0.08074233666993483,0.8370771308929861,25,20,10
1,7259,0.05516415635454835,5.957766892676908e-05,0.11438696896556129,0.8303892970109646,25,20,10
1,7260,0.10377428153586743,3.161774160141209e-05,0.05811382104946938,0.8380802796730604,25,20,10
1,7261,0.14553125944697595,1.3931264164919559e-09,0.016118303346631682,0.8383504358132652,25,20,10
1,7262,0.10674436602889288,6.16329601532289e-05,0.0767163615882108,0.8164776394227428,25,20,10
1,7263,0.10640489914724328,6.163314029052653e-05,0.07664887015781446,0.816884597554651,25,20,10
1,7264,0.11085547618931964,2.6906876567758327e-06,0.050527223307573615,0.8386146098154493,25,20,10
1,7265,0.0755535997137022,2.7179806566529254e-06,0.10539105397627602,0.8190526283293643,25,20,10
1,7266,0.11897681251516894,3.092544575325354e-07,0.04264302984836566,0.8383798483820064,25,20,10
1,7267,0.06109260698329488,3.0678211028173314e-07,0.10157177891682416,0.8373353073177704,25,20,10
1,7268,0.057082176555286315,3.064839573584513e-07,0.10444638771078822,0.8384711292499673,25,20,10
1,7269,0.12105889837454581,1.633397793936748e-10,0.040027552180898915,0.838913549281214,25,20,10
1,7270,0.06118761113938665,5.748755678458062e-05,0.10176137659113024,0.8369935247126997,25,20,10
1,7271,0.08424094638924824,5.748832888123239e-05,0.07782307881325262,0.8378784864686175,25,20,10
1,7272,0.1246750778409566,1.2005454615022141e-08,0.04259189004817877,0.8327330201054093,25,20,10
1,7273,0.15471338879890228,3.291813185095846e-07,0.014984300544698858,0.8303019814750798,25,20,10
1,7274,0.15919830110018898,3.312147885498889e-07,0.012475909725735075,0.8283254579592874,25,20,10
1,7275,0.11707412878905242,4.112545666646977e-09,0.05777170936537151,0.8251541577330296,25,20,10
1,7276,0.07983701138867025,1.6839756980897646e-09,0.09898844211474703,0.8211745448126083,25,20,10
1,7277,0.09185875803190208,1.0683578010924383e-09,0.0697291122789788,0.8384121286207613,25,20,10
1,7278,0.09395263813026354,1.0499942213063153e-06,0.07864084471479146,0.8274054671607232,25,20,10
1,7279,0.058975789145299294,1.0769760531802836e-06,0.12308764594668105,0.8179354879319674,25,20,10
1,7280,0.056159836625769115,1.0515923778867946e-06,0.10754921590047578,0.8362898958813776,25,20,10
1,7281,0.06318464482202173,3.203544372875468e-07,0.07248479390623908,0.8643302409173014,25,20,10
1,7282,0.10358723008293122,1.3918201752241977e-09,0.036353252598227914,0.8600595159270205,25,20,10
1,7283,0.10385881666633645,1.0287060695971688e-09,0.040479203994675264,0.8556619783102803,25,20,10
1,7284,0.10433118479296784,1.4505899537169903e-09,0.028778316458854356,0.8668904972975859,25,20,10
1,7285,0.11147586653660017,2.0452073273961766e-09,0.010484680747605515,0.8780394506705855,25,20,10
1,7286,0.11146978285309082,2.1141057756120224e-09,0.010735799601559015,0.8777944154312451,25,20,10
1,7287,0.11159916798739983,2.0566957533325254e-09,0.05174343710944911,0.8366573928464538,25,20,10
1,7288,0.1255247958307768,3.5486571372861283e-07,0.07917835309398265,0.7952964962095256,25,20,10
1,7289,0.1460068545521471,3.5334373942859144e-07,0.029865923422765436,0.824126868681347,25,20,10
1,7290,0.10924188542330844,9.542181431049352e-10,0.06457123684017628,0.8261868767822962,25,20,10
1,7291,0.12092112649131469,1.6145271761949058e-09,0.0857759102898281,0.7933029616043314,25,20,10
1,7292,0.13442121682203137,2.9825656980230285e-07,0.07342404066013018,0.7921544442612684,25,20,10
1,7293,0.11201401176772312,2.966845143434563e-07,0.10111719643438144,0.786868495113383,25,20,10
1,7294,0.07435252586459598,2.9998785574520273e-07,0.13845120832312963,0.7871959658244194,25,20,10
1,7295,0.07996211791653539,1.1758379798554811e-07,0.12617850115299833,0.793859263346669,25,20,10
1,7296,0.08423301600989282,1.839967408515496e-07,0.1164573700743973,0.799309429918969,25,20,10
1,7297,0.12153629290697637,1.224685765248155e-07,0.11533080690974735,0.7631327777147014,25,20,10
1,7298,0.13896885553961869,6.040947866001046e-06,0.10251622790554235,0.758508875606974,25,20,10
1,7299,0.15893802200722643,6.103568575191445e-06,0.08185654178265449,0.7591993326415437,25,20,10
1,7300,0.13403645809182946,2.0891834308753336e-07,0.11127337039011057,0.754689962599716,25,20,10
1,7301,0.14010657548295077,7.412579195124515e-07,0.10085280234782566,0.7590398809113036,25,20,10
1,7302,0.2094119219169486,3.603124469964483e-07,0.041864584384228694,0.7487231333863754,25,20,10
1,7303,0.15151690770170348,1.944519828305922e-07,0.11401351950443388,0.7344693783418837,25,20,10
1,7304,0.14737473499450549,4.333036665830048e-06,0.15973237981847446,0.6928885521503573,25,20,10
1,7305,0.1416870449080085,1.2589358633337116e-05,0.18899054514378943,0.6693098205895704,25,20,10
1,7306,0.1760656126722988,1.34324857630174e-06,0.14514683291160213,0.678786211167524,25,20,10
1,7307,0.18124152246613562,1.3220243286513379e-05,0.17192698302788995,0.6468182742626877,25,20,10
1,7308,0.18624379390426807,2.2374693443584263e-07,0.16627948005504442,0.6474765022937541,25,20,10
1,7309,0.15798187722075746,6.006031042683543e-07,0.16876660545334257,0.6732509167227996,25,20,10
1,7310,0.1813117626168509,1.0477352546724266e-07,0.159862684199344,0.6588254484102801,25,20,10
1,7311,0.17076896453329166,1.0892792680555122e-07,0.23738311928461173,0.5918478072541706,25,20,10
1,7312,0.16374949336539893,0.03996510486599827,0.19308993072415426,0.6031954710444505,25,20,10
1,7313,0.20351591033436534,0.03995989931517781,0.15810089759159587,0.5984232927588624,25,20,10
1,7314,0.257124212595626,0.03995511183724899,0.09899884480059055,0.6039218307665347,25,20,10
1,7315,0.24499493650183649,0.03995535660335252,0.1422367650946916,0.5728129418001192,25,20,10
1,7316,0.2914024692236994,0.039924852011521635,0.06908562368643097,0.5995870550783482,25,20,10
1,7317,0.26109710927162383,0.03992470208281162,0.09942587127737113,0.5995523173681947,25,20,10
1,7318,0.22796948881725423,0.03994842082366296,0.13381914995739325,0.5982629404016898,25,20,10
1,7319,0.19281952906633912,0.039956505189927244,0.1729312342221595,0.5942927315215761,25,20,10
1,7320,0.20662583074434893,0.039949996837958954,0.1539324065155772,0.5994917659021158,25,20,10
1,7321,0.19814804082505244,0.03872614447715547,0.18384568935965034,0.5792801253381422,25,20,10
1,7322,0.21222072651310694,0.038726159216978945,0.12840324307299447,0.6206498711969193,25,20,10
1,7323,0.2484084100598014,0.0010027824734663727,0.13654605749257992,0.6140427499741549,25,20,10
1,7324,0.17076429660100906,1.3580092786035581e-06,0.19040965922297143,0.6388246861667457,25,20,10
1,7325,0.14648064529053095,5.595873566924833e-07,0.202145593537027,0.6513732015850847,25,20,10
1,7326,0.16478289332128088,1.4392177299022148e-06,0.12129797631230117,0.7139176911486915,25,20,10
1,7327,0.15725759264591363,1.6578464728773102e-06,0.1241194290823932,0.7186213204252213,25,20,10
1,7328,0.2148765776201119,8.072066046264368e-09,0.06612027177049896,0.7190031425373219,25,20,10
1,7329,0.21540724102640912,1.2457199003971608e-08,0.06626029956000991,0.7183324469563814,25,20,10
1,7330,0.24179352983113545,8.593672073067645e-09,0.07550684847990997,0.6826996130952822,25,20,10
1,7331,0.2219164755226754,4.2508849509326114e-08,0.09323284182202034,0.6848506401464555,25,20,10
1,7332,0.1652921103274749,0.024545052473868147,0.1430815716794513,0.6670812655192097,25,20,10
1,7333,0.17175451415218876,0.011235096258959259,0.14852031007439825,0.6684900795144544,25,20,10
1,7334,0.1733614510875066,0.03995229751891969,0.11928682969272172,0.6673994217008521,25,20,10
1,7335,0.12268947405023707,0.03996265096665247,0.13831863162805835,0.6990292433550539,25,20,10
1,7336,0.14102501568663114,0.03994992089375971,0.09273536371184156,0.7262896997077685,25,20,10
1,7337,0.13639552398962018,0.039980358429656235,0.06536754505594355,0.7582565725247786,25,20,10
1,7338,0.1474721429654129,0.03998008214472647,0.05441087570016565,0.7581368991896952,25,20,10
1,7339,0.1487393976372086,0.03974484951655952,0.06350875282519046,0.7480070000210419,25,20,10
1,7340,0.14225218284737481,0.040007491036848135,0.08543409104677858,0.7323062350689987,25,20,10
1,7341,0.1766816036399387,0.039914155526250876,0.052444626613440404,0.7309596142203703,25,20,10
1,7342,0.19338848265736558,0.011210154137013071,0.03752396855557205,0.7578773946500482,25,20,10
1,7343,0.1889538495622529,0.038726394851573295,0.01829832084973404,0.7540214347364386,25,20,10
1,7344,0.1737467394836067,0.03872629502037721,0.03500392775540772,0.7525230377406079,25,20,10
1,7345,0.12094947263233104,0.039901821457112636,0.08645216579014038,0.7526965401204165,25,20,10
1,7346,0.058476746357928586,0.03990326130290531,0.1213731125867592,0.7802468797524098,25,20,10
1,7347,0.05688295554223505,0.03990361593439609,0.12244620698536406,0.780767221538005,25,20,10
1,7348,0.05550660582791756,0.0399547589119355,0.12873475959852226,0.7758038756616251,25,20,10
1,7349,0.04473102603605397,0.039954733218588605,0.12458132985090078,0.7907329108944556,25,20,10
1,7350,0.03725806070990284,0.03996550661603225,0.09227461561479894,0.8305018170592678,25,20,10
1,7351,0.041689331940716834,0.039935829462598306,0.08996954004065252,0.8284052985560331,25,20,10
1,7352,0.043115532101202024,0.02455730996928987,0.09493209435766121,0.8373950635718482,25,20,10
1,7353,0.04308570009317924,0.03992498928868695,0.08465966187285266,0.8323296487452834,25,20,10
1,7354,0.04161394536988495,0.03992710470521883,0.08701470158728779,0.8314442483376101,25,20,10
1,7355,0.03978723084310415,0.03824873468489208,0.0825896947498052,0.8393743397221977,25,20,10
1,7356,0.0350815107313526,0.03823417004699363,0.0936672098452028,0.83301710937645,25,20,10
1,7357,0.039550471850336416,0.011233643815371836,0.04261082339176745,0.9066050609425226,25,20,10
1,7358,0.040728697929915854,0.039948136483955406,0.0006837395536800548,0.9186394260324476,25,20,10
1,7359,0.00401521777091237,0.039948367331935845,0.037473932034081364,0.9185624828630702,25,20,10
1,7360,0.03754343277799758,0.039976494359256376,0.00906924756279091,0.9134108252999542,25,20,10
1,7361,0.04193025167597598,0.03993933291229643,0.046424055378279816,0.8717063600334466,25,20,10
1,7362,0.043238869830614625,0.03993933217892249,0.04029796764410044,0.8765238303463615,25,20,10
1,7363,0.0429902188851828,0.03993933224952608,0.040775616416173895,0.8762948324491164,25,20,10
1,7364,0.04288413837180842,0.03991703375699011,0.0018019545924414801,0.9153968732787595,25,20,10
1,7365,0.041303047047543895,0.039922579303458626,0.005552571051068807,0.9132218025979277,25,20,10
1,7366,0.04049332290861932,0.039361577318571234,0.0013485264943723955,0.918796573278436,25,20,10
1,7367,0.04216913372946867,0.03825972150386948,0.05130857397439703,0.8682625707922643,25,20,10
1,7368,0.07531955630171833,0.03994858445259686,0.005654653136340414,0.8790772061093435,25,20,10
1,7369,0.075291739590507,0.039977089529366586,0.005918747666394224,0.8788124232137315,25,20,10
1,7370,0.009998460493302884,0.03997933029518591,0.07293515837285641,0.8770870508386538,25,20,10
1,7371,0.0016251236097760346,0.03997708003324351,0.08042236526864785,0.8779754310883322,25,20,10
1,7372,0.0016483105356143205,0.03873350951346883,0.08838979137757023,0.8712283885733457,25,20,10
1,7373,0.0021578600619908193,0.03873554411585982,0.12887096243027704,0.8302356333918738,25,20,10
1,7374,0.041287691160354356,0.03995699906656066,0.08310329960536283,0.8356520101677214,25,20,10
1,7375,0.04069771408639034,0.03993154833335716,0.09449491520358552,0.8248758223766697,25,20,10
1,7376,0.0697296788111644,0.0399171907896025,0.05819514514066818,0.8321579852585635,25,20,10
1,7377,0.12217478226408254,9.865510231745534e-06,0.05699879463390331,0.8208165575917831,25,20,10
1,7378,0.1083194109368028,5.81461378691355e-07,0.08043288280692135,0.8112471247948971,25,20,10
1,7379,0.11717505129302698,0.02111243565790657,0.06935018144261183,0.7923623316064536,25,20,10
1,7380,0.07733096070175638,0.039940009923569435,0.10439537792944671,0.7783336514452275,25,20,10
1,7381,0.10407633958053403,0.03996002500890089,0.05743516281602521,0.7985284725945395,25,20,10
1,7382,0.10705310569044876,0.03825483230035951,0.0567048459266457,0.7979872160825461,25,20,10
1,7383,0.04847360710761889,0.038255871813855896,0.11477198018994343,0.7984985408885844,25,20,10
1,7384,0.07778720452904628,0.03825455914481437,0.08504955239956781,0.7989086839265718,25,20,10
1,7385,0.10842124094990688,0.0212324880311742,0.07208717767971674,0.7982590933392012,25,20,10
1,7386,0.10770789305218811,0.021232492456837955,0.0729878783905075,0.7980717361004649,25,20,10
1,7387,0.1564915905213018,0.00032502978250163186,0.08068075770915976,0.7625026219870388,25,20,10
1,7388,0.16236786829080316,2.415149186439288e-07,0.07529893985678975,0.7623329503374876,25,20,10
1,7389,0.1296761711297834,0.0008060235321774376,0.11095852581463704,0.7585592795234052,25,20,10
1,7390,0.11710104448123826,0.0008060363449340123,0.11964013426253635,0.7624527849112914,25,20,10
1,7391,0.09820219537962142,4.040013032736268e-07,0.1389122807704714,0.7628851198486061,25,20,10
1,7392,0.09996716763245374,1.6059231458354575e-05,0.11131176584794504,0.788705007288144,25,20,10
1,7393,0.15697336891532043,4.065570059948392e-07,0.05007679637464842,0.7929494281530245,25,20,10
1,7394,0.15350693571850837,4.064928495176718e-07,0.04936235992238019,0.7971302978662621,25,20,10
1,7395,0.14003161683169515,8.75860407641099e-07,0.07675995261158226,0.783207554696313,25,20,10
1,7396,0.16903293694480379,7.158434757340588e-08,0.059842716484783176,0.7711242749860644,25,20,10
1,7397,0.13134987174145932,2.277293740208657e-07,0.0763616162908636,0.7922882842383026,25,20,10
1,7398,0.11511679627341863,7.293076517894899e-07,0.0922393062066733,0.7926431682122567,25,20,10
1,7399,0.08223647974594003,6.50574322705957e-08,0.0848443283071343,0.8329191268894941,25,20,10
1,7400,0.08911660420658958,5.450533231744391e-08,0.08599543504960228,0.8248879062384765,25,20,10
1,7401,0.08897109322444974,5.0994957469458016e-08,0.09571641670560624,0.8153124390749861,25,20,10
1,7402,0.12319191673867325,2.9136504657571075e-08,0.07787993031337868,0.7989281238114433,25,20,10
1,7403,0.14344576726511962,6.654268058686214e-08,0.08631166678019903,0.7702424994120015,25,20,10
1,7404,0.12450489855963985,7.611973946970367e-07,0.11610844815158433,0.7593858920913839,25,20,10
1,7405,0.07613977971714675,2.839235914437826e-07,0.16221862922842248,0.7616413071308393,25,20,10
1,7406,0.07887198733072487,7.070829653311793e-09,0.12274541874869199,0.7983825868497546,25,20,10
1,7407,0.0777118829014099,7.510384240432745e-09,0.12356311623228439,0.7987249933559226,25,20,10
1,7408,0.08320984702791626,2.0237398193066884e-05,0.11724805578803235,0.7995218597858614,25,20,10
1,7409,0.08328845380684587,0.01123227252386343,0.10623390756814428,0.799245366101145,25,20,10
1,7410,0.0821544157505642,0.0112319279066436,0.11300896474128037,0.7936046916015151,25,20,10
1,7411,0.10973494062101598,0.011232667280262277,0.0854405300532821,0.7935918620454404,25,20,10
1,7412,0.0698011463218047,0.0387395316619961,0.09258466158667293,0.7988746604295275,25,20,10
1,7413,0.11609591613063618,0.0399018443748482,0.0455008272522115,0.7985014122423024,25,20,10
1,7414,0.08943470694064574,0.039901844357219295,0.07293277284744487,0.79773067585469,25,20,10
1,7415,0.11754095605686121,0.039955884104875716,0.044694239863537606,0.7978089199747253,25,20,10
1,7416,0.11352940351947477,0.03994940566782218,0.048051569670883504,0.7984696211418186,25,20,10
1,7417,0.1555063989822384,0.03994904719844655,0.006316325265323815,0.7982282285539902,25,20,10
1,7418,0.1291101353055864,0.03998223085696341,0.04278922041648519,0.788118413420966,25,20,10
1,7419,0.10290401733171743,0.04037913598171999,0.05207487500743729,0.8046419716791253,25,20,10
1,7420,0.07494245362867638,0.03996880089522969,0.08630017814300789,0.7987885673330888,25,20,10
1,7421,0.07988219387685808,0.03936092257692001,0.08202089904624923,0.798735984499977,25,20,10
1,7422,0.11990324323515271,0.039341094380355796,0.04214628718892663,0.7986093751955644,25,20,10
1,7423,0.12066668868125151,0.03934144913000698,0.04148257319080022,0.7985092889979403,25,20,10
1,7424,0.08317266880797079,0.014185174729401138,0.10427261112310823,0.7983695453395215,25,20,10
1,7425,0.11904246607237859,0.01472813911896093,0.08745635490335107,0.7787730399053104,25,20,10
1,7426,0.11911593401355144,0.038822315361566676,0.04335489245820923,0.7987068581666718,25,20,10
1,7427,0.11563812032874049,0.039953824587518165,0.045863567032305354,0.7985444880514341,25,20,10
1,7428,0.09282578144325998,0.03993967865078814,0.07716123645918803,0.7900733034467633,25,20,10
1,7429,0.06318109445411438,0.039939682059741216,0.13817986047447503,0.7586993630116687,25,20,10
1,7430,0.0482721667641969,1.2626331293334614e-06,0.13849659912628584,0.8132299714763899,25,20,10
1,7431,0.08810444029539159,3.918216522181183e-07,0.11286756204525047,0.799027605837706,25,20,10
1,7432,0.1286129614998047,5.066302187127865e-07,0.07889554889461152,0.7924909829753652,25,20,10
1,7433,0.12064121020861077,3.788015482627682e-09,0.10094420656103172,0.7784145794423466,25,20,10
1,7434,0.12068119180900977,4.687659999317063e-09,0.10114754516024221,0.7781712583430885,25,20,10
1,7435,0.08788378490055596,1.5590854581753658e-09,0.17829775507856524,0.733818458461792,25,20,10
1,7436,0.10952324119393078,3.271447048298435e-09,0.13213868300167098,0.7583380725329522,25,20,10
1,7437,0.10952544025560335,2.4612551692011706e-09,0.10604282130509095,0.7844317359780492,25,20,10
1,7438,0.11642264647348467,1.4661874156285028e-07,0.09974605692636106,0.7838311499814152,25,20,10
1,7439,0.08225034742664114,5.1240700861139355e-09,0.0941047157926598,0.8236449316566298,25,20,10
1,7440,0.08575196780424896,4.198140771211377e-07,0.08638236232652019,0.8278652500551533,25,20,10
1,7441,0.05926230022796082,7.894794488014323e-07,0.14752715137932246,0.7932097589132705,25,20,10
1,7442,0.10489710874759613,3.68370824234577e-05,0.09717676092969801,0.7978892932402819,25,20,10
1,7443,0.1174849271624299,4.9799021028957145e-09,0.08507206051806511,0.7974430073396025,25,20,10
1,7444,0.14623864957905786,1.5252061863874522e-09,0.055075691170118256,0.798685657725617,25,20,10
1,7445,0.1378450732768454,4.073299296868452e-07,0.06337156335362294,0.7987829560396018,25,20,10
1,7446,0.12098674773950265,1.5820814740252404e-05,0.12037405921881973,0.7586233722269395,25,20,10
1,7447,0.12280839942239176,1.5815160294678268e-05,0.11822059136591596,0.7589551940513982,25,20,10
1,7448,0.13387022562012688,1.6018354487191345e-05,0.1112926464724034,0.7548211095529826,25,20,10
1,7449,0.11972524598738224,1.5253002874215706e-07,0.12570310886671424,0.7545714926158767,25,20,10
1,7450,0.0960341627272456,1.3658524962871905e-07,0.12243794272160917,0.7815277579658957,25,20,10
1,7451,0.12231235105091283,1.3164487451990437e-08,0.07907660690545287,0.7986110288791466,25,20,10
1,7452,0.15141076019137123,6.95110313662971e-10,0.026379077365476667,0.8222101617480415,25,20,10
1,7453,0.16032225919461213,1.1977278637834893e-10,0.011691536095105072,0.8279862045905088,25,20,10
1,7454,0.15898283781680164,4.019734758780051e-08,0.012922280311388984,0.8280948416744622,25,20,10
1,7455,0.15047707258477985,4.0299409615211204e-08,0.053786351921413636,0.7957365351943969,25,20,10
1,7456,0.11552966663234222,4.930460742740289e-09,0.08222383921306475,0.8022464892241333,25,20,10
1,7457,0.1406354953494909,1.5902373660961454e-05,0.07611782053135639,0.7832307817454914,25,20,10
1,7458,0.13729385235119873,0.00037579043553457355,0.04790667837110504,0.8144236788421602,25,20,10
1,7459,0.11918359046755869,1.24113931543133e-05,0.04299268101588414,0.8378113171234025,25,20,10
1,7460,0.11648005969369044,1.4574780645153339e-05,0.04542958188171508,0.838075783643948,25,20,10
1,7461,0.12074740983688288,1.4404209382183475e-05,0.041181822684697646,0.8380563632690374,25,20,10
1,7462,0.10295411186136276,1.409879211385327e-07,0.059366439948392004,0.8376793072023229,25,20,10
1,7463,0.15121875317212033,1.2779890566763332e-05,0.01001760406645967,0.8387508628708528,25,20,10
1,7464,0.15665471579604062,2.216165471782569e-08,0.005142450562840078,0.8382028114794638,25,20,10
1,7465,0.15870173998879458,8.124244360498574e-09,0.002672369346739216,0.8386258825402203,25,20,10
1,7466,0.15795239751873552,8.250437499580806e-09,0.028026466238947632,0.8140211279918779,25,20,10
1,7467,0.14891010999196255,7.217921367215613e-10,0.02668506346199157,0.8244048258242525,25,20,10
1,7468,0.1453859762081752,6.538733150388137e-08,0.05211993088482242,0.8024940275196697,25,20,10
1,7469,0.1703219065540255,8.087301046179332e-07,0.030485809610113178,0.7991914751057559,25,20,10
1,7470,0.12140272158637545,1.2272059366734895e-08,0.08036309099185507,0.7982341751497113,25,20,10
1,7471,0.1212886762659784,3.912067228028814e-05,0.08080769866580603,0.7978645043959344,25,20,10
1,7472,0.11989212355560777,1.0407973430531118e-08,0.08192470908115158,0.7981831569552683,25,20,10
1,7473,0.10631054684385342,4.079392585318958e-07,0.09570106883440418,0.7979879763824858,25,20,10
1,7474,0.09798510268844506,1.8747335360284786e-06,0.10295845669887203,0.7990545658791471,25,20,10
1,7475,0.08454654482719913,0.0005627549937613316,0.1165402580828268,0.7983504420962128,25,20,10
1,7476,0.12397229525082736,0.0005623885002742644,0.07724258251274299,0.7982227337361556,25,20,10
1,7477,0.08486085229007935,1.3393237133257432e-06,0.12358132221265392,0.7915564861735558,25,20,10
1,7478,0.11354046196044021,0.005367295786974626,0.08518724489867235,0.7959049973539143,25,20,10
1,7479,0.0650649751937538,0.005393513070355334,0.1364649321585386,0.7930765795773556,25,20,10
1,7480,0.07499702056561022,2.6263568719292938e-05,0.13843654533741398,0.7865401705282568,25,20,10
1,7481,0.12820200438534926,8.309967679704592e-06,0.08481413552183208,0.7869755501251393,25,20,10
1,7482,0.11631904905759319,8.2640661265388e-06,0.08541403242826982,0.7982586544480096,25,20,10
1,7483,0.07089939375383585,2.4004290232097266e-08,0.14436500797685697,0.7847355742650184,25,20,10
1,7484,0.12010353212650836,2.4544298308223327e-07,0.0922467032072064,0.7876495192233015,25,20,10
1,7485,0.08686746186985463,5.057469905545377e-06,0.15599592810419577,0.757131552556048,25,20,10
1,7486,0.04933097874997092,0.013944675444933259,0.17583009298013993,0.7608942528249565,25,20,10
1,7487,0.04533636810534514,0.03991656514017619,0.11369305216664491,0.8010540145878349,25,20,10
1,7488,0.04099023498091608,0.03991639961914635,0.13236256102805277,0.7867308043718882,25,20,10
1,7489,0.07747944594722929,0.039980887436482385,0.12584677526781235,0.7566928913484766,25,20,10
1,7490,0.10706854099272099,0.039976838867642445,0.0941451207042334,0.7588094994354035,25,20,10
1,7491,0.10908872155921313,0.04075961457553172,0.10636459049769785,0.7437870733675609,25,20,10
1,7492,0.11994794563651753,0.012970722276647452,0.14588074556122968,0.721200586525608,25,20,10
1,7493,0.12006746205497545,0.03997439179085378,0.1177397293146479,0.7222184168395235,25,20,10
1,7494,0.1309358898487253,0.039960047979166406,0.11251017900329174,0.716593883168817,25,20,10
1,7495,0.0901714340012259,0.03999728027438173,0.15175481110259464,0.7180764746217999,25,20,10
1,7496,0.07762595026753562,0.03999511602220014,0.16369305426135694,0.7186858794489065,25,20,10
1,7497,0.09747470520663215,0.014129936585785008,0.16959293713464457,0.7188024210729392,25,20,10
1,7498,0.1509711341111033,0.01412982073872431,0.11650221601942032,0.7183968291307523,25,20,10
1,7499,0.13335995883962423,0.03997778514586269,0.16203371448637494,0.6646285415281379,25,20,10
1,7500,0.22657258953014817,0.03997703891560813,0.10229633558200993,0.6311540359722367,25,20,10
1,7501,0.22343443995014858,1.500848151278275e-05,0.14867969742300308,0.6278708541453383,25,20,10
1,7502,0.220626368542892,7.69895982017851e-06,0.14052716500726903,0.6388387674900202,25,20,10
1,7503,0.1719844733714585,0.000779471988536254,0.18834952699424418,0.638886527645759,25,20,10
1,7504,0.15698456517610046,0.021976776214700063,0.1873052447836609,0.6337334138255402,25,20,10
1,7505,0.12310624880995329,0.04035327396264376,0.2117407776489749,0.6247996995784304,25,20,10
1,7506,0.14945438003202832,0.04015914483437998,0.18553651004505667,0.624849965088536,25,20,10
1,7507,0.1477434915432962,0.03997692769026923,0.2291331804695733,0.5831464002968625,25,20,10
1,7508,0.15721121040567934,0.03923212014170062,0.2238615793814055,0.5796950900712126,25,20,10
1,7509,0.17242760530322765,0.06323971881136843,0.17840971728231658,0.5859229586030889,25,20,10
1,7510,0.2109349973418314,0.06323975068005186,0.13786380492399947,0.5879614470541178,25,20,10
1,7511,0.19339404882919375,0.06323977336037405,0.14408834588035052,0.5992778319300819,25,20,10
1,7512,0.18765507974310516,0.07743448014170515,0.147003077645192,0.5879073624700003,25,20,10
1,7513,0.24472145526449268,0.07821385878558795,0.06663875614564448,0.610425929804274,25,20,10
1,7514,0.27069135843418385,0.07992085182644455,0.0329275402840254,0.6164602494553459,25,20,10
1,7515,0.18964428473948686,0.07866073659723173,0.10357746401858786,0.6281175146446968,25,20,10
1,7516,0.19825055797628185,0.052904045347149625,0.12099350758389096,0.6278518890926795,25,20,10
1,7517,0.19586229712023118,0.05290650297373696,0.11860287470085756,0.6326283252051761,25,20,10
1,7518,0.17945153348257015,0.05411899273792182,0.14606117989006914,0.6203682938894388,25,20,10
1,7519,0.12151577068960151,0.0795209459211518,0.16100644265631062,0.6379568407329389,25,20,10
1,7520,0.1138004273821162,0.07725849859105473,0.17155078472754803,0.6373902892992822,25,20,10
1,7521,0.130322767360081,0.07984101474932935,0.15082539278948237,0.6390108251011066,25,20,10
1,7522,0.08588301783918384,0.07984106463575538,0.1949840726608915,0.6392918448641747,25,20,10
1,7523,0.17856701054661162,0.050743440844761734,0.13127731991270708,0.6394122286959212,25,20,10
1,7524,0.1598592227133721,0.012439066297927973,0.17646016626981031,0.651241544718892,25,20,10
1,7525,0.09835056527962363,0.0386616776661685,0.19784654413000113,0.6651412129242043,25,20,10
1,7526,0.1734247697427344,0.03825982617708799,0.11468216454281968,0.6736332395373625,25,20,10
1,7527,0.13463897182577808,0.03827518046560385,0.15380855950236438,0.6732772882062551,25,20,10
1,7528,0.1702848533834304,0.03825973717141916,0.11799626485967624,0.6734591445854741,25,20,10
1,7529,0.2201609627070648,0.021201675711993846,0.08435441498713851,0.6742829465938034,25,20,10
1,7530,0.17708028820471944,0.03872586921736996,0.1116436760107656,0.6725501665671493,25,20,10
1,7531,0.21554408543705564,8.163420064097859e-05,0.10499809080609955,0.679376189556206,25,20,10
1,7532,0.16580408747582573,8.11797787075471e-05,0.12711964611942525,0.7069950866260406,25,20,10
1,7533,0.1638436427022865,2.641672487857072e-08,0.1171720528705673,0.7189842780104223,25,20,10
1,7534,0.1890772681896133,1.573570873947227e-07,0.10260876967946456,0.7083138047738354,25,20,10
1,7535,0.2218553179633658,1.4454814974678405e-07,0.07619204322345423,0.7019524942650293,25,20,10
1,7536,0.1608530794548079,7.479304796953036e-08,0.13089991673122336,0.708246929020921,25,20,10
1,7537,0.20228520581494056,8.15463333731838e-06,0.09591364904859018,0.7017929905031315,25,20,10
1,7538,0.1740435211470855,7.363785377194481e-06,0.15814098507473803,0.6678081299928021,25,20,10
1,7539,0.18775620573847662,5.931612444661219e-05,0.12995892047946625,0.6822255576576133,25,20,10
1,7540,0.16180522904165123,5.405967007913137e-08,0.11584225743252453,0.7223524594661552,25,20,10
1,7541,0.18901658848510608,2.265309215909462e-08,0.09738882079858299,0.7135945680632193,25,20,10
1,7542,0.1835718105695392,2.52085661875525e-08,0.09798722662209736,0.718440937599796,25,20,10
1,7543,0.19747940211212092,5.1303659217966305e-09,0.0846258552190965,0.7178947375384185,25,20,10
1,7544,0.18859972045265708,3.5852638504047874e-07,0.09916118976820304,0.7122387312527586,25,20,10
1,7545,0.14032397647799466,1.4058202710537103e-07,0.14997670053819329,0.7096991824017869,25,20,10
1,7546,0.13846628699622823,1.2754981028753468e-07,0.15231166685022576,0.7092219186037357,25,20,10
1,7547,0.15493072005873942,1.376829777287701e-06,0.1322044673150766,0.7128634357964081,25,20,10
1,7548,0.15772718533123706,2.3177431525299463e-06,0.1296981693624144,0.7125723275631987,25,20,10
1,7549,0.17728940801689824,2.302676376117381e-06,0.10957737403516184,0.7131309152715644,25,20,10
1,7550,0.16158495432479242,1.1680733253540477e-05,0.11997121648301576,0.7184321484589387,25,20,10
1,7551,0.16175017333694405,0.000650556043351509,0.11887032481955705,0.7187289458001475,25,20,10
1,7552,0.1270300766394888,8.966235231029912e-06,0.16499303476585225,0.7079679223594324,25,20,10
1,7553,0.14668676529713437,7.109312783896062e-06,0.14596897928511163,0.7073371461049706,25,20,10
1,7554,0.1848482470617256,6.989185423748346e-06,0.1028604415015327,0.7122843222513205,25,20,10
1,7555,0.14900465272198093,1.930623859520594e-06,0.13869893165405187,0.7122944850001102,25,20,10
1,7556,0.18679775757392048,0.0013882566263587444,0.09241888511244226,0.7193951006872793,25,20,10
1,7557,0.2225502792402089,0.0013882519621775022,0.05728159759252396,0.7187798712050898,25,20,10
1,7558,0.17120383845092046,0.0047022258832414825,0.1033540936319757,0.7207398420338629,25,20,10
1,7559,0.1742393978785711,2.390437539406395e-06,0.11864940463826698,0.7071088070456243,25,20,10
1,7560,0.13320838787830086,8.04870892861156e-06,0.15352695733380226,0.7132566060789698,25,20,10
1,7561,0.17613596959705954,3.951480597160736e-05,0.11686870344025803,0.7069558121567115,25,20,10
1,7562,0.2274544588274557,5.7986896217998547e-05,0.05815874859891456,0.714328805677412,25,20,10
1,7563,0.15568171208855225,1.3575718776487854e-06,0.10395696745509532,0.7403599628844748,25,20,10
1,7564,0.12575557290525471,4.405092757219006e-05,0.12929787606430335,0.7449025001028714,25,20,10
1,7565,0.15565612470304088,1.3091432601913871e-05,0.0856070760894254,0.7587237077749349,25,20,10
1,7566,0.12454868276843609,0.0002721229399578849,0.1171252341179912,0.7580539601736166,25,20,10
1,7567,0.16119938363192993,0.0008758532667723143,0.07912002199397229,0.758804741107324,25,20,10
1,7568,0.12076639357449886,0.0002729418055537752,0.10710521705627221,0.7718554475636743,25,20,10
1,7569,0.12069943597611289,1.4074627161314995e-05,0.1255776437845342,0.7537088456121934,25,20,10
1,7570,0.1519475310308869,3.445239446395342e-07,0.08628614459604027,0.761765979849129,25,20,10
1,7571,0.14896102300843692,2.877319060351334e-05,0.12281080921859655,0.7281993945823626,25,20,10
1,7572,0.15486440048482114,2.856448844075132e-05,0.09192984971506753,0.7531771853116713,25,20,10
1,7573,0.07726383994367599,4.4889677376937836e-05,0.1320531536806625,0.7906381166982847,25,20,10
1,7574,0.08454835591169278,3.7869765489112466e-05,0.11805086760106187,0.7973629067217562,25,20,10
1,7575,0.12286237185924341,9.266572334486006e-06,0.0789255562104613,0.7982028053579604,25,20,10
1,7576,0.0980629274591431,4.813476544508142e-07,0.10257005130523218,0.7993665398879749,25,20,10
1,7577,0.1311004160986322,4.5697167995991846e-07,0.07432595468651845,0.7945731722431675,25,20,10
1,7578,0.1163659438490108,4.763261301691803e-07,0.08919378395328431,0.7944397958715751,25,20,10
1,7579,0.10334547472532893,1.7883129381675734e-07,0.10382750267841946,0.7928268437649574,25,20,10
1,7580,0.12330339977994426,1.8252278926614087e-06,0.07816773553810384,0.7985270394540591,25,20,10
1,7581,0.0735585684232141,1.5236706609270384e-08,0.12807985604300265,0.7983615602970788,25,20,10
1,7582,0.08856846173283922,2.6763589005733976e-06,0.11256194274962363,0.7988669191586364,25,20,10
1,7583,0.12202098387046888,2.6935598894759965e-06,0.09339373670095111,0.7845825858686913,25,20,10
1,7584,0.1155462415707677,5.915432663077558e-07,0.09178520755776946,0.7926679593281979,25,20,10
1,7585,0.059944177025929,4.008665212564491e-09,0.14105664214547267,0.7989991768199345,25,20,10
1,7586,0.042545201567234424,1.409757914893393e-05,0.15817930958835283,0.7992613912652661,25,20,10
1,7587,0.08922219641594763,1.7067307840182867e-05,0.15301517162035952,0.7577455646558541,25,20,10
1,7588,0.06519897240378164,3.267200692858859e-06,0.17581312929562404,0.7589846310999024,25,20,10
1,7589,0.06571688176262593,0.00047618186057627067,0.2083539410369887,0.7254529953398127,25,20,10
1,7590,0.09156187634142078,3.4261848103333897e-06,0.1893382549362709,0.7190964425374989,25,20,10
1,7591,0.22602090856718735,1.2971792641185944e-07,0.055440132196361944,0.7185388295185235,25,20,10
1,7592,0.20000806801256846,1.2728727079155353e-08,0.0816232592339168,0.7183686600247883,25,20,10
1,7593,0.15780581245347874,8.15184713876701e-06,0.12384072963307355,0.7183453060663102,25,20,10
1,7594,0.14160266513210062,3.8875873425319886e-07,0.1396073792620158,0.7187895668471499,25,20,10
1,7595,0.16188598675214028,3.8337996758514086e-07,0.11939948046980446,0.7187141493980884,25,20,10
1,7596,0.14965546859088802,0.001163022734444241,0.1347122595005119,0.7144692491741571,25,20,10
1,7597,0.10068597385010397,0.0015567383281176598,0.13866401445985266,0.7590932733619269,25,20,10
1,7598,0.08506067740354878,0.0015565729799982572,0.15494126449764692,0.758441485118805,25,20,10
1,7599,0.12268071684668409,0.0003951587995763765,0.11811070656293772,0.7588134177908024,25,20,10
1,7600,0.12351211683873776,0.0005081531319570991,0.11800826914186208,0.7579714608874432,25,20,10
1,7601,0.10076744190859417,0.0005084391989755476,0.14010434781448924,0.758619771077941,25,20,10
1,7602,0.11707849404009484,2.0183344038728507e-08,0.12505830800857765,0.7578631777679867,25,20,10
1,7603,0.06880403222229453,1.5445042086356378e-05,0.17935409229275198,0.7518264304428687,25,20,10
1,7604,0.06398468446712686,1.201206070110738e-05,0.1791613065644636,0.7568419969077124,25,20,10
1,7605,0.06481258628059339,3.4428837263897336e-05,0.17748281462330057,0.7576701702588424,25,20,10
1,7606,0.1059379806152406,0.0005569228054908337,0.1398297981191651,0.7536752984601045,25,20,10
1,7607,0.06479765667236458,9.389892404869586e-07,0.18160061133615607,0.7536007930022415,25,20,10
1,7608,0.0651451376209839,9.387651125419154e-07,0.18562503291815066,0.7492288906957529,25,20,10
1,7609,0.07931581792609625,4.4527787269784137e-07,0.1370388983132212,0.7836448384828111,25,20,10
1,7610,0.07396523807203899,8.834718210996097e-05,0.10938126930754313,0.8165651454383084,25,20,10
1,7611,0.07475205500608766,8.874236317536204e-05,0.10819902438369482,0.8169601782470421,25,20,10
1,7612,0.11802865220459204,8.77341276147384e-05,0.06477513600520737,0.8171084776625844,25,20,10
1,7613,0.1192359529289723,5.338647209926925e-07,0.043284208313006015,0.8374793048932991,25,20,10
1,7614,0.08575710854345839,4.856866274072359e-07,0.08174619121161987,0.8324962145582948,25,20,10
1,7615,0.08408998891785706,4.857936725833089e-07,0.11376781992777463,0.8021417053606958,25,20,10
1,7616,0.0878106013549712,0.0007774009864941967,0.11224799857860378,0.7991639990799321,25,20,10
1,7617,0.049267146769364036,0.0007773854136281298,0.1518848130480877,0.798070654768919,25,20,10
1,7618,0.048276260473642044,0.00046249208378318975,0.16684724012943597,0.7844140073131398,25,20,10
1,7619,0.08834457392332147,0.0004624915073678994,0.11237483048070636,0.7988181040886039,25,20,10
1,7620,0.07990193068259446,5.6928017970362414e-09,0.12159570570385184,0.798502357920753,25,20,10
1,7621,0.13214310192938558,1.836850280902157e-06,0.06988247059789324,0.7979725906224404,25,20,10
1,7622,0.1910416729729799,4.737737695834601e-07,0.05113942706964947,0.7578184261836006,25,20,10
1,7623,0.1895337619808928,4.630386463870568e-07,0.019148476282108983,0.7913172986983514,25,20,10
1,7624,0.16135231010807582,1.1463151202027401e-09,0.052145839692792295,0.7865018490528162,25,20,10
1,7625,0.1952529704235623,2.655414545813727e-10,0.00652456485873666,0.798222464452159,25,20,10
1,7626,0.13295321028522536,3.4972472397182253e-09,0.06806404696048576,0.7989827392570408,25,20,10
1,7627,0.1534588475003264,4.401853041427515e-05,0.05952318308374974,0.7869739508855094,25,20,10
1,7628,0.1525138089021109,4.4018911189226994e-05,0.06229872099033816,0.7851434511963602,25,20,10
1,7629,0.18409784511796243,1.719643956061776e-08,0.01724681470942994,0.7986553229761667,25,20,10
1,7630,0.1368283758042315,3.579089148064076e-08,0.06920942997787556,0.7939621584270006,25,20,10
1,7631,0.09239089119349383,5.292942359019573e-06,0.11975081940135233,0.787852996462799,25,20,10
1,7632,0.11991603004634564,5.304979323501635e-06,0.09181789342258381,0.788260771551748,25,20,10
1,7633,0.11032000793681833,1.2254345779699138e-08,0.09567635635053975,0.7940036234582974,25,20,10
1,7634,0.037861819054223166,0.0004802384512356499,0.17184108334324769,0.7898168591512951,25,20,10
1,7635,0.052447066737571976,0.0004943182676050855,0.14771765569311043,0.7993409593017148,25,20,10
1,7636,0.04370084054106388,1.3846227830093693e-05,0.11932691486730558,0.8369583983637987,25,20,10
1,7637,0.025627044338305163,0.0004022814597143941,0.13668432276536635,0.8372863514366151,25,20,10
1,7638,0.07259906704952933,0.0004161734591791556,0.09004218221459136,0.8369425772767007,25,20,10
1,7639,0.08124331455384194,5.521896670115429e-08,0.05666999433800632,0.862086635889184,25,20,10
1,7640,0.0933986859432998,8.61616913934155e-05,0.036443601319513054,0.8700715510457928,25,20,10
1,7641,0.07993279409561872,0.016484405951147016,0.054132490121298144,0.8494503098319364,25,20,10
1,7642,0.07932245748060272,0.011231476684893889,0.07311859552325621,0.8363274703112485,25,20,10
1,7643,0.07988799746291958,0.011231476757659337,0.059701970001324975,0.8491785557780949,25,20,10
1,7644,0.07787237597434023,0.0399455641449925,0.018449803836215715,0.8637322560444507,25,20,10
1,7645,0.018758657914331758,0.0399482082836864,0.06307613158817159,0.8782170022138093,25,20,10
1,7646,0.01889895879100529,0.039973872884387036,0.08004482545888189,0.8610823428657274,25,20,10
1,7647,0.017637534642957663,0.03997120852510925,0.08436042040634784,0.8580308364255851,25,20,10
1,7648,0.007149232337287756,0.03873828679646388,0.0991510782410052,0.8549614026252429,25,20,10
1,7649,0.006450275664169547,0.03873828672573097,0.1699913355853198,0.7848201020247778,25,20,10
1,7650,0.041697713983482945,0.03873853682486649,0.13645118860256172,0.783112560589092,25,20,10
1,7651,0.053570293339555305,0.03824303705806061,0.12571222745117908,0.7824744421512062,25,20,10
1,7652,0.0811060000559878,0.03994954045039225,0.09748030234132508,0.7814641571522982,25,20,10
1,7653,0.14610320046685524,0.03994598731356982,0.04057582227764125,0.7733749899419338,25,20,10
1,7654,0.12092546425372147,0.03997280470945391,0.04544416082576531,0.7936575702110598,25,20,10
1,7655,0.09508415908850563,0.03997015942059883,0.06718743175912233,0.7977582497317732,25,20,10
1,7656,0.0860517399067001,0.03994869840219296,0.07651199728543906,0.7974875644056677,25,20,10
1,7657,0.078921076617439,0.03894373063658972,0.08351053732009818,0.7986246554258734,25,20,10
1,7658,0.08403026976765951,0.03991761961007333,0.07927676221508567,0.7967753484071808,25,20,10
1,7659,0.0863636847698278,0.04002115632217218,0.08065379681417582,0.7929613620938275,25,20,10
1,7660,0.07943796954788433,0.0382623094076727,0.06079567377335443,0.8215040472710872,25,20,10
1,7661,0.040759334109106815,0.0009290481323251809,0.1305424133561584,0.8277692044024128,25,20,10
1,7662,0.046450708503977964,0.0009289548972505899,0.12007310983351545,0.832547226765257,25,20,10
1,7663,0.028315685308919467,5.655306377015075e-07,0.13858985096779983,0.8330938981926451,25,20,10
1,7664,0.04903851400674184,8.916621597054542e-08,0.11792602011248855,0.8330353767145534,25,20,10
1,7665,0.0850810079185489,2.6324386227443257e-08,0.0766809046111032,0.8382380611459606,25,20,10
1,7666,0.11561103591288407,1.1322428320605694e-07,0.04588441634814365,0.8385044345146886,25,20,10
1,7667,0.11561879150156074,1.1401164125714219e-07,0.05173374284303305,0.832647351643764,25,20,10
1,7668,0.12746402241768082,1.0799477310901955e-06,0.03427429866231057,0.8382605989722776,25,20,10
1,7669,0.13362803662627393,1.697607060741805e-08,0.016396180959332023,0.8499757654383224,25,20,10
1,7670,0.11423647939793287,5.158465059239108e-10,0.0068533502172844875,0.8789101698689343,25,20,10
1,7671,0.05349835839724165,1.9155168146444006e-05,0.07205560542264931,0.8744268810119619,25,20,10
1,7672,0.04124564150044752,1.548197375085084e-05,0.08475693720729856,0.8739819393185044,25,20,10
1,7673,0.05725623487674516,1.543428540294902e-05,0.06864219565615845,0.8740861351816928,25,20,10
1,7674,0.04635443249807708,1.3389804867345087e-09,0.07185600400010184,0.8817895621628397,25,20,10
1,7675,0.07518309234515129,4.987503615357181e-09,0.04422114048429327,0.88059576218305,25,20,10
1,7676,0.05571833601222281,2.297359176517072e-07,0.05459259342181416,0.8896888408300437,25,20,10
1,7677,0.04072879690620903,0.000271140897169948,0.06270702629268338,0.8962930359039366,25,20,10
1,7678,0.023584882145652585,1.432770763763096e-05,0.0632020630896044,0.9131987270571049,25,20,10
1,7679,0.06231592415386169,2.0623578899452883e-07,0.024131098573899973,0.9135527710364484,25,20,10
1,7680,0.07913440359096058,1.0077378894615377e-08,0.006356914142096985,0.9145086721895624,25,20,10
1,7681,0.07836768454546936,1.0498879913144582e-09,0.007545599733241052,0.9140867146714013,25,20,10
1,7682,0.07783172822409762,1.8542072502428585e-07,0.004297200360256828,0.9178708859949196,25,20,10
1,7683,0.07784285739173331,1.847295699323734e-07,0.0037505106247922027,0.9184064472539043,25,20,10
1,7684,0.07543772687432608,1.1563460109158254e-08,0.006590705322933693,0.9179715562392791,25,20,10
1,7685,0.05780601844237546,4.423452599177633e-11,0.024436804356466325,0.9177571771569224,25,20,10
1,7686,0.0571181178912704,4.1261520356379254e-08,0.027396732373205213,0.9154851084740028,25,20,10
1,7687,0.0675837822677482,2.8703290520363566e-09,0.013308896911600981,0.9191073179503196,25,20,10
1,7688,0.06747490666296314,3.9514525133433725e-09,0.05027220809167926,0.8822528812939034,25,20,10
1,7689,0.08020360376404997,5.789849302877056e-10,0.07697838052201234,0.8428180151349508,25,20,10
1,7690,0.09621915678023124,1.0242697522324317e-08,0.06317214123712973,0.840608691739941,25,20,10
1,7691,0.09622032623255959,6.490498246797677e-08,0.06809963996064745,0.8356799689018102,25,20,10
1,7692,0.09791072928347484,5.743758485599421e-08,0.14537936665203674,0.7567098466269043,25,20,10
1,7693,0.08234623897689368,0.001122535135970569,0.15768014447509163,0.7588510814120467,25,20,10
1,7694,0.06242087500347319,1.3178158201006448e-06,0.17832068534773332,0.7592571218329738,25,20,10
1,7695,0.10710470579296262,3.492688490985777e-05,0.13009883604525857,0.7627615312768685,25,20,10
1,7696,0.14984205114313137,7.516861270412287e-08,0.09600732871938426,0.7541505449688737,25,20,10
1,7697,0.12724931943951748,2.4349181154661446e-06,0.11856705972228417,0.754181185920082,25,20,10
1,7698,0.13552745416869227,2.646149900917598e-06,0.114611759105896,0.7498581405755113,25,20,10
1,7699,0.12472811562373,0.0035526584390271386,0.11554823576986757,0.7561709901673784,25,20,10
1,7700,0.16985617070884707,5.13928277231218e-05,0.0689899636861238,0.7611024727773058,25,20,10
1,7701,0.18018821301362337,0.0017327410131159566,0.05310704903436998,0.7649719969388896,25,20,10
1,7702,0.18079427263850703,0.0017325395196526269,0.0556203559288182,0.761852831913022,25,20,10
1,7703,0.17689799227513547,2.3184199102096526e-08,0.06116170679163044,0.7619402777490349,25,20,10
1,7704,0.13756886930848256,3.8270959494443774e-07,0.10411188114768166,0.7583188668342428,25,20,10
1,7705,0.11785609960353499,9.866958121403475e-07,0.12220318102812895,0.7599397326725235,25,20,10
1,7706,0.11744846760695886,3.4912934144318796e-07,0.12242721622947837,0.7601239670342201,25,20,10
1,7707,0.10857854189340883,3.0650976988707025e-07,0.14642433975944985,0.7449968118373717,25,20,10
1,7708,0.10672075158601523,9.93762745658223e-07,0.14534259137226502,0.747935663278974,25,20,10
1,7709,0.12625769263666237,2.229198411315421e-07,0.12049790061892889,0.7532441838245716,25,20,10
1,7710,0.1580848058891182,2.2911577540144907e-07,0.0838486860753197,0.7580662789197876,25,20,10
1,7711,0.10525100915217189,2.6753132691523965e-07,0.14867043073525785,0.7460782925812438,25,20,10
1,7712,0.10171153329779128,1.0903388590899673e-07,0.1517915841214442,0.7464967735468804,25,20,10
1,7713,0.16135977127093265,4.703888229527892e-08,0.09226769938650299,0.7463724823036809,25,20,10
1,7714,0.11496865724942831,2.1879047609405557e-07,0.10357964686105563,0.7814514770990398,25,20,10
1,7715,0.0932537094263251,0.0001707181201126065,0.11342262370971418,0.7931529487438482,25,20,10
1,7716,0.11551591250411873,1.624848761603355e-05,0.10546479056377596,0.7790030484444902,25,20,10
1,7717,0.1227759111900689,1.4431488745759877e-05,0.07559957040711877,0.8016100869140655,25,20,10
1,7718,0.12067782178995158,7.14140640568609e-05,0.08631801595612286,0.7929327481898706,25,20,10
1,7719,0.11735727189081059,7.145484208480556e-05,0.0899513358865995,0.7926199373805061,25,20,10
1,7720,0.12109756451406946,7.102699443721169e-05,0.10604362088870653,0.7727877876027877,25,20,10
1,7721,0.09768643886871241,4.9121200221390475e-08,0.1034464169425992,0.7988670950674872,25,20,10
1,7722,0.11343030387219018,4.281763892105707e-08,0.08762714599385679,0.7989425073163129,25,20,10
1,7723,0.09656908143065777,6.857808947293441e-07,0.10488988995332578,0.7985403428351215,25,20,10
1,7724,0.07777629664915224,6.646525183458256e-07,0.1279114079467947,0.7943116307515358,25,20,10
1,7725,0.13091884360993103,6.517799360468936e-07,0.0982472301382992,0.7708332744718339,25,20,10
1,7726,0.18881610862559356,8.062628059183459e-09,0.0402071299138158,0.7709767533979622,25,20,10
1,7727,0.1614250834501446,9.951037792720214e-08,0.03989720286087611,0.7986776141786001,25,20,10
1,7728,0.16141485648008316,1.0075649556330182e-07,0.05037668474163045,0.7882083580217898,25,20,10
1,7729,0.15937495550606987,1.4198731719396472e-07,0.058668575149664975,0.781956327356947,25,20,10
1,7730,0.12839379088276848,1.2510387778378908e-07,0.07326333056202154,0.7983427534513317,25,20,10
1,7731,0.09001873896715003,2.677465205911884e-06,0.12613131887740822,0.7838472646902379,25,20,10
1,7732,0.12798785671575436,1.4803499003256492e-06,0.07307211629935907,0.7989385466349865,25,20,10
1,7733,0.1281297226671885,1.4803470656685893e-06,0.07722141121415484,0.7946473857715907,25,20,10
1,7734,0.10698511984802747,0.0005962958168645427,0.09341777105910108,0.7990008132760059,25,20,10
1,7735,0.08122664593258304,0.0005948267527603542,0.12055163599961809,0.7976268913150402,25,20,10
1,7736,0.11019621110186811,0.0005948365041768475,0.08251977570296926,0.8066891766909857,25,20,10
1,7737,0.14056572523302702,2.5215249531046536e-07,0.05692526105991916,0.802508761554559,25,20,10
1,7738,0.14684944418031873,2.5254603732795553e-07,0.057200591830215926,0.795949711443428,25,20,10
1,7739,0.1271328797733219,2.2131628784896625e-08,0.07024183115636311,0.8026252669386867,25,20,10
1,7740,0.13802113959568266,8.272612630659643e-08,0.06318114904278371,0.7987976286354069,25,20,10
1,7741,0.15442077745304364,3.8931490609395455e-09,0.04721064917239075,0.7983685694814165,25,20,10
1,7742,0.0679718124948692,0.00468180319703052,0.12918102421219108,0.798165360095912,25,20,10
1,7743,0.14045754224448495,0.004718308871945207,0.06298217019872515,0.7918419786848443,25,20,10
1,7744,0.16246634883212177,0.004681825589161027,0.041826413384667444,0.79102541219405,25,20,10
1,7745,0.08252595903077166,0.005763454444016154,0.11939658059734264,0.7923140059278686,25,20,10
1,7746,0.08691184874462929,4.801790115201688e-06,0.16306080442538587,0.7500225450398668,25,20,10
1,7747,0.10707533999672325,4.944053687382454e-06,0.13410992460448376,0.7588097913451081,25,20,10
1,7748,0.15036502042249889,3.502448817291482e-07,0.09139130961679266,0.7582433197158265,25,20,10
1,7749,0.15919137239408282,0.022043561407740907,0.05946695543764569,0.7592981107605301,25,20,10
1,7750,0.13531992342502538,0.014166131415001702,0.09598669663440319,0.7545272485255697,25,20,10
1,7751,0.12002112687053662,0.014166130353061164,0.10758163939439543,0.7582311033820059,25,20,10
1,7752,0.12208665114987535,0.03994813561825957,0.07913757708265914,0.758827636149205,25,20,10
1,7753,0.0957027570636699,0.03998630210660296,0.11209590874435467,0.7522150320853747,25,20,10
1,7754,0.1496713368489398,0.040434479884247025,0.057653092282033656,0.7522410909847785,25,20,10
1,7755,0.1495354364060035,0.040397730559954194,0.05210860034459162,0.7579582326894522,25,20,10
1,7756,0.15709357012851835,0.039946906748665405,0.0674165532258238,0.7355429698969935,25,20,10
1,7757,0.16828536268668098,0.0397890889326072,0.07541181354753293,0.7165137348331783,25,20,10
1,7758,0.16946472095589765,0.040214890507573105,0.07543605012771713,0.7148843384088122,25,20,10
1,7759,0.1601771869114184,0.03994582412710355,0.04300906855996289,0.7568679204015144,25,20,10
1,7760,0.12001965692487754,0.03994582644547648,0.08203637364987673,0.7579981429797695,25,20,10
1,7761,0.04239043404076015,0.0387186996600599,0.1606523952095058,0.7582384710896777,25,20,10
1,7762,0.03169570399453433,0.01416439371008557,0.19572628572448353,0.7584136165708977,25,20,10
1,7763,0.05450854542811927,0.014178347094274568,0.22228196830357613,0.7090311391740326,25,20,10
1,7764,0.04161196270317487,0.054132630008493055,0.1659693249484576,0.7382860823398778,25,20,10
1,7765,0.08205713440576921,0.05506519016232397,0.1088392293426327,0.7540384460892756,25,20,10
1,7766,0.04249926195134401,0.08002693914901321,0.13250231641772894,0.7449714824819169,25,20,10
1,7767,0.07700622995869918,0.07711506722386416,0.08697257473850455,0.7589061280789322,25,20,10
1,7768,0.05284894190249549,0.04103712506324851,0.11918904401200205,0.7869248890222543,25,20,10
1,7769,0.05288045696516212,0.03926791225434154,0.12114473651624091,0.7867068942642552,25,20,10
1,7770,0.05368696004735536,0.03869509176997298,0.12438850725735831,0.7832294409253161,25,20,10
1,7771,0.0526028538048466,0.03869582213864008,0.11133233832073959,0.7973689857357745,25,20,10
1,7772,0.05241433280159276,0.04051920545946465,0.12275750406787585,0.784308957671068,25,20,10
1,7773,0.03620545819854407,0.03882266513865394,0.12641122414965142,0.7985606525131506,25,20,10
1,7774,0.04047385067109278,0.040297184437679164,0.120117652506238,0.7991113123849929,25,20,10
1,7775,0.07638468777963153,0.03996451924500892,0.08367072211723642,0.7999800708581235,25,20,10
1,7776,0.14883635325379757,1.3786743432606778e-05,0.051677880601127935,0.7994719794016405,25,20,10
1,7777,0.13618215169750755,4.585584967703224e-06,0.06358521373887199,0.8002280489786527,25,20,10
1,7778,0.09792374596247397,4.588747944456413e-06,0.10260444686098977,0.7994672184285911,25,20,10
1,7779,0.015668428714714657,9.565892789926286e-08,0.2020141866606997,0.7823172889656561,25,20,10
1,7780,0.0233370063467185,2.851777281931997e-06,0.18315981508210144,0.7935003267938987,25,20,10
1,7781,0.025481537853402885,4.205190103427363e-06,0.1762519535429866,0.7982623034135061,25,20,10
1,7782,0.04636628732416652,4.203455473657685e-06,0.16657742185185512,0.7870520873685044,25,20,10
1,7783,0.11951569799648037,1.2492846463946619e-08,0.08134008945787304,0.7991442000528036,25,20,10
1,7784,0.10960179270354231,1.7230333412856626e-07,0.09776535754075771,0.7926326774523674,25,20,10
1,7785,0.09039589455285084,6.216012870476966e-08,0.11565926202329994,0.793944781263721,25,20,10
1,7786,0.1253896361554337,6.751895068124419e-05,0.08301799770542372,0.791524847188463,25,20,10
1,7787,0.04776224532090015,2.732798011043374e-07,0.20415362291538833,0.7480838584839086,25,20,10
1,7788,0.08119930624432457,3.9020112706561403e-07,0.15969477047602823,0.7591055330785207,25,20,10
1,7789,0.08642900906787736,1.3423365208238136e-05,0.15394845469462892,0.7596091128722854,25,20,10
1,7790,0.09342899401376294,1.4279535017087424e-05,0.1525679548013765,0.7539887716498456,25,20,10
1,7791,0.11431585202377958,1.3451916577805423e-06,0.14216645959114077,0.7435163431934246,25,20,10
1,7792,0.12048831779566849,1.276503243223691e-06,0.1404965165145147,0.7390138891865746,25,20,10
1,7793,0.10396924610941785,1.3383490870878077e-06,0.1173740720394291,0.7786553435020656,25,20,10
1,7794,0.11084706805825602,1.1658352651710506e-05,0.12541827378351972,0.763722999805576,25,20,10
1,7795,0.1027554688498998,0.0003965107565108076,0.10232848333453909,0.7945195370590529,25,20,10
1,7796,0.11202268610805893,0.00039595521320739686,0.09014288389622412,0.7974384747825117,25,20,10
1,7797,0.13921493284158426,3.6296214523400797e-06,0.06561154742637419,0.7951698901105878,25,20,10
1,7798,0.15022842765814215,3.5891850495690856e-06,0.05463930048056212,0.7951286826762456,25,20,10
1,7799,0.09650256897307515,3.6150773829798234e-06,0.10788430280502632,0.7956095131445151,25,20,10
1,7800,0.12476008995082394,3.96267977859671e-06,0.07546429226261255,0.7997716551067845,25,20,10
1,7801,0.15616950829982357,3.999639291098726e-07,0.08032868805524578,0.7635014036810032,25,20,10
1,7802,0.15624195637990398,4.00082965017256e-07,0.08466321868003412,0.7590944248570973,25,20,10
1,7803,0.11992821248319445,4.0656789584499505e-07,0.08707620088171149,0.792995180067198,25,20,10
1,7804,0.12040276648951981,4.973857771185172e-08,0.081650071562385,0.797947112209516,25,20,10
1,7805,0.10859810174732805,4.229544433310362e-07,0.15031933419238677,0.7410821411058416,25,20,10
1,7806,0.07627200707129296,6.949822062003532e-07,0.17605132911985802,0.7476759688266432,25,20,10
1,7807,0.10806625808065011,6.615272120578076e-07,0.16998779617529589,0.721945284216843,25,20,10
1,7808,0.08336951985217393,4.6384899511194374e-07,0.16928428801704332,0.7473457282817852,25,20,10
1,7809,0.10404140753184808,2.7448193725017886e-06,0.1610232205507825,0.7349326270979948,25,20,10
1,7810,0.1191213638463861,2.640300577025423e-06,0.12269987962792904,0.7581761162251094,25,20,10
1,7811,0.1320384193640348,3.997808532149401e-05,0.1094914736870477,0.7584301288635966,25,20,10
1,7812,0.18227353402967897,1.1318304531253258e-07,0.05879045671475112,0.7589358960725237,25,20,10
1,7813,0.198329985043929,4.6095950960328504e-09,0.04030877958301973,0.761361230763455,25,20,10
1,7814,0.17566328160448247,9.257848283715781e-08,0.0637136771797856,0.7606229486372478,25,20,10
1,7815,0.1895452021620652,2.158889410114744e-07,0.05033626216315587,0.7601183197858364,25,20,10
1,7816,0.19541451788168213,1.3291610610136967e-06,0.04619922974515681,0.7583849232120997,25,20,10
1,7817,0.2174079537296259,3.226918245041932e-07,0.024232715285678906,0.7583590082928702,25,20,10
1,7818,0.20773352301550205,9.521319970148575e-06,0.03332221243001736,0.7589347432345092,25,20,10
1,7819,0.19032798363530115,2.3498305952735367e-07,0.06163330457934771,0.748038476802291,25,20,10
1,7820,0.19694460524980661,1.9069854639075772e-06,0.05239051483547028,0.750662972929259,25,20,10
1,7821,0.21360729131730183,1.9020859809769305e-06,0.05722451456951453,0.7291662920272028,25,20,10
1,7822,0.15374619554517163,5.576937976674405e-07,0.09499518341891515,0.7512580633421151,25,20,10
1,7823,0.2138321187333999,2.573743121747915e-07,0.03418667751987229,0.7519809463724149,25,20,10
1,7824,0.20438839544127338,2.6625031907567407e-07,0.036726323449871916,0.7588850148585354,25,20,10
1,7825,0.194525438449588,8.426745900917636e-09,0.04670950558279549,0.7587650475408684,25,20,10
1,7826,0.20078265056368663,5.087838826737233e-07,0.040823182339897866,0.7583936583125328,25,20,10
1,7827,0.15994490004250475,0.0033046710260076066,0.07783300294137038,0.758917425990117,25,20,10
1,7828,0.18091439230274978,1.0486859036396956e-06,0.06001444725168461,0.7590701117596619,25,20,10
1,7829,0.15680804809894355,1.8423878011406037e-06,0.0851101661689329,0.7580799433443239,25,20,10
1,7830,0.19200459584499208,1.0126075552150952e-06,0.055717864442721365,0.7522765271047297,25,20,10
1,7831,0.18854651228289016,9.100473203678935e-06,0.05863164061653544,0.7528127466273707,25,20,10
1,7832,0.14185430061808801,7.733615140593708e-06,0.09894883864355007,0.7591891271232234,25,20,10
1,7833,0.16965382164089338,7.869576061735767e-06,0.07150364663092738,0.7588346621521174,25,20,10
1,7834,0.1477240854712661,1.6500062979551766e-06,0.09357718754408896,0.7586970769783477,25,20,10
1,7835,0.12266500510303892,1.7769489393195218e-06,0.17961672317965147,0.6977164947683728,25,20,10
1,7836,0.16176435360868432,1.794556890825491e-06,0.1301235848589164,0.7081102669755096,25,20,10
1,7837,0.12236166064397073,2.1666580840979172e-07,0.17064077309455758,0.7069973495956632,25,20,10
1,7838,0.10397513125879977,2.00212809948082e-05,0.24161566749718452,0.6543891799630189,25,20,10
1,7839,0.18568716884154188,1.6239722909734781e-06,0.16341312427319502,0.6508980829129708,25,20,10
1,7840,0.24446805455272622,2.0066233113462703e-07,0.11934608862684777,0.6361856561580974,25,20,10
1,7841,0.27785570358231426,1.2304117081447861e-06,0.053635417670033714,0.6685076483359441,25,20,10
1,7842,0.3108316975461651,9.203614602044467e-09,0.021158602021512964,0.6680096912287068,25,20,10
1,7843,0.2724912878891446,5.2916074832198324e-09,0.05379719688005229,0.6737115099391962,25,20,10
1,7844,0.24074612391438163,2.7145762130112712e-08,0.09189173661929201,0.6673621123205643,25,20,10
1,7845,0.1773951848536004,1.3233486606434775e-05,0.15651041908999122,0.6660811625698017,25,20,10
1,7846,0.17661307353719752,2.1117751071859486e-06,0.15066012577237034,0.6727246889153257,25,20,10
1,7847,0.17796824128405833,0.0007037641966365677,0.14697177244882867,0.6743562220704764,25,20,10
1,7848,0.15785210127882754,0.0006898300487336891,0.17063351310564653,0.6708245555667937,25,20,10
1,7849,0.1217111383527272,1.452871261406256e-05,0.15967550763375438,0.7185988253009061,25,20,10
1,7850,0.04241748592039296,1.090362406190242e-06,0.2799865324555495,0.6775948912616521,25,20,10
1,7851,0.09863223808933733,5.766755543767028e-07,0.17956344640482108,0.7218037388302874,25,20,10
1,7852,0.04219963555453761,3.7145596040967516e-05,0.19581557491567333,0.7619476439337519,25,20,10
1,7853,0.0444979324864651,1.0678415770284532e-06,0.21213800527486149,0.7433629943970965,25,20,10
1,7854,0.11708233585149,2.53433547601852e-07,0.13042851482426385,0.752488895890701,25,20,10
1,7855,0.12936240070680052,0.010987576685853819,0.057714202763602375,0.8019358198437423,25,20,10
1,7856,0.1442964301102997,0.038259637761861975,0.018937567080504335,0.7985063650473337,25,20,10
1,7857,0.11689778924609735,0.03827303054107576,0.05229649194602486,0.7925326882668022,25,20,10
1,7858,0.11569453047587273,0.03827303829992962,0.0815843349658942,0.7644480962583033,25,20,10
1,7859,0.11876840865531761,0.014134377348033135,0.10200729300848359,0.7650899209881659,25,20,10
1,7860,0.11354048402862991,0.014134398694693746,0.09515229148361457,0.7771728257930611,25,20,10
1,7861,0.11531677382835075,0.014134387915373645,0.08597518429751581,0.7845736539587572,25,20,10
1,7862,0.12821598416092944,0.011231847752965714,0.12011475666825022,0.7404374114178566,25,20,10
1,7863,0.13678604057567906,0.0112315693013599,0.09717681758810251,0.7548055725348577,25,20,10
1,7864,0.12009908838732959,0.011879258510456386,0.10582171759232395,0.7621999355098882,25,20,10
1,7865,0.12039045393574571,0.011231580813713693,0.10968587958146699,0.7586920856690748,25,20,10
1,7866,0.12108306534027659,0.00027150746041238404,0.1195743320622673,0.7590710951370451,25,20,10
1,7867,0.12087123497413409,0.0009647939464756475,0.12621915346227547,0.7519448176171144,25,20,10
1,7868,0.051123739562563254,0.03851310429473311,0.1891072377503962,0.7212559183923066,25,20,10
1,7869,0.050530722515823155,0.03993915942236877,0.20454919905685465,0.7049809190049545,25,20,10
1,7870,0.08147963426376766,0.03994627734623112,0.15978210727720904,0.7187919811127954,25,20,10
1,7871,0.1651853908358193,0.038227761762589706,0.08338873885147459,0.7131981085501182,25,20,10
1,7872,0.10162888110816957,0.038301542292880755,0.16384886256656156,0.696220714032385,25,20,10
1,7873,0.1288073442980995,0.05669113962843547,0.13252729907390937,0.6819742169995565,25,20,10
1,7874,0.11142040604479403,0.07991214878062258,0.11214676973901527,0.6965206754355675,25,20,10
1,7875,0.07202038376658916,0.07990014540333651,0.14041382823973028,0.7076656425903469,25,20,10
1,7876,0.06575355368902418,0.07930970262933645,0.13598365441430102,0.7189530892673404,25,20,10
1,7877,0.11414466274150945,0.07810234144141864,0.10365380350266613,0.7040991923144069,25,20,10
1,7878,0.08233383322423339,0.07992352429503917,0.13331085697184275,0.7044317855088857,25,20,10
1,7879,0.13356201406536258,0.07991152545333499,0.08726632043176377,0.6992601400495383,25,20,10
1,7880,0.11279515752569617,0.07995147236865395,0.10380054520709374,0.7034528248985584,25,20,10
1,7881,0.11322229059994957,0.07995244554947081,0.1029310064431212,0.7038942574074621,25,20,10
1,7882,0.11347280438372452,0.07934477253833773,0.10766060126187518,0.6995218218160624,25,20,10
1,7883,0.0502017364001484,0.07818317672238623,0.12539922783208898,0.746215859045376,25,20,10
1,7884,0.08514762235703184,0.07907753299692637,0.08537729663509003,0.7503975480109546,25,20,10
1,7885,0.07428408218456753,0.07822520789717194,0.13520779037228883,0.712282919545975,25,20,10
1,7886,0.10987369276017235,0.0799010168484035,0.0913988552133432,0.7188264351780819,25,20,10
1,7887,0.11434776193445016,0.07989660697463749,0.08291377885414035,0.7228418522367711,25,20,10
1,7888,0.12205509248241964,0.0769528535968119,0.08268280927596344,0.7183092446448088,25,20,10
1,7889,0.04551242450910101,0.07994431115357133,0.1266823323249488,0.7478609320123816,25,20,10
1,7890,0.011067215089631956,0.08000897533306547,0.12739394253772043,0.781529867039585,25,20,10
1,7891,0.04360919788215268,0.0763756660605067,0.14373008528433248,0.73628505077301,25,20,10
1,7892,0.01638593725328112,0.07992630566287484,0.15717278497759277,0.7465149721062526,25,20,10
1,7893,0.007931643761490977,0.07819945125212902,0.16837018461720546,0.7454987203691766,25,20,10
1,7894,0.048653971257401424,0.05117263004452152,0.107724068608726,0.7924493300893513,25,20,10
1,7895,0.06968061892654259,0.05118036922234878,0.09260650117622188,0.7865325106748868,25,20,10
1,7896,0.0821748426667206,0.0545476440722443,0.0703120224216324,0.792965490839401,25,20,10
1,7897,0.0785145132990917,0.07821474366594526,0.05076775916481701,0.792502983870145,25,20,10
1,7898,0.045210474543561814,0.054123739327161566,0.10227263847399007,0.7983931476552856,25,20,10
1,7899,0.06902139569309261,0.0378882555329727,0.0942714993328201,0.7988188494411159,25,20,10
1,7900,0.05781733509283339,0.06501679994654239,0.07894415605156638,0.798221708909057,25,20,10
1,7901,0.03293086854020925,0.0792634815277899,0.09306601832268825,0.794739631609312,25,20,10
1,7902,0.060792276131066164,0.051646008454189464,0.10022181137570386,0.7873399040390433,25,20,10
1,7903,0.07288740608760248,0.07817770408602243,0.05870513399390264,0.7902297558324713,25,20,10
1,7904,0.08207226178102532,0.021248960053695053,0.10921388368931115,0.7874648944759702,25,20,10
1,7905,0.07972128922912941,0.038279467338805995,0.04993349788360495,0.8320657455484596,25,20,10
1,7906,0.088498834811616,0.039477661330286046,0.04832755667568697,0.8236959471824105,25,20,10
1,7907,0.10091397436853253,0.039939162056957384,0.021581902978960694,0.8375649605955491,25,20,10
1,7908,0.1066389533141146,0.039939164988407556,0.014933020150492238,0.8384888615469854,25,20,10
1,7909,0.1200142092084537,0.03993917207071596,0.0015234948722559008,0.8385231238485733,25,20,10
1,7910,0.12030205515380507,0.039939161524807275,0.0014342139231001427,0.8383245693982854,25,20,10
1,7911,0.12040934862753833,0.03993916156501142,0.006663187535372574,0.8329883022720774,25,20,10
1,7912,0.10329168312668618,0.03993916427313531,0.025174421809374407,0.8315947307908027,25,20,10
1,7913,0.0833041884452988,0.022210961487329074,0.06104308197398241,0.8334417680933889,25,20,10
1,7914,0.11851170239240222,0.03528279299147069,0.01280929338576161,0.8333962112303652,25,20,10
1,7915,0.09657716525171059,0.03995303037391303,0.02614693469912279,0.8373228696752532,25,20,10
1,7916,0.12198164208994118,0.0029166539438988765,0.0731850432736815,0.8019166606924787,25,20,10
1,7917,0.11694251889562482,0.00291665523284797,0.11996305948885862,0.7601777663826712,25,20,10
1,7918,0.10923947713797107,0.002916687932477557,0.09660913569151061,0.7912346992380412,25,20,10
1,7919,0.11595202799219566,0.0002714469963820124,0.08295621242114246,0.8008203125902804,25,20,10
1,7920,0.11997437635461353,5.128089705695683e-07,0.0819967585088169,0.7980283523276006,25,20,10
1,7921,0.126687769774024,0.00038695632626727523,0.07219865563349766,0.8007266182662097,25,20,10
1,7922,0.12519627128693522,0.00038695992346535023,0.1014850625247071,0.7729317062648936,25,20,10
1,7923,0.12876818174197294,0.0003869562160164429,0.12841561610248084,0.7424292459395305,25,20,10
1,7924,0.1019474148313371,0.0003876637686752727,0.18949976197509447,0.708165159424892,25,20,10
1,7925,0.13216894424175438,1.5345786145659814e-05,0.1742580193126647,0.6935576906594362,25,20,10
1,7926,0.14576871090014978,0.000728910074656153,0.13523219422000848,0.7182701848051859,25,20,10
1,7927,0.1785331362407013,0.025198798461662286,0.08411527217648547,0.7121527931211519,25,20,10
1,7928,0.17647339980339738,0.03992317820651921,0.06522603280184876,0.7183773891882353,25,20,10
1,7929,0.1440989110844936,0.03992317726373412,0.103674941200976,0.7123029704507969,25,20,10
1,7930,0.13964664994081624,0.03992331430151585,0.13803809904214964,0.6823919367155203,25,20,10
1,7931,0.15131992461521782,0.039509008666768604,0.13023899725098784,0.6789320694670249,25,20,10
1,7932,0.15446165350251653,0.03951591254770371,0.13306479082344477,0.6729576431263377,25,20,10
1,7933,0.17974566671804562,0.03956050178778124,0.10699259917197614,0.6737012323221986,25,20,10
1,7934,0.17565179657781535,0.038207676559108304,0.10719914291422446,0.6789413839488526,25,20,10
1,7935,0.18199703547003943,0.021205963988224354,0.11943708503380554,0.6773599155079307,25,20,10
1,7936,0.15003052319286303,0.02120612942012525,0.148197121857309,0.6805662255297051,25,20,10
1,7937,0.11424266141443877,0.03861398893541319,0.16636316812483226,0.6807801815253174,25,20,10
1,7938,0.06878993618019859,0.038613776592334885,0.21153033829889759,0.6810659489285683,25,20,10
1,7939,0.09677820847923237,0.038613767279223415,0.18329471211385884,0.6813133121276859,25,20,10
1,7940,0.05957198288942555,0.03873577267273492,0.2210679434560516,0.6806243009817878,25,20,10
1,7941,0.09541129955116548,0.0399489782870893,0.18656061104504001,0.6780791111167059,25,20,10
1,7942,0.14004237748018647,0.03994489427097237,0.1898524303125064,0.6301602979363358,25,20,10
1,7943,0.1915827106873956,0.03994729767599612,0.13171282242973373,0.6367571692068752,25,20,10
1,7944,0.18827232199160118,0.0382354379365846,0.11343965982112464,0.6600525802506909,25,20,10
1,7945,0.17080868525167214,0.03996939673446448,0.12790244903070466,0.6613194689831614,25,20,10
1,7946,0.17107362909838586,0.03996939552780625,0.12696201709126786,0.6619949582825414,25,20,10
1,7947,0.13896106666896357,0.039895002846498856,0.12937215664065124,0.6917717738438897,25,20,10
1,7948,0.13826148536210756,0.03995781847873837,0.11651504833215025,0.7052656478270038,25,20,10
1,7949,0.13125461698001264,0.03901286295243744,0.11348049579118578,0.7162520242763661,25,20,10
1,7950,0.13217212593885316,0.03899464272308375,0.11011672893509739,0.7187165024029664,25,20,10
1,7951,0.1347100454769306,0.03929776018868323,0.10692925015597005,0.7190629441784175,25,20,10
1,7952,0.14318106161848027,0.038254394340972005,0.10034144149148594,0.7182231025490641,25,20,10
1,7953,0.1558339746478015,0.03825440015075994,0.10147958563521584,0.704432039566223,25,20,10
1,7954,0.18210615267066466,0.014166617917039007,0.12647306504627395,0.6772541643660257,25,20,10
1,7955,0.16056542918147937,0.03997719821920662,0.12549169413528286,0.6739656784640363,25,20,10
1,7956,0.1532854797773537,0.039948535113256085,0.09257108843593753,0.7141948966734555,25,20,10
1,7957,0.12654474668507315,0.014165476154079239,0.1880156715876174,0.671274105573232,25,20,10
1,7958,0.09790971173014182,0.03937898897961982,0.17831626881426108,0.6843950304759798,25,20,10
1,7959,0.050391109083755124,0.03806709645175788,0.22885715551435143,0.6826846389501365,25,20,10
1,7960,0.06362336896616057,0.014138387429229264,0.24273470855669096,0.679503535047921,25,20,10
1,7961,0.1404372733601709,0.014178748680174795,0.16635348232944672,0.6790304956302091,25,20,10
1,7962,0.11884018149025477,0.03832287861222945,0.16416075037000574,0.6786761895275114,25,20,10
1,7963,0.1136001769574167,0.05409369995802745,0.15437003313321213,0.6779360899513444,25,20,10
1,7964,0.10778381863480715,0.07993834487746489,0.12858660661449672,0.6836912298732345,25,20,10
1,7965,0.07379479818775087,0.07989474744427699,0.1623732182277784,0.683937236140195,25,20,10
1,7966,0.08423485789427643,0.07653367918906193,0.20529252743390763,0.6339389354827543,25,20,10
1,7967,0.051873000244615136,0.07652703915431217,0.23924374993074285,0.6323562106703341,25,20,10
1,7968,0.04537938209095484,0.0772580320821165,0.2750763405353403,0.6022862452915897,25,20,10
1,7969,0.046188532404866506,0.07823119839114616,0.2732803943089452,0.6022998748950422,25,20,10
1,7970,0.10918715229454688,0.07698669766170224,0.21160468439265034,0.6022214656511009,25,20,10
1,7971,0.18290388017885015,0.07611052122332138,0.14217529185662792,0.5988103067412016,25,20,10
1,7972,0.18163599542520042,0.07779028237968692,0.14173413382538638,0.5988395883697254,25,20,10
1,7973,0.16983082064123653,0.08007815660263917,0.11083604388303428,0.6392549788730907,25,20,10
1,7974,0.15514001997857396,0.09615785135767195,0.10958399512479833,0.6391181335389559,25,20,10
1,7975,0.13542110756504666,0.11963659861164691,0.11081010218766492,0.6341321916356423,25,20,10
1,7976,0.1403135355292554,0.09774112084194232,0.15951191586243868,0.6024334277663642,25,20,10
1,7977,0.15585128743612453,0.11520209310602789,0.12636244842091107,0.6025841710369382,25,20,10
1,7978,0.16445645017908908,0.11901599024058752,0.13894366706527697,0.577583892515047,25,20,10
1,7979,0.17662250155078293,0.07783927730582396,0.16720640579013565,0.5783318153532602,25,20,10
1,7980,0.17495599414115912,0.07735417503381055,0.14285372405972924,0.6048361067653023,25,20,10
1,7981,0.18887606815854746,0.07903911781307504,0.12764644102824058,0.6044383730001378,25,20,10
1,7982,0.1978053698275066,0.0790270487254736,0.11867736640505398,0.6044902150419664,25,20,10
1,7983,0.03347363298882606,0.08042086001823001,0.2864974398235295,0.5996080671694133,25,20,10
1,7984,0.11522019898422561,0.11927937318755152,0.16657998196342824,0.5989204458647952,25,20,10
1,7985,0.14956209367356713,0.07978028908212796,0.17197036771395224,0.5986872495303546,25,20,10
1,7986,0.14725410296664557,0.041032504009641216,0.22366987554985637,0.588043517473857,25,20,10
1,7987,0.1692270739449212,0.04105852026018716,0.20210214482568223,0.5876122609692108,25,20,10
1,7988,0.17694804181539667,0.040043063681941146,0.18430069620907322,0.5987081982935902,25,20,10
1,7989,0.2402687549178534,0.039965128882699624,0.08591980596707739,0.6338463102323701,25,20,10
1,7990,0.2643879830946573,0.039939907786147394,0.07995249770132401,0.6157196114178722,25,20,10
1,7991,0.2695144030220366,0.03822621683162244,0.054521227857028405,0.6377381522893129,25,20,10
1,7992,0.2254954305261689,0.03997306320059296,0.096402034327559,0.6381294719456794,25,20,10
1,7993,0.19921110593242644,0.04082175036544266,0.12136642359978321,0.6386007201023489,25,20,10
1,7994,0.17616816495296464,0.04118508616533809,0.17955441071186004,0.6030923381698363,25,20,10
1,7995,0.1880097798677022,0.04123948003991438,0.16627918467911978,0.6044715554132636,25,20,10
1,7996,0.19574992461993532,0.04000591467259815,0.16483005975111792,0.59941410095635,25,20,10
1,7997,0.1989973946583642,0.043265967103369246,0.11880780501083414,0.6389288332274323,25,20,10
1,7998,0.209390008908725,0.03992075108813318,0.12540869882282255,0.6252805411803198,25,20,10
1,7999,0.17770387220343029,3.673053853175693e-05,0.19669908537911987,0.6255603118789209,25,20,10
1,8000,0.1548162472005115,1.8988856097935385e-06,0.17042768705136488,0.6747541668625119,25,20,10
1,8001,0.14429753315514182,0.0003471188761222074,0.17639354814508937,0.678961799823647,25,20,10
1,8002,0.1439186279650967,0.000793214201688053,0.20564289573372097,0.6496452620994941,25,20,10
1,8003,0.16707939426588753,0.000793160012930809,0.1875117551756417,0.6446156905455402,25,20,10
1,8004,0.1513911171782307,0.0007937834913916637,0.1734544372338676,0.6743606620965114,25,20,10
1,8005,0.14025561779000245,0.0003173696006624296,0.18877426565212577,0.6706527469572123,25,20,10
1,8006,0.13068866435311693,0.00025516970163250033,0.2253371356992763,0.6437190302459725,25,20,10
1,8007,0.12662966726918465,0.002985239861482661,0.22659124507511097,0.6437938477942217,25,20,10
1,8008,0.08284541956650138,0.002961712017370343,0.269924692821143,0.6442681755949838,25,20,10
1,8009,0.1502562045985012,0.003205439643706574,0.2045154807313182,0.642022875026478,25,20,10
1,8010,0.15520958535766116,0.0032055055558063584,0.23922570255496514,0.6023592065315667,25,20,10
1,8011,0.21043755830351255,1.4793223558266875e-05,0.15091635265457382,0.6386312958183605,25,20,10
1,8012,0.2094129348997227,1.6535758680690994e-05,0.1591316944859571,0.6314388348556416,25,20,10
1,8013,0.23970360401697263,4.19352284619307e-07,0.12057754372980231,0.6397184329009405,25,20,10
1,8014,0.27158278255929974,0.0009100922074757232,0.08261215771862847,0.644894967514597,25,20,10
1,8015,0.22424035771919842,7.770096163095086e-07,0.13646532676086381,0.6392935385103219,25,20,10
1,8016,0.27715157395278867,2.7027591791612905e-07,0.044317095040540995,0.6785310607307525,25,20,10
1,8017,0.25831967313732834,1.0576576535434131e-07,0.06345042925186918,0.6782297918450368,25,20,10
1,8018,0.2679838247173673,1.9361062767740073e-07,0.08986556360006911,0.6421504180719364,25,20,10
1,8019,0.21185397713229331,1.442289325138242e-06,0.15583084267608727,0.6323137379022955,25,20,10
1,8020,0.23820672932581338,5.435986796368458e-06,0.1249351499048105,0.6368526847825812,25,20,10
1,8021,0.24505374989078582,2.181015079002535e-08,0.10967399994417225,0.6452722283548914,25,20,10
1,8022,0.2051007931464581,6.821899576555069e-09,0.1484607584416505,0.6464384415899929,25,20,10
1,8023,0.2071547875484997,9.79045543764398e-09,0.14553057891551885,0.6473146237455277,25,20,10
1,8024,0.1658266088177085,3.7215187253655577e-05,0.2000229856204885,0.6341131903745508,25,20,10
1,8025,0.22030563004764336,9.603678509498543e-06,0.14922147763847943,0.6304632886353684,25,20,10
1,8026,0.2446091943712996,0.023991905293984116,0.09284756279386176,0.6385513375408551,25,20,10
1,8027,0.16988582518595677,0.03995584068602253,0.1821153739629001,0.608042960165121,25,20,10
1,8028,0.13348069266145018,0.03995559569573617,0.269151814576086,0.5574118970667276,25,20,10
1,8029,0.0860493427737482,0.03995881782867933,0.31442003756240655,0.5595718018351632,25,20,10
1,8030,0.12822949156428703,0.01484439103496692,0.30489663086789665,0.5520294865328477,25,20,10
1,8031,0.0766557802266563,0.03994949577821355,0.32700194280335415,0.5563927811917729,25,20,10
1,8032,0.1805152533287751,0.03868664748115238,0.22836762988673687,0.5524304693033347,25,20,10
1,8033,0.23804831588902278,0.038710332583962635,0.16430045278909008,0.5589408987379246,25,20,10
1,8034,0.23973085123644722,0.021193197271971376,0.17641558012849248,0.5626603713630903,25,20,10
1,8035,0.1905653871930242,0.03850125648243608,0.2109498321913079,0.5599835241332305,25,20,10
1,8036,0.1965684837861207,0.039963494087148874,0.21147785938442773,0.5519901627423027,25,20,10
1,8037,0.2853984539202178,0.039982642568469576,0.11980948652434847,0.554809416986963,25,20,10
1,8038,0.2747322417550895,0.01921541867116278,0.14568448298033446,0.5603678565934134,25,20,10
1,8039,0.2565924397371544,0.0011231624622571141,0.1829154106737785,0.5593689871268105,25,20,10
1,8040,0.25376843824300555,5.0602555338348665e-05,0.19350841861942747,0.5526725405822277,25,20,10
1,8041,0.2024102393582924,0.000295494843405424,0.23769808372558554,0.559596182072719,25,20,10
1,8042,0.17855724745927468,1.5971911125128676e-05,0.2523743101733396,0.5690524704562584,25,20,10
1,8043,0.24313407772246184,1.4030432193595602e-05,0.19617204178532144,0.5606798500600239,25,20,10
1,8044,0.23190268798233282,1.2650620236916686e-05,0.20828964058173172,0.5597950208156975,25,20,10
1,8045,0.22318330226576363,3.988469558590013e-05,0.2221396424793758,0.5546371705592776,25,20,10
1,8046,0.2670078952138352,3.988340337942038e-05,0.14961467003028384,0.5833375513525008,25,20,10
1,8047,0.273281009575409,7.468927529684963e-07,0.13783029120320534,0.5888879523286324,25,20,10
1,8048,0.3335763728322889,4.0126144515627465e-07,0.06515639461782465,0.6012668312884414,25,20,10
1,8049,0.3073657659888824,8.909694576842828e-08,0.09587439561264714,0.5967597493015272,25,20,10
1,8050,0.29422299588625866,1.7115481789781417e-08,0.07188978533674628,0.6338872016615137,25,20,10
1,8051,0.28797663513171995,2.3009565457860363e-08,0.07364721254942758,0.6383761293092867,25,20,10
1,8052,0.19656734366557263,3.3920054773074145e-05,0.1260227410955811,0.6773759951840751,25,20,10
1,8053,0.17877852043213674,5.9017466638307795e-05,0.13551713737197688,0.6856453247292497,25,20,10
1,8054,0.16808036838646795,5.896130903982889e-05,0.14629677799869303,0.6855638923057993,25,20,10
1,8055,0.19189525748444194,0.00040655435547272954,0.12349331139721731,0.6842048767628703,25,20,10
1,8056,0.18460102515926713,3.082466046060221e-05,0.12933456432367704,0.6860335858565964,25,20,10
1,8057,0.16247281467131305,5.919866746353751e-06,0.15834709952973125,0.6791741659322104,25,20,10
1,8058,0.13420185690383968,2.0411591874457197e-06,0.1867647493549952,0.6790313525819802,25,20,10
1,8059,0.14751756824113615,8.375799164067796e-07,0.17392099198105412,0.6785606021978934,25,20,10
1,8060,0.1707029015305126,1.1305142507895694e-06,0.15096311681509522,0.6783328511401436,25,20,10
1,8061,0.16307994227616363,2.0263829946084018e-05,0.16473073033114194,0.6721690635627503,25,20,10
1,8062,0.22813658969335837,1.2811918496435643e-06,0.09994504119434987,0.6719170879204411,25,20,10
1,8063,0.22042090399321565,5.472774737096461e-07,0.1015619711655295,0.6780165775637821,25,20,10
1,8064,0.2731036398553063,3.539547719432212e-08,0.049082302832729886,0.6778140219164877,25,20,10
1,8065,0.22207743862591464,9.342544882709158e-08,0.13886341396737292,0.6390590539812656,25,20,10
1,8066,0.23560277969828378,6.781304355507911e-08,0.12056664125887068,0.6438305112298025,25,20,10
1,8067,0.20109809533546236,0.0007700220304445754,0.161932525516884,0.6361993571172094,25,20,10
1,8068,0.1885718213909164,7.288806753218671e-08,0.18981162342845453,0.6216164822925614,25,20,10
1,8069,0.1544413017513386,0.024917513527363284,0.18954583298706712,0.6310953517342325,25,20,10
1,8070,0.16337889879021755,0.011241867326455069,0.20005950258919955,0.6253197312941317,25,20,10
1,8071,0.137800639310598,0.03998205343053137,0.15662047571170284,0.6655968315471683,25,20,10
1,8072,0.21746210645293565,0.03998205999892938,0.0779353327304638,0.6646205008176712,25,20,10
1,8073,0.21903604323655465,0.040062312577444664,0.06243444174971459,0.6784672024362861,25,20,10
1,8074,0.20252141146835767,0.04136277131333122,0.07799329885612236,0.678122518362189,25,20,10
1,8075,0.12275464080702302,0.016125932861699433,0.18332699536517377,0.6777924309661064,25,20,10
1,8076,0.16274543972966346,0.04018875825659874,0.13111209276737942,0.6659537092463594,25,20,10
1,8077,0.13535113850981179,0.04033740424712797,0.15667404315914063,0.6676374140839235,25,20,10
1,8078,0.15551368729762877,0.0397303204146395,0.14322230504766217,0.6615336872400717,25,20,10
1,8079,0.11689053678432546,0.03998260872635538,0.17124720450431774,0.6718796499850036,25,20,10
1,8080,0.1517443931371455,0.07932158877420098,0.09158544763758156,0.6773485704510723,25,20,10
1,8081,0.200228314668522,0.07987804845506953,0.042426366412920594,0.6774672704634878,25,20,10
1,8082,0.16169624163040358,0.07866571999567702,0.12175726358428873,0.6378807747896335,25,20,10
1,8083,0.14565724992170997,0.07931250437372028,0.14189762730571542,0.6331326183988542,25,20,10
1,8084,0.09973099300508131,0.06489138431917259,0.20303209786031517,0.6323455248154302,25,20,10
1,8085,0.09617854667194642,0.06489108976340159,0.18648451544423075,0.6524458481204226,25,20,10
1,8086,0.09204002959589636,0.0779089757401758,0.2036228630645709,0.6264281315993567,25,20,10
1,8087,0.06567376614307012,0.07790902011087084,0.21372578424634825,0.6426914294997127,25,20,10
1,8088,0.17004128834388507,0.07751108195970095,0.11360499372361531,0.6388426359727997,25,20,10
1,8089,0.20102498393656046,0.07920742501085139,0.08561230761294078,0.6341552834396478,25,20,10
1,8090,0.2269521965377201,0.07919600145434823,0.05478060595828653,0.6390711960496454,25,20,10
1,8091,0.23861009252662502,0.07867201887292988,0.057845482868368936,0.6248724057320765,25,20,10
1,8092,0.2427785345017285,0.079909657163767,0.05228266715787863,0.6250291411766257,25,20,10
1,8093,0.19916858170161217,0.08137469882854723,0.0897712800621346,0.6296854394077062,25,20,10
1,8094,0.2332044040754773,0.07990905633172612,0.06403738314814848,0.6228491564446482,25,20,10
1,8095,0.1924469911972484,0.07990968752138401,0.12557065302663029,0.6020726682547395,25,20,10
1,8096,0.19770361752097812,0.07907899181743366,0.12042961185213391,0.6027877788094551,25,20,10
1,8097,0.199756218526613,0.07949340948185188,0.11428073257323873,0.6064696394182973,25,20,10
1,8098,0.107464994233626,0.07949946809057222,0.22398134391567848,0.5890541937601248,25,20,10
1,8099,0.14065632314058585,0.07864712043602257,0.18165664738330303,0.5990399090400907,25,20,10
1,8100,0.19422477109555306,0.07941948017848344,0.12791363843378034,0.598442110292184,25,20,10
1,8101,0.14717952726519015,0.08067454075553979,0.13376030253203108,0.6383856294472422,25,20,10
1,8102,0.14504546392362827,0.0781944316148815,0.1388573482820668,0.6379027561794264,25,20,10
1,8103,0.13828180662365175,0.03994394717278446,0.19907677462697237,0.6226974715765944,25,20,10
1,8104,0.13662415424909638,0.03995115128913589,0.19554452258430996,0.6278801718774608,25,20,10
1,8105,0.162769515083929,0.03995645199279261,0.15868824731996406,0.6385857856033177,25,20,10
1,8106,0.1645429823359048,0.03994842741570152,0.15597033336825508,0.6395382568801411,25,20,10
1,8107,0.21464758967560849,0.03995757084364114,0.1057376396599337,0.6396571998208167,25,20,10
1,8108,0.1973435261117042,0.039953268827071294,0.12364732973029784,0.639055875330929,25,20,10
1,8109,0.2255002105450379,0.03995002122045803,0.09495065799330643,0.6395991102411988,25,20,10
1,8110,0.1921413857344242,0.03873874335784719,0.05552916649219311,0.713590704415536,25,20,10
1,8111,0.17140201648791273,0.03994579233510694,0.07024352770277008,0.718408663474211,25,20,10
1,8112,0.2180140612812211,0.038732886504052516,0.025068410865307575,0.7181846413494193,25,20,10
1,8113,0.22154422583783018,0.03992755955607461,0.02602933979963576,0.7124988748064596,25,20,10
1,8114,0.2057480590322392,0.03992736518334311,0.04714918455450284,0.7071753912299144,25,20,10
1,8115,0.2191416407656891,0.03992763839934951,0.033025613554794046,0.7079051072801663,25,20,10
1,8116,0.23946552859819245,0.0399771142185841,0.02168969098582497,0.6988676661973983,25,20,10
1,8117,0.24022160843362783,0.03993805096211097,0.06277717496154216,0.6570631656427185,25,20,10
1,8118,0.23697162621585427,0.039949198486540625,0.04029482777180465,0.6827843475258014,25,20,10
1,8119,0.2053392984962421,0.03998984918944687,0.07214055223830663,0.6825303000760039,25,20,10
1,8120,0.18980804315914557,0.040752949352679785,0.09204724558415106,0.6773917619040276,25,20,10
1,8121,0.14303138302894014,0.017740629958406112,0.16260671986832714,0.6766212671443267,25,20,10
1,8122,0.1498799307068849,0.017740627885229676,0.17946690998739365,0.6529125314204923,25,20,10
1,8123,0.1481164624309139,0.039513146514907234,0.13388231042132126,0.6784880806328581,25,20,10
1,8124,0.1800505905297068,0.03995218014411443,0.10239484592672377,0.6776023833994564,25,20,10
1,8125,0.14872104860457488,0.039954409415016594,0.13251253985522304,0.6788120021251853,25,20,10
1,8126,0.16025583692769046,0.039960605168997874,0.1215177664466046,0.67826579145671,25,20,10
1,8127,0.15761308065468208,0.03997943703601023,0.12339844973689922,0.6790090325724114,25,20,10
1,8128,0.09812523922146775,0.03997674123191093,0.22163322602999813,0.6402647935166209,25,20,10
1,8129,0.1762598514526895,0.03997840352114583,0.13877165104122524,0.6449900939849421,25,20,10
1,8130,0.20486947346034942,0.039979948693130096,0.1170067575033806,0.6381438203431405,25,20,10
1,8131,0.2009776108128981,0.03997710942192506,0.04007333035254393,0.7189719494126335,25,20,10
1,8132,0.1801493283987345,0.04081475716226943,0.060027241113607126,0.7190086733253895,25,20,10
1,8133,0.12563850023868783,0.04084469753158416,0.1158403815081554,0.7176764207215727,25,20,10
1,8134,0.1251145505961233,0.04084587493204711,0.11493899504894312,0.7191005794228863,25,20,10
1,8135,0.13344738444905527,0.039996998600083045,0.1126379120677614,0.7139177048830999,25,20,10
1,8136,0.1713954942007709,0.0399484117213795,0.07018240572010895,0.7184736883577416,25,20,10
1,8137,0.1763073321060343,0.03993857147794083,0.06970691630326056,0.7140471801127637,25,20,10
1,8138,0.17318033498551555,0.04050243629816859,0.06860976588509418,0.7177074628312219,25,20,10
1,8139,0.16294854927906005,0.0405024203332677,0.08208905194461191,0.7144599784430603,25,20,10
1,8140,0.18365687276307774,0.04050277350834233,0.05793395805293093,0.7179063956756494,25,20,10
1,8141,0.15017607146409348,0.0405027864265704,0.09140474439404439,0.7179163977152911,25,20,10
1,8142,0.1472236384031396,0.03993859839602771,0.09349081702583292,0.7193469461750019,25,20,10
1,8143,0.1825731591407635,0.038258979976296466,0.07138607345284305,0.7077817874300973,25,20,10
1,8144,0.17342245699296696,0.03994707007948677,0.08458652204242308,0.7020439508851243,25,20,10
1,8145,0.15555690363854924,0.03994579396744165,0.09152135618232983,0.7129759462116786,25,20,10
1,8146,0.11378272448916249,0.039976900839956815,0.14428403459574368,0.7019563400751397,25,20,10
1,8147,0.08900154191603438,0.039527854823143554,0.1513496473537193,0.7201209559071039,25,20,10
1,8148,0.07764052318624111,0.015150963602709629,0.18783016280675313,0.7193783504043015,25,20,10
1,8149,0.07242402138968577,0.039976594734556475,0.17981273899127165,0.70778664488449,25,20,10
1,8150,0.17765947213044964,0.03997672805514689,0.07431105674555796,0.708052743068845,25,20,10
1,8151,0.15530524630669088,0.0382591617396185,0.06511655698850521,0.7413190349651846,25,20,10
1,8152,0.14757007511481113,0.03825955017370848,0.07286830132055817,0.7413020733909208,25,20,10
1,8153,0.12454599579647237,0.03915735215744253,0.09173499045824325,0.7445616615878421,25,20,10
1,8154,0.11434239184461764,0.038261760095157034,0.09093314863819821,0.7564626994220289,25,20,10
1,8155,0.15977180653666972,0.020060644649183477,0.060736624172410006,0.7594309246417374,25,20,10
1,8156,0.13969983703835281,0.011211563419954981,0.1371601352361244,0.7119284643055696,25,20,10
1,8157,0.15180806887779882,0.011226500705431687,0.12474496713105357,0.7122204632857172,25,20,10
1,8158,0.15206209701964293,0.0359905398702287,0.09878733699707681,0.713160026113053,25,20,10
1,8159,0.13088449227659218,0.0399771435215095,0.11537576662362223,0.7137625975782775,25,20,10
1,8160,0.17257059402982333,0.039977049815844656,0.06986479527101735,0.7175875608833151,25,20,10
1,8161,0.23615248020287047,0.03997159043000998,0.006144793984492292,0.7177311353826269,25,20,10
1,8162,0.18436073597823646,0.03825617247292434,0.05889953232906317,0.7184835592197746,25,20,10
1,8163,0.1981440097808806,0.038256731793666426,0.050759380640236905,0.7128398777852154,25,20,10
1,8164,0.20277801306112167,0.03825581661421455,0.04013320527224005,0.7188329650524236,25,20,10
1,8165,0.15485997184449693,0.07757436451225776,0.10249260039054123,0.6650730632527047,25,20,10
1,8166,0.12722367290116818,0.07757436601437616,0.1297359614097636,0.6654659996746934,25,20,10
1,8167,0.12319342284291553,0.07926784085728124,0.13704527687545268,0.6604934594243517,25,20,10
1,8168,0.11005572492942867,0.07915442966040202,0.14538987168538933,0.6653999737247801,25,20,10
1,8169,0.1114230340935373,0.062142077072195365,0.14701991245868187,0.6794149763755855,25,20,10
1,8170,0.12557897298070875,0.061206303725584436,0.13405321483491275,0.6791615084587945,25,20,10
1,8171,0.11683518462603085,0.061206481718927265,0.18076310243931584,0.6411952312157269,25,20,10
1,8172,0.07193633321118452,0.07847851016882954,0.2079628304195,0.6416223262004813,25,20,10
1,8173,0.08055311825986325,0.049735271692388915,0.21212847645513563,0.6575831335926111,25,20,10
1,8174,0.08698687892588916,0.050747557057978225,0.19127227062110985,0.6709932933950219,25,20,10
1,8175,0.1368560658665528,0.039063369749965944,0.15315781332488676,0.6709227510585951,25,20,10
1,8176,0.1368638011517522,0.041536510635025434,0.14339709546598534,0.6782025927472375,25,20,10
1,8177,0.1792934065837554,0.03988819172519581,0.10243568733510315,0.6783827143559458,25,20,10
1,8178,0.1491600262814174,0.039850328632880155,0.14335023677722394,0.6676394083084793,25,20,10
1,8179,0.19470555767314088,0.03997095676845191,0.10887052274278476,0.6564529628156238,25,20,10
1,8180,0.21065192767834462,0.03997095371543533,0.08205254511637163,0.667324573489849,25,20,10
1,8181,0.2200921853513172,0.04011544296009549,0.15189034584812908,0.5879020258404601,25,20,10
1,8182,0.2130019744933735,0.012254825336956227,0.14914341754246366,0.6255997826272094,25,20,10
1,8183,0.27085362999592955,0.03994286437767532,0.05817593741996245,0.6310275682064325,25,20,10
1,8184,0.17469029988602575,0.039942302900531836,0.15302925561856617,0.6323381415948784,25,20,10
1,8185,0.16259781823561462,0.03994681473775366,0.15570116952287594,0.6417541975037601,25,20,10
1,8186,0.16877142984020133,0.0382614042562034,0.15112136039115331,0.6418458055124432,25,20,10
1,8187,0.13700357423079457,0.03994357971959208,0.15989294771692342,0.6631598983326928,25,20,10
1,8188,0.20476253742071487,0.039554029205674836,0.04096134615780907,0.7147220872158006,25,20,10
1,8189,0.20575724421544345,0.039970521484986705,0.03242116531504467,0.7218510689845243,25,20,10
1,8190,0.1566288827293325,0.03997052451055463,0.08170002627314422,0.7217005664869696,25,20,10
1,8191,0.16545616585959969,0.03997081667819622,0.07758364593320854,0.7169893715289962,25,20,10
1,8192,0.19615991034384805,0.03994979868750838,0.0532124844816996,0.7106778064869438,25,20,10
1,8193,0.17435146286713948,0.03826127529833339,0.1128630131620966,0.6745242486724305,25,20,10
1,8194,0.1913008082201616,0.03826007584747365,0.10009229743778711,0.6703468184945782,25,20,10
1,8195,0.20884803268755536,0.0010852769043948492,0.11297373242682866,0.6770929579812216,25,20,10
1,8196,0.14747675753986178,2.6535960485706387e-05,0.18183536027713257,0.6706613462225228,25,20,10
1,8197,0.15243344193874456,2.6793152357336012e-05,0.1875327401652848,0.6600070247436151,25,20,10
1,8198,0.1574519475460059,2.6814009407610038e-05,0.19676912443541006,0.6457521140091775,25,20,10
1,8199,0.14948718259423202,5.888908847367447e-06,0.17863909814129816,0.671867830355624,25,20,10
1,8200,0.13678158120515443,2.535638632047079e-05,0.19228468311775135,0.6709083792907777,25,20,10
1,8201,0.1529440386156886,1.997620805291551e-05,0.16855538616434187,0.6784805990119195,25,20,10
1,8202,0.13427944482501655,2.4977395901443076e-05,0.18685942391840146,0.678836153860681,25,20,10
1,8203,0.08603466564933351,1.4876011039525195e-06,0.20641985865157245,0.707543988097987,25,20,10
1,8204,0.03524528181163637,4.0474315186937286e-05,0.26182413170096763,0.7028901121722053,25,20,10
1,8205,0.08415384512686036,3.98619680181473e-08,0.20435925013392228,0.7114868648772521,25,20,10
1,8206,0.0771421043702342,0.00012821530073070435,0.210411101157693,0.7123185791713414,25,20,10
1,8207,0.09902721605810133,0.0033164166461635935,0.19007152592962254,0.7075848413661155,25,20,10
1,8208,0.08295143516132286,0.0032588725230964927,0.20561934432310436,0.7081703479924779,25,20,10
1,8209,0.1511997010483142,7.661408224370061e-08,0.1307402642746525,0.7180599580629519,25,20,10
1,8210,0.164051973630744,2.7536552394533922e-05,0.11741446260724801,0.7185060272096129,25,20,10
1,8211,0.11967732975891111,1.857774327724476e-05,0.16079792194118453,0.7195061705566291,25,20,10
1,8212,0.17346986424125532,1.7291753962189313e-05,0.10743817579418406,0.7190746682105988,25,20,10
1,8213,0.23206016882317726,1.752615179098189e-08,0.04889337064305054,0.719046443007621,25,20,10
1,8214,0.19744830448074843,2.0555927526066447e-08,0.08335334058694954,0.7191983343763768,25,20,10
1,8215,0.191571158456487,1.9870666418775004e-08,0.08969068720378086,0.7187381344690666,25,20,10
1,8216,0.2035304037356227,2.0719558528285517e-08,0.08792589406882392,0.7085436814759949,25,20,10
1,8217,0.15886536667859075,1.5119855922181022e-05,0.12211340335020182,0.7190061101152888,25,20,10
1,8218,0.12187542640088468,1.4472599864839533e-05,0.16000484710741766,0.7181052538918334,25,20,10
1,8219,0.11763640280484737,1.4312620846300291e-05,0.1634025988913029,0.7189466856830049,25,20,10
1,8220,0.0814344548109748,6.667073033136584e-05,0.19949634578296346,0.719002528675733,25,20,10
1,8221,0.06947008848167031,1.5612716684031768e-05,0.2081997427203223,0.7223145560813212,25,20,10
1,8222,0.05694013440273166,6.349842338693524e-06,0.2160955872662826,0.7269579284886467,25,20,10
1,8223,0.04206764061872472,2.2179471692123748e-05,0.2395198098102468,0.7183903700993368,25,20,10
1,8224,0.0700231119425912,1.9817234874815636e-07,0.21520092572091218,0.7147757641641497,25,20,10
1,8225,0.047466075695730955,7.640827321346771e-05,0.27680160723652775,0.6756559087945306,25,20,10
1,8226,0.05594542580126039,3.477729099818166e-07,0.2625035623738671,0.6815506640519635,25,20,10
1,8227,0.07199571019472294,1.8188427111059131e-07,0.213945294503291,0.7140588134177156,25,20,10
1,8228,0.08680978197379377,1.8189198195777672e-07,0.1938187726912039,0.7193712634430207,25,20,10
1,8229,0.08753424686953844,0.0007741456154279612,0.1798472463097664,0.7318443612052659,25,20,10
1,8230,0.10910611208922547,0.0008388548523316388,0.17066721399897877,0.719387819059465,25,20,10
1,8231,0.15754366809973225,0.0007799202862803737,0.1230777105814871,0.7185987010325013,25,20,10
1,8232,0.15139303170243187,6.89206441781356e-06,0.13175170419302132,0.7168483720401317,25,20,10
1,8233,0.12038737739759661,0.0002739093044581417,0.16250148638047743,0.7168372269174711,25,20,10
1,8234,0.11772809648125998,2.4788797391268787e-06,0.1285173372384108,0.7537520874005916,25,20,10
1,8235,0.11852647764821907,2.4783966436353836e-06,0.1582195447173135,0.723251499237825,25,20,10
1,8236,0.12573332896204184,7.208522814411554e-06,0.15515919421253604,0.7191002683026092,25,20,10
1,8237,0.11713895211031959,1.5936482865837885e-05,0.16358748175684326,0.7192576296499738,25,20,10
1,8238,0.12089188722583115,4.222528444251274e-08,0.15995442691880862,0.7191536436300784,25,20,10
1,8239,0.1376851866435148,4.1277118463001845e-08,0.1432083663433688,0.7191064057359995,25,20,10
1,8240,0.15039251834056133,7.591979196809343e-07,0.09132607828771551,0.7582806441738073,25,20,10
1,8241,0.12792641349951617,1.0794163360064854e-07,0.11326292919523377,0.7588105493636188,25,20,10
1,8242,0.159046068651968,7.114983487567129e-07,0.08121113556631057,0.7597420842833718,25,20,10
1,8243,0.20111682788240262,2.246208757344712e-06,0.04040390921223977,0.7584770166965997,25,20,10
1,8244,0.23377247507843063,4.037077304795748e-07,0.006914473117610124,0.7593126480962286,25,20,10
1,8245,0.13818258065726513,4.6032858637106443e-07,0.1022734290699309,0.7595435299442194,25,20,10
1,8246,0.16458517879151072,1.0932076671002234e-06,0.08066526504250993,0.7547484629583141,25,20,10
1,8247,0.16773541012115886,5.1488090698182656e-08,0.12450430028558636,0.7077602381051655,25,20,10
1,8248,0.15082536683706554,0.014099050069373453,0.12048312200849065,0.7145924610850719,25,20,10
1,8249,0.10438259004483408,0.014099562971821909,0.16278401080667732,0.7187338361766671,25,20,10
1,8250,0.053232538044920556,0.024639143840696764,0.20072577862494018,0.7214025394894418,25,20,10
1,8251,0.08682704282387563,0.014177716709093837,0.20561584865446464,0.6933793918125644,25,20,10
1,8252,0.07496423319518113,0.014163148587966684,0.1970507320122546,0.7138218862045999,25,20,10
1,8253,0.1316736385446241,0.02449937158487843,0.1712860087303157,0.6725409811401846,25,20,10
1,8254,0.0763324669718914,0.03948467181252358,0.2056298323574823,0.6785530288581001,25,20,10
1,8255,0.11634346671875717,0.03955918927852958,0.20505528006931242,0.6390420639333977,25,20,10
1,8256,0.0456713445023504,0.025263133019222575,0.29180428427224675,0.6372612382061794,25,20,10
1,8257,0.1197137167751625,0.03841965736471589,0.21519045690039643,0.6266761689597234,25,20,10
1,8258,0.14915273691644873,0.038231691426494546,0.17408090219648759,0.6385346694605697,25,20,10
1,8259,0.17271433897105834,0.038231696926285315,0.1504380009661633,0.6386159631364939,25,20,10
1,8260,0.17627183536702679,0.03826042157028021,0.1515841830179325,0.6338835600447618,25,20,10
1,8261,0.19557011817565684,0.03823033120933743,0.13976207352514658,0.6264374770898592,25,20,10
1,8262,0.16632098709000234,0.039964465883605006,0.15723879775767713,0.6364757492687152,25,20,10
1,8263,0.18719074800772706,0.041080996076358345,0.13356769098659868,0.6381605649293188,25,20,10
1,8264,0.1549199836746329,0.04029035626230305,0.17188162891476527,0.6329080311483007,25,20,10
1,8265,0.18505912685529793,0.04043175351457972,0.13558212845831957,0.6389269911718063,25,20,10
1,8266,0.14526329185675727,0.0387356342498831,0.17645085814980846,0.6395502157435511,25,20,10
1,8267,0.1581305257577849,0.039148126163641044,0.16471487525107342,0.6380064728275011,25,20,10
1,8268,0.19378497788077279,0.039067525949687126,0.13567221668021046,0.6314752794893308,25,20,10
1,8269,0.23614371185206567,0.0399460613476781,0.04536085309774209,0.6785493737025144,25,20,10
1,8270,0.2019339586919163,0.03994934787642105,0.07984804803194619,0.6782686453997158,25,20,10
1,8271,0.24265219805372062,0.039941898205881836,0.04268127742610494,0.6747246263142926,25,20,10
1,8272,0.26116747628022985,0.03994200985498496,0.021113298366516427,0.6777772154982686,25,20,10
1,8273,0.21720028545568273,0.039941824446185444,0.11763197999332613,0.6252259101048093,25,20,10
1,8274,0.2074558826468719,0.038260270952302305,0.12864741875703434,0.6256364276437955,25,20,10
1,8275,0.24991391997024587,0.03696260862559079,0.07973955936869974,0.6333839120354646,25,20,10
1,8276,0.2577672575941655,0.039980843423920005,0.06601690192155055,0.6362349970603645,25,20,10
1,8277,0.2554899514952639,0.03998081560078181,0.06540803532356845,0.6391211975803855,25,20,10
1,8278,0.26484398894655636,0.039806324787351285,0.05674686316677466,0.6386028230993176,25,20,10
1,8279,0.23468425899181508,0.03993956374877696,0.08730090148104136,0.6380752757783703,25,20,10
1,8280,0.1930039959013266,0.039966151867447716,0.13023916360475532,0.636790688626473,25,20,10
1,8281,0.23325913927071235,0.011231808664510099,0.13654688659808362,0.6189621654666954,25,20,10
1,8282,0.23315691002838623,0.011238807927100945,0.12214720450417277,0.6334570775403416,25,20,10
1,8283,0.2287313319576431,0.011236783917561664,0.12086657510581564,0.6391653090189806,25,20,10
1,8284,0.130198212053725,0.011197554861134598,0.181042726512756,0.6775615065723858,25,20,10
1,8285,0.1285185637937294,0.04000354786591191,0.1529356293180737,0.678542259022288,25,20,10
1,8286,0.13158975638324624,0.03826979140732795,0.1479601775770453,0.6821802746323808,25,20,10
1,8287,0.13140271192216324,0.038744432752628954,0.14836579413077808,0.681487061194429,25,20,10
1,8288,0.1304887404946043,0.03873677576134599,0.14882912687644614,0.681945356867604,25,20,10
1,8289,0.15470540775671443,0.03872695052922515,0.12799306992967974,0.6785745717843801,25,20,10
1,8290,0.18094557934057284,0.04012866635554084,0.10050222920433136,0.678423525099555,25,20,10
1,8291,0.18450162867582698,0.039701882466530974,0.10460477087523178,0.6711917179824092,25,20,10
1,8292,0.13730873117720763,0.039715482943140604,0.1451667645685343,0.677809021311121,25,20,10
1,8293,0.13244304876795848,0.039523584522200596,0.10966718669876103,0.7183661800110815,25,20,10
1,8294,0.1240899894474841,0.039509823315419385,0.15929268103452368,0.6771075062025763,25,20,10
1,8295,0.10840512491006801,0.03950961682424066,0.1401314066052699,0.7119538516604219,25,20,10
1,8296,0.11180861569653473,0.03950967384630808,0.134485145617691,0.7141965648394669,25,20,10
1,8297,0.09175617685734688,0.03933761346437021,0.1609466270800197,0.7079595825982622,25,20,10
1,8298,0.10506704151154303,0.03935993611705866,0.1424454181818167,0.7131276041895831,25,20,10
1,8299,0.1351580851662768,0.0393599221706252,0.15457815285787035,0.6709038398052293,25,20,10
1,8300,0.12088758020793655,0.03998137427908406,0.1639732186958409,0.6751578268171394,25,20,10
1,8301,0.10467446387046037,0.03997120015856964,0.1865463496590212,0.6688079863119499,25,20,10
1,8302,0.12365858529441302,0.04053334485350067,0.16722949005477677,0.6685785797973086,25,20,10
1,8303,0.11341677946318439,0.04050226882491361,0.16452174084344842,0.681559210868454,25,20,10
1,8304,0.13212904835427952,0.021335960740100256,0.16804018634092024,0.6784948045646999,25,20,10
1,8305,0.08586700869280768,0.03873663942228339,0.19655771424121887,0.6788386376436926,25,20,10
1,8306,0.1609632979323623,0.03824955421692275,0.12192371754863832,0.6788634303020775,25,20,10
1,8307,0.13929875051068547,0.0011286836082443125,0.1796287035279286,0.679943862353145,25,20,10
1,8308,0.13729622220591517,4.7991438872213705e-05,0.181959029122842,0.6806967572323712,25,20,10
1,8309,0.19194919578576883,4.083088245999849e-05,0.164102377973441,0.6439075953583305,25,20,10
1,8310,0.11611593412169251,0.0029160731393200463,0.20202733374156534,0.6789406589974254,25,20,10
1,8311,0.10361616409624061,0.0007326413518663045,0.18736481542447195,0.7082863791274181,25,20,10
1,8312,0.08521435918142414,6.611863200689122e-05,0.19813497470763075,0.716584547478936,25,20,10
1,8313,0.07945961196077606,1.2871551165007024e-05,0.17876670607983744,0.741760810408221,25,20,10
1,8314,0.09032134154014589,2.051045815356826e-08,0.15536199008394397,0.7543166478654542,25,20,10
1,8315,0.16139144589869348,3.986179554099908e-08,0.08004307186458365,0.7585654423749275,25,20,10
1,8316,0.21068182529397864,3.579267952064683e-08,0.031105842418121084,0.7582122964952202,25,20,10
1,8317,0.15587064674628814,5.650592465011686e-07,0.08496035838444074,0.7591684298100239,25,20,10
1,8318,0.13428709479640388,1.7432824709448494e-05,0.10679217822819247,0.7589032941506949,25,20,10
1,8319,0.13949175211984172,1.828876308590777e-05,0.14107738443247925,0.719412574684595,25,20,10
1,8320,0.19293024639673156,1.0287440101932078e-06,0.09312516433282371,0.7139435605264343,25,20,10
1,8321,0.18263037454634806,1.6349334066477333e-08,0.11222111561002512,0.7051484934942921,25,20,10
1,8322,0.19821123250742737,8.48277900040798e-08,0.08320205231222634,0.7185866303525557,25,20,10
1,8323,0.19978673821323198,5.230996531977604e-06,0.08199344905169703,0.7182145817385436,25,20,10
1,8324,0.16178485097925613,7.199054995102913e-06,0.11917160099361687,0.7190363489721325,25,20,10
1,8325,0.1908947055614644,5.600551491781759e-08,0.08966661326658061,0.7194386251664407,25,20,10
1,8326,0.20833690589188236,7.512119971841475e-07,0.08412498820853816,0.7075373546875825,25,20,10
1,8327,0.14544416508539135,9.946195540901254e-09,0.1510956435214325,0.7034601814469821,25,20,10
1,8328,0.1434800427499051,3.3578707815785804e-07,0.1484364120396898,0.7080832094233284,25,20,10
1,8329,0.19785206617057016,2.7246482800047662e-08,0.08406343297753795,0.7180844736054094,25,20,10
1,8330,0.1701648232637619,4.245530311481056e-09,0.11529976059839653,0.7145354118923124,25,20,10
1,8331,0.19946243133614666,5.667625672127643e-06,0.0869409456923353,0.7135909553458462,25,20,10
1,8332,0.1653462164164871,7.298688392720416e-05,0.1154342338099212,0.7191465628896644,25,20,10
1,8333,0.1590503567869625,0.0005227718892990969,0.12167098276954286,0.7187558885541976,25,20,10
1,8334,0.18747092119464676,1.1413373906148552e-05,0.093396498041165,0.7191211673902835,25,20,10
1,8335,0.18149056309034403,7.201723366266194e-07,0.10006248236765637,0.7184462343696623,25,20,10
1,8336,0.170571125508247,1.7917358447922627e-07,0.11121887247960746,0.7182098228385602,25,20,10
1,8337,0.14011069998747455,1.0346183821628622e-07,0.14158448594458922,0.7183047106060991,25,20,10
1,8338,0.15358445183325656,0.0010707811324183036,0.16993537428904668,0.6754093927452778,25,20,10
1,8339,0.0694665292159902,1.6377218281088838e-05,0.21819274793204868,0.7123243456336777,25,20,10
1,8340,0.10659953916843745,2.4050578713994924e-08,0.18652940530532497,0.7068710314756588,25,20,10
1,8341,0.12247217190842044,7.420072127158599e-10,0.15868117578976684,0.7188466515598079,25,20,10
1,8342,0.17183996922828776,2.994407517451742e-07,0.10968215647333412,0.7184775748576255,25,20,10
1,8343,0.15915099792368043,3.891634991581545e-07,0.12878927520797456,0.7120593377048491,25,20,10
1,8344,0.15977193724346378,0.014291311860613987,0.10696847695648332,0.7189682739394415,25,20,10
1,8345,0.1611513888716856,0.013691888500563448,0.10703435414076655,0.7181223684869869,25,20,10
1,8346,0.11566929757408802,0.013632652928568287,0.15259738355512634,0.7181006659422182,25,20,10
1,8347,0.07258173231560436,0.01363258268733357,0.19245538863449707,0.7213302963625643,25,20,10
1,8348,0.08253078293143215,0.013633179130083167,0.1986147083389804,0.7052213295995045,25,20,10
1,8349,0.11166810908346748,0.03995570849093678,0.15887653247682101,0.6894996499487759,25,20,10
1,8350,0.07799494412364076,0.0399655219563176,0.18147160270797247,0.7005679312120655,25,20,10
1,8351,0.10369452729889954,0.07992304343962711,0.11723767646856381,0.6991447527929141,25,20,10
1,8352,0.10376528994150776,0.07943074370354075,0.1140080816502945,0.7027958847046578,25,20,10
1,8353,0.09151322084046304,0.07993032401990818,0.14523261843135543,0.683323836708276,25,20,10
1,8354,0.0913306390198966,0.06119169659364287,0.16815816306271528,0.6793195013237466,25,20,10
1,8355,0.05846359237704951,0.03998473521947081,0.22211092106601346,0.6794407513374687,25,20,10
1,8356,0.09462143897499382,0.03998769167057923,0.18583684735341252,0.6795540220010179,25,20,10
1,8357,0.1862934759110962,0.03764851872369901,0.09676509777247705,0.6792929075927283,25,20,10
1,8358,0.18450540134370924,0.011241799428440311,0.1250189133039009,0.6792338859239524,25,20,10
1,8359,0.17474218787820775,0.039947975600598706,0.11737043665732742,0.6679393998638667,25,20,10
1,8360,0.14067651179152918,0.03993948919540569,0.13593272653729138,0.6834512724757754,25,20,10
1,8361,0.18791759193359803,0.03993891811362234,0.08803849748231063,0.6841049924704689,25,20,10
1,8362,0.2037488956740954,0.039552811384703776,0.04510150676369095,0.7115967861775112,25,20,10
1,8363,0.1681454644355223,0.0007811331703511974,0.13117586673214304,0.6998975356619862,25,20,10
1,8364,0.13661670278471647,0.000781337495983312,0.18616126897613772,0.6764406907431635,25,20,10
1,8365,0.06413285964713042,2.986462139716656e-07,0.23276162414725887,0.7031052175593939,25,20,10
1,8366,0.11780453702996246,2.8929791911900098e-08,0.179644445305824,0.7025509887344213,25,20,10
1,8367,0.11805523322037603,2.7671866496605e-07,0.17328116327034931,0.7086633267906085,25,20,10
1,8368,0.10957253474112076,2.071895925570727e-05,0.15707808613805713,0.7333286601615688,25,20,10
1,8369,0.10758025219388564,4.07035821150263e-07,0.17051002546699642,0.7219093153032995,25,20,10
1,8370,0.13507232991403634,0.001077651661427112,0.15730778280880187,0.7065422356157369,25,20,10
1,8371,0.15299340975366454,0.0010780476492881037,0.13207153558600696,0.7138570070110412,25,20,10
1,8372,0.18463480577873612,6.994652054092409e-07,0.09569498116956518,0.7196695135864937,25,20,10
1,8373,0.20038860825085109,1.8655226351648495e-07,0.08103455647294566,0.7185766487239416,25,20,10
1,8374,0.23688910955009887,2.2324863238846075e-05,0.05089061093930666,0.7121979546473554,25,20,10
1,8375,0.20019050616054648,1.6444408683928913e-05,0.09849511932738272,0.7012979301033895,25,20,10
1,8376,0.19896112631842405,8.628641388352178e-05,0.08223646629656022,0.7187161209711332,25,20,10
1,8377,0.21039773912702484,7.540877673517895e-07,0.07056797947152797,0.7190335273136799,25,20,10
1,8378,0.20140998324367942,6.372979345430672e-07,0.07979557208227417,0.7187938073761119,25,20,10
1,8379,0.20626395707736478,1.9967036319367324e-05,0.0861532574291387,0.7075628184571763,25,20,10
1,8380,0.18863369962916182,6.504905757942724e-10,0.09324958815985328,0.7181167115604952,25,20,10
1,8381,0.192893886660189,6.176343635227268e-08,0.09829090020370615,0.7088151513726687,25,20,10
1,8382,0.17482042057565877,2.33564008175484e-07,0.10618926639600353,0.7189900794643304,25,20,10
1,8383,0.21202490208799027,1.7586758859700021e-07,0.06961436621750579,0.7183605558269147,25,20,10
1,8384,0.22786237546590585,1.1780819903111142e-08,0.06115941961993106,0.7109781931333434,25,20,10
1,8385,0.13326315410758272,5.007243905033892e-08,0.15531295847840393,0.7114238373415757,25,20,10
1,8386,0.1250608467295998,2.1953137132937714e-06,0.16368265821992067,0.7112542997367676,25,20,10
1,8387,0.12192785466877258,1.075040569680528e-06,0.1756472915038748,0.7024237787867844,25,20,10
1,8388,0.10606577576951265,3.670683469209992e-08,0.1867239457553424,0.7072102417683087,25,20,10
1,8389,0.12969629050133738,1.4068529216926066e-08,0.18459688122997664,0.6857068142001576,25,20,10
1,8390,0.09170925838593057,8.924758590126077e-08,0.22449654715973344,0.6837941052067487,25,20,10
1,8391,0.1240429839312696,2.9374108771840554e-09,0.20635426751771305,0.6696027456136068,25,20,10
1,8392,0.12358489598570334,2.0559590078413245e-09,0.19279152885938663,0.6836235730989526,25,20,10
1,8393,0.05306356459556307,6.399455039351171e-07,0.26020907805974824,0.686726717399188,25,20,10
1,8394,0.041880677863142306,2.0176179220165866e-05,0.2535991058845686,0.7045000400730668,25,20,10
1,8395,0.03999143909823135,2.1762186132299087e-05,0.20132982146679745,0.7586569772488402,25,20,10
1,8396,0.0031095790737475136,1.6400714723382956e-08,0.23833150782405738,0.7585588967014836,25,20,10
1,8397,0.053315053369817934,1.958028914322256e-05,0.1889547554108866,0.7577106109301539,25,20,10
1,8398,0.058119295127349986,4.951098976653861e-05,0.18464741227336215,0.7571837816095236,25,20,10
1,8399,0.06036193001569091,3.3726581506434485e-05,0.18099967693809915,0.7586046664647037,25,20,10
1,8400,0.11762875945185741,3.352917521753956e-05,0.12394694340583051,0.7583907679670945,25,20,10
1,8401,0.07057920071803285,0.0002115563316541155,0.1771589711030529,0.7520502718472641,25,20,10
1,8402,0.0876313485167472,3.0246123981393e-05,0.1577828666732226,0.7545555386860511,25,20,10
1,8403,0.08556240461006594,4.397103587861509e-05,0.1673184370705722,0.7470751872834847,25,20,10
1,8404,0.102693692744072,2.016114461782639e-05,0.10539255703106974,0.7918935890802423,25,20,10
1,8405,0.10988359048573658,0.00011554205614464355,0.10575806992378294,0.7842427975343361,25,20,10
1,8406,0.10160953767572004,0.00011558333739515906,0.10000134249886744,0.7982735364880174,25,20,10
1,8407,0.1446983459091226,4.749051653358474e-07,0.09412170311699507,0.7611794760687179,25,20,10
1,8408,0.16654184611328454,0.0011164112365808327,0.0959003661498315,0.7364413765003021,25,20,10
1,8409,0.08894760518643263,0.0011465027508129233,0.16618047321165638,0.7437254188510988,25,20,10
1,8410,0.05122450982002625,0.001165592962583459,0.2038785162935784,0.743731380923814,25,20,10
1,8411,0.051455109081462114,2.251757982986169e-05,0.18937615516259926,0.7591462181761061,25,20,10
1,8412,0.0815028117303636,2.4204735300722906e-07,0.15988353847259007,0.7586134077496947,25,20,10
1,8413,0.09827311795094575,1.951606482669276e-05,0.1423977368796777,0.7593096291045525,25,20,10
1,8414,0.039914607154565636,1.5725905248940828e-06,0.20100812242666194,0.7590756978282477,25,20,10
1,8415,0.02250964642875181,1.6826151391531697e-05,0.2168427206080263,0.7606308068118295,25,20,10
1,8416,0.05739811941682811,1.6818233639225023e-05,0.1818866022223546,0.7606984601271793,25,20,10
1,8417,0.08643629221794749,2.324961277521943e-05,0.1648747976553192,0.7486656605139602,25,20,10
1,8418,0.044250761368617136,0.012623152968502877,0.20639529615629162,0.7367307895065862,25,20,10
1,8419,0.03187363920365367,0.04075565969546222,0.18077703092937075,0.7465936701715143,25,20,10
1,8420,0.04441492711556104,0.03874053541584456,0.1311027438832379,0.7857417935853577,25,20,10
1,8421,0.04378618876720583,0.1007847902539009,0.08233219723530334,0.7730968237435895,25,20,10
1,8422,0.028730463343236732,0.10078478560355851,0.09085714300520129,0.7796276080480026,25,20,10
1,8423,0.008671465300799631,0.11635149382489729,0.0965495869661064,0.778427453908196,25,20,10
1,8424,0.03582853507377585,0.07688865239287057,0.08708055423164808,0.8002022583017053,25,20,10
1,8425,0.04502860651343316,0.07517810016216657,0.08183928255103239,0.7979540107733675,25,20,10
1,8426,0.0057578126571470045,0.07475371290154213,0.11204569749449719,0.8074427769468163,25,20,10
1,8427,0.054652675976905575,0.05772259721507449,0.09624407623508438,0.7913806505729376,25,20,10
1,8428,0.053500874710734204,0.11809115658208205,0.03556870485181003,0.792839263855374,25,20,10
1,8429,0.05439638863899348,0.07909506970752694,0.0687321131028247,0.7977764285506531,25,20,10
1,8430,0.06512617279419239,0.07774329266875069,0.07112765815500573,0.7860028763820506,25,20,10
1,8431,0.08065693185572886,0.07870501919036932,0.0646562244417274,0.7759818245121737,25,20,10
1,8432,0.07642467254137758,0.07870501923729224,0.045811665983688216,0.799058642237642,25,20,10
1,8433,0.05091664086370314,0.07699469479399292,0.104943707408303,0.767144956934002,25,20,10
1,8434,0.03978455436635709,0.039971312477542105,0.17600740103401338,0.7442367321220863,25,20,10
1,8435,0.09400613460285437,0.040747255152474536,0.12386428830555417,0.741382321939121,25,20,10
1,8436,0.10493426105043652,0.040285680471084905,0.10203217009020152,0.7527478883882793,25,20,10
1,8437,0.12122810665153025,0.040584451740748664,0.08374470305449135,0.7544427385532282,25,20,10
1,8438,0.1372964424721938,0.03995326630217942,0.06455656973126471,0.7581937214943608,25,20,10
1,8439,0.14799286455055258,0.06087600252114514,0.03797319481343932,0.7531579381148623,25,20,10
1,8440,0.13709515487117424,0.07985026995812537,0.024509774582234117,0.7585448005884661,25,20,10
1,8441,0.11986579816894208,0.07867773954228084,0.07992519003514938,0.7215312722536287,25,20,10
1,8442,0.1053191368419139,0.04941230313110995,0.12186285305998566,0.723405706966991,25,20,10
1,8443,0.12207895907765211,0.0771349089981719,0.08911340428152165,0.7116727276426551,25,20,10
1,8444,0.14004281356444293,0.07991971777251884,0.06795169622121079,0.7120857724418264,25,20,10
1,8445,0.1465865418566022,0.07992573883795549,0.06567452061500188,0.7078131986904401,25,20,10
1,8446,0.1524695073294428,0.049453725433945106,0.0656664371631983,0.732410330073412,25,20,10
1,8447,0.16079208421749722,0.07986948868313247,0.0007188269259439945,0.7586196001734261,25,20,10
1,8448,0.12105670494827647,0.07984100125222196,0.01379173234287317,0.7853105614566279,25,20,10
1,8449,0.08629073357389277,0.07985642463483807,0.03618296101529653,0.7976698807759732,25,20,10
1,8450,0.08598697273902857,0.07864281104286838,0.04391707867133724,0.7914531375467659,25,20,10
1,8451,0.07800293767676283,0.07867041692924476,0.09174249208547852,0.751584153308513,25,20,10
1,8452,0.08584827343286909,0.07760782108206793,0.07779905550104481,0.7587448499840171,25,20,10
1,8453,0.10271848370967315,0.05121043151350644,0.12728415912628016,0.7187869256505425,25,20,10
1,8454,0.15196810779685854,0.07822693414069558,0.05627910746596596,0.7135258505964807,25,20,10
1,8455,0.1862896748525104,0.07992885202011411,0.022292908199473035,0.7114885649279026,25,20,10
1,8456,0.18596655114642272,0.07987570901292004,0.016948047762112853,0.7172096920785446,25,20,10
1,8457,0.16735904059225773,0.07866259764350278,0.020411445882904153,0.7335669158813352,25,20,10
1,8458,0.05185356151224156,0.07866157926420728,0.1107776188181868,0.7587072404053652,25,20,10
1,8459,0.07062402525833768,0.07985686361631154,0.0920663835578344,0.7574527275675166,25,20,10
1,8460,0.11342655373846978,0.04900222707761042,0.09560924305985681,0.7419619761240637,25,20,10
1,8461,0.12011546427044446,0.07657595654900781,0.07548385474693706,0.7278247244336103,25,20,10
1,8462,0.12585456939339099,0.07987819317978723,0.09209848195871936,0.702168755468103,25,20,10
1,8463,0.06260323170474351,0.07950411087695375,0.15150658246214863,0.7063860749561567,25,20,10
1,8464,0.11131244999126193,0.07931619378771024,0.10167018430992217,0.7077011719111067,25,20,10
1,8465,0.07174477406119704,0.054629857735399974,0.08449371476853099,0.7891316534348701,25,20,10
1,8466,0.07497846016898549,0.07643069875994422,0.04957429730806887,0.7990165437630005,25,20,10
1,8467,0.08134083975989594,0.0798913739978549,0.0400855073916646,0.7986822788505842,25,20,10
1,8468,0.04345168804060413,0.08045879357811918,0.05372687244946585,0.8223626459318083,25,20,10
1,8469,0.016569766925384467,0.04161475767409339,0.11766956115975334,0.8241459142407689,25,20,10
1,8470,0.021183051449544847,0.040530498427479106,0.11899068919948197,0.8192957609234942,25,20,10
1,8471,0.0015332887027539833,0.03996182528929077,0.13111674409987972,0.8273881419080787,25,20,10
1,8472,0.01911458218034052,0.05943000332607787,0.08348064982170796,0.8379747646718764,25,20,10
1,8473,0.04552224091074235,0.07815028407561933,0.04276355760145579,0.8335639174121809,25,20,10
1,8474,0.0400355316514335,0.07980958445669532,0.04150552620867204,0.8386493576831985,25,20,10
1,8475,0.024158867905968044,0.05944747870856532,0.07785193332027689,0.8385417200651892,25,20,10
1,8476,0.06870173804199857,0.0595394701068775,0.055519376874781826,0.8162394149763408,25,20,10
1,8477,0.08105307203981642,0.0799317398237544,0.0519618888264434,0.7870532993099844,25,20,10
1,8478,0.05294898871270799,0.07869027706921036,0.08109875446635914,0.7872619797517243,25,20,10
1,8479,0.08051243507908494,0.07821969505879171,0.04227723652272055,0.7989906333394023,25,20,10
1,8480,0.07402773417919549,0.07650615918110681,0.05104156714196589,0.7984245394977313,25,20,10
1,8481,0.07946155580022665,0.07822514331416625,0.04459350970109809,0.797719791184508,25,20,10
1,8482,0.08061867399646554,0.07863992933132848,0.0421545604529116,0.7985868362192948,25,20,10
1,8483,0.08137124862570692,0.07992890808662204,0.06836698555611628,0.7703328577315537,25,20,10
1,8484,0.0450341217249215,0.06067907805675983,0.09592892745143493,0.7983578727668865,25,20,10
1,8485,0.044670038154857684,0.07810068001355776,0.08316038010521427,0.7940689017263698,25,20,10
1,8486,0.046427028246203636,0.04958030873700864,0.11130674160702261,0.7926859214097677,25,20,10
1,8487,0.08280697020017834,0.060298982204232805,0.06913877338701475,0.7877552742085743,25,20,10
1,8488,0.04127153689622833,0.07989513301606728,0.10541829057502065,0.7734150395126871,25,20,10
1,8489,0.08088488453203319,0.07779937049015427,0.05591588503769243,0.7853998599401195,25,20,10
1,8490,0.04802043977723008,0.07933255099666,0.07407597087427295,0.7985710383518355,25,20,10
1,8491,0.041017404912438805,0.0535314468841777,0.10744501773401699,0.7980061304693676,25,20,10
1,8492,0.041072755822465716,0.07626160836262515,0.08335817374587454,0.7993074620690345,25,20,10
1,8493,0.01719997978868631,0.07627411190292148,0.11440781899586148,0.7921180893125304,25,20,10
1,8494,0.05073477653329091,0.0799386819216875,0.07746146053072832,0.7918650810142929,25,20,10
1,8495,0.0643259337029143,0.07992355629526413,0.06366935855296543,0.7920811514488545,25,20,10
1,8496,0.06544644344722975,0.05409410030943824,0.08290641539923538,0.7975530408440982,25,20,10
1,8497,0.06458288117772361,0.07987806858433752,0.069710442174427,0.7858286080635114,25,20,10
1,8498,0.040508892317941275,0.07989499295587521,0.0846994576649967,0.7948966570611894,25,20,10
1,8499,0.019060588969954124,0.07989919762909009,0.09516806491821725,0.8058721484827412,25,20,10
1,8500,0.06807584108917482,0.07930167253887088,0.10431351137236047,0.7483089749995965,25,20,10
1,8501,0.10842586758830183,0.0792853192500341,0.04986288239521856,0.7624259307664457,25,20,10
1,8502,0.07335260687023533,0.0792806925032817,0.09034088849396353,0.7570258121325187,25,20,10
1,8503,0.07181049520439017,0.07729683423592397,0.08859015911331017,0.762302511446376,25,20,10
1,8504,0.06672475232060929,0.07990042993572298,0.06206128131105761,0.7913135364326098,25,20,10
1,8505,0.08005248419692919,0.07988515032823978,0.11701699290528626,0.7230453725695444,25,20,10
1,8506,0.0807554999962813,0.07989091441670211,0.087315289796522,0.7520382957904956,25,20,10
1,8507,0.0839501509841425,0.07648269356842864,0.10943344220152877,0.7301337132458999,25,20,10
1,8508,0.05057749588788135,0.07650858036050406,0.1716692051588474,0.7012447185927704,25,20,10
1,8509,0.1059604203821617,0.06271835886841419,0.09519053407701811,0.7361306866724081,25,20,10
1,8510,0.06453862661858517,0.0798592935655857,0.10477553237437227,0.7508265474414576,25,20,10
1,8511,0.08244556190547588,0.01471618665546216,0.14594482838148123,0.7568934230575829,25,20,10
1,8512,0.0981981601375723,0.039948964742847023,0.09977637426197958,0.7620765008576018,25,20,10
1,8513,0.0782352788211177,0.039373565122887706,0.12583687194840842,0.7565542841075881,25,20,10
1,8514,0.10623565303797282,0.03938271248316796,0.09732254910935514,0.7570590853695045,25,20,10
1,8515,0.12055573187196109,0.039366987446607264,0.08185649131295218,0.7582207893684801,25,20,10
1,8516,0.082945622685555,0.039508651255899224,0.11931980632611877,0.7582259197324288,25,20,10
1,8517,0.02656051970344575,0.013085522487760516,0.20205635499937738,0.7582976028094156,25,20,10
1,8518,0.08215381982975277,0.03997310854243097,0.11886617021406674,0.7590069014137484,25,20,10
1,8519,0.08213174897567134,0.039973108541914104,0.11938313429659315,0.7585120081858209,25,20,10
1,8520,0.0743064367563615,0.03996105157940672,0.08769466657289948,0.7980378450913312,25,20,10
1,8521,0.110427394918601,0.03997175904456838,0.05132203769892207,0.7982788083379083,25,20,10
1,8522,0.11335779343140862,0.03993246570100218,0.06551184764118441,0.781197893226404,25,20,10
1,8523,0.08017379394678152,0.049454816216427826,0.08306365007675835,0.7873077397600334,25,20,10
1,8524,0.08036242556628916,0.051179003376757265,0.08032629631390031,0.7881322747430533,25,20,10
1,8525,0.07071845077782192,0.07853284440260372,0.05839759991793809,0.7923511049016363,25,20,10
1,8526,0.08602079132743418,0.07816571252205072,0.04829300238865572,0.787520493761859,25,20,10
1,8527,0.10583973513114302,0.0799036429941914,0.02777079580121693,0.7864858260734483,25,20,10
1,8528,0.07720168583381017,0.07950596179165165,0.05738869647808839,0.7859036558964501,25,20,10
1,8529,0.11905982671971589,0.057939301633002156,0.03526247950375861,0.787738392143523,25,20,10
1,8530,0.1197438576390214,0.07990284096943007,0.017452964057103407,0.7829003373344448,25,20,10
1,8531,0.08165146959448917,0.07988923259653657,0.04444739400443418,0.7940119038045407,25,20,10
1,8532,0.10079155637531231,0.07988044817229097,0.017454896935485492,0.8018730985169101,25,20,10
1,8533,0.1197754734340073,0.07989004754648774,0.02244819243038471,0.7778862865891195,25,20,10
1,8534,0.11968564854791364,0.06447237488845858,0.02396361043529868,0.7918783661283288,25,20,10
1,8535,0.09828505976671613,0.04895087489569172,0.05344372218891877,0.7993203431486723,25,20,10
1,8536,0.11459308316458836,0.06230396975205971,0.023943493796483594,0.7991594532868683,25,20,10
1,8537,0.041376584849396006,0.07782014724331766,0.09278682205295005,0.7880164458543385,25,20,10
1,8538,0.04117147176316403,0.07781979963190862,0.055590089768471504,0.8254186388364547,25,20,10
1,8539,0.04078205307911951,0.0799256993579668,0.052126870458842865,0.8271653771040698,25,20,10
1,8540,0.04016749079903345,0.07992569990204522,0.063160023295074,0.8167467860038458,25,20,10
1,8541,0.0406859988869453,0.05120936177096246,0.06918731315751148,0.8389173261845797,25,20,10
1,8542,0.06954190830254758,0.07994274489295913,0.01581898422743464,0.8346963625770576,25,20,10
1,8543,0.042007998507565585,0.07994274468606916,0.05608808883914754,0.8219611679672161,25,20,10
1,8544,0.04247203525353038,0.07870179401071335,0.05165990072067201,0.827166270015083,25,20,10
1,8545,0.04173660190257545,0.07993152494263286,0.04794824661489872,0.8303836265398924,25,20,10
1,8546,0.006987681588959077,0.07806047952860623,0.08445057069060749,0.8305012681918288,25,20,10
1,8547,0.0061414629443312455,0.014924873061168636,0.14029142135801742,0.8386422426364836,25,20,10
1,8548,0.018333539933816353,0.04029316356171554,0.11772501505546945,0.8236482814490007,25,20,10
1,8549,0.04104082852142601,0.07819030257829021,0.04175828086980464,0.8390105880304789,25,20,10
1,8550,0.08048368082519305,0.07928130905072951,0.001588688631139176,0.8386463214929373,25,20,10
1,8551,0.07126530246839648,0.07929030393316361,0.04539577953721304,0.8040486140612256,25,20,10
1,8552,0.07122900113564141,0.06118425712001747,0.07372267114090465,0.7938640706034359,25,20,10
1,8553,0.0810764675105786,0.059934430042091716,0.07197083498704486,0.7870182674602845,25,20,10
1,8554,0.12033769253661748,0.07817313458136456,0.020202761010601446,0.7812864118714168,25,20,10
1,8555,0.12061310904400611,0.041031497500779036,0.05032851371935999,0.7880268797358556,25,20,10
1,8556,0.08163344237362807,0.041062190606367316,0.08984349051514524,0.7874608765048591,25,20,10
1,8557,0.08081938522241222,0.014198820799642844,0.14477266278205178,0.7602091311958945,25,20,10
1,8558,0.02844262625877838,0.0011162915009103598,0.21185727852384242,0.7585838037164688,25,20,10
1,8559,0.047682908210552995,0.0011163106992027009,0.19249757901070383,0.7587032020795403,25,20,10
1,8560,0.07755944505398848,0.0009257491039656199,0.20101105422908913,0.7205037516129562,25,20,10
1,8561,0.09472578958062211,0.0009241528183780639,0.18660682211225602,0.7177432354887462,25,20,10
1,8562,0.1388687345974573,0.0009242507734873484,0.13985297582300613,0.720354038806051,25,20,10
1,8563,0.16627356429785484,1.8620923518905536e-08,0.11449270633330876,0.7192337107479144,25,20,10
1,8564,0.2109301347294936,2.7445703116737016e-08,0.07087431611220996,0.718195521712593,25,20,10
1,8565,0.1805273071430312,5.07971240258312e-08,0.06683329424439034,0.7526393478154533,25,20,10
1,8566,0.1214692048538592,1.9617588068172668e-05,0.1206973459644853,0.757813831593592,25,20,10
1,8567,0.1168755737149354,3.9003593762818744e-05,0.1249876104829435,0.75809781220836,25,20,10
1,8568,0.08138324735789411,6.151529278523367e-07,0.15669489797220953,0.7619212395169703,25,20,10
1,8569,0.12013449214541273,6.716733367261251e-07,0.12139277948127707,0.7584720566999756,25,20,10
1,8570,0.12180304179254206,0.0008948855825967757,0.15814548792709207,0.7191565846977706,25,20,10
1,8571,0.19580656077054492,8.57661008966823e-06,0.08498497360138449,0.7191998890179838,25,20,10
1,8572,0.1781550912493689,9.938206552632468e-07,0.10920944878101853,0.7126344661489586,25,20,10
1,8573,0.2204851673447424,5.2786740862114094e-05,0.0818191980374831,0.6976428478769121,25,20,10
1,8574,0.22269545031816232,5.850497517722003e-05,0.058593657845817104,0.718652386860843,25,20,10
1,8575,0.22412130525604376,2.553770239092303e-08,0.061382692683074704,0.7144959765231785,25,20,10
1,8576,0.21360940139840726,1.5319983890600003e-06,0.06916615304099918,0.7172229135622041,25,20,10
1,8577,0.17259026073816483,1.4917611000285505e-06,0.10905494894594098,0.7183532985547941,25,20,10
1,8578,0.18482196435489368,1.8676168934408798e-08,0.13323487088675431,0.6819431460821831,25,20,10
1,8579,0.22494471926454931,5.847201622391694e-09,0.09319592406991696,0.6818593508183319,25,20,10
1,8580,0.21612724163360572,7.71428682252471e-07,0.10190800651261454,0.6819639804250981,25,20,10
1,8581,0.15832462355589466,0.00107982111933224,0.16051910181585444,0.6800764535089208,25,20,10
1,8582,0.1221622817702917,1.1765143846395592e-05,0.17395502630609325,0.7038709267797653,25,20,10
1,8583,0.14078561783335647,1.3383917693135374e-06,0.17525266002262208,0.6839603837522507,25,20,10
1,8584,0.1843306632046442,1.2279829467603265e-06,0.1363719864463285,0.679296122366081,25,20,10
1,8585,0.15094218799604706,1.2404569331195737e-06,0.17016877660332078,0.6788877949436993,25,20,10
1,8586,0.16714674693122908,7.73216054170281e-07,0.1670933003404169,0.6657591795122993,25,20,10
1,8587,0.16022914847134803,1.9971887335682983e-06,0.16872702673022955,0.6710418276096886,25,20,10
1,8588,0.12726648781151279,3.045086845066675e-06,0.16039616525623984,0.7123343018454018,25,20,10
1,8589,0.2007318111055234,3.8888234148334766e-06,0.09853434553039624,0.7007299545406651,25,20,10
1,8590,0.24762247763136538,3.333524766210307e-08,0.06829291703653455,0.6840845719968529,25,20,10
1,8591,0.23570412729712914,1.159000861836305e-08,0.046638882500718105,0.7176569786121432,25,20,10
1,8592,0.19935523707368738,3.4335761764862113e-06,0.08275187001403335,0.7178894593361036,25,20,10
1,8593,0.1596212029963316,4.962697179527364e-07,0.1211950960357031,0.71918320469825,25,20,10
1,8594,0.16464079652280678,0.038748392969389624,0.08497373924792269,0.7116370712598836,25,20,10
1,8595,0.13049462872154016,0.03992194596368728,0.11088351788795955,0.7186999074268161,25,20,10
1,8596,0.09542700486869354,0.04075980459639168,0.15611989744940843,0.7076932930855107,25,20,10
1,8597,0.12213887632044157,0.04024790186705245,0.12017375772258582,0.7174394640899225,25,20,10
1,8598,0.11224733737724815,0.03946462345782593,0.13400891097866333,0.714279128186265,25,20,10
1,8599,0.12169427396638406,0.04398485108108268,0.11259059044107729,0.7217302845114549,25,20,10
1,8600,0.08301360068990961,0.042754594217871415,0.15399902418298753,0.7202327809092337,25,20,10
1,8601,0.1205091911768362,0.05959785220455478,0.1421435919867593,0.6777493646318515,25,20,10
1,8602,0.09817237246764449,0.0838848115314725,0.14779692072386919,0.6701458952770145,25,20,10
1,8603,0.06326215554691837,0.08218844091078106,0.20352692560105837,0.6510224779412424,25,20,10
1,8604,0.11794100825715934,0.07990425828513144,0.1344820439281937,0.6676726895295165,25,20,10
1,8605,0.10224470418430774,0.07990671628403823,0.14293706058665767,0.6749115189449967,25,20,10
1,8606,0.14559462657986877,0.079903252343719,0.0998065741120103,0.6746955469644028,25,20,10
1,8607,0.1623050403188711,0.0781686242113614,0.08592322793180256,0.6736031075379649,25,20,10
1,8608,0.15012824508298944,0.07932417061819642,0.08929487973229047,0.6812527045665273,25,20,10
1,8609,0.19014890965957076,0.07851847806780113,0.04979194487491312,0.6815406673977144,25,20,10
1,8610,0.1608800002930271,0.08416182351063461,0.07422012332528767,0.6807380528710506,25,20,10
1,8611,0.2064648754574191,0.07993039334193422,0.034527005379658776,0.6790777258209877,25,20,10
1,8612,0.1818059189246691,0.07993042989720679,0.058775934365393766,0.6794877168127297,25,20,10
1,8613,0.19646670986278714,0.07993040388725187,0.058347470148310265,0.6652554161016511,25,20,10
1,8614,0.17862783047971934,0.02142350200160057,0.14136503611966483,0.6585836313990163,25,20,10
1,8615,0.20112933604031766,0.04042430285002137,0.07940144941735029,0.6790449116923114,25,20,10
1,8616,0.12600245734707094,0.04072189733699449,0.14206052082731216,0.6912151244886232,25,20,10
1,8617,0.1004051322829608,0.041123711931825256,0.17405624250284837,0.6844149132823639,25,20,10
1,8618,0.13592487795578462,0.04112674334254386,0.13555658437212922,0.6873917943295421,25,20,10
1,8619,0.14840958826721537,0.039992434169640274,0.15369655745593497,0.6579014201072126,25,20,10
1,8620,0.18264482155315664,0.039965145967088354,0.09973942621118434,0.6776506062685715,25,20,10
1,8621,0.21936949951307752,0.03994687813086069,0.0625784345591532,0.6781051877969088,25,20,10
1,8622,0.22518728130204654,0.03995717709320795,0.05581870668254324,0.6790368349222033,25,20,10
1,8623,0.18725231312212437,0.039946096652438895,0.10506363033225348,0.6677379598931849,25,20,10
1,8624,0.24409613586759601,0.039945512294055734,0.04606463960698174,0.6698937122313674,25,20,10
1,8625,0.24431322114261822,0.039945527654856504,0.04562655088692091,0.6701147003156056,25,20,10
1,8626,0.20192772523128913,0.03994552733292826,0.07858715203916794,0.6795395953966143,25,20,10
1,8627,0.1604401255919305,0.03993202305595303,0.1271529045519916,0.6724749468001281,25,20,10
1,8628,0.15920944396091993,0.0399269087616112,0.12220392883815352,0.6786597184393166,25,20,10
1,8629,0.18097576425370668,0.039924002840965395,0.11231258246788416,0.6667876504374444,25,20,10
1,8630,0.19345466795665267,0.039953362219862364,0.108130716911552,0.658461252911934,25,20,10
1,8631,0.2025603232904332,0.03995280315142306,0.1212614130710955,0.6362254604870505,25,20,10
1,8632,0.17242834875648247,0.03824602576220688,0.15898313849943396,0.6303424869818796,25,20,10
1,8633,0.15734287299853184,0.038232297664086576,0.12389451195943112,0.6805303173779523,25,20,10
1,8634,0.15663605675381015,0.03822210788804937,0.12608411433243755,0.6790577210257047,25,20,10
1,8635,0.15673564303298007,0.03822186769072168,0.12584952109879782,0.6791929681775034,25,20,10
1,8636,0.19316613533648064,0.03822196583388765,0.08940311054801577,0.6792087882816165,25,20,10
1,8637,0.18335909637458997,0.0382399450680486,0.10080466017665868,0.6775962983807043,25,20,10
1,8638,0.16111928666227673,0.039966273527044016,0.12107015715085638,0.6778442826598241,25,20,10
1,8639,0.11815341425546565,0.039926644998822265,0.17654548155749253,0.66537445918822,25,20,10
1,8640,0.15808138064559676,0.07989730044969905,0.09680808219310678,0.6652132367115974,25,20,10
1,8641,0.18100308239775184,0.03999774565999337,0.13073041009489617,0.6482687618473625,25,20,10
1,8642,0.14882929210354534,0.04000518753110259,0.16296851520013203,0.64819700516522,25,20,10
1,8643,0.1352308589282909,0.03999163629916192,0.21986540689841008,0.6049120978741382,25,20,10
1,8644,0.2000367422746977,0.03999104260503125,0.12082421945121824,0.639147995669053,25,20,10
1,8645,0.2195258039172223,0.039973592753840166,0.10144461994621831,0.6390559833827191,25,20,10
1,8646,0.21679132233136247,0.0400051494920779,0.10404881072432874,0.6391547174522312,25,20,10
1,8647,0.21152270280984717,0.04000456505680067,0.1012968740463445,0.6471758580870096,25,20,10
1,8648,0.1602239628695955,0.018526679995383846,0.19602916056977304,0.6252201965652486,25,20,10
1,8649,0.1605712202982929,0.03996514195130239,0.17480840080512955,0.6246552369452745,25,20,10
1,8650,0.1973044370189175,0.011251718673689124,0.15861316125054772,0.632830683056847,25,20,10
1,8651,0.21766061828803662,0.035346528510682235,0.11358294684755188,0.6334099063537294,25,20,10
1,8652,0.24416692117361646,0.07819294804413908,0.044821869731771595,0.6328182610504726,25,20,10
1,8653,0.22554224881076398,0.07649439417499172,0.05892759957505198,0.6390357574391917,25,20,10
1,8654,0.2472762320925826,0.07779255108843845,0.03587604988144076,0.6390551669375388,25,20,10
1,8655,0.2305657147196537,0.03865453656593229,0.09158627246970419,0.6391934762447111,25,20,10
1,8656,0.17501211998033972,0.0786618817145365,0.06762204979400367,0.6787039485111197,25,20,10
1,8657,0.18946835755906058,0.03872004387392216,0.12778241930623513,0.6440291792607837,25,20,10
1,8658,0.16741527575973067,0.03949700295203308,0.1584504616349622,0.6346372596532742,25,20,10
1,8659,0.1513473523762974,0.03997013932225964,0.16561017004403095,0.6430723382574134,25,20,10
1,8660,0.12828558207351312,0.03997026542467165,0.1572541554167398,0.6744899970850772,25,20,10
1,8661,0.05267793908441634,0.03997249957298677,0.2418763254797768,0.6654732358628215,25,20,10
1,8662,0.1185470512994605,0.024499329337893547,0.17790726294744783,0.6790463564151976,25,20,10
1,8663,0.13319726686497244,0.02679096245992056,0.200866075151563,0.6391456955235433,25,20,10
1,8664,0.1554790517527408,0.054109872320175896,0.16528308959912255,0.6251279863279651,25,20,10
1,8665,0.22262466407978862,0.076391256306532,0.0800102799495666,0.6209737996641115,25,20,10
1,8666,0.19704022825394982,0.07819864890877187,0.08986674284344184,0.6348943799938386,25,20,10
1,8667,0.16516715275458552,0.07683335752046688,0.11951891792209485,0.6384805718028548,25,20,10
1,8668,0.15381338358056587,0.07713934952959528,0.13103374283518687,0.6380135240546515,25,20,10
1,8669,0.17101556277916793,0.07717527570719754,0.11790524898494249,0.6339039125286902,25,20,10
1,8670,0.17824120596006868,0.08021950289352571,0.10741471897061228,0.6341245721757927,25,20,10
1,8671,0.1949960584973781,0.0494908732990966,0.10553617380421866,0.6499768943993088,25,20,10
1,8672,0.15783448299434552,0.025592681648362366,0.16675026309508387,0.649822572262208,25,20,10
1,8673,0.132896744557054,0.05433776786975477,0.17596523642955092,0.6368002511436411,25,20,10
1,8674,0.1579316032176214,0.038900753696642934,0.13784173415738463,0.665325908928351,25,20,10
1,8675,0.17703947846884246,0.06325783705161549,0.10265771015100546,0.657044974328537,25,20,10
1,8676,0.17941127993430037,0.06452681881536233,0.08473350744234555,0.6713283938079914,25,20,10
1,8677,0.14654081462785531,0.0794227012965191,0.0594704149808644,0.7145660690947604,25,20,10
1,8678,0.14303619355111036,0.07940891340911208,0.032717013832076564,0.7448378792077008,25,20,10
1,8679,0.12556034444356817,0.07819981576372417,0.04976508476164985,0.7464747550310581,25,20,10
1,8680,0.11607920315936703,0.07988543008704309,0.051251946234904644,0.7527834205186851,25,20,10
1,8681,0.11610511501012483,0.07988542928685122,0.07837214975658263,0.7256373059464408,25,20,10
1,8682,0.11824767872771477,0.07991115704753954,0.09027550524530654,0.7115656589794387,25,20,10
1,8683,0.12104877878654402,0.07992529720957205,0.08652075067955456,0.7125051733243295,25,20,10
1,8684,0.12054352576718882,0.07994866249862706,0.09656608939430132,0.7029417223398856,25,20,10
1,8685,0.12043070225261834,0.07989465128790772,0.12155349632384213,0.6781211501356327,25,20,10
1,8686,0.12243528569690279,0.07919590636571487,0.11655840819510262,0.6818103997422803,25,20,10
1,8687,0.08398358683242048,0.08001846401832884,0.1322514617050049,0.7037464874442477,25,20,10
1,8688,0.1164124395151727,0.07988666447770214,0.043323437734665765,0.7603774582724588,25,20,10
1,8689,0.11927846683811966,0.07825049643152902,0.04235057922763343,0.7601204575027168,25,20,10
1,8690,0.11865955385227984,0.0528283429599001,0.09381270616057105,0.734699397027248,25,20,10
1,8691,0.09890602978712773,0.05282834903856843,0.11350624242769287,0.7347593787466086,25,20,10
1,8692,0.053491290765381255,0.07816032494227157,0.14177806749449406,0.7265703167978532,25,20,10
1,8693,0.07903642003836972,0.04994965322903172,0.13021206575267885,0.7408018609799192,25,20,10
1,8694,0.0708762878500067,0.0786914001192584,0.11142435547924148,0.739007956551493,25,20,10
1,8695,0.1029404506534712,0.07986687417087796,0.0584379724746629,0.7587547027009873,25,20,10
1,8696,0.15524410241556832,0.04072682060098923,0.08742057060005566,0.7166085063833895,25,20,10
1,8697,0.17640812984198526,0.03877387644974841,0.07109266885596636,0.7137253248523007,25,20,10
1,8698,0.17747182687264304,0.039465885956175194,0.07353995906513279,0.7095223281060477,25,20,10
1,8699,0.19739530902734403,0.014138949767724366,0.08587597092713845,0.7025897702777941,25,20,10
1,8700,0.18196440135463493,0.03996633661675325,0.0703476614710637,0.7077216005575485,25,20,10
1,8701,0.18464474955633065,0.03996198699755547,0.08746822080339356,0.6879250426427204,25,20,10
1,8702,0.18305482546755886,0.02060267451310687,0.10785402798319631,0.6884884720361374,25,20,10
1,8703,0.14886014649347587,0.03981310320743711,0.1364857200999206,0.6748410301991702,25,20,10
1,8704,0.08832412733785404,0.038235078534766286,0.19407166987545957,0.6793691242519209,25,20,10
1,8705,0.08289309855758961,0.0399706960623498,0.19775344584999896,0.6793827595300631,25,20,10
1,8706,0.08367497703844014,0.03870507259844619,0.22321413611706917,0.6544058142460462,25,20,10
1,8707,0.19246155714021213,0.040225344269833964,0.09962155226730772,0.6676915463226522,25,20,10
1,8708,0.18697656140241714,0.01122554396921568,0.12313194648672854,0.678665948141641,25,20,10
1,8709,0.1889420371087058,0.039948600320521714,0.09231822523589979,0.6787911373348737,25,20,10
1,8710,0.1803955237733696,0.0007761416074561667,0.140362176278502,0.6784661583406748,25,20,10
1,8711,0.12812773196324592,0.0007761664419718611,0.19806678572678982,0.6730293158679923,25,20,10
1,8712,0.1623991751384213,0.0007775011162450503,0.1687679006313407,0.6680554231139942,25,20,10
1,8713,0.16208723650426812,0.0007775067549687028,0.15828102853029075,0.6788542282104731,25,20,10
1,8714,0.12848459465721107,0.0007768797246342517,0.1549106196782855,0.715827905939871,25,20,10
1,8715,0.09623233291247496,8.980741652429021e-05,0.18829058426451778,0.71538727540648,25,20,10
1,8716,0.09776672331143618,6.733092503582059e-06,0.1812440262717795,0.7209825173242822,25,20,10
1,8717,0.13602901309714402,4.3187349486756104e-07,0.14286326263824692,0.7211072923911159,25,20,10
1,8718,0.13358792868679378,3.2886045698424515e-07,0.13869647273275243,0.727715269719999,25,20,10
1,8719,0.09115588020941903,1.43780684437405e-07,0.1820372047853379,0.726806771224557,25,20,10
1,8720,0.13119236083911756,1.225595518544733e-07,0.14156262724694252,0.7272448893543891,25,20,10
1,8721,0.14869231128257487,1.0044729229941684e-07,0.1279384270126836,0.7233691612574497,25,20,10
1,8722,0.14915342105136156,4.7431750773835355e-08,0.13172866403158073,0.7191178674853069,25,20,10
1,8723,0.16477945052649143,1.4975130168164646e-06,0.1220104892960362,0.7132085626644556,25,20,10
1,8724,0.12729321717723605,1.6232084617749935e-06,0.1544566146409671,0.7182485449733363,25,20,10
1,8725,0.19559552809137448,2.2354380854690207e-07,0.09646466626790566,0.7079395820969134,25,20,10
1,8726,0.19738284236812298,1.1262507695053002e-06,0.08384167627521087,0.7187743551058979,25,20,10
1,8727,0.21616810959599966,0.0006528645436956903,0.09298505066401484,0.6901939751962901,25,20,10
1,8728,0.20136314503654318,0.0006528548367500431,0.10041027046259632,0.697573729664111,25,20,10
1,8729,0.1383876173236201,4.065070643978384e-09,0.1436801946421052,0.7179321839692078,25,20,10
1,8730,0.06722639533458043,2.3510802630230684e-06,0.21388112010021865,0.718890133484938,25,20,10
1,8731,0.1201452766263685,7.639664488058405e-07,0.1610779813433326,0.7187759780638495,25,20,10
1,8732,0.08951906946612281,5.387432527584393e-07,0.1915795173261094,0.7189008744645163,25,20,10
1,8733,0.1010413734488833,0.0007814605690454899,0.19173706385679196,0.7064401021252843,25,20,10
1,8734,0.10516882687753873,4.401370410656841e-07,0.17214866465542364,0.7226820683299987,25,20,10
1,8735,0.15187994615226327,4.6318614537666825e-07,0.1639982081117613,0.6841213825498326,25,20,10
1,8736,0.18932317927895773,5.569482120994858e-07,0.10508152314646084,0.7055947406263686,25,20,10
1,8737,0.1935605259489528,1.3832118305522236e-05,0.07990983419713865,0.7265158077356026,25,20,10
1,8738,0.1768724197380061,5.689664002291503e-07,0.11345955396085282,0.7096674573347402,25,20,10
1,8739,0.11856432938196113,1.272789327837183e-05,0.16882839486798173,0.7125945478567762,25,20,10
1,8740,0.1912772190918385,1.2917389241586918e-05,0.09039862211686066,0.7183112414020588,25,20,10
1,8741,0.2132310051692125,1.1184429879337605e-05,0.0684474982155604,0.7183103121853476,25,20,10
1,8742,0.15694845479099226,1.7643497396858232e-05,0.12478432160939358,0.7182495801022193,25,20,10
1,8743,0.1578484201875725,2.456886801536541e-05,0.08418688767488818,0.7579401232695253,25,20,10
1,8744,0.14741565904205983,0.024291948459948483,0.09122021964387407,0.7370721728541176,25,20,10
1,8745,0.1593058571206426,0.0007791411408980026,0.0886613549171816,0.7512536468212795,25,20,10
1,8746,0.11684855482598286,0.0007984686218824776,0.1497671997020234,0.7325857768501121,25,20,10
1,8747,0.11959428252817811,3.0344222706500614e-08,0.14338147430455092,0.7370242128230512,25,20,10
1,8748,0.12146944744290294,3.307836157266617e-08,0.13484545924215172,0.7436850602365869,25,20,10
1,8749,0.12174172118576043,3.901891335117776e-08,0.13350131536318158,0.7447569244321466,25,20,10
1,8750,0.12034355376980516,6.45035574594215e-10,0.1348508423909283,0.7448056031942336,25,20,10
1,8751,0.12096355216462634,0.0002015512672166434,0.12453170893268434,0.7543031876354744,25,20,10
1,8752,0.08081483255276044,0.011435090263125138,0.1488150144629067,0.758935062721206,25,20,10
1,8753,0.08410293989151488,0.011435048960337185,0.15177693954319943,0.7526850716049492,25,20,10
1,8754,0.07535828679545384,0.03999510006228649,0.13560655309539038,0.7490400600468717,25,20,10
1,8755,0.08982069956975736,0.03998255035024838,0.11396663049804692,0.7562301195819484,25,20,10
1,8756,0.09090075378939153,0.039995023130627874,0.10861042042107506,0.7604938026589062,25,20,10
1,8757,0.12408506491000239,0.03874067836576769,0.08043309907639953,0.756741157647832,25,20,10
1,8758,0.08930692655896437,0.038733765785492015,0.11982440320237715,0.7521349044531671,25,20,10
1,8759,0.15247841899976408,1.9606499307777383e-05,0.09547389408406053,0.7520280804168686,25,20,10
1,8760,0.13492615433878952,0.014426034285276697,0.13169693552227899,0.7189508758536556,25,20,10
1,8761,0.12178183002829027,0.014428159118795265,0.15593802174128255,0.7078519891116354,25,20,10
1,8762,0.10457032507767858,0.03997650335920772,0.13614943901799348,0.7193037325451241,25,20,10
1,8763,0.12898329147817372,0.03996333806857937,0.11242802873279809,0.7186253417204498,25,20,10
1,8764,0.08259010977662848,0.03994580555774063,0.15847154161175422,0.7189925430538803,25,20,10
1,8765,0.18076312246412418,0.039945776315931575,0.05977129858766192,0.7195198026322823,25,20,10
1,8766,0.1843169166379587,0.03994558178206981,0.05725562917084501,0.7184818724091265,25,20,10
1,8767,0.19963989226700357,0.038700125166261375,0.04319582192982027,0.7184641606369149,25,20,10
1,8768,0.1909886418823151,0.07985665938011664,0.012549064421003071,0.7166056343165657,25,20,10
1,8769,0.19990648093084704,0.07820712355755961,0.007912714510301032,0.713973681001292,25,20,10
1,8770,0.1970936015351201,0.07869375231020768,0.011457036140603217,0.7127556100140692,25,20,10
1,8771,0.19698250884763632,0.04993181862976208,0.08261237128215448,0.6704733012404479,25,20,10
1,8772,0.1972938711505539,0.049996928993235254,0.08009381337901912,0.6726153864771917,25,20,10
1,8773,0.23631228046913777,0.06449274619495107,0.027361254045672218,0.67183371929024,25,20,10
1,8774,0.19429200455482562,0.0805524243871753,0.08065412424791038,0.6445014468100894,25,20,10
1,8775,0.1692409149649875,0.06441163311203298,0.10163116212126541,0.664716289801716,25,20,10
1,8776,0.1569635464373932,0.07867064927259837,0.09583010030203482,0.668535703987976,25,20,10
1,8777,0.2303786117548149,0.07813150807804653,0.02452820531776794,0.6669616748493707,25,20,10
1,8778,0.14990796445021337,0.0794080290033919,0.10002805746602211,0.6706559490803747,25,20,10
1,8779,0.16115022066396797,0.07993920004672886,0.09467315494154073,0.6642374243477627,25,20,10
1,8780,0.1502123287807396,0.06276575102097101,0.10814248887949736,0.6788794313187929,25,20,10
1,8781,0.16121491402465682,0.07699882616002017,0.08301361829341262,0.6787726415219106,25,20,10
1,8782,0.16446392446071945,0.07873890452932884,0.11347803072118039,0.6433191402887725,25,20,10
1,8783,0.15642740860830057,0.07869301568863589,0.1351229847029225,0.6297565910001439,25,20,10
1,8784,0.16847343941327503,0.07796948726270055,0.12365716099966895,0.6298999123243564,25,20,10
1,8785,0.19622263503538584,0.05056043408458453,0.12853178714422533,0.6246851437358056,25,20,10
1,8786,0.18059040617788305,0.05121022563384015,0.0913928131281759,0.6768065550601015,25,20,10
1,8787,0.17259808229995727,0.049391775281526995,0.10051927761998289,0.6774908647985324,25,20,10
1,8788,0.12963143088876308,0.07873160433159311,0.12445611338121511,0.6671808513984304,25,20,10
1,8789,0.14938895171668037,0.09006371241685826,0.09505405231675494,0.6654932835497074,25,20,10
1,8790,0.1278865989777248,0.1163761125686279,0.09013851849167259,0.6655987699619743,25,20,10
1,8791,0.14893637785626804,0.08751396300706374,0.10681676254207026,0.656732896594597,25,20,10
1,8792,0.13335468329754638,0.12015151758257085,0.08562022383155865,0.6608735752883245,25,20,10
1,8793,0.12475392992188139,0.11844710118321154,0.07850284884611212,0.678296120048795,25,20,10
1,8794,0.11027808507098744,0.09939166860487145,0.12496211773231966,0.6653681285918249,25,20,10
1,8795,0.10970829303691824,0.07987395648396231,0.13195632414148603,0.6784614263376357,25,20,10
1,8796,0.09665836901082296,0.07988271142191669,0.14472060246404514,0.6787383171032161,25,20,10
1,8797,0.05656904304205468,0.07865792712818552,0.18499226602736635,0.6797807638023952,25,20,10
1,8798,0.08465196345954812,0.07812073642623747,0.15928714842390268,0.6779401516903143,25,20,10
1,8799,0.07922508432201329,0.053033390388615535,0.20767348874545827,0.6600680365439132,25,20,10
1,8800,0.0746296975867455,0.051163989879677796,0.2061501935494341,0.6680561189841409,25,20,10
1,8801,0.12762024187002705,0.07867467870455597,0.1312779495079271,0.6624271299174908,25,20,10
1,8802,0.0829911468574802,0.08106444957755972,0.15801917712379446,0.6779252264411681,25,20,10
1,8803,0.10328395402073916,0.08266935895308197,0.13680439200875835,0.6772422950174212,25,20,10
1,8804,0.1248218643326387,0.08030006367388548,0.11757346042609099,0.677304611567386,25,20,10
1,8805,0.15612500662830184,0.061123545197205705,0.10578170930208562,0.6769697388724076,25,20,10
1,8806,0.19988942185290398,0.06111834447017607,0.0739126897619526,0.6650795439149675,25,20,10
1,8807,0.1776421335338703,0.03229526298369,0.20234347041866851,0.5877191330637717,25,20,10
1,8808,0.17769940653913058,0.051913240745307475,0.17994523849786467,0.5904421142176985,25,20,10
1,8809,0.1516229754370379,0.07940614700124676,0.21153521599908678,0.557435661562628,25,20,10
1,8810,0.19958314417852296,0.079406255137144,0.16129437220529788,0.559716228479035,25,20,10
1,8811,0.17202651540147598,0.011956803834101365,0.25383692534914015,0.5621797554152832,25,20,10
1,8812,0.20777598658700772,0.011956327577107824,0.1854866107862931,0.5947810750495918,25,20,10
1,8813,0.09800131917550046,0.03955182373141505,0.26141085545346426,0.6010360016396201,25,20,10
1,8814,0.12360738135836144,0.02520423077695653,0.24950859978064915,0.6016797880840344,25,20,10
1,8815,0.11961115350543328,0.012106744176717263,0.22623328616911548,0.642048816148736,25,20,10
1,8816,0.11951450660684262,0.041033966020510376,0.13146770384704634,0.7079838235256023,25,20,10
1,8817,0.1324025559617353,0.03981140391980094,0.14648772285799208,0.6812983172604725,25,20,10
1,8818,0.1544822572254435,0.03899239922077628,0.12763684315176846,0.6788885004020169,25,20,10
1,8819,0.14768492577085351,0.039980844701144796,0.13293170720698724,0.6794025223210168,25,20,10
1,8820,0.19932319030106618,0.03998085895124921,0.09353355559834281,0.6671623951493426,25,20,10
1,8821,0.1734478557320325,0.0512040383904456,0.10811092838634799,0.667237177491177,25,20,10
1,8822,0.1359689569117066,0.07991156732837258,0.07697108968433924,0.7071483860755805,25,20,10
1,8823,0.16037129723641086,0.07819078698109264,0.0533107833436612,0.7081271324388344,25,20,10
1,8824,0.15901666689078614,0.05414596146238254,0.07902506608625136,0.7078123055605791,25,20,10
1,8825,0.14392479374306033,0.07819031794795142,0.05983260357040149,0.7180522847385846,25,20,10
1,8826,0.1073307009295213,0.08220207975831716,0.10818768935819714,0.7022795299539676,25,20,10
1,8827,0.12142865368107487,0.07988872642087903,0.08231750886714302,0.7163651110309057,25,20,10
1,8828,0.12112694146228914,0.09956988335662104,0.08339198486650468,0.6959111903145861,25,20,10
1,8829,0.11523263326461664,0.0793488799996079,0.12301579318338197,0.6824026935523932,25,20,10
1,8830,0.113595518290843,0.07871087578807184,0.10203282996764398,0.7056607759534426,25,20,10
1,8831,0.13580725922294068,0.07871848663719683,0.07330976133535899,0.7121644928045024,25,20,10
1,8832,0.08223017369364241,0.07932225077344696,0.12515405978279007,0.713293515750121,25,20,10
1,8833,0.08237068657033281,0.07778123101063937,0.12001760292567606,0.719830479493352,25,20,10
1,8834,0.07217359834854233,0.07899157522225343,0.09664801258474094,0.7521868138444628,25,20,10
1,8835,0.10006799283859205,0.06445244378923325,0.08259814673768501,0.7528814166344898,25,20,10
1,8836,0.08631701325995167,0.06507412913261008,0.08968194844848494,0.7589269091589543,25,20,10
1,8837,0.04202995234693202,0.07868486207673897,0.14514118830672465,0.734143997269605,25,20,10
1,8838,0.050000418091978326,0.07777024305368788,0.13859551966021683,0.7336338191941176,25,20,10
1,8839,0.08100250379774465,0.07864816719542503,0.0993456870604709,0.7410036419463603,25,20,10
1,8840,0.11669850036445602,0.07988971261988237,0.06788674322781042,0.7355250437878511,25,20,10
1,8841,0.1204482857200343,0.05407337753741045,0.07758301269148711,0.747895324051068,25,20,10
1,8842,0.08718357865247908,0.039955416738949784,0.12566272449668514,0.7471982801118884,25,20,10
1,8843,0.06046304944035196,0.03994635220785954,0.13806614476902654,0.7615244535827634,25,20,10
1,8844,0.11513478508623677,0.039954944569132095,0.08662254065771617,0.7582877296869163,25,20,10
1,8845,0.12166899593212825,0.0377476871828865,0.09385213138184798,0.746731185503138,25,20,10
1,8846,0.12464899380164042,0.03774768421698995,0.13994196972024892,0.6976613522611228,25,20,10
1,8847,0.15037798324776722,0.0386627287241341,0.12220996306790034,0.6887493249601992,25,20,10
1,8848,0.16327660751444903,0.03824916845144141,0.08158697865777632,0.7168872453763361,25,20,10
1,8849,0.15918009087985316,0.038675398722336524,0.10345721158189278,0.6986872988159217,25,20,10
1,8850,0.1598883291828405,0.03996411850741341,0.1015934884162632,0.6985540638934841,25,20,10
1,8851,0.19651933013383258,0.03997627110435649,0.058857525282106186,0.704646873479704,25,20,10
1,8852,0.19774047111187065,0.039172818902898754,0.04358435915361571,0.7195023508316157,25,20,10
1,8853,0.19699707081799822,0.039606562529914235,0.04438120979693237,0.7190151568551555,25,20,10
1,8854,0.2360335964479495,0.03952466152613081,0.005301759625302489,0.7191399824006176,25,20,10
1,8855,0.23140024614174645,0.03997660426358002,0.009516477894813176,0.7191066716998605,25,20,10
1,8856,0.2362024624977025,0.03993932336707909,0.005019334904567521,0.7188388792306499,25,20,10
1,8857,0.20400042171820323,0.0399693297628137,0.036950375543521506,0.7190798729754614,25,20,10
1,8858,0.20236818634047654,0.03996933091357833,0.05217748158457422,0.7054850011613698,25,20,10
1,8859,0.20232658164787762,0.03991750802887251,0.03841411485131368,0.7193417954719367,25,20,10
1,8860,0.21103654235920716,0.040050819033341026,0.03016755326643905,0.7187450853410128,25,20,10
1,8861,0.15659712524723834,0.0010856866556585617,0.12422741833186252,0.7180897697652427,25,20,10
1,8862,0.14976517466373365,5.947781913418006e-07,0.12994414243515182,0.7202900881229227,25,20,10
1,8863,0.22240162278509598,5.931938530967679e-07,0.09426385159107299,0.6833339324299801,25,20,10
1,8864,0.22468321711459577,3.715666838608485e-07,0.09356561031735175,0.6817508010013695,25,20,10
1,8865,0.2263643830007217,2.4101535699612374e-06,0.0963190617340576,0.6773141451116516,25,20,10
1,8866,0.2162933425504652,1.291370641819648e-07,0.11652299265714333,0.667183535655329,25,20,10
1,8867,0.22404164512191346,9.042889683835563e-08,0.10321804714042208,0.672740217308769,25,20,10
1,8868,0.18587894011331688,3.238112038411597e-07,0.14697309163380862,0.6671476444416743,25,20,10
1,8869,0.20804741410592734,3.3117114111509873e-07,0.12820048327261946,0.6637517714503128,25,20,10
1,8870,0.20972156543446538,1.8380904200256952e-05,0.1335009335047541,0.656759120156582,25,20,10
1,8871,0.1580291820903038,0.000266507086367728,0.15856515622942044,0.6831391545939105,25,20,10
1,8872,0.11495122420822003,4.456082996479675e-07,0.2066010602042047,0.678447269979275,25,20,10
1,8873,0.21211324014986885,3.686539358570939e-07,0.10917941719717258,0.6787069739990228,25,20,10
1,8874,0.27550210462936225,9.009931699792201e-09,0.05348863058005127,0.6710092557806552,25,20,10
1,8875,0.18073986184298538,4.7827219087724915e-08,0.10510516501853835,0.7141549253112595,25,20,10
1,8876,0.22112147217732678,4.586995211884167e-08,0.0787087854647407,0.7001696964879808,25,20,10
1,8877,0.21403366172603489,1.9470608027084762e-07,0.06682671643157198,0.719139427136312,25,20,10
1,8878,0.2382323120966422,3.975732868352109e-09,0.04269037746005206,0.7190773064675724,25,20,10
1,8879,0.2415606603723242,1.3708635555521618e-07,0.05646733195530284,0.7019718705860165,25,20,10
1,8880,0.19568755346479552,1.0686057579027915e-08,0.08519487016367594,0.7191175656854726,25,20,10
1,8881,0.2351592362744878,1.203123862945742e-08,0.04621146911981502,0.7186292825744591,25,20,10
1,8882,0.18362494021738268,9.122283000179675e-06,0.01929262000492343,0.7970733174946929,25,20,10
1,8883,0.17657709080191036,9.122449284981442e-06,0.02500140483076564,0.7984123819180386,25,20,10
1,8884,0.15316292973340764,7.158239517184578e-08,0.04788667020185355,0.7989503284823428,25,20,10
1,8885,0.0970378530177816,9.26403631398646e-08,0.11145710665665705,0.7915049476852023,25,20,10
1,8886,0.11323372826724029,6.0248889584339165e-09,0.0905648242025546,0.7962014415053185,25,20,10
1,8887,0.1440828658298322,2.442085771953236e-09,0.06240114197791887,0.7935159897501624,25,20,10
1,8888,0.10444929029563965,0.00040984312452911007,0.09796858321436734,0.7971722833654663,25,20,10
1,8889,0.10727171902918536,1.0552595916116197e-08,0.09458587307803894,0.7981423973401794,25,20,10
1,8890,0.08757819153139498,8.258168631016256e-10,0.11508695558526046,0.7973348520575295,25,20,10
1,8891,0.12045143990074615,2.432979745081776e-07,0.08299137506663526,0.7965569417346444,25,20,10
1,8892,0.14193588758885045,2.2106056387614025e-05,0.061035104545487245,0.7970069018092732,25,20,10
1,8893,0.13970578304516126,2.2710278371460527e-05,0.06149904716643502,0.7987724595100301,25,20,10
1,8894,0.15174175914248067,2.1867691809420974e-05,0.05416218130960824,0.7940741918561013,25,20,10
1,8895,0.13813789443459337,2.186597236714952e-05,0.06695231311032468,0.7948879264827136,25,20,10
1,8896,0.11229575386717651,1.4906149850724448e-07,0.09295801091949948,0.7947460861518271,25,20,10
1,8897,0.1189789012822004,0.00040056959609096997,0.09859507782736979,0.7820254512943388,25,20,10
1,8898,0.12714885350679128,1.4150804275785472e-07,0.07235296645505601,0.8004980385301093,25,20,10
1,8899,0.12084929929544845,6.998680232500943e-06,0.08056050555067636,0.7985831964736428,25,20,10
1,8900,0.12475777359007066,1.2075541403385613e-08,0.04356832467526519,0.8316738896591225,25,20,10
1,8901,0.14543078768126347,1.918915871833744e-06,0.02009862889110987,0.8344686645117528,25,20,10
1,8902,0.11765530590095954,1.6825409280847717e-06,0.04902575617218801,0.8333172553859227,25,20,10
1,8903,0.08217051722002683,2.6407695567649513e-07,0.07995663038809914,0.8378725883149183,25,20,10
1,8904,0.1047216331547605,2.5971406748176785e-07,0.05825102986147259,0.8370270772696995,25,20,10
1,8905,0.0829420517993039,6.540444290173163e-05,0.11813953116384521,0.7988530125939546,25,20,10
1,8906,0.033626709871252006,0.002102500038713266,0.1673657949246467,0.7969049951653853,25,20,10
1,8907,0.07009151801923873,0.002116096597460599,0.14149788523974421,0.7862945001435567,25,20,10
1,8908,0.11167188837386595,1.2474743608286306e-05,0.09793326282174157,0.7903823740607829,25,20,10
1,8909,0.11751710091720266,1.2450397710357382e-05,0.05120213408173233,0.8312683146033538,25,20,10
1,8910,0.12054611909168207,1.2450212171159606e-05,0.04260433001856252,0.8368371006775839,25,20,10
1,8911,0.1215146084635881,6.378452211159645e-09,0.07578850966712018,0.8026968754908387,25,20,10
1,8912,0.11946642035511788,1.92667248174921e-05,0.0823726503930283,0.7981416625270374,25,20,10
1,8913,0.12072082713278483,0.0010896622929751575,0.07954604497916189,0.7986434655950769,25,20,10
1,8914,0.12095533700698027,0.0010896631592724937,0.12006172731229124,0.7578932725214556,25,20,10
1,8915,0.12041820441207605,6.506372123164809e-08,0.13286314620607276,0.7467185843181317,25,20,10
1,8916,0.11682400270580472,2.1965207928039517e-06,0.13898340524067127,0.7441903955327343,25,20,10
1,8917,0.1093946761988541,0.00011067184587535415,0.07805883083471976,0.8124358211205492,25,20,10
1,8918,0.06447892613265385,0.0001085852825574483,0.122361433572764,0.8130510550120252,25,20,10
1,8919,0.07670895982895604,3.836211811913139e-08,0.09888114518557484,0.8244098566233508,25,20,10
1,8920,0.08108377788241862,3.4884728154062016e-08,0.11696232182573714,0.8019538654071156,25,20,10
1,8921,0.07754510211787145,9.20368637643474e-08,0.12616790837867015,0.7962868974665953,25,20,10
1,8922,0.1064513913225312,7.364560234175522e-06,0.11930112823458579,0.7742401158826491,25,20,10
1,8923,0.1487590144239386,1.5607587221323302e-09,0.08790271072125103,0.7633382732940522,25,20,10
1,8924,0.1124032305795239,2.034799141740201e-09,0.08874081586809891,0.7988559515175793,25,20,10
1,8925,0.1621635617586536,2.6521638146494988e-08,0.09655193264935971,0.7412844790703512,25,20,10
1,8926,0.181013629429723,1.4138587513377553e-06,0.060138928975696525,0.7588460277358275,25,20,10
1,8927,0.16006487840884412,2.035329115898062e-07,0.09204885407102176,0.7478860639872251,25,20,10
1,8928,0.15618842384030457,5.1114082380677316e-08,0.08510951576700135,0.7587020092786144,25,20,10
1,8929,0.12968568861958452,7.800115694880686e-08,0.12167346185840179,0.7486407715208585,25,20,10
1,8930,0.14646499786181377,1.7566224296173413e-07,0.10938251362508158,0.7441523128508639,25,20,10
1,8931,0.13957979660637077,3.8338170285892926e-08,0.09818832207287974,0.7622318429825803,25,20,10
1,8932,0.16390315050130266,1.729267902035454e-08,0.07787104003485817,0.7582257921711595,25,20,10
1,8933,0.1828441111150257,6.408688290751273e-07,0.09395357248797304,0.7232016755281738,25,20,10
1,8934,0.1706002081847123,6.34568198188026e-07,0.10688281178385677,0.7225163454632323,25,20,10
1,8935,0.18701053728600783,6.328357386351967e-08,0.09379736846779908,0.7191920309626231,25,20,10
1,8936,0.1310490783855336,1.576885698696905e-05,0.14979734035100953,0.719137812406472,25,20,10
1,8937,0.13161436721628272,0.0009460503211839841,0.12398718633307405,0.74345239612946,25,20,10
1,8938,0.11796466537181667,1.320835326222658e-06,0.13698018527931313,0.7450538285135465,25,20,10
1,8939,0.12465897982995391,2.190039790772498e-05,0.12318856013185281,0.7521305596402871,25,20,10
1,8940,0.09856488216474435,4.289704265072436e-05,0.14232174062533706,0.7590704801672703,25,20,10
1,8941,0.11730127350002267,2.476704335204534e-06,0.13477068831401676,0.7479255614816264,25,20,10
1,8942,0.1591022336576564,1.6278821545947597e-05,0.11104075927546064,0.7298407282453367,25,20,10
1,8943,0.16200971926566257,0.0010980102782466455,0.07829461378004453,0.758597656676045,25,20,10
1,8944,0.12961504281106737,3.3482055788631855e-05,0.11185765999619468,0.758493815136953,25,20,10
1,8945,0.10362100394854715,3.365957253789162e-05,0.1375057242856097,0.7588396121933055,25,20,10
1,8946,0.13379776674832564,6.59066662238736e-07,0.1076110497862493,0.7585905243987628,25,20,10
1,8947,0.15753418575958628,2.4913200233678646e-07,0.09783459124511978,0.7446309738632921,25,20,10
1,8948,0.18231345057766682,0.03991774540239467,0.032940923481555695,0.7448278805383833,25,20,10
1,8949,0.1731457525208737,0.03995437308867915,0.02817000428071611,0.758729870109732,25,20,10
1,8950,0.1792899241855213,0.038937960154248365,0.022545211770414658,0.7592269038898158,25,20,10
1,8951,0.16058755052429446,0.03993927466470375,0.051561690341599166,0.7479114844694027,25,20,10
1,8952,0.14955820467994146,0.039947500443917094,0.06267736019823113,0.7478169346779098,25,20,10
1,8953,0.12809819003166725,0.040090160648032606,0.07383216492545074,0.7579794843948495,25,20,10
1,8954,0.14339902401230512,0.03995122460708475,0.06544151356684194,0.7512082378137679,25,20,10
1,8955,0.15984365308586235,0.03995122447986001,0.04231120685321984,0.7578939155810577,25,20,10
1,8956,0.12045686426742655,0.039952538704451694,0.0840982242783514,0.7554923727497698,25,20,10
1,8957,0.15952822934003302,0.03995122001703773,0.07804627154651125,0.722474279096418,25,20,10
1,8958,0.18766356143412483,0.03997709054593166,0.05459679829272833,0.7177625497272152,25,20,10
1,8959,0.1544623875071238,0.0399771123331999,0.1014790181884699,0.7040814819712077,25,20,10
1,8960,0.13942055207854506,0.03950419507806948,0.129952832569256,0.6911224202741312,25,20,10
1,8961,0.1553441321611213,0.0395056687665959,0.11686550825142683,0.6882846908208553,25,20,10
1,8962,0.09596865603377273,0.0003813958767315332,0.2161443303142012,0.6875056177752935,25,20,10
1,8963,0.21413069168053137,0.0027884893551385387,0.11872593761742044,0.6643548813469099,25,20,10
1,8964,0.21039717545931277,1.43343428047343e-08,0.1282455062410903,0.6613573039652556,25,20,10
1,8965,0.17317687095103046,8.65653348458259e-06,0.11378398984902546,0.7130304826664593,25,20,10
1,8966,0.17256983499454942,7.916468091660029e-08,0.1133454589695182,0.7140846268712514,25,20,10
1,8967,0.17242039737604853,4.887432841563287e-06,0.10910079283676181,0.7184739223543481,25,20,10
1,8968,0.13682419520416322,0.0008039125945822869,0.15539127971489994,0.7069806124863562,25,20,10
1,8969,0.10442527610000304,1.5053589570535844e-05,0.18841533368207986,0.7071443366283475,25,20,10
1,8970,0.10787221086794874,1.6747018612532804e-05,0.20878836514028332,0.6833226769731559,25,20,10
1,8971,0.10750990099336805,2.6328269311175436e-06,0.21054349146432533,0.681943974715374,25,20,10
1,8972,0.14610706532344075,2.4554581294392056e-05,0.17506169200171373,0.6788066880935506,25,20,10
1,8973,0.1331500074690073,2.8676309082320864e-06,0.18778950339627215,0.6790576215038154,25,20,10
1,8974,0.19995070076843383,2.072303147278557e-05,0.11953741213000241,0.6804911640700919,25,20,10
1,8975,0.157387151085053,5.798006673070896e-05,0.16461214318961434,0.6779427256586017,25,20,10
1,8976,0.23710314547264605,0.0006543292212248464,0.09057309120572851,0.6716694341004015,25,20,10
1,8977,0.24225691820334533,1.519958796212177e-06,0.09029173015105468,0.6674498316868065,25,20,10
1,8978,0.2544243735154078,1.5201281612911172e-06,0.07396191705854646,0.6716121892978845,25,20,10
1,8979,0.22559014224325885,7.538031999162523e-06,0.09568907991393517,0.6787132398108072,25,20,10
1,8980,0.18467719364160154,1.3766305907722473e-05,0.13697556731391825,0.6783334727385743,25,20,10
1,8981,0.18995798843847989,2.014986326090998e-06,0.13662750939458054,0.673412487180617,25,20,10
1,8982,0.28318318131800396,2.0237200483113944e-06,0.04932075956035772,0.6674940354015895,25,20,10
1,8983,0.2670738357747176,1.5262332903534583e-06,0.05495735577026503,0.6779672822217272,25,20,10
1,8984,0.2149871023408198,3.596532173937645e-05,0.08012575264324205,0.7048511796942002,25,20,10
1,8985,0.13455024707243893,0.0009085500458128987,0.16694964369765408,0.6975915591840934,25,20,10
1,8986,0.16046020754776913,0.0008727461010381335,0.12980020759212293,0.7088668387590689,25,20,10
1,8987,0.15976788155234034,1.6098291507032157e-05,0.13784124622636937,0.7023747739297845,25,20,10
1,8988,0.16094335342478813,1.608670549438024e-05,0.1304336712702502,0.7086068885994717,25,20,10
1,8989,0.1518032652301708,1.609093618336943e-05,0.13472902008327906,0.7134516237503686,25,20,10
1,8990,0.11455132227370131,0.018972482854956806,0.18488873338042605,0.6815874614909195,25,20,10
1,8991,0.08593113531539405,0.039506240056297465,0.19299161712359583,0.6815710075047151,25,20,10
1,8992,0.08471743071268906,0.039490159798495676,0.19494539376814804,0.6808470157206663,25,20,10
1,8993,0.11121156575210389,0.03824358116166701,0.13347679608393564,0.7170680570022949,25,20,10
1,8994,0.18711793539668156,1.655684186948664e-05,0.0938110486537191,0.7190544591077337,25,20,10
1,8995,0.19446379955371693,0.0009345031598076128,0.0851240552453024,0.7194776420411726,25,20,10
1,8996,0.1552418162831556,0.0009350508765533712,0.1295564092883617,0.7142667235519282,25,20,10
1,8997,0.15826466676343354,0.0009287468208893338,0.12150448606192243,0.7193021003537555,25,20,10
1,8998,0.15264443998276792,0.0009287682307687077,0.12796051999622798,0.7184662717902355,25,20,10
1,8999,0.18878999746486103,0.04089190503911691,0.11363277847085664,0.6566853190251655,25,20,10
1,9000,0.2259148816503492,0.0399734496805413,0.10670992764893927,0.6274017410201721,25,20,10
1,9001,0.23681597445571786,0.039974797871640495,0.12278796911872898,0.6004212585539158,25,20,10
1,9002,0.22915511918492626,0.0399705473548066,0.13192598498011887,0.5989483484801517,25,20,10
1,9003,0.19789684398790577,0.011884076494735562,0.19138300266546854,0.5988360768518912,25,20,10
1,9004,0.17773874317320287,0.011235663733251187,0.2118638043332975,0.5991617887602513,25,20,10
1,9005,0.15484386084131746,0.04219638141828184,0.20472848585498243,0.5982312718854185,25,20,10
1,9006,0.14403862201784343,0.04107203648886982,0.21687457922264708,0.5980147622706399,25,20,10
1,9007,0.19496306121595772,0.03996944139415761,0.16597151369733404,0.5990959836925529,25,20,10
1,9008,0.2176449372995918,0.039951255544683185,0.1434771925357758,0.5989266146199516,25,20,10
1,9009,0.25162811310648886,0.039951648937235,0.10943096018606621,0.5989892777702105,25,20,10
1,9010,0.2460447077242208,0.03996796254173672,0.11440518947469781,0.5995821402593451,25,20,10
1,9011,0.2325730498429881,0.03872473863034062,0.12128696212909365,0.6074152493975785,25,20,10
1,9012,0.2704616499977544,0.039913267438421884,0.0827455007911066,0.6068795817727192,25,20,10
1,9013,0.25686274119537483,0.03726999061463818,0.10664782935107311,0.5992194388389156,25,20,10
1,9014,0.27874262437078434,0.039348979098491055,0.13284002250522897,0.5490683740254982,25,20,10
1,9015,0.22080701037647796,0.039985434391953456,0.15503936023817355,0.5841681949933978,25,20,10
1,9016,0.2242696590033757,0.04004609033284626,0.13755941255411636,0.5981248381096661,25,20,10
1,9017,0.20301260133388324,0.039937747766393285,0.1548218563970363,0.6022277945026902,25,20,10
1,9018,0.15321936774233458,0.03996492759008537,0.20734631930571304,0.5994693853618677,25,20,10
1,9019,0.1809368726013246,0.014180536835655469,0.20579909569271096,0.5990834948703107,25,20,10
1,9020,0.20777242743216282,0.039026523178745054,0.1547875396910104,0.5984135096980845,25,20,10
1,9021,0.1352549398838187,0.03915045185725523,0.2268282922542701,0.5987663160046581,25,20,10
1,9022,0.09981542679276023,0.07797495828668684,0.1878487931734275,0.6343608217471267,25,20,10
1,9023,0.12031217880391132,0.060141672874429855,0.18450397385073775,0.635042174470924,25,20,10
1,9024,0.12769295289139532,0.07992885499619941,0.1571800556919771,0.6351981364204307,25,20,10
1,9025,0.08900095541633374,0.09374470395957207,0.177911787143198,0.6393425534808973,25,20,10
1,9026,0.09047960128007614,0.11800222469064103,0.15761903204959254,0.6338991419796915,25,20,10
1,9027,0.09516644963939697,0.08935735589700508,0.17609087123894782,0.6393853232246545,25,20,10
1,9028,0.1325748281929181,0.1181077272905955,0.11800099029286043,0.6313164542236289,25,20,10
1,9029,0.10397485411746561,0.06327501994637622,0.19517201963695777,0.6375781062992004,25,20,10
1,9030,0.0808722955956391,0.07877161526222258,0.1994655512849434,0.640890537857193,25,20,10
1,9031,0.06756280265040555,0.04055752785036734,0.2363449603721819,0.6555347091270453,25,20,10
1,9032,0.13397194442465118,0.038987622702905705,0.1743474891663569,0.6526929437060872,25,20,10
1,9033,0.08493217986816809,0.03688448217218074,0.2232149648066075,0.6549683731530418,25,20,10
1,9034,0.1170888136724989,0.0005643618356596177,0.2032447689554927,0.679102055536349,25,20,10
1,9035,0.1123773476714489,0.0005649549891899998,0.20855799115117588,0.6784997061881861,25,20,10
1,9036,0.1116391822849872,1.4903823597738436e-06,0.21369144922470393,0.6746678781079521,25,20,10
1,9037,0.09583758289493163,8.666124520960742e-07,0.22512143126418016,0.6790401192284382,25,20,10
1,9038,0.18491450016536326,0.0006031962774876221,0.1415193830034295,0.6729629205537212,25,20,10
1,9039,0.18954667854745177,0.039896066133441044,0.09714580354934506,0.6734114517697624,25,20,10
1,9040,0.17883417735864665,0.03952241890181099,0.1085422952596321,0.6731011084799104,25,20,10
1,9041,0.20014791958430445,0.03951670699991047,0.08729711696401116,0.6730382564517733,25,20,10
1,9042,0.1955430921577823,0.039945406600336124,0.058280974927991336,0.7062305263138898,25,20,10
1,9043,0.19575145161878096,0.03994537196252896,0.05180016083111788,0.7125030155875735,25,20,10
1,9044,0.21316228868435413,0.039957685886759936,0.027025941420465004,0.71985408400842,25,20,10
1,9045,0.19707484046188883,0.037696036362361934,0.05231286919526746,0.7129162539804813,25,20,10
1,9046,0.2253817834332024,0.03993253012337996,0.016734890105869708,0.717950796337548,25,20,10
1,9047,0.18914815580226738,0.03832053396993906,0.06491476216413797,0.7076165480636544,25,20,10
1,9048,0.19799384049488036,0.0399456519138382,0.054614469742906735,0.7074460378483743,25,20,10
1,9049,0.19726385340104255,0.038709054966178665,0.04468655423911191,0.7193405373936667,25,20,10
1,9050,0.17808393784350302,0.03871038821187571,0.06439044727669996,0.7188152266679215,25,20,10
1,9051,0.13650301260826603,0.03870924580248702,0.11301227250937904,0.7117754690798686,25,20,10
1,9052,0.14716266062044997,0.03995612397577452,0.09450927002239103,0.7183719453813842,25,20,10
1,9053,0.13581047857510958,0.03995480040649859,0.11188443857287814,0.7123502824455147,25,20,10
1,9054,0.11249202047772865,0.062259705210714146,0.10749376600791843,0.7177545083036385,25,20,10
1,9055,0.09830915623884558,0.07870544709320862,0.10564426143309666,0.7173411352348513,25,20,10
1,9056,0.12402193930179506,0.059372965490607034,0.11393590766262987,0.7026691875449693,25,20,10
1,9057,0.1445011804452159,0.079302554220334,0.0738352429669606,0.7023610223674889,25,20,10
1,9058,0.11094130489002976,0.07930369909293175,0.1068715948994594,0.7028834011175789,25,20,10
1,9059,0.13461832666445323,0.07991125163253629,0.06627541464201442,0.7191950070609954,25,20,10
1,9060,0.14683141815244508,0.06443357718806973,0.08155014683812413,0.7071848578213591,25,20,10
1,9061,0.14985980766511356,0.014969846957722138,0.12763473706537776,0.7075356083117902,25,20,10
1,9062,0.14982489787097558,0.014171306601040686,0.12770744267171671,0.7082963528562684,25,20,10
1,9063,0.14197469073726318,0.03995191937277707,0.11062619123897197,0.7074471986509882,25,20,10
1,9064,0.10368813487872146,0.03992455264775563,0.15961918625418572,0.6967681262193379,25,20,10
1,9065,0.14509036178710455,0.000792874888396114,0.15681040052524464,0.6973063627992573,25,20,10
1,9066,0.1494950514169566,4.974980832989049e-07,0.1538173735909192,0.696687077494045,25,20,10
1,9067,0.1654454994294957,0.038234106190739435,0.08513791245144763,0.7111824819283175,25,20,10
1,9068,0.14691241107797448,0.03823407703022107,0.09660466643418247,0.7182488454576225,25,20,10
1,9069,0.14999019473863587,0.038705512547895594,0.14200799173555187,0.669296300977918,25,20,10
1,9070,0.12143276091569996,0.061615842609466294,0.15450299634665213,0.6624484001281837,25,20,10
1,9071,0.12071885243083365,0.07993424872313253,0.10812755148698759,0.6912193473590473,25,20,10
1,9072,0.12107074220207424,0.08073341511796535,0.10747655550721412,0.6907192871727478,25,20,10
1,9073,0.09811248216486197,0.08017824817754328,0.11711698398967844,0.704592285667919,25,20,10
1,9074,0.044467154441992035,0.08021232187279033,0.16239782106932224,0.7129227026158962,25,20,10
1,9075,0.11381676938541979,0.07805102351935064,0.10060486970429933,0.7075273373909302,25,20,10
1,9076,0.12085696885088516,0.07680595273548102,0.08067447772310593,0.7216626006905278,25,20,10
1,9077,0.12047033689487113,0.07846988595151878,0.07887681075387686,0.722182966399733,25,20,10
1,9078,0.0791918703114119,0.07867373608119295,0.13475665601377795,0.7073777375936211,25,20,10
1,9079,0.0454553134840075,0.07988855193878333,0.15751787060024017,0.7171382639769709,25,20,10
1,9080,0.046240652699119644,0.07818748618770577,0.12845637927447467,0.7471154818387004,25,20,10
1,9081,0.08221442129583753,0.07989366716207445,0.0797017934607163,0.7581901180813715,25,20,10
1,9082,0.07679346355832602,0.09127037865650411,0.07226840500703978,0.7596677527781286,25,20,10
1,9083,0.07721771454216382,0.08954903686230843,0.07441816589908451,0.7588150826964436,25,20,10
1,9084,0.08068001849046713,0.08897329549565061,0.07131177578164945,0.7590349102322324,25,20,10
1,9085,0.08240425253799334,0.11662847885542955,0.04294600150827857,0.7580212670982985,25,20,10
1,9086,0.08103006324521118,0.08984918376972936,0.10496974836001648,0.7241510046250437,25,20,10
1,9087,0.08077472311106908,0.0925260734123038,0.10284566733626944,0.7238535361403562,25,20,10
1,9088,0.080279968210418,0.07820620804184801,0.1223384980892674,0.7191753256584715,25,20,10
1,9089,0.055410529890996214,0.07994679094249152,0.1528304110280697,0.7118122681384448,25,20,10
1,9090,0.04277587036441709,0.07991132222434738,0.17188846668850605,0.7054243407227269,25,20,10
1,9091,0.03275760922815241,0.07993811346808305,0.21374830035853212,0.6735559769452327,25,20,10
1,9092,0.04074042785346938,0.07991739566242412,0.1689535682812588,0.7103886082028457,25,20,10
1,9093,0.024572993320526697,0.07992539205934733,0.175391932839053,0.720109681781073,25,20,10
1,9094,0.07797847640623475,0.07991138142525811,0.13736490096610882,0.7047452412023998,25,20,10
1,9095,0.04357100000357452,0.05119685174145263,0.15297355935457937,0.7522585889003957,25,20,10
1,9096,0.044383817214143625,0.039819140463527865,0.16739734209270946,0.7483997002296191,25,20,10
1,9097,0.04590321006414486,0.024536058144257494,0.19260151838687417,0.7369592134047225,25,20,10
1,9098,0.08167846292294147,0.03995539594139737,0.1332583828816572,0.7451077582540085,25,20,10
1,9099,0.08358615730889916,0.03994378032087393,0.08508289891421308,0.7913871634560151,25,20,10
1,9100,0.10885413655065275,0.036922024479196104,0.06291419491320022,0.7913096440569507,25,20,10
1,9101,0.08131415730911438,0.03951861287409288,0.0796804665708036,0.7994867632459893,25,20,10
1,9102,0.15163255531235748,0.0395164971300136,0.009394750693385944,0.7994561968642425,25,20,10
1,9103,0.15971606731331284,3.520174282593198e-07,0.04146370255790624,0.7988198781113526,25,20,10
1,9104,0.17077645823328594,2.3911324114829115e-07,0.03455405407053774,0.7946692485829349,25,20,10
1,9105,0.13997573657300494,2.956060157010862e-07,0.06175887705772132,0.7982650907632569,25,20,10
1,9106,0.15075529033611065,3.7141845521564483e-07,0.050899636564819176,0.798344701680614,25,20,10
1,9107,0.15075173456027044,3.011208267553154e-07,0.06526794391567525,0.7839800204032273,25,20,10
1,9108,0.14367869450424814,6.758463534737084e-07,0.08219905749455564,0.7741215721548446,25,20,10
1,9109,0.1379562496134334,6.590042854901768e-07,0.07557237019887081,0.7864707211834094,25,20,10
1,9110,0.1412070969666259,6.979714889760294e-06,0.06612916635418159,0.7926567569643025,25,20,10
1,9111,0.1474914940682558,7.140755431051862e-06,0.06479201629657544,0.7877093488797371,25,20,10
1,9112,0.14539580357328663,6.99632852577519e-06,0.06182245522300559,0.7927747448751821,25,20,10
1,9113,0.14449174158716888,1.0338605417971557e-05,0.06376979446313842,0.7917281253442742,25,20,10
1,9114,0.15582440303260262,6.988740215488541e-06,0.046911715067212485,0.7972568931599693,25,20,10
1,9115,0.12413408355755044,8.297759073203867e-06,0.07774525661868284,0.7981123620646936,25,20,10
1,9116,0.12068840562786246,1.326038964303831e-06,0.091216033959964,0.788094234373209,25,20,10
1,9117,0.08209296850561618,1.3498715649986162e-06,0.1199447985489042,0.797960883073913,25,20,10
1,9118,0.048082480695441986,6.769428771476365e-08,0.11767599687089991,0.8342414547393718,25,20,10
1,9119,0.050833543721186626,6.797535061453468e-08,0.1553869885617973,0.7937793997416661,25,20,10
1,9120,0.04400554360086396,1.6775879719555876e-06,0.15673666397713337,0.7992561148340331,25,20,10
1,9121,0.070795965663299,3.823291292660434e-05,0.1305916633857337,0.7985741380380403,25,20,10
1,9122,0.10145147407606403,3.893424964978217e-05,0.106506427492564,0.7920031641817225,25,20,10
1,9123,0.14927366745528936,8.136324443604767e-08,0.05876928744764501,0.79195696373382,25,20,10
1,9124,0.1886494092142051,1.6602470450211617e-07,0.018166058044335697,0.7931843667167552,25,20,10
1,9125,0.1601919315064215,2.966766293474499e-07,0.07978726432392637,0.7600205074930233,25,20,10
1,9126,0.16026415781268333,1.6316539135391885e-06,0.08064446340862443,0.7590897471247776,25,20,10
1,9127,0.16356393579856324,1.4650351714171878e-06,0.014128332180214144,0.8223062669860505,25,20,10
1,9128,0.16407026840811864,1.4590663094612584e-06,0.02569034431820676,0.8102379282073653,25,20,10
1,9129,0.16269787715874773,1.4614603202899707e-06,0.01484635936583556,0.8224543020150956,25,20,10
1,9130,0.1203327211692857,2.1601887938854464e-09,0.040097672137122,0.8395696045334026,25,20,10
1,9131,0.09372475310800049,2.4142022529899695e-08,0.08317684823619663,0.8230983745137829,25,20,10
1,9132,0.12063260983616969,9.362211983107111e-10,0.07248294495741227,0.8068844442701958,25,20,10
1,9133,0.11996709210816171,4.894067439225497e-09,0.05811429812869231,0.8219186048690774,25,20,10
1,9134,0.15990084922363626,1.1271170291260631e-09,0.0024845358108843904,0.8376146138383619,25,20,10
1,9135,0.15910132716458356,1.9181184296157643e-06,0.0031338349213200466,0.8377629197956664,25,20,10
1,9136,0.10365141539894396,1.642873232960928e-05,0.05766679620934923,0.8386653596593767,25,20,10
1,9137,0.10346707004803575,2.2144057284525454e-07,0.03317748617639243,0.8633552223349981,25,20,10
1,9138,0.11530875881825,9.262174407995908e-08,0.0515660036528839,0.8331251449071221,25,20,10
1,9139,0.1143812471912763,1.8506718349012854e-06,0.06563238485045084,0.8199845172864376,25,20,10
1,9140,0.11204971109992083,7.24998777707729e-06,0.049297038394767796,0.8386460005175336,25,20,10
1,9141,0.10873099487567403,7.149918256659855e-06,0.05315336553600785,0.8381084896700601,25,20,10
1,9142,0.11248001313969903,1.3925898595968463e-05,0.049687549812467646,0.8378185111492357,25,20,10
1,9143,0.09824917363954969,1.3926642289346978e-05,0.07450212951005014,0.8272347702081104,25,20,10
1,9144,0.07960422729850271,2.102886776212119e-05,0.08790982511968151,0.8324649187140529,25,20,10
1,9145,0.06152592393715306,1.9214543681982545e-05,0.11969390941051555,0.8187609521086492,25,20,10
1,9146,0.08104001700599626,1.4850871441158152e-05,0.08038702081218836,0.8385581113103728,25,20,10
1,9147,0.08109283033686684,1.4849894117491435e-05,0.08117748264634375,0.8377148371226706,25,20,10
1,9148,0.0809108492431777,1.4886396319414292e-05,0.08117811966598458,0.8378961446945163,25,20,10
1,9149,0.08026102299926544,1.4885865893470534e-05,0.0812189510875598,0.8385051400472807,25,20,10
1,9150,0.04846955539465687,5.14870946667058e-05,0.1227987431029146,0.8286802144077631,25,20,10
1,9151,0.040194230202014444,0.039922815665000985,0.09288691321769722,0.8269960409152857,25,20,10
1,9152,0.04089301220651222,0.039954568027928655,0.08691799204121463,0.832234427724345,25,20,10
1,9153,0.04326301722931675,3.498866552433765e-07,0.12480816783706201,0.8319284650469689,25,20,10
1,9154,0.07471534687311711,8.146170342637522e-08,0.08704054762251413,0.8382440240426675,25,20,10
1,9155,0.06040914976137889,1.516888924171054e-08,0.10139338782470915,0.8381974472450265,25,20,10
1,9156,0.07481024260871683,2.9865483264434397e-11,0.09782688942723604,0.8273628679341826,25,20,10
1,9157,0.15299686775938176,4.45659674027899e-09,0.020218319821105443,0.8267848079629152,25,20,10
1,9158,0.13689386196915834,9.637372777520769e-08,0.05043440533645157,0.8126716363206608,25,20,10
1,9159,0.14496720508480196,3.7947218628356433e-07,0.016430407919892556,0.8386020075231183,25,20,10
1,9160,0.15983000834722796,3.0204038748574985e-08,0.008174591857288974,0.8319953695914438,25,20,10
1,9161,0.1597012774309262,3.003897626369845e-08,0.007201454523290329,0.833097238006807,25,20,10
1,9162,0.11914476029385299,1.2872014782525397e-06,0.052996095435776346,0.8278578570688928,25,20,10
1,9163,0.09508937034240131,0.010999653465647288,0.07592940129848662,0.8179815748934648,25,20,10
1,9164,0.10597602100171487,0.03872586361925468,0.028415243810539028,0.8268828715684918,25,20,10
1,9165,0.08212845436110561,0.03872594296992729,0.04135050938629956,0.8377950932826665,25,20,10
1,9166,0.08622034010821457,0.03993898674597097,0.034675134372676664,0.8391655387731366,25,20,10
1,9167,0.08640099651876788,0.03997521814542322,0.03485521900592801,0.8387685663298798,25,20,10
1,9168,0.05242012004938114,0.039975221500348074,0.04307988661552132,0.8645247718347469,25,20,10
1,9169,0.04095205883329536,0.03997521566525555,0.05441649431537363,0.8646562311860747,25,20,10
1,9170,0.04079293465505127,0.011233627159361454,0.10441392085573054,0.8435595173298559,25,20,10
1,9171,0.055452863396010896,0.03777374788235058,0.028690772827630218,0.8780826158940078,25,20,10
1,9172,0.05586068446583999,0.039953251373700024,0.03825665619973075,0.8659294079607289,25,20,10
1,9173,0.07053713385033598,0.014136659352266538,0.05085971148543458,0.8644664953119623,25,20,10
1,9174,0.06350615050303465,0.03997100417635147,0.03244716492806319,0.864075680392551,25,20,10
1,9175,0.08053293408248983,0.03873290414810498,0.00206021042943473,0.878673951339969,25,20,10
1,9176,0.08099322748696858,0.03990686581622423,0.0010779137749555117,0.8780219929218512,25,20,10
1,9177,0.06487584213516011,0.03990686579778553,0.023905725704345505,0.8713115663627081,25,20,10
1,9178,0.06938915840228813,0.03990686619656064,0.017863122526702416,0.8728408528744496,25,20,10
1,9179,0.04645244691695633,0.03993258678820325,0.03632082216705402,0.8772941441277864,25,20,10
1,9180,0.046112071026411725,0.037848296028383445,0.03825612513288,0.8777835078123232,25,20,10
1,9181,0.04045283573125615,0.03993241446338024,0.042054027624052866,0.8775607221813098,25,20,10
1,9182,0.043448490312713375,0.03993241375700772,0.0397223413258508,0.876896754604427,25,20,10
1,9183,0.042008820096465956,0.0399324142374175,0.05136067114541707,0.866698094520698,25,20,10
1,9184,0.05738262028031024,0.039932471516002904,0.04074855986681738,0.861936348336868,25,20,10
1,9185,0.0743661916692357,0.011216606981358053,0.036410313369371054,0.8780068879800347,25,20,10
1,9186,0.03900187275225302,0.03994413117945221,0.05649153953250921,0.8645624565357847,25,20,10
1,9187,0.03462225850490622,0.02218884292223212,0.10311371721639727,0.8400751813564656,25,20,10
1,9188,0.04046071391896483,0.039959989128958186,0.07408258141175803,0.8454967155403178,25,20,10
1,9189,0.04080768765876368,0.011223238423886806,0.07796909168958899,0.86999998222776,25,20,10
1,9190,0.041160882072716634,0.039946159679526555,0.047006249173449435,0.8718867090743054,25,20,10
1,9191,0.040595035762770154,0.03994612147440715,0.04064792747687705,0.8788109152859436,25,20,10
1,9192,0.00802753209587316,0.039946122956989114,0.04928858574798868,0.9027377591991471,25,20,10
1,9193,0.04095796651334225,0.03994612189861939,0.005259466937823176,0.9138364446502135,25,20,10
1,9194,0.0253534915250569,0.039962587256850444,0.016222808111988375,0.918461113106103,25,20,10
1,9195,0.026869314805869224,0.03994549481267597,0.016218162074256245,0.9169670283071986,25,20,10
1,9196,0.025877863832798286,0.03872947716400019,0.018088480571962197,0.917304178431238,25,20,10
1,9197,0.03808066200303625,0.03990307715507012,0.014048389554892252,0.9079678712870013,25,20,10
1,9198,0.0380793539751392,0.024543779261819786,0.023114686607277474,0.9142621801557627,25,20,10
1,9199,0.04108225155121696,0.03997679935399339,0.004954386598077968,0.9139865624967106,25,20,10
1,9200,0.0016848947937454645,0.039988871341452105,0.07973579842722436,0.8785904354375768,25,20,10
1,9201,0.001837969700175705,0.03945988883020023,0.12032746620704644,0.8383746752625831,25,20,10
1,9202,0.0010889500444221387,0.03993204746513825,0.12802996504930522,0.8309490374411368,25,20,10
1,9203,0.0016702143709154426,0.04021299045684792,0.12584308258011492,0.8322737125921219,25,20,10
1,9204,0.00432043888247602,0.03994522319010847,0.12827896530591232,0.8274553726215043,25,20,10
1,9205,0.00466330590763988,0.03998260916402698,0.16725558637252838,0.7880984985558083,25,20,10
1,9206,0.06017274154346715,0.039942619338639206,0.10924491889302923,0.790639720224866,25,20,10
1,9207,0.08444401654221217,0.039974613383789534,0.0883886364908832,0.7871927335831143,25,20,10
1,9208,0.041982817034341265,0.03992367801852745,0.15472380251039725,0.7633697024367351,25,20,10
1,9209,0.038926193610976226,0.038235082806517225,0.14174000234268755,0.7810987212398187,25,20,10
1,9210,0.041405234390223485,0.03994080877778356,0.1388550010663548,0.7797989557656376,25,20,10
1,9211,0.05080197734160886,0.014134810161401383,0.13582645191307072,0.7992367605839175,25,20,10
1,9212,0.016280027659652432,0.03994960289796927,0.14945196311400832,0.7943184063283707,25,20,10
1,9213,0.01644077723831338,0.04101744800207889,0.10949755638783121,0.833044218371778,25,20,10
1,9214,0.041389691568692176,0.03935538929150102,0.12067723441169521,0.7985776847281124,25,20,10
1,9215,0.042711314940597774,0.04106587251987423,0.12161554229641944,0.7946072702431088,25,20,10
1,9216,0.03637723575467698,0.0799281131544919,0.0842941911784643,0.7994004599123659,25,20,10
1,9217,0.008441728597775405,0.07992095556664328,0.11267788036517963,0.7989594354704002,25,20,10
1,9218,0.021817348171988358,0.07868832372502509,0.0956376061024511,0.803856722000537,25,20,10
1,9219,0.057675748082504225,0.0786915557875174,0.06053468451745411,0.8030980116125239,25,20,10
1,9220,0.06462170632201852,0.07868846785720814,0.05788512329314619,0.7988047025276264,25,20,10
1,9221,0.08134083543197004,0.07818376709173917,0.04117991014259403,0.7992954873336964,25,20,10
1,9222,0.07831605183703991,0.049467916492570485,0.07356238269866025,0.7986536489717286,25,20,10
1,9223,0.1138948629166607,0.04946812735059058,0.03811302797035458,0.7985239817623951,25,20,10
1,9224,0.08689535668692408,0.05058044190488455,0.07568675955721207,0.7868374418509779,25,20,10
1,9225,0.10516740897284507,0.061208831953534014,0.03630289235608406,0.7973208667175359,25,20,10
1,9226,0.11289544199229487,0.0786898258153009,0.01020594455256919,0.798208787639835,25,20,10
1,9227,0.12065608626547109,0.07991537705241067,0.007676663600174941,0.7917518730819427,25,20,10
1,9228,0.09900534506155849,0.07867284002448315,0.029953735277589395,0.7923680796363678,25,20,10
1,9229,0.07975143558858595,0.06325657541915918,0.07184339475552867,0.7851485942367255,25,20,10
1,9230,0.04374751084203961,0.07863249938040597,0.08608047101636072,0.7915395187611942,25,20,10
1,9231,0.04058791806051824,0.03882042286106884,0.12293288393133084,0.7976587751470846,25,20,10
1,9232,0.03575364761671516,0.04003055751518128,0.13779729324094236,0.7864185016271611,25,20,10
1,9233,0.09525883630508186,0.03994611890977885,0.08861662869398951,0.7761784160911509,25,20,10
1,9234,0.09106142476936363,0.0393477168874196,0.0822318749488503,0.787358983394366,25,20,10
1,9235,0.09140849019163799,0.0399402704319822,0.0811892718268223,0.7874619675495574,25,20,10
1,9236,0.12071099891160998,0.03873125866689321,0.042390556225668646,0.798167186195827,25,20,10
1,9237,0.08640118138815892,0.039969793320104155,0.07465884385398168,0.7989701814377547,25,20,10
1,9238,0.11758778971101971,0.03996783746192699,0.0485962826498143,0.7938480901772387,25,20,10
1,9239,0.11118053164105847,0.03826472004064722,0.0518026627653965,0.7987520855528975,25,20,10
1,9240,0.14588777747318502,0.039948483508483845,0.061518297551634564,0.7526454414666952,25,20,10
1,9241,0.10670750809378549,0.0399545280842765,0.11020644185315266,0.7431315219687891,25,20,10
1,9242,0.12025755924329262,0.03995455941179042,0.08906742527636606,0.7507204560685545,25,20,10
1,9243,0.15471616218043302,0.03994578110868181,0.04643514604730985,0.7589029106635751,25,20,10
1,9244,0.15595043065939518,0.03873960662835516,0.05753531931182034,0.7477746434004297,25,20,10
1,9245,0.15951657273273953,0.01416780740774865,0.08795857115741644,0.7383570487020948,25,20,10
1,9246,0.12934165485139648,0.014168346056343175,0.11325330066171517,0.7432366984305468,25,20,10
1,9247,0.15869298894278241,0.01123266116624646,0.08268056013820138,0.7473937897527696,25,20,10
1,9248,0.14599876177040488,0.011232959738147872,0.12117976234622928,0.7215885161452187,25,20,10
1,9249,0.15211439045345057,0.011233656088151538,0.13287466975486562,0.7037772837035361,25,20,10
1,9250,0.17814966667364374,0.010231446308610573,0.09354626788084969,0.7180726191368971,25,20,10
1,9251,0.20131799706682613,0.039955076352702464,0.04639320254611372,0.7123337240343577,25,20,10
1,9252,0.21357297099717168,0.03826252981725109,0.025313470272471647,0.722851028913106,25,20,10
1,9253,0.2059189509750125,0.038254640620836444,0.03091794545612222,0.7249084629480287,25,20,10
1,9254,0.1993367424779569,0.04004340335196555,0.04177111753376777,0.7188487366363094,25,20,10
1,9255,0.16050411807136122,0.039936517214084664,0.09391887449701052,0.7056404902175447,25,20,10
1,9256,0.1802410198671601,0.04007772593792361,0.04657749028612223,0.7331037639087942,25,20,10
1,9257,0.17856255068360788,0.039962631035836485,0.06226602775183828,0.719208790528716,25,20,10
1,9258,0.17550036442330808,0.03996971956596166,0.06567378238846378,0.7188561336222662,25,20,10
1,9259,0.14489623520449968,0.03906855210653899,0.060381570041816976,0.7556536426471445,25,20,10
1,9260,0.19244144001733587,0.039946643847998446,0.021542660213377612,0.7460692559212876,25,20,10
1,9261,0.1896493390929745,0.038741136028851805,0.01996277195283341,0.7516467529253396,25,20,10
1,9262,0.19006937768229487,0.020881091694211103,0.03738693054018215,0.7516626000833132,25,20,10
1,9263,0.15261201500684593,0.03777940126576604,0.06036864967592452,0.7492399340514639,25,20,10
1,9264,0.17990763075504604,0.03984968791638394,0.0235905488711777,0.7566521324573923,25,20,10
1,9265,0.18509658231538922,0.03984969343588232,0.015708171831994834,0.7593455524167332,25,20,10
1,9266,0.12614362194572254,0.03954222231344267,0.06486994453690068,0.7694442112039335,25,20,10
1,9267,0.14521561369652003,0.03933616155203746,0.03618796854797334,0.7792602562034694,25,20,10
1,9268,0.15130965791144216,0.0393464492802976,0.06332491547333548,0.746018977334925,25,20,10
1,9269,0.12903045068123956,0.03933579089422658,0.07546337640972917,0.7561703820148044,25,20,10
1,9270,0.12843186803558007,0.03933579089711591,0.07373960538460204,0.7584927356827014,25,20,10
1,9271,0.09428210185416042,0.0010689309500095986,0.1466319444434544,0.7580170227523779,25,20,10
1,9272,0.08961923307022517,0.0010689485991087005,0.14961663821437166,0.7596951801162938,25,20,10
1,9273,0.09690690378337687,9.432086366570056e-07,0.17970132385269064,0.7233908291552937,25,20,10
1,9274,0.08519828890277284,1.1593523368237978e-05,0.20457941221303297,0.7102107053608244,25,20,10
1,9275,0.11038829657131442,1.8511281212640094e-05,0.1691333192720398,0.720459872875433,25,20,10
1,9276,0.1237510441913785,8.547178383145154e-05,0.15817638589316838,0.7179870981316222,25,20,10
1,9277,0.13144023008275826,3.463952330763296e-08,0.11781098824958626,0.750748747028132,25,20,10
1,9278,0.12415617069811943,4.950510774046339e-09,0.0853143296290567,0.7905294947223129,25,20,10
1,9279,0.09904311262288225,2.1003481013211342e-08,0.10948894749228595,0.7914679188813516,25,20,10
1,9280,0.10833387221180693,2.4512641143941246e-06,0.09839959948921408,0.7932640770348685,25,20,10
1,9281,0.09492809655781756,0.014260210321209318,0.0836042237727063,0.8072074693482664,25,20,10
1,9282,0.11635743631131898,0.03873694865106184,0.05068992871966464,0.7942156863179538,25,20,10
1,9283,0.14141473641263533,0.03991860860800463,0.019799004715630043,0.7988676502637293,25,20,10
1,9284,0.14591421146492117,0.03997931198796994,0.02219695223713406,0.7919095243099741,25,20,10
1,9285,0.15482702054629316,0.03997649304663495,0.006933784798587084,0.7982627016084843,25,20,10
1,9286,0.1402585165960951,0.03997650409005129,0.021933886979957896,0.7978310923338945,25,20,10
1,9287,0.12237824273783168,1.957191079096341e-05,0.07878417022446477,0.7988180151269124,25,20,10
1,9288,0.16059455259088373,1.2870677239167773e-08,0.04090180523658832,0.7985036293018496,25,20,10
1,9289,0.16716787771466823,7.489994455432586e-10,0.03438397554336782,0.798448145992964,25,20,10
1,9290,0.14660932911909746,0.00019001280053586767,0.07005942119551467,0.7831412368848505,25,20,10
1,9291,0.1364997169630835,0.00018472007538581037,0.07151841195293433,0.7917971510085948,25,20,10
1,9292,0.15797084507692175,1.0117121375497575e-10,0.04567590533459375,0.7963532494873123,25,20,10
1,9293,0.10746616052576238,9.35878803367378e-09,0.09292966906068151,0.7996041610547691,25,20,10
1,9294,0.0948261673029577,2.0310211635894925e-06,0.07957635941058987,0.8255954422652885,25,20,10
1,9295,0.06077117416712035,0.000674175299286312,0.11226125915866987,0.8262933913749257,25,20,10
1,9296,0.04812120947439644,0.0006740516059986017,0.12871832632780122,0.8224864125918032,25,20,10
1,9297,0.08318579822044841,0.008930392360975974,0.10045045088178796,0.8074333585367894,25,20,10
1,9298,0.08366685052086634,0.033474942146986736,0.05778029415178737,0.8250779131803602,25,20,10
1,9299,0.08371077026716564,0.04844409771875875,0.02996293957216638,0.8378821924419093,25,20,10
1,9300,0.07653038018868126,0.040320951432989444,0.046393184200065454,0.8367554841782643,25,20,10
1,9301,0.10269761961522296,0.03935567349068196,0.0206653615992034,0.8372813452948905,25,20,10
1,9302,0.0981124411339272,0.0382029892723491,0.030255019593362308,0.833429550000361,25,20,10
1,9303,0.10922736503289636,0.038203608426066994,0.04033188540894289,0.8122371411320931,25,20,10
1,9304,0.11898436406171214,0.03871918149829754,0.03968546897789426,0.8026109854620955,25,20,10
1,9305,0.0014299490057517123,0.03871792763816245,0.20445610959259294,0.7553960137634915,25,20,10
1,9306,0.005636360464986724,0.03994123970144335,0.1270248907495107,0.8273975090840624,25,20,10
1,9307,0.0444202934585598,0.03930601308296881,0.09446983388613049,0.8218038595723408,25,20,10
1,9308,0.0813984784840343,0.03995494401599397,0.046295229587904316,0.8323513479120678,25,20,10
1,9309,0.07724994190445812,0.03995486129557252,0.08253183106324995,0.8002633657367211,25,20,10
1,9310,0.10573312098266188,0.03995561262765639,0.05377886839962865,0.8005323979900535,25,20,10
1,9311,0.09569383975334732,0.03938815863402062,0.06456690572036856,0.8003510958922623,25,20,10
1,9312,0.10738514240154765,0.039387407334978766,0.05451251304762555,0.7987149372158477,25,20,10
1,9313,0.09845692918231475,0.039387417946967686,0.059407789251624286,0.8027478636190921,25,20,10
1,9314,0.09639490884200942,0.03997613982704122,0.06484035358828645,0.7987885977426634,25,20,10
1,9315,0.10162510685983057,0.039976130771289614,0.05943420823172103,0.7989645541371594,25,20,10
1,9316,0.09596149255539066,0.03997613050618194,0.0655944826368371,0.7984678943015898,25,20,10
1,9317,0.0876344326885122,0.03997615869243479,0.03427957482318331,0.8381098337958687,25,20,10
1,9318,0.08268825277412387,0.03821933810113447,0.03916161801745039,0.839930791107292,25,20,10
1,9319,0.0888419326840047,0.00027255470936724034,0.07448213651409255,0.8364033760925353,25,20,10
1,9320,0.10225905278974887,0.000273049279219855,0.09853041996311877,0.7989374779679136,25,20,10
1,9321,0.14298545436838486,7.724954071077088e-06,0.05756712332909633,0.7994396973484466,25,20,10
1,9322,0.1313770467288437,2.932237504853588e-05,0.09020662669224418,0.7783870042038632,25,20,10
1,9323,0.11501200326555953,7.998178497433746e-07,0.09246672619181902,0.7925204707247734,25,20,10
1,9324,0.11630402479837791,8.21976473461007e-07,0.10369840180446716,0.7799967514206816,25,20,10
1,9325,0.07601961391676147,0.00025975634333176746,0.13153359137517076,0.792187038364737,25,20,10
1,9326,0.0010110613666255825,5.828651796167815e-08,0.200462662293495,0.7985262180533594,25,20,10
1,9327,0.0038308971051100957,0.00039431580588192587,0.2051504563042562,0.7906243307847493,25,20,10
1,9328,0.049180337797038245,0.0033447895869341228,0.15449328012395605,0.7929815924920743,25,20,10
1,9329,0.05026795823175961,0.0007495017726024325,0.15593851935114328,0.7930440206444971,25,20,10
1,9330,0.15003774207047227,1.9665715747736838e-05,0.055888930731448905,0.7940536614823303,25,20,10
1,9331,0.18636764515090232,1.081588442220798e-07,0.02120557057493882,0.792426676115314,25,20,10
1,9332,0.18626016628130737,1.0814131461059383e-07,0.014703086629730553,0.7990366389476472,25,20,10
1,9333,0.18993398000829623,1.121280955775136e-07,0.011721127631810636,0.7983447802317976,25,20,10
1,9334,0.16335739602997207,8.039541601393195e-06,0.05762476220286444,0.7790098022255627,25,20,10
1,9335,0.15612081606330594,8.045968682025731e-06,0.05075538500938319,0.7931157529586289,25,20,10
1,9336,0.11409735020279632,8.045873073382516e-06,0.11889896364521771,0.7669956402789149,25,20,10
1,9337,0.15990260944421528,8.274482355917431e-06,0.1086589729067446,0.7314301431666863,25,20,10
1,9338,0.15977809241376204,8.089474021970046e-06,0.08195321154744947,0.758260606564769,25,20,10
1,9339,0.15411432304305506,6.5802487182724486e-09,0.05691632391829365,0.7889693464584027,25,20,10
1,9340,0.1580015366969519,3.610559345217641e-05,0.0438675464237968,0.7980948112857982,25,20,10
1,9341,0.1466070948248991,3.6137841065070294e-05,0.054370757064375524,0.7989860102696595,25,20,10
1,9342,0.12078167267367391,1.7714156815319414e-08,0.08048118739055747,0.7987371222216157,25,20,10
1,9343,0.1751596060802521,5.994483214334705e-08,0.011005885243251906,0.8138344487316637,25,20,10
1,9344,0.1516898313898294,6.869128810230636e-08,0.032290542983961106,0.81601955693492,25,20,10
1,9345,0.13583137025165354,1.150342924419432e-07,0.05359917113121418,0.8105693435828393,25,20,10
1,9346,0.10360386751196243,7.973955961122571e-08,0.03731905592178268,0.8590769968266946,25,20,10
1,9347,0.10577113634728724,1.3063259866797782e-08,0.045413751098065294,0.8488150994913874,25,20,10
1,9348,0.09691436183399443,5.991587743911091e-07,0.07587250125033203,0.8272125377568984,25,20,10
1,9349,0.09942984509990813,2.457838209025929e-08,0.07621429655779335,0.8243558337639152,25,20,10
1,9350,0.15253174844904568,1.4957344104263995e-08,0.02313690966619561,0.8243313269274143,25,20,10
1,9351,0.13872564977641505,1.7106937807264673e-08,0.03684793811879523,0.824426394997852,25,20,10
1,9352,0.13921488008577668,1.5688919981388244e-08,0.057339903837227396,0.8034452003880762,25,20,10
1,9353,0.10019305707386784,1.5781971460525612e-08,0.060726098571739474,0.8390808285724198,25,20,10
1,9354,0.13812840798792256,3.117128657924301e-08,0.05802987365535927,0.8038416871854313,25,20,10
1,9355,0.15850438478510645,2.885495302501041e-07,0.042192450575792996,0.7993028760895702,25,20,10
1,9356,0.12006309418350605,2.8350233578776803e-07,0.09200321643259514,0.7879334058815644,25,20,10
1,9357,0.12434133702933804,2.643222026056913e-07,0.07622131351044692,0.7994370851380117,25,20,10
1,9358,0.08045268757305898,1.1092725792476011e-06,0.12054692019408461,0.7989992829602796,25,20,10
1,9359,0.10629282840682297,3.278631537135297e-07,0.09449225802120723,0.7992145857088176,25,20,10
1,9360,0.10608119995431467,6.520939639146587e-07,0.1007680642773664,0.7931500836743552,25,20,10
1,9361,0.11485583769130081,1.605745094666025e-05,0.09247409262422758,0.7926540122335268,25,20,10
1,9362,0.08401976061709732,5.2542338740868435e-08,0.12280969118642063,0.7931704956541467,25,20,10
1,9363,0.06046272272397636,8.151164395895948e-10,0.15824625334065825,0.781291023120254,25,20,10
1,9364,0.05077050370490735,4.693784228511331e-05,0.15629666044651522,0.7928858980062928,25,20,10
1,9365,0.052845959221760844,2.1201379125168427e-06,0.20271515319965602,0.7444367674406693,25,20,10
1,9366,0.0585810104432613,1.2622731974008528e-08,0.21869781271161387,0.7227211642223917,25,20,10
1,9367,0.12579650374946547,0.01571677856479535,0.13886491639211823,0.7196218012936245,25,20,10
1,9368,0.15103688353071199,0.03821161246372654,0.09040610115159776,0.7203454028539643,25,20,10
1,9369,0.1337423942406815,0.039976674779340644,0.11836383629032653,0.7079170946896538,25,20,10
1,9370,0.1357242241247665,0.024494724254892374,0.12071150754470363,0.7190695440756416,25,20,10
1,9371,0.15698853253565567,0.014167252108972895,0.10093195356258901,0.7279122617927833,25,20,10
1,9372,0.1533893915829801,0.0007775989959567153,0.12676782666971984,0.7190651827513459,25,20,10
1,9373,0.07186424547476988,5.203175361425036e-05,0.20829207523125884,0.7197916475403596,25,20,10
1,9374,0.07597116410398774,0.038305718695358065,0.20956199343698517,0.6761611237636687,25,20,10
1,9375,0.11363056197998757,0.03933385739199035,0.16886221200109106,0.6781733686269338,25,20,10
1,9376,0.08541879554459458,0.041028680963220744,0.1946229120306221,0.6789296114615611,25,20,10
1,9377,0.12964117804285835,0.06187438267150635,0.1681921175197832,0.6402923217658544,25,20,10
1,9378,0.1307144120129074,0.061874379995101966,0.17910837803872182,0.6283028299532689,25,20,10
1,9379,0.1241542667498481,0.07987744217548035,0.16757296776276678,0.6283953233119071,25,20,10
1,9380,0.13243229291323197,0.07987754586753013,0.1908034886296641,0.5968866725895764,25,20,10
1,9381,0.17838840998552413,0.07947170052883647,0.11094739600410136,0.6311924934815397,25,20,10
1,9382,0.16075486749523712,0.07947390883936355,0.12284423847795153,0.6369269851874497,25,20,10
1,9383,0.1469524564212687,0.07947176830177911,0.13462450298027362,0.6389512722966798,25,20,10
1,9384,0.09526029818362737,0.07876827576296926,0.17346406636530087,0.6525073596881047,25,20,10
1,9385,0.07797400208437076,0.06122558995877125,0.20672447107424038,0.6540759368826145,25,20,10
1,9386,0.07438418559848438,0.06116818378347484,0.21875699521674977,0.6456906354012903,25,20,10
1,9387,0.12820413291870592,0.07869583766131623,0.1500831493911305,0.6430168800288473,25,20,10
1,9388,0.1571177824698707,0.0407427436312425,0.15919610331367764,0.6429433705852106,25,20,10
1,9389,0.18611697447741585,0.03996333988573604,0.17147337205694296,0.6024463135799092,25,20,10
1,9390,0.19459836066946576,0.039963328675857744,0.12625499799581205,0.6391833126588665,25,20,10
1,9391,0.21708052644765058,0.03822740154414108,0.10552631476362294,0.6391657572445874,25,20,10
1,9392,0.22348936916895779,0.03873484166702048,0.09931114836340134,0.6384646408006214,25,20,10
1,9393,0.159612797241153,0.03968220018611996,0.16035729312826416,0.6403477094444651,25,20,10
1,9394,0.0714112336612534,0.04007260139709778,0.2482076080188845,0.6403085569227633,25,20,10
1,9395,0.028626723030915863,0.040129413165160506,0.2932933804419563,0.6379504833619672,25,20,10
1,9396,0.029706143359123506,9.301177322533173e-05,0.33679011096631783,0.6334107339013313,25,20,10
1,9397,0.04548642347122582,0.0008525730976049567,0.32240186221502865,0.6312591412161426,25,20,10
1,9398,0.0896255174990324,8.904396763443194e-05,0.2709839661356344,0.6393014723976971,25,20,10
1,9399,0.16088019220930722,0.00010284349648767654,0.19976400734083063,0.6392529569533733,25,20,10
1,9400,0.159602376833338,9.629535247454216e-05,0.20103612743861785,0.6392652003755694,25,20,10
1,9401,0.15462283490797452,2.1518100728419573e-05,0.2058502884515198,0.6395053585397764,25,20,10
1,9402,0.08373389561636431,5.656604698550912e-05,0.2922005200376917,0.6240090182989593,25,20,10
1,9403,0.1158569835471208,2.4286795588109096e-05,0.2643662304600228,0.6197524991972703,25,20,10
1,9404,0.15996613222167413,6.786376691885758e-06,0.2209437145356607,0.6190833668659713,25,20,10
1,9405,0.17988065906902803,2.8726495855088305e-05,0.18142432967785727,0.6386662847572581,25,20,10
1,9406,0.2005342355477485,7.163420840138012e-06,0.1607396613443496,0.6387189396870645,25,20,10
1,9407,0.2584039193956846,7.179585641627946e-06,0.10305991795907626,0.6385289830595977,25,20,10
1,9408,0.25724624756671416,1.3025258490934261e-05,0.10537091627016318,0.6373698109046332,25,20,10
1,9409,0.2775796803928266,1.0801307163084215e-06,0.07259903856222995,0.6498202009142257,25,20,10
1,9410,0.21502836892656327,1.1321875592551882e-06,0.13533158471940776,0.6496389141664687,25,20,10
1,9411,0.25015573130491203,1.2823632677610689e-05,0.07070117029875937,0.6791302747636496,25,20,10
1,9412,0.21603405057570907,1.4911919513032586e-05,0.11648622923865322,0.667464808266129,25,20,10
1,9413,0.20879998691911367,1.8966412143337283e-07,0.11817746580984055,0.6730223576069256,25,20,10
1,9414,0.19178461881350986,1.7142615647263186e-07,0.1494679822160999,0.6587472275442362,25,20,10
1,9415,0.1607409266674714,1.4434023507824906e-05,0.1663770888019789,0.6728675505070433,25,20,10
1,9416,0.160911317476884,3.3662712530941994e-07,0.16635551333831447,0.6727328325576793,25,20,10
1,9417,0.14797568662449906,0.015018168266898734,0.1640526985670401,0.6729534465415632,25,20,10
1,9418,0.11142370322255196,0.03992686325629244,0.18719279430077787,0.6614566392203806,25,20,10
1,9419,0.10044017551205336,0.03994466610374712,0.18143467087006987,0.6781804875141314,25,20,10
1,9420,0.09635536174837644,0.039943688918129786,0.1851182353597498,0.6785827139737473,25,20,10
1,9421,0.14572766733897896,0.03992677244506672,0.16178194471440613,0.6525636155015495,25,20,10
1,9422,0.1806395461740279,0.03994575355138253,0.1273326670354283,0.652082033239164,25,20,10
1,9423,0.16361262368743404,0.0399274795025941,0.105443575106462,0.6910163217035102,25,20,10
1,9424,0.15001277500544674,0.038735021103395786,0.09877496974485635,0.7124772341463018,25,20,10
1,9425,0.1724312172488638,0.0002727868988407729,0.11433568340624474,0.7129603124460538,25,20,10
1,9426,0.14928952788076089,0.0002741091180333926,0.137850085941468,0.7125862770597386,25,20,10
1,9427,0.11966848371339159,0.00029299303583965,0.15993031263965224,0.7201082106111193,25,20,10
1,9428,0.06514531221925098,0.0166351229890552,0.19744723151347374,0.7207723332782189,25,20,10
1,9429,0.06926549740397218,0.016605190642456878,0.18590169571465276,0.7282276162389184,25,20,10
1,9430,0.049365624919797,0.0407731661746139,0.16505186153704013,0.7448093473685503,25,20,10
1,9431,0.02863923390643188,0.039928869156251184,0.22387361298984082,0.7075582839474782,25,20,10
1,9432,0.042235193961410816,0.03992848201111677,0.15946319342824888,0.7583731305992261,25,20,10
1,9433,0.08562833375480965,0.05969881562411257,0.09617864084766203,0.7584942097734166,25,20,10
1,9434,0.0833192740195301,0.060742927315865024,0.0969786901730647,0.7589591084915414,25,20,10
1,9435,0.0813838460339227,0.07871184408298344,0.08108512583316424,0.7588191840499308,25,20,10
1,9436,0.058066070628420216,0.05991748908073837,0.1225473014509634,0.7594691388398773,25,20,10
1,9437,0.04089510473279172,0.0601118734399522,0.15199273503153204,0.7470002867957262,25,20,10
1,9438,0.01569553043061961,0.07765098002049514,0.14786009944325787,0.7587933901056272,25,20,10
1,9439,0.04386057649814143,0.07865664397395364,0.12984081900645994,0.7476419605214438,25,20,10
1,9440,0.0417775392280808,0.07743494426729298,0.13269406204488887,0.7480934544597423,25,20,10
1,9441,0.05512432103394189,0.08060815683242821,0.15634053923391844,0.707926982899714,25,20,10
1,9442,0.09581878940844415,0.07991575112525379,0.10538497903413262,0.7188804804321713,25,20,10
1,9443,0.09657893863856065,0.08075520094722137,0.10370245549635677,0.7189634049178616,25,20,10
1,9444,0.12136560531489984,0.04074021845689144,0.11884411705536663,0.7190500591728447,25,20,10
1,9445,0.1821894017783314,0.03873354123251553,0.0559887042973412,0.7230883526918103,25,20,10
1,9446,0.1839700564454346,0.03994912621346557,0.05526888086595053,0.7208119364751491,25,20,10
1,9447,0.22762519974481463,0.03870558994625531,0.012248108107940303,0.7214211022009894,25,20,10
1,9448,0.2068661089671793,0.03997155583171827,0.036974929587989404,0.7161874056131137,25,20,10
1,9449,0.1474190636329875,0.03933194879396335,0.1010809435775818,0.7121680439954713,25,20,10
1,9450,0.150806585384036,0.039334584748153864,0.08882288751372323,0.7210359423540876,25,20,10
1,9451,0.170033675736608,0.039331969728340785,0.07132146119699623,0.7193128933380543,25,20,10
1,9452,0.1574257756022413,0.03904013055377334,0.12436806410866716,0.6791660297353195,25,20,10
1,9453,0.16944771968062913,0.038733618135845534,0.11961176337573753,0.6722068988077886,25,20,10
1,9454,0.1457757446784455,0.03873616016585962,0.11029976397177117,0.7051883311839233,25,20,10
1,9455,0.17963327353523897,0.024518606260383668,0.08416754501624756,0.7116805751881299,25,20,10
1,9456,0.187530481166168,0.024515205029576187,0.10635692052523468,0.6815973932790231,25,20,10
1,9457,0.1523846749106445,0.03917788424661138,0.12933553745361245,0.6791019033891332,25,20,10
1,9458,0.13982643371870163,0.03536512532026561,0.14947512768475238,0.6753333132762828,25,20,10
1,9459,0.13883475183759247,0.035384649666152936,0.1465145256641554,0.6792660728320989,25,20,10
1,9460,0.07939281262586252,0.03571273544284694,0.20426536575459583,0.6806290861766959,25,20,10
1,9461,0.10016982451146514,0.07947739133341128,0.1557326618735582,0.6646201222815686,25,20,10
1,9462,0.1207432163393747,0.0794477096933496,0.13504821275011328,0.664760861217163,25,20,10
1,9463,0.16052778019723704,0.05118673130674724,0.11008934853556053,0.6781961399604549,25,20,10
1,9464,0.16041938933128616,0.07989316063596481,0.08613779642644027,0.6735496536063088,25,20,10
1,9465,0.18127437642220795,0.07825101409983873,0.06211252128681995,0.6783620881911335,25,20,10
1,9466,0.1461060902705433,0.11675317317229608,0.06686207593374044,0.6702786606234209,25,20,10
1,9467,0.14689996022972898,0.11738106665044898,0.05807366469059858,0.6776453084292234,25,20,10
1,9468,0.12037505673840672,0.09394329378095509,0.10758337878133797,0.678098270699305,25,20,10
1,9469,0.12099041916129986,0.11669936478606475,0.08445051020262062,0.6778597058500153,25,20,10
1,9470,0.11577403961461334,0.11508598326778534,0.09940137397537649,0.6697386031422248,25,20,10
1,9471,0.12238190857892514,0.078229408784442,0.18213544385781533,0.6172532387788197,25,20,10
1,9472,0.12672146352875793,0.03800335940296864,0.20642243344530845,0.6288527436229664,25,20,10
1,9473,0.12087497597240093,0.04002687393932389,0.19597368506210405,0.6431244650261735,25,20,10
1,9474,0.1151435721812983,0.039121291004852045,0.17190200699873245,0.6738331298151169,25,20,10
1,9475,0.11964360697175934,0.04034127341731923,0.1339278247564103,0.706087294854513,25,20,10
1,9476,0.16215510626464938,0.026024113312447805,0.10724447593897152,0.7045763044839312,25,20,10
1,9477,0.13931971467330337,0.025645384222810777,0.07590044150191355,0.7591344596019725,25,20,10
1,9478,0.15811279639597753,0.03999812188920998,0.07909294396653581,0.7227961377482768,25,20,10
1,9479,0.1571465927379046,0.014167304410709363,0.12047319857853804,0.7082129042728499,25,20,10
1,9480,0.1606280274045582,0.010815372144594665,0.12050079150406885,0.7080558089467798,25,20,10
1,9481,0.16102650360465165,0.03873005562490071,0.08140771796418317,0.7188357228062645,25,20,10
1,9482,0.16324330209913135,0.03873127015267328,0.08419884534181396,0.7138265824063804,25,20,10
1,9483,0.15491102554630629,0.039131275376519364,0.10766376923131706,0.6982939298458581,25,20,10
1,9484,0.1818734541157359,0.03913128077830918,0.06491517226631925,0.7140800928396352,25,20,10
1,9485,0.15266325487345045,0.011633691837504416,0.13430936662716905,0.7013936866618786,25,20,10
1,9486,0.09981323207096425,0.05464455298207389,0.14408110869725285,0.7014611062497107,25,20,10
1,9487,0.12391244390183181,0.041017860522152866,0.12258507579249328,0.7124846197835238,25,20,10
1,9488,0.138206641821748,0.039940476964249606,0.10721805198013946,0.7146348292338639,25,20,10
1,9489,0.12324184649487639,0.038241086428561985,0.1267665114777234,0.7117505555988382,25,20,10
1,9490,0.12098068633177218,0.03994475587586513,0.12720894296412644,0.7118656148282371,25,20,10
1,9491,0.11672038780916427,0.03991317459457486,0.12611631463075915,0.7172501229655011,25,20,10
1,9492,0.11125217981099046,0.03870640438919491,0.09947054164941958,0.7505708741503964,25,20,10
1,9493,0.13688123821779039,0.03995485067778533,0.0726460016143441,0.7505179094900803,25,20,10
1,9494,0.19438339596408255,0.039954612622244354,0.007145982620575682,0.7585160087930976,25,20,10
1,9495,0.167317998403549,0.039954615676413625,0.042984784435247156,0.7497426014847902,25,20,10
1,9496,0.18496680032320015,0.03994095181672962,0.016808653782125923,0.7582835940779442,25,20,10
1,9497,0.12767429238923608,0.039923710168026476,0.07392301098402251,0.7584789864587149,25,20,10
1,9498,0.09734573724327872,0.04388941443059615,0.10008024870823623,0.7586845996178863,25,20,10
1,9499,0.1310228125552721,0.03993241876742073,0.08244262016900347,0.7466021485083033,25,20,10
1,9500,0.11956885158823,0.03825960786753404,0.08888303716113827,0.7532885033830995,25,20,10
1,9501,0.08682214205704936,0.021112595586476917,0.13906721418171655,0.7529980481747585,25,20,10
1,9502,0.09146858008207749,0.021112673017051494,0.13560901399583547,0.7518097329050368,25,20,10
1,9503,0.10239946450887856,0.039537162050300154,0.09944952149216527,0.7586138519486557,25,20,10
1,9504,0.15938268831778463,0.03996936425954025,0.0421029434781436,0.7585450039445295,25,20,10
1,9505,0.1474010944978961,0.03987185758010308,0.06545029414143333,0.7472767537805661,25,20,10
1,9506,0.10261043383352586,0.01416604285196832,0.09712247547342548,0.7861010478410807,25,20,10
1,9507,0.09369142403895755,0.021545128384895834,0.09923339341011647,0.7855300541660312,25,20,10
1,9508,0.027884429635425846,0.022385549460816893,0.16511585304851978,0.7846141678552372,25,20,10
1,9509,0.09625190123318635,0.04076442134897561,0.07839615918741848,0.7845875182304183,25,20,10
1,9510,0.11349859763740541,0.03992373560334943,0.04906885996544537,0.7975088067937998,25,20,10
1,9511,0.12232086584454632,0.03993894622361039,0.050029491184102694,0.7877106967477393,25,20,10
1,9512,0.14091373739083055,0.040479097160027976,0.033399509915190743,0.78520765553395,25,20,10
1,9513,0.1390680040317566,0.04047922330574179,0.02645758560355567,0.7939951870589455,25,20,10
1,9514,0.1249960365462202,0.02314993618935925,0.05845982363216841,0.7933942036322509,25,20,10
1,9515,0.1682446702431247,0.023149862958249712,0.02861312577557535,0.7799923410230488,25,20,10
1,9516,0.12257112110471846,0.04002705231871257,0.04424504947552406,0.7931567771010439,25,20,10
1,9517,0.08249263466444319,0.03993066214656389,0.08345477132701086,0.794121931861982,25,20,10
1,9518,0.08179852875938025,0.03992349251686815,0.08467562318001909,0.7936023555437325,25,20,10
1,9519,0.07007842295774908,0.03870719143743216,0.09232770085646655,0.7988866847483539,25,20,10
1,9520,0.06951619860918455,0.03869961290107965,0.09441770516004679,0.7973664833296905,25,20,10
1,9521,0.10824185600344656,0.03825379022657678,0.06324574835739141,0.790258605412585,25,20,10
1,9522,0.11454432696116096,0.03825383400683733,0.06159024558152641,0.7856115934504747,25,20,10
1,9523,0.09585051875952928,0.038235573964953036,0.062427331525017886,0.8034865757504999,25,20,10
1,9524,0.0908774296551693,0.03823432282456641,0.0848046419337682,0.7860836055864996,25,20,10
1,9525,0.12540689041221953,0.0007697776988337868,0.08307829443002865,0.7907450374589198,25,20,10
1,9526,0.08550931334339415,3.256326426956012e-05,0.1266500910183732,0.7878080323739677,25,20,10
1,9527,0.07552184272361882,6.747302188870147e-06,0.1250518190203589,0.7994195909538382,25,20,10
1,9528,0.07696894587326299,1.4531874200909074e-06,0.12372663091229871,0.7993029700270209,25,20,10
1,9529,0.07581019229718292,1.4518837606305315e-06,0.12546411799233773,0.798724237826719,25,20,10
1,9530,0.10369391495537139,1.4516373951846333e-06,0.09740048709772876,0.7989041463095036,25,20,10
1,9531,0.10923935497286594,1.4514205895791215e-06,0.09194894184848774,0.7988102517580564,25,20,10
1,9532,0.17116799074679834,3.5290481304665324e-10,0.041676066230820645,0.7871559426694751,25,20,10
1,9533,0.176178942518955,1.4788335415184502e-08,0.026115182397193917,0.7977058602955158,25,20,10
1,9534,0.17869926453682866,1.4154725575034839e-08,0.02303126747467834,0.7982694538337677,25,20,10
1,9535,0.1631323603681663,1.4157623790998876e-08,0.03796344035131104,0.7989041851228983,25,20,10
1,9536,0.1707176025320331,7.660517310466902e-08,0.03842819158706023,0.7908541292757331,25,20,10
1,9537,0.14954747658325038,1.1113098333592086e-07,0.06841839473216067,0.7820340175536041,25,20,10
1,9538,0.13631667387493945,1.1474547148760481e-06,0.07158296411659276,0.7920992145537521,25,20,10
1,9539,0.15211922308493456,3.728378882438287e-08,0.06583315855532641,0.7820475810759483,25,20,10
1,9540,0.14984542529969216,1.2469315718174788e-06,0.06689399661956298,0.7832593311491712,25,20,10
1,9541,0.12291200406631679,5.998497578083409e-07,0.08305612156795336,0.794031274515972,25,20,10
1,9542,0.15229736592699633,6.312836379325142e-07,0.06213029716070327,0.7855717056286615,25,20,10
1,9543,0.14685183714164132,3.168104152080756e-07,0.05220189050422239,0.8009459555437194,25,20,10
1,9544,0.18086429736293905,1.0412632086118643e-07,0.031602160579791545,0.7875334379309471,25,20,10
1,9545,0.20041567003292254,5.865755139681798e-09,0.012033954093410954,0.7875503700079105,25,20,10
1,9546,0.16719047374363527,5.2385170942216864e-05,0.07762995609014087,0.7551271849952831,25,20,10
1,9547,0.15796866915778446,0.001937457692034803,0.08099578008606516,0.7590980930641185,25,20,10
1,9548,0.22659421386989298,9.446910772486977e-09,0.02651350153108691,0.74689227515211,25,20,10
1,9549,0.17249372107376668,2.195533185004449e-07,0.12720273980907512,0.7003033195638417,25,20,10
1,9550,0.1422443794408762,2.2025010212180662e-07,0.14652952263090244,0.7112258776781205,25,20,10
1,9551,0.13268390625192195,3.5394565481766e-07,0.15517280651731227,0.7121429332851129,25,20,10
1,9552,0.12293575230089777,9.513597756187188e-07,0.17087695878400438,0.7061863375553235,25,20,10
1,9553,0.09740663051993742,8.083753215985031e-05,0.196000676952051,0.7065118549958527,25,20,10
1,9554,0.08329351260246559,8.088466797646481e-05,0.2086957566727873,0.7079298460567683,25,20,10
1,9555,0.1585314186587388,8.081707835038626e-05,0.1213096459676421,0.7200781182952682,25,20,10
1,9556,0.12998299424650828,1.1070059528939743e-07,0.16849614996444187,0.7015207450884573,25,20,10
1,9557,0.10377723060611092,2.4085952132416043e-06,0.18323086718089585,0.7129894936177752,25,20,10
1,9558,0.09129862992913848,2.362754552177223e-06,0.16922613625023897,0.7394728710660705,25,20,10
1,9559,0.15037134665371885,2.793986200362152e-09,0.1170727899753101,0.7325558605769862,25,20,10
1,9560,0.12762847084794898,5.016046775743877e-09,0.1401162217024813,0.7322553024335242,25,20,10
1,9561,0.12867280944287046,3.2933839382660144e-08,0.14152981627446348,0.729797341348828,25,20,10
1,9562,0.16106920035097175,3.101027093077978e-08,0.09263270641807786,0.7462980622206795,25,20,10
1,9563,0.16615710468225464,2.8659431390800038e-08,0.07612274080047687,0.7577201258578361,25,20,10
1,9564,0.14060831646950198,4.636601868546412e-08,0.10129056348257542,0.7581010736819038,25,20,10
1,9565,0.17222578767744068,2.407824719606499e-09,0.06849331277738227,0.7592808971373511,25,20,10
1,9566,0.21406383594868664,9.896517674097103e-06,0.027307444674083324,0.7586188228595556,25,20,10
1,9567,0.1381742272148409,9.897397442126885e-06,0.10327483315608504,0.758541042231633,25,20,10
1,9568,0.07370091533390365,0.0016067054442893219,0.12809489360414855,0.7965974856176604,25,20,10
1,9569,0.11197726375603616,8.852707607358481e-06,0.12658845962515003,0.7614254239112067,25,20,10
1,9570,0.16017037164828327,1.1573330331427323e-05,0.08245286717248711,0.757365187848898,25,20,10
1,9571,0.1652894758382069,3.527600072889108e-06,0.035337574919913205,0.7993694216418058,25,20,10
1,9572,0.14375851514580903,3.552335547840669e-06,0.09407639525439399,0.7621615372642505,25,20,10
1,9573,0.17933765880542352,2.575739318287431e-08,0.06277416281802943,0.7578881526191532,25,20,10
1,9574,0.1447974535312819,8.681070124294203e-10,0.09903462763187194,0.7561679179687388,25,20,10
1,9575,0.14927483193360014,1.2655731193748521e-08,0.09458333645842933,0.7561418189522388,25,20,10
1,9576,0.18312148639501452,6.302147849336806e-07,0.09564687697611461,0.7212310064140884,25,20,10
1,9577,0.1300755395721941,0.0003927725600186256,0.1841511978155106,0.6853804900522776,25,20,10
1,9578,0.16288233589543658,0.021735154697078162,0.13307181337926735,0.68231069602822,25,20,10
1,9579,0.15747149140635833,0.04033559063934609,0.12357494568808787,0.6786179722662099,25,20,10
1,9580,0.11286304545593656,0.011240083770583064,0.19687302276560636,0.6790238480078733,25,20,10
1,9581,0.14496505329028417,0.011240403164081723,0.1824622718062434,0.6613322717393892,25,20,10
1,9582,0.15223857488004197,0.03997798111916097,0.1352889133807128,0.672494530620083,25,20,10
1,9583,0.15573994068741015,0.03824459575425747,0.13756983869202175,0.6684456248663132,25,20,10
1,9584,0.13030956954215342,0.03824476682574052,0.15171484821347886,0.6797308154186298,25,20,10
1,9585,0.1302106957890382,0.0411561856754829,0.193799528218082,0.6348335903173982,25,20,10
1,9586,0.15653521806547324,0.04183125850677768,0.16263852666467574,0.6389949967630725,25,20,10
1,9587,0.15185548574367766,0.040622810384285175,0.17281842230940414,0.6347032815626322,25,20,10
1,9588,0.22160875399726085,0.04063264580198522,0.09851629375999582,0.6392423064407597,25,20,10
1,9589,0.19250031402006054,0.03995835419094674,0.11285974932887266,0.6546815824601201,25,20,10
1,9590,0.2028697809511549,0.03997196138614313,0.11852711146368641,0.6386311461990187,25,20,10
1,9591,0.1721039736757341,0.00011235163389922414,0.18877573569279396,0.639007938997572,25,20,10
1,9592,0.1874106166022576,5.270473086320441e-06,0.1737246307410395,0.6388594821836179,25,20,10
1,9593,0.25885244800671336,3.849885782560211e-08,0.1016684953562401,0.6394790181381894,25,20,10
1,9594,0.24620177053009296,4.1681362726960876e-08,0.13949881544372514,0.6142993723448198,25,20,10
1,9595,0.2551810955389197,3.8336448297236435e-07,0.07602524115510982,0.6687932799414871,25,20,10
1,9596,0.25130626202530215,3.774843788259232e-07,0.0692040971716583,0.6794892633186604,25,20,10
1,9597,0.2539227630999499,1.2835755098194446e-07,0.08224202871264491,0.6638350798298557,25,20,10
1,9598,0.23666579028562443,2.600243494402967e-07,0.09098711930030015,0.6723468303897264,25,20,10
1,9599,0.24317789390660083,2.978113347502594e-07,0.08230261328284022,0.6745191949992246,25,20,10
1,9600,0.20074773149964892,1.7021844176138199e-06,0.17660760439952466,0.6226429619164113,25,20,10
1,9601,0.189135102402659,3.292607001840133e-06,0.18410310656415838,0.626758498426181,25,20,10
1,9602,0.19548537271101943,0.011133189235862262,0.1914625418656473,0.6019188961874705,25,20,10
1,9603,0.14992230188290404,0.03998428197340636,0.1974252467208249,0.612668169422863,25,20,10
1,9604,0.2034443831555097,0.03872994970820736,0.1591495171179602,0.598676150018325,25,20,10
1,9605,0.23119778666599416,0.0387299540666358,0.1708523199161864,0.559219939351185,25,20,10
1,9606,0.23257556654470496,0.03995268311642798,0.1408151192370406,0.5866566311018261,25,20,10
1,9607,0.2041263489713059,0.039974514832213856,0.15533137398156815,0.6005677622149145,25,20,10
1,9608,0.2691006283780982,0.039971258140068786,0.10330148312349854,0.5876266303583355,25,20,10
1,9609,0.3346296391051818,0.03997065132452283,0.04469713965912247,0.580702569911173,25,20,10
1,9610,0.27881043525329535,0.039338122888271994,0.08245644788207224,0.5993949939763629,25,20,10
1,9611,0.2733978095305512,0.03933503276872075,0.08863044752171971,0.5986367101790115,25,20,10
1,9612,0.22893019330016023,0.03894892897334598,0.16959943924517634,0.5625214384813185,25,20,10
1,9613,0.18144960974629964,0.03996331146043536,0.22763570933155353,0.550951369461713,25,20,10
1,9614,0.1206512760155203,0.04329093570775921,0.2772619728518329,0.5587958154248872,25,20,10
1,9615,0.17289156822111162,0.03993980035484586,0.23371625659223405,0.5534523748318071,25,20,10
1,9616,0.14375319991891736,0.03997508817515278,0.2677457264350938,0.5485259854708379,25,20,10
1,9617,0.2538292216223113,0.039975278534457294,0.15816955835631893,0.5480259414869163,25,20,10
1,9618,0.2572523024413811,0.038258576268389376,0.14855576364144774,0.5559333576487822,25,20,10
1,9619,0.26102607779154036,0.024549947889518524,0.15571068103278538,0.558713293286155,25,20,10
1,9620,0.2547304479728417,0.03875037335230677,0.11381087252858228,0.5927083061462722,25,20,10
1,9621,0.2385904221113028,0.03876991972254639,0.12378838296927523,0.5988512751968759,25,20,10
1,9622,0.29283046900846244,0.038734262815014825,0.06975057333388951,0.5986846948426333,25,20,10
1,9623,0.23984284165291153,0.03873436418343092,0.10730350420915186,0.6141192899545069,25,20,10
1,9624,0.27789987508052805,0.040027061013978835,0.08948852548590329,0.5925845384195901,25,20,10
1,9625,0.29918198877563684,0.03868322893835178,0.09978889185450324,0.5623458904315095,25,20,10
1,9626,0.2192810804668512,0.03994579215219535,0.14766878193443106,0.5931043454465249,25,20,10
1,9627,0.24986703513848263,0.03994534803839363,0.12416134369772099,0.5860262731254038,25,20,10
1,9628,0.2560693984216955,0.03994508711029194,0.11486635417245744,0.5891191602955564,25,20,10
1,9629,0.15626733571347476,0.04092667147190929,0.20986209990212623,0.5929438929124886,25,20,10
1,9630,0.16629474566961316,0.038875825509439924,0.20015168592629468,0.5946777428946539,25,20,10
1,9631,0.18577811326987906,0.03996848885963204,0.13823157511866926,0.6360218227518204,25,20,10
1,9632,0.17528655364608167,0.0798852197287179,0.1063303348049339,0.6384978918202671,25,20,10
1,9633,0.16720915161390018,0.07996798053158109,0.11314201312066566,0.639680854733853,25,20,10
1,9634,0.18130524693265315,0.07822649258562976,0.06765729002121602,0.6728109704605015,25,20,10
1,9635,0.13347576342565778,0.07996486742040211,0.10712879118241672,0.6794305779715232,25,20,10
1,9636,0.11688560886152183,0.08078663574650242,0.12418767788108954,0.6781400775108883,25,20,10
1,9637,0.14142189741567246,0.08078663706816526,0.10032221582186426,0.677469249694297,25,20,10
1,9638,0.10328830283140908,0.08078663793670333,0.13883111673513857,0.6770939424967487,25,20,10
1,9639,0.11387957664959102,0.08989217469681206,0.13731756427265082,0.6589106843809506,25,20,10
1,9640,0.11285165433603371,0.08818116814427589,0.12458228682227211,0.6743848906974215,25,20,10
1,9641,0.1589059020455262,0.11631059690152928,0.0456478082875396,0.6791356927654035,25,20,10
1,9642,0.140633164526474,0.11587467632568636,0.06423059934376261,0.6792615598040758,25,20,10
1,9643,0.1715997164689672,0.0988023986689308,0.05127143138491446,0.6783264534771866,25,20,10
1,9644,0.1768559963834056,0.11629684002646695,0.030569820479584023,0.676277343110544,25,20,10
1,9645,0.19409908993833863,0.11804974053526346,0.03515726032582458,0.652693909200574,25,20,10
1,9646,0.1439289017302508,0.1180499050978016,0.08484761334696875,0.6531735798249804,25,20,10
1,9647,0.1358082930422264,0.0934788249256061,0.13204097748109148,0.6386719045510801,25,20,10
1,9648,0.1769984427659303,0.07992199012783624,0.13810265645940076,0.6049769106468351,25,20,10
1,9649,0.14646167085725273,0.06052996267947194,0.201792835642026,0.5912155308212514,25,20,10
1,9650,0.13711309570690355,0.060549768478056626,0.20429702548885223,0.5980401103261861,25,20,10
1,9651,0.13321399662445643,0.05168802254825469,0.23232632995819574,0.5827716508690951,25,20,10
1,9652,0.18090445169727043,0.0798732221721898,0.15664291035359793,0.582579415776944,25,20,10
1,9653,0.15839482717471198,0.07992910040414351,0.16229935299195236,0.5993767194291919,25,20,10
1,9654,0.1308526008342489,0.07825994773127898,0.18844688625520212,0.6024405651792701,25,20,10
1,9655,0.20641425800281166,0.08033901584650753,0.11409438560529833,0.5991523405453821,25,20,10
1,9656,0.20446600054618488,0.07992065489425451,0.11757781118397088,0.5980355333755903,25,20,10
1,9657,0.2046074310972239,0.07950484863128382,0.0780424468228294,0.6378452734486635,25,20,10
1,9658,0.19349396441953598,0.03994589024718962,0.20008056576518546,0.5664795795680899,25,20,10
1,9659,0.18602500748494233,0.07989515636938635,0.17984644387973783,0.554233392265934,25,20,10
1,9660,0.17690240395547566,0.021743390589701955,0.23938649923585106,0.5619677062189721,25,20,10
1,9661,0.17550979791878438,0.05116622018175414,0.21460136444576022,0.5587226174537012,25,20,10
1,9662,0.18516810995824173,0.07984754534100462,0.18379381250690272,0.5511905321938516,25,20,10
1,9663,0.18496586325052639,0.07984756193368758,0.14198113013372166,0.5932054446820656,25,20,10
1,9664,0.18222614315414526,0.07989554798401967,0.13696617821109153,0.6009121306507442,25,20,10
1,9665,0.19870858798334637,0.07980716144990146,0.12198921746498584,0.5994950331017713,25,20,10
1,9666,0.12689008307660854,0.07900003457294927,0.19567200768885942,0.5984378746615813,25,20,10
1,9667,0.09705355069843684,0.06014518763559369,0.2422312193656023,0.6005700423003695,25,20,10
1,9668,0.07351929466925769,0.06014585004241538,0.2643193578305261,0.6020154974578,25,20,10
1,9669,0.1810079935418184,0.050599537374951084,0.17354994036240337,0.5948425287208257,25,20,10
1,9670,0.14747229965546446,0.07870343611258672,0.17032077449088454,0.603503489741064,25,20,10
1,9671,0.17805641580667783,0.07870244829155527,0.12722254404477065,0.6160185918569975,25,20,10
1,9672,0.16103429590734852,0.07990139275064463,0.13121467698852882,0.6278496343534801,25,20,10
1,9673,0.17745314525492545,0.03962602240361975,0.14401587524017553,0.6389049571012795,25,20,10
1,9674,0.18393741055432733,0.039994003678717686,0.10135998218635368,0.674708603580602,25,20,10
1,9675,0.18329834358455352,0.039610382288232764,0.10272057504491404,0.674370699082301,25,20,10
1,9676,0.1832063604920612,0.050004443300462414,0.08857421312840941,0.678214983079068,25,20,10
1,9677,0.19520418589731178,0.06414487296523153,0.06215125567669024,0.6784996854607673,25,20,10
1,9678,0.1897574174859858,0.06414496256041458,0.07174564047925112,0.6743519794743483,25,20,10
1,9679,0.13189295358573438,0.06414511755153174,0.13398602191395978,0.6699759069487754,25,20,10
1,9680,0.06547389404835738,0.039993497969099255,0.21542407316089435,0.6791085348216448,25,20,10
1,9681,0.08758857294876231,0.061895024105813094,0.17162553119265905,0.6788908717527639,25,20,10
1,9682,0.1405345174549239,0.07989555007598097,0.1014288638491911,0.6781410686199074,25,20,10
1,9683,0.17984760328498406,0.07990058377118033,0.0619662200666999,0.6782855928771357,25,20,10
1,9684,0.1676879014770372,0.07823590753579392,0.07517388406118636,0.6789023069259841,25,20,10
1,9685,0.12928362545857358,0.07823588503404884,0.10641097439868964,0.6860695151086914,25,20,10
1,9686,0.19101804215545126,0.07514322132807236,0.02222930671239322,0.711609429804083,25,20,10
1,9687,0.19465131884945516,0.0751432230380716,0.018410567343737864,0.7117948907687353,25,20,10
1,9688,0.16944546738587335,0.04757783902038243,0.07665011495422414,0.7063265786395191,25,20,10
1,9689,0.18950078996163608,0.050654389484999035,0.05362545173361477,0.70621936881975,25,20,10
1,9690,0.1990756977137819,0.07821451377315729,0.017011376943023578,0.7056984115700368,25,20,10
1,9691,0.1993541105046457,0.07987875194128607,0.014315211315955163,0.7064519262381133,25,20,10
1,9692,0.18234282863156498,0.06446683187309132,0.037682411404841624,0.7155079280905017,25,20,10
1,9693,0.1003180865523551,0.07986393907873522,0.09770647399199082,0.7221115003769196,25,20,10
1,9694,0.13435315930441247,0.07690346201352545,0.0670407875524515,0.7217025911296104,25,20,10
1,9695,0.19840074699519453,0.06469257611838175,0.054818688704404844,0.6820879881820197,25,20,10
1,9696,0.1341665838618178,0.07994849129438851,0.10668429024614866,0.679200634597647,25,20,10
1,9697,0.12828784046705072,0.0774572651116468,0.11589331096379026,0.6783615834575136,25,20,10
1,9698,0.10554372205174832,0.07745709080445112,0.1384165505702852,0.6785826365735181,25,20,10
1,9699,0.13967630284190782,0.07990633344648469,0.10119695990914063,0.6792204038024713,25,20,10
1,9700,0.13828960378051305,0.07990645386645755,0.10255600096940859,0.6792479413836225,25,20,10
1,9701,0.09745236022308827,0.07990682060604282,0.14874073677488092,0.673900082395989,25,20,10
1,9702,0.13872951589367824,0.07986633337316829,0.09775973261443818,0.6836444181187151,25,20,10
1,9703,0.1031700566955107,0.07990619847509116,0.135913959753445,0.6810097850759554,25,20,10
1,9704,0.11336131349477079,0.07719042369972541,0.17001868357974487,0.639429579225759,25,20,10
1,9705,0.134519587240072,0.039824630109881784,0.17303839455044262,0.6526173880996043,25,20,10
1,9706,0.13705864570833856,0.039977239529119225,0.18907481070211796,0.6338893040604248,25,20,10
1,9707,0.14860862067521674,0.03994442185773347,0.1728555577238807,0.6385913997431698,25,20,10
1,9708,0.13020940761802446,0.039954800798180166,0.19813864629995312,0.6316971452838446,25,20,10
1,9709,0.11960745602188344,0.03995553408375424,0.20510614051199116,0.6353308693823694,25,20,10
1,9710,0.19386044146182016,0.03994964283398785,0.13489731934887336,0.6312925963553232,25,20,10
1,9711,0.12020436205242638,0.03995149986335226,0.20851876710082504,0.6313253709833968,25,20,10
1,9712,0.10850080107337534,0.02495523585177144,0.23296696892501692,0.6335769941498364,25,20,10
1,9713,0.12059447999399024,0.024518518895944,0.23051096604953794,0.6243760350605275,25,20,10
1,9714,0.20461373695009694,0.03995425706468719,0.14929307099921757,0.6061389349859988,25,20,10
1,9715,0.17548455968444607,0.032113662641487316,0.18501270921760546,0.607389068456462,25,20,10
1,9716,0.180724089137661,0.05792079654602772,0.12267704706778151,0.6386780672485326,25,20,10
1,9717,0.13487901643096642,0.07991789548051863,0.11463836500832655,0.6705647230801902,25,20,10
1,9718,0.18301623140048967,0.0799529660149096,0.06596220712218409,0.6710685954624174,25,20,10
1,9719,0.1875861426558145,0.07671690010629187,0.06446044163102907,0.6712365156068653,25,20,10
1,9720,0.15908649125600952,0.07735086258483102,0.08548705062785908,0.6780755955313008,25,20,10
1,9721,0.19604560436519364,0.07732333478096617,0.04721583570691408,0.679415225146926,25,20,10
1,9722,0.2145207698762058,0.07814942871980309,0.042224214381782595,0.6651055870222085,25,20,10
1,9723,0.19806989855564566,0.08699570393096877,0.04132130393436939,0.6736130935790159,25,20,10
1,9724,0.18673072742830463,0.11985703102718856,0.014037475216642347,0.6793747663278643,25,20,10
1,9725,0.15773344036740014,0.11626995605084786,0.04680875633522686,0.6791878472465248,25,20,10
1,9726,0.1593978226132342,0.11964919447168242,0.041927032456608275,0.6790259504584745,25,20,10
1,9727,0.09664138813256212,0.07994283931870792,0.14483484356383436,0.6785809289848984,25,20,10
1,9728,0.08193233717182707,0.03999869319487181,0.1982410355986156,0.6798279340346819,25,20,10
1,9729,0.0995711700922818,0.03999669895939593,0.1837153284846253,0.6767168024636958,25,20,10
1,9730,0.15994845078420447,0.03997323323700399,0.16864143348758756,0.6314368824912049,25,20,10
1,9731,0.1996015745610114,0.03995298995796308,0.12150602728990409,0.6389394081911225,25,20,10
1,9732,0.1961794964931572,0.03995314936945263,0.12315522865582135,0.6407121254815688,25,20,10
1,9733,0.1930869498589475,0.03993937294424492,0.16147047687010638,0.6055032003267025,25,20,10
1,9734,0.1998225590394753,0.0399709635787071,0.15495047178003352,0.605256005601788,25,20,10
1,9735,0.19844300098672973,0.03997086361722129,0.15896049683920133,0.6026256385568494,25,20,10
1,9736,0.16724898309425718,0.04451603057487775,0.14983456945001644,0.6384004168808516,25,20,10
1,9737,0.12363761333181426,0.04049681930874034,0.1965071516242541,0.6393584157351926,25,20,10
1,9738,0.11889106011328025,0.03926103133382244,0.21386647201870396,0.6279814365341951,25,20,10
1,9739,0.14902686203433863,0.03926159610729676,0.1878477241394433,0.6238638177189216,25,20,10
1,9740,0.18723140298880078,0.014176107103434114,0.16030620264893064,0.6382862872588361,25,20,10
1,9741,0.228203954033625,0.03898837807808025,0.0942990967038393,0.6385085711844599,25,20,10
1,9742,0.2355737105643526,0.03825820040127931,0.0873862782155229,0.6387818108188481,25,20,10
1,9743,0.20737767187338002,0.03828154173851043,0.11491797298346212,0.6394228134046487,25,20,10
1,9744,0.14904223619770407,0.03996911572521064,0.17220500082973506,0.6387836472473516,25,20,10
1,9745,0.15574079630480311,0.03994877054681825,0.16546634345399902,0.6388440896943792,25,20,10
1,9746,0.1689740173001181,0.039948727946993855,0.15248638967937356,0.6385908650735164,25,20,10
1,9747,0.18834685025659567,0.039948782148034226,0.11026293782525723,0.6614414297701161,25,20,10
1,9748,0.1966119855799695,0.03994873021121896,0.0836299254071948,0.6798093588016176,25,20,10
1,9749,0.18944462375462623,0.03997673272796031,0.09135715917848979,0.679221484338924,25,20,10
1,9750,0.2013844178240311,0.03825956852135106,0.08170487631237981,0.6786511373422386,25,20,10
1,9751,0.11514936848998623,0.038784626061665814,0.16772080228686811,0.6783452031614792,25,20,10
1,9752,0.1526636674912226,0.038769429678246314,0.13469068888127148,0.6738762139492609,25,20,10
1,9753,0.09227067939753023,0.03826118251713469,0.19068175157626366,0.6787863865090731,25,20,10
1,9754,0.052011713122781876,0.03995638283601942,0.20337356349550448,0.7046583405456951,25,20,10
1,9755,0.09163734923336182,0.03871711826430562,0.17147276099152275,0.69817277151081,25,20,10
1,9756,0.12498151024861688,0.038716906835004596,0.13115658070468728,0.7051450022116924,25,20,10
1,9757,0.12474267462413875,0.03992359981149656,0.13042235585617756,0.7049113697081895,25,20,10
1,9758,0.0843198561177157,0.039946045056343096,0.15728658739716678,0.7184475114287758,25,20,10
1,9759,0.06569686160589513,0.0391202317553377,0.17453557856017293,0.7206473280785961,25,20,10
1,9760,0.08735266523889047,0.03997690100322285,0.16498870471191432,0.7076817290459759,25,20,10
1,9761,0.11647807750196326,0.03997690135779279,0.13523649314960307,0.7083085279906405,25,20,10
1,9762,0.11984117112538759,0.01416668799240567,0.1728418085611568,0.6931503323210516,25,20,10
1,9763,0.15986293457581083,1.2433649093451027e-05,0.1498572054843188,0.6902674262907812,25,20,10
1,9764,0.12621130864757946,7.516815776564208e-08,0.15484175791079355,0.718946858273473,25,20,10
1,9765,0.10454865629343633,8.140340801295517e-08,0.13771269352539206,0.7577385687777656,25,20,10
1,9766,0.07252530984196094,7.027966836911587e-09,0.1364893912517551,0.7909852918783189,25,20,10
1,9767,0.07867298929213344,1.947481995216595e-08,0.151051993736069,0.7702749974969769,25,20,10
1,9768,0.03220793490995586,1.932161579571246e-08,0.17755094868654367,0.7902410970818888,25,20,10
1,9769,0.044171147181624806,3.4166425250895165e-10,0.16344265066001737,0.7923862018166936,25,20,10
1,9770,0.04169673907167744,6.963116216669383e-07,0.19197161785154268,0.7663309467651598,25,20,10
1,9771,0.08090615969478598,4.016107446404682e-08,0.18736774991105967,0.7317260502330807,25,20,10
1,9772,0.08596940460177752,4.796295575823832e-05,0.16684833482516098,0.7471342976173044,25,20,10
1,9773,0.09150869449290157,4.8871504876695566e-05,0.1467601054065717,0.7616823285956517,25,20,10
1,9774,0.054842824409826865,1.5046107166677762e-07,0.19791184391974767,0.7472451812093551,25,20,10
1,9775,0.1599238604179683,0.0003150481586360516,0.09772131490969038,0.7420397765137071,25,20,10
1,9776,0.15680015523369836,0.0003147895559514912,0.08461342797489715,0.7582716272354543,25,20,10
1,9777,0.16049198211186858,0.00031479007590438273,0.08075635690630836,0.758436870905918,25,20,10
1,9778,0.1540078896231813,0.0003148063519505907,0.08705635883500844,0.7586209451898602,25,20,10
1,9779,0.19472659488045335,0.00031590310549049733,0.047183798039915514,0.7577737039741401,25,20,10
1,9780,0.1386800831311518,1.0492265165175884e-05,0.10291742640080596,0.7583919982028766,25,20,10
1,9781,0.14043054009575728,0.0007999362796842122,0.10066236083186739,0.7581071627926906,25,20,10
1,9782,0.1330746869051102,0.0007988210355536023,0.12148871855038769,0.7446377735089483,25,20,10
1,9783,0.12609819926112106,0.000790451384958007,0.08075809893425788,0.7923532504196638,25,20,10
1,9784,0.1185576455159564,0.0007898723912524472,0.08358866831802589,0.7970638137747653,25,20,10
1,9785,0.1328720150792245,0.000795962007164776,0.07904281483569851,0.7872892080779116,25,20,10
1,9786,0.1333575016251033,2.0658689054147015e-08,0.1155521810122649,0.7510902967039443,25,20,10
1,9787,0.17812705283082475,4.082788251030304e-05,0.06542463310126165,0.7564074861854018,25,20,10
1,9788,0.18209561358866005,1.0846424648783665e-05,0.06905802780507674,0.7488355121816148,25,20,10
1,9789,0.1539969721997426,1.1111474823678683e-05,0.09040271958818456,0.7555891967372497,25,20,10
1,9790,0.16205973258787443,1.1111520905280862e-05,0.07653728804374645,0.7613918678474733,25,20,10
1,9791,0.10920486453068984,2.7317153852557657e-05,0.1650601083375048,0.725707709977951,25,20,10
1,9792,0.1308362117662471,1.5447532103321995e-05,0.15002906942888633,0.7191192712727653,25,20,10
1,9793,0.15496493760729232,1.2731994766087785e-05,0.12656882745351358,0.7184535029444322,25,20,10
1,9794,0.0844466169468689,1.3090007394555334e-05,0.20096995300993584,0.7145703400357991,25,20,10
1,9795,0.11397920119887635,1.2731762700896564e-05,0.1876568472366331,0.6983512198017877,25,20,10
1,9796,0.035484589152506234,1.2784828028879283e-05,0.2647996101085565,0.6997030159109062,25,20,10
1,9797,0.0762314252535356,1.2856188030199504e-05,0.21841350861132622,0.7053422099471072,25,20,10
1,9798,0.04963175414225283,2.0140967687915174e-05,0.2422603811496691,0.7080877237403904,25,20,10
1,9799,0.08803889757331078,1.2999945356680948e-05,0.19373321963740217,0.7182148828439324,25,20,10
1,9800,0.09776881461347077,0.0008103373265372678,0.22011548486877947,0.6813053631912114,25,20,10
1,9801,0.12440747157790771,0.016340921850471323,0.18190531148496747,0.6773462950866542,25,20,10
1,9802,0.14422204455449,0.04079220474783118,0.1408605170230977,0.6741252336745848,25,20,10
1,9803,0.13528071614584852,0.040762931599817614,0.12104488973043036,0.7029114625239059,25,20,10
1,9804,0.1478834448345467,0.0010662791800424274,0.14368870113443902,0.7073615748509728,25,20,10
1,9805,0.0927970979920454,2.9453151351757483e-05,0.18835151161634728,0.7188219372402592,25,20,10
1,9806,0.1567432149121693,2.8880775014675057e-05,0.1352890100738135,0.7079388942390057,25,20,10
1,9807,0.15332153883762453,0.013443158966156922,0.1326455510522417,0.7005897511439779,25,20,10
1,9808,0.12210547272545375,0.014163427073274733,0.14903475304802422,0.714696347153249,25,20,10
1,9809,0.1599231131283615,0.03997202898595925,0.09297519951473497,0.7071296583709479,25,20,10
1,9810,0.15610747753316473,0.02122980662189216,0.11465127840698466,0.708011437437959,25,20,10
1,9811,0.10129812136037268,0.02122881302793556,0.1588529722038064,0.7186200934078874,25,20,10
1,9812,0.10859858728745704,0.02122880652758867,0.15118135268226424,0.7189912535026916,25,20,10
1,9813,0.15990204280796066,0.03824007971519977,0.08285561222218328,0.7190022652546567,25,20,10
1,9814,0.15726236546429945,0.03872493466365565,0.0851146164353112,0.7188980834367336,25,20,10
1,9815,0.19032976426066767,0.03996440759140301,0.05117173243937326,0.7185340957085558,25,20,10
1,9816,0.17406026113844306,0.0399539388826171,0.10250884822681972,0.683476951752119,25,20,10
1,9817,0.09923275731244732,0.07916418466487234,0.17862805709171103,0.6429750009309676,25,20,10
1,9818,0.15091153028164705,0.07911593963857672,0.12727101256628479,0.6427015175134924,25,20,10
1,9819,0.1979463743998436,0.07987247477588894,0.08347622131860995,0.6387049295056602,25,20,10
1,9820,0.1844267611799268,0.091769795450855,0.0846338106906199,0.6391696326785995,25,20,10
1,9821,0.21457964182955108,0.11694019758646505,0.029565689122489282,0.6389144714614946,25,20,10
1,9822,0.19859653733041963,0.10009260238742282,0.06235739991567252,0.6389534603664851,25,20,10
1,9823,0.23061890999188858,0.10086032722158014,0.029321135392928438,0.6391996273936033,25,20,10
1,9824,0.1776614563733104,0.11814818058234505,0.06525686854846116,0.638933494495884,25,20,10
1,9825,0.17897177011263743,0.11693397928201386,0.10497548812106683,0.599118762484285,25,20,10
1,9826,0.17967396594979404,0.08885430810465557,0.1388182839039631,0.5926534420415883,25,20,10
1,9827,0.13731914868873563,0.0890204464465939,0.13736088904898908,0.6362995158156834,25,20,10
1,9828,0.12992635763239072,0.07366246352188296,0.15785287280831128,0.6385583060374153,25,20,10
1,9829,0.13488200221054156,0.11991047546386914,0.10566129238243688,0.6395462299431527,25,20,10
1,9830,0.10350386304477407,0.09410890270219438,0.1741922515622512,0.6281949826907798,25,20,10
1,9831,0.10630668715977956,0.09183108800876712,0.16382650976750351,0.6380357150639513,25,20,10
1,9832,0.11589934298766993,0.11804474884655704,0.12767166221766388,0.6383842459481112,25,20,10
1,9833,0.10982994672332526,0.11804474847405112,0.1805586722364598,0.5915666325661671,25,20,10
1,9834,0.14364231482207623,0.11936416497624944,0.13781832855955428,0.599175191642123,25,20,10
1,9835,0.09720612585194255,0.07982473100964722,0.18435661854997204,0.638612524588439,25,20,10
1,9836,0.09316987525104192,0.05411947099846,0.2134056740781009,0.6393049796723977,25,20,10
1,9837,0.12101526415272323,0.05120818489321628,0.18500690895347924,0.6427696420005813,25,20,10
1,9838,0.09663035526771352,0.04149206660945467,0.22263214646576907,0.6392454316570615,25,20,10
1,9839,0.0858855799848825,0.040135472837879556,0.235663454493099,0.6383154926841391,25,20,10
1,9840,0.11326715359521256,0.0513688212699617,0.20973776763149918,0.6256262575033253,25,20,10
1,9841,0.14424783041065403,0.08007874583196138,0.13623961721936861,0.6394338065380168,25,20,10
1,9842,0.11865193287897224,0.07888799602844011,0.21667411472058457,0.5857859563719972,25,20,10
1,9843,0.12204296313677648,0.0774866504665253,0.2066028081235229,0.5938675782731753,25,20,10
1,9844,0.1334886872890949,0.03852365531261552,0.23343294615152743,0.5945547112467634,25,20,10
1,9845,0.14552767637510466,0.03863326270968146,0.21647456502347867,0.5993644958917365,25,20,10
1,9846,0.24737539196482786,0.03863288119861459,0.125827132120686,0.5881645947158736,25,20,10
1,9847,0.19841317049546447,0.03825401395791882,0.16421298564386677,0.5991198299027503,25,20,10
1,9848,0.2625812739733022,0.000828415068122471,0.1417855452298173,0.5948047657287598,25,20,10
1,9849,0.24217052917426998,0.0008053130291983663,0.16991916159723788,0.5871049961992941,25,20,10
1,9850,0.25648599037324465,0.0019026519364822986,0.1308379913292367,0.6107733663610371,25,20,10
1,9851,0.20581559672510838,6.493341874394349e-07,0.1658941937929327,0.6282895601477688,25,20,10
1,9852,0.17607941919126424,0.0008097142158376354,0.20715087921885666,0.6159599873740407,25,20,10
1,9853,0.22351615161601032,0.0004755329969035027,0.1378379988175471,0.6381703165695405,25,20,10
1,9854,0.14839442042677609,0.001105650685374451,0.20798915676796997,0.6425107721198815,25,20,10
1,9855,0.1680754005112787,1.986964261418882e-06,0.20288897756136504,0.6290336349630945,25,20,10
1,9856,0.2113005624431641,3.5389575517319912e-06,0.15397021107040681,0.6347256875288784,25,20,10
1,9857,0.207896541671059,0.00029878167006793796,0.15722244608879016,0.6345822305700836,25,20,10
1,9858,0.21211825701053433,0.00030045592031498945,0.14929332038606735,0.6382879666830834,25,20,10
1,9859,0.2018877745520296,0.024205710802726075,0.1489230562334568,0.62498345841179,25,20,10
1,9860,0.24668791425443015,0.03997108248031354,0.07496357376244771,0.6383774295028088,25,20,10
1,9861,0.1428179008654331,0.0399680820161558,0.12884386067181092,0.6883701564466037,25,20,10
1,9862,0.121583120288319,0.03997095854522783,0.1451995635016939,0.6932463576647621,25,20,10
1,9863,0.16063916618236282,0.03997095735776401,0.13561669840163898,0.6637731780582367,25,20,10
1,9864,0.19207284625633556,0.03997095832200146,0.10522706809785136,0.6627291273238118,25,20,10
1,9865,0.20308418612760917,0.03873166726323387,0.11673278350473058,0.6414513631044275,25,20,10
1,9866,0.14990457293029846,0.03873066626880483,0.1410920115311016,0.6702727492697964,25,20,10
1,9867,0.17238370824452753,0.038221680684869475,0.1101047503222264,0.6792898607483779,25,20,10
1,9868,0.07142656014816048,0.039511830882663274,0.17124758184701153,0.7178140271221648,25,20,10
1,9869,0.07533589553910654,0.03951181661425584,0.2131706637711135,0.6719816240755214,25,20,10
1,9870,0.0867867688158266,0.039971557191422556,0.20580486259567915,0.6674368113970724,25,20,10
1,9871,0.17134707515246814,0.03997388705505858,0.12157437855565184,0.667104659236822,25,20,10
1,9872,0.18083327838454166,0.03870665915825087,0.10185360635952806,0.6786064560976789,25,20,10
1,9873,0.10649679496502712,0.03953001441342445,0.19489126972584742,0.6590819208957037,25,20,10
1,9874,0.07242137235605191,0.040499619142904494,0.20387117099059254,0.683207837510454,25,20,10
1,9875,0.15059075980869885,0.039969024093372336,0.09675690313473345,0.7126833129631969,25,20,10
1,9876,0.10963381695276081,0.038203078655078826,0.13250778439432934,0.7196553199978339,25,20,10
1,9877,0.1026626885163733,0.03820361489245594,0.14027870717120788,0.7188549894199654,25,20,10
1,9878,0.1252091008019702,0.011232589481273671,0.14553749116728112,0.718020818549476,25,20,10
1,9879,0.09579301125395237,0.011231921480658593,0.17447982786216673,0.7184952394032232,25,20,10
1,9880,0.1128425071533962,0.0399483379911068,0.1453567633458173,0.7018523915096817,25,20,10
1,9881,0.09774010002985976,0.003530490390695453,0.22704029137874573,0.6716891182007001,25,20,10
1,9882,0.21718922366922783,9.702549398422865e-08,0.11522250217474803,0.6675881771305302,25,20,10
1,9883,0.21937259841874737,3.537151302878642e-06,0.07914436166628847,0.7014795027636612,25,20,10
1,9884,0.22184271907204903,5.506964890151141e-06,0.11983638710087073,0.6583153868621899,25,20,10
1,9885,0.2221219047241873,2.4924494560423017e-05,0.12100480203406244,0.656848368747191,25,20,10
1,9886,0.27463594301026256,1.865549293174023e-08,0.06201606741557357,0.6633479709186703,25,20,10
1,9887,0.24485342985690126,1.390907168996603e-08,0.09229165437034909,0.6628549018636772,25,20,10
1,9888,0.21733938714457757,2.3779462269383167e-06,0.08410949982596522,0.6985487350832302,25,20,10
1,9889,0.18838978089471609,0.00010464605361898172,0.10439178785612921,0.7071137851955366,25,20,10
1,9890,0.1894621193991168,1.0830285230427843e-07,0.09641317045258826,0.7141246018454431,25,20,10
1,9891,0.1876645212148767,3.629267985964986e-07,0.09856049922366221,0.7137746166346638,25,20,10
1,9892,0.16167991909716245,1.1262332967285557e-06,0.12410731731361889,0.7142116373559237,25,20,10
1,9893,0.12214390917702951,8.689877867074936e-07,0.2303794172109544,0.6474758046242285,25,20,10
1,9894,0.13457086338921168,1.5913155708502514e-05,0.2292624367181224,0.6361507867369576,25,20,10
1,9895,0.20040948520065696,1.4617069318188873e-05,0.16065391411501279,0.6389219836150141,25,20,10
1,9896,0.18249504408117506,2.1302109206623623e-05,0.21792215189900171,0.5995615019106183,25,20,10
1,9897,0.18385244635746228,2.0384272145718077e-05,0.21677817113893627,0.599348998231455,25,20,10
1,9898,0.1520649544343795,2.0302771402206113e-05,0.23285334091768423,0.6150614018765357,25,20,10
1,9899,0.14624340066161404,4.714032119227948e-07,0.2079703702807619,0.6457857576544123,25,20,10
1,9900,0.18161880339482545,3.5924869802472244e-07,0.15013942461445848,0.6682414127420192,25,20,10
1,9901,0.21923705052652398,0.0030870921717367173,0.11649270705240537,0.6611831502493349,25,20,10
1,9902,0.278483013431395,8.010763437623561e-07,0.042722432843188995,0.678793752649073,25,20,10
1,9903,0.21404318288667007,1.9304230853218166e-06,0.12684539167834355,0.6591094950119033,25,20,10
1,9904,0.22528117458006983,0.0012279610884255601,0.1529365512824431,0.6205543130490649,25,20,10
1,9905,0.21125176775972684,3.348246652480515e-06,0.1502000951302183,0.6385447888634033,25,20,10
1,9906,0.17752482686994014,1.7794089092088098e-06,0.19742521888109996,0.6250481748400532,25,20,10
1,9907,0.20848695984398014,6.078080687845933e-05,0.16307109238310197,0.628381166966039,25,20,10
1,9908,0.22253958493224885,6.175984874972838e-07,0.13796968288417696,0.6394901145850871,25,20,10
1,9909,0.19738315414729385,7.336071692732199e-07,0.16358100974405854,0.6390351025014792,25,20,10
1,9910,0.24309266937048327,3.600745430144954e-07,0.11855701326845056,0.6383499572865233,25,20,10
1,9911,0.2694884771574769,3.5896880938182245e-07,0.08692418399457662,0.643586979879136,25,20,10
1,9912,0.19853965421615827,0.0003262434104793201,0.15685780080277417,0.6442763015705902,25,20,10
1,9913,0.20540095906625108,2.6375003717655335e-05,0.15084911366259626,0.643723552267436,25,20,10
1,9914,0.21895868153841616,2.4066752955889966e-05,0.11294927937996967,0.6680679723286608,25,20,10
1,9915,0.16964613757566369,2.530621798204566e-05,0.1653566614307723,0.6649718947755835,25,20,10
1,9916,0.19511355004576697,3.262230592552093e-08,0.1533742523098924,0.6515121650220376,25,20,10
1,9917,0.20179764862567043,5.706549681536688e-08,0.13038412146730033,0.6678181728415331,25,20,10
1,9918,0.16574491081908482,1.0257230609506661e-07,0.16553156067377703,0.6687234259348324,25,20,10
1,9919,0.1891613346495135,3.3517617792604744e-08,0.1284234594800152,0.6824151723528543,25,20,10
1,9920,0.22114208813968464,2.2360565984811e-05,0.05372206148465095,0.7251134898096793,25,20,10
1,9921,0.19670665824928057,8.000382124448489e-07,0.08846474193063279,0.7148277997818753,25,20,10
1,9922,0.23162576887012754,5.234837543442637e-07,0.0497650955690668,0.7186086120770508,25,20,10
1,9923,0.25349130042186274,1.5231053636642514e-06,0.02739464742259326,0.7191125290501796,25,20,10
1,9924,0.25890823031005694,1.0531800169200587e-07,0.022131431524299798,0.7189602328476412,25,20,10
1,9925,0.24446732419224734,2.4728477532099486e-05,0.036200269597514635,0.7193076777327059,25,20,10
1,9926,0.16280212346911996,5.018931734449095e-07,0.07777231801517372,0.7594250566225321,25,20,10
1,9927,0.1522855665942101,1.8250998651640213e-06,0.08764371448273148,0.7600688938231948,25,20,10
1,9928,0.1797262364857926,1.774580042007274e-06,0.06083048364079847,0.7594415052933673,25,20,10
1,9929,0.12240813687690949,2.950497906893995e-08,0.126029604770179,0.7515622288479358,25,20,10
1,9930,0.1412129619156508,1.0298019141530746e-05,0.0942480111438619,0.7645287289213474,25,20,10
1,9931,0.17191003107376251,9.700702030939214e-06,0.10549100309388504,0.7225892651303225,25,20,10
1,9932,0.16006829828877628,5.399480569896052e-07,0.11777225409924086,0.7221589076639264,25,20,10
1,9933,0.12530934702441945,2.457474100419784e-06,0.15560753162205818,0.7190806638794216,25,20,10
1,9934,0.14066266766586477,6.070755000085144e-08,0.13881184029164087,0.720525431334945,25,20,10
1,9935,0.1598357494937299,3.238509912795529e-05,0.12304496806666274,0.7170868973404826,25,20,10
1,9936,0.16561934559771996,3.138153465066775e-05,0.11665998498316235,0.717689287884467,25,20,10
1,9937,0.171504544869188,8.047557449695226e-09,0.11218973856788386,0.7163057085153729,25,20,10
1,9938,0.18676387660478683,2.496026824543084e-07,0.09805385588402643,0.7151820179085049,25,20,10
1,9939,0.1913322690065554,2.0994878586698845e-07,0.0918013918276691,0.7168661292169893,25,20,10
1,9940,0.19174245471989626,1.8264370641365608e-07,0.09250180164967516,0.7157555609867218,25,20,10
1,9941,0.16662377467317996,1.4766912774350576e-09,0.11528704335134807,0.7180891804987796,25,20,10
1,9942,0.15609062331189089,1.6087490871423835e-07,0.12497921640166798,0.7189299994115333,25,20,10
1,9943,0.15699012833190343,1.8551551851055978e-07,0.12472839317002618,0.7182812929825517,25,20,10
1,9944,0.19667386814102375,1.688680303490458e-08,0.08415294389972759,0.7191731710724454,25,20,10
1,9945,0.21932243124618112,2.316975640917718e-08,0.06254672133190022,0.7181308242521622,25,20,10
1,9946,0.1472640414835061,1.503537205230873e-06,0.1588907304361348,0.6938437245431593,25,20,10
1,9947,0.18046946371950434,1.364508535200521e-05,0.12475949343420593,0.6947573977609413,25,20,10
1,9948,0.15842322150221574,0.00531908980338038,0.12327899495222036,0.7129786937421859,25,20,10
1,9949,0.15430050691602162,4.742076740452192e-06,0.1311374425394879,0.7145573084677506,25,20,10
1,9950,0.09914725425192226,1.5302013695122383e-06,0.1785127998290688,0.7223384157176447,25,20,10
1,9951,0.11572917639396683,2.2820194699423302e-06,0.20146790197595912,0.6828006396106026,25,20,10
1,9952,0.13549161594727535,2.298162863719624e-06,0.18596461751658286,0.6785414683732793,25,20,10
1,9953,0.13289364706017212,3.6205074711960797e-06,0.18463518543105897,0.6824675470012991,25,20,10
1,9954,0.11123169440360964,1.8107838737966437e-05,0.20650552770722125,0.6822446700504297,25,20,10
1,9955,0.0883203688855588,0.0007956498397446018,0.2295273494615475,0.68135663181315,25,20,10
1,9956,0.10240186518783786,0.011782243021922066,0.1712591583491625,0.7145567334410798,25,20,10
1,9957,0.1151349015602064,0.012763916811125799,0.15298505665381906,0.7191161249748522,25,20,10
1,9958,0.10319157911108634,0.03979093723030367,0.14457415700780332,0.7124433266508075,25,20,10
1,9959,0.12125074451054824,0.03928721134521689,0.12689972239417474,0.7125623217500605,25,20,10
1,9960,0.11955957878094191,0.03944599097025258,0.12165896085317782,0.7193354693956298,25,20,10
1,9961,0.10401940583525554,0.039984812362316144,0.13654536910849882,0.7194504126939291,25,20,10
1,9962,0.0797940120751591,0.040013076062673084,0.161766490858873,0.7184264210032965,25,20,10
1,9963,0.0654602559665568,0.03994598367213329,0.18085750714083496,0.7137362532204768,25,20,10
1,9964,0.06415843925138565,9.624949175283899e-05,0.22155031036268105,0.7141950008941785,25,20,10
1,9965,0.08048919850652482,1.5850252654004725e-05,0.20063658070412024,0.7188583705367009,25,20,10
1,9966,0.16067808773498687,3.539980606996327e-05,0.12097731409121498,0.7183091983677293,25,20,10
1,9967,0.15301002625910015,2.91534368984612e-07,0.13722636534144492,0.7097633168650885,25,20,10
1,9968,0.14836897858422413,2.9022179896004834e-07,0.13793592638670352,0.7136948048072754,25,20,10
1,9969,0.15337775567116246,1.1792437989917892e-05,0.12914170972747838,0.7174687421633723,25,20,10
1,9970,0.14508040765506952,1.4293407627969912e-05,0.13311922979876104,0.7217860691385428,25,20,10
1,9971,0.12279804728963477,1.1801743099230059e-05,0.1412468702045605,0.7359432807627053,25,20,10
1,9972,0.1236400670972181,1.1784393207896694e-05,0.12320787963672236,0.7531402688728511,25,20,10
1,9973,0.12408891437300146,0.039954427584774944,0.0977198375585005,0.7382368204837217,25,20,10
1,9974,0.12932554748466774,0.038741468317986805,0.07759845576345396,0.7543345284338915,25,20,10
1,9975,0.12226047170503952,4.03631409381763e-05,0.1381501327241915,0.7395490324298334,25,20,10
1,9976,0.10461848609481089,0.0016499276384932704,0.1747770916090062,0.718954494657687,25,20,10
1,9977,0.1187634936250847,0.0016099193039631886,0.1608300901927012,0.7187964968782491,25,20,10
1,9978,0.1181891334363026,0.0011033678649433388,0.1665655508657721,0.7141419478329845,25,20,10
1,9979,0.11696482941131117,2.7651436469934783e-08,0.18136203622942174,0.7016731067078292,25,20,10
1,9980,0.14681679048660531,2.342545321571772e-08,0.13125811671401005,0.7219250693739344,25,20,10
1,9981,0.1634900704940948,1.857748291965442e-07,0.07803671303162509,0.7584730306994503,25,20,10
1,9982,0.12439453827375115,2.88898849760726e-08,0.11697351463504495,0.7586319182013226,25,20,10
1,9983,0.11732975306810543,1.378964252260964e-07,0.12431754489736094,0.7583525641381114,25,20,10
1,9984,0.11317464448109997,3.231944042483451e-07,0.1679220029565717,0.7189030293679239,25,20,10
1,9985,0.1531610821259773,2.9668800182408216e-07,0.1383330987640214,0.7085055224219977,25,20,10
1,9986,0.16071749761578008,3.124834921369684e-07,0.1264504279551545,0.7128317619455748,25,20,10
1,9987,0.1322971195926265,0.0009688652928865934,0.15424888713778293,0.7124851279767046,25,20,10
1,9988,0.13323619474129514,6.8022832668916e-06,0.1480720550068589,0.7186849479685811,25,20,10
1,9989,0.12254729135956892,6.9132660633199444e-06,0.15447420435039855,0.7229715910239716,25,20,10
1,9990,0.14541184310664235,1.4703812147226455e-05,0.1018303832646401,0.7527430698165734,25,20,10
1,9991,0.12368938074054431,1.4025738657171562e-05,0.08394516105460975,0.7923514324661902,25,20,10
1,9992,0.12144685009749308,1.180815719667251e-06,0.09833639627696864,0.7802155728098221,25,20,10
1,9993,0.1300980008842264,8.847003380420738e-09,0.08597024618422798,0.7839317440845428,25,20,10
1,9994,0.15022884400377487,7.018419186113492e-09,0.05012632617381334,0.7996448228039916,25,20,10
1,9995,0.14275817333097474,8.677432056885635e-08,0.057922832038390604,0.799318907856313,25,20,10
1,9996,0.13671939377549408,6.133850286229964e-07,0.06546866649741308,0.7978113263420635,25,20,10
1,9997,0.15401621721887235,4.36083175028324e-06,0.0732501037127737,0.772729318236604,25,20,10
1,9998,0.1229209742494117,5.256712021877033e-06,0.07598950008445338,0.801084268954113,25,20,10
1,9999,0.13477989723028055,5.197566910544528e-06,0.06470729576787612,0.8005076094349309,25,20,10
1,10000,0.10705417696061743,5.196112105141644e-06,0.09380735128927874,0.7991332756379985,25,20,10
