run,generation,degenerate,holistic,other,compositional,popsize,turnover_rounds,group_rounds
24,0,0.9987713554999793,1.4267839920713722e-08,0.0012266915175253483,1.938714656782331e-06,25,30,0
24,1,0.9987713554999793,1.4267839920713722e-08,0.0012266915175253483,1.938714656782331e-06,25,30,0
24,2,0.9916762074238473,2.22016206227768e-08,0.008321908509159367,1.8618653746961763e-06,25,30,0
24,3,0.9526218960710444,4.0376121961601777e-07,0.047374155682162605,3.544485565836734e-06,25,30,0
24,4,0.9525909238355763,4.032812020526955e-07,0.04740520593852019,3.4669446943067237e-06,25,30,0
24,5,0.9183509752436744,4.0272323985631187e-07,0.08164523257510257,3.3894579687185934e-06,25,30,0
24,6,0.9127566859501351,4.027104931828129e-07,0.08723952194198631,3.3893973708447245e-06,25,30,0
24,7,0.9056000473349737,4.0660682198993706e-07,0.09433161185777258,6.79342004181058e-05,25,30,0
24,8,0.865678670409208,4.5562970475272525e-07,0.13425301315981306,6.786080126073581e-05,25,30,0
24,9,0.8257278356461059,4.5597987819724583e-07,0.17419685256560083,7.485580846229298e-05,25,30,0
24,10,0.7873711572656543,4.5623495538843213e-07,0.21255360810381532,7.477839561893747e-05,25,30,0
24,11,0.7525227972076012,2.529166215098619e-06,0.24739008999333476,8.458363288981986e-05,25,30,0
24,12,0.752567364695613,2.5285955853970037e-06,0.24734560061705982,8.450609177994457e-05,25,30,0
24,13,0.7509737088596589,2.527769799334655e-06,0.24893925741454337,8.450595603702883e-05,25,30,0
24,14,0.7509447919092221,2.527199085755449e-06,0.24896825248427706,8.442840745087973e-05,25,30,0
24,15,0.7509153146149895,2.477605489480486e-06,0.248997783520267,8.442425928886373e-05,25,30,0
24,16,0.7264787177850751,2.4930902312765572e-06,0.27343436720802394,8.442191670203913e-05,25,30,0
24,17,0.7213762236283812,7.485502733933983e-05,0.2784743822128771,7.453913143488259e-05,25,30,0
24,18,0.681541610742658,7.485529988001396e-05,0.31830907223366395,7.446172382849086e-05,25,30,0
24,19,0.6814270461106774,7.48552998754491e-05,0.3184236368656463,7.44617238316759e-05,25,30,0
24,20,0.688570026626888,7.48467953811502e-05,0.31128066555323397,7.446102452753181e-05,25,30,0
24,21,0.6846971379478961,7.484622893116882e-05,0.3151536323402854,7.438348291549336e-05,25,30,0
24,22,0.6853030800327065,7.483031735946366e-05,0.31454778136079975,7.430828916202642e-05,25,30,0
24,23,0.6607743614956538,7.483786562674062e-05,0.3389551048759553,0.0001956957627499917,25,30,0
24,24,0.6607218870573105,7.483777498693566e-05,0.33900757940520776,0.00019569576248089325,25,30,0
24,25,0.685525445146567,0.00011623044471649786,0.3141643844952917,0.0001939399134514281,25,30,0
24,26,0.685163636165984,0.00011623483022107564,0.3145262657960818,0.00019386320773719047,25,30,0
24,27,0.65509503452197,0.00011735738528681421,0.34465299391051324,0.0001346141822157994,25,30,0
24,28,0.6151898557429631,0.0001784513376863563,0.38449710988650615,0.00013458303283156166,25,30,0
24,29,0.6151910314531331,0.00017845133768639045,0.3844959341763337,0.00013458303283386027,25,30,0
24,30,0.6191094816416228,0.00017845133342277497,0.3805774839990797,0.00013458302586196613,25,30,0
24,31,0.5792251823639811,0.00017984528740121127,0.4096646601836694,0.010930312164937055,25,30,0
24,32,0.6192015414767154,0.0001798456444385561,0.3696883007133737,0.010930312165460986,25,30,0
24,33,0.5819066458804606,0.0001798846850520562,0.38989012462236194,0.02802334481211437,25,30,0
24,34,0.5819067227678217,0.00017988468505202208,0.3898900477350032,0.02802334481211203,25,30,0
24,35,0.542093549798587,0.00017993123120589233,0.428998140748944,0.028728378221251835,25,30,0
24,36,0.5226521548700557,0.0002126932694118392,0.4484015554116265,0.028733596448896597,25,30,0
24,37,0.5200782978389696,0.00021265467013873235,0.42860431095305723,0.051104736537825254,25,30,0
24,38,0.5057647513366867,0.00021265410247219677,0.44291791974735495,0.05110467481347841,25,30,0
24,39,0.5195718496083659,0.0001708793024320515,0.42915260059494686,0.05110467049424823,25,30,0
24,40,0.5196883949268092,9.64438636245126e-05,0.42911049071587953,0.051104670493680386,25,30,0
24,41,0.49917893573051286,6.368125486509264e-05,0.4496580058588133,0.05109937715580217,25,30,0
24,42,0.4648955523706049,6.368198174340843e-05,0.4839411944059266,0.05109957124171844,25,30,0
24,43,0.4980251113510699,6.368198306424595e-05,0.4508116149755051,0.05109959169035393,25,30,0
24,44,0.4844802820893254,6.367386437749895e-05,0.46447051771148573,0.05098552633480589,25,30,0
24,45,0.5182000952322727,2.5837153287587226e-06,0.430811840744733,0.050985480307658614,25,30,0
24,46,0.5182088921316971,2.5839703543305114e-06,0.43080297667936435,0.05098554721857772,25,30,0
24,47,0.5181423372216953,1.1918804338003109e-06,0.43951761419698365,0.0423388567008808,25,30,0
24,48,0.4852353888768486,1.1883802021483175e-06,0.472424562247917,0.04233886049502757,25,30,0
24,49,0.4456814091780564,1.1834328705430023e-06,0.5119785465294049,0.04233886085965955,25,30,0
24,50,0.4452368204075327,1.1828625910711115e-06,0.5124232133598067,0.04233878337006217,25,30,0
24,51,0.4453584629582517,1.1828625637689392e-06,0.5123015708089615,0.04233878337021537,25,30,0
24,52,0.4413285656316996,1.1824536525983035e-06,0.5163315456972415,0.04233870621740039,25,30,0
24,53,0.4017078819231548,1.191454881858058e-06,0.5559522979526352,0.042338628669323926,25,30,0
24,54,0.4008493416842086,1.1905810491112047e-06,0.5568108432316147,0.04233862450312266,25,30,0
24,55,0.4007412151952216,1.1897826666474316e-06,0.5563831439567697,0.04287445106533647,25,30,0
24,56,0.4006055857357906,1.1426657992620474e-06,0.5572239314907956,0.0421693401076104,25,30,0
24,57,0.4006068386533153,1.1426658272233341e-06,0.5572226785732429,0.04216934010761036,25,30,0
24,58,0.40060683902689076,1.1426658299811387e-06,0.5572226781996522,0.04216934010762305,25,30,0
24,59,0.4006068390325224,1.1426963586246752e-06,0.5572226780913625,0.042169340179754024,25,30,0
24,60,0.4088823573132977,1.1427690089505e-06,0.5489471755558447,0.042169324361846144,25,30,0
24,61,0.40888110448231435,1.1427690099303816e-06,0.5489484283792289,0.04216932436944462,25,30,0
24,62,0.44282445109640844,1.1428447956036116e-06,0.5150050816830227,0.04216932437576904,25,30,0
24,63,0.4428121169498864,1.1427815263745317e-06,0.5150174160337555,0.042169324234828984,25,30,0
24,64,0.44953989060678906,1.142648368292347e-06,0.5082896415502575,0.0421693251945823,25,30,0
24,65,0.4476638000562969,1.1426480742608565e-06,0.5101731317676436,0.04216192552798244,25,30,0
24,66,0.447716519239195,1.1423928934247104e-06,0.5097265821578498,0.04255575621005859,25,30,0
24,67,0.447716519239195,1.1423928934247568e-06,0.5097265829519444,0.04255575541596407,25,30,0
24,68,0.4476144145208894,1.1840957140784062e-06,0.5098286459663753,0.0425557554170183,25,30,0
24,69,0.4097006581389083,1.1857446177124882e-06,0.5477298427551061,0.04256831336136523,25,30,0
24,70,0.3765794869283346,2.3231910003686373e-05,0.5808289558887574,0.0425683252729016,25,30,0
24,71,0.40510204931449756,2.3193121118438605e-05,0.5523064322871536,0.04256832527722653,25,30,0
24,72,0.4055627319483159,2.3193116658116533e-05,0.5518457496624238,0.042568325272599836,25,30,0
24,73,0.40283711861920357,2.2066094554634242e-05,0.5545778633397309,0.042562951946509914,25,30,0
24,74,0.36892639760110685,2.206603400410628e-05,0.5884885842778815,0.042562952087007,25,30,0
24,75,0.36297895240279004,2.2066034004106285e-05,0.5944360294761963,0.042562952087009,25,30,0
24,76,0.3629312368415912,2.2066034089188112e-05,0.5944837450221555,0.042562952102163897,25,30,0
24,77,0.33082617272858633,2.2065958372788447e-05,0.6265888092168655,0.04256295209617589,25,30,0
24,78,0.3308157333118752,0.0007904982487001845,0.6258308483476598,0.04256292009176533,25,30,0
24,79,0.33081588906100357,0.0007904982486717255,0.6258306926061583,0.04256292008416684,25,30,0
24,80,0.2913243007270368,0.0007918955914671148,0.6653077892561177,0.042576014425376583,25,30,0
24,81,0.29135831599438017,0.0007918955914670443,0.6652737739674286,0.04257601444672123,25,30,0
24,82,0.29138579376419693,0.0007919444908302456,0.6652462433536406,0.042576018391330045,25,30,0
24,83,0.29135621117464106,0.0007918955763203486,0.6652758789491214,0.04257601429991478,25,30,0
24,84,0.29135621111888343,1.417119286400059e-06,0.6660663578189404,0.042576013942887486,25,30,0
24,85,0.29135621108654575,1.41468451490451e-06,0.6682154549046868,0.04042691932424976,25,30,0
24,86,0.3252838798206159,1.4146845152894776e-06,0.6342877861856473,0.04042691930922169,25,30,0
24,87,0.3270280509395044,1.415140521844741e-06,0.6325436146097515,0.04042691931022199,25,30,0
24,88,0.323446834170735,1.4146844432598206e-06,0.6361248318351985,0.04042691930962285,25,30,0
24,89,0.3234468431640436,1.4146993225330762e-06,0.6361248228270321,0.0404269193096014,25,30,0
24,90,0.32295109759338714,1.4146992028036471e-06,0.6366167683371318,0.04043071937027772,25,30,0
24,91,0.32454461380746735,1.4146686785340651e-06,0.6350232521579509,0.04043071936590267,25,30,0
24,92,0.324291566525717,1.4140980741319558e-06,0.6352763775292285,0.04043064184698122,25,30,0
24,93,0.3242759560123654,1.6755276738613427e-08,0.6353064797271053,0.0404175475052537,25,30,0
24,94,0.3242739047231499,2.2461788219469345e-06,0.635306301592776,0.040417547505254,25,30,0
24,95,0.3242819612764204,3.0047992148313865e-06,0.6353012242281049,0.04041380969626166,25,30,0
24,96,0.3241654165953147,3.004798941002795e-06,0.6354177689095057,0.04041380969623952,25,30,0
24,97,0.32416104129374346,3.0049744149843605e-06,0.635422144021059,0.04041380971078341,25,30,0
24,98,0.32416151021211603,8.047513652937922e-06,0.6354044028434701,0.04042603943076234,25,30,0
24,99,0.32416151562835616,8.047513810122634e-06,0.63540439738362,0.04042603947421489,25,30,0
24,100,0.32258286922270524,8.047513940798698e-06,0.6369830418009848,0.04042604146237008,25,30,0
24,101,0.292271521212705,8.047522234028187e-06,0.6672943898083519,0.04042604145670893,25,30,0
24,102,0.29227253906963035,5.818098820576952e-06,0.6672955993326248,0.04042604349892432,25,30,0
24,103,0.28862220802966854,5.818090527176729e-06,0.6709459303387849,0.040426043541019654,25,30,0
24,104,0.28821573369671066,5.818355259381489e-06,0.6713523563952942,0.04042609155273647,25,30,0
24,105,0.2882157336966948,5.818355270303591e-06,0.6678397104816831,0.04393873746635265,25,30,0
24,106,0.28820884116464746,6.619712216160038e-06,0.6678458628214711,0.04393867630166671,25,30,0
24,107,0.2882076745463098,5.059730576464852e-06,0.6678485917105743,0.04393867401254076,25,30,0
24,108,0.32241442590411146,5.059003614279334e-06,0.6336420351729963,0.04393847991927888,25,30,0
24,109,0.3224144064488341,5.0580827297854175e-06,0.633649128104945,0.04393140736349126,25,30,0
24,110,0.32675766143041124,5.054464815494126e-06,0.6293058767281824,0.04393140737659111,25,30,0
24,111,0.30405400648936604,7.775504446842236e-06,0.6519938386011246,0.04394437940506079,25,30,0
24,112,0.30500151358656585,7.775504600285126e-06,0.6510463315047852,0.043944379404047176,25,30,0
24,113,0.30794891620911746,2.2639401026701946e-05,0.6480614828422242,0.04396696154763039,25,30,0
24,114,0.3091351903777311,2.2639325020560045e-05,0.6468752087681355,0.04396696152911156,25,30,0
24,115,0.3091351903777311,2.2639325020560004e-05,0.6468752087207718,0.04396696157647537,25,30,0
24,116,0.30898296182078505,2.2644399122685133e-05,0.6470274076028295,0.04396698617726124,25,30,0
24,117,0.3089819438424273,2.2644398990847108e-05,0.6470284276227843,0.043966984135796035,25,30,0
24,118,0.3486427155767812,2.2634827051880984e-05,0.6073676654608786,0.043966984135286866,25,30,0
24,119,0.34864273652922606,2.2634827054736962e-05,0.6073676444664032,0.04396698417731451,25,30,0
24,120,0.31172741400635917,2.3856397346931277e-05,0.6442817664812682,0.043966963115023336,25,30,0
24,121,0.3117274168690063,2.4076034922488093e-05,0.6442815439817923,0.04396696311427741,25,30,0
24,122,0.31172741623749234,2.407603491782934e-05,0.6442815446133331,0.04396696311425519,25,30,0
24,123,0.31069213536178386,2.284988081887561e-05,0.6453180551406276,0.0439669596167685,25,30,0
24,124,0.31069165728970033,1.7807326725342447e-05,0.6452012886449452,0.04408924673862682,25,30,0
24,125,0.31069165728970033,1.7807326725342447e-05,0.6452012871971791,0.0440892481863931,25,30,0
24,126,0.30879793901217906,1.780683642949622e-05,0.6470950060060063,0.0440892481453828,25,30,0
24,127,0.27485053720960934,1.7806396635382313e-05,0.681042456281179,0.04408920011257515,25,30,0
24,128,0.27490367129463195,1.780639657772177e-05,0.6809893222113691,0.04408920009742019,25,30,0
24,129,0.26317010887133013,1.780664886619108e-05,0.6927228843612788,0.044089200118522465,25,30,0
24,130,0.26317012176666915,1.7806648941116584e-05,0.6927228714455247,0.04408920013886261,25,30,0
24,131,0.26317012176666915,1.7806648941116584e-05,0.6927228728926729,0.04408919869171427,25,30,0
24,132,0.2689046259036941,1.8100259399911754e-05,0.6869880742980702,0.04408919953883294,25,30,0
24,133,0.26890340990446954,1.810125557744777e-05,0.6869892893011363,0.044089199538813156,25,30,0
24,134,0.26988339701031266,1.8101273002368818e-05,0.6860093021981956,0.0440891995184861,25,30,0
24,135,0.26988461252790286,1.810127299965814e-05,0.6860080866798701,0.044089199519223375,25,30,0
24,136,0.26534470088808104,3.2357307856345784e-06,0.6905980040031825,0.044054059377946375,25,30,0
24,137,0.26534470088808115,3.235732152989172e-06,0.6905980040018153,0.044054059377946375,25,30,0
24,138,0.2653446799359857,3.2648244346814613e-06,0.6905979958189383,0.044054059420637615,25,30,0
24,139,0.2643646974723416,3.2652201894752926e-06,0.6915779759165355,0.044054061390929426,25,30,0
24,140,0.2643646974723436,3.2652202007705714e-06,0.6915796741100292,0.04405236319742276,25,30,0
24,141,0.2643753488565062,0.00011769905168490166,0.6914545874634455,0.044052364628359555,25,30,0
24,142,0.2643753488565062,0.00011769905168490166,0.6914545860160985,0.044052366075706464,25,30,0
24,143,0.2636474516691747,0.00011769907010812459,0.6921823869992424,0.044052462261472095,25,30,0
24,144,0.262699053778407,0.00011770009024474294,0.6931307839108618,0.04405246222048338,25,30,0
24,145,0.23604088336086687,0.00011770066610894902,0.719788953771231,0.0440524622017904,25,30,0
24,146,0.24011775259510743,0.00011770050430652292,0.7157120850945641,0.04405246180601908,25,30,0
24,147,0.24004551188042786,0.00011740689387645999,0.7157846202592448,0.04405246096644788,25,30,0
24,148,0.24004551236109214,0.00011740589770168395,0.7157846207754729,0.04405246096573035,25,30,0
24,149,0.24004551236108823,0.00011740589767983634,0.7157803345698099,0.04405674717141955,25,30,0
24,150,0.2400311627274418,0.00011740591263904609,0.7157946861737099,0.04405674518620637,25,30,0
24,151,0.23996994723507434,0.0001174059213512275,0.7162498016464379,0.04366284519713441,25,30,0
24,152,0.2598830854110915,0.00011741623657549485,0.6963336266624733,0.04366587168985702,25,30,0
24,153,0.2598830700650176,0.00011748518133572883,0.6963335730127821,0.04366587174086219,25,30,0
24,154,0.25486044887212145,0.00011747433241151958,0.7013592315488631,0.043662845246601426,25,30,0
24,155,0.21597629263939497,0.00011911957847738791,0.7402417011756621,0.043662886606461074,25,30,0
24,156,0.21597629258917056,0.00011937273388409661,0.7402414480761219,0.04366288660081903,25,30,0
24,157,0.2159762925902589,0.000119372830673209,0.7401560149240008,0.04374831965506348,25,30,0
24,158,0.181994172905297,0.00011937283083594866,0.7741381345653648,0.043748319698499065,25,30,0
24,159,0.18199416767907103,0.00011937283083888263,0.7741381373547764,0.04374832213531083,25,30,0
24,160,0.19328669011468694,0.0001193754651618176,0.7628455848484549,0.04374834957169396,25,30,0
24,161,0.19328668947248595,0.00011937548004624749,0.7628455854757703,0.04374834957169397,25,30,0
24,162,0.19328668947119984,0.00011937549274044416,0.7629310185094493,0.04366291652660717,25,30,0
24,163,0.1932009360316933,0.00011912764981306731,0.7630171573671626,0.04366277895132814,25,30,0
24,164,0.19441820735154408,0.00014780925503052412,0.7617712036907511,0.043662779702671344,25,30,0
24,165,0.19443272198730635,0.00014780969902448564,0.761364849063427,0.044054619250239666,25,30,0
24,166,0.2161317414896729,0.00014775199773805028,0.7396657819833024,0.044054724529286,25,30,0
24,167,0.21050094314869805,0.00014916146245190577,0.7452819627814954,0.04406793260735397,25,30,0
24,168,0.21496794521879223,0.0001206448347002773,0.7382892653579561,0.046622144588550435,25,30,0
24,169,0.21496794521879217,0.00012064927472398273,0.7382892609179322,0.046622144588550435,25,30,0
24,170,0.2092837004431856,0.00012048630503538326,0.7125955437664825,0.07800026948529543,25,30,0
24,171,0.20938269771569584,0.00012140944356404953,0.7118747346708965,0.07862115816984262,25,30,0
24,172,0.20938269771569584,0.0001355623029240977,0.7118605818115357,0.07862115816984262,25,30,0
24,173,0.20938269771569584,0.0001355623029240977,0.7118605818365006,0.07862115814487777,25,30,0
24,174,0.2103627407221587,0.0001341648812531885,0.7108819362517064,0.07862115814487955,25,30,0
24,175,0.2102388999605519,0.00013416995595360554,0.7110057719311612,0.07862115815233098,25,30,0
24,176,0.21016852629612137,0.000840649001538581,0.7103696302285889,0.07862119447374914,25,30,0
24,177,0.21016852342680317,0.0008406824451679956,0.7103695996542801,0.07862119447374566,25,30,0
24,178,0.21016852295115793,0.0008406824450079255,0.7103696026088506,0.0786211919949802,25,30,0
24,179,0.21016852295115793,0.0008406824450079255,0.7104991260420727,0.07849166856175813,25,30,0
24,180,0.19600112464371935,0.0008406806870936478,0.724616064903227,0.07854212976595473,25,30,0
24,181,0.1960020315091647,0.0008406796668034957,0.7246151541838249,0.07854213464020249,25,30,0
24,182,0.22978062903912136,0.0008406796580868683,0.6908365566985546,0.07854213460423493,25,30,0
24,183,0.22976559422472703,0.0008406791991611842,0.6912355244986533,0.07815820207745633,25,30,0
24,184,0.22976556560999992,0.0008406771764995224,0.685167894799138,0.08422586241436057,25,30,0
24,185,0.22976556560999992,0.0008406771778642259,0.6886144483975406,0.08077930881459316,25,30,0
24,186,0.22976556560999983,0.0008406772529464566,0.6886156511672732,0.08077810596977841,25,30,0
24,187,0.22975491926995034,0.0007262153695452176,0.6887407608628514,0.08077810449765073,25,30,0
24,188,0.23305821845504598,0.0007262149639200527,0.6854374640530689,0.08077810252796275,25,30,0
24,189,0.23313490721714786,0.0007262149655416911,0.685360775281748,0.08077810253556128,25,30,0
24,190,0.2331336707472412,0.0007262149655443075,0.685362011795154,0.08077810249205926,25,30,0
24,191,0.23313367005032773,1.973591981807158e-05,0.682557466287285,0.0842891277425677,25,30,0
24,192,0.2474214655699834,1.9732603031932295e-05,0.6683201352960634,0.0842386665309197,25,30,0
24,193,0.23614208653322227,1.9936843152609018e-05,0.6795992927150195,0.08423868390860405,25,30,0
24,194,0.23516206651163973,2.1348975933749717e-05,0.6805777824520172,0.08423880206040771,25,30,0
24,195,0.2691237547428503,2.1348975957760702e-05,0.646616099095803,0.08423879718538718,25,30,0
24,196,0.2691237547428503,2.1698420161818675e-05,0.6466157496607566,0.08423879717622958,25,30,0
24,197,0.23875622499144214,2.1698420280924613e-05,0.6769832794113764,0.08423879717689886,25,30,0
24,198,0.23875622499144214,2.169834385795757e-05,0.677050778149743,0.08417129851495549,25,30,0
24,199,0.23586983152145247,2.240001344534826e-05,0.6799364112772693,0.08417135718783095,25,30,0
24,200,0.23586983150846627,2.2400013423869237e-05,0.6434475122709277,0.12066025620718016,25,30,0
24,201,0.23578324115307084,2.00674997184802e-05,0.644170507451234,0.1200261838959749,25,30,0
24,202,0.23577089082292296,3.747117743274389e-05,0.639435829261771,0.12475580873787182,25,30,0
24,203,0.23577089082292296,3.7477331453482554e-05,0.6394358231075897,0.12475580873803244,25,30,0
24,204,0.23577089072788676,3.7477331453433304e-05,0.6394358232041124,0.12475580873654675,25,30,0
24,205,0.23577089072789292,3.71277567548961e-05,0.6394361722659747,0.1247558092493769,25,30,0
24,206,0.2357708903540637,3.715213786709149e-05,0.6390584789855872,0.1251334785224815,25,30,0
24,207,0.25237132915537663,3.715109759375675e-05,0.6224580405191829,0.1251334792278459,25,30,0
24,208,0.2523713291500879,3.712671647884482e-05,0.6228357341381229,0.1247558099953095,25,30,0
24,209,0.2523713291484509,3.712671631622369e-05,0.6228436412319269,0.12474790290330545,25,30,0
24,210,0.2523713060865566,3.57145835351323e-05,0.6228451945784056,0.12474778475150211,25,30,0
24,211,0.2523713060865566,3.57145835351323e-05,0.6227156711677686,0.12487730816213925,25,30,0
24,212,0.2580774956679257,3.572443604448713e-05,0.6170094179219043,0.12487736197412637,25,30,0
24,213,0.2580774956679196,3.606777637661648e-05,0.6170090750855723,0.1248773614701326,25,30,0
24,214,0.22459322978761037,3.605499535322098e-05,0.6504934349961237,0.12487728022091359,25,30,0
24,215,0.22459322979847493,3.605499637750402e-05,0.650627919364002,0.12474279584114566,25,30,0
24,216,0.18711922253277904,8.86535072087847e-05,0.6880492508927882,0.12474287306722061,25,30,0
24,217,0.18711922253277904,8.865350720878474e-05,0.6880493647856041,0.12474275917440471,25,30,0
24,218,0.18711922253277904,8.865350720878606e-05,0.6880494713755542,0.12474265258445476,25,30,0
24,219,0.18352382715905546,8.865350706837978e-05,0.6916448667493381,0.124742652584534,25,30,0
24,220,0.18352398340219547,8.865350547467573e-05,0.691644710515521,0.1247426525768047,25,30,0
24,221,0.18352398340717124,8.865350547463144e-05,0.6916447105503772,0.12474265253697256,25,30,0
24,222,0.18352392650137195,7.124975010559279e-05,0.6610506893325637,0.15535413441595838,25,30,0
24,223,0.1835239265013734,0.00032922345797279913,0.6607927156246568,0.15535413441599624,25,30,0
24,224,0.1835239265013734,0.00032922345797279783,0.6607926090346992,0.15535424100595388,25,30,0
24,225,0.15557868983584527,0.0003293097986019346,0.6886588327799004,0.15543316758564787,25,30,0
24,226,0.15533734624840737,0.0003293097985739839,0.6889001763673618,0.15543316758565243,25,30,0
24,227,0.15533734624840737,0.00032906116012132924,0.6889004250058148,0.15543316758565243,25,30,0
24,228,0.15533734630628637,5.668143666477721e-05,0.6891728046714278,0.15543316758561654,25,30,0
24,229,0.15520374799074776,5.668152673548969e-05,0.6893064028747066,0.155433167607806,25,30,0
24,230,0.16117087879401196,5.668153148775487e-05,0.6833392716495016,0.15543316802499474,25,30,0
24,231,0.1462174180747288,9.549666486374348e-05,0.698253917906907,0.15543316735349472,25,30,0
24,232,0.1462301773016868,9.549657479350867e-05,0.6982411587774139,0.15543316734609997,25,30,0
24,233,0.1462301773016868,9.549667863921878e-05,0.698241158682563,0.15543316733710566,25,30,0
24,234,0.14634458265731268,9.549667837834405e-05,0.6981267533272202,0.1554331673370827,25,30,0
24,235,0.14701061697071025,9.277645282592133e-05,0.6974764121708533,0.15542019440560387,25,30,0
24,236,0.14701063827084132,9.277645283133998e-05,0.6974762544289939,0.15542033084732723,25,30,0
24,237,0.17360781078096005,4.018531355306855e-05,0.6709317499754838,0.15542025392999745,25,30,0
24,238,0.17360781078096005,4.018531355306855e-05,0.6709317106225184,0.15542029328296283,25,30,0
24,239,0.17360781078083143,4.018531355306796e-05,0.6709305033523387,0.15542150055327075,25,30,0
24,240,0.17360781073744014,5.460477187849396e-05,0.6709160839374045,0.15542150055327075,25,30,0
24,241,0.13438167722504832,5.460476948762696e-05,0.7100838186875145,0.155479899317943,25,30,0
24,242,0.13438169931836944,0.00042605611858615485,0.7097123452450949,0.1554798993179429,25,30,0
24,243,0.13438169931862395,0.0004260517564981734,0.7097123496069301,0.15547989931794293,25,30,0
24,244,0.13438169931862323,0.0004260517441748169,0.7050534821777908,0.16013876675940641,25,30,0
24,245,0.13273472123542704,0.0003872366107103368,0.7067392753870654,0.16013876676679256,25,30,0
24,246,0.13273472123542704,0.0003872366107103368,0.706739302474971,0.160138739678887,25,30,0
24,247,0.1327347212411528,0.0003995699193395129,0.7067269691557937,0.1601387396837097,25,30,0
24,248,0.13273472124152597,0.000399226428394774,0.7067273121372882,0.16013874019278593,25,30,0
24,249,0.13273472124152597,0.000399226428394774,0.7067272836650929,0.1601387686649813,25,30,0
24,250,0.132031981150429,0.0003989421833678215,0.7075092519585968,0.16005982470760283,25,30,0
24,251,0.13203198115251197,0.00039894218234185776,0.7040049489279141,0.16356412773722834,25,30,0
24,252,0.1320319590447016,1.3071450110324593e-05,0.7043908417679579,0.1635641277372265,25,30,0
24,253,0.1320319590447016,1.307145011032457e-05,0.7043907258945364,0.16356424361064792,25,30,0
24,254,0.1320319590447016,1.307145011032457e-05,0.7043907259293204,0.163564243575864,25,30,0
24,255,0.1320319590447016,1.307145011032457e-05,0.7043907259147189,0.16356424359046554,25,30,0
24,256,0.1320319590447016,1.307145011032457e-05,0.7043907259293204,0.16356424357586402,25,30,0
24,257,0.1320319590447016,1.307145011032459e-05,0.7043907658890521,0.16356420361613228,25,30,0
24,258,0.13203195904471857,0.0007924642214687677,0.7036113731115009,0.16356420362230803,25,30,0
24,259,0.13151206353876782,0.0007924642191069692,0.7041221684437643,0.16357330379835663,25,30,0
24,260,0.13151206353876782,0.0007924642191069692,0.7041221684325145,0.1635733038096061,25,30,0
24,261,0.13151206353887693,1.3196690815992549e-05,0.7049014359668156,0.16357330380348692,25,30,0
24,262,0.13151206353887251,1.3196690815985444e-05,0.7049677283754289,0.16350701139487792,25,30,0
24,263,0.13151206352647543,8.722676050152389e-07,0.7049800528166095,0.1635070113893057,25,30,0
24,264,0.13151206390719838,8.722676104425692e-07,0.7049800524366185,0.1635070113885684,25,30,0
24,265,0.13151206390719838,8.722676104425692e-07,0.7049800809086412,0.16350698291654575,25,30,0
24,266,0.13151206390719838,8.722676104425692e-07,0.7049800808862173,0.1635069829389695,25,30,0
24,267,0.13151206390720283,1.5297047194051695e-05,0.7049656561066289,0.1635069829389695,25,30,0
24,268,0.1315120639073263,1.5419932397401725e-05,0.7049655124604567,0.16350700369981472,25,30,0
24,269,0.13151206389514342,1.541993374206737e-05,0.708468619945756,0.16000389622535396,25,30,0
24,270,0.1315120639074294,1.5419934876008922e-05,0.7084686203028379,0.16000389585485267,25,30,0
24,271,0.1315120639074294,1.5419934876008922e-05,0.7084686208124841,0.16000389534520645,25,30,0
24,272,0.1315154320801482,1.5419934876025832e-05,0.7084652526397656,0.16000389534520643,25,30,0
24,273,0.13070507957604735,1.541911007149493e-05,0.7092756060376613,0.16000389527621628,25,30,0
24,274,0.1305817459895423,1.5419110071975636e-05,0.7093989396241612,0.16000389527622086,25,30,0
24,275,0.13058174598916922,0.0010969878398516457,0.7083173714038336,0.16000389476714186,25,30,0
24,276,0.1305817551064224,0.0010969878398612513,0.7083173622852879,0.16000389476842497,25,30,0
24,277,0.1305817551064179,0.0010825631368014184,0.7083317869883519,0.16000389476842497,25,30,0
24,278,0.1305817550941341,0.0010897800177001049,0.7083245595327337,0.1600039053554283,25,30,0
24,279,0.1305817551521459,0.001089780017700112,0.7083257660018917,0.16000269882825843,25,30,0
24,280,0.1305817551521459,0.0010897800177001116,0.7064575524320701,0.16187091239808013,25,30,0
24,281,0.1305817551521459,0.0010897800177001116,0.706457552404893,0.1618709124252571,25,30,0
24,282,0.14173896862916024,0.0010897726461188378,0.6953003466157499,0.16187091210896687,25,30,0
24,283,0.14173896862916024,0.0010897726461188378,0.6953003461184649,0.1618709126062518,25,30,0
24,284,0.14173896862916024,0.0010897726461188378,0.6953003461184731,0.1618709126062436,25,30,0
24,285,0.14173896862916024,0.0010897726461188378,0.6953004001689591,0.16187085855575767,25,30,0
24,286,0.14173895951472562,0.001089772646109234,0.6953004092846864,0.1618708585544746,25,30,0
24,287,0.1417389595147255,8.20407070168854e-06,0.6963819778600943,0.1618708585544746,25,30,0
24,288,0.1417389595147255,8.20407070168854e-06,0.6963819778697468,0.16187085854482217,25,30,0
24,289,0.1417389594712034,8.204070702101869e-06,0.6963819574698893,0.16187087898820135,25,30,0
24,290,0.1417389217872244,8.204070701637016e-06,0.696381995153871,0.16187087898819916,25,30,0
24,291,0.14185421027110307,1.0920622721882256e-05,0.696263990090743,0.16187087901542824,25,30,0
24,292,0.14185421027110307,1.0920620802147304e-05,0.6962639900926629,0.16187087901542824,25,30,0
24,293,0.1418542102708536,1.067685739295557e-05,0.6962642546172232,0.1618708582545265,25,30,0
24,294,0.1418542102708539,1.092985610408322e-05,0.6962640016185117,0.16187085825452652,25,30,0
24,295,0.1418542102708539,1.0929856104083197e-05,0.6962639616360069,0.1618708982370312,25,30,0
24,296,0.1418542102708536,1.0672416077999896e-05,0.6962642190760333,0.16187089823703119,25,30,0
24,297,0.141854210270854,1.0663609921915673e-05,0.6962642278821893,0.1618708982370312,25,30,0
24,298,0.14185421027059947,1.0916689674080268e-05,0.6962639748026912,0.16187089823703119,25,30,0
24,299,0.1418542102850642,1.8092707219882885e-05,0.6962568093576706,0.1618708876500414,25,30,0
24,300,0.1205039425591842,1.9234939706273745e-05,0.7176060393346729,0.16187078316643674,25,30,0
24,301,0.1205039418684132,1.92625001036687e-05,0.7176060175064934,0.1618707781249907,25,30,0
24,302,0.12038536398802772,1.9262500099026653e-05,0.7177245953868835,0.1618707781249911,25,30,0
24,303,0.12038536398802772,1.9262500099026653e-05,0.7177245129010207,0.16187086061085382,25,30,0
24,304,0.12038536398945791,1.9256168190276034e-05,0.7177245192314993,0.16187086061085387,25,30,0
24,305,0.12038539981328661,1.9256166841986092e-05,0.714692208371249,0.1649031356486233,25,30,0
24,306,0.12038539981329109,1.9003009154171383e-05,0.7146924615289326,0.1649031356486233,25,30,0
24,307,0.12038539979903398,1.9251867717296727e-05,0.7146922338647502,0.16490311446849965,25,30,0
24,308,0.12013986954865928,1.925186771775848e-05,0.7149377641151218,0.1649031144685019,25,30,0
24,309,0.12013986975870324,0.01191581359763981,0.7030412019866222,0.16490311465703525,25,30,0
24,310,0.12013986975958453,0.011915813597640166,0.7049106041708011,0.16303371247197482,25,30,0
24,311,0.11421754122998923,0.011915813673448437,0.7108329326244778,0.16303371247208542,25,30,0
24,312,0.07453693804656185,0.011915813673921994,0.750513535806658,0.16303371247285867,25,30,0
24,313,0.07453693845871123,0.011923007154305394,0.7505063419141237,0.16303371247286066,25,30,0
24,314,0.07446657380772273,0.011923007153836975,0.7505767065663561,0.1630337124720851,25,30,0
24,315,0.07446653847007029,0.011923007808135737,0.7206797236285705,0.19293073009322448,25,30,0
24,316,0.11426848399891747,0.011923007897005199,0.6808777780034209,0.1929307301006575,25,30,0
24,317,0.11426848358677198,0.011916034074248795,0.6808847522382255,0.19293073010075473,25,30,0
24,318,0.11426848309957797,0.011916033419931485,0.6738152747582113,0.20000020872228036,25,30,0
24,319,0.11426848309957766,0.011930462639388763,0.6738008455387541,0.2000002087222803,25,30,0
24,320,0.12657033878913154,0.011930819606779658,0.6614986323581548,0.20000020924593503,25,30,0
24,321,0.12657033878913115,0.011951083395416492,0.6614783685695184,0.20000020924593495,25,30,0
24,322,0.1265703387882543,0.011951083395416135,0.6614783657365253,0.20000021207980537,25,30,0
24,323,0.12657062749077488,0.011951055835016083,0.6614782359946817,0.2000000806795281,25,30,0
24,324,0.12657062749077044,0.011951060351592673,0.6614782314781097,0.2000000806795281,25,30,0
24,325,0.1265706483994212,0.011951060351589762,0.6614782105687259,0.2000000806802642,25,30,0
24,326,0.1265706483994212,0.011951060351589837,0.6614829138438907,0.19999537740509907,25,30,0
24,327,0.12657064842837457,0.01195106477458271,0.6614829093919391,0.1999953774051031,25,30,0
24,328,0.12657034411794751,0.011951065246116081,0.6614832109827055,0.19999537965323058,25,30,0
24,329,0.12657034703622133,0.0008291160016004449,0.6726040008530344,0.19999653610914325,25,30,0
24,330,0.12657034703622133,0.0008291160016003698,0.6725992996092747,0.20000123735290312,25,30,0
24,331,0.1265703421281919,0.0008291160404579284,0.6725993042939471,0.2000012375374025,25,30,0
24,332,0.1265703421281919,0.0008291160404579284,0.6725993036397583,0.20000123819159144,25,30,0
24,333,0.12657034212676258,0.0008088523556408038,0.6726195673260045,0.2000012381915915,25,30,0
24,334,0.1265703420978092,0.0008090967281632299,0.6726193229824395,0.20000123819158744,25,30,0
24,335,0.1261269256148632,0.0008090980364065477,0.6730575846217758,0.20000639172695361,25,30,0
24,336,0.1261269256148632,0.0008090980364065477,0.6730575846099035,0.20000639173882576,25,30,0
24,337,0.12612692561486313,0.0007946688935716341,0.673072013752739,0.20000639173882576,25,30,0
24,338,0.12612733998152847,0.0007946703094009874,0.673071213207481,0.2000067765015886,25,30,0
24,339,0.12612733686770441,3.4724107418489395e-05,0.6738323191677336,0.20000561985714257,25,30,0
24,340,0.1261273371460872,3.472359718187527e-05,0.6738323194409481,0.2000056198157817,25,30,0
24,341,0.1261273371460872,3.472359718187527e-05,0.6738324353230583,0.2000055039336715,25,30,0
24,342,0.12612733713159346,3.399150680291967e-05,0.673833167427931,0.2000055039336715,25,30,0
24,343,0.12612733713159346,3.3991389890075595e-05,0.6738331673590381,0.20000550411947737,25,30,0
24,344,0.12612733713134303,3.374260924556549e-05,0.6738333949710562,0.20000552528835414,25,30,0
24,345,0.12612733713134303,3.374260924556549e-05,0.673833423421439,0.20000549683797128,25,30,0
24,346,0.12612733713134303,0.0008257443246972113,0.6730414217059874,0.20000549683797128,25,30,0
24,347,0.12612733713134303,0.0007991956518527656,0.6730679703788318,0.20000549683797128,25,30,0
24,348,0.12612733713134333,0.0007989468532211804,0.6730682191774632,0.20000549683797128,25,30,0
24,349,0.12612733711687635,0.0007848071892523836,0.6730823588560113,0.20000549683785918,25,30,0
24,350,0.12612733711687635,0.0007848071892523836,0.6730823588787951,0.20000549681507537,25,30,0
24,351,0.1261274917730179,0.0007848071892537636,0.6730822042230272,0.2000054968147001,25,30,0
24,352,0.11976993681651153,0.0007848071750356968,0.6794397389140303,0.20000551709442252,25,30,0
24,353,0.11976993681751179,0.0007848028119899291,0.6794397432760759,0.20000551709442252,25,30,0
24,354,0.12544991142622455,0.0007844458446904434,0.673760126158331,0.20000551657075472,25,30,0
24,355,0.12544991142622455,0.0007844458446904434,0.6737617490345679,0.20000389369451788,25,30,0
24,356,0.12510116418838602,0.0007832923687316347,0.6741116493754429,0.20000389406744007,25,30,0
24,357,0.1251011638292378,0.0007835424588893083,0.6741113811173288,0.200003912594545,25,30,0
24,358,0.1251011638294874,0.0007835418973375086,0.6741113816786296,0.20000391259454697,25,30,0
24,359,0.125101163829487,0.0007839037416530331,0.674111019834314,0.20000391259454697,25,30,0
24,360,0.16480360816765263,0.0007839038333814796,0.6344085749748646,0.2000039130241014,25,30,0
24,361,0.16510081188524825,0.000783903741652143,0.6341113717789257,0.20000391259417408,25,30,0
24,362,0.1651008118852438,0.0007839038195928934,0.6341101855475992,0.2000050987475643,25,30,0
24,363,0.1651008118852438,0.0007835418695705885,0.6341105474976216,0.20000509874756425,25,30,0
24,364,0.14713385135717955,0.0007835418771691644,0.6520775079819855,0.20000509878366649,25,30,0
24,365,0.14713385135717955,0.02202749793453678,0.6308335519246175,0.20000509878366649,25,30,0
24,366,0.14713384093423798,0.022027497934535498,0.630833563523414,0.20000509760781315,25,30,0
24,367,0.14713384093423798,0.022027497934535498,0.6308335629022378,0.2000050982289893,25,30,0
24,368,0.1471194927471757,0.022027497926837305,0.6308479111331002,0.2000050981928873,25,30,0
24,369,0.14711972532346834,0.022098715936813455,0.6307764605140905,0.20000509822562784,25,30,0
24,370,0.14711972532346843,0.02209871593685892,0.6307764816893286,0.20000507705034437,25,30,0
24,371,0.147119725323486,0.02209896908370119,0.630776228542354,0.20000507705045872,25,30,0
24,372,0.14711972532348608,0.03868750432244858,0.6141876933036061,0.20000507705045872,25,30,0
24,373,0.15367085628756627,0.0386875042477977,0.6076365822755675,0.20000505718906825,25,30,0
24,374,0.15367085699437888,0.038687504275462116,0.6076365636234456,0.2000050751067132,25,30,0
24,375,0.14317015889686982,0.038687504276658784,0.6180790887378308,0.20006324808864015,25,30,0
24,376,0.14317015819005724,0.03868750865275675,0.6180791028003871,0.20006323035679838,25,30,0
24,377,0.14317015819005724,0.03868750865275675,0.6180775958163206,0.20006473734086483,25,30,0
24,378,0.13794323631986358,0.03868750734588951,0.6233096721821314,0.20005958415211464,25,30,0
24,379,0.1379445497702101,0.038684790794647414,0.6233110753529841,0.2000595840821564,25,30,0
24,380,0.13794454977021,0.03868528827382431,0.6233105778738074,0.2000595840821564,25,30,0
24,381,0.13794454977021,0.03868528827382431,0.6233105514212798,0.2000596105346841,25,30,0
24,382,0.13794454977020992,0.06209629310277198,0.5998995465923307,0.20005961053468582,25,30,0
24,383,0.1379445497702099,0.06209674612836232,0.5998990935667421,0.2000596105346841,25,30,0
24,384,0.13794454976996062,0.06209649353222362,0.599899346163019,0.2000596105347965,25,30,0
24,385,0.14399243679183774,0.06209649345641486,0.5938514592170668,0.20005961053468138,25,30,0
24,386,0.14399243679183774,0.06209649345641486,0.5938514577812435,0.20005961197050467,25,30,0
24,387,0.14399243679183774,0.06209649345641486,0.5938514578046066,0.20005961194714167,25,30,0
24,388,0.14399243679183388,0.06209640019165391,0.593817181345885,0.20009398167062792,25,30,0
24,389,0.10399579817850124,0.06209640019187011,0.5990912233801474,0.2348165782494819,25,30,0
24,390,0.10399579817850124,0.062095854317872984,0.5990917692541445,0.2348165782494819,25,30,0
24,391,0.14357838853272717,0.06209515264065356,0.5595099392501071,0.23481651957651337,25,30,0
24,392,0.14357838853298135,0.06131601650055431,0.56028907538995,0.2348165195765154,25,30,0
24,393,0.14357838853298135,0.06131601650055431,0.5602889609197305,0.234816634046735,25,30,0
24,394,0.14357838853196325,0.06131576779637595,0.560289209625039,0.2348166340466226,25,30,0
24,395,0.14357838853196325,0.061316310834486326,0.5602886665869287,0.2348166340466226,25,30,0
24,396,0.14357838853196325,0.061316315197933305,0.5602898483758152,0.23481544789428788,25,30,0
24,397,0.1435783885176343,0.06133000553930418,0.5602761789671568,0.23481542697590382,25,30,0
24,398,0.1435783885176343,0.06133000553930418,0.560276177930506,0.23481542801255453,25,30,0
24,399,0.14268648963330555,0.06133000589460285,0.5611680764298206,0.23481542804227007,25,30,0
24,400,0.142686490459753,0.06132987957955152,0.561202550474481,0.2347810794862133,25,30,0
24,401,0.14268648998375313,0.06132987957954866,0.5612025509940122,0.23478107944268448,25,30,0
24,402,0.14268648998375313,0.06132987957954866,0.5612025499855436,0.2347810804511531,25,30,0
24,403,0.1426864899977023,0.06212022588051888,0.5604122036643578,0.23478108045741955,25,30,0
24,404,0.11338155206695344,0.06238087910029448,0.5894710572070836,0.23476651162566736,25,30,0
24,405,0.11338155206695344,0.06238087910029448,0.589471173124013,0.23476639570873797,25,30,0
24,406,0.11338155206695344,0.06238087910029448,0.5894710586540175,0.23476651017873343,25,30,0
24,407,0.11337821502349298,0.062380879100078286,0.5841970223128169,0.24004388356361095,25,30,0
24,408,0.11337821502349298,0.062380879100078286,0.5841970222777462,0.24004388359868137,25,30,0
24,409,0.11337821502349298,0.062380879100078286,0.5841970608250563,0.24004384505137139,25,30,0
24,410,0.11337769322287673,0.06238087910060929,0.5841975785130579,0.24004384916345498,25,30,0
24,411,0.11338214796564142,0.06238087910060877,0.5841931241960591,0.24004384873768958,25,30,0
24,412,0.11338214796564149,0.0623811277390794,0.5841928759226828,0.24004384837259604,25,30,0
24,413,0.11338214796564149,0.0623811277390794,0.5841975777760879,0.24003914651919087,25,30,0
24,414,0.11318800480757016,0.062120474518801025,0.5846610305926916,0.2400304900809368,25,30,0
24,415,0.11307344984521248,0.06212047451854235,0.5847755854843889,0.24003049015185646,25,30,0
24,416,0.11307344984521248,0.0808658284824853,0.5660302315204457,0.24003049015185648,25,30,0
24,417,0.11307344968466554,0.08086582848195423,0.5660302357911193,0.2400304860422611,25,30,0
24,418,0.11307322626288575,0.08079461047197807,0.5661016772556156,0.24003048600952057,25,30,0
24,419,0.11307322543666995,0.08079461038713522,0.5625314970899505,0.24360066708624437,25,30,0
24,420,0.11307322543666995,0.08079461038713522,0.5625314990879074,0.24360066508828715,25,30,0
24,421,0.11307320191094995,0.08079461474393289,0.5624989670085908,0.24363321633652604,25,30,0
24,422,0.11307320191094995,0.08079461474393289,0.5624989704896508,0.24363321285546616,25,30,0
24,423,0.11307320191094995,0.08079461474393289,0.5624989419011784,0.24363324144393858,25,30,0
24,424,0.11396015579768042,0.08079461438863422,0.5616119883999859,0.2436332414136992,25,30,0
24,425,0.11396015579768042,0.08079461438863422,0.5616118739299644,0.2436333558837208,25,30,0
24,426,0.11395814001948931,0.08079461438864306,0.5616138897778212,0.24363335581404577,25,30,0
24,427,0.11395814003399331,0.08078067403487506,0.561627830110568,0.24363335582056306,25,30,0
24,428,0.11395814004628288,0.08078042471690379,0.5616280794227637,0.2436333558140493,25,30,0
24,429,0.11397231785305674,0.08078042330133274,0.5616142877944259,0.24363297105118334,25,30,0
24,430,0.11397231785305674,0.08078042330133274,0.5616142482990052,0.24363301054660425,25,30,0
24,431,0.11397231785308139,0.08077992574432605,0.561614745855987,0.24363301054660425,25,30,0
24,432,0.1139745195814994,0.08079175727520725,0.5615997058987231,0.24363401724456918,25,30,0
24,433,0.11397231785308107,0.08077992566640654,0.5616147459275019,0.24363301055300945,25,30,0
24,434,0.11397231785308107,0.08077992566640654,0.5616147444797356,0.24363301200077575,25,30,0
24,435,0.1158692367084878,0.0807799256748748,0.5597178255754865,0.24363301204114968,25,30,0
24,436,0.1158692367084878,0.08077979965905267,0.5597179515913085,0.24363301204114968,25,30,0
24,437,0.11586923670849224,0.0807797953015606,0.5597854545373453,0.24356551345260047,25,30,0
24,438,0.11586923940089956,0.11912441635938159,0.5214408307870254,0.2435655134526923,25,30,0
24,439,0.11586924022483146,0.11913879730709505,0.5214264490217858,0.24356551344628677,25,30,0
24,440,0.11586924022483146,0.11913879730709505,0.5214264475742045,0.24356551489386816,25,30,0
24,441,0.11586924022483146,0.11913879730709505,0.5214264455659451,0.24356551690212747,25,30,0
24,442,0.11586924022485715,0.1191387973069604,0.5214264455660541,0.24356551690212747,25,30,0
24,443,0.11586924021065378,0.1183481981910515,0.5222170447024346,0.24356551689585904,25,30,0
24,444,0.11586923483139153,0.11834935509400314,0.5222158931782223,0.24356551689638156,25,30,0
24,445,0.11589844905930574,0.11834819819105151,0.5221878358537818,0.24356551689585942,25,30,0
24,446,0.11589844905932174,0.11834819375088915,0.5186726087909701,0.24708074839881758,25,30,0
24,447,0.11406915552963827,0.11834819472326794,0.5205019013469079,0.2470807484001844,25,30,0
24,448,0.11405454206955096,0.11834819472301168,0.5205165148078843,0.24708074839955146,25,30,0
24,449,0.11405454206955096,0.11834819472301168,0.5205118515022352,0.24708541170520057,25,30,0
24,450,0.11405453936485398,0.12000355641927786,0.5188564925107594,0.24708541170510706,25,30,0
24,451,0.11405453936485398,0.12000355641927786,0.5188564904775614,0.2470854137383051,25,30,0
24,452,0.11405453936485398,0.12000355641927786,0.518856491088818,0.24708541312704838,25,30,0
24,453,0.11405453936485398,0.10158518898277726,0.5372748585253192,0.24708541312704838,25,30,0
24,454,0.11377110007517652,0.10158518898277732,0.5375582977848204,0.24708541315722501,25,30,0
24,455,0.11377110007516052,0.10158518905253397,0.5375011620373892,0.24714254883491565,25,30,0
24,456,0.11377109925122862,0.1015708081827404,0.5375155437312288,0.2471425488348017,25,30,0
24,457,0.11374188124524526,0.1015708081827404,0.5375447617371903,0.2471425488348235,25,30,0
24,458,0.11374188124524082,0.10157080818410781,0.537544740925642,0.2471425696450087,25,30,0
24,459,0.11374188507041434,0.10157200092297826,0.5375434445983714,0.24714266940823562,25,30,0
24,460,0.11374188507041434,0.1015720009229779,0.5375434445983739,0.24714266940823365,25,30,0
24,461,0.11374188507041434,0.1015720009229779,0.5375434451069805,0.2471426688996268,25,30,0
24,462,0.11374188507041434,0.10158268625665545,0.5375327597733031,0.24714266889962677,25,30,0
24,463,0.11374188507094264,0.10433522228662376,0.5347802237428063,0.2471426688996268,25,30,0
24,464,0.11374188507094264,0.10433522228662376,0.5347801837566515,0.24714270888578163,25,30,0
24,465,0.11374240680785362,0.10433522230202398,0.5347796620043401,0.24714270888578202,25,30,0
24,466,0.11374240680785362,0.10433522222544572,0.5347796620809184,0.24714270888578202,25,30,0
24,467,0.11374240679334965,0.10433547530524435,0.5347794090156235,0.24714270888578216,25,30,0
24,468,0.11374240679334965,0.10433522222542402,0.5347796621019592,0.24714270887926673,25,30,0
24,469,0.11374240679334965,0.10433547094025668,0.5347794133871262,0.24714270887926673,25,30,0
24,470,0.11352916758838331,0.10433547094036522,0.5349926525921462,0.24714270887910483,25,30,0
24,471,0.11352916758838331,0.10433547094036522,0.534992654064879,0.24714270740637218,25,30,0
24,472,0.11352916758838331,0.10433547094036522,0.5349926536173419,0.24714270785390927,25,30,0
24,473,0.11352916758838331,0.10433547094036522,0.5349949331496567,0.24714042832159447,25,30,0
24,474,0.11352957133182594,0.1043355089213539,0.5049689557306501,0.2771659640161694,25,30,0
24,475,0.11353008047086503,0.10433431618248346,0.5049697390949305,0.2771658642517204,25,30,0
24,476,0.11353008047086503,0.10433431618248776,0.5049763456240054,0.2771592577226413,25,30,0
24,477,0.11353008047063343,0.10433435453793566,0.4746179925126871,0.30751757247874334,25,30,0
24,478,0.11353008047063343,0.10433435453793566,0.47461799203762445,0.3075175729538057,25,30,0
24,479,0.11353008047063343,0.10433435898067059,0.47461798759488993,0.3075175729538057,25,30,0
24,480,0.11353008047063427,0.10433435898067059,0.4746179875949112,0.30751757295378396,25,30,0
24,481,0.11512836515895251,0.10433435899406993,0.47301970289197903,0.3075175729549985,25,30,0
24,482,0.11512796141550989,0.10433432094209921,0.4666180694518923,0.3139196481904985,25,30,0
24,483,0.11512796141550989,0.10433432094209921,0.46661809587469066,0.31391962176770016,25,30,0
24,484,0.11512796141550989,0.10430284393430674,0.4666495728824831,0.31391962176770016,25,30,0
24,485,0.11499519965686229,0.10430284393592416,0.46678231045618085,0.3139196459510327,25,30,0
24,486,0.11499519965686229,0.10430284393592416,0.46678231046786495,0.31391964593934857,25,30,0
24,487,0.11499519965686229,0.10430284393592416,0.4667822820223178,0.3139196743848957,25,30,0
24,488,0.11499519965686229,0.10430284393590057,0.46678228202234145,0.3139196743848957,25,30,0
24,489,0.11499519965686229,0.10430284393590057,0.46678000242896756,0.3139219539782696,25,30,0
24,490,0.1149951996568623,0.11900418689719673,0.4520786594656277,0.3139219539803133,25,30,0
24,491,0.1154790709535502,0.11900418689764532,0.45159478816654236,0.3139219539822619,25,30,0
24,492,0.11547903433690519,0.11900418689711904,0.4515948206703315,0.3139219580956432,25,30,0
24,493,0.11547903433690519,0.11900418689711476,0.4515929159687633,0.3139238627972157,25,30,0
24,494,0.11451925491714134,0.1190041868965595,0.4525526953913838,0.3139238627949144,25,30,0
24,495,0.1144516296515471,0.11901636057553631,0.4526081470143373,0.3139238627585777,25,30,0
24,496,0.11445162965154708,0.14430386674541815,0.42732064084094057,0.31392386276209305,25,30,0
24,497,0.11445162965154701,0.14430382831903166,0.4212514765416685,0.31999306548775186,25,30,0
24,498,0.11445162965154701,0.14430382831903166,0.4212514765670573,0.31999306546236306,25,30,0
24,499,0.11445162965154701,0.14431433233657703,0.42124097255507104,0.319993065456804,25,30,0
24,500,0.11445162965154701,0.1443069895934978,0.42124831529815027,0.319993065456804,25,30,0
24,501,0.11445162965154701,0.1443069895934978,0.4212483145933905,0.31999306616156376,25,30,0
24,502,0.11445162965154701,0.1443069895934978,0.421248316016556,0.31999306473839817,25,30,0
24,503,0.11445162965154701,0.1443069895934978,0.42124831802929064,0.31999306272566347,25,30,0
24,504,0.11445162965154701,0.1443069895934978,0.4212460392038688,0.3199953415510854,25,30,0
24,505,0.11445162965154701,0.1443069895934978,0.4212460391791197,0.31999534157583454,25,30,0
24,506,0.11445162965154701,0.14433807310980523,0.42121495566281214,0.31999534157583454,25,30,0
24,507,0.11458083234576069,0.14433807310818833,0.42108577715341705,0.3199953173926331,25,30,0
24,508,0.11458083234576069,0.14433807310818833,0.42108577860115864,0.3199953159448915,25,30,0
24,509,0.11458031954210472,0.1443380731081884,0.4210862913339126,0.3199953160157934,25,30,0
24,510,0.11458031954210511,0.1443383218243587,0.42108604261774185,0.31999531601579334,25,30,0
24,511,0.11458031954210911,0.14435249251249607,0.42107187156455234,0.3199953163808415,25,30,0
24,512,0.11458031969994625,0.14435249251250068,0.4210718714066889,0.31999531638086326,25,30,0
24,513,0.11458031969994625,0.14435288595792767,0.42107147796126193,0.31999531638086326,25,30,0
24,514,0.11458136233309624,0.1443528859579252,0.4210704394427615,0.3199953122662156,25,30,0
24,515,0.11458136233309624,0.1443528859579252,0.4210704400540182,0.31999531165495887,25,30,0
24,516,0.11458136233309624,0.14435250582415612,0.42107082018778724,0.31999531165495887,25,30,0
24,517,0.11458136233309624,0.1443525058241562,0.4210708486608075,0.3199952831819385,25,30,0
24,518,0.11458136983562231,0.1443525058370535,0.421070841216455,0.3199952831108675,25,30,0
24,519,0.11458136983562231,0.1443525058370535,0.4210708391935259,0.3199952851337966,25,30,0
24,520,0.12036350298337896,0.1443525060162199,0.41528870621317815,0.3199952847872224,25,30,0
24,521,0.12036352221178115,0.14435250601635274,0.41528868698401006,0.3199952847878554,25,30,0
24,522,0.12036352221178122,0.14435250593848115,0.41528866593770014,0.3199953059120367,25,30,0
24,523,0.1203635222112567,0.15959585140766241,0.40004532046894714,0.3199953059121331,25,30,0
24,524,0.1203635222112567,0.159595851406295,0.39997896472631206,0.3200616616561359,25,30,0
24,525,0.12036352492071899,0.1602697449696983,0.39930506845344516,0.3200616616561375,25,30,0
24,526,0.12036246307043402,0.1602697449695632,0.3993061303044982,0.32006166165550454,25,30,0
24,527,0.12036246307043402,0.1602697449695632,0.3993061303040642,0.3200616616559385,25,30,0
24,528,0.1204225992533572,0.15991902204226321,0.39959671675660347,0.3200616619477758,25,30,0
24,529,0.1204225992533572,0.15991902204226321,0.3995920144652457,0.32006636423913337,25,30,0
24,530,0.1204225992533572,0.15991902204226321,0.3995920144569169,0.3200663642474622,25,30,0
24,531,0.12042259925349315,0.15992622710811,0.3995848199420985,0.32006635369629777,25,30,0
24,532,0.12042259925349315,0.15992622710810994,0.3995847894369596,0.32006638420143685,25,30,0
24,533,0.08074086773328631,0.15992622786510796,0.43926639499839687,0.3200665094032084,25,30,0
24,534,0.08074086773328631,0.15992622786510796,0.4392663949977713,0.32006650940383397,25,30,0
24,535,0.08074086773328631,0.15992622786510796,0.4392663949704301,0.3200665094311752,25,30,0
24,536,0.08074086773316382,0.15991902285920312,0.4392726976722542,0.32006741173537834,25,30,0
24,537,0.08074091334184379,0.15991902285920803,0.4392726520610152,0.32006741173793246,25,30,0
24,538,0.08074091334184003,0.1603416348539933,0.4388500400663301,0.3200674117378358,25,30,0
24,539,0.08074091334182651,0.16034164367949244,0.43885094411806647,0.32006649886061384,25,30,0
24,540,0.08074091334182651,0.16034164367949244,0.4388525115252127,0.32006493145346765,25,30,0
24,541,0.07917122395665897,0.16034164452469515,0.4404222000651311,0.32006493145351383,25,30,0
24,542,0.07917122395665897,0.16034163571719723,0.4404222088726291,0.32006493145351383,25,30,0
24,543,0.11872897311299527,0.16034163486812372,0.4008645853528004,0.32006480666608,25,30,0
24,544,0.11872897311299527,0.1603416393108085,0.4008645809101157,0.3200648066660801,25,30,0
24,545,0.11872897311299527,0.16034937549582376,0.4008568447251004,0.3200648066660801,25,30,0
24,546,0.11872897311324981,0.1603493754958478,0.4009232004688398,0.31999845092206164,25,30,0
24,547,0.08223353202197556,0.16034937540762736,0.4374186420775027,0.3199984504928935,25,30,0
24,548,0.08223353202197556,0.16034937540762736,0.43741864204227404,0.3199984505281222,25,30,0
24,549,0.0821733931295901,0.16002620476883261,0.437801951865293,0.31999845023628326,25,30,0
24,550,0.0821733931295901,0.16002620476883261,0.4378003830231249,0.32000001907845144,25,30,0
24,551,0.0821733931295901,0.16002621440403084,0.43780037338792677,0.32000001907845144,25,30,0
24,552,0.08215652207087948,0.16002623378464453,0.43781712683550245,0.3200001173089724,25,30,0
24,553,0.0821565220708817,0.16003350701088684,0.43780985360920144,0.320000117309029,25,30,0
24,554,0.0821565220708817,0.16003350701088684,0.43780985363655367,0.32000011728167677,25,30,0
24,555,0.0821565220708817,0.16097129971018118,0.4368720609372594,0.32000011728167677,25,30,0
24,556,0.0821565220708817,0.16097129971018118,0.43687206138801954,0.32000011683091656,25,30,0
24,557,0.0821565220708817,0.16097129971018118,0.4368721424636627,0.3200000357552736,25,30,0
24,558,0.0821565220708817,0.16097129971018118,0.44748029898689656,0.30939187923204,25,30,0
24,559,0.0821565220708817,0.16097129971018118,0.43687209993477766,0.3200000782841586,25,30,0
24,560,0.0821565220708817,0.16097129971018118,0.43687218245791926,0.31999999576101706,25,30,0
24,561,0.07833730498692193,0.16097130431444623,0.44069139454587275,0.3199999961527584,25,30,0
24,562,0.11755128369950557,0.16097130432684265,0.4014773206725644,0.3200000913010868,25,30,0
24,563,0.11755128369950557,0.16097130432684265,0.4014773206372172,0.32000009133643403,25,30,0
24,564,0.11755128369950557,0.16097130432684265,0.40147732063569236,0.3200000913379587,25,30,0
24,565,0.11755128369950557,0.16097130432684265,0.40147743509384304,0.3199999768798081,25,30,0
24,566,0.11755128369950557,0.16097130421839853,0.4014774352022872,0.3199999768798081,25,30,0
24,567,0.11755128369950557,0.16097130421839853,0.40147739520742176,0.32000001687467344,25,30,0
24,568,0.11755128369950557,0.16096043808777163,0.40148826133804866,0.32000001687467344,25,30,0
24,569,0.11755128369950336,0.16095340921177406,0.40149529021410507,0.32000001687461677,25,30,0
24,570,0.11755128369950336,0.16095340921177406,0.4014952091383023,0.32000009795041956,25,30,0
24,571,0.11755128452638246,0.16095316034087706,0.4014954571823202,0.32000009795041945,25,30,0
24,572,0.07950910881847868,0.16095316034087784,0.43953763291988523,0.32000009792075773,25,30,0
24,573,0.07854658729353259,0.16095316034087792,0.4405000181443111,0.32000023422127827,25,30,0
24,574,0.07854659041089626,0.1617312320648882,0.43972192296376006,0.3200002545604555,25,30,0
24,575,0.07854659041089626,0.1617312320648882,0.4397219249972498,0.32000025252696573,25,30,0
24,576,0.07854659041089626,0.1617312320648882,0.4397218105267886,0.32000036699742695,25,30,0
24,577,0.07855217342646646,0.16173291953298471,0.4137176864528849,0.3459972205876641,25,30,0
24,578,0.07855217342646646,0.16170144240323253,0.41374916358263714,0.3459972205876641,25,30,0
24,579,0.07855217342646646,0.16170144240323253,0.41374927949986534,0.34599710467043576,25,30,0
24,580,0.07855217259959191,0.16170194853582753,0.41374877419414074,0.34599710467043976,25,30,0
24,581,0.07855217259959191,0.16170194853582753,0.4137487727471867,0.3459971061173938,25,30,0
24,582,0.07855217259959207,0.18564633846732215,0.3898043828156314,0.3459971061174545,25,30,0
24,583,0.07853434359985566,0.1856446307446049,0.37591317555024917,0.35990785010529025,25,30,0
24,584,0.07853434359985549,0.20074736692958248,0.36081043936533236,0.3599078501052296,25,30,0
24,585,0.07853434359985549,0.20074735050629053,0.36081045578862425,0.3599078501052296,25,30,0
24,586,0.07853480916278081,0.20074735219666645,0.3608099845045469,0.3599078541360058,25,30,0
24,587,0.07540898643080293,0.20074735219668519,0.36393580723651636,0.3599078541359952,25,30,0
24,588,0.07540847514441394,0.20075449769334214,0.36392916657151486,0.35990786059072877,25,30,0
24,589,0.07540847516147055,0.20074777052316545,0.36393590420721794,0.35990785010814574,25,30,0
24,590,0.07540847516147055,0.20074777052316545,0.3639360186774485,0.3599077356379152,25,30,0
24,591,0.07886631815514186,0.200747766008977,0.36040006735552926,0.3599858484803518,25,30,0
24,592,0.11790918229733427,0.20074776599607966,0.32135720322732253,0.3599858484792635,25,30,0
24,593,0.07931829942212217,0.20074779520206978,0.3600261653946843,0.35990773998112396,25,30,0
24,594,0.0791158050618861,0.20074779518978428,0.3602286585984161,0.3599077411499137,25,30,0
24,595,0.0791158050618861,0.20074779518978428,0.3602287411215499,0.35990765862677987,25,30,0
24,596,0.0791158050618861,0.20074779518978428,0.36022874109649494,0.35990765865183477,25,30,0
24,597,0.0791158050618861,0.20074779518978428,0.36022873976466635,0.35990765998366325,25,30,0
24,598,0.0791158050618861,0.20074779518978428,0.3602286572664969,0.3599077424818327,25,30,0
24,599,0.0791158050618861,0.20076286164285143,0.3602135908134298,0.3599077424818327,25,30,0
24,600,0.07911585210586611,0.20074869044564247,0.36022771533159215,0.3599077421168987,25,30,0
24,601,0.0791158520599637,0.20074827478806878,0.36022813104056917,0.3599077421113976,25,30,0
24,602,0.07911585205996051,0.20074827478806878,0.36013582688655127,0.36000004626541865,25,30,0
24,603,0.07911585204595217,0.2007485228362524,0.36013557885237596,0.36000004626541865,25,30,0
24,604,0.07911585204595217,0.2007485228362524,0.3601355793510808,0.36000004576671385,25,30,0
24,605,0.07911585204595217,0.20072612517036595,0.3601579770169674,0.36000004576671385,25,30,0
24,606,0.08005580742320584,0.20072612517651295,0.35921811795015207,0.3599999494501284,25,30,0
24,607,0.08005576037922532,0.20072587245012607,0.35921841772063173,0.3599999494500161,25,30,0
24,608,0.0800557610968105,0.20072587251775698,0.3592184169353182,0.3599999494501136,25,30,0
24,609,0.0800557610968105,0.20072587251775698,0.35921830101775926,0.3600000653676726,25,30,0
24,610,0.07901162387587256,0.2007286635817658,0.3602595319068781,0.36000018063548306,25,30,0
24,611,0.07901162387587256,0.2007286635817658,0.3602595324293248,0.3600001801130363,25,30,0
24,612,0.03997806351949892,0.20072948293442144,0.3992882996988561,0.36000415384722295,25,30,0
24,613,0.03997806351949892,0.20072948293442144,0.39928818380626224,0.360004269739817,25,30,0
24,614,0.07982552977394991,0.20072666257593327,0.3594436579142791,0.3600041497358371,25,30,0
24,615,0.07982553040529675,0.2007266625767345,0.35944365728210853,0.3600041497358597,25,30,0
24,616,0.07982553123142004,0.20072666265459532,0.3594424710994012,0.36000533501458243,25,30,0
24,617,0.07982553123142004,0.2006955791392049,0.35947355461479163,0.36000533501458243,25,30,0
24,618,0.07982553123142004,0.2006955791392049,0.35947355410576093,0.360005335523613,25,30,0
24,619,0.07982553123142004,0.2007270491983058,0.35944208404666006,0.360005335523613,25,30,0
24,620,0.07982553123142004,0.2007270491983058,0.3594420840466384,0.3600053355236346,25,30,0
24,621,0.07981623942159558,0.2008115632102257,0.3593636979357737,0.360008499432404,25,30,0
24,622,0.07981623942159558,0.20081137278779926,0.3593638883582002,0.360008499432404,25,30,0
24,623,0.079816238704011,0.20081138159977352,0.3593638802639097,0.36000849943230473,25,30,0
24,624,0.07996735349961163,0.20081138159818576,0.3592127654696348,0.36000849943256674,25,30,0
24,625,0.07996735349961163,0.20081138159818576,0.3592127654692046,0.3600084994329969,25,30,0
24,626,0.07995006911227281,0.20081138159833986,0.359230186114276,0.3600083631751108,25,30,0
24,627,0.040017095993939274,0.20081141014963977,0.3991629946111314,0.3600084992452895,25,30,0
24,628,0.04001709522423192,0.20082550516025058,0.3991500861470005,0.36000731346851667,25,30,0
24,629,0.04572710859620325,0.20082550515944944,0.39344007277585274,0.3600073134684941,25,30,0
24,630,0.04572710859620325,0.19958662059078486,0.3946789573445173,0.3600073134684941,25,30,0
24,631,0.045727108598954354,0.1995868088213838,0.39467876911117117,0.36000731346849013,25,30,0
24,632,0.045727108598954354,0.20082569778997317,0.3934398801425818,0.36000731346849013,25,30,0
24,633,0.04572741681496941,0.20082569778997608,0.39343956953648906,0.36000731585856527,25,30,0
24,634,0.04572741681496941,0.20082569778997608,0.39343957001063606,0.36000731538441827,25,30,0
24,635,0.04572741681496941,0.20082569778997608,0.3934395700355901,0.3600073153594641,25,30,0
24,636,0.04572741681496941,0.20082569778997608,0.39344119291143076,0.3600056924836235,25,30,0
24,637,0.04572741681496941,0.20082569778997608,0.3934412328811753,0.36000565251387895,25,30,0
24,638,0.04572741681496941,0.20082569778997608,0.39344123491403626,0.36000565048101796,25,30,0
24,639,0.04572741681496941,0.20082569778997608,0.39344123644814843,0.36000564894690584,25,30,0
24,640,0.04572741681496941,0.20082569778997608,0.3934412344528249,0.36000565094222936,25,30,0
24,641,0.04572741681496941,0.20082569778997608,0.39344123244457335,0.3600056529504809,25,30,0
24,642,0.045727418411865006,0.20081160492295658,0.3934547408756529,0.3600062357895251,25,30,0
24,643,0.045727418411865006,0.20084252956519094,0.39342381623341866,0.3600062357895251,25,30,0
24,644,0.04572741675830341,0.20084252734371483,0.3934244236247131,0.3600056322732684,25,30,0
24,645,0.04572741675830341,0.20084252734371483,0.39343102986608924,0.3599990260318923,25,30,0
24,646,0.04496499886824292,0.2008426331427116,0.39419333590258987,0.3599990320864555,25,30,0
24,647,0.04496499886824292,0.20040638556421278,0.3946295834809922,0.35999903208655193,25,30,0
24,648,0.04496499886824292,0.20040638556421278,0.3946229772742301,0.3600056382933141,25,30,0
24,649,0.04496499886824292,0.20084263635003383,0.3941867264885056,0.36000563829321763,25,30,0
24,650,0.044964979233029105,0.20075730298545824,0.39427921713126024,0.3599985006502526,25,30,0
24,651,0.044964979233029105,0.20075730298545824,0.3942793330235431,0.3599983847579697,25,30,0
24,652,0.044964979233506355,0.20075742279835354,0.39242327258481174,0.36185432538332857,25,30,0
24,653,0.044964979233506355,0.20075742279835354,0.3924264357450616,0.36185116222307884,25,30,0
24,654,0.044964979233506355,0.20077944344420165,0.39240441509921326,0.36185116222307884,25,30,0
24,655,0.044964979233506355,0.20077982736176783,0.392404031181647,0.36185116222307884,25,30,0
24,656,0.044964979233506355,0.20077982046113985,0.392404038082275,0.36185116222307884,25,30,0
24,657,0.04575113913665261,0.200779149274784,0.39161236132734645,0.36185735026121735,25,30,0
24,658,0.04502386629619845,0.2007791265307244,0.3923458449144233,0.3618511622586542,25,30,0
24,659,0.04502386629619845,0.2007791265307244,0.39234584537563777,0.3618511617974396,25,30,0
24,660,0.04502386629619845,0.2007791265307244,0.39234580679261155,0.36185120038046575,25,30,0
24,661,0.04007838763441953,0.20077902160729275,0.39729139643234035,0.36185119432594737,25,30,0
24,662,0.04007838445692426,0.19998877522482594,0.39808166633036435,0.36185117398788563,25,30,0
24,663,0.04007838445692426,0.19998878459282998,0.3980816569623603,0.36185117398788563,25,30,0
24,664,0.04007838445692427,0.19998878459283428,0.3980847397082065,0.3618480912420353,25,30,0
24,665,0.04302756607459894,0.1999887560485246,0.39512987399716254,0.3618538038797142,25,30,0
24,666,0.04302958229910175,0.19998875688197162,0.3951278569391698,0.36185380387975713,25,30,0
24,667,0.04302958229910175,0.1999681999450666,0.3951484138759775,0.3618538038798546,25,30,0
24,668,0.043030798147855896,0.1999681999450666,0.3951471980272231,0.3618538038798546,25,30,0
24,669,0.043030798147855896,0.1999681999450666,0.3951473139196249,0.3618536879874527,25,30,0
24,670,0.043030798147855896,0.1999681999450666,0.39514731391961405,0.3618536879874636,25,30,0
24,671,0.043030798147855896,0.1999681999450666,0.3951471980624456,0.361853803844632,25,30,0
24,672,0.043030798147855896,0.19996764996018576,0.3951477480473264,0.361853803844632,25,30,0
24,673,0.043030798147855896,0.19996764996018576,0.395147863263303,0.36185368862865525,25,30,0
24,674,0.0030363177300107543,0.2005986173499412,0.43451045009839495,0.36185461482165293,25,30,0
24,675,0.003032196889145709,0.19996786581304637,0.4351462306090148,0.36185370668879324,25,30,0
24,676,0.0030321969209456596,0.19996786603372715,0.4351462303565339,0.36185370668879324,25,30,0
24,677,0.0030321969209456596,0.19996786603372724,0.43514625846723504,0.3618536785780919,25,30,0
24,678,0.0030321969209456596,0.19996786603372724,0.4351462579687594,0.3618536790765674,25,30,0
24,679,0.0030321969209456596,0.19996786623964455,0.435146257762842,0.3618536790765674,25,30,0
24,680,0.003040029237043161,0.19996867707122298,0.4351375467938014,0.3618537468979321,25,30,0
24,681,0.003040029237043161,0.1999686770712229,0.4351375172730323,0.36185377641870126,25,30,0
24,682,0.0030399989035859304,0.19996867619592326,0.43513754848183395,0.3618537764186566,25,30,0
24,683,0.0030399989035859165,0.19996867619591896,0.4351328428362429,0.36185848206425214,25,30,0
24,684,0.0030399989035859165,0.19996867619591896,0.43513284489422416,0.3618584800062708,25,30,0
24,685,0.0030399989031041985,0.19998273279629433,0.4369747289262065,0.3600025393743945,25,30,0
24,686,0.0030399989031041985,0.19998273279629433,0.43697461303425006,0.3600026552663509,25,30,0
24,687,0.0030399989031041985,0.19998273279629433,0.43697461297403156,0.3600026553265694,25,30,0
24,688,0.0030399989028578674,0.19998285521227147,0.43697449055830306,0.3600026553265674,25,30,0
24,689,0.0030399989028578674,0.19998285521227147,0.43697449169866315,0.3600026541862072,25,30,0
24,690,0.0030399989028578674,0.19998285521227147,0.4369713305720384,0.3600058153128319,25,30,0
24,691,0.0030399989041297237,0.19996893194595838,0.43698525383056647,0.36000581531934506,25,30,0
24,692,0.0030399989041297237,0.19996893194595838,0.43698525380517766,0.36000581534473386,25,30,0
24,693,0.003039998904129725,0.19996893194595838,0.43698995711568345,0.3600011120342282,25,30,0
24,694,0.003039998904129725,0.19996892506888908,0.43698996399275275,0.3600011120342282,25,30,0
24,695,0.003039998905398215,0.1999685502468268,0.43699031764673163,0.3600011332010431,25,30,0
24,696,0.003039998905373395,0.19996879836559597,0.43699009033070213,0.36000111239832827,25,30,0
24,697,0.003039998905373395,0.19996879836559597,0.43698997647239,0.3600012262566405,25,30,0
24,698,0.00013614302783644693,0.19996879835235032,0.43989968107088345,0.3599953775489293,25,30,0
24,699,0.00013585604468717901,0.19997045285944112,0.4398983159363231,0.3599953751595477,25,30,0
24,700,0.00018855342699449154,0.19997174370401372,0.4398443276756284,0.35999537519336255,25,30,0
24,701,0.00018855060835099577,0.19998591352643513,0.43983017873202257,0.3599953571331905,25,30,0
24,702,0.00018855060835099577,0.19998591352643513,0.43983017961299786,0.35999535625221524,25,30,0
24,703,0.00018855060835100263,0.19998591796645543,0.4398301748080003,0.3599953566171921,25,30,0
24,704,0.00018855060835100263,0.19998591796645543,0.4398301727491433,0.35999535867604904,25,30,0
24,705,0.00018855060835100263,0.19998591796645543,0.4398301727739243,0.359995358651268,25,30,0
24,706,0.02814845017669463,0.19998512137313437,0.4118711364087912,0.35999529204137865,25,30,0
24,707,0.014478105642475923,0.19998551488906635,0.42554108862768736,0.3599952908407691,25,30,0
24,708,0.014478105642475923,0.19998551488906635,0.42554108865289497,0.3599952908155615,25,30,0
24,709,0.014478105642475923,0.19998551488906635,0.42553638536628285,0.35999999410217365,25,30,0
24,710,0.014478105642475923,0.19998551488906635,0.4255363854015073,0.35999999406694927,25,30,0
24,711,0.014478105642475923,0.19998551488906635,0.42553638544593775,0.3599999940225186,25,30,0
24,712,0.014425408261694568,0.19998422404422814,0.4255903737053723,0.35999999398870364,25,30,0
24,713,0.014425408261694568,0.19998422404422814,0.4255903717327986,0.3599999959612773,25,30,0
24,714,0.01623168813428399,0.19998422827607462,0.4237840875892464,0.35999999600039373,25,30,0
24,715,0.01623168813428399,0.19998422827607462,0.42378408895692776,0.3599999946327123,25,30,0
24,716,0.01623168813428399,0.19998422827607462,0.4237863684894356,0.3599977151002045,25,30,0
24,717,0.01623168813428399,0.1999625083230286,0.42380808844248163,0.3599977151002045,25,30,0
24,718,0.016230159071990595,0.19996250769102186,0.4238096181368208,0.359997715100167,25,30,0
24,719,0.016230159071990595,0.1999315867790806,0.4238405390487619,0.359997715100167,25,30,0
24,720,0.016230159071990595,0.19996306696019392,0.4238090588676485,0.359997715100167,25,30,0
24,721,0.016230159071990595,0.19996306696019392,0.42380905837748784,0.3599977155903274,25,30,0
24,722,0.016230159071990595,0.19993159690863685,0.423840528429045,0.3599977155903274,25,30,0
24,723,0.016230159071990595,0.19871459140996123,0.42505753392772055,0.35999771559032745,25,30,0
24,724,0.016230159071990595,0.19874620251834688,0.42502592281943236,0.35999771559022997,25,30,0
24,725,0.016230159070718744,0.19874594937278073,0.4250261759727849,0.3599977155837148,25,30,0
24,726,0.016230159070718744,0.1999846818214048,0.42378744352416087,0.3599977155837148,25,30,0
24,727,0.016230159070718744,0.1999846818214048,0.46032337516212174,0.3234617839457537,25,30,0
24,728,0.016230159070718744,0.1999769478488248,0.46033110913470004,0.32346178394575537,25,30,0
24,729,0.016230159070718744,0.1999769478488248,0.4603311070763088,0.32346178600414643,25,30,0
24,730,0.016230159070718744,0.1999738182404181,0.4603342366847172,0.32346178600414477,25,30,0
24,731,0.0024045717409644533,0.19997341048638206,0.4741602317588795,0.32346178601377346,25,30,0
24,732,0.0024045717409644533,0.19997341048638206,0.4741602297492233,0.32346178802342945,25,30,0
24,733,0.002404571739717669,0.19997316236623436,0.47412639646445376,0.3234958694295936,25,30,0
24,734,0.0024045717397221346,0.19997316236760213,0.4775881852315347,0.3200340806611404,25,30,0
24,735,0.0024061699935950874,0.19997316216589614,0.47758658717937313,0.3200340806611351,25,30,0
24,736,0.0024061699935950874,0.19997316216589614,0.4775867037516302,0.32003396408887796,25,30,0
24,737,0.0024041188609047145,0.19997316216589625,0.4775887548843206,0.32003396408887796,25,30,0
24,738,0.0024041188609047145,0.19997316216589625,0.4775887555601446,0.32003396341305396,25,30,0
24,739,0.0024041188609047076,0.19997316201668755,0.4775887557218337,0.32003396340057355,25,30,0
24,740,0.002404118860904728,0.1999779729704646,0.47758394476805627,0.3200339634005742,25,30,0
24,741,0.008026912677454274,0.19997797297068867,0.47196115089039464,0.3200339634614622,25,30,0
24,742,0.008026912677454274,0.19997797297068878,0.47196123340234825,0.3200338809495084,25,30,0
24,743,0.008026932285490361,0.20004877844681038,0.47189040824146417,0.32003388102623487,25,30,0
24,744,0.008026932285490361,0.20004877844681038,0.47189041023988254,0.32003387902781627,25,30,0
24,745,0.008026932285490361,0.200059637676825,0.471879551009868,0.32003387902781627,25,30,0
24,746,0.008026932285490361,0.200059637676825,0.47187954897684004,0.32003388106084424,25,30,0
24,747,0.008026932285490363,0.20002803177942982,0.4719111548742352,0.32003388106084424,25,30,0
24,748,0.008026932285490363,0.20002802923282556,0.4719111574208392,0.32003388106084424,25,30,0
24,749,0.008026932285490361,0.20005963233702562,0.47187955431663925,0.32003388106084424,25,30,0
24,750,0.008026932285490361,0.20005963233702556,0.4718794725512469,0.32003396282623664,25,30,0
24,751,0.008028148985812196,0.19997444169667256,0.4719633076843334,0.32003410163318124,25,30,0
24,752,0.008028148992993502,0.19996975608487266,0.47196739568683577,0.3200346992352975,25,30,0
24,753,0.008028149005192881,0.19996975179271412,0.4719095170455233,0.3200925821565687,25,30,0
24,754,0.008028149005192881,0.19996975179271412,0.4719095170207458,0.3200925821813462,25,30,0
24,755,0.008028149005192881,0.19996975179271412,0.4719094004601698,0.32009269874192214,25,30,0
24,756,0.008028149005192881,0.19996975179271412,0.4719094011861754,0.3200926980159165,25,30,0
24,757,0.008026989668292366,0.19996985420731866,0.47191059699232396,0.320092559132064,25,30,0
24,758,0.008026989668292366,0.19996985420731866,0.4719105970269461,0.3200925590974419,25,30,0
24,759,0.008026989668292366,0.19996985420731866,0.4719105963009235,0.32009255982346446,25,30,0
24,760,0.008026989668292366,0.1812143422222934,0.4906661082859491,0.32009255982346446,25,30,0
24,761,0.008026989668292366,0.1812143422222934,0.4906661068637332,0.3200925612456804,25,30,0
24,762,0.009430095930281577,0.18121435606667802,0.4892555917699641,0.3200999562330756,25,30,0
24,763,0.009430095930281577,0.1812044043740673,0.48926554346257495,0.3200999562330756,25,30,0
24,764,0.009430095930281577,0.1812044043740673,0.48926554201585604,0.3200999576797943,25,30,0
24,765,0.009430095930281577,0.18120401121599616,0.48926593517392697,0.3200999576797943,25,30,0
24,766,0.009430095930281577,0.18120401121599625,0.49392479827418456,0.3154410945795369,25,30,0
24,767,0.010897622083718205,0.18120399780442914,0.4924646785114896,0.31543370160036227,25,30,0
24,768,0.010897622083718205,0.18120400716303814,0.4924646691528807,0.31543370160036227,25,30,0
24,769,0.010897622083718205,0.18118159328782812,0.49248708302809063,0.31543370160036227,25,30,0
24,770,0.010897622083718205,0.18121251086143564,0.49245616545448334,0.31543370160036227,25,30,0
24,771,0.010897622071518835,0.1812125108614151,0.4925116349093051,0.3153782321577606,25,30,0
24,772,0.010897622071518835,0.18122287924845554,0.4925012665222646,0.3153782321577606,25,30,0
24,773,0.01089754509904679,0.18125110085590054,0.49247312188733616,0.31537823215771615,25,30,0
24,774,0.01089754509904679,0.16249259774220232,0.5112316250010343,0.31537823215771615,25,30,0
24,775,0.01089754509904679,0.16249259774220232,0.5112363283015737,0.3153735288571767,25,30,0
24,776,0.01089754509904679,0.16249259774220232,0.5112316250010062,0.3153782321577442,25,30,0
24,777,0.01089754510002724,0.1420404043506137,0.5316838180337673,0.31537823251559055,25,30,0
24,778,0.021435863732494856,0.14204039101846125,0.5211454828199503,0.31537826242909284,25,30,0
24,779,0.021435863732494856,0.14204039101846125,0.5211455987117315,0.3153781465373116,25,30,0
24,780,0.021435863732494856,0.1420399404552025,0.5211460492749885,0.31537814653731333,25,30,0
24,781,0.021435863732494856,0.1420399404552025,0.5211459333578154,0.3153782624544863,25,30,0
24,782,0.021435863732494922,0.16017859188810565,0.5030072819194361,0.31537826245996237,25,30,0
24,783,0.021435863732494922,0.16017859188810565,0.5030073218799211,0.3153782224994774,25,30,0
24,784,0.021435863732494922,0.16015657333838715,0.5030293404296414,0.3153782224994757,25,30,0
24,785,0.021435863732494922,0.16015657333838715,0.5030293404290433,0.31537822250007375,25,30,0
24,786,0.021435863732494922,0.16015657333838715,0.5030293424874623,0.31537822044165476,25,30,0
24,787,0.015815120959520795,0.1601565733381632,0.5086500853215484,0.31537822038076685,25,30,0
24,788,0.01581512095952105,0.15893987878223126,0.5098667798774802,0.31537822038076685,25,30,0
24,789,0.01581512095952105,0.15893987878223126,0.5098667798418103,0.31537822041643687,25,30,0
24,790,0.015816467249898068,0.15893987967291462,0.5095064163850573,0.31573723669212994,25,30,0
24,791,0.015816467249898068,0.15896246815064036,0.5094838279073315,0.31573723669212994,25,30,0
24,792,0.01581514224042119,0.15896249584088412,0.5098780870065874,0.315344274912107,25,30,0
24,793,0.01581514224042119,0.15896249584088412,0.5098780870065835,0.315344274912111,25,30,0
24,794,0.03957588840698426,0.1589624962397596,0.4861161005753303,0.3153455147779255,25,30,0
24,795,0.03957588840698426,0.1589624962397596,0.4861161810398686,0.31534543431338724,25,30,0
24,796,0.07957579023397493,0.15896246765882066,0.44611644405975065,0.315345298047453,25,30,0
24,797,0.07951792432353495,0.1589625390921438,0.44617423656870797,0.3153453000156134,25,30,0
24,798,0.07951792432353495,0.1589629254677026,0.44617385019314915,0.3153453000156134,25,30,0
24,799,0.07951792432353495,0.1589629254677026,0.44617385024006245,0.3153452999687,25,30,0
24,800,0.07951792432353495,0.1589629254677026,0.44617400622954556,0.3153451439792169,25,30,0
24,801,0.07951690326362688,0.1589628536105584,0.4461751011076403,0.3153451420181745,25,30,0
24,802,0.0795170170082598,0.1589628536106173,0.446171576353794,0.31534855302732934,25,30,0
24,803,0.0795170170082598,0.15896285361085968,0.4465452922439896,0.3149748371368915,25,30,0
24,804,0.08110951972309423,0.15896289904175367,0.4449585650772914,0.31496901615786105,25,30,0
24,805,0.08110951972309423,0.15896289904151134,0.4445847666642848,0.31534281457111,25,30,0
24,806,0.08110743394442027,0.1589628990564046,0.4445868524280437,0.31534281457113184,25,30,0
24,807,0.08110743394442027,0.1589628990564046,0.44458685310432017,0.31534281389485536,25,30,0
24,808,0.08110743394442027,0.1589628990564046,0.4445915564052722,0.3153381105939033,25,30,0
24,809,0.08110741280568697,0.15896124454915944,0.44459323209456536,0.31533811055058814,25,30,0
24,810,0.08110741280568697,0.15896124454915936,0.4399343690105447,0.3199969736346087,25,30,0
24,811,0.08110741280568697,0.15896124454915936,0.4399342129990916,0.3199971296460619,25,30,0
24,812,0.08110741280568697,0.15896125161688293,0.43993420593136795,0.3199971296460619,25,30,0
24,813,0.08110741280568697,0.15896125161688293,0.4399295026558046,0.3200018329216251,25,30,0
24,814,0.08110741280568697,0.15896125161688293,0.43992950269129466,0.32000183288613515,25,30,0
24,815,0.05841192057676253,0.15896137498547402,0.4607144512584261,0.32191225317933786,25,30,0
24,816,0.05841192057676253,0.15896137498547402,0.4607144512830568,0.321912253154707,25,30,0
24,817,0.058348130731239074,0.1589613749855454,0.460778241129189,0.32191225315402816,25,30,0
24,818,0.058348130731239074,0.1589613749855454,0.4607782411048607,0.3219122531783565,25,30,0
24,819,0.05834813073025863,0.15816908299396526,0.46157053345526733,0.32191225282051,25,30,0
24,820,0.05834813073025863,0.15816908270875385,0.46157053374047874,0.32191225282051,25,30,0
24,821,0.05834813073025863,0.15816908270875385,0.46157061556237866,0.3219121709986101,25,30,0
24,822,0.0878304794480247,0.15816908284038367,0.43208826639374004,0.3219121713178522,25,30,0
24,823,0.0878304794480247,0.15816908284038367,0.4320882689011077,0.3219121688104846,25,30,0
24,824,0.0878304794480247,0.15816908284038367,0.4320881868776894,0.32191225083390296,25,30,0
24,825,0.0878304794480247,0.15816908284038367,0.4320881868792753,0.32191225083231695,25,30,0
24,826,0.08782842506807588,0.15816912538575023,0.43208999231077905,0.3219124572353958,25,30,0
24,827,0.08782842506807588,0.15816912538575023,0.43208999232045003,0.3219124572257248,25,30,0
24,828,0.051724381684922334,0.15816912584768078,0.46819530300711415,0.321911189460283,25,30,0
24,829,0.05172438168492231,0.14037670523395504,0.48598772362631565,0.321911189454807,25,30,0
24,830,0.05172438168492231,0.14037670527064394,0.4859877235896268,0.321911189454807,25,30,0
24,831,0.05172438168492231,0.14037670527064394,0.48598772562326853,0.3219111874211653,25,30,0
24,832,0.05172442412881445,0.1403769332079997,0.4859874552361504,0.32191118742703545,25,30,0
24,833,0.04838201128659761,0.14037693277502888,0.4893298681051885,0.32191118783318473,25,30,0
24,834,0.048382015615378124,0.14037689022966235,0.4893301127236087,0.3219109814313508,25,30,0
24,835,0.04844450319557521,0.14037688937711323,0.48926762804894,0.3219109793783714,25,30,0
24,836,0.04844450609577182,0.14037688937720166,0.48926762514864186,0.3219109793783845,25,30,0
24,837,0.04844450609576735,0.14037688937585782,0.48926760402569314,0.32191100050268145,25,30,0
24,838,0.048444505387551455,0.14037688936119774,0.4892676047485911,0.32191100050265997,25,30,0
24,839,0.048444469380216126,0.14037688936119774,0.4892676407559052,0.32191100050268145,25,30,0
24,840,0.04844323393110392,0.14117766425320583,0.48846810374787347,0.3219109980678172,25,30,0
24,841,0.04844323393110392,0.14117766425320583,0.4885976271808897,0.32178147463480067,25,30,0
24,842,0.04844323393110392,0.14117765748300898,0.4885976339510866,0.32178147463480067,25,30,0
24,843,0.04844532105964452,0.14117765748300898,0.488595546823812,0.32178147463353457,25,30,0
24,844,0.04844532638916418,0.14117765747420902,0.4885955415030228,0.3217814746336052,25,30,0
24,845,0.04844532638916414,0.1408349770436239,0.4889382219336084,0.3217814746336052,25,30,0
24,846,0.04844532638916414,0.1408349770436239,0.4889382194008411,0.32178147716637234,25,30,0
24,847,0.04844532638916414,0.1408349770436239,0.4889381794052966,0.32178151716191705,25,30,0
24,848,0.046852709929699046,0.14083493604753822,0.4905302381202911,0.32178211590247285,25,30,0
24,849,0.04685271001731102,0.14083493604730488,0.49053023803291285,0.32178211590247247,25,30,0
24,850,0.029548283158972156,0.14083481267874354,0.5049774600276745,0.3246394441346107,25,30,0
24,851,0.053093765639063234,0.1408348126785812,0.4814319775474452,0.32463944413491164,25,30,0
24,852,0.053093765639063234,0.1408348126785812,0.481432017042835,0.3246394046395217,25,30,0
24,853,0.053093765639063234,0.14083426971649024,0.48143256000492435,0.3246394046395234,25,30,0
24,854,0.053093723195388576,0.14083425807002717,0.4814326141009322,0.3246394046336533,25,30,0
24,855,0.053093723195388576,0.14083425807002717,0.48143261553500244,0.32463940319958295,25,30,0
24,856,0.053093723195388576,0.14083425807002717,0.4814326155102253,0.32463940322435975,25,30,0
24,857,0.0530937231883177,0.14083413272726164,0.48140351206553744,0.3246686320188833,25,30,0
24,858,0.05309372318831777,0.1408341327286051,0.4814035120077812,0.3246686320752964,25,30,0
24,859,0.05309372318831777,0.1408341327286051,0.4814035119727199,0.32466863211035757,25,30,0
24,860,0.05309372318831777,0.1408341327286051,0.48140351050157354,0.3246686335815039,25,30,0
24,861,0.05309372318831777,0.1408341327286051,0.48140359302514746,0.32466855105793,25,30,0
24,862,0.053093723188324296,0.14083413323857008,0.4814334189110675,0.3246387246620385,25,30,0
24,863,0.053093723188324296,0.14083413323857008,0.4815629423692645,0.32450920120384164,25,30,0
24,864,0.053093723188324296,0.14083413323857008,0.48156290239157407,0.3245092411815318,25,30,0
24,865,0.056681602220511905,0.14083413323031194,0.4779750233676565,0.32450924118151997,25,30,0
24,866,0.056681602220511905,0.14083413323031194,0.47797502278160986,0.32450924176756657,25,30,0
24,867,0.06719706476218897,0.14083413309867668,0.4674595606908231,0.3245092414483112,25,30,0
24,868,0.0671970607415613,0.14083413310056778,0.47222731271290885,0.3197414934449618,25,30,0
24,869,0.0671970607415613,0.14083413310056778,0.47222731271291196,0.3197414934449586,25,30,0
24,870,0.06814350216051529,0.1408341325899998,0.4712808717246989,0.3197414935247858,25,30,0
24,871,0.06814350216051529,0.1408341325899998,0.4712808737577188,0.31974149149176584,25,30,0
24,872,0.06814350216051529,0.1408341325899998,0.47115135174687156,0.31987101350261304,25,30,0
24,873,0.07126453523241447,0.14083413259697095,0.46803031866799033,0.3198710135026231,25,30,0
24,874,0.07126453523241447,0.14083413259697095,0.46803031870304834,0.3198710134675652,25,30,0
24,875,0.07126453523241447,0.14083413259697095,0.4680303207014535,0.3198710114691599,25,30,0
24,876,0.07126453523241447,0.14083413259697095,0.46803032071305867,0.319871011457555,25,30,0
24,877,0.06819953431259988,0.14083550200769038,0.47108742329160835,0.3198775403881003,25,30,0
24,878,0.06819953431259988,0.14083550200769038,0.47108742125862063,0.3198775424210879,25,30,0
24,879,0.06821715096377687,0.14083550200769035,0.4710698046494444,0.31987754237908717,25,30,0
24,880,0.06821715096377687,0.14083550200769035,0.47106980465714726,0.31987754237138427,25,30,0
24,881,0.06727071495870474,0.1408355020076958,0.47201610207505934,0.31987768095853886,25,30,0
24,882,0.06727071495957435,0.14083549764076414,0.4720166909111036,0.3198770964885572,25,30,0
24,883,0.06362026049033992,0.1408354976407669,0.4756671453383662,0.31987709653052665,25,30,0
24,884,0.024148907817735172,0.1408356747940271,0.5151374903007424,0.31987792708749435,25,30,0
24,885,0.02414890781773492,0.1234864488215329,0.5324867162702607,0.3198779270904709,25,30,0
24,886,0.02414890781773492,0.12348644204097142,0.5324867230508221,0.3198779270904709,25,30,0
24,887,0.02414994765609652,0.12348644248629335,0.5324856827664959,0.3198779270911135,25,30,0
24,888,0.024149947655879113,0.12348622619537616,0.5324858986860195,0.3198779274627242,25,30,0
24,889,0.024149947655879037,0.12426358657897309,0.5317085383024243,0.3198779274627222,25,30,0
24,890,0.024149947655879037,0.12426358657897309,0.531708536880039,0.3198779288851073,25,30,0
24,891,0.024149947655879352,0.12347258387036197,0.5324995395886498,0.3198779288851073,25,30,0
24,892,0.024149947655879352,0.12347258387036197,0.5324996554808871,0.3198778129928701,25,30,0
24,893,0.024149947655025348,0.12347258380516112,0.5324996736853261,0.31987779485448603,25,30,0
24,894,0.024149947655536463,0.122679023454909,0.5332932340318085,0.31987779485774454,25,30,0
24,895,0.024149947655536463,0.1226795828411634,0.5332926746455556,0.3198777948577428,25,30,0
24,896,0.024149947655536463,0.1226795828411634,0.5332925587288254,0.31987791077447303,25,30,0
24,897,0.024149947655536384,0.1226795872735611,0.5332238950173422,0.3199465700535581,25,30,0
24,898,0.024149947655536384,0.1226795872735611,0.5332238950290374,0.319946570041863,25,30,0
24,899,0.024149947655536463,0.10224104155041928,0.5536624407521793,0.31994657004186305,25,30,0
24,900,0.02414873457216369,0.10224104206083608,0.5536636533670921,0.3199465699999067,25,30,0
24,901,0.02414873457216369,0.10224104206083608,0.5536636518325346,0.3199465715344644,25,30,0
24,902,0.02986042641961671,0.10224104161551825,0.5479519604310228,0.3199465715338409,25,30,0
24,903,0.02986042641961671,0.10224104161551825,0.5478224398680251,0.3200760920968383,25,30,0
24,904,0.02986042641961671,0.10224104161551825,0.5478224398912472,0.3200760920736161,25,30,0
24,905,0.02986042641961671,0.10224104161551825,0.5478225553095072,0.32007597665535625,25,30,0
24,906,0.02986042641961671,0.10224104161551825,0.5478224727859365,0.3200760591789269,25,30,0
24,907,0.029860426419617017,0.08082962950943287,0.5692326779463989,0.32007726612454923,25,30,0
24,908,0.029842804439141304,0.08082962950927554,0.5692502999277954,0.32007726612378595,25,30,0
24,909,0.029842804439141304,0.08082962950927554,0.5692503399102217,0.3200772261413597,25,30,0
24,910,0.044494242822510424,0.08082962985041857,0.5545936184248469,0.3200825089022228,25,30,0
24,911,0.044494242822510424,0.08082962985041857,0.5545936170020268,0.32008251032504303,25,30,0
24,912,0.04449424282249703,0.08082963000347404,0.5545936168489827,0.32008251032504503,25,30,0
24,913,0.04449424282249703,0.08082963000347404,0.5545936188466564,0.3200825083273714,25,30,0
24,914,0.04449424272884429,0.08082963052314965,0.5545936184206204,0.32008250832738455,25,30,0
24,915,0.04449424272884429,0.08082963052314965,0.5545935791525756,0.32008254759542937,25,30,0
24,916,0.044494242729985,0.08082963060855397,0.5545922268939998,0.3200838997674599,25,30,0
24,917,0.044494242729984916,0.08082963053061523,0.514594540941295,0.3600815857981035,25,30,0
24,918,0.04449424274274178,0.08084206924663244,0.5111341666296286,0.36352952138099603,25,30,0
24,919,0.04449424274274178,0.08084206924662815,0.5111319355559143,0.36353175245471464,25,30,0
24,920,0.04449424272998469,0.08082937738058982,0.514593748841906,0.3600826310475182,25,30,0
24,921,0.04453869072541005,0.08082805036115523,0.5145571567953802,0.36007610211805385,25,30,0
24,922,0.046341458185135166,0.08082805002001221,0.5127596724379752,0.3600708193568768,25,30,0
24,923,0.046341458185135236,0.08082829019581345,0.5128269464918773,0.36000330512717327,25,30,0
24,924,0.04623889092015418,0.08082824779755744,0.5129295561561833,0.36000330512610434,25,30,0
24,925,0.04623889092014972,0.08160764114627886,0.5121501628074686,0.36000330512610235,25,30,0
24,926,0.04623873448596462,0.0816076411462789,0.5121503192416533,0.36000330512610257,25,30,0
24,927,0.04623873448596453,0.08160764558901165,0.5121503355516066,0.3600032843734165,25,30,0
24,928,0.04623873448596453,0.08160764558901165,0.5121502196342537,0.3600034002907695,25,30,0
24,929,0.04623873448596453,0.08160764558901165,0.5121567433526778,0.35999687657234547,25,30,0
24,930,0.04623873448596453,0.08160764558901165,0.5121567433614301,0.3599968765635929,25,30,0
24,931,0.045712275432032594,0.08160747278870537,0.5126830228072577,0.35999722897200315,25,30,0
24,932,0.04571257933317151,0.0816074727887026,0.5126828575738397,0.3599970903042856,25,30,0
24,933,0.04571257933317151,0.0816074727887026,0.5126828995685151,0.3599970483096102,25,30,0
24,934,0.04571257933317589,0.0816074684225686,0.5126828834895469,0.35999706875470805,25,30,0
24,935,0.04571257933317589,0.0816074684225686,0.5126828841911727,0.35999706805308224,25,30,0
24,936,0.04571257933266486,0.08160025395872987,0.5126900982872961,0.3599970684213099,25,30,0
24,937,0.04571257933266486,0.08160025395872987,0.512690056267847,0.359997110440759,25,30,0
24,938,0.04571257933266486,0.08160025395872987,0.512690136757765,0.35999702995084093,25,30,0
24,939,0.04571257933266486,0.08160025395872987,0.5126901367582102,0.3599970299503956,25,30,0
24,940,0.045712579332664614,0.08158582490647745,0.5127045658104629,0.3599970299503956,25,30,0
24,941,0.045712579332664614,0.08158582490647745,0.5127077289454902,0.3599938668153681,25,30,0
24,942,0.0457125793315239,0.08158582482107311,0.5127090519727279,0.35999254387467533,25,30,0
24,943,0.0457125793315239,0.08158583839547795,0.512709038398323,0.35999254387467533,25,30,0
24,944,0.005781350203768945,0.0815858384044424,0.5526401311294724,0.35999268026231646,25,30,0
24,945,0.005781350202247199,0.0815858378849266,0.5526322295343234,0.36000058237850346,25,30,0
24,946,0.005781350202247207,0.08158559327672812,0.5526336403660941,0.3599994161549312,25,30,0
24,947,0.005781355144566836,0.08158559277510898,0.5526336359246702,0.3599994161556542,25,30,0
24,948,0.005781355144566836,0.08158559277510898,0.5526336330294922,0.35999941905083205,25,30,0
24,949,0.005781355144544959,0.08158571504072587,0.5526346937292183,0.3599982360855114,25,30,0
24,950,0.006813515579594806,0.08158571530328927,0.5516104338955993,0.3599903352215169,25,30,0
24,951,0.006813515579599194,0.08077977338988923,0.5524163758089956,0.3599903352215169,25,30,0
24,952,0.006813515579599194,0.08077977349460053,0.5524163757042844,0.3599903352215169,25,30,0
24,953,0.030295403915151203,0.08077977348563602,0.5289346237653381,0.35999019883387556,25,30,0
24,954,0.030295403915151203,0.0807796513097993,0.52893474594123,0.35999019883382033,25,30,0
24,955,0.030295403915151203,0.0807796513097993,0.5289347466676619,0.35999019810738836,25,30,0
24,956,0.030295403915151203,0.0807796513097993,0.5289348291909782,0.35999011558407207,25,30,0
24,957,0.03029540393040991,0.08077940259658906,0.5289350778825227,0.35999011559047894,25,30,0
24,958,0.04672722050587691,0.08077940259669894,0.5125032612770865,0.35999011562033817,25,30,0
24,959,0.04672722050587691,0.08077940259669894,0.5125000991159401,0.35999327778148454,25,30,0
24,960,0.04672722050587691,0.08077940259669894,0.5125000983905685,0.3599932785068561,25,30,0
24,961,0.04672722050587267,0.08077940255907558,0.5124995156761891,0.35999386125886335,25,30,0
24,962,0.04672721518353385,0.08077940255043256,0.512499518570365,0.35999386369566944,25,30,0
24,963,0.04672721518353385,0.08077940255043256,0.5124995185456267,0.3599938637204075,25,30,0
24,964,0.0467272151916856,0.08077940255906788,0.5124995209663686,0.35999386128287836,25,30,0
24,965,0.0467272151916856,0.08077940255906788,0.5124995209734536,0.3599938612757934,25,30,0
24,966,0.0467272151916856,0.08077940255906788,0.5125041417802528,0.3599892404689944,25,30,0
24,967,0.04672721519168113,0.0807796557819613,0.5125038885573637,0.3599892404689944,25,30,0
24,968,0.04672721519168113,0.0807796557819613,0.5125038885486106,0.35998924047774755,25,30,0
24,969,0.04672721519168113,0.08077965578196558,0.5125086373475725,0.35998449167878144,25,30,0
24,970,0.046729543405754984,0.08077965574301015,0.5125069127411662,0.3599838881100691,25,30,0
24,971,0.046729543405754984,0.08077965574301015,0.5125084808940151,0.3599823199572203,25,30,0
24,972,0.046729543390496196,0.08077965130177817,0.512508485356913,0.3599823199508134,25,30,0
24,973,0.046729543390496196,0.08077965130177817,0.5125085138381342,0.3599822914695922,25,30,0
24,974,0.046729543390496196,0.08077965130177817,0.512506944983624,0.3599838603241023,25,30,0
24,975,0.046729543390496196,0.08077965130177817,0.512506945008401,0.35998386029932516,25,30,0
24,976,0.046729579997626954,0.080779651301783,0.5125069084012656,0.35998386029932483,25,30,0
24,977,0.04672957999864921,0.0800005110206369,0.513286048674872,0.359983860305842,25,30,0
24,978,0.04672957999864921,0.0800005110206369,0.5132860486998121,0.3599838602809019,25,30,0
24,979,0.04673000686592201,0.08000349449657779,0.5130092325409837,0.36025726609651654,25,30,0
24,980,0.046731195140403754,0.08000355048011581,0.5130002465862242,0.3602650077932561,25,30,0
24,981,0.046731195140403754,0.08000355048011581,0.5130002865853046,0.36026496779417577,25,30,0
24,982,0.046731195140403754,0.08000355048011581,0.5130025261708419,0.3602627282086385,25,30,0
24,983,0.046731195140403754,0.08000355048011581,0.5129978228769178,0.36026743150256274,25,30,0
24,984,0.046731195140403754,0.08000355048011581,0.5129978228416876,0.3602674315377928,25,30,0
24,985,0.046731195140403754,0.07998113639010229,0.513020236931701,0.3602674315377928,25,30,0
24,986,0.046731195140403754,0.07998113639010229,0.5130202389399525,0.3602674295295413,25,30,0
24,987,0.046730006857887404,0.07998108039792892,0.5130292248678914,0.36025968787629203,25,30,0
24,988,0.046730625483370716,0.0799810803977716,0.5130286062860685,0.3602596878327889,25,30,0
24,989,0.046730625483370716,0.0799810803977716,0.5130286063063625,0.36025968781249496,25,30,0
24,990,0.046730625483370716,0.07998108047568743,0.5130286062284466,0.36025968781249496,25,30,0
24,991,0.04673062548337079,0.07999476695190565,0.5130149197522283,0.36025968781249496,25,30,0
24,992,0.04113647723644373,0.07999476695190144,0.5186090679991782,0.3602596878124759,25,30,0
24,993,0.04113647723644373,0.07999476695190144,0.518602463204523,0.36026629260713106,25,30,0
24,994,0.04113647723644373,0.07999476695190146,0.5186033468267318,0.3602654089849222,25,30,0
24,995,0.04113647798186367,0.07998082724633307,0.5186172857868785,0.360265408984924,25,30,0
24,996,0.04113647798186367,0.07998082724633307,0.5186173683144145,0.36026532645738796,25,30,0
24,997,0.04113574232906751,0.0800448595761509,0.5188273791111793,0.35999201898360167,25,30,0
24,998,0.0410274362010767,0.08004486389895477,0.5189356809100227,0.3599920189899452,25,30,0
24,999,0.04102743620108106,0.08007313498667347,0.5189074098222978,0.3599920189899472,25,30,0
24,1000,0.04102743620108106,0.08007313498667347,0.5189073273237059,0.35999210148853905,25,30,0
24,1001,0.04102743620108106,0.08007313498667347,0.5189073272989396,0.35999210151330524,25,30,0
24,1002,0.04102743620108106,0.0800727416643817,0.5189077206212314,0.35999210151330524,25,30,0
24,1003,0.04102743620235323,0.0800727415865123,0.5189077206978376,0.35999210151329597,25,30,0
24,1004,0.041164535802448714,0.08007274563105204,0.5187706170532036,0.35999210151329436,25,30,0
24,1005,0.041164535802448714,0.08007274563104774,0.518765869000117,0.35999684956638517,25,30,0
24,1006,0.041164535802448714,0.08009232448921151,0.5187463193912332,0.35999682031710606,25,30,0
24,1007,0.04116453580443904,0.08006603781034989,0.5187726060671943,0.35999682031801605,25,30,0
24,1008,0.04116453580443904,0.08005697490012503,0.5187816689774192,0.35999682031801605,25,30,0
24,1009,0.07672621711238149,0.08005697942600458,0.483219961572106,0.3599968418895071,25,30,0
24,1010,0.07672621711238149,0.08005697942600458,0.4832199600736575,0.3599968433879555,25,30,0
24,1011,0.07672621711238149,0.08005697942600458,0.48321996076202134,0.3599968426995917,25,30,0
24,1012,0.07672621636696592,0.08005698386789613,0.48321995706554755,0.3599968426995899,25,30,0
24,1013,0.07672621636696592,0.08005698386789613,0.48322235867737434,0.3599944410877629,25,30,0
24,1014,0.0767262163650207,0.08005499937973186,0.48322434316839585,0.3599944410868509,25,30,0
24,1015,0.07672621636502078,0.08005499929533925,0.48315683112877944,0.3600619532108598,25,30,0
24,1016,0.07672621636502078,0.08005499929533925,0.48315674864080194,0.3600620356988373,25,30,0
24,1017,0.07672621636399883,0.08005475051454354,0.4831569974291364,0.3600620356923202,25,30,0
24,1018,0.07672621636399883,0.08005475051454354,0.483156999427557,0.36006203369389966,25,30,0
24,1019,0.07672621636399883,0.08005543701372525,0.4831562836941758,0.3600620629280991,25,30,0
24,1020,0.07672621636399875,0.08005543701238092,0.48308878472278666,0.36012956190083295,25,30,0
24,1021,0.08104227473056154,0.08005543248808555,0.4787727524520297,0.3601295403293221,25,30,0
24,1022,0.08104227473056154,0.0800558256423987,0.47877235929771667,0.3601295403293221,25,30,0
24,1023,0.08103199681724532,0.08062055497886023,0.47821790787643986,0.36012954032745353,25,30,0
24,1024,0.08103199681724532,0.08062055497886023,0.47821790933584013,0.3601295388680532,25,30,0
24,1025,0.08103199681724532,0.08062055497886023,0.4782179072857342,0.36012954091815913,25,30,0
24,1026,0.08045766985457745,0.08062055471621007,0.47879217242523625,0.36012960300397523,25,30,0
24,1027,0.08045766985457745,0.08062055471621007,0.4787890112686799,0.36013276416053125,25,30,0
24,1028,0.08045766985457745,0.08062055471621007,0.4787890118541254,0.3601327635750857,25,30,0
24,1029,0.08045766985330521,0.08062055914989565,0.4787203278218508,0.36020144317494684,25,30,0
24,1030,0.08030048956506289,0.08062055932574883,0.4788775070956678,0.3602014440135193,25,30,0
24,1031,0.08029987270636055,0.10066030585438142,0.45883837742011757,0.3602014440191395,25,30,0
24,1032,0.09540391661808517,0.10066030627121375,0.44373435865942645,0.3602014184512737,25,30,0
24,1033,0.09540391661808517,0.10066030627121375,0.44373597950162746,0.3601997976090728,25,30,0
24,1034,0.09540391661808517,0.10066030627121375,0.4437343566257846,0.3602014204849157,25,30,0
24,1035,0.09829122046934188,0.10059329047201011,0.44090837675096034,0.3602071123076876,25,30,0
24,1036,0.09829122047077038,0.10059327676637965,0.4409084201932514,0.36020708256959855,25,30,0
24,1037,0.09829122047077038,0.10059327676637972,0.4409150250065314,0.36020047775631847,25,30,0
24,1038,0.09829122047102444,0.10060766752751331,0.44096813321789646,0.360132978783565,25,30,0
24,1039,0.09829122047102444,0.10060766752751331,0.44096813250469663,0.36013297949676465,25,30,0
24,1040,0.09829122047102444,0.10060766752751331,0.4409681325053302,0.3601329794961312,25,30,0
24,1041,0.0861590010694309,0.10060766777824127,0.45310031787823923,0.3601330132740881,25,30,0
24,1042,0.11010439242378751,0.10060766736144446,0.42915496471082676,0.3601329755039413,25,30,0
24,1043,0.11010439242382047,0.10058741570972933,0.4291735205252283,0.36013467134122196,25,30,0
24,1044,0.08228430850676828,0.10058741545889158,0.4569936385009332,0.3601346375334063,25,30,0
24,1045,0.08228430846675906,0.10002268497456096,0.4575583690297482,0.3601346375289314,25,30,0
24,1046,0.08228430846675906,0.10002268497456096,0.4575583697224783,0.36013463683620117,25,30,0
24,1047,0.08228430846675906,0.100022684807442,0.4575583698895973,0.36013463683620117,25,30,0
24,1048,0.10633603008669455,0.10002268486206951,0.4335124383745283,0.36012884667670697,25,30,0
24,1049,0.10633603008669455,0.10002268486206951,0.4335124098939581,0.3601288751572772,25,30,0
24,1050,0.10633603008669432,0.10002268042223368,0.4335124143336799,0.3601288751573916,25,30,0
24,1051,0.10633603008669425,0.10002267606525646,0.4335112710659292,0.3601300227821195,25,30,0
24,1052,0.10633603008669425,0.10002267606525646,0.43351127015333935,0.3601300236947092,25,30,0
24,1053,0.10633603008669425,0.10002267606525646,0.43351127012857327,0.3601300237194753,25,30,0
24,1054,0.10633602831976685,0.07999736336547543,0.4535365846009022,0.3601300237138548,25,30,0
24,1055,0.10633602831976685,0.07999736336547543,0.45353658389923623,0.36013002441552067,25,30,0
24,1056,0.10633602831976714,0.07999710594840578,0.4535368413163036,0.36013002441552266,25,30,0
24,1057,0.10633602831976714,0.07999710594840578,0.453534438741489,0.360132426990337,25,30,0
24,1058,0.10633602831976714,0.07999710594840578,0.4535344401529809,0.3601324255788451,25,30,0
24,1059,0.10619660050559766,0.07999735498505366,0.45367361893039115,0.3601324255789594,25,30,0
24,1060,0.10163110985719111,0.07999735532689453,0.4582360148903025,0.36013551992561377,25,30,0
24,1061,0.10160166057069116,0.07999735533445498,0.4582654641692312,0.3601355199256245,25,30,0
24,1062,0.10160166057068709,0.0799975996788013,0.45826519900937734,0.3601355407411354,25,30,0
24,1063,0.06209439708649467,0.0799975996788402,0.49777246028730443,0.36013554294736266,25,30,0
24,1064,0.06209439708503321,0.07999759978640333,0.49777412626531686,0.3601338768632481,25,30,0
24,1065,0.062094397085033226,0.0799975996769201,0.4977741263746393,0.3601338768634089,25,30,0
24,1066,0.07971186185765874,0.07999759927389395,0.4801597563269297,0.36013078254151915,25,30,0
24,1067,0.07971186185765874,0.07999759735051457,0.48015975825030915,0.36013078254151915,25,30,0
24,1068,0.07971186185765874,0.08002906761948558,0.48012828798133816,0.36013078254151915,25,30,0
24,1069,0.07971186185765873,0.08002906318591124,0.4541668485419189,0.38609222641451296,25,30,0
24,1070,0.07971186185740466,0.08001467242612151,0.4541812393083483,0.3860922264081276,25,30,0
24,1071,0.0797356955560794,0.08001694325544918,0.4541551347793312,0.3860922264091425,25,30,0
24,1072,0.0797356955560794,0.08001694325544911,0.4541485292081208,0.3860988319803529,25,30,0
24,1073,0.0797356955560794,0.08001694325528991,0.44017876899633057,0.40006859219230195,25,30,0
24,1074,0.07973569555607941,0.07958068820480554,0.4406150240468154,0.40006859219230195,25,30,0
24,1075,0.07973569555607941,0.07958068820480554,0.44061502479312253,0.4000685914459947,25,30,0
24,1076,0.07973569555607941,0.07958068820480554,0.44061502549414755,0.4000685907449697,25,30,0
24,1077,0.07971297341839895,0.07958542565458682,0.44063301017679557,0.40006859075022094,25,30,0
24,1078,0.07971297341851273,0.10059083524820306,0.4196276005801443,0.40006859075314183,25,30,0
24,1079,0.0797129734187671,0.10059083523850866,0.41962639401540597,0.40006979732732034,25,30,0
24,1080,0.07971297342162004,0.10059118697171975,0.41962604227933914,0.4000697973273232,25,30,0
24,1081,0.08067016981132787,0.10059119827383045,0.41376669242566844,0.404971939489175,25,30,0
24,1082,0.08067016981132787,0.10059119827383045,0.4137666904041419,0.40497194151070176,25,30,0
24,1083,0.08067016981132787,0.10059119827383045,0.4137666924373366,0.40497193947750704,25,30,0
24,1084,0.08067016981132787,0.10059119827383045,0.41376831533795133,0.40497031657689236,25,30,0
24,1085,0.08067016981132787,0.10059119827383045,0.4137683139512332,0.40497031796361044,25,30,0
24,1086,0.08067016984039604,0.10060503697897177,0.4137556810657423,0.40496911211489206,25,30,0
24,1087,0.08067016984039604,0.10060503697897177,0.4137556810059164,0.40496911217471776,25,30,0
24,1088,0.04163881795482143,0.10060503700468088,0.45278703048482205,0.4049691145556774,25,30,0
24,1089,0.04163881795482143,0.10060503700468088,0.4527855235007192,0.4049706215397802,25,30,0
24,1090,0.041638818270543825,0.10060503700468088,0.4527855231849969,0.40497062153978036,25,30,0
24,1091,0.041638818270543825,0.10060503700468088,0.45278555165999484,0.4049705930647822,25,30,0
24,1092,0.04163881827055275,0.10060516362176615,0.4527854250397557,0.40497059306792765,25,30,0
24,1093,0.041638818270438846,0.10101862167826091,0.4523719669862975,0.40497059306500477,25,30,0
24,1094,0.041638818270438846,0.10101862167826091,0.4523719664521629,0.40497059359913934,25,30,0
24,1095,0.041638818270438846,0.10101862167826091,0.45237196695045767,0.4049705931008444,25,30,0
24,1096,0.0416388182711525,0.10101879916672285,0.4523709730039214,0.40497140955820526,25,30,0
24,1097,0.041638818254046306,0.10100492061502639,0.45238383569576124,0.40497242543516776,25,30,0
24,1098,0.04163881825404661,0.10100516810880283,0.4524522475875379,0.4049037660496137,25,30,0
24,1099,0.04163881825404661,0.10100516810880283,0.4524521316697608,0.40490388196739074,25,30,0
24,1100,0.04191598889491296,0.10100516793136066,0.4521749620449072,0.4049038811288183,25,30,0
24,1101,0.04191598889491296,0.10100517454504429,0.45217495543122366,0.4049038811288183,25,30,0
24,1102,0.04191598889491296,0.10100517454504429,0.45217646238876985,0.4049023741712722,25,30,0
24,1103,0.04191598889491296,0.10100517454504429,0.4521765783320425,0.4049022582279994,25,30,0
24,1104,0.04191598889491296,0.10100517454504429,0.45217657781853127,0.40490225874151065,25,30,0
24,1105,0.04191461686067137,0.1009981703858865,0.4521849540182072,0.40490225873523356,25,30,0
24,1106,0.041914616861689256,0.10099816633767804,0.45218495806539777,0.40490225873523356,25,30,0
24,1107,0.041914616861689256,0.10099816633767804,0.45218484212273696,0.4049023746778944,25,30,0
24,1108,0.04191461686168915,0.11953363493106524,0.4336493735292535,0.4049023746779919,25,30,0
24,1109,0.04191461686168915,0.11891446507908107,0.4342685433757631,0.4049023746834665,25,30,0
24,1110,0.04191461686168914,0.11935016979786556,0.43383283865697847,0.4049023746834665,25,30,0
24,1111,0.04191461686168914,0.11935016979786556,0.43383511775083144,0.4049000955896136,25,30,0
24,1112,0.04191461686196057,0.11935042221096374,0.4338348649671711,0.404900095959903,25,30,0
24,1113,0.04191461686196057,0.11934284468148512,0.4338424424966497,0.404900095959903,25,30,0
24,1114,0.04191461686196057,0.11934284468148512,0.4338424425214268,0.40490009593512594,25,30,0
24,1115,0.04191461686196057,0.11934284468148512,0.4338408203592802,0.4049017180972726,25,30,0
24,1116,0.0419146168619605,0.1193743249534155,0.4338093400874473,0.40490171809717507,25,30,0
24,1117,0.04146167313838831,0.1193743136534084,0.4391624518732398,0.4000015613349642,25,30,0
24,1118,0.04146167313838831,0.1193743136534084,0.43916245045021796,0.40000156275798615,25,30,0
24,1119,0.04146167313838831,0.1193743136534084,0.4391624904449757,0.4000015227632282,25,30,0
24,1120,0.0414616731381168,0.11937431454841212,0.4391624899206472,0.4000015223928245,25,30,0
24,1121,0.041461672982932185,0.1193743145486823,0.4391624900755619,0.40000152239282494,25,30,0
24,1122,0.041461672982932185,0.1193743145486823,0.4391624894100266,0.4000015230583599,25,30,0
24,1123,0.041487301690333725,0.11937433573695136,0.42042906024737803,0.4187093023253369,25,30,0
24,1124,0.041487301690333725,0.11937433573695136,0.42042905950951115,0.4187093030632038,25,30,0
24,1125,0.04148730168748074,0.11937398083075994,0.42042941441855963,0.418709303063201,25,30,0
24,1126,0.04098304376695323,0.119373980830423,0.42093563030333425,0.41870734509929086,25,30,0
24,1127,0.04098304376720302,0.11937373622860357,0.4209358749047919,0.418707345099403,25,30,0
24,1128,0.04098304376719447,0.11937386283229762,0.42093574830436614,0.4187073450961432,25,30,0
24,1129,0.04098304376719447,0.11937386283229762,0.42093574832339725,0.4187073450771122,25,30,0
24,1130,0.04098304376719447,0.11937386283229762,0.42093571785105427,0.41870737554945486,25,30,0
24,1131,0.04098304376719447,0.11937386283229762,0.42093571781476347,0.4187073755857456,25,30,0
24,1132,0.04098304376719447,0.11937386283229762,0.42093571777970057,0.4187073756208086,25,30,0
24,1133,0.04098304376719447,0.11937386283229762,0.42094232399729337,0.41870076940321593,25,30,0
24,1134,0.04098304376719447,0.11937386283229762,0.4209423261467651,0.41870076725374417,25,30,0
24,1135,0.040983043779377754,0.1193738528368159,0.4209423361300636,0.41870076725374417,25,30,0
24,1136,0.040983043779377754,0.11937346629317477,0.42094272267370464,0.4187007672537442,25,30,0
24,1137,0.04098304459036526,0.11937346201868725,0.42094272613731676,0.41870076725363214,25,30,0
24,1138,0.040983044590364864,0.1587631202654937,0.3815530678905098,0.41870076725363214,25,30,0
24,1139,0.0409830445903653,0.1587634758636457,0.3815527122923575,0.41870076725363214,25,30,0
24,1140,0.04098304458965175,0.158763298484656,0.38155204013177296,0.41870161679391993,25,30,0
24,1141,0.04098304458965175,0.158763298484656,0.38155204011947125,0.4187016168062218,25,30,0
24,1142,0.04002340988334963,0.15876329846797607,0.3825077245464737,0.41870556710220064,25,30,0
24,1143,0.040023401673755836,0.1587632984767087,0.3825116830620186,0.4187016167875168,25,30,0
24,1144,0.040023401673755836,0.1587632984767087,0.3825116837886322,0.4187016160609033,25,30,0
24,1145,0.040023401661543924,0.158763085253114,0.3825129132563739,0.4187005998289683,25,30,0
24,1146,0.04002340167410711,0.15876283639657343,0.38245358994069983,0.41876017198861953,25,30,0
24,1147,0.04002340167410711,0.15876283639657343,0.382447061655269,0.41876670027405033,25,30,0
24,1148,0.04002340167408212,0.1587631859711684,0.3824467124826107,0.4187666998721386,25,30,0
24,1149,0.04002340167408595,0.15877761007841162,0.38243228837524756,0.4187666998722529,25,30,0
24,1150,0.04002340167408595,0.15877761007841162,0.3824388166601366,0.4187601715873637,25,30,0
24,1151,0.04002340167408595,0.15877761007841162,0.3824365370673734,0.4187624511801269,25,30,0
24,1152,0.03999777280609718,0.15877758888987237,0.36116997010000157,0.4400546682040282,25,30,0
24,1153,0.03999777280609718,0.15877723931528398,0.3611703489054875,0.4400546389731306,25,30,0
24,1154,0.03999777280609718,0.15877723931528398,0.36117505220529117,0.4400499356733271,25,30,0
24,1155,0.03999777280609272,0.15877749239512876,0.3611747994895375,0.4400499353092407,25,30,0
24,1156,0.03999777280609272,0.15877749239512876,0.36117480152256,0.4400499332762181,25,30,0
24,1157,0.03999777280609272,0.15877749239512876,0.36117480147813713,0.4400499333206409,25,30,0
24,1158,0.03999777279352946,0.15879191222894146,0.3612187684961596,0.439991546481369,25,30,0
24,1159,0.03999777279352945,0.15877774122958996,0.3612329592525439,0.43999152672433633,25,30,0
24,1160,0.03999777279352945,0.15877774122958996,0.3612329593223663,0.4399915266545139,25,30,0
24,1161,0.039997772781346176,0.15939690832562298,0.3606137922439911,0.4399915266490394,25,30,0
24,1162,0.039997772781345746,0.15939690832754924,0.36061379224206525,0.4399915266490394,25,30,0
24,1163,0.039997772781345746,0.15939690832754924,0.360607188058667,0.4399981308324377,25,30,0
24,1164,0.039997772781345746,0.15939690832754924,0.3606024847670121,0.4400028341240925,25,30,0
24,1165,0.03999777278134976,0.1593969054739049,0.3606024879838357,0.44000283376090954,25,30,0
24,1166,0.03999777278134976,0.1593969054739049,0.3606024886639596,0.4400028330807858,25,30,0
24,1167,0.03999777278134976,0.1593969054739049,0.3606024886885039,0.4400028330562415,25,30,0
24,1168,0.03999777278134976,0.15939690562668982,0.36060248817062823,0.44000283342133245,25,30,0
24,1169,0.03999777278134976,0.15939690562668982,0.36060248817044793,0.44000283342151286,25,30,0
24,1170,0.03999777278134976,0.15939690562668982,0.3606024861372517,0.44000283545470914,25,30,0
24,1171,0.03999777278134976,0.16000679327972483,0.3599925984842166,0.44000283545470914,25,30,0
24,1172,0.039997772781353906,0.16000654444544382,0.35992535705300654,0.44007032572019616,25,30,0
24,1173,0.039997772781353795,0.16000654433597103,0.35983064692308075,0.4401650359595948,25,30,0
24,1174,0.039997772781352206,0.16000839699047417,0.3311992302583115,0.4687945999698625,25,30,0
24,1175,0.039997772781352206,0.16000839699047417,0.3312015091246604,0.4687923211035136,25,30,0
24,1176,0.039997772781352206,0.16000820425132253,0.33120170186381204,0.4687923211035136,25,30,0
24,1177,0.03992477525099466,0.16000820425132353,0.3312746989691609,0.4687923215285212,25,30,0
24,1178,0.03992477525099466,0.16000820425132353,0.3312746997405238,0.4687923207571582,25,30,0
24,1179,0.03992478346447045,0.1600082042380411,0.33127462458743795,0.4687923877100508,25,30,0
24,1180,0.03992478346486066,0.17798218284796455,0.3133001832532961,0.46879285043387875,25,30,0
24,1181,0.03992478351687926,0.1779819296139926,0.3097843847494441,0.4723089021196843,25,30,0
24,1182,0.03992478351687926,0.17626385609872233,0.31150245826471445,0.4723089021196843,25,30,0
24,1183,0.039924805232269864,0.17626397480323383,0.31150231784164223,0.4723089021228544,25,30,0
24,1184,0.039924805232269864,0.1762639748032339,0.31150239521716466,0.47230882474733216,25,30,0
24,1185,0.039924805232269864,0.1762639748032339,0.31150239569086347,0.4723088242736332,25,30,0
24,1186,0.04149568672000692,0.17626398455992462,0.309787886096953,0.47245244262311586,25,30,0
24,1187,0.04149568672000692,0.17626398455992462,0.3097878860717976,0.47245244264827124,25,30,0
24,1188,0.04131502504582886,0.17626398456306513,0.30996852362884697,0.47245246676225944,25,30,0
24,1189,0.04131502504543864,0.19829000335669464,0.28794296756859344,0.4724520040292738,25,30,0
24,1190,0.04131502504543864,0.19829000335669464,0.2879429654320416,0.4724520061658255,25,30,0
24,1191,0.04131502504543864,0.19829000335669464,0.2882092998637925,0.47218567173407455,25,30,0
24,1192,0.04131502504543864,0.1982900057759961,0.2882092974444911,0.47218567173407455,25,30,0
24,1193,0.04131502504543864,0.198290005775996,0.28820918009885266,0.47218578907971304,25,30,0
24,1194,0.04131502504543864,0.19829812626651844,0.28820105960833026,0.47218578907971304,25,30,0
24,1195,0.0016874691027535399,0.1982981262636462,0.3278286400928637,0.4721857645407367,25,30,0
24,1196,0.0016874691027492258,0.19829813041910793,0.3278286359374081,0.4721857645407348,25,30,0
24,1197,0.038132271513483876,0.19829814035045587,0.2915274189922609,0.47204216914379943,25,30,0
24,1198,0.038132271513483876,0.19829041686626359,0.29153514247645307,0.47204216914379943,25,30,0
24,1199,0.038132271513483876,0.19829041686626359,0.2915351824461454,0.4720421291741071,25,30,0
24,1200,0.038132271513483876,0.19829041686626359,0.2915351446005192,0.4720421670197334,25,30,0
24,1201,0.038132271513483876,0.19829041686626359,0.29153298092491026,0.4720443306953424,25,30,0
24,1202,0.038132271513483876,0.19829041686626359,0.2912666465020962,0.4723106651181564,25,30,0
24,1203,0.038132271513483876,0.20000888144619736,0.2895481819221627,0.4723106651181564,25,30,0
24,1204,0.038132271513483876,0.20000888768674474,0.289644581662992,0.47221425913677956,25,30,0
24,1205,0.03813227151246637,0.2000086385939219,0.289644830750544,0.4722142591430676,25,30,0
24,1206,0.03813227151246636,0.2000086385939219,0.2896448290757001,0.47221426081791135,25,30,0
24,1207,0.03813227151246636,0.2000086385939219,0.2896448289598717,0.47221426093373986,25,30,0
24,1208,0.03813227151246636,0.20000864097256346,0.2896448265812301,0.47221426093373986,25,30,0
24,1209,0.03813227151246636,0.20000864097256346,0.289646395540897,0.47221269197407295,25,30,0
24,1210,0.03813227151248699,0.2000249704883264,0.2896300660249813,0.4722126919742052,25,30,0
24,1211,0.03813227151248413,0.20002311783245866,0.2783301607285288,0.4835144499265284,25,30,0
24,1212,0.03813231225529349,0.2000231178324372,0.2818461720375106,0.47999839787475873,25,30,0
24,1213,0.023628042617749347,0.20002378016959071,0.29634987063433227,0.47999830657832754,25,30,0
24,1214,0.023628042617749347,0.20002378016959071,0.296349900645173,0.4799982765674868,25,30,0
24,1215,0.023628042617749347,0.20002378016959071,0.2963498986119743,0.47999827860068545,25,30,0
24,1216,0.023628042617749347,0.20002378016959071,0.296349900658091,0.4799982765545688,25,30,0
24,1217,0.023628002194406555,0.20002540114954415,0.2963483177284274,0.4799982789276215,25,30,0
24,1218,0.023628002194406555,0.20002540114954415,0.2963505668115855,0.4799960298444635,25,30,0
24,1219,0.023628002194406555,0.20002540114954415,0.296350564803542,0.479996031852507,25,30,0
24,1220,0.023628002194406555,0.2000254011495442,0.2963506432591363,0.4799959533969125,25,30,0
24,1221,0.023628002194406555,0.2000254011495442,0.29635069519402085,0.479995901462028,25,30,0
24,1222,0.023628002194406555,0.20002579464050005,0.29635030170306503,0.479995901462028,25,30,0
24,1223,0.023628002194406555,0.20002579464050005,0.29635038421787224,0.4799958189472208,25,30,0
24,1224,0.023628002194406555,0.20002579464050005,0.29634876128921933,0.4799974418758737,25,30,0
24,1225,0.02362800219438592,0.20000945897883124,0.2963634308416742,0.4799991079851081,25,30,0
24,1226,0.023628001824573044,0.20000783799887745,0.2963650545701095,0.47999910560643955,25,30,0
24,1227,0.023628001824568656,0.1999936651265499,0.29637922744878664,0.4799991056000945,25,30,0
24,1228,0.023628001824568656,0.1999936651265499,0.29637922991218907,0.47999910313669203,25,30,0
24,1229,0.02362797929794521,0.19999354642877384,0.2963793499650505,0.4799991243082299,25,30,0
24,1230,0.02362797929794521,0.19999354642877384,0.29637946588196606,0.4799990083913142,25,30,0
24,1231,0.02362797929794521,0.19999353953126098,0.29637947277947885,0.4799990083913142,25,30,0
24,1232,0.023627979684839942,0.19999354005088485,0.2963794694375428,0.4799990108267317,25,30,0
24,1233,0.023627979684839942,0.19999354005088485,0.29637946790404446,0.47999901236023,25,30,0
24,1234,0.023627979684839942,0.1999935400632044,0.30103834577637567,0.475340134475579,25,30,0
24,1235,0.023627979684839942,0.1999935400632044,0.3010383472479866,0.47534013300396816,25,30,0
24,1236,0.023627979684839942,0.19999354005088485,0.2963794699718026,0.4799990102924717,25,30,0
24,1237,0.02362797968483548,0.19999378405768917,0.29631172887276686,0.480066507384708,25,30,0
24,1238,0.02362797968483548,0.19999378405768925,0.2963116961803097,0.48006654007716515,25,30,0
24,1239,0.023627979684835484,0.19999353560962096,0.29631196385417025,0.4800665208513728,25,30,0
24,1240,0.023627979684835484,0.19999353560962096,0.29631188136626657,0.48006660333927653,25,30,0
24,1241,0.023627979684835484,0.19999314228736256,0.29631227468852495,0.48006660333927653,25,30,0
24,1242,0.023627979684835484,0.19999314228736256,0.296312274665152,0.48006660336264956,25,30,0
24,1243,0.023627979684835484,0.1999933480604151,0.29631206889209943,0.48006660336264956,25,30,0
24,1244,0.023627979684835484,0.19999310370595963,0.2963123132465542,0.48006660336264956,25,30,0
24,1245,0.023627979296299763,0.19999310318633573,0.2963123165886594,0.4800666009287042,25,30,0
24,1246,0.023627979296299763,0.19938260508201253,0.2969228146929826,0.4800666009287042,25,30,0
24,1247,0.023627979296299763,0.1999931030682037,0.2963123167067914,0.4800666009287042,25,30,0
24,1248,0.023627979296299763,0.19999310984973775,0.29631230992525737,0.4800666009287042,25,30,0
24,1249,0.023627979296299763,0.1994107689668488,0.2968946508081465,0.4800666009287042,25,30,0
24,1250,0.023627979296299763,0.20000029365882696,0.2963051261161682,0.4800666009287042,25,30,0
24,1251,0.023627979296299763,0.20000029365882696,0.2963051281242226,0.4800665989206498,25,30,0
24,1252,0.023627979296299763,0.20000029365882696,0.29630512904647505,0.4800665979983974,25,30,0
24,1253,0.00011806718407818787,0.19999961264919858,0.3198157207790216,0.4800665993877016,25,30,0
24,1254,0.00011806718407818787,0.19999961989882745,0.3198157135293926,0.4800665993877016,25,30,0
24,1255,0.00011655692493652951,0.19999961887878429,0.3198172271990287,0.48006659699725013,25,30,0
24,1256,0.00011655692493652951,0.19999961887878429,0.3198172257770745,0.4800665984192044,25,30,0
24,1257,5.426626612542916e-09,0.19999961887878082,0.3199337772754095,0.48006659841918264,25,30,0
24,1258,5.426626612542916e-09,0.19999961887878082,0.31993377588313576,0.4800665998114564,25,30,0
24,1259,5.42662661262518e-09,0.19999867527159193,0.3199347194903247,0.4800665998114564,25,30,0
24,1260,5.42662661262518e-09,0.19999867527159193,0.3199347215150025,0.4800665977867786,25,30,0
24,1261,5.42662661262518e-09,0.19999867527159193,0.31993472010227497,0.4800665991995061,25,30,0
24,1262,5.42662661262518e-09,0.19999867527159193,0.3199347200660007,0.4800665992357803,25,30,0
24,1263,5.42662661262518e-09,0.19999867527159193,0.3199347205903546,0.4800665987114264,25,30,0
24,1264,5.42662661262518e-09,0.19999867527159193,0.3199346046725712,0.4800667146292101,25,30,0
24,1265,6.689276481291001e-09,0.199998675286206,0.31993460339528523,0.4800667146292319,25,30,0
24,1266,6.689276481291001e-09,0.199998675286206,0.31993232452784004,0.48006899349667714,25,30,0
24,1267,6.689276481291001e-09,0.199998675286206,0.31993232381449066,0.4800689942100266,25,30,0
24,1268,6.689276481291001e-09,0.199998675286206,0.3199323217808432,0.48006899624367405,25,30,0
24,1269,6.689276481291001e-09,0.199998675286206,0.3199323224949502,0.4800689955295671,25,30,0
24,1270,6.689276481291001e-09,0.199998675286206,0.3199323224854434,0.4800689955390738,25,30,0
24,1271,6.689276481291001e-09,0.199998675286206,0.3199323218157516,0.48006899620876564,25,30,0
24,1272,6.689276481291001e-09,0.199998675286206,0.3199323212294834,0.4800689967950339,25,30,0
24,1273,6.689276481291001e-09,0.19999866588149312,0.3199323306341963,0.4800689967950339,25,30,0
24,1274,6.689276481291001e-09,0.19999866588149312,0.3199323306338622,0.48006899679536796,25,30,0
24,1275,6.689276481291001e-09,0.19999866588149312,0.3199323312284703,0.4800689962007598,25,30,0
24,1276,6.689276481291001e-09,0.19999866588149312,0.31993233070335614,0.480068996725874,25,30,0
24,1277,6.689276481291001e-09,0.19999866588149312,0.3199323861758774,0.4800689412533528,25,30,0
24,1278,6.689276481317385e-09,0.19999866588286014,0.3199998848441641,0.4800014425836991,25,30,0
24,1279,6.689276481317385e-09,0.19999866588286014,0.3199998828109585,0.4800014446169047,25,30,0
24,1280,6.689276481317385e-09,0.19999866588286014,0.31999988278802804,0.4800014446398351,25,30,0
24,1281,2.8140801072851107e-08,0.19999866589188867,0.3199998612444192,0.4800014447228911,25,30,0
24,1282,2.8140826154387677e-08,0.1999983165452388,0.32000187670025004,0.47999977861368515,25,30,0
24,1283,2.814082615438765e-08,0.1999760899561356,0.3200241032893515,0.47999977861368687,25,30,0
24,1284,2.814082615438765e-08,0.19996702708582917,0.32003316615965965,0.47999977861368515,25,30,0
24,1285,2.814082615299033e-08,0.1999670249410296,0.3200331682981092,0.47999977862003473,25,30,0
24,1286,6.919253151412127e-05,0.19996702493200122,0.31996400400026753,0.4799997785362169,25,30,0
24,1287,6.918782035522785e-05,0.19996724400200772,0.3199637893199472,0.4799997788576895,25,30,0
24,1288,6.918782035522785e-05,0.19995693058515246,0.31997410273680255,0.4799997788576895,25,30,0
24,1289,6.918782035522785e-05,0.1999569305851524,0.3199740215451197,0.47999986004937234,25,30,0
24,1290,6.918782035522723e-05,0.1999572861854272,0.31997366594500276,0.4799998600492145,25,30,0
24,1291,6.918710492294956e-05,0.19995706711544223,0.31645871851391116,0.48351502726572326,25,30,0
24,1292,6.918710492294956e-05,0.1999679297821833,0.3164478558471701,0.48351502726572326,25,30,0
24,1293,6.918710491894801e-05,0.1999679297822096,0.319894519347895,0.4800683637649762,25,30,0
24,1294,6.918710491894801e-05,0.19996791664929556,0.319894532480809,0.4800683637649762,25,30,0
24,1295,6.918710491894801e-05,0.19996791664929556,0.31989453044803023,0.48006836579775497,25,30,0
24,1296,6.918710491894801e-05,0.19996791664929556,0.3198944763976725,0.48006841984811266,25,30,0
24,1297,6.918710491894801e-05,0.19996791664929556,0.3198944749838274,0.48006842126195787,25,30,0
24,1298,6.918710491894801e-05,0.1999679166492955,0.31989439656548485,0.4800684996803003,25,30,0
24,1299,6.918710491894801e-05,0.1999679166492955,0.3198943966135964,0.48006849963218884,25,30,0
24,1300,6.918710491894801e-05,0.1999679166492955,0.3198943966365324,0.4800684996092528,25,30,0
24,1301,6.918710491894804e-05,0.19993644958598075,0.31992586369984716,0.4800684996092528,25,30,0
24,1302,6.918710491894804e-05,0.19993644958598075,0.3199258637256628,0.4800684995834373,25,30,0
24,1303,6.918710491894804e-05,0.19996754814609993,0.31989476516554194,0.480068499583439,25,30,0
24,1304,6.918710491894804e-05,0.19996754814609993,0.3198948051163709,0.4800684596326099,25,30,0
24,1305,6.918710491894796e-05,0.19996810063958864,0.31989425262288224,0.4800684596326099,25,30,0
24,1306,6.918710491894796e-05,0.19996810063958864,0.3198942540583559,0.4800684581971362,25,30,0
24,1307,6.918710491894796e-05,0.19996809123192677,0.31989426346601774,0.4800684581971362,25,30,0
24,1308,6.918710491894796e-05,0.19996809123192677,0.31989426394076476,0.4800684577223893,25,30,0
24,1309,6.918710491894796e-05,0.19996809123192677,0.3198942239816179,0.48006849768153614,25,30,0
24,1310,6.918710491894796e-05,0.19996809123192677,0.3198942259795885,0.4800684956835654,25,30,0
24,1311,6.918710491894796e-05,0.19996809123192677,0.319894226475121,0.4800684951880329,25,30,0
24,1312,6.918710491958654e-05,0.19996809123074263,0.2904359155833242,0.5095268060810132,25,30,0
24,1313,6.918710491958657e-05,0.19996809122881054,0.29043588585043884,0.5095268358158307,25,30,0
24,1314,6.918710491958657e-05,0.19996809122881484,0.29044058859423433,0.5095221330720308,25,30,0
24,1315,6.918710491958658e-05,0.19996809122881484,0.2904406156300006,0.5095221060362647,25,30,0
24,1316,6.918710491958658e-05,0.1999684627307292,0.29044024412808794,0.509522106036263,25,30,0
24,1317,6.918710491958658e-05,0.1999684627307292,0.2904402843187247,0.5095220658456262,25,30,0
24,1318,6.918710491958658e-05,0.1999684627307292,0.2904402817867327,0.5095220683776182,25,30,0
24,1319,6.918710491958658e-05,0.1999684627307292,0.2904402832259342,0.5095220669384166,25,30,0
24,1320,6.918710491958658e-05,0.1999684627307292,0.2904402832362127,0.5095220669281381,25,30,0
24,1321,6.918710491958658e-05,0.1999684627307292,0.29044024257296985,0.509522107591381,25,30,0
24,1322,8.231667759305936e-05,0.19996877210422642,0.29042680317281133,0.5095221080453688,25,30,0
24,1323,8.231667759305936e-05,0.19996877210422642,0.29042677468926675,0.5095221365289133,25,30,0
24,1324,8.231667759305936e-05,0.19996877210422215,0.29042206994770603,0.5095268412704783,25,30,0
24,1325,8.231667759305936e-05,0.19996877210422215,0.29042206991227176,0.5095268413059126,25,30,0
24,1326,8.231667859366116e-05,0.1999690165332828,0.29042182548221046,0.5095268413059126,25,30,0
24,1327,8.231667859366116e-05,0.1999581503967586,0.29043269161873464,0.5095268413059126,25,30,0
24,1328,8.231667859366116e-05,0.1999581476007197,0.29043269441477354,0.5095268413059126,25,30,0
24,1329,8.231667859366116e-05,0.1999581476007197,0.2904326943791033,0.509526841341583,25,30,0
24,1330,8.231667859366118e-05,0.1999434613463744,0.2904473806334487,0.509526841341583,25,30,0
24,1331,8.231667859366118e-05,0.1999434613463744,0.2904473806328337,0.509526841342198,25,30,0
24,1332,8.231667859366118e-05,0.1999434613463744,0.2904473806078796,0.5095268413671521,25,30,0
24,1333,8.231667859366118e-05,0.1999434613463744,0.29044738112613705,0.5095268408488947,25,30,0
24,1334,8.23166785936611e-05,0.1999434614242702,0.2905158850854735,0.5094583368116624,25,30,0
24,1335,8.23166785936611e-05,0.1999434614242702,0.2905224913270415,0.5094517305700943,25,30,0
24,1336,8.231667810052131e-05,0.1999437171090322,0.2905222356426568,0.5094517305702103,25,30,0
24,1337,8.231667810052131e-05,0.1999437266326857,0.2905222261190033,0.5094517305702103,25,30,0
24,1338,8.231667810052131e-05,0.1999437266326857,0.29052222753111034,0.5094517291581033,25,30,0
24,1339,8.231667810052131e-05,0.1999437266326857,0.2905222270305297,0.5094517296586839,25,30,0
24,1340,8.231667809988237e-05,0.1999437266325024,0.27998062220451975,0.519993334484878,25,30,0
24,1341,8.231667809988237e-05,0.19994372290797263,0.2799806259290495,0.519993334484878,25,30,0
24,1342,8.231667809988237e-05,0.19994372290797263,0.27998062642813204,0.5199933339857953,25,30,0
24,1343,1.3152542111046704e-05,0.19994372290797255,0.2800497905648569,0.5199933339850594,25,30,0
24,1344,1.3152542111046704e-05,0.19994372290797255,0.28004979010976266,0.5199933344401536,25,30,0
24,1345,1.3136641124183767e-05,0.19994372341922922,0.28004980549949304,0.5199933344401534,25,30,0
24,1346,1.3136641124182761e-05,0.19994372341922922,0.2800563278326263,0.5199868121070201,25,30,0
24,1347,1.3136641124182761e-05,0.19994372341922922,0.2800563278770568,0.5199868120625897,25,30,0
24,1348,1.3136641124182761e-05,0.19994372341922922,0.2800564423642095,0.5199866975754369,25,30,0
24,1349,1.3136641124182761e-05,0.19994372341922922,0.28005872191366943,0.5199844180259771,25,30,0
24,1350,1.3136641124182761e-05,0.19994372341922922,0.28005644234084726,0.5199866975987992,25,30,0
24,1351,1.3136641124182761e-05,0.19994372341922922,0.2800564417555958,0.5199866981840506,25,30,0
24,1352,1.3136641124182761e-05,0.19994372341922922,0.2800564702199854,0.519986669719661,25,30,0
24,1353,1.3136641124182761e-05,0.19994372341922922,0.280056470184941,0.5199866697547055,25,30,0
24,1354,1.3136641124182761e-05,0.19994373672138388,0.28005645688278635,0.5199866697547054,25,30,0
24,1355,1.313664112418274e-05,0.1995389729178955,0.28046122068627316,0.5199866697547071,25,30,0
24,1356,1.313664112418274e-05,0.1995389729178955,0.28046122161242165,0.5199866688285586,25,30,0
24,1357,1.313664112418274e-05,0.1995389729178955,0.2804677993460442,0.5199800910949361,25,30,0
24,1358,1.313664112418274e-05,0.1995389729178955,0.2804611931167859,0.5199866973241943,25,30,0
24,1359,1.313664112418274e-05,0.1995389729178955,0.28045458757662717,0.5199933028643532,25,30,0
24,1360,1.313664112418274e-05,0.1995389729178955,0.28045458962133746,0.5199933008196429,25,30,0
24,1361,5.8058007272296635e-09,0.19953901827061324,0.28037127108977167,0.5200897048338141,25,30,0
24,1362,5.805775636730081e-09,0.199538662562782,0.280369930921463,0.5200914007099796,25,30,0
24,1363,5.805775636730081e-09,0.199538662562782,0.28036993095650253,0.52009140067494,25,30,0
24,1364,5.805775636730106e-09,0.19829992006510097,0.28160867344879537,0.5200914006803284,25,30,0
24,1365,5.805775636730108e-09,0.19829992006510097,0.28160867496479325,0.5200913991643304,25,30,0
24,1366,5.805775636730108e-09,0.19829992006510103,0.2816087916335579,0.5200912824955658,25,30,0
24,1367,5.805775636708106e-09,0.19831499993162424,0.28159371176703474,0.5200912824955658,25,30,0
24,1368,5.805775636708106e-09,0.19831499993162424,0.2815937124682583,0.5200912817943422,25,30,0
24,1369,5.805775636708081e-09,0.19955318994072044,0.2803555224645503,0.5200912817889538,25,30,0
24,1370,5.805775636708087e-09,0.1995529991399541,0.2803557132653167,0.5200912817889538,25,30,0
24,1371,5.805775636708087e-09,0.1995529991399541,0.28035571306319396,0.5200912819910767,25,30,0
24,1372,5.805775636708087e-09,0.19955299341808988,0.2803557187850581,0.5200912819910767,25,30,0
24,1373,5.805775636708088e-09,0.19894291067527486,0.2809658015278733,0.5200912819910767,25,30,0
24,1374,5.805775636708087e-09,0.19894291067527486,0.2809657161033206,0.5200913674156292,25,30,0
24,1375,5.805775636708081e-09,0.19893137241357237,0.2809772543650231,0.5200913674156292,25,30,0
24,1376,5.805775636708081e-09,0.19893137241357237,0.28097725393682504,0.5200913678438273,25,30,0
24,1377,5.805775636674222e-09,0.1989317280122186,0.28097859420519233,0.5200896719768138,25,30,0
24,1378,5.8057787730105274e-09,0.1989315502676423,0.28097875708229414,0.5200896868442851,25,30,0
24,1379,5.8057787730105274e-09,0.1989315502676423,0.280978755659287,0.5200896882672924,25,30,0
24,1380,5.805778773030211e-09,0.19721363569466688,0.2826966702322624,0.5200896882672923,25,30,0
24,1381,5.805778773030211e-09,0.19721363569466688,0.28269666965826046,0.5200896888412943,25,30,0
24,1382,1.2116847349290968e-06,0.19721366374187016,0.28269529957336653,0.5200898250000288,25,30,0
24,1383,1.2116847349290968e-06,0.19721366374187016,0.2826954154705255,0.5200897091028698,25,30,0
24,1384,1.2116847349290968e-06,0.1976274971130402,0.2822815820993571,0.520089709102868,25,30,0
24,1385,1.2116847349290968e-06,0.1976274971130402,0.2822749758927983,0.5200963153094268,25,30,0
24,1386,1.2116847350153427e-06,0.19762714237197418,0.2776736298895797,0.5246980160537112,25,30,0
24,1387,1.2116847350153427e-06,0.19764955625130032,0.2776512160102536,0.5246980160537112,25,30,0
24,1388,1.2116847350153472e-06,0.1976495562513004,0.2776535286205775,0.5246957034433872,25,30,0
24,1389,1.2116847350153472e-06,0.19764954676726965,0.27765353810460824,0.5246957034433872,25,30,0
24,1390,1.2116847350153472e-06,0.1976497308374591,0.27765335403441865,0.5246957034433872,25,30,0
24,1391,1.2116847350153427e-06,0.19764973083745904,0.2776510400121758,0.5246980174656303,25,30,0
24,1392,1.2116847350153427e-06,0.19764973083745904,0.2776510400012718,0.5246980174765343,25,30,0
24,1393,1.2116847350230266e-06,0.19765008008893678,0.27765069075907683,0.5246980174672516,25,30,0
24,1394,1.015066898940135e-06,0.19765005236960634,0.2776444380584618,0.5247044945050332,25,30,0
24,1395,1.015066898940135e-06,0.19765005236960634,0.2776444380484002,0.5247044945150946,25,30,0
24,1396,5.0197412695573065e-09,0.19765005153062226,0.2776447434149556,0.5247052000346809,25,30,0
24,1397,5.0197412695573065e-09,0.19765005153062226,0.2776447448379588,0.5247051986116777,25,30,0
24,1398,5.0197412695573065e-09,0.19765005153062226,0.27764474339061934,0.5247052000590172,25,30,0
24,1399,5.019741269557306e-09,0.19765005153062226,0.2776447419655767,0.5247052014840597,25,30,0
24,1400,5.01974573490254e-09,0.19765005153201204,0.27764474197058897,0.5247052014776529,25,30,0
24,1401,5.01974573490254e-09,0.19765005153201204,0.27777426536066285,0.5245756780875792,25,30,0
24,1402,5.0197425986998725e-09,0.19765022314936495,0.27777410861993923,0.5245756632109532,25,30,0
24,1403,5.0197425986998725e-09,0.1976496801487897,0.27777465162051446,0.5245756632109532,25,30,0
24,1404,5.020737748013036e-09,0.19764968441318667,0.27777462665205943,0.5245756839140161,25,30,0
24,1405,5.020737748013036e-09,0.19764968441318667,0.2777746286857118,0.5245756818803637,25,30,0
24,1406,5.020737748013062e-09,0.19825944643948368,0.2771648666594149,0.5245756818803637,25,30,0
24,1407,5.020737654099436e-09,0.19825944643945495,0.2818629713499191,0.5198775771898885,25,30,0
24,1408,5.02073765409941e-09,0.19825937943766625,0.28186303835170784,0.5198775771898885,25,30,0
24,1409,5.0207376541016485e-09,0.19825902394757386,0.28186175744005265,0.5198792135916361,25,30,0
24,1410,5.02074369232916e-09,0.19825936679484446,0.28176990852763656,0.5199707196567755,25,30,0
24,1411,5.02074369232916e-09,0.19825936679484446,0.2817699065160537,0.5199707216683584,25,30,0
24,1412,3.521960940641015e-05,0.19825936679485903,0.2817420082079841,0.5199634053877507,25,30,0
24,1413,3.521960940641017e-05,0.19825936679485903,0.2816125139218538,0.520092899673881,25,30,0
24,1414,3.521960940641017e-05,0.19828178088389847,0.2815900998328145,0.5200928996738808,25,30,0
24,1415,3.521960841140203e-05,0.1982820087375881,0.28158989268318463,0.520092878970816,25,30,0
24,1416,3.521960841140203e-05,0.1982820087375881,0.2815899211558264,0.5200928504981742,25,30,0
24,1417,3.5219608411402004e-05,0.1999927396150578,0.2798791902783566,0.5200928504981742,25,30,0
24,1418,3.5219608411402004e-05,0.1999927396150579,0.2799714859142956,0.5200005548622352,25,30,0
24,1419,3.521960841140199e-05,0.1999927396150622,0.27997160113549246,0.5200004396410339,25,30,0
24,1420,3.521960841140199e-05,0.1999932830302902,0.27997105772026454,0.5200004396410339,25,30,0
24,1421,3.521960841140199e-05,0.20000007339480824,0.27996426735574653,0.5200004396410339,25,30,0
24,1422,3.521960841140207e-05,0.1993898596219033,0.28057448112317557,0.5200004396465097,25,30,0
24,1423,3.521960853852909e-05,0.1993896296478904,0.2805747110970603,0.5200004396465107,25,30,0
24,1424,3.521960853852909e-05,0.1993896296478903,0.280574622207855,0.5200005285357161,25,30,0
24,1425,3.521960853852909e-05,0.1993896296478903,0.2805746201394156,0.5200005306041554,25,30,0
24,1426,3.521960803553497e-05,0.19938912953256277,0.2805751202553599,0.5200005306040415,25,30,0
24,1427,3.521960803553497e-05,0.19938912953256277,0.28057512093354947,0.520000529925852,25,30,0
24,1428,3.521960803107031e-05,0.1997928223967227,0.2801714280693941,0.520000529925852,25,30,0
24,1429,3.5219608025024503e-05,0.1997924795494851,0.28026491347854604,0.5199073873639438,25,30,0
24,1430,3.5219608025024415e-05,0.20040270016434217,0.27965469286916467,0.5199073873584681,25,30,0
24,1431,1.7602753157437494e-05,0.20040270016449616,0.27967231215934696,0.5199073849229996,25,30,0
24,1432,1.760275315743751e-05,0.20040270016449616,0.27967701448665094,0.5199026825956955,25,30,0
24,1433,1.760275315743751e-05,0.20040270016449616,0.2796769874532071,0.5199027096291393,25,30,0
24,1434,1.760275315743751e-05,0.20040270016449616,0.27967687153542525,0.5199028255469212,25,30,0
24,1435,1.7602754586680025e-05,0.2004027001644967,0.2796768423128633,0.5199028547680533,25,30,0
24,1436,1.7602754586680025e-05,0.2004027001644967,0.27967684228832307,0.5199028547925936,25,30,0
24,1437,1.7602754586680025e-05,0.2004027001644967,0.27967695819292887,0.5199027388879877,25,30,0
24,1438,1.760275315743748e-05,0.2004027001644967,0.27967695819314453,0.5199027388892012,25,30,0
24,1439,1.760275315743748e-05,0.20040270016449666,0.2795846630236416,0.5199950340587043,25,30,0
24,1440,1.760275303471297e-05,0.2004027023863566,0.2795846608019056,0.5199950340587034,25,30,0
24,1441,1.760275303471297e-05,0.2004027023863566,0.27958468928625574,0.5199950055743531,25,30,0
24,1442,1.760275303471297e-05,0.200403095829408,0.27958429584320454,0.5199950055743531,25,30,0
24,1443,1.760275303471297e-05,0.200403095829408,0.27958429787663347,0.5199950035409242,25,30,0
24,1444,1.760275303471297e-05,0.200403095829408,0.27958426941704934,0.5199950320005082,25,30,0
24,1445,1.760275303471297e-05,0.200403095829408,0.27958426941704173,0.5199950320005159,25,30,0
24,1446,1.7602753034712974e-05,0.20040309582941226,0.27959087671681054,0.5199884247007427,25,30,0
24,1447,1.7602753034712974e-05,0.200403095829408,0.27959073236476656,0.519988569052791,25,30,0
24,1448,1.7602753034712974e-05,0.200403095829408,0.2795908143877579,0.5199884870297997,25,30,0
24,1449,1.7602753034712974e-05,0.200403095829408,0.27959085231354686,0.5199884491040109,25,30,0
24,1450,1.7602753034712974e-05,0.200403095829408,0.2795908529075508,0.5199884485100068,25,30,0
24,1451,1.7602753034712974e-05,0.2004027022163043,0.27959124652065453,0.5199884485100068,25,30,0
24,1452,1.7602753034712974e-05,0.2004027019537843,0.27959124678317443,0.5199884485100068,25,30,0
24,1453,1.7602753034712974e-05,0.2004026924866824,0.2795912562502763,0.5199884485100068,25,30,0
24,1454,1.7602753034712974e-05,0.2004026924866824,0.2795911403681476,0.5199885643921355,25,30,0
24,1455,1.7602753034712974e-05,0.2004026924866824,0.27959114235750654,0.5199885624027766,25,30,0
24,1456,1.7602753034712994e-05,0.2004026924866824,0.27959122286456883,0.5199884818957142,25,30,0
24,1457,1.7602753034712994e-05,0.2004026924866824,0.2795913103086547,0.5199883944516283,25,30,0
24,1458,1.7602753034712987e-05,0.2004026924886026,0.2795913395290818,0.5199883652292809,25,30,0
24,1459,1.7602753035589328e-05,0.20040269259756777,0.27959136904155324,0.5199883356078437,25,30,0
24,1460,1.760275303558863e-05,0.19999899973334068,0.27999506190578033,0.5199883356078437,25,30,0
24,1461,1.7602753035588613e-05,0.19999899973334068,0.27999498150582147,0.5199884160078024,25,30,0
24,1462,1.7602754459265853e-05,0.19999865658125046,0.27999532464737176,0.5199884160169185,25,30,0
24,1463,1.7602754459265846e-05,0.19999865658124616,0.2799887458311816,0.5199949948331128,25,30,0
24,1464,1.7602794804297168e-05,0.19999865961502258,0.2799408997772156,0.5200428378129576,25,30,0
24,1465,1.7602794804297168e-05,0.19999865961502258,0.2799409002775389,0.5200428373126342,25,30,0
24,1466,1.7602794804297168e-05,0.19999865961502258,0.2799408577496876,0.5200428798404856,25,30,0
24,1467,1.7602794804297168e-05,0.19999810699910975,0.2799414103656004,0.5200428798404856,25,30,0
24,1468,1.7602794804297168e-05,0.19999772271593316,0.27994179464877694,0.5200428798404856,25,30,0
24,1469,1.760275481590644e-05,0.1999980753691947,0.2799892850335798,0.5199950368424094,25,30,0
24,1470,1.7602753392229067e-05,0.19999841873220212,0.27998894168111227,0.5199950368332934,25,30,0
24,1471,1.7602753392229067e-05,0.19999841873220212,0.27998891463244124,0.5199950638819644,25,30,0
24,1472,1.7602753633512118e-05,0.20001235475692045,0.27997497860748144,0.5199950638819644,25,30,0
24,1473,1.7602753633512118e-05,0.20001235475692045,0.27997497796409293,0.5199950645253532,25,30,0
24,1474,1.7602753633512118e-05,0.20001235475692045,0.2799749784304937,0.5199950640589523,25,30,0
24,1475,1.7602753633512118e-05,0.20001255763637807,0.279974775551036,0.5199950640589523,25,30,0
24,1476,1.7602753633512118e-05,0.20001255763637807,0.27997473558132396,0.5199951040286644,25,30,0
24,1477,3.092123251889578e-07,0.20001255763606418,0.2799920291229722,0.5199951040286385,25,30,0
24,1478,3.092123251889578e-07,0.20001255763606418,0.2799920690823861,0.5199950640692247,25,30,0
24,1479,3.092123251889578e-07,0.20001255763606418,0.2799920670846982,0.5199950660669124,25,30,0
24,1480,3.092123251889578e-07,0.2000014889403908,0.28000313578037156,0.5199950660669124,25,30,0
24,1481,3.092123251889578e-07,0.200001095557851,0.28000352916291127,0.5199950660669124,25,30,0
24,1482,3.092123251889578e-07,0.1999808778053996,0.2800237469153626,0.5199950660669126,25,30,0
24,1483,3.092123251889578e-07,0.1999808778053996,0.28002374690531084,0.5199950660769643,25,30,0
24,1484,3.0921196767192936e-07,0.19998052201128363,0.2800241026997872,0.5199950660769614,25,30,0
24,1485,3.0921196320260835e-07,0.1999805175703103,0.2800241071407669,0.5199950660769594,25,30,0
24,1486,3.0921196320260835e-07,0.19998107979981739,0.28002354491125975,0.5199950660769594,25,30,0
24,1487,3.0921196320260835e-07,0.19998107976095247,0.28002354495012466,0.5199950660769594,25,30,0
24,1488,3.092119632026127e-07,0.19998107976095675,0.28002822806209865,0.5199903829649811,25,30,0
24,1489,3.092119632026127e-07,0.19998107976095678,0.2801577514949445,0.5198608595321353,25,30,0
24,1490,3.092119632026126e-07,0.19998107976095678,0.28015775073631327,0.5198608602907666,25,30,0
24,1491,3.092119632026126e-07,0.19998107976095678,0.28015775005998084,0.5198608609670989,25,30,0
24,1492,3.0921198483073333e-07,0.19998108513797216,0.27540842158697953,0.5246101840630633,25,30,0
24,1493,3.0921198483073333e-07,0.19998108513797216,0.2754084221474525,0.5246101835025904,25,30,0
24,1494,3.092119848307092e-07,0.1999810850627879,0.27540842222263634,0.5246101835025904,25,30,0
24,1495,3.092119848307092e-07,0.1999810850627879,0.27540842222201056,0.5246101835032161,25,30,0
24,1496,3.092119848307092e-07,0.1999810850627879,0.27540838322532785,0.524610222499899,25,30,0
24,1497,3.092119848307092e-07,0.1999810850627879,0.27540838570780335,0.5246102200174235,25,30,0
24,1498,6.823312523507056e-12,0.1999810850627906,0.2754086949129493,0.5246102200174362,25,30,0
24,1499,6.5774857868666976e-12,0.19996714467216214,0.27542263530382405,0.5246102200174362,25,30,0
24,1500,6.577485786867031e-12,0.19996714472214197,0.2754226352538443,0.5246102200174362,25,30,0
24,1501,6.577485786867011e-12,0.19996714472214197,0.27542260479426245,0.5246102504770179,25,30,0
24,1502,6.577485786867011e-12,0.19996714472214197,0.2754226043385609,0.5246102509327195,25,30,0
24,1503,4.090518687032203e-08,0.19996714857736472,0.2754225412041052,0.524610269313343,25,30,0
24,1504,4.090518687031772e-08,0.19996714857736037,0.27541778216960017,0.5246150283478523,25,30,0
24,1505,4.090521152843049e-08,0.1999671547084514,0.2754177760384845,0.5246150283478523,25,30,0
24,1506,4.090518687058868e-08,0.1999671485792811,0.2754177821676794,0.5246150283478523,25,30,0
24,1507,2.2875521906878883e-07,0.19998153345587064,0.2754032094408299,0.5246150283480803,25,30,0
24,1508,2.2875521906878883e-07,0.19998153345587064,0.27540321146571584,0.5246150263231943,25,30,0
24,1509,2.2875521906878883e-07,0.19998153345587064,0.2754031719704218,0.5246150658184885,25,30,0
24,1510,2.2875521906878883e-07,0.19998153345587064,0.2754031715067544,0.5246150662821559,25,30,0
24,1511,2.2875521906878883e-07,0.19998153345587064,0.2754031715174396,0.5246150662714706,25,30,0
24,1512,2.2875521906878883e-07,0.19998153345587064,0.2754031680613146,0.5246150697275956,25,30,0
24,1513,2.2875521906878883e-07,0.19998153345587064,0.27540317104206713,0.524615066746843,25,30,0
24,1514,2.2875521906878886e-07,0.20000144291961383,0.27538326157832116,0.5246150667468457,25,30,0
24,1515,4.090519133615119e-08,0.19998731127430197,0.27539758107388856,0.524615066746618,25,30,0
24,1516,4.090519133615119e-08,0.19998730173629944,0.27539759061189106,0.524615066746618,25,30,0
24,1517,4.090519133615119e-08,0.19998730173629944,0.2753991735180398,0.5246134838404692,25,30,0
24,1518,4.090519580135243e-08,0.19998730173626852,0.2753991735180661,0.5246134838404692,25,30,0
24,1519,4.0905191337188576e-08,0.19998704850499094,0.2753994267493482,0.5246134838404692,25,30,0
24,1520,4.409141481526028e-08,0.2000009517014213,0.27538552000876393,0.5246134841983998,25,30,0
24,1521,4.409141481524302e-08,0.2000009517014213,0.2753808992309043,0.5246181049762596,25,30,0
24,1522,4.409141481524302e-08,0.2000009517014213,0.2753808985649209,0.5246181056422431,25,30,0
24,1523,4.409141481524302e-08,0.2000009517014213,0.2753808985647488,0.5246181056424151,25,30,0
24,1524,4.409141481524302e-08,0.2000009517014213,0.27538081604104403,0.5246181881661198,25,30,0
24,1525,4.409141483016167e-08,0.19998103619406848,0.2754007315483997,0.5246181881661169,25,30,0
24,1526,4.409141483016167e-08,0.19998103619406848,0.27540072955919004,0.5246181901553267,25,30,0
24,1527,4.409141483016311e-08,0.1999814094356494,0.2754003563176091,0.5246181901553267,25,30,0
24,1528,4.409141483016311e-08,0.1999814094356494,0.2754004388055002,0.5246181076674357,25,30,0
24,1529,4.4091414822862836e-08,0.2000006446547987,0.2753812035861958,0.5246181076675908,25,30,0
24,1530,4.4091414822862836e-08,0.2000006446547987,0.27538120357788093,0.5246181076759057,25,30,0
24,1531,4.4091414822862836e-08,0.2000006446547987,0.27538120359706886,0.5246181076567177,25,30,0
24,1532,4.4091414822862836e-08,0.2000006446547987,0.2753812015281947,0.524618109725592,25,30,0
24,1533,4.409139319487583e-08,0.20000098883724632,0.28012851435267744,0.5198704527186829,25,30,0
24,1534,3.186227952780652e-09,0.20000098498202093,0.24013081963161592,0.5598681922001352,25,30,0
24,1535,3.186227952780652e-09,0.2000009853987104,0.24013081921492646,0.5598681922001352,25,30,0
24,1536,6.4357353937385825e-09,0.20000123423393962,0.24013056676503827,0.5598681925652866,25,30,0
24,1537,6.435735393607829e-09,0.2000008909131356,0.24013257617489775,0.559866526476231,25,30,0
24,1538,6.435735393607829e-09,0.2000008909131356,0.24013257662984164,0.5598665260212872,25,30,0
24,1539,6.435735393607854e-09,0.19997887009513307,0.24015459744784412,0.5598665260212872,25,30,0
24,1540,6.4357353936078466e-09,0.199978870095133,0.24015235530994897,0.5598687681591824,25,30,0
24,1541,6.4357353936078466e-09,0.199978870095133,0.24015235534561097,0.5598687681235204,25,30,0
24,1542,6.4357353936078466e-09,0.199978870095133,0.24028187875343324,0.5597392447156984,25,30,0
24,1543,3.249511915511999e-09,0.19996496697391095,0.2402957854186945,0.5597392443578822,25,30,0
24,1544,3.249511915511999e-09,0.19996496697391095,0.24016626266173813,0.5598687671148386,25,30,0
24,1545,3.2495119155119994e-09,0.19996496697391095,0.2401662633636089,0.5598687664129678,25,30,0
24,1546,3.2495119155119986e-09,0.19996496697391095,0.24003673991788899,0.5599982898586877,25,30,0
24,1547,3.249511915511993e-09,0.19996496697391095,0.24003673693651056,0.5599982928400661,25,30,0
24,1548,3.249511923097504e-09,0.19996496073521855,0.24003504796682754,0.5599999880484414,25,30,0
24,1549,3.249511923097504e-09,0.19996496073521855,0.24003504746684928,0.5599999885484196,25,30,0
24,1550,3.249511923097504e-09,0.19996496073521855,0.24003496495620522,0.5600000710590638,25,30,0
24,1551,3.249511923097504e-09,0.19996496073521855,0.24003496495637727,0.5600000710588918,25,30,0
24,1552,3.249511923097504e-09,0.19996496073521855,0.24003496500958715,0.5600000710056819,25,30,0
24,1553,3.2495119154773844e-09,0.19994538198490272,0.24005454376005816,0.5600000710055268,25,30,0
24,1554,3.2495119154773844e-09,0.19991391413729037,0.24008601160767068,0.5600000710055268,25,30,0
24,1555,3.2495119154773844e-09,0.19991391413729037,0.24008447124230767,0.56000161137089,25,30,0
24,1556,3.2495119154773844e-09,0.19991391413729037,0.24008447254889734,0.5600016100643002,25,30,0
24,1557,3.2495119154773844e-09,0.19991391413729037,0.24008447256057355,0.5600016100526239,25,30,0
24,1558,3.249511915477359e-09,0.1999449978240751,0.24005338887378883,0.5600016100526239,25,30,0
24,1559,4.552839442933976e-15,0.19994475350812682,0.24005363680439612,0.5600016096874727,25,30,0
24,1560,4.2700501728579216e-10,0.19994478612834637,0.21119169621842496,0.5888635172262238,25,30,0
24,1561,9.348923730359748e-08,0.19994491103667092,0.21119088235150238,0.5888641131225895,25,30,0
24,1562,9.348923730359748e-08,0.19994491103667092,0.21119088435008795,0.5888641111240038,25,30,0
24,1563,9.348923722525336e-08,0.19994491103804232,0.21119088434871663,0.5888641111240038,25,30,0
24,1564,9.348923722549924e-08,0.19994491103804232,0.21119088535807595,0.5888641101146446,25,30,0
24,1565,9.348923734325295e-08,0.19994491103806097,0.21119088535805447,0.5888641101146475,25,30,0
24,1566,9.348923734325302e-08,0.19994491103806097,0.21119100122339635,0.5888639942493056,25,30,0
24,1567,9.348923734325295e-08,0.19994491103806097,0.21119088533069458,0.5888641101420073,25,30,0
24,1568,9.348923734325152e-08,0.19994437858514919,0.21119141778360653,0.5888641101420073,25,30,0
24,1569,9.348923734325152e-08,0.19994437858514919,0.21119141778006803,0.5888641101455458,25,30,0
24,1570,9.348923734300562e-08,0.19994437858514919,0.21119141751704082,0.5888641104085731,25,30,0
24,1571,9.348923734300562e-08,0.19994437858514919,0.21119141609458628,0.5888641118310276,25,30,0
24,1572,9.348923734300562e-08,0.19994437858514919,0.2111914160945863,0.5888641118310276,25,30,0
24,1573,9.306223687718913e-08,0.19994434588698654,0.20005346339655014,0.600002097654227,25,30,0
24,1574,9.306223718009281e-08,0.20104877192270565,0.1989490373608334,0.6000020976542241,25,30,0
24,1575,9.306223718009279e-08,0.20107079269692082,0.19892701658661827,0.6000020976542241,25,30,0
24,1576,9.306223718009279e-08,0.20107079269692082,0.19892929616759492,0.5999998180732474,25,30,0
24,1577,9.306223718009279e-08,0.20107134530187154,0.19892874356264417,0.5999998180732474,25,30,0
24,1578,9.306223718008847e-08,0.20107134530187154,0.1989286376268267,0.5999999240090649,25,30,0
24,1579,9.306223718008847e-08,0.20107134530187154,0.19892863761430873,0.5999999240215829,25,30,0
24,1580,9.306223718008847e-08,0.20107134530187154,0.19892875353180492,0.5999998081040866,25,30,0
24,1581,9.306223718008847e-08,0.20107134530187154,0.19892875351523823,0.5999998081206533,25,30,0
24,1582,9.306223718008847e-08,0.2010703993563795,0.19892969946063271,0.5999998081207508,25,30,0
24,1583,9.306223718750335e-08,0.20107040559078038,0.19892969322623175,0.5999998081207508,25,30,0
24,1584,9.306223718750338e-08,0.20046071049320235,0.19953938832371368,0.5999998081208469,25,30,0
24,1585,9.306223718750338e-08,0.20046071049320235,0.19953947084684043,0.5999997255977202,25,30,0
24,1586,9.306223718750338e-08,0.20046071049320235,0.19953935492933655,0.5999998415152241,25,30,0
24,1587,9.306223718750338e-08,0.20046071049320235,0.1996688763541336,0.5998703200904271,25,30,0
24,1588,9.306223718750338e-08,0.20046071049320235,0.1996665982080093,0.5998725982365514,25,30,0
24,1589,2.754250943295245e-07,0.2004607085528259,0.19966639730102823,0.5998726187210518,25,30,0
24,1590,2.754250943295245e-07,0.2004607085528259,0.1996663958786321,0.5998726201434479,25,30,0
24,1591,2.754250943295245e-07,0.2004607085528259,0.19966639590533586,0.5998726201167441,25,30,0
24,1592,2.754250943295245e-07,0.2004607085530705,0.1996710569917202,0.5998679590301152,25,30,0
24,1593,2.754250943295245e-07,0.2004607085530705,0.19954597656800532,0.5999930394538302,25,30,0
24,1594,2.754250943295245e-07,0.2004607085530705,0.1995459772698793,0.5999930387519562,25,30,0
24,1595,2.754250943295245e-07,0.20043923722774382,0.19956744859520598,0.5999930387519562,25,30,0
24,1596,2.754250943295245e-07,0.20043923722774387,0.199833782984308,0.5997267043628541,25,30,0
24,1597,2.7542509432952447e-07,0.201048932199018,0.1992240880131299,0.5997267043627581,25,30,0
24,1598,2.7542509432952447e-07,0.20107133993552295,0.1992016802766249,0.5997267043627581,25,30,0
24,1599,2.7542509432952447e-07,0.2010717236859293,0.1992012965262186,0.5997267043627581,25,30,0
24,1600,2.7542509432952447e-07,0.2010717236859293,0.19920129730757372,0.5997267035814029,25,30,0
24,1601,2.7542509432952447e-07,0.2010717236859293,0.19920129729729275,0.5997267035916839,25,30,0
24,1602,2.7542509432952447e-07,0.2010717236859293,0.1992013237363187,0.599726677152658,25,30,0
24,1603,2.754250944834645e-07,0.20107196796062837,0.1992010794616175,0.59972667715266,25,30,0
24,1604,2.754250944834645e-07,0.20107196796062837,0.1992010794609992,0.5997266771532782,25,30,0
24,1605,2.754250944834645e-07,0.20107196796062837,0.19920116148566755,0.5997265951286098,25,30,0
24,1606,2.754250944834645e-07,0.2010719679606283,0.1989348290857675,0.5999929275285101,25,30,0
24,1607,2.754250944834645e-07,0.2010719679606283,0.19893483041709975,0.5999929261971778,25,30,0
24,1608,2.754250944834645e-07,0.2010719679606283,0.1989348308813793,0.5999929257328982,25,30,0
24,1609,2.754250944834645e-07,0.2010723582274834,0.19893444061452417,0.5999929257328982,25,30,0
24,1610,2.754250944834645e-07,0.2010723582274834,0.19893443975872255,0.5999929265886997,25,30,0
24,1611,2.754250944834645e-07,0.2010723582274834,0.1989344417669844,0.599992924580438,25,30,0
24,1612,2.754250944834645e-07,0.2010723582274834,0.19893444176636954,0.5999929245810529,25,30,0
24,1613,2.754250944834645e-07,0.20107236775480053,0.1989344322390524,0.5999929245810529,25,30,0
24,1614,2.754250944834645e-07,0.2010646315697738,0.19894216842407902,0.5999929245810529,25,30,0
24,1615,2.754250944834645e-07,0.20106445041375703,0.19894234958009588,0.5999929245810529,25,30,0
24,1616,2.754250944834645e-07,0.20106445041375703,0.1989423496157691,0.5999929245453797,25,30,0
24,1617,2.754250944834645e-07,0.20106445041375703,0.19894234961577947,0.5999929245453692,25,30,0
24,1618,2.754250944834645e-07,0.20106445041375703,0.19894234959162824,0.5999929245695205,25,30,0
24,1619,2.7542509448360045e-07,0.20106445041190335,0.19894404532368487,0.5999912288393173,25,30,0
24,1620,2.7542509448360045e-07,0.20106445041165874,0.19893930222201853,0.5999959719412284,25,30,0
24,1621,2.7542509448360045e-07,0.20106445041165874,0.19893930423185954,0.5999959699313874,25,30,0
24,1622,2.7542509448360045e-07,0.20106445041165874,0.1989393042334455,0.5999959699298013,25,30,0
24,1623,2.7542509448360045e-07,0.20103316413260086,0.19897059051250338,0.5999959699298013,25,30,0
24,1624,2.7542509448360045e-07,0.20103316413260086,0.19897059399277622,0.5999959664495285,25,30,0
24,1625,2.7542509448360045e-07,0.20103316413260086,0.1989705939927761,0.5999959664495285,25,30,0
24,1626,2.7542509448360045e-07,0.20103355069139198,0.1989702074340809,0.5999959664494326,25,30,0
24,1627,2.7542509448360045e-07,0.20103355069139198,0.19897028847463535,0.5999958854088782,25,30,0
24,1628,2.7542509448360045e-07,0.2010335540329109,0.19897028513311643,0.5999958854088782,25,30,0
24,1629,2.7542509448360045e-07,0.2010335540329109,0.19897025666110071,0.5999959138808939,25,30,0
24,1630,2.7542509448360045e-07,0.2010335540329109,0.1989702546528574,0.5999959158891374,25,30,0
24,1631,2.7542509448360045e-07,0.2010335540329109,0.19897025461620846,0.5999959159257862,25,30,0
24,1632,2.7542509457066676e-07,0.2019637651398046,0.1936050567633691,0.6044309026717315,25,30,0
24,1633,2.7542509457066676e-07,0.2019637651398046,0.19360505564658825,0.6044309037885125,25,30,0
24,1634,2.7542509457066676e-07,0.2019637651398046,0.19360505564597394,0.6044309037891268,25,30,0
24,1635,2.7542509457066676e-07,0.2019637651398046,0.19360505633533134,0.6044309030997694,25,30,0
24,1636,1.823918366576286e-07,0.20196364237263897,0.19360586803212063,0.6044303072034038,25,30,0
24,1637,4.6265189904861486e-07,0.20103343173724603,0.19897078294418552,0.5999953226666694,25,30,0
24,1638,4.6265189904861486e-07,0.20106490857928616,0.19893930610214539,0.5999953226666694,25,30,0
24,1639,4.6265189904861486e-07,0.2010654612350847,0.19893875344634845,0.5999953226666678,25,30,0
24,1640,2.8029583493462094e-07,0.2010655755031978,0.19893883210144203,0.5999953120995256,25,30,0
24,1641,2.8029583493462094e-07,0.2010655755031978,0.19893875007695427,0.5999953941240134,25,30,0
24,1642,2.8029583493462094e-07,0.2010655755031978,0.19893875007693962,0.599995394124028,25,30,0
24,1643,2.8029583493462094e-07,0.2010655755031978,0.1989387480520639,0.5999953961489037,25,30,0
24,1644,2.8029583493462094e-07,0.2010655755031978,0.19893874809960235,0.5999953961013652,25,30,0
24,1645,2.8029583493462094e-07,0.2010655755031978,0.19893874534555972,0.5999953988554078,25,30,0
24,1646,2.8029583493462094e-07,0.2010655755031978,0.19893874632948522,0.5999953978714823,25,30,0
24,1647,2.80295834934621e-07,0.2010655755031978,0.1989387836147133,0.5999953605862541,25,30,0
24,1648,2.80295834934621e-07,0.2010655755031978,0.19893878216737232,0.5999953620335952,25,30,0
24,1649,2.80295834934621e-07,0.2010655755031978,0.19893433913244135,0.5999998050685261,25,30,0
24,1650,2.80295834934621e-07,0.2010655755031978,0.1989343411413138,0.5999998030596536,25,30,0
24,1651,2.80295834934621e-07,0.2010655755031978,0.19893434265435822,0.5999998015466093,25,30,0
24,1652,2.80295834934621e-07,0.2010655755031978,0.19893434263774062,0.5999998015632269,25,30,0
24,1653,2.803703529915424e-07,0.20106545704645576,0.1989344709373199,0.5999997916458715,25,30,0
24,1654,2.803703529915424e-07,0.20106545704645576,0.1989360938028737,0.5999981687803178,25,30,0
24,1655,2.803703529915424e-07,0.19982672477273805,0.20017482607659137,0.5999981687803178,25,30,0
24,1656,2.803703529915424e-07,0.19982672477273805,0.20017474356532236,0.5999982512915867,25,30,0
24,1657,2.803703529915424e-07,0.19982672477273805,0.20017474356576007,0.5999982512911489,25,30,0
24,1658,2.803703529915424e-07,0.19982672477273805,0.20017474310209787,0.599998251754811,25,30,0
24,1659,2.803703529915424e-07,0.19982672477273805,0.20017466108702575,0.5999983337698831,25,30,0
24,1660,2.803703529915424e-07,0.19985820161271367,0.20014318424705024,0.5999983337698831,25,30,0
24,1661,2.803703529915424e-07,0.19985820161271367,0.20014318419972374,0.5999983338172098,25,30,0
24,1662,2.803703529915424e-07,0.19985820166239956,0.20014318415003782,0.5999983338172098,25,30,0
24,1663,2.8037035299154235e-07,0.19985820166239956,0.2001431441548983,0.5999983738123493,25,30,0
24,1664,2.8037035299154235e-07,0.19985820166239956,0.20014314460230348,0.5999983733649441,25,30,0
24,1665,2.8037035299154235e-07,0.19985820166239956,0.2001431441030156,0.599998373864232,25,30,0
24,1666,2.8037035299154235e-07,0.19985820166239956,0.20014314412796952,0.599998373839278,25,30,0
24,1667,2.8037035299154235e-07,0.19985820166239956,0.20014314665199304,0.5999983713152546,25,30,0
24,1668,2.8037035299154235e-07,0.19985820166239956,0.2001431459246758,0.5999983720425718,25,30,0
24,1669,2.8037035299154235e-07,0.19985820166239956,0.20014326183385026,0.5999982561333973,25,30,0
24,1670,5.851769336576572e-10,0.19985820222043404,0.2001435432696014,0.5999982539247878,25,30,0
24,1671,5.039298683874718e-10,0.19985821803608142,0.18608267475192627,0.6140591067080623,25,30,0
24,1672,5.039298683875474e-10,0.1998582180360815,0.1860849548473287,0.6140568266126596,25,30,0
24,1673,5.039298683875474e-10,0.1998582180360815,0.1860849537706339,0.6140568276893544,25,30,0
24,1674,5.039298683875474e-10,0.1998582180360815,0.18608495235020875,0.6140568291097797,25,30,0
24,1675,5.039298683889687e-10,0.19925586580356763,0.18668730458272262,0.6140568291097797,25,30,0
24,1676,5.099770848904978e-10,0.19925584988703426,0.20033513254349722,0.6004090170594919,25,30,0
24,1677,5.099766643679264e-10,0.19815177934241315,0.2014392030881186,0.6004090170594918,25,30,0
24,1678,5.099766643679264e-10,0.19815176971867943,0.2014392127118524,0.6004090170594918,25,30,0
24,1679,5.099766643679264e-10,0.19815176971867943,0.20143921268863288,0.6004090170827112,25,30,0
24,1680,5.099766643679259e-10,0.19939050199529237,0.20020048041201982,0.6004090170827112,25,30,0
24,1681,5.099766643679259e-10,0.19939050199529237,0.20020051837348274,0.6004089791212484,25,30,0
24,1682,5.099766643679313e-10,0.19939050199529249,0.20020063475478472,0.6004088627399463,25,30,0
24,1683,5.099766643679313e-10,0.19939050199529249,0.2002006347547847,0.6004088627399463,25,30,0
24,1684,5.099766643679313e-10,0.19939050199529249,0.200200634271866,0.600408863222865,25,30,0
24,1685,5.099766643679314e-10,0.19939050199454722,0.2002006342726112,0.600408863222865,25,30,0
24,1686,5.099766643679314e-10,0.19939050199454722,0.2002006342726156,0.6004088632228606,25,30,0
24,1687,5.099766643679313e-10,0.19939050199454722,0.20020051980244033,0.6004089776930358,25,30,0
24,1688,5.099765158309588e-10,0.19939026193148696,0.20020075986539013,0.6004089776931463,25,30,0
24,1689,4.810020658354668e-10,0.19939026407977298,0.20020075774607826,0.6004089776931463,25,30,0
24,1690,4.810020658354615e-10,0.19939026407977292,0.2002006433623148,0.6004090920769097,25,30,0
24,1691,4.810267220400914e-10,0.1993902580333422,0.20020064939972176,0.6004090920859089,25,30,0
24,1692,4.810267220400914e-10,0.1993902580333422,0.20020064740174845,0.6004090940838822,25,30,0
24,1693,4.810267220400914e-10,0.1993902580333422,0.20020064736652426,0.6004090941191064,25,30,0
24,1694,4.810267220400914e-10,0.1993902580333422,0.20020072844294648,0.6004090130426841,25,30,0
24,1695,4.810267220400914e-10,0.1993902580333422,0.2002007284427929,0.6004090130428377,25,30,0
24,1696,4.810267220400966e-10,0.1993902580333422,0.20019910757579815,0.6004106339098324,25,30,0
24,1697,4.810267220400966e-10,0.1993902580333422,0.2001991090148158,0.6004106324708147,25,30,0
24,1698,4.810267220400966e-10,0.1993902580333422,0.20019906902033263,0.600410672465298,25,30,0
24,1699,4.810267220400966e-10,0.1993902580333422,0.20019898653225138,0.6004107549533791,25,30,0
24,1700,4.810267220400966e-10,0.1993902580333422,0.20019898653161242,0.6004107549540181,25,30,0
24,1701,7.039760893040577e-05,0.1993902570037788,0.20012859043403425,0.6004107549532562,25,30,0
24,1702,7.039760893040577e-05,0.1993902570037788,0.2001285909460344,0.6004107544412561,25,30,0
24,1703,7.039760890574947e-05,0.19941017282944917,0.20010867512938785,0.600410754432257,25,30,0
24,1704,7.039760890574947e-05,0.19941017282944917,0.20010867716288216,0.6004107523987627,25,30,0
24,1705,7.039760890167413e-05,0.19941017290168378,0.20010867671930366,0.600410752770111,25,30,0
24,1706,7.039760890167413e-05,0.19941017290168378,0.2001086787279856,0.6004107507614289,25,30,0
24,1707,7.039760890167413e-05,0.19941017290168378,0.20010867814211153,0.6004107513473029,25,30,0
24,1708,7.039760890167413e-05,0.19941017290168378,0.20010879403406207,0.6004106354553523,25,30,0
24,1709,7.039760890167413e-05,0.1994024368334154,0.2001165301023304,0.6004106354553523,25,30,0
24,1710,7.039761031790991e-05,0.19947881168236858,0.2000401556232883,0.600410635084025,25,30,0
24,1711,7.039761031790991e-05,0.19947826889067122,0.20004069841498573,0.600410635084025,25,30,0
24,1712,7.039761031790991e-05,0.19947826889067116,0.20003841835398187,0.600412915145029,25,30,0
24,1713,7.039761031790991e-05,0.19947842809979008,0.20003825914486292,0.600412915145029,25,30,0
24,1714,7.039761031790991e-05,0.19947842809979008,0.20003825914507867,0.6004129151448132,25,30,0
24,1715,7.039761031790991e-05,0.19947842809979008,0.20003825769818795,0.600412916591704,25,30,0
24,1716,7.039761031790991e-05,0.19947842809979008,0.2000382556766247,0.6004129186132672,25,30,0
24,1717,7.055146350071453e-05,0.19947925462582108,0.2004463753460681,0.60000381856461,25,30,0
24,1718,7.055146350071453e-05,0.19947925462582108,0.2004463753697254,0.6000038185409529,25,30,0
24,1719,7.055146350071453e-05,0.19945668093641442,0.2004689490591321,0.6000038185409529,25,30,0
24,1720,7.055146350071453e-05,0.1994644102728852,0.20046121972266132,0.6000038185409529,25,30,0
24,1721,7.055146350071453e-05,0.2000744985714521,0.19985113142409458,0.6000038185409529,25,30,0
24,1722,7.055146350071453e-05,0.2000744985714521,0.19985113351047723,0.6000038164545702,25,30,0
24,1723,7.055146350071453e-05,0.20007411185835305,0.19985152022357616,0.6000038164545702,25,30,0
24,1724,7.055146350071453e-05,0.20007411185835305,0.19985159814501163,0.6000037385331347,25,30,0
24,1725,7.055146350071453e-05,0.20007371535709761,0.19985199464626707,0.6000037385331347,25,30,0
24,1726,7.055146350071453e-05,0.20007371535709761,0.199852110064623,0.6000036231147788,25,30,0
24,1727,7.055146350071453e-05,0.2000735246753571,0.19985230074636345,0.6000036231147788,25,30,0
24,1728,7.055146350071453e-05,0.2000735246753571,0.1998523832578568,0.6000035406032854,25,30,0
24,1729,7.055146350071453e-05,0.2000735246753571,0.19985233522335308,0.6000035886377892,25,30,0
24,1730,7.055146350071453e-05,0.2000735246753571,0.19985233575771044,0.6000035881034319,25,30,0
24,1731,7.055146350071453e-05,0.20009649168700389,0.1998293687460636,0.6000035881034319,25,30,0
24,1732,7.055146350071453e-05,0.20009649168700389,0.1998293687104079,0.6000035881390875,25,30,0
24,1733,7.055146350072415e-05,0.20009649141641853,0.19982936898099043,0.6000035881390904,25,30,0
24,1734,7.055146350072415e-05,0.20009649141641853,0.19982936873438542,0.6000035883856955,25,30,0
24,1735,7.055146350072415e-05,0.20009649141641853,0.19982936677193894,0.6000035903481419,25,30,0
24,1736,7.055146350072513e-05,0.20009649141641858,0.19982948946233323,0.6000034676577476,25,30,0
24,1737,7.055146350072513e-05,0.20009649141641858,0.19982948896340308,0.6000034681566777,25,30,0
24,1738,7.055146350072513e-05,0.20009649141641858,0.19982951736470983,0.600003439755371,25,30,0
24,1739,7.075239542187091e-05,0.20002011219664897,0.19990569564701782,0.6000034397609115,25,30,0
24,1740,7.075239542391384e-05,0.19999984810835447,0.19992595973531324,0.6000034397609086,25,30,0
24,1741,7.075239542391384e-05,0.19999984810835447,0.1999259597599647,0.6000034397362571,25,30,0
24,1742,7.075239542391384e-05,0.19999984810835447,0.19992584599167618,0.6000035535045456,25,30,0
24,1743,7.075239542391384e-05,0.19999984810835447,0.19992588603080963,0.6000035134654121,25,30,0
24,1744,7.075239542391384e-05,0.19999984810835447,0.19992584605229738,0.6000035534439244,25,30,0
24,1745,7.075239542391384e-05,0.1999998413316688,0.199925852828983,0.6000035534439244,25,30,0
24,1746,7.075239542391384e-05,0.1999998480641988,0.19992584609645295,0.6000035534439244,25,30,0
24,1747,7.075239542391384e-05,0.1999998480641988,0.19992581907114054,0.6000035804692367,25,30,0
24,1748,7.075239542391384e-05,0.1999998480641988,0.19992582028249475,0.6000035792578826,25,30,0
24,1749,7.075239542391384e-05,0.1999998480641988,0.19992582039770254,0.6000035791426747,25,30,0
24,1750,7.075239542391384e-05,0.20000002850240578,0.19992563995949553,0.6000035791426747,25,30,0
24,1751,7.075239542391285e-05,0.2000000285024057,0.1999255172328084,0.6000037018693618,25,30,0
24,1752,7.075239542391285e-05,0.1999996353471972,0.19992591038801724,0.6000037018693618,25,30,0
24,1753,7.075239542391285e-05,0.1999996353471972,0.19992590894086587,0.6000037033165132,25,30,0
24,1754,7.075239542391285e-05,0.1999996353471972,0.19992590973760963,0.6000037025197694,25,30,0
24,1755,7.075239542391285e-05,0.1999996353471972,0.19992753263821916,0.6000020796191599,25,30,0
24,1756,7.075239542391285e-05,0.1999996353471972,0.19992590980832886,0.6000037024490502,25,30,0
24,1757,7.075239542391285e-05,0.1999996353471972,0.19992590779600244,0.6000037044613766,25,30,0
24,1758,7.075239542391285e-05,0.1999996353471972,0.19992818736809684,0.6000014248892822,25,30,0
24,1759,7.075239542391285e-05,0.1999996353471972,0.19992818736871193,0.6000014248886671,25,30,0
24,1760,5.09404167953037e-07,0.1999996353519126,0.19999843035487067,0.6000014248890488,25,30,0
24,1761,5.094041679530368e-07,0.1999996353519126,0.1999984829553928,0.6000013722885267,25,30,0
24,1762,5.094041679503818e-07,0.19999962662233106,0.19999849168508393,0.6000013722884162,25,30,0
24,1763,5.094041679503818e-07,0.20000001984711877,0.19999809846029631,0.6000013722884162,25,30,0
24,1764,5.094041679503822e-07,0.19999946050520026,0.1999986578022131,0.600001372288418,25,30,0
24,1765,3.0847083029545457e-07,0.20000666606922593,0.19999165317708711,0.6000013722828565,25,30,0
24,1766,3.0847083029545457e-07,0.20000666606922593,0.19999165264234445,0.6000013728175992,25,30,0
24,1767,3.0847083029545457e-07,0.20000666606922593,0.19999168603656348,0.6000013394233802,25,30,0
24,1768,3.0847083029545457e-07,0.20000666606922593,0.19999168601178982,0.6000013394481539,25,30,0
24,1769,3.0847083029545457e-07,0.20000666606922593,0.19999160352389864,0.600001421936045,25,30,0
24,1770,3.0847083029545457e-07,0.20000666606922593,0.19998943984890527,0.6000035856110384,25,30,0
24,1771,1.5994309483019194e-07,0.20000583953499856,0.19999435559519999,0.5999996449267061,25,30,0
24,1772,1.5994309483019194e-07,0.20000583953499856,0.19999424168600222,0.5999997588359038,25,30,0
24,1773,7.051138045560872e-05,0.20000583953484674,0.199923890248793,0.5999997588359042,25,30,0
24,1774,7.051138045560872e-05,0.20000583953484674,0.19992389024959586,0.5999997588351014,25,30,0
24,1775,7.051138045560872e-05,0.20000583953484674,0.19992389021454365,0.5999997588701534,25,30,0
24,1776,7.051138045560872e-05,0.20000583953484674,0.1999238881261033,0.5999997609585938,25,30,0
24,1777,7.051138045560872e-05,0.20000583953484674,0.1999284755086412,0.5999951735760559,25,30,0
24,1778,7.051138045560872e-05,0.20000583953484674,0.1999284755084578,0.5999951735762393,25,30,0
24,1779,7.05113928165868e-05,0.1999986414732111,0.19993567355208072,0.599995173581891,25,30,0
24,1780,7.05113928165868e-05,0.1999986414732111,0.1999356735162339,0.5999951736177379,25,30,0
24,1781,7.05113928165868e-05,0.1999986414732111,0.1999356999558502,0.5999951471781215,25,30,0
24,1782,1.368116727092049e-06,0.19999864147320828,0.20000484083962802,0.5999951495704363,25,30,0
24,1783,1.3681167270920698e-06,0.199980049507568,0.20002343279971044,0.5999951495759944,25,30,0
24,1784,1.3681167270920698e-06,0.199980049507568,0.20002571239316252,0.5999928699825423,25,30,0
24,1785,1.3681167270930534e-06,0.1999800495075681,0.20002583505923355,0.5999927473164711,25,30,0
24,1786,1.3681167306935798e-06,0.1977918362084891,0.20221404835305237,0.5999927473217276,25,30,0
24,1787,0.00031458166343292175,0.19779235308001936,0.20190031792125354,0.5999927473352944,25,30,0
24,1788,0.0003133682722454207,0.1977923826735356,0.20190150411121383,0.5999927449430055,25,30,0
24,1789,0.0003133682722454207,0.19779277044332289,0.2019011163414266,0.5999927449430055,25,30,0
24,1790,0.0003133682722454207,0.19779277044332289,0.2019011177879599,0.599992743496472,25,30,0
24,1791,0.0003133682722454207,0.19779277044332289,0.20190111832270236,0.5999927429617297,25,30,0
24,1792,0.0003133682722454207,0.19779277044332289,0.20190111980613687,0.5999927414782952,25,30,0
24,1793,0.0003133682722454207,0.19779277044332289,0.2019011226722801,0.599992738612152,25,30,0
24,1794,0.0003133682722454207,0.19779277044332289,0.20189641937209588,0.5999974419123361,25,30,0
24,1795,0.0003133682722454207,0.19779277044332289,0.20189650190727026,0.5999973593771617,25,30,0
24,1796,0.0003133682722454207,0.19779277044332289,0.20189642141373526,0.5999974398706968,25,30,0
24,1797,0.00031336826013455546,0.19779276295007692,0.20189642892474385,0.599997439865045,25,30,0
24,1798,0.00031336826013455546,0.19779276295007692,0.2018964269434023,0.5999974418463865,25,30,0
24,1799,0.00396613666266587,0.19779273335656072,0.19824368813438928,0.5999974418463843,25,30,0
24,1800,0.00396613666266587,0.19779273335656072,0.19824365968670435,0.5999974702940691,25,30,0
24,1801,0.00396613666266587,0.19779273335656072,0.19824377560405756,0.5999973543767159,25,30,0
24,1802,0.00396613666266587,0.19779273335656072,0.19824377221524137,0.599997357765532,25,30,0
24,1803,0.00396613666266587,0.19779273335656072,0.1982437388212307,0.5999973911595428,25,30,0
24,1804,0.00396613666266587,0.19779273335656072,0.19824373880933382,0.5999973911714397,25,30,0
24,1805,0.00396613666266587,0.19779273335656072,0.19825034499071661,0.5999907849900569,25,30,0
24,1806,0.00396613666266587,0.19779273335656072,0.1982503435937232,0.5999907863870502,25,30,0
24,1807,0.00396613666266587,0.19779273335656072,0.19825034565213911,0.5999907843286342,25,30,0
24,1808,0.00031338986432673195,0.19779273335656075,0.20190309245050225,0.5999907843286103,25,30,0
24,1809,0.00031338986432673195,0.19779273907755246,0.20190308672951052,0.5999907843286103,25,30,0
24,1810,0.00031338986432673195,0.19779273907755246,0.20189652048260207,0.5999973505755188,25,30,0
24,1811,0.0003133898643442851,0.19779274351756956,0.20189651604256767,0.5999973505755188,25,30,0
24,1812,0.00031338986434068455,0.19997010081286867,0.1997191587525284,0.5999973505702624,25,30,0
24,1813,0.00031338986434068455,0.19997010081286867,0.19971915873742568,0.5999973505853651,25,30,0
24,1814,0.00031338986434068455,0.19997010081286867,0.1997191586748335,0.5999973506479572,25,30,0
24,1815,0.00031338986434068455,0.19997010081286867,0.19971924119840426,0.5999972681243865,25,30,0
24,1816,0.00031338986434068455,0.19997010081286867,0.19972151870539123,0.5999949906173995,25,30,0
24,1817,0.00031338986432313007,0.19997009637148527,0.1997215231467941,0.5999949906173975,25,30,0
24,1818,0.00031338986432313007,0.19997009637148527,0.19972156456731388,0.5999949491968777,25,30,0
24,1819,0.00031338986432313007,0.19997009637148527,0.19972152312122612,0.5999949906429655,25,30,0
24,1820,0.00031338986432313007,0.19997009637148527,0.1997215231210005,0.5999949906431911,25,30,0
24,1821,0.0003133898643231291,0.1999700963714852,0.1997214003938675,0.5999951133703242,25,30,0
24,1822,0.0003133898643231291,0.1999700963714852,0.19972142739225368,0.599995086371938,25,30,0
24,1823,0.0003133898643231291,0.1999700963714852,0.19972142742854954,0.5999950863356421,25,30,0
24,1824,0.0003133898643231291,0.1999700963714852,0.19972587045522527,0.5999906433089665,25,30,0
24,1825,0.0003133898643231291,0.1999700963714852,0.19972586884094426,0.5999906449232474,25,30,0
24,1826,0.0003133898643231291,0.1999700963714852,0.1997258688403248,0.5999906449238668,25,30,0
24,1827,0.0003133898643231291,0.1999700963714852,0.19972587081334756,0.599990642950844,25,30,0
24,1828,0.0003133898643231291,0.1999700963714852,0.19972589928663392,0.5999906144775577,25,30,0
24,1829,0.0003133898643231291,0.1999700963714852,0.19973242300529834,0.5999840907588933,25,30,0
24,1830,0.0003133898643231291,0.19997009637148527,0.2001054880837254,0.5996110256804663,25,30,0
24,1831,0.0003133898643231291,0.19997009637148527,0.20010548741916676,0.599611026345025,25,30,0
24,1832,0.0003133898643231291,0.1999391788031404,0.2001364049875133,0.5996110263450233,25,30,0
24,1833,0.0003133898643231291,0.1999391788031404,0.20013637650673405,0.5996110548258026,25,30,0
24,1834,0.0003133898643231291,0.1999494923958537,0.2001260629140208,0.5996110548258026,25,30,0
24,1835,0.0003133898643231291,0.1999494923958537,0.20012606357799176,0.5996110541618316,25,30,0
24,1836,0.0003133898643231291,0.1999494923958537,0.20012606302735597,0.5996110547124673,25,30,0
24,1837,0.0003133898643231291,0.19998095982887598,0.20009459559433368,0.5996110547124673,25,30,0
24,1838,0.0003133898643231291,0.19998095982887598,0.2000923160258319,0.5996133342809692,25,30,0
24,1839,0.0003133898643231291,0.19998095982887598,0.20009231599077207,0.5996133343160291,25,30,0
24,1840,0.0003133898643231291,0.19998095982887598,0.2000923978252313,0.5996132524815699,25,30,0
24,1841,0.0003133898643231291,0.19998095982887598,0.20009239927257064,0.5996132510342306,25,30,0
24,1842,0.0003133898643231291,0.19998095982887598,0.20008795627483297,0.5996176940319682,25,30,0
24,1843,0.0003133898643231291,0.19998095982887598,0.2000879548276473,0.5996176954791539,25,30,0
24,1844,0.00031336825349895475,0.1999809603482384,0.20008797591834682,0.5996176954799161,25,30,0
24,1845,0.00031336816596768834,0.1999810120531494,0.20008792426340527,0.5996176955174779,25,30,0
24,1846,0.00031336816596768834,0.1999810120531494,0.20008784172833669,0.5996177780525465,25,30,0
24,1847,0.00031336816596768834,0.1999810120531494,0.20008772582284615,0.599617893958037,25,30,0
24,1848,0.00031336816596768834,0.1999810120531494,0.20008769738562898,0.5996179223952542,25,30,0
24,1849,0.00031336816596768834,0.1999810120531494,0.2000893202493165,0.5996162995315667,25,30,0
24,1850,0.00031336816596768834,0.19999960122155394,0.20007073108646986,0.5996162995260087,25,30,0
24,1851,0.00031336816596768834,0.19999960122155394,0.20006845294085512,0.5996185776716234,25,30,0
24,1852,0.00031336816596768834,0.19999961087263102,0.20006844328977805,0.5996185776716234,25,30,0
24,1853,0.0003133681659900128,0.19999961975589473,0.20006843440637584,0.5996185776717396,25,30,0
24,1854,0.0003133681659900128,0.19999961975589473,0.2000685169299465,0.599618495148169,25,30,0
24,1855,0.0003133681659900128,0.19999961975589473,0.2000685184285448,0.5996184936495708,25,30,0
24,1856,0.0003133681659900128,0.19999961975589473,0.20006851989925384,0.5996184921788617,25,30,0
24,1857,0.0003133681659900128,0.19999961975589473,0.20006855931199685,0.5996184527661187,25,30,0
24,1858,0.03416508477964623,0.19999962406044225,0.16621683838763127,0.5996184527722803,25,30,0
24,1859,0.03416508477964623,0.19999923073817844,0.16621723170989508,0.5996184527722803,25,30,0
24,1860,0.03416508477964623,0.19999923073817844,0.16621714918614394,0.5996185352960314,25,30,0
24,1861,0.03416508477964623,0.19999923073817844,0.16621715060854317,0.5996185338736322,25,30,0
24,1862,0.03416508477964623,0.19999923073817844,0.16621552915555696,0.5996201553266185,25,30,0
24,1863,0.03416508477964623,0.19999923073817844,0.16621561164344484,0.5996200728387305,25,30,0
24,1864,0.03416508477964623,0.19828131626551557,0.16793352611610776,0.5996200728387305,25,30,0
24,1865,0.03416508477964623,0.19828131626551557,0.1679335268185846,0.5996200721362537,25,30,0
24,1866,0.03416508477964623,0.19828131626551557,0.16793352539619907,0.5996200735586392,25,30,0
24,1867,0.03416508477964623,0.19828131626551557,0.1679334428986522,0.599620156056186,25,30,0
24,1868,0.034165085589125975,0.1982815684859436,0.16793318986863048,0.5996201560562999,25,30,0
24,1869,0.034165085589125975,0.1982815684859436,0.16793318986802014,0.5996201560569104,25,30,0
24,1870,0.034165085589125975,0.1982815684859436,0.1679331923657239,0.5996201535592066,25,30,0
24,1871,0.034165085589125975,0.1982815684859436,0.16793319094353656,0.599620154981394,25,30,0
24,1872,0.034165085589125975,0.1982815684859436,0.16830629601608493,0.5992470499088456,25,30,0
24,1873,0.034165085589125975,0.19828196181041918,0.16830590269160936,0.5992470499088456,25,30,0
24,1874,0.034165085589125975,0.19828196181041918,0.1683059026916016,0.5992470499088534,25,30,0
24,1875,0.034165085589125975,0.19828140237486142,0.16830646212715938,0.5992470499088534,25,30,0
24,1876,0.034165085589125975,0.19828140237486142,0.16830646071565142,0.5992470513203613,25,30,0
24,1877,0.034165085589125975,0.19828140237486142,0.16830637819208843,0.5992471338439243,25,30,0
24,1878,0.034165085589125975,0.19828140237486142,0.1683063781670685,0.5992471338689441,25,30,0
24,1879,0.034165085589125975,0.19828140237486142,0.16830637820230113,0.5992471338337114,25,30,0
24,1880,0.034165085589125975,0.19828140237486142,0.16830637819442854,0.5992471338415841,25,30,0
24,1881,0.034165085589125975,0.19828140504913314,0.16830637552015673,0.5992471338415841,25,30,0
24,1882,0.040313174244228804,0.19828140073986467,0.1621582911808658,0.5992471338350408,25,30,0
24,1883,0.040313174244228804,0.1999998676301264,0.16043982429060402,0.5992471338350408,25,30,0
24,1884,0.040313174244228804,0.1999998676301264,0.1604398217576633,0.5992471363679814,25,30,0
24,1885,0.040313174244228804,0.19999948103741602,0.16044020835037373,0.5992471363679815,25,30,0
24,1886,0.040313174244228804,0.1999994877786935,0.16044020160909622,0.5992471363679815,25,30,0
24,1887,0.040313174244228804,0.1999994877786935,0.16044020364295242,0.5992471343341254,25,30,0
24,1888,0.040313174244228804,0.1999994877786935,0.16044024361281312,0.5992470943642646,25,30,0
24,1889,0.040313174244228804,0.1999994877786935,0.16044024417176395,0.5992470938053137,25,30,0
24,1890,0.04298897657108387,0.19999897027328348,0.15742907927096217,0.5995829738846705,25,30,0
24,1891,0.042988975761354006,0.20040240543817878,0.15702564491585455,0.5995829738846126,25,30,0
24,1892,0.042988975761354006,0.20040240543817878,0.1570256428819952,0.599582975918472,25,30,0
24,1893,0.042988975761354006,0.20040240543817878,0.15702792307944757,0.5995806957210196,25,30,0
24,1894,0.04000011302227035,0.2004024050512535,0.1603525962820844,0.5992448856443916,25,30,0
24,1895,0.04000011307262832,0.19999872144421701,0.1607562798388172,0.5992448856443373,25,30,0
24,1896,0.04000011307262832,0.19999872144421701,0.16075627913574897,0.5992448863474055,25,30,0
24,1897,0.04000011307262832,0.19998823923116224,0.16076676134880385,0.5992448863474054,25,30,0
24,1898,0.04000011307262832,0.1999779259167002,0.16077707466326602,0.5992448863474054,25,30,0
24,1899,0.04000011307262832,0.19998877265851228,0.16076622792145392,0.5992448863474054,25,30,0
24,1900,0.04000011307262832,0.19998877265851234,0.16076403094875164,0.5992470833201076,25,30,0
24,1901,0.04000011307262832,0.19998837933328656,0.16076442427397744,0.5992470833201076,25,30,0
24,1902,0.040000113085110665,0.19998837421286936,0.1607644293820287,0.5992470833199913,25,30,0
24,1903,0.040000113085110665,0.19998837421286936,0.16076445785510757,0.5992470548469124,25,30,0
24,1904,0.040000113085110665,0.19998837421286936,0.16076445788185267,0.5992470548201673,25,30,0
24,1905,0.040000113072610456,0.199988370526599,0.16076446158062324,0.5992470548201673,25,30,0
24,1906,0.040000113072610456,0.199988370526599,0.16076446158080349,0.599247054819987,25,30,0
24,1907,0.040000113072610456,0.19998876396863674,0.16076406813876576,0.599247054819987,25,30,0
24,1908,0.040000113072610456,0.19998876396863674,0.1607640681152468,0.5992470548435059,25,30,0
24,1909,0.04000010716590129,0.19998876397274643,0.16076037775362267,0.5992507511077294,25,30,0
24,1910,0.04000010716590129,0.19998876397274643,0.1607603377671695,0.5992507910941824,25,30,0
24,1911,0.04000010716590129,0.19998914772315562,0.16075995401676035,0.5992507910941824,25,30,0
24,1912,0.04000010716590129,0.19998914772315562,0.16075992556908422,0.5992508195418587,25,30,0
24,1913,0.04000010716590129,0.19998914772315554,0.16076146524566723,0.5992492798652758,25,30,0
24,1914,0.04000010716590129,0.19998914772315562,0.1607615038965008,0.5992492412144421,25,30,0
24,1915,0.04000010716590129,0.19998914772315562,0.1607662072262464,0.5992445378846964,25,30,0
24,1916,0.04000010716590129,0.19998883109667823,0.16076652385272375,0.5992445378846964,25,30,0
24,1917,0.04000010716590129,0.19998883085326308,0.16076652409613892,0.5992445378846964,25,30,0
24,1918,0.04000010716590129,0.1999667430812548,0.16078861186814716,0.5992445378846964,25,30,0
24,1919,0.04000010716590129,0.19998915700551723,0.16076619794388475,0.5992445378846964,25,30,0
24,1920,0.040000107115670244,0.1999892816736979,0.16076606257561252,0.5992445486350192,25,30,0
24,1921,0.040000107115670244,0.1999892816736979,0.1607676854516705,0.5992429257589612,25,30,0
24,1922,0.040000107115670244,0.1999892816736979,0.16076764550023362,0.5992429657103979,25,30,0
24,1923,0.040000107115670244,0.1999892816736979,0.16076764551212278,0.5992429656985088,25,30,0
24,1924,0.040000107115670244,0.1999892816736979,0.16077234878763685,0.5992382624229946,25,30,0
24,1925,0.040000107115670244,0.19998928167369784,0.16039927218674474,0.599611339023887,25,30,0
24,1926,0.04000041097588879,0.1999892294494245,0.16039888165143562,0.5996114779232511,25,30,0
24,1927,0.04000041097588879,0.1999892294494245,0.16039726075671176,0.5996130988179751,25,30,0
24,1928,0.04000041097588879,0.19995775256676723,0.16042873763936905,0.5996130988179751,25,30,0
24,1929,0.03382206993929099,0.19995800222337506,0.16660682900672988,0.5996130988306042,25,30,0
24,1930,0.03382206993918198,0.19995787370169893,0.1666069682788396,0.5996130880802797,25,30,0
24,1931,0.03382206993918198,0.19995787370169893,0.16660696972576627,0.599613086633353,25,30,0
24,1932,0.03382206993918198,0.19995786776785365,0.1666069756596115,0.599613086633353,25,30,0
24,1933,0.03382206993918198,0.19995786776785365,0.166607015770067,0.5996130465228974,25,30,0
24,1934,0.03382206993918198,0.1999578677678536,0.166607091612691,0.5996129706802735,25,30,0
24,1935,0.03382206993918198,0.19995786776785365,0.1666072069413351,0.5996128553516293,25,30,0
24,1936,0.03382206993918198,0.19995786776785376,0.166608829842057,0.5996112324509074,25,30,0
24,1937,0.03969938671068393,0.19995790601382396,0.16073010178333277,0.5996126054921594,25,30,0
24,1938,0.03969938671068393,0.19995790601382396,0.16073010305901433,0.5996126042164779,25,30,0
24,1939,0.03969938671068393,0.19995791160035128,0.1607300974724871,0.5996126042164779,25,30,0
24,1940,0.03969938671068393,0.19995791160035128,0.16072539464165458,0.5996173070473103,25,30,0
24,1941,0.03969938671068393,0.19995791160035128,0.16072527871350212,0.5996174229754628,25,30,0
24,1942,0.03387871076001886,0.1999576236977741,0.16654761562062162,0.5996160499215857,25,30,0
24,1943,0.03387871076001886,0.19995762369777398,0.1665474996973577,0.5996161658448497,25,30,0
24,1944,0.03387871076001886,0.19995762369777398,0.1665408934905863,0.5996227720516211,25,30,0
24,1945,0.03387871076001886,0.19995762369777398,0.16654097598814346,0.599622689554064,25,30,0
24,1946,0.03387871076001886,0.19995707120809428,0.16654152847782322,0.599622689554064,25,30,0
24,1947,7.747397223359014e-07,0.19995707216325584,0.20041946126564394,0.5996226918313782,25,30,0
24,1948,7.747397223359011e-07,0.19995707216325584,0.2004194211551961,0.599622731941826,25,30,0
24,1949,7.747397223359011e-07,0.19995707216325584,0.20041942118502232,0.5996227319119998,25,30,0
24,1950,7.747397223359016e-07,0.19995707216325584,0.20041944917105836,0.5996227039259637,25,30,0
24,1951,7.747397223359016e-07,0.19995707216325584,0.20041944768866884,0.5996227054083532,25,30,0
24,1952,7.747397223359011e-07,0.19995707216325584,0.2004194192387642,0.5996227338582578,25,30,0
24,1953,7.747397223359011e-07,0.19995707216325584,0.2004193927993288,0.5996227602976932,25,30,0
24,1954,7.747397223359011e-07,0.19995748902055197,0.2004189759420327,0.5996227602976932,25,30,0
24,1955,7.747397223359011e-07,0.19995748902055197,0.20041909183487897,0.5996226444048469,25,30,0
24,1956,1.8621957856975515e-06,0.1999574895266651,0.2004217701105307,0.5996188781670184,25,30,0
24,1957,1.8621957812319273e-06,0.1999576149665927,0.20042164467060772,0.5996188781670184,25,30,0
24,1958,1.5434691926351605e-06,0.1999576140114304,0.20042196662966488,0.5996188758897123,25,30,0
24,1959,1.5434691926351605e-06,0.1999576140114304,0.200421964629209,0.5996188778901682,25,30,0
24,1960,1.5434691926351605e-06,0.1999576140114304,0.20004886158985916,0.599991980929518,25,30,0
24,1961,1.5434691926351605e-06,0.1999576140114304,0.20004886092382335,0.5999919815955539,25,30,0
24,1962,1.543469192635161e-06,0.1999576140114304,0.20004894139524063,0.5999919011241366,25,30,0
24,1963,1.543469192635161e-06,0.1999576140114304,0.20004896783529855,0.5999918746840787,25,30,0
24,1964,1.2454069341333955e-06,0.19995761401143297,0.20004940474971217,0.5999917358319207,25,30,0
24,1965,1.2454696957901884e-06,0.1999580523119203,0.20004896638081918,0.5999917358375644,25,30,0
24,1966,1.2454696957901884e-06,0.1999580523119203,0.20030053797050293,0.5997401642478806,25,30,0
24,1967,1.2454696957901884e-06,0.1999580523119203,0.20004885046258888,0.5999918517557947,25,30,0
24,1968,1.2454696957901884e-06,0.1999580523119203,0.20004893296176768,0.5999917692566159,25,30,0
24,1969,1.2454696957901884e-06,0.1999580523119203,0.20004887890309933,0.5999918233152842,25,30,0
24,1970,1.2454696957901884e-06,0.1999580523119203,0.20005548369775472,0.5999852185206289,25,30,0
24,1971,0.00047708692138879636,0.19995805232056774,0.19957964223705824,0.599985218520985,25,30,0
24,1972,0.00047708692138879636,0.19995805232056774,0.1995796422387397,0.5999852185193034,25,30,0
24,1973,0.00047708692138879636,0.19995805232056774,0.19957972476062255,0.5999851359974205,25,30,0
24,1974,0.00047708692138879636,0.19995805232056774,0.19957969632107286,0.5999851644369703,25,30,0
24,1975,0.00047708692138879636,0.19995805232056768,0.19957807338545244,0.5999867873725907,25,30,0
24,1976,0.00047708692138879636,0.19995805232056768,0.19957807283481244,0.5999867879232308,25,30,0
24,1977,0.00047708692138879636,0.1999689184520611,0.19956720670331898,0.5999867879232308,25,30,0
24,1978,0.00047708692138879636,0.1999689184520611,0.19956720528093203,0.5999867893456178,25,30,0
24,1979,0.0005110060983738552,0.19996891819670182,0.19953321709864166,0.599986858606282,25,30,0
24,1980,0.0005110060983738552,0.19996891819670182,0.19952851381436731,0.5999915618905564,25,30,0
24,1981,0.0005110060983738552,0.19996904591285014,0.1995283860981046,0.5999915618906707,25,30,0
24,1982,0.0005121916788882553,0.20004121879252207,0.19945492109081606,0.5999916684377734,25,30,0
24,1983,0.0005121916788882553,0.20004121879252207,0.19945492311193647,0.599991666416653,25,30,0
24,1984,0.0005121916788882553,0.20004121879252207,0.19945503896866054,0.5999915505599289,25,30,0
24,1985,0.0004853814786496977,0.20008306752476693,0.19943656935145057,0.5999949816451327,25,30,0
24,1986,0.0004853814786496977,0.20008306752476693,0.19943494848403565,0.5999966025125476,25,30,0
24,1987,0.0004853814786496977,0.20008306752476693,0.19943494694470443,0.599996604051879,25,30,0
24,1988,0.0004853814786496977,0.20008306752476693,0.19943494761944816,0.5999966033771352,25,30,0
24,1989,0.0004853814786496977,0.20008306752476693,0.19943494894311214,0.5999966020534712,25,30,0
24,1990,0.0004853814786496977,0.20005160407697095,0.19946641239090815,0.5999966020534712,25,30,0
24,1991,0.00048538147864969774,0.20005160407697095,0.19946641384668748,0.5999966005976919,25,30,0
24,1992,0.00048538147864969774,0.2000438712790088,0.19947414664455212,0.5999966005977894,25,30,0
24,1993,0.00048537827963692474,0.20004387128073017,0.1994307706394672,0.6000399798001649,25,30,0
24,1994,0.00048537827963692474,0.20004387128073017,0.19943077208892215,0.60003997835071,25,30,0
24,1995,0.00048537827963692474,0.20004387128073017,0.19943077008068644,0.6000399803589458,25,30,0
24,1996,0.00048537827963692474,0.20004387128073017,0.19942416383887226,0.6000465866007599,25,30,0
24,1997,0.00048537827963692474,0.20004387128073017,0.19942408134132855,0.6000466690983036,25,30,0
24,1998,0.00048537827963692474,0.2000438163983858,0.199424136223673,0.6000466690983036,25,30,0
24,1999,0.00048537827963692474,0.2000438163983858,0.19942413622383423,0.6000466690981423,25,30,0
24,2000,0.00048537827963692474,0.20005155140580375,0.19941640121651394,0.6000466690980448,25,30,0
24,2001,0.00048537827963692474,0.20005155140580375,0.1994164011915521,0.6000466691230065,25,30,0
24,2002,0.00048537827963692474,0.20005155140580375,0.19941631867682966,0.6000467516377291,25,30,0
24,2003,0.00048537827963692474,0.20005155140580375,0.19941631719384872,0.6000467531207101,25,30,0
24,2004,0.00048537827963692474,0.20005155140580375,0.19941643311057256,0.6000466372039862,25,30,0
24,2005,0.00048537827963692474,0.19884429612389873,0.2006236883924775,0.6000466372039862,25,30,0
24,2006,0.00048537827963692474,0.19884429612389873,0.20062368491110877,0.600046640685355,25,30,0
24,2007,0.0005545900028743199,0.19877168494100744,0.20062719092274706,0.6000465341333713,25,30,0
24,2008,0.0005545900028743199,0.19880302615151174,0.20059584971224267,0.6000465341333713,25,30,0
24,2009,0.00013568806649527933,0.198803026150363,0.20101475164952187,0.6000465341336203,25,30,0
24,2010,0.000135685460068957,0.19880302614883383,0.1691798143742442,0.6318814740168535,25,30,0
24,2011,0.0005227268787125808,0.19880376048506612,0.168792038600754,0.6318814740354677,25,30,0
24,2012,0.013575991110404702,0.19880302614137346,0.15573947598259946,0.6318815067656225,25,30,0
24,2013,0.013575991110404702,0.19880302614137346,0.1557409829662068,0.6318799997820149,25,30,0
24,2014,0.013575991110404702,0.19880302614137346,0.15573936209845984,0.631881620649762,25,30,0
24,2015,0.013575991110404702,0.19880302614137346,0.15573936209802533,0.6318816206501965,25,30,0
24,2016,0.01357599111040478,0.19880277290737772,0.15573961533202155,0.6318816206501965,25,30,0
24,2017,0.01357599111040478,0.19880257020318828,0.15573981803621098,0.6318816206501965,25,30,0
24,2018,0.013575991110404704,0.19880257020381062,0.1538857602400499,0.6337356784457354,25,30,0
24,2019,0.013575991110404704,0.19880257489195166,0.15388575555190884,0.6337356784457354,25,30,0
24,2020,0.013575991110404704,0.19880257489195166,0.15388575555191647,0.6337356784457278,25,30,0
24,2021,0.013505599065688401,0.19880257539351598,0.15395601079139312,0.6337358147494031,25,30,0
24,2022,0.013505599065688401,0.19880257539351598,0.15395602376422757,0.6337358017765685,25,30,0
24,2023,0.013505599065688401,0.19880257539351598,0.15395602379894563,0.6337358017418504,25,30,0
24,2024,0.013505599065688401,0.19880257539351598,0.15395594199411103,0.633735883546685,25,30,0
24,2025,0.013505599065688401,0.19880257539351598,0.15395594000551624,0.6337358855352797,25,30,0
24,2026,0.013505599065688401,0.19880257539351598,0.1539558255442774,0.6337359999965186,25,30,0
24,2027,0.013497277242813464,0.1987607269252708,0.1540094937486829,0.6337325020832331,25,30,0
24,2028,0.013497277242813464,0.1987607269252708,0.1540094523276883,0.6337325435042277,25,30,0
24,2029,0.013497277242813464,0.1987607269252708,0.15400956824484535,0.6337324275870707,25,30,0
24,2030,0.016199614790182396,0.198760726925234,0.15130726275731557,0.6337323955272681,25,30,0
24,2031,0.016199614790182396,0.198760726925234,0.15130726203984382,0.6337323962447399,25,30,0
24,2032,0.016199614790182396,0.198760726925234,0.1513073779563633,0.6337322803282204,25,30,0
24,2033,0.016199614790182396,0.198760726925234,0.15130737799203023,0.6337322802925535,25,30,0
24,2034,0.016199614790182396,0.198760726925234,0.15130737799787106,0.6337322802867128,25,30,0
24,2035,0.016199614790182396,0.198760726925234,0.15130737800844635,0.6337322802761375,25,30,0
24,2036,0.016199614790182396,0.19876071996899888,0.15130738496468144,0.6337322802761375,25,30,0
24,2037,0.016199614790182396,0.19876071996899888,0.15130738497698615,0.6337322802638328,25,30,0
24,2038,0.016199614790182396,0.19876071996899888,0.1513073849414995,0.6337322802993194,25,30,0
24,2039,0.016199614790182396,0.19876071996899888,0.15130742491058782,0.633732240330231,25,30,0
24,2040,0.016199614790182396,0.19873843499902272,0.151329709880564,0.633732240330231,25,30,0
24,2041,0.016199614790182396,0.1987381763383705,0.15132996854121622,0.633732240330231,25,30,0
24,2042,0.05594832952563534,0.1987381758383877,0.11158139060276052,0.6337321040332167,25,30,0
24,2043,0.05594832952563534,0.1987381758383877,0.11158139060334876,0.6337321040326284,25,30,0
24,2044,0.05594832952563534,0.19873817625214843,0.11158139018958808,0.6337321040326284,25,30,0
24,2045,0.05594832952578931,0.19873817692350162,0.07962560515474246,0.6656878883959668,25,30,0
24,2046,0.05594832952578927,0.19873817692330667,0.07150392433506406,0.6738095692158401,25,30,0
24,2047,0.05594832952578927,0.19873817692330667,0.07150386536558327,0.673809628185321,25,30,0
24,2048,0.05594832952578927,0.19873817692330667,0.07150389376775942,0.6738095997831448,25,30,0
24,2049,0.04584807153114378,0.19873817692172235,0.0816041517714128,0.6738095997757213,25,30,0
24,2050,0.04584807153114378,0.19873817692172235,0.08160412478135305,0.673809626765781,25,30,0
24,2051,0.04584807153114378,0.19873817692172235,0.0816041261936513,0.6738096253534829,25,30,0
24,2052,0.04584807153114378,0.19873817692172235,0.08160415464133502,0.673809596905799,25,30,0
24,2053,0.04584807153114378,0.19873817692172235,0.08160415465363485,0.6738095968934992,25,30,0
24,2054,0.0458480496934446,0.19873817640284208,0.08160405689183085,0.6738097170118826,25,30,0
24,2055,0.0458480496934446,0.19873817640284208,0.08161066262243727,0.673803111281276,25,30,0
24,2056,0.0458480496934446,0.19873817640284208,0.08161216960590084,0.6738016042978124,25,30,0
24,2057,0.0458480496934446,0.19873817640284208,0.08161687288030565,0.6737969010234076,25,30,0
24,2058,0.045848049693290614,0.1987381757308426,0.07542671641374576,0.6799870581621209,25,30,0
24,2059,0.045848049693290614,0.1987381757308426,0.07542671641359217,0.6799870581622744,25,30,0
24,2060,0.045848049693290614,0.1987381757308426,0.07542671641340086,0.6799870581624659,25,30,0
24,2061,0.045848049693290614,0.19873855264141554,0.07542633950282797,0.6799870581624659,25,30,0
24,2062,0.045848049693290614,0.19871613813183125,0.07544875401241229,0.6799870581624659,25,30,0
24,2063,0.05557190254310636,0.19873234257737554,0.0657073175374231,0.679988437342095,25,30,0
24,2064,0.05557190254310636,0.19873234257737554,0.06570261422765043,0.6799931406518677,25,30,0
24,2065,0.05557190254310636,0.19873234257737554,0.06570258575439453,0.6799931691251235,25,30,0
24,2066,0.05557190254310636,0.19873234257737554,0.06569598099584933,0.6799997738836687,25,30,0
24,2067,0.05557190254310636,0.19873234257737554,0.06569597957498587,0.6799997753045323,25,30,0
24,2068,0.05557190254310636,0.19873234257737554,0.06569593960528324,0.679999815274235,25,30,0
24,2069,0.05557190254310636,0.19873234257737554,0.06569593960510231,0.6799998152744159,25,30,0
24,2070,0.05557190254310636,0.19873234257737554,0.06569593869208235,0.6799998161874359,25,30,0
24,2071,0.05503354850000796,0.19873235055009553,0.06623428478537369,0.679999816164523,25,30,0
24,2072,0.05503354850000796,0.19873236020222482,0.06623427513324441,0.6799998161645229,25,30,0
24,2073,0.05503354850000796,0.19873236020222482,0.06623421822075291,0.6799998730770145,25,30,0
24,2074,0.0409987404866144,0.1987323522295033,0.08026903487351716,0.6799998724103653,25,30,0
24,2075,0.0409987404866144,0.1987323522295033,0.08026903487307191,0.6799998724108106,25,30,0
24,2076,0.0409987404866144,0.1987323522295033,0.0802690341712229,0.6799998731126595,25,30,0
24,2077,0.03506537791400325,0.19871614778526933,0.08621882383220783,0.6799996504685197,25,30,0
24,2078,0.03343946355749799,0.1987161951505702,0.08784468686281877,0.6799996544291131,25,30,0
24,2079,0.03343946355749799,0.1987164604813648,0.08784442153202418,0.6799996544291131,25,30,0
24,2080,0.03343946355749799,0.1987164604813648,0.0878444209977157,0.6799996549634217,25,30,0
24,2081,0.03625023645287593,0.19871646048007988,0.08503480463911206,0.6799984984279323,25,30,0
24,2082,0.03625023645287593,0.1987164562472377,0.08503480887195422,0.6799984984279323,25,30,0
24,2083,0.03625023645287593,0.1987164562472377,0.08503481028404253,0.6799984970158439,25,30,0
24,2084,0.03625023645287593,0.1987164562472377,0.08503481028500208,0.6799984970148845,25,30,0
24,2085,0.03625023645287593,0.19871632728042987,0.08503493925180994,0.6799984970148845,25,30,0
24,2086,0.03625023645287593,0.19871632728042987,0.08503493925085184,0.6799984970158426,25,30,0
24,2087,0.03625023645287593,0.19871632728042993,0.0850371429736559,0.6799962932930383,25,30,0
24,2088,0.03625023645287593,0.19873860836441928,0.0850148618896665,0.6799962932930383,25,30,0
24,2089,0.03625023645287593,0.19873860836441928,0.08501497780684206,0.6799961773758628,25,30,0
24,2090,0.03625023645287593,0.1987386083644192,0.08501289000138978,0.6799982651813151,25,30,0
24,2091,0.03625023645287593,0.1987386083644192,0.08501288998174066,0.6799982652009643,25,30,0
24,2092,0.03625023645287593,0.19873860602460686,0.08501289232155304,0.6799982652009643,25,30,0
24,2093,0.03625023645287593,0.1987386060246069,0.08501759563797742,0.6799935618845399,25,30,0
24,2094,0.036250236927900734,0.1987386060246252,0.08501771532322162,0.6799934417242527,25,30,0
24,2095,0.036250236927900734,0.1987386060246252,0.08501775531785878,0.6799934017296155,25,30,0
24,2096,0.03980312039814653,0.19873860650038774,0.0814648651872448,0.6799934079142212,25,30,0
24,2097,0.03980312039814653,0.19873860650038774,0.08146498106922007,0.6799932920322459,25,30,0
24,2098,0.03980312039814653,0.19873860650038774,0.08146506356753562,0.6799932095339304,25,30,0
24,2099,0.03980312039814653,0.19873860650038774,0.08146348066138426,0.6799947924400815,25,30,0
24,2100,0.03980312039814653,0.19873860650038774,0.08146347921423677,0.679994793887229,25,30,0
24,2101,0.03980312039814653,0.19873860650038774,0.08146347921468756,0.6799947938867784,25,30,0
24,2102,0.03980312039814653,0.19873860650038774,0.08146347823093128,0.6799947948705348,25,30,0
24,2103,0.039802618297198666,0.1987385591353652,0.08146379405737438,0.6799950285100617,25,30,0
24,2104,0.039802618297198666,0.1987385591353652,0.08146379406923876,0.6799950284981974,25,30,0
24,2105,0.039802618297198666,0.19873855913536884,0.0875367272774853,0.6739220952899473,25,30,0
24,2106,0.039802618297198666,0.19873856134773843,0.0875367250651157,0.6739220952899473,25,30,0
24,2107,0.039802618297198666,0.19873856134773843,0.08753660918501538,0.6739222111700475,25,30,0
24,2108,0.039802618297198666,0.19873856134773843,0.0875366099217252,0.6739222104333378,25,30,0
24,2109,0.039802618297198666,0.19873856134773843,0.08753660994255819,0.6739222104125049,25,30,0
24,2110,0.039802618297198666,0.19997715805000202,0.08629801324029458,0.6739222104125049,25,30,0
24,2111,0.039802618297198666,0.19997715805000202,0.08629801323199984,0.6739222104207997,25,30,0
24,2112,0.039802618297198666,0.19997689713063582,0.08629827415136603,0.6739222104207997,25,30,0
24,2113,0.039802618297198666,0.199977029494007,0.08629814178799487,0.6739222104207997,25,30,0
24,2114,0.039802618297198666,0.199977029494007,0.08629814175218964,0.6739222104566047,25,30,0
24,2115,0.039802618297198666,0.199977029494007,0.08629814032979494,0.6739222118789995,25,30,0
24,2116,0.0036714999003489377,0.1999770295387458,0.12242925860991564,0.6739222119509898,25,30,0
24,2117,0.0036714999003489377,0.1999767788052072,0.12242950934345428,0.6739222119509898,25,30,0
24,2118,0.0036714999003489377,0.1999767788052072,0.12242958526692135,0.6739221360275226,25,30,0
24,2119,0.0036714999003489377,0.1999767788052072,0.12242962520095749,0.6739220960934865,25,30,0
24,2120,0.00011861605692652226,0.19997677832929306,0.12598251809549058,0.6739220875182901,25,30,0
24,2121,0.00011861605692652226,0.19997677832929306,0.12598251808331953,0.673922087530461,25,30,0
24,2122,0.00011861605692652226,0.19997677832929306,0.12598247881528782,0.6739221267984925,25,30,0
24,2123,0.00011861605692652226,0.19997677832929306,0.12598236292243778,0.6739222426913427,25,30,0
24,2124,0.00011861605692652226,0.19997677832929306,0.1259822804114594,0.6739223252023211,25,30,0
24,2125,0.00011861605692652342,0.19996152413140855,0.12599753460934388,0.6739223252023211,25,30,0
24,2126,2.218320380146844e-08,0.1999615414987292,0.12611611118683994,0.6739223251312272,25,30,0
24,2127,2.218320380146844e-08,0.1999615414987292,0.12611619371001048,0.6739222426080567,25,30,0
24,2128,2.218320380146844e-08,0.1999615414987292,0.126116191664505,0.6739222446535621,25,30,0
24,2129,2.218320380146844e-08,0.1999615414987292,0.1261161929612547,0.6739222433568124,25,30,0
24,2130,2.218320380146844e-08,0.1999615414987292,0.12611619223543705,0.67392224408263,25,30,0
24,2131,2.218320380146844e-08,0.1999615414987292,0.12611619226145093,0.6739222440566163,25,30,0
24,2132,2.218320380146814e-08,0.1999615414987291,0.12611148892008275,0.6739269473979845,25,30,0
24,2133,2.218320380146814e-08,0.1999615414987291,0.1261114889327162,0.673926947385351,25,30,0
24,2134,2.2183203801385928e-08,0.1999834097304899,0.12608962070095545,0.6739269473853511,25,30,0
24,2135,2.2183203801385928e-08,0.1999834097304899,0.12608962074812946,0.673926947338177,25,30,0
24,2136,2.2183203801385928e-08,0.1999834097304899,0.1260896207522614,0.6739269473340451,25,30,0
24,2137,2.2183203801385928e-08,0.1999834097304899,0.1260897371461,0.6739268309402064,25,30,0
24,2138,2.2183203801385928e-08,0.1999834097304899,0.1260897371813214,0.673926830904985,25,30,0
24,2139,2.2183203801386225e-08,0.19998340973048628,0.12001672742690378,0.6799998406594062,25,30,0
24,2140,2.2183203801386225e-08,0.19998340973048628,0.12001676742198797,0.679999800664322,25,30,0
24,2141,2.2183203801386526e-08,0.19998340973048628,0.12001671337193287,0.6799998547143773,25,30,0
24,2142,2.2183203801386526e-08,0.19998340973048628,0.1200166734022216,0.6799998946840883,25,30,0
24,2143,2.2183203801386523e-08,0.19998367076582857,0.12001641236687927,0.6799998946840883,25,30,0
24,2144,2.2183203801386523e-08,0.19998367076582857,0.12001641437555839,0.6799998926754093,25,30,0
24,2145,2.2183203801386523e-08,0.19998367076582857,0.12001644280022226,0.6799998642507454,25,30,0
24,2146,2.2183203801386523e-08,0.19998367076582857,0.12001644282359024,0.6799998642273773,25,30,0
24,2147,2.218320380138652e-08,0.19998422320639941,0.12001589038301941,0.6799998642273773,25,30,0
24,2148,2.218320380138652e-08,0.19998422320639941,0.12001589239020237,0.6799998622201943,25,30,0
24,2149,1.7296176389593878e-05,0.19998422320655362,0.1199986183969925,0.679999862220064,25,30,0
24,2150,1.7296176389593878e-05,0.19998422320655362,0.11999861843267041,0.6799998621843861,25,30,0
24,2151,1.7296176389593878e-05,0.19998422320655362,0.11999858995937462,0.6799998906576818,25,30,0
24,2152,1.7296176389593878e-05,0.19998422320655362,0.11999859144239057,0.6799998891746661,25,30,0
24,2153,1.7296217100163976e-05,0.19998422320627518,0.1199988290021002,0.6799996515745244,25,30,0
24,2154,1.7296217100163976e-05,0.19998434926386072,0.11999870294451469,0.6799996515745244,25,30,0
24,2155,1.7296217100163976e-05,0.19998434926386072,0.12000032580963411,0.6799980287094048,25,30,0
24,2156,1.7296217100163976e-05,0.19998434926386502,0.12000349120318698,0.6799948633158476,25,30,0
24,2157,1.7296217100163976e-05,0.19998434926386502,0.12000186830257027,0.6799964862164645,25,30,0
24,2158,1.7296217100163976e-05,0.19998434926386502,0.12000186626892675,0.6799964882501079,25,30,0
24,2159,1.7296217100163976e-05,0.19998434926386502,0.12000194730904527,0.6799964072099894,25,30,0
24,2160,1.7296217100163976e-05,0.19998434926386502,0.120001946844577,0.6799964076744576,25,30,0
24,2161,1.7296217100163976e-05,0.19998434926386502,0.12000202733513048,0.6799963271839041,25,30,0
24,2162,1.7296217100163976e-05,0.19998435205611817,0.12000202454287733,0.6799963271839041,25,30,0
24,2163,1.7296217100163976e-05,0.19998435205611817,0.12000202454259647,0.6799963271841851,25,30,0
24,2164,1.7296217100162803e-05,0.19997788637168068,0.12000849022703425,0.6799963271841851,25,30,0
24,2165,2.2142358884335122e-08,0.19997789269512897,0.12002575802097237,0.6799963271415399,25,30,0
24,2166,2.2142358884335122e-08,0.19997789269512897,0.12002567552278508,0.6799964096397271,25,30,0
24,2167,2.2142358884335122e-08,0.19997789269512897,0.12002559303492484,0.6799964921275874,25,30,0
24,2168,2.2142358884335122e-08,0.19997789269512897,0.1200255537421138,0.6799965314203985,25,30,0
24,2169,2.2122063924334486e-08,0.19997788648292622,0.12002555997461435,0.6799965314203955,25,30,0
24,2170,2.212206392433449e-08,0.19997787673236822,0.1200255697251724,0.6799965314203955,25,30,0
24,2171,2.212206392433449e-08,0.19997787673236822,0.12002556972499966,0.6799965314205683,25,30,0
24,2172,2.212206392433449e-08,0.19997787673236822,0.1200255697146779,0.67999653143089,25,30,0
24,2173,2.2122063924334793e-08,0.19997787673236822,0.12002557249347742,0.6799965286520906,25,30,0
24,2174,2.2122063924334793e-08,0.19997788011818118,0.12002556910766442,0.6799965286520906,25,30,0
24,2175,2.2122004723237966e-08,0.19997788011818587,0.12002556910771901,0.6799965286520906,25,30,0
24,2176,3.0608262562386436e-08,0.199977862706104,0.12002557799142202,0.6799965286942116,25,30,0
24,2177,3.060826256238613e-08,0.199977862706104,0.12002553865562328,0.6799965680300102,25,30,0
24,2178,3.060826256238613e-08,0.199977862706104,0.12002553862057505,0.6799965680650586,25,30,0
24,2179,3.060826256238613e-08,0.1999774859168982,0.120025915409781,0.6799965680650586,25,30,0
24,2180,3.060826256238583e-08,0.1999774859168982,0.12002591196657626,0.6799965715082632,25,30,0
24,2181,9.533263284617421e-09,0.19997748591689535,0.12002593308458297,0.6799965714652585,25,30,0
24,2182,9.53326339466758e-09,0.19997749204613777,0.12002592695534052,0.6799965714652585,25,30,0
24,2183,1.8368229930476277e-08,0.19997749206101256,0.120025918104255,0.6799965714665028,25,30,0
24,2184,1.8368229930476273e-08,0.19876048310899733,0.12124292705617572,0.6799965714665973,25,30,0
24,2185,1.8368229930476273e-08,0.19876048310899733,0.12124292772278497,0.6799965707999881,25,30,0
24,2186,1.8368229930476273e-08,0.19876009000277775,0.12124332082900457,0.6799965707999881,25,30,0
24,2187,3.9692055335135504e-08,0.19876009000278053,0.12124329950518838,0.679996570799976,25,30,0
24,2188,3.9692055335135504e-08,0.19876009000278053,0.12124329949475646,0.679996570810408,25,30,0
24,2189,3.9692055335135584e-08,0.19876009001672126,0.12125154686135943,0.6799883234298641,25,30,0
24,2190,3.9692055335135584e-08,0.1987600900158766,0.12125154686220413,0.6799883234298641,25,30,0
24,2191,3.9692055335135584e-08,0.1987600900158767,0.12125317044346726,0.679986699848601,25,30,0
24,2192,3.9692055335135584e-08,0.1987600900158767,0.12125479330637451,0.6799850769856937,25,30,0
24,2193,3.9692055335135584e-08,0.1987600900158767,0.12125479326929872,0.6799850770227696,25,30,0
24,2194,2.9239648866879253e-05,0.19876009000100187,0.12122559332860615,0.6799850770215253,25,30,0
24,2195,2.9239648866879253e-05,0.19876009000100187,0.12122559262739353,0.6799850777227381,25,30,0
24,2196,2.9239648866879253e-05,0.19876009000100187,0.12122396972679533,0.6799867006233363,25,30,0
24,2197,2.9239648866879253e-05,0.19876009000100187,0.12122396922536348,0.679986701124768,25,30,0
24,2198,2.9239648866879253e-05,0.19876009000100187,0.12122397123406038,0.6799866991160711,25,30,0
24,2199,2.9239648866879253e-05,0.19876009000100187,0.12122397120866847,0.679986699141463,25,30,0
24,2200,2.9239648866879253e-05,0.19876009000100187,0.12122397265601088,0.6799866976941205,25,30,0
24,2201,2.9749917521818626e-05,0.1987600900163919,0.12122346229983366,0.6799866977662526,25,30,0
24,2202,2.974924625840291e-05,0.19876009001669676,0.12078602056360482,0.6804241401734401,25,30,0
24,2203,2.974924625840291e-05,0.19876009001669676,0.1207860191521155,0.6804241415849295,25,30,0
24,2204,2.974924625840291e-05,0.1987600900166967,0.1207843955811383,0.6804257651559068,25,30,0
24,2205,2.974924625840291e-05,0.19876009000275593,0.12077614891655522,0.6804340118344306,25,30,0
24,2206,2.974924625840291e-05,0.19876009000275593,0.12077614894176665,0.6804340118092191,25,30,0
24,2207,2.974924625840291e-05,0.19876009000275593,0.12077614895440267,0.680434011796583,25,30,0
24,2208,2.974924625840291e-05,0.19876008030989753,0.12077615864726106,0.680434011796583,25,30,0
24,2209,2.974924625840291e-05,0.19876008030989323,0.12077299328102459,0.6804371771628237,25,30,0
24,2210,2.974924625840291e-05,0.19876008030989323,0.12077287738861779,0.6804372930552306,25,30,0
24,2211,2.974924625840291e-05,0.19876008654143562,0.1207728711570754,0.6804372930552306,25,30,0
24,2212,2.974924625840291e-05,0.19876008654143562,0.12090239258161514,0.6803077716306909,25,30,0
24,2213,2.974924625840291e-05,0.19999881894238936,0.11966366018075597,0.6803077716305964,25,30,0
24,2214,2.974924625840291e-05,0.19999881894238936,0.11966354428820823,0.6803078875231441,25,30,0
24,2215,2.974924625840291e-05,0.19999881894238936,0.11966358424745578,0.6803078475638965,25,30,0
24,2216,2.974924625840291e-05,0.19999881894238944,0.11966586384095292,0.6803055679703992,25,30,0
24,2217,2.974924625840291e-05,0.19999881894238944,0.11966586528766326,0.6803055665236887,25,30,0
24,2218,2.974924625840291e-05,0.199998821996603,0.11966586223344972,0.6803055665236887,25,30,0
24,2219,2.974924625840291e-05,0.199998821996603,0.11966586225822332,0.680305566498915,25,30,0
24,2220,2.974924625840291e-05,0.199998821996603,0.11966586083529887,0.6803055679218396,25,30,0
24,2221,2.1188445000846587e-08,0.19999887100264535,0.11969553578947269,0.6803055720194368,25,30,0
24,2222,2.1188445000846587e-08,0.19999887100264535,0.1196955364506687,0.6803055713582407,25,30,0
24,2223,2.1188445000846587e-08,0.19999925754628264,0.11969514990703145,0.6803055713582407,25,30,0
24,2224,2.1188445000846587e-08,0.19999925754628264,0.11956562789634063,0.6804350933689315,25,30,0
24,2225,2.1188445000846597e-08,0.19999925754628273,0.1195703312121479,0.6804303900531242,25,30,0
24,2226,2.1188445000846597e-08,0.19999925754628273,0.11957041369942151,0.6804303075658505,25,30,0
24,2227,2.11884450008466e-08,0.19999925754628273,0.11957049557154897,0.6804302256937231,25,30,0
24,2228,2.11884450008466e-08,0.19999925754628273,0.1195705225967006,0.6804301986685715,25,30,0
24,2229,2.1188444890931886e-08,0.1999992514151521,0.11957052872783157,0.6804301986685715,25,30,0
24,2230,2.1188444890931886e-08,0.1999992514151521,0.11957053072595078,0.6804301966704522,25,30,0
24,2231,2.1188444890931886e-08,0.1999992514151521,0.11957053150722297,0.68043019588918,25,30,0
24,2232,2.1188444890931965e-08,0.1999992514151521,0.11970005293614193,0.6803006744602611,25,30,0
24,2233,2.1188444890932263e-08,0.1999992514151521,0.11979234858220733,0.6802083788141957,25,30,0
24,2234,2.1188444890932263e-08,0.1999992514151521,0.11979230862234941,0.6802084187740536,25,30,0
24,2235,2.1188444890932263e-08,0.1999992514151521,0.11979230862235686,0.680208418774046,25,30,0
24,2236,2.1188444890932263e-08,0.1999992514151521,0.11979230928878579,0.6802084181076171,25,30,0
24,2237,2.118844489093227e-08,0.1999992514151521,0.11979672386412978,0.6802040035322732,25,30,0
24,2238,2.118844489093227e-08,0.1999992514151521,0.11979672387440432,0.6802040035219986,25,30,0
24,2239,2.1188444890932263e-08,0.1999992514151521,0.11979228228627488,0.6802084451101281,25,30,0
24,2240,2.118844489093226e-08,0.199999251415152,0.11978757896986039,0.6802131484265428,25,30,0
24,2241,2.118844489093226e-08,0.199999251415152,0.11978757697144564,0.6802131504249574,25,30,0
24,2242,2.118844489093226e-08,0.199999251415152,0.11978757698226326,0.6802131504141397,25,30,0
24,2243,2.118844489079737e-08,0.1999992514151532,0.11978757698226206,0.6802131504141397,25,30,0
24,2244,2.118844489079737e-08,0.1999992514151532,0.11978757901589629,0.6802131483805054,25,30,0
24,2245,2.1188444890798792e-08,0.1999556610558205,0.11983116937522899,0.6802131483805054,25,30,0
24,2246,2.118844489080112e-08,0.19997557709933228,0.11981125333155937,0.6802131483806632,25,30,0
24,2247,5.234593496835548e-07,0.19997552809272567,0.11981057846969186,0.6802133699782328,25,30,0
24,2248,5.234593496835548e-07,0.199975911839555,0.1198101947228626,0.6802133699782328,25,30,0
24,2249,5.234593496835548e-07,0.199975911839555,0.1196806717598903,0.6803428929412051,25,30,0
24,2250,5.234593496835548e-07,0.199975911839555,0.11968074825608556,0.6803428164450098,25,30,0
24,2251,5.234593496835551e-07,0.19995350458674352,0.119703155508897,0.6803428164450098,25,30,0
24,2252,5.234593496835566e-07,0.19993090920158768,0.11972575089395536,0.6803428164451073,25,30,0
24,2253,5.234593496835566e-07,0.19993090920158768,0.11972567364788535,0.6803428936911773,25,30,0
24,2254,5.234593496836385e-07,0.19994503356137902,0.11971154928799646,0.6803428936912749,25,30,0
24,2255,5.234593496836385e-07,0.19994503356137902,0.11971154983877726,0.680342893140494,25,30,0
24,2256,5.234593496836385e-07,0.19994503356137902,0.11971152136632057,0.6803429216129507,25,30,0
24,2257,5.234593496836385e-07,0.19994503356137902,0.11971152067359116,0.6803429223056802,25,30,0
24,2258,5.234593496836381e-07,0.19994503356137902,0.11961922503737721,0.6804352179418939,25,30,0
24,2259,5.234593496836368e-07,0.19998823392387685,0.11957602467487942,0.6804352179418939,25,30,0
24,2260,5.234593496836354e-07,0.2000108321029602,0.11955342649589339,0.6804352179417964,25,30,0
24,2261,5.234593496836354e-07,0.2000108321029602,0.11955342648623303,0.6804352179514568,25,30,0
24,2262,5.234593496836354e-07,0.2000108321029602,0.11955342648622541,0.6804352179514646,25,30,0
24,2263,5.234593496855655e-07,0.19999092219246506,0.11957333639687856,0.6804352179513067,25,30,0
24,2264,2.996811322655813e-08,0.1999909221926708,0.11957405551430382,0.6804349923249123,25,30,0
24,2265,2.996811322655813e-08,0.1999909221926708,0.11957405754732141,0.6804349902918946,25,30,0
24,2266,0.0006623631537224859,0.19999092217774933,0.1189117229099443,0.6804349917585837,25,30,0
24,2267,0.0006623631537224859,0.19999092217774933,0.11891172289967694,0.680434991768851,25,30,0
24,2268,0.0006623631537224859,0.19999092217774933,0.11891164110361122,0.6804350735649167,25,30,0
24,2269,0.0006623631537224859,0.19999092217774941,0.11891172564029291,0.680434989028235,25,30,0
24,2270,0.0006623631537224859,0.19999092217774933,0.11891168110841063,0.6804350335601173,25,30,0
24,2271,0.0006623631537224859,0.19999092217774933,0.11891168108546953,0.6804350335830585,25,30,0
24,2272,0.0006623631537224859,0.19999092217774933,0.11891168038398964,0.6804350342845383,25,30,0
24,2273,0.0006623631537224859,0.19999092217774933,0.11891167883324007,0.6804350358352879,25,30,0
24,2274,0.0006623631537224859,0.19999036992728614,0.11891223108370326,0.6804350358352879,25,30,0
24,2275,0.0006623631537224859,0.19999036992728605,0.11891006738322954,0.6804371995357618,25,30,0
24,2276,0.0006623631537224859,0.19999036992728605,0.1189100653846731,0.6804372015343182,25,30,0
24,2277,0.0006623631537224859,0.19999036992728605,0.11891006738308414,0.6804371995359072,25,30,0
24,2278,0.0006623631537224859,0.19999036992728605,0.11891006940364626,0.6804371975153449,25,30,0
24,2279,5.419286778397998e-07,0.19999036992743655,0.11957189219948078,0.6804371959444049,25,30,0
24,2280,5.419286778397998e-07,0.19999036992743655,0.11957197422707211,0.6804371139168136,25,30,0
24,2281,5.419286778397998e-07,0.19999076320072326,0.11957158095378541,0.6804371139168136,25,30,0
24,2282,5.419286778397998e-07,0.19999076320072326,0.11957149841983936,0.6804371964507595,25,30,0
24,2283,5.419286778397998e-07,0.19999076320072326,0.11957149843984888,0.68043719643075,25,30,0
24,2284,5.419286778397998e-07,0.19999076320072326,0.11957141593964353,0.6804372789309554,25,30,0
24,2285,5.419286778397998e-07,0.19999076320072326,0.11957153185679814,0.6804371630138007,25,30,0
24,2286,5.419286778398171e-07,0.19999076320072326,0.11957160981349743,0.6804370850571014,25,30,0
24,2287,5.419286778398171e-07,0.19999076320072326,0.11957149396908592,0.6804372009015129,25,30,0
24,2288,5.419286778398171e-07,0.19999076320072326,0.11957377356466291,0.680434921305936,25,30,0
24,2289,5.419286778398171e-07,0.19999076320072326,0.11957377156730464,0.6804349233032942,25,30,0
24,2290,5.419286778398171e-07,0.19999076320072326,0.11957377225631914,0.6804349226142797,25,30,0
24,2291,5.419286779447775e-07,0.20111334810182427,0.11845118735521529,0.6804349226142824,25,30,0
24,2292,5.419286779447775e-07,0.20111334810182427,0.11845118781951096,0.6804349221499868,25,30,0
24,2293,5.419286779447775e-07,0.20111334810182427,0.11845118935385607,0.6804349206156415,25,30,0
24,2294,5.419286779446952e-07,0.20112162129606592,0.11844291615971184,0.680434920615544,25,30,0
24,2295,5.419286779446952e-07,0.20112162129606592,0.11844291663402062,0.6804349201412353,25,30,0
24,2296,5.419286779446781e-07,0.20112162129606592,0.11844754195259449,0.6804302948226615,25,30,0
24,2297,5.419286779446781e-07,0.20112162125518002,0.1184475419934804,0.6804302948226615,25,30,0
24,2298,5.419286779446781e-07,0.20112162125518002,0.118452245281926,0.6804255915342159,25,30,0
24,2299,5.419286779446781e-07,0.20112162125518002,0.11845224394950885,0.6804255928666331,25,30,0
24,2300,5.419286779446781e-07,0.20112162125518002,0.11845212947903234,0.6804257073371096,25,30,0
24,2301,5.267058425335411e-07,0.20112162125487792,0.11888958710859475,0.6799882649306849,25,30,0
24,2302,5.267058425335424e-07,0.20109015380652842,0.11892105455684682,0.6799882649307825,25,30,0
24,2303,5.267058425335424e-07,0.20109015380652842,0.11892109360359716,0.679988225884032,25,30,0
24,2304,5.267058425335424e-07,0.20108241754203512,0.11892882986809049,0.679988225884032,25,30,0
24,2305,5.267058425335411e-07,0.2010914874976776,0.11891975991254547,0.6799882258839345,25,30,0
24,2306,5.209939001844229e-07,0.20109148749767208,0.11891976562523109,0.6799882258831967,25,30,0
24,2307,5.209939001844229e-07,0.20109134895614428,0.11891990416675723,0.6799882258831985,25,30,0
24,2308,5.209939001844229e-07,0.20109134895614428,0.1189199041413578,0.6799882259085979,25,30,0
24,2309,6.970915824772945e-05,0.2010913489561443,0.11885071597703609,0.679988225908572,25,30,0
24,2310,6.970915824772945e-05,0.2010913489561443,0.1188507984745816,0.6799881434110264,25,30,0
24,2311,6.970915824772945e-05,0.20109110095691232,0.1188510464738153,0.6799881434110248,25,30,0
24,2312,6.970915824772945e-05,0.20109148873492963,0.11885065869579804,0.6799881434110248,25,30,0
24,2313,6.970915824772945e-05,0.20109148873492963,0.11885062023475713,0.6799881818720657,25,30,0
24,2314,6.970915824762256e-05,0.22485103261648223,0.09509107635320736,0.679988181872063,25,30,0
24,2315,6.970915824762256e-05,0.22485103261648223,0.09509107631534436,0.6799881819099259,25,30,0
24,2316,6.970915824762256e-05,0.22485103261648223,0.09509107831393253,0.6799881799113378,25,30,0
24,2317,6.970915824762256e-05,0.22485103261648223,0.09509107900299994,0.6799881792222703,25,30,0
24,2318,6.970915824762256e-05,0.22485103261648223,0.09509107897467592,0.6799881792505943,25,30,0
24,2319,6.970915824762256e-05,0.22485157537148046,0.09509053621967764,0.6799881792505943,25,30,0
24,2320,6.970915824762256e-05,0.22485157537148046,0.09509045369654352,0.6799882617737285,25,30,0
24,2321,6.970915824762256e-05,0.22487397280848118,0.09506805625954282,0.6799882617737285,25,30,0
24,2322,6.970915824762256e-05,0.22487397280848118,0.09506335301994001,0.6799929650133314,25,30,0
24,2323,6.970915824762256e-05,0.22487397280848118,0.09506335102213108,0.6799929670111402,25,30,0
24,2324,6.970915824762256e-05,0.22487397280848118,0.09506335243408126,0.67999296559919,25,30,0
24,2325,6.970915824762256e-05,0.22487397280848118,0.09506335243346893,0.6799929655998024,25,30,0
24,2326,9.816455185500226e-05,0.22487402074942764,0.09503462063554782,0.6799931940631696,25,30,0
24,2327,0.0005252106527430466,0.224874020749429,0.09460757451316411,0.679993194084664,25,30,0
24,2328,0.0005252106527430466,0.224874020749429,0.09460757250506935,0.6799931960927585,25,30,0
24,2329,0.0005252106527430466,0.224874020749429,0.09460757253046878,0.6799931960673592,25,30,0
24,2330,0.0005252106527430466,0.224874020749429,0.09460757188986689,0.6799931967079611,25,30,0
24,2331,0.0005252106527430466,0.224874020749429,0.09460757188987767,0.6799931967079503,25,30,0
24,2332,0.0005252106527430466,0.224874020749429,0.09460286862283983,0.679997899974988,25,30,0
24,2333,0.0005252106527430466,0.22484293706396954,0.09463395230829938,0.679997899974988,25,30,0
24,2334,0.0005252106527430466,0.22484293706396954,0.09463391230331972,0.6799979399799676,25,30,0
24,2335,0.0005252106527430466,0.22485199771229852,0.09462485165499074,0.6799979399799676,25,30,0
24,2336,0.0005252106527430466,0.22485199771229852,0.09462485162977907,0.6799979400051792,25,30,0
24,2337,0.0005252106527430466,0.22485199771229858,0.09462493616664096,0.6799978554683173,25,30,0
24,2338,0.0005252106527430466,0.22485973389954875,0.09461719997939085,0.6799978554683173,25,30,0
24,2339,0.0005252106527430466,0.22485974816917786,0.0946171857097618,0.6799978554683173,25,30,0
24,2340,0.0005252106527430466,0.22485974816917786,0.09461718570115579,0.6799978554769233,25,30,0
24,2341,0.0005252106527430466,0.22485974816917786,0.09461718370318245,0.6799978574748967,25,30,0
24,2342,0.0005252106527430466,0.22482827676435274,0.09464865510800757,0.6799978574748967,25,30,0
24,2343,0.0005252106527430466,0.22482827676435274,0.09464865506018418,0.67999785752272,25,30,0
24,2344,0.0005252106527430466,0.22482827676435274,0.09464865414759752,0.6799978584353067,25,30,0
24,2345,0.0005252106527430466,0.22482827676435274,0.0946486536130282,0.6799978589698761,25,30,0
24,2346,0.0005252106527430466,0.22482827676435274,0.0946486821210145,0.6799978304618898,25,30,0
24,2347,2.897629561894546e-05,0.22482827676435138,0.09514491649888397,0.6799978304411457,25,30,0
24,2348,2.897629561894546e-05,0.22482827676435138,0.09514499832034927,0.6799977486196803,25,30,0
24,2349,2.897629561894546e-05,0.22482827676435138,0.09514499829481143,0.6799977486452182,25,30,0
24,2350,2.897629561894546e-05,0.22482827676435138,0.09514271870144113,0.6800000282385884,25,30,0
24,2351,2.897629561894546e-05,0.22482827676435138,0.09514272083864554,0.6800000261013841,25,30,0
24,2352,2.897629561901021e-05,0.22358954421822155,0.09638145338468079,0.6800000261014787,25,30,0
24,2353,2.897629561901021e-05,0.2235895431393018,0.09638145446360051,0.6800000261014787,25,30,0
24,2354,2.897629561901021e-05,0.2235895431393018,0.09638145496311779,0.6800000256019615,25,30,0
24,2355,1.5967344589674856e-10,0.22358949519809024,0.09641070753902899,0.6799997971032073,25,30,0
24,2356,1.5967344589674725e-10,0.22358949519809024,0.09641070616156189,0.6799997984806745,25,30,0
24,2357,1.596734458967406e-10,0.22358949519809024,0.09641070402439618,0.6799998006178403,25,30,0
24,2358,1.5967338114483295e-10,0.2248276780915775,0.09517252113100355,0.6799998006177458,25,30,0
24,2359,1.5967338114483295e-10,0.2248276780915775,0.09517251913364251,0.6799998026151067,25,30,0
24,2360,1.2391618716218886e-06,0.22482767809173723,0.0951712777008273,0.6799998050455638,25,30,0
24,2361,0.02782654212655405,0.2248276783402482,0.06734597446775559,0.6799998050654419,25,30,0
24,2362,0.02782654212655405,0.2248276783402482,0.06734597399280733,0.6799998055403903,25,30,0
24,2363,0.02782654212655405,0.22481994527649746,0.06735370705655636,0.679999805540392,25,30,0
24,2364,0.02782654212655405,0.22481994527649746,0.0673537084438973,0.6799998041530511,25,30,0
24,2365,0.02782654212655405,0.22481994527649746,0.06735370989163846,0.6799998027053098,25,30,0
24,2366,0.02782654212655405,0.22481994527649757,0.06735375130860434,0.6799997612883439,25,30,0
24,2367,0.02782654212655405,0.22481994527649757,0.06735375056222971,0.6799997620347185,25,30,0
24,2368,0.02782654215691682,0.22447371343161537,0.06769998237333825,0.6799997620381294,25,30,0
24,2369,0.02782654215691682,0.22447371343161537,0.06769998440697086,0.6799997600044969,25,30,0
24,2370,0.02782654215691682,0.22447371343161537,0.06770006622976714,0.6799996781817006,25,30,0
24,2371,0.02782654215691682,0.22447371343161537,0.06770006623023617,0.6799996781812315,25,30,0
24,2372,0.03998754385937008,0.22447371318310438,0.05553906479743845,0.6799996781600871,25,30,0
24,2373,0.03998754385937008,0.22447371318310438,0.055539066797552196,0.6799996761599734,25,30,0
24,2374,0.03998754385937008,0.22450519018876636,0.05550758979189019,0.6799996761599734,25,30,0
24,2375,0.03998754385937008,0.22450519018876636,0.05550758982800261,0.6799996761238609,25,30,0
24,2376,0.03998754385937008,0.22450519018876636,0.05550758838022147,0.679999677571642,25,30,0
24,2377,0.03998754385937008,0.22450519018876636,0.0555122631721282,0.6799950027797353,25,30,0
24,2378,0.03998754385937008,0.22450519018876636,0.05551226113892256,0.679995004812941,25,30,0
24,2379,0.03998754385937008,0.22450519018876636,0.05551221860963897,0.6799950473422246,25,30,0
24,2380,0.03998754385937008,0.22450519018876636,0.05551221863441445,0.6799950473174491,25,30,0
24,2381,0.03998754385937008,0.22450519018876636,0.05551221863398434,0.6799950473178791,25,30,0
24,2382,0.03998754385937008,0.22450519018876636,0.05551222011757631,0.6799950458342872,25,30,0
24,2383,0.03998754385937008,0.2245051901887663,0.055512178723018335,0.6799950872288453,25,30,0
24,2384,0.03998754385937008,0.2245051901887663,0.05551217868692434,0.6799950872649393,25,30,0
24,2385,0.03998754385937008,0.2245051901887663,0.05551217872302924,0.6799950872288343,25,30,0
24,2386,0.039987543859370145,0.22450519018877063,0.05551454498765062,0.6799927209642085,25,30,0
24,2387,0.039987543859370145,0.22450519018877063,0.05551454502331005,0.6799927209285491,25,30,0
24,2388,0.039987543859370145,0.22450518764218352,0.05551454756989715,0.6799927209285491,25,30,0
24,2389,0.039987543859370145,0.22450518764218352,0.05551450757559739,0.6799927609228489,25,30,0
24,2390,0.039987543859370145,0.2244978748414224,0.05552182037635851,0.6799927609228489,25,30,0
24,2391,0.03998754385937008,0.2244978748414181,0.0555194520650158,0.6799951292341959,25,30,0
24,2392,0.03998754385937008,0.2244978748414181,0.055519452564098536,0.6799951287351133,25,30,0
24,2393,0.03998754385937008,0.2244978748414181,0.0555194539843433,0.6799951273148684,25,30,0
24,2394,0.03998754385937008,0.2244978748414181,0.055519455986644005,0.6799951253125678,25,30,0
24,2395,0.03998754385937008,0.2244978748414181,0.0558925609938165,0.6796220203053954,25,30,0
24,2396,0.03998754385937008,0.2244978748414181,0.05589256095876704,0.6796220203404448,25,30,0
24,2397,0.03998754385937008,0.2244978748414181,0.0558925600271507,0.6796220212720613,25,30,0
24,2398,0.03998754385937008,0.2244978748414181,0.055892478240921056,0.6796221030582907,25,30,0
24,2399,0.03998754385937008,0.2244978748414181,0.055887775440610625,0.6796268058586011,25,30,0
24,2400,0.03998754385937008,0.2244978748414181,0.05588777610659773,0.6796268051926141,25,30,0
24,2401,0.03998754385937008,0.224497874841418,0.05588780748781239,0.6796267738113996,25,30,0
24,2402,0.04000105320685558,0.224497874841418,0.055874298140327065,0.6796267738113994,25,30,0
24,2403,0.04000105320685558,0.224497874841418,0.055874338134803386,0.679626733816923,25,30,0
24,2404,0.04000105320685558,0.224497874841418,0.05587433813416173,0.6796267338175648,25,30,0
24,2405,0.04000105320685558,0.224497874841418,0.05587433766002534,0.6796267342917011,25,30,0
24,2406,0.04000105320685558,0.224497874841418,0.05614067159307974,0.6793604003586466,25,30,0
24,2407,0.04000105320685558,0.224497874841418,0.05614067159370238,0.679360400358024,25,30,0
24,2408,0.04000105320685558,0.224497874841418,0.0561405571229664,0.6793605148287599,25,30,0
24,2409,0.04000105320685558,0.224497874841418,0.05614055706296026,0.6793605148887661,25,30,0
24,2410,0.04000105320685558,0.224497874841418,0.056140555615027614,0.6793605163366988,25,30,0
24,2411,0.04000105320685558,0.224497874841418,0.05614055559007665,0.6793605163616497,25,30,0
24,2412,0.04000105320685558,0.224497874841418,0.056140555065174604,0.6793605168865519,25,30,0
24,2413,0.04000105320685558,0.224497874841418,0.05614055507453397,0.6793605168771925,25,30,0
24,2414,0.04000105320685558,0.224497874841418,0.05614055661680111,0.6793605153349255,25,30,0
24,2415,0.04000105320685558,0.224497874841418,0.056140556616952025,0.6793605153347745,25,30,0
24,2416,0.04000105320685558,0.224497874841418,0.056140555915725185,0.6793605160360013,25,30,0
24,2417,0.04000105320685558,0.224497874841418,0.056140671846691255,0.6793604001050352,25,30,0
24,2418,0.04000105320685558,0.22449786537597732,0.05614068131213196,0.6793604001050352,25,30,0
24,2419,0.04000105317649282,0.23911980294688387,0.04151874346471799,0.6793604004119054,25,30,0
24,2420,0.04000105317649282,0.23911980294688387,0.04151874348871204,0.6793604003879113,25,30,0
24,2421,0.04000105317649282,0.23911980294688387,0.04151874402284421,0.6793603998537792,25,30,0
24,2422,0.04000105317649282,0.23911980294688387,0.04151862808832162,0.6793605157883017,25,30,0
24,2423,0.04000105317649282,0.23911980294688387,0.04152025028746639,0.679358893589157,25,30,0
24,2424,0.04000105317649282,0.23912712259170482,0.041512930642645426,0.679358893589157,25,30,0
24,2425,0.04000105317649282,0.23912712259170482,0.04151293063494849,0.6793588935968539,25,30,0
24,2426,0.04000105317649282,0.23912712259170482,0.041512930670180914,0.6793588935616215,25,30,0
24,2427,0.04000105317649282,0.23912712259170482,0.04151293064540585,0.6793588935863966,25,30,0
24,2428,0.04000105317649282,0.23912712259170482,0.04151293068204854,0.6793588935497539,25,30,0
24,2429,0.04000105317649282,0.23912712259170482,0.04151293061947474,0.6793588936123277,25,30,0
24,2430,0.04000105317649282,0.2391348453166314,0.04150520789454987,0.6793588936123259,25,30,0
24,2431,0.04000105317649282,0.23915726162717899,0.04148279158400228,0.6793588936123259,25,30,0
24,2432,0.04000105317649282,0.23915727104154316,0.04148278216963812,0.6793588936123259,25,30,0
24,2433,0.04000105317649282,0.23915727104154316,0.04110967712740257,0.6797319986545616,25,30,0
24,2434,0.04000105317649282,0.23915727104154316,0.04110967859979809,0.679731997182166,25,30,0
24,2435,0.04000105317649282,0.23915727104154316,0.04110968003881931,0.6797319957431448,25,30,0
24,2436,0.04000105317649282,0.23915727104154316,0.04110971802737409,0.67973195775459,25,30,0
24,2437,0.04000105317649282,0.2391574301414241,0.041109558927493114,0.67973195775459,25,30,0
24,2438,0.04000105317649282,0.23915742329070358,0.04110956577821362,0.67973195775459,25,30,0
24,2439,0.04000105317649282,0.23915742329070358,0.04111616996993986,0.6797253535628639,25,30,0
24,2440,0.04000105317649282,0.23915742329070358,0.04111616996791603,0.6797253535648876,25,30,0
24,2441,0.04000108126212914,0.23915742329070358,0.04111614188227973,0.6797253535648876,25,30,0
24,2442,0.04000108126212914,0.23915742329070358,0.0411161424929215,0.679725352954246,25,30,0
24,2443,0.04000108126212914,0.23915742329070358,0.041116141070547146,0.6797253543766202,25,30,0
24,2444,0.04000108126212914,0.23915742329070358,0.0411161010883692,0.6797253943587981,25,30,0
24,2445,0.04000108126212914,0.23915742329070358,0.041114478213131495,0.6797270172340358,25,30,0
24,2446,0.04000108126212914,0.23915741626461492,0.041114485239220164,0.6797270172340358,25,30,0
24,2447,0.04000108126212914,0.23915741626461492,0.04111448523860521,0.6797270172346508,25,30,0
24,2448,0.04000108126212914,0.23915741626461492,0.04111448526595745,0.6797270172072986,25,30,0
24,2449,0.04000108126212914,0.23915741626461492,0.04111448523254377,0.6797270172407122,25,30,0
24,2450,0.04000108126212914,0.23913501580552476,0.041136885691633915,0.6797270172407122,25,30,0
24,2451,0.04000108126212914,0.23913501580552476,0.041136884219707424,0.6797270187126386,25,30,0
24,2452,0.04000108126212914,0.23913501580552476,0.04113688368494947,0.6797270192473966,25,30,0
24,2453,0.04000108126212914,0.23913501580552476,0.04113916327829499,0.6797247396540511,25,30,0
24,2454,0.04000108126212914,0.23913501580552476,0.041132557036496244,0.6797313458958498,25,30,0
24,2455,0.04000108126212914,0.23915742989767286,0.041110142944348206,0.6797313458958498,25,30,0
24,2456,0.04000108126212914,0.23915742989767286,0.04111014291872166,0.6797313459214764,25,30,0
24,2457,0.04000108126212914,0.23915742989767286,0.041110258810931326,0.6797312300292668,25,30,0
24,2458,0.04000108126212914,0.23915742989767286,0.04111470183360628,0.6797267870065917,25,30,0
24,2459,0.04000108126212914,0.23915742989767286,0.04111481978619062,0.6797266690540075,25,30,0
24,2460,0.038889939128102846,0.23915742990398006,0.04222596022942786,0.6797266707384892,25,30,0
24,2461,0.038889939128102846,0.23915742990398006,0.042225962227828,0.6797266687400891,25,30,0
24,2462,0.038889939128102846,0.23915742990398006,0.042225964237654845,0.6797266667302623,25,30,0
24,2463,0.038889939128102846,0.23915742990398006,0.04222584632056045,0.6797267846473567,25,30,0
24,2464,0.038889939128102846,0.23915742990398006,0.042225962237727774,0.6797266687301894,25,30,0
24,2465,0.038889939128102846,0.23915742990398006,0.04222368265314578,0.6797289483147714,25,30,0
24,2466,0.038889939128102846,0.23915742990398006,0.042223682153819414,0.6797289488140977,25,30,0
24,2467,0.038889939128102846,0.23914695483832704,0.04223415721947244,0.6797289488140977,25,30,0
24,2468,0.038889939128102846,0.23914695483832704,0.04223415863094584,0.6797289474026244,25,30,0
24,2469,0.038889939128102846,0.23914695483832712,0.04223578223525787,0.6797273237983122,25,30,0
24,2470,0.038889939128102846,0.23914695483832712,0.0422357822473906,0.6797273237861795,25,30,0
24,2471,0.038889939128102846,0.23914695483832712,0.04223578072000708,0.679727325313563,25,30,0
24,2472,0.038889939128102846,0.2011117064946053,0.08027102936511436,0.6797273250121773,25,30,0
24,2473,0.038889939128102846,0.20112256810100423,0.0802601677587155,0.6797273250121773,25,30,0
24,2474,0.038889939128102846,0.20112256810100423,0.08025572474866903,0.6797317680222237,25,30,0
24,2475,0.038889939128102846,0.20112256810100423,0.0802557227506941,0.6797317700201986,25,30,0
24,2476,0.038889939128102846,0.20112256810100423,0.08026232848545906,0.6797251642854336,25,30,0
24,2477,0.03888993912811449,0.200000140700726,0.07882874062324491,0.6822811795479145,25,30,0
24,2478,0.03888993912811449,0.2000001338492583,0.07882874747471261,0.6822811795479145,25,30,0
24,2479,0.03888993912811449,0.2000001338492583,0.07882874747530272,0.6822811795473244,25,30,0
24,2480,0.03888993912811449,0.2000001338492583,0.0788288299896737,0.6822810970329535,25,30,0
24,2481,0.03888993912811449,0.20000013384925822,0.0788338126279038,0.6822761143947234,25,30,0
24,2482,0.03888993912811449,0.20000013384925822,0.0788339285201385,0.6822759985024887,25,30,0
24,2483,0.03888993912811449,0.20000013384925822,0.07883392901842586,0.6822759980042014,25,30,0
24,2484,0.03888993912811449,0.20000013384925822,0.07883392903012093,0.6822759979925063,25,30,0
24,2485,0.03888993912811449,0.20000013384925822,0.07883554989792615,0.6822743771247011,25,30,0
24,2486,0.03888993912811449,0.20000013384925822,0.07883551036710422,0.6822744166555229,25,30,0
24,2487,0.03888993912811449,0.19999995018519343,0.07883569403116902,0.6822744166555229,25,30,0
24,2488,0.03888993912811449,0.19999995018519343,0.07883569464243662,0.6822744160442555,25,30,0
24,2489,0.03888993912811449,0.20000013117492213,0.0788355136527079,0.6822744160442555,25,30,0
24,2490,0.03888993912811449,0.20000013139313175,0.07883551343449828,0.6822744160442555,25,30,0
24,2491,0.03888993912811449,0.1987613990614514,0.08007424576617853,0.6822744160442555,25,30,0
24,2492,0.03888993912811449,0.1987613990614514,0.0800676419349786,0.6822810198754554,25,30,0
24,2493,0.03888993912811449,0.15984762737318922,0.11898141362324065,0.6822810198754554,25,30,0
24,2494,0.03888993912811449,0.15984762737318922,0.11898145311864587,0.6822809803800503,25,30,0
24,2495,0.03888993912811449,0.15984762737318922,0.11898141315877248,0.6822810203399237,25,30,0
24,2496,0.03888993912811449,0.15984762737318922,0.11898141338630225,0.6822810201123939,25,30,0
24,2497,0.03888993912811449,0.15984763706485647,0.11898140369463504,0.6822810201123939,25,30,0
24,2498,0.03888993912811449,0.15984763706485647,0.11898140375570501,0.682281020051324,25,30,0
24,2499,0.03888993912811449,0.15984763706485647,0.11898132125752149,0.6822811025495075,25,30,0
24,2500,0.03888993912811449,0.15984763706485647,0.11898197797807551,0.6822804458289533,25,30,0
24,2501,0.03888993912811449,0.15984763706485647,0.11898197591904185,0.6822804478879871,25,30,0
24,2502,0.03888993912811449,0.15984763706485647,0.11898186001399835,0.6822805637930306,25,30,0
24,2503,0.03888993912811449,0.15984763706485647,0.11898186348276424,0.6822805603242648,25,30,0
24,2504,0.03888993912811449,0.15984763706485647,0.11898186345738626,0.6822805603496427,25,30,0
24,2505,0.038889939128102846,0.15984747205766095,0.12148977490470163,0.6797728139095348,25,30,0
24,2506,0.038889939128102846,0.16105472726034298,0.12028251970201939,0.6797728139095348,25,30,0
24,2507,0.038889939128102846,0.16105473361083586,0.12028251335152645,0.6797728139095348,25,30,0
24,2508,0.038889939128102846,0.16105473361083586,0.12028251095540933,0.679772816305652,25,30,0
24,2509,0.038889939128102846,0.1610434808112943,0.12029376375495092,0.679772816305652,25,30,0
24,2510,0.038889939128103054,0.16104364651203681,0.11777510834178591,0.682291306018074,25,30,0
24,2511,0.038889939208061046,0.15995743134316126,0.11886132291887364,0.6822913065299038,25,30,0
24,2512,0.038889939208061046,0.15995743134316126,0.1188613236080109,0.6822913058407666,25,30,0
24,2513,0.038889939208061046,0.15995743134316126,0.11885904401096248,0.682293585437815,25,30,0
24,2514,0.038889939208061046,0.15995743134316126,0.11885904402387942,0.682293585424898,25,30,0
24,2515,0.038889939208061046,0.15995743134316126,0.11885904329806486,0.6822935861507127,25,30,0
24,2516,0.038889939208061046,0.15995743134316126,0.11885904530276704,0.6822935841460104,25,30,0
24,2517,0.03888993912810598,0.159957425224931,0.11628204332140817,0.6848705923255547,25,30,0
24,2518,0.03888993912810598,0.15996868254842733,0.11627078599791187,0.6848705923255547,25,30,0
24,2519,0.038889940289537156,0.159968682547529,0.11884779352859223,0.6822935836343413,25,30,0
24,2520,0.038889940289537156,0.159968682547529,0.11884779352840937,0.6822935836345242,25,30,0
24,2521,0.038889940289537156,0.159968682547529,0.11884779151139423,0.6822935856515393,25,30,0
24,2522,0.038889940289537156,0.159968682547529,0.11884767704182884,0.6822937001211048,25,30,0
24,2523,0.038889940289537156,0.159968682547529,0.11897720276206472,0.6821641744008689,25,30,0
24,2524,0.038889940289537156,0.159968682547529,0.11897720282207092,0.6821641743408626,25,30,0
24,2525,0.038889940289537156,0.159968682547529,0.1189772818641302,0.6821640952988034,25,30,0
24,2526,0.038889940289537156,0.159968682547529,0.1189773976851734,0.6821639794777602,25,30,0
24,2527,0.038889466923759365,0.15996868255188915,0.11897787224947103,0.6821639782748806,25,30,0
24,2528,0.038889466923759365,0.15996868255188915,0.11871153785235317,0.6824303126719984,25,30,0
24,2529,0.038889466923759365,0.15996868255188915,0.1187115378485259,0.6824303126758257,25,30,0
24,2530,0.03888946692470595,0.15996868255192284,0.11870981320444546,0.6824320373189258,25,30,0
24,2531,0.03888946692470595,0.15996868255192284,0.11870969728683303,0.6824321532365383,25,30,0
24,2532,0.03888946692470595,0.15996868255192284,0.11870972575957825,0.6824321247637931,25,30,0
24,2533,0.03888946692470595,0.15996868255192284,0.11870972623467838,0.6824321242886928,25,30,0
24,2534,0.03888946692470595,0.15994627100949296,0.1187321377771085,0.6824321242886928,25,30,0
24,2535,0.03888870128828551,0.15994627100497302,0.11873290464637602,0.6824321230603655,25,30,0
24,2536,0.03888870128828551,0.15997755518873585,0.11870162046261312,0.6824321230603655,25,30,0
24,2537,0.03888870128828551,0.15999941662229258,0.11867975902905639,0.6824321230603655,25,30,0
24,2538,0.03888870012590526,0.1599994166222589,0.11868148431273992,0.6824303989390963,25,30,0
24,2539,0.03888870012590526,0.1599994166222589,0.11868148432322895,0.6824303989286071,25,30,0
24,2540,0.03888870012590526,0.1599994166222589,0.11868160026649413,0.6824302829853418,25,30,0
24,2541,0.055372380970221215,0.1599994167721054,0.1021978792644469,0.6824303229932264,25,30,0
24,2542,0.055372380970221215,0.1599994167721054,0.10219788093915022,0.682430321318523,25,30,0
24,2543,0.05598253377142627,0.15999941676591256,0.10158772976960581,0.6824303196930553,25,30,0
24,2544,0.05598253377142627,0.15999941676591256,0.10158773180340304,0.6824303176592581,25,30,0
24,2545,0.05598253377142627,0.15999941676591256,0.1015876158860633,0.6824304335765977,25,30,0
24,2546,0.05598253377142627,0.15999941676591256,0.10158761455392751,0.6824304349087336,25,30,0
24,2547,0.05598253377142627,0.15999941676591256,0.10158761451931811,0.682430434943343,25,30,0
24,2548,0.05598253377142627,0.15999941676591256,0.10158422347291211,0.6824338259897489,25,30,0
24,2549,0.05598253377142627,0.15999941676591256,0.10158422344813828,0.6824338260145228,25,30,0
24,2550,0.05598253377142627,0.15999941994120864,0.10158422027284228,0.6824338260145228,25,30,0
24,2551,0.05598253377142627,0.15999941994120864,0.10158429771792746,0.6824337485694376,25,30,0
24,2552,0.05598253377142627,0.15999941994120864,0.1015842977183653,0.6824337485689997,25,30,0
24,2553,0.05598253377142627,0.15999941994120864,0.10158429908540352,0.6824337472019616,25,30,0
24,2554,0.05598253377142627,0.15999941994120864,0.10158429908540356,0.6824337472019616,25,30,0
24,2555,0.05598253377142627,0.15999941994120864,0.10158427131753654,0.6824337749698285,25,30,0
24,2556,0.05598253377142627,0.15999941994120864,0.10158426986932735,0.6824337764180376,25,30,0
24,2557,0.05598253377142627,0.15999941994120864,0.10158426915613368,0.6824337771312312,25,30,0
24,2558,0.05598253377142627,0.15999941994120864,0.101584385073356,0.682433661214009,25,30,0
24,2559,0.05598253377142606,0.15999925424044956,0.10414964318139712,0.6798685688067269,25,30,0
24,2560,0.05598253377142606,0.15999925424044956,0.10414964462812165,0.6798685673600023,25,30,0
24,2561,0.05598253377142606,0.15999925424044956,0.10414964529349213,0.6798685666946319,25,30,0
24,2562,0.05598253377142606,0.15999925424044956,0.10414964579300671,0.6798685661951174,25,30,0
24,2563,0.05598253377142606,0.15999925424044956,0.10414956530307425,0.6798686466850498,25,30,0
24,2564,0.039507904253158074,0.15999925781696012,0.12056652654385802,0.6799263113860239,25,30,0
24,2565,0.039507904253158074,0.15999925781696012,0.12056652584241259,0.6799263120874695,25,30,0
24,2566,0.039507904253158074,0.15999925781696012,0.12056652558947648,0.6799263123404055,25,30,0
24,2567,0.039507904253158074,0.15999925781696012,0.12056640964725314,0.6799264282826288,25,30,0
24,2568,0.039507904253158074,0.15999925781696012,0.12056640964703728,0.6799264282828448,25,30,0
24,2569,0.039507904253158074,0.15999925781696012,0.12056649146894095,0.6799263464609411,25,30,0
24,2570,0.03950790425315808,0.15999925781699323,0.12056815708332565,0.6799246808465231,25,30,0
24,2571,0.03950790425315808,0.15999925781699323,0.12056155086619888,0.6799312870636498,25,30,0
24,2572,0.03950790425315808,0.15999925781699323,0.12056155156809296,0.6799312863617557,25,30,0
24,2573,0.03950790425315808,0.15999944398362567,0.12056136540146052,0.6799312863617557,25,30,0
24,2574,0.03999956839886328,0.15999944398362506,0.12006970128489579,0.679931286332616,25,30,0
24,2575,0.03999956839886328,0.15999943207836115,0.12006971319015972,0.679931286332616,25,30,0
24,2576,0.03999956839886328,0.15999943207836115,0.12006975115369495,0.6799312483690808,25,30,0
24,2577,0.03999956839886328,0.15999943207836115,0.1200697531871106,0.679931246335665,25,30,0
24,2578,0.03999956839886328,0.15999943207836115,0.12006975260123666,0.679931246921539,25,30,0
24,2579,0.040008646429676595,0.15999943207824738,0.12006067460040218,0.6799312468916738,25,30,0
24,2580,0.040008646429676595,0.15999943207824738,0.12006067657298355,0.6799312449190925,25,30,0
24,2581,0.03999959510206603,0.15999942835191142,0.1166706525177829,0.6833303240282396,25,30,0
24,2582,0.03891547297971651,0.1599994283581179,0.11775467858341722,0.6833304200787483,25,30,0
24,2583,0.03891547297971651,0.1599994283581179,0.11775468064139835,0.6833304180207673,25,30,0
24,2584,0.03891547298007291,0.1599997829474191,0.11765796335696198,0.6834267807155459,25,30,0
24,2585,0.03891547298007291,0.1599997829474191,0.11765796287017068,0.6834267812023372,25,30,0
24,2586,0.03891547298007297,0.1599997829474191,0.11774719647762584,0.683337547594882,25,30,0
24,2587,0.03891547298007297,0.1599997829474191,0.1177472790007494,0.6833374650717584,25,30,0
24,2588,0.03891547298007253,0.15999978294741907,0.11775064081604113,0.6833341032564675,25,30,0
24,2589,0.03891547298007253,0.15999978294741907,0.1177505628851396,0.683334181187369,25,30,0
24,2590,0.03891547298007253,0.15999978294741907,0.11775056135142636,0.6833341827210824,25,30,0
24,2591,0.03891547298007253,0.15999978294741907,0.11762103706526027,0.6834637070072483,25,30,0
24,2592,0.03891547298007253,0.15999978294741907,0.1176210376388238,0.6834637064336847,25,30,0
24,2593,0.03998218146360466,0.15999978294121264,0.11655442521201649,0.6834636103831667,25,30,0
24,2594,0.03998218146360466,0.15999978294121264,0.11655430929507249,0.6834637263001107,25,30,0
24,2595,0.03998218146360466,0.15999978294121264,0.1165543488154498,0.6834636867797333,25,30,0
24,2596,0.03998218146360466,0.15999978294121264,0.11655434736873474,0.6834636882264483,25,30,0
24,2597,0.03998218146360466,0.15999978294121264,0.11655434668476217,0.6834636889104209,25,30,0
24,2598,0.03998218146360466,0.15999978294121264,0.11655434671980812,0.6834636888753749,25,30,0
24,2599,0.03998218146360466,0.15999978294121264,0.11655430669929868,0.6834637288958844,25,30,0
24,2600,0.03998218146360466,0.15999978294121264,0.11655430670895126,0.6834637288862317,25,30,0
24,2601,0.03998218146360466,0.15876160314373633,0.1177924865064275,0.6834637288862317,25,30,0
24,2602,0.03998218146360466,0.16000033547754733,0.11655375417261649,0.6834637288862317,25,30,0
24,2603,0.039982181463604716,0.16000033547755158,0.07673334696164627,0.7232841360971973,25,30,0
24,2604,0.023526297366734318,0.1600003354813014,0.09318597728883404,0.7232873898631305,25,30,0
24,2605,0.023526297366734318,0.1600003354813014,0.09318597585352037,0.7232873912984441,25,30,0
24,2606,0.023526297366734263,0.16000033548129713,0.09300641281882198,0.7234669543331468,25,30,0
24,2607,0.023526297366734263,0.16000033548129713,0.09300641330650437,0.7234669538454643,25,30,0
24,2608,0.023526297366734263,0.1600003352462813,0.0930064135415202,0.7234669538454643,25,30,0
24,2609,0.023526297366734263,0.16000034708059768,0.09300640170720388,0.7234669538454643,25,30,0
24,2610,0.023526297366734263,0.16000034708059768,0.09300640170782198,0.7234669538448462,25,30,0
24,2611,0.023526297366734263,0.16000034708059768,0.09300639973525161,0.7234669558174166,25,30,0
24,2612,0.023526297366734263,0.16000034708059768,0.09300651559212766,0.7234668399605405,25,30,0
24,2613,0.023526297366734263,0.16000034708059768,0.09300651555647126,0.723466839996197,25,30,0
24,2614,0.023526297366734263,0.16000034708059768,0.09300651694318944,0.7234668386094788,25,30,0
24,2615,0.023526297366509956,0.16000047369908352,0.09646317413967426,0.7200100547947323,25,30,0
24,2616,0.023526297366509897,0.16000047369908352,0.09637398051501629,0.7200992484193904,25,30,0
24,2617,0.023526297366509897,0.16000047369908352,0.09637398051458934,0.7200992484198173,25,30,0
24,2618,0.023526297366509897,0.16000047369908352,0.09637397906741972,0.7200992498669869,25,30,0
24,2619,0.023526297366509897,0.16000047369908352,0.0963739391079932,0.7200992898264134,25,30,0
24,2620,0.023526297366509897,0.16000047369908352,0.0963739391079854,0.7200992898264212,25,30,0
24,2621,0.039982459265490045,0.16000047370159667,0.07992103097188269,0.7200960360610306,25,30,0
24,2622,0.039982459265490045,0.16000047370159667,0.07992094848399416,0.7200961185489192,25,30,0
24,2623,0.039982459265490045,0.16000047370159667,0.07992094847073196,0.7200961185621813,25,30,0
24,2624,0.039982459265490045,0.16000047370159667,0.07992094844383917,0.7200961185890741,25,30,0
24,2625,0.03998246025131756,0.17397539925167935,0.06594602180041817,0.7200961186965847,25,30,0
24,2626,0.03998246025131756,0.17397539925167935,0.06595072508366719,0.7200914154133358,25,30,0
24,2627,0.03998246025131756,0.17397539925167935,0.06595068505164818,0.7200914554453548,25,30,0
24,2628,0.03998246025131756,0.17397539925167935,0.06595071847130121,0.7200914220257019,25,30,0
24,2629,0.03998246025131756,0.17397539925167935,0.06595072120555175,0.7200914192914513,25,30,0
24,2630,0.03998246025131756,0.17397539925167935,0.06595072120536394,0.7200914192916392,25,30,0
24,2631,0.03998246025131756,0.17397539925167935,0.06595072123076323,0.7200914192662399,25,30,0
24,2632,0.03998246025096115,0.1739750446623487,0.026138669594429027,0.7599038254922609,25,30,0
24,2633,0.03998246025096115,0.17397504466234445,0.0260474390632492,0.759995056023445,25,30,0
24,2634,0.03998246025096115,0.17397504466234445,0.02604743906306886,0.7599950560236253,25,30,0
24,2635,0.039982459265133635,0.19998930113683788,3.318368507590409e-05,0.7599950559129525,25,30,0
24,2636,0.039982459265133635,0.19998929791258824,3.3186909325556575e-05,0.7599950559129525,25,30,0
24,2637,0.039982459265133635,0.19998890792976737,3.357689214641611e-05,0.7599950559129525,25,30,0
24,2638,0.039982459265133635,0.19998890792976737,2.895611432431598e-05,0.7599996766907746,25,30,0
24,2639,0.039982459265133635,0.19998890792976737,2.895814721154172e-05,0.7599996746578874,25,30,0
24,2640,0.039982459265133635,0.19998890792976737,2.8958146771189274e-05,0.7599996746583276,25,30,0
24,2641,0.039982459265133635,0.19998890126732527,2.8964809213293547e-05,0.7599996746583276,25,30,0
24,2642,0.039982459265133635,0.19998890126732527,2.8964822007281608e-05,0.759999674645534,25,30,0
24,2643,0.039982459265133635,0.19998890126732527,2.896486935073554e-05,0.7599996745981905,25,30,0
24,2644,0.039982459265133635,0.19998890126732527,2.9080739169573317e-05,0.7599995587283713,25,30,0
24,2645,0.039982459265133635,0.19998890126732527,2.896685502175976e-05,0.7599996726125194,25,30,0
24,2646,0.039982459265133635,0.19998890126732527,2.8968294032358663e-05,0.7599996711735088,25,30,0
24,2647,0.039982459265133635,0.19998890126732527,2.8853077655491636e-05,0.7599997863898856,25,30,0
24,2648,0.039982459265133635,0.19998890126732527,2.885305270917639e-05,0.7599997864148318,25,30,0
24,2649,0.039982459265133635,0.19998890126732527,2.8855086650158248e-05,0.7599997843808909,25,30,0
24,2650,0.039982459265133635,0.19827043425911636,0.0017473220948590776,0.7599997843808909,25,30,0
24,2651,0.039982459265133635,0.19827043425911636,0.0017473206827488383,0.7599997857930012,25,30,0
24,2652,0.039982459265133635,0.19827043425911636,0.001747436599468839,0.7599996698762811,25,30,0
24,2653,0.039982459265133635,0.19827043425911636,0.0017474657506442665,0.7599996407251058,25,30,0
24,2654,0.039982459265133635,0.19827043425911636,0.0017476289838814622,0.7599994774918685,25,30,0
24,2655,0.039982459265133635,0.19827043425911636,0.0021206181340758276,0.7596264883416742,25,30,0
24,2656,0.039982459265133635,0.19827043425911636,0.0017475130659356827,0.7599995934098144,25,30,0
24,2657,0.039982459265133635,0.19827043425911636,0.0017475136522364925,0.7599995928235137,25,30,0
24,2658,0.039982459265133635,0.19827043425911636,0.001747513661426822,0.7599995928143233,25,30,0
24,2659,0.039982459265133635,0.19827043425911636,0.0017475149686313205,0.7599995915071187,25,30,0
24,2660,0.03948104921520655,0.19827043425947122,0.0022489249877202053,0.7599995915376021,25,30,0
24,2661,0.03948104921520655,0.19998890110078194,0.0005304581464094995,0.7599995915376021,25,30,0
24,2662,0.03948104921520655,0.19998890110078194,0.0009035631789790558,0.7596264865050324,25,30,0
24,2663,0.03948104921520655,0.19998890110078194,0.0009035646390475868,0.7596264850449641,25,30,0
24,2664,0.03948104921520655,0.19999945649445253,0.0008930092454745124,0.7596264850448665,25,30,0
24,2665,0.03948104921520655,0.199998901455065,0.0008935642848603297,0.7596264850448682,25,30,0
24,2666,0.03948104921520655,0.199998901455065,0.0008935642762879239,0.7596264850534407,25,30,0
24,2667,0.03948104921520655,0.199998901455065,0.0008936801588481967,0.7596263691708803,25,30,0
24,2668,0.03948104921520655,0.199998901455065,0.0008936781341390697,0.7596263711955895,25,30,0
24,2669,0.03948104921520655,0.19999903729210358,0.0008935422971004819,0.7596263711955895,25,30,0
24,2670,0.03948104921520655,0.19999903729210358,0.0008935423221397536,0.7596263711705501,25,30,0
24,2671,0.03948104921520655,0.1999990340120962,0.0008935456021470991,0.7596263711705501,25,30,0
24,2672,0.03948104921520655,0.19999904062358007,0.0008935389906632485,0.7596263711705501,25,30,0
24,2673,0.03948104921520655,0.19999904062358007,0.0008933737594511057,0.7596265364017623,25,30,0
24,2674,0.03948104921520655,0.19999904062358007,0.0008934117202800844,0.7596264984409333,25,30,0
24,2675,0.03948104921520655,0.19999904062358007,0.0005203066520491576,0.7599996035091643,25,30,0
24,2676,0.03948104921520655,0.19999887451249188,0.0005204727631374376,0.7599996035091643,25,30,0
24,2677,0.03948104921520655,0.19999887451249188,0.000525174029859065,0.7599949022424426,25,30,0
24,2678,0.03997565709140621,0.19999887451213583,3.0566183984276895e-05,0.7599949022124737,25,30,0
24,2679,0.03997565709140621,0.19999887451213583,3.04836691791129e-05,0.7599949847272789,25,30,0
24,2680,0.03997565709140621,0.19999887451213583,3.0456551438811783e-05,0.7599950118450193,25,30,0
24,2681,0.03997565709140621,0.19999887451213583,3.0456001244382758e-05,0.7599950123952136,25,30,0
24,2682,0.03997565709140621,0.17470103313817162,0.025328297375172525,0.7599950123952495,25,30,0
24,2683,0.03997565709140621,0.17470103313817162,0.02532829536692087,0.7599950144035011,25,30,0
24,2684,0.03997565709140621,0.17470103313817162,0.025328295341528966,0.759995014428893,25,30,0
24,2685,0.03997565709140621,0.17470103313817162,0.025328335336614268,0.7599949744338077,25,30,0
24,2686,0.03997565709140621,0.17298242086707952,0.027046947602384686,0.7599949744391294,25,30,0
24,2687,0.03997565709140621,0.17298242086707952,0.027046947602527027,0.7599949744389872,25,30,0
24,2688,0.03997565709140621,0.17298242086707952,0.02704690765186152,0.7599950143896527,25,30,0
24,2689,0.03997565709140621,0.17298242086707952,0.02704690829352443,0.7599950137479898,25,30,0
24,2690,0.03997565709140621,0.17298242086707952,0.027046794408941102,0.759995127632573,25,30,0
24,2691,0.03997565709140621,0.17298242086707952,0.0270468748986409,0.7599950471428732,25,30,0
24,2692,0.03997565709144641,0.15841081564947723,0.041618480116220595,0.7599950471428554,25,30,0
24,2693,0.01892982538109553,0.15841081581534822,0.06266431003579469,0.7599950487677615,25,30,0
24,2694,0.01892982538109553,0.15841081581534822,0.06265963428534499,0.7599997245182112,25,30,0
24,2695,0.01892982538109553,0.15841081581534822,0.06265963227773615,0.75999972652582,25,30,0
24,2696,0.018929825381095534,0.15841081581534827,0.06266623851591675,0.7599931202876395,25,30,0
24,2697,0.018929825381095534,0.15841081581534827,0.06266623920384232,0.7599931195997139,25,30,0
24,2698,0.018929825381095534,0.15841081581534827,0.06266623918542623,0.7599931196181301,25,30,0
24,2699,0.018929825381095534,0.15841081581534827,0.06266623773967131,0.7599931210638848,25,30,0
24,2700,0.018929825381095534,0.15841081581534827,0.06266623974730239,0.7599931190562539,25,30,0
24,2701,0.018929825381095534,0.1601185652401763,0.060958490327794344,0.7599931190509339,25,30,0
24,2702,0.018929825381095534,0.1601185652401763,0.06095848974148493,0.7599931196372433,25,30,0
24,2703,0.0007901446089168075,0.16011861052136184,0.07909189792000461,0.7599993469497167,25,30,0
24,2704,0.0007901446089168075,0.16011861052136184,0.07909187037084547,0.7599993744988758,25,30,0
24,2705,0.0007901446089168075,0.16011861052136184,0.07909187240246637,0.7599993724672549,25,30,0
24,2706,0.00135096203318482,0.16011856575578284,0.07853732868221328,0.759993143528819,25,30,0
24,2707,0.00135096203318482,0.16011856575578284,0.07853732918156926,0.7599931430294631,25,30,0
24,2708,0.00135096203318482,0.16011856575578284,0.07853732698174648,0.7599931452292857,25,30,0
24,2709,0.00135096203318482,0.16011856575578284,0.07853732759300638,0.7599931446180257,25,30,0
24,2710,0.00135096203318482,0.16011856575578284,0.07853732898774309,0.7599931432232891,25,30,0
24,2711,0.00135096203318482,0.16011856575578284,0.0785373269540922,0.7599931452569401,25,30,0
24,2712,0.00135096203318482,0.16011856575578284,0.07853732555165222,0.75999314665938,25,30,0
24,2713,0.00135096203318482,0.16011856575578284,0.07853740805118574,0.7599930641598464,25,30,0
24,2714,0.00135096203318482,0.16011856575578284,0.07853732756116223,0.75999314464987,25,30,0
24,2715,0.00135096203318482,0.1601191273479892,0.07853676596895762,0.7599931446498682,25,30,0
24,2716,0.00135096203318482,0.1601191273479892,0.07853676600449708,0.7599931446143289,25,30,0
24,2717,0.00135096203318482,0.16009671360072747,0.0785591797517588,0.7599931446143289,25,30,0
24,2718,0.00135096203318482,0.16009671360072747,0.07855926177643784,0.7599930625896498,25,30,0
24,2719,0.00135096203318482,0.16009671360072747,0.0785592617764379,0.7599930625896498,25,30,0
24,2720,0.00135096203318482,0.16009671360073177,0.07856146544339873,0.7599908589226846,25,30,0
24,2721,0.00135096203318482,0.16009671360073185,0.07856149523625816,0.759990829129825,25,30,0
24,2722,0.00135096203318482,0.16009671360073185,0.0785614932044354,0.7599908311616478,25,30,0
24,2723,0.00135096203318482,0.16009671360073185,0.07856149253779393,0.7599908318282893,25,30,0
24,2724,0.00135096203318482,0.16009671360073185,0.07856149396037057,0.7599908304057128,25,30,0
24,2725,0.00135096203318482,0.16009671360073185,0.07856149537268495,0.7599908289933984,25,30,0
24,2726,0.00135096203318482,0.16009671360073185,0.07856141288458054,0.7599909114815027,25,30,0
24,2727,0.00135096203318482,0.16009671360073185,0.07856141288458823,0.759990911481495,25,30,0
24,2728,0.0013509620331848189,0.16009671360073177,0.07855480662032716,0.7599975177457563,25,30,0
24,2729,0.0013509620331848189,0.16011912752766888,0.07853239269339003,0.7599975177457563,25,30,0
24,2730,0.0013509620331848189,0.16011912752766888,0.07853239268149008,0.7599975177576563,25,30,0
24,2731,0.0013509620331848189,0.16011912752766888,0.07853239217125559,0.7599975182678907,25,30,0
24,2732,0.0013509620331848189,0.16011912752766888,0.07853467172911666,0.7599952387100298,25,30,0
24,2733,0.0013509620331848377,0.1313590495123154,0.10729474974290758,0.7599952387115922,25,30,0
24,2734,0.0013509620331848377,0.1313590495123154,0.10729475116528507,0.7599952372892147,25,30,0
24,2735,0.0013509620331848377,0.1313590495123154,0.10742427317576125,0.7598657152787386,25,30,0
24,2736,0.0013509620331848377,0.1313590495123154,0.10742427315121691,0.759865715303283,25,30,0
24,2737,0.001351217660699466,0.1312290556642931,0.10754735121569196,0.7598723754593155,25,30,0
24,2738,0.001351217660699466,0.1312290556642931,0.10754735194211733,0.7598723747328902,25,30,0
24,2739,0.001351217660699466,0.1312290556642931,0.10754743396570152,0.759872292709306,25,30,0
24,2740,0.001351217660699466,0.1312290556642931,0.10754747398532301,0.7598722526896846,25,30,0
24,2741,0.001351217660699466,0.1312290556642931,0.10754519442594392,0.7598745322490637,25,30,0
24,2742,0.001351217660699466,0.13122905566428883,0.10754301827154004,0.7598767084034718,25,30,0
24,2743,0.001351217660699466,0.13122905566428883,0.10754304467530383,0.759876681999708,25,30,0
24,2744,0.001351217660699466,0.13122905566428883,0.10754304612264316,0.7598766805523687,25,30,0
24,2745,2.556276042961174e-07,0.1312290549765496,0.10889400877129216,0.7598766806245543,25,30,0
24,2746,2.556276042961174e-07,0.1312290549765496,0.10889389491254825,0.7598767944832981,25,30,0
24,2747,2.556276042961174e-07,0.1312290549765496,0.10889397740058972,0.7598767119952566,25,30,0
24,2748,2.556276042961174e-07,0.1312290549765496,0.10889397798707373,0.7598767114087726,25,30,0
24,2749,2.556276042961174e-07,0.1299903228649125,0.1101327100987109,0.7598767114087727,25,30,0
24,2750,2.556276042961174e-07,0.1299903228649125,0.11013267007908946,0.7598767514283941,25,30,0
24,2751,2.5562760427871477e-07,0.11875065433216486,0.12137233861339969,0.7598767514268316,25,30,0
24,2752,2.5562760427871477e-07,0.11875065433216486,0.12137233800275532,0.759876752037476,25,30,0
24,2753,2.5562760427871477e-07,0.11875065433216486,0.1213723095296502,0.7598767805105812,25,30,0
24,2754,2.5562760427871477e-07,0.11876096550350206,0.12136199835831475,0.7598767805105794,25,30,0
24,2755,2.5562760427871477e-07,0.11872964913186816,0.12139331472439246,0.7598767805161356,25,30,0
24,2756,2.5562760427871477e-07,0.11872964913186809,0.1213977272525029,0.7598723679880252,25,30,0
24,2757,2.5562760427871477e-07,0.11872964913186809,0.12152722223808235,0.7597428730024457,25,30,0
24,2758,5.21610732324946e-07,0.11872964913186586,0.12153361229773343,0.7597362169596689,25,30,0
24,2759,5.21610732324946e-07,0.11872964913186586,0.12153356976882018,0.7597362594885821,25,30,0
24,2760,5.21610732324946e-07,0.11872964913186586,0.12153356928159882,0.7597362599758034,25,30,0
24,2761,5.21610732324946e-07,0.11872964913186586,0.121533529287737,0.7597362999696652,25,30,0
24,2762,5.21610732324946e-07,0.11872964913186586,0.12153352783995226,0.7597363014174501,25,30,0
24,2763,5.21610732324946e-07,0.11876152024439797,0.12150165673297629,0.7597363014118939,25,30,0
24,2764,5.21610732324946e-07,0.11876152024439797,0.12150173924424293,0.7597362189006273,25,30,0
24,2765,5.21610732324946e-07,0.11876152024439797,0.12150173782138537,0.7597362203234849,25,30,0
24,2766,5.21610732324946e-07,0.1187615205774074,0.12150173748837595,0.7597362203234849,25,30,0
24,2767,5.21610732324946e-07,0.1187615205774074,0.12150173893508966,0.7597362188767711,25,30,0
24,2768,5.21610732326319e-07,0.11876126741971901,0.1215007855616562,0.759737425407893,25,30,0
24,2769,5.21610732326319e-07,0.11876126741971901,0.12150078555268451,0.7597374254168646,25,30,0
24,2770,5.21610732326319e-07,0.11876126741971901,0.12150074557034894,0.7597374653992002,25,30,0
24,2771,5.21610732326319e-07,0.11876071505112419,0.12150129793894385,0.7597374653992002,25,30,0
24,2772,5.21610732326319e-07,0.11876071505112419,0.12137177448196722,0.7598669888561767,25,30,0
24,2773,5.21610732326319e-07,0.11876071505112419,0.12137177247309472,0.7598669908650492,25,30,0
24,2774,5.21610732326319e-07,0.11876071505112419,0.12137188839027838,0.7598668749478655,25,30,0
24,2775,5.21610732326319e-07,0.11876071505112419,0.12137180731447585,0.759866956023668,25,30,0
24,2776,5.21610732326319e-07,0.11876071505112419,0.12137400438413999,0.7598647589540038,25,30,0
24,2777,5.21610732326319e-07,0.11876071505112419,0.12137400443387891,0.7598647589042649,25,30,0
24,2778,5.21610732326319e-07,0.11876071505112419,0.12137175333900103,0.7598670099991428,25,30,0
24,2779,5.21610732326319e-07,0.11876071505112419,0.12137186723350864,0.7598668961046353,25,30,0
24,2780,5.21610732326319e-07,0.11876071484138107,0.12137186744325178,0.7598668961046353,25,30,0
24,2781,5.21610732326319e-07,0.11876057892709804,0.12137200335753479,0.7598668961046353,25,30,0
24,2782,5.21610732326319e-07,0.11876057892709804,0.1213720858804921,0.759866813581678,25,30,0
24,2783,5.21610732326319e-07,0.11876057892709804,0.12137208517004722,0.7598668142921228,25,30,0
24,2784,5.21610732326319e-07,0.11876057892709804,0.12137641228717967,0.7598624871749904,25,30,0
24,2785,5.21610732326319e-07,0.11876057892709804,0.12137641209531651,0.7598624873668537,25,30,0
24,2786,5.21610732326319e-07,0.11876057892709804,0.12137641141967231,0.7598624880424978,25,30,0
24,2787,5.21610732326319e-07,0.11876057892709804,0.12137649534452753,0.7598624041176426,25,30,0
24,2788,5.21610732326319e-07,0.11996783407463378,0.12016924019699181,0.7598624041176427,25,30,0
24,2789,5.21610732326319e-07,0.11996783407463378,0.1201647996952626,0.7598668446193719,25,30,0
24,2790,5.21610732326319e-07,0.11996783407463378,0.1201647986104605,0.759866845704174,25,30,0
24,2791,5.216107323263233e-07,0.11996783407463378,0.12016704970647892,0.7598645946081555,25,30,0
24,2792,5.216107323263233e-07,0.11996783407463378,0.12016704917190597,0.7598645951427285,25,30,0
24,2793,5.216107323263233e-07,0.11996783407463378,0.1201693287036129,0.7598623156110216,25,30,0
24,2794,5.216107323249493e-07,0.11996808704506659,0.12016907617181946,0.759862315172382,25,30,0
24,2795,5.216107323249493e-07,0.11996808704506659,0.12016907615950545,0.7598623151846959,25,30,0
24,2796,5.216107323249493e-07,0.11996808704506659,0.1201690776066569,0.7598623137375445,25,30,0
24,2797,5.216107323249493e-07,0.11996808704506659,0.12016919352276637,0.759862197821435,25,30,0
24,2798,5.216107323249493e-07,0.11996808704506659,0.12016919358339843,0.759862197760803,25,30,0
24,2799,5.216107323249493e-07,0.11996849446443945,0.12016878616402388,0.7598621977608048,25,30,0
24,2800,5.216107323249493e-07,0.11996849446443945,0.12016890063403768,0.7598620832907909,25,30,0
24,2801,5.216107323249493e-07,0.11996849446443945,0.12016881955761896,0.7598621643672097,25,30,0
24,2802,5.216107323249493e-07,0.11996849446443945,0.1201688195922017,0.7598621643326269,25,30,0
24,2803,5.217712889759902e-07,0.11996849446444885,0.12016881950129049,0.7598621642629722,25,30,0
24,2804,5.217712889759902e-07,0.11996849446444885,0.1201754257097873,0.7598555580544755,25,30,0
24,2805,5.217712889759902e-07,0.11996849446444885,0.1201709841226266,0.7598599996416362,25,30,0
24,2806,5.217712889759902e-07,0.11999223524147283,0.12014724334560256,0.7598599996416362,25,30,0
24,2807,5.217712889759902e-07,0.11999223524147283,0.1201471615247521,0.7598600814624865,25,30,0
24,2808,5.217712889851105e-07,0.11999223525054652,0.13411737686168887,0.745889866116476,25,30,0
24,2809,5.217712889899601e-07,0.1199922352414729,0.12027660194224365,0.7597306410449949,25,30,0
24,2810,5.217785321717682e-07,0.11999210873279165,0.12027792396156502,0.7597294455271119,25,30,0
24,2811,5.21778532172014e-07,0.11999210873279165,0.12027800779781568,0.7597293616908612,25,30,0
24,2812,5.217785321720139e-07,0.11999210873279165,0.12027789387835225,0.7597294756103246,25,30,0
24,2813,5.217785321720097e-07,0.11999210873279165,0.12027561430983483,0.7597317551788421,25,30,0
24,2814,5.217785321720097e-07,0.11999210873279165,0.12027561489615073,0.7597317545925261,25,30,0
24,2815,5.217785321720097e-07,0.11999210873279165,0.12028020228786618,0.7597271672008106,25,30,0
24,2816,5.217785321720097e-07,0.11999166051798812,0.12028065050266973,0.7597271672008106,25,30,0
24,2817,5.217785321720097e-07,0.11999166051798812,0.1202805360328715,0.7597272816706087,25,30,0
24,2818,5.306174717032579e-07,0.11999166051797866,0.120280527196473,0.7597272816680772,25,30,0
24,2819,5.306174717032579e-07,0.11999166051797866,0.12015100373759913,0.7598568051269511,25,30,0
24,2820,5.30617471689288e-07,0.11999166051797859,0.12002147934551345,0.7599863295190368,25,30,0
24,2821,5.30617471689288e-07,0.11999166051797859,0.1200214793224382,0.759986329542112,25,30,0
24,2822,5.30617471689288e-07,0.11999166051797859,0.12002148133090071,0.7599863275336495,25,30,0
24,2823,5.30617471689288e-07,0.11999166051797859,0.12002148135567561,0.7599863275088745,25,30,0
24,2824,5.216207931607084e-07,0.11999166051797867,0.12002149034982176,0.7599863275114067,25,30,0
24,2825,5.216207931607084e-07,0.11999166051797867,0.12002157288315045,0.7599862449780781,25,30,0
24,2826,5.216207931607084e-07,0.11999166051797867,0.12001686961806982,0.7599909482431586,25,30,0
24,2827,5.219012146345862e-07,0.11999166122924329,0.11938905860745645,0.7606187582620856,25,30,0
24,2828,5.219012146345862e-07,0.11999166122924329,0.11938905715994762,0.7606187597095942,25,30,0
24,2829,5.219012146345862e-07,0.11999166122924329,0.11938715421796936,0.7606206626515726,25,30,0
24,2830,5.220929453191702e-07,0.11999166122924321,0.11938715813946849,0.7606206585383432,25,30,0
24,2831,5.220929453191702e-07,0.11999166122924321,0.11938719812182291,0.7606206185559885,25,30,0
24,2832,5.220929453191702e-07,0.11999166122924321,0.11938731256659336,0.7606205041112182,25,30,0
24,2833,5.220929453191702e-07,0.11999166122924321,0.11938261141538833,0.760625205262423,25,30,0
24,2834,5.220929453191702e-07,0.11999166122924321,0.1193824969808967,0.7606253196969148,25,30,0
24,2835,5.220929453191702e-07,0.11999166122924321,0.11938253950936305,0.7606252771684484,25,30,0
24,2836,5.220929453191702e-07,0.11999166122924321,0.11938253950954339,0.7606252771682682,25,30,0
24,2837,5.220929453191702e-07,0.11999166122924321,0.11938254149876387,0.7606252751790477,25,30,0
24,2838,5.220929453189243e-07,0.11999166122924321,0.11947475327080463,0.760533063407007,25,30,0
24,2839,5.309692039479756e-07,0.11999166051798783,0.12010255101270724,0.7599052575001012,25,30,0
24,2840,5.309692039479756e-07,0.11999166051798783,0.12010255307933075,0.7599052554334778,25,30,0
24,2841,1.0525668548547508e-06,0.11999166051824861,0.12010203559592775,0.7599052513189691,25,30,0
24,2842,1.0525668548547508e-06,0.11999166051824861,0.12010203559530509,0.7599052513195917,25,30,0
24,2843,1.0525668548547508e-06,0.11999166051824861,0.1201020354044103,0.7599052515104866,25,30,0
24,2844,1.0525668548547508e-06,0.11999166051824861,0.12009986693229166,0.7599074199826054,25,30,0
24,2845,1.0525668548547508e-06,0.11999166051824861,0.12009994946608148,0.7599073374488156,25,30,0
24,2846,1.0525668548547508e-06,0.11999166051824861,0.1200999880134098,0.7599072989014872,25,30,0
24,2847,1.0525596152915744e-06,0.12000323524153785,0.12008842387195934,0.7599072883268879,25,30,0
24,2848,1.0525596152915744e-06,0.12000381920350632,0.12008783990999092,0.7599072883268879,25,30,0
24,2849,1.0525596152915744e-06,0.12000381920350632,0.12008783991042997,0.7599072883264489,25,30,0
24,2850,1.0525596152915744e-06,0.12000381920350632,0.12008783829677538,0.7599072899401036,25,30,0
24,2851,1.0525596152915744e-06,0.12001154586280775,0.120080111637474,0.7599072899401036,25,30,0
24,2852,1.0525596152915744e-06,0.12001154586280775,0.12008011367064533,0.7599072879069321,25,30,0
24,2853,1.0525596152915744e-06,0.12001168149301338,0.12007997804044138,0.7599072879069304,25,30,0
24,2854,1.0525596152915744e-06,0.12001168149301338,0.12007997604276245,0.7599072899046093,25,30,0
24,2855,1.0525596152915744e-06,0.12001168149301338,0.12007994898178176,0.7599073169655901,25,30,0
24,2856,1.0525596152915744e-06,0.12001168149301338,0.120079909486394,0.7599073564609777,25,30,0
24,2857,1.0525596152915744e-06,0.12001168149301338,0.12007979839095118,0.7599074675564207,25,30,0
24,2858,1.0525596152915744e-06,0.12001168149301338,0.12007974289321148,0.7599075230541604,25,30,0
24,2859,1.0525596152915744e-06,0.12001168149301338,0.1200797808543852,0.7599074850929866,25,30,0
24,2860,1.0525596152915744e-06,0.12001168149301338,0.12007978138852106,0.7599074845588505,25,30,0
24,2861,1.0525596116715703e-06,0.11999998919077685,0.12009147369076116,0.7599074845588505,25,30,0
24,2862,1.0525596116715703e-06,0.11999998919077685,0.1200914717078983,0.7599074865417134,25,30,0
24,2863,1.0525596116715703e-06,0.11999925566313785,0.12009220523553737,0.7599074865417134,25,30,0
24,2864,1.0525596116715705e-06,0.11999925566313792,0.1200938261269776,0.759905865650273,25,30,0
24,2865,1.0525596116715705e-06,0.11999925566313792,0.12009382561677093,0.7599058661604797,25,30,0
24,2866,1.0525596116715705e-06,0.11999925566313792,0.12009382560605537,0.7599058661711954,25,30,0
24,2867,1.0525596116715705e-06,0.11999925566313792,0.12009374308354678,0.7599059486937039,25,30,0
24,2868,1.0525596116715705e-06,0.11999925566313792,0.12009374258417253,0.7599059491930781,25,30,0
24,2869,1.0525596116715705e-06,0.11999925566313792,0.12009536547295242,0.7599043263042983,25,30,0
24,2870,1.0525596116715705e-06,0.11999925566313792,0.12009536687039446,0.7599043249068561,25,30,0
24,2871,1.0525596116715705e-06,0.11999925566313792,0.12009536489780998,0.7599043268794407,25,30,0
24,2872,1.0525596116715705e-06,0.11999925566313792,0.12009374200931411,0.7599059497679365,25,30,0
24,2873,1.0525596116715705e-06,0.11999925566313792,0.12009366089819046,0.7599060308790601,25,30,0
24,2874,1.0525596116715705e-06,0.11999926523702265,0.12009365132430572,0.7599060308790601,25,30,0
24,2875,1.0525596116715705e-06,0.11999926523702265,0.12009364987696286,0.759906032326403,25,30,0
24,2876,1.0525596116715705e-06,0.11999926523702265,0.1200937657941283,0.7599059164092375,25,30,0
24,2877,1.0525596116715705e-06,0.11999926523702265,0.12009376529505539,0.7599059169083106,25,30,0
24,2878,1.0525596116715705e-06,0.11999926523702265,0.12009380526582321,0.7599058769375426,25,30,0
24,2879,1.0525596116715705e-06,0.11999926523702265,0.12009380672235649,0.7599058754810092,25,30,0
24,2880,1.0525596116715705e-06,0.1199992651171886,0.12009380684219054,0.7599058754810092,25,30,0
24,2881,1.0525596116715705e-06,0.1199992651171886,0.12009380542987165,0.7599058768933279,25,30,0
24,2882,0.039492141196024434,0.11999926511713743,0.08060271679302806,0.7599058768938101,25,30,0
24,2883,0.039492141196024434,0.11999926511713743,0.08060260091091802,0.75990599277592,25,30,0
24,2884,0.039492141196024434,0.11999926511713743,0.08060260186001952,0.7599059918268185,25,30,0
24,2885,0.039492141196024434,0.11999926511713743,0.08060260041224959,0.7599059932745882,25,30,0
24,2886,0.039492141196024434,0.1199988719590326,0.08060299357035446,0.7599059932745882,25,30,0
24,2887,0.039492141196024434,0.1199988719590326,0.08060299309560028,0.7599059937493425,25,30,0
24,2888,0.039492141196024434,0.11999887195903268,0.08060310901842971,0.7599058778265131,25,30,0
24,2889,0.039492141196024434,0.11999887195903268,0.08060310901922838,0.7599058778257143,25,30,0
24,2890,0.03997805686558742,0.11999887195881566,0.08011719335040922,0.7599058778251875,25,30,0
24,2891,0.03997805686558742,0.11999831925517608,0.08011774605404881,0.7599058778251875,25,30,0
24,2892,0.03997805686558742,0.11999831925517608,0.08011774749000371,0.7599058763892327,25,30,0
24,2893,0.03997805686558742,0.11999831925517601,0.08011612601310446,0.7599074978661321,25,30,0
24,2894,0.03997805686558742,0.11999831925517601,0.08011612604974258,0.7599074978294937,25,30,0
24,2895,0.03997805686558742,0.11999831925517601,0.0801227322964801,0.7599008915827562,25,30,0
24,2896,0.03787497774022089,0.11999833760454845,0.08194679352359718,0.7601798911316332,25,30,0
24,2897,0.037874977740220965,0.11999858203366742,0.08194654909447605,0.7601798911316352,25,30,0
24,2898,0.006293042107117327,0.12014942878129309,0.11364423971892247,0.7599132893926668,25,30,0
24,2899,0.006293042107117327,0.12014942878129309,0.11364423944588228,0.759913289665707,25,30,0
24,2900,0.006293042107117327,0.12014942878129309,0.11355194447817919,0.7600055846334101,25,30,0
24,2901,0.006293042107117327,0.12014942878129309,0.11355194581015356,0.7600055833014357,25,30,0
24,2902,0.006293042107117327,0.12014942878129309,0.11355190581504652,0.7600056232965429,25,30,0
24,2903,0.006293042107117327,0.12015016231187904,0.1135511722844606,0.7600056232965429,25,30,0
24,2904,0.006293042075850446,0.12015016231188852,0.1135511723157172,0.7600056232965438,25,30,0
24,2905,0.006293042075850446,0.12015016231188852,0.11355117231479951,0.7600056232974615,25,30,0
24,2906,0.006293042075850446,0.12015016231188852,0.11355117174124003,0.7600056238710209,25,30,0
24,2907,0.006293042075850446,0.12015016231188852,0.11355113178014024,0.7600056638321206,25,30,0
24,2908,0.006293042075850368,0.12016406299906514,0.11353723109296605,0.7600056638321186,25,30,0
24,2909,0.006293042075850368,0.12016406299906514,0.11353723110280545,0.7600056638222793,25,30,0
24,2910,0.006293042133727953,0.12014990899996526,0.11355138504402774,0.7600056638222793,25,30,0
24,2911,0.006293042133727953,0.12014990899996526,0.11355138554419839,0.7600056633221086,25,30,0
24,2912,0.006293042133727953,0.12014990899996526,0.11355138612131153,0.7600056627449955,25,30,0
24,2913,0.006293042133727953,0.12014990899996526,0.11355138517349228,0.7600056636928147,25,30,0
24,2914,0.006293042133727953,0.12014990899996526,0.11355300600786895,0.7600040428584383,25,30,0
24,2915,0.006293042133727953,0.12012804756334233,0.11357486744449197,0.7600040428584383,25,30,0
24,2916,0.006293042133727953,0.12012804756334233,0.11357486945108032,0.7600040408518499,25,30,0
24,2917,0.006293042133727953,0.11843199469380984,0.11527092232061278,0.7600040408518499,25,30,0
24,2918,0.006293042133727953,0.11843199469380984,0.11527092228646403,0.7600040408859988,25,30,0
24,2919,0.006293042133727953,0.11843199469380984,0.11526431803769256,0.7600106451347702,25,30,0
24,2920,0.006293042133727953,0.11843199469380984,0.11526431861186705,0.7600106445605959,25,30,0
24,2921,0.006293042133727953,0.11843199469380984,0.1152643186118563,0.7600106445606065,25,30,0
24,2922,0.006293042133727953,0.11843199469380984,0.11526443249600382,0.7600105306764589,25,30,0
24,2923,0.006293042133727953,0.12015045191996002,0.11354597526985363,0.7600105306764589,25,30,0
24,2924,0.006293042133727953,0.12015045191996002,0.11354597527047114,0.7600105306758412,25,30,0
24,2925,0.006293042133727953,0.12015045191995995,0.1135458613809435,0.7600106445653689,25,30,0
24,2926,0.006292520368098828,0.12015045191995047,0.1135332973984372,0.7600237303135137,25,30,0
24,2927,0.006292520368098828,0.12015084298755697,0.11353290633083066,0.7600237303135137,25,30,0
24,2928,0.006292520368098828,0.12015030002577973,0.11353344929260793,0.7600237303135137,25,30,0
24,2929,0.006292520368098828,0.12015030002577973,0.11353344929114219,0.7600237303149794,25,30,0
24,2930,0.00629252031022124,0.12015030018164202,0.11353344919315748,0.7600237303149794,25,30,0
24,2931,0.00629252031022124,0.12015030018164202,0.11353194220905977,0.7600252372990771,25,30,0
24,2932,0.00629252031022124,0.12015030018164202,0.1135320586298134,0.7600251208783234,25,30,0
24,2933,0.00629252031022124,0.1201357763826561,0.11354658242879964,0.7600251208783235,25,30,0
24,2934,0.00629252031022124,0.12013577638265618,0.11355318866441476,0.7600185146427083,25,30,0
24,2935,0.00629252031022124,0.1201357763826561,0.11354666491467771,0.7600250383924454,25,30,0
24,2936,0.00629252031022124,0.1201357763826561,0.11354666291670842,0.7600250403904147,25,30,0
24,2937,0.00629252031022124,0.1201357763826561,0.11354677680023795,0.7600249265068851,25,30,0
24,2938,0.00629252031022124,0.1201357763826561,0.11354669431457573,0.7600250089925473,25,30,0
24,2939,0.00629252031022124,0.1201357763826561,0.1135466943502401,0.7600250089568829,25,30,0
24,2940,0.00629252031022124,0.1201357763826561,0.1135466938762919,0.7600250094308311,25,30,0
24,2941,0.00629252031022124,0.11952569781847028,0.11415677244047767,0.7600250094308311,25,30,0
24,2942,0.00629252031022124,0.11954077189053763,0.11414169836841037,0.7600250094308311,25,30,0
24,2943,0.00629252031022124,0.11954077189053763,0.11414169830818494,0.7600250094910566,25,30,0
24,2944,0.00629252031022124,0.11954077189053763,0.11414169828403126,0.7600250095152101,25,30,0
24,2945,0.00629252031022124,0.11954077189053763,0.11423387803612385,0.7599328297631176,25,30,0
24,2946,0.00629252031022124,0.11954077189053763,0.11423387849773739,0.7599328293015042,25,30,0
24,2947,0.00629252031022124,0.11954077189053763,0.11423387908297801,0.7599328287162633,25,30,0
24,2948,0.00629252031022124,0.11954077189053763,0.11423387838215056,0.7599328294170908,25,30,0
24,2949,0.00629252031022124,0.11954077189053763,0.11423399379997598,0.7599327139992654,25,30,0
24,2950,0.006292520310470846,0.11954102006302912,0.11423374562723466,0.7599327139992654,25,30,0
24,2951,0.006292520310470846,0.12015109193644456,0.11362367375381922,0.7599327139992654,25,30,0
24,2952,0.006292520310470846,0.12015110151119603,0.11362366417906777,0.7599327139992654,25,30,0
24,2953,0.006292520310470846,0.12015110151119603,0.11362366415259503,0.7599327140257383,25,30,0
24,2954,0.006292520310470846,0.12015110151120031,0.11362380854802004,0.7599325696303089,25,30,0
24,2955,0.006292520310470846,0.12015110151120031,0.11353155287367019,0.7600248253046586,25,30,0
24,2956,0.006292520310470846,0.12015110151120027,0.11390451387706348,0.7596518643012655,25,30,0
24,2957,0.006292520310470846,0.12015110151120027,0.11390451387644854,0.7596518643018804,25,30,0
24,2958,0.006292520310470846,0.12015110151119603,0.11353140851268241,0.7600249696656508,25,30,0
24,2959,0.006292520310470846,0.12015110151119603,0.11353140993709272,0.7600249682412403,25,30,0
24,2960,1.0081402232554291e-10,0.12107829002730959,0.11890913895363109,0.7600125709182453,25,30,0
24,2961,1.0081402232554291e-10,0.12107829002730959,0.11890902303600008,0.7600126868358764,25,30,0
24,2962,1.0432334679151522e-06,0.12107829005757403,0.11892106554658416,0.7599996011623744,25,30,0
24,2963,1.0432334679151522e-06,0.12107829005757403,0.1189210655965339,0.7599996011124246,25,30,0
24,2964,1.0432334679151522e-06,0.12107829005757403,0.11892111908670908,0.7599995476222494,25,30,0
24,2965,1.0432334679151522e-06,0.12104681990779442,0.11895258923648697,0.7599995476222512,25,30,0
24,2966,1.0432334679151522e-06,0.12104681990779442,0.1189525899627047,0.7599995468960333,25,30,0
24,2967,1.0432334679151522e-06,0.12104681990779442,0.11895259141359521,0.7599995454451428,25,30,0
24,2968,1.0432334679151522e-06,0.12104681990779442,0.11895263137258535,0.7599995054861526,25,30,0
24,2969,1.0432334679151522e-06,0.12104681990779442,0.11895262991453133,0.7599995069442066,25,30,0
24,2970,1.0432334679151522e-06,0.12104681990779442,0.11895251544452291,0.759999621414215,25,30,0
24,2971,1.0432474407614997e-06,0.12106072557832738,0.11893860976001706,0.759999621414215,25,30,0
24,2972,1.0432474407614997e-06,0.12109220257876663,0.11890713275957948,0.7599996214142132,25,30,0
24,2973,1.0432474407614997e-06,0.1210920142749205,0.11890732106342564,0.7599996214142132,25,30,0
24,2974,1.0432474407614997e-06,0.12109201427492058,0.11890740358385607,0.7599995388937829,25,30,0
24,2975,2.971007403639297e-05,0.12109201424465628,0.11887873268113777,0.7599995430001699,25,30,0
24,2976,2.9710074036392978e-05,0.12109201424465628,0.11887880921589074,0.7599994664654168,25,30,0
24,2977,2.9710074036392978e-05,0.12109201424465628,0.1188819709167255,0.7599963047645819,25,30,0
24,2978,2.9710367302389125e-05,0.12109201425952486,0.11888197464795304,0.7599963007252198,25,30,0
24,2979,1.1490461529550693e-10,0.12109201424465628,0.11891168505566578,0.7599963005847736,25,30,0
24,2980,1.1490461529550693e-10,0.12109201424465621,0.11891160252661753,0.7599963831138219,25,30,0
24,2981,1.1490461529550693e-10,0.12109201424465621,0.1189116835903165,0.7599963020501228,25,30,0
24,2982,1.1490461529550693e-10,0.12109201424465621,0.11891156817205344,0.7599964174683858,25,30,0
24,2983,1.1490461529550693e-10,0.12109201424465621,0.1189115681716681,0.759996417468771,25,30,0
24,2984,1.1490461529550704e-10,0.12109201424465621,0.11891159805903694,0.7599963875814023,25,30,0
24,2985,1.1490461531276199e-10,0.12109201424465621,0.11891159997620605,0.7599963856642331,25,30,0
24,2986,1.1490461531276202e-10,0.12109201424465621,0.11891164092321488,0.7599963447172243,25,30,0
24,2987,1.1490461529550705e-10,0.12109201424465621,0.11891163898104186,0.7599963466593974,25,30,0
24,2988,1.006824760307821e-10,0.12107811346923421,0.11892553976416688,0.7599963466659164,25,30,0
24,2989,1.006824760307821e-10,0.12107811346923421,0.11892777936202276,0.7599941070680606,25,30,0
24,2990,1.006824760307821e-10,0.12107811346923421,0.11892777936263753,0.7599941070674457,25,30,0
24,2991,1.0068247603078199e-10,0.12107811346923421,0.1189277494404817,0.7599941369896015,25,30,0
24,2992,1.0068247603078191e-10,0.12107811346923421,0.11892774874910073,0.7599941376809827,25,30,0
24,2993,1.0068247603078191e-10,0.12107811346923421,0.11892774876186862,0.7599941376682148,25,30,0
24,2994,1.0068247603078191e-10,0.12107811346923421,0.11892774876160306,0.7599941376684803,25,30,0
24,2995,5.635730985105069e-12,0.1200000721167233,0.12000579069607456,0.7599941371815667,25,30,0
24,2996,5.63573098510514e-12,0.1200000721167233,0.12000578924478678,0.7599941386328544,25,30,0
24,2997,5.635730989418877e-12,0.1200000721167233,0.12000578927083852,0.7599941386068026,25,30,0
24,2998,5.635730989413567e-12,0.1200000721167233,0.12000573519480058,0.7599941926828406,25,30,0
24,2999,5.635730989413568e-12,0.1200000721167233,0.1200057352035641,0.759994192674077,25,30,0
24,3000,5.6357309850998345e-12,0.1200000721167233,0.12000565722165966,0.7599942706559816,25,30,0
24,3001,5.635730985099835e-12,0.1200000721167233,0.12000565870386713,0.7599942691737741,25,30,0
24,3002,5.6357309850998345e-12,0.1200000721167233,0.12000557618114756,0.7599943516964935,25,30,0
24,3003,5.635730985402553e-12,0.1200000721167233,0.1200055756213004,0.7599943522563407,25,30,0
24,3004,5.635730985402553e-12,0.1200000721167233,0.12000557562085498,0.7599943522567861,25,30,0
24,3005,5.635730985402553e-12,0.1200000721167233,0.12000557562083665,0.7599943522568045,25,30,0
24,3006,5.63573098576337e-12,0.11999979799169833,0.12000584974586165,0.7599943522568045,25,30,0
24,3007,5.6357309857633674e-12,0.11999979799169833,0.12000585029649385,0.7599943517061724,25,30,0
24,3008,0.000816310681089135,0.11999979799169826,0.11918953962228546,0.7599943517049271,25,30,0
24,3009,0.000816310681089135,0.11999979799169826,0.11918641645647914,0.7599974748707335,25,30,0
24,3010,0.000816310681089135,0.11999979799169826,0.11918644345576529,0.7599974478714473,25,30,0
24,3011,0.0008163106810928317,0.11999954476820994,0.11572490959914486,0.7634592349515528,25,30,0
24,3012,8.999521697386772e-09,0.11999954476847093,0.11654121128045448,0.7634592349515532,25,30,0
24,3013,8.999521697386772e-09,0.11999954476847093,0.11654121272823911,0.7634592335037687,25,30,0
24,3014,8.999521697386772e-09,0.11999954476847093,0.11654121128106043,0.7634592349509473,25,30,0
24,3015,8.999521697386774e-09,0.11999954476847093,0.11654121084275582,0.7634592353892518,25,30,0
24,3016,8.999521697382459e-09,0.11999954476847093,0.1165411728806428,0.7634592733513648,25,30,0
24,3017,8.99952169738246e-09,0.11999954476847093,0.11654117485372423,0.7634592713782834,25,30,0
24,3018,8.999517724561417e-09,0.1199996652986521,0.11813578978095561,0.7618645359208749,25,30,0
24,3019,8.999517724561417e-09,0.1199996652986521,0.11813576134416147,0.761864564357669,25,30,0
24,3020,8.999517724561417e-09,0.1199996652986521,0.11813564495886512,0.7618646807429653,25,30,0
24,3021,9.000861677935213e-09,0.12108579017205151,0.1170495200841219,0.7618646807429653,25,30,0
24,3022,9.000861677935213e-09,0.12108579017205151,0.11705114298494727,0.7618630578421398,25,30,0
24,3023,9.000861677935212e-09,0.12108579017205151,0.11705114099508698,0.7618630598320002,25,30,0
24,3024,9.000861677935514e-09,0.12108579017205151,0.11705122347508339,0.7618629773520038,25,30,0
24,3025,9.00086167793552e-09,0.12108579017205151,0.11704894594073516,0.7618652548863519,25,30,0
24,3026,9.00086167793552e-09,0.12108579017205151,0.11704894593217662,0.7618652548949106,25,30,0
24,3027,9.000861677935595e-09,0.12108579017205151,0.11704956466804957,0.7618646361590377,25,30,0
24,3028,9.000861677935595e-09,0.12108579017205151,0.11704956333606648,0.7618646374910207,25,30,0
24,3029,9.000861677935595e-09,0.12108579017205151,0.11705184290344889,0.7618623579236382,25,30,0
24,3030,9.000861677935595e-09,0.12108579017205151,0.11705192397862586,0.7618622768484613,25,30,0
24,3031,9.000861677935293e-09,0.12108579017205151,0.11705184195434196,0.7618623588727452,25,30,0
24,3032,9.000861677935293e-09,0.12108579017205151,0.11705654322114288,0.7618576576059443,25,30,0
24,3033,9.000861677935293e-09,0.12108579017205151,0.117056542519484,0.761857658307603,25,30,0
24,3034,9.000861677935293e-09,0.12108579017205151,0.11705657049257014,0.7618576303345169,25,30,0
24,3035,9.000861677935293e-09,0.12106337858063271,0.11707898208398891,0.7618576303345169,25,30,0
24,3036,9.000861677935293e-09,0.12106337858063271,0.11707898204865252,0.7618576303698532,25,30,0
24,3037,9.000861677935293e-09,0.12106337858063271,0.117078983496017,0.7618576289224888,25,30,0
24,3038,9.000861677935288e-09,0.12106337858063271,0.11707898146236724,0.7618576309561385,25,30,0
24,3039,9.000861677935288e-09,0.12106337858063271,0.11707898146258651,0.7618576309559191,25,30,0
24,3040,9.002381681494738e-09,0.11999749918206028,0.11814486085947545,0.7618576309560824,25,30,0
24,3041,9.002381681494738e-09,0.11999749918206028,0.1185179259325117,0.7614845658830461,25,30,0
24,3042,9.002381681494664e-09,0.11999749918206028,0.11851568433086554,0.7614868074846923,25,30,0
24,3043,9.002381681494664e-09,0.11999749918206028,0.11851580024760812,0.7614866915679497,25,30,0
24,3044,9.002381681494664e-09,0.11999749918206028,0.11851576025280439,0.7614867315627535,25,30,0
24,3045,9.002381681494664e-09,0.11999749918206028,0.1185156443604009,0.761486847455157,25,30,0
24,3046,9.002381681494664e-09,0.11999749918206028,0.11851564091477024,0.7614868509007876,25,30,0
24,3047,9.002381645699907e-09,0.11999737872979777,0.12038279182096545,0.7596198204468552,25,30,0
24,3048,9.002381645699912e-09,0.11999737872979777,0.12663237436929364,0.753370237898527,25,30,0
24,3049,8.999518013205045e-09,0.11997747665935561,0.12665227644276014,0.7533702378983665,25,30,0
24,3050,8.999518013205045e-09,0.11997747665935561,0.12665227845116545,0.7533702358899612,25,30,0
24,3051,9.156199513831929e-09,0.11997747665936488,0.1266522741801595,0.7533702400042762,25,30,0
24,3052,9.156199073874197e-09,0.11997712723303894,0.12665262360648868,0.7533702400042733,25,30,0
24,3053,9.156199073874202e-09,0.11997712723303894,0.12665042653711858,0.7533724370736435,25,30,0
24,3054,9.156199073874202e-09,0.11997712723303894,0.12665042657935927,0.7533724370314028,25,30,0
24,3055,9.156199073874202e-09,0.11999914788276446,0.12662840592963376,0.7533724370314028,25,30,0
24,3056,9.156199073874202e-09,0.11999914788276446,0.12662843436698354,0.753372408594053,25,30,0
24,3057,9.156199073874202e-09,0.11999914788276446,0.12662843838356225,0.7533724045774742,25,30,0
24,3058,9.156199073874202e-09,0.11999914788276446,0.12662855428829878,0.7533722886727378,25,30,0
24,3059,0.02188188026353586,0.1199991478824941,0.10474668729556416,0.753372284558406,25,30,0
24,3060,0.02188188026353586,0.1199991478824941,0.10474666085640987,0.7533723109975604,25,30,0
24,3061,0.02188188026353586,0.1199991478824941,0.1047466344291203,0.75337233742485,25,30,0
24,3062,0.02188188026353586,0.1199991478824941,0.10474663445480405,0.7533723373991661,25,30,0
24,3063,0.02188188026353586,0.1199991478824941,0.10474663539293654,0.7533723364610337,25,30,0
24,3064,0.02188188026353586,0.1199991478824941,0.10474674929393873,0.7533722225600314,25,30,0
24,3065,0.02188188026353586,0.1199991478824941,0.1047466333731838,0.7533723384807864,25,30,0
24,3066,0.02188188026353586,0.1199991478824941,0.10474663387253433,0.7533723379814359,25,30,0
24,3067,0.02188188026353586,0.1199991478824941,0.1047466318393521,0.7533723400146181,25,30,0
24,3068,0.02188188026353586,0.1199991478824941,0.10474666027658115,0.7533723115773889,25,30,0
24,3069,0.021881880263535866,0.1199991418627992,0.1047466662962759,0.7533723115773889,25,30,0
24,3070,0.021881880263535866,0.1199991418627992,0.10474669473348194,0.7533722831401829,25,30,0
24,3071,0.021881880263535866,0.1199991418627992,0.10474661424355323,0.7533723636301116,25,30,0
24,3072,0.021881880263535866,0.1199991418627992,0.10474661425585038,0.7533723636178145,25,30,0
24,3073,0.021881880263535866,0.11999914186280349,0.1047531937845785,0.7533657840890821,25,30,0
24,3074,0.021881880263535866,0.11999914186280349,0.10475319446000024,0.7533657834136603,25,30,0
24,3075,0.021881880263535866,0.11999940816079738,0.10475292816200633,0.7533657834136603,25,30,0
24,3076,0.021881880263535866,0.11999940816079309,0.1047463201602019,0.7533723914154691,25,30,0
24,3077,0.0015328498113990512,0.11999945418580003,0.1250711442406395,0.7533965517621612,25,30,0
24,3078,0.0015328498113990512,0.11999945418580003,0.12507114220823212,0.7533965537945686,25,30,0
24,3079,0.0015328498113990512,0.11999945418580003,0.12507114026151808,0.7533965557412827,25,30,0
24,3080,0.0015328498113990512,0.11999945418580003,0.1250711382278741,0.7533965577749266,25,30,0
24,3081,0.0015328498115776907,0.12000976244906894,0.12506082996442655,0.7533965577749266,25,30,0
24,3082,1.6078090585897954e-10,0.1200097164316303,0.12661788597933696,0.7533723974282516,25,30,0
24,3083,1.6078090585905523e-10,0.1200097164316303,0.1266179164867455,0.7533723669208431,25,30,0
24,3084,1.6078090585905523e-10,0.1200097164316303,0.1266179179215977,0.7533723654859908,25,30,0
24,3085,1.607809058590361e-10,0.1200091620774259,0.12661847227580217,0.7533723654859908,25,30,0
24,3086,1.607809058591117e-10,0.1200091620774259,0.12661847371719553,0.7533723640445976,25,30,0
24,3087,1.6078090585880899e-10,0.1200091620774259,0.126618413280459,0.7533724244813341,25,30,0
24,3088,1.6078090585880899e-10,0.12000954861921156,0.12661802673867334,0.7533724244813341,25,30,0
24,3089,1.6078090585873335e-10,0.12000954861921156,0.1266180537283061,0.7533723974917014,25,30,0
24,3090,1.607809058588089e-10,0.12000954861921156,0.1266227285443236,0.753367722675684,25,30,0
24,3091,1.6078090594104467e-10,0.11999439786169278,0.12663787930184123,0.7533677226756856,25,30,0
24,3092,1.6078090594104467e-10,0.11999439786169278,0.1266378793222908,0.7533677226552359,25,30,0
24,3093,1.6078090594104467e-10,0.11999439786169278,0.12663787933688192,0.7533677226406448,25,30,0
24,3094,1.6078090594104467e-10,0.11999439786169278,0.12663787933716297,0.7533677226403637,25,30,0
24,3095,1.6078090594104465e-10,0.11999439786169278,0.12663787863593937,0.7533677233415874,25,30,0
24,3096,1.6078090594104472e-10,0.11999439786169278,0.12664015678199056,0.7533654451955362,25,30,0
24,3097,1.607809059410416e-10,0.11999439786169278,0.12039069082990794,0.7596149111476187,25,30,0
24,3098,1.607809059410416e-10,0.11999482111636114,0.12039026757523956,0.7596149111476187,25,30,0
24,3099,1.6078090585880586e-10,0.12001002681090861,0.12037506188069338,0.759614911147617,25,30,0
24,3100,1.6078090585880718e-10,0.12001002681090861,0.12037506442488395,0.7596149086034264,25,30,0
24,3101,1.607809058760593e-10,0.12001002681090861,0.12038167067962836,0.7596083023486824,25,30,0
24,3102,1.607809058759889e-10,0.1200100268109087,0.12037708379563881,0.7596128892326715,25,30,0
24,3103,1.6078090587629166e-10,0.1200100268109087,0.12037716633094023,0.7596128066973701,25,30,0
24,3104,1.607809061221747e-10,0.1200100268109087,0.12037720682070084,0.7596127662076094,25,30,0
24,3105,1.607809061221747e-10,0.12001015286645536,0.12037708076515415,0.7596127662076094,25,30,0
24,3106,1.607809061224774e-10,0.12001015286645536,0.12037708213130006,0.7596127648414636,25,30,0
24,3107,1.607809061224774e-10,0.12001015286645536,0.12037708412926541,0.7596127628434981,25,30,0
24,3108,1.6078090612240172e-10,0.12001015286645536,0.12037716953840423,0.7596126774343592,25,30,0
24,3109,1.6078090612209902e-10,0.12001015286645536,0.12037708701973608,0.7596127599530275,25,30,0
24,3110,1.6078090612212433e-10,0.12000960473253132,0.1203776351536601,0.7596127599530275,25,30,0
24,3111,1.60780906122119e-10,0.12000960473253125,0.12037760125982817,0.7596127938468594,25,30,0
24,3112,1.60780906122119e-10,0.12000960473253125,0.12037757423517798,0.7596128208715096,25,30,0
24,3113,1.607809061220937e-10,0.1200101528693506,0.12037702609835868,0.7596128208715096,25,30,0
24,3114,1.6078090612209238e-10,0.1200101528693506,0.1203770256226075,0.7596128213472607,25,30,0
24,3115,1.6078090610484567e-10,0.1200101528693506,0.12037050237388346,0.7596193445959848,25,30,0
24,3116,1.607809058589626e-10,0.1200101528693506,0.12037046189288639,0.7596193850769819,25,30,0
24,3117,1.607809058589626e-10,0.1200101528693506,0.12037037936993729,0.7596194675999309,25,30,0
24,3118,1.607809058589626e-10,0.1200101528693506,0.12037037878407095,0.7596194681857973,25,30,0
24,3119,1.6078090585896385e-10,0.1200101528693506,0.12036818171444247,0.7596216652554258,25,30,0
24,3120,1.6078090585895752e-10,0.12001028941520454,0.1203680451685885,0.7596216652554258,25,30,0
24,3121,1.6078090585895752e-10,0.12001028941520454,0.12036804514323593,0.7596216652807785,25,30,0
24,3122,1.6078090585895752e-10,0.12001028941520454,0.12036804419503025,0.7596216662289841,25,30,0
24,3123,1.6060227429081972e-10,0.12000034252321168,0.12037799108720179,0.7596216662289841,25,30,0
24,3124,1.6060227429081845e-10,0.12000034252321168,0.12037795701460065,0.7596217003015852,25,30,0
24,3125,1.6060226079116926e-10,0.11999998093488981,0.12037831860292256,0.7596217003015852,25,30,0
24,3126,1.6060226079116926e-10,0.11999998093488981,0.12037832063655524,0.7596216982679524,25,30,0
24,3127,1.6060226079116926e-10,0.11999998093488981,0.12000521556842386,0.7599948033360839,25,30,0
24,3128,1.6060226079117327e-10,0.11999998093488981,0.12000513310558633,0.7599948857989215,25,30,0
24,3129,1.6060226079117327e-10,0.11999998093488981,0.12000513110699487,0.7599948877975129,25,30,0
24,3130,1.6060226079117327e-10,0.1199999779716303,0.12000513407025437,0.7599948877975129,25,30,0
24,3131,1.6060226079087054e-10,0.1199999779716303,0.12000741229088621,0.7599926095768811,25,30,0
24,3132,2.401012607075148e-10,0.12112211161250629,0.11888527857050553,0.7599926095768866,25,30,0
24,3133,2.401012607075148e-10,0.12112211161250629,0.11888057528193635,0.759997312865456,25,30,0
24,3134,2.401012607075148e-10,0.12112211161250629,0.11888057534255747,0.7599973128048347,25,30,0
24,3135,2.401012607075148e-10,0.12112211161250629,0.11888057131192899,0.7599973168354633,25,30,0
24,3136,2.401012607075148e-10,0.12112211161250629,0.11888057384443709,0.7599973143029551,25,30,0
24,3137,2.4010126070751473e-10,0.12112211161250629,0.11888049274361254,0.7599973954037798,25,30,0
24,3138,2.401012607075094e-10,0.12112211161250629,0.11888049271791726,0.759997395429475,25,30,0
24,3139,2.401012607075094e-10,0.12112211161250629,0.1188804906486131,0.7599973974987791,25,30,0
24,3140,2.4010126070750935e-10,0.12112211161250629,0.11888049064798728,0.759997397499405,25,30,0
24,3141,2.4010126070750935e-10,0.12112210720202331,0.11888049505847029,0.759997397499405,25,30,0
24,3142,2.4010126070750935e-10,0.12112210720202331,0.11897267481005067,0.7599052177478246,25,30,0
24,3143,2.4010126070750935e-10,0.12112211677673987,0.11897266523533406,0.7599052177478246,25,30,0
24,3144,2.4010126070750935e-10,0.12112211677673987,0.11897266667124665,0.7599052163119121,25,30,0
24,3145,2.40101260707504e-10,0.12112211677673987,0.11897258417661206,0.7599052988065468,25,30,0
24,3146,2.40101260707504e-10,0.12112211677673987,0.11897258417766739,0.7599052988054913,25,30,0
24,3147,2.40101260707504e-10,0.12112211677673987,0.11897258418642327,0.7599052987967354,25,30,0
24,3148,2.401012607075041e-10,0.12112211677673987,0.11897269757149101,0.7599051854116676,25,30,0
24,3149,2.4010126070750413e-10,0.12112211677673987,0.1189726981058287,0.7599051848773299,25,30,0
24,3150,2.401557321139502e-10,0.12112211676917159,0.11897269811336464,0.7599051848773078,25,30,0
24,3151,2.401557321139502e-10,0.12112211676917159,0.11897269812644679,0.7599051848642258,25,30,0
24,3152,2.401557308688005e-10,0.12112211669125683,0.0790978674796858,0.7997800155889015,25,30,0
24,3153,2.401557308688005e-10,0.12112211669125683,0.07909786951298754,0.7997800135555997,25,30,0
24,3154,2.401557308688004e-10,0.12112211669125683,0.07909775574419452,0.7997801273243926,25,30,0
24,3155,2.4015573086879507e-10,0.12112211669125683,0.07909767466794189,0.7997802084006455,25,30,0
24,3156,2.401557308688004e-10,0.12112211669125683,0.07909995423592134,0.7997779288326661,25,30,0
24,3157,2.401557308688004e-10,0.12112211669125683,0.0790999542715808,0.7997779287970066,25,30,0
24,3158,2.4015573086906783e-10,0.1211221166912569,0.0837588173473355,0.7951190657212521,25,30,0
24,3159,2.4015573086906783e-10,0.1211221166912569,0.08375881734777012,0.7951190657208174,25,30,0
24,3160,2.4015573086906783e-10,0.1211221072844824,0.08375882675454463,0.7951190657208174,25,30,0
24,3161,2.4015573086906783e-10,0.1211221072844824,0.0837635286070034,0.7951143638683587,25,30,0
24,3162,2.4015573086906783e-10,0.1211221072844824,0.08376361605109788,0.7951142764242641,25,30,0
24,3163,2.401557308690678e-10,0.1211221072844824,0.08376145234644367,0.795116440128918,25,30,0
24,3164,2.401557308690691e-10,0.12112210728448669,0.08367152500028956,0.795206367475068,25,30,0
24,3165,2.401557308690691e-10,0.12112210728448669,0.08366844460085503,0.7952094478745027,25,30,0
24,3166,2.4015573086906917e-10,0.12112210728448669,0.08366848314862502,0.7952094093267326,25,30,0
24,3167,2.401557308690755e-10,0.1210906369467386,0.08369995348637312,0.7952094093267326,25,30,0
24,3168,2.4015573086907543e-10,0.1210906369467386,0.08369995297434821,0.7952094098387574,25,30,0
24,3169,2.4015573086907543e-10,0.1210906369467386,0.08369995441337126,0.7952094083997343,25,30,0
24,3170,2.4015573086907543e-10,0.1210906369467386,0.08369995441292578,0.7952094084001798,25,30,0
24,3171,2.401557308690756e-10,0.12109063694673862,0.08382947784805671,0.7950798849650489,25,30,0
24,3172,2.4015573086907553e-10,0.12109063694673862,0.0838295203884249,0.7950798424246807,25,30,0
24,3173,8.236697040129824e-11,0.12109063694673862,0.08382952054494704,0.7950798424259473,25,30,0
24,3174,8.236697040129826e-11,0.12109063694673862,0.08382944004289859,0.7950799229279957,25,30,0
24,3175,8.236697040129826e-11,0.12109063694673862,0.08382932412532845,0.7950800388455659,25,30,0
24,3176,8.236697064718132e-11,0.12109063694673862,0.08382936509774877,0.7950799978731456,25,30,0
24,3177,8.236697064718132e-11,0.12109063694673862,0.083829361642242,0.7950800013286525,25,30,0
24,3178,8.236697064718132e-11,0.12109063694673862,0.08382936211637046,0.7950800008545239,25,30,0
24,3179,8.236697064718008e-11,0.12109063694673433,0.08383169709383027,0.7950776658770684,25,30,0
24,3180,8.236697040129705e-11,0.12109063694673433,0.08383165612207127,0.7950777068488274,25,30,0
24,3181,8.236697040129711e-11,0.12109063694673433,0.08383165413264568,0.795077708838253,25,30,0
24,3182,8.236697040129715e-11,0.12109063694673433,0.08383173208018317,0.7950776308907155,25,30,0
24,3183,2.86796951210313e-12,0.11996867961410974,0.08495368923358734,0.795077631149435,25,30,0
24,3184,2.867969511835668e-12,0.11996867961410967,0.08029482682444204,0.7997364935585805,25,30,0
24,3185,2.8679695118356694e-12,0.11996867961410967,0.08029482618322487,0.7997364941997976,25,30,0
24,3186,2.8679695118356694e-12,0.11996867961410967,0.08029482618366408,0.7997364941993582,25,30,0
24,3187,2.867969511835576e-12,0.11996867961410967,0.08029012289237619,0.7997411974906463,25,30,0
24,3188,2.867969511835689e-12,0.11993721217521677,0.08032159033126912,0.7997411974906463,25,30,0
24,3189,2.867969511835694e-12,0.11996867639425954,0.08029012611222643,0.7997411974906463,25,30,0
24,3190,2.8679695118357017e-12,0.11996868358658937,0.08029011891989662,0.7997411974906463,25,30,0
24,3191,2.8679695118355854e-12,0.11996868358658937,0.08016059548433868,0.799870720926204,25,30,0
24,3192,2.8679695118369126e-12,0.11996868358658937,0.08015897262141941,0.7998723437891233,25,30,0
24,3193,2.8679695118369114e-12,0.11996868358658937,0.08015897326264437,0.7998723431478985,25,30,0
24,3194,2.8679695118369114e-12,0.11996868358658937,0.08015897114931585,0.7998723452612269,25,30,0
24,3195,2.819407148227062e-12,0.11996868358658944,0.08015897115063049,0.7998723452599609,25,30,0
24,3196,2.819407148301414e-12,0.11996868358658944,0.08015899962171902,0.7998723167888724,25,30,0
24,3197,2.8194068988870675e-12,0.11996868358658515,0.0800338520299748,0.7999974643806208,25,30,0
24,3198,2.8194068988870675e-12,0.11996868358658515,0.08003385206592313,0.7999974643446724,25,30,0
24,3199,2.819406898887067e-12,0.11996868358658515,0.08003385139930926,0.7999974650112864,25,30,0
24,3200,2.8194068988870655e-12,0.11996868358658515,0.08003385089164329,0.7999974655189522,25,30,0
24,3201,2.8194068988870655e-12,0.11996868358658515,0.08003385088331744,0.7999974655272781,25,30,0
24,3202,2.8194068988870655e-12,0.11996868358658515,0.08003385088393238,0.7999974655266633,25,30,0
24,3203,2.819406898888393e-12,0.11996868358658515,0.0800338528692622,0.7999974635413335,25,30,0
24,3204,0.017939037443114928,0.1199686928763325,0.06209480536195886,0.7999974643185936,25,30,0
24,3205,0.017939037443114928,0.1199686928763325,0.06209480603822834,0.799997463642324,25,30,0
24,3206,0.018598646260519477,0.11996851665155464,0.061435373697302904,0.7999974633906232,25,30,0
24,3207,0.018598646260519477,0.11996851665155464,0.06143702868172609,0.7999958084061999,25,30,0
24,3208,0.018598646260519477,0.11999998676261793,0.06140555857066282,0.7999958084061999,25,30,0
24,3209,0.018598646260519477,0.11999998676261793,0.06140564105809353,0.7999957259187692,25,30,0
24,3210,0.018598646260519477,0.11999998676261793,0.06140563957570294,0.7999957274011598,25,30,0
24,3211,0.018598646260519477,0.11999998676261793,0.061407262484690216,0.7999941044921723,25,30,0
24,3212,0.018598646260519477,0.11999998676261793,0.0614072914234775,0.7999940755533853,25,30,0
24,3213,0.018598646260519477,0.11999998676261793,0.06140729138842534,0.7999940755884374,25,30,0
24,3214,0.018598646260519477,0.11999998676261793,0.061407292835576895,0.799994074141286,25,30,0
24,3215,0.018598646260519477,0.11999998676261793,0.061407264361879994,0.7999941026149828,25,30,0
24,3216,0.0403709830694978,0.1199999774728705,0.03963493761990964,0.7999941018377221,25,30,0
24,3217,0.0403709830694978,0.1199999774728705,0.03963485563138904,0.7999941838262429,25,30,0
24,3218,0.0403709830694978,0.1199999774728705,0.0396348536103921,0.7999941858472398,25,30,0
24,3219,0.0403709830694978,0.1199999774728705,0.039634853076249706,0.7999941863813821,25,30,0
24,3220,0.0403709830694978,0.1199999774728705,0.03963485311372779,0.7999941863439041,25,30,0
24,3221,0.0403709830694978,0.1199999774728705,0.03963647456781279,0.7999925648898192,25,30,0
24,3222,0.0403709830694978,0.1199999774728705,0.03963651405289745,0.7999925254047343,25,30,0
24,3223,0.0403709830694978,0.1199999774728705,0.03963656806751134,0.7999924713901203,25,30,0
24,3224,0.0403709830694978,0.1199999774728705,0.03963656804255554,0.7999924714150762,25,30,0
24,3225,0.0403709830694978,0.1199999774728705,0.03963649017209829,0.7999925492855334,25,30,0
24,3226,0.0403709830694978,0.1199999774728705,0.03963646119778964,0.7999925782598422,25,30,0
24,3227,0.0403709830694978,0.1199999774728705,0.03963484033833551,0.7999941991192964,25,30,0
24,3228,0.0403709830694978,0.1199999774728705,0.039634839681089384,0.7999941997765424,25,30,0
24,3229,0.039711374252820814,0.11999998050815669,0.040294445469503816,0.7999941997695186,25,30,0
24,3230,0.039711374252820814,0.11999998050815669,0.040294473933828394,0.7999941713051942,25,30,0
24,3231,0.039711374252820814,0.11999998050815669,0.040292818949570146,0.7999958262894523,25,30,0
24,3232,0.039711374252820814,0.11999998050815669,0.04029282093922503,0.7999958242997974,25,30,0
24,3233,0.039711374252820814,0.11999998050815669,0.04029282093858225,0.7999958243004403,25,30,0
24,3234,0.039711374252820814,0.11999998050815669,0.04029282093817991,0.7999958243008425,25,30,0
24,3235,0.039711374252820814,0.11999998050815669,0.04029282093836024,0.7999958243006623,25,30,0
24,3236,0.039711374252820814,0.11999998052209744,0.04030106830406175,0.7999875769210201,25,30,0
24,3237,0.039711374252820814,0.11999998052209744,0.04030110829976775,0.7999875369253141,25,30,0
24,3238,0.039711374252820814,0.11999998052209744,0.0403011887815619,0.79998745644352,25,30,0
24,3239,0.039711374252820814,0.11999998052209744,0.040301187334451975,0.7999874578906297,25,30,0
24,3240,0.039711374252820814,0.11999998052209744,0.04030118530095786,0.7999874599241238,25,30,0
24,3241,0.039711374252820814,0.11999998050815669,0.04029293795995157,0.799995707279071,25,30,0
24,3242,0.039711374252820814,0.11999998050815669,0.04029293845947197,0.7999957067795507,25,30,0
24,3243,0.039711374252820814,0.11999998050815669,0.040292939432483854,0.7999957058065386,25,30,0
24,3244,0.039711374252820814,0.11999998050815669,0.04029293943276411,0.7999957058062583,25,30,0
24,3245,0.039711374252820814,0.11999998050815669,0.040292939469404994,0.7999957057696175,25,30,0
24,3246,0.039711374252820814,0.11999998050815669,0.040292911697986614,0.7999957335410357,25,30,0
24,3247,0.039711374252820814,0.11999998050815669,0.0402929400852215,0.799995705153801,25,30,0
24,3248,0.039711374252820814,0.11999998050815669,0.04029285756995529,0.7999957876690672,25,30,0
24,3249,0.039711374252820814,0.11999998050815669,0.04029285758304512,0.7999957876559776,25,30,0
24,3250,0.039711374252820814,0.11999998050815669,0.040292857571358504,0.799995787667664,25,30,0
24,3251,0.039711374252820814,0.11999998050815669,0.04029285753613321,0.7999957877028894,25,30,0
24,3252,0.039711374252820814,0.11999998050815669,0.04029289953919988,0.7999957456998226,25,30,0
24,3253,0.039711374252820814,0.11999998050815669,0.040292900986539336,0.7999957442524831,25,30,0
24,3254,0.039711374252820814,0.11999998050815669,0.04029290093652715,0.7999957443024954,25,30,0
24,3255,0.039711374252820814,0.11999998050815669,0.04029281349137547,0.799995831747647,25,30,0
24,3256,0.039711374252820814,0.11999998050815669,0.040292813501643134,0.7999958317373793,25,30,0
24,3257,0.02338439140270875,0.11999998050815783,0.05661979635174867,0.7999958317373848,25,30,0
24,3258,0.03998240340261624,0.11999998050815669,0.04002178435184742,0.7999958317373796,25,30,0
24,3259,0.03998240340261624,0.11999998050815669,0.040021784376583505,0.7999958317126433,25,30,0
24,3260,0.03998240340261624,0.11999998050815669,0.04002181187661592,0.799995804212611,25,30,0
24,3261,0.03998240340261624,0.11999998050815669,0.04002181187665143,0.7999958042125754,25,30,0
24,3262,0.03998240340261624,0.11999998050815669,0.04002189386565232,0.7999957222235747,25,30,0
24,3263,0.03998596354139709,0.11999998050826662,0.04001833372675253,0.7999957222235838,25,30,0
24,3264,0.03998596354139709,0.11999998050826662,0.0400182937572265,0.79999576219311,25,30,0
24,3265,0.03998596354139709,0.11999998050826662,0.04001829628980124,0.7999957596605349,25,30,0
24,3266,0.03998596354067332,0.1595778394325321,0.0004404373662596366,0.7999957596605353,25,30,0
24,3267,0.03998596354067332,0.1595778394325321,0.00044132094388393497,0.7999948760829108,25,30,0
24,3268,0.03998596354067332,0.1595778394325321,0.0004413184591325525,0.799994878567662,25,30,0
24,3269,0.03998596354067332,0.15957785233278454,0.00044130555888006876,0.799994878567662,25,30,0
24,3270,0.03998596354067332,0.15957785233278454,0.0004413055328453759,0.7999948785936969,25,30,0
24,3271,0.03998596354067332,0.15957785233278454,0.0004412770724382188,0.7999949070541041,25,30,0
24,3272,0.03998596354067332,0.15957785233278454,0.0004412770730486511,0.7999949070534936,25,30,0
24,3273,0.03998596354067332,0.15957785233278454,0.0004413929900603195,0.799994791136482,25,30,0
24,3274,0.03998596354067332,0.15957785233278454,0.00044135959584151263,0.7999948245307007,25,30,0
24,3275,0.03998596354067332,0.15957785233278454,0.0004436377414501926,0.7999925463850921,25,30,0
24,3276,0.03998596354067332,0.15957785233278454,0.0004435552438983009,0.799992628882644,25,30,0
24,3277,0.03998596354067332,0.15957785233278454,0.0004435152492482285,0.7999926688772939,25,30,0
24,3278,0.03998596354067332,0.15957784555419632,0.00044352202783643434,0.7999926688772939,25,30,0
24,3279,0.03998596354067332,0.15957784555419632,0.0004434409607935738,0.7999927499443367,25,30,0
24,3280,0.03998596354067332,0.15957784555419632,0.0004434415374934158,0.7999927493676369,25,30,0
24,3281,0.03998596354067332,0.15957784555419632,0.0004434415381113399,0.7999927493670191,25,30,0
24,3282,0.03998596354067332,0.15957784555419632,0.0004434415488346791,0.7999927493562957,25,30,0
24,3283,0.03998596354067332,0.15957784555419632,0.00044344175911363077,0.7999927491460167,25,30,0
24,3284,0.03998596354066954,0.15998898169052264,3.230562279110926e-05,0.7999927491460167,25,30,0
24,3285,0.03998596354066954,0.15998898848889898,3.229882441476434e-05,0.7999927491460167,25,30,0
24,3286,0.03998596354066954,0.15998898848889898,3.22708502480541e-05,0.7999927771201836,25,30,0
24,3287,0.03998596354066954,0.15998898848889898,3.221679975016059e-05,0.7999928311706813,25,30,0
24,3288,0.03998596354066954,0.15998898848889898,3.2216787689041927e-05,0.7999928311827423,25,30,0
24,3289,0.03998596354066954,0.15998898848889906,3.8794575432036955e-05,0.7999862533949993,25,30,0
24,3290,0.03998596354066954,0.15999998683816816,2.7796226162917458e-05,0.7999862533949993,25,30,0
24,3291,0.03998596354066954,0.15999998683816816,2.779754786776161e-05,0.7999862520732945,25,30,0
24,3292,0.03998596354066954,0.15999998683816816,2.7798984922966922e-05,0.7999862506362393,25,30,0
24,3293,0.03998596354066954,0.15999998683816816,2.4637297168210722e-05,0.799989412323994,25,30,0
24,3294,0.03998596354066954,0.15999998683816816,2.4677791920047006e-05,0.7999893718292423,25,30,0
24,3295,0.03998596354066954,0.15999998683816816,2.467729345242214e-05,0.79998937232771,25,30,0
24,3296,0.03998596354066954,0.15999998683816816,2.4678130045076056e-05,0.7999893714911174,25,30,0
24,3297,0.03998596354066954,0.15999998683816816,2.459612328317141e-05,0.7999894534978793,25,30,0
24,3298,0.03786487256938705,0.16000000644620457,0.002145574000365238,0.7999895469840432,25,30,0
24,3299,0.03786487256938705,0.16000000644620888,0.002147290555499392,0.7999878304289048,25,30,0
24,3300,0.03786487256938705,0.16000000644620888,0.002147289082773908,0.7999878319016303,25,30,0
24,3301,0.03786487256938705,0.16000000644620888,0.0021450109367274132,0.7999901100476768,25,30,0
24,3302,0.03786487256938705,0.16000000644620888,0.0021450109371656924,0.7999901100472385,25,30,0
24,3303,0.03786487256938705,0.16000000644620888,0.0021450102761303258,0.799990110708274,25,30,0
24,3304,0.03786487256938705,0.16000000644620888,0.002145008793111634,0.7999901121912926,25,30,0
24,3305,0.03786487256938705,0.16000000644620888,0.0021450087925004705,0.7999901121919037,25,30,0
24,3306,0.03786487256938705,0.16000000644620888,0.0021450088364780235,0.7999901121479261,25,30,0
24,3307,0.03786487256938705,0.1599996121601431,0.0021454031225437804,0.7999901121479261,25,30,0
24,3308,0.03786487256938705,0.1599996121601431,0.0021454031477522698,0.7999901121227176,25,30,0
24,3309,0.03786487256938705,0.1599996121601431,0.0021455185575609183,0.799989996712909,25,30,0
24,3310,0.03786487256938705,0.1599996121601431,0.00214552200342286,0.799989993267047,25,30,0
24,3311,0.03786487256938705,0.1599996121601431,0.0021455239876845326,0.7999899912827854,25,30,0
24,3312,0.03786487256938705,0.1599996121601431,0.0021455246499607274,0.799989990620509,25,30,0
24,3313,0.03786487256938705,0.15999961216014316,0.0021456391373128785,0.7999898761331568,25,30,0
24,3314,0.03786487256938705,0.15999961216013892,0.0021439766443581564,0.7999915386261159,25,30,0
24,3315,0.03786487256938705,0.15997720503114865,0.0021663837733484075,0.7999915386261159,25,30,0
24,3316,0.03786487256938705,0.15997720503114865,0.002166466296063231,0.799991456103401,25,30,0
24,3317,0.03786487256938705,0.15997720503114873,0.0021665829794325626,0.7999913394200315,25,30,0
24,3318,0.03786487256938705,0.15997719543952646,0.002166592571054825,0.7999913394200315,25,30,0
24,3319,0.03786487256938705,0.1599694688338695,0.0021743191767117846,0.7999913394200315,25,30,0
24,3320,0.03786487256938705,0.1599694688338695,0.0021743198873244653,0.7999913387094189,25,30,0
24,3321,0.03786487256938705,0.1599694688338695,0.0021743164311950613,0.7999913421655483,25,30,0
24,3322,0.03786487256938705,0.15996946883386942,0.0021677102141812715,0.7999979483825622,25,30,0
24,3323,0.03786487256938705,0.15996946883386942,0.002167743604853835,0.7999979149918898,25,30,0
24,3324,0.03786487256938705,0.15996946883386942,0.002167859513270935,0.7999977990834725,25,30,0
24,3325,0.03786487256938705,0.15996946883386937,0.002167744175880186,0.7999979144208633,25,30,0
24,3326,0.03786487256938705,0.15996946883386937,0.002167746183511113,0.7999979124132327,25,30,0
24,3327,0.03786487256938705,0.15996946883386937,0.0021677462558236534,0.79999791234092,25,30,0
24,3328,0.03786487256938705,0.15996946883386937,0.0021676588111144797,0.7999979997856292,25,30,0
24,3329,0.03786487256938705,0.15994745153143236,0.0021896761135514957,0.7999979997856292,25,30,0
24,3330,0.03786487256938705,0.15994745153143236,0.002189674793871452,0.7999980011053093,25,30,0
24,3331,0.03786487256938705,0.15994745153143236,0.0021880519346121397,0.7999996239645685,25,30,0
24,3332,0.03786487256938705,0.15994745153143236,0.0021880919297406626,0.7999995839694399,25,30,0
24,3333,0.03786487256938705,0.15994745153143228,0.0021879760302078053,0.7999996998689728,25,30,0
24,3334,0.03786487256938705,0.15994745153143228,0.0021879780632329364,0.7999996978359478,25,30,0
24,3335,0.03786487256938705,0.15994745153143228,0.002187862137680752,0.7999998137614999,25,30,0
24,3336,0.03996893155969897,0.15994743192328795,8.391621183731126e-05,0.799999720305176,25,30,0
24,3337,0.03996893155969897,0.15994743192328795,8.391562721487737e-05,0.7999997208897983,25,30,0
24,3338,0.03996893155969897,0.15994743192328795,8.388918777967836e-05,0.7999997473292335,25,30,0
24,3339,0.03996893155969897,0.15994743192328795,8.389126387962632e-05,0.7999997452531337,25,30,0
24,3340,0.03996893155969897,0.15994743192328795,8.389129955574521e-05,0.7999997452174574,25,30,0
24,3341,0.03996893155969897,0.1599472899454141,8.403327742959321e-05,0.7999997452174574,25,30,0
24,3342,0.03996893155969897,0.1599472899454141,8.403576624236356e-05,0.7999997427286446,25,30,0
24,3343,0.03996893155969897,0.1599472899454141,8.403775545592397e-05,0.799999740739431,25,30,0
24,3344,0.03996893155969897,0.15996951341022173,6.181429064831183e-05,0.799999740739431,25,30,0
24,3345,0.03996893155969897,0.15996951341022173,6.181370479343092e-05,0.799999741325286,25,30,0
24,3346,0.03996893155969897,0.1599696587363133,6.166837870183902e-05,0.799999741325286,25,30,0
24,3347,0.03996893155969897,0.1599696587363133,6.167041171634523e-05,0.7999997392922714,25,30,0
24,3348,0.03996893155969897,0.1599696587363133,6.166971063966443e-05,0.7999997399933482,25,30,0
24,3349,0.03996893155969897,0.1599696587363133,6.167106599111704e-05,0.7999997386379967,25,30,0
24,3350,0.03996893155969897,0.1599696587363133,6.167103002915763e-05,0.7999997386739587,25,30,0
24,3351,0.03996893155969897,0.1599696587363133,6.166905700999691e-05,0.7999997406469778,25,30,0
24,3352,0.03996893155969897,0.1599696587363133,6.166705896536919e-05,0.7999997426450224,25,30,0
24,3353,0.03996893155969897,0.1599696587363133,6.16955419486873e-05,0.7999997141620391,25,30,0
24,3354,0.03996893155969897,0.1599696587363133,6.169355909306469e-05,0.7999997161448946,25,30,0
24,3355,0.03996893155969897,0.1599698425165381,6.150977886826899e-05,0.7999997161448946,25,30,0
24,3356,0.03996893155969897,0.1599698425165381,6.150906847885176e-05,0.7999997168552843,25,30,0
24,3357,0.03996893155969897,0.15995879270022761,7.255888478935107e-05,0.7999997168552843,25,30,0
24,3358,0.03996893155969897,0.15954494939058816,0.00048640219433229264,0.7999997168553807,25,30,0
24,3359,0.03996893155969897,0.1599808064452435,5.0545139773419135e-05,0.7999997168552843,25,30,0
24,3360,0.03996893155969897,0.15998853310677053,4.281847824641887e-05,0.7999997168552843,25,30,0
24,3361,0.03996893155969897,0.15998852006566822,4.283151934870479e-05,0.7999997168552843,25,30,0
24,3362,0.03996893155969897,0.15998852006566822,4.282948632192894e-05,0.799999718888311,25,30,0
24,3363,0.03996893155969897,0.15998852006566822,4.2829024089730664e-05,0.7999997193505431,25,30,0
24,3364,0.03996893155969897,0.15998852006566822,4.283042123982154e-05,0.7999997179533931,25,30,0
24,3365,0.03996893155969897,0.15998852006566822,4.2859358012365885e-05,0.7999996890166206,25,30,0
24,3366,0.03996893155969897,0.15998852006566822,4.28613793535939e-05,0.7999996869952792,25,30,0
24,3367,0.03996893155969897,0.15998852006566822,4.2861403696028485e-05,0.7999996869709369,25,30,0
24,3368,0.03996893155969897,0.15998891345247576,4.2468016888517854e-05,0.7999996869709369,25,30,0
24,3369,0.03996893155969897,0.15998891345247576,4.246600864003216e-05,0.7999996889791855,25,30,0
24,3370,0.03996893155969897,0.15998891345247576,4.2465945062739194e-05,0.7999996890427629,25,30,0
24,3371,0.03996893155969897,0.15998891345247576,4.246447436448961e-05,0.799999690513461,25,30,0
24,3372,0.03996893155969897,0.15998891345247576,4.24630870314065e-05,0.799999691900794,25,30,0
24,3373,0.03996893155969897,0.15998118662391234,5.018991559309811e-05,0.7999996919007958,25,30,0
24,3374,0.03996893155969897,0.15998118662391234,5.019133796027645e-05,0.7999996904784286,25,30,0
24,3375,0.03996893155969897,0.15999224316808663,3.9134793785947903e-05,0.7999996904784286,25,30,0
24,3376,0.03996893155969897,0.15999224316808663,3.9249346103789735e-05,0.7999995759261108,25,30,0
24,3377,0.03996893155969897,0.15999224316808672,3.919639269367811e-05,0.7999996288795208,25,30,0
24,3378,0.03996893155969897,0.15999224316808672,3.910893984237579e-05,0.799999716332372,25,30,0
24,3379,0.03996893155969897,0.15999224316808672,3.9069621417902956e-05,0.7999997556507964,25,30,0
24,3380,0.03996893155969897,0.15999224316808672,3.90704027678304e-05,0.7999997548694465,25,30,0
24,3381,0.03996893155969897,0.15999225298285308,3.9060588001490186e-05,0.7999997548694465,25,30,0
24,3382,0.03996893155969897,0.15999225298285308,3.910055108479852e-05,0.7999997149063632,25,30,0
24,3383,0.03996893155969897,0.15999225298285308,3.918752130306076e-05,0.799999627936145,25,30,0
24,3384,0.03996893155969897,0.15999225298285308,3.918896904845752e-05,0.7999996264883995,25,30,0
24,3385,0.03996893155969897,0.15999225298285308,3.9188919320734886e-05,0.7999996265381272,25,30,0
24,3386,0.03996893155969897,0.15999225298285308,3.9188954372852846e-05,0.7999996265030751,25,30,0
24,3387,0.03996893155969897,0.15999225298285308,3.914753344817547e-05,0.7999996679239998,25,30,0
24,3388,0.03996893155969897,0.15999225298285308,3.9031591149119835e-05,0.7999997838662988,25,30,0
24,3389,0.03996893155969897,0.15999225298285308,3.911405366219624e-05,0.7999997014037858,25,30,0
24,3390,0.03996893155969897,0.15999225298285308,3.908554590757766e-05,0.7999997299115406,25,30,0
24,3391,0.03996893155969897,0.15999225298285308,3.916805693767471e-05,0.7999996474005104,25,30,0
24,3392,0.03996893155969897,0.15999225298285308,3.913395948894681e-05,0.7999996814979591,25,30,0
24,3393,0.03996893155969897,0.15999225298285308,3.9135362602350303e-05,0.7999996800948458,25,30,0
24,3394,0.03996893155969897,0.15999225298285735,3.9332667691724164e-05,0.7999994827897521,25,30,0
24,3395,0.03996893155969897,0.15999225298285735,3.937054946543806e-05,0.7999994449079783,25,30,0
24,3396,0.03996893155969897,0.15999225298285735,3.9368541063377214e-05,0.7999994469163804,25,30,0
24,3397,0.03996893155969897,0.15999225298285735,3.936998801737929e-05,0.7999994454694263,25,30,0
24,3398,0.03996893155969897,0.15999225298285735,3.928748489110065e-05,0.7999995279725526,25,30,0
24,3399,0.03996893155969897,0.15999225298285735,3.928610060375368e-05,0.7999995293568399,25,30,0
24,3400,0.03996893155969897,0.1599922529828573,3.925660157543316e-05,0.7999995588558684,25,30,0
24,3401,0.03996893155969897,0.1599922529828573,3.925516320060703e-05,0.7999995602942432,25,30,0
24,3402,0.03996893155969897,0.1599922529828573,3.917478886777152e-05,0.7999996406685761,25,30,0
24,3403,0.03969797920173343,0.15999225298285538,0.0003101271766844565,0.799999640638727,25,30,0
24,3404,0.03969797920173343,0.15999225298285538,0.00031008784791243445,0.799999679967499,25,30,0
24,3405,0.03969797920173343,0.15999225298285538,0.00031017530077460356,0.7999995925146368,25,30,0
24,3406,0.03969797920173343,0.15999225298285538,0.00031017530077972176,0.7999995925146315,25,30,0
24,3407,0.03969797920173343,0.15999225298285538,0.00031017579091530736,0.799999592024496,25,30,0
24,3408,0.03969797920173343,0.15999225298285538,0.00031017437959588655,0.7999995934358154,25,30,0
24,3409,0.03969797920173343,0.15999225298285538,0.00031017642330330924,0.7999995913921082,25,30,0
24,3410,0.03969797920173343,0.15999225298285538,0.0003100625557807735,0.7999997052596306,25,30,0
24,3411,0.03969797920173343,0.15999225298285538,0.00031006468421773513,0.7999997031311936,25,30,0
24,3412,0.03998600615894382,0.1599922529828572,2.203772700549654e-05,0.7999997031311936,25,30,0
24,3413,0.03998600615894382,0.1599922529828572,2.2037691481340678e-05,0.7999997031667176,25,30,0
24,3414,0.03998600615894382,0.1599922529828572,2.2037662546252303e-05,0.7999997031956528,25,30,0
24,3415,0.03998600615894382,0.1599922529828572,2.2037591821282616e-05,0.7999997032663778,25,30,0
24,3416,0.03998600615894382,0.1599922529828572,2.2151449054940705e-05,0.7999995894091441,25,30,0
24,3417,0.03998600615894382,0.1599922529828572,2.2152983170327067e-05,0.7999995878750288,25,30,0
24,3418,0.03998600615894382,0.1599922529828572,2.218146796900919e-05,0.7999995593902302,25,30,0
24,3419,0.03998600615894382,0.15999224625499373,2.2188195832521835e-05,0.7999995593902302,25,30,0
24,3420,0.03998600615894382,0.15999224625499373,2.2188781687589655e-05,0.799999558804375,25,30,0
24,3421,0.03998600615894382,0.15999224625499373,2.230267467071203e-05,0.7999994449113917,25,30,0
24,3422,0.03998600615894382,0.15999224625499373,2.230311416792133e-05,0.7999994444718945,25,30,0
24,3423,0.03998600615894382,0.15999224625499373,2.230096595612993e-05,0.7999994466201064,25,30,0
24,3424,0.03998600615894382,0.15999224625499373,2.2218476744364577e-05,0.7999995291093182,25,30,0
24,3425,0.03998600615894382,0.15999224625499373,2.2332335937877883e-05,0.7999994152501247,25,30,0
24,3426,0.03998600615894382,0.15999224625499373,2.2217865498492568e-05,0.7999995297205641,25,30,0
24,3427,0.03998600615894382,0.15999224625499373,2.2217893790183674e-05,0.7999995296922725,25,30,0
24,3428,0.03998600615894382,0.15999224625499373,2.2217183187738315e-05,0.7999995304028747,25,30,0
24,3429,0.03999106394347616,0.15999224625499375,1.7159398655190476e-05,0.799999530402875,25,30,0
24,3430,0.03999106394347616,0.15999224625499375,1.7158661765260785e-05,0.7999995311397649,25,30,0
24,3431,0.03999106394347616,0.15999224625499375,1.7158661480592026e-05,0.7999995311400495,25,30,0
24,3432,0.03999106394347616,0.15999224625499375,1.7241176382134118e-05,0.799999448625148,25,30,0
24,3433,0.03999106394347616,0.15999958927625058,9.898155127001941e-06,0.7999994486251464,25,30,0
24,3434,0.03999106394347616,0.15999958927625058,9.896541441938437e-06,0.7999994502388315,25,30,0
24,3435,0.03999106394347616,0.15999958927625058,9.869257394683238e-06,0.7999994775228787,25,30,0
24,3436,0.03999106394347616,0.15999958927625058,9.907886587978405e-06,0.7999994388936854,25,30,0
24,3437,0.03999106394347616,0.15999958927625058,9.79245956273734e-06,0.7999995543207106,25,30,0
24,3438,0.03999106394347616,0.15999958927625058,9.7910240813572e-06,0.7999995557561921,25,30,0
24,3439,0.03999106394347616,0.15999958927625058,9.790523959903357e-06,0.7999995562563135,25,30,0
24,3440,0.03999106394347616,0.15999958927625058,9.792556359385813e-06,0.799999554223914,25,30,0
24,3441,0.03999106394347622,0.15935711135862196,0.0006522704739879604,0.799999554223914,25,30,0
24,3442,0.03999106394347622,0.15935711135862196,0.0006523003882635521,0.7999995243096385,25,30,0
24,3443,0.03852841756979817,0.15935711135862188,0.0021149467043949845,0.7999995243671851,25,30,0
24,3444,0.03852841756979817,0.15935711135862188,0.002114948151400537,0.7999995229201796,25,30,0
24,3445,0.03852841756979817,0.15935711135862188,0.002114948878169648,0.7999995221934105,25,30,0
24,3446,0.0385284175697981,0.15999904352017297,0.0014730167166186578,0.7999995221934104,25,30,0
24,3447,0.0385284175697981,0.15999904352017297,0.001473016716219614,0.7999995221938095,25,30,0
24,3448,0.010054140529107036,0.15999963194343003,0.02986744525172892,0.800078782275734,25,30,0
24,3449,0.010054140529107036,0.15999963194343003,0.02986732932617358,0.8000788982012894,25,30,0
24,3450,0.010054140529107036,0.15999963194343003,0.029867246767445697,0.8000789807600173,25,30,0
24,3451,0.010054140529107036,0.15999963194343003,0.029867244735473895,0.800078982791989,25,30,0
24,3452,0.010054140529107036,0.15999963194343003,0.029867244805750898,0.8000789827217119,25,30,0
24,3453,0.010054140529107036,0.15999946309511426,0.029867413654066678,0.8000789827217119,25,30,0
24,3454,0.010054140529107036,0.15999946309511426,0.0298674135831748,0.8000789827926039,25,30,0
24,3455,0.010054140529107036,0.15999946309511426,0.02986752948865619,0.8000788668871225,25,30,0
24,3456,0.010054140529107036,0.15999946309511426,0.02986752951236628,0.8000788668634123,25,30,0
24,3457,0.010054140529107036,0.15999946309511426,0.029867529500671446,0.8000788668751072,25,30,0
24,3458,0.010054140529107036,0.15999946309511426,0.02986752855277334,0.8000788678230053,25,30,0
24,3459,1.627876411461286e-05,0.16000040891900266,0.039983704593825796,0.7999996077230569,25,30,0
24,3460,1.627876411461286e-05,0.16000040891900266,0.03998370460410416,0.7999996077127786,25,30,0
24,3461,1.627876411461286e-05,0.16000040891900266,0.039983706602285604,0.799999605714597,25,30,0
24,3462,1.627876411461286e-05,0.16000040891900266,0.03998370661239445,0.7999996057044882,25,30,0
24,3463,1.627876411461286e-05,0.16000040891900266,0.03998382050889011,0.7999994918079925,25,30,0
24,3464,1.627876411461286e-05,0.1600009643647611,0.039983265063131615,0.7999994918079925,25,30,0
24,3465,1.627876411461286e-05,0.1600009643647611,0.03998329208848462,0.7999994647826395,25,30,0
24,3466,1.627876411461286e-05,0.1600009643647611,0.039983408006043664,0.7999993488650804,25,30,0
24,3467,1.627876411461286e-05,0.1600009643647611,0.03998340601010203,0.7999993508610223,25,30,0
24,3468,1.627876411461286e-05,0.1600009643647612,0.039983406987194686,0.7999993498839294,25,30,0
24,3469,1.627876411461286e-05,0.1600009643647612,0.039983291057685,0.7999994658134392,25,30,0
24,3470,1.627876411461286e-05,0.1600009643647612,0.03998326119571264,0.7999994956754114,25,30,0
24,3471,1.627876411461286e-05,0.1600009643647612,0.03998328963124363,0.7999994672398805,25,30,0
24,3472,1.627876411461286e-05,0.1600009643647612,0.039983261158397586,0.7999994957127265,25,30,0
24,3473,1.627876411461286e-05,0.1600009643647612,0.03998326118419618,0.7999994956869279,25,30,0
24,3474,1.627876411461286e-05,0.1600009643647612,0.03998330068038892,0.7999994561907354,25,30,0
24,3475,1.627876411461286e-05,0.16000095176050297,0.03998331328464712,0.7999994561907354,25,30,0
24,3476,1.627876411461286e-05,0.1599937584176669,0.039990506627483186,0.7999994561907354,25,30,0
24,3477,1.627876411461286e-05,0.15999375841766258,0.039990307910113716,0.7999996549081091,25,30,0
24,3478,1.627876411461286e-05,0.15999375841766258,0.03999042179405336,0.7999995410241694,25,30,0
24,3479,1.627876411461286e-05,0.15999375841766258,0.040256755498178955,0.7997332073200438,25,30,0
24,3480,1.627876411461286e-05,0.15999375841766258,0.04025675556952406,0.7997332072486985,25,30,0
24,3481,1.627876411461286e-05,0.15999375841766258,0.04025991872940657,0.7997300440888161,25,30,0
24,3482,1.627876411461286e-05,0.15999375841766258,0.0402598035386693,0.7997301592795533,25,30,0
24,3483,1.627876411461286e-05,0.15999375841766258,0.04025980305153785,0.7997301597666849,25,30,0
24,3484,1.627876411461286e-05,0.1587550330458541,0.04149852842334639,0.7997301597666849,25,30,0
24,3485,1.627876411461286e-05,0.1587550330458541,0.04149861088585184,0.7997300773041793,25,30,0
24,3486,1.627876411461286e-05,0.1587550330458541,0.04149852836271434,0.799730159827317,25,30,0
24,3487,1.627876411461286e-05,0.1587550330458541,0.04149855687133997,0.7997301313186912,25,30,0
24,3488,1.627876411461286e-05,0.1587550330458541,0.0414985568964582,0.799730131293573,25,30,0
24,3489,1.627876411461286e-05,0.1587550330458541,0.041498469487480046,0.7997302187025512,25,30,0
24,3490,1.627876411461286e-05,0.1587550330458541,0.04149855200706958,0.7997301361829616,25,30,0
24,3491,1.627876411461286e-05,0.1587550428598131,0.04149854219311058,0.7997301361829616,25,30,0
24,3492,1.627876411461286e-05,0.1587550428598131,0.04150514770849238,0.7997235306675798,25,30,0
24,3493,1.627876411461286e-05,0.15999375574760263,0.040266434820702815,0.7997235306675798,25,30,0
24,3494,1.627876411461286e-05,0.1600010986664002,0.04025909190190357,0.7997235306675816,25,30,0
24,3495,1.627876411461286e-05,0.1600010986664002,0.040259091876358344,0.7997235306931267,25,30,0
24,3496,1.627876411461286e-05,0.16000056523040107,0.04025962531235746,0.7997235306931267,25,30,0
24,3497,1.627876411461286e-05,0.16000056523040107,0.040253019070662394,0.7997301369348219,25,30,0
24,3498,1.627876411461286e-05,0.16000056523040107,0.040259586649557,0.7997235693559273,25,30,0
24,3499,1.627876411461286e-05,0.16000056523040107,0.04025954668994862,0.7997236093155357,25,30,0
24,3500,1.627876411461286e-05,0.16000056523040107,0.04025962918812891,0.7997235268173556,25,30,0
24,3501,1.627876411461286e-05,0.16000056523040107,0.04025962919996609,0.7997235268055184,25,30,0
24,3502,1.627876411461286e-05,0.16000056523040107,0.04025962917395174,0.7997235268315328,25,30,0
24,3503,1.627876411461286e-05,0.16000056523040107,0.04025954671143841,0.7997236092940461,25,30,0
24,3504,1.627876411461286e-05,0.16000056523040107,0.040259546676375504,0.799723609329109,25,30,0
24,3505,1.627876411461286e-05,0.16000056523040107,0.040259518869661684,0.7997236371358228,25,30,0
24,3506,1.627876411461286e-05,0.16000056523040102,0.040259484498345426,0.7997236715071392,25,30,0
24,3507,1.627876411461286e-05,0.16000056523040102,0.04025945600190072,0.799723700003584,25,30,0
24,3508,1.627876411461286e-05,0.1599785542766355,0.04028146695566795,0.7997237000035823,25,30,0
24,3509,1.6278764114613843e-05,0.15997855427663976,0.04028617254098552,0.7997189944182604,25,30,0
24,3510,1.6278764114613843e-05,0.1599561498384478,0.0403085769791775,0.7997189944182604,25,30,0
24,3511,1.6278764114613843e-05,0.1599561498384478,0.04030197073749024,0.7997256006599477,25,30,0
24,3512,1.6278764114613843e-05,0.1599561498384478,0.04030197219683721,0.7997255992006006,25,30,0
24,3513,1.6278764114613843e-05,0.1599561498384478,0.04030205473274522,0.7997255166646926,25,30,0
24,3514,1.6278764114613843e-05,0.1599561498384478,0.04030205475594881,0.7997255166414889,25,30,0
24,3515,1.6278764114613843e-05,0.1599561498384478,0.04030205407985961,0.7997255173175781,25,30,0
24,3516,1.6278764114613843e-05,0.1599561498384478,0.040302053544660155,0.7997255178527777,25,30,0
24,3517,1.6278764114613843e-05,0.1599561498384478,0.04030197221350165,0.7997255991839362,25,30,0
24,3518,1.6278764114613843e-05,0.1599561498384478,0.04030197227350785,0.7997255991239299,25,30,0
24,3519,1.6278764114613843e-05,0.1599561498384478,0.040301973685622466,0.7997255977118154,25,30,0
24,3520,1.6278764114613843e-05,0.1599561498384478,0.04030197372113078,0.7997255976763071,25,30,0
24,3521,1.6278764114613843e-05,0.15995670254208716,0.04030142101749143,0.7997255976763071,25,30,0
24,3522,1.6278764114613843e-05,0.15997911640670873,0.04027900715286987,0.7997255976763071,25,30,0
24,3523,1.6278764114613843e-05,0.15997856149145367,0.040279562068124906,0.7997255976763071,25,30,0
24,3524,1.6278764114613843e-05,0.15997856149145367,0.04027967797357031,0.7997254817708617,25,30,0
24,3525,1.6278764114613843e-05,0.1599682502780187,0.04028998918700526,0.7997254817708617,25,30,0
24,3526,1.6278764114613843e-05,0.1599682502780187,0.04028998976099892,0.799725481196868,25,30,0
24,3527,0.028050146698812645,0.1599667196007694,0.012257635229523684,0.7997254984708944,25,30,0
24,3528,0.028050146698812645,0.1599768974391508,0.012247457391140602,0.7997254984708961,25,30,0
24,3529,0.028050146698812645,0.1599768974391508,0.012247457381185333,0.7997254984808514,25,30,0
24,3530,0.028050146698812645,0.1599768974391508,0.01224745860135141,0.7997254972606852,25,30,0
24,3531,0.028050146698812645,0.1599768974391508,0.01224745740017289,0.7997254984618638,25,30,0
24,3532,0.028050146698812645,0.15873816538823127,0.013486189451092461,0.7997254984618638,25,30,0
24,3533,0.028050146698812645,0.15997650405437058,0.012247850784953109,0.7997254984618638,25,30,0
24,3534,0.028050146698812645,0.15997718039028047,0.012247174449044893,0.7997254984618621,25,30,0
24,3535,0.028050146698812645,0.15997718039028047,0.012247175136998715,0.7997254977739083,25,30,0
24,3536,0.028050146698812645,0.15997718039028047,0.012247092601697967,0.799725580309209,25,30,0
24,3537,0.028050146698812645,0.14453956507279606,0.027684707919182268,0.799725580309209,25,30,0
24,3538,0.028050146698812645,0.14453956507279606,0.027684707893467254,0.799725580334924,25,30,0
24,3539,0.028050146698812645,0.14453956507279606,0.027777001550325284,0.7996332866780661,25,30,0
24,3540,0.028050146698812645,0.15996223030216747,0.012354336320953967,0.7996332866780661,25,30,0
24,3541,0.028050146698812645,0.15996223030216747,0.012354336261918768,0.7996332867371013,25,30,0
24,3542,0.028050146698812645,0.15998444685171948,0.012332119712366758,0.7996332867371013,25,30,0
24,3543,0.028050146698812645,0.15998444685171948,0.012332233234146976,0.7996331732153211,25,30,0
24,3544,0.028050146698812645,0.15998444685171948,0.012332117992537528,0.7996332884569306,25,30,0
24,3545,0.028050146698812645,0.15998444685171948,0.012239822337268582,0.7997255841121995,25,30,0
24,3546,0.028050146698812645,0.15998444685171953,0.012239763954012921,0.7997256424954551,25,30,0
24,3547,0.028050146698812645,0.15998444685171953,0.012239763894006694,0.7997256425554613,25,30,0
24,3548,0.028050146698812645,0.15998444685171953,0.012239765891679862,0.7997256405577882,25,30,0
24,3549,0.028050146698812645,0.15998444685171953,0.01223976446951875,0.7997256419799492,25,30,0
24,3550,0.028050146698812645,0.15998444685171953,0.012239880386947588,0.7997255260625203,25,30,0
24,3551,0.028050146698812645,0.15998444685171953,0.01223999427201331,0.7997254121774547,25,30,0
24,3552,0.028050146698812645,0.15998483072836395,0.012239610395368932,0.7997254121774547,25,30,0
24,3553,0.0035921672961045053,0.1599848271664914,0.03669761063524755,0.7997253949021566,25,30,0
24,3554,0.0035921672961045053,0.1599848271664914,0.036697530145101936,0.7997254753923022,25,30,0
24,3555,0.0035921672961045053,0.1599848271664914,0.03669753014555043,0.7997254753918536,25,30,0
24,3556,0.0035921672961045053,0.1599848271664914,0.03669750169771732,0.7997255038396867,25,30,0
24,3557,0.0035921672961045053,0.1599848271664914,0.03669750169792542,0.7997255038394786,25,30,0
24,3558,0.0035921672961045053,0.15998482716649146,0.03670220509516398,0.79972080044224,25,30,0
24,3559,0.0035921672961045053,0.15998483038698802,0.03670220187466743,0.79972080044224,25,30,0
24,3560,0.0035921672961045053,0.15998482064807157,0.03670221161358387,0.79972080044224,25,30,0
24,3561,0.0035921672961045053,0.15998482064807149,0.03669750953602761,0.7997255025197962,25,30,0
24,3562,0.0035921672961045053,0.15998482064807149,0.0364311751055289,0.799991836950295,25,30,0
24,3563,0.0035921672961045053,0.15998482064807149,0.03643117655268046,0.7999918355031435,25,30,0
24,3564,0.0035921672961045053,0.15998482064807149,0.03643117858587527,0.7999918334699487,25,30,0
24,3565,1.701795502802662e-05,0.15998482163602967,0.0400063246235919,0.7999918357853503,25,30,0
24,3566,1.701795502802662e-05,0.15874566700085263,0.04124547925876883,0.7999918357853503,25,30,0
24,3567,1.701795502802662e-05,0.15874566700085263,0.04124556179249119,0.7999917532516279,25,30,0
24,3568,1.701795502802662e-05,0.15874566700085263,0.04124556379046742,0.7999917512536517,25,30,0
24,3569,1.701795502802662e-05,0.15874566700085263,0.04124560175280493,0.7999917132913142,25,30,0
24,3570,1.701795502802662e-05,0.15874566700085263,0.0412454865360295,0.7999918285080896,25,30,0
24,3571,1.7017955028026618e-05,0.15874566700085257,0.04124543107081696,0.7999918839733023,25,30,0
24,3572,1.7017955028026618e-05,0.158745857684641,0.041245240387028564,0.7999918839733023,25,30,0
24,3573,1.7017955028026618e-05,0.158745857684641,0.041245243855794575,0.7999918805045363,25,30,0
24,3574,1.7017955028026618e-05,0.158745857684641,0.041245244355168895,0.7999918800051621,25,30,0
24,3575,1.7017955028026618e-05,0.158745857684641,0.04124524367888095,0.7999918806814499,25,30,0
24,3576,1.7017955028026618e-05,0.158745857684641,0.04124524367782834,0.7999918806825026,25,30,0
24,3577,1.7017955028026615e-05,0.15998501271466076,0.04000608864780867,0.7999918806825026,25,30,0
24,3578,1.7017955028026615e-05,0.15998501271466076,0.040006088647819515,0.7999918806824915,25,30,0
24,3579,1.7017955028026615e-05,0.15998501271466076,0.040006088148121934,0.7999918811821892,25,30,0
24,3580,1.7017955028026615e-05,0.15998501271466076,0.04000617067212987,0.7999917986581814,25,30,0
24,3581,1.7017955028026615e-05,0.15998501271466076,0.040006172705239075,0.7999917966250721,25,30,0
24,3582,1.7017955028026615e-05,0.15998501271466076,0.040003092068484944,0.7999948772618264,25,30,0
24,3583,1.701795502802661e-05,0.15999995828277708,0.03998814650036868,0.7999948772618264,25,30,0
24,3584,1.701795502802661e-05,0.15999995828277708,0.03999475275717963,0.7999882710050155,25,30,0
24,3585,1.701795502802661e-05,0.15999995828277708,0.0399968739119099,0.7999861498502852,25,30,0
24,3586,1.701795502802661e-05,0.15999995828277708,0.03999695440153125,0.7999860693606636,25,30,0
24,3587,1.701795502802661e-05,0.15999977103523222,0.039997141649076154,0.7999860693606636,25,30,0
24,3588,1.701795502802661e-05,0.15999977103523222,0.039994937970594883,0.799988273039145,25,30,0
24,3589,1.7017955028025626e-05,0.15999977103522792,0.039990232336962854,0.7999929786727813,25,30,0
24,3590,0.012834603542730378,0.15999977027445503,0.02717084369254201,0.7999947824902724,25,30,0
24,3591,0.012834603542730378,0.15999977027445503,0.027170761169774654,0.7999948650130397,25,30,0
24,3592,0.012834603542730378,0.15999977027445503,0.027170678646544277,0.7999949475362703,25,30,0
24,3593,0.012834603542730378,0.15999977027445503,0.02717067661376769,0.7999949495690467,25,30,0
24,3594,0.012834603542730378,0.15999977027445503,0.02717067713621188,0.7999949490466025,25,30,0
24,3595,0.012834603542730378,0.15999977027614232,0.06232368768651498,0.764841938494612,25,30,0
24,3596,0.012834603542730378,0.15999977027614232,0.06232360519877754,0.7648420209823495,25,30,0
24,3597,0.012834603542730378,0.15999977027614232,0.06232360524630908,0.764842020934818,25,30,0
24,3598,0.012834603542730378,0.15999977027614232,0.062323645241171295,0.7648419809399559,25,30,0
24,3599,0.012834603542730378,0.15999977027614232,0.06232364525391568,0.7648419809272116,25,30,0
24,3600,0.012834603542730378,0.15999977027614232,0.062323645243817456,0.7648419809373098,25,30,0
24,3601,0.012834603542730378,0.15999977027614232,0.06232364571776559,0.7648419804633619,25,30,0
24,3602,0.012834603542730378,0.15999977027614232,0.06232364772883013,0.7648419784522972,25,30,0
24,3603,0.012834603542730378,0.1599997800178336,0.06232363798713883,0.7648419784522972,25,30,0
24,3604,0.012834603542730381,0.12080550009556859,0.10151791790940243,0.7648419784522992,25,30,0
24,3605,0.012834603542730381,0.12080550009556859,0.10151791584030652,0.7648419805213951,25,30,0
24,3606,0.012834603542730381,0.12080550009556859,0.1015178773181628,0.7648420190435388,25,30,0
24,3607,0.012834603542730381,0.12080550009556859,0.10151791826489148,0.7648419780968101,25,30,0
24,3608,0.012834603542730381,0.12080550009556859,0.10151791827561209,0.7648419780860894,25,30,0
24,3609,0.012834603542730418,0.12000701134180466,0.10231640702937797,0.7648419780860874,25,30,0
24,3610,0.012834603542730418,0.12000701134180466,0.10231652152021171,0.7648418635952539,25,30,0
24,3611,3.191645503566455e-07,0.12000701110659925,0.11515234419934511,0.7648403255295056,25,30,0
24,3612,3.191645503566455e-07,0.12000701110659925,0.11515234266584004,0.7648403270630106,25,30,0
24,3613,3.191645503566455e-07,0.12000701110659925,0.11515234341215308,0.7648403263166977,25,30,0
24,3614,3.191645503566455e-07,0.12000701110659925,0.11515245729639512,0.7648402124324556,25,30,0
24,3615,3.1916455035691157e-07,0.12000701723607171,0.11999283432350832,0.7599998292758702,25,30,0
24,3616,3.1916455035691157e-07,0.12000701723607171,0.11999283577065979,0.7599998278287186,25,30,0
24,3617,3.1916455035691157e-07,0.12000701723607171,0.11999283373746504,0.7599998298619133,25,30,0
24,3618,3.1916455035691157e-07,0.12000701723607171,0.11999283377272202,0.7599998298266561,25,30,0
24,3619,3.1916455035691157e-07,0.12000701723607171,0.11999283379608239,0.7599998298032957,25,30,0
24,3620,3.1916455035691157e-07,0.12000701723607171,0.11999271784299034,0.759999945756388,25,30,0
24,3621,3.1916455035691157e-07,0.12000701723607171,0.11999271786855109,0.7599999457308272,25,30,0
24,3622,3.191645503569113e-07,0.12000701723607171,0.11999267838978817,0.75999998520959,25,30,0
24,3623,3.191645503569113e-07,0.12000701723607171,0.11999267843360382,0.7599999851657742,25,30,0
24,3624,3.191645503569113e-07,0.12000701723607171,0.11999267791721696,0.7599999856821611,25,30,0
24,3625,3.1916455035664804e-07,0.12000701110491313,0.11999265430604396,0.7600000154244926,25,30,0
24,3626,3.1916455035664804e-07,0.12000701110491313,0.11999265283392951,0.7600000168966069,25,30,0
24,3627,3.1916455035664804e-07,0.12000701110491313,0.11999265483219157,0.760000014898345,25,30,0
24,3628,3.1916455035664804e-07,0.12000701110491313,0.11999265338485193,0.7600000163456846,25,30,0
24,3629,3.191645503566311e-07,0.12000701110491313,0.1200849076103119,0.7599077621202249,25,30,0
24,3630,3.191645503566311e-07,0.12000701110491313,0.1200849081090092,0.7599077616215277,25,30,0
24,3631,3.191645503566311e-07,0.12000720524811737,0.12008471396580496,0.7599077616215277,25,30,0
24,3632,3.191645503566311e-07,0.12000720524811737,0.12008471251802774,0.7599077630693049,25,30,0
24,3633,1.2367939023770917e-06,0.1200072052481119,0.12008406299407685,0.7599074949639092,25,30,0
24,3634,1.2367939023770917e-06,0.1200072052481119,0.12008406502771334,0.7599074929302726,25,30,0
24,3635,1.236793902377092e-06,0.1200072052481119,0.1200841205275185,0.7599074374304675,25,30,0
24,3636,1.236793902377092e-06,0.1200072052481119,0.12008414966801499,0.7599074082899712,25,30,0
24,3637,1.236793902377092e-06,0.1200072052481119,0.12008415036968403,0.7599074075883021,25,30,0
24,3638,1.236793902377092e-06,0.1200072052481119,0.12008415037862788,0.7599074075793583,25,30,0
24,3639,1.236793902377092e-06,0.1200072052481119,0.12008415038136809,0.759907407576618,25,30,0
24,3640,1.236793902377092e-06,0.1200072052481119,0.12008415040675983,0.7599074075512263,25,30,0
24,3641,1.236793902377092e-06,0.1200072052481119,0.12008414995210023,0.7599074080058859,25,30,0
24,3642,1.236793902377092e-06,0.1200072052481119,0.12008414791898632,0.7599074100389995,25,30,0
24,3643,1.236793902377092e-06,0.1200072052481119,0.12008426379256192,0.7599072941654239,25,30,0
24,3644,1.236793902377092e-06,0.1200072052481119,0.12008431929029585,0.75990723866769,25,30,0
24,3645,1.236793902377092e-06,0.1200072052481119,0.12017661494691981,0.7598149430110661,25,30,0
24,3646,1.236793902377092e-06,0.1200072052481119,0.12017661491168737,0.7598149430462986,25,30,0
24,3647,1.236793902377092e-06,0.1200072052481119,0.12017661694489293,0.7598149410130931,25,30,0
24,3648,1.236793902377092e-06,0.1200072052481119,0.12017650245000917,0.7598150555079768,25,30,0
24,3649,1.2367939023383916e-06,0.12000007493534671,0.12018363276060105,0.7598150555101499,25,30,0
24,3650,1.2367939023383916e-06,0.12000007493534671,0.12018363277069924,0.7598150555000517,25,30,0
24,3651,1.2367939023383916e-06,0.12000007493534671,0.12018833462296509,0.7598103536477859,25,30,0
24,3652,1.2367939023383912e-06,0.12000007493534671,0.12009604098491082,0.7599026472858401,25,30,0
24,3653,1.2367939023383912e-06,0.12000007493534671,0.12009604148401905,0.759902646786732,25,30,0
24,3654,1.2367939023383912e-06,0.12000007493534671,0.12009604039859118,0.7599026478721598,25,30,0
24,3655,1.2367939023385841e-06,0.12000007493534898,0.0882729636553194,0.7917257246154292,25,30,0
24,3656,1.2367939023385841e-06,0.12000006815482568,0.08827297043584276,0.7917257246154292,25,30,0
24,3657,1.2367939023385841e-06,0.12000006815482568,0.08827291697069654,0.7917257780805755,25,30,0
24,3658,1.2367939023385841e-06,0.12000006815482568,0.08827291698079184,0.7917257780704802,25,30,0
24,3659,1.2367939023385841e-06,0.12000006815482568,0.08827516741098121,0.7917235276402907,25,30,0
24,3660,1.2367939023385837e-06,0.12000006815482568,0.08827515187015084,0.7917235431811213,25,30,0
24,3661,1.2368083837185306e-06,0.11999998381993279,0.08827523619273542,0.7917235431789481,25,30,0
24,3662,1.2368083837185306e-06,0.11999998381993279,0.08827053295313965,0.7917282464185439,25,30,0
24,3663,1.2368083837185306e-06,0.1199999838199371,0.08840005497217614,0.7915987243995031,25,30,0
24,3664,1.236808383718531e-06,0.1199999838199371,0.08840005303527293,0.7915987263364063,25,30,0
24,3665,1.236808383718531e-06,0.1199999838199371,0.08840665724432845,0.7915921221273509,25,30,0
24,3666,1.236808383718531e-06,0.1199999838199371,0.0884066581569137,0.7915921212147655,25,30,0
24,3667,1.236808383718531e-06,0.1199999838199371,0.08840669813301436,0.7915920812386651,25,30,0
24,3668,1.236808383718531e-06,0.1199999838199371,0.08840665817380998,0.7915921211978695,25,30,0
24,3669,1.236808383718531e-06,0.1199999838199371,0.08840666067112385,0.7915921187005556,25,30,0
24,3670,1.236808383718531e-06,0.1199999838199371,0.08840828347585906,0.7915904958958204,25,30,0
24,3671,1.236808383718531e-06,0.1199999838199371,0.08840839890230111,0.7915903804693784,25,30,0
24,3672,1.236808383718531e-06,0.1199995902606046,0.0884087924616336,0.7915903804693784,25,30,0
24,3673,1.236808383718531e-06,0.1199995902606046,0.08840813631893023,0.7915910366120817,25,30,0
24,3674,1.236808383718531e-06,0.1199995902606046,0.08840651289111717,0.7915926600398947,25,30,0
24,3675,1.236808383718531e-06,0.1199995902606046,0.08840651085827203,0.7915926620727398,25,30,0
24,3676,1.236808383718531e-06,0.11998873099217963,0.08841737012669697,0.7915926620727398,25,30,0
24,3677,1.236808383718531e-06,0.11998873099217963,0.08841736759411821,0.7915926646053186,25,30,0
24,3678,1.236808383718531e-06,0.11998873099217963,0.0884173675590661,0.7915926646403707,25,30,0
24,3679,1.236808383718531e-06,0.11998873099217963,0.08841736750737467,0.7915926646920624,25,30,0
24,3680,1.236808383718531e-06,0.11998873099217963,0.08841736888356458,0.7915926633158723,25,30,0
24,3681,1.2368083837183352e-06,0.11998873099217615,0.08024047538695242,0.799769556812488,25,30,0
24,3682,1.2368083837183352e-06,0.11998873099217615,0.08024047335286355,0.7997695588465769,25,30,0
24,3683,1.2368083837183352e-06,0.11998873099217615,0.08024047335348106,0.7997695588459593,25,30,0
24,3684,1.2368083837183523e-06,0.11998873100598932,0.08060804993973358,0.7994019822458936,25,30,0
24,3685,1.2368083837183523e-06,0.11998873100598932,0.08060804996390024,0.799401982221727,25,30,0
24,3686,1.2368083837183523e-06,0.11998873100598932,0.08060804929948416,0.799401982886143,25,30,0
24,3687,1.2368083837183523e-06,0.11998873100598932,0.08060642642340636,0.7994036057622208,25,30,0
24,3688,1.2368083837183523e-06,0.11998873683543002,0.08060642059396562,0.7994036057622208,25,30,0
24,3689,1.2368083837183523e-06,0.11998873683543002,0.08060642057732588,0.7994036057788604,25,30,0
24,3690,1.2368083837183523e-06,0.11998873683543002,0.08060642059635693,0.7994036057598294,25,30,0
24,3691,1.2368083837183523e-06,0.11998873683543002,0.08051640667858916,0.7994936196775971,25,30,0
24,3692,1.2368083837183523e-06,0.11998873683543002,0.08051640674996044,0.7994936196062258,25,30,0
24,3693,1.2368083837183523e-06,0.11999960275411822,0.08050554083127226,0.7994936196062258,25,30,0
24,3694,1.2368083837183523e-06,0.11999960275411822,0.08050562335422652,0.7994935370832715,25,30,0
24,3695,1.2368083837183525e-06,0.1199996027541225,0.08059791902874558,0.7994012414087482,25,30,0
24,3696,1.2368083837183525e-06,0.1199996027541225,0.08059791902921612,0.7994012414082776,25,30,0
24,3697,1.2368083837183525e-06,0.1199996027541225,0.08059788047309847,0.7994012799643953,25,30,0
24,3698,1.2368083837183525e-06,0.11999921270214858,0.0805982705250724,0.7994012799643953,25,30,0
24,3699,1.2368083837183525e-06,0.11999921270214858,0.08059826907792425,0.7994012814115434,25,30,0
24,3700,1.2368083837183525e-06,0.11999921270214858,0.08060285646015089,0.799396694029317,25,30,0
24,3701,1.2368083837183525e-06,0.11999921270214858,0.08060285650352111,0.7993966939859467,25,30,0
24,3702,1.2368083837183525e-06,0.11999921270214858,0.08060285653918056,0.7993966939502873,25,30,0
24,3703,1.2368083837183525e-06,0.11999921270214858,0.08060285652029227,0.7993966939691757,25,30,0
24,3704,1.2368083837183525e-06,0.11999920599324712,0.08060286322919376,0.7993966939691757,25,30,0
24,3705,1.2368083837183525e-06,0.11999920605036211,0.08060286317207878,0.7993966939691757,25,30,0
24,3706,1.2368083837183525e-06,0.11999920605036211,0.08060286317208255,0.7993966939691718,25,30,0
24,3707,1.2368083837183525e-06,0.11999920605036211,0.0806028631653454,0.7993966939759091,25,30,0
24,3708,1.2368083837183525e-06,0.11999920605036211,0.08060286519941988,0.7993966919418345,25,30,0
24,3709,1.2368083837183962e-06,0.10124407717029457,0.09935799407948737,0.7993966919418345,25,30,0
24,3710,1.2368083837183962e-06,0.10124407717029457,0.09935799405929446,0.7993966919620275,25,30,0
24,3711,1.2368083837183962e-06,0.10124407717029457,0.09935799407005007,0.7993966919512718,25,30,0
24,3712,1.2368083837183962e-06,0.10124407717029457,0.09935802053595584,0.799396665485366,25,30,0
24,3713,1.2368083837183962e-06,0.10124407717029457,0.09935794006668022,0.7993967459546417,25,30,0
24,3714,1.2368083837183962e-06,0.10124407717029457,0.0993579386199583,0.7993967474013636,25,30,0
24,3715,1.2368083837183962e-06,0.10124407717029457,0.09935782273954506,0.7993968632817767,25,30,0
24,3716,1.2368083837183962e-06,0.10124407717029457,0.09935554098900751,0.7993991450323144,25,30,0
24,3717,1.2368083837183962e-06,0.10124407717029457,0.09935554096422802,0.7993991450570939,25,30,0
24,3718,1.2368083837183962e-06,0.10124407717029457,0.0993555409289903,0.7993991450923315,25,30,0
24,3719,1.2368083837183962e-06,0.10124407717029457,0.09935083966196002,0.7994038463593618,25,30,0
24,3720,1.2368083837183962e-06,0.10124407717029457,0.09935095554346603,0.7994037304778558,25,30,0
24,3721,1.2368083837183962e-06,0.10124407717029457,0.099350995529621,0.7994036904917009,25,30,0
24,3722,1.236798743064392e-06,0.10124407709295397,0.09932806969184896,0.799426616416454,25,30,0
24,3723,1.236798743064392e-06,0.10124407709295397,0.09932804121939434,0.7994266448889086,25,30,0
24,3724,1.236798743064392e-06,0.10124407401222388,0.09932804430012444,0.7994266448889086,25,30,0
24,3725,1.2367987430643916e-06,0.1012440740122196,0.09924045189017106,0.7995142372988663,25,30,0
24,3726,1.236798743064392e-06,0.1012440740122196,0.0992404185047542,0.7995142706842832,25,30,0
24,3727,1.236798743064392e-06,0.1012440740122196,0.09924030257860408,0.7995143866104332,25,30,0
24,3728,1.236798743064392e-06,0.10124408382408967,0.09924029276673403,0.7995143866104332,25,30,0
24,3729,1.236798743064392e-06,0.10124408382408967,0.09924257034540222,0.7995121090317651,25,30,0
24,3730,1.236798743064392e-06,0.10124408382408967,0.09923786708083666,0.7995168122963305,25,30,0
24,3731,1.2367987430643922e-06,0.10124408382408974,0.09923798441558483,0.7995166949615823,25,30,0
24,3732,1.2367987430643922e-06,0.10124408382408974,0.09923798441558475,0.7995166949615823,25,30,0
24,3733,1.2367987430643922e-06,0.10124408382408547,0.09910846096082469,0.7996462184163466,25,30,0
24,3734,1.2367987430643922e-06,0.10124408382408547,0.09910846096038993,0.7996462184167815,25,30,0
24,3735,1.2367987430643922e-06,0.10124408382408547,0.09910846096042539,0.799646218416746,25,30,0
24,3736,1.236798743064392e-06,0.1012440838240854,0.09910834358999931,0.7996463357871723,25,30,0
24,3737,1.2367939023379914e-06,0.10124408382362972,0.0990637705424008,0.799690908840067,25,30,0
24,3738,1.2367939023379912e-06,0.10124408382362972,0.09906368801061802,0.7996909913718498,25,30,0
24,3739,1.2367939023379912e-06,0.10124408382362972,0.09906368801000012,0.7996909913724679,25,30,0
24,3740,1.2367939023379912e-06,0.10124408382362972,0.09906368871104072,0.7996909906714272,25,30,0
24,3741,1.2367939023382201e-06,0.10124408380981656,0.09868950938718238,0.8000651700090987,25,30,0
24,3742,1.2367939023382201e-06,0.10124408380981656,0.09868950846291895,0.800065170933362,25,30,0
24,3743,1.2367939023382201e-06,0.10124408380981656,0.09868950990960793,0.8000651694866728,25,30,0
24,3744,1.2367939023382201e-06,0.10124408380981656,0.09868950994469708,0.8000651694515837,25,30,0
24,3745,1.2367939023382201e-06,0.10124408380981656,0.09868946998375046,0.8000652094125305,25,30,0
24,3746,1.2367939023382201e-06,0.10124408380981656,0.09868946930748117,0.8000652100887997,25,30,0
24,3747,1.2367939023382201e-06,0.10124408380981656,0.09868946933244596,0.8000652100638349,25,30,0
24,3748,1.2367939023382201e-06,0.10124408380981656,0.09868946933397188,0.800065210062309,25,30,0
24,3749,1.2367939025335537e-06,0.10124421008860499,0.09875623997408906,0.7999983131434031,25,30,0
24,3750,1.2367939025335537e-06,0.10124421008860499,0.09875623998407551,0.7999983131334167,25,30,0
24,3751,1.2368499676279282e-06,0.10124408810308885,0.0987569639659704,0.799997711080973,25,30,0
24,3752,1.2368499676276824e-06,0.10124408810308885,0.09875696046149547,0.7999977145854479,25,30,0
24,3753,1.2368499676276824e-06,0.10124408810308885,0.0987569609484109,0.7999977140985324,25,30,0
24,3754,1.236793902416317e-06,0.10124433704517923,0.09875671206868392,0.7999977140922341,25,30,0
24,3755,1.236793902416317e-06,0.10124433704517923,0.09875671205873958,0.7999977141021786,25,30,0
24,3756,1.2367939024162964e-06,0.08079218859568034,0.11920886050823841,0.7999977141021786,25,30,0
24,3757,1.2367939024162964e-06,0.08079218859568034,0.11920886047361305,0.7999977141368039,25,30,0
24,3758,1.2367939024162964e-06,0.08079218859568034,0.11920886050928851,0.7999977141011285,25,30,0
24,3759,1.2367939024162964e-06,0.08079218859568034,0.11920886047225197,0.7999977141381652,25,30,0
24,3760,1.2367939024162964e-06,0.08079218859568034,0.11920894247230673,0.7999976321381104,25,30,0
24,3761,1.2367939024162966e-06,0.08079218859568042,0.11921056761524586,0.7999960069951711,25,30,0
24,3762,1.2367939024162966e-06,0.08079218859568042,0.11921056763959267,0.7999960069708243,25,30,0
24,3763,1.2367939024162966e-06,0.08079218859568041,0.11920828804480343,0.7999982865656137,25,30,0
24,3764,1.2367939024162973e-06,0.08079218859568041,0.11921298929137275,0.7999935853190443,25,30,0
24,3765,1.2367939024162973e-06,0.08079218859568041,0.1192129878797005,0.7999935867307165,25,30,0
24,3766,1.2367939024162973e-06,0.08079199791601013,0.1192131785593708,0.7999935867307165,25,30,0
24,3767,1.2367939024162973e-06,0.08079218169712572,0.11921299477825523,0.7999935867307165,25,30,0
24,3768,1.2367939024162973e-06,0.08079218169712572,0.11921299474259581,0.7999935867663762,25,30,0
24,3769,1.2367939024165423e-06,0.08079218169712572,0.11934037255741906,0.799866208951553,25,30,0
24,3770,1.2367939024165423e-06,0.08079218169712572,0.11934041257729273,0.7998661689316794,25,30,0
24,3771,1.2367939024165423e-06,0.08079218169712572,0.11934033076768412,0.7998662507412878,25,30,0
24,3772,1.2367939024165423e-06,0.08079218169712572,0.11934033073244142,0.7998662507765306,25,30,0
24,3773,1.2367939024165423e-06,0.08079218169712572,0.11934033005479457,0.7998662514541774,25,30,0
24,3774,1.2367939024162973e-06,0.08079218169712572,0.11921295228395964,0.7999936292250124,25,30,0
24,3775,1.2367939024162973e-06,0.08079218169712572,0.11921955852533672,0.7999870229836354,25,30,0
24,3776,1.2367942212477657e-06,0.09548017802078243,0.10453156220136035,0.799987022983636,25,30,0
24,3777,1.2367942212477657e-06,0.09548017802078243,0.10453156286532053,0.7999870223196759,25,30,0
24,3778,1.2367942212477657e-06,0.09548017802078243,0.10453156433124708,0.7999870208537493,25,30,0
24,3779,1.2367942212477657e-06,0.09548017802078243,0.10453156429648665,0.7999870208885096,25,30,0
24,3780,1.2367942212477657e-06,0.09548017802078243,0.10453156427232761,0.7999870209126686,25,30,0
24,3781,1.2367942212477657e-06,0.09548017802078243,0.10453156428588184,0.7999870208991143,25,30,0
24,3782,1.2367942212477657e-06,0.09548017802078243,0.10453164607233115,0.799986939112665,25,30,0
24,3783,1.2367944757103724e-06,0.09468810215018784,0.10532372194266923,0.7999869391126669,25,30,0
24,3784,1.2367944757103724e-06,0.09468810215018784,0.10532372191712687,0.7999869391382094,25,30,0
24,3785,1.2367944757103724e-06,0.09468810215018784,0.10532372189311251,0.7999869391622237,25,30,0
24,3786,1.2367944757103724e-06,0.09468810215018784,0.10532380441605194,0.7999868566392844,25,30,0
24,3787,1.2367944757103724e-06,0.09468810215018784,0.10533041065744397,0.7999802503978926,25,30,0
24,3788,1.2367944757103724e-06,0.09468810215018784,0.1053304386056208,0.7999802224497157,25,30,0
24,3789,1.2367944757103724e-06,0.09468810215018784,0.10533044007695022,0.7999802209783863,25,30,0
24,3790,1.2367942216327119e-06,0.0946878489957422,0.10533069323165181,0.7999802209783843,25,30,0
24,3791,1.2367942216327119e-06,0.0946878489957422,0.10533065465915621,0.7999802595508799,25,30,0
24,3792,1.2367942216327119e-06,0.0946878489957422,0.10533065469420778,0.7999802595158283,25,30,0
24,3793,1.2367939030362784e-06,0.0799995995146663,0.12001890417560362,0.7999802595158276,25,30,0
24,3794,1.2367939030362784e-06,0.0799995995146663,0.12001887570375278,0.7999802879876785,25,30,0
24,3795,1.2367939030362782e-06,0.07999959951466622,0.12001725059666414,0.7999819130947671,25,30,0
24,3796,1.2367939030362782e-06,0.07999959951466622,0.12001725062126856,0.7999819130701628,25,30,0
24,3797,1.2367939030362782e-06,0.07999959951466622,0.12001736651327319,0.799981797178158,25,30,0
24,3798,1.2367939030362782e-06,0.07999959951466622,0.12001736651234808,0.7999817971790831,25,30,0
24,3799,1.2367939030362782e-06,0.07999959951466622,0.12001736652441744,0.7999817971670137,25,30,0
24,3800,1.236793902657929e-06,0.08079216034950962,0.11922480568957392,0.7999817971670137,25,30,0
24,3801,1.236793902657929e-06,0.0807923632320842,0.11922460280699936,0.7999817971670137,25,30,0
24,3802,5.96769385270397e-07,0.08079236323208688,0.11922517608468437,0.799981863913844,25,30,0
24,3803,5.96769385270397e-07,0.08079236323208688,0.11922517663488978,0.7999818633636384,25,30,0
24,3804,5.96769385270397e-07,0.08079236323208688,0.11922517667024643,0.7999818633282818,25,30,0
24,3805,5.96769385270397e-07,0.08079236323208688,0.11922517869202538,0.7999818613065028,25,30,0
24,3806,5.96769385270397e-07,0.08079236323208688,0.11921857247518985,0.7999884675233383,25,30,0
24,3807,5.96769385270397e-07,0.08079236323208688,0.11921848998752717,0.7999885500110008,25,30,0
24,3808,5.96769385270397e-07,0.08079236323208688,0.11921849202116144,0.7999885479773667,25,30,0
24,3809,5.96769385270397e-07,0.08079236323208688,0.11921849201088311,0.7999885479876451,25,30,0
24,3810,5.96769385270397e-07,0.08079236323208688,0.11921849203583007,0.7999885479626981,25,30,0
24,3811,5.96769385270397e-07,0.08079236323208688,0.11921849206121288,0.7999885479373152,25,30,0
24,3812,5.96769385270397e-07,0.08079236323208688,0.11921849347349997,0.7999885465250283,25,30,0
24,3813,5.96769385270397e-07,0.08079236323208688,0.11921849347328417,0.799988546525244,25,30,0
24,3814,5.967693852704792e-07,0.08076089301077635,0.1192499636945946,0.799988546525244,25,30,0
24,3815,5.967693852704792e-07,0.08076089301077635,0.11924996365998533,0.7999885465598533,25,30,0
24,3816,5.967693852704792e-07,0.08076089301077635,0.1192499656927221,0.7999885445271165,25,30,0
24,3817,5.96769385270397e-07,0.08035612289650765,0.11965473580699086,0.7999885445271164,25,30,0
24,3818,5.96769385270397e-07,0.08035612289650765,0.1196546205908593,0.799988659743248,25,30,0
24,3819,5.96769385270397e-07,0.08035612289650765,0.11965461859288604,0.7999886617412214,25,30,0
24,3820,5.96769385270397e-07,0.08035612289650765,0.11965461856732462,0.7999886617667827,25,30,0
24,3821,5.96769385270397e-07,0.08035612289650765,0.11965461714352667,0.7999886631905807,25,30,0
24,3822,5.96769385270397e-07,0.08035612289650765,0.11965457461505948,0.7999887057190479,25,30,0
24,3823,5.96769385270397e-07,0.08035612289650765,0.11965457607290864,0.7999887042611986,25,30,0
24,3824,5.967693852704793e-07,0.08078150393203509,0.11922919503738116,0.7999887042611986,25,30,0
24,3825,5.967693852704997e-07,0.0807708215661911,0.11923987740322342,0.7999887042612004,25,30,0
24,3826,5.967693852704995e-07,0.0807708215661911,0.1192352900202919,0.7999932916441318,25,30,0
24,3827,5.967693852704995e-07,0.0807708215661911,0.11923525056038135,0.7999933311040422,25,30,0
24,3828,5.967693852704172e-07,0.08078168793481114,0.11922438419176133,0.7999933311040422,25,30,0
24,3829,5.967693852651713e-07,0.07998938033281282,0.12001669179375965,0.7999933311040422,25,30,0
24,3830,5.967693852651713e-07,0.07998938033281282,0.1200165758764401,0.7999934470213619,25,30,0
24,3831,5.967693852651713e-07,0.07998937778625904,0.12001657842299386,0.7999934470213619,25,30,0
24,3832,5.967693852651507e-07,0.08000025071185606,0.12000570549739846,0.7999934470213601,25,30,0
24,3833,5.967693852651507e-07,0.08000025071185606,0.12000578735463792,0.7999933651641207,25,30,0
24,3834,5.967693852651507e-07,0.08000025071185606,0.12000578675568141,0.7999933657630772,25,30,0
24,3835,5.967693852651507e-07,0.08000025071185606,0.12000578533329696,0.7999933671854617,25,30,0
24,3836,5.967693852651507e-07,0.08000025071185606,0.12000578529762981,0.7999933672211289,25,30,0
24,3837,5.967693852651507e-07,0.08000025071185606,0.12000578485933415,0.7999933676594246,25,30,0
24,3838,5.967693852651507e-07,0.08000025071185606,0.12000578341094977,0.7999933691078089,25,30,0
24,3839,5.967693852651507e-07,0.08000025071185606,0.12000578343651819,0.7999933690822405,25,30,0
24,3840,5.967693852651507e-07,0.08000025071185606,0.12000578547014333,0.7999933670486153,25,30,0
24,3841,5.967693852651507e-07,0.08000025309132752,0.12000578309067186,0.7999933670486153,25,30,0
24,3842,5.967693852651508e-07,0.08000025309132752,0.12012870032149159,0.7998704498177956,25,30,0
24,3843,5.967693852651508e-07,0.08000025309132752,0.12012861982119012,0.7998705303180971,25,30,0
24,3844,5.967693852651511e-07,0.08000025309133182,0.12013024270264225,0.7998689074366407,25,30,0
24,3845,5.967693852651511e-07,0.08000025309133182,0.12013024270878421,0.7998689074304987,25,30,0
24,3846,5.967693852651511e-07,0.08000025309133182,0.120130242673333,0.7998689074659501,25,30,0
24,3847,5.96769385265151e-07,0.08000025309133182,0.12000071923573571,0.7999984309035475,25,30,0
24,3848,5.96769385265151e-07,0.08000025309133182,0.12000080031131166,0.7999983498279716,25,30,0
24,3849,5.967693852651513e-07,0.08000025301341275,0.12000080038923075,0.7999983498279716,25,30,0
24,3850,5.967693852651513e-07,0.08000025301341275,0.1200007998034266,0.7999983504137756,25,30,0
24,3851,5.968274179282639e-07,0.07999999978190765,0.12000105297689723,0.7999983504137776,25,30,0
24,3852,5.968274179282639e-07,0.07999999978190765,0.12000105294187323,0.7999983504488017,25,30,0
24,3853,5.967693852638268e-07,0.0799999998584851,0.12000105292333042,0.7999983504487996,25,30,0
24,3854,5.967693852638268e-07,0.0799999998584851,0.12000105156596229,0.7999983518061679,25,30,0
24,3855,5.967693852638268e-07,0.0799999998584851,0.1200009690428311,0.7999984343292991,25,30,0
24,3856,5.967693852638268e-07,0.0799999998584851,0.12000096760829933,0.7999984357638307,25,30,0
24,3857,5.967693852638268e-07,0.0799999998584851,0.12000096758296969,0.7999984357891604,25,30,0
24,3858,5.967693852638268e-07,0.0799999998584851,0.12000096629542892,0.799998437076701,25,30,0
24,3859,5.967693852638268e-07,0.0799999998584851,0.12000100626496676,0.7999983971071631,25,30,0
24,3860,5.967693852638311e-07,0.07999999985848519,0.12000109029247871,0.7999983130796511,25,30,0
24,3861,5.967693852638311e-07,0.07999999985848519,0.12000109173801783,0.7999983116341118,25,30,0
24,3862,5.967693852638311e-07,0.07999999985848519,0.1200010924651039,0.7999983109070259,25,30,0
24,3863,5.967693852637813e-07,0.08040369280569364,0.1195973995178392,0.799998310907082,25,30,0
24,3864,5.967693852637813e-07,0.08040369280569364,0.11959739951785,0.7999983109070712,25,30,0
24,3865,5.967693852637813e-07,0.08040369280569364,0.11959739955308298,0.7999983108718383,25,30,0
24,3866,5.967693852637813e-07,0.08040369280569364,0.1195998006910047,0.7999959097339167,25,30,0
24,3867,5.967693852637813e-07,0.08040369280569364,0.11959980069142535,0.799995909733496,25,30,0
24,3868,5.967693852637813e-07,0.08040369280569364,0.11959980069974761,0.7999959097251736,25,30,0
24,3869,5.967693852637813e-07,0.08040369280569364,0.11959980068463763,0.7999959097402837,25,30,0
24,3870,5.967693852651558e-07,0.08000000406878238,0.12000348905639906,0.7999959101054334,25,30,0
24,3871,5.967693852651558e-07,0.08000000406878238,0.12000348969714178,0.7999959094646906,25,30,0
24,3872,5.967693852654852e-07,0.05123992008010364,0.1487635736858205,0.7999959094646906,25,30,0
24,3873,5.967693852654852e-07,0.05123992008010364,0.14876357348417016,0.7999959096663409,25,30,0
24,3874,5.967693852654851e-07,0.05123992008010364,0.148761170909801,0.7999983122407102,25,30,0
24,3875,5.967693852654851e-07,0.05123992008010364,0.14876125339776705,0.7999982297527441,25,30,0
24,3876,5.967693852654851e-07,0.05123992008010364,0.14876125342448604,0.7999982297260252,25,30,0
24,3877,5.967693852655023e-07,0.05123992008010364,0.14876125690581948,0.7999982262446917,25,30,0
24,3878,5.967693852655023e-07,0.05123992008010364,0.14876125831834738,0.7999982248321639,25,30,0
24,3879,5.967693852655023e-07,0.05123992008010364,0.14876126035177487,0.7999982227987364,25,30,0
24,3880,5.967693852655023e-07,0.05123992008010364,0.14876125966241566,0.7999982234880956,25,30,0
24,3881,5.967693852655023e-07,0.05123992008010364,0.1487612203687374,0.799998262781774,25,30,0
24,3882,5.967693852655023e-07,0.05123992008010364,0.1487611398664373,0.799998343284074,25,30,0
24,3883,5.967693852655023e-07,0.05123992008010364,0.14876276230509652,0.7999967208454147,25,30,0
24,3884,5.967693852655023e-07,0.05123992008010364,0.1487628037496632,0.7999966794008481,25,30,0
24,3885,5.967693852654981e-07,0.051239920080103564,0.14876271924802262,0.7999967639024886,25,30,0
24,3886,5.967693852654981e-07,0.051239920080103564,0.14876499884097447,0.7999944843095368,25,30,0
24,3887,5.967693852654981e-07,0.051239910555400135,0.14876500836567794,0.7999944843095368,25,30,0
24,3888,5.967693852654981e-07,0.051239910555400135,0.1487650063410063,0.7999944863342084,25,30,0
24,3889,5.967693852654981e-07,0.051239910555400135,0.14876500634138404,0.7999944863338306,25,30,0
24,3890,2.3800640432506265e-10,0.05123991055539892,0.14876566837900426,0.7999944208275904,25,30,0
24,3891,2.3800640432505733e-10,0.05123991055539892,0.1487656554160539,0.7999944337905408,25,30,0
24,3892,2.3800640432505733e-10,0.05123991055539892,0.1487656538827698,0.799994435323825,25,30,0
24,3893,2.380064043423069e-10,0.05123991055539899,0.14876579693395656,0.7999942922726381,25,30,0
24,3894,2.3800640434208096e-10,0.0512399105553947,0.14889369973930447,0.7998663894672943,25,30,0
24,3895,2.3800640434208096e-10,0.0512399105553947,0.14889369949249318,0.7998663897141057,25,30,0
24,3896,2.3800640434208096e-10,0.0512399105553947,0.14889369902824678,0.799866390178352,25,30,0
24,3897,2.3800640434208096e-10,0.0512399105553947,0.1488936989684286,0.7998663902381702,25,30,0
24,3898,2.3800640434208225e-10,0.051239910555399,0.14889389768624306,0.7998661915203514,25,30,0
24,3899,2.3800640434208225e-10,0.051239910555399,0.1488939801742167,0.7998661090323779,25,30,0
24,3900,2.3800640434208225e-10,0.051239910555399,0.14889398014748548,0.7998661090591093,25,30,0
24,3901,2.380061745779505e-10,0.05123991063446977,0.14889398006841495,0.7998661090591093,25,30,0
24,3902,2.380061745779505e-10,0.05123991063446977,0.14889409598510922,0.799865993142415,25,30,0
24,3903,2.380061745779492e-10,0.05123991063446548,0.14889389725763072,0.7998661918698977,25,30,0
24,3904,2.380061745779492e-10,0.05123991063446548,0.14889389724393384,0.7998661918835946,25,30,0
24,3905,2.380061745779492e-10,0.05123991063446548,0.14889389926542118,0.7998661898621073,25,30,0
24,3906,2.380061745778724e-10,0.05123991063446548,0.14876437152003275,0.7999957176074958,25,30,0
24,3907,2.380061745778725e-10,0.05123991063446548,0.1487643722665584,0.7999957168609702,25,30,0
24,3908,2.380061745778725e-10,0.05123991063446548,0.14876209270884666,0.7999979964186817,25,30,0
24,3909,2.3800617323464666e-10,0.05123990626872511,0.147495906321586,0.8012641871716828,25,30,0
24,3910,2.3800617323464666e-10,0.05123990626872511,0.14749436590633405,0.8012657275869347,25,30,0
24,3911,2.3800617323464666e-10,0.05123990626872511,0.1474942838572526,0.8012658096360162,25,30,0
24,3912,2.3800617323464676e-10,0.05123990626872511,0.1474942858906955,0.8012658076025732,25,30,0
24,3913,2.3800617323464676e-10,0.05123990626872511,0.147494400325657,0.8012656931676116,25,30,0
24,3914,2.3800617323464676e-10,0.05123990626872511,0.14749440034284567,0.8012656931504231,25,30,0
24,3915,2.3800617323464676e-10,0.05123990626872511,0.14749440236480005,0.8012656911284686,25,30,0
24,3916,2.390238837346544e-10,0.05124015933522264,0.14749414929717042,0.8012656911285828,25,30,0
24,3917,2.3902388371739944e-10,0.05124015933522256,0.14749400480654148,0.8012658356192119,25,30,0
24,3918,2.3902388371739944e-10,0.05124015933522256,0.14749400282352487,0.8012658376022285,25,30,0
24,3919,2.3902388371739944e-10,0.05123977546476335,0.14749438669398424,0.8012658376022285,25,30,0
24,3920,2.390238837174048e-10,0.05123977546476335,0.14749431077111852,0.8012659135250942,25,30,0
24,3921,2.390238837001499e-10,0.05123977546476335,0.14749430731475613,0.8012659169814564,25,30,0
24,3922,2.390238837002255e-10,0.05123977546476335,0.1474943098222108,0.8012659144740018,25,30,0
24,3923,2.390238837002256e-10,0.05123977546476335,0.14749439230948835,0.8012658319867243,25,30,0
24,3924,2.390238837002255e-10,0.05123977546476335,0.1474990946006919,0.8012611296955207,25,30,0
24,3925,2.3813097865343625e-10,0.05164320967504041,0.14709566039136587,0.8012611296954624,25,30,0
24,3926,2.381309786534363e-10,0.05164320967504041,0.147090958563859,0.8012658315229693,25,30,0
24,3927,2.3800647340850817e-10,0.0512397704516696,0.14749439778741047,0.8012658315229132,25,30,0
24,3928,2.380064734085081e-10,0.0512397704516696,0.14749442422683842,0.8012658050834852,25,30,0
24,3929,2.380064734085081e-10,0.05124015431951508,0.14749404035899288,0.8012658050834852,25,30,0
24,3930,2.3800647340843243e-10,0.05124015431951508,0.14749403782641365,0.8012658076160645,25,30,0
24,3931,2.3800647340843243e-10,0.05124015431951508,0.147495659526467,0.8012641859160113,25,30,0
24,3932,2.380064734127409e-10,0.05124015431951508,0.14749570209088836,0.80126414335159,25,30,0
24,3933,1.0687306288507789e-05,0.04000049024172636,0.15872467910039334,0.801264143351592,25,30,0
24,3934,1.0687306288507789e-05,0.04000049024172636,0.1587231341556284,0.801265688296357,25,30,0
24,3935,1.0687306288507789e-05,0.04000049024172636,0.15872313340951108,0.8012656890424743,25,30,0
24,3936,1.0687306288507789e-05,0.04000049024172636,0.15872313393533266,0.8012656885166527,25,30,0
24,3937,1.0687306288507789e-05,0.04000049024172636,0.1587231054870273,0.801265716964958,25,30,0
24,3938,1.0687306288507789e-05,0.04000049024172636,0.15872322089510807,0.8012656015568773,25,30,0
24,3939,1.0687306288507789e-05,0.04000049024172636,0.15872310500317988,0.8012657174488054,25,30,0
24,3940,1.0692873696174743e-05,0.040000490241725,0.15872309823801115,0.8012657186465681,25,30,0
24,3941,1.0692873696174743e-05,0.040000490241725,0.15872317931318047,0.8012656375713987,25,30,0
24,3942,1.0692873696174743e-05,0.040000490241725,0.15872318134884641,0.8012656355357328,25,30,0
24,3943,1.0692873696174743e-05,0.040000490241931405,0.1649730151773482,0.7950158017070246,25,30,0
24,3944,1.0692873696174743e-05,0.040000490241931405,0.16497301717593582,0.7950157997084366,25,30,0
24,3945,1.0692873696174743e-05,0.040000490241931405,0.16497293536588828,0.7950158815184841,25,30,0
24,3946,1.0692873696174743e-05,0.040000490241931405,0.16497289333698936,0.795015923547383,25,30,0
24,3947,9.85405659805631e-05,0.04000049024193701,0.16488504799776002,0.7950159211943224,25,30,0
24,3948,9.85405659805631e-05,0.04000049024193701,0.16488504799776377,0.7950159211943186,25,30,0
24,3949,9.854056598087634e-05,0.04000049024151961,0.16615003215554758,0.7937509370369519,25,30,0
24,3950,9.854056598087634e-05,0.04000049024151961,0.16615231177549464,0.7937486574170047,25,30,0
24,3951,9.854056598087634e-05,0.04000049024151961,0.1661523137922977,0.7937486554002018,25,30,0
24,3952,9.854056598087634e-05,0.04000049024151961,0.166152273298073,0.7937486958944265,25,30,0
24,3953,9.854056598087634e-05,0.04000049024151961,0.16615227332284693,0.7937486958696525,25,30,0
24,3954,9.854056598087634e-05,0.04000049024151961,0.1661522726216235,0.7937486965708759,25,30,0
24,3955,9.854056598087634e-05,0.04000049024151961,0.16615227263147486,0.7937486965610246,25,30,0
24,3956,9.854056598087634e-05,0.04000049024151961,0.16615227216717943,0.7937486970253199,25,30,0
24,3957,9.854056598087634e-05,0.04000049024151961,0.16615227012122755,0.7937486990712719,25,30,0
24,3958,9.854056598049256e-05,0.04000024662969699,0.16615251373304868,0.7937486990712739,25,30,0
24,3959,1.068707653847164e-05,0.04000024662984643,0.16579548613338418,0.7941935801602311,25,30,0
24,3960,1.068707653847164e-05,0.04000024662984643,0.16579548611871112,0.794193580174904,25,30,0
24,3961,1.068707653847164e-05,0.04000024662984643,0.16579776571165442,0.7941913005819607,25,30,0
24,3962,1.068707653847164e-05,0.04000024662984643,0.1657977671946549,0.7941912990989602,25,30,0
24,3963,1.068707653847164e-05,0.04000024662984643,0.16579768470676026,0.7941913815868549,25,30,0
24,3964,1.0841705844818729e-05,0.04000024662977278,0.1662424112090034,0.7937465004553792,25,30,0
24,3965,1.0841705844818729e-05,0.04000024662977278,0.16624233325314822,0.7937465784112342,25,30,0
24,3966,1.0841705844818729e-05,0.04000024662977278,0.16624238726867044,0.793746524395712,25,30,0
24,3967,1.0841705844818729e-05,0.04000024662977278,0.16624238723344123,0.7937465244309412,25,30,0
24,3968,1.0841705844818729e-05,0.04000024662977278,0.166242387233452,0.7937465244309304,25,30,0
24,3969,1.0841705844818729e-05,0.04000024662977706,0.16633468288978429,0.7936542287745938,25,30,0
24,3970,1.0841705844818729e-05,0.04000024662977706,0.16633244325589852,0.7936564684084796,25,30,0
24,3971,1.0841705844818729e-05,0.04000024662977278,0.1662401475746121,0.7937487640897704,25,30,0
24,3972,1.0841705844818729e-05,0.04000024662977277,0.1662400316317708,0.7937488800326115,25,30,0
24,3973,1.0841705844818729e-05,0.04000024662977277,0.16624231126258024,0.793746600401802,25,30,0
24,3974,1.0841705848967515e-05,0.0400002466297488,0.16617483786822876,0.7938140737961733,25,30,0
24,3975,1.5463756914620541e-07,0.04000012033981196,0.16618565122644743,0.7938140737961713,25,30,0
24,3976,1.5463756914620541e-07,0.04000012033981196,0.16618564921005421,0.7938140758125647,25,30,0
24,3977,1.5463756914622265e-07,0.04000012033981196,0.16618881239224043,0.7938109126303785,25,30,0
24,3978,1.5463756914622265e-07,0.04000012033981196,0.16618881235718824,0.7938109126654307,25,30,0
24,3979,1.5463756914622265e-07,0.04000012033960556,0.1599389785280694,0.8000607464947562,25,30,0
24,3980,1.546491206550856e-07,0.04000012034180325,0.15682847056725815,0.8031712544418181,25,30,0
24,3981,1.546491206550856e-07,0.04000012034180325,0.1568284720398104,0.8031712529692657,25,30,0
24,3982,1.5464911848117904e-07,0.040007136669707934,0.15682145571190775,0.803171252969266,25,30,0
24,3983,1.546375625871178e-07,0.04000713666885218,0.1599331065655916,0.8000596021279937,25,30,0
24,3984,1.546375625871178e-07,0.04000713666885218,0.1599331065660443,0.8000596021275408,25,30,0
24,3985,1.546375625871178e-07,0.04000713666885218,0.15993310587747553,0.8000596028161095,25,30,0
24,3986,1.546375625871178e-07,0.04000713666885218,0.1599331079194344,0.8000596007741507,25,30,0
24,3987,1.546375626639284e-07,0.04081307287006926,0.15912717171821777,0.8000596007741507,25,30,0
24,3988,1.546375626639284e-07,0.04081307287006926,0.15912716970935897,0.8000596027830095,25,30,0
24,3989,1.546375626639284e-07,0.04081307287006926,0.1591272856021838,0.8000594868901847,25,30,0
24,3990,1.546375626639284e-07,0.04081307287006926,0.15912732556178946,0.800059446930579,25,30,0
24,3991,1.546375626639284e-07,0.04081307287006926,0.15912732553716608,0.8000594469552023,25,30,0
24,3992,1.5463756266392844e-07,0.040790666095168404,0.15914973231206694,0.8000594469552023,25,30,0
24,3993,1.5463756266392844e-07,0.040790666095168404,0.1591474527068296,0.8000617265604397,25,30,0
24,3994,1.5463756266392844e-07,0.040790666095168404,0.15914741271988375,0.8000617665473855,25,30,0
24,3995,1.5463756266392844e-07,0.040790666095168404,0.1591474126951098,0.8000617665721594,25,30,0
24,3996,1.5463756266392844e-07,0.040790666095168404,0.15914741266992613,0.8000617665973431,25,30,0
24,3997,1.5463756266392844e-07,0.040790666095168404,0.15914752858770692,0.8000616506795624,25,30,0
24,3998,1.5463756266392844e-07,0.040790666095168404,0.1591475015743653,0.800061677692904,25,30,0
24,3999,1.5463756266392844e-07,0.040790666095168404,0.1591473856918049,0.8000617935754645,25,30,0
24,4000,1.5463756266392844e-07,0.040790666095168404,0.1591496652850815,0.8000595139821879,25,30,0
24,4001,1.54637647379934e-07,0.040783610049744776,0.15915672132824954,0.8000595139843587,25,30,0
24,4002,1.5463764737993398e-07,0.03908755939035209,0.160852771987642,0.8000595139843587,25,30,0
24,4003,1.5463764737993398e-07,0.03908755939035209,0.16085274351138634,0.8000595424606144,25,30,0
24,4004,1.5463764737993398e-07,0.03908755939035209,0.1608527449239347,0.8000595410480659,25,30,0
24,4005,0.0009638037937429624,0.03908755939042167,0.15988909576950378,0.8000595410463319,25,30,0
24,4006,0.0009638037937429624,0.03908755939042167,0.15988909779499497,0.8000595390208407,25,30,0
24,4007,0.0009638037937429624,0.03908755939042167,0.15988909828143652,0.8000595385343992,25,30,0
24,4008,0.0009638037937429624,0.03908755939042167,0.15988910027895697,0.8000595365368787,25,30,0
24,4009,0.0009638037937429624,0.03908755939042167,0.15988682271855534,0.8000618140972803,25,30,0
24,4010,0.0009638037937429624,0.03908755939042167,0.15988682472680696,0.8000618120890286,25,30,0
24,4011,0.0009638037937429624,0.03908755939042167,0.15988682327935252,0.800061813536483,25,30,0
24,4012,0.0009638037937429624,0.03908755939042167,0.15988678071478524,0.8000618561010504,25,30,0
24,4013,0.0009638037937469486,0.039087559389079735,0.1563851144485369,0.8035635223686366,25,30,0
24,4014,0.0009638037937469486,0.039087559389079735,0.15638283485639645,0.8035658019607772,25,30,0
24,4015,2.128678258126651e-08,0.03908755939788229,0.15690363259952864,0.8040087867158069,25,30,0
24,4016,2.1286782581266514e-08,0.03908755939788229,0.15690374698686263,0.804008672328473,25,30,0
24,4017,2.1286782581249262e-08,0.03908755939788229,0.15690058386467884,0.8040118354506565,25,30,0
24,4018,2.1286782581249186e-08,0.03908755939788229,0.15690058338804355,0.8040118359272919,25,30,0
24,4019,2.1286782581249186e-08,0.040805835674771265,0.15518230711115455,0.8040118359272919,25,30,0
24,4020,2.1286782581249193e-08,0.040805835674771265,0.15518234652342536,0.8040117965150209,25,30,0
24,4021,2.128678258133141e-08,0.04078347624227995,0.1552047059559167,0.8040117965150209,25,30,0
24,4022,2.1286782581331405e-08,0.04078347624227995,0.15520694410278252,0.8040095583681551,25,30,0
24,4023,2.128670229154379e-08,0.04078339051929625,0.15520702982790316,0.8040095583660987,25,30,0
24,4024,2.128670229154379e-08,0.04078339051929625,0.1552070413414585,0.8040095468525433,25,30,0
24,4025,2.1286702291543865e-08,0.04078339051929625,0.15520480176900497,0.8040117864249968,25,30,0
24,4026,2.128670229154379e-08,0.04078339051929625,0.15520476178434853,0.8040118264096533,25,30,0
24,4027,2.1286702291543786e-08,0.04078339051929625,0.15520464586393812,0.8040119423300638,25,30,0
24,4028,2.1286702291481906e-08,0.04036969005124747,0.15561834633198687,0.8040119423300638,25,30,0
24,4029,2.1286702291481906e-08,0.04036969005124747,0.15561834433401028,0.8040119443280404,25,30,0
24,4030,2.1286702291481906e-08,0.04036969005124747,0.15562304759839934,0.8040072410636513,25,30,0
24,4031,2.1286702291481906e-08,0.04036969005124747,0.15562304771425475,0.8040072409477959,25,30,0
24,4032,2.1286702291481906e-08,0.04036969005124747,0.15562774897324144,0.8040025396888093,25,30,0
24,4033,2.1286702291481906e-08,0.04036969005124747,0.15562770897798975,0.804002579684061,25,30,0
24,4034,2.1286702291481906e-08,0.04036969005124747,0.15562770900323802,0.8040025796588125,25,30,0
24,4035,2.135988638274487e-08,0.03956502668943078,0.15643237229186224,0.8040025796588207,25,30,0
24,4036,2.135988638274487e-08,0.03956502668943078,0.15643237231815832,0.8040025796325247,25,30,0
24,4037,2.135988638274487e-08,0.03956502668943078,0.15643237521335018,0.8040025767373328,25,30,0
24,4038,2.1359886382744874e-08,0.03956502668943078,0.15643229931602753,0.8040026526346554,25,30,0
24,4039,1.1673441690527715e-10,0.03960550491979943,0.15683476668329546,0.803559728280171,25,30,0
24,4040,1.1673441690527182e-10,0.03960550491979943,0.15683472736472825,0.8035597675987382,25,30,0
24,4041,1.1673441690527182e-10,0.03960550491979943,0.15683472733887263,0.8035597676245938,25,30,0
24,4042,7.408642239582451e-11,0.039565026680477164,0.15687526606242802,0.8035597071830086,25,30,0
24,4043,7.408642239582442e-11,0.039565026680477164,0.15687530859060442,0.8035596646548322,25,30,0
24,4044,7.408642239582451e-11,0.039565026680477164,0.15687533502986364,0.8035596382155731,25,30,0
24,4045,7.408642239582449e-11,0.039565026680477164,0.156875334538071,0.8035596387073657,25,30,0
24,4046,7.408642239582449e-11,0.039565026680477164,0.1568753344222041,0.8035596388232326,25,30,0
24,4047,7.408642239582446e-11,0.039565026680477164,0.15687063114753677,0.8035643420978998,25,30,0
24,4048,7.408642239582446e-11,0.039565026680477164,0.15687063044586458,0.803564342799572,25,30,0
24,4049,7.408642239582446e-11,0.039565026680477164,0.15687225334585164,0.8035627198995848,25,30,0
24,4050,7.408642239582446e-11,0.039565026680477164,0.156872254072749,0.8035627191726875,25,30,0
24,4051,7.408642239582446e-11,0.039565026680477164,0.15687453077051108,0.8035604424749255,25,30,0
24,4052,7.409980955424434e-11,0.03956503112044982,0.15687452633052487,0.8035604424749255,25,30,0
24,4053,7.409980955424434e-11,0.03956503112044982,0.15687452535688895,0.8035604434485616,25,30,0
24,4054,1.6298941693707282e-10,0.03956649544364291,0.15687306090710817,0.80356044348626,25,30,0
24,4055,4.989590000522356e-09,0.03956503112059498,0.15687452044125394,0.8035604434485616,25,30,0
24,4056,4.989590000522356e-09,0.03956503112059498,0.15687452044168343,0.8035604434481322,25,30,0
24,4057,2.652364493906789e-08,0.03956503069737572,0.15687449932798286,0.8035604434509969,25,30,0
24,4058,2.652364493906789e-08,0.03956503069737572,0.15687450076743126,0.8035604420115484,25,30,0
24,4059,2.6523640954256745e-08,0.03956503069737571,0.1604424760964244,0.7999924666825591,25,30,0
24,4060,2.652364095425682e-08,0.03956503069737578,0.16044313434524443,0.799991808433739,25,30,0
24,4061,2.6523640954256824e-08,0.03956503069737578,0.1604432162872586,0.7999917264917248,25,30,0
24,4062,2.6523640954256824e-08,0.03956503069737578,0.160443271785789,0.7999916709931943,25,30,0
24,4063,2.6523640954256824e-08,0.03956503069737578,0.1604433876427262,0.7999915551362571,25,30,0
24,4064,2.6523640875944426e-08,0.03956503069737579,0.16044459485586263,0.7999903479231207,25,30,0
24,4065,2.6523640875944426e-08,0.03956503069737579,0.1604447107476388,0.7999902320313445,25,30,0
24,4066,2.6523640875944426e-08,0.03956503069737579,0.16044468430776138,0.7999902584712218,25,30,0
24,4067,2.6523640875944426e-08,0.03956503069737579,0.1604446843071356,0.7999902584718476,25,30,0
24,4068,2.6523640875924087e-08,0.04000127175392938,0.16000844325058197,0.7999902584718476,25,30,0
24,4069,2.6523640875924087e-08,0.04000127175392938,0.16000616369489185,0.7999925380275376,25,30,0
24,4070,2.6523640875924014e-08,0.040001271753929306,0.1600038845795482,0.7999948171428813,25,30,0
24,4071,2.6523640875924014e-08,0.040001271753929306,0.16000384458476805,0.7999948571376617,25,30,0
24,4072,2.6523640875924014e-08,0.040001271753929306,0.16000372870327806,0.7999949730191517,25,30,0
24,4073,2.6523640875924014e-08,0.040001271753929306,0.16000372871266716,0.7999949730097626,25,30,0
24,4074,2.6523640875924008e-08,0.040001271753929306,0.16000372669070267,0.7999949750317272,25,30,0
24,4075,2.6523640875924008e-08,0.040001271753929306,0.16000372739112848,0.7999949743313013,25,30,0
24,4076,2.6523640875924008e-08,0.040001271753929306,0.16000372736422502,0.7999949743582048,25,30,0
24,4077,2.6523640875924008e-08,0.04000088788749294,0.16000411123066136,0.7999949743582048,25,30,0
24,4078,4.0301915413770236e-08,0.040000883851130646,0.15995261131969316,0.8000464645272609,25,30,0
24,4079,4.0301915413770236e-08,0.040000883851130646,0.1599526112844885,0.8000464645624656,25,30,0
24,4080,4.0301915413770236e-08,0.040000883851130646,0.15995261130785393,0.8000464645391001,25,30,0
24,4081,4.0301915413770236e-08,0.040000883851130646,0.15995261130772973,0.8000464645392243,25,30,0
24,4082,4.0301915413770236e-08,0.040000883851130646,0.1599526113430864,0.8000464645038677,25,30,0
24,4083,5.7942150981116e-05,0.040000883858484444,0.15989470948665616,0.8000464645038785,25,30,0
24,4084,5.7942150981116e-05,0.040000883858484444,0.1598969511232491,0.8000442228672856,25,30,0
24,4085,5.7942150981116e-05,0.040000883858484444,0.15989695108570742,0.8000442229048272,25,30,0
24,4086,5.7942150981116e-05,0.040000883858484444,0.15989694906097676,0.800044224929558,25,30,0
24,4087,5.7942150981116e-05,0.040000883858484444,0.15989695109396662,0.8000442228965681,25,30,0
24,4088,5.7942150981116e-05,0.040000883858484444,0.15989695312657412,0.8000442208639607,25,30,0
24,4089,5.7942150981116e-05,0.040000883858484444,0.15989471151522705,0.8000464624753075,25,30,0
24,4090,5.7942150981116e-05,0.040000883858484444,0.1598900082142822,0.8000511657762525,25,30,0
24,4091,5.7942150981116e-05,0.040000883858484444,0.1598900077403556,0.8000511662501789,25,30,0
24,4092,5.7942150981116e-05,0.040000883858484444,0.1598900090557006,0.8000511649348339,25,30,0
24,4093,5.7942150981116e-05,0.040000883858484444,0.15989003749310418,0.8000511364974304,25,30,0
24,4094,5.794215098111601e-05,0.0399929885906778,0.15989793275535136,0.8000511365029898,25,30,0
24,4095,5.794215098111601e-05,0.0399929885906778,0.1598979327555353,0.8000511365028058,25,30,0
24,4096,5.794215098111601e-05,0.0399929885906778,0.15989787729161983,0.8000511919667211,25,30,0
24,4097,5.794215098111601e-05,0.0399929885906778,0.15989787796896068,0.8000511912893803,25,30,0
24,4098,5.794215098111601e-05,0.0399929885906778,0.15989799591578147,0.8000510733425595,25,30,0
24,4099,5.794215098111601e-05,0.0399929885906778,0.15989799730249962,0.8000510719558415,25,30,0
24,4100,5.794215098111601e-05,0.03999298859068144,0.16597104439363433,0.7939780248647031,25,30,0
24,4101,5.794215098111601e-05,0.03999298859068144,0.1659709633178349,0.7939781059405024,25,30,0
24,4102,7.255643469970444e-05,0.03999171123060486,0.16595762639420253,0.7939781059404925,25,30,0
24,4103,7.255643469970444e-05,0.03999171123060486,0.16595770746936822,0.7939780248653269,25,30,0
24,4104,7.255643469970444e-05,0.03999171123060486,0.1659577067670847,0.7939780255676102,25,30,0
24,4105,7.255643469970444e-05,0.03999171123060486,0.16595774676236005,0.793977985572335,25,30,0
24,4106,7.255643469970444e-05,0.03999171123060486,0.1659577482202015,0.7939779841144934,25,30,0
24,4107,7.255643469970444e-05,0.03999171123060486,0.16622400025587858,0.7937117320788164,25,30,0
24,4108,7.255643469970444e-05,0.03999171123060486,0.16622400022064604,0.793711732114049,25,30,0
24,4109,7.255643469970444e-05,0.03999171123060486,0.16622627405462279,0.7937094582800723,25,30,0
24,4110,7.255643469970443e-05,0.03999999993961111,0.16621798535117602,0.7937094582745129,25,30,0
24,4111,7.255643469970443e-05,0.03999999024880541,0.16621799504198173,0.7937094582745129,25,30,0
24,4112,7.485235904144886e-05,0.03999999404510563,0.1662671854877188,0.7936579681081342,25,30,0
24,4113,7.485235904144886e-05,0.03999999404510199,0.16032365983999952,0.7996014937558571,25,30,0
24,4114,7.485235904144886e-05,0.03999999404510199,0.16005732672853823,0.7998678268673184,25,30,0
24,4115,7.485235904144886e-05,0.03999999404510199,0.16005732530615296,0.7998678282897036,25,30,0
24,4116,7.485235904144886e-05,0.03999999404510199,0.16005732527049688,0.7998678283253597,25,30,0
24,4117,7.485235904144886e-05,0.03999999404510199,0.16005733679252743,0.7998678168033293,25,30,0
24,4118,7.485235904144886e-05,0.03999999404510199,0.1600573367675733,0.7998678168282833,25,30,0
24,4119,7.485235904144886e-05,0.039999994045101996,0.16005730137117838,0.7998678522246783,25,30,0
24,4120,7.485235904144886e-05,0.03999999404510207,0.16005734210372874,0.7998678114921277,25,30,0
24,4121,7.485235904144886e-05,0.039999994045102065,0.15992781866123912,0.7999973349346173,25,30,0
24,4122,7.485235904144886e-05,0.039977589595639226,0.15995022311070214,0.7999973349346173,25,30,0
24,4123,7.485235904144886e-05,0.039977589595639226,0.15995025154830234,0.7999973064970173,25,30,0
24,4124,7.485235904144886e-05,0.039977589595639226,0.15995033899238378,0.7999972190529359,25,30,0
24,4125,7.485235904144886e-05,0.039977589595639226,0.15995033898362793,0.7999972190616915,25,30,0
24,4126,7.485235904144886e-05,0.03997758959563915,0.15995029757676005,0.7999972604685596,25,30,0
24,4127,6.024715618548341e-05,0.03997758961077964,0.15996490269231117,0.7999972605407238,25,30,0
24,4128,6.024715618548341e-05,0.03997758961077964,0.1646236498877558,0.7953385133452793,25,30,0
24,4129,6.024715618548341e-05,0.03997758961077964,0.1646236499131261,0.795338513319909,25,30,0
24,4130,6.024715618548341e-05,0.03997758961077964,0.16462364919240038,0.7953385140406347,25,30,0
24,4131,6.024715618548341e-05,0.03997758961077964,0.1646236506397389,0.7953385125932961,25,30,0
24,4132,6.024715618548341e-05,0.03997758961077964,0.15996478756211122,0.7999973756709238,25,30,0
24,4133,6.024715618548341e-05,0.03997758961077964,0.1599647875637895,0.7999973756692456,25,30,0
24,4134,5.791591949671153e-05,0.04076991513737112,0.15917479327943287,0.7999973756636991,25,30,0
24,4135,5.791591949671153e-05,0.04076991513737112,0.1591747945864598,0.7999973743566723,25,30,0
24,4136,5.7915919541958e-05,0.04076991513761426,0.11942900274563172,0.8397431661972122,25,30,0
24,4137,5.7915919541958e-05,0.04076991513761426,0.1194289202309403,0.8397432487119036,25,30,0
24,4138,5.7915919541958e-05,0.04076991513761426,0.11943324738594845,0.8397389215568954,25,30,0
24,4139,5.79159194967115e-05,0.04076991513737111,0.11917917633119117,0.8399929926119412,25,30,0
24,4140,5.79159194967115e-05,0.04076991513737111,0.11917917491908918,0.839992994024043,25,30,0
24,4141,5.79159194967115e-05,0.04076991513737111,0.1191791369576314,0.8399930319855009,25,30,0
24,4142,5.79159194967115e-05,0.04076991513737111,0.11917921944553661,0.8399929494975957,25,30,0
24,4143,5.791591971140207e-05,0.040684711851730906,0.11926442273107217,0.8399929494974856,25,30,0
24,4144,5.791591971140207e-05,0.040684711851730906,0.11926590269169837,0.8399914695368593,25,30,0
24,4145,5.791591971140207e-05,0.040684711851730906,0.11926590270417765,0.8399914695243802,25,30,0
24,4146,5.791591971140207e-05,0.040684711851730906,0.11926590413887395,0.839991468089684,25,30,0
24,4147,0.0016563325177495261,0.04068471183659916,0.11766748762693718,0.8399914680187144,25,30,0
24,4148,0.0015985203881383255,0.04068522022788849,0.11772236746230487,0.8399938919216688,25,30,0
24,4149,0.0015985203881383255,0.04068522022788849,0.11772236746336077,0.839993891920613,25,30,0
24,4150,0.0015985203881383255,0.04068522022788849,0.11772236891006366,0.8399938904739099,25,30,0
24,4151,0.0015985203881383255,0.04068522022788849,0.11772237038279303,0.8399938890011804,25,30,0
24,4152,0.0015985203881383255,0.04068522022788849,0.11772237034743283,0.8399938890365408,25,30,0
24,4153,0.0015985203881383255,0.04068522022788849,0.11772237237983613,0.8399938870041374,25,30,0
24,4154,0.0015985203881383255,0.04068522022788849,0.11772245490306654,0.8399938044809068,25,30,0
24,4155,0.0015985203881383255,0.04068522022788849,0.11772245485903746,0.839993804524936,25,30,0
24,4156,0.0015985203881383255,0.04068522022788849,0.1177223737474793,0.839993885636494,25,30,0
24,4157,0.0015985203881383255,0.04068522022788849,0.11772248822631017,0.8399937711576633,25,30,0
24,4158,0.0015985203881383255,0.04068522022788849,0.11772244823121128,0.8399938111527621,25,30,0
24,4159,0.0015985203881383255,0.04068522022788849,0.11772244824367555,0.8399938111402979,25,30,0
24,4160,0.0015985203881383255,0.04068522022788849,0.11772244672186213,0.8399938126621113,25,30,0
24,4161,0.0015985203881383255,0.04068522022788849,0.1177224447256908,0.8399938146582826,25,30,0
24,4162,0.0015985203881383255,0.04068522022788849,0.11772232879970057,0.8399939305842729,25,30,0
24,4163,0.0015985203881383255,0.04068522022788849,0.11772232740068221,0.8399939319832912,25,30,0
24,4164,0.0015985203881383255,0.04068522022788849,0.11772232737549734,0.839993932008476,25,30,0
24,4165,0.0015985203881383255,0.04068522022788849,0.1177224098984547,0.8399938494855186,25,30,0
24,4166,0.0015985203881383255,0.04068522022788849,0.117722410484116,0.8399938488998573,25,30,0
24,4167,0.0015985203881383255,0.04068522022788849,0.11772241187084502,0.8399938475131284,25,30,0
24,4168,0.0015985203881383255,0.04068522022788849,0.11772241183732854,0.8399938475466447,25,30,0
24,4169,0.0015985203881383255,0.04068522022788849,0.11772241384182122,0.8399938455421521,25,30,0
24,4170,0.0015985203881383255,0.04068522022788849,0.11772005603263562,0.8399962033513377,25,30,0
24,4171,0.0015985203879233332,0.03997834736659402,0.11842692889414529,0.8399962033513377,25,30,0
24,4172,0.0015985203879233332,0.03997834736659402,0.11842692829953393,0.8399962039459491,25,30,0
24,4173,0.0015985203879233332,0.03997834736659402,0.11842912537026894,0.8399940068752142,25,30,0
24,4174,0.0015985203879233332,0.03997834736659402,0.11842468229870726,0.8399984499467759,25,30,0
24,4175,0.0015985203879233332,0.03997834736659402,0.11842468029259619,0.8399984519528868,25,30,0
24,4176,0.0015985203879233334,0.039978347447194945,0.1184246802119952,0.8399984519528868,25,30,0
24,4177,0.0015985203879233334,0.04000075807712454,0.11840226958206562,0.8399984519528868,25,30,0
24,4178,6.16401617974303e-07,0.04000075807738587,0.12000017349712058,0.8399984520238761,25,30,0
24,4179,6.16401617974303e-07,0.04000075807738587,0.11999857764298881,0.8400000478780081,25,30,0
24,4180,6.164016179743027e-07,0.04000075807738587,0.1199962980847858,0.8400023274362104,25,30,0
24,4181,6.164016179743027e-07,0.04000075807738587,0.11999629809646203,0.8400023274245342,25,30,0
24,4182,6.164016179743027e-07,0.04000075807738587,0.11999629812144505,0.8400023273995513,25,30,0
24,4183,6.164016179743027e-07,0.04000075807738587,0.11999638064439154,0.8400022448766048,25,30,0
24,4184,9.838894243910374e-06,0.04000024994429186,0.1199900216123159,0.839999889549149,25,30,0
24,4185,9.838894243910374e-06,0.04000024994429186,0.11999002158895877,0.839999889572506,25,30,0
24,4186,9.838894245398821e-06,0.04000008104202675,0.11999019036735176,0.8399998896963767,25,30,0
24,4187,9.838894245398821e-06,0.04000008104202675,0.11999010987741603,0.8399999701863125,25,30,0
24,4188,9.32625472698343e-06,0.040000081901622665,0.11999038805222001,0.8400002037914311,25,30,0
24,4189,9.32625472698343e-06,0.040000081901622665,0.11999038998663568,0.8400002018570153,25,30,0
24,4190,9.32625472698343e-06,0.040000081901622665,0.11999038795360908,0.8400002038900419,25,30,0
24,4191,9.31713133382905e-06,0.040000081041756716,0.11999063161414826,0.8399999702127617,25,30,0
24,4192,9.31713133382905e-06,0.040000081041756716,0.11999063016743451,0.8399999716594754,25,30,0
24,4193,9.31713133382905e-06,0.040000081041756716,0.11999062958157584,0.8399999722453342,25,30,0
24,4194,9.31713133382905e-06,0.040000081041756716,0.11999062836129308,0.8399999734656168,25,30,0
24,4195,9.31713133382905e-06,0.040000081041756716,0.11999062785822956,0.8399999739686802,25,30,0
24,4196,9.31713133382905e-06,0.040000081041756716,0.11999062643625694,0.8399999753906529,25,30,0
24,4197,9.317131839657033e-06,0.03999999662915408,0.11999068985729533,0.8399999963817113,25,30,0
24,4198,9.317131839657033e-06,0.03999999662915408,0.11999064732927883,0.840000038909728,25,30,0
24,4199,9.317131839657033e-06,0.03999999662915408,0.11999065136053334,0.8400000348784734,25,30,0
24,4200,9.317131839657033e-06,0.03999999662915408,0.1199906513857525,0.8400000348532543,25,30,0
24,4201,9.317131839657033e-06,0.039999996629154155,0.11999725765890164,0.839993428580105,25,30,0
24,4202,9.317131839657033e-06,0.03999999662915408,0.11999067985867123,0.8400000063803355,25,30,0
24,4203,9.317131839657033e-06,0.03999999662915408,0.11999063986419005,0.8400000463748165,25,30,0
24,4204,9.317131839657033e-06,0.03999999662915408,0.11999063836573778,0.8400000478732689,25,30,0
24,4205,9.31713183965705e-06,0.039999996629154155,0.12036374195635392,0.8396269442826526,25,30,0
24,4206,9.31713183965705e-06,0.039999996629154155,0.12036376970238251,0.839626916536624,25,30,0
24,4207,9.31713183965705e-06,0.039999988185242225,0.12036377814629441,0.839626916536624,25,30,0
24,4208,9.31713183965705e-06,0.039999988185242225,0.12036377814770795,0.8396269165352105,25,30,0
24,4209,9.31713183965705e-06,0.039999988185242225,0.12036377885937535,0.8396269158235431,25,30,0
24,4210,9.31713183965705e-06,0.039999988185242225,0.12036377886813864,0.8396269158147799,25,30,0
24,4211,9.31713183965705e-06,0.039999988185242225,0.12036375042045488,0.8396269442624635,25,30,0
24,4212,0.039750262400263886,0.03999999297697303,0.08062286893580482,0.8396268756869587,25,30,0
24,4213,0.039750262400263886,0.03999999297697303,0.0806229853526819,0.8396267592700815,25,30,0
24,4214,0.039750262399757735,0.0399999929821291,0.0660183155284484,0.8542314290896645,25,30,0
24,4215,0.039750262399757735,0.0399999929821291,0.06601993843037782,0.854229806187735,25,30,0
24,4216,0.04137567835755051,0.03999999298238378,0.06439452247113853,0.8542298061889271,25,30,0
24,4217,0.04137567835755051,0.03999999298238378,0.06439452251495165,0.854229806145114,25,30,0
24,4218,0.04137568134694361,0.04000090836369674,0.06481866121596498,0.8538047490733947,25,30,0
24,4219,0.04137568134694361,0.04000090836369674,0.06481874229174166,0.8538046679976178,25,30,0
24,4220,0.04137568134694361,0.04000090836369674,0.0648187389617142,0.8538046713276454,25,30,0
24,4221,0.04137568134694361,0.04000090836369674,0.06481873753976339,0.8538046727495961,25,30,0
24,4222,0.04137568134694361,0.04000090836369674,0.06481873819281873,0.8538046720965409,25,30,0
24,4223,0.04137568134694361,0.04000090836369674,0.0648187402254121,0.8538046700639473,25,30,0
24,4224,0.04137568134694361,0.04000090836369674,0.0648187402238261,0.8538046700655335,25,30,0
24,4225,0.04137568134694361,0.04000090836369674,0.06481874038153303,0.8538046699078266,25,30,0
24,4226,0.04137568134694361,0.04000090836369674,0.06481873834810285,0.8538046719412565,25,30,0
24,4227,0.04137568134694361,0.04000090836369674,0.06482344147389524,0.8537999688154642,25,30,0
24,4228,0.04137568134694361,0.04000090836369674,0.0648234414828314,0.8537999688065281,25,30,0
24,4229,0.04137568134694361,0.04000090836369674,0.06482344147345293,0.8537999688159066,25,30,0
24,4230,0.04137568134694361,0.04000090836369674,0.06482344077178066,0.8537999695175787,25,30,0
24,4231,0.04137568134694361,0.04000090836369674,0.06482344143821726,0.8537999688511423,25,30,0
24,4232,0.04137568134694361,0.040000920438974935,0.0648234293629391,0.8537999688511423,25,30,0
24,4233,0.04137568134694361,0.040000920438974935,0.06482342936265488,0.8537999688514265,25,30,0
24,4234,0.04137568134694361,0.040000920438974935,0.0648234679187189,0.8537999302953624,25,30,0
24,4235,0.04137568134694361,0.040000920438974935,0.06482338684336908,0.8538000113707122,25,30,0
24,4236,0.04137568134694361,0.040000920438974935,0.06482338684420573,0.8538000113698755,25,30,0
24,4237,0.04137568134694361,0.040000920438974935,0.06482338614240156,0.8538000120716797,25,30,0
24,4238,0.04137568134694361,0.040000920438974935,0.06481868233893379,0.8538047158751475,25,30,0
24,4239,0.04137568134694361,0.040000920438974935,0.06481868303953528,0.8538047151745459,25,30,0
24,4240,0.04137568134694361,0.040000920438974935,0.06481868307434696,0.8538047151397343,25,30,0
24,4241,0.04137568134694361,0.040000920438974935,0.06481868309869693,0.8538047151153845,25,30,0
24,4242,0.04137568134694361,0.040000920438974935,0.06481868237225805,0.8538047158418233,25,30,0
24,4243,0.03975267780127484,0.040000920438741636,0.06644166690150341,0.85380473485848,25,30,0
24,4244,0.03975267496238983,0.04000000505224841,0.04063081389724989,0.8796165060881117,25,30,0
24,4245,0.03975267496238983,0.04000000505224841,0.040630813862205406,0.8796165061231562,25,30,0
24,4246,0.03975267496238983,0.04000000505224841,0.040630699466489256,0.8796166205188725,25,30,0
24,4247,0.03975267496238983,0.04000000505224841,0.04063069946671109,0.8796166205186506,25,30,0
24,4248,0.03975267496238983,0.04000000505224841,0.040630699434579504,0.8796166205507823,25,30,0
24,4249,0.03975267496238983,0.04000000505224841,0.0406306974021767,0.879616622583185,25,30,0
24,4250,0.03975267496238983,0.04000000505224841,0.04063077331655199,0.8796165466688097,25,30,0
24,4251,0.03975267496238983,0.04000000505224841,0.04063305290889454,0.8796142670764673,25,30,0
24,4252,0.03975267496238983,0.04000000505224841,0.04063305494193086,0.879614265043431,25,30,0
24,4253,0.03975267496238983,0.04000000505224841,0.04063308341520698,0.8796142365701549,25,30,0
24,4254,0.03975267496238983,0.04000000505224841,0.040633054955045475,0.8796142650303164,25,30,0
24,4255,0.03987811611053413,0.03999999999482382,0.04050761886419732,0.8796142650304448,25,30,0
24,4256,0.03987570369554668,0.040000000072620355,0.04051005021275039,0.8796142460190828,25,30,0
24,4257,0.03987570369554668,0.040000000072620355,0.04051005074673201,0.8796142454851011,25,30,0
24,4258,0.03987570369554668,0.040000000072620355,0.0405100527700956,0.8796142434617374,25,30,0
24,4259,0.03987570369554668,0.040000000072620355,0.0405084319267623,0.8796158643050709,25,30,0
24,4260,0.03987570369554668,0.040000000072620355,0.04050840347948547,0.8796158927523477,25,30,0
24,4261,0.03987570369554668,0.040000000072620355,0.040508403444440545,0.8796158927873925,25,30,0
24,4262,0.03987570369554668,0.040000000072620355,0.04060069910464376,0.8795235971271893,25,30,0
24,4263,0.03987570369554668,0.03999999763449593,0.04060070154276817,0.8795235971271893,25,30,0
24,4264,0.03987570369554668,0.03999999763449593,0.04060070296494527,0.8795235957050125,25,30,0
24,4265,0.03987570369554668,0.03999999763449593,0.04060070296494014,0.8795235957050176,25,30,0
24,4266,0.03987570369554668,0.03999999763449593,0.04060070276264599,0.8795235959073117,25,30,0
24,4267,0.03987570369554668,0.03999999763449593,0.040598423871346864,0.8795258747986108,25,30,0
24,4268,0.03987570369554668,0.03999999763449593,0.04059842328567791,0.8795258753842797,25,30,0
24,4269,0.03987570369554668,0.03999999763449593,0.04059853919071326,0.8795257594792445,25,30,0
24,4270,0.03987570369554668,0.03999999763449593,0.040598540138341875,0.8795257585316159,25,30,0
24,4271,0.03987570369554668,0.03999999763449593,0.0405985386916169,0.8795257599783409,25,30,0
24,4272,0.03987570369554668,0.03999999763449593,0.040598538701280246,0.8795257599686775,25,30,0
24,4273,0.03987570369554668,0.03999999763449593,0.040598540734811533,0.8795257579351461,25,30,0
24,4274,0.03987570369554668,0.03999999763449593,0.04059859621651684,0.8795257024534407,25,30,0
24,4275,0.03987570369554668,0.03999999763449593,0.04059859621527631,0.8795257024546814,25,30,0
24,4276,0.03987570369554668,0.03999999763449594,0.040605086540467177,0.8795192121294905,25,30,0
24,4277,0.03987570369554668,0.03999999763449594,0.04060508603066343,0.8795192126392942,25,30,0
24,4278,0.03987570369554668,0.03999999763449594,0.040605169210982,0.8795191294589756,25,30,0
24,4279,0.039990004325209966,0.039999997634495944,0.04049086858118508,0.8795191294591092,25,30,0
24,4280,0.03405472006802918,0.039999997634519245,0.046426152838386026,0.8795191294590657,25,30,0
24,4281,0.03624622680115086,0.039999997634495445,0.04423464610539045,0.8795191294589634,25,30,0
24,4282,0.03624622680115086,0.039999997634495445,0.04423464612831309,0.8795191294360407,25,30,0
24,4283,0.03624622680115086,0.039999997634495445,0.04424125237128676,0.879512523193067,25,30,0
24,4284,0.03624622665064159,0.0399999976344953,0.04423265811438579,0.8795211176004776,25,30,0
24,4285,0.03624622665064159,0.03999999763449522,0.04385959303585645,0.8798941826790069,25,30,0
24,4286,0.03624622665064159,0.03999999763449522,0.04385959303585665,0.8798941826790069,25,30,0
24,4287,0.03624622665064159,0.03999999984894976,0.04385959082140212,0.8798941826790069,25,30,0
24,4288,0.03624622665064159,0.03999999037890373,0.04385960029144814,0.8798941826790069,25,30,0
24,4289,0.03624622665064159,0.03999999037890373,0.04385960095745068,0.8798941820130043,25,30,0
24,4290,0.03624622665064159,0.03999999037890373,0.043859600957906905,0.8798941820125481,25,30,0
24,4291,0.03624622665064159,0.03999999037890373,0.04385959747683119,0.8798941854936239,25,30,0
24,4292,0.03624622665064159,0.03999999037890373,0.04385959748957568,0.8798941854808794,25,30,0
24,4293,0.03624622665064159,0.03999999037890373,0.04385959543096895,0.879894187539486,25,30,0
24,4294,0.03624622665064159,0.03999999037890373,0.04385948146007419,0.8798943015103808,25,30,0
24,4295,0.0399999758874861,0.03999999037890372,0.040105732223350454,0.8798943015102602,25,30,0
24,4296,0.0399999758874861,0.03999999037890372,0.0401057317485962,0.8798943019850144,25,30,0
24,4297,0.0399999758874861,0.03999999037890372,0.04010567624255179,0.8798943574910587,25,30,0
24,4298,0.0399999758874861,0.03999999037890372,0.040105791459310404,0.8798942422743,25,30,0
24,4299,0.0399999758874861,0.03999999037890372,0.04010579204518455,0.8798942416884259,25,30,0
24,4300,0.0399999758874861,0.03999999037890372,0.04010579138122087,0.8798942423523894,25,30,0
24,4301,0.0399999758874861,0.03999999037890372,0.040107412248359,0.8798926214852513,25,30,0
24,4302,0.029509638854116525,0.03999999038123501,0.050597731374810294,0.8798926393898384,25,30,0
24,4303,0.029509638854116525,0.03999999038123501,0.05060433555822093,0.8798860352064277,25,30,0
24,4304,0.02950963885411654,0.039999990381235084,0.05060435888799214,0.8798860118766564,25,30,0
24,4305,0.02950963885411654,0.039999990381235084,0.050604358212167494,0.879886012552481,25,30,0
24,4306,0.02950963885411654,0.039999990381235084,0.05060273534661314,0.8798876354180354,25,30,0
24,4307,0.0035071587942460554,0.03999999037890384,0.07660523331340084,0.8798876175134491,25,30,0
24,4308,0.0035071587942460554,0.03999999037890384,0.07660523132869781,0.8798876194981521,25,30,0
24,4309,0.0035071587942460554,0.03999999973757453,0.07660522197002714,0.8798876194981521,25,30,0
24,4310,0.0035071587942460554,0.03999999973757453,0.07660522333766732,0.8798876181305119,25,30,0
24,4311,0.0035071587942460554,0.03999999973757453,0.07660522534654164,0.8798876161216376,25,30,0
24,4312,0.0035071587942460416,0.039999999737574454,0.07660511951378879,0.8798877219543904,25,30,0
24,4313,0.0035071587942460416,0.039999999737574454,0.0766050795186906,0.8798877619494888,25,30,0
24,4314,0.0035071587942460416,0.03999999973757453,0.07651939012259215,0.879973451345587,25,30,0
24,4315,0.0035071587942460416,0.03999999973757453,0.07651941854769134,0.8799734229204879,25,30,0
24,4316,1.0188771276357144e-10,0.03999999973757458,0.08002657723929968,0.8799734229212377,25,30,0
24,4317,1.0188771276357135e-10,0.03999999973757458,0.08002657579169506,0.8799734243688425,25,30,0
24,4318,1.0188771276357135e-10,0.03999999973757458,0.08002657576692127,0.8799734243936161,25,30,0
24,4319,1.0188771276357143e-10,0.03999999973757458,0.0800199700488573,0.8799800301116802,25,30,0
24,4320,1.0188771276327409e-10,0.0399999997375745,0.0800133651519684,0.8799866350085692,25,30,0
24,4321,1.0188317611455684e-10,0.039999999737699965,0.08001336515183764,0.8799866350085798,25,30,0
24,4322,1.0188317611623216e-10,0.03999999973764912,0.08001215857526552,0.8799878415852027,25,30,0
24,4323,1.0188317611623216e-10,0.03999999973764912,0.08001215907479349,0.8799878410856746,25,30,0
24,4324,1.0188317611623216e-10,0.03999999973764912,0.08001216002303956,0.8799878401374285,25,30,0
24,4325,1.0188317611623216e-10,0.03999999973764912,0.08001218852045548,0.8799878116400124,25,30,0
24,4326,1.0188317611623216e-10,0.03999999973764912,0.08001221552058173,0.8799877846398863,25,30,0
24,4327,1.0188317609045144e-10,0.040000004102513594,0.08001341736724873,0.8799865784283548,25,30,0
24,4328,1.0188317609045144e-10,0.040000004102513594,0.08001341595535034,0.8799865798402533,25,30,0
24,4329,1.0188317609044611e-10,0.040000004102513594,0.08001341457998588,0.8799865812156178,25,30,0
24,4330,1.0188317609044611e-10,0.040000004102513594,0.08001341661362923,0.8799865791819742,25,30,0
24,4331,1.0188317609044611e-10,0.040000004102513594,0.08001341660086587,0.8799865791947376,25,30,0
24,4332,1.0188317609044611e-10,0.040000004102513594,0.08001353251893947,0.879986463276664,25,30,0
24,4333,1.0188317609044611e-10,0.04000000431948059,0.08001353230197253,0.879986463276664,25,30,0
24,4334,1.0188317609044611e-10,0.04000000431948059,0.08001353226566228,0.8799864633129743,25,30,0
24,4335,1.0188317609044611e-10,0.04000000431948059,0.08038663733274089,0.8796133582458957,25,30,0
24,4336,1.0188317609044611e-10,0.04000000431948059,0.08038663683318527,0.8796133587454513,25,30,0
24,4337,1.0188317609044602e-10,0.04000000431948059,0.08038669183171825,0.8796133037469183,25,30,0
24,4338,1.0188317609044602e-10,0.04000000431948059,0.08038660930876423,0.8796133862698723,25,30,0
24,4339,1.0188317609037033e-10,0.04000000431948059,0.08038653338500776,0.8796134621936288,25,30,0
24,4340,1.0188317609037033e-10,0.04000000431948059,0.0803800430603435,0.8796199525182931,25,30,0
24,4341,1.0188317609037033e-10,0.04000000431948059,0.08038015753034664,0.8796198380482899,25,30,0
24,4342,1.0188317609037033e-10,0.04000000431948059,0.08038019956021775,0.8796197960184188,25,30,0
24,4343,1.0188317609037033e-10,0.04000000431948059,0.08038008364264079,0.8796199119359958,25,30,0
24,4344,1.0188317609037574e-10,0.04000000431948059,0.08038011356506555,0.879619882013571,25,30,0
24,4345,1.0188317609037574e-10,0.04000000431948059,0.08038011501177911,0.8796198805668574,25,30,0
24,4346,1.0188317609037574e-10,0.04000000431948059,0.08038008798603148,0.8796199075926051,25,30,0
24,4347,1.0188317609037574e-10,0.04000000431948059,0.08037997413756312,0.8796200214410734,25,30,0
24,4348,1.0188317609037574e-10,0.04000000431948059,0.0803799741624937,0.8796200214161429,25,30,0
24,4349,1.0188317609037575e-10,0.04000000431948059,0.08038001415737668,0.87961998142126,25,30,0
24,4350,1.0188317609037036e-10,0.04000000431948059,0.08037998626841195,0.8796200093102245,25,30,0
24,4351,9.979778079063344e-11,0.040000004820759605,0.08037998576995596,0.879620009309487,25,30,0
24,4352,9.979778079063344e-11,0.040000004820759605,0.0803800682812977,0.8796199267981453,25,30,0
24,4353,9.979778079063344e-11,0.040000004820759605,0.08038006969199893,0.8796199253874439,25,30,0
24,4354,9.979778079063344e-11,0.040000004820759605,0.08038002766195104,0.8796199674174917,25,30,0
24,4355,9.979778079063334e-11,0.040000004820759605,0.08038002697118446,0.8796199681082583,25,30,0
24,4356,9.979778079063334e-11,0.040000004820759605,0.08038014144120939,0.8796198536382334,25,30,0
24,4357,9.979778079063865e-11,0.040000004820759605,0.08038484474171678,0.879615150337726,25,30,0
24,4358,9.979778079063863e-11,0.040000004820759605,0.08038492656256713,0.8796150685168758,25,30,0
24,4359,9.979778079063863e-11,0.040000004820759605,0.08038492656258532,0.8796150685168574,25,30,0
24,4360,9.979778079094136e-11,0.040000004820759605,0.08038492763585695,0.8796150674435859,25,30,0
24,4361,9.979778079094136e-11,0.040000004820759605,0.08038492562715999,0.8796150694522828,25,30,0
24,4362,9.979778079094136e-11,0.040000004820759605,0.08038492560204907,0.8796150694773938,25,30,0
24,4363,9.97977807909427e-11,0.040000004820759605,0.08038724566411258,0.8796127494153303,25,30,0
24,4364,9.979778079094136e-11,0.040000004820759605,0.08038484306593752,0.8796151520135054,25,30,0
24,4365,9.979778079094136e-11,0.040000004820759605,0.08038635005004054,0.8796136450294024,25,30,0
24,4366,9.979778079124408e-11,0.04000000482075961,0.08038637911090729,0.8796136159685355,25,30,0
24,4367,9.979778079124405e-11,0.04000000482075961,0.08037977290562692,0.879620222173816,25,30,0
24,4368,9.979778079124405e-11,0.04000000482075961,0.08037977490421577,0.8796202201752271,25,30,0
24,4369,9.979778079124937e-11,0.04000000482075961,0.08037977637716423,0.8796202187022787,25,30,0
24,4370,9.979778079124937e-11,0.04000000482075961,0.08037977637654865,0.8796202187028943,25,30,0
24,4371,9.979778079124937e-11,0.04000000482075961,0.08037977634822602,0.879620218731217,25,30,0
24,4372,9.979778079124937e-11,0.04000000243832434,0.08037977873066125,0.879620218731217,25,30,0
24,4373,9.979778079124937e-11,0.04000000243832434,0.09434964732960548,0.8656503501322728,25,30,0
24,4374,1.2372321916965105e-06,0.040000001937047995,0.09434841069850088,0.8656503501322595,25,30,0
24,4375,1.2372321916965118e-06,0.03999986522495351,0.09434854741059535,0.8656503501322595,25,30,0
24,4376,1.2372321916965118e-06,0.03999986522495351,0.08037867883704769,0.8796202187058071,25,30,0
24,4377,1.2372321916965118e-06,0.03999986522495351,0.08037864029002631,0.8796202572528286,25,30,0
24,4378,1.2372321916965118e-06,0.03999986522495351,0.08037863889945322,0.8796202586434018,25,30,0
24,4379,1.5455002117781314e-06,0.03999986522511362,0.08037833063125933,0.8796202586434153,25,30,0
24,4380,1.5455002117781314e-06,0.03999986522511362,0.08037835707069771,0.879620232203977,25,30,0
24,4381,1.5455002117781314e-06,0.03999986522511362,0.08037831710055984,0.8796202721741149,25,30,0
24,4382,1.5455002117781314e-06,0.03999986522511362,0.08037831711286972,0.879620272161805,25,30,0
24,4383,1.5455002117781314e-06,0.03999986522511362,0.08037843099700974,0.879620158277665,25,30,0
24,4384,1.5455002117781314e-06,0.03999986522511362,0.08037843095994139,0.8796201583147334,25,30,0
24,4385,1.7581743342718193e-05,0.0399998652249508,0.08036239467432671,0.8796201583573798,25,30,0
24,4386,1.7581743342718193e-05,0.0399998652249508,0.0803622802130845,0.8796202728186221,25,30,0
24,4387,1.7581743342718193e-05,0.0399998652249508,0.08036228021277392,0.8796202728189327,25,30,0
24,4388,1.7581743342718193e-05,0.0399998652249508,0.08036216479511803,0.8796203882365884,25,30,0
24,4389,1.7581743342718193e-05,0.0399998652249508,0.08036216483033205,0.8796203882013743,25,30,0
24,4390,1.7581743342718193e-05,0.0399998652249508,0.0803621638745524,0.8796203891571541,25,30,0
24,4391,1.7581743342718193e-05,0.0399998652249508,0.0803621652411492,0.8796203877905573,25,30,0
24,4392,1.7581743342718193e-05,0.0399998652249508,0.08035746264142717,0.8796250903902794,25,30,0
24,4393,1.7581743342718193e-05,0.0399998652249508,0.08035746316370129,0.8796250898680055,25,30,0
24,4394,1.7581743342718193e-05,0.0399998652249508,0.08035746267525003,0.8796250903564566,25,30,0
24,4395,1.7581743342718193e-05,0.0399998652249508,0.08035738218575611,0.8796251708459505,25,30,0
24,4396,1.7581743342718193e-05,0.0399998652249508,0.08035738079967474,0.879625172232032,25,30,0
24,4397,1.7581743342718193e-05,0.0399998652249508,0.08035738078797984,0.8796251722437267,25,30,0
24,4398,3.085916932335175e-07,0.03999986524285379,0.0803746539217078,0.8796251722437453,25,30,0
24,4399,3.085916932335175e-07,0.03999986524285379,0.08037465534485808,0.8796251708205949,25,30,0
24,4400,3.085916932335175e-07,0.03999986524285379,0.08037465601129469,0.8796251701541584,25,30,0
24,4401,3.0859169323351723e-07,0.03999986524285379,0.08037465347837397,0.879625172687079,25,30,0
24,4402,3.0859169323351696e-07,0.039999865242858076,0.08037690401663511,0.8796229221488135,25,30,0
24,4403,3.0859169323351696e-07,0.039999865242858076,0.08037687760196807,0.8796229485634807,25,30,0
24,4404,3.085916932335173e-07,0.039999865242858076,0.08037687807591677,0.8796229480895319,25,30,0
24,4405,3.085916932335173e-07,0.039999865242858076,0.08037687898892973,0.879622947176519,25,30,0
24,4406,3.085916932335173e-07,0.039999865242858076,0.08037690540317871,0.87962292076227,25,30,0
24,4407,3.085916932335173e-07,0.03999986524285379,0.0803769039875284,0.8796229221779245,25,30,0
24,4408,3.085916932335173e-07,0.03999986524285379,0.08037690402278105,0.8796229221426719,25,30,0
24,4409,3.085916932335173e-07,0.03997758789654818,0.0803991813690867,0.8796229221426719,25,30,0
24,4410,3.085916932335173e-07,0.03997758789654818,0.08039918000144487,0.8796229235103138,25,30,0
24,4411,3.085916932335173e-07,0.03997758789654818,0.08077225657596113,0.8792498469357974,25,30,0
24,4412,3.085916932335173e-07,0.03997758789654818,0.080772258619876,0.8792498448918825,25,30,0
24,4413,3.085919304401287e-07,0.03997758345504335,0.08077224403369804,0.8792498639193282,25,30,0
24,4414,3.085919304401287e-07,0.03997758345504335,0.08077224354629946,0.8792498644067268,25,30,0
24,4415,3.085919304401287e-07,0.03997758345504335,0.08077224498469505,0.8792498629683311,25,30,0
24,4416,3.085919304401287e-07,0.03997758345504335,0.08076996738797465,0.8792521405650515,25,30,0
24,4417,3.085919304401284e-07,0.03997758345504335,0.08076996685339638,0.8792521410996298,25,30,0
24,4418,3.0859193044013266e-07,0.039977583455043354,0.08076999391275652,0.8792521140402697,25,30,0
24,4419,3.085919304401327e-07,0.039977583455043354,0.08076999469407982,0.8792521132589464,25,30,0
24,4420,3.085919304401284e-07,0.03997758345504335,0.08076996619777534,0.8792521417552508,25,30,0
24,4421,3.085919304401284e-07,0.03997758345504335,0.08076996418125097,0.8792521437717753,25,30,0
24,4422,3.08591930440127e-07,0.03999998794161066,0.08074755969468367,0.8792521437717753,25,30,0
24,4423,6.917956265345309e-12,0.039999987923867796,0.08074786834009157,0.8792521437291231,25,30,0
24,4424,6.917956265340091e-12,0.039999987923867796,0.08074786690728343,0.8792521451619311,25,30,0
24,4425,6.917956265340091e-12,0.039999987923867796,0.08074786621395463,0.8792521458552598,25,30,0
24,4426,6.91795626534007e-12,0.039999987923867796,0.08037476258895174,0.8796252494802627,25,30,0
24,4427,6.917956265340066e-12,0.039999987923867796,0.08037476114179248,0.8796252509274222,25,30,0
24,4428,6.917956265340066e-12,0.03999998792386787,0.08037479069983294,0.8796252213693816,25,30,0
24,4429,6.917956265340066e-12,0.03999998792386787,0.08037479066426664,0.879625221404948,25,30,0
24,4430,0.0004961954143985323,0.03999998792821564,0.07987859525246387,0.8796252214049218,25,30,0
24,4431,0.0004961954143985323,0.03999998792821564,0.07987870910137668,0.879625107556009,25,30,0
24,4432,0.0004961954143985323,0.03999998792821564,0.07987882357132897,0.8796249930860567,25,30,0
24,4433,0.0004961954143985323,0.03999998792821564,0.07987882289364552,0.8796249937637403,25,30,0
24,4434,0.0004961954143985323,0.03999998792821564,0.07987882287852098,0.8796249937788647,25,30,0
24,4435,0.0004961954143985323,0.03999998792821564,0.07987885131572878,0.8796249653416569,25,30,0
24,4436,0.0004961954143985323,0.03999998792821564,0.07987722844996124,0.8796265882074246,25,30,0
24,4437,0.0004961954143985323,0.03999998792821564,0.07987722844999678,0.879626588207389,25,30,0
24,4438,0.0004961954143985323,0.03999998792821564,0.07987722845415952,0.8796265882032263,25,30,0
24,4439,0.0004961954143985323,0.03999998792821564,0.07987885135454902,0.8796249653028368,25,30,0
24,4440,0.0004961954143985323,0.03999998792821564,0.07950574628685551,0.8799980703705305,25,30,0
24,4441,0.0004961954143985323,0.03999998792821564,0.07950574632187203,0.8799980703355139,25,30,0
24,4442,0.0004961954143985323,0.03999998792821564,0.07950574633433646,0.8799980703230494,25,30,0
24,4443,0.0004961954143985323,0.03999998792821564,0.07950574778123787,0.8799980688761481,25,30,0
24,4444,0.000496195414165868,0.03999998800487853,0.07950576710386238,0.8799980494770933,25,30,0
24,4445,0.000496195414165868,0.03999998800487853,0.07950565122173993,0.8799981653592157,25,30,0
24,4446,3.387191409431913e-14,0.039999988000370634,0.08000184664038044,0.8799981653592157,25,30,0
24,4447,2.933100145781458e-14,0.039999988000372196,0.08000063968403916,0.8799993723155598,25,30,0
24,4448,2.933100145781621e-14,0.039999988000372196,0.0800022618836057,0.8799977501159936,25,30,0
24,4449,2.93310014578158e-14,0.039999988000372196,0.08000225985871788,0.8799977521408813,25,30,0
24,4450,2.93310014578158e-14,0.039999988000372196,0.08000225985888737,0.8799977521407117,25,30,0
24,4451,2.9329698375836424e-14,0.03999998792245583,0.07993476538599172,0.880065246691523,25,30,0
24,4452,2.9329698375836815e-14,0.03999998792245583,0.07993476540816696,0.8800652466693478,25,30,0
24,4453,2.9329698375836784e-14,0.03999998792245583,0.07993476542082208,0.8800652466566927,25,30,0
24,4454,2.932969837583841e-14,0.03999998792245583,0.07993484790828945,0.8800651641692254,25,30,0
24,4455,2.9329698375838425e-14,0.03999998792245583,0.07993484990688088,0.880065162170634,25,30,0
24,4456,2.9329698375838425e-14,0.03999998792245583,0.07993484994148777,0.880065162136027,25,30,0
24,4457,2.932969838114928e-14,0.03999998792245583,0.0799348519584978,0.8800651601190169,25,30,0
24,4458,2.932969838114928e-14,0.03999998792245583,0.07993485339708122,0.8800651586804337,25,30,0
24,4459,2.932969838114928e-14,0.03999998792245583,0.07993488042238274,0.8800651316551321,25,30,0
24,4460,2.9329698456917403e-14,0.039999987922455904,0.07993716152486079,0.8800628505526541,25,30,0
24,4461,2.9329698456917403e-14,0.039999987922455904,0.07993716152424271,0.8800628505532722,25,30,0
24,4462,1.0462015166754225e-12,0.03999998792381521,0.08000584159687564,0.8799941704782634,25,30,0
24,4463,1.0462015166754225e-12,0.03999998792381521,0.08000584362989026,0.8799941684452487,25,30,0
24,4464,1.0462015166754225e-12,0.03999998792381521,0.08000584365421604,0.879994168420923,25,30,0
24,4465,1.0462015166754242e-12,0.03999998792381521,0.08000595957199637,0.8799940525031426,25,30,0
24,4466,1.0462015166754242e-12,0.03999998792381521,0.08000595955935204,0.8799940525157869,25,30,0
24,4467,1.0462015166754221e-12,0.03999998792381521,0.08000593108684972,0.8799940809882892,25,30,0
24,4468,1.046201516675311e-12,0.03997758590716307,0.08002833310350192,0.8799940809882892,25,30,0
24,4469,1.0462015166753127e-12,0.03997758590716307,0.08002833167345257,0.8799940824183387,25,30,0
24,4470,1.0462015166753361e-12,0.03997758590716307,0.08002833109990046,0.8799940829918907,25,30,0
24,4471,1.0462015166753361e-12,0.03997758590716307,0.08002830265265891,0.8799941114391322,25,30,0
24,4472,1.0462015166752428e-12,0.03997758590716307,0.08002827420042737,0.8799941398913638,25,30,0
24,4473,1.0462015166752196e-12,0.03997758590716307,0.08002665129942307,0.8799957627923679,25,30,0
24,4474,1.046201516675218e-12,0.03997758590716307,0.08002661790520722,0.8799957961865837,25,30,0
24,4475,6.913408250859672e-07,0.03997853068826395,0.08002498039791593,0.8799957975729954,25,30,0
24,4476,6.913408250859672e-07,0.03997853068826395,0.08002498113481162,0.8799957968360996,25,30,0
24,4477,6.913408250859672e-07,0.03997853068826395,0.08002502111235701,0.8799957568585544,25,30,0
24,4478,6.913408250859672e-07,0.03997853068826395,0.08002502111265239,0.8799957568582589,25,30,0
24,4479,6.913408250859672e-07,0.03997853068826395,0.08002502111266024,0.8799957568582513,25,30,0
24,4480,6.913408250859671e-07,0.039978530688263875,0.08002501955600166,0.8799957584149098,25,30,0
24,4481,6.913408250859671e-07,0.039978530688263875,0.08002498616134388,0.8799957918095676,25,30,0
24,4482,6.913408250859671e-07,0.039978530688263875,0.08002968802845122,0.8799910899424601,25,30,0
24,4483,6.913408250859671e-07,0.039978530688263875,0.08002968747827537,0.8799910904926361,25,30,0
24,4484,6.913408250859671e-07,0.040000935083559244,0.08000728308298001,0.8799910904926361,25,30,0
24,4485,6.913408250859671e-07,0.040000935083559244,0.08000885190239496,0.879989521673221,25,30,0
24,4486,6.913408250859671e-07,0.040000935083559244,0.08000731152473213,0.879991062050884,25,30,0
24,4487,6.913408250859671e-07,0.040000935083559244,0.08000731295189262,0.8799910606237235,25,30,0
24,4488,6.913408250859671e-07,0.040000935083559244,0.08000723042876123,0.8799911431468549,25,30,0
24,4489,6.913408250859671e-07,0.040000935083559244,0.08000719188098276,0.8799911816946334,25,30,0
24,4490,6.913408250859671e-07,0.040000935083559244,0.0800071093936982,0.8799912641819178,25,30,0
24,4491,6.913408250859671e-07,0.040000935083559244,0.08009940502747341,0.8798989685481426,25,30,0
24,4492,6.913408250859671e-07,0.040000935083559244,0.08009470172134817,0.8799036718542679,25,30,0
24,4493,6.913408250859671e-07,0.040000935083559244,0.0800947031514045,0.8799036704242116,25,30,0
24,4494,6.913408250860494e-07,0.03996946522177322,0.0801261730131905,0.8799036704242116,25,30,0
24,4495,6.913408250860496e-07,0.03996946522177322,0.08012933474095604,0.8799005086964461,25,30,0
24,4496,6.913408250860496e-07,0.03996946522177322,0.08012925224355154,0.8799005911938506,25,30,0
24,4497,6.913408250860496e-07,0.03996946522177322,0.08012925295398177,0.8799005904834203,25,30,0
24,4498,6.913408250860496e-07,0.03996946522177322,0.08013429034142494,0.8798955530959772,25,30,0
24,4499,6.913408250860496e-07,0.03996946522177322,0.08013212666581605,0.879897716771586,25,30,0
24,4500,6.913408250860496e-07,0.039969465221773144,0.08013212558042727,0.879897717856975,25,30,0
24,4501,6.913400578600448e-07,0.03996946522041383,0.08006346823947758,0.8799663752000513,25,30,0
24,4502,6.913400578600448e-07,0.03996946522041383,0.08006346894468232,0.8799663744948464,25,30,0
24,4503,6.913509950434719e-07,0.039969465221468076,0.07710664675015917,0.882923196677378,25,30,0
24,4504,6.913509950434719e-07,0.039969465221468076,0.07710004051655887,0.8829298029109783,25,30,0
24,4505,6.913509950434719e-07,0.039969465221468076,0.07710003981135416,0.882929803616183,25,30,0
24,4506,6.913509950434719e-07,0.039969465221468076,0.0771001208519054,0.8829297225756317,25,30,0
24,4507,6.913509950434719e-07,0.039969465221468076,0.07710023744737989,0.8829296059801572,25,30,0
24,4508,6.913509950434719e-07,0.039969465221468076,0.0771002354055967,0.8829296080219404,25,30,0
24,4509,7.38103786284997e-07,0.039969465221794176,0.08005741712137404,0.8799723795530459,25,30,0
24,4510,7.38103786284997e-07,0.039969465221794176,0.08005733608081828,0.8799724605936017,25,30,0
24,4511,6.913398082194374e-07,0.039969465220436554,0.08005927846285185,0.8799705649769038,25,30,0
24,4512,6.913398082194374e-07,0.039969465220436554,0.08005927705075262,0.8799705663890031,25,30,0
24,4513,6.913398082194374e-07,0.039969465220436554,0.08005928049597834,0.8799705629437773,25,30,0
24,4514,6.913398082194376e-07,0.039969465220436554,0.08005930899206248,0.879970534447693,25,30,0
24,4515,6.913398082194376e-07,0.03996946522043663,0.08006158860157003,0.8799682548381854,25,30,0
24,4516,6.913398082194373e-07,0.03996946522043663,0.08005842544954019,0.8799714179902152,25,30,0
24,4517,9.520292731991376e-11,0.0399685204487804,0.08006006285144984,0.879971416604567,25,30,0
24,4518,9.520292731991376e-11,0.0399685204487804,0.08006006141287404,0.8799714180431428,25,30,0
24,4519,9.520292731991365e-11,0.0399685204487804,0.08006476323033247,0.8799667162256845,25,30,0
24,4520,9.520292731991365e-11,0.0399685204487804,0.08006476323032573,0.8799667162256912,25,30,0
24,4521,9.520292731991365e-11,0.0399685204487804,0.0800647631951523,0.8799667162608646,25,30,0
24,4522,9.520292731991366e-11,0.0399685204487804,0.08006480255074568,0.8799666769052712,25,30,0
24,4523,9.520292731991366e-11,0.0399685204487804,0.08006480258638032,0.8799666768696366,25,30,0
24,4524,9.520292731991366e-11,0.0399685204487804,0.08006009928638423,0.8799713801696326,25,30,0
24,4525,9.520292723771153e-11,0.0399999931038126,0.08002862663135209,0.8799713801696326,25,30,0
24,4526,9.520292723770632e-11,0.0399999931038126,0.0800287077183077,0.8799712990826771,25,30,0
24,4527,9.520292723770634e-11,0.0399999931038126,0.08002870631467551,0.8799713004863092,25,30,0
24,4528,9.520292723770625e-11,0.0399999931038126,0.08002862381545915,0.8799713829855256,25,30,0
24,4529,9.520292723770625e-11,0.0399999931038126,0.08002862583820795,0.8799713809627768,25,30,0
24,4530,9.520292723770625e-11,0.0399999931038126,0.08002862582793716,0.8799713809730476,25,30,0
24,4531,9.520292723763046e-11,0.0399999931038126,0.08002859738017527,0.8799714094208094,25,30,0
24,4532,9.520292723763055e-11,0.0399999931038126,0.08002848196256589,0.8799715248384189,25,30,0
24,4533,9.520292723763055e-11,0.0399999931038126,0.08002848398788814,0.8799715228130965,25,30,0
24,4534,9.520292723763055e-11,0.0399999931038126,0.08002840146513915,0.8799716053358456,25,30,0
24,4535,9.520292723763055e-11,0.0399999931038126,0.08002837299373891,0.8799716338072459,25,30,0
24,4536,9.520292723763055e-11,0.0399999931038126,0.08002837444089972,0.879971632360085,25,30,0
24,4537,9.520292723763587e-11,0.0399999931038126,0.08002845349544527,0.8799715533055396,25,30,0
24,4538,9.520292723763584e-11,0.0399999931038126,0.08002845345192595,0.8799715533490589,25,30,0
24,4539,9.520292723763583e-11,0.039999993103812526,0.08002617385843669,0.8799738329425482,25,30,0
24,4540,9.520292723763713e-11,0.039999993103812526,0.08002617448940233,0.8799738323115825,25,30,0
24,4541,9.520292723763182e-11,0.039999993103812526,0.08002609398698356,0.8799739128140013,25,30,0
24,4542,9.520292723763058e-11,0.039999993103812526,0.08002605593856683,0.8799739508624179,25,30,0
24,4543,9.520292723763058e-11,0.039999993103812526,0.08002605596396048,0.8799739508370245,25,30,0
24,4544,9.520292723763058e-11,0.039999993103812526,0.08002605599838686,0.8799739508025979,25,30,0
24,4545,6.678901793982613e-12,0.03999999309436781,0.08002605609709276,0.8799739508018607,25,30,0
24,4546,6.678901793982541e-12,0.03999999309436781,0.08002833374361995,0.8799716731553336,25,30,0
24,4547,6.678901793982564e-12,0.03999999309436781,0.0800283317560771,0.8799716751428764,25,30,0
24,4548,6.678901793982658e-12,0.03999999309436781,0.08002833320371895,0.8799716736952345,25,30,0
24,4549,6.678902039865248e-12,0.03999999309436782,0.08002844913394702,0.8799715577650066,25,30,0
24,4550,6.678902039865248e-12,0.03999999309436782,0.08002844767589291,0.8799715592230606,25,30,0
24,4551,6.678902039865248e-12,0.03999999309436782,0.08002844765155644,0.8799715592473971,25,30,0
24,4552,6.678902039865248e-12,0.03999999309436782,0.08002844835277373,0.87997155854618,25,30,0
24,4553,6.678902039865248e-12,0.03999999309436782,0.08002844977472452,0.8799715571242291,25,30,0
24,4554,6.678902039865226e-12,0.03999999309436782,0.08002845115100761,0.879971555747946,25,30,0
24,4555,6.678902039865226e-12,0.03999999309436782,0.08002845045871254,0.879971556440241,25,30,0
24,4556,6.678902039865226e-12,0.03999999309436782,0.08002845045889272,0.8799715564400609,25,30,0
24,4557,6.678902039865132e-12,0.03999999309436782,0.08002844901132362,0.8799715578876299,25,30,0
24,4558,6.678902039865132e-12,0.039999999875154624,0.0800284422305368,0.8799715578876299,25,30,0
24,4559,6.678902039865132e-12,0.039999999875154624,0.08002844223080137,0.8799715578873654,25,30,0
24,4560,6.678902039865226e-12,0.039999999875154624,0.08002846867041746,0.879971531447749,25,30,0
24,4561,6.678902039865226e-12,0.039999999875154624,0.08002849569586497,0.8799715044223015,25,30,0
24,4562,6.678902039865248e-12,0.039999999875154624,0.08003077528820261,0.8799692248299639,25,30,0
24,4563,6.678902039865248e-12,0.039999999875154624,0.08003077729706926,0.8799692228210974,25,30,0
24,4564,6.678902039865227e-12,0.039999999875154624,0.08002849820363495,0.8799715019145316,25,30,0
24,4565,6.678902039890549e-12,0.03999944722053359,0.080029050858256,0.8799715019145316,25,30,0
24,4566,2.0693936938477152e-11,0.03999944722053363,0.08009424098635852,0.8799063117724143,25,30,0
24,4567,2.069393669259456e-11,0.03999944722053363,0.08009412647851159,0.8799064262802613,25,30,0
24,4568,2.0693936692569245e-11,0.039999864245456464,0.08009370945358872,0.8799064262802613,25,30,0
24,4569,2.0693936692569245e-11,0.039999864245456464,0.08009379052937289,0.879906345204477,25,30,0
24,4570,2.069393669256927e-11,0.039999864245456464,0.08000149630813622,0.8799986394257137,25,30,0
24,4571,2.069393669256927e-11,0.039999864245456464,0.08000149830549161,0.8799986374283584,25,30,0
24,4572,2.0693936692569268e-11,0.039999864245456464,0.08000149780568985,0.8799986379281601,25,30,0
24,4573,2.0693936692574577e-11,0.039999864245456464,0.08000149926140798,0.8799986364724419,25,30,0
24,4574,2.069393669257989e-11,0.039999864245456464,0.08000158180982185,0.879998553924028,25,30,0
24,4575,2.0693936692579892e-11,0.039999864245456464,0.08000818801658735,0.8799919477172626,25,30,0
24,4576,2.0693936692574577e-11,0.039999864245456464,0.08000818859412406,0.8799919471397258,25,30,0
24,4577,2.0693936692574577e-11,0.039999864245456464,0.08000818862890796,0.879991947104942,25,30,0
24,4578,2.0693936692574577e-11,0.039999864245456464,0.08000830454603465,0.8799918311878153,25,30,0
24,4579,2.0693936692498925e-11,0.039999864245456464,0.08000818912558909,0.8799919466082606,25,30,0
24,4580,2.069393669249902e-11,0.039999864245456464,0.08000807466789273,0.879992061065957,25,30,0
24,4581,2.069393669249902e-11,0.039999864245456464,0.08000807269487334,0.8799920630389765,25,30,0
24,4582,2.069393669249902e-11,0.039999864245456464,0.08000807067061133,0.8799920650632385,25,30,0
24,4583,2.069393669249902e-11,0.039999864245456464,0.08000807067062211,0.8799920650632277,25,30,0
24,4584,2.069393669249902e-11,0.039999864245456464,0.08000807005935716,0.8799920656744926,25,30,0
24,4585,2.0693936692498993e-11,0.039999864245456464,0.080008068867757,0.8799920668660929,25,30,0
24,4586,2.0693936692498993e-11,0.039999864245456464,0.08000807030677072,0.8799920654270791,25,30,0
24,4587,2.069393669249897e-11,0.039999864245456464,0.08000806885900733,0.8799920668748424,25,30,0
24,4588,2.0693936692498974e-11,0.039999864245456464,0.08000581844175939,0.8799943172920903,25,30,0
24,4589,2.0693936692498977e-11,0.039999864245456464,0.08000593292053586,0.879994202813314,25,30,0
24,4590,2.0693936692498974e-11,0.03999986424545647,0.08001063572174823,0.8799895000121015,25,30,0
24,4591,2.0693936692498974e-11,0.03999986424545647,0.08001063513606217,0.8799895005977875,25,30,0
24,4592,2.0693936692499e-11,0.03999986424545647,0.08001075105385506,0.8799893846799947,25,30,0
24,4593,2.0693936692499e-11,0.03999986424545647,0.0800107510021707,0.879989384731679,25,30,0
24,4594,2.069393669249909e-11,0.03999986424545647,0.08001075100064821,0.8799893847332015,25,30,0
24,4595,2.069393669249909e-11,0.03999986424545647,0.08001074955393457,0.8799893861799152,25,30,0
24,4596,2.069393669249909e-11,0.03999986424545647,0.0800107481055427,0.879989387628307,25,30,0
24,4597,2.069393669249909e-11,0.039999864245456464,0.08001063220438902,0.8799895035294608,25,30,0
24,4598,2.0693936692499e-11,0.039999864245456464,0.08001063220590067,0.879989503527949,25,30,0
24,4599,2.069393669250032e-11,0.039999864245456464,0.08001063426563106,0.8799895014682186,25,30,0
24,4600,2.06939366925003e-11,0.03999986424545647,0.08001072101556453,0.8799894147182852,25,30,0
24,4601,2.06939366925003e-11,0.03999986424545647,0.08001072100663148,0.8799894147272183,25,30,0
24,4602,5.445612954944782e-09,0.03999986424545671,0.0800107155809882,0.879989414727942,25,30,0
24,4603,5.445612954944781e-09,0.03999986424545671,0.08001074198518202,0.8799893883237483,25,30,0
24,4604,5.445612954944781e-09,0.03999985455249056,0.08001075167814814,0.8799893883237483,25,30,0
24,4605,5.445612954944781e-09,0.03999960638359559,0.08001099984704316,0.8799893883237483,25,30,0
24,4606,5.445612954944786e-09,0.03999960638359559,0.08001091739330432,0.8799894707774871,25,30,0
24,4607,5.445612954944786e-09,0.03999960638359559,0.08001091884002166,0.8799894693307698,25,30,0
24,4608,5.445612954944786e-09,0.03999960638359559,0.08001091884061308,0.8799894693301783,25,30,0
24,4609,5.445612954944786e-09,0.03999960638359559,0.08001254173247466,0.8799878464383168,25,30,0
24,4610,5.445612954944781e-09,0.03999960638359559,0.08001254170701046,0.879987846463781,25,30,0
24,4611,5.445612954944781e-09,0.03999960638359559,0.08001251323440757,0.8799878749363841,25,30,0
24,4612,5.445612954944781e-09,0.03999960638359559,0.08001091881854969,0.879989469352242,25,30,0
24,4613,5.445612954944781e-09,0.03999960638359559,0.08001091880811764,0.879989469362674,25,30,0
24,4614,5.445612954944781e-09,0.03999960638359559,0.08001080340057015,0.8799895847702214,25,30,0
24,4615,5.445612954944781e-09,0.03999960638359559,0.08001080342594509,0.8799895847448466,25,30,0
24,4616,1.0919172951090517e-10,0.03999960638359811,0.08001080876311406,0.8799895847440962,25,30,0
24,4617,1.0919172951089986e-10,0.03999960638359811,0.08001081014106537,0.879989583366145,25,30,0
24,4618,1.0919172951089986e-10,0.03999960638359811,0.08001081418259816,0.8799895793246121,25,30,0
24,4619,1.0919172951089986e-10,0.03999960638359811,0.08001089525776738,0.879989498249443,25,30,0
24,4620,1.0919172951089993e-10,0.03999960638359811,0.08001089524590325,0.8799894982613071,25,30,0
24,4621,1.0919172951089993e-10,0.03999960638359811,0.08001089725415492,0.8799894962530554,25,30,0
24,4622,1.0919172951120196e-10,0.03999960638359811,0.08010319147581584,0.8798972020313945,25,30,0
24,4623,1.0919172951120196e-10,0.03999960638359811,0.08010318885684865,0.8798972046503617,25,30,0
24,4624,1.0919172951120196e-10,0.03999960638359811,0.08010318684798223,0.8798972066592282,25,30,0
24,4625,1.0919172951120197e-10,0.03999999018300977,0.08010280304857056,0.8798972066592282,25,30,0
24,4626,1.0919172951120188e-10,0.03999999018300977,0.08010289049266558,0.879897119215133,25,30,0
24,4627,1.0919172951120197e-10,0.03999999018300977,0.08010289107897757,0.879897118628821,25,30,0
24,4628,1.0919172951127764e-10,0.03999999018300977,0.08010304063603334,0.8798969690717652,25,30,0
24,4629,1.0919172951127764e-10,0.03999999018300977,0.08010304061141371,0.8798969690963848,25,30,0
24,4630,1.0919172951127764e-10,0.03999999018300977,0.08010301362134617,0.8798969960864524,25,30,0
24,4631,1.0919172951135323e-10,0.03999999018300977,0.08010301221800292,0.8798969974897958,25,30,0
24,4632,1.0919172951105122e-10,0.03999999018300977,0.080010832466349,0.8799891772414498,25,30,0
24,4633,1.0919172951097553e-10,0.03999999018300977,0.08001060038634998,0.8799894093214488,25,30,0
24,4634,1.0919172951097556e-10,0.03999999018300977,0.08001060097221593,0.8799894087355828,25,30,0
24,4635,1.0919172951097553e-10,0.03999999018300977,0.08001059943809154,0.8799894102697072,25,30,0
24,4636,1.0919172951127825e-10,0.03999999018300977,0.08001222298550197,0.8799877867222967,25,30,0
24,4637,1.0919172951127816e-10,0.03999999018300977,0.08000751972023443,0.8799924899875643,25,30,0
24,4638,1.0919172951127816e-10,0.03999999018300977,0.08000091347885464,0.8799990962289439,25,30,0
24,4639,1.0919172951127806e-10,0.03999999018300977,0.08000091298586356,0.8799990967219352,25,30,0
24,4640,1.0919172951127795e-10,0.03999999018300977,0.08000091207283556,0.8799990976349631,25,30,0
24,4641,1.0919172951127799e-10,0.03999999018300977,0.080005615372595,0.8799943943352037,25,30,0
24,4642,1.0919172951127807e-10,0.03999999018300977,0.08001222107984571,0.8799877886279529,25,30,0
24,4643,1.0919172951127931e-10,0.03999999018300977,0.08001219267781755,0.8799878170299812,25,30,0
24,4644,1.0919172951127931e-10,0.03999999018300977,0.0800121941254378,0.8799878155823607,25,30,0
24,4645,1.0919172951127931e-10,0.03999999018300977,0.08001211163797549,0.8799878980698231,25,30,0
24,4646,1.0919172951097659e-10,0.03999999018300977,0.08001048803036472,0.8799895216774338,25,30,0
24,4647,1.0919172951097791e-10,0.03999999018300977,0.08001048854017112,0.8799895211676274,25,30,0
24,4648,1.0919172951128062e-10,0.03999999018300984,0.08001051767924515,0.8799894920285535,25,30,0
24,4649,1.0919172951128062e-10,0.03999999018300984,0.08001051770402201,0.8799894920037765,25,30,0
24,4650,1.0919172951128071e-10,0.03999999018300984,0.08000581443750326,0.8799941952702953,25,30,0
24,4651,1.0919172951128071e-10,0.03999999018300984,0.08000581390293075,0.8799941958048678,25,30,0
24,4652,1.091917295112807e-10,0.03999999018300984,0.08000581392797906,0.8799941957798196,25,30,0
24,4653,1.091917295112807e-10,0.03999999018300984,0.0800058125158689,0.8799941971919298,25,30,0
24,4654,1.091917295112807e-10,0.03999999018300984,0.08000581252617192,0.8799941971816267,25,30,0
24,4655,1.091917295112807e-10,0.03999999018300984,0.08009799225225678,0.8799020174555418,25,30,0
24,4656,1.2158848112841797e-06,0.039999990183009794,0.08009677647589954,0.8799020174562793,25,30,0
24,4657,1.2158848112841797e-06,0.039999990183009794,0.08009677651051703,0.879902017421662,25,30,0
24,4658,1.2158848112841797e-06,0.039999990183009794,0.0800966890660129,0.879902104866166,25,30,0
24,4659,1.2158848112841797e-06,0.039999990183009794,0.08009668904285246,0.8799021048893263,25,30,0
24,4660,1.2158848112841797e-06,0.039999990183009794,0.08009657315045499,0.879902220781724,25,30,0
24,4661,1.2158848112841797e-06,0.039999990183009794,0.08008996692552554,0.8799088270066534,25,30,0
24,4662,1.2158848112841797e-06,0.039999990183009794,0.07999767128155676,0.8800011226506222,25,30,0
24,4663,1.2158848112841797e-06,0.039999990183009794,0.07999767128172927,0.8800011226504497,25,30,0
24,4664,1.2158848112841797e-06,0.039999990183009794,0.07999767124649697,0.8800011226856819,25,30,0
24,4665,1.2158848112841797e-06,0.039999990183009794,0.07999767261337726,0.8800011213188017,25,30,0
24,4666,1.2158848112841797e-06,0.039999990183009794,0.07999767464654849,0.8800011192856306,25,30,0
24,4667,1.2158848112841797e-06,0.039999990183009794,0.07999764618618449,0.8800011477459944,25,30,0
24,4668,1.2158848112841797e-06,0.039999990183009794,0.07999764622142777,0.8800011477107512,25,30,0
24,4669,1.2158848112841797e-06,0.039999990183009794,0.07999764468751738,0.8800011492446618,25,30,0
24,4670,1.2158848112841797e-06,0.039999990183009794,0.07999764472297939,0.8800011492091997,25,30,0
24,4671,1.2158848112841797e-06,0.039999990183009794,0.07999764471067454,0.8800011492215046,25,30,0
24,4672,1.2158780386727128e-06,0.039999990182986826,0.07996447816595843,0.8800343157730159,25,30,0
24,4673,1.2158780386727128e-06,0.039999990182986826,0.07996447616752393,0.8800343177714507,25,30,0
24,4674,1.2158780386727128e-06,0.039999990182986826,0.07996447615659517,0.8800343177823794,25,30,0
24,4675,1.2158780386727128e-06,0.039999990182986826,0.07996447682257539,0.880034317116399,25,30,0
24,4676,1.2158780386727128e-06,0.039999990182986826,0.07996447682244043,0.880034317116534,25,30,0
24,4677,1.2158780386727128e-06,0.039999990182986826,0.07996447537404856,0.880034318564926,25,30,0
24,4678,1.2158780386727128e-06,0.039999990182986826,0.07996459125768376,0.8800342026812907,25,30,0
24,4679,1.2158780386727128e-06,0.039999990182986826,0.07996459125706902,0.8800342026819056,25,30,0
24,4680,1.2158780386727128e-06,0.039999990182986826,0.07996459124664197,0.8800342026923326,25,30,0
24,4681,1.2158780386727125e-06,0.03999999018298675,0.07996456209746473,0.8800342318415099,25,30,0
24,4682,1.2158780386727125e-06,0.03999999018298675,0.07996456209808266,0.880034231840892,25,30,0
24,4683,1.2158780386727125e-06,0.03999999018298675,0.07996458912378782,0.8800342048151868,25,30,0
24,4684,5.3207598717025984e-09,0.03999999018313803,0.07996579729695961,0.8800342071991423,25,30,0
24,4685,5.3207598717025984e-09,0.03999999018313803,0.0799657993052081,0.8800342051908939,25,30,0
24,4686,5.3207598717025984e-09,0.03999999018313803,0.07996583927473477,0.8800341652213671,25,30,0
24,4687,5.3207598717025984e-09,0.03999999018313803,0.07996583727719934,0.8800341672189026,25,30,0
24,4688,5.3207598717025984e-09,0.03999999018313803,0.07996583727720703,0.8800341672188949,25,30,0
24,4689,5.313521758522293e-09,0.03999999018313824,0.0799990036954659,0.880001000807874,25,30,0
24,4690,5.313521758522293e-09,0.03999999018313824,0.07999900168784362,0.8800010028154963,25,30,0
24,4691,5.313521758522293e-09,0.03999999018313824,0.08026522019755818,0.8797347843057824,25,30,0
24,4692,5.313521758522293e-09,0.03999999018313824,0.08026522018460612,0.8797347843187342,25,30,0
24,4693,5.313521758522293e-09,0.03999999018313824,0.0802652206483064,0.8797347838550342,25,30,0
24,4694,5.313521758522293e-09,0.03999999018313824,0.08026522061262861,0.879734783890712,25,30,0
24,4695,5.313521758522293e-09,0.03999999018313824,0.08026522060449437,0.8797347838988461,25,30,0
24,4696,5.313521758522293e-09,0.03999999018313824,0.08026526060003121,0.8797347439033092,25,30,0
24,4697,5.313521758522293e-09,0.03999999018313824,0.08026526061605285,0.8797347438872876,25,30,0
24,4698,5.313521758522293e-09,0.03999999018313824,0.08026524909359452,0.8797347554097459,25,30,0
24,4699,5.313521758522293e-09,0.03999999018313824,0.0802652090986819,0.8797347954046583,25,30,0
24,4700,5.313521758522293e-09,0.03999999018313824,0.08026529162225067,0.8797347128810895,25,30,0
24,4701,5.313521758522293e-09,0.03999999965991074,0.08026528214547818,0.8797347128810895,25,30,0
24,4702,5.313521758522293e-09,0.03999999965991074,0.08026528214528725,0.8797347128812806,25,30,0
24,4703,5.313521758522293e-09,0.03999999965991074,0.08026756171266601,0.8797324333139016,25,30,0
24,4704,5.313521758522218e-09,0.03999999965991074,0.08026756165635254,0.8797324333702153,25,30,0
24,4705,5.313521758522218e-09,0.03999999965991074,0.08026756365389114,0.8797324313726764,25,30,0
24,4706,5.313521758522218e-09,0.03999999965991074,0.08026756368956128,0.8797324313370063,25,30,0
24,4707,5.313521758522218e-09,0.03999999965991074,0.08026764164557758,0.8797323533809902,25,30,0
24,4708,5.313521758522218e-09,0.03999999965991074,0.08000130925233125,0.8799986857742362,25,30,0
24,4709,5.313521758522218e-09,0.03999999965991074,0.08000130878891457,0.8799986862376531,25,30,0
24,4710,5.313521758522218e-09,0.03999999965991074,0.08000130878891457,0.8799986862376531,25,30,0
24,4711,5.313521758522218e-09,0.03999999965991074,0.08000130878952953,0.8799986862370379,25,30,0
24,4712,2.1418577968581757e-08,0.03999999966006604,0.08000129506898519,0.8799986838523707,25,30,0
24,4713,2.1418577968581757e-08,0.03999999966006604,0.08000129710262707,0.8799986818187289,25,30,0
24,4714,2.1418577968581757e-08,0.03999999966006604,0.08000129706713457,0.8799986818542213,25,30,0
24,4715,2.1418577968581757e-08,0.03999999966006604,0.08000129503309214,0.8799986838882639,25,30,0
24,4716,2.1418577968581757e-08,0.03999999966006604,0.08000129648065497,0.879998682440701,25,30,0
24,4717,2.1418577968581757e-08,0.03999999966006604,0.0800013344508672,0.8799986444704886,25,30,0
24,4718,2.1418577968581757e-08,0.03999999966006604,0.08000125650652933,0.8799987224148267,25,30,0
24,4719,2.1775103943962727e-08,0.03999999966007615,0.07828163909284452,0.881718339471975,25,30,0
24,4720,2.1775103943962727e-08,0.03999999966007615,0.07828163979465277,0.8817183387701669,25,30,0
24,4721,2.1775103943962727e-08,0.03999999966007615,0.07828164186353759,0.881718336701282,25,30,0
24,4722,2.1775103943962727e-08,0.03999999966007615,0.07828164253981475,0.8817183360250049,25,30,0
24,4723,2.1775103943962727e-08,0.03999999966007615,0.07828172436171792,0.8817182542031017,25,30,0
24,4724,2.177510394396273e-08,0.03999999966007615,0.0782817528346279,0.8817182257301917,25,30,0
24,4725,2.177510394396273e-08,0.03999999966007615,0.07828403035870526,0.8817159482061143,25,30,0
24,4726,2.177510394396273e-08,0.03999999966007615,0.07828406378866663,0.881715914776153,25,30,0
24,4727,2.177510394396273e-08,0.03999999966007615,0.07828190011306542,0.8817180784517543,25,30,0
24,4728,2.177510394396273e-08,0.03999999966007615,0.07828187308837874,0.881718105476441,25,30,0
24,4729,2.177510394396273e-08,0.03999999966007615,0.07828179126753153,0.8817181872972881,25,30,0
24,4730,2.177510394396273e-08,0.03999999966007615,0.07828179054094545,0.8817181880238744,25,30,0
24,4731,2.177510394396273e-08,0.03999999966007615,0.07828649382955709,0.8817134847352626,25,30,0
24,4732,2.177510394396273e-08,0.03999999966007615,0.07828179102062811,0.8817181875441915,25,30,0
24,4733,2.1775103943962727e-08,0.03999999966007615,0.07828176258125524,0.8817182159835645,25,30,0
24,4734,2.1775103943962727e-08,0.03999999966007615,0.0782818450697706,0.881718133495049,25,30,0
24,4735,2.1775103943962727e-08,0.03999999329987153,0.07828185142997522,0.881718133495049,25,30,0
24,4736,2.1775103943962727e-08,0.03999999329987153,0.07828647220644791,0.8817135127185765,25,30,0
24,4737,2.1775103943962727e-08,0.03999999329987153,0.07828650014371034,0.881713484781314,25,30,0
24,4738,2.141870097920301e-08,0.03999999333880199,0.08000730401755109,0.8799926812249459,25,30,0
24,4739,2.141870097920301e-08,0.03999999333880199,0.0800071881002008,0.8799927971422963,25,30,0
24,4740,2.141870097920301e-08,0.03999999333880199,0.0800071876092717,0.8799927976332254,25,30,0
24,4741,2.1418827713512565e-08,0.039999993299861425,0.08000716687749972,0.8799928184038112,25,30,0
24,4742,2.1418827713512565e-08,0.039999993299861425,0.08000716892238958,0.8799928163589211,25,30,0
24,4743,2.1418827713512565e-08,0.039999993299861425,0.0800071689222066,0.8799928163591042,25,30,0
24,4744,2.1418827713512565e-08,0.039999993299861425,0.0800071709641686,0.8799928143171423,25,30,0
24,4745,2.1418827713512565e-08,0.039999993299861425,0.08000246912359106,0.87999751615772,25,30,0
24,4746,2.1418827713512565e-08,0.039999993299861425,0.08000242912078802,0.8799975561605229,25,30,0
24,4747,2.1418827713512565e-08,0.039999993299861425,0.08000251019595989,0.8799974750853511,25,30,0
24,4748,2.141882771351264e-08,0.039999993299861425,0.08000251153585125,0.8799974737454597,25,30,0
24,4749,2.141857365302777e-08,0.03999999330122837,0.08000132535518756,0.8799986599250105,25,30,0
24,4750,2.141857365302777e-08,0.03999999330122837,0.08000600018277813,0.8799939850974198,25,30,0
24,4751,1.2368381833825197e-06,0.03999999330091913,0.08000478476347754,0.8799939850974203,25,30,0
24,4752,1.2368381833825197e-06,0.03999999330091913,0.08000478476390435,0.8799939850969938,25,30,0
24,4753,1.2368381833825197e-06,0.03999999330091913,0.08000478473125051,0.8799939851296474,25,30,0
24,4754,1.2368381833825197e-06,0.03999999330091913,0.08000478621428656,0.8799939836466112,25,30,0
24,4755,1.2368381833825197e-06,0.03999999330091913,0.08000478621384106,0.8799939836470568,25,30,0
24,4756,1.2368381833825197e-06,0.03999999330091913,0.08000478766117718,0.8799939821997205,25,30,0
24,4757,1.2368381833872064e-06,0.03997758017716934,0.08002720078492523,0.8799939821997225,25,30,0
24,4758,1.2368381833872064e-06,0.03997758017716934,0.08002719933401016,0.8799939836506374,25,30,0
24,4759,1.2368381833872064e-06,0.03997758017716934,0.08002719930231868,0.8799939836823291,25,30,0
24,4760,1.2368381833872064e-06,0.03997758017716934,0.08002491974521436,0.8799962632394331,25,30,0
24,4761,1.2368381833872068e-06,0.03997758017716934,0.08002491843074129,0.8799962645539062,25,30,0
24,4762,1.2368381833872068e-06,0.03997758017716934,0.08002491841613668,0.879996264568511,25,30,0
24,4763,1.2368381833872068e-06,0.03997758017716934,0.08002495837556786,0.8799962246090797,25,30,0
24,4764,1.2368381833872068e-06,0.03997758017716934,0.08002495839945079,0.879996224585197,25,30,0
24,4765,1.2368381833872064e-06,0.03997758017716934,0.08002495768072125,0.8799962253039263,25,30,0
24,4766,1.2368381833872066e-06,0.03997758017716934,0.08002499562616533,0.8799961873584823,25,30,0
24,4767,1.2368381833872068e-06,0.03997758017741169,0.08039810774508832,0.8796230752393168,25,30,0
24,4768,1.2368381833872068e-06,0.03997758017741169,0.08039822222828022,0.879622960756125,25,30,0
24,4769,1.2368381833872068e-06,0.03997758017741169,0.08039816817800385,0.8796230148064013,25,30,0
24,4770,1.2368381833872068e-06,0.03997758017741169,0.08039979104356197,0.8796213919408431,25,30,0
24,4771,1.2368381833872068e-06,0.03997758017741169,0.08039979032262307,0.8796213926617821,25,30,0
24,4772,1.236838183387207e-06,0.03997758017741169,0.08040206787380218,0.8796191151106031,25,30,0
24,4773,1.236838183387207e-06,0.03997758017741169,0.08040218379097425,0.879618999193431,25,30,0
24,4774,1.236838183387207e-06,0.03997758017741169,0.0804021438564973,0.8796190391279081,25,30,0
24,4775,1.236838183387207e-06,0.03997758017741169,0.08040213232508737,0.8796190506593179,25,30,0
24,4776,1.236838183387207e-06,0.03997758017741169,0.08040213030453675,0.8796190526798685,25,30,0
24,4777,1.236838183387207e-06,0.03997758017741169,0.08040212826236134,0.8796190547220439,25,30,0
24,4778,1.236838183387207e-06,0.03997758017741169,0.08040212894048215,0.8796190540439232,25,30,0
24,4779,1.2368381834669253e-06,0.03997758025398698,0.08040333581375168,0.8796178470940781,25,30,0
24,4780,1.2368381834669253e-06,0.03997758025398698,0.08040994199512959,0.8796112409127003,25,30,0
24,4781,1.2368381834669253e-06,0.03997758025398698,0.08040994197035917,0.8796112409374706,25,30,0
24,4782,1.2368381834669253e-06,0.03997758025398698,0.080409941970349,0.8796112409374808,25,30,0
24,4783,1.2368381834669253e-06,0.03997758025398698,0.08040994125655809,0.8796112416512717,25,30,0
24,4784,1.2368381834669253e-06,0.03997758025398698,0.08040996878095635,0.8796112141268735,25,30,0
24,4785,1.2368381834669253e-06,0.03997758025398698,0.08040996870959911,0.8796112141982307,25,30,0
24,4786,1.2368381834669253e-06,0.03997758025398698,0.08040996871987716,0.8796112141879527,25,30,0
24,4787,1.2368381834669253e-06,0.03997758025398698,0.08040840131699538,0.8796127815908344,25,30,0
24,4788,1.2368381834669253e-06,0.03997758025398698,0.08040369852814916,0.8796174843796808,25,30,0
24,4789,1.2368381834669253e-06,0.03997758025398698,0.08040367100368774,0.8796175119041421,25,30,0
24,4790,1.2368381834669253e-06,0.03997758025398698,0.08040367102802393,0.879617511879806,25,30,0
24,4791,1.2368381834669253e-06,0.03997758025398698,0.08040367250075331,0.8796175104070766,25,30,0
24,4792,1.2368381834669253e-06,0.03997758025398698,0.08040364497635441,0.8796175379314755,25,30,0
24,4793,1.2368381834669253e-06,0.03997758025398698,0.08040364496803637,0.8796175379397936,25,30,0
24,4794,1.2368381834669253e-06,0.03997758025398698,0.08040364552912765,0.8796175373787023,25,30,0
24,4795,1.2368381834669253e-06,0.03997758025398698,0.08039931888007193,0.879621864027758,25,30,0
24,4796,1.2368381834669253e-06,0.03997758025398698,0.08039929311872586,0.879621889789104,25,30,0
24,4797,1.2368381834669253e-06,0.03997758025398698,0.08039701355117114,0.8796241693566589,25,30,0
24,4798,1.2368381834669253e-06,0.03997758025398698,0.08039701358655402,0.879624169321276,25,30,0
24,4799,1.2368381834669253e-06,0.03997758025398698,0.08039701359698612,0.8796241693108438,25,30,0
24,4800,1.2368381833903986e-06,0.03997769779177647,0.08039633567189722,0.879624729698143,25,30,0
24,4801,1.2368381833903986e-06,0.03997769779177647,0.0803963350854237,0.8796247302846166,25,30,0
24,4802,1.2368381833903986e-06,0.03997769779177647,0.08039621919154609,0.8796248461784941,25,30,0
24,4803,1.2368381833857122e-06,0.04000011744162224,0.08037379954170205,0.8796248461784925,25,30,0
24,4804,1.2368381833857122e-06,0.04000011744162224,0.08037379958904811,0.8796248461311464,25,30,0
24,4805,1.236838183385712e-06,0.0400001174413799,0.0800007274402877,0.8799979182801491,25,30,0
24,4806,1.236838183385712e-06,0.0400001174413799,0.08013025083924624,0.8798683948811906,25,30,0
24,4807,1.2368381833857118e-06,0.0400001174413799,0.08012801124076532,0.8798706344796716,25,30,0
24,4808,1.2368381833857118e-06,0.0400001174413799,0.08012801120553202,0.8798706345149049,25,30,0
24,4809,1.236838183385712e-06,0.04000011744137997,0.080220313493722,0.8797783322267148,25,30,0
24,4810,1.236838183385712e-06,0.04000011744137997,0.0802203894161751,0.8797782563042617,25,30,0
24,4811,1.236838183385712e-06,0.04000011744137997,0.08022042803529392,0.8797782176851431,25,30,0
24,4812,1.3308781399329518e-06,0.04000012612418741,0.08018656317351117,0.8798119798241618,25,30,0
24,4813,1.3308782985517084e-06,0.04000012612418741,0.08535275661586368,0.8746457863816507,25,30,0
24,4814,1.3308782985517084e-06,0.04000012612418741,0.0852232331574029,0.8747753098401114,25,30,0
24,4815,1.3308782985517084e-06,0.04000012612418741,0.08522323316767355,0.8747753098298408,25,30,0
24,4816,1.3308782985517084e-06,0.04000012612418741,0.0852232331935265,0.8747753098039879,25,30,0
24,4817,1.3308782985517084e-06,0.04000012612418741,0.08522317773084705,0.8747753652666672,25,30,0
24,4818,1.3308782985517084e-06,0.04000012612418741,0.0852230638462637,0.8747754791512505,25,30,0
24,4819,1.3308782985517084e-06,0.04000012612418741,0.08522306383599307,0.8747754791615212,25,30,0
24,4820,1.3308782985517084e-06,0.04000012612418741,0.08522303538832471,0.8747755076091895,25,30,0
24,4821,1.236838342002649e-06,0.03999999982569571,0.08525755747685437,0.8747412058591082,25,30,0
24,4822,1.236838342002649e-06,0.03999999982569571,0.0852576399876806,0.8747411233482819,25,30,0
24,4823,1.236838342079458e-06,0.03999999982564782,0.08518898448456565,0.8748097788514447,25,30,0
24,4824,1.236838342079458e-06,0.03999999982564782,0.08518902244602025,0.8748097408899901,25,30,0
24,4825,1.236838342079458e-06,0.03999999982564782,0.08518902245833003,0.8748097408776805,25,30,0
24,4826,1.236838342079458e-06,0.03999999982564782,0.08518902242418784,0.8748097409118226,25,30,0
24,4827,1.236838342079458e-06,0.03999999982564782,0.08518902238875256,0.8748097409472579,25,30,0
24,4828,1.236838342079458e-06,0.03999999982564782,0.08518902238768904,0.8748097409483215,25,30,0
24,4829,1.236838342079458e-06,0.03999999982564782,0.08518902242289497,0.8748097409131157,25,30,0
24,4830,1.2368383420794584e-06,0.03999999982564782,0.08528131739045691,0.8747174459455536,25,30,0
24,4831,1.2368383420794584e-06,0.03999999982564782,0.0852813159431067,0.8747174473929037,25,30,0
24,4832,1.2368383420794584e-06,0.03999999982564782,0.08528131596890526,0.8747174473671052,25,30,0
24,4833,1.2368383420794584e-06,0.03999999982564782,0.08528131591706342,0.874717447418947,25,30,0
24,4834,1.2368383420794584e-06,0.03999999982564782,0.08528131523875475,0.8747174480972556,25,30,0
24,4835,1.2368383420794584e-06,0.03999999982564782,0.08528131521398097,0.8747174481220295,25,30,0
24,4836,1.2368383420794584e-06,0.03999999982564782,0.08528131518901903,0.8747174481469914,25,30,0
24,4837,1.2368383420794584e-06,0.03999999982564782,0.08528139114701717,0.8747173721889933,25,30,0
24,4838,1.2368383420794584e-06,0.03999999982564782,0.0852813911367387,0.8747173721992718,25,30,0
24,4839,1.2368383420794584e-06,0.03999999982564782,0.08528139113674454,0.8747173721992658,25,30,0
24,4840,1.236838342079458e-06,0.039999999825647746,0.08518920471836315,0.8748095586176474,25,30,0
24,4841,1.2368383420794584e-06,0.039999999825647746,0.08518928066152041,0.8748094826744901,25,30,0
24,4842,1.2368383420794584e-06,0.039999999825647746,0.08518928208390573,0.8748094812521049,25,30,0
24,4843,1.2368383420794584e-06,0.039999999825647746,0.0851892835309191,0.8748094798050914,25,30,0
24,4844,1.2368383420794584e-06,0.039999999825647746,0.08518928153295333,0.8748094818030573,25,30,0
24,4845,5.805778392827524e-09,0.03999999982565051,0.0851905125654879,0.8748094818030835,25,30,0
24,4846,5.805778392827524e-09,0.03999999982565051,0.08519039662469878,0.8748095977438726,25,30,0
24,4847,5.805778392827524e-09,0.03999999982565051,0.08519039521258415,0.8748095991559873,25,30,0
24,4848,5.805778392827524e-09,0.03999999982565051,0.08519039517551902,0.8748095991930523,25,30,0
24,4849,5.805778392827524e-09,0.03999999982565051,0.08519039518763005,0.8748095991809415,25,30,0
24,4850,5.805778392827827e-09,0.03999999982565051,0.08519043520774831,0.8748095591608233,25,30,0
24,4851,5.805778392827827e-09,0.039999444959754306,0.08519099007364452,0.8748095591608233,25,30,0
24,4852,5.805778392827827e-09,0.039999444959754306,0.08519099004862211,0.8748095591858456,25,30,0
24,4853,5.805778392827827e-09,0.039999444959754306,0.08519087413136074,0.8748096751031068,25,30,0
24,4854,5.805778392827827e-09,0.039999444959754306,0.08519095661927349,0.874809592615194,25,30,0
24,4855,5.805778392827827e-09,0.039999444959754306,0.08519095610809643,0.874809593126371,25,30,0
24,4856,5.805778316021024e-09,0.03999944496112174,0.0852596327577377,0.8747409164753628,25,30,0
24,4857,5.8056196972643305e-09,0.03999944496112174,0.08009355523255068,0.8799069940007084,25,30,0
24,4858,5.8056196972643305e-09,0.03999944496112174,0.08009355592545617,0.8799069933078029,25,30,0
24,4859,5.805635952974299e-09,0.03999967543693965,0.07652315904935919,0.8834771597080652,25,30,0
24,4860,5.805635952974299e-09,0.03999967543693965,0.07652315763544865,0.8834771611219756,25,30,0
24,4861,5.805635952974299e-09,0.03999967543693965,0.07652311765266365,0.8834772011047606,25,30,0
24,4862,5.8056359529743e-09,0.03999967543693965,0.07652311907880148,0.8834771996786227,25,30,0
24,4863,5.805635952974e-09,0.03999967543693965,0.07643086209332543,0.8835694566640987,25,30,0
24,4864,5.805873639039822e-09,0.03999944495980217,0.0799326025035016,0.8800679467308222,25,30,0
24,4865,5.805873639039822e-09,0.03999944495980217,0.07993260250394571,0.8800679467303781,25,30,0
24,4866,5.805873639039822e-09,0.03999944495980217,0.07993260252730872,0.880067946707015,25,30,0
24,4867,5.805873639039822e-09,0.03999944495980217,0.07993920876868216,0.8800613404656417,25,30,0
24,4868,5.805873639039822e-09,0.03999944495980217,0.07993921282330464,0.8800613364110192,25,30,0
24,4869,5.805873639039822e-09,0.03999944495980217,0.07993909691870649,0.8800614523156173,25,30,0
24,4870,5.80587363903952e-09,0.03999944495980217,0.07993905693382568,0.8800614923004982,25,30,0
24,4871,5.805873639285403e-09,0.03999944495980218,0.07993909839029474,0.8800614508440292,25,30,0
24,4872,5.805873639285403e-09,0.03999944495980218,0.0799390983987242,0.8800614508355998,25,30,0
24,4873,5.805873639285403e-09,0.03999944495980218,0.07993898248217672,0.8800615667521475,25,30,0
24,4874,5.805873639285403e-09,0.03999944495980218,0.079939065004513,0.8800614842298111,25,30,0
24,4875,2.1418503610686094e-08,0.03999944495995682,0.07993904934974086,0.8800614842717985,25,30,0
24,4876,2.141850361070134e-08,0.03999944495996061,0.0845978299856503,0.8754027036358858,25,30,0
24,4877,2.141850361045546e-08,0.03999944495996061,0.08459778853003652,0.8754027450914995,25,30,0
24,4878,2.1418503610455462e-08,0.03999944495996061,0.0845978710799657,0.8754026625415705,25,30,0
24,4879,2.1418503610455462e-08,0.03999944495996061,0.08459787109027186,0.8754026625312642,25,30,0
24,4880,2.1418503610455462e-08,0.03999944495996061,0.08460447733303583,0.8753960562885001,25,30,0
24,4881,2.1418503610455462e-08,0.03999944495996061,0.0846045598209412,0.8753959738005949,25,30,0
24,4882,2.1418503610455462e-08,0.03999944495996061,0.08460456187794332,0.875395971743593,25,30,0
24,4883,2.1418503610455462e-08,0.03999944495996061,0.08459795633717994,0.8754025772843562,25,30,0
24,4884,2.1418503877520457e-08,0.039967064705697705,0.08463033659134515,0.8754025772844537,25,30,0
24,4885,2.1418503877520457e-08,0.039967064705697705,0.08463033455761854,0.8754025793181804,25,30,0
24,4886,2.1418503877520457e-08,0.039967064705697705,0.08463033385639099,0.875402580019408,25,30,0
24,4887,2.141850387752046e-08,0.039967064705697705,0.08463261341405275,0.8754003004617462,25,30,0
24,4888,2.141850387752046e-08,0.039967064705697705,0.08463261343883481,0.8754003004369639,25,30,0
24,4889,2.141850387752046e-08,0.039967064705697705,0.08463261343882653,0.8754003004369725,25,30,0
24,4890,2.141850387752046e-08,0.039967064705697705,0.08463272729942604,0.8754001865763729,25,30,0
24,4891,2.1418503877520467e-08,0.039967064705697705,0.08463272778433933,0.8754001860914596,25,30,0
24,4892,2.141850387752046e-08,0.039967064705697705,0.08463044963813393,0.8754024642376649,25,30,0
24,4893,2.141850387752046e-08,0.039967064705697705,0.08463033442223321,0.8754025794535657,25,30,0
24,4894,2.141850387752046e-08,0.039967064705697705,0.08462372818015872,0.8754091856956403,25,30,0
24,4895,2.1418503877505214e-08,0.03996706470569392,0.0799649050157722,0.8800680088600301,25,30,0
24,4896,2.141850387750521e-08,0.03996706470569392,0.0799648509651844,0.8800680629106181,25,30,0
24,4897,2.141850387750521e-08,0.03996706470569392,0.07996485096120341,0.8800680629145988,25,30,0
24,4898,2.1418503877505207e-08,0.03996706470569392,0.07996485044105822,0.880068063434744,25,30,0
24,4899,1.6996635539131018e-05,0.039967065198584686,0.07994023737789475,0.8800757007879814,25,30,0
24,4900,1.6996635539131018e-05,0.039967065198584686,0.07994023592991403,0.880075702235962,25,30,0
24,4901,1.6996635539131018e-05,0.039967065198584686,0.07994015344201198,0.8800757847238642,25,30,0
24,4902,1.6996635539131018e-05,0.039967065198584686,0.07994012496954941,0.8800758131963268,25,30,0
24,4903,1.6996635539131018e-05,0.039967065198584686,0.07994012497016445,0.8800758131957117,25,30,0
24,4904,1.6996635539131018e-05,0.039967065198584686,0.07994012493555519,0.8800758132303208,25,30,0
24,4905,1.6996635539131018e-05,0.039967065198584686,0.0799401269685883,0.8800758111972878,25,30,0
24,4906,1.6996635539131018e-05,0.039967065198584686,0.07994673317535991,0.8800692049905162,25,30,0
24,4907,1.6996635539131018e-05,0.039967065198584686,0.07994673370182004,0.880069204464056,25,30,0
24,4908,1.6996635539131018e-05,0.039967065198584686,0.07994673717058913,0.880069200995287,25,30,0
24,4909,1.6996635539131018e-05,0.039967065198584686,0.0799467771819388,0.8800691609839375,25,30,0
24,4910,1.6996635539131018e-05,0.039967065198584686,0.07994669468357653,0.8800692434822998,25,30,0
24,4911,1.6996635539131018e-05,0.039967065198584686,0.07994669468390353,0.8800692434819726,25,30,0
24,4912,1.6996635539131018e-05,0.039967065198584686,0.07994669613038739,0.8800692420354889,25,30,0
24,4913,1.6996635539131018e-05,0.039967065198584686,0.07994669612962652,0.8800692420362498,25,30,0
24,4914,1.6996635539131018e-05,0.039967065198584686,0.07994011838590635,0.8800758197799697,25,30,0
24,4915,1.6996635539131018e-05,0.039967065198584686,0.07994011844614207,0.8800758197197343,25,30,0
24,4916,1.6996635539131018e-05,0.039967065198584686,0.07994011903200858,0.8800758191338676,25,30,0
24,4917,1.6996635539131018e-05,0.039967065198584686,0.07994000315006637,0.8800759350158099,25,30,0
24,4918,1.6996635539131018e-05,0.039967065198584686,0.07993996319107877,0.8800759749747974,25,30,0
24,4919,1.6996635539131018e-05,0.039967065198584686,0.07993984728893035,0.8800760908769459,25,30,0
24,4920,1.6996635539131018e-05,0.039967065198584686,0.0799398187906464,0.8800761193752298,25,30,0
24,4921,1.6996635539131018e-05,0.039967065198584686,0.07993981679312641,0.8800761213727497,25,30,0
24,4922,1.699663553886395e-05,0.03999999058532997,0.07990689140647883,0.8800761213726522,25,30,0
24,4923,1.699663553886395e-05,0.03999999058532997,0.0799068914314303,0.8800761213477009,25,30,0
24,4924,1.699663553886395e-05,0.03999999058532997,0.07990689193050227,0.8800761208486289,25,30,0
24,4925,1.699663553886395e-05,0.03999999058532997,0.08003641535302235,0.8799465974261088,25,30,0
24,4926,1.699663553886395e-05,0.03999999058532997,0.08003641531797015,0.879946597461161,25,30,0
24,4927,1.699663553886395e-05,0.03999999058532997,0.08003641330927305,0.8799465994698582,25,30,0
24,4928,1.699663553886395e-05,0.03999999058532997,0.08003641334389194,0.8799465994352392,25,30,0
24,4929,1.699663553886395e-05,0.03999999058532997,0.08003641337571818,0.879946599403413,25,30,0
24,4930,1.699663553886395e-05,0.03999999058532997,0.08003637566540102,0.8799466371137299,25,30,0
24,4931,1.699663553886395e-05,0.03999999058532997,0.07990913180060538,0.8800738809785257,25,30,0
24,4932,1.699663553886395e-05,0.03999999058532997,0.07990916902827268,0.8800738437508584,25,30,0
24,4933,1.6996635538864172e-05,0.03999999059763277,0.08461614819427168,0.8753668645725565,25,30,0
24,4934,1.6996635538864172e-05,0.0399999971549268,0.08461614163697764,0.8753668645725565,25,30,0
24,4935,0.02950084294298453,0.03999999672778329,0.05513993252410241,0.8753592278051298,25,30,0
24,4936,0.02950084294298453,0.03999999672778329,0.055139933855650004,0.8753592264735823,25,30,0
24,4937,0.02950084294298453,0.03999999672778329,0.055139895210024,0.8753592651192083,25,30,0
24,4938,0.02950084294298453,0.03999999672778329,0.05513989665840837,0.875359263670824,25,30,0
24,4939,0.02950084294298453,0.03999999672778329,0.055139950123530505,0.8753592102057018,25,30,0
24,4940,0.02950084294298453,0.03999999672778329,0.05513994962201373,0.8753592107072187,25,30,0
24,4941,0.02950084294298453,0.03999999672778329,0.055139949586343454,0.8753592107428889,25,30,0
24,4942,0.02950084294298453,0.03999999672778329,0.05513994956909255,0.8753592107601399,25,30,0
24,4943,0.02950084294298453,0.03999999672778329,0.05514157245864431,0.8753575878705881,25,30,0
24,4944,0.02950084294298453,0.039999992946827705,0.055141576239599886,0.8753575878705881,25,30,0
24,4945,0.02950084294298453,0.039999992946827705,0.05514160326428355,0.8753575608459044,25,30,0
24,4946,0.02950084294298453,0.039999992946827705,0.055141520776389126,0.8753576433337988,25,30,0
24,4947,0.02950084294298453,0.039999992946827705,0.05514152008561593,0.8753576440245721,25,30,0
24,4948,0.02950084294298453,0.039999992946827705,0.055141520593489875,0.8753576435166981,25,30,0
24,4949,0.02950084294298453,0.039999992946827705,0.05514152125946877,0.8753576428507192,25,30,0
24,4950,0.02950084294298453,0.039999992946827705,0.05527104123664061,0.8752281228735473,25,30,0
24,4951,0.02950084294298453,0.039999992946827705,0.055268761643246664,0.8752304024669414,25,30,0
24,4952,0.02950084294298453,0.03999999294682778,0.05527536917078745,0.8752237949394005,25,30,0
24,4953,0.02950084294298453,0.03999999293452498,0.050568390514588356,0.8799307736079024,25,30,0
24,4954,0.02950084294298453,0.03999999293452498,0.05056839051412701,0.8799307736083637,25,30,0
24,4955,0.02950084294298453,0.03996852276392041,0.0505998606847316,0.8799307736083637,25,30,0
24,4956,0.02950084294298453,0.039968522763920336,0.05059325318214178,0.8799373811109535,25,30,0
24,4957,0.02950084294298453,0.039968522763920336,0.0505933356700565,0.8799372986230389,25,30,0
24,4958,0.02950084294298453,0.039968522763920336,0.05059333569263697,0.8799372986004584,25,30,0
24,4959,0.02950084294298453,0.039968522763920336,0.05059333710535108,0.8799372971877442,25,30,0
24,4960,0.02950084294298453,0.03996852276392041,0.050599943348839,0.8799306909442564,25,30,0
24,4961,0.02950084294298453,0.03996852276392041,0.050599861526918095,0.8799307727661773,25,30,0
24,4962,0.02950084294298453,0.03996852276392041,0.05059986057906005,0.8799307737140352,25,30,0
24,4963,0.02950084294298453,0.03996852276392041,0.05059982059476762,0.8799308136983277,25,30,0
24,4964,0.02950084294298453,0.03996852276392041,0.05059981858555708,0.8799308157075382,25,30,0
24,4965,0.02950084294298453,0.03996852276392041,0.05060210027609104,0.8799285340170041,25,30,0
24,4966,0.02950084294298453,0.03996852276392041,0.05060204681120218,0.8799285874818931,25,30,0
24,4967,0.02950084294298453,0.03996852276392041,0.05060204682243313,0.879928587470662,25,30,0
24,4968,0.02950084294298453,0.03996852276392041,0.05059976651860655,0.8799308677744888,25,30,0
24,4969,0.013454519492322998,0.03996852281423987,0.06664606002301428,0.8799308976704229,25,30,0
24,4970,0.005017889744344017,0.0399687994190345,0.07504484282348879,0.8799684680131328,25,30,0
24,4971,0.005017889744344017,0.0399687994190345,0.07504495871791074,0.8799683521187108,25,30,0
24,4972,0.005017889744344017,0.0399687994190345,0.07504496012154903,0.8799683507150726,25,30,0
24,4973,0.005017889744344017,0.0399687994190345,0.0750449600954198,0.8799683507412018,25,30,0
24,4974,0.005017889744344017,0.0399687994190345,0.07504495864841128,0.8799683521882103,25,30,0
24,4975,0.005017889744344609,0.03996879942037758,0.07511240815331187,0.879900902681966,25,30,0
24,4976,0.005017889744344609,0.03996879942037758,0.07511240670599423,0.8799009041292837,25,30,0
24,4977,1.9137872298412332e-08,0.03996852270740849,0.08016815274205853,0.879863305412661,25,30,0
24,4978,1.9137872298412332e-08,0.03996852270740849,0.08016815070798751,0.8798633074467321,25,30,0
24,4979,1.9137872298412332e-08,0.03996852270740849,0.08016823322279265,0.8798632249319269,25,30,0
24,4980,1.9137872298412332e-08,0.03996852270740849,0.08016823275873039,0.8798632253959892,25,30,0
24,4981,1.9137872298412332e-08,0.0399685227074085,0.08016831531805488,0.8798631428366648,25,30,0
24,4982,1.4128967680244043e-07,0.03996928171216137,0.0801674362918231,0.8798631407063391,25,30,0
24,4983,1.4128967680244043e-07,0.03996928171216137,0.08016743487953576,0.8798631421186262,25,30,0
24,4984,1.4128967680244043e-07,0.03996928171216137,0.08016743621151536,0.8798631407866467,25,30,0
24,4985,1.4128967680244043e-07,0.03996928171216137,0.08016743666661995,0.8798631403315421,25,30,0
24,4986,1.4128967680244072e-07,0.03996928171216137,0.08016906110398642,0.8798615158941757,25,30,0
24,4987,1.4128967680244072e-07,0.03996928171216137,0.08016906313685813,0.8798615138613041,25,30,0
24,4988,1.4128967680244072e-07,0.03996928171216137,0.08016906267364121,0.8798615143245209,25,30,0
24,4989,1.4128967680244072e-07,0.03996928171216137,0.08003953921571688,0.8799910377824451,25,30,0
24,4990,1.4128967680244072e-07,0.03996928171216137,0.08003951076414148,0.8799910662340206,25,30,0
24,4991,1.4128967680244072e-07,0.03996928171216137,0.08003951006266036,0.8799910669355016,25,30,0
24,4992,1.4128967680244072e-07,0.03996928171216137,0.08003942898749156,0.8799911480106704,25,30,0
24,4993,1.4128967680244072e-07,0.03996928171216137,0.08003931308278663,0.8799912639153753,25,30,0
24,4994,1.4128967680244104e-07,0.039969281712161374,0.08003937012071317,0.8799912068774488,25,30,0
24,4995,1.4128967680244104e-07,0.039969281712161374,0.08003937014594822,0.8799912068522135,25,30,0
24,4996,1.4128942258220144e-07,0.03996953486789072,0.08004030277608402,0.8799900210666027,25,30,0
24,4997,1.4128942258220144e-07,0.03996953486789072,0.080040302776095,0.8799900210665916,25,30,0
24,4998,1.4128942258220175e-07,0.03996953486789072,0.08004030203856276,0.8799900218041239,25,30,0
24,4999,0.026902519913299013,0.03996877585512544,0.05313868244197357,0.8799900217896018,25,30,0
24,5000,0.026902519913299013,0.039968775855125364,0.05313207616971988,0.8799966280618556,25,30,0
24,5001,0.026902519913299013,0.039968775855125364,0.05313207567019457,0.8799966285613811,25,30,0
24,5002,0.026902519913299013,0.039968775855125364,0.053132073671603254,0.8799966305599726,25,30,0
24,5003,0.026902519913299013,0.039968775855125364,0.053132113641129776,0.879996590590446,25,30,0
24,5004,0.026902519913299013,0.039968775855125364,0.05313049072575913,0.8799982135058165,25,30,0
24,5005,0.026902519913299013,0.039968775855125364,0.053137014408856376,0.8799916898227194,25,30,0
24,5006,0.026902519913299013,0.039968775855125364,0.053137014418527605,0.8799916898130482,25,30,0
24,5007,0.026902519913299013,0.039968775855125364,0.05313697442376609,0.8799917298078097,25,30,0
24,5008,0.026902519913299013,0.03996877585512544,0.05322764586273377,0.879901058368842,25,30,0
24,5009,0.026902519913299013,0.03996877585512544,0.05322764786008384,0.8799010563714919,25,30,0
24,5010,0.026902519913299013,0.03996877585512544,0.05322768654850879,0.8799010176830668,25,30,0
24,5011,0.026902519913299013,0.03996877585512544,0.053227686523106076,0.8799010177084696,25,30,0
24,5012,0.026902519913299013,0.03996877585512544,0.053227687176952435,0.8799010170546232,25,30,0
24,5013,0.026902519913298697,0.03996852714076273,0.053227956694834884,0.8799009962511037,25,30,0
24,5014,0.026902519913298697,0.03996852714076273,0.053227956709001684,0.879900996236937,25,30,0
24,5015,0.026902519913298697,0.03996852714076273,0.05322795667395324,0.8799009962719851,25,30,0
24,5016,0.026902519913298697,0.03996852714076273,0.05322795668270804,0.8799009962632305,25,30,0
24,5017,0.026902519913298697,0.03996852714076273,0.05360106172545717,0.8795278912204815,25,30,0
24,5018,0.026902519913298697,0.03999985899546251,0.05356972987075739,0.8795278912204815,25,30,0
24,5019,0.026902519913298697,0.03999985899546251,0.053569729870591096,0.8795278912206477,25,30,0
24,5020,0.026902519913298697,0.03999985899546251,0.053569729870580944,0.879527891220658,25,30,0
24,5021,0.026902519913298697,0.03999985899546251,0.053569729835539606,0.8795278912556991,25,30,0
24,5022,0.026902519913298697,0.039999858995462434,0.053477433974353464,0.8796201871168854,25,30,0
24,5023,0.0036514519796610207,0.03999985899542769,0.07672837566104443,0.8796203133638669,25,30,0
24,5024,0.0036514519796610207,0.03999985899542769,0.0767283749850554,0.879620314039856,25,30,0
24,5025,0.0036514519796610207,0.03999985899542769,0.07672837295203597,0.879620316072875,25,30,0
24,5026,0.0036514519796610207,0.03999985899542769,0.07672837341307465,0.8796203156118365,25,30,0
24,5027,0.0036514519796610207,0.03999985899542769,0.07672837485162119,0.87962031417329,25,30,0
24,5028,0.0036514519796610207,0.03999985899542769,0.07672837485222099,0.8796203141726903,25,30,0
24,5029,0.0036514519796610207,0.03999985899542769,0.07673065442022257,0.8796180346046886,25,30,0
24,5030,0.0036514519796610207,0.03999931602003886,0.07673119739560973,0.8796180346046905,25,30,0
24,5031,0.0036514519796610207,0.03999931602003886,0.07673119740761018,0.87961803459269,25,30,0
24,5032,0.0036514519796610207,0.03999931602003886,0.07673122588013288,0.8796180061201673,25,30,0
24,5033,0.0036514519796610207,0.03999931602003886,0.07673134176224294,0.8796178902380574,25,30,0
24,5034,0.0036514519796610207,0.03999931602003886,0.0767329646729047,0.8796162673273955,25,30,0
24,5035,0.0036514519796610207,0.03999931602003886,0.0767329653745521,0.8796162666257481,25,30,0
24,5036,0.0036514519796610207,0.03999931602003886,0.07673068580611948,0.8796185461941808,25,30,0
24,5037,0.0036514519796610207,0.03999931602003886,0.07673068437142345,0.8796185476288768,25,30,0
24,5038,0.0036514519796610207,0.03999931602003886,0.0763576618269932,0.879991570173307,25,30,0
24,5039,0.0036514519796610207,0.03999931602003886,0.07635986550713207,0.8799893664931682,25,30,0
24,5040,0.0036514519796610207,0.03999931602003886,0.07635986553297695,0.8799893664673233,25,30,0
24,5041,0.0036514519796610207,0.03999931602003886,0.0763532598154541,0.879995972184846,25,30,0
24,5042,0.0036514519796610207,0.03999931602003886,0.07635325985049855,0.8799959721498017,25,30,0
24,5043,0.0036514519796610207,0.03999931602003886,0.07635325987545269,0.8799959721248473,25,30,0
24,5044,0.0036514519796610207,0.03999931602003886,0.07635317738610246,0.8799960546141976,25,30,0
24,5045,0.0036514519796610207,0.03999931602003886,0.07635317687410592,0.879996055126194,25,30,0
24,5046,0.0036514519796610207,0.03999931602003886,0.07635317879603139,0.8799960532042687,25,30,0
24,5047,0.0036514519796610207,0.03999931602003886,0.07635317879602055,0.8799960532042796,25,30,0
24,5048,0.0036514519796610207,0.03999931602003886,0.07635318024380336,0.8799960517564968,25,30,0
24,5049,0.0036514519796610207,0.03999931602003886,0.07635318088484032,0.8799960511154598,25,30,0
24,5050,0.0036514519796610207,0.03999931602003886,0.07635155797388374,0.8799976740264164,25,30,0
24,5051,0.0036514519796610207,0.03999931602003886,0.07635163855076593,0.8799975934495342,25,30,0
24,5052,0.0036514519796610207,0.03999931602003899,0.08101050119688968,0.8753387308034104,25,30,0
24,5053,0.0036514519796610224,0.03999931157730539,0.08101048482930161,0.8753387516137322,25,30,0
24,5054,0.0036514519796610224,0.03999931157730539,0.0810103703949595,0.8753388660480743,25,30,0
24,5055,0.0036514519796610224,0.03999931157730539,0.08101037039495275,0.8753388660480809,25,30,0
24,5056,0.0036514519796610224,0.03999931157730539,0.08101031355915639,0.8753389228838775,25,30,0
24,5057,0.0036514519796610224,0.03999931157730539,0.08101023173662578,0.875339004706408,25,30,0
24,5058,0.0036514519796610224,0.03999931157730539,0.0810102317372437,0.8753390047057902,25,30,0
24,5059,0.0036514519796610224,0.03999931157730539,0.08101023177292273,0.875339004670111,25,30,0
24,5060,0.0036514519796610224,0.03999931157730539,0.08101023322026228,0.8753390032227716,25,30,0
24,5061,0.0036514519796610224,0.03999931157730539,0.08101026169319091,0.875338974749843,25,30,0
24,5062,0.0036514519796610224,0.03999931157730539,0.08101026101692194,0.875338975426112,25,30,0
24,5063,3.5225635227516166e-05,0.03999931157730283,0.08462661361335062,0.8753388491741195,25,30,0
24,5064,3.5225635227516166e-05,0.03999931157730283,0.08462661358735474,0.8753388492001153,25,30,0
24,5065,3.5225635227516166e-05,0.03999931157730283,0.08462661362239605,0.8753388491650739,25,30,0
24,5066,3.5225635227516166e-05,0.03999931157730283,0.08462661436807711,0.8753388484193928,25,30,0
24,5067,3.5225635227516166e-05,0.03999931157730283,0.08462661495437825,0.8753388478330916,25,30,0
24,5068,3.5225635227516166e-05,0.03999931157730283,0.08462661495455541,0.8753388478329144,25,30,0
24,5069,3.5225635227516166e-05,0.03999931157730283,0.08462657629119605,0.8753388864962739,25,30,0
24,5070,3.5225635227516166e-05,0.03999931157730283,0.08462654781853488,0.8753389149689349,25,30,0
24,5071,3.5225635227516166e-05,0.03999931157730283,0.08462666171455595,0.8753388010729138,25,30,0
24,5072,3.5225635227516166e-05,0.03999931157730283,0.0846266633391152,0.8753387994483546,25,30,0
24,5073,3.5225635227516166e-05,0.03999931157730283,0.0846289429102578,0.875336519877212,25,30,0
24,5074,3.5225635227516166e-05,0.03999931157730283,0.0846289428756592,0.8753365199118107,25,30,0
24,5075,3.0949412231909094e-07,0.03999931157730836,0.08466385897327021,0.8753365199552993,25,30,0
24,5076,3.0949412231909094e-07,0.03999931157730836,0.08466385895664805,0.8753365199719212,25,30,0
24,5077,3.0949412231909094e-07,0.03999931157730836,0.08466385749965451,0.8753365214289148,25,30,0
24,5078,3.0949412231909094e-07,0.03999931157730836,0.0846638579648145,0.8753365209637548,25,30,0
24,5079,3.0949412231909094e-07,0.03999931157730836,0.08466385796464157,0.8753365209639277,25,30,0
24,5080,3.0949412231909094e-07,0.03999931157730836,0.08466388573606219,0.8753364931925072,25,30,0
24,5081,3.0949412231909094e-07,0.03999931157730843,0.0846639702722983,0.8753364086562708,25,30,0
24,5082,3.0949412231909094e-07,0.03999931157730843,0.08466397172776469,0.8753364072008044,25,30,0
24,5083,3.094941223188737e-07,0.0399993115773083,0.08000510840877144,0.8799952705197976,25,30,0
24,5084,3.094941223188737e-07,0.0399993115773083,0.08000510843368358,0.8799952704948857,25,30,0
24,5085,3.0949412231911953e-07,0.0399993115773083,0.08000513761877553,0.8799952413097938,25,30,0
24,5086,3.0949412231911953e-07,0.0399993115773083,0.08000513550497368,0.8799952434235955,25,30,0
24,5087,3.094941223188737e-07,0.0399993115773083,0.08000510774226109,0.879995271186308,25,30,0
24,5088,3.094941223188737e-07,0.0399993115773083,0.0800051097760454,0.8799952691525239,25,30,0
24,5089,3.094941223188737e-07,0.0399993115773083,0.08001171457009494,0.8799886643584744,25,30,0
24,5090,3.094941223188736e-07,0.0399993115773083,0.08000951748685736,0.879990861441712,25,30,0
24,5091,3.094941223188736e-07,0.0399993115773083,0.08000951952049011,0.8799908594080793,25,30,0
24,5092,3.094941223188736e-07,0.0399993115773083,0.08000940562402362,0.8799909733045458,25,30,0
24,5093,3.094941223188736e-07,0.0399993115773083,0.08000940414119842,0.8799909747873711,25,30,0
24,5094,3.094941223188736e-07,0.0399993115773083,0.08000720045211317,0.8799931784764563,25,30,0
24,5095,3.094941223188736e-07,0.0399993115773083,0.08000720111811199,0.8799931778104575,25,30,0
24,5096,3.0949412263087435e-07,0.03999931157865205,0.0800060150331878,0.8799943638940375,25,30,0
24,5097,3.0949412263087435e-07,0.03999931157865205,0.08000601704173135,0.8799943618854941,25,30,0
24,5098,3.0949412263087435e-07,0.03999931157865205,0.07999949332285101,0.8800008856043745,25,30,0
24,5099,3.0949412263087435e-07,0.03999931157865205,0.07999949132550334,0.880000887601722,25,30,0
24,5100,3.0949412263087435e-07,0.03999931157865205,0.0799996079108532,0.8800007710163722,25,30,0
24,5101,3.0949412263087435e-07,0.03999931157865205,0.07999960591349475,0.8800007730137308,25,30,0
24,5102,3.0949412263087435e-07,0.03999931157865205,0.0799995774410234,0.880000801486202,25,30,0
24,5103,3.0949412263087435e-07,0.03999931157865205,0.07999957741457875,0.8800008015126467,25,30,0
24,5104,3.0949412263087435e-07,0.03999931157865205,0.07999954894211507,0.8800008299851103,25,30,0
24,5105,3.0949412263087435e-07,0.03999931157865205,0.07999954692062979,0.8800008320065957,25,30,0
24,5106,3.0949412263087435e-07,0.03999931157865205,0.0799995848552088,0.8800007940720167,25,30,0
24,5107,3.0949412263087435e-07,0.03999931157865205,0.07999946826938695,0.8800009106578386,25,30,0
24,5108,3.0949412263087435e-07,0.03999931157865205,0.07999946827001259,0.8800009106572128,25,30,0
24,5109,3.0949412263087435e-07,0.03999931157865205,0.07999946897165834,0.8800009099555672,25,30,0
24,5110,3.0949412263087435e-07,0.03999931157865205,0.0799993864497755,0.88000099247745,25,30,0
24,5111,3.0949412263087435e-07,0.03999931157865205,0.07999938648837084,0.8800009924388548,25,30,0
24,5112,3.0949412263087435e-07,0.03999931157865205,0.07999938852168233,0.8800009904055431,25,30,0
24,5113,3.0949412263087435e-07,0.03999931157865205,0.07999938848631477,0.8800009904409106,25,30,0
24,5114,3.0949412263087435e-07,0.03999931157865205,0.07999939046073203,0.8800009884664933,25,30,0
24,5115,3.0949412263087435e-07,0.03999931157865205,0.0799993904504538,0.8800009884767718,25,30,0
24,5116,3.0949412263087435e-07,0.03999931157865205,0.0799993918627068,0.8800009870645187,25,30,0
24,5117,3.0949412263087435e-07,0.03999931157865205,0.07999939387050199,0.8800009850567235,25,30,0
24,5118,3.0949412263087435e-07,0.03999931157865205,0.079999341857307,0.8800010370699186,25,30,0
24,5119,3.0949412263087435e-07,0.03999931157865205,0.0799993818513569,0.8800009970758685,25,30,0
24,5120,3.0949412263087435e-07,0.039999993095690065,0.07999870033432058,0.8800009970758669,25,30,0
24,5121,3.0949412263087435e-07,0.039999993095690065,0.07999871583756239,0.880000981572625,25,30,0
24,5122,3.0949412263087435e-07,0.039999993095690065,0.07999871525187617,0.8800009821583115,25,30,0
24,5123,3.0949412263087435e-07,0.03999999309569014,0.08000029818498565,0.8799993992252015,25,30,0
24,5124,3.0949412263087435e-07,0.03999999309569014,0.08000029956015778,0.8799993978500297,25,30,0
24,5125,3.0949412263087435e-07,0.03999999309569014,0.08000030157654814,0.8799993958336393,25,30,0
24,5126,3.0949412263087435e-07,0.039999993095690065,0.07999868008793984,0.8800010173222474,25,30,0
24,5127,3.0949412263087435e-07,0.039999993095690065,0.07999868013811673,0.8800010172720707,25,30,0
24,5128,3.0949412263087435e-07,0.039999993095690065,0.07999869032453648,0.880001007085651,25,30,0
24,5129,3.0949412263087435e-07,0.039999993095690065,0.07999868887677025,0.8800010085334173,25,30,0
24,5130,3.0949412263087435e-07,0.039999993095690065,0.07999868820007394,0.8800010092101135,25,30,0
24,5131,3.0949412263087435e-07,0.039999993095690065,0.07999868815005814,0.8800010092601295,25,30,0
24,5132,3.0949412263087435e-07,0.039999993095690065,0.07999868818572117,0.8800010092244662,25,30,0
24,5133,3.0949412263087435e-07,0.03999999309569044,0.11653689797052358,0.8434627994396635,25,30,0
24,5134,3.0949412263087435e-07,0.03999999309569044,0.1165368979709691,0.8434627994392179,25,30,0
24,5135,3.0949412263087435e-07,0.03999999309569044,0.1166664213916417,0.8433332760185454,25,30,0
24,5136,3.0949412263087435e-07,0.03999999309569044,0.11666642139208655,0.8433332760181004,25,30,0
24,5137,3.0949412263087435e-07,0.03999999309569044,0.116666420805775,0.843333276604412,25,30,0
24,5138,3.0949412263087435e-07,0.03999999309569044,0.11666642034212986,0.8433332770680572,25,30,0
24,5139,3.0949412263087435e-07,0.03999999309569044,0.11666642030645599,0.8433332771037311,25,30,0
24,5140,3.0949412263087435e-07,0.03999999309569044,0.11667302509236772,0.8433266723178194,25,30,0
24,5141,3.0949412263087435e-07,0.03999999309569044,0.11667302307536247,0.8433266743348247,25,30,0
24,5142,2.1699818488680426e-08,0.03999999309568492,0.11667331091317376,0.8433266742913229,25,30,0
24,5143,2.1699818175305645e-08,0.04000024624434942,0.11667305808137497,0.8433266739744582,25,30,0
24,5144,2.1699818175305645e-08,0.04000024624434942,0.11667305604788812,0.843326676007945,25,30,0
24,5145,2.1699818175305645e-08,0.04000024624434942,0.11654353259010829,0.8434561994657247,25,30,0
24,5146,2.170032236391016e-08,0.040000246282958,0.11997124209293009,0.8400284899237903,25,30,0
24,5147,2.1700322363910165e-08,0.040000246282958,0.11997132462883492,0.8400284073878852,25,30,0
24,5148,2.1700322363910165e-08,0.040000246282958,0.11997132655076795,0.8400284054659523,25,30,0
24,5149,2.1700322363910165e-08,0.03828178605695478,0.12168978677677122,0.8400284054659523,25,30,0
24,5150,2.1700322363910165e-08,0.03828178605695478,0.1216831805349209,0.8400350117078026,25,30,0
24,5151,2.1700322363910165e-08,0.03828178605695478,0.12168317851004389,0.8400350137326796,25,30,0
24,5152,2.1700322363910165e-08,0.03828178605695478,0.12168317848398487,0.8400350137587387,25,30,0
24,5153,2.1700322363910165e-08,0.03828178605695478,0.12168317704851538,0.840035015194208,25,30,0
24,5154,2.1700322363910165e-08,0.03828178605695478,0.12168325957119366,0.8400349326715297,25,30,0
24,5155,2.1700322363910165e-08,0.03828178605695478,0.12168328708621208,0.8400349051565114,25,30,0
24,5156,2.1700322363910165e-08,0.03828178605695478,0.12168328517454667,0.8400349070681767,25,30,0
24,5157,2.1700322363910165e-08,0.03828178605695478,0.12168328663356026,0.840034905609163,25,30,0
24,5158,2.1700322363910165e-08,0.03828178605695478,0.12168323119627467,0.8400349610464487,25,30,0
24,5159,2.1700322363910165e-08,0.03828178605695478,0.12168323117089024,0.8400349610718331,25,30,0
24,5160,2.1700322363910165e-08,0.03828178605695478,0.12168319047452046,0.8400350017682028,25,30,0
24,5161,2.1700322363910165e-08,0.03828178605695478,0.12168330569020488,0.8400348865525185,25,30,0
24,5162,2.1700322363910165e-08,0.03999970040814419,0.11996539133901545,0.8400348865525185,25,30,0
24,5163,2.1700322363910165e-08,0.03999970040814419,0.11996539137489835,0.8400348865166356,25,30,0
24,5164,7.172134632868308e-12,0.0399997009275097,0.11996541254793397,0.8400348865173847,25,30,0
24,5165,7.172134632862998e-12,0.0399997009275097,0.11996533001289399,0.8400349690524246,25,30,0
24,5166,7.1721346329386736e-12,0.0399997009275097,0.11996753225283786,0.8400327668124805,25,30,0
24,5167,7.172134632938675e-12,0.0399997009275097,0.11996753511279,0.8400327639525286,25,30,0
24,5168,7.172134633241394e-12,0.0399997009275097,0.11996753659605564,0.8400327624692627,25,30,0
24,5169,7.1721346332413005e-12,0.0399997009275097,0.11996753521985541,0.840032763845463,25,30,0
24,5170,7.172134633241394e-12,0.03999970092750971,0.1199740589392677,0.8400262401260506,25,30,0
24,5171,7.1721346332413926e-12,0.03999970092750971,0.1199740560794569,0.8400262429858616,25,30,0
24,5172,7.172134633241369e-12,0.03999970092750963,0.11997397151720625,0.8400263275481121,25,30,0
24,5173,7.172134633241369e-12,0.03999970092750963,0.11997397296453803,0.8400263261007804,25,30,0
24,5174,7.172134633241486e-12,0.03999970092750963,0.11997625111024116,0.8400240479550773,25,30,0
24,5175,7.172134633241486e-12,0.03999970092750963,0.11997625255714253,0.840024046508176,25,30,0
24,5176,7.172134633544204e-12,0.03999970092750963,0.11997628169765344,0.840024017367665,25,30,0
24,5177,7.172134633544111e-12,0.03999970092750963,0.11996967545469042,0.8400306236106281,25,30,0
24,5178,7.1721346335494204e-12,0.03999970092750963,0.11996967710644496,0.8400306219588736,25,30,0
24,5179,7.172134633549419e-12,0.03999970092750963,0.1199696776800113,0.840030621385307,25,30,0
24,5180,7.172134633550746e-12,0.03999970092750963,0.11996967846180986,0.8400306206035084,25,30,0
24,5181,7.172134633550746e-12,0.03999970092750963,0.11996967642881991,0.8400306226364984,25,30,0
24,5182,7.172134633550839e-12,0.03999970092750963,0.11996967695372969,0.8400306221115886,25,30,0
24,5183,7.172134633550839e-12,0.03999970092750963,0.11996967898715799,0.8400306200781604,25,30,0
24,5184,7.172134633550863e-12,0.03999970092750963,0.11996979489575559,0.8400305041695627,25,30,0
24,5185,7.172134633550863e-12,0.03999970092750963,0.11996979490761682,0.8400305041577014,25,30,0
24,5186,7.172134633550863e-12,0.03999970092750963,0.11996991081310128,0.8400303882522171,25,30,0
24,5187,7.172134633550746e-12,0.039999700927509624,0.11996763126384145,0.8400326678014768,25,30,0
24,5188,7.172134633550747e-12,0.039999700927509624,0.11996763327844986,0.8400326657868685,25,30,0
24,5189,7.172134633550747e-12,0.039999700927509624,0.11996751736088279,0.8400327817044355,25,30,0
24,5190,7.172134633550749e-12,0.039999700927509624,0.1199675174215147,0.8400327816438036,25,30,0
24,5191,6.67549989892737e-12,0.039999700954823844,0.11994339017989304,0.8400569088586076,25,30,0
24,5192,6.689010448372343e-12,0.0399997004354611,0.11994339069999124,0.8400569088578587,25,30,0
24,5193,6.6890104483723435e-12,0.0399997004354611,0.11994350518234578,0.840056794375504,25,30,0
24,5194,6.689010448372345e-12,0.0399997004354611,0.11994350866342149,0.8400567908944285,25,30,0
24,5195,6.689010448372321e-12,0.0399997004354611,0.11994339278172732,0.8400569067761225,25,30,0
24,5196,6.689010448372321e-12,0.0399997004354611,0.11994339074765692,0.8400569088101929,25,30,0
24,5197,6.689010448372414e-12,0.0399997004354611,0.1199433900018405,0.8400569095560093,25,30,0
24,5198,1.7949356846323338e-12,0.03999970043545843,0.11994339000671035,0.8400569095560361,25,30,0
24,5199,1.7949356846323358e-12,0.03999970043545843,0.11994343000979417,0.8400568695529522,25,30,0
24,5200,1.7949356846323364e-12,0.03999970043545843,0.11994342997524696,0.8400568695874994,25,30,0
24,5201,1.7949356846323364e-12,0.03999970043545843,0.11994342997586482,0.8400568695868814,25,30,0
24,5202,1.7949356846323364e-12,0.03999970043545843,0.11994331405946035,0.8400569855032858,25,30,0
24,5203,1.7949356846323366e-12,0.03999970043545843,0.11994331403671793,0.8400569855260284,25,30,0
24,5204,1.7950949701198897e-12,0.04001362368386872,0.1199305973719897,0.8400557789423462,25,30,0
24,5205,1.7950949701198883e-12,0.04001362368386872,0.11993059389152877,0.8400557824228071,25,30,0
24,5206,1.7950949701197952e-12,0.04001362368386872,0.11993059340226758,0.8400557829120683,25,30,0
24,5207,1.7950949698170761e-12,0.04001362368386872,0.1199305642669775,0.8400558120473585,25,30,0
24,5208,1.7950949698171692e-12,0.04001362368386872,0.11993526757588965,0.8400511087384462,25,30,0
24,5209,1.7950949698171698e-12,0.04001362368386872,0.1199351916663122,0.8400511846480238,25,30,0
24,5210,1.7950949698158422e-12,0.04001362368386872,0.11993519021700004,0.840051186097336,25,30,0
24,5211,2.1699839377622955e-08,0.04001362368386862,0.11993516851820578,0.840051186098086,25,30,0
24,5212,2.1699839377622955e-08,0.04001362368386862,0.11993516996459641,0.8400511846516956,25,30,0
24,5213,2.1707084205263384e-08,0.04001375004503661,0.11999323946094453,0.8399929887869346,25,30,0
24,5214,2.1707084205263384e-08,0.040013750046773995,0.11999323945920726,0.839992988786935,25,30,0
24,5215,2.1707084205263384e-08,0.040013750046773995,0.119993321959426,0.839992906286716,25,30,0
24,5216,2.1707084205263384e-08,0.040013750046773995,0.11999332040866896,0.8399929078374729,25,30,0
24,5217,6.185194632861375e-07,0.040013750046775376,0.1199927223567034,0.839992909077058,25,30,0
24,5218,6.185194632861375e-07,0.040013750046775376,0.11999272235648739,0.8399929090772738,25,30,0
24,5219,6.185194632861375e-07,0.040013750046775376,0.11999272090932785,0.8399929105244336,25,30,0
24,5220,6.185194632861375e-07,0.04001428622701859,0.11999218472908467,0.8399929105244333,25,30,0
24,5221,6.185194631269485e-07,0.04000010990651545,0.12000636140803483,0.8399929101659869,25,30,0
24,5222,6.185122283708509e-07,0.040000481011704746,0.1200060008848627,0.8399928995912045,25,30,0
24,5223,6.185122283708509e-07,0.040000481011704746,0.1200060004138776,0.8399929000621894,25,30,0
24,5224,6.185122283708509e-07,0.040000481011704746,0.12000600038827237,0.8399929000877947,25,30,0
24,5225,6.185122283708509e-07,0.040000481011704746,0.12000600040656227,0.8399929000695048,25,30,0
24,5226,6.185122283708509e-07,0.040000481011704746,0.12000600044245104,0.839992900033616,25,30,0
24,5227,6.185122283708509e-07,0.040000481011704746,0.12000600040696124,0.839992900069106,25,30,0
24,5228,6.185122283708509e-07,0.040000481011704746,0.12000596185087524,0.8399929386251921,25,30,0
24,5229,6.185122283708509e-07,0.040000481011704746,0.12000596255209897,0.8399929379239682,25,30,0
24,5230,6.185122283708509e-07,0.040000481011704746,0.12000592256720743,0.8399929779088597,25,30,0
24,5231,6.185122283708509e-07,0.040000481011704746,0.12000592456517035,0.8399929759108968,25,30,0
24,5232,6.185122283708509e-07,0.040000481011704746,0.12000592531087621,0.8399929751651911,25,30,0
24,5233,6.185122283708509e-07,0.040000481011704746,0.12000600713235567,0.8399928933437115,25,30,0
24,5234,6.185122283708509e-07,0.040000481011704746,0.12000600857951466,0.8399928918965526,25,30,0
24,5235,6.185122283708509e-07,0.040000481011704746,0.12000600856764475,0.8399928919084223,25,30,0
24,5236,6.185572222169107e-07,0.03999998348374088,0.12000650603050186,0.8399928919285352,25,30,0
24,5237,6.185572222169106e-07,0.03999998348374088,0.12000430234340635,0.8399950956156309,25,30,0
24,5238,6.185572222169106e-07,0.03999998348374088,0.12000430375569364,0.8399950942033436,25,30,0
24,5239,6.185572222169106e-07,0.03999998348374088,0.12000592659587009,0.8399934713631672,25,30,0
24,5240,6.185572222169106e-07,0.03999998348374088,0.12000592661963738,0.8399934713393997,25,30,0
24,5241,6.185572222169106e-07,0.03999998348374088,0.120006042977798,0.8399933549812392,25,30,0
24,5242,6.185572222169106e-07,0.03999998348374088,0.12000612546742723,0.8399932724916098,25,30,0
24,5243,6.185572222169104e-07,0.03999998348374088,0.12000612468519405,0.8399932732738431,25,30,0
24,5244,6.185572222169104e-07,0.03999998348374088,0.12000612612254818,0.839993271836489,25,30,0
24,5245,6.185572222169104e-07,0.03999998348374088,0.12000612612230274,0.8399932718367343,25,30,0
24,5246,6.185572222169104e-07,0.03999998348374088,0.12000604362411915,0.8399933543349181,25,30,0
24,5247,6.185572222169104e-07,0.03999998348374088,0.12000604361429712,0.8399933543447401,25,30,0
24,5248,0.03903495663576584,0.039999983483741376,0.08097170677611466,0.8399933531043784,25,30,0
24,5249,0.03903495663576584,0.039999983483741376,0.08097008437501449,0.8399949755054785,25,30,0
24,5250,0.039034956635765915,0.039999987848583496,0.08097008001657724,0.8399949754990739,25,30,0
24,5251,0.039034956635765915,0.039999987848583496,0.08109960363427138,0.8398654518813798,25,30,0
24,5252,0.039034956635765915,0.039999987848583496,0.08110620987566326,0.8398588456399878,25,30,0
24,5253,0.039034956635765915,0.039999987848583496,0.08109960364614353,0.8398654518695075,25,30,0
24,5254,0.039034956635765915,0.039999987848583496,0.08109960225988161,0.8398654532557694,25,30,0
24,5255,0.03904925308212528,0.04000000704457194,0.08107886254364109,0.8398718773296621,25,30,0
24,5256,0.03904925308212528,0.04000000704457194,0.08107886258789174,0.8398718772854114,25,30,0
24,5257,0.03904925308212528,0.04000000704457194,0.08107886059055204,0.8398718792827511,25,30,0
24,5258,0.039049253272839236,0.04000000704469872,0.08107879159139289,0.8398719480910697,25,30,0
24,5259,0.039049253272839236,0.04000000704469872,0.08134512597402821,0.8396056137084345,25,30,0
24,5260,0.039049253272839236,0.04000000704469872,0.08134509820091304,0.8396056414815497,25,30,0
24,5261,0.039049253272839236,0.04000000704469879,0.08134516571991188,0.8396055739625509,25,30,0
24,5262,0.03891942185585974,0.04000002683222743,0.08147497726178782,0.8396055740501258,25,30,0
24,5263,0.03891942185585974,0.04000002683222743,0.08147497773653122,0.8396055735753823,25,30,0
24,5264,0.03891942185585974,0.04000002683222743,0.08147497628414566,0.8396055750277681,25,30,0
24,5265,0.03891942185585974,0.04000002683222743,0.08147031299516615,0.8396102383167475,25,30,0
24,5266,0.03891942185585974,0.04000002683222743,0.08134235823201971,0.8397381930798938,25,30,0
24,5267,0.03891942185585974,0.040000026832227344,0.08134240666550185,0.8397381446464116,25,30,0
24,5268,0.03891942185585974,0.040000026832227344,0.08107607368621002,0.8400044776257037,25,30,0
24,5269,0.03891942185585974,0.040000026832227344,0.0810761557104178,0.8400043956014959,25,30,0
24,5270,0.03891942185585974,0.040000026832227344,0.08107615715862898,0.8400043941532848,25,30,0
24,5271,0.03891942185585974,0.040000026832227344,0.08107615783445364,0.8400043934774599,25,30,0
24,5272,0.038919567761098464,0.0400000270694983,0.08107607936841602,0.8400043258009875,25,30,0
24,5273,0.038919567761098464,0.0400000270694983,0.0810760808120218,0.8400043243573816,25,30,0
24,5274,3.2307637352750134e-05,0.04000003537720523,0.11996333263461317,0.8400043243508293,25,30,0
24,5275,3.2307637352750134e-05,0.04000003537720523,0.11996321671736478,0.8400044402680777,25,30,0
24,5276,3.2307637352750134e-05,0.04000003537720523,0.11996483960566398,0.8400028173797787,25,30,0
24,5277,0.0009938526351675706,0.040000035135641564,0.11900329600075374,0.8400028162284378,25,30,0
24,5278,0.0009938526351675706,0.040000035135641564,0.11900329526448498,0.8400028169647064,25,30,0
24,5279,0.0009938526351675706,0.040000035135641564,0.11900329529909741,0.8400028169300942,25,30,0
24,5280,0.0009938526351675706,0.040000035135641564,0.11900329530292464,0.8400028169262669,25,30,0
24,5281,0.0009938526351675706,0.040000035135641564,0.11900321281458344,0.840002899414608,25,30,0
24,5282,0.0009938526351675706,0.040000035135641564,0.11900321285104132,0.8400028993781501,25,30,0
24,5283,0.0009938526351675706,0.040000035135641564,0.11900325278550747,0.8400028594436841,25,30,0
24,5284,0.0009938526351675706,0.040000035135641564,0.11900321279041305,0.8400028994387785,25,30,0
24,5285,0.0009938526351675706,0.040000035135641564,0.11900309637119344,0.8400030158579981,25,30,0
24,5286,0.0009938526351675706,0.040000035135641564,0.11900152896466819,0.840004583264523,25,30,0
24,5287,0.0009938526351675706,0.040000035135641564,0.11900388532630916,0.8400022269028818,25,30,0
24,5288,0.0009938526351675706,0.039999498955361965,0.11900442150658869,0.8400022269028821,25,30,0
24,5289,0.0009938526351675706,0.039999498955361965,0.11900438152375564,0.840002266885715,25,30,0
24,5290,0.0009938526351675706,0.039999498955361965,0.11927071524960235,0.8397359331598685,25,30,0
24,5291,0.0009938526351675706,0.039999498955361965,0.1192683574653787,0.8397382909440921,25,30,0
24,5292,0.0009938526351675706,0.039999498955361965,0.11926835792923247,0.8397382904802382,25,30,0
24,5293,0.0009938526351675706,0.039999498955361965,0.11926827540607354,0.8397383730033968,25,30,0
24,5294,0.0009938526351675706,0.039999498955361965,0.11926827398354228,0.8397383744259284,25,30,0
24,5295,0.0009938526351675706,0.039999498955361965,0.11926827543106308,0.8397383729784076,25,30,0
24,5296,0.0009938526351675706,0.039999498955361965,0.11926830387906653,0.8397383445304041,25,30,0
24,5297,0.0009795561889046158,0.03999947574497375,0.11928252621283925,0.8397384418532823,25,30,0
24,5298,0.0009795561889046158,0.03999947574497375,0.11928252671253613,0.8397384413535854,25,30,0
24,5299,0.0009795561889046158,0.03999947574497375,0.11928252530968084,0.8397384427564409,25,30,0
24,5300,0.0009795562321884919,0.039999488587902,0.11928542831748627,0.8397355268624233,25,30,0
24,5301,0.0009795562321884919,0.039999488587902,0.11928542828225382,0.8397355268976557,25,30,0
24,5302,0.0009795562321884919,0.039999488587902,0.11928534575868228,0.8397356094212273,25,30,0
24,5303,0.0009795562321884919,0.039999488587902,0.11928534575883903,0.8397356094210704,25,30,0
24,5304,0.0009795562321884919,0.039999488587902,0.11928534729233624,0.8397356078875734,25,30,0
24,5305,0.0010486949960351447,0.03999947531690608,0.11921982721847507,0.8397320024685837,25,30,0
24,5306,0.0010486949960351447,0.03999947531690608,0.11921982724342159,0.8397320024436371,25,30,0
24,5307,0.0010486949960351447,0.03999947531690608,0.11921979929354069,0.8397320303935181,25,30,0
24,5308,0.0010486949960351447,0.03999947531690608,0.11921979930585046,0.8397320303812082,25,30,0
24,5309,8.700656783213831e-05,0.03999947531683409,0.12018148773484968,0.839732030380484,25,30,0
24,5310,8.700656783213831e-05,0.03999947531683409,0.12018148628790655,0.8397320318274274,25,30,0
24,5311,8.700656783213831e-05,0.03999947531683409,0.12018148630004884,0.839732031815285,25,30,0
24,5312,8.700656783213831e-05,0.03999947531683409,0.12018148631107946,0.8397320318042543,25,30,0
24,5313,8.700656783213831e-05,0.03999947531683409,0.12018156879757738,0.8397319493177565,25,30,0
24,5314,8.700656783213831e-05,0.040000018811381405,0.12018102530303017,0.8397319493177565,25,30,0
24,5315,8.700656783213831e-05,0.040000018811381405,0.12018102481584382,0.8397319498049427,25,30,0
24,5316,8.700656783213831e-05,0.040000018811381405,0.1201810257641084,0.8397319488566782,25,30,0
24,5317,8.700656783213831e-05,0.040000018811381405,0.12018102577409173,0.8397319488466951,25,30,0
24,5318,8.700656783213831e-05,0.04000001881138141,0.12031054922275297,0.839602425398034,25,30,0
24,5319,8.700656783213831e-05,0.04000001881138141,0.12031054779975289,0.839602426821034,25,30,0
24,5320,8.700656783213831e-05,0.04000001881138141,0.12031066168434001,0.8396023129364468,25,30,0
24,5321,8.700656783213831e-05,0.04000001881138141,0.12031066022824405,0.8396023143925427,25,30,0
24,5322,8.700656783213831e-05,0.04000001881138141,0.12031065948220791,0.8396023151385791,25,30,0
24,5323,8.700656783213831e-05,0.04000001881138141,0.12031065946622595,0.8396023151545609,25,30,0
24,5324,8.700656783213831e-05,0.040000018811381405,0.12018113852182523,0.8397318360989615,25,30,0
24,5325,8.700656783213831e-05,0.040000018811381405,0.12018276141010802,0.8397302132106788,25,30,0
24,5326,8.705358055200913e-05,0.04000001881106734,0.12018271448157987,0.8397302131268009,25,30,0
24,5327,8.705358055200913e-05,0.04000001881106734,0.11991638005512735,0.8399965475532534,25,30,0
24,5328,8.705358055200913e-05,0.04000001881106734,0.1199163800572134,0.8399965475511673,25,30,0
24,5329,8.705358055200913e-05,0.04000001881106734,0.1199163800566012,0.8399965475517794,25,30,0
24,5330,8.705358055200913e-05,0.04000001881106734,0.11991646113240437,0.8399964664759765,25,30,0
24,5331,8.705358055200913e-05,0.04000001881106734,0.11991646114470068,0.8399964664636801,25,30,0
24,5332,8.705358055200913e-05,0.04000001881106734,0.11991646119331488,0.8399964664150659,25,30,0
24,5333,8.705358055200913e-05,0.04000001881106734,0.11991646118434261,0.8399964664240384,25,30,0
24,5334,8.705358055200913e-05,0.04000001881106734,0.11991645867675473,0.839996468931626,25,30,0
24,5335,8.705358055200913e-05,0.04000001881106734,0.11991645816171013,0.8399964694466706,25,30,0
24,5336,8.705358055200913e-05,0.04000001881106734,0.11991645960133296,0.839996468007048,25,30,0
24,5337,8.705358055200913e-05,0.04000001881106734,0.1199164581535666,0.8399964694548143,25,30,0
24,5338,8.705358055200913e-05,0.04000001881106734,0.11991645815338256,0.8399964694549982,25,30,0
24,5339,8.705358055200913e-05,0.04000001881106734,0.11991645818862136,0.8399964694197596,25,30,0
24,5340,8.705358055200913e-05,0.04000001881106734,0.1199164866612622,0.8399964409471187,25,30,0
24,5341,8.705358055200913e-05,0.04000001881106741,0.11991657118827721,0.8399963564201036,25,30,0
24,5342,8.705358055200913e-05,0.04000001881106741,0.1199149483199453,0.8399979792884354,25,30,0
24,5343,8.705358055200913e-05,0.03999976337490605,0.11991520375610669,0.8399979792884354,25,30,0
24,5344,8.705358055200913e-05,0.04000000826285028,0.11991495886816242,0.8399979792884354,25,30,0
24,5345,8.705358055200913e-05,0.04000000826285028,0.11991504138337959,0.8399978967732185,25,30,0
24,5346,8.705358055200913e-05,0.04000000826285028,0.11991504138399771,0.8399978967726001,25,30,0
24,5347,8.705358055200913e-05,0.04000000826285028,0.11991504283195303,0.8399978953246447,25,30,0
24,5348,8.705358055200913e-05,0.04000000826285028,0.11991501641790825,0.8399979217386896,25,30,0
24,5349,8.705358055200913e-05,0.04000000826285028,0.11991504484221975,0.8399978933143781,25,30,0
24,5350,8.705358055200913e-05,0.04000000826285028,0.1199150178163047,0.8399979203402931,25,30,0
24,5351,8.705358055200913e-05,0.04000000826285028,0.11991505120989605,0.8399978869467017,25,30,0
24,5352,8.705358055200913e-05,0.04000000826285028,0.11991505179557427,0.8399978863610236,25,30,0
24,5353,8.705358055200937e-05,0.04000000826285028,0.1199172569898983,0.8399956811666995,25,30,0
24,5354,8.705358055200937e-05,0.04000000826285028,0.11991733806507143,0.8399956000915264,25,30,0
24,5355,8.705358055200937e-05,0.04000000826285028,0.11991733609205496,0.8399956020645429,25,30,0
24,5356,8.705358055200937e-05,0.04000000826285028,0.11991733755292296,0.839995600603675,25,30,0
24,5357,8.705358055200937e-05,0.04000000826285028,0.11991725505412608,0.8399956831024717,25,30,0
24,5358,8.705358055200937e-05,0.04000000826285021,0.11991717051684088,0.8399957676397569,25,30,0
24,5359,0.0003081093432532025,0.040320957296896574,0.11934831791871024,0.8400226154411398,25,30,0
24,5360,0.0003081093432532025,0.040320957296896574,0.11934835787590167,0.8400225754839485,25,30,0
24,5361,0.0003081093432532025,0.040320957296896574,0.11935334121765145,0.8400175921421987,25,30,0
24,5362,0.0003081093432532025,0.040320957296896574,0.11935334124241745,0.8400175921174328,25,30,0
24,5363,0.0003081093432532025,0.040320957296896574,0.11935334125117009,0.8400175921086802,25,30,0
24,5364,0.0003081093432532025,0.040320957296896574,0.11935325875299689,0.8400176746068534,25,30,0
24,5365,0.0003081093432532025,0.040320957296896574,0.11935317674083691,0.8400177566190133,25,30,0
24,5366,0.0003081093432532025,0.040320957296896574,0.11935313674617659,0.8400177966136737,25,30,0
24,5367,0.0003081093432532025,0.040320957296896574,0.11935313819351906,0.8400177951663312,25,30,0
24,5368,0.0003081093432532025,0.040320957296896574,0.11935325405087285,0.8400176793089774,25,30,0
24,5369,0.0003081093432532025,0.040320957296896574,0.11935325402715177,0.8400176793326984,25,30,0
24,5370,0.0003081093432532025,0.040320957296896574,0.11935325456252835,0.8400176787973218,25,30,0
24,5371,0.0003081093432532025,0.040320957296896574,0.11935325461163039,0.8400176787482198,25,30,0
24,5372,0.0003081093432532025,0.040320957296896574,0.11935325313890108,0.840017680220949,25,30,0
24,5373,0.0003081093432532025,0.040320957296896574,0.11935327921595343,0.8400176541438966,25,30,0
24,5374,0.0003081093432532025,0.040320957296896574,0.1193532791662256,0.8400176541936244,25,30,0
24,5375,0.00030810663270851643,0.040320957305926726,0.11935328182505435,0.8400176542363103,25,30,0
24,5376,0.00030810663270851643,0.040320957305926726,0.1193532843582774,0.8400176517030873,25,30,0
24,5377,0.00030810663270851643,0.040320957305926726,0.1193531704745779,0.8400177655867869,25,30,0
24,5378,0.00030810663270851643,0.040320957305926726,0.119726275481658,0.8396446605797067,25,30,0
24,5379,0.00030810663270851643,0.04032042431063258,0.11972680847695219,0.8396446605797067,25,30,0
24,5380,0.00030810663270851643,0.04032042431063258,0.11972680702917898,0.83964466202748,25,30,0
24,5381,0.00030810663270851643,0.04032042431063258,0.11972669517812556,0.8396447738785333,25,30,0
24,5382,0.00030810663270851643,0.04032042431063258,0.11972669513077136,0.8396447739258874,25,30,0
24,5383,0.00030810663270851643,0.04032042431063258,0.11972669515138853,0.8396447739052704,25,30,0
24,5384,6.923208347416002e-05,0.0399994472591858,0.12031339462807925,0.8396179260292611,25,30,0
24,5385,6.923208347416002e-05,0.0399994472591858,0.11994028959778205,0.8399910310595584,25,30,0
24,5386,6.923208347416002e-05,0.0399994472591858,0.11994028901209335,0.8399910316452471,25,30,0
24,5387,6.923208347416002e-05,0.0399994472591858,0.11994026294737095,0.8399910577099693,25,30,0
24,5388,6.923208347416003e-05,0.0399994472591858,0.11994026490499139,0.8399910557523489,25,30,0
24,5389,6.923208347416003e-05,0.0399994472591858,0.11994038082172978,0.8399909398356104,25,30,0
24,5390,6.923208347416003e-05,0.0399994472591858,0.1199403808131745,0.8399909398441656,25,30,0
24,5391,6.923208347416003e-05,0.0399994472591858,0.11994037878980787,0.8399909418675322,25,30,0
24,5392,6.923208347416003e-05,0.0399994472591858,0.11994508205809941,0.8399862385992408,25,30,0
24,5393,6.923208347415979e-05,0.0399994472591858,0.11994287685162286,0.8399884438057172,25,30,0
24,5394,6.923208347415979e-05,0.0399994472591858,0.11994287682714092,0.8399884438301991,25,30,0
24,5395,6.923208347415979e-05,0.0399994472591858,0.12020921122910774,0.8397221094282322,25,30,0
24,5396,7.046672397709145e-05,0.039999447760594824,0.12020797608718656,0.8397221094282418,25,30,0
24,5397,7.046672397709145e-05,0.039999447760594824,0.12020801557023869,0.8397220699451896,25,30,0
24,5398,7.046672397709145e-05,0.039999447760594824,0.12020801564096097,0.8397220698744673,25,30,0
24,5399,7.046672397709145e-05,0.039999447760594824,0.12020801157402883,0.8397220739413993,25,30,0
24,5400,7.046672397709145e-05,0.039999447760594824,0.12020801011474996,0.8397220754006782,25,30,0
24,5401,7.046672397709145e-05,0.039999447760594824,0.12020812601192227,0.8397219595035059,25,30,0
24,5402,7.046672397709145e-05,0.039999447760594824,0.12020812603276942,0.8397219594826588,25,30,0
24,5403,7.046672397709145e-05,0.039999447760594824,0.1202081260117069,0.8397219595037213,25,30,0
24,5404,7.046672397709145e-05,0.039999447760594824,0.12020342321065806,0.8397266623047702,25,30,0
24,5405,7.046672397709145e-05,0.039999447760594824,0.12020341168927581,0.8397266738261523,25,30,0
24,5406,7.046672397709145e-05,0.039999447760594824,0.12020349420010204,0.8397265913153262,25,30,0
24,5407,0.03957874972636511,0.03999973990248315,0.08069489377748901,0.8397266165936627,25,30,0
24,5408,0.03957874972636511,0.03999973990248315,0.0806948112533079,0.8397266991178438,25,30,0
24,5409,0.03957874972636511,0.03999973990248315,0.0806968990139934,0.8397246113571584,25,30,0
24,5410,0.03957874972636511,0.03999973990248315,0.08069683860684951,0.8397246717643021,25,30,0
24,5411,0.03957874972636511,0.03999973990248315,0.08069908973713888,0.8397224206340127,25,30,0
24,5412,0.03957874972636511,0.03999973990248315,0.08069908906919462,0.8397224213019571,25,30,0
24,5413,0.039640353126136355,0.03999973940010041,0.0806372385292457,0.8397226689445176,25,30,0
24,5414,0.039640353126136355,0.03939019377876432,0.08124678415058176,0.8397226689445176,25,30,0
24,5415,0.039640353126136355,0.03939019377876432,0.0812446630310042,0.8397247900640952,25,30,0
24,5416,0.039640353126136355,0.03939019377876432,0.08124466443283426,0.8397247886622651,25,30,0
24,5417,0.039640353126136355,0.03939019377876432,0.08124458391589615,0.8397248691792032,25,30,0
24,5418,0.039640353126136355,0.03939019377876432,0.08124458450036136,0.8397248685947379,25,30,0
24,5419,0.039640353126136355,0.03939019377876432,0.08124458739536985,0.8397248656997295,25,30,0
24,5420,0.039640353126136355,0.03999989877855287,0.08063488239558135,0.8397248656997295,25,30,0
24,5421,0.039640353126136355,0.03999989877855287,0.08063958424785934,0.8397201638474514,25,30,0
24,5422,0.039640353126136355,0.03999989877855287,0.08063958421281477,0.8397201638824962,25,30,0
24,5423,0.03999035759899845,0.039999606636665026,0.08028989716017523,0.8397201386041613,25,30,0
24,5424,0.04005926162679879,0.03999960663669202,0.08022099313235019,0.839720138604159,25,30,0
24,5425,0.04005926162679879,0.03999960663669202,0.08022099259697732,0.8397201391395318,25,30,0
24,5426,0.04005926162679879,0.03999960663669202,0.08022099006435797,0.8397201416721513,25,30,0
24,5427,0.04005926162679879,0.03999960663669202,0.08022098952933543,0.8397201422071737,25,30,0
24,5428,0.04005926162679879,0.03999960663669202,0.080220989564564,0.8397201421719451,25,30,0
24,5429,0.04005926162679879,0.03999960663669202,0.08022110453621537,0.8397200272002938,25,30,0
24,5430,0.04005926162679879,0.03999960663669202,0.08022110598398485,0.8397200257525245,25,30,0
24,5431,0.04005921536330279,0.03999960663679814,0.08022115188216017,0.839720026117739,25,30,0
24,5432,0.04005921536330279,0.03999960663679814,0.0802258551819984,0.8397153228179006,25,30,0
24,5433,0.03372909641592761,0.039999610921469114,0.08655480544728052,0.8397164872153228,25,30,0
24,5434,0.033729096415927674,0.039999610921469114,0.08655950874070223,0.8397117839219012,25,30,0
24,5435,0.033729096415927674,0.039999610921469114,0.08655950874016077,0.8397117839224425,25,30,0
24,5436,0.033729096415927674,0.039999610921469114,0.08655950874839503,0.8397117839142083,25,30,0
24,5437,0.033729096415927674,0.039999610921469114,0.08655642835775276,0.8397148643048505,25,30,0
24,5438,0.033729096415927674,0.039999610921469114,0.08655631446493159,0.8397149781976718,25,30,0
24,5439,0.033729096415927674,0.039999610921469114,0.08655631156975366,0.8397149810928498,25,30,0
24,5440,0.033729096415927674,0.039999610921469114,0.08655619661040158,0.839715096052202,25,30,0
24,5441,0.033729096415927674,0.039999610921469114,0.08655619586450784,0.8397150967980955,25,30,0
24,5442,0.033729096415927674,0.039999610921469114,0.08655619430639634,0.8397150983562072,25,30,0
24,5443,6.950212461384152e-05,0.03999976305433788,0.1177953330335026,0.8421354017875459,25,30,0
24,5444,6.950212461384152e-05,0.03999976305433788,0.11779533305888945,0.842135401762159,25,30,0
24,5445,6.950212461384152e-05,0.03999976305434218,0.11779553036398249,0.8421352044570617,25,30,0
24,5446,6.950212461384152e-05,0.03999976305434218,0.11778892560500123,0.842141809216043,25,30,0
24,5447,6.950212461384152e-05,0.03999976305434218,0.11778887013002864,0.8421418646910155,25,30,0
24,5448,6.950212461384152e-05,0.03999976305434218,0.12244773321514925,0.8374830016058948,25,30,0
24,5449,6.950212461384152e-05,0.03999976305434218,0.12244935561685466,0.8374813792041894,25,30,0
24,5450,6.950212461384152e-05,0.03999976305434218,0.12244935567790609,0.8374813791431377,25,30,0
24,5451,6.950212461384152e-05,0.03999976305434218,0.12244935598513731,0.8374813788359066,25,30,0
24,5452,6.950212461384152e-05,0.03999976305434218,0.12244935598451985,0.8374813788365241,25,30,0
24,5453,6.950212461384152e-05,0.03999976305434218,0.12244939595421517,0.8374813388668285,25,30,0
24,5454,6.950212461384152e-05,0.03999976305434218,0.12244939736693712,0.8374813374541067,25,30,0
24,5455,6.950212461384152e-05,0.03999976305434218,0.12244943591365093,0.837481298907393,25,30,0
24,5456,6.950212461384152e-05,0.04000014959883906,0.12244904936915407,0.837481298907393,25,30,0
24,5457,6.950212461384152e-05,0.04000014959883906,0.12244904933391983,0.8374812989426274,25,30,0
24,5458,6.950212461384152e-05,0.04000014959883906,0.12244742763387322,0.8374829206426739,25,30,0
24,5459,6.950212461384152e-05,0.04000014959883906,0.12244742560378587,0.8374829226727613,25,30,0
24,5460,6.950212461384152e-05,0.04000014959883906,0.1224474255431722,0.837482922733375,25,30,0
24,5461,6.950212461384152e-05,0.04000014959883906,0.12244580263378743,0.8374845456427598,25,30,0
24,5462,6.950212461384152e-05,0.04000014959883906,0.1224410993689498,0.8374892489075974,25,30,0
24,5463,6.950212461384152e-05,0.04000014959883906,0.12244109936894709,0.8374892489076001,25,30,0
24,5464,6.950212461378545e-05,0.04000014959883906,0.12243639748915491,0.8374939507873923,25,30,0
24,5465,6.950212461378545e-05,0.04000014959883906,0.1224411007539927,0.8374892475225545,25,30,0
24,5466,6.950212461378545e-05,0.04000014959883906,0.12244110278407973,0.8374892454924674,25,30,0
24,5467,6.950212461378545e-05,0.04000014959883906,0.12244110133629875,0.8374892469402484,25,30,0
24,5468,6.950212461378545e-05,0.04000014959883906,0.11778223963725828,0.8421481086392889,25,30,0
24,5469,6.950212461378545e-05,0.04000014959883906,0.117782239611874,0.8421481086646732,25,30,0
24,5470,6.950212461378545e-05,0.04000014959883906,0.11778466393290687,0.8421456843436403,25,30,0
24,5471,6.950212461378545e-05,0.04000014959883906,0.11778628542270306,0.8421440628538441,25,30,0
24,5472,6.950212461378545e-05,0.04000014959883906,0.11778640013867835,0.8421439481378689,25,30,0
24,5473,6.950212461378545e-05,0.04000014959883906,0.11778651603844394,0.8421438322381034,25,30,0
24,5474,6.950212461824949e-05,0.04000014952089636,0.11778530915481009,0.8421450391996753,25,30,0
24,5475,6.950212461824949e-05,0.04000014952089636,0.11778530712993635,0.842145041224549,25,30,0
24,5476,6.950212461824949e-05,0.04000014952089636,0.1177853071303708,0.8421450412241144,25,30,0
24,5477,6.950212461824949e-05,0.04000014952089636,0.11778368568502176,0.8421466626694637,25,30,0
24,5478,6.950212461824949e-05,0.04000014952089636,0.11778368713192672,0.8421466612225585,25,30,0
24,5479,6.950212461824949e-05,0.04000014952089636,0.11778368766647604,0.8421466606880093,25,30,0
24,5480,6.950212461824949e-05,0.04000014952089636,0.11778368769141606,0.8421466606630689,25,30,0
24,5481,6.950212461824949e-05,0.04000014952089636,0.1177836476975431,0.842146700656942,25,30,0
24,5482,6.950212461824949e-05,0.04000014952089636,0.11778835168173613,0.8421419966727491,25,30,0
24,5483,6.7747475882692505e-06,0.04000014951433891,0.11781163274979187,0.8421814429882808,25,30,0
24,5484,6.7747475882692505e-06,0.04000014951433891,0.11781151685705826,0.8421815588810143,25,30,0
24,5485,6.7747475882692505e-06,0.04000014951433891,0.11781159941516069,0.8421814763229121,25,30,0
24,5486,6.7747475882692505e-06,0.04000014951433891,0.11780689814857721,0.8421861775894954,25,30,0
24,5487,6.7747475882692505e-06,0.04000014951433891,0.11780690018176435,0.8421861755563085,25,30,0
24,5488,6.7747475882692505e-06,0.04000014951433891,0.11780690015777046,0.8421861755803023,25,30,0
24,5489,6.7747475882692505e-06,0.04000014951433891,0.11780681761150584,0.842186258126567,25,30,0
24,5490,6.666590829119065e-06,0.040000163201612066,0.11784295122407959,0.8421502189834793,25,30,0
24,5491,6.666590829119065e-06,0.040000163201612066,0.11784295264647589,0.842150217561083,25,30,0
24,5492,6.6665908291190695e-06,0.04000016320161207,0.11784298132238562,0.8421501888851732,25,30,0
24,5493,2.5066752633411656e-09,0.04000004503314564,0.08649942770618263,0.873500524753997,25,30,0
24,5494,8.813163393549316e-06,0.0400000313487813,0.08649421611593308,0.8734969393718925,25,30,0
24,5495,8.813163393549316e-06,0.0400000313487813,0.0864942161391502,0.8734969393486754,25,30,0
24,5496,8.813163393549316e-06,0.0400000313487813,0.08649421561271392,0.8734969398751118,25,30,0
24,5497,8.813163393549316e-06,0.0400000313487813,0.08649421428091461,0.873496941206911,25,30,0
24,5498,8.813163393549316e-06,0.0400000313487813,0.08648950932368207,0.8735016461641435,25,30,0
24,5499,8.813163393549316e-06,0.0400000313487813,0.08648950865707014,0.8735016468307554,25,30,0
24,5500,8.813163239079331e-06,0.039999993099680525,0.08026143312749338,0.8797297606095872,25,30,0
24,5501,8.813163239079331e-06,0.039999993099680525,0.0802614330922611,0.8797297606448192,25,30,0
24,5502,8.813163239079331e-06,0.039999993099680525,0.07999510069839602,0.8799960930386844,25,30,0
24,5503,8.813163239079331e-06,0.039999993099680525,0.07999672215246262,0.8799944715846176,25,30,0
24,5504,8.813163239079331e-06,0.039999993099680525,0.07999672215261625,0.8799944715844643,25,30,0
24,5505,8.813163239079331e-06,0.039999993099680525,0.07999834503173746,0.879992848705343,25,30,0
24,5506,8.813163239079331e-06,0.039999993099680525,0.07999834506963657,0.879992848667444,25,30,0
24,5507,8.813163239079331e-06,0.039999993099680525,0.07999834508272735,0.8799928486543531,25,30,0
24,5508,8.813163239079331e-06,0.039999993099680525,0.07999834511825514,0.8799928486188254,25,30,0
24,5509,8.813163239079331e-06,0.039999993099680525,0.07999672222559417,0.8799944715114862,25,30,0
24,5510,8.813163239079331e-06,0.039999993099680525,0.07999672366417009,0.8799944700729104,25,30,0
24,5511,8.813163239079313e-06,0.039999993099680525,0.07999202044079351,0.879999173296287,25,30,0
24,5512,8.813163239079318e-06,0.039999993099680525,0.07999202247515584,0.8799991712619247,25,30,0
24,5513,8.813163239079318e-06,0.039999993099680525,0.07999202047762033,0.8799991732594602,25,30,0
24,5514,1.736107065107038e-05,0.03999999310433943,0.07953887381559577,0.8804437720094136,25,30,0
24,5515,1.73610706510704e-05,0.03999999310433943,0.07954046766938133,0.880442178155628,25,30,0
24,5516,1.73610706510704e-05,0.03999999310433943,0.07954049611689266,0.8804421497081169,25,30,0
24,5517,1.73610706510704e-05,0.03999999310433943,0.07954049755589249,0.8804421482691168,25,30,0
24,5518,1.73610706510704e-05,0.03999999310433943,0.0795404968671666,0.8804421489578428,25,30,0
24,5519,1.73610706510704e-05,0.03999999310433943,0.0795403809571336,0.8804422648678757,25,30,0
24,5520,1.7361070651070394e-05,0.03999999310433943,0.07954041747008146,0.8804422283549279,25,30,0
24,5521,1.7319003021319382e-05,0.039999993095194024,0.07998512777239904,0.8799975601293855,25,30,0
24,5522,1.7319003016859187e-05,0.040013933526568984,0.07997239431532052,0.8799963531550935,25,30,0
24,5523,1.7319003016859187e-05,0.040013933526568984,0.0799723943148741,0.87999635315554,25,30,0
24,5524,1.7319003016859187e-05,0.040013933526568984,0.07997243283681281,0.8799963146336012,25,30,0
24,5525,1.7319003016859187e-05,0.040013933526568984,0.07997243138115082,0.8799963160892632,25,30,0
24,5526,1.7319003016859187e-05,0.040013933526568984,0.07997243139377153,0.8799963160766425,25,30,0
24,5527,1.7319003016859187e-05,0.040013933526568984,0.07997243141794588,0.8799963160524682,25,30,0
24,5528,1.7319003016859187e-05,0.040013933526568984,0.07997243007720725,0.8799963173932069,25,30,0
24,5529,1.731900301685917e-05,0.040013933526568984,0.07997091214670615,0.879997835323708,25,30,0
24,5530,1.731900301685917e-05,0.040013933526568984,0.07997091273320084,0.8799978347372134,25,30,0
24,5531,1.731900301685917e-05,0.040013933526568984,0.07997253563337645,0.8799962118370378,25,30,0
24,5532,1.731900301685917e-05,0.040013933526568984,0.07997415851309263,0.8799945889573216,25,30,0
24,5533,1.731900301685917e-05,0.040013933526568984,0.07997415647926936,0.8799945909911449,25,30,0
24,5534,1.7319003016859184e-05,0.040013933526573266,0.08006643118855779,0.8799023162818526,25,30,0
24,5535,1.7319003016859184e-05,0.040013933526573266,0.0800664311879434,0.8799023162824668,25,30,0
24,5536,1.7319003016859184e-05,0.040013933526573266,0.08006480830864186,0.8799039391617682,25,30,0
24,5537,1.7319003016859184e-05,0.040013933526573266,0.08006480828372213,0.879903939186688,25,30,0
24,5538,1.7319003016859184e-05,0.040013933526573266,0.0800647323692018,0.8799040151012083,25,30,0
24,5539,1.7319003016859184e-05,0.040013933526573266,0.08006473095709474,0.8799040165133154,25,30,0
24,5540,1.7319003016859184e-05,0.04001393352656898,0.08006453290541385,0.8799042145650006,25,30,0
24,5541,1.7319003016859184e-05,0.04001393352656898,0.08006291148763511,0.8799058359827793,25,30,0
24,5542,1.7319003016859184e-05,0.04001393352656898,0.08006291146285317,0.8799058360075611,25,30,0
24,5543,1.7319003016859184e-05,0.04001393352656898,0.08006287196725709,0.8799058755031572,25,30,0
24,5544,1.7319003016859184e-05,0.04001393352656898,0.08006281792552333,0.879905929544891,25,30,0
24,5545,1.7319003016859184e-05,0.04001393352656905,0.08032752965564752,0.8796412178147668,25,30,0
24,5546,1.7319003016859184e-05,0.04001393352656905,0.0803275310683801,0.8796412164020342,25,30,0
24,5547,1.7319003016859184e-05,0.04001393352656905,0.08032753309174051,0.8796412143786738,25,30,0
24,5548,1.7319003016859184e-05,0.03940385183552999,0.08093761478277971,0.8796412143786738,25,30,0
24,5549,1.7319003016859184e-05,0.03940385183552999,0.0809376162198423,0.879641212941611,25,30,0
24,5550,1.7319003016859184e-05,0.03940385183552999,0.08093765623977514,0.8796411729216783,25,30,0
24,5551,1.7319003016859184e-05,0.03940385183552999,0.08093765545798645,0.879641173703467,25,30,0
24,5552,1.7319003016859184e-05,0.03940385183552999,0.08093766697187066,0.8796411621895827,25,30,0
24,5553,1.7319003016859184e-05,0.03940385183552999,0.08093762697669821,0.8796412021847552,25,30,0
24,5554,1.7319003016859184e-05,0.039403851835530065,0.08106284889425652,0.8795159802671968,25,30,0
24,5555,1.7319003016859167e-05,0.039403851835525784,0.08097054571181389,0.8796082834496437,25,30,0
24,5556,1.7319003016859167e-05,0.03940385183552571,0.08070421106737174,0.879874618094086,25,30,0
24,5557,1.7319003016859184e-05,0.039403851835525715,0.08070421292366,0.8798746162377976,25,30,0
24,5558,1.7319003016859184e-05,0.039403851835525715,0.08070421291056945,0.8798746162508883,25,30,0
24,5559,1.7319003016859184e-05,0.039403851835525715,0.08070421220949989,0.8798746169519579,25,30,0
24,5560,1.7319003016859184e-05,0.039403851835525715,0.08070421076248353,0.8798746183989743,25,30,0
24,5561,1.7319003016859184e-05,0.039403851835525715,0.08070420873283131,0.8798746204286266,25,30,0
24,5562,1.7319003016859184e-05,0.039403851835525715,0.08070420672176928,0.8798746224396886,25,30,0
24,5563,1.7319003016859184e-05,0.039403851835525715,0.08070420674609767,0.8798746224153602,25,30,0
24,5564,1.7319003016859184e-05,0.039403851835525715,0.0807043226389363,0.8798745065225216,25,30,0
24,5565,1.7319003016859184e-05,0.039403851835525715,0.08070439119950125,0.8798744379619566,25,30,0
24,5566,1.7319003016859184e-05,0.039403851835525715,0.08070427934863321,0.8798745498128246,25,30,0
24,5567,1.7319003016859167e-05,0.039403851835525715,0.08070427681546433,0.8798745523459937,25,30,0
24,5568,1.7319003016859167e-05,0.039403851835525715,0.0807042782751028,0.8798745508863551,25,30,0
24,5569,1.7319003016859167e-05,0.039403851835525715,0.08070427895216566,0.8798745502092923,25,30,0
24,5570,1.7319003016859167e-05,0.039403851835525715,0.08070431824560244,0.8798745109158554,25,30,0
24,5571,1.7319003016859184e-05,0.039403851835525715,0.08070652190014078,0.8798723072613172,25,30,0
24,5572,1.7319003016859184e-05,0.039403851835525715,0.08070652188779442,0.8798723072736636,25,30,0
24,5573,1.7319003016859184e-05,0.039403851835525715,0.0869561039642885,0.8736227251971694,25,30,0
24,5574,1.7319003016859184e-05,0.039403851835525715,0.08695606542574191,0.8736227637357159,25,30,0
24,5575,1.786726747037701e-12,0.039403852346769325,0.08697338147830097,0.873622766173143,25,30,0
24,5576,1.7907921783782643e-12,0.039389911986335686,0.08341696211916248,0.8771931258927117,25,30,0
24,5577,1.7907921783782643e-12,0.039389911986335686,0.08341696211898528,0.877193125892889,25,30,0
24,5578,1.7907921783782643e-12,0.039389911986335686,0.08341692357188014,0.8771931644399942,25,30,0
24,5579,1.7907921611242463e-12,0.039389911986335686,0.08341471992763076,0.8771953680842435,25,30,0
24,5580,1.7907921611242267e-12,0.039389911986335686,0.07716513735207185,0.8834449506598017,25,30,0
24,5581,1.7867223235035057e-12,0.039389911915573755,0.05134374705976717,0.9092663410228724,25,30,0
24,5582,1.7867223235035057e-12,0.039389911915573755,0.05134536589389262,0.9092647221887469,25,30,0
24,5583,1.7867223235035043e-12,0.039389911915573755,0.05134532590003067,0.9092647621826089,25,30,0
24,5584,1.7867223235047388e-12,0.039389911915573825,0.0513454038496594,0.9092646842329802,25,30,0
24,5585,1.7867223235047388e-12,0.039389911915573825,0.05134540386629531,0.9092646842163441,25,30,0
24,5586,1.7867223235047394e-12,0.039389911915573825,0.05134551978378383,0.9092645682988555,25,30,0
24,5587,1.7867223235047394e-12,0.039389911915573825,0.05134551974829892,0.9092645683343406,25,30,0
24,5588,1.7867223235046384e-12,0.03998913199945508,0.05074629966441597,0.9092645683343423,25,30,0
24,5589,1.7867223235046388e-12,0.03998913199945508,0.050746299735127474,0.9092645682636308,25,30,0
24,5590,1.7867223235046388e-12,0.03998913199945508,0.050746301066955726,0.9092645669318026,25,30,0
24,5591,1.7867223235046388e-12,0.03998913199945508,0.05074627261926511,0.9092645953794932,25,30,0
24,5592,1.7867223235046618e-12,0.03998913199945508,0.050997960026823295,0.909012907971935,25,30,0
24,5593,1.7867223235046618e-12,0.03998913199945508,0.05099796147400583,0.9090129065247525,25,30,0
24,5594,1.7867223235046388e-12,0.03998913199945508,0.050746274066444046,0.9092645939323144,25,30,0
24,5595,1.786722323504639e-12,0.03998913199945508,0.05074627407893417,0.9092645939198242,25,30,0
24,5596,1.786722323504664e-12,0.03998913199945508,0.05074627407935836,0.9092645939194,25,30,0
24,5597,1.7867223235046659e-12,0.03998913199945508,0.050838569750655364,0.9091722982481031,25,30,0
24,5598,1.7867223235046659e-12,0.03998913199945508,0.0508385697504472,0.9091722982483111,25,30,0
24,5599,1.7867223235046665e-12,0.03998913199945508,0.05083856771808317,0.9091723002806752,25,30,0
24,5600,1.7867223235046665e-12,0.03998913199945508,0.05083865024062729,0.9091722177581311,25,30,0
24,5601,1.7867223235046659e-12,0.03998913199945508,0.05083864953895564,0.9091722184598029,25,30,0
24,5602,1.786722323504641e-12,0.03998913199945508,0.05083864953853145,0.909172218460227,25,30,0
24,5603,1.7867223235046406e-12,0.03998913199945508,0.050838533621652686,0.9091723343771058,25,30,0
24,5604,1.7867223235033114e-12,0.03998913199945508,0.050838465057544635,0.9091724029412137,25,30,0
24,5605,1.7867223235033114e-12,0.03998913199945508,0.05083846505735669,0.9091724029414016,25,30,0
24,5606,1.7867223235033132e-12,0.039989131999455155,0.05083854959465319,0.9091723184041051,25,30,0
24,5607,1.7867223235033134e-12,0.039989131999455155,0.050838549630101454,0.9091723183686569,25,30,0
24,5608,1.7867223235019858e-12,0.039989131999455155,0.050836928762251994,0.9091739392365062,25,30,0
24,5609,1.7867223235072967e-12,0.039989131999455155,0.05083692993819344,0.9091739380605648,25,30,0
24,5610,1.7867223235072967e-12,0.039989131999455155,0.05083693052405211,0.9091739374747061,25,30,0
24,5611,1.7867223235072952e-12,0.039989131999455155,0.05083692910166635,0.9091739388970919,25,30,0
24,5612,1.786722323507295e-12,0.039989131999455155,0.05084163240127259,0.9091692355974855,25,30,0
24,5613,1.7867214244389994e-12,0.03998913199927535,0.04035856848661238,0.9196522995123254,25,30,0
24,5614,1.7867214244389988e-12,0.03998913199927535,0.04035861101445812,0.9196522569844798,25,30,0
24,5615,1.7867214244389988e-12,0.03998913199927535,0.040358611680449366,0.9196522563184887,25,30,0
24,5616,1.7867214244389756e-12,0.03998913199927527,0.040233388340095946,0.9197774796588422,25,30,0
24,5617,1.786721424438975e-12,0.03998913199927527,0.0402333883404981,0.91977747965844,25,30,0
24,5618,1.786721424438975e-12,0.03998913199927527,0.04022868506584329,0.9197821829330948,25,30,0
24,5619,1.786721424438975e-12,0.03998913199927527,0.04022868574255806,0.9197821822563802,25,30,0
24,5620,1.7867214244389758e-12,0.03998913199927527,0.04022876170110881,0.9197821062978295,25,30,0
24,5621,1.7867214244442866e-12,0.03998913199927535,0.04022884556170139,0.9197820224372367,25,30,0
24,5622,1.7867214244438407e-12,0.040000000336031835,0.040217977224946626,0.9197820224372351,25,30,0
24,5623,1.7867214244438407e-12,0.040000000336031835,0.04021797769887009,0.9197820219633115,25,30,0
24,5624,5.116655630964886e-12,0.04007380584476147,0.04014417275632968,0.9197820213937922,25,30,0
24,5625,3.79404054420464e-10,0.040000000343242456,0.04021797975146929,0.9197820195258842,25,30,0
24,5626,3.79404054420464e-10,0.040000000343242456,0.04021797975209669,0.9197820195252568,25,30,0
24,5627,3.79404054420464e-10,0.040000000343242456,0.040218013146315325,0.9197819861310381,25,30,0
24,5628,3.79404054420464e-10,0.040000000343242456,0.04021801314609937,0.9197819861312542,25,30,0
24,5629,3.79404054420464e-10,0.040000000343242456,0.04021801318071704,0.9197819860966363,25,30,0
24,5630,3.794040544161638e-10,0.040000000343242456,0.04009282898488009,0.9199071702924734,25,30,0
24,5631,3.794040544161638e-10,0.040000000343242456,0.040092830057997964,0.9199071692193554,25,30,0
24,5632,3.7940405441623943e-10,0.04000000034324246,0.040099436265313884,0.9199005630120395,25,30,0
24,5633,3.7940405441623954e-10,0.04000000034324246,0.04010413952843951,0.9198958597489139,25,30,0
24,5634,3.7940405441623954e-10,0.04000000034324246,0.040104140310224065,0.9198958589671292,25,30,0
24,5635,3.7940405441623954e-10,0.04000000034324246,0.04010413827721023,0.9198958610001432,25,30,0
24,5636,3.7940405441623954e-10,0.04000000034324246,0.04011074451044106,0.9198892547669124,25,30,0
24,5637,3.7940405441624486e-10,0.04000000034324676,0.040115448709034496,0.9198845505683145,25,30,0
24,5638,3.7940405441624497e-10,0.04000000034324676,0.04011544869890987,0.9198845505784393,25,30,0
24,5639,3.093117714473456e-07,0.039999999824792506,0.04011514028499649,0.9198845505784393,25,30,0
24,5640,3.0931177144832906e-07,0.039999999824792506,0.04011984360170724,0.9198798472617287,25,30,0
24,5641,3.0931177144832906e-07,0.039999999824792506,0.04012212313435446,0.9198775677290815,25,30,0
24,5642,3.0931177144832906e-07,0.039999999824792506,0.040124402714813316,0.9198752881486224,25,30,0
24,5643,3.0931177144832906e-07,0.039999999824792506,0.040124444111623976,0.9198752467518119,25,30,0
24,5644,3.0931177144832906e-07,0.03999999982478822,0.040119738516037194,0.9198799523474029,25,30,0
24,5645,3.0931177144832906e-07,0.03999999982478822,0.04011965599314328,0.9198800348702969,25,30,0
24,5646,3.0931177144832906e-07,0.03999999982478814,0.04011957287823188,0.9198801179852084,25,30,0
24,5647,3.093117714483293e-07,0.03999999982478814,0.040121168756184794,0.9198785221072555,25,30,0
24,5648,3.093117714483293e-07,0.03999999982478814,0.04012116877636722,0.9198785220870731,25,30,0
24,5649,3.0931177144832927e-07,0.03999999982478814,0.04038089696088604,0.9196187939025543,25,30,0
24,5650,3.0931177144832927e-07,0.039999999824788066,0.0403808128977256,0.9196188779657148,25,30,0
24,5651,3.0931177144832927e-07,0.039999999824788066,0.04038081145038712,0.9196188794130533,25,30,0
24,5652,3.0931177144832927e-07,0.039999999824788066,0.04038081039036013,0.9196188804730803,25,30,0
24,5653,3.0931177144832927e-07,0.03999999982478799,0.040380730984631165,0.9196189598788094,25,30,0
24,5654,3.0931177144832927e-07,0.03999999982478799,0.040380813472092915,0.9196188773913476,25,30,0
24,5655,3.0931177144832927e-07,0.03999999982478799,0.04038081550528502,0.9196188753581557,25,30,0
24,5656,3.0931177144832927e-07,0.03999999982478799,0.040114563637115415,0.9198851272263252,25,30,0
24,5657,3.0931177144832927e-07,0.03999944729823735,0.040115116163666024,0.9198851272263252,25,30,0
24,5658,3.0931177144832927e-07,0.03999944729823735,0.04011503817148016,0.9198852052185111,25,30,0
24,5659,3.0931177144832927e-07,0.03999944729823735,0.040115038170854565,0.9198852052191367,25,30,0
24,5660,3.0931177144832927e-07,0.03999944729823735,0.04011511264385233,0.9198851307461389,25,30,0
24,5661,3.0931177144832927e-07,0.03999944729823735,0.04011511264401383,0.9198851307459773,25,30,0
24,5662,3.0931177144832927e-07,0.03999944729823735,0.040114996726236855,0.9198852466637544,25,30,0
24,5663,3.0931177144832927e-07,0.03999944729823735,0.04011499813834367,0.9198852452516476,25,30,0
24,5664,3.0931177144832927e-07,0.03999944729823735,0.040242242007176715,0.9197580013828144,25,30,0
24,5665,3.0931177144832927e-07,0.03999944729823735,0.04024224094703155,0.9197580024429597,25,30,0
24,5666,3.093117714473458e-07,0.03999944729823735,0.04023753763879258,0.9197627057511987,25,30,0
24,5667,3.093117714473458e-07,0.03999944729823735,0.04023753717555726,0.919762706214434,25,30,0
24,5668,3.093117714473458e-07,0.03999944729823735,0.04023753715016551,0.9197627062398257,25,30,0
24,5669,3.093117714473458e-07,0.03999944729823735,0.04014524149101394,0.9198550018989774,25,30,0
24,5670,3.093117714473459e-07,0.03999944729823735,0.04014524151641799,0.9198550018735735,25,30,0
24,5671,3.093117714473462e-07,0.03999944729823743,0.04028205248729827,0.919718190902693,25,30,0
24,5672,3.093117714473462e-07,0.03999944729823743,0.04027734988857773,0.9197228935014136,25,30,0
24,5673,3.093117714473459e-07,0.03999944729823735,0.040011055450461644,0.9199891879395297,25,30,0
24,5674,2.1302173132077315e-08,0.039999476407579525,0.04001131434998136,0.919989187940266,25,30,0
24,5675,2.1302173132077315e-08,0.039999476407579525,0.040017920579676874,0.9199825817105703,25,30,0
24,5676,2.1302173132077315e-08,0.039999476407579525,0.04001803502445254,0.9199824672657948,25,30,0
24,5677,2.1302173132077315e-08,0.039999476407579525,0.040018035025056714,0.9199824672651907,25,30,0
24,5678,2.1302173132077315e-08,0.039999476407579525,0.040147557984179245,0.9198529443060681,25,30,0
24,5679,2.1302173132077315e-08,0.0400000289265678,0.040147005465191,0.9198529443060681,25,30,0
24,5680,2.1302173132077315e-08,0.040000026721762214,0.04014700766999659,0.9198529443060681,25,30,0
24,5681,2.1302173132077315e-08,0.040000026721762214,0.04014700625832428,0.9198529457177405,25,30,0
24,5682,2.1302173132077014e-08,0.040000026721762214,0.04014541241383082,0.919854539562234,25,30,0
24,5683,2.1302173132077014e-08,0.040000026721762214,0.04015193613269654,0.9198480158433682,25,30,0
24,5684,2.1302173132077014e-08,0.040000026721762214,0.040149656548683764,0.919850295427381,25,30,0
24,5685,2.1302173132077014e-08,0.040000026721762214,0.04014965713499556,0.9198502948410691,25,30,0
24,5686,2.130217313219253e-08,0.04000002672176223,0.0754515424617534,0.8845484095143111,25,30,0
24,5687,2.130217313219253e-08,0.04000002672176223,0.07545165835846794,0.8845482936175967,25,30,0
24,5688,2.130217313219253e-08,0.04000002672176223,0.07545170088719963,0.8845482510888651,25,30,0
24,5689,2.130217313219253e-08,0.04000002672176223,0.07544509468245848,0.8845548572936061,25,30,0
24,5690,2.1302173132192534e-08,0.04000002672176223,0.07543857096403803,0.8845613810120265,25,30,0
24,5691,2.1302173132192534e-08,0.04000002672176223,0.07544506128806298,0.8845548906880016,25,30,0
24,5692,2.1302173132192534e-08,0.04000002672176223,0.075445061287664,0.8845548906884005,25,30,0
24,5693,2.130217313219253e-08,0.04000002672176223,0.07544505984050359,0.884554892135561,25,30,0
24,5694,2.130217313219253e-08,0.04000002672176223,0.07544497738780583,0.8845549745882589,25,30,0
24,5695,2.130217313219253e-08,0.04000002672176223,0.07544497718584492,0.8845549747902197,25,30,0
24,5696,1.1036167462559142e-06,0.03999999761242502,0.0754439218063253,0.8845549769645034,25,30,0
24,5697,1.1036167462559142e-06,0.03999999761242502,0.07544392175252329,0.8845549770183054,25,30,0
24,5698,1.1036167462559142e-06,0.03999999761242502,0.07544392116621919,0.8845549776046094,25,30,0
24,5699,1.1036167462559142e-06,0.03999999761242502,0.07544380669635883,0.8845550920744698,25,30,0
24,5700,1.1036167462559142e-06,0.03999999761242502,0.07544369222619733,0.8845552065446314,25,30,0
24,5701,1.1036167462559142e-06,0.03999999761242502,0.07544369226232059,0.8845552065085082,25,30,0
24,5702,1.1036167462559142e-06,0.03999999761242502,0.07544369223692876,0.8845552065339001,25,30,0
24,5703,1.1036167462559142e-06,0.03999999761242502,0.0754436922137411,0.8845552065570876,25,30,0
24,5704,1.1036167462559142e-06,0.03999999761242502,0.07544369080207187,0.8845552079687569,25,30,0
24,5705,1.1036167462559142e-06,0.03999999761242502,0.07544369036299577,0.8845552084078331,25,30,0
24,5706,1.1036167915602345e-06,0.039999998403413874,0.04034511849433579,0.9196537794854589,25,30,0
24,5707,1.1036167915602345e-06,0.039999998403413874,0.04034511646902115,0.9196537815107736,25,30,0
24,5708,1.1036167918235766e-06,0.03940992562089955,0.04093518925153348,0.9196537815107753,25,30,0
24,5709,1.1036167918235766e-06,0.03940992562089955,0.04093518929798777,0.919653781464321,25,30,0
24,5710,1.1036167918235766e-06,0.03940992562089955,0.040935187862516306,0.9196537828997926,25,30,0
24,5711,1.1036167918235766e-06,0.03940992562089955,0.04093510600528066,0.9196538647570281,25,30,0
24,5712,1.1036167918235766e-06,0.03940992562089955,0.04093513939949612,0.9196538313628126,25,30,0
24,5713,1.1036167918235766e-06,0.03940992562089955,0.040935139416135365,0.9196538313461734,25,30,0
24,5714,1.1036167465191409e-06,0.03940992482991069,0.0407334488338812,0.9198555227194618,25,30,0
24,5715,1.1036167465191409e-06,0.03940992482991069,0.04073353133225566,0.9198554402210872,25,30,0
24,5716,1.1036167465191409e-06,0.03940992482991069,0.04073361381971376,0.9198553577336293,25,30,0
24,5717,1.103616746519141e-06,0.03940992482991069,0.04073361726513037,0.9198553542882126,25,30,0
24,5718,1.103616746519141e-06,0.03940992482991069,0.04073361722989802,0.9198553543234449,25,30,0
24,5719,1.103616746519141e-06,0.03940992482991069,0.04073361722143702,0.9198553543319058,25,30,0
24,5720,1.1036167465191413e-06,0.03940992482991069,0.040733645694525006,0.9198553258588178,25,30,0
24,5721,1.1036167462557992e-06,0.03999998975200535,0.04014358077243229,0.9198553258588161,25,30,0
24,5722,1.1036167462557992e-06,0.03999998975200535,0.04014346489189569,0.9198554417393526,25,30,0
24,5723,1.1036167462557992e-06,0.03999998975200535,0.040136858649895475,0.9198620479813528,25,30,0
24,5724,1.1036167462557992e-06,0.03999998975200535,0.040136939972277894,0.9198619666589702,25,30,0
24,5725,1.1036167462557992e-06,0.03999998975200535,0.04013694141900244,0.9198619652122457,25,30,0
24,5726,1.1036167462557992e-06,0.03999998975200535,0.04013702296975526,0.9198618836614929,25,30,0
24,5727,1.1036167462557992e-06,0.03999998975200535,0.04013718755992663,0.9198617190713214,25,30,0
24,5728,1.1036167462557992e-06,0.03999998975200535,0.040137270074117194,0.919861636557131,25,30,0
24,5729,1.1036167462557992e-06,0.03999998975200535,0.04013710478290654,0.9198618018483415,25,30,0
24,5730,1.1036167462557992e-06,0.03999980870442539,0.04013728583048649,0.9198618018483415,25,30,0
24,5731,1.1036167462557992e-06,0.03999980870442539,0.04013720475447577,0.9198618829243524,25,30,0
24,5732,1.1036167462557992e-06,0.03999980870442539,0.04013558185367794,0.9198635058251502,25,30,0
24,5733,1.1036167462557992e-06,0.03999980870442539,0.04000605889475292,0.9199930287840752,25,30,0
24,5734,1.1036167462557992e-06,0.03999980870442539,0.040005976370504924,0.9199931113083233,25,30,0
24,5735,1.1036167462558163e-06,0.03999980870442539,0.04000759983416852,0.9199914878446596,25,30,0
24,5736,1.1036167462558163e-06,0.03999980870442539,0.040007601244244156,0.919991486434584,25,30,0
24,5737,1.1036167462558161e-06,0.03999980870442539,0.040007680286290474,0.9199914073925377,25,30,0
24,5738,1.1036167462558161e-06,0.03999980870442539,0.04000759776287341,0.9199914899159548,25,30,0
24,5739,1.1036167462558161e-06,0.03999980870442539,0.0400075997358925,0.9199914879429358,25,30,0
24,5740,1.1036167462558161e-06,0.03999980870442539,0.04000759973631633,0.919991487942512,25,30,0
24,5741,1.1036167462558161e-06,0.03999980870442539,0.04000759973599008,0.9199914879428382,25,30,0
24,5742,1.1036167462558161e-06,0.03999980870442539,0.04000757196456331,0.919991515714265,25,30,0
24,5743,1.1036167462558161e-06,0.03999980870442539,0.04000756995588475,0.9199915177229434,25,30,0
24,5744,1.1036167462558161e-06,0.03999980870442539,0.040007652433619104,0.919991435245209,25,30,0
24,5745,1.1036167462558161e-06,0.03999980870442547,0.04000769291531817,0.9199913947635099,25,30,0
24,5746,1.1036167462558161e-06,0.03999980870442547,0.040380796535794045,0.919618291143034,25,30,0
24,5747,1.1036167462558161e-06,0.03999980870442547,0.04038079559636684,0.9196182920824612,25,30,0
24,5748,1.1036167462558161e-06,0.03999980870442547,0.04038740183837837,0.9196116858404497,25,30,0
24,5749,1.1036167462558161e-06,0.03999980870442547,0.04038731931481718,0.9196117683640108,25,30,0
24,5750,1.1036167462558161e-06,0.03999980870442547,0.040014214973624854,0.9199848727052031,25,30,0
24,5751,1.1036167462558161e-06,0.03999980870442547,0.04001433089095981,0.9199847567878682,25,30,0
24,5752,1.1036167462558161e-06,0.03999980870442547,0.040014330200194896,0.9199847574786331,25,30,0
24,5753,1.1036167462558161e-06,0.03999980870442547,0.040014328788713686,0.9199847588901143,25,30,0
24,5754,1.1036167462558161e-06,0.03876126772047283,0.04125286977266632,0.9199847588901143,25,30,0
24,5755,1.1036167462558161e-06,0.03876126772047283,0.04125287120274379,0.9199847574600369,25,30,0
24,5756,1.1036167462558161e-06,0.03876126772047283,0.04125275531036297,0.9199848733524177,25,30,0
24,5757,1.1036167462558161e-06,0.03876126772047283,0.04125275534718151,0.9199848733155993,25,30,0
24,5758,1.1036167462567995e-06,0.03876126772047283,0.04125279941540822,0.9199848292473725,25,30,0
24,5759,4.995841141351534e-09,0.038761267720467854,0.04125390021135119,0.9199848270723394,25,30,0
24,5760,4.995841141351534e-09,0.038761267720467854,0.04125390019947983,0.9199848270842109,25,30,0
24,5761,4.995841141351534e-09,0.038761267720467854,0.0413834236204438,0.919855303663247,25,30,0
24,5762,4.995841141351534e-09,0.039999447340182716,0.04014524400072893,0.919855303663247,25,30,0
24,5763,4.995841141351534e-09,0.039999447340182716,0.040015721990285844,0.91998482567369,25,30,0
24,5764,4.995841141351534e-09,0.039999447340182716,0.0400156394665425,0.9199849081974334,25,30,0
24,5765,4.995841141351534e-09,0.039999447340182716,0.04001563946671973,0.919984908197256,25,30,0
24,5766,4.995841141351534e-09,0.039999447340182716,0.040015639466708955,0.9199849081972669,25,30,0
24,5767,4.99584114133428e-09,0.039999447340182716,0.04001401603827787,0.919986531625698,25,30,0
24,5768,4.99584114133428e-09,0.039999447340182716,0.040020622255643984,0.9199799254083318,25,30,0
24,5769,4.99584114133428e-09,0.039999447340182716,0.0400206222204115,0.9199799254435646,25,30,0
24,5770,4.99584114133428e-09,0.039999447340182716,0.04001401597841963,0.9199865316855563,25,30,0
24,5771,4.99584114133428e-09,0.039999447340182716,0.04001401645254493,0.9199865312114313,25,30,0
24,5772,4.99584114133428e-09,0.039999447340182716,0.040014017436265294,0.9199865302277108,25,30,0
24,5773,4.99584114133428e-09,0.039999447340182716,0.040014017435639565,0.9199865302283365,25,30,0
24,5774,4.99584114133428e-09,0.0399999879203858,0.04001347685543645,0.9199865302283365,25,30,0
24,5775,4.99584114133428e-09,0.0399999879203858,0.04001347744174806,0.9199865296420251,25,30,0
24,5776,4.99584114133428e-09,0.0399999879203858,0.04001347744174187,0.9199865296420313,25,30,0
24,5777,4.995841140350749e-09,0.03999998792038573,0.04001339358099498,0.9199866135027781,25,30,0
24,5778,4.995841140350825e-09,0.03999998792038573,0.04001343561148056,0.9199865714722923,25,30,0
24,5779,4.995841140350831e-09,0.03999998792038573,0.04001351766232339,0.9199864894214497,25,30,0
24,5780,4.995841140350831e-09,0.03999998792038573,0.040013435176306206,0.9199865719074668,25,30,0
24,5781,4.995841140350831e-09,0.03999998792038573,0.0400135510921412,0.9199864559916321,25,30,0
24,5782,4.995841140350831e-09,0.03999998792038573,0.04001355254035278,0.9199864545434204,25,30,0
24,5783,4.995841140350825e-09,0.03999998792038573,0.04001346998208088,0.9199865371016923,25,30,0
24,5784,4.995841140350825e-09,0.03999998792038573,0.04001347146508622,0.919986535618687,25,30,0
24,5785,4.995841140350825e-09,0.03999998792038573,0.04001347201571842,0.9199865350680548,25,30,0
24,5786,4.995841140350825e-09,0.03999998792038573,0.04001347204049223,0.919986535043281,25,30,0
24,5787,4.995841140350824e-09,0.03999999761615999,0.04001346234471799,0.919986535043281,25,30,0
24,5788,7.042651829247461e-12,0.0399999976312936,0.04001346731837167,0.9199865350432921,25,30,0
24,5789,7.042651829246133e-12,0.0399999976312936,0.04000686107654043,0.9199931412851234,25,30,0
24,5790,7.042651829246133e-12,0.0399999976312936,0.04000694214213091,0.9199930602195329,25,30,0
24,5791,7.042651829246133e-12,0.0399999976312936,0.04000705805930556,0.9199929443023581,25,30,0
24,5792,7.042651829246226e-12,0.0399999976312936,0.04000709604577843,0.9199929063158854,25,30,0
24,5793,7.042651829246226e-12,0.0399999976312936,0.04000709749373601,0.9199929048679277,25,30,0
24,5794,7.042651829246133e-12,0.0399999976312936,0.04000705753424398,0.9199929448274199,25,30,0
24,5795,7.042651829246131e-12,0.0399999976312936,0.04000705612214696,0.9199929462395167,25,30,0
24,5796,7.042651829246131e-12,0.0399999976312936,0.04000705612322625,0.9199929462384375,25,30,0
24,5797,7.042651829246131e-12,0.0399999976312936,0.04000705606340294,0.9199929462982608,25,30,0
24,5798,7.04265182924614e-12,0.03996852276207876,0.04003853093261777,0.9199929462982608,25,30,0
24,5799,7.0426518292461426e-12,0.03996852276207876,0.04003853024313126,0.9199929469877474,25,30,0
24,5800,7.0426518292514764e-12,0.03996852276207877,0.04003857168729888,0.9199929055435797,25,30,0
24,5801,7.042651829251477e-12,0.03996852276207877,0.04003857073861517,0.9199929064922634,25,30,0
24,5802,7.042651829251477e-12,0.03996852276207877,0.04003857070400074,0.9199929065268777,25,30,0
24,5803,7.042651829251477e-12,0.03996852276207877,0.04003848818131152,0.9199929890495671,25,30,0
24,5804,7.0426518292514764e-12,0.03996852276207877,0.04003851619053095,0.9199929610403476,25,30,0
24,5805,7.0426518292514764e-12,0.03996852276207877,0.040038515241648455,0.9199929619892301,25,30,0
24,5806,7.0426518292514764e-12,0.03996852276207877,0.040038515206419725,0.9199929620244588,25,30,0
24,5807,7.04265182925159e-12,0.03996852276207877,0.0400385946035363,0.9199928826273421,25,30,0
24,5808,7.04265182925159e-12,0.03996852276207877,0.04003859466354509,0.9199928825673334,25,30,0
24,5809,7.0426518292569016e-12,0.03996852276207877,0.04003870854740929,0.9199927686834691,25,30,0
24,5810,7.0426518292569e-12,0.03996852276207877,0.040038654496841686,0.9199928227340368,25,30,0
24,5811,7.0426518292569016e-12,0.03996852276207877,0.04003865428283633,0.9199928229480421,25,30,0
24,5812,7.0426518292569016e-12,0.03996852276207877,0.040038665769622096,0.9199928114612562,25,30,0
24,5813,7.0426518292569016e-12,0.03996852276207877,0.04003866774281911,0.9199928094880593,25,30,0
24,5814,7.042651829181222e-12,0.03996852276207877,0.04003862573750281,0.9199928514933756,25,30,0
24,5815,7.04265182918122e-12,0.03996852276207877,0.0400386257210755,0.919992851509803,25,30,0
24,5816,7.042651829181221e-12,0.03996852276207877,0.0400386297523199,0.9199928474785587,25,30,0
24,5817,7.042651829181221e-12,0.03996852276207877,0.04003862979369039,0.9199928474371881,25,30,0
24,5818,7.04265281271237e-12,0.03996852276207877,0.04003871374416547,0.919992763486713,25,30,0
24,5819,7.0426528127124635e-12,0.03996852276207877,0.040038753738980304,0.9199927234918981,25,30,0
24,5820,7.0426528127137915e-12,0.03996852276207877,0.04003875373899131,0.9199927234918871,25,30,0
24,5821,7.0426528127137915e-12,0.03996852276207877,0.040038725752342554,0.919992751478536,25,30,0
24,5822,7.042652812713793e-12,0.03996852276207877,0.04003872778536292,0.9199927494455156,25,30,0
24,5823,7.0426528127137915e-12,0.03996852276207877,0.04003872731060875,0.9199927499202698,25,30,0
24,5824,7.0426528127137915e-12,0.03996852276207877,0.04003872733476432,0.9199927498961143,25,30,0
24,5825,7.0426528127124635e-12,0.03996852276207877,0.04003861145219309,0.9199928657786856,25,30,0
24,5826,7.0426528127124635e-12,0.03996852276207877,0.04003872736891698,0.9199927498619617,25,30,0
24,5827,7.0426518291813365e-12,0.03996852276207877,0.04003864546236512,0.9199928317685135,25,30,0
24,5828,7.042651829181431e-12,0.03996852276207877,0.040038726538165384,0.9199927506927132,25,30,0
24,5829,7.042652812669393e-12,0.03996852276207877,0.04004030855772922,0.9199911686731493,25,30,0
24,5830,7.042652812669299e-12,0.03996852276207877,0.040040226761202835,0.9199912504696758,25,30,0
24,5831,7.042652812669299e-12,0.03996852276207877,0.0404133318087993,0.9196181454220793,25,30,0
24,5832,7.042652812669323e-12,0.03996852276207877,0.04054285323578687,0.9194886239950917,25,30,0
24,5833,7.042652812669324e-12,0.03996852276207877,0.04054285121049703,0.9194886260203815,25,30,0
24,5834,7.042652812669324e-12,0.03996852276207877,0.04054288917198865,0.9194885880588899,25,30,0
24,5835,7.042652812669299e-12,0.03996852276207877,0.0404133657240949,0.9196181115067836,25,30,0
24,5836,7.0426528126692765e-12,0.03996852276207877,0.040413354166380894,0.9196181230644975,25,30,0
24,5837,7.042652812674493e-12,0.03996852276207877,0.04041334264442369,0.9196181345864549,25,30,0
24,5838,7.042652812674486e-12,0.039999990315535694,0.040381875090966746,0.9196181345864549,25,30,0
24,5839,7.042652812674485e-12,0.039999990315535694,0.04038184664325826,0.9196181630341634,25,30,0
24,5840,7.042652812674485e-12,0.039999990315535694,0.04038184661807464,0.9196181630593471,25,30,0
24,5841,7.04265182918119e-12,0.039999990315535694,0.04038030567791704,0.9196197039995048,25,30,0
24,5842,2.5011550286646758e-09,0.0400000037367123,0.04038022570241064,0.9196197680597219,25,30,0
24,5843,2.5011550286646758e-09,0.0400000037367123,0.04038022570302858,0.919619768059104,25,30,0
24,5844,2.5011550286646758e-09,0.0400000037367123,0.040380148335698626,0.9196198454264338,25,30,0
24,5845,2.5011550286646758e-09,0.0400000037367123,0.04038014787185586,0.9196198458902767,25,30,0
24,5846,2.5011550286646758e-09,0.0400000037367123,0.04038014785898498,0.9196198459031474,25,30,0
24,5847,2.5011550286646758e-09,0.0400000037367123,0.0403801478500165,0.9196198459121159,25,30,0
24,5848,1.731453228146408e-05,0.03999999030951442,0.0403629132223964,0.9196197819358075,25,30,0
24,5849,1.731453228146408e-05,0.03999999030951442,0.04036291319745214,0.9196197819607517,25,30,0
24,5850,1.731453228146408e-05,0.03999999030951442,0.040362797280570295,0.9196198978776338,25,30,0
24,5851,1.731453228146408e-05,0.03999999030951442,0.0403627573209123,0.9196199378372917,25,30,0
24,5852,1.731453228146408e-05,0.03999999030951442,0.04036426431878968,0.9196184308394143,25,30,0
24,5853,1.731453228146408e-05,0.03999999030951442,0.040364183251347295,0.9196185119068567,25,30,0
24,5854,1.731453228146408e-05,0.03999999030951442,0.04036427069540546,0.9196184244627986,25,30,0
24,5855,1.731453228146408e-05,0.03999999030951442,0.040364268076268965,0.919618427081935,25,30,0
24,5856,1.731453228146408e-05,0.03999999030951442,0.04036426807627647,0.9196184270819274,25,30,0
24,5857,1.7314532281464328e-05,0.03999999030951449,0.04061595567109752,0.9193667394871063,25,30,0
24,5858,1.7314532281464328e-05,0.03999999030951449,0.040615954239743034,0.9193667409184608,25,30,0
24,5859,1.7314532281464328e-05,0.03999999030951449,0.040615954225078216,0.9193667409331258,25,30,0
24,5860,1.7314532281464328e-05,0.03999999030951449,0.040614331335427335,0.9193683638227764,25,30,0
24,5861,1.7314532281464328e-05,0.03999999030951449,0.040614331355246766,0.9193683638029572,25,30,0
24,5862,1.7314532281464328e-05,0.03999999030951449,0.040614332838476715,0.9193683623197272,25,30,0
24,5863,1.731453228146408e-05,0.03999999030951442,0.04036276116083047,0.9196199339973735,25,30,0
24,5864,1.731453228146408e-05,0.03999999030951442,0.04036278963397593,0.9196199055242282,25,30,0
24,5865,1.731453228146408e-05,0.03999999030951442,0.04036290552576025,0.9196197896324437,25,30,0
24,5866,1.731453228146408e-05,0.03999999030951442,0.04036278961693784,0.9196199055412662,25,30,0
24,5867,1.731453228146408e-05,0.03999999030951442,0.04036279161549757,0.9196199035427064,25,30,0
24,5868,1.731453228146408e-05,0.03999999030951442,0.046612374176480974,0.9133703209817231,25,30,0
24,5869,1.731453228146408e-05,0.03998492105638484,0.04662744342961056,0.9133703209817231,25,30,0
24,5870,1.731453228146408e-05,0.03998492105638484,0.046627557313171926,0.9133702070981617,25,30,0
24,5871,1.731453228146408e-05,0.03998492105638484,0.046627558270818444,0.9133702061405152,25,30,0
24,5872,3.2642837767447214e-06,0.04000131200382013,0.04662521721902717,0.9133702064933759,25,30,0
24,5873,3.2642837767447214e-06,0.04000131200382013,0.04662524366245668,0.9133701800499463,25,30,0
24,5874,3.2642837767447214e-06,0.04000131200382013,0.046625127745103294,0.9133702959672998,25,30,0
24,5875,3.2642837767447214e-06,0.04000131200382013,0.04663161810927591,0.9133638056031272,25,30,0
24,5876,3.2642837767447214e-06,0.04000131200382013,0.046258513738567174,0.9137369099738359,25,30,0
24,5877,3.2642837767447214e-06,0.04000131200382013,0.04625190750694367,0.9137435162054593,25,30,0
24,5878,3.2642837767447214e-06,0.04000131200382013,0.04625190795629464,0.9137435157561085,25,30,0
24,5879,3.2642837767447214e-06,0.04000131200382013,0.046251880918242935,0.9137435427941601,25,30,0
24,5880,3.2642837767447214e-06,0.04000131200382013,0.046251880945559404,0.9137435427668437,25,30,0
24,5881,3.2642837767447214e-06,0.04000131200382013,0.04625188016420942,0.9137435435481938,25,30,0
24,5882,3.2642837767455536e-06,0.0400013120038202,0.046163843831000785,0.9138315798814024,25,30,0
24,5883,3.2642837767455536e-06,0.04001583825707097,0.04614931757775006,0.9138315798814024,25,30,0
24,5884,3.2642837767455536e-06,0.04001583825707097,0.046149291102573826,0.9138316063565786,25,30,0
24,5885,3.2642837767455536e-06,0.04001583825707097,0.04614929061629238,0.9138316068428601,25,30,0
24,5886,3.2642837767455536e-06,0.04001583825707097,0.046149368774338034,0.9138315286848144,25,30,0
24,5887,3.2642837767455536e-06,0.04001583825707097,0.046149408733550154,0.9138314887256023,25,30,0
24,5888,3.2642837767455536e-06,0.04001583825707097,0.04614943575947107,0.9138314616996813,25,30,0
24,5889,3.2642837767455536e-06,0.04001583825707097,0.04614931984230112,0.9138315776168513,25,30,0
24,5890,3.2642837767455536e-06,0.04001583825707097,0.046149279847429704,0.9138316176117226,25,30,0
24,5891,3.2642837767455536e-06,0.04001583825707097,0.046153983112705264,0.9138269143464471,25,30,0
24,5892,3.2642837767447214e-06,0.040015838257070904,0.03999464220549453,0.9199862552536578,25,30,0
24,5893,3.2642837767447214e-06,0.040015838257070904,0.039994642202754366,0.919986255256398,25,30,0
24,5894,1.672448601284115e-11,0.039999447300551896,0.04001429786310361,0.9199862548196199,25,30,0
24,5895,1.672448601284106e-11,0.039999447300551896,0.04001429641531556,0.9199862562674082,25,30,0
24,5896,1.6724486012841084e-11,0.039999447300551896,0.040014336379156946,0.9199862163035667,25,30,0
24,5897,1.6724486012841084e-11,0.039999447300551896,0.04001433588043751,0.919986216802286,25,30,0
24,5898,1.6724486012841084e-11,0.039999447300551896,0.040387440948570885,0.9196131117341525,25,30,0
24,5899,1.6724486012841058e-11,0.039999447300551896,0.040387285031821735,0.9196132676509018,25,30,0
24,5900,1.6724486012841058e-11,0.039999447300551896,0.04038731280262103,0.9196132398801025,25,30,0
24,5901,1.672448601284115e-11,0.039999447300551896,0.040387311292488876,0.9196132413902347,25,30,0
24,5902,1.6724486012866445e-11,0.039968515958773605,0.040418242634267146,0.9196132413902347,25,30,0
24,5903,1.6724486012866442e-11,0.039968515958773605,0.040418214160583776,0.9196132698639181,25,30,0
24,5904,1.6724486012866442e-11,0.039968515958773605,0.04041821416918974,0.9196132698553121,25,30,0
24,5905,1.6724486012866442e-11,0.039968515958773605,0.04041821550073726,0.9196132685237647,25,30,0
24,5906,1.6724486012866442e-11,0.039968515958773605,0.040418215510835374,0.9196132685136665,25,30,0
24,5907,1.6724486012866442e-11,0.039968515958773605,0.0404182175442597,0.9196132664802422,25,30,0
24,5908,1.6724486012866442e-11,0.039968515958773605,0.04041821752384764,0.9196132665006543,25,30,0
24,5909,1.6724486012866536e-11,0.039968515958773605,0.04004514094108866,0.9199863430834134,25,30,0
24,5910,1.6724486012563817e-11,0.039968515958773605,0.040045139958679137,0.9199863440658228,25,30,0
24,5911,1.6724486012563817e-11,0.039968515958773605,0.0400451399588594,0.9199863440656426,25,30,0
24,5912,1.6724486012569132e-11,0.039968515958773605,0.040038616739053616,0.9199928672854485,25,30,0
24,5913,1.6724486012569132e-11,0.039968515958773605,0.04016813816402737,0.9198633458604748,25,30,0
24,5914,1.672448601256906e-11,0.039968515958773605,0.040168138164035104,0.9198633458604669,25,30,0
24,5915,1.672448601256375e-11,0.039968515958773605,0.04016805717451062,0.9198634268499915,25,30,0
24,5916,1.6724486012488097e-11,0.039968515958773605,0.04016335390914818,0.9198681301153538,25,30,0
24,5917,1.6724486012488075e-11,0.039968515958773605,0.0401633274580195,0.9198681565664826,25,30,0
24,5918,1.6724486012488097e-11,0.039968515958773605,0.04016332950353576,0.9198681545209664,25,30,0
24,5919,1.6724486012493406e-11,0.039968515958773605,0.04016335795166877,0.9198681260728333,25,30,0
24,5920,1.6724486012468112e-11,0.03999960654997061,0.04013226736047176,0.9198681260728333,25,30,0
24,5921,1.6724486012468112e-11,0.03999960654997061,0.0401322666794199,0.9198681267538851,25,30,0
24,5922,1.6724486012468184e-11,0.03999960654997061,0.04013226809193684,0.9198681253413681,25,30,0
24,5923,1.6724486012468187e-11,0.03999960654997061,0.04013226809342359,0.9198681253398813,25,30,0
24,5924,1.6724486012468187e-11,0.03999960654997061,0.040132268128467936,0.9198681253048371,25,30,0
24,5925,1.6724486012468187e-11,0.03999960654997061,0.04013226813060856,0.9198681253026961,25,30,0
24,5926,1.6724486012468187e-11,0.03999960654997061,0.04013226815538255,0.9198681252779224,25,30,0
24,5927,1.6724486012468187e-11,0.03999960654997061,0.040132268179951296,0.9198681252533537,25,30,0
24,5928,1.6724486012469515e-11,0.03999960654997061,0.040132350715484516,0.9198680427178203,25,30,0
24,5929,1.672448601246942e-11,0.03999960654997061,0.04013235019234988,0.9198680432409551,25,30,0
24,5930,1.6724486012469308e-11,0.03999960654997061,0.04013014630682621,0.9198702471264787,25,30,0
24,5931,1.6724486012469308e-11,0.03999960654997061,0.04013014629593669,0.9198702471373682,25,30,0
24,5932,1.672448601283002e-11,0.03998913374426867,0.040140619101638596,0.9198702471373682,25,30,0
24,5933,1.672448601283002e-11,0.03998913374426867,0.040140619075350124,0.9198702471636565,25,30,0
24,5934,1.6724486012828692e-11,0.03998913374426867,0.04014053656520554,0.9198703296738011,25,30,0
24,5935,1.6724486012828692e-11,0.03998913374426867,0.04014050954052219,0.9198703566984845,25,30,0
24,5936,1.6724486012833978e-11,0.03998913374426867,0.040140507556075795,0.9198703586829309,25,30,0
24,5937,1.6724486012833978e-11,0.03998913374426867,0.04014050755585707,0.9198703586831498,25,30,0
24,5938,1.672448601247337e-11,0.039999986573788435,0.04012965472633731,0.9198703586831498,25,30,0
24,5939,1.6724486012473463e-11,0.039999986573788435,0.040129654735715725,0.9198703586737712,25,30,0
24,5940,1.6724486012473466e-11,0.039999986573788435,0.04012973723432827,0.9198702761751586,25,30,0
24,5941,1.672448601246815e-11,0.039999986573788435,0.04012970878619527,0.9198703046232918,25,30,0
24,5942,1.6724486012468177e-11,0.039999986573788435,0.04050281381829641,0.9194971995911905,25,30,0
24,5943,1.6724486012468174e-11,0.039999986573788435,0.04050281182014027,0.9194972015893466,25,30,0
24,5944,1.672448601246863e-11,0.03999960649296957,0.04050319190095917,0.9194972015893466,25,30,0
24,5945,1.6724486012468607e-11,0.03999960649296957,0.040503191891588346,0.9194972015987175,25,30,0
24,5946,1.6724486012468513e-11,0.03999960649296957,0.04050319050410146,0.9194972029862043,25,30,0
24,5947,1.6724486012468513e-11,0.03999960649296957,0.04050319118080564,0.9194972023095002,25,30,0
24,5948,1.672448601246795e-11,0.039999990301290186,0.04050280737248504,0.9194972023095002,25,30,0
24,5949,1.6724486012770667e-11,0.039999990301290186,0.040502833821300675,0.9194971758606846,25,30,0
24,5950,3.9964222281881805e-11,0.04056409096050556,0.039938718616298725,0.9194971903832312,25,30,0
24,5951,3.9964222281881805e-11,0.04056409096050556,0.039938717915266216,0.9194971910842636,25,30,0
24,5952,3.9964222281881805e-11,0.04056409096050556,0.03980919448204399,0.9196267145174859,25,30,0
24,5953,3.9964222281881805e-11,0.04056409096050556,0.039809222894207,0.9196266861053229,25,30,0
24,5954,3.9964222281881805e-11,0.04056409096050556,0.03980922290510035,0.9196266860944295,25,30,0
24,5955,3.9964222281881805e-11,0.04056409096050556,0.039809221457938145,0.9196266875415917,25,30,0
24,5956,3.996422228188179e-11,0.04056409096050556,0.0394361168892603,0.9199997921102695,25,30,0
24,5957,3.996422228188179e-11,0.04056409096050556,0.03943611692343177,0.9199997920760982,25,30,0
24,5958,3.996422228188179e-11,0.04056409096050556,0.039436116925453096,0.9199997920740768,25,30,0
24,5959,3.996422228188179e-11,0.04056409096050556,0.039436116900060963,0.919999792099469,25,30,0
24,5960,3.9964222281881973e-11,0.04056409096050556,0.03943611539133092,0.9199997936081991,25,30,0
24,5961,3.9964222281882064e-11,0.04056409096050564,0.03943773831894963,0.9199981706805803,25,30,0
24,5962,3.9964222281882064e-11,0.04056409096050564,0.03943773835414463,0.9199981706453854,25,30,0
24,5963,3.996422228188209e-11,0.04056409096050564,0.03943777836092367,0.9199981306386062,25,30,0
24,5964,3.996422228188209e-11,0.04056409096050564,0.03943777788678735,0.9199981311127426,25,30,0
24,5965,3.996422228188209e-11,0.04056409096050564,0.03943775144720575,0.9199981575523243,25,30,0
24,5966,3.9964222281882064e-11,0.04056409096050564,0.039437711440853715,0.9199981975586762,25,30,0
24,5967,3.9964222281882064e-11,0.04056409096050564,0.03956723487346102,0.919868674126069,25,30,0
24,5968,3.9964222281882064e-11,0.04056409096050564,0.03956723484912203,0.919868674150408,25,30,0
24,5969,3.9964222281882064e-11,0.04056409096050564,0.039567234849740146,0.9198686741497898,25,30,0
24,5970,3.9964222281882064e-11,0.04056409096050564,0.039567236882757734,0.9198686721167723,25,30,0
24,5971,3.9964222281882064e-11,0.04056409096050564,0.03956731941829285,0.9198685895812371,25,30,0
24,5972,3.9964222281882064e-11,0.04056409096050564,0.039567319417638046,0.9198685895818919,25,30,0
24,5973,3.9964222281881973e-11,0.04056409096050564,0.03956731941897622,0.9198685895805538,25,30,0
24,5974,3.9964222281881973e-11,0.04056409096050564,0.03956723693063528,0.9198686720688949,25,30,0
24,5975,3.996422228188188e-11,0.04056409096050556,0.039565613994687714,0.9198702950048424,25,30,0
24,5976,3.996422228188188e-11,0.04056409096050556,0.03956561400637172,0.9198702949931585,25,30,0
24,5977,3.996422228188188e-11,0.04056409096050556,0.03956561397992941,0.9198702950196008,25,30,0
24,5978,3.996422228218458e-11,0.04056409096050556,0.03956723690790686,0.9198686720916233,25,30,0
24,5979,1.7418104333535835e-11,0.03999999097966439,0.040120842809769214,0.919879166193148,25,30,0
24,5980,1.7418104333535858e-11,0.03999999097966439,0.03999132006512362,0.9200086889377936,25,30,0
24,5981,1.7418104333535858e-11,0.03999999097966439,0.039991320030074336,0.920008688972843,25,30,0
24,5982,1.7418104333535858e-11,0.039968523546563925,0.040022787463174885,0.920008688972843,25,30,0
24,5983,1.7418104333535835e-11,0.039968523546564,0.04002749009102051,0.9200039863449974,25,30,0
24,5984,1.7418104333535858e-11,0.03996852354656408,0.0400340968803938,0.919997379555624,25,30,0
24,5985,2.0112116745119408e-13,0.03996852288356231,0.04004460611252378,0.9199868710037127,25,30,0
24,5986,2.0112116745119406e-13,0.03996852288356224,0.04003990280345965,0.9199915743127768,25,30,0
24,5987,2.0112116745117073e-13,0.03996852288356224,0.04003982418160204,0.9199916529346345,25,30,0
24,5988,2.0112116745117036e-13,0.03996852288356224,0.04003990812449891,0.9199915689917375,25,30,0
24,5989,2.0112116745117036e-13,0.03996852288356224,0.040039908088651634,0.919991569027585,25,30,0
24,5990,2.0112116745117036e-13,0.03996852288356224,0.04003990807792421,0.9199915690383125,25,30,0
24,5991,2.0112116745098396e-13,0.03996852288356224,0.04003990825466145,0.919991568861575,25,30,0
24,5992,2.0112116745100726e-13,0.03996852288356224,0.040039936727163106,0.9199915403890734,25,30,0
24,5993,2.011211674510073e-13,0.03996852288356224,0.040039936761774315,0.9199915403544624,25,30,0
24,5994,2.0112116745233338e-13,0.03996852288356224,0.04003989422202892,0.9199915828942076,25,30,0
24,5995,2.0112116775445822e-13,0.03996852288356224,0.04013065593545141,0.9199008211807852,25,30,0
24,5996,2.011211677544578e-13,0.03996852288356224,0.04013065448749698,0.9199008226287395,25,30,0
24,5997,2.011211677544578e-13,0.03996852288356224,0.04013065245406931,0.9199008246621674,25,30,0
24,5998,2.011211677544578e-13,0.03996852288356224,0.040130652453634764,0.9199008246626019,25,30,0
24,5999,2.011211677491245e-13,0.03996852288356216,0.040124045638861905,0.9199074314773749,25,30,0
24,6000,2.0112116774914942e-13,0.03996852288356224,0.04012411408365927,0.9199073630325774,25,30,0
24,6001,2.0112116774915111e-13,0.03996852288356224,0.040124115556610496,0.9199073615596263,25,30,0
24,6002,2.0112116774915111e-13,0.03996852288356224,0.040124114224636215,0.9199073628916004,25,30,0
24,6003,2.0112116774915114e-13,0.03996852288356224,0.04012411472415644,0.9199073623920802,25,30,0
24,6004,2.0112116774915114e-13,0.03996852288356224,0.04012411472311511,0.9199073623931217,25,30,0
24,6005,2.0112116774915276e-13,0.03996852288356224,0.040124197246889676,0.9199072798693472,25,30,0
24,6006,2.0112117097454216e-13,0.03996852288356224,0.05073243638233299,0.9092990407339038,25,30,0
24,6007,2.0112117097454216e-13,0.03996852288356224,0.05073243779303407,0.9092990393232026,25,30,0
24,6008,2.0112117097451889e-13,0.03996852288356224,0.05073241076772554,0.9092990663485111,25,30,0
24,6009,2.0112117097452048e-13,0.03996852288356224,0.05073241278045693,0.9092990643357797,25,30,0
24,6010,2.0112117097452045e-13,0.03996852288356224,0.05073241224588452,0.9092990648703523,25,30,0
24,6011,2.0112117097452048e-13,0.03996852288356224,0.05073241224559261,0.9092990648706442,25,30,0
24,6012,5.825444415048542e-05,0.0399685228755729,0.05067404303727921,0.9092991796429972,25,30,0
24,6013,5.825444415048542e-05,0.0399685228755729,0.05067404379895521,0.9092991788813213,25,30,0
24,6014,5.825444415048542e-05,0.0399685228755729,0.0506740430620391,0.9092991796182374,25,30,0
24,6015,5.825444415048542e-05,0.0399685228755729,0.050674043097690885,0.9092991795825855,25,30,0
24,6016,5.825444415048542e-05,0.0399685228755729,0.050674130533906514,0.9092990921463701,25,30,0
24,6017,5.825444415048542e-05,0.03999973540508146,0.05064291800439794,0.9092990921463701,25,30,0
24,6018,5.825444415048542e-05,0.03999973540508146,0.050642918005011,0.9092990921457571,25,30,0
24,6019,5.825444415048542e-05,0.03999973540508146,0.05064291849381588,0.9092990916569522,25,30,0
24,6020,5.825444415048542e-05,0.03999973540508146,0.050642919159661126,0.9092990909911068,25,30,0
24,6021,5.825444415048542e-05,0.03999973540508146,0.05064291915030119,0.909299091000467,25,30,0
24,6022,5.825444415048542e-05,0.03999973540508146,0.050642918474024044,0.9092990916767443,25,30,0
24,6023,5.825444415048542e-05,0.03999973540508146,0.05064291800052068,0.9092990921502475,25,30,0
24,6024,5.825444415048542e-05,0.03999973540508146,0.050642916548446146,0.9092990936023222,25,30,0
24,6025,5.825444415048542e-05,0.03999973540508146,0.05064291651343338,0.9092990936373349,25,30,0
24,6026,5.825444415048542e-05,0.03999973540508146,0.0506428765187723,0.9092991336319959,25,30,0
24,6027,5.825444415048542e-05,0.03999973540508146,0.05064287651833048,0.9092991336324378,25,30,0
24,6028,5.825444415048542e-05,0.03999973540508146,0.05055211550657763,0.9093898946441905,25,30,0
24,6029,5.825444415048542e-05,0.03999973540508146,0.050552114805364125,0.9093898953454039,25,30,0
24,6030,5.825444415048542e-05,0.03999973540508146,0.050558638524233646,0.9093833716265345,25,30,0
24,6031,5.825444415048542e-05,0.03999973540508146,0.05055863853696727,0.9093833716138008,25,30,0
24,6032,5.825444415048542e-05,0.03999973540508146,0.050552114853860915,0.9093898952969072,25,30,0
24,6033,0.00010240672205920524,0.0399997353976739,0.0504965698342085,0.9094012880460585,25,30,0
24,6034,4.134323451519892e-05,0.03999973539776203,0.050569140914883175,0.9093897804528396,25,30,0
24,6035,7.025449714507899e-05,0.03999976494827047,0.05054019524397695,0.9093897853106074,25,30,0
24,6036,7.025449714507899e-05,0.03999976494827047,0.050540233790679914,0.9093897467639046,25,30,0
24,6037,2.170036290123334e-08,0.039999735397669794,0.050610500995528274,0.9093897419064391,25,30,0
24,6038,2.170036290123334e-08,0.039999735397669794,0.05061520429606018,0.9093850386059071,25,30,0
24,6039,2.170036290123334e-08,0.039999983401431946,0.05061495629229802,0.9093850386059071,25,30,0
24,6040,2.170036290123334e-08,0.039999983401431946,0.05062156050095615,0.909378434397249,25,30,0
24,6041,1.742516407388268e-05,0.03999998340143468,0.05060415699569964,0.9093784344387917,25,30,0
24,6042,1.742516407388268e-05,0.03999999965011021,0.05060414074702413,0.9093784344387917,25,30,0
24,6043,1.742516407388268e-05,0.03999999965011021,0.05060410078759629,0.9093784743982196,25,30,0
24,6044,1.742516407388268e-05,0.03999999965011021,0.0506088040755258,0.90937377111029,25,30,0
24,6045,1.670237178532013e-12,0.039999999650107435,0.05062622928022521,0.9093737710679971,25,30,0
24,6046,1.67023717853192e-12,0.039999999650107435,0.0506215259794807,0.9093784743687416,25,30,0
24,6047,1.67023717853192e-12,0.039999999650107435,0.05062813077413922,0.9093718695740831,25,30,0
24,6048,1.6702371785319216e-12,0.039999999650107435,0.05062813150075467,0.9093718688474677,25,30,0
24,6049,1.67023717853192e-12,0.039999999650107435,0.05062824669192875,0.9093717536562935,25,30,0
24,6050,1.67023717853192e-12,0.039999999650107435,0.050628247438050264,0.909371752910172,25,30,0
24,6051,1.6702371785320127e-12,0.039999999650107435,0.050628329935817576,0.9093716704124045,25,30,0
24,6052,1.6702371785320127e-12,0.039999999650107435,0.05062172373106409,0.9093782766171582,25,30,0
24,6053,5.4265913372087396e-09,0.039999999650110245,0.05062171826261027,0.9093782766606882,25,30,0
24,6054,5.426591337208765e-09,0.03999959685749343,0.05062212105522534,0.9093782766606898,25,30,0
24,6055,5.426591337208765e-09,0.03999959685749343,0.05062212108014888,0.9093782766357663,25,30,0
24,6056,5.426591337208841e-09,0.03999959685749343,0.05062200589969614,0.9093783918162189,25,30,0
24,6057,5.426591337208841e-09,0.03999959685749343,0.050622006576218244,0.9093783911396969,25,30,0
24,6058,5.426591337208841e-09,0.03999959685749343,0.05062662735310191,0.9093737703628133,25,30,0
24,6059,5.426591337208841e-09,0.03999959685749343,0.05062662732974143,0.9093737703861738,25,30,0
24,6060,5.426591337208841e-09,0.03999959685749335,0.050626558859932516,0.9093738388559828,25,30,0
24,6061,5.426591337208841e-09,0.03999959685749335,0.05062655884824846,0.9093738388676667,25,30,0
24,6062,5.426591337208841e-09,0.03999959685749335,0.050626558883914576,0.9093738388320008,25,30,0
24,6063,5.426591337208846e-09,0.03999959685749335,0.050628838476684986,0.9093715592392303,25,30,0
24,6064,5.426591337208841e-09,0.03999959685749335,0.050628838425896605,0.9093715592900188,25,30,0
24,6065,5.426591337208816e-09,0.03999999018302323,0.05062844510036842,0.909371559290017,25,30,0
24,6066,5.426591337208816e-09,0.03999999761531816,0.05062843766807351,0.909371559290017,25,30,0
24,6067,5.426591337208816e-09,0.039999447340204275,0.0506289879431874,0.909371559290017,25,30,0
24,6068,5.426591337208513e-09,0.039999447340204275,0.050627365003088155,0.9093731822301162,25,30,0
24,6069,5.426591337208513e-09,0.039999447340204275,0.050627447526290774,0.9093730997069137,25,30,0
24,6070,5.426591337208437e-09,0.039999447340204275,0.05062744678912357,0.9093731004440808,25,30,0
24,6071,5.426591337208134e-09,0.039999447340204275,0.050627330921229424,0.9093732163119749,25,30,0
24,6072,5.426591337208134e-09,0.039999447340204275,0.050627250431305316,0.909373296801899,25,30,0
24,6073,5.426591337208134e-09,0.039999447340204275,0.05062725043053305,0.9093732968026715,25,30,0
24,6074,1.7898345648911364e-10,0.03999947474776305,0.05062350474623125,0.9093770203270224,25,30,0
24,6075,1.7898345648911897e-10,0.03999947474776305,0.050618802172616224,0.9093817229006375,25,30,0
24,6076,3.087681452278099e-07,0.039999447340358645,0.050622244558726465,0.9093779993327696,25,30,0
24,6077,3.087681452278099e-07,0.039999447340358645,0.05062224311095892,0.9093780007805374,25,30,0
24,6078,1.7623237930511526e-05,0.03999944734020698,0.05060492864132505,0.9093780007805374,25,30,0
24,6079,1.7623237930511526e-05,0.03999944734020698,0.05060492864805687,0.9093780007738057,25,30,0
24,6080,1.7623237930511526e-05,0.03999944734020698,0.05060492844591567,0.9093780009759469,25,30,0
24,6081,1.7623237930511526e-05,0.03999944734020698,0.050609549187254306,0.9093733802346081,25,30,0
24,6082,1.7623237930511526e-05,0.03999944734020698,0.05060963171019758,0.9093732977116649,25,30,0
24,6083,1.7623237930511526e-05,0.03999944734020698,0.05060493044315634,0.9093779989787062,25,30,0
24,6084,1.7623237930511526e-05,0.03999944734020698,0.05060493046794082,0.9093779989539216,25,30,0
24,6085,1.7623237930511526e-05,0.039999447283608026,0.050604930524539765,0.9093779989539216,25,30,0
24,6086,1.7623237930511526e-05,0.039999447283608026,0.05059836427764121,0.9093845652008202,25,30,0
24,6087,1.7623237930511526e-05,0.039999447283608026,0.050864697978085786,0.9091182315003756,25,30,0
24,6088,1.7623237930511526e-05,0.039999447283608026,0.05085999612520134,0.90912293335326,25,30,0
24,6089,1.7623237930511526e-05,0.039999447283608026,0.050860078148638965,0.9091228513298226,25,30,0
24,6090,1.7623237930511526e-05,0.039999447283608026,0.05086007815003701,0.9091228513284245,25,30,0
24,6091,3.824908780545451e-13,0.039999453631287867,0.0508776950399157,0.9091228513284141,25,30,0
24,6092,3.82490878059856e-13,0.039999453631287867,0.05087776616565494,0.9091227802026747,25,30,0
24,6093,3.824908780598559e-13,0.039999453631287867,0.050875489105432097,0.9091250572628975,25,30,0
24,6094,3.8249087805985637e-13,0.039999453631287867,0.05087549256155375,0.9091250538067759,25,30,0
24,6095,3.8249087805985637e-13,0.039999453631287867,0.05087549254907129,0.9091250538192583,25,30,0
24,6096,3.8249087805985637e-13,0.039999453631287867,0.05087549399643843,0.9091250523718913,25,30,0
24,6097,3.8249087805985637e-13,0.039999453631287867,0.05087549398812052,0.9091250523802092,25,30,0
24,6098,3.8249087805985637e-13,0.039999453631287867,0.05087549397784209,0.9091250523904877,25,30,0
24,6099,3.824908780599495e-13,0.039999453631287867,0.05060916158442445,0.9093913847839054,25,30,0
24,6100,3.824908780599495e-13,0.039999453631287867,0.05060916155885539,0.9093913848094743,25,30,0
24,6101,3.824908780599492e-13,0.039999453631287867,0.05060916152318939,0.9093913848451405,25,30,0
24,6102,3.824908781356287e-13,0.03999945363128787,0.05060924263475867,0.9093913037335714,25,30,0
24,6103,3.824908781356287e-13,0.03999945363128787,0.05060924269520261,0.9093913036731273,25,30,0
24,6104,3.824908781409624e-13,0.039999453631532476,0.05061253221660515,0.9093880141514802,25,30,0
24,6105,3.824908781409624e-13,0.039999453631532476,0.05061253018402519,0.9093880161840602,25,30,0
24,6106,3.824908781409857e-13,0.039999453631532476,0.05061253163181056,0.909388014736275,25,30,0
24,6107,3.82490878135652e-13,0.03999945363128787,0.050609240698732946,0.9093913056695971,25,30,0
24,6108,3.824908781356288e-13,0.03999945363128787,0.05060924067532942,0.9093913056930006,25,30,0
24,6109,1.979463242692409e-18,0.041103554659145794,0.04950513964785656,0.9093913056929978,25,30,0
24,6110,1.9794631495485053e-18,0.041103554659145794,0.0495050585726686,0.9093913867681858,25,30,0
24,6111,1.979463149576556e-18,0.041103554659145794,0.049505059158326946,0.9093913861825272,25,30,0
24,6112,1.9794633358858667e-18,0.041103554659145794,0.049506628014942725,0.9093898173259116,25,30,0
24,6113,1.9794633358571892e-18,0.041103554659145794,0.049506627979463695,0.9093898173613906,25,30,0
24,6114,1.9794633342230816e-18,0.041103554659145794,0.049506546903664815,0.9093898984371894,25,30,0
24,6115,1.979463333785886e-18,0.041103554659145794,0.04950654344754328,0.909389901893311,25,30,0
24,6116,1.9794633354204892e-18,0.041103554659145794,0.04950654398167551,0.9093899013591789,25,30,0
24,6117,1.9794633370550926e-18,0.041103554659145794,0.04950654492993329,0.9093899004109212,25,30,0
24,6118,1.979464664353023e-18,0.041103554659145794,0.04950654692764766,0.9093898984132067,25,30,0
24,6119,1.9794633366464395e-18,0.041103554659145794,0.04950654492932342,0.909389900411531,25,30,0
24,6120,1.9794633366177686e-18,0.041103554659145794,0.04950654289629797,0.9093899024445565,25,30,0
24,6121,1.979463338660527e-18,0.041103554659145794,0.04950662079215561,0.9093898245486989,25,30,0
24,6122,3.9070393998342615e-21,0.03999944739308036,0.050610728058220936,0.9093898245486988,25,30,0
24,6123,3.90692820909794e-21,0.039999990411420994,0.05061018503988029,0.9093898245486988,25,30,0
24,6124,3.91223906414697e-21,0.039999990411420994,0.05061018555208816,0.9093898240364908,25,30,0
24,6125,3.912237020768523e-21,0.039999990411420994,0.05061010759517928,0.9093899019933996,25,30,0
24,6126,3.912236992973614e-21,0.039999990411420994,0.050610107594556225,0.9093899019940228,25,30,0
24,6127,3.912215334489821e-21,0.039999990411420994,0.0506101061801629,0.9093899034084161,25,30,0
24,6128,3.90690611392158e-21,0.039999990411420994,0.05061018817861025,0.9093898214099688,25,30,0
24,6129,3.906904479309346e-21,0.039999990411420994,0.050610187643870284,0.9093898219447089,25,30,0
24,6130,3.9069044859669546e-21,0.039999990411420994,0.05061018619733711,0.909389823391242,25,30,0
24,6131,1.7936482873233904e-20,0.039999990411420994,0.040001949187827464,0.9199980604007516,25,30,0
24,6132,1.7936482880403374e-20,0.039999990411420994,0.040001949212615295,0.9199980603759638,25,30,0
24,6133,1.7936482887941118e-20,0.039999990411420994,0.04000195122100951,0.9199980583675696,25,30,0
24,6134,1.793119532676653e-20,0.039999990411420994,0.040001950147919824,0.9199980594406593,25,30,0
24,6135,1.7931195320100137e-20,0.039999990411420994,0.04000195014834347,0.9199980594402356,25,30,0
24,6136,1.7931195312436504e-20,0.039999990411420994,0.040001948114995044,0.919998061473584,25,30,0
24,6137,1.7931193649521964e-20,0.039999990411420994,0.040001948081607966,0.9199980615069712,25,30,0
24,6138,1.7931193269663266e-20,0.039999990411420994,0.04000194808159698,0.919998061506982,25,30,0
24,6139,1.7931193262496117e-20,0.039999990411420994,0.040001948081578524,0.9199980615070004,25,30,0
24,6140,1.7936504117146155e-20,0.039999990411420994,0.040001951562643585,0.9199980580259354,25,30,0
24,6141,1.793650575225483e-20,0.039999990411420994,0.04000195253586227,0.9199980570527166,25,30,0
24,6142,1.7936506160782113e-20,0.039999990411420994,0.04000195253691504,0.9199980570516639,25,30,0
24,6143,1.7936506160530553e-20,0.039999990411420994,0.04000195454472145,0.9199980550438576,25,30,0
24,6144,1.7936506160404935e-20,0.039999990411420994,0.04000195251214147,0.9199980570764376,25,30,0
24,6145,1.7937833894397054e-20,0.039999990411420994,0.04000199250685546,0.9199980170817236,25,30,0
24,6146,1.793783389489902e-20,0.039999990411420994,0.04000210842311191,0.9199979011654671,25,30,0
24,6147,1.793783390194249e-20,0.039999990411421,0.04000222366429189,0.9199977859242872,25,30,0
24,6148,1.7937833866113563e-20,0.039999990411420994,0.04000210772145446,0.9199979018671246,25,30,0
24,6149,1.7937927039021022e-20,0.039999990411420994,0.04000210772393138,0.9199979018646477,25,30,0
24,6150,1.79379254115744e-20,0.039999990411420994,0.04000871296733476,0.9199912966212443,25,30,0
24,6151,1.0014685431645295e-18,0.039999990411421,0.04000221326325027,0.9199977963253287,25,30,0
24,6152,1.001468473284737e-18,0.039999990411421,0.04000221126574915,0.91999779832283,25,30,0
24,6153,1.001468473284737e-18,0.039999990411421,0.04000221126514188,0.9199977983234373,25,30,0
24,6154,1.0014684504001649e-18,0.039999990411421,0.04000221193083346,0.9199977976577458,25,30,0
24,6155,1.00147376124123e-18,0.039999990411421,0.040002267441695494,0.9199977421468837,25,30,0
24,6156,1.0014737612487767e-18,0.039999990411421,0.040002185418273085,0.9199978241703061,25,30,0
24,6157,1.0014684503940121e-18,0.039999990411420994,0.040002181937200974,0.9199978276513783,25,30,0
24,6158,1.0014671226600395e-18,0.039999990411420994,0.04000214194251484,0.9199978676460643,25,30,0
24,6159,1.7936504871367342e-20,0.039999990411420994,0.04000203540437359,0.9199979741842056,25,30,0
24,6160,1.7936596409656455e-20,0.039999990411420994,0.04000203338024993,0.9199979762083292,25,30,0
24,6161,1.7941907264867484e-20,0.039999990411420994,0.040002033449634045,0.919997976138945,25,30,0
24,6162,1.7941907263984834e-20,0.039999990411420994,0.04000203200249084,0.9199979775860883,25,30,0
24,6163,2.224176902044468e-20,0.03999999041142527,0.04013160192674351,0.9198684076618313,25,30,0
24,6164,2.2241769020321257e-20,0.03999999041142527,0.04013160192673273,0.9198684076618422,25,30,0
24,6165,2.2236458172261853e-20,0.03999999041142527,0.0401316018925881,0.9198684076959868,25,30,0
24,6166,1.7936596422468442e-20,0.039999990411420994,0.04000203198063759,0.9199979776079416,25,30,0
24,6167,1.793659642297144e-20,0.039999990411420994,0.040002031981075395,0.9199979776075037,25,30,0
24,6168,1.79364100851202e-20,0.039999990411420994,0.04000046313445,0.919999546454129,25,30,0
24,6169,1.793641049377304e-20,0.039999990411420994,0.04000046585686521,0.9199995437317138,25,30,0
24,6170,1.793631734955137e-20,0.039999990411420994,0.04000046585671927,0.9199995437318598,25,30,0
24,6171,1.7936317349544863e-20,0.039999990411420994,0.04000046585689649,0.9199995437316827,25,30,0
24,6172,2.2250054792138192e-20,0.039999990411420994,0.04000050517416695,0.9199995044144121,25,30,0
24,6173,2.2249961648531184e-20,0.039999990411420994,0.04000520843669192,0.9199948011518871,25,30,0
24,6174,2.2249961677208554e-20,0.039999990411420994,0.04000524839654721,0.9199947611920318,25,30,0
24,6175,2.2251287680368907e-20,0.039999990411420994,0.04000752701690208,0.9199924825716771,25,30,0
24,6176,2.2251287679743497e-20,0.039999990411420994,0.0400028237523456,0.9199971858362335,25,30,0
24,6177,2.2245976860060525e-20,0.039999990411420994,0.04000276967677552,0.9199972399118036,25,30,0
24,6178,2.2245978458837135e-20,0.039999990411420994,0.04000272969398681,0.9199972798945923,25,30,0
24,6179,2.224597847996135e-20,0.039999990411420994,0.0400027292298145,0.9199972803587646,25,30,0
24,6180,2.224597847302385e-20,0.039999990411420994,0.04000272993020729,0.9199972796583719,25,30,0
24,6181,2.224066599805982e-20,0.039999990411420994,0.04000262084257767,0.9199973887460015,25,30,0
24,6182,2.2164986467625038e-20,0.039999990411420994,0.040002620806792705,0.9199973887817866,25,30,0
24,6183,2.2165079231365552e-20,0.039999990411420994,0.040002506337080454,0.9199975032514986,25,30,0
24,6184,6.595792459655006e-08,0.03999999652025102,0.04000243427032275,0.9199975032515014,25,30,0
24,6185,6.595792459655006e-08,0.03999999652025102,0.04000247281763288,0.9199974647041914,25,30,0
24,6186,6.595792459655006e-08,0.03999999652025102,0.040002390330356616,0.9199975471914676,25,30,0
24,6187,6.595792459655006e-08,0.03999999652025102,0.04000230781908349,0.9199976297027409,25,30,0
24,6188,6.595792459655006e-08,0.03999999652025102,0.040002309853334285,0.9199976276684899,25,30,0
24,6189,6.595792459653282e-08,0.03999999652025102,0.04000230776324789,0.9199976297585764,25,30,0
24,6190,6.595792459653282e-08,0.03999999652025102,0.04000230772786886,0.9199976297939554,25,30,0
24,6191,6.595792459653282e-08,0.03999999652025102,0.04000230772786513,0.9199976297939592,25,30,0
24,6192,6.595792459653282e-08,0.03999999652025102,0.04000230772785761,0.9199976297939666,25,30,0
24,6193,6.595792459653282e-08,0.03999999652025102,0.04000230775263303,0.9199976297691913,25,30,0
24,6194,6.595792459653282e-08,0.03999999652025102,0.040002390275152594,0.9199975472466719,25,30,0
24,6195,6.595792459653282e-08,0.03999999652025102,0.04000239227279979,0.9199975452490249,25,30,0
24,6196,6.595792459653282e-08,0.03999960942638147,0.040002779366669336,0.9199975452490249,25,30,0
24,6197,6.595792459653282e-08,0.03999960942638147,0.040002777359032786,0.9199975472566614,25,30,0
24,6198,6.595792459653713e-08,0.03999960942638147,0.040002803483532565,0.9199975211321616,25,30,0
24,6199,6.595792459653713e-08,0.03999960942638147,0.040002804943178656,0.9199975196725155,25,30,0
24,6200,6.595792459653713e-08,0.03999960942638147,0.04000292085719516,0.9199974037584991,25,30,0
24,6201,6.595792459653713e-08,0.03999960942638147,0.040002920831810986,0.9199974037838833,25,30,0
24,6202,6.595792459653713e-08,0.03999960942638147,0.04000296086213205,0.9199973637535621,25,30,0
24,6203,6.595792459653713e-08,0.03999960942638147,0.040002958127625526,0.9199973664880687,25,30,0
24,6204,6.595792459653713e-08,0.03999960942638147,0.040002958820353963,0.9199973657953403,25,30,0
24,6205,6.595792459653713e-08,0.03999960942638147,0.0400029592757172,0.919997365339977,25,30,0
24,6206,6.595792459653713e-08,0.03999960942638147,0.0400029572177469,0.9199973673979475,25,30,0
24,6207,6.595792459653713e-08,0.03999960942638147,0.04000295676175807,0.9199973678539363,25,30,0
24,6208,6.595792459653713e-08,0.03999960942638147,0.04000291682750014,0.9199974077881942,25,30,0
24,6209,6.595792459653713e-08,0.039999996401328064,0.040002529852553564,0.9199974077881942,25,30,0
24,6210,6.595792459653713e-08,0.039999996401328064,0.04000253188575874,0.919997405754989,25,30,0
24,6211,6.595792459653713e-08,0.039999996401328064,0.04000253332141725,0.9199974043193305,25,30,0
24,6212,6.595792459653714e-08,0.03999960942632981,0.04000292029641547,0.9199974043193305,25,30,0
24,6213,6.595792459653714e-08,0.03999960942632981,0.040002920296238254,0.9199974043195078,25,30,0
24,6214,6.595792459653713e-08,0.04000000586841524,0.04000252385415285,0.9199974043195077,25,30,0
24,6215,6.595792459653713e-08,0.04000000586841524,0.040002523854358436,0.9199974043193022,25,30,0
24,6216,6.595792459653713e-08,0.04000000586841524,0.04000913006069804,0.9199907981129626,25,30,0
24,6217,6.595792459653713e-08,0.04000000586841524,0.04000924591721109,0.9199906822564494,25,30,0
24,6218,6.595792459653713e-08,0.04000000586841524,0.040009205887095015,0.9199907222865655,25,30,0
24,6219,6.595792459654145e-08,0.04000000586841953,0.04000921249371449,0.9199907156799418,25,30,0
24,6220,6.595792459654145e-08,0.04000000586841953,0.04000909656783349,0.9199908316058227,25,30,0
24,6221,6.595792459654145e-08,0.04000000586841953,0.04000909656819835,0.9199908316054579,25,30,0
24,6222,6.595792459654145e-08,0.04000000586841953,0.040009097900177225,0.9199908302734789,25,30,0
24,6223,6.595792459654145e-08,0.04000000586841953,0.04000910076014433,0.9199908274135119,25,30,0
24,6224,6.595792459654145e-08,0.04000000586841953,0.04000909933572751,0.9199908288379285,25,30,0
24,6225,3.8737992718937845e-18,0.04001013629206902,0.03999903487000522,0.9199908288379257,25,30,0
24,6226,3.873799272301952e-18,0.04001013629206902,0.039999034882512385,0.9199908288254187,25,30,0
24,6227,3.873799249446527e-18,0.04001013629206902,0.04000219659436247,0.9199876671135686,25,30,0
24,6228,3.873799342590654e-18,0.04001013629206902,0.04000223655393229,0.9199876271539987,25,30,0
24,6229,3.873799342182118e-18,0.04001013629206902,0.04000223588749258,0.9199876278204384,25,30,0
24,6230,3.873799342210915e-18,0.04001013629206902,0.040002153847028196,0.9199877098609028,25,30,0
24,6231,3.8737993438455265e-18,0.04001013629206902,0.04000218231989168,0.9199876813880394,25,30,0
24,6232,3.873799343845529e-18,0.04001013629206902,0.04000218231929509,0.9199876813886361,25,30,0
24,6233,3.87380067278304e-18,0.04001013629206902,0.04000226484225095,0.91998759886568,25,30,0
24,6234,3.873800674410607e-18,0.04001013629206902,0.04000226334359102,0.91998760036434,25,30,0
24,6235,3.87379943823714e-18,0.04001013629206902,0.04000226333125536,0.9199876003766758,25,30,0
24,6236,3.8737994398712496e-18,0.04001013629206902,0.04000226332174872,0.9199876003861824,25,30,0
24,6237,3.8737994382376465e-18,0.04001013629206902,0.040002264743354735,0.9199875989645764,25,30,0
24,6238,3.8737993450720404e-18,0.04001013629206902,0.040002263881986605,0.9199875998259445,25,30,0
24,6239,4.081265947891604e-18,0.040010136292069086,0.046251846533322746,0.9137380171746083,25,30,0
24,6240,4.081265947891483e-18,0.040010136292069086,0.04625184653332572,0.9137380171746053,25,30,0
24,6241,4.076952210333201e-18,0.040010136292069086,0.04625181897478787,0.9137380447331431,25,30,0
24,6242,4.076952210333333e-18,0.040010136292069086,0.04625181897583342,0.9137380447320976,25,30,0
24,6243,4.076950882695181e-18,0.040010136292069086,0.046249539382874884,0.9137403243250559,25,30,0
24,6244,3.8695599553246546e-18,0.04001013629206902,0.04000220040291227,0.9199876633050187,25,30,0
24,6245,3.8652462263715345e-18,0.04001013629206473,0.04000207791417453,0.9199877857937608,25,30,0
24,6246,3.8855886403414725e-18,0.03957387919096429,0.04043833501527324,0.9199877857937624,25,30,0
24,6247,3.8812749024907364e-18,0.03957387919096429,0.040438294996598956,0.9199878258124368,25,30,0
24,6248,3.88128021168255e-18,0.03957387919096429,0.0404382945666775,0.9199878262423582,25,30,0
24,6249,3.8812749024620655e-18,0.03957387919096429,0.0404382954877548,0.9199878253212809,25,30,0
24,6250,3.881577621206651e-18,0.03957387919096429,0.040438296012504614,0.9199878247965312,25,30,0
24,6251,3.881577644498867e-18,0.03957387919096429,0.040438294591370785,0.919987826217665,25,30,0
24,6252,3.8815775521434574e-18,0.03957387919096429,0.04043821347113707,0.9199879073378986,25,30,0
24,6253,3.881577552142961e-18,0.03957387919096429,0.040438213436519994,0.9199879073725158,25,30,0
24,6254,3.88157757542952e-18,0.03957387919096429,0.04043821349673131,0.9199879073123044,25,30,0
24,6255,3.881274856691718e-18,0.03957387919096429,0.0404382529671137,0.9199878678419221,25,30,0
24,6256,3.881276184405455e-18,0.03957387919096429,0.0404382549861497,0.919987865822886,25,30,0
24,6257,4.127159237709294e-18,0.03957387919096429,0.040438293658103516,0.9199878271509321,25,30,0
24,6258,4.127159330882066e-18,0.03957387919096429,0.040438295105123895,0.9199878257039118,25,30,0
24,6259,4.127159329276005e-18,0.03957387919096429,0.04043829601771251,0.9199878247913233,25,30,0
24,6260,4.127158001562769e-18,0.03957387919096429,0.04043829398840084,0.919987826820635,25,30,0
24,6261,4.127158001562759e-18,0.03957387919096429,0.04043829257629399,0.9199878282327417,25,30,0
24,6262,4.1271633107828734e-18,0.03957387919096429,0.04043829260007209,0.9199878282089635,25,30,0
24,6263,4.1271633091481356e-18,0.03957387919096429,0.04043829165118946,0.9199878291578462,25,30,0
24,6264,4.127163309183974e-18,0.03957387919096429,0.04043829237780593,0.9199878284312297,25,30,0
24,6265,4.127163308753856e-18,0.03957387919096429,0.04043675211877691,0.9199893686902585,25,30,0
24,6266,4.127163308790071e-18,0.03957387919096429,0.04043678059141775,0.9199893402176177,25,30,0
24,6267,4.127163312066321e-18,0.03957387919096429,0.040438403492036104,0.9199877173169994,25,30,0
24,6268,4.127163313672264e-18,0.03957387919096429,0.04043843192901766,0.9199876888800178,25,30,0
24,6269,4.127163315306759e-18,0.03957387919096429,0.04043843337574257,0.9199876874332931,25,30,0
24,6270,4.127158004451662e-18,0.03957387919096429,0.04043843333468878,0.9199876874743468,25,30,0
24,6271,4.127158095978994e-18,0.03957387919096429,0.0404431081706784,0.9199830126383572,25,30,0
24,6272,4.127158096387521e-18,0.03957387919096429,0.040443110220945606,0.9199830105880901,25,30,0
24,6273,4.1271593309290286e-18,0.03957387919096429,0.040443109511819786,0.9199830112972158,25,30,0
24,6274,4.127159330893314e-18,0.03957387919096429,0.0404431075038942,0.9199830133051414,25,30,0
24,6275,4.127159355791462e-18,0.03957387919096429,0.04044472899493028,0.9199813918141053,25,30,0
24,6276,4.127159332907017e-18,0.03957387919096429,0.040444729705626806,0.9199813911034087,25,30,0
24,6277,4.1271593096143e-18,0.03957387919096429,0.04044472964508944,0.9199813911639463,25,30,0
24,6278,4.127159307972777e-18,0.03957387919096429,0.040443106787844,0.9199830140211916,25,30,0
24,6279,4.127159307972645e-18,0.03957387919096429,0.040443106761848105,0.9199830140471876,25,30,0
24,6280,4.127083632523465e-18,0.03957387919096429,0.04044086312592622,0.9199852576831095,25,30,0
24,6281,4.127083631706411e-18,0.03957387919096429,0.0404408624242485,0.9199852583847873,25,30,0
24,6282,4.127083724878299e-18,0.03957387919096429,0.040440862449553354,0.9199852583594823,25,30,0
24,6283,4.1270837248715184e-18,0.03957387919096429,0.04044086091480467,0.919985259894231,25,30,0
24,6284,1.6085521989481347e-12,0.03956392047149697,0.04045081963266039,0.9199852598942339,25,30,0
24,6285,1.6085521989480649e-12,0.03956392047149697,0.040446117034196725,0.9199899624926975,25,30,0
24,6286,1.6086082543931124e-12,0.03956392047150126,0.04044873810780987,0.91998734141908,25,30,0
24,6287,1.6086082543931124e-12,0.03956392047150126,0.04044869811225377,0.9199873814146362,25,30,0
24,6288,1.6086082543944436e-12,0.03956392047150126,0.04044869880945913,0.9199873807174308,25,30,0
24,6289,1.608608254394444e-12,0.03956392047150126,0.04044870034380823,0.9199873791830818,25,30,0
24,6290,1.6086082543932059e-12,0.03956392047150126,0.04044869968243443,0.9199873798444557,25,30,0
24,6291,1.6086082543932055e-12,0.03956392047150126,0.04044869762383525,0.9199873819030548,25,30,0
24,6292,1.6086082543932069e-12,0.03956392047150126,0.040448669211200654,0.9199874103156894,25,30,0
24,6293,1.6086082543932303e-12,0.03956392047150126,0.04044871065582626,0.9199873688710639,25,30,0
24,6294,1.6086082340509256e-12,0.03999962508699799,0.04001300604033124,0.9199873688710621,25,30,0
24,6295,1.6086082340509256e-12,0.03999962508699799,0.04001300533990291,0.9199873695714905,25,30,0
24,6296,1.6086082340509242e-12,0.03999962508699799,0.040013004593775964,0.9199873703176173,25,30,0
24,6297,1.6086082340510175e-12,0.03999962508699799,0.04001308709838681,0.9199872878130065,25,30,0
24,6298,1.6086082340509244e-12,0.03999962508699799,0.0400130059977452,0.9199873689136482,25,30,0
24,6299,1.608608234050924e-12,0.03999962508699799,0.04001300599752689,0.9199873689138665,25,30,0
24,6300,1.608608234050924e-12,0.03999962508699799,0.040013006032321566,0.9199873688790718,25,30,0
24,6301,1.6086082340509472e-12,0.03999962508699799,0.040013006519372264,0.9199873683920211,25,30,0
24,6302,1.6086082340509698e-12,0.03999962508699799,0.040008679870328044,0.9199916950410655,25,30,0
24,6303,1.6086082340509698e-12,0.03999962508699799,0.0400086798704817,0.9199916950409118,25,30,0
24,6304,1.6086082340561867e-12,0.039999625086998065,0.0400152860825751,0.9199850888288184,25,30,0
24,6305,1.6086079881731334e-12,0.039999625086998065,0.04001524541265135,0.919985129498742,25,30,0
24,6306,1.6086079881731101e-12,0.039999625086998065,0.04001524396295622,0.919985130948437,25,30,0
24,6307,1.6086079881732032e-12,0.039999625086998065,0.04001524242960462,0.9199851324817888,25,30,0
24,6308,1.6086079881731118e-12,0.039999625086998065,0.040015242429166833,0.9199851324822265,25,30,0
24,6309,1.6086079881731132e-12,0.039999625086998065,0.04001527086657658,0.9199851040448166,25,30,0
24,6310,1.6086079881730916e-12,0.039999625086998065,0.04001527041519043,0.9199851044962029,25,30,0
24,6311,1.6086079882487677e-12,0.039999625086998065,0.04001689259212033,0.9199834823192728,25,30,0
24,6312,1.608607988248766e-12,0.039999625086998065,0.040016864154704165,0.919983510756689,25,30,0
24,6313,1.6086079882487679e-12,0.03999962508699807,0.04001697935065237,0.919983395560741,25,30,0
24,6314,1.6086079882487683e-12,0.03999962508699807,0.04001694080354359,0.9199834341078497,25,30,0
24,6315,1.608607988248776e-12,0.0399997844144729,0.040016781476068734,0.9199834341078497,25,30,0
24,6316,1.608607988248776e-12,0.0399997844144729,0.04001678124853485,0.9199834343353838,25,30,0
24,6317,5.619090470333986e-17,0.04001952285237999,0.03999704281223903,0.919983434335381,25,30,0
24,6318,5.619090470494579e-17,0.04001952285237999,0.03999704233873633,0.9199834348088836,25,30,0
24,6319,5.619090461180169e-17,0.04001952285237999,0.040003647132750314,0.9199768300148695,25,30,0
24,6320,5.619090806785819e-17,0.04001952285238004,0.05397351573401268,0.9060069614136073,25,30,0
24,6321,5.6190908069464e-17,0.04001952285238004,0.05396702540935904,0.9060134517382609,25,30,0
24,6322,5.619090807109849e-17,0.04001952285238004,0.05396702543474783,0.9060134517128721,25,30,0
24,6323,5.619090676504714e-17,0.04001952285238004,0.053966909560918576,0.9060135675867014,25,30,0
24,6324,5.619090676708322e-17,0.04001952285238004,0.053966985484058635,0.9060134916635613,25,30,0
24,6325,5.619090667391032e-17,0.04001952285238004,0.05396698498438783,0.9060134921632321,25,30,0
24,6326,5.61909080014612e-17,0.04001952285238004,0.053971688284384645,0.9060087888632353,25,30,0
24,6327,5.619090799942513e-17,0.04001952285238004,0.05397157240226216,0.9060089047453578,25,30,0
24,6328,5.619090799779103e-17,0.04001952285238004,0.05397157234197167,0.9060089048056483,25,30,0
24,6329,5.619083232281619e-17,0.04001952285238004,0.05396995147010996,0.90601052567751,25,30,0
24,6330,5.61908323211817e-17,0.04001952285238004,0.053969991404149126,0.9060104857434708,25,30,0
24,6331,5.619083232121038e-17,0.04001952285238004,0.05397001890339311,0.9060104582442269,25,30,0
24,6332,5.619083232287353e-17,0.04001952285238004,0.053970102843372676,0.9060103743042472,25,30,0
24,6333,5.619083232288057e-17,0.04001952285238004,0.05397010484134286,0.9060103723062771,25,30,0
24,6334,5.619083232288107e-17,0.04001952285238004,0.05397010351811653,0.9060103736295033,25,30,0
24,6335,5.619083234452918e-17,0.04001952285238011,0.05397670772701343,0.9060037694206063,25,30,0
24,6336,5.619083241441218e-17,0.04001952285238004,0.053970102959167744,0.9060103741884522,25,30,0
24,6337,5.619083229737783e-17,0.0400199066197546,0.05396971919179323,0.9060103741884522,25,30,0
24,6338,5.619083229612319e-17,0.0400199066197546,0.053969675211244655,0.9060104181690007,25,30,0
24,6339,5.619082698614521e-17,0.04001990661975453,0.05396307097157135,0.9060170224086741,25,30,0
24,6340,1.1614274679450398e-09,0.039999990368819474,0.05398298606107887,0.9060170224086741,25,30,0
24,6341,1.1614274118939084e-09,0.039999990368815186,0.05398036497599545,0.9060196434937621,25,30,0
24,6342,1.1614274118939084e-09,0.039999990368815186,0.053980364915365016,0.9060196435543924,25,30,0
24,6343,1.1614274118895947e-09,0.039999990368815186,0.053985348230463644,0.9060146602392938,25,30,0
24,6344,1.1614274118895947e-09,0.039999990368815186,0.053985308235983576,0.9060147002337738,25,30,0
24,6345,1.161427411889595e-09,0.039999447409288715,0.05398585119551008,0.9060147002337738,25,30,0
24,6346,1.1614274118895953e-09,0.03999944740928879,0.054358956263282604,0.9056415951660013,25,30,0
24,6347,1.1614274118895949e-09,0.03999999981527587,0.05435840385729551,0.9056415951660013,25,30,0
24,6348,2.6608015400415324e-19,0.04001990916839758,0.054338495665601234,0.9056415951660013,25,30,0
24,6349,2.660814817174578e-19,0.04001990916839758,0.054338495724931525,0.905641595106671,25,30,0
24,6350,2.660828077966525e-19,0.04001990916839758,0.05433849577110985,0.9056415950604925,25,30,0
24,6351,2.660827146237572e-19,0.04001990916839758,0.054338494288099115,0.9056415965435032,25,30,0
24,6352,2.660826913592121e-19,0.04001990916839758,0.05433849427145217,0.9056415965601502,25,30,0
24,6353,2.6608269299331034e-19,0.04001990916839758,0.054338494771312515,0.9056415960602899,25,30,0
24,6354,2.6608800384798223e-19,0.04001990916839758,0.054338494577946,0.9056415962536565,25,30,0
24,6355,2.660826929929375e-19,0.04001990916839758,0.05433849410533254,0.90564159672627,25,30,0
24,6356,2.6607923693645286e-19,0.040019909168397524,0.04036862550449399,0.9196114653271086,25,30,0
24,6357,2.660793301162532e-19,0.040019909168397524,0.04036874142228947,0.919611349409313,25,30,0
24,6358,2.660793284821474e-19,0.040019909168397524,0.04036871390623231,0.9196113769253702,25,30,0
24,6359,2.3145783068651536e-09,0.04000000281530292,0.040387773169729,0.9196122217003897,25,30,0
24,6360,2.3145783068651536e-09,0.04000000281530292,0.04038777119715904,0.9196122236729596,25,30,0
24,6361,2.3145783068651536e-09,0.04000000281530292,0.040387772520391045,0.9196122223497275,25,30,0
24,6362,2.3145783068652293e-09,0.04000000281530292,0.04038788772791338,0.9196121071422053,25,30,0
24,6363,2.3145783068651536e-09,0.04000000281530292,0.04038777384299459,0.919612221027124,25,30,0
24,6364,2.3145783068651536e-09,0.04000000281530292,0.04038777391389417,0.9196122209562246,25,30,0
24,6365,2.3145783068651536e-09,0.04000000281530292,0.040387849836794824,0.919612145033324,25,30,0
24,6366,2.3145783068651536e-09,0.04000000281530292,0.0403855722770274,0.9196144225930913,25,30,0
24,6367,2.3145783068651536e-09,0.04000000281530285,0.04001246724492969,0.9199875276251892,25,30,0
24,6368,2.3145783068694674e-09,0.04000000281530285,0.04001244084931153,0.9199875540208073,25,30,0
24,6369,2.3145783068694674e-09,0.04000000281530285,0.040012440849735584,0.9199875540203831,25,30,0
24,6370,2.3145783068694674e-09,0.04000000281530285,0.04001243882860443,0.9199875560415144,25,30,0
24,6371,2.3145783068694674e-09,0.04000000281530285,0.040017142116750865,0.919982852753368,25,30,0
24,6372,2.3145783068694674e-09,0.04000000281530285,0.04001551924195452,0.9199844756281643,25,30,0
24,6373,2.3145783068694674e-09,0.04000000281530285,0.040015519207340144,0.9199844756627787,25,30,0
24,6374,2.3145783068694678e-09,0.04000000281530285,0.040015548170740746,0.9199844466993781,25,30,0
24,6375,1.5178600435659288e-17,0.04000034917868063,0.04001604838412934,0.91998360243719,25,30,0
24,6376,1.5178600435695132e-17,0.04000034917868063,0.04001832594386953,0.9199813248774498,25,30,0
24,6377,1.5178600460185233e-17,0.04000034917868063,0.0400183658780515,0.9199812849432679,25,30,0
24,6378,1.5178676232671067e-17,0.04000034917868063,0.04001836654607535,0.919981284275244,25,30,0
24,6379,1.517860048307031e-17,0.04000034917868063,0.040018367840570314,0.919981282980749,25,30,0
24,6380,1.517860048143597e-17,0.04000034917868063,0.04001176163378806,0.9199878891875314,25,30,0
24,6381,1.5178599153885447e-17,0.04000034917868063,0.040007058376827394,0.919992592444492,25,30,0
24,6382,1.517859915225072e-17,0.04000034917868063,0.04000705932430477,0.9199925914970147,25,30,0
24,6383,1.517859915224306e-17,0.04000034917868063,0.04000705934883466,0.9199925914724848,25,30,0
24,6384,1.5178599139746394e-17,0.04000034917868063,0.040007175226496265,0.9199924755948232,25,30,0
24,6385,1.5178598953802228e-17,0.04000034917868063,0.0400071482994346,0.9199925025218847,25,30,0
24,6386,1.5178598953859824e-17,0.04000034917868063,0.040007146869191434,0.919992503952128,25,30,0
24,6387,1.5178598953487632e-17,0.04000034917868063,0.040007146843835176,0.9199925039774841,25,30,0
24,6388,1.5178598953488135e-17,0.04000034917868063,0.040007146878879254,0.9199925039424403,25,30,0
24,6389,1.5178598953488138e-17,0.04000034917868063,0.04000714891146183,0.9199925019098578,25,30,0
24,6390,1.517859895509408e-17,0.04000034917868063,0.040007148876240246,0.9199925019450792,25,30,0
24,6391,1.517859897833687e-17,0.04000034917868063,0.04000715091634506,0.9199924999049744,25,30,0
24,6392,1.5178598980379626e-17,0.04000034917868063,0.040007179389462216,0.9199924714318573,25,30,0
24,6393,1.6162078017679476e-17,0.04000034917868063,0.04000926775495687,0.9199903830663626,25,30,0
24,6394,1.61620780176723e-17,0.04000034917868063,0.0400092677188521,0.9199903831024673,25,30,0
24,6395,1.616207801603782e-17,0.04000034917868063,0.04000915383469681,0.9199904969866227,25,30,0
24,6396,1.6162078014432007e-17,0.04000034917868063,0.0400091528864374,0.9199904979348823,25,30,0
24,6397,1.6162078014431874e-17,0.04000034917868063,0.0400091528513741,0.9199904979699456,25,30,0
24,6398,1.6162078014438915e-17,0.04000034917868063,0.04000923487542757,0.9199904159458921,25,30,0
24,6399,1.6162078014468088e-17,0.04000034917868063,0.04000923333023847,0.9199904174910813,25,30,0
24,6400,1.6162078014059562e-17,0.04000034917868063,0.0400092333296208,0.9199904174916989,25,30,0
24,6401,1.61577642850229e-17,0.04000034917868063,0.04000914384697216,0.9199905069743476,25,30,0
24,6402,1.615776295733777e-17,0.04000034917868063,0.04000914378793372,0.9199905070333859,25,30,0
24,6403,1.615776295533035e-17,0.04000034917868063,0.04000911731323248,0.9199905335080872,25,30,0
24,6404,1.6157762955302303e-17,0.04000034917868063,0.04000911735659487,0.9199905334647248,25,30,0
24,6405,1.6157762955302876e-17,0.03999979664510629,0.04000966989016921,0.9199905334647248,25,30,0
24,6406,1.6157762955302876e-17,0.03999979664510629,0.040009667857769486,0.9199905354971244,25,30,0
24,6407,1.61577629552742e-17,0.03999979664510629,0.04000966785733496,0.919990535497559,25,30,0
24,6408,1.6157762955274807e-17,0.03999979664510629,0.040009667893005266,0.9199905354618886,25,30,0
24,6409,1.6157762955275312e-17,0.03999979664510629,0.040009665920420684,0.9199905374344732,25,30,0
24,6410,1.615776295527147e-17,0.03999979664510629,0.04000978176704784,0.919990421587846,25,30,0
24,6411,1.6157762976930077e-17,0.03999979664510629,0.040009783241296136,0.9199904201135978,25,30,0
24,6412,1.615776295363686e-17,0.03999979664510629,0.0400097812332663,0.9199904221216276,25,30,0
24,6413,1.6157763046800908e-17,0.03999979664510637,0.040016385472939564,0.9199838178819545,25,30,0
24,6414,2.3028506545349767e-09,0.03999944722651162,0.04001589241171649,0.9199846580589213,25,30,0
24,6415,2.3028506545349767e-09,0.03999944722651162,0.04001589239357641,0.9199846580770614,25,30,0
24,6416,2.302850654534978e-09,0.03999944722651162,0.0400136153334177,0.9199869351372199,25,30,0
24,6417,2.302850654534978e-09,0.03999944722651162,0.04001353354655808,0.9199870169240795,25,30,0
24,6418,2.3028506545350537e-09,0.03999944722651162,0.040013588557097954,0.9199869619135397,25,30,0
24,6419,2.3028506545350537e-09,0.03999944722651162,0.040013671090606884,0.9199868793800308,25,30,0
24,6420,2.3028506545350537e-09,0.03999944722651162,0.04001367112519499,0.9199868793454427,25,30,0
24,6421,2.3028506545350524e-09,0.03999944722651162,0.04001366862807495,0.9199868818425627,25,30,0
24,6422,2.3028506545350578e-09,0.03999944722651162,0.04001366914540154,0.9199868813252361,25,30,0
24,6423,2.3028506545350578e-09,0.03999944722651162,0.04001374506794473,0.919986805402693,25,30,0
24,6424,2.3028506545350578e-09,0.03999944722651162,0.04001374503242049,0.9199868054382172,25,30,0
24,6425,2.3028506545350578e-09,0.03999944722651162,0.04001374503271216,0.9199868054379254,25,30,0
24,6426,2.3028506545350578e-09,0.03999944722651162,0.04001371705914291,0.9199868334114947,25,30,0
24,6427,2.3028506545350578e-09,0.03999944722651162,0.04001371905667091,0.9199868314139666,25,30,0
24,6428,2.302850654780901e-09,0.0399994472265117,0.04002032328473778,0.9199802271858998,25,30,0
24,6429,2.302850654780901e-09,0.0399994472265117,0.04002024077618678,0.9199803096944507,25,30,0
24,6430,2.302850654781203e-09,0.0399994472265117,0.040020240502680736,0.9199803099679568,25,30,0
24,6431,2.302850654781203e-09,0.0399994472265117,0.040020240458872855,0.9199803100117647,25,30,0
24,6432,2.302850654781203e-09,0.0399994472265117,0.040020240450122875,0.9199803100205146,25,30,0
24,6433,2.302850654781203e-09,0.0399994472265117,0.04002023997599444,0.919980310494643,25,30,0
24,6434,2.302850654781203e-09,0.03999999035830213,0.04001969684420399,0.919980310494643,25,30,0
24,6435,2.302850654781203e-09,0.03999999035830213,0.04001499357920966,0.9199850137596374,25,30,0
24,6436,2.302850654781203e-09,0.03999999035830213,0.04001969484623815,0.9199803124926089,25,30,0
24,6437,2.302850654781203e-09,0.03999999035830213,0.040019694811005826,0.9199803125278412,25,30,0
24,6438,2.302850654781203e-09,0.03999999035830213,0.04001972325912791,0.919980284079719,25,30,0
24,6439,2.302850654781203e-09,0.039999990358302054,0.04001323290360212,0.9199867744352449,25,30,0
24,6440,2.302850655764736e-09,0.039999990358302054,0.04001323391360725,0.9199867734252397,25,30,0
24,6441,2.302850655518893e-09,0.03999999035830198,0.040006627628519906,0.9199933797103271,25,30,0
24,6442,2.302850655518893e-09,0.03999999035830198,0.04000662763897859,0.9199933796998685,25,30,0
24,6443,2.302850655518893e-09,0.03999999035830198,0.04000662758940059,0.9199933797494465,25,30,0
24,6444,2.302850655518893e-09,0.039999990355370725,0.04000662759233186,0.9199933797494465,25,30,0
24,6445,2.302850655518893e-09,0.039999990355370725,0.040008715353618156,0.9199912919881602,25,30,0
24,6446,2.3028506545353605e-09,0.039999990355370725,0.0400086859311581,0.9199913214106203,25,30,0
24,6447,2.3028506545353605e-09,0.039999990355370725,0.04000868595534622,0.9199913213864321,25,30,0
24,6448,2.3028506545353605e-09,0.039999990355370725,0.04000857003820874,0.9199914373035698,25,30,0
24,6449,2.3028506535518817e-09,0.039999990355370725,0.040012971997689196,0.919987035344089,25,30,0
24,6450,2.3028506535521844e-09,0.039999990355370725,0.040012973462556174,0.9199870338792221,25,30,0
24,6451,2.3028506535521844e-09,0.039999990355370725,0.040012976189126845,0.9199870311526515,25,30,0
24,6452,2.3028506535521844e-09,0.039999990355370725,0.04001301615839532,0.9199869911833829,25,30,0
24,6453,2.3028506535521844e-09,0.039999990355370725,0.04001301615785376,0.9199869911839245,25,30,0
24,6454,2.30285065355219e-09,0.03999944275440828,0.04001356375881448,0.9199869911839262,25,30,0
24,6455,2.302850653552192e-09,0.03999944275440828,0.040013563830597204,0.9199869911121437,25,30,0
24,6456,2.302850653552192e-09,0.03999944275440828,0.04001356383014747,0.9199869911125934,25,30,0
24,6457,2.302850653552192e-09,0.03999944275440828,0.0400089005500371,0.9199916543927038,25,30,0
24,6458,2.302850653552192e-09,0.03999944275440828,0.040008900514369936,0.9199916544283709,25,30,0
24,6459,2.302850653552192e-09,0.03999944275440828,0.040008900978436,0.9199916539643048,25,30,0
24,6460,2.302850653552116e-09,0.03999944275440828,0.04000884552860388,0.919991709414137,25,30,0
24,6461,2.302850653552115e-09,0.03999944275440828,0.04000872961128207,0.9199918253314588,25,30,0
24,6462,2.302850653552115e-09,0.03999944275440828,0.04000875810914115,0.9199917968335997,25,30,0
24,6463,2.302850653552115e-09,0.03999944275440828,0.04000655446484495,0.9199940004778963,25,30,0
24,6464,2.302850653552115e-09,0.03999944275440828,0.04000655222901466,0.9199940027137263,25,30,0
24,6465,2.302850653552115e-09,0.03999944275440828,0.0400065122447515,0.9199940426979895,25,30,0
24,6466,2.302850653552115e-09,0.03999944275440828,0.04000651421733303,0.919994040725408,25,30,0
24,6467,2.3028506535521096e-09,0.03999944275440828,0.040006629617183445,0.9199939253255575,25,30,0
24,6468,2.3028506535521096e-09,0.03999944275440828,0.04000674565954843,0.9199938092831924,25,30,0
24,6469,2.3028506535521096e-09,0.03999944275440828,0.04000674363836092,0.91999381130438,25,30,0
24,6470,2.3028506535521096e-09,0.03999944275440828,0.04000662778163578,0.9199939271611052,25,30,0
24,6471,2.3028506535521096e-09,0.03999944275440828,0.04000666777564571,0.9199938871670952,25,30,0
24,6472,2.3028506535521096e-09,0.03999944275440828,0.04000674826619411,0.919993806676547,25,30,0
24,6473,2.3028506535521096e-09,0.03999944275440828,0.04000674965290127,0.9199938052898398,25,30,0
24,6474,2.3028506535521096e-09,0.03999944275440828,0.040000145444101486,0.9200004094986395,25,30,0
24,6475,2.3028506535521083e-09,0.03999944275440828,0.04000242496585428,0.9199981299768868,25,30,0
24,6476,2.3028506535521083e-09,0.03999944275440828,0.040002425632752976,0.9199981293099878,25,30,0
24,6477,2.3028506535521083e-09,0.03999944275440828,0.040002427605330286,0.9199981273374107,25,30,0
24,6478,2.3028506535521083e-09,0.03999944275440828,0.04000242901703825,0.919998125925703,25,30,0
24,6479,2.302850653552416e-09,0.03999944275440828,0.040007132088256944,0.9199934228544842,25,30,0
24,6480,2.3028506535524917e-09,0.03999944275440828,0.04000941118280062,0.9199911437599403,25,30,0
24,6481,2.3028506535524917e-09,0.03999944275440828,0.040009382684906086,0.9199911722578349,25,30,0
24,6482,2.3028506535524855e-09,0.040000000046178485,0.0400088253931376,0.9199911722578332,25,30,0
24,6483,2.302850653552178e-09,0.040000000046178485,0.0400041208750563,0.9199958767759145,25,30,0
24,6484,2.302850653552178e-09,0.040000000046178485,0.04000882413201683,0.9199911735189541,25,30,0
24,6485,2.302850653552178e-09,0.040000000046178485,0.04000412085708582,0.9199958767938852,25,30,0
24,6486,2.302850653552183e-09,0.040000000046178485,0.040268175958322834,0.919731821692648,25,30,0
24,6487,2.3028506535521828e-09,0.040000000046178485,0.04026817595726241,0.9197318216937085,25,30,0
24,6488,2.463192844251192e-19,0.039999999992150405,0.00035975588365375364,0.9596402441241958,25,30,0
24,6489,2.4624360862082616e-19,0.039999999992150405,0.00035751628468769903,0.9596424837231617,25,30,0
24,6490,2.4624360861414886e-19,0.039999999992150405,0.000357476290045787,0.9596425237178036,25,30,0
24,6491,2.462436086147476e-19,0.0399999903013786,0.00035748598081758253,0.9596425237178036,25,30,0
24,6492,2.4624363190797095e-19,0.0399999903013786,0.0003574880495221277,0.9596425216490991,25,30,0
24,6493,2.462436319074657e-19,0.0399999903013786,0.00035748802456543843,0.959642521674056,25,30,0
24,6494,2.459410063404451e-19,0.0399999903013786,0.0003574882630216905,0.9596425214355996,25,30,0
24,6495,2.45941006312271e-19,0.0399999903013786,0.00035748682338564874,0.9596425228752357,25,30,0
24,6496,2.4593573079068383e-19,0.0399999903013786,9.123465217425822e-05,0.959908775046447,25,30,0
24,6497,2.4593573078363806e-19,0.0399999903013786,9.123465155674737e-05,0.9599087750470646,25,30,0
24,6498,2.45935707490506e-19,0.0399999903013786,9.108064817496882e-05,0.9599089290504464,25,30,0
24,6499,2.459361517116384e-19,0.039999992925382546,9.107802417103907e-05,0.9599089290504464,25,30,0
24,6500,2.4593615167580265e-19,0.039999992925382546,9.107802383716141e-05,0.9599089290507802,25,30,0
24,6501,2.4593615170461447e-19,0.039999992925382546,9.107732358320818e-05,0.9599089297510343,25,30,0
24,6502,2.45936151704491e-19,0.039999992925382546,9.107728835077919e-05,0.9599089297862666,25,30,0
24,6503,2.4593747936436406e-19,0.039999992925386835,9.270222839122941e-05,0.959907304846222,25,30,0
24,6504,2.4593747980168584e-19,0.039999992925386835,9.270227732850262e-05,0.9599073047972847,25,30,0
24,6505,2.4593747980886946e-19,0.039999992925386835,9.270088999536703e-05,0.9599073061846177,25,30,0
24,6506,2.6319148840341616e-19,0.03999999292538691,9.498051883563785e-05,0.9599050265557775,25,30,0
24,6507,2.6319148636781876e-19,0.03999999292538691,9.501391258064615e-05,0.9599049931620324,25,30,0
24,6508,2.6288876763034406e-19,0.03999999292538691,9.501244772121758e-05,0.9599049946268922,25,30,0
24,6509,2.6288876722886037e-19,0.03999999292538691,9.501241108569919e-05,0.9599049946635274,25,30,0
24,6510,2.628887672293611e-19,0.03999999292538691,9.50124112704804e-05,0.9599049946633427,25,30,0
24,6511,2.6288874393664085e-19,0.03999999292538691,9.501036734728569e-05,0.959904996707266,25,30,0
24,6512,2.628887439078368e-19,0.03999999292538691,9.509289012096278e-05,0.9599049141844922,25,30,0
24,6513,2.456347353424705e-19,0.039999992925386835,9.281328621128222e-05,0.9599071937884021,25,30,0
24,6514,2.4563473534309915e-19,0.039999992925386835,9.281528418713334e-05,0.9599071917904263,25,30,0
24,6515,2.456347353431015e-19,0.039999992925386835,9.281528433325323e-05,0.9599071917902802,25,30,0
24,6516,2.456347353512661e-19,0.039999992925386835,9.277599111184146e-05,0.9599072310835015,25,30,0
24,6517,2.4563473535063724e-19,0.039999992925386835,9.277395809461417e-05,0.9599072331165188,25,30,0
24,6518,2.456347570091161e-19,0.039999992925386835,9.277552767613794e-05,0.9599072315469372,25,30,0
24,6519,2.456347570091073e-19,0.039999992925386835,9.277556257455682e-05,0.9599072315120388,25,30,0
24,6520,2.4563475700094274e-19,0.039999992925386835,9.281485579286052e-05,0.9599071922188205,25,30,0
24,6521,2.4563478031566247e-19,0.039999992925386835,9.27783422113605e-05,0.959907228732402,25,30,0
24,6522,2.456347803448342e-19,0.039999992925386835,9.277632609812033e-05,0.9599072307485151,25,30,0
24,6523,2.4563478034496636e-19,0.039999992925386835,9.277631644536577e-05,0.9599072307581679,25,30,0
24,6524,2.4563478034446114e-19,0.039999992925386835,9.277630829680072e-05,0.9599072307663163,25,30,0
24,6525,2.456347570584071e-19,0.039999992925386835,9.277494065131147e-05,0.9599072321339619,25,30,0
24,6526,2.456347803521323e-19,0.039999992925386835,9.27756504581386e-05,0.9599072314241552,25,30,0
24,6527,2.4563477994410017e-19,0.039999992925386835,9.26931356401248e-05,0.9599073139389731,25,30,0
24,6528,2.4563478035275203e-19,0.039999992925386835,9.269313548930062e-05,0.9599073139391239,25,30,0
24,6529,2.4563610500286755e-19,0.039999992925386835,0.00018498880831981584,0.9598150182662935,25,30,0
24,6530,2.456361050310419e-19,0.039999992925386835,0.000184990832589347,0.9598150162420238,25,30,0
24,6531,2.456361046228918e-19,0.039999992925386835,0.00018498879895653678,0.9598150182756565,25,30,0
24,6532,2.456361050310418e-19,0.039999992925386835,0.00018498880945066684,0.9598150182651624,25,30,0
24,6533,2.4563610503104396e-19,0.039999992925386835,0.000184906311281756,0.9598151007633315,25,30,0
24,6534,2.4563610503092917e-19,0.039999992925386835,0.00018493275071709687,0.9598150743238962,25,30,0
24,6535,2.456360118795362e-19,0.039999992925386835,0.000184932740430915,0.9598150743341823,25,30,0
24,6536,2.456360122595031e-19,0.039999992925386835,0.00018493269132888393,0.9598150743832844,25,30,0
24,6537,2.4563601185097593e-19,0.039999992925386835,0.00018493265609956282,0.9598150744185137,25,30,0
24,6538,2.4563601185097593e-19,0.039999992925386835,0.00018493313008207814,0.9598150739445311,25,30,0
24,6539,3.1674435576786758e-24,0.03999999292514269,9.423624616438027e-05,0.9599057708286931,25,30,0
24,6540,3.167414394773201e-24,0.03999999292514269,9.4236237401054e-05,0.9599057708374562,25,30,0
24,6541,8.47824513105946e-24,0.039999992925142766,9.43139755482985e-05,0.9599056930993091,25,30,0
24,6542,8.478271089410015e-24,0.039999992925142766,9.897728091735941e-05,0.95990102979394,25,30,0
24,6543,8.454956861806386e-24,0.039999992925142766,9.897583348189069e-05,0.9599010312413755,25,30,0
24,6544,8.456583810331575e-24,0.039999992925142766,9.897527257096781e-05,0.9599010318022863,25,30,0
24,6545,8.549756701460547e-24,0.039999992925142766,9.89473077725312e-05,0.9599010597670847,25,30,0
24,6546,8.551390934122721e-24,0.039999992925142766,9.894873016502679e-05,0.9599010583446922,25,30,0
24,6547,8.551390442002716e-24,0.039999992925142766,9.894874044008968e-05,0.9599010583344172,25,30,0
24,6548,8.574676621932395e-24,0.039999992925142766,9.895076164372807e-05,0.9599010563132135,25,30,0
24,6549,3.112696853718774e-22,0.039999992925142766,9.430299485585218e-05,0.9599057040800014,25,30,0
24,6550,3.112692691755414e-22,0.039999992925142766,9.418911071623634e-05,0.9599058179641411,25,30,0
24,6551,3.1126926915804524e-22,0.039999992925142766,9.418910239805858e-05,0.9599058179724592,25,30,0
24,6552,3.1003519033454167e-22,0.03999999292513847,9.25648640195252e-05,0.9599074422108421,25,30,0
24,6553,3.0472435947247787e-22,0.039999992925138395,9.248645021704252e-05,0.9599075206246447,25,30,0
24,6554,3.04724366641987e-22,0.039999992925138395,9.248648482634289e-05,0.9599075205900354,25,30,0
24,6555,6.074291658002307e-22,0.039999992925138395,2.428951461501256e-06,0.9599975781234003,25,30,0
24,6556,6.074291872907886e-22,0.039999992925138395,2.4289646024921385e-06,0.9599975781102593,25,30,0
24,6557,6.069869146083152e-22,0.03997758590286919,2.4835986871689493e-05,0.9599975781102593,25,30,0
24,6558,6.069869147317346e-22,0.03997758590286919,2.4835986882475722e-05,0.9599975781102486,25,30,0
24,6559,6.069869213981282e-22,0.03997758590286919,2.4837434214283537e-05,0.9599975766629167,25,30,0
24,6560,6.069869215304069e-22,0.03997758590286919,2.4953351556668044e-05,0.9599974607455742,25,30,0
24,6561,6.069868934795292e-22,0.03997758590286919,2.503584953195324e-05,0.9599973782475989,25,30,0
24,6562,9.076900025935327e-22,0.03997758590286919,0.0002913702557194576,0.9597310438414114,25,30,0
24,6563,9.075964210585272e-22,0.03997758590286919,0.0002913710013783181,0.9597310430957526,25,30,0
24,6564,9.076895867847164e-22,0.03997758590286919,0.00029137080029004105,0.9597310432968409,25,30,0
24,6565,6.049712655413369e-22,0.03997758590286919,0.0002913152921823402,0.9597310988049486,25,30,0
24,6566,6.048780936496593e-22,0.03997758590286919,0.0002913162398132774,0.9597310978573177,25,30,0
24,6567,6.04878094027031e-22,0.03997758590286919,0.0002912337416299635,0.959731180355501,25,30,0
24,6568,6.0487811553491765e-22,0.03997758590286919,0.00029111784924914103,0.9597312962478817,25,30,0
24,6569,3.7985444542631184e-22,0.03997758590286919,2.4899344227578784e-05,0.9599975147529033,25,30,0
24,6570,3.7985443888585027e-22,0.03997758590286919,2.4899817741076286e-05,0.9599975142793897,25,30,0
24,6571,3.798560733614737e-22,0.03997758590286919,2.4898283632744425e-05,0.9599975158134981,25,30,0
24,6572,3.799492459923505e-22,0.03997758590286919,2.501420125280764e-05,0.9599973998958781,25,30,0
24,6573,3.7997253871408496e-22,0.03997758590286919,2.5014261700086255e-05,0.9599973998354308,25,30,0
24,6574,3.799721515821582e-22,0.03997758590286919,2.5014234818543358e-05,0.9599973998623124,25,30,0
24,6575,7.594433628072607e-23,0.03997758590286919,2.277609605450514e-05,0.9599996380010763,25,30,0
24,6576,7.594270920638546e-23,0.03997758590286919,2.2774685960402154e-05,0.9599996394111706,25,30,0
24,6577,7.594271637573351e-23,0.03997758590286919,2.277538761140902e-05,0.9599996387095195,25,30,0
24,6578,7.59426876961192e-23,0.03997758590286919,2.2774889136037385e-05,0.9599996392079949,25,30,0
24,6579,7.594105358716353e-23,0.03997758590286919,2.2776335404258678e-05,0.9599996377617268,25,30,0
24,6580,7.584788108187394e-23,0.03997758590286919,2.266045284701172e-05,0.9599997536442839,25,30,0
24,6581,7.577797153417231e-23,0.03997758590286919,2.4939537964910838e-05,0.9599974745591661,25,30,0
24,6582,7.577838056381491e-23,0.0399775859028692,2.4979557799846178e-05,0.9599974345393311,25,30,0
24,6583,8.108923516597153e-23,0.0399775859028692,2.4979109685918242e-05,0.9599974349874449,25,30,0
24,6584,8.108919982457249e-23,0.0399775859028692,2.4978383396383526e-05,0.9599974357137345,25,30,0
24,6585,8.108925718143798e-23,0.0399775859028692,2.4976945029182865e-05,0.9599974371521017,25,30,0
24,6586,8.108925667863322e-23,0.0399775859028692,2.497690799199962e-05,0.9599974371891389,25,30,0
24,6587,8.118236549016686e-23,0.0399775859028692,2.5005371661201342e-05,0.9599974087254697,25,30,0
24,6588,4.3946786901614835e-21,0.0399775859028692,2.7283544597315228e-05,0.9599951305525336,25,30,0
24,6589,4.39467871883672e-21,0.0399775859028692,2.728354503201753e-05,0.9599951305520991,25,30,0
24,6590,4.3946554261238496e-21,0.0399775859028692,2.7283484838183056e-05,0.9599951306122928,25,30,0
24,6591,4.3946803534665124e-21,0.0399775859028692,2.7244174778781514e-05,0.9599951699223521,25,30,0
24,6592,4.3946807619965725e-21,0.0399775859028692,2.952229517866873e-05,0.9599928918019524,25,30,0
24,6593,4.394680762120105e-21,0.0399775859028692,2.9522307154450413e-05,0.9599928917899766,25,30,0
24,6594,4.394680768786306e-21,0.0399775859028692,2.9520895492977594e-05,0.9599928932016379,25,30,0
24,6595,9.836136481678086e-19,0.0399775859028692,2.7271792204292912e-05,0.9599951423049267,25,30,0
24,6596,8.127761700160688e-23,0.03997758590286919,2.7242747961570953e-05,0.9599951713491692,25,30,0
24,6597,8.125476230027306e-23,0.03997758590286919,2.496320730752798e-05,0.9599974508898234,25,30,0
24,6598,8.125312819319875e-23,0.03997758590286919,2.4962708397183608e-05,0.9599974513887338,25,30,0
24,6599,8.1253128310112e-23,0.03997758590286919,2.4846861954229213e-05,0.9599975672351768,25,30,0
24,6600,8.127644921635629e-23,0.03997758590286919,2.4846614925362575e-05,0.9599975674822057,25,30,0
24,6601,8.172651369816028e-23,0.03999985734585093,2.57517194363273e-06,0.9599975674822057,25,30,0
24,6602,8.17248793347445e-23,0.03999985734585093,2.9561481541566245e-07,0.9599998470393339,25,30,0
24,6603,3.8440843593198845e-22,0.03999985734585101,4.9997251387951514e-06,0.9599951429290104,25,30,0
24,6604,8.17248789485477e-23,0.03999985734585093,2.956145651350481e-07,0.9599998470395842,25,30,0
24,6605,8.170159301932462e-23,0.03999985734585093,2.9493981365581725e-07,0.9599998477143356,25,30,0
24,6606,8.170200167235069e-23,0.03999985734585093,2.949998199084873e-07,0.9599998476543291,25,30,0
24,6607,7.639114707007798e-23,0.03999985734585093,2.9498451823271345e-07,0.959999847669631,25,30,0
24,6608,7.636581057172908e-23,0.03999985734585093,2.9427409237794633e-07,0.9599998483800567,25,30,0
24,6609,7.627263724706035e-23,0.03999985734585093,3.8171879319799244e-07,0.9599997609353559,25,30,0
24,6610,7.617946484590308e-23,0.03999985734585093,3.8024667498315785e-07,0.9599997624074743,25,30,0
24,6611,7.61794725271499e-23,0.03999985734585093,3.8025605335907656e-07,0.959999762398096,25,30,0
24,6612,7.750718248900787e-23,0.03999985734585093,4.961480511989562e-07,0.9599996465060981,25,30,0
24,6613,7.750718186894455e-23,0.03999985734585093,4.96112561331754e-07,0.9599996465415878,25,30,0
24,6614,7.75071815092599e-23,0.03999985734585093,4.961121370232071e-07,0.9599996465420121,25,30,0
24,6615,7.750759054843544e-23,0.03999985734585093,4.970507305734396e-07,0.9599996456034185,25,30,0
24,6616,7.750756904727691e-23,0.03999985734585093,4.965752001850937e-07,0.9599996460789489,25,30,0
24,6617,7.750794940244028e-23,0.03999985734585093,4.945769388826079e-07,0.9599996480772103,25,30,0
24,6618,7.753123476157533e-23,0.03999985734585093,6.104594929994897e-07,0.9599995321946563,25,30,0
24,6619,7.750797040738359e-23,0.03999985734585093,4.950414006141932e-07,0.9599996476127487,25,30,0
24,6620,1.7332428726430022e-20,0.03999985734585093,6.055424050961701e-07,0.9599995371117441,25,30,0
24,6621,1.7332428726919897e-20,0.03999985734585093,4.896252476257708e-07,0.9599996530289014,25,30,0
24,6622,1.7332407061122993e-20,0.03999985734585093,4.90383041032086e-07,0.9599996522711081,25,30,0
24,6623,1.7332430002898244e-20,0.03999985734585093,5.188198897424526e-07,0.9599996238342594,25,30,0
24,6624,1.7332430031450005e-20,0.03999985734585093,6.01342825460989e-07,0.9599995413113237,25,30,0
24,6625,1.7333732961708263e-20,0.03999985734585521,9.287675425636687e-05,0.9599072658998885,25,30,0
24,6626,1.7333732933165328e-20,0.03999985734585521,9.279626433512652e-05,0.9599073463898098,25,30,0
24,6627,1.73337329049932e-20,0.03999985734585521,9.279625572534717e-05,0.9599073463984196,25,30,0
24,6628,1.733373289845274e-20,0.03999985734585521,9.279671914075455e-05,0.959907345935004,25,30,0
24,6629,1.7333733300053345e-20,0.03999985734585521,9.279874340777099e-05,0.9599073439107371,25,30,0
24,6630,1.7333732898192303e-20,0.03999985734585521,9.279871863400632e-05,0.9599073439355108,25,30,0
24,6631,1.7333711217947072e-20,0.03999985734585521,9.279672080347009e-05,0.9599073459333414,25,30,0
24,6632,1.7333711218317787e-20,0.03999985734585521,9.279472326797015e-05,0.9599073479308768,25,30,0
24,6633,1.7333711222013222e-20,0.03999985734585521,9.267934046284433e-05,0.959907463313682,25,30,0
24,6634,1.7333711229056796e-20,0.03999985734585521,9.267937551500907e-05,0.95990746327863,25,30,0
24,6635,1.7333711229308392e-20,0.03999985734585521,9.267932956965017e-05,0.9599074633245753,25,30,0
24,6636,1.7333734522029934e-20,0.03999985734585521,9.267936524763883e-05,0.9599074632888973,25,30,0
24,6637,1.7333728672084642e-20,0.039999415863533096,9.312084756805987e-05,0.959907463288899,25,30,0
24,6638,1.7333820612228235e-20,0.039999415863533096,9.317631041784767e-05,0.9599074078260493,25,30,0
24,6639,1.73351483248355e-20,0.039999415863533096,9.32163221610781e-05,0.9599073678143061,25,30,0
24,6640,1.7335147915802892e-20,0.039999415863533096,9.321627865557164e-05,0.9599073678578115,25,30,0
24,6641,1.7335148324195573e-20,0.039999415863533096,9.321630245158407e-05,0.9599073678340154,25,30,0
24,6642,1.7333820611041396e-20,0.039999415863533096,9.321721502928856e-05,0.9599073669214379,25,30,0
24,6643,1.7333485502477393e-20,0.03999999636343959,9.263671512448427e-05,0.9599073669214362,25,30,0
24,6644,1.7560524761825355e-20,0.03999999636343959,9.252368358933513e-05,0.9599074799529711,25,30,0
24,6645,1.7560524755536445e-20,0.03999999636343959,9.25236564946271e-05,0.9599074799800659,25,30,0
24,6646,1.7560617928428698e-20,0.03999999636343959,9.25222268518381e-05,0.9599074814097088,25,30,0
24,6647,1.7560508821150046e-20,0.03999999965767334,9.25189326180969e-05,0.9599074814097088,25,30,0
24,6648,1.7560508849315093e-20,0.03999999965767334,9.25579788745746e-05,0.9599074423634523,25,30,0
24,6649,1.7560508850195535e-20,0.03999999965767334,9.264050181780346e-05,0.959907359840509,25,30,0
24,6650,1.7566836981475244e-20,0.03999943764633923,9.320251315191241e-05,0.959907359840509,25,30,0
24,6651,1.7566836608036354e-20,0.03999943764633923,9.980672194493158e-05,0.9599007556317158,25,30,0
24,6652,1.7566836636700237e-20,0.03999943764633923,0.0001064129287103257,0.9598941494249505,25,30,0
24,6653,1.756683663619713e-20,0.03999943764633923,0.0001064129043741886,0.9598941494492866,25,30,0
24,6654,1.7566836635700775e-20,0.03999943764633923,0.00010641431694961326,0.9598941480367112,25,30,0
24,6655,1.756685949160426e-20,0.03999943764633923,0.0001063743574992162,0.9598941879961616,25,30,0
24,6656,1.764253902210448e-20,0.03999943764633923,0.00010645688169792921,0.959894105471963,25,30,0
24,6657,1.7566859906907234e-20,0.03999943764633923,0.00010857803579442862,0.9598919843178665,25,30,0
24,6658,1.7566883228798757e-20,0.03999943764633923,0.00010858104253276793,0.9598919813111282,25,30,0
24,6659,1.7264164501768014e-20,0.03999943764633923,0.0001085781481282538,0.9598919842055325,25,30,0
24,6660,1.7269475355663522e-20,0.03999943764633924,0.0001084981577294111,0.9598920641959314,25,30,0
24,6661,1.726947495417118e-20,0.03999943764633924,0.00010849813436849316,0.9598920642192924,25,30,0
24,6662,1.7269474947012893e-20,0.03999943764633924,0.00010850013232312786,0.9598920622213377,25,30,0
24,6663,1.7269474531206923e-20,0.03999943764633924,0.00010629645402522054,0.9598942658996357,25,30,0
24,6664,1.7269474502542095e-20,0.03999943764633924,9.969024726146834e-05,0.9599008721063994,25,30,0
24,6665,1.726956767493764e-20,0.03999943764633924,9.968980880528398e-05,0.9599008725448555,25,30,0
24,6666,1.7269474531093546e-20,0.03999943764633924,9.977227131012585e-05,0.9599007900823507,25,30,0
24,6667,1.726938097798035e-20,0.03999943764633924,9.971677294287766e-05,0.9599008455807181,25,30,0
24,6668,1.726938258465663e-20,0.03999943764633924,9.97167726619946e-05,0.959900845580999,25,30,0
24,6669,1.7269475757049058e-20,0.03999943764633924,9.971822043924869e-05,0.9599008441332217,25,30,0
24,6670,1.726947616507757e-20,0.03999943764633924,9.971921162504562e-05,0.9599008431420359,25,30,0
24,6671,1.7269499479786827e-20,0.03999943764633924,9.975921943214367e-05,0.959900803134229,25,30,0
24,6672,1.7269499099810973e-20,0.03999943764633924,9.98402946089107e-05,0.9599007220590521,25,30,0
24,6673,1.7269405518378425e-20,0.03999943764633924,9.983932095591697e-05,0.9599007230327051,25,30,0
24,6674,1.7269405496376105e-20,0.03999943764633924,9.975685844582088e-05,0.9599008054952152,25,30,0
24,6675,1.726940552505556e-20,0.03999943764633924,9.975889147377959e-05,0.9599008034621871,25,30,0
24,6676,1.7264188240696764e-20,0.039999437646343526,0.00010446200467095841,0.9598961003489858,25,30,0
24,6677,1.7264188649347603e-20,0.039999437646343526,0.00010446200511664715,0.9598961003485398,25,30,0
24,6678,1.7264165384793734e-20,0.039999437646343526,0.00010446397783307461,0.9598960983758237,25,30,0
24,6679,1.726416538529038e-20,0.039999437646343526,0.00010446395259097749,0.9598960984010655,25,30,0
24,6680,1.7264167026566687e-20,0.039999437646343526,0.0001044646185899228,0.9598960977350667,25,30,0
24,6681,1.726414373359527e-20,0.039999437646343526,0.00010446164691009398,0.9598961007067462,25,30,0
24,6682,1.733982163913316e-20,0.039999437646343526,0.00010453812100770195,0.9598960242326489,25,30,0
24,6683,1.7339823244933367e-20,0.039999437646343526,0.00010453815652509808,0.9598960241971314,25,30,0
24,6684,1.733982323789185e-20,0.039999437646343526,0.00010453819154180234,0.9598960241621148,25,30,0
24,6685,1.7338495524783803e-20,0.039999437646343526,0.00010449817918367955,0.959896064174473,25,30,0
24,6686,1.734371320194074e-20,0.039999437646343526,0.00010453673464403276,0.9598960256190128,25,30,0
24,6687,2.1652144457411405e-20,0.039999437646343526,0.00010449730165151034,0.9598960650520053,25,30,0
24,6688,2.1652144443061722e-20,0.039999437646343526,0.00011102102073203784,0.9598895413329245,25,30,0
24,6689,2.1652167729108217e-20,0.039999437646343526,0.00011102102178477992,0.9598895413318718,25,30,0
24,6690,2.1652167728602747e-20,0.039999437646343526,0.00011102101137071033,0.9598895413422858,25,30,0
24,6691,2.5952405308606385e-20,0.03999943764658738,0.00023624487549663497,0.9597643174779159,25,30,0
24,6692,2.163866320358636e-20,0.03999943764658738,0.00023624430507439168,0.9597643180483382,25,30,0
24,6693,1.7338425651882755e-20,0.039999437646343526,0.00011102248229186102,0.9598895398713645,25,30,0
24,6694,1.7338425652014994e-20,0.039999437646343526,0.00011106244170891931,0.9598894999119477,25,30,0
24,6695,1.7338426061045344e-20,0.039999437646343526,0.00011106392392180911,0.9598894984297348,25,30,0
24,6696,1.7338519232945663e-20,0.039999437646343526,0.00011106537496117029,0.9598894969786954,25,30,0
24,6697,1.733851964133854e-20,0.039999437646343526,0.00011102541598953752,0.9598895369376669,25,30,0
24,6698,1.7338518414750762e-20,0.039999437646343526,0.0001110254199348595,0.9598895369337217,25,30,0
24,6699,1.7338518385958804e-20,0.039999437646343526,0.00011102337755226481,0.9598895389761043,25,30,0
24,6700,1.7338611967293617e-20,0.039999437646343526,0.00011106334577139661,0.9598894990078852,25,30,0
24,6701,1.7338612375461262e-20,0.039999437646343526,0.00011106335807361278,0.959889498995583,25,30,0
24,6702,1.7338658945422355e-20,0.039999437646343526,0.00010673670904299012,0.9598938256446138,25,30,0
24,6703,1.733865853689508e-20,0.039999437646343526,0.00010685114338497663,0.9598937112102718,25,30,0
24,6704,8.373816123424632e-23,0.039999437646343526,0.00010674065407553524,0.9598938216995812,25,30,0
24,6705,8.373651945513638e-23,0.039999437646343526,0.0001067399773530074,0.9598938223763035,25,30,0
24,6706,8.373692861113854e-23,0.039999437646343526,0.00010674201070516797,0.9598938203429513,25,30,0
24,6707,8.37373372370373e-23,0.039999437646343526,0.00010901957080935789,0.9598915427828474,25,30,0
24,6708,8.373695726143573e-23,0.039999437646343526,0.00010901898494299437,0.9598915433687139,25,30,0
24,6709,4.39745575319422e-21,0.039999437646343526,0.0001090196465982428,0.9598915427070583,25,30,0
24,6710,4.396129472375252e-21,0.039999437646339245,1.6715761890631224e-05,0.9599838465917704,25,30,0
24,6711,4.396129501050261e-21,0.039999437646339245,1.6715771067611814e-05,0.9599838465825933,25,30,0
24,6712,4.396152385437198e-21,0.039999437646339245,1.683167622806763e-05,0.9599837306774329,25,30,0
24,6713,4.396152385569442e-21,0.039999437646339245,1.6831651899722384e-05,0.9599837307017612,25,30,0
24,6714,8.241193152952329e-23,0.039999437646339245,1.6831429317563645e-05,0.9599837309243433,25,30,0
24,6715,8.238863849807867e-23,0.039999437646339245,1.6715511705114186e-05,0.9599838468419558,25,30,0
24,6716,8.238860956687551e-23,0.039999437646339245,1.671407669858911e-05,0.9599838482769623,25,30,0
24,6717,8.238860956029156e-23,0.039999437646339245,1.6716101148474535e-05,0.9599838462525123,25,30,0
24,6718,8.248221978063755e-23,0.039999437646339245,1.6716124969339785e-05,0.9599838462286915,25,30,0
24,6719,8.248385439195959e-23,0.039999437646339245,1.0192406545078514e-05,0.9599903699471157,25,30,0
24,6720,7.616157054035045e-23,0.03999999071570809,9.639337176216381e-06,0.9599903699471157,25,30,0
24,6721,7.60684048034676e-23,0.03999999071570809,9.637878009920109e-06,0.9599903714062821,25,30,0
24,6722,7.606802481900375e-23,0.03999999071570809,9.637877572043804e-06,0.9599903714067198,25,30,0
24,6723,7.599771035791973e-23,0.0399999907157038,0.00013008018406204455,0.9598699291002343,25,30,0
24,6724,3.1857885975971085e-25,0.0399999907157038,0.00013162512774280618,0.9598683841565535,25,30,0
24,6725,4.217536810957795e-25,0.03996852274694456,0.00016309309650205716,0.9598683841565535,25,30,0
24,6726,4.213451536566656e-25,0.03996852274694456,0.0001630930960565844,0.959868384156999,25,30,0
24,6727,4.213168557861964e-25,0.03996852274694456,0.00016313305547799612,0.9598683441975776,25,30,0
24,6728,4.213168806927431e-25,0.03996852274694456,0.00016085494503335793,0.9598706223080222,25,30,0
24,6729,4.213175051721226e-25,0.03996852274694456,0.0001608529367865888,0.9598706243162689,25,30,0
24,6730,4.213175162064328e-25,0.03996852274694456,0.00016073704459830545,0.9598707402084572,25,30,0
24,6731,4.21310851904512e-25,0.03996852274694456,0.00016073704430328336,0.9598707402087524,25,30,0
24,6732,4.212821900750437e-25,0.03996852274694456,0.00016072549744344428,0.9598707517556122,25,30,0
24,6733,4.212899861074308e-25,0.03996852274694456,0.00016072619909358502,0.959870751053962,25,30,0
24,6734,4.208809470406405e-25,0.03996852274694456,0.00016072568831614647,0.9598707515647393,25,30,0
24,6735,4.196549849682778e-25,0.03996852274694456,0.00016080771174540706,0.9598706695413103,25,30,0
24,6736,4.212889662677855e-25,0.03996852274694456,0.00016076916443543692,0.9598707080886202,25,30,0
24,6737,3.1035499539717812e-25,0.03999999970776761,0.00012929220361237133,0.9598707080886202,25,30,0
24,6738,2.1677403776400568e-25,0.03999999970776761,0.0001292522001715413,0.959870748092061,25,30,0
24,6739,2.159566496765378e-25,0.03999999970776761,0.00013369519899006837,0.9598663050932426,25,30,0
24,6740,1.2235347274872595e-25,0.03999999970776761,0.0001336966225084285,0.9598663036697243,25,30,0
24,6741,1.4433956145113436e-21,0.03999985734288556,0.00013383898739048364,0.9598663036697243,25,30,0
24,6742,1.4435591128735432e-21,0.03999985734288556,8.692507707806309e-06,0.9599914501494069,25,30,0
24,6743,1.4435607403076259e-21,0.03999985734288556,8.691095428323974e-06,0.9599914515616864,25,30,0
24,6744,1.4435607401840295e-21,0.03999985734288556,8.806311547761447e-06,0.959991336345567,25,30,0
24,6745,1.443560739681609e-21,0.03999985734288556,8.723824091253128e-06,0.9599914188330234,25,30,0
24,6746,1.4435607105034517e-21,0.03999985734288556,8.723799315866474e-06,0.9599914188577988,25,30,0
24,6747,1.4435607320115405e-21,0.03999985734288556,8.725807553507877e-06,0.9599914168495611,25,30,0
24,6748,1.4436306118065117e-21,0.03999985734288556,8.727920291780348e-06,0.959991414736823,25,30,0
24,6749,1.443630612293746e-21,0.03999985734288556,8.766596051540409e-06,0.9599913760610632,25,30,0
24,6750,1.4436302036407005e-21,0.03999985734288556,8.765138005253103e-06,0.9599913775191093,25,30,0
24,6751,1.443630604619135e-21,0.03999985734288556,8.651254483371271e-06,0.9599914914026313,25,30,0
24,6752,1.447472833173564e-21,0.03999985734288556,0.011066566646867025,0.9489335760102476,25,30,0
24,6753,1.4474744676688126e-21,0.03999985734288556,0.011066567111151806,0.9489335755459629,25,30,0
24,6754,1.4474744674196134e-21,0.03999985734288556,0.011066567098849692,0.9489335755582649,25,30,0
24,6755,1.4474765101817595e-21,0.03999985734288556,0.01106656913248254,0.9489335735246321,25,30,0
24,6756,1.4474765177260822e-21,0.03999985734288556,0.011066569167966557,0.9489335734891479,25,30,0
24,6757,1.4474532245114682e-21,0.03999985734288556,0.011066540694886664,0.9489336019622279,25,30,0
24,6758,1.4474528225228322e-21,0.03999985734288556,0.011066502042057176,0.9489336406150574,25,30,0
24,6759,1.4474744811352994e-21,0.03999985734288556,0.011066502077435618,0.948933640579679,25,30,0
24,6760,1.4527853645408493e-21,0.03999985734288556,0.011066502127659979,0.9489336405294544,25,30,0
24,6761,1.4527833288971194e-21,0.03999985734288556,0.01133283452108701,0.9486673081360274,25,30,0
24,6762,1.4528997662605347e-21,0.03999985734288556,0.011332863004497424,0.948667279652617,25,30,0
24,6763,1.4529013932623358e-21,0.03999985734288556,0.011066528586808323,0.9489336140703061,25,30,0
24,6764,1.4529013937654495e-21,0.03999985734288556,0.011066526561935216,0.9489336160951792,25,30,0
24,6765,1.452901365727927e-21,0.03999985734288556,0.011066524528748699,0.9489336181283657,25,30,0
24,6766,1.4529001685696718e-21,0.03999985734288556,0.011066524554904957,0.9489336181022096,25,30,0
24,6767,1.452926293555712e-21,0.03999985734288556,0.011066525030766888,0.9489336176263475,25,30,0
24,6768,1.4529262938050611e-21,0.03999985734288556,0.011066525066027144,0.9489336175910873,25,30,0
24,6769,3.704690546464667e-22,0.03999960621346426,0.011066776195448437,0.9489336175910874,25,30,0
24,6770,3.7046905401776974e-22,0.03999960621346426,0.011066776170002582,0.9489336176165333,25,30,0
24,6771,6.7318586508706985e-22,0.03999960621346426,0.01106681569098227,0.9489335780955536,25,30,0
24,6772,6.731858658459967e-22,0.03999960621346426,0.011066815655844532,0.9489335781306913,25,30,0
24,6773,6.730224333142634e-22,0.03999960621346426,0.01106681564275037,0.9489335781437854,25,30,0
24,6774,6.730007747019894e-22,0.03999960621346426,0.011066815597096734,0.9489335781894391,25,30,0
24,6775,3.121847533794002e-22,0.03999999030301583,0.011066431507545181,0.9489335781894391,25,30,0
24,6776,3.121582196078143e-22,0.03999999030301583,0.011066546913498674,0.9489334627834856,25,30,0
24,6777,3.1213492649868305e-22,0.03999999030301583,0.011066545514477088,0.9489334641825071,25,30,0
24,6778,3.12134116444058e-22,0.03999999030301583,0.011062102480317706,0.9489379072166666,25,30,0
24,6779,3.1346305614043925e-22,0.03999999030301583,0.011060481728808899,0.9489395279681756,25,30,0
24,6780,3.1346344276521924e-22,0.03999999030301583,0.011062761313639041,0.9489372483833454,25,30,0
24,6781,3.133702703744245e-22,0.03999999030301583,0.011062875081958,0.9489371346150264,25,30,0
24,6782,3.1325383313693776e-22,0.03999999030301583,0.011062848020925206,0.9489371616760591,25,30,0
24,6783,3.1325546774582673e-22,0.03999999030301583,0.011062930543650278,0.9489370791533343,25,30,0
24,6784,3.1325546775465404e-22,0.03999999030301583,0.01106292853540228,0.9489370811615823,25,30,0
24,6785,3.1325383381897407e-22,0.03999999030301583,0.01106292710009306,0.9489370825968914,25,30,0
24,6786,3.132534466890306e-22,0.03999999030301583,0.011060647507146075,0.9489393621898384,25,30,0
24,6787,3.1325388401901685e-22,0.03999999030301583,0.011060675979580763,0.9489393337174039,25,30,0
24,6788,3.1325388388441226e-22,0.03999999030301583,0.011060676005133607,0.9489393336918508,25,30,0
24,6789,3.1856471043453394e-22,0.03999999030301583,0.011060560150436225,0.9489394495465482,25,30,0
24,6790,6.226109222411814e-22,0.03999999030301583,0.011060587879244193,0.9489394218177404,25,30,0
24,6791,6.240778990464723e-22,0.03999999030301583,2.7869656238503928e-06,0.9599972227313605,25,30,0
24,6792,6.187670151359105e-22,0.03999999030301583,2.7869150581095753e-06,0.9599972227819263,25,30,0
24,6793,6.187653518585374e-22,0.03999999030301583,2.70439166494668e-06,0.9599973053053193,25,30,0
24,6794,6.18718767697763e-22,0.03999999030301583,4.2549969676155494e-07,0.9599995841972877,25,30,0
24,6795,6.18717541616009e-22,0.03999999030301583,3.4301203464051215e-07,0.9599996666849496,25,30,0
24,6796,6.187191757231072e-22,0.03999999030301583,3.429952292109672e-07,0.9599996667017551,25,30,0
24,6797,6.187191751031999e-22,0.03999999030301583,2.2707787595760403e-07,0.9599997826191085,25,30,0
24,6798,6.187187664611504e-22,0.03999999030301583,2.2507928439849062e-07,0.9599997846177001,25,30,0
24,6799,6.187183009566756e-22,0.03999999030301583,1.966068218825166e-07,0.9599998130901625,25,30,0
24,6800,3.1602315563707472e-22,0.03999999030301583,1.9661669062479607e-07,0.9599998130802936,25,30,0
24,6801,3.160227756614184e-22,0.03999999030301583,1.9660597447473782e-07,0.95999981309101,25,30,0
24,6802,3.1602278282175033e-22,0.03999999030301583,1.966771579530338e-07,0.9599998130198264,25,30,0
24,6803,3.107119433529025e-22,0.03999999030301583,8.077599858561183e-08,0.9599999289209856,25,30,0
24,6804,3.107119503965899e-22,0.03999999030301583,8.080097680877579e-08,0.9599999288960076,25,30,0
24,6805,3.1071195756577134e-22,0.03999999030301583,8.215986265716096e-08,0.9599999275371216,25,30,0
24,6806,3.107119293936436e-22,0.03999999030301583,8.26339906147004e-08,0.9599999270629938,25,30,0
24,6807,3.8639145317318505e-22,0.03999999030301583,1.651925580336023e-07,0.9599998445044262,25,30,0
24,6808,6.891101971729302e-22,0.03999999030301583,1.6522867121818912e-07,0.9599998444683131,25,30,0
24,6809,6.891102043421067e-22,0.03999999030301583,2.8114602444619105e-07,0.9599997285509597,25,30,0
24,6810,6.890873131277105e-22,0.03999999030301583,2.411362866394121e-07,0.9599997685606975,25,30,0
24,6811,6.890873202883903e-22,0.03999999030301583,2.411364949203481e-07,0.9599997685604894,25,30,0
24,6812,6.890873199154693e-22,0.03999999030301583,2.4258352389626463e-07,0.9599997671134604,25,30,0
24,6813,6.890873414257701e-22,0.03999999030301583,2.425731695761694e-07,0.9599997671238146,25,30,0
24,6814,6.890873409248644e-22,0.03999999030301583,2.418270644742305e-07,0.9599997678699198,25,30,0
24,6815,6.837764857064371e-22,0.03999999030301583,2.4176441549345296e-07,0.9599997679325689,25,30,0
24,6816,6.837765078411568e-22,0.03999999030301583,2.70166149979941e-07,0.9599997395308343,25,30,0
24,6817,6.838696807376872e-22,0.03999999030301583,2.7019198731603373e-07,0.9599997395049971,25,30,0
24,6818,3.8115257800202537e-22,0.03999999030301583,3.521805425616157e-07,0.9599996575164417,25,30,0
24,6819,3.811509510709008e-22,0.03999999030301583,3.5265484413948194e-07,0.9599996570421402,25,30,0
24,6820,7.710473913583022e-23,0.03999999030301583,6.929720691324579e-06,0.9599930799762931,25,30,0
24,6821,7.71047176367521e-23,0.03999999030301583,6.930194822934037e-06,0.9599930795021614,25,30,0
24,6822,7.710471714265837e-23,0.03999999030301583,6.930219581438715e-06,0.9599930794774029,25,30,0
24,6823,7.710469563709634e-23,0.03999999030301583,3.2397821264703835e-07,0.9599996857187718,25,30,0
24,6824,7.710468845895656e-23,0.03999999030301583,3.2551170640095623e-07,0.9599996841852781,25,30,0
24,6825,7.710468908989818e-23,0.03999999030301583,3.255117003425345e-07,0.9599996841852841,25,30,0
24,6826,7.710468192495872e-23,0.03999999030301583,3.255116925296275e-07,0.9599996841852919,25,30,0
24,6827,7.577696801327358e-23,0.03999999030301583,3.248226782222747e-07,0.9599996848743061,25,30,0
24,6828,7.577697517391449e-23,0.03999999030301583,3.2485816823142934e-07,0.9599996848388161,25,30,0
24,6829,7.577694587003623e-23,0.03999999030301583,2.9642075595524304e-07,0.9599997132762284,25,30,0
24,6830,7.577698121368744e-23,0.03999999030301583,3.76910900967314e-07,0.9599996327860834,25,30,0
24,6831,7.577700938813591e-23,0.03999999030301583,3.7689488751211647e-07,0.9599996328020969,25,30,0
24,6832,7.577741088067566e-23,0.03999999030301583,3.768720829802572e-07,0.9599996328249014,25,30,0
24,6833,7.577741124933719e-23,0.03999999030301583,4.5869399361188254e-07,0.9599995510029907,25,30,0
24,6834,9.788092929287466e-26,0.03999999030301583,3.7616066125072473e-07,0.9599996335363231,25,30,0
24,6835,9.628216135461339e-26,0.03999999030301583,2.654385955263632e-06,0.9599973553110293,25,30,0
24,6836,9.629599457625498e-26,0.03999999030301583,2.770277995937238e-06,0.9599972394189885,25,30,0
24,6837,9.591602112177336e-26,0.03999999030301583,2.772275958278162e-06,0.959997237421026,25,30,0
24,6838,9.591613792132931e-26,0.03999999030301583,2.7718127122091843e-06,0.9599972378842723,25,30,0
24,6839,9.593764601332701e-26,0.03999999030301583,2.7718477535303695e-06,0.959997237849231,25,30,0
24,6840,1.4468676842147187e-24,0.03999999030301583,5.051430139126255e-06,0.9599949582668453,25,30,0
24,6841,9.590897743450376e-26,0.03999999030301583,2.771812086418193e-06,0.9599972378848982,25,30,0
24,6842,1.8903519966977495e-25,0.0399999903030159,7.392630122734485e-06,0.9599926170668615,25,30,0
24,6843,1.5167475532590275e-24,0.0399999903030159,7.4319363051110924e-06,0.9599925777606789,25,30,0
24,6844,1.4236213309424403e-24,0.03999999030301583,2.72912967899354e-06,0.9599972805673052,25,30,0
24,6845,1.4219796961444237e-24,0.03999999030301583,2.646630875114541e-06,0.9599973630661089,25,30,0
24,6846,9.426771768282166e-26,0.03999999030301583,2.6066488577534996e-06,0.9599974030481264,25,30,0
24,6847,9.4669636761223e-26,0.03999999030301583,9.096974051184581e-06,0.959990912722933,25,30,0
24,6848,5.405894507974878e-24,0.03999999030301583,9.174396080401516e-06,0.9599908353009039,25,30,0
24,6849,5.405923176400442e-24,0.03999999030301583,9.176404561533367e-06,0.959990833292423,25,30,0
24,6850,5.407529109004385e-24,0.03999999030301583,9.17640456166812e-06,0.9599908332924226,25,30,0
24,6851,5.4075290913547485e-24,0.03999999030301583,9.176379802541498e-06,0.9599908333171817,25,30,0
24,6852,5.4308222507482445e-24,0.03999999030301583,9.292297309622508e-06,0.9599907173996747,25,30,0
24,6853,5.430815710286755e-24,0.03999999030301583,9.292286801567465e-06,0.9599907174101829,25,30,0
24,6854,5.430843767513682e-24,0.03999999030301583,9.293708978777391e-06,0.9599907159880056,25,30,0
24,6855,5.430879605797701e-24,0.039999990303015834,1.3996974187672556e-05,0.9599860127227967,25,30,0
24,6856,5.432485540552675e-24,0.039999990303015834,1.3998413021137977e-05,0.9599860112839633,25,30,0
24,6857,5.4324855405057924e-24,0.039999990303015834,1.3997666475122347e-05,0.9599860120305093,25,30,0
24,6858,5.525625994343968e-24,0.03999999030301583,1.091726751015775e-05,0.9599890924294744,25,30,0
24,6859,5.5268520681085965e-24,0.03999999030301583,1.0917789627360132e-05,0.959989091907357,25,30,0
24,6860,5.5256266120637836e-24,0.03999999030301583,1.091629073760676e-05,0.9599890934062469,25,30,0
24,6861,5.527253929148124e-24,0.03999999030301583,1.0918288530692014e-05,0.9599890914084537,25,30,0
24,6862,5.527254555638433e-24,0.03999999030301583,1.0920286949289647e-05,0.9599890894100349,25,30,0
24,6863,5.548913663413929e-24,0.03999999030301583,1.0948058578000336e-05,0.9599890616384065,25,30,0
24,6864,5.5722055606363674e-24,0.03999999030301583,1.3227687089808703e-05,0.9599867820098944,25,30,0
24,6865,5.573839678572988e-24,0.03999999030301583,1.3226627275483587e-05,0.959986783069709,25,30,0
24,6866,5.574248709007085e-24,0.03999999030301583,1.322660391128628e-05,0.9599867830930731,25,30,0
24,6867,5.5509566862000586e-24,0.03999999030301583,1.0946974773876164e-05,0.9599890627222106,25,30,0
24,6868,5.527699867809828e-24,0.03999999030301583,1.0832504606354269e-05,0.959989177192378,25,30,0
24,6869,5.434526979950472e-24,0.03999999030301583,1.0832479206620656e-05,0.9599891772177779,25,30,0
24,6870,5.436161717709775e-24,0.03999999030301583,1.0834538240305231e-05,0.9599891751587442,25,30,0
24,6871,5.436541585274846e-24,0.03999999030301583,1.0834989011589701e-05,0.9599891747079725,25,30,0
24,6872,5.436541576451706e-24,0.03999999030301583,1.08349636306464e-05,0.9599891747333537,25,30,0
24,6873,5.436541576335593e-24,0.03999999030301583,1.083563971975634e-05,0.9599891740572646,25,30,0
24,6874,5.436570244915652e-24,0.03999999030301583,1.0837672745238027e-05,0.959989172024239,25,30,0
24,6875,5.436168260301579e-24,0.03999999030301583,1.0839171815172355e-05,0.9599891705251692,25,30,0
24,6876,5.4361682603403494e-24,0.03999999030301583,1.0838223151064832e-05,0.9599891714738332,25,30,0
24,6877,5.41328320214647e-24,0.03999999030301583,1.08098109155596e-05,0.9599891998860686,25,30,0
24,6878,5.413255025687036e-24,0.03999999030301583,1.0807802229388112e-05,0.959989201894755,25,30,0
24,6879,5.413219304745082e-24,0.03999999030301583,1.080639026508322e-05,0.9599892033067191,25,30,0
24,6880,5.414445246410586e-24,0.03999999030301583,1.080588763617427e-05,0.9599892038093482,25,30,0
24,6881,5.4144589451910094e-24,0.03999999030301583,1.0805958544828532e-05,0.9599892037384394,25,30,0
24,6882,5.4161012208961206e-24,0.03999999030301583,1.0805979169567428e-05,0.9599892037178145,25,30,0
24,6883,5.4160940517019935e-24,0.03999999030301583,1.0803945349009035e-05,0.959989205751635,25,30,0
24,6884,5.3229187613900176e-24,0.03999999030301583,9.181044307474135e-06,0.9599908286526765,25,30,0
24,6885,1.06351920606325e-23,0.03999999030301583,1.0803972244750316e-05,0.9599892057247393,25,30,0
24,6886,1.0635192563780227e-23,0.03999999030301583,1.0804471316539972e-05,0.9599892052256674,25,30,0
24,6887,1.0635185899787106e-23,0.03999999030301583,1.0802446762845483e-05,0.9599892072502213,25,30,0
24,6888,1.0635143398104787e-23,0.03999999030301583,8.522854254218779e-06,0.95999148684273,25,30,0
24,6889,1.0633509291245654e-23,0.03999999030301583,8.522828853133252e-06,0.959991486868131,25,30,0
24,6890,1.0641333847853658e-23,0.03999999018227002,8.522949598962782e-06,0.959991486868131,25,30,0
24,6891,1.0639727912882228e-23,0.03999999018227002,8.52497403806176e-06,0.959991484843692,25,30,0
24,6892,1.0639699729725741e-23,0.03999999018227002,8.523526709416438e-06,0.9599914862910207,25,30,0
24,6893,1.0639298742482537e-23,0.03999999018227002,8.639383430720173e-06,0.9599913704342994,25,30,0
24,6894,1.066259146417689e-23,0.03999999018227002,8.639419108708828e-06,0.9599913703986215,25,30,0
24,6895,1.0662591589951895e-23,0.03999999018227002,8.755336451147762e-06,0.959991254481279,25,30,0
24,6896,1.0662591587745692e-23,0.03999999018227002,8.639419723656733e-06,0.9599913703980064,25,30,0
24,6897,8.634207957827255e-23,0.03999999018227002,8.606026337816018e-06,0.9599914037913923,25,30,0
24,6898,8.10324534836323e-23,0.03999999018227002,8.528078526957025e-06,0.959991481739203,25,30,0
24,6899,5.352922980423942e-24,0.03999999018227002,8.447001888040821e-06,0.9599915628158421,25,30,0
24,6900,5.3512888713605644e-24,0.03999999018227002,8.44499320173458e-06,0.9599915648245283,25,30,0
24,6901,5.35128837722681e-24,0.03999999018227002,8.4449931909493e-06,0.9599915648245392,25,30,0
24,6902,5.376215719299018e-24,0.03999999018227002,8.44597711673194e-06,0.9599915638406133,25,30,0
24,6903,5.471022727026944e-24,0.03999999018227002,8.446942152697267e-06,0.9599915628755773,25,30,0
24,6904,1.5875560856309074e-25,0.03999999018227002,6.8254611237559335e-06,0.9599931843566063,25,30,0
24,6905,1.5795841615068288e-24,0.03999999018227002,8.44835349366826e-06,0.9599915614642363,25,30,0
24,6906,1.5795908275939497e-24,0.03999999018227002,8.448939370802376e-06,0.9599915608783592,25,30,0
24,6907,1.5799994803677693e-24,0.03999999018227002,8.477412014958872e-06,0.959991532405715,25,30,0
24,6908,3.0429711307321345e-22,0.03999999018227002,8.477449063147621e-06,0.9599915323686669,25,30,0
24,6909,3.0429752123194504e-22,0.03999999018227002,8.477923809714475e-06,0.9599915318939203,25,30,0
24,6910,3.043890518765828e-22,0.03999999018227002,8.517898284462466e-06,0.9599914919194455,25,30,0
24,6911,3.04389044815511e-22,0.03999999018227002,8.516451556383271e-06,0.9599914933661736,25,30,0
24,6912,3.043890446918261e-22,0.03999999018227002,8.516451121701933e-06,0.9599914933666084,25,30,0
24,6913,3.0436578014663135e-22,0.03999999018227002,8.516426156700898e-06,0.9599914933915734,25,30,0
24,6914,3.043670055938976e-22,0.03999999018227002,8.515477907424145e-06,0.9599914943398227,25,30,0
24,6915,3.0436741374385297e-22,0.03999999018227002,8.515488634362772e-06,0.9599914943290958,25,30,0
24,6916,3.0439070647075092e-22,0.03999999018227002,8.434999162056502e-06,0.9599915748185679,25,30,0
24,6917,3.0448387873954274e-22,0.03999999018227002,8.435757150659764e-06,0.9599915740605793,25,30,0
24,6918,3.0448387873288356e-22,0.03999999018227002,8.435782284854716e-06,0.959991574035445,25,30,0
24,6919,3.045541670500935e-22,0.03999999018227002,8.43578227670014e-06,0.9599915740354532,25,30,0
24,6920,3.0976984202964955e-22,0.03999999018227002,8.4353001223891e-06,0.9599915745176075,25,30,0
24,6921,3.0976981335019303e-22,0.03999999018227002,8.435264017673295e-06,0.9599915745537123,25,30,0
24,6922,3.097931064457885e-22,0.03999999018227002,8.435272782304384e-06,0.9599915745449477,25,30,0
24,6923,3.0976817911254084e-22,0.03999999018227002,8.434264337142814e-06,0.9599915755533928,25,30,0
24,6924,3.097681789955899e-22,0.03999999018227002,8.434237714615305e-06,0.9599915755800152,25,30,0
24,6925,3.097931125806929e-22,0.03999999018227002,1.071383110388673e-05,0.9599892959866261,25,30,0
24,6926,3.1119070141015606e-22,0.039999990182270094,1.0828682057067355e-05,0.9599891811356729,25,30,0
24,6927,3.1109711987180197e-22,0.039999990182270094,1.0826648192115026e-05,0.9599891831695377,25,30,0
24,6928,3.110971198697721e-22,0.039999990182270094,1.0712178188846784e-05,0.9599892976395411,25,30,0
24,6929,3.1109752085242066e-22,0.039999990182270094,1.0711432688050174e-05,0.959989298385042,25,30,0
24,6930,3.867684003646051e-22,0.039999990182270094,8.54823805600542e-06,0.9599914615796737,25,30,0
24,6931,3.8679210220391935e-22,0.039999990182270094,8.510288204525845e-06,0.9599914995295252,25,30,0
24,6932,3.867937434801715e-22,0.039999990182270094,8.512304594549553e-06,0.9599914975131353,25,30,0
24,6933,3.867937368162933e-22,0.039999990182270094,8.51224620989385e-06,0.95999149757152,25,30,0
24,6934,3.921977572482868e-22,0.039999990182270094,8.569194301291611e-06,0.9599914406234287,25,30,0
24,6935,3.8688686661657067e-22,0.039999990182270094,8.568716180365993e-06,0.9599914411015495,25,30,0
24,6936,3.8688482335347916e-22,0.039999990182270094,8.56820512519294e-06,0.9599914416126047,25,30,0
24,6937,3.9219566789107215e-22,0.039999990182270094,8.595717209183493e-06,0.9599914141005208,25,30,0
24,6938,3.960850479773426e-22,0.03999999018227016,1.1677026052698246e-05,0.9599883327916772,25,30,0
24,6939,3.972958832929155e-22,0.03999999018227016,1.1790933896857327e-05,0.959988218883833,25,30,0
24,6940,3.972725844458201e-22,0.03999999018227016,9.512042603505347e-06,0.9599904977751264,25,30,0
24,6941,3.958517020330956e-22,0.039999990182270094,9.395174644925534e-06,0.9599906146430851,25,30,0
24,6942,3.9044768171569476e-22,0.039999990182270094,9.338262007841725e-06,0.9599906715557222,25,30,0
24,6943,3.905393257556279e-22,0.039999990182270094,0.00013886169479599369,0.959861148122934,25,30,0
24,6944,3.90538917102854e-22,0.039999990182270094,0.00013883322215183715,0.9598611765955782,25,30,0
24,6945,3.9053891696163554e-22,0.039999990182270094,0.00013883319677066009,0.9598611766209594,25,30,0
24,6946,3.90538099520088e-22,0.039999990182270094,0.00013887320197454063,0.9598611366157556,25,30,0
24,6947,3.905464186647846e-22,0.039999990182270094,0.00013447218455938788,0.9598655376331706,25,30,0
24,6948,3.9054481260623346e-22,0.039999990182270094,0.00013447151813295445,0.9598655382995971,25,30,0
24,6949,3.852578680179804e-22,0.03999999018227002,0.0001297673439208462,0.9598702424738091,25,30,0
24,6950,3.852578963180535e-22,0.03999999018227002,0.00012976734746987452,0.9598702424702601,25,30,0
24,6951,3.852595384790524e-22,0.03999999018227002,0.00012976736748545874,0.9598702424502445,25,30,0
24,6952,3.8525991845467414e-22,0.03999999018227002,0.00012976536996080386,0.9598702444477694,25,30,0
24,6953,3.095819453291533e-22,0.03999999018227002,0.00012975181210981844,0.9598702580056202,25,30,0
24,6954,3.0958193815995716e-22,0.03999999018227002,0.00012974977846644134,0.9598702600392638,25,30,0
24,6955,3.095819384114713e-22,0.03999999018227002,0.00012974981434151332,0.9598702600033885,25,30,0
24,6956,3.095819670999064e-22,0.03999999018227002,0.00012974981524535145,0.9598702600024847,25,30,0
24,6957,3.095848276710099e-22,0.03999999018227002,0.00012975220059074157,0.9598702576171394,25,30,0
24,6958,3.0958480715593944e-22,0.03999999018227002,0.00012975269920731503,0.9598702571185228,25,30,0
24,6959,3.0958477897963067e-22,0.03999999018227002,0.0001297526643062012,0.9598702571534239,25,30,0
24,6960,3.09610114966082e-22,0.03999999018227002,0.00012975337714586063,0.9598702564405843,25,30,0
24,6961,3.1593259370778773e-22,0.03999999092766444,0.00012975263175142498,0.9598702564405843,25,30,0
24,6962,3.9161205766933557e-22,0.03999999092766444,0.00012987056210084474,0.959870138510235,25,30,0
24,6963,8.889333813281026e-23,0.03999999092766444,0.00012987055175127046,0.9598701385205843,25,30,0
24,6964,8.889333839307751e-23,0.03999999092766444,0.00012987051632154463,0.959870138556014,25,30,0
24,6965,1.3213875051554936e-23,0.03999999092766444,0.00012975306072617526,0.9598702560116097,25,30,0
24,6966,1.3213874539964397e-23,0.03999999092766444,0.00012975303532695542,0.9598702560370087,25,30,0
24,6967,1.18861644623755e-23,0.03999999092766444,0.00012963708223100352,0.9598703719901046,25,30,0
24,6968,1.1887390419445505e-23,0.03999999092766444,0.00012963641577537022,0.9598703726565602,25,30,0
24,6969,1.1887799063519479e-23,0.03999999092766444,0.00012963786312875244,0.9598703712092067,25,30,0
24,6970,1.1887799566477018e-23,0.03999999092766444,0.00012963931046799227,0.9598703697618676,25,30,0
24,6971,1.4539662864014423e-23,0.03999999092766444,0.00013408208231406027,0.9598659269900215,25,30,0
24,6972,1.4539641353909256e-23,0.03999999092766444,0.00013408208209209443,0.9598659269902434,25,30,0
24,6973,1.586732634898194e-23,0.03999999092766444,0.0001340821411354345,0.9598659269312002,25,30,0
24,6974,1.577568230899341e-23,0.03999999092766444,4.560130117635696e-06,0.9599954489422179,25,30,0
24,6975,1.586885482226874e-23,0.03999999092766444,4.562163864809127e-06,0.9599954469084706,25,30,0
24,6976,1.5868446303961142e-23,0.03999999092766444,4.562128805453839e-06,0.9599954469435302,25,30,0
24,6977,1.454073968604874e-23,0.03999999092766444,4.56205739213949e-06,0.9599954470149434,25,30,0
24,6978,1.4539098156039133e-23,0.03999999092766444,4.560062964530783e-06,0.9599954490093713,25,30,0
24,6979,1.7269482105419323e-20,0.03999999092766444,4.560101704360133e-06,0.9599954489706313,25,30,0
24,6980,1.726948251356807e-20,0.03999999092766444,4.675519957181102e-06,0.9599953335523785,25,30,0
24,6981,1.7269484147672367e-20,0.03999999092766444,4.7909380494307955e-06,0.9599952181342861,25,30,0
24,6982,1.7269484154590466e-20,0.03999999092766444,4.7908994619081055e-06,0.9599952181728737,25,30,0
24,6983,1.7269482519976e-20,0.03999999092766444,4.792920789663442e-06,0.9599952161515459,25,30,0
24,6984,1.726682902206644e-20,0.03999999092766444,3.4772868880707174e-07,0.959999661343647,25,30,0
24,6985,1.7342508628886536e-20,0.03999999092766444,3.863834873572015e-07,0.9599996226888483,25,30,0
24,6986,1.7342506994408843e-20,0.03999999092766444,3.863599658286284e-07,0.9599996227123698,25,30,0
24,6987,1.7342529908138907e-20,0.03999999092766444,3.8499264757632146e-07,0.9599996240796882,25,30,0
24,6988,1.7342529915173808e-20,0.03999999092766444,3.849811201058258e-07,0.9599996240912158,25,30,0
24,6989,1.7342529556204378e-20,0.03999999092766444,2.6956329468831853e-07,0.959999739509041,25,30,0
24,6990,1.7697013838506428e-20,0.03999944705113903,8.134398201026742e-07,0.959999739509041,25,30,0
24,6991,1.7697013838515212e-20,0.03999944705113903,8.154377900965968e-07,0.959999737511071,25,30,0
24,6992,1.7696990545550696e-20,0.03999944705113903,8.154025026996988e-07,0.9599997375463584,25,30,0
24,6993,1.7697083711382764e-20,0.03999944705113903,8.168855791496147e-07,0.9599997360632819,25,30,0
24,6994,1.7697176883820282e-20,0.03999944705113903,8.994085297647129e-07,0.9599996535403313,25,30,0
24,6995,1.769717688332394e-20,0.03999944705113903,8.9943314233548e-07,0.959999653515719,25,30,0
24,6996,1.7698504215829375e-20,0.03999944705113903,9.380058747655243e-07,0.9599996149429864,25,30,0
24,6997,1.7698482119911557e-20,0.03999944705113903,8.998423553206418e-07,0.9599996531065058,25,30,0
24,6998,1.7698412240217465e-20,0.03999944705113903,9.384130374895147e-07,0.9599996145358237,25,30,0
24,6999,1.8001129047822355e-20,0.03999944705113903,9.774617507913652e-07,0.9599995754871103,25,30,0
24,7000,1.8001035875753343e-20,0.03999944705113903,9.774611232807678e-07,0.959999575487738,25,30,0
24,7001,1.8001012590222182e-20,0.03999944705113903,9.38913802501098e-07,0.9599996140350587,25,30,0
24,7002,1.8001105763110984e-20,0.03999944705113903,9.403968132909682e-07,0.9599996125520478,25,30,0
24,7003,1.8001105763119615e-20,0.03999944705113903,9.404087784186331e-07,0.9599996125400828,25,30,0
24,7004,1.800112742173499e-20,0.03999944705113903,9.126730389645734e-07,0.9599996402758222,25,30,0
24,7005,1.7999799680587726e-20,0.03999944705113903,8.726527344299262e-07,0.9599996802961269,25,30,0
24,7006,1.7999799708761984e-20,0.03999944705113903,8.727030694586054e-07,0.9599996802457917,25,30,0
24,7007,1.7999799737430453e-20,0.03999944705113903,8.726784568878355e-07,0.959999680270404,25,30,0
24,7008,1.799979810232393e-20,0.03999944705113903,8.721795436577778e-07,0.9599996807693174,25,30,0
24,7009,1.7999704957986957e-20,0.03999944705113903,8.707321081410625e-07,0.9599996822167529,25,30,0
24,7010,1.7999703323379552e-20,0.03999944705113903,7.548495478760658e-07,0.9599997980993131,25,30,0
24,7011,1.7999798109503907e-20,0.03999944705113903,7.538014533120936e-07,0.9599997991474077,25,30,0
24,7012,1.799979810951064e-20,0.03999944705113903,7.538012698829563e-07,0.9599997991475913,25,30,0
24,7013,1.799979805216697e-20,0.03999944705113903,7.533015271860855e-07,0.9599997996473338,25,30,0
24,7014,7.448297084074631e-22,0.03999944705113903,7.525490860019181e-07,0.9599998003997753,25,30,0
24,7015,7.4473489360586e-22,0.03999944705113903,7.515635403232088e-07,0.9599998013853208,25,30,0
24,7016,7.447120090236087e-22,0.03999944705113903,7.528604626481305e-07,0.9599998000883985,25,30,0
24,7017,7.447124462188844e-22,0.03999944705113903,7.928799265585646e-07,0.9599997600689347,25,30,0
24,7018,7.447136719880699e-22,0.03999944705113903,5.49414634199843e-06,0.9599950588025193,25,30,0
24,7019,7.447369723029902e-22,0.03999944705113903,5.610767760854956e-06,0.9599949421811003,25,30,0
24,7020,7.446438352520125e-22,0.03999944705113903,5.691808501070306e-06,0.9599948611403604,25,30,0
24,7021,7.44642208133855e-22,0.03999944705113903,9.885203420576347e-07,0.9599995644285191,25,30,0
24,7022,7.4995305550395e-22,0.03999944705113903,9.885102793033965e-07,0.9599995644385818,25,30,0
24,7023,1.8004244922227545e-20,0.03999944705113903,2.5574039618972854e-06,0.9599979955448991,25,30,0
24,7024,1.7998934070518467e-20,0.03999944705113903,2.529879079083314e-06,0.9599980230697821,25,30,0
24,7025,7.446421761236508e-22,0.03999944705113903,9.62432401918344e-07,0.959999590516459,25,30,0
24,7026,7.446421757484455e-22,0.03999944705113903,1.078350028403131e-06,0.9599994745988326,25,30,0
24,7027,7.446421762580595e-22,0.03999944705113903,1.078358781075319e-06,0.9599994745900798,25,30,0
24,7028,7.4464217638384e-22,0.03999944705113903,1.0770181892959576e-06,0.9599994759306719,25,30,0
24,7029,7.499530247427833e-22,0.03999944705113903,1.1325396815229634e-06,0.9599994204091797,25,30,0
24,7030,7.500461966646766e-22,0.03999944705113911,1.1725348801384455e-06,0.9599993804139811,25,30,0
24,7031,6.743665903461175e-22,0.03999944705113911,7.740113141669919e-06,0.9599928128357195,25,30,0
24,7032,6.743915109561885e-22,0.03999944705113911,7.818065892499184e-06,0.9599927348829687,25,30,0
24,7033,6.743216278156341e-22,0.039999447051139184,1.4422855752542777e-05,0.9599861300931084,25,30,0
24,7034,6.743448923617656e-22,0.039999447051139184,1.4424847379648678e-05,0.9599861281014817,25,30,0
24,7035,6.7434529384693175e-22,0.039999447051139184,7.819315352075502e-06,0.9599927336335091,25,30,0
24,7036,3.716284862442449e-22,0.039999447051139184,7.780278930128306e-06,0.9599927726699309,25,30,0
24,7037,3.7162685214181197e-22,0.039999447051139184,7.778819292340578e-06,0.9599927741295687,25,30,0
24,7038,4.472836429914913e-22,0.039999447051139184,7.664909634163852e-06,0.959992888039227,25,30,0
24,7039,4.472836358245721e-22,0.039999447051139184,7.58241083984786e-06,0.9599929705380214,25,30,0
24,7040,4.472836291603843e-22,0.039999447051139184,7.582376012210814e-06,0.959992970572849,25,30,0
24,7041,4.47283636321025e-22,0.039999447051139184,7.5838239658092906e-06,0.9599929691248954,25,30,0
24,7042,4.471908720547606e-22,0.03999944705113911,7.542417101759152e-06,0.9599930105317594,25,30,0
24,7043,4.471904635273678e-22,0.03999944705113911,1.2245007349157489e-05,0.9599883079415121,25,30,0
24,7044,7.44598334418281e-22,0.03999944705113911,1.2246541358939538e-05,0.9599883064075021,25,30,0
24,7045,7.445983624799573e-22,0.03999944705113911,7.543242049690706e-06,0.9599930097068117,25,30,0
24,7046,7.445995669315474e-22,0.03999944705113911,7.503931944033564e-06,0.9599930490169172,25,30,0
24,7047,7.445995664304867e-22,0.03999944705113911,7.504517810370578e-06,0.9599930484310508,25,30,0
24,7048,7.445995660531137e-22,0.03999944705113911,7.506550398500019e-06,0.9599930463984626,25,30,0
24,7049,7.445991578945661e-22,0.03999944705113911,7.506514940400074e-06,0.9599930464339209,25,30,0
24,7050,7.49933294723525e-22,0.03999944705113911,7.506515570458877e-06,0.9599930464332905,25,30,0
24,7051,7.499088041398569e-22,0.03999944705113911,7.428594727732004e-06,0.9599931243541332,25,30,0
24,7052,7.552196377168446e-22,0.03999944705113911,7.429770546771463e-06,0.9599931231783142,25,30,0
24,7053,7.5654727586675925e-22,0.03999944705113911,9.709364396012479e-06,0.9599908435844651,25,30,0
24,7054,4.538289585883052e-22,0.03999944705113911,9.746352716242174e-06,0.9599908065961449,25,30,0
24,7055,6.8087827813639795e-22,0.039999447051139184,1.1412529333905604e-05,0.959989140419527,25,30,0
24,7056,6.809714586976463e-22,0.039999447051139184,1.1413037798083891e-05,0.9599891399110629,25,30,0
24,7057,6.809714300079409e-22,0.039999447051139184,1.3692586756124694e-05,0.959986860362105,25,30,0
24,7058,6.8097306449430995e-22,0.039999447051139184,1.369257724943681e-05,0.9599868603716117,25,30,0
24,7059,6.809734444647109e-22,0.039999447051139184,1.3775100085952219e-05,0.9599867778487752,25,30,0
24,7060,4.954501681868349e-21,0.039999447051139184,0.00038688042333374207,0.9596136725255274,25,30,0
24,7061,4.954596080721014e-21,0.039999447051139184,0.00038684190078795873,0.9596137110480731,25,30,0
24,7062,5.255275880902183e-21,0.039999447051143444,0.0006531811121192703,0.9593473718367375,25,30,0
24,7063,5.255253006844015e-21,0.03999944705114337,0.0006465768847564489,0.9593539760641004,25,30,0
24,7064,4.952523624932146e-21,0.03999944705114329,0.0006449094439419919,0.9593556435049149,25,30,0
24,7065,4.952428817561274e-21,0.03999944705114329,0.0006449080064378537,0.959355644942419,25,30,0
24,7066,4.952427190118361e-21,0.03999944705114329,0.00064490804151673,0.9593556449073404,25,30,0
24,7067,4.953754903768847e-21,0.03999944705114329,0.0006449067539685404,0.9593556461948884,25,30,0
24,7068,4.953754488460378e-21,0.03999944705114329,0.0006496080086866127,0.9593509449401703,25,30,0
24,7069,4.9538476900245186e-21,0.03999944705114329,0.0006496084819225652,0.9593509444669343,25,30,0
24,7070,4.94853685644753e-21,0.03999944705114329,0.0006496073067159143,0.959350945642141,25,30,0
24,7071,4.948535221837743e-21,0.03999944705114329,0.0006496073059366217,0.9593509456429203,25,30,0
24,7072,4.94855813505526e-21,0.0399994470511433,0.000649565276429948,0.9593509876724269,25,30,0
24,7073,4.9484653637657985e-21,0.0399994470511433,0.0006496806853176764,0.9593508722635391,25,30,0
24,7074,4.948465335211965e-21,0.0399994470511433,0.0006496806847027802,0.9593508722641542,25,30,0
24,7075,4.948581801133473e-21,0.0399994470511433,0.0006497071481853071,0.9593508458006715,25,30,0
24,7076,4.948581801135682e-21,0.0399994470511433,0.0006497071477535078,0.9593508458011033,25,30,0
24,7077,4.948583442902411e-21,0.0399994470511433,0.000649747167683647,0.9593508057811733,25,30,0
24,7078,4.9485834429001665e-21,0.0399994470511433,0.0006497471679023696,0.9593508057809547,25,30,0
24,7079,4.948581801137887e-21,0.0399994470511433,0.0006497085951176688,0.9593508443537394,25,30,0
24,7080,4.94858221016474e-21,0.0399994470511433,0.00064970862061328,0.9593508443282437,25,30,0
24,7081,4.948675371602928e-21,0.0399994470511433,0.0006497086207686225,0.9593508443280883,25,30,0
24,7082,4.948675371478517e-21,0.0399994470511433,0.0006495939041607006,0.9593509590446962,25,30,0
24,7083,4.9486749623398885e-21,0.0399994470511433,0.0006495927031358324,0.9593509602457212,25,30,0
24,7084,4.94867659694547e-21,0.0399994470511433,0.0006495941504809303,0.9593509587983761,25,30,0
24,7085,4.950004112977902e-21,0.0399994470511433,0.000656200369048585,0.9593443525798082,25,30,0
24,7086,4.6493010205705936e-21,0.03999944705113903,0.0003898591494540631,0.9596106937994071,25,30,0
24,7087,4.64802152779916e-21,0.03999944705113903,0.0003898983988220421,0.959610654550039,25,30,0
24,7088,4.648044821006294e-21,0.03999944705113903,0.0003898984369849789,0.9596106545118761,25,30,0
24,7089,4.64804482050318e-21,0.03999944705113903,0.0003898984725090236,0.9596106544763521,25,30,0
24,7090,4.648045257816117e-21,0.03999944705113903,0.00038989706243737385,0.9596106558864236,25,30,0
24,7091,3.7451701990069616e-22,0.03999944705113903,1.6791729999253346e-05,0.959983761218862,25,30,0
24,7092,3.7318938942989844e-22,0.03999944705113903,1.4512654690620871e-05,0.9599860402941703,25,30,0
24,7093,3.7186350134449343e-22,0.03999944705113903,7.934873059343528e-06,0.9599926180758018,25,30,0
24,7094,3.7717435806072056e-22,0.03999944705113903,7.97489281890459e-06,0.9599925780560423,25,30,0
24,7095,3.7717271641590597e-22,0.03999944705113903,7.974218067478524e-06,0.9599925787307937,25,30,0
24,7096,3.7186188787393647e-22,0.03999944705113903,7.934198130758947e-06,0.9599926187507305,25,30,0
24,7097,3.718618948131814e-22,0.03999944705113903,0.00027426862504838245,0.9597262843238128,25,30,0
24,7098,1.1047272643911496e-23,0.03999999982687459,0.0002737158493128109,0.9597262843238128,25,30,0
24,7099,1.104770230157064e-23,0.03999999982687459,0.0002737438038402101,0.9597262563692854,25,30,0
24,7100,1.2283842417071198e-23,0.03999999982687888,0.00027394204842626414,0.9597260581246951,25,30,0
24,7101,1.2376986623811032e-23,0.03999999982687888,0.0002739431338405848,0.9597260570392808,25,30,0
24,7102,1.237698676042539e-23,0.03999999982687888,0.0002739431695107181,0.9597260570036106,25,30,0
24,7103,1.2307118031851854e-23,0.03999999982687888,0.00026924190298811015,0.9597307582701332,25,30,0
24,7104,1.230715374179887e-23,0.03999999982687888,0.00026924392635876277,0.9597307562467625,25,30,0
24,7105,1.2309238841651183e-23,0.039999990261556276,0.00026925349168138057,0.9597307562467625,25,30,0
24,7106,1.2309238841733865e-23,0.039999990261556276,0.00026933395683630487,0.9597306757816076,25,30,0
24,7107,1.230883032670654e-23,0.039999990261556276,0.0002670543640809861,0.9597329553743631,25,30,0
24,7108,1.231042932426695e-23,0.039999990261556276,7.214200178461789e-07,0.9599992883184263,25,30,0
24,7109,1.2310436376818819e-23,0.039999990261556276,7.214447876266642e-07,0.9599992882936564,25,30,0
24,7110,1.2310458001670124e-23,0.039999990261556276,7.234784259266208e-07,0.9599992862600182,25,30,0
24,7111,1.0981116194199724e-23,0.03999999026155199,5.247253753839651e-07,0.959999485013073,25,30,0
24,7112,1.0981109536782712e-23,0.03999999026155199,6.065116084259981e-07,0.95999940322684,25,30,0
24,7113,5.740152135126391e-24,0.03999999026155199,5.254474963188849e-07,0.9599994842909522,25,30,0
24,7114,5.8320990044398296e-24,0.03999999026155199,5.531406624315379e-07,0.9599994565977861,25,30,0
24,7115,5.740560597866818e-24,0.03999999026155199,5.526415464866843e-07,0.9599994570969019,25,30,0
24,7116,1.250373512035166e-23,0.03994608676760286,5.445613549561833e-05,0.9599994570969019,25,30,0
24,7117,1.241059097591467e-23,0.03994608676760286,5.442841896036493e-05,0.9599994848134372,25,30,0
24,7118,1.2410619518756816e-23,0.03994608676760286,5.442841911076563e-05,0.9599994848132867,25,30,0
24,7119,1.2412225328026233e-23,0.03994608676760286,5.442638609144292e-05,0.9599994868463061,25,30,0
24,7120,1.2412231502184861e-23,0.03994608676760286,5.4428385582324534e-05,0.9599994848468151,25,30,0
24,7121,1.2412238662558199e-23,0.03994608676760286,5.442842082559663e-05,0.9599994848115719,25,30,0
24,7122,1.2412646680096474e-23,0.03994608676760286,5.4347931522695175e-05,0.9599995653008747,25,30,0
24,7123,5.655179821099269e-24,0.03999999309225742,4.416068681311163e-07,0.9599995653008747,25,30,0
24,7124,5.654778838312321e-24,0.03999999309225742,4.401077969663799e-07,0.9599995667999459,25,30,0
24,7125,1.725992335764378e-20,0.03999999309225742,2.063034538790648e-06,0.959997943873204,25,30,0
24,7126,1.7259806891854663e-20,0.03999999309225742,2.0745325002127246e-06,0.9599979323752426,25,30,0
24,7127,1.7259830185009413e-20,0.03999999309225742,2.190425526508051e-06,0.9599978164822163,25,30,0
24,7128,1.189556662417941e-18,0.039999792716523035,2.39080126086352e-06,0.9599978164822163,25,30,0
24,7129,1.1895566142045997e-18,0.039999792716523035,2.3522535779580624e-06,0.9599978550298992,25,30,0
24,7130,1.1895566142040967e-18,0.039999792716523035,2.351754068539147e-06,0.9599978555294086,25,30,0
24,7131,1.1895566142040947e-18,0.039999792716523035,2.351753450592902e-06,0.9599978555300267,25,30,0
24,7132,1.1895565909113816e-18,0.039999792716523035,2.3531629077795918e-06,0.9599978541205694,25,30,0
24,7133,1.1896322701594682e-18,0.039999792716523035,2.325867682065156e-06,0.959997881415795,25,30,0
24,7134,1.7335430270390387e-20,0.03996852286812532,3.3595716079800226e-05,0.959997881415795,25,30,0
24,7135,1.7335430249392063e-20,0.03996852286812532,3.359568091539024e-05,0.9599978814509593,25,30,0
24,7136,1.7259750563969047e-20,0.03996852286812532,3.359450367725851e-05,0.9599978826281975,25,30,0
24,7137,1.7259750556808677e-20,0.03996852286812532,3.359446843398643e-05,0.9599978826634409,25,30,0
24,7138,1.72610778331968e-20,0.03996852286812532,3.359716605025308e-05,0.9599978799658245,25,30,0
24,7139,1.7261101126295592e-20,0.03996852286812532,3.359721214930491e-05,0.9599978799197254,25,30,0
24,7140,1.7266435296071558e-20,0.03996852286812532,3.359663874348386e-05,0.9599978804931313,25,30,0
24,7141,1.7569154021875987e-20,0.03996852286812532,3.359666444172364e-05,0.9599978804674331,25,30,0
24,7142,1.756913233517223e-20,0.03996852286812532,3.5179070983847926e-05,0.959996298060891,25,30,0
24,7143,1.756913236385169e-20,0.03996852286812532,3.518051832894596e-05,0.959996296613546,25,30,0
24,7144,1.7569133998969265e-20,0.03996852286812532,3.518054371377795e-05,0.9599962965881612,25,30,0
24,7145,1.7569134399949965e-20,0.03996852286812532,3.518199103973478e-05,0.9599962951408352,25,30,0
24,7146,1.7569132772509225e-20,0.03996852286812532,3.518266668658292e-05,0.9599962944651882,25,30,0
24,7147,1.764480938887203e-20,0.03996852286812532,3.676557411015496e-05,0.9599947115577647,25,30,0
24,7148,1.7644810994795896e-20,0.03996852286812532,3.6764135708835665e-05,0.959994712996166,25,30,0
24,7149,1.764613695531385e-20,0.03996852286812532,4.120572307401529e-05,0.9599902714088009,25,30,0
24,7150,3.918916653829093e-22,0.03996852286812532,4.618903812365854e-05,0.9599852880937513,25,30,0
24,7151,3.9189005177358143e-22,0.03996852286812532,4.618898626217451e-05,0.9599852881456128,25,30,0
24,7152,3.919832316578637e-22,0.03996852286812533,4.6266967580744246e-05,0.9599852101642944,25,30,0
24,7153,3.906555256139368e-22,0.03996852286812533,4.6264233333556106e-05,0.9599852128985416,25,30,0
24,7154,3.8932795916118758e-22,0.03996852286812533,4.1821697716638606e-05,0.9599896554341585,25,30,0
24,7155,3.8942113135612976e-22,0.03996852286812533,4.190277372773007e-05,0.9599895743581475,25,30,0
24,7156,3.893978778237239e-22,0.03996852286812533,3.691943252121117e-05,0.9599945576993539,25,30,0
24,7157,3.8939787782153527e-22,0.03996852286812533,3.7034648640234675e-05,0.9599944424832348,25,30,0
24,7158,3.893978778326509e-22,0.03996852286812533,3.7032632081361244e-05,0.9599944444997937,25,30,0
24,7159,3.907022957446691e-22,0.03996852286812533,3.699927300941609e-05,0.9599944778588656,25,30,0
24,7160,3.9067900302427597e-22,0.03996852286812533,3.6998686481796674e-05,0.9599944784453933,25,30,0
24,7161,3.959898485309805e-22,0.03996852286812533,3.707519542791597e-05,0.9599944019364471,25,30,0
24,7162,3.9598944013065497e-22,0.03996852286812533,3.707516993229772e-05,0.9599944019619427,25,30,0
24,7163,3.946633641766881e-22,0.03996852286812533,3.69940588085624e-05,0.9599944830730665,25,30,0
24,7164,4.707898274641161e-21,0.03996852286812533,4.007445941098064e-05,0.9599914026724641,25,30,0
24,7165,4.7835763265385236e-21,0.03996852286812533,4.0073084158145114e-05,0.959991404047717,25,30,0
24,7166,4.783576305030428e-21,0.03996852286812533,4.007310096376505e-05,0.9599914040309112,25,30,0
24,7167,4.783483132828906e-21,0.03996852286812533,3.999058947794415e-05,0.9599914865423971,25,30,0
24,7168,4.783389952944627e-21,0.03996852286812533,3.991260798221589e-05,0.9599915645238927,25,30,0
24,7169,4.7834132733953215e-21,0.03996852286812533,4.1535509283726866e-05,0.9599899416225911,25,30,0
24,7170,4.783413709973313e-21,0.03996852286812533,4.142162528986766e-05,0.9599900555065851,25,30,0
24,7171,4.7077340229716685e-21,0.03996852286812533,4.142155338350889e-05,0.9599900555784915,25,30,0
24,7172,4.707757322730938e-21,0.03996852286812533,3.991457876729372e-05,0.9599915625531077,25,30,0
24,7173,4.707732387816722e-21,0.03996852286812533,3.979867754417692e-05,0.9599916784543308,25,30,0
24,7174,4.4050136548408814e-21,0.03996852286812533,3.979661864528057e-05,0.9599916805132297,25,30,0
24,7175,4.405013661641687e-21,0.03996852286812533,3.979518339381492e-05,0.9599916819484811,25,30,0
24,7176,4.405013654348609e-21,0.03996852286812533,3.979520654582863e-05,0.959991681925329,25,30,0
24,7177,4.41032453096159e-21,0.03996852286812533,3.968030686404711e-05,0.9599917968250109,25,30,0
24,7178,4.410324523414787e-21,0.03996852286812533,3.967886031995486e-05,0.959991798271555,25,30,0
24,7179,4.405013276415558e-21,0.03996852286812533,3.960092939848917e-05,0.9599918762024764,25,30,0
24,7180,4.404989990360185e-21,0.03996852286812533,3.9600893585420184e-05,0.9599918762382896,25,30,0
24,7181,4.405434075381781e-21,0.039999990180896616,8.133580814140743e-06,0.9599918762382896,25,30,0
24,7182,4.405434075865035e-21,0.039999990180896616,8.133556051850598e-06,0.9599918762630517,25,30,0
24,7183,4.405432440874435e-21,0.039999990180896616,8.105084063308289e-06,0.9599919047350403,25,30,0
24,7184,4.400098701259468e-21,0.039999990180896616,8.10435088000439e-06,0.9599919054682238,25,30,0
24,7185,4.324422113315899e-21,0.039999990180896616,6.481461113525887e-06,0.9599935283579901,25,30,0
24,7186,4.324422514799767e-21,0.039999990180896616,6.481463137337351e-06,0.9599935283559664,25,30,0
24,7187,4.3303084595775905e-21,0.03999999001291793,6.481631116021962e-06,0.9599935283559664,25,30,0
24,7188,4.323978464054822e-21,0.039999447340201506,7.024303832434087e-06,0.9599935283559664,25,30,0
24,7189,2.157891834157977e-20,0.039999447340201506,7.091427548332815e-06,0.9599934612322504,25,30,0
24,7190,2.1579011514403576e-20,0.039999447340201506,7.119900200116356e-06,0.9599934327595987,25,30,0
24,7191,2.157891996926388e-20,0.039999447340201506,1.1821740791270022e-05,0.9599887309190074,25,30,0
24,7192,2.1578919970270105e-20,0.039999447340201506,1.18217649544037e-05,0.9599887308948442,25,30,0
24,7193,2.1578919998936483e-20,0.039999447340201506,1.1821789301394403e-05,0.9599887308704972,25,30,0
24,7194,2.165459588221497e-20,0.039999447340201506,1.4063390008716824e-05,0.95998648926979,25,30,0
24,7195,2.1649285027235645e-20,0.039999447340201506,1.40644309439494e-05,0.9599864882288547,25,30,0
24,7196,2.1649284590408487e-20,0.039999447340201506,1.406370448401881e-05,0.9599864889553146,25,30,0
24,7197,2.1649284590417162e-20,0.039999447340201506,1.40636878587211e-05,0.9599864889719398,25,30,0
24,7198,2.1649282984471393e-20,0.039999447340201506,1.4063696165972318e-05,0.9599864889636328,25,30,0
24,7199,2.1649282984603635e-20,0.039999447340201506,1.4063721734860487e-05,0.9599864889380639,25,30,0
24,7200,2.164928298460816e-20,0.039999447340201506,1.406373851687854e-05,0.9599864889212819,25,30,0
24,7201,2.1649284625694216e-20,0.039999447340201506,1.5686614344933898e-05,0.9599848660454537,25,30,0
24,7202,2.1649286252765096e-20,0.039999447340201506,1.5715086565021645e-05,0.9599848375732336,25,30,0
24,7203,2.164928623125704e-20,0.039999447340201506,1.5715086745343823e-05,0.9599848375730532,25,30,0
24,7204,2.1649286203085107e-20,0.039999447340201506,1.5715061791281243e-05,0.9599848375980073,25,30,0
24,7205,2.1649262882257187e-20,0.039999447340201506,1.420806597086101e-05,0.9599863445938277,25,30,0
24,7206,2.1649264523670268e-20,0.039999447340201506,1.420876744958895e-05,0.9599863438923489,25,30,0
24,7207,2.164926448795819e-20,0.039999447340201506,1.4126244313633424e-05,0.9599864264154852,25,30,0
24,7208,2.1649287781158198e-20,0.039999447340201506,1.4048990267485674e-05,0.9599865036695312,25,30,0
24,7209,2.1649311067224437e-20,0.039999447340201506,1.4049000845330157e-05,0.9599865036589533,25,30,0
24,7210,2.1649311039050146e-20,0.039999447340201506,1.4046967818258583e-05,0.9599865056919803,25,30,0
24,7211,2.1649309404879452e-20,0.039999447340201506,1.1623260528686903e-05,0.9599889293992699,25,30,0
24,7212,2.1649310602161192e-20,0.039999447340201506,1.162327361910908e-05,0.9599889293861794,25,30,0
24,7213,2.164930896755323e-20,0.039999447340201506,1.1623247896420334e-05,0.9599889294119022,25,30,0
24,7214,2.164930897434289e-20,0.039999447340201506,1.1623295420044803e-05,0.9599889293643785,25,30,0
24,7215,2.1649308973965326e-20,0.039999447340201506,1.1623295454432953e-05,0.9599889293643442,25,30,0
24,7216,2.1649308939797484e-20,0.03999999982562965,1.1070810026293678e-05,0.9599889293643442,25,30,0
24,7217,2.164409126432273e-20,0.03999999982562965,1.101780895962117e-05,0.9599889823654106,25,30,0
24,7218,2.1644091264825686e-20,0.03999999982562965,1.1019255673314721e-05,0.959988980918697,25,30,0
24,7219,4.389151387923798e-21,0.03999999982562965,1.5654933090908653e-05,0.9599843452412793,25,30,0
24,7220,4.389059842596096e-21,0.03999999982562965,1.573495926384627e-05,0.9599842652151065,25,30,0
24,7221,4.389083135693993e-21,0.03999999982562965,1.5736980609250928e-05,0.9599842631937611,25,30,0
24,7222,4.389083135696318e-21,0.03999999982562965,1.5736980611813477e-05,0.9599842631937585,25,30,0
24,7223,4.38908353768285e-21,0.03999999982562965,1.5765444923989137e-05,0.9599842347294464,25,30,0
24,7224,4.3890835370562096e-21,0.03999999982562965,1.3485887828123928e-05,0.9599865142865422,25,30,0
24,7225,4.389083536436181e-21,0.03999999982562965,1.3485862436274294e-05,0.9599865143119343,25,30,0
24,7226,4.3890831277831415e-21,0.03999999982562965,1.3483838020640284e-05,0.9599865163363497,25,30,0
24,7227,4.389059841736611e-21,0.03999999982562965,1.3483826841241147e-05,0.9599865163475291,25,30,0
24,7228,4.389059848780339e-21,0.03999999982562965,1.3484300354928058e-05,0.9599865158740154,25,30,0
24,7229,4.38906148326461e-21,0.03999999982562965,1.3486297863851468e-05,0.9599865138765064,25,30,0
24,7230,4.389061081395027e-21,0.03999999982562965,1.345989348191687e-05,0.9599865402808884,25,30,0
24,7231,4.3890623145235504e-21,0.03999999982562965,1.3460390967571606e-05,0.9599865397834028,25,30,0
24,7232,4.389063949126986e-21,0.03999999982562965,1.3460426611136408e-05,0.959986539747759,25,30,0
24,7233,4.389064350599667e-21,0.03999999982562965,1.3460462264884901e-05,0.9599865397121055,25,30,0
24,7234,4.389064329089404e-21,0.03999999982562965,1.3460488572055483e-05,0.9599865396857983,25,30,0
24,7235,4.38906271555975e-21,0.03999999982562965,1.1839035116801644e-05,0.9599881611392537,25,30,0
24,7236,7.71571166576703e-23,0.039999999825629656,7.166241909539657e-06,0.9599928339324609,25,30,0
24,7237,7.715548205114386e-23,0.03999999982562965,7.1996003544811e-06,0.9599928005740159,25,30,0
24,7238,7.715547500961704e-23,0.03999999982562965,7.1997669789148595e-06,0.9599928004073913,25,30,0
24,7239,7.715384743326655e-23,0.03999999982562965,7.171294935893399e-06,0.9599928288794345,25,30,0
24,7240,7.715384743326665e-23,0.03999999982562965,7.170821012430952e-06,0.959992829353358,25,30,0
24,7241,7.706068177866527e-23,0.03999999982562965,7.142373936483633e-06,0.9599928578004338,25,30,0
24,7242,7.706067511683556e-23,0.03999999982562965,7.144371893813271e-06,0.9599928558024766,25,30,0
24,7243,7.706230961202588e-23,0.03999999982562965,7.144392158499311e-06,0.9599928557822119,25,30,0
24,7244,7.706066770687231e-23,0.03999999982562965,7.143715448929914e-06,0.9599928564589212,25,30,0
24,7245,7.706066770721727e-23,0.03999999982562965,7.143715476757176e-06,0.9599928564588935,25,30,0
24,7246,7.706066758345296e-23,0.03999999982562965,7.143715438143677e-06,0.9599928564589323,25,30,0
24,7247,7.71538404789337e-23,0.03999999982562965,7.144214956206412e-06,0.9599928559594142,25,30,0
24,7248,7.724744366469541e-23,0.03999999982562965,7.144235021782338e-06,0.9599928559393487,25,30,0
24,7249,7.734063775580929e-23,0.03999999982562965,7.224689572288926e-06,0.959992775484798,25,30,0
24,7250,7.734224369721913e-23,0.03999999982562965,7.226149994982447e-06,0.9599927740243754,25,30,0
24,7251,7.731895099811584e-23,0.03999999982562965,7.18798578126618e-06,0.9599928121885891,25,30,0
24,7252,7.722580676916215e-23,0.03999999982562965,7.187486698018903e-06,0.9599928126876723,25,30,0
24,7253,1.550356730898019e-24,0.039999999825629656,0.0003780509185660875,0.9596219492558045,25,30,0
24,7254,1.549130771764105e-24,0.039999999825629656,0.000378049506458037,0.9596219506679123,25,30,0
24,7255,1.5274649932008806e-24,0.039999999825629656,0.0003780474982025347,0.9596219526761679,25,30,0
24,7256,1.525830378966713e-24,0.039999999825629656,0.00037804743775093165,0.9596219527366194,25,30,0
24,7257,1.524196258978784e-24,0.039999999825629656,0.0003780474168733165,0.9596219527574972,25,30,0
24,7258,1.5245827786795533e-24,0.039999999825629656,0.000373346185523695,0.9596266539888468,25,30,0
24,7259,1.5245541055325937e-24,0.039999999825629656,0.00037334619536723664,0.9596266539790033,25,30,0
24,7260,1.524589876024155e-24,0.039999999825629656,0.00046564186411285216,0.9595343583102575,25,30,0
24,7261,1.524597047505381e-24,0.039999999825629656,0.0004656418993883326,0.9595343582749821,25,30,0
24,7262,1.5478830353790175e-24,0.039999999825629656,0.0004657577812992044,0.9595342423930713,25,30,0
24,7263,1.5479118385624865e-24,0.039999999825629656,0.00046575779023494743,0.9595342423841354,25,30,0
24,7264,1.5479122092768913e-24,0.039999999825629656,0.0004657578066119283,0.9595342423677586,25,30,0
24,7265,1.5707721815647389e-24,0.03999999982562965,9.265477263577655e-05,0.9599073454017347,25,30,0
24,7266,1.5707650142645484e-24,0.03999999982562965,9.265474809142496e-05,0.9599073454262792,25,30,0
24,7267,1.4771833389192782e-24,0.03999999982562965,9.265522630547444e-05,0.9599073449480652,25,30,0
24,7268,1.4771828356554434e-24,0.03999999982562965,9.265472741084428e-05,0.9599073454469597,25,30,0
24,7269,1.4775914798894884e-24,0.03999999982562965,9.26554636867706e-05,0.9599073447106836,25,30,0
24,7270,1.4775914797379841e-24,0.03999999982562965,9.265547335780274e-05,0.9599073447010127,25,30,0
24,7271,1.47759147981962e-24,0.03999999982562965,9.265347567637265e-05,0.9599073466986939,25,30,0
24,7272,1.477971461944428e-24,0.03999999982562965,9.26530372187197e-05,0.9599073471371518,25,30,0
24,7273,2.8056848261287985e-24,0.03999999982562965,9.265508254183021e-05,0.9599073450918286,25,30,0
24,7274,1.4779996360465266e-24,0.03999999982562965,9.265307270092974e-05,0.9599073471016695,25,30,0
24,7275,1.5695379280561438e-24,0.03999999982562965,9.265449311896566e-05,0.9599073456812514,25,30,0
24,7276,1.546244715547727e-24,0.03999999982562965,9.265248424453123e-05,0.9599073476901259,25,30,0
24,7277,1.548060142063859e-24,0.03999226363974741,0.00010038867012678181,0.9599073476901259,25,30,0
24,7278,1.5480602571157789e-24,0.03999226363974741,0.0001003900925014835,0.9599073462677512,25,30,0
24,7279,1.546108777309019e-24,0.03999999999117389,9.265374107499194e-05,0.9599073462677512,25,30,0
24,7280,6.85633993075827e-24,0.03999999999117389,9.735559416573174e-05,0.9599026444146602,25,30,0
24,7281,1.2149996953578848e-23,0.03999999999117389,0.00022687899194084751,0.9597731210168854,25,30,0
24,7282,1.2150032249910896e-23,0.03999944734021926,0.00022743164289548495,0.9597731210168854,25,30,0
24,7283,1.2056859471496673e-23,0.03999944734021926,0.00022743018741765869,0.9597731224723631,25,30,0
24,7284,8.764334385038447e-23,0.03999944734021926,0.00022734839123183124,0.9597732042685491,25,30,0
24,7285,3.903681357202961e-22,0.03999944734021926,0.00022962847901846728,0.9597709241807624,25,30,0
24,7286,3.903681358522927e-22,0.03999944734021926,0.00022966774908710918,0.9597708849106936,25,30,0
24,7287,3.9036813584346617e-22,0.03999944734021926,0.0002296677497126377,0.9597708849100681,25,30,0
24,7288,4.156887678584962e-22,0.03999999071276881,0.00022912437716307094,0.9597708849100681,25,30,0
24,7289,4.1571164537198504e-22,0.03999999071276881,0.00022916230295190712,0.9597708469842793,25,30,0
24,7290,4.157349573625168e-22,0.03999999071276881,0.00023386557782064738,0.9597661437094105,25,30,0
24,7291,4.1571167137245443e-22,0.03999999071276881,0.00023386557780725664,0.959766143709424,25,30,0
24,7292,4.1571126271280854e-22,0.03999999071276881,0.0002338655173626558,0.9597661437698686,25,30,0
24,7293,2.095690429853298e-20,0.039999603038115276,0.00023425319201616213,0.9597661437698686,25,30,0
24,7294,3.9039066486034497e-22,0.0399891338684747,0.00024472236165678433,0.9597661437698686,25,30,0
24,7295,8.766590155088777e-23,0.0399891338684747,0.0002424422824456612,0.9597684238490797,25,30,0
24,7296,8.7776888763443e-23,0.03999998791952081,0.0002315882313995421,0.9597684238490797,25,30,0
24,7297,8.908133510737866e-23,0.039999987919520884,0.00023163279898726674,0.9597683792814918,25,30,0
24,7298,8.908093349165534e-23,0.039999987919520884,0.00023170870938118784,0.959768303371098,25,30,0
24,7299,8.917409922660776e-23,0.039999987919520884,0.0002317101468705892,0.9597683019336087,25,30,0
24,7300,1.3494442147712392e-23,0.039999987919520884,0.00023170942839534695,0.9597683026520838,25,30,0
24,7301,3.88147584493954e-23,0.039999440439578655,0.00023225690833756933,0.9597683026520838,25,30,0
24,7302,3.881353248147686e-23,0.039999440439578655,0.000232255448095198,0.9597683041123263,25,30,0
24,7303,3.881312383077284e-23,0.039999440439578655,0.00023225683480238127,0.959768302725619,25,30,0
24,7304,3.881312382415495e-23,0.039999440439578655,0.00023225687002402433,0.9597683026903974,25,30,0
24,7305,3.8906295901990454e-23,0.039999440439578655,0.00023233794582089415,0.9597682216146005,25,30,0
24,7306,3.3619386535330884e-23,0.039999440439578655,0.00022763514572478685,0.9597729244146965,25,30,0
24,7307,3.359647607794842e-23,0.039999440439578655,0.00022953808797905847,0.9597710214724422,25,30,0
24,7308,3.3596476078255407e-23,0.039999440439578655,0.00022953805252487694,0.9597710215078965,25,30,0
24,7309,2.8302439070989266e-23,0.039999440439578655,0.00010001604146786449,0.9599005435189535,25,30,0
24,7310,2.8302467629083656e-23,0.039999440439578655,9.990157189931769e-05,0.9599006579885221,25,30,0
24,7311,2.830243844853055e-23,0.039999440439578655,9.990154615964529e-05,0.9599006580142617,25,30,0
24,7312,3.6358962205923003e-22,0.03998858148862249,0.00011076049711581779,0.9599006580142617,25,30,0
24,7313,3.6358961589391564e-22,0.03998858148862249,0.00011064458019725975,0.9599007739311802,25,30,0
24,7314,3.636112743772395e-22,0.03998858148862249,0.0001106459126516245,0.959900772598726,25,30,0
24,7315,3.63518101609743e-22,0.03998858148862249,0.0001106444751545899,0.959900774036223,25,30,0
24,7316,3.6354136615648896e-22,0.03998858148862249,0.00011064447578041383,0.9599007740355971,25,30,0
24,7317,3.635413303859994e-22,0.03998858148862249,1.8348806857639724e-05,0.9599930697045199,25,30,0
24,7318,3.6354136622176505e-22,0.03998858148862249,1.8347396782328523e-05,0.9599930711145953,25,30,0
24,7319,3.6486867006162968e-22,0.03998858148862249,1.8387379401771e-05,0.9599930311319759,25,30,0
24,7320,4.165732971472118e-24,0.03999960643253864,7.362435485637581e-06,0.9599930311319759,25,30,0
24,7321,2.8379934260987875e-24,0.03999960643253856,7.277898803896258e-06,0.9599931156686577,25,30,0
24,7322,4.165579667907599e-24,0.03999960643253856,1.1981174180526733e-05,0.959988412393281,25,30,0
24,7323,5.469996414113181e-24,0.03999960643253856,1.2095652385594685e-05,0.9599882979150759,25,30,0
24,7324,5.469967754355465e-24,0.03999960643253856,1.2095616715563668e-05,0.959988297950746,25,30,0
24,7325,5.4699752900093076e-24,0.03999960643253856,1.2095642104170187e-05,0.9599882979253573,25,30,0
24,7326,5.4700105153683e-24,0.03999960643253857,0.0001416170670922945,0.9598587765003691,25,30,0
24,7327,4.142301551193119e-24,0.03999960643253857,0.00014150119126474215,0.9598588923761966,25,30,0
24,7328,4.235438626265973e-24,0.03999960643253856,1.2017728182396499e-05,0.959988375839279,25,30,0
24,7329,4.305318556155004e-24,0.03999960643253857,1.2018210594562336e-05,0.9599883753568668,25,30,0
24,7330,4.305698531804515e-24,0.03999960643253857,1.2018903500144742e-05,0.9599883746639613,25,30,0
24,7331,4.305698531828002e-24,0.03999960643253857,1.1903021602663576e-05,0.9599884905458588,25,30,0
24,7332,4.3056701037705074e-24,0.03999960643253857,1.1903607466492308e-05,0.959988489959995,25,30,0
24,7333,4.3040356282795706e-24,0.03999960643253857,1.1904272869373957e-05,0.9599884892945921,25,30,0
24,7334,2.9764493865121397e-24,0.03999960643253856,7.200983785203502e-06,0.9599931925836763,25,30,0
24,7335,2.9784926605986818e-24,0.03999960643253856,7.201483309799399e-06,0.9599931920841517,25,30,0
24,7336,2.978493296102544e-24,0.03999960643253856,7.2299563775899905e-06,0.959993163611084,25,30,0
24,7337,2.8853207173612614e-24,0.03999960643253856,7.1474684737478395e-06,0.9599932460989877,25,30,0
24,7338,2.908613681339233e-24,0.03999960643253856,7.1461371249602555e-06,0.9599932474303365,25,30,0
24,7339,2.9086278920609633e-24,0.03999960643253856,7.146137132685934e-06,0.9599932474303289,25,30,0
24,7340,2.9086282716025335e-24,0.03999960643253856,7.146136520432959e-06,0.9599932474309412,25,30,0
24,7341,1.5809444648620563e-24,0.03999960643253856,7.10758918793246e-06,0.9599932859782737,25,30,0
24,7342,3.6806306635713457e-25,0.03999960643253856,7.117092790441786e-06,0.9599932764746713,25,30,0
24,7343,3.680630576859175e-25,0.03999960643253856,7.088645308712437e-06,0.959993304922153,25,30,0
24,7344,4.612428389256971e-25,0.039999606432542856,7.209832134118389e-06,0.9599931837353233,25,30,0
24,7345,4.4565865315569605e-25,0.03999999653348981,6.819731187142475e-06,0.9599931837353233,25,30,0
24,7346,5.756535141675475e-24,0.03999999653348981,2.689988829589912e-07,0.9599997344676277,25,30,0
24,7347,5.756534270057981e-24,0.03999999653348981,2.7039587948573466e-07,0.959999733070631,25,30,0
24,7348,1.1067371501310533e-23,0.03999999653348981,2.982031740447144e-07,0.9599997052633366,25,30,0
24,7349,1.0975832964679225e-23,0.03999999653348981,2.9636479365397986e-07,0.9599997071017168,25,30,0
24,7350,1.627606468488361e-23,0.03999999653348981,9.259058899836377e-05,0.959907412877512,25,30,0
24,7351,1.6283958192389257e-23,0.03999999071575554,9.259640673263705e-05,0.959907412877512,25,30,0
24,7352,1.62843453369438e-23,0.03999999071575554,9.263640143122036e-05,0.9599073728828135,25,30,0
24,7353,1.6294975801805151e-23,0.03999999071575554,3.414567997048361e-07,0.9599996678274451,25,30,0
24,7354,1.6296638963527373e-23,0.03999999071575554,3.4147129530729835e-07,0.9599996678129494,25,30,0
24,7355,1.6296603119090054e-23,0.03999999071575554,3.414589855043982e-07,0.9599996678252594,25,30,0
24,7356,1.6203437480487303e-23,0.03999999071575554,3.014645080230477e-07,0.9599997078197369,25,30,0
24,7357,1.663972601227562e-23,0.03999960654996438,6.856302991901408e-07,0.9599997078197369,25,30,0
24,7358,1.1328447981972898e-23,0.03999960654996438,6.301207105839554e-07,0.9599997633293255,25,30,0
24,7359,1.6637044479858918e-23,0.03999960654996438,2.2525218117665725e-06,0.9599981409282242,25,30,0
24,7360,1.6637037438490886e-23,0.03999960654996438,2.2544943881776297e-06,0.9599981389556479,25,30,0
24,7361,1.6194903856308887e-23,0.039999596857532106,2.2641868187358464e-06,0.9599981389556496,25,30,0
24,7362,1.6195313010315616e-23,0.039999596857532106,2.264230807490633e-06,0.9599981389116607,25,30,0
24,7363,1.6195313638894614e-23,0.039999596857532106,2.3801232065820056e-06,0.9599980230192616,25,30,0
24,7364,1.6102148191635988e-23,0.03999959685752782,2.2590075024942926e-06,0.9599981441349699,25,30,0
24,7365,1.6102147571421203e-23,0.03999959685752782,2.258981913270478e-06,0.9599981441605592,25,30,0
24,7366,1.6100527293311606e-23,0.03999959685752782,2.298299328929919e-06,0.9599981048431435,25,30,0
24,7367,1.6102154858585256e-23,0.03999959685752782,2.3807876347888697e-06,0.9599980223548377,25,30,0
24,7368,1.6102147815163468e-23,0.03999959685752782,2.38078762400031e-06,0.9599980223548485,25,30,0
24,7369,1.598568243691145e-23,0.03999959685752782,2.3807704782566904e-06,0.9599980223719942,25,30,0
24,7370,1.598527440395525e-23,0.03999959685752782,2.38010403858484e-06,0.959998023038434,25,30,0
24,7371,1.5985260568607518e-23,0.03999959685752782,2.340108478730235e-06,0.9599980630339938,25,30,0
24,7372,1.0674398760874047e-23,0.03999959685752782,2.3408289023722516e-06,0.9599980623135703,25,30,0
24,7373,1.0697663410682695e-23,0.03999959685752782,2.379375994128523e-06,0.9599980237664785,25,30,0
24,7374,1.0697699382988637e-23,0.03999959685752782,2.3793854296346234e-06,0.9599980237570429,25,30,0
24,7375,1.0674406550100238e-23,0.03999959685752782,2.33941551805741e-06,0.9599980637269545,25,30,0
24,7376,1.0674843249453757e-23,0.03999959685752782,2.301569899565258e-06,0.959998101572573,25,30,0
24,7377,1.0674864757509344e-23,0.03999959685752782,2.3020337507550934e-06,0.9599981011087219,25,30,0
24,7378,1.0651571542014615e-23,0.03999959685752782,2.301332081668266e-06,0.9599981018103909,25,30,0
24,7379,1.0651607514510957e-23,0.03999959685752782,2.3018063695861174e-06,0.9599981013361031,25,30,0
24,7380,1.065157934902639e-23,0.03999959685752782,2.383794753373256e-06,0.9599980193477193,25,30,0
24,7381,1.064994462322454e-23,0.03999959685752782,2.301295945707237e-06,0.959998101846527,25,30,0
24,7382,5.340727656742611e-24,0.03999959685752782,2.2727881883756998e-06,0.9599981303542842,25,30,0
24,7383,5.340728265927621e-24,0.03999959685752782,2.272804827443589e-06,0.9599981303376451,25,30,0
24,7384,5.3407277650211534e-24,0.03999959685752782,2.2748380195473884e-06,0.959998128304453,25,30,0
24,7385,5.342334445698058e-24,0.03999959685752782,2.2738729157320754e-06,0.9599981292695567,25,30,0
24,7386,5.3656270414641136e-24,0.03999959685752782,2.2738983184237003e-06,0.959998129244154,25,30,0
24,7387,5.3656550877784594e-24,0.03999959685752782,2.271890082681555e-06,0.9599981312523898,25,30,0
24,7388,4.3091526938232704e-21,0.03999959685752782,9.456708067668962e-05,0.9599058360617957,25,30,0
24,7389,4.309152721999772e-21,0.03999959685752782,9.456709125136289e-05,0.9599058360512209,25,30,0
24,7390,4.314463540693338e-21,0.03999959685752782,9.456761685780368e-05,0.9599058355256146,25,30,0
24,7391,4.314463547736759e-21,0.03999959685752782,9.456761686859225e-05,0.9599058355256038,25,30,0
24,7392,4.314463547736718e-21,0.03999959685752782,9.456763057613226e-05,0.9599058355118961,25,30,0
24,7393,4.31977436672574e-21,0.03999959685752782,9.46245893006979e-05,0.9599057785531717,25,30,0
24,7394,4.319751453464899e-21,0.03999959685752782,9.474000632770773e-05,0.9599056631361448,25,30,0
24,7395,4.31975308775918e-21,0.03999959685752782,9.944328099142849e-05,0.9599009598614809,25,30,0
24,7396,4.3197530877613484e-21,0.03999959685752782,9.944331604345856e-05,0.959900959826429,25,30,0
24,7397,1.5964442462142358e-23,0.03999959685752782,7.187637436418842e-06,0.9599932155050361,25,30,0
24,7398,1.6034322136298218e-23,0.03999959685752782,7.187602818853603e-06,0.9599932155396536,25,30,0
24,7399,1.603432251362293e-23,0.03999959685752782,7.14813263297277e-06,0.9599932550098395,25,30,0
24,7400,1.6035956999891083e-23,0.03999959685752782,7.149552915852684e-06,0.9599932535895566,25,30,0
24,7401,1.6035964164713742e-23,0.03999959685752782,7.147555568433558e-06,0.9599932555869038,25,30,0
24,7402,1.6035956988757708e-23,0.03999959685752782,7.065058002910531e-06,0.9599933380844693,25,30,0
24,7403,1.605924963622962e-23,0.03999959685752782,7.179563762594968e-06,0.9599932235787096,25,30,0
24,7404,1.6059249759955943e-23,0.03999959685752782,7.179553491186176e-06,0.9599932235889811,25,30,0
24,7405,1.074839471667239e-23,0.03999959685752782,7.179019348233107e-06,0.959993224123124,25,30,0
24,7406,1.0771658178022007e-23,0.03999959685777243,8.91670192947153e-06,0.9599914864402983,25,30,0
24,7407,1.0678485404990341e-23,0.03999959685777243,8.916711147405904e-06,0.9599914864310803,25,30,0
24,7408,1.0773285742001568e-23,0.03999959685777243,8.91865723937515e-06,0.9599914844849884,25,30,0
24,7409,1.0773285744321251e-23,0.03999959685777243,9.034539349385095e-06,0.9599913686028784,25,30,0
24,7410,1.0772876596780922e-23,0.03999959685777243,9.034494930464598e-06,0.9599913686472975,25,30,0
24,7411,1.2193758819734095e-23,0.039999596857772504,9.15722099989454e-06,0.9599912459212279,25,30,0
24,7412,1.2193343503054516e-23,0.039999596857772504,9.1186379734939e-06,0.959991284504254,25,30,0
24,7413,1.7504191700336193e-23,0.039999596857772504,9.118663192808919e-06,0.9599912844790349,25,30,0
24,7414,1.7505825617285983e-23,0.039999596857772504,1.3821937860054715e-05,0.9599865812043675,25,30,0
24,7415,1.7505789269778092e-23,0.039999596857772504,1.3821473850541938e-05,0.9599865816683772,25,30,0
24,7416,1.748249623835402e-23,0.039999596857772504,1.370755396036522e-05,0.9599866955882673,25,30,0
24,7417,1.2173491204298955e-23,0.039999596857772504,1.2086695112742491e-05,0.9599883164471149,25,30,0
24,7418,1.2173061168981666e-23,0.039999596857772504,1.2085282972307252e-05,0.9599883178592553,25,30,0
24,7419,1.2173061543956274e-23,0.039999596857772504,1.196936581464955e-05,0.9599884337764131,25,30,0
24,7420,1.2171426817033178e-23,0.039999596857772504,1.1967324039188701e-05,0.9599884358181885,25,30,0
24,7421,1.2173060926336787e-23,0.039999596857772504,1.1967333232815359e-05,0.9599884358089948,25,30,0
24,7422,1.2173082434584324e-23,0.039999596857772504,1.1967341547694894e-05,0.9599884358006799,25,30,0
24,7423,1.2264620852424266e-23,0.039999596857772504,1.1968788736107213e-05,0.9599884343534916,25,30,0
24,7424,1.2262993610538261e-23,0.039999596857772504,7.2939611444728295e-06,0.9599931091810832,25,30,0
24,7425,1.0842519914735456e-23,0.03999959685777243,7.173268280788134e-06,0.9599932298739469,25,30,0
24,7426,1.0848262343487624e-23,0.03999959685792287,7.17326813207619e-06,0.9599932298739452,25,30,0
24,7427,1.0848262119172689e-23,0.03999959685792287,7.211814840037337e-06,0.9599931913272373,25,30,0
24,7428,1.094146369200365e-23,0.03999959685792287,7.2122789065408965e-06,0.9599931908631709,25,30,0
24,7429,1.0941435643637565e-23,0.03999959685792287,7.212278898963156e-06,0.9599931908631784,25,30,0
24,7430,1.094144281298847e-23,0.03999959685792287,7.212769659478669e-06,0.9599931903724179,25,30,0
24,7431,1.1044673290669454e-23,0.03999998791976542,6.821707816906538e-06,0.9599931903724179,25,30,0
24,7432,1.104467291112925e-23,0.03999998791976542,6.820260665610972e-06,0.9599931918195692,25,30,0
24,7433,5.733853921950241e-24,0.03999998791976542,6.766146786944379e-06,0.9599932459334478,25,30,0
24,7434,5.640681124987522e-24,0.03999998791976542,6.726152299171346e-06,0.9599932859279356,25,30,0
24,7435,5.642344405844896e-24,0.03999998791976542,6.726660564926045e-06,0.9599932854196699,25,30,0
24,7436,5.6423445979601205e-24,0.03999998791976542,2.0254189248205714e-06,0.95999798666131,25,30,0
24,7437,5.735517489277134e-24,0.03999998791976542,2.0259192060750996e-06,0.9599979861610286,25,30,0
24,7438,5.7338828839131145e-24,0.03999998791976542,2.02388555333344e-06,0.9599979881946814,25,30,0
24,7439,5.733882870753456e-24,0.03999998791976542,2.023884935822994e-06,0.9599979881952989,25,30,0
24,7440,5.642753361761921e-24,0.03999998791976542,2.02541859005362e-06,0.9599979866616447,25,30,0
24,7441,5.549558839005966e-24,0.03999998791976542,2.024954523993307e-06,0.9599979871257108,25,30,0
24,7442,5.549150563165067e-24,0.03999998791976542,2.024377111258798e-06,0.9599979877031235,25,30,0
24,7443,1.0860005829429642e-23,0.03999998791976542,2.0230626454497487e-06,0.9599979890175893,25,30,0
24,7444,1.0860041550256351e-23,0.03999998791976542,2.0235490692607297e-06,0.9599979885311655,25,30,0
24,7445,1.08600417927925e-23,0.03999998791976542,2.025557946530896e-06,0.9599979865222881,25,30,0
24,7446,1.0883299664910508e-23,0.03999998791976542,2.0255462733267857e-06,0.9599979865339613,25,30,0
24,7447,1.0883305837017721e-23,0.03999998791976542,2.025571008533566e-06,0.9599979865092262,25,30,0
24,7448,1.0883305711239761e-23,0.03999998791976542,2.0248347437174356e-06,0.9599979872454909,25,30,0
24,7449,1.2304189381087547e-23,0.03999998791976542,2.1012601385399646e-06,0.9599979108200962,25,30,0
24,7450,1.2329108618194599e-23,0.039999987919765494,4.382474066128464e-06,0.9599956296061686,25,30,0
24,7451,1.3655187873510948e-23,0.039999987919765494,4.3830637784931605e-06,0.9599956290164562,25,30,0
24,7452,1.366294657663139e-23,0.03998912696095702,1.5244022586977837e-05,0.9599956290164562,25,30,0
24,7453,8.352091685533217e-24,0.03998912696095702,1.5243328801272709e-05,0.9599956297102419,25,30,0
24,7454,8.4436012947106e-24,0.03998912696095702,1.5242858664243067e-05,0.9599956301803789,25,30,0
24,7455,8.420315365250846e-24,0.03998912696095702,1.5243060180084407e-05,0.959995629978863,25,30,0
24,7456,8.397023226553908e-24,0.03998912696071241,1.3503982408370973e-05,0.9599973690568794,25,30,0
24,7457,8.397023720684543e-24,0.03998912696071241,1.3506015834497155e-05,0.9599973670234533,25,30,0
24,7458,8.420316945451892e-24,0.03998912696071241,1.3506076901105945e-05,0.9599973669623866,25,30,0
24,7459,8.420316945487871e-24,0.03998912696071241,1.3506112122749088e-05,0.959997366927165,25,30,0
24,7460,8.32551660832143e-24,0.03998912696071241,1.3506198433604105e-05,0.959997366840854,25,30,0
24,7461,8.32551622878774e-24,0.03998912696071241,1.3390281886434058e-05,0.9599974827574013,25,30,0
24,7462,8.325515725716747e-24,0.03998912696071241,1.3390256497813917e-05,0.9599974827827898,25,30,0
24,7463,8.325515483059062e-24,0.03998912696071241,1.3390290924140383e-05,0.9599974827483635,25,30,0
24,7464,9.653225318460142e-24,0.03998912696071241,1.3506200458317955e-05,0.9599973668388294,25,30,0
24,7465,9.653226064417653e-24,0.03998912696071241,1.3506235516828398e-05,0.959997366803771,25,30,0
24,7466,9.746398950937247e-24,0.03998912696071241,1.3507658535577777e-05,0.9599973653807523,25,30,0
24,7467,9.769691428827756e-24,0.03998912696071241,1.3509071257969535e-05,0.9599973639680299,25,30,0
24,7468,1.5080546655328703e-23,0.03998912696071241,1.3509057098854488e-05,0.959997363982189,25,30,0
24,7469,1.5078912166679741e-23,0.03998912696071241,1.3509031710067722e-05,0.9599973640075777,25,30,0
24,7470,1.5078503639415896e-23,0.03998912696071241,1.3507033121803556e-05,0.9599973660061658,25,30,0
24,7471,1.5080130580411395e-23,0.03998912696071241,1.3533447174397357e-05,0.9599973395921133,25,30,0
24,7472,1.5103423813847756e-23,0.03998912696071241,1.3533508233813744e-05,0.9599973395310539,25,30,0
24,7473,1.510342381485766e-23,0.03998912696071241,1.350507283829085e-05,0.9599973679664494,25,30,0
24,7474,1.5103416636877777e-23,0.03998912696071241,1.3476625140602222e-05,0.959997396414147,25,30,0
24,7475,9.792998723028962e-24,0.03998912696071241,1.5099504879472679e-05,0.9599957735344081,25,30,0
24,7476,9.792998720916822e-24,0.03998912696071241,1.5100915400457973e-05,0.9599957721238872,25,30,0
24,7477,9.792991686130695e-24,0.03998912696071241,1.5100915220002286e-05,0.9599957721240676,25,30,0
24,7478,9.792583160065675e-24,0.03998912696071241,1.4987031064649663e-05,0.9599958860082229,25,30,0
24,7479,8.394992974478535e-24,0.03998912696071241,1.4910031488295093e-05,0.9599959630077994,25,30,0
24,7480,9.722705079066706e-24,0.03998912696071241,1.4949501883406217e-05,0.9599959235374043,25,30,0
24,7481,4.41225837427103e-24,0.03998912696071241,1.4950923824752778e-05,0.959995922115463,25,30,0
24,7482,4.3191219543819645e-24,0.03998912696071241,1.4949499999523681e-05,0.9599959235392882,25,30,0
24,7483,5.623542537435004e-24,0.03998912696071241,1.4949487344382757e-05,0.9599959235519434,25,30,0
24,7484,5.623542530815104e-24,0.03998912696071241,1.4949497622739597e-05,0.959995923541665,25,30,0
24,7485,5.6002779843741076e-24,0.03998912696071241,1.4948548744145758e-05,0.9599959244905436,25,30,0
24,7486,5.600270940914035e-24,0.03998912696071241,1.4946516153373581e-05,0.9599959265231344,25,30,0
24,7487,5.600263145185239e-24,0.03998912696071241,1.4945839872540564e-05,0.9599959271994152,25,30,0
24,7488,1.0817321525857307e-23,0.03998912696071241,1.9649102589764986e-05,0.9599912239366979,25,30,0
24,7489,1.0838980137183999e-23,0.03998912696071241,1.9649713411901383e-05,0.9599912233258757,25,30,0
24,7490,1.0815686914698622e-23,0.03998912696071241,1.964968801616798e-05,0.9599912233512714,25,30,0
24,7491,1.0792422367411963e-23,0.03998912696071241,2.4350929643639202e-05,0.959986522109644,25,30,0
24,7492,1.0792451535673892e-23,0.03998912696071241,2.9054194638196514e-05,0.9599818188446494,25,30,0
24,7493,1.0792450026235941e-23,0.03998912696071241,3.1476286853892536e-05,0.9599793967524338,25,30,0
24,7494,1.0792887230751515e-23,0.03998912696071241,3.147678638354041e-05,0.9599793962529042,25,30,0
24,7495,1.0792897685458288e-23,0.03998912696071241,3.136292077702787e-05,0.9599795101185107,25,30,0
24,7496,9.465219161586453e-24,0.03998912696071241,3.136140972270133e-05,0.9599795116295653,25,30,0
24,7497,9.465190484489152e-24,0.03998912696071241,3.13608999369943e-05,0.959979512139351,25,30,0
24,7498,9.465218648778662e-24,0.03998912696071241,3.1362921373683514e-05,0.9599795101179143,25,30,0
24,7499,8.137498358515977e-24,0.03998912696071241,3.136230044606179e-05,0.9599795107388419,25,30,0
24,7500,8.159128931385902e-24,0.03998912696071241,3.135944945829112e-05,0.9599795135898296,25,30,0
24,7501,8.13581420299305e-24,0.03998912696071241,3.135600381999285e-05,0.9599795170354679,25,30,0
24,7502,8.159078740457175e-24,0.03998912696071241,3.135753859679723e-05,0.959979515500691,25,30,0
24,7503,8.135786020026021e-24,0.03998912696071241,3.135695206916645e-05,0.9599795160872188,25,30,0
24,7504,8.017106088734957e-24,0.03999999987379238,2.0484038989180803e-05,0.9599795160872188,25,30,0
24,7505,8.110278358695604e-24,0.03999999987379238,2.048261704945815e-05,0.9599795175091583,25,30,0
24,7506,8.110687018071312e-24,0.03999999987379238,2.048265273098516e-05,0.9599795174734769,25,30,0
24,7507,2.8004844160968205e-24,0.03999999987379238,1.5779377703956665e-05,0.959984220748504,25,30,0
24,7508,2.823777513839164e-24,0.03999999987379238,1.5781411345685555e-05,0.9599842187148618,25,30,0
24,7509,2.823369355114193e-24,0.03999999987379238,1.5779963566909834e-05,0.9599842201626407,25,30,0
24,7510,1.495656059189296e-24,0.03999999987379238,1.5779915732948196e-05,0.9599842202104747,25,30,0
24,7511,1.5189205477171941e-24,0.03999999987379238,1.589580785177746e-05,0.9599841043183559,25,30,0
24,7512,1.5192927274726804e-24,0.03999999987379238,1.589781692325192e-05,0.9599841023092844,25,30,0
24,7513,6.829710637987945e-24,0.03999999987379238,1.4274960552491789e-05,0.9599857251656551,25,30,0
24,7514,5.501998156630167e-24,0.03999999987379238,1.6514558629412915e-05,0.9599834855675783,25,30,0
24,7515,5.525262134598502e-24,0.03999999987379238,1.19271763753573e-05,0.9599880729498323,25,30,0
24,7516,5.525233456973801e-24,0.03999999987379238,9.647583825091073e-06,0.9599903525423826,25,30,0
24,7517,5.52523397107796e-24,0.03999999987379238,9.647548524388255e-06,0.9599903525776834,25,30,0
24,7518,5.524826315449474e-24,0.03999999987379238,9.647986978933182e-06,0.9599903521392288,25,30,0
24,7519,5.4999300869718976e-24,0.039999999873792304,4.944646225302058e-06,0.9599950554799825,25,30,0
24,7520,5.499930087009093e-24,0.039999999873792304,4.946678805285787e-06,0.9599950534474025,25,30,0
24,7521,5.499938136804798e-24,0.039999999873792304,4.948125963966696e-06,0.9599950520002438,25,30,0
24,7522,5.499937631641273e-24,0.039999999873792304,4.948126043074044e-06,0.9599950520001649,25,30,0
24,7523,2.8225529727747716e-25,0.039999999873792304,4.948616369833487e-06,0.9599950515098381,25,30,0
24,7524,3.0551994702649973e-25,0.039999999873792304,4.986613533054879e-06,0.9599950135126748,25,30,0
24,7525,3.0592847431712417e-25,0.039999999873792304,4.986613748826905e-06,0.9599950135124591,25,30,0
24,7526,3.059288513444549e-25,0.039999999873792304,4.986638309967555e-06,0.959995013487898,25,30,0
24,7527,3.758084096342995e-25,0.039999999873792304,4.953243482516116e-06,0.9599950468827254,25,30,0
24,7528,4.689809061194051e-25,0.039999999873792304,5.069133923352776e-06,0.9599949309922846,25,30,0
24,7529,3.758082753780752e-25,0.039999999873792304,4.953207804938345e-06,0.959995046918403,25,30,0
24,7530,3.7582211089147384e-25,0.039999999873792304,5.069090545171842e-06,0.9599949310356628,25,30,0
24,7531,3.7582223427282458e-25,0.039999999873792304,5.069055511473858e-06,0.9599949310706966,25,30,0
24,7532,3.758790746317394e-25,0.039999999873792304,0.00027140348256773764,0.9597285966436402,25,30,0
24,7533,3.7628761872554035e-25,0.039999999873792304,0.00027148600550711796,0.9597285141207008,25,30,0
24,7534,2.8474951510944976e-25,0.039999999873792304,0.0002715193997100226,0.959728480726498,25,30,0
24,7535,3.029802002430084e-22,0.039999999873792304,0.0002715198806067991,0.9597284802456012,25,30,0
24,7536,3.0291032057646035e-22,0.039999999873792304,0.00027152200359173195,0.9597284781226163,25,30,0
24,7537,3.0423805632420177e-22,0.039999999873792304,0.0002715240938198899,0.9597284760323882,25,30,0
24,7538,3.0423806349336055e-22,0.039999999873792304,0.00027152612703315577,0.9597284739991748,25,30,0
24,7539,3.0423765496029645e-22,0.039999999873792304,0.0002714443051262733,0.9597285558210819,25,30,0
24,7540,3.043308278518424e-22,0.039999999873792304,0.00027144442094902783,0.959728555705259,25,30,0
24,7541,3.0433082118548907e-22,0.039999999873792304,0.0002714424127004869,0.9597285577135075,25,30,0
24,7542,3.044239940807521e-22,0.039999999873792304,0.0002714448243455613,0.9597285553018625,25,30,0
24,7543,3.044239940812103e-22,0.039999999873792304,0.000271330354493459,0.9597286697717144,25,30,0
24,7544,3.0440072959272177e-22,0.039999999873792304,0.00027121446194762743,0.9597287856642603,25,30,0
24,7545,3.0309627989795407e-22,0.039999999873792304,0.0002712124071893023,0.9597287877190187,25,30,0
24,7546,3.0309625839973488e-22,0.039999999873792304,0.00026651114060585696,0.9597334889856021,25,30,0
24,7547,3.0310405169568084e-22,0.03999960643257347,0.0002669045818247246,0.9597334889856021,25,30,0
24,7548,3.030807872754292e-22,0.03999960643257347,0.0002669024447252592,0.9597334911227016,25,30,0
24,7549,3.0298598027972714e-22,0.03999960643257347,0.00026690002385533344,0.9597334935435715,25,30,0
24,7550,3.0298560747315966e-22,0.03999960643257347,0.0002670159658626639,0.9597333776015641,25,30,0
24,7551,3.043128839042534e-22,0.03999960643257347,0.0002670148813082772,0.9597333786861185,25,30,0
24,7552,3.043128623961583e-22,0.03999960643257347,0.0002670168895491364,0.9597333766778776,25,30,0
24,7553,3.0431284075361373e-22,0.03999960643257347,0.00026701691331628753,0.9597333766541104,25,30,0
24,7554,3.042895763332388e-22,0.03999960643257347,0.00026701488010910093,0.9597333786873175,25,30,0
24,7555,3.0429120327407894e-22,0.03999960643257347,0.0002670419058416982,0.959733351661585,25,30,0
24,7556,3.0429160475763965e-22,0.03999960643257347,0.0002670398982189521,0.9597333536692078,25,30,0
24,7557,6.069980387008121e-22,0.03999960643257347,2.3289348122876913e-06,0.9599980646326145,25,30,0
24,7558,3.0429195706445575e-22,0.03999960643257347,7.075043616614509e-07,0.9599996860630651,25,30,0
24,7559,3.043152789661457e-22,0.03999960643257347,7.065565365604846e-07,0.9599996870108902,25,30,0
24,7560,3.0431527179693634e-22,0.03999960643257347,5.906392675320722e-07,0.9599998029281592,25,30,0
24,7561,3.0431527129618266e-22,0.03999960643257347,5.906495351036211e-07,0.9599998029178917,25,30,0
24,7562,3.0564298502547984e-22,0.03999960643257347,5.927984269230427e-07,0.9599998007689998,25,30,0
24,7563,2.9242405609812705e-24,0.03999960643257347,5.923085615998292e-07,0.9599998012588651,25,30,0
24,7564,2.947530439359744e-24,0.03999960643257347,7.198515876040565e-06,0.9599931950515506,25,30,0
24,7565,2.9242477367982647e-24,0.03999960643257347,5.929745603996571e-07,0.9599998005928663,25,30,0
24,7566,8.234218676644444e-24,0.03999960643257347,7.198515876128975e-06,0.9599931950515506,25,30,0
24,7567,6.906504437617074e-24,0.03999960643257347,7.196367021618834e-06,0.9599931972004052,25,30,0
24,7568,6.906468590896159e-24,0.03999960643257347,7.195867490100036e-06,0.9599931976999366,25,30,0
24,7569,1.2240613825051065e-23,0.03999960643257347,7.2738237968436415e-06,0.9599931197436297,25,30,0
24,7570,1.2263906876032931e-23,0.03999960643257347,7.356323631140738e-06,0.9599930372437956,25,30,0
24,7571,1.2263903531190921e-23,0.03999960643257354,7.472246064136985e-06,0.9599929213213625,25,30,0
24,7572,1.2262276088187978e-23,0.03999960643257354,7.472831776870499e-06,0.9599929207356496,25,30,0
24,7573,1.2239018607946587e-23,0.03999960643257354,7.432826983813386e-06,0.9599929607404427,25,30,0
24,7574,1.2239455931760263e-23,0.03999960643257354,7.432875771187216e-06,0.9599929606916554,25,30,0
24,7575,1.2262752946313332e-23,0.03999960643257347,7.318906101019124e-06,0.9599930746613254,25,30,0
24,7576,1.2239839205570608e-23,0.03999960643257347,7.3184278403192385e-06,0.9599930751395861,25,30,0
24,7577,1.2241466659241668e-23,0.03999960643257347,7.318403525867459e-06,0.9599930751639004,25,30,0
24,7578,1.2241036001628197e-23,0.03999960643257347,7.318415206018976e-06,0.9599930751522205,25,30,0
24,7579,1.2217721822285347e-23,0.03999960643257347,7.23591529577677e-06,0.9599931576521306,25,30,0
24,7580,1.2126183664770963e-23,0.03999960643257347,7.236748187730126e-06,0.959993156819239,25,30,0
24,7581,1.2126176621238826e-23,0.03999960643257347,7.234726419488533e-06,0.9599931588410071,25,30,0
24,7582,1.2126162785918318e-23,0.03999960643257347,7.118808165943717e-06,0.9599932747592607,25,30,0
24,7583,8.780584586150404e-23,0.03999960643257347,7.120184583215114e-06,0.9599932733828435,25,30,0
24,7584,4.400189694529952e-21,0.03999960643257347,7.199998886120646e-06,0.9599931935685404,25,30,0
24,7585,4.400189293055063e-21,0.03999960643257347,7.202006946498288e-06,0.9599931915604804,25,30,0
24,7586,4.400189264503552e-21,0.03999960643257347,7.202006331603067e-06,0.9599931915610952,25,30,0
24,7587,4.400190898992202e-21,0.03999960643257347,7.201996675876567e-06,0.9599931915707508,25,30,0
24,7588,4.4001909205089314e-21,0.03999960643257347,7.20198639751981e-06,0.9599931915810292,25,30,0
24,7589,4.400189286397633e-21,0.03999960643257347,7.200619363182356e-06,0.9599931929480635,25,30,0
24,7590,4.400188884285051e-21,0.03999960643257347,7.198586956269988e-06,0.9599931949804704,25,30,0
24,7591,4.400188883658519e-21,0.03999960643257347,7.198586518469678e-06,0.9599931949809083,25,30,0
24,7592,4.702841450416393e-21,0.03999960643281804,1.578154507789633e-05,0.9599846120221042,25,30,0
24,7593,4.7041691564837054e-21,0.03999960643281804,1.5783543343086992e-05,0.959984610023839,25,30,0
24,7594,4.70417079109457e-21,0.03999960643281804,1.5866066924426182e-05,0.9599845275002576,25,30,0
24,7595,4.704170798195252e-21,0.03999960643281804,1.5983951309747193e-05,0.9599844096158724,25,30,0
24,7596,4.70417082636966e-21,0.03999960643281804,1.5985373691942865e-05,0.9599844081934902,25,30,0
24,7597,4.70416919189321e-21,0.03999960643281804,1.5902861802339165e-05,0.9599844907053797,25,30,0
24,7598,4.704171263248538e-21,0.03999960643281804,1.7525762879101493e-05,0.9599828678043031,25,30,0
24,7599,4.7094821109742575e-21,0.03999960643281804,1.752823501447658e-05,0.9599828653321676,25,30,0
24,7600,3.9574725588074114e-22,0.03999960643281804,1.7445028531223123e-05,0.9599829485386508,25,30,0
24,7601,3.9574888382780576e-22,0.03999960643281804,1.7473500366216834e-05,0.9599829200668158,25,30,0
24,7602,3.9442117008802965e-22,0.03999960643281804,1.7471466687158603e-05,0.959982922100495,25,30,0
24,7603,3.1876478009260906e-22,0.03999960643281804,1.7497862306495135e-05,0.9599828957048756,25,30,0
24,7604,3.1876314559540216e-22,0.03999960643281804,1.749786187180286e-05,0.9599828957053103,25,30,0
24,7605,1.6108951897884587e-23,0.03999960643257347,8.91489835285706e-06,0.9599914786690738,25,30,0
24,7606,1.6085651574876924e-23,0.03999960643257347,8.796943237446815e-06,0.9599915966241893,25,30,0
24,7607,1.6084016460821692e-23,0.03999960643257347,8.768470776716638e-06,0.95999162509665,25,30,0
24,7608,1.6082388513757066e-23,0.03999960643257347,8.739998500388836e-06,0.9599916535689264,25,30,0
24,7609,1.7410102188246605e-23,0.03999960643257347,8.740007871181989e-06,0.9599916535595555,25,30,0
24,7610,1.7410510338386563e-23,0.03999960643257347,8.740510500110117e-06,0.9599916530569266,25,30,0
24,7611,1.741053147551393e-23,0.03999960643257347,8.823013017273772e-06,0.9599915705544094,25,30,0
24,7612,1.7410158166101427e-23,0.03999960643257347,8.822538891323458e-06,0.9599915710285355,25,30,0
24,7613,1.7411792675972667e-23,0.03999960643257347,1.110009870375375e-05,0.959989293468723,25,30,0
24,7614,1.2100966451687796e-23,0.03999960643257347,1.1099599587539385e-05,0.9599892939678392,25,30,0
24,7615,1.2100966458307662e-23,0.03999960643257347,1.1099599407218293e-05,0.9599892939680196,25,30,0
24,7616,1.2100557794251419e-23,0.03999960643257347,1.1099577726776185e-05,0.9599892939897,25,30,0
24,7617,1.2098944909522524e-23,0.03999960643257347,8.84845691504034e-06,0.9599915451105118,25,30,0
24,7618,8.777428371466175e-23,0.03999960643257347,1.1128023210442341e-05,0.9599892655442163,25,30,0
24,7619,8.776639028334419e-23,0.03999999978512922,1.0734670654657735e-05,0.9599892655442163,25,30,0
24,7620,8.653164153946066e-23,0.0399999997851335,0.00010303035959704266,0.9598969698552697,25,30,0
24,7621,8.65316199056893e-23,0.0399999997851335,0.0001029478487724875,0.9598970523660942,25,30,0
24,7622,8.65316204086462e-23,0.0399999997851335,0.00010294787416421622,0.9598970523407026,25,30,0
24,7623,8.655491361456586e-23,0.0399999997851335,0.00010297635693695224,0.9598970238579299,25,30,0
24,7624,8.655494215733125e-23,0.0399999997851335,0.00010297637003735578,0.9598970238448294,25,30,0
24,7625,8.12208256071618e-23,0.0399999997851335,0.00010289986132423774,0.9598971003535424,25,30,0
24,7626,8.662378398792302e-23,0.0399999997851335,0.0002824050703422087,0.9597175951445245,25,30,0
24,7627,8.662378398792335e-23,0.0399999997851335,0.000282403648394697,0.9597175965664718,25,30,0
24,7628,8.662541860662957e-23,0.0399999997851335,0.00028240414773475096,0.9597175960671318,25,30,0
24,7629,8.662702504658878e-23,0.0399999997851335,0.00028240460483210686,0.9597175956100346,25,30,0
24,7630,8.672019694904912e-23,0.0399999997851335,0.0002824046302348373,0.9597175955846317,25,30,0
24,7631,8.6696903866832e-23,0.0399999997851335,0.00028245868010131616,0.9597175415347653,25,30,0
24,7632,8.669689670862691e-23,0.0399999997851335,0.0002824580942240507,0.9597175421206425,25,30,0
24,7633,8.670465581390899e-23,0.03999960643257806,0.00028285144677951863,0.9597175421206425,25,30,0
24,7634,9.201548434724986e-23,0.03999960643257806,0.00028289144144416525,0.959717502125978,25,30,0
24,7635,9.192190331227607e-23,0.03999960643257806,0.000282889300738799,0.9597175042666833,25,30,0
24,7636,9.182897409599284e-23,0.039999606432573775,0.0001905942922143686,0.959809799275212,25,30,0
24,7637,9.182898114161846e-23,0.039999606432573775,0.00019051380229911992,0.9598098797651272,25,30,0
24,7638,9.182734702591052e-23,0.039999606432573775,0.00019051330296176102,0.9598098802644647,25,30,0
24,7639,9.182731835512784e-23,0.039999606432573775,0.0001905112688913527,0.959809882298535,25,30,0
24,7640,8.642601609683e-23,0.039999606432573775,1.1007506552762225e-05,0.9599893860608735,25,30,0
24,7641,1.6210567860350899e-22,0.03999960643257378,1.1036015106207176e-05,0.9599893575523203,25,30,0
24,7642,1.6201251336724987e-22,0.03999960643257378,1.103752426430894e-05,0.9599893560431622,25,30,0
24,7643,1.5803019570189473e-22,0.03999960643257378,6.054182742813718e-06,0.9599943393846836,25,30,0
24,7644,1.5800690967163528e-22,0.03999960643257378,7.648575187571619e-06,0.9599927449922389,25,30,0
24,7645,1.5800691017478304e-22,0.03999960643257378,7.648583943406374e-06,0.959992744983483,25,30,0
24,7646,1.5800694601256108e-22,0.03999960643257378,7.648644567651734e-06,0.9599927449228587,25,30,0
24,7647,1.5803023916312095e-22,0.03999960643257378,7.764562349798667e-06,0.9599926290050764,25,30,0
24,7648,1.5800697417814568e-22,0.03999960643257378,7.648661630737914e-06,0.9599927449057957,25,30,0
24,7649,8.233326281229183e-23,0.03999960643257378,5.451581649952614e-06,0.9599949419857764,25,30,0
24,7650,6.653607975753326e-24,0.039999606432573775,5.4251062677242275e-06,0.9599949684611586,25,30,0
24,7651,6.653636653083956e-24,0.039999606432573775,5.425114589378221e-06,0.959994968452837,25,30,0
24,7652,6.653629483926164e-24,0.039999606432573775,5.425062293964484e-06,0.9599949685051324,25,30,0
24,7653,6.770088006749881e-24,0.03999960643257807,5.567425125629114e-06,0.9599948261422965,25,30,0
24,7654,1.7266336974553382e-20,0.03999960643257807,7.2189297087257745e-06,0.9599931746377134,25,30,0
24,7655,1.7266336953556208e-20,0.03999960643257807,1.1922204543723795e-05,0.9599884713628783,25,30,0
24,7656,1.7266335297439323e-20,0.03999960643257807,1.1839681599193378e-05,0.9599885538858227,25,30,0
24,7657,3.452130309680437e-20,0.03999960643257807,1.1840181346071169e-05,0.9599885533860758,25,30,0
24,7658,3.4522630806640096e-20,0.03999960643257807,1.1956099107644502e-05,0.9599884374683143,25,30,0
24,7659,3.452265246468856e-20,0.03999960643257807,1.2071546128187415e-05,0.9599883220212939,25,30,0
24,7660,3.452265083007423e-20,0.03999960643257807,1.2070134028788708e-05,0.9599883234333934,25,30,0
24,7661,3.4522650851070695e-20,0.03999960643257807,1.0447268909465233e-05,0.9599899462985126,25,30,0
24,7662,3.4522651252054563e-20,0.03999960643257807,5.743981318595108e-06,0.9599946495861034,25,30,0
24,7663,3.452265125306079e-20,0.03999960643257807,5.744006067743808e-06,0.9599946495613543,25,30,0
24,7664,3.4524072109120287e-20,0.03999960643257807,5.799470482406987e-06,0.9599945940969397,25,30,0
24,7665,3.452274439966376e-20,0.03999960643257807,5.68357807394884e-06,0.9599947099893481,25,30,0
24,7666,3.4528055243946954e-20,0.03999960643257807,5.766102265264465e-06,0.9599946274651568,25,30,0
24,7667,3.452810180145571e-20,0.03999960643257807,5.855584916894369e-06,0.9599945379825052,25,30,0
24,7668,3.452810343606786e-20,0.03999960643257807,5.854163192968427e-06,0.9599945394042293,25,30,0
24,7669,3.4528095676962577e-20,0.0399999997880288,5.460807742208105e-06,0.9599945394042293,25,30,0
24,7670,3.4528095648419886e-20,0.0399999997880288,5.460781008143739e-06,0.9599945394309632,25,30,0
24,7671,3.452809725435697e-20,0.0399999997880288,5.462192967202597e-06,0.9599945380190043,25,30,0
24,7672,3.452798082462626e-20,0.039999999788024515,5.357791586988702e-06,0.9599946424203888,25,30,0
24,7673,1.7273013025252573e-20,0.039999999788024515,5.355869173901112e-06,0.9599946443428018,25,30,0
24,7674,1.7274340731323138e-20,0.039999999788024515,5.355904415495581e-06,0.9599946443075602,25,30,0
24,7675,1.7273013017714868e-20,0.039999999788024515,5.436358657185795e-06,0.9599945638533185,25,30,0
24,7676,1.7273013032421913e-20,0.039999999788024515,5.476344381453232e-06,0.9599945238675942,25,30,0
24,7677,1.7273010967734952e-20,0.039999999788024515,3.854144812287374e-06,0.9599961460671635,25,30,0
24,7678,1.7273010968238104e-20,0.039999999788024515,3.854157665339008e-06,0.9599961460543105,25,30,0
24,7679,1.7271590463485598e-20,0.039999999788024515,3.798695218168384e-06,0.9599962015167576,25,30,0
24,7680,1.7271592478071767e-20,0.039999999788024515,3.829178303133919e-06,0.9599961710336725,25,30,0
24,7681,1.727557566784613e-20,0.039999999788024515,2.2449654214921544e-06,0.9599977552465543,25,30,0
24,7682,1.7275575660676817e-20,0.039999999788024515,2.2442994195842566e-06,0.9599977559125563,25,30,0
24,7683,1.7275573617413244e-20,0.039999999788024515,2.213790789279394e-06,0.9599977864211866,25,30,0
24,7684,1.727557399071961e-20,0.039999999788024515,2.295648026026787e-06,0.95999770456395,25,30,0
24,7685,1.7275573962044222e-20,0.039999999788024515,2.295639273354599e-06,0.9599977045727026,25,30,0
24,7686,1.7275598889829735e-20,0.039999999788024515,2.378175208683673e-06,0.9599976220367672,25,30,0
24,7687,1.7275598889708218e-20,0.039999999788024515,2.2956522681160058e-06,0.9599977045597079,25,30,0
24,7688,1.7271615753223114e-20,0.039999999788024515,2.2589984012760886e-06,0.9599977412135747,25,30,0
24,7689,1.7271615351728254e-20,0.039999999788024515,2.2610189741130603e-06,0.9599977391930018,25,30,0
24,7690,1.7271615344190393e-20,0.039999999788024515,2.2624409314135546e-06,0.9599977377710447,25,30,0
24,7691,1.7271613709710587e-20,0.039999999788024515,2.261001907655858e-06,0.9599977392100683,25,30,0
24,7692,1.7271613737876215e-20,0.039999999788024515,2.261002522602806e-06,0.9599977392094533,25,30,0
24,7693,1.727161578080187e-20,0.039999999788024515,8.867245485611222e-06,0.9599911329664903,25,30,0
24,7694,1.7271708960878626e-20,0.039999999788024515,8.86727089286816e-06,0.959991132941083,25,30,0
24,7695,1.727170896137276e-20,0.039999999788024515,8.867299827635884e-06,0.9599911329121482,25,30,0
24,7696,1.7271707326760655e-20,0.039999999788024515,8.86727400122232e-06,0.9599911329379748,25,30,0
24,7697,3.4521318850570815e-20,0.039999999788024515,8.895871090199066e-06,0.9599911043408857,25,30,0
24,7698,3.4521318822021395e-20,0.039999999788024515,8.895881975692268e-06,0.9599911043300001,25,30,0
24,7699,3.45212955288642e-20,0.039999999788024515,8.779987955781922e-06,0.9599912202240202,25,30,0
24,7700,3.45212023774646e-20,0.039999999788024515,8.862450461228039e-06,0.9599911377615148,25,30,0
24,7701,3.452115581984317e-20,0.039999999788024515,8.744495100386202e-06,0.9599912557168756,25,30,0
24,7702,3.45211574258905e-20,0.039999999788024515,8.745978176700255e-06,0.9599912542337993,25,30,0
24,7703,3.4521159060006245e-20,0.039999999788024515,8.746477079166793e-06,0.9599912537348966,25,30,0
24,7704,3.452115905949443e-20,0.039999999788024515,8.74848511893553e-06,0.959991251726857,25,30,0
24,7705,3.452115905948575e-20,0.039999999788024515,8.747536869324776e-06,0.9599912526751065,25,30,0
24,7706,3.452115906603489e-20,0.039999999788024515,8.748485740970417e-06,0.9599912517262348,25,30,0
24,7707,3.452115906641222e-20,0.039999999788024515,8.748485737806887e-06,0.9599912517262381,25,30,0
24,7708,3.452115905936849e-20,0.039999999788024515,8.746452545980977e-06,0.95999125375943,25,30,0
24,7709,1.7261592581472862e-20,0.039999999788024515,7.094991771785629e-06,0.959992905220204,25,30,0
24,7710,1.7261592581095566e-20,0.039999999788024515,7.097000015753605e-06,0.9599929032119602,25,30,0
24,7711,1.7261592580987512e-20,0.039999999788024515,7.0969997209215115e-06,0.9599929032122548,25,30,0
24,7712,1.726168614143882e-20,0.039999999788024515,7.054471835306994e-06,0.9599929457401405,25,30,0
24,7713,1.7261686521431975e-20,0.039999999788024515,7.054472043456819e-06,0.9599929457399324,25,30,0
24,7714,1.726168655054332e-20,0.039999999788024515,1.1757763122601483e-05,0.9599882424488533,25,30,0
24,7715,1.7261686141515974e-20,0.039999999788024515,1.1675240072348891e-05,0.9599883249719035,25,30,0
24,7716,1.756440649159439e-20,0.039999999788024515,6.973411613688694e-06,0.9599930268003621,25,30,0
24,7717,1.7564404857321793e-20,0.039999999788024515,3.672166168099118e-07,0.9599996329953591,25,30,0
24,7718,1.726177727116335e-20,0.039999999788024515,3.65770452216781e-07,0.9599996344415236,25,30,0
24,7719,1.726177723518287e-20,0.039999999826874584,3.657316021341029e-07,0.9599996344415236,25,30,0
24,7720,1.7261777263734308e-20,0.039999999826874584,3.636990297759e-07,0.959999636474096,25,30,0
24,7721,1.7261888455454134e-20,0.03999998657669115,3.7694921321859676e-07,0.959999636474096,25,30,0
24,7722,1.726188844791639e-20,0.03999998657669115,3.749158685744574e-07,0.9599996385074405,25,30,0
24,7723,1.7261911734088444e-20,0.03999998657669115,3.756170892016356e-07,0.9599996378062198,25,30,0
24,7724,1.726189951364744e-20,0.03999998657669115,9.263126615241752e-05,0.9599073821571565,25,30,0
24,7725,1.7256600905548484e-20,0.03999998657669115,3.35605968737545e-07,0.9599996778173403,25,30,0
24,7726,1.7256600496643672e-20,0.03999998657669115,3.356328794128771e-07,0.9599996777904295,25,30,0
24,7727,1.7256600503680475e-20,0.03999998657669115,3.3564536263208873e-07,0.9599996777779464,25,30,0
24,7728,1.678142756285155e-24,0.03999998657669115,2.2454948491195502e-07,0.959999788873824,25,30,0
24,7729,1.6797772427080075e-24,0.03999998657669115,2.2599664570725906e-07,0.9599997874266633,25,30,0
24,7730,1.6785512748924564e-24,0.03999998657669115,2.2617340558252003e-07,0.9599997872499034,25,30,0
24,7731,1.5849627729229007e-24,0.03999998657669115,1.8619045585677662e-07,0.9599998272328532,25,30,0
24,7732,1.5866041099338384e-24,0.03999998657669122,4.889460932630643e-06,0.9599951239623763,25,30,0
24,7733,1.5849696909149917e-24,0.03999998657669115,1.861320433766231e-07,0.9599998272912658,25,30,0
24,7734,2.572559511938574e-25,0.03999998657669115,1.8409795744817857e-07,0.9599998293253517,25,30,0
24,7735,2.576644772927268e-25,0.03999998657669115,2.999784941074368e-07,0.9599997134448149,25,30,0
24,7736,2.576932691687413e-25,0.03999998657669115,4.1589650553072203e-07,0.9599995975268034,25,30,0
24,7737,7.59343098300723e-23,0.03999998657669115,2.03883471166559e-06,0.9599979745885974,25,30,0
24,7738,7.584274286601324e-23,0.03999998657669115,2.0393438577662237e-06,0.9599979740794511,25,30,0
24,7739,7.581945002113922e-23,0.03999998657669115,2.0386072971447918e-06,0.9599979748160117,25,30,0
24,7740,7.581985854635994e-23,0.03999998657669115,2.040019404309725e-06,0.9599979734039046,25,30,0
24,7741,7.58198438303778e-23,0.03999998657669115,2.0000599794779908e-06,0.9599980133633293,25,30,0
24,7742,7.581984383037437e-23,0.03999998657669115,2.002081320712828e-06,0.9599980113419881,25,30,0
24,7743,7.58198151618335e-23,0.03999998657669115,2.002080698085382e-06,0.9599980113426109,25,30,0
24,7744,7.570889629063833e-23,0.03999960651189371,2.3821454955518394e-06,0.9599980113426109,25,30,0
24,7745,5.605926790584753e-17,0.03999960651189371,3.952545931612298e-06,0.9599964409421748,25,30,0
24,7746,5.605926790584753e-17,0.03999960651189371,3.952545931612297e-06,0.9599964409421748,25,30,0
24,7747,5.605926790543898e-17,0.03999960651189371,3.952545486139512e-06,0.9599964409426204,25,30,0
24,7748,5.605919222882292e-17,0.03999960651189371,2.3296071073607862e-06,0.959998063880999,25,30,0
24,7749,5.605919222842194e-17,0.03999960651189371,2.3303532155631274e-06,0.9599980631348908,25,30,0
24,7750,5.606350564689761e-17,0.039999606512138304,6.1957183223990965e-06,0.9599941977695394,25,30,0
24,7751,5.606350564733492e-17,0.039999606512138304,6.235713234906145e-06,0.959994157774627,25,30,0
24,7752,5.606350565485549e-17,0.039999993092501705,5.849132871499861e-06,0.959994157774627,25,30,0
24,7753,7.007828503303923e-17,0.039999993092501705,7.471358136398022e-06,0.9599925355493619,25,30,0
24,7754,1.4019092836138172e-17,0.039999993092501705,5.902380221230737e-06,0.9599941045272772,25,30,0
24,7755,1.4019092836144837e-17,0.039999993092501705,5.9024051785232745e-06,0.95999410450232,25,30,0
24,7756,1.4019092836144846e-17,0.039999993092501705,5.900384271808565e-06,0.9599941065232267,25,30,0
24,7757,1.401909283451124e-17,0.039999993092501705,5.899874479398918e-06,0.9599941070330192,25,30,0
24,7758,1.404875984243361e-17,0.014176066264092312,0.025829826702888567,0.9599941070330192,25,30,0
24,7759,1.4048759935606193e-17,0.014176066264092312,0.025829909190793195,0.9599940245451145,25,30,0
24,7760,1.4048765269316924e-17,0.014176066264092312,0.025829872202645036,0.9599940615332627,25,30,0
24,7761,1.4048765269345597e-17,0.014176066264092312,0.025829874235842546,0.9599940595000652,25,30,0
24,7762,1.404876659275965e-17,0.014176066264092312,0.025959397669317825,0.9598645360665902,25,30,0
24,7763,1.404877190320573e-17,0.014176066264092312,0.025959281795958813,0.9598646519399489,25,30,0
24,7764,1.4048771903614882e-17,0.014176066264092312,0.02595939767822621,0.9598645360576816,25,30,0
24,7765,1.4048771903614876e-17,0.014176066264092312,0.025959512113007753,0.9598644216229002,25,30,0
24,7766,1.4066026861820748e-17,0.014176066264092312,0.0259595387080499,0.959864395027858,25,30,0
24,7767,1.406602553843487e-17,0.014176066264092312,0.02583004277400182,0.9599938909619061,25,30,0
24,7768,1.4066020227580148e-17,0.014176066264092312,0.02583004417690731,0.9599938895590009,25,30,0
24,7769,1.4061706809103985e-17,0.01417606626384771,0.025826178811639386,0.9599977549245131,25,30,0
24,7770,1.406170680909731e-17,0.01417606626384771,0.025826178799056354,0.9599977549370962,25,30,0
24,7771,1.4061706807527104e-17,0.01417606626384771,0.025826063380770235,0.9599978703553824,25,30,0
24,7772,1.406170680753377e-17,0.01417606626384771,0.02582606196910127,0.9599978717670513,25,30,0
24,7773,1.4061706807913754e-17,0.01417606626384771,0.02582606340751138,0.959997870328641,25,30,0
24,7774,1.406602054985683e-17,0.01417606626384771,0.025826063444777846,0.9599978702913748,25,30,0
24,7775,1.4066020550258318e-17,0.01417606626384771,0.025826063444368063,0.9599978702917844,25,30,0
24,7776,5.1543888874869386e-20,0.01417606626384771,0.025824481182186623,0.959999452553966,25,30,0
24,7777,5.1543889277359115e-20,0.01417606626384771,0.025824482617459905,0.9599994511186927,25,30,0
24,7778,5.1543914205646886e-20,0.01417606626384771,0.025824538127981297,0.9599993956081712,25,30,0
24,7779,5.1543914205651345e-20,0.01417606626384771,0.025824536119880753,0.9599993976162717,25,30,0
24,7780,5.1543913797503457e-20,0.01417606626384771,0.025824534697492293,0.9599993990386602,25,30,0
24,7781,5.154391339539235e-20,0.01417606626384771,0.025824418780618207,0.9599995149555344,25,30,0
24,7782,5.154388887574872e-20,0.01417606626384771,0.02582436475338891,0.9599995689827636,25,30,0
24,7783,2.1902196844081815e-20,0.039992392321209984,8.038696026693414e-06,0.9599995689827636,25,30,0
24,7784,2.1902196866086362e-20,0.039992392321209984,8.039159449843498e-06,0.9599995685193404,25,30,0
24,7785,1.7588454951059566e-20,0.039992392321209984,8.037149164229892e-06,0.9599995705296261,25,30,0
24,7786,3.3358950955292642e-22,0.039992392321209984,8.01163892401704e-06,0.9599995960398664,25,30,0
24,7787,3.3359074317798126e-22,0.039992392321209984,8.010181493907002e-06,0.9599995974972964,25,30,0
24,7788,3.335907139954128e-22,0.039992392321209984,8.009681965985947e-06,0.9599995979968244,25,30,0
24,7789,3.3359193895060725e-22,0.039992392321209984,8.008259782463462e-06,0.9599995994190078,25,30,0
24,7790,3.399014956431095e-22,0.039977582555247505,2.2818025744937775e-05,0.9599995994190078,25,30,0
24,7791,3.3990146709810015e-22,0.039977582555247505,2.281999832627969e-05,0.9599995974464265,25,30,0
24,7792,3.3990184708264943e-22,0.039977582555247505,2.270611435743613e-05,0.9599997113303954,25,30,0
24,7793,3.399039256899605e-22,0.039977582555247505,2.2733651541790152e-05,0.959999683793211,25,30,0
24,7794,3.399018752568472e-22,0.039977582555247505,2.2788637765145283e-05,0.9599996288069877,25,30,0
24,7795,3.3990190443938074e-22,0.039977582555247505,2.2788646067321562e-05,0.9599996287986856,25,30,0
24,7796,3.39900277497378e-22,0.039977582555247505,2.2788632602016092e-05,0.9599996288121508,25,30,0
24,7797,3.3990025548396756e-22,0.039977582555247505,2.27886593703366e-05,0.9599996287853826,25,30,0
24,7798,3.345661079253678e-22,0.039977582555247505,2.2785653037931063e-05,0.959999631791715,25,30,0
24,7799,3.3456610037868245e-22,0.039977582555247505,2.278424092782064e-05,0.9599996332038251,25,30,0
24,7800,4.102205716824949e-22,0.039977582555247505,2.2857742452407498e-05,0.9599995597023004,25,30,0
24,7801,4.1012740583526878e-22,0.039977582555247505,2.285521049386223e-05,0.959999562234259,25,30,0
24,7802,4.101274058342337e-22,0.039977582555247505,2.9461451690662478e-05,0.9599929559930622,25,30,0
24,7803,7.12147634356842e-22,0.039977582555247505,0.00012172959631747783,0.9599006878484354,25,30,0
24,7804,7.121476271876401e-22,0.039977582555247505,0.00012172958400768623,0.9599006878607451,25,30,0
24,7805,7.121460212529398e-22,0.039977582555247505,0.00012172958359771914,0.9599006878611551,25,30,0
24,7806,7.120761417541398e-22,0.039977582555247505,0.00012168708051156348,0.9599007303642411,25,30,0
24,7807,7.120761417541399e-22,0.039977582555247505,0.00012168708051412295,0.9599007303642388,25,30,0
24,7808,7.120761129511859e-22,0.039977582555247505,0.00012164708680321735,0.9599007703579495,25,30,0
24,7809,4.0935931266855686e-22,0.039977582555247505,0.0001216056744185245,0.9599008117703342,25,30,0
24,7810,3.3367991408215175e-22,0.039977582555247505,0.00012144963740388828,0.9599009678073489,25,30,0
24,7811,3.337726783940717e-22,0.039977582555247505,0.00012147806250826003,0.9599009393822445,25,30,0
24,7812,3.337726779021086e-22,0.039977582555247505,0.0001214795092218222,0.9599009379355309,25,30,0
24,7813,3.3377267073397976e-22,0.039977582555247505,0.00011487330244888774,0.9599075441423038,25,30,0
24,7814,3.3377267086633873e-22,0.039977582555247505,0.00011495579035077415,0.959907461654402,25,30,0
24,7815,3.3377226925702015e-22,0.039977582555247505,0.00011495425562088114,0.9599074631891318,25,30,0
24,7816,3.337489761747573e-22,0.039977582555247505,0.00011491626877556968,0.9599075011759771,25,30,0
24,7817,3.1728725515532146e-23,0.039977582555247505,2.2620599978990898e-05,0.9599997968447737,25,30,0
24,7818,3.1728345530946985e-23,0.039977582555247505,2.2619178003589012e-05,0.9599997982667492,25,30,0
24,7819,3.172833848737312e-23,0.039977582555247505,2.261914295142426e-05,0.9599997983018014,25,30,0
24,7820,3.172670436959163e-23,0.039977582555247505,2.262055657320053e-05,0.9599997968881797,25,30,0
24,7821,3.174999746854767e-23,0.039977582555247505,2.253808974463172e-05,0.9599998793550083,25,30,0
24,7822,3.1750005017439826e-23,0.039977582555247505,2.253875617714165e-05,0.9599998786885757,25,30,0
24,7823,1.0742968934121864e-22,0.039977582555247505,2.254021444659197e-05,0.9599998772303061,25,30,0
24,7824,1.0742969651037972e-22,0.039977582555247505,2.253930186753443e-05,0.9599998781428851,25,30,0
24,7825,1.0742970367307404e-22,0.039977582555247505,2.254130997332339e-05,0.9599998761347794,25,30,0
24,7826,1.0742972417490527e-22,0.039977582555247505,2.2541358481780495e-05,0.9599998760862709,25,30,0
24,7827,1.0745301790140098e-22,0.039977582555247505,2.2543400264195118e-05,0.9599998740444886,25,30,0
24,7828,1.074297244241047e-22,0.039977582555247505,2.254135909988372e-05,0.9599998760856527,25,30,0
24,7829,1.074297529758247e-22,0.039977582555247505,2.2623881438968936e-05,0.9599997935633138,25,30,0
24,7830,1.07429752967153e-22,0.039977582555247505,2.2621883465866974e-05,0.9599997955612869,25,30,0
24,7831,1.074297744771436e-22,0.039977582555247505,2.2622584908271768e-05,0.9599997948598445,25,30,0
24,7832,1.0742976743360578e-22,0.039977582555247505,2.262275137913138e-05,0.9599997946933737,25,30,0
24,7833,1.074297386415509e-22,0.039977582555247505,2.254022824747935e-05,0.9599998772165051,25,30,0
24,7834,4.1014817353408327e-22,0.039977582555247505,2.2580227010527378e-05,0.9599998372177422,25,30,0
24,7835,4.101481520348564e-22,0.039977582555247505,2.2580213923453114e-05,0.9599998372308292,25,30,0
24,7836,4.1014815203690763e-22,0.039977582555247505,2.258021454137667e-05,0.9599998372302113,25,30,0
24,7837,3.7862596618622477e-22,0.03999999013189228,1.7263789660968463e-07,0.9599998372302113,25,30,0
24,7838,3.786026806249767e-22,0.03999999013189228,1.72618854604596e-07,0.9599998372492534,25,30,0
24,7839,4.542823662454153e-22,0.03999999013189228,1.7335600347870246e-07,0.9599998365121045,25,30,0
24,7840,4.5428399318736e-22,0.03999999013189228,1.7476670487778499e-07,0.9599998351014033,25,30,0
24,7841,4.54284008017935e-22,0.03999999013189228,2.1476156750206792e-07,0.9599997951065405,25,30,0
24,7842,3.786043308546595e-22,0.03999999013189228,3.291956935839876e-07,0.9599996806724146,25,30,0
24,7843,3.786043523627115e-22,0.03999999013189228,3.292059656147098e-07,0.9599996806621424,25,30,0
24,7844,3.786043524201688e-22,0.03999999013189228,1.950658808817481e-06,0.9599980592092991,25,30,0
24,7845,3.78604373928069e-22,0.03999999013189228,1.9521051993668926e-06,0.9599980577629086,25,30,0
24,7846,6.813231147279777e-22,0.03999999013189228,1.951081319017165e-06,0.9599980587867889,25,30,0
24,7847,6.813231008924227e-22,0.03999999013189228,1.951033785631543e-06,0.9599980588343223,25,30,0
24,7848,6.813230723495811e-22,0.03999999013189228,1.952365324948395e-06,0.959998057502783,25,30,0
24,7849,6.813247060651543e-22,0.03999999013189228,8.557906108424344e-06,0.9599914519619994,25,30,0
24,7850,6.813263119951161e-22,0.03999999013189228,8.673798731229685e-06,0.9599913360693766,25,30,0
24,7851,6.81328336064854e-22,0.03999999013189228,0.00038177683333826017,0.9596182330347695,25,30,0
24,7852,6.813283575727541e-22,0.03999999013189228,0.0003817782800487898,0.959618231588059,25,30,0
24,7853,3.7860993700773658e-22,0.03999999013189228,0.0003817395688224857,0.9596182702992853,25,30,0
24,7854,3.787031022317384e-22,0.03999999013189228,0.0003817389032731856,0.9596182709648347,25,30,0
24,7855,3.787030736888389e-22,0.03999999013189228,0.00038177229749190703,0.9596182375706159,25,30,0
24,7856,3.7859215486283455e-22,0.03999999970876064,0.0003817627206235354,0.9596182375706159,25,30,0
24,7857,3.785921333549125e-22,0.03999999970876064,0.0003818786123970876,0.9596181216788423,25,30,0
24,7858,3.029140822320062e-22,0.03999999970876064,0.0003818783575145737,0.9596181219337248,25,30,0
24,7859,3.0822330279355114e-22,0.03999999970876064,0.00038025549104956583,0.9596197448001899,25,30,0
24,7860,3.0822333095917514e-22,0.03999999970876064,0.00038025549998955917,0.9596197447912498,25,30,0
24,7861,3.0824662368919075e-22,0.03999999970876064,0.00038025622660621165,0.9596197440646331,25,30,0
24,7862,3.082465951430131e-22,0.03999999970876064,0.0003818776799065973,0.9596181226113327,25,30,0
24,7863,3.0833812258902625e-22,0.03999999970876064,0.0003865804976884818,0.9596134197935509,25,30,0
24,7864,3.0833975767824544e-22,0.03999999970876064,0.0003866082560371306,0.9596133920352022,25,30,0
24,7865,3.083397291289783e-22,0.03999999970876064,0.0003866082211931152,0.9596133920700463,25,30,0
24,7866,3.083634308484116e-22,0.03999999970876064,0.00038653233421641895,0.959613467957023,25,30,0
24,7867,3.083866887269026e-22,0.03999999970876064,0.00038653102763691334,0.9596134692636024,25,30,0
24,7868,3.0836340267206294e-22,0.03999999970876064,0.0003865317483531642,0.9596134685428861,25,30,0
24,7869,3.0969110157239953e-22,0.03999999970876064,0.0003864937873440617,0.9596135065038952,25,30,0
24,7870,3.0438065511780114e-22,0.03999999970876064,0.00038649648787671327,0.9596135038033625,25,30,0
24,7871,3.0438067675163434e-22,0.03999999970876064,0.00038649578636258523,0.9596135045048767,25,30,0
24,7872,3.083638181531808e-22,0.03999999970876064,0.00038649447956418765,0.959613505811675,25,30,0
24,7873,3.0838711188928324e-22,0.03999999970876064,0.0003864951464729198,0.9596135051447666,25,30,0
24,7874,3.0838708371483452e-22,0.03999999970876064,0.0003864936993214342,0.9596135065919181,25,30,0
24,7875,3.083883099850908e-22,0.03999999970876064,0.0003881138656892107,0.9596118864255503,25,30,0
24,7876,3.0838830998978344e-22,0.03999999970876064,0.00038799998125585753,0.9596120003099837,25,30,0
24,7877,3.0838831011331684e-22,0.03999999970876064,0.0003879999812635355,0.9596120003099758,25,30,0
24,7878,3.0838830999876205e-22,0.03999999970876064,0.0003879999806512826,0.9596120003105881,25,30,0
24,7879,3.083882456158192e-22,0.03999999970876064,0.00038799998023039196,0.959612000311009,25,30,0
24,7880,3.0838661140592153e-22,0.03999999970876064,0.00038139376379541624,0.959618606527444,25,30,0
24,7881,3.0841151057415763e-22,0.03999999970876064,0.0003813937810522229,0.9596186065101872,25,30,0
24,7882,3.0840991137401924e-22,0.03999999970876064,0.00037981088323212205,0.9596201894080073,25,30,0
24,7883,3.083167456445444e-22,0.03999999970876064,0.0003798108479224865,0.9596201894433168,25,30,0
24,7884,3.096443554823012e-22,0.03999999970876064,0.0003804675402655128,0.9596195327509739,25,30,0
24,7885,3.0964437699022245e-22,0.03999999970876064,0.00038035365612549535,0.9596196466351139,25,30,0
24,7886,3.0964434115027093e-22,0.03999999970876064,0.00038031365270945654,0.9596196866385301,25,30,0
24,7887,3.0964436982093342e-22,0.03999999970876064,0.0003850155056026878,0.959614984785637,25,30,0
24,7888,3.096443489417326e-22,0.03999999970876064,0.0003850135076367816,0.9596149867836027,25,30,0
24,7889,3.0964435611024e-22,0.03999999970876064,0.00038971680786363435,0.9596102834833757,25,30,0
24,7890,3.0964236058113683e-22,0.03999999970876064,1.6613773261665008e-05,0.959983386517978,25,30,0
24,7891,3.0954923435856687e-22,0.03999999970876064,1.1913954101187703e-05,0.9599880863371382,25,30,0
24,7892,3.0954963583414325e-22,0.03999999970876064,7.2106897325577905e-06,0.9599927896015069,25,30,0
24,7893,3.348560215522411e-22,0.0399775858470341,2.9624551459064814e-05,0.9599927896015069,25,30,0
24,7894,4.648596492461147e-21,0.0399775858470341,2.962308853274336e-05,0.9599927910644331,25,30,0
24,7895,4.6486896151244255e-21,0.0399775858470341,2.494893923453105e-05,0.9599974652137314,25,30,0
24,7896,4.648689607579944e-21,0.0399775858470341,2.506340923753861e-05,0.9599973507437284,25,30,0
24,7897,4.648596463299025e-21,0.0399775858470341,2.5034961690937684e-05,0.9599973791912753,25,30,0
24,7898,4.6485715421548524e-21,0.0399775858470341,2.5006537339095874e-05,0.9599974076156269,25,30,0
24,7899,4.648571571449866e-21,0.0399775858470341,2.508906089073008e-05,0.9599973250920754,25,30,0
24,7900,4.648571535490571e-21,0.0399775858470341,2.5087039401007903e-05,0.9599973271135649,25,30,0
24,7901,4.647243954448343e-21,0.0399775858470341,2.280889396275749e-05,0.9599996052590031,25,30,0
24,7902,4.64724395407101e-21,0.0399775858470341,2.280889396592102e-05,0.959999605259,25,30,0
24,7903,4.6472439540622235e-21,0.0399775858470341,2.28084301126702e-05,0.9599996057228534,25,30,0
24,7904,4.622048487230705e-21,0.039999996530554166,3.977465926469186e-07,0.9599996057228534,25,30,0
24,7905,4.622048515897116e-21,0.039999996530554166,3.9843595168692825e-07,0.9599996050334942,25,30,0
24,7906,4.320657435421928e-21,0.039999996530554166,2.0203276411279703e-06,0.9599979831418046,25,30,0
24,7907,2.502037231570822e-19,0.039999996530554166,2.0589761986450727e-06,0.9599979444932473,25,30,0
24,7908,2.5020372314991305e-19,0.039999996530554166,2.0589405208490187e-06,0.9599979445289251,25,30,0
24,7909,2.5020372314927455e-19,0.039999996530554166,2.0602720340179825e-06,0.9599979431974118,25,30,0
24,7910,2.502037230988378e-19,0.039999996530554166,2.058833286827735e-06,0.959997944636159,25,30,0
24,7911,2.502037463990474e-19,0.039999996530554166,2.174762789458415e-06,0.9599978287066564,25,30,0
24,7912,2.502050737046498e-19,0.039999996530554166,2.1767812032513453e-06,0.9599978266882425,25,30,0
24,7913,4.322009609814639e-21,0.039999996530554166,2.1381059399256964e-06,0.959997865363506,25,30,0
24,7914,4.327320442579439e-21,0.039999996530554166,2.0581156073816864e-06,0.9599979453538385,25,30,0
24,7915,4.3272955152368696e-21,0.039999996530554166,2.0581143609221087e-06,0.959997945355085,25,30,0
24,7916,4.630015873047759e-21,0.039999996530554166,2.0605348342710535e-06,0.9599979429346116,25,30,0
24,7917,4.624705018649187e-21,0.039999996530554166,2.0585017368445315e-06,0.9599979449677092,25,30,0
24,7918,3.1096292030624072e-22,0.039999996530554166,2.0599645131870406e-06,0.9599979435049327,25,30,0
24,7919,3.109645619428231e-22,0.039999996530554166,2.0994605266001823e-06,0.9599979040089194,25,30,0
24,7920,3.109649298246412e-22,0.039999996530554166,0.006251681997201714,0.9537483214722442,25,30,0
24,7921,3.1096492216320737e-22,0.039999996530554166,0.006251681498119116,0.9537483219713269,25,30,0
24,7922,3.1096369300420084e-22,0.039999996530554166,0.006624786557293213,0.9533752169121528,25,30,0
24,7923,3.096360325537407e-22,0.039999996530554166,0.0066231636564588,0.9533768398129873,25,30,0
24,7924,6.109963269804925e-22,0.039999996530554166,0.006802668867311418,0.9531973346021345,25,30,0
24,7925,6.109963059751985e-22,0.039999996530554166,0.006804291743000724,0.9531957117264453,25,30,0
24,7926,6.109963269738373e-22,0.039999996530554166,0.006802668879467598,0.9531973345899784,25,30,0
24,7927,6.109963555253088e-22,0.039999996530554166,0.006802670327028886,0.9531973331424171,25,30,0
24,7928,6.110891120132151e-22,0.039999996530554166,0.006434268560068454,0.9535657349093775,25,30,0
24,7929,6.110192432845438e-22,0.039999996530554166,0.006429567328198104,0.9535704361412479,25,30,0
24,7930,6.097851110174866e-22,0.039999996530554166,0.006429593782301526,0.9535704096871445,25,30,0
24,7931,6.097850753053726e-22,0.039999996530554166,0.006429706218568198,0.9535702972508778,25,30,0
24,7932,4.923526981839455e-21,0.039999996530554166,0.006429706920270939,0.9535702965491751,25,30,0
24,7933,4.923527389997235e-21,0.039999996530554166,0.006429789419070928,0.953570214050375,25,30,0
24,7934,4.923527390010437e-21,0.039999996530554166,0.006429787394836817,0.9535702160746091,25,30,0
24,7935,4.923527425729059e-21,0.039999996530554166,0.006429672925448599,0.9535703305439972,25,30,0
24,7936,4.923525783968906e-21,0.039999996530554166,0.006429632938670788,0.9535703705307751,25,30,0
24,7937,4.923525783966705e-21,0.039999996530554166,0.006429630931037255,0.9535703725384086,25,30,0
24,7938,4.923526184953951e-21,0.039999996530554166,0.006429515074312026,0.9535704883951337,25,30,0
24,7939,6.097842502522315e-22,0.039999996530554166,0.006429512924798023,0.9535704905446477,25,30,0
24,7940,6.097842860911627e-22,0.039999996530554166,0.006429430436579667,0.9535705730328661,25,30,0
24,7941,1.585494477869657e-20,0.03999999653055796,0.01108856087773214,0.9489114425917099,25,30,0
24,7942,1.5854944785857098e-20,0.03999999653055796,0.01108856094801681,0.9489114425214252,25,30,0
24,7943,1.5854944793006592e-20,0.03999999653055796,0.011088560974938742,0.9489114424945032,25,30,0
24,7944,1.5854833874172604e-20,0.03999999978599249,0.011088557719504212,0.9489114424945032,25,30,0
24,7945,1.5552113516364072e-20,0.03999999978599249,0.01108855733143369,0.9489114428825738,25,30,0
24,7946,1.5552206314648285e-20,0.03999999978599249,0.0048390572828615995,0.955160942931146,25,30,0
24,7947,1.5552205905988908e-20,0.03999999978599249,0.0048390572471800715,0.9551609429668274,25,30,0
24,7948,1.5552112732781473e-20,0.03999999978599249,0.004838974724222324,0.9551610254897852,25,30,0
24,7949,1.5552114366892827e-20,0.03999999978599249,0.004838974724729829,0.9551610254892776,25,30,0
24,7950,1.5552184246566585e-20,0.03999999978599249,0.0048389733579593305,0.9551610268560482,25,30,0
24,7951,1.555216094635935e-20,0.03999999978599249,0.004838857440140758,0.9551611427738669,25,30,0
24,7952,1.55534649582657e-20,0.03999999978599249,0.0048388188927940895,0.9551611813212136,25,30,0
24,7953,1.5552137244756944e-20,0.03999999978599249,0.004845423651769645,0.9551545765622379,25,30,0
24,7954,1.5552160530744818e-20,0.03999999978599249,0.004845539533890631,0.955154460680117,25,30,0
24,7955,1.5552160502570518e-20,0.03999999978599249,0.004845539532304478,0.9551544606817032,25,30,0
24,7956,1.5552162144352075e-20,0.03999999978599249,0.0048454241097185225,0.9551545761042891,25,30,0
24,7957,1.555216216598606e-20,0.03999999978599249,0.004845424740042228,0.9551545754739653,25,30,0
24,7958,1.5552068993223507e-20,0.03999999978599249,0.0048454240379494015,0.9551545761760584,25,30,0
24,7959,1.5546758138082073e-20,0.03999999978599249,0.0048454233110718494,0.9551545769029357,25,30,0
24,7960,1.5546757694336914e-20,0.03999999978599249,0.0048454232878419904,0.9551545769261657,25,30,0
24,7961,1.5546757701378093e-20,0.03999999978599249,0.004845462581714255,0.9551545376322933,25,30,0
24,7962,1.5546757665540316e-20,0.03999999978599249,0.004845461133756872,0.9551545390802508,25,30,0
24,7963,1.5546757658876355e-20,0.03999999978599249,0.004845421139020198,0.9551545790749876,25,30,0
24,7964,1.5546757636863096e-20,0.03999999978599249,0.004845421174328583,0.9551545790396792,25,30,0
24,7965,1.5546756869607803e-20,0.03999999978599249,0.004845422713082675,0.9551545775009251,25,30,0
24,7966,1.5546756862447162e-20,0.03999999978599249,0.004845422677415506,0.9551545775365922,25,30,0
24,7967,1.554673356980191e-20,0.03999999978599249,0.004845306760492637,0.955154693453515,25,30,0
24,7968,1.5546733977943016e-20,0.03999999978599249,0.004845308793875104,0.9551546914201325,25,30,0
24,7969,1.5245466856536177e-20,0.03999999978599249,0.004665805616485161,0.9553341945975226,25,30,0
24,7970,1.524546525059029e-20,0.03999999978599249,0.004665805651501755,0.955334194562506,25,30,0
24,7971,1.5246792964269274e-20,0.03999999978599249,0.0046658057224614104,0.9553341944915462,25,30,0
24,7972,1.7256588634536793e-20,0.03999999978598869,6.704245189977065e-06,0.9599932959688214,25,30,0
24,7973,1.725651834577326e-20,0.03999999978598869,6.675774696592023e-06,0.9599933244393148,25,30,0
24,7974,1.725651747828191e-20,0.03999999978598869,6.673776631164791e-06,0.9599933264373803,25,30,0
24,7975,1.7256517478393086e-20,0.03999999978598869,6.713734063422889e-06,0.959993286479948,25,30,0
24,7976,1.7257938307828837e-20,0.03999999978598869,8.33664707218394e-06,0.9599916635669392,25,30,0
24,7977,1.7560621461735826e-20,0.03999999978598869,1.3039941328094806e-05,0.9599869602726834,25,30,0
24,7978,1.75659324298638e-20,0.0399999997859887,8.713301115436074e-06,0.9599912869128958,25,30,0
24,7979,1.7565933684628347e-20,0.0399999997859887,8.711766534665754e-06,0.9599912884474766,25,30,0
24,7980,1.7565933685129104e-20,0.0399999997859887,8.70977058209645e-06,0.9599912904434293,25,30,0
24,7981,1.7641611517263125e-20,0.0399999997859887,8.825691870937674e-06,0.9599911745221406,25,30,0
24,7982,3.866553482289647e-22,0.0399999997859887,8.798166377275392e-06,0.9599912020476341,25,30,0
24,7983,3.866557640567556e-22,0.0399999997859887,8.914083552955412e-06,0.9599910861304585,25,30,0
24,7984,3.8656258455068755e-22,0.0399999997859887,8.886379957801774e-06,0.9599911138340537,25,30,0
24,7985,8.387940927035158e-23,0.0399999997859887,4.183751873379285e-06,0.9599958164621382,25,30,0
24,7986,8.387943793889405e-23,0.0399999997859887,4.185174266360248e-06,0.9599958150397451,25,30,0
24,7987,8.387902211106785e-23,0.0399999997859887,4.069256483410525e-06,0.959995930957528,25,30,0
24,7988,8.38790219875344e-23,0.0399999997859887,4.069256677695173e-06,0.9599959309573339,25,30,0
24,7989,8.397219487732352e-23,0.0399999997859887,4.069317309754048e-06,0.9599959308967017,25,30,0
24,7990,8.397220191222588e-23,0.0399999997859887,4.068627953174909e-06,0.9599959315860583,25,30,0
24,7991,8.397221674514548e-23,0.0399999997859887,4.1465839961118535e-06,0.9599958536300154,25,30,0
24,7992,8.397221674502973e-23,0.0399999997859887,4.145162228866892e-06,0.9599958550517828,25,30,0
24,7993,8.397221711589962e-23,0.0399999997859887,4.145144978156483e-06,0.9599958550690334,25,30,0
24,7994,2.4596708820845775e-19,0.0399999997859887,4.175618291431542e-06,0.9599958245957201,25,30,0
24,7995,2.4596708821524737e-19,0.0399999997859887,4.175645820545957e-06,0.959995824568191,25,30,0
24,7996,2.4596708982130597e-19,0.0399999997859887,4.175455989380973e-06,0.9599958247580221,25,30,0
24,7997,2.4596709024429753e-19,0.0399999997859887,4.176903146975717e-06,0.9599958233108645,25,30,0
24,7998,2.459669970719107e-19,0.0399999997859887,4.176867906645425e-06,0.9599958233461049,25,30,0
24,7999,2.459616877381544e-19,0.0399999997859887,1.8972755031387224e-06,0.9599981029385084,25,30,0
24,8000,2.4596161785835944e-19,0.0399999997859887,1.8952778611916856e-06,0.9599981049361505,25,30,0
24,8001,2.4596171143479055e-19,0.039999999785988775,4.136939495732603e-06,0.9599958632745158,25,30,0
24,8002,2.459670222910616e-19,0.039999999785988775,4.174180300181376e-06,0.9599958260337114,25,30,0
24,8003,2.4596702231898637e-19,0.039999999785988775,4.174176938061554e-06,0.9599958260370736,25,30,0
24,8004,2.459656946061855e-19,0.039999999785988775,4.174130544050596e-06,0.9599958260834675,25,30,0
24,8005,2.4596560105843188e-19,0.0399999997859887,1.9325047117123504e-06,0.9599980677092997,25,30,0
24,8006,2.459655998323467e-19,0.0399999997859887,1.9320189023551377e-06,0.9599980681951092,25,30,0
24,8007,2.4596559981763085e-19,0.0399999997859887,1.8540634744206247e-06,0.9599981461505372,25,30,0
24,8008,2.4596559982468313e-19,0.0399999997859887,1.8540634852100142e-06,0.9599981461505265,25,30,0
24,8009,8.248382667729952e-23,0.0399999997859887,1.8250002499330206e-06,0.9599981752137616,25,30,0
24,8010,8.248385582319408e-23,0.0399999997859887,4.988134496634159e-06,0.959995012079515,25,30,0
24,8011,8.257702154937941e-23,0.0399999997859887,4.98954654453914e-06,0.9599950106674671,25,30,0
24,8012,6.990698906506344e-24,0.03999999978598869,4.873625866869686e-06,0.9599951265881447,25,30,0
24,8013,6.991107557174015e-24,0.03999999978598869,4.873651234425169e-06,0.959995126562777,25,30,0
24,8014,6.96781472660661e-24,0.03999999978598869,4.833656128394292e-06,0.959995166557883,25,30,0
24,8015,6.967843403954488e-24,0.03999999978598869,4.9161435927115365e-06,0.9599950840704188,25,30,0
24,8016,6.967877523211532e-24,0.03999999744823296,4.91848134843804e-06,0.9599950840704188,25,30,0
24,8017,6.967877522943308e-24,0.03999999744823296,4.918456585364173e-06,0.9599950840951817,25,30,0
24,8018,6.874704623182136e-24,0.03999999744823296,4.917981677555479e-06,0.9599950845700895,25,30,0
24,8019,6.87633835278799e-24,0.03999999744823296,4.9165949675317645e-06,0.9599950859567996,25,30,0
24,8020,6.783165457251324e-24,0.03999999744823296,4.915147036876818e-06,0.9599950874047303,25,30,0
24,8021,1.565889724701091e-24,0.03999999744823296,4.878607962914191e-06,0.9599951239438042,25,30,0
24,8022,1.7522065842376378e-24,0.03999999744823296,4.96112230392708e-06,0.9599950414294633,25,30,0
24,8023,1.7522060812413665e-24,0.03999999744823296,4.961097787523374e-06,0.9599950414539797,25,30,0
24,8024,3.079511171544036e-24,0.03999999744823296,4.961697164947166e-06,0.9599950408546023,25,30,0
24,8025,1.6591189372148983e-24,0.039999997448233036,3.421997177245007e-06,0.95999658055459,25,30,0
24,8026,1.65908980000831e-24,0.039999997448233036,2.87310002451098e-07,0.9599997152417649,25,30,0
24,8027,1.6594979523224993e-24,0.039999997448233036,2.8731039873535537e-07,0.9599997152413684,25,30,0
24,8028,1.6828125703532366e-24,0.039999997448233036,2.872841127811125e-07,0.9599997152676543,25,30,0
24,8029,1.6826758445048438e-24,0.03999999982478806,2.8490755776733986e-07,0.9599997152676543,25,30,0
24,8030,3.010396682671956e-24,0.03999999982478806,2.855609076266081e-07,0.9599997146143043,25,30,0
24,8031,2.9875121233784858e-24,0.03999999982478806,2.835747955206287e-07,0.9599997166004165,25,30,0
24,8032,2.893930585292403e-24,0.03999999982478806,2.8142591098880476e-07,0.9599997187493011,25,30,0
24,8033,6.349979963803691e-24,0.039999999824790855,0.01397015015636443,0.9460298500188451,25,30,0
24,8034,4.3163864319453156e-21,0.039999999824792354,2.611587905207473e-06,0.9599973885873027,25,30,0
24,8035,4.316409317143092e-21,0.039999999824792354,2.6122540422711567e-06,0.9599973879211656,25,30,0
24,8036,4.3164093171451846e-21,0.039999999824792354,2.612288839474271e-06,0.9599973878863683,25,30,0
24,8037,4.316409696750183e-21,0.039999999824792354,2.5304669344798114e-06,0.9599974697082735,25,30,0
24,8038,4.316502825572584e-21,0.039999999824792354,9.136700502043679e-06,0.9599908634747056,25,30,0
24,8039,4.317830515983205e-21,0.039999999824792354,1.070556715672728e-05,0.959989294608051,25,30,0
24,8040,4.324160873486757e-21,0.03999967791599181,1.10274759572696e-05,0.959989294608051,25,30,0
24,8041,4.322833131200448e-21,0.03999967791599181,1.1026864279525446e-05,0.9599892952197286,25,30,0
24,8042,4.322810683908554e-21,0.03999967791599181,1.3306421227075619e-05,0.9599870156627813,25,30,0
24,8043,4.3241379893763526e-21,0.03999967791599181,1.3307773860240577e-05,0.9599870143101481,25,30,0
24,8044,4.324114724191734e-21,0.03999967791599181,1.3307060629475336e-05,0.9599870150233789,25,30,0
24,8045,4.324114724200558e-21,0.03999967791599181,1.330909364395297e-05,0.9599870129903644,25,30,0
24,8046,4.32411388543462e-21,0.03999967791599181,1.1029536542790493e-05,0.9599892925474656,25,30,0
24,8047,4.324113476910365e-21,0.03999967791599173,1.106222899482778e-05,0.9599892598550137,25,30,0
24,8048,4.317783120005812e-21,0.03999944733936413,1.1292805622416027e-05,0.9599892598550137,25,30,0
24,8049,4.317783119511485e-21,0.03999944733936413,1.1292805619721095e-05,0.9599892598550163,25,30,0
24,8050,4.316455813909088e-21,0.03999944733936413,1.12907773401764e-05,0.9599892618832959,25,30,0
24,8051,4.315128501596911e-21,0.03999944733936413,1.1318548310698957e-05,0.9599892341123255,25,30,0
24,8052,4.31522166737725e-21,0.03999944733936413,1.1346996148631183e-05,0.9599892056644873,25,30,0
24,8053,4.320532493943964e-21,0.03999944733936413,1.123109957433737e-05,0.9599893215610618,25,30,0
24,8054,4.320439320987842e-21,0.03999944733936413,1.120266138537425e-05,0.9599893499992507,25,30,0
24,8055,4.315151758840677e-21,0.03999944733936413,1.1202684610533837e-05,0.9599893499760256,25,30,0
24,8056,4.34047239503162e-21,0.039999990712772784,1.0659311201877057e-05,0.9599893499760256,25,30,0
24,8057,4.3404728103487205e-21,0.039999990712772784,1.0659358528252137e-05,0.9599893499286992,25,30,0
24,8058,2.698033048796485e-23,0.03999999071276849,8.329221477318076e-06,0.9599916800657544,25,30,0
24,8059,2.5652675915239866e-23,0.03999999071276849,6.761802599751869e-06,0.9599932474846321,25,30,0
24,8060,2.5652275426564155e-23,0.03999999071276849,6.7622759083100385e-06,0.9599932470113234,25,30,0
24,8061,1.0133173563460767e-22,0.03999999071276849,6.878660593290874e-06,0.9599931306266385,25,30,0
24,8062,1.0123860692710653e-22,0.03999999071276849,2.724183917833719e-07,0.9599997368688398,25,30,0
24,8063,1.0133137116420185e-22,0.03999999071276849,2.4397175450474793e-07,0.959999765315477,25,30,0
24,8064,1.0133175126558046e-22,0.03999999071276849,2.459800061760054e-07,0.9599997633072255,25,30,0
24,8065,1.0123898702860913e-22,0.03999999071276849,2.474019496874236e-07,0.9599997618852819,25,30,0
24,8066,1.0123735241646404e-22,0.03999999071276849,2.4883989973290505e-07,0.959999760447332,25,30,0
24,8067,1.0123735241863093e-22,0.03999999071276849,2.5026228493057617e-07,0.9599997590249468,25,30,0
24,8068,1.0123898707931204e-22,0.03999999071276849,1.871715754033168e-06,0.9599981375714775,25,30,0
24,8069,1.0114581456013224e-22,0.03999999071276849,1.7912344396018535e-06,0.9599982180527918,25,30,0
24,8070,1.0112252146341665e-22,0.03999999071276849,1.7911906316298796e-06,0.9599982180965999,25,30,0
24,8071,1.011224929207666e-22,0.03999999071276849,1.789778122548753e-06,0.9599982195091088,25,30,0
24,8072,1.0112249342589213e-22,0.03999999071276849,1.7904441138025994e-06,0.9599982188431178,25,30,0
24,8073,1.0112249341927427e-22,0.03999999071276849,1.7904441169651686e-06,0.9599982188431145,25,30,0
24,8074,1.0112250046300032e-22,0.03999999071276849,1.7890217354491323e-06,0.9599982202654961,25,30,0
24,8075,1.0112253618181169e-22,0.03999999071276849,1.7890338501935793e-06,0.9599982202533813,25,30,0
24,8076,1.011221280406834e-22,0.03999999071276849,1.7904556064052065e-06,0.9599982188316254,25,30,0
24,8077,1.0112255720350375e-22,0.03999999071276849,1.8724798523940093e-06,0.9599981368073794,25,30,0
24,8078,1.0643381360544035e-22,0.03999999071276849,1.873904049385929e-06,0.9599981353831823,25,30,0
24,8079,1.0643379222989802e-22,0.03999999071276849,1.8759018825139863e-06,0.9599981333853492,25,30,0
24,8080,1.077614772312018e-22,0.03999999071276849,1.8759812111067268e-06,0.9599981333060206,25,30,0
24,8081,1.0776107624177243e-22,0.03999999071276849,1.8766572964882423e-06,0.9599981326299354,25,30,0
24,8082,1.0778434128880025e-22,0.03999999071276849,1.8772679383603009e-06,0.9599981320192935,25,30,0
24,8083,1.0249637074218006e-22,0.03999999071276849,1.99173794997728e-06,0.959998017549282,25,30,0
24,8084,1.0119195014559334e-22,0.03999999071276849,2.0316533824763557e-06,0.9599979776338494,25,30,0
24,8085,1.0119235830395652e-22,0.03999999071276849,2.070947002925068e-06,0.9599979383402288,25,30,0
24,8086,1.0109919295643032e-22,0.03999999071276849,2.1514287866767136e-06,0.9599978578584453,25,30,0
24,8087,1.0109919307148496e-22,0.03999999071276849,2.149395310994697e-06,0.9599978598919208,25,30,0
24,8088,4.414931413642297e-21,0.039999990712768496,2.1771346211248806e-06,0.9599978321526106,25,30,0
24,8089,4.41493304825187e-21,0.039999990712768496,2.2930525549415455e-06,0.9599977162346769,25,30,0
24,8090,4.414933013033807e-21,0.039999990712768496,2.295073892445435e-06,0.9599977142133393,25,30,0
24,8091,4.4149330129081836e-21,0.039999990712768496,2.2930652031682074e-06,0.9599977162220287,25,30,0
24,8092,4.416260643747562e-21,0.039999990712768496,4.5706255740083345e-06,0.9599954386616578,25,30,0
24,8093,4.417679900246515e-21,0.039999990712768496,4.532664276103821e-06,0.9599954766229557,25,30,0
24,8094,4.417680301721265e-21,0.039999990712768496,4.5346731390717226e-06,0.9599954746140926,25,30,0
24,8095,4.417774062138369e-21,0.039999990712768496,0.000270829372195432,0.9597291799150364,25,30,0
24,8096,4.417890090692124e-21,0.039999990712768496,0.00027082938435730406,0.9597291799028744,25,30,0
24,8097,4.417890090323463e-21,0.039999990712768496,0.00027083080674558224,0.9597291784804862,25,30,0
24,8098,4.417889681673904e-21,0.039999990712768496,0.0002708023657968749,0.9597292069214347,25,30,0
24,8099,4.417890914657041e-21,0.039999990712768496,0.00027740657397332927,0.9597226027132584,25,30,0
24,8100,4.4178909150362345e-21,0.039999990712768496,0.0002774086074566891,0.959722600679775,25,30,0
24,8101,4.4935706019363684e-21,0.039999990712768496,0.0002774072164124387,0.9597226020708192,25,30,0
24,8102,4.4948766290572296e-21,0.039999990712768496,0.000277407706972106,0.9597226015802595,25,30,0
24,8103,4.494968780037264e-21,0.039999990712768496,0.0005437406861855524,0.9594562686010462,25,30,0
24,8104,4.494970822793557e-21,0.039999990712768496,0.0005438545706267433,0.9594561547166048,25,30,0
24,8105,4.493643213830589e-21,0.039999990712768496,0.0005415750024362081,0.9594584342847954,25,30,0
24,8106,4.493734343469125e-21,0.039999990712768496,0.0005414595846436842,0.9594585497025879,25,30,0
24,8107,4.4977158492130896e-21,0.039999990712768496,0.0005414625655985283,0.9594585467216331,25,30,0
24,8108,4.497692556556778e-21,0.039999990712768496,0.000541346635952402,0.959458662651279,25,30,0
24,8109,4.497694162488412e-21,0.039999990712768496,0.0005414291586383545,0.9594585801285932,25,30,0
24,8110,4.497692936527165e-21,0.039999990712768496,0.0005414291752668252,0.9594585801119648,25,30,0
24,8111,4.497694570764296e-21,0.039999990712768496,0.0005414292110798727,0.9594585800761517,25,30,0
24,8112,4.497694154952758e-21,0.039999990712768496,0.0005414291885023191,0.9594585800987292,25,30,0
24,8113,4.49769415495477e-21,0.039999990712768496,0.0005414291641737942,0.959458580123058,25,30,0
24,8114,4.497787327824195e-21,0.039999990712768496,0.0005415450809066953,0.9594584642063251,25,30,0
24,8115,4.49776404228655e-21,0.039999990712768496,0.0005415065333555364,0.9594585027538761,25,30,0
24,8116,5.9156942410626965e-21,0.03999923487990976,0.0005422623662142888,0.9594585027538761,25,30,0
24,8117,5.915692613994915e-21,0.03999923487990976,0.0005422623910147636,0.9594585027290757,25,30,0
24,8118,5.991370590990594e-21,0.03999923487990976,0.0005356961530582487,0.9594650689670321,25,30,0
24,8119,5.915690972493454e-21,0.03999923487990976,0.0005356561492227341,0.9594651089708677,25,30,0
24,8120,5.917018684638883e-21,0.03999923487990976,0.0005356934007144528,0.9594650717193761,25,30,0
24,8121,5.8413389977409506e-21,0.03999923487990976,0.00053569337964883,0.9594650717404417,25,30,0
24,8122,5.841362290828881e-21,0.03999923487990976,0.0005356933919585883,0.959465071728132,25,30,0
24,8123,5.922339389230505e-21,0.039999234879909834,0.0005423331637606123,0.9594584319563298,25,30,0
24,8124,5.922317730120692e-21,0.039999234879909834,0.0005423311171794804,0.9594584340029109,25,30,0
24,8125,5.922318138266391e-21,0.039999234879909834,0.0005423304417514333,0.9594584346783387,25,30,0
24,8126,5.922248259093395e-21,0.039999234879909834,0.0005423313898655436,0.9594584337302249,25,30,0
24,8127,5.996507051216423e-21,0.039999234879909834,0.0005422555045733442,0.9594585096155168,25,30,0
24,8128,5.996508685817821e-21,0.039999234879909834,0.0005422559791473943,0.9594585091409428,25,30,0
24,8129,5.996485399888212e-21,0.039999234879909834,0.000542256633446778,0.9594585084866435,25,30,0
24,8130,5.99769664779754e-21,0.039999234879909834,0.0005421746099528561,0.9594585905101374,25,30,0
24,8131,5.9976978737611464e-21,0.039999234879909834,0.0005421745931086892,0.9594585905269816,25,30,0
24,8132,6.001681004740656e-21,0.039999234879909834,0.0005422566297000542,0.9594585084903904,25,30,0
24,8133,6.001657711024536e-21,0.039999234879909834,0.0005422552169639893,0.9594585099031263,25,30,0
24,8134,6.648121049581047e-16,0.039999234879909834,0.0072550168694764106,0.9527457482506131,25,30,0
24,8135,6.6481209964725e-16,0.039999234879909834,0.00725501342363299,0.9527457516964566,25,30,0
24,8136,6.648120996456158e-16,0.039999234879909834,0.007253392556037853,0.9527473725640517,25,30,0
24,8137,6.648120186685173e-16,0.03999923487990976,0.007246752819252356,0.9527540123008371,25,30,0
24,8138,6.648120199962199e-16,0.03999923487990976,0.007246870072706416,0.9527538950473833,25,30,0
24,8139,6.648120200910197e-16,0.03999923487990976,0.0072467894958504,0.9527539756242391,25,30,0
24,8140,6.648120187649419e-16,0.03999923487990976,0.007246790792115383,0.9527539743279742,25,30,0
24,8141,6.648120187645403e-16,0.03999923487990976,0.007246788795547823,0.9527539763245417,25,30,0
24,8142,6.648120187645336e-16,0.03999923487990976,0.007246788758499808,0.9527539763615898,25,30,0
24,8143,6.648120187629281e-16,0.03999923487990976,0.00725149204979173,0.9527492730702977,25,30,0
24,8144,6.648120187645631e-16,0.03999923487990976,0.007253114915364756,0.9527476502047247,25,30,0
24,8145,6.648120187649647e-16,0.03999923487990976,0.007253113516757521,0.9527476516033321,25,30,0
24,8146,6.648077049327513e-16,0.03999923487990976,0.007253166853234905,0.9527475982668545,25,30,0
24,8147,6.648080076514958e-16,0.03999923487990976,0.0072531673365620756,0.9527475977835271,25,30,0
24,8148,6.64807706260464e-16,0.03999923487990976,0.007253195291270335,0.9527475698288188,25,30,0
24,8149,6.648077075877648e-16,0.03999923487990976,0.007253311159899863,0.9527474539601894,25,30,0
24,8150,6.648120213208124e-16,0.039999234879909834,0.007253395687340279,0.9527473694327488,25,30,0
24,8151,6.648120213424708e-16,0.039999234879909834,0.007253395723302226,0.952747369396787,25,30,0
24,8152,6.650562818451907e-16,0.039999234879909834,0.007505081220141092,0.9524956838999481,25,30,0
24,8153,6.648119456627877e-16,0.039999234879909834,0.007253393687620512,0.9527473714324688,25,30,0
24,8154,6.64811940351943e-16,0.039999234879909834,0.0072533111742540965,0.952747453945835,25,30,0
24,8155,6.648119443347827e-16,0.039999234879909834,0.007255562293947035,0.9527452028261422,25,30,0
24,8156,6.648105010858666e-16,0.0399999975566772,0.007254799617179656,0.9527452028261422,25,30,0
24,8157,6.648105010862753e-16,0.0399999975566772,0.007254801615153568,0.9527452008281682,25,30,0
24,8158,6.648108091393647e-16,0.0399999975566772,0.00725482758659218,0.9527451748567296,25,30,0
24,8159,6.64810809046823e-16,0.0399999975566772,0.006988494339809355,0.9530115081035127,25,30,0
24,8160,6.648108090684815e-16,0.0399999975566772,0.006988456403309633,0.9530115460400124,25,30,0
24,8161,6.648108090684739e-16,0.0399999975566772,0.006988373905140165,0.953011628538182,25,30,0
24,8162,6.648108090668465e-16,0.0399999975566772,0.006988373406415071,0.9530116290369071,25,30,0
24,8163,6.648108090652401e-16,0.0399999975566772,0.006986751952960265,0.9530132504903619,25,30,0
24,8164,6.648108077375304e-16,0.0399999975566772,0.006986634022621821,0.9530133684207003,25,30,0
24,8165,6.648108077604149e-16,0.0399999975566772,0.006986633449054635,0.9530133689942675,25,30,0
24,8166,6.648108077837085e-16,0.0399999975566772,0.006986633935492905,0.9530133685078291,25,30,0
24,8167,6.648108064559991e-16,0.0399999975566772,0.006986518018360803,0.9530134844249614,25,30,0
24,8168,6.64811109174412e-16,0.0399999975566772,0.006981855214188556,0.9530181472291335,25,30,0
24,8169,6.648111091515275e-16,0.0399999975566772,0.00698185319284548,0.9530181492504767,25,30,0
24,8170,6.64811109153147e-16,0.0399999975566772,0.006988459409454572,0.9530115430338675,25,30,0
24,8171,6.648111091531465e-16,0.0399999975566772,0.0069884594092029075,0.9530115430341192,25,30,0
24,8172,6.64811109058339e-16,0.0399999975566772,0.00698845746187781,0.9530115449814442,25,30,0
24,8173,6.648111090350452e-16,0.0399999975566772,0.006988456985714549,0.9530115454576076,25,30,0
24,8174,6.64811109011753e-16,0.0399999975566772,0.006988456973849414,0.9530115454694726,25,30,0
24,8175,6.648111090101255e-16,0.0399999975566772,0.006988456973636805,0.9530115454696854,25,30,0
24,8176,6.648111090105265e-16,0.0399999975566772,0.0069884583609700675,0.9530115440823519,25,30,0
24,8177,4.930032308058316e-21,0.0399999975566772,0.0002755812734354481,0.9597244211698874,25,30,0
24,8178,4.930033943161486e-21,0.0399999975566772,0.0002756637974358829,0.9597243386458869,25,30,0
24,8179,4.621981261808629e-21,0.0399999975566772,0.0002757517107643492,0.9597242507325585,25,30,0
24,8180,4.621981669967407e-21,0.0399999975566772,0.00027575172348397387,0.9597242507198389,25,30,0
24,8181,4.621981677626628e-21,0.0399999975566772,0.0002757537468556614,0.9597242486964671,25,30,0
24,8182,4.621979726326967e-21,0.0399999998767234,0.0002757514268094747,0.9597242486964671,25,30,0
24,8183,4.6220728992116666e-21,0.0399999998767234,0.0002757528390733387,0.9597242472842034,25,30,0
24,8184,4.622165692067262e-21,0.0399999998767234,0.00027578175065053246,0.9597242183726261,25,30,0
24,8185,4.622165283665612e-21,0.0399999998767234,0.00027578037359555276,0.9597242197496811,25,30,0
24,8186,4.62225844888869e-21,0.0399999998767234,0.00027577976278439807,0.9597242203604922,25,30,0
24,8187,4.6222600834877456e-21,0.0399999998767234,0.00027577982322265235,0.959724220300054,25,30,0
24,8188,4.622353263425317e-21,0.0399999998767234,0.00027578185686459925,0.959724218266412,25,30,0
24,8189,8.687331299434103e-20,0.039992263390847556,0.00028351834274041186,0.9597242182664121,25,30,0
24,8190,8.687331299496976e-20,0.039992263390847556,0.00028351759662722696,0.9597242190125251,25,30,0
24,8191,8.687322043583332e-20,0.039992263390847556,1.7183177781441686e-05,0.9599905534313712,25,30,0
24,8192,8.68731276717156e-20,0.039992263390847556,1.729764796611675e-05,0.9599904389611865,25,30,0
24,8193,8.255939462421004e-20,0.03999226339084748,1.721312052569812e-05,0.9599905234886269,25,30,0
24,8194,8.255939465301117e-20,0.03999226339084748,1.721378651653919e-05,0.9599905228226361,25,30,0
24,8195,8.255939462458527e-20,0.03999226339084748,1.7214372375205955e-05,0.9599905222367773,25,30,0
24,8196,3.0843502855410723e-22,0.03999999018302043,9.487580202279326e-06,0.9599905222367773,25,30,0
24,8197,3.0314776920546163e-22,0.03999999018302043,7.208047873541235e-06,0.9599928017691061,25,30,0
24,8198,3.0314613509650843e-22,0.03999999018302043,7.207987027332491e-06,0.9599928018299524,25,30,0
24,8199,3.032570518362719e-22,0.03999944717220271,7.750997845055582e-06,0.9599928018299524,25,30,0
24,8200,3.0325707361669985e-22,0.03999944717220271,1.1447814277586217e-06,0.9599994080463697,25,30,0
24,8201,3.0325707337397023e-22,0.03999944717220271,1.1427486636686342e-06,0.9599994100791339,25,30,0
24,8202,3.0325707335291097e-22,0.03999944717220271,1.182695962704556e-06,0.9599993701318347,25,30,0
24,8203,3.085675194666462e-22,0.03999944717220271,1.186164113810955e-06,0.9599993666636836,25,30,0
24,8204,3.08474339420831e-22,0.03999944717220271,1.1855528461373116e-06,0.9599993672749513,25,30,0
24,8205,3.0847636093311164e-22,0.03999944717220271,3.46444472054724e-06,0.9599970883830768,25,30,0
24,8206,3.084747621796529e-22,0.03999944717220271,3.383368931182253e-06,0.9599971694588665,25,30,0
24,8207,3.0847435364574337e-22,0.03999944717220271,3.3833675252849765e-06,0.9599971694602722,25,30,0
24,8208,3.0847432566577445e-22,0.03999944717220271,3.3548946257997606e-06,0.9599971979331717,25,30,0
24,8209,3.0847268400990194e-22,0.03999944717220271,3.3549130303506224e-06,0.9599971979147669,25,30,0
24,8210,3.085441982962979e-22,0.03999944717220271,3.3558343628337774e-06,0.9599971969934346,25,30,0
24,8211,3.0854422685028786e-22,0.03999944717220271,3.3577968119573732e-06,0.9599971950309855,25,30,0
24,8212,3.0854258568883105e-22,0.03999944717220271,1.0782393851664461e-06,0.9599994745884122,25,30,0
24,8213,3.085438116492107e-22,0.03999944717220271,9.62357085283842e-07,0.9599995904707121,25,30,0
24,8214,3.0854346701921452e-22,0.03999944717220271,9.623305659875836e-07,0.9599995904972313,25,30,0
24,8215,3.085443129826515e-22,0.03999944717220271,1.0782481037105901e-06,0.9599994745796938,25,30,0
24,8216,3.0854430519563307e-22,0.03999944717220271,1.0775470573184693e-06,0.95999947528074,25,30,0
24,8217,3.085438678853e-22,0.03999944717220271,9.61654255101722e-07,0.9599995911735424,25,30,0
24,8218,5.8254333495296e-24,0.03999944717220271,9.211584111388218e-07,0.9599996316693863,25,30,0
24,8219,1.4015324867368768e-17,0.03999944717220272,1.0029499649531392e-06,0.9599995498778325,25,30,0
24,8220,1.4015324890633188e-17,0.03999944717220272,1.0029621288296061e-06,0.9599995498656686,25,30,0
24,8221,1.4015324890604395e-17,0.03999944717220272,1.0029181475814547e-06,0.95999954990965,25,30,0
24,8222,1.4015324797430878e-17,0.03999944717220272,1.0024194633626312e-06,0.9599995504083342,25,30,0
24,8223,1.401532612677203e-17,0.03999944717220272,1.005425576100145e-06,0.9599995474022214,25,30,0
24,8224,1.401532735967833e-17,0.03999944717220272,1.0044915884760673e-06,0.9599995483362089,25,30,0
24,8225,1.4015327358481045e-17,0.03999944717220272,1.120373414949266e-06,0.9599994324543825,25,30,0
24,8226,1.4015327360115204e-17,0.039999447172202794,2.6492682766966447e-06,0.9599979035595205,25,30,0
24,8227,1.4015323376972908e-17,0.039999447172202794,2.6857824844817332e-06,0.9599978670453129,25,30,0
24,8228,1.4015323376965232e-17,0.039999447172202794,2.685807211427238e-06,0.959997867020586,25,30,0
24,8229,1.4015323375329134e-17,0.03999944717220272,5.559951563316069e-06,0.9599949928762342,25,30,0
24,8230,1.4015323375329008e-17,0.03999944717220272,5.559915278414177e-06,0.9599949929125191,25,30,0
24,8231,1.4015323375329008e-17,0.03999944717220272,5.559928362201816e-06,0.9599949928994352,25,30,0
24,8232,1.4015323377371923e-17,0.03999944717220272,1.2166170894476164e-05,0.959988386656903,25,30,0
24,8233,1.4015323377364254e-17,0.03999944717220272,1.2166632726251603e-05,0.9599883861950711,25,30,0
24,8234,1.4015323377393047e-17,0.03999944717220272,1.2168630845624087e-05,0.9599883841969518,25,30,0
24,8235,1.4015324705105537e-17,0.03999944717220272,1.2208651407363379e-05,0.95998834417639,25,30,0
24,8236,1.4015323377802204e-17,0.03999944717220272,1.2170673242664155e-05,0.9599883821545546,25,30,0
24,8237,1.4015322048454023e-17,0.03999944717220272,1.2169113659270848e-05,0.9599883837141381,25,30,0
24,8238,1.40153219556898e-17,0.03999944717220272,1.2169114101150394e-05,0.9599883837136964,25,30,0
24,8239,1.401532195566112e-17,0.03999944717220272,1.2167691724064786e-05,0.9599883851360734,25,30,0
24,8240,2.8205527969140034e-24,0.03999944717220271,1.2084452666598654e-05,0.9599884683751309,25,30,0
24,8241,2.8205528034177653e-24,0.03999944717220271,1.2084452666598647e-05,0.9599884683751309,25,30,0
24,8242,2.820115977479533e-24,0.03999944717220271,1.1968535785466391e-05,0.959988584292012,25,30,0
24,8243,2.821750580855457e-24,0.03999944717220271,1.1968535939275279e-05,0.9599885842918582,25,30,0
24,8244,4.148836398838039e-24,0.039999447172207006,1.8574495784255076e-05,0.9599819783320087,25,30,0
24,8245,2.823162467577598e-24,0.039999447172207006,0.0001108301736898421,0.9598897226541032,25,30,0
24,8246,2.8231630983263015e-24,0.039999447172207006,0.00011083220689798983,0.9598897206208951,25,30,0
24,8247,2.7998985542604013e-24,0.039999447172207006,0.0001108301839713899,0.9598897226438217,25,30,0
24,8248,2.7998340367515342e-24,0.039999447172207006,0.00011083017499703353,0.9598897226527962,25,30,0
24,8249,2.801468154590016e-24,0.039999447172207006,0.0001108306740872243,0.9598897221537059,25,30,0
24,8250,1.4737830351270273e-24,0.039999447172207006,0.0001108320734522409,0.9598897207543409,25,30,0
24,8251,1.4754171551157904e-24,0.039999447172207006,0.00011083207432769822,0.9598897207534656,25,30,0
24,8252,2.458845295216137e-19,0.039999447172207006,0.0001107566646913063,0.959889796163102,25,30,0
24,8253,2.458845295779645e-19,0.039999447172207006,0.00011078368955530596,0.9598897691382378,25,30,0
24,8254,2.4588320208300143e-19,0.03999944717220272,0.00010417571270488285,0.9598963771150926,25,30,0
24,8255,2.458832952476714e-19,0.03999944717220272,0.00011078195467502943,0.9598897708731223,25,30,0
24,8256,2.4588329524804874e-19,0.03999944717220272,0.00011077994671515537,0.9598897728810825,25,30,0
24,8257,2.4588329364210724e-19,0.03999944717220272,0.00011078148021256364,0.959889771347585,25,30,0
24,8258,2.4588329364210724e-19,0.03999944717220272,0.00011078148021256364,0.959889771347585,25,30,0
24,8259,2.4595897495920053e-19,0.03999944717220272,0.00011078398806006846,0.9598897688397373,25,30,0
24,8260,2.459589533024024e-19,0.03999944717220272,0.00011294719557439766,0.959887605632223,25,30,0
24,8261,2.4595895325221496e-19,0.03999944717220272,0.00011291875817661946,0.9598876340696207,25,30,0
24,8262,2.459588600875448e-19,0.03999944717220272,0.00010631251664138046,0.959894240311156,25,30,0
24,8263,2.459588833803915e-19,0.03999944717220272,0.00010631397426358444,0.9598942388535339,25,30,0
24,8264,2.459602110932534e-19,0.03999944717220272,0.00010634245860078428,0.9598942103691966,25,30,0
24,8265,2.4596021109362194e-19,0.03999944717220272,0.00010634101170323653,0.9598942118160942,25,30,0
24,8266,2.4596020945978493e-19,0.03999944717220272,9.977476434886225e-05,0.9599007780634485,25,30,0
24,8267,2.4596551827202863e-19,0.03999944717220271,9.316902195581851e-05,0.9599073838058417,25,30,0
24,8268,2.4596551824346617e-19,0.03999944717220271,9.316757522883094e-05,0.9599073852525687,25,30,0
24,8269,2.459602078256333e-19,0.03999944717220271,9.322257360740823e-05,0.9599073302541901,25,30,0
24,8270,2.4596020782612545e-19,0.03999944717220271,9.322460618752292e-05,0.95990732822161,25,30,0
24,8271,2.459602078257394e-19,0.03999944717220271,9.322464098215161e-05,0.9599073281868152,25,30,0
24,8272,2.4596020785440797e-19,0.03999944717220271,9.322461664566776e-05,0.9599073282111518,25,30,0
24,8273,2.4596023114748145e-19,0.03999944717220271,9.326257854736261e-05,0.95990729024925,25,30,0
24,8274,2.4596023316256886e-19,0.03999944717220271,9.329105099220629e-05,0.9599072617768052,25,30,0
24,8275,2.459602331906175e-19,0.03999944717220271,9.325108129930631e-05,0.9599073017464981,25,30,0
24,8276,2.459603243198705e-19,0.03999944717220271,9.322465019598704e-05,0.9599073281776014,25,30,0
24,8277,2.4603591083007343e-19,0.03999944717220271,9.322467914369151e-05,0.9599073281486536,25,30,0
24,8278,2.4603591082994767e-19,0.03999944717220271,9.322464347671358e-05,0.9599073281843207,25,30,0
24,8279,2.46035887507923e-19,0.03999944717220271,9.32231854092176e-05,0.9599073296423881,25,30,0
24,8280,2.460358875647747e-19,0.03999944717220271,9.322117760322676e-05,0.9599073316501943,25,30,0
24,8281,2.4603588757193757e-19,0.03999944717220271,9.322118158029403e-05,0.9599073316462171,25,30,0
24,8282,2.459602095235784e-19,0.03999944717220271,9.322114388129011e-05,0.9599073316839162,25,30,0
24,8283,2.459603958620513e-19,0.03999944717220271,9.47915684467693e-05,0.9599057612593507,25,30,0
24,8284,4.910475053808728e-19,0.03999944717220271,0.00022431373862881528,0.9597762390891686,25,30,0
24,8285,4.910475053311992e-19,0.03999944717220271,0.00022431373860416128,0.9597762390891933,25,30,0
24,8286,4.910528378347773e-19,0.03999944717220271,0.0002243916944407071,0.9597761611333567,25,30,0
24,8287,4.91052837813267e-19,0.03999944717220271,0.00022450557859139962,0.9597760472492061,25,30,0
24,8288,4.910529309861658e-19,0.03999944717220271,0.0002245055910547667,0.9597760472367427,25,30,0
24,8289,4.910529293513043e-19,0.03999944717220271,0.00022450355802735233,0.9597760492697701,25,30,0
24,8290,4.910529309930857e-19,0.03999944717220271,0.0002245040932157683,0.9597760487345818,25,30,0
24,8291,4.913554625258422e-19,0.03999944717220272,0.00022304961131908274,0.9597775032164785,25,30,0
24,8292,4.913554641603373e-19,0.03999944717220272,0.00022304963609648637,0.9597775031917009,25,30,0
24,8293,4.913553709875706e-19,0.03999944717220272,0.00022304962425866712,0.9597775032035387,25,30,0
24,8294,4.9135536979028e-19,0.03999944717220272,0.0002230496511695462,0.9597775031766278,25,30,0
24,8295,4.913553697904057e-19,0.03999944717220272,0.0002230496517768163,0.9597775031760206,25,30,0
24,8296,4.913553714250179e-19,0.03999944717220272,0.00022305109914092747,0.9597775017286565,25,30,0
24,8297,4.913553730525867e-19,0.03999944717220272,0.00022293521746247962,0.9597776176103349,25,30,0
24,8298,4.913553746587706e-19,0.03999944717220272,0.00022293722585440848,0.959777615601943,25,30,0
24,8299,4.913553742286015e-19,0.03999944717220272,0.00022288175290194706,0.9597776710748954,25,30,0
24,8300,4.913540465445393e-19,0.03999944717220272,0.00022447616873618015,0.9597760766590612,25,30,0
24,8301,4.912783652279489e-19,0.03999944717220272,0.0002244736478141744,0.9597760791799833,25,30,0
24,8302,1.4748087162968122e-18,0.03999944717220272,0.00022459006015624984,0.9597759627676412,25,30,0
24,8303,1.4745059988342283e-18,0.03999944717220272,0.0002260970181075517,0.9597744558096899,25,30,0
24,8304,1.7203793027106257e-18,0.03999944717220272,0.00022767996382041698,0.959772872863977,25,30,0
24,8305,1.7203793276384427e-18,0.03999944717220272,0.00022770842480840137,0.9597728444029889,25,30,0
24,8306,1.7203792165844722e-18,0.03999999987875914,0.0002271557182519605,0.9597728444029889,25,30,0
24,8307,1.7203792149570356e-18,0.03999999987875914,0.00022715571886424554,0.9597728444023766,25,30,0
24,8308,1.7203792149288702e-18,0.03999999987875914,0.0002271561822665486,0.9597728439389743,25,30,0
24,8309,1.7203792149217025e-18,0.03999999987875914,0.0002271561568746295,0.9597728439643664,25,30,0
24,8310,1.7203793064597347e-18,0.03999999987875914,0.00022715557148810127,0.9597728445497529,25,30,0
24,8311,1.7203793293160667e-18,0.03999999987875914,0.00022727143683838648,0.9597727286844026,25,30,0
24,8312,1.7203793289079158e-18,0.03999999987875914,0.00022564853604880976,0.9597743515851923,25,30,0
24,8313,1.7203793272733159e-18,0.03999999987875914,0.0002255660378671067,0.9597744340833738,25,30,0
24,8314,1.7203792345095764e-18,0.03999999987875914,0.0002255646505262165,0.9597744354707147,25,30,0
24,8315,1.7203792423369284e-18,0.039999440439441356,0.00022612408984231977,0.9597744354707164,25,30,0
24,8316,1.474496187824197e-18,0.039999440439441356,0.00022608358212412505,0.9597744759784349,25,30,0
24,8317,1.474496211519331e-18,0.039999440439441356,0.00022619805213954267,0.9597743615084194,25,30,0
24,8318,1.4744963026537992e-18,0.039999440439441356,0.00013390491170664324,0.9598666546488523,25,30,0
24,8319,1.4744964898163844e-18,0.039999440439441356,0.00013390542334022876,0.9598666541372189,25,30,0
24,8320,1.474496397080695e-18,0.039999440439441356,0.00013398541433485718,0.9598665741462242,25,30,0
24,8321,1.4744963954459592e-18,0.039999440439441356,0.00013398537945513678,0.9598665741811037,25,30,0
24,8322,1.4917513501859325e-18,0.039999440439441356,0.00013401332674384885,0.9598665462338151,25,30,0
24,8323,1.4917513501865704e-18,0.039999440439441356,0.00013401332756647746,0.9598665462329926,25,30,0
24,8324,1.4917513501525184e-18,0.03999999029987065,0.00013346346713888262,0.9598665462329908,25,30,0
24,8325,1.491751350153017e-18,0.03999999029987065,0.00013346346677842638,0.9598665462333513,25,30,0
24,8326,1.4917513730093995e-18,0.03999999029987065,0.00013340846865413263,0.9598666012314756,25,30,0
24,8327,1.4917513962947561e-18,0.03999999029987065,0.00013568803604746928,0.9598643216640822,25,30,0
24,8328,1.4917513963229302e-18,0.03999999029987065,0.00013569005723921854,0.9598643196428904,25,30,0
24,8329,1.4917513959424516e-18,0.03999999029987065,0.00013569002218709534,0.9598643196779426,25,30,0
24,8330,5.082210465005193e-19,0.03999999029987065,0.0001355736096475246,0.9598644360904822,25,30,0
24,8331,5.082157123623355e-19,0.03999999029987065,0.0001354956528764687,0.9598645140472533,25,30,0
24,8332,5.082157123336604e-19,0.03999999029987065,0.00013549562730744678,0.9598645140728224,25,30,0
24,8333,5.0821701675388655e-19,0.03999999029987065,0.00013538111256288106,0.9598646285875668,25,30,0
24,8334,5.08217016760553e-19,0.03999999029987065,0.00013538111295897514,0.9598646285871708,25,30,0
24,8335,5.082170151331121e-19,0.03999999029987065,0.00013538112364217946,0.9598646285764876,25,30,0
24,8336,5.082170171692059e-19,0.03999999029987065,0.00013538254743180128,0.9598646271526979,25,30,0
24,8337,5.08217017577364e-19,0.03999999029987065,0.00013546507055871515,0.9598645446295709,25,30,0
24,8338,5.082169942909579e-19,0.03999999029987065,0.00013543729922512815,0.9598645724009046,25,30,0
24,8339,5.0821699431912335e-19,0.03999999029987065,0.00013543727428197655,0.9598645724258478,25,30,0
24,8340,5.082169942975017e-19,0.03999999029987065,0.00013381438580562137,0.9598661953143242,25,30,0
24,8341,5.082169942903413e-19,0.03999999029987065,0.00013381437491596617,0.9598661953252138,25,30,0
24,8342,2.6234366712036505e-19,0.03999999029987065,0.0001321914590580388,0.9598678182410717,25,30,0
24,8343,2.623447636904445e-19,0.03999999029987071,0.006381658113108344,0.9536183515870214,25,30,0
24,8344,2.6234476371910654e-19,0.03999999029987071,0.006381659560936748,0.9536183501391929,25,30,0
24,8345,2.623447637196008e-19,0.03999999029987071,0.006381660983322005,0.9536183487168075,25,30,0
24,8346,2.623447637200973e-19,0.03999999029987071,0.006381662990950555,0.9536183467091791,25,30,0
24,8347,2.6234345929944126e-19,0.03999999029987071,0.006381663071053433,0.9536183466290763,25,30,0
24,8348,2.623434592994413e-19,0.03999999029987071,0.006381663106275075,0.9536183465938547,25,30,0
24,8349,2.624191389107378e-19,0.03999999029987072,0.006381703101998256,0.9536183065981315,25,30,0
24,8350,2.6673175648941093e-19,0.03999999029987065,0.0001321605506873778,0.9598678491494423,25,30,0
24,8351,2.66731733196196e-19,0.03999999029987065,0.0001321590673915049,0.9598678506327383,25,30,0
24,8352,2.6673173319607894e-19,0.03999999029987065,0.00013215904243440258,0.9598678506576954,25,30,0
24,8353,2.6703445029722463e-19,0.03999999029987065,0.00013215906797008902,0.9598678506321596,25,30,0
24,8354,2.6703444989522917e-19,0.03999999029987065,0.00013215965361749728,0.9598678500465122,25,30,0
24,8355,2.670344503038822e-19,0.03999999029987065,0.00013216168743819044,0.9598678480126915,25,30,0
24,8356,2.670344752245384e-19,0.03999999029987065,0.00013216240174548162,0.9598678472983841,25,30,0
24,8357,2.670344752239162e-19,0.03999999029987065,0.0001321603685479876,0.9598678493315818,25,30,0
24,8358,2.669587960216521e-19,0.03999999029987065,0.0001321210495397008,0.95986788865059,25,30,0
24,8359,2.1871684868223013e-20,0.03999999029987065,2.5974320563348746e-06,0.9599974122680733,25,30,0
24,8360,2.187149771279625e-20,0.03999999029987065,2.5971230088836596e-06,0.9599974125771208,25,30,0
24,8361,2.1876783661620026e-20,0.03999999029987065,2.651919941264158e-06,0.9599973577801885,25,30,0
24,8362,2.1876853540929293e-20,0.03999999029987065,2.6258773226923574e-06,0.9599973838228069,25,30,0
24,8363,2.187685354104404e-20,0.03999999029987065,2.6279103473882564e-06,0.9599973817897822,25,30,0
24,8364,2.1876946685386485e-20,0.03999999029987065,2.6299332764030907e-06,0.9599973797668533,25,30,0
24,8365,1.7563208834324034e-20,0.03999999029987065,2.589912744500105e-06,0.9599974197873852,25,30,0
24,8366,1.7563116069966022e-20,0.03999999029987065,2.5893137868937533e-06,0.9599974203863426,25,30,0
24,8367,1.7563116063310505e-20,0.03999999029987065,2.5898120386940355e-06,0.959997419888091,25,30,0
24,8368,1.7563114020053965e-20,0.03999999029987065,2.5883523990778663e-06,0.9599974213477306,25,30,0
24,8369,1.7563112385942746e-20,0.03999999029987065,2.586904862389261e-06,0.9599974227952671,25,30,0
24,8370,1.756320555883612e-20,0.03999999029987065,2.5883524701012677e-06,0.9599974213476594,25,30,0
24,8371,1.7563205559332723e-20,0.03999999029987065,2.588353087611722e-06,0.9599974213470419,25,30,0
24,8372,1.7557987855571225e-20,0.03999999029987065,2.5338031945373007e-06,0.959997475896935,25,30,0
24,8373,1.755798744716751e-20,0.03999999029987065,2.649018867965578e-06,0.9599973606812615,25,30,0
24,8374,1.7557987454328806e-20,0.03999999029987065,2.5731314440672054e-06,0.9599974365686856,25,30,0
24,8375,1.9001239864195973e-20,0.03999944043884119,3.122992473509833e-06,0.9599974365686856,25,30,0
24,8376,1.9001241090143697e-20,0.03999944043884119,3.1229924734542067e-06,0.9599974365686854,25,30,0
24,8377,1.9001261707550425e-20,0.03999944043884119,0.0062526655340453775,0.9537478940271136,25,30,0
24,8378,1.9001261735857003e-20,0.03999944043884119,0.006252665558794648,0.9537478940023643,25,30,0
24,8379,1.900116856309603e-20,0.03999944043884119,0.00625266411101351,0.9537478954501454,25,30,0
24,8380,1.900116695729915e-20,0.03999944043884119,0.0062525816051301995,0.9537479779560287,25,30,0
24,8381,1.9001166950129836e-20,0.03999944043884119,0.006252580938701407,0.9537479786224575,25,30,0
24,8382,1.9001097069121772e-20,0.03999944043884119,0.006254859558615353,0.9537457000025437,25,30,0
24,8383,1.9001097069609402e-20,0.03999944043884119,0.00625485957076824,0.9537456999903907,25,30,0
24,8384,2.6408814656656595e-19,0.03999944043884547,0.0001348074889447412,0.9598657520722099,25,30,0
24,8385,2.637854278240161e-19,0.03999944043884547,0.0001348067702114869,0.9598657527909431,25,30,0
24,8386,2.637854278245015e-19,0.03999944043884547,0.0001348068054401295,0.9598657527557145,25,30,0
24,8387,2.6378533506019164e-19,0.03999944043884547,0.00014141156512772988,0.959859147996027,25,30,0
24,8388,2.637853350598033e-19,0.03999944043884547,0.00014141359855266052,0.9598591459626019,25,30,0
24,8389,2.637853350667234e-19,0.03999944043884547,0.00014129771680123648,0.9598592618443534,25,30,0
24,8390,2.8098443106674035e-19,0.03999944043884547,0.00027082068004536,0.9597297388811095,25,30,0
24,8391,2.80984431066738e-19,0.03999944043884547,0.0002708206798403764,0.9597297388813143,25,30,0
24,8392,2.809844327080163e-19,0.03999944043884547,0.000270824125686823,0.9597297354354679,25,30,0
24,8393,2.8098443271469134e-19,0.03999944043884547,0.00027085258999134227,0.9597297069711633,25,30,0
24,8394,2.8098441105690543e-19,0.03999944043884547,0.0002685730326986125,0.9597319865284559,25,30,0
24,8395,2.809844126699961e-19,0.03999944043884547,0.00026868892483421637,0.9597318706363203,25,30,0
24,8396,2.809843893782222e-19,0.03999944043884547,0.0002664093664962639,0.9597341501946584,25,30,0
24,8397,2.809844825514884e-19,0.03999944043884547,0.00026640987495385796,0.9597341496862006,25,30,0
24,8398,2.80984481318239e-19,0.03999944043884547,0.0002662940180752944,0.9597342655430792,25,30,0
24,8399,2.8098448133974705e-19,0.03999944043884547,0.00026629201026143754,0.9597342675508932,25,30,0
24,8400,2.8098448133974705e-19,0.03999944043884547,0.00026629201043859606,0.959734267550716,25,30,0
24,8401,2.809844813402434e-19,0.03999944043884547,0.0005326264256354356,0.9594679331355193,25,30,0
24,8402,2.8098447971280093e-19,0.03999944043884547,0.0005326236230378072,0.9594679359381169,25,30,0
24,8403,2.8098438858266533e-19,0.03999944043884547,0.0005326241234561019,0.9594679354376986,25,30,0
24,8404,2.809843886180087e-19,0.03999944043884547,0.000532740049556036,0.9594678195115987,25,30,0
24,8405,2.809843886466269e-19,0.03999944043884547,0.0005262163306113036,0.9594743432305433,25,30,0
24,8406,2.795415824073465e-19,0.03999999065704865,0.0005256661124081241,0.9594743432305433,25,30,0
24,8407,2.7954158240017725e-19,0.03999999065704865,0.000525550186923074,0.9594744591560282,25,30,0
24,8408,2.7984426514627364e-19,0.03999999065704865,0.0005302520282785851,0.9594697573146729,25,30,0
24,8409,2.7984428800210127e-19,0.03999999065704865,0.0005302854218887274,0.9594697239210628,25,30,0
24,8410,2.798498923829222e-19,0.03828153286607573,0.0022487432128616616,0.9594697239210628,25,30,0
24,8411,2.7985086455030294e-19,0.0007793935039958794,0.039750882574941256,0.9594697239210628,25,30,0
24,8412,2.799265457899891e-19,0.0007793935039958794,0.03975091103474178,0.9594696954612623,25,30,0
24,8413,3.0406265228833477e-19,7.931523935354837e-11,0.04053030445942243,0.9594696954612623,25,30,0
24,8414,3.040640033142028e-19,7.93152393539548e-11,0.04053035464685061,0.9594696452738342,25,30,0
24,8415,3.0406400620798816e-19,7.931523937477473e-11,0.044922883328986224,0.9550771165916986,25,30,0
24,8416,3.0406402950158694e-19,7.931524069569163e-11,0.04492288344478368,0.9550771164759011,25,30,0
24,8417,3.040626784685343e-19,7.931524069528494e-11,0.04492280478490249,0.9550771951357824,25,30,0
24,8418,3.0406265680992293e-19,7.931524201563994e-11,0.044927392168486825,0.955072607752198,25,30,0
24,8419,3.040626547958392e-19,7.931524201563991e-11,0.04492901406039352,0.9550709858602913,25,30,0
24,8420,3.0406265479634016e-19,7.931524201563991e-11,0.04492901405999137,0.9550709858606935,25,30,0
24,8421,3.0406265643095076e-19,7.931524203881401e-11,0.0449290520212658,0.955070947899419,25,30,0
24,8422,3.040626580297162e-19,7.931524203841459e-11,0.044929050487468807,0.955070949433216,25,30,0
24,8423,3.1957918915240022e-15,7.93153913016369e-11,0.04492449218664289,0.9550755077340386,25,30,0
24,8424,3.195791891524002e-15,7.93153913016369e-11,0.04492449218685723,0.9550755077338243,25,30,0
24,8425,3.1957749392861532e-15,7.931539130123734e-11,0.044924492194559795,0.9550755077261218,25,30,0
24,8426,3.1957749393780685e-15,7.931539128081695e-11,0.040267251986150804,0.9597327479345307,25,30,0
24,8427,3.195774939378477e-15,7.931539125805656e-11,0.04026725199450118,0.9597327479261802,25,30,0
24,8428,3.1957749393800825e-15,7.931539125805658e-11,0.04026565756697185,0.9597343423537097,25,30,0
24,8429,3.1955298523095596e-15,7.931111349668257e-11,0.0401361270776607,0.9598638728430251,25,30,0
24,8430,3.1955295509541464e-15,7.931111349668502e-11,0.04013146427271946,0.9598685356479664,25,30,0
24,8431,3.195529323915296e-15,7.9311113519859e-11,0.04013143786061515,0.9598685620600707,25,30,0
24,8432,3.1955293239132528e-15,7.931111351944529e-11,0.04013139785756273,0.959868602063123,25,30,0
24,8433,2.1054369331115288e-14,2.758007467105942e-12,0.040131397934095814,0.9598686020631252,25,30,0
24,8434,2.1054369329787575e-14,2.7580074443385437e-12,0.04013138591068403,0.9598686140865368,25,30,0
24,8435,2.1054369254107892e-14,2.758007421157432e-12,0.04013138383321593,0.959868616164005,25,30,0
24,8436,2.1054369178428285e-14,2.75800742074374e-12,0.04013138384609458,0.9598686161511264,25,30,0
24,8437,2.1054369178405023e-14,2.758006099841088e-12,0.040131421691748735,0.9598685783054722,25,30,0
24,8438,2.1054369178403795e-14,2.758006099841213e-12,0.040131461186714165,0.9598685388105066,25,30,0
24,8439,2.1054369178403817e-14,2.7580060998410905e-12,0.040131461151568563,0.9598685388456524,25,30,0
24,8440,2.1054369178403795e-14,2.75800609983396e-12,0.04013146113471303,0.959868538862508,25,30,0
24,8441,2.1054369178402568e-14,2.7580060998270753e-12,0.04013146112365215,0.9598685388735687,25,30,0
24,8442,2.105436917840216e-14,2.7580060994206376e-12,0.04013146309622582,0.9598685369009953,25,30,0
24,8443,2.10543691784005e-14,2.758006099427768e-12,0.04013143460709086,0.9598685653901303,25,30,0
24,8444,2.1054369178398863e-14,2.758006099021207e-12,0.04013140613339622,0.9598685938638247,25,30,0
24,8445,2.105436917842218e-14,2.7580060994277655e-12,0.04013140685961354,0.9598685931376074,25,30,0
24,8446,2.1054351979326185e-14,2.7580047596894552e-12,0.040001883406230745,0.9599981165909903,25,30,0
24,8447,2.4235511141340177e-14,2.7580797140732447e-12,0.0401813869675647,0.9598186130296531,25,30,0
24,8448,2.4235511141340186e-14,2.758079714073243e-12,0.04018138900035797,0.9598186109968598,25,30,0
24,8449,2.4235511141364732e-14,2.7580797140802507e-12,0.04018134950920478,0.9598186504880131,25,30,0
24,8450,2.4235528396297794e-14,2.7580797372613133e-12,0.04018143205803801,0.95981856793918,25,30,0
24,8451,2.4235528396297765e-14,2.7580797372543057e-12,0.04018143061131361,0.9598185693859044,25,30,0
24,8452,2.4235528396274847e-14,2.758079736855001e-12,0.040181429910280515,0.9598185700869373,25,30,0
24,8453,2.4235528396182077e-14,2.758079736848009e-12,0.04017984701290281,0.9598201529843151,25,30,0
24,8454,2.4235511141249022e-14,2.7580797136669444e-12,0.04017976446324651,0.9598202355339716,25,30,0
24,8455,2.423551114124943e-14,2.7580797136669504e-12,0.04017976248864403,0.9598202375085739,25,30,0
24,8456,2.4235511141249448e-14,2.7580797136740812e-12,0.04017976252350822,0.9598202374737099,25,30,0
24,8457,2.4235511142576754e-14,2.7580810341912772e-12,0.040179726001173144,0.9598202739960447,25,30,0
24,8458,2.4235511143904442e-14,2.7580823551081784e-12,0.040179728533463216,0.9598202714637548,25,30,0
24,8459,2.4235511143904442e-14,2.758082355108055e-12,0.040179728544709484,0.9598202714525087,25,30,0
24,8460,2.4235511142575498e-14,2.758081034184178e-12,0.04017972507564805,0.9598202749215698,25,30,0
24,8461,2.423551114267031e-14,2.7580810341913128e-12,0.040179725574557984,0.95982027442266,25,30,0
24,8462,2.423551121841821e-14,2.758081034583738e-12,0.04017972653090357,0.9598202734663144,25,30,0
24,8463,2.423551121841821e-14,2.7580810345836173e-12,0.04017972655523569,0.9598202734419823,25,30,0
24,8464,2.423551121841862e-14,2.758081034590875e-12,0.04017972800301642,0.9598202719942017,25,30,0
24,8465,2.4235511218418592e-14,2.75808103457686e-12,0.040179770531482785,0.9598202294657352,25,30,0
24,8466,2.4235511218511763e-14,2.7580810577437088e-12,0.040179771982195946,0.9598202280150221,25,30,0
24,8467,2.42355112185122e-14,2.758081081323043e-12,0.04018131236007519,0.9598186876371428,25,30,0
24,8468,2.4235511218513805e-14,2.7580824022326567e-12,0.04018131580548384,0.9598186841917342,25,30,0
24,8469,2.1040023389646226e-14,2.7579318186553474e-12,0.04018125332849868,0.9598187466687227,25,30,0
24,8470,2.1040023389645828e-14,2.757931818655222e-12,0.040181255326464174,0.959818744670757,25,30,0
24,8471,3.2579804823292235e-15,1.4153925541641473e-05,0.04016710140364398,0.9598187446708113,25,30,0
24,8472,3.257980482352546e-15,1.4153925541641493e-05,0.04016712987653614,0.9598187161979189,25,30,0
24,8473,3.2579804822826937e-15,1.4153925541642792e-05,0.04016940801028415,0.9598164380641708,25,30,0
24,8474,3.257980482282694e-15,1.4153925541642792e-05,0.04016944655760399,0.9598163995168512,25,30,0
24,8475,3.2579804822822918e-15,1.4153925541642792e-05,0.040169406598181204,0.9598164394762739,25,30,0
24,8476,3.257980482281855e-15,1.4153925541642769e-05,0.04016778369779589,0.9598180623766592,25,30,0
24,8477,7.682132026789382e-17,1.4153925541567813e-05,0.039988278103889566,0.9599975679705688,25,30,0
24,8478,7.682132026949975e-17,1.4153925541567813e-05,0.03998819628241343,0.9599976497920448,25,30,0
24,8479,7.682124449667066e-17,1.4153925541567813e-05,0.039992898122781756,0.9599929479516766,25,30,0
24,8480,7.682124449669932e-17,1.4153925541567813e-05,0.039992898868463495,0.9599929472059949,25,30,0
24,8481,4.464197531313374e-15,4.441224546341218e-09,0.04000584140529666,0.9599941541534744,25,30,0
24,8482,4.4641975313133665e-15,4.441224546341625e-09,0.04000584081943033,0.9599941547393408,25,30,0
24,8483,4.464197536622576e-15,4.4412245450207155e-09,0.04000591988695335,0.9599940756718177,25,30,0
24,8484,4.4641975366221685e-15,4.4412245450207155e-09,0.04000591987507826,0.9599940756836929,25,30,0
24,8485,4.464197531312966e-15,4.441224546341621e-09,0.04000595326931759,0.9599940422894534,25,30,0
24,8486,4.464197531311331e-15,4.441224546341621e-09,0.040005951822595136,0.959994043736176,25,30,0
24,8487,4.4641975313113376e-15,4.441224546341215e-09,0.04000595038712786,0.9599940451716432,25,30,0
24,8488,4.464197531311338e-15,4.441224546341215e-09,0.04000595038757322,0.9599940451711979,25,30,0
24,8489,4.464197834028434e-15,4.441224545043476e-09,0.040005835928042896,0.9599941596307281,25,30,0
24,8490,4.464197834028025e-15,4.441224545043469e-09,0.04000583590246574,0.9599941596563053,25,30,0
24,8491,4.464197834027997e-15,4.441224545043469e-09,0.04000587589649271,0.9599941196622785,25,30,0
24,8492,4.46419783412117e-15,4.441224545043882e-09,0.04000595381730772,0.9599940417414635,25,30,0
24,8493,4.464197834121163e-15,4.441224545043882e-09,0.04000595378178358,0.9599940417769876,25,30,0
24,8494,4.464197835448678e-15,4.441469129023341e-09,0.04001258678318283,0.9599874087753437,25,30,0
24,8495,4.464197835448685e-15,4.441469129023748e-09,0.040012587282703266,0.9599874082758233,25,30,0
24,8496,4.4641978354486566e-15,4.441469129023748e-09,0.0400125872822667,0.9599874082762598,25,30,0
24,8497,4.464197835448664e-15,4.441469129023748e-09,0.040012547300104166,0.9599874482584224,25,30,0
24,8498,4.464197835448664e-15,4.441469129023349e-09,0.040012546825979316,0.9599874487325473,25,30,0
24,8499,4.464197835541837e-15,4.441469129023762e-09,0.04001254885944649,0.9599874466990801,25,30,0
24,8500,4.464197834237605e-15,4.441224546365471e-09,0.04001061712508262,0.9599893784336885,25,30,0
24,8501,4.464197834237605e-15,4.441224546365471e-09,0.04001061714941621,0.9599893784093549,25,30,0
24,8502,4.46419783433075e-15,4.441224546388638e-09,0.04000591533220065,0.9599940802265706,25,30,0
24,8503,4.4641978349574455e-15,4.441224555234645e-09,0.07530780065747739,0.9246921949012937,25,30,0
24,8504,4.4641978350510194e-15,4.441224555235052e-09,0.07530785614351558,0.9246921394152555,25,30,0
24,8505,4.4641978337233066e-15,4.441224553914135e-09,0.07530785364601252,0.9246921419127585,25,30,0
24,8506,4.464197834957847e-15,4.441224553913729e-09,0.07530785298063958,0.9246921425781315,25,30,0
24,8507,4.464197835051009e-15,4.441224629197137e-09,0.07531255632244598,0.924687439236325,25,30,0
24,8508,4.4641975323323e-15,4.44122462917397e-09,0.07531255487480532,0.9246874406839658,25,30,0
24,8509,4.4641975323326805e-15,4.441224629173963e-09,0.07531255491004038,0.9246874406487307,25,30,0
24,8510,4.464197531004975e-15,4.441224629173962e-09,0.075312553554068,0.924687442004703,25,30,0
24,8511,4.464197531003332e-15,4.441224629173957e-09,0.0753125530882499,0.9246874424705213,25,30,0
24,8512,4.464197531073184e-15,4.441224629150776e-09,0.07531252513966312,0.924687470419108,25,30,0
24,8513,4.4641975310503e-15,4.441224627829608e-09,0.07530782254044326,0.9246921730183278,25,30,0
24,8514,4.464197531051942e-15,4.4412246278300205e-09,0.07530793842271126,0.9246920571360598,25,30,0
24,8515,4.464197531051942e-15,4.4412246278300205e-09,0.07530793844722755,0.9246920571115435,25,30,0
24,8516,4.464197531052349e-15,4.4412246278300354e-09,0.0754374618804534,0.9245625336783176,25,30,0
24,8517,4.464197530959205e-15,4.441224627807268e-09,0.0754374604580664,0.9245625351007049,25,30,0
24,8518,4.464197530959212e-15,4.441224627807268e-09,0.0754374604234597,0.9245625351353115,25,30,0
24,8519,4.464197530959212e-15,4.441224627807268e-09,0.07543746039866607,0.924562535160105,25,30,0
24,8520,4.464197530888925e-15,4.441224627830043e-09,0.07543743337361324,0.9245625621851579,25,30,0
24,8521,4.464197530890559e-15,4.4412246278300495e-09,0.07543743341789008,0.9245625621408812,25,30,0
24,8522,4.4641975308909686e-15,4.4412246278304565e-09,0.07543743404886201,0.9245625615099091,25,30,0
24,8523,4.464197530798203e-15,4.4412246278304705e-09,0.07543743355017192,0.9245625620085992,25,30,0
24,8524,4.464197532125836e-15,4.4412247031200834e-09,0.07543905648611567,0.9245609390726554,25,30,0
24,8525,4.464199909321123e-15,1.0681772685501884e-08,0.08013716489410072,0.9198628244241224,25,30,0
24,8526,4.464199909321095e-15,1.0681772685501477e-08,0.08013716483409711,0.9198628244841259,25,30,0
24,8527,4.464199907993463e-15,1.0681772610211864e-08,0.08013554190661731,0.9198644474116058,25,30,0
24,8528,4.464199907900291e-15,1.0681772610211458e-08,0.08013546396286886,0.9198645253553542,25,30,0
24,8529,4.4641999079950984e-15,1.0681772610211864e-08,0.08013546541023318,0.9198645239079899,25,30,0
24,8530,4.464199913398714e-15,1.0681772610211857e-08,0.0801354943577181,0.9198644949605049,25,30,0
24,8531,4.464199913305552e-15,1.0681772534928449e-08,0.0801307910417305,0.9198691982764927,25,30,0
24,8532,4.464199913328837e-15,1.0681772534928449e-08,0.0801330706223825,0.9198669186958408,25,30,0
24,8533,4.464199913421193e-15,1.0681772534951214e-08,0.08013307140351658,0.9198669179147066,25,30,0
24,8534,5.564853576471536e-11,1.384715397442773e-05,0.08005445221381212,0.9199317005765653,25,30,0
24,8535,5.564853576471536e-11,1.3847153974427754e-05,0.08005915550174938,0.919926997288628,25,30,0
24,8536,5.564853576471545e-11,1.3847153974427754e-05,0.07992963210434692,0.9200565206860299,25,30,0
24,8537,5.564853576472076e-11,1.3847153974427754e-05,0.07992963451289423,0.9200565182774828,25,30,0
24,8538,5.5648535764720784e-11,1.3847153974427754e-05,0.07992963567206383,0.9200565171183132,25,30,0
24,8539,5.5648535764720784e-11,1.3847153974427754e-05,0.07992963567205799,0.9200565171183192,25,30,0
24,8540,3.133883674584307e-16,6.24191535098456e-09,0.08000944506833693,0.9199905486897478,25,30,0
24,8541,3.1338836745843053e-16,6.24191535098456e-09,0.08000956028508018,0.9199904334730046,25,30,0
24,8542,3.133883675516026e-16,6.2419153509845675e-09,0.08000956079630489,0.9199904329617797,25,30,0
24,8543,3.13388367458867e-16,6.241915352305481e-09,0.08000967668037698,0.9199903170777077,25,30,0
24,8544,3.1338837274805346e-16,6.24191535230588e-09,0.08000747961921269,0.9199925141388721,25,30,0
24,8545,3.1338836743557447e-16,6.241915352305473e-09,0.08000739708742598,0.9199925966706587,25,30,0
24,8546,3.1338836743516534e-16,6.241915352281895e-09,0.08000269378718979,0.9199972999708949,25,30,0
24,8547,3.133883673419995e-16,6.241915352281496e-09,0.08000269376208567,0.9199972999959991,25,30,0
24,8548,3.133883673419991e-16,6.241915352281496e-09,0.08000269373690223,0.9199973000211825,25,30,0
24,8549,3.1338836734202774e-16,6.241915352281496e-09,0.08000277626003659,0.9199972174980482,25,30,0
24,8550,3.133883674335588e-16,6.241915352281488e-09,0.08000266179050133,0.9199973319675833,25,30,0
24,8551,3.1338867015331723e-16,6.241915352281496e-09,0.08000274433078555,0.9199972494272991,25,30,0
24,8552,3.1338867013165984e-16,6.241915350960654e-09,0.08000046524522707,0.9199995285128577,25,30,0
24,8553,3.134201524838492e-16,1.1081351968430084e-10,0.07999877601995178,0.9200012238692343,25,30,0
24,8554,3.134201524605841e-16,1.1081351966112688e-10,0.07999874757204854,0.9200012523171377,25,30,0
24,8555,3.1342014714972924e-16,1.1081351966111276e-10,0.07999874515163173,0.9200012547375546,25,30,0
24,8556,3.134201470549433e-16,1.1081351968387998e-10,0.07999882622739263,0.9200011736617937,25,30,0
24,8557,3.134201470545347e-16,1.1081351968387985e-10,0.07999871030960341,0.9200012895795829,25,30,0
24,8558,3.134201470549433e-16,1.1081351968388712e-10,0.07999871034668708,0.9200012895424993,25,30,0
24,8559,3.1342014705538063e-16,1.1081351968429355e-10,0.0799987103833301,0.9200012895058562,25,30,0
24,8560,3.1342014696220773e-16,1.1081351968428653e-10,0.07999870990717733,0.9200012899820089,25,30,0
24,8561,3.134201469621791e-16,1.1081351968428641e-10,0.07999870989810164,0.9200012899910845,25,30,0
24,8562,3.1341984424242774e-16,1.1081351968427929e-10,0.07999862735862032,0.9200013725305658,25,30,0
24,8563,3.1341984424243493e-16,1.1081351968427942e-10,0.07999862735924233,0.9200013725299437,25,30,0
24,8564,6.00775377860289e-20,1.1081270957687165e-10,0.07999744194833427,0.920002557940853,25,30,0
24,8565,2.80957843522951e-16,1.1067188209762294e-10,0.07648242374675339,0.9235175761425743,25,30,0
24,8566,2.809578434980237e-16,1.106718820976087e-10,0.07648242256277969,0.9235175773265483,25,30,0
24,8567,2.8095784349925014e-16,1.1067188209760857e-10,0.07648242397315469,0.9235175759161733,25,30,0
24,8568,2.8095784349925724e-16,1.1067188209801513e-10,0.07648242600658982,0.9235175738827383,25,30,0
24,8569,2.8095784359240144e-16,1.1067188209801526e-10,0.07648239759472374,0.9235176022946042,25,30,0
24,8570,1.3631408151048539e-18,4.400867858379986e-09,0.0799974518608791,0.920002543738253,25,30,0
24,8571,1.3631461259564273e-18,4.400867858379993e-09,0.07999748034234617,0.9200025152567859,25,30,0
24,8572,1.3631461492424728e-18,4.4008678584027605e-09,0.07999748036730217,0.9200025152318301,25,30,0
24,8573,1.3631407452181246e-18,4.400867858402753e-09,0.07999745139420962,0.9200025442049227,25,30,0
24,8574,1.3631407452534661e-18,4.400867858425927e-09,0.0799974528766002,0.920002542722532,25,30,0
24,8575,1.3631407452538344e-18,4.400867858425927e-09,0.07999745290154346,0.9200025426975889,25,30,0
24,8576,1.3631407452251592e-18,4.400867858425927e-09,0.07999737182574074,0.9200026237733916,25,30,0
24,8577,1.3631407219320615e-18,4.400867858402754e-09,0.07999736980237385,0.9200026257967585,25,30,0
24,8578,1.3631407219177424e-18,4.400867858402747e-09,0.0799973691238995,0.9200026264752327,25,30,0
24,8579,1.3631460323317267e-18,4.400867932374038e-09,0.07999728370417157,0.9200027118949606,25,30,0
24,8580,1.3631459395674813e-18,4.400867932373639e-09,0.07999728366897661,0.9200027119301555,25,30,0
24,8581,1.3631459379328864e-18,4.4008679323736316e-09,0.07999736614810715,0.9200026294510251,25,30,0
24,8582,1.3631459379263482e-18,4.400867932373632e-09,0.07999736612097039,0.9200026294781618,25,30,0
24,8583,1.3631459379263461e-18,4.400867932373632e-09,0.07999736467381904,0.9200026309253133,25,30,0
24,8584,1.3631459395251122e-18,4.4008679323504656e-09,0.07999740318546818,0.9200025924136641,25,30,0
24,8585,1.363145937890508e-18,4.400867932350458e-09,0.07999736319080783,0.9200026324083244,25,30,0
24,8586,1.3631459370731865e-18,4.400867932350458e-09,0.07999736313176678,0.9200026324673654,25,30,0
24,8587,1.3631459387293071e-18,4.400867932350458e-09,0.07999736365561294,0.9200026319435193,25,30,0
24,8588,1.3631459403715915e-18,4.400867932350458e-09,0.07999736365621167,0.9200026319429206,25,30,0
24,8589,1.3631459636933667e-18,4.400867932373632e-09,0.07999736567957856,0.9200026299195536,25,30,0
24,8590,1.363145940378635e-18,4.400867932350458e-09,0.07999736362160809,0.9200026319775242,25,30,0
24,8591,1.3631459399407995e-18,4.400867932350052e-09,0.07999736358451724,0.920002632014615,25,30,0
24,8592,1.3631459399698562e-18,4.400867932350052e-09,0.07999736357468035,0.9200026320244519,25,30,0
24,8593,1.3631459416039654e-18,4.400867932350059e-09,0.07999736358554695,0.9200026320135852,25,30,0
24,8594,1.363145941575299e-18,4.400867932350053e-09,0.0799973635605927,0.9200026320385395,25,30,0
24,8595,1.3631459419833123e-18,4.400867932350053e-09,0.07999736558527215,0.9200026300138601,25,30,0
24,8596,1.3631459419546327e-18,4.400867932350053e-09,0.07999736556049462,0.9200026300386375,25,30,0
24,8597,1.3631459403200205e-18,4.400867932350053e-09,0.07999736505328162,0.9200026305458506,25,30,0
24,8598,1.3631459390868918e-18,4.4008679323500594e-09,0.07999736509682477,0.9200026305023075,25,30,0
24,8599,1.3631459378604298e-18,4.400867932350053e-09,0.07999736568300654,0.9200026299161257,25,30,0
24,8600,1.3631459378316312e-18,4.4008679323268785e-09,0.0799972831944879,0.9200027124046443,25,30,0
24,8601,1.3631459611177978e-18,4.4008679323272855e-09,0.07999732318896863,0.9200026724101634,25,30,0
24,8602,1.3631512486796956e-18,4.400867932326893e-09,0.07999728324306765,0.9200027123560646,25,30,0
24,8603,1.3863068441380512e-18,2.489050564818561e-07,0.07999820496957598,0.9200015461253674,25,30,0
24,8604,1.3863068424748876e-18,2.489050564818561e-07,0.07999820447005825,0.920001546624885,25,30,0
24,8605,1.3863068424815538e-18,2.489050564818561e-07,0.07999820449501245,0.920001546599931,25,30,0
24,8606,1.3863068424750157e-18,2.489050564818561e-07,0.07999820650264082,0.9200015445923024,25,30,0
24,8607,1.3863069356477156e-18,2.4890505648185654e-07,0.07999828902580428,0.9200014620691392,25,30,0
24,8608,1.3863069352390714e-18,2.4890505648185654e-07,0.07999828899979426,0.9200014620951491,25,30,0
24,8609,1.386306935218075e-18,2.489050564818797e-07,0.07999991189996877,0.9199998391949746,25,30,0
24,8610,4.379737232259017e-15,1.0944624265959055e-10,0.07993266498385093,0.9200673349066985,25,30,0
24,8611,4.3797372323517815e-15,1.0944624265998998e-10,0.07993269142390222,0.9200673084666472,25,30,0
24,8612,4.3797372322586154e-15,1.0944624265958343e-10,0.0799326899767431,0.920067309913806,25,30,0
24,8613,4.3797372322586225e-15,1.0944624265958355e-10,0.07993269001181362,0.9200673098787356,25,30,0
24,8614,4.379737232258242e-15,1.0944624265958343e-10,0.07993269000316164,0.9200673098873875,25,30,0
24,8615,4.379737232258242e-15,1.0944624265958318e-10,0.07993260748042369,0.9200673924101256,25,30,0
24,8616,4.37973723225987e-15,1.0944624263641026e-10,0.07993098528085477,0.9200690146096946,25,30,0
24,8617,4.379737232353063e-15,1.0944624263641039e-10,0.07993098672782956,0.9200690131627198,25,30,0
24,8618,4.379737232353056e-15,1.0944624263641026e-10,0.07993098675215461,0.9200690131383947,25,30,0
24,8619,4.379983101630465e-15,1.0944624263682393e-10,0.07993326850374821,0.920066731386801,25,30,0
24,8620,4.379983101630472e-15,1.0944624263682393e-10,0.07993326920482882,0.9200667306857204,25,30,0
24,8621,4.379983101723652e-15,1.0944624265999791e-10,0.07993327066288618,0.9200667292276631,25,30,0
24,8622,4.379983107034514e-15,1.094462439809148e-10,0.07993327366938828,0.920066726221161,25,30,0
24,8623,4.379983182621015e-15,1.0944624527906413e-10,0.07993327566767183,0.9200667242228775,25,30,0
24,8624,4.379983177403332e-15,1.0944624527946356e-10,0.07993327765193727,0.9200667222386119,25,30,0
24,8625,4.3799831787310416e-15,1.0944624530263747e-10,0.07993339354287525,0.920066606347674,25,30,0
24,8626,4.379983173420191e-15,1.0944617001043365e-10,0.07993336303691638,0.9200666368536329,25,30,0
24,8627,4.379983168109358e-15,1.0944616868951688e-10,0.07993336147736514,0.9200666384131841,25,30,0
24,8628,4.379983168107723e-15,1.0944616868950989e-10,0.07993336288887312,0.9200666370016765,25,30,0
24,8629,4.3799831667800134e-15,1.0944616866633608e-10,0.0799332469979272,0.9200667528926223,25,30,0
24,8630,4.3799831667800134e-15,1.0944616866633608e-10,0.07993324699793032,0.9200667528926193,25,30,0
24,8631,2.802343436885024e-19,4.550837228408448e-09,0.08000073826815472,0.9199992571810078,25,30,0
24,8632,3.4365066280180265e-20,4.550837228408034e-09,0.07999845651699138,0.9200015389321713,25,30,0
24,8633,3.436506668167517e-20,4.550837228408034e-09,0.07999845649438414,0.9200015389547785,25,30,0
24,8634,3.4365066280315026e-20,4.550837228408034e-09,0.07999845651719138,0.9200015389319712,25,30,0
24,8635,3.4440747519177345e-20,4.550837228431208e-09,0.07999849583605395,0.920001499613109,25,30,0
24,8636,3.444074792782834e-20,4.550837228431215e-09,0.07999849786929207,0.9200014975798707,25,30,0
24,8637,3.4446058790134716e-20,4.550837228431629e-09,0.07999849857971697,0.920001496869446,25,30,0
24,8638,3.4445967223174144e-20,4.550837228431629e-09,0.07999849713258968,0.9200014983165731,25,30,0
24,8639,3.444596883627888e-20,4.5508372284320356e-09,0.0799985370920207,0.9200014583571421,25,30,0
24,8640,3.4445968836781874e-20,4.5508372284320356e-09,0.07999853709245835,0.9200014583567043,25,30,0
24,8641,3.444729491587234e-20,4.550837229752953e-09,0.0799985398723062,0.9200014555768565,25,30,0
24,8642,3.444729491600281e-20,4.550837229752554e-09,0.0799985378747707,0.920001457574392,25,30,0
24,8643,3.444729450747555e-20,4.550837229752554e-09,0.07999853587638742,0.9200014595727756,25,30,0
24,8644,3.4447294507477595e-20,4.550837229752554e-09,0.07999853588728055,0.9200014595618824,25,30,0
24,8645,3.444198366256395e-20,4.550837229752547e-09,0.07999850744111564,0.9200014880080474,25,30,0
24,8646,3.444198366192639e-20,4.550837229752547e-09,0.07999850744069475,0.920001488008468,25,30,0
24,8647,3.444191381001847e-20,4.550837229752953e-09,0.08000007481281118,0.9199999206363516,25,30,0
24,8648,3.4441820644353176e-20,4.550837229752553e-09,0.08000004637521364,0.9199999490739493,25,30,0
24,8649,3.444182067352491e-20,4.55083722975256e-09,0.08000004639991155,0.9199999490492514,25,30,0
24,8650,3.444713155723594e-20,4.550837229752561e-09,0.08000004782098796,0.919999947628175,25,30,0
24,8651,3.4447131550075446e-20,4.55083722975256e-09,0.08000004778526193,0.9199999476639011,25,30,0
24,8652,3.4441820666353543e-20,4.55083722975256e-09,0.0800000463289612,0.9199999491202017,25,30,0
24,8653,3.4443148385886545e-20,4.550837229775742e-09,0.0800000849122979,0.9199999105368651,25,30,0
24,8654,4.451413277640078e-15,1.0944617002739753e-10,0.07999888584585618,0.9200011140446933,25,30,0
24,8655,4.4514132775701985e-15,1.0944617002739753e-10,0.07999880535615964,0.9200011945343896,25,30,0
24,8656,2.9540604464120234e-14,1.0439838006480442e-17,0.08000050082195793,0.919999499178013,25,30,0
24,8657,2.9540604464120234e-14,1.0439838006441928e-17,0.08000050084718983,0.9199994991527811,25,30,0
24,8658,2.9540604464190096e-14,1.1737172527757615e-17,0.07999901455096228,0.9200009854490082,25,30,0
24,8659,2.9540604464213415e-14,1.3058088020860414e-17,0.07999905599530323,0.920000944004667,25,30,0
24,8660,2.9540604388533734e-14,1.1736764710931413e-17,0.07999905253940014,0.9200009474605702,25,30,0
24,8661,2.9540604387206025e-14,1.0415854971709516e-17,0.0799991315814478,0.9200008684185227,25,30,0
24,8662,2.954060438720605e-14,1.0415847841346533e-17,0.07999904905865876,0.9200009509413117,25,30,0
24,8663,2.9540604311524805e-14,1.0392673761488268e-17,0.0799990090387498,0.9200009909612207,25,30,0
24,8664,2.9540604311524805e-14,1.0392687899409508e-17,0.0799990374759507,0.92000096252402,25,30,0
24,8665,2.95406043115481e-14,1.0392695032020699e-17,0.07999903950977907,0.9200009604901916,25,30,0
24,8666,2.9540604311571146e-14,1.0393097798531954e-17,0.08037214457723227,0.9196278554227386,25,30,0
24,8667,2.9540604311547884e-14,1.0392691241927312e-17,0.0803721425523447,0.9196278574476261,25,30,0
24,8668,2.954060431154788e-14,1.0392691241964487e-17,0.08037214252739373,0.9196278574725771,25,30,0
24,8669,2.9540604311548294e-14,1.1713607988724698e-17,0.08037214600829229,0.9196278539916786,25,30,0
24,8670,2.9540604311549897e-14,1.1713615121334822e-17,0.08037214506004642,0.9196278549399244,25,30,0
24,8671,2.954060431152683e-14,1.171321247768572e-17,0.07999915590961199,0.9200008440903585,25,30,0
24,8672,2.954060431152683e-14,1.171321247552891e-17,0.07999915590918183,0.9200008440907886,25,30,0
24,8673,2.9540604306309134e-14,1.1713205345042385e-17,0.07999915525938388,0.9200008447405866,25,30,0
24,8674,2.9540604306285853e-14,1.1713198337526777e-17,0.0799991932202157,0.9200008067797549,25,30,0
24,8675,2.954060430626256e-14,1.0392283092457874e-17,0.07999915177663955,0.9200008482233311,25,30,0
24,8676,4.451379343121896e-15,1.920778701348438e-12,0.07999912202157432,0.9200008779765005,25,30,0
24,8677,4.451379343121488e-15,1.9207787013413056e-12,0.07999911998829891,0.920000880009776,25,30,0
24,8678,4.451379343121079e-15,1.9207773804245567e-12,0.07999911654307049,0.9200008834550044,25,30,0
24,8679,4.451379343121079e-15,1.9207773804245567e-12,0.07999911651847713,0.9200008834795977,25,30,0
24,8680,4.451379343121072e-15,1.9207773804244294e-12,0.0799990765596642,0.9200009234384108,25,30,0
24,8681,4.451379343121099e-15,1.9207773804315643e-12,0.07999907656846186,0.9200009234296131,25,30,0
24,8682,4.4513793431211e-15,1.9207773808381244e-12,0.07999919248581194,0.9200008075122629,25,30,0
24,8683,4.4513793431211e-15,1.920777380845382e-12,0.07999919448316213,0.9200008055149128,25,30,0
24,8684,4.451379343121115e-15,1.9207773816583697e-12,0.08000580072558722,0.9199941992724879,25,30,0
24,8685,4.451379343214274e-15,1.920777381252068e-12,0.07999919651723528,0.9200008034808397,25,30,0
24,8686,4.451379341888188e-15,1.9207773580781137e-12,0.07999915718822813,0.9200008428098468,25,30,0
24,8687,4.451379341888188e-15,1.9207773580639737e-12,0.07999913074899788,0.9200008692490771,25,30,0
24,8688,4.451379341888188e-15,1.920777358063978e-12,0.07999913074841845,0.9200008692496564,25,30,0
24,8689,4.451379341911481e-15,1.9207773584634058e-12,0.07999917073458473,0.9200008292634901,25,30,0
24,8690,4.45137934191146e-15,1.9207773584562734e-12,0.07999917070960866,0.9200008292884664,25,30,0
24,8691,4.451379341913481e-15,1.920777358463283e-12,0.07999921070370614,0.9200007892943688,25,30,0
24,8692,4.451379341843594e-15,1.9207760379628394e-12,0.07999912959277383,0.9200008704053011,25,30,0
24,8693,4.451379341844004e-15,1.9207760383694027e-12,0.07999912961754786,0.920000870380527,25,30,0
24,8694,4.4513798922718754e-15,6.221747569739579e-09,0.07990277626209664,0.9200972175161514,25,30,0
24,8695,4.451379897582078e-15,6.221747569762751e-09,0.07990747955382227,0.9200925142244256,25,30,0
24,8696,4.451379897582522e-15,6.221747569762765e-09,0.0799074815517387,0.9200925122265091,25,30,0
24,8697,4.451379973254856e-15,6.221751860912082e-09,0.07991222901937718,0.9200877647588664,25,30,0
24,8698,4.4513799784729406e-15,6.221751862232591e-09,0.07991228449236006,0.9200877092858836,25,30,0
24,8699,4.451379978449647e-15,6.221751862232177e-09,0.07991228304458281,0.9200877107336609,25,30,0
24,8700,4.451379983760502e-15,6.221751863553093e-09,0.07991228652565868,0.920087707252585,25,30,0
24,8701,4.4513799838549e-15,6.221751863552701e-09,0.079915449624861,0.9200845441533828,25,30,0
24,8702,4.451379983856528e-15,6.2217518635531075e-09,0.07991533515546206,0.9200846586227818,25,30,0
24,8703,4.451379983854886e-15,6.2217518635527e-09,0.0799152966077032,0.9200846971705406,25,30,0
24,8704,4.451379983831564e-15,6.221751863552294e-09,0.0799152566127659,0.920084737165478,25,30,0
24,8705,4.451379983736757e-15,6.2217518635522795e-09,0.07991209348817462,0.9200879002900693,25,30,0
24,8706,4.451379983737378e-15,6.221751863552283e-09,0.07990741866139459,0.9200925751168492,25,30,0
24,8707,4.451379983739005e-15,6.2217518635522895e-09,0.07990741666523699,0.920092577113007,25,30,0
24,8708,4.451379983737371e-15,6.221751863552282e-09,0.07990741599942609,0.9200925777788177,25,30,0
24,8709,4.4513799837373786e-15,6.2217518635522895e-09,0.0799074164632872,0.9200925773149566,25,30,0
24,8710,4.451379983667497e-15,6.221751863552282e-09,0.07990969602074503,0.9200902977574988,25,30,0
24,8711,1.3263954416342955e-18,6.223070738905981e-09,0.0798445227194544,0.9201554710574749,25,30,0
24,8712,1.326319769298768e-18,6.223066447756664e-09,0.07983977323047982,0.9201602205464537,25,30,0
24,8713,1.3263954489819802e-18,6.223066447779845e-09,0.07983977530794795,0.9201602184689857,25,30,0
24,8714,1.326390138159189e-18,6.2230664477566715e-09,0.07983974686948286,0.9201602469074507,25,30,0
24,8715,1.3263901365252034e-18,6.223066447757071e-09,0.07983974689285085,0.9201602468840826,25,30,0
24,8716,1.3263914642347822e-18,6.223066447757071e-09,0.07983986081274934,0.9201601329641842,25,30,0
24,8717,1.3263914637909112e-18,6.223066447757056e-09,0.07983985878001049,0.9201601349969232,25,30,0
24,8718,1.3263914641990701e-18,6.223066447756649e-09,0.07983974289851291,0.9201602508784208,25,30,0
24,8719,1.3263914641989463e-18,6.223066447756649e-09,0.07983974434562559,0.9201602494313081,25,30,0
24,8720,1.3263914641702778e-18,6.223066447756649e-09,0.07983974430995848,0.9201602494669753,25,30,0
24,8721,1.3263861545483664e-18,6.2230664464361405e-09,0.07983968883697563,0.920160304939958,25,30,0
24,8722,1.3263874822906276e-18,6.223066446459315e-09,0.07983969184373513,0.9201603019331986,25,30,0
24,8723,2.535655800273153e-13,1.4385469521109868e-05,0.0798916890411605,0.9200939254890649,25,30,0
24,8724,2.5356558002729197e-13,1.4385469521109868e-05,0.07988941148078488,0.9200962030494405,25,30,0
24,8725,2.5356558002729197e-13,1.4385469521109868e-05,0.07988941142060203,0.9200962031096235,25,30,0
24,8726,2.5356558002729036e-13,1.4385469521109868e-05,0.07988941136015541,0.92009620317007,25,30,0
24,8727,2.535655800272907e-13,1.4385469521109868e-05,0.0798894093628106,0.920096205167415,25,30,0
24,8728,2.535655800219799e-13,1.4385469521108547e-05,0.0798894058906786,0.920096208639547,25,30,0
24,8729,2.5356558002197866e-13,1.4385469521108547e-05,0.07988940447840215,0.9200962100518234,25,30,0
24,8730,2.5356558002197826e-13,1.4385469521108547e-05,0.07988940445165996,0.9200962100785656,25,30,0
24,8731,2.5356558002197826e-13,1.4385469521108547e-05,0.07988951892168475,0.9200960956085408,25,30,0
24,8732,2.5356558002197866e-13,1.4385469521108569e-05,0.07988952012224938,0.9200960944079761,25,30,0
24,8733,2.53565580020651e-13,1.438546952110857e-05,0.07989601041114804,0.9200896041190775,25,30,0
24,8734,2.5356558002055785e-13,1.438546952110857e-05,0.07989601041070003,0.9200896041195255,25,30,0
24,8735,1.2514711438136629e-06,2.110234733441347e-05,0.07998440908524102,0.9199932370962809,25,30,0
24,8736,1.2514711438136629e-06,2.110234733441347e-05,0.07998440910958796,0.9199932370719337,25,30,0
24,8737,1.2514711438136629e-06,2.110234733441347e-05,0.07998440907436058,0.9199932371071611,25,30,0
24,8738,1.2514711438136629e-06,2.110234733441347e-05,0.07998441049673807,0.9199932356847836,25,30,0
24,8739,1.2514711438136629e-06,2.110234733441347e-05,0.07998437254383164,0.91999327363769,25,30,0
24,8740,1.2514711438136629e-06,2.110234733441347e-05,0.07998437162096358,0.9199932745605581,25,30,0
24,8741,1.2514711438136629e-06,2.110234733441347e-05,0.0799843695967016,0.91999327658482,25,30,0
24,8742,1.2514711438136629e-06,2.1102347334413444e-05,0.0799843684565809,0.9199932777249409,25,30,0
24,8743,1.2514711438136629e-06,2.1102347334413444e-05,0.07998436937943816,0.9199932768020835,25,30,0
24,8744,1.25147114381368e-06,2.1102347334413444e-05,0.08007355270619816,0.9199040934753239,25,30,0
24,8745,1.25147114381368e-06,2.1102347334413424e-05,0.08007366654612202,0.9199039796354,25,30,0
24,8746,1.25147114381368e-06,2.1102347334413424e-05,0.08007366648594635,0.9199039796955756,25,30,0
24,8747,1.25147114381368e-06,2.1102347334413424e-05,0.08007355060444046,0.9199040955770816,25,30,0
24,8748,1.25147114381368e-06,2.1102347334413424e-05,0.08007355013030121,0.9199040960512208,25,30,0
24,8749,1.25147114381368e-06,2.1102347541356346e-05,0.0862350963305104,0.9137425498508047,25,30,0
24,8750,1.25147114381368e-06,2.1102347541356346e-05,0.0862350983647664,0.9137425478165487,25,30,0
24,8751,1.25147114381368e-06,2.1102347541356346e-05,0.0862350979102839,0.9137425482710312,25,30,0
24,8752,1.25147114381368e-06,2.1102347541356346e-05,0.08623509791072143,0.9137425482705934,25,30,0
24,8753,1.25147114381368e-06,2.1102347541356346e-05,0.0862350993491139,0.9137425468322011,25,30,0
24,8754,1.251470890249475e-06,6.723099791800209e-06,0.0862494789671907,0.9137425464621274,25,30,0
24,8755,1.2514708902494578e-06,6.723099791800209e-06,0.08616029563212071,0.9138317297971974,25,30,0
24,8756,1.2514708902494578e-06,6.723099791800232e-06,0.08616029778052932,0.9138317276487888,25,30,0
24,8757,1.2514708902494578e-06,6.723099791800232e-06,0.08616029921600427,0.9138317262133139,25,30,0
24,8758,1.2514708902494578e-06,6.723099791801552e-06,0.08616488659938812,0.91382713882993,25,30,0
24,8759,1.2514708902494578e-06,6.723099791876844e-06,0.08616497112578622,0.9138270543035317,25,30,0
24,8760,1.2514708902494578e-06,6.723099791878165e-06,0.0861649731595284,0.9138270522697896,25,30,0
24,8761,1.2514708902494578e-06,6.723099791878165e-06,0.08616497381675599,0.913827051612562,25,30,0
24,8762,1.251470890249475e-06,6.72309979195477e-06,0.08616941542157062,0.9138226100077473,25,30,0
24,8763,1.251470890249475e-06,6.72309979195477e-06,0.08616941539651846,0.9138226100327995,25,30,0
24,8764,1.251470890249475e-06,6.72309979195477e-06,0.08616941672787488,0.913822608701443,25,30,0
24,8765,1.251470890249475e-06,6.72309979195477e-06,0.08616941674410093,0.913822608685217,25,30,0
24,8766,1.251470890249475e-06,6.723099791956091e-06,0.08616953316418421,0.9138224922651337,25,30,0
24,8767,1.2514708902495716e-06,6.723101135395571e-06,0.08616953279134433,0.91382249263663,25,30,0
24,8768,1.2514708902495716e-06,6.723101135395548e-06,0.08616952978457401,0.9138224956434005,25,30,0
24,8769,1.2514708902495718e-06,6.723101135395549e-06,0.08617118473349981,0.9138208406944746,25,30,0
24,8770,1.2514708902495718e-06,6.723101135395549e-06,0.08617126725644636,0.9138207581715281,25,30,0
24,8771,1.2514708902495718e-06,6.723101135394227e-06,0.0861665654028372,0.9138254600251372,25,30,0
24,8772,1.2514708902495718e-06,6.7231009284513085e-06,0.08000502123517254,0.9199870041930089,25,30,0
24,8773,1.2514708902495718e-06,6.7231009284513085e-06,0.08000502269447496,0.9199870027337065,25,30,0
24,8774,1.2514708902495718e-06,6.72310092845263e-06,0.08000510522821067,0.9199869201999707,25,30,0
24,8775,1.2514708902495718e-06,6.723100928451332e-06,0.08000510228188201,0.9199869231462995,25,30,0
24,8776,1.2514708902495718e-06,6.723100928451332e-06,0.08000510085948903,0.9199869245686925,25,30,0
24,8777,1.2514708902495718e-06,6.723100928451331e-06,0.08000510084762774,0.9199869245805538,25,30,0
24,8778,1.2514708902495718e-06,6.723100928451331e-06,0.08000512635544607,0.9199868990727355,25,30,0
24,8779,1.2514708902495718e-06,6.723100928451331e-06,0.0800052043110507,0.9199868211171308,25,30,0
24,8780,1.2514708902495718e-06,6.723100928451331e-06,0.08000520434564978,0.9199868210825316,25,30,0
24,8781,1.2514708902495718e-06,6.723100928451331e-06,0.0800052043454732,0.9199868210827082,25,30,0
24,8782,1.2514708902495718e-06,6.723100928451331e-06,0.08000520430963666,0.9199868211185448,25,30,0
24,8783,1.2514708902495718e-06,6.723100928451331e-06,0.08000520431024072,0.9199868211179407,25,30,0
24,8784,1.2514708902495718e-06,6.7231009284513085e-06,0.08000528629883143,0.91998673912935,25,30,0
24,8785,1.2514708902495718e-06,6.7231009284513085e-06,0.08000528429102886,0.9199867411371527,25,30,0
24,8786,1.2514708902495718e-06,6.7231009284513085e-06,0.08000528286883166,0.9199867425593498,25,30,0
24,8787,1.2514708902495718e-06,6.7231009284513085e-06,0.08000528083548575,0.9199867445926958,25,30,0
24,8788,1.2514708902495718e-06,6.7231009284513085e-06,0.07999867459336378,0.9199933508348177,25,30,0
24,8789,1.252170202406013e-06,6.723100716959057e-06,0.07994048028848279,0.9200515444405979,25,30,0
24,8790,1.252170202406013e-06,6.723100716959057e-06,0.07994048028876112,0.9200515444403196,25,30,0
24,8791,1.2521702024060125e-06,6.723100716959056e-06,0.0799388253414214,0.9200531993876594,25,30,0
24,8792,1.2514710249868899e-06,6.723099567344057e-06,0.050538893155530965,0.9494531322738772,25,30,0
24,8793,1.2514710249868899e-06,6.723099567344057e-06,0.050538921618340435,0.9494531038110676,25,30,0
24,8794,1.2514710249868899e-06,6.723099567344057e-06,0.050538921606667134,0.9494531038227408,25,30,0
24,8795,1.2514710249868899e-06,6.723099567344057e-06,0.050538920219510584,0.9494531052098973,25,30,0
24,8796,1.2514710249868899e-06,6.723099567344057e-06,0.050538920718547826,0.9494531047108602,25,30,0
24,8797,1.2514710249868899e-06,6.723099567344057e-06,0.05053889225618742,0.9494531331732204,25,30,0
24,8798,1.2514710249868899e-06,6.723099567344057e-06,0.050538892257117635,0.9494531331722904,25,30,0
24,8799,1.2514710249868899e-06,6.723099567268766e-06,0.05053880773008865,0.9494532176993193,25,30,0
24,8800,1.2514710249868899e-06,6.723099567268766e-06,0.050538807754854836,0.9494532176745532,25,30,0
24,8801,1.2514710249868899e-06,6.723099567268766e-06,0.05053880977123394,0.949453215658174,25,30,0
24,8802,1.2514710249868899e-06,6.723099567270078e-06,0.05080514416255813,0.9491868812668498,25,30,0
24,8803,1.2514710249868899e-06,6.723099567270078e-06,0.050805144197180185,0.9491868812322278,25,30,0
24,8804,1.251470890248101e-06,6.72309956094786e-06,0.04026331154077197,0.9597287138887772,25,30,0
24,8805,1.251470890248101e-06,6.72309956094786e-06,0.04026331295287515,0.9597287124766738,25,30,0
24,8806,1.251470890248101e-06,6.72309956094786e-06,0.04026323045447808,0.9597287949750709,25,30,0
24,8807,1.251470890248101e-06,6.723099560946548e-06,0.039997011980402425,0.9599950134491466,25,30,0
24,8808,1.251470890248101e-06,6.723099560947864e-06,0.04012653399314819,0.9598654914364009,25,30,0
24,8809,1.2514708902481178e-06,6.723099560949186e-06,0.040126537057320506,0.9598654883722285,25,30,0
24,8810,1.2514708902481178e-06,6.7230995609491844e-06,0.04012653700517117,0.9598654884243778,25,30,0
24,8811,1.2514708902481178e-06,6.7230995609491844e-06,0.04012645455294698,0.9598655708766021,25,30,0
24,8812,1.251470890248101e-06,6.723099560947864e-06,0.040126453486963774,0.9598655719425853,25,30,0
24,8813,3.549503027030468e-17,5.007738166505394e-10,0.04013430133204017,0.9598656981671858,25,30,0
24,8814,3.5495031504816794e-17,5.007738166737205e-10,0.04013427526528137,0.9598657242339447,25,30,0
24,8815,3.549510727771043e-17,5.007738166737348e-10,0.040134276424844705,0.9598657230743813,25,30,0
24,8816,3.549510727732983e-17,5.007738166737416e-10,0.04013419991614169,0.9598657995830844,25,30,0
24,8817,3.5495107302256647e-17,5.00773817994612e-10,0.0401358228039155,0.9598641766953107,25,30,0
24,8818,3.549503285707309e-17,5.007738179946049e-10,0.0401359375490996,0.9598640619501265,25,30,0
24,8819,3.5495032856664937e-17,5.007738166737049e-10,0.04040218941726782,0.9595978100819583,25,30,0
24,8820,3.549503285666493e-17,5.00773816673698e-10,0.04040218938222284,0.9595978101170033,25,30,0
24,8821,3.549503297353858e-17,5.007738166740906e-10,0.04013589495829245,0.9598641045409336,25,30,0
24,8822,3.549510732543676e-17,5.007738166740835e-10,0.04013593349536688,0.9598640660038592,25,30,0
24,8823,3.5495107325472595e-17,5.007738166744901e-10,0.040135934930062386,0.9598640645691637,25,30,0
24,8824,3.549510732424664e-17,5.007738166744901e-10,0.040135934940163605,0.9598640645590624,25,30,0
24,8825,3.549510732421797e-17,5.007738166744902e-10,0.040135935887974865,0.9598640636112511,25,30,0
24,8826,3.5495107322181437e-17,5.007738153578436e-10,0.04000641246268763,0.9599935870365384,25,30,0
24,8827,3.54951059944691e-17,5.007738153806181e-10,0.040006374025263254,0.9599936254739627,25,30,0
24,8828,3.549510599446859e-17,5.007738153806179e-10,0.0400063740242076,0.9599936254750187,25,30,0
24,8829,3.549511139685443e-17,5.00773815357444e-10,0.040006428930116196,0.9599935705691099,25,30,0
24,8830,3.549503571727118e-17,5.007738153342703e-10,0.040006388945259694,0.9599936105539665,25,30,0
24,8831,3.549503571724263e-17,5.007738153342699e-10,0.04000638891834094,0.9599936105808851,25,30,0
24,8832,3.5495030313229227e-17,5.007738153342627e-10,0.04000633197127426,0.9599936675279518,25,30,0
24,8833,3.549503028952743e-17,5.007738153342627e-10,0.04000621601879328,0.9599937834804328,25,30,0
24,8834,3.549503028954894e-17,5.007738153342627e-10,0.04000621604312929,0.9599937834560968,25,30,0
24,8835,2.730810677549661e-07,1.4149307112237e-13,0.040006079553003955,0.9599936473657865,25,30,0
24,8836,2.730810677549661e-07,1.4149175025197147e-13,0.040009159940582274,0.9599905669782082,25,30,0
24,8837,2.730810677549661e-07,1.4149042973838275e-13,0.040009044968007855,0.9599906819507826,25,30,0
24,8838,2.730810677549661e-07,1.41490453161791e-13,0.040275379394525884,0.9597243475242646,25,30,0
24,8839,2.730810677549661e-07,1.414904531617866e-13,0.04027067614412409,0.9597290507746663,25,30,0
24,8840,2.730810677549661e-07,1.414904531619117e-13,0.040270676718125654,0.9597290502006649,25,30,0
24,8841,2.730810677549661e-07,1.4149045316916682e-13,0.0402729563027506,0.9597267706160401,25,30,0
24,8842,2.730810677549661e-07,1.4149177408582414e-13,0.04027295881051358,0.9597267681082771,25,30,0
24,8843,5.425965207757381e-09,1.534158828883837e-09,0.04027322488882426,0.9597267681510515,25,30,0
24,8844,5.425965207757381e-09,1.5341589041672452e-09,0.040277928194963515,0.9597220648449121,25,30,0
24,8845,5.425965207757381e-09,1.5341589041672454e-09,0.04027792668624369,0.9597220663536321,25,30,0
24,8846,5.425965207757381e-09,1.5341589041668389e-09,0.04027792527351874,0.959722067766357,25,30,0
24,8847,5.425965207757381e-09,1.5341588288838372e-09,0.040273221992763765,0.9597267710471121,25,30,0
24,8848,5.4259652077573856e-09,1.5341588288842437e-09,0.040273221260798714,0.9597267717790773,25,30,0
24,8849,5.4259652077573856e-09,1.534158828884251e-09,0.04027484211987407,0.959725150920002,25,30,0
24,8850,5.4259652077573856e-09,1.534158828884251e-09,0.04027484210959882,0.9597251509302772,25,30,0
24,8851,5.42596520775739e-09,1.5341588301819969e-09,0.04027495590340584,0.9597250371364702,25,30,0
24,8852,5.425965207740138e-09,1.5341587535777353e-09,0.040270552846369136,0.9597294401935069,25,30,0
24,8853,5.425965207740138e-09,1.5341587536009091e-09,0.04027066874758514,0.9597293242922909,25,30,0
24,8854,5.425965207740138e-09,1.5341587536009019e-09,0.04026904590717201,0.959730947132704,25,30,0
24,8855,5.425965207740144e-09,1.534158753600895e-09,0.040269128906440875,0.9597308641334353,25,30,0
24,8856,5.425965207740144e-09,1.5341587536009023e-09,0.040269128933639854,0.9597308641062362,25,30,0
24,8857,5.4259652077444435e-09,1.5341630313625648e-09,0.040398652947767205,0.9596013400921047,25,30,0
24,8858,1.1513998992320134e-05,5.424180530346226e-07,0.04038658045057304,0.9596013631323815,25,30,0
24,8859,1.1513998992320134e-05,5.424180530359435e-07,0.04039094046072593,0.959597003122229,25,30,0
24,8860,1.1513998992320134e-05,5.42418053035943e-07,0.04039094042504801,0.9595970031579067,25,30,0
24,8861,1.1513998992320134e-05,5.42418053035943e-07,0.0403909404403459,0.9595970031426088,25,30,0
24,8862,1.1513998992320134e-05,5.42418053035943e-07,0.04039094044096071,0.9595970031419941,25,30,0
24,8863,1.1513998992320134e-05,5.424180530346221e-07,0.04039082449811189,0.9595971190848429,25,30,0
24,8864,1.1513998992320134e-05,5.424180530346225e-07,0.040390824996607365,0.9595971185863474,25,30,0
24,8865,1.1513998992320134e-05,5.424180530346225e-07,0.04039093888116611,0.9595970047017885,25,30,0
24,8866,1.1513998992320134e-05,5.424180530346221e-07,0.04039093817426358,0.9595970054086911,25,30,0
24,8867,1.1513998992320134e-05,5.424180530346221e-07,0.040390936762602074,0.9595970068203526,25,30,0
24,8868,1.1513998992320134e-05,5.424180530346222e-07,0.040390936763235484,0.9595970068197193,25,30,0
24,8869,1.1513998992320134e-05,5.424180530333014e-07,0.04038649375363344,0.9596014498293212,25,30,0
24,8870,1.1513998992320134e-05,5.424180530333014e-07,0.040386494455912796,0.9596014491270419,25,30,0
24,8871,1.1513998992320134e-05,5.424180530333014e-07,0.04038649439731989,0.9596014491856347,25,30,0
24,8872,1.1513998992320131e-05,5.424180487555624e-07,0.040258593224047366,0.9597293503589115,25,30,0
24,8873,1.1513998992320131e-05,5.424180487555624e-07,0.04025859321207145,0.9597293503708875,25,30,0
24,8874,1.1513998992320131e-05,5.42418048755562e-07,0.04025859321163379,0.9597293503713251,25,30,0
24,8875,1.1513998992320131e-05,5.42418048755562e-07,0.04025847779339735,0.9597294657895616,25,30,0
24,8876,1.1513998992320131e-05,5.42418048755562e-07,0.04025856034166515,0.9597293832412939,25,30,0
24,8877,1.1513998992320131e-05,5.42418048830822e-07,0.03999692925590862,0.9599910143270501,25,30,0
24,8878,1.1513998992320131e-05,5.42418048830822e-07,0.039996928766814745,0.959991014816144,25,30,0
24,8879,1.1513998992320131e-05,5.424180488295012e-07,0.039996928302964065,0.9599910152799949,25,30,0
24,8880,1.1513998992320375e-05,5.42418292661693e-07,0.04012649204154286,0.9598614515411722,25,30,0
24,8881,1.1513998992320375e-05,5.424182926630139e-07,0.040126608424477635,0.9598613351582376,25,30,0
24,8882,1.1513998992320375e-05,5.424182926630139e-07,0.04012660638117255,0.9598613372015425,25,30,0
24,8883,1.1513998992320375e-05,5.424182926630139e-07,0.0401265238683947,0.9598614197143205,25,30,0
24,8884,1.1513998992320375e-05,5.424182926630139e-07,0.04012660494417857,0.9598613386385365,25,30,0
24,8885,1.1513998992320375e-05,5.424182927378279e-07,0.04039293932630659,0.9595950042564084,25,30,0
24,8886,1.1513998992320375e-05,5.424182927378047e-07,0.04039282342570558,0.9595951201570095,25,30,0
24,8887,7.96705273368652e-11,1.981556097251847e-05,0.04029061221746456,0.9596895721418923,25,30,0
24,8888,7.967052733656779e-11,1.981556097251717e-05,0.040290497258766454,0.9596896871005903,25,30,0
24,8889,7.967052733656778e-11,1.981556097251717e-05,0.04029208015642583,0.9596881042029309,25,30,0
24,8890,7.967052733656778e-11,1.981556097251717e-05,0.0402920801564365,0.9596881042029203,25,30,0
24,8891,7.967052735382273e-11,1.9815560972517193e-05,0.04029208302811517,0.9596881013312416,25,30,0
24,8892,7.967052735382273e-11,1.9815560972517193e-05,0.040292083476855645,0.9596881008825012,25,30,0
24,8893,7.967052735382278e-11,1.9815560972517193e-05,0.040292198930653084,0.9596879854287039,25,30,0
24,8894,7.967052735382288e-11,1.9815560972517193e-05,0.04029222670160208,0.9596879576577548,25,30,0
24,8895,7.96705273538229e-11,1.9815560972517173e-05,0.04029721004213283,0.9596829743172242,25,30,0
24,8896,7.967052735382414e-11,1.9815560972517173e-05,0.04029558718931507,0.959684597170042,25,30,0
24,8897,7.96705271087373e-11,1.981556072868498e-05,0.04016602302038803,0.9598141613392128,25,30,0
24,8898,7.96705271087373e-11,1.981556072868498e-05,0.0401660229954288,0.959814161364172,25,30,0
24,8899,7.967052710873198e-11,1.981556072868498e-05,0.040166138843386434,0.9598140455162144,25,30,0
24,8900,7.967052710873198e-11,1.981556072868498e-05,0.040166138832805426,0.9598140455267954,25,30,0
24,8901,7.967052710873207e-11,1.981556072868498e-05,0.04016614027996587,0.959814044079635,25,30,0
24,8902,7.967052710873207e-11,1.981556072868498e-05,0.04016614027892142,0.9598140440806795,25,30,0
24,8903,7.967052710873216e-11,1.981556072868498e-05,0.04016614031445341,0.9598140440451474,25,30,0
24,8904,7.967052710873207e-11,1.981556072868498e-05,0.04016613887694555,0.9598140454826553,25,30,0
24,8905,7.967052710873207e-11,1.981556072868498e-05,0.0401660244069318,0.959814159952669,25,30,0
24,8906,7.967052710873207e-11,1.9815560728609695e-05,0.04016132109050976,0.9598188632690912,25,30,0
24,8907,7.967052710873207e-11,1.9815560728609695e-05,0.04016131967842124,0.9598188646811796,25,30,0
24,8908,7.967052710873077e-11,1.9815560728609695e-05,0.040167885925324776,0.9598122984342762,25,30,0
24,8909,7.967052710873077e-11,1.9815560728609695e-05,0.0401656063577812,0.9598145780018197,25,30,0
24,8910,7.967052710873077e-11,1.9815560728609695e-05,0.04016557793534381,0.9598146064242572,25,30,0
24,8911,7.967052710873077e-11,1.9815560728609695e-05,0.04016557797099246,0.9598146063886085,25,30,0
24,8912,7.967052710873077e-11,1.9815560728609695e-05,0.04016557793595881,0.9598146064236421,25,30,0
24,8913,7.967052710873476e-11,1.9815560728609723e-05,0.04016557792406552,0.9598146064355355,25,30,0
24,8914,7.967052710873476e-11,1.9815560728609743e-05,0.04016557928145043,0.9598146050781505,25,30,0
24,8915,7.967052710874002e-11,1.9815560728609767e-05,0.0401677429218075,0.9598124414377935,25,30,0
24,8916,2.218664233026264e-14,3.077911133289218e-07,0.03551394205575949,0.964485750153105,25,30,0
24,8917,2.2186642330262616e-14,3.077911133289218e-07,0.0355139440637193,0.964485748145145,25,30,0
24,8918,2.2186625075295202e-14,3.077911133288982e-07,0.035513941181163314,0.964485751027701,25,30,0
24,8919,2.2186625075295202e-14,3.077911133288982e-07,0.03551394118136062,0.9644857510275037,25,30,0
24,8920,2.2186625075202003e-14,3.077911133288982e-07,0.035513941166239606,0.9644857510426249,25,30,0
24,8921,2.218662507517915e-14,3.077911133288982e-07,0.03550733565084628,0.9644923565580182,25,30,0
24,8922,2.218662506986993e-14,3.07791113328875e-07,0.035507334226437134,0.9644923579824273,25,30,0
24,8923,2.2186625069867886e-14,3.0779111332885185e-07,0.03550741535695412,0.9644922768519103,25,30,0
24,8924,2.2186625069868287e-14,3.0779111332885185e-07,0.03550741332458215,0.9644922788842824,25,30,0
24,8925,2.218662506996143e-14,3.0779111332885185e-07,0.03550741285151346,0.964492279357351,25,30,0
24,8926,2.2186625069961022e-14,3.0779111332885185e-07,0.035507412816309564,0.9644922793925551,25,30,0
24,8927,2.2186625068633335e-14,3.0779111332885185e-07,0.03550741279372141,0.9644922794151433,25,30,0
24,8928,2.218662506854017e-14,3.0779111332885143e-07,0.03550741275804347,0.9644922794508212,25,30,0
24,8929,2.218662506854017e-14,3.0779111332885185e-07,0.03550741322207388,0.9644922789867908,25,30,0
24,8930,2.2186625068561826e-14,3.077911133288746e-07,0.03550741525512525,0.9644922769537395,25,30,0
24,8931,2.2186624998696896e-14,3.0779111325406107e-07,0.035241082855822586,0.9647586093530421,25,30,0
24,8932,2.2186624998697303e-14,3.0779111325406107e-07,0.035241082856441196,0.9647586093524235,25,30,0
24,8933,2.218662499879007e-14,3.0779111325406107e-07,0.035241082881215004,0.9647586093276498,25,30,0
24,8934,2.218662499879008e-14,3.0779111325406107e-07,0.035241082871117164,0.9647586093377477,25,30,0
24,8935,2.2186624998788448e-14,3.0779111325406107e-07,0.03524108287068255,0.9647586093381822,25,30,0
24,8936,2.2033224836546432e-14,3.123661261366679e-07,0.03517020940953556,0.9648294782243163,25,30,0
24,8937,2.2033224836569694e-14,3.123661261366683e-07,0.035170211418003035,0.9648294762158487,25,30,0
24,8938,2.2033224836569694e-14,3.123661261366683e-07,0.035170211409093606,0.9648294762247582,25,30,0
24,8939,2.2033224836569687e-14,3.1236612613666836e-07,0.03517013091917232,0.9648295567146795,25,30,0
24,8940,2.2033224836570915e-14,3.1236612613666836e-07,0.035170131393332665,0.9648295562405192,25,30,0
24,8941,2.20332248365942e-14,3.1236612613798925e-07,0.035170247311205875,0.9648294403226462,25,30,0
24,8942,2.203322483659461e-14,3.1236612613798925e-07,0.03517024731226941,0.9648294403215826,25,30,0
24,8943,2.203322483659461e-14,3.1236612613798925e-07,0.035170247978253175,0.9648294396555989,25,30,0
24,8944,2.2033224836594612e-14,3.1236612613798925e-07,0.03517024795349021,0.9648294396803618,25,30,0
24,8945,2.2033224836594612e-14,3.1236612613798925e-07,0.03517024592090273,0.9648294417129492,25,30,0
24,8946,2.2033224831283758e-14,3.123661261379889e-07,0.035170243887293534,0.9648294437465583,25,30,0
24,8947,2.2033224825973206e-14,3.123661261379657e-07,0.035167965741179946,0.9648317218926721,25,30,0
24,8948,2.2033224825973238e-14,3.1236612613928616e-07,0.03516138753335148,0.9648383001005008,25,30,0
24,8949,2.2033224825949944e-14,3.12366126139263e-07,0.035161385000591815,0.9648383026332603,25,30,0
24,8950,2.203322482595035e-14,3.123661261392634e-07,0.03516138703466991,0.9648383005991822,25,30,0
24,8951,2.2033224825973645e-14,3.123661261405843e-07,0.0351613904901767,0.9648382971436754,25,30,0
24,8952,2.203322482597321e-14,3.1236612614058387e-07,0.035161389763732835,0.9648382978701193,25,30,0
24,8953,2.2033224820665643e-14,3.1236612614056037e-07,0.0351613023273486,0.9648383853065035,25,30,0
24,8954,2.2033224820665643e-14,3.123661261392394e-07,0.03516129935765503,0.964838388276197,25,30,0
24,8955,2.2033224825953242e-14,3.1236612613923984e-07,0.03516129983222843,0.9648383878016236,25,30,0
24,8956,2.2033224827175395e-14,3.1236612614054845e-07,0.035534404877660374,0.9644652827561916,25,30,0
24,8957,2.2033224827175392e-14,3.1236612614054845e-07,0.03553440285324477,0.9644652847806071,25,30,0
24,8958,2.203322482186613e-14,3.1236612614054803e-07,0.03553451778463431,0.9644651698492176,25,30,0
24,8959,2.2033224821842866e-14,3.1236612613922714e-07,0.035534402341313394,0.9644652852925385,25,30,0
24,8960,2.2033224821842876e-14,3.1236612613922714e-07,0.035534402366295355,0.9644652852675566,25,30,0
24,8961,2.203322482184247e-14,3.1236612613922677e-07,0.03553440033221727,0.9644652873016346,25,30,0
24,8962,2.2033224821842475e-14,3.1236612613922677e-07,0.035534401034055786,0.9644652865997962,25,30,0
24,8963,2.2033224821844116e-14,3.1236612613922677e-07,0.03553443969675002,0.964465247937102,25,30,0
24,8964,2.2089286043040595e-14,3.1236612621451915e-07,0.03553456192436526,0.9644651257094865,25,30,0
24,8965,2.208928604301733e-14,3.123661262145188e-07,0.035534675807853994,0.9644650118259978,25,30,0
24,8966,2.2089286043018958e-14,3.123661262145188e-07,0.03553467578374442,0.9644650118501074,25,30,0
24,8967,2.208928604301733e-14,3.123661262145188e-07,0.03553456189960505,0.9644651257342467,25,30,0
24,8968,2.2089286043014086e-14,3.123661262145188e-07,0.03553453341896047,0.9644651542148914,25,30,0
24,8969,2.2089286044340167e-14,3.1236612621451915e-07,0.03553453347914712,0.9644651541547047,25,30,0
24,8970,2.2089286044340167e-14,3.1236612621451915e-07,0.03553453347852779,0.9644651541553241,25,30,0
24,8971,2.2089286044340196e-14,3.1236612621451915e-07,0.03553453347853541,0.9644651541553165,25,30,0
24,8972,2.2089286044340196e-14,3.1236612621451915e-07,0.035534573473015335,0.9644651141608365,25,30,0
24,8973,2.2089286044340196e-14,3.1236612621451915e-07,0.03553453347854291,0.964465154155309,25,30,0
24,8974,2.2089286044340164e-14,3.1236612621451915e-07,0.035534533489635686,0.9644651541442163,25,30,0
24,8975,2.2089286044340164e-14,3.1236612621454234e-07,0.03553464938185616,0.9644650382519957,25,30,0
24,8976,2.2089286044340164e-14,3.1236612621454234e-07,0.03553464868082804,0.9644650389530238,25,30,0
24,8977,2.2089286045667877e-14,3.1236612621454276e-07,0.03553465067945185,0.9644650369544,25,30,0
24,8978,2.2089286045574706e-14,3.1236612621454276e-07,0.03553465067941622,0.9644650369544355,25,30,0
24,8979,2.2089286044340177e-14,3.1236612621454276e-07,0.03553473314166287,0.964464954492189,25,30,0
24,8980,2.2089286044340177e-14,3.1236612621454276e-07,0.03553473316705716,0.9644649544667946,25,30,0
24,8981,2.2089286049650154e-14,3.1236612621586345e-07,0.03554133942016056,0.9644583482136914,25,30,0
24,8982,2.2089286049649775e-14,3.1236612621586345e-07,0.03554133945458693,0.9644583481792647,25,30,0
24,8983,2.2089286049648147e-14,3.1236612621586345e-07,0.035541340988674446,0.9644583466451774,25,30,0
24,8984,5.776185558035943e-17,5.483547087283928e-09,0.03553861094157398,0.9644613835748787,25,30,0
24,8985,5.776185425266669e-17,5.483547087283522e-09,0.03553860890813537,0.9644613856083174,25,30,0
24,8986,5.776185425266669e-17,5.483547087283514e-09,0.03553860889921007,0.9644613856172427,25,30,0
24,8987,1.700708735852956e-18,5.48354701199149e-09,0.03553848824141557,0.9644615062750372,25,30,0
24,8988,1.70070871255937e-18,5.483547010693749e-09,0.03553857612502364,0.9644614183914293,25,30,0
24,8989,1.7007087129680211e-18,5.483547012014658e-09,0.0355385786220811,0.9644614158943717,25,30,0
24,8990,1.700708712968396e-18,5.483547012014658e-09,0.0355385786220779,0.9644614158943748,25,30,0
24,8991,1.7007086197951864e-18,5.483547012014258e-09,0.03553849613425137,0.9644614983822015,25,30,0
24,8992,1.700784299402307e-18,5.483547012014272e-09,0.03553853816263093,0.964461456353822,25,30,0
24,8993,8.464900355986297e-12,8.421566116219577e-06,0.03808316619206032,0.9619084122333583,25,30,0
24,8994,8.464900355986297e-12,8.421566116219577e-06,0.038083166156404,0.9619084122690147,25,30,0
24,8995,8.464900355986297e-12,8.421566116219577e-06,0.038083166144532006,0.9619084122808867,25,30,0
24,8996,8.464900355986297e-12,8.421566116219577e-06,0.038083166179579526,0.9619084122458392,25,30,0
24,8997,8.464900355984982e-12,8.42156611621827e-06,0.037710061108928335,0.9622815173164905,25,30,0
24,8998,8.464900355984982e-12,8.42156611621827e-06,0.037710089581993705,0.9622814888434251,25,30,0
24,8999,8.464900355984982e-12,8.42156611621827e-06,0.037710170071911596,0.9622814083535073,25,30,0
24,9000,8.464900355909305e-12,8.42156611621827e-06,0.03771016803833575,0.9622814103870831,25,30,0
24,9001,8.464900355904018e-12,8.42156611621695e-06,0.03770356275950367,0.9622880156659153,25,30,0
24,9002,8.464900355904018e-12,8.42156611621695e-06,0.037703564792716755,0.9622880136327021,25,30,0
24,9003,8.464900355903996e-12,8.421566116216948e-06,0.03770356452010353,0.9622880139053155,25,30,0
24,9004,8.464900355903996e-12,8.421566116216948e-06,0.037703565942503244,0.9622880124829156,25,30,0
24,9005,8.464900355904112e-12,8.421566116216972e-06,0.03770518885685168,0.9622863895685673,25,30,0
24,9006,8.464900355904112e-12,8.421566116216972e-06,0.03770518821563426,0.9622863902097847,25,30,0
24,9007,8.464900355904206e-12,8.421566116216972e-06,0.0377051882281939,0.9622863901972251,25,30,0
24,9008,2.4111307579664008e-21,3.4947496052723133e-07,0.04000190580643234,0.9599977447186073,25,30,0
24,9009,2.4111303206382774e-21,3.4947496052591043e-07,0.04000190327370784,0.9599977472513318,25,30,0
24,9010,2.4124580304655157e-21,3.494749605259108e-07,0.040002017744345954,0.9599976327806936,25,30,0
24,9011,2.4123648575669782e-21,3.494749605259108e-07,0.04000201773159089,0.9599976327934487,25,30,0
24,9012,2.4123648651068676e-21,3.494749605259108e-07,0.040002051125809936,0.9599975993992298,25,30,0
24,9013,2.4123881516553883e-21,3.49474960525934e-07,0.04000207757694131,0.9599975729480984,25,30,0
24,9014,2.4123881525380025e-21,3.49474960525934e-07,0.04000210604877624,0.9599975444762633,25,30,0
24,9015,2.412409782070344e-21,3.494749606012233e-07,0.04000364646583777,0.9599960040592016,25,30,0
24,9016,2.4125029261629384e-21,3.494749606012233e-07,0.04000353104802082,0.9599961194770187,25,30,0
24,9017,2.412504553222959e-21,3.4947496060254426e-07,0.04000349766611334,0.9599961528589263,25,30,0
24,9018,2.412506187317301e-21,3.494749606025442e-07,0.04000350918458639,0.959996141340453,25,30,0
24,9019,2.412482902175597e-21,3.494749605272549e-07,0.040001940294665105,0.9599977102303744,25,30,0
24,9020,2.4124828945054937e-21,3.494749605272549e-07,0.04000194029402441,0.9599977102310153,25,30,0
24,9021,2.4124845279879624e-21,3.494749605272553e-07,0.04000185783152459,0.9599977926935149,25,30,0
24,9022,2.412484936658371e-21,3.494749605272553e-07,0.04000185783236601,0.9599977926926736,25,30,0
24,9023,2.4124833312300006e-21,3.494749605259344e-07,0.04000177579602119,0.9599978747290184,25,30,0
24,9024,2.41245840355034e-21,3.4947496052591123e-07,0.040001735792599934,0.9599979147324398,25,30,0
24,9025,6.2386135798376675e-21,3.494749605926935e-07,0.04452297903279666,0.9554766714922429,25,30,0
24,9026,6.272318150669445e-15,1.0951103340883001e-10,0.04452332839823976,0.9554766714922429,25,30,0
24,9027,6.2723353282041295e-15,1.0951103340922763e-10,0.04470283373152936,0.9552971661589531,25,30,0
24,9028,6.272335252524439e-15,1.0951103340881393e-10,0.044702831662195186,0.9552971682282875,25,30,0
24,9029,6.272335252524432e-15,1.0951103338564016e-10,0.04470271777760416,0.9552972821128783,25,30,0
24,9030,6.272335252547726e-15,1.095110333856404e-10,0.044702756475782646,0.9552972434147001,25,30,0
24,9031,6.272335252431265e-15,1.0951103336246724e-10,0.04470113357288878,0.955298866317594,25,30,0
24,9032,6.272335251103584e-15,1.0951103336206782e-10,0.04470101768048303,0.9552989822099999,25,30,0
24,9033,6.272335251196785e-15,1.095110333620608e-10,0.044701098187524074,0.9552989017029587,25,30,0
24,9034,6.2723527682712545e-15,1.0951103336206013e-10,0.044793622721958554,0.9552063771685242,25,30,0
24,9035,6.272352768178053e-15,1.0951103336206713e-10,0.044793540882935495,0.9552064590075472,25,30,0
24,9036,6.272352768178054e-15,1.0951103336206701e-10,0.04479354029751085,0.9552064595929718,25,30,0
24,9037,6.272352768178083e-15,1.0951103336206713e-10,0.044793540323094246,0.9552064595673886,25,30,0
24,9038,6.272352768178083e-15,1.0951103336206013e-10,0.04479353983630295,0.95520646005418,25,30,0
24,9039,6.272352768179718e-15,1.0951103336246669e-10,0.04479362235943371,0.9552063775310493,25,30,0
24,9040,6.272352768179724e-15,1.0951103336246669e-10,0.044793620959191253,0.9552063789312918,25,30,0
24,9041,6.272352768178111e-15,1.0951103336205313e-10,0.044793580989340345,0.9552064189011428,25,30,0
24,9042,6.272335251103644e-15,1.0951103336164725e-10,0.04470105784162087,0.9552989420488622,25,30,0
24,9043,6.272335251103672e-15,1.0951103336205383e-10,0.04470105984002883,0.9552989400504542,25,30,0
24,9044,6.272318073568988e-15,1.095110333616492e-10,0.044521554506124425,0.9554784453843586,25,30,0
24,9045,6.2723180735689595e-15,1.0951103336164906e-10,0.04452155450568981,0.9554784453847931,25,30,0
24,9046,6.272318073568932e-15,1.0951103333847516e-10,0.04452143858761931,0.9554785613028636,25,30,0
24,9047,6.272335325686182e-15,1.0951110864147126e-10,0.044528006197805975,0.9554719936926769,25,30,0
24,9048,6.2723353309954026e-15,1.0951110864107182e-10,0.04452800617488077,0.955471993715602,25,30,0
24,9049,6.272335330995431e-15,1.0951110864107182e-10,0.0445280062002658,0.955471993690217,25,30,0
24,9050,6.27233563370351e-15,1.095111086646496e-10,0.04453270951601863,0.9554672903744642,25,30,0
24,9051,6.272335633703517e-15,1.0951110866464971e-10,0.0445327115490364,0.9554672883414463,25,30,0
24,9052,6.272335633703517e-15,1.0951110866465685e-10,0.04453271080292077,0.955467289087562,25,30,0
24,9053,6.272335330995438e-15,1.0951110864107907e-10,0.04452800748716789,0.9554719924033149,25,30,0
24,9054,6.272335330995846e-15,1.0951110864148563e-10,0.044528007535712046,0.9554719923547708,25,30,0
24,9055,6.272335330995896e-15,1.0951110864147139e-10,0.04452800756109835,0.9554719923293844,25,30,0
24,9056,6.272335330996326e-15,1.0951110864187782e-10,0.04452800756985206,0.9554719923206306,25,30,0
24,9057,6.272335330996297e-15,1.095111086418777e-10,0.0445280075450746,0.9554719923454081,25,30,0
24,9058,6.272335330903131e-15,1.0951110864187782e-10,0.04452800705806137,0.9554719928324213,25,30,0
24,9059,6.2723353255922765e-15,1.0951110864187769e-10,0.04452800704593168,0.9554719928445511,25,30,0
24,9060,6.2723353255922765e-15,1.0951110864187056e-10,0.04452800636966234,0.9554719935208205,25,30,0
24,9061,6.272335326919528e-15,1.0951118393067755e-10,0.044529627240803595,0.9554703726496792,25,30,0
24,9062,2.642695577257623e-10,6.688230864508276e-05,0.044462744777397124,0.9554703726496883,25,30,0
24,9063,2.642695577257623e-10,6.688230864508276e-05,0.044462745453669766,0.9554703719734156,25,30,0
24,9064,2.642695577257623e-10,6.688230864508276e-05,0.044462745988705116,0.9554703714383802,25,30,0
24,9065,2.0504496084844815e-06,5.220506710503022e-13,0.044527578110232814,0.9554703714396368,25,30,0
24,9066,2.0504496084844815e-06,5.220506710645652e-13,0.04452757814792876,0.9554703714019408,25,30,0
24,9067,2.0504496084844815e-06,5.220506706580063e-13,0.044527577613185175,0.9554703719366845,25,30,0
24,9068,2.0504496084844815e-06,5.220506702514476e-13,0.04452757557976341,0.9554703739701061,25,30,0
24,9069,2.0504496084844815e-06,5.219753810378966e-13,0.04452595411443661,0.9554719954354332,25,30,0
24,9070,2.0120034408808227e-13,2.238466595573337e-16,0.04452800456563083,0.9554719954341678,25,30,0
24,9071,2.0120034408808227e-13,2.238466595573337e-16,0.0445280045653441,0.9554719954344546,25,30,0
24,9072,2.0120034836149028e-13,2.2384666650037014e-16,0.04490200682833863,0.95509799317146,25,30,0
24,9073,2.012003483616067e-13,2.238698475437097e-16,0.04490212130673494,0.9550978786930638,25,30,0
24,9074,2.0120034836293443e-13,2.238930145159128e-16,0.04490212114048,0.9550978788593187,25,30,0
24,9075,2.0120033111081556e-13,1.4859002528774003e-16,0.04489551489317495,0.9551044851066238,25,30,0
24,9076,2.0120032683740753e-13,1.485900182196086e-16,0.04452151261806447,0.9554784873817342,25,30,0
24,9077,2.012003268374075e-13,1.4859002535001757e-16,0.04452155261188697,0.9554784473879119,25,30,0
24,9078,5.932751427053304e-05,6.683017966054063e-17,0.04446222509781776,0.9554784473879117,25,30,0
24,9079,5.932751427053304e-05,6.683018667021263e-17,0.04446222511665469,0.9554784473690748,25,30,0
24,9080,5.932751427053304e-05,6.680701269264994e-17,0.04446222461691354,0.955478447868816,25,30,0
24,9081,5.932751427053304e-05,6.67838318973821e-17,0.04446210870012175,0.9554785637856077,25,30,0
24,9082,5.932751427053304e-05,6.67838247647719e-17,0.044462108674942026,0.9554785638107874,25,30,0
24,9083,5.932751427053304e-05,6.678423144831975e-17,0.04446214867992675,0.9554785238058028,25,30,0
24,9084,5.932751427053304e-05,6.678422443865282e-17,0.04446212023246336,0.9554785522532662,25,30,0
24,9085,5.932751427053304e-05,6.678463075162643e-17,0.04446212092474313,0.9554785515609864,25,30,0
24,9086,5.932751427053304e-05,6.678463062656791e-17,0.04446212089936207,0.9554785515863674,25,30,0
24,9087,5.932751427053304e-05,6.678463775702262e-17,0.04446212088720589,0.9554785515985235,25,30,0
24,9088,5.932751427053304e-05,6.67846376341216e-17,0.04446212087057494,0.9554785516151544,25,30,0
24,9089,5.932751427053304e-05,6.678463763412227e-17,0.044462120871367014,0.9554785516143625,25,30,0
24,9090,5.932751427053304e-05,6.678462337325199e-17,0.044462122902362254,0.9554785495833673,25,30,0
24,9091,5.932751427053304e-05,6.678461636978943e-17,0.04455442706442368,0.9553862454213058,25,30,0
24,9092,5.932751427053304e-05,6.67846164926898e-17,0.04455442561664845,0.9553862468690812,25,30,0
24,9093,5.932751427053304e-05,6.678421017971753e-17,0.04455442493268679,0.9553862475530428,25,30,0
24,9094,5.932751427053304e-05,6.678421706433169e-17,0.04455442493224144,0.9553862475534881,25,30,0
24,9095,5.932751427053304e-05,6.678462362320724e-17,0.04455442694924933,0.9553862455364803,25,30,0
24,9096,5.932751427053304e-05,6.680780460611476e-17,0.044462123772545416,0.9554785487131842,25,30,0
24,9097,5.932751427053304e-05,6.680780460607587e-17,0.04446212578849667,0.955478546697233,25,30,0
24,9098,5.932751427053304e-05,6.680781186166345e-17,0.04446212582417147,0.9554785466615582,25,30,0
24,9099,5.932751427053304e-05,6.683083746942252e-17,0.044713730733551026,0.9552269417521786,25,30,0
24,9100,5.932751427053304e-05,6.683083021603548e-17,0.044713690738908546,0.9552269817468209,25,30,0
24,9101,5.932751427053304e-05,6.683083033893652e-17,0.044713688695196235,0.9552269837905333,25,30,0
24,9102,5.932751427053304e-05,6.68308303367412e-17,0.04471368872210287,0.9552269837636267,25,30,0
24,9103,5.932751427053304e-05,6.68312297629366e-17,0.04471368813685467,0.9552269843488749,25,30,0
24,9104,5.932751427053304e-05,1.3698390809174507e-18,0.04019404011238012,0.9597466323733496,25,30,0
24,9105,5.932751427053304e-05,1.3702455148869964e-18,0.040194115999364594,0.959746556486365,25,30,0
24,9106,5.932751427053304e-05,1.3702455148876834e-18,0.04019411601121516,0.9597465564745146,25,30,0
24,9107,5.932751427053304e-05,1.3702526453410679e-18,0.04019411604648915,0.9597465564392406,25,30,0
24,9108,5.932751427053304e-05,1.3702455127295235e-18,0.040194116027881935,0.9597465564578478,25,30,0
24,9109,5.932751427053304e-05,1.3702453855148432e-18,0.040194116002295825,0.9597465564834339,25,30,0
24,9110,5.932751427053304e-05,1.3702453898676546e-18,0.04019411600230122,0.9597465564834284,25,30,0
24,9111,5.932751427053304e-05,1.3702383845086144e-18,0.0401941160119616,0.959746556473768,25,30,0
24,9112,5.932751427053304e-05,1.3702312540537751e-18,0.040194155970936396,0.9597465165147931,25,30,0
24,9113,5.932751427053304e-05,1.3698246930160198e-18,0.04019415459388162,0.9597465178918481,25,30,0
24,9114,3.6629280926591185e-08,1.6488859470592642e-16,0.040253445478871,0.959746517891848,25,30,0
24,9115,3.6629280926591185e-08,1.6488859483321743e-16,0.0402534454882337,0.9597465178824852,25,30,0
24,9116,3.6629280926591185e-08,1.6488859483314037e-16,0.0402534475214968,0.959746515849222,25,30,0
24,9117,3.6629280926591185e-08,1.6488859483310118e-16,0.04025344752191048,0.9597465158488084,25,30,0
24,9118,3.6629280926591185e-08,1.648651626673981e-16,0.040001760114493384,0.9599982032562256,25,30,0
24,9119,3.6629280926591185e-08,1.6486516254226388e-16,0.04000176010556531,0.9599982032651535,25,30,0
24,9120,2.7475667517759358e-08,0.00011989104710748766,0.03988169919423895,0.959998382282986,25,30,0
24,9121,2.7475667517759358e-08,0.00011989104710748766,0.0398817006538885,0.9599983808233366,25,30,0
24,9122,2.7475667517759358e-08,0.00011989104710748766,0.03988170063052821,0.9599983808466969,25,30,0
24,9123,2.7475667517759358e-08,0.00011989104710748766,0.03988170060536911,0.9599983808718561,25,30,0
24,9124,2.7475667517759358e-08,0.00011989104710748766,0.03988170064041548,0.9599983808368096,25,30,0
24,9125,2.7475667517759358e-08,0.00011989104710748766,0.03988830687039934,0.9599917746068258,25,30,0
24,9126,2.7475667517759358e-08,0.00011989104710748766,0.039888422752515224,0.9599916587247098,25,30,0
24,9127,2.7475667517759368e-08,0.00011989104710748766,0.03988846528144697,0.959991616195778,25,30,0
24,9128,2.7475667517759368e-08,0.00011989104710748898,0.03988849376436805,0.9599915877128571,25,30,0
24,9129,2.7475667517776623e-08,0.0001198910471074903,0.039888572196686144,0.9599915092805391,25,30,0
24,9130,2.7475667517776623e-08,0.0001198910471074903,0.03988857216117776,0.9599915093160473,25,30,0
24,9131,2.7475667517776623e-08,0.0001198910471074903,0.0398885721959659,0.9599915092812591,25,30,0
24,9132,2.7475667517776616e-08,0.00011989104710748898,0.03988697631424183,0.9599931051629834,25,30,0
24,9133,2.7475667517759368e-08,0.00011989104710748898,0.04001212193442079,0.9598679595428043,25,30,0
24,9134,2.7475667517759368e-08,0.00011989104710748898,0.04001212193532741,0.9598679595418979,25,30,0
24,9135,2.7475667517759368e-08,0.00011989104710748898,0.04001208468492616,0.9598679967922991,25,30,0
24,9136,2.7475667517759368e-08,0.00011989104710748898,0.04001208268757876,0.9598679987896463,25,30,0
24,9137,2.7475667517759365e-08,0.00011989104710748766,0.03988686065564387,0.9599932208215811,25,30,0
24,9138,2.7475667517759365e-08,0.00011989104710748766,0.03988686061997359,0.9599932208572514,25,30,0
24,9139,2.7475667517759365e-08,0.00011989104710748766,0.03988697508937249,0.9599931063878526,25,30,0
24,9140,3.591217089618847e-08,1.4853921795763845e-11,0.04000681071352556,0.9599931533594495,25,30,0
24,9141,3.5912170896188465e-08,1.4853921795763967e-11,0.04000675666279027,0.9599932074101848,25,30,0
24,9142,3.5912170896188465e-08,1.4853921818937946e-11,0.04000675814562121,0.9599932059273538,25,30,0
24,9143,3.591217089618817e-08,1.485392179575696e-11,0.040006757159851185,0.9599932069131237,25,30,0
24,9144,3.591217089618817e-08,1.4853921818524255e-11,0.04000672922175493,0.95999323485122,25,30,0
24,9145,3.591217089618817e-08,1.485392181853139e-11,0.04000672921169241,0.9599932348612826,25,30,0
24,9146,6.408036160094456e-10,2.6945747030184793e-13,0.039993888983734155,0.9600061103751927,25,30,0
24,9147,6.408036160094456e-10,2.6945747030209597e-13,0.03999388968495279,0.9600061096739739,25,30,0
24,9148,0.001496915972010503,3.527047565001083e-05,0.03847190605874447,0.9599959074935949,25,30,0
24,9149,0.001496915972010503,3.527047565001085e-05,0.03847198901079117,0.9599958245415482,25,30,0
24,9150,0.001496915972010503,3.527047565001085e-05,0.038471873093645845,0.9599959404586934,25,30,0
24,9151,0.001496915972010503,3.527047565001085e-05,0.03847187305859368,0.9599959404937455,25,30,0
24,9152,0.001496915972010503,3.5270475650012154e-05,0.03847187258280235,0.9599959409695369,25,30,0
24,9153,0.001496915972010503,3.5270475650012134e-05,0.03847187408190886,0.9599959394704304,25,30,0
24,9154,0.001496915972010503,3.5270475650012134e-05,0.03847187406882363,0.9599959394835156,25,30,0
24,9155,0.0014969159720105586,3.527047565427522e-05,0.03873822089671336,0.9597295926556215,25,30,0
24,9156,0.0014969159720105586,3.527047565427522e-05,0.038738218879716374,0.9597295946726185,25,30,0
24,9157,0.0014969159720105586,3.527047565427522e-05,0.03873821813005379,0.9597295954222812,25,30,0
24,9158,0.0014969159720105586,3.527047565427522e-05,0.03873821744547705,0.959729596106858,25,30,0
24,9159,0.0014969159720105586,3.527047565427522e-05,0.03873821744511529,0.9597295961072199,25,30,0
24,9160,0.0014969159720105586,3.527047565427522e-05,0.03873821744489959,0.9597295961074356,25,30,0
24,9161,0.0014969159720105586,3.527047565427524e-05,0.038738218879400495,0.9597295946729346,25,30,0
24,9162,0.0014969159720105586,3.527047565427524e-05,0.038738216880765924,0.9597295966715693,25,30,0
24,9163,0.0014969159720106145,3.527047565856644e-05,0.03874246085708763,0.9597253526952432,25,30,0
24,9164,0.0014969159720106145,3.527047565856644e-05,0.038742460120406344,0.9597253534319244,25,30,0
24,9165,0.0014969159720106145,3.527047565856644e-05,0.038742460157651835,0.959725353394679,25,30,0
24,9166,0.0014969159720106145,3.527047565856642e-05,0.03874245942482033,0.9597253541275105,25,30,0
24,9167,0.001496915972010559,3.527047565437863e-05,0.03847614307815128,0.9599916704741838,25,30,0
24,9168,0.001496915972010559,3.527047565437863e-05,0.038476144384740944,0.959991669167594,25,30,0
24,9169,0.001496915972010559,3.527047565437863e-05,0.0384761444205242,0.9599916691318109,25,30,0
24,9170,0.001496915972010559,3.527047565437861e-05,0.03847614500639019,0.9599916685459449,25,30,0
24,9171,0.001496915972010559,3.527047565430334e-05,0.03847614297326638,0.9599916705790688,25,30,0
24,9172,0.001496915972010559,3.527047565430334e-05,0.038476142271609975,0.9599916712807252,25,30,0
24,9173,0.001496915972010559,3.527047565430334e-05,0.038476142259299524,0.9599916712930355,25,30,0
24,9174,0.001496915972010559,3.527047565430334e-05,0.038476142249016396,0.9599916713033191,25,30,0
24,9175,0.001496915972010559,3.527047565430334e-05,0.038476142273998294,0.9599916712783372,25,30,0
24,9176,0.001496915972010559,3.527047565430334e-05,0.03847614234428298,0.9599916712080525,25,30,0
24,9177,0.001496915972010559,3.527047565430334e-05,0.03847776317664989,0.9599900503756856,25,30,0
24,9178,0.001496915972010559,3.527047565430334e-05,0.038476180270720875,0.9599916332816146,25,30,0
24,9179,0.001496915972010559,3.527047565430334e-05,0.038480883500037255,0.9599869300522983,25,30,0
24,9180,0.001496915972010559,3.527047565430334e-05,0.03848088349569256,0.9599869300566429,25,30,0
24,9181,0.001496915972010559,3.527047565430466e-05,0.03848088697720941,0.9599869265751261,25,30,0
24,9182,0.001496915972010503,3.5270475650013455e-05,0.03847664300044513,0.9599911705518948,25,30,0
24,9183,0.001496915972010503,3.5270475650013455e-05,0.03847664297397932,0.9599911705783607,25,30,0
24,9184,0.001496915972010503,3.5270475650013455e-05,0.0384767588553284,0.9599910546970116,25,30,0
24,9185,0.001496915972010503,3.5270475650012134e-05,0.03847667630879933,0.9599911372435408,25,30,0
24,9186,0.001496915972010503,3.5270475650012134e-05,0.03847667630895295,0.959991137243387,25,30,0
24,9187,0.001496915972010503,3.5270475650012134e-05,0.03847667773113839,0.9599911358212015,25,30,0
24,9188,0.001496915972010503,3.5270475650012134e-05,0.03847667773131871,0.9599911358210211,25,30,0
24,9189,0.001496915972010503,3.5270475650012134e-05,0.03847663779662788,0.9599911757557119,25,30,0
24,9190,0.001496915972010503,3.5270475650012134e-05,0.03847652187928648,0.9599912916730533,25,30,0
24,9191,0.001496915972010503,3.5270475650012134e-05,0.03847652251989346,0.9599912910324463,25,30,0
24,9192,0.001496915972010503,3.5270475650012134e-05,0.038476521072327075,0.9599912924800127,25,30,0
24,9193,0.001496915972010503,3.5270475650012134e-05,0.03847652106048927,0.9599912924918504,25,30,0
24,9194,0.001496915972010503,3.5270475650012134e-05,0.03847652107712945,0.9599912924752103,25,30,0
24,9195,0.001496915972010503,3.5270475650012154e-05,0.03884492284697092,0.9596228907053689,25,30,0
24,9196,0.001496915972010503,3.527047565001083e-05,0.0388448963841665,0.9596229171681732,25,30,0
24,9197,0.001496915972010503,3.5270475650012154e-05,0.03883840607662526,0.9596294074757143,25,30,0
24,9198,0.001496915972010503,3.5270475650012154e-05,0.038838406066562726,0.959629407485777,25,30,0
24,9199,0.001496915972010503,3.5270475650012154e-05,0.038838406050249734,0.9596294075020901,25,30,0
24,9200,0.001496915972010503,3.5270475650012154e-05,0.03883840652458287,0.959629407027757,25,30,0
24,9201,0.001496915972010503,3.5270475650012154e-05,0.038838404487395645,0.9596294090649441,25,30,0
24,9202,0.001496915972010503,3.5270475650012154e-05,0.03883840589769461,0.9596294076546452,25,30,0
24,9203,0.001496915972010503,3.5270475650012154e-05,0.038845059220690446,0.9596227543316493,25,30,0
24,9204,0.001496915972010503,3.5270475650012154e-05,0.03884497177598643,0.9596228417763533,25,30,0
24,9205,0.001496915972010503,3.5270475650012154e-05,0.038844971823348395,0.9596228417289914,25,30,0
24,9206,0.001496915972010503,3.527047565001083e-05,0.03884485591385258,0.9596229576384872,25,30,0
24,9207,0.001496915972010503,3.527047565001086e-05,0.03884485797267049,0.9596229555796693,25,30,0
24,9208,0.001496915972010503,3.527047565001086e-05,0.03884485796452199,0.9596229555878177,25,30,0
24,9209,0.001496915972010503,3.527047565001086e-05,0.03884474351989806,0.9596230700324415,25,30,0
24,9210,0.001496915972010503,3.527047565001086e-05,0.038838206114078046,0.9596296074382615,25,30,0
24,9211,0.001496915972010503,3.527047565001088e-05,0.038838246108408775,0.959629567443931,25,30,0
24,9212,0.001496915972010503,3.527047565001088e-05,0.0388382455223965,0.9596295680299433,25,30,0
24,9213,0.001496915972010503,3.527047565001088e-05,0.03883824549762922,0.9596295680547106,25,30,0
24,9214,0.001496915972010503,3.527047565001086e-05,0.03883821847171264,0.9596295950806271,25,30,0
24,9215,0.001496915972010503,3.527047565001086e-05,0.03883830195882434,0.9596295115935155,25,30,0
24,9216,0.001496915972010503,3.527047565001086e-05,0.03883829993769903,0.9596295136146409,25,30,0
24,9217,0.001496915972010503,3.527047565001086e-05,0.03883830063959884,0.9596295129127409,25,30,0
24,9218,0.001496915972010503,3.527047565001086e-05,0.03883830266492097,0.959629510887419,25,30,0
24,9219,0.001496915972010503,3.527047565001086e-05,0.03883830267359353,0.9596295108787465,25,30,0
24,9220,0.001496915972010503,3.527047565001086e-05,0.03883830268151877,0.959629510870821,25,30,0
24,9221,0.001496915972010503,3.527047565001086e-05,0.03883830316853501,0.9596295103838048,25,30,0
24,9222,0.001496915972010503,3.527047565001086e-05,0.038838303869135525,0.9596295096832044,25,30,0
24,9223,0.001496915972010503,3.527047565001086e-05,0.03883830242212248,0.9596295111302174,25,30,0
24,9224,0.001496915972010503,3.527047565008613e-05,0.038838434146389274,0.9596293794059505,25,30,0
24,9225,0.001496915972010503,3.527047565008613e-05,0.0388384341459464,0.9596293794063935,25,30,0
24,9226,0.001496915972010503,3.527047565008613e-05,0.03883843613160472,0.9596293774207352,25,30,0
24,9227,6.315193786766079e-10,1.4879918714203893e-11,0.04037352125582593,0.9596264780977748,25,30,0
24,9228,6.315193786766079e-10,1.4879918714196887e-11,0.04037352124743949,0.9596264781061612,25,30,0
24,9229,6.315193786766078e-10,1.4879918713790328e-11,0.04037351979965458,0.9596264795539462,25,30,0
24,9230,6.315193786765346e-10,1.4879843421866598e-11,0.04037335011763735,0.9596266492359635,25,30,0
24,9231,6.315193786765346e-10,1.4879843421859464e-11,0.04037334808465253,0.9596266512689483,25,30,0
24,9232,6.315193786765348e-10,1.4879843422188585e-11,0.04855023398656369,0.9514497653670371,25,30,0
24,9233,6.315193786765348e-10,1.487984342218834e-11,0.04855023331072441,0.9514497660428763,25,30,0
24,9234,6.315193786765346e-10,1.487984342186647e-11,0.040373347429437996,0.9596266519241629,25,30,0
24,9235,6.315193786765346e-10,1.4879843421866715e-11,0.04037334675317667,0.9596266526004241,25,30,0
24,9236,6.315193786765346e-10,1.487984339869274e-11,0.04037334472828752,0.9596266546253132,25,30,0
24,9237,6.315193786765346e-10,1.487984339868573e-11,0.040373316256261595,0.9596266830973391,25,30,0
24,9238,6.315193786765334e-10,1.487984342225183e-11,0.04037339673435671,0.9596266026192439,25,30,0
24,9239,6.315193786762306e-10,1.4879843421845273e-11,0.040373313247686,0.9596266861059148,25,30,0
24,9240,6.428211431714851e-10,1.6780892108243074e-16,0.04037331325126377,0.9596266861059148,25,30,0
24,9241,6.428211431714851e-10,1.6780891382899868e-16,0.04037331323418222,0.9596266861229964,25,30,0
24,9242,6.428211431714851e-10,1.6780890669638716e-16,0.04037331322204954,0.959626686135129,25,30,0
24,9243,6.428211431717877e-10,1.678552545199762e-16,0.04037342914010929,0.9596265702170693,25,30,0
24,9244,6.428211431717877e-10,1.6785525452213237e-16,0.040373429140436484,0.9596265702167421,25,30,0
24,9245,6.428211431717877e-10,1.678552545243662e-16,0.04037343187516157,0.9596265674820169,25,30,0
24,9246,6.42821143171712e-10,1.6653473731248515e-16,0.04037505129486108,0.9596249480623175,25,30,0
24,9247,6.42821143171712e-10,1.6653473731252368e-16,0.04037505126979556,0.9596249480873831,25,30,0
24,9248,6.42821143171712e-10,1.66534330642913e-16,0.04037342836899873,0.9596265709881799,25,30,0
24,9249,6.428211431717107e-10,1.665107501505171e-16,0.04037334587018754,0.959626653486991,25,30,0
24,9250,6.428211431717107e-10,1.6651074314303874e-16,0.04037334444780212,0.9596266549093765,25,30,0
24,9251,6.428211431717106e-10,1.6651074314519492e-16,0.040373344447589325,0.9596266549095893,25,30,0
24,9252,6.428211431889627e-10,4.4574571264313504e-15,0.04037998534600055,0.9596200140111736,25,30,0
24,9253,6.428211431889627e-10,4.457457126681542e-15,0.04037998535628672,0.9596200140008875,25,30,0
24,9254,3.6438829558701974e-08,2.789495651074038e-06,0.04037716006460916,0.95962001400091,25,30,0
24,9255,3.6438829558701974e-08,2.789495651074038e-06,0.04037716208558094,0.9596200119799384,25,30,0
24,9256,3.643882955868472e-08,2.789495646783092e-06,0.040370521162396616,0.959626652903127,25,30,0
24,9257,3.643882955868472e-08,2.789495646783092e-06,0.04037052114380356,0.9596266529217199,25,30,0
24,9258,3.643882955868472e-08,2.789495646783092e-06,0.04037052110987483,0.9596266529556486,25,30,0
24,9259,3.643882955868473e-08,2.7894956467830695e-06,0.040004022281985456,0.959993151783538,25,30,0
24,9260,3.643882955868473e-08,2.7894956467830695e-06,0.04000402232791998,0.9599931517376035,25,30,0
24,9261,3.643882955868473e-08,2.78949564678307e-06,0.04000402230108336,0.95999315176444,25,30,0
24,9262,3.643882955868473e-08,2.7894956467830695e-06,0.04000402225658289,0.9599931518089406,25,30,0
24,9263,3.643882955868503e-08,2.78949564678307e-06,0.04000860965681532,0.9599885644087081,25,30,0
24,9264,3.643882955868473e-08,2.7894956467830695e-06,0.04000390637150325,0.9599932676940202,25,30,0
24,9265,3.643882955868472e-08,2.7894956468583614e-06,0.03999734157186248,0.9599998324936608,25,30,0
24,9266,3.643882955868472e-08,2.789495646858362e-06,0.039997340986622026,0.9599998330789014,25,30,0
24,9267,3.643882955868472e-08,2.789495646858362e-06,0.03999734095157485,0.9599998331139488,25,30,0
24,9268,3.643882955868473e-08,2.789495646858362e-06,0.03999734249814061,0.959999831567383,25,30,0
24,9269,3.643882955868473e-08,2.7894956469334864e-06,0.04008657124637747,0.959910602819146,25,30,0
24,9270,3.643882955868473e-08,2.7894956469334856e-06,0.04008656979860342,0.9599106042669202,25,30,0
24,9271,3.6438829558684424e-08,2.789495646933485e-06,0.04008656909712436,0.9599106049683992,25,30,0
24,9272,3.6438829558684424e-08,2.789495646858193e-06,0.04008652910207161,0.959910644963452,25,30,0
24,9273,3.643882955868443e-08,2.7894956511498348e-06,0.04008668966586863,0.9599104843996507,25,30,0
24,9274,3.643882955868443e-08,2.7894956511498348e-06,0.04008668967916641,0.9599104843863527,25,30,0
24,9275,3.643882955868443e-08,2.7894956511498348e-06,0.04008668764553445,0.959910486419985,25,30,0
24,9276,3.643882955868443e-08,2.789495651149858e-06,0.04008668910539474,0.9599104849601247,25,30,0
24,9277,3.643882955868443e-08,2.789495651149858e-06,0.040086689104936506,0.9599104849605828,25,30,0
24,9278,3.643882955868443e-08,2.789495651149858e-06,0.04008668769281891,0.9599104863727006,25,30,0
24,9279,3.643882955868443e-08,2.789495651149858e-06,0.04008668775387465,0.9599104863116448,25,30,0
24,9280,3.643882955868443e-08,2.789495651149858e-06,0.04008668819234366,0.9599104858731757,25,30,0
24,9281,3.643882955868443e-08,2.789495651149881e-06,0.04008671666541522,0.9599104574001041,25,30,0
24,9282,3.6438829558684424e-08,2.789495651149881e-06,0.04008671462020152,0.9599104594453179,25,30,0
24,9283,3.6438829558684424e-08,2.7894956511498814e-06,0.040086715154759575,0.9599104589107599,25,30,0
24,9284,3.6438829558684424e-08,2.78949564685824e-06,0.040086554566000764,0.9599106194995229,25,30,0
24,9285,3.6438829558684424e-08,2.78949564685824e-06,0.0400865552673049,0.9599106187982188,25,30,0
24,9286,3.6438829558684424e-08,2.789495646858263e-06,0.04035288919528365,0.9596442848702401,25,30,0
24,9287,3.6438829558684424e-08,2.789495646858264e-06,0.04035289064279624,0.9596442834227275,25,30,0
24,9288,3.6438829558684424e-08,2.789495646858264e-06,0.04035289159084782,0.959644282474676,25,30,0
24,9289,3.6438829558684424e-08,2.789495646858264e-06,0.04035289159951658,0.9596442824660073,25,30,0
24,9290,3.6438829558684424e-08,2.7894956468582644e-06,0.040088180073893274,0.9599089939916305,25,30,0
24,9291,3.6438829558684424e-08,2.7894956468595845e-06,0.04009288192637662,0.9599042921391472,25,30,0
24,9292,3.6438829558684424e-08,2.789495646859608e-06,0.040092883383804984,0.9599042906817189,25,30,0
24,9293,3.6438829558684424e-08,2.789495646784483e-06,0.040003654636182544,0.9599935194293414,25,30,0
24,9294,3.6438829558684424e-08,2.789495646784484e-06,0.040003653225961104,0.9599935208395628,25,30,0
24,9295,3.6438829558684424e-08,2.789495646784484e-06,0.04000376914268841,0.9599934049228355,25,30,0
24,9296,3.6438829558684424e-08,2.789495646784483e-06,0.04000377055275984,0.959993403512764,25,30,0
24,9297,3.6438829558684424e-08,2.78949564678446e-06,0.04000376912920929,0.9599934049363145,25,30,0
24,9298,0.00011865556457046912,4.732310169257055e-15,0.03988793949911054,0.9599934049363141,25,30,0
24,9299,0.00011865556457046912,4.732333350346465e-15,0.039887979518436235,0.9599933649169885,25,30,0
24,9300,0.00011865556457046912,4.732332936652846e-15,0.03988797879138867,0.959993365644036,25,30,0
24,9301,0.00011865556457046912,4.733653698074846e-15,0.03989268206717501,0.9599886623682498,25,30,0
24,9302,0.00011865556457046912,4.733653705330435e-15,0.039892682069217304,0.9599886623662074,25,30,0
24,9303,0.00011865556457046912,4.733654104758839e-15,0.039892680682506405,0.9599886637529186,25,30,0
24,9304,0.00011865556457046912,4.7336540976283835e-15,0.039892682093746995,0.9599886623416778,25,30,0
24,9305,0.00011865556457046912,4.7336545113198904e-15,0.03989268213800043,0.9599886622974243,25,30,0
24,9306,0.00011865556457046912,4.732333749900029e-15,0.039887978862958626,0.9599933655724662,25,30,0
24,9307,0.00011865556457046912,4.732333749902224e-15,0.0398879788880662,0.9599933655473586,25,30,0
24,9308,0.00011865556457046912,4.732333750025163e-15,0.03988797888807383,0.9599933655473509,25,30,0
24,9309,0.00011865556457046912,4.732334156584021e-15,0.03988797892330318,0.9599933655121217,25,30,0
24,9310,0.00011865556457046912,4.732334149455762e-15,0.03988797959956987,0.959993364835855,25,30,0
24,9311,0.00011865556457046912,4.73233374301769e-15,0.039887980512593735,0.9599933639228311,25,30,0
24,9312,0.03598988261274036,2.4425442125989903e-17,0.004016753464330912,0.9599933639229289,25,30,0
24,9313,0.03598988261274036,2.4402261034164257e-17,0.004016725016018432,0.9599933923712414,25,30,0
24,9314,0.03598988261274036,2.4402660464685876e-17,0.0040167250346908635,0.9599933923525689,25,30,0
24,9315,0.03598988261274036,2.4403074156106975e-17,0.0040167260432582355,0.9599933913440013,25,30,0
24,9316,0.03598988261274036,2.440348079220345e-17,0.004021429318385024,0.9599886880688747,25,30,0
24,9317,0.03598988261274036,2.4403067100743835e-17,0.004021428344716071,0.9599886890425436,25,30,0
24,9318,0.03598988261274036,2.440306710074383e-17,0.004021428345132422,0.9599886890421273,25,30,0
24,9319,0.03598988261274036,2.4402653409274248e-17,0.004021428300889794,0.9599886890863699,25,30,0
24,9320,0.03598988261274036,2.4356312718335253e-17,0.0040213124183237185,0.9599888049689359,25,30,0
24,9321,0.03598988261274036,2.4355913289970394e-17,0.004021313822116431,0.9599888035651434,25,30,0
24,9322,0.03598988261274036,2.4355913287813587e-17,0.004021313822296752,0.9599888035649629,25,30,0
24,9323,0.03598988261274036,2.43555068497761e-17,0.00402131447954288,0.9599888029077168,25,30,0
24,9324,0.03598988261274036,2.435550685193427e-17,0.004021341994095472,0.9599887753931641,25,30,0
24,9325,0.03598988261274036,2.435551398238901e-17,0.004021340582649903,0.9599887768046098,25,30,0
24,9326,0.03598988261274036,2.4355514109680033e-17,0.004021340608047982,0.9599887767792117,25,30,0
24,9327,0.03598988261274036,2.4355107550860685e-17,0.004021340594958202,0.9599887767923013,25,30,0
24,9328,0.03598988261274036,2.4331933696786123e-17,0.00402134055927866,0.959988776827981,25,30,0
24,9329,0.03598988261274036,2.43551146790824e-17,0.00402134132920171,0.9599887760580579,25,30,0
24,9330,0.03598988261274036,2.435551410923648e-17,0.004021381288960529,0.959988736098299,25,30,0
24,9331,0.03598988261274036,2.4355514109197977e-17,0.004021380588344248,0.9599887367989153,25,30,0
24,9332,0.03598988261274036,2.4355107473062985e-17,0.004016679321326147,0.9599934380659334,25,30,0
24,9333,0.03598988261274036,2.4355107225028427e-17,0.004016679907203044,0.9599934374800566,25,30,0
24,9334,0.03598988261274036,2.4378281079102316e-17,0.004016681365250662,0.9599934360220089,25,30,0
24,9335,0.03598988261274036,2.4378281204274355e-17,0.004016681412604393,0.9599934359746551,25,30,0
24,9336,0.03598988261274036,2.4378281204275076e-17,0.004016565520432042,0.9599935518668277,25,30,0
24,9337,0.03598988261274036,2.4378267066304506e-17,0.004016565501220682,0.959993551886039,25,30,0
24,9338,0.03598988261274036,2.437827432401162e-17,0.004016566203515328,0.9599935511837444,25,30,0
24,9339,0.03598988261274036,2.437827432616978e-17,0.00401656417052821,0.9599935532167315,25,30,0
24,9340,0.03598988261274036,2.43782742011126e-17,0.004016564153454335,0.9599935532338054,25,30,0
24,9341,0.03598988261274036,2.4378680759950415e-17,0.004016566186906823,0.9599935512003529,25,30,0
24,9342,0.03598988261274036,2.4378680759950153e-17,0.004016648709423053,0.9599934686778365,25,30,0
24,9343,0.03598988261274036,2.437868063701128e-17,0.004016648719482419,0.9599934686677772,25,30,0
24,9344,0.03598988261274036,2.440185449320348e-17,0.004016650154956596,0.9599934672323032,25,30,0
24,9345,0.03598988261274036,2.4402260928871534e-17,0.00401667862753853,0.9599934387597212,25,30,0
24,9346,0.03598988261274036,2.437868134670596e-17,0.004015055726100511,0.9599950616611593,25,30,0
24,9347,0.03598988261274036,2.4378674091156882e-17,0.004015055691015404,0.9599950616962444,25,30,0
24,9348,0.03598988261274036,2.437866696066389e-17,0.0040150542268095665,0.9599950631604502,25,30,0
24,9349,0.03598988261274036,2.4378667083525742e-17,0.004015052193127794,0.9599950651941321,25,30,0
24,9350,0.03598988261274036,2.4378667085682537e-17,0.004015166077275456,0.9599949513099846,25,30,0
24,9351,0.03598988261274036,2.569958011855173e-17,0.004015281972585395,0.9599948354146746,25,30,0
24,9352,0.039998611107514674,1.1349617659012993e-17,6.553477931009662e-06,0.9599948354145544,25,30,0
24,9353,0.039998611107514674,1.1326443927877295e-17,6.553442251476157e-06,0.9599948354502339,25,30,0
24,9354,0.03987643774352346,4.919199822006108e-16,0.00012872680623762683,0.9599948354502387,25,30,0
24,9355,0.03987643774352346,4.91919975065844e-16,0.00012872537076284176,0.9599948368857134,25,30,0
24,9356,0.03987643774352346,4.919195685070069e-16,0.00012872333751533937,0.9599948389189608,25,30,0
24,9357,0.03987643774352346,4.91919568507007e-16,0.00012872332951289418,0.9599948389269634,25,30,0
24,9358,0.03987643774352346,4.905992135209251e-16,0.000124020089188668,0.9599995421672873,25,30,0
24,9359,0.03987643774352346,4.905996200297844e-16,0.0001287233644744239,0.9599948388920017,25,30,0
24,9360,0.03987643774352346,4.90599627160202e-16,0.0001287233900356884,0.9599948388664404,25,30,0
24,9361,0.03987643774352346,4.906000407284389e-16,0.00012866933955628477,0.9599948929169199,25,30,0
24,9362,0.03987643774352346,4.906000407328295e-16,0.00012866866359329871,0.9599948935928828,25,30,0
24,9363,0.03987643774352346,4.905996341740109e-16,0.00012867063679273361,0.9599948916196834,25,30,0
24,9364,0.03987643774352346,4.906227999582935e-16,0.00013029284944905909,0.959993269407027,25,30,0
24,9365,0.03987643774352346,4.906223933954894e-16,0.00013025488722506848,0.959993307369251,25,30,0
24,9366,0.03987643774352346,4.906224005259427e-16,0.000130254912165714,0.9599933073443104,25,30,0
24,9367,0.03987643774352346,4.919664885956721e-16,0.00013033745941475183,0.9599932247970614,25,30,0
24,9368,0.03987643774352346,4.919664958511839e-16,0.0001303381607497146,0.9599932240957264,25,30,0
24,9369,0.03987643774352346,4.919437284297317e-16,0.00013045259523844868,0.9599931096612376,25,30,0
24,9370,0.03987643774352346,4.919205553898989e-16,0.0001288296802981305,0.959994732576178,25,30,0
24,9371,0.03987643774352346,4.919205553898989e-16,0.0001288297052414164,0.9599947325512346,25,30,0
24,9372,0.03987643774352346,4.919205553898982e-16,0.00012882970502558987,0.9599947325514505,25,30,0
24,9373,0.03987643774352346,4.919205553898994e-16,0.00012882973020936396,0.9599947325262668,25,30,0
24,9374,0.03987643774352346,4.919205625225051e-16,0.0001288582020525159,0.9599947040544236,25,30,0
24,9375,0.03987643774352346,4.919205625247011e-16,0.00012885676765122395,0.9599947054888248,25,30,0
24,9376,0.03987643774352346,4.919205625225443e-16,0.00012885676766206803,0.9599947054888139,25,30,0
24,9377,0.03987643774352346,4.919205613318946e-16,0.00025826430834277104,0.9598652979481332,25,30,0
24,9378,0.03987643774352346,4.919209677687923e-16,0.00025838022507787073,0.9598651820313983,25,30,0
24,9379,0.03987643774352346,4.932646531708829e-16,0.00012885892820998886,0.9599947033282661,25,30,0
24,9380,0.03987643774352346,4.932646602991798e-16,0.00012885892774869,0.9599947033287273,25,30,0
24,9381,0.03987643774352346,4.932646600489492e-16,0.0001288589397646264,0.9599947033167114,25,30,0
24,9382,0.03987643774352346,4.932878341041072e-16,0.00012894146333847526,0.9599946207931376,25,30,0
24,9383,0.03987643774352346,4.932874277935342e-16,0.00012891302578087998,0.9599946492306952,25,30,0
24,9384,0.03987643774352346,4.932874277913825e-16,0.00012888457870897417,0.959994677677767,25,30,0
24,9385,0.03987643774352346,4.932642469297911e-16,0.00012888310756193128,0.9599946791489142,25,30,0
24,9386,0.039997712615149554,4.86739715463902e-16,7.608235938089396e-06,0.9599946791489121,25,30,0
24,9387,0.039997712615149554,4.867397224670277e-16,7.608911903824787e-06,0.9599946784729463,25,30,0
24,9388,0.039997712615149554,4.867397224691848e-16,7.607378395561818e-06,0.9599946800064545,25,30,0
24,9389,0.039997712615149554,4.867397224648726e-16,7.4929337716333e-06,0.9599947944510784,25,30,0
24,9390,0.039997712615149554,4.867397225878114e-16,7.4929094432398166e-06,0.9599947944754068,25,30,0
24,9391,0.039997712615149554,4.867401291488262e-16,7.4909368589256785e-06,0.9599947964479912,25,30,0
24,9392,0.039997712615149554,4.867401291488052e-16,7.606152543189263e-06,0.959994681232307,25,30,0
24,9393,0.039997712615149554,4.88061038809062e-16,7.607600319423777e-06,0.9599946797845307,25,30,0
24,9394,0.039997712615149554,4.880610458165775e-16,7.609012421907166e-06,0.9599946783724284,25,30,0
24,9395,0.039997712615149554,4.880378718865166e-16,7.526497204904081e-06,0.9599947608876452,25,30,0
24,9396,0.039997712615149554,4.880378648789623e-16,7.526022307941937e-06,0.9599947613625424,25,30,0
24,9397,0.039997712615149554,4.880374513129217e-16,7.4975615287936625e-06,0.9599947898233212,25,30,0
24,9398,0.039997712615149554,4.866937672112158e-16,9.118301017295344e-06,0.9599931690838329,25,30,0
24,9399,0.039997712615149554,4.853496792665807e-16,9.035742518749176e-06,0.9599932516423314,25,30,0
24,9400,0.039997712615149554,4.866710015606889e-16,9.066217371746893e-06,0.9599932211674783,25,30,0
24,9401,0.039997712615149554,4.866710015584936e-16,9.067656174063964e-06,0.9599932197286762,25,30,0
24,9402,0.039997712615149554,4.866710015584923e-16,9.04013134316961e-06,0.9599932472535069,25,30,0
24,9403,0.039997712615149554,4.866710086911034e-16,9.042139602372076e-06,0.9599932452452477,25,30,0
24,9404,0.039997712615149554,4.866710085638138e-16,9.042140036811409e-06,0.9599932452448132,25,30,0
24,9405,0.039997712615149554,4.866714151226661e-16,9.04264939113723e-06,0.959993244735459,25,30,0
24,9406,0.039997712615149554,4.866710085781511e-16,7.4211959216273974e-06,0.9599948661889285,25,30,0
24,9407,0.039997712615149554,4.866710084530554e-16,7.422643080623849e-06,0.9599948647417693,25,30,0
24,9408,0.039997712615149554,4.866710011975058e-16,7.421204059371094e-06,0.9599948661807907,25,30,0
24,9409,0.039997712615149554,4.866940208768553e-16,0.0002737556058205737,0.9597285317790295,25,30,0
24,9410,0.039997712615149554,4.853731077210857e-16,0.0002736396628441922,0.959728647722006,25,30,0
24,9411,0.039997712615149554,4.85373100590631e-16,0.0002736396622262682,0.9597286477226237,25,30,0
24,9412,0.039997712615149554,4.853731075981096e-16,0.00027363824046656933,0.9597286491443833,25,30,0
24,9413,0.039997712615149554,4.85350095053551e-16,7.386336440329009e-06,0.9599949010484096,25,30,0
24,9414,0.039997712615149554,4.853732691087401e-16,7.46884696404194e-06,0.9599948185378858,25,30,0
24,9415,0.039997712615149554,4.853732692338357e-16,7.46887131400928e-06,0.9599948185135357,25,30,0
24,9416,0.039997712615149554,5.601638009206279e-16,0.000269100004258254,0.9597331873805914,25,30,0
24,9417,0.039997712615149554,5.615078888630658e-16,0.00026918255149190084,0.9597331048333579,25,30,0
24,9418,0.039997712615149554,5.615310557074305e-16,0.00026918400934082635,0.9597331033755089,25,30,0
24,9419,0.039997712615149554,5.61531048577036e-16,0.0002690681273773611,0.9597332192574722,25,30,0
24,9420,0.03987061460383163,1.5902348415789455e-12,0.00039616570536127744,0.9597332196892168,25,30,0
24,9421,0.03987061460383163,1.590234841586078e-12,0.0003961642709497535,0.9597332211236284,25,30,0
24,9422,0.03987061460383163,1.5902348419855033e-12,0.00039627815509735923,0.9597331072394806,25,30,0
24,9423,0.03987061460383163,1.5902348419852596e-12,0.00039627814312523184,0.9597331072514528,25,30,0
24,9424,0.03987061460383163,1.59023349789719e-12,0.00039619558445718535,0.9597331898101209,25,30,0
24,9425,0.03987061460383163,1.5902334979044413e-12,0.00039619561979236913,0.9597331897747857,25,30,0
24,9426,0.03987061460383163,1.5902334978974095e-12,0.00039623813181276983,0.9597331472627653,25,30,0
24,9427,0.03987061460383163,1.590233497890404e-12,0.00039623955357503217,0.9597331458410031,25,30,0
24,9428,0.03987061460383163,1.5902334974840924e-12,0.0003961243375989467,0.9597332610569792,25,30,0
24,9429,0.03987061460383163,1.590233520658058e-12,0.0003961528455329329,0.9597332325490453,25,30,0
24,9430,0.03987061460383163,1.5902335206510507e-12,0.00039607034736713,0.959733315047211,25,30,0
24,9431,0.03987061460383163,1.5902335210578595e-12,0.0003961110450755449,0.9597332743495025,25,30,0
24,9432,0.03987061460383163,1.5902334978839294e-12,0.0003960285137649261,0.9597333568808132,25,30,0
24,9433,0.03987061460383163,1.5902334978767968e-12,0.0003960313833846493,0.9597333540111935,25,30,0
24,9434,0.03987061460383163,1.5903000207220168e-12,0.005054894620289773,0.9550744907742883,25,30,0
24,9435,0.03987061460383163,1.59030002072214e-12,0.005054894595562203,0.9550744907990159,25,30,0
24,9436,0.03999178093589659,1.566220335401443e-12,0.004933728695136994,0.9550744903674002,25,30,0
24,9437,0.03999178093589659,1.5662190144917829e-12,0.004933726590133588,0.9550744924724036,25,30,0
24,9438,0.03999178093589659,1.5662189913178036e-12,0.004933725107122388,0.9550744939554149,25,30,0
24,9439,0.03999178093589659,1.566218991310671e-12,0.004933725063331541,0.9550744939992056,25,30,0
24,9440,0.03999178093589659,1.566294275539329e-12,0.00493820697207944,0.9550700120904577,25,30,0
24,9441,0.03999178093589659,1.5662942755464617e-12,0.004938289486887485,0.9550699295756497,25,30,0
24,9442,0.03999178093589659,1.5662942755535923e-12,0.004938208411316484,0.9550700106512209,25,30,0
24,9443,0.03999178093589659,1.5662190144990227e-12,0.004933753503098818,0.9550744655594385,25,30,0
24,9444,0.03999178093589659,1.566219014498775e-12,0.0049337528266680955,0.9550744662358693,25,30,0
24,9445,0.03999178093589659,1.5662190144989e-12,0.004933749966708482,0.9550744690958288,25,30,0
24,9446,0.02749578055252308,6.683291519164363e-11,0.01742973301065274,0.9550744863699916,25,30,0
24,9447,0.02749578055252308,6.683291389349528e-11,0.0174297850247575,0.9550744343558868,25,30,0
24,9448,0.02749578055252308,6.683291389349515e-11,0.01742978502474996,0.9550744343558943,25,30,0
24,9449,0.02749578055252308,6.683291391626238e-11,0.017429900407492115,0.9550743189731521,25,30,0
24,9450,0.02749578055252308,6.683291391626252e-11,0.01742990185461814,0.9550743175260261,25,30,0
24,9451,0.02749578055252308,6.683291393943631e-11,0.01743001776786361,0.9550742016127807,25,30,0
24,9452,0.02749578055252308,6.683291393984287e-11,0.017430017793263166,0.9550742015873811,25,30,0
24,9453,0.02749578055252308,6.683291398575839e-11,0.017803122825657828,0.9547010965549865,25,30,0
24,9454,0.02749578055252308,6.683291398575826e-11,0.01780312282500696,0.9547010965556373,25,30,0
24,9455,0.02749578055252308,6.683291396258443e-11,0.01780321023397718,0.954701009146667,25,30,0
24,9456,0.02749578055252308,6.683291391666891e-11,0.017430105167034297,0.95507411421361,25,30,0
24,9457,0.02749578055252308,6.683291393943626e-11,0.01743022102420269,0.9550739983564415,25,30,0
24,9458,0.02749578055252308,6.683291393943626e-11,0.01743021957660907,0.9550739998040351,25,30,0
24,9459,0.02749578055252308,6.683291396220097e-11,0.017434922816228923,0.9550692965644152,25,30,0
24,9460,0.02749578055252308,6.683291396220786e-11,0.017434923492922253,0.9550692958877217,25,30,0
24,9461,0.02749578055252308,6.683291393944745e-11,0.017434895746283277,0.9550693236343606,25,30,0
24,9462,0.02749578055252308,6.683291393945447e-11,0.01743489716866484,0.9550693222119792,25,30,0
24,9463,0.02749578055252308,6.683291393944033e-11,0.017434895721724512,0.9550693236589194,25,30,0
24,9464,0.02749578055252308,6.683291391626642e-11,0.01743477980423222,0.9550694395764117,25,30,0
24,9465,0.02749578055252308,6.683291391668012e-11,0.017434779860346913,0.955069439520297,25,30,0
24,9466,0.02749578055252308,6.68329152371937e-11,0.017434780363525436,0.9550694390171185,25,30,0
24,9467,0.02749578055252308,6.683291391627356e-11,0.01743466394299682,0.955069555437647,25,30,0
24,9468,0.02749578055252308,6.683291523718647e-11,0.017434778438060787,0.9550694409425832,25,30,0
24,9469,0.02749578055252308,6.683291521401268e-11,0.017434662532140086,0.9550695568485038,25,30,0
24,9470,0.02749578055252308,6.683284042307473e-11,0.017168328099793788,0.9553358912808503,25,30,0
24,9471,0.02749578055252308,6.683283910216183e-11,0.017168240655023634,0.9553359787256204,25,30,0
24,9472,0.02749578055252308,6.683283910216895e-11,0.017168323177967307,0.9553358962026768,25,30,0
24,9473,0.02749578055252308,6.683283910216921e-11,0.01717302645324765,0.9553311929273964,25,30,0
24,9474,0.02749578055252308,6.683284042308584e-11,0.01717302993370847,0.9553311894469355,25,30,0
24,9475,0.02749578055252308,6.683284042308571e-11,0.017173029933495388,0.9553311894471487,25,30,0
24,9476,0.02749578055252308,6.683284042349225e-11,0.017175193609104803,0.9553290257715392,25,30,0
24,9477,0.02749578055252308,6.683284042349913e-11,0.017170492342094584,0.9553337270385495,25,30,0
24,9478,0.02749578055252308,6.683284042349913e-11,0.017170492377945032,0.9553337270026989,25,30,0
24,9479,0.02749578055252308,6.683283910258952e-11,0.017170488922438252,0.9553337304582058,25,30,0
24,9480,0.02749578055252308,6.683284042350544e-11,0.01717051743074788,0.9553337019498962,25,30,0
24,9481,0.02749578055252308,6.68328404003244e-11,0.017170401504577666,0.9553338178760664,25,30,0
24,9482,0.02749578055252308,6.683284040113739e-11,0.017170455555779958,0.9553337638248641,25,30,0
24,9483,0.02749578055252308,6.683284042431137e-11,0.01717045761437329,0.9553337617662707,25,30,0
24,9484,0.02749578055252308,6.683284042431137e-11,0.017170457624471277,0.9553337617561728,25,30,0
24,9485,0.02749578055252308,6.683291570453585e-11,0.017177062441698022,0.955327156938946,25,30,0
24,9486,0.02749578055252308,6.683291570454298e-11,0.017177057882513943,0.9553271614981301,25,30,0
24,9487,0.02749578055252308,6.683291568137186e-11,0.01717235461764803,0.9553318647629959,25,30,0
24,9488,0.02749578055252308,6.683291568137173e-11,0.01717235468771669,0.9553318646929273,25,30,0
24,9489,0.02749578055252308,6.683291568137862e-11,0.017172396513270138,0.955331822867374,25,30,0
24,9490,0.02749578055252308,6.683291565820463e-11,0.01717239445468173,0.9553318249259624,25,30,0
24,9491,0.02749578055252308,6.683291565820439e-11,0.01717239448908344,0.9553318248915608,25,30,0
24,9492,0.02749578055252308,6.683291565779795e-11,0.01717239445857333,0.9553318249220709,25,30,0
24,9493,0.02749578055252308,6.683291565821158e-11,0.0171790006653385,0.9553252187153057,25,30,0
24,9494,0.02749578055252308,6.683291697849659e-11,0.017185524384739966,0.9553186949959042,25,30,0
24,9495,0.02749578055252308,6.683291697809005e-11,0.017183244816745834,0.9553209745638983,25,30,0
24,9496,0.02749578055252308,6.683291697808992e-11,0.01718324528045005,0.9553209741001942,25,30,0
24,9497,0.02749578055252308,6.683291697808981e-11,0.017183245268356215,0.9553209741122879,25,30,0
24,9498,0.02749578055252308,6.683291697808981e-11,0.01718324526828421,0.9553209741123599,25,30,0
24,9499,0.02749578055252308,6.683291700125571e-11,0.017184867468079897,0.9553193519125642,25,30,0
24,9500,0.02749578055252308,6.683291700084915e-11,0.017184866750632945,0.9553193526300112,25,30,0
24,9501,0.02749578055252308,6.683291702401931e-11,0.017191472992705077,0.9553127463879391,25,30,0
24,9502,0.02749578055252308,6.683291702320619e-11,0.017191418195384528,0.9553128011852595,25,30,0
24,9503,0.02749578055252308,6.683291704638004e-11,0.01719141965343498,0.9553127997272091,25,30,0
24,9504,0.02749578055252308,6.683291834411901e-11,0.01719145353674217,0.955312765843902,25,30,0
24,9505,0.02749578055252308,6.683298187275e-11,0.023441036186841045,0.949063183193803,25,30,0
24,9506,0.02749578055252308,6.683298187316368e-11,0.023441035749008642,0.9490631836316354,25,30,0
24,9507,0.02749578055252308,6.683298187316381e-11,0.023441035048410695,0.9490631843322334,25,30,0
24,9508,0.02749578055252308,6.683298184998262e-11,0.02344095708340451,0.9490632622972396,25,30,0
24,9509,0.02749578055252308,6.683299028438153e-11,0.018960072320390955,0.9535441470602533,25,30,0
24,9510,0.02749578055252308,6.68329916053028e-11,0.018960154843441285,0.9535440645372028,25,30,0
24,9511,0.02749578055252308,6.683299160529554e-11,0.018960154817660165,0.9535440645629839,25,30,0
24,9512,0.034054796523382225,1.3346165995664001e-12,0.012401156186479528,0.9535440472888038,25,30,0
24,9513,0.03975054645360773,2.8015621161250944e-14,0.006705406257674086,0.9535440472886902,25,30,0
24,9514,0.03975054645360773,2.8015621567812935e-14,0.006705522104132139,0.9535439314422323,25,30,0
24,9515,0.03975054645360773,2.7952092936935792e-14,0.00045593946627320943,0.9597935140800913,25,30,0
24,9516,0.03975054645360773,2.7952092936933596e-14,0.00045593946644585345,0.9597935140799185,25,30,0
24,9517,0.03975054645360773,2.7952092936117197e-14,0.0004575608853607564,0.9597918926610036,25,30,0
24,9518,0.03975054645360773,2.795209292923262e-14,0.00045759943267100275,0.9597918541136934,25,30,0
24,9519,0.03975054645360773,2.795343391873246e-14,0.0005498951040467621,0.9596995584423178,25,30,0
24,9520,0.03975054645360773,2.795343392586291e-14,0.0005498951397209331,0.9596995584066436,25,30,0
24,9521,0.03975054645360773,2.7953433918732493e-14,0.0005498951125148202,0.9596995584338497,25,30,0
24,9522,0.03975054645360773,2.795211299758969e-14,0.0005498125544479604,0.9596996409919165,25,30,0
24,9523,0.03975054645360773,2.795211299045923e-14,0.0005498125691238185,0.9596996409772405,25,30,0
24,9524,0.03975054645360773,2.7952112994408312e-14,0.0005432083690783786,0.959706245177286,25,30,0
24,9525,0.03975054645360773,2.795211299440831e-14,0.000543208394014042,0.9597062451523503,25,30,0
24,9526,0.03975054645360773,2.7950792295701866e-14,0.0005366021514748743,0.9597128513948897,25,30,0
24,9527,0.03975054645360773,2.7950792295704062e-14,0.0005366021593907208,0.9597128513869738,25,30,0
24,9528,0.03975054645360773,2.7950792295704062e-14,0.0005366021593907208,0.9597128513869738,25,30,0
24,9529,0.03975054645360773,2.795081546949183e-14,0.0005367166384456343,0.9597127369079189,25,30,0
24,9530,0.03975054645360773,2.7950815469245953e-14,0.0005366780912781112,0.9597127754550864,25,30,0
24,9531,0.03975054645360773,2.7950815476376407e-14,0.0005366800741377531,0.9597127734722268,25,30,0
24,9532,0.03975054645360773,2.7952135975788326e-14,0.0005301897749783495,0.9597192637713862,25,30,0
24,9533,0.03975054645360773,2.795079499342109e-14,0.0004378961375769136,0.9598115574087877,25,30,0
24,9534,0.03975054645360773,2.795077182025616e-14,0.00043627323522683247,0.9598131803111377,25,30,0
24,9535,0.03975054645360773,2.7949450907344034e-14,0.0004361573173503408,0.9598132962290142,25,30,0
24,9536,0.03975054645360773,2.7949427733365187e-14,0.0004361553106210536,0.9598132982357436,25,30,0
24,9537,0.03975054645360773,2.7950748650283188e-14,0.0004361574594438111,0.9598132960869208,25,30,0
24,9538,0.03975054645360773,2.7950748650278874e-14,0.0004361560207144717,0.9598132975256501,25,30,0
24,9539,0.03975054645360773,2.7875791398897716e-14,0.0002581789589271437,0.9599912745874376,25,30,0
24,9540,0.03975054645360773,2.787579140615327e-14,0.00025817963520699517,0.9599912739111577,25,30,0
24,9541,0.03975054645360773,2.7874470490230862e-14,0.0002581511268973685,0.9599913024194672,25,30,0
24,9542,0.03975054645360773,2.7874470490228663e-14,0.0002581511154973016,0.9599913024308673,25,30,0
24,9543,0.03975054645360773,2.7874447317434697e-14,0.0002565682086928434,0.9599928853376717,25,30,0
24,9544,0.03975054645360773,2.794971334876415e-14,0.00025807588683630206,0.9599913776595281,25,30,0
24,9545,0.03975054645360773,2.7949713755327316e-14,0.0002580766138767915,0.9599913769324876,25,30,0
24,9546,0.03975054645360773,2.794971416188831e-14,0.00025807864752019774,0.9599913748988442,25,30,0
24,9547,0.03975054645360773,2.7949714161888348e-14,0.00025807723496794837,0.9599913763113964,25,30,0
24,9548,0.03975054645360773,2.7949714568449358e-14,0.0002580772868363572,0.9599913762595281,25,30,0
24,9549,0.03975054645360773,2.7951035077660418e-14,0.00025811793211630583,0.9599913356142481,25,30,0
24,9550,0.03975054645360773,2.795103508479082e-14,0.00025820045524767255,0.9599912530911168,25,30,0
24,9551,0.03975054645360773,2.7951035084913723e-14,0.00025820044739845654,0.9599912530989659,25,30,0
24,9552,0.03975054645360773,3.2167389278055534e-14,0.0002567212389090733,0.9599927323074512,25,30,0
24,9553,0.03975054645360773,3.216741285457701e-14,0.00026332744568403264,0.9599861261006761,25,30,0
24,9554,0.03975054645360773,3.216741284744657e-14,0.0002632449577820926,0.9599862085885781,25,30,0
24,9555,0.03975054645360773,3.216741325400317e-14,0.0002632469828916955,0.9599862065634684,25,30,0
24,9556,0.03975054645360773,3.216609233823322e-14,0.00026320627699061137,0.9599862472693695,25,30,0
24,9557,0.03975054645360773,2.787444893984909e-14,0.0002630618811303265,0.9599863916652341,25,30,0
24,9558,0.03975054645360773,2.787444852615762e-14,0.0002630618449802128,0.9599863917013844,25,30,0
24,9559,0.03975054645360773,2.7874448526159817e-14,0.0002630618566680567,0.9599863916896965,25,30,0
24,9560,0.03975054645360773,2.7874448932579235e-14,0.0002646447628188404,0.9599848087835458,25,30,0
24,9561,0.03975054645360773,2.7874448925448785e-14,0.00026464272961704044,0.9599848108167476,25,30,0
24,9562,0.03975054645360773,2.787447209935946e-14,0.00026475863510384704,0.9599846949112607,25,30,0
24,9563,0.03975054645360773,2.7874472092101753e-14,0.00026475793345370654,0.9599846956129108,25,30,0
24,9564,0.03975054645360773,2.7874472084969055e-14,0.00026475938037202564,0.9599846941659925,25,30,0
24,9565,0.03975054645360773,2.7874472085094153e-14,0.00026475795951466793,0.9599846955868498,25,30,0
24,9566,0.03975054645360773,2.7874471678535317e-14,0.0002647559506125778,0.959984697595752,25,30,0
24,9567,0.03975054645360773,2.7874471678535314e-14,0.0002647559755552408,0.9599846975708094,25,30,0
24,9568,0.03975054645360773,2.787444850462464e-14,0.0002646400930033843,0.9599848134533612,25,30,0
24,9569,0.03975054645360773,2.7874448511755093e-14,0.0002646400940585527,0.959984813452306,25,30,0
24,9570,0.03975054645360773,2.787444851163215e-14,0.00026461159617859764,0.959984841950186,25,30,0
24,9571,0.03999860965928403,1.1222634902425488e-16,1.654839039900494e-05,0.9599848419503171,25,30,0
24,9572,0.03999860965928403,1.1222634914723093e-16,1.6548391014007375e-05,0.959984841949702,25,30,0
24,9573,0.03999860965928403,1.1222634902429142e-16,1.654835593298555e-05,0.9599848419847831,25,30,0
24,9574,0.03999860965928403,1.1224952298939058e-16,1.6577915195278276e-05,0.9599848124255207,25,30,0
24,9575,0.03999860965928403,1.1224911667862586e-16,1.6575890088984404e-05,0.9599848144506271,25,30,0
24,9576,0.03999860965928403,1.122722898413606e-16,1.8198766468181256e-05,0.9599831915742478,25,30,0
24,9577,0.03999860965928403,1.135928071608578e-16,1.80863301973879e-05,0.9599833040105186,25,30,0
24,9578,0.03999860965928403,1.135928071630146e-16,1.8086306004139768e-05,0.9599833040347119,25,30,0
24,9579,0.03999860965928403,1.149137236617017e-16,1.8089778545902113e-05,0.9599833005621702,25,30,0
24,9580,0.03999860965928403,1.1359321347769725e-16,1.8142295085105287e-05,0.959983248045631,25,30,0
24,9581,0.03999860965928403,1.1359321347382249e-16,1.808774542454431e-05,0.9599833025952915,25,30,0
24,9582,0.03999860965928408,1.1361639186048557e-16,2.2791645346518363e-05,0.9599785986953694,25,30,0
24,9583,0.03999860965928408,1.136163919184293e-16,2.9396439386689428e-05,0.9599719939013291,25,30,0
24,9584,0.03999860965928408,1.1361598537391424e-16,2.777354751936427e-05,0.9599736167931967,25,30,0
24,9585,0.03999860965928408,1.1361598537175745e-16,2.777358213690086e-05,0.9599736167585791,25,30,0
24,9586,0.03999860965928408,1.1361639193061156e-16,2.7774046766391658e-05,0.9599736162939496,25,30,0
24,9587,0.03999860965928408,1.136163919284421e-16,2.7775353512237035e-05,0.9599736149872037,25,30,0
24,9588,0.03999860965928408,1.1361598536523722e-16,2.7774853841424568e-05,0.9599736154868745,25,30,0
24,9589,0.03999860965928408,1.136163918033467e-16,2.7775353351466967e-05,0.9599736149873646,25,30,0
24,9590,0.03999860965928408,1.1229547517960134e-16,2.777190164529222e-05,0.9599736184390707,25,30,0
24,9591,0.03999860965928408,1.122958746079605e-16,2.77724070232111e-05,0.9599736179336928,25,30,0
24,9592,0.03999860965928408,1.122958746079233e-16,2.7772407012557244e-05,0.9599736179337035,25,30,0
24,9593,0.03999860965928408,1.1099813076326903e-16,2.933911264872602e-05,0.9599720512280673,25,30,0
24,9594,0.03999860965928408,1.1099813101130363e-16,2.9339560933956688e-05,0.9599720507797822,25,30,0
24,9595,0.03999860965928408,4.390076895247238e-15,0.0001588630275911816,0.9598425273131207,25,30,0
24,9596,0.03999860965928408,4.3900768951264555e-15,0.00015886303946318367,0.9598425273012486,25,30,0
24,9597,0.03999860965928409,4.4653661073795036e-15,0.00016048664428792287,0.9598409036964237,25,30,0
24,9598,0.03999860965928409,4.465365700941434e-15,0.00016048814294848592,0.9598409021977632,25,30,0
24,9599,0.03999860965928409,4.465388874918077e-15,0.0001604902013565664,0.959840900139355,25,30,0
24,9600,0.027459555699644422,3.5561072323351907e-09,0.009614819531881556,0.9629256212123668,25,30,0
24,9601,0.027459555699644422,3.556107232312017e-09,0.009614817485303599,0.9629256232589448,25,30,0
24,9602,0.027459555699644422,3.5561072323120173e-09,0.009614819506480464,0.9629256212377679,25,30,0
24,9603,0.027459555699644422,3.5561072336097603e-09,0.009614792479327738,0.9629256482649207,25,30,0
24,9604,0.027459555699644422,3.5561072335861906e-09,0.009614792479318008,0.9629256482649304,25,30,0
24,9605,0.027459555699644422,3.5561072335861906e-09,0.009614792479936555,0.9629256482643119,25,30,0
24,9606,0.027459555699644422,3.5561072335861835e-09,0.0096081862381548,0.9629322545060937,25,30,0
24,9607,0.027459555699644422,3.5561071583067652e-09,0.00960158083629483,0.9629388599079537,25,30,0
24,9608,0.027459555699644422,3.5561072335988133e-09,0.00960169773101729,0.9629387430132311,25,30,0
24,9609,0.027459555699644422,3.5561072335988133e-09,0.009601695698051988,0.9629387450461965,25,30,0
24,9610,0.027459555699644422,3.5561071583067652e-09,0.009601578803534704,0.9629388619407139,25,30,0
24,9611,0.027459555699644422,3.556107158306758e-09,0.009601578766804189,0.9629388619774444,25,30,0
24,9612,0.027459555699644422,3.556107158307158e-09,0.009601578766800083,0.9629388619774487,25,30,0
24,9613,0.027459555699644422,3.556107158307158e-09,0.009601578775204877,0.9629388619690438,25,30,0
24,9614,0.027459555699644422,3.5561071583075577e-09,0.009601576778483684,0.962938863965765,25,30,0
24,9615,0.027459555699644422,3.556107158307565e-09,0.009601576799983814,0.962938863944265,25,30,0
24,9616,0.027459555699644422,3.5561071582847986e-09,0.009600047940628244,0.9629403928036204,25,30,0
24,9617,0.027459555699644422,3.556107158307573e-09,0.009600049363229361,0.9629403913810194,25,30,0
24,9618,0.027459555699644422,3.5561028805497254e-09,0.009470528404342525,0.9630699123399105,25,30,0
24,9619,0.027459555699644422,3.556102880550132e-09,0.009470529852084327,0.9630699108921686,25,30,0
24,9620,0.027459555699644422,3.5561028052609264e-09,0.009468907694623701,0.9630715330496293,25,30,0
24,9621,0.027459555699644422,3.5561028052605273e-09,0.009468825207166125,0.963071615537087,25,30,0
24,9622,0.027459555699644422,3.5561028052605273e-09,0.009468787245522935,0.9630716534987301,25,30,0
24,9623,0.027459555699644422,3.5561028052605273e-09,0.009468786762346774,0.9630716539819063,25,30,0
24,9624,0.027459555699644422,3.5561028039396104e-09,0.00946878626281724,0.9630716544814358,25,30,0
24,9625,0.027459555699644422,3.5561028039396104e-09,0.009468786263732144,0.9630716544805209,25,30,0
24,9626,0.027459555699644422,3.556102803939204e-09,0.009468784229948506,0.9630716565143047,25,30,0
24,9627,0.027459555699644422,3.5561028039388048e-09,0.009468783719180753,0.9630716570250722,25,30,0
24,9628,0.027459555699644422,3.5561028039388118e-09,0.009468784396853565,0.9630716563473994,25,30,0
24,9629,0.027459555699644422,3.556102803938006e-09,0.009468782957206382,0.9630716577870467,25,30,0
24,9630,0.027459555699644422,3.556102803938006e-09,0.009468780936321242,0.9630716598079319,25,30,0
24,9631,0.027459555699644422,3.5561028039152314e-09,0.00946878017813285,0.9630716605661201,25,30,0
24,9632,0.027459555699644363,3.5561028038920533e-09,0.009464076254508276,0.9630763644897448,25,30,0
24,9633,0.027459555699644363,3.5561028038924607e-09,0.009464158776874182,0.9630762819673789,25,30,0
24,9634,0.027459555699644363,3.5561028038924673e-09,0.009464158784928187,0.9630762819593249,25,30,0
24,9635,0.027459555699644363,3.5561028038924607e-09,0.0094641594504714,0.9630762812937818,25,30,0
24,9636,0.027459555699644363,3.5561028051900643e-09,0.009466979583642962,0.96307346116061,25,30,0
24,9637,0.027459555699644363,3.5561028051900643e-09,0.009466981518190943,0.9630734592260619,25,30,0
24,9638,0.027459555699644363,3.556102805190464e-09,0.009466980605396651,0.9630734601388562,25,30,0
24,9639,0.027459555699644363,3.5561028051904564e-09,0.009466980621414689,0.9630734601228381,25,30,0
24,9640,0.027459555699644363,3.556102805190863e-09,0.009466981321839858,0.963073459422413,25,30,0
24,9641,0.027459555699644363,3.5561028051904634e-09,0.009467060614152797,0.9630733801301001,25,30,0
24,9642,0.027459555699644363,3.5561028052136377e-09,0.009467089062260368,0.9630733516819926,25,30,0
24,9643,0.027459555699644363,3.556102805213634e-09,0.009467202472377702,0.9630732382718752,25,30,0
24,9644,0.027459555699644363,3.5561028052136406e-09,0.009467201226886391,0.9630732395173665,25,30,0
24,9645,0.027459555699644363,3.5561028804966406e-09,0.009471904902436282,0.9630685358418165,25,30,0
24,9646,0.03999778929277913,8.802844045271767e-17,1.8395938544971652e-05,0.9599838147686761,25,30,0
24,9647,0.03999778929277913,8.80288471342647e-17,1.842441106792821e-05,0.959983786296153,25,30,0
24,9648,0.03999778929277913,8.805140540319562e-17,0.000384923236777628,0.9596172874704433,25,30,0
24,9649,0.03999778929277913,8.805139826846587e-17,0.00038492253559408156,0.959617288171627,25,30,0
24,9650,0.03999778929277913,8.80509917076637e-17,0.0003848940876944813,0.9596173166195265,25,30,0
24,9651,0.03999778929277913,8.80505922770653e-17,0.0003850079714074324,0.9596172027358136,25,30,0
24,9652,0.03999778929277913,8.805059240000245e-17,0.00038512388857979315,0.9596170868186411,25,30,0
24,9653,0.03999778929277913,8.805059952826093e-17,0.0003851253271633253,0.9596170853800575,25,30,0
24,9654,0.03999778929277913,8.805060653795755e-17,0.00038520327428097606,0.9596170074329399,25,30,0
24,9655,0.03999778929277913,8.93711200037932e-17,0.0003853189914007998,0.9596168917158201,25,30,0
24,9656,0.03999778929277913,8.805020698437072e-17,0.00038520257279918576,0.9596170081344217,25,30,0
24,9657,0.03999778929277913,8.805020710950358e-17,0.0003852025732338116,0.959617008133987,25,30,0
24,9658,0.03999778929277913,8.672943696840632e-17,0.00038075956415504103,0.959621451143066,25,30,0
24,9659,0.03999778929277913,8.672942983577016e-17,0.0003806816334932065,0.9596215290737277,25,30,0
24,9660,0.03999778929277913,8.67294298379473e-17,0.0003805677493423093,0.9596216429578786,25,30,0
24,9661,0.03999778929277913,8.672942984010377e-17,0.00038056975712179623,0.959621640950099,25,30,0
24,9662,0.03999778929277913,8.672942283043146e-17,0.00038056775901353063,0.9596216429482073,25,30,0
24,9663,0.03999778929277913,8.54085098111038e-17,0.00038045337343613,0.9596217573337847,25,30,0
24,9664,0.03999778929277913,8.538534310307756e-17,0.00038045387258680283,0.9596217568346341,25,30,0
24,9665,0.03999778929277913,8.538574265218588e-17,0.0003803753270078556,0.9596218353802132,25,30,0
24,9666,0.03999778929277913,8.540890962400475e-17,0.0003803750804104048,0.9596218356268105,25,30,0
24,9667,0.03999778929277913,8.5408909626161e-17,0.00038037449498699497,0.9596218362122341,25,30,0
24,9668,0.03999778929277913,8.540890249355049e-17,0.0003803724615595136,0.9596218382456615,25,30,0
24,9669,0.03999778929277913,1.0125503274095518e-17,0.0003757507743830657,0.9596264599328379,25,30,0
24,9670,0.03999778929277913,1.012549614368349e-17,0.0003758377318643676,0.9596263729753565,25,30,0
24,9671,0.03999778929277913,1.0125496270975187e-17,0.0003758377518779449,0.959626372955343,25,30,0
24,9672,0.03999778929277913,1.012549627316985e-17,0.0003758377525484818,0.9596263729546726,25,30,0
24,9673,0.03999778929277913,1.0125503528720002e-17,0.00037583917450275355,0.9596263715327182,25,30,0
24,9674,0.03999778929277913,1.0125103976090955e-17,0.0003757966460363667,0.9596264140611848,25,30,0
24,9675,0.03999778929277913,1.0102146345922702e-17,2.6930256643803883e-06,0.9599995176815566,25,30,0
24,9676,0.03999778929277913,1.0102146345960551e-17,2.6930125716573965e-06,0.9599995176946493,25,30,0
24,9677,0.03999778929277913,1.0102153355633212e-17,2.6930379633958876e-06,0.9599995176692576,25,30,0
24,9678,0.03999778929277913,1.0102153232694316e-17,2.6923616938397376e-06,0.9599995183455272,25,30,0
24,9679,0.03999778929277913,1.0102160363128384e-17,2.8082785935789496e-06,0.9599994024286274,25,30,0
24,9680,0.03999778929277913,1.0102566922015486e-17,2.8092274838314124e-06,0.9599994014797373,25,30,0
24,9681,0.03999778929277913,1.010256704711118e-17,2.8072072136423e-06,0.9599994035000076,25,30,0
24,9682,0.03999778929277913,1.0102574052470206e-17,2.807222551838977e-06,0.9599994034846692,25,30,0
24,9683,0.03999778929277913,1.0102567044923654e-17,2.7672397558178423e-06,0.9599994434674651,25,30,0
24,9684,0.03999778929277913,1.0102966473284271e-17,2.767074874034067e-06,0.9599994436323469,25,30,0
24,9685,0.03999778929277913,1.0102567042695748e-17,2.766126609464243e-06,0.9599994445806114,25,30,0
24,9686,0.03999778929277913,1.014890722301307e-17,9.25645144734666e-06,0.9599929542557736,25,30,0
24,9687,0.03999778929277913,1.1423481180194972e-17,2.7327681537147708e-06,0.9599994779390671,25,30,0
24,9688,0.03999778929277913,1.1423481178000315e-17,2.7328035554629922e-06,0.9599994779036654,25,30,0
24,9689,0.03999778929277913,1.1423887613905218e-17,2.732803767639133e-06,0.9599994779034533,25,30,0
24,9690,0.03999778929277913,1.142388748877168e-17,2.7328172842030854e-06,0.9599994778899368,25,30,0
24,9691,0.03999778929277913,1.1423894498468155e-17,2.8153053249978503e-06,0.959999395401896,25,30,0
24,9692,0.03999778929277913,1.1423894502819634e-17,2.855312709212945e-06,0.9599993553945119,25,30,0
24,9693,0.03999778929277913,1.142389425478641e-17,2.8567558770558727e-06,0.9599993539513441,25,30,0
24,9694,0.03999778929277913,1.2744807292006429e-17,2.9726985321466977e-06,0.9599992380086888,25,30,0
24,9695,0.03999778929277913,1.2744393598346618e-17,2.9721975976758075e-06,0.9599992385096233,25,30,0
24,9696,0.03999778929277913,1.2767167977105606e-17,3.053273097534516e-06,0.9599991574341236,25,30,0
24,9697,0.03999778929277913,1.2767567530597856e-17,3.053957512498312e-06,0.9599991567497086,25,30,0
24,9698,0.03405248578796174,2.341328305430228e-14,0.00594835746219538,0.9599991567498197,25,30,0
24,9699,0.03405248578796174,2.3413259887455554e-14,0.005948356963111653,0.9599991572489034,25,30,0
24,9700,0.03405248578796174,2.3413259887451275e-14,0.005948356951010087,0.9599991572610049,25,30,0
24,9701,0.03405248578796174,2.341458079323084e-14,0.005948390370724672,0.9599991238412904,25,30,0
24,9702,0.03405248578796174,2.341325988031864e-14,0.005948274452840689,0.9599992397591744,25,30,0
24,9703,0.03405248578796174,2.3414580736331778e-14,0.005949897318287668,0.9599976168937273,25,30,0
24,9704,0.03405248578796174,2.3414580743589522e-14,0.005949897308020286,0.9599976169039948,25,30,0
24,9705,0.03405248578796174,2.3414580592098896e-14,0.005954484681368155,0.9599930295306468,25,30,0
24,9706,0.03405248578796174,2.341458099865687e-14,0.005954484681225394,0.9599930295307897,25,30,0
24,9707,0.03405248578796174,2.3414580592095835e-14,0.0059544852664767025,0.9599930289455384,25,30,0
24,9708,0.03405248578796174,2.341458059209371e-14,0.005954445271391492,0.9599930689406235,25,30,0
24,9709,0.03405248578796174,2.3414580178528188e-14,0.005954364781448093,0.959993149430567,25,30,0
24,9710,0.03405248578796174,2.3415901086922175e-14,0.005954404573994778,0.9599931096380203,25,30,0
24,9711,0.03405248578796174,2.341590108692217e-14,0.00595440601218544,0.9599931081998296,25,30,0
24,9712,0.03405248578796174,2.3491192872418005e-14,0.005954445779895698,0.9599930684321194,25,30,0
24,9713,0.03405248578796174,2.3491192872422277e-14,0.0059544457795211,0.9599930684324939,25,30,0
24,9714,0.03405248578796174,2.349119286516461e-14,0.005954444332616361,0.9599930698793986,25,30,0
24,9715,0.03405248578796174,2.3491192858031996e-14,0.005954444312171342,0.9599930698998438,25,30,0
24,9716,0.03986983940298438,5.5867268868823967e-14,0.0001370902728005263,0.9599930703241594,25,30,0
24,9717,0.03986983940298438,5.5867268868698866e-14,0.00013697435143561988,0.9599931862455244,25,30,0
24,9718,0.03986983940298438,5.594256096627519e-14,0.00013705612854381365,0.9599931044684162,25,30,0
24,9719,0.03986983940298438,5.59412402047308e-14,0.00013235284779150694,0.9599978077491685,25,30,0
24,9720,0.03986983940298438,5.5942561128607973e-14,0.0001323563288591303,0.9599978042681009,25,30,0
24,9721,0.03986983940298438,5.586726943058181e-14,0.00013238902131995818,0.9599977715756399,25,30,0
24,9722,0.03986983940298438,5.58672694307069e-14,0.00013238756605809317,0.9599977730309017,25,30,0
24,9723,0.03986983940298438,5.5867269430584e-14,0.00013238756649277842,0.9599977730304672,25,30,0
24,9724,0.03986983940298438,5.586726942357649e-14,0.00013238756509475195,0.9599977730318652,25,30,0
24,9725,0.03986983940298438,5.5867269423699394e-14,0.0001323875546114746,0.9599977730423486,25,30,0
24,9726,0.03986983940298438,5.5867269423701583e-14,0.00013238554656486729,0.9599977750503952,25,30,0
24,9727,0.03986983940298438,5.5942561464017e-14,0.00013250291673336012,0.9599976576802267,25,30,0
24,9728,0.03986983940298438,5.5942584637088145e-14,0.0001340717462487334,0.9599960888507114,25,30,0
24,9729,0.03986983940298438,5.594258463708603e-14,0.00013407174687468396,0.9599960888500852,25,30,0
24,9730,0.03986983940298438,5.594256186258395e-14,0.00013402921763200156,0.9599961313793279,25,30,0
24,9731,0.03986983940298438,5.594256186971432e-14,0.00013402924142429397,0.9599961313555356,25,30,0
24,9732,0.03986983940298438,5.5942562276273155e-14,0.00013403068854798386,0.9599961299084121,25,30,0
24,9733,0.03986983940298438,5.594256227614803e-14,0.0001340306528700822,0.9599961299440899,25,30,0
24,9734,0.03986983940298438,5.5941241352268687e-14,0.00013402861912775025,0.9599961319778323,25,30,0
24,9735,0.03986983940298438,5.5941241352270877e-14,0.00013402859529852566,0.9599961320016612,25,30,0
24,9736,0.03986983940298438,5.5941241345142584e-14,0.00013402855964232249,0.9599961320373174,25,30,0
24,9737,0.03986983940298438,5.594126411243649e-14,0.00013391470088445887,0.9599962458960755,25,30,0
24,9738,0.03986983940298438,5.5941264119569104e-14,0.00013391375324572726,0.9599962468437141,25,30,0
24,9739,0.03986983940298438,5.593994361761102e-14,0.00013387470658836928,0.9599962858903714,25,30,0
24,9740,7.039990115778511e-05,2.9606649533326657e-15,0.039933314632883785,0.9599962854659552,25,30,0
24,9741,7.039990115778511e-05,2.9606649604652175e-15,0.03993342851640807,0.959996171582431,25,30,0
24,9742,7.039990115778511e-05,2.960664967718611e-15,0.03993342901549066,0.9599961710833486,25,30,0
24,9743,7.039990115778511e-05,2.960664960585963e-15,0.039933427568773196,0.9599961725300661,25,30,0
24,9744,7.039990115778511e-05,2.960664967718611e-15,0.039933429601363556,0.9599961704974755,25,30,0
24,9745,7.039990115778513e-05,2.960688134666436e-15,0.0399334701909531,0.9599961299078861,25,30,0
24,9746,7.039990115778514e-05,2.9620090442827467e-15,0.03993347222491928,0.9599961278739196,25,30,0
24,9747,7.039990115778514e-05,2.96068858757502e-15,0.039931850297339234,0.9599977498014998,25,30,0
24,9748,7.039990115778514e-05,2.8853964025279077e-15,0.039931925737614685,0.9599976743612244,25,30,0
24,9749,7.039990115778514e-05,2.8854191698776556e-15,0.03993204068157069,0.9599975594172686,25,30,0
24,9750,7.039990115778514e-05,2.8854195693617756e-15,0.03993853100559563,0.9599910690932437,25,30,0
24,9751,7.039990115778514e-05,2.8854195836226322e-15,0.039938570988234744,0.9599910291106043,25,30,0
24,9752,7.039990115778514e-05,2.885419583626984e-15,0.03993857099807866,0.9599910291007605,25,30,0
24,9753,7.039990115778515e-05,2.8854427575722093e-15,0.03993858720534073,0.9599910128934984,25,30,0
24,9754,7.039990115778515e-05,2.8841218575748385e-15,0.03993850469064417,0.959991095408195,25,30,0
24,9755,7.039990115778515e-05,2.884145024296302e-15,0.03993850567455885,0.9599910944242803,25,30,0
24,9756,7.039990115778514e-05,2.8841214439050963e-15,0.039938463669723055,0.959991136429116,25,30,0
24,9757,7.039990115778514e-05,2.8841214510356274e-15,0.03993846635606514,0.959991133742774,25,30,0
24,9758,7.039990115778514e-05,2.8841214441532672e-15,0.039938506475742215,0.959991093623097,25,30,0
24,9759,7.039990115778514e-05,2.8841214441532664e-15,0.039938506486200856,0.9599910936126383,25,30,0
24,9760,7.039990115778514e-05,2.884121444030288e-15,0.039938506478846045,0.9599910936199931,25,30,0
24,9761,7.039990115778514e-05,2.884098277252146e-15,0.03993839126242295,0.9599912088364162,25,30,0
24,9762,7.039990115778514e-05,2.884075103523166e-15,0.03993850569675716,0.959991094402082,25,30,0
24,9763,7.039990115778514e-05,2.8840750892622563e-15,0.03994078528336251,0.9599888148154767,25,30,0
24,9764,7.039990115778514e-05,2.884075089262241e-15,0.03994086710511953,0.9599887329937197,25,30,0
24,9765,7.039990115778514e-05,2.8840750821296067e-15,0.03994078458217316,0.9599888155166661,25,30,0
24,9766,7.039990115778514e-05,2.884075067864398e-15,0.0399407445876856,0.9599888555111536,25,30,0
24,9767,7.039990115778514e-05,2.8840750749382273e-15,0.039934220869031596,0.9599953792298076,25,30,0
24,9768,2.850959438255603e-07,4.796708492142695e-10,0.040004335194590415,0.9599953792297947,25,30,0
24,9769,2.850959438255603e-07,4.796708492146829e-10,0.040004179692764444,0.9599955347316207,25,30,0
24,9770,2.850959438255603e-07,4.79670849214683e-10,0.040004179727962566,0.9599955346964226,25,30,0
24,9771,2.850959438255603e-07,4.796708478937772e-10,0.04000417970246704,0.9599955347219182,25,30,0
24,9772,2.850959438255603e-07,4.796708478937779e-10,0.04000265084309258,0.9599970635812926,25,30,0
24,9773,2.850959438264327e-07,4.796708490859447e-10,0.044523900832515256,0.95547581359187,25,30,0
24,9774,2.850959438264327e-07,4.796708490627707e-10,0.04452390022169314,0.955475814202692,25,30,0
24,9775,2.850959438264327e-07,4.796708490627635e-10,0.044523784329739316,0.9554759300946459,25,30,0
24,9776,2.850959438264327e-07,4.796708490627635e-10,0.04452370910875629,0.9554760053156288,25,30,0
24,9777,2.8509594382641546e-07,4.796708490391902e-10,0.04452365293285168,0.9554760614915334,25,30,0
24,9778,2.8509594382641546e-07,4.796708490395968e-10,0.04452365493174262,0.9554760594926424,25,30,0
24,9779,2.8509594382641546e-07,4.796707737475565e-10,0.0445235376086709,0.9554761768157144,25,30,0
24,9780,2.8509594382641546e-07,4.796707737475563e-10,0.044523537608054074,0.9554761768163311,25,30,0
24,9781,2.850959438255604e-07,4.796750639898051e-10,0.04000459576370085,0.9599951186606801,25,30,0
24,9782,2.850959438255604e-07,4.796750640125724e-10,0.04000459521244269,0.9599951192119383,25,30,0
24,9783,2.850959438255604e-07,4.796750640125724e-10,0.04000459521245285,0.959995119211928,25,30,0
24,9784,2.8509594382580623e-07,4.796750653334855e-10,0.040002432188203756,0.9599972822361772,25,30,0
24,9785,2.8509594382580623e-07,4.796750653334857e-10,0.04000243217731411,0.9599972822470668,25,30,0
24,9786,2.8509594382580623e-07,4.796750653334855e-10,0.040002430643806555,0.9599972837805746,25,30,0
24,9787,2.8509594382580623e-07,4.79675065333892e-10,0.040002508587217926,0.9599972058371631,25,30,0
24,9788,2.8509594382580623e-07,4.796750653342986e-10,0.04000478817999272,0.9599949262443883,25,30,0
24,9789,2.8509594382580623e-07,4.796750653570591e-10,0.0400047891161272,0.9599949253082538,25,30,0
24,9790,2.8509594382580623e-07,4.796750653566528e-10,0.040007874308056905,0.9599918401163241,25,30,0
24,9791,2.8509594382580623e-07,4.796750653566668e-10,0.04000787433066974,0.9599918400937112,25,30,0
24,9792,2.8509594388173857e-07,4.796750666976493e-10,0.04010017013176656,0.9598995442926145,25,30,0
24,9793,2.8509594388173857e-07,4.796750680185706e-10,0.04010025266527537,0.9598994617591056,25,30,0
24,9794,2.8509594388173857e-07,4.796750680185634e-10,0.04010025263968177,0.9598994617846992,25,30,0
24,9795,2.8509594388173857e-07,4.7967506801896e-10,0.04036658435755741,0.9596331300668234,25,30,0
24,9796,2.8509594388173857e-07,4.796750680185633e-10,0.040100251961598984,0.9598994624627818,25,30,0
24,9797,2.8509594388173857e-07,4.796750680185703e-10,0.04010025199684501,0.9598994624275358,25,30,0
24,9798,2.8509594388173857e-07,4.796750680185632e-10,0.04010025199621911,0.9598994624281619,25,30,0
24,9799,2.8509594388173857e-07,4.796750680185632e-10,0.04010025194913304,0.9598994624752479,25,30,0
24,9800,2.8509594388173857e-07,4.796750680185561e-10,0.040100251913041805,0.9598994625113393,25,30,0
24,9801,2.8509594388173857e-07,4.796750680185561e-10,0.0401002518999567,0.9598994625244244,25,30,0
24,9802,2.8509594388173857e-07,4.796750679957957e-10,0.04010025246242001,0.9598994619619612,25,30,0
24,9803,2.8509594388173857e-07,4.796750679957954e-10,0.04009708932750976,0.9599026250968713,25,30,0
24,9804,2.8509594388173857e-07,4.796750679953818e-10,0.040097006839398465,0.9599027075849826,25,30,0
24,9805,2.8509594388173857e-07,4.79675067995382e-10,0.04009700683168757,0.9599027075926937,25,30,0
24,9806,2.8509594388173857e-07,4.79675067995382e-10,0.0400970068315186,0.9599027075928626,25,30,0
24,9807,2.8509594388173857e-07,4.796750679953676e-10,0.04009700680890261,0.9599027076154786,25,30,0
24,9808,2.8509594388173857e-07,4.796750679953676e-10,0.04009700682032165,0.9599027076040595,25,30,0
24,9809,2.8509594388173857e-07,4.796750666744464e-10,0.040096924269749756,0.9599027901546314,25,30,0
24,9810,2.8509594388173857e-07,4.796750666744462e-10,0.040096924308223626,0.9599027901161575,25,30,0
24,9811,2.8509594388173857e-07,4.796750666744464e-10,0.040096922885411494,0.9599027915389696,25,30,0
24,9812,2.8509594388173857e-07,4.796750666744465e-10,0.0400969228606455,0.9599027915637356,25,30,0
24,9813,2.8509594388173857e-07,4.796750666744466e-10,0.040096924806917913,0.9599027896174631,25,30,0
24,9814,2.8509594388173857e-07,4.796750666744468e-10,0.04009704072487663,0.9599026736995044,25,30,0
24,9815,2.850959438817389e-07,4.796750679923159e-10,0.04018933637139835,0.9598103780529827,25,30,0
24,9816,2.850959438817389e-07,4.796750679927223e-10,0.04018933704809464,0.9598103773762864,25,30,0
24,9817,2.850959438817389e-07,4.796750679927293e-10,0.04018933707304883,0.9598103773513321,25,30,0
24,9818,2.850959438817389e-07,4.796750679935423e-10,0.04019594331504967,0.9598037711093313,25,30,0
24,9819,2.8509594388172157e-07,4.79670776559127e-10,0.04019363513536629,0.9598060792890188,25,30,0
24,9820,2.8509594388172157e-07,4.796707765583141e-10,0.04018702889337252,0.9598126855310126,25,30,0
24,9821,2.8509594388172157e-07,4.796707765583141e-10,0.04018703022535472,0.9598126841990304,25,30,0
24,9822,2.8509594388172157e-07,4.796707765583068e-10,0.04018702972543529,0.9598126846989499,25,30,0
24,9823,2.8509594388172157e-07,4.796707765579002e-10,0.040187028277661165,0.9598126861467242,25,30,0
24,9824,2.8509594388172157e-07,4.796707765579001e-10,0.04018702635622496,0.9598126880681603,25,30,0
24,9825,2.8509594388172157e-07,4.796707765583065e-10,0.04019172964813212,0.9598079847762533,25,30,0
24,9826,2.8509594388172157e-07,4.796707765583064e-10,0.04019172967290233,0.9598079847514831,25,30,0
24,9827,2.8509594388172157e-07,4.796707765578999e-10,0.04018702840587508,0.9598126860185103,25,30,0
24,9828,2.8509594388172157e-07,4.796707765578999e-10,0.04018702840569752,0.9598126860186877,25,30,0
24,9829,2.850959438257893e-07,4.796707752169104e-10,0.040094733552235556,0.9599049808721497,25,30,0
24,9830,2.850959438257893e-07,4.796707752173241e-10,0.04009473500062506,0.9599049794237602,25,30,0
24,9831,2.850959438257893e-07,4.796707752173384e-10,0.0400947355120103,0.9599049789123749,25,30,0
24,9832,2.850959438257893e-07,4.796707752169318e-10,0.04009473551141871,0.9599049789129666,25,30,0
24,9833,2.850959438257893e-07,4.796707752165181e-10,0.040094734098685816,0.9599049803256995,25,30,0
24,9834,2.850959438257893e-07,4.796707752169247e-10,0.04009473610686138,0.959904978317524,25,30,0
24,9835,2.850959438257893e-07,4.796707752169247e-10,0.04009474016191834,0.9599049742624669,25,30,0
24,9836,2.850959438257893e-07,4.796707752169245e-10,0.040094699465548465,0.9599050149588367,25,30,0
24,9837,2.850959438257893e-07,4.796707752165179e-10,0.04009469743234645,0.9599050169920388,25,30,0
24,9838,2.850959438257893e-07,4.796707752165251e-10,0.04009469882935078,0.9599050155950344,25,30,0
24,9839,2.850959438257891e-07,4.796708491907651e-10,0.04000248772012894,0.9599972267042562,25,30,0
24,9840,2.8509594382554317e-07,4.796708478698521e-10,0.04000241110823195,0.9599973033161534,25,30,0
24,9841,2.8509594382554317e-07,4.79670847869845e-10,0.04000241178450151,0.9599973026398838,25,30,0
24,9842,2.8509594382554307e-07,4.796707726009157e-10,0.040004606815672715,0.9599951076087127,25,30,0
24,9843,2.8509594382554307e-07,4.796707726013151e-10,0.04001121102446504,0.9599885033999204,25,30,0
24,9844,2.8509594382554307e-07,4.796707725785477e-10,0.04001117306301036,0.9599885413613751,25,30,0
24,9845,2.8509594382554307e-07,4.796707725785549e-10,0.040011255586144545,0.9599884588382409,25,30,0
24,9846,2.8509594382554307e-07,4.796707725785549e-10,0.04001128405921792,0.9599884303651675,25,30,0
24,9847,2.8509594382554307e-07,4.796707726017321e-10,0.0400178902759714,0.959981824148414,25,30,0
24,9848,2.8509594382554307e-07,4.796707726017323e-10,0.040017886910270375,0.9599818275141149,25,30,0
24,9849,2.8509594382554307e-07,4.796707726013258e-10,0.04001128066848076,0.9599884337559047,25,30,0
24,9850,2.8509594382554307e-07,4.796707726013255e-10,0.040011279976016834,0.9599884344483687,25,30,0
24,9851,2.8509594382554307e-07,4.796707726017248e-10,0.04001120405354521,0.9599885103708402,25,30,0
24,9852,2.8509594382554307e-07,4.796707739226405e-10,0.040011244038374603,0.9599884703860107,25,30,0
24,9853,2.8509594382554307e-07,4.796707739226407e-10,0.040011244063554836,0.9599884703608305,25,30,0
24,9854,2.8509594382554307e-07,4.796707739222413e-10,0.04001120551645918,0.959988508907926,25,30,0
24,9855,2.8509594382554307e-07,4.796707739222413e-10,0.040011177051698175,0.9599885373726872,25,30,0
24,9856,2.8509594382554307e-07,4.796707739222413e-10,0.04001117635882811,0.9599885380655573,25,30,0
24,9857,1.9423786846693787e-08,2.6086881074961852e-08,0.040011414241769634,0.9599885402475623,25,30,0
24,9858,1.9423786846693787e-08,2.6086881074961852e-08,0.040011414257956485,0.9599885402313753,25,30,0
24,9859,1.9423786846711042e-08,2.6086881150254466e-08,0.040011442010362934,0.959988512478969,25,30,0
24,9860,1.9423786846711042e-08,2.608688115025406e-08,0.040011439997351045,0.9599885144919809,25,30,0
24,9861,1.9423786846711042e-08,2.608688115025405e-08,0.04001143855015757,0.9599885159391742,25,30,0
24,9862,1.9423786846711042e-08,2.6086881150254042e-08,0.04001143806433372,0.9599885164249982,25,30,0
24,9863,1.9423786846711042e-08,2.6086881150254032e-08,0.04001143803876148,0.9599885164505703,25,30,0
24,9864,1.9423786846715353e-08,2.608688115159812e-08,0.04001155943206999,0.959988395057262,25,30,0
24,9865,1.942378684671997e-08,2.6086881226887158e-08,0.04001327213995612,0.9599866823493757,25,30,0
24,9866,1.942378684671997e-08,2.608688122556626e-08,0.04001323214567927,0.9599867223436523,25,30,0
24,9867,1.942378684671997e-08,2.6086881225543082e-08,0.04000662594032099,0.9599933285490109,25,30,0
24,9868,1.942378684671997e-08,2.608688122554348e-08,0.040006663901998696,0.9599932905873332,25,30,0
24,9869,1.942378684671997e-08,2.6086881225520304e-08,0.040004384344243714,0.9599955701450882,25,30,0
24,9870,1.9423786846715353e-08,2.6086881150231278e-08,0.04000267164708135,0.9599972828422507,25,30,0
24,9871,1.9423786846715353e-08,2.6086881150208104e-08,0.04000267161140971,0.9599972828779222,25,30,0
24,9872,1.9423786846715353e-08,2.608688115020811e-08,0.040002671628663736,0.9599972828606682,25,30,0
24,9873,1.942378684671543e-08,2.6086881150208107e-08,0.040002705058638684,0.9599972494306932,25,30,0
24,9874,1.942378684671543e-08,2.6086881150208104e-08,0.04000270647045384,0.9599972480188781,25,30,0
24,9875,1.942378684671543e-08,2.6086881150208104e-08,0.040002706435617465,0.9599972480537144,25,30,0
24,9876,1.942378684671543e-08,2.6086881150208107e-08,0.04000259255099646,0.9599973619383357,25,30,0
24,9877,1.9423786846715734e-08,2.6086881150208908e-08,0.04000259353614072,0.9599973609531915,25,30,0
24,9878,1.942378684671543e-08,2.6086881150208094e-08,0.04000259252520845,0.9599973619641236,25,30,0
24,9879,1.942378684671543e-08,2.6086881150208104e-08,0.04000259385619183,0.9599973606331403,25,30,0
24,9880,1.942378684671543e-08,2.6086881150208094e-08,0.04000259385603806,0.9599973606332941,25,30,0
24,9881,1.9423786846730676e-08,2.6086881151374756e-08,0.04466145494808696,0.9553384995412452,25,30,0
24,9882,1.942378684671342e-08,2.608688115005343e-08,0.044661451491516374,0.9553385029978158,25,30,0
24,9883,1.942378684671342e-08,2.6086881150053838e-08,0.04466145090587368,0.9553385035834584,25,30,0
24,9884,1.942378684670248e-08,2.6086885430995222e-08,0.04009181723732018,0.9599081372520076,25,30,0
24,9885,1.942378684670248e-08,2.6086885430995216e-08,0.04009181791297424,0.9599081365763535,25,30,0
24,9886,1.942378684670248e-08,2.6086885430995623e-08,0.040091819361080264,0.9599081351282476,25,30,0
24,9887,1.9423786846702707e-08,2.6086885432316534e-08,0.04009173192505578,0.9599082225642719,25,30,0
24,9888,1.9423786846702707e-08,2.6086885432316534e-08,0.04009172991680415,0.9599082245725237,25,30,0
24,9889,1.9423786846702707e-08,2.608688543231654e-08,0.04009172998786049,0.9599082245014672,25,30,0
24,9890,1.9423786846698396e-08,2.6086885430995626e-08,0.04009161065294673,0.959908343836381,25,30,0
24,9891,1.9423786846698396e-08,2.6086885430996033e-08,0.04009161268677469,0.959908341802553,25,30,0
24,9892,1.9423786846698396e-08,2.6086885430996033e-08,0.040091614133957405,0.9599083403553703,25,30,0
24,9893,1.9423786846698095e-08,2.6086885429675108e-08,0.04009158564184383,0.9599083688474841,25,30,0
24,9894,1.9423786846698095e-08,2.6086885429675515e-08,0.04009158472911224,0.9599083697602157,25,30,0
24,9895,1.9423786846698095e-08,2.6086885429675922e-08,0.04009819043635631,0.9599017640529717,25,30,0
24,9896,1.9423786846698095e-08,2.6086885429675922e-08,0.04009818976029223,0.9599017647290355,25,30,0
24,9897,1.9423786846698095e-08,2.6086885429675922e-08,0.040098189735657125,0.9599017647536706,25,30,0
24,9898,1.9423786846698095e-08,2.608688542967633e-08,0.0400982182079774,0.9599017362813504,25,30,0
24,9899,1.9423786846698098e-08,2.6086885430997244e-08,0.04009830074191717,0.9599016537474107,25,30,0
24,9900,1.9423786846698098e-08,2.6086885430997244e-08,0.040098300717116835,0.959901653772211,25,30,0
24,9901,1.9423786846698098e-08,2.6086885430997244e-08,0.040098299269957546,0.9599016552193702,25,30,0
24,9902,1.9423786846698098e-08,2.6086885430996837e-08,0.04009610220012898,0.9599038522891987,25,30,0
24,9903,1.9423786846698098e-08,2.6086885430996837e-08,0.04009610219974683,0.9599038522895811,25,30,0
24,9904,1.9423786846698098e-08,2.6086885430997244e-08,0.04009610362274711,0.9599038508665808,25,30,0
24,9905,1.9423786846698098e-08,2.6086885430997244e-08,0.04009610355126693,0.959903850938061,25,30,0
24,9906,1.9423786846698098e-08,2.6086885430997247e-08,0.04009610353861889,0.9599038509507091,25,30,0
24,9907,1.9423786846698092e-08,2.608688542967635e-08,0.04009602150440647,0.9599039329849214,25,30,0
24,9908,1.9423786846698092e-08,2.6086885429699517e-08,0.040102626299074275,0.9598973281902536,25,30,0
24,9909,1.9423786846698092e-08,2.6086885429699527e-08,0.040102742196004744,0.959897212293323,25,30,0
24,9910,1.9423786846698092e-08,2.6086885429699527e-08,0.040102742196453385,0.9598972122928744,25,30,0
24,9911,1.9423786846698098e-08,2.6086885429699924e-08,0.040104363729586846,0.959895590759741,25,30,0
24,9912,1.9423786846698098e-08,2.6086885429699517e-08,0.04010436373812693,0.9598955907512008,25,30,0
24,9913,1.9423786846698098e-08,2.6086885429699517e-08,0.04010424789161606,0.9598957065977117,25,30,0
24,9914,1.9423786846698098e-08,2.6086885429699513e-08,0.04010424788784728,0.9598957066014806,25,30,0
24,9915,1.9423786846698098e-08,2.6086885429699513e-08,0.040104247903832956,0.9598957065854948,25,30,0
24,9916,1.9423786846698098e-08,2.608688542967634e-08,0.04010424584541798,0.9598957086439098,25,30,0
24,9917,1.9423786846698098e-08,2.6086885429676346e-08,0.04010424442499279,0.959895710064335,25,30,0
24,9918,1.9423786846698098e-08,2.608688542967594e-08,0.04010424300199274,0.9598957114873352,25,30,0
24,9919,1.9423786846698098e-08,2.608688542967594e-08,0.04010424298579124,0.9598957115035367,25,30,0
24,9920,1.9423786846698098e-08,2.6086885429675932e-08,0.0401042429509194,0.9598957115384085,25,30,0
24,9921,1.9423786846698098e-08,2.608688542967594e-08,0.040104358860136274,0.9598955956291916,25,30,0
24,9922,1.9423786846698098e-08,2.608688542967594e-08,0.04010435886012529,0.9598955956292025,25,30,0
24,9923,1.9423786846698098e-08,2.608688542967594e-08,0.040104359384238564,0.9598955951050893,25,30,0
24,9924,1.9423786846698098e-08,2.608688542969911e-08,0.04010436144326159,0.9598955930460663,25,30,0
24,9925,1.9423786846698092e-08,2.608688543101962e-08,0.04010274107501544,0.9598972134143124,25,30,0
24,9926,1.9423786846698092e-08,2.608688543101962e-08,0.04010265855207689,0.959897295937251,25,30,0
24,9927,1.9423786846680837e-08,2.6086885357047856e-08,0.04010490894558164,0.9598950455437464,25,30,0
24,9928,1.9423786846680837e-08,2.6086885357024682e-08,0.0401049068882263,0.9598950476011017,25,30,0
24,9929,1.9423786846680837e-08,2.608688535570378e-08,0.040104904855209976,0.9598950496341179,25,30,0
24,9930,1.9423786846680837e-08,2.6086885355704187e-08,0.040104904915646396,0.9598950495736815,25,30,0
24,9931,1.9423786846680837e-08,2.6086885355704187e-08,0.0401049035038697,0.9598950509854582,25,30,0
24,9932,1.9423786846680837e-08,2.608688535570378e-08,0.04010300057094078,0.959896953918387,25,30,0
24,9933,1.9423786846680837e-08,2.6086885355703774e-08,0.04010300053450524,0.9598969539548228,25,30,0
24,9934,1.942378684668084e-08,2.60868854309832e-08,0.040109604773107266,0.9598903497162206,25,30,0
24,9935,1.942378684668084e-08,2.6086885429662353e-08,0.04010732518004101,0.9598926293092869,25,30,0
24,9936,1.942378684668084e-08,2.6086885429662356e-08,0.040107380678189065,0.9598925738111389,25,30,0
24,9937,1.9423786846681144e-08,2.6086885429662366e-08,0.04010740912609239,0.9598925453632355,25,30,0
24,9938,1.9423786846681144e-08,2.608688550495498e-08,0.04010743827706407,0.9598925162122637,25,30,0
24,9939,1.9423786846681144e-08,2.608688550495498e-08,0.04048054189666367,0.9595194125926642,25,30,0
24,9940,1.9423786846681144e-08,2.6086885504954966e-08,0.04048054143219229,0.9595194130571355,25,30,0
24,9941,1.9423786846681144e-08,2.6086885504954966e-08,0.04048054346478316,0.9595194110245445,25,30,0
24,9942,1.9423786846681144e-08,2.608688550495496e-08,0.04048048799202373,0.959519466497304,25,30,0
24,9943,1.9423786846681144e-08,2.608688550495496e-08,0.040480488003527465,0.9595194664858003,25,30,0
24,9944,1.9423786846681144e-08,2.608688550495496e-08,0.04048048796814647,0.9595194665211814,25,30,0
24,9945,1.9423786846681144e-08,2.6086885504955353e-08,0.04048048814512772,0.9595194663442002,25,30,0
24,9946,1.9423786846681144e-08,2.6086885504955353e-08,0.040480486112105044,0.9595194683772228,25,30,0
24,9947,1.9423786846681138e-08,2.6086885429675925e-08,0.04047399575658692,0.9595259587327409,25,30,0
24,9948,1.9423786846681144e-08,2.6086885429676332e-08,0.04047399775485994,0.9595259567344679,25,30,0
24,9949,1.9423786846681144e-08,2.6086885429675922e-08,0.04010089413449735,0.9598990603548306,25,30,0
24,9950,1.9423786846681217e-08,2.6086885429675932e-08,0.040103174370815065,0.9598967801185129,25,30,0
24,9951,1.9423786846681217e-08,2.6086885354383316e-08,0.04010314525566728,0.9598968092336606,25,30,0
24,9952,1.9423786846681217e-08,2.608688535440649e-08,0.04010318527573895,0.9598967692135889,25,30,0
24,9953,1.9423786846680916e-08,2.608688535440649e-08,0.04010327222070606,0.9598966822686218,25,30,0
24,9954,1.9423786846680916e-08,2.608688535438332e-08,0.0400966659874655,0.9599032885018624,25,30,0
24,9955,1.9423786846680916e-08,2.6086885354406487e-08,0.04009882966307404,0.9599011248262538,25,30,0
24,9956,1.9423786846680916e-08,2.6086885355704227e-08,0.040096666012961316,0.9599032884763665,25,30,0
24,9957,1.942378684668084e-08,2.608688535570422e-08,0.04009438716397673,0.9599055673253509,25,30,0
24,9958,1.942378684668084e-08,2.608688535570422e-08,0.040094387153229355,0.9599055673360983,25,30,0
24,9959,1.942378684668084e-08,2.608688535570422e-08,0.04009438717861493,0.959905567310713,25,30,0
24,9960,1.9423786846680847e-08,2.6087129434567728e-08,0.04018361459140447,0.9598163398976793,25,30,0
24,9961,1.9423786846676545e-08,2.608712515248245e-08,0.0400944143104883,0.9599055401785995,25,30,0
24,9962,1.9423786846676542e-08,2.6087125151161947e-08,0.040094298404910814,0.959905656084177,25,30,0
24,9963,1.9423786846676542e-08,2.6087125151161947e-08,0.04009429840491263,0.9599056560841752,25,30,0
24,9964,1.9423786846676552e-08,2.608712515116154e-08,0.04009429890553874,0.9599056555835493,25,30,0
24,9965,1.9423786846676552e-08,2.608712515248245e-08,0.04009441340103693,0.9599055410880512,25,30,0
24,9966,1.9423786846676552e-08,2.6087125152482048e-08,0.04009441336439875,0.9599055411246893,25,30,0
24,9967,1.9423786846676552e-08,2.6087125152482038e-08,0.040094297446426036,0.9599056570426621,25,30,0
24,9968,1.9423786846676552e-08,2.6087125152482038e-08,0.04009429745732238,0.9599056570317657,25,30,0
24,9969,1.9423786846676555e-08,2.6087125152482038e-08,0.040187078685724485,0.9598128758033637,25,30,0
24,9970,1.9423786846676555e-08,2.608712515248204e-08,0.04018707868906269,0.9598128758000254,25,30,0
24,9971,1.9423786846676555e-08,2.608712515248204e-08,0.040187078653830255,0.9598128758352579,25,30,0
24,9972,1.9423786846676555e-08,2.608712515248204e-08,0.04018707864136313,0.959812875847725,25,30,0
24,9973,1.9423786846676555e-08,2.6087125151161133e-08,0.04018700269317834,0.9598129517959098,25,30,0
24,9974,1.9423786846676555e-08,2.6087125151161133e-08,0.04018700470111952,0.9598129497879685,25,30,0
24,9975,1.9423786846676555e-08,2.6087125151161133e-08,0.04018700469097947,0.9598129497981087,25,30,0
24,9976,1.9423786846676552e-08,2.6087125151161137e-08,0.04009426345661263,0.9599056910324755,25,30,0
24,9977,1.9423786846676552e-08,2.608712515116073e-08,0.040094225408374505,0.9599057290807137,25,30,0
24,9978,1.9423786846676552e-08,2.6087125151183897e-08,0.04009422609953561,0.9599057283895525,25,30,0
24,9979,1.9423786846676545e-08,2.6087125151183897e-08,0.040100803165395923,0.9598991513236922,25,30,0
24,9980,1.9423786846676545e-08,2.608712515118391e-08,0.04010080452075402,0.959899149968334,25,30,0
24,9981,1.9423786846676545e-08,2.6087125151184317e-08,0.04010088704390912,0.9598990674451789,25,30,0
24,9982,1.9423786846676545e-08,2.6087125151183917e-08,0.040100805198432496,0.9598991492906555,25,30,0
24,9983,1.9423786846676552e-08,2.6087125151184324e-08,0.04010238811412274,0.9598975663749653,25,30,0
24,9984,1.9423786846676552e-08,2.6087125151184327e-08,0.04010238815766618,0.9598975663314218,25,30,0
24,9985,1.9423786846676552e-08,2.6087125151183924e-08,0.04010238745620977,0.9598975670328782,25,30,0
24,9986,1.9423786846676552e-08,2.6087125151183517e-08,0.04010238604347695,0.9598975684456111,25,30,0
24,9987,1.9423786846676552e-08,2.6087125151183517e-08,0.0401023840968316,0.9598975703922563,25,30,0
24,9988,1.9423786846676552e-08,2.608712515118351e-08,0.040102383419153134,0.9598975710699349,25,30,0
24,9989,1.9423786846676552e-08,2.608712515118351e-08,0.04010238486626916,0.9598975696228189,25,30,0
24,9990,1.9423786846676552e-08,2.608712515118351e-08,0.04010238486623794,0.95989756962285,25,30,0
24,9991,1.9423786846676552e-08,2.6087125151183494e-08,0.04010238353381588,0.9598975709552721,25,30,0
24,9992,1.6940665657709193e-09,4.847267788469863e-07,0.03997021548440385,0.9600292980947507,25,30,0
24,9993,1.6940665657709193e-09,4.847267788469863e-07,0.03997021547413682,0.9600292981050177,25,30,0
24,9994,1.6940665657709193e-09,4.847267788469863e-07,0.03997033135624422,0.9600291822229103,25,30,0
24,9995,1.6940665657709193e-09,4.847267788469863e-07,0.03997021546385578,0.9600292981152987,25,30,0
24,9996,1.6940665657712223e-09,4.847267788483072e-07,0.039970256433854344,0.9600292571453002,25,30,0
24,9997,1.6940665657712223e-09,4.847267788483304e-07,0.039971879282992846,0.9600276342961617,25,30,0
24,9998,1.6940665657712223e-09,4.847267788483304e-07,0.0399719192405352,0.9600275943386193,25,30,0
24,9999,1.6940665657712223e-09,4.847267788483534e-07,0.04034502286091071,0.9596544907182438,25,30,0
24,10000,1.6940665657712223e-09,4.847267788483302e-07,0.04034339997176421,0.9596561136073903,25,30,0
