run,generation,degenerate,holistic,other,compositional,popsize,turnover_rounds,group_rounds
12,0,0.9987713554999793,1.4267839920713722e-08,0.0012266915175253483,1.938714656782331e-06,25,50,20
12,1,0.7365601593798377,1.4760759769735503e-06,0.20780630701334116,0.05563205753084231,25,50,20
12,2,0.7347566650366705,1.7519579685604067e-07,0.21082870163851308,0.05441445812901552,25,50,20
12,3,0.6573191152029222,1.9768897864789392e-05,0.30226471158952867,0.0403964043096914,25,50,20
12,4,0.5947166584085809,1.9741751140952697e-05,0.3918912272298506,0.013372372610427286,25,50,20
12,5,0.7879255940233088,6.051451286887331e-06,0.21075822490513885,0.0013101296202659104,25,50,20
12,6,0.7208055805069109,4.383633353686412e-05,0.2778789466380365,0.0012716365215163859,25,50,20
12,7,0.6487992551556215,3.6602680483655745e-05,0.3511365722203589,2.7569943535343467e-05,25,50,20
12,8,0.6311360582990434,3.6309531443795764e-05,0.3687500847885823,7.754738093106555e-05,25,50,20
12,9,0.49466389380046843,0.004863089646263226,0.5002128094012688,0.00026020715200112743,25,50,20
12,10,0.48103997434848994,3.3901421762482074e-06,0.5186133652018992,0.00034327030743250996,25,50,20
12,11,0.6915682906703473,1.8124685175982525e-05,0.3084001760105697,1.340863390506697e-05,25,50,20
12,12,0.6174368606447518,1.1400796467071275e-05,0.38104396867501356,0.0015077698837684711,25,50,20
12,13,0.6081059239903773,1.003614780013261e-05,0.3900179479463685,0.0018660919154541839,25,50,20
12,14,0.5491475504476979,1.0447995462198055e-05,0.4469540494133325,0.00388795214350875,25,50,20
12,15,0.42655695552038675,6.70285279205653e-06,0.5670257823130972,0.006410559313722478,25,50,20
12,16,0.4723979322293995,6.6034833972215815e-06,0.523364125274819,0.00423133901238324,25,50,20
12,17,0.46737718266892186,0.0024063623848033185,0.49135793059256366,0.03885852435371042,25,50,20
12,18,0.44839273143599023,0.0023302489115866274,0.5104022752403078,0.03887474441211743,25,50,20
12,19,0.5958650800711892,6.807423795445933e-06,0.40409087872549015,3.723377952572286e-05,25,50,20
12,20,0.5850293730287326,6.647215811677946e-06,0.41421341190479716,0.000750567850659069,25,50,20
12,21,0.5566110119986457,6.624320040742709e-06,0.4426320281697992,0.0007503355115152833,25,50,20
12,22,0.6502516033570425,6.4819212397260955e-06,0.34874558831317015,0.000996326408546988,25,50,20
12,23,0.6970147576653722,7.5599722410865744e-06,0.3026757695177555,0.00030191284462941024,25,50,20
12,24,0.6570889716911146,7.941153273302933e-06,0.3425249940690936,0.0003780930865177506,25,50,20
12,25,0.6904891555462832,7.934654899942497e-06,0.309126496167925,0.00037641363089202013,25,50,20
12,26,0.686856156157673,7.922760873638485e-06,0.31135723782285657,0.0017786832585967298,25,50,20
12,27,0.6582735271616059,7.973699549187267e-06,0.34149670236380464,0.00022179677503940076,25,50,20
12,28,0.644970902818455,1.0582771785315496e-05,0.35499110336267564,2.7411047082186185e-05,25,50,20
12,29,0.5582956915047527,1.0565815262703661e-05,0.44102216028441427,0.0006715823955696705,25,50,20
12,30,0.5806612075355513,4.758742840072607e-05,0.4173744372937125,0.001916767742336995,25,50,20
12,31,0.7031685348266727,1.0893096349511588e-05,0.2968000946928679,2.0477384109946758e-05,25,50,20
12,32,0.651865494664824,1.0285559938615352e-05,0.348104784052314,1.943572292345258e-05,25,50,20
12,33,0.5438346997563493,0.00039675814852089256,0.45570781078463163,6.073131049728836e-05,25,50,20
12,34,0.5831234710707013,6.168038900222732e-06,0.41685101764681926,1.9343243580660905e-05,25,50,20
12,35,0.6530460763531926,7.062310965882249e-06,0.34692740439221,1.9456943630432183e-05,25,50,20
12,36,0.6165345696444624,0.00010066710366250453,0.38333893924344337,2.5824008430541264e-05,25,50,20
12,37,0.6109742281948463,0.0001004757982388653,0.3889037673068305,2.1528700083920632e-05,25,50,20
12,38,0.5758430365155376,6.738642233678154e-06,0.42411090089650394,3.932394572293131e-05,25,50,20
12,39,0.5456280860020822,6.761176890592257e-06,0.4543454619096978,1.9690911329170703e-05,25,50,20
12,40,0.5720616646539111,1.2425483026741093e-05,0.42625537261650337,0.0016705372465589574,25,50,20
12,41,0.5869298502103594,6.9528405631902856e-06,0.4113931268125951,0.0016700701364809932,25,50,20
12,42,0.6049708231344371,6.7194382999707435e-06,0.3933520098457858,0.00167044758147632,25,50,20
12,43,0.5773991261197501,6.758264881987866e-06,0.4225845244398841,9.591175484171509e-06,25,50,20
12,44,0.6326002365683131,8.205097356022197e-06,0.367375358950462,1.6199383868296076e-05,25,50,20
12,45,0.6121862263966218,6.9039060944393394e-06,0.38748988533354245,0.0003169843637401993,25,50,20
12,46,0.586496847612948,7.5562385591633626e-06,0.41346944017242804,2.6155976064893057e-05,25,50,20
12,47,0.5873077547537076,6.898373622370947e-06,0.4126685088176652,1.6838055004887964e-05,25,50,20
12,48,0.6172694417795163,8.549466668083424e-06,0.38271166077328284,1.0347980532856393e-05,25,50,20
12,49,0.5421085588278788,7.0017344546194395e-06,0.4578726853578536,1.1754079811088864e-05,25,50,20
12,50,0.6037427074103847,6.903951570348198e-06,0.39608289484453124,0.00016749379351349504,25,50,20
12,51,0.5308157072213829,6.902191809732321e-06,0.46916719930501194,1.0191281796835149e-05,25,50,20
12,52,0.547234999387419,6.895078057777495e-06,0.4527479537293686,1.0151805155803706e-05,25,50,20
12,53,0.5146845074688214,6.962472959058083e-06,0.4852920319293262,1.6498128895708685e-05,25,50,20
12,54,0.5270614645003018,6.96555901256166e-06,0.4729135250875398,1.8044853147458775e-05,25,50,20
12,55,0.5290903937492534,7.01408391131145e-06,0.4708858023507616,1.6789816075283103e-05,25,50,20
12,56,0.5308162326125615,7.01408388999365e-06,0.4691599110781264,1.68422254213178e-05,25,50,20
12,57,0.5365777827812316,7.022997451860565e-06,0.4633983279279787,1.686629333723192e-05,25,50,20
12,58,0.5362578351483727,2.7125170010242767e-05,0.4636981819541813,1.685772743634444e-05,25,50,20
12,59,0.5434465829782996,2.706128745492346e-05,0.4565064000453923,1.9955688852662315e-05,25,50,20
12,60,0.5750574182944073,2.6359780236077454e-05,0.4248401894528774,7.603247247916223e-05,25,50,20
12,61,0.5369792783950045,2.7556214756325992e-05,0.4629292531171732,6.391227306612721e-05,25,50,20
12,62,0.5736167806137881,2.7547297115939788e-05,0.42629178278394236,6.388930515490541e-05,25,50,20
12,63,0.5405105649816654,0.0034498077443106305,0.4559737379195719,6.58893544515174e-05,25,50,20
12,64,0.5665367595707327,0.0034495125538964045,0.4299262425999498,8.748527542145469e-05,25,50,20
12,65,0.566538366753928,0.003449512562716585,0.4299245864700038,8.753421335183921e-05,25,50,20
12,66,0.5408898781902187,0.0034493067084205493,0.45558850891642927,7.230618493194685e-05,25,50,20
12,67,0.5821233520465023,0.003453913353641691,0.41435724905478516,6.54855450703959e-05,25,50,20
12,68,0.5731917075841252,0.0034539148391520085,0.42326529774877847,8.907982794407729e-05,25,50,20
12,69,0.5228766327041082,0.003453864549637005,0.4733832495640889,0.0002862531821671215,25,50,20
12,70,0.4980194487309257,0.0034540840912770086,0.49837154556280633,0.00015492161499059038,25,50,20
12,71,0.4990445696558187,0.003454084091139394,0.49734651538118874,0.00015483087185152368,25,50,20
12,72,0.49928168231342,0.0034741678325980476,0.4970893181519445,0.00015483170203556333,25,50,20
12,73,0.5060076164789797,0.0034735993412928685,0.48887446363939163,0.001644320540333756,25,50,20
12,74,0.537545601172084,5.184103710192822e-05,0.46080090398945905,0.0016016538013553005,25,50,20
12,75,0.5372319325447145,3.2112804913214355e-05,0.46113427737921037,0.0016016772711620502,25,50,20
12,76,0.5009442651746793,3.214186505464996e-05,0.49734359303002607,0.001679999930239233,25,50,20
12,77,0.498784074717263,3.202584861611468e-05,0.49963400719222556,0.0015498922418956387,25,50,20
12,78,0.5053488758718114,7.285442347947056e-05,0.49302901726414283,0.001549252440565496,25,50,20
12,79,0.5442324695484085,7.288362027871031e-05,0.4541457144177841,0.0015489324135284635,25,50,20
12,80,0.5442280561682762,7.252835693628743e-05,0.45415050767376486,0.0015489078010226909,25,50,20
12,81,0.5438999724424107,7.253926074393696e-05,0.45447767567353764,0.0015498126233076015,25,50,20
12,82,0.5342719210512432,7.02416463009915e-05,0.46410763720883536,0.0015502000936211534,25,50,20
12,83,0.545996719930299,6.792906592697664e-05,0.4523857730102624,0.001549577993511785,25,50,20
12,84,0.5540610498355413,6.790199314770967e-05,0.44432151148791754,0.0015495366833945684,25,50,20
12,85,0.5212414891864253,6.793944891515548e-05,0.4771330882429458,0.0015574831217140448,25,50,20
12,86,0.5120397509531783,6.897476324188615e-05,0.4863199223512394,0.0015713519323406408,25,50,20
12,87,0.5044052660579105,6.897870051641295e-05,0.4939544553220396,0.0015712999195344774,25,50,20
12,88,0.5040144093728977,6.834844547382478e-05,0.4942972369162819,0.001620005265347027,25,50,20
12,89,0.5416751724377373,4.7894332986569144e-05,0.45671839615512644,0.0015585370741512839,25,50,20
12,90,0.5359124278732496,4.91504060953942e-05,0.4624792507426465,0.001559170978010454,25,50,20
12,91,0.5225649889878128,4.913193443211352e-05,0.47582678780393756,0.001559091273820091,25,50,20
12,92,0.5138909521073626,4.913350375025962e-05,0.4845008177013497,0.0015590966875389809,25,50,20
12,93,0.5132722674470709,4.9162848392063925e-05,0.4851118616900184,0.0015667080145204278,25,50,20
12,94,0.47511687581614637,4.916296238379419e-05,0.5232672814448852,0.0015666797765875034,25,50,20
12,95,0.4709087424844858,4.9509096260035475e-05,0.5274543582662274,0.0015873901530277538,25,50,20
12,96,0.5014553358472661,5.9735929046911894e-06,0.49695130463889226,0.00158738592093854,25,50,20
12,97,0.48709717899901284,5.702055999046312e-06,0.5113463558896716,0.0015507630553181218,25,50,20
12,98,0.45513704501629876,5.6973887212101556e-06,0.5433271509138016,0.0015301066811804237,25,50,20
12,99,0.49750027516659534,5.686481442668976e-06,0.5009648389935257,0.0015291993584370437,25,50,20
12,100,0.457584397727015,5.698525491471962e-06,0.5408807044692242,0.0015291992782665745,25,50,20
12,101,0.4633189344517451,4.429457752180143e-06,0.5351475204404533,0.0015291156500513833,25,50,20
12,102,0.4667241761815433,4.429947436616083e-06,0.5317422764330378,0.001529117437984878,25,50,20
12,103,0.46679087938745745,4.429696702069713e-06,0.5316738807635943,0.001530810152248165,25,50,20
12,104,0.473155066684322,1.7521262699130627e-05,0.5252918375031999,0.0015355745497781952,25,50,20
12,105,0.47341063120012356,1.926630607249257e-05,0.525033874420448,0.0015362280733550063,25,50,20
12,106,0.46796873273173417,1.9261982890645532e-05,0.5304759944838707,0.0015360108015036772,25,50,20
12,107,0.44953128406316445,2.8173324893711648e-05,0.5489042880236962,0.0015362545882422036,25,50,20
12,108,0.45650964914057135,2.5701522489917065e-05,0.5419119239742343,0.0015527253627029105,25,50,20
12,109,0.4560557674964451,2.161782798899198e-05,0.5423699054801676,0.0015527091953964273,25,50,20
12,110,0.43986539516411066,1.560188149067644e-05,0.5585627439420445,0.0015562590123526314,25,50,20
12,111,0.43856626546163546,1.3766064739692765e-05,0.5598643640569378,0.001555604416685688,25,50,20
12,112,0.4103125782159096,1.3757410213629052e-05,0.5881187563749343,0.001554907998941823,25,50,20
12,113,0.3864747499013126,2.4326415873955613e-07,0.6119768459614414,0.0015481608730852005,25,50,20
12,114,0.4193267407460139,2.3887285277929185e-07,0.5791248548378214,0.001548165543310013,25,50,20
12,115,0.3864537274994592,2.3882972749546964e-07,0.6119978631931402,0.0015481704776711095,25,50,20
12,116,0.4067211684368926,2.6221478687690686e-07,0.5917282719118105,0.0015502974365081156,25,50,20
12,117,0.4196459719913013,4.3953177344862623e-07,0.5788034491889154,0.0015501392880054952,25,50,20
12,118,0.3477177569939945,5.075868148777692e-07,0.6507124499984995,0.0015692854206866586,25,50,20
12,119,0.3482099966516521,5.140814940231621e-07,0.6502188744761616,0.0015706147906885354,25,50,20
12,120,0.34612220655451,4.451867445761323e-07,0.6523262118737014,0.0015511363850398841,25,50,20
12,121,0.34613337153644297,4.4517788717884373e-07,0.6523150466937238,0.0015511365919418272,25,50,20
12,122,0.3461916176709683,4.496135417078861e-07,0.6522567958353723,0.0015511368801137992,25,50,20
12,123,0.3554045755533217,4.50731067671855e-07,0.6425475380685428,0.002047435647063928,25,50,20
12,124,0.3559104906097969,4.507352223359702e-07,0.6420433143102318,0.0020457443447470997,25,50,20
12,125,0.356568699677199,4.5085378156252003e-07,0.6413851040342421,0.0020457454347754065,25,50,20
12,126,0.35410221355230187,4.5191133910604685e-07,0.6438510398086714,0.0020462947276853574,25,50,20
12,127,0.3658598339685713,4.5459854729067056e-07,0.6310831324210217,0.003056579011858711,25,50,20
12,128,0.3544726420099233,4.4647516875039915e-07,0.6434806649716226,0.0020462465432869335,25,50,20
12,129,0.345072630136769,4.453094911372021e-07,0.6245258537031546,0.030401070850583273,25,50,20
12,130,0.3459674973769087,4.448884767918194e-07,0.6236309783819147,0.03040107935269838,25,50,20
12,131,0.4054362587641809,3.9963400100750174e-07,0.5641544429906243,0.03040889861119381,25,50,20
12,132,0.37741460793918663,2.250040107663847e-07,0.592190840554955,0.030394326501847084,25,50,20
12,133,0.37742231973662155,2.2492693624882852e-07,0.5921831296706129,0.030394325665827934,25,50,20
12,134,0.3774317133177232,2.2486339523782414e-07,0.5921737451761951,0.030394316642685024,25,50,20
12,135,0.3901935720850506,2.3054328394781404e-07,0.5793912772377913,0.03041492013387193,25,50,20
12,136,0.40262025568635657,2.3059593947085373e-07,0.5669640578843065,0.03041545583339619,25,50,20
12,137,0.4056019408528359,3.2509563142901435e-07,0.5639806913592165,0.030417042692314104,25,50,20
12,138,0.4055908116909631,1.4652559869838263e-05,0.5639774930593954,0.030417042689770298,25,50,20
12,139,0.40607095397708065,1.4735176813021705e-05,0.5634949022870291,0.030419408559075656,25,50,20
12,140,0.4064663452417857,1.4636867269011184e-05,0.5630996096688232,0.030419408222121684,25,50,20
12,141,0.40647150511564506,1.4636789758915796e-05,0.5630944482116002,0.030419409882996074,25,50,20
12,142,0.36748637661180156,1.4635708970351307e-05,0.6020788120369874,0.030420175642239686,25,50,20
12,143,0.36644214221493626,1.464003060870005e-05,0.6031252168804536,0.030418000874003582,25,50,20
12,144,0.366210215867953,1.4557412411928672e-05,0.6033595754119365,0.0304156513077007,25,50,20
12,145,0.3662020282720373,2.898163136713953e-05,0.6033533390858975,0.030415651010700633,25,50,20
12,146,0.36574701805461446,2.8981736948712245e-05,0.6038083505630084,0.030415649645431836,25,50,20
12,147,0.36006823345060035,2.895782119057415e-05,0.6094890707088887,0.03041373801932445,25,50,20
12,148,0.3856002477215176,2.8954819539315437e-05,0.5854562868427725,0.028914510616175938,25,50,20
12,149,0.3855741399959058,2.8954715496000756e-05,0.5854824062595196,0.028914499029081747,25,50,20
12,150,0.3425955389057693,2.91091539594825e-05,0.6284607662310381,0.028914585709236326,25,50,20
12,151,0.3791707013068465,2.9109161309358078e-05,0.5918856024049863,0.02891458712686049,25,50,20
12,152,0.3788879741110872,2.936309148735633e-05,0.5921680758508198,0.028914586946608475,25,50,20
12,153,0.37962269367423196,2.9359627720087472e-05,0.5914339281821727,0.02891401851587837,25,50,20
12,154,0.37968263009670344,4.92921889590323e-05,0.591354059070801,0.028914018643537126,25,50,20
12,155,0.35759510103958014,4.930645348710802e-05,0.6134794531016589,0.0288761394052712,25,50,20
12,156,0.37176938478917676,4.946517767349545e-05,0.5951686124320459,0.03301253760110319,25,50,20
12,157,0.3504192076037078,4.934539453639717e-05,0.6165196264882121,0.033011820513543726,25,50,20
12,158,0.3511452385551078,4.934534762203249e-05,0.6053852451961269,0.04342017090114297,25,50,20
12,159,0.35059779106126504,4.935368894268749e-05,0.6059326581986443,0.04342019705114817,25,50,20
12,160,0.3879978203264835,4.934035042986574e-05,0.5675617357647432,0.044391103558343935,25,50,20
12,161,0.42441049065467856,4.931542133464858e-05,0.5321177053874959,0.043422488536490944,25,50,20
12,162,0.4492124450346781,4.934590308706185e-05,0.5073177035197949,0.04342050554244061,25,50,20
12,163,0.4488246897323556,4.9350467714309435e-05,0.507705205572486,0.04342075422744407,25,50,20
12,164,0.43946991275824915,4.9343050536375735e-05,0.517060134197507,0.04342060999370752,25,50,20
12,165,0.4387120279596228,4.935203512155658e-05,0.5178182263091659,0.0434203936960899,25,50,20
12,166,0.439120580314029,4.935186793577213e-05,0.5174099071393321,0.0434201606787034,25,50,20
12,167,0.40822452909868945,4.935654115394863e-05,0.5483028512389627,0.04342326312119431,25,50,20
12,168,0.40351835877982717,3.135371743485462e-05,0.5530301320651262,0.043420155437611845,25,50,20
12,169,0.44303681851455345,3.1170091680088334e-05,0.5135118807401899,0.043420130653576264,25,50,20
12,170,0.45445640020828515,3.112286576290596e-05,0.5020925714011498,0.0434199055248018,25,50,20
12,171,0.45571154227199095,3.111128393028061e-05,0.5008387820226786,0.04341856442140022,25,50,20
12,172,0.455298961787882,3.111127678028757e-05,0.5012513630771216,0.04341856385821579,25,50,20
12,173,0.44602424815192715,3.1287312282924096e-05,0.5105222866308021,0.04342217790498806,25,50,20
12,174,0.43776955267668055,3.148805450349672e-05,0.5187790180952546,0.04341994117356144,25,50,20
12,175,0.4318036484519203,3.165357191426981e-05,0.5247435825581036,0.04342111541806179,25,50,20
12,176,0.43526692571727776,3.149679402444545e-05,0.5212524199996654,0.04344915748903243,25,50,20
12,177,0.43458655236605687,3.149667684311394e-05,0.5219327945790085,0.04344915637809165,25,50,20
12,178,0.4399502278996959,3.168404648697945e-05,0.5165688995109589,0.04344918854285864,25,50,20
12,179,0.4273256428620599,3.168382735797772e-05,0.5291939512086141,0.043448722101967256,25,50,20
12,180,0.4272061567013892,3.168383040123344e-05,0.5293134178492478,0.04344874161896164,25,50,20
12,181,0.42708241596153507,0.001117573227521044,0.528351267743688,0.04344874306725712,25,50,20
12,182,0.43083777077226865,0.0011175663124733909,0.5245981394438655,0.04344652347139369,25,50,20
12,183,0.411123594201231,0.0011175685784791738,0.5443326569681094,0.04342618025217943,25,50,20
12,184,0.388353976573542,0.0011175687528064968,0.5671022553476075,0.04342619932604177,25,50,20
12,185,0.3715249702385583,0.001117596976549332,0.5837729543332241,0.04358447845166531,25,50,20
12,186,0.35456058681143154,0.0011175968012083687,0.6007373557952501,0.043584460592103295,25,50,20
12,187,0.3399771449882448,0.0011174313299084423,0.6153221382836804,0.043583285398160046,25,50,20
12,188,0.3395150302129166,0.001117431290087515,0.6157842454819688,0.0435832930150205,25,50,20
12,189,0.33979525902708796,0.0011174306475755264,0.6155040164531482,0.04358329387217868,25,50,20
12,190,0.34001530187884377,0.0011174306568983647,0.6152839737447148,0.04358329371953464,25,50,20
12,191,0.34484954433780407,0.001117430983414161,0.5986561010327985,0.055376923645973776,25,50,20
12,192,0.33165019985634303,0.0011174334142114684,0.6118554261308584,0.05537694059857873,25,50,20
12,193,0.30195352332310316,0.0011174334036921864,0.6415802320331064,0.05534881124008928,25,50,20
12,194,0.3018172359272508,0.0011174351654434775,0.6417165094802811,0.05534881942701613,25,50,20
12,195,0.3018254425139035,0.0011174351618790297,0.6417083027617362,0.055348819562473894,25,50,20
12,196,0.2958266962726922,0.0011174351590950852,0.647707049168906,0.05534881939929903,25,50,20
12,197,0.3061210271434399,0.0011174642972039905,0.6374125029183824,0.055349005640966044,25,50,20
12,198,0.3147063068564031,0.0011172634171330257,0.6288276246035067,0.05534880512294919,25,50,20
12,199,0.3150669945304387,0.0011029507931540716,0.6284812485599967,0.05534880611640445,25,50,20
12,200,0.3150306269536987,0.001102950786972346,0.6285176161095272,0.055348806149795114,25,50,20
12,201,0.30483691065708973,0.0011029507851492836,0.6387113325203592,0.055348806037392874,25,50,20
12,202,0.30484110259245356,0.0011029554186948035,0.6387071358914355,0.05534880609740843,25,50,20
12,203,0.3235707108422239,0.0011029550960602286,0.6317674681034433,0.04355886595826539,25,50,20
12,204,0.3295694437471046,0.0011029553110736027,0.6257687349635339,0.043558865978280396,25,50,20
12,205,0.3292178969850585,0.0011029404709913743,0.6261202975467335,0.04355886499720947,25,50,20
12,206,0.3250617738621511,0.0011029439944345945,0.6302623747680143,0.04357290737539211,25,50,20
12,207,0.3243397359284653,0.0011029439944106633,0.6302620716054349,0.04429524847168339,25,50,20
12,208,0.32433063035417187,0.0011029439914625127,0.6302711771925174,0.044295248461842636,25,50,20
12,209,0.3392502919486888,0.001102979122711106,0.6153437245052591,0.04430300442333574,25,50,20
12,210,0.3392480689452635,0.0011029744892875363,0.615345952200461,0.044303004364983405,25,50,20
12,211,0.3392552107310572,0.001102974488759964,0.6153388105413586,0.04430300423881921,25,50,20
12,212,0.32102860208583955,0.0011031439070634857,0.6335652451728299,0.044303008834261484,25,50,20
12,213,0.3209531409432847,0.0011031456459673114,0.6336403911762776,0.044303322234464655,25,50,20
12,214,0.30654669470814266,0.0011031304056811136,0.6478522208542797,0.04449795403189038,25,50,20
12,215,0.3066156081766469,0.0011033787874069226,0.6477830582989966,0.04449795473694328,25,50,20
12,216,0.30661253972021674,0.001088954646166336,0.6478005509142563,0.04449795471935824,25,50,20
12,217,0.33826511658622443,0.0010889546483984975,0.6161479671003267,0.04449796166504754,25,50,20
12,218,0.3161189184367087,0.001088938271304113,0.6384813752669453,0.044310768025039776,25,50,20
12,219,0.2846867686908195,0.0010889412082845547,0.6699021163045893,0.044322173796306166,25,50,20
12,220,0.283552143669175,0.0010867480597420449,0.6710389353032984,0.044322172967785456,25,50,20
12,221,0.28354818296726153,0.0010867480597249691,0.6710389330921862,0.04432613588082815,25,50,20
12,222,0.2836549268178986,0.001086747094299472,0.6709321320741312,0.04432619401367216,25,50,20
12,223,0.29276470290866907,0.0010865711644487113,0.661823706687817,0.04432501923906658,25,50,20
12,224,0.29275855433935805,0.0010865711657494185,0.6618298552586555,0.04432501923623747,25,50,20
12,225,0.2926367679808144,0.0010865688685844236,0.6619518179790468,0.044324845171556826,25,50,20
12,226,0.29262748004569544,0.0010865688672521872,0.6619609723272886,0.044324978759766064,25,50,20
12,227,0.28948822090476645,0.0010865686837523256,0.6692358985615701,0.040189311849911924,25,50,20
12,228,0.28950452215459804,0.0011071259191545474,0.6691990400746688,0.04018931185157888,25,50,20
12,229,0.28951449299234694,2.1591929609456314e-05,0.6702745749638932,0.04018934011415167,25,50,20
12,230,0.27891830486111535,2.1868886164219344e-05,0.6808707928274923,0.04018903342522903,25,50,20
12,231,0.2788524169335568,2.1873571924034077e-05,0.6809366767738587,0.040189032720659386,25,50,20
12,232,0.2789099348900633,2.2014187970833383e-05,0.6808786462530152,0.040189404668949005,25,50,20
12,233,0.2798941168114477,2.201459211831703e-05,0.6798944620319837,0.04018940656444864,25,50,20
12,234,0.2798941473510725,3.643532233078107e-05,0.6798800106176651,0.04018940670892968,25,50,20
12,235,0.28199639324446085,3.643611872487252e-05,0.677777753484893,0.04018941715192054,25,50,20
12,236,0.28224125216352364,2.2019731570034796e-05,0.6775473106425036,0.04018941746240192,25,50,20
12,237,0.2660010183130699,2.202280066936411e-05,0.6937873937269342,0.04018956515932442,25,50,20
12,238,0.26584159373767824,2.2019871490302585e-05,0.6939582336653234,0.04017815272550565,25,50,20
12,239,0.228763917836519,2.1984753084753197e-05,0.7310473873753256,0.040166710035066444,25,50,20
12,240,0.22921004558477498,2.198041316845869e-05,0.7306012643835945,0.040166709618457766,25,50,20
12,241,0.22204980358112877,2.195130929710164e-05,0.7379198971098809,0.04000834799967984,25,50,20
12,242,0.22160708721233452,2.1951234973244235e-05,0.7383626131428552,0.04000834840982361,25,50,20
12,243,0.22159379024630887,2.130194051400553e-05,0.7383765594066617,0.04000834840650515,25,50,20
12,244,0.22134563523183431,2.1301933704086997e-05,0.7386247148642192,0.04000834797023213,25,50,20
12,245,0.22134959471208682,2.1301933730057728e-05,0.7386247172055173,0.040004386148657395,25,50,20
12,246,0.22150174007592882,2.1301934620222823e-05,0.7384725716475283,0.040004386341915,25,50,20
12,247,0.22120481917960813,2.13018780778379e-05,0.7387694900426225,0.04000438889968465,25,50,20
12,248,0.2210777391991936,2.130188035639587e-05,0.7388965700666684,0.04000438885377445,25,50,20
12,249,0.21102110554783107,2.1301681440779016e-05,0.748953204072862,0.0400043886978578,25,50,20
12,250,0.21170511567643438,2.1301672984254233e-05,0.7482691939508489,0.0400043886997246,25,50,20
12,251,0.21087929804382866,2.130127448575046e-05,0.7490914884949426,0.04000791218673598,25,50,20
12,252,0.2098151151122496,2.1400853415428778e-05,0.7497082509920341,0.04045523304229352,25,50,20
12,253,0.20981120813778617,2.1400853391028564e-05,0.7497082487740181,0.04045914223479732,25,50,20
12,254,0.20946822858928954,2.1407266773322366e-05,0.7500571116443635,0.04045325249957233,25,50,20
12,255,0.21834537565564105,2.140752370710079e-05,0.7411799399027221,0.04045327691792831,25,50,20
12,256,0.2341330551591907,2.1404578582203253e-05,0.7253918667257334,0.04045367353648783,25,50,20
12,257,0.2341400830855303,2.140457869858013e-05,0.7253918786252325,0.040446633710532566,25,50,20
12,258,0.24548117625681173,2.1405494849743426e-05,0.7140543100203773,0.040443108227955084,25,50,20
12,259,0.21079440485041714,2.1405447425061376e-05,0.7487551043072211,0.040429085394933485,25,50,20
12,260,0.21079720624317833,2.140544744209236e-05,0.7487522817296245,0.040429106579752426,25,50,20
12,261,0.2209497390286536,2.112658707656133e-05,0.7385983078397982,0.04043082654446855,25,50,20
12,262,0.19190302112397262,2.34390236017664e-05,0.7673460534819742,0.04072748637044873,25,50,20
12,263,0.19190042946310434,3.531093193514692e-06,0.7673685530785821,0.04072748636511622,25,50,20
12,264,0.16248381181372687,3.530976489118489e-06,0.7967857020120535,0.04072695519772631,25,50,20
12,265,0.161912008238181,3.5274986671858577e-06,0.797357529008579,0.04072693525456839,25,50,20
12,266,0.16192376309337603,3.527504970086104e-06,0.7973457775690781,0.040726931832572,25,50,20
12,267,0.1615180126085766,3.5275003746013256e-06,0.7977515284902953,0.0407269314007498,25,50,20
12,268,0.16151829540965557,3.527498981518995e-06,0.7977512457000466,0.04072693139131212,25,50,20
12,269,0.16752382991330272,1.2131605293593918e-05,0.7917371069641977,0.040726931517202136,25,50,20
12,270,0.16759156301047234,1.2131608351201122e-05,0.7916693732073738,0.040726932173801356,25,50,20
12,271,0.1675837189328839,1.1776088397439566e-05,0.7916776025530013,0.04072690242571378,25,50,20
12,272,0.1675949215543823,0.001261160998254715,0.7902527630646632,0.04089115438269799,25,50,20
12,273,0.15604184874021368,0.001308653990093259,0.8017571543997907,0.04089234286990054,25,50,20
12,274,0.145541796000514,0.0013062392184871436,0.8125566628252059,0.040595301955791384,25,50,20
12,275,0.13401898029509593,0.0013062384474344438,0.8240794557744792,0.040595325482986465,25,50,20
12,276,0.13425657389183857,0.0013062384481016918,0.8238418495630546,0.04059533809700196,25,50,20
12,277,0.13213984334749426,0.0013062388269724895,0.825958609944476,0.04059530788105256,25,50,20
12,278,0.13155582115067657,0.0013061392297927532,0.8269900532264591,0.04014798639306821,25,50,20
12,279,0.13154879571266478,0.001306139229674815,0.8269900412364598,0.040155023821195804,25,50,20
12,280,0.13154886368630195,0.0013061392298684027,0.8269213377335238,0.040223659350303045,25,50,20
12,281,0.11584211227814803,0.001258498251382568,0.8426727944325347,0.040226595037932376,25,50,20
12,282,0.10984990826509261,0.001249894144758225,0.8486736026835167,0.04022659490662779,25,50,20
12,283,0.10340450536407957,0.0012665814784380228,0.8551064667326602,0.040222446424817725,25,50,20
12,284,0.10336647225821251,0.0012665814747211143,0.8551444993831112,0.04022244688395464,25,50,20
12,285,0.10312586729565529,0.00126658772294595,0.8553851107197197,0.04022243426167908,25,50,20
12,286,0.10319336301530806,0.0012809873993770147,0.8553032150262077,0.04022243455911013,25,50,20
12,287,0.10317868938037796,3.160248961526165e-05,0.8567315552828997,0.04005815284711017,25,50,20
12,288,0.10311189584493281,3.1602486943545565e-05,0.8567983494808733,0.040058152187252026,25,50,20
12,289,0.13810199371901352,3.1564445400108205e-05,0.8218082874374544,0.04005815439812622,25,50,20
12,290,0.13803130678754014,1.741356848134894e-05,0.8218931255430629,0.040058154100909876,25,50,20
12,291,0.13810403454878886,1.7164771126178764e-05,0.8218206462844242,0.040058154395655035,25,50,20
12,292,0.13809088467858444,1.7164773687710886e-05,0.8218339297291877,0.040058020818538015,25,50,20
12,293,0.13821251334451312,1.716477586062559e-05,0.8217123013760894,0.040058020503535546,25,50,20
12,294,0.17408445909340842,2.5197784435449248e-05,0.7858322150233328,0.04005812809881656,25,50,20
12,295,0.17360749072164985,2.519787368283273e-05,0.7863091841197627,0.040058127284895446,25,50,20
12,296,0.17365718130909552,2.5197876777306726e-05,0.7862594935128366,0.04005812730128129,25,50,20
12,297,0.16501865641282382,2.519786911540382e-05,0.794898016118782,0.040058129599271665,25,50,20
12,298,0.16020005715353977,2.7725675409092017e-05,0.7997141076147998,0.04005810955624479,25,50,20
12,299,0.16003861735098807,2.771921421218431e-05,0.7998773059210058,0.040056357513792315,25,50,20
12,300,0.16477948370163922,2.5190653701362658e-05,0.7951390136123723,0.04005631203228484,25,50,20
12,301,0.16490134312444094,2.5190655791447446e-05,0.7950171541614948,0.04005631205827154,25,50,20
12,302,0.16491259520242302,2.5190503883087295e-05,0.7950059259685156,0.04005628832517509,25,50,20
12,303,0.16492585084922126,2.5190505047793772e-05,0.7949926698968365,0.040056288748890764,25,50,20
12,304,0.16499888946309274,4.5062998005351175e-05,0.7948997581920798,0.04005628934681923,25,50,20
12,305,0.1649880238681381,5.948629366493979e-05,0.7948962007543323,0.04005628908386195,25,50,20
12,306,0.1649722752887685,5.948619839992314e-05,0.7949119494355511,0.040056289077276555,25,50,20
12,307,0.16497242017758765,5.9491331138893036e-05,0.7949117991103659,0.040056289380903456,25,50,20
12,308,0.1511817995867204,5.9569930401003486e-05,0.8086961985262009,0.040062431956675276,25,50,20
12,309,0.15730407871594282,5.9570029390500674e-05,0.8025739011406102,0.04006245011405468,25,50,20
12,310,0.1573031642257539,4.5399757833604955e-05,0.8025889847753364,0.04006245124107402,25,50,20
12,311,0.15730060869390153,4.539868836075196e-05,0.8025915413990371,0.040062451218700765,25,50,20
12,312,0.13666976812263307,4.5320276186064293e-05,0.8232285966803866,0.0400563149207947,25,50,20
12,313,0.13816790212894114,4.5320278587841686e-05,0.8217304356047285,0.040056341987743244,25,50,20
12,314,0.13817389588278842,4.5320167562649336e-05,0.8217244419611953,0.040056341988454286,25,50,20
12,315,0.1384375861503827,4.53201709546627e-05,0.8214607508219909,0.04005634285667394,25,50,20
12,316,0.1384415930434292,4.506710355059197e-05,0.8214569969849137,0.04005634286811063,25,50,20
12,317,0.13868474276727857,4.5060846263447724e-05,0.8212138532241018,0.04005634316236207,25,50,20
12,318,0.1386816917024142,4.506084624607638e-05,0.821213852943801,0.0400593945075433,25,50,20
12,319,0.13868398616220765,4.523706589483488e-05,0.8212113822720404,0.04005939449986211,25,50,20
12,320,0.1382007421988104,4.5067629559708815e-05,0.8216947920943405,0.04005939807729399,25,50,20
12,321,0.16820845341280122,4.506737524011479e-05,0.7916871060863521,0.04005937312561,25,50,20
12,322,0.16820246299149016,4.506737649628972e-05,0.7916930965158794,0.040059373116137616,25,50,20
12,323,0.16786128694523153,4.506695207824345e-05,0.7920342812201266,0.040059364882567214,25,50,20
12,324,0.16785638010451487,4.489073247814147e-05,0.7920376686149708,0.04006106054803978,25,50,20
12,325,0.17143436363170117,3.685772496523796e-05,0.7884678266836942,0.04006095195964328,25,50,20
12,326,0.1715536620065785,3.6609131428740214e-05,0.7883487767715941,0.040060952090402474,25,50,20
12,327,0.17154030302334283,3.6609118879826604e-05,0.788362135764915,0.04006095209286868,25,50,20
12,328,0.13435073769290468,3.6609017006059594e-05,0.8255517022455807,0.0400609510445142,25,50,20
12,329,0.13423013994844374,3.685404309238648e-05,0.8256720563670021,0.04006094964146742,25,50,20
12,330,0.09681665400857307,3.685405135067283e-05,0.8630855402061289,0.04006095173395065,25,50,20
12,331,0.09681881896963683,3.685413200239645e-05,0.8630833751590815,0.040060951739282424,25,50,20
12,332,0.09531820134313426,3.6857807900644804e-05,0.8645839256648958,0.04006101518406936,25,50,20
12,333,0.09292117963332082,3.685779221621588e-05,0.8669809495493034,0.040061013025159416,25,50,20
12,334,0.09292020987030103,3.685779270857927e-05,0.8669819193118192,0.040061013025171024,25,50,20
12,335,0.0927174117860461,3.685860585375471e-05,0.8671846192777838,0.040061110330315924,25,50,20
12,336,0.09248257648625036,3.6858716418170995e-05,0.8674194546129922,0.04006111018434026,25,50,20
12,337,0.09247847583741536,3.685882405556727e-05,0.8674252508145038,0.04005941452402726,25,50,20
12,338,0.09247109142063874,3.6858713186873644e-05,0.8674326354927183,0.04005941437345804,25,50,20
12,339,0.09247407145601048,3.685871319611791e-05,0.8674326353812019,0.040056434449595196,25,50,20
12,340,0.09241058512148052,3.6858707967718844e-05,0.8674961219983821,0.04005643417217149,25,50,20
12,341,0.09242830409402147,3.685870798469485e-05,0.8674783938902101,0.04005644330778659,25,50,20
12,342,0.09241246414435432,3.68587100396726e-05,0.8674942338309273,0.04005644331467894,25,50,20
12,343,0.08977339800317553,3.6858706252325765e-05,0.8701333007669398,0.04005644252363306,25,50,20
12,344,0.08837180896107412,3.6858710554190687e-05,0.871534906246115,0.04005642608225677,25,50,20
12,345,0.08837712186012643,3.685503429094575e-05,0.8715296875283781,0.040056335577203506,25,50,20
12,346,0.08835979426277048,1.6982541420738593e-05,0.8715668882258276,0.04005633496998144,25,50,20
12,347,0.08830998242101938,1.6988229674584375e-05,0.8716166942539496,0.04005633509535651,25,50,20
12,348,0.08803896410102173,1.6988224699272536e-05,0.8718877137314514,0.040056333942823555,25,50,20
12,349,0.08804188990418782,1.6988117050144033e-05,0.8718847880534258,0.04005633392533453,25,50,20
12,350,0.08682457096764482,2.616557161832411e-07,0.8731188412974745,0.040056326079159585,25,50,20
12,351,0.0870990258882843,2.617160783727673e-07,0.8728443939830308,0.04005631841259783,25,50,20
12,352,0.08767280561553736,5.962849463825997e-07,0.8722702783640802,0.040056319735425686,25,50,20
12,353,0.08750345777957397,3.248518484118313e-07,0.8724398908495017,0.04005632651906556,25,50,20
12,354,0.1126385744984515,3.246313154397735e-07,0.847304771105891,0.040056329764331905,25,50,20
12,355,0.12724087613506346,3.246010299716368e-07,0.8327024726235339,0.040056326640366555,25,50,20
12,356,0.12728360378191134,3.2459952635349073e-07,0.8326597449708322,0.04005632664772404,25,50,20
12,357,0.12693641783771314,2.6146382571522077e-07,0.8330070113022378,0.04005630939621738,25,50,20
12,358,0.13003969987509822,2.6150823501472214e-07,0.8299037276397354,0.04005631097692307,25,50,20
12,359,0.13007461674300058,2.5649419865217733e-07,0.829868816104154,0.04005631065864084,25,50,20
12,360,0.1300853610403257,2.564849497779569e-07,0.829858070964501,0.04005631151021807,25,50,20
12,361,0.13014017968003228,2.564807672305492e-07,0.8298032523269062,0.04005631151229049,25,50,20
12,362,0.13007475884102776,2.5773198467903753e-07,0.8298686717867961,0.040056311640187275,25,50,20
12,363,0.12995714773049788,2.5773129870296425e-07,0.8299862829225233,0.040056311615675265,25,50,20
12,364,0.13078931322521023,6.097231386993178e-07,0.8291537618454599,0.04005631520618662,25,50,20
12,365,0.13078644145672336,9.65288362560865e-07,0.829156278055862,0.04005631519904701,25,50,20
12,366,0.1304097825471338,9.655845904678035e-07,0.8295329363357858,0.04005631553248554,25,50,20
12,367,0.1387950983736502,9.655214943752758e-07,0.821147640159113,0.04005629594573588,25,50,20
12,368,0.1387829963198415,9.655213762453642e-07,0.821159742378217,0.04005629578055899,25,50,20
12,369,0.13815935917382605,9.654282422365834e-07,0.8217833801601868,0.04005629523773907,25,50,20
12,370,0.1693067204760274,1.0091506225037765e-06,0.7906358360681368,0.04005643430520803,25,50,20
12,371,0.1695556679777927,1.1090635821090071e-06,0.7903867793492172,0.040056443609402,25,50,20
12,372,0.16979176909273075,1.109067636301851e-06,0.7901506776660869,0.04005644417354081,25,50,20
12,373,0.16996602406314104,1.109070138188069e-06,0.7899764228442531,0.040056444022462306,25,50,20
12,374,0.1699700096101136,1.1090700673685375e-06,0.7900410728168348,0.03998780850298243,25,50,20
12,375,0.17026083763413827,1.1090736563206198e-06,0.7897502654126259,0.03998778787957765,25,50,20
12,376,0.17002851925465465,1.1090714806305372e-06,0.7899825843490585,0.03998778732480425,25,50,20
12,377,0.16975246670611951,1.0650179892638655e-06,0.7902577527344308,0.03998871554145854,25,50,20
12,378,0.16939115850816455,9.651088043268076e-07,0.7906191696251972,0.03998870675783288,25,50,20
12,379,0.16938978252041736,6.096511827647585e-07,0.7906209010610794,0.03998870676732048,25,50,20
12,380,0.17168799770787607,6.111743677920772e-07,0.7883209621016084,0.03999042901614957,25,50,20
12,381,0.17170523820062444,6.099241657947373e-07,0.7883037229730939,0.03999042890211626,25,50,20
12,382,0.17147978020412377,6.099728992940562e-07,0.7885291713356922,0.039990438487284986,25,50,20
12,383,0.17147585908575178,6.099709941593976e-07,0.7885330924506048,0.039990438492649015,25,50,20
12,384,0.17147983499120156,6.099710371725373e-07,0.7885330957947467,0.039986459243015054,25,50,20
12,385,0.17154663099985862,6.183651545100558e-07,0.788466250771325,0.039986499863662414,25,50,20
12,386,0.1717603609510981,6.175488111193765e-07,0.788252618775589,0.03998640272450204,25,50,20
12,387,0.16946304259833644,6.160256158966951e-07,0.7905516609027629,0.03998468047328481,25,50,20
12,388,0.16967982445843885,6.159747643749633e-07,0.7903348886810501,0.03998467088574639,25,50,20
12,389,0.16972112634290626,6.160207233983903e-07,0.7902935779910252,0.03998467964534487,25,50,20
12,390,0.17032446954556904,9.994069401363406e-07,0.7896898420052826,0.03998468904220724,25,50,20
12,391,0.17037967087379102,9.992955438753043e-07,0.7896346407687916,0.03998468906187351,25,50,20
12,392,0.1703513300347461,9.992977790344552e-07,0.7896629816168538,0.03998468905062137,25,50,20
12,393,0.1703609742101178,9.992944862273612e-07,0.7896533374376418,0.03998468905775431,25,50,20
12,394,0.17036371954996438,9.993576131377589e-07,0.789650591568533,0.03998468952388748,25,50,20
12,395,0.17624088119894454,9.994175517174294e-07,0.7837719794628154,0.03998613992068702,25,50,20
12,396,0.17624395682506702,1.0045848585259096e-06,0.7836555089443383,0.040099529645734766,25,50,20
12,397,0.18261669309991257,1.0045753517062842e-06,0.7772838418945137,0.04009846043022065,25,50,20
12,398,0.18336185459372165,1.0061979000402718e-06,0.7765386645278012,0.040098474680576215,25,50,20
12,399,0.18301732953496663,6.228076936592164e-07,0.7764047805332628,0.04057726712407609,25,50,20
12,400,0.15514975290782743,6.710294769001584e-07,0.8042722075787754,0.040577368483919324,25,50,20
12,401,0.14508747763436694,6.71348931492997e-07,0.8143286558556402,0.04058319516105652,25,50,20
12,402,0.1450176843573959,6.629566986015953e-07,0.8143984960693857,0.04058315661651521,25,50,20
12,403,0.1330504002915699,6.14733007862668e-07,0.8263659022247939,0.04058308275062391,25,50,20
12,404,0.13330009636050305,6.148832829581823e-07,0.8261161597552871,0.04058312900092242,25,50,20
12,405,0.13331421496822984,6.210484502120316e-07,0.826102034979705,0.04058312900360543,25,50,20
12,406,0.133064626282332,2.0880558857773843e-05,0.8263314124913826,0.04058308066741817,25,50,20
12,407,0.13353304672804056,2.088063044808842e-05,0.8258646986320488,0.040581374009451235,25,50,20
12,408,0.13352606973103354,2.0880628437371433e-05,0.8258716750506739,0.04058137458984721,25,50,20
12,409,0.13303909758382107,2.087900613815523e-05,0.8263586627266922,0.04058136068333994,25,50,20
12,410,0.1431035551553874,2.0629553045937512e-05,0.8162944372642521,0.04058137802730771,25,50,20
12,411,0.14324497081057586,2.0629556554998182e-05,0.8161530202314171,0.04058137940144596,25,50,20
12,412,0.14275298367739025,2.0629553208367934e-05,0.8166450080102788,0.04058137875911625,25,50,20
12,413,0.15285333397636677,2.062970156694906e-05,0.806544645323539,0.04058139099852211,25,50,20
12,414,0.1519823390453618,2.027758884890057e-05,0.8074159959200464,0.04058138744573812,25,50,20
12,415,0.1419162039348327,2.027758375608685e-05,0.8174821480029341,0.04058137047847132,25,50,20
12,416,0.1420353827926891,2.027758208602596e-05,0.817841771733506,0.040102567891713445,25,50,20
12,417,0.13658128155113444,2.0277586635188827e-05,0.8232973069655849,0.04010113389664012,25,50,20
12,418,0.13214237988847918,2.0277262218905178e-05,0.8277420377151432,0.0400953051341551,25,50,20
12,419,0.13221513240521213,2.027726478533441e-05,0.8276692847499935,0.04009530558000515,25,50,20
12,420,0.13228748930723844,2.027726880133837e-05,0.8275969279403854,0.04009530548357107,25,50,20
12,421,0.1322197545515385,2.0277264743940704e-05,0.8276646796540438,0.04009528852967145,25,50,20
12,422,0.13174994006198498,2.0277201247384425e-05,0.8281344795903555,0.0400953031464093,25,50,20
12,423,0.13145216429104584,2.0277197570509156e-05,0.8284322559360203,0.04009530257536288,25,50,20
12,424,0.13145288647865327,2.0277248686288575e-05,0.8284315333411796,0.040095302931480885,25,50,20
12,425,0.13139828206350335,2.0277173639211983e-05,0.8284861378385895,0.040095302924273275,25,50,20
12,426,0.13134021277836935,2.028341304414153e-05,0.8285442009111642,0.040095302897428325,25,50,20
12,427,0.13133167736086046,2.0283414026996032e-05,0.8285527068521251,0.040095332372993085,25,50,20
12,428,0.13145234098026073,2.0277182283474928e-05,0.8284320494378106,0.040095332399650664,25,50,20
12,429,0.13127580058238764,2.0277186031776026e-05,0.8286085907736508,0.040095331457934466,25,50,20
12,430,0.130921016188032,2.0277193162759506e-05,0.8289633742377606,0.04009533238105078,25,50,20
12,431,0.13116565022426183,2.0277194319313725e-05,0.8286229223585906,0.040191150222833795,25,50,20
12,432,0.13151002110774251,2.0271093732229602e-05,0.82827855670612,0.04019115109241067,25,50,20
12,433,0.1318539967889424,2.0271477241923663e-05,0.8279345506688577,0.040191181064963534,25,50,20
12,434,0.1315095523270651,2.0277649451995162e-05,0.8282789898163421,0.040191180207146446,25,50,20
12,435,0.13151048409732682,2.027764941845787e-05,0.8282780575359748,0.04019118071728566,25,50,20
12,436,0.09266901497133033,2.0277575691845543e-05,0.8671195187178359,0.04019118873514448,25,50,20
12,437,0.09266282249022309,2.0276245135459424e-05,0.8671257126890515,0.04019118857559355,25,50,20
12,438,0.09583272210376384,2.027625778827257e-05,0.8639525970604472,0.04019440457800069,25,50,20
12,439,0.09571077631085148,2.0276255600361687e-05,0.8242153085718265,0.08005363886172388,25,50,20
12,440,0.09563317991229421,2.0276255051839485e-05,0.8242928998633543,0.08005364396930295,25,50,20
12,441,0.09874198434955311,2.027627007570343e-05,0.8211840766360242,0.08005366274434976,25,50,20
12,442,0.09956728817831158,2.0276300234628107e-05,0.8203587574276086,0.08005367809384921,25,50,20
12,443,0.09962187082871692,0.0008203945091112566,0.8195040565516478,0.0800536781105241,25,50,20
12,444,0.09986417384997959,0.0008001348527579004,0.8192820126041118,0.08005367869315014,25,50,20
12,445,0.09991256599471439,0.0008001287330004388,0.8192336265804084,0.08005367869187925,25,50,20
12,446,0.09985465027290444,1.052123626062179e-08,0.8200916605310883,0.08005367867477363,25,50,20
12,447,0.0997959267775967,1.3494224834721681e-08,0.8201503809908404,0.08005367873734062,25,50,20
12,448,0.0997968911054665,1.3494268307164275e-08,0.8200208361575032,0.08018225924276517,25,50,20
12,449,0.09979004048260703,1.3494233729952958e-08,0.820020833189989,0.08018911283317129,25,50,20
12,450,0.1283165792668486,1.3456651617358915e-08,0.7914943106815651,0.08018909659493709,25,50,20
12,451,0.12831564975234228,1.3456616095291881e-08,0.791494307590506,0.08019002920053801,25,50,20
12,452,0.12829860467368528,2.7809823434798867e-06,0.7915085852742964,0.08019002906967307,25,50,20
12,453,0.1427879584738101,2.780983729506747e-06,0.777019231257072,0.0801900292853834,25,50,20
12,454,0.11884589139694565,2.780983786382701e-06,0.8009612843242898,0.08019004329497091,25,50,20
12,455,0.11569224707430362,2.780990269806372e-06,0.8041181440164721,0.08018682791894756,25,50,20
12,456,0.11558274057012259,2.7810900716594757e-06,0.8042276500379342,0.08018682830186298,25,50,20
12,457,0.15119678129288439,2.7814202358170408e-06,0.7686135223986512,0.08018691488822086,25,50,20
12,458,0.1514303272639456,2.7771444196293014e-06,0.7683799804094417,0.08018691518218762,25,50,20
12,459,0.151364494765586,2.777218268387054e-06,0.7684458131240137,0.08018691489212848,25,50,20
12,460,0.1519024746298105,2.7789224124126645e-06,0.7679078345423288,0.08018691190544552,25,50,20
12,461,0.15197392759797396,2.775830634167844e-06,0.767836384710465,0.08018691186092113,25,50,20
12,462,0.1468827946033212,2.775830672239784e-06,0.7729275318100304,0.0801868977559706,25,50,20
12,463,0.14709459727459098,1.2371524263170131e-07,0.7727183808410569,0.08018689816910378,25,50,20
12,464,0.14709481814676648,1.2815747121436404e-07,0.7727181555216025,0.08018689817415597,25,50,20
12,465,0.17957539646834428,0.004115315357012799,0.73623576125703,0.08007352691760687,25,50,20
12,466,0.21165045823280884,0.004115315507417605,0.7041607182007891,0.0800735080589794,25,50,20
12,467,0.21157529295228286,0.0041153155092099065,0.7042358835060517,0.08007350803245034,25,50,20
12,468,0.22198794995822446,0.004115319340299325,0.693823210332812,0.08007352036866022,25,50,20
12,469,0.2219916028582613,0.004115319338918526,0.6886549005355179,0.0852381772673002,25,50,20
12,470,0.2193926549069358,0.004115319085725315,0.6912539213343821,0.08523810467295354,25,50,20
12,471,0.22288035179316734,0.004115304436780625,0.687766223551424,0.08523812021862508,25,50,20
12,472,0.22287930738527997,0.004115334205551246,0.6877672378233902,0.08523812058577518,25,50,20
12,473,0.2228714253778867,0.02587715916627402,0.6660132950734934,0.0852381203823423,25,50,20
12,474,0.22288041182475588,0.02587715916512563,0.6661001080272344,0.08514232098288167,25,50,20
12,475,0.2226257754281864,0.025877159165096586,0.6663547439613342,0.08514232144538043,25,50,20
12,476,0.22287194186823264,0.02587715916725802,0.6661085473244793,0.08514235164002765,25,50,20
12,477,0.25558696466305086,0.025877158777468053,0.6333935552483614,0.08514232131111546,25,50,20
12,478,0.25982595068518655,0.025877158652986593,0.6291545624415604,0.08514232822026248,25,50,20
12,479,0.27422254899799936,0.026369430380149602,0.6142656919560466,0.08514232866580163,25,50,20
12,480,0.27421775538185655,0.02636943041970667,0.6142699898464677,0.0851428243519671,25,50,20
12,481,0.27389093392419855,0.026369430382605353,0.6145973063064197,0.08514232938677446,25,50,20
12,482,0.2736551999522656,0.026369430456267797,0.6110286430694449,0.08894672652201992,25,50,20
12,483,0.2736481369026267,0.02636943045884057,0.6161987565141143,0.0837836761244162,25,50,20
12,484,0.2597922900306732,0.02628639708562667,0.6301376166703596,0.08378369621333814,25,50,20
12,485,0.2594801529740962,0.02587716316827469,0.6308589997096977,0.08378368414792883,25,50,20
12,486,0.28896689228885636,0.02587715933310345,0.6013722426936648,0.08378370568437138,25,50,20
12,487,0.2858738090132278,0.025877159316961895,0.6044653447945114,0.08378368687529582,25,50,20
12,488,0.2861207244337477,0.025877426021943924,0.6042181622091719,0.08378368733513283,25,50,20
12,489,0.2855806850164158,0.025877425389215267,0.6047470173271653,0.0837948722671995,25,50,20
12,490,0.32149615386141084,0.02587732460512188,0.5688316638141885,0.08379485771927424,25,50,20
12,491,0.3213244785668516,0.025877324602998054,0.569001647009124,0.08379654982101949,25,50,20
12,492,0.3282156116032356,0.025877340034327182,0.5621099858311536,0.08379706253127711,25,50,20
12,493,0.32828512291741463,0.040547312959497005,0.5473705007976681,0.08379706332541602,25,50,20
12,494,0.3095876795617891,0.04054734870759753,0.566067661041526,0.08379731068908187,25,50,20
12,495,0.2710329206041657,0.040547393993992265,0.6041922596809919,0.0842274257208445,25,50,20
12,496,0.27103414728357084,0.040547398441895394,0.604191008002579,0.0842274462719486,25,50,20
12,497,0.27103377999713857,0.040547398364186235,0.6079958026817406,0.08042301895693042,25,50,20
12,498,0.2710994458366536,0.04054739835365393,0.6079301710369628,0.08042298477272503,25,50,20
12,499,0.3082432223860995,0.040547398396635306,0.5707841658157166,0.08042521340154492,25,50,20
12,500,0.2768437685104869,0.04054739832075713,0.6021836337279144,0.08042519944083855,25,50,20
12,501,0.27676750856167753,0.06469411002996896,0.5781131831361064,0.08042519827224252,25,50,20
12,502,0.2765203204066774,0.0646938389606883,0.5783606428125337,0.08042519782009665,25,50,20
12,503,0.2718285268335752,0.06469399632907628,0.5830522893862525,0.08042518745109155,25,50,20
12,504,0.25111477465993315,0.06471386074631201,0.598594418696416,0.08557694589733363,25,50,20
12,505,0.2670703542875688,0.06471386277236432,0.5826492026366917,0.08556658030336951,25,50,20
12,506,0.2670088533516521,0.06471386277189094,0.5827123962186073,0.08556488765784674,25,50,20
12,507,0.2654010373023457,0.06471386277208273,0.5843202122966538,0.08556488762891375,25,50,20
12,508,0.2653969628158047,0.06471386277204697,0.5843242867981099,0.08556488761403422,25,50,20
12,509,0.2738863359990524,0.0647138287239555,0.5758346492366733,0.08556518604031395,25,50,20
12,510,0.2725297497184542,0.06471403364270739,0.577621126400144,0.08513509023868973,25,50,20
12,511,0.2562827795690972,0.06471906440755507,0.592626254422756,0.08637190160058694,25,50,20
12,512,0.23321893034568075,0.06471436841931742,0.6169232531745392,0.0851434480604604,25,50,20
12,513,0.23345391923035347,0.0647143639740546,0.6166882893751574,0.08514342742043082,25,50,20
12,514,0.25285677206475327,0.06469448412803859,0.602457587630394,0.07999115617681053,25,50,20
12,515,0.25284157212154024,0.06469448412814843,0.6024727875516596,0.07999115619864616,25,50,20
12,516,0.24902226925692353,0.06469448589435652,0.6062920774739372,0.07999116737477731,25,50,20
12,517,0.25186185194519806,0.06469448585776882,0.6034547149030485,0.07998894729397975,25,50,20
12,518,0.22486770862769923,0.06469448408726573,0.6304494213504985,0.07998838593453071,25,50,20
12,519,0.19375581747378273,0.06469448275332884,0.6615612650401025,0.07998843473278344,25,50,20
12,520,0.1796453965558366,0.0646944827706684,0.6756716853696325,0.07998843530385873,25,50,20
12,521,0.17970980184388993,0.06469448299543482,0.6756038663036086,0.07999184885706263,25,50,20
12,522,0.17971258669242401,0.06586355551823217,0.6744320089325876,0.07999184885675156,25,50,20
12,523,0.17982647065579754,0.06586355551919901,0.6743181048663922,0.07999186895860406,25,50,20
12,524,0.18051402847073883,0.06586355552734945,0.6736305528002455,0.07999186320166088,25,50,20
12,525,0.18004984014970254,0.06586355181528729,0.640188998960581,0.11389760907442391,25,50,20
12,526,0.16953837952873232,0.06586355959791752,0.6507003124685404,0.11389774840480432,25,50,20
12,527,0.16952808250186013,0.06586355959657791,0.6507106094995346,0.11389774840202396,25,50,20
12,528,0.1689247707306567,0.06586355958977416,0.6512228299234394,0.11398883975612577,25,50,20
12,529,0.16856667943692574,0.06586360004117355,0.6515786963021876,0.113991024219709,25,50,20
12,530,0.16856975185798878,0.06586360004116658,0.6467343921060339,0.11883225599480875,25,50,20
12,531,0.16857181392554302,0.06586359923460457,0.6406523336449461,0.12491225319490447,25,50,20
12,532,0.16856966766506762,0.06586359923460228,0.6454957417422456,0.1200709913580831,25,50,20
12,533,0.16863514041500402,0.06586359923344817,0.6454302692147779,0.12007099113676829,25,50,20
12,534,0.17883164603268958,0.06586359923741411,0.6352337413508453,0.12007101337904437,25,50,20
12,535,0.17882864902954532,0.06586359923741472,0.6352337434445737,0.12007400828845995,25,50,20
12,536,0.17916682240862392,0.06586359923542827,0.6348955900450463,0.12007398831089616,25,50,20
12,537,0.17916386202436804,0.06586656028637983,0.6348955893808145,0.1200739883084326,25,50,20
12,538,0.17916610634340738,0.06586656028639984,0.5949969167654625,0.1599704166047244,25,50,20
12,539,0.17916272097095629,0.08409348347965602,0.5767733791535224,0.15997041639585985,25,50,20
12,540,0.1791296429808668,0.08409348405693043,0.5768098697854499,0.15996700317674808,25,50,20
12,541,0.20337995394112,0.08409348362625037,0.5525596185608547,0.15996694387177005,25,50,20
12,542,0.20389808147222216,0.08409348971171716,0.5520414471576752,0.15996698165838352,25,50,20
12,543,0.20565602824985085,0.08409349004966188,0.5502834811969501,0.15996700050353613,25,50,20
12,544,0.21617125990306146,0.0840934822606401,0.5397683889510295,0.15996686888526707,25,50,20
12,545,0.24328708156434142,0.08409332967127062,0.5126521785882705,0.15996741017611404,25,50,20
12,546,0.23886274032925517,0.08409333099730651,0.5139166850491119,0.1631272436243231,25,50,20
12,547,0.2388657369603848,0.08409333099730493,0.5139166828820623,0.16312424916024498,25,50,20
12,548,0.23840444584573153,0.08409333100303698,0.5143779741568536,0.16312424899437328,25,50,20
12,549,0.23949409658885007,0.08409333020806682,0.5132883237284355,0.1631242494746431,25,50,20
12,550,0.2235389163335968,0.0840933516985557,0.5292442934382282,0.16312343852961392,25,50,20
12,551,0.2235224275668799,0.08409335169616332,0.529353534482379,0.16303068625457495,25,50,20
12,552,0.19110844902802043,0.07997815926739889,0.5658827252443817,0.16303066646019654,25,50,20
12,553,0.19110851925212352,0.07997815926740828,0.56588272594848,0.16303059553198754,25,50,20
12,554,0.19108154313766268,0.07997815927309264,0.565909702078824,0.16303059551041688,25,50,20
12,555,0.19108148970774927,0.07997815927311373,0.5659097555094451,0.1630305955096893,25,50,20
12,556,0.19102057818886384,0.07997815938032957,0.5659706375081854,0.16303062492261866,25,50,20
12,557,0.19102977381921402,0.07997815930295077,0.565961441251104,0.1630306256267287,25,50,20
12,558,0.19102753378198029,0.07997815930242086,0.5659636819928789,0.16303062492271753,25,50,20
12,559,0.19102749851681353,0.07997815930243886,0.5659636828314065,0.16303065934933844,25,50,20
12,560,0.1535995441718102,0.079978159340295,0.6033916367526334,0.16303065973525988,25,50,20
12,561,0.15307770201677529,0.07997815325475843,0.6039135227745164,0.16303062195394932,25,50,20
12,562,0.1910111504188356,0.07997815330470594,0.565980070318722,0.16303062595773568,25,50,20
12,563,0.1910141108141485,0.07997519223305913,0.5659800709925515,0.16303062596024248,25,50,20
12,564,0.18887600409419988,0.07997546219444869,0.5681179092952912,0.16303062441606148,25,50,20
12,565,0.18887430195465016,0.07997546227293052,0.5681196113531137,0.16303062441930663,25,50,20
12,566,0.18887107633688494,0.0799754622729105,0.5680304650670317,0.1631229963231738,25,50,20
12,567,0.1888710769080386,0.07997546227291082,0.5680304651107392,0.1631229957083123,25,50,20
12,568,0.19837906003574696,0.07997612910334019,0.5473174248915688,0.1743273859693449,25,50,20
12,569,0.19837556853128568,0.07997610451324204,0.5473209519535581,0.17432737500191509,25,50,20
12,570,0.20688542439814106,0.07997610429340203,0.5388111135432149,0.17432735776524308,25,50,20
12,571,0.1964569978310262,0.07997610498749794,0.5492394951039767,0.17432740207749944,25,50,20
12,572,0.1964621373904599,0.07997092020239151,0.5492395401790978,0.1743274022280528,25,50,20
12,573,0.19663610107362856,0.07997066990018872,0.5490658536122833,0.1743273754138978,25,50,20
12,574,0.1963989545356739,0.07997066989752985,0.5493030005815527,0.17432737498524062,25,50,20
12,575,0.1861323023415226,0.07997066977943242,0.5595696545017161,0.17432737337732587,25,50,20
12,576,0.1774421076773461,0.07996973473655783,0.5403554798235248,0.20223267776256837,25,50,20
12,577,0.1774491514525976,0.07996973473662977,0.5403554837038018,0.20222563010696804,25,50,20
12,578,0.17633879231021293,0.07996973473034359,0.5414658420699481,0.2022256308894876,25,50,20
12,579,0.19552156786245278,0.08017607538304043,0.5220787285374705,0.20222362821702833,25,50,20
12,580,0.19551638423285667,0.0801760753045426,0.5220839016028029,0.20222363885978997,25,50,20
12,581,0.19551631428934887,0.08017607530453352,0.5220839009219603,0.202223709484151,25,50,20
12,582,0.1955181647910634,0.08017426628678442,0.5220838595837474,0.2022237093383986,25,50,20
12,583,0.19640733217639703,0.08017426637763173,0.5211946919427257,0.20222370950323906,25,50,20
12,584,0.1637010235523038,0.08017426512531804,0.5570608489946858,0.19906386232768378,25,50,20
12,585,0.1640661312278564,0.08017426858508976,0.5566957475440737,0.19906385264297102,25,50,20
12,586,0.17058964042169433,0.08017474470806218,0.5501723042450656,0.19906331062516855,25,50,20
12,587,0.17055095852529134,0.08017430685807034,0.5502113065650154,0.1990634280516137,25,50,20
12,588,0.1802188187312777,0.08017447036438269,0.5405432417957491,0.19906346910858072,25,50,20
12,589,0.18122936827151687,0.0801743068519864,0.5395328978114465,0.19906342706504038,25,50,20
12,590,0.180362301604132,0.08017430505626766,0.5395218443369643,0.19994154900262628,25,50,20
12,591,0.18036233809337812,0.08017430505625044,0.5395218435699758,0.19994151328038787,25,50,20
12,592,0.1803653500117048,0.08017430505625933,0.5395218442260806,0.19993850070594754,25,50,20
12,593,0.18036542021705182,0.08017430505626873,0.539521844922615,0.199938429804058,25,50,20
12,594,0.18037344631425725,0.08017430505825456,0.539513818454064,0.19993843017341806,25,50,20
12,595,0.18014008437189488,0.08017430505088206,0.5397471806925176,0.19993842988469826,25,50,20
12,596,0.17989692994991022,0.08017430504869377,0.5399903368177957,0.19993842818359236,25,50,20
12,597,0.1798928806992816,0.08017430504863012,0.5399903330262671,0.199942481225813,25,50,20
12,598,0.17989295423555535,0.0801743050486507,0.5399902594842316,0.19994248123155325,25,50,20
12,599,0.1798897856660792,0.08017430504872188,0.5399934278936235,0.1999424813915663,25,50,20
12,600,0.17989422594518598,0.08017430505941274,0.5139694835025841,0.22596198549281118,25,50,20
12,601,0.1420221754470685,0.0801743050370916,0.551841537711804,0.2259619818040267,25,50,20
12,602,0.1420299188387129,0.08017446727952202,0.5518328673143568,0.22596274656740029,25,50,20
12,603,0.14226983417239894,0.08017446728079307,0.5515929515334066,0.22596274701339575,25,50,20
12,604,0.17710803316529045,0.08017447847396962,0.5167547414825818,0.22596274687815132,25,50,20
12,605,0.17674590454225833,0.12014193872661892,0.4771494108213485,0.22596274590976947,25,50,20
12,606,0.17674185864085817,0.12014598836301428,0.47714940708881765,0.22596274590730533,25,50,20
12,607,0.17681692132352234,0.12014598837112463,0.4770743069173674,0.22596278338798143,25,50,20
12,608,0.17647377608985054,0.12014571892600548,0.47742608011793325,0.22595442486620637,25,50,20
12,609,0.17394573348677375,0.12014589395612192,0.4799539437938506,0.22595442876324895,25,50,20
12,610,0.17394593029529523,0.12014589395610616,0.47995394673259556,0.22595422901599832,25,50,20
12,611,0.1739449579716161,0.12014589395755332,0.47995491905917365,0.2259542290116528,25,50,20
12,612,0.17340261388652678,0.12014589435985103,0.4804972475166282,0.2259542442369832,25,50,20
12,613,0.17340236460574496,0.12014589435986694,0.48049724458067344,0.2259544964537037,25,50,20
12,614,0.17339931912307613,0.12014589435986726,0.48049724460264914,0.2259575419143986,25,50,20
12,615,0.17339723450786515,0.12016624595132055,0.48047897762909497,0.22595754191171039,25,50,20
12,616,0.1733973571837488,0.12016624595131242,0.4804789781214116,0.2259574187435195,25,50,20
12,617,0.17339136058546795,0.12018662524265356,0.4804646243736828,0.22595738979818794,25,50,20
12,618,0.17338904143075376,0.12018662523197332,0.46649984416256474,0.23992448917470138,25,50,20
12,619,0.1916114784563856,0.11998567812164401,0.4484777383204505,0.23992510510151305,25,50,20
12,620,0.2253445696257673,0.11998567812768494,0.4147446994440913,0.23992505280245108,25,50,20
12,621,0.22520282739298728,0.11998567809871387,0.41488644203071323,0.2399250524775771,25,50,20
12,622,0.2251710577923815,0.11998567816383929,0.41491821154758235,0.2399250524961884,25,50,20
12,623,0.21473841272078809,0.11998563622848964,0.4253510153228002,0.23992493572791332,25,50,20
12,624,0.21473928779385754,0.11998563622848707,0.42535101183706714,0.2399240641405794,25,50,20
12,625,0.21601169817902247,0.11998563644235531,0.4240784442600776,0.2399242211185359,25,50,20
12,626,0.21604414519456883,0.11998557119102578,0.4240460624872487,0.2399242211271476,25,50,20
12,627,0.21790980394415146,0.11998539609663766,0.4221805701255254,0.23992422983367803,25,50,20
12,628,0.2179307985694661,0.11998539603152586,0.42215957488114425,0.23992423051785625,25,50,20
12,629,0.2182876392192276,0.11996554061660264,0.4218209121959264,0.2399259079682348,25,50,20
12,630,0.21829049778764723,0.11996554061657559,0.42182091072031463,0.23992305087545548,25,50,20
12,631,0.2185128395215427,0.11996554062604332,0.4215985527130022,0.23992306713940428,25,50,20
12,632,0.21839138152602758,0.11996501664437524,0.42172221260499027,0.2399213892245996,25,50,20
12,633,0.21817089992247474,0.11996501663490163,0.42194271046962656,0.23992137297298988,25,50,20
12,634,0.2186847143817373,0.11996485961848574,0.42142816490774654,0.23992226109202403,25,50,20
12,635,0.1901143728353491,0.11996485835405175,0.44999850937399105,0.23992225943659928,25,50,20
12,636,0.1903479928175957,0.11996485835416745,0.4499986432120163,0.23968850561621133,25,50,20
12,637,0.1853581062443317,0.11996486492271632,0.454988655833168,0.23968837299977472,25,50,20
12,638,0.18512753710021637,0.11996486498315177,0.45498852674304,0.23991907117358247,25,50,20
12,639,0.1901890164592396,0.11996485828697363,0.44992707846619934,0.23991904678757808,25,50,20
12,640,0.18803229348620157,0.11996485827740418,0.4520838171798445,0.23991903105654014,25,50,20
12,641,0.18820568393106502,0.11996485827860315,0.4520848067661646,0.23974465102415973,25,50,20
12,642,0.18819850409936467,0.11996485828314922,0.45209198673667683,0.23974465088080144,25,50,20
12,643,0.18819647298213102,0.11996485828317503,0.4520919890699329,0.2397466796647537,25,50,20
12,644,0.18802515023373442,0.1199648582819595,0.4520909995702718,0.23991899191402685,25,50,20
12,645,0.18801274641540172,0.11996485828221282,0.4521034027652715,0.23991899253710652,25,50,20
12,646,0.188009713214561,0.11996485828221265,0.4521034047884332,0.2399220237147863,25,50,20
12,647,0.18798786403273385,0.11996485828194917,0.45212525398044884,0.2399220237048614,25,50,20
12,648,0.18798989553875475,0.1199628304045214,0.4521252503564936,0.23992202370022325,25,50,20
12,649,0.15369257961203675,0.11996283056680794,0.48642253964986715,0.23992205017128046,25,50,20
12,650,0.15369480468556296,0.11996283050635588,0.48642254204097696,0.2399198227670963,25,50,20
12,651,0.15369391454673337,0.11996283050638158,0.48642343218635575,0.23991982276052087,25,50,20
12,652,0.15369963358864125,0.11996320444573745,0.4864173390603652,0.23991982290524802,25,50,20
12,653,0.15369658938360753,0.11996320444571867,0.4864173359747933,0.23992287019587258,25,50,20
12,654,0.14563754781120422,0.11996319331352584,0.4944763776066766,0.23992288126858444,25,50,20
12,655,0.14563818235239454,0.1199631932237561,0.49447574315350595,0.23992288127033476,25,50,20
12,656,0.14563529189335053,0.11996608255544772,0.49447574427350083,0.23992288127769204,25,50,20
12,657,0.14058900498824203,0.11996632451933792,0.49949701788613815,0.23994765260627296,25,50,20
12,658,0.11448078090895245,0.1199608905589565,0.5256107155502547,0.23994761298182538,25,50,20
12,659,0.11447508763763814,0.11996051661606351,0.5256167829045368,0.23994761284174917,25,50,20
12,660,0.13247658326895187,0.11996027471212069,0.5076403114333421,0.23992283058557676,25,50,20
12,661,0.11470624783290971,0.11996058206641518,0.5254065017907413,0.23992666830992118,25,50,20
12,662,0.11462610245618166,0.11996058205635446,0.5254866850240065,0.23992663046344553,25,50,20
12,663,0.13458854970438036,0.11996319260664601,0.5055220708101993,0.23992618687876174,25,50,20
12,664,0.13422656802558688,0.11996319526192879,0.5058838341611508,0.23992640255132167,25,50,20
12,665,0.13422352040484242,0.11996319526195538,0.5058838350209061,0.23992944931228635,25,50,20
12,666,0.13423142135310592,0.11996319526199885,0.5058838402100315,0.23992154317485556,25,50,20
12,667,0.13423482613435658,0.1199635447003404,0.5058800856453276,0.23992154351997197,25,50,20
12,668,0.13435235646824842,0.11996354470043723,0.5057625551553209,0.2399215436759893,25,50,20
12,669,0.13489984584212605,0.11996354470426208,0.5052150659142068,0.2399215435394004,25,50,20
12,670,0.13491074243647386,0.11996354470433244,0.5052150719587012,0.23991064090048822,25,50,20
12,671,0.13491243593281665,0.11996354470426715,0.5052150677542708,0.2399089516086404,25,50,20
12,672,0.13488089761553151,0.1199707573115579,0.5052393934844854,0.23990895158841913,25,50,20
12,673,0.1355051973546756,0.119970757341533,0.5046150858431253,0.23990895946066082,25,50,20
12,674,0.13551723061698084,0.11995871179634127,0.5046150981137338,0.23990895947294008,25,50,20
12,675,0.13552447900626255,0.11995871179647592,0.5046151078840991,0.2399017013131575,25,50,20
12,676,0.13552654812717355,0.11995871179643243,0.5046151048049164,0.23989963527147462,25,50,20
12,677,0.13552257012965827,0.11995871179640615,0.504615101911741,0.23990361616219133,25,50,20
12,678,0.13552257124067243,0.11995865555495978,0.5046151570347922,0.23990361616957348,25,50,20
12,679,0.13552267545151284,0.11995859706133839,0.5046151113297196,0.23990361615742706,25,50,20
12,680,0.13551543959169093,0.11995859706120418,0.5046151020556244,0.23991086129147832,25,50,20
12,681,0.13551928732490975,0.11997885322971964,0.5045909981544906,0.23991086129087996,25,50,20
12,682,0.13552228368087818,0.11997885322973716,0.5045909984648905,0.2399078646244941,25,50,20
12,683,0.13551136895168597,0.11997885322964877,0.5045909911164639,0.23991878670220124,25,50,20
12,684,0.13674524237314636,0.11997885500198063,0.503355792880219,0.2399201097446547,25,50,20
12,685,0.1367451873559517,0.1199788550019891,0.5033557929648003,0.2399201646772595,25,50,20
12,686,0.13686202575192663,0.11997164231230233,0.5032461669680371,0.23992016496773413,25,50,20
12,687,0.1363535049727049,0.11997163708638059,0.5037563458312873,0.2399185121096257,25,50,20
12,688,0.136125367371625,0.11997163708344998,0.5039844540207823,0.23991854152414013,25,50,20
12,689,0.13611440154649773,0.11997163708346081,0.5039844480887524,0.23992951328128556,25,50,20
12,690,0.1535352356191243,0.1199713298322894,0.4865677523227081,0.23992568222587454,25,50,20
12,691,0.17622918111645913,0.11997132967478281,0.4638738342310663,0.23992565497768814,25,50,20
12,692,0.17506974408642922,0.11997132964324324,0.4650332476887076,0.23992567858161654,25,50,20
12,693,0.14430356485309534,0.11997132911914513,0.4957994363839577,0.23992566964379677,25,50,20
12,694,0.14434673564469375,0.11997132912138987,0.495756265576028,0.23992566965787465,25,50,20
12,695,0.1443307742999812,0.1199713291233924,0.495772226916931,0.23992566965968248,25,50,20
12,696,0.14432863915260297,0.11997347069923978,0.49577222047893893,0.23992566966920809,25,50,20
12,697,0.14428163316875284,0.11997347758428818,0.49581921944121793,0.2399256698057307,25,50,20
12,698,0.1442786913395253,0.11997347758430527,0.49582216083065694,0.23992567024550152,25,50,20
12,699,0.14428156572217554,0.11997060456822652,0.49582215946910035,0.23992567024048836,25,50,20
12,700,0.11780872991940558,0.11997060486138053,0.5222413203685549,0.2399793448506508,25,50,20
12,701,0.11780673240012973,0.11997259565346802,0.522241327086093,0.2399793448603009,25,50,20
12,702,0.1260863970428704,0.11996998695180144,0.5139635593177534,0.2399800566875665,25,50,20
12,703,0.12608651699265871,0.11996998695176651,0.5139635610639697,0.2399799349915967,25,50,20
12,704,0.12608133819878567,0.11997034253221807,0.5139684140222546,0.2399799052467334,25,50,20
12,705,0.12720380605007342,0.11997034273350722,0.5128459300923253,0.23997992112408556,25,50,20
12,706,0.1272098977863012,0.11997034273408007,0.5128459986178779,0.2399737608617336,25,50,20
12,707,0.1262885853835076,0.11997034096966869,0.5137686115997185,0.23997246204709843,25,50,20
12,708,0.12344932049406929,0.11997040754994337,0.5166078143908625,0.239972457565118,25,50,20
12,709,0.15865107470123052,0.11997047844293979,0.48036528175736637,0.24101316509845738,25,50,20
12,710,0.15866108234851126,0.11997047156473874,0.48035527869381683,0.2410131673929272,25,50,20
12,711,0.15854330094783584,0.11997047164119262,0.480473060317989,0.2410131670929713,25,50,20
12,712,0.1585342664834819,0.1199704716406196,0.4804729917725393,0.2410222701033483,25,50,20
12,713,0.15852604928036468,0.11997047163839712,0.48048124089600125,0.24102223818522428,25,50,20
12,714,0.18381637343387192,0.11997056091227254,0.4551908296012827,0.24102223605256248,25,50,20
12,715,0.18338811505935054,0.11997056090432327,0.4556191123654179,0.24102221167089813,25,50,20
12,716,0.18338712064961954,0.11997156214667663,0.45561910554478274,0.24102221165891077,25,50,20
12,717,0.15478946755113912,0.11997174320169267,0.48420663728156543,0.2410321519655899,25,50,20
12,718,0.1547895054983469,0.11997174320170158,0.48420663545433124,0.24103211584560802,25,50,20
12,719,0.15479151799886096,0.11996973453136985,0.48420663163375827,0.24103211583599993,25,50,20
12,720,0.15479549594962871,0.11996973453140533,0.48420663467226666,0.24102813484668978,25,50,20
12,721,0.15479835207047216,0.11996973453146556,0.4842066409391817,0.24102527245887118,25,50,20
12,722,0.1152421524629858,0.11996973264329304,0.5237638676620224,0.24102424723168858,25,50,20
12,723,0.11525118799595135,0.1199697370909748,0.523754827981125,0.24102424693193697,25,50,20
12,724,0.11801717008240269,0.11996966733513448,0.5220832772672304,0.23992988531521908,25,50,20
12,725,0.11802231199934576,0.1199693118634619,0.5220784602281384,0.23992991590904217,25,50,20
12,726,0.11802036684424971,0.11996931186346325,0.5220804053956752,0.2399299158966003,25,50,20
12,727,0.1125038038137868,0.11996931969471286,0.5275969590951753,0.2399299173963125,25,50,20
12,728,0.11254972030445297,0.11996931970964715,0.5275510337176892,0.23992992626819876,25,50,20
12,729,0.11283572272277242,0.13488270727449767,0.5123518592716788,0.23992971073103941,25,50,20
12,730,0.11283666632833453,0.13488270727948992,0.5123509153582148,0.23992971103394883,25,50,20
12,731,0.12290458524775925,0.13488270730875096,0.5022829955537548,0.23992971188972315,25,50,20
12,732,0.12285644242114876,0.14141529763027064,0.49579856519729126,0.2399296947512774,25,50,20
12,733,0.12256039507763448,0.14141849114652702,0.4960914195717448,0.23992969420407992,25,50,20
12,734,0.12262341889901877,0.1413982352217134,0.4960486512446055,0.23992969463464042,25,50,20
12,735,0.12262376876392984,0.14139823522176911,0.496048655348501,0.23992934066577987,25,50,20
12,736,0.12262079030491163,0.1414012130963762,0.4960486559327881,0.2399293406659057,25,50,20
12,737,0.12625351481525823,0.14139795296201846,0.4924191822909365,0.2399293499317686,25,50,20
12,738,0.11633794209475984,0.14139777188705174,0.5023441728457645,0.23992011317240475,25,50,20
12,739,0.11632596199470673,0.1414097643748634,0.5023441604726253,0.2399201131577891,25,50,20
12,740,0.11632562226067429,0.1414097711482452,0.5023444937806961,0.2399201128103729,25,50,20
12,741,0.11631649598828522,0.14140976670050953,0.5023536242726699,0.23992011303852376,25,50,20
12,742,0.11638334786013876,0.14140941363271511,0.5022871251709784,0.23992011333615632,25,50,20
12,743,0.11632989352394342,0.1414194513328554,0.5023305416751568,0.2399201134680329,25,50,20
12,744,0.11633047159291993,0.1414194513328258,0.5023305409495316,0.23991953612471117,25,50,20
12,745,0.11633264704616575,0.14141945133286515,0.5023305459701531,0.2399173556508043,25,50,20
12,746,0.11633364571704513,0.1414184485803594,0.5023305500470178,0.2399173556555664,25,50,20
12,747,0.11568006817301969,0.1414212649157312,0.5029087329300429,0.23998993398119492,25,50,20
12,748,0.11568006816787038,0.14142126493560708,0.5029087329153186,0.23998993398119273,25,50,20
12,749,0.11455852886224947,0.14142126473284938,0.5040302883013903,0.2399899181034984,25,50,20
12,750,0.11458470801608206,0.14142126471999328,0.5040041110503448,0.23998991621356747,25,50,20
12,751,0.11459568834080544,0.14142126472007285,0.5040041177055764,0.23997892923353606,25,50,20
12,752,0.11459584832109326,0.14142151389956426,0.5040037085449094,0.23997892923442404,25,50,20
12,753,0.1154799674571264,0.14142151390023694,0.5031195892463154,0.23997892939631232,25,50,20
12,754,0.11547802339636283,0.14142151387602342,0.5031215334365327,0.23997892929107006,25,50,20
12,755,0.11547807920405412,0.1414215138774339,0.5031214776223287,0.23997892929617282,25,50,20
12,756,0.11546455949560469,0.14141147302503387,0.503145038582996,0.23997892889635442,25,50,20
12,757,0.11456931292031423,0.1414114730241513,0.5040402853260808,0.23997892872944246,25,50,20
12,758,0.09308407893253101,0.1414114942346715,0.5255246902925552,0.2399797365402309,25,50,20
12,759,0.08328046540727989,0.14141149435554623,0.5353283036459969,0.23997973659116464,25,50,20
12,760,0.08328341060170169,0.14141149435554592,0.5353283036181099,0.23997679142463124,25,50,20
12,761,0.08327934706324508,0.1414114943555009,0.5353282999103101,0.23998085867093277,25,50,20
12,762,0.0832093938746831,0.14141149410984027,0.5353982537801855,0.23998085823528068,25,50,20
12,763,0.08321643137848905,0.14140445281933764,0.5353982575573678,0.23998085824479548,25,50,20
12,764,0.08321645043877661,0.14140445281925001,0.5353982485851358,0.23998084815683005,25,50,20
12,765,0.08322024833421021,0.1414042042428244,0.5353946996423535,0.239980847780604,25,50,20
12,766,0.08321327557878694,0.14140420424278047,0.5353946964940468,0.23998782368438076,25,50,20
12,767,0.08454162916597997,0.1414042041171058,0.5340663437921016,0.23998782292480744,25,50,20
12,768,0.08455353925746578,0.14139228548837685,0.5340663523171911,0.23998782293696092,25,50,20
12,769,0.08453760335501358,0.1414082296872728,0.5340663440255828,0.23998782293212553,25,50,20
12,770,0.0845376009500448,0.14140822968737068,0.5340663540778157,0.23998781528476332,25,50,20
12,771,0.11185691587131043,0.14140822971939318,0.5067470375313643,0.23998781687792575,25,50,20
12,772,0.1119157213571515,0.1414082296158462,0.4667690581244206,0.27990699090257404,25,50,20
12,773,0.11238203203037385,0.1414084063574351,0.46630231225183283,0.2799072493603513,25,50,20
12,774,0.11238203233165839,0.1414084063573372,0.4663023021935183,0.2799072591174788,25,50,20
12,775,0.12255907271024408,0.1414084063583332,0.456125261265432,0.2799072596659838,25,50,20
12,776,0.12255619949424598,0.1414084063583512,0.4561252625773581,0.27991013157003786,25,50,20
12,777,0.12255620064291753,0.1414084063583512,0.45612526254762903,0.27991013045109503,25,50,20
12,778,0.12255925074309262,0.14140840635835134,0.4561252625852643,0.2799070803132845,25,50,20
12,779,0.12256221173002638,0.14140840635839827,0.4561223015958589,0.2799070803157107,25,50,20
12,780,0.12255921308598121,0.14140840635840657,0.45612230167025614,0.27991007888535036,25,50,20
12,781,0.13262323341287638,0.1414084064519824,0.4460582462829239,0.27991011385221454,25,50,20
12,782,0.13262034241748974,0.14140840645198224,0.4460582747681374,0.2799129763623893,25,50,20
12,783,0.14508495478227348,0.14140840658420092,0.43359365617443707,0.27991298245908675,25,50,20
12,784,0.16586416774531665,0.14140838466186958,0.4128152532707825,0.2799121943220292,25,50,20
12,785,0.16665753806029662,0.14140838477277495,0.40621245395832667,0.2857216232086007,25,50,20
12,786,0.16711494220260067,0.14140838477287307,0.40621264972593285,0.28526402329859224,25,50,20
12,787,0.17016037863375785,0.14140576333027544,0.4027314715245693,0.285702386511396,25,50,20
12,788,0.17016027082975774,0.1414057633302016,0.40273146301122975,0.2857025028288077,25,50,20
12,789,0.16049343100800142,0.14140577350650008,0.41239828614405105,0.2857025093414428,25,50,20
12,790,0.16004701705880386,0.1414057735065002,0.41239811033594875,0.2861490990987426,25,50,20
12,791,0.16004309192973026,0.14140577350645642,0.4123981071671705,0.2861530273966386,25,50,20
12,792,0.15980388566409204,0.15994638221708102,0.39409670472226693,0.286153027396556,25,50,20
12,793,0.1598028459986574,0.15994760761159085,0.39409651899810183,0.2861530273916458,25,50,20
12,794,0.15973886273319798,0.15994760760510554,0.3940939198915643,0.2862196097701279,25,50,20
12,795,0.15974107057128667,0.15996170006226518,0.39407761958371046,0.2862196097827319,25,50,20
12,796,0.1737782524239054,0.15996161882099716,0.380040506230933,0.2862196225241591,25,50,20
12,797,0.16371982827645637,0.15996161872644393,0.3900508583635578,0.28626769463353496,25,50,20
12,798,0.16236539479526638,0.1599616187353087,0.3914052915686411,0.28626769490077686,25,50,20
12,799,0.1581242623464904,0.15996161848222099,0.3617212239096522,0.32019289526163436,25,50,20
12,800,0.1581242942527393,0.1599615906650317,0.3617212198375144,0.32019289524471284,25,50,20
12,801,0.15759321141485302,0.15996158056568321,0.362252319836755,0.3201928881827063,25,50,20
12,802,0.15759222997010056,0.1599625650513409,0.3622523168006114,0.3201928881779451,25,50,20
12,803,0.15823176323727306,0.15996255705558501,0.36161280369412374,0.3201928760130167,25,50,20
12,804,0.15879763964824004,0.1599625570892781,0.36109499661650246,0.32014480664597783,25,50,20
12,805,0.15878665033360742,0.1599625570891803,0.36109497672262514,0.32015581585458563,25,50,20
12,806,0.15878458276302243,0.15996255708921583,0.36109501867726634,0.3201578414704941,25,50,20
12,807,0.14793673125688941,0.15996262167803968,0.371941966093827,0.32015868097123873,25,50,20
12,808,0.15333065182764355,0.1599626138895161,0.3665479672012356,0.32015876708159957,25,50,20
12,809,0.15333366622680292,0.15995960107821725,0.3665479656134603,0.3201587670815143,25,50,20
12,810,0.1533335971930863,0.159959601078208,0.36654793640659383,0.3201588653221065,25,50,20
12,811,0.15333561533195442,0.15995960107818125,0.3665478946365881,0.3201568889532709,25,50,20
12,812,0.12551923395412398,0.1599595364508031,0.3943651796912579,0.32015604990380875,25,50,20
12,813,0.1220179262238407,0.15995934135263032,0.3983783347213419,0.31964439770218145,25,50,20
12,814,0.1220178745455803,0.1599593930570264,0.3983783346950814,0.31964439770230635,25,50,20
12,815,0.12201689484022779,0.15996037747787964,0.39837832998416955,0.31964439769771774,25,50,20
12,816,0.12201691113002283,0.15996037747788885,0.3983783307319058,0.31964438066017714,25,50,20
12,817,0.12208669567812193,0.15996038378376534,0.39830853953844303,0.3196443809996634,25,50,20
12,818,0.12208674834935723,0.1599603837837655,0.39830853947446904,0.3196443283924019,25,50,20
12,819,0.12208468267805825,0.15996244567443937,0.3983085432455692,0.319644328401927,25,50,20
12,820,0.12204068987926212,0.15996244566862522,0.3983525360357077,0.3196443284163983,25,50,20
12,821,0.12257782804111725,0.15996244509842975,0.3978154049913703,0.31964432186907576,25,50,20
12,822,0.12200931287252141,0.1846719669689083,0.3736744359966352,0.31964428416193,25,50,20
12,823,0.12206679969327845,0.18465787451022814,0.3736310416588426,0.3196442841376466,25,50,20
12,824,0.12206385503094892,0.184657874510218,0.3736310416074258,0.319647228851405,25,50,20
12,825,0.122004326385381,0.18465786831490455,0.3736905763561465,0.31964722894356556,25,50,20
12,826,0.12201031685040299,0.18465187864480892,0.3736905755660648,0.31964722893872066,25,50,20
12,827,0.12201350486534299,0.18464868957983213,0.37369057661614774,0.3196472289386747,25,50,20
12,828,0.12201054640781767,0.18464868957982308,0.3736905759648204,0.3196501880475369,25,50,20
12,829,0.12200357367161356,0.18465566512543838,0.373690573160129,0.31965018804281725,25,50,20
12,830,0.12200358940563298,0.18465564899037465,0.37369057356113344,0.3196501880428578,25,50,20
12,831,0.12200655406617407,0.18465564899043777,0.37369065096265097,0.31964714598073607,25,50,20
12,832,0.11049814411537077,0.18465564946411658,0.38519909067599967,0.3196471157445111,25,50,20
12,833,0.1104982134886112,0.18465564946413518,0.38519909372910854,0.3196470433181435,25,50,20
12,834,0.10921360262852002,0.18465564947552668,0.38648370478956506,0.31964704310638775,25,50,20
12,835,0.09942684720551867,0.18465566055581537,0.39626926455360506,0.3196482276850607,25,50,20
12,836,0.09943090141605845,0.18467007798904916,0.3962507924768422,0.3196482281180489,25,50,20
12,837,0.09942795176977687,0.18467007798899526,0.3962507157370587,0.319651254504168,25,50,20
12,838,0.09942795265600479,0.18467007798898585,0.3962507133462644,0.319651256008744,25,50,20
12,839,0.09942888193700301,0.18467007798902102,0.3962507163521565,0.3196503237218186,25,50,20
12,840,0.09943175570439744,0.18467007798900337,0.3962507150700457,0.31964745123655286,25,50,20
12,841,0.0989734414979329,0.18467007755996342,0.39670928804528793,0.31964719289681487,25,50,20
12,842,0.09946901144034725,0.1846700774524146,0.396213702664798,0.31964720844244005,25,50,20
12,843,0.07696608125120499,0.18467007684708367,0.4187103596511252,0.3196534822505781,25,50,20
12,844,0.07671538183762751,0.18467007684700648,0.41871010741507364,0.3199044339002853,25,50,20
12,845,0.07671825462688014,0.1846700768469971,0.4187101067428135,0.31990156178330215,25,50,20
12,846,0.07695148771426773,0.184684407191024,0.41846254301631947,0.3199015620783781,25,50,20
12,847,0.07696147185563416,0.1846844071910593,0.41846254608200245,0.31989157487129344,25,50,20
12,848,0.07696544802590563,0.18468440719109416,0.41846254906009583,0.3198875957228938,25,50,20
12,849,0.07696530734493356,0.18468440719106646,0.4184625465945296,0.3198877388694597,25,50,20
12,850,0.07696530858859145,0.18468440719105753,0.41846254647580494,0.31988773774453544,25,50,20
12,851,0.07696238186037735,0.1846844071910666,0.41846254710394976,0.3198906638445956,25,50,20
12,852,0.07696250366127023,0.18468428482329255,0.4184625476709163,0.31989066384451154,25,50,20
12,853,0.07696245041226744,0.1846843377520523,0.4184625479863994,0.31989066384927145,25,50,20
12,854,0.07696341658874654,0.18468433775203738,0.41846256560840717,0.31988968005079954,25,50,20
12,855,0.07695253759819806,0.18468433775198567,0.4184625609108214,0.31990056373898557,25,50,20
12,856,0.07695252161533574,0.18468433775197685,0.418462560249624,0.31990058038305397,25,50,20
12,857,0.07694964981390352,0.18468720944524913,0.418462560362458,0.31990058037837993,25,50,20
12,858,0.07695780892406985,0.18468720936368885,0.41845440162463204,0.3199005800876008,25,50,20
12,859,0.07673981881219862,0.18467287841673882,0.41868672295776205,0.3199005798132925,25,50,20
12,860,0.07706230757663125,0.18467287841680274,0.41836423419122487,0.31990057981533004,25,50,20
12,861,0.07706609201387708,0.18466909212862276,0.418364236034931,0.3199005798225594,25,50,20
12,862,0.08309775365249901,0.18466908518714423,0.4123325800316238,0.319900581128725,25,50,20
12,863,0.08309485910937292,0.18466908518718095,0.4123325826975352,0.31990347300590477,25,50,20
12,864,0.0830948238925161,0.1846690851871988,0.4123325835329616,0.31990350738731926,25,50,20
12,865,0.08310076060056987,0.1846690851872398,0.4123325682680386,0.31989758594414774,25,50,20
12,866,0.08310170640549602,0.18466908518728364,0.41233257192291634,0.31989663648430017,25,50,20
12,867,0.08309478540472398,0.18467600916776558,0.4123325689503918,0.31989663647711486,25,50,20
12,868,0.08309460864097366,0.18467618633872868,0.41233256854326256,0.3198966364770313,25,50,20
12,869,0.0838736817110223,0.18467618635629396,0.41154388934585556,0.3199062425868243,25,50,20
12,870,0.08307032414485108,0.18467618632002566,0.41235685416658724,0.319896635368532,25,50,20
12,871,0.08324163665234492,0.18467620848223734,0.41218551906459616,0.31989663580081557,25,50,20
12,872,0.08323858808756095,0.1846792568990006,0.4121855192126169,0.3198966358008175,25,50,20
12,873,0.08324056832579947,0.18467727027647204,0.4121855255824537,0.3198966358152708,25,50,20
12,874,0.08329734164334873,0.18466310554169688,0.4121429165946573,0.3198966362202912,25,50,20
12,875,0.08298655054935233,0.18466310554163512,0.41245370769529627,0.3198966362137108,25,50,20
12,876,0.08304225385559301,0.1998832794377166,0.3971778305162681,0.3198966361904183,25,50,20
12,877,0.08305316773018227,0.19988327943778786,0.39717783662623674,0.31988571620579015,25,50,20
12,878,0.0833369167963461,0.19959915035873008,0.39717821661017505,0.31988571623474593,25,50,20
12,879,0.0833369177435284,0.1995991503587216,0.39717821601254244,0.3198857158852049,25,50,20
12,880,0.08332513737522078,0.19959915035877912,0.397189996385717,0.31988571588028036,25,50,20
12,881,0.08320053849680477,0.1995991503553949,0.3973145955909917,0.31988571555680645,25,50,20
12,882,0.08319859395429169,0.19960110168148712,0.3973145888195693,0.3198857155446502,25,50,20
12,883,0.08344930155720887,0.19960110189699226,0.39700817650995546,0.31994142003584175,25,50,20
12,884,0.09953853653591109,0.19960110202449363,0.3809189164855944,0.3199414449539994,25,50,20
12,885,0.09954053501245651,0.19960110202445017,0.38091891286346846,0.3199394500996236,25,50,20
12,886,0.0938643726849458,0.19960110200290035,0.38660134281105774,0.3199331825010938,25,50,20
12,887,0.09385752127729949,0.19960110200288347,0.3866013406041329,0.3199400361156821,25,50,20
12,888,0.09386050028428394,0.19960110200289172,0.38660134120021733,0.31993705651260496,25,50,20
12,889,0.09386043021586182,0.19960110200286482,0.38660133925408785,0.3199371285271834,25,50,20
12,890,0.09367812500595436,0.19960110179067403,0.38683930867182226,0.3198814645315478,25,50,20
12,891,0.09367199737125982,0.19960110179062593,0.38684543631886464,0.31988146451924804,25,50,20
12,892,0.09367206712849019,0.19960110179064375,0.3868454375961765,0.3198813934846878,25,50,20
12,893,0.09361964488602131,0.19960084901429057,0.3868981134528574,0.3198813926468275,25,50,20
12,894,0.09333985556016659,0.19988100672875514,0.3868977450739927,0.31988139263708304,25,50,20
12,895,0.09333675068220133,0.1998810068103325,0.38690084972195216,0.31988139278551153,25,50,20
12,896,0.09334070950825764,0.19988100681035828,0.386900852012133,0.3198774316692486,25,50,20
12,897,0.09333769702763961,0.19988100681034013,0.3869008506895721,0.31988044547244554,25,50,20
12,898,0.0933376273537508,0.1998810068103309,0.38690085002676794,0.31988051580914795,25,50,20
12,899,0.09334454715270389,0.1998739483298496,0.3869009887034976,0.31988051581394705,25,50,20
12,900,0.09334980829007244,0.1998741778055849,0.3868954979451126,0.3198805159592275,25,50,20
12,901,0.09352172838414115,0.19987417780442868,0.38672361803956123,0.31988047577186607,25,50,20
12,902,0.09354094911552277,0.19987417780552058,0.38672369249938576,0.3198611805795678,25,50,20
12,903,0.09348293223075588,0.19993229727624517,0.38672358992360556,0.31986118056939,25,50,20
12,904,0.09348485904194753,0.19993036170491962,0.386723598674344,0.3198611805787859,25,50,20
12,905,0.09348973571935369,0.19993054085964468,0.3867185429872802,0.3198611804337151,25,50,20
12,906,0.0934858336393689,0.19993054085962045,0.3867185407808702,0.3198650847201342,25,50,20
12,907,0.09348397495801568,0.19993054085964754,0.3867185925849925,0.31986689159733805,25,50,20
12,908,0.09371752281359948,0.19993054085971987,0.38671868688588135,0.3196332494407928,25,50,20
12,909,0.09371352926243728,0.1999305408596839,0.3867186837978661,0.3196372460800064,25,50,20
12,910,0.09369629476335246,0.19993054086372974,0.3867359183101412,0.3196372460627707,25,50,20
12,911,0.09369831016781227,0.19992852933219865,0.3867359144395525,0.31963724606043054,25,50,20
12,912,0.09368543753875393,0.19992817406522917,0.3867491423382824,0.3196372460577287,25,50,20
12,913,0.07591170179804864,0.19992829948207982,0.404523911979093,0.31963608674076693,25,50,20
12,914,0.07590767226560408,0.1999282994820451,0.4045239090115063,0.31964011924083313,25,50,20
12,915,0.07591266527308962,0.19992331225891818,0.40452390323199405,0.319640119235987,25,50,20
12,916,0.07603076475365914,0.19992331228994373,0.4044058133189051,0.31964010963748096,25,50,20
12,917,0.07602652195084375,0.19992331228891516,0.4044057832684979,0.3196443824917321,25,50,20
12,918,0.09561989646063643,0.19992318368325676,0.38481251225393065,0.31964440760216906,25,50,20
12,919,0.09770313068785001,0.19992318255955246,0.38272934677633635,0.31964433997625435,25,50,20
12,920,0.09769915573661934,0.1999271604747039,0.3827293438169637,0.31964433997170616,25,50,20
12,921,0.09624484342489392,0.19992716051068815,0.38413734680521855,0.31969064925919227,25,50,20
12,922,0.09624282840311241,0.1999291725356697,0.38413734979726066,0.31969064926395047,25,50,20
12,923,0.09624259824484332,0.19992917253565778,0.3841373010965979,0.31969092812289474,25,50,20
12,924,0.09632508381103731,0.19992917253797998,0.3840548136440446,0.31969093000693044,25,50,20
12,925,0.09581927350540223,0.19992917253496575,0.3845606399322645,0.3196909140273592,25,50,20
12,926,0.09581230201693376,0.1999362827631438,0.3845605011995664,0.31969091402034816,25,50,20
12,927,0.09581235343451208,0.19993623151958462,0.38456050102567446,0.31969091402022093,25,50,20
12,928,0.09581333438390194,0.19993524760344872,0.3845605039852817,0.31969091402736,25,50,20
12,929,0.09558267884630002,0.19993524760333992,0.3845604070050132,0.3199216665453394,25,50,20
12,930,0.07977261626540601,0.1999352475063877,0.4003704903324172,0.3199216458957778,25,50,20
12,931,0.07976963567485773,0.19993822754254054,0.400370490886942,0.31992164589564853,25,50,20
12,932,0.07988344015519507,0.19993822753738383,0.40025628293898,0.31992204936842983,25,50,20
12,933,0.079648302341696,0.19993798464030127,0.4004916633956956,0.3199220496222954,25,50,20
12,934,0.079652261785046,0.1999379846403269,0.4004916656941557,0.31991808788046006,25,50,20
12,935,0.0796524018958437,0.19993798444002484,0.40049152577634906,0.31991808788777143,25,50,20
12,936,0.07964954804825325,0.19993798444000854,0.40049437961640144,0.31991808789532583,25,50,20
12,937,0.07965059238449937,0.19993686034691036,0.40049445936813505,0.31991808790044446,25,50,20
12,938,0.07957914280312983,0.19993686034457142,0.4005659108518605,0.3199180860004274,25,50,20
12,939,0.07957218724712858,0.19993686034452776,0.4005659082257795,0.31992504418255324,25,50,20
12,940,0.0795670377258978,0.1999368604294662,0.4005710760292295,0.31992502581539556,25,50,20
12,941,0.07955277409854561,0.1999368604294868,0.4005853396538056,0.31992502581815074,25,50,20
12,942,0.07955369179439191,0.19993601348850656,0.40058526888225143,0.31992502583483906,25,50,20
12,943,0.07955365847229827,0.1999360134885244,0.40058528266898963,0.31992504537017924,25,50,20
12,944,0.07956460753877079,0.19992505875680142,0.4005852883222991,0.3199250453821203,25,50,20
12,945,0.07956455960941546,0.19992505875680336,0.4005852902507377,0.31992509138303654,25,50,20
12,946,0.0795645599612273,0.19992505875681243,0.4005852913901795,0.31992508989177404,25,50,20
12,947,0.09575757789853112,0.19992505892380702,0.38439227248432883,0.3199250906933282,25,50,20
12,948,0.09581550380546426,0.20095412264718834,0.3833052828402053,0.31992509070713643,25,50,20
12,949,0.09546866006408664,0.20095412261667026,0.3836521308810553,0.31992508643818035,25,50,20
12,950,0.07930726906803659,0.2009596966102105,0.39980794860887026,0.31992508571287465,25,50,20
12,951,0.07930035112263886,0.2009596966101761,0.39980794561511224,0.31993200665206656,25,50,20
12,952,0.07930035018715394,0.20095969661017588,0.3998079455803458,0.31993200762232027,25,50,20
12,953,0.07967618839285164,0.20095969662113938,0.3994321052662288,0.3199320097197768,25,50,20
12,954,0.07967520715712675,0.2009606810244206,0.39943210210581326,0.3199320097126356,25,50,20
12,955,0.07964251601732646,0.20175580799560794,0.3986696663333175,0.31993200965374435,25,50,20
12,956,0.07964653955111752,0.2017558079973018,0.39866564278985345,0.3199320096617237,25,50,20
12,957,0.08009953708671493,0.2017558079995234,0.39866591726469186,0.3194787376490665,25,50,20
12,958,0.08010678638600142,0.20175579926017007,0.39865867751923434,0.3194787368345917,25,50,20
12,959,0.08010391170989413,0.2017557992601788,0.3986586781538142,0.3194816108761102,25,50,20
12,960,0.0800960112961308,0.20176370541085017,0.39865867242884645,0.3194816108641703,25,50,20
12,961,0.08009303244679067,0.20176370541082292,0.3986586579674799,0.3194846041749042,25,50,20
12,962,0.08009401374711352,0.20176273290991084,0.3986586491875373,0.319484604155436,25,50,20
12,963,0.08006150224942454,0.20176273296782374,0.39869160887012073,0.3194841559126285,25,50,20
12,964,0.08005857797980273,0.20176555502986504,0.3986917110799976,0.3194841559103322,25,50,20
12,965,0.08052148753939971,0.20176555503210267,0.39822880122158144,0.3194841562069144,25,50,20
12,966,0.08056455281788438,0.20176557068849665,0.3981857432280529,0.3194841332655644,25,50,20
12,967,0.0805666197729153,0.20176350687185746,0.3981857400967595,0.31948413325846514,25,50,20
12,968,0.08056655047819611,0.2017635764416849,0.3981857398192691,0.31948413326084724,25,50,20
12,969,0.0805665486333007,0.2017636797967241,0.3981856383043651,0.31948413326560715,25,50,20
12,970,0.08056667188145719,0.2017635558923782,0.39818563896042775,0.3194841332657343,25,50,20
12,971,0.08056673961148215,0.2017635558923868,0.39818563961042513,0.31948406488570325,25,50,20
12,972,0.08068619291456519,0.2017635558928456,0.3980661860106208,0.3194840651819652,25,50,20
12,973,0.08068930696278079,0.20176355589283543,0.3980661844578824,0.31948095268649773,25,50,20
12,974,0.08081264492186117,0.20176355589498687,0.3980664661204898,0.31935733306265845,25,50,20
12,975,0.0808127359375573,0.20286715941723993,0.3969627715826248,0.3193573330625748,25,50,20
12,976,0.08081273749368374,0.20286715791030965,0.39696277153351384,0.31935733306248953,25,50,20
12,977,0.08081561432416351,0.20286715791030044,0.39696277087710874,0.31935445688842407,25,50,20
12,978,0.08057986618153945,0.2028671578998406,0.39719852096844765,0.31935445495016795,25,50,20
12,979,0.08045713334538263,0.20286715790860313,0.397321253786028,0.31935445495998227,25,50,20
12,980,0.08045615268406069,0.2028681507741481,0.397321241601021,0.31935445494076825,25,50,20
12,981,0.11858916613519764,0.20206746135494552,0.3599889167338701,0.3193544557759831,25,50,20
12,982,0.11858317915174613,0.20206744552346495,0.35999492049098447,0.3193544548338007,25,50,20
12,983,0.11858307515718325,0.20206744552352757,0.3599949211777939,0.3193545581414918,25,50,20
12,984,0.10238888556915077,0.20206818737419074,0.3761667980648128,0.31937612899184226,25,50,20
12,985,0.10238893566520701,0.20206818737418264,0.37616679795026636,0.31937607901034076,25,50,20
12,986,0.10424246116069494,0.20206817566434887,0.3743132845702856,0.3193760786046673,25,50,20
12,987,0.10423953381902894,0.2020681756643578,0.37431328525105245,0.31937900526555824,25,50,20
12,988,0.10423947949033628,0.20206823024107431,0.37431328500307287,0.31937900526551416,25,50,20
12,989,0.10426955748545988,0.20096462672099236,0.37538681047921274,0.31937900531433344,25,50,20
12,990,0.10434645841687279,0.20096462672149218,0.375309909602475,0.3193790052591589,25,50,20
12,991,0.10434653004951493,0.20096462672149173,0.3753099111456265,0.3193789320833656,25,50,20
12,992,0.10431343506483923,0.20096462672485083,0.3753430061509478,0.3193789320593608,25,50,20
12,993,0.10384852627850341,0.20096462672255774,0.3753426881843756,0.3198441588145624,25,50,20
12,994,0.10714491043495161,0.20096494324166517,0.3720455294601701,0.3198446168632118,25,50,20
12,995,0.10701511454456414,0.20096494324277983,0.3721753253594685,0.319844616853185,25,50,20
12,996,0.14323476016339307,0.2009649432466549,0.3359556792409761,0.31984461734897496,25,50,20
12,997,0.14648828502496167,0.20096494335447176,0.33270215425537797,0.3198446173651875,25,50,20
12,998,0.1464991815970174,0.20096494335454196,0.33270216026482297,0.31983371478361655,25,50,20
12,999,0.1463664994024094,0.20096494335592582,0.33283484246495965,0.3198337147767044,25,50,20
12,1000,0.1463694794081113,0.20096494335593437,0.3328348420746102,0.31983073516134297,25,50,20
12,1001,0.14636641437118247,0.200964943355943,0.332834840671737,0.3198338016011363,25,50,20
12,1002,0.14624304122276388,0.2009649433538008,0.3328345597262218,0.31995745569721207,25,50,20
12,1003,0.15000086161785042,0.2009649433481968,0.3290767399966898,0.319957455037261,25,50,20
12,1004,0.14999798787604685,0.20096781666537494,0.3290767404213124,0.3199574550372638,25,50,20
12,1005,0.14999370890576672,0.20096781666279664,0.329081019796416,0.31995745463501857,25,50,20
12,1006,0.14987984813604519,0.20096781663177643,0.32919488071081476,0.3199574545213631,25,50,20
12,1007,0.14988289690878123,0.20096476759737214,0.32919488097252453,0.3199574545213216,25,50,20
12,1008,0.1498868732723732,0.20096476759744303,0.3291948878798121,0.3199534712503712,25,50,20
12,1009,0.1498947249575797,0.20095691044032576,0.3291948933421987,0.3199534712598954,25,50,20
12,1010,0.1462613489798602,0.20095660004485555,0.33282903808483455,0.3199530128904491,25,50,20
12,1011,0.1462649972622223,0.2009565939121425,0.33282539593542976,0.3199530128902047,25,50,20
12,1012,0.14625969687180906,0.2009565938305931,0.33283069655596764,0.3199530127416271,25,50,20
12,1013,0.14624681344084586,0.20095659386182307,0.33284357994137537,0.3199530127559528,25,50,20
12,1014,0.14624974076871322,0.200953667359194,0.3328435791207292,0.31995301275136057,25,50,20
12,1015,0.14624581850894067,0.20095366735911455,0.33284357210024007,0.3199569420317014,25,50,20
12,1016,0.14624378564786947,0.20095366735909523,0.33284357402138903,0.3199589729716429,25,50,20
12,1017,0.1462358289452639,0.2009616293631025,0.3328435687247082,0.3199589729669218,25,50,20
12,1018,0.14623570904435876,0.2009616293631305,0.3328435679222475,0.31995909367026015,25,50,20
12,1019,0.14618329732613244,0.20096162935970477,0.3328959798675016,0.31995909344665824,25,50,20
12,1020,0.14616897346584845,0.2009616293592115,0.332908478502831,0.31996091867210597,25,50,20
12,1021,0.14617203768855638,0.2009616293592029,0.3329084793545911,0.3199578535976468,25,50,20
12,1022,0.14291972290292854,0.20096162924877892,0.3361607942817467,0.31995785356654494,25,50,20
12,1023,0.14333084539637236,0.199932569987233,0.33677873048631624,0.31995785413007677,25,50,20
12,1024,0.14332986442853185,0.19993256998718947,0.3367787273719628,0.3199588382123145,25,50,20
12,1025,0.14332681525414587,0.19993256998718983,0.33677872738388376,0.31996188737477943,25,50,20
12,1026,0.15824468128437646,0.19993182835367576,0.3218822703486734,0.3199412200132727,25,50,20
12,1027,0.15823376778161072,0.1999318283535963,0.3218822636456394,0.31995214021915147,25,50,20
12,1028,0.158230788091109,0.1999348069983744,0.321882264691532,0.3199521402189828,25,50,20
12,1029,0.15823190789641703,0.2246468403793449,0.2971691115052597,0.31995214021897683,25,50,20
12,1030,0.15846662234061312,0.22464684038398286,0.296935328139846,0.3199512091355569,25,50,20
12,1031,0.15846459622463477,0.2246488608881183,0.29693533373718034,0.31995120915006536,25,50,20
12,1032,0.1584755452265675,0.22463790599156824,0.2969353396222789,0.319951209159584,25,50,20
12,1033,0.15846757471828565,0.22464588351814818,0.2969353326135423,0.31995120915002245,25,50,20
12,1034,0.15847771915344258,0.2246356445922098,0.2969354269537998,0.31995120930054644,25,50,20
12,1035,0.12267788483781208,0.22463623701476357,0.33273273994024904,0.3199531382071736,25,50,20
12,1036,0.12268088081801483,0.22463623701477237,0.33273274008678627,0.3199501420804252,25,50,20
12,1037,0.12267874173464371,0.2246362370148069,0.33273274204561054,0.31995227920493774,25,50,20
12,1038,0.122688720867814,0.22462625807591802,0.33273274186112106,0.31995227919514585,25,50,20
12,1039,0.12246711203713706,0.2246262536151319,0.3329543555645651,0.31995227878316557,25,50,20
12,1040,0.12246925116296711,0.2246262536150978,0.33295435314586075,0.31995014207607403,25,50,20
12,1041,0.12248016488789026,0.2246262536151596,0.33295435907990556,0.3199392224170443,25,50,20
12,1042,0.12247083420544325,0.22462625361371721,0.3329636897811474,0.31993922239969347,25,50,20
12,1043,0.12190908582893417,0.22462625616864387,0.3335253995594158,0.3199392584430073,25,50,20
12,1044,0.11926051559065759,0.2246256635750842,0.33617739535531976,0.31993642547893925,25,50,20
12,1045,0.11927170208369019,0.22462566357876057,0.3361662087004406,0.31993642563710784,25,50,20
12,1046,0.11931865003041629,0.22462566365284942,0.33611926082781757,0.31993642548891765,25,50,20
12,1047,0.1193157238993166,0.22462566365286724,0.3361192621171529,0.31993935033066384,25,50,20
12,1048,0.11931049976361388,0.23989928385236334,0.3208508660487265,0.31993935033529697,25,50,20
12,1049,0.1193872747718236,0.23982221724862413,0.3208511573345166,0.31993935064503637,25,50,20
12,1050,0.11939119849549826,0.23982221724867653,0.3208511606015028,0.31993542365432315,25,50,20
12,1051,0.1193882026933955,0.23982534670599512,0.3208510269510931,0.31993542364951705,25,50,20
12,1052,0.11931228893877785,0.23990154852882067,0.3208507391879473,0.31993542334445485,25,50,20
12,1053,0.12076910014378164,0.23990154848731357,0.31944023796084353,0.319889113408062,25,50,20
12,1054,0.12071415775916085,0.23990155285068682,0.3194951759846618,0.31988911340549037,25,50,20
12,1055,0.11611855473451473,0.23990155285173131,0.32409077742746684,0.31988911498628714,25,50,20
12,1056,0.11616347368734332,0.2398566513717914,0.3240907600926621,0.3198891148482045,25,50,20
12,1057,0.1161594809940189,0.23985665137176512,0.3240907571855135,0.31989311044870394,25,50,20
12,1058,0.11615178184219793,0.2398643555822916,0.32409075213623495,0.31989311043927704,25,50,20
12,1059,0.11590846769589543,0.23986436291740523,0.3243340471156324,0.31989312227106803,25,50,20
12,1060,0.11590841386297007,0.23986436291737878,0.32433404620926753,0.319893177010385,25,50,20
12,1061,0.11590841509539178,0.239864361356708,0.32433404653755504,0.3198931770103462,25,50,20
12,1062,0.1159114101792515,0.2398643613567167,0.3243340466658532,0.3198901817981794,25,50,20
12,1063,0.11591055040418106,0.23986436135673767,0.3243340457522181,0.31989104248686434,25,50,20
12,1064,0.11590853384539646,0.239866374515265,0.3243340491500916,0.31989104248924766,25,50,20
12,1065,0.1159114606059488,0.23986637451520104,0.3243340449351,0.31988811994375094,25,50,20
12,1066,0.11591150940208861,0.23986637451517295,0.3243340447068194,0.31988807137591957,25,50,20
12,1067,0.11615282103114803,0.23986637451925508,0.3240927326401702,0.31988807180942747,25,50,20
12,1068,0.1161497893498721,0.23986637451925477,0.3240927336390426,0.3198911024918314,25,50,20
12,1069,0.11638756285277385,0.23986637015837853,0.3238549640487133,0.3198911029401356,25,50,20
12,1070,0.1161549014748346,0.23986637015497336,0.32408851958567225,0.3198902087845196,25,50,20
12,1071,0.11615190431553538,0.23986936768888456,0.3240885192109757,0.3198902087846042,25,50,20
12,1072,0.11614787389156589,0.23986936768885012,0.3240885162169155,0.319894242202669,25,50,20
12,1073,0.11614487859386508,0.23986936768885872,0.32408851635374375,0.3198972373635329,25,50,20
12,1074,0.11614783834191007,0.2398693676888681,0.3240885170574992,0.3198942769117231,25,50,20
12,1075,0.1161721009793191,0.23986936769147216,0.3240642527751378,0.3198942785540714,25,50,20
12,1076,0.11617413637220687,0.23986733468337204,0.32406425039260073,0.31989427855182084,25,50,20
12,1077,0.11617317198437155,0.23986830208368506,0.3240642473848026,0.31989427854714114,25,50,20
12,1078,0.11617313435562618,0.2398683020836768,0.32406424774515685,0.31989431581554084,25,50,20
12,1079,0.115927672984765,0.23986830215725494,0.32430970919339386,0.31989431566458665,25,50,20
12,1080,0.11592765753166123,0.23986830215724542,0.32430970848456553,0.31989433182652816,25,50,20
12,1081,0.11593261609566224,0.23986331127411442,0.32430974079132463,0.31989433183889876,25,50,20
12,1082,0.11593265181232075,0.23986327616505748,0.32430974018376335,0.31989433183885807,25,50,20
12,1083,0.09758045597676719,0.23986348779360578,0.34265872764922733,0.3198973285803987,25,50,20
12,1084,0.09734652399894336,0.23986373525690646,0.34289241259997894,0.3198973281441698,25,50,20
12,1085,0.08991164331962914,0.2398637369165195,0.3503229386763897,0.3199016810874598,25,50,20
12,1086,0.08991462547602183,0.23986373691652793,0.35032293832357214,0.3198986992838763,25,50,20
12,1087,0.08417757247444099,0.2398637352256859,0.35606434597307135,0.3198943463268,25,50,20
12,1088,0.09424841404494944,0.2398637352303158,0.3459935033578086,0.319894347366922,25,50,20
12,1089,0.09424837933825224,0.23986373523029736,0.3459935019585235,0.31989438347292337,25,50,20
12,1090,0.09419131962247657,0.239920868441801,0.3459934284704324,0.31989438346528604,25,50,20
12,1091,0.09418314654120702,0.2399290750917279,0.34599339491427794,0.3198943834527836,25,50,20
12,1092,0.09398294495152275,0.23992907732760535,0.346193593730184,0.31989438399068404,25,50,20
12,1093,0.09398387395389811,0.23992814498475645,0.3461935970635174,0.31989438399782416,25,50,20
12,1094,0.09398093058892229,0.23992814498475645,0.34619359706554226,0.3198973273607752,25,50,20
12,1095,0.08391513793161604,0.23992814498069823,0.3562593906193638,0.31989732646831825,25,50,20
12,1096,0.08390865995623517,0.23992814499226525,0.3562658672514385,0.3198973278000574,25,50,20
12,1097,0.08397550049604523,0.2399281449944561,0.35626605385126164,0.31983030065823354,25,50,20
12,1098,0.08397853211608497,0.23992814499445586,0.3562660532840233,0.31982726960543256,25,50,20
12,1099,0.08398161533641808,0.2399281449944746,0.35626605465804384,0.31982418501106,25,50,20
12,1100,0.08398156275913722,0.23992814499448337,0.35626605483495283,0.31982423741142313,25,50,20
12,1101,0.08398149264218949,0.23992814499447396,0.3562660541407384,0.3198243082225946,25,50,20
12,1102,0.08398144264044656,0.23992814499450993,0.356266056776268,0.31982435558877204,25,50,20
12,1103,0.08423880690219543,0.2396706882348477,0.3562661492401192,0.31982435562283407,25,50,20
12,1104,0.08423899712124153,0.2396706882348397,0.356266151168655,0.3198241634752604,25,50,20
12,1105,0.08423502255440901,0.23967068823480464,0.3562661485957554,0.3198281406150285,25,50,20
12,1106,0.08422799009861776,0.23967044069257828,0.3562734286132558,0.3198281405955465,25,50,20
12,1107,0.08423093377164957,0.23966749707069032,0.3562734285622014,0.3198281405954577,25,50,20
12,1108,0.0846871033494236,0.23966749707284174,0.35627368376101126,0.3193717158167224,25,50,20
12,1109,0.08468694568012411,0.23966749707286847,0.3562737990526216,0.3193717581943847,25,50,20
12,1110,0.08469317422561795,0.23966749707295978,0.35627380748602155,0.31936552121539946,25,50,20
12,1111,0.08423703960131736,0.23966749707084467,0.3562735549146538,0.319821908413183,25,50,20
12,1112,0.12401709662868239,0.23966748970941854,0.3164935134246401,0.31982190023725726,25,50,20
12,1113,0.1240170756315983,0.23966751228006516,0.31649351185354546,0.31982190023478974,25,50,20
12,1114,0.13669903531215571,0.23966751231341896,0.30381155169610413,0.3198219006783199,25,50,20
12,1115,0.13670325763593127,0.23966751231350877,0.303811555378972,0.31981767467158667,25,50,20
12,1116,0.13677332427645722,0.2396675326801226,0.30368367293714726,0.31987547010627165,25,50,20
12,1117,0.1367713438939643,0.23966950826806588,0.30368367772680593,0.3198754701111626,25,50,20
12,1118,0.1367683999099578,0.23966950826806582,0.30368367775007704,0.3198784140718986,25,50,20
12,1119,0.13677235821287742,0.2396695082680737,0.3036836779135396,0.31987445560550876,25,50,20
12,1120,0.1365150292943519,0.23992687767271315,0.30368363746156496,0.31987445557136895,25,50,20
12,1121,0.13651301328294696,0.23992889071325293,0.303683640427673,0.31987445557612604,25,50,20
12,1122,0.1365060404282475,0.23992889071319126,0.3036836368340541,0.3198814320245061,25,50,20
12,1123,0.1365060918839306,0.23992889071319973,0.30368363694918166,0.3198813804536869,25,50,20
12,1124,0.1365060575737235,0.23992892655332923,0.30368363541688076,0.3198813804560654,25,50,20
12,1125,0.1369621422718424,0.23992892655547862,0.3036839361153558,0.3194249950573225,25,50,20
12,1126,0.1369650856091238,0.23992892655547857,0.303683936110766,0.31942205172463095,25,50,20
12,1127,0.1369407577844063,0.2399289309927327,0.30370826114544663,0.31942205007741203,25,50,20
12,1128,0.13693251167292253,0.23992893099266702,0.3037082561705751,0.3194303011638331,25,50,20
12,1129,0.13693850630518176,0.23992293499375628,0.3037082575397747,0.3194303011612851,25,50,20
12,1130,0.13693756741224694,0.2399229349930271,0.303709196428227,0.31943030116649873,25,50,20
12,1131,0.13694779268251442,0.23992293499308914,0.3036989711476019,0.31943030117679483,25,50,20
12,1132,0.1369477917577551,0.23992293499308176,0.3036989726041473,0.3194303006450159,25,50,20
12,1133,0.13694875573904056,0.23992141605177864,0.30369952755944807,0.31943030064973266,25,50,20
12,1134,0.13694687920892026,0.23992141161061908,0.3037014085217198,0.31943030065874006,25,50,20
12,1135,0.13693665443849834,0.2399216648496278,0.30371138006351267,0.31943030064836053,25,50,20
12,1136,0.13699651261288534,0.23992166920802788,0.303651517547626,0.3194303006314593,25,50,20
12,1137,0.13701171144744187,0.2399064616313125,0.30365152627965886,0.31943030064158484,25,50,20
12,1138,0.13701372808523807,0.23990444860650137,0.3036515226616113,0.31943030064664746,25,50,20
12,1139,0.13708446356289153,0.23990444860868135,0.3036515955588754,0.31935949226955007,25,50,20
12,1140,0.13701171370669937,0.23990444860653695,0.3036514098589545,0.3194324278278075,25,50,20
12,1141,0.1369518284265846,0.23990444860439022,0.303651225399421,0.3194924975696028,25,50,20
12,1142,0.1369449255265391,0.2399044486043638,0.30365122304559,0.31949940282350575,25,50,20
12,1143,0.13694489045532074,0.23990444860436252,0.30365122198095285,0.3194994389593627,25,50,20
12,1144,0.13671003143339835,0.23990444860279905,0.30388608088843905,0.31949943907536216,25,50,20
12,1145,0.13670912059336,0.23990535998123685,0.30388608034510517,0.31949943908029615,25,50,20
12,1146,0.14651861188854745,0.23990535813304661,0.29407659024892935,0.31949943972947487,25,50,20
12,1147,0.14651958498155795,0.23990535813660144,0.2542175327934137,0.35935752408842553,25,50,20
12,1148,0.1465153459548825,0.23990535813649355,0.25421752777723844,0.35936176813138465,25,50,20
12,1149,0.14651541372013777,0.23990535813650266,0.2542175284382592,0.3593616997051001,25,50,20
12,1150,0.1145699854768858,0.23990538793703378,0.2861627812115477,0.3593618453745304,25,50,20
12,1151,0.14738369236523338,0.23990536762289044,0.2534068853970465,0.3593040546148281,25,50,20
12,1152,0.147381648313843,0.23990536761926062,0.2532782667122533,0.3594347173546415,25,50,20
12,1153,0.14738459020502034,0.2399024280597451,0.25327826439262596,0.35943471734260696,25,50,20
12,1154,0.13752137460804892,0.23990242555383062,0.2631414831422676,0.35943471669585136,25,50,20
12,1155,0.13752829471299627,0.23990242555386562,0.26314148613914323,0.35942779359399324,25,50,20
12,1156,0.13752736581879715,0.23990242555383984,0.2631414822366763,0.3594287263906855,25,50,20
12,1157,0.13752936157187703,0.23990242555379443,0.26314147844033425,0.3594267344339936,25,50,20
12,1158,0.13753116890514597,0.2798803689317645,0.22316172773893103,0.35942673442415685,25,50,20
12,1159,0.13752556532530658,0.27988036893112034,0.22316733173886685,0.3594267340047044,25,50,20
12,1160,0.13753155695609906,0.27987492969713756,0.2231667793420996,0.35942673400466224,25,50,20
12,1161,0.137531552848047,0.27988266809748596,0.2231590450498916,0.3594267340045739,25,50,20
12,1162,0.13753369218346076,0.2798581250124121,0.22318144880426874,0.35942673399985736,25,50,20
12,1163,0.13011735908664673,0.2798580951788351,0.2305979578041465,0.35942658793037086,25,50,20
12,1164,0.13011621733820408,0.2798816367499418,0.23057555796711593,0.3594265879447372,25,50,20
12,1165,0.13010924206750007,0.2798882225404266,0.23057594745205226,0.3594265879400192,25,50,20
12,1166,0.13011616357564595,0.27988822254044443,0.23057595090040284,0.3594196629835053,25,50,20
12,1167,0.1301161465890986,0.279888240006894,0.23057595042045617,0.35941966298354905,25,50,20
12,1168,0.13011926519734113,0.27988824000692986,0.23057595197407704,0.3594165428216498,25,50,20
12,1169,0.13031572990029208,0.27988824001252405,0.23037947077791865,0.359416559309263,25,50,20
12,1170,0.13087135284929244,0.27988823922655515,0.22982388285287508,0.35941652507127503,25,50,20
12,1171,0.13084741433575273,0.2802928855203203,0.22944317602553052,0.3594165241183952,25,50,20
12,1172,0.13083432924232571,0.2802928837545527,0.22945626379419753,0.35941652320892276,25,50,20
12,1173,0.1303782312815806,0.2802928837524126,0.22945596246843392,0.3598729224975717,25,50,20
12,1174,0.12902117492924503,0.280292883826128,0.23081298813663917,0.3598729531079833,25,50,20
12,1175,0.1290213104197367,0.28029288382612777,0.2308129894220249,0.35987281633210605,25,50,20
12,1176,0.12927812330927715,0.2802928838304807,0.23055615995508663,0.3598728329051516,25,50,20
12,1177,0.12916095119744128,0.2802928838312903,0.2306710744455437,0.3598750905257208,25,50,20
12,1178,0.1291609542589196,0.2802928807159654,0.2306710744994747,0.3598750905256366,25,50,20
12,1179,0.12916223457227594,0.28029160459419467,0.23067107032208628,0.35987509051143973,25,50,20
12,1180,0.12921719406963503,0.280236567297278,0.23067114811132794,0.3598750905217558,25,50,20
12,1181,0.1291999373108572,0.27983192320240674,0.23109304898367367,0.35987509050305944,25,50,20
12,1182,0.12912584033165475,0.27983192320294603,0.23116715840239987,0.3598750780629966,25,50,20
12,1183,0.12907075848197705,0.2798870835970124,0.23116707986828747,0.3598750780527204,25,50,20
12,1184,0.12330160246460148,0.27989506332508773,0.23689309557860544,0.35991023863170185,25,50,20
12,1185,0.12329958736264696,0.27989707530929037,0.23689309869168038,0.3599102386363787,25,50,20
12,1186,0.12329930578871058,0.2798973417684447,0.2368931137583363,0.3599102386845049,25,50,20
12,1187,0.12329018535593164,0.27989734179094994,0.2369022341785296,0.3599102386745862,25,50,20
12,1188,0.12329319881133491,0.27989734179098574,0.2369022367748877,0.359907222622789,25,50,20
12,1189,0.12328094396632597,0.2799096051909918,0.2369022282276784,0.359907222615001,25,50,20
12,1190,0.1232809598761769,0.27990998225807046,0.23690183525070485,0.3599072226150443,25,50,20
12,1191,0.12328891179759331,0.2799099822581327,0.23690184069495981,0.3598992652493109,25,50,20
12,1192,0.1232850564800701,0.27990998225808916,0.23690183807632262,0.35990312318551565,25,50,20
12,1193,0.12328211035275217,0.279912928411381,0.2369018380503478,0.35990312318551637,25,50,20
12,1194,0.13323074011027625,0.27991292840626747,0.22695548249144454,0.35990084899200925,25,50,20
12,1195,0.13323368477688588,0.2799129284062767,0.2269554831294153,0.3598979036874199,25,50,20
12,1196,0.13323584067656755,0.279910773854191,0.22695548177926692,0.3598979036899722,25,50,20
12,1197,0.13323578842281214,0.2799107738542356,0.22695548403053822,0.3598979536924118,25,50,20
12,1198,0.13323571831732864,0.2799107738541993,0.22695548140488309,0.3598980264235867,25,50,20
12,1199,0.1332356652527762,0.27991077385417285,0.2269554794732573,0.35989808141979124,25,50,20
12,1200,0.10159684833330358,0.27991096500899976,0.2583033660221567,0.36018882063553853,25,50,20
12,1201,0.10159490746658363,0.2799129072077376,0.2583033647334156,0.36018882059226187,25,50,20
12,1202,0.10158795247886614,0.27991986322935775,0.2583033637041882,0.36018882058758656,25,50,20
12,1203,0.10158800455210257,0.27991981280099626,0.2583033620591884,0.36018882058771146,25,50,20
12,1204,0.10158804017801361,0.2799200657838214,0.2583030734501461,0.36018882058801693,25,50,20
12,1205,0.10158506076945949,0.27992304475723934,0.25830307388758006,0.3601888205857194,25,50,20
12,1206,0.10158511501136695,0.2799227915167068,0.2583032728836507,0.3601888205882745,25,50,20
12,1207,0.10158716243918177,0.2799225384332946,0.25830147853154206,0.36018882059598056,25,50,20
12,1208,0.10158715851068097,0.2799225384334941,0.2583014824620631,0.36018882059376073,25,50,20
12,1209,0.1015881869873129,0.27992253846375936,0.2583004452402239,0.3601888293087028,25,50,20
12,1210,0.10159113480764814,0.27991959059471183,0.25830044528888796,0.3601888293087507,25,50,20
12,1211,0.10034909513271245,0.2799193993787769,0.259833408319378,0.3598980971691306,25,50,20
12,1212,0.10483977498488545,0.27991142196621566,0.25538221158618213,0.35986659146271527,25,50,20
12,1213,0.10483681432546237,0.2799114219661976,0.25538221026621083,0.3598695534421275,25,50,20
12,1214,0.1048366918065803,0.2799114219661884,0.2553822095704318,0.3598696766567979,25,50,20
12,1215,0.10484623346607651,0.27991142196486235,0.25537268069403696,0.3598696638750227,25,50,20
12,1216,0.10507424383316943,0.279911426345822,0.25514467435154187,0.3598696554694646,25,50,20
12,1217,0.10573145375256728,0.27991142679589304,0.2544873646601232,0.3598697547914144,25,50,20
12,1218,0.10573342947491841,0.27990946666545286,0.25448734906830295,0.3598697547913238,25,50,20
12,1219,0.10720851638595284,0.27990946432878056,0.25301592147652413,0.35986609780874124,25,50,20
12,1220,0.10720550425699744,0.27991247727552826,0.25301592066370415,0.3598660978037689,25,50,20
12,1221,0.10653014042991549,0.27991247682333775,0.2536913847015323,0.35986599804521324,25,50,20
12,1222,0.10652713238566394,0.2799124768233293,0.25369138393890933,0.359869006852096,25,50,20
12,1223,0.10652811235922281,0.2799114938807821,0.2536913869031787,0.359869006856815,25,50,20
12,1224,0.10652507790515581,0.2799145796208446,0.2536913356268874,0.35986900684711054,25,50,20
12,1225,0.09643591731796612,0.27991494146943,0.26378013435287667,0.35986900685972456,25,50,20
12,1226,0.09620486795815879,0.2799149370539944,0.2640111884429148,0.3598690065449299,25,50,20
12,1227,0.09621178748884214,0.2799080143510713,0.2640111916079743,0.3598690065521102,25,50,20
12,1228,0.0964534493426018,0.27992210109184257,0.2637554429929024,0.35986900657265075,25,50,20
12,1229,0.09669261312204512,0.27992210109885907,0.26351627891043816,0.359869006868655,25,50,20
12,1230,0.0966846441875818,0.2799221010987796,0.2635162731142982,0.3598769815993376,25,50,20
12,1231,0.0966817496836759,0.2799249945138169,0.26351627419113666,0.3598769816113682,25,50,20
12,1232,0.09668271338522824,0.2799240288465108,0.26351627615217565,0.3598769816160827,25,50,20
12,1233,0.09668276623368896,0.2799240288465023,0.2635162760168785,0.3598769289029283,25,50,20
12,1234,0.09644115803884738,0.27991019082354385,0.26377172225287615,0.35987692888473083,25,50,20
12,1235,0.09644124169861457,0.2799101908235434,0.26377172342076366,0.3598768440570768,25,50,20
12,1236,0.09643724741312416,0.2799101908235095,0.26377171927443716,0.3598808424889275,25,50,20
12,1237,0.09643723040734502,0.27991019082350066,0.26377171861465354,0.35988086015449944,25,50,20
12,1238,0.09629874327741667,0.2799101908195128,0.2639102073200163,0.35988085858305363,25,50,20
12,1239,0.09635456988484162,0.2799101908195845,0.26391030936567605,0.3598249299298974,25,50,20
12,1240,0.09635451703646755,0.2799101908195932,0.26391030950136,0.3598249826425789,25,50,20
12,1241,0.09489417058812127,0.2799101908203962,0.2653610112361688,0.35983462735531235,25,50,20
12,1242,0.09489420408876255,0.2799101908204145,0.2653610125884751,0.35983459250234695,25,50,20
12,1243,0.0949639716848983,0.2799099421091634,0.26529149311578526,0.35983459309015253,25,50,20
12,1244,0.09474372538500418,0.2799099444216286,0.2655117371011437,0.35983459309222093,25,50,20
12,1245,0.09474390093865559,0.2799097680341636,0.26551173793482624,0.359834593092352,25,50,20
12,1246,0.09472682618722576,0.27990976571599024,0.26552881530505656,0.3598345927917249,25,50,20
12,1247,0.09473612051459568,0.279909765717895,0.26551952096331144,0.35983459280419533,25,50,20
12,1248,0.09473906248042453,0.27990976571791354,0.26551952127533407,0.35983165052632543,25,50,20
12,1249,0.09474318063787181,0.2799097657179675,0.26551952569615617,0.359827527948002,25,50,20
12,1250,0.09473920512571285,0.2799137442122042,0.2655195227187952,0.3598275279432855,25,50,20
12,1251,0.09521491928665529,0.27991374421222726,0.26504380855794923,0.35982752794316575,25,50,20
12,1252,0.09521491928448979,0.2799137442122273,0.26504380854749043,0.3598275279557908,25,50,20
12,1253,0.09521486550926074,0.27991374421223436,0.2650438085618697,0.35982758171663354,25,50,20
12,1254,0.0952995976840174,0.27991338872807725,0.2649594311713886,0.3598275824165148,25,50,20
12,1255,0.09529952937096084,0.2799134562405044,0.26495943196238114,0.3598275824261519,25,50,20
12,1256,0.09529952869851066,0.2799134576603951,0.26495943122238397,0.359827582418709,25,50,20
12,1257,0.09534765637379762,0.27991346212373514,0.2649112996518974,0.35982758185056746,25,50,20
12,1258,0.09534674504192213,0.2799143760555713,0.2649112970565283,0.3598275818459755,25,50,20
12,1259,0.09526482025890397,0.2799143696911409,0.2649932289210866,0.35982758112886587,25,50,20
12,1260,0.09526690730141621,0.27991228522902395,0.2649932263454086,0.3598275811241486,25,50,20
12,1261,0.09509132920015528,0.27991228522538936,0.26516880810870247,0.3598275774657506,25,50,20
12,1262,0.0950883877513631,0.2799122852253894,0.2651688080976792,0.3598305189255661,25,50,20
12,1263,0.09509131416871579,0.2799093592771296,0.2651688076287135,0.3598305189254385,25,50,20
12,1264,0.09508823433011906,0.2799093592771028,0.2651688056668437,0.3598336007259316,25,50,20
12,1265,0.09508812929962517,0.27990946439653575,0.26516880558266454,0.35983360072117176,25,50,20
12,1266,0.0950302718584819,0.2799094643964903,0.2651687058954347,0.3598915578495914,25,50,20
12,1267,0.0950343456364236,0.2799053887299821,0.2651687077837354,0.3598915578498566,25,50,20
12,1268,0.09503049031325647,0.2799053887299213,0.2651687048973195,0.35989541605950065,25,50,20
12,1269,0.09550722120024,0.27990563396789037,0.26469172736020985,0.35989541747165815,25,50,20
12,1270,0.09549615192053737,0.28070674134246,0.2639016892705329,0.35989541746646714,25,50,20
12,1271,0.09572939537364313,0.280473270652095,0.2639019160766056,0.35989541789765395,25,50,20
12,1272,0.0852091061848998,0.28047327060146865,0.27442223663464616,0.35989538657898196,25,50,20
12,1273,0.0852151798156174,0.2804671415153491,0.27442229195158263,0.359895386717447,25,50,20
12,1274,0.0852160728782006,0.2804662467080841,0.2744222937011396,0.35989538671257165,25,50,20
12,1275,0.08630675891116525,0.28046624729956454,0.2733412223889928,0.35988577140027334,25,50,20
12,1276,0.08653840436082381,0.28045861875958517,0.27311720519606203,0.3598857716835249,25,50,20
12,1277,0.08606472134968866,0.28045836916218536,0.27359113921666867,0.3598857702714532,25,50,20
12,1278,0.09069650906450828,0.2804583723615834,0.26895934814362493,0.35988577043027886,25,50,20
12,1279,0.09058150867218263,0.28045836789287704,0.26907435302457366,0.35988577041036285,25,50,20
12,1280,0.09058147334858617,0.2804584042040831,0.26907435203722085,0.3598857704101063,25,50,20
12,1281,0.090580613743535,0.28045926589353753,0.2690743499527326,0.3598857704101913,25,50,20
12,1282,0.09057854490466247,0.28045927023096806,0.269076414449585,0.3598857704147813,25,50,20
12,1283,0.09057854519923941,0.2804592702309683,0.2690764145000579,0.35988577006973144,25,50,20
12,1284,0.09058086571392604,0.2804736891083545,0.2690596751021243,0.3598857700755923,25,50,20
12,1285,0.0905799652222546,0.2804745909411207,0.2690596737612078,0.3598857700754139,25,50,20
12,1286,0.0903547706272396,0.2806999301551889,0.26905952942755573,0.35988576979001285,25,50,20
12,1287,0.0956410646164837,0.2806997471493087,0.2637764118718441,0.35988277636236077,25,50,20
12,1288,0.09565446801488747,0.2806866730110439,0.26377608225096083,0.35988277672310487,25,50,20
12,1289,0.09565427448585397,0.2806868675114654,0.26377608127736096,0.35988277672531666,25,50,20
12,1290,0.09565726849486562,0.2806868675114567,0.2637760811185344,0.35987978287514016,25,50,20
12,1291,0.1002242595037862,0.2806868710040489,0.2592089997362806,0.3598798697558812,25,50,20
12,1292,0.100221055757911,0.2806868710040567,0.25920899826695776,0.3598830749710714,25,50,20
12,1293,0.10022902758913388,0.28067889322318323,0.25920900420951015,0.35988307497817035,25,50,20
12,1294,0.10022090864917162,0.28068709506502637,0.25920892145107816,0.3598830748347213,25,50,20
12,1295,0.09999225713642863,0.2798936248911244,0.26023104342291103,0.35988307454953306,25,50,20
12,1296,0.0999736023866003,0.27989228019611817,0.2602506969751671,0.35988342044211147,25,50,20
12,1297,0.09998052067153594,0.31865048614525593,0.22148557260520943,0.35988342057799616,25,50,20
12,1298,0.09998744089920297,0.31864356334939575,0.22148557517340617,0.3598834205779924,25,50,20
12,1299,0.1004922975317723,0.3186435627592572,0.22098074823711658,0.3598833914718512,25,50,20
12,1300,0.10048956571864143,0.3186462933138413,0.22098074949778895,0.3598833914697257,25,50,20
12,1301,0.10049159651616865,0.31864629331381494,0.2209807471255873,0.35988136304442675,25,50,20
12,1302,0.10049451097998535,0.3186462933137976,0.22098074587136984,0.3598784498348449,25,50,20
12,1303,0.10049161404222699,0.31864629331382466,0.2209807478218883,0.3598813448220578,25,50,20
12,1304,0.10055449235498484,0.3185831915104732,0.22098097088646543,0.3598813452480742,25,50,20
12,1305,0.10055445452102703,0.3185831915104643,0.2209809712946421,0.35988138267386455,25,50,20
12,1306,0.06374633005351792,0.31859771658427655,0.25630741198681034,0.36134854137539313,25,50,20
12,1307,0.06374752386082815,0.3185977166938116,0.2563062178871246,0.3613485415582333,25,50,20
12,1308,0.06373657229370976,0.31860867334474824,0.2563062128128279,0.36134854154871165,25,50,20
12,1309,0.07049309662823322,0.31860867026818857,0.24954967622102456,0.36134855688255135,25,50,20
12,1310,0.07049313428947025,0.3186086702681714,0.2495496755747294,0.3613485198676271,25,50,20
12,1311,0.07209127504820591,0.3186086672731859,0.2479516122859871,0.36134844539261995,25,50,20
12,1312,0.07209405964858112,0.3186058840245933,0.24795161093424967,0.3613484453925745,25,50,20
12,1313,0.07210207879782293,0.3185978586694805,0.24795161713028238,0.36134844540241323,25,50,20
12,1314,0.07210213389799686,0.3185978586695427,0.2479516213168024,0.3613483861156573,25,50,20
12,1315,0.0689268436241752,0.3185836892273213,0.25260823988286885,0.35988122726563426,25,50,20
12,1316,0.06892779411642995,0.31858368918189084,0.2526076356973107,0.3598808810043678,25,50,20
12,1317,0.06892289092260595,0.3198112837109351,0.2513849445026525,0.35988088086380543,25,50,20
12,1318,0.0689248530570894,0.3198093162908375,0.25138494977870374,0.3598808808733681,25,50,20
12,1319,0.06910195502663391,0.31980931629302434,0.25138525365246095,0.35970347502787947,25,50,20
12,1320,0.06910202451783355,0.319809316293034,0.25138525431092096,0.3597034048782108,25,50,20
12,1321,0.06910016769377561,0.3198111782987456,0.2513852491388307,0.3597034048686474,25,50,20
12,1322,0.06909815397126355,0.319811178298781,0.2513852534212932,0.35970541430866204,25,50,20
12,1323,0.06910109761675395,0.31981117829878103,0.25138525341947693,0.3597024706649886,25,50,20
12,1324,0.06910627734854452,0.31981153359871095,0.25137971813863286,0.35970247091411195,25,50,20
12,1325,0.06910333251353981,0.3198115335987105,0.25137971715709473,0.3597054167306558,25,50,20
12,1326,0.06910638079883717,0.31980848555752367,0.25137971691294303,0.3597054167306971,25,50,20
12,1327,0.06910644935744183,0.31980841649667596,0.2513797174152726,0.3597054167306105,25,50,20
12,1328,0.06934071586365566,0.3198085399508628,0.25114532745050844,0.3597054167349751,25,50,20
12,1329,0.03489937992423021,0.31980854050206053,0.2855857975448856,0.35970628202882465,25,50,20
12,1330,0.034898394931418095,0.3198085405019801,0.28558678213460026,0.3597062824320013,25,50,20
12,1331,0.03472127658346079,0.31980854049978413,0.2855864775784554,0.3598837053382994,25,50,20
12,1332,0.03471332818479129,0.3198164944603457,0.28558647202636056,0.35988370532850245,25,50,20
12,1333,0.0347201781194057,0.31980964219383756,0.2855864743511575,0.3598837053355993,25,50,20
12,1334,0.03472030059739409,0.3198095192076908,0.2855864748592318,0.3598837053356834,25,50,20
12,1335,0.034717304973870065,0.31980951920769046,0.28558647485750005,0.3598867009609395,25,50,20
12,1336,0.012404963099976206,0.3198094905908948,0.29648826140757756,0.3712972849015501,25,50,20
12,1337,0.012404943989220839,0.3198094905908849,0.2964882605516481,0.37129730486824464,25,50,20
12,1338,0.012405013459501422,0.3198094206762353,0.2964882609959742,0.371297304868288,25,50,20
12,1339,0.012638277160275359,0.319809420678912,0.29648848613472095,0.3710638160260906,25,50,20
12,1340,0.012638350123312254,0.31980942067887574,0.2964884855055358,0.37106374369227546,25,50,20
12,1341,0.012632152989145941,0.3198156745792005,0.2964884288851118,0.3710637435465405,25,50,20
12,1342,0.012632119899670622,0.3198156745792544,0.296488432324933,0.3710637731961406,25,50,20
12,1343,0.012637813058608753,0.3198153189455338,0.2964830949360919,0.37106377305976507,25,50,20
12,1344,0.01263776010719607,0.31981531894551624,0.29648309464225275,0.37106382630503437,25,50,20
12,1345,0.012637567493155205,0.31981551253305907,0.29648309366653824,0.3710638263072468,25,50,20
12,1346,0.012645645444698594,0.31980738040824674,0.2964831478299716,0.3710638263170823,25,50,20
12,1347,0.0126426113120913,0.31980738040827394,0.2964831477834558,0.37106686049617804,25,50,20
12,1348,0.012638757186668787,0.3198112371182507,0.2964831452058291,0.37106686048925047,25,50,20
12,1349,0.012635745300476038,0.3198142425453247,0.29648315166494826,0.37106686048924986,25,50,20
12,1350,0.012622574940279898,0.3198142425384331,0.2680078519595633,0.3995553305617227,25,50,20
12,1351,0.012630658547002387,0.31981424253947044,0.26800787826930944,0.39954722064421644,25,50,20
12,1352,0.012634840275622845,0.3198142426001081,0.268003695748066,0.39954722137620186,25,50,20
12,1353,0.012634843701089294,0.31981424589821916,0.26800368902435623,0.39954722137633397,25,50,20
12,1354,0.012468449207578659,0.319814245898712,0.26800367593344454,0.3997136289602636,25,50,20
12,1355,0.012401524359542577,0.3198813977296414,0.26800344938136733,0.39971362852944686,25,50,20
12,1356,0.012401520663966728,0.3198814014307841,0.2680034493736769,0.39971362853157055,25,50,20
12,1357,0.012408437786049357,0.31988140143082755,0.268003452978707,0.39970670780441486,25,50,20
12,1358,0.0135336902845665,0.3198814014379445,0.2668781999071945,0.3997067083702939,25,50,20
12,1359,0.03200801483664531,0.319881550636414,0.24840333967123282,0.39970709485570693,25,50,20
12,1360,0.03177369549442613,0.31988141859503455,0.2486377910622841,0.39970709484825356,25,50,20
12,1361,0.03177076930942899,0.3198814185949995,0.24863778909743758,0.3997100229981326,25,50,20
12,1362,0.02697734462026185,0.31988372135866816,0.2534297879115692,0.3997091461094999,25,50,20
12,1363,0.026975328959955643,0.31988573400685893,0.2534297909188804,0.399709146114304,25,50,20
12,1364,0.02697746513266632,0.3198836003196732,0.25342978844045727,0.39970914610720226,25,50,20
12,1365,0.026966321776081464,0.31989479822650907,0.2534297338976993,0.3997091460997085,25,50,20
12,1366,0.02696337843860327,0.31989774128308185,0.2534297341762654,0.39970914610204766,25,50,20
12,1367,0.02696723783327295,0.3198938671575858,0.25342974890244996,0.3997091461066895,25,50,20
12,1368,0.026970198196753618,0.31989090661583114,0.25342974908298244,0.399709146104431,25,50,20
12,1369,0.026973281358082416,0.3198909066158499,0.25342975045760413,0.3997060615684617,25,50,20
12,1370,0.026974257629224955,0.3198909065557844,0.2534287495622157,0.39970608625277465,25,50,20
12,1371,0.02697380247690815,0.3198909065557501,0.2533395007175224,0.39979579024981887,25,50,20
12,1372,0.021246834660547956,0.31989090641313433,0.2590664645100678,0.3997957944162502,25,50,20
12,1373,0.02124671230345031,0.3198910294030557,0.2590664638774157,0.399795794416079,25,50,20
12,1374,0.0212467459605756,0.3198910294030482,0.25906646359254853,0.3997957610438284,25,50,20
12,1375,0.02124089883623773,0.3198906739960959,0.25907266626503084,0.3997957609026354,25,50,20
12,1376,0.021085020672414186,0.3198914734175366,0.2592277290992335,0.39979577681081613,25,50,20
12,1377,0.021084984343419867,0.31989147341752683,0.25922772780572517,0.39979581443332796,25,50,20
12,1378,0.021018116984997316,0.3198914734143571,0.2592275157530553,0.3998628938475895,25,50,20
12,1379,0.021022047096485155,0.31989147341550755,0.25922755391994845,0.3998589255680581,25,50,20
12,1380,0.021022065206931968,0.31989144797388996,0.2592275612412281,0.3998589255779491,25,50,20
12,1381,0.019892853523278135,0.31989144829058946,0.26035677317848,0.39985892500765113,25,50,20
12,1382,0.019891854552187928,0.3198914482905535,0.2603567695929854,0.39985992756427224,25,50,20
12,1383,0.019895844786480318,0.3198874658515885,0.26035676179281975,0.39985992756911104,25,50,20
12,1384,0.019892711118311878,0.3198874658515621,0.26035676035897376,0.3998630626711521,25,50,20
12,1385,0.019894673534406857,0.31988746585164146,0.2603567660405043,0.39986109457344726,25,50,20
12,1386,0.019897654476621694,0.31988746585164984,0.26035676564816407,0.39985811402356397,25,50,20
12,1387,0.02013490385516046,0.31965002730975905,0.2603569545175858,0.39985811431749424,25,50,20
12,1388,0.020136114983944298,0.31965002730968023,0.2603569503844943,0.3998569073218807,25,50,20
12,1389,0.020129268119556586,0.31965002730967385,0.2603569475250505,0.3998637570457186,25,50,20
12,1390,0.020126152310182045,0.319650027309683,0.26035694620169886,0.39986687417843564,25,50,20
12,1391,0.020371135448559577,0.3196500331801466,0.2601119568939697,0.39986687447732366,25,50,20
12,1392,0.004237069227722322,0.3196498839818257,0.27594569555527426,0.40016735123517777,25,50,20
12,1393,0.004235040762563267,0.3196519080279241,0.27594569996969465,0.40016735123981795,25,50,20
12,1394,0.004237962067435499,0.31965190802792276,0.2759456993424403,0.4001644305622015,25,50,20
12,1395,0.004234983002981689,0.31965488646911444,0.27594569996570123,0.40016443056220274,25,50,20
12,1396,0.004235056201008316,0.3196548864691339,0.2759457007778755,0.40016435655198196,25,50,20
12,1397,0.0014347414428936335,0.3196548864690046,0.27904687877281953,0.39986349331528254,25,50,20
12,1398,0.001437860375932374,0.319654886469004,0.2790468807734563,0.3998603723816073,25,50,20
12,1399,0.001440823077824211,0.3196548864689768,0.2790468792631387,0.39985741119006,25,50,20
12,1400,0.0014437667508333887,0.3196519430482687,0.2790468790132629,0.3998574111876345,25,50,20
12,1401,0.001433780628665546,0.3196619336392532,0.2790468745468673,0.39985741118521323,25,50,20
12,1402,0.001196752703521543,0.3196619274490194,0.27928390895412053,0.39985741089333837,25,50,20
12,1403,0.0011967527445971187,0.3196619274225454,0.2792839089394359,0.39985741089342136,25,50,20
12,1404,0.001195895864461563,0.3196627857365616,0.2792839075126508,0.3998574108863257,25,50,20
12,1405,0.0011949782894791947,0.3196627857354204,0.27928386998364935,0.3998583659914507,25,50,20
12,1406,0.0011920337019953105,0.3196627857354204,0.27928386996463794,0.39986131059794594,25,50,20
12,1407,0.0011920693965600498,0.31966275063732963,0.27928386936820326,0.39986131059790675,25,50,20
12,1408,0.001189073467724639,0.3196651905784601,0.2792844253511895,0.39986131060262564,25,50,20
12,1409,0.0011889481341642904,0.31966519057841414,0.27928442441780893,0.39986143686961256,25,50,20
12,1410,0.017800727994607364,0.31966439535667296,0.26267341203496514,0.3998614646137538,25,50,20
12,1411,0.017797625022444558,0.31966439535667296,0.2626734124200593,0.3998645672008225,25,50,20
12,1412,0.017789773707865324,0.31966439546213377,0.2626812636412083,0.3998645671887924,25,50,20
12,1413,0.01778768581902578,0.31966439546215,0.26268126588734597,0.399866652831478,25,50,20
12,1414,0.017787721574807375,0.31966439546215925,0.2626812636392154,0.39986661932381795,25,50,20
12,1415,0.01779576294755189,0.3196643954622398,0.26268127044791695,0.39985857114229134,25,50,20
12,1416,0.017798706596000052,0.31966439546224024,0.2626812705112414,0.39985562743051817,25,50,20
12,1417,0.01817264306509704,0.31966439546324854,0.2604569801094634,0.40170598136218844,25,50,20
12,1418,0.01817266066446183,0.3196643765293319,0.2604569814391282,0.4017059813670757,25,50,20
12,1419,0.01864082865279411,0.3196643764221087,0.25998881326093826,0.401705981664157,25,50,20
12,1420,0.01863788890862184,0.31966509107739505,0.2599910386234884,0.4017059813904912,25,50,20
12,1421,0.01864481117674637,0.31965816557679116,0.2599910418488279,0.40170598139763114,25,50,20
12,1422,0.01864193711408408,0.3196610380845948,0.2599910433964151,0.4017059814049027,25,50,20
12,1423,0.018642863077632535,0.3196601075796043,0.25999104793284544,0.4017059814099147,25,50,20
12,1424,0.01864379288675649,0.3196597306970237,0.2599904950014967,0.4017059814147196,25,50,20
12,1425,0.0186538826833251,0.31965973069761444,0.25999058964119093,0.4016957969778663,25,50,20
12,1426,0.018773354798725633,0.3195399738347536,0.25999087409156885,0.40169579727494875,25,50,20
12,1427,0.01854805193248584,0.3197654571334276,0.259990693938659,0.4016957969954241,25,50,20
12,1428,0.018550978399698045,0.31976253815048233,0.2599906864665366,0.4016957969832795,25,50,20
12,1429,0.018551069278709736,0.31976253815049954,0.2599906841800439,0.40169570839074353,25,50,20
12,1430,0.018088007610357577,0.3197625381508589,0.2604537461303559,0.40169570810842486,25,50,20
12,1431,0.018086957276117647,0.3197635947501924,0.26045373987032067,0.40169570810336663,25,50,20
12,1432,0.01809002324024894,0.3197635947501832,0.2604537406983813,0.401692641311184,25,50,20
12,1433,0.018092893565523883,0.3197635947501738,0.26045373998043336,0.40168977170386627,25,50,20
12,1434,0.018092982238528402,0.319763594752289,0.26045380767719917,0.40168961533198155,25,50,20
12,1435,0.001432738246053041,0.3197661593204581,0.2771115325252566,0.4016895699082312,25,50,20
12,1436,0.0014371457194843728,0.3197661593203865,0.2771071238348776,0.40168957112524994,25,50,20
12,1437,0.0014341506406817803,0.3197661593203778,0.2771071236611564,0.40169256637778306,25,50,20
12,1438,0.0014342208409690986,0.31976615932037844,0.27710712428662027,0.40169249555203135,25,50,20
12,1439,0.0013149237383661297,0.3198857415350135,0.2771068394787278,0.4016924952478918,25,50,20
12,1440,0.0013048877856920286,0.3198857415344316,0.277106745010097,0.40170262566977866,25,50,20
12,1441,0.001303992925534949,0.31988574153441496,0.27710674334351304,0.4017035221965365,25,50,20
12,1442,0.001307004100437807,0.31988574153443244,0.27723622183255087,0.4015710325325783,25,50,20
12,1443,0.0012989179949599772,0.3198857415333504,0.27723619156675694,0.4015791489049327,25,50,20
12,1444,0.0013037234550530696,0.3198853821664908,0.27723174548599294,0.40157914889246293,25,50,20
12,1445,0.0013066494642994379,0.3198824576436526,0.27723174400685535,0.40157914888519236,25,50,20
12,1446,0.0013029895398163486,0.3198860798609413,0.27723178170875523,0.4015791488904871,25,50,20
12,1447,0.0012910254279724742,0.3198980529894529,0.2772317727041985,0.40157914887837637,25,50,20
12,1448,0.0009671011517426082,0.31989805299695245,0.279404892116624,0.3997299537346794,25,50,20
12,1449,0.0009639822301658247,0.3198980529969521,0.27940489107488914,0.3997330736979915,25,50,20
12,1450,0.0009529981446887247,0.31989805299687163,0.27940488423735754,0.3997440646210809,25,50,20
12,1451,0.0009500008898790809,0.3199010502351543,0.27940488425397114,0.3997440646209941,25,50,20
12,1452,0.0009500701467535099,0.3199010502351724,0.27940488558131377,0.399743994036759,25,50,20
12,1453,0.0009539238929085396,0.3199010502353135,0.27940489525654594,0.3997401306152309,25,50,20
12,1454,0.0013650271088976288,0.3199010733874743,0.2789937693609369,0.39974013014269005,25,50,20
12,1455,0.001362084970260625,0.31990401570003535,0.2789937691893091,0.39974013014039367,25,50,20
12,1456,0.0013547672492208518,0.31992391393122055,0.2789811886839374,0.39974013013562043,25,50,20
12,1457,0.0013548030298153049,0.3199239139312288,0.2789811892840974,0.399740093754858,25,50,20
12,1458,0.001354855786112106,0.31992391393123776,0.27885171223528304,0.39986951804736653,25,50,20
12,1459,0.0013618300576098848,0.3199169364935724,0.2788517153966043,0.39986951805221266,25,50,20
12,1460,0.001359764724116887,0.31991899843344784,0.27885171878545223,0.39986951805698256,25,50,20
12,1461,0.0013598189251170095,0.31991899843342186,0.2788517178998335,0.39986946474162716,25,50,20
12,1462,0.0013588363261038973,0.31991998436321645,0.2788517145738218,0.39986946473685725,25,50,20
12,1463,0.001361796055724669,0.31991998436323443,0.2788517158580226,0.3998665037230182,25,50,20
12,1464,0.001358800999295392,0.3199199843632261,0.2788517157540649,0.3998694988834137,25,50,20
12,1465,0.0013657737664576235,0.31991998436326957,0.278851718917047,0.39986252295322594,25,50,20
12,1466,0.0013637589419121191,0.3199199843632962,0.278851721315881,0.3998645353789108,25,50,20
12,1467,0.0013658105473052227,0.31991998436324365,0.27885171753780014,0.3998624875516512,25,50,20
12,1468,0.001365933435653028,0.3199199843632533,0.27885171822656335,0.3998623639745306,25,50,20
12,1469,0.0013659322055240442,0.3199199843632527,0.27885171816790927,0.39986236526331426,25,50,20
12,1470,0.0013658795943083208,0.31992003676193476,0.27885171838031564,0.3998623652634414,25,50,20
12,1471,0.0013778048251739685,0.31992003676209413,0.2788517303789807,0.3998504280337513,25,50,20
12,1472,0.0013778064546326435,0.31992003427063453,0.2788517312411061,0.3998504280336268,25,50,20
12,1473,0.0013761154170173326,0.3199200342710743,0.27885492639716875,0.39984892391473975,25,50,20
12,1474,0.001141509971400375,0.31991773080883484,0.27909183896659134,0.39984892025317165,25,50,20
12,1475,0.0013168574616904385,0.31991773080975233,0.27891649164193383,0.3998489200866217,25,50,20
12,1476,0.0013207660494093548,0.31991773080979613,0.278916495276322,0.3998450078644704,25,50,20
12,1477,0.0013238151970249813,0.3199177308097963,0.2789164952956466,0.3998419586975301,25,50,20
12,1478,0.0013290246052650992,0.31991242986061275,0.27891658656002677,0.3998419589740932,25,50,20
12,1479,0.0015733351366363708,0.3196678784849919,0.2789168271057706,0.399841959272599,25,50,20
12,1480,0.0014123015592536676,0.3196678784823228,0.27907785669342394,0.39984196326499766,25,50,20
12,1481,0.0014122477587998345,0.31966787848233136,0.27907785683916925,0.3998420169196975,25,50,20
12,1482,0.001407161201609915,0.3196678784823134,0.2790746542228074,0.39985030609326727,25,50,20
12,1483,0.0011658463375970969,0.3199094342317337,0.27907441363373625,0.3998503057969308,25,50,20
12,1484,0.001159853010092921,0.31991542819813634,0.2790744129948358,0.3998503057969327,25,50,20
12,1485,0.001390167375952448,0.31991542820131036,0.27907467400680197,0.3996197304159332,25,50,20
12,1486,0.0014041437591534964,0.3199014470805651,0.27907467873453523,0.39961973042574495,25,50,20
12,1487,0.0011698526360140872,0.3199014470773564,0.27907441467750815,0.39985428560912006,25,50,20
12,1488,0.001169974285904823,0.3199013250674833,0.2790744150374471,0.3998542856091633,25,50,20
12,1489,0.001163122458800439,0.31990132506744007,0.27907441143053296,0.3998611410432252,25,50,20
12,1490,0.0011601050558926198,0.31990132506534236,0.2790743445186464,0.39986422536011673,25,50,20
12,1491,0.0011619796529161596,0.3199013250654223,0.2790743512560362,0.3998623440256234,25,50,20
12,1492,0.0011540899372489838,0.31990132506284524,0.2790822409890406,0.399862344010864,25,50,20
12,1493,0.0011729660283384253,0.319901680282384,0.27906300966841807,0.39986234402085835,25,50,20
12,1494,0.0011798193039674167,0.31990168028238375,0.2790630106080173,0.3998554898056301,25,50,20
12,1495,0.0011830821584933682,0.319898413708093,0.2790630143275648,0.3998554898058479,25,50,20
12,1496,0.0011830858257588666,0.31989840954631593,0.27906301481710244,0.39985548981082175,25,50,20
12,1497,0.0011810363691456224,0.31989840954636933,0.2790630187077438,0.39985753537673996,25,50,20
12,1498,0.0011839622528548193,0.3198984095463423,0.2790630177237524,0.3998546104770492,25,50,20
12,1499,0.0014202522747577108,0.31966190951510864,0.2790632274442255,0.3998546107659069,25,50,20
12,1500,0.0014182726198058077,0.31966190951501117,0.27906322093092123,0.39985659693426057,25,50,20
12,1501,0.0014162795809489531,0.3196619095150741,0.27906322597506267,0.39985858492891296,25,50,20
12,1502,0.0014191332422493297,0.31966190951451096,0.2790632231602379,0.3998557340830008,25,50,20
12,1503,0.0014129266552160519,0.31966821144425944,0.27906312810369044,0.3998557337968329,25,50,20
12,1504,0.0014819141895430407,0.31966821144690394,0.2790633517242767,0.3997865226392752,25,50,20
12,1505,0.0014789705222610866,0.3196711550547063,0.27906335178375374,0.3997865226392776,25,50,20
12,1506,0.001478966877831108,0.31967115505471494,0.2790633533412514,0.3997865247262016,25,50,20
12,1507,0.0014751002290064239,0.31967115505469934,0.27906335240984487,0.3997903923064483,25,50,20
12,1508,0.0014741715376011394,0.3196720869686727,0.2790633491896187,0.3997903923041061,25,50,20
12,1509,0.0014771154948999715,0.3196691432418229,0.2790633489614269,0.39979039230184893,25,50,20
12,1510,0.0014651185315089237,0.31966914324170825,0.2790633392300849,0.3998023989966968,25,50,20
12,1511,0.0015319863935590772,0.31966914324390716,0.27906352717344374,0.3997353431890889,25,50,20
12,1512,0.0015296697887944538,0.31967149667516503,0.2790634903546673,0.3997353431813721,25,50,20
12,1513,0.0015105278510369549,0.31967114145571146,0.27908298751715926,0.3997353431760914,25,50,20
12,1514,0.001507492197824933,0.3196711414557019,0.2790829847058534,0.399738381640619,25,50,20
12,1515,0.001213481539604739,0.3196685726791058,0.2793795793078867,0.3997383664734032,25,50,20
12,1516,0.0012133553234022828,0.31966857270965643,0.2793797054959018,0.39973836647103445,25,50,20
12,1517,0.0012212030399715264,0.3196685727097354,0.27937971116329335,0.3997305130869952,25,50,20
12,1518,0.0012182070443989646,0.31967156863052704,0.27937971123811567,0.3997305130869539,25,50,20
12,1519,0.0011514248549251533,0.31967156862786594,0.2793794859268064,0.3997975205903984,25,50,20
12,1520,0.001140512680490041,0.31967156862779605,0.2793794799115671,0.3998084387801427,25,50,20
12,1521,0.0011404572114535885,0.3196513213661996,0.27939978264243115,0.3998084387799111,25,50,20
12,1522,0.0011425190755189338,0.3196513213661543,0.27939977888765144,0.3998063806706713,25,50,20
12,1523,0.001142520122100642,0.31965132002088786,0.27939977918633685,0.399806380670671,25,50,20
12,1524,0.001145516118024301,0.31964832389481473,0.27939977931414717,0.3998063806730102,25,50,20
12,1525,0.001152617127205533,0.31964832389485154,0.2793997950117214,0.39979926396621784,25,50,20
12,1526,0.0011376586503677448,0.31966329098425555,0.27939978641368785,0.3997992639516852,25,50,20
12,1527,0.0011436316548642735,0.319657319195168,0.27939978519594316,0.39979926395402093,25,50,20
12,1528,0.0011582208887613598,0.3196573191883037,0.27931903374675243,0.39986542617617976,25,50,20
12,1529,0.011209051460934679,0.31965729610459914,0.269266300329794,0.399867352104671,25,50,20
12,1530,0.01097575632031012,0.31989080007727777,0.2692660917915723,0.3998673518108388,25,50,20
12,1531,0.01104605996664637,0.31989079387052594,0.269195793909842,0.3998673522529829,25,50,20
12,1532,0.00488053795107747,0.3198907938060608,0.27536324241339755,0.39986542582946155,25,50,20
12,1533,0.004880541973470757,0.3198907938060883,0.2753632422674553,0.39986542195298375,25,50,20
12,1534,0.0048672389690942765,0.31989079380988583,0.27537653194463346,0.399865435276384,25,50,20
12,1535,0.004867466545592759,0.31989079380988694,0.2753765320448608,0.3998652075996567,25,50,20
12,1536,0.004867285382154002,0.3198907938098758,0.275376519166275,0.39986540164169276,25,50,20
12,1537,0.004867164980362308,0.3198907938098581,0.2753765183598638,0.39986552284991334,25,50,20
12,1538,0.004864176531606044,0.31989079380984203,0.2753765180878582,0.3998685115706916,25,50,20
12,1539,0.004795294859319534,0.3198907938076782,0.2753763331486411,0.3999375781843589,25,50,20
12,1540,0.004795169729294454,0.3198909208367403,0.27537633124730926,0.3999375781866541,25,50,20
12,1541,0.004798161513388941,0.3198909208367307,0.2753763311733007,0.3999345864765777,25,50,20
12,1542,0.004795217268332045,0.31989386529981234,0.27537633095765296,0.3999345864742008,25,50,20
12,1543,0.00479828790249632,0.319890792031603,0.27537633359165675,0.3999345864742422,25,50,20
12,1544,0.004798340571471748,0.31989079203161125,0.27537633371883397,0.39993453367808124,25,50,20
12,1545,0.000552331755232021,0.319890792029876,0.27962234228659655,0.39993453392829376,25,50,20
12,1546,0.0005595301599963222,0.31989079202997517,0.2796223608004364,0.39992731700959033,25,50,20
12,1547,0.01055172478404369,0.3198907920645632,0.26963015457267786,0.39992732857871405,25,50,20
12,1548,0.010551725988512778,0.3198907920670474,0.26963015337052476,0.399927328573914,25,50,20
12,1549,0.010615534331101803,0.31989079206923715,0.2696303409676027,0.3998633326320569,25,50,20
12,1550,0.010622651979862459,0.31989079206922044,0.26963035811015845,0.3998561978407568,25,50,20
12,1551,0.01061938940558484,0.3198940583461271,0.26963035440774713,0.39985619784053983,25,50,20
12,1552,0.010616339606781919,0.319897107754403,0.2696303547982241,0.3998561978405899,25,50,20
12,1553,0.000881892700312327,0.3198971079196621,0.2793647226534645,0.39985627672656016,25,50,20
12,1554,0.000658776357468676,0.31989713424593075,0.279580741068334,0.3998633483282656,25,50,20
12,1555,0.0005899860437682541,0.3198971342437688,0.2797168781725798,0.3997960015398818,25,50,20
12,1556,0.0005231288500843826,0.3198971342415791,0.27971669056616194,0.39986304634217296,25,50,20
12,1557,0.0005261257849038854,0.31989713424158805,0.27971669072641236,0.3998600492470941,25,50,20
12,1558,0.0005282090866289775,0.31989713424156224,0.2797166883741924,0.3998579682976151,25,50,20
12,1559,0.000525056127749175,0.3198971342415347,0.27971668634943,0.3998611232812845,25,50,20
12,1560,0.000518136287514048,0.3198971342415097,0.27971668358002194,0.39986804589095276,25,50,20
12,1561,0.0005179283642622265,0.3198971342414374,0.27971666850500826,0.3998682688892909,25,50,20
12,1562,0.0005180340644387871,0.3198971342414197,0.2797166682173859,0.39986816347675436,25,50,20
12,1563,0.0007637987126671203,0.31989713423952526,0.2794709036915393,0.399868163356267,25,50,20
12,1564,0.0018101392387980652,0.3198971345267578,0.27842456085683076,0.39986816537761205,25,50,20
12,1565,0.0018100155140333657,0.31989725888710413,0.27842456022133194,0.3998681653775298,25,50,20
12,1566,0.0018093329318686234,0.319897258887068,0.27842524284009046,0.3998681653409726,25,50,20
12,1567,0.0018287576348644857,0.3198972588846745,0.2784058181391756,0.3998681653412844,25,50,20
12,1568,0.0018289675550943385,0.31989725888467635,0.2784058198191056,0.3998679537411228,25,50,20
12,1569,0.0018299465453311039,0.31989627357269534,0.27840582613613274,0.39986795374584033,25,50,20
12,1570,0.0018329419333322314,0.3198932782302528,0.2784058260904896,0.3998679537459249,25,50,20
12,1571,0.002231655196574801,0.3198932783080781,0.24940820574308062,0.428466860752266,25,50,20
12,1572,0.0022315823246418873,0.3198933541544263,0.24940820276876097,0.4284668607521704,25,50,20
12,1573,0.002234595095026481,0.31989335415443526,0.2494082034141576,0.42846384733638077,25,50,20
12,1574,0.0021346254960166507,0.3198933275745204,0.2495153620872761,0.42845668484218696,25,50,20
12,1575,0.00213470394864525,0.31989324859649104,0.24951536261014695,0.42845668484471683,25,50,20
12,1576,0.00213861094133294,0.3198932485965167,0.24951536491727352,0.42845277554487704,25,50,20
12,1577,0.0021383849189156997,0.31989324859647034,0.24951536200169663,0.42845300448291773,25,50,20
12,1578,0.002375212615886019,0.319893248676925,0.24927853391567167,0.42845300479151777,25,50,20
12,1579,0.0011620500441234082,0.31989324839429245,0.2504916981856429,0.42845300337594067,25,50,20
12,1580,0.001417395515678495,0.31963766730027054,0.2504919335046399,0.42845300367941036,25,50,20
12,1581,0.00142929023566514,0.31963766730035864,0.2504919423251833,0.4284411001387925,25,50,20
12,1582,0.0014292893097077922,0.3196376673003586,0.2504919422982873,0.4284411010916463,25,50,20
12,1583,0.0014223701157624656,0.3196376673003234,0.25049193928701724,0.4284480232968966,25,50,20
12,1584,0.0014253122415483878,0.31963472541201293,0.2504919390519211,0.4284480232945171,25,50,20
12,1585,0.0014183198991597921,0.31963472541198606,0.2504919356362527,0.4284550190526009,25,50,20
12,1586,0.001419267154154093,0.3196347254120679,0.250491942087964,0.4284540653458141,25,50,20
12,1587,0.0014130602218772833,0.31963472541210075,0.2504919270787855,0.4284602872872355,25,50,20
12,1588,0.0037914329910194206,0.3196347254373796,0.24799807189179376,0.42857576967980643,25,50,20
12,1589,0.0037895908358430833,0.31963653765271455,0.24799810181955537,0.4285757696918864,25,50,20
12,1590,0.0035374504150841517,0.31988891148109305,0.24799786870567153,0.4285757693981507,25,50,20
12,1591,0.0035299057971125403,0.3198889114775844,0.24800543094476893,0.42857575178053575,25,50,20
12,1592,0.003877461974399033,0.31988891148155874,0.24765787369543,0.4285757528486139,25,50,20
12,1593,0.0038774613433843388,0.31988891208481546,0.24765787372318854,0.4285757528486131,25,50,20
12,1594,0.003878379789268021,0.319887733538959,0.24765813382797894,0.4285757528437955,25,50,20
12,1595,0.004118552242818107,0.3198877335411222,0.2476583214572527,0.42833539275880833,25,50,20
12,1596,0.0041208295984683455,0.3198854585153262,0.24765831913186573,0.42833539275434135,25,50,20
12,1597,0.0038836171966630047,0.31988545851317257,0.247658132207452,0.428572792082714,25,50,20
12,1598,0.003883633480155663,0.3198854585131812,0.2476581328664379,0.42857277514022696,25,50,20
12,1599,0.003883679650570922,0.31988545851318867,0.24765813253333613,0.4285727293029053,25,50,20
12,1600,0.003883801068846774,0.31988545851318034,0.24765813293136746,0.4285726074866062,25,50,20
12,1601,0.003886798400976162,0.3198854585131625,0.24765813423578897,0.42856960885007317,25,50,20
12,1602,0.003887326496438555,0.3198858076497985,0.24765725706224212,0.4285696087915191,25,50,20
12,1603,0.0038841903152531027,0.3198858076498329,0.24765725704703084,0.4285727449878812,25,50,20
12,1604,0.0038839284152343747,0.3198860736793629,0.24765725291777219,0.4285727449876287,25,50,20
12,1605,0.0038838067358702446,0.3198860736793708,0.24765725248526654,0.4285728670994906,25,50,20
12,1606,0.0038857713258934716,0.31988413845675123,0.24765722312994423,0.4285728670874095,25,50,20
12,1607,0.0038816998646329197,0.3198884720514873,0.2476569609990454,0.4285728670848328,25,50,20
12,1608,0.0038796326201322707,0.31988847205153126,0.24765696418986263,0.4285749311384725,25,50,20
12,1609,0.004128941931023035,0.3198884720509327,0.2474076545789072,0.4285749314391365,25,50,20
12,1610,0.004129081718473316,0.3198883308934181,0.24740765594395506,0.4285749314441528,25,50,20
12,1611,0.004129081440459253,0.3198883308934188,0.24740765599397677,0.42857493167214467,25,50,20
12,1612,0.0041318849804041135,0.3198855289440193,0.2474076544107466,0.42857493166482946,25,50,20
12,1613,0.004131876293887135,0.31988553793005947,0.24740765411596585,0.42857493166008587,25,50,20
12,1614,0.00413089438073056,0.31988553793001534,0.24740765089557804,0.42857591679367424,25,50,20
12,1615,0.0041308995185982775,0.3198855324514297,0.247407651231271,0.4285759167986992,25,50,20
12,1616,0.004129951987993338,0.3198855324513396,0.2474076441608155,0.4285768713998501,25,50,20
12,1617,0.003966369883776455,0.3198855324507991,0.24757122582136123,0.4285768718440614,25,50,20
12,1618,0.0039681567769334555,0.31988553245084195,0.24757122983080135,0.4285750809414214,25,50,20
12,1619,0.0035804760261015805,0.31988553237299183,0.23658042284487305,0.4399535687560326,25,50,20
12,1620,0.0035834376166916206,0.3198855323730102,0.23658042415073688,0.4399506058595603,25,50,20
12,1621,0.0035834901755642133,0.3198854797757297,0.23658042418918626,0.43995060585951895,25,50,20
12,1622,0.0035886815771502905,0.31988547977632964,0.23658047433465407,0.4399453643118651,25,50,20
12,1623,0.0035888153778960903,0.3198853447169974,0.23658047559095421,0.4399453643141513,25,50,20
12,1624,0.0034087684015987364,0.3198853447130771,0.23676052408374512,0.4399453628015781,25,50,20
12,1625,0.003408804239104643,0.3198853447130588,0.23676052323881736,0.4399453278090184,25,50,20
12,1626,0.0034087365275501046,0.3198854129288228,0.23676052273460482,0.4399453278090217,25,50,20
12,1627,0.0034062132316405153,0.3198854129288791,0.23676052835193212,0.43994784548754773,25,50,20
12,1628,0.003409103964717511,0.3198854129288786,0.23676052832173608,0.43994495478466694,25,50,20
12,1629,0.000911667276781881,0.31988541629351636,0.23937343617217685,0.4398294802575253,25,50,20
12,1630,0.0009156133279868453,0.31988541629359696,0.23937345165469534,0.43982551872372105,25,50,20
12,1631,0.0007406654706727932,0.31988541624640193,0.23954839957731436,0.4398255187056104,25,50,20
12,1632,0.0007337465861293146,0.3198923383291555,0.23954839638615907,0.4398255186985556,25,50,20
12,1633,0.0007337107650456763,0.3198923383291732,0.2395483971819887,0.43982555372379184,25,50,20
12,1634,0.0007295181221515372,0.31989233832862657,0.23954835089172263,0.43982979265749905,25,50,20
12,1635,0.006785491162998596,0.3199091700209318,0.23347554408526125,0.43982979473080774,25,50,20
12,1636,0.006852326366999288,0.3199091700235937,0.23347576724396862,0.43976273636543767,25,50,20
12,1637,0.006849278469280866,0.31991208220709905,0.2334759029581816,0.43976273636543767,25,50,20
12,1638,0.006853326310514796,0.31990802920228506,0.2334759081169605,0.4397627363702394,25,50,20
12,1639,0.006850365667834906,0.3199080292022857,0.2334759080504381,0.43976569707944096,25,50,20
12,1640,0.006780587040434245,0.319908029199624,0.23347568493426882,0.43983569882567264,25,50,20
12,1641,0.006788479970752048,0.3199080291996492,0.2334756764472627,0.4398278143823356,25,50,20
12,1642,0.006791580419786121,0.31990802920416445,0.23347257583397976,0.4398278145420697,25,50,20
12,1643,0.006788461741000128,0.31991114885068384,0.23347257487347495,0.4398278145348411,25,50,20
12,1644,0.006786413185496894,0.3199131932636778,0.23347257900403584,0.43982781454678915,25,50,20
12,1645,0.006789321855257738,0.3199131932637662,0.23347258732686538,0.4398248975541101,25,50,20
12,1646,0.006786325771962044,0.3199131932637489,0.23347258707006863,0.43982789389421995,25,50,20
12,1647,0.006786100600312099,0.3199131932637038,0.23347258292756126,0.4398281232084227,25,50,20
12,1648,0.006786136259898465,0.31991319326371165,0.23347258249924407,0.4398280879771457,25,50,20
12,1649,0.006783087698746154,0.31991624173145783,0.23347258259265277,0.4398280879771431,25,50,20
12,1650,0.006785103423359351,0.3199162417314317,0.23347257971300317,0.4398260751322063,25,50,20
12,1651,0.006786259617557977,0.31991624173138855,0.23347257564693857,0.43982492300411624,25,50,20
12,1652,0.0067702033412606055,0.31991624173309663,0.23348862291221478,0.4398249320134275,25,50,20
12,1653,0.006770505639820108,0.3199162417331355,0.2334886257818139,0.4398246268452299,25,50,20
12,1654,0.006762134278286705,0.31991624173314337,0.2334885916772749,0.43983303231129467,25,50,20
12,1655,0.0067621517572607846,0.31991624173304545,0.23348858263054828,0.4398330238791451,25,50,20
12,1656,0.006762152320869309,0.3199163671153465,0.23348845668455376,0.4398330238792299,25,50,20
12,1657,0.006764183541389306,0.31991636711532057,0.23348845433823157,0.43983099500505846,25,50,20
12,1658,0.006763430533221899,0.3199171224199869,0.23348845204393945,0.4398309950028515,25,50,20
12,1659,0.006763219896749844,0.3199173353666724,0.23348844974359173,0.4398309949929857,25,50,20
12,1660,0.006766232118955018,0.3199143157914575,0.2334884570965187,0.4398309949930686,25,50,20
12,1661,0.0067692274125186495,0.319911320444172,0.23348845715028255,0.4398309949930265,25,50,20
12,1662,0.0068269822640808055,0.31991132044424314,0.23348854631321558,0.43977315097846004,25,50,20
12,1663,0.006812074475391755,0.31991132044414594,0.23348853681171203,0.43978806826874994,25,50,20
12,1664,0.00681512183584968,0.3199082738629318,0.23348853603242778,0.43978806826879024,25,50,20
12,1665,0.00645386676326944,0.31989975754770333,0.23385790751099567,0.4397884681780312,25,50,20
12,1666,0.006453957924606068,0.3198996388005928,0.2338579350870093,0.4397884681877915,25,50,20
12,1667,0.00644597548273953,0.3198996388005224,0.23385793012655756,0.4397964555901803,25,50,20
12,1668,0.006441995074924664,0.3198996388004966,0.23385792615259762,0.43980043997198087,25,50,20
12,1669,0.006442910783249419,0.31989963880058453,0.23385793298062857,0.4397995174355371,25,50,20
12,1670,0.006440858161076209,0.31990168788604806,0.233857936512579,0.4397995174402963,25,50,20
12,1671,0.00638294216398632,0.31990168788598455,0.2338578472654554,0.4398575226845731,25,50,20
12,1672,0.006383907418763812,0.3199007202130749,0.23385784967882337,0.43985752268933714,25,50,20
12,1673,0.012085472541110684,0.3199007202432718,0.22815627740662342,0.43985752980899384,25,50,20
12,1674,0.012082385469708658,0.31990383482884427,0.22815624990225258,0.43985752979919446,25,50,20
12,1675,0.012084452539547996,0.3199017709165765,0.22815624674940266,0.43985752979447285,25,50,20
12,1676,0.012084482811235286,0.3199017709165939,0.22815624808484145,0.4398574981873294,25,50,20
12,1677,0.012144366295208688,0.319841700088402,0.22815643511701936,0.43985749849936956,25,50,20
12,1678,0.01214726990410479,0.31984170008835583,0.22815643424647378,0.4398545957610652,25,50,20
12,1679,0.012145202828876999,0.3198437640097714,0.22815643739560693,0.43985459576574426,25,50,20
12,1680,0.04109444579446591,0.31983510251584013,0.19921613777425798,0.4398543139154352,25,50,20
12,1681,0.041091433974625155,0.3198351025158135,0.1992161371965272,0.4398573263130336,25,50,20
12,1682,0.04131917981858311,0.3198350991928715,0.19898840198230017,0.4398573190062466,25,50,20
12,1683,0.007504806639208073,0.31983509959327244,0.23280289197864598,0.4398572017888716,25,50,20
12,1684,0.007507872562057069,0.31983509959326445,0.23280289240836546,0.4398541354363115,25,50,20
12,1685,0.007441928433752266,0.3199012328084113,0.2328027036336448,0.4398541351241901,25,50,20
12,1686,0.007441912108449469,0.3199012563951048,0.23280269637225204,0.43985413512419186,25,50,20
12,1687,0.0074449243524073215,0.319898232923879,0.2328027075898712,0.4398541351338407,25,50,20
12,1688,0.0017492919787955009,0.3198982328984169,0.23849834639920808,0.43985412872357604,25,50,20
12,1689,0.0017579987444739154,0.319898233010245,0.23848964824295726,0.4398541200023214,25,50,20
12,1690,0.041391693537097825,0.3198982409927143,0.1988559444414245,0.4398541210287593,25,50,20
12,1691,0.04138862758995442,0.319898240992697,0.19885594318713123,0.43985718823021375,25,50,20
12,1692,0.04138765893979732,0.3198982409925913,0.19885593604112486,0.4398581640264832,25,50,20
12,1693,0.04113539662045983,0.3198982409639272,0.19910819868729565,0.4398581637283151,25,50,20
12,1694,0.04115133573337771,0.3198823104771293,0.19910819004923735,0.4398581637402536,25,50,20
12,1695,0.04115128371682521,0.3198823625555997,0.19910818998732213,0.43985816374025094,25,50,20
12,1696,0.04115527920989717,0.3198823625556351,0.1991081935723903,0.43985416466207555,25,50,20
12,1697,0.04115925715767282,0.3198823625556615,0.19910819644592806,0.43985018384073676,25,50,20
12,1698,0.04115899647580749,0.31988236255566893,0.1991081944562461,0.4398504465122761,25,50,20
12,1699,0.0411619072760626,0.3198823625556511,0.19910819313848088,0.4398475370298041,25,50,20
12,1700,0.041152954868071426,0.3204469570668496,0.1985525513066323,0.4398475367584458,25,50,20
12,1701,0.04121986338573969,0.32036891965878056,0.198563679483268,0.439847537472211,25,50,20
12,1702,0.04145622611156805,0.32036891966500336,0.19856389415063722,0.4396109600727909,25,50,20
12,1703,0.04101844776119874,0.32036891589693434,0.1990016780834761,0.439610958258391,25,50,20
12,1704,0.04100261476953248,0.32038476067027266,0.19900166632334845,0.43961095823684615,25,50,20
12,1705,0.041239911487409714,0.320384760672435,0.1990018538348632,0.43937347400529175,25,50,20
12,1706,0.04124199118806383,0.3203826510423147,0.1990018837615425,0.43937347400807897,25,50,20
12,1707,0.04124199123917819,0.3203826510423239,0.19900188395254614,0.43937347376595165,25,50,20
12,1708,0.04124106191397563,0.3203835835500904,0.19900188077227743,0.4393734737636556,25,50,20
12,1709,0.041037466540466895,0.3203836343230645,0.1992054258821166,0.4393734732543511,25,50,20
12,1710,0.04127079927566748,0.3203836343261927,0.1992056350379169,0.4391399313602225,25,50,20
12,1711,0.04126792457223808,0.3203836343262016,0.19920563567339747,0.43914280542816186,25,50,20
12,1712,0.04103457426574523,0.3203836343230641,0.19920542582402603,0.43937636558716364,25,50,20
12,1713,0.04103060079134309,0.3203836343251421,0.19920550413209137,0.43938026075142234,25,50,20
12,1714,0.04103364935702351,0.3203805854962297,0.19920550439060392,0.43938026075614195,25,50,20
12,1715,0.04103675209985075,0.3203805854962296,0.19920550484919064,0.4393771575547283,25,50,20
12,1716,0.05173042791216267,0.32038058552421594,0.18851181297334413,0.4393771735902764,25,50,20
12,1717,0.05172743058558545,0.32038358303228004,0.1885118127919419,0.43937717359019146,25,50,20
12,1718,0.05172438171044808,0.3203835830323162,0.18851181392430186,0.43938022133293253,25,50,20
12,1719,0.051728752150959956,0.3203791620914319,0.1885118642837192,0.43938022147388817,25,50,20
12,1720,0.051731763081050014,0.3203791620133647,0.18850885343407905,0.43938022147150585,25,50,20
12,1721,0.05173177534729507,0.31981456749790804,0.18907343568067017,0.4393802214741252,25,50,20
12,1722,0.0517288322778551,0.3198145674979086,0.18907343571463758,0.4393831645095975,25,50,20
12,1723,0.051729027730074914,0.31981456749788145,0.18907343469954083,0.43938297007250166,25,50,20
12,1724,0.05172902649923008,0.31981456749788095,0.18907343465951373,0.43938297134337406,25,50,20
12,1725,0.05200713027017823,0.31981456751742493,0.18879533130494264,0.4393829709074526,25,50,20
12,1726,0.05200805761602796,0.3198145675174509,0.18879533417739477,0.4393820406891246,25,50,20
12,1727,0.05200367059975011,0.31981900354137055,0.18879528531078957,0.4393820405480879,25,50,20
12,1728,0.052175508735461715,0.31981900354353615,0.18879562495275481,0.43920986276824564,25,50,20
12,1729,0.012859859976492733,0.31981902426494757,0.22811121995685152,0.4392098958017061,25,50,20
12,1730,0.012859806513731082,0.3198190778447297,0.22811121983991697,0.43920989580162084,25,50,20
12,1731,0.012861872868333906,0.3198170075704846,0.22811122376440626,0.43920989579677405,25,50,20
12,1732,0.012861873532617094,0.3198170069117734,0.2281112237589162,0.43920989579669223,25,50,20
12,1733,0.012861873830141042,0.3198170069117733,0.22811122424062913,0.4392098950174555,25,50,20
12,1734,0.012861851908393854,0.3198170069097669,0.22811115208230656,0.4392099890995314,25,50,20
12,1735,0.012335350403512317,0.3198170068205364,0.22863765365427763,0.4392099891216727,25,50,20
12,1736,0.0049010430493435135,0.3204583200157092,0.2343271750910341,0.44031346184391296,25,50,20
12,1737,0.004898134339885858,0.32045832001561175,0.23432716657920183,0.44031637906530013,25,50,20
12,1738,0.0049020949928184005,0.32045832001563745,0.23432716890724312,0.44031241608430144,25,50,20
12,1739,0.004668726488366741,0.32045832000943214,0.23432695413709762,0.44054599936510463,25,50,20
12,1740,0.004671881948070933,0.3204551631037649,0.2343269555803771,0.44054599936778827,25,50,20
12,1741,0.0046748107602639375,0.32045516310374667,0.23432695474392415,0.44054307139206683,25,50,20
12,1742,0.004674812150741574,0.3204551633644681,0.2343269530927256,0.44054307139206605,25,50,20
12,1743,0.004671799059800305,0.3204581771416374,0.23432695240895732,0.4405430713896062,25,50,20
12,1744,0.004673743544477597,0.3204562258690949,0.23432695918471322,0.4405430714017155,25,50,20
12,1745,0.004670733602434315,0.3204562258690776,0.23432695842100204,0.4405460821074872,25,50,20
12,1746,0.0046706505661187865,0.32045640352511545,0.23432686380996137,0.44054608209880475,25,50,20
12,1747,0.004672736357926822,0.3204564035251164,0.2343268624054651,0.440543997711492,25,50,20
12,1748,0.004672737587001324,0.3204564020363364,0.23432686266270364,0.4405439977139592,25,50,20
12,1749,0.004673758683268637,0.3204564020369343,0.23432686968925953,0.44054296959053807,25,50,20
12,1750,0.0046716946529104155,0.3204584953460758,0.23432684040850224,0.4405429695925114,25,50,20
12,1751,0.0014106682986836138,0.3198171821207866,0.2393326694451328,0.43943948013539746,25,50,20
12,1752,0.001412762862806806,0.3198171821201883,0.23933266289602317,0.43943739212098215,25,50,20
12,1753,0.001420451185685104,0.31980948940977577,0.23933266727429914,0.4394373921302403,25,50,20
12,1754,0.001420398216615109,0.3198094894097484,0.2393326658495796,0.4394374465240572,25,50,20
12,1755,0.0014204511062912786,0.31980943679797824,0.23933266557643126,0.43943744651929956,25,50,20
12,1756,0.0014203982002344397,0.31980948983175767,0.2393326654486709,0.43943744651933736,25,50,20
12,1757,0.0011801559756319507,0.3198094898295947,0.2393324778664949,0.4396778763282789,25,50,20
12,1758,0.0011821693876569897,0.31980747990432856,0.2393324743844577,0.4396778763235572,25,50,20
12,1759,0.000794665867181468,0.3198074511626667,0.23972004116129816,0.4396778418088531,25,50,20
12,1760,0.0007946823028355094,0.3198074511626764,0.23972004187824353,0.43967782465624416,25,50,20
12,1761,0.001462777951639814,0.3198074511640603,0.23905194607343677,0.43967782481086265,25,50,20
12,1762,0.0014627767387571668,0.31980744294410585,0.239051955508741,0.4396778248083954,25,50,20
12,1763,0.0015770322763505793,0.3198074429436878,0.23893767777809963,0.4396778470018621,25,50,20
12,1764,0.0015739855518635095,0.319807442943723,0.2389376793495098,0.43968089215490386,25,50,20
12,1765,0.0009060895600371932,0.3198074429424065,0.23960557546573916,0.4396808920318177,25,50,20
12,1766,0.0009041446290623392,0.31919947387532577,0.24021548947803598,0.43968089201757543,25,50,20
12,1767,0.0007827877578977754,0.31919947387384406,0.24026858129400655,0.43974915707425033,25,50,20
12,1768,0.0007760065062566083,0.3191994738738278,0.24026857963797021,0.43975593998194434,25,50,20
12,1769,0.0007760591830277885,0.31919947387383607,0.24026857977072172,0.4397558871724133,25,50,20
12,1770,0.000576653252535382,0.31919942309974386,0.2404680370727552,0.4397558865749659,25,50,20
12,1771,0.0005764851634435638,0.3191994230996597,0.24046820519085135,0.4397558865460458,25,50,20
12,1772,0.0005656062141499945,0.3192103061153555,0.2404682011267388,0.4397558865437563,25,50,20
12,1773,0.0005635545692755782,0.31921030611541734,0.24046820559475907,0.4397579337205481,25,50,20
12,1774,0.0005635345029656832,0.3192103251801041,0.24046820659847196,0.43975793371845767,25,50,20
12,1775,0.0005705250732656413,0.31981325208324435,0.23985828912035342,0.4397579337231352,25,50,20
12,1776,0.0005664955661766963,0.3198172749428301,0.2398582957727007,0.43975793371829097,25,50,20
12,1777,0.0005704010738149007,0.31981727494283824,0.23985829682021567,0.43975402716313,25,50,20
12,1778,0.0005674614964836743,0.319817274944241,0.23986123639588403,0.43975402716339096,25,50,20
12,1779,0.0005674787444084621,0.3198172749442507,0.23986123710383933,0.43975400920750113,25,50,20
12,1780,0.00038858065078433123,0.31981727494205875,0.23986089352529252,0.43993325088186486,25,50,20
12,1781,0.0003856384159499794,0.31982022579285674,0.2398608849021421,0.4399332508890516,25,50,20
12,1782,0.00038547014412664346,0.3198202257924024,0.23992934043159803,0.43986496363187494,25,50,20
12,1783,0.00038634454656149674,0.31982022579114167,0.23992846602115858,0.4398649636411405,25,50,20
12,1784,0.0005174459073196819,0.319820225835939,0.23979709911692562,0.4398652291398144,25,50,20
12,1785,0.001097840222805035,0.31923576412809734,0.2398011578977118,0.43986523775138503,25,50,20
12,1786,0.001096806526523774,0.3192357641281585,0.23980116326484047,0.4398662660804765,25,50,20
12,1787,0.001100713921324282,0.31923185371882573,0.23980116627473588,0.43986626608511364,25,50,20
12,1788,0.0011028697230751,0.3192318581730796,0.2397990060256446,0.43986626607820034,25,50,20
12,1789,0.0005255646280474077,0.31981322896625863,0.23979494893927036,0.43986625746642327,25,50,20
12,1790,0.0005186447840594008,0.3198132289662239,0.23979494595662804,0.4398731802930885,25,50,20
12,1791,0.0005193601423725082,0.31981322896625847,0.23979494795643524,0.43987246293493215,25,50,20
12,1792,0.0005255513272411285,0.3198132298241914,0.2397887570525947,0.4398724617959723,25,50,20
12,1793,0.00046165611919150607,0.31988825245556585,0.23977763033572416,0.43987246108951694,25,50,20
12,1794,0.000694896715440244,0.3196547905684294,0.23977785119064207,0.43987246152548665,25,50,20
12,1795,0.0006978377267948828,0.31965479056841195,0.23977784991649184,0.4398695217883,25,50,20
12,1796,0.0006970042363834699,0.3196619937135435,0.23977148007309662,0.43986952197697476,25,50,20
12,1797,0.0007039059316471588,0.3196550836560833,0.23977148843538137,0.4398695219768867,25,50,20
12,1798,0.0006999659933437302,0.3196590314760603,0.2397714805582967,0.4398695219722978,25,50,20
12,1799,0.0006989701483251033,0.3196590314760425,0.23977147880065064,0.4398705195749804,25,50,20
12,1800,0.0007019550774998171,0.31965903147603386,0.2398637424382245,0.4397752710082392,25,50,20
12,1801,0.012314197248209568,0.3196590270819938,0.2282515037001785,0.4397752719696156,25,50,20
12,1802,0.012311254228427004,0.3196619795268249,0.22825149427262054,0.4397752719721248,25,50,20
12,1803,0.01231407479527099,0.31966197952681535,0.22825149356354463,0.43977245211436644,25,50,20
12,1804,0.01232200836268325,0.3196540418983913,0.228251497617502,0.43977245212142096,25,50,20
12,1805,0.012559295718671204,0.31941656515872696,0.2282516867025857,0.4397724524200135,25,50,20
12,1806,0.012562294073643869,0.31941656515871836,0.2282516865690516,0.43976945419858354,25,50,20
12,1807,0.012558388207085094,0.31942047232067966,0.22825168526867656,0.43976945420355606,25,50,20
12,1808,0.012574371064270793,0.31941327351285065,0.22824290070524778,0.4397694547176281,25,50,20
12,1809,0.012571324433359732,0.31941632702945816,0.2282428938195509,0.4397694547176283,25,50,20
12,1810,0.012572237013381105,0.3194163270294839,0.22824289614655244,0.43976853981058006,25,50,20
12,1811,0.01257523080749067,0.31941333311461134,0.22824289626497618,0.43976853981291925,25,50,20
12,1812,0.012575267607800776,0.3194133331145934,0.228242895472278,0.43976850380532523,25,50,20
12,1813,0.012576418261452428,0.3194133331156373,0.2282429347970198,0.4397673138258879,25,50,20
12,1814,0.012577466167571317,0.31941333225608276,0.2282418876067439,0.4397673139696005,25,50,20
12,1815,0.01283677708624241,0.319413332262865,0.22798257537648633,0.43976731527440427,25,50,20
12,1816,0.01283764078409606,0.3194133322617688,0.22798253188517972,0.4397664950689535,25,50,20
12,1817,0.001504925842155846,0.31941333220180745,0.2393152464463206,0.43976649550971364,25,50,20
12,1818,0.0015068700376937433,0.31941333220191453,0.2393152797007286,0.4397645180596607,25,50,20
12,1819,0.0014968877558969732,0.3194233140017213,0.23931528017301962,0.4397645180693599,25,50,20
12,1820,0.0015543687596432825,0.31942333563841174,0.2392577756110057,0.43976451999093735,25,50,20
12,1821,0.0021789166128835633,0.3194233097389141,0.23863325540431912,0.4397645182438812,25,50,20
12,1822,0.0021779350708331104,0.31942330973887023,0.2386332522347826,0.43976550295551237,25,50,20
12,1823,0.0021647631389256836,0.31942330973880706,0.23864642385665402,0.43976550326561126,25,50,20
12,1824,0.002164971488646128,0.31942313208305606,0.2386463931734641,0.4397655032548326,25,50,20
12,1825,0.0021649576158098084,0.3194231320830468,0.2386463924838067,0.43976551781733564,25,50,20
12,1826,0.0021678674725599694,0.3194202242205112,0.23864639049682143,0.43976551781010625,25,50,20
12,1827,0.002179495851960363,0.31942022411080395,0.2386347622105095,0.43976551782672535,25,50,20
12,1828,0.001950104812526421,0.31964983550674514,0.2386345422852983,0.4397655173954292,25,50,20
12,1829,0.00195224222402304,0.3196477039820624,0.23863453641774673,0.43976551737616654,25,50,20
12,1830,0.0019522412777005329,0.31964770398206194,0.23863453628234266,0.43976551845789386,25,50,20
12,1831,0.0016707810075827286,0.31964770398308506,0.2389159979507925,0.43976551705853884,25,50,20
12,1832,0.0016746326204519265,0.31964384918896865,0.23891600112252026,0.4397655170680582,25,50,20
12,1833,0.0016715662922073397,0.31964691764964076,0.2389159989997834,0.4397655170583679,25,50,20
12,1834,0.0016685722722903074,0.3196469176496492,0.23891599911897113,0.43976851095908875,25,50,20
12,1835,0.0016685721941146667,0.3196469176496495,0.23891599913851155,0.4397685110177237,25,50,20
12,1836,0.0014343370352755105,0.3198813413099059,0.23891581093058153,0.43976851072423573,25,50,20
12,1837,0.013094588057367025,0.31988169901358476,0.22725457223152948,0.43976914069751666,25,50,20
12,1838,0.013086820729956483,0.31988169901351776,0.22726233956281267,0.43976914069371054,25,50,20
12,1839,0.013085695201297267,0.31988281957193254,0.22726234453097913,0.43976914069578826,25,50,20
12,1840,0.013084749351313455,0.31988281957187975,0.22726234022977743,0.439770090847027,25,50,20
12,1841,0.013084696705703338,0.3198828195718708,0.2272623400989957,0.43977014362342787,25,50,20
12,1842,0.012959657655662949,0.3198828195275895,0.2273876445457449,0.43976987827099956,25,50,20
12,1843,0.013022280642804427,0.31988282617400293,0.22732501448227485,0.4397698787009155,25,50,20
12,1844,0.013018305662272349,0.3198868049982999,0.22732501064807362,0.4397698786913519,25,50,20
12,1845,0.013026344830148886,0.3198868049983885,0.22732501803492414,0.43976183213653636,25,50,20
12,1846,0.03767954555145443,0.31988644722517706,0.20267280592952683,0.43976120129383817,25,50,20
12,1847,0.037676560982877666,0.31988644722522114,0.2025805423481363,0.4398564494437602,25,50,20
12,1848,0.04103362418102799,0.32061797485092286,0.19849192885606892,0.4398564721119751,25,50,20
12,1849,0.04097042339520133,0.32061797445267,0.19855513044578474,0.43985647170633924,25,50,20
12,1850,0.04098139003838619,0.32061797445274054,0.19855513648545864,0.4398454990234104,25,50,20
12,1851,0.040981407676721,0.3206179558492558,0.19855513744571895,0.43984549902830056,25,50,20
12,1852,0.040978464519722285,0.3206179558492562,0.198555137483311,0.43984844214770713,25,50,20
12,1853,0.040978462982594464,0.3206179558492571,0.1985551375344398,0.4398484436337052,25,50,20
12,1854,0.040974610519945776,0.3206179558492764,0.19855513601690147,0.43985229761387296,25,50,20
12,1855,0.04097978233628761,0.32061795585137404,0.19855516869896153,0.4398470931133736,25,50,20
12,1856,0.0576097187612023,0.3206179558468233,0.18192523328700677,0.43984709210496403,25,50,20
12,1857,0.05761153723267654,0.32061830511914097,0.18192306527944935,0.43984709236873004,25,50,20
12,1858,0.05761155635060049,0.32061828441581014,0.18192306686715182,0.43984709236643454,25,50,20
12,1859,0.057609447557071786,0.3206182844137041,0.18192303454519718,0.43984923348402405,25,50,20
12,1860,0.057610374580964,0.32061828441372897,0.18192303796930054,0.4398483030360034,25,50,20
12,1861,0.05760233639789511,0.32061828441364093,0.18192303064179366,0.43985634854666744,25,50,20
12,1862,0.020622109363944232,0.3206182844090313,0.21890325738302477,0.43985634884399827,25,50,20
12,1863,0.020619131246208632,0.32062126225863175,0.21890325765575136,0.43985634883940683,25,50,20
12,1864,0.02108559595578313,0.3206212622633508,0.2184367931027084,0.4398563486781568,25,50,20
12,1865,0.021085564781890262,0.3206212944883756,0.21843679205165953,0.4398563486780738,25,50,20
12,1866,0.02115541309143929,0.3206212944915452,0.21843700410062927,0.4397862883163854,25,50,20
12,1867,0.021161478624506444,0.3206212944915378,0.21843700462683904,0.4397802222571155,25,50,20
12,1868,0.017803313581424098,0.3207010788385055,0.22171540799648135,0.43978019958358777,25,50,20
12,1869,0.01781284473419812,0.3207010788349556,0.22170587683634224,0.4397801995945031,25,50,20
12,1870,0.01781189944726357,0.3207020210429996,0.22170587991998977,0.439780199589746,25,50,20
12,1871,0.01781494860055101,0.32070202104300044,0.2217058799869821,0.43977715036946535,25,50,20
12,1872,0.017811968187206803,0.3207050010535989,0.2217058803896471,0.43977715036954623,25,50,20
12,1873,0.01781701442869179,0.3207050010535191,0.22170585060922512,0.4397721339085638,25,50,20
12,1874,0.017817032640389176,0.3207050010535465,0.22170585154061156,0.43977211476545236,25,50,20
12,1875,0.017811964477765146,0.3207050010535804,0.22170585397269435,0.4397771804959596,25,50,20
12,1876,0.017745165873882245,0.32070500105039357,0.22170564166163387,0.43984419141408987,25,50,20
12,1877,0.0179845757757185,0.32046537240483663,0.22170586010915388,0.4398441917102896,25,50,20
12,1878,0.01774816308343193,0.3207020038423496,0.2217056416600874,0.4398441914141296,25,50,20
12,1879,0.017745220010718144,0.3207049469077831,0.22170564166740786,0.4398441914140896,25,50,20
12,1880,0.01774523928075646,0.3207049469077941,0.2217056668392745,0.43984414697217356,25,50,20
12,1881,0.017748306636704077,0.3207049469077852,0.2217056672112586,0.43984107924425103,25,50,20
12,1882,0.01906535192848189,0.32070495855642356,0.22038565431322404,0.43984403520186954,25,50,20
12,1883,0.019064406480172068,0.3207049585563951,0.22038562731239936,0.43984500765103257,25,50,20
12,1884,0.019057489936314103,0.32071187888038394,0.22038562353677246,0.43984500764652856,25,50,20
12,1885,0.019131219077517917,0.3207118788845494,0.22038591671239782,0.43977098532553394,25,50,20
12,1886,0.019136212311446008,0.32071187888452246,0.22038591374694053,0.43976599505708996,25,50,20
12,1887,0.019136158245849553,0.3207118788845398,0.220385914005743,0.4397660488638666,25,50,20
12,1888,0.01830494142002145,0.32071186733601115,0.22122008996787945,0.439763101276087,25,50,20
12,1889,0.018304888961795704,0.32071186733601104,0.22122008996019799,0.4397631537419943,25,50,20
12,1890,0.018302855616801988,0.3207138990956291,0.22122009154811922,0.43976315373944835,25,50,20
12,1891,0.018306013750731643,0.3207107408707895,0.22122009163651446,0.43976315374196306,25,50,20
12,1892,0.01829895225869244,0.32071074087070883,0.221220087250143,0.43977021962045426,25,50,20
12,1893,0.018295886444341863,0.3207107408707172,0.22122008687574732,0.4397732858091926,25,50,20
12,1894,0.018293710800895525,0.3207129141784541,0.2212200892020238,0.43977328581862557,25,50,20
12,1895,0.018293695647515616,0.3207129141784447,0.22122008854314412,0.43977330163089445,25,50,20
12,1896,0.0183605481556311,0.32071291418260195,0.22122030310276866,0.4397062345589971,25,50,20
12,1897,0.018357619815548093,0.3207129141826105,0.221220303705019,0.4397091622968216,25,50,20
12,1898,0.01836056219966559,0.32071291418261,0.22122030369244375,0.4397062199252798,25,50,20
12,1899,0.018289760990255366,0.32071291417840087,0.22122000987776108,0.4397773149535819,25,50,20
12,1900,0.01828968865675676,0.3207129141784007,0.22122000933622746,0.4397773878286142,25,50,20
12,1901,0.0014538923670158962,0.32071291420985126,0.23805529511653664,0.4397778983065958,25,50,20
12,1902,0.000497626909841084,0.32071291411079644,0.23901156933769452,0.43977788964166853,25,50,20
12,1903,0.0004946294817233052,0.3207129141108044,0.23901156940434223,0.4397808870031308,25,50,20
12,1904,0.0004947712379230418,0.32071291411084074,0.23901162122668676,0.43978069342455,25,50,20
12,1905,0.000503248551240209,0.32070440051717325,0.23901165749418868,0.43978069343739823,25,50,20
12,1906,0.000733963750169629,0.3207044005166499,0.2387809424390814,0.4397806932940966,25,50,20
12,1907,0.0007340810239273512,0.32070428251772226,0.23878094315966314,0.43978069329868524,25,50,20
12,1908,0.023456628717266205,0.32070432384391423,0.2160574471641908,0.43978160027462687,25,50,20
12,1909,0.023455734058707642,0.3207052226402392,0.21605744303841345,0.4397816002626381,25,50,20
12,1910,0.023450723264323684,0.32070522281354513,0.21606245353676673,0.43978160038536257,25,50,20
12,1911,0.02344669374015692,0.32070522281353625,0.216062451384547,0.43978563206175786,25,50,20
12,1912,0.023446604558606685,0.3207052228134911,0.21606239938371907,0.439785773244181,25,50,20
12,1913,0.023443627359906592,0.3207052228135445,0.21606240279366296,0.43978874703288395,25,50,20
12,1914,0.023819971253237468,0.3198939108760197,0.21649736230842098,0.4397887555623189,25,50,20
12,1915,0.023820898300760916,0.3198929809793712,0.21649736515525067,0.4397887555646141,25,50,20
12,1916,0.02381794712248925,0.3198929809804347,0.21649736732388689,0.439791704573186,25,50,20
12,1917,0.023819926096190457,0.319891010288267,0.2164973590424017,0.4397917045731385,25,50,20
12,1918,0.023822801392263795,0.3198881356326397,0.2164973584042933,0.43979170457080086,25,50,20
12,1919,0.023819858462247483,0.31989107848012566,0.21649735848694984,0.4397917045706747,25,50,20
12,1920,0.023878625306322957,0.3198910784796771,0.2164975330631966,0.4397327631508009,25,50,20
12,1921,0.02388064070875931,0.31988906617169727,0.21649752997337804,0.43973276314616344,25,50,20
12,1922,0.023875275805897357,0.31988871065120583,0.21650325069772103,0.43973276284517565,25,50,20
12,1923,0.023877500571218898,0.31988648752560267,0.21650324906251325,0.43973276284066515,25,50,20
12,1924,0.023874626197078093,0.31988648752561244,0.2165032497633302,0.4397356365139799,25,50,20
12,1925,0.023872610375885405,0.31988648752562104,0.21650325238238374,0.43973764971611023,25,50,20
12,1926,0.02386567296164793,0.31988648752557836,0.21650325033703727,0.4397445891757365,25,50,20
12,1927,0.02386868176282742,0.31988347826783864,0.21650325079372862,0.4397445891756048,25,50,20
12,1928,0.023871676938857726,0.31988048333516356,0.21650325055262987,0.4397445891733483,25,50,20
12,1929,0.0238158794190908,0.3198804833345665,0.21650307464595994,0.4398005626003822,25,50,20
12,1930,0.023822781419785843,0.31988048333454816,0.21650307424619616,0.4397936609994692,25,50,20
12,1931,0.024062094716842574,0.31988048333670205,0.21650325875953252,0.43955416318692214,25,50,20
12,1932,0.024050690301804897,0.31989192319501486,0.21650322332910285,0.4395541631740755,25,50,20
12,1933,0.024050706615486202,0.3198919055540321,0.21650322464675537,0.4395541631837245,25,50,20
12,1934,0.023986829381261652,0.3198919055503932,0.21650301029178784,0.439618254776555,25,50,20
12,1935,0.02399298551170139,0.3198856302818,0.2165031291437714,0.4396182550627249,25,50,20
12,1936,0.023995998990361707,0.31988563028179917,0.21650312803369257,0.4396152426941441,25,50,20
12,1937,0.023996051076046406,0.3198856302817817,0.2165031277869482,0.4396151908552213,25,50,20
12,1938,0.023756737776981066,0.319885630279628,0.21650294277853746,0.439854689164851,25,50,20
12,1939,0.06068070465381466,0.3198856304207664,0.17957895678552455,0.43985470813989247,25,50,20
12,1940,0.06068178314603668,0.3198856304207941,0.17957895925553413,0.4398536271776331,25,50,20
12,1941,0.060677602778135824,0.3198856304207664,0.1795789567776648,0.43985781002343094,25,50,20
12,1942,0.060677606492932724,0.31988563042020385,0.17957895388138076,0.4398578092054807,25,50,20
12,1943,0.06067461110414102,0.31988862577185967,0.1795789539186017,0.4398578092053954,25,50,20
12,1944,0.060671616369172635,0.31988862577189664,0.1795819486535739,0.43985780920535583,25,50,20
12,1945,0.060670582582482604,0.3198896543050469,0.17958195390243695,0.4398578092100325,25,50,20
12,1946,0.060670460955685825,0.3198897763423282,0.17958195349203693,0.43985780920994805,25,50,20
12,1947,0.06067046226767489,0.3198897763423283,0.17958195362155296,0.4398578077684426,25,50,20
12,1948,0.06066844637095689,0.3198917892205968,0.17958195663524157,0.4398578077732035,25,50,20
12,1949,0.060855975415907586,0.31989178933802015,0.1793944270188194,0.4398578082272514,25,50,20
12,1950,0.06085799003170849,0.31989178933800244,0.17939442425365615,0.4398557963766312,25,50,20
12,1951,0.06085595889558294,0.31989178933802814,0.179394426585395,0.43985782518099226,25,50,20
12,1952,0.060863122595898184,0.3198845947309682,0.17939445733469436,0.4398578253384376,25,50,20
12,1953,0.06086527874000061,0.3198845947309521,0.17939445574005933,0.43985567078898635,25,50,20
12,1954,0.06087624985470101,0.31987361164632466,0.1793944677002469,0.4398556707987259,25,50,20
12,1955,0.06088416518236927,0.319873611646395,0.17939447374237866,0.4398477494288564,25,50,20
12,1956,0.06135360662564998,0.31987361147242105,0.17892503259883807,0.43984774930308973,25,50,20
12,1957,0.061350676660511826,0.3198736114724387,0.17892503336678356,0.43985067850026477,25,50,20
12,1958,0.061351754643252425,0.3198736114725815,0.1789250636910741,0.43984957019309084,25,50,20
12,1959,0.04145703820948882,0.31995493450282547,0.19873259145574565,0.4398554358319384,25,50,20
12,1960,0.04145384945258331,0.31995812384855155,0.19873259086709147,0.43985543583177183,25,50,20
12,1961,0.041449874856818086,0.3199581238485254,0.1987325879882943,0.43985941330636025,25,50,20
12,1962,0.04144204409604914,0.3199581238485178,0.19873258601265018,0.43986724604278066,25,50,20
12,1963,0.03877254910822609,0.3198767595105153,0.20149021775939638,0.43986047362186015,25,50,20
12,1964,0.03877550915960614,0.31987675951052397,0.201490218391484,0.4398575129383844,25,50,20
12,1965,0.03877852225604594,0.3198767595105335,0.20149021909306486,0.43985449914035435,25,50,20
12,1966,0.03878244486544918,0.319876759510577,0.2014902221098535,0.43985057351411894,25,50,20
12,1967,0.038785351973811014,0.31987675951058586,0.20149022273428316,0.43984766578131834,25,50,20
12,1968,0.03878840081125599,0.31987371064288583,0.20149022276453937,0.4398476657813172,25,50,20
12,1969,0.03884927356750629,0.3198126356846508,0.20149042495170058,0.43984766579614104,25,50,20
12,1970,0.03884242607937891,0.3198126356846291,0.20149042396254338,0.4398545142734473,25,50,20
12,1971,0.038839389748801294,0.31981578976701713,0.20149030649188585,0.43985451399229447,25,50,20
12,1972,0.03883644392067719,0.3198157897670165,0.2014903064505812,0.43985745986172375,25,50,20
12,1973,0.03883364404260009,0.31981858898806076,0.20149030710731208,0.43985745986202573,25,50,20
12,1974,0.03882474862563059,0.31982748960763696,0.20149030190463207,0.43985745986209884,25,50,20
12,1975,0.03882665841874423,0.3198274896076984,0.20149030731434667,0.439855544659209,25,50,20
12,1976,0.038893730792198,0.31982748959619534,0.20142374484399428,0.4398550347676101,25,50,20
12,1977,0.03889474966001853,0.3198264766108806,0.20142373896862747,0.43985503476047055,25,50,20
12,1978,0.03889473206333661,0.3198264766108718,0.20142373831234633,0.43985505301344247,25,50,20
12,1979,0.03889171755244965,0.3198264766108634,0.2014237376531077,0.4398580681835766,25,50,20
12,1980,0.03888856425003603,0.3198296334758399,0.20142373410508405,0.43985806816903733,25,50,20
12,1981,0.038893767612808224,0.31982963347583254,0.20142373310565043,0.4398528658057061,25,50,20
12,1982,0.038893769872447664,0.3198296312373279,0.2014237330845971,0.4398528658056246,25,50,20
12,1983,0.03889377138036139,0.31982963123735475,0.2014237350294609,0.4398528623528204,25,50,20
12,1984,0.039578276001360324,0.31982963123948516,0.20142564474802613,0.4391664480111258,25,50,20
12,1985,0.03957619145448574,0.31982963123950225,0.201425646980802,0.4391685303252077,25,50,20
12,1986,0.03957597912629167,0.3198298449045961,0.2014256456418636,0.43916853032724623,25,50,20
12,1987,0.03957989240726743,0.31982984490456945,0.20142564615989575,0.4391646165282652,25,50,20
12,1988,0.03889826189601829,0.31982984490240296,0.20142373385721649,0.43984815934436006,25,50,20
12,1989,0.03932603056512759,0.31982984487372423,0.20099597262699986,0.4398481519341477,25,50,20
12,1990,0.039326960670792326,0.31982891132934094,0.20099597606103978,0.43984815193882637,25,50,20
12,1991,0.03932702578824474,0.3198288458548744,0.20099597642035383,0.43984815193652643,25,50,20
12,1992,0.038524539575765335,0.31982884585133947,0.20179846375032856,0.4398481508225659,25,50,20
12,1993,0.038524538950004086,0.31982884585133964,0.20179846379578226,0.43984815140287287,25,50,20
12,1994,0.03852459434509277,0.3198287867039117,0.20179846754816363,0.4398481514028316,25,50,20
12,1995,0.03846575451294474,0.3198878275600913,0.20179826652656793,0.4398481514003951,25,50,20
12,1996,0.03846762630671973,0.3198878275601407,0.20179827104959927,0.43984627508353924,25,50,20
12,1997,0.03846887664508862,0.31988782755586315,0.20179702071855282,0.4398462750804945,25,50,20
12,1998,0.03846686124821111,0.31988984180699026,0.20179702186440096,0.4398462750803967,25,50,20
12,1999,0.03846682556478094,0.31988984180698204,0.20179702224528553,0.4398463103829504,25,50,20
12,2000,0.038462780543897665,0.3198939166422028,0.2017969925883915,0.4398463102255065,25,50,20
12,2001,0.03846473420494365,0.31989391664205963,0.20179696168229114,0.4398443874707041,25,50,20
12,2002,0.038464627893846255,0.3198939166420411,0.20179696183672585,0.43984449362738515,25,50,20
12,2003,0.03847459811859215,0.319883944853949,0.20179696340496495,0.4398444936224923,25,50,20
12,2004,0.038482585639912414,0.31988394485404686,0.20179697097597402,0.4398364985300651,25,50,20
12,2005,0.03854926010604395,0.31981706293474144,0.2017971781340008,0.43983649882521236,25,50,20
12,2006,0.038387055291684756,0.3198170690829211,0.2019593764009987,0.43983649922439483,25,50,20
12,2007,0.03839304409009338,0.3198110807326382,0.20195937595295999,0.43983649922430773,25,50,20
12,2008,0.03838904745884308,0.3198110807326028,0.20195937141950215,0.43984050038905137,25,50,20
12,2009,0.03838908361455136,0.3198110807325853,0.20195937061299496,0.4398404650398681,25,50,20
12,2010,0.03838621289391539,0.31981108073259384,0.20195937127491198,0.4398433350985788,25,50,20
12,2011,0.03838924553939008,0.31981108073259357,0.2019593702489453,0.43984030347907077,25,50,20
12,2012,0.03838654276212477,0.3198110807344717,0.2019620730081644,0.4398403034952395,25,50,20
12,2013,0.0384006181684793,0.3198110806042828,0.20194799835243654,0.43984030287480214,25,50,20
12,2014,0.03840049456435878,0.31981120537589197,0.20194799718499062,0.4398403028747592,25,50,20
12,2015,0.03882355641072351,0.31981119924225354,0.20152494162704002,0.43984030271998364,25,50,20
12,2016,0.0399715705105689,0.31981119958123794,0.20037684070138378,0.4398403892068059,25,50,20
12,2017,0.03997253445214678,0.3198111995812722,0.20037684317278237,0.4398394227937954,25,50,20
12,2018,0.039971676068584074,0.3198111995812641,0.2003768415666222,0.4398402827835271,25,50,20
12,2019,0.0399717988468605,0.31981107618450594,0.2003768421850619,0.439840282783569,25,50,20
12,2020,0.03997481136341654,0.31980806254613314,0.20037684330921762,0.43984028278122994,25,50,20
12,2021,0.04021106626059761,0.31980806255086625,0.20037705598960934,0.439603815198924,25,50,20
12,2022,0.040210945582957326,0.3198080625508398,0.20037705455167454,0.4396039373145256,25,50,20
12,2023,0.04016820642924729,0.3198080625308784,0.20041979430106402,0.43960393673880793,25,50,20
12,2024,0.04016401970100671,0.3198080625308153,0.2004197892272424,0.43960812854093345,25,50,20
12,2025,0.040152985471957094,0.31980806253071775,0.20041978168202032,0.43961917031530295,25,50,20
12,2026,0.04014992027311998,0.3198111281296473,0.20041978127958873,0.4396191703176421,25,50,20
12,2027,0.04014984166645523,0.3198111333695149,0.20041976270703504,0.4396192622569932,25,50,20
12,2028,0.04014989244479725,0.3198111333695234,0.20041976283799515,0.43961921134768256,25,50,20
12,2029,0.040056105305705116,0.3198111342943894,0.20051354917144093,0.43961921122846426,25,50,20
12,2030,0.04005317775868833,0.3198140609309839,0.2005135500771448,0.43961921123318326,25,50,20
12,2031,0.04005410607485271,0.3198131296218297,0.20051355306537322,0.43961921123794473,25,50,20
12,2032,0.04005111099302068,0.31981312962182107,0.2005135529332321,0.43962220645192623,25,50,20
12,2033,0.040055031612197256,0.3198131296218733,0.20051355664510717,0.4396182821208223,25,50,20
12,2034,0.040115149193489866,0.319813129623982,0.2005137114812299,0.4395580097012982,25,50,20
12,2035,0.03987882006042986,0.31981312961923963,0.20051349809049715,0.43979455222983327,25,50,20
12,2036,0.039812232613811734,0.31987992744391724,0.20051328800498813,0.43979455193728234,25,50,20
12,2037,0.03980902653776218,0.31988313480595026,0.20051328672160237,0.4397945519346846,25,50,20
12,2038,0.04258814167036243,0.3198831346686077,0.19773371674044643,0.4397950069205828,25,50,20
12,2039,0.018689592724862467,0.3198831347982825,0.22163271944817656,0.43979455302867804,25,50,20
12,2040,0.018689645099228283,0.31988313479829095,0.22163271956508712,0.4397945005373933,25,50,20
12,2041,0.018679657274291064,0.3198931265072721,0.22163271568848064,0.43979450052995567,25,50,20
12,2042,0.018694615220175223,0.3198781594469296,0.22163272478853233,0.4397945005443624,25,50,20
12,2043,0.01870859283941992,0.31986399059176984,0.22163291601718352,0.4397945005516262,25,50,20
12,2044,0.018316122513460712,0.3198639970141727,0.22202537916651147,0.4397945013058534,25,50,20
12,2045,0.018314168492463038,0.3198659573428214,0.2220253728684193,0.4397945012962946,25,50,20
12,2046,0.018317130382769862,0.3198659573428483,0.22202537482352913,0.4397915374508511,25,50,20
12,2047,0.018320073125455593,0.31986595734284895,0.22202537487622187,0.43978859465547204,25,50,20
12,2048,0.01832415820987934,0.31986185080021484,0.22202539632931387,0.439788594660591,25,50,20
12,2049,0.01832119758174605,0.3198618508002058,0.2220253956399589,0.4397915559780886,25,50,20
12,2050,0.018325122101117378,0.3198618508002402,0.22202539860977727,0.43978762848886455,25,50,20
12,2051,0.01831116201722061,0.319876001405861,0.2220252080976553,0.4397876284792623,25,50,20
12,2052,0.018311111033168292,0.31987605161855925,0.2220252088690073,0.43978762847926395,25,50,20
12,2053,0.018312040556283424,0.31987605161859445,0.22202521188383095,0.4397866959412901,25,50,20
12,2054,0.02838065750628006,0.3198760463845968,0.21195669105804016,0.43978660505108286,25,50,20
12,2055,0.02837866135770281,0.31987604638452555,0.21195668438131132,0.4397886078764604,25,50,20
12,2056,0.02838486338988271,0.3198760463845185,0.21195668592727698,0.4397824042983219,25,50,20
12,2057,0.028298513279405114,0.3198760454411104,0.19795994987838225,0.4538654914011022,25,50,20
12,2058,0.02829851327902739,0.3198760453017232,0.19795995001814506,0.4538654914011043,25,50,20
12,2059,0.028298654619497227,0.3198759028107181,0.19795995116851198,0.4538654914012732,25,50,20
12,2060,0.0282225791761157,0.3198759078576542,0.19803602158102904,0.45386549138520066,25,50,20
12,2061,0.028221667834984827,0.3198759078576375,0.19803601936586238,0.4538664049415155,25,50,20
12,2062,0.02821755064093613,0.3198800290480387,0.1980360153721011,0.4538664049389242,25,50,20
12,2063,0.028219555326036167,0.3198780280128862,0.19803601172461438,0.4538664049364637,25,50,20
12,2064,0.06612916278583839,0.3198780231818721,0.16012637153684728,0.45386644249544306,25,50,20
12,2065,0.06612921372025073,0.31987802318185454,0.160126370242119,0.4538663928557763,25,50,20
12,2066,0.06613135018123127,0.31987588929618704,0.1601263676714858,0.4538663928510964,25,50,20
12,2067,0.06613134953453836,0.319875889908493,0.1601263677058312,0.453866392851138,25,50,20
12,2068,0.06613143809217048,0.31987579501461716,0.16012637402749136,0.45386639286572156,25,50,20
12,2069,0.06613123115341199,0.31987579501461516,0.1601263749266695,0.4538665989053039,25,50,20
12,2070,0.06613123236702804,0.3198757950146157,0.16012637496308046,0.45386659765527637,25,50,20
12,2071,0.06613820531722958,0.3198757950146509,0.16012637798471327,0.4538596216834069,25,50,20
12,2072,0.05606950892627705,0.3198757950423452,0.17019507489160524,0.4538596211397737,25,50,20
12,2073,0.05607247177072275,0.31987579504238184,0.17019507546897683,0.4538566577179192,25,50,20
12,2074,0.05607236675541705,0.31987590027613044,0.1701950752551262,0.45385665771332717,25,50,20
12,2075,0.056066450632452594,0.31987590027615775,0.1701950866638885,0.45386256242750195,25,50,20
12,2076,0.056074407377954494,0.3198679386854698,0.17019509149938344,0.45386256243719264,25,50,20
12,2077,0.056555813325007094,0.31986793865768987,0.16971366916641323,0.45386257885089043,25,50,20
12,2078,0.03437588074341305,0.3198679386071798,0.19189363860126574,0.4538625420481422,25,50,20
12,2079,0.03437292010942352,0.31986793860717105,0.19189364002281323,0.4538655012605931,25,50,20
12,2080,0.03437410341940816,0.3192568014805508,0.1925035938223549,0.45386550127768693,25,50,20
12,2081,0.03437114030448549,0.319256801480514,0.19250359322442467,0.4538684649905764,25,50,20
12,2082,0.03436721640763793,0.3192568014804794,0.1925035907360783,0.453872391375805,25,50,20
12,2083,0.034370246785491616,0.319256801480506,0.19250359059280253,0.45386936114120063,25,50,20
12,2084,0.034358336831312494,0.3192687205604554,0.1925035814814779,0.4538693611267551,25,50,20
12,2085,0.03436529328006686,0.3192617616645014,0.1925035839217052,0.45386936113372733,25,50,20
12,2086,0.03436520474384054,0.31926185651446454,0.1925035776225111,0.45386936111918424,25,50,20
12,2087,0.03481555111630786,0.31881128970934464,0.19250379804784462,0.4538693611265032,25,50,20
12,2088,0.034818345909345155,0.3194184450661035,0.19189384791280087,0.4538693611117508,25,50,20
12,2089,0.03482141502758276,0.3194184450660958,0.19189384870972856,0.45386629119659316,25,50,20
12,2090,0.034824442567052284,0.3194184450661224,0.1918938501669316,0.45386326219989387,25,50,20
12,2091,0.034824321099101156,0.31941856694366333,0.19189384975504434,0.4538632622021914,25,50,20
12,2092,0.0348212718881257,0.3194216161809184,0.19189384972876627,0.4538632622021899,25,50,20
12,2093,0.03482139374397615,0.3194214939190878,0.19189385013708446,0.45386326219985185,25,50,20
12,2094,0.034818343029944916,0.31942149391912206,0.19189385126994124,0.45386631178099207,25,50,20
12,2095,0.034493016851477716,0.31942730333718244,0.19215976309192087,0.4539199167194181,25,50,20
12,2096,0.05440868809446041,0.31942150931994107,0.17230348951344632,0.4538663130721526,25,50,20
12,2097,0.05434194054900069,0.31942150289569304,0.1723702196490346,0.4538663369062717,25,50,20
12,2098,0.0543379635012095,0.3194215028956582,0.17237021664143223,0.45387031696170055,25,50,20
12,2099,0.05388761824822412,0.31987206547524777,0.1723699993245684,0.4538703169519602,25,50,20
12,2100,0.05388069674421457,0.31987899332859854,0.17236999297998892,0.4538703169471984,25,50,20
12,2101,0.05388072330240634,0.3198789641009434,0.17236999563942487,0.4538703169572257,25,50,20
12,2102,0.053877780087119236,0.3198789641009882,0.17236999889386678,0.45387325691802594,25,50,20
12,2103,0.05388079337027631,0.31987594973079303,0.17236999997389024,0.453873256925041,25,50,20
12,2104,0.053880809697101906,0.3198759324814193,0.17237000089163554,0.45387325692984376,25,50,20
12,2105,0.05226194533525783,0.31987593214027804,0.17398895189761546,0.45387317062684707,25,50,20
12,2106,0.05225986206080526,0.31987593214030435,0.17398895427762945,0.4538752515212597,25,50,20
12,2107,0.052257793118207004,0.31987593214033927,0.17398895726687238,0.45387731747457943,25,50,20
12,2108,0.052254658444355034,0.31987906833031116,0.17398895575797943,0.4538773174673525,25,50,20
12,2109,0.05225069798629759,0.31988303172346544,0.1739889528225845,0.453877317467651,25,50,20
12,2110,0.0625719902222734,0.3198830317234671,0.16366766078506514,0.4538773172691946,25,50,20
12,2111,0.06257197299699982,0.3198830317234855,0.16366766217699363,0.45387733310252115,25,50,20
12,2112,0.08626295961331767,0.3198830341220294,0.13997382057180885,0.45388018569284383,25,50,20
12,2113,0.08696378149970067,0.31988303415014985,0.15335608209909773,0.4397971022510507,25,50,20
12,2114,0.08696768816983612,0.3198830341501669,0.15335608377453597,0.4397931939054606,25,50,20
12,2115,0.08697068417692931,0.3198800382139452,0.15335608370366638,0.43979319390545873,25,50,20
12,2116,0.08697361035008162,0.31987711275815905,0.15335608298876288,0.43979319390299565,25,50,20
12,2117,0.08649727678935445,0.3198771127509903,0.1538324332056643,0.43979317725398837,25,50,20
12,2118,0.08649429970050392,0.31988009278022966,0.15383243027760357,0.43979317724166,25,50,20
12,2119,0.09063256097629074,0.3198800792709944,0.14969124147292784,0.4397961182797841,25,50,20
12,2120,0.09108859343116261,0.31988007927325485,0.1492352333897013,0.4397960939058786,25,50,20
12,2121,0.09062935074781034,0.3198800793805988,0.14969447572040054,0.43979609415118703,25,50,20
12,2122,0.08991992421712064,0.3198800793520187,0.1504026993191014,0.43979729711175586,25,50,20
12,2123,0.08991778734934859,0.3198822136232455,0.15040270190854785,0.43979729711885496,25,50,20
12,2124,0.08991776974505933,0.3198822318784011,0.15040270126227728,0.4397972971142589,25,50,20
12,2125,0.09018335594450169,0.31988223188319415,0.15013830934878547,0.43979610282351544,25,50,20
12,2126,0.09018041624695725,0.3198822318831949,0.150138309394229,0.4397990424756157,25,50,20
12,2127,0.09017349676904991,0.3198822318831603,0.1501383064284593,0.4398059649193278,25,50,20
12,2128,0.09017062353668087,0.3198851037176307,0.1501383078212998,0.43980596492438584,25,50,20
12,2129,0.0901726021133231,0.3198831187066926,0.15013831424607146,0.4398059649339104,25,50,20
12,2130,0.09018051836173628,0.3198831187067724,0.15013831996224783,0.43979804296924124,25,50,20
12,2131,0.09011348151169568,0.31988311870461983,0.15013816148219364,0.439865238301488,25,50,20
12,2132,0.09011048609155585,0.3198861140103796,0.15013816159648807,0.43986523830157415,25,50,20
12,2133,0.09024305969313215,0.319886114103805,0.1501402768074712,0.43973054939558975,25,50,20
12,2134,0.09024398862311538,0.31988611410383977,0.15014027991936946,0.43972961735367355,25,50,20
12,2135,0.09024600463820409,0.3198861141038142,0.1501402770971211,0.4397276041608591,25,50,20
12,2136,0.09012467674612636,0.3198861140105327,0.15013817284088257,0.4398510364024568,25,50,20
12,2137,0.09019353891810354,0.31981706917129993,0.15013835522247942,0.43985103668811554,25,50,20
12,2138,0.09018269049407847,0.31982792245988817,0.15013835036760514,0.43985103667842684,25,50,20
12,2139,0.09017855263583392,0.31983208262297425,0.15013832806788352,0.43985103667330655,25,50,20
12,2140,0.09017555675350236,0.31983208262294643,0.15013832597914656,0.43985403464440304,25,50,20
12,2141,0.0901725951999273,0.31983504330981183,0.15013832684611125,0.43985403464414796,25,50,20
12,2142,0.09017584427599068,0.3198317441986378,0.15013837688322737,0.43985403464214184,25,50,20
12,2143,0.09017603965175935,0.3198315460368273,0.15013837938090735,0.43985403493050385,25,50,20
12,2144,0.09010525155279202,0.319902523309133,0.15013819050275184,0.43985403463532097,25,50,20
12,2145,0.09010227186816801,0.3199025233091241,0.15013819137503462,0.4398570134476711,25,50,20
12,2146,0.0901043397659012,0.31990252330908076,0.15013818811106908,0.4398549488139469,25,50,20
12,2147,0.09010418161013342,0.3199026830643115,0.15013818680008945,0.4398549485254635,25,50,20
12,2148,0.090107124788491,0.3199026830644273,0.1501381966718042,0.43985199547527537,25,50,20
12,2149,0.09010611751051283,0.3199026830643743,0.15013817984632516,0.439853019578786,25,50,20
12,2150,0.09010315684856422,0.31990564419635914,0.1501381793763286,0.4398530195787464,25,50,20
12,2151,0.0901061346519292,0.3199056441963244,0.15013817732236912,0.43985004382937576,25,50,20
12,2152,0.09010908099270915,0.31990564408672617,0.15013523161905332,0.439850043301511,25,50,20
12,2153,0.09034728533895851,0.31990564409043903,0.15013553468764212,0.4396115358829597,25,50,20
12,2154,0.0904142653066508,0.3199056440926648,0.15013572389950317,0.4395443667011807,25,50,20
12,2155,0.090414192518581,0.3199056440938422,0.15013579664852292,0.4395443667390533,25,50,20
12,2156,0.09038114098907042,0.31990564408917505,0.1501688401871931,0.43954437473456265,25,50,20
12,2157,0.09038408405136408,0.31990270106013424,0.15016884015394294,0.4395443747345597,25,50,20
12,2158,0.09039212460505515,0.319902701060099,0.1501688370899038,0.43953633724494273,25,50,20
12,2159,0.0903921230696849,0.3199027040100131,0.15016883567047504,0.4395363372498276,25,50,20
12,2160,0.09039207046904205,0.3199027561234375,0.15016883615514262,0.43953633725237834,25,50,20
12,2161,0.09039206988151478,0.3199027567543402,0.15016883611185278,0.4395363372522926,25,50,20
12,2162,0.0903920170044382,0.3199027567543483,0.150168836220876,0.4395363900203375,25,50,20
12,2163,0.1028891042700719,0.3199041311203393,0.13767037424930884,0.4395363903602767,25,50,20
12,2164,0.10289020692758831,0.3199029990336139,0.1376704036711933,0.4395363903676012,25,50,20
12,2165,0.12058489921128962,0.31990163401959815,0.1199770284109878,0.439536438358121,25,50,20
12,2166,0.12057484500709245,0.31990163401955274,0.11997702464847106,0.43954649632488035,25,50,20
12,2167,0.12057779065362163,0.31989868823491313,0.11997702478887408,0.4395464963225878,25,50,20
12,2168,0.1205807002360413,0.31989868823485057,0.11997702019456781,0.4395435913345374,25,50,20
12,2169,0.11666688117962687,0.3198986790243168,0.12389089416273079,0.4395435456333229,25,50,20
12,2170,0.0774532395256936,0.3198986773385942,0.1611209009871324,0.4415271821485785,25,50,20
12,2171,0.07744227531698444,0.31989867733851496,0.161120894767485,0.44153815257701423,25,50,20
12,2172,0.07799743713964336,0.31989867480915435,0.16056858823660405,0.44153529981459694,25,50,20
12,2173,0.07793862773199574,0.3198986748070283,0.16056840633120584,0.441594291129769,25,50,20
12,2174,0.07794554783444597,0.31989175165428285,0.16056840937682407,0.4415942911344459,25,50,20
12,2175,0.07794554732670435,0.31989175261320385,0.16056840892088595,0.4415942911392053,25,50,20
12,2176,0.07794547931691193,0.31989182197954036,0.1605684075693973,0.4415942911341502,25,50,20
12,2177,0.07744883139078997,0.3198918216508868,0.15949334163022236,0.4431660053281001,25,50,20
12,2178,0.07721531620154277,0.31989209030433036,0.1597266088750333,0.44316598461909,25,50,20
12,2179,0.07721745482483498,0.31989209030428667,0.15972660725200874,0.4431638476188665,25,50,20
12,2180,0.07721353003256338,0.31989601807729295,0.1597266042759504,0.44316384761419003,25,50,20
12,2181,0.07721657798237881,0.31989601807729323,0.15972660434158273,0.4431607995987417,25,50,20
12,2182,0.07721456520007419,0.31989601807733714,0.15972660797679597,0.44316280874578967,25,50,20
12,2183,0.0772146148969185,0.31989596858434416,0.15972660777078096,0.44316280874795394,25,50,20
12,2184,0.08946907218539708,0.31989596844241164,0.14747215351821025,0.44316280585398005,25,50,20
12,2185,0.08947206839551272,0.3198959684424031,0.1474721533892577,0.44315980977282565,25,50,20
12,2186,0.08947898754870165,0.3198890464369838,0.14747215623906798,0.4431598097752456,25,50,20
12,2187,0.0894779170289283,0.31988904643705374,0.14747216225804688,0.4431608742759703,25,50,20
12,2188,0.08947285374089371,0.3198890464369555,0.1474721545899684,0.44316594523218156,25,50,20
12,2189,0.08946998024867252,0.31988904643696503,0.14747215529258542,0.4431688180217763,25,50,20
12,2190,0.08947287006399643,0.3198890464369642,0.14747215524800653,0.443165928251032,25,50,20
12,2191,0.08948198467907847,0.31987984689410065,0.14747224015618648,0.44316592827063345,25,50,20
12,2192,0.08947288695504856,0.31988902873913466,0.14747215605478428,0.44316592825103157,25,50,20
12,2193,0.08947562968143362,0.3198863361952136,0.1474721058727366,0.44316592825061546,25,50,20
12,2194,0.09027643621153142,0.31988633623003576,0.14667129091007813,0.4431659366483537,25,50,20
12,2195,0.09026531213358015,0.31988633622991,0.1466712807710663,0.4431770708654427,25,50,20
12,2196,0.09026617175341331,0.3198863362299359,0.1466712831296706,0.4431762088869793,25,50,20
12,2197,0.09027708451375416,0.3198863362299975,0.14667128905080745,0.4431652902054401,25,50,20
12,2198,0.09583520103964414,0.31988633623190643,0.14111317201592927,0.4431652907125199,25,50,20
12,2199,0.0958321337937574,0.31988633623191504,0.14111317060035974,0.4431683593739673,25,50,20
12,2200,0.09583421984029668,0.3198863362318894,0.14111316828252685,0.44316627564528666,25,50,20
12,2201,0.09583426125048634,0.3198860675796615,0.1411133955193713,0.44316627565047845,25,50,20
12,2202,0.09346276003857648,0.3198860685936385,0.14348489480656407,0.44316627656121876,25,50,20
12,2203,0.09322749412626036,0.31988606858992474,0.14348459162328406,0.4434018456605285,25,50,20
12,2204,0.09322742247671091,0.3198860685899155,0.14348459095358027,0.4434019179797907,25,50,20
12,2205,0.0932234447867026,0.3198900493516985,0.1434845878865681,0.4434019179750281,25,50,20
12,2206,0.0932215178731267,0.3198900493516366,0.1434845819127991,0.44340385086243506,25,50,20
12,2207,0.09322151666833321,0.31989004935163634,0.1434845818995003,0.44340385208052746,25,50,20
12,2208,0.09322152040394745,0.3198900493516459,0.14348458199537545,0.4434038482490285,25,50,20
12,2209,0.09321859292598622,0.3198900493516636,0.14348458281388646,0.443406774908461,25,50,20
12,2210,0.0932185929423615,0.319890049334989,0.14348458281418455,0.4434067749084625,25,50,20
12,2211,0.09321864823740826,0.319889993936128,0.14348458291799773,0.4434067749084636,25,50,20
12,2212,0.09322071478855283,0.3198899939360755,0.14348457913364374,0.44340471214172517,25,50,20
12,2213,0.09322059271547861,0.31989014181062164,0.1434845533373684,0.4434047121365286,25,50,20
12,2214,0.0932205926965279,0.3198901416348375,0.1434845535297643,0.4434047121388677,25,50,20
12,2215,0.0932244430927378,0.3198901416348801,0.14348455602646892,0.4434008592459111,25,50,20
12,2216,0.07748456771320218,0.3198901440724674,0.15922442358869002,0.443400864625638,25,50,20
12,2217,0.07748761565170784,0.31988709602251736,0.15922442370013445,0.4434008646256379,25,50,20
12,2218,0.07748763012769982,0.3198870811644711,0.15922442408214801,0.4434008646256786,25,50,20
12,2219,0.077493625635032,0.3198810861825702,0.15922442355671598,0.4434008646256793,25,50,20
12,2220,0.07748970170875259,0.3198850131036458,0.15922442056663783,0.44340086462096073,25,50,20
12,2221,0.07748971769922468,0.31988501310367246,0.1592244220010919,0.4434008471960082,25,50,20
12,2222,0.0774876498630793,0.3198850131037165,0.15922442515657764,0.44340291187662395,25,50,20
12,2223,0.039015401856256425,0.31988501320585105,0.1976966730844432,0.44340291185344927,25,50,20
12,2224,0.038958697101760906,0.31988501319518703,0.20131039218397434,0.43984589751907577,25,50,20
12,2225,0.038958646373631944,0.319885063879849,0.2013103922250593,0.43984589752145764,25,50,20
12,2226,0.038969773338532195,0.3198850638798603,0.20131042457226592,0.4398347382093398,25,50,20
12,2227,0.03898807117754758,0.3198850638799892,0.20129340436784265,0.43983346057461864,25,50,20
12,2228,0.03898813444649078,0.31988506388006877,0.20129334110418068,0.439833460569256,25,50,20
12,2229,0.039022532760568815,0.3198850637830133,0.20116995421615275,0.4399224492402612,25,50,20
12,2230,0.03902650951712306,0.3198810833657941,0.20116995786483166,0.4399224492522478,25,50,20
12,2231,0.039026441720052645,0.3198810833657855,0.20116995719903802,0.43992251771512064,25,50,20
12,2232,0.039016225392343534,0.31988108336558574,0.20118019429079337,0.43992249695127406,25,50,20
12,2233,0.039016224177308524,0.319881083365595,0.2011801942874749,0.43992249816961865,25,50,20
12,2234,0.039016276768529694,0.3198810833655872,0.2011801941789305,0.43992244568695005,25,50,20
12,2235,0.039016417896480325,0.3198810833655793,0.201180195112296,0.43992230362564205,25,50,20
12,2236,0.03901948213455698,0.31988108336557075,0.20118019547381544,0.4399192390260545,25,50,20
12,2237,0.03901648707327548,0.3198840785301023,0.20118019537290394,0.43991923902371605,25,50,20
12,2238,0.039016485239823706,0.3198840803506432,0.20118019538577422,0.43991923902375696,25,50,20
12,2239,0.03893036163508077,0.3198840803457663,0.19663215845253249,0.4445533995666186,25,50,20
12,2240,0.037075778139017364,0.3198841576834325,0.19847218131017447,0.44456788286737386,25,50,20
12,2241,0.03707581342531599,0.3198841576834147,0.1984721804719884,0.44456784841927915,25,50,20
12,2242,0.07115997938828061,0.3198841552516104,0.16438802172788136,0.4445678436322258,25,50,20
12,2243,0.07115498159819313,0.3198891504792814,0.1643880242853694,0.44456784363715485,25,50,20
12,2244,0.07115401717390576,0.31988915047923766,0.16438802422302456,0.44456880812383126,25,50,20
12,2245,0.070353369043155,0.31988915055279266,0.1651886802754702,0.4445688001285796,25,50,20
12,2246,0.07579329646674031,0.31988915054843947,0.15974741553833385,0.44457013744648427,25,50,20
12,2247,0.07578238276553981,0.319889150548378,0.15974740962530348,0.4445810570607771,25,50,20
12,2248,0.07578331333320594,0.319889150548422,0.15974741326874148,0.444580122849629,25,50,20
12,2249,0.0757833669218575,0.3198890968288377,0.1597474133973326,0.44458012285197035,25,50,20
12,2250,0.07636872508238389,0.31988944716284035,0.15916169669670416,0.4445801310580695,25,50,20
12,2251,0.07636260844631022,0.31988944716285705,0.1591616969140762,0.4445862474767541,25,50,20
12,2252,0.07636254060359121,0.31988950900180074,0.15916170292261428,0.4445862474719916,25,50,20
12,2253,0.07636254755232953,0.3198894915592465,0.1591617133970992,0.4445862474913225,25,50,20
12,2254,0.07636571929518722,0.3198894915592471,0.1591617118849898,0.4445830772605737,25,50,20
12,2255,0.07636964356984008,0.31988949155929997,0.15916171570292184,0.44457914916793584,25,50,20
12,2256,0.07636976316206362,0.31988949155927304,0.1591617160201758,0.4445790292584853,25,50,20
12,2257,0.07683888004307662,0.31988949155800706,0.15869259910219266,0.444579029296722,25,50,20
12,2258,0.07707419286129186,0.3198894915601349,0.1586927816726571,0.44434353390591447,25,50,20
12,2259,0.07707424710196968,0.3198894915601088,0.15869278124814204,0.4443434800897784,25,50,20
12,2260,0.07707740998818569,0.3198548610843547,0.15872424883754932,0.44434348008990915,25,50,20
12,2261,0.07708042236040596,0.319854861084418,0.15872425751544905,0.44434045903972597,25,50,20
12,2262,0.07664626201005736,0.31985486108590266,0.15915781478951616,0.4443410621145229,25,50,20
12,2263,0.07696249622703402,0.3198548610851775,0.15884291869309575,0.4443397239946917,25,50,20
12,2264,0.07694986455974678,0.3198548610860248,0.16348229315800522,0.4397129811962233,25,50,20
12,2265,0.0766046457801618,0.31985451692434097,0.16382783489776342,0.4397130023977318,25,50,20
12,2266,0.07661161788714994,0.3198545169243051,0.16382782914825847,0.43970603604028463,25,50,20
12,2267,0.07660343635986847,0.3198545169243127,0.16382783711349005,0.4397142096023267,25,50,20
12,2268,0.0763631724003756,0.31985451064241344,0.16406813690314706,0.4397141800540619,25,50,20
12,2269,0.07637009695061509,0.3198545106424591,0.16406813992914845,0.43970725247777515,25,50,20
12,2270,0.07642510129664108,0.31979942507739917,0.16406822114560424,0.4397072524803535,25,50,20
12,2271,0.07990037883930826,0.31979937588274043,0.16060630495619715,0.4396939403217527,25,50,20
12,2272,0.07992428561478607,0.31979937588280977,0.1605823982650971,0.43969394023730674,25,50,20
12,2273,0.07992435359223476,0.31979937588280893,0.16058235933441192,0.43969391119054413,25,50,20
12,2274,0.07992447732156926,0.3197992518609098,0.16058235963160913,0.4396939111859106,25,50,20
12,2275,0.07991757028916453,0.31979925186087454,0.1605823573748469,0.439700820475113,25,50,20
12,2276,0.07992370100299043,0.3197992518614898,0.16057622681271203,0.4397008203228068,25,50,20
12,2277,0.07992573110294304,0.319799251861455,0.16057622383936387,0.4396987931962367,25,50,20
12,2278,0.0799228048347251,0.31979925186206165,0.1605762294329865,0.43970171387022505,25,50,20
12,2279,0.07991966759833555,0.31979925186206243,0.16057622949503852,0.43970485104456203,25,50,20
12,2280,0.07991852820080361,0.31979925186214136,0.1605762351665196,0.439705984770534,25,50,20
12,2281,0.06439041706047052,0.31979922267159416,0.1761055478462599,0.4397048124216745,25,50,20
12,2282,0.06438735069959267,0.319799222671602,0.1761055469368851,0.43970787969191916,25,50,20
12,2283,0.06433240888759112,0.3198542555186779,0.17610545592125637,0.4397078796724736,25,50,20
12,2284,0.06429860558489725,0.3198542555186625,0.17613923841198864,0.43970790048444913,25,50,20
12,2285,0.06279140515364481,0.31985431791082397,0.1776461530774704,0.43970812385805863,25,50,20
12,2286,0.06260199944786735,0.31985431791976426,0.17783555792496247,0.43970812470740384,25,50,20
12,2287,0.0625999490744837,0.319856364433594,0.1778355617749097,0.43970812471701093,25,50,20
12,2288,0.06260301505490515,0.3198563644335859,0.17783556258921177,0.4397050579222955,25,50,20
12,2289,0.06260115810029913,0.31985636443352466,0.17783555728356137,0.4397069201826127,25,50,20
12,2290,0.0625991800573795,0.31985833884900294,0.17783556092065037,0.4397069201729653,25,50,20
12,2291,0.06260205412450703,0.3198583388491184,0.17783564613790337,0.43970396088846925,25,50,20
12,2292,0.042925955775911344,0.3198582892807852,0.19751125817535686,0.4397044967679446,25,50,20
12,2293,0.0429258596406521,0.31988985928205205,0.19747978430947438,0.4397044967678185,25,50,20
12,2294,0.04049074570420886,0.32077738471955797,0.19902812172413692,0.4397037478520927,25,50,20
12,2295,0.04049055247648286,0.3207775788346093,0.19902812083455895,0.43970374785434596,25,50,20
12,2296,0.04049062377760211,0.32077750670903304,0.1990281216565909,0.4397037478567705,25,50,20
12,2297,0.04049660050676637,0.32074908926289397,0.19905056237845237,0.43970374785188393,25,50,20
12,2298,0.040494512731931075,0.32074908926230344,0.19895628804297352,0.43980010996278923,25,50,20
12,2299,0.040491516503208966,0.32074908926231155,0.19895628814345825,0.43980310609101925,25,50,20
12,2300,0.04049452937356889,0.3207490892623205,0.19895628877911714,0.4398000925849916,25,50,20
12,2301,0.04049453058122724,0.3207490882557325,0.19895628858038697,0.43980009258265135,25,50,20
12,2302,0.04049758011184241,0.3207351861889582,0.19896714111654631,0.43980009258265107,25,50,20
12,2303,0.04050064682873474,0.3207351861889572,0.19896714000836685,0.4397970269739397,25,50,20
12,2304,0.04049757889576547,0.32073825456604493,0.198967139561953,0.43979702697623485,25,50,20
12,2305,0.04049373835119562,0.32076453592234555,0.19894469875481846,0.43979702697163864,25,50,20
12,2306,0.04049372175702423,0.3207645528801427,0.1989446983911937,0.43979702697163764,25,50,20
12,2307,0.040493705459470404,0.32076455288011707,0.19894469693460945,0.4397970447258019,25,50,20
12,2308,0.04049064057835307,0.32076455288009936,0.19894469611993454,0.43980011042161193,25,50,20
12,2309,0.04049069442781574,0.32076455288010836,0.19894469628713213,0.43980005640494274,25,50,20
12,2310,0.04049069221973647,0.3207754173585648,0.19893383401675838,0.43980005640493935,25,50,20
12,2311,0.04056040002886424,0.32077541736279075,0.1988641469603518,0.4398000356479929,25,50,20
12,2312,0.040564236934868284,0.320771579106395,0.19886414831333524,0.4398000356454008,25,50,20
12,2313,0.060819606342769734,0.3207715791074383,0.17865776347719492,0.4397510510725963,25,50,20
12,2314,0.06081962321264665,0.32077156145301816,0.1786577642617376,0.4397510510725966,25,50,20
12,2315,0.06081750298066422,0.3207715614530797,0.17865776778142325,0.43975316778483176,25,50,20
12,2316,0.06081755534287092,0.3207715614530787,0.1786577676960045,0.4397531155080452,25,50,20
12,2317,0.0608196643891089,0.32076940792551123,0.17865781202928233,0.439753115656097,25,50,20
12,2318,0.06081367420303652,0.32077539729954024,0.17865781284132254,0.4397531156561,25,50,20
12,2319,0.06099633404902864,0.32077539730328974,0.17840947156484294,0.43981879708283805,25,50,20
12,2320,0.061215189197590954,0.3207753989070744,0.17823711557388633,0.4397722963214485,25,50,20
12,2321,0.06121301067902213,0.32077762256435305,0.17823707058084676,0.43977229617577807,25,50,20
12,2322,0.061215059499768756,0.3207776225643277,0.1782370682992741,0.43977024963662914,25,50,20
12,2323,0.06118309544345167,0.3207776225676004,0.1782696343838817,0.43976964760506376,25,50,20
12,2324,0.06163910325344726,0.32077762264195686,0.17781362628378536,0.43976964782080813,25,50,20
12,2325,0.061649877138055593,0.3207776226414204,0.17781362623836805,0.43975887398215413,25,50,20
12,2326,0.06164980566821282,0.3207776226415345,0.17781363546334383,0.43975893622690715,25,50,20
12,2327,0.061657725133117125,0.3207696960518385,0.17781364257857082,0.4397589362364719,25,50,20
12,2328,0.06165394192695532,0.3207696960517872,0.1778136398937689,0.43976272212748685,25,50,20
12,2329,0.06165101751603047,0.3207696960516822,0.17781363086302698,0.43976565556925856,25,50,20
12,2330,0.061648217632652706,0.32076969616147644,0.1779127677426599,0.43966931846321017,25,50,20
12,2331,0.06171109202472414,0.3207066012040534,0.17791298788690438,0.43966931888431815,25,50,20
12,2332,0.061708166340616454,0.3207066012039469,0.17791290325923687,0.4396723291961998,25,50,20
12,2333,0.061705257708920505,0.3207095091379786,0.1779129039591131,0.43967232919398774,25,50,20
12,2334,0.0617052238993102,0.32070954391659845,0.17791290299027282,0.4396723291938185,25,50,20
12,2335,0.06170522332536344,0.32070954453429534,0.17791290294660744,0.43967232919373367,25,50,20
12,2336,0.06169737487040706,0.320717399528565,0.17791289641681662,0.43967232918421134,25,50,20
12,2337,0.06189256266161776,0.32071739951762573,0.17771770977454818,0.43967232804620787,25,50,20
12,2338,0.06189948725459169,0.3207173995176509,0.17771771354165045,0.43966539968610635,25,50,20
12,2339,0.06189649352984557,0.3207173995176231,0.17771771150689425,0.4396683954456361,25,50,20
12,2340,0.06166023367508851,0.32071739951545064,0.17771752472335714,0.4399048420861025,25,50,20
12,2341,0.051380993224324614,0.32071740376841956,0.18799620171353384,0.4399054012937209,25,50,20
12,2342,0.05131142062698669,0.3198298655070019,0.18895332347156116,0.43990539039445026,25,50,20
12,2343,0.05130445937382512,0.3198298655069671,0.18895331999938453,0.43991235511982313,25,50,20
12,2344,0.05142397144671777,0.3198298655091359,0.18895362384122227,0.439792539202924,25,50,20
12,2345,0.051427824735721675,0.31982600898410474,0.18895362706768232,0.4397925392124911,25,50,20
12,2346,0.05142468866530396,0.3198260089841124,0.18895362610582403,0.43979567624475907,25,50,20
12,2347,0.03096717837135357,0.3198260073799462,0.20941200649197703,0.4397948077567213,25,50,20
12,2348,0.030964060848384673,0.3198260073799462,0.2094120059955648,0.43979792577610227,25,50,20
12,2349,0.030964042915631526,0.31982600737993916,0.20941200700535384,0.43979794269907346,25,50,20
12,2350,0.030964079268463684,0.3198260073799643,0.20941200734010004,0.4397979060114699,25,50,20
12,2351,0.02834674112304951,0.31982646269157444,0.21202848087704068,0.43979831530833374,25,50,20
12,2352,0.028276825426073987,0.3198966034070624,0.21202825629157934,0.43979831487528287,25,50,20
12,2353,0.02827995979088102,0.31989660340709825,0.21202825839727743,0.4397951784047421,25,50,20
12,2354,0.028286877743093086,0.3198966034071333,0.21202826138832426,0.43978825746144795,25,50,20
12,2355,0.02827887742932584,0.3198966034058836,0.21203626172078743,0.4397882574440007,25,50,20
12,2356,0.028278946400065178,0.319896532921158,0.21203626322758803,0.43978825745118644,25,50,20
12,2357,0.02827202649789915,0.3199034566517418,0.2120362594086515,0.4397882574417054,25,50,20
12,2358,0.03782930690961643,0.3199034566504784,0.20247891852987954,0.4397883179100237,25,50,20
12,2359,0.03760005864507354,0.3199034566427251,0.19918555437183538,0.44331093034036323,25,50,20
12,2360,0.037605101085925526,0.31989836870362565,0.19918559986742612,0.4433109303430199,25,50,20
12,2361,0.03714696109783947,0.3198983686249639,0.1996437412265308,0.4433109290506615,25,50,20
12,2362,0.03702859269941693,0.3198983686238504,0.19964350370753878,0.44342953496918974,25,50,20
12,2363,0.03704350019951156,0.31988345065500723,0.199643514156911,0.44342953498856547,25,50,20
12,2364,0.03704649392968053,0.31988345065503554,0.1996435162298636,0.4434265391854161,25,50,20
12,2365,0.03703352998956946,0.3198964182726576,0.1996435125596155,0.44342653917815317,25,50,20
12,2366,0.03704050125348781,0.3198894438709861,0.19964351569022834,0.44342653918529346,25,50,20
12,2367,0.03711043678917189,0.31981927779950464,0.19964374564746049,0.4434265397638587,25,50,20
12,2368,0.037110505515250636,0.31981927779951336,0.19964374631407986,0.4434264703711519,25,50,20
12,2369,0.03710541075555013,0.3198244180472998,0.19964370082877936,0.4434264703683666,25,50,20
12,2370,0.03708632488687515,0.3198244180470429,0.20325105972934385,0.4398381973367346,25,50,20
12,2371,0.03708528664206051,0.31982441804597034,0.2032509938146889,0.4398393014972767,25,50,20
12,2372,0.03707836775947901,0.31982441804593564,0.20325099083458906,0.4398462233599931,25,50,20
12,2373,0.03708325978821013,0.31982442417336676,0.20324611779891813,0.43984619823950305,25,50,20
12,2374,0.037083316320020814,0.3198243677052766,0.20324611773753343,0.4398461982371674,25,50,20
12,2375,0.037077290986911135,0.3198243614680079,0.20325214837227165,0.43984619917280765,25,50,20
12,2376,0.03708414122698867,0.31982436146803384,0.20325215072117483,0.4398393465838015,25,50,20
12,2377,0.03708514221051188,0.3198233674548348,0.20325214376530318,0.4398393465693485,25,50,20
12,2378,0.03708512618898775,0.3198233674548345,0.20325214322952043,0.4398393631266559,25,50,20
12,2379,0.03708512605053475,0.31982336745589723,0.20325214647148226,0.43983936002208407,25,50,20
12,2380,0.03708207689355302,0.31982641664189015,0.20325214644238826,0.439839360022167,25,50,20
12,2381,0.03713482846691779,0.3198264166419782,0.2031982179060728,0.43984053698502984,25,50,20
12,2382,0.0500252911165433,0.31982595711924117,0.19030916534796333,0.4398395864162506,25,50,20
12,2383,0.05009814303851998,0.3197529183542959,0.19030935189558393,0.43983958671159884,25,50,20
12,2384,0.05016478687667264,0.31975291846539944,0.1902427075182012,0.43983958713972326,25,50,20
12,2385,0.05016485720790641,0.3197528464186214,0.19024270923361386,0.43983958713985466,25,50,20
12,2386,0.06610147334915543,0.3197528466322984,0.17430607404597495,0.4398396059725662,25,50,20
12,2387,0.06609050882505708,0.31975284663222814,0.17430606797587334,0.43985057656683685,25,50,20
12,2388,0.03102629369147409,0.31975285570214446,0.20937019812476593,0.4398506524816106,25,50,20
12,2389,0.03095552402531625,0.31982381520805203,0.20937000858504462,0.4398506521815824,25,50,20
12,2390,0.030952598319506128,0.319823815208042,0.20937000780517814,0.4398535786672691,25,50,20
12,2391,0.021408813699622872,0.3198238165810327,0.21891389719644294,0.4398534725228982,25,50,20
12,2392,0.021405800881411075,0.31982683006237544,0.21891389653101231,0.43985347252519785,25,50,20
12,2393,0.02140665970245159,0.3198268300613303,0.21891389551831483,0.43985261471790027,25,50,20
12,2394,0.021405550718509136,0.31982689193879404,0.21891494894233055,0.43985260840036333,25,50,20
12,2395,0.02140458580609975,0.3198268919381703,0.21891589268921405,0.43985262956651394,25,50,20
12,2396,0.021401503811665307,0.3198268919381433,0.21891589069947848,0.43985571355071135,25,50,20
12,2397,0.021412417500583477,0.3198268919382136,0.21891589676142068,0.4398447937997807,25,50,20
12,2398,0.02141270617501585,0.3198268286873795,0.21891567190810787,0.43984479322949527,25,50,20
12,2399,0.02141453437748044,0.3198250390811443,0.21891563359526298,0.4398447929461106,25,50,20
12,2400,0.021863774238288444,0.3198588594416294,0.21843257313883271,0.4398447931812479,25,50,20
12,2401,0.043914366817956,0.31985885930724484,0.1955713675694939,0.4406554063053026,25,50,20
12,2402,0.0459040476509826,0.3198588592289096,0.19439231973996843,0.4398447733801376,25,50,20
12,2403,0.04589611192586968,0.31985885922886675,0.19439231516158922,0.4398527136836731,25,50,20
12,2404,0.04582847663884662,0.3198588592325652,0.19445995086316306,0.4398527132654234,25,50,20
12,2405,0.045824552708105086,0.3198627863062605,0.19445994772743538,0.43985271325819747,25,50,20
12,2406,0.045827619829661194,0.3198597194632814,0.19445994745596004,0.4398527132510964,25,50,20
12,2407,0.045843817554100504,0.3198597194674397,0.1944600894879201,0.4398363734905398,25,50,20
12,2408,0.0453672338328945,0.3198258991087595,0.194970493830746,0.4398363732276001,25,50,20
12,2409,0.04529560683057793,0.3198977164990857,0.1949703037306487,0.43983637293968786,25,50,20
12,2410,0.04529257773038272,0.3198977164990594,0.19497030233838444,0.4398394034321734,25,50,20
12,2411,0.04529352355841659,0.3198977164991123,0.1949703066533096,0.4398384532891615,25,50,20
12,2412,0.04527047712692742,0.3198977164949461,0.19497016356514263,0.43986164281298384,25,50,20
12,2413,0.04527042296667789,0.3198977164949287,0.19497016230257014,0.4398616982358232,25,50,20
12,2414,0.04526833551021315,0.3198980720936084,0.19497189415797714,0.4398616982382013,25,50,20
12,2415,0.04526545991014358,0.3199009468109446,0.19497189503586396,0.4398616982430476,25,50,20
12,2416,0.04047627321310133,0.319900940655942,0.19976116807163874,0.43986161805931817,25,50,20
12,2417,0.04047620336967223,0.3199009406559157,0.19976116662849602,0.4398616893459165,25,50,20
12,2418,0.04047613439081938,0.31990094065589836,0.19976116539076558,0.4398617595625176,25,50,20
12,2419,0.040477952569397097,0.3199009406558611,0.19975933951417046,0.4398617672605712,25,50,20
12,2420,0.040481876488999424,0.31989701380301194,0.19975934244257246,0.4398617672654158,25,50,20
12,2421,0.04047886316866688,0.31990003006672085,0.19975933949447333,0.43986176727013815,25,50,20
12,2422,0.04047874258772397,0.3199000300667305,0.19975933849287342,0.439861888852671,25,50,20
12,2423,0.04047954178636934,0.3199000299500823,0.19975853942326083,0.439861888840287,25,50,20
12,2424,0.040479469280746506,0.31990010418869863,0.1997585376904401,0.43986188884011307,25,50,20
12,2425,0.04041971728157485,0.319900104188645,0.19981949514702768,0.43986068338275125,25,50,20
12,2426,0.04042271458833477,0.3198971066694952,0.1998194953642206,0.439860683377948,25,50,20
12,2427,0.040427225686119825,0.3198971066700194,0.19976361264110923,0.4399120550027492,25,50,20
12,2428,0.04043027458419862,0.3198971066700196,0.19976361266065307,0.43990900608512645,25,50,20
12,2429,0.04044236816808439,0.3198971066710735,0.19975151944445277,0.4399090057163869,25,50,20
12,2430,0.04043883754665721,0.31989710674848587,0.19980644277449802,0.43985761293035686,25,50,20
12,2431,0.04044105814175734,0.3198967512574691,0.19980457767520998,0.43985761292556025,25,50,20
12,2432,0.040437134556388615,0.3199006777353012,0.19980457478754826,0.43985761292075887,25,50,20
12,2433,0.040440008834339285,0.31989780450163374,0.19980457375049318,0.4398576129135307,25,50,20
12,2434,0.04044692957930298,0.3198908807374194,0.19980457676490246,0.43985761291837244,25,50,20
12,2435,0.04043793771817215,0.3198908807363927,0.19981356863143884,0.4398576129139931,25,50,20
12,2436,0.04043995367600186,0.3198908807363667,0.19981356576020368,0.4398555998274253,25,50,20
12,2437,0.04043990209074094,0.3198908807363762,0.19981356663670538,0.4398556505361752,25,50,20
12,2438,0.04043990214154666,0.3198908807384541,0.1998135735425216,0.4398556435774754,25,50,20
12,2439,0.04044382612006838,0.3198867628511673,0.199813767446515,0.43985564358224716,25,50,20
12,2440,0.04044475376672608,0.31988676285119283,0.1998137707372919,0.43985471264478704,25,50,20
12,2441,0.04044480533687666,0.3198867628511833,0.19981376984788696,0.439854661964051,25,50,20
12,2442,0.040443861720318254,0.31988676285114936,0.1998137669482146,0.4398556084803157,25,50,20
12,2443,0.040443720959062165,0.3198869047600807,0.19981376580053897,0.4398556084803164,25,50,20
12,2444,0.04044074181781875,0.31988690476007164,0.19981376769339892,0.4398585857287089,25,50,20
12,2445,0.04050449532226332,0.3198869047642549,0.19975001387588645,0.4398585860375935,25,50,20
12,2446,0.04050437145745105,0.31988702954356013,0.19975001295909892,0.43985858603988803,25,50,20
12,2447,0.04050736744875769,0.3198840336238689,0.1997500128874841,0.4398585860398876,25,50,20
12,2448,0.040504373955149636,0.31988702415939696,0.1997500158311065,0.4398585860543451,25,50,20
12,2449,0.040500397385299314,0.3198911947520627,0.19974982181310408,0.43985858604953193,25,50,20
12,2450,0.04050437359463262,0.31988721534248027,0.19974982500621366,0.43985858605667133,25,50,20
12,2451,0.040504360878871326,0.31988721534246956,0.19974983772185873,0.43985858605679967,25,50,20
12,2452,0.040516197254494186,0.31988721534229947,0.19973800133905542,0.43985858606415007,25,50,20
12,2453,0.04051521501450305,0.3198872153401602,0.19973799099498313,0.43985957865035324,25,50,20
12,2454,0.04051235766124272,0.3198872153401881,0.1997379925287936,0.43986243446977524,25,50,20
12,2455,0.0405121661255171,0.31988721534016024,0.19973799098721706,0.43986262754710514,25,50,20
12,2456,0.04051223417538348,0.31988721534017733,0.19973799171013187,0.4398625587743071,25,50,20
12,2457,0.04051123760493032,0.3198872152622229,0.19973778172559847,0.43986376540724687,25,50,20
12,2458,0.0405119951713218,0.3198872153309097,0.1997370203611239,0.4398637691366435,25,50,20
12,2459,0.040518966581837484,0.31988721533097125,0.19973702483687292,0.4398567932503172,25,50,20
12,2460,0.04051994917104152,0.3198862283044425,0.19973702926225023,0.4398567932622647,25,50,20
12,2461,0.04052086159004655,0.31988622830446806,0.19973703157281764,0.43985587853266656,25,50,20
12,2462,0.040520840916410714,0.3198862283044677,0.19973703150504146,0.43985589927407864,25,50,20
12,2463,0.04069633277013151,0.3198862283084825,0.17024250671321348,0.4691749322081713,25,50,20
12,2464,0.04076313676927078,0.31988622831164265,0.17024272229185436,0.46910791262723067,25,50,20
12,2465,0.04070718486844669,0.31988622830741414,0.17029865334121808,0.4691079334829204,25,50,20
12,2466,0.04073372203914948,0.31988623455010834,0.17027161991844544,0.4691084234922948,25,50,20
12,2467,0.04073272113575974,0.3198862345501871,0.17027162658920653,0.46910941772484455,25,50,20
12,2468,0.04073564602907741,0.3198833131284835,0.17027162313200792,0.46910941771042963,25,50,20
12,2469,0.04073689904704968,0.3198820171014175,0.17027166600017032,0.46910941785136123,25,50,20
12,2470,0.04073887872879035,0.3198820171014982,0.1702716723365783,0.46910743183313214,25,50,20
12,2471,0.04073197462873835,0.3198889235074976,0.17027167003279522,0.46910743183096754,25,50,20
12,2472,0.04076292987805914,0.31988892350775555,0.1702716915993396,0.46907645501484474,25,50,20
12,2473,0.04067744040983768,0.319888923666295,0.17035718364202232,0.4690764522818436,25,50,20
12,2474,0.04067052044128279,0.3198889236662417,0.1703571792619045,0.46908337663057,25,50,20
12,2475,0.04067041542900324,0.319889028945274,0.17035717899995675,0.46908337662576466,25,50,20
12,2476,0.04066943414448414,0.3198890289452229,0.17035717521004135,0.46908436170025,25,50,20
12,2477,0.04059335468784622,0.3198890259896976,0.17043327128274702,0.4690843480397085,25,50,20
12,2478,0.040593354668446185,0.31988902598969743,0.17043327125736046,0.46908434808449523,25,50,20
12,2479,0.040582421829493925,0.31988902598961927,0.17043326614043786,0.4690952860404483,25,50,20
12,2480,0.04057949328254616,0.3198919536727777,0.17043326699950737,0.4690952860451681,25,50,20
12,2481,0.05646569058031035,0.3198919538341196,0.15454703579177487,0.46909531979379393,25,50,20
12,2482,0.05646574849840833,0.31989189514250166,0.15454703656762991,0.4690953197914585,25,50,20
12,2483,0.056465732231073054,0.31989189514250127,0.15454703602378528,0.4690953366026392,25,50,20
12,2484,0.056435038720009885,0.31989189514229766,0.15454701793350306,0.4691260482041884,25,50,20
12,2485,0.05643612391592034,0.3198918951422438,0.15454701306480284,0.4691249678770319,25,50,20
12,2486,0.05643931583597489,0.3198918951422457,0.1545470142295776,0.46912177479220074,25,50,20
12,2487,0.056430374916375516,0.31989189491746134,0.154555956349889,0.46912177381627307,25,50,20
12,2488,0.056428398956276694,0.31989189491739195,0.15455595029874641,0.4691237558275841,25,50,20
12,2489,0.056429346111223584,0.3198918949174259,0.1545559522173623,0.46912280675398726,25,50,20
12,2490,0.05642934525087157,0.3198918949174262,0.15455595073070547,0.46912280910099574,25,50,20
12,2491,0.05643158808283585,0.31988965477152653,0.15455594805381548,0.4691228090918211,25,50,20
12,2492,0.05627136291095651,0.3198896547686815,0.14406295494023147,0.479776027380129,25,50,20
12,2493,0.0559095243506067,0.31988965478138787,0.14442477207000837,0.4797760487979954,25,50,20
12,2494,0.055909625292721386,0.31988965478138653,0.14442477202541548,0.4797759479004749,25,50,20
12,2495,0.055906682350347514,0.3198896547813952,0.1444247726480249,0.4797788902202309,25,50,20
12,2496,0.03997567653334624,0.31988966708817357,0.16035576586104955,0.47977889051743,25,50,20
12,2497,0.039968353702998144,0.3199099226187821,0.16034283316792586,0.4797788905102929,25,50,20
12,2498,0.03997626614189923,0.31990200505881583,0.1603428382794334,0.47977889051985073,25,50,20
12,2499,0.04004927431826424,0.31990200506307914,0.16026862521437457,0.4797800954042802,25,50,20
12,2500,0.04005230713622398,0.3199020050630788,0.16026862463218902,0.4797770631685064,25,50,20
12,2501,0.040049259154779866,0.31990505306508754,0.16026862461170935,0.4797770631684215,25,50,20
12,2502,0.040046119536505644,0.3199050530650947,0.16026862363536207,0.47978020376303576,25,50,20
12,2503,0.04004617395225003,0.31990499851108256,0.16026862377345893,0.4797802037632061,25,50,20
12,2504,0.04003527745762301,0.3199159002120725,0.16026861857185293,0.4797802037584492,25,50,20
12,2505,0.040157824234802575,0.31991590021426797,0.16026894797685173,0.4796573275740753,25,50,20
12,2506,0.056469733363428525,0.3199158877646622,0.1439570847623428,0.479657294109565,25,50,20
12,2507,0.05654149971037891,0.31984393039987125,0.14395727548504822,0.47965729440470023,25,50,20
12,2508,0.05654353117586147,0.31984393039985437,0.1439572732713434,0.47965526515293944,25,50,20
12,2509,0.05675352259863989,0.3198439303861767,0.14374729451910379,0.47965525249607843,25,50,20
12,2510,0.0567566275379068,0.3198439303861776,0.14374732466461057,0.479652117411304,25,50,20
12,2511,0.0567596779116681,0.3198408798027774,0.14374732487901107,0.4796521174065426,25,50,20
12,2512,0.05669585534048995,0.31984087979959946,0.14374710849453054,0.4797161563653793,25,50,20
12,2513,0.05669886763974331,0.31984087979962483,0.14374710993967219,0.4797131426209593,25,50,20
12,2514,0.05669863826073225,0.3198407174790439,0.14374750163965203,0.4797131426205709,25,50,20
12,2515,0.05669860181653279,0.3198407174790621,0.1437475024620783,0.4797131782423259,25,50,20
12,2516,0.05669046616293391,0.31984888434016456,0.14374747139294777,0.47971317810395286,25,50,20
12,2517,0.05661971481673171,0.31991982259634566,0.14374728477325757,0.4797131778136642,25,50,20
12,2518,0.05660446348468013,0.31991982259517565,0.14374721138310315,0.47972850253703997,25,50,20
12,2519,0.05685288541240154,0.3199198225989193,0.14374751000552322,0.47947978198315483,25,50,20
12,2520,0.05686101975457571,0.31991165906011076,0.14374753906374432,0.47947978212156805,25,50,20
12,2521,0.05686100094486281,0.3199116590601031,0.1437475405351864,0.4794797994598464,25,50,20
12,2522,0.05685802007594729,0.3199146395221094,0.14374754094222092,0.4794797994597208,25,50,20
12,2523,0.0568581278122632,0.31991453049110796,0.14374754223187883,0.47947979946474834,25,50,20
12,2524,0.05685502263470063,0.3199145304911078,0.14374751161116694,0.47948293526302294,25,50,20
12,2525,0.056858123998631556,0.31991453049110746,0.14374751158736004,0.4794798339228991,25,50,20
12,2526,0.056861155311479214,0.3199114997534677,0.14374751101219055,0.47947983392286114,25,50,20
12,2527,0.05685819464829752,0.3199114997534585,0.14374751057804422,0.4794827950201988,25,50,20
12,2528,0.056858159485183746,0.3199114997534502,0.1437475120926007,0.47948282866876435,25,50,20
12,2529,0.05685516246484301,0.31991149975342387,0.1437475116806483,0.4794858261010841,25,50,20
12,2530,0.056856128469159585,0.3199114997534761,0.14374751441178585,0.47948485736557767,25,50,20
12,2531,0.05660770468801781,0.3199114997497335,0.14374721588202463,0.4797335796802235,25,50,20
12,2532,0.040373207947205066,0.31991149985778794,0.15998163663704548,0.479733655557961,25,50,20
12,2533,0.040375255380172254,0.3199114998577718,0.15998163502257973,0.47973160973947576,25,50,20
12,2534,0.04037829040154562,0.3199114998577721,0.15998163318752634,0.4797285765531556,25,50,20
12,2535,0.04038127074003375,0.3199114998577815,0.15998163236173787,0.47972559704044665,25,50,20
12,2536,0.040603243113573564,0.3199114998567565,0.15975966705942862,0.4797255899702409,25,50,20
12,2537,0.040524451665828104,0.3199114998383936,0.15983853498342473,0.47972551351235476,25,50,20
12,2538,0.040521524576345065,0.31991481954892054,0.1598381423599623,0.4797255135147729,25,50,20
12,2539,0.040520631198279915,0.31991571621517567,0.15983813907661712,0.4797255135099278,25,50,20
12,2540,0.04052057827170739,0.3199157694403785,0.1598381387827907,0.479725513505124,25,50,20
12,2541,0.040751166778274464,0.3199157694404508,0.15983826249705463,0.4794948012842209,25,50,20
12,2542,0.040748312980779994,0.31991576944047795,0.1598382632021969,0.4794976543765457,25,50,20
12,2543,0.040632852337517414,0.3199157694383356,0.15983795202649445,0.47961342619765296,25,50,20
12,2544,0.04063975563676232,0.31990886312269906,0.15983795503799553,0.4796134262025435,25,50,20
12,2545,0.04056697665421246,0.319908863118558,0.1563420274093161,0.4831821328179138,25,50,20
12,2546,0.040563910657000296,0.3199088631185661,0.1563420269929321,0.48318519923150155,25,50,20
12,2547,0.04056389494247365,0.3199088797479377,0.15634202608302006,0.4831851992265689,25,50,20
12,2548,0.040559366677203654,0.3199092419461608,0.15634619185997642,0.48318519951666017,25,50,20
12,2549,0.04055224451369035,0.31990924194609893,0.156346173997628,0.48319233954258395,25,50,20
12,2550,0.04055228023576921,0.31990924194610726,0.15634617361074443,0.48319230420738035,25,50,20
12,2551,0.04025251001755255,0.3199092419607396,0.15664591187996557,0.4831923361417438,25,50,20
12,2552,0.04025547281614271,0.31990924196080267,0.15664591649893936,0.48318936872411655,25,50,20
12,2553,0.01836341862479005,0.31990924203377713,0.17853794270520873,0.483189396636222,25,50,20
12,2554,0.018355193313525767,0.31990924203377,0.18211607932704882,0.4796194853256532,25,50,20
12,2555,0.01835818922407133,0.31990924203373494,0.18211607776209937,0.47961649098009235,25,50,20
12,2556,0.0183610778488463,0.3199092420336894,0.18211607569647548,0.4796136044209868,25,50,20
12,2557,0.0183630044765,0.31990924203375115,0.18211608162387047,0.4796116718658763,25,50,20
12,2558,0.018360025461984463,0.3199122205189138,0.1821160821531854,0.47961167186591397,25,50,20
12,2559,0.01836096999499453,0.3199112708504326,0.18211608728393947,0.47961167187063114,25,50,20
12,2560,0.018367912551405775,0.31991127085046644,0.18211608972912463,0.4796047268690009,25,50,20
12,2561,0.018367788294681883,0.3199113969306564,0.1821160879107274,0.47960472686393246,25,50,20
12,2562,0.018364861844785082,0.3199113969306828,0.18211608985676453,0.47960765136776645,25,50,20
12,2563,0.01836473787773483,0.31991152176725096,0.1821160889849088,0.4796076513701045,25,50,20
12,2564,0.018362669691044668,0.31991152176728543,0.18211609192698425,0.47960971661468477,25,50,20
12,2565,0.0006249562164634075,0.3199115216821982,0.19985386703198235,0.4796096550693561,25,50,20
12,2566,0.0006249735481247613,0.31991150357478004,0.1998538678053178,0.47960965507177744,25,50,20
12,2567,0.0006269653180376411,0.31991150357486114,0.19985387460495105,0.4796076565021501,25,50,20
12,2568,0.0006239528031113603,0.31991150357485204,0.19985387396699733,0.47961066965503946,25,50,20
12,2569,0.0006248985584851021,0.3199105536978598,0.19985387807888458,0.4796106696647706,25,50,20
12,2570,0.0006288235654024382,0.319910553697913,0.1998538814085693,0.4796067413281152,25,50,20
12,2571,0.0004061880668272332,0.3199105536978932,0.19985376292329485,0.4798294953119847,25,50,20
12,2572,0.0004061883827833497,0.31991055054924,0.19985376575599126,0.4798294953119849,25,50,20
12,2573,0.00040520892805903484,0.31991055054920464,0.19985376461694215,0.4798304759057935,25,50,20
12,2574,0.00040527724149392,0.3199105505492223,0.19985376352611287,0.4798304086831702,25,50,20
12,2575,0.0004012980554131501,0.3199105505491965,0.19985375964299704,0.4798343917523927,25,50,20
12,2576,0.000401176757307712,0.3199105505491792,0.1998537588890185,0.47983451380449393,25,50,20
12,2577,0.00040788736197303207,0.3199105505491953,0.1998537604804202,0.4798278016084098,25,50,20
12,2578,0.0004068320097072334,0.3199105505492836,0.1998537673158665,0.47982885012514154,25,50,20
12,2579,0.0004137361299356011,0.3199036438256806,0.19985376991456338,0.47982885012981913,25,50,20
12,2580,0.00041673175141861336,0.31990364382568076,0.19985533772481204,0.47982428669808724,25,50,20
12,2581,0.00040188688971390624,0.3199036455183005,0.1998701806238335,0.4798242869681508,25,50,20
12,2582,0.00040822590651639804,0.31990364382281455,0.19986384344685873,0.47982428682380907,25,50,20
12,2583,0.0004042336514102227,0.31990364382281444,0.19986384247260636,0.47982828005316785,25,50,20
12,2584,0.0004052931605674778,0.3199036438227159,0.19986383694419424,0.4798272260725211,25,50,20
12,2585,0.00040920258085167124,0.31990364382273284,0.1998622713614706,0.4798248822349436,25,50,20
12,2586,0.0004091502794388453,0.3199036438227239,0.1998622711838426,0.47982493471399307,25,50,20
12,2587,0.0004102893852631928,0.31990364382265407,0.19986226564790427,0.479823801144177,25,50,20
12,2588,0.00040624163499651934,0.3199036438226093,0.19986226193844914,0.4798278526039439,25,50,20
12,2589,0.00041761652426808445,0.31990364382535036,0.19986234436713368,0.47981639528324666,25,50,20
12,2590,0.00042459171313025373,0.3199036438253849,0.19986234736123062,0.47980941710025293,25,50,20
12,2591,0.0004274818922098245,0.31990075690797976,0.1998623440995178,0.4798094171002913,25,50,20
12,2592,0.00041240120328073297,0.319900756906924,0.19987742489317367,0.4798094169966204,25,50,20
12,2593,0.00040542884444632737,0.31990075690685355,0.19987741981224275,0.47981639443645613,25,50,20
12,2594,0.0004034500321499403,0.31990075690690817,0.19987743319449117,0.47981835986644955,25,50,20
12,2595,0.0004038235581035245,0.31990075690946446,0.1998770809603137,0.47981833857211903,25,50,20
12,2596,0.00040341972166179117,0.31990075690679487,0.19987700728866695,0.4798188160828769,25,50,20
12,2597,0.00040046118751516893,0.31990371590309,0.1998770068265586,0.47981881608283666,25,50,20
12,2598,0.0004562806879704337,0.31984779536056535,0.19987710786377974,0.47981881608768473,25,50,20
12,2599,0.00044812725894885773,0.3198559912421668,0.19987706555191284,0.4798188159469716,25,50,20
12,2600,0.00044525290213141903,0.31985599124217584,0.19987706624216667,0.4798216896135259,25,50,20
12,2601,0.0004382972354876274,0.3198629496962973,0.19987706346434145,0.4798216896038739,25,50,20
12,2602,0.0004354234792645807,0.31986294969630646,0.19987706411683395,0.47982456270759527,25,50,20
12,2603,0.00043843846407571496,0.31985992600447644,0.19987707238522842,0.4798245631462197,25,50,20
12,2604,0.0004344396502180439,0.3198599260044578,0.1998770674399469,0.47982856690537745,25,50,20
12,2605,0.0004421240549320317,0.31985992600182134,0.19986936189843313,0.47982858804481404,25,50,20
12,2606,0.00044212688819732476,0.31985992600182184,0.19986936338675426,0.4798285837232267,25,50,20
12,2607,0.0004441797376502074,0.31985787703599255,0.19986935951273632,0.4798285837136204,25,50,20
12,2608,0.00044423235739259964,0.3198578241486168,0.19986935977560571,0.4798285837183849,25,50,20
12,2609,0.0004441784220069822,0.31985782414861663,0.1998693597469766,0.4798286376823998,25,50,20
12,2610,0.0004471036284184711,0.31985782414858976,0.1998693577625694,0.479825714460423,25,50,20
12,2611,0.00044710768754560137,0.3198578241485716,0.19986935797031713,0.4798257101935661,25,50,20
12,2612,0.0004489616519045812,0.3198578241485255,0.1998693426544682,0.47982387154510225,25,50,20
12,2613,0.00045202886989002697,0.3198547562156824,0.19986934336682066,0.4798238715476074,25,50,20
12,2614,0.00045209853581816925,0.3198547562156657,0.19986934215551988,0.479823803092997,25,50,20
12,2615,0.0004451769135326354,0.3198547562156393,0.19986933921461655,0.4798307276562117,25,50,20
12,2616,0.00044505261235239886,0.3198547562156473,0.19986933732027587,0.47983085385172464,25,50,20
12,2617,0.0004380961760291052,0.31986171453842044,0.19986933543850166,0.479830853847049,25,50,20
12,2618,0.00043516884390095654,0.31986171453842965,0.19986933612502733,0.47983378049264225,25,50,20
12,2619,0.00043516855766605064,0.31986171453842965,0.1998693361032017,0.47983378080070255,25,50,20
12,2620,0.0004057003196244469,0.31986170829576144,0.19989930059341515,0.47983329079119824,25,50,20
12,2621,0.0004086418329668993,0.31985876676424724,0.19989930061162853,0.4798332907911565,25,50,20
12,2622,0.00040748431711503036,0.31985973523950856,0.19989948964996507,0.4798332907934104,25,50,20
12,2623,0.0004045218016048376,0.3198597352394458,0.19989948505250524,0.4798362579064432,25,50,20
12,2624,0.0006302915204107107,0.3198394796001254,0.19969397095849017,0.4798362579209718,25,50,20
12,2625,0.0006263129316913709,0.3198394796000999,0.19969396811518617,0.479840239353021,25,50,20
12,2626,0.0006308374220773999,0.31983912331830333,0.19968980019882313,0.4798402390607922,25,50,20
12,2627,0.0006238284661549805,0.31983912331825065,0.19968980107140738,0.47984724714418314,25,50,20
12,2628,0.0006238121866697974,0.3198391411502301,0.19968979952397203,0.4798472471391242,25,50,20
12,2629,0.0003974402348714217,0.319839141149629,0.19991617148619212,0.4798472471293037,25,50,20
12,2630,0.0005119830258646537,0.3198391411548374,0.1998016490021101,0.4798472268171831,25,50,20
12,2631,0.00038947103013830284,0.3198391411496033,0.1999241618930965,0.4798472259271572,25,50,20
12,2632,0.034742273790004205,0.31983914116196954,0.1655713568961409,0.47984722815187963,25,50,20
12,2633,0.03474733828782546,0.3198342633464244,0.16557117021369736,0.4798472281520474,25,50,20
12,2634,0.0347476345860346,0.31983425731997545,0.16557087992809053,0.47984722816589354,25,50,20
12,2635,0.03475161157677674,0.31983425732001924,0.16557088379067864,0.4798432473125204,25,50,20
12,2636,0.034754663224190796,0.31983425732000176,0.16557088454818333,0.47984019490761937,25,50,20
12,2637,0.03475466231511344,0.3198342582049322,0.16557088457220387,0.4798401949077457,25,50,20
12,2638,0.03475758779211267,0.3198342582050478,0.16557089438074507,0.47983725962208984,25,50,20
12,2639,0.03475762189317546,0.3198342582050669,0.165570895782653,0.47983722411910035,25,50,20
12,2640,0.03476061840022296,0.31983425820504946,0.16557089552067036,0.47983422787405255,25,50,20
12,2641,0.03470478155783518,0.31989019709419375,0.16557079348356404,0.4798342278644025,25,50,20
12,2642,0.034707829479321134,0.31989019709419375,0.1655707934799788,0.4798311799465015,25,50,20
12,2643,0.03471471459287669,0.3198901970942102,0.16557079512510295,0.4798242931878054,25,50,20
12,2644,0.03494886423448988,0.3198901970974006,0.16557105626577967,0.47958988240232536,25,50,20
12,2645,0.040406774448410614,0.31989019709437316,0.16011314739882004,0.47958988105839173,25,50,20
12,2646,0.04040277923327417,0.3198941960388022,0.16011314367926052,0.4795898810486586,25,50,20
12,2647,0.04039678321454136,0.3198941960388028,0.16011314269557586,0.47959587805107573,25,50,20
12,2648,0.04039583745995632,0.3198951469428357,0.16011313755093046,0.47959587804627374,25,50,20
12,2649,0.040396784873383516,0.3198951469428792,0.16011313599260257,0.479594932191131,25,50,20
12,2650,0.04040076133700587,0.3198951469429143,0.1601131390036085,0.4795909527164682,25,50,20
12,2651,0.04040076131605453,0.31989514694476495,0.16011313901798832,0.4795909527211906,25,50,20
12,2652,0.04040072603882251,0.3198951918260338,0.16011312985023743,0.47959095228490406,25,50,20
12,2653,0.040398729807463465,0.31989519182594517,0.16011312294180324,0.47959295542478664,25,50,20
12,2654,0.040400745502363444,0.3198951918259186,0.1601131200375763,0.47959094263414015,25,50,20
12,2655,0.04040071240259769,0.3198951918259542,0.1601131221528904,0.47959097361855624,25,50,20
12,2656,0.04040076506370689,0.3198951918259542,0.16011312212896242,0.47959092098137474,25,50,20
12,2657,0.04039776655501257,0.319895191825919,0.16011312056252244,0.47959392105654425,25,50,20
12,2658,0.04039781911052188,0.3198951392418313,0.16011312059109822,0.47959392105654686,25,50,20
12,2659,0.04039680388525407,0.31989549479576573,0.16011378026431186,0.4795939210546646,25,50,20
12,2660,0.02591098769341641,0.3198963951790498,0.174595181939491,0.47959743518803877,25,50,20
12,2661,0.02590501967957734,0.3198960459250529,0.17460149920525136,0.47959743519011444,25,50,20
12,2662,0.026145233139678738,0.3198960459282631,0.1746017319356345,0.47935698899641965,25,50,20
12,2663,0.025902077579522426,0.31989604592505305,0.17460150021552423,0.4796003762798962,25,50,20
12,2664,0.025899202286750262,0.31989604592506177,0.1746015008449224,0.47960325094326167,25,50,20
12,2665,0.025902199450680154,0.31989304868248314,0.17460150092357055,0.4796032509432627,25,50,20
12,2666,0.0258982927391475,0.3198930486824662,0.17460149924046792,0.4796071593379154,25,50,20
12,2667,0.025898295230942513,0.3198930455704378,0.17460149986070272,0.4796071593379139,25,50,20
12,2668,0.02589831120750977,0.31989302893878796,0.17460150051340795,0.4796071593402916,25,50,20
12,2669,0.025898258551525086,0.31989302893877986,0.1746014994205546,0.4796072130891377,25,50,20
12,2670,0.025895262050314328,0.3198930289387974,0.17460149969526725,0.4796102093156185,25,50,20
12,2671,0.025892318413261527,0.3198959727997251,0.17460149947377218,0.4796102093132386,25,50,20
12,2672,0.025892440650023794,0.3198959727998322,0.1746015068058091,0.479610079744332,25,50,20
12,2673,0.025907429365624287,0.31989597290909233,0.17458651797118635,0.47961007975409387,25,50,20
12,2674,0.025677130964120397,0.31989597290594546,0.17458625838952047,0.4798406377404107,25,50,20
12,2675,0.025680196508623535,0.3198959729058395,0.17458625215469098,0.4798375784308429,25,50,20
12,2676,0.02573831339993476,0.319837707953794,0.17458640019597965,0.47983757845028835,25,50,20
12,2677,0.02574136192512906,0.3198377079538119,0.1745864004874777,0.47983452963357853,25,50,20
12,2678,0.02574125665050665,0.31983770795379446,0.17458640021365265,0.47983463518204367,25,50,20
12,2679,0.02574125586908022,0.31983770795378547,0.17458639932012776,0.47983463685700434,25,50,20
12,2680,0.025745112444320165,0.31983770795388217,0.17458640538884662,0.47983077421294884,25,50,20
12,2681,0.025745113369636675,0.31983770680793006,0.17458640560705962,0.4798307742153714,25,50,20
12,2682,0.025752100153272596,0.31983770061731237,0.17457942501874174,0.4798307742106722,25,50,20
12,2683,0.025745144870511036,0.3198377006172695,0.17457942246538896,0.4798377320468294,25,50,20
12,2684,0.007212551445087487,0.3198368134586273,0.18178118806256166,0.49116944703372084,25,50,20
12,2685,0.007212619145471707,0.31983681345864456,0.18178118883074407,0.4911693785651367,25,50,20
12,2686,0.007213549209814193,0.31983681345866327,0.18178119167843051,0.4911684456530891,25,50,20
12,2687,0.007212567637037644,0.3198368134586189,0.18178118848041475,0.4911694304239258,25,50,20
12,2688,0.007212515472029961,0.3198368134586188,0.18178118847892816,0.49116948259042004,25,50,20
12,2689,0.007213429413137576,0.3198357058913001,0.18178138210526215,0.49116948259029736,25,50,20
12,2690,0.007210485712880065,0.3198357058911771,0.18178137324419652,0.49117243515174425,25,50,20
12,2691,0.007209440160838573,0.31983674551829694,0.18178137915945325,0.49117243516140907,25,50,20
12,2692,0.007209387251181748,0.3198367982965891,0.18178137928839594,0.4911724351638312,25,50,20
12,2693,0.007215639351308424,0.3198367982966967,0.18167682634631435,0.4912707360056779,25,50,20
12,2694,0.007218654728520716,0.3198367982966957,0.18167682526234086,0.49126772171244004,25,50,20
12,2695,0.007230687392784823,0.319824755670131,0.18167683520777164,0.4912677217293098,25,50,20
12,2696,0.007227726461467202,0.31982475567012164,0.18167683450675423,0.49127068336165425,25,50,20
12,2697,0.007227761463670283,0.31982475567014057,0.18167683595608164,0.4912706469101049,25,50,20
12,2698,0.0072322314247016154,0.31982475556076373,0.18167236609960244,0.49127064691493044,25,50,20
12,2699,0.007227823456086805,0.31982475561637363,0.18167677400926177,0.491270646918276,25,50,20
12,2700,0.007227819799836044,0.31982475944983757,0.18167677383204858,0.49127064691827604,25,50,20
12,2701,0.007217295869447693,0.3198247594516939,0.1817855986194028,0.49117234605945453,25,50,20
12,2702,0.00721724299362718,0.319824759451703,0.18178559878271452,0.49117239877195423,25,50,20
12,2703,0.007205613957408073,0.31982476547021066,0.18179722181191602,0.4911723987604625,25,50,20
12,2704,0.007203548564783505,0.31982682749029495,0.18179722517986316,0.4911723987650556,25,50,20
12,2705,0.007205548037617486,0.31982682749026725,0.18179722170238108,0.4911704027697315,25,50,20
12,2706,0.007326440479560772,0.3198268274925292,0.1815154372847085,0.4913312947431983,25,50,20
12,2707,0.007327470554540489,0.31982580261867566,0.18151543209081025,0.4913312947359706,25,50,20
12,2708,0.007330398116549563,0.3198258026186585,0.1815154313457455,0.4913283679190434,25,50,20
12,2709,0.007330398118086762,0.31982580261865784,0.1815154313002092,0.4913283679630432,25,50,20
12,2710,0.007330343717338023,0.319825857503677,0.18151543081360125,0.4913283679653812,25,50,20
12,2711,0.007327346520262759,0.31982585750366804,0.18151543064324155,0.491331365332825,25,50,20
12,2712,0.007331522539726427,0.3198216800949963,0.18151543203446965,0.49133136533080496,25,50,20
12,2713,0.007331469821431292,0.3198216800949875,0.18151543137684656,0.49133141870673214,25,50,20
12,2714,0.007331484868569406,0.31982168009498796,0.181515431947443,0.49133140308899714,25,50,20
12,2715,0.0073504371175900415,0.31982168009513007,0.18151544415851123,0.4913124386287663,25,50,20
12,2716,0.0074143133231091484,0.3198216800973201,0.18151563226229472,0.4912483743172736,25,50,20
12,2717,0.0074074116570650205,0.3198216800973032,0.18151563057560524,0.4912552776700246,25,50,20
12,2718,0.007407376463446325,0.31982168009731293,0.18151563126923773,0.4912553121700013,25,50,20
12,2719,0.007407392855814381,0.3198216630084889,0.18151563196327236,0.49125531217242313,25,50,20
12,2720,0.007407306116730168,0.31982166300846143,0.1815156303799384,0.4912554004948691,25,50,20
12,2721,0.0006234928456511484,0.3198216497767937,0.19608511953035354,0.48346973784720065,25,50,20
12,2722,0.0006165007850224392,0.31982164977670513,0.19608511255521957,0.48347673688305287,25,50,20
12,2723,0.0006144696543102173,0.3198216497767311,0.19608511491079406,0.48347876565816456,25,50,20
12,2724,0.000613540385372372,0.3198216497766958,0.1960851118828328,0.48347969795509904,25,50,20
12,2725,0.0005986330664939382,0.31983656640154423,0.19608510259135323,0.48347969794060836,25,50,20
12,2726,0.0006016291248449196,0.3198365664015616,0.19608510425973935,0.48347670021385397,25,50,20
12,2727,0.0006125425843209104,0.3198365664016409,0.19608511094146994,0.4834657800725681,25,50,20
12,2728,0.0006123059662833425,0.3198368021206536,0.19608511183372848,0.4834657800793345,25,50,20
12,2729,0.0006123225765156254,0.3198368021206623,0.1960851124588026,0.48346576284401943,25,50,20
12,2730,0.0006053510326247447,0.3198437766567579,0.1960851094737358,0.4834657628368814,25,50,20
12,2731,0.000612306350752723,0.3198437766568009,0.19608511203362433,0.4834588049588223,25,50,20
12,2732,0.0006162990676117745,0.319843776656854,0.1960851158453841,0.4834548084301503,25,50,20
12,2733,0.0006153682469054258,0.3198449018135209,0.1960849215141428,0.48345480842543087,25,50,20
12,2734,0.0007407038747940569,0.3198449018145306,0.19611927687227773,0.48329511743839937,25,50,20
12,2735,0.0007426826018119058,0.3198449018146102,0.19611928311051355,0.4832931324730657,25,50,20
12,2736,0.0007445748287180676,0.3198449018146531,0.19611928816473476,0.4832912351918952,25,50,20
12,2737,0.0006786829116311306,0.3198449018124885,0.19611910339801708,0.4833573118778641,25,50,20
12,2738,0.0006787372742806325,0.31984490181250735,0.19611910377837496,0.48335725713483824,25,50,20
12,2739,0.0006787350024874074,0.3198449044196705,0.19611910344300612,0.4833572571348369,25,50,20
12,2740,0.000671764396347126,0.31984490441962715,0.19611910234743368,0.48336422883659336,25,50,20
12,2741,0.0006647930644914746,0.31984490441969926,0.19611910858412013,0.4833711939316905,25,50,20
12,2742,0.000663899199938625,0.3198458004258383,0.19611910644712807,0.4833711939270963,25,50,20
12,2743,0.0006569090393706682,0.3198458004257938,0.19611910274190353,0.4833781877929335,25,50,20
12,2744,0.0006598357808340209,0.31984580042578503,0.1961191021163254,0.4833752616770569,25,50,20
12,2745,0.0006568920312215175,0.3198487444501521,0.19611910184637246,0.48337526167225525,25,50,20
12,2746,0.0006571715876062663,0.3198484620256063,0.196119104716533,0.48337526167025546,25,50,20
12,2747,0.0006811490264963342,0.31984846202554057,0.19609512728687067,0.4833752616610932,25,50,20
12,2748,0.0006881218090896235,0.3198414863233949,0.19609513020174327,0.4833752616657727,25,50,20
12,2749,0.0006858621289055939,0.31984374227413925,0.19609513392663125,0.48337526167032435,25,50,20
12,2750,0.000801394872383543,0.3444646397450202,0.17135870342543974,0.4833752619571563,25,50,20
12,2751,0.0008046972782490918,0.3444646397455236,0.17135874364225145,0.4833719193339756,25,50,20
12,2752,0.0008046268711180632,0.34446463974550445,0.17135874275078847,0.483371990632589,25,50,20
12,2753,0.0007994146689300735,0.3444646397449397,0.17135869711247895,0.4833772484736513,25,50,20
12,2754,0.0007993983928658652,0.34446463974492175,0.17135869580942106,0.48337726605279174,25,50,20
12,2755,0.000802447549506459,0.34446463974492175,0.1713586937795627,0.4833742189260095,25,50,20
12,2756,0.0007475026874516256,0.34451973228622484,0.1713585461196761,0.4833742189066465,25,50,20
12,2757,0.0006248431560947333,0.3598874516549477,0.15611348657769322,0.48337421861126306,25,50,20
12,2758,0.0006249143938216056,0.3598874516549395,0.15611348747770573,0.48337414647353166,25,50,20
12,2759,0.0006289995332606833,0.35988745165495045,0.1561134897511708,0.48337005906061686,25,50,20
12,2760,0.0006359196332301738,0.35988745165498615,0.1561134928004369,0.48336313591134555,25,50,20
12,2761,0.0006271829056514297,0.3598874516527739,0.1596717757112628,0.4798135897303119,25,50,20
12,2762,0.0006271315397541972,0.35988763428725284,0.15967164444242743,0.4798135897305656,25,50,20
12,2763,0.0006246842214968003,0.3598876302923862,0.159674095753862,0.47981358973225413,25,50,20
12,2764,0.0006247368889264092,0.35988763029239546,0.15967409587770715,0.47981353694096973,25,50,20
12,2765,0.0006178176806987879,0.3598945526278195,0.1596740927552307,0.4798135369362497,25,50,20
12,2766,0.0005988817669850533,0.35989455262767833,0.159674081103802,0.4798324845015332,25,50,20
12,2767,0.0006010545573108731,0.3598923849466369,0.15967407599928005,0.47983248449677035,25,50,20
12,2768,0.0005770788879794836,0.3598923849447504,0.15969805114649038,0.47983248502077736,25,50,20
12,2769,0.0005771315797082957,0.3598923319808696,0.15969805141375215,0.4798324850256674,25,50,20
12,2770,0.0005742420566483668,0.35989233198087006,0.15969804999507908,0.47983537596739967,25,50,20
12,2771,0.0005702999315855668,0.359892331980719,0.15969803708948954,0.47983933099820375,25,50,20
12,2772,0.0005702641790036389,0.3598923673069031,0.1596980375158483,0.479839330998243,25,50,20
12,2773,0.0005702316075601741,0.3598924004402223,0.1596980369516745,0.4798393310005413,25,50,20
12,2774,0.0005702473017755944,0.3598923809570507,0.1596980407408438,0.479839331000328,25,50,20
12,2775,0.0005771716127987363,0.3598923809570763,0.15969804469831614,0.47983240273180683,25,50,20
12,2776,0.00058402104676792,0.35989238095712006,0.15969804769146323,0.4798255503046469,25,50,20
12,2777,0.0005800258214731483,0.3598923809570847,0.15969804362604487,0.47982954959539525,25,50,20
12,2778,0.0008201097457801673,0.3596520666876599,0.15969827367736128,0.4798295498891967,25,50,20
12,2779,0.0008231058139607223,0.35965206668767763,0.1596982739454275,0.4798265535529323,25,50,20
12,2780,0.0008261543902297741,0.3596490211636828,0.15969827088835095,0.47982655355773474,25,50,20
12,2781,0.0008261506893848042,0.359649021163738,0.15969827511320214,0.4798265530336735,25,50,20
12,2782,0.0008282172036163562,0.3596490211642187,0.15969622949930865,0.4798265321328556,25,50,20
12,2783,0.0010350565500715117,0.3596490212294025,0.15948938890777034,0.4798265333127547,25,50,20
12,2784,0.0010321007808934074,0.35964902122939507,0.15948938838404472,0.4798294896056659,25,50,20
12,2785,0.0010330990628100256,0.35964902122944886,0.15948939173339424,0.47982848797434635,25,50,20
12,2786,0.0010440122431498082,0.35963809910826683,0.15948940065243314,0.47982848799614963,25,50,20
12,2787,0.0007948241919490047,0.35963809910502414,0.15973978931386823,0.47982728738915553,25,50,20
12,2788,0.0007948365189714792,0.3596380991050319,0.15973978987610027,0.479827274499893,25,50,20
12,2789,0.0007978308878082086,0.3596351046865234,0.15973978992569238,0.47982727449997303,25,50,20
12,2790,0.0007909809693509616,0.35963510468650606,0.15973978820632298,0.4798341261378176,25,50,20
12,2791,0.0007839531331504855,0.3596351046864954,0.15973978593668478,0.4798411562436665,25,50,20
12,2792,0.0007807813760009973,0.3596382774754033,0.15973978490492813,0.4798411562436648,25,50,20
12,2793,0.0007816943006422647,0.3596382774754297,0.15973978731295296,0.4798402409109724,25,50,20
12,2794,0.0007847064793671506,0.3596382774754472,0.15973978860431223,0.4798372274408706,25,50,20
12,2795,0.0007827983830279538,0.35963827747540345,0.1597397845003352,0.4798391396412306,25,50,20
12,2796,0.0007857235097796229,0.3596382774755358,0.1597397955360098,0.479836203478672,25,50,20
12,2797,0.0007897183781503925,0.35963427904996087,0.15973979908849642,0.47983620348338946,25,50,20
12,2798,0.0007877936249120953,0.3596342790498996,0.1597397926928423,0.4798381346323438,25,50,20
12,2799,0.0007906844207573043,0.3596313882694083,0.15973979267761854,0.4798381346322135,25,50,20
12,2800,0.0007936788014226812,0.35962839419539816,0.15973979237330208,0.47983813462987535,25,50,20
12,2801,0.0005513875551925137,0.35987091419621176,0.15973956390533373,0.47983813434325917,25,50,20
12,2802,0.0005474801390708216,0.359870914196168,0.15973956088822427,0.47984204477653436,25,50,20
12,2803,0.000544551437795229,0.35987091419618555,0.15973956166604608,0.4798449726999703,25,50,20
12,2804,0.0005435067832174311,0.35987091419728223,0.15973961118790445,0.4798459678315931,25,50,20
12,2805,0.0005325434073890205,0.3598818863907885,0.15973960239190232,0.4798459678099169,25,50,20
12,2806,0.0005336209004165995,0.35988080714695636,0.15973960414720245,0.47984596780542144,25,50,20
12,2807,0.0005395747920629256,0.3598808071463746,0.15973365056368136,0.4798459674978785,25,50,20
12,2808,0.0005395372579702008,0.35988080714636644,0.15973365096591796,0.4798460046297428,25,50,20
12,2809,0.0005374711664773536,0.3598828705818326,0.15973365362194175,0.47984600462974564,25,50,20
12,2810,0.0005404158002177909,0.3598828705818412,0.15973365422538996,0.4798430593925482,25,50,20
12,2811,0.0005443752524021484,0.3598828705818493,0.15973365578001678,0.4798390983857288,25,50,20
12,2812,0.0005413808755441678,0.3598858648378105,0.15973365589865895,0.4798390983879838,25,50,20
12,2813,0.0005523301685489985,0.35987490808502365,0.15973366334152436,0.47983909840490035,25,50,20
12,2814,0.0005592995576852225,0.35986793580582943,0.15973366622694887,0.4798390984095339,25,50,20
12,2815,0.0008685796116982725,0.3598679358128542,0.15935744641704302,0.4799060381584022,25,50,20
12,2816,0.0008766077811912316,0.35986793581440485,0.15934941861060123,0.4799060377938024,25,50,20
12,2817,0.00088345797430275,0.35986108328376204,0.15934942094579752,0.4799060377961387,25,50,20
12,2818,0.0008894491602303093,0.3598610832837528,0.15934942073783634,0.47990004681818155,25,50,20
12,2819,0.0008894140011119406,0.3598610832837533,0.15934942078447764,0.47990008193065814,25,50,20
12,2820,0.0008864375826686538,0.3598610832837349,0.1593494207428698,0.47990305839072767,25,50,20
12,2821,0.0008863168892033754,0.35986108328370847,0.15934941931553384,0.47990318051155506,25,50,20
12,2822,0.000887279263662861,0.3598610832837625,0.1593494236803103,0.479902213772265,25,50,20
12,2823,0.0008794362927923376,0.3598689316847528,0.1593494182671025,0.4799022137553529,25,50,20
12,2824,0.0008784546785990527,0.3598689316846824,0.15934941525766033,0.47990319837905837,25,50,20
12,2825,0.0008724631852173994,0.35986893168469153,0.15934941542825173,0.4799091897018395,25,50,20
12,2826,0.000865609679855298,0.3598689316846756,0.15934941219605858,0.47991604643941094,25,50,20
12,2827,0.0008586544443187353,0.35987588867639353,0.15934941044459264,0.4799160464346955,25,50,20
12,2828,0.0008607222939749275,0.35987382400319684,0.15934940727535746,0.47991604642747115,25,50,20
12,2829,0.0008756977035276961,0.35987382400386525,0.15934941856041962,0.47990105973218783,25,50,20
12,2830,0.0012252356253401766,0.3598738240683943,0.15935208098872777,0.479548859317538,25,50,20
12,2831,0.0009078574248045396,0.3598738240614244,0.15973639813122747,0.47948192038254384,25,50,20
12,2832,0.0009138308911166814,0.359867850703502,0.15973639802296494,0.4794819203824162,25,50,20
12,2833,0.0009108866232485263,0.35987078387291,0.15973640912112858,0.4794819203827129,25,50,20
12,2834,0.0009107603052315022,0.35987091261248116,0.1597364066972402,0.47948192038504706,25,50,20
12,2835,0.0009037695047287978,0.3598669754927188,0.159747334622299,0.4794819203802526,25,50,20
12,2836,0.0008999339915462082,0.35986697549270225,0.15974733379334055,0.47948575672241056,25,50,20
12,2837,0.0008930172860467018,0.35987389504869766,0.1597473309473446,0.4794857567179104,25,50,20
12,2838,0.0008952099195646918,0.3598738950476033,0.1597472835081019,0.47948361152472935,25,50,20
12,2839,0.000961251830539854,0.3598740688878695,0.15968106746374766,0.4794836118178416,25,50,20
12,2840,0.0006036596074670854,0.35987406882269796,0.15967839577788592,0.47984387579194765,25,50,20
12,2841,0.0006004448246208858,0.35987406882271344,0.15967839648383186,0.47984708986883257,25,50,20
12,2842,0.0006024933050019248,0.35987406882272355,0.15967839675905754,0.47984504111321563,25,50,20
12,2843,0.0007220299108817378,0.35987406882496176,0.1595588600031524,0.47984504126100413,25,50,20
12,2844,0.0007249745141623084,0.3598711241819077,0.15955886004292588,0.47984504126100413,25,50,20
12,2845,0.000724972888375546,0.35987112418190803,0.15955885956150995,0.47984504336820644,25,50,20
12,2846,0.0007279689283841095,0.35987112418192546,0.1595588598186033,0.4798420470710875,25,50,20
12,2847,0.0007279329557883827,0.3598820910865161,0.15954792888644795,0.47984204707124756,25,50,20
12,2848,0.000965153350878898,0.3596447801709642,0.15954801939766347,0.479842047080493,25,50,20
12,2849,0.0009640588261530754,0.3596458772425239,0.15954801685105033,0.479842047080272,25,50,20
12,2850,0.0009660549095259728,0.35964587724247904,0.15954801312703365,0.47984005472096064,25,50,20
12,2851,0.0009690345888604772,0.35964289880132155,0.15954801188886047,0.47984005472095637,25,50,20
12,2852,0.0009660032693440867,0.35964289880132183,0.15954801295470775,0.4798430849746251,25,50,20
12,2853,0.0009660554941046253,0.35964284670164104,0.15954801283192308,0.4798430849723296,25,50,20
12,2854,0.0009630417437120254,0.35964284670158764,0.15954800990728565,0.4798461016474129,25,50,20
12,2855,0.0009601193395493379,0.3596457689436662,0.15954801006932254,0.47984610164746017,25,50,20
12,2856,0.0009561435183488287,0.35964576894364003,0.1595480071974,0.4798500803406094,25,50,20
12,2857,0.0009532540073392044,0.359648654885861,0.1595480107515952,0.47985008035520293,25,50,20
12,2858,0.0009532002098313282,0.3596487121809428,0.15954800726861243,0.4798500803406117,25,50,20
12,2859,0.0009522713632792051,0.3596487121809254,0.1595480045168711,0.4798510119389225,25,50,20
12,2860,0.0009492030552410689,0.3596487121809252,0.15954800317874082,0.4798540815850912,25,50,20
12,2861,0.000949187279075689,0.3596487121809169,0.15954800255499016,0.4798540979850159,25,50,20
12,2862,0.0009522332633705483,0.3596456629434634,0.15954800580823963,0.4798540979849251,25,50,20
12,2863,0.0009552293561266416,0.3596456629434451,0.15954800546472395,0.4798511022357031,25,50,20
12,2864,0.0009553510894822148,0.35964566294343664,0.15954800636262892,0.47985097960445117,25,50,20
12,2865,0.0009553676961436514,0.3596455098086678,0.15954814289077845,0.47985097960440903,25,50,20
12,2866,0.0010258455949623787,0.3596455098132577,0.15947648397498854,0.47985216061679054,25,50,20
12,2867,0.0008358799431005632,0.35964550980640075,0.1596664250656338,0.479852185184864,25,50,20
12,2868,0.0008327773530650928,0.3596455098064009,0.1596664250861759,0.47985528775435726,25,50,20
12,2869,0.0008298358466778899,0.3596455098064009,0.15966642511462137,0.479858229232299,25,50,20
12,2870,0.0008336932022220718,0.3596455098064354,0.15966642808224904,0.4798543689090928,25,50,20
12,2871,0.000836706296530326,0.3596424958787302,0.15966642891080224,0.47985436891393624,25,50,20
12,2872,0.0005995728259190599,0.3598797301034097,0.15966632816619256,0.47985436890447775,25,50,20
12,2873,0.0006025128073366917,0.3598797301034089,0.15966632807884337,0.4798514290104101,25,50,20
12,2874,0.0006055610433611938,0.35987973010342666,0.15966632784738252,0.4798483810058287,25,50,20
12,2875,0.0006025651502471922,0.3598797301034267,0.159666327870921,0.47985137687540413,25,50,20
12,2876,0.00040781342693187243,0.3598797300387267,0.15986108069332,0.4798513758410204,25,50,20
12,2877,0.00040480214503844534,0.35988287772914856,0.15986094428245282,0.47985137584335896,25,50,20
12,2878,0.00040474761814569355,0.3598829325304187,0.1598609440107114,0.4798513758407219,25,50,20
12,2879,0.0004785453401144,0.3598089439162744,0.15986113459819307,0.47985137614541595,25,50,20
12,2880,0.00047859948539088045,0.35980888462979477,0.15986113973951904,0.4798513761452924,25,50,20
12,2881,0.00047854657287232835,0.3598088846297774,0.1598611394344781,0.4798514293628694,25,50,20
12,2882,0.00048166349250309306,0.35980888462977817,0.159861139991343,0.47984831188637295,25,50,20
12,2883,0.00047780528148050805,0.35980888462974403,0.1598611365125145,0.47985217357625815,25,50,20
12,2884,0.0004778040574380468,0.35980888608741507,0.1598611362811849,0.4798521735739588,25,50,20
12,2885,0.00048080256630336754,0.3598088860874506,0.15986113787033365,0.4798491734759093,25,50,20
12,2886,0.00047687826907998195,0.3598128137700648,0.15986113448966235,0.4798491734711899,25,50,20
12,2887,0.0004737939928398005,0.35981281377006463,0.15986113652796136,0.4798522557091313,25,50,20
12,2888,0.0004656757024184191,0.35981281376847646,0.1598692544463908,0.47985225608271115,25,50,20
12,2889,0.00046965189606378596,0.35980883370987093,0.1598692583066715,0.4798522560873906,25,50,20
12,2890,0.00046954560948354743,0.3598089426179307,0.15986925568038962,0.4798522560921934,25,50,20
12,2891,0.0004726097749568579,0.3598089426179137,0.15986925442590946,0.4798491931812178,25,50,20
12,2892,0.0004755378411205993,0.3598089426179046,0.1598692537485153,0.47984626579245776,25,50,20
12,2893,0.0004755205446331037,0.3598089426178956,0.1598692530560411,0.47984628378142846,25,50,20
12,2894,0.00047558813595149365,0.3598089426179051,0.15986925373710784,0.4798462155090338,25,50,20
12,2895,0.00047255653377561193,0.3598119735348503,0.1598692544222094,0.479846215509163,25,50,20
12,2896,0.00047701683361289456,0.35981197353487415,0.15986479389642144,0.47984621573508884,25,50,20
12,2897,0.0004768419328420909,0.35981214775484466,0.15986479457734698,0.4798462157349636,25,50,20
12,2898,0.0005436102172408305,0.359812147757035,0.15986498272443483,0.479779259301287,25,50,20
12,2899,0.0005406152630408364,0.3598121477571148,0.15986498755714695,0.479782249422695,25,50,20
12,2900,0.0005437195194097629,0.35980904257754504,0.1598649884804317,0.479782249422611,25,50,20
12,2901,0.0005476962570371715,0.3598090425775802,0.15986499149315933,0.4797782696722208,25,50,20
12,2902,0.0005476264815511767,0.35980911323121434,0.15986499061985668,0.4797782696673751,25,50,20
12,2903,0.0006024084695053141,0.3598098241467772,0.15980949755730708,0.4797782698264071,25,50,20
12,2904,0.0006093640518961322,0.35980982414682083,0.15980950018111223,0.47977131162016756,25,50,20
12,2905,0.000621345487783048,0.35980982414836676,0.15980959536081027,0.4797592350030365,25,50,20
12,2906,0.0009755422069611357,0.35980982415463847,0.15945660415647142,0.47975802948192636,25,50,20
12,2907,0.0009793803228542307,0.3598098241546817,0.15945660775481335,0.47975418776764817,25,50,20
12,2908,0.0009672760183800551,0.3598098241530557,0.15945650722266488,0.47976639260589676,25,50,20
12,2909,0.0008086410850912731,0.35980982418470275,0.1595480088581383,0.4798335258720651,25,50,20
12,2910,0.0008056782824016592,0.35980982418467566,0.1595480069024556,0.4798364906304643,25,50,20
12,2911,0.000798705439759155,0.35981680077361294,0.15954800316088014,0.479836490625745,25,50,20
12,2912,0.0008026276062532017,0.35981286658818845,0.1595480151628899,0.4798364906426658,25,50,20
12,2913,0.0007996165944826042,0.3598128665881793,0.15954801449045747,0.47983950232687816,25,50,20
12,2914,0.0007928223782187226,0.35981286658817274,0.15954801311383673,0.47984629791976907,25,50,20
12,2915,0.0007928747303747193,0.3598128143629625,0.15954801298684965,0.4798462979198104,25,50,20
12,2916,0.0008008702633095688,0.3598048126507174,0.15954801915624278,0.47984629792972755,25,50,20
12,2917,0.0007988741066164284,0.35980481265064695,0.15954801099611673,0.47984830224661734,25,50,20
12,2918,0.0007989437144720398,0.3598048126506562,0.1595480116361416,0.47984823199872756,25,50,20
12,2919,0.0007251484806158574,0.35987879823657964,0.15954782158863925,0.47984823169416224,25,50,20
12,2920,0.000721172946853727,0.35987879823654495,0.1595478185992093,0.4798522102173892,25,50,20
12,2921,0.0007980982767818991,0.3598787982406371,0.15947089262358932,0.4798522108589882,25,50,20
12,2922,0.0008010776382820932,0.35987582051574457,0.1594708909869849,0.47985221085898466,25,50,20
12,2923,0.0007932051589505424,0.3598836985832305,0.15947088540866253,0.47985221084915275,25,50,20
12,2924,0.0008002156529243231,0.3598836985832842,0.15947088675906806,0.47984519900472,25,50,20
12,2925,0.0008002512484546212,0.3598836637633226,0.15947088598817014,0.47984519900004924,25,50,20
12,2926,0.0008003053444290119,0.35988366376331427,0.15947088590075142,0.4798451449915024,25,50,20
12,2927,0.0009137165042608829,0.3598836638724151,0.15588338612753566,0.4833192334957866,25,50,20
12,2928,0.0009227984513319645,0.35987449867472016,0.15588346909212875,0.4833192337818174,25,50,20
12,2929,0.0009226917022850976,0.3598744739207555,0.15588360059043788,0.48331923378651964,25,50,20
12,2930,0.0009296488253673406,0.35987447392081656,0.15588360445762392,0.48331227279619027,25,50,20
12,2931,0.0009326607278996327,0.3598714611480018,0.15588360532314663,0.4833122728009498,25,50,20
12,2932,0.0011688818978419142,0.35987146115115015,0.15588381778739144,0.4830758391636141,25,50,20
12,2933,0.0008606014550134182,0.35987146100408474,0.15966507445711697,0.47960286308378286,25,50,20
12,2934,0.000876528753891736,0.35987146100421763,0.15966508598460594,0.4795869242572827,25,50,20
12,2935,0.0008167377687665835,0.35987129116093136,0.15972503798039644,0.4795869330899022,25,50,20
12,2936,0.0007529154120576472,0.3598712911587686,0.15972485182681279,0.47965094160235755,25,50,20
12,2937,0.0007498487334147146,0.35987435943494567,0.15972485022928176,0.47965094160235466,25,50,20
12,2938,0.000524415352563896,0.3598743594318394,0.15972464220561494,0.47987658300997865,25,50,20
12,2939,0.0005175843789115534,0.35987435943180496,0.15972466428211654,0.4798833919071637,25,50,20
12,2940,0.0005175852053113826,0.35987435943177837,0.15972466286973017,0.47988339249317663,25,50,20
12,2941,0.0005185634208961337,0.35987337862449065,0.15972466545442174,0.47988339250018824,25,50,20
12,2942,0.0005185632049012732,0.3598735105005842,0.15972453379906462,0.4798833924954466,25,50,20
12,2943,0.0005206323060173438,0.3598714445272311,0.1597245306783575,0.4798833924883907,25,50,20
12,2944,0.0013858374646937073,0.3598714447108397,0.15892754959442768,0.47981516823003567,25,50,20
12,2945,0.0013190920426774634,0.35987073379469625,0.15899500570084898,0.47981516846177386,25,50,20
12,2946,0.001322103010481008,0.35986772196619216,0.1589950065566203,0.4798151684667032,25,50,20
12,2947,0.001313020166109609,0.3598768878482161,0.15899492380270067,0.47981516818297015,25,50,20
12,2948,0.0013239317042630866,0.35987688784828703,0.1589949298815096,0.4798042505659369,25,50,20
12,2949,0.0013218651074866394,0.35987688784833965,0.15899493362679049,0.4798063134173798,25,50,20
12,2950,0.0004515792750920243,0.35987688766476283,0.15986524230243299,0.4798062907577087,25,50,20
12,2951,0.00045163069578844006,0.3598768411210819,0.15986523742541847,0.4798062907577077,25,50,20
12,2952,0.0004476688020041454,0.3598768411210652,0.1598652352390394,0.4798102548378877,25,50,20
12,2953,0.00044973421013460473,0.35987684112101265,0.15986523144710701,0.4798081932217422,25,50,20
12,2954,0.0004341120926772504,0.3598768411191613,0.15981150922114273,0.4798775375670145,25,50,20
12,2955,0.000434094433599099,0.359876841119207,0.1598115125660414,0.47987755188114856,25,50,20
12,2956,0.0004300337726155598,0.35987683499155204,0.15981558848263713,0.4798775427531907,25,50,20
12,2957,0.0004330094058790675,0.3598768349915166,0.15981556183877024,0.47987459376382957,25,50,20
12,2958,0.00043000991878605914,0.3598768349934462,0.15981853182871947,0.47987462325904345,25,50,20
12,2959,0.0004270145864080203,0.3598798304440226,0.15981853171065205,0.47987462325891245,25,50,20
12,2960,0.0004332139759915545,0.3598801890306697,0.1598119737292765,0.4798746232640579,25,50,20
12,2961,0.00043023395624250285,0.359880189030661,0.15981197409520592,0.47987760291788656,25,50,20
12,2962,0.0004272208272029027,0.3598832030503899,0.15981197320931875,0.47987760291308457,25,50,20
12,2963,0.00042715105715336604,0.3598832735570302,0.15981197247535966,0.4798776029104531,25,50,20
12,2964,0.0004272783972802216,0.35988314273557803,0.15981197595889432,0.47987760290824366,25,50,20
12,2965,0.00040535708150145984,0.3598831427354281,0.1598119657037386,0.47989953447932815,25,50,20
12,2966,0.00040532545659652643,0.35988314273537436,0.15981196262927697,0.47989956917874815,25,50,20
12,2967,0.0003961153212706993,0.3598827842570039,0.15982153124801562,0.47989956917370585,25,50,20
12,2968,0.00039511885823292263,0.35988278425697545,0.15982152617283732,0.4799005707119503,25,50,20
12,2969,0.00038513604525927897,0.3598827842569483,0.15982152371735836,0.4799105559804303,25,50,20
12,2970,0.0003894580640982161,0.35990331353967137,0.1597967024416959,0.4799105259545313,25,50,20
12,2971,0.000389484285066297,0.3599033135401801,0.15979674013928027,0.4799104620354707,25,50,20
12,2972,0.0003896056301470382,0.35990331354019794,0.15979674093339472,0.479910339896258,25,50,20
12,2973,0.0003866621947687737,0.3599033135401981,0.15979674094785154,0.47991328331717914,25,50,20
12,2974,0.0003868758440915296,0.359903098477426,0.15979674235403846,0.47991328332444133,25,50,20
12,2975,0.00038981587047600145,0.3599030984774341,0.15979674277985592,0.4799103428722314,25,50,20
12,2976,0.000400661609647485,0.35990309847748664,0.15979674907729216,0.4798994908355711,25,50,20
12,2977,0.00040152062728422797,0.3599022196320192,0.1597967689004448,0.4798994908402493,25,50,20
12,2978,0.0004015366516570373,0.3599022027089479,0.15979676979429908,0.47989949084509304,25,50,20
12,2979,0.0003434102364220457,0.35990220277293905,0.15992424053056056,0.4798301464600738,25,50,20
12,2980,0.00034139639004555585,0.35990421380735305,0.15992424334010225,0.47983014646249494,25,50,20
12,2981,0.0005845305505040213,0.3599042138094989,0.15992443133357942,0.47958682430641375,25,50,20
12,2982,0.000581622671484353,0.3599042138095258,0.15992443233106354,0.4795897311879226,25,50,20
12,2983,0.0005817797676148432,0.3599042138095625,0.1599244345359636,0.47958957188685525,25,50,20
12,2984,0.0005817974437527043,0.3599042138095634,0.1599244352803585,0.47958955346632204,25,50,20
12,2985,0.0005927790425805759,0.359904213809643,0.1599244420117559,0.4795785651360173,25,50,20
12,2986,0.0005996835742586089,0.3598973049883049,0.15992444630158315,0.47957856513585007,25,50,20
12,2987,0.0005997199373764987,0.35989726763755336,0.15992444728900038,0.47957856513606667,25,50,20
12,2988,0.000359567260686526,0.35989726763539037,0.15992425851827494,0.479818906585645,25,50,20
12,2989,0.000351789758399829,0.35989726763532126,0.15992425252643203,0.4798266900798438,25,50,20
12,2990,0.0003516128851698016,0.3598974462989982,0.15992425074333227,0.4798266900724962,25,50,20
12,2991,0.00035162731622150495,0.3598974462990158,0.1599242515172473,0.47982667486751196,25,50,20
12,2992,0.00034955947594720487,0.3598995111989815,0.1599242544527961,0.4798266748722717,25,50,20
12,2993,0.0003534085822261134,0.3598955313849768,0.15992438515342758,0.47982667487936637,25,50,20
12,2994,0.0005758363864276306,0.35989553138503155,0.15992446731711069,0.47960416491142693,25,50,20
12,2995,0.000575976307875046,0.3598955313850585,0.1599244693068475,0.47960402300021593,25,50,20
12,2996,0.0005759243557420822,0.35989558341359007,0.1599244692305338,0.47960402300013116,25,50,20
12,2997,0.000576064914986167,0.3598954420664904,0.15992447001583485,0.4796040230026857,25,50,20
12,2998,0.0005760479924081771,0.3598954595800831,0.15992446942494726,0.4796040230025589,25,50,20
12,2999,0.0005750686246133015,0.35989644762618767,0.1599244607635561,0.4796040229856418,25,50,20
12,3000,0.0005771536903083556,0.359894362103351,0.159924461210963,0.4796040229953767,25,50,20
12,3001,0.0005771345587989484,0.35989438173761296,0.15992446070834396,0.47960402299524296,25,50,20
12,3002,0.0005702167328838618,0.35990143369930794,0.15992432657744485,0.47960402299036226,25,50,20
12,3003,0.0005671536587918873,0.3599014336993517,0.15992738964943365,0.479604022992423,25,50,20
12,3004,0.0005696852032423401,0.359880904414732,0.15994538739732966,0.4796040229846971,25,50,20
12,3005,0.0005676016006729676,0.3598809044147574,0.15994538972613778,0.4796061042584327,25,50,20
12,3006,0.000567759815126017,0.35988090441583637,0.15994539247997852,0.47960594328906003,25,50,20
12,3007,0.0005746639434074982,0.35988090441586157,0.1599453947983465,0.4795990368423852,25,50,20
12,3008,0.0005725814951474864,0.35987199249131613,0.15995638918092514,0.47959903683261174,25,50,20
12,3009,0.0006344024932665748,0.3598719924915021,0.15995648916316235,0.4795371158520694,25,50,20
12,3010,0.0006341961567160937,0.3598719924915471,0.15995648779141106,0.4795373235603266,25,50,20
12,3011,0.0006343177721449708,0.359871870024876,0.15995648863776518,0.4795373235652147,25,50,20
12,3012,0.0005755465459466074,0.35987187002470755,0.15995638896579104,0.4795961944635556,25,50,20
12,3013,0.0005723577861859528,0.3598718700246715,0.159956387324685,0.4795993848644582,25,50,20
12,3014,0.0005784479427174586,0.3598657715709986,0.15995639561441843,0.47959938487186654,25,50,20
12,3015,0.0005684369119699276,0.3598657715704453,0.15995635522068946,0.4796094362968959,25,50,20
12,3016,0.0005682770317420109,0.3598657715704712,0.15995635561887622,0.4796095957789113,25,50,20
12,3017,0.0005711550705048964,0.35986289418419815,0.15995635496880756,0.4796095957764902,25,50,20
12,3018,0.0005672311327109665,0.3598628941841549,0.15995635182899365,0.4796135228541414,25,50,20
12,3019,0.0005640722725529422,0.35986289411792405,0.15989086850721845,0.47968216510230327,25,50,20
12,3020,0.0008033854345647275,0.3598628941211692,0.15989115459324313,0.4794425658510217,25,50,20
12,3021,0.000804352305649218,0.35986289412126604,0.15989116109903628,0.4794415924740472,25,50,20
12,3022,0.000573953886653667,0.3598628941211406,0.1598910728429623,0.4796720791492415,25,50,20
12,3023,0.0005839405444918342,0.35986289412111366,0.15989107290705118,0.47966209242734137,25,50,20
12,3024,0.0005839408590058344,0.35986289412111416,0.15989107289983692,0.47966209212004124,25,50,20
12,3025,0.0005957622786415729,0.3598628941211666,0.1598910780738222,0.4796502655263679,25,50,20
12,3026,0.0005927668284325076,0.3598658930461305,0.15989107460140514,0.4796502655240306,25,50,20
12,3027,0.0005887886918417059,0.35986987637213214,0.1598910694167145,0.4796502655193107,25,50,20
12,3028,0.0005888965983237122,0.3598698763720729,0.1598909600343623,0.4796502669952408,25,50,20
12,3029,0.0006549088437570951,0.3598698766618407,0.15982494678021014,0.47965026771418934,25,50,20
12,3030,0.0013838798575565795,0.35986987672501747,0.15909595592410702,0.4796502874933162,25,50,20
12,3031,0.0013118737622514875,0.35986987643530477,0.15907155517263133,0.4797466946298097,25,50,20
12,3032,0.001311870633913792,0.35986987643533147,0.15907155554219593,0.4797466973885558,25,50,20
12,3033,0.0013098522327610821,0.3598718920382942,0.15907155833813297,0.479746697390809,25,50,20
12,3034,0.0015579706873314484,0.35962351047956004,0.15907182101348297,0.47974669781962276,25,50,20
12,3035,0.0015657973925615651,0.3596156784472708,0.15907182633353567,0.47974669782662926,25,50,20
12,3036,0.001557826036968592,0.35961567844718245,0.15907181899562006,0.47975467652022624,25,50,20
12,3037,0.0015548493027127742,0.35961567844716447,0.15907181765885547,0.4797576545912649,25,50,20
12,3038,0.0013077108961683165,0.3598630770145163,0.1590715579221894,0.47975765416712357,25,50,20
12,3039,0.001307658541201766,0.359863128723543,0.15907155856816874,0.4797576541670838,25,50,20
12,3040,0.0013118470910334508,0.35986312872356235,0.1590715639570717,0.47975346022833,25,50,20
12,3041,0.0011165326481034383,0.35986312866452536,0.15926689940994737,0.47975343927742137,25,50,20
12,3042,0.0011056199025696162,0.35987404731880923,0.15926689350837717,0.4797534392702415,25,50,20
12,3043,0.0005747945220159866,0.35987404731466605,0.1597977192161496,0.47975343894716593,25,50,20
12,3044,0.0005746185899478652,0.359874047313586,0.1597977156793366,0.4797536184171268,25,50,20
12,3045,0.0005736373325428696,0.3598750315364456,0.15979771271860224,0.4797536184124067,25,50,20
12,3046,0.0005765786891087393,0.35987209044885526,0.15979771245196941,0.4797536184100642,25,50,20
12,3047,0.0005795412300386663,0.35987209044886387,0.1598633931184803,0.47968497520261566,25,50,20
12,3048,0.0006493526544088673,0.3598720904515524,0.15986361724162865,0.4796149396524087,25,50,20
12,3049,0.0006515597972951014,0.35988087797957696,0.15985262257271157,0.4796149396504152,25,50,20
12,3050,0.0006545019283542172,0.35987793608999596,0.1598526223336159,0.4796149396480326,25,50,20
12,3051,0.0006605934909689675,0.35987179977855555,0.15985266707009857,0.4796149396603751,25,50,20
12,3052,0.000659680742995572,0.35987179977848605,0.15511013501648277,0.48435838446203283,25,50,20
12,3053,0.0006576656464975203,0.35987179977851225,0.15511013786398414,0.48436039671100345,25,50,20
12,3054,0.0006534082820282055,0.35987179977848394,0.15511013177323796,0.4843646601662473,25,50,20
12,3055,0.0006403757735989707,0.35987179977845785,0.1551101289039793,0.4843776955439615,25,50,20
12,3056,0.000651357994821076,0.3598717997785373,0.15511013566030668,0.4843667065663324,25,50,20
12,3057,0.0006504984243841085,0.35987266134917684,0.1551101336600196,0.4843667065664173,25,50,20
12,3058,0.0006534806386272813,0.35986960872461154,0.15511020391769814,0.4843667067190611,25,50,20
12,3059,0.0006537569626622144,0.3598694007678526,0.15511013569086635,0.48436670657861697,25,50,20
12,3060,0.0006537563475488586,0.35986940076785295,0.15511013570834292,0.4843667071762539,25,50,20
12,3061,0.0006514637806252925,0.35987169263285357,0.15511013641294277,0.48436670717357694,25,50,20
12,3062,0.0006504301554761333,0.35987169263291535,0.1551101411228519,0.4843677360887553,25,50,20
12,3063,0.0006565839293222944,0.3598919450088057,0.15508373496066594,0.4843677361012044,25,50,20
12,3064,0.000658762335021377,0.3598919450089145,0.15508374255715826,0.48436555009890425,25,50,20
12,3065,0.000661827189588333,0.359888879752051,0.15508374295941357,0.48436555009894555,25,50,20
12,3066,0.0006718137792602983,0.35987888983043675,0.155083746284002,0.4843655501062996,25,50,20
12,3067,0.000438493080484401,0.3598788898271918,0.15508345969045403,0.48459915740186815,25,50,20
12,3068,0.00043656679626390593,0.3598788898271204,0.1550834540438971,0.4846010893327169,25,50,20
12,3069,0.00043763967619195245,0.3598788898270413,0.15508344788155717,0.4846000226152079,25,50,20
12,3070,0.00043469616119514684,0.3598818299362736,0.15508345128456003,0.4846000226179691,25,50,20
12,3071,0.00043253530313837454,0.35988182993618234,0.1550834444669174,0.4846021902937597,25,50,20
12,3072,0.0004304682176292008,0.3598838841271476,0.15508345735657117,0.48460219029864987,25,50,20
12,3073,0.0004304321173423915,0.3598838841271565,0.155083458043222,0.48460222571227696,25,50,20
12,3074,0.0004225291034553938,0.3598917925751656,0.15508345261641276,0.48460222570496403,25,50,20
12,3075,0.00042457443800274664,0.3598917925752103,0.15508346146720575,0.4846001715195791,25,50,20
12,3076,0.0004235941012013254,0.3598917925751669,0.15508345834313922,0.4846011549804907,25,50,20
12,3077,0.0004235656296379853,0.35989179257515913,0.15508348644345393,0.48460115535174836,25,50,20
12,3078,0.00041959132768460013,0.359891792575134,0.15508348365663452,0.48460513244054637,25,50,20
12,3079,0.0004135037292175907,0.35989790604412875,0.1550834577933416,0.48460513243331216,25,50,20
12,3080,0.00041741072759117134,0.35989399665738264,0.15508346017933458,0.4846051324356918,25,50,20
12,3081,0.0004294174809831169,0.3598939966574264,0.15508359918278164,0.484592986678809,25,50,20
12,3082,0.0004226408806622822,0.3599007742826295,0.1550835981650336,0.48459298667167483,25,50,20
12,3083,0.0004224619316574711,0.3599009548765592,0.15508359652007211,0.4845929866717114,25,50,20
12,3084,0.00042246047129871847,0.3599009548765582,0.15508359648404177,0.4845929881681015,25,50,20
12,3085,0.00042154973748873795,0.3599009548765416,0.15508359433300875,0.4845939010529612,25,50,20
12,3086,0.0004215510913498785,0.35990096254896486,0.15508358530195768,0.48459390105772754,25,50,20
12,3087,0.00041860772838221987,0.35990096254896486,0.15508358529361607,0.4845968444290368,25,50,20
12,3088,0.0003518608547709066,0.35990096254629406,0.1550833619642521,0.4846638146346832,25,50,20
12,3089,0.0003642053856703725,0.35990096254647524,0.159910870044709,0.4798239620231462,25,50,20
12,3090,0.0003641368445526101,0.3599009625464676,0.1599108694990387,0.4798240311099418,25,50,20
12,3091,0.00035607195204941555,0.3599009625464403,0.15991073212251478,0.47983223337899616,25,50,20
12,3092,0.00035507282923557035,0.3599019659405877,0.1599107278608792,0.47983223336929826,25,50,20
12,3093,0.00035508904760929926,0.35990194964432687,0.1599107279435286,0.4798322333645357,25,50,20
12,3094,0.0003551943632178915,0.359901844483924,0.15991072778832358,0.47983223336453507,25,50,20
12,3095,0.00035225466770713175,0.3599047840511526,0.159910727916263,0.47983223336487746,25,50,20
12,3096,0.0003563027750598396,0.3599047840511777,0.15991073227700306,0.4798281808967597,25,50,20
12,3097,0.0008106052249847155,0.35990478405265447,0.15945524431538796,0.4798293664069731,25,50,20
12,3098,0.0010389698497748827,0.3596763382912453,0.15945532545218868,0.4798293664067904,25,50,20
12,3099,0.0012739006400487424,0.35900766159207415,0.15988907135631364,0.47982936641156293,25,50,20
12,3100,0.0010398320811427905,0.3596754732270163,0.15945532828513237,0.479829366406708,25,50,20
12,3101,0.0010388853190830985,0.35967642390898275,0.1594553243699448,0.4798293664019889,25,50,20
12,3102,0.0010387979102991836,0.35967649453090855,0.159455341156761,0.479829366402031,25,50,20
12,3103,0.0010397237626932126,0.3596755657904644,0.15945534404043227,0.4798293664064098,25,50,20
12,3104,0.0010406365261662618,0.35967556579051707,0.15945534832760533,0.47982844935571106,25,50,20
12,3105,0.0008032539659864338,0.3599130718985621,0.1594552247918557,0.4798284493435955,25,50,20
12,3106,0.0007991903376612552,0.3599130718985177,0.1594552210253643,0.47983251673845645,25,50,20
12,3107,0.0007971067349651856,0.35991307189854327,0.15945522336726972,0.4798345979992213,25,50,20
12,3108,0.0008000863934170118,0.3599130718985255,0.1594552225469143,0.47983161916114275,25,50,20
12,3109,0.0008031515249893306,0.3599130718985606,0.15945522460653785,0.47982855196991187,25,50,20
12,3110,0.0008071260681374047,0.35991307189859567,0.15945522759804345,0.4798245744352231,25,50,20
12,3111,0.000809296725600027,0.35991307189863475,0.15945523265020048,0.4798223987255643,25,50,20
12,3112,0.0008062474368016884,0.35991612190910227,0.15945523192849242,0.4798223987256036,25,50,20
12,3113,0.00080910164503922,0.35991327018292196,0.15945522944920376,0.479822398722835,25,50,20
12,3114,0.0008200372733220119,0.35990234362857054,0.1594552203658311,0.4798223987322763,25,50,20
12,3115,0.0008138920500160093,0.35990234362849693,0.15945521235605198,0.47982855196543506,25,50,20
12,3116,0.0008160430514702114,0.35990019551244545,0.15945520947524708,0.47982855196083735,25,50,20
12,3117,0.000819963301004727,0.3599001955124885,0.15945521256485679,0.4798246286216497,25,50,20
12,3118,0.0008229429101539588,0.3598972181348092,0.15945521033334545,0.4798246286216912,25,50,20
12,3119,0.0008160926774950955,0.3598972181347837,0.15945520801157914,0.4798314811761418,25,50,20
12,3120,0.0008130287546238274,0.35989721813474856,0.159455205951239,0.4798345471593883,25,50,20
12,3121,0.0008120624424726217,0.35989721813469605,0.1594552026915367,0.4798355167312936,25,50,20
12,3122,0.000811202801843183,0.35989721813467057,0.1594552003634419,0.4798363787000429,25,50,20
12,3123,0.000811151119965485,0.35989726975243064,0.1594552004276407,0.47983637869996154,25,50,20
12,3124,0.0008081542422360462,0.3598972697524397,0.15945520058098261,0.4798393754243401,25,50,20
12,3125,0.0008111687858396222,0.3598972697524493,0.15945520128291127,0.4798363601787984,25,50,20
12,3126,0.0008111684914941463,0.3598972697524489,0.15945520128006577,0.47983636047598976,25,50,20
12,3127,0.0008111823603692954,0.3598972697524488,0.15945520177718017,0.47983634611000037,25,50,20
12,3128,0.0008101148144586353,0.35989726975237596,0.15945519594582447,0.4798374194873395,25,50,20
12,3129,0.0008099740275927786,0.35989726975235703,0.1594551946225459,0.4798375615975028,25,50,20
12,3130,0.0008089940345156108,0.35989726975231434,0.1594551914735025,0.47983854473966603,25,50,20
12,3131,0.0008688750732815878,0.35989726975648134,0.15945540441383224,0.4797784507564037,25,50,20
12,3132,0.0008619582923507581,0.3598972697564466,0.15945540143809067,0.479785370513111,25,50,20
12,3133,0.0008620259003964472,0.35989726975645486,0.15945540205086395,0.47978530229228367,25,50,20
12,3134,0.0008701735608376055,0.3598891168288001,0.15945540731777408,0.47978530229258703,25,50,20
12,3135,0.0008672126021406986,0.3598891168288006,0.1594571591289497,0.4797865114401073,25,50,20
12,3136,0.0008672312954169187,0.3598891168288001,0.15945832838601096,0.47978532348977043,25,50,20
12,3137,0.0008620617209142597,0.3609917889524931,0.15836082583492023,0.47978532349167274,25,50,20
12,3138,0.000865109032577204,0.3609917889525014,0.1583608258581405,0.4797822761567811,25,50,20
12,3139,0.000858153832263471,0.36099178895245837,0.15836082356929448,0.47978923364598386,25,50,20
12,3140,0.0008621315048247139,0.36099178895249456,0.15836082660468706,0.47978525293799373,25,50,20
12,3141,0.001105464478101683,0.36099178895529926,0.1580492484848154,0.4798534980817838,25,50,20
12,3142,0.0009846014708489947,0.36099178895471534,0.15823717412562632,0.4797864354488096,25,50,20
12,3143,0.001055488766266322,0.36092068638754327,0.1582373890951712,0.47978643575102004,25,50,20
12,3144,0.001061482194429162,0.36092068638749875,0.15823738789020858,0.47978044352786414,25,50,20
12,3145,0.001050407773629287,0.3609317651322095,0.15823738356166842,0.47978044353249333,25,50,20
12,3146,0.0010473417777751885,0.3609348312466875,0.15823738343836602,0.4797804435371711,25,50,20
12,3147,0.00104832335004569,0.3609338464812912,0.15823738662426248,0.47978044354440036,25,50,20
12,3148,0.0010474615816247735,0.36093471090372775,0.15823738397509612,0.47978044353955146,25,50,20
12,3149,0.0010475281013282082,0.36093471090373697,0.15823738463692277,0.47978037635801196,25,50,20
12,3150,0.0010494494363576202,0.3598117862917284,0.1593583879235761,0.4797803763483378,25,50,20
12,3151,0.0009815062912645726,0.3598799479250253,0.1593581697380059,0.47978037604570395,25,50,20
12,3152,0.0009845376161281706,0.3598799479250248,0.1593581688780751,0.4797773455807717,25,50,20
12,3153,0.0009875743064931596,0.3598799479250432,0.15935816983360696,0.4797743079348563,25,50,20
12,3154,0.0009866616630350084,0.3598808629174688,0.1593581674870655,0.47977430793243014,25,50,20
12,3155,0.0009866616985309074,0.3598808628268799,0.15935816754215737,0.4797743079324313,25,50,20
12,3156,0.0009935672014090226,0.359873954661006,0.1593581702053643,0.47977430793222003,25,50,20
12,3157,0.0009927078672881757,0.35987481544561545,0.15935816875228428,0.4797743079348117,25,50,20
12,3158,0.0009887294210090118,0.3598787958284307,0.15935816681808884,0.4797743079324711,25,50,20
12,3159,0.0009876550887958776,0.3598787958284828,0.15935817140692168,0.47977537767579936,25,50,20
12,3160,0.000990518608483222,0.35987592360618587,0.15935818009504715,0.47977537769028333,25,50,20
12,3161,0.0009904663583312219,0.3598759725448323,0.1593581834063412,0.4797753776904947,25,50,20
12,3162,0.0009903613370187908,0.35987597254481485,0.15935818314557781,0.479775482972588,25,50,20
12,3163,0.0009865900345084624,0.35987597254481707,0.15935818082582637,0.47977925659484766,25,50,20
12,3164,0.0009875975979785948,0.35987496184109913,0.15935818396100873,0.479779256599913,25,50,20
12,3165,0.000987585787225278,0.3598749618410729,0.1593581852734864,0.4797792670982149,25,50,20
12,3166,0.0009784352315910035,0.3598749618408725,0.1593673358695856,0.47977926705794904,25,50,20
12,3167,0.0009821467194536886,0.35987496184091783,0.15936362383043526,0.4797792676091914,25,50,20
12,3168,0.000977398699918041,0.3598749618437385,0.1593683723824506,0.47977926707389096,25,50,20
12,3169,0.0009803420033057996,0.3598749618437385,0.1593683723753128,0.4797763237776409,25,50,20
12,3170,0.0009844153599585226,0.3598749680815765,0.1593642927760395,0.4797763237824244,25,50,20
12,3171,0.0009199108081102663,0.3598749680794466,0.15943000064312626,0.47977512046931314,25,50,20
12,3172,0.000918955920700283,0.3598759265120418,0.1594299971076828,0.4797751204595713,25,50,20
12,3173,0.0009228593039682127,0.35987592651212197,0.15943002152558255,0.4797711926583239,25,50,20
12,3174,0.0004655723349701337,0.3598759265256442,0.15988849400102084,0.4797700071383613,25,50,20
12,3175,0.0004665680773129404,0.35987592652566475,0.15988849740496572,0.47976900799205346,25,50,20
12,3176,0.00046259163508107886,0.3598759265256292,0.15988849434930477,0.47977298748998215,25,50,20
12,3177,0.00045959564391148027,0.3598759265256211,0.15988849424471366,0.47977598358575085,25,50,20
12,3178,0.0004625216529808663,0.3598730020144232,0.1598884927541557,0.47977598357843765,25,50,20
12,3179,0.000462700828191571,0.359873002014977,0.15988849470282726,0.47977580245400203,25,50,20
12,3180,0.0004656796058420395,0.3598730020149851,0.15988849430967955,0.47977282406949107,25,50,20
12,3181,0.0004687308025113493,0.359869951073625,0.15988849405883157,0.4797728240650298,25,50,20
12,3182,0.0004658585941935329,0.3598699510736521,0.15988849603357747,0.47977569429857453,25,50,20
12,3183,0.0004658924470007291,0.35986995105867914,0.15988846256726252,0.4797756939270552,25,50,20
12,3184,0.00046876806673676373,0.35986995105867015,0.15988846190151318,0.4797728189730774,25,50,20
12,3185,0.00040496773274289154,0.3598699510544697,0.15988824502793408,0.4798368361848506,25,50,20
12,3186,0.0004029519709312392,0.35987196665119847,0.1598882451885931,0.4798368361892747,25,50,20
12,3187,0.00040290141613216925,0.35987197689840783,0.15988828547682987,0.47983683620862777,25,50,20
12,3188,0.00040291672258509605,0.35987200104898315,0.15988824603430996,0.4798368361941193,25,50,20
12,3189,0.0004000463342047581,0.35987486813275316,0.15988824932675771,0.47983683620628215,25,50,20
12,3190,0.00040106368322855924,0.35987486813269143,0.15988824336889063,0.47983582481518766,25,50,20
12,3191,0.0003990196915442918,0.35987689609357554,0.15988825939037754,0.47983582482450104,25,50,20
12,3192,0.00039800821215350195,0.35987689609353773,0.15988825519359287,0.4798368405007143,25,50,20
12,3193,0.0003980263372779834,0.3598768960935563,0.15988825605073712,0.47983682151842744,25,50,20
12,3194,0.00040487543547318173,0.35987004688921737,0.1598882561666619,0.47983682150864637,25,50,20
12,3195,0.0004117965346970109,0.3598700468892437,0.15988825900509007,0.4798298975709679,25,50,20
12,3196,0.0004157733308145753,0.35986606847983493,0.15988826061345032,0.4798298975758978,25,50,20
12,3197,0.00041981925246094683,0.3598660684798796,0.15988826434459985,0.47982584792305716,25,50,20
12,3198,0.0004199259993365207,0.3598659614939034,0.15988826458849922,0.47982584791825855,25,50,20
12,3199,0.000416994031498398,0.35986890150595763,0.1598882565561705,0.4798258479063712,25,50,20
12,3200,0.0004169406737784636,0.35986895509056344,0.15988825632448592,0.4798258479111699,25,50,20
12,3201,0.000416761805912826,0.35986895509001005,0.15988825441964846,0.4798260286844267,25,50,20
12,3202,0.00041897520016694013,0.35986895509032685,0.1598200848266743,0.47989198488283064,25,50,20
12,3203,0.0004159782598825092,0.35986895509031797,0.15982008470351639,0.479894981946282,25,50,20
12,3204,0.0004090390186984852,0.35987589642160245,0.15982008262055655,0.4798949819391413,25,50,20
12,3205,0.00040691820256893855,0.3598758964991067,0.15988815955243832,0.47982902574588493,25,50,20
12,3206,0.0006441628023118749,0.35987589650227086,0.1598883835978571,0.4795915570975589,25,50,20
12,3207,0.0006511358913588922,0.3598758965023054,0.159888387760583,0.4795845798457512,25,50,20
12,3208,0.0006541504431670735,0.3598758965023411,0.15988838983923118,0.4795815632152592,25,50,20
12,3209,0.0006561847236308747,0.35987386503525975,0.1598883870279745,0.4795815632131334,25,50,20
12,3210,0.0006492282075044576,0.359873865035225,0.15988838505776676,0.47958852169950233,25,50,20
12,3211,0.000650302179777523,0.35987420390694735,0.15988221457489474,0.4795932793383807,25,50,20
12,3212,0.0008219180614839161,0.35970226964938107,0.15988253292866678,0.47959327936046864,25,50,20
12,3213,0.0008218654753401423,0.35970226964938007,0.1598825329997485,0.47959333187553194,25,50,20
12,3214,0.0007638968443900305,0.35970226964928065,0.15807103980821174,0.481462793698115,25,50,20
12,3215,0.0007599185224432001,0.3597022696492541,0.15807103571476966,0.48146677611353034,25,50,20
12,3216,0.0007559427364354596,0.35970226964917384,0.15807100831587595,0.48147077929851184,25,50,20
12,3217,0.0007558179070021004,0.35970226964917196,0.15807100789496628,0.48147090454885677,25,50,20
12,3218,0.001274726125061126,0.3597022697136044,0.1580729637233692,0.4809500404379625,25,50,20
12,3219,0.0012819213745279697,0.3597022697152567,0.15986776242942055,0.47914804648079207,25,50,20
12,3220,0.0012789773810743842,0.3597022697152568,0.1598677624647872,0.4791509904388789,25,50,20
12,3221,0.0012819734919189455,0.35969927347939107,0.15986776258985091,0.4791509904388363,25,50,20
12,3222,0.0012788563587141537,0.359702391092491,0.15986776211003784,0.4791509904387542,25,50,20
12,3223,0.0012818737718462815,0.3597023910925094,0.15986776335256997,0.4791479717830716,25,50,20
12,3224,0.0012818368363382846,0.35970242856105356,0.15986776282213408,0.47914797178047125,25,50,20
12,3225,0.0012815894117874066,0.35970208968654627,0.15987310678100383,0.47914321412066,25,50,20
12,3226,0.0012815731010675947,0.35970208968654604,0.15987310576529198,0.47914323144709164,25,50,20
12,3227,0.0010442756577730813,0.3597020896833908,0.15987288186667703,0.4793807527921565,25,50,20
12,3228,0.0010471462089979644,0.35970208960763544,0.1598688045004714,0.4793819596828927,25,50,20
12,3229,0.0010563718161102486,0.35970208960879657,0.159868875495267,0.4793726630798237,25,50,20
12,3230,0.0010564169156238165,0.360269881072301,0.15930103894421618,0.4793726630678565,25,50,20
12,3231,0.0010605177557838714,0.3602698810723017,0.15930104097733255,0.47936856019457946,25,50,20
12,3232,0.0010603948868529755,0.36026988107226593,0.15930103887399502,0.47936868516688363,25,50,20
12,3233,0.0010573979037568181,0.36026988107016467,0.11932088470610479,0.519351836319972,25,50,20
12,3234,0.0010615940793951531,0.3597020833708,0.11988448570236837,0.5193518368474339,25,50,20
12,3235,0.0010585378991042537,0.3597020833708162,0.11988448584536625,0.5193548928847105,25,50,20
12,3236,0.001172771569837756,0.3597020833718422,0.11988470195548886,0.5192404431028284,25,50,20
12,3237,0.001414768198812649,0.3597020833699366,0.11964267661799251,0.5192404718132555,25,50,20
12,3238,0.0014147518003123952,0.35970210030937383,0.11964267607722696,0.5192404718130846,25,50,20
12,3239,0.0014118042853910465,0.3597021003093735,0.11964267614374224,0.5192434192614909,25,50,20
12,3240,0.0014088775368269718,0.3597021003093833,0.11964267686539568,0.5192463452883921,25,50,20
12,3241,0.0014010282828116332,0.3597099561169841,0.11964267032133152,0.519246345278871,25,50,20
12,3242,0.001646201137763122,0.3594604423036698,0.11964701015220161,0.5192463464063636,25,50,20
12,3243,0.0014000737240660438,0.3597109268748996,0.11964265413173428,0.5192463452692981,25,50,20
12,3244,0.0014000734358777952,0.35971092687489914,0.11964265410748999,0.519246345581731,25,50,20
12,3245,0.0013990559909392414,0.3597109268749786,0.11964266082606727,0.5192473563080129,25,50,20
12,3246,0.0012275261997559005,0.35988277355220005,0.11964234395485182,0.5192473562931903,25,50,20
12,3247,0.0012204807058014177,0.35988277355219045,0.11964234125970194,0.5192544044823041,25,50,20
12,3248,0.0012206224495894702,0.3598826308839815,0.11964234218399271,0.5192544044824343,25,50,20
12,3249,0.001213664368063666,0.3598895919483029,0.11964233920587496,0.5192544044777567,25,50,20
12,3250,0.001207832307031865,0.3598895919483306,0.11964236334636862,0.5192602123982671,25,50,20
12,3251,0.001214860352726376,0.3598825598835978,0.1196423673606451,0.5192602124030287,25,50,20
12,3252,0.0012149126515486489,0.35988250774320746,0.11964236720221293,0.5192602124030289,25,50,20
12,3253,0.0012148412271894332,0.359882580534143,0.11964236583559726,0.519260212403068,25,50,20
12,3254,0.0012202119429298819,0.3598771453605877,0.11964241411595877,0.5192602285805212,25,50,20
12,3255,0.0012271871018248387,0.35987714536060567,0.11964241695802696,0.5192532505795402,25,50,20
12,3256,0.0012241379371836448,0.3598771453605879,0.1196424167041503,0.5192562999980759,25,50,20
12,3257,0.0012210727693163592,0.3598802113126457,0.11964241592480226,0.5192562999932341,25,50,20
12,3258,0.001224228693009702,0.35988056675987984,0.11963890400547852,0.5192563005416307,25,50,20
12,3259,0.0011008211589733552,0.3598805667577016,0.11963861704002612,0.5193799950432977,25,50,20
12,3260,0.0042586824675170274,0.3598802115328236,0.11648111044079396,0.5193799955588642,25,50,20
12,3261,0.004259715991465287,0.3598802115327529,0.11648110438594877,0.5193789680898321,25,50,20
12,3262,0.004263760651586811,0.3598761612366588,0.1164811100074709,0.5193789681042827,25,50,20
12,3263,0.004265580782859936,0.35987616123660465,0.11648108352189634,0.5193771744586382,25,50,20
12,3264,0.004259536447155667,0.3598822074925801,0.11648108161369652,0.519377174446567,25,50,20
12,3265,0.004262269404371,0.3598794757720116,0.1164810803748823,0.5193771744487343,25,50,20
12,3266,0.004269190500301768,0.3598794757720375,0.11648108324347259,0.5193702504841873,25,50,20
12,3267,0.0027969176212897366,0.3598794786721762,0.1179533228013658,0.5193702809051673,25,50,20
12,3268,0.0027979172072434846,0.35987847406551815,0.1179533278174335,0.519370280909805,25,50,20
12,3269,0.002850772126760582,0.3598784740655913,0.11795345556917074,0.5193172982384775,25,50,20
12,3270,0.0023379572819951866,0.3598784740012326,0.11795150753483426,0.5198320611819377,25,50,20
12,3271,0.002337995476162555,0.3598784740012407,0.11795150711107541,0.5198320234115209,25,50,20
12,3272,0.002344968211714725,0.35987847400127526,0.11794706825073806,0.5198294895362711,25,50,20
12,3273,0.0023449682204531473,0.35987847400127543,0.11794706826285825,0.5198294895154123,25,50,20
12,3274,0.002340918863715852,0.3598784740012394,0.11794706409455967,0.5198335430404842,25,50,20
12,3275,0.002340918235557614,0.3598784740012395,0.11794706412585684,0.5198335436373451,25,50,20
12,3276,0.0023369230059341016,0.35988247379048843,0.11794705957103423,0.5198335436325426,25,50,20
12,3277,0.00233398064379841,0.359882473790489,0.11794705960035268,0.5198364859653593,25,50,20
12,3278,0.0020837422237977425,0.3598824738300923,0.11819729302376267,0.5198364909223481,25,50,20
12,3279,0.002085737490316731,0.35988047191172945,0.11819729966596063,0.5198364909319934,25,50,20
12,3280,0.002085772596059501,0.35988047191173744,0.11819729921152479,0.5198364562806788,25,50,20
12,3281,0.002079732400698549,0.359880471911655,0.11819729134205317,0.5198425043455938,25,50,20
12,3282,0.0020835667403850287,0.35988047187201433,0.11819349119064933,0.5198424701969517,25,50,20
12,3283,0.0023122044905635065,0.35988047187420485,0.11803232077202837,0.5197750028632011,25,50,20
12,3284,0.002312275813185197,0.35988047187421435,0.11803232141670167,0.5197749308958963,25,50,20
12,3285,0.0023089299109690666,0.35988047187416294,0.08277806674664927,0.555032531468216,25,50,20
12,3286,0.0023099813739267984,0.3598794247512093,0.0827780624065577,0.5550325314683032,25,50,20
12,3287,0.0023100354704795752,0.35987942475120155,0.08277806235341002,0.5550324774249064,25,50,20
12,3288,0.002309982503516424,0.3598794247511931,0.08277806173326745,0.5550325310120207,25,50,20
12,3289,0.0023120316552763336,0.35987737949578863,0.08277805784171582,0.5550325310072171,25,50,20
12,3290,0.0023066089094430434,0.3598828664481965,0.08277800981969133,0.5550325148226668,25,50,20
12,3291,0.0023036534384569336,0.3598828664481799,0.08277803304435227,0.5550354470690085,25,50,20
12,3292,0.0023076474018380593,0.3598788673200982,0.08277803819455908,0.5550354470835024,25,50,20
12,3293,0.002304667212547086,0.3598818472942388,0.08277803840971157,0.5550354470835006,25,50,20
12,3294,0.0023089157572264785,0.35988184729431166,0.08277809207362984,0.5550311448748299,25,50,20
12,3295,0.0023128372092906728,0.35988184729435413,0.08277809510317229,0.555027220393181,25,50,20
12,3296,0.002312890778698363,0.35988184729436284,0.08277809520274085,0.5550271667241964,25,50,20
12,3297,0.002268091656001231,0.3598818472943879,0.0827779750129182,0.5550720860366911,25,50,20
12,3298,0.002268126207299178,0.359881814051461,0.08277797370459299,0.555072086036645,25,50,20
12,3299,0.002268122521445439,0.35988181405145414,0.08277797522362212,0.5550720882034764,25,50,20
12,3300,0.0022650912097539554,0.3598848472049189,0.08277797339154175,0.5550720881937834,25,50,20
12,3301,0.0029384394958312777,0.3592111543811676,0.08277831764372424,0.5550720884792749,25,50,20
12,3302,0.002937488019619038,0.3592111543811938,0.08277829423369608,0.5550730633654891,25,50,20
12,3303,0.002948402037390147,0.35921115438127105,0.08277829876609047,0.5550621448152464,25,50,20
12,3304,0.0029470990145120664,0.3592111543811983,0.0827782451294861,0.5550635014748017,25,50,20
12,3305,0.0029470980787258696,0.3592111543811986,0.0827782451390503,0.5550635024010233,25,50,20
12,3306,0.0029470607922563855,0.35921115438119017,0.08277824605200548,0.555063538774546,25,50,20
12,3307,0.002954977327375868,0.3592111543812605,0.08277825206506187,0.5550556162262995,25,50,20
12,3308,0.0029551001838077746,0.35921103109071884,0.0827782524991282,0.5550556162263429,25,50,20
12,3309,0.0029580816456270557,0.3592110310907012,0.0827782517071444,0.555052635556525,25,50,20
12,3310,0.0029541593369516077,0.35921103109067554,0.08277824935856223,0.5550565602138081,25,50,20
12,3311,0.001324319406584795,0.35921102796926285,0.0844081235852522,0.5550565290388976,25,50,20
12,3312,0.001324267508936141,0.3592110799265724,0.08440812352554683,0.555056529038942,25,50,20
12,3313,0.0013242151977940506,0.3592111315710544,0.08440812419220613,0.5550565290389426,25,50,20
12,3314,0.0012733705982004107,0.35921113156992723,0.08445896909845456,0.5550565287334149,25,50,20
12,3315,0.0012762989058939128,0.35921113156991824,0.0844589684108949,0.5550536011132903,25,50,20
12,3316,0.0012743562722812812,0.3592111315699472,0.08445897370687859,0.5550555384508908,25,50,20
12,3317,0.0012753225568016286,0.3592101624455989,0.08445897654202644,0.555055538455571,25,50,20
12,3318,0.0012633600167020872,0.3592101624455018,0.08445896806665036,0.5550675094711436,25,50,20
12,3319,0.0012612778682652987,0.35921016244552767,0.08445897041196632,0.5550695892742386,25,50,20
12,3320,0.0012612414870013752,0.35921016244551884,0.08445897082505706,0.5550696252424208,25,50,20
12,3321,0.0005838485741005033,0.35988790488040334,0.08445862160071796,0.5550696249447755,25,50,20
12,3322,0.0005837808264799392,0.35988797302366005,0.08445862120512299,0.5550696249447343,25,50,20
12,3323,0.0005832721132638411,0.35988797302364967,0.07973105033356184,0.559797704529523,25,50,20
12,3324,0.0006500705498477869,0.35988797302632086,0.07973127360438922,0.5597306828194405,25,50,20
12,3325,0.0006490349423316799,0.3598879730262736,0.07973126692494178,0.5597317251064513,25,50,20
12,3326,0.0006490873541483339,0.3598879730262731,0.07973126689646155,0.5597316727231155,25,50,20
12,3327,0.0006380500293993939,0.35988797302624886,0.07974230421676713,0.5597316727275832,25,50,20
12,3328,0.0006410445137247074,0.3598849786784365,0.0797423040802564,0.5597316727275813,25,50,20
12,3329,0.000644097117127486,0.35988192668644386,0.0797423034686741,0.5597316727277534,25,50,20
12,3330,0.0005852668671051842,0.3598819266838447,0.0797420863752211,0.5597907200738278,25,50,20
12,3331,0.0005962168852636823,0.3598819266839149,0.07974209290058006,0.5597797635302402,25,50,20
12,3332,0.0005922422518057441,0.35988192668388025,0.07974208990976131,0.5597837411545519,25,50,20
12,3333,0.0005921869400114149,0.35988198033131413,0.07974209156468834,0.5597837411639852,25,50,20
12,3334,0.0005962862428636547,0.35987787902994123,0.0797420935679704,0.5597837411592238,25,50,20
12,3335,0.000603277644824164,0.35987787903002144,0.07974209988240552,0.559776743442748,25,50,20
12,3336,0.0005992469042003024,0.3598778790299507,0.07974209426112724,0.5597807798047209,25,50,20
12,3337,0.000596426321955039,0.3598778790299598,0.07974209494339096,0.5597835997046933,25,50,20
12,3338,0.0006002792074700118,0.35987787903000323,0.07974209704395696,0.5597797447185687,25,50,20
12,3339,0.000600312905099985,0.35987784476849716,0.07974209760766687,0.5597797447187345,25,50,20
12,3340,0.0006670734467630294,0.3598778447711761,0.07974232138868169,0.5597127603933775,25,50,20
12,3341,0.0006690916415248369,0.35987583265643386,0.07974231531333854,0.559712760388701,25,50,20
12,3342,0.0006651691316851494,0.3598758326564365,0.07974231322044174,0.5597166849914348,25,50,20
12,3343,0.000668200450552917,0.35987583265643613,0.07974231261021932,0.5597136542827897,25,50,20
12,3344,0.0006652721379036716,0.35987876072175917,0.07974231285980138,0.559713654280534,25,50,20
12,3345,0.0006632567776809875,0.3598787607217947,0.07974231592935051,0.5597156665711721,25,50,20
12,3346,0.0006653412995612987,0.35987876072178643,0.07974231484440585,0.5597135831342448,25,50,20
12,3347,0.0006684049446129159,0.359875696275652,0.07974231564072765,0.5597135831390053,25,50,20
12,3348,0.0006682657491970435,0.35987569627563465,0.07974231439683184,0.5597137235783344,25,50,20
12,3349,0.0006611697829731655,0.3598827957469773,0.07974231089655572,0.5597137235734918,25,50,20
12,3350,0.0005943539255296542,0.3598827957443064,0.07974208718442136,0.5597807631457407,25,50,20
12,3351,0.0005835092533548605,0.35988279574426324,0.07974208242994373,0.5597916125724365,25,50,20
12,3352,0.000586487091855091,0.35987981838990074,0.07974208194351293,0.5597916125747294,25,50,20
12,3353,0.0005864714069133604,0.3598798348207582,0.07974208120235636,0.5597916125699703,25,50,20
12,3354,0.000583456744381781,0.3598798348207308,0.07974207919907349,0.5597946292358121,25,50,20
12,3355,0.0005804614356278613,0.3598828302573145,0.07974207907128589,0.5597946292357701,25,50,20
12,3356,0.0005794096555710793,0.3598828302573855,0.07974208723795657,0.5597956728490852,25,50,20
12,3357,0.0005794090131191313,0.3598828302573855,0.079742087272716,0.5597956734567782,25,50,20
12,3358,0.0005754671527159104,0.35988283025736917,0.07974208563683687,0.559799616953077,25,50,20
12,3359,0.0005865011825074448,0.3598717641320593,0.07974211772731986,0.5597996169581123,25,50,20
12,3360,0.0005865553219415468,0.3598717098664059,0.07974211785349156,0.5597996169581596,25,50,20
12,3361,0.0005756425595425318,0.3598717098663339,0.0797421116574455,0.559810535916677,25,50,20
12,3362,0.000571595733410142,0.3598717098662892,0.07974210793317976,0.5598145864671199,25,50,20
12,3363,0.000568615756520942,0.3598717098662807,0.07974210832348402,0.5598175660537132,25,50,20
12,3364,0.0005837097107656143,0.35987170997590456,0.07972701425406123,0.5598175660592678,25,50,20
12,3365,0.0005837096821170394,0.3598717099759047,0.07972701424460656,0.5598175660973711,25,50,20
12,3366,0.0005847289447589388,0.35987170997594975,0.0797270294343715,0.5598165316449194,25,50,20
12,3367,0.0006472877437475132,0.3598717098735023,0.07966447043092789,0.5598165319518217,25,50,20
12,3368,0.0006473245203787917,0.35987170987348494,0.07966446963889798,0.5598164959672376,25,50,20
12,3369,0.0006463604774145703,0.3598725419830955,0.07966460157475697,0.5598164959647323,25,50,20
12,3370,0.0006463075181839579,0.3598725419830869,0.0796645995766579,0.5598165509220706,25,50,20
12,3371,0.0006433114125403834,0.35987553810647294,0.07966459955903647,0.5598165509219494,25,50,20
12,3372,0.0006462711608182914,0.35987553810648243,0.07966460025264845,0.5598135904800499,25,50,20
12,3373,0.0005802638287108722,0.359875538100403,0.0797306078808992,0.559813590189986,25,50,20
12,3374,0.000581255703531468,0.35987553810030515,0.07973058837429119,0.5598126178218713,25,50,20
12,3375,0.0005782946116149914,0.3598755381002892,0.07973058924623323,0.5598155780418617,25,50,20
12,3376,0.0005782970788625575,0.3598755381003516,0.07973059380057743,0.5598155710202074,25,50,20
12,3377,0.0006251293622489845,0.35982864965084027,0.07973064995717309,0.559815571029737,25,50,20
12,3378,0.0006231341827849665,0.35982864965077,0.07973064189477702,0.5598175742716672,25,50,20
12,3379,0.0006938531931492814,0.3598286496529419,0.07973083031267446,0.5597466668412335,25,50,20
12,3380,0.0007000827954501081,0.35982241115256725,0.07973083919590064,0.5597466668560811,25,50,20
12,3381,0.0007001492067837618,0.35982234390998286,0.07973084002711359,0.5597466668561188,25,50,20
12,3382,0.0006989904341525523,0.35982234390999907,0.07973084262875814,0.5597478230270889,25,50,20
12,3383,0.0006951522687343979,0.3598223439099717,0.07973084150215742,0.5597516623191353,25,50,20
12,3384,0.0006859953125626324,0.35983150951147036,0.07973083287397599,0.5597516623019897,25,50,20
12,3385,0.0004531767627564887,0.359831509507698,0.07996365233377181,0.5597516613957751,25,50,20
12,3386,0.0003824577825294573,0.35983150950552484,0.07996346378580158,0.5598225689261455,25,50,20
12,3387,0.0003824039598224378,0.3598315632753376,0.07996346383869471,0.5598225689261459,25,50,20
12,3388,0.0003793903641340847,0.3598315632752746,0.07996645625058903,0.5598225901100029,25,50,20
12,3389,0.00037945989211949293,0.3598315632752835,0.07996645691859498,0.5598225199140029,25,50,20
12,3390,0.00037945959668391393,0.35983156327528343,0.07996645690489189,0.5598225202231416,25,50,20
12,3391,0.00037947665968479145,0.3598315632752929,0.07996646103333031,0.5598224990316926,25,50,20
12,3392,0.00037642893839577606,0.35983156327527543,0.07996646382036685,0.5598255439659627,25,50,20
12,3393,0.00037348865693179564,0.3598315632752756,0.07996646380407019,0.5598284842637231,25,50,20
12,3394,0.00038854749500925797,0.3598315632768748,0.07995140500698246,0.5598284842211342,25,50,20
12,3395,0.00038875998953326107,0.3598315632768756,0.07995140653866606,0.5598282701949256,25,50,20
12,3396,0.00039165105430070507,0.35983156327687615,0.07995140656270873,0.5598253791061149,25,50,20
12,3397,0.0003919513320223903,0.3598315632775367,0.07995144423346105,0.5598250411569804,25,50,20
12,3398,0.00037685894879210563,0.3598315632759201,0.07996653582681314,0.5598250419484753,25,50,20
12,3399,0.00044368034993159646,0.35976465998894286,0.07996661741262696,0.559825042248499,25,50,20
12,3400,0.00044667714571985565,0.35976166083623456,0.07996661975755606,0.5598250422604899,25,50,20
12,3401,0.0004535967254554421,0.3597616608362603,0.07996662309132235,0.559818119346962,25,50,20
12,3402,0.0004537733638161942,0.35976166083628813,0.0799664252951872,0.5598181405047085,25,50,20
12,3403,0.0004507963150360905,0.3597616608362701,0.07996642394680986,0.559821118901884,25,50,20
12,3404,0.00045371996061216197,0.3597616608361982,0.07996641868345956,0.5598182005197299,25,50,20
12,3405,0.0008651842638004605,0.35976166095105716,0.07955495369904896,0.5598182010860956,25,50,20
12,3406,0.0008619964515151074,0.359761660951012,0.0795549529376119,0.5598213896598628,25,50,20
12,3407,0.0008619954883995775,0.35976166095101136,0.07955495283620513,0.5598213907243855,25,50,20
12,3408,0.000861979509812935,0.3597616771404936,0.07955495262284103,0.5598213907268539,25,50,20
12,3409,0.0008650126631420668,0.3597616771404936,0.07955495058251022,0.5598183596138555,25,50,20
12,3410,0.0008619635524784269,0.35976472749449784,0.07955494935120126,0.5598183596018237,25,50,20
12,3411,0.00044077747528377875,0.3597647273785837,0.07997613560574934,0.5598183595403846,25,50,20
12,3412,0.0004387074013340703,0.35976472737861875,0.0799761386087384,0.5598204266113102,25,50,20
12,3413,0.00043578157168281106,0.3597647273786289,0.07997613935492473,0.559823351694765,25,50,20
12,3414,0.0004337139358714547,0.35976679210157014,0.07997614226303615,0.559823351699523,25,50,20
12,3415,0.0003786507102422787,0.3598219348783445,0.07997606271212948,0.5598233516992842,25,50,20
12,3416,0.0003137560028858826,0.35988704124156656,0.07997585134902076,0.5598233514065268,25,50,20
12,3417,0.00031676902188003305,0.35988402757139615,0.07997585199297626,0.5598233514137473,25,50,20
12,3418,0.0003198172291443276,0.35988098049959005,0.07997585085751917,0.5598233514137461,25,50,20
12,3419,0.0003228134467603514,0.35988098049958134,0.07997585071692322,0.5598203553367347,25,50,20
12,3420,0.00031980322113224046,0.3598809804995639,0.0799758499262559,0.5598233663530477,25,50,20
12,3421,0.008262536184827076,0.3598809804996741,0.08001901494405823,0.551837468371437,25,50,20
12,3422,0.008262521080763077,0.3598809804996742,0.08001901442251586,0.5518374839970437,25,50,20
12,3423,0.008262255650540319,0.3598809804990222,0.08001897329803816,0.5518377905523966,25,50,20
12,3424,0.00826548194039939,0.3598777438855821,0.08001898361906086,0.5518377905549543,25,50,20
12,3425,0.008269174504703703,0.35987405886442253,0.08001897607626368,0.5518377905546069,25,50,20
12,3426,0.008272171765468994,0.35987105450711776,0.08001898317042429,0.5518377905569859,25,50,20
12,3427,0.008273170236047917,0.35987105450899376,0.0800179547558968,0.5518378204990604,25,50,20
12,3428,0.008273316053274839,0.35987090721099285,0.08001795623406922,0.5518378205016616,25,50,20
12,3429,0.008284145719961998,0.3598709072109992,0.08000714848548435,0.5518377985835504,25,50,20
12,3430,0.008295011512845214,0.3598709072091857,0.0799963125918237,0.5518377686861475,25,50,20
12,3431,0.008304185980525429,0.3598709072092951,0.0799963222819447,0.5518285845282367,25,50,20
12,3432,0.008304256089376894,0.35987083662889247,0.07999632275345533,0.551828584528277,25,50,20
12,3433,0.008301380748405484,0.3598737110936367,0.07999632362968397,0.5518285845282754,25,50,20
12,3434,0.008298439531765544,0.35987371109363697,0.07999632366359491,0.551831525711004,25,50,20
12,3435,0.008288380113305363,0.35987371109365446,0.040145920389850265,0.5916919884031908,25,50,20
12,3436,0.008289310041511238,0.3598737110936987,0.04014592407042232,0.5916910547943685,25,50,20
12,3437,0.00829022137726021,0.3598737110937148,0.04014592671677126,0.591690140812254,25,50,20
12,3438,0.008288297838038049,0.35987371109365346,0.040145920814981376,0.5916920702533275,25,50,20
12,3439,0.00828843775338043,0.35987356976144363,0.0401459222269167,0.5916920702582609,25,50,20
12,3440,0.008410949689387971,0.35975079983407304,0.04014617991397093,0.5916920705625697,25,50,20
12,3441,0.008410734091837352,0.35975101738606574,0.040146177962169544,0.5916920705599289,25,50,20
12,3442,0.00841173024759717,0.35975101738609266,0.0401461803860576,0.5916910719802541,25,50,20
12,3443,0.008411746848033088,0.3597510057466288,0.04014617541777236,0.5916910719875672,25,50,20
12,3444,0.00841176653337641,0.3597510057466566,0.04014617631977635,0.591691051400192,25,50,20
12,3445,0.008410785559767073,0.35975198964298477,0.0401461734017753,0.5916910513954743,25,50,20
12,3446,0.008410735058987295,0.35975198964297744,0.04014617338203977,0.5916911019159966,25,50,20
12,3447,0.008414763045527282,0.35974796034675033,0.040146174696575256,0.5916911019111484,25,50,20
12,3448,0.00047285974859558917,0.35974796034665935,0.04010301057193508,0.599676169332811,25,50,20
12,3449,0.0004699197665002787,0.35975090007920024,0.04010301081906669,0.5996761693352337,25,50,20
12,3450,0.00047086722345257207,0.3597509000792513,0.04010301298667973,0.599675219710617,25,50,20
12,3451,0.00046977218458437895,0.3597509000792401,0.0401030106767998,0.5996763170593765,25,50,20
12,3452,0.00046982330638141516,0.35975084907195654,0.040103010562373254,0.5996763170592895,25,50,20
12,3453,0.0004708935143533833,0.35974978494678855,0.0401030044892157,0.599676317049643,25,50,20
12,3454,0.00046795157394593443,0.3597527364585947,0.04010299493226824,0.5996763170351911,25,50,20
12,3455,0.00046500083476402567,0.35975566329622927,0.04010301883124923,0.5996763170377575,25,50,20
12,3456,0.0004719175590057105,0.3597556632962641,0.040103021803561345,0.5996693973411688,25,50,20
12,3457,0.0004739883158358038,0.3597556632962305,0.0401030183585383,0.5996673300293954,25,50,20
12,3458,0.0004740554398274315,0.35975559406714125,0.04010302045627686,0.5996673300367543,25,50,20
12,3459,0.0004740180019551625,0.35975559406717594,0.0401030224858265,0.5996673654450422,25,50,20
12,3460,0.00047594467374883456,0.35975559406723756,0.0401030304582772,0.599665430800736,25,50,20
12,3461,0.00047389328969496346,0.35975559406727337,0.04010303404442345,0.5996674785986077,25,50,20
12,3462,0.0004738415806649917,0.35975564570715846,0.0401030341135687,0.5996674785986074,25,50,20
12,3463,0.00047384032396687584,0.35975564570715834,0.040103034088744736,0.5996674798801296,25,50,20
12,3464,0.00046692023191244303,0.3597556457071231,0.040103031073980035,0.599674402986984,25,50,20
12,3465,0.00034735122229805873,0.35987547272679016,0.040102773363478644,0.5996744026874327,25,50,20
12,3466,0.00034542546064934734,0.3598754727267292,0.04010276541994075,0.5996763363926803,25,50,20
12,3467,0.00034842073434974746,0.3598754727267204,0.04010276527091081,0.5996733412680186,25,50,20
12,3468,0.0003634493769783058,0.3598754727268437,0.04010277717395061,0.599658300722227,25,50,20
12,3469,0.0003564747432405613,0.35987547272680875,0.04010277366493467,0.5996652788650152,25,50,20
12,3470,0.00035647473761234416,0.3598754726029002,0.04010277379213314,0.5996652788673537,25,50,20
12,3471,0.00035341023459968903,0.35987853787193574,0.04010277302835884,0.599665278865105,25,50,20
12,3472,0.00040527027703242,0.3598785378770378,0.04010298037419501,0.5996132114717341,25,50,20
12,3473,0.00040229127462338825,0.35987853787706436,0.04010298182438758,0.599616189023924,25,50,20
12,3474,0.00040728560334797354,0.3598785378770286,0.04010297876857419,0.5996111977510484,25,50,20
12,3475,0.000407285619710888,0.35987853787702834,0.040102978741778934,0.5996111977614811,25,50,20
12,3476,0.0004142579197844334,0.3598715611620089,0.040102983147247785,0.5996111977709581,25,50,20
12,3477,0.000417305830285817,0.3598685132543266,0.040102983144428034,0.5996111977709587,25,50,20
12,3478,0.000417321822962536,0.35986851325433533,0.04010298380212942,0.5996111811205719,25,50,20
12,3479,0.0004162798247061615,0.3598695825846117,0.04010295647751648,0.5996111811131646,25,50,20
12,3480,0.000416280732864296,0.35986958167149397,0.040102956482433685,0.599611181113207,25,50,20
12,3481,0.0004163192485015145,0.3598695441864413,0.04010295545153228,0.5996111811135232,25,50,20
12,3482,0.00041727982404414396,0.35986954418644834,0.040102957561331705,0.5996102184281741,25,50,20
12,3483,0.0004184488930192195,0.359869544187521,0.03997566100998243,0.5997363459094754,25,50,20
12,3484,0.00041847310270252855,0.359869544187539,0.03997568681466946,0.599736295895087,25,50,20
12,3485,0.00041556749781901175,0.359872446973105,0.039975689621880243,0.5997362959071938,25,50,20
12,3486,0.0004156216519750273,0.3598724469730963,0.03997568949541399,0.5997362418795126,25,50,20
12,3487,0.00041562265580118553,0.3598724469731049,0.03997568963441429,0.5997362407366774,25,50,20
12,3488,0.00041257250205490594,0.3598724469731047,0.03997568961509834,0.5997392909097399,25,50,20
12,3489,0.0003457346114265769,0.3598724469678868,0.039975470428012014,0.5998063479926725,25,50,20
12,3490,0.00034893887256649386,0.3598692406960755,0.03997547244089517,0.5998063479904607,25,50,20
12,3491,0.00033981493775478905,0.3598692406959744,0.039975462861317916,0.5998154815049509,25,50,20
12,3492,0.0003397961291115894,0.35986924069594756,0.039975460884427425,0.5998155022905116,25,50,20
12,3493,0.0003417788525406385,0.3598692406959596,0.03997552276492748,0.5998134576865701,25,50,20
12,3494,0.00034177828477463307,0.3598692431382897,0.03997552090006141,0.599813457676872,25,50,20
12,3495,0.0003408509434562623,0.3598692431382639,0.03997551805857961,0.599814387859698,25,50,20
12,3496,0.00034298710174572865,0.35986924313823815,0.039975515717873264,0.5998122540421412,25,50,20
12,3497,0.00034100898719153025,0.3598692431382267,0.039975453913829326,0.5998142939607507,25,50,20
12,3498,0.0003439315778781916,0.35986632294120946,0.039975451532225204,0.5998142939486854,25,50,20
12,3499,0.0005832286543076327,0.3598663229438413,0.03997569628598783,0.5995747521158613,25,50,20
12,3500,0.0005831744016772723,0.35986636720560455,0.03997570625755818,0.5995747521351585,25,50,20
12,3501,0.0005871065294418926,0.35986242590024675,0.03997571543042843,0.5995747521398815,25,50,20
12,3502,0.0005870201556884359,0.35986242590021916,0.03997571391954926,0.5995748400245418,25,50,20
12,3503,0.0005899648011696202,0.3598624259002283,0.0399757145621454,0.5995718947364554,25,50,20
12,3504,0.0005960254090613693,0.3598624259002375,0.039975715241072234,0.5995658334496279,25,50,20
12,3505,0.0005960257097807056,0.3598624259002384,0.039975715294820524,0.5995658330951593,25,50,20
12,3506,0.0005968703626580476,0.35986242589912204,0.03997565708559763,0.5995650466526208,25,50,20
12,3507,0.0005968354554614791,0.35986219455656454,0.03997592332570205,0.5995650466622705,25,50,20
12,3508,0.0005898899024747748,0.3598621945565115,0.03997589447078049,0.5995720210702319,25,50,20
12,3509,0.0005879114424855507,0.359862194556529,0.03997589826186237,0.5995739957391217,25,50,20
12,3510,0.0005878576671775479,0.3598621945565367,0.0399758983294521,0.5995740494468325,25,50,20
12,3511,0.0005937959743163995,0.359862194556554,0.039975897531573934,0.5995681119375543,25,50,20
12,3512,0.0006766026992768636,0.3598621945603876,0.03997643083986538,0.5994847719004686,25,50,20
12,3513,0.0006734661781668609,0.359865332438568,0.03997642947820397,0.5994847719050597,25,50,20
12,3514,0.0006696284773117758,0.35986917244724004,0.03997642717272593,0.5994847719027208,25,50,20
12,3515,0.0006656344868977714,0.35986917244725947,0.03997642690995851,0.599488766155883,25,50,20
12,3516,0.0006656997677407044,0.3598691724472682,0.039976427527178185,0.5994887002578115,25,50,20
12,3517,0.000662843708364425,0.3598691724473154,0.039976431009518615,0.5994915528348,25,50,20
12,3518,0.0006658411672984598,0.359869172447307,0.03997643093344312,0.5994885554519498,25,50,20
12,3519,0.0006628978351504012,0.35986917244730726,0.03997643095919757,0.5994914987583432,25,50,20
12,3520,0.0006628279715508023,0.3598692429974719,0.0399764302750961,0.5994914987558794,25,50,20
12,3521,0.0006626889732966823,0.3598693834123038,0.039976428863451555,0.5994914987509463,25,50,20
12,3522,0.0006519812614154657,0.3598693834122348,0.039987107058301274,0.5994915282680472,25,50,20
12,3523,0.0006488629044883057,0.3598725027208653,0.03998710611382365,0.5994915282608221,25,50,20
12,3524,0.0006518065206458516,0.35986955929086567,0.039987105929963795,0.599491528258524,25,50,20
12,3525,0.0006517902715016103,0.3598695592908479,0.0399871046435839,0.5994915457940659,25,50,20
12,3526,0.0006547863481248439,0.35986955929083053,0.039987104868486785,0.599488549492557,25,50,20
12,3527,0.0006478818342110063,0.3598695592907866,0.039987101243231654,0.5994954576317703,25,50,20
12,3528,0.0006479003408628417,0.3598695592908055,0.03998710261726432,0.5994954377510667,25,50,20
12,3529,0.000650860034017886,0.35986955929082315,0.039987103892325175,0.5994924767828331,25,50,20
12,3530,0.0006538561728290965,0.3598665629752147,0.03998710406912172,0.5994924767828338,25,50,20
12,3531,0.0005740459671073871,0.35986656297137415,0.039986570704715924,0.5995728203568018,25,50,20
12,3532,0.0005802547222237669,0.3598665629734885,0.039986642117843335,0.5995665401864435,25,50,20
12,3533,0.0005951983200292031,0.35985160934522176,0.039986652126630495,0.5995665402081177,25,50,20
12,3534,0.000702837787050165,0.35974372295069484,0.03998689877632838,0.5995665404859257,25,50,20
12,3535,0.0007028402695755378,0.3597437229506948,0.03998689927757745,0.599566537502151,25,50,20
12,3536,0.000936251444516561,0.3597437229507682,0.03998697541453943,0.5993330501901746,25,50,20
12,3537,0.0009333085521635155,0.3597464852798703,0.03998715599704786,0.599333050170917,25,50,20
12,3538,0.0008126878421164679,0.3598673574104952,0.039986904866345825,0.5993330498810411,25,50,20
12,3539,0.0008137631598473674,0.3598673574104964,0.03998693030499783,0.5993319491246573,25,50,20
12,3540,0.0008107315305459634,0.35986735741042436,0.03998692725384456,0.5993349838051844,25,50,20
12,3541,0.0008196541894402553,0.35986735741640935,0.03997803382757196,0.5993349545665779,25,50,20
12,3542,0.000819637290222536,0.35986735741640047,0.039978033157918834,0.5993349721354575,25,50,20
12,3543,0.0008226694406549368,0.35986735741641906,0.03997803466714657,0.5993319384757788,25,50,20
12,3544,0.0008187011473470792,0.35987133446171277,0.03997802591984354,0.5993319384710959,25,50,20
12,3545,0.0008186999426496395,0.35987133446171227,0.03997802588407988,0.5993319397115574,25,50,20
12,3546,0.0008154865102308175,0.3598713344596065,0.039977954624613045,0.5993352244055489,25,50,20
12,3547,0.000582076233089839,0.3598713344595332,0.0399778784871854,0.599568710820191,25,50,20
12,3548,0.0005851126213511172,0.3598713345147317,0.03997484285772137,0.5995687100061956,25,50,20
12,3549,0.0005850761811088972,0.3598713345147216,0.039974841458142035,0.5995687478460272,25,50,20
12,3550,0.000588076106278187,0.35987133451471415,0.03997484185608775,0.5995657475229195,25,50,20
12,3551,0.0005880782882408928,0.3598713345147143,0.039974841907752634,0.5995657452892916,25,50,20
12,3552,0.0005890246117692998,0.3598713345147425,0.03997484609297487,0.5995647947805128,25,50,20
12,3553,0.0006597427835193331,0.359871334517945,0.039975109568385764,0.5994938131301493,25,50,20
12,3554,0.0006596741371186005,0.35987140373084847,0.03997510900192714,0.5994938131301053,25,50,20
12,3555,0.0006596578535702412,0.35987140373084797,0.039975108447555543,0.5994938299680256,25,50,20
12,3556,0.0006666985809602796,0.3598714037309098,0.039975112928502955,0.5994867847596262,25,50,20
12,3557,0.0006666976818036166,0.35987140373090043,0.03997511225414745,0.5994867863331478,25,50,20
12,3558,0.0006667162237048406,0.3598716517975697,0.03997484565518216,0.5994867863235426,25,50,20
12,3559,0.0006689046180073254,0.35987165179753366,0.039974842883183044,0.5994846007012752,25,50,20
12,3560,0.00043160701433129454,0.35987165179487596,0.039974594753760966,0.5997221464370308,25,50,20
12,3561,0.00042953820717980346,0.35987371757437603,0.03997459777673138,0.5997221464417117,25,50,20
12,3562,0.0006578378782793375,0.35987372371717313,0.03974629170602848,0.5997221466985178,25,50,20
12,3563,0.0006608519114199037,0.3598737237171825,0.03974629237875685,0.5997191319926396,25,50,20
12,3564,0.0006609059448405648,0.35987372371719034,0.0397462929209591,0.5997190774170089,25,50,20
12,3565,0.0006579804063836607,0.35987664720442225,0.03974629496487132,0.5997190774243217,25,50,20
12,3566,0.0006579794808332193,0.3598766472044307,0.03974629558084661,0.5997190777338884,25,50,20
12,3567,0.0006580470945168237,0.3598766472044385,0.03974629615465072,0.5997190095463929,25,50,20
12,3568,0.0006580991379068728,0.35987664720444756,0.039746296334310705,0.5997189573233339,25,50,20
12,3569,0.0006551727371803623,0.3598795731139965,0.03974629682544338,0.5997189573233787,25,50,20
12,3570,0.0006520381032017069,0.35988270967593566,0.039746294907170195,0.5997189573136907,25,50,20
12,3571,0.0006580299835592826,0.3598767173473608,0.039746295355390086,0.5997189573136882,25,50,20
12,3572,0.0006609718562195594,0.3598767173473247,0.03974629270354869,0.5997160180929054,25,50,20
12,3573,0.000664878531459795,0.3598767173473416,0.03974629439256803,0.5997121097286288,25,50,20
12,3574,0.0008990973109213839,0.3598767173495389,0.03974648681833106,0.5994776985212072,25,50,20
12,3575,0.0009020409615719289,0.35987671734953913,0.03974648683961258,0.5994747548492749,25,50,20
12,3576,0.0010215756552868168,0.3598767173517618,0.03974676977646617,0.5993549372164839,25,50,20
12,3577,0.0010284799981577332,0.35986981183734457,0.03974677095294304,0.5993549372115533,25,50,20
12,3578,0.0010285497723893527,0.3598698118373448,0.03974677248297484,0.5993548659072896,25,50,20
12,3579,0.0010255918828844129,0.3598727699792498,0.03974677222819433,0.59935486590967,25,50,20
12,3580,0.0010187214382846512,0.359879639692889,0.039746772949286135,0.5993548659195388,25,50,20
12,3581,0.001014745215494386,0.3598836194829201,0.03974676938676571,0.5993548659148183,25,50,20
12,3582,0.001008756283255667,0.3598836194829378,0.03974677068497938,0.5993608535488256,25,50,20
12,3583,0.0010205977466325967,0.3598836194830434,0.03974677877594051,0.599349003994382,25,50,20
12,3584,0.0010205110660704581,0.3598836194830166,0.03974677729861403,0.5993490921522975,25,50,20
12,3585,0.0010204588125642333,0.35988361948302466,0.0397467773980458,0.5993491443063638,25,50,20
12,3586,0.0010182692509239765,0.359883619483077,0.039746779681750465,0.599351331584247,25,50,20
12,3587,0.0010233745411495914,0.3598784712809672,0.03974682244560867,0.5993513317322731,25,50,20
12,3588,0.0010193020815049943,0.3598784712809412,0.03974679622017282,0.5993554304173793,25,50,20
12,3589,0.0007830281863395043,0.35987847127877814,0.03974660680954221,0.5995918937253384,25,50,20
12,3590,0.0006604803623528337,0.3598784712765463,0.039746323192567413,0.5997147251685316,25,50,20
12,3591,0.0013371256608932223,0.3592015434627637,0.03974660569823616,0.5997147251781051,25,50,20
12,3592,0.001337213131456485,0.35920144885253963,0.039746612845167645,0.5997147251708346,25,50,20
12,3593,0.001337140859868646,0.35920144885253963,0.039746610774430716,0.5997147995131594,25,50,20
12,3594,0.0013371239351543372,0.3592014659971044,0.039746610552072625,0.5997147995156671,25,50,20
12,3595,0.0013371762780871419,0.3592014137530339,0.03974661045087319,0.5997147995180038,25,50,20
12,3596,0.0013372476004951388,0.3592014137530435,0.03974661117553413,0.5997147274709255,25,50,20
12,3597,0.0013363036939418064,0.3592014137530166,0.039746607747233875,0.599715674805806,25,50,20
12,3598,0.0013363210315157732,0.35920141375302594,0.03974660844392329,0.5997156567715334,25,50,20
12,3599,0.0011056570192398477,0.3592014076447073,0.039977278866060215,0.5997156564699918,25,50,20
12,3600,0.0011056382276148698,0.3592014076446891,0.0399772780168684,0.5997156761108269,25,50,20
12,3601,0.0011065668406240665,0.3592004762111853,0.039977280834981824,0.5997156761132081,25,50,20
12,3602,0.001109541734155292,0.35919749997633793,0.0399772821714518,0.599715676118054,25,50,20
12,3603,0.0011093662018480505,0.3591976861713118,0.03997727151605829,0.599715676110781,25,50,20
12,3604,0.00110936616722477,0.3591976861713115,0.03997727149171307,0.59971567616975,25,50,20
12,3605,0.0011093831229959574,0.35919785895861606,0.03997708174387493,0.5997156761745122,25,50,20
12,3606,0.0011052980637793618,0.35920194646181514,0.0399770793050103,0.5997156761693949,25,50,20
12,3607,0.001107381673194331,0.3591998649688983,0.039977077188430625,0.5997156761694764,25,50,20
12,3608,0.001104438293518,0.3592028081414735,0.03997707739319254,0.5997156761718156,25,50,20
12,3609,0.0011015475032952755,0.3592028081414824,0.03997707800557198,0.5997185663496503,25,50,20
12,3610,0.0011017401386407572,0.3592028081414751,0.03997707900202779,0.599718372717856,25,50,20
12,3611,0.0011008092798956643,0.35920280814142236,0.039977074755209056,0.5997193078234724,25,50,20
12,3612,0.0011008115414242181,0.3592028081414222,0.03997707480349663,0.5997193055136567,25,50,20
12,3613,0.00110373795631037,0.35919988239196826,0.03997707414052722,0.5997193055111939,25,50,20
12,3614,0.0011037560861290054,0.35919988239198636,0.03997707541502976,0.5997192861068545,25,50,20
12,3615,0.0010965842161798527,0.3592070942566719,0.03997703556368309,0.5997192859634647,25,50,20
12,3616,0.0010994583364336069,0.3592070942566538,0.03997703423205957,0.5997164131748527,25,50,20
12,3617,0.0010984780966273432,0.35920709425661906,0.039977031200369946,0.5997173964463833,25,50,20
12,3618,0.0010955535329383325,0.35921001614333226,0.0399770338773021,0.5997173964464274,25,50,20
12,3619,0.001092558153757796,0.3592130116955423,0.03997703370661345,0.5997173964440866,25,50,20
12,3620,0.0010828050709978678,0.35921301160180014,0.03998678688222894,0.5997173964449736,25,50,20
12,3621,0.0010708582865085546,0.3592130116017117,0.03998677855468548,0.5997293515570943,25,50,20
12,3622,0.0010746431015144168,0.35921301160177177,0.039986781864805476,0.5997255634319083,25,50,20
12,3623,0.001078584934388935,0.35920906834305577,0.03998678329311554,0.5997255634294397,25,50,20
12,3624,0.0010048712251434966,0.359209068339861,0.03998651990519669,0.5997995405297984,25,50,20
12,3625,0.0010039421939604983,0.35921000019640636,0.03998651708217416,0.5997995405274587,25,50,20
12,3626,0.0010069531897896032,0.3592100001964159,0.039986517769351124,0.599796528844443,25,50,20
12,3627,0.001003905145002023,0.35921291228686447,0.03998665372844716,0.5997965288396856,25,50,20
12,3628,0.0010088452941520822,0.35920795616812096,0.03998666967138952,0.5997965288663367,25,50,20
12,3629,0.0010088287788306794,0.35920810944391535,0.03998653291087708,0.5997965288663761,25,50,20
12,3630,0.0010118774899038,0.35920810944394027,0.03998653371950562,0.5997934793466496,25,50,20
12,3631,0.0010088126661217149,0.3592081094439232,0.039986532925120305,0.5997965449648343,25,50,20
12,3632,0.0010117720515168684,0.35920810944393156,0.0399865335438038,0.5997935849607472,25,50,20
12,3633,0.001011963379848281,0.3592081094419818,0.03998634169753012,0.5997935854806397,25,50,20
12,3634,0.0010119620545253787,0.3592081094419818,0.039986341646927735,0.5997935868565648,25,50,20
12,3635,0.0010189342690038632,0.3592011334243591,0.0399863454405079,0.5997935868661284,25,50,20
12,3636,0.0012563398410169212,0.3592011334275664,0.03998665597531121,0.5995558707561047,25,50,20
12,3637,0.0012562709935257453,0.35920113342754767,0.0399866546351996,0.5995559409437261,25,50,20
12,3638,0.0012493524174706377,0.3592080547740481,0.0399866518671318,0.5995559409413487,25,50,20
12,3639,0.0010149582540715718,0.35920805477087575,0.039986343382936634,0.5997906435921153,25,50,20
12,3640,0.0014740710026011363,0.35874867358689116,0.03998661152603172,0.5997906438844752,25,50,20
12,3641,0.0014770482737753911,0.35874867358699747,0.03998662066854168,0.5997876574706846,25,50,20
12,3642,0.0014779607421815263,0.3587486735870239,0.039986623040649545,0.5997867426301443,25,50,20
12,3643,0.0014809205081557188,0.3587457131006497,0.03998662375858591,0.5997867426326077,25,50,20
12,3644,0.0014809017357445956,0.35874573434239193,0.039986621286957826,0.5997867426349044,25,50,20
12,3645,0.0014902100436630064,0.3587457343455825,0.03998675707122337,0.59977729853953,25,50,20
12,3646,0.001494239233140294,0.3587417020005597,0.03998676022183927,0.5997772985444595,25,50,20
12,3647,0.001490386373892376,0.3587455575952717,0.0399867574958965,0.5997772985349382,25,50,20
12,3648,0.0014933297001766196,0.3587426143346432,0.03998675743049173,0.5997772985346866,25,50,20
12,3649,0.0014933137106850267,0.35874261433461657,0.03998675598083538,0.5997773159738614,25,50,20
12,3650,0.0014933133063415544,0.35874261433459004,0.03998675454802263,0.5997773178110439,25,50,20
12,3651,0.0014912453951283753,0.35874261433463367,0.03998675769701461,0.5997793825732216,25,50,20
12,3652,0.001488321094566083,0.358742614334537,0.039986748704071214,0.599782315866824,25,50,20
12,3653,0.0014873914317981693,0.35874261433449334,0.03998674508375255,0.599783249149954,25,50,20
12,3654,0.02420651786295779,0.3587426143864186,0.03999651270530313,0.5770543550453184,25,50,20
12,3655,0.024326052133463047,0.3587426143886047,0.03999684160479974,0.5769344918731306,25,50,20
12,3656,0.02432519253086191,0.3587426143885789,0.03999683926553329,0.576935353815024,25,50,20
12,3657,0.02432806705691417,0.35874261438865246,0.03999396473941521,0.5769353538150167,25,50,20
12,3658,0.02432514112084939,0.3587426143886625,0.039993965478295625,0.5769382790121914,25,50,20
12,3659,0.02432113327320695,0.3587466345466945,0.03999395319208626,0.5769382789880114,25,50,20
12,3660,0.024320271789983673,0.3587474992672767,0.03999394995927975,0.5769382789834591,25,50,20
12,3661,0.024546760269399996,0.35874749926733235,0.03999407156922791,0.576711668894039,25,50,20
12,3662,0.024549687413239592,0.3587474992673314,0.039994071485111755,0.5767087418343165,25,50,20
12,3663,0.02454970342401609,0.3587474827448754,0.03999407199683351,0.5767087418342741,25,50,20
12,3664,0.02456464756877919,0.35873252732351424,0.03999408325906572,0.5767087418486398,25,50,20
12,3665,0.02456465004240852,0.35873252732352384,0.03999408353917399,0.5767087390948924,25,50,20
12,3666,0.024561653118432697,0.35873252732351546,0.039994083420101266,0.5767117361379496,25,50,20
12,3667,0.024553665306376565,0.3587405227012177,0.03999407586414249,0.5767117361282622,25,50,20
12,3668,0.024557918153932694,0.3587362411326102,0.039994104572575205,0.5767117361408808,25,50,20
12,3669,0.024556769198737928,0.35873741781590757,0.03999407685709415,0.5767117361282592,25,50,20
12,3670,0.024556750338119136,0.358737417815899,0.03999407875238298,0.5767117530935978,25,50,20
12,3671,0.024556802917371504,0.3587373653952963,0.03999407859607574,0.5767117530912556,25,50,20
12,3672,0.023881191056036005,0.35941326506278365,0.03999379080434417,0.5767117530768356,25,50,20
12,3673,0.023878194991209228,0.3594162613878069,0.03999379054890666,0.5767117530720767,25,50,20
12,3674,0.02387917558232049,0.3594162613878414,0.03999379659843503,0.5767107664314026,25,50,20
12,3675,0.02388014183780978,0.3594152918869268,0.03999379983433696,0.5767107664409259,25,50,20
12,3676,0.023649680681346083,0.3594152918868458,0.03999367546179263,0.576941351970015,25,50,20
12,3677,0.02364283043089701,0.35941529188682153,0.03999367368504195,0.5769482039972386,25,50,20
12,3678,0.02364889387974683,0.3594152918868226,0.039993671199844545,0.576942143033585,25,50,20
12,3679,0.02364882284597285,0.35941536446100036,0.03999366965944078,0.576942143033585,25,50,20
12,3680,0.023648805821217554,0.35941536446099115,0.03999366899867193,0.5769421607191184,25,50,20
12,3681,0.023189708786557156,0.3598747296980316,0.039993401090991414,0.5769421604244184,25,50,20
12,3682,0.02318977590423018,0.3598747296980313,0.039993401473340136,0.5769420929243971,25,50,20
12,3683,0.02321206812093305,0.3598747296980833,0.039971109752596476,0.576942092428386,25,50,20
12,3684,0.023213014599654844,0.3598747296981171,0.039971111173762695,0.5769411445284641,25,50,20
12,3685,0.023216938512025772,0.35987472969815193,0.03997111415223352,0.5769372176375875,25,50,20
12,3686,0.023223860153833195,0.35986780499491006,0.03997111720878067,0.5769372176424747,25,50,20
12,3687,0.0232178661291257,0.35987379918160356,0.039971117049259965,0.5769372176400096,25,50,20
12,3688,0.023219164065171712,0.35987249617035066,0.03997112211442588,0.5769372176500503,25,50,20
12,3689,0.023190895173228455,0.3598724961702358,0.03999769615163175,0.5769389125049027,25,50,20
12,3690,0.02318404387990155,0.35987249617022843,0.03999769415960736,0.5769457657902614,25,50,20
12,3691,0.023190145685720576,0.3598663826987426,0.03999770582508458,0.5769457657904509,25,50,20
12,3692,0.023193227903714773,0.35986638269875953,0.03999770668765193,0.5769426827098726,25,50,20
12,3693,0.023190981183246463,0.3598686269890296,0.039997709137332575,0.5769426826903903,25,50,20
12,3694,0.023197832151503,0.35986862698907346,0.039997712748142594,0.5769358281112801,25,50,20
12,3695,0.023197937176711928,0.3598686269890558,0.03999771246790913,0.5769357233663223,25,50,20
12,3696,0.023193959921218914,0.3598686269890031,0.03999770820555438,0.5769397048842227,25,50,20
12,3697,0.023197919366592226,0.35986862698902045,0.03999770990443127,0.5769357437399552,25,50,20
12,3698,0.023195905258051364,0.3598686269890553,0.03999771290099153,0.5769377548519007,25,50,20
12,3699,0.023206969074200456,0.3598575245220581,0.03999775071120592,0.5769377556925345,25,50,20
12,3700,0.023203969301899444,0.35985752452204883,0.039997750523209204,0.5769407556528414,25,50,20
12,3701,0.023203954644538914,0.35985752452204844,0.0399994595346783,0.5769390612987331,25,50,20
12,3702,0.023207071764874448,0.3598575245220487,0.039999460036120996,0.5769359436769546,25,50,20
12,3703,0.02308452681646933,0.35985752451985387,0.039999130491849354,0.577058818171826,25,50,20
12,3704,0.023315521665506798,0.3598575245209474,0.03999933915181136,0.576827614661733,25,50,20
12,3705,0.023315594665480346,0.35985752452095726,0.03999934095262989,0.576827539860931,25,50,20
12,3706,0.023312581046929598,0.35985752452092173,0.03999933886132029,0.5768305555708271,25,50,20
12,3707,0.02331461218564839,0.35985752452089625,0.03999933655672669,0.5768285267367275,25,50,20
12,3708,0.02344709069601712,0.35985752455500986,0.03986684170895896,0.5768285430400131,25,50,20
12,3709,0.023443126722097567,0.3598615026846656,0.03986682755809126,0.5768285430351445,25,50,20
12,3710,0.023443143653742823,0.3598615026846657,0.039866829612506496,0.5768285240490839,25,50,20
12,3711,0.0234470688047756,0.3598575743349143,0.039866832804041,0.5768285240562682,25,50,20
12,3712,0.023552016189915866,0.3598575744127606,0.03976190186728216,0.5768285075300406,25,50,20
12,3713,0.023548827422844285,0.35985757441272453,0.03976190016270697,0.5768316980017233,25,50,20
12,3714,0.023544867186320522,0.3598615384478477,0.03976189636878526,0.5768316979970453,25,50,20
12,3715,0.02354479716770873,0.35986160954620755,0.03976189529409388,0.576831697991988,25,50,20
12,3716,0.02354094302402896,0.35986546607869685,0.03976189290996123,0.5768316979873113,25,50,20
12,3717,0.023548994663315743,0.35984990801533356,0.039769399048337546,0.5768316982730114,25,50,20
12,3718,0.023540857558699203,0.35985808420562604,0.03976936080329465,0.5768316974323776,25,50,20
12,3719,0.023544974169895348,0.35985808420567994,0.03976936516881986,0.5768275764556026,25,50,20
12,3720,0.023304723251452754,0.3598580842013881,0.0397690206373263,0.5770681719098305,25,50,20
12,3721,0.023301780523007295,0.35986102673001696,0.039769020834761165,0.577068171912212,25,50,20
12,3722,0.02330180008224098,0.3598610267300269,0.039769021403705314,0.5770681517840244,25,50,20
12,3723,0.023298821536876662,0.3598610267300097,0.039769022152581886,0.5770711295805296,25,50,20
12,3724,0.023298770485642363,0.3598610267300181,0.03976902228158047,0.577071180502757,25,50,20
12,3725,0.023305688134552402,0.35986102673005277,0.039769025255972465,0.57706425987942,25,50,20
12,3726,0.023305566027314147,0.3598611499403279,0.03976902415293362,0.5770642598794222,25,50,20
12,3727,0.023305497290034487,0.3598612170085515,0.039769025812240046,0.5770642598891718,25,50,20
12,3728,0.023308439179291436,0.3598612170085503,0.03976902572372849,0.5770613180884279,25,50,20
12,3729,0.023368338837629808,0.3598011328197397,0.03976920996623251,0.5770613183763963,25,50,20
12,3730,0.023368267725707628,0.3598012020251147,0.039769211870699095,0.5770613183784769,25,50,20
12,3731,0.023365135231869217,0.3598012020250893,0.0397692105145753,0.5770644522284644,25,50,20
12,3732,0.023367061019221994,0.35979927040475224,0.03976921634046148,0.5770644522355624,25,50,20
12,3733,0.023303306397074283,0.359863212184926,0.0397690294775026,0.5770644519404953,25,50,20
12,3734,0.02330332464183254,0.3598632029413843,0.039769020476324274,0.5770644519404571,25,50,20
12,3735,0.023298330287814903,0.3598632029414289,0.039769023682193,0.5770694430885613,25,50,20
12,3736,0.023302322631332063,0.3598632029414643,0.039769026721649316,0.5770654477055521,25,50,20
12,3737,0.02330235895399045,0.35986320294149093,0.03976902665111212,0.5770654114534041,25,50,20
12,3738,0.006024733159134283,0.35986320289247264,0.07394450019840827,0.5601675637499839,25,50,20
12,3739,0.006024699019362859,0.35986320289301643,0.07394449979718418,0.5601675982904362,25,50,20
12,3740,0.006021650465710181,0.3598662513956996,0.07394449984802759,0.5601675982905632,25,50,20
12,3741,0.006010804321080019,0.35988460332971295,0.0739369943369758,0.5601675980122311,25,50,20
12,3742,0.006010875511087116,0.35988453279158394,0.0739369936948453,0.5601675980024838,25,50,20
12,3743,0.00601586860240147,0.3598795358467132,0.07393699755320421,0.5601675979976812,25,50,20
12,3744,0.00601575995501929,0.35987953584615906,0.07393699559429591,0.5601677086045259,25,50,20
12,3745,0.0060157590224985,0.35987953584615,0.07393699493461746,0.560167710196734,25,50,20
12,3746,0.0060187538104470315,0.3598765409437286,0.0739369950467951,0.5601677101990292,25,50,20
12,3747,0.006014830320001174,0.3598765409437111,0.07393699331676817,0.5601716354195194,25,50,20
12,3748,0.006027783194327058,0.3598635762756464,0.07393700509094704,0.5601716354390791,25,50,20
12,3749,0.006023666879630367,0.3598635762755931,0.07393700074086483,0.5601757561039118,25,50,20
12,3750,0.006023668151874702,0.3598635744783056,0.07393700126594917,0.5601757561038715,25,50,20
12,3751,0.006022740533675713,0.3598635744782798,0.07393699790944912,0.5601766870785959,25,50,20
12,3752,0.006020725464214106,0.35986558645076827,0.07393700100174357,0.5601766870832747,25,50,20
12,3753,0.006023829768169303,0.359865586450768,0.07393700202071521,0.5601735817603478,25,50,20
12,3754,0.005801317021940689,0.3598655863419042,0.07415781896116334,0.5601752776749934,25,50,20
12,3755,0.005801245753959933,0.3598655863418855,0.074157818258246,0.5601753496459096,25,50,20
12,3756,0.006533833686654015,0.3598655863516405,0.07342688124599195,0.5601736987157147,25,50,20
12,3757,0.0065280233130070985,0.3598713843353544,0.07342689363795606,0.5601736987136833,25,50,20
12,3758,0.006522960157907527,0.3598713843353722,0.07342689539863978,0.5601787601080811,25,50,20
12,3759,0.006520016811202202,0.3598713843353719,0.07342689537952127,0.5601817034739051,25,50,20
12,3760,0.0065199610726186805,0.3598713843353895,0.07342689462801491,0.5601817599639772,25,50,20
12,3761,0.0065230099619367245,0.35987138433537164,0.07342689431419078,0.5601787113885013,25,50,20
12,3762,0.006526009664180695,0.35987138433538085,0.07342689452627481,0.5601757114741642,25,50,20
12,3763,0.006519039050596669,0.35987138433533694,0.07342689140269754,0.5601826852113693,25,50,20
12,3764,0.006521964317565957,0.3598713843355501,0.07342691029263575,0.5601797410542485,25,50,20
12,3765,0.006521944254727257,0.3598713843355423,0.07342691328294523,0.5601797581267856,25,50,20
12,3766,0.006512916423066303,0.35988042044539875,0.0734269050195923,0.5601797581119429,25,50,20
12,3767,0.006512987723593636,0.3598804204454087,0.07342690574010013,0.560179686090898,25,50,20
12,3768,0.006516001049788086,0.359880420445418,0.07342690644382022,0.560176672060974,25,50,20
12,3769,0.006514022905434973,0.3598804204453386,0.07342690027533892,0.5601786563738878,25,50,20
12,3770,0.005769446342126232,0.35988042043250573,0.07417152212289174,0.5601786111024764,25,50,20
12,3771,0.005772442958487595,0.3598804204325143,0.07417152220494161,0.5601756144040567,25,50,20
12,3772,0.005779362221773327,0.35988042043255775,0.07417152586739399,0.560168691478275,25,50,20
12,3773,0.005775402680695845,0.3598804204325232,0.07417152288291282,0.560172654003868,25,50,20
12,3774,0.005773477835544327,0.359880420432453,0.07417151683650984,0.5601745848954927,25,50,20
12,3775,0.005769501396159022,0.3598843954693669,0.07417151823408254,0.5601745849003913,25,50,20
12,3776,0.005781325628925023,0.3598843954694458,0.07417152584564166,0.5601627530559874,25,50,20
12,3777,0.0057842894469158634,0.3598843954694553,0.07417152657558265,0.560159788508046,25,50,20
12,3778,0.005782152611145651,0.3598843954694988,0.07417152917460416,0.5601619227447509,25,50,20
12,3779,0.00578217083435633,0.35988439546950673,0.07417152619711405,0.5601619074990222,25,50,20
12,3780,0.005779228400198604,0.3598843954694894,0.07417443890066147,0.56016193722965,25,50,20
12,3781,0.00578115443000586,0.35990430505715354,0.07415263302096678,0.5601619074918733,25,50,20
12,3782,0.005781256062644327,0.3599043050571355,0.07415263316635069,0.5601618057138691,25,50,20
12,3783,0.005791061273376426,0.3598945158343301,0.0741526171691254,0.5601618057231678,25,50,20
12,3784,0.005792095283955209,0.35987461248568337,0.07417148649236688,0.5601618057379943,25,50,20
12,3785,0.0057901333874962905,0.35987656984583977,0.07417149102607537,0.5601618057405884,25,50,20
12,3786,0.005790170066546725,0.35987656984584815,0.0741714891262566,0.5601617709613482,25,50,20
12,3787,0.00578220063654187,0.3598845453957897,0.07417148301600722,0.560161770951661,25,50,20
12,3788,0.005782321193074172,0.3598845453957813,0.07417148343336578,0.5601616499777785,25,50,20
12,3789,0.005782374717349628,0.359884545395773,0.0741714833091279,0.5601615965777492,25,50,20
12,3790,0.005784407668786906,0.35988251398610627,0.074171481772374,0.5601615965727327,25,50,20
12,3791,0.005788400365358916,0.3598825139861587,0.07417148555586457,0.5601576000926176,25,50,20
12,3792,0.005785351867933015,0.35988251398617643,0.0741714858864494,0.5601606482594409,25,50,20
12,3793,0.005792272875903941,0.35987559232102845,0.07417148653890653,0.5601606482641607,25,50,20
12,3794,0.005792257312804604,0.3598755923210011,0.07417148659389022,0.5601606637723039,25,50,20
12,3795,0.005790173448945336,0.3598776755590002,0.07417148721022665,0.5601606637818276,25,50,20
12,3796,0.005792951553532769,0.35987489861867494,0.07417148605337429,0.5601606637744168,25,50,20
12,3797,0.005791827218733666,0.35987489861876404,0.07417149142295036,0.5601617827395506,25,50,20
12,3798,0.005776921915245925,0.35987489861866656,0.07417148244342942,0.5601766970226566,25,50,20
12,3799,0.005783971322438439,0.3598748986187184,0.07417148626375075,0.5601696437950907,25,50,20
12,3800,0.015477325299335341,0.3598748986202562,0.06484005091448446,0.5598077251659238,25,50,20
12,3801,0.015477271408683595,0.35987489862024735,0.06484005073995816,0.5598077792311105,25,50,20
12,3802,0.015481231798912585,0.3598748986202731,0.06484005307344433,0.5598038165073697,25,50,20
12,3803,0.015482230632613751,0.35987489862019223,0.06484004624736825,0.5598028244998254,25,50,20
12,3804,0.015482300710729445,0.35987489862075445,0.06484004879439591,0.5598027518741199,25,50,20
12,3805,0.015484332112957123,0.35987489862072924,0.06484004651048857,0.5598007227558247,25,50,20
12,3806,0.015484279176649438,0.3598748986207208,0.06484004640837748,0.5598007757942519,25,50,20
12,3807,0.015481424100005364,0.3598748986205087,0.06484002807820816,0.5598036492012777,25,50,20
12,3808,0.015478478997425844,0.35987784876500656,0.06484002304590696,0.5598036491916603,25,50,20
12,3809,0.015480614527846787,0.3598757095962196,0.06484002669379729,0.5598036491821358,25,50,20
12,3810,0.015477667745083684,0.35987570959621995,0.06484002665854445,0.559806596000151,25,50,20
12,3811,0.015477651184044696,0.35987570335718394,0.06484004947600129,0.5598065959827704,25,50,20
12,3812,0.015474585733805111,0.3598757033571925,0.06484004860497598,0.5598096623040266,25,50,20
12,3813,0.015478438198525193,0.3598718487769426,0.06484005071340823,0.5598096623111238,25,50,20
12,3814,0.015545225425789731,0.3598718487801116,0.0648402654724766,0.559742660321622,25,50,20
12,3815,0.015542107322516582,0.35987497432287385,0.06484025803302368,0.5597426603215857,25,50,20
12,3816,0.015535141909460646,0.3598749743228476,0.06484025556260269,0.559749628205089,25,50,20
12,3817,0.0005446269687733298,0.3598749743297619,0.07983085680132133,0.5597495419001445,25,50,20
12,3818,0.0005485860884456653,0.35987497432978693,0.07983085906965297,0.5597455805121155,25,50,20
12,3819,0.0005485500452736855,0.35987497432977766,0.07983086049584193,0.5597456151291076,25,50,20
12,3820,0.0005484798957521306,0.35987497432975074,0.07983085953997944,0.5597456862345184,25,50,20
12,3821,0.0005525245555390756,0.3598709259577364,0.07983086324490031,0.5597456862418246,25,50,20
12,3822,0.0005555740293606381,0.3598709259577717,0.07983086375156115,0.559742636261307,25,50,20
12,3823,0.0005674281005791462,0.3598709259580241,0.07981731593717316,0.559744330004225,25,50,20
12,3824,0.0005714063812933038,0.35986694457681756,0.07981731903294309,0.5597443300089465,25,50,20
12,3825,0.0005674299595395977,0.3598669445767831,0.0798173160929836,0.559748309370694,25,50,20
12,3826,0.00042440084238879844,0.35986694456546386,0.07996034552554357,0.5597483090666046,25,50,20
12,3827,0.00042646690896604313,0.3598648815336775,0.07996034249539147,0.5597483090619658,25,50,20
12,3828,0.0004294090771383808,0.35986488153367735,0.07996034245774174,0.5597453669314432,25,50,20
12,3829,0.00043242206641353815,0.3598648815337214,0.07996034516278919,0.5597423512370768,25,50,20
12,3830,0.0004333492456653685,0.35986488153384605,0.07996035612040299,0.5597414131000861,25,50,20
12,3831,0.0004333495973194286,0.35986488153384677,0.07996035613254004,0.5597414127362942,25,50,20
12,3832,0.0004334897364499319,0.3598647425486906,0.07996035498077635,0.5597414127340837,25,50,20
12,3833,0.0004218137080410236,0.3598647425549426,0.07997372422845044,0.5597397195085672,25,50,20
12,3834,0.0004216218550106186,0.3598649357576441,0.07997372287890739,0.5597397195084389,25,50,20
12,3835,0.0004216740498579074,0.35986493575763595,0.0799737228494343,0.5597396673430729,25,50,20
12,3836,0.0004217651022300809,0.3598649358617862,0.07997363219291358,0.5597396668430711,25,50,20
12,3837,0.0004188728114652483,0.3598649358617687,0.07997363091289553,0.5597425604138714,25,50,20
12,3838,0.00041580824364335347,0.3598649358617774,0.0799736305497671,0.5597456253448128,25,50,20
12,3839,0.0004197854846754742,0.35986493586182966,0.07997363479794388,0.5597416438555516,25,50,20
12,3840,0.00035592534975246954,0.35986493585865226,0.07997341936767627,0.5598057194239194,25,50,20
12,3841,0.00035886860715709097,0.35986199221193504,0.0799734197522689,0.5598057194286391,25,50,20
12,3842,0.00041875277339901767,0.3598017880382546,0.07997373946923488,0.5598057197191115,25,50,20
12,3843,0.0004271048027543179,0.3598017880382086,0.07996538744462851,0.5598057197144096,25,50,20
12,3844,0.00042694175697983235,0.35980178792761713,0.07996555046547399,0.5598057198499311,25,50,20
12,3845,0.00042695966654023097,0.3598017879276274,0.07996555121641244,0.5598057011894221,25,50,20
12,3846,0.00043208447825919034,0.359801787929179,0.07996042641754088,0.5598057011750234,25,50,20
12,3847,0.00044015249666580486,0.3597933416940354,0.07996080462433855,0.5598057011849624,25,50,20
12,3848,0.00044407494746127326,0.35979334169352684,0.07996080639983334,0.5598017769591805,25,50,20
12,3849,0.00043717082408358763,0.35980024796113563,0.07996080425560542,0.559801776959177,25,50,20
12,3850,0.000434191537547951,0.3598002479611533,0.07996080499428979,0.5598047555070103,25,50,20
12,3851,0.00042720230737808697,0.35980024796110865,0.07996080127647903,0.5598117484550352,25,50,20
12,3852,0.000434175362716393,0.3598002479611441,0.0799608043179144,0.5598047723582256,25,50,20
12,3853,0.00043422861712947967,0.3598001942763594,0.07996080474586283,0.5598047723606482,25,50,20
12,3854,0.0004333002081053269,0.35980019427622595,0.07996079313485813,0.5598057123808103,25,50,20
12,3855,0.0004322139668188967,0.35980127523900834,0.07996079840851582,0.5598057123856567,25,50,20
12,3856,0.00044018458296816667,0.35980127523906963,0.07996080478804209,0.55979773538992,25,50,20
12,3857,0.00044018394363640764,0.3598012752390698,0.07996080483441516,0.5597977359828784,25,50,20
12,3858,0.0004401550843230254,0.3598016733403269,0.07996043558067029,0.5597977359946795,25,50,20
12,3859,0.00043709003451088634,0.3598016733403002,0.07996043415022198,0.5598008024749667,25,50,20
12,3860,0.0004301683744073364,0.35980167334026675,0.07996043278074666,0.559807725504579,25,50,20
12,3861,0.00043022008968188587,0.3598016733402751,0.07996043287130575,0.5598076736987373,25,50,20
12,3862,0.00042224943727412693,0.35980167334021346,0.07996042645378426,0.5598156507687282,25,50,20
12,3863,0.0004389098742105847,0.3598016733410388,0.07994376601624004,0.5598156507685111,25,50,20
12,3864,0.00043878775869862205,0.3598016733410469,0.0799437656039965,0.5598157732962589,25,50,20
12,3865,0.00044071324370918317,0.3597997417982662,0.07994377165207978,0.5598157733059456,25,50,20
12,3866,0.0004437610890792259,0.3597997417982661,0.0799437716242906,0.5598127254883646,25,50,20
12,3867,0.0004438142513487251,0.359799741798258,0.07994377152193351,0.5598126724284603,25,50,20
12,3868,0.0004397695966385259,0.35980379035558063,0.07994376762888493,0.5598126724188961,25,50,20
12,3869,0.0003731406725852425,0.3598707384262625,0.07994344848900446,0.5598126724121475,25,50,20
12,3870,0.00037610273854745546,0.3598707384262721,0.07994344960048663,0.5598097092346938,25,50,20
12,3871,0.00037642164318282703,0.35987073842630013,0.07994345253534463,0.5598093873951725,25,50,20
12,3872,0.0003764029036212042,0.35987073842629036,0.07994345140987637,0.5598094072602121,25,50,20
12,3873,0.0003793511784068646,0.3598707384262976,0.0799434499517395,0.5598064604435558,25,50,20
12,3874,0.0003823647581540015,0.35986772400836214,0.0799434507898857,0.5598064604435978,25,50,20
12,3875,0.0003823487702679887,0.3598677406620591,0.07994345012649087,0.559806460441182,25,50,20
12,3876,0.0004522121189481283,0.35986774066473903,0.07994367514291002,0.5597363720734027,25,50,20
12,3877,0.00044926398410375046,0.3598677406647405,0.07994367808423486,0.5597393172669207,25,50,20
12,3878,0.00045213744366908815,0.3598677406647225,0.07994367676830201,0.5597364451233062,25,50,20
12,3879,0.00045218940326045566,0.3598676886273677,0.07994367684610616,0.5597364451232657,25,50,20
12,3880,0.0004532066706115234,0.3598666779225856,0.0799436702956528,0.55973644511115,25,50,20
12,3881,0.0004636511902704673,0.35985622139853324,0.0799436822848562,0.5597364451263399,25,50,20
12,3882,0.0004527720325526598,0.3598562213984638,0.07994367629236435,0.5597473302766187,25,50,20
12,3883,0.0006901359326048018,0.3596186445045146,0.0799438881805803,0.5597473313822999,25,50,20
12,3884,0.0006871042895636617,0.35961864450451514,0.07994388875024017,0.5597503624556806,25,50,20
12,3885,0.0006871734555556808,0.35961864450454173,0.07994389070259186,0.5597502913373104,25,50,20
12,3886,0.00079926179288866,0.3596186445690097,0.0797374867145341,0.5598446069235683,25,50,20
12,3887,0.0007963193520826342,0.3596186445690097,0.07973748670258941,0.5598475493763192,25,50,20
12,3888,0.0007962652506831328,0.3596186985754949,0.07973748679520776,0.5598475493786151,25,50,20
12,3889,0.000807214370742182,0.35961869857557427,0.07973749247496088,0.5598365945787239,25,50,20
12,3890,0.0008101940899584451,0.3596186985755827,0.07973749205161201,0.5598336152828479,25,50,20
12,3891,0.004166732688702008,0.35964974177849846,0.0761956407779096,0.5599878847548918,25,50,20
12,3892,0.004162756821147118,0.35965371824655606,0.07619564018207799,0.5599878847502207,25,50,20
12,3893,0.004162790836077216,0.35965368527513575,0.07619563913376927,0.5599878847550197,25,50,20
12,3894,0.004158675251441942,0.3596578066228768,0.07619563338534889,0.5599878847403338,25,50,20
12,3895,0.004151719744450651,0.3596647648242491,0.07619563069806469,0.559987884733237,25,50,20
12,3896,0.004147743121390624,0.3596647648241963,0.07619562637611614,0.5599918656782983,25,50,20
12,3897,0.004154664151691242,0.3596647648242225,0.07619562921392849,0.5599849418101586,25,50,20
12,3898,0.004146817680477055,0.35966476482414306,0.07619562402067816,0.5599927934747024,25,50,20
12,3899,0.004149866857340004,0.3596647648241255,0.07619562373059428,0.5599897445879407,25,50,20
12,3900,0.004149493883931182,0.35966476482410564,0.07619562088557476,0.559990120406389,25,50,20
12,3901,0.004149493034722765,0.35966476620798504,0.07619562035090453,0.559990120406388,25,50,20
12,3902,0.00414949516045675,0.3596647662079854,0.07619562038505136,0.5599901182465068,25,50,20
12,3903,0.004149547718044367,0.3596647128236578,0.07619562121153206,0.5599901182467661,25,50,20
12,3904,0.0041465689407481085,0.35966769118973246,0.07619562162505102,0.5599901182444689,25,50,20
12,3905,0.004154598064977714,0.3596676911908313,0.0761956575825467,0.5599820531616447,25,50,20
12,3906,0.004150423871995426,0.3596676911897758,0.07619562424623917,0.55998626069199,25,50,20
12,3907,0.004153420082573589,0.3596676911897672,0.07619562412664721,0.5599832646010121,25,50,20
12,3908,0.004150301435365078,0.3596708115211715,0.07619562244028663,0.559983264603177,25,50,20
12,3909,0.003910975233646042,0.35991035625447965,0.07619540502385984,0.5599832634880143,25,50,20
12,3910,0.01396482657896968,0.34985207433516713,0.0761998346594411,0.5599832644264219,25,50,20
12,3911,0.013961988433093746,0.3498549124745759,0.0761998346658208,0.5599832644265088,25,50,20
12,3912,0.013961938957359856,0.34985491247458467,0.07619983482596758,0.5599833137420872,25,50,20
12,3913,0.013895070885310008,0.3498549124719328,0.07619961190473061,0.5600504047380258,25,50,20
12,3914,0.010749875138508702,0.34982386926882825,0.07953012032204111,0.5598961352706214,25,50,20
12,3915,0.010760894254676084,0.34981284378159844,0.0795301266787374,0.5598961352849875,25,50,20
12,3916,0.010827676031942844,0.34981284378379585,0.07953031327085325,0.5598291669134074,25,50,20
12,3917,0.012167730697598017,0.34981284379500255,0.07953277734933387,0.558486648158065,25,50,20
12,3918,0.012100992244337711,0.34981284379490807,0.07953265098640543,0.5585535129743482,25,50,20
12,3919,0.0020487296047681787,0.35986855154299136,0.07952920681695544,0.5585535120352846,25,50,20
12,3920,0.0020487322225125047,0.3598685515429916,0.07952920699216429,0.558553509242331,25,50,20
12,3921,0.00204568343167546,0.35986855154301817,0.07952920741327699,0.558556557612029,25,50,20
12,3922,0.002048664329609302,0.3598655712447096,0.07952920681369247,0.5585565576119882,25,50,20
12,3923,0.002048664334420293,0.359865561520723,0.07952921653282774,0.5585565576120286,25,50,20
12,3924,0.002048699927418037,0.35986552674334454,0.07952921571724908,0.5585565576119879,25,50,20
12,3925,0.002115637773051379,0.35979839839773725,0.07952940591477532,0.5585565579144356,25,50,20
12,3926,0.002119615229491278,0.35979839839776306,0.07952940925765968,0.5585525771150855,25,50,20
12,3927,0.0021126925734668528,0.3597983983977371,0.07952940596190912,0.5585595030668865,25,50,20
12,3928,0.002119610861250322,0.35979839839777095,0.07952940888643285,0.5585525818545453,25,50,20
12,3929,0.0021227502812319467,0.3597952551410132,0.07952941272302927,0.558552581854725,25,50,20
12,3930,0.0020055587632409402,0.35979525507502896,0.07974092002651353,0.5584582661352162,25,50,20
12,3931,0.0020055606532953106,0.3597952533174378,0.07974091989642908,0.5584582661328374,25,50,20
12,3932,0.0026868802657456755,0.35979525331966344,0.07974127395901702,0.5577765924555734,25,50,20
12,3933,0.0026839543539669136,0.35979817896199157,0.07974127422841933,0.5577765924556217,25,50,20
12,3934,0.002680853726884017,0.3598012937178293,0.07974126009984187,0.5577765924554444,25,50,20
12,3935,0.0026837109102930148,0.3597984356989541,0.0797412609377642,0.5577765924529878,25,50,20
12,3936,0.0026867240652858355,0.35979542226050754,0.07974126122356265,0.5577765924506428,25,50,20
12,3937,0.0026828171611231245,0.35979542226048195,0.07974125891422414,0.5577805016641697,25,50,20
12,3938,0.002674899922915303,0.35980433295235914,0.07974026547020141,0.5577805016545233,25,50,20
12,3939,0.0026638985842945035,0.3598153390985796,0.07974026067700604,0.5577805016401192,25,50,20
12,3940,0.0026638376159386417,0.35981533909646635,0.07974019971759583,0.5577806235699985,25,50,20
12,3941,0.002666779724349118,0.3598123967139545,0.07974019998434077,0.5577806235773548,25,50,20
12,3942,0.002677763677322701,0.3598123967140418,0.07974020438313176,0.5577696352255029,25,50,20
12,3943,0.0026795128744019525,0.35981064517480116,0.07974020700175366,0.5577696349490447,25,50,20
12,3944,0.0026766372674033733,0.3598135206042579,0.07974020718661107,0.5577696349417292,25,50,20
12,3945,0.0026746248203454626,0.3598135206043285,0.07974021277925925,0.5577716417960683,25,50,20
12,3946,0.0026757642183170348,0.35981238688493916,0.07974020711262077,0.5577716417841245,25,50,20
12,3947,0.002675814134297966,0.3598123868849312,0.07974020684597885,0.5577715921347935,25,50,20
12,3948,0.0026758294652299347,0.3598123671892131,0.07974021121080886,0.5577715921347495,25,50,20
12,3949,0.0026827372763098827,0.3598123671892209,0.07974021429044122,0.557764681244029,25,50,20
12,3950,0.002679935055559145,0.359812367189774,0.07974021747054584,0.5577674802841222,25,50,20
12,3951,0.002675974413094622,0.3598123671897483,0.07974021513789752,0.5577714432592602,25,50,20
12,3952,0.0026759521272930074,0.35981236718985415,0.07974022422351683,0.5577714564593365,25,50,20
12,3953,0.0026679657923241503,0.35981236718975673,0.07974021670011094,0.5577794503178088,25,50,20
12,3954,0.002667895922630352,0.3598124375539779,0.07974021620570937,0.557779450317683,25,50,20
12,3955,0.017562431961975114,0.3598125326358968,0.06480702873128215,0.5578180066708467,25,50,20
12,3956,0.04046641463298632,0.3598124519688448,0.04194168251632109,0.5577794508818485,25,50,20
12,3957,0.040589822372322344,0.3598124519710233,0.041941983725845254,0.5576557419308097,25,50,20
12,3958,0.04058976964426253,0.3598125069271726,0.04194198150027005,0.5576557419282953,25,50,20
12,3959,0.04058684366177715,0.3598125069271815,0.04194198219720164,0.55765866721384,25,50,20
12,3960,0.04046650695172705,0.35981250692499467,0.041941683878844296,0.5577793022444344,25,50,20
12,3961,0.04045956769054621,0.3598125069249604,0.04194168196411496,0.5577862434203786,25,50,20
12,3962,0.03911658703199336,0.3598125069137441,0.04193921714404278,0.5591316889102196,25,50,20
12,3963,0.039110589647229806,0.3598125069137444,0.041939215634101724,0.559137687804924,25,50,20
12,3964,0.03911763408622697,0.3598125069137552,0.041939244338364295,0.5591306146616527,25,50,20
12,3965,0.03912064913742491,0.35980949397315415,0.041939242227895315,0.5591306146615251,25,50,20
12,3966,0.03912368205712952,0.3598094939731275,0.041939241253511,0.5591275827162314,25,50,20
12,3967,0.039579849730147165,0.35980949397526,0.04193950788001954,0.5586711484145724,25,50,20
12,3968,0.0395817067523669,0.35980949397530354,0.04193951254533041,0.5586692867269984,25,50,20
12,3969,0.03958261574501639,0.3598085821676548,0.04193951535565839,0.5586692867316697,25,50,20
12,3970,0.03951262900074371,0.35987875941633946,0.04193932515365404,0.5586692864292617,25,50,20
12,3971,0.039511841502459705,0.3598787594163323,0.041939323689460274,0.5586700753917466,25,50,20
12,3972,0.039514645654348396,0.35987875941631314,0.04193932227365124,0.558667272655686,25,50,20
12,3973,0.03951850098545245,0.3598787594163473,0.04193932522912235,0.5586634143690768,25,50,20
12,3974,0.032496525663915664,0.35987874533523045,0.04896123774244763,0.558663491258405,25,50,20
12,3975,0.032496472501455285,0.35987874533523895,0.048961237841745546,0.558663544321559,25,50,20
12,3976,0.03249642083836264,0.35987879680420454,0.04896123803345118,0.5586635443239804,25,50,20
12,3977,0.032493353347136204,0.3598787968041685,0.00897872541237218,0.5986491244363217,25,50,20
12,3978,0.03248948229073864,0.35987879680417934,0.008978723355866337,0.5986529975492143,25,50,20
12,3979,0.032488551107352666,0.3598787968041087,0.00897871774395649,0.5986539343445808,25,50,20
12,3980,0.03248560775502675,0.3598787968041086,0.008978717745853374,0.5986568776950096,25,50,20
12,3981,0.032482520402234746,0.35987879680406354,0.008978716828793414,0.5986599659649068,25,50,20
12,3982,0.03255723858311984,0.3598787968067789,0.008979069717052082,0.5985848948930474,25,50,20
12,3983,0.031887978690249265,0.359878796805686,0.008978847948163367,0.5992543765558996,25,50,20
12,3984,0.031890992303572764,0.35987578110142004,0.008978850029498227,0.5992543765655073,25,50,20
12,3985,0.031893936585746255,0.35987578110142004,0.008978850026850739,0.5992514322859813,25,50,20
12,3986,0.03189200940308492,0.3598757811013579,0.008978843999579936,0.5992533654959754,25,50,20
12,3987,0.03188913627037045,0.3598757811013673,0.008978844705680049,0.5992562379225806,25,50,20
12,3988,0.031815364595088116,0.35987578109868584,0.00897849373739804,0.5993303605688263,25,50,20
12,3989,0.03183027110371218,0.35987578109878343,0.008978502737742367,0.5993154450597601,25,50,20
12,3990,0.031830216923895,0.3598758391517782,0.008978498864566009,0.5993154450597591,25,50,20
12,3991,0.031830165774605394,0.3598758901946759,0.008978498970954058,0.5993154450597625,25,50,20
12,3992,0.03184111808521776,0.35987589019474586,0.008978506021307961,0.5993044856987261,25,50,20
12,3993,0.03184807444592032,0.3598689301150489,0.008978509735625282,0.5993044857034032,25,50,20
12,3994,0.031841085311484975,0.35987592225176535,0.008978506733384734,0.5993044857033627,25,50,20
12,3995,0.031841015762209934,0.35987592225175696,0.008978506102895512,0.5993045558831356,25,50,20
12,3996,0.03183814234431568,0.35987879496009545,0.00897850680998846,0.5993045558855987,25,50,20
12,3997,0.03183721591977891,0.3598787949600693,0.008978503958059101,0.5993054851620909,25,50,20
12,3998,0.031837126908942574,0.35987879496005243,0.008978504245335419,0.5993055738856679,25,50,20
12,3999,0.03208510578419357,0.3596306250735515,0.00897869496258852,0.5993055741796646,25,50,20
12,4000,0.0320830209928241,0.3596327071049303,0.008978697715352176,0.599305574186893,25,50,20
12,4001,0.03208310683792303,0.3596326202488522,0.008978698726209431,0.5993055741870149,25,50,20
12,4002,0.032075182619888655,0.3596326202477481,0.008978594542595773,0.5993136025897668,25,50,20
12,4003,0.03207604101144525,0.3596317595524782,0.008978596844014862,0.5993136025920611,25,50,20
12,4004,0.03207304407633437,0.35963175955246973,0.008978596714050699,0.5993165996571446,25,50,20
12,4005,0.032073115860552504,0.35963175955235455,0.008978587449397791,0.5993165371376943,25,50,20
12,4006,0.03207111824564256,0.3596337547395023,0.008978589874733276,0.5993165371401208,25,50,20
12,4007,0.032082099859583414,0.35963375473959114,0.008978597264198742,0.5993055481366257,25,50,20
12,4008,0.03208118852745805,0.3596346682712283,0.0089785950646049,0.5993055481367082,25,50,20
12,4009,0.0320811907205333,0.3596346682712284,0.008978595151898316,0.5993055458563394,25,50,20
12,4010,0.031625006747970114,0.35963466826906,0.008978326417891177,0.5997619985650783,25,50,20
12,4011,0.03162202795933449,0.3596346682690516,0.00897832681347125,0.5997649769581423,25,50,20
12,4012,0.03161111232190873,0.35963466826899126,0.00897831945171499,0.599775899957385,25,50,20
12,4013,0.031360067083861555,0.35988590493445755,0.008978128315994469,0.5997758996656863,25,50,20
12,4014,0.03159629101330052,0.3598859049366376,0.008978314993678406,0.5995394890563834,25,50,20
12,4015,0.03159628917181837,0.3598859068051013,0.008978314966654792,0.599539489056426,25,50,20
12,4016,0.0315963066725992,0.35988588796779014,0.008978316298294944,0.5995394890613163,25,50,20
12,4017,0.03159619882937273,0.3598858879678259,0.008978315350695326,0.5995395978521062,25,50,20
12,4018,0.03159616411706086,0.35988592379738316,0.008978314233574283,0.5995395978519817,25,50,20
12,4019,0.031598230430527695,0.35988385929260885,0.008978312431941513,0.5995395978449217,25,50,20
12,4020,0.03159411193343019,0.3598838592925881,0.008978283019224492,0.5995437457547569,25,50,20
12,4021,0.03159416429622769,0.35988385929260536,0.008978283250061836,0.5995436931611049,25,50,20
12,4022,0.031594131398010684,0.35988389412392857,0.00897828132405324,0.5995436931540074,25,50,20
12,4023,0.031593901406701055,0.35988389412337496,0.008978278700130068,0.5995439257697935,25,50,20
12,4024,0.03159297306611478,0.35988482567894486,0.008978275492245523,0.5995439257626941,25,50,20
12,4025,0.031600034669307366,0.3598777589433249,0.008978280612344682,0.5995439257750224,25,50,20
12,4026,0.03159998112429832,0.3598778127225543,0.008978280380719737,0.5995439257724269,25,50,20
12,4027,0.03182831623228251,0.35987781272464575,0.008978460213129645,0.5993154108299408,25,50,20
12,4028,0.03355413833232677,0.35987781239689504,0.0072527152217272475,0.5993153340490496,25,50,20
12,4029,0.03355415470698377,0.35987781239690425,0.007252715905900106,0.5993153169902103,25,50,20
12,4030,0.033550106201052025,0.35988186528715765,0.007252711531233667,0.5993153169805552,25,50,20
12,4031,0.0335531014887719,0.3598788703706655,0.007252711164810207,0.5993153169757509,25,50,20
12,4032,0.033608088715711415,0.3598788703707206,0.007252799775169428,0.5992602411383973,25,50,20
12,4033,0.03406023586148925,0.3594264470263034,0.007253075686185054,0.5992602414260212,25,50,20
12,4034,0.0340601303878724,0.3594265526312034,0.007253075554901956,0.5992602414260212,25,50,20
12,4035,0.034060186345360906,0.35942649176637853,0.007253080464701484,0.599260241423558,25,50,20
12,4036,0.03406313068374676,0.3594235474095949,0.007253080483099664,0.5992602414235574,25,50,20
12,4037,0.034063183356738753,0.3594235474095949,0.007253080480664819,0.5992601887530005,25,50,20
12,4038,0.03406318399427254,0.35942354813572586,0.007253079117124906,0.5992601887528758,25,50,20
12,4039,0.03406311623190121,0.35942354813571664,0.007253078444662109,0.599260257187719,25,50,20
12,4040,0.03406305998871438,0.35942360597309564,0.007253076848129878,0.5992602571900592,25,50,20
12,4041,0.034008087548302084,0.3594236059730317,0.007252987609854786,0.5993153188688105,25,50,20
12,4042,0.0340050759370736,0.35942661825401095,0.00725298694256534,0.5993153188663493,25,50,20
12,4043,0.03400220154739763,0.3594294916248099,0.0072529879565521385,0.5993153188712395,25,50,20
12,4044,0.024950711153316246,0.35942949161833604,0.016304479016683197,0.5993153182116632,25,50,20
12,4045,0.02495370398750238,0.35942949161826376,0.016301316526288672,0.5993154878679434,25,50,20
12,4046,0.02495365247579243,0.3594294916182561,0.01630131639465945,0.5993155395112902,25,50,20
12,4047,0.024953688949913292,0.3594294531807706,0.01630131835802456,0.5993155395112898,25,50,20
12,4048,0.024717413120059917,0.35942945317859926,0.016301131824614342,0.5995520018767246,25,50,20
12,4049,0.024719394342267564,0.3594274765098926,0.01630112728310497,0.5995520018647335,25,50,20
12,4050,0.024727379415424623,0.3594274765099812,0.016301134148526283,0.5995440099260665,25,50,20
12,4051,0.024728360849861065,0.3594274765100161,0.016301137118998745,0.5995430255211227,25,50,20
12,4052,0.0247284303259184,0.3594274101363555,0.0163011340189036,0.5995430255188211,25,50,20
12,4053,0.024728271342053073,0.3594274101363616,0.01630110890755188,0.5995432096140323,25,50,20
12,4054,0.024725239405950193,0.3594304418732896,0.016301109106723628,0.5995432096140353,25,50,20
12,4055,0.024724242229852686,0.3594304418732544,0.01630110557142151,0.5995442103254701,25,50,20
12,4056,0.024727256562115878,0.35943044187327206,0.016301107649493073,0.5995411939151176,25,50,20
12,4057,0.024727273154947306,0.3594304418732808,0.016301108300441527,0.5995411766713288,25,50,20
12,4058,0.024727341799973844,0.3594304418732987,0.016301109095747123,0.5995411072309786,25,50,20
12,4059,0.024734436584133133,0.359423344448441,0.01630111172182498,0.5995411072455993,25,50,20
12,4060,0.024727465033794416,0.359423344448398,0.016301108646221682,0.5995480818715845,25,50,20
12,4061,0.024728482122334774,0.359422321758444,0.01630111423789674,0.5995480818813229,25,50,20
12,4062,0.024728465824967894,0.35942232175843464,0.016301113553408075,0.5995480988631878,25,50,20
12,4063,0.024728538519581865,0.35942225195712724,0.016301110674465442,0.5995480988488239,25,50,20
12,4064,0.024725573485060943,0.3594222519571171,0.016301108643106688,0.5995510659147137,25,50,20
12,4065,0.040540127925787754,0.3594222519570851,0.0004865542158897905,0.5995510659012361,25,50,20
12,4066,0.040540160822804185,0.35942225195712135,0.0004865568642272695,0.5995510303558459,25,50,20
12,4067,0.04054019620570906,0.35942225195713823,0.0004865566320744031,0.5995509952050768,25,50,20
12,4068,0.040543260765678706,0.35942225195715544,0.00048655738034476684,0.5995479298968196,25,50,20
12,4069,0.040543207527813666,0.3594222519571371,0.0004865570407939414,0.5995479834742539,25,50,20
12,4070,0.04008412152190033,0.359881617321503,0.0004862779745177963,0.5995479831820772,25,50,20
12,4071,0.04007319462231721,0.3598816173214427,0.00048627220842350035,0.599558915847815,25,50,20
12,4072,0.04007312510216712,0.3598816173214337,0.0004862715481171102,0.5995589860282806,25,50,20
12,4073,0.04007312722069992,0.3598816173214338,0.0004862715662896309,0.5995589838915751,25,50,20
12,4074,0.04008004770852594,0.35987469339111655,0.00048627500406298,0.5995589838962936,25,50,20
12,4075,0.04008298741626116,0.35987469339108924,0.00048635646538173767,0.5995559627272669,25,50,20
12,4076,0.040313421856664575,0.3598746933911798,0.00048644423870257365,0.5993254405134524,25,50,20
12,4077,0.0403134215645383,0.3598746939210111,0.00048644400342321234,0.5993254405110267,25,50,20
12,4078,0.04031354516114395,0.3598746939210027,0.0004864448966412174,0.5993253160212114,25,50,20
12,4079,0.04031352977371581,0.3598746939209939,0.00048644425465759123,0.599325332050632,25,50,20
12,4080,0.04031347685678236,0.3598747467264243,0.00048644436628768605,0.5993253320505048,25,50,20
12,4081,0.04031352759663277,0.35987469345424034,0.00048644689862168376,0.5993253320505044,25,50,20
12,4082,0.04031358148263862,0.35987463967866445,0.0004864467881884337,0.5993253320505078,25,50,20
12,4083,0.04031771848801722,0.3598746396786659,0.00048647820087703927,0.5993211636324387,25,50,20
12,4084,0.040314775341154505,0.359877579970232,0.00048648105141040174,0.599321163637202,25,50,20
12,4085,0.04031488016956493,0.3598775799702865,0.0004864815601624776,0.5993210582999852,25,50,20
12,4086,0.040314934633822644,0.3598775109558314,0.00048649610311774893,0.5993210583072274,25,50,20
12,4087,0.04031891045394373,0.3598775109558576,0.0004864989632900927,0.5993170796269076,25,50,20
12,4088,0.04031894707763568,0.35987751095586645,0.0004864985943851669,0.599317043372112,25,50,20
12,4089,0.04031497022287696,0.3598814912335401,0.00048649517614806644,0.599317043367434,25,50,20
12,4090,0.04031497052496971,0.3598814912335406,0.00048649520380099646,0.599317043037688,25,50,20
12,4091,0.040315098254556835,0.35988149123357066,0.00048649674474236267,0.5993169137671296,25,50,20
12,4092,0.04031497498274327,0.35988149123348884,0.00048649423054650617,0.5993170395532207,25,50,20
12,4093,0.04031492105973644,0.35988154531340993,0.00048649407371917114,0.5993170395531342,25,50,20
12,4094,0.04031097799830748,0.35988154531341143,0.00048649322949701065,0.5993209834587838,25,50,20
12,4095,0.040792866773750686,0.3598815453195022,4.603858111793925e-06,0.599320984048635,25,50,20
12,4096,0.04090490348307386,0.3598815453217375,5.475336127701479e-06,0.5992080758590607,25,50,20
12,4097,0.04090490409833736,0.3598815446641772,5.475378463368836e-06,0.5992080758590219,25,50,20
12,4098,0.04079265302671538,0.3598815446619841,4.575614935529497e-06,0.5993212266963649,25,50,20
12,4099,0.04080478285828839,0.3598693732219197,4.617218101268564e-06,0.5993212267016903,25,50,20
12,4100,0.04079789759904798,0.3598693732219477,4.618831771776366e-06,0.5993281103472321,25,50,20
12,4101,0.04080194351661118,0.35986532343536426,4.622691146966062e-06,0.5993281103568773,25,50,20
12,4102,0.040801943812748175,0.35986532343536476,4.62273539380137e-06,0.5993281100164929,25,50,20
12,4103,0.04057545241838475,0.3598653234353176,4.538530706008101e-06,0.5995546856155914,25,50,20
12,4104,0.04057243931592768,0.35986532343528227,4.53700381754479e-06,0.5995577002449722,25,50,20
12,4105,0.04057650679851233,0.359865323435363,4.580739450555898e-06,0.5995535890266739,25,50,20
12,4106,0.04057649049832407,0.3598653234353541,4.5800044170657175e-06,0.5995536060619046,25,50,20
12,4107,0.04057506290891264,0.35986532343489797,6.007566839216124e-06,0.5995536060893499,25,50,20
12,4108,0.04058205064889475,0.3598653234349601,6.012556898736199e-06,0.5995466133592462,25,50,20
12,4109,0.04057805456337586,0.3598693207297504,6.011347801502735e-06,0.5995466133590718,25,50,20
12,4110,0.04057516379080872,0.3598693207297506,6.011362531862884e-06,0.5995495041169083,25,50,20
12,4111,0.04058208439619813,0.35986932072984834,6.0189528380602195e-06,0.599542575921115,25,50,20
12,4112,0.04057809302427147,0.3598693207298143,6.016030878843894e-06,0.5995465702150349,25,50,20
12,4113,0.040571172429129373,0.35986932072971684,6.0084714330598575e-06,0.5995534983697203,25,50,20
12,4114,0.04057416812175693,0.3598693207297255,6.008595279340947e-06,0.5995505025532372,25,50,20
12,4115,0.0405741693922772,0.35986932072972616,6.008638310242938e-06,0.5995505012396855,25,50,20
12,4116,0.04057418672233652,0.359869320729744,6.009941197139084e-06,0.5995504826067214,25,50,20
12,4117,0.018717643600889306,0.35986933258103365,0.021862530326785503,0.5995504934912916,25,50,20
12,4118,0.01871761000528189,0.35986933258097104,0.02186252579697456,0.5995505316167726,25,50,20
12,4119,0.018715597320780278,0.35986933258100623,0.021862530372250957,0.5995525397259626,25,50,20
12,4120,0.01871864648215779,0.3598662836798567,0.021862530116654223,0.5995525397213313,25,50,20
12,4121,0.01871558100308876,0.35986934959695305,0.021862529676500993,0.5995525397234572,25,50,20
12,4122,0.018712494624060307,0.359872449966879,0.021862515692720984,0.5995525397163398,25,50,20
12,4123,0.01847238895654671,0.35987244996468215,0.021862327824690612,0.5997928332540804,25,50,20
12,4124,0.018472249526839582,0.3598724499646815,0.02186232677078489,0.5997929737376938,25,50,20
12,4125,0.018472051082661117,0.3598724499646517,0.02186232420511843,0.5997931747475682,25,50,20
12,4126,0.01847196563186137,0.35987244996463585,0.021862325540578712,0.5997932588629236,25,50,20
12,4127,0.01847194647870236,0.3598724499646717,0.021862327659726843,0.5997932758968986,25,50,20
12,4128,0.018469018784862627,0.35987244996465284,0.02186232627114532,0.5997962049793386,25,50,20
12,4129,0.01846637423090064,0.35987244996471723,0.02186240854478533,0.5997987672595966,25,50,20
12,4130,0.018469371858336147,0.35986945438117374,0.021862406505655043,0.5997987672548352,25,50,20
12,4131,0.018460203912096452,0.3598786648024969,0.021862364033639357,0.599798767251767,25,50,20
12,4132,0.01846020638275809,0.35987866229622106,0.021862364069250836,0.5997987672517696,25,50,20
12,4133,0.018467123903781565,0.3598640082712226,0.02187010057084786,0.5997987672541476,25,50,20
12,4134,0.018473079883671834,0.3598580549309194,0.021870097936237887,0.5997987672491704,25,50,20
12,4135,0.01847607611516831,0.35985805493091094,0.021870097782152254,0.5997957711717679,25,50,20
12,4136,0.018465109558690032,0.35985805493083084,0.021870091048484905,0.5998067444619931,25,50,20
12,4137,0.01846111558884895,0.3598620527068794,0.02187008725192465,0.5998067444523456,25,50,20
12,4138,0.01846405863961508,0.35986205270687877,0.021870087194990426,0.5998038014585142,25,50,20
12,4139,0.018464091419895162,0.35986205270689436,0.02187008585802717,0.5998037700151818,25,50,20
12,4140,0.01846102444122211,0.35986511983196334,0.021870085706955016,0.5998037700198583,25,50,20
12,4141,0.018457169937190588,0.3598767104470666,0.021862349600519602,0.599803770015222,25,50,20
12,4142,0.018457174291909278,0.3598767060598611,0.021862349632834056,0.5998037700153944,25,50,20
12,4143,0.034373711293910356,0.35987669421668383,0.005945835916512389,0.5998037585728921,25,50,20
12,4144,0.034376690954912824,0.35987371500883714,0.005945835461228268,0.5998037585750204,25,50,20
12,4145,0.034376922173689595,0.3598734812485444,0.005945837862026797,0.5998037587157377,25,50,20
12,4146,0.03437390831709534,0.3598764932622267,0.005945839695244969,0.5998037587254315,25,50,20
12,4147,0.03437094650678243,0.3598794536718816,0.005945841098200567,0.5998037587231336,25,50,20
12,4148,0.03437180524229811,0.3598794536719076,0.005945843421322917,0.5998028976644698,25,50,20
12,4149,0.0343747652151615,0.3598764915540004,0.005945845556720615,0.5998028976741161,25,50,20
12,4150,0.03437469687989265,0.3598764915539831,0.005945844806363276,0.5998029667597597,25,50,20
12,4151,0.03437467898837278,0.35987651143508337,0.005945842824092111,0.5998029667524505,25,50,20
12,4152,0.03438166916762515,0.359876511435128,0.005945846524006225,0.5997959728732392,25,50,20
12,4153,0.03438859093183689,0.3598765114351538,0.005945849883737002,0.5997890477492709,25,50,20
12,4154,0.03438857590500577,0.35987651143514476,0.005945849233137319,0.5997890634267111,25,50,20
12,4155,0.03439469681911821,0.3598765114351737,0.005945855289567034,0.5997829364561402,25,50,20
12,4156,0.03439469596872508,0.35987651138401616,0.005945856186103052,0.5997829364611548,25,50,20
12,4157,0.03439455245377791,0.35987651138398674,0.005945733641567931,0.599783202520666,25,50,20
12,4158,0.034396179648396745,0.35987651138399296,0.005945657447584681,0.5997816515200239,25,50,20
12,4159,0.03439317867941409,0.35987951025270115,0.005945659547820472,0.5997816515200626,25,50,20
12,4160,0.03439520898738769,0.3598795102526844,0.0059456563183509755,0.5997796244415752,25,50,20
12,4161,0.03439522588293988,0.35987951025270204,0.005945657114293376,0.5997796067500628,25,50,20
12,4162,0.03439788548531425,0.35987685329864727,0.005945654606479069,0.5997796066095574,25,50,20
12,4163,0.03439494343995776,0.3598768532986484,0.005945659698773722,0.5997825435626181,25,50,20
12,4164,0.03439494415304753,0.35987685450356016,0.005945657778640733,0.5997825435647495,25,50,20
12,4165,0.0343888229242002,0.35987685450353035,0.005945651676663519,0.599788670895604,25,50,20
12,4166,0.03438880775154724,0.35987687036856825,0.005945650986954121,0.5997886708929285,25,50,20
12,4167,0.034392801413588164,0.3598768703686214,0.005945654829839485,0.5997846733879494,25,50,20
12,4168,0.03439279976014668,0.3598768703686217,0.005945654331892358,0.5997846755393376,25,50,20
12,4169,0.03881901260771208,0.3598770404231431,0.0015179409645477602,0.5997860060045954,25,50,20
12,4170,0.0388258818016374,0.35987016916813325,0.0015179430233792112,0.5997860060068483,25,50,20
12,4171,0.038828964015776964,0.35987016916816855,0.0015179406020374671,0.5997829262140151,25,50,20
12,4172,0.0388280525892792,0.3598701691681512,0.0015179389007707726,0.5997838393417971,25,50,20
12,4173,0.0388280876994523,0.35987016916815895,0.0015179384431032283,0.5997838046892838,25,50,20
12,4174,0.038830201598183664,0.35987016916817116,0.0015179412416874687,0.5997816879919561,25,50,20
12,4175,0.03883333796958718,0.3598701691681638,0.0015179422170600266,0.599778550645187,25,50,20
12,4176,0.03882945026221738,0.3598701691681653,0.0015179545468050385,0.5997824260228104,25,50,20
12,4177,0.038829343319526866,0.35987027691992146,0.00151795373769819,0.5997824260228516,25,50,20
12,4178,0.03882260031515337,0.35987702205491057,0.001517951618726028,0.5997824260112083,25,50,20
12,4179,0.03881661548135538,0.3598770220549007,0.0015179585465660455,0.5997884039171762,25,50,20
12,4180,0.03881363841806512,0.35987702205487365,0.001517956552855223,0.5997913829742045,25,50,20
12,4181,0.02986302648696435,0.3598768523522851,0.010284692006015056,0.599975429154734,25,50,20
12,4182,0.029860959487351478,0.3598789189368708,0.010284692416405688,0.5999754291593699,25,50,20
12,4183,0.029861027855732677,0.3598789189368887,0.0102846931692283,0.5999753600381483,25,50,20
12,4184,0.02986097614400083,0.3598789189368803,0.010284693011222052,0.5999754119078948,25,50,20
12,4185,0.02986411083728588,0.35987891893687274,0.010284693948317847,0.5999722762775216,25,50,20
12,4186,0.02986109517483742,0.3598789189368273,0.010284680643474068,0.5999753052448592,25,50,20
12,4187,0.029860235533729837,0.359879780698907,0.010284678522415264,0.5999753052449459,25,50,20
12,4188,0.029853279611458863,0.359886739939073,0.010284675214254226,0.5999753052352121,25,50,20
12,4189,0.02985320973216449,0.3598868107116749,0.010284674325751642,0.5999753052304072,25,50,20
12,4190,0.0298571868630898,0.35988681071171075,0.010284678547180681,0.5999713238780169,25,50,20
12,4191,0.03009326868093813,0.3596505427943735,0.010284864348366491,0.59997132417632,25,50,20
12,4192,0.029857937957008005,0.3598860587497355,0.010284679408355497,0.599971323884899,25,50,20
12,4193,0.024073655875972676,0.3598860583868827,0.01625433492866315,0.5997859508084797,25,50,20
12,4194,0.02407369344619237,0.3598860214039894,0.016254334341377595,0.599785950808439,25,50,20
12,4195,0.024069681522003096,0.35988602140396325,0.016254331988974267,0.5997899650850578,25,50,20
12,4196,0.02406980614873823,0.35988589519296077,0.016254333568172085,0.5997899650901263,25,50,20
12,4197,0.024069842271350724,0.35988589519295217,0.01625433293280816,0.5997899296028862,25,50,20
12,4198,0.024067038080002896,0.35988869799885576,0.016254334313322252,0.5997899296078161,25,50,20
12,4199,0.02407904505176236,0.35988869800045237,0.01625445296745322,0.5997778039803292,25,50,20
12,4200,0.02407897730832433,0.3598886980004348,0.016254452174922784,0.5997778725163152,25,50,20
12,4201,0.02475928147125002,0.35988869800259815,0.0162547758784013,0.5990972446477479,25,50,20
12,4202,0.024769335379667686,0.3598786399302659,0.016254780039939305,0.5990972446501244,25,50,20
12,4203,0.02476936793390464,0.3598786064416333,0.016254780974209845,0.5990972446502496,25,50,20
12,4204,0.02476938711947864,0.3598785889412841,0.01625477928898255,0.5990972446502522,25,50,20
12,4205,0.024769227381809204,0.3598787489578481,0.016254779017453983,0.599097244642886,25,50,20
12,4206,0.02476922767171644,0.35987874863275743,0.01625477905255428,0.5990972446429701,25,50,20
12,4207,0.024770349566730764,0.3598787486326602,0.01625477206384065,0.5990961297367663,25,50,20
12,4208,0.02476342807758829,0.35987874863262476,0.01625476904413621,0.5991030542456482,25,50,20
12,4209,0.024763251877438844,0.3598787486326417,0.016254768756240098,0.5991032307336769,25,50,20
12,4210,0.024763252865546828,0.35987874752277593,0.016254768878080857,0.5991032307335938,25,50,20
12,4211,0.0247631848268179,0.35987874752276733,0.01625476722483216,0.5991033004255804,25,50,20
12,4212,0.02477108694287589,0.35987874752277554,0.016254771815434655,0.599095393718912,25,50,20
12,4213,0.02477198182127648,0.3598778503519822,0.016254774100811838,0.5990953937259275,25,50,20
12,4214,0.02477404844429319,0.35987578691541083,0.01625477092150478,0.5990953937187892,25,50,20
12,4215,0.024774188534672545,0.359875645235865,0.016254772503403295,0.5990953937260572,25,50,20
12,4216,0.024763153089449555,0.3598866880500679,0.016254765144065694,0.5990953937164151,25,50,20
12,4217,0.02476322202232518,0.3598866880500943,0.016254766566696804,0.599095323360882,25,50,20
12,4218,0.024760313923335633,0.3598866880500848,0.016254765869967075,0.5990982321566108,25,50,20
12,4219,0.02476325715532227,0.3598866880500848,0.01625476586835779,0.5990952889262335,25,50,20
12,4220,0.024767303582054354,0.35988263542297283,0.016254772051685396,0.5990952889432858,25,50,20
12,4221,0.024771278519972503,0.3598786568799831,0.01625477564953106,0.5990952889505121,25,50,20
12,4222,0.04075071210034567,0.3598786568826145,0.00027534494566525353,0.5990952860713733,25,50,20
12,4223,0.04076560767126484,0.3598636961856327,0.00027541006422250835,0.5990952860788787,25,50,20
12,4224,0.040765731206675496,0.3598636961856417,0.00027541074796046876,0.5990951618597211,25,50,20
12,4225,0.04075874045898714,0.3598706865751576,0.00027541112548202335,0.599095161840372,25,50,20
12,4226,0.040746649063040576,0.35988284468739645,0.0002753444239653448,0.5990951618255964,25,50,20
12,4227,0.04074659697859317,0.35988284468741455,0.0002753447191432992,0.5990952136148479,25,50,20
12,4228,0.040746598506295265,0.35988284077570903,0.0002753470911159838,0.5990952136268792,25,50,20
12,4229,0.040746651743292166,0.3598827882738939,0.00027534635593453634,0.5990952136268787,25,50,20
12,4230,0.040739679930699976,0.3598897638538228,0.00027534259815927616,0.5990952136173171,25,50,20
12,4231,0.040736755318593866,0.3598926871067228,0.00027534395732071304,0.5990952136173617,25,50,20
12,4232,0.04073969736228753,0.35988974508995575,0.0002753439305228985,0.5990952136172325,25,50,20
12,4233,0.04073571788188469,0.3598897450899192,0.0002753409316125743,0.5990991960965824,25,50,20
12,4234,0.04073873214208746,0.35988672989168063,0.0002753418646300933,0.5990991961016008,25,50,20
12,4235,0.041194640977642846,0.35988672989335035,0.0002762507143311389,0.5986423784146746,25,50,20
12,4236,0.04119464188834718,0.3598867298933499,0.0002762506992438994,0.598642377519058,25,50,20
12,4237,0.04120168470717492,0.3598867298934029,0.00027625455265936063,0.5986353308467615,25,50,20
12,4238,0.041209655337676926,0.3598787530915337,0.0002762607144655645,0.5986353308563226,25,50,20
12,4239,0.04125768672588904,0.35983058233288917,0.0002764000844799308,0.5986353308567406,25,50,20
12,4240,0.04120587662593374,0.35988253283138677,0.0002762596909835075,0.5986353308516947,25,50,20
12,4241,0.041207790034274626,0.3598825328313704,0.0002763061535342016,0.5986333709808197,25,50,20
12,4242,0.04120784183675858,0.3598824801384849,0.0002763070342001763,0.5986333709905552,25,50,20
12,4243,0.04120875196181908,0.3598815678328915,0.00027630921001288114,0.5986333709952754,25,50,20
12,4244,0.041209661876173094,0.3598815678330149,0.0002763210802620783,0.5986324492105488,25,50,20
12,4245,0.04121272692305051,0.35987850068902594,0.00027632316772643504,0.598632449220196,25,50,20
12,4246,0.04122067803724971,0.3598705442578992,0.0002763284776924171,0.5986324492271575,25,50,20
12,4247,0.041223891035325304,0.3598705442580083,0.00027633785631375995,0.598629226850352,25,50,20
12,4248,0.04122382221879183,0.35987054425799114,0.0002763365973374738,0.5986292969258791,25,50,20
12,4249,0.040554397240651685,0.3598705442558982,0.00027601916137953394,0.5992990393420697,25,50,20
12,4250,0.04055346871220101,0.3598714659744925,0.0002760259736608517,0.5992990393396448,25,50,20
12,4251,0.04055748537973165,0.3598674239797419,0.00027605130319989453,0.5992990393373258,25,50,20
12,4252,0.040557415190844326,0.3598674948643844,0.00027605060991149345,0.5992990393348593,25,50,20
12,4253,0.040557292295533294,0.35986761990652133,0.0002760484728621184,0.5992990393250823,25,50,20
12,4254,0.04055415840790635,0.3598676199065294,0.00027604933780708997,0.5993021723477561,25,50,20
12,4255,0.04054611736310008,0.35986761990648497,0.0002760421092490117,0.5993102206211646,25,50,20
12,4256,0.04053015146210719,0.35986761990487204,0.0002759216737688117,0.5993263069592504,25,50,20
12,4257,0.04053015055937767,0.35986761990486366,0.00027592104388653345,0.5993263084918705,25,50,20
12,4258,0.056661772336372165,0.3437331868222595,0.0002787323319435494,0.5993263085094228,25,50,20
12,4259,0.0566617710644455,0.34373318682225856,0.000278732259110762,0.5993263098541832,25,50,20
12,4260,0.05644442683342223,0.3439441795485172,0.0002850829167131778,0.5993263107013455,25,50,20
12,4261,0.056451277080170045,0.3439373271723951,0.00028508504617217126,0.5993263107012607,25,50,20
12,4262,0.05645733229115197,0.34393732717244146,0.0002850777916940259,0.5993202627447104,25,50,20
12,4263,0.05645738496290543,0.34393726766462895,0.00028508462771233855,0.5993202627447513,25,50,20
12,4264,0.056457382462699233,0.34393726766462834,0.0002850827799875264,0.5993202670926826,25,50,20
12,4265,0.040555579169455076,0.3198920112171369,0.04023214337491799,0.5993202662384887,25,50,20
12,4266,0.04054649278101945,0.3198920112170634,0.04023213548821476,0.5993293605137011,25,50,20
12,4267,0.040543619767362385,0.31989201121707345,0.04023213625568444,0.5993322327598785,25,50,20
12,4268,0.04054757952903513,0.31989201121707206,0.04023213725688375,0.5993282719970078,25,50,20
12,4269,0.04054758111947699,0.31989200942693385,0.04023213745653755,0.59932827199705,25,50,20
12,4270,0.040550663053919765,0.31989200942696067,0.04023213983780214,0.5993251876813158,25,50,20
12,4271,0.01969614857272437,0.31989244937611916,0.061085175652853374,0.5993262263983034,25,50,20
12,4272,0.0196990919244648,0.3198924493761195,0.06108517567906388,0.5993232830203521,25,50,20
12,4273,0.019935368780394137,0.3198924493792832,0.061085390039400674,0.5990867918009223,25,50,20
12,4274,0.019936157276389237,0.31989244937929034,0.061085431484422026,0.5990859618598987,25,50,20
12,4275,0.019936907774657054,0.3198924493792427,0.06108542702134178,0.5990852158247586,25,50,20
12,4276,0.0199349968304252,0.319892449379259,0.06108538057460946,0.5990871732157068,25,50,20
12,4277,0.019932928548016635,0.3198945146999449,0.06108538352923671,0.5990871732228021,25,50,20
12,4278,0.019930123134012764,0.3198945146999635,0.06108538488925027,0.5990899772767737,25,50,20
12,4279,0.01991870745316201,0.3198748265780246,0.06111648870229238,0.5990899772665217,25,50,20
12,4280,0.019918514062520237,0.3198748265779891,0.061116486581673006,0.5990901727778187,25,50,20
12,4281,0.019915570417109226,0.3198748265779883,0.061116486511352826,0.5990931164935503,25,50,20
12,4282,0.0027747988262080458,0.3198743867723366,0.07825865511244796,0.5990921592890084,25,50,20
12,4283,0.0027738693215392128,0.319875319299689,0.07825865209456469,0.5990921592842081,25,50,20
12,4284,0.0027739759785369578,0.31987521485666015,0.07825864989266566,0.5990921592721381,25,50,20
12,4285,0.002776902258969573,0.31987521485664244,0.0782586490714945,0.5990892338128945,25,50,20
12,4286,0.0027770435686936107,0.3198750805415558,0.07825864206703624,0.5990892338227151,25,50,20
12,4287,0.0025408875974624505,0.3198750805383835,0.0782584280662154,0.5993256037979395,25,50,20
12,4288,0.0025407831371732133,0.3198750805384101,0.07825842751891149,0.599325708805506,25,50,20
12,4289,0.002543727390299272,0.31987214320762236,0.07825842059661617,0.5993257088054627,25,50,20
12,4290,0.002540675782253958,0.31987519453966823,0.07825842086785346,0.5993257088102247,25,50,20
12,4291,0.0025475808061713122,0.31987519453968516,0.0782584230594186,0.5993188015947254,25,50,20
12,4292,0.002539611175513867,0.31987519453959673,0.07825841540477343,0.5993267788801169,25,50,20
12,4293,0.0025356516989062943,0.3198751945395885,0.07825841383930263,0.5993307399222033,25,50,20
12,4294,0.002535648449141274,0.3198751945395885,0.07825841385126205,0.5993307431600087,25,50,20
12,4295,0.002536579248213604,0.31987519453961544,0.07825841721216323,0.599329809000008,25,50,20
12,4296,0.0025424422375513096,0.31987483905352143,0.07825290970450859,0.5993298090044196,25,50,20
12,4297,0.002541531122434465,0.31987483905341685,0.07825289786687736,0.599330731957272,25,50,20
12,4298,0.0009106424203230393,0.3198748412652711,0.07988386647348207,0.5993306498409253,25,50,20
12,4299,0.0009037244599548879,0.31988176212366054,0.07988386358013616,0.5993306498362496,25,50,20
12,4300,0.0008968031721238336,0.31988176212363456,0.0798838607179368,0.5993375739863059,25,50,20
12,4301,0.0008966592761425132,0.3198819075249808,0.0798838592127015,0.5993375739861763,25,50,20
12,4302,0.0008895771772630677,0.3198890170804722,0.07988383176342141,0.5993375739788438,25,50,20
12,4303,0.0008865975089127026,0.3198890170804641,0.07988383217792505,0.5993405532326986,25,50,20
12,4304,0.0008796778157786003,0.3198890170803938,0.07988382659639219,0.5993474785074355,25,50,20
12,4305,0.0008737371739814587,0.31988901707606165,0.07988976723265799,0.5993474785172995,25,50,20
12,4306,0.0008627886999926486,0.31989997021384586,0.07988976258080287,0.5993474785053593,25,50,20
12,4307,0.0008662784330430057,0.3198999702139565,0.0798897701927827,0.5993439811602179,25,50,20
12,4308,0.0008692754201220384,0.319899970213977,0.07988977069503674,0.5993409836708643,25,50,20
12,4309,0.0008662263462349004,0.3198999702139951,0.07988977101088902,0.5993440324288813,25,50,20
12,4310,0.0008671552686792072,0.31989997021403904,0.07988977515309535,0.5993430993641867,25,50,20
12,4311,0.0008671539604297164,0.31989997021402106,0.07988977388020865,0.5993431019453409,25,50,20
12,4312,0.0008601274592240995,0.31989997021396827,0.07988977055926408,0.5993501317675439,25,50,20
12,4313,0.0009900326233520818,0.3198999733014708,0.07975986231018922,0.5993501317649883,25,50,20
12,4314,0.0009972408782760657,0.31989997330148995,0.07975989295340283,0.5993428928668315,25,50,20
12,4315,0.0009981672945259049,0.31989997330151626,0.07975989583119521,0.5993419635727629,25,50,20
12,4316,0.0010012314926925161,0.31989690859933495,0.07975989633512698,0.5993419635728457,25,50,20
12,4317,0.0005425212582187634,0.3198969085977024,0.07975898863631273,0.5998015815077661,25,50,20
12,4318,0.0005390318217551901,0.3198969085975921,0.07975898105895415,0.5998050785216987,25,50,20
12,4319,0.0005410440103471979,0.3198969085975655,0.07975897774141692,0.5998030696506704,25,50,20
12,4320,0.0006118147483107167,0.31989690859974645,0.07975916609534031,0.5997321105566026,25,50,20
12,4321,0.0006088351231532408,0.3198969085996924,0.0797591642111228,0.5997350920660314,25,50,20
12,4322,0.0006726432887436427,0.3198969086018454,0.07975935138683639,0.5996710967225743,25,50,20
12,4323,0.0006757472832823721,0.31989690860184555,0.07975935269331981,0.5996679914215518,25,50,20
12,4324,0.0006757842702948566,0.3198968732282243,0.07975935107997008,0.5996679914215104,25,50,20
12,4325,0.0006728067992298212,0.31989687322819915,0.0797593533242658,0.5996709666483045,25,50,20
12,4326,0.00054891222036697,0.31989687013578333,0.07988325099788025,0.5996709666459692,25,50,20
12,4327,0.0006286393014247887,0.31989687014093426,0.07980352329268292,0.5996709672649578,25,50,20
12,4328,0.0006287129449245571,0.3198968701409346,0.07980352377697067,0.5996708931371699,25,50,20
12,4329,0.0006287457493961239,0.3198968701409508,0.07980352090225637,0.5996708632073965,25,50,20
12,4330,0.0008649695014077087,0.31966043023862695,0.07980373634930156,0.5996708639106633,25,50,20
12,4331,0.0008681125719723972,0.3196572029853305,0.07980382024589128,0.5996708641968054,25,50,20
12,4332,0.0008651707821590805,0.3196572029853305,0.07980382023633315,0.5996738059961769,25,50,20
12,4333,0.000865062025756094,0.31965720298532235,0.07980382020007899,0.5996739147888424,25,50,20
12,4334,0.0008680572690940232,0.31965420770550623,0.07980382023655821,0.5996739147888411,25,50,20
12,4335,0.0008003338704558779,0.3196542077033248,0.07980363182273656,0.5997418266034824,25,50,20
12,4336,0.0008033128384455842,0.31965122959197306,0.07980363097090452,0.5997418265986765,25,50,20
12,4337,0.0008032948843607492,0.31965122959196085,0.07980363007518855,0.5997418454484894,25,50,20
12,4338,0.0012643515980769215,0.3196512295920404,0.07980377865341139,0.5992806401564708,25,50,20
12,4339,0.0011874321754373198,0.3196512272475398,0.07988070041801686,0.5992806401590065,25,50,20
12,4340,0.001187399091637651,0.3196512272475756,0.07988070254346738,0.5992806711173199,25,50,20
12,4341,0.0011913217768664667,0.31965122724761086,0.07988070556101418,0.5992767454145093,25,50,20
12,4342,0.0011912167107638206,0.3196512272476114,0.07988070560416703,0.5992768504374585,25,50,20
12,4343,0.0009600183991769515,0.31988263753599,0.07988049432327977,0.599276849741554,25,50,20
12,4344,0.0009600171675539213,0.31988263943463724,0.0798804936587211,0.5992768497390881,25,50,20
12,4345,0.0009600150793095109,0.3198826394346369,0.07988049413087178,0.5992768513551817,25,50,20
12,4346,0.0009569464950510147,0.31988263943464523,0.07988049242735125,0.5992799216429526,25,50,20
12,4347,0.0009590322850009207,0.31988263943462814,0.07988045023500588,0.599277878045365,25,50,20
12,4348,0.0009520433346817855,0.31988963195638936,0.07988044666828224,0.5992778780406466,25,50,20
12,4349,0.0009520616944664854,0.31988963195640746,0.07988044750264543,0.5992778588464804,25,50,20
12,4350,0.0009491202210793432,0.3198896319564075,0.07988044752046267,0.5992808003020503,25,50,20
12,4351,0.0009470529526400262,0.3198916962374508,0.07988045050296923,0.5992808003069398,25,50,20
12,4352,0.0009531170645151043,0.3198916962374511,0.07988045100802571,0.599274735690008,25,50,20
12,4353,0.0009449769276304216,0.31989984098921853,0.07988044640054034,0.5992747356826106,25,50,20
12,4354,0.0009450154235750203,0.3198998409892273,0.07988044600273407,0.5992746975844638,25,50,20
12,4355,0.0009450117710721674,0.31989984098922636,0.07988044595443433,0.5992747012852673,25,50,20
12,4356,0.0009448716757854554,0.31989998311590506,0.07988044393039688,0.5992747012779127,25,50,20
12,4357,0.000945862704239239,0.31989904838014016,0.07988038791650894,0.599274700999111,25,50,20
12,4358,0.0009468395801037688,0.3198980685377504,0.0798803908784044,0.5992747010037407,25,50,20
12,4359,0.0009499773612230211,0.3198949292640619,0.07988039237313804,0.5992747010015761,25,50,20
12,4360,0.000952990748355744,0.3198949292640883,0.0798803943025502,0.5992716856850048,25,50,20
12,4361,0.0009550750367692019,0.3198949292640716,0.07988039210667378,0.5992696035924845,25,50,20
12,4362,0.0009581077286440878,0.3198949292640446,0.07988039171527364,0.5992665712920369,25,50,20
12,4363,0.0009611734034042565,0.3198918617388088,0.07988039355842537,0.5992665712993608,25,50,20
12,4364,0.000952979353575753,0.319891861722386,0.07988858777509832,0.5992665711489397,25,50,20
12,4365,0.0009486983427407714,0.31989186172235723,0.079888556433693,0.5992708835012085,25,50,20
12,4366,0.0009487317231641186,0.31989186172232187,0.07988855433091702,0.5992708522235968,25,50,20
12,4367,0.0010126084542034942,0.31982779517363136,0.07988874384635247,0.5992708525258124,25,50,20
12,4368,0.000945663283892115,0.31989493031643884,0.07988855418314149,0.5992708522165272,25,50,20
12,4369,0.0009465951603557709,0.3198949303164914,0.0798885584549422,0.59926991606821,25,50,20
12,4370,0.0009396916369140721,0.3198949303164742,0.07988855625806114,0.5992768217885497,25,50,20
12,4371,0.001096400201728306,0.319894930315433,0.07973181856455822,0.5992768509182814,25,50,20
12,4372,0.0010963820126630274,0.319894930315496,0.07973182268835931,0.5992768649834825,25,50,20
12,4373,0.0011025171046888478,0.31988879424929556,0.07973182366252969,0.5992768649834869,25,50,20
12,4374,0.0009433502100898181,0.31988879425190125,0.07989102024623414,0.5992768352917759,25,50,20
12,4375,0.0008765500945278412,0.3198887942497125,0.07989083251758493,0.5993438231381757,25,50,20
12,4376,0.0008795291018625209,0.31988879424968625,0.07989083124391394,0.5993408454045384,25,50,20
12,4377,0.0008824727185250433,0.31988879424968636,0.07989083123872207,0.5993379017930675,25,50,20
12,4378,0.0008804602878675832,0.3198887942497483,0.07989083706573866,0.5993399083966463,25,50,20
12,4379,0.0008804411185443056,0.31988879424977534,0.07989083837433224,0.599339926257349,25,50,20
12,4380,0.0011257442382265473,0.3198887942555351,0.07964545545162345,0.5993400060546161,25,50,20
12,4381,0.0011226768223690621,0.3198887942555433,0.07964545444312032,0.5993430744789687,25,50,20
12,4382,0.0011246893169175242,0.3198887942554818,0.0796454486640754,0.5993410677635266,25,50,20
12,4383,0.001045509985799957,0.3198888029453358,0.0797246193566954,0.5993410677121702,25,50,20
12,4384,0.0010455290990473444,0.31988880294527255,0.07972461523076083,0.5993410527249204,25,50,20
12,4385,0.0010454629810229693,0.31988880294526395,0.07972461502318462,0.5993411190505296,25,50,20
12,4386,0.0005842639835005991,0.31988880294514715,0.07972446502042393,0.5998024680509293,25,50,20
12,4387,0.0005911674856312673,0.3198888029451992,0.07972446924977575,0.5997955603193946,25,50,20
12,4388,0.0005911678298529195,0.3198888041554319,0.07972446769332088,0.5997955603213952,25,50,20
12,4389,0.000593305686572679,0.3198642627242263,0.07974687127248503,0.5997955603167171,25,50,20
12,4390,0.000590308279126685,0.31986426272420876,0.07974686998916322,0.5997985590075019,25,50,20
12,4391,0.0006002897832332636,0.31986426272422736,0.0797468722766786,0.5997885752158614,25,50,20
12,4392,0.0006032162893626271,0.31986426272423546,0.07974687214736578,0.5997856488390366,25,50,20
12,4393,0.0005922508784508084,0.3198642627241554,0.07974686541704525,0.599796620980349,25,50,20
12,4394,0.0005953202907290056,0.3198642627241469,0.07974686732394509,0.5997935496611793,25,50,20
12,4395,0.0005883279072606489,0.31986426272412055,0.07974686397781902,0.5998005453908001,25,50,20
12,4396,0.0006002906072104903,0.3198642627242356,0.07974916523707541,0.5997862814314786,25,50,20
12,4397,0.0005972907864570628,0.3198642627242533,0.07974916398151916,0.5997892825077706,25,50,20
12,4398,0.0007177408344216668,0.31986426272644014,0.07974944674166794,0.5996685496974703,25,50,20
12,4399,0.0004724890981245571,0.3198642627206687,0.07999474905992383,0.5996684991212835,25,50,20
12,4400,0.00047249156930575696,0.31986426272066903,0.07999475055501454,0.5996684951550112,25,50,20
12,4401,0.00047229742580967094,0.31986445832956606,0.07999474908744905,0.5996684951571759,25,50,20
12,4402,0.00046933533130556933,0.31986445832959437,0.07999475067463016,0.5996714556644703,25,50,20
12,4403,0.00047226287382467656,0.31986445832957655,0.0799947498740113,0.599668528922588,25,50,20
12,4404,0.0005303630020260794,0.3198644583296948,0.07999495103911397,0.5996102276291652,25,50,20
12,4405,0.0005342868785713043,0.3198605312959123,0.07999495418921326,0.5996102276363032,25,50,20
12,4406,0.0005344800992706033,0.31986053129746506,0.07999495780297546,0.5996100308002889,25,50,20
12,4407,0.0005342871447178373,0.31986053129591213,0.0799949542070797,0.5996102273522903,25,50,20
12,4408,0.0005342515867507447,0.3198605312959387,0.07999495564750819,0.5996102614698023,25,50,20
12,4409,0.0005342115502191018,0.31986053129593006,0.07999495453686906,0.5996103026169817,25,50,20
12,4410,0.000534299742564173,0.3198605312959041,0.07999495364458933,0.599610215316942,25,50,20
12,4411,0.0007578658927083964,0.3198605225999952,0.07977139605064862,0.5996102154566488,25,50,20
12,4412,0.0005293768081541195,0.31986052260127734,0.07999988472176846,0.599610215868801,25,50,20
12,4413,0.0005323204647696275,0.3198575791164114,0.07999988455235779,0.599610215866462,25,50,20
12,4414,0.0005294986961555768,0.31985757911642076,0.07999988525132516,0.5996130369360991,25,50,20
12,4415,0.00048231194984844623,0.31985757911637286,0.07999969013436604,0.5996604187994133,25,50,20
12,4416,0.00048420364010303427,0.31985757911642465,0.0799996948191774,0.5996585224242955,25,50,20
12,4417,0.0004802269032724128,0.3198575791163631,0.07999968987410709,0.599662504106258,25,50,20
12,4418,0.00047716075643277207,0.31985757911637064,0.0799996894280702,0.5996655706991267,25,50,20
12,4419,0.00047702067665262194,0.3198575791163431,0.0799996874048976,0.599665712802107,25,50,20
12,4420,0.0004739555674825278,0.3198575791163337,0.08000278033539635,0.5996656849807868,25,50,20
12,4421,0.0011541260536563744,0.31985757911851054,0.07932258118341814,0.5996657136444161,25,50,20
12,4422,0.0011580991386174186,0.31985757911854495,0.07932258371453815,0.5996617380283006,25,50,20
12,4423,0.0011611470607707718,0.3198545242363589,0.07932259067457072,0.5996617380283005,25,50,20
12,4424,0.0011491852984454735,0.3198545242362451,0.07932028948768938,0.5996760009776204,25,50,20
12,4425,0.0011461912424476559,0.31985752508459575,0.07932028269295431,0.5996760009800027,25,50,20
12,4426,0.0011431964086894607,0.3198575250845869,0.07932028253484254,0.5996789959718812,25,50,20
12,4427,0.0011431837710050444,0.3198575250845874,0.07932028205247046,0.5996790090919373,25,50,20
12,4428,0.0011432364739364326,0.31985752508458754,0.07932028205098184,0.5996789563904943,25,50,20
12,4429,0.001146248564675859,0.3198575250846055,0.07932028286875117,0.5996759434819676,25,50,20
12,4430,0.0011462485686170496,0.3198575249021755,0.07932028304720024,0.5996759434820073,25,50,20
12,4431,0.00114619692853246,0.3198575249021666,0.0793202829415479,0.5996759952277527,25,50,20
12,4432,0.0011422899754160059,0.31986143417218266,0.07932028062694325,0.5996759952254576,25,50,20
12,4433,0.0011343728110668277,0.31986143417210383,0.07932027444358078,0.599683918573248,25,50,20
12,4434,0.0011344248221045975,0.31986143417211255,0.07932027460965091,0.5996838663961312,25,50,20
12,4435,0.001130358395531645,0.3198655276038609,0.07932024760701446,0.5996838663935926,25,50,20
12,4436,0.0005206811467131118,0.3198655276034367,0.07992995089775368,0.599683840352096,25,50,20
12,4437,0.0005177368905598379,0.31986552760343556,0.07992995084118594,0.5996867846648182,25,50,20
12,4438,0.00040119380376955297,0.3198655276012747,0.079929670437591,0.5998036081573642,25,50,20
12,4439,0.0003980962865504518,0.31989103125898577,0.07990726429705133,0.5998036081574117,25,50,20
12,4440,0.0003951354718351442,0.31989398886013753,0.07990726750078786,0.5998036081672388,25,50,20
12,4441,0.00039609905185571836,0.31989398886016507,0.07990727146841019,0.5998026406195682,25,50,20
12,4442,0.0003962904830097951,0.3198939888602013,0.07990727357089228,0.5998024470858959,25,50,20
12,4443,0.0003992574525675415,0.31989398886020326,0.079907274689211,0.5997994789980177,25,50,20
12,4444,0.0004002750421513258,0.3198939888601325,0.07990726859245291,0.5997984675052624,25,50,20
12,4445,0.0004071977679048621,0.3198939888602127,0.07990727426021631,0.5997915391116656,25,50,20
12,4446,0.00040714545226084166,0.3198939888601952,0.07990727548690764,0.599791590200636,25,50,20
12,4447,0.00040612879705523205,0.31989499984207936,0.07990728115304364,0.5997915902078214,25,50,20
12,4448,0.0008203662903218894,0.31947878467868274,0.07990925767988544,0.5997915913511089,25,50,20
12,4449,0.0008204678864150003,0.3194786822708121,0.07990925849170853,0.5997915913510634,25,50,20
12,4450,0.000815474696243374,0.31947868227083864,0.0799092613981927,0.599796581634724,25,50,20
12,4451,0.0008124101583719584,0.31948174760871734,0.07990926060302729,0.5997965816298823,25,50,20
12,4452,0.0008136036226491304,0.31948055820333093,0.07990925654851369,0.599796581625505,25,50,20
12,4453,0.0008164767679011729,0.31947768641060464,0.0799092551960303,0.5997965816254627,25,50,20
12,4454,0.0008195418238907454,0.31947462047346137,0.07990925607952101,0.5997965816231253,25,50,20
12,4455,0.0008167373187105777,0.31947462047349745,0.07990925870284998,0.5997993835049406,25,50,20
12,4456,0.0008197828084117529,0.3194746204734968,0.07990925865701627,0.5997963380610739,25,50,20
12,4457,0.0008229002085998995,0.3194715025575394,0.07990925917274601,0.5997963380611134,25,50,20
12,4458,0.0009472481517401501,0.319346841148027,0.07990957235415766,0.5997963383460737,25,50,20
12,4459,0.0009501574775268157,0.31934684114605,0.07990665044944988,0.5997963509269728,25,50,20
12,4460,0.0010172955465724716,0.3193468411552987,0.07983949553024713,0.5997963677678811,25,50,20
12,4461,0.0010171901887481795,0.31934694624290894,0.07983949579570156,0.5997963677726409,25,50,20
12,4462,0.0010182251415509862,0.3193469462428654,0.07983949117875383,0.5997953374368294,25,50,20
12,4463,0.0006040270865937722,0.3197627473225074,0.07983788929006391,0.5997953363008345,25,50,20
12,4464,0.0006011316681032349,0.3197627473225327,0.07983789016550681,0.5997982308438568,25,50,20
12,4465,0.0005990821977899611,0.31976274732258597,0.07983789401374727,0.5998002764658764,25,50,20
12,4466,0.0005950143893808387,0.31976681896604875,0.07983789018354599,0.599800276461024,25,50,20
12,4467,0.0006628611591358816,0.3197668189682127,0.07983807806106763,0.5997322418115834,25,50,20
12,4468,0.0006648577480429995,0.3197668189681678,0.07983807433450585,0.5997302489492828,25,50,20
12,4469,0.000664805993830882,0.3197668189681589,0.07983807417154189,0.5997303008664678,25,50,20
12,4470,0.0006626143878212521,0.3197690089783147,0.07983807576786328,0.5997303008659998,25,50,20
12,4471,0.0006606012190896351,0.31976900897837784,0.07983807991627585,0.5997323098862556,25,50,20
12,4472,0.0006604100004624852,0.31976900897833405,0.07983807784000715,0.5997325031811954,25,50,20
12,4473,0.0006634393811790624,0.3197690089783604,0.07983807863701356,0.599729473003446,25,50,20
12,4474,0.0005955913848027835,0.3197690089761876,0.0798378901132658,0.599797509525743,25,50,20
12,4475,0.0005956108400514749,0.3197689867102305,0.07983789291186018,0.5997975095378569,25,50,20
12,4476,0.0005954891177554368,0.3197691095249234,0.07983789181950637,0.599797509537814,25,50,20
12,4477,0.0005925072216219216,0.3197724658490281,0.0798375173963616,0.5997975095329874,25,50,20
12,4478,0.000650513916220758,0.3197143826302071,0.07983759391051999,0.5997975095430508,25,50,20
12,4479,0.0007272836147356315,0.3196373130355649,0.07983789309788572,0.5997975102518118,25,50,20
12,4480,0.0007425005988890857,0.3196373130356838,0.07983800233789747,0.5997821840275277,25,50,20
12,4481,0.00074157102457655,0.31963731303562104,0.07983799823508979,0.5997831177047108,25,50,20
12,4482,0.0007263026227616516,0.31963731303549464,0.07983788895985895,0.599798495381883,25,50,20
12,4483,0.0007292813777808576,0.3196373130355034,0.07983788706157516,0.5997955185251389,25,50,20
12,4484,0.0007263881822744008,0.31964020817212563,0.07983788512772931,0.5997955185178689,25,50,20
12,4485,0.0007234079587476462,0.3196430524097236,0.07983802111365763,0.5997955185178693,25,50,20
12,4486,0.0007234438379251485,0.3196430173288805,0.07983802032008318,0.5997955185131095,25,50,20
12,4487,0.0007275333374396617,0.3196430173288994,0.07983802395942377,0.5997914253742356,25,50,20
12,4488,0.0006629204535872847,0.3196430173202939,0.07990266654673187,0.5997913956793857,25,50,20
12,4489,0.0006079269162247653,0.3196980866885448,0.07990259072344447,0.5997913956717846,25,50,20
12,4490,0.000603947401980106,0.31969808668846494,0.07990258505944507,0.5997953808501086,25,50,20
12,4491,0.0006040012871027605,0.31969808668847366,0.0799025852213731,0.5997953268030491,25,50,20
12,4492,0.0006110628600352555,0.3196910207194309,0.07990258960777644,0.5997953268127558,25,50,20
12,4493,0.0006110276655858261,0.3196910558512589,0.07990258967511789,0.5997953268080357,25,50,20
12,4494,0.000611026418019162,0.31969105585125906,0.0799025896403482,0.5997953280903717,25,50,20
12,4495,0.0006079627935227368,0.31969105585124136,0.07990258885003587,0.5997983925051981,25,50,20
12,4496,0.0006100653034199316,0.31969105585120566,0.07990258523189538,0.5997962936134774,25,50,20
12,4497,0.000610010659741074,0.3196910558511876,0.07990258388760195,0.5997963496014679,25,50,20
12,4498,0.0006069792959542533,0.3196940856630071,0.07990258543956574,0.5997963496014715,25,50,20
12,4499,0.0006070485881193571,0.31969408566302493,0.07990258671099651,0.5997962790378576,25,50,20
12,4500,0.0004828252202341256,0.319818550730235,0.07990234529666762,0.5997962787528617,25,50,20
12,4501,0.00047989849156072103,0.3198185507302441,0.07990234593810944,0.5997992048400842,25,50,20
12,4502,0.0004947895619067591,0.31981855073033233,0.07990235527473452,0.5997843044330249,25,50,20
12,4503,0.000501830255693198,0.3198185507303853,0.07990235910232159,0.5997772599115984,25,50,20
12,4504,0.0004989536959182862,0.31981855073039417,0.07990235974706841,0.5997801358266179,25,50,20
12,4505,0.0004988320730001239,0.3198185507303768,0.07990235895669454,0.5997802582399272,25,50,20
12,4506,0.0004210826831689467,0.31989660333269737,0.07990205645768364,0.5997802575264486,25,50,20
12,4507,0.0004150921599937006,0.3198966033326981,0.07990205651163956,0.5997862479956675,25,50,20
12,4508,0.00041490033895135033,0.31989660333266184,0.07990205434385278,0.5997864419845328,25,50,20
12,4509,0.0004118348909476227,0.31989660333267006,0.07990205393670262,0.5997895078396783,25,50,20
12,4510,0.0004118869549060912,0.3198965524105914,0.07990205279482608,0.5997895078396751,25,50,20
12,4511,0.00040785345680287093,0.3198965524105805,0.07990204927283505,0.5997935448597796,25,50,20
12,4512,0.00040781666299266107,0.3198965524105983,0.079902050080933,0.5997935808454746,25,50,20
12,4513,0.0003403013773861278,0.31989655240885456,0.07996956195954526,0.5997935842542137,25,50,20
12,4514,0.0003403345925006014,0.319896552408883,0.07996950587532421,0.5997936071232918,25,50,20
12,4515,0.00033831765414803536,0.3198983839343389,0.07996969128346194,0.5997936071280509,25,50,20
12,4516,0.0003384405124444337,0.3198983839343575,0.07996969215110748,0.5997934834020903,25,50,20
12,4517,0.00034064883995559486,0.3198963569948051,0.07996951076774064,0.5997934833974982,25,50,20
12,4518,0.00034071652868620654,0.31989635699482216,0.0799695115362353,0.599793414940256,25,50,20
12,4519,0.0003407156498990516,0.31989635811047173,0.07996951129937588,0.599793414940253,25,50,20
12,4520,0.0003477048868172784,0.31989635811052514,0.07996951564608003,0.5997864213565772,25,50,20
12,4521,0.00035066698620798433,0.3198933968717636,0.0799695147854489,0.599786421356579,25,50,20
12,4522,0.0003505967993116374,0.31989339687174545,0.0799695134486308,0.5997864928803118,25,50,20
12,4523,0.000354505004864822,0.319889486424234,0.0799695156906295,0.5997864928802706,25,50,20
12,4524,0.00035450499715856064,0.3198894864242335,0.07996951564276192,0.599786492935845,25,50,20
12,4525,0.0003545587058336902,0.3198894864242344,0.07996951568555338,0.5997864391843776,25,50,20
12,4526,0.0003656017684194966,0.3198894864243078,0.07996952201001227,0.5997753897972594,25,50,20
12,4527,0.00036148480720486444,0.31989360775702524,0.07996951764575075,0.599775389790018,25,50,20
12,4528,0.00035848846960010854,0.3198936077570082,0.07996951741379435,0.5997783863595965,25,50,20
12,4529,0.00036149729218701326,0.3198936077570262,0.0799695186791196,0.5997753762716662,25,50,20
12,4530,0.00036144382910012344,0.31989366113495654,0.07996951876206508,0.5997753762738773,25,50,20
12,4531,0.0003614278562344747,0.31989366113494794,0.07996951812718082,0.5997753928816357,25,50,20
12,4532,0.0012665467263605454,0.3198936672315861,0.07906439124848025,0.599775394793573,25,50,20
12,4533,0.001270562405661142,0.3198936672316034,0.07906040585461444,0.5997753645081225,25,50,20
12,4534,0.0012736112385701311,0.3198906183236321,0.07906040592954847,0.5997753645082508,25,50,20
12,4535,0.0012655472543385002,0.31989061832354077,0.07906039877519394,0.5997834356469279,25,50,20
12,4536,0.00126954029707704,0.31988662192809403,0.07906040212322753,0.5997834356516026,25,50,20
12,4537,0.0012664923324114824,0.31988662192809403,0.07906040213668297,0.5997864836028127,25,50,20
12,4538,0.001258504189262303,0.319886621928032,0.07906039514028469,0.5997944787424218,25,50,20
12,4539,0.0012613403783709605,0.319883861144999,0.07906031974872005,0.5997944787279108,25,50,20
12,4540,0.0012642803744646732,0.3198838611449987,0.07906031969477252,0.5997915387857649,25,50,20
12,4541,0.001264402920583412,0.3198838611449808,0.07906032041477098,0.5997914155196652,25,50,20
12,4542,0.0012684497333195009,0.3198798110362113,0.07906032370829823,0.5997914155221713,25,50,20
12,4543,0.0012685189442144973,0.31987981103622987,0.07906032456075743,0.5997913454587986,25,50,20
12,4544,0.0012625446173348798,0.31988578488954983,0.07906032503427152,0.5997913454588437,25,50,20
12,4545,0.0012664588330734744,0.3198857848917419,0.07906039883328453,0.5997873574418999,25,50,20
12,4546,0.0012665120312743178,0.3198857848917336,0.07906039876205483,0.5997873043149372,25,50,20
12,4547,0.0012862683445387737,0.31988578489191016,0.07906041246542697,0.599767534298124,25,50,20
12,4548,0.0006951860716891886,0.3198861315403663,0.0796511199112612,0.5997675624766836,25,50,20
12,4549,0.0013736930908849157,0.3198861315382962,0.07965133553592285,0.5990888398348964,25,50,20
12,4550,0.0013721236859964333,0.3198861315394723,0.07965120976965176,0.599090535004881,25,50,20
12,4551,0.0013750667200597166,0.31988613153947165,0.07965120972003178,0.5990875920204379,25,50,20
12,4552,0.0013741196654130509,0.3198870804600969,0.07965120785864538,0.5990875920158456,25,50,20
12,4553,0.001374119966670238,0.31988708046009734,0.07965120789559119,0.5990875916776418,25,50,20
12,4554,0.0013730337794367242,0.3198881609366573,0.07965121359665246,0.5990875916872539,25,50,20
12,4555,0.0013690398256162167,0.3198921583190032,0.07965121017292667,0.5990875916824541,25,50,20
12,4556,0.0013691083849866675,0.31989215831902074,0.07965121144824319,0.5990875218477496,25,50,20
12,4557,0.001363134304381047,0.3198921583190124,0.07965121186186509,0.5990934955147416,25,50,20
12,4558,0.0013632028362299232,0.3198920895726421,0.07965121208127524,0.5990934955098525,25,50,20
12,4559,0.0013671085982682276,0.31988818106540895,0.07965121481932791,0.5990934955169945,25,50,20
12,4560,0.0013671086170097882,0.3198881825877432,0.07965121327612482,0.5990934955191218,25,50,20
12,4561,0.0013642342730649554,0.31988818258775276,0.0796512139833143,0.5990963691558676,25,50,20
12,4562,0.001368177350742509,0.319888182587769,0.07965121562405636,0.5990924244374317,25,50,20
12,4563,0.0013681773201854159,0.31988818258776885,0.07965121562917316,0.5990924244628725,25,50,20
12,4564,0.0013681938266888569,0.3198881825877608,0.07965121602917896,0.5990924075563714,25,50,20
12,4565,0.0006926764339313294,0.31988818258765556,0.07965092878232921,0.5997682121960838,25,50,20
12,4566,0.000695607207952126,0.31988538786279763,0.07965079273320544,0.5997682121960444,25,50,20
12,4567,0.0006916304460868691,0.31988936765553455,0.07965078970717884,0.5997682121911992,25,50,20
12,4568,0.0006917703106047801,0.31988922664030595,0.0796507908577672,0.5997682121913215,25,50,20
12,4569,0.0006848538293666871,0.319896144536289,0.07965078944306012,0.5997682121912833,25,50,20
12,4570,0.0006779338437664012,0.319896144536254,0.07965078642491429,0.5997751351950643,25,50,20
12,4571,0.0006779690586211024,0.3198961085247715,0.0796507872236704,0.5997751351929359,25,50,20
12,4572,0.0006779712152555613,0.3198961085247717,0.0796507872558996,0.5997751330040721,25,50,20
12,4573,0.0006778974250515124,0.31989618164750355,0.07965078792796622,0.5997751329994777,25,50,20
12,4574,0.0006800369752359145,0.31989618164750544,0.07965078638604911,0.5997729949912085,25,50,20
12,4575,0.0006839440369573413,0.31989618164750344,0.07965078945469121,0.5997690848608469,25,50,20
12,4576,0.000683873535630367,0.31989625558810725,0.0796507860155403,0.5997690848607206,25,50,20
12,4577,0.0006837511013621257,0.3198963785333317,0.07965078550454177,0.5997690848607629,25,50,20
12,4578,0.0006866945847586507,0.31989637853334046,0.07965078612114083,0.5997661407607587,25,50,20
12,4579,0.000663803532429148,0.319896378533172,0.07965077243595906,0.5997890454984381,25,50,20
12,4580,0.0006618586719172771,0.3198983282251266,0.07965076761408549,0.5997890454888691,25,50,20
12,4581,0.0006608072854483499,0.3198983282252068,0.0796507743929124,0.5997900900964312,25,50,20
12,4582,0.000657797230074381,0.3198983282251888,0.07965077308784287,0.5997931014568925,25,50,20
12,4583,0.0006577975340682431,0.31989832808674196,0.07965077292455057,0.5997931014546376,25,50,20
12,4584,0.0006508110627864985,0.3198983280867249,0.07965076933761467,0.5998000915128722,25,50,20
12,4585,0.0006468858939220719,0.3198983280866897,0.07965076629128454,0.5998040197281018,25,50,20
12,4586,0.0006467848233790608,0.3198983280855958,0.07965256253256295,0.5998023245584606,25,50,20
12,4587,0.0006518130024277973,0.319898328085542,0.07965255812632754,0.599797300785701,25,50,20
12,4588,0.0006528307525821065,0.3198972834828043,0.07965258497163245,0.5997973007929793,25,50,20
12,4589,0.0006547919950465654,0.3198953495312689,0.07965255768802378,0.5997973007856588,25,50,20
12,4590,0.0006579267629213722,0.3198953495312611,0.07965255818154905,0.5997941655242667,25,50,20
12,4591,0.0006588710380464831,0.3198953495313143,0.079652576896604,0.5997932025340333,25,50,20
12,4592,0.0006589422818298853,0.3198952800982944,0.07965257508112011,0.5997932025387537,25,50,20
12,4593,0.0006739089908344327,0.31989528010089063,0.0796526404910471,0.5997781704172261,25,50,20
12,4594,0.0006739956329549048,0.3198952801009265,0.07965264258147893,0.5997780816846382,25,50,20
12,4595,0.0006670915006589446,0.31989528010090085,0.07965264022083127,0.5997849881776077,25,50,20
12,4596,0.010722685457304657,0.31989528010095597,0.06959704587023782,0.5997849885715006,25,50,20
12,4597,0.010722493966590974,0.3198954727800309,0.0695970446819178,0.5997849885714593,25,50,20
12,4598,0.010725366203327182,0.3198926012786454,0.0695970439491577,0.5997849885688687,25,50,20
12,4599,0.010718395758523971,0.31989260127862,0.06959703999395055,0.5997919629689044,25,50,20
12,4600,0.010718414275055299,0.3198925820542185,0.06959704070412007,0.5997919629666051,25,50,20
12,4601,0.01072139426704915,0.31989258205422716,0.06959704027908081,0.5997889833996419,25,50,20
12,4602,0.0006846286821907936,0.31989258211681093,0.03974911870179218,0.6396736704992045,25,50,20
12,4603,0.0006875909252873779,0.31988962102423146,0.03974911754906102,0.6396736705014188,25,50,20
12,4604,0.0006905126578872024,0.31988962102423046,0.03974911658412511,0.6396707497337558,25,50,20
12,4605,0.0006905129843517284,0.3198896210242312,0.03974911661206588,0.6396707493793502,25,50,20
12,4606,0.0006904441342885205,0.31988962102424884,0.03974911812161588,0.6396708167198457,25,50,20
12,4607,0.0006944221131998871,0.3198896210242757,0.03974912052875066,0.6396668363337725,25,50,20
12,4608,0.0007003954580368784,0.3198896210242218,0.03974910460428772,0.6396608789134521,25,50,20
12,4609,0.0007752205972790277,0.3198144870337705,0.03974941273717754,0.6396608796317715,25,50,20
12,4610,0.000775498067155817,0.3198142077800635,0.03974941451828333,0.6396608796344958,25,50,20
12,4611,0.0012384309699149337,0.31981420778224,0.03974967170589794,0.6391976895419453,25,50,20
12,4612,0.0012354336806993265,0.31981720517207074,0.03974967160528172,0.6391976895419466,25,50,20
12,4613,0.0012354689924070086,0.3198172051720524,0.039749670762091925,0.639197655073447,25,50,20
12,4614,0.0007754974743736226,0.31981720516990353,0.03974941561182206,0.639657881743899,25,50,20
12,4615,0.0007513117628060278,0.31981720510712763,0.03966954182979875,0.6397619413002659,25,50,20
12,4616,0.0007542917404708658,0.31981422571843815,0.03966954123848339,0.639761941302606,25,50,20
12,4617,0.0007534882558067524,0.3198142257184307,0.039669539231375214,0.6397627467943857,25,50,20
12,4618,0.0004370112587650407,0.31981387297274616,0.03998639935876369,0.639762716409724,25,50,20
12,4619,0.00043995313646837537,0.31981387297274677,0.03998640139239852,0.6397597724983853,25,50,20
12,4620,0.000669291491660949,0.3198138729758849,0.03998661078423808,0.6395302247482153,25,50,20
12,4621,0.0006672772855797904,0.31981387297591995,0.03998661180602073,0.6395322379324788,25,50,20
12,4622,0.0006672952065868159,0.319813853876575,0.039986612984396534,0.6395322379324409,25,50,20
12,4623,0.0006742177671086397,0.3198138538766011,0.0399866158672193,0.63952531248907,25,50,20
12,4624,0.0006743564349498082,0.31981371376182405,0.039986617309012214,0.639525312494213,25,50,20
12,4625,0.0006744261334335186,0.3198137137618245,0.03998661785111146,0.6395252422536296,25,50,20
12,4626,0.0006745487378832682,0.3198137137618154,0.03998661869413731,0.6395251188061631,25,50,20
12,4627,0.0006037691730573999,0.3198847986784922,0.03998631405584519,0.6395251180926045,25,50,20
12,4628,0.0006037351427159637,0.31988479867845543,0.03998631135632267,0.6395251548225052,25,50,20
12,4629,0.0006006522017545749,0.3198878828768353,0.03998631010400624,0.639525154817403,25,50,20
12,4630,0.000597588565387303,0.319887882876782,0.03998630649152042,0.6395282220663094,25,50,20
12,4631,0.0005945607107477098,0.31989090186185765,0.03998631536121099,0.6395282220661828,25,50,20
12,4632,0.0005936318131380254,0.31989090186182184,0.039986312273738195,0.639529154051301,25,50,20
12,4633,0.0005966266847668764,0.31989090186180424,0.03998631200019072,0.6395261594532373,25,50,20
12,4634,0.0005896398911935119,0.31989789213301834,0.039986308527392746,0.6395261594483945,25,50,20
12,4635,0.0005896403159644985,0.31989789213301834,0.03998630853022942,0.6395261590207868,25,50,20
12,4636,0.0005927064220900499,0.31989482575205125,0.0399863088071563,0.6395261590187016,25,50,20
12,4637,0.0005955093790214059,0.31989482575203226,0.03998630743504893,0.6395233574338968,25,50,20
12,4638,0.0005984530175702961,0.3198948257520326,0.0399863074559109,0.6395204137744857,25,50,20
12,4639,0.0005984885967507474,0.31989479135399873,0.039986306274769144,0.6395204137744808,25,50,20
12,4640,0.0005984876680047792,0.3198947913539986,0.0399863062904148,0.6395204146875814,25,50,20
12,4641,0.0005945613189952243,0.3198947913539636,0.03998630325198342,0.6395243440750575,25,50,20
12,4642,0.0005825026872311366,0.31989479135136806,0.03998623788897835,0.639536468072422,25,50,20
12,4643,0.0005795609352452403,0.31989479135136795,0.03998623788732032,0.6395394098260659,25,50,20
12,4644,0.0005765280725535295,0.3198978236780307,0.03998623842326578,0.6395394098261494,25,50,20
12,4645,0.0005735478386800365,0.3198978236780485,0.03998623921011564,0.6395423892731552,25,50,20
12,4646,0.000573547871877782,0.3198978236780482,0.039986239213526266,0.6395423892365472,25,50,20
12,4647,0.0005734096211396006,0.3198978236780841,0.03998623739164988,0.6395425293091257,25,50,20
12,4648,0.0005736028903093887,0.3198978236780763,0.03998623882029621,0.6395423346113176,25,50,20
12,4649,0.0005736025359955572,0.3198978241940208,0.03998623866091941,0.6395423346090635,25,50,20
12,4650,0.0005736006345583048,0.3198978241940208,0.03998623864288969,0.6395423365285304,25,50,20
12,4651,0.0005805208366025322,0.31989782419406454,0.039986242274392896,0.6395354126949393,25,50,20
12,4652,0.0005804150680126386,0.31989792975738207,0.039986242475203,0.6395354126994015,25,50,20
12,4653,0.0005842716051779308,0.31989792975741616,0.03998624490806971,0.6395315537293352,25,50,20
12,4654,0.0005843070234443886,0.3198978949729706,0.039986244274373695,0.6395315537292103,25,50,20
12,4655,0.0003549674508332705,0.3198978949698405,0.03998603495656157,0.6397611026227636,25,50,20
12,4656,0.00035498437324044954,0.31989787763140237,0.039986035372551076,0.639761102622805,25,50,20
12,4657,0.00034799299963835276,0.3198978776313576,0.03998603164265763,0.6397680977263455,25,50,20
12,4658,0.00034401645178300846,0.3198978776313143,0.0399860280557208,0.639772077861181,25,50,20
12,4659,0.00034387748703978483,0.31989787763127914,0.03998616701034347,0.6397720778713374,25,50,20
12,4660,0.0003518195365602401,0.31989787763236854,0.03998620126450356,0.6397641015665672,25,50,20
12,4661,0.0003518035363024472,0.3198978776323596,0.039986200617511125,0.6397641182138261,25,50,20
12,4662,0.0003589599630065653,0.3198907190378363,0.03998620278512698,0.6397641182140288,25,50,20
12,4663,0.00035296696505451137,0.31989071903784505,0.039986202917443446,0.6397701110796556,25,50,20
12,4664,0.0003529506079240434,0.3198907361704939,0.03998620214672609,0.6397701110748547,25,50,20
12,4665,0.0010302158276880502,0.31989073617267605,0.03998659797648633,0.6390924500231485,25,50,20
12,4666,0.0010281481781212012,0.3198907361727111,0.03998660100835613,0.6390945146408107,25,50,20
12,4667,0.0010242255071289854,0.3198907361726679,0.03998659790754318,0.6390984404126591,25,50,20
12,4668,0.0010263623420688017,0.31989073617262453,0.039986595289308986,0.6390963061959969,25,50,20
12,4669,0.0010293372399323268,0.319890736172643,0.03998659662296694,0.6390933299644567,25,50,20
12,4670,0.0010291264228537975,0.31989094756525244,0.03998659605011835,0.6390933299617741,25,50,20
12,4671,0.0010290551302677546,0.31989102021549143,0.03998659469251012,0.6390933299617294,25,50,20
12,4672,0.0010261305093882582,0.3198939426404495,0.0399865968787781,0.6390933299713829,25,50,20
12,4673,0.0010261311252341885,0.31989394204920396,0.03998659685422152,0.6390933299713389,25,50,20
12,4674,0.0010290555712553382,0.31989394204931015,0.03998660597783523,0.6390903964015979,25,50,20
12,4675,0.0010290546427004794,0.31989394289210304,0.03998660606125822,0.6390903964039368,25,50,20
12,4676,0.0010441662405513744,0.3198939428921768,0.03998661453951076,0.63907527632776,25,50,20
12,4677,0.0010361563982152723,0.31989394289109596,0.03998657923361195,0.6390833214770756,25,50,20
12,4678,0.0010341409952899575,0.3198959536819369,0.03998658384101641,0.6390833214817556,25,50,20
12,4679,0.0005969834299138207,0.31989595368197876,0.03998637729825336,0.639520685589853,25,50,20
12,4680,0.0005969803151232459,0.3198959536819696,0.03998637730101616,0.6395206887018899,25,50,20
12,4681,0.0005969959912773163,0.3198959536819513,0.039986377854142885,0.6395206724726278,25,50,20
12,4682,0.0005969258602581444,0.3198959536819422,0.039986377170839284,0.6395207432869596,25,50,20
12,4683,0.0005969441203173744,0.3198959536819154,0.03998637570557294,0.6395207264921934,25,50,20
12,4684,0.0006042025762797544,0.31989595368762236,0.03998667969644093,0.6395131640396562,25,50,20
12,4685,0.0006051326026444197,0.3198959536876493,0.03998668328116977,0.6395122304285356,25,50,20
12,4686,0.0003650946410140931,0.319895953685426,0.03998649455477566,0.639752457118783,25,50,20
12,4687,0.0003619771023987719,0.319895953685426,0.03998649406614391,0.6397555751460301,25,50,20
12,4688,0.00035903387467869517,0.31989595368531165,0.03998648694072981,0.6397585254992784,25,50,20
12,4689,0.0003548402399070583,0.31990014728432414,0.03998648696695688,0.6397585255088104,25,50,20
12,4690,0.00035477014659842195,0.3199001472843145,0.03998648625752674,0.6397585963115591,25,50,20
12,4691,0.000358745972931003,0.3199001472843407,0.039986489093169875,0.6397546176495571,25,50,20
12,4692,0.0003558886269889592,0.3199001472843676,0.039986490573613025,0.6397574735150291,25,50,20
12,4693,0.0003628053731095824,0.31989322758033,0.0399864935268128,0.6397574735197459,25,50,20
12,4694,0.00036488994465494283,0.3198932275803137,0.039986491354572704,0.6397553911204573,25,50,20
12,4695,0.0003700285928526137,0.31989322758139405,0.03998661964251413,0.6397501241832378,25,50,20
12,4696,0.00036691010849431794,0.31989322758141986,0.03998661949421701,0.6397532428158673,25,50,20
12,4697,0.0003669615399504294,0.3198932275814283,0.039986619615357016,0.6397531912632627,25,50,20
12,4698,0.00036697791838148706,0.31989322758143746,0.03998662029582757,0.6397531742043518,25,50,20
12,4699,0.0003648936652605035,0.3198932275814538,0.03998662299186063,0.6397552557614234,25,50,20
12,4700,0.0003658445491662402,0.319893227582524,0.03998662787100942,0.6397542999972988,25,50,20
12,4701,0.0003598526990859626,0.31989322758253275,0.03998662799132744,0.6397602917270524,25,50,20
12,4702,0.00035990271716111424,0.31989316921166167,0.03998663634914128,0.6397602917220346,25,50,20
12,4703,0.0003559958059414758,0.3198970786185226,0.03998663385817702,0.6397602917173576,25,50,20
12,4704,0.00035303393133116035,0.3198970786185146,0.03998663476134371,0.6397632526888092,25,50,20
12,4705,0.0003631656239876304,0.31989707861856187,0.039986638723470365,0.6397531170339787,25,50,20
12,4706,0.00036517545484637343,0.3198970786191503,0.03998664601435248,0.6397510999116496,25,50,20
12,4707,0.0003651951615062031,0.3198970786191581,0.039986644035843774,0.6397510821834906,25,50,20
12,4708,0.0004319936184848399,0.31989707862135613,0.039986871163818466,0.6396840565963391,25,50,20
12,4709,0.00042187845350240505,0.31989707862130057,0.03998686813304895,0.6396941747921466,25,50,20
12,4710,0.0004146382690396299,0.3198970786155673,0.039986562690182595,0.6397017204252088,25,50,20
12,4711,0.0004117136702812846,0.3198999992381679,0.039986566651672974,0.6397017204398762,25,50,20
12,4712,0.0004088228760291623,0.3198999992365276,0.039986555790563295,0.6397046220968783,25,50,20
12,4713,0.00039676441855630775,0.31989999923541207,0.03998642450997106,0.639716811836059,25,50,20
12,4714,0.00041074525892447063,0.31989999923549356,0.03998643158445357,0.6397028239211268,25,50,20
12,4715,0.0004107431397914258,0.3198999992354934,0.0399864315280271,0.6397028260966865,25,50,20
12,4716,0.0004138461196433207,0.3198968147709318,0.039986512997933835,0.6397028261114894,25,50,20
12,4717,0.0004127068674708036,0.31989681477101967,0.039986519384303504,0.6397039589772049,25,50,20
12,4718,0.0004127580354319418,0.3198967673084569,0.03998651569586833,0.6397039589602415,25,50,20
12,4719,0.00040971036819756226,0.31989676730845645,0.03998651570212587,0.6397070066212188,25,50,20
12,4720,0.0004097103629333542,0.31989676731701855,0.0399865156987856,0.6397070066212606,25,50,20
12,4721,0.0004076956605730555,0.31989676731705396,0.03998651873357333,0.6397090182887978,25,50,20
12,4722,0.00040867451129592095,0.31989579529205187,0.03998651190308977,0.6397090182935604,25,50,20
12,4723,0.00040566356982955557,0.3198988066520355,0.039986511484612734,0.6397090182935202,25,50,20
12,4724,0.00040557373027388195,0.3198989774780042,0.039986430512960754,0.6397090182787591,25,50,20
12,4725,0.00040555783269716726,0.3198989774780129,0.039986429675802106,0.6397090350134856,25,50,20
12,4726,0.0004034742411546609,0.3199010574373194,0.039986433303313876,0.6397090350182097,25,50,20
12,4727,0.00040738122310349483,0.319897147939468,0.039986435814537265,0.6397090350228885,25,50,20
12,4728,0.00040738180950347034,0.31989714819975373,0.03998643496534757,0.6397090350253923,25,50,20
12,4729,0.00039541638564120115,0.31989714819964643,0.03998642447062974,0.6397210109440803,25,50,20
12,4730,0.0006297660260350718,0.3198971482027151,0.039986629115642214,0.6394864566556056,25,50,20
12,4731,0.0006297644318297807,0.319897148202706,0.03998662891545353,0.6394864584500086,25,50,20
12,4732,0.0006306956087635408,0.31989714820276793,0.03998663386981921,0.6394855223186473,25,50,20
12,4733,0.0006387963542740235,0.3198890037029085,0.03998667747346193,0.6394855224693532,25,50,20
12,4734,0.0006358003007632969,0.31988900370289136,0.03998667720483436,0.6394885187915089,25,50,20
12,4735,0.0006386385079557468,0.3198890037029092,0.03998667848476647,0.6394856793043666,25,50,20
12,4736,0.0006396206995851056,0.31988900370297935,0.039986683052794424,0.6394846925446391,25,50,20
12,4737,0.0006425459164991036,0.3198890037029615,0.0399866817627541,0.6394817686177834,25,50,20
12,4738,0.0006445770123419115,0.3198869751616947,0.039986679212984336,0.6394817686129771,25,50,20
12,4739,0.0006475917582319671,0.3198869751616945,0.039986678173333734,0.639478754906738,25,50,20
12,4740,0.0006467316455527612,0.31988697516167686,0.039986675279911385,0.6394796179128571,25,50,20
12,4741,0.0006448874638948599,0.3198869782836313,0.03998851634215477,0.6394796179103178,25,50,20
12,4742,0.0006419283881663322,0.3198899375770401,0.03998851611953852,0.6394796179152538,25,50,20
12,4743,0.0007178038593209503,0.3198899375808245,0.039988814695842666,0.6394034438640106,25,50,20
12,4744,0.0007259378041980593,0.319889937583448,0.039988848886422505,0.6393952757259304,25,50,20
12,4745,0.0007288814366648959,0.3198899375834482,0.039988848958357796,0.6393923320215281,25,50,20
12,4746,0.0007318822051704409,0.31988693693978365,0.039988848838406976,0.639392332016638,25,50,20
12,4747,0.0007258561071312904,0.3198869369402908,0.03998890903156644,0.6393982979210101,25,50,20
12,4748,0.0007319167198672881,0.31988693694031783,0.03998891099552132,0.6393922353442926,25,50,20
12,4749,0.0007309890757855633,0.31988786917314416,0.03998890641141188,0.6393922353396575,25,50,20
12,4750,0.0007289162502606253,0.3198899388909168,0.03998890951211005,0.6393922353467116,25,50,20
12,4751,0.0007268014186230511,0.3198899388903793,0.039988844037666865,0.6393944156533299,25,50,20
12,4752,0.0007288328530674714,0.3198879101744276,0.0399888413236388,0.6393944156488651,25,50,20
12,4753,0.0007207321619521185,0.3198879101718049,0.03998880818569746,0.6394025494805446,25,50,20
12,4754,0.0007236067962954002,0.319887910171796,0.039988807515328836,0.6393996755165786,25,50,20
12,4755,0.0006498703977221954,0.31988791016797696,0.039988506948307787,0.6394737124859917,25,50,20
12,4756,0.0005831586211219307,0.3198879101658058,0.039988281312158126,0.6395406499009125,25,50,20
12,4757,0.0005851021836062191,0.31988791016598317,0.03998829710170094,0.6395386905487078,25,50,20
12,4758,0.000581056577005092,0.3198879101659213,0.03998829212727975,0.6395427411297923,25,50,20
12,4759,0.0005810556428760212,0.3198879101659211,0.039988292125635254,0.6395427420655662,25,50,20
12,4760,0.0005789896647130961,0.31988997609229985,0.039988292160454145,0.6395427420825315,25,50,20
12,4761,0.0005819328618216473,0.31988997609229963,0.0399882921336409,0.6395397989122366,25,50,20
12,4762,0.0005819860026818629,0.3198899760922912,0.03998829201902719,0.6395397458859988,25,50,20
12,4763,0.0005789909251763466,0.3198899760922826,0.039988291880886845,0.6395427411016533,25,50,20
12,4764,0.0005948248421053777,0.3198899760924596,0.03998830511220209,0.6395268939532318,25,50,20
12,4765,0.0005918815575680605,0.31988997609244196,0.03998830387277402,0.639529838477215,25,50,20
12,4766,0.0005918130523811629,0.31988997609242414,0.03998830264090349,0.6395299082142903,25,50,20
12,4767,0.00058783681247269,0.3198939456069592,0.039988309370868384,0.6395299082096987,25,50,20
12,4768,0.0005908852905172171,0.31989089868746245,0.039988307821847785,0.6395299082001717,25,50,20
12,4769,0.0005938650438556056,0.31989089868748877,0.0399883082281976,0.6395269280404573,25,50,20
12,4770,0.0005939006105353534,0.31989089868746157,0.03998830673422224,0.6395268939677801,25,50,20
12,4771,0.0006448283152886946,0.31989089869045384,0.03998850462567383,0.6394757683685828,25,50,20
12,4772,0.0006428314085700783,0.31989290140679233,0.03998849880657551,0.6394757683780612,25,50,20
12,4773,0.0006398343897464831,0.31989589813881275,0.039988499093461305,0.6394757683779787,25,50,20
12,4774,0.000573019793348823,0.31989589813570546,0.03998829098480953,0.6395427910861353,25,50,20
12,4775,0.0005739318124161622,0.31989589813573127,0.0399882932645995,0.6395418767872523,25,50,20
12,4776,0.0005779082282182683,0.3198958981357574,0.039988296108252504,0.639537897527771,25,50,20
12,4777,0.0005777705290658837,0.3198958981357387,0.039988294736972206,0.6395380365982225,25,50,20
12,4778,0.0005787660701903097,0.31989589813574737,0.039988295842175614,0.6395370399518864,25,50,20
12,4779,0.000575700975901872,0.3198958981357562,0.03998829549161199,0.6395401053967297,25,50,20
12,4780,0.0005777525499470242,0.3198958981356862,0.03998829044343749,0.6395380588709291,25,50,20
12,4781,0.000815037931475325,0.31965842324042115,0.0399884796585684,0.6395380591695349,25,50,20
12,4782,0.000812095719378786,0.31966134984517325,0.03998849526854554,0.6395380591669019,25,50,20
12,4783,0.0008120957054720703,0.31966134984517325,0.03998849528309622,0.6395380591662576,25,50,20
12,4784,0.0008142964909323459,0.31966134672375834,0.03998628930596591,0.6395380674793426,25,50,20
12,4785,0.0008143518984457124,0.3196612900673052,0.03998629054741059,0.6395380674868378,25,50,20
12,4786,0.0005800083633332781,0.3198958231590962,0.03998610128942348,0.6395380671881462,25,50,20
12,4787,0.0005770281761648728,0.3198958231591142,0.03998610211802268,0.6395410465466974,25,50,20
12,4788,0.0005760466042058969,0.31989625540758987,0.03998665144877222,0.639541046539431,25,50,20
12,4789,0.0005761336163169634,0.3198962554076615,0.039986656163114295,0.6395409548129063,25,50,20
12,4790,0.0005721568558850629,0.3198962554076356,0.03998665327438003,0.6395449344620985,25,50,20
12,4791,0.0005721568587905475,0.31989625540763567,0.0399866539685472,0.6395449337650259,25,50,20
12,4792,0.0005792866928553844,0.3198891201638307,0.039986659368592185,0.6395449337747201,25,50,20
12,4793,0.000591320549542338,0.31988912016392884,0.03998666886362611,0.6395328904229011,25,50,20
12,4794,0.000591373432474672,0.3198891201639198,0.039986668709941546,0.6395328376936624,25,50,20
12,4795,0.000593444706664474,0.31988705874798,0.03998665887090402,0.6395328376744501,25,50,20
12,4796,0.0005934459227920501,0.31988705874796264,0.039986657591106624,0.6395328377381376,25,50,20
12,4797,0.0005784179058717763,0.31988705874785633,0.03998664794043661,0.6395478754058341,25,50,20
12,4798,0.0005775058868044083,0.3198870587478308,0.03998664564170903,0.6395487897236546,25,50,20
12,4799,0.0005746348874925418,0.3198899292215339,0.0399866461672732,0.6395487897236992,25,50,20
12,4800,0.0005786125697710073,0.3198899292215692,0.039986648489846344,0.6395448097188122,25,50,20
12,4801,0.0005724282607287123,0.3198961156632782,0.03998664636219452,0.6395448097137976,25,50,20
12,4802,0.0008126061311459109,0.31989611566539805,0.03998683675035346,0.6393044414531015,25,50,20
12,4803,0.000815532411952361,0.31989318979218084,0.039986836342807655,0.6393044414530581,25,50,20
12,4804,0.0008165490410402487,0.3198931897921106,0.03998683027126021,0.6393034308955882,25,50,20
12,4805,0.0008225218160314996,0.31988721648613394,0.039986830797404796,0.6393034309004291,25,50,20
12,4806,0.0008195093128671921,0.3198872164860979,0.03998682818797879,0.6393064460130554,25,50,20
12,4807,0.0008113395593468447,0.31989543026368056,0.03998678431232591,0.639306445864646,25,50,20
12,4808,0.0005750661779892638,0.31989543026053263,0.03998657292585713,0.63954293063562,25,50,20
12,4809,0.0005781162678882688,0.3198923946874896,0.039986558408999937,0.639542930635621,25,50,20
12,4810,0.0005782258425584429,0.31989239468758046,0.03998655981776128,0.6395428196520986,25,50,20
12,4811,0.0005801497697024275,0.3198923946876513,0.03998656587104103,0.639540889671604,25,50,20
12,4812,0.0005830900353704806,0.3198923946876513,0.039986565850140175,0.6395379494268367,25,50,20
12,4813,0.0005939865853926068,0.319892394687722,0.03998657189198713,0.639527046834897,25,50,20
12,4814,0.0005970533001700169,0.3198893270502373,0.039986572816991216,0.6395270468326003,25,50,20
12,4815,0.0005949142415922207,0.31989146411733527,0.03998657480366748,0.6395270468374039,25,50,20
12,4816,0.0005949491024721049,0.3198914641173257,0.03998657407745036,0.6395270127027507,25,50,20
12,4817,0.0005842469953322132,0.319891464117292,0.03998659613855842,0.6395376927488163,25,50,20
12,4818,0.0005813082925556907,0.3198914641172925,0.039986596216002715,0.6395406313741477,25,50,20
12,4819,0.0005783833865169188,0.31989146411731934,0.03998659817032418,0.6395435543258383,25,50,20
12,4820,0.0005783436648263502,0.31989145716289563,0.03998664484886688,0.6395435543234098,25,50,20
12,4821,0.0005773987524322719,0.31989240564676974,0.03998664128435231,0.6395435543164444,25,50,20
12,4822,0.0005812500912850082,0.31988855289820917,0.03998664268938368,0.6395435543211206,25,50,20
12,4823,0.0005773442445744047,0.3198924612613622,0.03998664017745144,0.6395435543166105,25,50,20
12,4824,0.0005742093086150449,0.3198924612612914,0.03998663548256129,0.6395466939475312,25,50,20
12,4825,0.0008028168825152163,0.31989246126118653,0.03998671988322571,0.6393180019730714,25,50,20
12,4826,0.0005627091273357042,0.31989246125905796,0.03998652990750291,0.639558299706102,25,50,20
12,4827,0.0005638384757118486,0.3198913173357361,0.039986544482368894,0.6395582997061817,25,50,20
12,4828,0.0005837527496453303,0.3198714350309053,0.03998651248687625,0.6395582997325717,25,50,20
12,4829,0.000583543217085334,0.31987143503085946,0.0399864837183797,0.6395585380336744,25,50,20
12,4830,0.0005835589310806203,0.3198714350308772,0.039986484516267476,0.6395585215217738,25,50,20
12,4831,0.0005836279064885577,0.31987143503090393,0.03998648595056059,0.639558451112046,25,50,20
12,4832,0.0005837508228500761,0.31987143503088733,0.03998648623468862,0.6395583279115731,25,50,20
12,4833,0.0005608590753367675,0.31989434203204076,0.03998647100518476,0.6395583278874368,25,50,20
12,4834,0.0005637498775644915,0.31989434203204103,0.03998647105373719,0.6395554370366563,25,50,20
12,4835,0.0005668128556531282,0.31989434203203193,0.039986472374973596,0.6395523727373401,25,50,20
12,4836,0.0005637787290883204,0.319894342032059,0.03998647233224946,0.639555406906602,25,50,20
12,4837,0.0005657574226300096,0.31989290162267,0.03998593403853586,0.6395554069161629,25,50,20
12,4838,0.00033518773941333706,0.3198929016226243,0.03998583529399862,0.6397860753439626,25,50,20
12,4839,0.0003383051772326577,0.3198929016226247,0.03998583581581707,0.6397829573843246,25,50,20
12,4840,0.0003501586032271739,0.31989290162265793,0.039985844836022855,0.6397710949380907,25,50,20
12,4841,0.0003492321977432511,0.3198938311213027,0.039985841747663946,0.6397710949332884,25,50,20
12,4842,0.00034704806831290733,0.31989383112187314,0.03998584530971683,0.6397732755000954,25,50,20
12,4843,0.00034725625849633344,0.3198936209510326,0.03998584729280332,0.6397732754976662,25,50,20
12,4844,0.00034311378855503895,0.3198977784969581,0.03998583221706644,0.6397732754974187,25,50,20
12,4845,0.00035403521374617565,0.3198977784985446,0.039985862246827035,0.6397623240408808,25,50,20
12,4846,0.00035607947038829383,0.3198977784979729,0.039985857585424285,0.6397602844462131,25,50,20
12,4847,0.00035599424556344403,0.31989777849794615,0.039985856137100345,0.6397603711193885,25,50,20
12,4848,0.0003521397547406606,0.31990163624633217,0.039985852889057726,0.6397603711098678,25,50,20
12,4849,0.0003581980532807741,0.31990163624688644,0.03998592052679492,0.6397542451730363,25,50,20
12,4850,0.0003581816374862419,0.31990163624687695,0.039985919792798086,0.6397542623228375,25,50,20
12,4851,0.0003580596419909514,0.3199017584835852,0.0399859195466097,0.6397542623278129,25,50,20
12,4852,0.0004177828153356816,0.31990175848517594,0.03998607035498361,0.6396943883445035,25,50,20
12,4853,0.00041799444271874863,0.31990154257836884,0.039986074612296245,0.6396943883666149,25,50,20
12,4854,0.0004230456207180901,0.3199015425789497,0.039986117510244126,0.6396892942900868,25,50,20
12,4855,0.00042017339646800364,0.31990154257999387,0.03998612031598979,0.6396921637075469,25,50,20
12,4856,0.0004172359410119332,0.3199015425799953,0.03998612143128326,0.6396951000477081,25,50,20
12,4857,0.0004182530093211548,0.31990053962973686,0.03998610732045652,0.6396951000404837,25,50,20
12,4858,0.0004251736087574294,0.3199005396287382,0.03998610830147049,0.6396881784610322,25,50,20
12,4859,0.0004211252748839389,0.31990053962869375,0.03998610486204759,0.639692230234373,25,50,20
12,4860,0.0003554487731692324,0.31990053962654863,0.039985886453053954,0.6397581251472266,25,50,20
12,4861,0.0003414711138780027,0.3199005396264683,0.039985879649388135,0.6397721096102643,25,50,20
12,4862,0.0003412614121452936,0.31990075158101144,0.03998587739678803,0.6397721096100542,25,50,20
12,4863,0.0003381600008945798,0.3199007515810116,0.03998587738899408,0.6397752110290986,25,50,20
12,4864,0.000345062586594025,0.31990075158101094,0.03998587828389632,0.6397683075484979,25,50,20
12,4865,0.0003481317766999734,0.3199007515810208,0.03998587872156391,0.6397652379207143,25,50,20
12,4866,0.00034813177631882086,0.3199007515874755,0.039985878715490156,0.6397652379207144,25,50,20
12,4867,0.00034834256186372576,0.3199007515875208,0.0399858801285829,0.6397650257220313,25,50,20
12,4868,0.0003443294112173195,0.3199007515875215,0.039985878695701894,0.639769040305558,25,50,20
12,4869,0.00034127681811086606,0.3199007515875207,0.039985878915645624,0.6397720926787216,25,50,20
12,4870,0.00033736868241996467,0.3199007515875041,0.03998587677228493,0.6397760029577898,25,50,20
12,4871,0.0003292834496696791,0.3199007515869237,0.039985834494197674,0.6397841304692077,25,50,20
12,4872,0.000326254033455024,0.3199007515868882,0.039985832413214094,0.6397871619664415,25,50,20
12,4873,0.00032325809166332335,0.31990075158688824,0.03998583240537692,0.6397901579160703,25,50,20
12,4874,0.0003233428346317532,0.3199006565191443,0.03998584273747873,0.6397901579087439,25,50,20
12,4875,0.00032851695814535613,0.31989528018559743,0.039986044927715875,0.6397901579285403,25,50,20
12,4876,0.00033660649869275276,0.31989528018559055,0.03998607564936932,0.6397820376663464,25,50,20
12,4877,0.0003363447395748727,0.31989555099985273,0.03998606659443654,0.639782037666135,25,50,20
12,4878,0.0003361866122100614,0.31989555099981554,0.03998606575972416,0.6397821966282493,25,50,20
12,4879,0.0003372047844322891,0.31989555099974476,0.03998605967275695,0.6397811845430652,25,50,20
12,4880,0.0003402157480270744,0.31989253917204347,0.03998606053210586,0.6397811845478225,25,50,20
12,4881,0.0003423569350264927,0.31989253917211613,0.03998606681767624,0.6397790370751801,25,50,20
12,4882,0.0003424460446716138,0.31989253917216093,0.039986069588610396,0.6397789451945559,25,50,20
12,4883,0.0003445126239951263,0.3198925391721092,0.03998606586558355,0.639776882338311,25,50,20
12,4884,0.0003446524949319202,0.31989253917211036,0.039986066952672615,0.6397767413802841,25,50,20
12,4885,0.00034764789684031726,0.31989253917211835,0.03998606701600006,0.63977374591504,25,50,20
12,4886,0.0003519111864349975,0.31988827367089084,0.0399860692320457,0.6397737459106271,25,50,20
12,4887,0.00035483515317589575,0.3198882736709172,0.039986120208021905,0.6397707709678836,25,50,20
12,4888,0.0003476286468524631,0.3198954827054946,0.039986117680113294,0.6397707709675382,25,50,20
12,4889,0.0003433844630178237,0.3198999254544382,0.039985919132458275,0.6397707709500844,25,50,20
12,4890,0.00034122669053076373,0.31989992545435597,0.03998591212338578,0.6397729357317262,25,50,20
12,4891,0.0003381253291139992,0.3198999254543821,0.039985912535458835,0.6397760366810439,25,50,20
12,4892,0.00033715937642895833,0.31990089463557814,0.03998590931150126,0.6397760366764904,25,50,20
12,4893,0.00033810584947860866,0.31989994388270215,0.03998591358652569,0.6397760366812922,25,50,20
12,4894,0.0003378952269719705,0.319900158550751,0.03998590956079611,0.6397760366614795,25,50,20
12,4895,0.00034088952674962117,0.3198971643965085,0.03998590941751817,0.6397760366592223,25,50,20
12,4896,0.00033792917203351644,0.3198971643964456,0.03998588423657706,0.6397790221949425,25,50,20
12,4897,0.00033803737180481726,0.31989716439646537,0.039985885724040326,0.6397789125076883,25,50,20
12,4898,0.00033602348931738676,0.31989917540147755,0.039985888599131825,0.6397789125100717,25,50,20
12,4899,0.0003361630458052485,0.3198990347443816,0.03998588969952301,0.6397789125102887,25,50,20
12,4900,0.0003372004781720983,0.31989799832772436,0.03998588868351285,0.639778912510589,25,50,20
12,4901,0.0003401795376455473,0.31989799832773286,0.03998588829326849,0.6397759338413517,25,50,20
12,4902,0.0003371842521542899,0.319897998327741,0.039985888393051214,0.6397789290270519,25,50,20
12,4903,0.0003392345990522103,0.3198959522623995,0.03998588411629706,0.6397789290222498,25,50,20
12,4904,0.0003393747685127617,0.319895952262436,0.03998588679408505,0.639778786174965,25,50,20
12,4905,0.000331147494326935,0.31989595226242434,0.039985854681530146,0.6397870455617172,25,50,20
12,4906,0.0003352647765967527,0.3198959522624167,0.03998585714132033,0.6397829258196648,25,50,20
12,4907,0.00033124660476643863,0.3198959522608653,0.0399858301301833,0.6397869710041832,25,50,20
12,4908,0.0003421581615918737,0.31989595226093664,0.039985835762283525,0.6397760538151865,25,50,20
12,4909,0.00034201829760714756,0.3198960932675301,0.03998583461997462,0.6397760538148867,25,50,20
12,4910,0.0005666382385636735,0.3196695016425899,0.03998780573013052,0.6397760543887144,25,50,20
12,4911,0.0005667073948307764,0.31966943195424147,0.03998780626242708,0.6397760543884992,25,50,20
12,4912,0.0005646391493451863,0.3196714961857783,0.03998781027165443,0.6397760543932207,25,50,20
12,4913,0.000574623664780458,0.31966150945373917,0.03998781248086998,0.6397760544006089,25,50,20
12,4914,0.0005748337964761016,0.3196615094537506,0.03998781437729635,0.6397758423724752,25,50,20
12,4915,0.000577900093214644,0.3196615094537419,0.039987815760890714,0.639772774692151,25,50,20
12,4916,0.0005759921259009704,0.31966341503174595,0.03998781814513413,0.6397727746972174,25,50,20
12,4917,0.0005680217597642724,0.31966341503167445,0.03998781200395706,0.6397807512046024,25,50,20
12,4918,0.0005710182675694359,0.31966341503170087,0.03998781391976657,0.6397777527809613,25,50,20
12,4919,0.0005729928966705361,0.31966144193689094,0.0399878123809739,0.6397777527854625,25,50,20
12,4920,0.0005759719303242411,0.3196614419368986,0.039987811845362764,0.6397747742874121,25,50,20
12,4921,0.0005687735802162859,0.31966144193687024,0.039987806752592926,0.6397819777303186,25,50,20
12,4922,0.0003411771450697115,0.3198910078881438,0.03998583780051596,0.6397819771662684,25,50,20
12,4923,0.0003411761838256766,0.31989100788814423,0.03998580935655395,0.639782006571474,25,50,20
12,4924,0.00034123092714142547,0.31989100788810154,0.03998580741243789,0.6397819537723172,25,50,20
12,4925,0.0003382524556676165,0.3198910078880932,0.03998580833854639,0.6397849313176905,25,50,20
12,4926,0.00033818053952825084,0.3198910078880932,0.03998580680435999,0.6397850047680161,25,50,20
12,4927,0.0003302802481044209,0.31989891360498324,0.03998580139096288,0.6397850047559471,25,50,20
12,4928,0.00033418774278299907,0.3198950024433432,0.03998580504597719,0.6397850047678942,25,50,20
12,4929,0.0003370231843835046,0.31989500244332386,0.03998580359414338,0.6397821707781471,25,50,20
12,4930,0.0003340265573701337,0.31989500244331553,0.03998580348263324,0.6397851675166794,25,50,20
12,4931,0.0003371075633174725,0.3198950024433343,0.03998580483423139,0.6397820851591152,25,50,20
12,4932,0.0003369830259065072,0.3198950024433418,0.039985804221616135,0.6397822103091338,25,50,20
12,4933,0.00033991177324495264,0.31989207414494314,0.03998580377259246,0.6397822103092179,25,50,20
12,4934,0.0003329403550856634,0.31989905003777763,0.03998579930986479,0.6397822102972704,25,50,20
12,4935,0.00040370881910720136,0.31989905004247743,0.03998603875206489,0.6397112023863492,25,50,20
12,4936,0.00039692966215699966,0.3198990500424431,0.03998603582890937,0.6397179844664894,25,50,20
12,4937,0.00039692935428234973,0.3198990503544785,0.03998603582479206,0.6397179844664462,25,50,20
12,4938,0.00040091005051280925,0.3198990503545039,0.03998603914555424,0.6397140004494283,25,50,20
12,4939,0.00040488583779315095,0.31989905035453825,0.03998604182657288,0.639710021981095,25,50,20
12,4940,0.000401976323464924,0.31989905035457417,0.03998604446135705,0.6397129288606032,25,50,20
12,4941,0.0003989800805062239,0.31989905035458266,0.039986044587022145,0.6397159249778882,25,50,20
12,4942,0.0003989911249220958,0.3198990503545753,0.03998604608060574,0.6397159124398959,25,50,20
12,4943,0.00040200865037632124,0.31989905035457594,0.039986044737068925,0.6397128962579778,25,50,20
12,4944,0.0003990447041208109,0.3199020128256879,0.03998604620502818,0.6397128962651619,25,50,20
12,4945,0.00039599246062379286,0.31990201282565134,0.0399860449251254,0.6397159497885984,25,50,20
12,4946,0.0003931074814766286,0.31990489108553727,0.03998605164909634,0.6397159497838888,25,50,20
12,4947,0.0003966617075462309,0.31990489108505715,0.03998250572478448,0.6397159414826117,25,50,20
12,4948,0.00039659399617894596,0.31990489108505504,0.03998250301191504,0.6397160119068505,25,50,20
12,4949,0.00039958866605640576,0.31990489108504694,0.03998250290806962,0.6397130173408264,25,50,20
12,4950,0.0004004978009585793,0.3199039810453626,0.03998250381774043,0.6397130173359371,25,50,20
12,4951,0.0004004817689075972,0.31990399761763677,0.03998250327764263,0.6397130173358117,25,50,20
12,4952,0.00040342542957335677,0.3199039976176371,0.03998250331893358,0.6397100736338545,25,50,20
12,4953,0.0007002796606032303,0.319904003797571,0.0396856424840721,0.6397100740577522,25,50,20
12,4954,0.0006991892706512156,0.3199050964531596,0.03968564022116248,0.6397100740550247,25,50,20
12,4955,0.0006931987577257011,0.3199050964531684,0.03968564079770098,0.6397160639914031,25,50,20
12,4956,0.0006962105445095028,0.3199050964531862,0.0396856415789665,0.6397130514233365,25,50,20
12,4957,0.0006941649608817076,0.3199050964532481,0.03968564604017413,0.6397150925456947,25,50,20
12,4958,0.0006941292547382942,0.3199051317289078,0.039685646472956415,0.6397150925433962,25,50,20
12,4959,0.0006941487339620633,0.3199051317289347,0.03968785159349088,0.6397128679436112,25,50,20
12,4960,0.0011523330297064653,0.3194466574326134,0.03968814130661377,0.6397128682310652,25,50,20
12,4961,0.0010878437418464844,0.31944665136490924,0.03975263629497154,0.6397128685982714,25,50,20
12,4962,0.0010848852219391962,0.3194466513649002,0.03975263563926906,0.6397158277738901,25,50,20
12,4963,0.0010847983142114517,0.3194466513648727,0.03975263414884006,0.6397159161720747,25,50,20
12,4964,0.0010849016037043483,0.3194466513648383,0.03975042946619928,0.6397180175652568,25,50,20
12,4965,0.0008485559559157729,0.3194466512526293,0.039986776021851946,0.6397180167696019,25,50,20
12,4966,0.0008485580696076095,0.3194466512526295,0.039986776049186,0.6397180146285756,25,50,20
12,4967,0.0008515906305406238,0.3194466512526295,0.039986775019711165,0.6397149830971177,25,50,20
12,4968,0.00039946766309240946,0.3198990634383749,0.03998648608415219,0.6397149828143797,25,50,20
12,4969,0.0004073149393022177,0.31989906343845287,0.039986491691750954,0.639707129930493,25,50,20
12,4970,0.010596357085375907,0.31989906344386326,0.029797448891212858,0.6397071305795472,25,50,20
12,4971,0.010596305120477602,0.3198990634438719,0.02979744900594885,0.6397071824297008,25,50,20
12,4972,0.010596427390777602,0.3198989403769533,0.029797449797722336,0.6397071824345458,25,50,20
12,4973,0.010596462701329905,0.31989894037696254,0.029797450706887857,0.6397071462148188,25,50,20
12,4974,0.01059945344094989,0.31989595663679127,0.029797443707488082,0.6397071462147701,25,50,20
12,4975,0.010599328114903788,0.31989595663678166,0.029797442964545787,0.639707272283768,25,50,20
12,4976,0.010599346326170942,0.3198959566367635,0.02979744189593661,0.6397072551411281,25,50,20
12,4977,0.010602258351063796,0.3198959566367454,0.029797440562332644,0.6397043444498574,25,50,20
12,4978,0.010604272054988026,0.31989595663670234,0.029797436946780054,0.6397023343615285,25,50,20
12,4979,0.010607266198501821,0.31989595663671067,0.029797437065464543,0.6396993400993221,25,50,20
12,4980,0.010610350835360337,0.31989287050096815,0.029797438559076773,0.6396993401045938,25,50,20
12,4981,0.025751919150695957,0.3198928705425766,0.014655867759376145,0.6396993425473498,25,50,20
12,4982,0.02576099744450746,0.3198928705436833,0.014655950103701436,0.6396901819081063,25,50,20
12,4983,0.025751917899269453,0.3198928705425764,0.014655867736184897,0.6396993438219678,25,50,20
12,4984,0.025747976085069138,0.31989287054256904,0.014655866762385028,0.6397032866099756,25,50,20
12,4985,0.025747977323980705,0.319892869085372,0.014655866985473777,0.6397032866051724,25,50,20
12,4986,0.025747891170551145,0.31989295673962104,0.014655865491965202,0.6397032865978616,25,50,20
12,4987,0.02574484266959274,0.31989600548536173,0.014655865251774432,0.6397032865932694,25,50,20
12,4988,0.025744631335890146,0.3198960054853501,0.014655863334607958,0.63970349984415,25,50,20
12,4989,0.02574769644639474,0.31989600548534103,0.014655864696078023,0.6397004333721844,25,50,20
12,4990,0.025744489539964676,0.3198992146511348,0.014655862446747554,0.6397004333621511,25,50,20
12,4991,0.025744368779301037,0.31989933573755874,0.014655862118562579,0.6397004333645753,25,50,20
12,4992,0.025748427878361374,0.31989933573761276,0.014655865495658393,0.6396963708883651,25,50,20
12,4993,0.025744576919995023,0.31989933573757023,0.014655863463289391,0.6397002238791432,25,50,20
12,4994,0.025746753934148076,0.31989715026327625,0.014655871911116381,0.6397002238914571,25,50,20
12,4995,0.025749764971224085,0.3198971502632869,0.014655872690320227,0.6396972120751668,25,50,20
12,4996,0.025746737864018664,0.31989715026332344,0.014655874625992032,0.639700237246664,25,50,20
12,4997,0.025749718848857524,0.31989416992152647,0.014655873982989263,0.639700237246625,25,50,20
12,4998,0.02573876982315168,0.3198941699214653,0.014655868601533763,0.6397111916538474,25,50,20
12,4999,0.025738771017796612,0.31989416992146563,0.014655868613698162,0.639711190447038,25,50,20
12,5000,0.025741767331394164,0.31989117345063467,0.014655868768465858,0.6397111904495033,25,50,20
12,5001,0.025865273216352028,0.3198911734527774,0.014656221634615876,0.6395873316962528,25,50,20
12,5002,0.025861156002448888,0.31989117345275003,0.014656217635187312,0.639591452909612,25,50,20
12,5003,0.025862068344494928,0.31989117345278445,0.014656220596100009,0.6395905376066188,25,50,20
12,5004,0.025862068344100115,0.31989117345340784,0.014656220595871499,0.6395905376066188,25,50,20
12,5005,0.02586209687498846,0.31989117345338886,0.014656217901662258,0.6395905117699587,25,50,20
12,5006,0.025863093652796522,0.3198901735099398,0.014656221062462232,0.6395905117747999,25,50,20
12,5007,0.03790472404789024,0.3198901749480861,0.002614584207460324,0.6395905167965616,25,50,20
12,5008,0.03791169464597922,0.31988320122660846,0.0026145873237506828,0.6395905168036599,25,50,20
12,5009,0.015248161066477335,0.31988320846568086,0.025277465715422935,0.6395911647524174,25,50,20
12,5010,0.015252153774104429,0.3198832084657338,0.025277469524680397,0.6395871682354799,25,50,20
12,5011,0.015252206616922977,0.31988315577649684,0.025277469371266438,0.6395871682353123,25,50,20
12,5012,0.01524929826593449,0.3198831557764784,0.025277468009151528,0.6395900779484343,25,50,20
12,5013,0.015127855490767703,0.3198831557742915,0.025277111458744197,0.6397118772761953,25,50,20
12,5014,0.015127853165555427,0.3198831557744163,0.025277121945425453,0.6397118691146019,25,50,20
12,5015,0.015121002842389542,0.3198900068275549,0.025277121222294766,0.6397118691077598,25,50,20
12,5016,0.015123931130866524,0.31989000682754565,0.025277120547694445,0.6397089414938923,25,50,20
12,5017,0.015121968805432604,0.31989197474761566,0.02527711496245441,0.6397089414844962,25,50,20
12,5018,0.01512986825346394,0.3198919747476857,0.025277120984496037,0.6397010360143534,25,50,20
12,5019,0.015144120321003637,0.3198919747476986,0.025277125564072668,0.6396867793672241,25,50,20
12,5020,0.015144135475142657,0.3198919747477077,0.02527712622485336,0.6396867635522954,25,50,20
12,5021,0.0004414174977208826,0.3199435383984122,0.03992893077981734,0.6396861133240491,25,50,20
12,5022,0.00044534224504138306,0.31994353839843864,0.03992893318108018,0.6396821861754395,25,50,20
12,5023,0.00045224491480540247,0.3199366329867855,0.03992893591587149,0.6396821861825372,25,50,20
12,5024,0.00044918245541843117,0.3199366329867669,0.03992893502815146,0.6396852495296629,25,50,20
12,5025,0.00045622190342782613,0.31993663298681957,0.039928938954604656,0.6396782061551475,25,50,20
12,5026,0.00045334695977705826,0.31993950728424364,0.03992893959849424,0.6396782061574847,25,50,20
12,5027,0.0004464270782670655,0.3199464301774236,0.03992893659162392,0.6396782061526844,25,50,20
12,5028,0.0004464949806311223,0.3199463617801827,0.039928937086459816,0.6396782061527255,25,50,20
12,5029,0.00044745865154483563,0.31994539565757973,0.03992893953351314,0.6396782061573608,25,50,20
12,5030,0.00044046717613137164,0.3199523736720446,0.03992895299420343,0.6396782061576191,25,50,20
12,5031,0.00043843735913473537,0.3199523736720793,0.039928955942176166,0.6396802330266085,25,50,20
12,5032,0.00044132946673431793,0.31994948249184874,0.039928955007794226,0.6396802330336211,25,50,20
12,5033,0.000441223068112144,0.319941986996908,0.03993655690597332,0.639680233029005,25,50,20
12,5034,0.0005030301398032236,0.319880014283382,0.03993672252626955,0.6396802330505438,25,50,20
12,5035,0.0004979090046318105,0.31988514411108887,0.039936713848385444,0.6396802330358919,25,50,20
12,5036,0.0004939852601912337,0.31988514411103597,0.039936710431024446,0.6396841601977465,25,50,20
12,5037,0.0004939797125822048,0.31988514411216,0.039936757032847034,0.6396841191424091,25,50,20
12,5038,0.0004930523793630154,0.31988607427495713,0.039936754205691434,0.6396841191399866,25,50,20
12,5039,0.0004861760568392913,0.31988607427488863,0.03993674977069202,0.6396909998975783,25,50,20
12,5040,0.00048810166484847056,0.3198860742749675,0.039936756433508885,0.6396890676266733,25,50,20
12,5041,0.0004872010839715969,0.31988607427494925,0.03993675512873821,0.6396899695123393,25,50,20
12,5042,0.0005418134607933873,0.31988607427708277,0.03993693419573767,0.6396351780663847,25,50,20
12,5043,0.0005418301818642592,0.3198860742771453,0.03993693875910151,0.6396351567818873,25,50,20
12,5044,0.0005388328703620111,0.31988607427707466,0.039936934610771885,0.63963815824179,25,50,20
12,5045,0.0005497467069749442,0.3198860742771456,0.0399369407471845,0.6396272382686934,25,50,20
12,5046,0.0005497640198059714,0.3198860742771554,0.03993694180181786,0.6396272199012192,25,50,20
12,5047,0.0005527074469800713,0.31988312137405706,0.03993695128008134,0.6396272198988802,25,50,20
12,5048,0.0005506923905151149,0.3198831213740912,0.03993695422073067,0.6396292320146614,25,50,20
12,5049,0.0005566816278413352,0.3198831213740825,0.03993695357178128,0.6396232434262935,25,50,20
12,5050,0.0005567170350681715,0.3198831213740908,0.039936953173647406,0.6396232084171921,25,50,20
12,5051,0.0005527226160079277,0.31988312137406444,0.03993695073724549,0.6396272052726806,25,50,20
12,5052,0.0005527050139734726,0.3198831213740544,0.03993694964704857,0.639627223964922,25,50,20
12,5053,0.0004789927993863047,0.31988312136934777,0.039936711757558224,0.6397011740737059,25,50,20
12,5054,0.0004760700355384931,0.319883121368233,0.03993666581127708,0.6397041427849495,25,50,20
12,5055,0.0004760694283332006,0.3198831213682336,0.039936665866900145,0.6397041433365311,25,50,20
12,5056,0.00047307217851029856,0.3198861195312883,0.039936664960937326,0.6397041433292625,25,50,20
12,5057,0.0004710042625234287,0.31988611953133184,0.03993666807951006,0.639706208126633,25,50,20
12,5058,0.00040919845034000123,0.319948108359823,0.039936485087419704,0.6397062081024156,25,50,20
12,5059,0.00040620220047450325,0.31995110461688936,0.039936485080220324,0.6397062081024143,25,50,20
12,5060,0.0003992821307550954,0.3199511046168542,0.03993648206911702,0.6397131311832722,25,50,20
12,5061,0.00041682770372068935,0.3199020915854275,0.03996794950148224,0.6397131312093677,25,50,20
12,5062,0.0004200180304499476,0.3199020915854386,0.039967954018217386,0.6397099363658921,25,50,20
12,5063,0.00042008772440418023,0.3199020915854393,0.03996795454582934,0.6397098661443253,25,50,20
12,5064,0.0004280576678637375,0.3198941250608675,0.03996795111495835,0.6397098661563079,25,50,20
12,5065,0.00043016177456593757,0.3198941250608603,0.039967962664127665,0.6397077505004437,25,50,20
12,5066,0.0004301803601761162,0.3199017080712605,0.03996036106813652,0.6397077505004243,25,50,20
12,5067,0.00042905171502739516,0.3199017080723475,0.039960391482248524,0.639708848730374,25,50,20
12,5068,0.0004251307623279072,0.3199017080722954,0.039960388664260056,0.6397127725011146,25,50,20
12,5069,0.00042803961515655684,0.3199017080724194,0.03996051500491418,0.639709737307508,25,50,20
12,5070,0.00043012352711949077,0.3199017080724028,0.039960513326565396,0.6397076550739105,25,50,20
12,5071,0.0003603116105142717,0.31990170807019613,0.039960326904279954,0.6397776534150077,25,50,20
12,5072,0.0005907489355449646,0.31990170807240215,0.03996051453467409,0.6395470284573769,25,50,20
12,5073,0.0005732547882142739,0.31995066958962204,0.039929047188623674,0.6395470284335382,25,50,20
12,5074,0.0005762519435636366,0.31994767257836665,0.03992904704682823,0.6395470284312396,25,50,20
12,5075,0.0005762340548254486,0.31994767257835915,0.03992904804818556,0.6395470453186278,25,50,20
12,5076,0.0005760581384869763,0.3199476725783761,0.03992904776526541,0.6395472215178694,25,50,20
12,5077,0.000579142009082748,0.3199476725783754,0.039929047185234906,0.6395441382273047,25,50,20
12,5078,0.0005760812542886521,0.3199476725783853,0.039929046910608924,0.6395471992567149,25,50,20
12,5079,0.0005762246895568385,0.3199476725789201,0.03992904985042115,0.6395470528810998,25,50,20
12,5080,0.0005732112570051279,0.3199476725789021,0.03992904851799161,0.6395500676460992,25,50,20
12,5081,0.00033567571564654155,0.3199476725766602,0.039928857310404985,0.6397877943972863,25,50,20
12,5082,0.0003396524373748502,0.3199476725766955,0.03992886034855375,0.639783814637374,25,50,20
12,5083,0.0003405892494594855,0.31994767257561596,0.039928828967895326,0.6397829092070274,25,50,20
12,5084,0.00034155419583905763,0.31994670524106145,0.039928831351389096,0.6397829092117088,25,50,20
12,5085,0.00033853905254500817,0.3199467052410523,0.03992881815386986,0.6397859375525311,25,50,20
12,5086,0.0003415264736778078,0.31994670524050817,0.039928816535911536,0.6397829517499007,25,50,20
12,5087,0.0003455937379133757,0.31994670524054447,0.039928821217403335,0.6397788798041372,25,50,20
12,5088,0.0003485364749243095,0.31994376244074385,0.03992882128002205,0.6397788798043079,25,50,20
12,5089,0.0003455237997248053,0.3199437624407256,0.03992882044223612,0.6397818933173117,25,50,20
12,5090,0.00035249674644631074,0.31993678650377266,0.03992882342770632,0.639781893322073,25,50,20
12,5091,0.00034950195208608597,0.3199367865037645,0.03992882333692515,0.6397848882072226,25,50,20
12,5092,0.0003494515659606758,0.3199367865037635,0.03992882169074088,0.6397849402395333,25,50,20
12,5093,0.0003494681409009192,0.3199367865037643,0.03992882229910284,0.6397849230562302,25,50,20
12,5094,0.0003564073938914621,0.319929845351761,0.039928824193563646,0.639784923060782,25,50,20
12,5095,0.00035647637152565165,0.31992977583909543,0.03992882472855444,0.6397849230608221,25,50,20
12,5096,0.00035942340292986194,0.3199268288237414,0.03992882471250131,0.6397849230608247,25,50,20
12,5097,0.00035642971585479944,0.3199268288236086,0.03992881410964816,0.6397879273508859,25,50,20
12,5098,0.000353575064983279,0.3199268288235026,0.03992868906216752,0.6397909070493442,25,50,20
12,5099,0.0003496519784334859,0.31992682882345,0.039928685268251864,0.6397948339298624,25,50,20
12,5100,0.0003457978750108085,0.319926828823407,0.03992868265052102,0.639798690651059,25,50,20
12,5101,0.00035893685442869264,0.3199268288244974,0.03992874167069453,0.6397854926503771,25,50,20
12,5102,0.0003619695123209678,0.3199268288244968,0.03992874114199319,0.6397824605211868,25,50,20
12,5103,0.00036500112763343973,0.3199268288244965,0.03992874057276506,0.639779429475103,25,50,20
12,5104,0.00036500633609353345,0.31992682882456885,0.03992874581007225,0.6397794190292639,25,50,20
12,5105,0.0010432163808095215,0.31987525877370837,0.03930209348404513,0.6397794313614359,25,50,20
12,5106,0.0010432861445624974,0.319875188710475,0.03930209378565421,0.6397794313593073,25,50,20
12,5107,0.0010525223744472572,0.3198751887104163,0.039302091896741886,0.6397701970183935,25,50,20
12,5108,0.001063435042035085,0.31986426931720763,0.03930209861518342,0.6397701970255728,25,50,20
12,5109,0.0010564633190039109,0.31987124341869166,0.03930209624149112,0.6397701970208121,25,50,20
12,5110,0.0012948232440196188,0.31963269881594825,0.03930228062292676,0.639770197317104,25,50,20
12,5111,0.0012958207775330215,0.31963269881600076,0.03930228440499524,0.63976919600147,25,50,20
12,5112,0.0012978346999424767,0.3196326988159659,0.03930228140082425,0.6397671850832665,25,50,20
12,5113,0.0012977633032994135,0.3196326988159388,0.03930227942509452,0.6397672584556662,25,50,20
12,5114,0.0012898277163350116,0.3196406399319754,0.039302273905456944,0.6397672584462315,25,50,20
12,5115,0.0012898782565195208,0.3196406399319837,0.03930227400834375,0.6397672078031517,25,50,20
12,5116,0.0012868774821475227,0.3196436403493566,0.03930227436071059,0.639767207807784,25,50,20
12,5117,0.0012877898500866921,0.31964364034938225,0.0393022766697426,0.6397662931307874,25,50,20
12,5118,0.0012917849434501449,0.3196436403494178,0.039302280171735426,0.6397622945353956,25,50,20
12,5119,0.0012886680152170188,0.31964675779668245,0.03930227965265924,0.6397622945354399,25,50,20
12,5120,0.001285705897905201,0.31964971627743577,0.03930228328939298,0.6397622945352647,25,50,20
12,5121,0.0010483436561241684,0.3198872564958006,0.039302105604259265,0.6397622942438143,25,50,20
12,5122,0.0010520731759288042,0.3198872564958241,0.03930210407157704,0.639758566256668,25,50,20
12,5123,0.001047103981587316,0.31988725649737665,0.03930213708619629,0.6397635024348377,25,50,20
12,5124,0.0010470864634426022,0.3198872749255088,0.03930213617391057,0.6397635024371361,25,50,20
12,5125,0.0004005873349922144,0.3198872726030795,0.039948652896975176,0.6397634871649513,25,50,20
12,5126,0.00039753855588716775,0.3198872726030968,0.03994865319048876,0.6397665356505259,25,50,20
12,5127,0.00040253180111048727,0.3198822852051045,0.03994864734317426,0.6397665356506095,25,50,20
12,5128,0.00040338625880160796,0.3198822852050586,0.03994864461424255,0.639765683921896,25,50,20
12,5129,0.0004063468977997299,0.3198822852050675,0.03994864529135557,0.6397627226057758,25,50,20
12,5130,0.00040336669320871905,0.31988228520508527,0.03994864617193433,0.6397657019297708,25,50,20
12,5131,0.0004143799807008676,0.3198712656082251,0.03994865246933441,0.6397657019417388,25,50,20
12,5132,0.0004116293407205689,0.31987126560824364,0.03994865384662651,0.6397684512044084,25,50,20
12,5133,0.000411629030224978,0.3198712656082432,0.039948653791661924,0.6397684515698687,25,50,20
12,5134,0.00042461724241015317,0.3198712656088503,0.03994872919286273,0.6397553879558756,25,50,20
12,5135,0.0004267008101508541,0.3198712656088158,0.03994872624873476,0.6397533073322975,25,50,20
12,5136,0.0004346140216073858,0.319871265608904,0.03994873357182601,0.6397453867976615,25,50,20
12,5137,0.00042758599712296126,0.3198712656088688,0.03994873053417666,0.6397524178598304,25,50,20
12,5138,0.0004236082843927614,0.3198752463783732,0.0399487274821217,0.6397524178551112,25,50,20
12,5139,0.0004215944550980238,0.31987725718330595,0.0399487305017632,0.6397524178598316,25,50,20
12,5140,0.00041068109199657185,0.31988817680950166,0.03994872425060829,0.6397524178478925,25,50,20
12,5141,0.0017504577521756596,0.31988817707372774,0.038608950205448765,0.6397524149686473,25,50,20
12,5142,0.0017504740312841627,0.3198881601026317,0.038608950894972405,0.6397524149711109,25,50,20
12,5143,0.0017504066076120964,0.31988816010261467,0.038608950808489466,0.6397524824812827,25,50,20
12,5144,0.0017505270026374454,0.31988816010264065,0.0386089514604818,0.6397523614342391,25,50,20
12,5145,0.001753612099302189,0.3198850776031385,0.03860894886340121,0.6397523614341568,25,50,20
12,5146,0.0017545260502666723,0.31988416066552156,0.03860895185013632,0.6397523614340743,25,50,20
12,5147,0.0017545788977407486,0.31988416066551295,0.0386089517144236,0.6397523087223216,25,50,20
12,5148,0.0017545810099429038,0.3198841606655131,0.03860895175157489,0.6397523065729678,25,50,20
12,5149,0.0017426383423697512,0.3198841606633102,0.03860884020260299,0.639764360791716,25,50,20
12,5150,0.0017455847619949792,0.31988121422511395,0.03860884022121723,0.6397643607916725,25,50,20
12,5151,0.0017354749213214487,0.31988121422406884,0.038608784055713594,0.6397745267988945,25,50,20
12,5152,0.0017385236869771584,0.3198781657447079,0.038608783774264445,0.6397745267940487,25,50,20
12,5153,0.0017344564178412368,0.3198781657446718,0.03860877863764431,0.639778599199841,25,50,20
12,5154,0.0017323950619401584,0.31987816574476013,0.038608785061855506,0.6397806541314426,25,50,20
12,5155,0.001743308707448004,0.31987816574483113,0.038608791147819815,0.6397697343998996,25,50,20
12,5156,0.0017433086966646152,0.3198781657448312,0.038608791148158336,0.6397697344103443,25,50,20
12,5157,0.0017321462544365946,0.3198781657448103,0.03860878631544541,0.6397809016853061,25,50,20
12,5158,0.0017292697426112024,0.31988104137245443,0.0386087871995843,0.6397809016853485,25,50,20
12,5159,0.0017361930564834059,0.31988104137248075,0.03860879085889824,0.6397739747121362,25,50,20
12,5160,0.0017390674468387027,0.3198810413724633,0.03860878959786804,0.6397711015828282,25,50,20
12,5161,0.001737087852763153,0.3198810413725171,0.03860879441567307,0.639773076359045,25,50,20
12,5162,0.0017453567424088987,0.31988104137257123,0.038608800777636655,0.6397648011073814,25,50,20
12,5163,0.0017443403298675348,0.3198810413725083,0.038608795798870214,0.6397658224987521,25,50,20
12,5164,0.0017440785808248082,0.31988104137247214,0.03860879363007796,0.6397660864166231,25,50,20
12,5165,0.0017357565412209985,0.31988104137242623,0.03860878737999196,0.6397744147063589,25,50,20
12,5166,0.0017336375586857237,0.31988315706147913,0.038608790663909126,0.6397744147159241,25,50,20
12,5167,0.0017305017494365705,0.31988315706148684,0.038608789672245576,0.639777551516829,25,50,20
12,5168,0.0017305017492566797,0.31988315706148684,0.03860879036513148,0.6397775508241232,25,50,20
12,5169,0.0017364760338476918,0.3198771836104071,0.03860878953650814,0.6397775508192353,25,50,20
12,5170,0.001734356144661213,0.31987930071182097,0.038608792314672034,0.639777550828844,25,50,20
12,5171,0.0017304787914811121,0.31988304987197547,0.03860892009071868,0.6397775512458228,25,50,20
12,5172,0.0017333567296047114,0.31988017230915256,0.03860891971311836,0.6397775512481224,25,50,20
12,5173,0.0017334645326840831,0.3198801723091352,0.03860892046417184,0.639777442694007,25,50,20
12,5174,0.0017263276657840548,0.31988743717603724,0.03860879289324291,0.639777442264934,25,50,20
12,5175,0.001726275049468402,0.3198874371760985,0.03860880055850677,0.6397774872159245,25,50,20
12,5176,0.0017285019597099306,0.3198874371760745,0.03860879926724943,0.6397752615969645,25,50,20
12,5177,0.0017255935680789605,0.3198903463950359,0.038608798439832025,0.6397752615970509,25,50,20
12,5178,0.0017285546188780412,0.31989034639505204,0.0386087975382269,0.6397723014478409,25,50,20
12,5179,0.0044577485232345435,0.3207983563380072,0.034969376331244,0.6397745188075125,25,50,20
12,5180,0.004470886933506729,0.32079835633862475,0.034969423051694155,0.6397613336761726,25,50,20
12,5181,0.004473881994379332,0.3207983563386332,0.034969423167147524,0.6397583384998384,25,50,20
12,5182,0.0044740575191616885,0.3207983563386695,0.034969424815891624,0.6397581613262758,25,50,20
12,5183,0.0044770015159628735,0.32079835633866943,0.03496942479194856,0.6397552173534177,25,50,20
12,5184,0.0044770358771031695,0.32079832769682326,0.034969419072484874,0.6397552173535872,25,50,20
12,5185,0.004475017257730455,0.32080034385644524,0.034969421529858644,0.6397552173559643,25,50,20
12,5186,0.004461648025602575,0.32080034385592304,0.034969382071740385,0.6397686260467327,25,50,20
12,5187,0.004453646262646756,0.3208003438559676,0.03496938577625523,0.639776624105129,25,50,20
12,5188,0.004456572734534864,0.3208003438559593,0.03496938515140875,0.6397736982580952,25,50,20
12,5189,0.0004167386767010812,0.31989233991430127,0.03991944024466212,0.6397714811643336,25,50,20
12,5190,0.00041882279558486585,0.3198902578518288,0.03991943819271371,0.6397714811598708,25,50,20
12,5191,0.00041087011022707294,0.3198902578517677,0.03991943281219129,0.6397794392258119,25,50,20
12,5192,0.00040989981248565663,0.3198902578516801,0.03991942696199807,0.6397804153738345,25,50,20
12,5193,0.00042100518208750763,0.3198902578528122,0.039919435838481766,0.639769301126617,25,50,20
12,5194,0.00041704161100240383,0.3198902578527954,0.03991943286028135,0.6397732676759194,25,50,20
12,5195,0.0004190917095816542,0.3198882116131268,0.03991942901102106,0.6397732676662689,25,50,20
12,5196,0.00041909231695887194,0.3198882116131278,0.03991942910572042,0.6397732669641913,25,50,20
12,5197,0.0004109839343586714,0.31988821161200437,0.03991942036352433,0.639781384090111,25,50,20
12,5198,0.0004088972229127739,0.3198902970655912,0.03991942161687882,0.6397813840946156,25,50,20
12,5199,0.0004067596283839184,0.31989029706564354,0.0399194238430691,0.639783519462902,25,50,20
12,5200,0.00040381688357075404,0.31989029706564254,0.03991942375549198,0.6397864622952932,25,50,20
12,5201,0.00040376420011460407,0.3198903498677134,0.03991942363700657,0.6397864622951637,25,50,20
12,5202,0.00040104732258019674,0.31989305988022976,0.03991943047515065,0.6397864623220378,25,50,20
12,5203,0.0003980887829635722,0.31989305988022065,0.03991942981656568,0.6397894215202483,25,50,20
12,5204,0.00039813911359698034,0.3198930598802574,0.03991943249869437,0.6397893685074495,25,50,20
12,5205,0.00039716253510400874,0.31989403605238975,0.039919432909687864,0.6397893685028166,25,50,20
12,5206,0.0004001452218153194,0.319891053678103,0.03991943259721518,0.6397893685028646,25,50,20
12,5207,0.000403104969170635,0.31989105367812987,0.03991943554191718,0.6397864058107805,25,50,20
12,5208,0.000400144131476388,0.3198910536781117,0.03991943422620126,0.6397893679642087,25,50,20
12,5209,0.0003992154922720866,0.31989105367806797,0.03991943062015098,0.6397903002095071,25,50,20
12,5210,0.0003992133517580053,0.3198910536780677,0.03991942988539095,0.6397903030847814,25,50,20
12,5211,0.0003991617367163693,0.3198910536780769,0.03991943005969437,0.6397903545255104,25,50,20
12,5212,0.00039628861730882863,0.31989105367810405,0.03991943226772303,0.6397932254368621,25,50,20
12,5213,0.0003933110673401976,0.31989105367809595,0.03991943248063385,0.6397962027739281,25,50,20
12,5214,0.000396400144281274,0.319891053678097,0.03991943312396927,0.6397931130536505,25,50,20
12,5215,0.0003914057689644861,0.3198960444697643,0.03991943670277214,0.639793113058497,25,50,20
12,5216,0.00039427908537111077,0.31989604446975606,0.03991943609227654,0.6397902403525945,25,50,20
12,5217,0.00039228192898042684,0.31989604446968384,0.039919429064748074,0.6397922445365861,25,50,20
12,5218,0.0004003794449507942,0.31989604446972053,0.03991944801657677,0.6397841280687507,25,50,20
12,5219,0.0004024461476875383,0.31989398072099695,0.03991944506723981,0.6397841280640738,25,50,20
12,5220,0.0004003622822005805,0.3198939807210127,0.0399194466587035,0.6397862103380814,25,50,20
12,5221,0.0003974887996938453,0.3198939807210582,0.03991944998115029,0.639789080498096,25,50,20
12,5222,0.000397472137938387,0.3198939807210308,0.03991944701647035,0.6397891001245586,25,50,20
12,5223,0.0003975596400810525,0.31989398072093356,0.039919438547758215,0.6397890210912256,25,50,20
12,5224,0.0003937063789843031,0.3198978367286074,0.03991943581078705,0.6397890210816198,25,50,20
12,5225,0.0003963691770337382,0.3198951806752884,0.039919429090593456,0.6397890210570828,25,50,20
12,5226,0.000397315284857322,0.3198951806753331,0.0399194328151595,0.6397880712246483,25,50,20
12,5227,0.00039720991792718504,0.31989518067529754,0.03991943200484234,0.6397881774019313,25,50,20
12,5228,0.00040018886062267463,0.3198922017242596,0.03991943201331339,0.6397881774018025,25,50,20
12,5229,0.000407038147097777,0.3198922017242493,0.039919431704624,0.639781328424027,25,50,20
12,5230,0.00041099758296387517,0.3198922017242755,0.03991943404677891,0.6397773666459801,25,50,20
12,5231,0.00041101397591625276,0.3198921845708297,0.039919434800004795,0.6397773666532476,25,50,20
12,5232,0.0004194216383454154,0.3198921845735063,0.0399194478279211,0.6397689459602255,25,50,20
12,5233,0.00042661302208860607,0.3198921845735261,0.03991946374635997,0.6397617386580238,25,50,20
12,5234,0.0004925041870418342,0.3198921845756714,0.03991964859787962,0.6396956626394056,25,50,20
12,5235,0.0004925173819633208,0.3198921732158293,0.03991964676288737,0.6396956626393181,25,50,20
12,5236,0.0004956260363145834,0.31988897675883254,0.03991973428675722,0.6396956629180938,25,50,20
12,5237,0.0004927539208937802,0.3198918481312884,0.03991973502721041,0.6396956629206055,25,50,20
12,5238,0.0004997154493666839,0.3198918481313228,0.03991973861323864,0.6396886978060699,25,50,20
12,5239,0.0004976318556847383,0.3198918481313489,0.03991974094881921,0.6396907790641451,25,50,20
12,5240,0.0005006114997154948,0.31989184813138427,0.03991974348221744,0.639687796886681,25,50,20
12,5241,0.0005036418837066847,0.31989184813138377,0.03991974312815476,0.639684766856753,25,50,20
12,5242,0.0005005156389425194,0.31989506290685943,0.03991965487872572,0.6396847665754705,25,50,20
12,5243,0.0004894765183416491,0.31989506290684977,0.03991963787669203,0.6396958226981148,25,50,20
12,5244,0.0004770942596240281,0.3198950629041386,0.039919621900388176,0.6397082209358476,25,50,20
12,5245,0.0004912938340469366,0.3198808138141053,0.039919671410631505,0.6397082209412144,25,50,20
12,5246,0.0004903137528750317,0.3198808138140617,0.03991966827203918,0.6397092041610222,25,50,20
12,5247,0.00048730120333428635,0.319880813814008,0.03991966436267783,0.6397122206199781,25,50,20
12,5248,0.0004873709693157007,0.3198808138140342,0.039919666245935626,0.6397121489707128,25,50,20
12,5249,0.0004833898516812714,0.31988081381400824,0.039919661286430645,0.6397161350478783,25,50,20
12,5250,0.00048338953838708093,0.3198808151558361,0.039919660257897165,0.639716135047878,25,50,20
12,5251,0.0004843168928755136,0.31988081515587136,0.039919663234856094,0.6397152047163953,25,50,20
12,5252,0.00048436833951474146,0.3198808151558796,0.039919663345256956,0.6397151531593469,25,50,20
12,5253,0.0004722524443607526,0.3198929830751619,0.03991961133117421,0.6397151531493015,25,50,20
12,5254,0.0004721842669412981,0.31989298307513503,0.039919609401586356,0.6397152232563357,25,50,20
12,5255,0.000483308038988286,0.31989298307519826,0.0399196159782319,0.6397040929075799,25,50,20
12,5256,0.0004833276977467854,0.3198929830750567,0.03991960426634512,0.6397040849608497,25,50,20
12,5257,0.0004841850147152754,0.3198921236013016,0.03991960642317796,0.6397040849608034,25,50,20
12,5258,0.00048127418334323227,0.3198921236013202,0.039919607754388485,0.6397069944609464,25,50,20
12,5259,0.0004852499644482073,0.31989212360135527,0.0399196107501108,0.6397030156840842,25,50,20
12,5260,0.00041856934131517386,0.31989212359921976,0.03991942617899823,0.6397698808804653,25,50,20
12,5261,0.00041863831200124985,0.319892123599229,0.039919426860274554,0.6397698112284935,25,50,20
12,5262,0.00041444423420601047,0.3198921235992356,0.03991941184403958,0.6397740203225174,25,50,20
12,5263,0.0004113264932123503,0.3198952326198379,0.039919420564431436,0.6397740203225168,25,50,20
12,5264,0.0004092589190293867,0.31989523261988173,0.039919423707307666,0.6397760847537796,25,50,20
12,5265,0.00040918879347931996,0.31989523261985586,0.039919422830198205,0.6397761557564646,25,50,20
12,5266,0.0005888639434480086,0.3198952263878244,0.03973975388796823,0.639776155780758,25,50,20
12,5267,0.0005859531586272238,0.31989522638784224,0.0397397551880148,0.6397790652655145,25,50,20
12,5268,0.000585885175036699,0.3198952263878073,0.03973975273764352,0.6397791356995113,25,50,20
12,5269,0.0005849725640620972,0.3198952263877814,0.03973975044058429,0.639780050607571,25,50,20
12,5270,0.0005807708998857157,0.3198952263877439,0.0397397532772985,0.6397842494350706,25,50,20
12,5271,0.0005757739614031588,0.31989522638778867,0.03973974994964707,0.6397892497011599,25,50,20
12,5272,0.0005796979406349136,0.3198912986393883,0.03973975370925296,0.6397892497107225,25,50,20
12,5273,0.000579612091604004,0.31989129863936155,0.03973975225630817,0.6397893370127249,25,50,20
12,5274,0.0005796102175508753,0.31989129863936144,0.03973975224764712,0.6397893388954394,25,50,20
12,5275,0.0005796105072944644,0.31989129863936144,0.039739752262340715,0.6397893385910021,25,50,20
12,5276,0.0005826052965838308,0.3198912986393698,0.03973975239092098,0.6397863436731241,25,50,20
12,5277,0.0005826378630360118,0.3198912747530737,0.039739743710639194,0.6397863436732499,25,50,20
12,5278,0.0005847067337365244,0.31988920889862915,0.039739740699144904,0.6397863436684884,25,50,20
12,5279,0.0005877687974511104,0.3198892088986376,0.03973974121514395,0.6397832810887664,25,50,20
12,5280,0.0005857542780422227,0.3198892088986646,0.03973974363464019,0.6397852931886521,25,50,20
12,5281,0.0005856141853692896,0.3198892088986193,0.03973974031291205,0.6397854366030985,25,50,20
12,5282,0.0005955805020073488,0.3198892088986451,0.039739742657526625,0.63977546794182,25,50,20
12,5283,0.0005917263714700733,0.3198892088986016,0.03973974051934369,0.6397793242105834,25,50,20
12,5284,0.0005887611876248172,0.31989217327347375,0.03973974132827957,0.6397793242106203,25,50,20
12,5285,0.0005887442690168148,0.3198921732734556,0.03973974050072386,0.6397793419568021,25,50,20
12,5286,0.0005867815465804306,0.31989217327337705,0.03973973483195852,0.6397813103480824,25,50,20
12,5287,0.0005897085680409436,0.3198921732733692,0.039739734255632396,0.6397783839029557,25,50,20
12,5288,0.0005897453664537939,0.31989213732721306,0.039739733408176436,0.6397783838981548,25,50,20
12,5289,0.000598948523315517,0.3198829053783402,0.039739762197438265,0.6397783839009039,25,50,20
12,5290,0.0005880348778272828,0.3198829053782692,0.03973975609488559,0.6397893036490159,25,50,20
12,5291,0.0005850376237463936,0.3198829053782867,0.03973975588476466,0.6397923011132003,25,50,20
12,5292,0.0005841109098322464,0.319882905378261,0.03973975251906107,0.6397932311928439,25,50,20
12,5293,0.0005861096521646242,0.3198829053782172,0.039739748866953785,0.6397912361026629,25,50,20
12,5294,0.0005890883556594797,0.3198799267166867,0.039739748825115336,0.6397912361025369,25,50,20
12,5295,0.0005890896317978565,0.3198799267166867,0.03973974886555827,0.6397912347859556,25,50,20
12,5296,0.0005891662282531712,0.31987992671671456,0.039739750447974606,0.639791156607056,25,50,20
12,5297,0.0005892715473601107,0.3198799267167311,0.039739750642017395,0.63979105109389,25,50,20
12,5298,0.0005853121059864007,0.3198799267167053,0.03973974832602131,0.6397950128512856,25,50,20
12,5299,0.0005892191782876454,0.3198760167007989,0.039739751260104324,0.6397950128608078,25,50,20
12,5300,0.0005871355633585199,0.3198780977812646,0.03973975378984821,0.6397950128655274,25,50,20
12,5301,0.0005902015222122324,0.3198780977812565,0.039739754196673915,0.6397919464998563,25,50,20
12,5302,0.0005872060365327305,0.31987809778129167,0.039739755766684814,0.6397949404154897,25,50,20
12,5303,0.0005902551875217761,0.31987809778132686,0.03973975733095583,0.6397918897001942,25,50,20
12,5304,0.0005933037392005202,0.3198750414039761,0.039739765149398414,0.6397918897074235,25,50,20
12,5305,0.0005933210185290682,0.3198750414040034,0.03973976665848433,0.6397918709189816,25,50,20
12,5306,0.0005962132781813095,0.31987504140405776,0.03973979798078961,0.63978894733697,25,50,20
12,5307,0.0005962123528783555,0.31987504140405804,0.03973979799584569,0.6397889482472165,25,50,20
12,5308,0.0005971457011334642,0.31987504140405093,0.03973981310195726,0.6397879997928569,25,50,20
12,5309,0.0005941841663863483,0.3198750414040432,0.03973981403019483,0.6397909603993741,25,50,20
12,5310,0.0005912351798877546,0.31987504140406087,0.039739814764629885,0.6397939086514198,25,50,20
12,5311,0.0005912330454082124,0.31987504140406026,0.03973981474290226,0.6397939108076278,25,50,20
12,5312,0.0006054804298085129,0.31987504140612155,0.03973990731419217,0.6397795708498765,25,50,20
12,5313,0.0006025010268787789,0.3198750414061116,0.03973990808284624,0.6397825494841622,25,50,20
12,5314,0.0006054625635484488,0.31987504140611944,0.039739907135416135,0.6397795888949148,25,50,20
12,5315,0.0006014856893168467,0.3198790221462191,0.03973990327915299,0.6397795888853102,25,50,20
12,5316,0.0006014687626161454,0.31987902214618386,0.039739901206659455,0.6397796078845396,25,50,20
12,5317,0.0006036464676362447,0.31987681194408013,0.039739933691384184,0.6397796078968979,25,50,20
12,5318,0.0006007542138892393,0.3198768119440264,0.039739902400972665,0.63978253144111,25,50,20
12,5319,0.0006036974938454214,0.31987681194402595,0.03973990238653559,0.6397795881755913,25,50,20
12,5320,0.0006036096471303077,0.3198768119440092,0.03973990266077263,0.6397796757480867,25,50,20
12,5321,0.0006014127644113318,0.3198790397855084,0.039739871707125715,0.6397796757429534,25,50,20
12,5322,0.0005863094415410592,0.319879039783467,0.039739776924516995,0.6397948738504737,25,50,20
12,5323,0.0005842953247377379,0.3198790397835017,0.03973977990802,0.6397968849837392,25,50,20
12,5324,0.0005872747955810695,0.31987903978351,0.03973977899751312,0.6397939064233945,25,50,20
12,5325,0.0005871657808796701,0.3198790397834469,0.039739778606165864,0.6397940158295062,25,50,20
12,5326,0.0005850808707406901,0.3198790397834547,0.03973978011914013,0.639796099226663,25,50,20
12,5327,0.000576949468383344,0.3198872065308183,0.03973974478644379,0.6397960992143529,25,50,20
12,5328,0.0005760242265942775,0.319888134540492,0.03973974202089152,0.6397960992120209,25,50,20
12,5329,0.0005801856945701363,0.31988813454059867,0.039739776292614465,0.6397919034722154,25,50,20
12,5330,0.000577242585453177,0.319888134540599,0.03973977629227973,0.6397948465816667,25,50,20
12,5331,0.0005792057281830014,0.31988813454067877,0.03973978285890647,0.6397928768722305,25,50,20
12,5332,0.0005764723953835391,0.3198881345407069,0.03973978489831268,0.6397956081655957,25,50,20
12,5333,0.0005834805306779697,0.31988112407589697,0.03973978722319383,0.6397956081702301,25,50,20
12,5334,0.0005834818144827519,0.31988109059988046,0.03973981942263412,0.6397956081630014,25,50,20
12,5335,0.0006014993175241126,0.3198810905999094,0.03973991078992845,0.6397774992926365,25,50,20
12,5336,0.0006035304204279162,0.31988109059988357,0.03973990845451729,0.6397754705251696,25,50,20
12,5337,0.0005963893564681019,0.3198810905997939,0.039739874925542804,0.6397826451181937,25,50,20
12,5338,0.0005963487186002891,0.31988109067638526,0.039739915796213776,0.6397826448087999,25,50,20
12,5339,0.0005933518566756126,0.3198840873520087,0.03973991598017611,0.6397826448111388,25,50,20
12,5340,0.0005932988557792057,0.31988408735200013,0.039739915824685175,0.6397826979675346,25,50,20
12,5341,0.000835927725243788,0.3198840872506372,0.03949727758334119,0.6397827074407768,25,50,20
12,5342,0.0008379978203414732,0.3198840872506027,0.03949727460216907,0.6397806403268858,25,50,20
12,5343,0.0008389783829653276,0.31988408725063744,0.039497278110806985,0.6397796562555894,25,50,20
12,5344,0.0009067727454881202,0.3198160665762078,0.03949750412515042,0.6397796565531526,25,50,20
12,5345,0.000906597242185923,0.319816066576181,0.0394975031581198,0.6397798330235122,25,50,20
12,5346,0.0008996769332736431,0.3198229895004868,0.03949750054272526,0.6397798330235132,25,50,20
12,5347,0.0008966560469886016,0.31982298950045934,0.03949749896746304,0.6397828554850876,25,50,20
12,5348,0.0008975857026011759,0.31982298950050275,0.03949750261033636,0.6397819221865584,25,50,20
12,5349,0.0008945894238375517,0.319826025387847,0.03949746300175341,0.6397819221865606,25,50,20
12,5350,0.000894327697392538,0.31982602538781196,0.03949746095194993,0.6397821859628442,25,50,20
12,5351,0.0008756572675796735,0.3198260253878453,0.03949738122899557,0.6398009361155782,25,50,20
12,5352,0.0008778096177409961,0.31982602538782023,0.03949737896341214,0.6397987860310255,25,50,20
12,5353,0.0003887333147247423,0.31982602537935806,0.03998646475850775,0.6397987765474084,25,50,20
12,5354,0.0004036479135973427,0.3198111021634949,0.03998647336103645,0.6397987765618701,25,50,20
12,5355,0.0004036510419872667,0.31981109926010765,0.03998647313828635,0.6397987765596177,25,50,20
12,5356,0.0004086328069507841,0.3198110992601796,0.039986478796066274,0.6397937891368022,25,50,20
12,5357,0.00040862847837511005,0.31981110365578896,0.03998647872912142,0.6397937891367126,25,50,20
12,5358,0.00047835647341950595,0.3198111036594572,0.039986690166991884,0.6397238497001294,25,50,20
12,5359,0.00048133353824081056,0.3198111036595703,0.03998669927314758,0.6397208635290393,25,50,20
12,5360,0.00047833788654132533,0.3198111036595615,0.0399866990887708,0.6397238593651245,25,50,20
12,5361,0.00048098439009509485,0.3198111036594708,0.03998667024473256,0.6397212417056997,25,50,20
12,5362,0.00041025101754252775,0.31988206327566154,0.039986444298486946,0.6397212414083068,25,50,20
12,5363,0.0004102509634842452,0.31988206334002056,0.039986444288189184,0.6397212414083038,25,50,20
12,5364,0.0003952674358451174,0.3198970564123877,0.03998643475784197,0.639721241393923,25,50,20
12,5365,0.00040068003740488306,0.31989705641068567,0.03998102212851038,0.6397212414233973,25,50,20
12,5366,0.00039862841415952915,0.31989705641073846,0.03998102598635307,0.6397232891887473,25,50,20
12,5367,0.0003917251569986671,0.3199039626381115,0.039981023020860075,0.6397232891840282,25,50,20
12,5368,0.00038674505037426544,0.3199039626380398,0.03998101738623789,0.6397282749253465,25,50,20
12,5369,0.0003896852576924018,0.31990102221721806,0.03998101759736354,0.639728274927724,25,50,20
12,5370,0.0003842656505869283,0.3199010222189134,0.03998643723238298,0.6397282748981148,25,50,20
12,5371,0.00038130744207152365,0.3199010222189052,0.03998643659738834,0.6397312337416333,25,50,20
12,5372,0.0003813037303342219,0.31990102580873664,0.03998643671712635,0.639731233743801,25,50,20
12,5373,0.0003813031977346257,0.31990102580872715,0.03998643570177715,0.6397312352917595,25,50,20
12,5374,0.0003882235960883386,0.3198941025339185,0.03998643857581112,0.6397312352941804,25,50,20
12,5375,0.00040318499694137424,0.31989410253406936,0.039986450467061514,0.6397162620019264,25,50,20
12,5376,0.0004031714978869048,0.3198941025341049,0.03998645299195409,0.6397162729760527,25,50,20
12,5377,0.0004061675709815417,0.31989410253412254,0.03998645327421706,0.639713276620677,25,50,20
12,5378,0.0004070961031308841,0.3198931710928718,0.039986456180937366,0.6397132766230582,25,50,20
12,5379,0.000476880553051966,0.31989317109548154,0.03998682189527015,0.6396431264561949,25,50,20
12,5380,0.00048071699592387913,0.31989317109548854,0.03998682333702372,0.6396392885715624,25,50,20
12,5381,0.00048372892005795983,0.31989317109549714,0.039986824019197606,0.6396362759652459,25,50,20
12,5382,0.0004807545995562147,0.31989317109755844,0.03998682745314532,0.6396392468497385,25,50,20
12,5383,0.00048674161454094624,0.3198931710975232,0.039986824879606184,0.6396332624083281,25,50,20
12,5384,0.00048688027579412243,0.31989317109752446,0.039986825983584356,0.6396331226430952,25,50,20
12,5385,0.0004870724122945478,0.31989297469578243,0.039986830251080956,0.6396331226408405,25,50,20
12,5386,0.00048702006232357974,0.31989302680914805,0.039986830492488676,0.6396331226360379,25,50,20
12,5387,0.00048702103599202877,0.3198930259353742,0.03998683039259452,0.6396331226360374,25,50,20
12,5388,0.0004939603189737296,0.3198930259354089,0.03998683235838558,0.6396261813872297,25,50,20
12,5389,0.0004930336952996307,0.3198930259353831,0.03998682903673892,0.6396271113325764,25,50,20
12,5390,0.0004900377223716317,0.3198930259353834,0.03998682903173906,0.6396301073105042,25,50,20
12,5391,0.0004173460631033113,0.31989302593268615,0.03998645553342426,0.6397031724707847,25,50,20
12,5392,0.0004104418580218446,0.3198999309170224,0.03998645475859163,0.6397031724663625,25,50,20
12,5393,0.00040956458331062003,0.31990080974546414,0.03998645320936771,0.639703172461856,25,50,20
12,5394,0.00033983656601982865,0.31990080974179586,0.03998624176953725,0.6397731119226455,25,50,20
12,5395,0.00033981995838650394,0.31990082742153,0.039986240697479046,0.6397731119226029,25,50,20
12,5396,0.0003366838986426053,0.3199008274215372,0.03998623971005519,0.6397762489697634,25,50,20
12,5397,0.00033282933094335056,0.3199008274214846,0.039986236415504424,0.6397801068320659,25,50,20
12,5398,0.000339698413958756,0.3198939567005543,0.03998623804891175,0.6397801068365736,25,50,20
12,5399,0.000580986617600145,0.319893956700687,0.03998631996710826,0.639538736714603,25,50,20
12,5400,0.0005839290152784657,0.3198939567006867,0.039986319951295556,0.6395357943327379,25,50,20
12,5401,0.0005838237159778251,0.31989406228224065,0.0399863196737615,0.6395357943280177,25,50,20
12,5402,0.0005809153436957796,0.3198969717727347,0.03998631856268581,0.639535794320881,25,50,20
12,5403,0.000584031523828453,0.31989697177071114,0.0399863172477673,0.6395326794576908,25,50,20
12,5404,0.0005801233199629,0.31989697177069465,0.039986315080205344,0.639536589829135,25,50,20
12,5405,0.0005830516402117391,0.3198969717706856,0.03998631442159496,0.6395336621675056,25,50,20
12,5406,0.00034481430770143593,0.3198969717705359,0.03998623271129762,0.639771981210463,25,50,20
12,5407,0.00034486707958679874,0.31989697177054505,0.039986233354074,0.6397719277957921,25,50,20
12,5408,0.00034465666254954327,0.3198969717704996,0.03998623060215266,0.639772140964796,25,50,20
12,5409,0.00034793460636255624,0.3198969717705095,0.03998626116846132,0.6397688324546639,25,50,20
12,5410,0.00034793245837928187,0.3198969739425394,0.03998626114437448,0.6397688324547042,25,50,20
12,5411,0.00033298735288262473,0.31989697394238936,0.03998624979742357,0.6397837889073018,25,50,20
12,5412,0.0003300424527170095,0.31989697394238825,0.03998624986727414,0.639786733737618,25,50,20
12,5413,0.00033400251391864957,0.31989697404991996,0.03998228969382245,0.6397867337423372,25,50,20
12,5414,0.00033501779946513966,0.31989595412247374,0.0399822943308323,0.6397867337472269,25,50,20
12,5415,0.0003358766906902635,0.3198959541224908,0.0399823369962542,0.6397858321905631,25,50,20
12,5416,0.0003329516058769195,0.31989887781971943,0.03998233838383648,0.6397858321905655,25,50,20
12,5417,0.0003359455714297621,0.31989887781971066,0.03998233817439572,0.6397828384344619,25,50,20
12,5418,0.0003289896990908205,0.3199058346384111,0.03998233723271068,0.6397828384297854,25,50,20
12,5419,0.00033019839113749763,0.3199045740901552,0.03998238907687772,0.6397828384418278,25,50,20
12,5420,0.0003330876178355789,0.31990168586429324,0.039982388076042784,0.6397828384418266,25,50,20
12,5421,0.00033289584595798394,0.31990188216442283,0.03998238354800057,0.639782838441616,25,50,20
12,5422,0.00033268555347642777,0.31990188216440446,0.03998235438892946,0.6397830778931873,25,50,20
12,5423,0.000332672310577066,0.31990188216438675,0.03998235361088441,0.6397830919141496,25,50,20
12,5424,0.0003297279970769276,0.3199018821643877,0.03998235365018242,0.6397860361883511,25,50,20
12,5425,0.0003266641464311718,0.31990188216439575,0.03998235324800309,0.6397891004411682,25,50,20
12,5426,0.00032663277338400526,0.31990191383577105,0.03998235294984175,0.639789100441001,25,50,20
12,5427,0.00032670186332620457,0.31990191383578087,0.039982353539801785,0.639789030761089,25,50,20
12,5428,0.00032663212693546614,0.31990191383576333,0.039982352264790307,0.6397891017725089,25,50,20
12,5429,0.0003326200266125351,0.31988530297721457,0.03999297522124221,0.6397891017749286,25,50,20
12,5430,0.00032955331650255963,0.319885302977223,0.03999297382950347,0.6397921698767688,25,50,20
12,5431,0.0003325853299869465,0.3198822729480084,0.039992971845109346,0.6397921698768932,25,50,20
12,5432,0.00033265310301232233,0.3198822729480181,0.03999297255069011,0.6397921013982775,25,50,20
12,5433,0.0003326166042889761,0.31988230868746553,0.03999297330528972,0.6397921014029538,25,50,20
12,5434,0.0003336327374667228,0.3198823086874036,0.03999296732844979,0.6397910912466782,25,50,20
12,5435,0.00034053601169600203,0.319882308687438,0.03999297027052791,0.6397841850303363,25,50,20
12,5436,0.0003405715637084672,0.31988230868742024,0.03999296944018832,0.639784150308681,25,50,20
12,5437,0.0003409093380951411,0.31987423569831225,0.04000070464984029,0.6397841503137511,25,50,20
12,5438,0.0003440530963379165,0.3198710325087376,0.040000764071108794,0.6397841503238145,25,50,20
12,5439,0.0003439286749297574,0.31987103250874566,0.04000076322380655,0.6397842755925172,25,50,20
12,5440,0.00034392877902238427,0.3198710336956637,0.040000761928331754,0.6397842755969813,25,50,20
12,5441,0.0003445737859046462,0.31987812010478167,0.0399930305126788,0.6397842755966334,25,50,20
12,5442,0.0003407184549302217,0.3198781201047209,0.03999302662855598,0.6397881348117915,25,50,20
12,5443,0.00033472790163970674,0.3198947331456735,0.039982404143269736,0.6397881348094155,25,50,20
12,5444,0.0003317845727902757,0.3198947331456738,0.03998240416204702,0.6397910781194873,25,50,20
12,5445,0.00033970556718130885,0.31989473314577127,0.03998241123853788,0.6397831500485079,25,50,20
12,5446,0.00040654670100649047,0.3198947331479614,0.03998259836248774,0.639716121788543,25,50,20
12,5447,0.0004045319602084392,0.31989674485917424,0.03998260138731149,0.6397161217933038,25,50,20
12,5448,0.00041151998684842194,0.319896744859219,0.039982605080227517,0.639709130073703,25,50,20
12,5449,0.0004115202712944864,0.31989674485922776,0.03998260571370178,0.6397091291557742,25,50,20
12,5450,0.00041145069980320236,0.3198968146607371,0.03998260548147403,0.639709129157984,25,50,20
12,5451,0.00040747454498167313,0.3198968146607111,0.039982602616924635,0.6397131081773811,25,50,20
12,5452,0.00040449627223560413,0.319899792024361,0.03998260352593702,0.639713108177465,25,50,20
12,5453,0.0006426964477410221,0.31966145607494423,0.039982739013450994,0.6397131084638623,25,50,20
12,5454,0.0006397540367909951,0.3196614560749446,0.03998273900618718,0.639716050882076,25,50,20
12,5455,0.0006417509453035724,0.3196594635849012,0.039982734592521274,0.6397160508772726,25,50,20
12,5456,0.0006446955046524415,0.31965651902408043,0.03998273459390983,0.6397160508773561,25,50,20
12,5457,0.0006446976535258011,0.319656519024081,0.03998273463179655,0.6397160486905956,25,50,20
12,5458,0.0006417191948209589,0.3196565190240732,0.03998273507841239,0.6397190267026922,25,50,20
12,5459,0.0006486392957275446,0.3196565190240987,0.039982737888592655,0.6397121037915796,25,50,20
12,5460,0.0006506530805256161,0.319654508059958,0.03998273507035674,0.6397121037891577,25,50,20
12,5461,0.0006546343431660216,0.3196505200153857,0.03998274184990659,0.6397121037915398,25,50,20
12,5462,0.0006546349590043216,0.319650520015387,0.039982741955770805,0.6397121030698361,25,50,20
12,5463,0.0006515442668441449,0.31965366839243275,0.03998268428574973,0.6397121030549716,25,50,20
12,5464,0.0006664501796876927,0.3196536683925386,0.0399826933883796,0.6396971880393921,25,50,20
12,5465,0.0006025890200260799,0.31965366839035736,0.03998250590016648,0.6397612366894482,25,50,20
12,5466,0.0006055680647402364,0.3196536683903657,0.039982505508819294,0.6397582580360728,25,50,20
12,5467,0.0005936045609175066,0.31965366839025955,0.03998249639178583,0.6397702306570351,25,50,20
12,5468,0.0005936397110446762,0.31965363370988037,0.039982495917318735,0.6397702306617542,25,50,20
12,5469,0.0005966543628570835,0.3196536337098987,0.039982497782723427,0.6397672141445185,25,50,20
12,5470,0.0005946381040437821,0.31965363370993305,0.039982500727955825,0.6397692274580651,25,50,20
12,5471,0.0005949006511310551,0.31965363370992583,0.039982502759731336,0.6397689628792095,25,50,20
12,5472,0.0006008912517087038,0.3196476447336727,0.03998250113290623,0.6397689628817104,25,50,20
12,5473,0.0006009312032516713,0.31964760426399097,0.0399825016531654,0.6397689628795898,25,50,20
12,5474,0.000598004141534896,0.3196476042639998,0.03998250230983013,0.639771889284633,25,50,20
12,5475,0.0006011400117823933,0.31964760426399175,0.03998250584459178,0.639768749879632,25,50,20
12,5476,0.0005981453436966753,0.3196476042639993,0.03998250589627263,0.6397717444960294,25,50,20
12,5477,0.0010541787108031015,0.3191913187360036,0.03998275776254962,0.6397717447906417,25,50,20
12,5478,0.0010541820474940138,0.31919131873603945,0.0399827193565124,0.6397717798599527,25,50,20
12,5479,0.0010641647708062032,0.3191913187360488,0.03998272049661767,0.6397617959965259,25,50,20
12,5480,0.0010571932138810404,0.31919829344629636,0.039982717350478016,0.639761795989343,25,50,20
12,5481,0.0010571242794678638,0.3191982934462785,0.03998271655453445,0.6397618657197177,25,50,20
12,5482,0.0006049969894861746,0.31965067232583555,0.03998246525247485,0.6397618654322019,25,50,20
12,5483,0.0006049416758409408,0.31965067232584465,0.03998246539474576,0.6397619206035672,25,50,20
12,5484,0.0010592293060284416,0.3196506723259599,0.03998261363257637,0.6393074847354341,25,50,20
12,5485,0.0010553045049263093,0.3196506723259253,0.03998261065189275,0.6393114125172543,25,50,20
12,5486,0.0010443355451899882,0.3196506723258538,0.03998260447940855,0.639322387649546,25,50,20
12,5487,0.0010374808841336403,0.3196575330457986,0.039982598420309975,0.6393223876497561,25,50,20
12,5488,0.0010405454216897364,0.31965446771431016,0.03998259920952135,0.639322387654477,25,50,20
12,5489,0.0010404754291411429,0.31965446771429995,0.039982598458321965,0.6393224583982353,25,50,20
12,5490,0.0010456479688346727,0.3196544677169137,0.03998263195171735,0.6393172523625327,25,50,20
12,5491,0.0010386764189322128,0.3196614424009183,0.03998262882471439,0.6393172523554336,25,50,20
12,5492,0.0011123722264510636,0.31958748421814476,0.03998289062892383,0.6393172529264787,25,50,20
12,5493,0.0011103733913286158,0.31958947968614704,0.03998289399362129,0.6393172529289007,25,50,20
12,5494,0.0011073611959985974,0.3195924927412775,0.0399828931386249,0.6393172529240967,25,50,20
12,5495,0.001107168377622443,0.31959249274128537,0.03998288956451566,0.6393174493165743,25,50,20
12,5496,0.001107028611134506,0.3195924927412844,0.03998288792112396,0.6393175907264551,25,50,20
12,5497,0.0011717637720228765,0.319592492745504,0.039983135256555974,0.6392526082259153,25,50,20
12,5498,0.0011717637519189136,0.3195924927934408,0.039983135228851004,0.6392526082257873,25,50,20
12,5499,0.0011719556486531934,0.3195924927934516,0.039983136029291814,0.6392524155286016,25,50,20
12,5500,0.001169082505219592,0.3195924927934865,0.03998313857098719,0.6392552861303049,25,50,20
12,5501,0.001176003820098578,0.3195924927935225,0.0399831416312067,0.6392483617551704,25,50,20
12,5502,0.0011729758970682408,0.3195924927935227,0.039983142155927735,0.6392513891534796,25,50,20
12,5503,0.0009520052242054744,0.3195924927965727,0.039983206075347055,0.6394722959038729,25,50,20
12,5504,0.000946848146565225,0.3195924927939674,0.03998317321599009,0.6394774858434752,25,50,20
12,5505,0.0009430695359601023,0.31959249268896184,0.039986951933543284,0.6394774858415334,25,50,20
12,5506,0.0009430008383281514,0.31959256205205355,0.039986951270461556,0.6394774858391553,25,50,20
12,5507,0.0009460656840364272,0.3195925620520802,0.03998695269775008,0.6394744195661318,25,50,20
12,5508,0.0009489737549796605,0.319592562052081,0.03998695273909659,0.6394715114538415,25,50,20
12,5509,0.0009459800030616832,0.31959256205209885,0.03998695403391456,0.6394745039109236,25,50,20
12,5510,0.000956823483218938,0.31959256205213366,0.03998695751110573,0.6394636569535401,25,50,20
12,5511,0.0009488528553509017,0.31959256205206277,0.039986951410000936,0.6394716336825839,25,50,20
12,5512,0.0009418158618232442,0.3195925620520106,0.039986947641643025,0.6394786744445217,25,50,20
12,5513,0.0009438480867107604,0.31959053251091574,0.039986944962527776,0.6394786744398442,25,50,20
12,5514,0.0009438356989799568,0.31959053251090774,0.039986944354682294,0.6394786874354286,25,50,20
12,5515,0.0009469721312008589,0.3195873939246895,0.03998694650855179,0.6394786874355566,25,50,20
12,5516,0.0011842363778631734,0.3195873939268863,0.039987135320379744,0.6392412343748696,25,50,20
12,5517,0.0011872485124124637,0.3195843717691392,0.03998714532899557,0.6392412343894517,25,50,20
12,5518,0.0011901356052347264,0.3195814860513251,0.039987143956670794,0.6392412343867676,25,50,20
12,5519,0.0011932343446862054,0.3195814860513253,0.03998714533517363,0.639238134268813,25,50,20
12,5520,0.0011932367678827967,0.31958148605132525,0.0399871463462145,0.6392381308345756,25,50,20
12,5521,0.0011265710141662747,0.3196484122367177,0.0399868864828846,0.6392381302662289,25,50,20
12,5522,0.0008941368515542683,0.3198810300369585,0.03998670313910113,0.6392381299723835,25,50,20
12,5523,0.0008982889328248878,0.31988103003701174,0.03998670747197644,0.6392339735581845,25,50,20
12,5524,0.0008982864666839642,0.31988103003701185,0.03998670645955167,0.63923397703675,25,50,20
12,5525,0.0008912413669976719,0.31988807785840484,0.03998670374300528,0.6392339770315898,25,50,20
12,5526,0.0008881745169720593,0.3198911446937295,0.039986703748181425,0.6392339770411144,25,50,20
12,5527,0.0008851974900698669,0.31989412243733334,0.03998670302926612,0.6392339770433282,25,50,20
12,5528,0.000882218073537525,0.3198941224373254,0.03998670346403468,0.6392369560251,25,50,20
12,5529,0.0008174476660839123,0.3198941224331242,0.039986456971441736,0.6393019729293479,25,50,20
12,5530,0.0008175165183509725,0.3198940531072827,0.03998645744497652,0.6393019729293874,25,50,20
12,5531,0.0008226030241262791,0.3198940531078376,0.03998649895108606,0.6392968449169476,25,50,20
12,5532,0.0008226211290146124,0.319894032893913,0.039986501062457915,0.6392968449146121,25,50,20
12,5533,0.0008225516513787537,0.3198941028192959,0.039986500614751924,0.6392968449145711,25,50,20
12,5534,0.000822481437644758,0.3198941028192858,0.039986499875289155,0.6392969158677781,25,50,20
12,5535,0.0008252846876342374,0.3198941028192672,0.03998649848873397,0.6392941140043625,25,50,20
12,5536,0.0008274211056106244,0.3198941028192241,0.03998649588281802,0.6392919801923458,25,50,20
12,5537,0.0008343435293695004,0.31988717641169573,0.03998649986420602,0.6392919801947272,25,50,20
12,5538,0.0008342911612520735,0.31988722888064874,0.039986499765794235,0.6392919801923032,25,50,20
12,5539,0.0008343075485976178,0.3198872115965042,0.03998650065766194,0.6392919801972341,25,50,20
12,5540,0.0008292032588237661,0.3198872115959227,0.03998645717681108,0.6392971279684402,25,50,20
12,5541,0.0008213017932775682,0.31988721159587036,0.03998645240582068,0.6393050342050293,25,50,20
12,5542,0.0008918744049811054,0.31988721159756206,0.0399158792145532,0.6393050347829017,25,50,20
12,5543,0.0008947484657275675,0.3198843394375087,0.039915877321133275,0.6393050347756284,25,50,20
12,5544,0.000837405964991237,0.31988433943656175,0.03991599523315918,0.6393622593652857,25,50,20
12,5545,0.0008343946894803566,0.3198843394365436,0.03991599393484382,0.63936527193913,25,50,20
12,5546,0.0008363198579425669,0.31988433943661465,0.039916000019938974,0.6393633406855016,25,50,20
12,5547,0.000836372732637736,0.3198842867041362,0.03991599988010115,0.6393633406831227,25,50,20
12,5548,0.0008394923110167904,0.3198811656345226,0.039916001371293315,0.6393633406831651,25,50,20
12,5549,0.000840427670094976,0.31988116563660157,0.03991603001079435,0.639362376682507,25,50,20
12,5550,0.000837538117440734,0.31988116563661917,0.03991603128254234,0.6393652649633957,25,50,20
12,5551,0.0008405394731651161,0.3198811656366283,0.039916031169573915,0.6393622637206307,25,50,20
12,5552,0.0008473881672612995,0.31988116563663715,0.03991603226667759,0.6393554139294221,25,50,20
12,5553,0.0008393233937178956,0.3198811656344862,0.03991599857009897,0.639363512401695,25,50,20
12,5554,0.0008393096257665143,0.3198811656344507,0.03991599601753833,0.6393635287222424,25,50,20
12,5555,0.0008363829445219627,0.31988116563447755,0.039915997483453466,0.639366453937545,25,50,20
12,5556,0.0008363810776800893,0.31988116563447755,0.03991599748948638,0.6393664557983539,25,50,20
12,5557,0.0008397457160753274,0.3198811656345059,0.039916000654768836,0.6393630879946479,25,50,20
12,5558,0.0008488261473203325,0.3198811656346146,0.03991600997234008,0.639353998245723,25,50,20
12,5559,0.0008499373627888758,0.319881165634678,0.039916086468452947,0.6393528105340782,25,50,20
12,5560,0.0008499497363669324,0.31988116563471364,0.03991608883154037,0.6393527957973774,25,50,20
12,5561,0.0008539424676211124,0.31987716956977286,0.039916092160424146,0.6393527958021802,25,50,20
12,5562,0.0008539231251771597,0.31987719126677583,0.039916089805911346,0.6393527958021341,25,50,20
12,5563,0.000861896715472093,0.3198692113697408,0.039916096103086635,0.6393527958116991,25,50,20
12,5564,0.0008539759722015215,0.3198771383578237,0.039916089867795566,0.6393527958021777,25,50,20
12,5565,0.0006208449448598693,0.3198771383567072,0.03991592451903767,0.6395860921793934,25,50,20
12,5566,0.0006169223032145789,0.3198771383566628,0.03991592134756191,0.639590017992559,25,50,20
12,5567,0.0006208990983681415,0.31987713835669795,0.03991592437267966,0.6395860381722529,25,50,20
12,5568,0.0006208467668358013,0.31987713835669024,0.039915923647354766,0.6395860912291176,25,50,20
12,5569,0.0006169926638619481,0.31987713835664616,0.039915921477682255,0.6395899475018083,25,50,20
12,5570,0.0004380563314448564,0.3198771383544197,0.03991559284346152,0.6397692124706726,25,50,20
12,5571,0.00043108567108354713,0.31987713835437653,0.03991558973468624,0.6397761862398523,25,50,20
12,5572,0.00043096300959788664,0.31987713835438514,0.03991558884720337,0.6397763097888123,25,50,20
12,5573,0.0004230462218089558,0.3198771383542963,0.0399155822446019,0.6397842331792918,25,50,20
12,5574,0.000416056380468839,0.31988413163841223,0.03991557880650174,0.6397842331746161,25,50,20
12,5575,0.0004119496854513393,0.3198841316383926,0.03991557612661447,0.6397883425495405,25,50,20
12,5576,0.0004077213491346672,0.31988413163832896,0.03991549913042554,0.6397926478821098,25,50,20
12,5577,0.00040435643679130406,0.3198841316383005,0.03991549592189651,0.6397960160030102,25,50,20
12,5578,0.0004044290536436105,0.3198841316383019,0.03991549699759085,0.6397959423104621,25,50,20
12,5579,0.0004074947359382987,0.31988413163829366,0.03991549738762114,0.6397928762381454,25,50,20
12,5580,0.00041056439201220073,0.3198841316382854,0.039915499324982645,0.6397898046447182,25,50,20
12,5581,0.0004135603885928717,0.31988413163829366,0.039915499427882584,0.6397868085452294,25,50,20
12,5582,0.00041465401053123087,0.31988413163830487,0.039915501660974594,0.6397857126901879,25,50,20
12,5583,0.0006510715962350962,0.31988413164049373,0.03991568892898466,0.6395491078342851,25,50,20
12,5584,0.0006511926510403193,0.3198841316405122,0.039915689776056,0.6395489859323902,25,50,20
12,5585,0.000647265016133244,0.31988806326732894,0.039915685788825254,0.639548985927711,25,50,20
12,5586,0.0007039674232472494,0.3198312296702599,0.03991581696900508,0.6395489859374859,25,50,20
12,5587,0.0008707240356118126,0.31983122966726907,0.03974904430368098,0.6395490019934362,25,50,20
12,5588,0.0008708641610555807,0.3198310885603178,0.03974904528506214,0.6395490019935626,25,50,20
12,5589,0.0008839357015439132,0.3198310885604797,0.03974905895659985,0.6395359167813744,25,50,20
12,5590,0.0009495923135585567,0.3198310885630928,0.03974924762559559,0.6394700714977507,25,50,20
12,5591,0.0009456113657774133,0.3198350734857516,0.039749243653054385,0.6394700714954141,25,50,20
12,5592,0.0009456837121878524,0.31983499959840755,0.03974924519398709,0.6394700714954147,25,50,20
12,5593,0.0011699268655303524,0.31983499960143646,0.039749481609955395,0.639245591923075,25,50,20
12,5594,0.0009348606704577743,0.3198350056859572,0.03998455819916947,0.6392455754444127,25,50,20
12,5595,0.0009318820919365525,0.3198350056859208,0.039984555514789064,0.6392485567073509,25,50,20
12,5596,0.0011653548592628292,0.31983500568598483,0.03998465509916482,0.6390149843555847,25,50,20
12,5597,0.0011652107751415409,0.3198350056860913,0.039984662213760354,0.6390151213250043,25,50,20
12,5598,0.0011621255551251418,0.31983500568609174,0.03998466138628145,0.6390182073724994,25,50,20
12,5599,0.0011660974218690064,0.31983500568612566,0.03998466430256893,0.6390142325894344,25,50,20
12,5600,0.0009326190541868891,0.3198350056860615,0.0399845646827356,0.6392478105770139,25,50,20
12,5601,0.0009306051453167442,0.3198370170295543,0.039984567248195976,0.6392478105769311,25,50,20
12,5602,0.0006941875208965564,0.31983701702736456,0.03998437992641014,0.639484415525327,25,50,20
12,5603,0.0006931458732346268,0.31983701702734507,0.03998437758802323,0.6394854595113949,25,50,20
12,5604,0.0006987261982404791,0.3198370111527594,0.03997880328588939,0.6394854593631085,25,50,20
12,5605,0.0007025778923930216,0.3198331575929419,0.03997880514662194,0.6394854593680409,25,50,20
12,5606,0.0007026657095045483,0.31983315759295866,0.03997880556202256,0.6394853711355117,25,50,20
12,5607,0.0006348736562176653,0.31983315758934416,0.03997859964688468,0.6395533691075513,25,50,20
12,5608,0.0006379618786531253,0.319833157589345,0.039978599092632995,0.6395502814393671,25,50,20
12,5609,0.0006410315635650182,0.3198331575893367,0.03997860154705846,0.6395472093000378,25,50,20
12,5610,0.0006452317492921864,0.3198331573800093,0.03997440141741332,0.6395472094532832,25,50,20
12,5611,0.0006502257733089897,0.31983315737997425,0.03997439838553957,0.6395422184611753,25,50,20
12,5612,0.00041318900994336623,0.3198331573768209,0.039974151059301695,0.6397795025539321,25,50,20
12,5613,0.0004170416704353141,0.319833157376854,0.03997415349679286,0.6397756474559161,25,50,20
12,5614,0.000413903895596452,0.31983315737686163,0.03997415210211888,0.6397787866254212,25,50,20
12,5615,0.0004106300453646674,0.3198331573768155,0.03997414919888424,0.6397820633789337,25,50,20
12,5616,0.0004106319002525368,0.31983315737681584,0.03997414920319285,0.6397820615197368,25,50,20
12,5617,0.0004066560484981957,0.31983315737678003,0.03997414614797161,0.6397860404267481,25,50,20
12,5618,0.000406791832246247,0.319833157376746,0.03997416872133629,0.6397858820696694,25,50,20
12,5619,0.000403812479314333,0.31983613594940424,0.03997416949684943,0.6397858820744302,25,50,20
12,5620,0.0004028143071114841,0.31983713738898006,0.039974166234364415,0.6397858820695425,25,50,20
12,5621,0.00040568727746014314,0.3198371373890778,0.039974174732300354,0.6397830006011601,25,50,20
12,5622,0.00040269237814319895,0.31983713738895314,0.0399741647436716,0.6397860054892306,25,50,20
12,5623,0.0003997660353395397,0.31983713738897923,0.03997416615569007,0.6397889304199896,25,50,20
12,5624,0.00039578766151353604,0.3198371373889539,0.03997416287229912,0.6397929120772319,25,50,20
12,5625,0.00033596567425834856,0.31989709207528627,0.039974030183038974,0.6397929120674148,25,50,20
12,5626,0.00033584305444422165,0.3198970920752944,0.03997402976989016,0.6397930351003697,25,50,20
12,5627,0.00033886136638181625,0.31989407288850297,0.03997403064223186,0.6397930351028817,25,50,20
12,5628,0.00033672290551012664,0.3198940728884567,0.03997400175426433,0.6397952024517674,25,50,20
12,5629,0.0003298032968182725,0.3199009957851801,0.03997399846886982,0.6397952024491304,25,50,20
12,5630,0.0003365845128672022,0.3198942124612511,0.03997400057215676,0.6397952024537228,25,50,20
12,5631,0.0003375651662904772,0.31989322904382184,0.03997400333144412,0.6397952024584413,25,50,20
12,5632,0.00034056050596002773,0.3198932290438306,0.03997400348512517,0.639792206965082,25,50,20
12,5633,0.00034049274372778326,0.319893229043822,0.03997400285053613,0.6397922753619122,25,50,20
12,5634,0.0003335221244089633,0.3198932290437791,0.03997399976692738,0.6397992490648827,25,50,20
12,5635,0.0003364655644809815,0.3198902855878332,0.039973999782801875,0.6397992490648816,25,50,20
12,5636,0.00033660720340064984,0.3198901418748348,0.03997400185909072,0.6397992490626716,25,50,20
12,5637,0.00033361217477752384,0.31989014187484427,0.03997400201796695,0.6398022439324091,25,50,20
12,5638,0.000330826676804355,0.3198901418747652,0.03997399435665136,0.6398050370917769,25,50,20
12,5639,0.0003278316228732299,0.31989014187475684,0.03997399423657709,0.6398080322657907,25,50,20
12,5640,0.000327763207223813,0.3198901418747485,0.03997399290079926,0.6398081020172266,25,50,20
12,5641,0.00033077514441578164,0.3198901418747569,0.03997399350134336,0.639805089479482,25,50,20
12,5642,0.00033077578592849904,0.3198901412730606,0.0399739934615737,0.6398050894794354,25,50,20
12,5643,0.0003307525511526066,0.3198901652380671,0.039973992731430166,0.6398050894793481,25,50,20
12,5644,0.00039063689902421426,0.31983006680137044,0.03997420611858789,0.6398050901810153,25,50,20
12,5645,0.0003877113802167606,0.3198329916756987,0.03997420676545073,0.6398050901786315,25,50,20
12,5646,0.000835474709906891,0.31983299167408524,0.03952644330556172,0.6398050903104443,25,50,20
12,5647,0.00038895085042062595,0.3198329916916343,0.03997296740020974,0.6398050900577336,25,50,20
12,5648,0.00038590258701252434,0.3198329916916171,0.039972967153235985,0.6398081385681327,25,50,20
12,5649,0.00038590356683411366,0.31983299169161666,0.03997296713456677,0.6398081376069807,25,50,20
12,5650,0.00031908030250729803,0.3199000308953697,0.03997275190118772,0.6398081369009334,25,50,20
12,5651,0.000330012765692715,0.31988909355718365,0.03997275676687904,0.6398081369102429,25,50,20
12,5652,0.0003309400973274549,0.319889093557209,0.039972760098067675,0.639807206247394,25,50,20
12,5653,0.00038987188091076016,0.31988909355727335,0.039972837684592845,0.6397481968772216,25,50,20
12,5654,0.00033090462870402805,0.31988909355721007,0.039972760174665285,0.6398072416394192,25,50,20
12,5655,0.00033787985648948515,0.3198890935572727,0.03997276339021266,0.6398002631960236,25,50,20
12,5656,0.0003377218880601436,0.3198890935572464,0.03997276300998927,0.6398004215447027,25,50,20
12,5657,0.00033777549339770367,0.31988909355725503,0.03997276314258266,0.6398003678067631,25,50,20
12,5658,0.00032686080747090546,0.3199000110759983,0.03997276031919811,0.6398003677973313,25,50,20
12,5659,0.0005573844176673074,0.3196693990389196,0.03997284873126584,0.6398003678121458,25,50,20
12,5660,0.0005603256107732728,0.31966939903891806,0.03997284859201393,0.6397974267582931,25,50,20
12,5661,0.0005612548470458638,0.3196684666211747,0.03997285176642927,0.6397974267653485,25,50,20
12,5662,0.0005612530158300775,0.3196684666211749,0.0399728517797999,0.6397974285831931,25,50,20
12,5663,0.0005611991499617945,0.3196684666211658,0.03997285160064803,0.6397974826282222,25,50,20
12,5664,0.0005582030413025086,0.31967147223600256,0.039972842109011586,0.6397974826136814,25,50,20
12,5665,0.0003397786267330401,0.31988997812000397,0.03997276064919136,0.6397974826040699,25,50,20
12,5666,0.00034277332829044436,0.319889978120005,0.03997276054536476,0.639794488006338,25,50,20
12,5667,0.0003458748558910725,0.31988997812000486,0.03997276053966665,0.6397913864844356,25,50,20
12,5668,0.0003458911560575978,0.3198899617133774,0.03997276064583142,0.639791386484731,25,50,20
12,5669,0.0003479769582348177,0.3198899617134054,0.03997276119814705,0.6397893001302104,25,50,20
12,5670,0.00033291834347031575,0.3199050279533068,0.03997275358063259,0.639789300122588,25,50,20
12,5671,0.0003329541215892671,0.31990499279375445,0.03997275296214615,0.6397893001225077,25,50,20
12,5672,0.000333936694880332,0.31990499279380713,0.039972756754293605,0.6397883137570167,25,50,20
12,5673,0.0003400723557823263,0.31989885578937627,0.03997275810007384,0.6397883137547652,25,50,20
12,5674,0.00034313659024806474,0.31989885578936755,0.03997275899112265,0.6397852486292593,25,50,20
12,5675,0.000346048638433275,0.3198959447013033,0.039972758031253795,0.6397852486290073,25,50,20
12,5676,0.00034904432117059713,0.3198929508363013,0.039972756213438154,0.639785248629087,25,50,20
12,5677,0.00034904459217571874,0.3198929508363016,0.0399727562321689,0.639785248339351,25,50,20
12,5678,0.00034722791810538005,0.3198929508363388,0.039972759752325865,0.6397870614932275,25,50,20
12,5679,0.00034738779306338563,0.31989295083688296,0.03997276186747184,0.6397868995025794,25,50,20
12,5680,0.00034954720368090343,0.31989295083810665,0.03997280667552317,0.6397846952826867,25,50,20
12,5681,0.00034843111891523753,0.31989295083921176,0.039972841638454944,0.6397857764034155,25,50,20
12,5682,0.0003514261003618141,0.31988995603554615,0.03997284146305589,0.6397857764010334,25,50,20
12,5683,0.00041025728947024413,0.31988995603562675,0.039972931708466,0.6397268549664343,25,50,20
12,5684,0.0004072611010875835,0.31989276145001205,0.03997312248012011,0.6397268549687777,25,50,20
12,5685,0.00040524629545519254,0.31989276145003825,0.039973125347851766,0.6397288669066521,25,50,20
12,5686,0.00040524592580180505,0.31989276162346386,0.039973125541741324,0.6397288669089903,25,50,20
12,5687,0.0004721670826510004,0.3198256136539157,0.03997335192139507,0.6397288673420357,25,50,20
12,5688,0.00047418119282224976,0.31982360233171,0.039973349135769165,0.639728867339696,25,50,20
12,5689,0.0004752091167402113,0.31982360233063206,0.039973315124788286,0.6397278734278369,25,50,20
12,5690,0.0004793257684607215,0.3198194812696369,0.03997331952437127,0.6397278734375285,25,50,20
12,5691,0.00047645127678357547,0.319819481269611,0.03997331814462565,0.6397307493089773,25,50,20
12,5692,0.0004176529008916689,0.3198194812695316,0.0399732290509885,0.6397896367785858,25,50,20
12,5693,0.00042159513561567627,0.3198194812695571,0.03997323136222679,0.639785692232598,25,50,20
12,5694,0.0004275856005858428,0.3198194812695395,0.03997323057575955,0.6397797025541125,25,50,20
12,5695,0.0004246441144006175,0.3198194812695398,0.039973230581005874,0.6397826440350513,25,50,20
12,5696,0.00043579871826271584,0.31981948127062787,0.03997328023614413,0.6397714397749631,25,50,20
12,5697,0.00043574820128133303,0.3198195319037846,0.03997328012226641,0.6397714397726654,25,50,20
12,5698,0.00043060997984420646,0.319824668621685,0.039973281621171496,0.6397714397772972,25,50,20
12,5699,0.0004337277240035641,0.3198215503279587,0.03997328217073625,0.6397714397772993,25,50,20
12,5700,0.0004365303181236614,0.3198215503274227,0.03997327909499714,0.6397686402594543,25,50,20
12,5701,0.00043656458986420795,0.3198215503274246,0.039973280172898154,0.6397686049098109,25,50,20
12,5702,0.00043656419854098803,0.3198215503274156,0.03997327953044452,0.6397686059435969,25,50,20
12,5703,0.0004365301782852357,0.3198215842741494,0.039973279597036344,0.6397686059505271,25,50,20
12,5704,0.00043656483878812166,0.31982155103902643,0.03997327817875222,0.6397686059434313,25,50,20
12,5705,0.0003696943553339237,0.3198886482720599,0.039973051862177526,0.6397686055104268,25,50,20
12,5706,0.00036682027585972646,0.31989152162822104,0.03997305258778573,0.6397686055081314,25,50,20
12,5707,0.00036477044640699833,0.31989152162826434,0.03997305640261805,0.6397706515227088,25,50,20
12,5708,0.0003484848168391933,0.3198918771470424,0.03998898654569773,0.6397706514904195,25,50,20
12,5709,0.000342494249445558,0.319891877147042,0.03998898653342343,0.6397766420700877,25,50,20
12,5710,0.0003423540893161865,0.31989187714701406,0.03998898397076643,0.639776784792902,25,50,20
12,5711,0.00034021791762762663,0.319891877147076,0.039991266299278266,0.6397766386360167,25,50,20
12,5712,0.0003381767630507073,0.3198918771469765,0.03999126007045521,0.6397786860195164,25,50,20
12,5713,0.00033425226153931516,0.31989187714694245,0.039991257120971305,0.6397826134705459,25,50,20
12,5714,0.0003403498641706263,0.3198915278464606,0.039985508815777664,0.6397826134735898,25,50,20
12,5715,0.00034029839548753785,0.3198917700679889,0.0399853180652739,0.639782613471248,25,50,20
12,5716,0.00033418558099669,0.3198917638300654,0.03999143712524512,0.6397826134636913,25,50,20
12,5717,0.0003341170635638268,0.3198917638300651,0.03999143662557705,0.6397826824807925,25,50,20
12,5718,0.00032601283989553705,0.31989176382897727,0.0399913870215934,0.6397908363095319,25,50,20
12,5719,0.00033499986410781156,0.31988277668563847,0.03999138714063633,0.6397908363096156,25,50,20
12,5720,0.00032408675172970156,0.3198936960021902,0.039991380946108664,0.6397908362999697,25,50,20
12,5721,0.0003210869567565988,0.31989369600220807,0.039991379184899485,0.6397938378561345,25,50,20
12,5722,0.0003209654424663627,0.3198936960040375,0.03999150070242862,0.6397938378510662,25,50,20
12,5723,0.0003239607305365378,0.3198936960040286,0.039991500561281104,0.6397908427041521,25,50,20
12,5724,0.00032597616468571283,0.3198936960040022,0.03999149765924246,0.6397888301720681,25,50,20
12,5725,0.0003327537865386742,0.31988691732177627,0.03999149871260001,0.6397888301790836,25,50,20
12,5726,0.0004026871262129876,0.319886917324439,0.03999179434502118,0.6397186012043253,25,50,20
12,5727,0.00040268935613623185,0.31988691505206324,0.03999179438738823,0.6397186012044107,25,50,20
12,5728,0.00033501637099428504,0.3198869150493494,0.03999149654671935,0.6397865720329354,25,50,20
12,5729,0.0003390874343068661,0.31988284160285463,0.03999149893199748,0.6397865720308394,25,50,20
12,5730,0.0003412403899642877,0.3198828416028376,0.03998921834012111,0.6397866996670757,25,50,20
12,5731,0.0003421352155402117,0.3198828416028537,0.03998921998229252,0.6397858031993121,25,50,20
12,5732,0.000585440289486756,0.31988284160600716,0.039989448977417116,0.6395422691270877,25,50,20
12,5733,0.0005823555219629569,0.3198828416059637,0.039989448849967496,0.6395453540221046,25,50,20
12,5734,0.0005822338393454292,0.3198829638484804,0.039989448290071256,0.6395453540221014,25,50,20
12,5735,0.0005820229726639417,0.3198829638484792,0.03998944666887379,0.6395455665099816,25,50,20
12,5736,0.000582004727575436,0.31988296384851467,0.0399894487733313,0.639545582650577,25,50,20
12,5737,0.0005790092089089765,0.31988296384852277,0.03998944886193394,0.6395485780806327,25,50,20
12,5738,0.0005879731823129872,0.31987394455762136,0.03998950403383433,0.6395485782262292,25,50,20
12,5739,0.0005858669216988289,0.3198739445563894,0.039989459113912704,0.6395507294079967,25,50,20
12,5740,0.0005888659138529439,0.3198739445563885,0.039989456499832474,0.6395477330299237,25,50,20
12,5741,0.0005951632986587165,0.3198739445564347,0.039989516688529354,0.6395413754563749,25,50,20
12,5742,0.0006511868531437158,0.31987394455649826,0.03998966469469498,0.6394852038956607,25,50,20
12,5743,0.0006482593122465204,0.31987687173634294,0.03998966505578904,0.6394852038956191,25,50,20
12,5744,0.000651395324561376,0.3198737340251543,0.03998966675453686,0.6394852038957451,25,50,20
12,5745,0.0006483452208077545,0.31987373402515423,0.03998966672721013,0.6394882540268257,25,50,20
12,5746,0.0006483084227905074,0.31987373402517194,0.03998966821458706,0.6394882893374485,25,50,20
12,5747,0.0006483093537873117,0.31987373402517194,0.03998966821458029,0.6394882884064587,25,50,20
12,5748,0.0006443359095668382,0.31987771055951786,0.03998966512925908,0.6394882884016542,25,50,20
12,5749,0.0008836225338269308,0.3196382356833332,0.03998985307788914,0.6394882887049491,25,50,20
12,5750,0.0008764128562236069,0.31963823568326194,0.03998979056471991,0.6394955608957928,25,50,20
12,5751,0.0008722016366098181,0.3196424508776233,0.039989786595228886,0.6394955608905363,25,50,20
12,5752,0.0008753573741773958,0.31964245087762344,0.03998978656241609,0.6394924051857815,25,50,20
12,5753,0.0008873843584930337,0.3196424508787217,0.03998987056827528,0.6394802941945084,25,50,20
12,5754,0.00088734854392459,0.3196424508787398,0.0399898713893816,0.6394803291879524,25,50,20
12,5755,0.0008853351259899991,0.319642450878792,0.03998987560863732,0.6394823383865792,25,50,20
12,5756,0.0008873491538628844,0.3196424508787402,0.039989871381369946,0.6394803285860255,25,50,20
12,5757,0.0008313604589053484,0.3196424508786585,0.03998972206267185,0.6395364665997624,25,50,20
12,5758,0.0008315692495305258,0.3196424508786603,0.03998972476658848,0.6395362551052189,25,50,20
12,5759,0.0008245979857056076,0.3196494250513414,0.039989721862450096,0.639536255100501,25,50,20
12,5760,0.0008216730750385659,0.3196494250513861,0.0399897251216655,0.6395391767519081,25,50,20
12,5761,0.0008226007017204147,0.31964942505141236,0.039989728034679366,0.639538246212186,25,50,20
12,5762,0.0008225867772246371,0.31964942505140365,0.03998972671046354,0.6395382614609063,25,50,20
12,5763,0.0008195382243993813,0.31964942505138594,0.039989726417991235,0.6395413103062216,25,50,20
12,5764,0.0008193610750015698,0.31964942505140315,0.039989726143969465,0.6395414877296239,25,50,20
12,5765,0.0008163804556308679,0.31964942505139393,0.03998972648383637,0.6395444680091371,25,50,20
12,5766,0.0008163632484226411,0.319649440805589,0.03998972793672203,0.6395444680092648,25,50,20
12,5767,0.0008104122839831524,0.3196554451244882,0.03998967471569889,0.6395444678758279,25,50,20
12,5768,0.0008074165681009908,0.31965544512447985,0.03998967460663393,0.6395474637007836,25,50,20
12,5769,0.0007973155115212017,0.31965544512344346,0.03998959656894264,0.6395576427960911,25,50,20
12,5770,0.0008002107623957752,0.31965254462575116,0.03998960181350608,0.6395576427983454,25,50,20
12,5771,0.001377724163209749,0.31965254466206205,0.039992972773161384,0.6389767584015652,25,50,20
12,5772,0.001374740799848054,0.3196555345737373,0.03999296622727234,0.6389767583991405,25,50,20
12,5773,0.001374672621255495,0.31965560402823207,0.039992964963526466,0.6389767583869843,25,50,20
12,5774,0.0013737624892226508,0.31965560402822407,0.03999296339156174,0.6389776700909896,25,50,20
12,5775,0.0016120543012368982,0.3196556040303607,0.039993146905009935,0.6387391947633906,25,50,20
12,5776,0.001612110083282359,0.3196556040304504,0.03999314720139886,0.6387391386848666,25,50,20
12,5777,0.0016150862855206483,0.3196556040304333,0.03999314596179449,0.6387361637222498,25,50,20
12,5778,0.0016181573493880838,0.3196556040304514,0.03999314664549363,0.638733091974665,25,50,20
12,5779,0.0016151641924389616,0.31965859725399864,0.03999314657902441,0.6387330919745368,25,50,20
12,5780,0.0010357244907388127,0.3196585972176257,0.039989769642269406,0.6393159086493649,25,50,20
12,5781,0.0014948446527810009,0.3196585972198369,0.03999021737131934,0.6388563407560617,25,50,20
12,5782,0.0014947051704160134,0.3196587383085053,0.039990215765142834,0.6388563407559348,25,50,20
12,5783,0.001495646866823859,0.31965873830845093,0.03999021903483381,0.6388553957898904,25,50,20
12,5784,0.0012564269747014978,0.319898145661583,0.039990031872359146,0.6388553954913544,25,50,20
12,5785,0.0012563951066938979,0.3198981456616451,0.03999003588765817,0.6388554233440008,25,50,20
12,5786,0.0012584477835689053,0.31989814566160973,0.03999003232200573,0.6388533742328136,25,50,20
12,5787,0.0013154992606103566,0.3198981456617032,0.03999015574357379,0.6387961993341108,25,50,20
12,5788,0.0013185481289297843,0.31989509704312913,0.039990155498547855,0.6387961993293915,25,50,20
12,5789,0.001318497790693024,0.3198951378105214,0.039990165054892717,0.6387961993438911,25,50,20
12,5790,0.0013214434950464748,0.31989513781052176,0.03999016510422727,0.6387932535902029,25,50,20
12,5791,0.001321390347363443,0.3198951916483441,0.039990164414091714,0.6387932535901991,25,50,20
12,5792,0.001321197221161043,0.3198951916483605,0.03999016251082665,0.6387934486196503,25,50,20
12,5793,0.0013444550880041765,0.3198951916467542,0.03996690462566385,0.638793448639577,25,50,20
12,5794,0.0013444562904324985,0.319895191646763,0.03996690525559857,0.6387934468072051,25,50,20
12,5795,0.001401504813229187,0.31989519164681846,0.03996698269727389,0.6387363208426777,25,50,20
12,5796,0.0014054658740550385,0.3198912279171088,0.039966985361479634,0.6387363208473558,25,50,20
12,5797,0.0014084748119669776,0.31988814688692996,0.039967057298510064,0.6387363210025916,25,50,20
12,5798,0.0009493546888120586,0.3198881468847185,0.03996660956154403,0.639195888864924,25,50,20
12,5799,0.0008902873505524739,0.3198881468846687,0.039966489755879714,0.6392550760088977,25,50,20
12,5800,0.0008942619548510397,0.3198841693369045,0.03996649269466873,0.6392550760135742,25,50,20
12,5801,0.0008951896012609844,0.319884169336931,0.039966495587897104,0.6392541454739092,25,50,20
12,5802,0.0008952440953254226,0.31988416933691327,0.0399664970613002,0.6392540895064595,25,50,20
12,5803,0.0008352293688368711,0.31988416933680425,0.03996641576691102,0.6393141855274461,25,50,20
12,5804,0.000832268419887599,0.31988416933679464,0.039966415045729925,0.6393171471975864,25,50,20
12,5805,0.0008322684188476907,0.31988416933679464,0.03996641504547117,0.639317147198885,25,50,20
12,5806,0.0008352290471502002,0.31988416933680386,0.03996641643676853,0.639314185179276,25,50,20
12,5807,0.0008352649228601739,0.3198841693367865,0.03996641494417096,0.6393141507961809,25,50,20
12,5808,0.0008353350128569347,0.31988416933679553,0.039966415619734644,0.6393140800306116,25,50,20
12,5809,0.0008383171464562323,0.31988118778501273,0.03996641503795946,0.6393140800305702,25,50,20
12,5810,0.0008361637804683786,0.31988118778502983,0.03996641670586648,0.6393162317286339,25,50,20
12,5811,0.0008362166867533319,0.31988118778503827,0.0399664173343516,0.6393161781938553,25,50,20
12,5812,0.0008353043631050876,0.31988118778501357,0.03996641505277076,0.6393170927991091,25,50,20
12,5813,0.0008323218493014836,0.31988417933307045,0.03996640603293394,0.6393170927846924,25,50,20
12,5814,0.0008293293513527454,0.31988417933304286,0.039966404015405056,0.6393200873001981,25,50,20
12,5815,0.0005931048176222105,0.31988417933086316,0.03996621735590661,0.6395564984956068,25,50,20
12,5816,0.00059299688662732,0.3198841793308983,0.03996621711760073,0.6395566066648724,25,50,20
12,5817,0.0005929981890154219,0.3198841758957318,0.039966219250289564,0.6395566066649622,25,50,20
12,5818,0.0005998484873502856,0.3198841758957576,0.03996622156049965,0.6395497540563915,25,50,20
12,5819,0.0005958738661523818,0.31988815349552047,0.039966218586526214,0.6395497540518,25,50,20
12,5820,0.001054945892225474,0.31988815349773914,0.03996651038058572,0.6390903902294489,25,50,20
12,5821,0.0008146015930242598,0.3198881534945924,0.03996628041581636,0.639330964496566,25,50,20
12,5822,0.0008116742846060257,0.31988815349462807,0.03996628251965031,0.6393338897011147,25,50,20
12,5823,0.0008096415744980168,0.3198881534946272,0.039966284962948205,0.6393359199679256,25,50,20
12,5824,0.0008134969053705702,0.31988429494924303,0.039966288172865655,0.6393359199725193,25,50,20
12,5825,0.0008173990530175768,0.31988429494928683,0.03996629194032078,0.6393320140573732,25,50,20
12,5826,0.0007942172402226037,0.3199045544772287,0.039969214242790735,0.6393320140397563,25,50,20
12,5827,0.0007942150663495341,0.3199045544772287,0.039969214214404476,0.6393320162420152,25,50,20
12,5828,0.0007942140403909971,0.3199045544772198,0.039969213576835104,0.639332017905552,25,50,20
12,5829,0.0007873596972096782,0.31991141406298945,0.039969208339014725,0.6393320179007841,25,50,20
12,5830,0.0007874290402579248,0.3199114140629982,0.03996920894284049,0.6393319479539014,25,50,20
12,5831,0.0007805607884464748,0.3199114140629824,0.03996920737434487,0.6393388177742242,25,50,20
12,5832,0.0007736211524130281,0.31991835431299115,0.03996920676496434,0.6393388177696294,25,50,20
12,5833,0.0007736353910681028,0.31990741351501756,0.03998013332424167,0.6393388177696706,25,50,20
12,5834,0.0007766496762619289,0.31990439823230477,0.03998013431448947,0.6393388177769416,25,50,20
12,5835,0.0007801706220757345,0.31990439823594885,0.03998015688835076,0.6393352742536227,25,50,20
12,5836,0.0007832402058751103,0.31988413871383764,0.03999734682144103,0.6393352742588445,25,50,20
12,5837,0.0007943667904570488,0.3198841387149076,0.03999741147293923,0.6393240830216943,25,50,20
12,5838,0.0007893898567734167,0.31988413871496113,0.03999741585085138,0.6393290555774124,25,50,20
12,5839,0.0007848895703420191,0.3198841387112831,0.03999739058161596,0.6393335811367572,25,50,20
12,5840,0.0007878841761118533,0.3198841387112477,0.039997389015289674,0.639330588097349,25,50,20
12,5841,0.000787904217096159,0.3198841387112566,0.03999738966518083,0.6393305674064649,25,50,20
12,5842,0.0007849235657941216,0.3198871182757356,0.03999739075208779,0.6393305674063812,25,50,20
12,5843,0.0007849389252943328,0.319887101600734,0.039997392067547044,0.6393305674064229,25,50,20
12,5844,0.0007851002175121248,0.3198871016012879,0.03999739449310055,0.6393304036880978,25,50,20
12,5845,0.0007821049508633,0.3198871016012973,0.039997394679214635,0.6393333987686234,25,50,20
12,5846,0.0007820369414939431,0.31988717086057006,0.039997393429269765,0.6393333987686648,25,50,20
12,5847,0.0010103870006212563,0.3198871708607308,0.03999768771324864,0.6391047544253979,25,50,20
12,5848,0.0010103694001974094,0.3198981150697734,0.039986761104671795,0.6391047544253561,25,50,20
12,5849,0.0010113343569601524,0.3198971449014031,0.03998676631160182,0.6391047544300336,25,50,20
12,5850,0.0007899594377362663,0.31989714490125093,0.039986498879092745,0.6393263967819187,25,50,20
12,5851,0.0007930218592170148,0.319894082099715,0.0399864992591902,0.6393263967818765,25,50,20
12,5852,0.0007932874736523165,0.3198938863439475,0.03998642955546477,0.6393263966269341,25,50,20
12,5853,0.0007882209120160347,0.3198938863439914,0.039986407466044864,0.6393314852779464,25,50,20
12,5854,0.0007881699297531083,0.31989388634396404,0.03998640543129327,0.6393315382949878,25,50,20
12,5855,0.0007882554171687713,0.31989388634399024,0.039986406654585374,0.6393314515842536,25,50,20
12,5856,0.0007852557794648606,0.31989388634398347,0.03998640819984427,0.6393344496767055,25,50,20
12,5857,0.0007852573001612497,0.3198938847648492,0.039986408258197964,0.6393344496767897,25,50,20
12,5858,0.0007853079905724637,0.3198938342307233,0.03998640810425235,0.6393344496744496,25,50,20
12,5859,0.0007961800754753436,0.3198829535918055,0.03998641664856023,0.6393344496841568,25,50,20
12,5860,0.0008021740196944645,0.31988295359179697,0.03998641656357101,0.6393284558249355,25,50,20
12,5861,0.0008051859231239765,0.31988295359180624,0.03998641723880772,0.6393254432462601,25,50,20
12,5862,0.0008033848759094743,0.3198829535917195,0.03998640998507645,0.6393272515472928,25,50,20
12,5863,0.000808380040373674,0.31988295359221025,0.039986408347124906,0.6393222580202893,25,50,20
12,5864,0.0008053840445331643,0.3198829535922013,0.03998640820729182,0.6393252541559721,25,50,20
12,5865,0.0008719736270134838,0.31981614143918746,0.039986630347446254,0.6393252545863513,25,50,20
12,5866,0.0008720264035630441,0.3198161414391966,0.03998663101149894,0.6393252011457394,25,50,20
12,5867,0.0008711003247056863,0.31981614143917086,0.03998662663294879,0.6393261316031728,25,50,20
12,5868,0.0008632243742050774,0.3198240257778908,0.03998661825443737,0.6393261315934647,25,50,20
12,5869,0.0008701440399455792,0.319824025777952,0.03998662316171283,0.6393192070203877,25,50,20
12,5870,0.0008850511599825107,0.3198240257780574,0.03998663223684352,0.6393042908251144,25,50,20
12,5871,0.0008849810109615342,0.3198240257780306,0.03998663123542216,0.6393043619755835,25,50,20
12,5872,0.0008769931327110702,0.3198240257779681,0.03998662573633043,0.6393123553529882,25,50,20
12,5873,0.00042082954264952585,0.319824025775845,0.039986342370934826,0.6397688023105683,25,50,20
12,5874,0.000423863050255604,0.3198101321393781,0.03999720249494508,0.6397688023154191,25,50,20
12,5875,0.0004208154515796177,0.31981317942848203,0.039997202804515415,0.6397688023154211,25,50,20
12,5876,0.0004179593787584438,0.31981317942838483,0.03999719430629736,0.6397716668865574,25,50,20
12,5877,0.0004208349990418932,0.31981317942837567,0.03999719364299733,0.6397687919295832,25,50,20
12,5878,0.00041790764318767263,0.3198161059093445,0.0399971945131213,0.6397687919343444,25,50,20
12,5879,0.0004198523761563639,0.3198161059094139,0.03999719948829824,0.6397668422261296,25,50,20
12,5880,0.00043652969314878095,0.32038519912960645,0.03941142849317632,0.6397668426840674,25,50,20
12,5881,0.0004375473461556992,0.32038519912967783,0.03941143318230904,0.6397658203418564,25,50,20
12,5882,0.00044145278699866383,0.32038519912968594,0.0394114342251275,0.6397619138581869,25,50,20
12,5883,0.0004376676100374069,0.32038519912911695,0.03941143127400163,0.6397657019868427,25,50,20
12,5884,0.000433672445305201,0.32038519912917046,0.03941143611524257,0.6397696923102806,25,50,20
12,5885,0.0004306232987063283,0.32038824829979967,0.03941143609121203,0.6397696923102807,25,50,20
12,5886,0.0006738479070333521,0.32014477655157003,0.03941168225570137,0.639769693285694,25,50,20
12,5887,0.0006777548601034141,0.32015172988901436,0.03940082196544341,0.6397696932854376,25,50,20
12,5888,0.0006767599737404168,0.3201517298906196,0.039400857443497965,0.6397706526921412,25,50,20
12,5889,0.0006766344224917957,0.32015172989007395,0.03940085466413642,0.6397707810232963,25,50,20
12,5890,0.0006673648254572499,0.32015172988905655,0.039400795280942556,0.6397801100045423,25,50,20
12,5891,0.0006673814261031781,0.32015172988905677,0.03940079784751599,0.6397800908373225,25,50,20
12,5892,0.0006672611880160594,0.3201517298890657,0.0394007974675899,0.6397802114553267,25,50,20
12,5893,0.0006685117285312543,0.32015043887000355,0.039400837805151766,0.6397802115963119,25,50,20
12,5894,0.0006694943314043312,0.32015043886994077,0.039400830769036915,0.6397792360296165,25,50,20
12,5895,0.0006665695068814275,0.32015043886982547,0.039400820971875444,0.6397821706514161,25,50,20
12,5896,0.0006497416398070207,0.31958134564350515,0.039986742530864566,0.6397821701858223,25,50,20
12,5897,0.0006468118997417813,0.31958428629442365,0.03998673216666962,0.6397821696391639,25,50,20
12,5898,0.0006498118696057258,0.31958128671500563,0.0399867317737551,0.6397821696416325,25,50,20
12,5899,0.0006458372887425474,0.3195812867149702,0.03998672874897495,0.6397861472473114,25,50,20
12,5900,0.0006527548022820176,0.3195812867150228,0.03998673301065894,0.6397792254720351,25,50,20
12,5901,0.0006496190370405434,0.3195812867150308,0.03998673152040283,0.6397823627275245,25,50,20
12,5902,0.0006525642387275202,0.31958128671503094,0.039986731483808546,0.6397794175624316,25,50,20
12,5903,0.0006496208953567967,0.3195812867150313,0.03998673151105175,0.6397823608785591,25,50,20
12,5904,0.0008857904904886025,0.3195812867172188,0.03998691841842876,0.6395460043738627,25,50,20
12,5905,0.0008897671472052016,0.3195812867172719,0.039986922734113535,0.6395420234014082,25,50,20
12,5906,0.0008878165266622797,0.3195812867156663,0.03998688721960433,0.6395440095380659,25,50,20
12,5907,0.000887852246261285,0.3195812867156746,0.03998688681911702,0.6395439742189459,25,50,20
12,5908,0.0008868870227544881,0.31958225765841297,0.03998688110456433,0.6395439742142672,25,50,20
12,5909,0.0008838227448965491,0.3195853223130925,0.03998688072769716,0.6395439742143124,25,50,20
12,5910,0.0008849533219721788,0.3195853223146291,0.039986908704690925,0.6395428156587063,25,50,20
12,5911,0.0008849530373126951,0.3195853230422626,0.03998690826643703,0.6395428156539861,25,50,20
12,5912,0.0010074065684766344,0.31946261296650047,0.03998716451634095,0.6395428159486805,25,50,20
12,5913,0.0010073705034636614,0.3194626129664925,0.03998716498583397,0.6395428515442082,25,50,20
12,5914,0.0010054648348668865,0.31946261296643164,0.0399871593028217,0.6395447628958785,25,50,20
12,5915,0.001003465355758762,0.31946261296645817,0.039987163219407734,0.639546758458374,25,50,20
12,5916,0.0009992165878197185,0.31946688312741917,0.0399871419504077,0.6395467583343519,25,50,20
12,5917,0.0007698262389281106,0.31946688312636246,0.03998696457780556,0.6397763260569025,25,50,20
12,5918,0.0007737332168966651,0.3194668831263883,0.039986966902722625,0.6397724167539912,25,50,20
12,5919,0.000775732674256384,0.3194668831263618,0.039986962985620565,0.6397704212137602,25,50,20
12,5920,0.0007756809466747394,0.3194668831263532,0.039986962851854845,0.639770473075116,25,50,20
12,5921,0.0007748927051938197,0.3194676923963363,0.039986941844908794,0.6397704730535598,25,50,20
12,5922,0.000845268703988819,0.3194676923970458,0.03998707848132234,0.6396999604176418,25,50,20
12,5923,0.0008452677675335029,0.3194676923970459,0.03998707848677138,0.6396999613486479,25,50,20
12,5924,0.000781813099682446,0.31946769239636336,0.03998694477076588,0.6397635497331869,25,50,20
12,5925,0.0007887311501843964,0.3194676923964064,0.039986948348672675,0.6397566281047351,25,50,20
12,5926,0.0007889608893635998,0.31946769239641737,0.039986952072211326,0.6397563946420063,25,50,20
12,5927,0.0007958797753001844,0.31946769239645206,0.039986955065115445,0.6397494727631309,25,50,20
12,5928,0.0010291210119530326,0.31923426311649444,0.03998714281223791,0.639749473059313,25,50,20
12,5929,0.0010929232301754655,0.3192342631191299,0.03998738882284252,0.6396854248278505,25,50,20
12,5930,0.0011014454989186936,0.31923426312163306,0.03997886639090326,0.6396854249885436,25,50,20
12,5931,0.0011054373543945431,0.31923426312054415,0.03997886336654512,0.6396814361585147,25,50,20
12,5932,0.0011015097952541259,0.319234263120509,0.03997886027912723,0.6396853668051082,25,50,20
12,5933,0.0010995684530236511,0.31923616473257654,0.03997890000447415,0.6396853668099245,25,50,20
12,5934,0.0011025817622365224,0.31923616473260313,0.039978901454036465,0.6396823520511226,25,50,20
12,5935,0.0010348726092598488,0.31923616472994165,0.03997865310840418,0.6397503095523931,25,50,20
12,5936,0.0007976083467991549,0.31947366337225597,0.03997841915692325,0.6397503091240204,25,50,20
12,5937,0.0005643461423122019,0.319707114094885,0.0399782309374743,0.6397503088253271,25,50,20
12,5938,0.0005574427674357187,0.3197071140948424,0.039978227378013265,0.6397572157597071,25,50,20
12,5939,0.03839890966774249,0.3197071306838694,0.0021367438374306977,0.6397572158109562,25,50,20
12,5940,0.03839892566522728,0.31970711364837406,0.0021367448754845333,0.6397572158109129,25,50,20
12,5941,0.038399838288911255,0.31970619826610364,0.0021367476270081408,0.6397572158179748,25,50,20
12,5942,0.03839983925505816,0.31970619826610336,0.002136747620553793,0.6397572148582827,25,50,20
12,5943,0.03839591578743824,0.3197061982660686,0.00213674358063728,0.6397611423658544,25,50,20
12,5944,0.03970807238907132,0.3197063940007329,0.0008243309625240785,0.63976120264767,25,50,20
12,5945,0.03970409417126965,0.3197063940006804,0.0008243266980386632,0.6397651851300097,25,50,20
12,5946,0.039704041303354275,0.31970644655822605,0.0008243270084088389,0.6397651851300087,25,50,20
12,5947,0.03970104433633599,0.31970644655821745,0.0008243268671911402,0.6397681822382534,25,50,20
12,5948,0.039699031240698374,0.31970644655826064,0.0008243304480394069,0.6397701917529994,25,50,20
12,5949,0.03969212832996331,0.31970644655825203,0.0008243288520028545,0.6397770962597801,25,50,20
12,5950,0.03962539853719456,0.31977339889417106,0.0008241067297076147,0.639777095838925,25,50,20
12,5951,0.03950599350881296,0.31989306060465966,0.0008238503422540147,0.6397770955442711,25,50,20
12,5952,0.0395090970997139,0.3198930606046595,0.0008238512934013194,0.6397739910022233,25,50,20
12,5953,0.039519080014325296,0.3198930606046951,0.0008238543536250259,0.6397640050273526,25,50,20
12,5954,0.03951699774972851,0.31989513990836616,0.0008238573099118729,0.6397640050319915,25,50,20
12,5955,0.039516032787692196,0.31989610745081154,0.0008238547364793653,0.639764005025015,25,50,20
12,5956,0.03951398245683564,0.31989815660499654,0.0008238559088134773,0.6397640050293525,25,50,20
12,5957,0.03951400912200978,0.31989815660502385,0.0008239066464404376,0.6397639276265242,25,50,20
12,5958,0.03951711241867382,0.3198981566050246,0.0008239050670128022,0.6397608259092875,25,50,20
12,5959,0.03951406420116604,0.3199012047631614,0.0008239051263364003,0.6397608259093344,25,50,20
12,5960,0.03951406793588366,0.3199012021900783,0.0008239039695848195,0.639760825904451,25,50,20
12,5961,0.03952501691709924,0.31989024690332757,0.0008239102657699062,0.6397608259138011,25,50,20
12,5962,0.039528205364895944,0.31988705730686084,0.0008239114047506388,0.6397608259234903,25,50,20
12,5963,0.03952507071592866,0.3198901933420458,0.0008239100186169212,0.6397608259234064,25,50,20
12,5964,0.039514105815097934,0.3198901933419582,0.0008239032050599873,0.6397717976378818,25,50,20
12,5965,0.03951103768475756,0.31989019334196706,0.0008239018369246237,0.6397748671363488,25,50,20
12,5966,0.039510807652345374,0.31989019334195573,0.0008238980875397154,0.6397751009181574,25,50,20
12,5967,0.040152566962752934,0.3198899810157771,0.00018241159675766946,0.6397750404247105,25,50,20
12,5968,0.0401545823525307,0.3198879679236858,0.00018240930357865323,0.6397750404202031,25,50,20
12,5969,0.04015451250908503,0.3198879679236595,0.00018240924863180627,0.6397751103186219,25,50,20
12,5970,0.040162500029749186,0.3198879679237583,0.0001824168853528644,0.6397671151611379,25,50,20
12,5971,0.04016048794040672,0.3198879679238112,0.00018242119932561948,0.6397691229364547,25,50,20
12,5972,0.04015945161576919,0.3198890453779334,0.00018238007963039025,0.6397691229266652,25,50,20
12,5973,0.040148538383527416,0.31988904537787066,0.0001823745982044953,0.6397800416403956,25,50,20
12,5974,0.04014864372426337,0.31988904537784474,0.00018237369022506455,0.6397799372076652,25,50,20
12,5975,0.04060454029314548,0.3194325143965942,0.00018300781779451668,0.6397799374924643,25,50,20
12,5976,0.04060454000556011,0.31943251439659387,0.00018300779272065735,0.6397799378051239,25,50,20
12,5977,0.04059754979537992,0.3194325143965675,0.00018300387890738098,0.6397869319291437,25,50,20
12,5978,0.040597427569739025,0.31943251439653153,0.00018300172743661975,0.6397870563062914,25,50,20
12,5979,0.04061258540086082,0.3194325143986372,0.00018308269069814586,0.6397718175098024,25,50,20
12,5980,0.040609520518109246,0.31943251439861947,0.00018308186909605752,0.6397748832141736,25,50,20
12,5981,0.04079098515688947,0.3194325144012683,1.6167898138106496e-06,0.6397748836520268,25,50,20
12,5982,0.040794058480172674,0.31943251440184023,1.6192457452320033e-06,0.6397718078722402,25,50,20
12,5983,0.040794112360818105,0.3194324605586196,1.6192082342262994e-06,0.6397718078723263,25,50,20
12,5984,0.040788112675081874,0.3194324605586376,1.5717597028937422e-06,0.6397778550065762,25,50,20
12,5985,0.04078499277831356,0.31943246055863694,1.5707636165039283e-06,0.6397809758994317,25,50,20
12,5986,0.04077705716659169,0.31944040152506026,1.5654111236239218e-06,0.639780975897223,25,50,20
12,5987,0.040774918507857395,0.31944040152509445,1.567871967014479e-06,0.6397831120950798,25,50,20
12,5988,0.04077589979623669,0.3194404015251384,1.571035423806126e-06,0.6397821276431997,25,50,20
12,5989,0.0407757434774831,0.3194404015251907,1.6156036452822939e-06,0.6397822393936794,25,50,20
12,5990,0.04077875662601848,0.31944040152519976,1.6162910849280122e-06,0.6397792255576955,25,50,20
12,5991,0.04077574440216242,0.31944040152519054,1.6156015749011279e-06,0.6397822384710709,25,50,20
12,5992,0.04076862218310037,0.31944040152363695,1.5869041854222858e-06,0.639789389389076,25,50,20
12,5993,0.04076858170460163,0.3194404015268072,1.6272338975376737e-06,0.6397893895346924,25,50,20
12,5994,0.040775553236171894,0.319440401526851,1.630369038322747e-06,0.6397824148679375,25,50,20
12,5995,0.040774621085461794,0.3194404015267905,1.6275379136102577e-06,0.6397833498498328,25,50,20
12,5996,0.04077262318593031,0.3194423950468425,1.6319128030405178e-06,0.6397833498544229,25,50,20
12,5997,0.040316586449894845,0.31989906799738504,9.959927868191386e-07,0.6397833495599321,25,50,20
12,5998,0.04031562215965137,0.31989906799734996,9.934735503442197e-07,0.6397843163694472,25,50,20
12,5999,0.04032658728754894,0.3198990679974292,9.996680912370503e-07,0.6397733450469296,25,50,20
12,6000,0.04032958479214019,0.3198960701414046,1.0000195651913984e-06,0.639773345046889,25,50,20
12,6001,0.04032963746779807,0.31989607014142246,1.0003097067492454e-06,0.6397732920810717,25,50,20
12,6002,0.04032867248585315,0.3198960701413791,9.97704421079969e-07,0.6397742596683454,25,50,20
12,6003,0.04032867246963129,0.31989607014137894,9.963394143466655e-07,0.6397742610495737,25,50,20
12,6004,0.04032576413466491,0.31989897918895155,9.956293556163898e-07,0.6397742610470264,25,50,20
12,6005,0.040325895878336536,0.3198989791883097,9.483158844535832e-07,0.6397741766174678,25,50,20
12,6006,0.040325893743014235,0.31989897918830956,9.482950095765274e-07,0.6397741787736652,25,50,20
12,6007,0.04057909082738608,0.3198989791925912,1.2294879404041585e-06,0.6395207004920809,25,50,20
12,6008,0.0405820882189317,0.3198989791925904,1.2278907091444701e-06,0.6395177046977674,25,50,20
12,6009,0.005347702459531015,0.3198989793220448,0.03523557789269518,0.6395177403257282,25,50,20
12,6010,0.005872399240782964,0.31937148764790013,0.03523837138372585,0.6395177417275901,25,50,20
12,6011,0.005872399850005165,0.31937148764790046,0.035238371411855374,0.6395177410902381,25,50,20
12,6012,0.005869317262724021,0.3193745714042426,0.035238370245216324,0.6395177410878158,25,50,20
12,6013,0.005866284995887216,0.3193745714042427,0.035238371799059226,0.6395207718008095,25,50,20
12,6014,0.0058553719104289526,0.31937457140417236,0.03523836578380448,0.6395316909015929,25,50,20
12,6015,0.005855319894066132,0.31937457140416403,0.03523836564803791,0.6395317430537306,25,50,20
12,6016,0.006091756271709001,0.31937457140734876,0.03523857806518506,0.6392950942557559,25,50,20
12,6017,0.00607661505955914,0.3193745714052437,0.03523849768026801,0.6393103158549275,25,50,20
12,6018,0.006069694238880719,0.31937457140519293,0.03523849605876546,0.6393172382971596,25,50,20
12,6019,0.0060697138989833895,0.3193745714052294,0.035238498724410344,0.6393172159713754,25,50,20
12,6020,0.005544140965209946,0.3199029439324866,0.03523570053754929,0.6393172145647528,25,50,20
12,6021,0.005543244830073137,0.31990384192668186,0.035235698675942964,0.6393172145673008,25,50,20
12,6022,0.005546242963245707,0.3199038419266903,0.03523569883530688,0.6393142162747559,25,50,20
12,6023,0.0055465503928042535,0.3199038419272276,0.035235798680745535,0.6393138089992215,25,50,20
12,6024,0.005549511446879156,0.3199038419272445,0.03523579737771594,0.6393108492481593,25,50,20
12,6025,0.00554834462947355,0.3199038419266837,0.035235721257460016,0.6393120921863816,25,50,20
12,6026,0.005545350382699619,0.3199038419266662,0.03523572130250239,0.6393150863881306,25,50,20
12,6027,0.00554540340019703,0.31990384192667454,0.035235721411133764,0.6393150332619936,25,50,20
12,6028,0.005545455186957256,0.31990384192668353,0.035235721623095524,0.6393149812632628,25,50,20
12,6029,0.00554452940248516,0.31990384192666715,0.03523571903587565,0.6393159096349712,25,50,20
12,6030,0.005544492069481666,0.31990384192665866,0.0352357199655238,0.6393159460383351,25,50,20
12,6031,0.00554448894870799,0.3199038448757006,0.035235720137345,0.6393159460382456,25,50,20
12,6032,0.005550697749182371,0.31990384487582674,0.035235729769255014,0.6393097276057351,25,50,20
12,6033,0.005550663966657937,0.3199038800409239,0.03523572839161184,0.6393097276008055,25,50,20
12,6034,0.005550717867443464,0.3199038800409593,0.03523572986840539,0.6393096722231909,25,50,20
12,6035,0.005318205717314316,0.31990388003790726,0.03523553049287797,0.6395423837518993,25,50,20
12,6036,0.005068357884064334,0.3199038800336812,0.035235252735492516,0.6397925093467609,25,50,20
12,6037,0.005068425893252153,0.31990380791193507,0.03523525684321124,0.6397925093516007,25,50,20
12,6038,0.005068369514885874,0.319903807911926,0.03523525753214121,0.6397925650410463,25,50,20
12,6039,0.0053056550972037445,0.3196663330966381,0.03523544646647432,0.6397925653396831,25,50,20
12,6040,0.00530955970889376,0.31966633309673476,0.035235456892557984,0.6397886503018126,25,50,20
12,6041,0.005309547162013637,0.31966633309676323,0.03523545543862238,0.6397886643026,25,50,20
12,6042,0.005305622892728246,0.3196663330966303,0.03523544236695339,0.6397926016436872,25,50,20
12,6043,0.00530854800866751,0.3196663330967456,0.035235452085733296,0.6397896668088527,25,50,20
12,6044,0.005315571710735528,0.3196663330968164,0.0352354563867701,0.6397826388056773,25,50,20
12,6045,0.005322475816566,0.3196594301615038,0.03523545521641934,0.6397826388055102,25,50,20
12,6046,0.0053225130992043315,0.31965943016151255,0.035235454291297486,0.6397826024479848,25,50,20
12,6047,0.0053185901301977204,0.3196594301614698,0.03523545121426083,0.6397865284940708,25,50,20
12,6048,0.005313363785419315,0.31965943016139636,0.03523544488995058,0.6397917611632331,25,50,20
12,6049,0.005492204993796495,0.3194802332083211,0.03523580033085525,0.6397917614670265,25,50,20
12,6050,0.005492259065897175,0.31948017851926763,0.03523580094780712,0.6397917614670271,25,50,20
12,6051,0.005492259016299311,0.3194801789965678,0.035235800524824605,0.6397917614623072,25,50,20
12,6052,0.005492296292846211,0.31948017899657677,0.03523580014986587,0.6397917245607104,25,50,20
12,6053,0.005489229673433278,0.31948324648927867,0.035235799274277516,0.6397917245630097,25,50,20
12,6054,0.004753017161845715,0.31948324764441544,0.0359720455916215,0.6397916896021176,25,50,20
12,6055,0.004751983481861202,0.3194832476443438,0.03597204038923156,0.6397927284845636,25,50,20
12,6056,0.00475198411711704,0.31948324764434366,0.03597204036781798,0.6397927278707214,25,50,20
12,6057,0.004770895964758965,0.3194643238090814,0.03597205233847259,0.6397927278876872,25,50,20
12,6058,0.004828905394909474,0.3194643238091651,0.03597212977031497,0.6397346410256104,25,50,20
12,6059,0.004652990803028627,0.3196405945265925,0.03597177394856209,0.6397346407218167,25,50,20
12,6060,0.004652989578752809,0.31964059452659205,0.03597177390284655,0.6397346419918085,25,50,20
12,6061,0.004653059661328533,0.31964059452659155,0.03597177441501956,0.6397345713970602,25,50,20
12,6062,0.004646018061429866,0.31964059452652005,0.03597176924164272,0.6397416181704074,25,50,20
12,6063,0.004645968138775794,0.31964064011227633,0.035971773559276915,0.639741618189671,25,50,20
12,6064,0.0046469481192607945,0.31964064011231086,0.03597177657337866,0.6397406351950498,25,50,20
12,6065,0.0016613063121637588,0.3196406389456828,0.03895655061466914,0.6397415041274845,25,50,20
12,6066,0.0016582204318121303,0.3196406389456556,0.03895654929658723,0.6397445913259449,25,50,20
12,6067,0.0016660669915410909,0.3196406389457433,0.03895655556516543,0.63973673849755,25,50,20
12,6068,0.0016690256005953052,0.3196376835127585,0.03895655240104786,0.6397367384855981,25,50,20
12,6069,0.0016720512772510055,0.319637683512766,0.03895655444592623,0.6397337107640566,25,50,20
12,6070,0.0016791555723186045,0.31963768351639765,0.03895662840637159,0.639726532504912,25,50,20
12,6071,0.001687090681993644,0.31962960806864554,0.038956768739861494,0.6397265325094992,25,50,20
12,6072,0.0016840907214343598,0.3196326069951021,0.03895676977392371,0.6397265325095391,25,50,20
12,6073,0.0016838812445637923,0.31963260699507423,0.03895676771385581,0.6397267440465054,25,50,20
12,6074,0.0016797709983750065,0.31963260699142504,0.038956693373330256,0.639730928636869,25,50,20
12,6075,0.0016828189582824954,0.3196326069914253,0.038956693374812244,0.6397278806754791,25,50,20
12,6076,0.0016859562805847817,0.31962946990370844,0.03895669314010046,0.6397278806756055,25,50,20
12,6077,0.00168592224502017,0.31962946990378827,0.03895669847649453,0.6397279093746963,25,50,20
12,6078,0.00170087019882052,0.3196294699063369,0.03895673516719621,0.6397129247276455,25,50,20
12,6079,0.0017007992745251062,0.3196295414178761,0.038956734580118266,0.6397129247274796,25,50,20
12,6080,0.0017047435340854648,0.3196295414178844,0.03895673562442806,0.6397089794236012,25,50,20
12,6081,0.0016968260543486894,0.31963760080805154,0.03895659372598126,0.6397089794116176,25,50,20
12,6082,0.0016967552182286186,0.3196376008080414,0.03895659304339572,0.6397090509303336,25,50,20
12,6083,0.0016967037900921435,0.31963760080803294,0.03895659286788047,0.6397091025339937,25,50,20
12,6084,0.0016987174348873505,0.31963760080799786,0.03895658985230325,0.6397070919048107,25,50,20
12,6085,0.010735305664287723,0.31963760081744064,0.029920838976362774,0.639706254541908,25,50,20
12,6086,0.01073542763643352,0.3196376008174057,0.029920837888810024,0.6397061336573499,25,50,20
12,6087,0.01073145253397667,0.3196376008172648,0.029920824749348252,0.6397101218994096,25,50,20
12,6088,0.01073542876560155,0.3196376008172905,0.02992082803821843,0.6397061423788888,25,50,20
12,6089,0.010742402636233573,0.31963760081730813,0.02992082933689033,0.6396991672095672,25,50,20
12,6090,0.010512178936805972,0.31986800974322416,0.029920644406488374,0.6396991669134806,25,50,20
12,6091,0.010517177542274232,0.31986300466674866,0.029920650862824232,0.6396991669281519,25,50,20
12,6092,0.010517212326718879,0.3198630046667493,0.029920696600450238,0.6396990864060804,25,50,20
12,6093,0.010510292218132069,0.31986992758866406,0.029920693789418,0.6396990864037847,25,50,20
12,6094,0.010513287512778517,0.31986992758865485,0.02992069362389754,0.6396960912746681,25,50,20
12,6095,0.010510294361359175,0.3198729205581117,0.029920693803477495,0.6396960912770503,25,50,20
12,6096,0.010507316606914043,0.31987589745948497,0.029920694656505625,0.6396960912770931,25,50,20
12,6097,0.010509240179502171,0.31987396747131985,0.029920701064943267,0.6396960912842325,25,50,20
12,6098,0.010509225826823563,0.31987396747187447,0.029920702508415893,0.6396961041928841,25,50,20
12,6099,0.010509173889441005,0.31987396747188307,0.029920702624006385,0.6396961560146677,25,50,20
12,6100,0.010738546014730429,0.31987396747407326,0.029920885710499598,0.6394666008006947,25,50,20
12,6101,0.010797400568069765,0.31981503422660024,0.029920964394419557,0.6394666008109084,25,50,20
12,6102,0.010741490585062225,0.31987102307059156,0.029920885545903008,0.6394666007984411,25,50,20
12,6103,0.010741418078889231,0.31987102307058213,0.02992088482000997,0.6394666740305167,25,50,20
12,6104,0.010741401029689526,0.31987102307057286,0.029920884122310084,0.6394666917774263,25,50,20
12,6105,0.010741330862299779,0.3198710940848797,0.02992088327543663,0.6394666917773827,25,50,20
12,6106,0.010741399706171734,0.3198710940848708,0.02992088364437381,0.6394666225645823,25,50,20
12,6107,0.010584821420111232,0.3198710940874098,0.02992243356905198,0.6396216509234257,25,50,20
12,6108,0.010584822035556106,0.31987109408741027,0.029922433606166678,0.6396216502708656,25,50,20
12,6109,0.010585891352162398,0.3198700313947442,0.029922426991790596,0.6396216502613015,25,50,20
12,6110,0.01058391293010886,0.3198700313946731,0.02992242090331257,0.6396236347719042,25,50,20
12,6111,0.010575850102754351,0.31987810128358396,0.02992241385651384,0.6396236347571463,25,50,20
12,6112,0.010569716899307666,0.31988423542999145,0.02992241291117265,0.6396236347595271,25,50,20
12,6113,0.0005050147337512982,0.3198842352967003,0.039985934928433504,0.6396248150411139,25,50,20
12,6114,0.0005020188250645649,0.31988423529670845,0.03998593501622576,0.6396278108620002,25,50,20
12,6115,0.0005049628078382621,0.31988423529670795,0.03998593498746213,0.6396248669079907,25,50,20
12,6116,0.0005050885780069463,0.3198842352967002,0.03998593578047077,0.6396247403448211,25,50,20
12,6117,0.00045524979072232656,0.3198842352967253,0.03998586593231051,0.6396746489802407,25,50,20
12,6118,0.0003754837231112789,0.31988423529196225,0.03998412946852552,0.6397561515164,25,50,20
12,6119,0.00037847849317884023,0.31988423529197074,0.0399841295885844,0.6397531566262653,25,50,20
12,6120,0.00037854744470464563,0.31988416546199067,0.03998413046223379,0.63975315663107,25,50,20
12,6121,0.000379474137128156,0.31988323520535955,0.03998413402172187,0.6397531566357896,25,50,20
12,6122,0.00038147073813052206,0.3198832352053153,0.03998413033165848,0.6397511637248947,25,50,20
12,6123,0.0006158853934014094,0.31988323520539735,0.039984208716308645,0.6395166706848916,25,50,20
12,6124,0.0006180931359074496,0.31988102751490155,0.03998420867144217,0.6395166706777478,25,50,20
12,6125,0.0006152175149982221,0.31988102751491077,0.039984209336789076,0.6395195456333009,25,50,20
12,6126,0.0005963749977002928,0.31989988178538586,0.03998419760287555,0.639519545614037,25,50,20
12,6127,0.0005932022267517866,0.3199030571495521,0.03998419500974283,0.639519545613952,25,50,20
12,6128,0.0005862455553746127,0.3199030571495445,0.03998419299629617,0.6395265042987837,25,50,20
12,6129,0.000579343877727046,0.31990305714952777,0.03998419131326273,0.6395334076594815,25,50,20
12,6130,0.000582252255804628,0.31990305714953693,0.039984192012555944,0.6395304985821016,25,50,20
12,6131,0.0008255302319470792,0.31965953196367414,0.03998443892362901,0.6395304988807489,25,50,20
12,6132,0.0008176849603678735,0.3196595319635868,0.03998443265670842,0.6395383504193363,25,50,20
12,6133,0.0008146718529284858,0.31965953196355995,0.03998443270380852,0.6395413634797025,25,50,20
12,6134,0.0008115510262869524,0.3196595319635593,0.03998443179106964,0.6395444852190838,25,50,20
12,6135,0.0005761433534676351,0.31965953196507324,0.0399843893901807,0.6397799352912783,25,50,20
12,6136,0.0005761788399971356,0.3196595319650722,0.03998438930187061,0.63977989989306,25,50,20
12,6137,0.0005771948225927786,0.3196595319651343,0.039984393815682515,0.6397788793965903,25,50,20
12,6138,0.0005803329287683474,0.3196563920797758,0.03998439558976401,0.6397788794016916,25,50,20
12,6139,0.0006472540495301348,0.3196563920824556,0.03998462329536983,0.6397117305726445,25,50,20
12,6140,0.0006464296371870369,0.3196563920824569,0.039984622952654314,0.6397125553277018,25,50,20
12,6141,0.0006464459212810153,0.31965639208246627,0.03998462364719985,0.639712538349053,25,50,20
12,6142,0.0004061698883415024,0.31989691540903975,0.039984376649700205,0.6397125380529185,25,50,20
12,6143,0.0004052059109629637,0.3198978818536044,0.039984374187191425,0.6397125380482411,25,50,20
12,6144,0.0003910997796503655,0.3198978818510344,0.0399843104879747,0.6397267078813402,25,50,20
12,6145,0.0003910997585896052,0.31989788208842146,0.039984310274029815,0.6397267078789582,25,50,20
12,6146,0.0003922152180393864,0.3198978820868172,0.03998427464999627,0.6397256280451463,25,50,20
12,6147,0.0005038649929820385,0.3197860692125267,0.03998443773714564,0.6397256280573449,25,50,20
12,6148,0.0004986552962139474,0.31978606921243585,0.03998443147552865,0.6397308440158206,25,50,20
12,6149,0.0004985157426594486,0.3197860692123811,0.039984427461094096,0.6397309875838644,25,50,20
12,6150,0.0004964490243245873,0.3197881327375369,0.03998443064713125,0.6397309875910058,25,50,20
12,6151,0.0004985160067564021,0.3197881327374936,0.03998442751151519,0.6397289237442333,25,50,20
12,6152,0.0004955343268180716,0.3197881327369562,0.03998442634095853,0.6397319065952657,25,50,20
12,6153,0.0004985475947899748,0.3197881327369923,0.039984428989306715,0.6397288906789095,25,50,20
12,6154,0.0005103247554487501,0.3197763192252097,0.03998446505964544,0.6397288909596943,25,50,20
12,6155,0.000513306598434123,0.3197733384645038,0.03998446397740826,0.639728890959652,25,50,20
12,6156,0.0005162860558800126,0.31977333846451284,0.03998446259347988,0.6397259128861257,25,50,20
12,6157,0.0005222816752790078,0.3197733384645128,0.03998446358485152,0.6397199162753551,25,50,20
12,6158,0.0005252084059319326,0.31977333846450434,0.03998446297260044,0.6397169901569617,25,50,20
12,6159,0.0005251394632291976,0.31977333846450384,0.03998446244445542,0.63971705962781,25,50,20
12,6160,0.0005321801533593521,0.31977333846453876,0.03998446594663177,0.6397100154354685,25,50,20
12,6161,0.0005311616296971097,0.3197733384646094,0.03998447202617607,0.6397110278795156,25,50,20
12,6162,0.000531285365544963,0.3197733384646013,0.0399844724231054,0.6397109037467466,25,50,20
12,6163,0.0005311457838269237,0.31977333846455613,0.03998446910081396,0.6397110466508014,25,50,20
12,6164,0.00041659938552970004,0.31988804760924466,0.03998430636437212,0.639711046640852,25,50,20
12,6165,0.0004134801128822626,0.3198880476092009,0.03998430316802859,0.639714169109887,25,50,20
12,6166,0.0004144253923919267,0.3198880476092356,0.03998426043329994,0.6397132665650712,25,50,20
12,6167,0.00041840097564941356,0.31988804760927003,0.039984263425178516,0.6397092879899008,25,50,20
12,6168,0.0004203273873535389,0.3198861150615493,0.0399842695516697,0.639709287999426,25,50,20
12,6169,0.0004173637385818532,0.319889076066303,0.03998427219568983,0.6397092879994236,25,50,20
12,6170,0.00041736560221410383,0.319889076066303,0.03998427218505192,0.6397092861464294,25,50,20
12,6171,0.00041757219123924287,0.31988886805489514,0.03998427360718177,0.6397092861466822,25,50,20
12,6172,0.0004136302612896895,0.31988886805487904,0.03998427195652353,0.6397132297273062,25,50,20
12,6173,0.000659899539641458,0.3196386421384256,0.03998822773877948,0.639713230583151,25,50,20
12,6174,0.000660039698344269,0.3196386421384448,0.03998822914538624,0.6397130890178223,25,50,20
12,6175,0.0006600609345209201,0.3196386235312635,0.0399882265165139,0.6397130890176994,25,50,20
12,6176,0.0006669849036593077,0.319631687079288,0.03998823899922177,0.6397130890178285,25,50,20
12,6177,0.0006668248497412045,0.31963168707936607,0.03998824710796464,0.6397132409629257,25,50,20
12,6178,0.0006660191286416855,0.31963249373863134,0.03998824616718819,0.6397132409655363,25,50,20
12,6179,0.0006591688295083814,0.3196324937386683,0.03998824687597687,0.6397200905558441,25,50,20
12,6180,0.0006580986112318146,0.319632493738739,0.03998825294834099,0.639721154701686,25,50,20
12,6181,0.0005882338362787045,0.31963249373605895,0.03998802520168649,0.6397912472259737,25,50,20
12,6182,0.000581240246386233,0.3196395006248487,0.03998801190772115,0.6397912472210419,25,50,20
12,6183,0.0005881601423479073,0.3196395006248923,0.03998801550419132,0.6397843237285662,25,50,20
12,6184,0.0005861816931947927,0.3196395006248133,0.03998800929222912,0.6397863083897608,25,50,20
12,6185,0.0005972237792520417,0.31963950062641094,0.039988043494731305,0.639775232099604,25,50,20
12,6186,0.00036201350604890423,0.31987808012213426,0.039984675118083284,0.6397752312537319,25,50,20
12,6187,0.00036293968793372344,0.31987715099418346,0.03998467805938861,0.6397752312584926,25,50,20
12,6188,0.000365938610358482,0.31987415089042526,0.039984679240721334,0.639775231258493,25,50,20
12,6189,0.0003644514585582119,0.3198747361336977,0.039985580998515076,0.6397752314092269,25,50,20
12,6190,0.000353339505796515,0.3198864357122792,0.03998499338509119,0.6397752313968309,25,50,20
12,6191,0.0003534078896675904,0.3198864357122797,0.0399849938886257,0.6397751625094248,25,50,20
12,6192,0.00035561583520712594,0.31988643571224523,0.039984991938988176,0.6397729565135574,25,50,20
12,6193,0.00035862520107940394,0.31988643571220077,0.039984988747938696,0.639769950338779,25,50,20
12,6194,0.00035570174420911457,0.3198864357121039,0.03998497924702557,0.6397728832966596,25,50,20
12,6195,0.00034377161722722635,0.319898403859068,0.03998494151772629,0.6397728830059765,25,50,20
12,6196,0.0004131081966041579,0.3198297843772334,0.03998422427086243,0.639772883155298,25,50,20
12,6197,0.0004131632786744884,0.3198297267912964,0.0399842267722193,0.6397728831578077,25,50,20
12,6198,0.00041417941757377653,0.31982972679123445,0.03998422080446329,0.6397718729867267,25,50,20
12,6199,0.0004142322499626389,0.31982972679122584,0.03998422067823746,0.6397718202805722,25,50,20
12,6200,0.0004110436628846679,0.31982972679122473,0.03998421958118359,0.6397750099647052,25,50,20
12,6201,0.00040410730102450406,0.31982972679119137,0.039984217868473004,0.6397819480393094,25,50,20
12,6202,0.0004070488070941176,0.31982678782148893,0.03998421533453168,0.6397819480368836,25,50,20
12,6203,0.00040692315853776533,0.31982690500853855,0.03998422378158211,0.6397819480513399,25,50,20
12,6204,0.000406975533220373,0.319826905008547,0.03998422390646153,0.6397818955517693,25,50,20
12,6205,0.0003402128756198974,0.31989385811602056,0.03998403376608377,0.6397818952422741,25,50,20
12,6206,0.0004139269260755634,0.31989385811822,0.03998422347292864,0.6397079914827745,25,50,20
12,6207,0.0004109420773987565,0.3198968431156705,0.0399842233193173,0.639707991487612,25,50,20
12,6208,0.00041185409934703593,0.3198959287805192,0.039984225630224704,0.6397079914899076,25,50,20
12,6209,0.00040780725753493765,0.31989592878049333,0.03998422227384046,0.6397120416881298,25,50,20
12,6210,0.0004087539887230665,0.3198959287805273,0.039984224015671505,0.6397110932150767,25,50,20
12,6211,0.00040656414851431114,0.3198959287805794,0.03998422676051452,0.6397132803103905,25,50,20
12,6212,0.00040861397038091234,0.3198959287805268,0.03998422296690531,0.6397112342821857,25,50,20
12,6213,0.0005215803393198226,0.3198959287827179,0.03987246939115877,0.6397100214868022,25,50,20
12,6214,0.0005245587913523175,0.3198959287827254,0.03987246845932463,0.6397070439665967,25,50,20
12,6215,0.0005245424214066189,0.3198959287827078,0.03987246717972558,0.6397070616161591,25,50,20
12,6216,0.0005236162386626036,0.3198968577391096,0.039872464408403904,0.6397070616138226,25,50,20
12,6217,0.0005245442450555279,0.3198968577392507,0.03987247912564415,0.6397061188900484,25,50,20
12,6218,0.0005215494724877838,0.31989685773924226,0.03987247911438688,0.6397091136738818,25,50,20
12,6219,0.0005243863432645892,0.31989402269139755,0.03987247730112262,0.6397091136642136,25,50,20
12,6220,0.0004085044005243798,0.31989402268922446,0.03998835953286092,0.6397091133773889,25,50,20
12,6221,0.0004055610393965135,0.3198969655205679,0.039988360062640144,0.6397091133773942,25,50,20
12,6222,0.0004045950528940325,0.3198969655205154,0.039988357305945084,0.6397100821206443,25,50,20
12,6223,0.0004044727753272458,0.31989696552050656,0.0399883566011928,0.6397102051029723,25,50,20
12,6224,0.0004044909073894283,0.3198969655205422,0.039988358714778786,0.6397101848572884,25,50,20
12,6225,0.00040144138672495674,0.31990001441894345,0.03998835933712615,0.6397101848572041,25,50,20
12,6226,0.000403523049533117,0.31990001441901755,0.039988513845070524,0.6397079486863777,25,50,20
12,6227,0.00040054306981694807,0.31990001441900845,0.03998851418424313,0.6397109283269307,25,50,20
12,6228,0.00040359098043543483,0.31990001441900856,0.039988514180995444,0.63970788041956,25,50,20
12,6229,0.0004593373788370926,0.3199000144195744,0.03998866616119013,0.6396519820403974,25,50,20
12,6230,0.00046331207489297893,0.3199000144196097,0.03998866919427009,0.6396480043112261,25,50,20
12,6231,0.0005817564385300039,0.3199000144196743,0.039989253129668036,0.6395289760121262,25,50,20
12,6232,0.0005847155771391302,0.31989705534579577,0.039989253064985755,0.6395289760120779,25,50,20
12,6233,0.0006629960279393582,0.31989705534900587,0.039910972323603085,0.6395289762994503,25,50,20
12,6234,0.0006600353557266294,0.3199000163162722,0.03991097202629398,0.6395289763017058,25,50,20
12,6235,0.0006630469293226629,0.3199000163162994,0.0399109740093437,0.6395259627450328,25,50,20
12,6236,0.0006591922664619918,0.31990001631618453,0.039910960728861904,0.6395298306884902,25,50,20
12,6237,0.0006610345017859626,0.3199000163161545,0.039910809384773656,0.6395281397972846,25,50,20
12,6238,0.0006629862114053833,0.31989802870570505,0.039910845002060574,0.6395281400808277,25,50,20
12,6239,0.0006759419419762351,0.31988509889944083,0.03991081934893236,0.6395281398096493,25,50,20
12,6240,0.0006759450474470441,0.31988509889942307,0.03991081807833094,0.6395281379747978,25,50,20
12,6241,0.000678889033002579,0.31988215478727994,0.039910818202580044,0.6395281379771361,25,50,20
12,6242,0.0006819397284154752,0.319882154787299,0.039910818071379396,0.6395250874129047,25,50,20
12,6243,0.0006819225191425763,0.31988215478726373,0.03991081599282795,0.6395251067007642,25,50,20
12,6244,0.0006840680501629441,0.31988215478736426,0.03991082225838693,0.6395229549040842,25,50,20
12,6245,0.0006172738268845385,0.3198821547852002,0.0399106370326963,0.6395899343552174,25,50,20
12,6246,0.0006142579282955727,0.31988215478518256,0.03991063776586777,0.6395929495206526,25,50,20
12,6247,0.000614257855759854,0.3198821547851817,0.03991063820124771,0.6395929491578091,25,50,20
12,6248,0.0006143074494055627,0.31988215478516385,0.039910637886354274,0.6395928998790747,25,50,20
12,6249,0.0006141675566965045,0.31988229460411466,0.03991063795314031,0.6395928998860468,25,50,20
12,6250,0.0006132555171278997,0.3198832093227807,0.03991063528114098,0.6395928998789483,25,50,20
12,6251,0.0006131338686371837,0.31988320932275405,0.03991063382843445,0.6395930229801724,25,50,20
12,6252,0.0006140600873064,0.31988228031033983,0.03991063661984459,0.6395930229825066,25,50,20
12,6253,0.0005473247119695078,0.31988228030816773,0.03991045046077317,0.6396599445190873,25,50,20
12,6254,0.0005583804461309507,0.31988228030822,0.03991046745940535,0.6396488717862412,25,50,20
12,6255,0.0005563653682412081,0.3198842914718127,0.03991047137131897,0.6396488717886248,25,50,20
12,6256,0.0005564177374182231,0.3198842914718213,0.03991047148671289,0.6396488193040452,25,50,20
12,6257,0.0005524582873635132,0.3198842914717953,0.0399104691421745,0.6396527810986647,25,50,20
12,6258,0.0005414733749164512,0.31988429147177694,0.039910452600259785,0.6396637825530448,25,50,20
12,6259,0.0005414937489360615,0.31988429147183134,0.03991048184794017,0.6396637329312904,25,50,20
12,6260,0.0005414771633723692,0.31988430860413297,0.039910481301244666,0.639663732931248,25,50,20
12,6261,0.0005563141194379745,0.31988430860420347,0.03991048832955982,0.6396488889467967,25,50,20
12,6262,0.0005542644237805322,0.3198843086042112,0.03991048983095187,0.6396509371410546,25,50,20
12,6263,0.0005513223853782695,0.3198843086041673,0.03991046141299879,0.6396539075974538,25,50,20
12,6264,0.0005393594794117699,0.3198962816746306,0.039910451263163796,0.6396539075827917,25,50,20
12,6265,0.0005422329491769599,0.3198962816746131,0.039910449979419796,0.6396510353967886,25,50,20
12,6266,0.0005440478108523649,0.31989628167453843,0.03991044603282456,0.639649224481783,25,50,20
12,6267,0.0005370934136510324,0.3198962816744945,0.039910445960633395,0.6396561789512195,25,50,20
12,6268,0.0005350255191995442,0.31989628167453754,0.03991044911664678,0.6396582436896143,25,50,20
12,6269,0.0005341685790860662,0.31989713880687354,0.03991044891710632,0.6396582436969322,25,50,20
12,6270,0.0005383443441870086,0.3198971388109777,0.03991048432490635,0.6396540325199268,25,50,20
12,6271,0.0005353998096298925,0.3199000833637367,0.039910484306746076,0.6396540325198852,25,50,20
12,6272,0.0005353634773259289,0.31990008336372844,0.039910484717390726,0.6396540684415529,25,50,20
12,6273,0.0005234179006713836,0.31990008336364917,0.03991047704443915,0.6396660216912382,25,50,20
12,6274,0.0005152687377203443,0.31990008335951,0.03991043716455323,0.6396742107382143,25,50,20
12,6275,0.0005123795216176396,0.3199029717199042,0.03991043802025811,0.6396742107382177,25,50,20
12,6276,0.0005153743837893231,0.31990297171992166,0.039910435727815434,0.6396712181684712,25,50,20
12,6277,0.00044123161457544256,0.3199029717178193,0.039984558310811165,0.6396712383567924,25,50,20
12,6278,0.00045616489662758853,0.31988796689360544,0.03998462983604765,0.6396712383737178,25,50,20
12,6279,0.000449313720117002,0.3198879668935882,0.039984628125082265,0.6396780912612111,25,50,20
12,6280,0.00044629984197967716,0.31988796689362464,0.03998462978632583,0.6396811034780686,25,50,20
12,6281,0.000513043713462195,0.31988796689632154,0.0399848534408251,0.6396141359493898,25,50,20
12,6282,0.0005210118978264098,0.3198879668963921,0.039984859495415644,0.6396061617103644,25,50,20
12,6283,0.0006312892842739028,0.3198879668953624,0.03987460189902472,0.6396061419213379,25,50,20
12,6284,0.0006282926646056956,0.31988796689536403,0.039874604105845,0.6396091363341844,25,50,20
12,6285,0.0006311643011753704,0.3198850981101429,0.03987460126657218,0.6396091363221086,25,50,20
12,6286,0.0006314491653263831,0.31988509811123367,0.03987463272429049,0.6396088199991484,25,50,20
12,6287,0.0006383306735338264,0.3198850981112579,0.03987463485645062,0.6396019363587562,25,50,20
12,6288,0.000641396564326571,0.31988509811123206,0.03987463449357724,0.6395988708308625,25,50,20
12,6289,0.000637189418292122,0.31988509811009747,0.03987460040234681,0.639603112069262,25,50,20
12,6290,0.0006340705392680182,0.31988509811011423,0.03987460012071602,0.6396062312299002,25,50,20
12,6291,0.0006350003839050724,0.31988509811014976,0.039874603160798085,0.6396052983451456,25,50,20
12,6292,0.0006319891385709073,0.31988811086217955,0.03987460166128646,0.6396052983379619,25,50,20
12,6293,0.0005651409405019134,0.3198881108594918,0.03987437742601056,0.6396723707739944,25,50,20
12,6294,0.000566072208088688,0.31988717506120884,0.039874381944714245,0.639672370785986,25,50,20
12,6295,0.0004535485349470835,0.31988717506110204,0.03998690631702958,0.6396723700869194,25,50,20
12,6296,0.0004544774946686916,0.31988717506113534,0.03998690712341052,0.6396714403207835,25,50,20
12,6297,0.00045847141717223866,0.31988717506115316,0.03998690991054801,0.6396674436111245,25,50,20
12,6298,0.00045847219448896424,0.31988717664826055,0.039986907558070925,0.6396674435991777,25,50,20
12,6299,0.000462432025381495,0.3198871766482955,0.03998691049846293,0.6396634808278585,25,50,20
12,6300,0.00045947136623661783,0.31988717664827765,0.03998690918274016,0.6396664428027443,25,50,20
12,6301,0.0004624147067696676,0.3198842333230441,0.03998690916748088,0.6396664428027039,25,50,20
12,6302,0.0004474817156138066,0.31989923780748625,0.03998683769111873,0.6396664427857794,25,50,20
12,6303,0.0004474998286183838,0.3198992182012301,0.03998683917714462,0.6396664427930051,25,50,20
12,6304,0.00044739804679601417,0.31989921820119455,0.039986837037699466,0.6396665467143082,25,50,20
12,6305,0.0004474648025021511,0.3198992182012117,0.039986837792923204,0.6396664792033612,25,50,20
12,6306,0.00045051549383861656,0.3198961686675507,0.039986836642216944,0.639666479196392,25,50,20
12,6307,0.00045055224993119223,0.31989611801821516,0.03998685053537454,0.6396664791964772,25,50,20
12,6308,0.0004515330269828778,0.31989611801825946,0.03998685359805234,0.6396654953567035,25,50,20
12,6309,0.0003360323074989643,0.3198961180181966,0.039986269825511636,0.6397815798487907,25,50,20
12,6310,0.00033902960919289667,0.31989312050967156,0.039986270032342,0.6397815798487911,25,50,20
12,6311,0.00034200958625282834,0.31989312050968016,0.03998626964039989,0.6397786002636647,25,50,20
12,6312,0.00034215162972696714,0.3198931205097426,0.03998627424003448,0.6397784536204936,25,50,20
12,6313,0.0003392466548050618,0.31989312050978075,0.039986281823183235,0.6397813510122284,25,50,20
12,6314,0.0003392290725239583,0.31989287480286316,0.039986545112377495,0.6397813510122328,25,50,20
12,6315,0.0010205455693815388,0.3192112302077888,0.03998687290583635,0.6397813513169909,25,50,20
12,6316,0.0010204932229125369,0.31921123020778097,0.03998687285550956,0.6397814037137945,25,50,20
12,6317,0.00033924465282419216,0.31989279882213234,0.03998655310873829,0.6397814034163029,25,50,20
12,6318,0.00033924464144779835,0.31989279882213334,0.03998655321172124,0.6397814033246952,25,50,20
12,6319,0.0003313448874483747,0.31989279882212596,0.039986550726554666,0.639789305563869,25,50,20
12,6320,0.00033341249003926573,0.3198927988221085,0.03998654899513781,0.6397872396927125,25,50,20
12,6321,0.00033082116056714337,0.3198927988221805,0.03998655423961917,0.6397898257776313,25,50,20
12,6322,0.00032789473584681324,0.3198927988221887,0.03998655477973762,0.639792751662225,25,50,20
12,6323,0.00039527289373738207,0.31989279882529437,0.03998678163359999,0.6397251466473663,25,50,20
12,6324,0.00039437545210704064,0.31989369939171813,0.039986778520671167,0.6397251466355016,25,50,20
12,6325,0.0003952480884174007,0.3198928142277638,0.03998679102923204,0.6397251466545846,25,50,20
12,6326,0.0003974580885989116,0.3198928142277838,0.03998679011323408,0.6397229375703808,25,50,20
12,6327,0.00040043831008719196,0.31989281422776566,0.03998678930757362,0.6397199581545712,25,50,20
12,6328,0.00033272874521517637,0.3198928142245869,0.03998655799969471,0.6397878990305007,25,50,20
12,6329,0.0003367054748874734,0.31988909904336255,0.03998629644657585,0.6397878990351716,25,50,20
12,6330,0.000338860145807273,0.31988909904335494,0.03998629495322709,0.6397857458576084,25,50,20
12,6331,0.0003318874064478114,0.31989607470145853,0.03998629203920122,0.6397857458528902,25,50,20
12,6332,0.00032896136138798856,0.31989607470149406,0.039986294112677304,0.6397886698244384,25,50,20
12,6333,0.0003349522663271445,0.31989008488956544,0.03998629301962851,0.6397886698244766,25,50,20
12,6334,0.0003368085560619995,0.3198900848896187,0.03998629769895884,0.6397868088553585,25,50,20
12,6335,0.00034286907618183036,0.3198900848896275,0.03998629833240136,0.6397807477017874,25,50,20
12,6336,0.00033985566019704527,0.3198931063750643,0.039986290270216725,0.6397807476945198,25,50,20
12,6337,0.00034290418778127945,0.3198931063750821,0.03998629055590088,0.6397776988812338,25,50,20
12,6338,0.0003408184013449061,0.31989310637508117,0.0399862919691961,0.6397797832543761,25,50,20
12,6339,0.00033382917139003975,0.31989310637503665,0.039986288263946165,0.6397867761896255,25,50,20
12,6340,0.0003338140850480366,0.3198931215178377,0.03998628820757053,0.6397867761895418,25,50,20
12,6341,0.00032993675633750816,0.31989312151780086,0.039986279248781266,0.6397906624770784,25,50,20
12,6342,0.0003299386760251984,0.31989312151781113,0.03998627941293406,0.6397906603932275,25,50,20
12,6343,0.00032792452929039526,0.31989514038685135,0.039986274688459396,0.6397906603953967,25,50,20
12,6344,0.00034207962744033283,0.31989514038684436,0.03998627753243397,0.6397765024532793,25,50,20
12,6345,0.0003390471599240337,0.3198981866552108,0.039986263731667686,0.6397765024531951,25,50,20
12,6346,0.00033609961943428216,0.3198981866552659,0.03998919006116816,0.6397765236641297,25,50,20
12,6347,0.0005753721943708063,0.31965869918596923,0.03998940438941463,0.6397765242302436,25,50,20
12,6348,0.0005785637646437454,0.31965869918596895,0.03998940491645651,0.639773332132929,25,50,20
12,6349,0.0005815076925050365,0.3196557552031138,0.03998940497144961,0.6397733321329298,25,50,20
12,6350,0.0005844876614951429,0.31965278426186444,0.03998939595832917,0.6397733321183094,25,50,20
12,6351,0.0005814234841268817,0.3196527842618909,0.03998939787400162,0.6397763943799791,25,50,20
12,6352,0.0005812455787530087,0.319652784261854,0.03998939659274937,0.6397765735666422,25,50,20
12,6353,0.0005812464874640639,0.3196527837780556,0.03998939616299241,0.6397765735714863,25,50,20
12,6354,0.000584120858718788,0.3196499100949813,0.03998939547727797,0.6397765735690204,25,50,20
12,6355,0.00034496961885822295,0.31988927541505807,0.039989181958333474,0.6397765730077487,25,50,20
12,6356,0.00034710650320017355,0.31988927541501505,0.03998917930790444,0.639774438773879,25,50,20
12,6357,0.0003439844771644281,0.3198892754149442,0.0399891750981793,0.6397775650097108,25,50,20
12,6358,0.00034086124683193106,0.31988927541496126,0.03998917530306733,0.6397806880351379,25,50,20
12,6359,0.0003408607188930189,0.31988927541497003,0.03998917537991321,0.6397806884862223,25,50,20
12,6360,0.0008030161183388913,0.3194268382847378,0.039989456818357014,0.6397806887785649,25,50,20
12,6361,0.0008000198784399262,0.3194268382847641,0.039989457723196176,0.6397836841135984,25,50,20
12,6362,0.0008000338312388091,0.319426824074945,0.039989457982596316,0.6397836841112184,25,50,20
12,6363,0.0008000341543969169,0.3194268240749456,0.03998945804237655,0.6397836837282794,25,50,20
12,6364,0.0007930607285890364,0.3194338013158238,0.03998945423202653,0.6397836837235593,25,50,20
12,6365,0.0007931132479539391,0.3194337483868079,0.039989454636919025,0.6397836837283178,25,50,20
12,6366,0.00033309688782380385,0.31989404785296816,0.039989171827908725,0.639783683431298,25,50,20
12,6367,0.0003440658799200265,0.31989404785303927,0.039989177932899335,0.6397727083341401,25,50,20
12,6368,0.00034105398053694424,0.3198940478530305,0.03998917728878413,0.6397757208776472,25,50,20
12,6369,0.00033893115288659054,0.3198961686858407,0.03998917927886622,0.6397757208824053,25,50,20
12,6370,0.00033691574926397196,0.3198981810568294,0.03998918230678114,0.6397757208871241,25,50,20
12,6371,0.00033984065992905677,0.3198952572689447,0.039989181181661664,0.6397757208894623,25,50,20
12,6372,0.00033994460494804203,0.3198951510942977,0.039989183401512765,0.6397757208992393,25,50,20
12,6373,0.0004007492637428722,0.3198951510944219,0.03998933774806718,0.639714761893766,25,50,20
12,6374,0.0004039539860224176,0.3198919442582522,0.03998933985222326,0.6397147619035001,25,50,20
12,6375,0.00040673987311075306,0.3198919442582154,0.03998933833120202,0.6397119775374702,25,50,20
12,6376,0.0004087374936422973,0.31988995020563715,0.03998933476779803,0.6397119775329209,25,50,20
12,6377,0.0003986983588297993,0.31988995020561045,0.03998933231883282,0.6397220191167254,25,50,20
12,6378,0.0004018554990191147,0.3198899502066545,0.039989334904848683,0.6397188593894761,25,50,20
12,6379,0.0004008755354740707,0.31988995020662797,0.03998933253703624,0.6397198417208605,25,50,20
12,6380,0.00040173683095752634,0.31988908397453797,0.03998933746164968,0.6397198417328536,25,50,20
12,6381,0.00040171845875674637,0.31988908397453747,0.03998933718813817,0.6397198603785664,25,50,20
12,6382,0.0003995122157243751,0.3198912879321535,0.03998933947125864,0.6397198603808625,25,50,20
12,6383,0.00040254302750557486,0.3198912879352681,0.03998632914974048,0.639719839887485,25,50,20
12,6384,0.0004025967886137422,0.31989123415911475,0.0399863291649546,0.6397198398873161,25,50,20
12,6385,0.0004016658716806267,0.31989217069330056,0.03998632356220119,0.6397198398728168,25,50,20
12,6386,0.00040467889125531944,0.3198921706933014,0.03998632361896421,0.6397168267964781,25,50,20
12,6387,0.00040368038620014403,0.31989317367974146,0.03998631914960918,0.6397168267844484,25,50,20
12,6388,0.0004046089492201082,0.31989224223096135,0.0399863220329056,0.6397168267869121,25,50,20
12,6389,0.0004066989366859255,0.31989224222837404,0.039984231926587274,0.639716826908352,25,50,20
12,6390,0.0004096241725267829,0.3198922422283293,0.039984228627345686,0.6397139049717976,25,50,20
12,6391,0.00041049910576645954,0.3198922422283294,0.03998423079448985,0.6397130278714136,25,50,20
12,6392,0.0004105000634269785,0.3198922412665666,0.03998423079863433,0.6397130278713713,25,50,20
12,6393,0.0004144595441405236,0.31989224126659294,0.03998423315513153,0.6397090660341342,25,50,20
12,6394,0.00041657857342649034,0.3198922412665402,0.03998422981271106,0.6397069503473215,25,50,20
12,6395,0.0004135134095484736,0.31989224126647825,0.03998422577296653,0.6397100195510058,25,50,20
12,6396,0.00041442109776142086,0.31989224126651267,0.0399842278206716,0.6397091098150532,25,50,20
12,6397,0.00041149480425255473,0.31989224126653065,0.03998422893249565,0.63971203499672,25,50,20
12,6398,0.00040837918766654284,0.3198922412665308,0.039984228441393876,0.6397151511044077,25,50,20
12,6399,0.00040752027104445075,0.3198931028085992,0.03998422582070904,0.6397151510996464,25,50,20
12,6400,0.0004036694493481198,0.31989310280854766,0.039984222641547426,0.639719005100556,25,50,20
12,6401,0.00040368671875392476,0.3198931028085746,0.03998422456936164,0.639718985903309,25,50,20
12,6402,0.00040275842423775064,0.31989310280854016,0.03998422161390729,0.6397199171533141,25,50,20
12,6403,0.0004047359394265783,0.3198931028086189,0.03998422782145309,0.6397179334305008,25,50,20
12,6404,0.0004066617103111592,0.31989310280868893,0.039984233843055425,0.6397160016379437,25,50,20
12,6405,0.0004087115976597619,0.31989310280865324,0.0399842295855984,0.6397139560080878,25,50,20
12,6406,0.0004118464768023723,0.3198931028086451,0.039984230496947985,0.6397108202176038,25,50,20
12,6407,0.00041869668605453494,0.3198931028086718,0.03998423191950046,0.6397039685857725,25,50,20
12,6408,0.0008844550960255567,0.3198931028155146,0.039517299476501414,0.6397051426119578,25,50,20
12,6409,0.0008926869986899111,0.3198848389458288,0.039517331447838415,0.6397051426076421,25,50,20
12,6410,0.0008815118163366253,0.3198960465193613,0.039517299057101704,0.6397051426071997,25,50,20
12,6411,0.0008815831085140106,0.31989604651935205,0.03951729938637223,0.6397050709857609,25,50,20
12,6412,0.0008796206690195676,0.31989604651927317,0.039517293676691996,0.6397070391350144,25,50,20
12,6413,0.0008825323719868626,0.3198931251206146,0.0395173033699904,0.6397070391374072,25,50,20
12,6414,0.0008915732991166328,0.3198931251195998,0.039517380178407314,0.6396979214028753,25,50,20
12,6415,0.0008337659253051646,0.31989312511950213,0.03951722676177387,0.6397558821934177,25,50,20
12,6416,0.0008308037625397651,0.31989312511947493,0.03951722477400138,0.6397588463439832,25,50,20
12,6417,0.0008307339727477035,0.31989312511947415,0.03951722470674266,0.6397589162010346,25,50,20
12,6418,0.0008338382710271938,0.31989312511947393,0.03951722625814966,0.6397558103513483,25,50,20
12,6419,0.0008368332191215012,0.31989312511946477,0.039517226071625174,0.6397528155897875,25,50,20
12,6420,0.0008368168479107765,0.3198931251194468,0.03951722474887311,0.6397528332837682,25,50,20
12,6421,0.0008328412924366404,0.3198931251194117,0.03951722173368428,0.6397568118544662,25,50,20
12,6422,0.0008207686343251598,0.3198931251193915,0.039517216056924154,0.6397688901893577,25,50,20
12,6423,0.00081777356100117,0.319893125119383,0.039517216476910026,0.6397718848427041,25,50,20
12,6424,0.0008149002397133038,0.3198931251193838,0.039517216545343195,0.6397747580955583,25,50,20
12,6425,0.0008178442001738289,0.31989018334958386,0.03951721436445821,0.6397747580857829,25,50,20
12,6426,0.000815829854692647,0.3198901833496367,0.039517218670341775,0.6397767681253277,25,50,20
12,6427,0.0008198925588833679,0.3198901833496732,0.039517221292705906,0.6397727027987362,25,50,20
12,6428,0.0008208713601885564,0.3198901833497165,0.03951722440754171,0.639771720882552,25,50,20
12,6429,0.0008206643784589534,0.3198901833497144,0.0395172237096922,0.639771928562133,25,50,20
12,6430,0.0008236819320535887,0.3198901833497162,0.03951722787903702,0.6397689068391919,25,50,20
12,6431,0.0008227016814192321,0.3198911666189026,0.03951722486520477,0.6397689068344723,25,50,20
12,6432,0.0008227548381817327,0.3198911666188944,0.03951722476150385,0.639768853781419,25,50,20
12,6433,0.00047532228796422834,0.3198911666136642,0.03630551706028425,0.6433279940380868,25,50,20
12,6434,0.00047220581221340575,0.3198911666136647,0.03630551656344866,0.6433311110106728,25,50,20
12,6435,0.00047312203726636916,0.3198898522242207,0.03630591472040664,0.6433311110181055,25,50,20
12,6436,0.0004741033615750573,0.31988886771295866,0.03630591790021793,0.6433311110252476,25,50,20
12,6437,0.0004752427454095463,0.31988886771288,0.03630591224534591,0.643329977296364,25,50,20
12,6438,0.00048123207759784536,0.3198888677128709,0.03630591157292298,0.6433239886366077,25,50,20
12,6439,0.00048128380519547203,0.3198888160508413,0.03630591150731237,0.6433239886366497,25,50,20
12,6440,0.0004852130091952215,0.31988881605087605,0.03630591607481282,0.6433200548651148,25,50,20
12,6441,0.0004903010729859737,0.3198888160514304,0.03630595906849276,0.6433149238070898,25,50,20
12,6442,0.0004902853026042007,0.31988881605141267,0.036305958226895835,0.6433149404190863,25,50,20
12,6443,0.0004833613063953126,0.3198888160513872,0.03630595440646868,0.6433218682357479,25,50,20
12,6444,0.0022893798744463567,0.31988881608760233,0.00575351746026114,0.6720682865776894,25,50,20
12,6445,0.0023532046375654,0.31988881609181347,0.005753734870630404,0.6720042443999898,25,50,20
12,6446,0.002356313170924176,0.31988569582694326,0.005753746604333834,0.6720042443977978,25,50,20
12,6447,0.0023531950593761665,0.3198856958269426,0.005753746045718986,0.6720073630679612,25,50,20
12,6448,0.0023493529019459835,0.31988569582694426,0.0057537436458982814,0.6720112076252107,25,50,20
12,6449,0.002349354154792263,0.3198856945805658,0.005753743639431207,0.67201120762521,25,50,20
12,6450,0.0023423799998237554,0.3198856945805493,0.005753740968619132,0.6720181844510074,25,50,20
12,6451,0.0023443548270015062,0.3198841178834607,0.005753342845964745,0.6720181844435725,25,50,20
12,6452,0.0024162750415756395,0.31988411788617555,0.005753642375553932,0.6719459646966943,25,50,20
12,6453,0.00048675638937258574,0.31988411784775655,1.0946236764510762e-06,0.6796280311391939,25,50,20
12,6454,0.0004807644486051172,0.3198841178477389,1.0938597564458095e-06,0.6796340238438989,25,50,20
12,6455,0.0005021131519095817,0.31988411788043153,1.3775287126128587e-06,0.6796123914389459,25,50,20
12,6456,0.0005042911769371499,0.3198841178805231,1.3849812725635167e-06,0.6796102059612665,25,50,20
12,6457,0.0005711137301366055,0.31981184147525155,6.83826198437996e-06,0.6796102065326269,25,50,20
12,6458,0.0005642120570946143,0.31981874463387766,6.836773934712951e-06,0.6796102065350922,25,50,20
12,6459,0.0005673310231861387,0.3198187446338774,6.8382626704215655e-06,0.6796070860802653,25,50,20
12,6460,0.0005683285887059789,0.31981874463392207,6.841981265754125e-06,0.6796060847961057,25,50,20
12,6461,0.0005673298183129793,0.31981874463386,6.8374856848084365e-06,0.6796070880621419,25,50,20
12,6462,0.0005460504332644599,0.3198187446011765,6.55447038300176e-06,0.6796286504951757,25,50,20
12,6463,0.0005337997305003605,0.31981874460112925,6.475320575127728e-06,0.679640980347795,25,50,20
12,6464,0.0005308879835279634,0.3198216654498917,6.466216415053852e-06,0.6796409803501646,25,50,20
12,6465,0.0005377382039555354,0.31981481308625603,6.4683572883313295e-06,0.6796409803524994,25,50,20
12,6466,0.0006035411466382653,0.31981481308933724,6.6925086054226115e-06,0.6795749532554183,25,50,20
12,6467,0.0006064259447560081,0.3198119396943456,6.681105708902817e-06,0.6795749532551882,25,50,20
12,6468,0.000603410583932621,0.319814953922214,6.682238619679173e-06,0.6795749532552322,25,50,20
12,6469,0.0006044090500820647,0.31981495392225906,6.685458396572359e-06,0.6795739515692609,25,50,20
12,6470,0.0006032531144186642,0.31981495392230275,6.689538437772038e-06,0.67957510342484,25,50,20
12,6471,0.0005981877853586432,0.31981495392225134,6.700161204708464e-06,0.6795801581311843,25,50,20
12,6472,0.0005952413707665545,0.319814953922259,6.696704692496951e-06,0.6795831080022804,25,50,20
12,6473,0.0005254500606297845,0.31981495392063997,6.4410643090176455e-06,0.6796531549544195,25,50,20
12,6474,0.000526520481412795,0.31981495392056064,1.1136494967252956e-05,0.6796473891030574,25,50,20
12,6475,0.000519600390371701,0.31982187723365346,1.1133280055301811e-05,0.6796473890959177,25,50,20
12,6476,0.0005166201603634317,0.31982187723367145,1.1134080309457078e-05,0.6796503685256539,25,50,20
12,6477,0.0005274244473325039,0.3198218772337012,1.1122547640745016e-05,0.6796395757713237,25,50,20
12,6478,0.0005305423135382853,0.31982187723370165,1.1123089529694561e-05,0.6796364573632289,25,50,20
12,6479,0.0005374452343495967,0.3198149727590441,1.1124645842601117e-05,0.6796364573607623,25,50,20
12,6480,0.0005404238311361878,0.31981199450491987,1.1124298506997165e-05,0.6796364573654355,25,50,20
12,6481,0.0005414040917612501,0.3198119945049548,1.1127334100795344e-05,0.6796354740691817,25,50,20
12,6482,0.0005423929423807491,0.3198119945038578,1.1085928900777157e-05,0.6796345266248592,25,50,20
12,6483,0.0005423573574629567,0.3198120286504097,1.1087360040679752e-05,0.6796345266320849,25,50,20
12,6484,0.0005422473780892365,0.3198120286504276,1.1085606736904337e-05,0.6796346383647445,25,50,20
12,6485,0.0004754429670034753,0.319884285324364,5.633908018789752e-06,0.6796346378006115,25,50,20
12,6486,0.00047539000111965543,0.3198843377510926,5.634454397824505e-06,0.6796346377933876,25,50,20
12,6487,0.000473356677789924,0.31988636952998517,5.636001341565931e-06,0.6796346377908811,25,50,20
12,6488,0.00046638482515292957,0.31989334437267863,5.633015958573653e-06,0.6796346377862075,25,50,20
12,6489,0.0004693639303553908,0.3198903673993282,5.63088410990191e-06,0.6796346377862043,25,50,20
12,6490,0.0004694340185752322,0.319890297015683,5.631181830749012e-06,0.6796346377839079,25,50,20
12,6491,0.0004724305270225229,0.319890297015702,5.632549763115167e-06,0.6796316399075094,25,50,20
12,6492,0.00047530394970681324,0.31989029701569327,5.632011144629984e-06,0.6796287670234523,25,50,20
12,6493,0.0004770684463285462,0.3198902970151468,5.592068448008401e-06,0.6796270424700737,25,50,20
12,6494,0.0004780321281087396,0.3198902970151815,5.594035458020768e-06,0.6796260768212489,25,50,20
12,6495,0.0004823131644740914,0.31988598157043563,5.628443380109488e-06,0.6796260768217073,25,50,20
12,6496,0.0004793329669178615,0.3198859815704537,9.296716363574605e-07,0.6796337557909894,25,50,20
12,6497,0.00047640733040601324,0.3198889071120625,9.297711298469512e-07,0.6796337557863985,25,50,20
12,6498,0.0004117432565861146,0.3198889071088933,6.992879174508901e-07,0.6796986503466002,25,50,20
12,6499,0.0004146865888814748,0.31988596377842105,6.992860951085817e-07,0.6796986503465994,25,50,20
12,6500,0.0004297743885934038,0.31988596377854756,7.094196449493e-07,0.6796835524132109,25,50,20
12,6501,0.0004297742022686548,0.31988596377855605,7.100206768044583e-07,0.6796835519984954,25,50,20
12,6502,0.00043178900334618414,0.31988596377852974,7.070993149212267e-07,0.6796815401188061,25,50,20
12,6503,0.000424866347601577,0.3198928897688828,7.037670449146861e-07,0.679681540116468,25,50,20
12,6504,0.0004270054362973908,0.31989075263936195,7.01812546452204e-07,0.6796815401117913,25,50,20
12,6505,0.0004300533849359075,0.3198877046967116,7.018066030502612e-07,0.6796815401117463,25,50,20
12,6506,0.00043002082745121663,0.319887704696703,7.022840317398421e-07,0.6796815721918114,25,50,20
12,6507,0.00042994951775768736,0.3198877046967026,7.007235879448846e-07,0.6796816450619494,25,50,20
12,6508,0.0004379898897122796,0.3198877046968005,7.087908596898358e-07,0.679673596622625,25,50,20
12,6509,0.0004419644468298168,0.31988372673665244,7.12189131596688e-07,0.6796735966273836,25,50,20
12,6510,0.0004419808462026647,0.31988370920494563,7.133118108483783e-07,0.6796735966370383,25,50,20
12,6511,0.0004449260509767192,0.3198807642177658,7.130965975081573e-07,0.6796735966346574,25,50,20
12,6512,0.000445063756775601,0.3198806249494133,7.146518846455776e-07,0.6796735966419241,25,50,20
12,6513,0.0004519500490032184,0.31987373656242096,7.167421417559454e-07,0.6796735966464316,25,50,20
12,6514,0.0004519510623186051,0.3198737365624302,7.168770015219221e-07,0.6796735954982477,25,50,20
12,6515,0.00038735735798262874,0.3198737365603255,5.363467439247071e-07,0.6797383697349462,25,50,20
12,6516,0.0003872698485476799,0.3198738262318598,5.341942998221902e-07,0.6797383697252909,25,50,20
12,6517,0.0003952228659996312,0.3198738262319124,5.394377359653568e-07,0.6797304114643503,25,50,20
12,6518,0.00039208829475418305,0.3198738262319207,5.785045136711917e-07,0.67973350696881,25,50,20
12,6519,0.00038996952556414466,0.3198738262319746,5.818729875071923e-07,0.679735622369472,25,50,20
12,6520,0.00039191433453038586,0.3198738262320545,5.865869152797392e-07,0.6797336728464984,25,50,20
12,6521,0.0003909838920086304,0.3198738262320182,5.834723689742245e-07,0.6797346064036027,25,50,20
12,6522,0.0003869896295409251,0.31987382623199173,5.800518673269439e-07,0.6797386040865989,25,50,20
12,6523,0.0003871119799901796,0.3198738262319562,5.789536378589597e-07,0.6797384828344147,25,50,20
12,6524,0.00039103743461628703,0.31987382623201766,5.824414756298426e-07,0.6797345538918894,25,50,20
12,6525,0.0003948756183132388,0.31986998658934274,5.839030018383077e-07,0.6797345538893412,25,50,20
12,6526,0.00039482367368022726,0.3198700386044072,5.838325706721216e-07,0.679734553889341,25,50,20
12,6527,0.0003997858043739107,0.3198700386043437,5.802398732342113e-07,0.6797295953514082,25,50,20
12,6528,0.00039973389637892756,0.3198700903449606,5.804049115346656e-07,0.6797295953537477,25,50,20
12,6529,0.00040064679685650943,0.3198700903449864,5.827232191983228e-07,0.6797286801349371,25,50,20
12,6530,0.0008548929423889103,0.31941502212271566,1.4047802838784422e-06,0.6797286801546107,25,50,20
12,6531,0.000852001869322426,0.3194179128177793,1.4051535249759046e-06,0.6797286801593717,25,50,20
12,6532,0.0008490619669994033,0.31942085263405134,1.4052393615922364e-06,0.679728680159586,25,50,20
12,6533,0.0008520934796062285,0.3194208526340421,1.4060418932991915e-06,0.6797256478444568,25,50,20
12,6534,0.0008530235099888013,0.31941991763759026,1.4110077906020403e-06,0.6797256478446287,25,50,20
12,6535,0.0008457461834537037,0.3194272293212482,1.3766511690097037e-06,0.6797256478441273,25,50,20
12,6536,0.0008397559981871421,0.3194272293212752,1.378111531160085e-06,0.6797316365690047,25,50,20
12,6537,0.0008367047522870449,0.3194272293212932,1.3768696016202008e-06,0.679734689056816,25,50,20
12,6538,0.0008258085978148161,0.3194272293212409,1.3716478475415195e-06,0.6797455904330947,25,50,20
12,6539,0.0008260046391938988,0.3194272293212328,1.3722482565349154e-06,0.6797453937913148,25,50,20
12,6540,0.0008119007980931257,0.3194272293212044,1.3717858008395758e-06,0.6797594980948997,25,50,20
12,6541,0.0009195958434397087,0.3193193270026524,1.5790490983993287e-06,0.6797594981048077,25,50,20
12,6542,0.0009157377090187814,0.31931932700261817,1.5756063077576037e-06,0.6797633596820539,25,50,20
12,6543,0.0009167712797600745,0.31931932700254917,1.5696547253064724e-06,0.6797623320629641,25,50,20
12,6544,0.0009145440033678996,0.3193193270004514,1.5328857137016365e-06,0.6797645961104654,25,50,20
12,6545,0.0009174872936031125,0.3193163837352351,1.53286090614201e-06,0.6797645961102541,25,50,20
12,6546,0.0009174189242574572,0.31931638373521726,1.5321061107752126e-06,0.6797646652344129,25,50,20
12,6547,0.0009144731014288783,0.3193193296170648,1.5320470940646685e-06,0.6797646652344107,25,50,20
12,6548,0.0009094962453706532,0.319324302282019,1.5362284630769926e-06,0.6797646652441455,25,50,20
12,6549,0.0009125655105193302,0.3193212266597644,1.5422872586788268e-06,0.6797646655424557,25,50,20
12,6550,0.0009771562664968605,0.3193212266629514,1.7729846537367433e-06,0.6796998440858962,25,50,20
12,6551,0.0009760583895859865,0.3193212266650734,1.80988887986799e-06,0.6797009050564589,25,50,20
12,6552,0.0009761273818973358,0.3193211567664065,1.8107903856081386e-06,0.6797009050613088,25,50,20
12,6553,0.0009752674307328606,0.31932115676638906,1.8091028928363579e-06,0.6797017666999834,25,50,20
12,6554,0.000980220675524362,0.31932115676430195,1.7746673919242185e-06,0.67969684789278,25,50,20
12,6555,0.0009772255844049664,0.3193241517909168,1.7747318966928742e-06,0.6796968478927796,25,50,20
12,6556,0.0008626267264894244,0.3194389600852171,1.5653052925334129e-06,0.6796968478829983,25,50,20
12,6557,0.0008586672472632933,0.3194389600852091,1.5637803384583829e-06,0.6797008088871865,25,50,20
12,6558,0.0008776180815526627,0.31941999620276884,1.5768042237561582e-06,0.6797008089114521,25,50,20
12,6559,0.0008815779376165326,0.3194199962028207,1.5801113098534047e-06,0.6796968457482506,25,50,20
12,6560,0.00042030651174265326,0.3198820924714202,7.552930151923841e-07,0.6796968457238198,25,50,20
12,6561,0.0004015462893118894,0.31990086121550154,7.467859777777382e-07,0.6796968457092066,25,50,20
12,6562,0.0004053976064024023,0.31990086121554495,7.478128068917968e-07,0.6796929933652436,25,50,20
12,6563,0.00040539883819992024,0.3199008612155542,7.484791962009323e-07,0.6796929914670478,25,50,20
12,6564,0.0004044188695100336,0.31990184314885184,7.46514503630578e-07,0.6796929914671324,25,50,20
12,6565,0.0004074146643520455,0.31990184314882525,7.455428922680199e-07,0.6796899966439284,25,50,20
12,6566,0.0004034374969520416,0.3199018431487631,7.414640510918181e-07,0.6796939778902317,25,50,20
12,6567,0.00040544997692331183,0.3199018431487102,7.37142888352977e-07,0.6796919697314759,25,50,20
12,6568,0.0004064306542862204,0.3199018431487538,7.402140395226885e-07,0.6796909859829182,25,50,20
12,6569,0.00040639712914665194,0.3199018431487546,7.404141780972585e-07,0.679691019307919,25,50,20
12,6570,0.0004094982251166326,0.319898742588418,7.398784641208254e-07,0.6796910193079994,25,50,20
12,6571,0.0004065702146520594,0.3199016670088156,7.43470742683788e-07,0.6796910193057879,25,50,20
12,6572,0.0004057105295263162,0.31990166700878975,7.41118464807245e-07,0.6796918813432172,25,50,20
12,6573,0.0004056963782237877,0.31990168475305497,7.375232045984684e-07,0.6796918813455148,25,50,20
12,6574,0.00040559108200375596,0.3199017903308249,7.372464622784717e-07,0.6796918813407072,25,50,20
12,6575,0.0004084484147944082,0.3198989375216437,7.327325458947591e-07,0.6796918813310137,25,50,20
12,6576,0.00041140998836205876,0.31989893752167015,6.946766747057391e-07,0.679688957813291,25,50,20
12,6577,0.00041342202085858736,0.3198989375215808,6.851384073205838e-07,0.6796869553191515,25,50,20
12,6578,0.0004133869817108198,0.3198989746142703,6.830922628576132e-07,0.6796869553117536,25,50,20
12,6579,0.0004094636094910013,0.3198989746142283,2.302367314295192e-06,0.6796892594089639,25,50,20
12,6580,0.0004104460450318496,0.31989798886480314,2.30567163298092e-06,0.6796892594185294,25,50,20
12,6581,0.00041337095089540233,0.3198979888647849,2.304319568247118e-06,0.6796863358647492,25,50,20
12,6582,0.00040233670832041317,0.319897988864679,2.2961675627673263e-06,0.6796973782594357,25,50,20
12,6583,0.0004022835342693166,0.3198979888646864,6.738835317756956e-07,0.6796990537175105,25,50,20
12,6584,0.00040827416117638965,0.3198919984436821,6.736800515826324e-07,0.6796990537150879,25,50,20
12,6585,0.00034049228492414907,0.3198919984404948,4.4213594550371257e-07,0.6797670671386333,25,50,20
12,6586,0.00033951079448274615,0.31989298422940377,4.3783513870016066e-07,0.6797670671409723,25,50,20
12,6587,0.00034261637866517947,0.31988987708416955,4.393913185483287e-07,0.6797670671458442,25,50,20
12,6588,0.00034561108147051453,0.3198868829964105,4.3877878395811046e-07,0.6797670671433325,25,50,20
12,6589,0.0003485381327787229,0.31988395684231835,4.37886372146787e-07,0.6797670671385282,25,50,20
12,6590,0.0003455414489794504,0.31988395684229204,4.370217581235528e-07,0.679770064686968,25,50,20
12,6591,0.00034377800919750115,0.3198839568428112,4.7631196978190067e-07,0.6797717888360191,25,50,20
12,6592,0.0003416916476107467,0.3198860444426974,4.75357563371269e-07,0.6797717885521258,25,50,20
12,6593,0.00041253150188317467,0.31988604444488666,6.641308885800541e-07,0.6797007599223389,25,50,20
12,6594,0.00042057979491472603,0.31988604444594115,6.945627419512911e-07,0.6796926811963998,25,50,20
12,6595,0.00041763644859594754,0.31988898758313816,6.947695238245843e-07,0.6796926811987396,25,50,20
12,6596,0.0004185474744450359,0.3198889875831548,6.974333390649161e-07,0.6796917675090589,25,50,20
12,6597,0.0004154400409816058,0.31989209679530806,6.956619030521764e-07,0.679691767501805,25,50,20
12,6598,0.0004124969857428493,0.3198920967953086,6.956994817961875e-07,0.6796947105194646,25,50,20
12,6599,0.0004124803601820135,0.3198920967953081,6.951024346729035e-07,0.6796947277420728,25,50,20
12,6600,0.0004095371827561512,0.3198950400128366,6.950623302107421e-07,0.6796947277420748,25,50,20
12,6601,0.0004124646680353578,0.31989211334788037,6.942468107988975e-07,0.6796947277372712,25,50,20
12,6602,0.00041540986491847906,0.3198891681612182,6.942366726880891e-07,0.6796947277371885,25,50,20
12,6603,0.0004084392818709788,0.3198891681611747,6.911099016176949e-07,0.6797017014470507,25,50,20
12,6604,0.00041542824494906344,0.3198891681612187,6.947886387775401e-07,0.6796947088051916,25,50,20
12,6605,0.00047120869032651685,0.3198330641502983,1.0183443138182933e-06,0.6796947088150594,25,50,20
12,6606,0.00046423928237956225,0.3198400364277276,1.015479336689507e-06,0.6796947088105542,25,50,20
12,6607,0.0004601936862777431,0.31984003642768394,1.0118239609146068e-06,0.6796987580620754,25,50,20
12,6608,0.0004592143315607223,0.3198400364276679,1.0084276141055038e-06,0.6796997408131554,25,50,20
12,6609,0.00046220933077526015,0.3198400364276768,1.00855726720437e-06,0.6796967456842787,25,50,20
12,6610,0.0004652192564111151,0.31983683510979255,1.1999448402199621e-06,0.6796967456889541,25,50,20
12,6611,0.0004652162013345749,0.3198368381122664,1.1999971908650078e-06,0.6796967456892062,25,50,20
12,6612,0.00046526698255568155,0.3198368381122565,1.2000226235642097e-06,0.6796966948825623,25,50,20
12,6613,0.00047223977131524985,0.31983683811229985,1.2031819644638088e-06,0.6796897189344184,25,50,20
12,6614,0.0007055555363278586,0.3198368381149675,1.427800241113283e-06,0.6794561785484615,25,50,20
12,6615,0.0007095323076098099,0.3198368381150028,1.4308229685380222e-06,0.6794521987544171,25,50,20
12,6616,0.0007064480712090466,0.3198368381150017,1.4300441084974165e-06,0.6794552837696787,25,50,20
12,6617,0.0007043129220873066,0.3198368381150539,1.433284767292817e-06,0.6794574156780897,25,50,20
12,6618,0.0007063267033617192,0.31983683811500996,1.4296421211069284e-06,0.6794554055395053,25,50,20
12,6619,0.0007010985220059357,0.31983683811444646,1.3866204898511702e-06,0.6794606767430557,25,50,20
12,6620,0.000704042141005499,0.3198368381144466,1.3866503628393058e-06,0.6794577330941831,25,50,20
12,6621,0.0006482088182015148,0.3198929948714273,1.0632236744016808e-06,0.6794577330866949,25,50,20
12,6622,0.0006412883558124334,0.3198929948713927,1.0602404566889347e-06,0.6794646565323363,25,50,20
12,6623,0.0006414474190403687,0.3198929948734897,1.1411933093906793e-06,0.6794644165141588,25,50,20
12,6624,0.0006394500820758421,0.3198929948735165,1.145151305034715e-06,0.6794664098931009,25,50,20
12,6625,0.00040613400532076016,0.31989299487084805,9.204711010099856e-07,0.6796999506527286,25,50,20
12,6626,0.0004061678419118398,0.3198929593968859,9.221107262161535e-07,0.6796999506504746,25,50,20
12,6627,0.00040730745700062645,0.3198918191020248,9.227998047261742e-07,0.6796999506411683,25,50,20
12,6628,0.0004072732233925442,0.3198918190999199,8.422773796655141e-07,0.6797000653993064,25,50,20
12,6629,0.00040816513657501886,0.3198909308054279,8.386587794939482e-07,0.6797000653992161,25,50,20
12,6630,0.0004050640033162542,0.319894031371167,8.392263788920404e-07,0.6797000653991363,25,50,20
12,6631,0.000408915624559888,0.31989403137121003,8.417869599025578e-07,0.6796962112172686,25,50,20
12,6632,0.00040891470383019857,0.31989403250010784,8.415811718274314e-07,0.6796962112148885,25,50,20
12,6633,0.00040690059973819294,0.3198960435957814,8.445848704311483e-07,0.6796962112196084,25,50,20
12,6634,0.000403904595650505,0.3198960435957727,8.444628584087136e-07,0.6796992073457169,25,50,20
12,6635,0.0004029402064736825,0.31989604359572943,8.42875464164847e-07,0.6797001733223311,25,50,20
12,6636,0.0004068640913101815,0.31989210978470817,8.527968454991707e-07,0.6797001733271337,25,50,20
12,6637,0.00040686645142489847,0.3198921074159619,8.528054353186913e-07,0.6797001733271755,25,50,20
12,6638,0.0004069187996080127,0.31989205536898674,8.524994696985213e-07,0.6797001733319332,25,50,20
12,6639,0.00040490271826143856,0.31989205536901305,8.553988780188103e-07,0.6797021865138453,25,50,20
12,6640,0.0004048898643851397,0.31989205536904997,8.546280110430331e-07,0.6797022001385515,25,50,20
12,6641,0.0004039098981333457,0.31989205536901555,8.516267363721099e-07,0.6797031831061124,25,50,20
12,6642,0.0004068358052293477,0.3198891308130117,8.502757288675807e-07,0.6797031831060276,25,50,20
12,6643,0.00040688753213873746,0.3198891308130203,8.50386513891603e-07,0.6797031312683246,25,50,20
12,6644,0.0004039789208977264,0.319889130813039,8.517774729659946e-07,0.679706038488588,25,50,20
12,6645,0.0004040692137406946,0.3198890393809072,8.529169298365469e-07,0.67970603848842,25,50,20
12,6646,0.00040706427229561645,0.31988903938091545,8.530441269844656e-07,0.6797030433026596,25,50,20
12,6647,0.00041796212544281924,0.3198781347968158,8.597629653100321e-07,0.6797030433147738,25,50,20
12,6648,0.00041893836930413967,0.31987813479681343,8.619814899487353e-07,0.6797020648523902,25,50,20
12,6649,0.00041208725047688305,0.31988499500633993,8.528955499328564e-07,0.6797020648476311,25,50,20
12,6650,0.00041611431545282123,0.31988499500636747,8.546922393626445e-07,0.6796980359859386,25,50,20
12,6651,0.000416990448588352,0.31988499500638506,8.574071695282083e-07,0.6796971571378555,25,50,20
12,6652,0.00041079940738568047,0.31988499500540113,8.330260476501947e-07,0.6797033725611642,25,50,20
12,6653,0.000412863003719765,0.3198829364501077,8.27999335789998e-07,0.6797033725468353,25,50,20
12,6654,0.0004168224675126515,0.31987916530675986,6.396766383274382e-07,0.6797033725490874,25,50,20
12,6655,0.00041589703240657686,0.3198797192583342,1.0111526689221076e-06,0.6797033725565886,25,50,20
12,6656,0.00041595203979802526,0.31987971925832587,1.011038189459111e-06,0.6797033176636846,25,50,20
12,6657,0.00041595112240662104,0.319879719258326,1.01103826196149e-06,0.6797033185810034,25,50,20
12,6658,0.0004249620728192353,0.31987050710036624,1.211538211275288e-06,0.6797033192886012,25,50,20
12,6659,0.0006592379261814202,0.3198705071035579,1.473150263832446e-06,0.6794687818199948,25,50,20
12,6660,0.00065524428513608,0.3198705071034953,1.4692858225273033e-06,0.679472779325544,25,50,20
12,6661,0.00041804258882355316,0.3198705071003134,1.2084073732542786e-06,0.6797102419034877,25,50,20
12,6662,0.00041918269104707003,0.3198705071002253,1.2025903821848552e-06,0.6797091076183434,25,50,20
12,6663,0.00041923626105569705,0.31987050710027176,1.2049962829701483e-06,0.6797090516423876,25,50,20
12,6664,0.0004162411069320113,0.31987349953481153,1.2077158627287686e-06,0.6797090516423917,25,50,20
12,6665,0.000409269580449436,0.31987349953476807,1.2046021347485073e-06,0.6797160262826459,25,50,20
12,6666,0.00040930860699841794,0.3198734995347784,1.2048744166817498e-06,0.6797159869838046,25,50,20
12,6667,0.000409309792610194,0.31987349852627434,1.204699604445067e-06,0.6797159869815093,25,50,20
12,6668,0.0004082933828660956,0.31987349852633684,1.2106625230557062e-06,0.6797169974282725,25,50,20
12,6669,0.00041130668813300415,0.31987349852636343,1.2120893145010998e-06,0.6797139826961873,25,50,20
12,6670,0.0004113076108029009,0.3198734985263633,1.2120860120788686e-06,0.6797139817768199,25,50,20
12,6671,0.0004144267020358065,0.3198734985263635,1.2131177300770032e-06,0.679710861653869,25,50,20
12,6672,0.0004113775453059502,0.31987349852636365,1.21312212190201e-06,0.6797139108062068,25,50,20
12,6673,0.0004142992744903533,0.3198734985263625,1.2135062714690533e-06,0.6797109886928738,25,50,20
12,6674,0.00034443846223630053,0.3198734985242073,1.0276816960528606e-06,0.6797810353318586,25,50,20
12,6675,0.00033751743249433094,0.3198804225722505,1.0246682391775144e-06,0.6797810353270143,25,50,20
12,6676,0.0003384631865806913,0.31987947320313564,1.028278464826257e-06,0.6797810353318171,25,50,20
12,6677,0.0003494814660142452,0.3198684490348962,1.0341576275461174e-06,0.6797810353414603,25,50,20
12,6678,0.00034955154878544875,0.319868752878968,6.602429144583965e-07,0.6797810353293304,25,50,20
12,6679,0.0003464338031600564,0.31986875287896815,6.592332833062061e-07,0.6797841540845869,25,50,20
12,6680,0.0003433852448809157,0.31987180149370964,6.591769484782279e-07,0.6797841540844594,25,50,20
12,6681,0.0003444019530256498,0.3198718014936474,6.532266729553948e-07,0.6797831433266525,25,50,20
12,6682,0.00034055194534932375,0.3198718014936047,7.331975396655467e-07,0.6797869133635053,25,50,20
12,6683,0.0005730330782421917,0.31987180149366895,8.187891012567173e-07,0.6795543466389866,25,50,20
12,6684,0.0005729607324025463,0.3198718758691427,8.167594206870422e-07,0.6795543466390325,25,50,20
12,6685,0.0005728926243938448,0.3198718758691051,8.148951362301551e-07,0.6795544166113635,25,50,20
12,6686,0.0005637597457596043,0.3198812108144301,6.135360864035229e-07,0.6795544159037223,25,50,20
12,6687,0.0005637945234451364,0.31988121081444,6.148489236515347e-07,0.6795543798131896,25,50,20
12,6688,0.000800190790346094,0.3198812108176593,8.790052344379588e-07,0.6793177193867582,25,50,20
12,6689,0.0008001549146823665,0.3198812463142643,8.793843403904441e-07,0.6793177193867109,25,50,20
12,6690,0.0008003649685663193,0.3198812463142923,8.814365861959744e-07,0.6793175072805533,25,50,20
12,6691,0.0007974037798272025,0.31988124631431936,8.832070052299685e-07,0.6793204666988462,25,50,20
12,6692,0.0007994886495898164,0.3198812463143113,8.816528583331343e-07,0.6793183833832386,25,50,20
12,6693,0.0007995054339140488,0.3198812463143384,8.821385757938436e-07,0.67931836611317,25,50,20
12,6694,0.0008104737455769748,0.3198702688584783,8.912732093969673e-07,0.6793183661227338,25,50,20
12,6695,0.0008135931019533056,0.31987026885847825,8.928182559852649e-07,0.6793152452213107,25,50,20
12,6696,0.000810595869888828,0.31987026885845277,8.919545761678931e-07,0.6793182433170809,25,50,20
12,6697,0.0008076718856043189,0.31987319155980304,8.932377198033937e-07,0.679318243316871,25,50,20
12,6698,0.0008107370232198807,0.31987319155983024,8.947190472057082e-07,0.6793151766979009,25,50,20
12,6699,0.0008217038658802549,0.31986221928715647,9.001393721399011e-07,0.6793151767075893,25,50,20
12,6700,0.0005882436909765785,0.3198622192870583,8.11618966538135e-07,0.6795487254029965,25,50,20
12,6701,0.0005882105135656217,0.31986221928703995,8.099928848335542e-07,0.6795487602065073,25,50,20
12,6702,0.0005922425115273523,0.3198581293850611,8.678823469528907e-07,0.6795487602210625,25,50,20
12,6703,0.0005842881816931847,0.3198660904023457,8.612068849193858e-07,0.6795487602090744,25,50,20
12,6704,0.0005909983423813668,0.3198660904023618,8.628108118050131e-07,0.6795420484444432,25,50,20
12,6705,0.0005879861352263436,0.3198660904023438,8.614992843501851e-07,0.6795450619631437,25,50,20
12,6706,0.0005849914515964638,0.3198660904023527,8.621812679359449e-07,0.6795480559647813,25,50,20
12,6707,0.0005849201718742387,0.31986609040234343,8.614718278320879e-07,0.679548127953953,25,50,20
12,6708,0.0005748649523867128,0.31987615113331974,8.559653072209404e-07,0.6795481279489849,25,50,20
12,6709,0.0005749341809339017,0.3198761511333545,8.579942290002147e-07,0.679548056691481,25,50,20
12,6710,0.0005709430007285,0.31988014640606405,8.539065664263307e-07,0.679548056686639,25,50,20
12,6711,0.0005709245567478166,0.3198801464060371,8.519511293005256e-07,0.6795480770860837,25,50,20
12,6712,0.0005640690801383918,0.31988700608438375,8.477493098413655e-07,0.6795480770861659,25,50,20
12,6713,0.0005671333040517501,0.3198870060843751,8.481059956580125e-07,0.6795450125055754,25,50,20
12,6714,0.0005709887050875221,0.31988700608442755,7.697179264554728e-07,0.6795412354925564,25,50,20
12,6715,0.0005770581004546332,0.3198870060855345,8.523961887546162e-07,0.6795350834178202,25,50,20
12,6716,0.0005800540136365797,0.3198870060855258,8.522380230122454e-07,0.6795320876628128,25,50,20
12,6717,0.0003436425509038487,0.3198870060823238,5.877959923154284e-07,0.679768763570778,25,50,20
12,6718,0.00034351733887141476,0.31988700608233234,5.863605414751569e-07,0.6797688902182528,25,50,20
12,6719,0.00034640384281670814,0.31988411967546815,5.862634691395278e-07,0.6797688902182442,25,50,20
12,6720,0.0003462811181340619,0.31988411967547664,5.85888101136719e-07,0.6797690133182863,25,50,20
12,6721,0.00034631788404991255,0.3198840833054949,5.854922063346786e-07,0.6797690133182469,25,50,20
12,6722,0.0003464958322898694,0.3198840833055216,5.879293560753021e-07,0.6797688329328306,25,50,20
12,6723,0.0003465503136538909,0.31988408330550433,5.876792518522693e-07,0.6797687787015881,25,50,20
12,6724,0.0003396420151914083,0.31988408330546897,5.837697935346212e-07,0.6797756909095444,25,50,20
12,6725,0.0003436181954276105,0.31988408330550394,5.867380410499401e-07,0.6797717117610256,25,50,20
12,6726,0.0003437037276341166,0.3198840833055314,5.8824416959577e-07,0.6797716247226632,25,50,20
12,6727,0.00040250011966469517,0.3198840833056031,6.789873554231459e-07,0.6797127375873749,25,50,20
12,6728,0.000638830484560585,0.3198840833056387,7.997636541968076e-07,0.6794762864461448,25,50,20
12,6729,0.0006387095622401435,0.31988408330564705,7.99375910794505e-07,0.6794764077562003,25,50,20
12,6730,0.0006407274551635797,0.31988206884237824,7.959508928436228e-07,0.6794764077515637,25,50,20
12,6731,0.0006426371630746833,0.31988206884243114,8.012268196621234e-07,0.679474492767673,25,50,20
12,6732,0.0006436181085236814,0.319881084768519,8.043481408410326e-07,0.679474492774815,25,50,20
12,6733,0.0005848910236367336,0.31988108476849186,7.16848949132585e-07,0.6795333073589208,25,50,20
12,6734,0.0005849979333614142,0.31988097761924567,7.170933564183656e-07,0.6795333073540348,25,50,20
12,6735,0.000578217907886714,0.31988097761922957,7.154843284242072e-07,0.6795400889885537,25,50,20
12,6736,0.0005772367505751115,0.31988196126439805,7.130012294217667e-07,0.6795400889837953,25,50,20
12,6737,0.0005703861562079771,0.31988196126436336,7.100123269181929e-07,0.6795469425670998,25,50,20
12,6738,0.0005734884990997926,0.31988196126433643,7.10351561778828e-07,0.6795438398849997,25,50,20
12,6739,0.0005735270015302332,0.3198819236143373,7.094968336539348e-07,0.6795438398872966,25,50,20
12,6740,0.0005666054912108428,0.31988890260370445,6.520275361130621e-07,0.6795438398775464,25,50,20
12,6741,0.0005676392083264599,0.31988890260365144,6.467371620581159e-07,0.679542811450858,25,50,20
12,6742,0.0005736308975210889,0.3198889026036343,6.459970477644025e-07,0.679536820501795,25,50,20
12,6743,0.0005744191643401804,0.31988890260365943,6.467602699488669e-07,0.6795360314717287,25,50,20
12,6744,0.0005764330281876179,0.3198868917632782,6.43741607844924e-07,0.6795360314669244,25,50,20
12,6745,0.0005793774586183966,0.3198839473199907,6.437544243299311e-07,0.6795360314669648,25,50,20
12,6746,0.0005834242388665287,0.3198798972471342,6.470445698857221e-07,0.6795360314694275,25,50,20
12,6747,0.0006371108673377873,0.31987989724614174,6.943743318895962e-07,0.6794822975121869,25,50,20
12,6748,0.0006340641239739931,0.31988294230274983,6.960490107297373e-07,0.6794822975242633,25,50,20
12,6749,0.0006340681171490537,0.3198829352269417,6.991219037667336e-07,0.6794822975340032,25,50,20
12,6750,0.000634104541554929,0.3198829352269327,6.98445950054498e-07,0.6794822617855606,25,50,20
12,6751,0.0005773806989878875,0.3198829352267916,5.674457726900888e-07,0.679539116628446,25,50,20
12,6752,0.0005743985866820415,0.31988293522678285,5.678317360864038e-07,0.6795420983547971,25,50,20
12,6753,0.0005715081291635712,0.3198829352267918,5.684769854197184e-07,0.6795449881670572,25,50,20
12,6754,0.00056843806699315,0.319886009175916,5.646046165228934e-07,0.6795449881524724,25,50,20
12,6755,0.000569329711171912,0.3198860091759324,5.661632256163708e-07,0.679544094949668,25,50,20
12,6756,0.0006300973445830117,0.3198251457008703,6.619879683523337e-07,0.6795440949665763,25,50,20
12,6757,0.0006299757287464989,0.3198251457008437,6.605826168771728e-07,0.679544217987791,25,50,20
12,6758,0.0006299769836770699,0.3198251438028618,6.61225668550858e-07,0.6795442179877906,25,50,20
12,6759,0.000629909374993238,0.31982521185405055,6.60783200105853e-07,0.6795442179877541,25,50,20
12,6760,0.0006338324188624302,0.3198212850248731,6.645589884183506e-07,0.6795442179972743,25,50,20
12,6761,0.0006342609265861596,0.3198212850248678,6.673801631134863e-07,0.6795437866683811,25,50,20
12,6762,0.0006340678456802547,0.3198212850248755,6.656241432919006e-07,0.6795439815052993,25,50,20
12,6763,0.0006319823475672038,0.3198212850248919,6.693489684333344e-07,0.6795460632785709,25,50,20
12,6764,0.0006317647904479276,0.31982128502496976,7.922401669148975e-07,0.6795461579444138,25,50,20
12,6765,0.0006307985516622278,0.3198212850249179,7.890012074252413e-07,0.6795471274222109,25,50,20
12,6766,0.0006306928884231365,0.31982128502486484,7.86671830794665e-07,0.6795472354148796,25,50,20
12,6767,0.0006306238907361195,0.3198213549192477,7.857799798292434e-07,0.6795472354100345,25,50,20
12,6768,0.0006865773871607713,0.31982135491937386,9.141835659429703e-07,0.6794911535098977,25,50,20
12,6769,0.0006306243365490914,0.31982135491924746,7.862806981866294e-07,0.6795472344635034,25,50,20
12,6770,0.0006336584376961027,0.31982135491924707,7.860920300768694e-07,0.679544200551025,25,50,20
12,6771,0.0006406852221279932,0.3198213549192823,7.890660428191869e-07,0.6795371707925453,25,50,20
12,6772,0.0006376898431167733,0.31982135491927344,7.888988435715298e-07,0.6795401663387647,25,50,20
12,6773,0.0006376892296958875,0.3198213549192731,7.888448972343287e-07,0.6795401670061328,25,50,20
12,6774,0.0006427461264644483,0.3198162931715482,7.936883873418038e-07,0.6795401670135989,25,50,20
12,6775,0.0006427308291668102,0.3198162931715216,7.917277458758811e-07,0.6795401842715646,25,50,20
12,6776,0.0006397351289360063,0.31981629317151344,7.916429347022284e-07,0.6795431800566147,25,50,20
12,6777,0.0006426578927520545,0.31981337312497504,7.88937776124056e-07,0.6795431800444957,25,50,20
12,6778,0.0006446199594759498,0.3198133731250456,7.939552736460759e-07,0.6795412129602034,25,50,20
12,6779,0.0006406397803143226,0.3198173569817191,7.902824863711676e-07,0.679541212955479,25,50,20
12,6780,0.0006375366925858236,0.3198173569817192,7.89774784749204e-07,0.6795443165509089,25,50,20
12,6781,0.0007073311453788918,0.31981735698543967,1.001968316027245e-06,0.679474309900864,25,50,20
12,6782,0.0007103271367691091,0.3198173569854483,1.0020999738073076e-06,0.6794713137778075,25,50,20
12,6783,0.0007133762667756113,0.3198143078901125,1.0020653013725983e-06,0.6794713137778089,25,50,20
12,6784,0.0007113084129199892,0.3198163725707505,1.0052312509066958e-06,0.6794713137850771,25,50,20
12,6785,0.0007074792917102333,0.3198163725707909,1.013651128257653e-06,0.6794751344863692,25,50,20
12,6786,0.000704324724318429,0.31981637257071827,8.879193056272036e-07,0.6794784147856564,25,50,20
12,6787,0.001165507838207321,0.31981637257085227,1.074642872008802e-06,0.6790170449480672,25,50,20
12,6788,0.00116256447547388,0.31981931584542633,1.0747286914424206e-06,0.6790170449504074,25,50,20
12,6789,0.0009324180947697891,0.3198193158454019,9.546743742015408e-07,0.6792473113854526,25,50,20
12,6790,0.0009304174033857667,0.3198213115208038,9.596856376423612e-07,0.6792473113901711,25,50,20
12,6791,0.0009316381423690567,0.31982131152085236,1.0307421979701287e-06,0.6792460195945789,25,50,20
12,6792,0.000933774952248351,0.3198213115208182,1.0267216209883643e-06,0.679243886805311,25,50,20
12,6793,0.0009337764888079284,0.3198213098932871,1.0268124649132535e-06,0.6792438868054386,25,50,20
12,6794,0.0009337752638663174,0.319821309893305,1.0271026314349425e-06,0.6792438877401957,25,50,20
12,6795,0.0009415968232611366,0.3198213098933183,1.021887504879674e-06,0.6792360713959141,25,50,20
12,6796,0.0009426122479032553,0.31982130989338137,1.0333430407331525e-06,0.6792350445156733,25,50,20
12,6797,0.0009426143947678773,0.319821309893382,1.0333816981722029e-06,0.6792350423301505,25,50,20
12,6798,0.0009456813722117027,0.31982130989336516,1.0336713902079975e-06,0.6792319750630317,25,50,20
12,6799,0.0009417027653324939,0.3198213098933108,1.0299485058002555e-06,0.6792359573928495,25,50,20
12,6800,0.0009387740036008874,0.3198213098933291,1.0304444021758674e-06,0.6792388856586662,25,50,20
12,6801,0.0009468231817748596,0.31982130989539054,1.0944422402584676e-06,0.679230772480593,25,50,20
12,6802,0.0009539529333176397,0.31981417521219563,1.09937138483137e-06,0.6792307724831004,25,50,20
12,6803,0.00095293780445315,0.31981417521213396,1.0880394027070747e-06,0.6792317989440088,25,50,20
12,6804,0.000946026032460083,0.31981417521370337,1.2284221459791524e-06,0.6792385703316891,25,50,20
12,6805,0.0009459206466565156,0.3198141752136854,1.2281127751459211e-06,0.6792386760268816,25,50,20
12,6806,0.0009450107441611192,0.31981508613949106,1.227096690858356e-06,0.6792386760196558,25,50,20
12,6807,0.0009459922293834344,0.3198150861395259,1.2306332719277948e-06,0.6792376909978175,25,50,20
12,6808,0.0009490410879764196,0.31981508613955234,1.231580206619653e-06,0.6792346411922635,25,50,20
12,6809,0.0009490245863444216,0.3198151048152784,1.2294061941439552e-06,0.6792346411921819,25,50,20
12,6810,0.0008882030519694859,0.3198760224042552,1.133370801309364e-06,0.6792346411729733,25,50,20
12,6811,0.0008852084682624267,0.31987602240429125,1.135177835901525e-06,0.6792376339496095,25,50,20
12,6812,0.0008852084571676884,0.319876022404291,1.1351316788543444e-06,0.6792376340068614,25,50,20
12,6813,0.0008881369190699885,0.3198760224042552,1.1328477034925341e-06,0.6792347078289702,25,50,20
12,6814,0.0008760421401619226,0.31987602240214963,1.065181819564458e-06,0.6792468702758678,25,50,20
12,6815,0.0008721103665357816,0.31987602240052704,9.206667621776137e-07,0.679250946566174,25,50,20
12,6816,0.0008721106899507789,0.3198760224005276,9.207023373757028e-07,0.6792509462071834,25,50,20
12,6817,0.0008720044341083813,0.3198760224004919,9.201368766875492e-07,0.6792510530285223,25,50,20
12,6818,0.0008648731779063396,0.31988315883940316,9.149589306464894e-07,0.6792510530237591,25,50,20
12,6819,0.0009318639050294403,0.3198159528843368,1.1298892602798444e-06,0.6792510533213726,25,50,20
12,6820,0.0009289196268247085,0.3198159528843356,1.1297900736930733e-06,0.6792539976987652,25,50,20
12,6821,0.0009289723140157646,0.31981590004679544,1.1299381239137686e-06,0.6792539977010641,25,50,20
12,6822,0.0009318456424344642,0.31981590004679505,1.1298868835037046e-06,0.6792511244238862,25,50,20
12,6823,0.0009318625310081482,0.31981590004679616,1.1294476133805164e-06,0.6792511079745814,25,50,20
12,6824,0.0009287986298461469,0.31981590004677013,1.1280542017702556e-06,0.679254173269181,25,50,20
12,6825,0.000926683249700827,0.31981802026558026,1.1232230028674578e-06,0.6792541732617149,25,50,20
12,6826,0.000925491207019685,0.3198180202656681,1.1290794866203039e-06,0.6792553594478247,25,50,20
12,6827,0.0009285768505541537,0.3198180202656878,1.1305367292807327e-06,0.6792522723470276,25,50,20
12,6828,0.0009275628860837544,0.31981802026565226,1.12742293696861e-06,0.6792532894253259,25,50,20
12,6829,0.0009275346066181379,0.3198180202656706,1.1271680167197118e-06,0.6792533179596935,25,50,20
12,6830,0.0009304776871972857,0.3198180202656704,1.1271437399875508e-06,0.6792503749033912,25,50,20
12,6831,0.0009304764608607664,0.3198180202656701,1.1271194885602921e-06,0.6792503761539794,25,50,20
12,6832,0.0009324911722186995,0.31981600858002607,1.1240984965681217e-06,0.6792503761492575,25,50,20
12,6833,0.000862748421115909,0.31981600857631387,9.120137409791634e-07,0.6793203309888277,25,50,20
12,6834,0.0008628009769926132,0.319815955975693,9.120584854618153e-07,0.6793203309888274,25,50,20
12,6835,0.000863963270920173,0.319815955976785,9.700902173022574e-07,0.6793191106620761,25,50,20
12,6836,0.0010972687783017644,0.3198159559789536,1.084658463545354e-06,0.6790856905842796,25,50,20
12,6837,0.0010972674764938137,0.31981595597894436,1.0839799235531704e-06,0.6790856925646367,25,50,20
12,6838,0.001094193918866848,0.3198159559789701,1.0859326291552109e-06,0.6790887641695323,25,50,20
12,6839,0.0010921269380079388,0.3198159559790134,1.0890827661350412e-06,0.6790908280002111,25,50,20
12,6840,0.0010991003747479737,0.31981595597904733,1.092526522595076e-06,0.6790838511196806,25,50,20
12,6841,0.001100099470891764,0.31981595597910184,1.0954204578505391e-06,0.6790828491295473,25,50,20
12,6842,0.001098155536780412,0.31981595597902096,1.0885911872459398e-06,0.6790847998930102,25,50,20
12,6843,0.0010981706016235143,0.31981594064444524,1.0888632177219981e-06,0.6790847998907126,25,50,20
12,6844,0.001101166493200582,0.3198129447607766,1.0888555217288094e-06,0.6790847998905001,25,50,20
12,6845,0.0010961706751672672,0.31981294476083083,1.0922682856325968e-06,0.6790897922957153,25,50,20
12,6846,0.001026236619478712,0.3198830940258039,8.773565706644749e-07,0.6790897919981451,25,50,20
12,6847,0.0010161809963390072,0.3198931525641864,8.744414940994231e-07,0.6790897919979787,25,50,20
12,6848,0.0010163905037446747,0.3198929159433633,9.015427475571832e-07,0.6790897920101423,25,50,20
12,6849,0.000780868185721336,0.319892915941128,7.136214223514206e-07,0.6793255022517265,25,50,20
12,6850,0.0007778042469212156,0.31989291594110125,7.121503210577304e-07,0.6793285676616544,25,50,20
12,6851,0.000785794904704569,0.3198929159401094,6.658910387194415e-07,0.6793206232641452,25,50,20
12,6852,0.0010100114355733284,0.31989291594268626,8.780589256771704e-07,0.6790961945628127,25,50,20
12,6853,0.0010070668906421404,0.3198929159426857,8.780090456450804e-07,0.6790991391576245,25,50,20
12,6854,0.0010040189909451297,0.3198929159426865,8.780481537294999e-07,0.6791021870182129,25,50,20
12,6855,0.0010031228539911544,0.3198929159426614,8.757768620501287e-07,0.6791030854264837,25,50,20
12,6856,0.0010041399738669875,0.3198929159425815,8.690651822288877e-07,0.6791020750183675,25,50,20
12,6857,0.0010079772892332842,0.3198929159425881,8.709906726254953e-07,0.6790982357775043,25,50,20
12,6858,0.0010079249076988353,0.31989296769212083,8.716226733119339e-07,0.6790982357775053,25,50,20
12,6859,0.0010109900974072767,0.3198929676921123,8.719945279484136e-07,0.6790951702159509,25,50,20
12,6860,0.0010089928859713813,0.3198929676921562,8.756435876369965e-07,0.6790971637782833,25,50,20
12,6861,0.0010067686397936134,0.3198952160221726,8.515671908178139e-07,0.6790971637708416,25,50,20
12,6862,0.0010089050773235543,0.31989521602212956,8.489255898233325e-07,0.6790950299749551,25,50,20
12,6863,0.0010118967528845845,0.319895216022137,8.489788602702625e-07,0.679092038246116,25,50,20
12,6864,0.001015013162923781,0.31989210067991425,8.479109622996532e-07,0.6790920382461977,25,50,20
12,6865,0.0005540216020922926,0.31989210067980745,6.627528151270331e-07,0.6795532149652831,25,50,20
12,6866,0.0005551752016044191,0.3198921006808871,7.288168904603042e-07,0.679551995300616,25,50,20
12,6867,0.0005551225884201906,0.3198921006808431,7.286383868406121e-07,0.6795520480923481,25,50,20
12,6868,0.000555191328864709,0.31989210068085205,7.293169905633075e-07,0.6795519786732909,25,50,20
12,6869,0.0005581171859705414,0.3198921006808253,7.282391834004963e-07,0.6795490538940189,25,50,20
12,6870,0.0005582376036163836,0.31989210068084284,7.290311463570793e-07,0.6795489326843926,25,50,20
12,6871,0.0005522459702751426,0.31989809256785473,7.287823168221729e-07,0.6795489326795515,25,50,20
12,6872,0.00032684681233383214,0.31989809256524837,5.109292688752089e-07,0.6797745496931472,25,50,20
12,6873,0.0003247814525545411,0.31990015412529355,5.147194360895459e-07,0.6797745497027141,25,50,20
12,6874,0.00032784842485011315,0.31990015412528505,5.163041982091316e-07,0.6797714811456649,25,50,20
12,6875,0.0003247307704659258,0.31990327204438584,5.160395632980403e-07,0.6797714811455831,25,50,20
12,6876,0.00032473233975519847,0.3199032720443949,5.162046477216123e-07,0.6797714794112008,25,50,20
12,6877,0.00032380443741689103,0.3199042033602996,5.12793463090277e-07,0.6797714794088191,25,50,20
12,6878,0.00033567334689449044,0.3199042033614133,5.962993406465113e-07,0.6797595269923504,25,50,20
12,6879,0.00033567171376511614,0.31990420336142267,5.959598810873722e-07,0.67975952896493,25,50,20
12,6880,0.00033475806336710523,0.31990511993339765,5.930430668735593e-07,0.6797595289601671,25,50,20
12,6881,0.0003347718526203107,0.3199051199334068,5.937061943701749e-07,0.6797595145077772,25,50,20
12,6882,0.0003386612927243038,0.31990511993355875,6.066414752469869e-07,0.6797556121322406,25,50,20
12,6883,0.00033862871933160865,0.31990511993355836,6.055837567205583e-07,0.6797556457633519,25,50,20
12,6884,0.000335632788623424,0.3199081157030119,6.057426296073368e-07,0.6797556457657333,25,50,20
12,6885,0.0003436983323804675,0.31990811570460986,6.793424044977558e-07,0.679747506620603,25,50,20
12,6886,0.00034293058466953796,0.3199081157047194,6.882780574051931e-07,0.6797482654325516,25,50,20
12,6887,0.00034075683551856845,0.31990811570461014,6.793616617778049e-07,0.6797504480982074,25,50,20
12,6888,0.00034175464197203027,0.3199081157046734,6.851441740615256e-07,0.6797494445091785,25,50,20
12,6889,0.0003426659648326643,0.3199081157046902,6.873154621258593e-07,0.6797485310150131,25,50,20
12,6890,0.00034165003548641273,0.3199081157046272,6.843329675616842e-07,0.6797495499269169,25,50,20
12,6891,0.00033961946796175923,0.31990811570354055,6.173326290669257e-07,0.6797516474958666,25,50,20
12,6892,0.00034256310711840946,0.31990517222602477,6.171732864972299e-07,0.6797516474935683,25,50,20
12,6893,0.0003406369409311433,0.31990517222592657,6.083904020280311e-07,0.6797535824427383,25,50,20
12,6894,0.00034058313096327385,0.3199052263153896,6.081108243441074e-07,0.679753582442821,25,50,20
12,6895,0.0003435113769118907,0.31990229900671774,6.071783507460792e-07,0.6797535824380178,25,50,20
12,6896,0.000338442315266548,0.3199022990051114,5.334650420490797e-07,0.6797587252145781,25,50,20
12,6897,0.0003375117934845282,0.31990323314807234,5.298510900597433e-07,0.6797587252073511,25,50,20
12,6898,0.0003406488188184296,0.3199000939777619,5.31996022993278e-07,0.679758725207394,25,50,20
12,6899,0.0003444319842831024,0.31989630911388717,5.336849548439223e-07,0.6797587252168724,25,50,20
12,6900,0.00034462256798252185,0.3198961173631876,5.348517882570145e-07,0.679758725217039,25,50,20
12,6901,0.000588743716836847,0.3196517446728205,7.860969633712321e-07,0.6797587255133767,25,50,20
12,6902,0.0005777948767619635,0.31965174467274154,7.809528000886465e-07,0.6797696794976942,25,50,20
12,6903,0.0005807560972878322,0.3196517446727499,7.784848838147711e-07,0.6797667207450762,25,50,20
12,6904,0.0005817370608110279,0.3196517446727852,7.830167241849889e-07,0.6797657352496774,25,50,20
12,6905,0.0005811074483932718,0.31965174467272556,7.732539391017849e-07,0.6797663746249399,25,50,20
12,6906,0.00033998347669078816,0.3198931203065953,5.218904492045494e-07,0.6797663743262626,25,50,20
12,6907,0.0003391251378395952,0.3198931203065877,5.203817347099988e-07,0.6797672341738361,25,50,20
12,6908,0.00032732758205137816,0.3198931203054743,4.389574615995819e-07,0.6797791131550105,25,50,20
12,6909,0.00033144540920803674,0.31989312030550116,4.4291306889686617e-07,0.6797749913722195,25,50,20
12,6910,0.0003361193316264691,0.31989312030920336,5.825809546718387e-07,0.679770177778213,25,50,20
12,6911,0.000336294899832675,0.3198929437330471,5.835817572225843e-07,0.6797701777853605,25,50,20
12,6912,0.00033939645288663173,0.3198898426939227,5.830678294494626e-07,0.679770177785359,25,50,20
12,6913,0.00034235855738151385,0.31988984269389614,5.815823682089907e-07,0.6797672171663521,25,50,20
12,6914,0.00034236102377090176,0.31988984269389614,5.81596227361485e-07,0.6797672146861037,25,50,20
12,6915,0.00034242658450864125,0.31988984269391385,5.828558332257623e-07,0.6797671478657423,25,50,20
12,6916,0.00034549022645070807,0.31988984269393134,5.836251564762416e-07,0.6797640834544596,25,50,20
12,6917,0.000345492066690348,0.31988984088242306,5.835964244340176e-07,0.67976408345446,25,50,20
12,6918,0.0003483676161583367,0.3198898408824141,5.829135163928578e-07,0.6797612085879089,25,50,20
12,6919,0.0003505051114607763,0.31988984088237055,5.807950767208968e-07,0.6797590732110897,25,50,20
12,6920,0.00035038218342611863,0.3198898408823882,5.795125959011992e-07,0.6797591974215875,25,50,20
12,6921,0.00034708773177766585,0.3198898408823155,5.741830103019513e-07,0.6797624972028943,25,50,20
12,6922,0.0003510631368907455,0.3198898408823684,5.784845322483771e-07,0.6797585174962064,25,50,20
12,6923,0.000362905524366711,0.31988984088248346,5.87242171098705e-07,0.6797466663509769,25,50,20
12,6924,0.0003608560659660485,0.3198898408825366,5.910765406693689e-07,0.6797487119749548,25,50,20
12,6925,0.00035395224192637595,0.31988984088251127,5.887527787525446e-07,0.6797556181227817,25,50,20
12,6926,0.00035682598440279605,0.31988984088249334,5.879047766354524e-07,0.6797527452283254,25,50,20
12,6927,0.00035675608313848385,0.31988984088247535,5.866014237011103e-07,0.6797528164329605,25,50,20
12,6928,0.00036012750620066885,0.31988984088309336,6.564163324047671e-07,0.6797493751943715,25,50,20
12,6929,0.00036823830228766604,0.31988984088311373,7.621196604065755e-07,0.6797411586949366,25,50,20
12,6930,0.0003681704120845074,0.3198898408830765,7.593739493691166e-07,0.6797412293308881,25,50,20
12,6931,0.0003681698003477092,0.31988984088307637,7.593792136049694e-07,0.6797412299373611,25,50,20
12,6932,0.00037097516682233503,0.3198870368590427,7.580417059829809e-07,0.679741229932428,25,50,20
12,6933,0.0003731288445478228,0.3198848839756,7.572424525918228e-07,0.6797412299373985,25,50,20
12,6934,0.0003760892476446472,0.3198848839756095,7.579283367287499e-07,0.679738268848408,25,50,20
12,6935,0.00038714278918195404,0.31988488397567216,7.654629575797594e-07,0.6797272077721872,25,50,20
12,6936,0.00040110289749888014,0.31988488397573406,7.70907270064059e-07,0.6797132422194957,25,50,20
12,6937,0.00039803623432839246,0.3198848839757428,7.693447994855925e-07,0.6797163104451291,25,50,20
12,6938,0.00039495331527208684,0.31988796882116793,7.674257365355314e-07,0.6797163104378232,25,50,20
12,6939,0.00038297183131872216,0.31988796882116843,7.674708458259899e-07,0.679728291876667,25,50,20
12,6940,0.0003818151011625331,0.31988796882212994,7.288129284254876e-07,0.6797294872637789,25,50,20
12,6941,0.00038186917970461443,0.31988796882211273,7.303612939672391e-07,0.6797294316368884,25,50,20
12,6942,0.0004398593621634983,0.3198879688221766,8.06155418221944e-07,0.6796713656602416,25,50,20
12,6943,0.0004369843074826373,0.3198908428237894,8.072107820561153e-07,0.679671365657946,25,50,20
12,6944,0.00043792098998849825,0.3044569799162429,0.01543373343340542,0.6796713656603628,25,50,20
12,6945,0.00043103510836443095,0.30445697991620857,0.01543373051148151,0.6796782544639451,25,50,20
12,6946,0.0004311737512442498,0.3044568403376048,0.015433731447122654,0.6796782544640277,25,50,20
12,6947,0.0004260157890869821,0.30445684033602466,0.015433699801322871,0.6796834440735648,25,50,20
12,6948,0.00041790591533173645,0.3044568403359617,0.015433692219765276,0.6796915615289411,25,50,20
12,6949,0.0004148410706212567,0.3044568403359434,0.015433691376022263,0.6796946272174127,25,50,20
12,6950,0.000414838908632967,0.3044568403359433,0.015433691335266264,0.6796946294201571,25,50,20
12,6951,0.00040882000657513665,0.30445684033604903,0.015433592095140914,0.6797007475622344,25,50,20
12,6952,0.0004058963324202719,0.30445684033608583,0.015433595148532087,0.6797036681829611,25,50,20
12,6953,0.0004029728120444497,0.30445684033597886,0.015433585959421892,0.6797066008925542,25,50,20
12,6954,0.00040140248383271194,0.3044568403322765,0.015433446798248467,0.6797083103856413,25,50,20
12,6955,0.00039844152019281447,0.30445684033226866,0.015433447312554423,0.6797112708349828,25,50,20
12,6956,0.0003913975622032837,0.3044568403322511,0.015433446080008137,0.6797183160255365,25,50,20
12,6957,0.00039138006709363987,0.30445684033222653,0.015433446815859637,0.6797183327848192,25,50,20
12,6958,0.00039229138584880187,0.3044568403322587,0.015433447590634424,0.6797174206912571,25,50,20
12,6959,0.00033724647750125444,0.3044568403322299,0.015433490243222705,0.6797724229470451,25,50,20
12,6960,0.0003371762628527107,0.3044569075753076,0.015433493200211963,0.6797724229616269,25,50,20
12,6961,0.00033332214619803224,0.304460764959815,0.015433489941881645,0.679772422952104,25,50,20
12,6962,0.0003332693126071696,0.3044608211877329,0.015433486559838555,0.67977242293982,25,50,20
12,6963,0.0003883813587282029,0.30440555516288037,0.015433640518973136,0.679772422959417,25,50,20
12,6964,0.0003880571202242355,0.31983130800996973,8.211743653544861e-06,0.6797724231261516,25,50,20
12,6965,0.00039512048327285424,0.319831308010024,8.216527598726247e-06,0.6797653549791037,25,50,20
12,6966,0.000383157643238927,0.31983130800991755,8.207393147441703e-06,0.6797773269536956,25,50,20
12,6967,0.00038254550101531266,0.3198394180289276,7.096878970177274e-07,0.6797773267821597,25,50,20
12,6968,0.00038771856778963476,0.31983421317300254,7.414693663027847e-07,0.6797773267898403,25,50,20
12,6969,0.00038458392734088076,0.3198373487627042,7.405179393166756e-07,0.6797773267920141,25,50,20
12,6970,0.00038151846290931837,0.31984041484061243,7.399045426271246e-07,0.6797773267919343,25,50,20
12,6971,0.00037939606334566595,0.3198404148406476,7.42397048109662e-07,0.6797794466989573,25,50,20
12,6972,0.0003793954326901029,0.3198404152441331,7.426218798611004e-07,0.6797794467012956,25,50,20
12,6973,0.00038125191389990593,0.319838552934469,7.484408154394553e-07,0.6797794467108144,25,50,20
12,6974,0.0003831594858321954,0.31983855293443336,7.785285633684281e-07,0.6797775090511697,25,50,20
12,6975,0.00038314215406588993,0.3198385529344324,7.761583403435182e-07,0.6797775287531596,25,50,20
12,6976,0.00038310590461805344,0.3198385872581681,7.780863509474076e-07,0.6797775287508611,25,50,20
12,6977,0.0004013639445519502,0.31983858725813674,8.394339940347231e-07,0.6797592093633154,25,50,20
12,6978,0.00040136394970647737,0.31983858725813685,8.394345827171627e-07,0.6797592093575722,25,50,20
12,6979,0.000404400745924185,0.3198385872623384,8.994113384466808e-07,0.6797561125803976,25,50,20
12,6980,0.0004021691432763648,0.3198408506496939,8.676342724659166e-07,0.6797561125727559,25,50,20
12,6981,0.0004022907365434451,0.3198408506497121,8.684645339493882e-07,0.6797559901492091,25,50,20
12,6982,0.00040631934048048,0.31984085064971185,7.530329457413608e-07,0.6797520769768609,25,50,20
12,6983,0.0003994692722177853,0.3198408506497127,7.526208252809757e-07,0.6797589274572432,25,50,20
12,6984,0.0004055158794172585,0.3198408506497127,7.531414154243479e-07,0.6797528803294532,25,50,20
12,6985,0.0004056392229315534,0.31984085064970436,7.550636536000393e-07,0.6797527550637088,25,50,20
12,6986,0.0003994833631684321,0.31984085064550277,6.94067254487408e-07,0.6797589719240726,25,50,20
12,6987,0.0004024273671550597,0.31983789674938756,7.039569999169965e-07,0.6797589719264558,25,50,20
12,6988,0.0004004149573975038,0.3198399150117543,6.98102053130113e-07,0.6797589719287934,25,50,20
12,6989,0.0004033415981022194,0.3198399150117368,6.973173767571153e-07,0.6797560460727826,25,50,20
12,6990,0.0004034167467873633,0.319839915011737,7.014151500147046e-07,0.6797559668263239,25,50,20
12,6991,0.0005109886164980694,0.319839915011836,9.225982726542888e-07,0.6796481737733913,25,50,20
12,6992,0.0005138957408372301,0.3198399150118453,9.232542832801431e-07,0.6796452659930327,25,50,20
12,6993,0.0005139474716787569,0.3198399150118712,9.235962138569282e-07,0.6796452139202351,25,50,20
12,6994,0.0005139282762791775,0.3198399325817806,9.252142217419972e-07,0.6796452139277172,25,50,20
12,6995,0.0005168909839367076,0.3198399325817536,9.237327899254221e-07,0.6796422527015185,25,50,20
12,6996,0.0005168146015079538,0.3198399325817532,9.196125891912886e-07,0.6796423332041484,25,50,20
12,6997,0.0005198622317025165,0.31983993258175303,9.195584456573831e-07,0.6796392856280974,25,50,20
12,6998,0.0005230001414823336,0.31983993258177157,9.189225991373921e-07,0.6796361483541459,25,50,20
12,6999,0.0005209840140322537,0.31983993258177,8.862776785386144e-07,0.6796381971265185,25,50,20
12,7000,0.0005018014591716376,0.31983993258177607,8.221201626514839e-07,0.6796574438388884,25,50,20
12,7001,0.0004988581304038893,0.3198428758979251,8.221327381840585e-07,0.6796574438389318,25,50,20
12,7002,0.0004958634810407925,0.3198428758979523,8.227057417297836e-07,0.6796604379152642,25,50,20
12,7003,0.0004980686297185716,0.3198406721384128,8.213211992018192e-07,0.6796604379106683,25,50,20
12,7004,0.0004979481639345452,0.31984079470530113,8.192177530537932e-07,0.6796604379130102,25,50,20
12,7005,0.0004979832902310084,0.31984076167489195,8.171216969482797e-07,0.6796604379131792,25,50,20
12,7006,0.0004428544106179389,0.319896044883046,6.628128323192945e-07,0.6796604378935018,25,50,20
12,7007,0.00044378365259104566,0.3198951126426319,6.658065133469991e-07,0.6796604378982617,25,50,20
12,7008,0.00044471725552669704,0.31989417402820547,6.708057499451511e-07,0.6796604379105154,25,50,20
12,7009,0.00044264643775406373,0.31989624177171205,6.738776812663464e-07,0.67966043791285,25,50,20
12,7010,0.00044270290769604913,0.31989599236583743,8.668155673639163e-07,0.6796604379108966,25,50,20
12,7011,0.00044270248261402687,0.3198959928109974,8.667954922170111e-07,0.6796604379108939,25,50,20
12,7012,0.0005155393793854188,0.3198228937736074,1.1283675275521434e-06,0.6796604384794772,25,50,20
12,7013,0.0005086166373621108,0.31982289377359024,1.124619731036523e-06,0.6796673649693145,25,50,20
12,7014,0.0005146729169530885,0.3198168388139145,1.1233048059382786e-06,0.6796673649643244,25,50,20
12,7015,0.0007550201779237687,0.3198168388160697,1.3118177877455604e-06,0.6794268291882167,25,50,20
12,7016,0.000755019893633701,0.3198168388160692,1.3117794003473435e-06,0.6794268295108946,25,50,20
12,7017,0.0007590163480183684,0.3198168388161047,1.316889018877801e-06,0.6794228279468559,25,50,20
12,7018,0.0007558781644898012,0.3198168388160864,1.3154937504225216e-06,0.6794259675256715,25,50,20
12,7019,0.0007589269897292496,0.3198168388161129,1.3164048923486817e-06,0.6794229177892639,25,50,20
12,7020,0.0007588544314778618,0.3198168388161215,1.314459837270317e-06,0.6794229922925618,25,50,20
12,7021,0.0007627611534003585,0.31981683881613837,1.3161465578518072e-06,0.6794190838839017,25,50,20
12,7022,0.000760671294970068,0.3198168388160125,1.3097257876962562e-06,0.6794211801632281,25,50,20
12,7023,0.0007636853672456998,0.3198138238750636,1.310589741439732e-06,0.6794211801679476,25,50,20
12,7024,0.0007615454973320711,0.3198138238750979,1.3130300855797146e-06,0.6794233175974829,25,50,20
12,7025,0.0007634542887223425,0.3198118996332349,1.3284613860118385e-06,0.6794233176166551,25,50,20
12,7026,0.0007664131107335191,0.31981189963324463,1.3291599966659416e-06,0.6794203580960239,25,50,20
12,7027,0.0007685509454211314,0.31981189963321005,1.3266769253705005e-06,0.6794182227444421,25,50,20
12,7028,0.0007714784524006489,0.31981189963319206,1.3258475372486978e-06,0.6794152960668686,25,50,20
12,7029,0.0007753987359251265,0.3198081694809336,1.1357119389372488e-06,0.6794152960712005,25,50,20
12,7030,0.0007714220289304655,0.3198081694808983,1.1326814148558346e-06,0.6794192758087547,25,50,20
12,7031,0.0007704242241948363,0.31980917032345174,1.1296484364476077e-06,0.6794192758039158,25,50,20
12,7032,0.000770355239326458,0.31980917032345146,1.1291246902440557e-06,0.6794193453125307,25,50,20
12,7033,0.0007742791363702957,0.31980917032348616,1.1326033132885606e-06,0.679415417936829,25,50,20
12,7034,0.0007742615360404663,0.31980917032347717,1.1319116940028403e-06,0.6794154362287875,25,50,20
12,7035,0.000774245206112963,0.3198091703234673,1.1311905116644783e-06,0.679415453279907,25,50,20
12,7036,0.0007742627338653889,0.3198091703234857,1.1325392588695728e-06,0.679415434403389,25,50,20
12,7037,0.0007741413141453344,0.3198092920923914,1.1321900313741367e-06,0.6794154344034312,25,50,20
12,7038,0.0007741586104177996,0.3198092920924012,1.132921955154137e-06,0.6794154163752252,25,50,20
12,7039,0.0007801506447080973,0.31980331023410274,1.1227604202759973e-06,0.6794154163607682,25,50,20
12,7040,0.0007772267923761895,0.3198033102341207,1.1236282129262002e-06,0.6794183393452893,25,50,20
12,7041,0.0007801150856581577,0.31980331023412084,1.1236049026121142e-06,0.6794154510753175,25,50,20
12,7042,0.0007819007625767037,0.3198033102341464,1.126376626220129e-06,0.67941366262665,25,50,20
12,7043,0.0007819536176503529,0.3198033102341741,1.1284415178627808e-06,0.6794136077066572,25,50,20
12,7044,0.0007799220905839082,0.31980331023419145,1.1307179845085527e-06,0.6794156369572394,25,50,20
12,7045,0.0007808496971205588,0.3198033102341997,1.1333150397979207e-06,0.679414706753639,25,50,20
12,7046,0.0007768774755751119,0.31980727617109855,1.1395898538138909e-06,0.6794147067634717,25,50,20
12,7047,0.0007788938103022701,0.3198052639576526,1.1354732554544379e-06,0.6794147067587888,25,50,20
12,7048,0.0007809263297360354,0.3198052639576449,1.132926957887394e-06,0.6794126767856602,25,50,20
12,7049,0.0007789116824059973,0.31980727471377984,1.1368085000030518e-06,0.6794126767953133,25,50,20
12,7050,0.0007788776854257552,0.31980731023875575,1.1352856875088913e-06,0.6794126767901295,25,50,20
12,7051,0.0006672393184135966,0.3198073102385938,9.096777237603002e-07,0.6795245407652674,25,50,20
12,7052,0.0006692518231913639,0.3198052919503078,9.154709230305387e-07,0.6795245407555764,25,50,20
12,7053,0.0005984847733100023,0.31987632301082813,6.52033624673682e-07,0.6795245401822355,25,50,20
12,7054,0.0005974873084547544,0.3198763230107925,6.489542384395377e-07,0.6795255407265127,25,50,20
12,7055,0.0005977377576351871,0.31987632301077584,6.536873139564034e-07,0.6795252855442735,25,50,20
12,7056,0.0005947943109627209,0.3198763230107761,6.53688867587384e-07,0.6795282289893925,25,50,20
12,7057,0.0005937427451201111,0.3198763230108277,6.583679222130392e-07,0.6795292758761289,25,50,20
12,7058,0.000597719553545989,0.31987234341256143,6.611531271376224e-07,0.6795292758807644,25,50,20
12,7059,0.0005997878199672502,0.31987234341252596,6.580420274325254e-07,0.6795272107254783,25,50,20
12,7060,0.0005998225843577743,0.31987234341258913,6.626676193130957e-07,0.6795271713354327,25,50,20
12,7061,0.0005967787278736236,0.3198723434126442,6.63554864477567e-07,0.6795302143046169,25,50,20
12,7062,0.0008261533492575061,0.3196427848942598,8.471603011900056e-07,0.6795302145961807,25,50,20
12,7063,0.0008232121557955955,0.3196457355582529,8.376874319955126e-07,0.6795302145985187,25,50,20
12,7064,0.0008720728934443479,0.31959677740026227,9.351076428394909e-07,0.6795302145986503,25,50,20
12,7065,0.0008690236306990475,0.31959677740021675,9.327343833799563e-07,0.6795332662347005,25,50,20
12,7066,0.0008720674587227074,0.31959677740019865,9.340643909233453e-07,0.6795302210766873,25,50,20
12,7067,0.0008651485674847403,0.319596777400192,9.312911526094184e-07,0.6795371427411702,25,50,20
12,7068,0.0008672321620860771,0.3195967774001662,9.289672746022347e-07,0.6795350614704726,25,50,20
12,7069,0.0008681591615948537,0.31959677740017345,9.34457547515249e-07,0.6795341289806837,25,50,20
12,7070,0.0008651619994499285,0.31959677740018205,9.340872221617857e-07,0.6795371265131451,25,50,20
12,7071,0.0006218224213781825,0.31959677739801945,7.455274249392902e-07,0.6797806546531767,25,50,20
12,7072,0.0006218754149590684,0.31959677739802833,7.461815140154093e-07,0.6797806010054976,25,50,20
12,7073,0.0006249424050494344,0.3195967773980202,7.471379230969444e-07,0.6797775330590063,25,50,20
12,7074,0.0006249450659818663,0.3195967734325884,7.48437572639912e-07,0.6797775330638561,25,50,20
12,7075,0.0006249805239359782,0.31959677343259657,7.480267912301651e-07,0.6797774980166753,25,50,20
12,7076,0.0006280146311059054,0.31959677343252507,7.458458097330065e-07,0.6797744660905581,25,50,20
12,7077,0.0006249667043418052,0.3195967734325254,7.458648405872605e-07,0.6797775139982911,25,50,20
12,7078,0.000621846393734688,0.31959677343252585,7.438017283351402e-07,0.6797806363720104,25,50,20
12,7079,0.0006248575495454196,0.3195967734325432,7.445884161870575e-07,0.6797776244294944,25,50,20
12,7080,0.0005680264827389487,0.3196537078734378,6.412216820624246e-07,0.6797776244221404,25,50,20
12,7081,0.0005650304198039323,0.3196537078734206,6.409752880657796e-07,0.6797806207314866,25,50,20
12,7082,0.0005620686318447717,0.31965370787344793,6.425209472599592e-07,0.6797835809737591,25,50,20
12,7083,0.0005580906729217543,0.3196537078734218,6.391570688375169e-07,0.679787562296587,25,50,20
12,7084,0.0005689344561878558,0.3196537078734654,6.437697523200269e-07,0.6797767139005937,25,50,20
12,7085,0.0005719280080493503,0.3196537078734732,6.438489937121012e-07,0.6797737202694829,25,50,20
12,7086,0.00033564921528279814,0.3198901727208257,4.580858877186271e-07,0.679773719978003,25,50,20
12,7087,0.0003336332303253373,0.31989017272086046,4.610681496404336e-07,0.6797757329806637,25,50,20
12,7088,0.0003327019773437772,0.3198911085175573,4.565364660294268e-07,0.6797757329686321,25,50,20
12,7089,0.00033270194438626155,0.3198911085175295,4.563455210692575e-07,0.6797757331925625,25,50,20
12,7090,0.0003327570221779345,0.3198911085175736,4.5854432677901223e-07,0.679775675915921,25,50,20
12,7091,0.0003328099137865822,0.3198911085175567,4.583161336931279e-07,0.679775623252522,25,50,20
12,7092,0.0003259957450461097,0.31989789970846827,4.813010117404026e-07,0.6797756232454725,25,50,20
12,7093,0.0003230491026951181,0.3199008556237328,4.720426049254887e-07,0.6797756232309651,25,50,20
12,7094,0.0003210866691040409,0.3199008556236542,4.6643107594789325e-07,0.679777591276164,25,50,20
12,7095,0.0003241655415186362,0.3199008556236718,4.677183451781962e-07,0.6797745111164624,25,50,20
12,7096,0.0003241129353185402,0.3199009083681321,4.675848463006327e-07,0.679774511111701,25,50,20
12,7097,0.0003271081960286592,0.31989791304162174,4.676506485458063e-07,0.679774511111699,25,50,20
12,7098,0.0003420048549170304,0.31989791304273507,5.045869714553485e-07,0.6797595775153744,25,50,20
12,7099,0.00033986551126691277,0.3198979130427787,5.051579107869792e-07,0.6797617162880419,25,50,20
12,7100,0.0003438584735016803,0.3198979130428409,5.092928516204789e-07,0.6797577191908044,25,50,20
12,7101,0.0003358902882442897,0.3198979130427799,5.034155207989818e-07,0.6797656932534535,25,50,20
12,7102,0.000337817279228322,0.3198979130428509,5.095088084018246e-07,0.6797637601691109,25,50,20
12,7103,0.0003379579213456164,0.31989791304285226,5.089138834957027e-07,0.679763620121917,25,50,20
12,7104,0.00033781481823423604,0.319897913042824,5.07560322350286e-07,0.6797637645786178,25,50,20
12,7105,0.0003368502202760009,0.3198979130427901,5.020571930564166e-07,0.6797647346797392,25,50,20
12,7106,0.00033791942529519414,0.3198979130427104,4.958262083131498e-07,0.6797636717057844,25,50,20
12,7107,0.00034017221795322667,0.3198979130438167,5.658493064985031e-07,0.6797613488889226,25,50,20
12,7108,0.0003372459070136265,0.31990083894498433,5.662590357897666e-07,0.6797613488889652,25,50,20
12,7109,0.00034018924996445904,0.31989789558063747,5.662803468315777e-07,0.6797613488890503,25,50,20
12,7110,0.0003431703783400914,0.31989789558064574,2.1881592125644614e-06,0.6797567458818006,25,50,20
12,7111,0.0003470746206359968,0.3198939898528178,2.1896374383852745e-06,0.6797567458891065,25,50,20
12,7112,0.00035127888195307514,0.31989398985289896,2.195643272287134e-06,0.6797525356218743,25,50,20
12,7113,0.0003513155338719062,0.31989395371219276,2.1951297185730754e-06,0.6797525356242154,25,50,20
12,7114,0.00035229613348159014,0.3198939537122269,2.1991347344143175e-06,0.679751551019556,25,50,20
12,7115,0.0003522798499626932,0.31989395371221774,2.198441953278465e-06,0.6797515679958651,25,50,20
12,7116,0.0003523145952454282,0.3198939537122282,2.199667388309659e-06,0.6797515320251368,25,50,20
12,7117,0.0003713804925912632,0.31987478354946614,2.302808767882565e-06,0.6797515331491735,25,50,20
12,7118,0.00037136325376892193,0.3198747835494738,2.303287129772175e-06,0.6797515499096263,25,50,20
12,7119,0.0003741327601595974,0.31987190478316574,2.412547221225292e-06,0.6797515499094515,25,50,20
12,7120,0.00036714240167397787,0.3198719047831225,2.408222862182218e-06,0.6797585445923395,25,50,20
12,7121,0.0003692999081837499,0.31987190478308813,2.4060924798949564e-06,0.6797563892162465,25,50,20
12,7122,0.0003663035841523473,0.31987490127823553,2.4059237457916664e-06,0.6797563892138645,25,50,20
12,7123,0.0003664946620336553,0.31987490127822715,2.4068499636328116e-06,0.6797561972097733,25,50,20
12,7124,0.0003743423082382771,0.3198749012783056,2.4124777072450004e-06,0.6797483439357472,25,50,20
12,7125,0.0003742171504390205,0.31987490127832335,2.4129308115119606e-06,0.6797484686404245,25,50,20
12,7126,0.000374233546473024,0.31987490127832463,2.4130088407495703e-06,0.6797484521663599,25,50,20
12,7127,0.0003702613771664563,0.3198788766843958,2.4097794247787664e-06,0.6797484521590114,25,50,20
12,7128,0.00036252234657676316,0.31987887668435366,2.4058328780887385e-06,0.6797561951361899,25,50,20
12,7129,0.00036468524758717874,0.3198767044700791,2.415131151766684e-06,0.6797561951511802,25,50,20
12,7130,0.00037277012148988144,0.3198566396217504,1.439509044388828e-05,0.6797561951663141,25,50,20
12,7131,0.0003727544371043809,0.31985663962175026,1.4394539464731998e-05,0.6797562114016792,25,50,20
12,7132,0.0003727543055874756,0.31985663962175026,1.2772245753586735e-05,0.6797578338269072,25,50,20
12,7133,0.0003756975880211104,0.3198566396217489,1.27721298938198e-05,0.6797548906603348,25,50,20
12,7134,0.00038359724382577257,0.3198566396217487,1.2799510164641581e-05,0.6797469636242596,25,50,20
12,7135,0.00040265792331300955,0.3198374845187831,1.2893930833306247e-05,0.6797469636270692,25,50,20
12,7136,0.00040262301020689117,0.3198374845187927,1.2894643105633675e-05,0.6797469978278934,25,50,20
12,7137,0.00040249954257890434,0.3198374845188184,1.2894973172810902e-05,0.6797471209654286,25,50,20
12,7138,0.00040263844663255904,0.31983748451883703,1.2896339439623646e-05,0.6797469806950897,25,50,20
12,7139,0.0004055660090767766,0.31983455731221505,1.289598365907336e-05,0.6797469806950478,25,50,20
12,7140,0.0004056890554080008,0.319834557312207,1.2896401499231195e-05,0.6797468572308842,25,50,20
12,7141,0.0003975581065068212,0.3198345573121785,1.286687511309162e-05,0.6797550177062003,25,50,20
12,7142,0.0004005707708803547,0.31983455731231275,1.287653063865441e-05,0.679751995386167,25,50,20
12,7143,0.00040057075899533256,0.3198345573123127,1.2876548356271069e-05,0.6797519953803344,25,50,20
12,7144,0.0003865679406603934,0.3198345573112067,1.2843559620224647e-05,0.6797660311885118,25,50,20
12,7145,0.00037937212741388207,0.3198345573111616,1.283778788939344e-05,0.6797732327735341,25,50,20
12,7146,0.00037933696486626775,0.3198345573112409,1.2845969786293879e-05,0.6797732597541055,25,50,20
12,7147,0.0003913017914913971,0.31983455731132937,1.2903979674140858e-05,0.6797612369175045,25,50,20
12,7148,0.00039103614602915496,0.3198345573113366,1.2898547723136451e-05,0.6797615079949104,25,50,20
12,7149,0.00038810887431104085,0.3198374837589196,1.2899371815600455e-05,0.6797615079949532,25,50,20
12,7150,0.00037607397147279364,0.3198374837588218,1.2840654710916514e-05,0.6797736016149939,25,50,20
12,7151,0.00037893254634815585,0.31983748375879445,1.2839181619174605e-05,0.6797707445132378,25,50,20
12,7152,0.00037886270192421997,0.31983755448621737,1.283829849387712e-05,0.6797707445133642,25,50,20
12,7153,0.00037893224082216593,0.3198374845153245,1.2838730531638496e-05,0.6797707445133214,25,50,20
12,7154,0.0003779137480402373,0.31983863286621783,1.2708862813554979e-05,0.6797707445229281,25,50,20
12,7155,0.00037566184967241886,0.31983863286511094,1.263878958919919e-05,0.6797730664956272,25,50,20
12,7156,0.0003816528852813654,0.3198386328651287,1.2637067556402217e-05,0.679767077182033,25,50,20
12,7157,0.00037865675549070667,0.31983863286510056,1.2634988091162808e-05,0.6797700753913171,25,50,20
12,7158,0.0003766383589916106,0.31984064808606477,1.2638158740805321e-05,0.6797700753962023,25,50,20
12,7159,0.00037369557410599414,0.3198406480859672,1.262864388405804e-05,0.6797730276960422,25,50,20
12,7160,0.00038061562232465893,0.3198406480860023,1.2631655005285472e-05,0.6797661046366672,25,50,20
12,7161,0.0008367838643052521,0.3198406480881354,1.2909142739840833e-05,0.6793096589048193,25,50,20
12,7162,0.0008316412557694146,0.3198457995996344,1.2900257064789033e-05,0.6793096588875309,25,50,20
12,7163,0.000815577844647457,0.31986195084704927,1.2812423536872051e-05,0.6793096588847648,25,50,20
12,7164,0.0008155784637073452,0.31986195084704877,1.2812401815074044e-05,0.6793096582874273,25,50,20
12,7165,0.0008165411261022457,0.31986195084705893,1.2815247629454028e-05,0.679308692779208,25,50,20
12,7166,0.0008155436849755995,0.31986295134103004,1.2812199629652251e-05,0.6793086927743633,25,50,20
12,7167,0.0008155597364350464,0.3198629513410401,1.281294672560358e-05,0.6793086759757978,25,50,20
12,7168,0.0008156124269707414,0.3198629513410485,1.281308216974013e-05,0.6793086231498097,25,50,20
12,7169,0.00035643292645535694,0.3198629513389065,1.2534998870572691e-05,0.6797680807357662,25,50,20
12,7170,0.00035350552421928777,0.31986588450547254,1.2529234583179677e-05,0.6797680807357237,25,50,20
12,7171,0.0003614736282177287,0.3198658845055432,1.2535290708568239e-05,0.6797601065755292,25,50,20
12,7172,0.00035845706269846953,0.3198658845055445,1.2536360655025665e-05,0.679763122071101,25,50,20
12,7173,0.0003555138537739333,0.3198658845055449,1.2536384506043421e-05,0.6797660652561742,25,50,20
12,7174,0.00036243708090573265,0.31986588450557085,1.254127552515722e-05,0.6797591371379973,25,50,20
12,7175,0.00036662408296480887,0.3198658845056343,1.254782825517101e-05,0.6797549435831446,25,50,20
12,7176,0.0003645043412146747,0.31986588450566933,1.2552380101900971e-05,0.6797570587730132,25,50,20
12,7177,0.0003665219169059552,0.31986588450563286,1.2547735495293147e-05,0.6797550458419649,25,50,20
12,7178,0.00036648822081349986,0.3198658845056138,1.2546343494258124e-05,0.6797550809300777,25,50,20
12,7179,0.00036855467718381824,0.3198658845055966,1.2542070269414253e-05,0.6797530187469495,25,50,20
12,7180,0.00036857245296145665,0.3198658660097731,1.2542787805633523e-05,0.6797530187494591,25,50,20
12,7181,0.00036853645648516725,0.3198659017015642,1.2543092407473824e-05,0.6797530187495425,25,50,20
12,7182,0.0003725328160676953,0.3198659017015819,1.254689418234224e-05,0.6797490185881672,25,50,20
12,7183,0.0003685576028559065,0.3198659017015474,1.254392766905273e-05,0.6797529967679269,25,50,20
12,7184,0.00036848769967937506,0.3198659017015292,1.2542606440479458e-05,0.6797530679923501,25,50,20
12,7185,0.000365507395108552,0.31986590170152046,1.2543001860782848e-05,0.6797560479015093,25,50,20
12,7186,0.0004162516921840185,0.31981503578822956,1.2665033276248268e-05,0.6797560474863089,25,50,20
12,7187,0.00041625169672182034,0.3198150357736082,1.2665043360513457e-05,0.6797560474863082,25,50,20
12,7188,0.00043031155034341256,0.3198009705560777,1.2670402393498553e-05,0.6797560474911841,25,50,20
12,7189,0.0004302952624594097,0.3198009873958422,1.26698505547521e-05,0.6797560474911425,25,50,20
12,7190,0.00042226569712335927,0.3198209968468209,6.899801671934308e-07,0.6797560474758859,25,50,20
12,7191,0.0004252288598898931,0.31981803464172687,6.890202817886946e-07,0.6797560474780987,25,50,20
12,7192,0.0004183056190846955,0.3198180346417009,6.84118679765866e-07,0.6797629756205319,25,50,20
12,7193,0.00041856621936215614,0.31981777206750844,6.860947219950698e-07,0.6797629756184045,25,50,20
12,7194,0.00042058343335303725,0.3198177720674742,6.831265474056964e-07,0.6797609613726227,25,50,20
12,7195,0.00040559348753046586,0.31983277084071804,6.743135716994382e-07,0.6797609613581771,25,50,20
12,7196,0.00041783742318334845,0.3198327708407135,6.843354566995344e-07,0.6797487074006437,25,50,20
12,7197,0.0004148940928063203,0.3198327708407145,6.844110301722337e-07,0.6797516506554463,25,50,20
12,7198,0.00041475762288925626,0.31983290732274733,6.843990366773286e-07,0.679751650655324,25,50,20
12,7199,0.00041782278004640126,0.31982983796479003,6.885997933050484e-07,0.6797516506553676,25,50,20
12,7200,0.00042088659802930363,0.3198267737377595,6.890110569249776e-07,0.6797516506531512,25,50,20
12,7201,0.0004238991000395604,0.3198267737378125,6.928720398573233e-07,0.6797486342901051,25,50,20
12,7202,0.00041594318057631296,0.31982677373776147,6.862185614044628e-07,0.6797565968630981,25,50,20
12,7203,0.00041780027099860536,0.31982490944300684,6.934134573150341e-07,0.6797565968725349,25,50,20
12,7204,0.000418748283382394,0.3198249094430857,6.965375541181156e-07,0.6797556457359758,25,50,20
12,7205,0.00041862594075753567,0.31982503237772997,6.959456589605737e-07,0.6797556457358516,25,50,20
12,7206,0.00041559124309154205,0.3198280676730873,6.953407035589696e-07,0.6797556457431156,25,50,20
12,7207,0.0004147139148215909,0.31982894675172113,6.93595017798246e-07,0.6797556457384375,25,50,20
12,7208,0.000406444587593761,0.31982894675175133,6.86380422260515e-07,0.6797639222802307,25,50,20
12,7209,0.00040965058135397517,0.31982894675176193,6.897208829729306e-07,0.679760712945999,25,50,20
12,7210,0.00042056033201003535,0.31982894675179635,6.960599677157041e-07,0.6797497968562237,25,50,20
12,7211,0.0004244809200357531,0.3198250228464113,6.993726116230596e-07,0.6797497968609386,25,50,20
12,7212,0.0004274931246040267,0.3198250228464207,7.000383092560913e-07,0.6797467839906632,25,50,20
12,7213,0.000423519383224669,0.31982899998107545,6.966496253811759e-07,0.6797467839860718,25,50,20
12,7214,0.0004205069364824899,0.31982899998102166,6.930101575596746e-07,0.6797498000723359,25,50,20
12,7215,0.0004205246545026488,0.319828983236409,6.920369150366372e-07,0.6797498000721707,25,50,20
12,7216,0.00042145463050020834,0.3198289832364707,6.966934424238269e-07,0.679748865439584,25,50,20
12,7217,0.00042228247259116364,0.3198289832366799,2.9271460206994057e-06,0.6797458071447057,25,50,20
12,7218,0.0004222815174918404,0.3198289832366802,2.9271551015580933e-06,0.6797458080907238,25,50,20
12,7219,0.00041932308073802394,0.3198289832366705,2.9264139986644476e-06,0.6797487672685903,25,50,20
12,7220,0.0004223030682624821,0.3198289832366793,2.926008209330215e-06,0.6797457876868461,25,50,20
12,7221,0.0004890712656393562,0.3197614759434409,3.664808923808068e-06,0.679745787981993,25,50,20
12,7222,0.0004920306280903863,0.31976147594344995,3.6655223275342593e-06,0.6797428279061293,25,50,20
12,7223,0.0004920142802683633,0.31976147594344057,3.6647778583774773e-06,0.6797428449984299,25,50,20
12,7224,0.0004851141696608271,0.3197614759434154,3.6621929810943448e-06,0.6797497476939398,25,50,20
12,7225,0.0004861099172479152,0.31976147594342474,3.663367299257962e-06,0.6797487507720252,25,50,20
12,7226,0.00048614264881999844,0.31976147594344323,3.664715750292354e-06,0.6797487166919837,25,50,20
12,7227,0.0004912561189622468,0.3197614759434535,3.7165618987797715e-06,0.6797435513756827,25,50,20
12,7228,0.0004941985440248174,0.31976147594345317,3.716551834759594e-06,0.6797406089606843,25,50,20
12,7229,0.0004943215049021325,0.31976147594343646,3.7168352918955992e-06,0.6797404857163666,25,50,20
12,7230,0.0004903799752230068,0.3197614759432765,3.703327306625627e-06,0.6797444407541914,25,50,20
12,7231,0.0004895197696565969,0.319761475943214,3.6998908291068227e-06,0.6797453043962979,25,50,20
12,7232,0.0004894856684343523,0.3197615116676296,3.698274988882789e-06,0.6797453043889449,25,50,20
12,7233,0.0004874881539011655,0.3197615116676736,3.701947578223016e-06,0.6797472982308446,25,50,20
12,7234,0.00048435170264447917,0.31976151166768974,3.7005010091766336e-06,0.6797504361286545,25,50,20
12,7235,0.00048435261792675486,0.31976151051380186,3.7007372347955322e-06,0.6797504361310345,25,50,20
12,7236,0.0004874038079251063,0.31975845816851056,3.7018925667476904e-06,0.6797504361309954,25,50,20
12,7237,0.000482326437108938,0.31975845816849086,3.6493670263679517e-06,0.6797555660273717,25,50,20
12,7238,0.0004874455128976808,0.31975845816908177,3.7107830888514013e-06,0.6797503855349295,25,50,20
12,7239,0.0004854831236835115,0.31976042763646306,3.703714402262344e-06,0.679750385525449,25,50,20
12,7240,0.0004825555974331266,0.3197604276364813,3.7045486194443037e-06,0.6797533122174642,25,50,20
12,7241,0.0004845691963039874,0.31976042763644613,3.7015214316430695e-06,0.6797513016458163,25,50,20
12,7242,0.00048457193387912984,0.31976042763641943,3.6998811799919492e-06,0.6797513005485194,25,50,20
12,7243,0.0007186556174129741,0.3197604276421269,3.9384050595521885e-06,0.6795169783353984,25,50,20
12,7244,0.0007165167180668163,0.31976256517586754,3.939765988992913e-06,0.6795169783400745,25,50,20
12,7245,0.0007155958258906034,0.3197634538046975,3.972021904372452e-06,0.6795169783475054,25,50,20
12,7246,0.0007195024858208299,0.31975954839696064,3.9707649946743365e-06,0.6795169783522215,25,50,20
12,7247,0.00048522760056674956,0.3197595483912613,3.7313194056819858e-06,0.6797514926887638,25,50,20
12,7248,0.0004852976931839903,0.3197595483912712,3.732035521499597e-06,0.6797514218800211,25,50,20
12,7249,0.00048145731398471233,0.31975954839105336,1.5009700162441752e-06,0.6797574933249437,25,50,20
12,7250,0.0004884465553057262,0.31975255564837596,1.5044665275609575e-06,0.6797574933297886,25,50,20
12,7251,0.0004855170195157527,0.31975548476289894,1.5048878389312766e-06,0.679757493329744,25,50,20
12,7252,0.0004746041266056766,0.3197554847628382,1.4985111461579474e-06,0.6797684125994076,25,50,20
12,7253,0.0004706117780071488,0.31975548476279425,1.495285732156313e-06,0.6797724081734643,25,50,20
12,7254,0.0005862395849394422,0.31963960237275313,1.7495739949790543e-06,0.6797724084683102,25,50,20
12,7255,0.0008225323211768374,0.31963960237641337,1.9605978021374952e-06,0.6795359047046056,25,50,20
12,7256,0.0007527221208945992,0.31970963846174594,1.7354215880341362e-06,0.6795359039957694,25,50,20
12,7257,0.0007526869881097184,0.31970963846173733,1.7383891794805828e-06,0.6795359361609715,25,50,20
12,7258,0.0007567343590869327,0.3197096384617999,1.756114921382408e-06,0.6795318710641901,25,50,20
12,7259,0.0007567347033032045,0.31970963846180117,1.7541182258173525e-06,0.6795318727166682,25,50,20
12,7260,0.0007596811282211749,0.3197096384618019,1.7541733177265029e-06,0.6795289262366576,25,50,20
12,7261,0.0007557572785544198,0.31970963846176753,1.751212751262359e-06,0.6795328530469252,25,50,20
12,7262,0.0007587522590411621,0.3197096384617584,1.7510395978247498e-06,0.6795298582396009,25,50,20
12,7263,0.000758700367612791,0.31970963846176764,1.751231587115461e-06,0.6795299099390307,25,50,20
12,7264,0.0007566948359943146,0.31971167598739103,1.7192471799210983e-06,0.6795299099294324,25,50,20
12,7265,0.0007566935980020797,0.31971167598739053,1.7192210412017378e-06,0.679529911193564,25,50,20
12,7266,0.0007677035054845283,0.31970063323841946,1.7520551656556647e-06,0.6795299112009282,25,50,20
12,7267,0.0007626386999809046,0.31970063323843684,1.741071888007151e-06,0.6795349869896923,25,50,20
12,7268,0.0005262944841950039,0.3197006332347939,1.5312853813344578e-06,0.6797715409956276,25,50,20
12,7269,0.0005271505281621241,0.31970063323481973,1.537934303306131e-06,0.6797706783027126,25,50,20
12,7270,0.0005271488851158812,0.3197006332348199,1.5338266102803757e-06,0.6797706840534518,25,50,20
12,7271,0.0006478775599884332,0.3189679097395315,0.0006135283520529676,0.679770684348425,25,50,20
12,7272,0.0006517833063019416,0.31896790973958355,0.0006135325899932666,0.6797667743641195,25,50,20
12,7273,0.0005361555662518312,0.31908379153308464,0.0006132788290055046,0.6797667740716562,25,50,20
12,7274,0.0005342463833214498,0.3190837915329988,0.0006132765086251195,0.6797686855750529,25,50,20
12,7275,0.0005452837606520583,0.3190837915330586,0.0006132779839297291,0.6797576467223577,25,50,20
12,7276,0.0004275338623828323,0.319813536872791,1.2828375216710484e-06,0.6797576464273027,25,50,20
12,7277,0.00043175816643150505,0.3198135368728013,1.285895310804366e-06,0.6797534190654546,25,50,20
12,7278,0.0006612708386179119,0.3195838031463877,1.5065278463387614e-06,0.6797534194871463,25,50,20
12,7279,0.000672448576009246,0.31957259546052197,1.5364663333092894e-06,0.6797534194971335,25,50,20
12,7280,0.00043599960318144637,0.31980926732206344,1.3140062812511902e-06,0.6797534190684719,25,50,20
12,7281,0.00042573450145263494,0.3198195562568113,1.290176149347371e-06,0.6797534190655847,25,50,20
12,7282,0.00041874435735795174,0.3198265496979607,1.2868816013789498e-06,0.6797534190630781,25,50,20
12,7283,0.0004186778127216461,0.31982654969795193,1.2862476558207796e-06,0.6797534862416689,25,50,20
12,7284,0.00041669843482436164,0.3198265496978725,1.2799885179647633e-06,0.6797554718787837,25,50,20
12,7285,0.0004115226832381277,0.3198265496972723,1.218729468043944e-06,0.6797607088900197,25,50,20
12,7286,0.0004034116194660503,0.31982654969721824,1.2128094342781226e-06,0.6797688258738797,25,50,20
12,7287,0.0004003624279423015,0.31982654969721774,1.2127535798439937e-06,0.6797718751212585,25,50,20
12,7288,0.0004013267440020215,0.3198265496972601,1.214797323357604e-06,0.6797709087614132,25,50,20
12,7289,0.00040829830730216085,0.31982654969730373,1.2179303597788804e-06,0.6797639340650331,25,50,20
12,7290,0.0004083134780201024,0.3198265496973211,1.2191702755671552e-06,0.6797639176543819,25,50,20
12,7291,0.0004153043432041228,0.3198265496973469,1.223025880445709e-06,0.6797569229335673,25,50,20
12,7292,0.0004082627223998669,0.31982654969726726,1.2172749456713954e-06,0.6797639703053858,25,50,20
12,7293,0.00041223998499242053,0.31982654969732005,1.2215482880989401e-06,0.6797599887693978,25,50,20
12,7294,0.0004050591186602862,0.3198265496972485,1.214887435769035e-06,0.6797671762966541,25,50,20
12,7295,0.00040518535003462365,0.3198265496972674,1.2157546567903695e-06,0.6797670491980398,25,50,20
12,7296,0.0004081627275533638,0.3198265496973824,1.2250350986797983e-06,0.6797640625399639,25,50,20
12,7297,0.00040818303907727213,0.31982654969740076,1.226359038591673e-06,0.6797640409044818,25,50,20
12,7298,0.00040841545374626574,0.3198263134549568,1.2301816929351949e-06,0.6797640409096023,25,50,20
12,7299,0.00041935898015952873,0.3198263134555094,1.2960578916955157e-06,0.679753031506438,25,50,20
12,7300,0.00042240689527333974,0.31982326538225414,1.296216204991222e-06,0.6797530315062662,25,50,20
12,7301,0.00042254730153890225,0.3198232653821396,1.2875157002909276e-06,0.6797528998006197,25,50,20
12,7302,0.00035865369515118944,0.3198878983592433,5.484377967110703e-07,0.6797528995078075,25,50,20
12,7303,0.0003541221209576392,0.31988789836036885,6.927518562501666e-07,0.6797572867668161,25,50,20
12,7304,0.0003579769555148519,0.31988789836042986,6.966447986064772e-07,0.6797534280392555,25,50,20
12,7305,0.00036001050754565396,0.3198858664740882,6.949837860409783e-07,0.6797534280345792,25,50,20
12,7306,0.0003611332352414779,0.31988470905258054,7.296749110038428e-07,0.679753428037265,25,50,20
12,7307,0.0003613070172939578,0.3198845354607764,7.294845793949085e-07,0.6797534280373485,25,50,20
12,7308,0.00035732976196543154,0.3198845354607238,7.252214691541953e-07,0.67975740955584,25,50,20
12,7309,0.00035016088891162695,0.3198845354607126,7.220864364173594e-07,0.6797645815639379,25,50,20
12,7310,0.00035236794191660523,0.31988453546066997,7.200533576382215e-07,0.6797623765440542,25,50,20
12,7311,0.00035219415976221356,0.3198847082101129,7.21076543122259e-07,0.6797623765535802,25,50,20
12,7312,0.0003507370768534455,0.319884708209014,5.787031130079019e-07,0.6797639760110179,25,50,20
12,7313,0.0003509298287502226,0.31988451449042254,5.796719770010401e-07,0.6797639760088487,25,50,20
12,7314,0.0004217078669375579,0.31988451449560323,8.420472847605263e-07,0.6796929355901729,25,50,20
12,7315,0.00041876638118921414,0.3198845144956032,8.420388032763488e-07,0.6796958770844027,25,50,20
12,7316,0.00041871374562509696,0.319884566931173,8.422387972744308e-07,0.679695877084403,25,50,20
12,7317,0.00042154771579907234,0.3198817363738555,8.388333579832076e-07,0.6796958770769858,25,50,20
12,7318,0.0006589986683315611,0.31988173637393574,9.646396456892519e-07,0.6794583003180855,25,50,20
12,7319,0.0006624210900190486,0.31988173637449696,9.793164323055716e-07,0.6794548632190504,25,50,20
12,7320,0.000668235866033843,0.319875954909607,9.460034467649226e-07,0.679454863220911,25,50,20
12,7321,0.0006682358441715817,0.319875954909607,9.45991222684624e-07,0.6794548632549975,25,50,20
12,7322,0.000668184286742282,0.3198759615729953,9.908800766855235e-07,0.6794548632601844,25,50,20
12,7323,0.0006651197757542361,0.31987596157301323,9.906509016414699e-07,0.6794579280003294,25,50,20
12,7324,0.0006620523813384991,0.3198790292246924,9.903890452831447e-07,0.6794579280049224,25,50,20
12,7325,0.0006591109332874935,0.3198790292246925,9.903815123023543e-07,0.679460869460506,25,50,20
12,7326,0.0006630703997884641,0.3198790292247191,9.92750916779353e-07,0.6794569076245751,25,50,20
12,7327,0.0006591636781484072,0.31988293763792247,9.910640281571723e-07,0.6794569076199005,25,50,20
12,7328,0.000657113515169232,0.31988502829359633,9.50566827578287e-07,0.6794569076244064,25,50,20
12,7329,0.0006571824910415222,0.31988502829360604,9.512688698125056e-07,0.6794568379464822,25,50,20
12,7330,0.0006580599263739473,0.319884147837495,9.542848020525258e-07,0.6794568379513284,25,50,20
12,7331,0.0006471186763500809,0.31989512166471273,9.217172711191229e-07,0.679456837941665,25,50,20
12,7332,0.0006450338688917761,0.3198972048251777,9.233595879087667e-07,0.6794568379463415,25,50,20
12,7333,0.0006441058346571361,0.3198972048251163,9.184422014126744e-07,0.6794577708980242,25,50,20
12,7334,0.0006509535685119168,0.31989720482513223,9.20562693887015e-07,0.6794509210436612,25,50,20
12,7335,0.0005801792429316167,0.31989720481992484,6.58244639525758e-07,0.6795219576925033,25,50,20
12,7336,0.0005811593926399572,0.31989622307825294,6.598366889672456e-07,0.6795219576924175,25,50,20
12,7337,0.0005701962177589711,0.3198962230776733,5.919839649128623e-07,0.6795329887206022,25,50,20
12,7338,0.0005701936977274194,0.3198962230776661,5.940010867922033e-07,0.6795329892235193,25,50,20
12,7339,0.0005671791635482815,0.319899239697221,5.919253203524018e-07,0.6795329892139098,25,50,20
12,7340,0.0005602591558219541,0.3198992396972217,5.899802709104771e-07,0.679539911166685,25,50,20
12,7341,0.0005602616303018188,0.3198992367902789,5.904079269097079e-07,0.679539911171492,25,50,20
12,7342,0.0005653805874185622,0.31989923679134263,6.217944378924384e-07,0.6795347608268003,25,50,20
12,7343,0.0005683044304051079,0.31989923679132376,6.208729885988474e-07,0.6795318379052818,25,50,20
12,7344,0.000568284072521411,0.31989923679130466,6.194623867714224e-07,0.6795318596737867,25,50,20
12,7345,0.0005692129761847648,0.31989923679133836,6.203255343941337e-07,0.6795309299069422,25,50,20
12,7346,0.000566323455008084,0.31989923679132987,6.197259272175655e-07,0.6795338200277341,25,50,20
12,7347,0.0005683382290809869,0.3198970924462223,7.493017647339591e-07,0.679533820022931,25,50,20
12,7348,0.0005623437723387832,0.31989709244623193,7.479682661270867e-07,0.6795398158131621,25,50,20
12,7349,0.0005604690120820177,0.3198989705605289,7.44623578851952e-07,0.6795398158038093,25,50,20
12,7350,0.0005633974313320616,0.3198989705604934,7.425465071871227e-07,0.6795368894616665,25,50,20
12,7351,0.0005575148005001096,0.3198989705604692,7.565935070614044e-07,0.679542758045523,25,50,20
12,7352,0.0005643662343019437,0.3198989705604954,7.589486119207434e-07,0.6795359042565902,25,50,20
12,7353,0.0005623502296380747,0.31990111961497486,6.258964562196295e-07,0.6795359042589304,25,50,20
12,7354,0.0005622790694132016,0.3199011196149655,6.251827476503032e-07,0.6795359761328733,25,50,20
12,7355,0.0005592308361981723,0.3199041671200372,6.259108896274799e-07,0.6795359761328745,25,50,20
12,7356,0.0005611752689796553,0.3199041671200996,6.340096430465952e-07,0.6795340236012773,25,50,20
12,7357,0.0005611762192929857,0.3199041671201081,6.34121163740016e-07,0.679534022539435,25,50,20
12,7358,0.0005572511193886583,0.3199041671200737,6.311389565152994e-07,0.6795379506215806,25,50,20
12,7359,0.0005562692387316476,0.3199051507378146,6.294114765151576e-07,0.6795379506119766,25,50,20
12,7360,0.0005671831875093724,0.31990515073787656,6.353632094427019e-07,0.6795270307114041,25,50,20
12,7361,0.0005701782778909369,0.3199021555241101,6.35484212272638e-07,0.6795270307137858,25,50,20
12,7362,0.0005721917566570134,0.3199021555240745,6.324399147632321e-07,0.6795250202793529,25,50,20
12,7363,0.0005791134983649973,0.31990215552410034,6.3579148541457e-07,0.6795180951860484,25,50,20
12,7364,0.0008125350994673071,0.3199021555262808,8.22482542857748e-07,0.6792844868917084,25,50,20
12,7365,0.0008111806463565633,0.3199021555256853,8.048315775032681e-07,0.6792858589963799,25,50,20
12,7366,0.0008131393680396741,0.3199021555257205,7.911476225710037e-07,0.6792839139586166,25,50,20
12,7367,0.000810265897387179,0.3199050276842786,7.924549146775014e-07,0.6792839139634189,25,50,20
12,7368,0.0008104586328466343,0.3199048332745215,7.941290880971475e-07,0.679283913963543,25,50,20
12,7369,0.0010480615449906798,0.3196671243072626,9.001695403294775e-07,0.6792839139782056,25,50,20
12,7370,0.001045993932278875,0.31966712430729755,9.03374356629967e-07,0.6792859783860656,25,50,20
12,7371,0.0010459553139213044,0.3196671243073153,9.041806989388725e-07,0.6792860161980628,25,50,20
12,7372,0.0010381440256739204,0.3196671243093679,9.792599604728317e-07,0.6792937524049962,25,50,20
12,7373,0.001037216620525092,0.3196680548084778,9.761706785355425e-07,0.6792937524003172,25,50,20
12,7374,0.0010341838494284529,0.31966805480637306,8.958782965296923e-07,0.6792968654659005,25,50,20
12,7375,0.0010371113110104301,0.31966805480639165,8.95306711984209e-07,0.6792939385758848,25,50,20
12,7376,0.0010331342776963264,0.3196680548063564,8.922845169908961e-07,0.6792979186314294,25,50,20
12,7377,0.0010365065540269007,0.31966805480652666,9.047727134661312e-07,0.6792945338667322,25,50,20
12,7378,0.0010363669957228028,0.3196681959245539,9.032130738761032e-07,0.6792945338666486,25,50,20
12,7379,0.0007989689958835747,0.31966819592448303,7.776469681367482e-07,0.6795320574326644,25,50,20
12,7380,0.0012550628629082747,0.3196681959265991,1.054106271232979e-06,0.6790756871042204,25,50,20
12,7381,0.0012522587149584677,0.31966819592661805,1.0555157983251273e-06,0.6790784898426234,25,50,20
12,7382,0.0014859677204530591,0.31943432819908174,1.2142279455999297e-06,0.6790784898525181,25,50,20
12,7383,0.001251466557825198,0.3196689365198101,1.1070845114922254e-06,0.6790784898378517,25,50,20
12,7384,0.0012505382675888988,0.3196689365197843,1.104069867602969e-06,0.6790794211427577,25,50,20
12,7385,0.0010200367063547236,0.31989959304800714,9.491126029676612e-07,0.6790794211330337,25,50,20
12,7386,0.0010210580531538407,0.31989959304806076,9.78052589722922e-07,0.6790783708461946,25,50,20
12,7387,0.0010309735848148768,0.3198995930495939,9.806534777353818e-07,0.6790684527121124,25,50,20
12,7388,0.0010370821100406074,0.3198995930506387,1.025596944947169e-06,0.6790622992423748,25,50,20
12,7389,0.0010372414260833266,0.31989943244433794,1.0268846050536435e-06,0.6790622992449725,25,50,20
12,7390,0.0010372783884232061,0.31989939708739445,1.0252792494418668e-06,0.6790622992449312,25,50,20
12,7391,0.0010344314653672527,0.3198993970873503,1.022648529675895e-06,0.6790651487987511,25,50,20
12,7392,0.0010332821423596778,0.31990054084511155,1.0282066446298477e-06,0.6790651488058826,25,50,20
12,7393,0.0010342792365023723,0.3198995406070598,1.0313455378200877e-06,0.6790651488108982,25,50,20
12,7394,0.001031598522910773,0.31989954060708803,1.0333799259024167e-06,0.6790678274900739,25,50,20
12,7395,0.0010286725679914635,0.3199024660700337,1.033864661535379e-06,0.6790678274973119,25,50,20
12,7396,0.0010286725437908357,0.31990246607003336,1.033843530509942e-06,0.6790678275426437,25,50,20
12,7397,0.0010286525353364335,0.3199024660700246,1.0356981397318515e-06,0.6790678456964975,25,50,20
12,7398,0.0010198464916800446,0.31990246606900735,9.947836906475716e-07,0.6790766926556202,25,50,20
12,7399,0.0005597736281610132,0.3199024660668654,7.150216522220648e-07,0.6795370452833197,25,50,20
12,7400,0.0003234255873854057,0.31990246606469397,5.289929611884237e-07,0.6797735793549576,25,50,20
12,7401,0.00032642169958353945,0.3199024660647118,5.292454739331503e-07,0.6797705829902295,25,50,20
12,7402,0.0003262825013471332,0.3199024660646929,5.278467074308322e-07,0.6797707235872515,25,50,20
12,7403,0.00032633760191766974,0.3199024660647566,5.292960511757237e-07,0.6797706670372736,25,50,20
12,7404,0.0003233941741613334,0.3199024660647567,5.293078012365316e-07,0.6797736104532798,25,50,20
12,7405,0.00032327014274312246,0.31990259081030986,5.285961419719294e-07,0.6797736104508041,25,50,20
12,7406,0.0003263360348384038,0.3198995252990304,5.282224247672788e-07,0.679773610443706,25,50,20
12,7407,0.0003293667281133235,0.31989952529904775,5.269477317420996e-07,0.6797705810251066,25,50,20
12,7408,0.00033225501339045476,0.3198966370381908,5.269233998596363e-07,0.6797705810250179,25,50,20
12,7409,0.00033206230592426264,0.31989683070898467,5.259578626370139e-07,0.6797705810272273,25,50,20
12,7410,0.0003311333830991868,0.31989683070895014,5.229886295772966e-07,0.6797715129193204,25,50,20
12,7411,0.0003312045110253053,0.31989683070897706,5.24937742827465e-07,0.6797714398422542,25,50,20
12,7412,0.00032478741055259295,0.3198968307088159,5.124611620976363e-07,0.6797778694194689,25,50,20
12,7413,0.00032477356478450973,0.31989683070880653,5.118183467116531e-07,0.6797778839080615,25,50,20
12,7414,0.000324491287343705,0.31989683070874386,5.081736553192279e-07,0.6797781698302562,25,50,20
12,7415,0.0003244727644666172,0.31989683070873587,5.121655154685614e-07,0.6797781843612811,25,50,20
12,7416,0.00032436569975532586,0.3198968307086809,5.10849576920674e-07,0.679778292741986,25,50,20
12,7417,0.0003270838230030982,0.3198968307086351,5.079876243425922e-07,0.6797755774807364,25,50,20
12,7418,0.00032710204921814005,0.3198968307086431,5.039883378213345e-07,0.6797755632537998,25,50,20
12,7419,0.00032199689593751175,0.31989683070758845,4.7325344218467904e-07,0.6797806991430306,25,50,20
12,7420,0.0003259736821449244,0.31989683070762337,4.7625842972399005e-07,0.6797767193518008,25,50,20
12,7421,0.00032884830538555806,0.31989683070761393,4.7554030955148557e-07,0.6797738454466902,25,50,20
12,7422,0.0003317215993592453,0.3198939606732091,4.722810334031474e-07,0.6797738454463976,25,50,20
12,7423,0.00032970622240870135,0.31989396067323506,4.7508912603672545e-07,0.6797758580152294,25,50,20
12,7424,0.00032969145467660584,0.3198939760666473,4.7446582405510715e-07,0.6797758580128515,25,50,20
12,7425,0.0003196807802872449,0.3198939760650954,4.4592243349043615e-07,0.6797858972321831,25,50,20
12,7426,0.0003226418130755395,0.31989397606510495,4.466310911843363e-07,0.6797829354907274,25,50,20
12,7427,0.00032262677679652273,0.3198939760650959,4.4598089418103957e-07,0.6797829511772122,25,50,20
12,7428,0.0003246971500627763,0.319893976065053,4.433678919239474e-07,0.679780883416991,25,50,20
12,7429,0.0003246617303661982,0.31989397606504455,4.437690573420454e-07,0.6797809184355306,25,50,20
12,7430,0.0003216674605870087,0.3198968346903435,5.794157845772916e-07,0.6797809184332836,25,50,20
12,7431,0.000322644387056473,0.3198968346903776,5.824988689501477e-07,0.6797799384236959,25,50,20
12,7432,0.00032267926280518536,0.3198968346903684,5.818244451720824e-07,0.6797799042223801,25,50,20
12,7433,0.00032262443690355606,0.3198968346903599,5.816723107784703e-07,0.6797799592004248,25,50,20
12,7434,0.00032060971934017105,0.3198968346903951,5.847138697151197e-07,0.6797819708763941,25,50,20
12,7435,0.0003283872604680178,0.3198890543133649,5.875403361516484e-07,0.6797819708858299,25,50,20
12,7436,0.0003292453104190206,0.31988905431336395,5.899775758307152e-07,0.6797811103986402,25,50,20
12,7437,0.00032917704320120834,0.31988905431335474,5.892928162087127e-07,0.6797811793506269,25,50,20
12,7438,0.00032721467950095137,0.3198910222427867,5.837367369268375e-07,0.6797811793409744,25,50,20
12,7439,0.00032899241232897073,0.3198910222428554,5.890469461834885e-07,0.6797793962978682,25,50,20
12,7440,0.0003259958141095178,0.31989102224284616,5.888683635411995e-07,0.6797823930746795,25,50,20
12,7441,0.0003259957925272634,0.31989102224284616,5.888675096589831e-07,0.6797823930971155,25,50,20
12,7442,0.00032706501934651156,0.31989102224276694,5.826399213333608e-07,0.6797813300979639,25,50,20
12,7443,0.00031609601601171184,0.31990199696328125,5.769275884165906e-07,0.6797813300931174,25,50,20
12,7444,0.00031609508229834887,0.3199019969632746,5.784801943209861e-07,0.6797813294742313,25,50,20
12,7445,0.00031704000770816623,0.3199010481249799,5.823882758614175e-07,0.6797813294790348,25,50,20
12,7446,0.0003130793223498601,0.319901048124954,5.800276315167791e-07,0.6797852925250635,25,50,20
12,7447,0.0003140591832711185,0.31990006583923514,5.824475425993442e-07,0.67978529252995,25,50,20
12,7448,0.0003110480096256925,0.3199000658392175,5.816553824143374e-07,0.6797883044957733,25,50,20
12,7449,0.0003110480323572681,0.3199000657595321,5.817123406299108e-07,0.6797883044957689,25,50,20
12,7450,0.0003110847215454636,0.3199000292385332,5.81541679734056e-07,0.6797883044982403,25,50,20
12,7451,0.00031201577790344545,0.3198990932664009,5.864454641627651e-07,0.6797883045102298,25,50,20
12,7452,0.00031592314509141525,0.31989909326643534,5.893885878272092e-07,0.6797843941998838,25,50,20
12,7453,0.0003228970385718786,0.31989225075745636,4.5799945388177064e-07,0.6797843942045163,25,50,20
12,7454,0.00032284163713364525,0.31989225075746447,4.5761732964162215e-07,0.6797844499880706,25,50,20
12,7455,0.000320771555669698,0.31989225075749905,4.606299939003961e-07,0.6797865170568359,25,50,20
12,7456,0.0003197741678848832,0.31989325149545783,4.5728475028847846e-07,0.6797865170519054,25,50,20
12,7457,0.0003157982485457922,0.31989325149541414,4.536532485573676e-07,0.6797904966027899,25,50,20
12,7458,0.00031788432602652223,0.3198932514954149,4.5270988020458347e-07,0.6797884114686766,25,50,20
12,7459,0.00038774417735114303,0.31989325149756126,6.383962348401871e-07,0.6797183659288512,25,50,20
12,7460,0.0003946675644178807,0.3198863234437004,6.430608626405588e-07,0.6797183659310175,25,50,20
12,7461,0.0003926714390351001,0.31988632344362955,6.348281132406182e-07,0.6797203702892205,25,50,20
12,7462,0.00039565044787426035,0.3198833452614304,6.340062749911769e-07,0.6797203702844188,25,50,20
12,7463,0.0003957718912962157,0.3198833452614221,6.344063366879043e-07,0.6797202484409434,25,50,20
12,7464,0.0003987506522002826,0.3198833452614296,6.339388572309287e-07,0.6797172701475114,25,50,20
12,7465,0.0003918269431585756,0.31989027398076,6.289332896546291e-07,0.6797172701427903,25,50,20
12,7466,0.0003878485406969559,0.31989425661307147,6.247057825384834e-07,0.6797172701404477,25,50,20
12,7467,0.00039896233944917395,0.31989425661318,6.329789473648188e-07,0.6797061480684221,25,50,20
12,7468,0.00039630136586771427,0.3198942566132269,6.374157238130792e-07,0.6797088046051801,25,50,20
12,7469,0.00039335829713197263,0.31989719964907176,6.374485712832181e-07,0.6797088046052236,25,50,20
12,7470,0.00044136209779317926,0.3198971996490732,2.0993360807208885e-06,0.6796593389170514,25,50,20
12,7471,0.0004413618090954303,0.31989719964907304,2.0992887257834454e-06,0.6796593392531044,25,50,20
12,7472,0.0004483498199513075,0.31989719964912616,2.1056383801336255e-06,0.6796523448925407,25,50,20
12,7473,0.000448280733824613,0.31989719964910024,2.1037687460402663e-06,0.6796524158483277,25,50,20
12,7474,0.0004484028082041525,0.31989719964909086,2.104581911130802e-06,0.6796522929607924,25,50,20
12,7475,0.0003785605300023892,0.3198971996470077,1.948761606717881e-06,0.6797222910613818,25,50,20
12,7476,0.00038162506299640396,0.3198971996470254,1.9495493366291845e-06,0.6797192257406401,25,50,20
12,7477,0.00038064381440033044,0.31989818384274055,1.946606978761356e-06,0.6797192257358791,25,50,20
12,7478,0.00038363977277642783,0.3198981838427491,1.946739400028554e-06,0.679716229645073,25,50,20
12,7479,0.0003835864807728023,0.3198981838427671,1.9465276426648218e-06,0.6797162831488159,25,50,20
12,7480,0.00039050588178357273,0.31989125953398384,1.9514234293846582e-06,0.6797162831608016,25,50,20
12,7481,0.0003875110601703252,0.3198942542887157,1.951490268667238e-06,0.6797162831608438,25,50,20
12,7482,0.0004453585911231777,0.3198942542886809,2.010835525204091e-06,0.6796583762846693,25,50,20
12,7483,0.00043843953460975875,0.3198942542886374,2.005180131453006e-06,0.6796653009966198,25,50,20
12,7484,0.0008994984412090951,0.31989425428874396,2.2486824114449434e-06,0.6792039985876339,25,50,20
12,7485,0.0008984390180046611,0.31989530835247576,2.2540468512577663e-06,0.6792039985826664,25,50,20
12,7486,0.0009044313973463043,0.3198953083524938,2.255743940860824e-06,0.6791980045062174,25,50,20
12,7487,0.0008455856177101155,0.3198953083524222,2.163447697589433e-06,0.6792569425821685,25,50,20
12,7488,0.0008436286829978308,0.3198953083524156,2.1664335264027705e-06,0.6792588965310585,25,50,20
12,7489,0.000784756520057565,0.3198953083523417,6.97905073716885e-07,0.6793192372225253,25,50,20
12,7490,0.0007874931757260377,0.3198953083523312,6.94353806179593e-07,0.6793165041181346,25,50,20
12,7491,0.0007875633594933047,0.31989523540322723,6.97106983169746e-07,0.6793165041302943,25,50,20
12,7492,0.0007876153946127525,0.31989523540323644,6.97280052090931e-07,0.6793164519220969,25,50,20
12,7493,0.0007936720688496132,0.31988918038648817,6.956321772102323e-07,0.679316451912483,25,50,20
12,7494,0.0007976479003505067,0.3198891803865228,6.986296465311627e-07,0.6793124730834783,25,50,20
12,7495,0.0007985781749639884,0.31988824686459727,7.018721925101239e-07,0.6793124730882443,25,50,20
12,7496,0.0007987873039436054,0.3198882468646344,7.045670602796361e-07,0.6793122612643597,25,50,20
12,7497,0.0007916568370105587,0.31988824686456213,6.988198430846789e-07,0.6793193974785823,25,50,20
12,7498,0.00086444049073144,0.3198882468667352,8.840899279286341e-07,0.6792464285526038,25,50,20
12,7499,0.0008675053580330135,0.31988518116381265,8.84920744013506e-07,0.6792464285574086,25,50,20
12,7500,0.000864493410417396,0.31988819397423185,8.840627008491654e-07,0.679246428552648,25,50,20
12,7501,0.0008644573318118236,0.319888193974241,8.84731486729934e-07,0.6792464639624586,25,50,20
12,7502,0.0008645959037083981,0.3198881939742592,8.860716992223799e-07,0.6792463240503315,25,50,20
12,7503,0.000864598069256324,0.31988819397425966,8.861428250380932e-07,0.6792463218136572,25,50,20
12,7504,0.0008674711088677944,0.3198881939742499,8.854191620739701e-07,0.6792434494977185,25,50,20
12,7505,0.0008696367881536585,0.3198881939743019,8.857435025521095e-07,0.6792412834940403,25,50,20
12,7506,0.0008666407050256518,0.31988819397431917,8.860157406580409e-07,0.6792442793049132,25,50,20
12,7507,0.0008696350707268685,0.31988520200728465,8.836291505979647e-07,0.6792442792928365,25,50,20
12,7508,0.0008694964060618357,0.31988520200726606,8.822538336984127e-07,0.6792444193328371,25,50,20
12,7509,0.00086858407177874,0.3198852020072404,8.799218381179443e-07,0.6792453339991414,25,50,20
12,7510,0.0008685144277095465,0.3198852020072313,8.792499096337711e-07,0.6792454043151481,25,50,20
12,7511,0.0008655522220035154,0.3198852020072238,8.8025218124692e-07,0.6792483655185904,25,50,20
12,7512,0.0008674956289732732,0.3198852020072503,8.857445452312793e-07,0.6792464166192299,25,50,20
12,7513,0.00086443106949453,0.31988826696625255,8.853451056675244e-07,0.6792464166191461,25,50,20
12,7514,0.000871402626938146,0.31988129227770196,8.884691148809474e-07,0.6792464166262439,25,50,20
12,7515,0.0008693708320290065,0.3198833218909952,8.906508097662175e-07,0.6792464166261643,25,50,20
12,7516,0.0008653966280261519,0.31988730094153217,8.858162624362363e-07,0.6792464166141776,25,50,20
12,7517,0.0008674120396824313,0.31988528842040004,8.829281201010007e-07,0.6792464166117957,25,50,20
12,7518,0.000864537657576868,0.3198881620983085,8.836298125897216e-07,0.6792464166143004,25,50,20
12,7519,0.00086469694134917,0.3198881620983526,8.853126321396816e-07,0.6792462556476644,25,50,20
12,7520,0.0008667632435279231,0.3198861065837901,8.745225932890693e-07,0.6792462556500872,25,50,20
12,7521,0.0008598595011834141,0.3198861065837553,8.706285323820083e-07,0.6792531632865274,25,50,20
12,7522,0.0008588612917905764,0.3198861065837907,8.700762985322769e-07,0.6792541620481188,25,50,20
12,7523,0.0008587923720626277,0.3198861065837727,8.692585076946956e-07,0.6792542317856557,25,50,20
12,7524,0.0008520123949034668,0.3198928887799652,8.670463164430253e-07,0.6792542317788136,25,50,20
12,7525,0.0008520108829926069,0.319892888779947,8.657261181190074e-07,0.679254234610941,25,50,20
12,7526,0.0008548669596875107,0.3198900336405278,8.647891399406097e-07,0.6792542346106434,25,50,20
12,7527,0.001534255648726843,0.31989003364263835,1.1857566605772854e-06,0.6785745249519729,25,50,20
12,7528,0.0015351334151617628,0.31988915322763434,1.1884052686970676e-06,0.6785745249519338,25,50,20
12,7529,0.0015341860899205776,0.31989010386351596,1.1850970915963142e-06,0.6785745249494706,25,50,20
12,7530,0.0015321138096769265,0.3198901038635245,1.1879278601255878e-06,0.6785765943989367,25,50,20
12,7531,0.001535230960331653,0.3198901038635246,1.1884428942244452e-06,0.6785734767332481,25,50,20
12,7532,0.0015353190841060362,0.3198901038634977,1.1881625803050457e-06,0.6785733888898143,25,50,20
12,7533,0.0014615548309437245,0.31989010386129035,9.984007739612738e-07,0.6786473429069905,25,50,20
12,7534,0.0014615043990511133,0.3198901541142871,9.985772462619501e-07,0.678647342909414,25,50,20
12,7535,0.0014605731932897021,0.31989108868855587,9.952135045666545e-07,0.6786473429046483,25,50,20
12,7536,0.001460629015393141,0.3198910333687176,9.947182513040387e-07,0.6786473428976365,25,50,20
12,7537,0.001460646015748093,0.31989101129163755,9.997949351708185e-07,0.6786473428976773,25,50,20
12,7538,0.0014675694618544951,0.3198840849740001,1.0026640870025826e-06,0.6786473429000559,25,50,20
12,7539,0.0007871819660094069,0.3198840849718188,6.765953443680809e-07,0.6793280564668248,25,50,20
12,7540,0.0007902479998066467,0.31988408497181736,6.754792345872003e-07,0.6793249915491392,25,50,20
12,7541,0.0007933858756295389,0.3198840849718892,6.793995007079592e-07,0.6793218497529785,25,50,20
12,7542,0.0007913737211911317,0.3198840849719274,7.105042782160633e-07,0.6793238308026013,25,50,20
12,7543,0.000789290108865858,0.31988617068626146,7.083974646784928e-07,0.6793238308074061,25,50,20
12,7544,0.0007892904159691451,0.31988617068626196,7.105015461507277e-07,0.6793238283962205,25,50,20
12,7545,0.0007920747204982267,0.31988617068633185,7.169917157470057e-07,0.6793210376014522,25,50,20
12,7546,0.0007920226776777585,0.3198861706863143,7.192760035711288e-07,0.6793210873600026,25,50,20
12,7547,0.0007881157154088552,0.3198900797715086,7.171577534621503e-07,0.6793210873553277,25,50,20
12,7548,0.0007842632630805453,0.31989393217634926,7.172099162719526e-07,0.6793210873506524,25,50,20
12,7549,0.0007812690372621668,0.31989393217634104,7.175242810483297e-07,0.6793240812621142,25,50,20
12,7550,0.000784306690562937,0.3198939321764502,7.262391601107163e-07,0.6793210348938256,25,50,20
12,7551,0.0007821530339392078,0.31989608417037574,7.278970967129998e-07,0.6793210348985871,25,50,20
12,7552,0.0007821529903345076,0.3198960841703759,7.278582560427274e-07,0.6793210349810325,25,50,20
12,7553,0.0007792246949720159,0.31989901123550757,7.290836816334075e-07,0.6793210349858377,25,50,20
12,7554,0.0007792209906502651,0.31989901746090266,7.265626120655368e-07,0.6793210349858341,25,50,20
12,7555,0.0007790279058480688,0.31989901746088434,7.251884919488768e-07,0.6793212294447747,25,50,20
12,7556,0.0007728893801269403,0.31989901746077565,7.159433413415817e-07,0.6793273772157552,25,50,20
12,7557,0.0007727852471903566,0.31989901746080207,7.168341223152941e-07,0.6793274804578844,25,50,20
12,7558,0.0010062682806651487,0.3196654357192147,8.155395316451754e-07,0.6793274804605877,25,50,20
12,7559,0.0010101236850548938,0.3196615757003885,8.201494609466318e-07,0.6793274804650947,25,50,20
12,7560,0.0010130484174746184,0.31966157570038783,8.191968743361734e-07,0.6793245566852625,25,50,20
12,7561,0.0010130124900118102,0.3196615757004762,8.270412804341238e-07,0.6793245847682308,25,50,20
12,7562,0.001010017624528024,0.3196615757004852,8.272025361154891e-07,0.67932757947245,25,50,20
12,7563,0.001010052615536304,0.31966157570038806,8.187178668524025e-07,0.6793275529662083,25,50,20
12,7564,0.0010179027572265829,0.31966157570046855,8.245121946210919e-07,0.6793196970301093,25,50,20
12,7565,0.0010199903789676406,0.3196594897443826,8.228512134910604e-07,0.6793196970254353,25,50,20
12,7566,0.0007874201036320902,0.31989215595645737,7.269196844390777e-07,0.679319697020225,25,50,20
12,7567,0.0007903622412714405,0.319889213656787,7.270794211766637e-07,0.6793196970225194,25,50,20
12,7568,0.0007903609904451482,0.31988921365677636,7.283375495259732e-07,0.6793196970152279,25,50,20
12,7569,0.0007824791137657426,0.3198892136567423,7.35680262785851e-07,0.6793275715492281,25,50,20
12,7570,0.0007786593037894728,0.31989303754747467,7.315991920459434e-07,0.6793275715495429,25,50,20
12,7571,0.0007785699491482677,0.31989303754744713,7.168165380056195e-07,0.6793276756868656,25,50,20
12,7572,0.0007805699634635325,0.3198930375474038,7.131926598123857e-07,0.679325679296472,25,50,20
12,7573,0.0007804616368827212,0.3198931473584354,7.117132026902247e-07,0.6793256792914785,25,50,20
12,7574,0.0007824429904883383,0.31989314735843455,6.833511967549151e-07,0.6793237262998789,25,50,20
12,7575,0.0007795695486623954,0.3198960200799866,6.840689204434627e-07,0.6793237263024292,25,50,20
12,7576,0.0007795691200900931,0.31989602174210463,6.828353714418665e-07,0.6793237263024325,25,50,20
12,7577,0.0007847241664698004,0.31989602174267623,7.261144675903161e-07,0.679318527976385,25,50,20
12,7578,0.0007877023639623255,0.3198960217426847,7.231448664685097e-07,0.6793155527484852,25,50,20
12,7579,0.0007907173544545476,0.319893004528421,7.25358929984901e-07,0.6793155527581923,25,50,20
12,7580,0.0007876321436641086,0.319893004528359,7.216217988148414e-07,0.6793186417061761,25,50,20
12,7581,0.0007876104750250125,0.3198930045283217,7.18893124694352e-07,0.6793186661035265,25,50,20
12,7582,0.0007875937582098856,0.31989300452831265,7.182412230413067e-07,0.6793186834722523,25,50,20
12,7583,0.0007845295567887155,0.31989606906492773,7.179059007673041e-07,0.6793186834723808,25,50,20
12,7584,0.000788506624147879,0.31989606906496293,7.209099199557468e-07,0.6793147034009672,25,50,20
12,7585,0.0007885463963662286,0.3198960690649554,7.320369728560008e-07,0.6793146525017035,25,50,20
12,7586,0.0007856030622636846,0.31989606906495544,7.32094110189757e-07,0.6793175957786688,25,50,20
12,7587,0.0007857070250290781,0.31989606906499235,7.322316342969958e-07,0.6793174916783424,25,50,20
12,7588,0.0007857941950566148,0.3198960690648952,7.237326144305929e-07,0.6793174130074321,25,50,20
12,7589,0.0007858468439993903,0.31989606906490403,7.238450780704637e-07,0.6793173602460167,25,50,20
12,7590,0.0007858465247911514,0.3198960690649031,7.237717995951243e-07,0.6793173606385043,25,50,20
12,7591,0.000785789958875261,0.31989612651860966,7.228841393425674e-07,0.6793173606383739,25,50,20
12,7592,0.0007846080009334723,0.31989612651807176,6.825360267402831e-07,0.6793185829449665,25,50,20
12,7593,0.00078355737910655,0.31989612651816995,7.392321723312136e-07,0.6793195768705496,25,50,20
12,7594,0.0007865738966274669,0.3198961265181795,7.39911410655118e-07,0.6793165596737808,25,50,20
12,7595,0.0007825045991095446,0.31989612651815186,7.257599062388753e-07,0.6793206431228307,25,50,20
12,7596,0.0009049066836251039,0.3197734204686804,1.0294303142408749e-06,0.6793206434173789,25,50,20
12,7597,0.0009020861517208677,0.3197734204686902,1.0301202566490552e-06,0.6793234632593311,25,50,20
12,7598,0.001135570205776774,0.31977342046878077,1.1068092607289308e-06,0.6790899025161804,25,50,20
12,7599,0.0011326247350057544,0.31977636594327785,1.1068056178070298e-06,0.6790899025160971,25,50,20
12,7600,0.000673421730140334,0.3197763659432324,8.686743856062625e-07,0.6795493436522407,25,50,20
12,7601,0.0006763847738774816,0.31977636594321407,8.673223288200243e-07,0.6795463819605786,25,50,20
12,7602,0.0006763848169588141,0.3197763659432144,8.673472204442365e-07,0.6795463818926051,25,50,20
12,7603,0.0006793831907756494,0.31977636594320596,8.672314063724318e-07,0.6795433836346108,25,50,20
12,7604,0.000680311571469382,0.31977636594324105,8.702472758445923e-07,0.6795424522380125,25,50,20
12,7605,0.000681344947287266,0.3197763659431617,8.149514367179387e-07,0.6795414741581131,25,50,20
12,7606,0.0006823965081962052,0.3197763659431095,8.102533011410362e-07,0.679540427295392,25,50,20
12,7607,0.0006794701059128173,0.3197763659431189,8.109088787489249e-07,0.6795433530420883,25,50,20
12,7608,0.0006785430471436943,0.31977729583174225,8.080812810722185e-07,0.6795433530398318,25,50,20
12,7609,0.0006775617317057052,0.3197772958316981,8.048953940452806e-07,0.6795443375412009,25,50,20
12,7610,0.000688527439978028,0.3197772958317687,8.109795693112123e-07,0.6795333657486827,25,50,20
12,7611,0.0006954513064144739,0.3197703680983432,8.148441770665222e-07,0.679533365751064,25,50,20
12,7612,0.0005729796170734039,0.31989314465048907,5.102808080729368e-07,0.6795333654516282,25,50,20
12,7613,0.0005759395052022641,0.31989314465049845,5.110022070378815e-07,0.6795304048420909,25,50,20
12,7614,0.0005729797624183399,0.3198931446504891,5.103206739521592e-07,0.6795333652664176,25,50,20
12,7615,0.0005738890719277475,0.3198922253331451,5.203189175865337e-07,0.6795333652760088,25,50,20
12,7616,0.0005718757281117882,0.3198922253331656,5.375881170514366e-07,0.6795353613506048,25,50,20
12,7617,0.0005717848177632663,0.31989222533325334,5.479033554285685e-07,0.6795354419456272,25,50,20
12,7618,0.0005677909469159859,0.3198922253332263,5.449631988831761e-07,0.679539438756658,25,50,20
12,7619,0.0003343093208567687,0.3198922253331364,4.6832295378572054e-07,0.6797729970230522,25,50,20
12,7620,0.00033725332252549945,0.319889281154477,4.684976061183715e-07,0.6797729970253904,25,50,20
12,7621,0.0003373210455404612,0.31988928115450327,4.6992040754594244e-07,0.6797729278795478,25,50,20
12,7622,0.00033732195745395257,0.3198892811545028,4.6989370167220547e-07,0.6797729269943404,25,50,20
12,7623,0.0003382821063847776,0.319888317103657,4.7379089874029593e-07,0.6797729269990574,25,50,20
12,7624,0.0003412255564816854,0.3198883171036574,4.7381316697051773e-07,0.6797699835266922,25,50,20
12,7625,0.00033826521357814977,0.31988831710364773,4.730660941938438e-07,0.6797729446166781,25,50,20
12,7626,0.00033823121692672315,0.31988835194969634,4.722144420357078e-07,0.6797729446189331,25,50,20
12,7627,0.0003381763936328915,0.31988840672037316,4.7226931422363965e-07,0.6797729446166777,25,50,20
12,7628,0.00033831646815684366,0.31988840672026775,4.6162415985238283e-07,0.6797728151874134,25,50,20
12,7629,0.0003412448340867196,0.31988840672024077,4.6167942892636026e-07,0.6797698867662415,25,50,20
12,7630,0.00033831775172407007,0.3198913317037125,4.6378032091409216e-07,0.6797698867642404,25,50,20
12,7631,0.00033546135932966374,0.31989418657317303,4.65296026849769e-07,0.6797698867714687,25,50,20
12,7632,0.00033938680968005337,0.3198941865731712,4.6608579926334717e-07,0.6797659605313477,25,50,20
12,7633,0.00033840615063113845,0.31989517942458706,4.5391272839263695e-07,0.6797659605120512,25,50,20
12,7634,0.0003344826236323171,0.3198951794245536,4.5231445090105194e-07,0.679769885637361,25,50,20
12,7635,0.00033051910961032595,0.31989914657086804,4.4868679701915735e-07,0.6797698856327227,25,50,20
12,7636,0.0003334605875313879,0.3198991465708681,4.4868626269351344e-07,0.679766944155336,25,50,20
12,7637,0.0003333895683410203,0.3198991465708582,4.4795245428623154e-07,0.679767015908345,25,50,20
12,7638,0.0003373701221380044,0.3198991465708842,4.803090734227118e-07,0.6797630029979028,25,50,20
12,7639,0.00033729989577682283,0.3198992175020634,4.796066788859282e-07,0.6797630029954793,25,50,20
12,7640,0.00033729986536464875,0.3198992175810436,4.795582336831732e-07,0.679763002995356,25,50,20
12,7641,0.0005165368906474199,0.319899217586326,2.537599143337508e-06,0.6795817079238816,25,50,20
12,7642,0.0005136633022818539,0.3198992175863972,2.538840022681668e-06,0.6795845802712966,25,50,20
12,7643,0.000512679196449174,0.3198992175863854,2.5217023669376314e-06,0.6795855815147966,25,50,20
12,7644,0.000512661965260291,0.3198992175863675,2.520387839008804e-06,0.6795856000605311,25,50,20
12,7645,0.00033360113483709293,0.319899217581068,4.626067497810428e-07,0.6797667186773431,25,50,20
12,7646,0.0003306577701216998,0.31989921758106804,4.626084705449489e-07,0.6797696620403376,25,50,20
12,7647,0.00033861081393238876,0.3198912588928635,4.682433866604999e-07,0.6797696620498154,25,50,20
12,7648,0.00033563347161127787,0.31989125889284553,5.82802823683265e-07,0.6797725248327177,25,50,20
12,7649,0.0003425535921544373,0.31989125889287184,5.856742466590345e-07,0.6797656018407252,25,50,20
12,7650,0.0003528951322595643,0.3198809122392454,5.907778357571637e-07,0.6797656018506574,25,50,20
12,7651,0.00035815999434618605,0.3198809122408436,6.240827154218801e-07,0.679760303682093,25,50,20
12,7652,0.0003582134732252526,0.3198809122408349,6.239248772152899e-07,0.6797602503610609,25,50,20
12,7653,0.0003590612203925124,0.31988091224086196,6.51967808801197e-07,0.679759374570935,25,50,20
12,7654,0.000357941499180524,0.3198809122409508,6.728677538102307e-07,0.6797604733921133,25,50,20
12,7655,0.00035799292529268276,0.3198808609117134,6.727687506340114e-07,0.6797604733942417,25,50,20
12,7656,0.0003590432047429318,0.31988086091162465,6.513530490669571e-07,0.6797594445305819,25,50,20
12,7657,0.00036186448781454076,0.31988086091156076,6.488588746451268e-07,0.6797566257417483,25,50,20
12,7658,0.00036489979196874716,0.3198808609115711,6.496520923361902e-07,0.6797535896443663,25,50,20
12,7659,0.0003651085579287757,0.3198808609115725,6.518188310038722e-07,0.6797533787116663,25,50,20
12,7660,0.0003628319009583996,0.31988086091161455,6.527825353834142e-07,0.67975565440489,25,50,20
12,7661,0.0003627270622153256,0.3198808609115955,6.513737069965853e-07,0.6797557606524807,25,50,20
12,7662,0.0003738878433024637,0.31988086091163376,6.806371756916134e-07,0.6797445706078865,25,50,20
12,7663,0.00037038886334217583,0.31988430556685693,7.349420095232552e-07,0.6797445706277901,25,50,20
12,7664,0.00036746270159945143,0.3198871849397453,7.817305684725843e-07,0.6797445706280852,25,50,20
12,7665,0.0003674263510597974,0.3198871849397371,7.821520037730744e-07,0.6797446065571979,25,50,20
12,7666,0.00036732162774429707,0.3198872889040561,7.829158039676103e-07,0.679744606552394,25,50,20
12,7667,0.00035910543346385197,0.31988728890401796,7.536713185704146e-07,0.679752851991198,25,50,20
12,7668,0.00035817615193747007,0.3198882215247115,7.503392524996818e-07,0.679752851984097,25,50,20
12,7669,0.00036513415310458416,0.3198882215247463,7.528344584060732e-07,0.6797458914876892,25,50,20
12,7670,0.0003630668054015675,0.3198882215247804,7.568730913618671e-07,0.6797479547967249,25,50,20
12,7671,0.00036905981596980066,0.3198882215247718,7.567528697918827e-07,0.6797419619063868,25,50,20
12,7672,0.0003658466899416736,0.31988822152319335,7.556181609867775e-07,0.6797451761687023,25,50,20
12,7673,0.00035899802616371477,0.31988822152318575,7.545816216188681e-07,0.6797520258690274,25,50,20
12,7674,0.00035899989183241064,0.3198882194432668,7.547935704016595e-07,0.6797520258713289,25,50,20
12,7675,0.0003552154655827534,0.31988821944323304,7.528859696104261e-07,0.6797558122052131,25,50,20
12,7676,0.00035724694047737217,0.31988821944321605,7.496789810461409e-07,0.679753783937324,25,50,20
12,7677,0.0003532660920226406,0.31988821944318996,7.173002946211364e-07,0.6797577971644911,25,50,20
12,7678,0.00036426118444921946,0.31988821944327706,6.977327052259854e-07,0.679746821639567,25,50,20
12,7679,0.0003603375710732732,0.3198882194432338,6.946089478272056e-07,0.6797507483767439,25,50,20
12,7680,0.0003633347139349237,0.3198852224371778,6.944744412674289e-07,0.6797507483744445,25,50,20
12,7681,0.0003702530522151503,0.3198783008875143,6.976834480361461e-07,0.679750748376821,25,50,20
12,7682,0.00037111114224566347,0.3198783008875224,6.987191433332022e-07,0.679749889251087,25,50,20
12,7683,0.00036512075925791774,0.3198783008875487,7.001124714435944e-07,0.6797558782407204,25,50,20
12,7684,0.00042889069534131444,0.31987830089072655,9.14735860955304e-07,0.6796918936780701,25,50,20
12,7685,0.0013264832072999223,0.3189803281605745,1.2949304554833466e-06,0.679691893701669,25,50,20
12,7686,0.0013235217498133779,0.31898032816061916,1.2977211459296697e-06,0.6796948523684204,25,50,20
12,7687,0.0013205784561888833,0.3189803281606194,1.2977425318936533e-06,0.6796977956406589,25,50,20
12,7688,0.0013206461788357086,0.31898032816062827,1.2983932207090656e-06,0.6796977272673144,25,50,20
12,7689,0.0013176308589444017,0.3189833423954107,1.2994782450822392e-06,0.6796977272673989,25,50,20
12,7690,0.0013176483765658573,0.31898334239542053,1.3002023200543514e-06,0.6796977090256925,25,50,20
12,7691,0.0012508111934199653,0.31898334239225207,1.0842286242571656e-06,0.6797647621857026,25,50,20
12,7692,0.001247832418595283,0.3189833423922436,1.0866675133868765e-06,0.6797677385216465,25,50,20
12,7693,0.0012409824203014027,0.31899018608512886,1.0929679898604861e-06,0.6797677385265787,25,50,20
12,7694,0.0012439783964699463,0.3189871986936472,1.0843929122069832e-06,0.6797677385169695,25,50,20
12,7695,0.0012365648857951162,0.3189946723533079,1.024270923723927e-06,0.6797677384899721,25,50,20
12,7696,0.0012366365618964783,0.3189945991468825,1.025801163063064e-06,0.6797677384900568,25,50,20
12,7697,0.0012335008562399904,0.3189977370858816,1.0235655237014841e-06,0.6797677384923536,25,50,20
12,7698,0.0012364796337579838,0.31899773708589085,1.0211774004184572e-06,0.6797647621029497,25,50,20
12,7699,0.0012364975346498873,0.3189977011112029,1.0392462595913386e-06,0.6797647621078865,25,50,20
12,7700,0.0012395297201735593,0.31899770111115894,1.0370358249999416e-06,0.6797617321328414,25,50,20
12,7701,0.001246450233504989,0.31899079593792046,1.0216911050075785e-06,0.6797617321374685,25,50,20
12,7702,0.0012444357339055113,0.31899079593794655,1.0250716988928303e-06,0.679763743256448,25,50,20
12,7703,0.001366971972532855,0.31899079594009794,1.2809241150080276e-06,0.6796409511632533,25,50,20
12,7704,0.0004694327353985667,0.319888715477014,9.006385738337935e-07,0.6796409511490127,25,50,20
12,7705,0.0003480537901522647,0.3198887154748645,6.702725429082165e-07,0.6797625604624394,25,50,20
12,7706,0.0003490333283544882,0.31988871547481873,6.421508862374755e-07,0.6797616090459395,25,50,20
12,7707,0.00034910351543342833,0.31988871547485426,5.288335784107909e-07,0.6797616521761332,25,50,20
12,7708,0.00034910322565851777,0.3198887154748533,5.28758178844519e-07,0.6797616525413086,25,50,20
12,7709,0.00035197515581338767,0.31988871547481723,5.261159496985552e-07,0.679758783253419,25,50,20
12,7710,0.00035190625301666836,0.3198888311096624,4.793841966736919e-07,0.6797587832531228,25,50,20
12,7711,0.0003550240550406687,0.3198857127932342,4.798985594400096e-07,0.6797587832531642,25,50,20
12,7712,0.00035512877868494055,0.31988560924132264,4.787267833628861e-07,0.6797587832532076,25,50,20
12,7713,0.00036211774435546476,0.3198856092413846,4.837010563279205e-07,0.6797517893132026,25,50,20
12,7714,0.00036518473943115916,0.3198825415498185,4.843974213497798e-07,0.6797517893133279,25,50,20
12,7715,0.0003681108753124905,0.31988254154980905,4.837053315448241e-07,0.6797488638695459,25,50,20
12,7716,0.0003651687750671333,0.3198825415498094,4.837316363579393e-07,0.6797518059434862,25,50,20
12,7717,0.000361454689208272,0.31988254154975765,5.062738956095477e-07,0.6797554974871375,25,50,20
12,7718,0.00036439709583551756,0.31988254154975765,5.062821557717192e-07,0.6797525550722502,25,50,20
12,7719,0.0006016430398305665,0.31988254155243406,7.784596724279528e-07,0.6795150369480619,25,50,20
12,7720,0.0005995066607564719,0.3198825415524855,7.816615914384478e-07,0.6795171701251655,25,50,20
12,7721,0.0006054949839941731,0.31988254155250373,7.811625995522994e-07,0.6795111823009009,25,50,20
12,7722,0.0006054934771834837,0.31988254352495227,7.806993852379331e-07,0.6795111822984776,25,50,20
12,7723,0.0006043542036159046,0.31988254352504003,7.870140572534803e-07,0.6795123152572853,25,50,20
12,7724,0.0006052815346112779,0.3198816133940776,7.898117715184067e-07,0.679512315259538,25,50,20
12,7725,0.0006043354283707789,0.319881613394044,7.889523896173113e-07,0.6795132622251943,25,50,20
12,7726,0.0006012157344418573,0.3198816133940695,7.892963955926694e-07,0.679516381575092,25,50,20
12,7727,0.0005992009480077459,0.3198816133940579,7.565992124286623e-07,0.6795184290587205,25,50,20
12,7728,0.0005951714227390329,0.3198816133940049,7.523227750689324e-07,0.6795224628604797,25,50,20
12,7729,0.000593245210471638,0.3198816133939253,7.455910854251059e-07,0.6795243958045163,25,50,20
12,7730,0.0005962414589786785,0.3198816133939162,7.454026147638673e-07,0.679521399744489,25,50,20
12,7731,0.0005959607933810613,0.31988161339394183,7.202149618516148e-07,0.6795217055977142,25,50,20
12,7732,0.0005929049647540791,0.31988466841037533,7.210247678080966e-07,0.6795217056001017,25,50,20
12,7733,0.0005929394573633869,0.31988466841039254,7.192131260298703e-07,0.6795216729191169,25,50,20
12,7734,0.0006032801749283928,0.319884668442477,8.503547401875232e-07,0.6795112010278532,25,50,20
12,7735,0.0006062383817345801,0.31988466844248586,8.512178928399933e-07,0.6795082419578855,25,50,20
12,7736,0.0005981967632182814,0.31988466844240565,8.444074827273135e-07,0.6795162903868921,25,50,20
12,7737,0.0008374247161067996,0.3196450640239014,1.2203030215694234e-06,0.679516290956969,25,50,20
12,7738,0.0008405082370184328,0.31964506402393783,1.2229746378314706e-06,0.6795132047644047,25,50,20
12,7739,0.0008346219988889162,0.3196450640239305,1.2350070901624039e-06,0.6795190789700892,25,50,20
12,7740,0.0008335689709017249,0.3196450640239042,1.2210740360776535e-06,0.6795201459311567,25,50,20
12,7741,0.0008336230643918858,0.31964506402389686,1.2210358203950074e-06,0.6795200918758897,25,50,20
12,7742,0.0008306959804722519,0.3196450640239061,1.2217311321190187e-06,0.6795230182644881,25,50,20
12,7743,0.0008277009247103371,0.31964506402389764,1.2216132544137234e-06,0.6795260134381362,25,50,20
12,7744,0.0008306971387926349,0.3196450640239065,1.2222494296570028e-06,0.6795230165878698,25,50,20
12,7745,0.0008277890269293675,0.3196450640245143,1.2250510811011908e-06,0.679525921897474,25,50,20
12,7746,0.0005956216213489279,0.3198776036909231,8.533554432879978e-07,0.6795259213322834,25,50,20
12,7747,0.0005936034487408859,0.31987760369095747,8.562978879083723e-07,0.6795279365624123,25,50,20
12,7748,0.0005965296211395531,0.3198776036909399,8.550320417325834e-07,0.6795250116558775,25,50,20
12,7749,0.00036326133745638687,0.31987760368829876,5.858780098939823e-07,0.6797585490962337,25,50,20
12,7750,0.0003701325539536564,0.3198776036877085,5.851076457420252e-07,0.6797516786506906,25,50,20
12,7751,0.00036180647341111884,0.31987760365558027,4.503158148148181e-07,0.6797601395551922,25,50,20
12,7752,0.00036175470513057724,0.3198776554445695,4.5029515072254344e-07,0.6797601395551479,25,50,20
12,7753,0.00035777456441805347,0.3198776554445429,4.473822304788776e-07,0.6797641226088073,25,50,20
12,7754,0.0005949880474460029,0.319877655447193,6.944314133259127e-07,0.6795266620739463,25,50,20
12,7755,0.000714517202912178,0.31975785695483944,9.634711945832e-07,0.6795266623710521,25,50,20
12,7756,0.0007135898778054986,0.3197587870668592,9.606866183627742e-07,0.6795266623687154,25,50,20
12,7757,0.0007204989892115463,0.31975187643994235,9.621998391035117e-07,0.6795266623710046,25,50,20
12,7758,0.0007214464579389056,0.3197518764399846,9.642454267204363e-07,0.6795257128566473,25,50,20
12,7759,0.0007194304943041691,0.3197518764400195,9.672400989029475e-07,0.679527725825575,25,50,20
12,7760,0.00047931051044372233,0.3197518764373616,7.211438264902153e-07,0.6797680919083657,25,50,20
12,7761,0.0006009309562753868,0.3197518764395051,9.752260797294148e-07,0.6796462173781372,25,50,20
12,7762,0.0005980034281535693,0.31975187643952246,9.76031755636615e-07,0.6796491441005658,25,50,20
12,7763,0.0005950072546001589,0.31975187643951414,9.754115812632043e-07,0.679652140894302,25,50,20
12,7764,0.0004793789385192355,0.3197518764373716,7.22131874481383e-07,0.6797680224922322,25,50,20
12,7765,0.0004764360770047106,0.31975187643737235,7.22148316656038e-07,0.6797709653373043,25,50,20
12,7766,0.0004734563703399014,0.3197518764373634,7.230319607337076e-07,0.6797739441603341,25,50,20
12,7767,0.000471318971681247,0.3197518764373715,7.240674869388183e-07,0.6797760805234586,25,50,20
12,7768,0.0004609790465520519,0.31976221996590537,7.20466789509169e-07,0.6797760805207509,25,50,20
12,7769,0.00045703710842927574,0.31976221996585324,7.180518722211256e-07,0.679780024873843,25,50,20
12,7770,0.0004570387276479689,0.3197622199658536,7.182145402564413e-07,0.6797800230919561,25,50,20
12,7771,0.00045938550487515837,0.3197622199658123,7.177686843143548e-07,0.6797776767606263,25,50,20
12,7772,0.0004585257364132858,0.3197622199658149,7.174923942992272e-07,0.6797785368053755,25,50,20
12,7773,0.0004645162993747138,0.319756229198407,7.176967162524418e-07,0.6797785368054999,25,50,20
12,7774,0.0004615936870900711,0.3197562291984251,7.185207618916508e-07,0.6797814585937213,25,50,20
12,7775,0.0004576169358441101,0.31976020856115156,7.159141278673565e-07,0.6797814585888751,25,50,20
12,7776,0.00046454578224237604,0.3197602085611685,7.201564104006587e-07,0.6797745255001771,25,50,20
12,7777,0.0004646686391968623,0.31976020856118675,7.215167802788362e-07,0.6797744012828346,25,50,20
12,7778,0.0004646694180344854,0.31976020856117754,7.212956582152454e-07,0.6797744007251282,25,50,20
12,7779,0.00046472544614069614,0.31976020856118664,7.214826867076828e-07,0.6797743445099843,25,50,20
12,7780,0.0004631028763279251,0.31976178944605577,7.63033909909527e-07,0.6797743446437048,25,50,20
12,7781,0.00046003651507103334,0.31976485641529273,7.624259718701893e-07,0.6797743446436629,25,50,20
12,7782,0.00046003424629904123,0.31976485641531965,7.636050513591027e-07,0.6797743457333283,25,50,20
12,7783,0.00045908721015148796,0.31976485641527524,7.598982157441908e-07,0.6797752964763559,25,50,20
12,7784,0.00046152837053916955,0.319764856415306,7.649835553758235e-07,0.6797728502305975,25,50,20
12,7785,0.0004616485202705771,0.3197648564152983,7.652890423114955e-07,0.6797727297753869,25,50,20
12,7786,0.00046457778089572534,0.31976192904972645,7.634010468788117e-07,0.6797727297683295,25,50,20
12,7787,0.00046229493201051556,0.3197619290496693,7.578838105032117e-07,0.679775018134508,25,50,20
12,7788,0.0004624349962015551,0.31976178649657055,7.602247559691776e-07,0.6797750182824699,25,50,20
12,7789,0.0004623996353748556,0.319761786496563,7.606873813033984e-07,0.6797750531806787,25,50,20
12,7790,0.00046227619049914404,0.31976178649658915,7.610836738486703e-07,0.6797751762292359,25,50,20
12,7791,0.0004583692566262251,0.3197617864965636,7.587943449756102e-07,0.6797790854524635,25,50,20
12,7792,0.0004523939565013864,0.3197617864965545,7.594701933136093e-07,0.679785060076749,25,50,20
12,7793,0.00045233981809084567,0.31976178649657244,7.623552400864839e-07,0.6797851113300948,25,50,20
12,7794,0.0004542972383594419,0.31976178649666986,7.703649573935566e-07,0.6797831459000113,25,50,20
12,7795,0.0004542198040267366,0.31976178649667886,7.685009251667132e-07,0.6797832251983672,25,50,20
12,7796,0.0004603616668930333,0.319761786498785,8.396060350099232e-07,0.679777012228285,25,50,20
12,7797,0.0004674043418086255,0.3197617864988577,8.466283403058833e-07,0.6797699625309914,25,50,20
12,7798,0.00047027735447568916,0.3197617864988203,8.449934173713909e-07,0.6797670911532847,25,50,20
12,7799,0.00047026077921277955,0.31976178649882014,8.439123756175349e-07,0.6797671088095899,25,50,20
12,7800,0.00046628277968264174,0.31976178649878495,8.408304077365098e-07,0.6797710898911231,25,50,20
12,7801,0.0004633215737494994,0.3197617864987775,8.418124129766256e-07,0.6797740501150588,25,50,20
12,7802,0.0004653738822168575,0.3197617864987425,8.372264814028292e-07,0.6797720023925578,25,50,20
12,7803,0.00046537505885822886,0.31976178649874293,8.372750056861218e-07,0.6797720011673917,25,50,20
12,7804,0.0004683384857511116,0.319758820851533,8.394856153497159e-07,0.6797720011770991,25,50,20
12,7805,0.0004662717624572694,0.3197588208515682,8.429594140859081e-07,0.6797740644265587,25,50,20
12,7806,0.00046420539306162386,0.3197608841464604,8.460241826757373e-07,0.679774064436294,25,50,20
12,7807,0.0004650663807489014,0.3197608841464958,8.490287083624005e-07,0.6797732004440462,25,50,20
12,7808,0.00046825504588641874,0.31976088414654014,8.51277983690839e-07,0.679770009529589,25,50,20
12,7809,0.00046645686068416225,0.31976264266720356,8.908064533820725e-07,0.6797700096656581,25,50,20
12,7810,0.0004662641362141679,0.3197628380794496,8.882689795068986e-07,0.6797700095153558,25,50,20
12,7811,0.0004723081264061946,0.3197628380794495,8.877676664155944e-07,0.6797639660264772,25,50,20
12,7812,0.000467078859099965,0.31976811287093065,8.423845225384465e-07,0.6797639658854452,25,50,20
12,7813,0.0004641364246004569,0.31976811287093077,8.423861928572434e-07,0.6797669083182746,25,50,20
12,7814,0.00046790566484346095,0.31976811287092965,8.42735690773146e-07,0.6797631387285347,25,50,20
12,7815,0.0003544686846369592,0.31988181082471057,5.820492189778168e-07,0.6797631384414319,25,50,20
12,7816,0.00035261130349872346,0.31988181082472966,6.084824812689911e-07,0.679764969389289,25,50,20
12,7817,0.00034939675643499757,0.31988181082261447,5.366920158779676e-07,0.6797682557289333,25,50,20
12,7818,0.0003522724199804428,0.3198789356099863,5.362435597904161e-07,0.6797682557264721,25,50,20
12,7819,0.0003493594734839294,0.3198818470259423,5.377765678382144e-07,0.6797682557240045,25,50,20
12,7820,0.0003524245413218778,0.31988184702593414,5.38196967092877e-07,0.6797651902357755,25,50,20
12,7821,0.00034333628031173337,0.319890941142411,5.32351503107158e-07,0.6797651902257726,25,50,20
12,7822,0.0005873236257954129,0.31989094114462685,7.219891753013671e-07,0.6795210132404012,25,50,20
12,7823,0.000583345136012674,0.31989094114459093,7.192010079754961e-07,0.6795249945183869,25,50,20
12,7824,0.0010424759691690627,0.31989094114674105,9.96324865300169e-07,0.6790655865592232,25,50,20
12,7825,0.0011132075026874166,0.319890941150951,1.2480880383332628e-06,0.6789946032583216,25,50,20
12,7826,0.0011111696702487037,0.3198930217627639,1.2054543798415937e-06,0.678994603112606,25,50,20
12,7827,0.0011162395780973183,0.3198930217638258,1.2360451653805564e-06,0.6789895026129099,25,50,20
12,7828,0.0011162901274575096,0.319893021763834,1.2361302208789115e-06,0.6789894519784864,25,50,20
12,7829,0.0011194087791803135,0.3198899021066635,1.2371356685912506e-06,0.6789894519784864,25,50,20
12,7830,0.0011093538865198877,0.3198899021065801,1.2267390679993138e-06,0.6789995172678309,25,50,20
12,7831,0.0011112621927267731,0.31988990210655244,1.1998644681420269e-06,0.6789976358362512,25,50,20
12,7832,0.0011103347264470134,0.31988990210650825,1.1964777200269108e-06,0.6789985666893229,25,50,20
12,7833,0.0011043417089587548,0.3198899021064991,1.1963566454360253e-06,0.679004559827895,25,50,20
12,7834,0.0011082487414176315,0.3198899021065249,1.1984455440941275e-06,0.6790006507065118,25,50,20
12,7835,0.0008639672206966069,0.3198899021043439,1.0082759132165367e-06,0.6792451223990446,25,50,20
12,7836,0.000862986249721978,0.31988990210430884,1.0052231963986635e-06,0.6792461064227712,25,50,20
12,7837,0.0008598836060269358,0.31989300520458325,1.0047665767766714e-06,0.6792461064228114,25,50,20
12,7838,0.0008598811292500877,0.319893005204583,1.004458362949926e-06,0.6792461092078023,25,50,20
12,7839,0.0008616631812293423,0.3198930052035456,9.760584843306374e-07,0.6792443555567389,25,50,20
12,7840,0.0008587185083748446,0.31989594853211195,9.773977693084295e-07,0.6792443555617421,25,50,20
12,7841,0.0008587564229342948,0.31989594853265657,9.78792039183255e-07,0.6792443162523684,25,50,20
12,7842,0.0008617337582798065,0.3198959485327287,9.840657643166213e-07,0.6792413336432256,25,50,20
12,7843,0.0008626471690725954,0.3198950341602053,9.850302132861187e-07,0.6792413336405072,25,50,20
12,7844,0.0008596170891313914,0.31989503416017856,1.0007163697899853e-06,0.6792443480343188,25,50,20
12,7845,0.0008596534435512369,0.31989500048190317,9.980379267063193e-07,0.6792443480366174,25,50,20
12,7846,0.0008556583444719864,0.3198989991713324,9.944523810083074e-07,0.6792443480318129,25,50,20
12,7847,0.0008526407793326959,0.319898999171296,9.928285480237108e-07,0.6792473672208215,25,50,20
12,7848,0.000864622033956816,0.31989899917136766,1.0000229893285893e-06,0.6792353787716846,25,50,20
12,7849,0.00084764606232715,0.3198989991713051,9.93953030272441e-07,0.6792523608133358,25,50,20
12,7850,0.0008476627091915372,0.31989899917131337,9.769065584477448e-07,0.679252361212935,25,50,20
12,7851,0.0008476112830843102,0.3198989991713052,9.768087978995223e-07,0.6792524127368108,25,50,20
12,7852,0.0008476111780908057,0.3198989991713054,9.76779460156708e-07,0.6792524128711424,25,50,20
12,7853,0.0008475059256670143,0.3198989991707606,9.74881246276364e-07,0.6792525200223248,25,50,20
12,7854,0.0003913892092984188,0.31989899916861,6.966722006150424e-07,0.6797089149498896,25,50,20
12,7855,0.00038939231972986196,0.31989899916850356,6.900264403353292e-07,0.679710918485325,25,50,20
12,7856,0.0003893569228234403,0.3198989991685305,6.909725221843237e-07,0.6797109529361226,25,50,20
12,7857,0.00040426402204050185,0.3198989991686371,7.001255416281226e-07,0.679696036683779,25,50,20
12,7858,0.000404211092599511,0.3198989991686365,6.985150179932133e-07,0.6796960912237446,25,50,20
12,7859,0.00040715566321422434,0.3198960546935695,6.984194301112518e-07,0.6796960912237847,25,50,20
12,7860,0.00040704973952208234,0.31989615785321657,7.011689389294413e-07,0.6796960912383208,25,50,20
12,7861,0.0006554075296087018,0.31964760500356226,8.959249290987052e-07,0.6796960915418984,25,50,20
12,7862,0.0006553571276231014,0.3196476050035898,8.958213481075199e-07,0.6796961420474373,25,50,20
12,7863,0.0006675225369602231,0.31964760500363676,9.033721246773118e-07,0.6796839690872767,25,50,20
12,7864,0.0006675385556968974,0.3196476050036459,9.040447927260491e-07,0.6796839523958629,25,50,20
12,7865,0.0006705695113818059,0.3196445752469648,9.028458727364779e-07,0.6796839523957788,25,50,20
12,7866,0.0006744248765726966,0.3196407174156217,9.053073492181736e-07,0.6796839524004546,25,50,20
12,7867,0.0006743728394974933,0.319640717415604,9.050377514125117e-07,0.6796840047071454,25,50,20
12,7868,0.0006744407873797014,0.31964064876305665,9.05744754188186e-07,0.6796840047048077,25,50,20
12,7869,0.00042822333628408585,0.3198870643577632,7.079144491272992e-07,0.679684004391502,25,50,20
12,7870,0.00042825848382878405,0.3198870643577718,7.064830988062862e-07,0.6796839706752991,25,50,20
12,7871,0.0004253151424629138,0.3198870643577719,7.065091287856507e-07,0.6796869139906349,25,50,20
12,7872,0.0004251938157071587,0.3198870643577537,7.053775490575736e-07,0.6796870364489885,25,50,20
12,7873,0.0004212179440059603,0.31989104309400723,7.025152912645766e-07,0.679687036446694,25,50,20
12,7874,0.0004181168006752257,0.31989414392893256,7.028236522072728e-07,0.6796870364467376,25,50,20
12,7875,0.0004181879316889566,0.3198941439289327,7.038563813621529e-07,0.6796869642829946,25,50,20
12,7876,0.00042134237179865497,0.31989414392947774,7.057722380511731e-07,0.6796838079264832,25,50,20
12,7877,0.0004213423717859186,0.3198941439294779,7.057720633414151e-07,0.6796838079266706,25,50,20
12,7878,0.0003625193473572765,0.319894143925383,4.6326536480601375e-07,0.6797428734618929,25,50,20
12,7879,0.00034761220980340053,0.3198941439252766,4.541119212032382e-07,0.6797577897529969,25,50,20
12,7880,0.0004154326824894732,0.31989414392949167,7.287524947664727e-07,0.6796896946355221,25,50,20
12,7881,0.00041544988142359804,0.3198941439295009,7.294470776150307e-07,0.6796896767419959,25,50,20
12,7882,0.00040855286160774654,0.31989414392946747,7.27642845892635e-07,0.679696575566077,25,50,20
12,7883,0.00040555587248927434,0.3198971412693164,7.272944151830356e-07,0.6796965755637772,25,50,20
12,7884,0.0003903917819791101,0.31989714126924274,7.193085841606427e-07,0.6797117476401917,25,50,20
12,7885,0.0003893584432438766,0.31988726455800887,1.16293488128997e-05,0.6797117476499323,25,50,20
12,7886,0.0003924245319380642,0.3198872645580007,1.1629752380682755e-05,0.6797086811576781,25,50,20
12,7887,0.0003923739101913116,0.3198872645579846,1.1629969518635364e-05,0.6797087315623032,25,50,20
12,7888,0.0003923197155105711,0.3198872645579668,1.1629444891706359e-05,0.6797087862816287,25,50,20
12,7889,0.000398313766255145,0.31988127042374337,1.1629535639611658e-05,0.6797087862743596,25,50,20
12,7890,0.0006385436164586678,0.3196407939104391,1.187590019404998e-05,0.679708786572906,25,50,20
12,7891,0.0006355653206032306,0.31964377553606005,1.1872582667067453e-05,0.6797087865606671,25,50,20
12,7892,0.0006354950093126624,0.31964377553605094,1.187191161857851e-05,0.6797088575430154,25,50,20
12,7893,0.0006386124512930555,0.3196437755360514,1.1872446536104477e-05,0.6797057395661176,25,50,20
12,7894,0.0006415868768325239,0.31964377553604134,1.1871113810629077e-05,0.6797027664733136,25,50,20
12,7895,0.0006425508844062182,0.3196437755360762,1.187359910717732e-05,0.679701799980409,25,50,20
12,7896,0.0004023814232071684,0.3198840964082756,1.1722195909930762e-05,0.679701799972606,25,50,20
12,7897,0.0004054980456286814,0.3198840964083014,1.1722672692598699e-05,0.6796986828733761,25,50,20
12,7898,0.000406567536581901,0.31988409640822235,1.1716465596103033e-05,0.6796976195895986,25,50,20
12,7899,0.00040975527111556894,0.31988409640821447,1.1717592585245335e-05,0.6796944307280838,25,50,20
12,7900,0.0004139331731915078,0.3198840964082419,1.1744795670602264e-05,0.679690225622895,25,50,20
12,7901,0.0004070091276700391,0.31989102502456673,1.1740229547734227e-05,0.6796902256182148,25,50,20
12,7902,0.00040902514265884414,0.3198910250245406,1.17373559927479e-05,0.6796882124768069,25,50,20
12,7903,0.0004059675537221769,0.3198941780346466,1.1642227990443373e-05,0.67968821218364,25,50,20
12,7904,0.0004059633778645325,0.3198941821293068,1.1642309111477374e-05,0.6796882121837163,25,50,20
12,7905,0.00040594765844160477,0.31989418212930676,1.164183379192947e-05,0.6796882283784584,25,50,20
12,7906,0.0004059467636572674,0.3198941821293069,1.1641844537589248e-05,0.6796882292624971,25,50,20
12,7907,0.0004059489363790858,0.3198941821293163,1.1641884341804598e-05,0.6796882270499616,25,50,20
12,7908,0.0004090138194914472,0.3198941821293341,1.1642706462956792e-05,0.6796851613447104,25,50,20
12,7909,0.000467863856217831,0.31989418212941456,1.1732344893121602e-05,0.6796262216694735,25,50,20
12,7910,0.00046488459727560413,0.3198941821294327,1.1733293451042562e-05,0.6796291999798395,25,50,20
12,7911,0.00046585687320586266,0.3198941821294869,1.1748198559680874e-05,0.6796282127987464,25,50,20
12,7912,0.0004657870803766574,0.3198941821294777,1.1747507785462684e-05,0.679628283282359,25,50,20
12,7913,0.000468716556139454,0.31989418212946813,1.1746723335462911e-05,0.6796253545910558,25,50,20
12,7914,0.00047169232845829996,0.31989418212947796,1.1748086248579127e-05,0.679622377455814,25,50,20
12,7915,0.0004747930760955863,0.319891081678425,1.1747789665839704e-05,0.6796223774558123,25,50,20
12,7916,0.00047577335613312074,0.31989009835337623,1.175082982980301e-05,0.6796223774606597,25,50,20
12,7917,0.0004716655978943933,0.31989009835337556,1.1724613479990659e-05,0.6796265114352488,25,50,20
12,7918,0.00047863805082446864,0.31989009835341936,1.1727710240644514e-05,0.6796195358855143,25,50,20
12,7919,0.00047662252062275514,0.31990302424338257,8.173601784738803e-07,0.6796195358758145,25,50,20
12,7920,0.00047651603674379867,0.3199030242428372,8.1543587739465e-07,0.6796196442845394,25,50,20
12,7921,0.00047639340280473524,0.3199030242428455,8.150117477306114e-07,0.6796197673426003,25,50,20
12,7922,0.000477357987510235,0.3199020536867518,8.209805873934231e-07,0.6796197673451487,25,50,20
12,7923,0.00047437584660531295,0.3199020536867433,8.213812651805442e-07,0.6796227490853846,25,50,20
12,7924,0.0004713098678736401,0.3199020536867339,8.206772634121824e-07,0.6796258157681276,25,50,20
12,7925,0.0004004220541409928,0.31990205368252733,5.451565552238693e-07,0.6796969791067753,25,50,20
12,7926,0.00039747899647860047,0.31990205368252794,5.452256929070045e-07,0.6796999220952994,25,50,20
12,7927,0.0004006137091304476,0.3198989177980253,5.463974586073322e-07,0.6796999220953842,25,50,20
12,7928,0.0003976380986556005,0.3198989177980697,5.491358264404976e-07,0.6797028949674468,25,50,20
12,7929,0.00039767566481143735,0.3198988808690357,5.484987858755877e-07,0.6797028949673657,25,50,20
12,7930,0.0004046498309656613,0.31989888086905316,5.512417855127857e-07,0.6796959180581943,25,50,20
12,7931,0.0004017238060282173,0.31989888086909796,5.540055814936091e-07,0.6796988413192909,25,50,20
12,7932,0.0003986036714276886,0.31989888086908763,5.536738649740446e-07,0.6797019617856186,25,50,20
12,7933,0.0003986230179303739,0.31989888086911406,5.555835672401745e-07,0.6797019405293873,25,50,20
12,7934,0.0003985697973281628,0.31989888086912255,5.557080514604902e-07,0.6797019936254968,25,50,20
12,7935,0.0003985325566439116,0.31989891749138355,5.56326350378966e-07,0.6797019936256211,25,50,20
12,7936,0.00040060018198223726,0.31989685291397196,5.532832713202213e-07,0.679701993620773,25,50,20
12,7937,0.000400722761496981,0.31989672989250023,5.537252259958849e-07,0.6797019936207753,25,50,20
12,7938,0.0004007224412901168,0.31989672989249984,5.536898925939621e-07,0.6797019939763157,25,50,20
12,7939,0.0004008428334804495,0.31989672989248263,5.524388582474026e-07,0.6797018748351769,25,50,20
12,7940,0.0004008265501751495,0.3198967298924821,5.518542426093569e-07,0.6797018917030984,25,50,20
12,7941,0.0003977071504408789,0.3198998495773363,5.515643608332965e-07,0.6797018917078603,25,50,20
12,7942,0.00039487140057856504,0.31989984957728335,5.477187590358293e-07,0.6797047313033778,25,50,20
12,7943,0.0003987965898909628,0.31989592117517285,5.509243720678058e-07,0.6797047313105629,25,50,20
12,7944,0.0006390899218115174,0.31989592118035776,8.987078134152215e-07,0.6794640901900161,25,50,20
12,7945,0.0006321168106756809,0.319902897501331,8.955051610075533e-07,0.679464090182831,25,50,20
12,7946,0.000635058783989172,0.3198999550008636,8.960275561894808e-07,0.6794640901875898,25,50,20
12,7947,0.0006323327973777862,0.3198999550029252,9.843408142896064e-07,0.6794667278588817,25,50,20
12,7948,0.0006282426889126461,0.3198999550028703,9.688957329531777e-07,0.6794708334124828,25,50,20
12,7949,0.0006282098066752733,0.31989995500285273,9.675688998313885e-07,0.6794708676215712,25,50,20
12,7950,0.0005882951167743282,0.3198999550029135,8.895589289025347e-07,0.6795108603213823,25,50,20
12,7951,0.00059132797606907,0.31989692267863046,8.890239992653485e-07,0.6795108603212995,25,50,20
12,7952,0.0005981108220015762,0.3198969226786377,8.925053434400954e-07,0.6795040739940156,25,50,20
12,7953,0.0006011612625251764,0.3198938721420674,8.925990861317353e-07,0.6795040739963195,25,50,20
12,7954,0.0006080616951845041,0.3198938721420756,8.936339822841243e-07,0.6794971725287559,25,50,20
12,7955,0.0006010524461487751,0.3198938721420411,8.937322129353012e-07,0.6795041816795957,25,50,20
12,7956,0.0013589090486810455,0.31989387226452837,3.8077955277048553e-06,0.6787434108912614,25,50,20
12,7957,0.0013559125398385269,0.31989686885771396,3.8077111848811454e-06,0.6787434108912612,25,50,20
12,7958,0.0013558969506136207,0.3198968846653872,3.807492818356455e-06,0.6787434108911791,25,50,20
12,7959,0.0013558960333540815,0.31989688466538724,3.807493354006302e-06,0.6787434118079028,25,50,20
12,7960,0.0013558299476497495,0.3198969512322903,3.8070121098142053e-06,0.6787434118079483,25,50,20
12,7961,0.0013588615809663682,0.3198969512323275,3.808608617714642e-06,0.6787403785780866,25,50,20
12,7962,0.001346881251772272,0.3198969512322293,3.799553503906091e-06,0.6787523679624927,25,50,20
12,7963,0.0013499289037121965,0.31989695123222917,3.7995196575740468e-06,0.678749320344399,25,50,20
12,7964,0.0013519771593737944,0.31989490826995065,3.7942263205401578e-06,0.6787493203443532,25,50,20
12,7965,0.0013508367919186908,0.31989604119063797,3.801663566590447e-06,0.6787493203538749,25,50,20
12,7966,0.0013506976090581272,0.3198960411906193,3.800293191132094e-06,0.6787494609071298,25,50,20
12,7967,0.0005929664358724893,0.31989604106812386,9.166305355797733e-07,0.6795100758654665,25,50,20
12,7968,0.0005929323355273736,0.319896041068096,9.152388665326631e-07,0.6795101113575085,25,50,20
12,7969,0.0005929661247504239,0.3198960056649091,9.168527036858987e-07,0.6795101113576352,25,50,20
12,7970,0.0005909498518136629,0.3198960056649435,9.197954831144574e-07,0.6795121246877582,25,50,20
12,7971,0.0005817129360660047,0.31989600566277543,8.223182992275178e-07,0.6795214590828578,25,50,20
12,7972,0.000578841952814429,0.31989600566278514,8.23059442510262e-07,0.6795243293249565,25,50,20
12,7973,0.0005788086822955883,0.3198960056627846,8.194447862150895e-07,0.6795243662101322,25,50,20
12,7974,0.0005867928381349134,0.31988801491440544,8.260278078718433e-07,0.6795243662196502,25,50,20
12,7975,0.0005876526540978583,0.3198880149144486,8.296246108779514e-07,0.6795235028068412,25,50,20
12,7976,0.0005906319646798966,0.31988503642528554,8.288079963412795e-07,0.6795235028020365,25,50,20
12,7977,0.0005935736597152978,0.3198850364252589,8.268446843227176e-07,0.6795205630703403,25,50,20
12,7978,0.0005938206305532394,0.31988503642527844,8.312093781737911e-07,0.679520311734789,25,50,20
12,7979,0.0005908952546020572,0.31988796054602936,8.324646163817004e-07,0.679520311734751,25,50,20
12,7980,0.0005929076458936972,0.31988796054597674,8.281506917772143e-07,0.6795183036574367,25,50,20
12,7981,0.0005928913819809237,0.3198879605459684,8.277729943601948e-07,0.6795183202990555,25,50,20
12,7982,0.0005999364747901697,0.319880912508322,8.307103758149002e-07,0.6795183203065109,25,50,20
12,7983,0.0005980095066100825,0.31988284745420303,8.227398582729001e-07,0.6795183202993273,25,50,20
12,7984,0.0006040012970454591,0.31988284745419426,8.22607149404772e-07,0.6795123286416094,25,50,20
12,7985,0.0006121357188446303,0.31988284745423345,8.259807379362095e-07,0.6795041908461823,25,50,20
12,7986,0.0006051640919557021,0.3198828474541908,8.228856971931301e-07,0.6795111655681546,25,50,20
12,7987,0.0006022015794028795,0.319882847454183,8.238330704074732e-07,0.679514127133342,25,50,20
12,7988,0.0005962624265020032,0.31988284745477313,8.266027339726821e-07,0.6795200635159893,25,50,20
12,7989,0.0005941766353809179,0.31988493073834373,8.291055290001384e-07,0.6795200635207442,25,50,20
12,7990,0.0005972420873840924,0.3198849307383349,8.29214389419563e-07,0.6795169979598896,25,50,20
12,7991,0.0006004156325769961,0.31988493073990576,8.329349851836675e-07,0.67951382069253,25,50,20
12,7992,0.0005974058917000588,0.3198879343921492,8.390259969345921e-07,0.6795138206901519,25,50,20
12,7993,0.0006642272387595958,0.3198879343943565,1.0284316049376941e-06,0.679446809935277,25,50,20
12,7994,0.0006612286493804895,0.31988793439437474,9.987536538192627e-07,0.6794498382025893,25,50,20
12,7995,0.0006611575054346931,0.31988800686083446,9.974311859428687e-07,0.6794498382025432,25,50,20
12,7996,0.0006490942191206673,0.31988800686076124,9.890733306301017e-07,0.6794619098467858,25,50,20
12,7997,0.0006459723641038539,0.3198880068591984,9.854654272859522e-07,0.6794650353112689,25,50,20
12,7998,0.0006459025980717324,0.31988800685918894,9.847692273707054e-07,0.6794651057735106,25,50,20
12,7999,0.0006488991029525451,0.3198848203929888,1.1747304628654275e-06,0.6794651057735948,25,50,20
12,8000,0.0006518390848493938,0.31988188756105707,1.1675829228266524e-06,0.6794651057711697,25,50,20
12,8001,0.0004047645336871661,0.31988188755585517,8.181270413880734e-07,0.6797125297834151,25,50,20
12,8002,0.0004047293943075197,0.31988192109721497,8.197250169350923e-07,0.6797125297834594,25,50,20
12,8003,0.0003978235130647727,0.3198888280536477,8.18657154788409e-07,0.679712529776131,25,50,20
12,8004,0.0003979112287707113,0.3198888280536199,8.176017770239795e-07,0.6797124431158307,25,50,20
12,8005,0.0004079654218349965,0.3198787696640808,8.217957907173482e-07,0.6797124431182913,25,50,20
12,8006,0.00040803518685255795,0.3198787696640903,8.224795780582513e-07,0.6797123726694771,25,50,20
12,8007,0.00040836932273531195,0.3198787696641022,8.711803512473272e-07,0.6797119898328092,25,50,20
12,8008,0.0004043938221757865,0.31987876966406764,8.682017494750561e-07,0.6797159683120051,25,50,20
12,8009,0.00040446374484798676,0.31987869835518973,8.695830659775755e-07,0.6797159683168944,25,50,20
12,8010,0.0004073548169161935,0.31987580834978063,8.68523423249706e-07,0.679715968309878,25,50,20
12,8011,0.0004113319557531535,0.319871827765309,8.719643380854674e-07,0.6797159683145979,25,50,20
12,8012,0.0004112072502963335,0.31987182776530715,8.684097532567e-07,0.6797160965746414,25,50,20
12,8013,0.00041316900111499933,0.31987182776469114,8.628012435900758e-07,0.6797141404329484,25,50,20
12,8014,0.00041299346413479517,0.31987182776466444,8.618376910507707e-07,0.6797143169335079,25,50,20
12,8015,0.0004050093299409094,0.31987981849816927,8.55248066134889e-07,0.6797143169238221,25,50,20
12,8016,0.0004049570707163383,0.31987981849817726,8.553198643485619e-07,0.6797143691112406,25,50,20
12,8017,0.0004049566754463725,0.3198798191030697,8.551077794987789e-07,0.6797143691137029,25,50,20
12,8018,0.0004028731087346511,0.3198798191030956,8.574528830827188e-07,0.6797164503352852,25,50,20
12,8019,0.00039196171518113195,0.31989073741774077,8.505412672673013e-07,0.6797164503258095,25,50,20
12,8020,0.0004027353572367793,0.3198799583760757,8.559263419977981e-07,0.6797164503403437,25,50,20
12,8021,0.00039981012745262474,0.3198799583760763,8.562155773468405e-07,0.679719375280892,25,50,20
12,8022,0.0003998101525541352,0.3198799583760762,8.562140616979497e-07,0.6797193752573064,25,50,20
12,8023,0.0006431042841409864,0.31987995838228334,1.130485672289849e-06,0.6794758068479019,25,50,20
12,8024,0.0006401615980176841,0.31987995838228445,1.1305569783839097e-06,0.6794787494627179,25,50,20
12,8025,0.0006494010406119849,0.31987995844441214,1.342046250675732e-06,0.6794692984687234,25,50,20
12,8026,0.0006493629864777453,0.319879995729315,1.342815442105783e-06,0.6794692984687632,25,50,20
12,8027,0.0008856788666559586,0.31987999573248976,1.5548641619066986e-06,0.6792327705366904,25,50,20
12,8028,0.0008856776566367026,0.31987999695962743,1.5548471702682021e-06,0.6792327705365636,25,50,20
12,8029,0.0008827332922786424,0.31988294172625586,1.554444900036727e-06,0.6792327705365635,25,50,20
12,8030,0.0008847578819831046,0.31988294166432496,1.4027889465592413e-06,0.6792308976647434,25,50,20
12,8031,0.0008769100972315164,0.31989079609084187,1.3961617177469507e-06,0.679230897650207,25,50,20
12,8032,0.0008748267909799902,0.3198928772586109,1.398300323240215e-06,0.6792308976500838,25,50,20
12,8033,0.0008778405364481046,0.319892877258656,1.4005925924179417e-06,0.6792278816123013,25,50,20
12,8034,0.0006444521830250451,0.3198928772554634,1.1877325848764766e-06,0.6794614828289245,25,50,20
12,8035,0.0006434006273271818,0.3198941141183232,1.0024135176972895e-06,0.6794614828408296,25,50,20
12,8036,0.0006443445032965117,0.31989411411835006,1.0058285448649275e-06,0.6794605355498063,25,50,20
12,8037,0.0006482696210363295,0.31989411411838536,1.0088632375735213e-06,0.6794566073973387,25,50,20
12,8038,0.0006482531822733188,0.3198941141183666,1.0074918699470245e-06,0.6794566252074883,25,50,20
12,8039,0.0006462214516422468,0.31989614337908345,1.0099572764091731e-06,0.6794566252119962,25,50,20
12,8040,0.000645887621920225,0.31989614337907196,9.612805387492e-07,0.6794570077184674,25,50,20
12,8041,0.0006459562982997552,0.3198961433790798,9.618579896113213e-07,0.6794569384646294,25,50,20
12,8042,0.0006420324187025387,0.31990007042717467,9.586966736155405e-07,0.6794569384574477,25,50,20
12,8043,0.0006400536802854261,0.31990205543273365,9.524416478375164e-07,0.6794569384453315,25,50,20
12,8044,0.0006400705898125316,0.3199020554327427,9.530659839697921e-07,0.6794569209114592,25,50,20
12,8045,0.0006429613483476171,0.31990205543275124,9.536806505411018e-07,0.679454029538249,25,50,20
12,8046,0.0006408252249661721,0.3199020554327952,9.563333670248544e-07,0.6794561630088698,25,50,20
12,8047,0.0006429827116039465,0.3199020554348936,1.0201785151556714e-06,0.6794539416749855,25,50,20
12,8048,0.000642964479722507,0.31990205543487543,1.0188622014418728e-06,0.6794539612231988,25,50,20
12,8049,0.0006408946788975566,0.3199020554349101,1.0218706880741282e-06,0.6794560280155025,25,50,20
12,8050,0.0006410555349309165,0.31990189223736687,1.0240643513910133e-06,0.6794560281633492,25,50,20
12,8051,0.000643983886609132,0.31990189223735777,1.0234413215513108e-06,0.67945310043471,25,50,20
12,8052,0.0006401457587731164,0.3199018922373501,1.0219555384879748e-06,0.6794569400483367,25,50,20
12,8053,0.000640338091219667,0.3199018922373421,1.0233974871884082e-06,0.6794567462739495,25,50,20
12,8054,0.0006424051576851931,0.31990189223732446,1.0206326325550984e-06,0.679454681972356,25,50,20
12,8055,0.0007113229751563795,0.3199018922399699,1.2455831186065926e-06,0.6793855392017533,25,50,20
12,8056,0.0007082920107354992,0.319901892239988,1.24693865512978e-06,0.6793885688106195,25,50,20
12,8057,0.0011453174076637665,0.3199018922359615,1.2975336265245771e-06,0.6789514928227461,25,50,20
12,8058,0.0011423212032945628,0.31990189223598775,1.2984367892119165e-06,0.6789544881239267,25,50,20
12,8059,0.0011454222696817109,0.3199018922359876,1.2983872733485638e-06,0.6789513871070555,25,50,20
12,8060,0.0011343336364036958,0.3199018922358363,1.2656023443962181e-06,0.6789625085254142,25,50,20
12,8061,0.001134334282022124,0.31990189004015945,1.2671474295181067e-06,0.6789625085303876,25,50,20
12,8062,0.0011343352672987187,0.3199018886143947,1.2675879175223687e-06,0.6789625085303878,25,50,20
12,8063,0.0011351930536365234,0.3199010296383976,1.2687754504396892e-06,0.678962508532514,25,50,20
12,8064,0.001137332354949261,0.31989889194158505,1.267178049683295e-06,0.6789625085254145,25,50,20
12,8065,0.0011401885969736627,0.31989889194168286,1.276100470772348e-06,0.6789596433608714,25,50,20
12,8066,0.001140189819342592,0.31989889071811806,1.2761017478707935e-06,0.6789596433607902,25,50,20
12,8067,0.0011373154005159438,0.31989889071821637,1.4041059761388182e-06,0.6789623897752906,25,50,20
12,8068,0.0011343901880798994,0.31989889071823446,1.4054278217144822e-06,0.6789653136658624,25,50,20
12,8069,0.0010675409345035443,0.3198988907155541,4.345030202209641e-06,0.6790292233197384,25,50,20
12,8070,0.0010695568908382484,0.31989687755544055,4.342236403292832e-06,0.6790292233173164,25,50,20
12,8071,0.0010665616123260858,0.31989687755544916,1.174785582194199e-06,0.679035386046641,25,50,20
12,8072,0.0011859125539983868,0.31977725621337255,1.4448792595023392e-06,0.6790353863533681,25,50,20
12,8073,0.0011859116358147966,0.31977725621337266,1.4448794819363879e-06,0.6790353872713295,25,50,20
12,8074,0.0011829685689070497,0.3197772562133729,1.4469365293440668e-06,0.6790383282811898,25,50,20
12,8075,0.0011800264744265872,0.31977246393320774,9.181311173045358e-06,0.6790383282811915,25,50,20
12,8076,0.0011800944046370483,0.3197724639332454,9.184115379943627e-06,0.6790382575467366,25,50,20
12,8077,0.0011869964887654392,0.3197724639332712,9.186439985020946e-06,0.6790313531379774,25,50,20
12,8078,0.0011879784490875004,0.3197714775942087,9.190801847116966e-06,0.6790313531548552,25,50,20
12,8079,0.001187964008540124,0.3197714775941912,9.190062719336218e-06,0.6790313683345479,25,50,20
12,8080,0.00112413825371445,0.3197714775919748,9.000493234203e-06,0.6790953836610756,25,50,20
12,8081,0.0011359597126481245,0.3197714775900366,8.94930113409713e-06,0.6790836133961797,25,50,20
12,8082,0.0011350298772953753,0.319771477590001,8.946242115787558e-06,0.6790845462905863,25,50,20
12,8083,0.0011351879360219164,0.3197714775900283,8.946722440267638e-06,0.6790843877515087,25,50,20
12,8084,0.0011352552443699023,0.3197714775900284,8.947188112909224e-06,0.6790843199774877,25,50,20
12,8085,0.0011381984735393052,0.3197714775900285,8.947184696822012e-06,0.6790813767517346,25,50,20
12,8086,0.0011979248536399078,0.31977147759008084,8.902741584825398e-06,0.6790216948146934,25,50,20
12,8087,0.0011957186107021032,0.31977147759009755,8.90438964918609e-06,0.6790238994095502,25,50,20
12,8088,0.0011957017191541579,0.3197714775900713,8.90296572949211e-06,0.6790239177250441,25,50,20
12,8089,0.001195912822634612,0.3197714775900552,8.905375410223565e-06,0.6790237042118988,25,50,20
12,8090,0.0011979612981399949,0.3197694292313337,8.905251099033702e-06,0.6790237042194258,25,50,20
12,8091,0.0011979625252865186,0.3197694292313345,8.90531847715208e-06,0.6790237029249003,25,50,20
12,8092,0.0011978237042387936,0.3197694292313337,8.903971278456695e-06,0.6790238430931476,25,50,20
12,8093,0.001197631364171294,0.3197694292313418,8.902528381781945e-06,0.679024036876104,25,50,20
12,8094,0.0011947816240220218,0.3197694292313443,8.90438633273088e-06,0.6790268847582998,25,50,20
12,8095,0.0014321923440625023,0.31953189830091555,9.024581929978538e-06,0.6790268847730911,25,50,20
12,8096,0.001430089697250287,0.31953399695592827,9.028561700552547e-06,0.6790268847851202,25,50,20
12,8097,0.0014328746608076853,0.3195339969558921,9.00220537175783e-06,0.6790241261779273,25,50,20
12,8098,0.0014388477044908982,0.3195280267044052,8.99942295766313e-06,0.6790241261681451,25,50,20
12,8099,0.001319371526976383,0.3196477746947043,8.727914562537948e-06,0.6790241258637546,25,50,20
12,8100,0.0013263821665277131,0.31964848217818814,1.0097865915136349e-06,0.6790241258686902,25,50,20
12,8101,0.0013303068521478261,0.3196445530296397,1.0142375317400252e-06,0.6790241258806786,25,50,20
12,8102,0.0013300953534317076,0.3196445530296475,1.0112262782684133e-06,0.6790243403906403,25,50,20
12,8103,0.001330058564800361,0.31964455302966516,1.0120013202178475e-06,0.6790243764042125,25,50,20
12,8104,0.001336979626215645,0.3196445530296919,1.0128691541665902e-06,0.6790174544749367,25,50,20
12,8105,0.0013330238766225046,0.31964455302971895,1.0388034822593808e-06,0.6790213842901747,25,50,20
12,8106,0.001327031549077507,0.3196505467433061,1.0374247084447036e-06,0.6790213842829063,25,50,20
12,8107,0.0013308909793503041,0.31965054674334054,1.0414178732170082e-06,0.6790175208594342,25,50,20
12,8108,0.0013269153753140796,0.3196545253474259,1.0384225833461802e-06,0.679017520854675,25,50,20
12,8109,0.0013229506478122563,0.31965452534740924,1.0347148949566107e-06,0.6790214892898818,25,50,20
12,8110,0.0013189327981561671,0.3196585596031479,1.0183160897389347e-06,0.6790214892826046,25,50,20
12,8111,0.001318883348681292,0.31965860882863534,1.0185377364582069e-06,0.6790214892849454,25,50,20
12,8112,0.0013288525429978782,0.31965860882865416,1.0212017224267472e-06,0.6790115174266237,25,50,20
12,8113,0.0013279101062128565,0.3196595523792943,1.0200854384220351e-06,0.6790115174290521,25,50,20
12,8114,0.0013277974005883198,0.319659552379284,1.0191879081530437e-06,0.6790116310322171,25,50,20
12,8115,0.0013276878520420503,0.3196596620911159,1.0191722581502995e-06,0.6790116308845806,25,50,20
12,8116,0.001329650265120107,0.31965966209121244,1.0256188649547038e-06,0.6790096620247992,25,50,20
12,8117,0.0013296289542618859,0.31965966209115865,9.967593136679027e-07,0.6790097121952627,25,50,20
12,8118,0.001329700241383429,0.31965966209104335,9.870528579459607e-07,0.6790096506147121,25,50,20
12,8119,0.0013217282518252634,0.31965966209097113,9.800203561072078e-07,0.6790176296368443,25,50,20
12,8120,0.001332716993116348,0.319648645873138,1.0074873571538352e-06,0.6790176296463853,25,50,20
12,8121,0.0013326835911760349,0.3196486458731735,1.0095767302637766e-06,0.6790176609589174,25,50,20
12,8122,0.0013257634773648028,0.3196486458731378,1.0065122433528016e-06,0.6790245841372514,25,50,20
12,8123,0.0013257068795479827,0.3196487044048283,1.0045928249102005e-06,0.6790245841227961,25,50,20
12,8124,0.000645316550533732,0.3196487044026383,6.792915938224531e-07,0.6797052997552318,25,50,20
12,8125,0.0006454382509507527,0.3196487044026303,6.797131088773397e-07,0.6797051776333077,25,50,20
12,8126,0.0006434940328813517,0.3196487044025416,6.723201677340331e-07,0.6797071292444066,25,50,20
12,8127,0.000590617842797157,0.3196487044024269,5.917956688763056e-07,0.6797600859591048,25,50,20
12,8128,0.010786157356345161,0.31964870440253096,2.4663154521815706e-06,0.6695626719256695,25,50,20
12,8129,0.010783162033066972,0.31964870440253956,2.4664301820399285e-06,0.6695656671342094,25,50,20
12,8130,0.010787370366672589,0.3196487044025594,2.4696053573188527e-06,0.6695614556254088,25,50,20
12,8131,0.01078738545046084,0.31964870440256876,2.470290907399247e-06,0.6695614398560611,25,50,20
12,8132,0.010787424548123417,0.3196486668226823,2.468773170517317e-06,0.6695614398560218,25,50,20
12,8133,0.010784462640466657,0.3196486668226555,2.4668212290905195e-06,0.6695644037156468,25,50,20
12,8134,0.01077749327974852,0.31964866682261206,2.4636866318160473e-06,0.6695713762110056,25,50,20
12,8135,0.010777478146010062,0.3196486668226027,2.4630129858828116e-06,0.6695713920183993,25,50,20
12,8136,0.010777673385089268,0.3196484685870576,2.4660117038254166e-06,0.6695713920161473,25,50,20
12,8137,0.010785750092808542,0.3196484685871134,2.5206160568585647e-06,0.6695632607040193,25,50,20
12,8138,0.010782751620329864,0.31965146728053406,2.5203974555092767e-06,0.6695632607016786,25,50,20
12,8139,0.010782820906361474,0.3196514672805613,2.522389940508898e-06,0.6695631894231348,25,50,20
12,8140,0.010782819231580101,0.3196514709500517,2.5203952333773303e-06,0.6695631894231328,25,50,20
12,8141,0.010778662828186054,0.3196514709500233,2.5170851841254274e-06,0.6695673491366045,25,50,20
12,8142,0.010779643449541266,0.31965147095005814,2.520147675310704e-06,0.6695663654527233,25,50,20
12,8143,0.010764752155318216,0.3196514709498723,2.5051616046867707e-06,0.6695812717332033,25,50,20
12,8144,0.010767679096313175,0.31965147094983615,2.503026396541721e-06,0.6695783469274527,25,50,20
12,8145,0.010767714976260818,0.319651470949819,2.502240344331689e-06,0.6695783118335747,25,50,20
12,8146,0.010770658611425359,0.31965147094981916,2.5022710688468994e-06,0.6695753681676851,25,50,20
12,8147,0.010770641635557939,0.3196514709498106,2.501584446365526e-06,0.6695753858301837,25,50,20
12,8148,0.01075993387893813,0.3196622064507702,2.4738493901157057e-06,0.6695753858209004,25,50,20
12,8149,0.010757006953921592,0.3196622064508146,2.476584945531294e-06,0.6695783100103171,25,50,20
12,8150,0.010760040317286128,0.31966220645078836,2.4786915093503583e-06,0.669575274540415,25,50,20
12,8151,0.010757062567384578,0.31966518117674747,2.4817126008944777e-06,0.6695752745432657,25,50,20
12,8152,0.01074611146924663,0.3196651811767009,2.42779208350551e-06,0.669586279561967,25,50,20
12,8153,0.01074616042891943,0.31966518117670834,2.427843962514036e-06,0.6695862305504076,25,50,20
12,8154,0.010757010324214854,0.31965432601220667,2.433103619520834e-06,0.6695862305599567,25,50,20
12,8155,0.010745880813895919,0.3196654627723627,2.4258637977128843e-06,0.6695862305499415,25,50,20
12,8156,0.010746804733458112,0.3196645358221708,2.428889714046985e-06,0.6695862305546549,25,50,20
12,8157,0.010747785497601017,0.31966453582232157,2.4417195095011934e-06,0.6695852369605659,25,50,20
12,8158,0.010744756808198025,0.31966756733820234,2.438905191490485e-06,0.6695852369484063,25,50,20
12,8159,0.010747631176573381,0.3196675673381931,2.4382458857332655e-06,0.6695823632393462,25,50,20
12,8160,0.010746651080075617,0.3196675673380422,2.42538366961391e-06,0.669583356198211,25,50,20
12,8161,0.010749734268085736,0.31966756733806073,2.4267558945176147e-06,0.6695802716379572,25,50,20
12,8162,0.010749769317810647,0.3196675355375701,2.4235118892468677e-06,0.6695802716327283,25,50,20
12,8163,0.010761833928160333,0.3196675355376436,2.4319467689013945e-06,0.6695681985874253,25,50,20
12,8164,0.010760976156664421,0.3196683936034896,2.431645062534145e-06,0.6695681985947811,25,50,20
12,8165,0.010764934428176004,0.3196683936035074,2.4334611082366598e-06,0.6695642385072063,25,50,20
12,8166,0.010771855193595685,0.3196614689540105,2.4373404670476997e-06,0.6695642385119246,25,50,20
12,8167,0.010775779371675056,0.3196614689540631,2.440626475345746e-06,0.6695603110477841,25,50,20
12,8168,0.010768859535820028,0.31966146895402764,2.4375106678139006e-06,0.6695672339994823,25,50,20
12,8169,0.010768860444436156,0.31966146895402775,2.4375132417022018e-06,0.6695672330882921,25,50,20
12,8170,0.010768862309129762,0.3196614689540275,2.4375246729491136e-06,0.6695672312121677,25,50,20
12,8171,0.010776741414426251,0.31966146895411496,2.4420574166492728e-06,0.6695593475740397,25,50,20
12,8172,0.010783645912217527,0.31966146895415865,2.445668241087823e-06,0.6695524394653802,25,50,20
12,8173,0.010779861498157982,0.3196652560582056,2.442982847133842e-06,0.6695524394607868,25,50,20
12,8174,0.010779684852225167,0.31966543342371717,2.4422633126472765e-06,0.6695524394607426,25,50,20
12,8175,0.010782732659845574,0.31966238322736695,2.4446520467421376e-06,0.6695524394607384,25,50,20
12,8176,0.010779597729313091,0.3196623832273397,2.443145178813153e-06,0.669555575898166,25,50,20
12,8177,0.010779597098631506,0.3196623832273396,2.443081923053131e-06,0.6695555765921039,25,50,20
12,8178,0.011683484636002259,0.31966238322955287,2.877319356289339e-06,0.6686512548150865,25,50,20
12,8179,0.011685659339283424,0.3196623832306249,2.9126624233733105e-06,0.668649044767666,25,50,20
12,8180,0.011685606020500472,0.31966238323059826,2.9107150849672612e-06,0.6686491000338141,25,50,20
12,8181,0.001489978559355967,0.31966238323044893,1.035373746785661e-06,0.6788466028364464,25,50,20
12,8182,0.001485932970890346,0.3196623832304047,1.0316908062192847e-06,0.6788506521078967,25,50,20
12,8183,0.0014829369752109025,0.31966238323039614,1.031568384275825e-06,0.6788536482260068,25,50,20
12,8184,0.0014898414995371527,0.3196623832304397,1.0352016967829493e-06,0.6788467400683242,25,50,20
12,8185,0.0014897923848303891,0.31966238323044893,1.0360361226191562e-06,0.6788467883485961,25,50,20
12,8186,0.0014967115654363609,0.3196623832304843,1.0390537498449581e-06,0.6788398661503275,25,50,20
12,8187,0.0014966438612294063,0.3196623832304671,1.0382818185650582e-06,0.6788399346264832,25,50,20
12,8188,0.0014935241714165131,0.31966550257569304,1.038619219193107e-06,0.6788399346336697,25,50,20
12,8189,0.0014898258706310264,0.3196655025756954,1.0383681566405172e-06,0.6788436331855153,25,50,20
12,8190,0.0014848311305248798,0.3196655025757042,1.041537582798642e-06,0.6788486247561866,25,50,20
12,8191,0.0014838671426780157,0.3196655025756697,1.039061959970384e-06,0.6788495912196909,25,50,20
12,8192,0.0014848836484673694,0.31966448239002576,1.0427367577814548e-06,0.6788495912247476,25,50,20
12,8193,0.0014878793496229986,0.3196644823900341,1.0428763132792252e-06,0.6788465953840281,25,50,20
12,8194,0.0014909808104741245,0.3196644823900341,1.042905985063792e-06,0.6788434938935052,25,50,20
12,8195,0.0014979534626532315,0.3196644823901135,1.0486597066646377e-06,0.6788365154875252,25,50,20
12,8196,0.0015009295535229788,0.3196644823902189,1.0582558773659884e-06,0.6788335298003794,25,50,20
12,8197,0.0014989334847812083,0.3196644823901565,1.051771944580655e-06,0.6788355323531163,25,50,20
12,8198,0.0014990736165211088,0.31966448239017536,1.053168393235512e-06,0.6788353908249092,25,50,20
12,8199,0.001264588046460218,0.3198990888806956,9.322603873893493e-07,0.6788353908124553,25,50,20
12,8200,0.0012685610856228286,0.3198990888807304,9.345880848497141e-07,0.6788314154455604,25,50,20
12,8201,0.0012694897032746726,0.31989815613106565,9.387153333271546e-07,0.678831415450325,25,50,20
12,8202,0.0012754815134630247,0.3198981561310658,9.387113994524178e-07,0.6788254236440703,25,50,20
12,8203,0.0012764292387273063,0.319898156131109,9.397480752521146e-07,0.678824474882087,25,50,20
12,8204,0.0012734864826112733,0.3198981561311086,9.397037530938324e-07,0.6788274176825255,25,50,20
12,8205,0.0012734701567820922,0.31989817272626747,9.394321655487422e-07,0.6788274176847834,25,50,20
12,8206,0.001266621168824838,0.31989817272624227,9.371424006711931e-07,0.6788342689625307,25,50,20
12,8207,0.0012668129116677872,0.3198979799911071,9.381368653791706e-07,0.6788342689603583,25,50,20
12,8208,0.0012668643705853366,0.3198870020491005,1.1864622422212224e-05,0.67883426895789,25,50,20
12,8209,0.001269003286898832,0.3198848651158254,1.1862644106961582e-05,0.6788342689531669,25,50,20
12,8210,0.0012630124951198947,0.3198848651157899,1.186009188765605e-05,0.6788402622972006,25,50,20
12,8211,0.0012637164567196712,0.3198848651158682,1.1868124869341465e-05,0.6788395503025407,25,50,20
12,8212,0.0012718903593616727,0.319884865116424,1.1958181353868966e-05,0.6788312863428584,25,50,20
12,8213,0.0012748864825059378,0.3198848651164057,1.1958384943812337e-05,0.6788282900161424,25,50,20
12,8214,0.0012898466947204223,0.3198698929906056,1.1970271966698486e-05,0.6788282900427045,25,50,20
12,8215,0.0012807433322005706,0.31986989299001456,1.1877180480479708e-05,0.6788374864973015,25,50,20
12,8216,0.001268680847927774,0.31986989298994106,1.1868763819736585e-05,0.6788495573983089,25,50,20
12,8217,0.0012746758667545597,0.3198698929894505,1.1878414335057157e-05,0.6788435527294574,25,50,20
12,8218,0.00036784401659756115,0.3198698929872375,1.1444168585310162e-05,0.6797508188275772,25,50,20
12,8219,0.00036584753052542614,0.319871896135051,1.1437516617419634e-05,0.6797508188178039,25,50,20
12,8220,0.0003629731436384441,0.3198718961350686,1.1438795294982982e-05,0.6797536919259963,25,50,20
12,8221,0.00036111605121598846,0.31987189613501665,1.1432004250716908e-05,0.6797555558095151,25,50,20
12,8222,0.000357979907112365,0.3198718961349895,1.1430476074843551e-05,0.6797586934818216,25,50,20
12,8223,0.00035798113713496007,0.3198718961349898,1.1430508790326887e-05,0.6797586922190831,25,50,20
12,8224,0.0003430738529625785,0.31988681520642165,1.1418748087451787e-05,0.6797586921925267,25,50,20
12,8225,0.0003440177300907174,0.31988681520644824,1.1423703213146223e-05,0.6797577433602464,25,50,20
12,8226,0.00034401739665322574,0.3198868152064493,1.1423755765821847e-05,0.6797577436411304,25,50,20
12,8227,0.0003427666052935204,0.3198868152059027,1.1381760021149446e-05,0.6797590364287815,25,50,20
12,8228,0.000339839387213223,0.31988974324586084,1.1380930956764007e-05,0.6797590364359678,25,50,20
12,8229,0.0003398578029809154,0.31988974324588787,1.1381884928162996e-05,0.6797590170662019,25,50,20
12,8230,0.0003330100268648248,0.3198897432458622,1.1379588872798391e-05,0.679765867138399,25,50,20
12,8231,0.00033607490574136646,0.31988667691601036,1.1381030157276248e-05,0.6797658671480898,25,50,20
12,8232,0.0003389526972268217,0.3198866769159924,1.1379735523737456e-05,0.679762990651256,25,50,20
12,8233,0.0003389698766036808,0.3198866769160194,1.1380200911489102e-05,0.6797629730064643,25,50,20
12,8234,0.00034601177445905685,0.3198866769160815,1.1384693626432666e-05,0.6797559266158316,25,50,20
12,8235,0.0003459413001703111,0.3198865658953578,1.1566200713075687e-05,0.679755926603757,25,50,20
12,8236,0.00034890074250230635,0.31988360616402944,1.1566489673516139e-05,0.679755926603793,25,50,20
12,8237,0.00034890099759688647,0.3198836061640293,1.1566456963439567e-05,0.6797559263814086,25,50,20
12,8238,0.0003450485181433594,0.31988360616398603,1.1563901175123017e-05,0.6797597814166937,25,50,20
12,8239,0.00034408415290812614,0.31988360616394235,1.1563353042808904e-05,0.679760746330105,25,50,20
12,8240,0.0003441537295114459,0.3198837200371942,1.1379898385646791e-05,0.679760746334907,25,50,20
12,8241,0.0003371283893748045,0.3198837200371324,1.1376464343183417e-05,0.6797677751091479,25,50,20
12,8242,0.00033999996368675296,0.319883720037123,1.1375767914855099e-05,0.6797649042312733,25,50,20
12,8243,0.00034001850250843095,0.3198837003681426,1.1376900410577037e-05,0.6797649042289361,25,50,20
12,8244,0.00034686872552847255,0.3198837003681684,1.1379215679258243e-05,0.6797580516906216,25,50,20
12,8245,0.0003467977069122987,0.3198837003681679,1.1379158576455328e-05,0.6797581227663413,25,50,20
12,8246,0.00034383709963246736,0.3198866618496519,1.1378281948660323e-05,0.679758122768765,25,50,20
12,8247,0.0003437994255787467,0.31988666184967024,1.1379099815011597e-05,0.6797581596249342,25,50,20
12,8248,0.000343746447486809,0.3198866618496618,1.1379017932433246e-05,0.6797582126849173,25,50,20
12,8249,0.00033875223163527433,0.3198866618497064,1.1382709279664058e-05,0.679763203209377,25,50,20
12,8250,0.0003348993581944645,0.31988666184966286,1.1380621588696243e-05,0.6797670581705524,25,50,20
12,8251,0.00033784233481295507,0.31988371956641015,1.1379930690870168e-05,0.6797670581680845,25,50,20
12,8252,0.0003388056067528842,0.3198827510646732,1.138515822867494e-05,0.6797670581703437,25,50,20
12,8253,0.00033876933337919593,0.3198827899583117,1.1382537886323046e-05,0.6797670581704213,25,50,20
12,8254,0.0003357199241239165,0.31988278995832997,1.1382346397549425e-05,0.679770107771147,25,50,20
12,8255,0.0003326527204187946,0.3198827899583207,1.1381637658632268e-05,0.6797731756836001,25,50,20
12,8256,0.00033573498967390307,0.31988278995833963,1.138302718006581e-05,0.6797700920248043,25,50,20
12,8257,0.0003356855521561881,0.3198828384712422,1.1383956505172636e-05,0.6797700920200945,25,50,20
12,8258,0.0003448122443192926,0.3198828384712522,1.1384706993718436e-05,0.6797609645774328,25,50,20
12,8259,0.00034186859377811603,0.31988283847125204,1.1384707008353846e-05,0.6797639082279597,25,50,20
12,8260,0.0003448094044743135,0.31987989853977267,1.1383822996852767e-05,0.6797639082327546,25,50,20
12,8261,0.0003487167339416549,0.319875988273071,1.1386755342216667e-05,0.6797639082376434,25,50,20
12,8262,0.00035178246428879727,0.3198759882730627,1.138714124717819e-05,0.6797608421213996,25,50,20
12,8263,0.0003548860578765301,0.3198759882730627,1.1387676692370542e-05,0.6797577379923667,25,50,20
12,8264,0.0003518187490888683,0.3198759882730711,1.1387248926086674e-05,0.6797608057289125,25,50,20
12,8265,0.00035180310366114665,0.3198759882730613,1.1386560272040724e-05,0.6797608220630039,25,50,20
12,8266,0.00035478125989883675,0.31987598827306973,1.1384110036201855e-05,0.6797578463569935,25,50,20
12,8267,0.00035481421682985367,0.31987598827307034,1.1425170919830376e-05,0.6797577723391783,25,50,20
12,8268,0.0003577576899763856,0.3198759882730706,1.1425200818690188e-05,0.6797548288361326,25,50,20
12,8269,0.00035362521310970175,0.3198759882730073,1.1420613049417914e-05,0.6797589659008321,25,50,20
12,8270,0.00034969812056666246,0.3198759882728743,1.1408538385166354e-05,0.6797629050681726,25,50,20
12,8271,0.0003475659881929178,0.3198759882729625,1.1414406728230232e-05,0.679765031332115,25,50,20
12,8272,0.0003475606428922693,0.3198759882729087,1.141101281177433e-05,0.6797650400713858,25,50,20
12,8273,0.0003386302737267412,0.31987598827282226,1.1496167161366607e-05,0.6797738852862889,25,50,20
12,8274,0.00033777452593930084,0.3198768463397866,1.1493852740901503e-05,0.6797738852815327,25,50,20
12,8275,0.00033863129421799333,0.31987598730780564,1.149611172893453e-05,0.6797738852862468,25,50,20
12,8276,0.00033768583123058827,0.3198759873077793,1.1491153419831446e-05,0.6797748357075695,25,50,20
12,8277,0.00033467336662064054,0.319875987307761,1.1489816052875947e-05,0.6797778495095648,25,50,20
12,8278,0.0003346899664745181,0.3198759873077699,1.1490453754214526e-05,0.6797778322720006,25,50,20
12,8279,0.00033475915182840403,0.3198759873077783,1.1491042335749238e-05,0.6797777624980569,25,50,20
12,8280,0.00033167716255581224,0.3198759873077598,1.1489701189946643e-05,0.6797808458284936,25,50,20
12,8281,0.0003336037982135454,0.3198759873078216,1.149577141898523e-05,0.6797789131225451,25,50,20
12,8282,0.0003415561834418461,0.3198680297121907,1.1500977106186477e-05,0.6797789131272606,25,50,20
12,8283,0.0003415026186925231,0.3198680297121821,1.1500850777866538e-05,0.6797789668183469,25,50,20
12,8284,0.0003385742481475637,0.3198709592345108,1.1499698780800995e-05,0.6797789668185601,25,50,20
12,8285,0.0003464747948319222,0.31986305406394255,1.150432266953829e-05,0.6797789668185551,25,50,20
12,8286,0.0003484008379326357,0.3198630540640039,1.1511256104230385e-05,0.6797770338419582,25,50,20
12,8287,0.0003484008234427018,0.31986305410260213,1.1511232079758784e-05,0.6797770338418733,25,50,20
12,8288,0.0003483642003695475,0.319863054102594,1.1511633392314606e-05,0.679777070063642,25,50,20
12,8289,0.0003481726722298431,0.3198632465122535,1.1510752128171947e-05,0.6797770700633863,25,50,20
12,8290,0.00034817239159057247,0.31986324679605393,1.1510748966263745e-05,0.6797770700633871,25,50,20
12,8291,0.0003481562643302045,0.31986324679604505,1.1510083042565254e-05,0.6797770868565803,25,50,20
12,8292,0.00034815749487180844,0.3198632451260835,1.1510522461296514e-05,0.6797770868565811,25,50,20
12,8293,0.00047074003453608535,0.31986324512828684,1.1839245358353978e-05,0.6796541755918164,25,50,20
12,8294,0.00047277275054203406,0.3198632451282702,1.1837099683096879e-05,0.6796521450215025,25,50,20
12,8295,0.000466780796170252,0.3198692378801119,1.18363070590151e-05,0.6796521450166567,25,50,20
12,8296,0.00034418315770675273,0.31986923787790805,1.15070370525434e-05,0.6797750719273304,25,50,20
12,8297,0.00034418283132468135,0.31986923787790056,1.1509552322262863e-05,0.6797750697384504,25,50,20
12,8298,0.0003364434824366925,0.3198769812982205,1.1505487810561084e-05,0.6797750697315302,25,50,20
12,8299,0.0003363740094281645,0.3198769812982119,1.1504865032276556e-05,0.6797751398273261,25,50,20
12,8300,0.000333308004273112,0.3198769812982205,1.3744434179704072e-05,0.6797759662633247,25,50,20
12,8301,0.0003303669306936975,0.31987698129825737,1.3744516207964865e-05,0.679778907254839,25,50,20
12,8302,0.0003304766332212611,0.3198769812982395,1.3745696893205921e-05,0.6797787963716442,25,50,20
12,8303,0.00033356298322206635,0.3198769812982389,1.3706616871151815e-05,0.679775749101666,25,50,20
12,8304,0.0005767171448249762,0.3198769813003565,1.389440687703299e-05,0.6795324071479396,25,50,20
12,8305,0.0005769806896585351,0.31987698130243697,1.389974328748213e-05,0.6795321382646152,25,50,20
12,8306,0.0005799102116254416,0.3198769813024282,1.3899102408405739e-05,0.6795292093835363,25,50,20
12,8307,0.0003397496632585779,0.3198769813002647,1.3712008805755057e-05,0.6797695570276693,25,50,20
12,8308,0.00033974843446126087,0.3198769813002736,1.3712133129682688e-05,0.6797695581321341,25,50,20
12,8309,0.0003397295447215984,0.31987698130026604,1.3713137582793803e-05,0.6797695760174283,25,50,20
12,8310,0.00033673352814679065,0.3198769813002568,1.3712966251590113e-05,0.6797725722053432,25,50,20
12,8311,0.00033674983525152084,0.3198769644725932,1.3713486727704916e-05,0.679772572205426,25,50,20
12,8312,0.0003447169934171607,0.31987696447268205,1.3720867345193943e-05,0.6797645976665541,25,50,20
12,8313,0.0003426981935434736,0.31987696447268055,1.3629403053960929e-05,0.6797667079307205,25,50,20
12,8314,0.0003387387415703164,0.31987696447265496,1.362790212289343e-05,0.6797706688836505,25,50,20
12,8315,0.00034177377598119084,0.3198769644726642,1.3627406859710305e-05,0.6797676343444934,25,50,20
12,8316,0.0003387763227552204,0.3198769644726632,1.3627510528079837e-05,0.6797706316940519,25,50,20
12,8317,0.00033562044269158626,0.31988012150306216,1.3626362831739017e-05,0.6797706316914132,25,50,20
12,8318,0.00033563929465682746,0.31988012150306966,1.362535797912168e-05,0.6797706138442929,25,50,20
12,8319,0.0003326030539099705,0.319880121503097,1.3624823566435335e-05,0.6797736506194251,25,50,20
12,8320,0.0003336863375090992,0.319878995228952,1.3667250806361288e-05,0.6797736511827311,25,50,20
12,8321,0.00033671797921189234,0.31987596415357183,1.366668456752453e-05,0.6797736511826474,25,50,20
12,8322,0.0003367160843771475,0.31987596415357183,1.3666665806905397e-05,0.6797736530962427,25,50,20
12,8323,0.00033975211896861314,0.31987596415357183,1.3666220425584343e-05,0.6797706175070326,25,50,20
12,8324,0.00033982256643648115,0.319875964153572,1.366512276467574e-05,0.6797705481572254,25,50,20
12,8325,0.0003428525220390433,0.31987596415360064,1.3666921162442448e-05,0.6797675164031964,25,50,20
12,8326,0.0003537934524182007,0.31987596415467934,1.3698339362713098e-05,0.6797565440535385,25,50,20
12,8327,0.0003577874199640405,0.3198759641547328,1.3701233541350307e-05,0.6797525471917605,25,50,20
12,8328,0.00036078365178924074,0.3198759641547313,1.3698534942708884e-05,0.6797495536585355,25,50,20
12,8329,0.00036371000720943113,0.3198837751678542,2.9611712442182194e-06,0.6797495536536904,25,50,20
12,8330,0.00036773829594781757,0.31987974427819915,2.9637672720421557e-06,0.6797495536585785,25,50,20
12,8331,0.0003678735228944273,0.3198797442782181,2.9651317299349274e-06,0.6797494170671554,25,50,20
12,8332,0.0003678919567735244,0.31987974427826266,2.967894817195774e-06,0.6797493958701445,25,50,20
12,8333,0.0003678764966729194,0.31987974427825333,2.967203984271877e-06,0.6797494120210869,25,50,20
12,8334,0.00036782598595595307,0.319879744279325,3.0165791622190953e-06,0.6797494131555539,25,50,20
12,8335,0.0003569026056449654,0.3198797442782647,2.9865104569981897e-06,0.6797603666056304,25,50,20
12,8336,0.0003569044819066133,0.3198797411118672,2.987800630690419e-06,0.6797603666055929,25,50,20
12,8337,0.0005933369315698478,0.3198797411140209,3.1734185753791206e-06,0.6795237485358312,25,50,20
12,8338,0.0005902709190695541,0.3198797411140111,3.1726880619518693e-06,0.6795268152788547,25,50,20
12,8339,0.0005902189509400126,0.31987979294519286,3.1728226717985036e-06,0.6795268152811929,25,50,20
12,8340,0.0005902532517205191,0.3198797578464932,3.1736228031218125e-06,0.6795268152789806,25,50,20
12,8341,0.0006602627926761333,0.3198797578497557,1.1265027099288111e-06,0.6794588528548557,25,50,20
12,8342,0.00042675552544312273,0.3198797578475838,9.395864993711478e-07,0.6796925470404712,25,50,20
12,8343,0.0006573826357111688,0.3198797578477187,1.0448559864775156e-06,0.6794618146605818,25,50,20
12,8344,0.0006534802266608182,0.3198797578477913,1.0511108304358587e-06,0.6794657108147156,25,50,20
12,8345,0.0006514868226518475,0.31988179579205983,1.0071314105971458e-06,0.6794657102538757,25,50,20
12,8346,0.0006515758676952223,0.3198817957920319,1.0058448192418444e-06,0.6794656224954521,25,50,20
12,8347,0.00041797032010400644,0.3198817957918894,9.010154058689855e-07,0.6796993328725992,25,50,20
12,8348,0.0004728335003594622,0.3198817957909258,9.425876943043669e-07,0.6796444281210188,25,50,20
12,8349,0.0004619894092242125,0.3198926455529409,9.369264204223591e-07,0.6796444281114131,25,50,20
12,8350,0.0004639677622819793,0.31989264555301133,9.430022481485265e-07,0.6796424436824572,25,50,20
12,8351,0.00046687499984869097,0.3198897304528001,9.508552834826249e-07,0.6796424436920664,25,50,20
12,8352,0.00046676550474017317,0.3198897304527017,9.429786083413139e-07,0.6796425610639486,25,50,20
12,8353,0.0004697448849776699,0.3198897304527097,9.425299014682374e-07,0.6796395821324098,25,50,20
12,8354,0.0009299730611711587,0.31942917757212386,1.2669442739204644e-06,0.6796395824224298,25,50,20
12,8355,0.0009230598230855587,0.3194360937753666,1.2639816428405176e-06,0.6796395824199035,25,50,20
12,8356,0.0009259873801707015,0.31943609377328747,1.259784565650876e-06,0.6796366590619745,25,50,20
12,8357,0.0009289169162562157,0.31943609377327836,1.2591417818072099e-06,0.6796337301686818,25,50,20
12,8358,0.0008620617560235551,0.319436093770036,1.0669242105459117e-06,0.6797007775497284,25,50,20
12,8359,0.0008632075485431355,0.3194360937699671,1.1228993626596408e-06,0.6796995757821255,25,50,20
12,8360,0.0008611586766712205,0.3194383280822827,9.374443368677043e-07,0.6796995757967076,25,50,20
12,8361,0.0008581961549746248,0.31943832808227496,9.384054827766603e-07,0.6797025373572658,25,50,20
12,8362,0.0008562689184360826,0.3194383280822133,9.599008882670108e-07,0.6797044430984606,25,50,20
12,8363,0.0008563417492114502,0.3194383280822333,9.64203108883414e-07,0.6797043659654446,25,50,20
12,8364,0.0008562753476958468,0.319438393540614,9.651463668469859e-07,0.6797043659653214,25,50,20
12,8365,0.0008564513153958574,0.319438217060708,9.656582759770689e-07,0.679704365965618,25,50,20
12,8366,0.0008535076852712966,0.3194382170607078,9.656076296479838e-07,0.6797073096463891,25,50,20
12,8367,0.0008525771423332244,0.3194391519372785,9.61278718878326e-07,0.6797073096416678,25,50,20
12,8368,0.0008015472713961384,0.3194391519372404,8.744547913596984e-07,0.6797584263365706,25,50,20
12,8369,0.0008035605920872118,0.3194371433483276,8.697375119333082e-07,0.6797584263220716,25,50,20
12,8370,0.000806433000152298,0.31943714334830753,8.654774673638422e-07,0.6797555581740711,25,50,20
12,8371,0.0008064836740568244,0.31943714334829876,8.652767506033985e-07,0.6797555077008921,25,50,20
12,8372,0.0008064675906935596,0.31943714334829026,8.638273243130521e-07,0.6797555252336904,25,50,20
12,8373,0.0009309882921101736,0.31943714335055007,1.194432235899295e-06,0.6796306739251026,25,50,20
12,8374,0.0009339148950017189,0.3194342171691287,1.1940108065233405e-06,0.6796306739250614,25,50,20
12,8375,0.0009326852974159432,0.31943421716917036,1.1983138710891363e-06,0.6796318992195407,25,50,20
12,8376,0.0009327551613349229,0.31943421716916154,1.1976596283894955e-06,0.6796318300098737,25,50,20
12,8377,0.0009297623542054782,0.3194342171691705,1.1978586826929888e-06,0.6796348226179398,25,50,20
12,8378,0.0009298155220679494,0.31943421716916254,1.1980313362792799e-06,0.6796347692774317,25,50,20
12,8379,0.0009330671982688766,0.3194342171691834,1.1988216775432484e-06,0.6796315168108689,25,50,20
12,8380,0.0009329962784084664,0.3194342789375417,1.2079588126268065e-06,0.6796315168252357,25,50,20
12,8381,0.0009359936772927233,0.3194342789375333,1.1793773775165693e-06,0.6796285480077949,25,50,20
12,8382,0.000934906257937514,0.31943427893755943,1.1829708000807888e-06,0.6796296318337016,25,50,20
12,8383,0.0009349046206448893,0.3194342789375328,1.1810240854928368e-06,0.6796296354177356,25,50,20
12,8384,0.0009438910821556416,0.31943427893754184,1.1811952838744918e-06,0.6796206487850174,25,50,20
12,8385,0.0009438726560417011,0.31943429829120923,1.1802677736197956e-06,0.6796206487849739,25,50,20
12,8386,0.0009488679953782675,0.3194342982911834,1.1771345490575135e-06,0.6796156565788877,25,50,20
12,8387,0.0009467238657068684,0.31943429829121783,1.118661463853859e-06,0.6796178591816102,25,50,20
12,8388,0.00048666098547967267,0.31989468097612145,7.99163508955071e-07,0.6796178588748886,25,50,20
12,8389,0.00048367951997637916,0.3198946809761384,7.996549166991001e-07,0.6796208398489673,25,50,20
12,8390,0.0003601977470559672,0.3198946809738725,4.730543200170986e-07,0.6797446482247499,25,50,20
12,8391,0.000357200623036435,0.3198946809739083,4.746555883984549e-07,0.6797476437474654,25,50,20
12,8392,0.00035413433922740537,0.3198977491497762,4.7276114891595807e-07,0.6797476437498463,25,50,20
12,8393,0.00035415003846818005,0.3198977491497942,4.735763861805728e-07,0.6797476272353501,25,50,20
12,8394,0.00035395310250684357,0.3198977491498014,4.725670412113755e-07,0.6797478251806495,25,50,20
12,8395,0.0003512378426322976,0.31990047133575333,4.6564555123079445e-07,0.6797478251760621,25,50,20
12,8396,0.0003513010076612015,0.3199004077565547,4.6606195488863447e-07,0.6797478251738273,25,50,20
12,8397,0.00035840860454566234,0.3199004077565941,5.962700140778847e-07,0.679740587368844,25,50,20
12,8398,0.0003544334021178399,0.3199004077565597,5.933132149763986e-07,0.6797445655281057,25,50,20
12,8399,0.00034345063982860094,0.31990040775648015,5.865524726358176e-07,0.6797555550512171,25,50,20
12,8400,0.00033562663551329553,0.31990040775749107,6.313657076082893e-07,0.6797633342412864,25,50,20
12,8401,0.00033970859911720575,0.3199004077575019,6.336076573174712e-07,0.6797592500357221,25,50,20
12,8402,0.00033970923418395873,0.3199004077575551,6.375054193290401e-07,0.6797592455028402,25,50,20
12,8403,0.00033976178159571637,0.31990040775754613,6.373370062877118e-07,0.6797591931238505,25,50,20
12,8404,0.0003398306868729316,0.3199004077575552,6.380149572092695e-07,0.6797591235406134,25,50,20
12,8405,0.0003398308097109933,0.31990040775756434,6.380684438284653e-07,0.6797591233642796,25,50,20
12,8406,0.00033280238301697956,0.31990040775755346,6.358071518162576e-07,0.6797661540522764,25,50,20
12,8407,0.0003277268660004343,0.3199004077574962,5.028142886720115e-07,0.6797713625622134,25,50,20
12,8408,0.00032968664111816636,0.3199004077574938,4.986911990363214e-07,0.6797694069101873,25,50,20
12,8409,0.00032956532085078467,0.3199004077574579,4.966133985228644e-07,0.6797695303082909,25,50,20
12,8410,0.00032655334095021987,0.31990341960595825,4.967378229953599e-07,0.6797695303152668,25,50,20
12,8411,0.00032452486546231333,0.31990341960600194,5.003785585975263e-07,0.6797715551499753,25,50,20
12,8412,0.0003245941921543359,0.3199033487031888,5.019473264950617e-07,0.6797715551573283,25,50,20
12,8413,0.000324591084329268,0.3199033520414559,5.01719306647506e-07,0.6797715551549062,25,50,20
12,8414,0.0003274471516062805,0.31990049765821044,5.000449714694347e-07,0.67977155514521,25,50,20
12,8415,0.00032744443701700226,0.3199004976582267,5.285503811728693e-07,0.6797715293543735,25,50,20
12,8416,0.00034250276901430954,0.31990049765829176,5.367955911269504e-07,0.6797564627771012,25,50,20
12,8417,0.00033955912217103134,0.31990049765829115,5.367373007832556e-07,0.6797594064822354,25,50,20
12,8418,0.00033957157022956186,0.3199004976582909,5.37168785211183e-07,0.6797593936026928,25,50,20
12,8419,0.00033957158085661155,0.3199004976582909,5.371677912000062e-07,0.6797593935930598,25,50,20
12,8420,0.00033664678151677134,0.31990049765832657,5.392826670015548e-07,0.6797623162774883,25,50,20
12,8421,0.0003395924691673203,0.3199004976583272,5.393298142035339e-07,0.6797593705426896,25,50,20
12,8422,0.00035147766261831167,0.3198886040829532,5.476970628818068e-07,0.6797593705573636,25,50,20
12,8423,0.00035235447746883274,0.319887724912787,5.500549297092084e-07,0.6797593705548124,25,50,20
12,8424,0.00035235444976724936,0.31988772491275147,5.474500029642573e-07,0.6797593731874763,25,50,20
12,8425,0.00035435291131460494,0.3198857301632472,5.437404231119802e-07,0.6797593731850131,25,50,20
12,8426,0.00035734943032337976,0.319885730163239,5.43648372676339e-07,0.6797563767580627,25,50,20
12,8427,0.0003542405986607756,0.31988885204034423,5.306029367782656e-07,0.6797563767580563,25,50,20
12,8428,0.0003542051665124255,0.31988888635848006,5.317169100974668e-07,0.6797563767580954,25,50,20
12,8429,0.00036105400770971045,0.3198820352085858,5.340233143746508e-07,0.6797563767603872,25,50,20
12,8430,0.000430985853236771,0.3198820352107934,7.239993441611242e-07,0.679686254936623,25,50,20
12,8431,0.000430983500054203,0.3198820352107758,7.227315988827414e-07,0.6796862585575684,25,50,20
12,8432,0.0005017496477103191,0.3198820352140059,9.872879801785226e-07,0.6796152278503009,25,50,20
12,8433,0.0004866395980141783,0.3198820352139323,9.78910396883626e-07,0.6796303462776541,25,50,20
12,8434,0.0004836434034240852,0.3198820352139058,9.7777150926169e-07,0.6796333436111587,25,50,20
12,8435,0.000939743548597786,0.3198820352160652,1.2448394792659187e-06,0.6791769763958557,25,50,20
12,8436,0.0008689592569821539,0.3198820352128168,9.794360993805536e-07,0.6792480260940995,25,50,20
12,8437,0.0008689749625915483,0.3198820352128168,9.804072398812944e-07,0.6792480094173499,25,50,20
12,8438,0.0004098611129633812,0.3198820352106303,7.113479711833145e-07,0.6797073923284332,25,50,20
12,8439,0.0004068285401390973,0.3198820352106301,7.123743286038963e-07,0.6797104238749003,25,50,20
12,8440,0.0004038164116442386,0.3198850477323542,7.119811394102077e-07,0.6797104238748604,25,50,20
12,8441,0.0004129555801926579,0.3198758519162635,7.686139612837445e-07,0.6797104238895807,25,50,20
12,8442,0.00041490052267033735,0.319875851916342,7.73743712167652e-07,0.6797084738172735,25,50,20
12,8443,0.0004179494008680663,0.319875851916342,7.737569344127085e-07,0.6797054249258536,25,50,20
12,8444,0.0004209635920133916,0.31987585191634077,7.726275201357705e-07,0.6797024118641236,25,50,20
12,8445,0.0004209094229090198,0.3198758519163495,7.727672046692401e-07,0.6797024658935349,25,50,20
12,8446,0.00035092262059316126,0.31987585191412415,5.825633127491015e-07,0.6797726429019681,25,50,20
12,8447,0.00034275038937934995,0.31988407345819675,5.332386405651923e-07,0.6797726429137815,25,50,20
12,8448,0.0003407086742709494,0.31988407345810704,5.27346340165872e-07,0.6797746905212801,25,50,20
12,8449,0.0003377816230054447,0.31988407345811615,5.280285829786529e-07,0.6797776168902938,25,50,20
12,8450,0.0003346456547448585,0.31988407345812336,5.270378707696646e-07,0.6797807538492593,25,50,20
12,8451,0.00033364826347995343,0.31988407345816744,5.564976008828783e-07,0.6797817217807501,25,50,20
12,8452,0.0004043530522055709,0.3198840734608294,8.056649700106988e-07,0.6797107678219938,25,50,20
12,8453,0.0003975018035889663,0.3198909276608829,8.02723097387535e-07,0.6797107678124296,25,50,20
12,8454,0.00039743285902726314,0.3198909947712962,8.045573289988032e-07,0.6797107678123463,25,50,20
12,8455,0.000394488568871015,0.31989393923634024,8.043846523366029e-07,0.6797107678101354,25,50,20
12,8456,0.0004004788894713541,0.31989393923633996,8.043486959010451e-07,0.6797047775254917,25,50,20
12,8457,0.0004036137322232253,0.3198908032538376,8.054883647469451e-07,0.6797047775255733,25,50,20
12,8458,0.0004694146456234948,0.31989080325802155,1.0382476802305427e-06,0.6796387438486736,25,50,20
12,8459,0.00047253246364605743,0.3198876849442341,1.0387434021158186e-06,0.6796387438487166,25,50,20
12,8460,0.0004844452477790367,0.3198757159565546,1.0949348873379229e-06,0.6796387438607769,25,50,20
12,8461,0.0004855867038231815,0.31987571595647557,1.090265879097069e-06,0.6796376070738204,25,50,20
12,8462,0.0004765069044848953,0.3198848050967103,1.0809398247953738e-06,0.6796376070589777,25,50,20
12,8463,0.0004755757113445032,0.31988574448672524,1.0727671011139932e-06,0.6796376070348265,25,50,20
12,8464,0.00047854161987603594,0.31988277818843264,1.073156860951965e-06,0.679637607034828,25,50,20
12,8465,0.0004815213206329531,0.31988277818844163,1.0722802254544165e-06,0.6796346282106979,25,50,20
12,8466,0.0004664904254487662,0.3198978658449414,1.015531095960417e-06,0.6796346281985117,25,50,20
12,8467,0.0004667534161399643,0.319897865844996,1.0190532423009486e-06,0.6796343616856195,25,50,20
12,8468,0.00046969705814946467,0.3198978658449965,1.019092675297966e-06,0.6796314180041763,25,50,20
12,8469,0.00046971427226421295,0.319897865845006,1.019787939192394e-06,0.6796314000947882,25,50,20
12,8470,0.00046671838459032305,0.3199008609471415,1.0205735195710052e-06,0.679631400094746,25,50,20
12,8471,0.0004695905305190167,0.31989799143421577,1.0179382210496743e-06,0.6796314000970418,25,50,20
12,8472,0.00046666347403470865,0.31989799143422465,1.018604146065525e-06,0.6796343264875921,25,50,20
12,8473,0.0004696446341897441,0.31989799143420733,1.0178316815478396e-06,0.6796313460999189,25,50,20
12,8474,0.0004734975130897667,0.3198979914342425,1.0193095888297164e-06,0.6796274917430764,25,50,20
12,8475,0.00047044953213750963,0.3198979914342426,1.0193109703036659e-06,0.6796305397226472,25,50,20
12,8476,0.00047330559408236944,0.3198979914341881,1.0168090551074047e-06,0.679627686162672,25,50,20
12,8477,0.0004703253643483125,0.31989799143420605,1.017607157965534e-06,0.6796306655942855,25,50,20
12,8478,0.00041051712530841257,0.3198979914316145,7.744481356376945e-07,0.6796907169949392,25,50,20
12,8479,0.0004104638554921198,0.3198980437953175,7.753539539150557e-07,0.6796907169952342,25,50,20
12,8480,0.0004143852883306265,0.31989804379536085,7.784466118953821e-07,0.6796867924696943,25,50,20
12,8481,0.0004115133963111178,0.3199009126892857,7.814371355666776e-07,0.6796867924772654,25,50,20
12,8482,0.0004115285898380974,0.31990089702508423,7.819077264264936e-07,0.6796867924773491,25,50,20
12,8483,0.00041249354635434045,0.31990089702512803,7.840140813477781e-07,0.6796858254144343,25,50,20
12,8484,0.0004124772352178501,0.3199008970251191,7.833910725996408e-07,0.6796858423485885,25,50,20
12,8485,0.0004124775316498634,0.3199008895889625,7.905283743880933e-07,0.679685842351011,25,50,20
12,8486,0.0003447300201129511,0.3199008895847345,5.283306370878294e-07,0.6797538520645131,25,50,20
12,8487,0.0003487595290998298,0.3198968566157753,5.3178100246018e-07,0.67975385207412,25,50,20
12,8488,0.0003408447700627181,0.31989685661568756,5.254316166952252e-07,0.6797617731826306,25,50,20
12,8489,0.00034490027774372356,0.3198968566156895,5.277170035567695e-07,0.679757715389561,25,50,20
12,8490,0.00034894586776695256,0.3198968566157424,5.320329401546077e-07,0.6797536654835484,25,50,20
12,8491,0.00035283422187288113,0.3198929499528626,5.503418883565604e-07,0.6797536654833742,25,50,20
12,8492,0.0003489973653759838,0.31989294995285555,5.493392512424442e-07,0.6797575033425151,25,50,20
12,8493,0.00034598407163551135,0.3198929499528465,5.486609151958862e-07,0.6797605173146006,25,50,20
12,8494,0.0003451624094039176,0.3198929499528775,5.502480437100538e-07,0.6797613373896726,25,50,20
12,8495,0.00033817256662553195,0.31989994369032587,5.463630612978309e-07,0.6797613373799852,25,50,20
12,8496,0.0003381342661371564,0.3198999436903437,5.467049828926773e-07,0.6797613753385341,25,50,20
12,8497,0.0003346303256806966,0.3198999436903723,6.79204706980804e-07,0.679764746779238,25,50,20
12,8498,0.000334525618353573,0.31989994369031544,6.746684060782435e-07,0.6797648560229228,25,50,20
12,8499,0.0003313920262609137,0.3199030782119191,6.737366804979147e-07,0.6797648560251374,25,50,20
12,8500,0.00032844459405635245,0.3199060270237613,6.723548307595955e-07,0.6797648560273493,25,50,20
12,8501,0.0003256070528214196,0.31990602702274495,7.683526590697922e-07,0.6797675975717722,25,50,20
12,8502,0.00032862005294950725,0.31990301316124925,7.692091376131376e-07,0.679767597576661,25,50,20
12,8503,0.0003324729547700668,0.319903013161302,7.719776806267248e-07,0.6797637419062451,25,50,20
12,8504,0.00033548512910421316,0.319899998120693,7.74846338196432e-07,0.6797637419038624,25,50,20
12,8505,0.00033453873077697637,0.3199009644917692,7.548760992492056e-07,0.6797637419013521,25,50,20
12,8506,0.0003345911534900029,0.3199009644917692,7.548542234836794e-07,0.6797636895005152,25,50,20
12,8507,0.00032761893722986707,0.3199009644917163,7.524909454543783e-07,0.6797706640801061,25,50,20
12,8508,0.0003306154296946738,0.3199009644916986,7.521998334689323e-07,0.6797676678787713,25,50,20
12,8509,0.00033079351777516185,0.31990078562522206,7.529829465228892e-07,0.6797676678740541,25,50,20
12,8510,0.0003307574941256841,0.3199007856252133,7.538208304949855e-07,0.6797677030598286,25,50,20
12,8511,0.0003306684008714636,0.31990078562566815,5.801445821184974e-07,0.6797679658288761,25,50,20
12,8512,0.0003307385124623837,0.31990078562567753,5.808261731371693e-07,0.6797678950356851,25,50,20
12,8513,0.00033059953780604834,0.31990078562565843,5.789690445125619e-07,0.6797680358674896,25,50,20
12,8514,0.0003286008117518162,0.31990078562568597,5.830755749031726e-07,0.6797700304869859,25,50,20
12,8515,0.0003286701357052465,0.31990071555265,5.838221938340323e-07,0.6797700304894495,25,50,20
12,8516,0.0003306140631941183,0.31990071555272986,5.905544393330364e-07,0.6797680798296356,25,50,20
12,8517,0.00032760308835938674,0.31990372780941173,5.892773935251135e-07,0.6797680798248343,25,50,20
12,8518,0.00032858466093157595,0.3199037278094561,5.92463566105279e-07,0.6797670950660455,25,50,20
12,8519,0.00033667512902328195,0.3198956084176394,6.213868469981869e-07,0.6797670950664896,25,50,20
12,8520,0.00033967074882777185,0.3198926130019505,6.211851562630452e-07,0.6797670950640645,25,50,20
12,8521,0.0003397239732921077,0.3198926130019597,6.199201923337493e-07,0.6797670431045547,25,50,20
12,8522,0.000336797947816387,0.3198955374826724,6.214575951291738e-07,0.6797670431119149,25,50,20
12,8523,0.00033275200948769694,0.31989553748262783,6.177490291753992e-07,0.6797710927588543,25,50,20
12,8524,0.00033269709981476503,0.3198955855390333,6.245951567846118e-07,0.6797710927659941,25,50,20
12,8525,0.0003326302801267996,0.3198956539236484,6.23037587980631e-07,0.6797710927586358,25,50,20
12,8526,0.00033550437361719364,0.31989565392362157,6.210878691155918e-07,0.6797682206148912,25,50,20
12,8527,0.00033935928859340277,0.31989565392366537,6.2372659593379e-07,0.6797643630611444,25,50,20
12,8528,0.0005694904462784045,0.31989565404348325,2.337156170585555e-06,0.6795325183540669,25,50,20
12,8529,0.0005763418653974167,0.3198956540435003,2.3393589653910642e-06,0.6795256647321363,25,50,20
12,8530,0.0005762722692220565,0.31989572437477626,2.338626328493078e-06,0.6795256647296724,25,50,20
12,8531,0.0005862403723128337,0.31989572437481,2.342443386068562e-06,0.67951569280949,25,50,20
12,8532,0.0005892362415269907,0.3198927284893574,2.3424596276578827e-06,0.6795156928094866,25,50,20
12,8533,0.000591377440143175,0.3198927284924832,2.380168517218047e-06,0.6795135138988551,25,50,20
12,8534,0.0005884170269530878,0.3198927284924739,2.3795041474812788e-06,0.679516474976424,25,50,20
12,8535,0.0005884542550014407,0.3198927284924836,2.3818525821951066e-06,0.6795164353999312,25,50,20
12,8536,0.0005843815163117723,0.31989272849247213,2.378875259722933e-06,0.6795205111159547,25,50,20
12,8537,0.0005828898073051362,0.3198927284924697,2.2492440736927617e-06,0.6795221324561499,25,50,20
12,8538,0.0005829255347595976,0.31989272849247874,2.2484080283255857e-06,0.6795220975647318,25,50,20
12,8539,0.0005799972688164983,0.31989272849248795,2.2490873097862962e-06,0.6795250251513844,25,50,20
12,8540,0.0005799822132263186,0.3198927284924789,2.2484316424271856e-06,0.679525040862651,25,50,20
12,8541,0.0005800347901829056,0.3198926779027471,2.2464444180064525e-06,0.6795250408626505,25,50,20
12,8542,0.0005831683019446142,0.31988954324878266,2.2475864963920158e-06,0.6795250408627749,25,50,20
12,8543,0.0005831701494671613,0.31988954831023375,2.2406776055895264e-06,0.6795250408626918,25,50,20
12,8544,0.0005762139867224688,0.3198895483101993,2.2392234143211137e-06,0.6795319984796626,25,50,20
12,8545,0.0005732693038371766,0.31988954831019245,2.240762583053232e-06,0.6795349416233859,25,50,20
12,8546,0.0008068468640981944,0.31988954831289773,2.4658488754116446e-06,0.6793011389741274,25,50,20
12,8547,0.0008068317834567112,0.3198895655533827,2.4636893702968584e-06,0.6793011389737887,25,50,20
12,8548,0.0008038377294616261,0.3198925594251058,2.463869299682545e-06,0.6793011389761309,25,50,20
12,8549,0.000803784768193334,0.31989255942509676,2.463708818683319e-06,0.6793011920978893,25,50,20
12,8550,0.00080579920325323,0.3198925594250612,2.460655073308441e-06,0.6792991807166107,25,50,20
12,8551,0.0008087563967733585,0.319892559425061,2.461245678937149e-06,0.679296222932485,25,50,20
12,8552,0.0008096484174117362,0.3198925594250863,2.461868132467095e-06,0.6792953302893676,25,50,20
12,8553,0.0008125918183513251,0.31988961619873285,2.461695715768276e-06,0.6792953302871981,25,50,20
12,8554,0.0008166376971259205,0.31988961619877737,2.4654030355357774e-06,0.6792912807010592,25,50,20
12,8555,0.0008165672692137201,0.3198896871759534,2.4648538543432034e-06,0.6792912807009768,25,50,20
12,8556,0.0008096489543756224,0.3198896871759197,2.4619833083840133e-06,0.6792982018863951,25,50,20
12,8557,0.0008087896069680751,0.31988968717590294,4.702739005950959e-06,0.6792968204781218,25,50,20
12,8558,0.0008087905070169282,0.3198896863638311,4.702653324096964e-06,0.6792968204758268,25,50,20
12,8559,0.0008008198849054388,0.31988968636376963,4.694679390590211e-06,0.6793047990719333,25,50,20
12,8560,0.0008077751943944351,0.319889686363822,4.696907263086275e-06,0.6792978415345192,25,50,20
12,8561,0.0008107714182250433,0.319886554505808,4.832541364086207e-06,0.6792978415346016,25,50,20
12,8562,0.0008026787986227966,0.31989467606466404,4.803602596679718e-06,0.679297841534115,25,50,20
12,8563,0.0008056900550171255,0.3198916635065009,4.804899439356098e-06,0.6792978415390407,25,50,20
12,8564,0.0008057596490259788,0.3198915936753756,4.805138853289448e-06,0.679297841536743,25,50,20
12,8565,0.0008131061052117435,0.3198915936754043,4.809991869633486e-06,0.6792904902275123,25,50,20
12,8566,0.0008117691381450946,0.3198915936717961,4.774879552545371e-06,0.6792918623105042,25,50,20
12,8567,0.0008079838961043729,0.319891593671753,4.772794318271427e-06,0.6792956496378221,25,50,20
12,8568,0.0008080524500584598,0.31989166030504224,4.637607035390158e-06,0.6792956496378616,25,50,20
12,8569,0.0008080364288012387,0.319891660305034,4.636997686492146e-06,0.6792956662684762,25,50,20
12,8570,0.0008798049655035025,0.31989166031067734,7.107780340572587e-06,0.679221426943477,25,50,20
12,8571,0.0008778426071868555,0.3198916603106074,7.1022364352319884e-06,0.6792233948457691,25,50,20
12,8572,0.0008777222542033409,0.3198917810501259,7.101849939907503e-06,0.6792233948457295,25,50,20
12,8573,0.000876759851884465,0.3198917810500721,7.097482668042581e-06,0.679224361615374,25,50,20
12,8574,0.0008768112552245049,0.319891729737659,7.097391784789632e-06,0.6792243616153303,25,50,20
12,8575,0.0008738691432083735,0.31989172973765945,7.097439738441326e-06,0.6792273036793923,25,50,20
12,8576,0.000643669182993195,0.31989172961781515,5.382580861326136e-06,0.6794592186183291,25,50,20
12,8577,0.0006435981610335801,0.3198918017093293,5.381511349366634e-06,0.6794592186182866,25,50,20
12,8578,0.0006435279224330187,0.3198918725203449,5.380938975500294e-06,0.6794592186182452,25,50,20
12,8579,0.0006677852106052343,0.31989187252045687,5.4703539270371005e-06,0.6794348719150096,25,50,20
12,8580,0.0006676977060954093,0.3198918725204309,3.2677476947620773e-06,0.6794371620257781,25,50,20
12,8581,0.0006414785307130833,0.31989187252038936,3.2089833753153297e-06,0.6794634399655212,25,50,20
12,8582,0.000641617696091333,0.3198917319435917,3.210394665416179e-06,0.6794634399656506,25,50,20
12,8583,0.0006385353918772618,0.3198948225789846,3.2020684575661467e-06,0.6794634399606794,25,50,20
12,8584,0.000641583990961169,0.3198948225790026,3.2023775596525098e-06,0.6794603910524754,25,50,20
12,8585,0.0006445437228886652,0.3198948225790204,3.2036716689557717e-06,0.6794574300264206,25,50,20
12,8586,0.0006466019787559582,0.3198948225790923,3.2098766477313177e-06,0.6794553655655029,25,50,20
12,8587,0.0006475468905658308,0.3198938733305544,3.2142036856557774e-06,0.679455365575193,25,50,20
12,8588,0.0006406448228680078,0.31989387333052877,3.2118826369985407e-06,0.6794622699639652,25,50,20
12,8589,0.0006396799097577523,0.3198938733304674,3.1818920893399363e-06,0.6794632648676844,25,50,20
12,8590,0.0006396789942586844,0.31989387333045866,3.1812589284492913e-06,0.6794632664163532,25,50,20
12,8591,0.0006376132535303145,0.3198959358052583,3.1845273173846445e-06,0.6794632664138928,25,50,20
12,8592,0.0006415371673421989,0.3198920087105323,3.1877010092376962e-06,0.679463266421115,25,50,20
12,8593,0.000641521446705718,0.31989200871051393,3.186874035372724e-06,0.6794632829687437,25,50,20
12,8594,0.0006434305421432108,0.31989200871056633,3.192121928711708e-06,0.6794613686253603,25,50,20
12,8595,0.0006404695696393406,0.319892008710548,3.1907816610631364e-06,0.6794643309381503,25,50,20
12,8596,0.0006373519272182806,0.31989200871057416,3.1911936833830305e-06,0.6794674481685231,25,50,20
12,8597,0.0006375461643258521,0.31989200871062745,3.2256653496910475e-06,0.679467219459696,25,50,20
12,8598,0.0006315543322936942,0.3198920087106356,3.2257676949623133e-06,0.6794732111893751,25,50,20
12,8599,0.0006306071667105269,0.3198920087105932,3.223736832164598e-06,0.6794741603858634,25,50,20
12,8600,0.0006335656841846361,0.31988904986473354,3.2240651340916804e-06,0.6794741603859471,25,50,20
12,8601,0.0006266467684745419,0.3198959718022682,3.2210481511802025e-06,0.6794741603811054,25,50,20
12,8602,0.0006257003242441995,0.3198969230151194,3.2162842105929766e-06,0.6794741603764253,25,50,20
12,8603,0.0006256470291263498,0.31989692301511113,3.2161743203179887e-06,0.6794742137814416,25,50,20
12,8604,0.0006286073787720015,0.31989692301511985,3.2168298162104026e-06,0.6794712527762914,25,50,20
12,8605,0.0006286073784064331,0.31989692301389644,3.2168314066763567e-06,0.6794712527762898,25,50,20
12,8606,0.0006316038871107666,0.319896923013888,3.216715403475939e-06,0.6794682563835971,25,50,20
12,8607,0.0006316198770592471,0.3198969230139146,3.218156173517272e-06,0.6794682389528519,25,50,20
12,8608,0.0008677024996369488,0.3198969230160413,3.3292801402362676e-06,0.679232045204181,25,50,20
12,8609,0.0008677046573212991,0.31989692083829424,3.3293003282036517e-06,0.6792320452040558,25,50,20
12,8610,0.0008677037282571236,0.31989692159677857,3.329470906003176e-06,0.6792320452040578,25,50,20
12,8611,0.0008648982740836072,0.3198997257124115,3.3308094915253436e-06,0.6792320452040131,25,50,20
12,8612,0.0008660377362955851,0.3198997257123414,3.325273353070152e-06,0.6792309112780096,25,50,20
12,8613,0.000865983956217115,0.3198997257123503,3.3254290283245345e-06,0.6792309649024039,25,50,20
12,8614,0.0008628661282493649,0.3198997257123495,3.324892231457398e-06,0.679234083267169,25,50,20
12,8615,0.0008638481145705866,0.3198997257124016,3.328631538075935e-06,0.6792330975414891,25,50,20
12,8616,0.0008707679457641566,0.3198928030982874,3.331412120569146e-06,0.6792330975438273,25,50,20
12,8617,0.000872763981230822,0.31989080133851133,3.337133964234989e-06,0.6792330975462926,25,50,20
12,8618,0.0008726955524355679,0.3198908013385557,3.341071919447484e-06,0.6792331620370881,25,50,20
12,8619,0.0008794767788324962,0.31988401818973833,3.3429897468301116e-06,0.6792331620416812,25,50,20
12,8620,0.0008766559265835322,0.3198840181897565,3.344277183304573e-06,0.6792359816064756,25,50,20
12,8621,0.0008151052037513991,0.319884018184081,9.107175056415231e-07,0.6792999658946607,25,50,20
12,8622,0.0008121448907370845,0.3198869787071324,9.105050442612547e-07,0.6792999658970849,25,50,20
12,8623,0.0008121111258907665,0.3198869787071319,9.094907547060427e-07,0.6793000006762216,25,50,20
12,8624,0.0008082767111219016,0.3198908137231612,9.088940007035087e-07,0.6793000006717151,25,50,20
12,8625,0.0008112923226017041,0.3198908137231717,9.096878105128081e-07,0.6792969842664154,25,50,20
12,8626,0.0008112405911899178,0.31989081372315414,9.265574022899507e-07,0.6792970191282528,25,50,20
12,8627,0.0008112920258186278,0.3198908137231626,9.266498291296663e-07,0.6792969676011886,25,50,20
12,8628,0.0007991306079166535,0.3198908137231148,8.826415725081435e-07,0.679309173027395,25,50,20
12,8629,0.0007990777440587072,0.31989086644943737,8.827767691107929e-07,0.6793091730297337,25,50,20
12,8630,0.0007972003693617999,0.31989086644938575,8.788191389762241e-07,0.6793110543621119,25,50,20
12,8631,0.0007991096796406133,0.31989086644949183,8.874299323787675e-07,0.6793091364409336,25,50,20
12,8632,0.0005625347120739731,0.31989086644679504,6.624600078725473e-07,0.6795459363811216,25,50,20
12,8633,0.0005634821724120471,0.3198908664468378,6.644897103737863e-07,0.6795449868910383,25,50,20
12,8634,0.0005674601696126592,0.3198868855644544,6.673723843898071e-07,0.679544986893547,25,50,20
12,8635,0.0005675670264249798,0.3198868855645162,6.839816193862967e-07,0.679544863427438,25,50,20
12,8636,0.0005695282561561156,0.3198868855645863,6.738900144809961e-07,0.6795429122892416,25,50,20
12,8637,0.0005651430679333969,0.319886885564593,6.715659905232402e-07,0.6795472998014814,25,50,20
12,8638,0.0005641777990983757,0.31988688556454964,6.689420287968132e-07,0.6795482676943216,25,50,20
12,8639,0.0005611793025506442,0.31988688556451506,6.669329624882752e-07,0.6795512681999702,25,50,20
12,8640,0.0005611807908698029,0.31988688370204893,6.673094019407656e-07,0.6795512681976779,25,50,20
12,8641,0.0005681021178801087,0.31988688370208407,6.703524937839189e-07,0.6795443438275406,25,50,20
12,8642,0.0005691897562457933,0.31988688370205876,6.648836253250464e-07,0.6795432616580687,25,50,20
12,8643,0.0005700987515207882,0.31988688370219104,6.763576027856888e-07,0.6795423411886838,25,50,20
12,8644,0.0005700302126911824,0.31988688370217383,6.750991452561775e-07,0.6795424109859881,25,50,20
12,8645,0.0005660556161390738,0.31988688370213914,6.721082686428842e-07,0.6795463885734516,25,50,20
12,8646,0.0005600651192398,0.31989287340367956,6.728989077812689e-07,0.6795463885781713,25,50,20
12,8647,0.0005600638739901172,0.3198928734036792,6.728659144559201e-07,0.6795463898564147,25,50,20
12,8648,0.0005530940961542445,0.319892873403583,6.651892011032512e-07,0.6795533673110602,25,50,20
12,8649,0.0005533044220784267,0.319892873403611,6.672686126480656e-07,0.6795531549056966,25,50,20
12,8650,0.0005562997160021335,0.31989287340360256,6.671451336459019e-07,0.6795501597352601,25,50,20
12,8651,0.0005583125209848782,0.319892873403559,6.635248301903424e-07,0.6795481505506247,25,50,20
12,8652,0.0005634313185371012,0.31988771045095055,7.075292872578286e-07,0.6795481507012238,25,50,20
12,8653,0.0005665126905807355,0.31988462810497525,7.084961676777394e-07,0.6795481507082751,25,50,20
12,8654,0.0005704885101924333,0.3198846281050015,7.113598926219358e-07,0.6795441720249121,25,50,20
12,8655,0.0005773404255380431,0.3198846281049733,6.981280732684004e-07,0.6795373333414141,25,50,20
12,8656,0.0005773997477784267,0.31988462810497437,6.980790900692339e-07,0.679537274068156,25,50,20
12,8657,0.0005803797750096342,0.31988462810498297,6.977018195897415e-07,0.6795342944181867,25,50,20
12,8658,0.0005764046561874346,0.31988462810483204,6.853356734094168e-07,0.6795382819033057,25,50,20
12,8659,0.000575283089648075,0.3198857435929347,6.914046282088352e-07,0.6795382819127876,25,50,20
12,8660,0.0005781670630986481,0.31988574359294153,6.905960124732555e-07,0.6795353987479456,25,50,20
12,8661,0.000648042853461641,0.3198156088596632,9.491154658048245e-07,0.6795353991714079,25,50,20
12,8662,0.000577200783542764,0.3198867131399305,6.873380995453032e-07,0.6795353987384257,25,50,20
12,8663,0.0005712090058649907,0.31989270500906813,6.872442162115298e-07,0.6795353987408481,25,50,20
12,8664,0.0005642859494686954,0.31989270500904265,6.833927324364755e-07,0.6795423256487537,25,50,20
12,8665,0.0005642708377892253,0.3198927050090327,6.826407095792984e-07,0.679542341512466,25,50,20
12,8666,0.0005611522248903703,0.31989582460586663,6.816639981880339e-07,0.6795423415052426,25,50,20
12,8667,0.0005611531276189824,0.3198958246058669,6.817243809425387e-07,0.6795423405421309,25,50,20
12,8668,0.000561117996993531,0.3198958246058761,6.824400320820843e-07,0.6795423749570959,25,50,20
12,8669,0.000561365560215144,0.31989582460588717,6.956869818174799e-07,0.6795421141469137,25,50,20
12,8670,0.0005642240803507404,0.31989582460585103,6.95063058382204e-07,0.6795392562507381,25,50,20
12,8671,0.0005620861406310416,0.31989582460590404,6.990915297320913e-07,0.6795413901619334,25,50,20
12,8672,0.0005600707736056771,0.31989582460592947,7.039566763741298e-07,0.6795434006637869,25,50,20
12,8673,0.0005580913450477438,0.3198958246057967,6.938278865702313e-07,0.6795453902212675,25,50,20
12,8674,0.0005570764795519621,0.31989688074099254,6.527012906376437e-07,0.6795453900781632,25,50,20
12,8675,0.0005571282185184764,0.319896880741001,6.528218445809157e-07,0.6795453382186342,25,50,20
12,8676,0.0005549710921902069,0.31989903730867164,6.533758691180376e-07,0.6795453382232672,25,50,20
12,8677,0.0005539567894260013,0.3199000550454038,6.499443225130045e-07,0.6795453382208458,25,50,20
12,8678,0.0005501872958965947,0.31990380947102265,6.650167836251545e-07,0.6795453382162954,25,50,20
12,8679,0.0003168713983811547,0.3199038094688506,4.782975789496458e-07,0.6797788408351875,25,50,20
12,8680,0.0003199042500879325,0.31990077708005116,4.778347135364033e-07,0.6797788408351454,25,50,20
12,8681,0.0003189399221495083,0.31990077708001674,4.7500907251282433e-07,0.6797798079887594,25,50,20
12,8682,0.00031177132115009607,0.31990077707997944,4.5890011488609906e-07,0.6797869926987538,25,50,20
12,8683,0.00031178910192358576,0.31990075863174533,4.5956753376088443e-07,0.6797869926987954,25,50,20
12,8684,0.00031485394718970105,0.3199007586317632,4.6039087722276047e-07,0.6797839270301681,25,50,20
12,8685,0.00031490561691866327,0.3199007586317542,4.602210498223729e-07,0.6797838755302752,25,50,20
12,8686,0.0003180236429623768,0.31990075863179,4.601398692601249e-07,0.6797807575853761,25,50,20
12,8687,0.0003180911080822077,0.3199007586317983,4.6071201924508826e-07,0.679780689548098,25,50,20
12,8688,0.00032501214856326224,0.31990075863186024,4.6567341767000303e-07,0.6797737635461567,25,50,20
12,8689,0.0003249411582930731,0.31990075863182427,4.6369339479545173e-07,0.6797738365164858,25,50,20
12,8690,0.00033093415649620186,0.31989476574279235,4.6358664583539005e-07,0.6797738365140634,25,50,20
12,8691,0.0003338082148465469,0.3198947657427834,4.629854087576446e-07,0.679770963056959,25,50,20
12,8692,0.00032685177328762883,0.319894765742713,4.589373631180296e-07,0.679777923546634,25,50,20
12,8693,0.00032397898044061617,0.31989759389563205,5.035746073527678e-07,0.6797779235493178,25,50,20
12,8694,0.00032678447249549666,0.31989759389560474,5.016134132681131e-07,0.6797751200184845,25,50,20
12,8695,0.00032664554878668957,0.3198975938955866,4.999204536443691e-07,0.679775260635171,25,50,20
12,8696,0.00032970674737816123,0.3198975938956035,5.00663506617749e-07,0.6797721986935096,25,50,20
12,8697,0.0003376780614327517,0.3198896193228553,5.039271346560217e-07,0.6797721986885754,25,50,20
12,8698,0.00033767804204216115,0.31988961932285515,5.039106654309284e-07,0.6797721987244355,25,50,20
12,8699,0.00033751823956671665,0.3198898228008566,4.6023778286355e-07,0.6797721987217921,25,50,20
12,8700,0.0003372000655813263,0.3198901576466592,4.4356886703958366e-07,0.6797721987188906,25,50,20
12,8701,0.0003372527389269609,0.31989015764666795,4.437085517280139e-07,0.6797721459058517,25,50,20
12,8702,0.0003343261913549275,0.31989015764670425,4.4699770119746285e-07,0.6797750691642379,25,50,20
12,8703,0.00033437875091475944,0.31989015764669576,4.468160267812621e-07,0.6797750167863609,25,50,20
12,8704,0.0003414753503162211,0.31989015764673173,4.4988868722610974e-07,0.6797679171142629,25,50,20
12,8705,0.0003394599137248243,0.31989015764676815,7.058842449613181e-06,0.6797633235970559,25,50,20
12,8706,0.0003323993637908744,0.31989015764674045,7.054835429146325e-06,0.6797703881540381,25,50,20
12,8707,0.0003363762444259002,0.3198901576467848,7.058503507312444e-06,0.6797664076052807,25,50,20
12,8708,0.0007967026932999525,0.31989015764903417,7.387108200459434e-06,0.6793057525494643,25,50,20
12,8709,0.0007967030398920599,0.3198901572567482,7.38715389203764e-06,0.6793057525494666,25,50,20
12,8710,0.0008026432864916341,0.3198901572567468,7.812118606899927e-07,0.6793064182448997,25,50,20
12,8711,0.0008056554841131598,0.319890157256756,7.818908282047168e-07,0.6793034053683015,25,50,20
12,8712,0.0008085985175265992,0.3198901572567555,7.818522638296633e-07,0.6793004623734528,25,50,20
12,8713,0.000816585731070043,0.3198901572568439,7.887240904143659e-07,0.6792924682879944,25,50,20
12,8714,0.000812523319306903,0.3198901572567901,7.848382182701306e-07,0.6792965345856835,25,50,20
12,8715,0.0008144478596391932,0.3198882271161611,7.904241058799856e-07,0.6792965346000926,25,50,20
12,8716,0.0008124337518756408,0.31988822711619597,7.93417743734001e-07,0.679298545714183,25,50,20
12,8717,0.0003510382734818571,0.31988822711401715,4.709060511173417e-07,0.6797602637064482,25,50,20
12,8718,0.0003480272863619213,0.3198882271140084,4.7026115669296e-07,0.6797632753384711,25,50,20
12,8719,0.00034501534366359,0.31988822711399945,4.6959631254913986e-07,0.6797662879460223,25,50,20
12,8720,0.0003421412657605554,0.3198882271140084,4.706087489996546e-07,0.6797691610114801,25,50,20
12,8721,0.0003351672993595494,0.3198952040895928,4.676042003542962e-07,0.6797691610068455,25,50,20
12,8722,0.00033725043137775826,0.31989520408958455,4.6478430307413894e-07,0.6797670806947331,25,50,20
12,8723,0.0003372504098778966,0.3198952040895844,4.6476494744987755e-07,0.6797670807355888,25,50,20
12,8724,0.0003352356105683755,0.31989520408961025,4.6811346182926715e-07,0.679769092186358,25,50,20
12,8725,0.0003373197892415049,0.31989520408960276,4.671121437549897e-07,0.6797670090090103,25,50,20
12,8726,0.00033541098884213195,0.31989520408955924,4.625054110288256e-07,0.6797689224161858,25,50,20
12,8727,0.0003343239559812659,0.3198952040895937,4.659245513111284e-07,0.6797700060298721,25,50,20
12,8728,0.0003312591176274688,0.31989520408957584,4.651111453194403e-07,0.67977307168165,25,50,20
12,8729,0.0003382155038882601,0.3198882436258598,4.6917665991067035e-07,0.6797730716935907,25,50,20
12,8730,0.0003372875398019918,0.31988917468157824,4.6609208485214945e-07,0.6797730716865336,25,50,20
12,8731,0.0003932886839444309,0.319889174681661,5.873396844461612e-07,0.6797169492947086,25,50,20
12,8732,0.000402474723614513,0.31988917468269024,6.183321870893788e-07,0.6797077322615067,25,50,20
12,8733,0.0004025393523896389,0.31988917468268047,6.19240321943178e-07,0.679707666724607,25,50,20
12,8734,0.0004724041720960291,0.3198891746858415,8.315762001179265e-07,0.6796375895658612,25,50,20
12,8735,0.00046849595643177875,0.3198891746858243,8.293581654007985e-07,0.6796414999995775,25,50,20
12,8736,0.0004714374489184583,0.3198891746858241,8.293452093428123e-07,0.679638558520047,25,50,20
12,8737,0.00047157662711354596,0.31988903279439496,8.320464545107284e-07,0.6796385585320357,25,50,20
12,8738,0.0005423125013459692,0.31988903279656744,1.0205039805265115e-06,0.6795676341981047,25,50,20
12,8739,0.0005494241816073369,0.319881912037581,1.029553754173176e-06,0.6795676342270562,25,50,20
12,8740,0.0004804869995992352,0.319881912034446,8.200716790271662e-07,0.6796367808942745,25,50,20
12,8741,0.0004753946297665595,0.3198869635290832,8.606898995946111e-07,0.6796367811512494,25,50,20
12,8742,0.00047437961565158937,0.3198879825150129,8.567278205880022e-07,0.6796367811415138,25,50,20
12,8743,0.0004674236771264734,0.31988798251496015,8.534408219818683e-07,0.6796437403670904,25,50,20
12,8744,0.0005372317566019201,0.3198879825176047,1.099000719667494e-06,0.6795736867250725,25,50,20
12,8745,0.0007175400942175695,0.319887982517587,1.1034930459683215e-06,0.6793933738951483,25,50,20
12,8746,0.0007244411700106477,0.31988798251758677,1.1032725254139357e-06,0.6793864730398762,25,50,20
12,8747,0.0007215009219941338,0.31988798251758677,1.1032835302021305e-06,0.6793894132768884,25,50,20
12,8748,0.0007205726435791935,0.31988891379623063,1.1002879778221223e-06,0.6793894132722117,25,50,20
12,8749,0.0009596548633548649,0.3196496190604218,1.31251992987034e-06,0.6793894135562928,25,50,20
12,8750,0.0009626877369879637,0.31964961906042144,1.3120042977938635e-06,0.6793863811982921,25,50,20
12,8751,0.0009545365564488269,0.3196496190593395,1.2762582028314113e-06,0.6793945681260081,25,50,20
12,8752,0.000954519753156193,0.31964963640370264,1.2757147897200927e-06,0.6793945681283498,25,50,20
12,8753,0.0009575845752823871,0.31964963640372085,1.2765431328535282e-06,0.6793915024778622,25,50,20
12,8754,0.0009645398745422643,0.3196426790031408,1.2786373556789414e-06,0.6793915024849595,25,50,20
12,8755,0.0009644010393476586,0.31964281900310043,1.2774703380665313e-06,0.679391502487212,25,50,20
12,8756,0.0009534512211513077,0.31965378175263387,1.2645484794041655e-06,0.6793915024777338,25,50,20
12,8757,0.0009533842144325498,0.3196537817526066,1.262586599678582e-06,0.6793915714463599,25,50,20
12,8758,0.0009533820981476056,0.3196537817526071,1.2625860959928302e-06,0.679391573563148,25,50,20
12,8759,0.0009533992754618607,0.31965376304750903,1.264106653998788e-06,0.6793915735703736,25,50,20
12,8760,0.000958353225158626,0.31964885585009645,1.2176356172692662e-06,0.6793915732891258,25,50,20
12,8761,0.0008876175010992375,0.3196488558474261,9.687180203317551e-07,0.6794625579334524,25,50,20
12,8762,0.0008816250867198558,0.3196548498672417,9.6711981093075e-07,0.6794625579262258,25,50,20
12,8763,0.000880625574511751,0.31965484986731335,9.73279492982899e-07,0.6794635512786803,25,50,20
12,8764,0.0006415788847373183,0.31989411038832366,7.597391800749679e-07,0.6794635509877572,25,50,20
12,8765,0.0006485356349070691,0.31988715100264575,7.623675891418284e-07,0.6794635509948563,25,50,20
12,8766,0.0007184036670600667,0.3198170917614877,9.532812374951136e-07,0.679463551290213,25,50,20
12,8767,0.0007155319032822602,0.31981709176154166,9.572272249444095e-07,0.6794664191079495,25,50,20
12,8768,0.0007154951196133158,0.3198171287392573,9.57038368960391e-07,0.6794664191027588,25,50,20
12,8769,0.0007085389493015989,0.3198171287392227,9.555813229925403e-07,0.6794733767301508,25,50,20
12,8770,0.0006495430675666051,0.31981712873913215,8.343029608316949e-07,0.6795324938903383,25,50,20
12,8771,0.0006536421437181499,0.3198171287391527,8.612217372204691e-07,0.6795283678953901,25,50,20
12,8772,0.0006534518897198398,0.3198173200510368,8.601639736218612e-07,0.6795283678952678,25,50,20
12,8773,0.0006643471336291787,0.31980642027959383,8.646892140033291e-07,0.6795283678975611,25,50,20
12,8774,0.0006643468163677943,0.31980642027959305,8.646236321897241e-07,0.6795283682804051,25,50,20
12,8775,0.0006652751782254776,0.3198064202796278,8.676130811137902e-07,0.6795274369290638,25,50,20
12,8776,0.000662279327736555,0.31980642027959283,8.66593447920538e-07,0.6795304337992206,25,50,20
12,8777,0.0006632437463743609,0.31980642027963657,8.682057818429456e-07,0.6795294677682051,25,50,20
12,8778,0.0006663070194610207,0.31980335644523594,8.687622995480546e-07,0.6795294677730014,25,50,20
12,8779,0.0006662534480412402,0.31980335644522706,8.686595493453775e-07,0.6795295214471798,25,50,20
12,8780,0.0006593328220282803,0.31981028036057946,8.653749311893196e-07,0.6795295214424586,25,50,20
12,8781,0.0006551786305131181,0.31981028036055,8.382789993408275e-07,0.679533702729935,25,50,20
12,8782,0.0006552475437556365,0.3198102803605678,8.391406650542564e-07,0.6795336329550089,25,50,20
12,8783,0.0006543007559214167,0.3198102803605339,8.372207729787758e-07,0.6795345816627694,25,50,20
12,8784,0.0005844135233817126,0.31988035785402125,6.47257439714235e-07,0.6795345813651551,25,50,20
12,8785,0.000583396249868376,0.3198803578540919,6.533596647285994e-07,0.6795355925363726,25,50,20
12,8786,0.0005863755492072024,0.3198803578540744,6.525191597170221e-07,0.6795326140775564,25,50,20
12,8787,0.0005893377552049386,0.3198773966390709,6.515259521898509e-07,0.6795326140797698,25,50,20
12,8788,0.000590376537375798,0.3198773966389737,6.440013318716205e-07,0.6795315828223165,25,50,20
12,8789,0.0005934430353060456,0.3198773966389912,6.448280940843503e-07,0.6795285154976065,25,50,20
12,8790,0.0005934966143026227,0.3198773966389998,6.449259037832213e-07,0.6795284618207917,25,50,20
12,8791,0.0005965144730941293,0.31987739663899917,6.438754278644245e-07,0.6795254450124767,25,50,20
12,8792,0.00060042269984969,0.3198773966390161,6.460657273065924e-07,0.6795215345954047,25,50,20
12,8793,0.0006025591507112449,0.31987739663897247,6.434561288369755e-07,0.6795194007541852,25,50,20
12,8794,0.0006094608738152061,0.3198773966389892,6.451278265584203e-07,0.679512497359367,25,50,20
12,8795,0.0006055381489273904,0.31988132251237844,6.41986464157869e-07,0.6795124973522279,25,50,20
12,8796,0.0006025382355533199,0.3198813225123866,6.420587815086355e-07,0.6795154971932766,25,50,20
12,8797,0.000602485363505759,0.3198813754500833,6.419930916834606e-07,0.6795154971933173,25,50,20
12,8798,0.0005945848302755428,0.31988928154656227,6.364391945568035e-07,0.6795154971839656,25,50,20
12,8799,0.0005885932471033935,0.31988928154655366,6.363094151990487e-07,0.6795214888969258,25,50,20
12,8800,0.000587733588046749,0.3198901439656866,6.335564865158292e-07,0.6795214888897781,25,50,20
12,8801,0.0005857185864493729,0.3198921559416121,6.365774795975014e-07,0.679521488894457,25,50,20
12,8802,0.0005858055503670178,0.3198921559416397,6.380719220864801e-07,0.679521400436069,25,50,20
12,8803,0.0005858043497554558,0.31989215594164033,6.375957520791321e-07,0.6795214021128502,25,50,20
12,8804,0.0005829433110465794,0.31989215594166676,6.390061891435276e-07,0.6795242617410955,25,50,20
12,8805,0.0005868487135900072,0.3198921559416922,6.412742668848861e-07,0.6795203540704491,25,50,20
12,8806,0.0005828707587177765,0.3198921559416659,6.383891134657035e-07,0.679524334910501,25,50,20
12,8807,0.0005858668968217697,0.3198921559416926,6.387792661745893e-07,0.6795213383822177,25,50,20
12,8808,0.0005828026475617437,0.3198921559417008,6.383950541984185e-07,0.6795244030156816,25,50,20
12,8809,0.0005798768645428793,0.31989508098995517,6.391270976187189e-07,0.6795244030184027,25,50,20
12,8810,0.0005800168023138587,0.3198950809899747,6.405338813959186e-07,0.6795242616738285,25,50,20
12,8811,0.0005769507819555518,0.31989508098998276,6.401040100392605e-07,0.6795273281240499,25,50,20
12,8812,0.0005798768856739762,0.31989215558565937,6.394072078737335e-07,0.679527328121457,25,50,20
12,8813,0.0005769322995349289,0.3198951004084813,6.391729902174991e-07,0.6795273281189919,25,50,20
12,8814,0.0005767404952446896,0.31989510040845404,6.376634163249382e-07,0.6795275214328832,25,50,20
12,8815,0.0005758119459182615,0.3198951004084276,6.347710844765662e-07,0.6795284528745676,25,50,20
12,8816,0.0005778955317120068,0.3198951004084023,6.32465524280336e-07,0.6795263715943597,25,50,20
12,8817,0.0005808389179761981,0.31989510040840224,6.324636979855353e-07,0.6795234282099217,25,50,20
12,8818,0.0005817697664755397,0.31989416610589544,6.359129851986248e-07,0.679523428214642,25,50,20
12,8819,0.0005816284177808838,0.31989416610583216,6.312731166033128e-07,0.6795235742032689,25,50,20
12,8820,0.0005816647440474974,0.3198941248244681,6.362208134673321e-07,0.6795235742106692,25,50,20
12,8821,0.000581681063240593,0.3198941248244687,6.367789881061056e-07,0.6795235573333008,25,50,20
12,8822,0.0005855880777692573,0.31989412482449386,6.391577384403588e-07,0.6795196479399966,25,50,20
12,8823,0.0005855720942461875,0.3198941248244671,6.386752272362018e-07,0.6795196644060576,25,50,20
12,8824,0.0005834358295336934,0.31989412482452784,6.420790984510089e-07,0.6795217972668381,25,50,20
12,8825,0.0005833843802283413,0.3198941248245194,6.419658888740194e-07,0.6795218488293616,25,50,20
12,8826,0.0005803543674172612,0.3198941248244917,6.404406098572319e-07,0.6795248803674796,25,50,20
12,8827,0.0005774156427763846,0.31989412482451024,6.405467802929404e-07,0.6795278189859316,25,50,20
12,8828,0.0005765720840943368,0.31989496815292645,6.40767101232167e-07,0.6795278189958763,25,50,20
12,8829,0.0005756440537542446,0.31989589914806427,6.378068099536998e-07,0.6795278189913699,25,50,20
12,8830,0.0005826868851063387,0.3198958991480996,6.413469612726956e-07,0.6795207726198312,25,50,20
12,8831,0.0005826468282023129,0.3198958991480736,6.417070407760171e-07,0.6795208123166817,25,50,20
12,8832,0.0005786888856693038,0.31989589914806466,6.405665792679654e-07,0.6795247713996853,25,50,20
12,8833,0.0005787065209704176,0.3198958991480565,6.400386860126242e-07,0.6795247542922855,25,50,20
12,8834,0.0005877959902341148,0.3198958991481303,6.478666737992416e-07,0.6795156569949604,25,50,20
12,8835,0.0005907912998102266,0.3198929037020671,6.480031590262113e-07,0.6795156569949624,25,50,20
12,8836,0.0005960886134299792,0.31989290370214857,6.979992679821588e-07,0.6795103096851524,25,50,20
12,8837,0.0005891684809768989,0.31989982705697695,6.947839898206952e-07,0.6795103096780549,25,50,20
12,8838,0.0005891173439068221,0.31989982705696884,6.947057684345785e-07,0.6795103608933546,25,50,20
12,8839,0.0005890811659313466,0.31989982705694986,6.932742530775676e-07,0.6795103985028643,25,50,20
12,8840,0.0005831486237725885,0.31989982705694386,7.070022685125164e-07,0.6795163173170137,25,50,20
12,8841,0.0005861289711879827,0.31989684970738885,7.040190320890937e-07,0.6795163173023896,25,50,20
12,8842,0.0005791548181788329,0.31989684970737153,7.01289106845405e-07,0.6795232941853416,25,50,20
12,8843,0.00032812594075810794,0.3198968497052262,5.090255250643319e-07,0.6797745153284894,25,50,20
12,8844,0.0003219949709103805,0.31989684970516147,5.018314368662705e-07,0.6797806534924902,25,50,20
12,8845,0.0003210806144541844,0.31989684970511845,4.982413299835762e-07,0.6797815714390961,25,50,20
12,8846,0.00031410775170020083,0.31989684970507465,4.951104056623088e-07,0.6797885474328179,25,50,20
12,8847,0.00031405450741006836,0.31989690291729334,4.951426900049736e-07,0.679788547432605,25,50,20
12,8848,0.0003119865559308953,0.31989690291732803,4.981540687563304e-07,0.6797906123726706,25,50,20
12,8849,0.0003150194146021924,0.31989690291732753,4.976104056940536e-07,0.6797875800576628,25,50,20
12,8850,0.00031799869968393937,0.3198969029173098,4.968105218054263e-07,0.6797846015724827,25,50,20
12,8851,0.0003151951605088396,0.31989690291732864,4.981762348937309e-07,0.6797874037459259,25,50,20
12,8852,0.0003150898330036815,0.31989690291730233,4.978170132053606e-07,0.6797875094326805,25,50,20
12,8853,0.00031211162504105446,0.3198969029172941,4.992455935565188e-07,0.6797904862120712,25,50,20
12,8854,0.0003151076910198769,0.3198969029173032,5.014813099184184e-07,0.6797874879103668,25,50,20
12,8855,0.0003181037990438774,0.3198937709903189,6.373003121354842e-07,0.6797874879103244,25,50,20
12,8856,0.0003203310581535111,0.31989377099294214,6.752222739868726e-07,0.6797852227266301,25,50,20
12,8857,0.00031726374671592344,0.3198968389433469,6.745832219627011e-07,0.6797852227267152,25,50,20
12,8858,0.00031954259810354035,0.3198968389433136,6.742197360747496e-07,0.6797829442388467,25,50,20
12,8859,0.00032236235714521393,0.31989683894331256,6.741379598751882e-07,0.6797801245615821,25,50,20
12,8860,0.00032933705774289377,0.3198898606264415,6.777495130779852e-07,0.6797801245663024,25,50,20
12,8861,0.00032933673025403926,0.3198898587895567,6.799137182119913e-07,0.679780124566471,25,50,20
12,8862,0.0003293718991869616,0.31988985878956566,6.785576823525943e-07,0.6797800907535648,25,50,20
12,8863,0.00032437605012764913,0.31989485180634586,6.81385118355962e-07,0.6797800907584081,25,50,20
12,8864,0.00033940474122099524,0.31989485180647004,6.912870556468071e-07,0.6797650521652533,25,50,20
12,8865,0.0003361973552561129,0.31989485180647714,6.887524767025652e-07,0.67976826208579,25,50,20
12,8866,0.00033633956742887305,0.3198948518065155,2.9252408752514126e-06,0.6797658833851803,25,50,20
12,8867,0.00033542212461084057,0.3198948518065048,2.9097523514187817e-06,0.6797668163165327,25,50,20
12,8868,0.0003354218174349829,0.31989485180649585,2.9090990425506336e-06,0.6797668172770263,25,50,20
12,8869,0.0003311936913872674,0.3198948518063354,2.8528658112266944e-06,0.6797711016364658,25,50,20
12,8870,0.0003282671231439268,0.31989485180635274,2.8536699878769514e-06,0.6797740274005152,25,50,20
12,8871,0.00033133308244408065,0.3198948518063446,2.85407679248214e-06,0.6797709610344188,25,50,20
12,8872,0.00033131796986541706,0.31989485180633537,2.8534382652983283e-06,0.6797709767855337,25,50,20
12,8873,0.00033329674363002584,0.31989288085029766,2.8456303165008326e-06,0.6797709767757548,25,50,20
12,8874,0.0003361505680896407,0.3198928808502326,6.097255479595194e-07,0.6797703588561289,25,50,20
12,8875,0.00033909607846121175,0.31989288085023276,6.922393199298458e-07,0.6797673308319853,25,50,20
12,8876,0.00034601661413608225,0.31988595556904065,6.969802020993732e-07,0.6797673308366201,25,50,20
12,8877,0.00033105777731495887,0.31988595556894306,6.885031164790487e-07,0.6797822981506247,25,50,20
12,8878,0.0003311279709007108,0.31988588707044885,6.868081922849285e-07,0.6797822981504577,25,50,20
12,8879,0.00033105980220148203,0.3198859560668157,6.859802671418661e-07,0.6797822981507149,25,50,20
12,8880,0.0003297977052140431,0.3198859560642269,6.525684742750548e-07,0.6797835936620839,25,50,20
12,8881,0.0003327428423936112,0.3198859560642264,6.52514964356141e-07,0.6797806485784144,25,50,20
12,8882,0.00033567091536862534,0.3198859560642171,6.518440666179505e-07,0.6797777211763464,25,50,20
12,8883,0.0003356205825449719,0.3198860060854773,6.521507715767157e-07,0.6797777211812049,25,50,20
12,8884,0.0003354975882865262,0.31988600608549494,6.509129347214771e-07,0.6797778454132825,25,50,20
12,8885,0.0003325698768459506,0.3198889329633124,6.517468125557533e-07,0.6797778454130278,25,50,20
12,8886,0.000332568225826669,0.31988893636461735,6.499964449474187e-07,0.6797778454131097,25,50,20
12,8887,0.00033342684603476953,0.319888936364635,6.522227392193836e-07,0.6797769845665894,25,50,20
12,8888,0.00034039841035482055,0.3198889363646787,6.553562772869971e-07,0.6797700098686879,25,50,20
12,8889,0.0003433248134630308,0.3198860106348665,6.54685446230354e-07,0.6797700098662228,25,50,20
12,8890,0.00034647834839962485,0.3198860106348948,6.567770134211899e-07,0.6797668542396909,25,50,20
12,8891,0.00034550071333015313,0.31988601063597377,7.063103879634655e-07,0.6797677823403068,25,50,20
12,8892,0.00034246910412756066,0.31988601063597455,7.06885331391226e-07,0.679770813374565,25,50,20
12,8893,0.0003425048003522077,0.3198860106359825,7.064690829211395e-07,0.6797707780945808,25,50,20
12,8894,0.0003444309120456316,0.3198860106360535,7.125433552347228e-07,0.6797688459085441,25,50,20
12,8895,0.0003414010327419052,0.3198860106360622,7.124613615895632e-07,0.6797718758698328,25,50,20
12,8896,0.000344361372907465,0.31988304980992593,7.129474185305257e-07,0.6797718758697465,25,50,20
12,8897,0.00034734078491179953,0.3198830498099343,7.11979902778246e-07,0.6797688974252496,25,50,20
12,8898,0.0003443975289749424,0.3198859931035783,7.119423213161095e-07,0.6797688974251237,25,50,20
12,8899,0.0003445907877292588,0.3198857988993672,7.128899908974349e-07,0.6797688974229108,25,50,20
12,8900,0.0003523511312695786,0.3198857988994099,7.169044578136963e-07,0.679761133064861,25,50,20
12,8901,0.00034433046878970324,0.3198857988993566,7.120884448940328e-07,0.679769158543407,25,50,20
12,8902,0.00034047678252176335,0.31988965263503905,7.120435349409412e-07,0.6797691585389022,25,50,20
12,8903,0.00034161686230922597,0.31988851843743155,7.061706639003105e-07,0.6797691585295931,25,50,20
12,8904,0.00033851424841303894,0.3198916210988101,7.061233528651312e-07,0.6797691585294219,25,50,20
12,8905,0.0003365469261162899,0.31989162109773145,6.566911234394876e-07,0.6797711752850265,25,50,20
12,8906,0.00033565339641066167,0.31989162109774116,6.564420574048665e-07,0.6797720690637887,25,50,20
12,8907,0.0003377894436697024,0.3198894779109431,6.635646544494261e-07,0.6797720690807307,25,50,20
12,8908,0.0003407665482191154,0.31988947791095174,6.639486891904099e-07,0.6797690915921377,25,50,20
12,8909,0.00033379502652514966,0.3198894779109087,6.608529780240886e-07,0.679776066209586,25,50,20
12,8910,0.00033372521258735174,0.3198894779108995,6.601429978645709e-07,0.6797761367335131,25,50,20
12,8911,0.00033379336146726913,0.3198894779109264,6.626036258314565e-07,0.6797760661239783,25,50,20
12,8912,0.00033391547093082613,0.31988947791091826,5.805192571787189e-07,0.6797760260988918,25,50,20
12,8913,0.0003311827501774016,0.3198894779109469,5.826327995407465e-07,0.6797787567060743,25,50,20
12,8914,0.0003300960373180304,0.319889477910991,5.862396184971619e-07,0.6797798398120706,25,50,20
12,8915,0.0003300265477495338,0.3198894779109726,5.854110630398154e-07,0.6797799101302127,25,50,20
12,8916,0.0003421119473349189,0.3198894779110881,5.952136738742274e-07,0.6797678149279013,25,50,20
12,8917,0.00034505522505831664,0.3198865342100536,5.956322675279579e-07,0.6797678149326188,25,50,20
12,8918,0.0003489089114860991,0.3198865342101237,6.001842808022821e-07,0.6797639566941076,25,50,20
12,8919,0.00034598243031383025,0.3198865342101411,5.993818341442233e-07,0.6797668839777091,25,50,20
12,8920,0.00034313131930515306,0.3198865342101343,6.28120703657248e-07,0.6797697063498553,25,50,20
12,8921,0.00034306234822096166,0.31988660606204233,6.252401351997686e-07,0.6797697063495999,25,50,20
12,8922,0.00034206515994630914,0.3198866060619981,6.215516626890647e-07,0.6797707072263912,25,50,20
12,8923,0.0003391036393401533,0.3198895666378241,6.224986142208328e-07,0.67977070722422,25,50,20
12,8924,0.00032409109878923296,0.3198895666377176,6.133482981636931e-07,0.6797857289151932,25,50,20
12,8925,0.00032708735491473914,0.3198895666377268,6.141910464588621e-07,0.6797827318163102,25,50,20
12,8926,0.00032395390192366155,0.3198927009812183,6.132982447010543e-07,0.6797827318186114,25,50,20
12,8927,0.0003218702886273592,0.31989478227019214,6.1562022689573e-07,0.6797827318209518,25,50,20
12,8928,0.00032193915226038007,0.31989478227021,6.162275043154176e-07,0.6797826623500235,25,50,20
12,8929,0.0003228349585727862,0.3198947822702177,6.172108452569253e-07,0.6797817655603626,25,50,20
12,8930,0.0003227644337437687,0.3198948534843317,6.165240828825343e-07,0.6797817655578394,25,50,20
12,8931,0.00032495397205884043,0.3198948534842797,6.138535542947982e-07,0.679779578690105,25,50,20
12,8932,0.0003249355409897651,0.3198948534842616,6.12498509878182e-07,0.6797795984762367,25,50,20
12,8933,0.0003279843643259346,0.3198948534842613,6.12474378633079e-07,0.679776549677032,25,50,20
12,8934,0.0003279475574943501,0.31989485348427865,6.132345248582143e-07,0.6797765857237005,25,50,20
12,8935,0.00032513327430910214,0.31989485348425406,6.600645352287751e-07,0.6797793531769004,25,50,20
12,8936,0.00032513320567533426,0.31989485348424496,6.603937019872013e-07,0.6797793529163766,25,50,20
12,8937,0.0003252008552410512,0.31989485348425417,6.610665466158028e-07,0.679779284593957,25,50,20
12,8938,0.000325200876308403,0.3198948534842543,6.610788110951397e-07,0.679779284560625,25,50,20
12,8939,0.0003281460568573084,0.31989485348425417,6.610638614194541e-07,0.6797763393950259,25,50,20
12,8940,0.00032520253179216816,0.3198948534842449,6.604017159068906e-07,0.6797792835822457,25,50,20
12,8941,0.0003262718040211066,0.3198948534841745,6.538174649697126e-07,0.679778220894338,25,50,20
12,8942,0.0003271831092909335,0.31989485348417385,6.552348791231793e-07,0.6797773081716545,25,50,20
12,8943,0.000323077278852173,0.31989485348413704,6.034640720144073e-07,0.6797814657729372,25,50,20
12,8944,0.00032393691690439034,0.3198948534841633,6.058147488561337e-07,0.6797806037841818,25,50,20
12,8945,0.0003239369545626454,0.3198948534841633,6.05815846927446e-07,0.6797806037454255,25,50,20
12,8946,0.0003280542019387983,0.31989086672070405,4.75327105191919e-07,0.6797806037502504,25,50,20
12,8947,0.0003310661000539013,0.319890866720713,4.759702534844694e-07,0.679777591208978,25,50,20
12,8948,0.00033311050910828717,0.3198908667207596,5.428162124435473e-07,0.6797754799539181,25,50,20
12,8949,0.0003372681620585932,0.31988650832459614,7.435566193201818e-07,0.6797754799567244,25,50,20
12,8950,0.00033605161836366927,0.31988792585068704,5.425794164378097e-07,0.6797754799515313,25,50,20
12,8951,0.0003360681174948746,0.31988790889224894,5.43040892941596e-07,0.6797754799493617,25,50,20
12,8952,0.00033606716641555213,0.3198879098655316,5.430209429634004e-07,0.6797754799471083,25,50,20
12,8953,0.00033194991183830685,0.3198920322885464,5.378573297283529e-07,0.6797754799422842,25,50,20
12,8954,0.00033487079515787484,0.3198920322885625,5.098086597976604e-07,0.6797725871076185,25,50,20
12,8955,0.0003410814826480122,0.3198920322885474,5.229537873178928e-07,0.6797663632750157,25,50,20
12,8956,0.00034504171432128206,0.31988806536408715,5.296418946318134e-07,0.6797663632796946,25,50,20
12,8957,0.00034192436489861985,0.3198911832416873,5.291135455357183e-07,0.6797663632798663,25,50,20
12,8958,0.0003418551494360679,0.31989118324167853,5.291839703841159e-07,0.6797664324249126,25,50,20
12,8959,0.00033975726279739457,0.31989118324164034,4.625174250772578e-07,0.6797685969781346,25,50,20
12,8960,0.00033975826822285426,0.3198911819471177,4.628017168357662e-07,0.6797685969829402,25,50,20
12,8961,0.00033777909535828645,0.31989314964812543,4.742688036241845e-07,0.6797685969877102,25,50,20
12,8962,0.00033777788747861554,0.31989315089729975,4.7422759307982484e-07,0.6797685969876259,25,50,20
12,8963,0.00034156272305856333,0.3198931508973599,4.77477678685523e-07,0.6797648089019003,25,50,20
12,8964,0.00033869135174931014,0.3198931508973974,4.786669785380625e-07,0.6797676790838723,25,50,20
12,8965,0.00033876105515532684,0.3198931508973712,4.782759930210121e-07,0.6797676097714779,25,50,20
12,8966,0.00034189561889295456,0.3198900142262576,4.80373849665232e-07,0.6797676097809974,25,50,20
12,8967,0.00034182396128523945,0.3198900142262197,4.784251738092875e-07,0.6797676833873187,25,50,20
12,8968,0.00034182612246295654,0.3198900142262199,4.784649625764223e-07,0.6797676811863521,25,50,20
12,8969,0.00033706362058737215,0.31989474856198963,5.06349388974681e-07,0.6797676814680316,25,50,20
12,8970,0.0003341353094157919,0.31989474856199895,5.070134892115256e-07,0.6797706091150936,25,50,20
12,8971,0.0003371308927463905,0.3198947485619906,5.069000328076044e-07,0.6797676136452278,25,50,20
12,8972,0.0003371509197212497,0.31989472952019604,5.059149776396238e-07,0.6797676136451029,25,50,20
12,8973,0.0003341724987637075,0.31989472952020515,5.065681285462732e-07,0.6797705914129005,25,50,20
12,8974,0.00034522572437481144,0.3198947295202943,5.138999990917247e-07,0.6797595308553297,25,50,20
12,8975,0.0003443134694371825,0.319894729520278,5.09685323861375e-07,0.6797604473249585,25,50,20
12,8976,0.0003443838633914837,0.31989472952028797,5.103489322725264e-07,0.6797603762673862,25,50,20
12,8977,0.00034522198746603374,0.3198939266465872,4.7538491578713014e-07,0.679760375981029,25,50,20
12,8978,0.000342189171763873,0.31989695871016344,4.761370394276162e-07,0.6797603759810315,25,50,20
12,8979,0.0003442202483708652,0.31989695871013724,4.737852134361226e-07,0.6797583472562766,25,50,20
12,8980,0.00034398649676107743,0.31989695871015156,4.6059769633599827e-07,0.6797585941953893,25,50,20
12,8981,0.0003489461064459852,0.3198920016095885,4.5809110580288737e-07,0.6797585941928578,25,50,20
12,8982,0.00034601982150211474,0.3198920016096068,4.589340187580297e-07,0.6797615196348705,25,50,20
12,8983,0.00034997804081315676,0.3198920016096157,4.6002040758570116e-07,0.6797575603291618,25,50,20
12,8984,0.00034992541551997824,0.3198920016096079,4.599213912924399e-07,0.679757613053479,25,50,20
12,8985,0.00034994230620228543,0.3198919839579109,4.6068240643862867e-07,0.6797576130534785,25,50,20
12,8986,0.00036083880798584554,0.3198919839579722,4.6607242008165004e-07,0.6797467111616199,25,50,20
12,8987,0.000362904464116098,0.31989198395791996,4.623149040604357e-07,0.6797446492630576,25,50,20
12,8988,0.00035898029188855977,0.31989591219826174,4.582611585974663e-07,0.6797446492486889,25,50,20
12,8989,0.00047860783691332004,0.3198959122005287,7.542186709476566e-07,0.6796247257438849,25,50,20
12,8990,0.00047864462984106295,0.31989591220051106,7.534219020291523e-07,0.6796246897477438,25,50,20
12,8991,0.00047053508268403356,0.3198959122004213,7.459437843065665e-07,0.6796328067731083,25,50,20
12,8992,0.0004675034286322223,0.3198959122004213,7.469770886475896e-07,0.6796358373938557,25,50,20
12,8993,0.0004645612855117287,0.3198988543233928,7.469971935970269e-07,0.6796358373938998,25,50,20
12,8994,0.00046455840457362575,0.319898854323402,7.466422771762756e-07,0.679635840629745,25,50,20
12,8995,0.00046660823692955077,0.31989641460709173,1.1365359658267272e-06,0.6796358406200104,25,50,20
12,8996,0.00046646865851175076,0.319896555291093,1.1354304635969427e-06,0.679635840619929,25,50,20
12,8997,0.00046844875485317676,0.3198945866461308,1.1239839372890197e-06,0.6796358406150754,25,50,20
12,8998,0.00046843152793224393,0.3198945866461213,1.1233121553204277e-06,0.6796358585137883,25,50,20
12,8999,0.00046836203180005277,0.31989458664611226,1.1226722625748637e-06,0.6796359286498225,25,50,20
12,9000,0.00046542118223678685,0.3198975224645062,1.1276959866873688e-06,0.6796359286572674,25,50,20
12,9001,0.00046834512965599097,0.31989446863659177,1.2575839256680899e-06,0.6796359286498236,25,50,20
12,9002,0.0004683454394629216,0.3198944686365926,1.2576328064933137e-06,0.6796359282911353,25,50,20
12,9003,0.0004682587595818571,0.31989455745275086,1.2555061359925096e-06,0.6796359282815285,25,50,20
12,9004,0.00046121561461544313,0.3198945574527156,1.2514427720161202e-06,0.6796429754898945,25,50,20
12,9005,0.00046527898635353554,0.31989088375520347,8.617634052987478e-07,0.6796429754950352,25,50,20
12,9006,0.00046526207575564035,0.31989089970662776,8.627201083948561e-07,0.6796429754975057,25,50,20
12,9007,0.0004652784543619244,0.3198908997066371,8.634021787238713e-07,0.67964295843682,25,50,20
12,9008,0.0004582896575191368,0.31989789041542627,8.614855102287695e-07,0.6796429584415421,25,50,20
12,9009,0.0006836902656108524,0.31989789041754535,1.0425124585019639e-06,0.6794173768043831,25,50,20
12,9010,0.000561066528833179,0.3198978904152872,7.467092486066279e-07,0.6795402963466286,25,50,20
12,9011,0.0005640640548344291,0.31989789041529687,7.469293089265522e-07,0.6795372986005573,25,50,20
12,9012,0.0005611029927094464,0.3198978904152806,7.487916272280259e-07,0.6795402578003802,25,50,20
12,9013,0.0005611020724203284,0.3198978904152887,7.493827198509204e-07,0.6795402581295688,25,50,20
12,9014,0.0005691385204821032,0.3198898456558098,7.576748810970035e-07,0.6795402581488245,25,50,20
12,9015,0.0005661275536383104,0.31988984565580086,7.570274816899968e-07,0.6795432697630767,25,50,20
12,9016,0.0005692624491109406,0.3198867091066581,7.586810669388517e-07,0.6795432697631615,25,50,20
12,9017,0.0005723435074025759,0.3198867091066766,7.600200791175486e-07,0.6795401873658392,25,50,20
12,9018,0.0005722215345793625,0.31988683326113193,7.578483105520768e-07,0.6795401873559755,25,50,20
12,9019,0.0005722234029052765,0.319886833261132,7.578249936264681e-07,0.6795401855109668,25,50,20
12,9020,0.0005721695538040069,0.3198868332612569,7.678150552055593e-07,0.6795402293698813,25,50,20
12,9021,0.0005790950961977327,0.3198868332612831,7.716722957756368e-07,0.6795332999702208,25,50,20
12,9022,0.0005859489399297692,0.31988683326130024,7.738908977078145e-07,0.6795264439078698,25,50,20
12,9023,0.0005858967850832207,0.31988683326129197,7.733060407740826e-07,0.6795264966475816,25,50,20
12,9024,0.0005860365899763478,0.3198868332613104,7.746339927235205e-07,0.6795263555147183,25,50,20
12,9025,0.0005888387664803514,0.31988683326130896,7.744976232604395e-07,0.6795235534745854,25,50,20
12,9026,0.0005778759959858775,0.319897802904523,7.676370151918122e-07,0.6795235534624738,25,50,20
12,9027,0.0005778587992806614,0.319897802904488,7.655737618426245e-07,0.6795235727224674,25,50,20
12,9028,0.0005708845163474964,0.3198978029044533,7.625582175608475e-07,0.6795305500209795,25,50,20
12,9029,0.0005669630829193416,0.3198978029044098,7.594553133740621e-07,0.6795344745573553,25,50,20
12,9030,0.0005700097956161331,0.31989475621600305,7.594310666518968e-07,0.679534474557312,25,50,20
12,9031,0.00033462632240268797,0.3198947562138574,5.759862502342979e-07,0.6797700414774875,25,50,20
12,9032,0.00033476527889113756,0.3198946158072944,5.774287596785414e-07,0.6797700414850526,25,50,20
12,9033,0.0003377625786987845,0.3198916184807535,5.774554930013059e-07,0.6797700414850526,25,50,20
12,9034,0.0003367812248831379,0.3198916184807029,5.738288196154094e-07,0.6797710264655922,25,50,20
12,9035,0.00034070484924288413,0.31989161848074593,5.769408140468408e-07,0.6797670997291949,25,50,20
12,9036,0.0003378323724796324,0.31989161848063913,5.677665891171174e-07,0.6797699813802899,25,50,20
12,9037,0.00033091281584999156,0.31989161848060443,5.64786608772535e-07,0.6797769039169347,25,50,20
12,9038,0.00033084320048777947,0.31989168939912205,5.634882994289576e-07,0.6797769039120886,25,50,20
12,9039,0.00033383932206586557,0.31989168939914014,5.632741742486962e-07,0.6797739080046179,25,50,20
12,9040,0.0003408442547426413,0.3198846816976961,5.660358482752566e-07,0.6797739080117104,25,50,20
12,9041,0.0003391371413888225,0.31988468169777656,6.210933965400414e-07,0.6797755600674358,25,50,20
12,9042,0.0003361582375879657,0.3198846816977595,6.213693103234424e-07,0.6797785386953399,25,50,20
12,9043,0.0003361933796977879,0.3198846816977761,6.211067000582055e-07,0.6797785038158237,25,50,20
12,9044,0.0003332670683775624,0.3198846816977601,7.901409972419766e-07,0.6797812610928632,25,50,20
12,9045,0.0003303395621424201,0.31988468169777895,7.909957035374882e-07,0.679784187744373,25,50,20
12,9046,0.0003272037420870123,0.31988781896504725,7.895462376779779e-07,0.6797841877466262,25,50,20
12,9047,0.00032720532817127364,0.3198878189650471,7.895479593387919e-07,0.6797841861588202,25,50,20
12,9048,0.000327172758576529,0.3198878189650285,7.88175930417327e-07,0.6797842201004626,25,50,20
12,9049,0.0003250181344422853,0.3198897805048322,9.812631472940139e-07,0.6797842200975763,25,50,20
12,9050,0.0003239660674647512,0.31989082539747354,9.884278782685305e-07,0.6797842201071813,25,50,20
12,9051,0.00032394636290724693,0.3198908253974657,9.904130020655845e-07,0.6797842378266229,25,50,20
12,9052,0.0003268064990731676,0.31989082539749364,9.890848004613184e-07,0.6797813790186304,25,50,20
12,9053,0.0003379331495043396,0.3198795291263734,1.1587075267891757e-06,0.6797813790165934,25,50,20
12,9054,0.00034101668595992664,0.3198795291263729,1.1571085696924024e-06,0.6797782970790953,25,50,20
12,9055,0.00034101641615042914,0.319879721141389,9.653633197592548e-07,0.6797782970791385,25,50,20
12,9056,0.00034109947541614556,0.31987972114137064,9.678806847736607e-07,0.6797782115025263,25,50,20
12,9057,0.0003380863869068585,0.3198797211413609,3.169714752850497e-06,0.6797790227569773,25,50,20
12,9058,0.0003420613899124312,0.3198797211414048,3.1733568574757205e-06,0.6797750441118228,25,50,20
12,9059,0.0003351358185039195,0.31987972114137825,3.1694640067173166e-06,0.6797819735761088,25,50,20
12,9060,0.0003270244546769441,0.3198880014083252,3.0005562988089895e-06,0.6797819735806968,25,50,20
12,9061,0.0003269545163924184,0.3198880014083152,2.999832001102294e-06,0.6797820442432893,25,50,20
12,9062,0.0003239392512538102,0.3198910175326677,2.998977718066973e-06,0.6797820442383582,25,50,20
12,9063,0.0003248863115937381,0.31989101753271243,3.0027077729380804e-06,0.6797810934479187,25,50,20
12,9064,0.00032481733504316767,0.31989101753270305,3.0020193720806055e-06,0.6797811631128796,25,50,20
12,9065,0.00040752349553258395,0.31989101753749927,3.2469754799349546e-06,0.6796982119914863,25,50,20
12,9066,0.0004055962571182084,0.31989295156210323,3.2401988971520492e-06,0.6796982119818793,25,50,20
12,9067,0.00040260098186199934,0.3198960826122915,3.1044239215138264e-06,0.679698211981923,25,50,20
12,9068,0.00040260189055873243,0.3198960815342764,3.1045908164232556e-06,0.6796982119843464,25,50,20
12,9069,0.00040556313579257375,0.31989608153427423,2.934705400402502e-06,0.6796954206245309,25,50,20
12,9070,0.0004016394428079659,0.3198960815342225,2.930970003536959e-06,0.6796993480529643,25,50,20
12,9071,0.0004045819231466328,0.31989608153422266,2.9309679843798903e-06,0.6796964055746447,25,50,20
12,9072,0.0004024282444921771,0.3198960815342391,2.9326054040954757e-06,0.6796985576158631,25,50,20
12,9073,0.0004015158911721698,0.3198969964464611,2.930051184560099e-06,0.6796985576111806,25,50,20
12,9074,0.0004015849175387059,0.31989699644652414,2.9717402458409534e-06,0.6796984468956899,25,50,20
12,9075,0.0004085046195262758,0.3198900724474711,2.976027661277269e-06,0.6796984469053398,25,50,20
12,9076,0.00040554270344256814,0.3198930352381395,2.9751531187425183e-06,0.6796984469052972,25,50,20
12,9077,0.00040652298493353554,0.3198930352381747,2.9782198198609274e-06,0.6796974635570698,25,50,20
12,9078,0.0004094650719829606,0.31989303523817453,2.978172423804112e-06,0.6796945215174168,25,50,20
12,9079,0.0004094468219886205,0.319893035238201,2.981705599358864e-06,0.6796945362342092,25,50,20
12,9080,0.00041144341782325754,0.31989303523815665,2.978008376722055e-06,0.6796925433356417,25,50,20
12,9081,0.00041144344677391094,0.31989303523815704,2.9780483958888065e-06,0.679692543266671,25,50,20
12,9082,0.000582930192952464,0.319893035238257,3.1879516634747238e-06,0.6795208466171249,25,50,20
12,9083,0.0008261500822451157,0.31964957001571803,3.4329910235650063e-06,0.6795208469110113,25,50,20
12,9084,0.0008232088220083294,0.31964957001571803,3.432976732069474e-06,0.6795237881855397,25,50,20
12,9085,0.0008204402486881836,0.31964957001574557,3.4350493567561883e-06,0.6795265546862076,25,50,20
12,9086,0.0008135189511187307,0.31964957001572836,3.4319932473165825e-06,0.6795334790399038,25,50,20
12,9087,0.0008204230989258067,0.3196426632499934,3.434606457194829e-06,0.6795334790446219,25,50,20
12,9088,0.0008163772148232505,0.3196467128462205,3.430901598949554e-06,0.6795334790373555,25,50,20
12,9089,0.0008133823653075741,0.319646712846238,3.4312079114199224e-06,0.6795364735805411,25,50,20
12,9090,0.0008161512369825559,0.3196467128462107,3.4291579499629125e-06,0.6795337067588548,25,50,20
12,9091,0.0008131700683571215,0.31964671284620183,3.4295093340181537e-06,0.6795366875761052,25,50,20
12,9092,0.0008062841973516331,0.31965360037987706,3.4278466226233984e-06,0.6795366875761469,25,50,20
12,9093,0.0008092424177383971,0.31965360037988577,3.428479151196838e-06,0.6795337287232228,25,50,20
12,9094,0.0005729426307369731,0.31989014236694024,3.186568224439525e-06,0.6795337284340965,25,50,20
12,9095,0.0005690199386098053,0.3198940681107968,3.1835212540187795e-06,0.6795337284293375,25,50,20
12,9096,0.0005689856128801475,0.3198941009405652,3.1850099041938163e-06,0.6795337284366483,25,50,20
12,9097,0.0005691066156564776,0.3198941009406271,3.1890246256333987e-06,0.6795336034190887,25,50,20
12,9098,0.0005700859706790397,0.3198941009406599,3.1923750466926053e-06,0.6795326207136125,25,50,20
12,9099,0.0005701573637576955,0.31989410094066956,3.193082054049654e-06,0.6795325486135171,25,50,20
12,9100,0.0005693679387273953,0.31989410094065357,3.1914703892108273e-06,0.6795333396502286,25,50,20
12,9101,0.00048661050263284,0.3198941009358561,2.9438583868145487e-06,0.6796163447031226,25,50,20
12,9102,0.0004866098580084616,0.3198941013213334,2.9441150262060704e-06,0.6796163447056304,25,50,20
12,9103,0.0004894842200323359,0.3198941013213155,7.397377038360259e-07,0.679615674720947,25,50,20
12,9104,0.0004923576209267848,0.3198941013213063,7.39021975938626e-07,0.6796128020357901,25,50,20
12,9105,0.0004911105891392697,0.3198941013212276,6.835679527102579e-07,0.6796141045216797,25,50,20
12,9106,0.0004940886830406837,0.31989112520762875,6.815949192421713e-07,0.6796141045144107,25,50,20
12,9107,0.0004961037799833539,0.3198911252076304,7.133160946703871e-07,0.6796120576962907,25,50,20
12,9108,0.0004990424652306244,0.31989112520761914,7.130144164205787e-07,0.679609119312733,25,50,20
12,9109,0.00033042818785066353,0.31989112520745616,4.6142053776065e-07,0.6797779851841546,25,50,20
12,9110,0.00033042820216894165,0.3198911252054383,4.6140827633514065e-07,0.679777985184115,25,50,20
12,9111,0.0003304269331800126,0.31989112654210133,4.6134056305405696e-07,0.6797779851841541,25,50,20
12,9112,0.00033871200350398526,0.31989112654214863,4.909929657863539e-07,0.67976967046138,25,50,20
12,9113,0.0005721317809002357,0.3198911265443011,6.42561294307141e-07,0.6795360991135027,25,50,20
12,9114,0.0003389500327186416,0.3198911265442689,5.241400903514669e-07,0.6797693992829204,25,50,20
12,9115,0.00034191105123253436,0.3198911265443833,5.328487599906803e-07,0.6797664295556225,25,50,20
12,9116,0.00035680344486176276,0.31987621574468256,5.512405060134633e-07,0.6797664295699483,25,50,20
12,9117,0.00035680371976564286,0.3198762156327952,5.510797416788863e-07,0.6797664295676956,25,50,20
12,9118,0.0003539299692453026,0.31987621563280444,5.517446244521398e-07,0.679769302653324,25,50,20
12,9119,0.0003510391987838257,0.3198762156328049,5.517629634424015e-07,0.6797721934054463,25,50,20
12,9120,0.0003509517205657859,0.31987629464705825,5.602149400044934e-07,0.6797721934174342,25,50,20
12,9121,0.0003510034191693404,0.3198762429249646,5.602385154439055e-07,0.679772193417349,25,50,20
12,9122,0.00035492739665267994,0.3198762429250099,5.650525131038099e-07,0.6797682646258228,25,50,20
12,9123,0.0004225876261610842,0.31987624292716416,7.530943800973607e-07,0.6797004163522932,25,50,20
12,9124,0.0004226042068952048,0.31987624292716405,7.545786649644829e-07,0.6797003982872744,25,50,20
12,9125,0.00041957512444566557,0.3198762429271371,7.51000492719203e-07,0.6797034309479234,25,50,20
12,9126,0.00041957513573314347,0.31987624292713823,7.515806222934619e-07,0.6797034303565055,25,50,20
12,9127,0.0004108213868720423,0.3198849206251243,8.273573983659888e-07,0.6797034306306046,25,50,20
12,9128,0.0004068977112265054,0.3198849206250794,8.225302643356596e-07,0.6797073591334291,25,50,20
12,9129,0.00040712898266504903,0.3198849206251083,8.249040257955429e-07,0.6797071254882002,25,50,20
12,9130,0.00040912937888185703,0.31988492062508184,8.204974569579394e-07,0.6797051294985788,25,50,20
12,9131,0.000403962423532934,0.3198849206250348,7.913907824776365e-07,0.6797103255606491,25,50,20
12,9132,0.00040389278678696754,0.3198849206249809,7.874355407140651e-07,0.6797103991526907,25,50,20
12,9133,0.0004078159024908149,0.31988099413278337,7.908073171745973e-07,0.6797103991574082,25,50,20
12,9134,0.0004038920291857596,0.31988492095266946,7.878654953330917e-07,0.6797103991526485,25,50,20
12,9135,0.0004037062664082028,0.3198849209505127,7.194801499766736e-07,0.6797106533029278,25,50,20
12,9136,0.0004066336397370899,0.3198849209505044,7.188097262372277e-07,0.6797077266000306,25,50,20
12,9137,0.00040663489416476427,0.3198849209505141,7.188294358486098e-07,0.6797077253258837,25,50,20
12,9138,0.00040363991921732386,0.31988791583962467,7.189150984825773e-07,0.6797077253260579,25,50,20
12,9139,0.00040381752478018984,0.3198879158396439,7.218438973651461e-07,0.6797075447916769,25,50,20
12,9140,0.0004159085964961693,0.31988791584175674,7.879026045381678e-07,0.679695387659141,25,50,20
12,9141,0.0004130528452978493,0.31989078005768967,7.794498595984447e-07,0.6796953876471516,25,50,20
12,9142,0.0003980522232774606,0.3198907800555947,7.142176809500328e-07,0.6797104535034457,25,50,20
12,9143,0.000628536436230982,0.31965982823931155,1.181808669818769e-06,0.6797104535157863,25,50,20
12,9144,0.0006217559954495671,0.31966661117534945,1.1793179629207011e-06,0.6797104535112368,25,50,20
12,9145,0.0006188813197010832,0.31966661117535794,1.1799598457480644e-06,0.679713327545094,25,50,20
12,9146,0.0006196697754984153,0.3196658205993917,1.182075464132885e-06,0.6797133275496445,25,50,20
12,9147,0.0006218088806000779,0.319663683292519,1.1802819111745314e-06,0.6797133275449684,25,50,20
12,9148,0.0006197218931106245,0.3196636832925093,1.2050924634627781e-06,0.6797153897219153,25,50,20
12,9149,0.0006136374514401429,0.3196698604615928,1.112643862947635e-06,0.6797153894431024,25,50,20
12,9150,0.0006176142262816062,0.31966986046161966,1.1155564705706847e-06,0.6797114097556265,25,50,20
12,9151,0.0006177369040853948,0.31966986046161094,1.1164385832274698e-06,0.6797112861957189,25,50,20
12,9152,0.0006178565723853089,0.3196698604616036,1.116880200873256e-06,0.6797111660858087,25,50,20
12,9153,0.0006176789881376678,0.31966986046158463,1.1139642543598897e-06,0.6797113465860218,25,50,20
12,9154,0.0006176801814837335,0.3196698604615834,1.1143777152461794e-06,0.6797113449792161,25,50,20
12,9155,0.0008518327909145863,0.319669860463781,1.302256060896408e-06,0.6794770044892421,25,50,20
12,9156,0.0008548794994154527,0.3196698604638184,1.3045856828637942e-06,0.679473955451082,25,50,20
12,9157,0.000854881646705136,0.3196698604638185,1.304623950853702e-06,0.6794739532655243,25,50,20
12,9158,0.0008577899984322107,0.3196669520512128,1.3046895501069768e-06,0.6794739532608037,25,50,20
12,9159,0.001027193249473232,0.3196669520522688,1.3318349616737042e-06,0.6793045228632951,25,50,20
12,9160,0.00102715650605514,0.3196669520522953,1.3337407434948508e-06,0.6793045577009047,25,50,20
12,9161,0.0010270878576804459,0.3196669520522866,1.3331060178986784e-06,0.6793046269840137,25,50,20
12,9162,0.0010231799514742728,0.31966695205227785,1.3315071679786457e-06,0.6793085364890789,25,50,20
12,9163,0.0007860477943635793,0.3196669520490586,1.115657797884498e-06,0.6795458844987788,25,50,20
12,9164,0.0007951721005295898,0.3196669520501205,1.1593557830250638e-06,0.6795367164935658,25,50,20
12,9165,0.0007951733232011872,0.31966695205008316,1.1570199520599249e-06,0.6795367176067627,25,50,20
12,9166,0.0007859964160428534,0.3196669520489944,1.1128853603337958e-06,0.6795459386496014,25,50,20
12,9167,0.0007889570499595776,0.319666952049012,1.1141596374794586e-06,0.6795429767413899,25,50,20
12,9168,0.0007968058795227383,0.31966695204908246,1.1192310864631628e-06,0.6795351228403073,25,50,20
12,9169,0.0007969454077259562,0.31966681141828535,1.120336148293696e-06,0.6795351228378393,25,50,20
12,9170,0.000854896358457436,0.3196668114183316,1.2204257359119295e-06,0.6794770717974745,25,50,20
12,9171,0.0008548972567524108,0.3196668114183674,1.223028835903204e-06,0.679477068296044,25,50,20
12,9172,0.0008578940427578988,0.31966681141834136,1.2226153740687465e-06,0.6794740719235262,25,50,20
12,9173,0.0009783463140297087,0.31966681142052783,1.5169576670886527e-06,0.6793533253077747,25,50,20
12,9174,0.001159616496649825,0.31966681142413306,1.631797602752673e-06,0.6791719402816138,25,50,20
12,9175,0.0011647208978283166,0.31966159327978544,1.7455164702162391e-06,0.6791719403059154,25,50,20
12,9176,0.0012235004521165174,0.3196027243559212,1.8348787793074564e-06,0.6791719403131822,25,50,20
12,9177,0.0012253889197807574,0.31960272435592035,1.809057130763339e-06,0.6791700776671672,25,50,20
12,9178,0.0012172711265406597,0.3196109562195504,1.6950111250762904e-06,0.6791700776427829,25,50,20
12,9179,0.001094734961938186,0.3196109562173807,1.4023493469886759e-06,0.6792929064713331,25,50,20
12,9180,0.0011016545517641139,0.31961095621742486,1.406013736008119e-06,0.6792859832170738,25,50,20
12,9181,0.0010937163748034628,0.3196109562173815,1.4014245470688977e-06,0.6792939259832669,25,50,20
12,9182,0.0008674102303599211,0.31961095621526286,1.2187187446986884e-06,0.6795204148356313,25,50,20
12,9183,0.0008672865227178122,0.31961108095843144,1.2176809226190272e-06,0.679520414837927,25,50,20
12,9184,0.0011059031108939963,0.3196110809601389,1.798509068462762e-06,0.6792812174198976,25,50,20
12,9185,0.0011059206003403693,0.31961106227321157,1.799706678515576e-06,0.6792812174197678,25,50,20
12,9186,0.001101929082732233,0.31961106227321173,1.7992412372042716e-06,0.6792852094028171,25,50,20
12,9187,0.0013318020419464277,0.31961106227271285,3.4845924296046723e-06,0.6790536510929094,25,50,20
12,9188,0.0013319782868145486,0.3196108863873842,3.4842399888630336e-06,0.6790536510858106,25,50,20
12,9189,0.0013299292244933522,0.31961088638738294,3.4845948896362344e-06,0.6790556997932322,25,50,20
12,9190,0.001329963566221815,0.3196108863873758,3.4856007124757333e-06,0.6790556644456881,25,50,20
12,9191,0.0013269848927992117,0.31961088638734986,3.487798953720571e-06,0.6790586409208952,25,50,20
12,9192,0.0008609039455235325,0.3196108863841884,1.588220667723732e-06,0.6795266214496184,25,50,20
12,9193,0.0008609215367795457,0.3196108863841958,1.5872286864969133e-06,0.6795266048503363,25,50,20
12,9194,0.0006305804483217019,0.31984169179379535,1.1229197574387657e-06,0.6795266048381237,25,50,20
12,9195,0.0006386427760507443,0.3198416917964082,1.1598705363291714e-06,0.6795185055570027,25,50,20
12,9196,0.0006385911195324799,0.31984169179641736,1.1600479399037616e-06,0.6795185570361083,25,50,20
12,9197,0.0006424431700563538,0.3198378374502319,1.162339010695652e-06,0.679518557040699,25,50,20
12,9198,0.0006343312257699032,0.319837837447629,1.1270573727373317e-06,0.6795267042692263,25,50,20
12,9199,0.0006375219760127141,0.3198346458948805,1.1278571930982506e-06,0.6795267042719116,25,50,20
12,9200,0.0006384367869379685,0.3198337280414899,1.1308949767241842e-06,0.6795267042765932,25,50,20
12,9201,0.0006384544132257187,0.3198337280415063,1.1280100454246512e-06,0.6795266895352203,25,50,20
12,9202,0.0006355299881497205,0.3198337280414012,1.1192237082535496e-06,0.6795296227467397,25,50,20
12,9203,0.0003937765181882884,0.31983372803970095,5.374078823393592e-07,0.6797719580342272,25,50,20
12,9204,0.0004017468076406685,0.3198337280397622,5.443184442625225e-07,0.6797639808341516,25,50,20
12,9205,0.00040476021956460504,0.31983372803978033,5.456414750312497e-07,0.6797609660991788,25,50,20
12,9206,0.00040456526043899563,0.3198339235537344,5.45084572008331e-07,0.6797609661012533,25,50,20
12,9207,0.00040463532194575166,0.3198339235537437,5.457649422077606e-07,0.6797608953593672,25,50,20
12,9208,0.00040463441625145194,0.3198339235537093,5.432570113818082e-07,0.679760898773027,25,50,20
12,9209,0.00040463502853243355,0.31983392316208287,5.430386129597833e-07,0.6797608987707706,25,50,20
12,9210,0.0004017776845746869,0.31983392316211007,5.445182309859142e-07,0.6797637546350827,25,50,20
12,9211,0.0004045797205172018,0.3198339231620908,5.431004247305075e-07,0.6797609540169657,25,50,20
12,9212,0.0004075391963641575,0.3198339231621,5.437734362774348e-07,0.6797579938680979,25,50,20
12,9213,0.0004055256057753523,0.3198359330606218,5.474582323858329e-07,0.6797579938753688,25,50,20
12,9214,0.00040753547651583606,0.31983392758295076,5.43069888624613e-07,0.6797579938706432,25,50,20
12,9215,0.0004279126460197692,0.31983392758301793,7.357835186023454e-07,0.6797374239874421,25,50,20
12,9216,0.0004320708954646173,0.3198339275892519,9.078099030216516e-07,0.6797330937053787,25,50,20
12,9217,0.0004311070435783691,0.3198339275892241,9.03779921460918e-07,0.6797340615872745,25,50,20
12,9218,0.0004390922645312313,0.31983392758931334,9.111992651715052e-07,0.6797260689468888,25,50,20
12,9219,0.00043618391771071475,0.31983392758930446,9.105107084808049e-07,0.6797289779822752,25,50,20
12,9220,0.00043310194731884866,0.319833927589287,9.092383363924086e-07,0.6797320612250566,25,50,20
12,9221,0.0003773180393504316,0.31988980104954867,8.19695733612262e-07,0.6797320612153658,25,50,20
12,9222,0.00037726689157878066,0.3198898010495407,8.196475185960762e-07,0.6797321124113604,25,50,20
12,9223,0.00038131496573115276,0.31988980104958603,8.234166118837843e-07,0.6797280605680693,25,50,20
12,9224,0.00038452489673296855,0.31988980104959686,8.402544998711175e-07,0.6797248337991685,25,50,20
12,9225,0.00038168876677349993,0.31988980104959003,8.423539832274959e-07,0.6797276678296515,25,50,20
12,9226,0.00038260116769902713,0.3198898010496164,8.447163035947816e-07,0.6797267530663794,25,50,20
12,9227,0.00038265322354280194,0.31988980104962444,8.44765004031011e-07,0.6797267009618271,25,50,20
12,9228,0.0006161314651108533,0.31965622483202544,9.42740838155032e-07,0.6797267009620233,25,50,20
12,9229,0.0006092808515751392,0.31965622483199124,9.397979522215818e-07,0.6797335545184793,25,50,20
12,9230,0.0006061060458618773,0.31965940232883683,9.371069076208715e-07,0.6797335545183918,25,50,20
12,9231,0.0006060334869848976,0.31965940232882567,9.350044440179607e-07,0.6797336291797439,25,50,20
12,9232,0.0006090663409716804,0.3196563700349506,9.344443726704616e-07,0.6797336291797035,25,50,20
12,9233,0.0006202831832447216,0.3196451468314101,9.407956887369897e-07,0.6797336291896551,25,50,20
12,9234,0.0006242822425470442,0.31964514683145473,9.467729242686118e-07,0.6797296241530728,25,50,20
12,9235,0.000614045341532263,0.31965538857745285,9.419403581712988e-07,0.6797296241406555,25,50,20
12,9236,0.0006179692284459592,0.3196514615111137,9.451126030627186e-07,0.6797296241478361,25,50,20
12,9237,0.0006170048727883071,0.3196514615110704,9.435521661125504e-07,0.6797305900639743,25,50,20
12,9238,0.0006169352790261254,0.31965146151106083,9.428654272458228e-07,0.679730660344485,25,50,20
12,9239,0.0003833504955451494,0.31988514535497836,8.43814839200849e-07,0.6797306603346365,25,50,20
12,9240,0.00039026938167742713,0.3198851453550124,8.464637007814711e-07,0.6797237387996091,25,50,20
12,9241,0.0003698409962054814,0.3198851453549635,6.550929149696962e-07,0.6797443585559156,25,50,20
12,9242,0.0003746799684675802,0.31988514535505325,6.450841339244053e-07,0.6797395295923448,25,50,20
12,9243,0.00037460485873988384,0.3198851453550438,6.421353077319332e-07,0.6797396076509082,25,50,20
12,9244,0.0003749599540373655,0.3198851453551272,6.478860475361821e-07,0.6797392468047876,25,50,20
12,9245,0.00036007099355372675,0.3198851453549857,6.361836080651614e-07,0.6797541474678522,25,50,20
12,9246,0.00036928143288816965,0.31987585377377864,7.171774051207165e-07,0.6797541476159278,25,50,20
12,9247,0.0003753432394092876,0.3198758537737696,7.18048935069111e-07,0.6797480849378857,25,50,20
12,9248,0.0003733288185106728,0.3198778651320552,7.211069084530214e-07,0.6797480849425248,25,50,20
12,9249,0.0003794601675471725,0.31987173222152443,7.22660968928559e-07,0.6797480849499586,25,50,20
12,9250,0.00038349020093056353,0.31987173222154125,7.368489392308572e-07,0.6797440407285883,25,50,20
12,9251,0.00037644624680455846,0.31987173222147935,7.198615821132833e-07,0.6797511016701333,25,50,20
12,9252,0.00037945844554503684,0.3198717322214892,7.205807677056132e-07,0.6797480887521969,25,50,20
12,9253,0.0003724165541832228,0.31987877753951355,7.171589077581325e-07,0.6797480887473938,25,50,20
12,9254,0.0003684033938539752,0.3198787775395058,7.146094665942481e-07,0.6797521044571719,25,50,20
12,9255,0.0003644804029970855,0.3198787775394522,7.122620457120034e-07,0.6797560297955033,25,50,20
12,9256,0.00036742348706626495,0.31987583426278177,7.124475054402509e-07,0.6797560298026448,25,50,20
12,9257,0.00037034932834419695,0.3198758342627634,7.111147028051235e-07,0.6797531052941878,25,50,20
12,9258,0.0003641871689497121,0.3198820777943913,6.298857851721112e-07,0.6797531051508721,25,50,20
12,9259,0.0003611380318005407,0.31988512696028415,6.29857041092208e-07,0.6797531051508722,25,50,20
12,9260,0.0003538628399245404,0.3198851269601658,6.211325401602009e-07,0.6797603890673675,25,50,20
12,9261,0.00034596113977176777,0.31988512696011395,6.149026149250797e-07,0.6797682969974977,25,50,20
12,9262,0.00034301716148008683,0.3198851269601143,6.14927765292653e-07,0.6797712409506387,25,50,20
12,9263,0.00034589399678323034,0.31988512696010524,6.142765547248005e-07,0.6797683647665554,25,50,20
12,9264,0.00034885707652552674,0.31988512696013227,6.162181479749068e-07,0.679765399745193,25,50,20
12,9265,0.00034898112330661237,0.3198851269606683,6.184947302219391e-07,0.6797652734212936,25,50,20
12,9266,0.000348859208792997,0.3198851269601326,6.162310553655366e-07,0.6797653976000178,25,50,20
12,9267,0.00034891122145406253,0.3198851269601413,6.163956700166582e-07,0.679765345422733,25,50,20
12,9268,0.0003488599561144492,0.3198851775658319,6.170528534069573e-07,0.6797653454251987,25,50,20
12,9269,0.0003520332956945066,0.319885177565859,6.185306837680016e-07,0.6797621706077612,25,50,20
12,9270,0.0003591647073456936,0.3198851775659313,6.242857137197164e-07,0.6797550334410077,25,50,20
12,9271,0.00035616989669559683,0.3198881722685873,6.243937058393469e-07,0.6797550334410096,25,50,20
12,9272,0.000349178343478263,0.31989516798509876,6.202425249196183e-07,0.6797550334288962,25,50,20
12,9273,0.0003530197317979868,0.31989132405405973,6.227877912497053e-07,0.6797550334263495,25,50,20
12,9274,0.000350953674555185,0.31989132405410375,6.265416641906036e-07,0.6797570957296754,25,50,20
12,9275,0.00035414421732800155,0.3198880607201994,6.990223381075786e-07,0.6797570960401329,25,50,20
12,9276,0.0003542679910064043,0.31988793748429667,6.984915764663869e-07,0.6797570960331188,25,50,20
12,9277,0.00034736387051025324,0.31988793748427985,6.963014946573754e-07,0.6797640023437136,25,50,20
12,9278,0.00034748596879454705,0.3198879374842713,6.97677040308914e-07,0.6797638788698923,25,50,20
12,9279,0.0003494058004578184,0.3198879374843079,7.010401970827295e-07,0.6797619556750356,25,50,20
12,9280,0.0003494222954309481,0.31988793748428174,7.005757799071275e-07,0.6797619396445058,25,50,20
12,9281,0.000345458384125836,0.31989190505096665,6.969250390178436e-07,0.6797619396398669,25,50,20
12,9282,0.0003453873844571256,0.31989190505096693,6.954160009602682e-07,0.6797620121485736,25,50,20
12,9283,0.0003425117853805774,0.3198919050509763,6.97530350485545e-07,0.6797648856332914,25,50,20
12,9284,0.0003455621765571666,0.31988885460943756,6.975807121209348e-07,0.6797648856332914,25,50,20
12,9285,0.0003424929533477371,0.31989199561750437,6.261013397215008e-07,0.6797648853278065,25,50,20
12,9286,0.0003384444587375578,0.31989199561745063,6.216877508019609e-07,0.6797689382360594,25,50,20
12,9287,0.0003383240592893619,0.3198921163790813,6.213254421727737e-07,0.6797689382361856,25,50,20
12,9288,0.0003411900492917625,0.319892116379053,6.206360940092072e-07,0.6797660729355596,25,50,20
12,9289,0.00033822731858066556,0.3198921163790797,6.221109770341233e-07,0.6797690341913608,25,50,20
12,9290,0.00033810569160330035,0.3198921163790617,6.198442349230551e-07,0.6797691580850984,25,50,20
12,9291,0.00034534814018387437,0.31989211637910925,6.245926621910468e-07,0.6797619108880432,25,50,20
12,9292,0.000353263118529662,0.31988419520766254,6.307737370243233e-07,0.6797619109000692,25,50,20
12,9293,0.00035627471303793345,0.31988419520764366,6.293346438871079e-07,0.6797589007446727,25,50,20
12,9294,0.0003600210183023153,0.3198841952076683,6.320698195540935e-07,0.679755151704208,25,50,20
12,9295,0.00036289662479122665,0.319884195207658,6.313031280570566e-07,0.6797522768644209,25,50,20
12,9296,0.0003608479284347869,0.3198841952076746,6.329430143398367e-07,0.6797543239208745,25,50,20
12,9297,0.00036102444126096244,0.319884195209272,6.363064886003242e-07,0.6797541440429768,25,50,20
12,9298,0.0003501117171203481,0.3198951140404511,6.30209138115248e-07,0.6797541440332889,25,50,20
12,9299,0.0003499207602952764,0.3198951140388545,6.253803397056986e-07,0.679754339820509,25,50,20
12,9300,0.0003529698746510226,0.31989206493464073,6.253703656469311e-07,0.6797543398203411,25,50,20
12,9301,0.0003528299888910766,0.31989206493463995,6.232924894245428e-07,0.6797544817839778,25,50,20
12,9302,0.00034553552935688244,0.31989206493458355,6.183745398032593e-07,0.679761781161518,25,50,20
12,9303,0.00035152768172638083,0.31989206493460104,6.196509444968694e-07,0.6797557877327263,25,50,20
12,9304,0.00035673861108090127,0.3198868471872899,6.264492741100529e-07,0.6797557877523529,25,50,20
12,9305,0.0003547604832129465,0.31988883101348015,6.207605170312621e-07,0.6797557877427881,25,50,20
12,9306,0.0003548945860419091,0.31988883101353577,6.244372306362954e-07,0.6797556499631899,25,50,20
12,9307,0.0003507013338748597,0.31988883101348686,6.190442636484907e-07,0.6797598486083729,25,50,20
12,9308,0.0003608987281392667,0.31988883101346316,6.483137218779745e-07,0.6797496219446739,25,50,20
12,9309,0.0004152151712022945,0.31983429068930136,8.717605531748101e-07,0.6797496223789403,25,50,20
12,9310,0.00040924049251418065,0.31983429068929325,8.711790280786684e-07,0.6797555976391617,25,50,20
12,9311,0.00041100138288609553,0.31983253366341835,8.673293554849104e-07,0.6797555976243372,25,50,20
12,9312,0.00041399786514567904,0.3198295376700472,8.668453585926863e-07,0.6797555976194457,25,50,20
12,9313,0.0004138921204758223,0.31982964353536686,8.667247505229702e-07,0.6797555976194039,25,50,20
12,9314,0.0004138392815615646,0.31982964353538484,8.671886457727161e-07,0.679755649994405,25,50,20
12,9315,0.00041485455077160387,0.3198296435354208,8.7181655897344e-07,0.6797546300972458,25,50,20
12,9316,0.0004118566603097602,0.3198296435353857,8.713300952891701e-07,0.6797576284742068,25,50,20
12,9317,0.00040089061299103585,0.31982964353530546,8.651000144105802e-07,0.6797686007516868,25,50,20
12,9318,0.0004038519351534426,0.3198296435353147,8.65786344420874e-07,0.6797656387431852,25,50,20
12,9319,0.00034261568668981986,0.31989110665729603,6.393519348307152e-07,0.679765638304077,25,50,20
12,9320,0.0003495376973530668,0.31988418126000673,6.427361796594622e-07,0.6797656383064582,25,50,20
12,9321,0.00034950012582004604,0.3198841812599981,6.431215248051464e-07,0.6797656754926547,25,50,20
12,9322,0.00047202386755206623,0.3198841812621927,9.122237755207076e-07,0.6796428826464773,25,50,20
12,9323,0.00047512774056233985,0.3198841812621758,9.125374797291416e-07,0.6796397784597801,25,50,20
12,9324,0.00047519639524531125,0.31988411068153405,9.144631838272288e-07,0.6796397784600349,25,50,20
12,9325,0.00047122085679739015,0.3198880892181815,9.114697450706492e-07,0.6796397784552742,25,50,20
12,9326,0.000470259441546686,0.3198880892181547,9.075187189900771e-07,0.6796407438215781,25,50,20
12,9327,0.00047011736170363914,0.3198880892181719,9.07508207781196e-07,0.6796408859119153,25,50,20
12,9328,0.0004701194830079219,0.3198880870949978,9.075099934801794e-07,0.6796408859119996,25,50,20
12,9329,0.0004631810143210447,0.3198880870949374,9.041779009620516e-07,0.6796478277128394,25,50,20
12,9330,0.000463127440799238,0.31988814075934024,9.040894421915323e-07,0.6796478277104171,25,50,20
12,9331,0.000463076480434327,0.31988814075932165,9.024618415245321e-07,0.6796478802984012,25,50,20
12,9332,0.00046006058361419125,0.31989115529958423,9.038183567579948e-07,0.679647880298443,25,50,20
12,9333,0.0003459675951060323,0.3198911553010904,7.454069830276568e-07,0.6797621316968185,25,50,20
12,9334,0.0003430402493952616,0.31989407529639374,7.527573487395324e-07,0.6797621316968603,25,50,20
12,9335,0.0003460381035422987,0.31989407529640235,7.529173563592706e-07,0.6797591336826972,25,50,20
12,9336,0.0003431107087857748,0.31989407529640224,7.532306317257612e-07,0.6797620607641786,25,50,20
12,9337,0.0004547435838246144,0.31989407529651925,9.401153455855462e-07,0.6796502410043085,25,50,20
12,9338,0.0004539378947902784,0.3198940752964938,9.378145389084366e-07,0.6796510489941752,25,50,20
12,9339,0.00045193722208225327,0.3198940752965202,9.41691106395408e-07,0.6796530457902893,25,50,20
12,9340,0.00045174536082503747,0.31989407529649294,9.401755658096565e-07,0.6796532391671143,25,50,20
12,9341,0.00045370716831695393,0.31989407529657204,9.447734762688273e-07,0.6796512727616331,25,50,20
12,9342,0.0004657312116056788,0.31988201628586377,9.797264331964839e-07,0.6796512727760954,25,50,20
12,9343,0.0004687430307032881,0.31987900387424556,9.803189139787085e-07,0.6796512727761355,25,50,20
12,9344,0.00046879695322459035,0.31987895641409464,9.738517794100273e-07,0.6796512727808995,25,50,20
12,9345,0.0004757700098682349,0.3198789564141386,9.770054016558097e-07,0.6796442965705897,25,50,20
12,9346,0.00036433140706519646,0.3198789564140049,7.914421824727617e-07,0.6797559207367456,25,50,20
12,9347,0.00036436654862360496,0.3198789564140219,7.920973186181847e-07,0.6797558849400339,25,50,20
12,9348,0.0003644206899928397,0.31987895641399616,7.917791439249792e-07,0.6797558311168653,25,50,20
12,9349,0.0003644567768038596,0.31987895641400427,7.913455049639238e-07,0.6797557954636855,25,50,20
12,9350,0.00036452559147963533,0.31987895641401354,7.92001363162198e-07,0.679755725993142,25,50,20
12,9351,0.00035334938820479826,0.31987895641399416,7.59568906607335e-07,0.6797669346288926,25,50,20
12,9352,0.0003602523428462961,0.319872051824707,7.611942852635828e-07,0.6797669346381596,25,50,20
12,9353,0.0005406504805597605,0.3198720518275488,1.1337311847973806e-06,0.6795861639607048,25,50,20
12,9354,0.0005406504590658955,0.3198720522554626,1.1333294844721267e-06,0.6795861639559853,25,50,20
12,9355,0.0005389023929475105,0.31987377162050656,1.1620229202057013e-06,0.6795861639636235,25,50,20
12,9356,0.000538916853284731,0.3198737716205063,1.1635445734118661e-06,0.6795861479816334,25,50,20
12,9357,0.0005359561568671292,0.31987673078693535,1.1650744339301571e-06,0.6795861479817615,25,50,20
12,9358,0.00035242249804371767,0.31987673078410217,7.915804481532057e-07,0.679770055137404,25,50,20
12,9359,0.00035151117244017454,0.31987673078409473,7.890604301376764e-07,0.6797709689830331,25,50,20
12,9360,0.000354403274048767,0.3198738401468889,7.875962802137923e-07,0.6797709689827797,25,50,20
12,9361,0.00035433529917015474,0.3198738401468709,7.858346547137179e-07,0.6797710387193017,25,50,20
12,9362,0.00035732936993603437,0.3198738401468803,7.860277483872483e-07,0.6797680444554328,25,50,20
12,9363,0.00036032484845093497,0.31987384014689796,7.852741621350599e-07,0.6797650497304865,25,50,20
12,9364,0.0003682948394303957,0.31987384014696785,7.912664546192565e-07,0.6797570737471446,25,50,20
12,9365,0.00042708010558297453,0.3198738401470472,9.41196642152719e-07,0.6796981385507253,25,50,20
12,9366,0.00042702606782519365,0.3198738938912282,9.414876243419995e-07,0.67969813855332,25,50,20
12,9367,0.0004161299269566193,0.31987389389116727,9.36131910820847e-07,0.679709040049963,25,50,20
12,9368,0.0004109553319080663,0.3198790322886481,9.7234183576283e-07,0.6797090400376057,25,50,20
12,9369,0.000414668008676806,0.3198790322886906,9.733241455375765e-07,0.6797053263784849,25,50,20
12,9370,0.0004754759995383207,0.3198790322908191,1.1590436883993895e-06,0.6796443326659519,25,50,20
12,9371,0.0004794514290023892,0.31987903229086323,1.162911805374049e-06,0.6796403533683265,25,50,20
12,9372,0.0004825175359471683,0.31987603404625,1.0950494319540377e-06,0.6796403533683685,25,50,20
12,9373,0.0004755970637029032,0.3198829582729672,1.0913021837849302e-06,0.6796403533611436,25,50,20
12,9374,0.0004785244395915899,0.31988295827295843,1.0906558776542772e-06,0.6796374266315702,25,50,20
12,9375,0.0004716218630234589,0.31988295827293295,1.0883508149021036e-06,0.6796443315132266,25,50,20
12,9376,0.00045963337744824555,0.3198949821629938,1.0529608329986787e-06,0.6796443314987226,25,50,20
12,9377,0.0005262435040993337,0.31989498215895784,1.070091822993664e-06,0.6795777042451171,25,50,20
12,9378,0.0005291871252104644,0.3198920385210465,1.070108620408685e-06,0.6795777042451199,25,50,20
12,9379,0.0005271895629624837,0.319894032573628,1.0736112747839828e-06,0.6795777042521322,25,50,20
12,9380,0.00098737368930828,0.31943367561260816,1.2464409352694306e-06,0.6795777042571457,25,50,20
12,9381,0.0009873916306816957,0.3194336756126182,1.2476133549688728e-06,0.6795776851433426,25,50,20
12,9382,0.0009913359800863342,0.3194336756126249,1.2491372904319817e-06,0.6795737392699956,25,50,20
12,9383,0.0009942830360330486,0.31943072826772095,1.249423777873866e-06,0.6795737392724657,25,50,20
12,9384,0.0009972964572858357,0.31943072826773034,1.250096396089904e-06,0.6795707251785852,25,50,20
12,9385,0.0010002396179990092,0.31943072826773017,1.250071362613341e-06,0.679567782042906,25,50,20
12,9386,0.0009982288124981524,0.3194327358440746,1.2532957506128296e-06,0.6795677820476743,25,50,20
12,9387,0.000997199838106739,0.31943273584412873,1.2591874910583601e-06,0.6795688051302714,25,50,20
12,9388,0.0005391346418328602,0.31989097718513204,1.0830573415726502e-06,0.6795688051156914,25,50,20
12,9389,0.0005307566465574018,0.3198909771814417,9.725888235645562e-07,0.6795772935831753,25,50,20
12,9390,0.0005298103913111946,0.3198909771814246,9.688405832704304e-07,0.679578243586679,25,50,20
12,9391,0.0005267964169982594,0.3198909771813978,9.678453196427225e-07,0.6795812585562823,25,50,20
12,9392,0.0005297227426656816,0.31989097718138776,9.67118990928396e-07,0.6795783329569535,25,50,20
12,9393,0.0005297223779310257,0.3198909771813881,9.671726403410528e-07,0.6795783332680384,25,50,20
12,9394,0.000526688927508525,0.31989097718137055,9.674219345868973e-07,0.6795813664691842,25,50,20
12,9395,0.000526688927120802,0.31989097718210824,9.674215845577797e-07,0.6795813664691843,25,50,20
12,9396,0.0005307345092493923,0.3198909771821612,9.717329221967176e-07,0.6795773165756652,25,50,20
12,9397,0.000528772054875093,0.31989097718208254,9.660640655887613e-07,0.6795792846989752,25,50,20
12,9398,0.0005317131479391787,0.31989097718208037,9.659169558214205e-07,0.6795763437530229,25,50,20
12,9399,0.000531644316803378,0.3198909771820634,9.646558223249736e-07,0.6795764138453092,25,50,20
12,9400,0.0005326022799413417,0.319890977182,9.580562063132541e-07,0.6795754624818505,25,50,20
12,9401,0.0007759828984067756,0.31989097718621096,1.263441195603359e-06,0.6793317764741851,25,50,20
12,9402,0.0007799584339566595,0.31989097718624565,1.2664099152466229e-06,0.6793277979698807,25,50,20
12,9403,0.0007731080688946286,0.31989097718624787,1.266160741556346e-06,0.6793346485841143,25,50,20
12,9404,0.0007760344960303797,0.3198909771862388,1.26551649099456e-06,0.6793317228012383,25,50,20
12,9405,0.0007761052029938955,0.3198909771862486,1.2662284431612107e-06,0.6793316513823128,25,50,20
12,9406,0.0007730038479260276,0.3198940784368533,1.2663327346389798e-06,0.6793316513824845,25,50,20
12,9407,0.000769027096170554,0.31989407843681744,1.2632785957210603e-06,0.6793356311884149,25,50,20
12,9408,0.0007690270850760567,0.3198940784368173,1.2632664828787177e-06,0.6793356312116225,25,50,20
12,9409,0.0007682887542661405,0.3198948183876179,1.2616415224323516e-06,0.6793356312165922,25,50,20
12,9410,0.000765291465477863,0.3198978159038204,1.2614140660101484e-06,0.6793356312166344,25,50,20
12,9411,0.0005228398492213411,0.3198978158996446,9.59032716065599e-07,0.6795783852184166,25,50,20
12,9412,0.0005228924024720757,0.31989781589963573,9.58843718854236e-07,0.6795783328541721,25,50,20
12,9413,0.0005249061615110305,0.3198978158996002,9.557841328413657e-07,0.6795763221547547,25,50,20
12,9414,0.000531862111634212,0.3198978158996524,9.590308389486465e-07,0.6795693629578728,25,50,20
12,9415,0.0005347897834168246,0.3198978158996067,9.561552334369032e-07,0.6795664381617413,25,50,20
12,9416,0.0005347735748855365,0.3198978159027014,9.61698711906286e-07,0.6795664488236998,25,50,20
12,9417,0.0005308492935614302,0.31989781590266714,9.582262790511048e-07,0.679570376577491,25,50,20
12,9418,0.0005270866319658571,0.31989781590274047,9.629439547981055e-07,0.6795741345213373,25,50,20
12,9419,0.0005301006120053268,0.3198978159027675,9.639477844271745e-07,0.6795711195374413,25,50,20
12,9420,0.0005300830124443144,0.31989781590282196,9.674445671328197e-07,0.6795711336401652,25,50,20
12,9421,0.0004623540057360854,0.3198978159006588,7.787499957221059e-07,0.6796390513436077,25,50,20
12,9422,0.0004621446168337843,0.31989802741738915,7.766295649600693e-07,0.6796390513362107,25,50,20
12,9423,0.0004651429193429663,0.3198950294613231,7.762831160998371e-07,0.6796390513362164,25,50,20
12,9424,0.0004612912770733555,0.3198950294612707,7.7455745932897e-07,0.6796429047041951,25,50,20
12,9425,0.00045831095546583755,0.31989502945817555,7.690086780495151e-07,0.6796458905776791,25,50,20
12,9426,0.0004614100827646983,0.319891916225264,7.831093989072862e-07,0.6796458905825711,25,50,20
12,9427,0.00046135772065917125,0.3198919673020221,7.843948304287636e-07,0.679645890582487,25,50,20
12,9428,0.00040556806638602236,0.319891967301933,6.342607687642871e-07,0.6797018303709108,25,50,20
12,9429,0.00040244450918618216,0.31989196730183417,6.270316981330064e-07,0.6797049611572803,25,50,20
12,9430,0.0004024433019852974,0.319891967301834,6.270781746014656e-07,0.6797049623180047,25,50,20
12,9431,0.00039946307437736984,0.31989196730185193,6.278223276381833e-07,0.6797079418014417,25,50,20
12,9432,0.00039643050826917395,0.31989196730185276,6.283929782905707e-07,0.6797109737968984,25,50,20
12,9433,0.00039338163044238704,0.31989196730185243,6.283716378889152e-07,0.6797140226960658,25,50,20
12,9434,0.0003903505961864939,0.31989499676781885,6.29939883844503e-07,0.6797140226961091,25,50,20
12,9435,0.00039332835611286123,0.319892020714644,6.282331328262318e-07,0.6797140226961088,25,50,20
12,9436,0.0003933796593422277,0.3198920207146806,6.309235453743755e-07,0.6797139687024303,25,50,20
12,9437,0.0003904016854273999,0.319892020714662,6.295721301242706e-07,0.6797169480277787,25,50,20
12,9438,0.0005129088621451059,0.3198920207168474,9.332346052431829e-07,0.6795941371864005,25,50,20
12,9439,0.0005129303289160783,0.3198920207168568,9.331296387327791e-07,0.6795941158245867,25,50,20
12,9440,0.000439201565923289,0.3198920207146493,7.433138844227092e-07,0.6796680344055416,25,50,20
12,9441,0.00044219720199741843,0.31989202071464035,7.431120239241339e-07,0.6796650389713369,25,50,20
12,9442,0.000439236047480933,0.31989202071463085,7.424071566737965e-07,0.67966800083073,25,50,20
12,9443,0.00043634525983325266,0.3198920207146308,7.424085241782408e-07,0.67967089161701,25,50,20
12,9444,0.000436309542539446,0.31989202071462264,7.427848106589377e-07,0.6796709269580254,25,50,20
12,9445,0.0004333664818192684,0.3198920207146228,7.428179093216998e-07,0.6796738699856468,25,50,20
12,9446,0.0004334878774995013,0.31989202071464046,7.436318021008092e-07,0.6796737477760563,25,50,20
12,9447,0.0004334900289282965,0.3198920185293089,7.436657467010403e-07,0.6796737477760145,25,50,20
12,9448,0.00043247369249924263,0.31989201852938,7.497597751040266e-07,0.679674758018344,25,50,20
12,9449,0.00044355201865407763,0.31989201853046145,7.854326025730926e-07,0.6796636440182805,25,50,20
12,9450,0.0004416252877372482,0.31989201853039057,7.793495917193265e-07,0.6796655768322789,25,50,20
12,9451,0.0004415897102714835,0.31989201853040855,7.801677959533592e-07,0.6796656115915225,25,50,20
12,9452,0.00044153702900632646,0.3198920185304084,7.801769317173869e-07,0.679665664263652,25,50,20
12,9453,0.0004446018885017083,0.31989201853042676,7.810176969143471e-07,0.6796625985633736,25,50,20
12,9454,0.00044456695390012276,0.31989201853038174,7.790990068894537e-07,0.6796626354167103,25,50,20
12,9455,0.000444687280759338,0.31989189714017163,7.80162323056032e-07,0.6796626354167452,25,50,20
12,9456,0.0004417078805092489,0.3198918971401623,7.79121274184853e-07,0.6796656158580535,25,50,20
12,9457,0.00043878032888203857,0.31989482256893054,7.81244086823799e-07,0.6796656158580998,25,50,20
12,9458,0.00044175971477727937,0.3198918445937064,7.798310755863758e-07,0.6796656158604399,25,50,20
12,9459,0.000441812615953474,0.3198917917860509,7.797398950655299e-07,0.6796656158580997,25,50,20
12,9460,0.00044479474298274503,0.3198888101045821,7.792922073028806e-07,0.6796656158602271,25,50,20
12,9461,0.00045260866785259925,0.31988100434024735,7.711292988706132e-07,0.6796656158625994,25,50,20
12,9462,0.00045550066036165014,0.3198779703017747,9.131510324167293e-07,0.6796656158868295,25,50,20
12,9463,0.0004513276876670026,0.3198779703007194,8.812223044413498e-07,0.6796698207893072,25,50,20
12,9464,0.0005190405542555838,0.3198779703028847,1.0703982681435052e-06,0.6796019187445899,25,50,20
12,9465,0.0005219492414041255,0.3198779703029741,1.078800398897257e-06,0.6795990016552212,25,50,20
12,9466,0.0005328281701763742,0.3198779703030177,1.0828704263272682e-06,0.679588118656378,25,50,20
12,9467,0.0005358594702588782,0.319877970303054,1.0845274735717034e-06,0.6795850856992119,25,50,20
12,9468,0.0005396892518311755,0.3198779703030882,1.085715922710368e-06,0.6795812547291559,25,50,20
12,9469,0.0005287777113889106,0.319888887746571,1.0798200182323498e-06,0.6795812547220198,25,50,20
12,9470,0.0005317952464355284,0.3198888877465718,1.0807662782141375e-06,0.6795782362407126,25,50,20
12,9471,0.000534845409923046,0.3198888877466078,1.0823800875239548e-06,0.6795751844633796,25,50,20
12,9472,0.0005387704381005504,0.3198849592049817,1.0858887757074602e-06,0.6795751844681399,25,50,20
12,9473,0.0005389637051751983,0.319884764446211,1.0873826878070402e-06,0.679575184465924,25,50,20
12,9474,0.0005419781188345611,0.3198847644462109,1.086326423946428e-06,0.679572171108529,25,50,20
12,9475,0.0005419756263941911,0.3198847644462104,1.084919345757238e-06,0.6795721750080481,25,50,20
12,9476,0.0009978850731879822,0.3194285787479733,1.3608786141002943e-06,0.6795721753002232,25,50,20
12,9477,0.0009980261211068068,0.31942857874799185,1.3622883482557463e-06,0.6795720328425514,25,50,20
12,9478,0.0009980620002794495,0.3194285787479751,1.3615460869960844e-06,0.6795719977056569,25,50,20
12,9479,0.000998112718091305,0.3194285281977768,1.361380813327414e-06,0.679571997703317,25,50,20
12,9480,0.0009992023571112766,0.31942852819783174,1.3657940716489896e-06,0.6795709036509837,25,50,20
12,9481,0.0009992552452991103,0.31942852819779605,1.364197766727819e-06,0.6795708523591366,25,50,20
12,9482,0.0010061742911055443,0.3194285281978401,1.3687349837442263e-06,0.6795639287760692,25,50,20
12,9483,0.001014090486031288,0.31942060582718496,1.3748987288750484e-06,0.679563928788053,25,50,20
12,9484,0.0010140552438665817,0.31942060582716625,1.373492452143423e-06,0.6795639654365133,25,50,20
12,9485,0.0010061377773877612,0.31942060582708687,1.3672678804379363e-06,0.6795718891276435,25,50,20
12,9486,0.0010032291149437188,0.3194206058269982,1.3588622390493375e-06,0.6795748061958179,25,50,20
12,9487,0.0010021586546212144,0.319421670133587,1.365006366691524e-06,0.6795748062054239,25,50,20
12,9488,0.000998198730427646,0.31942167013355105,1.3611223991337914e-06,0.6795787700136209,25,50,20
12,9489,0.0009952551250265243,0.31942461590809645,1.35895593343451e-06,0.6795787700109424,25,50,20
12,9490,0.0009952538801017324,0.3194242238867776,1.7522221368517418e-06,0.6795787700109825,25,50,20
12,9491,0.000995183812123407,0.31942429498387764,1.7511905498830905e-06,0.6795787700134477,25,50,20
12,9492,0.0009931526881160591,0.31942429498390346,1.7534749899809343e-06,0.6795807988529892,25,50,20
12,9493,0.0008706809282426947,0.3194242949817258,1.4493795044285369e-06,0.6797035747105252,25,50,20
12,9494,0.0008776035869062693,0.31942429498175196,1.452744631771953e-06,0.6796966486867081,25,50,20
12,9495,0.000879512914972835,0.31942429498182284,1.458792070735267e-06,0.679694733311132,25,50,20
12,9496,0.000882506940849586,0.31942169428893374,1.0654591223037945e-06,0.6796947333110928,25,50,20
12,9497,0.000879475287035041,0.3194216942889334,1.0664692341623591e-06,0.6796977639547958,25,50,20
12,9498,0.0008833134120937976,0.3194178544622063,1.0681663075382431e-06,0.6796977639593905,25,50,20
12,9499,0.000880317203853455,0.31942085053073355,1.0683036825309294e-06,0.6796977639617287,25,50,20
12,9500,0.0008801966919394217,0.3194208505307432,1.0693172415888535e-06,0.6796978834600741,25,50,20
12,9501,0.0008770363158940363,0.31942085053074964,1.0709729812380534e-06,0.6797010421803735,25,50,20
12,9502,0.0008740402578812025,0.31942085053073244,1.0707176259771055e-06,0.6797040384937587,25,50,20
12,9503,0.0008739704231484396,0.3194208505307057,1.070277491697431e-06,0.6797041087686526,25,50,20
12,9504,0.0008720455617414933,0.3194227814267746,1.0642500951599266e-06,0.6797041087613871,25,50,20
12,9505,0.0008719389672905587,0.3194227814267834,1.0648463438521467e-06,0.6797042147595804,25,50,20
12,9506,0.0008652291870522113,0.31942278142677677,1.0639330121975376e-06,0.6797109254531573,25,50,20
12,9507,0.0008552446816716383,0.3194327690675322,1.0608046894000099e-06,0.6797109254461052,25,50,20
12,9508,0.0008483245937678844,0.31943276906749696,1.05777147359461e-06,0.6797178485672601,25,50,20
12,9509,0.0009072056188408075,0.3194327690675398,1.1360975639719584e-06,0.6796588892160544,25,50,20
12,9510,0.0009069435752326011,0.3194327690675026,1.133852444341684e-06,0.6796591535048195,25,50,20
12,9511,0.0009099373220842106,0.3194297753453245,1.1338302728960734e-06,0.6796591535023165,25,50,20
12,9512,0.0009099508636733765,0.319429775345332,1.1330741249661842e-06,0.6796591407168681,25,50,20
12,9513,0.00090902226731561,0.31942977534529715,1.1300508211731856e-06,0.6796600723365646,25,50,20
12,9514,0.000915945513600885,0.3194297753453678,1.1356604153098985e-06,0.6796531434806146,25,50,20
12,9515,0.000913019532773532,0.3194326993576546,1.1376192252500436e-06,0.6796531434903451,25,50,20
12,9516,0.0009070427070098761,0.3194326993576291,1.1357675172651482e-06,0.6796591221678423,25,50,20
12,9517,0.0009130867781906475,0.3194326993576471,1.1370674569789583e-06,0.6796530767967037,25,50,20
12,9518,0.0009131385033188526,0.31943269935765595,1.13721174153888e-06,0.6796530249272823,25,50,20
12,9519,0.0009132083779265097,0.31943262879725665,1.1378950703400645e-06,0.6796530249297453,25,50,20
12,9520,0.0008424836468880968,0.3194326287950822,9.480375387904275e-07,0.6797239395204895,25,50,20
12,9521,0.0008454800326278528,0.3194326287951003,9.483625049070537e-07,0.6797209428097654,25,50,20
12,9522,0.0008455330982080799,0.3194326287951262,9.502437946543395e-07,0.6797208878628695,25,50,20
12,9523,0.0008454638059496475,0.31943269893316456,9.494028167005772e-07,0.6797208878580675,25,50,20
12,9524,0.0008453749002745037,0.31943278747908527,9.497720947729948e-07,0.6797208878485439,25,50,20
12,9525,0.0007896505952612999,0.3194327874790624,8.731823853006518e-07,0.6797766887432894,25,50,20
12,9526,0.0007936801146019863,0.31943278747909803,8.762176128167353e-07,0.6797726561886855,25,50,20
12,9527,0.0003375771112748328,0.3198891682442121,5.987457868310573e-07,0.6797726558987243,25,50,20
12,9528,0.0003307257089784137,0.3198960217538598,5.966382244690754e-07,0.6797726558989352,25,50,20
12,9529,0.0003386428567521399,0.3198960217539382,6.027818739140247e-07,0.6797647326074333,25,50,20
12,9530,0.00033860744536797735,0.3198960217539302,6.032085903009501e-07,0.6797647675921092,25,50,20
12,9531,0.0003367540758891332,0.3198960217538797,5.985952828529835e-07,0.6797666255749459,25,50,20
12,9532,0.000333597310993467,0.3198960217538611,5.969382765921255e-07,0.6797697839968664,25,50,20
12,9533,0.0003345422388023094,0.31989507309423637,6.006676297998068e-07,0.6797697839993289,25,50,20
12,9534,0.00032749937214675653,0.31989507309416476,5.954972064042756e-07,0.6797768320364795,25,50,20
12,9535,0.00032949594154196203,0.31989308025277,5.917716255977439e-07,0.6797768320340599,25,50,20
12,9536,0.00032942554130980313,0.3198930802527344,5.891610901676179e-07,0.6797769050448633,25,50,20
12,9537,0.0003323685537056905,0.3198930802527341,5.891332794961169e-07,0.6797739620602785,25,50,20
12,9538,0.0003284587364864556,0.3198930802527171,5.864158703700711e-07,0.6797778745949238,25,50,20
12,9539,0.00032546338648746466,0.31989607575946194,5.862615063221971e-07,0.6797778745925419,25,50,20
12,9540,0.00032845969020230316,0.3198960757594801,5.869689625063199e-07,0.6797748775813532,25,50,20
12,9541,0.0003275141328617396,0.31989607575941853,5.799710793812453e-07,0.6797758301366386,25,50,20
12,9542,0.00032746177711987147,0.3198960757593843,5.796267119271852e-07,0.6797758828367825,25,50,20
12,9543,0.00032742654627079695,0.31989607575940265,5.804685994626775e-07,0.6797759172257254,25,50,20
12,9544,0.00032341463927820313,0.31989607575937634,5.781088615054274e-07,0.6797799314924821,25,50,20
12,9545,0.00039117169648689816,0.31982822515902753,6.712382849848933e-07,0.6797799319061988,25,50,20
12,9546,0.00039716388271318387,0.3198222330472632,6.7116407794492e-07,0.6797799319059438,25,50,20
12,9547,0.00039716446018656267,0.31982223243188573,6.712019814383351e-07,0.6797799319059444,25,50,20
12,9548,0.0003971639911440359,0.3198222343085654,6.697943919062887e-07,0.6797799319058973,25,50,20
12,9549,0.00040014367036732176,0.31982223430857426,6.688930430758094e-07,0.679776953128014,25,50,20
12,9550,0.0004001398109219873,0.31982223430855405,6.674269960577568e-07,0.6797769584535267,25,50,20
12,9551,0.0004001392291219713,0.31982223492754275,6.673898080877703e-07,0.679776958453526,25,50,20
12,9552,0.0003961621707534485,0.3198262148781778,6.644999224818249e-07,0.6797769584511449,25,50,20
12,9553,0.00039921562384242804,0.31982621487817786,6.64224794978716e-07,0.6797739052731835,25,50,20
12,9554,0.00040224730566657,0.3198262148782032,6.647452263679007e-07,0.6797708730709026,25,50,20
12,9555,0.0004022469976603354,0.31982621487820345,6.642430751936558e-07,0.6797708738810597,25,50,20
12,9556,0.0004051906640991397,0.3198232711754789,6.642793587580476e-07,0.6797708738810606,25,50,20
12,9557,0.0004022471217712458,0.3198232711754794,6.642959936826945e-07,0.6797738174067531,25,50,20
12,9558,0.00040216096424043764,0.31982327117545195,6.627579348595518e-07,0.6797739051023706,25,50,20
12,9559,0.00039911230867389723,0.3198232711754161,6.622750954337755e-07,0.6797769542408125,25,50,20
12,9560,0.0004021448609360994,0.319823271175416,6.612453611909859e-07,0.6797739227182846,25,50,20
12,9561,0.0004020954298890588,0.31982327117542486,6.614239863479683e-07,0.6797739719706977,25,50,20
12,9562,0.00040209417151138417,0.3198232723131518,6.615447653475948e-07,0.6797739719705692,25,50,20
12,9563,0.00040209386929459715,0.3198232723131515,6.615202975260316e-07,0.6797739722972542,25,50,20
12,9564,0.000399166839429131,0.31982619862862277,6.622321428799748e-07,0.6797739722998033,25,50,20
12,9565,0.0004021799717826668,0.319826198628632,6.629228100637278e-07,0.6797709584767734,25,50,20
12,9566,0.0004091518692601791,0.31981922355810416,6.660887226264534e-07,0.679770958483911,25,50,20
12,9567,0.00041206022225009605,0.31981922355811276,6.666970275623329e-07,0.6797680495226079,25,50,20
12,9568,0.0004090771241641018,0.31981922355810427,6.67067727017118e-07,0.6797710322500029,25,50,20
12,9569,0.000410101533477239,0.31981922355810527,6.920638250982192e-07,0.6797699828445907,25,50,20
12,9570,0.0004101015763382864,0.3198192235581229,6.933581360392022e-07,0.679769981507401,25,50,20
12,9571,0.0004140811034353535,0.3198192235581495,6.969386961585881e-07,0.6797659983997174,25,50,20
12,9572,0.000414019705934584,0.31981922355814146,6.963888014598997e-07,0.679766060347121,25,50,20
12,9573,0.0004141439674529519,0.31981909834835637,6.973393610003896e-07,0.6797660603448277,25,50,20
12,9574,0.0004142038886314782,0.3198190983483672,6.992747617025875e-07,0.6797659984882375,25,50,20
12,9575,0.00041814816155846937,0.31981508375506035,7.688902702666263e-07,0.679765999193109,25,50,20
12,9576,0.0006514992463686472,0.31981508375513157,8.918206429133079e-07,0.679532525177855,25,50,20
12,9577,0.000650570328760149,0.31981608408231504,8.211160646594433e-07,0.6795325244728582,25,50,20
12,9578,0.0006576441111829675,0.3198160840823855,8.257751627777484e-07,0.6795254460312669,25,50,20
12,9579,0.000654699593511197,0.319816084082385,8.257416544207469e-07,0.6795283905824473,25,50,20
12,9580,0.0006547519637324965,0.3198160840823935,8.25853407563275e-07,0.6795283381004644,25,50,20
12,9581,0.0006556470337487129,0.3198160840823922,8.262160854722732e-07,0.6795274426677714,25,50,20
12,9582,0.0006556315969498192,0.31981608408238293,8.255906329302794e-07,0.6795274587300326,25,50,20
12,9583,0.000658506251940177,0.31981608408237433,8.249435191835836e-07,0.6795245847221649,25,50,20
12,9584,0.0006585059875118275,0.3198160840823742,8.249222559685809e-07,0.6795245850078568,25,50,20
12,9585,0.0006574887130980096,0.319816084082445,8.310043909414633e-07,0.6795255962000649,25,50,20
12,9586,0.0006574887340850365,0.319816084082445,8.310052291734734e-07,0.6795255961782396,25,50,20
12,9587,0.0006564633988543604,0.3198160840824349,8.044971456086625e-07,0.6795266480215638,25,50,20
12,9588,0.0006535877545188691,0.3198160840824443,8.051139938301445e-07,0.6795295230490417,25,50,20
12,9589,0.0004231898786678886,0.31981608408237155,6.809409232397588e-07,0.6797600450980359,25,50,20
12,9590,0.00042317542261016304,0.31981608408238915,6.822230260086305e-07,0.6797600582719735,25,50,20
12,9591,0.0004231192290532839,0.31981608408241513,6.833848452901184e-07,0.6797601133036852,25,50,20
12,9592,0.0004231003979777677,0.3198160840824074,6.848548799881729e-07,0.6797601306647337,25,50,20
12,9593,0.000434065790921283,0.31981608408248674,6.910709166859878e-07,0.6797491590556741,25,50,20
12,9594,0.00044091635280537944,0.3198092310009729,6.935907569922258e-07,0.6797491590554634,25,50,20
12,9595,0.00043790321780740564,0.31980923100096353,6.928976550068749e-07,0.6797521728835727,25,50,20
12,9596,0.00043809586926798816,0.3198090367511304,6.944959035156526e-07,0.6797521728836966,25,50,20
12,9597,0.00043107441319007936,0.31980903675107736,6.900891621025316e-07,0.679759198746569,25,50,20
12,9598,0.0004281938155774364,0.31980903675108574,6.907078216899652e-07,0.6797620787255134,25,50,20
12,9599,0.00043523785953507457,0.31980903675111433,6.940067727441996e-07,0.6797550313825762,25,50,20
12,9600,0.0004362024468158072,0.3198090367511487,6.974676177193307e-07,0.6797540633344161,25,50,20
12,9601,0.0004332065056299515,0.3198090367511486,6.974579131007924e-07,0.6797570592853067,25,50,20
12,9602,0.00043622112973021917,0.3198090367511758,6.994463190242335e-07,0.6797540426727734,25,50,20
12,9603,0.00043024698478413744,0.3198150104973266,6.998474502089433e-07,0.6797540426704373,25,50,20
12,9604,0.00042723264559059324,0.3198150104972998,6.979048349393917e-07,0.6797570589522728,25,50,20
12,9605,0.0004301947737784545,0.3198150104973079,6.965694120175767e-07,0.6797540981594997,25,50,20
12,9606,0.00042627048066465177,0.31981893823338853,6.93131165562267e-07,0.6797540981547796,25,50,20
12,9607,0.0004263041994847699,0.31981893823341534,6.950999022252512e-07,0.679754062467196,25,50,20
12,9608,0.0004234105791263626,0.319818938233397,6.937811786024465e-07,0.6797569574062965,25,50,20
12,9609,0.0004243578843851075,0.31981798784351373,6.968658022950139e-07,0.6797569574062977,25,50,20
12,9610,0.0004205019373220863,0.3198179878434789,6.941736953510086e-07,0.6797608160455026,25,50,20
12,9611,0.0004175759625360076,0.31982091033605387,6.976412364787787e-07,0.6797608160601715,25,50,20
12,9612,0.000414614685975613,0.3198209103360362,6.971033755924716e-07,0.6797637778746105,25,50,20
12,9613,0.00042153423900997673,0.31982091033607124,6.993631787776676e-07,0.6797568560617379,25,50,20
12,9614,0.00041057318964621536,0.3198209103359929,6.932218378140489e-07,0.6797678232525213,25,50,20
12,9615,0.0004105904241017923,0.3198209103360024,6.939197651488984e-07,0.6797678053201288,25,50,20
12,9616,0.00041052053965305227,0.319820910335993,6.932224836476463e-07,0.6797678759018686,25,50,20
12,9617,0.000652659368708023,0.31982091033615206,8.481441522493674e-07,0.679525582150986,25,50,20
12,9618,0.0006525895793488293,0.319820910336143,8.474507610491911e-07,0.6795256526337461,25,50,20
12,9619,0.0006525181618093706,0.3198209805852865,8.486094270201107e-07,0.6795256526434756,25,50,20
12,9620,0.0006524827098720636,0.3198209805852777,8.494763725242556e-07,0.6795256872284763,25,50,20
12,9621,0.0006524833139035538,0.3198209805852785,8.495222070637121e-07,0.6795256865786098,25,50,20
12,9622,0.0006555438136479002,0.3198209805852958,8.502714773857107e-07,0.6795226253295777,25,50,20
12,9623,0.000655403406553341,0.31982112258768364,8.486762679611405e-07,0.6795226253294939,25,50,20
12,9624,0.0006583297337586954,0.31982112258765716,8.492433032452901e-07,0.6795196984352794,25,50,20
12,9625,0.0006523556458177323,0.31982112258764855,8.501810304253657e-07,0.6795256715855017,25,50,20
12,9626,0.0006543713078492188,0.31982112258761364,8.471643140595061e-07,0.6795236589402214,25,50,20
12,9627,0.0006524464408763888,0.31982112258754375,8.411300543136865e-07,0.6795255898415243,25,50,20
12,9628,0.0006594017234619258,0.3198211225875871,8.432531529003343e-07,0.6795186324357968,25,50,20
12,9629,0.0006584904886485581,0.31982203429650585,8.427837255126422e-07,0.6795186324311188,25,50,20
12,9630,0.0006615036390260292,0.31982203429651507,8.434630773803362e-07,0.6795156186013804,25,50,20
12,9631,0.0004162971792378993,0.3198220342963573,6.89678615640374e-07,0.6797609788457878,25,50,20
12,9632,0.0004093792285036976,0.3198289554602721,6.86472533707701e-07,0.6797609788386889,25,50,20
12,9633,0.00041144658680164454,0.3198289554602635,6.838281982414128e-07,0.6797589141247348,25,50,20
12,9634,0.00040851997844630345,0.319828955460281,6.825904514735332e-07,0.6797618419708193,25,50,20
12,9635,0.0004087320852336593,0.3198289554602997,6.839813173035431e-07,0.6797616284731476,25,50,20
12,9636,0.0004084670193891129,0.3198289554602632,6.823041671181861e-07,0.6797618952161787,25,50,20
12,9637,0.00040542280903470317,0.319832001775831,6.802085532823928e-07,0.6797618952065793,25,50,20
12,9638,0.0004113795628818279,0.3198260459402118,6.79290450476582e-07,0.6797618952064538,25,50,20
12,9639,0.0004192971318942257,0.3198181214877197,6.861594811275925e-07,0.6797618952209028,25,50,20
12,9640,0.0004192971318127029,0.3198181214877198,6.861592328647294e-07,0.6797618952212326,25,50,20
12,9641,0.00041530469995879873,0.3198221177891319,6.822994040068679e-07,0.6797618952115033,25,50,20
12,9642,0.0004081541093575373,0.31982211778908565,6.78663962626948e-07,0.6797690494375922,25,50,20
12,9643,0.0004123401924692792,0.3198221177891137,6.831871494310509e-07,0.6797648588312655,25,50,20
12,9644,0.0004123752916675062,0.3198221177891162,6.844084829395566e-07,0.6797648225107313,25,50,20
12,9645,0.00035263918535052683,0.3198820826432047,4.560890578340822e-07,0.6797648220823846,25,50,20
12,9646,0.0003555110983410834,0.31987921409559733,4.5273604637293227e-07,0.6797648220700127,25,50,20
12,9647,0.00034951930437851443,0.31988520574248175,4.5288069983555603e-07,0.6797648220724374,25,50,20
12,9648,0.000349567625030573,0.3198851576097886,4.526929169821413e-07,0.6797648220722614,25,50,20
12,9649,0.0003467823771144217,0.3198772566546616,1.1138886231957788e-05,0.6797648220819893,25,50,20
12,9650,0.0003469755621028494,0.3198772566546899,1.1140961134911522e-05,0.6797646268220698,25,50,20
12,9651,0.00034792352631528235,0.31987725665474037,1.1143081235959423e-05,0.679763676737706,25,50,20
12,9652,0.00035484629846899797,0.3198772566548114,1.1146637947693029e-05,0.6797567504087696,25,50,20
12,9653,0.0003591790082318249,0.31987286967024225,1.1200897628886921e-05,0.6797567504238947,25,50,20
12,9654,0.0003561847214434273,0.31987286967022505,1.1200110841139387e-05,0.6797597454974883,25,50,20
12,9655,0.0003561716256586699,0.3198728696702251,1.1199075054242329e-05,0.6797597596290598,25,50,20
12,9656,0.0003590999172731697,0.3198699431877992,1.1197265947750675e-05,0.6797597596289776,25,50,20
12,9657,0.0003490453873477724,0.3198800035731899,1.1191412986221474e-05,0.679759759626474,25,50,20
12,9658,0.0005856126514200811,0.3196432564293486,1.1371270769166364e-05,0.6797597596484599,25,50,20
12,9659,0.0012689065151194243,0.31964325649150166,1.3936522141732849e-05,0.6790739004712352,25,50,20
12,9660,0.0012686974127485177,0.3196432564914651,1.3933826237209673e-05,0.6790741122695472,25,50,20
12,9661,0.001271848576213462,0.3196432564915013,1.3936491121219925e-05,0.6790709584411618,25,50,20
12,9662,0.0012717799073007352,0.31964325649148345,1.3935703523936679e-05,0.6790710278976898,25,50,20
12,9663,0.0012719549860468063,0.31964307189361696,1.394522255947464e-05,0.6790710278977748,25,50,20
12,9664,0.0015040458242810161,0.31964307189726804,1.415562399471811e-05,0.6788387266544541,25,50,20
12,9665,0.0015120077875365326,0.3196430718988276,1.4185206132373356e-05,0.6788307351075017,25,50,20
12,9666,0.001514968766627583,0.319640107440055,1.4188671357161465e-05,0.6788307351219585,25,50,20
12,9667,0.0015150022096753729,0.3196401074400735,1.4190030542044398e-05,0.6788307003197073,25,50,20
12,9668,0.0015049905072477736,0.31964010743851284,1.4161309468224493e-05,0.6788407407447694,25,50,20
12,9669,0.0014946673334750053,0.3196504840393021,1.4107892769993363e-05,0.6788407407344512,25,50,20
12,9670,0.0015036952568309727,0.31965048404142493,1.417916364999657e-05,0.6788316415380923,25,50,20
12,9671,0.0015027857547301588,0.31965048404142604,1.4177259692448957e-05,0.6788325529441498,25,50,20
12,9672,0.0014998245229068568,0.3196425812111078,2.5041324004685884e-05,0.6788325529419794,25,50,20
12,9673,0.0015028746240151997,0.3196425812111082,2.504134316206733e-05,0.678829502821713,25,50,20
12,9674,0.0015039107278897307,0.3196425812111887,2.507181728489324e-05,0.6788284362436353,25,50,20
12,9675,0.0015046283252711007,0.31965254667834225,1.4388757799200327e-05,0.6788284362385862,25,50,20
12,9676,0.001504645873979807,0.3196633916522566,3.526235134217034e-06,0.6788284362386281,25,50,20
12,9677,0.0017389769632446817,0.31942865836057893,3.928138866184533e-06,0.6788284365373091,25,50,20
12,9678,0.0017380122843581821,0.31942962514515416,3.926040279150699e-06,0.6788284365302073,25,50,20
12,9679,0.001735049161691367,0.31943259156202863,3.922758228439937e-06,0.6788284365180501,25,50,20
12,9680,0.001732965531927341,0.31943259156205456,3.92509164072726e-06,0.6788305178143762,25,50,20
12,9681,0.0017329827644184106,0.3194325740448061,3.925378655956428e-06,0.6788305178121183,25,50,20
12,9682,0.0017359074138508194,0.31943257404477887,3.923389101208824e-06,0.678827595152268,25,50,20
12,9683,0.0017380261485613255,0.31943257404472625,3.9200565557946635e-06,0.6788254797501557,25,50,20
12,9684,0.0017379535873245152,0.3194325740446812,3.918827080830294e-06,0.6788255535409126,25,50,20
12,9685,0.0017348517649235305,0.319432574044681,3.918828192779709e-06,0.6788286553622016,25,50,20
12,9686,0.0017389879864681775,0.3194325740447197,3.922960807447795e-06,0.6788245150080037,25,50,20
12,9687,0.001741984698034887,0.31943257404473785,3.923269540449936e-06,0.6788215179876859,25,50,20
12,9688,0.0017419687072676247,0.31943257404474634,7.086149779579966e-06,0.678818371098206,25,50,20
12,9689,0.00174198345285856,0.3194325740447725,7.087544601218747e-06,0.6788183549577673,25,50,20
12,9690,0.0015066720766668926,0.31966829076009884,6.682508866380008e-06,0.6788183546543674,25,50,20
12,9691,0.0012692278178634466,0.3199059166409432,6.500915614305843e-06,0.6788183546255783,25,50,20
12,9692,0.0012692797830163084,0.3199059166409342,6.500644608527019e-06,0.6788183029314401,25,50,20
12,9693,0.0012733434078419253,0.3199059166409792,6.5044038130184874e-06,0.678814235547365,25,50,20
12,9694,0.00127639175206083,0.31990273320576895,6.6394948048176866e-06,0.6788142355473645,25,50,20
12,9695,0.0012685469347919042,0.3199027332056903,6.634843653850418e-06,0.6788220850158635,25,50,20
12,9696,0.0015016539355458098,0.3199027332088182,6.845474730824403e-06,0.6785887673809045,25,50,20
12,9697,0.0015037387520766663,0.3199027332087928,6.843168045539314e-06,0.6785866848710842,25,50,20
12,9698,0.001505752186031464,0.31990072370496625,6.839247484532879e-06,0.6785866848615172,25,50,20
12,9699,0.001505822394618364,0.3199007237049667,6.8398105568683865e-06,0.6785866140898572,25,50,20
12,9700,0.0015167876193162993,0.3198897516167908,6.8466595873307436e-06,0.6785866141043048,25,50,20
12,9701,0.0015088743814352537,0.31989766829866295,6.8432298727815504e-06,0.6785866140900281,25,50,20
12,9702,0.0015067540086313638,0.31989766829869787,6.963141076578606e-06,0.6785886145515932,25,50,20
12,9703,0.0015096974073998425,0.31989472467735386,6.9633612693097245e-06,0.6785886145539755,25,50,20
12,9704,0.001509629742212996,0.31989492833635524,6.827365156436457e-06,0.6785886145562737,25,50,20
12,9705,0.001509488098247015,0.31989508071940725,6.81662598694741e-06,0.678588614556357,25,50,20
12,9706,0.0015114480947880536,0.3198950807193447,6.78642412125417e-06,0.6785866847617446,25,50,20
12,9707,0.0015114320673578466,0.31989509721737086,6.7859535670856585e-06,0.6785866847617029,25,50,20
12,9708,0.0015114323872575852,0.3198950972173708,6.78647808393461e-06,0.6785866839172863,25,50,20
12,9709,0.001511394192205916,0.31989509721736925,6.785334762788306e-06,0.6785867232556607,25,50,20
12,9710,0.0015223094208165861,0.31988417740904584,6.78990265904755e-06,0.6785867232674773,25,50,20
12,9711,0.001515298966296058,0.31988417740908004,6.791133471036801e-06,0.6785937324911514,25,50,20
12,9712,0.0015073283706764544,0.3198921543298128,6.784820384586527e-06,0.6785937324791246,25,50,20
12,9713,0.0015063116820168876,0.3198931649346683,6.790894456790168e-06,0.6785937324888566,25,50,20
12,9714,0.001507398363269825,0.319893164934696,6.805961183863137e-06,0.6785926307408487,25,50,20
12,9715,0.0015075219033699393,0.3198931649346957,6.806841304332394e-06,0.6785925063206285,25,50,20
12,9716,0.001506486936507126,0.3198931649346766,6.791909494017935e-06,0.6785935562193208,25,50,20
12,9717,0.0015035446567122767,0.31989316493466796,6.791288868908065e-06,0.6785964991197495,25,50,20
12,9718,0.0015157827763313753,0.3198808279588307,6.8891685478707266e-06,0.6785965000962887,25,50,20
12,9719,0.0015156944824418412,0.31988082795881256,6.887433237224322e-06,0.6785965901255069,25,50,20
12,9720,0.0015706890001201512,0.31988082795888534,7.0117623043438225e-06,0.678541471278689,25,50,20
12,9721,0.0015676530393538212,0.31988386678261155,7.008899348278298e-06,0.6785414712786851,25,50,20
12,9722,0.0015676887331510167,0.31988383150602606,7.0084799240096015e-06,0.6785414712808978,25,50,20
12,9723,0.0015705612311395648,0.3198838315060168,7.007795501873231e-06,0.6785385994673406,25,50,20
12,9724,0.0015816172983832224,0.31988383150600735,7.008165376963238e-06,0.6785275430302314,25,50,20
12,9725,0.0015855415756557553,0.3198838315060599,7.0119579676538235e-06,0.6785236149603157,25,50,20
12,9726,0.0015703764093361844,0.3198990945969259,6.915005032237242e-06,0.6785236139887048,25,50,20
12,9727,0.001561332778191252,0.31989909459478566,6.84296411651677e-06,0.6785327296629056,25,50,20
12,9728,0.0015633316073181025,0.3198990945947597,6.7226713036229375e-06,0.6785308511266176,25,50,20
12,9729,0.002243690971016763,0.3192182482305322,7.2093813368142486e-06,0.6785308514171132,25,50,20
12,9730,0.0015683675309462683,0.31921824816846756,4.6514884010066204e-06,0.6792087328121841,25,50,20
12,9731,0.0015105702220934007,0.3192182481684136,4.528554299096002e-06,0.6792666530551925,25,50,20
12,9732,0.0015105702337196317,0.3192182481684136,4.528553215590739e-06,0.6792666530446497,25,50,20
12,9733,0.0015075911668421197,0.3192182481684053,4.528963820952385e-06,0.6792696317009301,25,50,20
12,9734,0.0015086772666300361,0.3192171675000458,4.523539663894908e-06,0.6792696316936587,25,50,20
12,9735,0.0012763750032323657,0.3192171674964015,4.311602888368435e-06,0.6795021458974762,25,50,20
12,9736,0.0012773395517653116,0.3192171674964644,4.31665911912959e-06,0.6795011762926495,25,50,20
12,9737,0.001278250372855534,0.31921716749647233,1.155397764511253e-06,0.6795034267329062,25,50,20
12,9738,0.0012811955821857679,0.3192142222776513,1.155407214218018e-06,0.6795034267329473,25,50,20
12,9739,0.0012843517269256466,0.3192110658455112,1.1556947422107388e-06,0.6795034267328195,25,50,20
12,9740,0.0012880631503351552,0.3192073531820775,1.156930261147126e-06,0.6795034267373247,25,50,20
12,9741,0.001300010260224016,0.31920735318217447,1.1653651555109225e-06,0.6794914711924449,25,50,20
12,9742,0.0012990481312009493,0.31920735318211246,1.1603708874051963e-06,0.6794924383157982,25,50,20
12,9743,0.0013030934202469338,0.3192073531821655,1.1646952376739755e-06,0.679488388702349,25,50,20
12,9744,0.0012951051218591482,0.31920735318209387,1.1585414755182857e-06,0.6794963831545705,25,50,20
12,9745,0.001535277757774912,0.3192073531847519,1.4058452589272523e-06,0.6792559632122132,25,50,20
12,9746,0.0015352787246374962,0.3192073531847612,1.4054890172898125e-06,0.6792559626015832,25,50,20
12,9747,0.001532407923522954,0.31921022209623723,1.4073761400532438e-06,0.6792559626040987,25,50,20
12,9748,0.0015351406818950042,0.3192102220962088,1.4053090910317715e-06,0.679253231912804,25,50,20
12,9749,0.001532143873957667,0.3192102220972883,1.4069150141946834e-06,0.6792562271137388,25,50,20
12,9750,0.0015229446874181593,0.31921022209728644,1.4076475291712042e-06,0.6792654255677649,25,50,20
12,9751,0.00128982050453963,0.3192102220941139,1.1957798735974085e-06,0.6794987616214714,25,50,20
12,9752,0.0012868252651416856,0.31921022209412203,1.1958991968734507e-06,0.6795017567415378,25,50,20
12,9753,0.0012898195815051142,0.31921022209411365,1.1957459026178965e-06,0.6794987625784772,25,50,20
12,9754,0.0012868754011254174,0.31921022209411365,1.19571520840402e-06,0.6795017067895511,25,50,20
12,9755,0.0006065004200685623,0.3198906916718356,1.101413965771958e-06,0.6795017064941282,25,50,20
12,9756,0.0006056283469204525,0.31989069167181106,1.1002722288948362e-06,0.6795025797090378,25,50,20
12,9757,0.0006096029320590388,0.3198867142949901,1.1030614912771257e-06,0.6795025797114578,25,50,20
12,9758,0.0006056434585083193,0.31989067630716383,1.1005275454246233e-06,0.6795025797067809,25,50,20
12,9759,0.0006087130460419851,0.3198906763071745,1.1010331033977873e-06,0.6794995096136784,25,50,20
12,9760,0.0006017231617349376,0.319890676307121,1.0966842397526116e-06,0.6795065038469028,25,50,20
12,9761,0.0005948033778550192,0.31989759905900395,1.0937209952273115e-06,0.6795065038421443,25,50,20
12,9762,0.0005989181424921592,0.31989348051166777,1.097501229910998e-06,0.6795065038446084,25,50,20
12,9763,0.0006010547659765549,0.31989348051162514,1.0949183326362637e-06,0.6795043698040639,25,50,20
12,9764,0.0006009319662241238,0.31989348051163297,1.0944879172616779e-06,0.679504493034224,25,50,20
12,9765,0.0005929456727153341,0.31989348051154465,1.0876045546221097e-06,0.6795124862111842,25,50,20
12,9766,0.0005969927570162736,0.3198894297801307,1.0912468649453851e-06,0.6795124862159864,25,50,20
12,9767,0.0006090165132960247,0.3198773204293219,1.1760028214441324e-06,0.6795124870545589,25,50,20
12,9768,0.0006089603456318586,0.31987732042931105,1.1741557952150002e-06,0.6795125450692601,25,50,20
12,9769,0.0006158260119559815,0.3198704528133497,1.1760983835644704e-06,0.6795125450763085,25,50,20
12,9770,0.0006158259772041854,0.31987045281334986,1.1760886594176564e-06,0.6795125451207845,25,50,20
12,9771,0.0006157751416918391,0.3198705035141335,1.1762233480596246e-06,0.6795125451208246,25,50,20
12,9772,0.0006158446139105097,0.3198705035141337,1.1767431267133765e-06,0.6795124751288267,25,50,20
12,9773,0.0006128120427749985,0.31987050351413404,1.17777611821072e-06,0.6795155066669705,25,50,20
12,9774,0.0006098198179919072,0.31987348783774056,1.1856652136337872e-06,0.6795155066790518,25,50,20
12,9775,0.0003696459556719914,0.3198734878350822,9.383361755383616e-07,0.6797559278730679,25,50,20
12,9776,0.00036572357948368037,0.31987348783502084,9.344271713436369e-07,0.6797598541583215,25,50,20
12,9777,0.0005990849597784314,0.3198734878340668,1.033054058722978e-06,0.6795263941520935,25,50,20
12,9778,0.0005921127447898056,0.3198734878340144,1.0292647455533323e-06,0.6795333701564481,25,50,20
12,9779,0.0005921820041918238,0.31987348783403335,1.0301564911280379e-06,0.6795333000052816,25,50,20
12,9780,0.000358943634202159,0.3198734878339995,9.334972974129953e-07,0.6797666350344989,25,50,20
12,9781,0.0003520244158991023,0.3198734878339651,9.305680056680755e-07,0.6797735571821282,25,50,20
12,9782,0.0003400016415753708,0.31988559620122947,8.458136359626106e-07,0.6797735563435572,25,50,20
12,9783,0.00041091388022253337,0.31988559623585855,1.1554206241228003e-06,0.6797023344632929,25,50,20
12,9784,0.00041079155669156294,0.319885596235867,1.1550459375681707e-06,0.6797024571615019,25,50,20
12,9785,0.00041385657553514124,0.3198825303960805,1.155866669834076e-06,0.6797024571617125,25,50,20
12,9786,0.0004168139681505398,0.3198795795603356,1.1493169913121732e-06,0.6797024571545207,25,50,20
12,9787,0.00041774278082279544,0.31987957956035246,1.1520351337664515e-06,0.6797015256236888,25,50,20
12,9788,0.0004758591767231938,0.3198795795604874,1.2798288886364434e-06,0.6796432814338986,25,50,20
12,9789,0.00046893903934132537,0.31987957956045254,1.2767924641667803e-06,0.6796502046077396,25,50,20
12,9790,0.0004648912845385883,0.3198836309411482,1.2731713323012281e-06,0.6796502046029785,25,50,20
12,9791,0.000464874967180252,0.31988363094114786,1.2721410488579214e-06,0.6796502219506207,25,50,20
12,9792,0.00045781592368575064,0.31989069398416187,1.268146374467765e-06,0.6796502219457758,25,50,20
12,9793,0.00045783295087253965,0.31989069398417114,1.2688118543218715e-06,0.6796502042531002,25,50,20
12,9794,0.00046594992356838893,0.3198906939852343,1.2998840468392718e-06,0.6796420562071487,25,50,20
12,9795,0.00046906643300418044,0.31988757702848625,1.300331315828796e-06,0.679642056207192,25,50,20
12,9796,0.00046094916412242176,0.3198875770274227,1.2692221299490398e-06,0.6796502045863231,25,50,20
12,9797,0.0004640001673630334,0.31988757702744114,1.2695365255982097e-06,0.6796471532686686,25,50,20
12,9798,0.00047090117668175156,0.3198875770274754,1.2719934597946153e-06,0.6796402498023817,25,50,20
12,9799,0.0004778240340448378,0.31988757702750215,1.274935437771464e-06,0.6796333240030138,25,50,20
12,9800,0.0004748635576680489,0.3198875770274856,1.279615391004575e-06,0.6796362797994538,25,50,20
12,9801,0.0004166954445633437,0.31988757702734194,1.1516890352891064e-06,0.6796945758390581,25,50,20
12,9802,0.0004236154481735918,0.3198875770273944,1.1559286372011375e-06,0.679687651595793,25,50,20
12,9803,0.0004256130507507715,0.3198875770273679,1.1525346072286557e-06,0.679685657387272,25,50,20
12,9804,0.00042249407926554593,0.31988757702734977,1.1519830519197257e-06,0.679688776910331,25,50,20
12,9805,0.0004185665423224979,0.3198875770273144,1.1489049650280773e-06,0.6796927075253965,25,50,20
12,9806,0.00041853191591223883,0.31988761383643566,1.146731942907501e-06,0.6796927075157078,25,50,20
12,9807,0.00041853112985136657,0.3198876138364176,1.145422055378381e-06,0.679692709611674,25,50,20
12,9808,0.0004186505720371027,0.31988761383644343,1.146790734894807e-06,0.679692588800783,25,50,20
12,9809,0.00041166380160678734,0.3198946043258816,1.143079158832368e-06,0.6796925887933513,25,50,20
12,9810,0.00041166372582216663,0.31989460432588207,1.1430761539607394e-06,0.6796925888721401,25,50,20
12,9811,0.0005876538999269514,0.3197182702453063,1.486683237300695e-06,0.6796925891715278,25,50,20
12,9812,0.0005886365120001883,0.3197182702453767,1.4917707423771004e-06,0.6796916014718789,25,50,20
12,9813,0.000590648682066782,0.31971827024531474,1.4867926409691896e-06,0.6796895942799758,25,50,20
12,9814,0.0005159020332649376,0.3197182702117047,1.1780500576173074e-06,0.6797646497049711,25,50,20
12,9815,0.0005188438433967548,0.3197182702116141,1.1740191185303366e-06,0.6797617119258688,25,50,20
12,9816,0.00623149301944631,0.3139999270475597,6.866500030564557e-06,0.6797617134329618,25,50,20
12,9817,0.00622853145603866,0.31400288689453554,6.868216377499026e-06,0.6797617134330465,25,50,20
12,9818,0.006231596243250929,0.3140028868945269,6.868611444908186e-06,0.6797586482507754,25,50,20
12,9819,0.006059583313522838,0.31417523750404197,6.531226369573842e-06,0.6797586479560637,25,50,20
12,9820,0.006054517699544883,0.3141752375040767,6.5362636863114584e-06,0.6797637085326902,25,50,20
12,9821,0.006052380340935123,0.3141773724267018,6.5386927397082515e-06,0.6797637085396206,25,50,20
12,9822,0.006055519703926772,0.3141773724266941,6.541696891517e-06,0.6797605661724847,25,50,20
12,9823,0.006052402262157172,0.31418049040472157,6.54116067608924e-06,0.6797605661724423,25,50,20
12,9824,0.006054450993633684,0.31417844330626565,6.539527401849054e-06,0.6797605661726959,25,50,20
12,9825,0.001020375031901687,0.3192179940480132,1.0662328755004141e-06,0.6797605646872066,25,50,20
12,9826,0.0010233354901368313,0.3192179940480297,1.0615481525019463e-06,0.679757608913678,25,50,20
12,9827,0.0010234600515909005,0.31921784435329126,1.0866717683425763e-06,0.6797576089233462,25,50,20
12,9828,0.0012567928569410366,0.3192178443564385,1.2990621809403597e-06,0.6795240637244363,25,50,20
12,9829,0.0012647799596261517,0.31921784435651906,1.305850445853642e-06,0.6795160698334058,25,50,20
12,9830,0.0012617660925407352,0.31921784435652056,1.3069959567846156e-06,0.679519082554979,25,50,20
12,9831,0.0005901121548079305,0.319889713650734,1.0916515580768118e-06,0.6795190825428971,25,50,20
12,9832,0.0005900778586253566,0.3198897495947174,1.0900111959177246e-06,0.6795190825354586,25,50,20
12,9833,0.0005869063338319263,0.31988974959471705,1.0889695128762785e-06,0.6795222551019354,25,50,20
12,9834,0.0005839106117948044,0.31989274521607913,1.089070186092591e-06,0.6795222551019373,25,50,20
12,9835,0.0005808963487986557,0.31989274521505257,1.0872050518473685e-06,0.6795252712310941,25,50,20
12,9836,0.0005819655995517591,0.3198927452149824,1.0806034895412654e-06,0.679524208581974,25,50,20
12,9837,0.0005739797427885216,0.3198927452149025,1.073843753482148e-06,0.6795322011985532,25,50,20
12,9838,0.0005700190250447469,0.3198927452148764,1.0714880484840362e-06,0.679536164272028,25,50,20
12,9839,0.00057308357875754,0.3198896802765069,1.0718726652211344e-06,0.679536164272068,25,50,20
12,9840,0.0005759552145915267,0.31988683129044165,1.0492324380934093e-06,0.6795361642625264,25,50,20
12,9841,0.0005798105171943016,0.31988683129047635,1.0516889558947297e-06,0.6795323065033709,25,50,20
12,9842,0.0005828933344830697,0.3198841401823579,6.599724772528677e-07,0.6795323065106785,25,50,20
12,9843,0.0006339802722128071,0.31983296810425993,7.451099674266457e-07,0.6795323065135567,25,50,20
12,9844,0.0006377655109253961,0.3198329681042938,7.460042121905245e-07,0.6795285203805659,25,50,20
12,9845,0.0006307894907943623,0.3198329681042597,7.420327758996156e-07,0.6795355003721675,25,50,20
12,9846,0.0006306657550339043,0.3198330929750368,7.409049876880637e-07,0.6795355003649389,25,50,20
12,9847,0.0006246751999805511,0.31983309297503704,7.419874959698602e-07,0.6795414898374841,25,50,20
12,9848,0.0006267245246091237,0.3198330929750315,7.399168970512276e-07,0.67953944258346,25,50,20
12,9849,0.0006357716433118391,0.31982396631072896,8.191766808899283e-07,0.6795394428692759,25,50,20
12,9850,0.0006386627884511321,0.3198239663107479,8.186180584629253e-07,0.6795365522827405,25,50,20
12,9851,0.000641821380154382,0.319823966311822,8.779359026633672e-07,0.6795333343721187,25,50,20
12,9852,0.0006418374224537193,0.31981308662070784,1.1741584676410485e-05,0.6795333343721591,25,50,20
12,9853,0.0006388413474031455,0.3198130866206905,1.1741313972765237e-05,0.6795363307179311,25,50,20
12,9854,0.0006358628247992374,0.31981606444195143,1.1742015231080462e-05,0.6795363307180157,25,50,20
12,9855,0.0006358803841126225,0.3198160644419334,1.1742708057453127e-05,0.6795363124658939,25,50,20
12,9856,0.000635880367943258,0.3198269275873364,8.795787828949614e-07,0.6795363124659347,25,50,20
12,9857,0.0006339188773941957,0.3198269275872677,8.71589058906254e-07,0.6795382819462765,25,50,20
12,9858,0.0006339539590617845,0.3198268913360572,8.727584300314027e-07,0.6795382819464483,25,50,20
12,9859,0.0037392088024173877,0.3167174523616441,5.056245921285341e-06,0.6795382825900146,25,50,20
12,9860,0.0037392091486507495,0.31671745236164517,5.056330819809579e-06,0.6795382821588818,25,50,20
12,9861,0.0037391928424261155,0.31671745236164495,5.055765245185357e-06,0.6795382990306816,25,50,20
12,9862,0.0037443528802881465,0.3167122468222806,5.101118755696558e-06,0.6795382991786737,25,50,20
12,9863,0.003976422842377312,0.316479973591455,5.304104450093041e-06,0.6795382994617156,25,50,20
12,9864,0.0039792969298290985,0.3164799735914281,5.302114055790405e-06,0.6795354273646855,25,50,20
12,9865,0.00397940257181771,0.31647997359144503,5.30232327547716e-06,0.6795353215134604,25,50,20
12,9866,0.003924340631835588,0.316535124527752,5.213339391320739e-06,0.6795353215010189,25,50,20
12,9867,0.0036890109386881927,0.31653512452465776,5.0052531181122155e-06,0.6797708592835336,25,50,20
12,9868,0.003688977483865668,0.31653512452465715,5.004407021934568e-06,0.679770893584453,25,50,20
12,9869,0.003689101655516451,0.31653512452464855,5.006319725031734e-06,0.6797707675001077,25,50,20
12,9870,0.0036889378726771382,0.3165351245235829,4.947114418635148e-06,0.679770990489319,25,50,20
12,9871,0.003925259877308911,0.3162986191301272,5.130209272539081e-06,0.6797709907832891,25,50,20
12,9872,0.003922087880303386,0.3162986191301265,5.130182950424957e-06,0.6797741628066173,25,50,20
12,9873,0.003919162887221955,0.31629861913021623,5.136724930556421e-06,0.679777081257629,25,50,20
12,9874,0.003675922191776614,0.3165420443661261,4.9524780068862434e-06,0.6797770809640882,25,50,20
12,9875,0.003675991429726125,0.3165420443661286,4.954729768341181e-06,0.6797770094743748,25,50,20
12,9876,0.003669018398416276,0.3165420443660937,4.951697702193538e-06,0.6797839855377856,25,50,20
12,9877,0.0036669836632344257,0.3165420443661208,4.976931732238594e-06,0.6797859950389102,25,50,20
12,9878,0.003668892669596966,0.3165420443661022,4.949824842521558e-06,0.6797841131394559,25,50,20
12,9879,0.003665984343095197,0.31654204436664424,4.9519541489116585e-06,0.6797870193361093,25,50,20
12,9880,0.003665949452853098,0.31654204436666283,4.952849830378352e-06,0.6797870533306514,25,50,20
12,9881,0.003672910803423763,0.31654204436669725,4.956302102625355e-06,0.6797800885277742,25,50,20
12,9882,0.0036729828305786267,0.31654204436676864,4.960776413729114e-06,0.6797800120262367,25,50,20
12,9883,0.003677012959222799,0.3165420443668214,4.965039406522023e-06,0.679775977634547,25,50,20
12,9884,0.0036768907385632487,0.3165420443662414,4.960756437897976e-06,0.6797761041387551,25,50,20
12,9885,0.0005665318315460246,0.3196566680779659,6.968766451443502e-07,0.6797761032138406,25,50,20
12,9886,0.00056656981355723,0.319656630453645,6.965190358846456e-07,0.6797761032137598,25,50,20
12,9887,0.0005665676245009144,0.31965663264664995,6.965150068593111e-07,0.6797761032138403,25,50,20
12,9888,0.0005605407539817576,0.3196566326466411,6.959244483351681e-07,0.6797821306749268,25,50,20
12,9889,0.0005635551239778591,0.3196536182182104,6.959830931011621e-07,0.6797821306747164,25,50,20
12,9890,0.0005565771660798142,0.3196536182181756,6.914497017652781e-07,0.6797891131660405,25,50,20
12,9891,0.000556612330062145,0.3196535833081573,6.911910601615623e-07,0.6797891131707178,25,50,20
12,9892,0.000556735468813647,0.31965358330819305,6.933054017263982e-07,0.6797889879175891,25,50,20
12,9893,0.0005577020371772001,0.31965358330825444,6.972156562198333e-07,0.6797880174389098,25,50,20
12,9894,0.0005547605640513892,0.31965358330825433,6.972245112868864e-07,0.6797909589031805,25,50,20
12,9895,0.0005479116507016099,0.3196604343747675,6.950711770556335e-07,0.6797909589033515,25,50,20
12,9896,0.0005548295584034014,0.3196604343748025,6.98041231981954e-07,0.6797840380255598,25,50,20
12,9897,0.000553847094483163,0.3196604343747407,6.940682154063237e-07,0.6797850244625585,25,50,20
12,9898,0.0005529050643738376,0.319660434374688,6.904514295710462e-07,0.6797859701095064,25,50,20
12,9899,0.000552922534148345,0.31966043437468894,6.910334210195968e-07,0.6797859520577394,25,50,20
12,9900,0.0005529923259751176,0.31966043437469854,6.917416476663354e-07,0.6797858815576767,25,50,20
12,9901,0.0005559862959326472,0.3196574407286565,6.914225395152319e-07,0.6797858815528695,25,50,20
12,9902,0.0005588961133539055,0.3196574407285578,6.842068220912349e-07,0.6797829789512643,25,50,20
12,9903,0.000569861177775097,0.31965744072863694,7.304221562033446e-07,0.6797719676714297,25,50,20
12,9904,0.0005697922041275815,0.31965744072863467,7.28191267022512e-07,0.6797720388759685,25,50,20
12,9905,0.0005699127164650929,0.3196574407286264,7.285801805075299e-07,0.6797719179747257,25,50,20
12,9906,0.0005660605301873131,0.31965744072858276,6.864416347427656e-07,0.6797758122995929,25,50,20
12,9907,0.0005662000698009921,0.3196574407286005,6.877513093990429e-07,0.6797756714502871,25,50,20
12,9908,0.0005691419044966862,0.3196544991501378,6.874975004970779e-07,0.6797756714478629,25,50,20
12,9909,0.0005751308650280818,0.3196544991501203,6.862126128288071e-07,0.6797696837722367,25,50,20
12,9910,0.0006309637169300794,0.3195985450714739,8.074294542926986e-07,0.6797696837821399,25,50,20
12,9911,0.0006389591453898421,0.3195985450725365,8.416928299702359e-07,0.6797616540892417,25,50,20
12,9912,0.0006390645141434805,0.31959854507256397,8.437207670328708e-07,0.6797615466925242,25,50,20
12,9913,0.0006420942181554569,0.31959854507259133,8.452217934907136e-07,0.6797585154874582,25,50,20
12,9914,0.0006489470097407849,0.31959854507259045,8.476478858019356e-07,0.6797516602697817,25,50,20
12,9915,0.0006599601393189858,0.3195985450726629,8.538265876682228e-07,0.6797406409614293,25,50,20
12,9916,0.0006600301882959511,0.319598545072672,8.544914686290774e-07,0.6797405702475622,25,50,20
12,9917,0.0006599782553924275,0.31959859683378067,8.546609240922397e-07,0.6797405702499014,25,50,20
12,9918,0.0006530418268279714,0.3195985968327373,8.230814403495415e-07,0.679747538258993,25,50,20
12,9919,0.0006560562843856008,0.3195985968327365,8.219981647008362e-07,0.6797445248847118,25,50,20
12,9920,0.0006560352631217573,0.31959859683273617,8.212491327643216e-07,0.6797445466550077,25,50,20
12,9921,0.0006530932239159818,0.3196015386233674,8.214953669604491e-07,0.6797445466573481,25,50,20
12,9922,0.0011131151748959738,0.31960153862555235,1.1031788795753687e-06,0.6792842430206705,25,50,20
12,9923,0.0008728372731321002,0.3198420650961665,8.550411012390869e-07,0.6792842425895982,25,50,20
12,9924,0.0008758351834545641,0.3198390665045033,8.557224431308445e-07,0.6792842425895971,25,50,20
12,9925,0.0008727701163374467,0.3198390665045114,8.553144642549672e-07,0.6792873080646851,25,50,20
12,9926,0.0008757285412530976,0.3198361078518914,8.555444267649091e-07,0.6792873080624269,25,50,20
12,9927,0.0008727166520645402,0.3198391213549527,8.539282569636551e-07,0.679287308064724,25,50,20
12,9928,0.000872686181557245,0.31983912135496034,8.545060096218002e-07,0.6792873379574708,25,50,20
12,9929,0.0008758372778135473,0.3198359730164741,8.517434825620722e-07,0.6792873379622277,25,50,20
12,9930,0.0008757827492002298,0.31983597301642874,8.494035193532556e-07,0.6792873948308495,25,50,20
12,9931,0.0008718588594876914,0.3198359730163851,8.462567720474553e-07,0.6792913218673532,25,50,20
12,9932,0.0008688451568034712,0.31983597301635813,8.467370109599084e-07,0.6792943350898257,25,50,20
12,9933,0.000864864592807736,0.31983597301633215,8.42351087757855e-07,0.679298320039771,25,50,20
12,9934,0.0008649006711434575,0.3198359730163231,8.416700708461915e-07,0.6792982846424614,25,50,20
12,9935,0.000864938413646527,0.3198359730163509,8.441422217998518e-07,0.6792982444277798,25,50,20
12,9936,0.0008689146888487299,0.3193959442852746,0.0004368965957160785,0.6792982444301596,25,50,20
12,9937,0.0008758338546784293,0.3193890220887121,0.0004368996216075865,0.6792982444350009,25,50,20
12,9938,0.0008788995580637619,0.31938902208875786,0.00043690247343023997,0.679295175879747,25,50,20
12,9939,0.0004168446432350471,0.3193890220866083,0.0004366248822468346,0.6797575083879086,25,50,20
12,9940,0.00042372735044686537,0.319389022086616,0.00043662544826759747,0.6797506251146682,25,50,20
12,9941,0.0004267076891820779,0.31938902208662445,0.0004366235274251966,0.6797476466967669,25,50,20
12,9942,0.00043861893862024906,0.31938902208673065,0.0004366326726842803,0.6797357263019631,25,50,20
12,9943,0.0004464662312973224,0.3193811691048441,0.0004366383499515212,0.6797357263139056,25,50,20
12,9944,0.0004465361530838341,0.3193811691048882,0.0004366415749413912,0.6797356531670851,25,50,20
12,9945,0.00038772242709109015,0.3194401034419931,0.0004365209736469429,0.6797356531572666,25,50,20
12,9946,0.00038076751362038267,0.31944010344195006,0.0004365184056323333,0.6797426106387953,25,50,20
12,9947,0.00038088954585565585,0.31944010344194174,0.00043651875400547324,0.6797424882581952,25,50,20
12,9948,0.00038081944848629786,0.31944010344193263,0.00043651806283640204,0.6797425590467427,25,50,20
12,9949,0.00037276436007564355,0.31944010344183477,0.0004365104865195029,0.6797506217115682,25,50,20
12,9950,0.0006070369559767956,0.3192055681659537,0.0004367725908491119,0.6797506222872187,25,50,20
12,9951,0.000595142682767003,0.3192055681658655,0.00043676426528174836,0.6797625248860841,25,50,20
12,9952,0.0005991333513818121,0.3196376241547753,7.176029169885381e-07,0.6797625248909245,25,50,20
12,9953,0.0006649917262781104,0.3196376241569291,9.019485970413022e-07,0.6796964821681946,25,50,20
12,9954,0.0006710448033858203,0.3196376241570113,9.10127270729337e-07,0.6796904209123309,25,50,20
12,9955,0.0006600956848185137,0.31964857873258207,9.046797453844671e-07,0.6796904209028527,25,50,20
12,9956,0.00065597158456123,0.3196485787325539,9.786881531620153e-07,0.6796944709947301,25,50,20
12,9957,0.0006629277462100831,0.3196485787325967,9.812705230334889e-07,0.6796875122506684,25,50,20
12,9958,0.0006628747261611505,0.31964857873256997,9.793041481489792e-07,0.6796875672371189,25,50,20
12,9959,0.0006569883608516611,0.31964857873255376,9.791137218047298e-07,0.6796934537928709,25,50,20
12,9960,0.000654903794510536,0.3196485787325707,9.813092464241442e-07,0.6796955361636706,25,50,20
12,9961,0.0006539399074213333,0.3196485787325616,9.791704481476283e-07,0.6796965021895671,25,50,20
12,9962,0.0006541345949253575,0.31964857873258073,9.032420152771157e-07,0.6796963834304768,25,50,20
12,9963,0.0006521176376096935,0.31964857873260705,9.061113834397403e-07,0.6796983975183977,25,50,20
12,9964,0.0006501054592355856,0.31964857873267766,9.11703693855912e-07,0.6797004041043911,25,50,20
12,9965,0.000650088482903398,0.3196485787326597,9.108826319397258e-07,0.6797004219018032,25,50,20
12,9966,0.0006440325637448987,0.31964857873261393,9.048656773417581e-07,0.6797064838379623,25,50,20
12,9967,0.0006439988598356623,0.3196485787326128,9.047712623224588e-07,0.6797065176362876,25,50,20
12,9968,0.0006449064781016754,0.31964857873257585,9.030414214679968e-07,0.6797056117478997,25,50,20
12,9969,0.0006439951345720417,0.3196485787325588,9.015714485128292e-07,0.6797065245614192,25,50,20
12,9970,0.000644855231420852,0.31964857873259317,9.045376271936242e-07,0.6797056614983573,25,50,20
12,9971,0.0006470703067920626,0.3196485787331291,9.450943114526306e-07,0.6797034058657659,25,50,20
12,9972,0.0006470708572345643,0.3196485760066722,9.472703678336454e-07,0.6797034058657241,25,50,20
12,9973,0.0006499792947701072,0.31964857600676927,9.549791334960525e-07,0.6797004897193258,25,50,20
12,9974,0.0006500317891024795,0.3196485235146788,9.549769318805566e-07,0.6797004897192855,25,50,20
12,9975,0.0006470371109280118,0.31964852351468864,9.552100970552408e-07,0.6797034841642849,25,50,20
12,9976,0.0006441451131783523,0.31964852351467976,9.545616664781543e-07,0.6797063768104741,25,50,20
12,9977,0.0006472800225363802,0.3196485235147073,9.560842636443638e-07,0.6797032403784915,25,50,20
12,9978,0.0006403608511341526,0.31965544572649746,9.530487174359755e-07,0.6797032403736496,25,50,20
12,9979,0.000641333294069348,0.31965544572651605,1.0831344454021536e-06,0.6797021378449679,25,50,20
12,9980,0.0006383213402171554,0.3196584577964013,1.083018539446022e-06,0.679702137844841,25,50,20
12,9981,0.0006413205071394563,0.3196554481876736,1.0934603436641029e-06,0.6797021378448421,25,50,20
12,9982,0.0006412477816119925,0.3196554481876632,1.0926920092867093e-06,0.6797022113387144,25,50,20
12,9983,0.0006432637670416229,0.3196554481876371,1.0898247211049498e-06,0.679700198220599,25,50,20
12,9984,0.0006463822270814415,0.3196554481876116,1.0894768517401176e-06,0.679697080108454,25,50,20
12,9985,0.000896264049241043,0.3196554481876878,1.9765548310601317e-06,0.679446311208239,25,50,20
12,9986,0.0008984035838982587,0.31965544818765357,1.9741127519888225e-06,0.6794441741156951,25,50,20
12,9987,0.0006641816133728624,0.31988993135087707,1.7134836729556501e-06,0.6794441735520755,25,50,20
12,9988,0.0006703848482926013,0.319889931350826,1.7411223851320951e-06,0.6794379426784947,25,50,20
12,9989,0.000419571870379772,0.3198899313506796,8.48478156054624e-07,0.6796896483007829,25,50,20
12,9990,0.00041738268313570496,0.3198899313507674,8.667762285328212e-07,0.6796918191898668,25,50,20
12,9991,0.00042020198984675153,0.3198871138343416,8.649956400651768e-07,0.67969181918017,25,50,20
12,9992,0.000420079203391233,0.31988711383433266,8.643407566548673e-07,0.6796919426215178,25,50,20
12,9993,0.0004162988774133387,0.3198871138342896,8.648283658264355e-07,0.6796957224599293,25,50,20
12,9994,0.00041919179200749834,0.3198871138342985,8.654767339701031e-07,0.6796928288969581,25,50,20
12,9995,0.0004191915079778971,0.31988711383429885,8.654584919661925e-07,0.6796928291992296,25,50,20
12,9996,0.00041622873837051836,0.3198871138342723,9.035145242185994e-07,0.6796957539128313,25,50,20
12,9997,0.0004161023254531182,0.31988711383430696,9.019846240157256e-07,0.6796958818556142,25,50,20
12,9998,0.00035222587453325144,0.3198871138321258,7.136533465633364e-07,0.6797599466399928,25,50,20
12,9999,0.00036713158977088505,0.3198871138322398,7.233371295960942e-07,0.6797450312408584,25,50,20
12,10000,0.00036882504761208233,0.3198871138317022,6.831133894875138e-07,0.6797433780072949,25,50,20
