run,generation,degenerate,holistic,other,compositional,popsize,turnover_rounds,group_rounds
23,0,0.9860029303731893,1.8924609784139772e-06,0.01393184327289863,6.333389293373571e-05,25,30,20
23,1,0.8177360733369009,8.735700360477118e-05,0.18184521021649183,0.00033135944300236096,25,30,20
23,2,0.5310197953160708,0.0002457228520181273,0.46125766900401516,0.007476812827895123,25,30,20
23,3,0.49581043775953515,0.00787082624479588,0.48916925023622676,0.007149485759442606,25,30,20
23,4,0.6172247464069626,0.0069055308065216125,0.3678732899237565,0.007996432862760283,25,30,20
23,5,0.5128511239721764,0.0026943473139181156,0.4516326425074664,0.032821886206440526,25,30,20
23,6,0.549344896983056,0.0006689578572984853,0.4443371099390274,0.0056490352206177265,25,30,20
23,7,0.39397690505045896,2.775077534821654e-05,0.6040564200540739,0.0019389241201180553,25,30,20
23,8,0.4486309972669026,0.00011177925207307362,0.5497873094883715,0.0014699139926532517,25,30,20
23,9,0.35504406483471945,0.00025113481372723503,0.6405200789103587,0.00418472144119705,25,30,20
23,10,0.536315085105915,0.021429583363105954,0.4401028585341343,0.0021524729968451224,25,30,20
23,11,0.42955342567898197,0.021485395446883226,0.43898473065531135,0.10997644821882152,25,30,20
23,12,0.19985024544113286,0.021686454789349326,0.5746903166426339,0.20377298312688485,25,30,20
23,13,0.32040008767813793,0.010645785744260821,0.5366109234035755,0.13234320317402604,25,30,20
23,14,0.2873526005437086,0.010538225916612028,0.6086129509251345,0.09349622261454306,25,30,20
23,15,0.21780525301297335,0.010522548474037885,0.6301538390009943,0.14151835951199285,25,30,20
23,16,0.26117305767017845,0.0003298980296018316,0.6160787840890312,0.12241826021118818,25,30,20
23,17,0.3438806945349022,0.00029383656554340606,0.41676814417738955,0.2390573247221641,25,30,20
23,18,0.38316027483932397,0.027580004085589697,0.4041459042832318,0.18511381679185063,25,30,20
23,19,0.37083811820848966,0.02760086600252433,0.4861095216880837,0.11545149410090215,25,30,20
23,20,0.3861735894539687,0.027641949129386046,0.4980136126407973,0.08817084877584903,25,30,20
23,21,0.4774198545992023,0.003854987037702407,0.4175563513021921,0.10116880706090274,25,30,20
23,22,0.3945929961258337,0.000381813722688907,0.4866495212523044,0.11837566889917296,25,30,20
23,23,0.4727290931092846,0.00047061091522249333,0.40164972413502303,0.12515057184046927,25,30,20
23,24,0.35802610375412697,0.003260067034439632,0.4787323427319066,0.15998148647952898,25,30,20
23,25,0.2798866918892637,0.0003107537670761509,0.5675223128739613,0.15228024146969862,25,30,20
23,26,0.32369469802079387,0.00030417218619768115,0.4897159213185669,0.18628520847444283,25,30,20
23,27,0.3174006902639734,0.005023002330333625,0.45250218875045883,0.22507411865523744,25,30,20
23,28,0.26620488505720724,0.002756067273227583,0.4889250921652127,0.24211395550435494,25,30,20
23,29,0.362411411123771,0.005038424573019641,0.42623886336317307,0.20631130094003602,25,30,20
23,30,0.3446885978910394,0.005017907314962686,0.48706204957739824,0.16323144521660177,25,30,20
23,31,0.36675520920053295,0.005019462038436763,0.5414244609160965,0.08680086784493618,25,30,20
23,32,0.4273971618579227,0.005022250096699087,0.4810780083405929,0.08650257970478956,25,30,20
23,33,0.45068158668276076,0.00503467778217475,0.4772859906441694,0.0669977448908954,25,30,20
23,34,0.3722216614243797,0.0050393227758853895,0.47555377717191005,0.14718523862782532,25,30,20
23,35,0.38900454495934406,0.005037954375428593,0.5159242076425127,0.09003329302271502,25,30,20
23,36,0.3285005999164359,0.005172525102548608,0.5794695086211341,0.0868573663598809,25,30,20
23,37,0.3462577753418739,0.00698122439414314,0.5997081457660767,0.04705285449790683,25,30,20
23,38,0.30538659886035335,0.005153581311031095,0.6421159141447764,0.047343905683840094,25,30,20
23,39,0.3203734847742099,0.005139435787847241,0.6273328892916392,0.04715419014630268,25,30,20
23,40,0.3789023551657767,0.0027276320813932543,0.5700238980410662,0.048346114711758086,25,30,20
23,41,0.35063783181840624,0.0027310278309185853,0.598286462106189,0.048344678244483415,25,30,20
23,42,0.4424370473528613,0.002730534045384162,0.5076767839986488,0.047155634603101876,25,30,20
23,43,0.3468265507004676,0.002731848026577656,0.5624502170697859,0.08799138420316525,25,30,20
23,44,0.35431790965320403,0.002568846207713285,0.6011713016680696,0.041941942471011816,25,30,20
23,45,0.2877970532291896,0.0024725780279853506,0.6678633096815717,0.04186705906125037,25,30,20
23,46,0.33029841575158164,0.002474905431094137,0.6243682631345416,0.04285841568278201,25,30,20
23,47,0.3202603401581656,0.002473157830699682,0.6343724736597768,0.0428940283513575,25,30,20
23,48,0.3279207968743757,0.0025120887246711673,0.6283486950024901,0.0412184193984623,25,30,20
23,49,0.34361608661929144,0.0025111974223403664,0.5919257023854541,0.0619470135729119,25,30,20
23,50,0.36934086677557704,0.0025133120198564864,0.5740564909760323,0.05408933022853255,25,30,20
23,51,0.3988106619199805,0.0025143575428336396,0.5445833108945947,0.05409166964259127,25,30,20
23,52,0.39421280475865184,0.0025136154884998546,0.5491406764900263,0.054132903262820956,25,30,20
23,53,0.4107603390983306,0.0025179097147829143,0.5325224638429016,0.05419928734398471,25,30,20
23,54,0.369901839905682,0.0025180016528670566,0.570895510769195,0.0566846476722561,25,30,20
23,55,0.37295837060535453,0.002513449368197371,0.5678385828235908,0.05668959720285746,25,30,20
23,56,0.37289941543049204,0.002509880789472999,0.581455710796543,0.04313499298349184,25,30,20
23,57,0.3327170037846621,0.002511534872747359,0.6216599617457381,0.04311149959685302,25,30,20
23,58,0.3321301330548947,0.002515944864699698,0.6222272326096776,0.043126689470729215,25,30,20
23,59,0.33188838593992204,0.002514950275863641,0.5463583927485989,0.11923827103561717,25,30,20
23,60,0.3376858395388209,0.0025119098547813795,0.5804719534013713,0.07933029720502772,25,30,20
23,61,0.4056371993668315,0.002496457813564447,0.5120363870256922,0.0798299557939155,25,30,20
23,62,0.39591905301767605,0.002816858260571157,0.5213246233296428,0.0799394653921136,25,30,20
23,63,0.34008241692922986,0.002522330362947525,0.6058686809943279,0.051526571713494604,25,30,20
23,64,0.32906792592662976,0.002518717122059087,0.5770418339579415,0.09137152299336977,25,30,20
23,65,0.2632897334046215,0.002520237003596961,0.6563362579340982,0.07785377165768177,25,30,20
23,66,0.2632209677518597,0.012728949423686697,0.6727375680194172,0.05131251480503574,25,30,20
23,67,0.2851489049493856,0.002550830666161065,0.6702812589118792,0.04201900547257349,25,30,20
23,68,0.3260273863041598,0.0025353872952314214,0.6307828388942799,0.04065438750632853,25,30,20
23,69,0.27503256670870846,0.00253832227509391,0.6819201074893135,0.040509003526884406,25,30,20
23,70,0.29367350151392513,0.00253899731250583,0.6633888097510922,0.04039869142247572,25,30,20
23,71,0.31591264868977353,0.0025362975916530233,0.6411543717141494,0.04039668200442463,25,30,20
23,72,0.2942194390972446,0.002545257344687319,0.6628402970925678,0.040395006465500274,25,30,20
23,73,0.29845856293855355,0.0025362775391401166,0.6332417678559199,0.06576339166638548,25,30,20
23,74,0.3352215818752963,0.0025362105558631707,0.5964766234990035,0.0657655840698352,25,30,20
23,75,0.3382582456263949,0.002538705316018773,0.5934371587621216,0.0657658902954653,25,30,20
23,76,0.30212916824253194,0.002535985824593595,0.5645719902014656,0.13076285573140825,25,30,20
23,77,0.33790204571300003,0.002538800865082733,0.5788915834076185,0.08066757001429911,25,30,20
23,78,0.302103915726313,0.0025385253281723897,0.550008399918969,0.14534915902654766,25,30,20
23,79,0.328361963865403,0.0025400190165691,0.5253310057636549,0.14376701135437456,25,30,20
23,80,0.3259505321655121,0.002540378706973977,0.5660362019224152,0.10547288720509673,25,30,20
23,81,0.33782518366231357,0.0025403718019918493,0.5541615216168261,0.10547292291886752,25,30,20
23,82,0.35839023106513396,0.002536228817398847,0.5335897642389582,0.10548377587850653,25,30,20
23,83,0.3221263391046737,0.0025361732155298623,0.5698538901546314,0.10548359752516256,25,30,20
23,84,0.3221118833226047,0.002536173197049256,0.5698537572886686,0.10549818619167567,25,30,20
23,85,0.32215404771549017,0.005193192770669885,0.5671545717943038,0.1054981877195334,25,30,20
23,86,0.29741173192028386,0.0051922192441547265,0.5911829600618648,0.10621308877369481,25,30,20
23,87,0.29767356861134947,0.005192619447014917,0.5908578715342238,0.10627594040741178,25,30,20
23,88,0.29845951484861066,0.0025356295536369936,0.5927289157701109,0.1062759398276416,25,30,20
23,89,0.2959580132710432,0.0025355179664296717,0.5952357480772773,0.1062707206852505,25,30,20
23,90,0.32493433984611686,0.002536693823100332,0.5662737295070687,0.10625523682371447,25,30,20
23,91,0.3214718494218598,0.002536678583558264,0.5704278169130701,0.10556365508151214,25,30,20
23,92,0.32125313992718857,0.0025346425873553546,0.5706392387675908,0.10557297871786649,25,30,20
23,93,0.2999837692302296,0.0025346908007755,0.5918503817339539,0.10563115823504216,25,30,20
23,94,0.29997451369745876,0.002534690800938655,0.5918503806805347,0.10564041482106855,25,30,20
23,95,0.2953803688154506,0.0025346909545232834,0.5964431002421086,0.10564183998791839,25,30,20
23,96,0.32329077693705843,0.00253467868615033,0.5833330893169983,0.0908414550597935,25,30,20
23,97,0.3224363469613049,0.002534678625060541,0.5832882907032932,0.09174068371034122,25,30,20
23,98,0.31760871548591735,0.002534741586332577,0.5881158568367691,0.09174068609098059,25,30,20
23,99,0.32050550569379055,0.0031601387344473474,0.5845935757803487,0.09174077979141304,25,30,20
23,100,0.3205081017978177,0.003160139228321179,0.5845910198721712,0.09174073910168984,25,30,20
23,101,0.32811946727943914,0.0031605713976355985,0.5770613705151695,0.09165859080775539,25,30,20
23,102,0.3281292253088164,0.003160571402453391,0.5770614949778556,0.09164870831087406,25,30,20
23,103,0.3321050155978883,0.003162116605499062,0.5730822548162187,0.09165061298039294,25,30,20
23,104,0.33023305758784227,0.003162116742366022,0.5749542062739875,0.09165061939580411,25,30,20
23,105,0.32999547627692394,0.027253996470145637,0.5511000271835519,0.09165050006937932,25,30,20
23,106,0.3273321021085087,0.027254059534579437,0.5518498862909836,0.09356395206592916,25,30,20
23,107,0.32738870606063597,0.027254222157543365,0.5517931144917956,0.09356395729002738,25,30,20
23,108,0.3281195324601567,0.027254223428535018,0.5510622383706706,0.09356400574063978,25,30,20
23,109,0.32807946737971866,0.027990994738165277,0.5503652565481728,0.09356428133394523,25,30,20
23,110,0.3281028934487935,0.03315794132434964,0.5451748833026745,0.09356428192418433,25,30,20
23,111,0.329234427610582,0.03484625355938516,0.5423540375829942,0.09356528124703985,25,30,20
23,112,0.32716647441093555,0.034846897167329714,0.544414656965956,0.09357197145577963,25,30,20
23,113,0.31857130220661267,0.03483435051569068,0.5530272020493425,0.09356714522835549,25,30,20
23,114,0.31618217032328344,0.034834568111388305,0.5554165528436052,0.09356670872172482,25,30,20
23,115,0.31537024761659793,0.03483438595524807,0.5562450354999573,0.09355033092819934,25,30,20
23,116,0.3105294156154019,0.034894293668016337,0.5610279031369355,0.0935483875796481,25,30,20
23,117,0.3105114251063086,0.043124426945399884,0.5528157603879437,0.09354838756034912,25,30,20
23,118,0.3225017786742289,0.04470311437507297,0.5392459133784918,0.09354919357220712,25,30,20
23,119,0.3226095494706505,0.04396618689187723,0.5398753493795355,0.09354891425793692,25,30,20
23,120,0.32260866211411804,0.04396053651198641,0.5398818874819478,0.09354891389194815,25,30,20
23,121,0.30929890104136215,0.04894469685443616,0.5482100848282241,0.09354631727597812,25,30,20
23,122,0.30930980064238506,0.04888410844197405,0.5482597378885881,0.0935463530270536,25,30,20
23,123,0.3381971079278032,0.04926769231883937,0.5190432036289581,0.09349199612440057,25,30,20
23,124,0.3382160332592266,0.049266825389683994,0.516044195020758,0.0964729463303326,25,30,20
23,125,0.3456674544491445,0.0492668291532571,0.508592771822808,0.09647294457479198,25,30,20
23,126,0.3456624855678905,0.0492838182671469,0.5085807521902675,0.09647294397469657,25,30,20
23,127,0.3168092255096571,0.04887602782274815,0.5378423149566494,0.0964724317109432,25,30,20
23,128,0.3026996043609017,0.048871987561222845,0.5519618046374428,0.09646660344043081,25,30,20
23,129,0.30272350424232436,0.0488478803121871,0.5519620113897821,0.0964666040557044,25,30,20
23,130,0.3021072252120602,0.04884818176610956,0.552635599893873,0.09640899312795626,25,30,20
23,131,0.30867684890600006,0.04884818602357791,0.5475480678914009,0.09492689717901998,25,30,20
23,132,0.3109541039807125,0.04884825509712718,0.5452433580873209,0.0949542828348375,25,30,20
23,133,0.31379642091752386,0.04884787016186907,0.5388617064414246,0.09849400247918096,25,30,20
23,134,0.3118378407034104,0.047159544051402616,0.5425096132485018,0.09849300199668418,25,30,20
23,135,0.3075957362857622,0.047121771729928846,0.5467904418987074,0.0984920500855989,25,30,20
23,136,0.34006827227453956,0.04712178757448198,0.5143178767321601,0.0984920634188161,25,30,20
23,137,0.31765359625793244,0.04712351315748599,0.5278489526066242,0.10737393797795532,25,30,20
23,138,0.31091711562646596,0.0471235169539228,0.5345853730921665,0.10737399432744325,25,30,20
23,139,0.31692503553676354,0.042139458263757465,0.5335549409927175,0.10738056520675986,25,30,20
23,140,0.28528035931206935,0.04214334169773845,0.5651937347680724,0.1073825642221169,25,30,20
23,141,0.26819492236936293,0.042142988335549504,0.5822863996969266,0.10737568959815716,25,30,20
23,142,0.23381674060770855,0.04152310106574306,0.6172715006489126,0.10738865767763235,25,30,20
23,143,0.26536364834377774,0.04151926764953545,0.585730085618488,0.10738699838819522,25,30,20
23,144,0.25624545818253536,0.041518290135442025,0.6037311450583451,0.09850510662367411,25,30,20
23,145,0.25627912475331116,0.04156650133593706,0.6036492300102597,0.09850514390048684,25,30,20
23,146,0.25529974313220927,0.041566509919892615,0.6046286012938994,0.09850514565399403,25,30,20
23,147,0.2556010387546621,0.04156650941658022,0.6043266460868413,0.09850580574191266,25,30,20
23,148,0.2555671905731772,0.041518282205646184,0.604408757577906,0.09850576964326624,25,30,20
23,149,0.22062995188406798,0.04151837518088168,0.6393459375095315,0.09850573542551569,25,30,20
23,150,0.22498521758523385,0.041518361852902794,0.6349907327504635,0.09850568781139765,25,30,20
23,151,0.22230340302308288,0.04151840636943705,0.6376706677469571,0.09850752286052074,25,30,20
23,152,0.22071529662179898,0.041518397922582204,0.6392832893295245,0.09848301612609196,25,30,20
23,153,0.22074816550203824,0.041518475603934506,0.6392502981325746,0.09848306076145105,25,30,20
23,154,0.24293555255620267,0.041520076794798515,0.6170603174910078,0.0984840531579894,25,30,20
23,155,0.2429354661052496,0.041520076785579826,0.6170602161850491,0.09848424092412067,25,30,20
23,156,0.23981371183244687,0.04152000626750819,0.6202094833312279,0.09845679856881558,25,30,20
23,157,0.24105716383413456,0.0415200073679274,0.6189659863629084,0.09845684243502772,25,30,20
23,158,0.26275643781308455,0.04151965924397893,0.5972676634866643,0.09845623945627019,25,30,20
23,159,0.26277099298748113,0.04151965927673981,0.5972678358395368,0.09844151189624054,25,30,20
23,160,0.26935772370759786,0.0415235245481187,0.5906790829037942,0.09843966884048777,25,30,20
23,161,0.26932597771109007,0.04152352459078349,0.5907107354991217,0.09843976219900359,25,30,20
23,162,0.269315870903375,0.04152356780255287,0.5907208003544661,0.09843976093960367,25,30,20
23,163,0.26931081253118366,0.041523567820675844,0.5907210699678009,0.09844454968033699,25,30,20
23,164,0.2692958307643204,0.04152356779214405,0.5907209451394676,0.09845965630406582,25,30,20
23,165,0.2696615834730229,0.041523560336391194,0.5903552019668177,0.09845965422376586,25,30,20
23,166,0.26787784740701,0.04204245049228869,0.5916200893408075,0.09845961275989198,25,30,20
23,167,0.2676045115997102,0.04206315562140881,0.5913938350218357,0.09893849775704315,25,30,20
23,168,0.26877533219304867,0.0420424517501851,0.5907232630714725,0.09845895298529175,25,30,20
23,169,0.2674681221621883,0.042042708040476134,0.5920067111811794,0.09848245861615387,25,30,20
23,170,0.2919473878653338,0.04204200550518977,0.5675268557365128,0.09848375089296157,25,30,20
23,171,0.2867211680748824,0.04204258840328541,0.5746667478806698,0.09656949564116114,25,30,20
23,172,0.2775883353151323,0.042038678182960386,0.5838034542872529,0.09656953221465439,25,30,20
23,173,0.277569409885706,0.042057498895288266,0.5838035590193826,0.09656953219962418,25,30,20
23,174,0.2652552174264088,0.04205751202351223,0.596116634934036,0.09657063561604402,25,30,20
23,175,0.2586712653703042,0.04205750776967016,0.6041994814910828,0.09507174536894347,25,30,20
23,176,0.23430242853160216,0.04212743190636206,0.6300634767601094,0.09350666280192821,25,30,20
23,177,0.23431134843930196,0.04213451380781191,0.5973623733048261,0.126191764448062,25,30,20
23,178,0.24313476160261296,0.042403449084381525,0.5882700013241751,0.12619178798883243,25,30,20
23,179,0.24313488810582545,0.04239488877329474,0.5810195992206804,0.13345062390020132,25,30,20
23,180,0.24119154318289038,0.042432076872404204,0.5829495292589176,0.13342685068579005,25,30,20
23,181,0.24182515545924443,0.04243204945355772,0.5823159063157769,0.13342688877142467,25,30,20
23,182,0.24184072471856144,0.04243204947382312,0.5823166672636421,0.1334105585439766,25,30,20
23,183,0.25248267176788886,0.04088827258457016,0.5731998977587499,0.13342915788879334,25,30,20
23,184,0.2536990006607067,0.040982911292656944,0.5718403878188875,0.13347770022775168,25,30,20
23,185,0.25401819684855714,0.04098400732565402,0.571463391945064,0.13353440388072876,25,30,20
23,186,0.25338747167798137,0.04231375239694639,0.5707644094892822,0.13353436643579375,25,30,20
23,187,0.23214491687462066,0.042359259986906664,0.5919135478362514,0.13358227530222366,25,30,20
23,188,0.23264665706234777,0.04235926107791776,0.591411749561905,0.13358233229783328,25,30,20
23,189,0.23266547471532317,0.04234065479809557,0.5914115381840092,0.13358233230257544,25,30,20
23,190,0.22912108955157848,0.042272761697805486,0.5690059824822691,0.15960016626834922,25,30,20
23,191,0.20033310322631503,0.04277716119764507,0.5972915928993582,0.15959814267668412,25,30,20
23,192,0.2006586206830024,0.042777162360182794,0.5973001106376395,0.1592641063191774,25,30,20
23,193,0.20034714293719363,0.042777161225427573,0.5972918037243578,0.15958389211302315,25,30,20
23,194,0.2003234410985156,0.0427890253483792,0.5973036420284517,0.15958389152465563,25,30,20
23,195,0.19995705280513568,0.042786993692497825,0.5937562865234977,0.16349966697887094,25,30,20
23,196,0.1999614113928646,0.04278699367855978,0.5937559788506402,0.1634956160779365,25,30,20
23,197,0.1635596359589524,0.04278845407059381,0.63015465826272,0.16349725170773585,25,30,20
23,198,0.1799095327065876,0.04278855395444296,0.6138011679546984,0.1635007453842738,25,30,20
23,199,0.17989515643553344,0.042788553940857815,0.6138009430798332,0.16351534654377825,25,30,20
23,200,0.17631659267054428,0.04329258961189964,0.6168811931285684,0.16350962458899,25,30,20
23,201,0.18618583242152884,0.04325791351784192,0.607051742043442,0.16350451201718944,25,30,20
23,202,0.18390532505814158,0.04325798298793944,0.6093350733967241,0.1635016185571975,25,30,20
23,203,0.18397090568524946,0.07370486043400354,0.5788226045446546,0.16350162933609458,25,30,20
23,204,0.1830771906825386,0.0736577047125135,0.5772988921706029,0.16596621243434645,25,30,20
23,205,0.18467980261269965,0.07365761912578578,0.575696414686514,0.16596616357500207,25,30,20
23,206,0.20902054543747256,0.07365931701902116,0.5513418911352711,0.16597824640823608,25,30,20
23,207,0.2086855056070418,0.0737072503495086,0.551685701398487,0.16592154264496212,25,30,20
23,208,0.20895620976198806,0.07318838473235532,0.5519338185086852,0.1659215869969724,25,30,20
23,209,0.20811962799478032,0.10189683287112024,0.5240623190332622,0.16592122010083837,25,30,20
23,210,0.2043136504476741,0.1018978786787944,0.5278701963814902,0.16591827449204222,25,30,20
23,211,0.20431583074535045,0.10172669514765678,0.5280391994505136,0.1659182746564814,25,30,20
23,212,0.20430051540597602,0.1017266951369291,0.5280384239834482,0.1659343654736487,25,30,20
23,213,0.20107854728697752,0.10173776145700897,0.5312624132489004,0.16592127800711443,25,30,20
23,214,0.20107870777418824,0.10173776145683493,0.5312624146330226,0.16592111613595595,25,30,20
23,215,0.170157429778397,0.10210423150480384,0.5602316242677375,0.16750671444906412,25,30,20
23,216,0.1701350556872433,0.10206665624664885,0.5602915954281137,0.16750669263799747,25,30,20
23,217,0.1968412492930215,0.10206715826753841,0.5371170061934282,0.16397458624601394,25,30,20
23,218,0.19677764638777348,0.07228460345763484,0.5669631747231374,0.16397457543145424,25,30,20
23,219,0.19677306323510357,0.07029051988998494,0.5689618400614019,0.1639745768135095,25,30,20
23,220,0.19632965828427495,0.07029053079449785,0.5694045517855382,0.16397525913568756,25,30,20
23,221,0.18287848692015868,0.0702893852960401,0.5828574576165901,0.16397467016720924,25,30,20
23,222,0.19394961272516525,0.07094762758977345,0.571128134151945,0.16397462553311495,25,30,20
23,223,0.19387753737595015,0.08117375390258735,0.5609740871493267,0.16397462157213497,25,30,20
23,224,0.16921709103708796,0.08117370821360417,0.5856355257959571,0.1639736749533497,25,30,20
23,225,0.1703231539739677,0.08117370826563156,0.5845295295738353,0.16397360818656498,25,30,20
23,226,0.17032286102555877,0.08117371958960173,0.584529051064468,0.16397436832037002,25,30,20
23,227,0.16912406174368003,0.08117371828385025,0.5857278119209708,0.16397440805149655,25,30,20
23,228,0.18274836485367016,0.08116017110726767,0.5563331778804967,0.17975828615856454,25,30,20
23,229,0.18356319581960556,0.08116017210071724,0.5555183624541215,0.17975826962555483,25,30,20
23,230,0.1838519398613488,0.08116045264525534,0.555228448437312,0.17975915905608328,25,30,20
23,231,0.18385219495322283,0.08116045265031371,0.5552284746560171,0.17975887774044697,25,30,20
23,232,0.17014156185336402,0.08115734813167369,0.5846815713035589,0.1640195187114041,25,30,20
23,233,0.17023564985738665,0.08115733821690689,0.5845882386797348,0.16401877324597247,25,30,20
23,234,0.2017213034910275,0.08106275507806622,0.5529803906867167,0.16423555074418977,25,30,20
23,235,0.21537086862491456,0.08105824514195717,0.5393492079677049,0.16422167826542391,25,30,20
23,236,0.18757760357811076,0.08179174153646308,0.5662755687896496,0.16435508609577681,25,30,20
23,237,0.1902852713518894,0.10438684857065825,0.5409688181811806,0.1643590618962721,25,30,20
23,238,0.1903204617886733,0.10438684879524616,0.5409336081832863,0.16435908123279638,25,30,20
23,239,0.22440631631303176,0.10438684599736503,0.5068485703172485,0.1643582673723569,25,30,20
23,240,0.22439673581527836,0.10438684598326038,0.5068485400293704,0.16436787817209264,25,30,20
23,241,0.22391851384584746,0.10438684884903435,0.5073037453525511,0.16439089195256948,25,30,20
23,242,0.2236013789192954,0.10438683573045654,0.5076216320935875,0.1643901532566629,25,30,20
23,243,0.2235805232083669,0.10438783605222028,0.5076805237485734,0.16435111699084134,25,30,20
23,244,0.2235880096182398,0.1045610849804071,0.50749978858532,0.1643511168160354,25,30,20
23,245,0.22347923787978266,0.10456102122335052,0.5101213697657718,0.16183837113109817,25,30,20
23,246,0.22034970705013016,0.10382774550884873,0.5141252577727876,0.16169728966823682,25,30,20
23,247,0.24136102023973138,0.10382810581174924,0.4931122074986651,0.1616986664498575,25,30,20
23,248,0.24138620779356934,0.1038289544994427,0.4930859618210055,0.16169887588598583,25,30,20
23,249,0.23355460277084986,0.10356002107178947,0.5011138874383484,0.16177148871901553,25,30,20
23,250,0.23346539246128364,0.1035600196723972,0.50120305964816,0.16177152821816151,25,30,20
23,251,0.24284456821100875,0.10319369762937315,0.49379009367694204,0.16017164048267818,25,30,20
23,252,0.2427985576486319,0.1031937357351007,0.4938332588478893,0.16017444776838058,25,30,20
23,253,0.24361006442954078,0.10319288638950702,0.4930235759013145,0.16017347327964007,25,30,20
23,254,0.24360588718415563,0.10560654625943541,0.4906140199371896,0.1601735466192221,25,30,20
23,255,0.2425943285033325,0.1056439297693628,0.49166086948125015,0.16010087224605762,25,30,20
23,256,0.24474345478203705,0.10565630109498325,0.48950326141617945,0.16009698270680361,25,30,20
23,257,0.23584143289570092,0.1056563016887927,0.4984052378308356,0.16009702758467323,25,30,20
23,258,0.23583682002113485,0.10565630168543912,0.4984091218416816,0.16009775645174687,25,30,20
23,259,0.2306583237347017,0.10565593009479703,0.5035839337396831,0.1601018124308208,25,30,20
23,260,0.23069668016179315,0.10565593013220058,0.5035841908811628,0.16006319882484557,25,30,20
23,261,0.2318069948771493,0.10565593283877128,0.5024737515451904,0.1600633207388904,25,30,20
23,262,0.24868061812590525,0.10599580600000373,0.4852596532036986,0.16006392267039332,25,30,20
23,263,0.24518202077839285,0.12331471528943062,0.47144334463591436,0.16005991929626326,25,30,20
23,264,0.2451723357503823,0.12332476262330826,0.4714429820299174,0.1600599195963922,25,30,20
23,265,0.24395276793271162,0.12332484720697615,0.47265673042229905,0.1600656544380138,25,30,20
23,266,0.24392284569552802,0.12336434269945067,0.4726471572116379,0.16006565439338405,25,30,20
23,267,0.24426214319737724,0.12090166938307549,0.47477056772475507,0.16006561969479322,25,30,20
23,268,0.20672375441409924,0.12090262147352498,0.5122715598963375,0.1601020642160394,25,30,20
23,269,0.2067140768243168,0.12090062786971777,0.5122832311125194,0.16010206419344672,25,30,20
23,270,0.2149401627948904,0.12090221059663715,0.5040533491559525,0.16010427745252162,25,30,20
23,271,0.21401470147422852,0.12090120265567222,0.5050191138799464,0.16006498199015431,25,30,20
23,272,0.21392634319799583,0.12090120267038953,0.505107471104854,0.16006498302676284,25,30,20
23,273,0.2139167621841177,0.12090120266142995,0.5051074694975194,0.1600745656569352,25,30,20
23,274,0.21392137699351754,0.12090120266560783,0.5042950141321257,0.16088240620875166,25,30,20
23,275,0.21391187647687426,0.12090120265598975,0.5042949519842048,0.16089196888293414,25,30,20
23,276,0.21392112901218202,0.1209012026560612,0.5042949527081256,0.1608827156236342,25,30,20
23,277,0.21393045329795593,0.12090120266012488,0.5042949266285686,0.16087341741335362,25,30,20
23,278,0.2139303586725534,0.12090138944230035,0.5042948354555618,0.16087341642958702,25,30,20
23,279,0.213930195020065,0.12090138943772914,0.5042947685945447,0.16087364694766232,25,30,20
23,280,0.21393028506474254,0.12090126732894178,0.5042948003313755,0.16087364727494202,25,30,20
23,281,0.18589756442952268,0.12090130472159133,0.5323266490212601,0.1608744818276258,25,30,20
23,282,0.18268267883489353,0.12024304407489327,0.5361993163093264,0.16087496078088587,25,30,20
23,283,0.18268251663071314,0.12024320810074432,0.5361993147825594,0.1608749604859823,25,30,20
23,284,0.1829398013531633,0.12024321908315361,0.5359419795949547,0.16087499996873003,25,30,20
23,285,0.1829410839048137,0.12024320472001887,0.5104044465389732,0.18641126483619533,25,30,20
23,286,0.1827840602061096,0.12024313126745473,0.5105010157662465,0.18647179276018996,25,30,20
23,287,0.18279389453339745,0.12024313126794528,0.5105010428886285,0.18646193131002975,25,30,20
23,288,0.17857210384767352,0.12024312441218013,0.5147267758181456,0.18645799592200216,25,30,20
23,289,0.17723636320520664,0.12024312136629511,0.516062625556197,0.18645788987230272,25,30,20
23,290,0.18774872199456927,0.12024038562459599,0.5055565947388019,0.18645429764203406,25,30,20
23,291,0.19187487932283404,0.12024213575594206,0.5016878655322565,0.18619511938896813,25,30,20
23,292,0.19187497124282096,0.12024213577030238,0.5016879521402045,0.18619494084667335,25,30,20
23,293,0.164907882768074,0.12024213106818954,0.5286545576124947,0.18619542855124419,25,30,20
23,294,0.16526189335829927,0.12024213249716605,0.52830050821762,0.1861954659269158,25,30,20
23,295,0.16491596441632297,0.12024213088150099,0.5142290583627563,0.20061284633942095,25,30,20
23,296,0.16492529207359752,0.12024213088632463,0.5142289654289429,0.20060361161113607,25,30,20
23,297,0.15838163849479364,0.12024212782863135,0.5207714978594202,0.2006047358171568,25,30,20
23,298,0.1583814732479091,0.12025419889266205,0.5207595920423402,0.200604735817091,25,30,20
23,299,0.15838741105481033,0.12025419894408554,0.5207600033264042,0.20059838667470242,25,30,20
23,300,0.15939930830736357,0.1202542034748138,0.519748076358823,0.20059841185900115,25,30,20
23,301,0.15939932449054925,0.1202542034752354,0.5197480777496974,0.20059839428451962,25,30,20
23,302,0.15971456899236838,0.12025420658097806,0.5194536808533037,0.20057754357335272,25,30,20
23,303,0.19020185817723478,0.12025514939922635,0.4889492468806265,0.20059374554291393,25,30,20
23,304,0.19021590793518847,0.12025514942195142,0.4889493607835923,0.20057958185927,25,30,20
23,305,0.19101872608237344,0.12025516539782043,0.4866439939495553,0.20208211457025374,25,30,20
23,306,0.19228836787033438,0.12025516638728152,0.48537424372042187,0.20208222202196463,25,30,20
23,307,0.19462154215614674,0.12025427851379092,0.48304803176368916,0.20207614756637507,25,30,20
23,308,0.15487322900119266,0.12025428694889062,0.5227965429389078,0.2020759411110101,25,30,20
23,309,0.1545809117289849,0.12033887431904866,0.5230043316260867,0.20207588232588156,25,30,20
23,310,0.1546099668065428,0.12033887078655661,0.5252856458432331,0.19976551656366903,25,30,20
23,311,0.15436636246084504,0.1203389055101441,0.5255298575762369,0.19976487445277769,25,30,20
23,312,0.15270998792685397,0.12033890245010964,0.5271863786375812,0.19976473098545902,25,30,20
23,313,0.1527101530033791,0.12033890246420421,0.5271866018297711,0.19976434270264914,25,30,20
23,314,0.15273226120083744,0.12030151694546735,0.5272014476664989,0.19976477418720173,25,30,20
23,315,0.14971330803118868,0.12030091397203233,0.5302005588594167,0.1997852191373676,25,30,20
23,316,0.14965798049565218,0.12030091422709228,0.5302558852988766,0.19978521997838367,25,30,20
23,317,0.149658070975325,0.12029150536637152,0.5302652027240868,0.1997852209342201,25,30,20
23,318,0.1496631297794943,0.12028631041469608,0.5302653379438687,0.19978522186194425,25,30,20
23,319,0.1498580817453839,0.12028706619287063,0.5300696515063317,0.19978520055541696,25,30,20
23,320,0.14781441209432006,0.12028630578736496,0.4926040457287496,0.2392952363895693,25,30,20
23,321,0.14748979750986752,0.1202863040647442,0.4929286995340151,0.23929519889137704,25,30,20
23,322,0.14748961626685816,0.12028630405040568,0.4929284771652132,0.23929560251752646,25,30,20
23,323,0.14741527836730337,0.12028635432266556,0.4930691539781219,0.23922921333191188,25,30,20
23,324,0.11672758061756668,0.12034930190929367,0.5236646404907228,0.2392584769824189,25,30,20
23,325,0.11720118501209473,0.12028699787819606,0.5232826123290354,0.23922920478067577,25,30,20
23,326,0.15427467542240333,0.12028699787150764,0.4862091239521959,0.23922920275389487,25,30,20
23,327,0.11871741989287099,0.12028701598102895,0.5214320159953314,0.2395635481307709,25,30,20
23,328,0.11872642197861176,0.12028701597139309,0.5209886306854747,0.23999793136452285,25,30,20
23,329,0.12050896371081507,0.12028668569806525,0.5192269884073945,0.23997736218372775,25,30,20
23,330,0.12051812151333141,0.12028684801826489,0.5192176692465449,0.23997736122186158,25,30,20
23,331,0.11911398158856625,0.12028737726517896,0.5206216555480091,0.23997698559824837,25,30,20
23,332,0.11943999334186933,0.12028735068796002,0.5202956151074656,0.23997704086270802,25,30,20
23,333,0.11943990439309041,0.12028429570390717,0.520298759667548,0.2399770402354574,25,30,20
23,334,0.11861318975855287,0.12028428347161384,0.5211262761990944,0.23997625057074112,25,30,20
23,335,0.11863227115299192,0.12026512941186505,0.5211263491759324,0.23997625025921232,25,30,20
23,336,0.11860845947737662,0.12028590589396126,0.5211293841873688,0.23997625044129506,25,30,20
23,337,0.11883958107388808,0.12028528004897984,0.5208988411707415,0.23997629770639253,25,30,20
23,338,0.12120454360808804,0.12028528120577821,0.5184926930962004,0.24001748208993517,25,30,20
23,339,0.12026688370226907,0.1202852827511728,0.5194321122980748,0.24001572124848547,25,30,20
23,340,0.12026635225924057,0.12028698797937257,0.5194309388535666,0.24001572090782314,25,30,20
23,341,0.1226993996731176,0.12028702460505533,0.5169978245307494,0.24001575119107965,25,30,20
23,342,0.12340306899060036,0.12028700871179332,0.5166283580173894,0.2396815642802185,25,30,20
23,343,0.15556297635772692,0.12028678107716516,0.4844698173417287,0.2396804252233815,25,30,20
23,344,0.1555539847054935,0.1202988463692237,0.4844667430718081,0.23968042585347804,25,30,20
23,345,0.15273378607166635,0.12029880835483457,0.48728663498060565,0.23968077059289683,25,30,20
23,346,0.1411768218872026,0.1202987372978176,0.4988438156372119,0.23968062517777228,25,30,20
23,347,0.13883282738200853,0.1202987392271016,0.5012288946823285,0.23963953870856614,25,30,20
23,348,0.13882358251058152,0.12029873922688127,0.5012323950563282,0.23964528320621364,25,30,20
23,349,0.13879745934588988,0.12029873594486837,0.50121399910522,0.2396898056040263,25,30,20
23,350,0.13916599329549084,0.12029966040456878,0.5007350369067572,0.23979930939318764,25,30,20
23,351,0.12017564047446878,0.1199464144525595,0.520079803353406,0.23979814171957037,25,30,20
23,352,0.12017546193741341,0.11994641442491007,0.5200804134311482,0.23979771020653382,25,30,20
23,353,0.12022741510860323,0.11994634907333662,0.5200284168115836,0.23979781900648084,25,30,20
23,354,0.12021816552585841,0.11994634908273674,0.5200285214299222,0.2398069639614852,25,30,20
23,355,0.12022820054053256,0.1199463491153816,0.5200252916746974,0.23980015866939194,25,30,20
23,356,0.12027593049302734,0.1199463491729083,0.5199775564146674,0.2398001639194001,25,30,20
23,357,0.12026119744382287,0.11994634913176076,0.5199773876045153,0.23981506581990464,25,30,20
23,358,0.11640127166231355,0.11994539149089942,0.5238556599205153,0.2397976769262764,25,30,20
23,359,0.1163856289345101,0.11994539188872994,0.5238713069688352,0.2397976722079293,25,30,20
23,360,0.1163762935164846,0.11994539188416332,0.5238720870073618,0.23980622759199427,25,30,20
23,361,0.10444009682270114,0.11994569556865908,0.535807954429263,0.23980625317937895,25,30,20
23,362,0.10444898085862091,0.11994569556293154,0.5358078777396551,0.2397974458387946,25,30,20
23,363,0.10445831202305422,0.11994569556740847,0.5358070965672319,0.2397888958423077,25,30,20
23,364,0.1044722018640013,0.11994569556290598,0.5358115668286394,0.23977053574445542,25,30,20
23,365,0.1035490035393958,0.12265911757018393,0.5340218745323204,0.2397700043581018,25,30,20
23,366,0.1060623084636962,0.11994557498505837,0.5342220109874725,0.23977010556377507,25,30,20
23,367,0.1061440780848391,0.1198621095948546,0.5342236649752948,0.2397701473450138,25,30,20
23,368,0.11262647881049168,0.1198620421574174,0.5277413205861654,0.2397701584459279,25,30,20
23,369,0.11328344087215596,0.11986111178292505,0.5271948701198059,0.23966057722511627,25,30,20
23,370,0.11455226873273454,0.11986111233084946,0.5259263521677335,0.23966026676868574,25,30,20
23,371,0.11632802520367962,0.11986060202665262,0.5241517320685216,0.23965964070114879,25,30,20
23,372,0.1163328416243484,0.11985475919282462,0.5241527586576149,0.23965964052521407,25,30,20
23,373,0.11410282703903178,0.11985475698713889,0.5263829329645068,0.2396594830093226,25,30,20
23,374,0.11411325654411787,0.11985475699686972,0.5263725047510396,0.23965948170797294,25,30,20
23,375,0.08193176907195163,0.11985476168377321,0.5585540916141233,0.2396593776301513,25,30,20
23,376,0.08264643306589164,0.12176652288150479,0.5559287569497589,0.23965828710284418,25,30,20
23,377,0.08264617301018039,0.12176652285318211,0.5559285662282905,0.23965873790834621,25,30,20
23,378,0.08179134144109197,0.12176742062739264,0.5544652530242867,0.24197598490722871,25,30,20
23,379,0.07553452018645594,0.12208234089547237,0.5602000652006109,0.24218307371745962,25,30,20
23,380,0.0367294603835182,0.12208232689316673,0.5736746718806243,0.2675135408426898,25,30,20
23,381,0.03667074578441134,0.1220823419613024,0.5737334805828137,0.267513431671471,25,30,20
23,382,0.037503584816082965,0.12208233569111311,0.5591740211774288,0.281240058315374,25,30,20
23,383,0.03834984597113717,0.121229491949514,0.5591805289993884,0.2812401330799603,25,30,20
23,384,0.031871316579855015,0.12124400814134617,0.5656442841649114,0.2812403911138875,25,30,20
23,385,0.031120907598998174,0.11933291403054833,0.5683058419182607,0.28124033645219365,25,30,20
23,386,0.031124379079201757,0.11933291380458391,0.5683027866655894,0.2812399204506259,25,30,20
23,387,0.03026839951209905,0.11933291241491073,0.5682860902333975,0.2821125978395936,25,30,20
23,388,0.030230210431880313,0.1193329123870569,0.5682860138251109,0.2821508633559512,25,30,20
23,389,0.05119958351126306,0.11933291319939324,0.5473084471250648,0.2821590561642791,25,30,20
23,390,0.051198250254904785,0.11933199498576891,0.5182608666945152,0.31120888806481045,25,30,20
23,391,0.051228129218088364,0.11933197989049242,0.5182299675688988,0.31120992332251957,25,30,20
23,392,0.053158951035026394,0.11933198365797068,0.5162990326977404,0.3112100326092613,25,30,20
23,393,0.053159258140947456,0.11932822967910292,0.5163024795517365,0.31121003262821306,25,30,20
23,394,0.05313459333195562,0.11932709678206946,0.5163282623606515,0.31121004752532344,25,30,20
23,395,0.05396912932521161,0.11932711096533641,0.515492922323512,0.3112108373859385,25,30,20
23,396,0.05397402596743468,0.11932711098384685,0.5154930586377935,0.3112058044109236,25,30,20
23,397,0.059362845058439945,0.11933209112078541,0.5100897746139885,0.3112152892067847,25,30,20
23,398,0.059353565826350395,0.1193320911294901,0.5015131194606647,0.3198012235834935,25,30,20
23,399,0.06020606018414581,0.11935264371150935,0.5006399880503422,0.319801308054003,25,30,20
23,400,0.0587571565211533,0.11935264261364255,0.502088895380453,0.3198013054847491,25,30,20
23,401,0.05903276527013245,0.11935264398024711,0.5162556029997748,0.30535898774984366,25,30,20
23,402,0.07176246301485766,0.11935264535601796,0.5035258201306742,0.3053590714984492,25,30,20
23,403,0.07149561072157667,0.11935264397988499,0.48935902902916695,0.3197927162693696,25,30,20
23,404,0.07189543567145072,0.1193519895522298,0.48895976234661076,0.31979281242970886,25,30,20
23,405,0.0719141853833977,0.11935198954235465,0.48896780250569394,0.3197660225685525,25,30,20
23,406,0.07192094224114459,0.1193519903993474,0.4889751374448356,0.31975192991467216,25,30,20
23,407,0.06988712536549614,0.1193564868266942,0.4910044633896842,0.319751924418125,25,30,20
23,408,0.06983227163277998,0.11935753723873718,0.4910583228818073,0.3197518682466756,25,30,20
23,409,0.09961441171183157,0.11934371261116442,0.4612578259626654,0.31978404971433877,25,30,20
23,410,0.12018990847200534,0.1193441445839119,0.44065684549995227,0.31980910144413033,25,30,20
23,411,0.12101654977360153,0.11934413469171255,0.4398302342359584,0.3198090812987273,25,30,20
23,412,0.1210256601866522,0.1188190095658173,0.4403462486569895,0.31980908159054083,25,30,20
23,413,0.12101632753997489,0.11881900956141898,0.44034627196455617,0.3198183909340511,25,30,20
23,414,0.16032259468774013,0.1188143269867447,0.40104478201491667,0.31981829631059866,25,30,20
23,415,0.1619618822805209,0.1188143278031712,0.39944935398545744,0.3197744359308512,25,30,20
23,416,0.16195754439360677,0.11881432782663273,0.3994493830070603,0.3197787447727001,25,30,20
23,417,0.16194322432135322,0.11881432780821025,0.3994409962360972,0.319801451634339,25,30,20
23,418,0.194470006525627,0.11880934567687325,0.36692875017400284,0.31979189762349614,25,30,20
23,419,0.2043553879327498,0.11881090018364782,0.3570663321247981,0.31976737975880376,25,30,20
23,420,0.20350048934747478,0.1188484505832061,0.35788448491322805,0.3197665751560897,25,30,20
23,421,0.20219634614974866,0.11884845107229614,0.35918768935146,0.31976751342649384,25,30,20
23,422,0.20219658088446246,0.11884845108163951,0.35934199094578195,0.3196129770881153,25,30,20
23,423,0.20135458645246687,0.11946845016548256,0.35956406138632013,0.31961290199573095,25,30,20
23,424,0.20133065974673076,0.11946845013714462,0.35955936237941005,0.31964152773671495,25,30,20
23,425,0.2013214099828865,0.11998914431770222,0.35904791796394975,0.3196415277354619,25,30,20
23,426,0.20135189366825482,0.11998914433760115,0.358893970710155,0.31976499128398944,25,30,20
23,427,0.20141527758700728,0.11995224605053774,0.35886736764142735,0.31976510872102837,25,30,20
23,428,0.20056348033478552,0.11995451295727873,0.3597169731968522,0.3197650335110837,25,30,20
23,429,0.1704042694130943,0.1199525266103895,0.3898787047665826,0.31976449920993316,25,30,20
23,430,0.1695454952300572,0.11995252561385826,0.39073751832378273,0.3197644608323016,25,30,20
23,431,0.16954549822925974,0.12018536796254535,0.39050467295929664,0.31976446084889837,25,30,20
23,432,0.16954575552340387,0.12018536795815216,0.39050469541268235,0.3197641811057605,25,30,20
23,433,0.169560302837722,0.12016082641154999,0.39051464255520785,0.3197642281955189,25,30,20
23,434,0.1695305164537774,0.12016082637333486,0.3905143373246155,0.31979431984827095,25,30,20
23,435,0.1691997450358157,0.12016082504808687,0.3908459603105576,0.3197934696055374,25,30,20
23,436,0.16927467444114272,0.12016084122922198,0.3907709578645175,0.3197935264651157,25,30,20
23,437,0.1652487404370337,0.12016083490262691,0.3947876869047662,0.31980273775557244,25,30,20
23,438,0.169165298462526,0.12016082327996262,0.39088039148659837,0.31979348677091224,25,30,20
23,439,0.16917513129488537,0.12016082328012256,0.3908804172305105,0.3197836281944827,25,30,20
23,440,0.1876697506441018,0.12016082164808406,0.3723940221828149,0.3197754055250001,25,30,20
23,441,0.1839628301373634,0.12016082858953019,0.3760987576471535,0.31977758362595393,25,30,20
23,442,0.1839416959803455,0.12016082771870339,0.3760913291054685,0.3198061471954836,25,30,20
23,443,0.18393236032057186,0.12016082771382232,0.3760912900372986,0.3198155219283083,25,30,20
23,444,0.18391857525637564,0.12016082771009687,0.3760919613551104,0.31982863567841757,25,30,20
23,445,0.16496427758457322,0.11984595343264791,0.39556492976066415,0.319624839222116,25,30,20
23,446,0.15292188668134313,0.11984601724948453,0.40760730494737873,0.31962479112179354,25,30,20
23,447,0.15291169173992633,0.11984601725345673,0.4076072505932202,0.31963504041339663,25,30,20
23,448,0.153058835613891,0.11984601861887495,0.4074600510120967,0.31963509475513696,25,30,20
23,449,0.15299048555799705,0.11988304650855991,0.40749149127613554,0.31963497665730745,25,30,20
23,450,0.14936119868910808,0.11988308601772228,0.4111196763259048,0.3196360389672651,25,30,20
23,451,0.12552190113049078,0.11988307864464472,0.434961165219112,0.31963385500575275,25,30,20
23,452,0.12552173889669002,0.1002286624433763,0.4546157439551665,0.31963385470477007,25,30,20
23,453,0.12552318032543966,0.10022866238308406,0.4546137934341335,0.31963436385734384,25,30,20
23,454,0.1255561954487251,0.10022866249175856,0.4545816266134111,0.31963351544610585,25,30,20
23,455,0.12841055704544788,0.10022862190934599,0.4517282790771697,0.31963254196803725,25,30,20
23,456,0.12841039205054522,0.10022862190492907,0.4517284515706222,0.3196325344739041,25,30,20
23,457,0.12841989432299347,0.10022862191446757,0.4517283055600121,0.3196231782025274,25,30,20
23,458,0.1284621443050357,0.10022757188375517,0.45168708561148774,0.3196231981997208,25,30,20
23,459,0.12851030439888417,0.1002276022533259,0.45163889005189106,0.3196232032959037,25,30,20
23,460,0.12851497717242755,0.10022760222065234,0.45163872600047716,0.31961869460644643,25,30,20
23,461,0.12852089447808546,0.10022760224054712,0.4516390914195707,0.3196124118618002,25,30,20
23,462,0.12851455775334236,0.10022760222497777,0.4516387409821105,0.3196190990395729,25,30,20
23,463,0.12851506870076976,0.10022760224897541,0.45163888616358483,0.3196184428866731,25,30,20
23,464,0.12910561044300847,0.10022760329100006,0.4510482913724009,0.3196184948935943,25,30,20
23,465,0.11564280788348123,0.10023644620693455,0.46449031821841286,0.319630427691174,25,30,20
23,466,0.11563845530250239,0.10023644623018436,0.46449314972511785,0.3196319487421981,25,30,20
23,467,0.11442088593099803,0.10023644463600244,0.46571079608684174,0.319631873346159,25,30,20
23,468,0.11441199235861786,0.10023644467412303,0.46571100033574664,0.31964056263151247,25,30,20
23,469,0.11536338064669244,0.10019876264140745,0.4647972910826093,0.31964056562929044,25,30,20
23,470,0.11648590167819484,0.10019877071352744,0.4636740609580788,0.3196412666501967,25,30,20
23,471,0.10534619083265236,0.10019879317835725,0.47481363994001974,0.31964137604896947,25,30,20
23,472,0.10533592189040152,0.10019879316358463,0.47481283425697063,0.3196524506890428,25,30,20
23,473,0.10450670816258206,0.10019876921796499,0.47564222621688323,0.31965229640256937,25,30,20
23,474,0.10450194206045416,0.1001987692503576,0.4756423933560548,0.3196568953331307,25,30,20
23,475,0.10149280856999925,0.10019872041111215,0.4786552859059284,0.31965318511295787,25,30,20
23,476,0.10242969186143017,0.10019876920909572,0.47873350408254517,0.31863803484692715,25,30,20
23,477,0.10242977334103463,0.10019876921367185,0.47873366005405127,0.3186377973912403,25,30,20
23,478,0.10245988717706833,0.10019877044595932,0.4787036336106166,0.3186377087663531,25,30,20
23,479,0.09231157692508793,0.10018993152153097,0.48886871889759353,0.3186297726557839,25,30,20
23,480,0.09171727749952482,0.10018994214534357,0.48946304712431526,0.31862973323081195,25,30,20
23,481,0.09170803741235455,0.10019889897955951,0.48946333068304404,0.3186297329250388,25,30,20
23,482,0.09170322757541716,0.10019889896602033,0.4894606501305999,0.31863722332796085,25,30,20
23,483,0.08983888661539347,0.10019914586098656,0.491319428404068,0.31864253911954993,25,30,20
23,484,0.08870130848405365,0.10019913776091124,0.4924577685244168,0.31864178523061687,25,30,20
23,485,0.08871055529748764,0.10019913776140928,0.49245759605248296,0.3186327108886189,25,30,20
23,486,0.08011224081930694,0.10019888720565677,0.5010655221089738,0.31862334986606144,25,30,20
23,487,0.080464072806944,0.10019888921729915,0.5007134931972086,0.3186235447785465,25,30,20
23,488,0.08048957238312053,0.11983190709680622,0.48105493837055396,0.31862358214951825,25,30,20
23,489,0.08238258171048274,0.11983191891794455,0.47916181334589153,0.31862368602567853,25,30,20
23,490,0.08238267199824341,0.11983191891810879,0.4791620029920163,0.31862340609162887,25,30,20
23,491,0.08238559291785029,0.11964541144233701,0.4793455838411095,0.31862341179870113,25,30,20
23,492,0.08238579008291938,0.11964541143324642,0.47934556659451716,0.31862323188931474,25,30,20
23,493,0.08238554615163335,0.11964570680800951,0.47934551576460643,0.3186232312757484,25,30,20
23,494,0.08310662751869213,0.11964570666721407,0.478624434024614,0.3186232317894778,25,30,20
23,495,0.08310686966934638,0.11964570667652666,0.4786242516418719,0.31862317201225315,25,30,20
23,496,0.08311490196422044,0.11980806250134264,0.4784538492748834,0.3186231862595515,25,30,20
23,497,0.08522964958250205,0.11980814496084652,0.47633918264392283,0.31862302281272664,25,30,20
23,498,0.08334436616668978,0.12182463519783827,0.476208064878133,0.3186229337573371,25,30,20
23,499,0.08475152473291653,0.121824650307836,0.4747999344656691,0.31862389049357637,25,30,20
23,500,0.08475177551023073,0.12182465031221675,0.4747999610385167,0.3186236131390338,25,30,20
23,501,0.09372327603836438,0.1218239512508118,0.4658616563898238,0.31859111632099835,25,30,20
23,502,0.09372302588953182,0.12182395124599427,0.46586168745356604,0.31859133541090623,25,30,20
23,503,0.09373228967055885,0.12182395124583571,0.46586162738032044,0.31858213170328337,25,30,20
23,504,0.09374714114819405,0.12182395128820399,0.4658619610837678,0.3185669464798327,25,30,20
23,505,0.09374246608170476,0.12182395106939549,0.4658666306062774,0.31856695224262116,25,30,20
23,506,0.0922967200900256,0.12182392419322408,0.4673133751886035,0.3185659805281463,25,30,20
23,507,0.09246314656239452,0.12182392887631677,0.4671468080218456,0.31856611653944106,25,30,20
23,508,0.07863630759493097,0.12182778534457325,0.48096689967473394,0.31856900738576255,25,30,20
23,509,0.0786600160531104,0.12180399136585955,0.4809669845900704,0.31856900799096094,25,30,20
23,510,0.061087345225559746,0.12180399226140436,0.49853880160329894,0.31856986090973827,25,30,20
23,511,0.06068352223542507,0.12180398742463876,0.4989427669062729,0.3185697234336644,25,30,20
23,512,0.05990110027122868,0.12180431228714081,0.4997248376936566,0.3185697497479722,25,30,20
23,513,0.05985809865420108,0.11978779150962623,0.5017843787579088,0.3185697310782619,25,30,20
23,514,0.07826621231268666,0.11980105816067745,0.4833473924418481,0.3185853370847848,25,30,20
23,515,0.0949991194135979,0.11980106962904688,0.4665613345409607,0.31863847641639237,25,30,20
23,516,0.0949831149879132,0.11982111762028183,0.4665573277277709,0.31863843966403205,25,30,20
23,517,0.09500997502657647,0.11982113332303537,0.466530970279872,0.3186379213705121,25,30,20
23,518,0.1015512563570558,0.11982106963294789,0.4599771867620969,0.3186504872478962,25,30,20
23,519,0.09254974914171461,0.11982105099314808,0.4689913134603087,0.3186378864048255,25,30,20
23,520,0.09743199236173465,0.11982127888804672,0.46370266694751244,0.31904406180270284,25,30,20
23,521,0.09787890195999849,0.11982131298588722,0.4632556421266625,0.31904414292744887,25,30,20
23,522,0.0980117398523544,0.11985565185636038,0.46308849124657947,0.31904411704470337,25,30,20
23,523,0.09802046780562533,0.11985565182279335,0.46308828697140436,0.31903559340017557,25,30,20
23,524,0.09802053671175244,0.11985565182758462,0.46308845180206004,0.31903535965860097,25,30,20
23,525,0.09802062883031142,0.1198556518325604,0.46308834369792623,0.3190353756392001,25,30,20
23,526,0.09802183982335803,0.11985565202973325,0.46308711297441724,0.31903539517248897,25,30,20
23,527,0.09321849081412947,0.11985590432610115,0.4664276350159885,0.32049796984377843,25,30,20
23,528,0.09278028363591113,0.11987503426039206,0.4668467922237726,0.3204978898799214,25,30,20
23,529,0.0927687703300392,0.11987503243668987,0.46685829850774047,0.32049789872552686,25,30,20
23,530,0.09275934117898425,0.11987503242716334,0.466858242415448,0.32050738397840073,25,30,20
23,531,0.09277209574015098,0.11987541779959957,0.46684512151433866,0.3205073649459082,25,30,20
23,532,0.09277199943551985,0.11987541779410815,0.4407300302693016,0.34662255250107,25,30,20
23,533,0.0927819489016584,0.11987541782189488,0.44073010863053136,0.34661252464591574,25,30,20
23,534,0.09278231580783729,0.11987137880338418,0.4407337788179512,0.3466125265708274,25,30,20
23,535,0.09276863660309256,0.11988512369840415,0.4407337124995241,0.3466125271989793,25,30,20
23,536,0.09275885165345342,0.11989484515143253,0.44073377755133114,0.3466125256437829,25,30,20
23,537,0.10511131231650146,0.11989491614393696,0.42838119929027024,0.34661257224928904,25,30,20
23,538,0.10510169713106418,0.11990822319527462,0.4283775099600017,0.3466125697136574,25,30,20
23,539,0.10510144465478484,0.11990822319022122,0.42837747792784514,0.3466128542271462,25,30,20
23,540,0.1124935449717604,0.11990819123024794,0.4209845278174089,0.346613735980582,25,30,20
23,541,0.14008701561736983,0.11990811927744885,0.39339118307977833,0.3466136820254,25,30,20
23,542,0.14008229026362837,0.11990811926888537,0.39339111137913,0.34661847908835225,25,30,20
23,543,0.14008731370134953,0.11990893016281053,0.3933852857469191,0.3466184703889161,25,30,20
23,544,0.1400876456078575,0.11990893015359118,0.3795561409124792,0.36044728332606824,25,30,20
23,545,0.13148764921516018,0.11997027860783115,0.3880873197052569,0.3604547524717482,25,30,20
23,546,0.132382739058541,0.11996946852384385,0.3871920153363371,0.36045577708127446,25,30,20
23,547,0.1323823238988548,0.11997022605766494,0.38719167296784973,0.360455777075627,25,30,20
23,548,0.13236852946533031,0.11998407000768423,0.3871916240566576,0.3604557764703247,25,30,20
23,549,0.13233672113806833,0.11998406981307536,0.3872234521439635,0.36045575690488896,25,30,20
23,550,0.13236334520913287,0.11998406990101235,0.3872251520824153,0.360427432807435,25,30,20
23,551,0.13237808891130778,0.11998406994403071,0.3872278083026723,0.360410032841985,25,30,20
23,552,0.1324154320891917,0.1199656961635568,0.38714489928943396,0.3604739724578136,25,30,20
23,553,0.11097227495581807,0.11990439014165341,0.4086567606018884,0.36046657430063656,25,30,20
23,554,0.11097148772925136,0.11990439010415693,0.40865648641809504,0.36046763574849394,25,30,20
23,555,0.11097105962216579,0.11990439010846897,0.40865646217689255,0.36046808809247005,25,30,20
23,556,0.11082502516485354,0.11990389430838093,0.4097572204075355,0.3595138601192265,25,30,20
23,557,0.11082502981708325,0.11990389430863001,0.40975722225461775,0.3595138536196654,25,30,20
23,558,0.11170241567296339,0.11990390756591493,0.4088797497769263,0.3595139269841933,25,30,20
23,559,0.11179554005227096,0.11990391974858904,0.40878659317870236,0.3595139470204365,25,30,20
23,560,0.11181000632208982,0.119903919767155,0.4087867273737404,0.3594993465370138,25,30,20
23,561,0.11180083953748376,0.1199039197719609,0.40878675340559434,0.35950848728496004,25,30,20
23,562,0.1384493988260435,0.11990388662217517,0.38213914316533704,0.3595075713864432,25,30,20
23,563,0.13932945244492587,0.11990387308813281,0.38131308946483616,0.35945358500210406,25,30,20
23,564,0.13931408701659018,0.11990387302184562,0.38131261072755207,0.3594694292340109,25,30,20
23,565,0.13934136259369165,0.11990516395200634,0.38128404404278377,0.35946942941151655,25,30,20
23,566,0.12944468875028722,0.1200101848064996,0.39107570572658124,0.3594694207166289,25,30,20
23,567,0.12944940680729677,0.12001018480633147,0.39122984545647355,0.35931056292989605,25,30,20
23,568,0.12945974441347388,0.12001018470913595,0.39213505617658767,0.3583950147008004,25,30,20
23,569,0.12945974448846032,0.12001018470922149,0.3921350562535909,0.358395014548725,25,30,20
23,570,0.12997231198463902,0.1200089007512918,0.39162375501076385,0.35839503225330316,25,30,20
23,571,0.1299822652848993,0.12000890077662243,0.39162388852855456,0.3583849454099215,25,30,20
23,572,0.12905462819338076,0.12000885197863069,0.39173685910162737,0.3591996607263588,25,30,20
23,573,0.12905240364467038,0.11990378918453465,0.39184420873356446,0.35919959843722815,25,30,20
23,574,0.12255061673713015,0.11990690855510797,0.39834154396615884,0.3592009307416007,25,30,20
23,575,0.12249859498775532,0.11990610652558444,0.3984007346272422,0.35919456385941795,25,30,20
23,576,0.12249011458435327,0.11990610654022865,0.3984008294486312,0.35920294942678793,25,30,20
23,577,0.12249022684965731,0.11990610654546983,0.398401039711578,0.3592026268932954,25,30,20
23,578,0.12248874530906076,0.11990610703009309,0.39840132628138747,0.3592038213794587,25,30,20
23,579,0.12249731164234255,0.11990610702008953,0.3984012596112036,0.35919532172636437,25,30,20
23,580,0.1225024577801209,0.11990076623232776,0.39840145269456095,0.359195323292991,25,30,20
23,581,0.12254112631608326,0.11990076627425049,0.39840157521614666,0.3591565321935201,25,30,20
23,582,0.121646662239806,0.11990092894420586,0.3986866698138676,0.3597657390021217,25,30,20
23,583,0.12165590727667563,0.11990092894411877,0.3986866695530781,0.35975649422612854,25,30,20
23,584,0.12165129097664157,0.11990092894922366,0.3985325775494346,0.3599152025247011,25,30,20
23,585,0.12164213476155691,0.11990092895885446,0.39853263829355273,0.3599242979860369,25,30,20
23,586,0.12250393565659906,0.11990093021504303,0.3976707643885719,0.3599243697397884,25,30,20
23,587,0.12249384567899452,0.1199110908543452,0.39767069374320124,0.35992436972346054,25,30,20
23,588,0.12249409851842685,0.11991109085948308,0.39747949006289013,0.3601153205592014,25,30,20
23,589,0.12254682184033154,0.11991109091085582,0.39747987075038765,0.36006221649842646,25,30,20
23,590,0.12254620089258793,0.11991109087606282,0.39747970469299987,0.3600630035383513,25,30,20
23,591,0.10207748667744854,0.11989782394179924,0.41797726516980455,0.36004742421094926,25,30,20
23,592,0.11590488067618551,0.11989396608417144,0.4041566756605944,0.36004447757904984,25,30,20
23,593,0.11586593461030507,0.1198939660319362,0.4041563372465992,0.3600837621111603,25,30,20
23,594,0.11563046829894047,0.11985938266379283,0.3733867154079564,0.3911234336293109,25,30,20
23,595,0.11505946192678267,0.11985938157283416,0.37395774173718155,0.391123414763203,25,30,20
23,596,0.1150067401455,0.11985938153084112,0.3739574148558668,0.39117646346779295,25,30,20
23,597,0.1150067445793433,0.11985938153100592,0.3739574137233586,0.39117646016629304,25,30,20
23,598,0.11497232523015595,0.11985938096763443,0.37395544592085195,0.3912128478813588,25,30,20
23,599,0.11498172035142978,0.11985938093887566,0.3739553003823689,0.3912035983273271,25,30,20
23,600,0.12071331754873718,0.11985921810420443,0.36883221718133874,0.39059524716572086,25,30,20
23,601,0.12070347793524555,0.1198592181039605,0.3688322510201217,0.39060505294067355,25,30,20
23,602,0.11718226250927487,0.1222408501701001,0.36997264145372666,0.3906042458668994,25,30,20
23,603,0.11717301669209369,0.1222408501699524,0.36997264142750447,0.39061349171045007,25,30,20
23,604,0.11665742872367829,0.12224084362646766,0.37048822934624576,0.3906134983036111,25,30,20
23,605,0.11702523797803366,0.12224084559049327,0.3705018459090777,0.39023207052239806,25,30,20
23,606,0.11702992148825916,0.12223633595419417,0.37050167359644826,0.39023206896110013,25,30,20
23,607,0.11701571359979274,0.12223633594990549,0.37050162941865133,0.39024632103165247,25,30,20
23,608,0.11702470395605795,0.1222363359446645,0.3705015966875898,0.3902373634116898,25,30,20
23,609,0.11700063526725338,0.12223633589725537,0.37049902146411623,0.39026400737137673,25,30,20
23,610,0.11700995883277215,0.12223633590172638,0.3704989455072187,0.3902547597582845,25,30,20
23,611,0.11786589976509797,0.1213509021818837,0.37052836489620383,0.3902548331568154,25,30,20
23,612,0.1178567375691467,0.12135090218686864,0.3705283983754836,0.39026396186850193,25,30,20
23,613,0.11786590141198199,0.12134174851770392,0.37052838790182235,0.3902639621684913,25,30,20
23,614,0.11870779860045982,0.12134175020503868,0.3696864335180469,0.3902640176764545,25,30,20
23,615,0.11870796672051927,0.12134175018636437,0.36968636784328945,0.39026391524982684,25,30,20
23,616,0.10703067944514767,0.12134330740824159,0.3813612958041725,0.3902647173424374,25,30,20
23,617,0.07852666152773255,0.12134907689053571,0.4098589292726163,0.3902653323091135,25,30,20
23,618,0.07853591152268534,0.12134907689060975,0.4098589273531473,0.39025608423355584,25,30,20
23,619,0.0785693368853427,0.12134907720903415,0.4098248673204846,0.39025671858513816,25,30,20
23,620,0.07772769719004594,0.12142511529458044,0.41059052443214045,0.39025666308323265,25,30,20
23,621,0.07858314181930795,0.12142511532289825,0.4105976181136377,0.3893941247441557,25,30,20
23,622,0.0763728990750205,0.11904348259970698,0.41519052152361163,0.3893930968016607,25,30,20
23,623,0.07638693958203845,0.11904348262259658,0.4151906327812644,0.3893789450141003,25,30,20
23,624,0.07464786674937379,0.11904350351752267,0.4169295595492447,0.3893790701838594,25,30,20
23,625,0.07463830363468994,0.1190497738954473,0.41693285226311766,0.38937907020674595,25,30,20
23,626,0.05825604562975319,0.11904964306169351,0.43327299178386397,0.3894213195246901,25,30,20
23,627,0.05825629523334606,0.1190493769731647,0.4332730085744126,0.3894213192190773,25,30,20
23,628,0.0582567141736462,0.1190493769780587,0.43327303871917294,0.38942087012912274,25,30,20
23,629,0.057391931157225136,0.11904937694486922,0.43326591780084855,0.39029277409705776,25,30,20
23,630,0.057391758497398485,0.11904937692145319,0.43326582621437615,0.390293038366773,25,30,20
23,631,0.05740125786111506,0.11904937693107463,0.43326599901691554,0.390283366190896,25,30,20
23,632,0.05741599758560222,0.11902731398909533,0.43327331939969016,0.3902833690256135,25,30,20
23,633,0.05741590379978615,0.11903062655611968,0.4332701003293421,0.3902833693147534,25,30,20
23,634,0.0574159968364537,0.1190306265657435,0.4332803030114771,0.3902730735863271,25,30,20
23,635,0.05734745496866036,0.11903061477905572,0.4333488767015517,0.3902730535507361,25,30,20
23,636,0.05543417085599006,0.11903059431827315,0.4352613801867726,0.3902738546389682,25,30,20
23,637,0.05542973365326124,0.1190305943363911,0.4352613788943496,0.3902782931160021,25,30,20
23,638,0.05458939888943089,0.11903058085429481,0.43610179802795224,0.39027822222832403,25,30,20
23,639,0.04155509233707454,0.11904385446171593,0.44909888900033046,0.3903021642008779,25,30,20
23,640,0.06475450864667114,0.11904386262242866,0.4258859496295745,0.3903156791013312,25,30,20
23,641,0.0644580171626658,0.11904426488499474,0.42618090862197183,0.3903168093303691,25,30,20
23,642,0.06441470205680366,0.11904427660126196,0.42622421449169856,0.390316806850237,25,30,20
23,643,0.06442385986134276,0.11904427659162418,0.4262140089962801,0.39031785455075346,25,30,20
23,644,0.06439011586564117,0.11904452935644376,0.4262487023183231,0.3903166524595923,25,30,20
23,645,0.06438585184000516,0.11904452938009395,0.42624888194939425,0.3903207368305071,25,30,20
23,646,0.0640177879017764,0.11904452741117025,0.42623523717272865,0.39070244751432626,25,30,20
23,647,0.06402268944993775,0.11904452743441507,0.4262353987892059,0.3906973843264429,25,30,20
23,648,0.06402720594054903,0.1190445274203861,0.4262352776254452,0.3906929890136213,25,30,20
23,649,0.06401847029136776,0.11904452743036846,0.4262355125784047,0.3907014896998605,25,30,20
23,650,0.06442999609647185,0.11906332533027349,0.4258050989163758,0.39070157965687985,25,30,20
23,651,0.06443941073673959,0.11906332533482968,0.4258050401668691,0.39069222376156304,25,30,20
23,652,0.06444388404034056,0.1190633253578849,0.4258050267972919,0.39068776380448417,25,30,20
23,653,0.06444444818827448,0.1189872915639253,0.4258804964428902,0.3906877638049125,25,30,20
23,654,0.06442068021756407,0.11898729154163731,0.42588037488093156,0.3907116533598694,25,30,20
23,655,0.06438816930488732,0.11898729122451382,0.4259710928727163,0.3906534465978852,25,30,20
23,656,0.06610330731115535,0.11898730129094033,0.42425590819550485,0.39065348320240323,25,30,20
23,657,0.06611263827829005,0.11896871779877648,0.42426515946557947,0.3906534844573574,25,30,20
23,658,0.06612194529312386,0.11896871780256868,0.4242651441148501,0.3906441927894608,25,30,20
23,659,0.0661520753497099,0.11896871783347251,0.4242654195494817,0.3906137872673392,25,30,20
23,660,0.057045495547844,0.11896342253883951,0.4333759923699184,0.390615089543396,25,30,20
23,661,0.05709022456556902,0.11896342257802452,0.4328657160603411,0.3910806367960633,25,30,20
23,662,0.05708536620781027,0.11896342258195468,0.4328658649026712,0.3910853463075627,25,30,20
23,663,0.03588547981032533,0.11896342368511693,0.4540792655211457,0.39107183098341225,25,30,20
23,664,0.0358966560736199,0.11896342375604689,0.4540900640548491,0.39104985611548426,25,30,20
23,665,0.03589157202384366,0.11896277953433916,0.4540957939020121,0.39104985453980406,25,30,20
23,666,0.03617275408525604,0.11896278090352927,0.45428008315732393,0.3905843818538904,25,30,20
23,667,0.021498263086921626,0.11894643707593365,0.468996078911366,0.3905592209257753,25,30,20
23,668,0.021440909246152957,0.11894634448643326,0.4601488427016758,0.39946390356573425,25,30,20
23,669,0.021440819645789033,0.11894634504316175,0.45852555763323516,0.4010872776778114,25,30,20
23,670,0.020944399983934745,0.14769702928004314,0.43027127316209907,0.4010872975739174,25,30,20
23,671,0.02092008092208393,0.14772863617239904,0.43026398817158,0.40108729473393295,25,30,20
23,672,0.018949002943275953,0.1477286266211283,0.4322351222574564,0.40108724817813424,25,30,20
23,673,0.018514752206732255,0.1484033538246731,0.43199472396171296,0.4010871700068767,25,30,20
23,674,0.017666874144166126,0.15869849684371817,0.422547461810992,0.40108716720112,25,30,20
23,675,0.007235241291467021,0.1586970747547769,0.4330168021810346,0.401050881772717,25,30,20
23,676,0.007235853035633098,0.15891966818645117,0.4327935966759424,0.4010508821019689,25,30,20
23,677,0.007235850268561492,0.15891966818653872,0.4327936023677734,0.40105087917712134,25,30,20
23,678,0.007250069219599439,0.15891966819085096,0.43279368799733253,0.4010365745922126,25,30,20
23,679,0.0072500772838020745,0.12104053653509611,0.47067281158884167,0.4010365745922564,25,30,20
23,680,0.022947544277356596,0.12105050191471692,0.45496688897054194,0.4010350648373802,25,30,20
23,681,0.02293845719163755,0.12106890629544348,0.45495757324747055,0.40103506326544486,25,30,20
23,682,0.022512439779234734,0.12105010799091988,0.45540247894464675,0.4010349732851942,25,30,20
23,683,0.02252820631481732,0.12105096002290416,0.45538584073507543,0.40103499292719763,25,30,20
23,684,0.021682098052939806,0.12191732095684223,0.45536566145590746,0.40103491953430537,25,30,20
23,685,0.021322526753210842,0.12191735960363449,0.455678774653072,0.4010813389900762,25,30,20
23,686,0.02133167256776233,0.1219181743169443,0.45566881445442414,0.40108133866086304,25,30,20
23,687,0.021331760123747115,0.12191817432665374,0.4556688733892081,0.4010811921603855,25,30,20
23,688,0.021318078895254527,0.12191817435038549,0.4556690065824961,0.4010947401718591,25,30,20
23,689,0.02148837874437056,0.12296966858306815,0.45444720891067086,0.4010947437618857,25,30,20
23,690,0.02151242796583961,0.1229696686109334,0.4544473523519217,0.4010705510713008,25,30,20
23,691,0.021507617474331095,0.12296966860195654,0.4544471749606505,0.4010755389630573,25,30,20
23,692,0.041919729561705636,0.12296741343925284,0.43385613191144634,0.4012567250875911,25,30,20
23,693,0.041925050726515284,0.12296741343044491,0.43385763978730496,0.4012498960557307,25,30,20
23,694,0.041886731212447854,0.12296741349315292,0.43389595924969826,0.4012498960446978,25,30,20
23,695,0.041875978825319196,0.1229674134179908,0.43388518554977373,0.40127142220691264,25,30,20
23,696,0.04526889887513219,0.1229674262823367,0.4304922511590131,0.40127142368351437,25,30,20
23,697,0.04529235740274474,0.12294370549887003,0.4304925128046703,0.40127142429371054,25,30,20
23,698,0.04515694079556288,0.15205614112368884,0.4015154825712615,0.40127143550948247,25,30,20
23,699,0.04514727012417648,0.1520750642351399,0.40150622983113754,0.40127143580954183,25,30,20
23,700,0.045137225183768344,0.15207506424003586,0.4015046705776505,0.40128303999854126,25,30,20
23,701,0.0451181521050323,0.1520750642354114,0.4015046451529198,0.4013021385066324,25,30,20
23,702,0.045164862074764625,0.15208189644767967,0.4023935056736485,0.4003597358039041,25,30,20
23,703,0.04514142473076092,0.1521055679447225,0.4023932721194412,0.4003597352050722,25,30,20
23,704,0.046056489995763436,0.1521052985275755,0.4014764141248692,0.400361797351788,25,30,20
23,705,0.046047069792600384,0.1521052985134677,0.4014763793372003,0.40037125235672755,25,30,20
23,706,0.045114706514412566,0.1521047161686476,0.40241138445984964,0.4003691928570862,25,30,20
23,707,0.04511959884284298,0.1521047161600398,0.4024113269271801,0.40036435806993353,25,30,20
23,708,0.04512884075552552,0.1521047161361345,0.4024112085946068,0.4003552345137295,25,30,20
23,709,0.0451381703909455,0.15210471614071153,0.40241905195236316,0.4003380615159763,25,30,20
23,710,0.045128384530307125,0.15210471613066961,0.40241897090453366,0.4003479284344861,25,30,20
23,711,0.04514259877712964,0.1521047043727638,0.4024047675160645,0.40034792933403623,25,30,20
23,712,0.04515157094307778,0.15209579303956763,0.4024047063949343,0.4003479296224144,25,30,20
23,713,0.04177541727702763,0.1520971967923067,0.4057794460273469,0.40034793990331274,25,30,20
23,714,0.04465272829928326,0.1521081863867457,0.4035477138386533,0.3996913714753117,25,30,20
23,715,0.04211595773550302,0.15212969778254432,0.40624068141951164,0.3995136630624346,25,30,20
23,716,0.0421067096651226,0.15212969778270363,0.40623299457523343,0.3995305979769337,25,30,20
23,717,0.042116653529176346,0.15211967175620736,0.4062330770204807,0.3995305976941291,25,30,20
23,718,0.0628048310789646,0.15236742479205465,0.3852739429683645,0.39955380116061334,25,30,20
23,719,0.06285472061068359,0.15236742537524223,0.35233311789458827,0.4324447361194856,25,30,20
23,720,0.06285497154139398,0.1523671589051106,0.3523331337289419,0.43244473582455306,25,30,20
23,721,0.06285497488921526,0.1523672261273216,0.35233306284180765,0.4324447361416549,25,30,20
23,722,0.06284493520209426,0.15236722608974415,0.352332790854035,0.4324550478541257,25,30,20
23,723,0.06284015159759858,0.15237191828869312,0.3523328813150052,0.43245504879870256,25,30,20
23,724,0.08309372418656144,0.15237742835179022,0.3320681013231519,0.4324607461384952,25,30,20
23,725,0.0888047582665723,0.15237744705789547,0.32640926120359576,0.4324085334719334,25,30,20
23,726,0.08882348693881269,0.15237744704343753,0.32640917159053534,0.4323898944272107,25,30,20
23,727,0.08885234486788869,0.15237744708058157,0.32640946528174536,0.4323607427697811,25,30,20
23,728,0.08944514591612411,0.15237806388287514,0.3258160100487013,0.43236078015229673,25,30,20
23,729,0.09401593781579361,0.1523602406866748,0.3212868263892645,0.4323369951082643,25,30,20
23,730,0.05848888261367929,0.1523902801680875,0.35674910099221013,0.43237173622602304,25,30,20
23,731,0.058465552540637795,0.15239028015553044,0.3567492277461082,0.43239493955772373,25,30,20
23,732,0.05870193572744749,0.15436814111315436,0.35453498466618355,0.43239493849321464,25,30,20
23,733,0.058199789573777666,0.1543680921295782,0.35503393447592707,0.43239818382071715,25,30,20
23,734,0.05819527143322352,0.15436809215738875,0.3550340996551951,0.43240253675419227,25,30,20
23,735,0.0635468215159957,0.1543681268033769,0.349683281707981,0.43240176997264645,25,30,20
23,736,0.0635559852236424,0.15436812679863646,0.3496832496637682,0.4323926383139534,25,30,20
23,737,0.0635463033647834,0.15437745482498985,0.34968360351289396,0.4323926382973335,25,30,20
23,738,0.06354596433771995,0.15437820793125212,0.3496831894289818,0.4323926383020468,25,30,20
23,739,0.05682804895855414,0.15437814636242794,0.35640214639452333,0.4323916582844954,25,30,20
23,740,0.07830029337439227,0.15437837956726982,0.334929657546424,0.4323916695119142,25,30,20
23,741,0.07830997044919256,0.1543783795626974,0.33493982116183213,0.4323718288262784,25,30,20
23,742,0.0782508339903056,0.1543783787058583,0.3279416295538102,0.4394291577500259,25,30,20
23,743,0.07825144746545522,0.15437837872545843,0.32793156759335007,0.4394386062157363,25,30,20
23,744,0.07827504193187099,0.15437837874332522,0.3279314736815332,0.43941510564327074,25,30,20
23,745,0.07827068119860392,0.154378378761254,0.32793152317392205,0.4394194168662213,25,30,20
23,746,0.058235628735514765,0.15437446449965836,0.3479762477841032,0.4394136589807262,25,30,20
23,747,0.06238948346976616,0.15437607531207756,0.34382288634638675,0.43941155487177147,25,30,20
23,748,0.062418257984045,0.1543469625670273,0.34382322333913307,0.4394115561097965,25,30,20
23,749,0.06241319285124338,0.15434696253921867,0.3438230576084993,0.43941678700104025,25,30,20
23,750,0.06403868032887278,0.15434696365856623,0.34383464370122646,0.43777971231133506,25,30,20
23,751,0.06403893719405838,0.15434696367749315,0.3438347851825397,0.43777931394590935,25,30,20
23,752,0.06402864633838927,0.15434696366236517,0.34383468130083744,0.43778970869840866,25,30,20
23,753,0.062412405280376414,0.15434696254259606,0.3438229133728568,0.43941771880417124,25,30,20
23,754,0.06241694101681427,0.1543423770003178,0.34382296412805696,0.4394177178548107,25,30,20
23,755,0.06240779652905254,0.1639243643787466,0.3342501353337124,0.43941770375848876,25,30,20
23,756,0.05828213065208718,0.16392275291814384,0.33837866817173307,0.4394164482580358,25,30,20
23,757,0.06528127505072338,0.1642177479252225,0.33108366845012716,0.43941730857392686,25,30,20
23,758,0.06529466912173254,0.1642177593625271,0.33107025849568766,0.43941731302005343,25,30,20
23,759,0.06526573767573401,0.16421775936320018,0.33122548780812416,0.4392910151529422,25,30,20
23,760,0.06526564237904174,0.16421775932985724,0.33106996245138576,0.4394466358397159,25,30,20
23,761,0.06526572821695088,0.16421775933499616,0.3312242162075732,0.4392922962404804,25,30,20
23,762,0.06527556433304127,0.1642177593256096,0.3310700375737015,0.4394366387676483,25,30,20
23,763,0.07588684261562903,0.16417599921686782,0.3205314856780892,0.4394056724894144,25,30,20
23,764,0.0686625061275662,0.16387940762782033,0.32795522347443135,0.4395028627701837,25,30,20
23,765,0.06952786679285516,0.16180481839775307,0.3291644136149051,0.4395029011944907,25,30,20
23,766,0.07090874497581415,0.16180532843255022,0.32788080126115055,0.43940512533048914,25,30,20
23,767,0.07090874496771091,0.16180532843255402,0.3278808005523532,0.4394051260473856,25,30,20
23,768,0.07091372632891861,0.1618053284466546,0.32788098573313335,0.4393999594912976,25,30,20
23,769,0.07091396427410306,0.16179602681010338,0.32789004941996036,0.4393999594958371,25,30,20
23,770,0.07090907514640665,0.16179602679168276,0.3278899141578389,0.43940498390407556,25,30,20
23,771,0.07091385006192014,0.16179602678736868,0.3278897851383534,0.43940033801236167,25,30,20
23,772,0.07092781228885664,0.15985465736203525,0.3298172274108383,0.4394003029382738,25,30,20
23,773,0.07090384277949617,0.1598546573384204,0.3298171820256565,0.4394243178564307,25,30,20
23,774,0.07089147382810135,0.15985465720043804,0.329829551781224,0.43942431719024105,25,30,20
23,775,0.07222060693554953,0.15985467278009474,0.3284993817092134,0.43942533857514576,25,30,20
23,776,0.0722318277920022,0.15985467282491225,0.3284881606939851,0.43942533868910394,25,30,20
23,777,0.0722461447355581,0.1598546728818245,0.3286446815066174,0.4392545008760035,25,30,20
23,778,0.07223689525685147,0.1598546728819197,0.32864468308527606,0.4392637487759559,25,30,20
23,779,0.07224639951243204,0.15984512400352593,0.32864472770567565,0.43926374877836877,25,30,20
23,780,0.07142029460873016,0.15980794847078797,0.3295080093060353,0.4392637476144492,25,30,20
23,781,0.07142517642805028,0.15980794848438007,0.3295080191138966,0.43925885597367526,25,30,20
23,782,0.07140433562811005,0.16001064902877446,0.329326158834379,0.4392588565087385,25,30,20
23,783,0.06393562393811131,0.16001064339017784,0.3367954941015831,0.43925823857013024,25,30,20
23,784,0.08278515391417797,0.15976150646167192,0.31821820239811144,0.4392351372260384,25,30,20
23,785,0.08769721131770664,0.15976153719797095,0.3133018839889007,0.4392393674954218,25,30,20
23,786,0.08769695761071862,0.15976153719772515,0.3133018589481832,0.43923964624337364,25,30,20
23,787,0.0910186088971438,0.1597459348524649,0.3099993237463804,0.43923613250401083,25,30,20
23,788,0.09099333334728649,0.15974593480825944,0.31058122125430304,0.43867951059015164,25,30,20
23,789,0.09102235446359588,0.1597459348552719,0.31058155488955075,0.4386501557915821,25,30,20
23,790,0.09263922723481857,0.15974593626561406,0.31059437265125395,0.4370204638483143,25,30,20
23,791,0.09260586036853667,0.15977601036176375,0.31059766605274564,0.43702046321695426,25,30,20
23,792,0.09364862211604004,0.159776358351527,0.30955450262741224,0.4370205169050215,25,30,20
23,793,0.09364820464539188,0.15977635834662868,0.3095544786526098,0.4370209583553708,25,30,20
23,794,0.12861834316690812,0.1597763287639834,0.27458856168819973,0.4370167663809096,25,30,20
23,795,0.12862810586353704,0.15977632877781814,0.2745832471471929,0.43701231821145237,25,30,20
23,796,0.12866099177379112,0.15977632799254107,0.27457870307669124,0.43698397715697707,25,30,20
23,797,0.12865103683484194,0.15977632797292418,0.2745786254276197,0.43699400976461467,25,30,20
23,798,0.12865112415585983,0.1597763279732573,0.27457865368052126,0.43699389419036216,25,30,20
23,799,0.16648164973097745,0.15977581871555302,0.23674764565317738,0.43699488590029284,25,30,20
23,800,0.18409981778318815,0.1598143624884967,0.21909035852597167,0.4369954612023447,25,30,20
23,801,0.18244553452907605,0.15981436188658646,0.21908222232262253,0.43865788126171623,25,30,20
23,802,0.18282389947572422,0.15981433029688893,0.2187039272480606,0.4386578429793275,25,30,20
23,803,0.15964163212261348,0.1598144142046933,0.23462721385910498,0.4459167398135894,25,30,20
23,804,0.1800831287578758,0.15981233522420926,0.21419099259112906,0.44591354342678713,25,30,20
23,805,0.18008320645337775,0.15981233522853297,0.2141909687278486,0.4459134895902421,25,30,20
23,806,0.18011205438744873,0.15977405521945484,0.214200399241586,0.445913491151512,25,30,20
23,807,0.15565429497095926,0.1613064953287611,0.2371242632041465,0.4459149464961343,25,30,20
23,808,0.155654377752013,0.16130649533373137,0.23712429318683742,0.445914833727419,25,30,20
23,809,0.15564960716579992,0.16130649534726524,0.2365421228935615,0.4465017745933744,25,30,20
23,810,0.1590827855282674,0.16130650029549398,0.23305878428687213,0.4465519298893675,25,30,20
23,811,0.1591161450887176,0.1612762728398117,0.2330556509183339,0.4465519311531379,25,30,20
23,812,0.15914002803934385,0.16127627283962392,0.23305567040054026,0.44652802872049224,25,30,20
23,813,0.15914011039478917,0.16128533120642521,0.23304653000076525,0.4465280283980208,25,30,20
23,814,0.15917374035254958,0.16128533123508806,0.2330467069271692,0.4464942214851934,25,30,20
23,815,0.1600744527475624,0.16128527555174935,0.2321970606581196,0.4464432110425689,25,30,20
23,816,0.1600829584446644,0.1612852759722189,0.2321777885551489,0.44645397702796735,25,30,20
23,817,0.1600995332382486,0.1612852760041662,0.23217814888505994,0.446437041872525,25,30,20
23,818,0.1600993697222119,0.16128527599967823,0.23217814854213376,0.446437205735976,25,30,20
23,819,0.16006101961294775,0.16132383205972722,0.23217794384330032,0.44643720448402463,25,30,20
23,820,0.16007789846589318,0.1613238348121634,0.2321844594392169,0.44641380728272667,25,30,20
23,821,0.16007788197779452,0.1613238347878557,0.23202805973623664,0.446570223498113,25,30,20
23,822,0.1536106214600245,0.16132677900460102,0.23848405712530135,0.44657854241007194,25,30,20
23,823,0.15358162210431542,0.16132677897692996,0.2384838373230942,0.4466077615956596,25,30,20
23,824,0.15154572218277404,0.16137989716581605,0.24047484127089366,0.44659953938051544,25,30,20
23,825,0.15152902784261468,0.16137989442334008,0.24046850046774343,0.446622577266301,25,30,20
23,826,0.15155896862858462,0.16137989447155135,0.24046895654343733,0.4465921803564259,25,30,20
23,827,0.15099961540296897,0.1613805037484264,0.24102868389519094,0.44659119695341437,25,30,20
23,828,0.13503031192657505,0.16138043975791558,0.23692738556821624,0.4666618627472941,25,30,20
23,829,0.1339644152430182,0.16138008074053434,0.23799369939666362,0.46666180461978535,25,30,20
23,830,0.13397435095115928,0.1613800807364832,0.23800161040115891,0.4666439579112002,25,30,20
23,831,0.13397416648826288,0.16138008072660903,0.2380015506195581,0.46664420216557195,25,30,20
23,832,0.13705101046062348,0.16138100713625028,0.23493209912716936,0.46663588327595895,25,30,20
23,833,0.13627011935923825,0.16138098602158382,0.2230920563715163,0.47925683824766385,25,30,20
23,834,0.1362796997058408,0.16138098601211331,0.2230920506682207,0.4792472636138273,25,30,20
23,835,0.13629442162935487,0.16138098603591267,0.2230922783297105,0.479232314005024,25,30,20
23,836,0.10321908839601697,0.16138099550691645,0.25616883588529654,0.4792310802117718,25,30,20
23,837,0.10640246895981952,0.1613814862018729,0.25298476581577384,0.4792312790225351,25,30,20
23,838,0.10637824204629764,0.1613814861733548,0.25298470645976767,0.47925556532058133,25,30,20
23,839,0.10351574234503332,0.16138095403595099,0.25585015719525156,0.47925314642376593,25,30,20
23,840,0.10384103965918921,0.16138095570550068,0.2558607715632954,0.4789172330720165,25,30,20
23,841,0.10228953625103443,0.15984824884539922,0.2589465878379634,0.47891562706560464,25,30,20
23,842,0.09912646495635526,0.15984936683344214,0.2621087376141098,0.478915430596094,25,30,20
23,843,0.09562894886162716,0.15980636919229424,0.2656468426617733,0.4789178392843065,25,30,20
23,844,0.09561942403971976,0.15980636917736293,0.26564663076512385,0.4789275760177938,25,30,20
23,845,0.09529396610322381,0.15980636752254068,0.2656360370388791,0.4792636293353567,25,30,20
23,846,0.09612655993726371,0.15980636755131164,0.2656400236584286,0.4784270488529955,25,30,20
23,847,0.09609770289269239,0.15980636749957258,0.26563968576768143,0.4784562438400528,25,30,20
23,848,0.09527095918855939,0.16186363658825592,0.2644092151891744,0.4784561890340096,25,30,20
23,849,0.09526491163090675,0.16186363655854535,0.264408898865069,0.4784625529454782,25,30,20
23,850,0.09524143654065399,0.1618636365494283,0.26460737040409893,0.4782875565058181,25,30,20
23,851,0.09523150235822636,0.16186363655339636,0.26459946045231986,0.478305400636057,25,30,20
23,852,0.09522706677187498,0.1618636365717509,0.26459977307524,0.47830952358113316,25,30,20
23,853,0.09514628425210248,0.16186202844437694,0.2646821674164136,0.4783095198871059,25,30,20
23,854,0.08877009213849747,0.16186208144201408,0.27105831693103066,0.4783095094884564,25,30,20
23,855,0.09982192534496043,0.161849025132583,0.2600093583777225,0.4783196911447326,25,30,20
23,856,0.0997429562608873,0.1618498452473482,0.26008754442444393,0.47831965406731913,25,30,20
23,857,0.09811768369151826,0.16184921781872996,0.2617135201725048,0.47831957831724486,25,30,20
23,858,0.09809595834953677,0.16184921775864833,0.2617131662160961,0.47834165767571735,25,30,20
23,859,0.09808654377183011,0.161855943379766,0.2617158545502672,0.4783416582981354,25,30,20
23,860,0.10049989057903719,0.15979930305946663,0.2613571146065931,0.47834369175490193,25,30,20
23,861,0.08289344703488752,0.16165275788404665,0.2771099676691001,0.47834382741196635,25,30,20
23,862,0.08291074040862291,0.1916937929684484,0.24705158276178704,0.4783438838611427,25,30,20
23,863,0.0829166071009301,0.1916937930155466,0.24705302331723275,0.47833657656629186,25,30,20
23,864,0.08288952074154583,0.20160644846232775,0.2371675110238919,0.47833651977223335,25,30,20
23,865,0.08288030529571103,0.20160644846395623,0.23736601145410674,0.47814723478622484,25,30,20
23,866,0.08374844879763199,0.20160645040490993,0.2364978255795737,0.47814727521788364,25,30,20
23,867,0.08375769691184697,0.20159721478478748,0.23649781339718876,0.478147274906176,25,30,20
23,868,0.08371730498270794,0.20159721334142586,0.2365381810354858,0.47814730064037975,25,30,20
23,869,0.08371747171271507,0.20159721334625,0.23653800917537726,0.47814730576565695,25,30,20
23,870,0.0837174732132388,0.2015972133463271,0.23653793450724223,0.4781473789331915,25,30,20
23,871,0.08371743982567781,0.20159721334659392,0.23653805657589785,0.47814729025183034,25,30,20
23,872,0.08371715739541025,0.20159721333482633,0.23633951205831,0.4783461172114534,25,30,20
23,873,0.08371846036545022,0.20142701213254316,0.23650841073488815,0.47834611676711813,25,30,20
23,874,0.0843463259869355,0.20142661934501954,0.2358802361941423,0.4783468184739036,25,30,20
23,875,0.08596708921357911,0.20142662086563543,0.23425929786817165,0.4783469920526148,25,30,20
23,876,0.08594805443234366,0.20142662086516355,0.23425914285123906,0.4783661818512547,25,30,20
23,877,0.08591468210319128,0.2014603780154722,0.23425875929451836,0.478366180586819,25,30,20
23,878,0.08678376755175739,0.20145949514147252,0.23339051868210206,0.47836621862466927,25,30,20
23,879,0.08784933838720937,0.20145983789676333,0.23231985443484673,0.47837096928118117,25,30,20
23,880,0.08784444135206745,0.2014598378736915,0.2323195153727483,0.4783762054014938,25,30,20
23,881,0.08784007848885482,0.2014521425347824,0.23233157295226634,0.47837620602409764,25,30,20
23,882,0.08850712999752544,0.20145190137007854,0.2316648346319205,0.47837613400047635,25,30,20
23,883,0.08851204942630664,0.2014519014076493,0.23166508489345147,0.47837096427259246,25,30,20
23,884,0.08852147407126804,0.20145190139827254,0.23146652292205774,0.47856010160840035,25,30,20
23,885,0.08894937383523333,0.20145272530637473,0.2310377820957474,0.4785601187626431,25,30,20
23,886,0.08899743966710942,0.201416270718284,0.23102616959242325,0.47856012002218207,25,30,20
23,887,0.05023479304120266,0.2014167862074363,0.26979547019252903,0.47855295055883057,25,30,20
23,888,0.05024404105303572,0.20141678620742579,0.2697954699097554,0.4785437028297816,25,30,20
23,889,0.05326454763687688,0.20141678511095204,0.2667750304676457,0.47854363678452466,25,30,20
23,890,0.05327467167799006,0.20139729431175257,0.2667843959486777,0.47854363806157857,25,30,20
23,891,0.046650689468814024,0.20140024107305654,0.273403574784471,0.47854549467365837,25,30,20
23,892,0.04666062663057463,0.20140024106907323,0.2734036263217837,0.4785355059785688,25,30,20
23,893,0.047273025659738094,0.20140024223288125,0.27342030281941926,0.47790642928796145,25,30,20
23,894,0.04728228547645185,0.20140024223345473,0.27342042238684333,0.47789704990325155,25,30,20
23,895,0.04728264590762854,0.20140024227559356,0.2734206539322073,0.4778964578845717,25,30,20
23,896,0.04727338613125192,0.20140024227502512,0.27342047214133,0.4779058994523941,25,30,20
23,897,0.047297104900963644,0.2014002422938366,0.27342061399800727,0.47788203880719365,25,30,20
23,898,0.056222721306219664,0.201399718965565,0.263869829285966,0.4785077304422491,25,30,20
23,899,0.05584317401098686,0.20139972649090962,0.26487330088672506,0.4778837986113782,25,30,20
23,900,0.05583819715032491,0.20140484295213285,0.2648731625195752,0.47788379737796716,25,30,20
23,901,0.055010045163224844,0.20140484290965563,0.2648690686583062,0.4787160432688134,25,30,20
23,902,0.0591827161052201,0.2014048449711012,0.2604705648136914,0.47894187410998784,25,30,20
23,903,0.060315166466723295,0.20027296968593397,0.2604699893135114,0.4789418745338315,25,30,20
23,904,0.06031002008821899,0.20027296966204894,0.260469869346173,0.47894714090355933,25,30,20
23,905,0.06031027743019208,0.20027296965740504,0.26046988670892535,0.4789468662034777,25,30,20
23,906,0.0523631927952273,0.20027731686064995,0.2683595129009158,0.47899997744320727,25,30,20
23,907,0.051302441072063096,0.20027697426033939,0.2694253572446622,0.47899522742293527,25,30,20
23,908,0.051258734927139775,0.2003211178501638,0.2694249213760465,0.47899522584664966,25,30,20
23,909,0.051268701110998585,0.20032111783698178,0.26942590024785174,0.47898428080416766,25,30,20
23,910,0.034163262368100286,0.200319525386013,0.2865330128105647,0.47898419943532244,25,30,20
23,911,0.0342219656688626,0.2023289310835806,0.28452527498146946,0.47892382826608737,25,30,20
23,912,0.03421618581730901,0.20232893105067537,0.2845239009838219,0.47893098214819346,25,30,20
23,913,0.03421592481051179,0.20232893105033883,0.2845238740897909,0.47893127004935837,25,30,20
23,914,0.03421649065905115,0.20232893107973499,0.2847226279077053,0.47873195035350835,25,30,20
23,915,0.034221248740464214,0.2023289310377636,0.2847224711983733,0.4787273490233997,25,30,20
23,916,0.03419711200778473,0.20232893101918348,0.28472231080256455,0.4787516461704678,25,30,20
23,917,0.034187691926161244,0.2023289310284828,0.28472236441716303,0.4787610126281935,25,30,20
23,918,0.03266393426992973,0.20232956836362465,0.28624747861707706,0.47875901874937055,25,30,20
23,919,0.032663544445927964,0.20232956834341984,0.2862451057910782,0.47876178141957637,25,30,20
23,920,0.03296541152349076,0.20232956839970265,0.2862497780128789,0.47845524206393025,25,30,20
23,921,0.03383489263989244,0.20232957002484528,0.28538018526940584,0.4784553520658585,25,30,20
23,922,0.03299862930084619,0.202329901191217,0.2862158317775251,0.4784556377304139,25,30,20
23,923,0.03301747036358929,0.20232990121522917,0.2862170732427701,0.4784355551784134,25,30,20
23,924,0.037721120324529483,0.20232918847610676,0.28151414299106636,0.47843554820829964,25,30,20
23,925,0.03801838555340506,0.20232918851487652,0.28152060494517084,0.4781318209865496,25,30,20
23,926,0.03618227424428758,0.2111723553881739,0.2745118059468379,0.4781335644207023,25,30,20
23,927,0.036241873191350485,0.2111723564802057,0.27457813292111927,0.4780076374073263,25,30,20
23,928,0.03623670693071597,0.21117235646451604,0.27437948114980126,0.47821145545496835,25,30,20
23,929,0.03623217390928669,0.21117235643717897,0.2743794033860296,0.47821606626750635,25,30,20
23,930,0.03622292911788212,0.211172285894047,0.27438871870908016,0.47821606627899227,25,30,20
23,931,0.03697485061770591,0.21164539323640283,0.2731643334167585,0.47821542272913287,25,30,20
23,932,0.03449225555232439,0.21164538979162795,0.2756478361131527,0.4782145185428947,25,30,20
23,933,0.03451788325029168,0.2116188931420962,0.27564870193032287,0.4782145216772893,25,30,20
23,934,0.03454681545248969,0.21161889316995183,0.2756489448939248,0.4781853464836335,25,30,20
23,935,0.03368374097807835,0.2096057975682407,0.27852517067771154,0.47818529077596816,25,30,20
23,936,0.03338145326717314,0.20960579751651998,0.278520405719129,0.47849234349717784,25,30,20
23,937,0.03223870971640874,0.21075733041946043,0.2785116180622332,0.47849234180189776,25,30,20
23,938,0.032238432881971014,0.21075733043309552,0.27851158900072925,0.47849264768420446,25,30,20
23,939,0.02466507161204368,0.21075733463486504,0.28631047467271314,0.47826711908037756,25,30,20
23,940,0.024670419772131164,0.21024148878279403,0.2868209715933014,0.47826711985177345,25,30,20
23,941,0.02498610136294929,0.21024149044203877,0.28683370347063,0.4779387047243821,25,30,20
23,942,0.019407687723564614,0.2102409354782036,0.29241270529223373,0.4779386715059989,25,30,20
23,943,0.01938168221833012,0.21024060213975523,0.2924385667636378,0.4779391488782783,25,30,20
23,944,0.019387252881373874,0.21024060296806493,0.2924388398602795,0.47793330429028397,25,30,20
23,945,0.01939221754063497,0.21024060294323316,0.2924338742375819,0.4779333052785501,25,30,20
23,946,0.01903806475053129,0.21027024224550236,0.2927585627577116,0.4779331302462551,25,30,20
23,947,0.01903823579277537,0.21027024225536706,0.29275862056896956,0.47793290138288846,25,30,20
23,948,0.01903823575250251,0.21026091693207402,0.29276794561611896,0.4779329016993048,25,30,20
23,949,0.019023596626171157,0.21026091692270638,0.29276781500576243,0.4779476714453608,25,30,20
23,950,0.019026410695315906,0.21026157296978665,0.2927652179104475,0.4779467984244515,25,30,20
23,951,0.019036366293890394,0.2102514918740677,0.292765342452247,0.4779467993797964,25,30,20
23,952,0.018962712070222622,0.21025149073976704,0.2926976611167957,0.478088136073216,25,30,20
23,953,0.018946583648789518,0.21026851895475324,0.2926967644633279,0.4780881329331316,25,30,20
23,954,0.018926657599690488,0.21026851813074038,0.29269540749737816,0.4781094167721929,25,30,20
23,955,0.018927043158602344,0.210087336302156,0.29287620275054044,0.4781094177887023,25,30,20
23,956,0.018926868105672786,0.21008733629221343,0.292876145045335,0.4781096505567801,25,30,20
23,957,0.01857342958955783,0.2100873346101225,0.2928632013231169,0.47847603447720444,25,30,20
23,958,0.018573165073316536,0.21008733460969478,0.29286070162896605,0.4784787986880248,25,30,20
23,959,0.018577552399800447,0.21008733461376572,0.2928607517393356,0.4784743612471004,25,30,20
23,960,0.018576792825676817,0.21026917555749297,0.2926796723362704,0.4784743592805626,25,30,20
23,961,0.01858587558235586,0.210269175557729,0.29267962897274025,0.47846531988717617,25,30,20
23,962,0.018581062896027435,0.21026917554376737,0.2926795192733776,0.47847024228682883,25,30,20
23,963,0.05674181081077126,0.21026835052522094,0.25451965261006804,0.4784701860539398,25,30,20
23,964,0.0567511434102067,0.21026835051584525,0.25451962194576705,0.4784608841281812,25,30,20
23,965,0.0806714075487271,0.2102683507543364,0.23059935297148373,0.47846088872545295,25,30,20
23,966,0.08098650656558942,0.2102677087473638,0.2302848580160882,0.4784609266709589,25,30,20
23,967,0.08104446029186901,0.21026770881344783,0.23028641653395404,0.47840141436072925,25,30,20
23,968,0.08189097111367982,0.21026771047892803,0.2302980123940672,0.4775433060133251,25,30,20
23,969,0.08189105774574167,0.2102677104977631,0.23029810014836605,0.4775431316081294,25,30,20
23,970,0.08104463589735048,0.21026770883708956,0.2302865334011247,0.4784011218644355,25,30,20
23,971,0.08135257642214425,0.210267722171478,0.22997853546745228,0.4784011659389263,25,30,20
23,972,0.08330991276549105,0.21023807666683073,0.22805096777307785,0.4784010427946015,25,30,20
23,973,0.07528162183305791,0.21023929684382525,0.23607597069804978,0.4784031106250686,25,30,20
23,974,0.07529625455277539,0.2102392968624784,0.236076107697418,0.4783883408873298,25,30,20
23,975,0.07532053508608864,0.2102392968823299,0.2362302587758441,0.47820990925573786,25,30,20
23,976,0.07531095233004743,0.210248874111477,0.2362302643188917,0.47820990923958445,25,30,20
23,977,0.07530144602935308,0.21024887409737414,0.23623018226188477,0.4782194976113885,25,30,20
23,978,0.07524349230717185,0.21024887403145315,0.2362285993879515,0.47827903427342383,25,30,20
23,979,0.07492279121784413,0.21024887171158002,0.23654934137529512,0.47827899569528076,25,30,20
23,980,0.07492232803698139,0.21076885430586678,0.2360298224390277,0.4782789952181244,25,30,20
23,981,0.07460085805160534,0.21076884097486703,0.2363513498137395,0.4782789511597879,25,30,20
23,982,0.07460088327302238,0.2107688409704041,0.23635138286860824,0.4782788928879647,25,30,20
23,983,0.0746007046615293,0.2107688409797718,0.23635139433505983,0.47827906002363835,25,30,20
23,984,0.07460067941055742,0.21076884098407675,0.23635153447720725,0.4782789451281579,25,30,20
23,985,0.07460068542216329,0.21076884098407575,0.23635135799477947,0.47827911559898084,25,30,20
23,986,0.07517771224854941,0.21076884143531915,0.2357743301251508,0.47827911619098024,25,30,20
23,987,0.07516857020766202,0.21076884145001673,0.23577441670630164,0.4782881716360193,25,30,20
23,988,0.07487114971859553,0.21076884139273996,0.23577036909258556,0.4785896397960787,25,30,20
23,989,0.0742586690086082,0.21076884022436446,0.23575387714420265,0.4792186136228241,25,30,20
23,990,0.07534168098050939,0.21076888912257782,0.20685823992977526,0.5070311899671371,25,30,20
23,991,0.0747442919334564,0.21076888898268947,0.20745562912915674,0.5070311899546966,25,30,20
23,992,0.070248846464322,0.20193006610963635,0.22079255091494826,0.5070285365110926,25,30,20
23,993,0.07026844283513334,0.20191054228807112,0.22079247833317647,0.5070285365436183,25,30,20
23,994,0.07837140801729277,0.20191281815417,0.21268450837200395,0.5070312654565334,25,30,20
23,995,0.07582462955381998,0.20191277032270805,0.20427522881548893,0.5179873713079822,25,30,20
23,996,0.07582489145635136,0.20191277034228158,0.2042753483898268,0.5179869898115396,25,30,20
23,997,0.07582497096882776,0.2019126681945296,0.20427537102014745,0.5179869898164945,25,30,20
23,998,0.07580068142997178,0.20191266817459436,0.20412469955124024,0.518161950844193,25,30,20
23,999,0.07579919681095117,0.20191200184954916,0.20412685053450189,0.5181619508049966,25,30,20
23,1000,0.07579564303714727,0.20191200176919033,0.20413040465080443,0.5181619505428572,25,30,20
23,1001,0.07580076522371275,0.20191200179784577,0.20428447113218798,0.5180027618462515,25,30,20
23,1002,0.07579126832927205,0.20192147001467886,0.20428449981018257,0.5180027618458652,25,30,20
23,1003,0.07580076268390668,0.20191200817484617,0.20428446730084945,0.5180027618403967,25,30,20
23,1004,0.07581016832948835,0.20191200815077653,0.20428439310179125,0.5179934304179433,25,30,20
23,1005,0.07580861907182078,0.20209028329404435,0.20410766709175973,0.517993430542375,25,30,20
23,1006,0.07578473658970132,0.2020902832757259,0.20410753361009462,0.5180174465244783,25,30,20
23,1007,0.07576050521714789,0.20211467882674822,0.20410736913604502,0.518017446820059,25,30,20
23,1008,0.07576042531458506,0.20211467882249942,0.2041040910599027,0.518020804803013,25,30,20
23,1009,0.07575101765559389,0.20212407762570572,0.20410409959835313,0.5180208051203475,25,30,20
23,1010,0.07574612549558343,0.20213826039680746,0.20409480960899018,0.5180208044986176,25,30,20
23,1011,0.07574637701062273,0.20213826040626248,0.2040984786956847,0.518016883887429,25,30,20
23,1012,0.07636295353862059,0.20150903651788624,0.20411108867501856,0.5180169212684734,25,30,20
23,1013,0.07800144503971622,0.1998473804060241,0.20413421560562775,0.5180169589486308,25,30,20
23,1014,0.0780168003815128,0.19983155951633602,0.20413467927102588,0.5180169608311241,25,30,20
23,1015,0.07802612808203117,0.19983155952039983,0.20413456721598458,0.5180077451815832,25,30,20
23,1016,0.07741442531179689,0.19983155837473687,0.20356109268074385,0.5191929236327213,25,30,20
23,1017,0.07742348359154866,0.19983155835049968,0.203560967837163,0.519183990220787,25,30,20
23,1018,0.07742429388604233,0.19983155835188868,0.2035612988099074,0.5191828489521599,25,30,20
23,1019,0.07742449129343992,0.19983155839048178,0.2035615882213659,0.5191823620947107,25,30,20
23,1020,0.07741515143733566,0.19986783346571546,0.20353465302412083,0.5191823620728262,25,30,20
23,1021,0.053104290889404895,0.19993898522882506,0.22776696292665108,0.5191897609551168,25,30,20
23,1022,0.0531042931231504,0.19993965252223603,0.22776629339941062,0.5191897609552015,25,30,20
23,1023,0.056364219476221465,0.19993846648825075,0.2244680233576838,0.5192292906778427,25,30,20
23,1024,0.05637352983903425,0.19993848008693205,0.2244586994374563,0.5192292906365763,25,30,20
23,1025,0.05638839505494167,0.19992761650691374,0.22445469744566782,0.5192292909924763,25,30,20
23,1026,0.05637872434391422,0.19992761651164995,0.22445465201754713,0.5192390071268886,25,30,20
23,1027,0.05637863377115233,0.19992761650667581,0.22445480206672153,0.5192389476554511,25,30,20
23,1028,0.08390372917898212,0.19985426556030372,0.1970130266530649,0.5192289786076502,25,30,20
23,1029,0.0839133182455683,0.1998542655603961,0.19701316639858463,0.5192192497954519,25,30,20
23,1030,0.08390293622584,0.19962689779125348,0.19725091746386186,0.5192192485190454,25,30,20
23,1031,0.08369918446791529,0.19726254526936723,0.1998190179387324,0.5192192523239836,25,30,20
23,1032,0.08370356531917736,0.1972625452732531,0.19981911888974227,0.5192147705178253,25,30,20
23,1033,0.08207431742962007,0.19891512182740928,0.1997958279111072,0.5192147328318618,25,30,20
23,1034,0.08208424442610951,0.1989151221114835,0.19979592248494094,0.5192047109774645,25,30,20
23,1035,0.082104593397124,0.19891512242006978,0.19979787298842522,0.5191824111943795,25,30,20
23,1036,0.08210904874197401,0.19891512240052403,0.19964382476250278,0.519332004094998,25,30,20
23,1037,0.08210424115508025,0.19915814057068798,0.19940561416842226,0.5193320041058083,25,30,20
23,1038,0.08212820810242066,0.19915814059398465,0.19940577850083366,0.5193078728027597,25,30,20
23,1039,0.08212812135201343,0.1991582087086577,0.19940579744852932,0.5193078724907978,25,30,20
23,1040,0.08212803262657394,0.19915820869952675,0.19940574465942768,0.51930801401447,25,30,20
23,1041,0.0821231439734535,0.1991582086860076,0.19940564748150866,0.5193129998590285,25,30,20
23,1042,0.0821377828732472,0.19915820869505038,0.19940591083108328,0.5192980976006182,25,30,20
23,1043,0.08154811230258796,0.19915746713893623,0.19999639483607762,0.5192980257223972,25,30,20
23,1044,0.08154887933917053,0.19915746713984528,0.19999909579386205,0.5192945577271212,25,30,20
23,1045,0.08153912120376175,0.19915746686026303,0.19999902686682205,0.5193043850691521,25,30,20
23,1046,0.081553476978188,0.19915746684978683,0.19999904582017825,0.5192900103518467,25,30,20
23,1047,0.08154770810331845,0.1991574530457237,0.20000482819666132,0.5192900106542968,25,30,20
23,1048,0.08156217940268345,0.19914281472508108,0.20000499426875762,0.519290011603478,25,30,20
23,1049,0.08155260274790037,0.19914281471580417,0.200004869642527,0.5192997128937686,25,30,20
23,1050,0.08156706898048269,0.199142814734375,0.2000048239857458,0.5192852922993961,25,30,20
23,1051,0.081542935483572,0.19914281470617706,0.20000451601220778,0.5193097337980428,25,30,20
23,1052,0.08152371168626474,0.19914281470172768,0.20000222668121148,0.5193312469307956,25,30,20
23,1053,0.08153312917137441,0.19914281470629075,0.20000223035354503,0.5193218257687894,25,30,20
23,1054,0.08153810070162118,0.1991428147294356,0.20000228500806017,0.5193167995608826,25,30,20
23,1055,0.08154735274451834,0.19914281473401366,0.19999867314439979,0.5193111593770678,25,30,20
23,1056,0.08154271234393785,0.19914281472016665,0.19999856805844746,0.5193159048774476,25,30,20
23,1057,0.08151987518465888,0.19916544656865273,0.1999987726817814,0.5193159055649066,25,30,20
23,1058,0.0815236991098417,0.1991654465630831,0.1999982961502211,0.5193125581768536,25,30,20
23,1059,0.08152360853249002,0.19916544655377375,0.1999982382564367,0.5193127066572992,25,30,20
23,1060,0.08153279009513671,0.19915613809845445,0.19999836574898833,0.5193127060574201,25,30,20
23,1061,0.08092583482537373,0.19977553748507176,0.1999859583564225,0.5193126693331314,25,30,20
23,1062,0.08091153412441557,0.19977553745769708,0.19998581965419848,0.5193271087636885,25,30,20
23,1063,0.08091617467439838,0.19977553747180068,0.19999607659339083,0.5193122112604096,25,30,20
23,1064,0.08093668661262604,0.1997755388673613,0.19999771615692924,0.519290058363083,25,30,20
23,1065,0.08094207446934566,0.19981289164813743,0.19995497514665733,0.51929005873586,25,30,20
23,1066,0.08180288732482467,0.1997766096408009,0.19913031564324465,0.51929018739113,25,30,20
23,1067,0.08180724265848567,0.19977660962194702,0.19912002704567755,0.5192961206738901,25,30,20
23,1068,0.08186047676094935,0.199738601614198,0.19910479807424422,0.5192961235506088,25,30,20
23,1069,0.08185151968427147,0.19973860162013474,0.19910481057634613,0.5193050681192478,25,30,20
23,1070,0.08184215478047202,0.19974815441854246,0.19910462426646766,0.5193050665345181,25,30,20
23,1071,0.08184266137188775,0.1997481544525272,0.19910493314851016,0.5193042510270756,25,30,20
23,1072,0.08183291285172677,0.19974815445194782,0.19910492874111044,0.5193140039552154,25,30,20
23,1073,0.08180315148473735,0.19974815305607457,0.1991032873710192,0.519345408088169,25,30,20
23,1074,0.08180804843483624,0.1997481530790618,0.19910338892235357,0.5193404095637483,25,30,20
23,1075,0.08094713601837288,0.19976718708451588,0.19994539598346378,0.5193402809136469,25,30,20
23,1076,0.08094962089684316,0.19974847929847594,0.19996161840300924,0.5193402814016711,25,30,20
23,1077,0.08094455874006902,0.19974847927074482,0.1999614504053674,0.5193455115838183,25,30,20
23,1078,0.08094183246290455,0.19974816002699036,0.19996449636854044,0.5193455111415642,25,30,20
23,1079,0.08095052291272216,0.19974816003505466,0.19996419551392086,0.5193371215383016,25,30,20
23,1080,0.08096010773143035,0.19974816003505702,0.19997206065423515,0.5193196715792766,25,30,20
23,1081,0.08096011619919316,0.1997481600636872,0.19996440676956642,0.5193273169675525,25,30,20
23,1082,0.08098294987314711,0.1997255707125319,0.19996416377290496,0.5193273156414151,25,30,20
23,1083,0.08096891943958638,0.19972557068949062,0.1999642013817964,0.5193413084891257,25,30,20
23,1084,0.08096883027461153,0.1997255706843536,0.19996397126266222,0.5193416277783716,25,30,20
23,1085,0.08096933216740662,0.19972557069420419,0.19996402828781648,0.5193410688505716,25,30,20
23,1086,0.08096949805121899,0.1997255706896423,0.1999640741719804,0.5193408570871573,25,30,20
23,1087,0.08096933150465432,0.19972557068466204,0.19996406685700147,0.519341030953681,25,30,20
23,1088,0.08096948623038414,0.19972555911762285,0.19996392285936182,0.5193410317926301,25,30,20
23,1089,0.07715294430740406,0.1997278374453117,0.20356844317206949,0.519550775075215,25,30,20
23,1090,0.0793318559207261,0.19972858084730624,0.20135159705343447,0.5195879661785332,25,30,20
23,1091,0.07930822869570825,0.1997522994512416,0.20135150561856047,0.5195879662344898,25,30,20
23,1092,0.07930940680972873,0.1997522995146502,0.20135189586033417,0.5195863978152869,25,30,20
23,1093,0.0793094969904074,0.19975229952426887,0.20135195653175908,0.5195862469535648,25,30,20
23,1094,0.0801969509107869,0.1997523019623471,0.20046445947278152,0.5195862876540845,25,30,20
23,1095,0.08019211648449741,0.1997565804817443,0.20046501479422144,0.5195862882395378,25,30,20
23,1096,0.0801878832731612,0.19975658048308773,0.20046512671170183,0.5195904095320504,25,30,20
23,1097,0.08020234957546343,0.19973286259402293,0.20047437770958346,0.5195904101209305,25,30,20
23,1098,0.080212011396734,0.199732862584376,0.20047433050759478,0.5195807955112958,25,30,20
23,1099,0.08020310023980656,0.1997328625702929,0.20047418498597785,0.5195898522039234,25,30,20
23,1100,0.08021199557284037,0.19973286255599024,0.20047412095367068,0.5195810209174995,25,30,20
23,1101,0.08106784325002993,0.1997328626019022,0.2006754826349865,0.5185238115130822,25,30,20
23,1102,0.0810678421417915,0.19973286260191514,0.2006754839122128,0.5185238113440815,25,30,20
23,1103,0.08107725240374201,0.1997328626019017,0.2006754807389816,0.5185144042553755,25,30,20
23,1104,0.08365825180217763,0.1997327859951618,0.19809471229445677,0.5185142499082044,25,30,20
23,1105,0.08368355332150414,0.1997707952458513,0.1980313998418465,0.5185142515907998,25,30,20
23,1106,0.0836835731498369,0.19977079525108496,0.19803144200493084,0.518514189594149,25,30,20
23,1107,0.07783185640329204,0.1997767817884718,0.20408708349589383,0.5183042783123452,25,30,20
23,1108,0.0773243434919767,0.223726789870672,0.18064457474146653,0.5183042918958869,25,30,20
23,1109,0.07731981329717864,0.22372678987003258,0.18064700666375086,0.51830639016904,25,30,20
23,1110,0.07731465666239157,0.22372678985125485,0.1806444713204836,0.518314082165872,25,30,20
23,1111,0.07846000793954075,0.22372678988930159,0.1808924728115076,0.5169207293596518,25,30,20
23,1112,0.07856196258189783,0.22372742128780967,0.18078988616894762,0.5169207299613467,25,30,20
23,1113,0.07855280242555632,0.22372742130181256,0.1807899545477193,0.516929821724914,25,30,20
23,1114,0.07804085234447786,0.22372742290518258,0.18060003807498795,0.5176316866753535,25,30,20
23,1115,0.077672297416466,0.19977774986081073,0.20491831901345936,0.5176316337092657,25,30,20
23,1116,0.07765177881955103,0.19977774955679375,0.20491623355135083,0.5176542380723057,25,30,20
23,1117,0.07790295780749766,0.19976378552829177,0.20183234242033182,0.520500914243883,25,30,20
23,1118,0.043100878000528864,0.19976388588251845,0.20266125839089333,0.5544739777260633,25,30,20
23,1119,0.04007915324354821,0.19976378521268712,0.19971243884146056,0.5604446227023065,25,30,20
23,1120,0.0400792331363253,0.1997596257912684,0.1997165183752352,0.5604446226971733,25,30,20
23,1121,0.03270891752634503,0.19975922614120314,0.2071655778073198,0.5603662785251342,25,30,20
23,1122,0.03273237617242489,0.1997592261499317,0.20716564841158686,0.5603427492660588,25,30,20
23,1123,0.034040402621971735,0.1997592434197138,0.2058545473164142,0.5603458066419023,25,30,20
23,1124,0.033800195472090816,0.19975924235512504,0.20590077704480103,0.5605397851279846,25,30,20
23,1125,0.03381465805392866,0.1997592423829024,0.20590096622514062,0.5605251333380298,25,30,20
23,1126,0.03385335783531631,0.19975924243050522,0.20591141449824307,0.5604759852359371,25,30,20
23,1127,0.03385353502537338,0.1997511774506434,0.2059193022718354,0.5604759852521495,25,30,20
23,1128,0.033877079603936544,0.19973538185794507,0.20591155268595768,0.5604759858521625,25,30,20
23,1129,0.03246698650503188,0.1997727275322983,0.20728735741419885,0.5604729285484723,25,30,20
23,1130,0.032448166590788044,0.19977272753231834,0.20728736012469615,0.560491745752199,25,30,20
23,1131,0.032758508646663034,0.19973529230722264,0.2070144178201502,0.560491781225967,25,30,20
23,1132,0.03278230240095795,0.19973529233028006,0.20701453255405436,0.5604678727147101,25,30,20
23,1133,0.011022521947271538,0.19973491503545202,0.22877478404351936,0.5604677789737604,25,30,20
23,1134,0.011022691801264415,0.19973491503080812,0.22877478232001397,0.5604676108479167,25,30,20
23,1135,0.011008217030128836,0.199734915002689,0.22877472607113483,0.5604821418960502,25,30,20
23,1136,0.011018876988904549,0.19973491506915966,0.2287853188939536,0.5604608890479837,25,30,20
23,1137,0.011337606032297377,0.19973491695775103,0.2287842573212226,0.5601432196887306,25,30,20
23,1138,0.010206648366039827,0.19973491692860176,0.22853638408663066,0.5615220506187288,25,30,20
23,1139,0.010206650003988509,0.19973491692868867,0.2285262454731507,0.5615321875941737,25,30,20
23,1140,0.01021072182227595,0.19973491693200035,0.22852609031697071,0.5615282709287547,25,30,20
23,1141,0.01017686392399119,0.1997349046479825,0.22855996311063367,0.5615282683173952,25,30,20
23,1142,0.010181924260828009,0.19973490467130212,0.2285601053582517,0.5615230657096206,25,30,20
23,1143,0.010172503485728733,0.19973490467579416,0.2285601050344987,0.5615324868039806,25,30,20
23,1144,0.010181762435482604,0.19972533431178305,0.22856041520244713,0.5615324880502901,25,30,20
23,1145,0.010507060362034238,0.19972533545598833,0.2285687599388948,0.5611988442430859,25,30,20
23,1146,0.01050672496515248,0.19972533544203133,0.22856872671228612,0.5611992128805336,25,30,20
23,1147,0.010507058810161517,0.1997253354512531,0.2285687312051038,0.5611988745334853,25,30,20
23,1148,0.010153661155750964,0.19972533377305976,0.2285570055713298,0.5615639994998634,25,30,20
23,1149,0.010168193700543816,0.19971990405781498,0.2285479014717653,0.5615640007698792,25,30,20
23,1150,0.00983375358072844,0.19971990213453197,0.2285385677716629,0.5619077765130799,25,30,20
23,1151,0.009834009451885317,0.19971990213941906,0.2285385976359468,0.5619074907727523,25,30,20
23,1152,0.009829107885636594,0.19971990211152751,0.22853834540380508,0.5619126445990342,25,30,20
23,1153,0.009503374038273832,0.1997199009717896,0.22852982837623653,0.5622468966137035,25,30,20
23,1154,0.009512876009393425,0.1997199009858888,0.22853001819962304,0.5622372048050983,25,30,20
23,1155,0.009824118457435164,0.19940219585880786,0.2285364067858362,0.5622372788979244,25,30,20
23,1156,0.009857497804482009,0.1994021958729602,0.22853656228005417,0.562203744042507,25,30,20
23,1157,0.009857243190286158,0.1994021958680655,0.22853653317023345,0.5622040277714181,25,30,20
23,1158,0.00985723893491931,0.19940219586797578,0.22853652948711872,0.5622040357099894,25,30,20
23,1159,0.009857236245406114,0.1994021958821503,0.22853656460431374,0.562204003268133,25,30,20
23,1160,0.009858935476614256,0.19940014063416214,0.22853691868936304,0.5622040051998638,25,30,20
23,1161,0.010132756749148654,0.19940014065901868,0.2285403029936653,0.56192679959817,25,30,20
23,1162,0.010132082315411572,0.19940088535391567,0.22854023273831064,0.5619267995923625,25,30,20
23,1163,0.010141588208091197,0.19940088537307052,0.22854052736096986,0.5619169990578687,25,30,20
23,1164,0.010112473156927095,0.1994008853255531,0.22853007973472894,0.5619565617827907,25,30,20
23,1165,0.010113565676039533,0.19940088530905506,0.22853010107662444,0.5619554479382806,25,30,20
23,1166,0.010075130640502838,0.1994008852579082,0.22852981735287056,0.5619941667487179,25,30,20
23,1167,0.009749504592233019,0.19973702181353536,0.22851938092170113,0.5619940926725299,25,30,20
23,1168,0.009745177773940197,0.19973702185119815,0.22851963236475104,0.5619981680101103,25,30,20
23,1169,0.009735594507481387,0.19973702185119424,0.2285196335720494,0.5620077500692748,25,30,20
23,1170,0.009734339521753545,0.19973702177428304,0.22852194893987954,0.5620066897640836,25,30,20
23,1171,0.009733715513405718,0.19973832019197343,0.2285212757795715,0.5620066885150501,25,30,20
23,1172,0.009743299914366068,0.19973832019256446,0.2285214569941723,0.5619969228988979,25,30,20
23,1173,0.025231054625946624,0.19974825891072118,0.21302251799598818,0.5619981684673452,25,30,20
23,1174,0.025221806593856436,0.19974825891073478,0.2130223803299395,0.5620075541654699,25,30,20
23,1175,0.025217423636715468,0.19974825890181272,0.21302230254079216,0.5620120149206804,25,30,20
23,1176,0.02522269185169959,0.19974825886051323,0.2130221543014569,0.5620068949863309,25,30,20
23,1177,0.025232369373025764,0.1997482588559476,0.21302220021137344,0.5619971715596539,25,30,20
23,1178,0.025567573183546997,0.19974826052990974,0.2130327531890301,0.561651413097514,25,30,20
23,1179,0.02555790017835289,0.1997482605344773,0.21303270599230972,0.5616611332948609,25,30,20
23,1180,0.025557981357639356,0.1997482605392797,0.21303287556490036,0.5616608825381814,25,30,20
23,1181,0.026407892194292203,0.19971090879324818,0.21222027937225132,0.5616609196402085,25,30,20
23,1182,0.02642102368260641,0.18969328378341677,0.22222477548090477,0.5616609170530731,25,30,20
23,1183,0.0187150392220528,0.18969329281928787,0.22993100351640205,0.5616606644422597,25,30,20
23,1184,0.01837049726118356,0.1896932911357108,0.2299203020940156,0.5620159095090921,25,30,20
23,1185,0.018700532833128704,0.18969329233621607,0.22992874983617445,0.5616774249944828,25,30,20
23,1186,0.018700784625467693,0.1896932923457484,0.22992873401266883,0.561677189016117,25,30,20
23,1187,0.01869880346089002,0.18969329231389426,0.23297107810425316,0.5586368261209642,25,30,20
23,1188,0.018698548668300948,0.18969329230915138,0.23297118997497043,0.5586369690475788,25,30,20
23,1189,0.01870286348736,0.18969329231426424,0.2331695695247044,0.558434274673673,25,30,20
23,1190,0.018686691655053024,0.18969295504049197,0.23318607961998747,0.5584342736844631,25,30,20
23,1191,0.018715462558625794,0.1896929550631192,0.23310176327142912,0.5584898191068217,25,30,20
23,1192,0.01793297292767608,0.1917144081930364,0.23186282969400834,0.558489789185274,25,30,20
23,1193,0.017908796331895866,0.2015180545787748,0.22208336115564958,0.5584897879336753,25,30,20
23,1194,0.017880480474711365,0.20151805453665528,0.2192265308198763,0.5613749341687526,25,30,20
23,1195,0.017811928348427545,0.19949661476463704,0.22131653022367523,0.5613749266632557,25,30,20
23,1196,0.017864735644435123,0.19949661482066006,0.22131680290688738,0.5613218466280129,25,30,20
23,1197,0.017874410658065876,0.19949661481608819,0.22131699667177823,0.5613119778540632,25,30,20
23,1198,0.018448798160760064,0.1994966194363381,0.22074260335157692,0.56131197905132,25,30,20
23,1199,0.03476133717208895,0.19949675870976014,0.20442630943283505,0.5613155946853116,25,30,20
23,1200,0.03561741251355797,0.19863198674943952,0.20443496765013097,0.5613156330868684,25,30,20
23,1201,0.03562708132721946,0.19863198675440763,0.20443485915021742,0.5613060727681521,25,30,20
23,1202,0.035617675921711243,0.19863214069982382,0.20444411027087805,0.5613060731075838,25,30,20
23,1203,0.03561741698171824,0.19863214069481694,0.20444407876765197,0.56130636355581,25,30,20
23,1204,0.035617418101446384,0.19885786736000036,0.2042183506881582,0.561306363850392,25,30,20
23,1205,0.03561715923254265,0.1988578673605744,0.2042181137052483,0.5613068597016313,25,30,20
23,1206,0.035583787117051194,0.19889140966102783,0.20421794447368938,0.5613068587482285,25,30,20
23,1207,0.0352822581649373,0.1988914084739327,0.20420944736972899,0.561616885991398,25,30,20
23,1208,0.03529158776121012,0.19889140846439168,0.20420941365024298,0.5616075901241516,25,30,20
23,1209,0.035330064552429874,0.19889140848450418,0.2042113269973472,0.5615671999657151,25,30,20
23,1210,0.021157157157330894,0.19888111896483765,0.2183957309920351,0.5615659928857931,25,30,20
23,1211,0.02115691504131239,0.19888111896003913,0.21839570133978436,0.561566264658861,25,30,20
23,1212,0.011902256701457887,0.1988815928285767,0.22765280524518747,0.5615633452247747,25,30,20
23,1213,0.011893359788550778,0.1988815928428794,0.22765287319924155,0.561572174169325,25,30,20
23,1214,0.011902754808052349,0.19888160438115102,0.22764346692645174,0.5615721738843432,25,30,20
23,1215,0.011339226405389272,0.1989176563668961,0.22817094300524068,0.5615721742224725,25,30,20
23,1216,0.010488208813658377,0.19977312667761749,0.22816652776374677,0.5615721367449757,25,30,20
23,1217,0.010190927714861815,0.1997731266391745,0.22816303640438373,0.5618729092415787,25,30,20
23,1218,0.010210006595367794,0.19975387333920078,0.22816321112993035,0.5618729089354995,25,30,20
23,1219,0.01020999894175757,0.19975387333911152,0.2281632100642575,0.561872917654872,25,30,20
23,1220,0.0102149860688361,0.19975387337689768,0.22816346718949188,0.5618676733647734,25,30,20
23,1221,0.010229537359402492,0.1997538733873641,0.23109059817068076,0.5589259910825514,25,30,20
23,1222,0.010229458070062107,0.1997538999896003,0.23109065115821728,0.5589259907821185,25,30,20
23,1223,0.010229481038694387,0.19975390000359333,0.23108795347029867,0.5589286654874123,25,30,20
23,1224,0.010219888576667233,0.19975389999412804,0.2310879466992145,0.5589382647299882,25,30,20
23,1225,0.010219806153905093,0.19975390000291923,0.231087973232634,0.5589383206105399,25,30,20
23,1226,0.010229052055964442,0.19975374647595498,0.23107888118610054,0.5589383202819787,25,30,20
23,1227,0.010228452943659117,0.1997537464618166,0.23107886909795497,0.5589389314965674,25,30,20
23,1228,0.010213060749002141,0.1997537464837863,0.2310788057534853,0.5589543870137251,25,30,20
23,1229,0.010213221890706572,0.1997535815027515,0.23107880959852076,0.55895438700802,25,30,20
23,1230,0.010208722900379198,0.19952463282372596,0.23131225061740335,0.5589543936584901,25,30,20
23,1231,0.0038722803651774695,0.19952401210888168,0.23765006504042877,0.5589536424855108,25,30,20
23,1232,0.0038518571554791753,0.2294242325174224,0.20777026992340944,0.5589536404036873,25,30,20
23,1233,0.0038467959346703854,0.2294242324752274,0.2077701161895459,0.5589588554005542,25,30,20
23,1234,0.003107047024850371,0.2294242304169135,0.20850991025921042,0.5589588122990239,25,30,20
23,1235,0.003078027858989389,0.22942423037952117,0.2085096359062864,0.5589881058552012,25,30,20
23,1236,0.003068599821966704,0.22942423036051898,0.20850952104629658,0.5589976487712158,25,30,20
23,1237,0.010375405098891377,0.22942758787361575,0.20119909224999802,0.558997914777493,25,30,20
23,1238,0.010384493991255706,0.23925192348642668,0.19136566816589975,0.5589979143564198,25,30,20
23,1239,0.01036583951690381,0.23925192385836028,0.19138432225189983,0.5589979143728336,25,30,20
23,1240,0.010322279030558126,0.23925192380223975,0.19138662159863304,0.5590391755685661,25,30,20
23,1241,0.010346005789226896,0.23925192381644428,0.19167227082988908,0.5587297995644369,25,30,20
23,1242,0.01092520421450649,0.23925192386298547,0.19169109687266686,0.5581317750498385,25,30,20
23,1243,0.011691914960011459,0.23925171322374184,0.19092462049053652,0.5581317513257072,25,30,20
23,1244,0.011682049224785631,0.2392517132089901,0.19092455120007723,0.5581416863661443,25,30,20
23,1245,0.01169651109056138,0.23925171322723784,0.19092197244764234,0.5581298032345559,25,30,20
23,1246,0.011697057043767126,0.2392517015548484,0.19092143566438732,0.5581298057369972,25,30,20
23,1247,0.011687812081383182,0.23925170155485875,0.19092143699765948,0.5581390493660979,25,30,20
23,1248,0.04042374172438236,0.23924836286796913,0.16212557786582793,0.5582023175418195,25,30,20
23,1249,0.04046835194357116,0.23938409770043992,0.16194519545545574,0.5582023549005322,25,30,20
23,1250,0.04046818920038787,0.23938435492599536,0.16194510097868325,0.5582023548949325,25,30,20
23,1251,0.0439126586937213,0.23938433670145412,0.15856418418479937,0.5581388204200244,25,30,20
23,1252,0.04393144908359622,0.23959491982109282,0.15833481638824345,0.5581388147070672,25,30,20
23,1253,0.044270944241686115,0.2395949212286136,0.15834487935904998,0.5577892551706496,25,30,20
23,1254,0.04313187923182351,0.23959492193863516,0.1594839309413031,0.5577892678882376,25,30,20
23,1255,0.043122470753532385,0.23959492193424864,0.1594839324374742,0.5577986748747442,25,30,20
23,1256,0.04312238563581745,0.23959492193432408,0.1594838311790917,0.5577988612507664,25,30,20
23,1257,0.043424772152180886,0.2395949219868062,0.15949038957017989,0.5574899162908324,25,30,20
23,1258,0.043440688002821616,0.2395949219975505,0.15949959195077254,0.5574647980488547,25,30,20
23,1259,0.04311046365783594,0.23959492059054455,0.15948980030259918,0.5578048154490197,25,30,20
23,1260,0.043139460506302234,0.23959492063229726,0.15948983287602744,0.5577757859853726,25,30,20
23,1261,0.043144709437697194,0.23958545289220823,0.15949405103960554,0.5577757866304887,25,30,20
23,1262,0.043153708857945616,0.23958545288713917,0.15949402142163524,0.5577668168332801,25,30,20
23,1263,0.043139401763330365,0.23958545287738903,0.15950724709797817,0.5577678982613022,25,30,20
23,1264,0.04283701520719421,0.2395854528248181,0.15950069108237355,0.558076840885614,25,30,20
23,1265,0.04286089029142108,0.23958545284770716,0.15950096307220948,0.5580526937886618,25,30,20
23,1266,0.04287064788186082,0.23958545284763297,0.15950098976026655,0.558042909510239,25,30,20
23,1267,0.042923538814989656,0.23958545290806488,0.15950152697583722,0.5579894813011083,25,30,20
23,1268,0.042913725750896935,0.23958545291772484,0.15950154989009163,0.5579992714412867,25,30,20
23,1269,0.04286116708722035,0.23958545286626298,0.15950098791421582,0.5580523921323011,25,30,20
23,1270,0.04286104549177344,0.23958545286531374,0.15950089178493163,0.5580526098579813,25,30,20
23,1271,0.04283115130099614,0.2396087440075955,0.15950753161181738,0.5580525730795908,25,30,20
23,1272,0.04284707697355593,0.23935622415526306,0.15974408861967843,0.5580526102515022,25,30,20
23,1273,0.042817591833129,0.23935622413023291,0.1597421438985104,0.558084040138127,25,30,20
23,1274,0.04284131237488075,0.23935622414415872,0.15974227695658927,0.5580601865243706,25,30,20
23,1275,0.036984868241203145,0.23935638134306114,0.16549398786448288,0.5581647625512511,25,30,20
23,1276,0.036984868151967214,0.23935638134322304,0.16549398876004845,0.5581647617447595,25,30,20
23,1277,0.0369610766890134,0.23935638132050205,0.16549374598988995,0.5581887960005929,25,30,20
23,1278,0.036955042881414914,0.2393563814929838,0.16549977996201218,0.5581887956635885,25,30,20
23,1279,0.03694066531337238,0.2393563814793894,0.165499674074713,0.5582032791325245,25,30,20
23,1280,0.03694543858437743,0.23935583341529326,0.16549544979217137,0.5582032782081561,25,30,20
23,1281,0.03694502062066625,0.23935627334271023,0.16549542752841567,0.558203278508206,25,30,20
23,1282,0.03693569890243841,0.23935627333809098,0.16549540271723745,0.5582126250422312,25,30,20
23,1283,0.04524651769171469,0.23938539332975112,0.157155334070597,0.5582127549079366,25,30,20
23,1284,0.012731483075851773,0.23938523514622745,0.18977511624165316,0.5581081655362653,25,30,20
23,1285,0.0127082928321598,0.23938523514201823,0.1894895484908444,0.5584169235349761,25,30,20
23,1286,0.012708017433446508,0.23938608179189502,0.18948908321317467,0.5584168175614839,25,30,20
23,1287,0.012684037755769642,0.2394194814663073,0.18947966384354328,0.5584168169343797,25,30,20
23,1288,0.01382503067618062,0.23941948420076564,0.18967423740448816,0.5570812477185656,25,30,20
23,1289,0.013801563519745099,0.2394194841917504,0.18967413612618622,0.5571048161623183,25,30,20
23,1290,0.013768281308637735,0.2394194841732084,0.1896739999445614,0.5571382345735922,25,30,20
23,1291,0.014622070056689947,0.23941948422858175,0.18967793459334087,0.5562805111213869,25,30,20
23,1292,0.014042780978364904,0.23941948417707126,0.1896590761422875,0.5568786587022755,25,30,20
23,1293,0.014061340584449912,0.23940503633377283,0.18965496441354884,0.5568786586682275,25,30,20
23,1294,0.014085767795962071,0.23940505155032313,0.18963052132230407,0.5568786593314107,25,30,20
23,1295,0.014136276553212377,0.23940566820473955,0.18957938313502928,0.5568786721070187,25,30,20
23,1296,0.011390000490348438,0.2393856150338058,0.19200203766426885,0.5572223468115769,25,30,20
23,1297,0.011399095457825435,0.23938561532113375,0.1920022603340113,0.5572130288870297,25,30,20
23,1298,0.01025851772112041,0.23938561258227772,0.19180771011665773,0.5585481595799443,25,30,20
23,1299,0.010252099469940244,0.23938561258081312,0.19179853750859227,0.5585637504406544,25,30,20
23,1300,0.010227011522095764,0.23964729930844633,0.19156197495607935,0.5585637142133781,25,30,20
23,1301,0.01109678610840411,0.23964730044218882,0.1915703127610925,0.5576856006883143,25,30,20
23,1302,0.011131243460963234,0.2396473135679792,0.19153581755175375,0.5576856254193036,25,30,20
23,1303,0.011140755768229529,0.23964731358245825,0.19153608548125856,0.557675845168053,25,30,20
23,1304,0.017045527718705843,0.23974694511466554,0.18580002334461387,0.557407503822014,25,30,20
23,1305,0.020479146220431024,0.23974631329013577,0.18236701854106432,0.5574075219483673,25,30,20
23,1306,0.0204794018236621,0.23974631329993015,0.1823749415357527,0.5573993433406534,25,30,20
23,1307,0.01960464327974421,0.23974631214238,0.18236643629689497,0.5582826082809794,25,30,20
23,1308,0.0199501065052471,0.2397463132876913,0.18237516393774758,0.5579284162693124,25,30,20
23,1309,0.010047348253647746,0.24124526200963378,0.19083426824025415,0.557873121496463,25,30,20
23,1310,0.0225889085280861,0.23969386834427753,0.1798623313023951,0.5578548918252398,25,30,20
23,1311,0.022579147634831886,0.23969386832474554,0.1798620364503279,0.5578649475900933,25,30,20
23,1312,0.02256964401385724,0.23969386831496312,0.17985411365974602,0.5578823740114323,25,30,20
23,1313,0.02259336332095696,0.23969386832896727,0.17985424619766643,0.5578585221524078,25,30,20
23,1314,0.022631626859948604,0.23969386837588075,0.17985475232550155,0.5578197524386675,25,30,20
23,1315,0.04594858171150684,0.23963768853567022,0.1565233964007396,0.5578903333520846,25,30,20
23,1316,0.04592486143634978,0.23966156282038814,0.15652324267392279,0.5578903330693404,25,30,20
23,1317,0.045948745903000826,0.23963741375563244,0.15652350758385314,0.5578903327575148,25,30,20
23,1318,0.04594966845854887,0.23963656920809792,0.15652441331079156,0.5578893490225617,25,30,20
23,1319,0.045940331372477286,0.2396365692032181,0.15652438230022356,0.557898717124081,25,30,20
23,1320,0.04594092206641304,0.23963288625485532,0.15652747517127072,0.5578987165074609,25,30,20
23,1321,0.04388130396630079,0.23963338403782802,0.15858638134352998,0.5578989306523411,25,30,20
23,1322,0.04082085086700467,0.2396811477264712,0.16159896770436927,0.5578990337021531,25,30,20
23,1323,0.04048480490672477,0.23968114659037174,0.16159042193388184,0.5582436265690197,25,30,20
23,1324,0.04199059098280843,0.23968109891744288,0.16015719410335347,0.5581711159963944,25,30,20
23,1325,0.041990700872455634,0.23968096100333583,0.16015722211523856,0.5581711160089692,25,30,20
23,1326,0.04365852806055133,0.2396809495370301,0.1584882643270765,0.5581722580753419,25,30,20
23,1327,0.043644628958558924,0.23968094953149383,0.1582897052196886,0.5583847162902587,25,30,20
23,1328,0.04365352903970768,0.23968094952019087,0.15829221708440366,0.5583733043556973,25,30,20
23,1329,0.0584954887034004,0.23968096512111803,0.14345134989813835,0.5583721962773428,25,30,20
23,1330,0.05851896446288728,0.23968096513006,0.14345147509546166,0.5583485953115904,25,30,20
23,1331,0.058509361325207426,0.23968096512663348,0.14344887977326176,0.5583607937748967,25,30,20
23,1332,0.05850943779969862,0.23968096483019175,0.14345877169164237,0.5583508256784666,25,30,20
23,1333,0.05850971537427511,0.2396809781268572,0.1434041859068414,0.5584051205920258,25,30,20
23,1334,0.040582856795130046,0.23968112658265753,0.1613285650951605,0.5584074515270498,25,30,20
23,1335,0.04057369455737069,0.23950940742616963,0.16150944678363965,0.5584074512328183,25,30,20
23,1336,0.04054546329517073,0.2395094074120089,0.16150921099113888,0.5584359183016792,25,30,20
23,1337,0.04054571244219436,0.23950909398901568,0.16150927558405853,0.55843591798473,25,30,20
23,1338,0.040555305453078984,0.2395090940127443,0.16150939324351518,0.5584262072906604,25,30,20
23,1339,0.04054606975950024,0.23950909401292642,0.1619527238863547,0.5579921123412169,25,30,20
23,1340,0.04055539630998765,0.23950909401797751,0.16195286106873868,0.5579826486032942,25,30,20
23,1341,0.04054544523818489,0.2395090939901884,0.16195261718034165,0.557992843591283,25,30,20
23,1342,0.0405548601973359,0.23949972549933757,0.16195257072327723,0.5579928435800471,25,30,20
23,1343,0.04053097591960157,0.2394997254808452,0.1619625809855383,0.5580067176140142,25,30,20
23,1344,0.03968784453284542,0.23949972550536217,0.16195914887315863,0.5588532810886335,25,30,20
23,1345,0.039677916592081065,0.23951293617288436,0.16195586585707933,0.5588532813779549,25,30,20
23,1346,0.0396874188820674,0.23951293618282676,0.16195592610213938,0.5588437188329659,25,30,20
23,1347,0.03967269219733521,0.23952798323633662,0.1619556060605205,0.5588437185058075,25,30,20
23,1348,0.03966353473594956,0.23953710655543986,0.1619556398637158,0.5588437188448946,25,30,20
23,1349,0.03966904804108559,0.23953120681163056,0.16195602442007007,0.5588437207272134,25,30,20
23,1350,0.03966905110292984,0.23953120681188295,0.16195602372679385,0.5588437183583934,25,30,20
23,1351,0.018742434883127154,0.23953103379452417,0.18287795160589104,0.5588485797164571,25,30,20
23,1352,0.01840099704933122,0.2395305754128682,0.18322011134783545,0.5588483161899651,25,30,20
23,1353,0.018400996758914837,0.23953048224679369,0.18322020449869714,0.5588483164955946,25,30,20
23,1354,0.018410249208135776,0.23952122994422712,0.18322020434678102,0.5588483165008564,25,30,20
23,1355,0.01871181853093219,0.2395212299909743,0.18322373725359464,0.5585432142244994,25,30,20
23,1356,0.0187117032654977,0.2395212299868088,0.1833776538022709,0.5583894129454232,25,30,20
23,1357,0.018711962173330824,0.23952123001048897,0.18293447253813394,0.5588323352780467,25,30,20
23,1358,0.01953915719636046,0.23952123139011763,0.1829443050039635,0.5579953064095582,25,30,20
23,1359,0.00497218782590263,0.23952131297688845,0.19727209084385922,0.55823440835335,25,30,20
23,1360,0.04139693551367128,0.23952138145344967,0.1608543431549916,0.5582273398778874,25,30,20
23,1361,0.041392486353387124,0.23952138146233204,0.16085426739453224,0.5582318647897485,25,30,20
23,1362,0.040550979125335146,0.2395213800646183,0.16084427950731078,0.559083361302736,25,30,20
23,1363,0.04056063261336629,0.23952138006456,0.1608477792175707,0.5590702081045036,25,30,20
23,1364,0.040564994336069346,0.23952138005103904,0.1608476478287458,0.5590659777841462,25,30,20
23,1365,0.04089069413983165,0.23952138121398278,0.16085632452408194,0.5587316001221041,25,30,20
23,1366,0.038963565346822986,0.23952128231151318,0.16302271528025566,0.5584924370614087,25,30,20
23,1367,0.03866216779670285,0.2395212822649393,0.1630191841572284,0.55879736578113,25,30,20
23,1368,0.038633159292843056,0.23955446926400306,0.1630150072040095,0.5587973642391448,25,30,20
23,1369,0.038624689519229566,0.2395544692786764,0.16301509506300174,0.5588057461390927,25,30,20
23,1370,0.038624608366725426,0.23955446928803886,0.16301512360724335,0.5588057987379929,25,30,20
23,1371,0.03861348837918621,0.23955445389310356,0.1630795354798182,0.5587525222478922,25,30,20
23,1372,0.03819115223060825,0.23950837694023255,0.16354733335242908,0.5587531374767246,25,30,20
23,1373,0.03863982573735925,0.23950837775561318,0.16309865821832695,0.558753138288695,25,30,20
23,1374,0.03866345144575091,0.23966544096411802,0.16291796838020162,0.5587531392099235,25,30,20
23,1375,0.03867311572786595,0.23966544097348788,0.16290785513947165,0.5587535881591691,25,30,20
23,1376,0.03868757931958044,0.2396510486764814,0.16290778324578636,0.5587535887581466,25,30,20
23,1377,0.0386874680199546,0.23965118136696367,0.1629077618623192,0.5587535887507579,25,30,20
23,1378,0.038668824516551376,0.23966954649704653,0.16290803926869138,0.5587535897177061,25,30,20
23,1379,0.03865933156607233,0.23966954650143132,0.1629045402114369,0.5587665817210551,25,30,20
23,1380,0.038976844917026035,0.23966949597065212,0.16258704214633593,0.5587666169659828,25,30,20
23,1381,0.038987024796373705,0.2396694960042584,0.16258722251271254,0.5587562566866515,25,30,20
23,1382,0.03897158104301856,0.23966949594278686,0.16258680197397773,0.5587721210402141,25,30,20
23,1383,0.03652940013536076,0.23967134648683464,0.16502375352055235,0.5587754998572493,25,30,20
23,1384,0.036530589650452416,0.23966077304129488,0.16503313772323522,0.558775499585015,25,30,20
23,1385,0.03653058963900636,0.23966082441723824,0.16503308635873565,0.5587754995850172,25,30,20
23,1386,0.0365303427619481,0.23966082441242917,0.16503305776901533,0.5587757750566048,25,30,20
23,1387,0.0365296635253499,0.2396608243881869,0.16503290633289616,0.5587766057535645,25,30,20
23,1388,0.036542939112985326,0.23965679293685085,0.16502366128625634,0.5587766066639049,25,30,20
23,1389,0.03654275281122814,0.239657260798356,0.16502338069831507,0.5587766056920984,25,30,20
23,1390,0.0618364684725091,0.2396573466603905,0.1397293057325248,0.5587768791345755,25,30,20
23,1391,0.061846224594981826,0.23965734667497662,0.1397293998337472,0.5587670288962943,25,30,20
23,1392,0.06183217917998902,0.23966832483258976,0.13973246801808056,0.5587670279693406,25,30,20
23,1393,0.061856277058179115,0.23966832485118894,0.1395867693290729,0.5588886287615586,25,30,20
23,1394,0.061847114273327064,0.23966832485616574,0.1400300344271154,0.5584545264433912,25,30,20
23,1395,0.061842476449345866,0.2396683248473027,0.14002993130563587,0.5584592673977151,25,30,20
23,1396,0.061827741805250816,0.23966832483286424,0.14002177331339657,0.5584821600484879,25,30,20
23,1397,0.061827489577513564,0.23966870759705966,0.14002164372157147,0.5584821591038549,25,30,20
23,1398,0.06182775463313936,0.23965910741273316,0.14003097884964927,0.5584821591044777,25,30,20
23,1399,0.06181826640141648,0.23967139594418083,0.1400281785272018,0.5584821591272006,25,30,20
23,1400,0.06617478533580402,0.23966948890626483,0.13567589618459697,0.558479829573334,25,30,20
23,1401,0.06617444875909201,0.2396694888871067,0.13567580146767833,0.5584802608861227,25,30,20
23,1402,0.06605921278832633,0.23966948724261253,0.13579105624420054,0.5584802437248607,25,30,20
23,1403,0.06605983685847042,0.2396694872941551,0.13579156767256928,0.5584791081748053,25,30,20
23,1404,0.06606489890985111,0.23966427700523263,0.13579171529870648,0.5584791087862095,25,30,20
23,1405,0.06606540226066177,0.2396642770053749,0.13578162286641432,0.558488697867549,25,30,20
23,1406,0.06607481652771421,0.239664276995972,0.1357816150192126,0.5584792914571013,25,30,20
23,1407,0.0660794380758009,0.23966427698613246,0.1357816004631083,0.558474684474959,25,30,20
23,1408,0.0669440842633425,0.2396642786287525,0.13579201634450466,0.5575996207634003,25,30,20
23,1409,0.06662427448033494,0.2396642774715985,0.13578343366985776,0.5579280143782092,25,30,20
23,1410,0.07694809055765699,0.23966429793141336,0.12545982738817799,0.557927784122752,25,30,20
23,1411,0.07607419190985787,0.2396642962888942,0.12544940965309018,0.5588121021481581,25,30,20
23,1412,0.07611587696926223,0.19976296307941172,0.16530905768352736,0.5588121022677969,25,30,20
23,1413,0.07610583476242665,0.19976296303235308,0.16530854557149702,0.5588226566337215,25,30,20
23,1414,0.07611499891041484,0.19976265625442988,0.16529968724113978,0.5588226575940137,25,30,20
23,1415,0.07612332754911878,0.19976265625295234,0.16529966959435172,0.5588143466035755,25,30,20
23,1416,0.0787961271240989,0.19976266026371195,0.16257511868423868,0.5588660939279493,25,30,20
23,1417,0.07878129772609396,0.19977777404558084,0.16257483457699223,0.5588660936513324,25,30,20
23,1418,0.07913478287221974,0.1997760895940393,0.1598531576853657,0.5612359698483754,25,30,20
23,1419,0.07914419988342333,0.19977608958996754,0.15985315880732606,0.5612265517192832,25,30,20
23,1420,0.0446933153168838,0.19977967447728684,0.19430035152760097,0.5612266586782261,25,30,20
23,1421,0.04445147439706762,0.19977967565490917,0.194594843362748,0.5611740065852733,25,30,20
23,1422,0.04444294467853083,0.1997796757111786,0.19459538632160472,0.5611819932886836,25,30,20
23,1423,0.04292237930627268,0.1997796728104202,0.193422734785032,0.5638752130982729,25,30,20
23,1424,0.04291794630573697,0.19977967283805392,0.19342290124151315,0.5638794796146938,25,30,20
23,1425,0.04291871177899305,0.1997796728531492,0.19342293514615466,0.5638786802217006,25,30,20
23,1426,0.04292812544202173,0.1997796728484082,0.19342553814023108,0.5638666635693369,25,30,20
23,1427,0.04289809016772581,0.2004914811745902,0.19274372125873865,0.5638667073989435,25,30,20
23,1428,0.04289320355746871,0.20049223828011153,0.19274785042383819,0.5638667077385798,25,30,20
23,1429,0.04288379295390446,0.20049223828500956,0.19274525041382076,0.5638787183472636,25,30,20
23,1430,0.042879265178588505,0.19997756392542954,0.19326445224241107,0.5638787186535693,25,30,20
23,1431,0.04286908963592345,0.19997756390584956,0.19326435659221097,0.5638889898660143,25,30,20
23,1432,0.04287442102592122,0.1999775639063581,0.19326590057584814,0.5638821144918705,25,30,20
23,1433,0.04317016320317865,0.19923337954484135,0.19371436954408502,0.5638820877078925,25,30,20
23,1434,0.04316987003644576,0.19923337955611206,0.1938686420524591,0.5637281083549808,25,30,20
23,1435,0.0433852668829094,0.19965809458971756,0.19322846597319498,0.5637281725541761,25,30,20
23,1436,0.04368243872650404,0.19935732597316286,0.1932320611688142,0.5637281741315167,25,30,20
23,1437,0.04366708238623301,0.19935732589798266,0.1932313773985008,0.5637442143172808,25,30,20
23,1438,0.0419964700324335,0.1993544973706177,0.19490496935701088,0.5637440632399351,25,30,20
23,1439,0.04198217114508309,0.19936875216253605,0.19490501437850638,0.5637440623138713,25,30,20
23,1440,0.041652799473489786,0.1993687495284022,0.19756099255286244,0.5614174584452433,25,30,20
23,1441,0.04166801816905433,0.19987074471293295,0.19704377865342848,0.5614174584645822,25,30,20
23,1442,0.04167736245838079,0.19987074471749697,0.19660046247051322,0.5618514303536073,25,30,20
23,1443,0.04167718888755709,0.199871102338145,0.19660027813815653,0.5618514306361396,25,30,20
23,1444,0.04167680699807152,0.19987110233108563,0.19644945637839165,0.5620026342924491,25,30,20
23,1445,0.04167583081806708,0.19987110231655109,0.1964477774808127,0.5620052893845668,25,30,20
23,1446,0.04167785937950926,0.19987110042768974,0.1991383285089574,0.5593127116838429,25,30,20
23,1447,0.041677438251284206,0.19987110043208822,0.19913830878351693,0.5593131525331104,25,30,20
23,1448,0.04168707957122166,0.1998711007202601,0.19914018819732807,0.55930163151119,25,30,20
23,1449,0.04138443315217234,0.20069170603766617,0.1986222453130027,0.559301615497158,25,30,20
23,1450,0.041384777444167735,0.20069170606157935,0.19862236899556646,0.5593011474986856,25,30,20
23,1451,0.0631241402097099,0.20069170751597276,0.17688363661789983,0.559300515656417,25,30,20
23,1452,0.06311498574047446,0.20069170752093402,0.17689380794378434,0.5592994987948064,25,30,20
23,1453,0.06312476628268966,0.20069170755328794,0.17689405137958525,0.5592894747844359,25,30,20
23,1454,0.06312555950440797,0.20069170759095786,0.17689432944294656,0.5592884034616863,25,30,20
23,1455,0.06396262319403816,0.1998544231572962,0.17689454925652937,0.559288404392135,25,30,20
23,1456,0.06396245209229796,0.19985442313805354,0.1768944330539877,0.5592886917156608,25,30,20
23,1457,0.06396245955695518,0.19985442315201177,0.17689451731609218,0.559288599974941,25,30,20
23,1458,0.07797943828403014,0.19985484389906052,0.16287156166895564,0.5592941561479541,25,30,20
23,1459,0.07886750928101104,0.19985479371454448,0.1619835048530018,0.5592941921514432,25,30,20
23,1460,0.07847885013061853,0.19943493024164996,0.16278460889687593,0.5593016107308562,25,30,20
23,1461,0.07851619897550698,0.19887865938013607,0.16330349369954772,0.5593016479448097,25,30,20
23,1462,0.07850685878509127,0.19887865936138405,0.16330338070472464,0.5593111011488007,25,30,20
23,1463,0.0785218298830775,0.19887865939441388,0.16330010320085872,0.5592994075216506,25,30,20
23,1464,0.0746366075774252,0.19887823686125106,0.16719142790278876,0.5592937276585359,25,30,20
23,1465,0.07472161663753074,0.198042708923679,0.16794006444504095,0.5592956099937503,25,30,20
23,1466,0.07556891538428118,0.19644969694463035,0.16868577620073114,0.5592956114703584,25,30,20
23,1467,0.07552833030915297,0.1964503650157255,0.1687697153356092,0.5592515893395099,25,30,20
23,1468,0.07553748636479746,0.19645036501084662,0.16875954426449713,0.5592526043598565,25,30,20
23,1469,0.07586800507258436,0.1964503661694209,0.16876810715035415,0.5589135216076383,25,30,20
23,1470,0.07553792034382974,0.19645036500629295,0.16875968540598713,0.559252029243888,25,30,20
23,1471,0.08259365391664994,0.1964503655201103,0.1617039530812281,0.5592520274820093,25,30,20
23,1472,0.0826031547429933,0.19645036552948408,0.1617039878718145,0.5592424918557056,25,30,20
23,1473,0.08259800994100922,0.19645036550568917,0.1617038978466562,0.5592477267066437,25,30,20
23,1474,0.08257387491872993,0.1964503654775088,0.16170371006400763,0.5592720495397522,25,30,20
23,1475,0.08256505483098098,0.1964503654825234,0.16170721237715513,0.5592773673093394,25,30,20
23,1476,0.08257466324996371,0.1964503654925905,0.16170380312296423,0.5592711681344804,25,30,20
23,1477,0.08170023566108131,0.1978480529033837,0.16118058209613564,0.5592711293394,25,30,20
23,1478,0.0817038363123979,0.19784671085720873,0.16117832414484506,0.5592711286855486,25,30,20
23,1479,0.08056868534260797,0.19973155923185154,0.16042862982227646,0.5592711256032648,25,30,20
23,1480,0.07718333044116664,0.19973160191586273,0.1638150107677094,0.5592700568752602,25,30,20
23,1481,0.07717442312523018,0.1997316019352364,0.16381509436964176,0.5592788805698908,25,30,20
23,1482,0.046400636510620916,0.19973188874747702,0.19422089178958957,0.5596465829523116,25,30,20
23,1483,0.046400547780309144,0.1997318887425834,0.19422086238088462,0.5596467010962214,25,30,20
23,1484,0.047241522969771424,0.19973189092571153,0.19423030029986077,0.5587962858046547,25,30,20
23,1485,0.04724177911175655,0.1997316217886371,0.19423031358922394,0.5587962855103809,25,30,20
23,1486,0.04669160029743697,0.1997308418315671,0.17081197004902754,0.5827655878219663,25,30,20
23,1487,0.04668699407614201,0.1997353281739068,0.17081208931648134,0.5827655884334678,25,30,20
23,1488,0.04668691107829849,0.19973532816925277,0.17081229023597785,0.5827654705164693,25,30,20
23,1489,0.04669209146476525,0.19973532817874443,0.17081341005257694,0.5827591703039129,25,30,20
23,1490,0.04669707394609248,0.19973532820206344,0.1708135777650649,0.5827540200867783,25,30,20
23,1491,0.06412696966283653,0.19973541200346653,0.15338243701402404,0.5827551813196735,25,30,20
23,1492,0.06412269260268216,0.19973541201748332,0.1533826222816079,0.5827592730982275,25,30,20
23,1493,0.0641123553993455,0.19973541171911452,0.153380682965656,0.582771549915885,25,30,20
23,1494,0.06410772671109327,0.19973541172492582,0.15338069432141954,0.5827761672425623,25,30,20
23,1495,0.06416623557542828,0.19967647627891666,0.15338111770826549,0.5827761704373904,25,30,20
23,1496,0.06416159593404364,0.19968124219035496,0.15338099204379044,0.5827761698318118,25,30,20
23,1497,0.06414925153001644,0.19968120993972108,0.13774796231666628,0.598421576213597,25,30,20
23,1498,0.06413975829518487,0.1996812099307645,0.1377479303784754,0.5984311013955761,25,30,20
23,1499,0.0633916763764521,0.1996812115830128,0.13849597707483136,0.5984311349657047,25,30,20
23,1500,0.06337763458895897,0.19969540800921234,0.13849582306857613,0.5984311343332539,25,30,20
23,1501,0.063391846334957,0.1996954080081241,0.1384959397002307,0.5984168059566891,25,30,20
23,1502,0.06336794594162969,0.1996954079896963,0.13849572777672187,0.598440918291953,25,30,20
23,1503,0.06336803178911396,0.19969540798994068,0.13849593721047632,0.59844062301047,25,30,20
23,1504,0.07243618665167928,0.1996954013099759,0.12979549544920668,0.5980729165891386,25,30,20
23,1505,0.0724393661301717,0.19969473761230044,0.1297929797273511,0.5980729165301765,25,30,20
23,1506,0.05702516926193141,0.19969498666097646,0.145208808048279,0.5980710360288133,25,30,20
23,1507,0.05703415208526082,0.19969498663673252,0.1452088403121678,0.5980620209658395,25,30,20
23,1508,0.057034417275734765,0.19969498663724344,0.1452089268695808,0.5980616692174416,25,30,20
23,1509,0.05703477937457117,0.1996943363812939,0.14520921377192425,0.5980616704722115,25,30,20
23,1510,0.05703477649070493,0.1996943363811279,0.14520903529790063,0.5980618518302673,25,30,20
23,1511,0.05705032995893215,0.19969433696000385,0.14521059863720262,0.5980447344438613,25,30,20
23,1512,0.05704134119348347,0.1996943369649256,0.14521849358878908,0.598045828252802,25,30,20
23,1513,0.05704638245321886,0.19969433694699254,0.14521857103060262,0.5980407095691862,25,30,20
23,1514,0.07043790730324702,0.199733528894025,0.13179399362232608,0.5980345701804023,25,30,20
23,1515,0.07043739021889853,0.1997335288840325,0.13179380295557075,0.5980352779414989,25,30,20
23,1516,0.07011637097116553,0.1997335277443057,0.13178536062348284,0.5983647406610464,25,30,20
23,1517,0.06316631019875478,0.19974419189284962,0.1387052297583235,0.5983842681500726,25,30,20
23,1518,0.06316647225825701,0.19974419189700807,0.1387052298032632,0.5983841060414723,25,30,20
23,1519,0.06317536189656185,0.19973541792094587,0.13870511544684752,0.5983841047356454,25,30,20
23,1520,0.06316511683549268,0.1997447313612898,0.1387060485760186,0.5983841032272001,25,30,20
23,1521,0.06317410567536545,0.19974473135645238,0.13869815223846463,0.5983830107297188,25,30,20
23,1522,0.06232326887135943,0.1997447291584391,0.13868867228278914,0.5992433296874136,25,30,20
23,1523,0.062274585468947624,0.19979487287214778,0.1386872136639483,0.5992433279949576,25,30,20
23,1524,0.06227032296169953,0.19978680086716755,0.13869954785397934,0.5992433283171548,25,30,20
23,1525,0.06255745984022684,0.1997868008731492,0.13870476536173265,0.5989509739248923,25,30,20
23,1526,0.0625618941461235,0.19979449802127622,0.1386926345297091,0.5989509733028923,25,30,20
23,1527,0.06256121092467493,0.1997944980252461,0.13869252528455958,0.5989517657655202,25,30,20
23,1528,0.0631685592510366,0.19979449916588013,0.13870548174169448,0.5983314598413896,25,30,20
23,1529,0.06317788710608047,0.19979449915641834,0.13870544417112446,0.598322169566377,25,30,20
23,1530,0.06316864063387459,0.1998037455311135,0.1387054442464218,0.5983221695885903,25,30,20
23,1531,0.06316864223563724,0.1991359423554996,0.13937324581414692,0.5983221695947163,25,30,20
23,1532,0.06316926210022299,0.1991352067935784,0.13937336026777775,0.5983221708384209,25,30,20
23,1533,0.06321329019864912,0.19908795483390532,0.13937645725320139,0.5983222977142443,25,30,20
23,1534,0.063212961473618,0.19908806162266018,0.13937667919488522,0.598322297708837,25,30,20
23,1535,0.06321236245392546,0.199088061631694,0.13937644540153404,0.5983231305128469,25,30,20
23,1536,0.06323072181101833,0.19908806162151543,0.13938320921258168,0.5982980073548854,25,30,20
23,1537,0.06325981803543029,0.1990880616641091,0.13937564971577113,0.5982764705846904,25,30,20
23,1538,0.06320683922553189,0.19908806159837092,0.13937520376095397,0.5983298954151441,25,30,20
23,1539,0.06315828108336724,0.1991389575279879,0.13937299315041962,0.5983297682382261,25,30,20
23,1540,0.06287044170653476,0.19913895748946994,0.13936753522350676,0.5986230655804894,25,30,20
23,1541,0.08947221266327621,0.19913862077821612,0.11276620866797289,0.5986229578905355,25,30,20
23,1542,0.08948154506337046,0.19913862078261102,0.11276614570963213,0.5986136884443874,25,30,20
23,1543,0.08948161764321137,0.19913559927807914,0.11276909433436673,0.5986136887443438,25,30,20
23,1544,0.07604735526362512,0.23448790583766788,0.09085241333579164,0.5986123255629164,25,30,20
23,1545,0.10189988934180814,0.2344879062029919,0.06498954836978321,0.5986226560854168,25,30,20
23,1546,0.10190967141537889,0.23448790623077553,0.06498986208718475,0.5986125602666611,25,30,20
23,1547,0.10190007997803502,0.23448790621625462,0.06498979780598663,0.5986222159997237,25,30,20
23,1548,0.1019109320964115,0.2344879073148866,0.06499291904045898,0.598608241548243,25,30,20
23,1549,0.10190433939604353,0.23448790619259188,0.06498962934070945,0.5986181250706553,25,30,20
23,1550,0.07141427276995317,0.2344801914271805,0.09550675939230374,0.5985987764105636,25,30,20
23,1551,0.07141817851736951,0.234477307008006,0.09550573901251137,0.598598775462114,25,30,20
23,1552,0.07103140769351313,0.23447440374508347,0.09589555605288458,0.5985986325085197,25,30,20
23,1553,0.07103207858189023,0.2344744037410923,0.0958954671058233,0.598598050571195,25,30,20
23,1554,0.07107093863273427,0.2344744037937458,0.09589918995984015,0.59855546761368,25,30,20
23,1555,0.07106581175057018,0.23447440379379525,0.09589923729382809,0.5985605471618067,25,30,20
23,1556,0.07105683046257152,0.23447440382710943,0.0958994394737662,0.5985693262365531,25,30,20
23,1557,0.07044007237226052,0.23447440268200428,0.09588650196879302,0.5991990229769427,25,30,20
23,1558,0.07044254704279398,0.23902661656029014,0.0913318132244698,0.5991990231724464,25,30,20
23,1559,0.07045153441484203,0.23902661655545432,0.09133173473277295,0.5991901142969313,25,30,20
23,1560,0.07044176108211776,0.2390366812462708,0.09133144398546685,0.5991901136861452,25,30,20
23,1561,0.07044185014961148,0.23903668125107885,0.09133153327911192,0.5991899353201984,25,30,20
23,1562,0.07045727165505129,0.2394556123717205,0.09089717845072631,0.5991899375225025,25,30,20
23,1563,0.07045737218579315,0.23945132220034718,0.09090136829599635,0.5991899373178636,25,30,20
23,1564,0.05739162410565661,0.23945149797094437,0.1039660561102473,0.5991908218131519,25,30,20
23,1565,0.05739180199430069,0.23945149799535545,0.10396611435661204,0.5991905856537321,25,30,20
23,1566,0.05738196432365261,0.23945149800416565,0.10396609302220156,0.5992004446499806,25,30,20
23,1567,0.05738179626835277,0.23945149799968013,0.10396609138446995,0.5992006143474975,25,30,20
23,1568,0.05738203507392631,0.2394514979847395,0.1039660651783893,0.5992004017629453,25,30,20
23,1569,0.05739128769672314,0.23944521995007656,0.10396309056839331,0.5992004017848072,25,30,20
23,1570,0.05741518674675644,0.2394452199684218,0.10397202380294354,0.5991675694818782,25,30,20
23,1571,0.05740070247296987,0.23944521995488466,0.10396309707159636,0.5991909805005491,25,30,20
23,1572,0.0552906117538758,0.23944520167545622,0.10607436241621966,0.5991898241544501,25,30,20
23,1573,0.05528627062693241,0.23944520169463435,0.1060745600134756,0.5991939676649595,25,30,20
23,1574,0.05529551472183865,0.23877229094351043,0.10673822489302008,0.5991939694416317,25,30,20
23,1575,0.05533369366200893,0.23877229097118635,0.10673846011335159,0.5991555552534537,25,30,20
23,1576,0.05534918545939244,0.23875678959839386,0.10673846933917215,0.599155555603042,25,30,20
23,1577,0.055338325094517,0.2387567890010145,0.10673674453054753,0.599168141373921,25,30,20
23,1578,0.055333875541804446,0.23919599917074824,0.1063019848803623,0.5991681404070852,25,30,20
23,1579,0.05533847647992274,0.23919159545418672,0.10630178894327508,0.5991681391226161,25,30,20
23,1580,0.0553232184010989,0.23944017509100377,0.10606846959923429,0.5991681369086639,25,30,20
23,1581,0.05532321261346192,0.23943601750451177,0.1060726336066061,0.5991681362754211,25,30,20
23,1582,0.055323292744250886,0.2394360175044208,0.10607613894170996,0.5991645508096191,25,30,20
23,1583,0.055323462532062474,0.23943601750468113,0.10607609122031636,0.599164428742941,25,30,20
23,1584,0.055328756018000726,0.23943601885397992,0.10607753586614706,0.5991576892618735,25,30,20
23,1585,0.055327967611299635,0.2394360174674593,0.10607568893951407,0.5991603259817283,25,30,20
23,1586,0.05532336857619723,0.2394446187677181,0.10607168606248223,0.5991603265936036,25,30,20
23,1587,0.05533944064861482,0.23944461987960902,0.10607453056063619,0.5991414089111413,25,30,20
23,1588,0.055344036308928674,0.23944013308378345,0.10607442230285669,0.5991414083044326,25,30,20
23,1589,0.056203923090893886,0.2394401347311364,0.10608411462140711,0.5982718275565642,25,30,20
23,1590,0.0562023207289555,0.23944013363293262,0.1060813985139562,0.5982761471241573,25,30,20
23,1591,0.08900271153856255,0.239440025093914,0.07328102724675545,0.598276236120768,25,30,20
23,1592,0.08900287635957539,0.23944002509849274,0.0732810507103917,0.5982760478315402,25,30,20
23,1593,0.0890028765531055,0.239440025098659,0.073281051688627,0.5982760466596085,25,30,20
23,1594,0.07757320599550184,0.23944009124426924,0.08472094226624576,0.5982657604939845,25,30,20
23,1595,0.07757311914983525,0.23944009123007085,0.08472087931920887,0.5982659103008862,25,30,20
23,1596,0.08929284800066561,0.23943991586520205,0.07300218895293066,0.5982650471812017,25,30,20
23,1597,0.08845315858817246,0.23943991428853015,0.07299308812625378,0.5991138389970437,25,30,20
23,1598,0.11085161507451566,0.23944071284185028,0.05059370710451268,0.5991139649791216,25,30,20
23,1599,0.11085161507075647,0.239440712841843,0.05059370786971556,0.599113964217685,25,30,20
23,1600,0.11082225108999388,0.23944071278927545,0.050589778436259926,0.5991472576844712,25,30,20
23,1601,0.11082225113772685,0.23944092171051978,0.050589569467101164,0.5991472576846525,25,30,20
23,1602,0.11082198764257792,0.23944073614705766,0.05059001884737107,0.5991472573629938,25,30,20
23,1603,0.1108108771282178,0.23944073608092353,0.05058945256323665,0.5991589342276225,25,30,20
23,1604,0.09885650237694765,0.23944492761502773,0.06249935398396936,0.5991992160240555,25,30,20
23,1605,0.09885197871329782,0.23944927602110688,0.06249952863568005,0.5991992166299152,25,30,20
23,1606,0.09886610108614743,0.239449276053797,0.0624997602242193,0.5991848626358364,25,30,20
23,1607,0.0988753506000534,0.239439817805331,0.062499968959088666,0.5991848626355272,25,30,20
23,1608,0.09889880330698364,0.2394398177954059,0.062499932788737673,0.5991614461088731,25,30,20
23,1609,0.09888930504821944,0.23943981779532128,0.06250001854230489,0.5991708586141545,25,30,20
23,1610,0.09888495657791488,0.23943981781433837,0.06250033514600395,0.5991748904617429,25,30,20
23,1611,0.09889151214223636,0.23943981784360793,0.06250280237331805,0.5991658676408378,25,30,20
23,1612,0.09887712837302018,0.23943981783456278,0.06250270077493218,0.5991803530174848,25,30,20
23,1613,0.09888219380186997,0.23943981784481372,0.062502561800075,0.5991754265532414,25,30,20
23,1614,0.09887294753601884,0.239439817854043,0.06250260661140436,0.599184627998534,25,30,20
23,1615,0.09888822636504292,0.2394398178783815,0.06250483524842332,0.5991671205081525,25,30,20
23,1616,0.09888806838645628,0.23943981788278873,0.0625127005703612,0.5991594131603938,25,30,20
23,1617,0.0988939599575256,0.23943981846129936,0.06251423594493706,0.599151985636238,25,30,20
23,1618,0.09816257180721921,0.26318757501150414,0.039497946795998086,0.599151906385278,25,30,20
23,1619,0.09815235174317466,0.2631875750102375,0.03949603814370432,0.5991640351028831,25,30,20
23,1620,0.09815713908647732,0.2634156975959655,0.039263129141878135,0.5991640341756788,25,30,20
23,1621,0.09814798563597912,0.26341569759198225,0.03925533544945794,0.5991809813225804,25,30,20
23,1622,0.09815723716204452,0.263415697592059,0.03925533769313464,0.5991717275527613,25,30,20
23,1623,0.09815732201224972,0.2634156975964662,0.03925529973779829,0.5991716806534853,25,30,20
23,1624,0.09813386889532559,0.2634156975736132,0.03925514549287944,0.5991952880381811,25,30,20
23,1625,0.09809611194884539,0.2634156975507553,0.0392549325465021,0.5992332579538968,25,30,20
23,1626,0.09810067127682545,0.2634156975552982,0.03925514148530474,0.5992284896825714,25,30,20
23,1627,0.09810066910962492,0.2634159477305771,0.03925489347749713,0.5992284896823005,25,30,20
23,1628,0.09808517882782831,0.26343165917663397,0.03925467297394374,0.599228489021594,25,30,20
23,1629,0.0980997330178265,0.26341593882243947,0.03925583724529769,0.5992284909144364,25,30,20
23,1630,0.0981039093811644,0.26341593880801073,0.03925557229821885,0.599224579512606,25,30,20
23,1631,0.09810424683201706,0.2634159387987335,0.039255563552765875,0.5992242508164837,25,30,20
23,1632,0.09809490957575315,0.2634159387937681,0.039255530425134084,0.5992336212053446,25,30,20
23,1633,0.09809473574169189,0.26341593880296726,0.03925554039943421,0.5992337850559066,25,30,20
23,1634,0.09809644830397019,0.263231828393181,0.03943793504581026,0.5992337882570391,25,30,20
23,1635,0.10120173688647525,0.2632309605973983,0.03633362714991481,0.599233675366212,25,30,20
23,1636,0.10120174135867475,0.26323096059748574,0.03633362825113014,0.5992336697927098,25,30,20
23,1637,0.10121142216637223,0.2632216378323334,0.03633327051971473,0.5992336694815799,25,30,20
23,1638,0.1012172719824179,0.26322163789806047,0.03633392270560438,0.5992271674139176,25,30,20
23,1639,0.10121133015257788,0.2632216378227105,0.036333212182616224,0.5992338198420958,25,30,20
23,1640,0.10121133144351852,0.26322163165452983,0.03633321676550287,0.5992338201364492,25,30,20
23,1641,0.10207656335646086,0.26322163279220795,0.036341784589499555,0.5983600192618321,25,30,20
23,1642,0.10206732597094392,0.26322163279230243,0.036341781979656235,0.5983692592570978,25,30,20
23,1643,0.10443254808552277,0.26322163389923353,0.03635652405432493,0.5959892939609192,25,30,20
23,1644,0.10290940275095055,0.2632216341853153,0.036785490266870766,0.5970834727968637,25,30,20
23,1645,0.10011657446648878,0.2632174828735499,0.039617924622211864,0.5970480180377502,25,30,20
23,1646,0.06478391648355121,0.2632176443246379,0.07489595561593526,0.5971024835758768,25,30,20
23,1647,0.06475995457389494,0.26321764429169936,0.07489569610219358,0.5971267050322131,25,30,20
23,1648,0.06477017015049256,0.26321764435826417,0.07490396692033649,0.5971082185709076,25,30,20
23,1649,0.06394292651162736,0.26321764299388967,0.0744632950520365,0.5983761354424473,25,30,20
23,1650,0.06418696719630888,0.2690333490822355,0.06840349309989016,0.5983761906215662,25,30,20
23,1651,0.07982561783326336,0.2690333097549406,0.05276956925665127,0.5983715031551455,25,30,20
23,1652,0.0798299720999312,0.26903330973642053,0.05276925356435111,0.598367464599298,25,30,20
23,1653,0.07982801022002954,0.2692177622012556,0.052586766185715235,0.5983674613930006,25,30,20
23,1654,0.07983699503331232,0.26921776220072524,0.05258675443752885,0.5983584883284351,25,30,20
23,1655,0.07982728571314293,0.26921776214886145,0.05257870861260246,0.5983762435253948,25,30,20
23,1656,0.07982711224877045,0.2692177621392981,0.052578653491586545,0.5983764721203463,25,30,20
23,1657,0.08310733217148528,0.26921753833962664,0.049298749861537206,0.5983763796273521,25,30,20
23,1658,0.08309791908100421,0.26922694187454427,0.049298759422107354,0.5983763796223455,25,30,20
23,1659,0.08308849004787133,0.2692364857095619,0.04929864462016194,0.5983763796224061,25,30,20
23,1660,0.08309301878541366,0.2692320885246923,0.04929851367853832,0.5983763790113571,25,30,20
23,1661,0.08309301734295263,0.26923208852485836,0.049497123055840815,0.5981777710763494,25,30,20
23,1662,0.08232531187902077,0.2796050814975686,0.03989189228723554,0.5981777143361754,25,30,20
23,1663,0.08231606892644568,0.2796140634900949,0.039892153541868786,0.5981777140415907,25,30,20
23,1664,0.08231599008013829,0.2796140634856186,0.0398922593627437,0.5981776870714995,25,30,20
23,1665,0.08231632936494995,0.27961406351394336,0.03988887971594848,0.5981807274051584,25,30,20
23,1666,0.08231632944443384,0.2796142621318515,0.03988868070199334,0.5981807277217215,25,30,20
23,1667,0.08230734057164828,0.2796142621370095,0.03969028285423138,0.598388114437111,25,30,20
23,1668,0.0823074260404258,0.2796142621416877,0.039693688037073904,0.5983846237808127,25,30,20
23,1669,0.08143759651657718,0.2796142610274595,0.03968546231909711,0.5992626801368668,25,30,20
23,1670,0.08143810354589426,0.27961426103733134,0.04690649724792606,0.59204113816885,25,30,20
23,1671,0.08144751060964404,0.27961426103255355,0.046905695660593674,0.5920325326972103,25,30,20
23,1672,0.08147097676313632,0.2796142610418102,0.04690559681517954,0.5920091653798756,25,30,20
23,1673,0.08146164424950747,0.2796235828528703,0.04690560751242129,0.5920091653852027,25,30,20
23,1674,0.08146164860720803,0.2796314618636482,0.046897724449647536,0.592009165079498,25,30,20
23,1675,0.08146148210186527,0.2796316143794299,0.046897738444277255,0.5920091650744294,25,30,20
23,1676,0.08146122592610304,0.27963161437460426,0.03967673125111085,0.5992304284481829,25,30,20
23,1677,0.08145181090991603,0.27963161437943906,0.03967402349293026,0.5992425512177156,25,30,20
23,1678,0.08144231193149333,0.2796316143744004,0.03967405386199995,0.5992520198321073,25,30,20
23,1679,0.08146621765356182,0.27963161439283535,0.03967423959877103,0.5992279283548325,25,30,20
23,1680,0.075113328138515,0.27963159132730664,0.045838405276897316,0.5994166752572824,25,30,20
23,1681,0.07511332353659418,0.2796315913131884,0.04583832053019978,0.5994167646200189,25,30,20
23,1682,0.07142549418024857,0.2796314301922633,0.04958077279305426,0.5993623028344354,25,30,20
23,1683,0.07143669936832889,0.27963208162679654,0.0495689395649308,0.5993622794399451,25,30,20
23,1684,0.07144739837257665,0.27963208166066955,0.0495691957021383,0.5993513242646169,25,30,20
23,1685,0.07052673580211326,0.27963144002936796,0.0504905355586152,0.599351288609905,25,30,20
23,1686,0.07054194009478455,0.2796160671944819,0.050490704047556526,0.599351288663179,25,30,20
23,1687,0.07054193832428683,0.27961606719448534,0.0504907811645249,0.5993512133167048,25,30,20
23,1688,0.07052689770336026,0.2796312825070951,0.050490606526334136,0.5993512132632124,25,30,20
23,1689,0.07051598203428035,0.27963128249143593,0.05048833228654202,0.5993644031877432,25,30,20
23,1690,0.0705441975870493,0.27963128250412855,0.05049195461860102,0.599332565290222,25,30,20
23,1691,0.07137039582969024,0.27963128194917514,0.050493641596523677,0.5985046806246118,25,30,20
23,1692,0.07136087235983633,0.2796312701786042,0.05050242058929962,0.5985054368722605,25,30,20
23,1693,0.07133740127983239,0.27963127018009437,0.05050233170551056,0.5985289968345634,25,30,20
23,1694,0.07133695838409784,0.279631281853085,0.050503518456993045,0.5985282413058247,25,30,20
23,1695,0.07178546204325652,0.27963128254298786,0.05005406355090208,0.5985291918628541,25,30,20
23,1696,0.07176637659143724,0.27963128253280406,0.05005405024890953,0.5985482906268501,25,30,20
23,1697,0.07179035127690975,0.279597911749327,0.05006344569771359,0.5985482912760501,25,30,20
23,1698,0.07178572208434113,0.27959791174552406,0.05006333495260046,0.5985530312175351,25,30,20
23,1699,0.0717954747707586,0.2795979117553844,0.05006321708465276,0.5985433963892051,25,30,20
23,1700,0.07181918261889032,0.279597911768877,0.05006329950325014,0.5985196061089834,25,30,20
23,1701,0.07182382948007464,0.279592949477162,0.050063613683977645,0.5985196073587864,25,30,20
23,1702,0.059046884175036264,0.2795934674026553,0.06266085578456491,0.5986987926377442,25,30,20
23,1703,0.05904722360540295,0.2794194180002672,0.06283456575561681,0.5986987926387133,25,30,20
23,1704,0.05903311697366664,0.27943449138068543,0.06283359964514078,0.5986987920005075,25,30,20
23,1705,0.05902876268250941,0.2794344913992039,0.06283373555063734,0.5987030103676497,25,30,20
23,1706,0.05904898222284677,0.2794136905088067,0.06283431811612675,0.59870300915222,25,30,20
23,1707,0.05904923496699275,0.27888958865983154,0.06335816723117849,0.5987030091419977,25,30,20
23,1708,0.05905847109613765,0.2788895886732654,0.06335815370468607,0.5986937865259114,25,30,20
23,1709,0.06060769263136437,0.2788895892191332,0.06336822834005545,0.5971344898094474,25,30,20
23,1710,0.0582305570546744,0.2788895886352583,0.06335474179297322,0.5995251125170945,25,30,20
23,1711,0.058289408110723855,0.278813756649564,0.06337156016272806,0.5995252750769846,25,30,20
23,1712,0.0582652747282652,0.27881375662145463,0.06337139145625191,0.5995495771940288,25,30,20
23,1713,0.05828417147064387,0.27881375662636204,0.06337142998087424,0.5995306419221201,25,30,20
23,1714,0.05829325246717994,0.27881375662136726,0.06337140028272552,0.599521590628727,25,30,20
23,1715,0.0582936729934536,0.27881315914858557,0.06337157721811541,0.5995215906398452,25,30,20
23,1716,0.05830344176214673,0.2788131591660729,0.06337175885020753,0.5995116402215726,25,30,20
23,1717,0.05829402478747082,0.2788131591520558,0.06337180254316205,0.599521013517311,25,30,20
23,1718,0.05828976227437842,0.2788131591850269,0.06337476156028689,0.5995223169803074,25,30,20
23,1719,0.058280146142120716,0.27882291098664297,0.06337462713421735,0.5995223157370186,25,30,20
23,1720,0.05827877507979551,0.278822910943396,0.06337433444322298,0.5995239795335852,25,30,20
23,1721,0.05828329784992099,0.2788229109202348,0.06337419241147486,0.599519598818369,25,30,20
23,1722,0.05913900342830176,0.27882290080612315,0.06251840710286245,0.5995196886627123,25,30,20
23,1723,0.059156468959919904,0.2788229005773051,0.06250205534627905,0.5995185751164955,25,30,20
23,1724,0.05913624077719333,0.2788406878734927,0.06250449565613163,0.599518575693182,25,30,20
23,1725,0.059112270503836876,0.27887404873166866,0.06249510541467447,0.59951857534982,25,30,20
23,1726,0.059116625745771124,0.27887404870349747,0.06249473182078498,0.5995145937299463,25,30,20
23,1727,0.05913125842044555,0.2788740487221536,0.06249486702441578,0.5994998258329851,25,30,20
23,1728,0.05913151307370576,0.2788736198884434,0.06249503929913127,0.5994998277387196,25,30,20
23,1729,0.05913150744820357,0.27904732807853394,0.06232133611342032,0.5994998283598423,25,30,20
23,1730,0.05913193764380101,0.27904732810229604,0.06232159290763265,0.5994991413462704,25,30,20
23,1731,0.05913141466036405,0.2790473280922403,0.062318700845562194,0.5995025564018336,25,30,20
23,1732,0.06078893077447671,0.27904732816589745,0.062327585723936506,0.5978361553356897,25,30,20
23,1733,0.060770122230455484,0.27904732819454364,0.06232786640326734,0.5978546831717338,25,30,20
23,1734,0.05911260381686197,0.2790473281208839,0.062318931090391126,0.5995211369718634,25,30,20
23,1735,0.05909830409764643,0.279047328106954,0.06231532379902811,0.599539043996372,25,30,20
23,1736,0.05909788218250006,0.27904783569679514,0.06231523812395356,0.599539043996752,25,30,20
23,1737,0.042243895747304964,0.2791452529762367,0.07941327772255832,0.5991975735539006,25,30,20
23,1738,0.04224362772095641,0.27914525295696285,0.07941316069677733,0.5991979586253039,25,30,20
23,1739,0.04224336246530075,0.27966964112688525,0.07888903778851229,0.5991979586193018,25,30,20
23,1740,0.042293739700910084,0.2796696422739908,0.07889239141626345,0.5991442266088357,25,30,20
23,1741,0.041798597960448595,0.27966964456867227,0.0793875473018351,0.5991442101690443,25,30,20
23,1742,0.041784047826560186,0.279669644540647,0.07938738055279601,0.5991589270799971,25,30,20
23,1743,0.04179329301560997,0.27966964454046056,0.07938738706587634,0.5991496753780531,25,30,20
23,1744,0.04179321738874776,0.2796696445360565,0.07939744354275016,0.5991396945324454,25,30,20
23,1745,0.041802719668717375,0.27966964454566484,0.07939736654547425,0.5991302692401436,25,30,20
23,1746,0.04176209479034381,0.27966964339865674,0.0793939882094418,0.5991742736015577,25,30,20
23,1747,0.041761929483841255,0.27966964340322537,0.07939399248734565,0.5991744346255876,25,30,20
23,1748,0.041752681404231044,0.27967904991978254,0.07939383405044853,0.5991744346255377,25,30,20
23,1749,0.041742506051815266,0.2796790499001237,0.07939395146863885,0.599184492579422,25,30,20
23,1750,0.04173745736938954,0.2794543246580217,0.07962372595953253,0.5991844920130563,25,30,20
23,1751,0.04174695022367567,0.279673833564869,0.0793947242436701,0.5991844919677853,25,30,20
23,1752,0.04176221062977332,0.279673833561248,0.07940073775340749,0.5991632180555713,25,30,20
23,1753,0.04171783076237483,0.2797349545590285,0.07938415888310593,0.599163055795491,25,30,20
23,1754,0.041727611702120145,0.27972505771812145,0.07938427574642178,0.5991630548333367,25,30,20
23,1755,0.053245664090121894,0.27972507909852423,0.04266003306597489,0.624369223745379,25,30,20
23,1756,0.053240603995671154,0.279726028217126,0.04266414466397176,0.6243692231232312,25,30,20
23,1757,0.0532165547746906,0.2797260281798018,0.04266394465472717,0.6243934723907805,25,30,20
23,1758,0.05323976608103039,0.27970293369529053,0.04266382721177728,0.6243934730119024,25,30,20
23,1759,0.05324410337676146,0.2797029336527139,0.04266340652376322,0.6243895564467619,25,30,20
23,1760,0.05322041474697561,0.2797264743195173,0.04266355478566235,0.6243895561478453,25,30,20
23,1761,0.05321999108706263,0.27972647432414505,0.042663531183263964,0.6243900034055287,25,30,20
23,1762,0.05322966855366184,0.2797264743195799,0.04266363291562371,0.6243802242111347,25,30,20
23,1763,0.0532054088145613,0.2797264743280222,0.0426576482592848,0.624410468598132,25,30,20
23,1764,0.05163277435346297,0.2797293544242184,0.04422725035775898,0.62441062086456,25,30,20
23,1765,0.051628414394859226,0.27972935444314334,0.044227388884635094,0.6244148422773625,25,30,20
23,1766,0.051637411502885665,0.27972935443840535,0.04437938903250177,0.6242538450262074,25,30,20
23,1767,0.05198323615632375,0.26375337889202816,0.060009523947387414,0.6242538610042607,25,30,20
23,1768,0.051983153670981004,0.2637533789015571,0.060009554488393124,0.6242539129390683,25,30,20
23,1769,0.05199265878409782,0.263743615775642,0.06000981124038475,0.6242539141998747,25,30,20
23,1770,0.05200198460121647,0.26374361577995953,0.060009786937054964,0.6242446126817685,25,30,20
23,1771,0.040135992217637965,0.2637435905316225,0.06684766867948616,0.6292727485712526,25,30,20
23,1772,0.04015607862582625,0.26374359050474316,0.0668455313215583,0.6292547995478719,25,30,20
23,1773,0.040155990089098585,0.2637439301407998,0.06684528148310385,0.6292547982869974,25,30,20
23,1774,0.04016093892380577,0.2637390960285842,0.06684516584456196,0.629254799203048,25,30,20
23,1775,0.04151143191542401,0.23977869887604897,0.0894542183626104,0.6292556508459163,25,30,20
23,1776,0.041508229504280986,0.23977869883843717,0.0797477016473613,0.6389653700099206,25,30,20
23,1777,0.04150831915018493,0.23977869883901215,0.07973756026295277,0.6389754217478503,25,30,20
23,1778,0.04152305046951719,0.23977869887191594,0.07973778586161732,0.6389604647969493,25,30,20
23,1779,0.04153205011616119,0.23924587385064144,0.08026161185873783,0.6389604641744594,25,30,20
23,1780,0.04153351901810151,0.23924587384743834,0.08026188129128188,0.6389587258431785,25,30,20
23,1781,0.041528624727933804,0.23925492447080413,0.08025772495242917,0.6389587258488334,25,30,20
23,1782,0.0415293828361868,0.23925492448951538,0.08025776480448336,0.638957927869815,25,30,20
23,1783,0.04144342619685561,0.239157033984302,0.08046804126161566,0.6389314985572266,25,30,20
23,1784,0.04146664908360621,0.23915703427263654,0.08046833581987978,0.6389079808238772,25,30,20
23,1785,0.041475981558051725,0.23914771197108997,0.08046832628008081,0.6389079801907771,25,30,20
23,1786,0.040296212367791844,0.2391306054386648,0.0816372157943627,0.6389359663991806,25,30,20
23,1787,0.04029140884979621,0.23913060543876552,0.0816400049141115,0.6389379807973268,25,30,20
23,1788,0.04028233286623304,0.239143775905775,0.08163591042431763,0.6389379808036741,25,30,20
23,1789,0.04025898811970527,0.2391437759069658,0.08163654223339574,0.6389606937399332,25,30,20
23,1790,0.04189918325557925,0.23914372953326038,0.07999642595665206,0.6389606612545082,25,30,20
23,1791,0.04187900081597781,0.23914372954094393,0.07999579713464366,0.6389814725084344,25,30,20
23,1792,0.04185511794838329,0.23916785431974286,0.07999555583428038,0.6389814718975932,25,30,20
23,1793,0.041855906565705654,0.23916785435242305,0.07999582224344126,0.6389804168384297,25,30,20
23,1794,0.0418464934249105,0.2397011225138961,0.07947196720029025,0.6389804168609028,25,30,20
23,1795,0.04186098203061632,0.23970112252776338,0.07947215091625004,0.6389657445253694,25,30,20
23,1796,0.0418655317914642,0.23970112252692893,0.07947156782393239,0.6389617778576735,25,30,20
23,1797,0.041855499391790396,0.23970112249417583,0.07947129617874364,0.6389720819352891,25,30,20
23,1798,0.04187741207081458,0.23944205697683915,0.07970842933158676,0.6389721016207583,25,30,20
23,1799,0.04187235729347147,0.23944205695841767,0.0797082300635574,0.6389773556845525,25,30,20
23,1800,0.04185027764378377,0.2397012949602346,0.07947109139168212,0.6389773360042984,25,30,20
23,1801,0.04808071021267014,0.23970135456968836,0.07326746947043106,0.6389504657472094,25,30,20
23,1802,0.04808052251333717,0.23970135457928904,0.07326739940998324,0.6389507234973894,25,30,20
23,1803,0.04805716522958124,0.23970135457144603,0.07326731212126643,0.6389741680777051,25,30,20
23,1804,0.0480570670273113,0.23970135457132236,0.0732672042327443,0.6389743741686207,25,30,20
23,1805,0.048056977940160686,0.23970135456168828,0.07326711319965966,0.6389745542984904,25,30,20
23,1806,0.04805714736801824,0.2397013545852652,0.0732672561864535,0.638974241860262,25,30,20
23,1807,0.048047820176721254,0.23971064761555688,0.0732672903152968,0.638974241892424,25,30,20
23,1808,0.04805226809781838,0.23971064761564137,0.0732672750823296,0.6389698092042096,25,30,20
23,1809,0.04752721215494259,0.23971066341044814,0.07375748459611783,0.6390046398384907,25,30,20
23,1810,0.047517705841514095,0.23971066338191904,0.07375731552701227,0.6390143152495537,25,30,20
23,1811,0.047532011673397816,0.23971066340033453,0.07375745315214995,0.638999871774117,25,30,20
23,1812,0.04756078148108845,0.2397106634326726,0.07375769686734056,0.6389708582188979,25,30,20
23,1813,0.04753684426488169,0.2397106633998874,0.07376291482112819,0.6389895775141027,25,30,20
23,1814,0.04749858504981692,0.23971066335850527,0.07376269030081213,0.6390280612908655,25,30,20
23,1815,0.04748942159261921,0.23971066337262392,0.07376275057002445,0.6390371644647321,25,30,20
23,1816,0.047513133395540044,0.23971066339583216,0.07376291112089109,0.6390132920877365,25,30,20
23,1817,0.04750233438664393,0.23971066339463523,0.07376266606322007,0.6390243361555007,25,30,20
23,1818,0.04750741734743982,0.239710663409386,0.07396143312388986,0.6388204861192841,25,30,20
23,1819,0.04751683059058449,0.23971066341419967,0.07396908758547954,0.6388034184097364,25,30,20
23,1820,0.047516618561655725,0.23971066340943914,0.07396377822001984,0.6388089398088854,25,30,20
23,1821,0.04751678406364613,0.23971066341417635,0.07396364810766481,0.6388089044145129,25,30,20
23,1822,0.04751661238788565,0.23971066341360164,0.07396359410488741,0.6388091300936254,25,30,20
23,1823,0.0475326207771541,0.23916205815447605,0.07449618810001306,0.6388091329683568,25,30,20
23,1824,0.053200267637483485,0.23916235607958872,0.0688595963361089,0.6387777799468186,25,30,20
23,1825,0.054863725713144726,0.23916235618629028,0.06871522525787176,0.637258692842693,25,30,20
23,1826,0.05485705542199359,0.23969242647120542,0.06819182816512263,0.637258689941678,25,30,20
23,1827,0.05485747812536044,0.23969242648092517,0.06819204074567399,0.6372580546480396,25,30,20
23,1828,0.05485747804288545,0.23969266361010075,0.06819180368796979,0.6372580546590433,25,30,20
23,1829,0.05319410951118405,0.23969266351285248,0.06818420531252017,0.6389290216634426,25,30,20
23,1830,0.053193938078436656,0.23951194517626478,0.06836509443346729,0.6389290223118305,25,30,20
23,1831,0.05320334820222095,0.23950254205675395,0.0683650871181911,0.6389290226228331,25,30,20
23,1832,0.05317971105156929,0.2395025420297039,0.068372912690589,0.638944834228137,25,30,20
23,1833,0.05318896030412345,0.23950254202976623,0.06837291072749331,0.6389355869386162,25,30,20
23,1834,0.05318896056719627,0.23950254202984905,0.06837290998921017,0.6389355874137438,25,30,20
23,1835,0.05319312815578016,0.23950254201524238,0.06817414104858287,0.6391301887803938,25,30,20
23,1836,0.05318371335312982,0.23951195291902164,0.06817414528633597,0.6391301884415118,25,30,20
23,1837,0.05318371037676293,0.23951195292342317,0.06817399287566223,0.6391303438241509,25,30,20
23,1838,0.0531841256119986,0.23951195293297364,0.06817402735496061,0.6391298941000665,25,30,20
23,1839,0.05318881419555261,0.23950717353436668,0.06817411941998157,0.6391298928500988,25,30,20
23,1840,0.05317432112984337,0.2395071732366074,0.06817376679187898,0.6391447388416701,25,30,20
23,1841,0.05318936421402272,0.2394909722078415,0.06817492377205644,0.6391447398060792,25,30,20
23,1842,0.05319861604040357,0.2396625802534523,0.06799406361595581,0.6391447400901882,25,30,20
23,1843,0.05319845324581635,0.23966258026274442,0.06799411654584882,0.6391448499455902,25,30,20
23,1844,0.053198612976415746,0.23966258024870635,0.06799121944890299,0.6391475873259749,25,30,20
23,1845,0.0531893664388998,0.23966258025834972,0.06799128007433025,0.6391567732284199,25,30,20
23,1846,0.05318894682560749,0.23966258024439457,0.06799122196956667,0.639157250960431,25,30,20
23,1847,0.053179856784618736,0.23966258023029505,0.06799112862621465,0.6391664343588714,25,30,20
23,1848,0.05317949852391408,0.23966258022479273,0.06799121667619198,0.6391667045751013,25,30,20
23,1849,0.053188588809586525,0.2391349411583312,0.06850976513902753,0.6391667048930548,25,30,20
23,1850,0.053197834669961974,0.23913494115806738,0.06850976134184864,0.6391574628301221,25,30,20
23,1851,0.053207672651496354,0.23913494115806666,0.06850992245222098,0.639147463738216,25,30,20
23,1852,0.05322135309783253,0.23913494114412454,0.06850985033819126,0.6391338554198516,25,30,20
23,1853,0.05322136136640844,0.2391349411538895,0.06850990942636946,0.6391337880533324,25,30,20
23,1854,0.05380941684290945,0.23913494227636556,0.06852127197978683,0.6385343689009378,25,30,20
23,1855,0.053805065879889764,0.23913494229505472,0.06909151680151832,0.6379684750235368,25,30,20
23,1856,0.053800286308766807,0.23913981953191207,0.06909141852433046,0.6379684756349905,25,30,20
23,1857,0.05381085064315694,0.2391196917682813,0.06910098065482109,0.6379684769337405,25,30,20
23,1858,0.0538015092709331,0.23912888182599293,0.06910113260740981,0.6379684762956637,25,30,20
23,1859,0.05380657113998926,0.23913284356462974,0.06909210838551215,0.6379684769098685,25,30,20
23,1860,0.04788611908407945,0.23935424424175605,0.07260732990905058,0.6401523067651134,25,30,20
23,1861,0.04789158764494013,0.23934685051205368,0.07260925379466178,0.6401523080483438,25,30,20
23,1862,0.04787809288502541,0.2393468513685476,0.07260954349223765,0.6401655122541885,25,30,20
23,1863,0.04787880000410426,0.23934685140233014,0.07260975005919185,0.6401645985343727,25,30,20
23,1864,0.04788299256874631,0.239344566706435,0.07260784347385701,0.6401645972509606,25,30,20
23,1865,0.04788218523204656,0.23934456582663619,0.07260734734312814,0.6401659015981881,25,30,20
23,1866,0.047905979273590776,0.2393445658492836,0.07260764521315792,0.6401418096639665,25,30,20
23,1867,0.042057387475636865,0.2394522126829306,0.07831214434883683,0.6401782554925947,25,30,20
23,1868,0.041445449046449305,0.23945221154212123,0.07830078600793983,0.6408015534034885,25,30,20
23,1869,0.04143603097475656,0.23946163665476725,0.07830077897782527,0.6408015533926502,25,30,20
23,1870,0.041445273201237934,0.2394616366405579,0.07830855198773362,0.6407845381704701,25,30,20
23,1871,0.04145973199828657,0.23945604594206263,0.07829968328404296,0.6407845387756074,25,30,20
23,1872,0.04145040264318891,0.2394560459516094,0.07829971704242351,0.6407938343627777,25,30,20
23,1873,0.041449982889513376,0.2394560459420547,0.0782998609062601,0.6407941102621716,25,30,20
23,1874,0.04142601499785395,0.23999560639080797,0.0777842689864042,0.6407941096249335,25,30,20
23,1875,0.04075527049033231,0.23977392596148003,0.08086250540687516,0.6386082981413126,25,30,20
23,1876,0.04075525702301028,0.23977392596113867,0.08086238476852334,0.6386084322473278,25,30,20
23,1877,0.04075543960275593,0.2397736597254262,0.08086246842402411,0.6386084322477938,25,30,20
23,1878,0.04074665659810686,0.23978269114928763,0.08086222118792634,0.638608431064679,25,30,20
23,1879,0.04132617005495141,0.2397826912099946,0.08086909042732088,0.6380220483077328,25,30,20
23,1880,0.04165607780990262,0.23978269260736818,0.0808790581866574,0.6376821713960716,25,30,20
23,1881,0.04165608211973761,0.23978269261193205,0.0808712211514925,0.6376900041168376,25,30,20
23,1882,0.04164161375582531,0.23978269259335164,0.08087089568082574,0.6377047979699971,25,30,20
23,1883,0.04164643465581404,0.23978269262043397,0.08087321477418684,0.6376976579495652,25,30,20
23,1884,0.0036732919879837907,0.23978016363814383,0.11807427605061531,0.6384722683232593,25,30,20
23,1885,0.0036732920188319728,0.23978016363823218,0.11807427672347517,0.6384722676194632,25,30,20
23,1886,0.0036689407506284083,0.23978016365690943,0.11807441397119181,0.6384764816212728,25,30,20
23,1887,0.003673293563862058,0.23978016363840232,0.1180742791373361,0.638472263660402,25,30,20
23,1888,0.0036731316102338847,0.2397800796790318,0.11807452505038281,0.6384722636603535,25,30,20
23,1889,0.0036496701409858053,0.23980382400820807,0.11807424280036015,0.638472263050448,25,30,20
23,1890,0.0036546496419729195,0.239803824031863,0.11807434886091722,0.6384671774652488,25,30,20
23,1891,0.003654816974638135,0.23980382402747108,0.11807434712506812,0.638467011872824,25,30,20
23,1892,0.003075842671617051,0.23980382399888225,0.1180678972798968,0.6390524360496052,25,30,20
23,1893,0.0030841318468084037,0.23980382396026806,0.11806766201755081,0.6390443821753733,25,30,20
23,1894,0.0030932127987878,0.23978286808472526,0.11807953632000746,0.6390443827964801,25,30,20
23,1895,0.0030931365193590556,0.23978312729987963,0.1180793536846825,0.6390443824960791,25,30,20
23,1896,0.003093300727305388,0.23978312729499393,0.11807934642365751,0.6390442255540435,25,30,20
23,1897,0.003093297747871553,0.23955008496209104,0.11831239173559696,0.639044225554441,25,30,20
23,1898,0.00308413724488866,0.23955008497180402,0.1183124274654267,0.6390533503178812,25,30,20
23,1899,0.00308848963149678,0.23955008494871577,0.11830212039466531,0.6390593050251229,25,30,20
23,1900,0.0035832743114317515,0.23954973205760774,0.11858235177916937,0.6382846418517919,25,30,20
23,1901,0.0035784880233235864,0.239554427537267,0.11858244195459956,0.6382846424848106,25,30,20
23,1902,0.003947783412326508,0.23940041557447103,0.11836711894105685,0.6382846820721464,25,30,20
23,1903,0.003947710868289146,0.23940041557488648,0.11836711896542003,0.6382847545914051,25,30,20
23,1904,0.003943172623845047,0.23940041557879405,0.11836719914573064,0.638289212651631,25,30,20
23,1905,0.0039430867615923935,0.23940041557365377,0.11836716868361219,0.6382893289811422,25,30,20
23,1906,0.003943000542471712,0.23940041556435646,0.11836711296770148,0.6382894709254711,25,30,20
23,1907,0.003942830137203436,0.23940041556858382,0.11836711411306976,0.6382896401811436,25,30,20
23,1908,0.003942497706772748,0.23940041555903696,0.11836713149487553,0.6382899552393153,25,30,20
23,1909,0.003942586898505938,0.23940041556392422,0.11836715989011555,0.6382898376474548,25,30,20
23,1910,0.003092913401070868,0.23940043306546946,0.11921691276118215,0.6382897407722783,25,30,20
23,1911,0.003423245371179906,0.23940043473036418,0.11922645959266609,0.6379498603057905,25,30,20
23,1912,0.0034182583191443585,0.23940043470653918,0.11922629086052655,0.6379550161137904,25,30,20
23,1913,0.003078594079103494,0.2394004330368493,0.11921682340673159,0.6383041494773161,25,30,20
23,1914,0.0030668688825134173,0.23941246359665633,0.11921651937373617,0.6383041481470945,25,30,20
23,1915,0.0031273266611045554,0.23941246450149514,0.11922090635746818,0.6382393024799325,25,30,20
23,1916,0.0031365888096726692,0.239412464501753,0.1192209085173147,0.6382300381712602,25,30,20
23,1917,0.003136599186350586,0.23941246451113926,0.11922093248451769,0.6382300038179931,25,30,20
23,1918,0.0028066876100886957,0.23941246310425285,0.11921090802438783,0.6385699412612715,25,30,20
23,1919,0.0028066860678695933,0.2394124631040855,0.11921090606934731,0.6385699447586984,25,30,20
23,1920,0.003680752560416738,0.23941246475109879,0.11922118708412494,0.6376855956043606,25,30,20
23,1921,0.0028162648688759466,0.23941246310416361,0.11921076661112029,0.6385605054158411,25,30,20
23,1922,0.0028546103322611345,0.2393736530347038,0.11921122996875472,0.6385605066642814,25,30,20
23,1923,0.002803734356868285,0.23937365213946712,0.11920679280809442,0.6386158206955712,25,30,20
23,1924,0.0028080838283836835,0.23937365211654751,0.11920663087682422,0.6386116331782457,25,30,20
23,1925,0.0027991069360010445,0.23937365213183057,0.1192067255168834,0.638620515415286,25,30,20
23,1926,0.0027993579492979546,0.23937365214120412,0.11920678169692861,0.6386202082125704,25,30,20
23,1927,0.0027897745770601085,0.23937365213183057,0.11920677434828461,0.6386297989428258,25,30,20
23,1928,0.0028248542274999736,0.23937365301076205,0.11941042859168573,0.6383910641700529,25,30,20
23,1929,0.002839074580553491,0.23937365301955915,0.11941053335746943,0.6383767390424185,25,30,20
23,1930,0.002839061879638563,0.23937365301995342,0.11941059705736028,0.6383766880430483,25,30,20
23,1931,0.002853359645680084,0.239373653042842,0.11941073433564055,0.638362252975838,25,30,20
23,1932,0.0028531940860706297,0.23937793685193326,0.11940661672592309,0.6383622523360735,25,30,20
23,1933,0.003738703335519015,0.23937886764924726,0.11851596566119017,0.6383664633540446,25,30,20
23,1934,0.0033698259395914887,0.23976572875291094,0.11849802152423546,0.6383664237832631,25,30,20
23,1935,0.0033697386284415798,0.2397657287339071,0.11849790688756894,0.6383666257500834,25,30,20
23,1936,0.0033842203106383955,0.23976572875234958,0.11849802623201798,0.6383520247049951,25,30,20
23,1937,0.0033934846178185762,0.23976572875259808,0.11849803084120847,0.6383427557883758,25,30,20
23,1938,0.0033978328106223036,0.23976572873374954,0.11792778653064787,0.6389086519249808,25,30,20
23,1939,0.0033741077193040377,0.23976572871991078,0.11792765206278513,0.6389325114980006,25,30,20
23,1940,0.0033836032179956205,0.2397522520763944,0.11793163320840072,0.6389325114972101,25,30,20
23,1941,0.0034092080105062378,0.23972823369146665,0.11793002745167769,0.6389325308463503,25,30,20
23,1942,0.0033956221012806692,0.23972823370599236,0.11793022150905025,0.6389459226836776,25,30,20
23,1943,0.003439925803685507,0.23972823483184919,0.11793295334187998,0.6388988860225863,25,30,20
23,1944,0.003779076032148369,0.23972823703035753,0.11794254393000475,0.63855014300749,25,30,20
23,1945,0.0037935428157321767,0.23972823704404178,0.11794267483594197,0.6385355453042847,25,30,20
23,1946,0.0037842021436158596,0.23972823703938648,0.11794272153911667,0.6385448392778816,25,30,20
23,1947,0.003774954741526496,0.23972823703466895,0.1179426929437808,0.6385541152800244,25,30,20
23,1948,0.002918642540915791,0.239728226248772,0.11880322825375147,0.6385499029565607,25,30,20
23,1949,0.00292830562316343,0.23972822624443751,0.11880325110686432,0.6385402170255344,25,30,20
23,1950,0.001983240174418968,0.239620263116091,0.11985155263655012,0.6385449440729416,25,30,20
23,1951,0.001973571163908552,0.23962026312042448,0.11985153224466101,0.6385546334710077,25,30,20
23,1952,0.0023089074906235646,0.23962026424189906,0.11986067931373486,0.6382101489537441,25,30,20
23,1953,0.001989857028063219,0.2396202628646724,0.12015151885295604,0.6382383612543113,25,30,20
23,1954,0.020880100730691697,0.239620304776141,0.1008759237690277,0.6386236707241423,25,30,20
23,1955,0.020889931777349185,0.2396203049382217,0.10091074712125209,0.6385790161631798,25,30,20
23,1956,0.020899260766654226,0.23962030494311434,0.10091069856384521,0.6385697357263891,25,30,20
23,1957,0.020913741859219886,0.23962030496203066,0.10091089882976799,0.6385550543489844,25,30,20
23,1958,0.02093762776344879,0.20165721918900953,0.1388500980871109,0.6385550549604332,25,30,20
23,1959,0.020961093953296907,0.2016572191979546,0.13885020091722977,0.6385314859315205,25,30,20
23,1960,0.020930969991372148,0.2016777940861805,0.13885976808904366,0.6385314678334052,25,30,20
23,1961,0.020907072319421766,0.20167779406251232,0.13885957885908864,0.6385555547589791,25,30,20
23,1962,0.021798643021327356,0.20171419622751202,0.1378885997399891,0.6385985610111736,25,30,20
23,1963,0.021774929745685453,0.20171419621392045,0.13788846920775913,0.6386224048326369,25,30,20
23,1964,0.021769939494970657,0.20173127601997526,0.13787638061337662,0.6386224038716793,25,30,20
23,1965,0.021760352261170984,0.2017312760292764,0.13787625116081123,0.6386321205487429,25,30,20
23,1966,0.021765339167040397,0.20172611990076747,0.13787641943383627,0.6386321214983574,25,30,20
23,1967,0.02177537658162346,0.20171589274903254,0.13787660883706582,0.6386321218322795,25,30,20
23,1968,0.021770681390913964,0.2017206196398559,0.13787657634605913,0.6386321226231723,25,30,20
23,1969,0.021766327599221116,0.20172061965388796,0.13787671111184596,0.638636341635046,25,30,20
23,1970,0.021775742453489268,0.2017206196631712,0.13787669127592472,0.6386269466074159,25,30,20
23,1971,0.020875416605678043,0.20168422905681685,0.13885638023705527,0.6385839741004512,25,30,20
23,1972,0.020870351930284418,0.2016894376021838,0.1388562376060412,0.6385839728614919,25,30,20
23,1973,0.020841332141628026,0.20171895451857633,0.13885574173263773,0.6385839716071592,25,30,20
23,1974,0.02087985911764666,0.20171895456096173,0.13886390387143577,0.638537282449957,25,30,20
23,1975,0.02086890930031835,0.20171895371992044,0.13856338011197578,0.6388487568677866,25,30,20
23,1976,0.020863512447729923,0.20171250624087414,0.1385752238615603,0.6388487574498368,25,30,20
23,1977,0.020848955170244942,0.20171250622658798,0.13856725459570374,0.6388712840074645,25,30,20
23,1978,0.020849122777783603,0.2017125062268396,0.13856725577214243,0.6388711152232355,25,30,20
23,1979,0.020863504304712555,0.20170993972850929,0.13855544073836687,0.6388711152284113,25,30,20
23,1980,0.02083953593305088,0.20170993970024156,0.13855524537438366,0.638895278992324,25,30,20
23,1981,0.020795378401238452,0.2017099388212558,0.13835159190947102,0.6391430908680342,25,30,20
23,1982,0.020738834350473266,0.20170900160987887,0.13840907411540004,0.6391430899242467,25,30,20
23,1983,0.02073849793162979,0.20170900160048766,0.13840909346016228,0.6391434070077192,25,30,20
23,1984,0.02072565426534556,0.19971891091674768,0.14041202838772798,0.6391434064301788,25,30,20
23,1985,0.02071118093428789,0.19971891089767393,0.14041182803693458,0.6391580801311043,25,30,20
23,1986,0.020720775323902107,0.19971891091218766,0.14041171776590622,0.6391485959980049,25,30,20
23,1987,0.020711603772811952,0.19971891091708258,0.14041188736852264,0.6391575979415837,25,30,20
23,1988,0.020712195463941527,0.19971506676487732,0.14041513857317597,0.639157599198006,25,30,20
23,1989,0.020712444662400804,0.19971506677441386,0.14041517370231116,0.6391573148608747,25,30,20
23,1990,0.0206774688493199,0.19971506565278857,0.14041241667117763,0.6391950488267147,25,30,20
23,1991,0.020686695690788858,0.19970599749065976,0.14041225940485066,0.639195047413702,25,30,20
23,1992,0.02069612495383932,0.19970599750051826,0.14041589272120567,0.6391819848244383,25,30,20
23,1993,0.02068592472372925,0.1997059974586179,0.14041543832053452,0.6391926394971195,25,30,20
23,1994,0.020686251506190145,0.19970599745886325,0.14041186724028656,0.6391958837946612,25,30,20
23,1995,0.020681278909606363,0.199190718492133,0.1409321175639346,0.6391958850343271,25,30,20
23,1996,0.020690272082494823,0.1991907184869747,0.140932085879904,0.6391869235506272,25,30,20
23,1997,0.020695153395853906,0.19970605773769723,0.14041186593925306,0.6391869229271971,25,30,20
23,1998,0.020751636819734992,0.19970536619363663,0.14035607221810784,0.639186924768522,25,30,20
23,1999,0.02075321915336529,0.19970536620893017,0.1403562013485877,0.6391852132891183,25,30,20
23,2000,0.020753290202268734,0.19970536620403112,0.1403561677113101,0.6391851758823913,25,30,20
23,2001,0.02075806957019386,0.1997126096464143,0.14034414581743376,0.6391851749659595,25,30,20
23,2002,0.0207580820268232,0.1997126096470074,0.140344205276782,0.6391851030493886,25,30,20
23,2003,0.02076338930530175,0.1997126096291769,0.14034419838154163,0.6391798026839802,25,30,20
23,2004,0.020763387950235357,0.19971260962925944,0.14034420534485656,0.6391797970756491,25,30,20
23,2005,0.020753021410012874,0.19971260962841378,0.14034407129148313,0.6391902976700907,25,30,20
23,2006,0.02075310246168449,0.19971260963827825,0.14035424886255377,0.6391800390374839,25,30,20
23,2007,0.020762519929369744,0.19971260963834922,0.14035410830544712,0.6391707621268342,25,30,20
23,2008,0.020426301464110216,0.19971260848378114,0.14034463066092964,0.6395164593911798,25,30,20
23,2009,0.020450436507222673,0.19971260851189673,0.14034480281618317,0.6394921521646983,25,30,20
23,2010,0.020440935726374808,0.19972213857185978,0.1403447741698622,0.639492151531904,25,30,20
23,2011,0.02042621680790209,0.1997221385485634,0.14034461300256879,0.6395070316409668,25,30,20
23,2012,0.02041200786706755,0.19972213853506068,0.1403446161205782,0.6395212374772946,25,30,20
23,2013,0.020410974299616424,0.19972212676546164,0.14034568121464308,0.639521217720279,25,30,20
23,2014,0.010457904174875384,0.1997220917441755,0.15066140327535257,0.6391586008055963,25,30,20
23,2015,0.010458082223140512,0.19972209177741462,0.1506615876162001,0.6391582383832444,25,30,20
23,2016,0.0016441637337667873,0.19972208522619345,0.1317026602867421,0.6669310907532972,25,30,20
23,2017,0.0016737106400368986,0.19972208521280416,0.13170291980915752,0.6669012843380009,25,30,20
23,2018,0.0016834940376828033,0.1997227413381674,0.13169249332232538,0.6669012713018241,25,30,20
23,2019,0.001683673847125109,0.19972274132940143,0.1316925335202625,0.6669010513032105,25,30,20
23,2020,0.0014433881819033592,0.19972274077489355,0.11996300856774358,0.6788708624754594,25,30,20
23,2021,0.0014341469233799136,0.1997227407980917,0.11996337304828744,0.6788797392302408,25,30,20
23,2022,0.0014341452734419116,0.1997227407978367,0.11996336608812086,0.6788797478406007,25,30,20
23,2023,0.00146316807729147,0.19972274083065739,0.11996363897549464,0.6788504521165564,25,30,20
23,2024,0.001429311161817074,0.19972274083421943,0.11981421828634302,0.6790337297176207,25,30,20
23,2025,0.0014056795923003621,0.19974649171374653,0.11981409960340678,0.6790337290905468,25,30,20
23,2026,0.0014262911138433528,0.19972555418304455,0.11981442366987125,0.6790337310332414,25,30,20
23,2027,0.0014356987450099667,0.19972555417814064,0.11981441770030386,0.6790243293765456,25,30,20
23,2028,0.0014356940828202166,0.19972555415471085,0.11980391028740232,0.6790348414750667,25,30,20
23,2029,0.0014351918819793886,0.19972555414459545,0.11980384606753036,0.6790354079058948,25,30,20
23,2030,0.002218692102738862,0.19972555622926652,0.11902030752933142,0.679035444138663,25,30,20
23,2031,0.0022186873830094033,0.1997255562248613,0.11902028191263458,0.6790354744794946,25,30,20
23,2032,0.0022282674653994377,0.1997255562248576,0.11902028136000453,0.679025894949738,25,30,20
23,2033,0.0022803136648031517,0.1997255568198606,0.1190284219602166,0.6789657075551193,25,30,20
23,2034,0.002284927770014968,0.199725556820027,0.11903854053167123,0.6789509748782865,25,30,20
23,2035,0.002231560632153157,0.19972555623799582,0.11903041991579348,0.6790124632140572,25,30,20
23,2036,0.0023176751769284627,0.1997255560088249,0.11894423199886245,0.6790125368153853,25,30,20
23,2037,0.0023273492870037314,0.1997255560044193,0.11894430372529603,0.6790027909832821,25,30,20
23,2038,0.0022550511088260503,0.19972557125304888,0.11901666059023762,0.6790027170478887,25,30,20
23,2039,0.0022454686044261103,0.1997255712670004,0.11901664135856124,0.6790123187700133,25,30,20
23,2040,0.0022364772936962567,0.19972557129080443,0.11901673455647196,0.6790212168590284,25,30,20
23,2041,0.0022252079528861574,0.19151478914467454,0.12723878796412477,0.6790212149383152,25,30,20
23,2042,0.002225212836580909,0.1915147891448461,0.12723878901741117,0.6790212090011629,25,30,20
23,2043,0.0022155357755365883,0.191514789148823,0.12723872208861653,0.6790309529870244,25,30,20
23,2044,0.0025034682744592015,0.19151478921067766,0.12723488510859263,0.6787468574062708,25,30,20
23,2045,0.0024942275619302006,0.19151478922024492,0.1272349461405167,0.6787560370773084,25,30,20
23,2046,0.0025288947200321574,0.19151478981203468,0.12723752438034938,0.6787187910875835,25,30,20
23,2047,0.0025289713844897917,0.19151478979788558,0.12723737909624963,0.6787188597213744,25,30,20
23,2048,0.0025195580994744203,0.19151478980262918,0.12723778650870973,0.678727865589186,25,30,20
23,2049,0.002510059757215928,0.1915147897797958,0.1277977709781128,0.678177379484875,25,30,20
23,2050,0.002500802467717878,0.19151478977971792,0.12779795128165353,0.6781864564709104,25,30,20
23,2051,0.0022131207456971545,0.19151478972258967,0.12779395556342205,0.6784781339682907,25,30,20
23,2052,0.0022129559734114248,0.19151478971774058,0.12779742741686528,0.6784748268919824,25,30,20
23,2053,0.0021984561409530397,0.191514775615713,0.12781194104647986,0.6784748271968536,25,30,20
23,2054,0.0021730379727905366,0.19151477503802286,0.1278094466300459,0.6785027403591404,25,30,20
23,2055,0.0021934769296447177,0.19151477509113043,0.12780976060671637,0.678481987372508,25,30,20
23,2056,0.002222495137408003,0.1914854624653817,0.1278100537759858,0.6784819886212239,25,30,20
23,2057,0.002289969993592882,0.19148546413287046,0.12781452902072027,0.6784100368528162,25,30,20
23,2058,0.002289788546804769,0.199708036538622,0.11959213777847998,0.6784100371360929,25,30,20
23,2059,0.0022895329085803025,0.19970803651945646,0.11959202724267723,0.6784104033292857,25,30,20
23,2060,0.0022802376117490226,0.19970738060139984,0.1196019783312758,0.6784104034555756,25,30,20
23,2061,0.002285303179978132,0.19970207900968248,0.11960221373209229,0.6784104040782469,25,30,20
23,2062,0.0022946285739292318,0.1997020789961459,0.11960216323295615,0.6784011291969685,25,30,20
23,2063,0.0023102108790665336,0.1997020789877284,0.11960296961123724,0.6783847405219674,25,30,20
23,2064,0.002289774927609391,0.19970207893486827,0.11960270249853285,0.6784054436389891,25,30,20
23,2065,0.0022898587693534226,0.1997020789301737,0.11959919576200327,0.6784088665384692,25,30,20
23,2066,0.002260841893515779,0.19972722599334447,0.11960306681236264,0.6784088653007769,25,30,20
23,2067,0.0022516933348707157,0.1997272260125847,0.11960318362123758,0.6784178970313071,25,30,20
23,2068,0.002242803770859945,0.19972722603251142,0.1196033048848977,0.6784266653117311,25,30,20
23,2069,0.002242797593053358,0.19972722603209087,0.1196032548399732,0.6784267215348828,25,30,20
23,2070,0.002233391084346546,0.19973239327532902,0.11960749440976812,0.6784267212305568,25,30,20
23,2071,0.002260982264579485,0.19991879528674505,0.11939342749943804,0.678426794949237,25,30,20
23,2072,0.0022609041910605612,0.19991879529619586,0.1193934639639874,0.6784268365487552,25,30,20
23,2073,0.002274959392761875,0.19990446726767847,0.11939373619092995,0.6784268371486291,25,30,20
23,2074,0.004899081271534013,0.1997180674587979,0.11695596617970522,0.6784268850899626,25,30,20
23,2075,0.004870152248916487,0.19971806743136777,0.11695572862395819,0.678456051695757,25,30,20
23,2076,0.004869974303102916,0.199718067407737,0.11695572288958156,0.678456235399578,25,30,20
23,2077,0.028419113669543375,0.19971838788573978,0.09339962673458922,0.6784628717101274,25,30,20
23,2078,0.028442829913040063,0.19971838790886795,0.09339960834970347,0.6784391738283881,25,30,20
23,2079,0.028442751382289577,0.19971838790445953,0.09339963120605488,0.6784392295071956,25,30,20
23,2080,0.027602022283005075,0.1997190534588611,0.09423973160345721,0.6784391926546747,25,30,20
23,2081,0.027596784721405965,0.19975642842698244,0.09420759484082059,0.6784391920107892,25,30,20
23,2082,0.029634715054850057,0.19975858701364907,0.09211368145143842,0.6784930164800627,25,30,20
23,2083,0.029629823774372527,0.19976356104542856,0.09211359931171062,0.6784930158684884,25,30,20
23,2084,0.029629790385998545,0.19976356102185175,0.09212131693840332,0.6784853316537465,25,30,20
23,2085,0.02962045650823431,0.19976356101722728,0.09212129100806121,0.6784946914664768,25,30,20
23,2086,0.029644760417855475,0.1997635610548074,0.09212149429081558,0.6784701842365208,25,30,20
23,2087,0.02965538183851359,0.19976356106144635,0.09213176071325373,0.6784492963867855,25,30,20
23,2088,0.01417487287695216,0.19976352351707752,0.10761505422305588,0.6784465493829136,25,30,20
23,2089,0.01414953095815053,0.1997635234823951,0.10760459229988269,0.678482353259571,25,30,20
23,2090,0.014187802866018602,0.19976352351521062,0.10760446328128152,0.6784442103374887,25,30,20
23,2091,0.01418327698357392,0.19976352353305135,0.10760458965370527,0.6784486098296695,25,30,20
23,2092,0.014183356951776954,0.1997676563403579,0.107600376879206,0.678448609828659,25,30,20
23,2093,0.01418318375244064,0.19976765633970037,0.10703013247429494,0.6790190274335641,25,30,20
23,2094,0.01418284254009089,0.19976765632052243,0.10703004379893265,0.6790194573404541,25,30,20
23,2095,0.0141829192311718,0.19976755871424431,0.10703006471405865,0.6790194573405253,25,30,20
23,2096,0.014159047336472733,0.1991237941807153,0.10769770169936757,0.6790194567834444,25,30,20
23,2097,0.014116602725064537,0.19912379252332968,0.10769475857725645,0.6790648461743496,25,30,20
23,2098,0.014100891224499685,0.19912379249420564,0.10769313225292232,0.6790821840283726,25,30,20
23,2099,0.014105520653636884,0.19912379248916312,0.10769312277421085,0.6790775640829897,25,30,20
23,2100,0.014115363256001334,0.1991237924892514,0.1076931720841514,0.6790676721705965,25,30,20
23,2101,0.01411527245889441,0.19912379248386106,0.10769313715337553,0.6790677979038702,25,30,20
23,2102,0.01411535457751982,0.1991237924789511,0.10769315876129154,0.6790676941822388,25,30,20
23,2103,0.014420341715452242,0.19912379388929854,0.10770400827206363,0.6787518561231863,25,30,20
23,2104,0.014420703639564296,0.1988934106330304,0.10793402957958487,0.6787518561478213,25,30,20
23,2105,0.014401881221784185,0.19889341062848523,0.10793400377001036,0.6787707043797208,25,30,20
23,2106,0.01240783419049235,0.1988915940145589,0.10998364549082787,0.6787169263041212,25,30,20
23,2107,0.012417245717551097,0.19889159401911896,0.10998374097457479,0.6787074192887553,25,30,20
23,2108,0.012417332107723587,0.19888642165155535,0.10998882694644449,0.6787074192942767,25,30,20
23,2109,0.012552524922414874,0.19992890866170296,0.10881116578396362,0.678707400631919,25,30,20
23,2110,0.012552092431180342,0.1999289086660935,0.10881111832306885,0.6787078805796578,25,30,20
23,2111,0.012527012718645108,0.1999289086696381,0.1088102867881818,0.6787337918235353,25,30,20
23,2112,0.012517596136712874,0.1999289086742098,0.10881029019056115,0.6787432049985165,25,30,20
23,2113,0.012517234279645843,0.2001623733559437,0.10857718864648827,0.6787432037179225,25,30,20
23,2114,0.012517143533624226,0.20017154728395053,0.108568105175384,0.6787432040070417,25,30,20
23,2115,0.012517921202475182,0.20016961688888607,0.10856925757266968,0.6787432043359694,25,30,20
23,2116,0.012513195259132255,0.20016961688417326,0.10913932508212844,0.6781778627745665,25,30,20
23,2117,0.012178149893126218,0.2001696154771728,0.10912804355540161,0.6785241910742995,25,30,20
23,2118,0.012187906451074286,0.20016961547750836,0.10912796996104543,0.6785145081103723,25,30,20
23,2119,0.012187906216730396,0.20016961547750675,0.10912797168381116,0.678514506621952,25,30,20
23,2120,0.012211269851558482,0.2001696154762172,0.10913584889576974,0.6784832657764546,25,30,20
23,2121,0.012239856024472289,0.20016961551799134,0.1091360862883446,0.6784544421691916,25,30,20
23,2122,0.012924310577834086,0.200169615536429,0.11785821363785973,0.6690478602478761,25,30,20
23,2123,0.01359605541344824,0.19912743031302807,0.11822862851400456,0.6690478857595187,25,30,20
23,2124,0.0135577126580615,0.1991274302709184,0.11822846344781945,0.6690863936232003,25,30,20
23,2125,0.013572187078505282,0.19912743028485155,0.11822859493199975,0.669071787704643,25,30,20
23,2126,0.013581778763083531,0.19911796347439492,0.11822847006336126,0.6690717876991599,25,30,20
23,2127,0.013581547756683902,0.19911796346954147,0.11822060231219016,0.6690798864615839,25,30,20
23,2128,0.013581879643793093,0.1991179634790884,0.11822052494621162,0.6690796319309064,25,30,20
23,2129,0.0135438620661829,0.19911796345573293,0.11822030832712102,0.669117866150963,25,30,20
23,2130,0.013037392729442874,0.19911733254135364,0.11872742605385532,0.6691178486753483,25,30,20
23,2131,0.013037411583151092,0.1991173325417022,0.11873015058751424,0.6691151052876327,25,30,20
23,2132,0.013032622241006365,0.19907928996210508,0.11877298309844042,0.6691151046984481,25,30,20
23,2133,0.01304717703985276,0.19907928999022256,0.11877329136123495,0.6691002416086895,25,30,20
23,2134,0.013038184608534448,0.1990792899997966,0.1187733982692947,0.6691091271223744,25,30,20
23,2135,0.013029448988943992,0.19907929000977032,0.11877345144403051,0.6691178095572556,25,30,20
23,2136,0.013014724081932359,0.19907928998613073,0.11877314767172774,0.6691328382602095,25,30,20
23,2137,0.01301421814470925,0.19907993404362834,0.11877300926226632,0.6691328385493963,25,30,20
23,2138,0.01300446357747126,0.19908966211917048,0.11877303575401968,0.6691328385493389,25,30,20
23,2139,0.013028349291495092,0.19972422869375817,0.11811458290734116,0.6691328391074058,25,30,20
23,2140,0.013028357060301216,0.19972422870314818,0.11811464252933274,0.6691327717072181,25,30,20
23,2141,0.038063127893451704,0.19972533192226283,0.09307594951192717,0.6691355906723595,25,30,20
23,2142,0.03808220096408581,0.1997253319085427,0.09307591608393043,0.6691165510434423,25,30,20
23,2143,0.02135062384157027,0.1997540652524917,0.1097698408015852,0.6691254701043533,25,30,20
23,2144,0.021365599473009797,0.1995060167013846,0.11000291243127154,0.669125471394334,25,30,20
23,2145,0.02135111015217024,0.1995207557471838,0.11000266301805756,0.6691254710825884,25,30,20
23,2146,0.01346400143259592,0.2017986507278588,0.11562070104622879,0.6691166467933168,25,30,20
23,2147,0.0134639811722106,0.20179865072759323,0.11561798339271057,0.669119384707486,25,30,20
23,2148,0.013449363453836287,0.20179865071396688,0.11561783727431806,0.669134148557879,25,30,20
23,2149,0.013443726337492235,0.20203744126537146,0.11538468513501837,0.6691341472621182,25,30,20
23,2150,0.013458191630060845,0.20203744128395013,0.11538482338796807,0.6691195436980212,25,30,20
23,2151,0.013458656845580917,0.20203744131364776,0.11538488632128892,0.6691190155194825,25,30,20
23,2152,0.013467208763666976,0.202030074662367,0.11538370138355457,0.6691190151904113,25,30,20
23,2153,0.013458218411733605,0.2020390021127445,0.11538376428435831,0.6691190151911635,25,30,20
23,2154,0.029880180240815162,0.19973224040019905,0.1012701783480874,0.669117401010899,25,30,20
23,2155,0.029879504251006363,0.19973224038092716,0.10127003920937544,0.6691182161586916,25,30,20
23,2156,0.029902975386486362,0.19973224040222315,0.1012780487839033,0.6690867354273873,25,30,20
23,2157,0.029893706311326623,0.19973224040636736,0.1012815601429066,0.6690924931393997,25,30,20
23,2158,0.02080216973112485,0.1997319840775495,0.11037722465889242,0.6690886215324332,25,30,20
23,2159,0.020787952360712184,0.19973198407813833,0.11037717929834363,0.6691028842628056,25,30,20
23,2160,0.02078804897931542,0.19973196128862486,0.110377104514047,0.6691028852180126,25,30,20
23,2161,0.020787885197776662,0.1997319612839638,0.11037709572553624,0.6691030577927229,25,30,20
23,2162,0.019750296310878605,0.19973309684196117,0.11140281799153957,0.6691137888556203,25,30,20
23,2163,0.019740636687289637,0.19973309682337737,0.11140273001770148,0.6691235364716311,25,30,20
23,2164,0.019749638282033674,0.1997330968186316,0.11140270282916757,0.6691145620701673,25,30,20
23,2165,0.01975888044132821,0.19973309681837004,0.11140269832386349,0.6691053244164386,25,30,20
23,2166,0.019758954464799125,0.19973300785684775,0.1114027132565882,0.6691053244217655,25,30,20
23,2167,0.019758949867809284,0.199733007856511,0.11140271127681046,0.6691053309988697,25,30,20
23,2168,0.019740125465493023,0.1997330078533922,0.11139483378127406,0.6691320328998412,25,30,20
23,2169,0.019754596895691236,0.19973300786749001,0.11139496673737156,0.6691174284994478,25,30,20
23,2170,0.019754609268621385,0.1997330078679135,0.11139768230669998,0.6691147005567664,25,30,20
23,2171,0.01976427069346656,0.19973300787720202,0.11139771699849038,0.6691050044308423,25,30,20
23,2172,0.01974981001586241,0.1997330078587083,0.11139757742751134,0.669119604697919,25,30,20
23,2173,0.01974057097582811,0.199733007859387,0.11139760060702975,0.6691288205577562,25,30,20
23,2174,0.020581914870301244,0.19973300924295995,0.11140748452305135,0.6682775913636887,25,30,20
23,2175,0.020591254787963528,0.19973300924788007,0.11140401470593675,0.6682717212582205,25,30,20
23,2176,0.020591079506389005,0.19973300923842494,0.11140395892369465,0.6682719523314924,25,30,20
23,2177,0.0205906144137426,0.1997330092089843,0.11140389845441565,0.6682724779228583,25,30,20
23,2178,0.020566979637207404,0.19973300919532938,0.11139592956043984,0.6683040816070239,25,30,20
23,2179,0.022183203295177614,0.1997330103106429,0.1114076348686867,0.6666761515254934,25,30,20
23,2180,0.04443420204933532,0.19973414834876826,0.08914594004543946,0.6666857095564577,25,30,20
23,2181,0.04358319680129712,0.19973414695598954,0.08913614220345673,0.6675465140392574,25,30,20
23,2182,0.043592190913565,0.19949227733794433,0.08936901740576801,0.6675465143427232,25,30,20
23,2183,0.043664740289464314,0.19941594533089435,0.0893727981527475,0.6675465162268945,25,30,20
23,2184,0.043655667603563666,0.19942502630210115,0.08937278985501297,0.6675465162393227,25,30,20
23,2185,0.04365567174255465,0.19965794897040387,0.08913986305138652,0.6675465162356558,25,30,20
23,2186,0.04425828205607199,0.19965795010656767,0.08915137162043488,0.6669323962169258,25,30,20
23,2187,0.04424920874474125,0.19965795011627943,0.08915139997417697,0.6669414411648029,25,30,20
23,2188,0.04422549108323539,0.19965795010260415,0.08915402665786702,0.6669625321562939,25,30,20
23,2189,0.04423472870850317,0.19965795010208384,0.08915405114483745,0.6669532700445759,25,30,20
23,2190,0.043623384247137284,0.19965794898543393,0.08914266053024422,0.6675760062371849,25,30,20
23,2191,0.041997993732166866,0.19965794787502614,0.08913098712651824,0.669213071266289,25,30,20
23,2192,0.04191635646268486,0.19974020627200997,0.08913036851550235,0.6692130687498031,25,30,20
23,2193,0.041927637525507794,0.19973775576077737,0.08912153632816981,0.6692130703855456,25,30,20
23,2194,0.041927722448070186,0.19973775576068295,0.08912155969260611,0.6692129620986413,25,30,20
23,2195,0.04192788836201868,0.1997377557701644,0.08912156610332636,0.6692127897644912,25,30,20
23,2196,0.04193713026074009,0.19973775575580568,0.08912144160577101,0.6692036723776837,25,30,20
23,2197,0.0419467939617953,0.1997377557510638,0.08911874938333302,0.6691967009038083,25,30,20
23,2198,0.04197093763802597,0.19973775579365607,0.08911881533116867,0.6691724912371497,25,30,20
23,2199,0.04197584228199161,0.1997377558259559,0.08911627607751507,0.669170125814538,25,30,20
23,2200,0.04198551036983433,0.19920863688872587,0.08963572721088812,0.669170125530552,25,30,20
23,2201,0.04199475998970748,0.19920260139574136,0.08963251307930871,0.6691701255352429,25,30,20
23,2202,0.04199433927448958,0.19972232171154725,0.08911321319476385,0.6691701258192001,25,30,20
23,2203,0.04199885298336116,0.19972232168365328,0.08911322252085568,0.6691656028121307,25,30,20
23,2204,0.0419781571992639,0.1897323454191943,0.09912389597273791,0.6691656014088048,25,30,20
23,2205,0.041977909626225406,0.18973234540012993,0.09912397891152402,0.6691657660621216,25,30,20
23,2206,0.0419778343228456,0.18973234539098668,0.0991240021855279,0.6691658181006409,25,30,20
23,2207,0.04197767326093153,0.18973234539580122,0.09912383274809958,0.6691661485951687,25,30,20
23,2208,0.042828375254452086,0.18973234544224687,0.09913037827134392,0.6683089010319582,25,30,20
23,2209,0.042828632293205146,0.18973234546135767,0.0991305888163391,0.6683084334290987,25,30,20
23,2210,0.04282410804946358,0.18973234548451795,0.0991307298936205,0.6683128165723986,25,30,20
23,2211,0.028181566454144633,0.18988174314386774,0.11364423868286008,0.6682924517191283,25,30,20
23,2212,0.028157584979786186,0.18988174310560602,0.11364405375378857,0.66831661816082,25,30,20
23,2213,0.028167875690623276,0.18988174315755088,0.11364457084583911,0.6683058103059875,25,30,20
23,2214,0.027827681354431512,0.1906305484827778,0.11323599455062347,0.6683057756121679,25,30,20
23,2215,0.02782742813297883,0.19063054847338468,0.11266576540389839,0.6688762579897392,25,30,20
23,2216,0.027817304107522575,0.19063054842601662,0.11266525415548789,0.6688868933109741,25,30,20
23,2217,0.027821901362677818,0.1898823989254127,0.11340880841822645,0.6688868912936843,25,30,20
23,2218,0.027856496156644556,0.18988239895995615,0.1134091521847853,0.6688519526986147,25,30,20
23,2219,0.02786599735889912,0.19935461274912672,0.10392743613443318,0.6688519537575409,25,30,20
23,2220,0.027866245859120734,0.1993546127539344,0.10392746137720915,0.6688516800097356,25,30,20
23,2221,0.027876197121232033,0.1993546127821286,0.10392770494071074,0.6688414851559285,25,30,20
23,2222,0.027889880028763817,0.1993546127628907,0.10392757696279702,0.6688279302455481,25,30,20
23,2223,0.02789441413610752,0.19935461275416425,0.10392749942046589,0.6688234736892624,25,30,20
23,2224,0.027894681102511962,0.19935461275924776,0.10392760309805135,0.668823103040189,25,30,20
23,2225,0.02282926375794114,0.19920291151496822,0.10914478541601247,0.6688230393110786,25,30,20
23,2226,0.022838849284792656,0.1992029114959458,0.10915248502144115,0.6688057541978211,25,30,20
23,2227,0.0228388573105074,0.19920291149162314,0.10915253381970061,0.6688056973781694,25,30,20
23,2228,0.0228344284150598,0.19972448508308138,0.10863538911409883,0.6688056973877606,25,30,20
23,2229,0.022809246658107452,0.19972448504844312,0.10863504501356105,0.6688312232798889,25,30,20
23,2230,0.022799581702571396,0.19973412548937708,0.10863507014986816,0.6688312226581842,25,30,20
23,2231,0.022799996992578942,0.1997338953972214,0.10863488525275024,0.66883122235745,25,30,20
23,2232,0.022823730524060837,0.19973389541107675,0.10863507093232426,0.6688073031325388,25,30,20
23,2233,0.022814051592217756,0.19973389541556086,0.1086273443813702,0.6688247086108519,25,30,20
23,2234,0.02279032871466693,0.19973389540162162,0.10862719612229366,0.6688485797614183,25,30,20
23,2235,0.021939614704589595,0.19973389535924685,0.1086205980932222,0.6697058918429423,25,30,20
23,2236,0.021930371517263198,0.19973389535500485,0.10862064581490331,0.6697150873128294,25,30,20
23,2237,0.021935347556423564,0.19973389538273142,0.10862076356430043,0.6697099934965454,25,30,20
23,2238,0.021931001510762434,0.1997338954151319,0.10862112079801683,0.6697139822760891,25,30,20
23,2239,0.021926351229697424,0.19973389539661762,0.10862098665963468,0.6697187667140503,25,30,20
23,2240,0.02191203586159194,0.19973389537819713,0.10862079959580463,0.6697332691644065,25,30,20
23,2241,0.021921903115421148,0.19972350920021015,0.10862131664357727,0.6697332710407916,25,30,20
23,2242,0.021931318684932543,0.19971394137296833,0.10862146859003997,0.6697332713520592,25,30,20
23,2243,0.021940655671089083,0.19971394137776674,0.10862149648646531,0.669723906464679,25,30,20
23,2244,0.02255308330036473,0.1997139425643244,0.1086422899259857,0.6690906842093249,25,30,20
23,2245,0.02256190358885596,0.1997139425642154,0.10864221725391209,0.6690819365930164,25,30,20
23,2246,0.02256633619377189,0.19971394253608377,0.10864990651593498,0.6690698147542093,25,30,20
23,2247,0.02255693722764147,0.1997139425274561,0.10864995575746855,0.6690791644874339,25,30,20
23,2248,0.025358574756363918,0.19971394291510244,0.10584830553616265,0.6690791767923708,25,30,20
23,2249,0.02500426986194964,0.19971394455711722,0.13670152727734924,0.6385802583035859,25,30,20
23,2250,0.025000008640285176,0.1997139445807784,0.13670169564418383,0.6385843511347546,25,30,20
23,2251,0.024990589477692143,0.1997233423817838,0.13670171732807135,0.6385843508124548,25,30,20
23,2252,0.025029715649056122,0.1997233445742684,0.1367036387545432,0.6385433010221341,25,30,20
23,2253,0.025031409789935472,0.19920042661943627,0.13722480773415544,0.6385433558564746,25,30,20
23,2254,0.025021826659076908,0.1992004266196837,0.13721694975568413,0.638560796965557,25,30,20
23,2255,0.02503150567262526,0.19920042661520282,0.13721681577670922,0.6385512519354647,25,30,20
23,2256,0.025031341407133853,0.199200426615446,0.1372168178058835,0.6385514141715387,25,30,20
23,2257,0.019721138718454993,0.1992004280164531,0.14252691558335295,0.638551517681741,25,30,20
23,2258,0.01973542389948431,0.1992004280254019,0.14252699357360166,0.6385371545015139,25,30,20
23,2259,0.019735329377788345,0.19920042801560583,0.1425270946095406,0.6385371479970664,25,30,20
23,2260,0.019705620060937793,0.19920042580443706,0.14252782027384148,0.638566133860785,25,30,20
23,2261,0.019695953737254534,0.19854188224287836,0.14319602984215918,0.6385661341777081,25,30,20
23,2262,0.020030893378646487,0.19854188390884672,0.14320549619842166,0.6382217265140862,25,30,20
23,2263,0.01941819786828694,0.19854188272175816,0.14318449485990306,0.6388554245500534,25,30,20
23,2264,0.019407342816748344,0.1990620173556519,0.14267526975594289,0.6388553700716587,25,30,20
23,2265,0.019397728366379555,0.19907193263028816,0.14267497080862573,0.6388553681947082,25,30,20
23,2266,0.0193977358445323,0.19907193263037284,0.14267497489343245,0.6388553566316646,25,30,20
23,2267,0.019397648208906347,0.19907193262050576,0.14267491823925862,0.6388555009313316,25,30,20
23,2268,0.019397631735506293,0.19908382635753738,0.14266304196025356,0.6388554999467053,25,30,20
23,2269,0.019397463066945276,0.1990838263621799,0.14266290728524458,0.6388558032856326,25,30,20
23,2270,0.019087821686107908,0.1990838250488246,0.1795432818954491,0.6022850713696196,25,30,20
23,2271,0.01907866560261571,0.199083825058454,0.17954331800356058,0.602294191335371,25,30,20
23,2272,0.01907377353041079,0.1990890592367413,0.17954297649164583,0.6022941907412034,25,30,20
23,2273,0.01906886405906521,0.19908905920393746,0.1795426147656292,0.6022994619713696,25,30,20
23,2274,0.019068528228842942,0.19908905921347334,0.17953991119067647,0.6023025013670087,25,30,20
23,2275,0.01909174617589761,0.19905656949866823,0.179549182358655,0.6023025019667806,25,30,20
23,2276,0.019087392070975654,0.1990565695172685,0.1795493208786148,0.6023067175331425,25,30,20
23,2277,0.02004825144997409,0.19905622657330482,0.17858865929383252,0.6023068626828898,25,30,20
23,2278,0.019738667570422752,0.19905622604528836,0.17894141792246215,0.6022636884618262,25,30,20
23,2279,0.019738918973241946,0.19905595764379813,0.1789414349432342,0.602263688439725,25,30,20
23,2280,0.019738659581898646,0.19905595764370915,0.17894138465059964,0.602263998123792,25,30,20
23,2281,0.01974807294483944,0.1990348767255278,0.17895305220614946,0.6022639981234827,25,30,20
23,2282,0.01974328956559328,0.19903487674378112,0.17895316942574147,0.6022686642648832,25,30,20
23,2283,0.02060782546534726,0.19883041736719875,0.1782930910266111,0.6022686661408423,25,30,20
23,2284,0.02059342751034605,0.19885429034756277,0.17828361661277764,0.6022686655293128,25,30,20
23,2285,0.020593608184677148,0.19885429035753394,0.17828374007029005,0.6022683613874981,25,30,20
23,2286,0.02059397382130024,0.1988542903533438,0.17828375990740558,0.6022679759179496,25,30,20
23,2287,0.02061743991172184,0.1988305424294492,0.1782840411303509,0.6022679765284773,25,30,20
23,2288,0.02061761964960134,0.19884219752181864,0.17827220535013058,0.6022679774784487,25,30,20
23,2289,0.020613235374857056,0.19884219751295387,0.17827212663947595,0.6022724404727123,25,30,20
23,2290,0.020613235374161328,0.1988421975129539,0.1782721267564549,0.6022724403564295,25,30,20
23,2291,0.020964904639793475,0.198842221794556,0.1779205315899594,0.6022723419756905,25,30,20
23,2292,0.020959937250275583,0.19884222177622152,0.1779204948344152,0.602277346139087,25,30,20
23,2293,0.020959943264515384,0.1988422217761469,0.17793058945921508,0.6022672455001219,25,30,20
23,2294,0.020968647857642086,0.19884222177035663,0.177930445761468,0.6022586846105323,25,30,20
23,2295,0.020978311822297372,0.19884222177939204,0.17793047356335787,0.6022489928349518,25,30,20
23,2296,0.0209781357739163,0.1988422217788202,0.17793042326093736,0.6022492191863256,25,30,20
23,2297,0.02098738538040263,0.198842221778979,0.17793042524834907,0.6022399675922688,25,30,20
23,2298,0.02441052003745832,0.19884225385136464,0.17450540976976886,0.6022418163414075,25,30,20
23,2299,0.02442063586953375,0.19884225389325763,0.1745055860467298,0.6022315241904782,25,30,20
23,2300,0.024400109784134344,0.19887963410843365,0.17444454737524331,0.6022757087321885,25,30,20
23,2301,0.024399929823474435,0.198879634107778,0.1744444915698954,0.6022759444988511,25,30,20
23,2302,0.024730599491536956,0.1988796357878504,0.17445440524251635,0.6019353594780958,25,30,20
23,2303,0.024735392660697533,0.19888658316272115,0.1744426647384108,0.6019353594381706,25,30,20
23,2304,0.024404896161902667,0.19888658149268765,0.17443280898708394,0.6022757133583257,25,30,20
23,2305,0.024414832683641564,0.19888658149819097,0.17443284425939873,0.6022657415587689,25,30,20
23,2306,0.024414936494610125,0.19888658148898053,0.17443283976990787,0.6022656422465016,25,30,20
23,2307,0.024405690688700653,0.19888658148925026,0.17443284224099506,0.6022748855810538,25,30,20
23,2308,0.024415704958568357,0.19888658148959115,0.17443287234794805,0.6022648412038922,25,30,20
23,2309,0.024425553308029774,0.23052572172880814,0.14581715644306978,0.599231568520093,25,30,20
23,2310,0.024528083168929345,0.2305257219334442,0.1461169420526428,0.5988292528449842,25,30,20
23,2311,0.024528083139907716,0.23052572193344847,0.14611694079706347,0.598829254129581,25,30,20
23,2312,0.024561461343403375,0.23048305498142668,0.14612622891901653,0.598829254756154,25,30,20
23,2313,0.024570881159358307,0.2304830549719554,0.14612622009738374,0.5988198437713032,25,30,20
23,2314,0.02456188189813863,0.23048305497677865,0.14611610643922707,0.5988389566858566,25,30,20
23,2315,0.02453817646893667,0.23050706083218647,0.1461158066124345,0.5988389560864429,25,30,20
23,2316,0.02452875014648024,0.23050732381194308,0.14612497089935872,0.5988389551422184,25,30,20
23,2317,0.02453853654376687,0.23050732384495012,0.14612522005045617,0.5988289195608272,25,30,20
23,2318,0.024548375143213518,0.23050732384535577,0.14612524392874116,0.5988190570826899,25,30,20
23,2319,0.02450824763420258,0.2388157830791428,0.13785692564870278,0.5988190436379527,25,30,20
23,2320,0.02451756941931473,0.23879452505929027,0.13786886189493824,0.5988190436264574,25,30,20
23,2321,0.02451756939441526,0.23879452505929255,0.137868858144341,0.5988190474019518,25,30,20
23,2322,0.023662281552900843,0.2396312961560783,0.13788737708181897,0.5988190452092025,25,30,20
23,2323,0.006830241130817317,0.2396303262866271,0.1523331213303074,0.6012063112522482,25,30,20
23,2324,0.006889965402222424,0.23963032649073163,0.15954648209788266,0.5939332260091631,25,30,20
23,2325,0.006884728606606769,0.2396303265033137,0.15954652965487526,0.5939384152352042,25,30,20
23,2326,0.006826030765987681,0.23963032629497427,0.1524820791525405,0.6010615637864976,25,30,20
23,2327,0.006816800941498851,0.23141715876828706,0.16070447575244834,0.6010615645377654,25,30,20
23,2328,0.00684034673077962,0.23141715879109998,0.16070464012981658,0.6010378543483035,25,30,20
23,2329,0.006840208337616433,0.23141715963491832,0.16070482105271888,0.6010378109747458,25,30,20
23,2330,0.006830956943277139,0.23141715963510573,0.16070846325157173,0.6010434201700439,25,30,20
23,2331,0.006728682371490221,0.2314171594355234,0.16040870587276282,0.6014454523202225,25,30,20
23,2332,0.006773252822099702,0.23141715944737193,0.1604053334024359,0.6014042543280914,25,30,20
23,2333,0.006773509574837039,0.23141715945234392,0.16040536475058023,0.6014039662222374,25,30,20
23,2334,0.006764513314728671,0.23144088983295824,0.16039063000753107,0.6014039668447806,25,30,20
23,2335,0.006750554852182778,0.23144088982865377,0.16039057930298128,0.6014179760161816,25,30,20
23,2336,0.0067650554095211824,0.2314408898375579,0.1603907373934594,0.601403317359461,25,30,20
23,2337,0.006763839858599028,0.2314408899992268,0.1627805050952838,0.5990147650468898,25,30,20
23,2338,0.006784956653303631,0.23144089002483212,0.1627871462046078,0.5989870071172556,25,30,20
23,2339,0.006803757153687349,0.23144149493684815,0.1628119245605505,0.598942823348917,25,30,20
23,2340,0.0077232840627594005,0.2305084390957197,0.16282541638669523,0.5989428604548281,25,30,20
23,2341,0.007718757665189657,0.23050843911406246,0.1628357250998433,0.5989370781209069,25,30,20
23,2342,0.007732943224482265,0.23050843828832762,0.16283565209274112,0.5989229663944513,25,30,20
23,2343,0.007765292863334936,0.23047045287022605,0.16284127247940336,0.5989229817870381,25,30,20
23,2344,0.007765178150978309,0.23047045282873527,0.16284118481224855,0.5989231842080404,25,30,20
23,2345,0.007769533743061853,0.23047078364360044,0.1628365045815752,0.5989231780317649,25,30,20
23,2346,0.007780631168531971,0.23867130026667688,0.15462488868551594,0.5989231798792776,25,30,20
23,2347,0.006821792932941869,0.2386713058392127,0.15558381237999871,0.5989230888478487,25,30,20
23,2348,0.007118697023868398,0.23837441373625506,0.15558379910183034,0.5989230901380478,25,30,20
23,2349,0.006822302402800996,0.2386798776358258,0.15557472921842116,0.5989230907429536,25,30,20
23,2350,0.006798498192230173,0.23867987759856432,0.15557453205443675,0.5989470921547706,25,30,20
23,2351,0.006818952081298455,0.23867987767045734,0.15557492562466652,0.5989262446235797,25,30,20
23,2352,0.006833871224516959,0.2386798776808672,0.15557614695133462,0.5989101041432832,25,30,20
23,2353,0.006819276303432015,0.23867987766225318,0.15557595260750787,0.5989248934268094,25,30,20
23,2354,0.00677257113027329,0.23868053700819344,0.15562201530589287,0.5989248765556422,25,30,20
23,2355,0.006781816878576204,0.23868320265069976,0.15561010391013907,0.598924876560587,25,30,20
23,2356,0.006806402155065592,0.23868320266085882,0.1556108709155191,0.5988995242685585,25,30,20
23,2357,0.006782605259181906,0.23868320264253545,0.15561081329017082,0.5989233788081136,25,30,20
23,2358,0.010038318924810814,0.24049755698504074,0.1505380359608686,0.5989260881292817,25,30,20
23,2359,0.0100075350773752,0.24049755694999156,0.15053148722781137,0.5989634207448238,25,30,20
23,2360,0.010007283794342235,0.24049780756517017,0.15053148852621592,0.5989634201142738,25,30,20
23,2361,0.01064252024721777,0.24049714933727173,0.14989679878653217,0.5989635316289805,25,30,20
23,2362,0.010641407819316133,0.24049714935140312,0.14974794705456487,0.5991134957747174,25,30,20
23,2363,0.010673255597866813,0.24049714932614666,0.14994626239633072,0.5988833326796574,25,30,20
23,2364,0.010364081185378673,0.24049719964983804,0.1502553880396822,0.5988833311251027,25,30,20
23,2365,0.010359039798644639,0.24049719966768804,0.15025552858735466,0.5988882319463135,25,30,20
23,2366,0.010359140763576627,0.24049719969694802,0.15025568711153428,0.5988879724279418,25,30,20
23,2367,0.010359134064274064,0.2404973381638969,0.15025555660273585,0.598887971169094,25,30,20
23,2368,0.010358968073206022,0.24049733815451188,0.1502554077024759,0.5988882860698072,25,30,20
23,2369,0.01033019927514504,0.240535590963096,0.1502459249131698,0.5988882848485898,25,30,20
23,2370,0.010320779380149425,0.24053559097247998,0.15024599615116585,0.5988976334962052,25,30,20
23,2371,0.010613313653627485,0.24053559101089939,0.15025163404199965,0.5985994612934737,25,30,20
23,2372,0.010642242290377477,0.24051831226532625,0.15023998259138382,0.5985994628529125,25,30,20
23,2373,0.010632744055287646,0.24052773934755922,0.15024005346536412,0.5985994631317891,25,30,20
23,2374,0.01064208037532228,0.24051845744967376,0.15023999871648877,0.5985994634585152,25,30,20
23,2375,0.010651331995682077,0.24051845744456476,0.15023996672587323,0.5985902438338802,25,30,20
23,2376,0.010637175269908586,0.24051845745390021,0.15023886956125795,0.5986054977149332,25,30,20
23,2377,0.010593780909878886,0.24051845739288763,0.15004009880240102,0.5988476628948325,25,30,20
23,2378,0.01059360112133797,0.24051845738302075,0.15004003723099765,0.5988479042646436,25,30,20
23,2379,0.010583592193301225,0.24051845736353353,0.1500399162167336,0.5988580342264317,25,30,20
23,2380,0.01059309374335907,0.24051845737778885,0.15003994224748246,0.5988485066313697,25,30,20
23,2381,0.010593096820650426,0.24051845737828542,0.15003994658224487,0.5988484992188193,25,30,20
23,2382,0.010593505587449752,0.2405184573496796,0.1500398435317168,0.598848193531154,25,30,20
23,2383,0.010257910967359667,0.2405197463743199,0.1503742597443538,0.5988480829139664,25,30,20
23,2384,0.010248579115624322,0.24051974636958348,0.1503742804786448,0.5988573940361474,25,30,20
23,2385,0.010248694666571485,0.24051929732707522,0.1503746126891525,0.5988573953172006,25,30,20
23,2386,0.010248803286264391,0.24051929733706273,0.15037463074345894,0.5988572686332134,25,30,20
23,2387,0.01027226335334112,0.24049556088783974,0.1503749065208729,0.5988572692379459,25,30,20
23,2388,0.010276617439989639,0.24049556086964294,0.15037476913390813,0.598853052556459,25,30,20
23,2389,0.010297322026049218,0.24049556171654693,0.1503800426526798,0.5988270736047236,25,30,20
23,2390,0.010307073636874393,0.24049556171663133,0.150380035659858,0.598817328986636,25,30,20
23,2391,0.02954300873164384,0.23868087750810446,0.13296153021911336,0.5988145835411389,25,30,20
23,2392,0.029552603360342985,0.23868087754138526,0.13296168713229536,0.5988048319659769,25,30,20
23,2393,0.029566901546914923,0.2386808775693362,0.13296185412925532,0.5987903667544938,25,30,20
23,2394,0.04286206829426373,0.2386808770965369,0.1196659344152243,0.5987911201939753,25,30,20
23,2395,0.04286760188997937,0.23868087765543414,0.11966723804620387,0.598784282408383,25,30,20
23,2396,0.04286114256406446,0.2386808768035837,0.11966276550316308,0.5987952151291891,25,30,20
23,2397,0.04255911912569032,0.23868087678037095,0.11965718956102478,0.5991028145329144,25,30,20
23,2398,0.04258787399896399,0.2386808767891908,0.11966514240520582,0.5990661068066399,25,30,20
23,2399,0.042597106393709644,0.23868087676917735,0.11966505011495769,0.5990569667221558,25,30,20
23,2400,0.04259716120051305,0.2386808767685603,0.11966498671278497,0.5990569753181422,25,30,20
23,2401,0.04252874727183746,0.23875882298639875,0.11965545627369814,0.5990569734680663,25,30,20
23,2402,0.04250486804374174,0.23811512378478006,0.12032303531905601,0.5990569728524227,25,30,20
23,2403,0.04251924387839979,0.23810064070863285,0.12032314226100733,0.5990569731519608,25,30,20
23,2404,0.04253806509195597,0.2381006407135836,0.12031311295040092,0.59904818124406,25,30,20
23,2405,0.04396137749857409,0.23810064186071309,0.12033365065769386,0.5976043299830195,25,30,20
23,2406,0.05639365432071324,0.2381003202750466,0.10790164839801425,0.5976043770062265,25,30,20
23,2407,0.05635556190107094,0.23810032026126407,0.10789366087863303,0.5976504569590327,25,30,20
23,2408,0.05634170152356363,0.23811030262112964,0.10789753981514082,0.5976504560401668,25,30,20
23,2409,0.05633177678955529,0.23811030262521662,0.10789749556109345,0.5976604250241353,25,30,20
23,2410,0.05632717386213988,0.23811030264388286,0.1078978518124233,0.5976646716815546,25,30,20
23,2411,0.056326987156913984,0.23811081934125997,0.10789752371802505,0.5976646697838017,25,30,20
23,2412,0.057178073650209535,0.23810949091655104,0.10704771051582102,0.5976647249174186,25,30,20
23,2413,0.05716874073543136,0.2381186787436408,0.10704785339109431,0.5976647271298338,25,30,20
23,2414,0.057168659401945925,0.23811867873875997,0.1070478244851312,0.5976648373741632,25,30,20
23,2415,0.05718314204001506,0.23811867875229242,0.10704798122844235,0.5976501979792503,25,30,20
23,2416,0.05634169027444822,0.23895812196381608,0.10705002661875823,0.5976501611429775,25,30,20
23,2417,0.056336457961219964,0.2389581219449806,0.1070496443683437,0.5976557757254559,25,30,20
23,2418,0.05634125705464208,0.21929329730043923,0.1267096715313005,0.5976557741136189,25,30,20
23,2419,0.05549065488949268,0.2193312888477832,0.12752233692927656,0.5976557193334482,25,30,20
23,2420,0.05546181317020413,0.2193604083014969,0.12752206075958128,0.5976557177687184,25,30,20
23,2421,0.05543731020761098,0.21936040829594472,0.12752133252778963,0.5976809489686555,25,30,20
23,2422,0.055427356229071745,0.21936040826301237,0.12752126492869134,0.597690970579225,25,30,20
23,2423,0.05542096604463781,0.21936040828794656,0.12752140425595918,0.5976972214114571,25,30,20
23,2424,0.05542585848723114,0.2193604083065274,0.12752153978379074,0.5976921934224514,25,30,20
23,2425,0.05543519546478688,0.21936040831124057,0.1275215628135255,0.597682833410448,25,30,20
23,2426,0.053997514619427936,0.219360407160064,0.1275086997816045,0.5991333784389046,25,30,20
23,2427,0.05400643518739047,0.21932240387409202,0.1275377828591435,0.5991333780793755,25,30,20
23,2428,0.05402055095535081,0.2193027137198911,0.1275433566262181,0.5991333786985417,25,30,20
23,2429,0.05402046375713335,0.2193027137149948,0.1275532920449991,0.5991235304828745,25,30,20
23,2430,0.05401493122750856,0.21930271316098213,0.12755193460228176,0.5991304210092288,25,30,20
23,2431,0.05401983440595446,0.21930271319393818,0.1275421907395092,0.5991352616605994,25,30,20
23,2432,0.05402933628600297,0.21930271319870567,0.1275423322171736,0.5991256182981188,25,30,20
23,2433,0.054019923239956615,0.21930271319366562,0.12754233077575589,0.5991350327906229,25,30,20
23,2434,0.054010013326663574,0.2193027131979214,0.12754214553274557,0.5991451279426704,25,30,20
23,2435,0.05401942450758036,0.2199611791823013,0.1268742683681112,0.5991451279420079,25,30,20
23,2436,0.05402850096450207,0.21996117915830815,0.12687412691374925,0.5991361929634411,25,30,20
23,2437,0.05400976835154274,0.21996117914054814,0.12687335028456453,0.5991557022233447,25,30,20
23,2438,0.03162209349981803,0.21996164339692434,0.1492599066712252,0.5991563564320314,25,30,20
23,2439,0.02722090590554192,0.21996158526525325,0.12097741769346781,0.6318400911357358,25,30,20
23,2440,0.02719711100157038,0.2199615852376327,0.12097727775823049,0.6318640260025653,25,30,20
23,2441,0.02719719527514744,0.21996158524243814,0.12097737254271568,0.6318638469396974,25,30,20
23,2442,0.027201801847663975,0.2199615852333013,0.12097728981470342,0.6318593231043301,25,30,20
23,2443,0.02720180266305794,0.219961585233303,0.1209774690056242,0.6318591430980136,25,30,20
23,2444,0.02720187925378915,0.21996147851165887,0.12097749848697631,0.6318591437475748,25,30,20
23,2445,0.027207193111265036,0.21996147853603837,0.12097750113065722,0.6318538272220386,25,30,20
23,2446,0.027183468361278117,0.21996147852243353,0.12097734371726908,0.6318777093990187,25,30,20
23,2447,0.027183468390283537,0.21996147852251569,0.12097734278970831,0.6318777102974917,25,30,20
23,2448,0.0271788291387374,0.21996147851342635,0.12127079177044746,0.6315889005773887,25,30,20
23,2449,0.027180153734744167,0.21996147851927372,0.12127098000527196,0.63158738774071,25,30,20
23,2450,0.027169938197076332,0.2199614784621078,0.12127057724478484,0.6315980060960308,25,30,20
23,2451,0.027159258607131653,0.21998261606183545,0.12126011961073259,0.6315980057202998,25,30,20
23,2452,0.027149748992176478,0.21998261604258082,0.12125216676019385,0.6316154682050485,25,30,20
23,2453,0.02714991113993964,0.21998261604691852,0.12125217028170755,0.6316153025314342,25,30,20
23,2454,0.027144478798105668,0.21998261604581912,0.12125220821506884,0.6316206969410062,25,30,20
23,2455,0.027144729559548258,0.2199826160551998,0.12125224248687762,0.6316204118983741,25,30,20
23,2456,0.027159916148597286,0.2199826161070322,0.12125615782570179,0.6316013099186685,25,30,20
23,2457,0.027188681821202546,0.21998261613960587,0.12169930237874631,0.6311293996604451,25,30,20
23,2458,0.027270804466166185,0.21998261729754984,0.1214145806292059,0.6313319976070779,25,30,20
23,2459,0.02719767988682717,0.21998261612994252,0.1214057182710041,0.631413985712226,25,30,20
23,2460,0.027202738310164863,0.21998261614829207,0.12140940361854251,0.6314052419230003,25,30,20
23,2461,0.027164490735699993,0.21998261612064504,0.12096624293047034,0.6318866502131844,25,30,20
23,2462,0.027189232460556108,0.21998261613572975,0.12096648830927728,0.6318616630944368,25,30,20
23,2463,0.027189066044333913,0.21998261614098763,0.12116510896457486,0.631663208850103,25,30,20
23,2464,0.027203558808251066,0.21930028786207673,0.12183290765772158,0.6316632456719502,25,30,20
23,2465,0.027213134474730064,0.21930028785215783,0.12163701919026883,0.6318495584828427,25,30,20
23,2466,0.027228147156601948,0.21929564132874632,0.1216266529977648,0.6318495585168867,25,30,20
23,2467,0.027359735748199932,0.22134584783380476,0.11944485699714127,0.6318495594208542,25,30,20
23,2468,0.027364884849622254,0.22134584786210545,0.11944484304595854,0.6318444242423138,25,30,20
23,2469,0.027371128042169533,0.22134584787818049,0.11945551111544699,0.6318275129642029,25,30,20
23,2470,0.02735126136356864,0.2213579016662589,0.11946332434490486,0.6318275126252675,25,30,20
23,2471,0.027351098043077653,0.22135790165721267,0.1194633176799104,0.631827682619799,25,30,20
23,2472,0.027355539461985937,0.22136266605070873,0.11945411220136778,0.6318276822859373,25,30,20
23,2473,0.027220720641512507,0.22130275936900776,0.11964883793637847,0.6318276820531011,25,30,20
23,2474,0.027235535758093548,0.2193314726275471,0.12160527860722688,0.6318277130071326,25,30,20
23,2475,0.014816147661800505,0.2193322130427963,0.13402397966206048,0.6318276596333436,25,30,20
23,2476,0.014816903322146953,0.21933221299194103,0.12676869570151633,0.6390821879843962,25,30,20
23,2477,0.014799663642584393,0.21933146338229595,0.12678668514926278,0.6390821878258575,25,30,20
23,2478,0.014804614442357271,0.21933146335475315,0.1267865923954002,0.6390773298074903,25,30,20
23,2479,0.014818565189402466,0.21933146338208329,0.1267832535576389,0.6390667178708762,25,30,20
23,2480,0.014794640711887042,0.21933146335919126,0.12678575983068716,0.6390881360982352,25,30,20
23,2481,0.014790320993039232,0.2193688416141555,0.12675268251501065,0.6390881548777952,25,30,20
23,2482,0.014790314934023007,0.21918961083058353,0.12693191998562034,0.6390881542497742,25,30,20
23,2483,0.014780381703411442,0.2191896108348967,0.12693185051209355,0.6390981569495996,25,30,20
23,2484,0.014780297255496065,0.21918961083472976,0.12693164484151864,0.6390984470682568,25,30,20
23,2485,0.016117530854154963,0.21917865211980408,0.12560464633025986,0.6390991706957818,25,30,20
23,2486,0.016093537507847904,0.2192026374722134,0.12560469148418843,0.639099133535751,25,30,20
23,2487,0.01608271368528788,0.21920263745707427,0.12560440356640878,0.6391102452912301,25,30,20
23,2488,0.016133283441074994,0.21906103112888092,0.12569543655934656,0.6391102488706989,25,30,20
23,2489,0.016109238113369367,0.21909432607568913,0.12568618756727373,0.6391102482436695,25,30,20
23,2490,0.016114513683216928,0.21909432610412088,0.12568638468133508,0.6391047755313282,25,30,20
23,2491,0.01611484533159365,0.2192734601365748,0.1255069189947898,0.6391047755370427,25,30,20
23,2492,0.016115186810841686,0.2192734601459672,0.12550696615784676,0.6391043868853454,25,30,20
23,2493,0.01611510348270655,0.21927372012954874,0.12550678949127966,0.6391043868964661,25,30,20
23,2494,0.016114809283943217,0.21927372011529622,0.1255067622559541,0.6391047083448075,25,30,20
23,2495,0.016086043798333755,0.2192737200827772,0.12550651672252353,0.6391337193963661,25,30,20
23,2496,0.01608586822996403,0.21927372007819299,0.1255065156398025,0.6391338960520406,25,30,20
23,2497,0.019474699802259233,0.21927392533333223,0.12211676862730882,0.6391346062371006,25,30,20
23,2498,0.019424540040111966,0.21923431852089578,0.12220653875924052,0.6391346026797528,25,30,20
23,2499,0.01941504690553096,0.2192343185117786,0.12220651122078084,0.6391441233619106,25,30,20
23,2500,0.03460711380451986,0.21923366722331658,0.10701719094743418,0.6391420280247303,25,30,20
23,2501,0.034899755673669965,0.23858717206555247,0.08737104293245998,0.6391420293283184,25,30,20
23,2502,0.034890423035112896,0.2385871720612328,0.08737106762622494,0.6391513372774301,25,30,20
23,2503,0.03488692194732016,0.23858717263570256,0.08737237149047113,0.6391535339265065,25,30,20
23,2504,0.03489650002042766,0.23858717263558293,0.08752641062897867,0.6389899167150113,25,30,20
23,2505,0.034950396779988756,0.23858717376554164,0.08753041692101794,0.6389320125334519,25,30,20
23,2506,0.03495083878226696,0.23858717378020924,0.08753043524541836,0.6389315521921057,25,30,20
23,2507,0.03496608473239142,0.238587173808278,0.08752912648289364,0.6389176149764375,25,30,20
23,2508,0.03495084903087279,0.23858717379728947,0.08752102683149239,0.6389409503403458,25,30,20
23,2509,0.034653824028490945,0.23889821769184721,0.08750700983729001,0.6389409484423723,25,30,20
23,2510,0.030345335678970364,0.23889835025539344,0.09181132884098067,0.6389449852246561,25,30,20
23,2511,0.03035517085871142,0.2388983502553997,0.09181135093562905,0.6389351279502605,25,30,20
23,2512,0.030345755116402452,0.2388983502602618,0.09165731534277195,0.6390985792805643,25,30,20
23,2513,0.03035483064933875,0.238879856286711,0.09166673268991396,0.639098580374037,25,30,20
23,2514,0.030354209201840572,0.23887985626697547,0.09166666766974238,0.6390992668614423,25,30,20
23,2515,0.030369013432295665,0.23887442884882934,0.09165729135146478,0.6390992663674109,25,30,20
23,2516,0.030383326663370597,0.23903148842107172,0.09148591699359775,0.6390992679219607,25,30,20
23,2517,0.03040719746431548,0.2390314884437924,0.09148610252009043,0.6390752115718025,25,30,20
23,2518,0.03041216715881569,0.2390314884620485,0.09148620924915658,0.6390701351299799,25,30,20
23,2519,0.030396880511191,0.23903148843375963,0.09148493951150174,0.6390866915435484,25,30,20
23,2520,0.030392101546618394,0.2390314884566678,0.09148505475860684,0.6390913552381077,25,30,20
23,2521,0.030381898912268744,0.23903148842855587,0.09148130868045896,0.6391053039787166,25,30,20
23,2522,0.030391659606490432,0.23968032356204078,0.0908227131478964,0.6391053036835725,25,30,20
23,2523,0.03039654109022305,0.23968032357082433,0.09082283626745703,0.6391002990714956,25,30,20
23,2524,0.030387323829406062,0.2396987437677218,0.09081363331767117,0.6391002990852009,25,30,20
23,2525,0.030363275060250067,0.23973219025240372,0.09080423715123649,0.6391002975361095,25,30,20
23,2526,0.030368047274674216,0.2397321902246762,0.09080412169614345,0.639095640804506,25,30,20
23,2527,0.030382263934390818,0.23973219023390197,0.09080406677079657,0.6390814790609104,25,30,20
23,2528,0.030392386306205398,0.23973219023914796,0.09080406208641106,0.6390713613682353,25,30,20
23,2529,0.03040130905384551,0.23972350331532544,0.09080382845107364,0.6390713591797553,25,30,20
23,2530,0.030396782636340346,0.23972792627090594,0.09080393133468513,0.6390713597580685,25,30,20
23,2531,0.030391889226870517,0.23972792625704545,0.0908002461190498,0.6390799383970339,25,30,20
23,2532,0.03038222002951249,0.239727926261864,0.09080033762787298,0.6390895160807502,25,30,20
23,2533,0.030382219742096837,0.2397279262618617,0.09080042399110423,0.6390894300049369,25,30,20
23,2534,0.03038649231211087,0.23972792625333803,0.09080027173468636,0.6390853096998644,25,30,20
23,2535,0.029043482310129664,0.23971987080927984,0.061224834244606334,0.6700118126359841,25,30,20
23,2536,0.029059046811226875,0.23971987082502952,0.06122551123725329,0.6699955711264903,25,30,20
23,2537,0.02904469135840078,0.23971987080681723,0.06122819503850972,0.6700072427962721,25,30,20
23,2538,0.029058286705177933,0.23971987081541346,0.06123170023715559,0.6699901422422527,25,30,20
23,2539,0.029048452554751816,0.23972575868221427,0.06123564653183888,0.6699901422311954,25,30,20
23,2540,0.029024731723033038,0.23972575866786655,0.06123200302342833,0.6700175065856723,25,30,20
23,2541,0.03191472730937263,0.23972568459693605,0.05834587839459716,0.6700137096990947,25,30,20
23,2542,0.03190582467688829,0.23972568461164392,0.0583432502549512,0.670025240456517,25,30,20
23,2543,0.03190598964792116,0.23972948945548642,0.05833928012865534,0.6700252407679375,25,30,20
23,2544,0.03190101714512371,0.2397294894325727,0.05833916692898788,0.6700303264933166,25,30,20
23,2545,0.03188596375602915,0.23972948944579844,0.058338666501194396,0.670045880296979,25,30,20
23,2546,0.031895384308263545,0.2397200599323036,0.05833867548439763,0.670045880275036,25,30,20
23,2547,0.03189552455996365,0.2397200599459701,0.058335941498624096,0.6700484739954428,25,30,20
23,2548,0.031904778476765115,0.23972005994606296,0.05833605265157724,0.6700391089255953,25,30,20
23,2549,0.031914192100093,0.23972005994149004,0.058336049197736495,0.670029698760681,25,30,20
23,2550,0.03192874707666354,0.23972005995574597,0.058336188312541316,0.6700150046550495,25,30,20
23,2551,0.03199559443772508,0.2397200600023415,0.058336704752486764,0.6699476408074471,25,30,20
23,2552,0.03830297204545217,0.23971998621552248,0.052029635210775416,0.6699474065282501,25,30,20
23,2553,0.03830271807327131,0.2397199862013359,0.052029546234268295,0.6699477494911248,25,30,20
23,2554,0.03829745390661675,0.2397199861687044,0.04301855203075404,0.6789640078939249,25,30,20
23,2555,0.03825288444173567,0.23971998504330505,0.04301452214145362,0.6790126083735056,25,30,20
23,2556,0.03825279386564402,0.23972011468460153,0.04301448305985325,0.6790126083899013,25,30,20
23,2557,0.03827153173174218,0.23972011468409857,0.04301444315964841,0.6789939104245106,25,30,20
23,2558,0.038280951473789425,0.23971069679664975,0.04301444161651841,0.678993910113042,25,30,20
23,2559,0.03828966183664774,0.23970206037161967,0.043014367397569864,0.6789939103941625,25,30,20
23,2560,0.03829424099469232,0.2396944858021919,0.04301736342191459,0.6789939097812008,25,30,20
23,2561,0.03826558794532969,0.23969448578948288,0.04301713260916638,0.6790227936560207,25,30,20
23,2562,0.0382704813996435,0.23969448580773908,0.04301726543916036,0.6790177673534565,25,30,20
23,2563,0.038279215457898065,0.2396944857975941,0.04301448723749299,0.6790118115070146,25,30,20
23,2564,0.03827021900580011,0.23969448580208777,0.043014516777406954,0.6790207784147049,25,30,20
23,2565,0.038256016937575466,0.23970471870174478,0.04301848559580456,0.6790207787648747,25,30,20
23,2566,0.03827998360698193,0.2397047187248681,0.04301864740698051,0.678996650261169,25,30,20
23,2567,0.04130849582459156,0.23970471547321281,0.039990162966693416,0.6789966257355015,25,30,20
23,2568,0.04131799723132488,0.239704715482905,0.03999021903473994,0.6789870682510295,25,30,20
23,2569,0.04131365336340072,0.23970888576899047,0.03999039197234647,0.6789870688952617,25,30,20
23,2570,0.041327618718819174,0.239708885768328,0.039990440089586535,0.6789730554232655,25,30,20
23,2571,0.04161555166657794,0.2397088858165957,0.03999447972950701,0.6786810827873185,25,30,20
23,2572,0.04161555662285692,0.2397088858168526,0.04000225681560038,0.6786733007446891,25,30,20
23,2573,0.04161556451920474,0.2397088264062309,0.04000230834066811,0.6786733007338954,25,30,20
23,2574,0.04159176449566866,0.23970882638797772,0.04000219569803948,0.6786972134183133,25,30,20
23,2575,0.048649632227009486,0.23967145080783625,0.03298078522483608,0.6786981317403175,25,30,20
23,2576,0.04866409515840659,0.239671450826555,0.03298081760806966,0.6786836364069679,25,30,20
23,2577,0.04866367453278076,0.23915228495567561,0.033500404121434874,0.6786836363901082,25,30,20
23,2578,0.04866826775709593,0.2391478414763384,0.03350025500977943,0.6786836357567856,25,30,20
23,2579,0.0486968645546988,0.2391189958637595,0.03350050258736285,0.6786836369941781,25,30,20
23,2580,0.049065054094995376,0.23911899704978898,0.03350918470160927,0.6783067641536057,25,30,20
23,2581,0.03639230507333548,0.23911964462635665,0.04614303117312378,0.6783450191271837,25,30,20
23,2582,0.03639292997767012,0.23911964466402189,0.0461433105901616,0.6783441147681463,25,30,20
23,2583,0.03610587764441872,0.23911964464868762,0.04613963400105052,0.6786348437058427,25,30,20
23,2584,0.03611512216574035,0.23911964464808982,0.0461317186533517,0.6786335145328178,25,30,20
23,2585,0.03610081662878608,0.23911964462960392,0.04613944369095204,0.6786400950506579,25,30,20
23,2586,0.03610002490400115,0.23911964459683815,0.04614932090815956,0.6786310095910011,25,30,20
23,2587,0.03610011938740274,0.23911964461593022,0.04614941388849296,0.6786308221081739,25,30,20
23,2588,0.03769353851963059,0.23911964465659222,0.04615753096985548,0.6770292858539213,25,30,20
23,2589,0.03768921450248579,0.23911964469921368,0.046157812222350596,0.6770333285759494,25,30,20
23,2590,0.03768021708769199,0.23911964470310487,0.046158046561801766,0.6770420916474008,25,30,20
23,2591,0.030941174948915847,0.2391370896422271,0.05288040590621813,0.6770413295026383,25,30,20
23,2592,0.03093656570717918,0.23847698010719173,0.05354512405507801,0.6770413301305499,25,30,20
23,2593,0.03094530705110745,0.23847698009712862,0.053545020410826566,0.6770326924409364,25,30,20
23,2594,0.030945222860602375,0.23847698008734775,0.053544957982485715,0.6770328390695636,25,30,20
23,2595,0.031539271708677416,0.2384595614074276,0.052968500873708295,0.6770326660101863,25,30,20
23,2596,0.03153924448797988,0.23845956165289348,0.05296832807783619,0.6770328657812896,25,30,20
23,2597,0.0318362267578468,0.23845920546917615,0.052699174116344595,0.6770053936566317,25,30,20
23,2598,0.0302237425439498,0.23845920543768492,0.05269117792453505,0.6786258740938297,25,30,20
23,2599,0.030228348382258064,0.23845920542399024,0.052691162038222474,0.678621284155529,25,30,20
23,2600,0.029314728329408166,0.238459188004891,0.05360480203120369,0.6786212816344969,25,30,20
23,2601,0.029346290940672645,0.23849653357496886,0.05353585364955405,0.6786213218348042,25,30,20
23,2602,0.029336962979775606,0.2384965335844279,0.053528203886907065,0.6786382995488893,25,30,20
23,2603,0.029299209773668795,0.23853449492787251,0.05352799604704115,0.6786382992514174,25,30,20
23,2604,0.029288093188114615,0.2385344943809581,0.053526754242031196,0.6786506581888964,25,30,20
23,2605,0.029278938216767806,0.23853449439499783,0.0535166919956251,0.6786698753926096,25,30,20
23,2606,0.029279021595402063,0.2385344021886418,0.053516701118101334,0.6786698750978549,25,30,20
23,2607,0.029551090022075538,0.23853440328082554,0.05352466986326965,0.6783898368338299,25,30,20
23,2608,0.02954616293764478,0.23853440323837494,0.05352438792772186,0.6783950458962594,25,30,20
23,2609,0.029552098748904278,0.23853440329945744,0.05352483123504741,0.6783886667165916,25,30,20
23,2610,0.029552273396766995,0.2385344033090817,0.053524889698597075,0.678388433595555,25,30,20
23,2611,0.029844226557156402,0.2385344033418878,0.05352833127131592,0.6780930388296406,25,30,20
23,2612,0.02984429829896878,0.23853440331738537,0.05352824792529384,0.6780930504583524,25,30,20
23,2613,0.029867762830556092,0.23853440331245968,0.05352812970835446,0.6780697041486299,25,30,20
23,2614,0.029881373258742273,0.2385344032932273,0.05352794815099563,0.6780562752970348,25,30,20
23,2615,0.029881116143445983,0.2385344033169493,0.053527969389075156,0.6780565111505296,25,30,20
23,2616,0.029871190251897946,0.23853440301830023,0.0535277481211346,0.6780666586086673,25,30,20
23,2617,0.029880436532368587,0.2390446612262965,0.05300824363289711,0.6780666586084382,25,30,20
23,2618,0.029904071444546224,0.2390446612353223,0.053008170151960826,0.678043097168171,25,30,20
23,2619,0.029908841318040245,0.23904466119813567,0.05300790807794101,0.6780385894058835,25,30,20
23,2620,0.029913649592044074,0.23904466120709839,0.05300798323910236,0.6780337059617557,25,30,20
23,2621,0.029889770678833364,0.23904466118395795,0.0530078386446234,0.6780577294925858,25,30,20
23,2622,0.029894891205920388,0.23970737487079852,0.05234000379158218,0.6780577301316995,25,30,20
23,2623,0.02986407705700137,0.23967069256578027,0.05240753973904621,0.6780576906381718,25,30,20
23,2624,0.02989316710492247,0.23967069258913043,0.05240773062364965,0.6780284096822972,25,30,20
23,2625,0.029884297477908325,0.239670692581271,0.05240765097544651,0.6780373589653741,25,30,20
23,2626,0.029879934157498723,0.23967496188829596,0.05240774406672933,0.6780373598874754,25,30,20
23,2627,0.04224521616526289,0.23967470413770034,0.040052323189014895,0.6780277565080222,25,30,20
23,2628,0.0422596735655674,0.23966425971434688,0.04004831054022171,0.6780277561798641,25,30,20
23,2629,0.04226908421662605,0.2396642597192528,0.040048318612074356,0.678018337452047,25,30,20
23,2630,0.042283723989784194,0.23964933320129225,0.040048603769144014,0.6780183390397796,25,30,20
23,2631,0.04226900196830979,0.23966404997825097,0.04004860934071658,0.678018338712723,25,30,20
23,2632,0.041929579753436,0.23966404881057854,0.040039949405117375,0.6783664220308683,25,30,20
23,2633,0.041929495222452526,0.23966404880649905,0.040039974617871836,0.6783664813531768,25,30,20
23,2634,0.0419393250040918,0.23966404880674577,0.040040001038400067,0.6783566251507628,25,30,20
23,2635,0.04278049501262581,0.23966404886763842,0.04004506659416686,0.6775103895255693,25,30,20
23,2636,0.04277464252887498,0.2396640488113677,0.04004465742475382,0.6775166512350039,25,30,20
23,2637,0.042765313931116766,0.239664048806541,0.04004467405931117,0.6775259632030314,25,30,20
23,2638,0.042789106103294436,0.23966404882029216,0.04004478038699932,0.6775020646894141,25,30,20
23,2639,0.04277517961556354,0.23966404885318432,0.04004500459564746,0.6775157669356048,25,30,20
23,2640,0.04275120787188847,0.23968842666503756,0.040044599809135564,0.6775157656539385,25,30,20
23,2641,0.04274195802677167,0.23969744516953262,0.04004483052136149,0.6775157662823342,25,30,20
23,2642,0.0435918801688156,0.23969744703837542,0.040054249378509675,0.6766564234142989,25,30,20
23,2643,0.04358737763969767,0.23969613557088199,0.040060062679928315,0.6766564241094912,25,30,20
23,2644,0.043583202890667486,0.23969613558565278,0.04006025404428313,0.6766604074793955,25,30,20
23,2645,0.043583287303208845,0.23969613557676037,0.040061022739357625,0.6766595543806722,25,30,20
23,2646,0.043582659174430924,0.2396961355156751,0.04006062903913631,0.6766605762707566,25,30,20
23,2647,0.04322398087840217,0.2396961343442573,0.04005198830106436,0.6770278964762754,25,30,20
23,2648,0.04403647919740445,0.23969613439823012,0.04025140163894732,0.6760159847654172,25,30,20
23,2649,0.04403655713331415,0.23969613438877294,0.04025136865030214,0.6760159398276099,25,30,20
23,2650,0.04403113658017161,0.23970744341952988,0.0402454821235871,0.6760159378767105,25,30,20
23,2651,0.04405519448289013,0.23970744343802838,0.040688803420052364,0.6755485586590284,25,30,20
23,2652,0.04406605983085951,0.23969479063740046,0.04069055380562928,0.67554859572611,25,30,20
23,2653,0.045161799407838155,0.23836814682640198,0.040921456392289446,0.6755485973734696,25,30,20
23,2654,0.04516154971555141,0.23836814682599564,0.04092142864307578,0.6755488748153763,25,30,20
23,2655,0.04516019359348168,0.23814206563964033,0.04114890302584472,0.6755488377410325,25,30,20
23,2656,0.01573212361807803,0.23815132693396038,0.07056838436795018,0.6755481650800104,25,30,20
23,2657,0.014895806363298179,0.23815132503608838,0.07055881927232527,0.6763940493282873,25,30,20
23,2658,0.014918682645929294,0.2381513265820422,0.07036955617290906,0.6765604345991185,25,30,20
23,2659,0.014928350653981104,0.23815065759095672,0.07036055723706575,0.6765604345179951,25,30,20
23,2660,0.014937929831858779,0.23815065759983703,0.07036069985041317,0.6765507127178898,25,30,20
23,2661,0.014930481114768215,0.2391820269934285,0.0692288002272936,0.6766586916645086,25,30,20
23,2662,0.005596130197196444,0.23917277428372444,0.07842122652879918,0.6768098689902787,25,30,20
23,2663,0.005318400956205126,0.23917277429779332,0.07841800337291381,0.6770908213730863,25,30,20
23,2664,0.005348533042192092,0.23914107089098516,0.07841957273359705,0.6770908233332245,25,30,20
23,2665,0.005347869412822608,0.239141743058625,0.07841956512380163,0.6770908224047503,25,30,20
23,2666,0.005352553709086653,0.23914174305380445,0.07841943552493698,0.6770862677121714,25,30,20
23,2667,0.005338246984071618,0.23914174303547397,0.07841930265646214,0.6771007073239921,25,30,20
23,2668,0.005338083049541736,0.23914174304036553,0.07841930212545405,0.6771008717846385,25,30,20
23,2669,0.006184143383759598,0.23914174415117442,0.07842753526187726,0.6762465772031883,25,30,20
23,2670,0.0065144060089760555,0.2391417453047983,0.0784359865222052,0.6759078621640201,25,30,20
23,2671,0.0065048952897293075,0.23938048130115872,0.07820676123791956,0.675907862171192,25,30,20
23,2672,0.006180171581041957,0.239380480167395,0.07819962099546984,0.6762397272560928,25,30,20
23,2673,0.0061799116274444685,0.23938048016741958,0.077756410103244,0.6766831981018915,25,30,20
23,2674,0.005084167333803625,0.2407031826613158,0.0775294535557569,0.6766831964491233,25,30,20
23,2675,0.005084001768104398,0.2407031826658795,0.07752945567756445,0.6766833598884512,25,30,20
23,2676,0.005409453376300661,0.24036913560917206,0.0775380137423018,0.6766833972722242,25,30,20
23,2677,0.00483282518090982,0.24036913400559995,0.07753108106420203,0.6772669597492872,25,30,20
23,2678,0.0048355105115537225,0.24036913408301772,0.07753273428736424,0.6772626211180633,25,30,20
23,2679,0.006241658359689577,0.2412851065702304,0.07531858220206875,0.6771546528680106,25,30,20
23,2680,0.006232161073234143,0.24128510657031227,0.07531863829495364,0.6771640940614997,25,30,20
23,2681,0.006227271466718793,0.2412851065798661,0.07531784945237305,0.6771697725010418,25,30,20
23,2682,0.006212401925262741,0.24128510657386787,0.07531780691277735,0.6771846845880924,25,30,20
23,2683,0.006196036759279715,0.24128510652008434,0.07531900804118476,0.6771998486794516,25,30,20
23,2684,0.005874949340473738,0.24161468707221365,0.07531055288460921,0.6771998107027037,25,30,20
23,2685,0.007501309679876587,0.23997325484780557,0.07532558775374083,0.6771998477185776,25,30,20
23,2686,0.007501219242289534,0.23997325482389958,0.07532544604314366,0.6772000798906678,25,30,20
23,2687,0.007481124470634585,0.23999044143615994,0.07532835488732617,0.6772000792058803,25,30,20
23,2688,0.008502788576614635,0.23804377628278128,0.07625325976286407,0.6772001753777404,25,30,20
23,2689,0.008493626463455563,0.2380478028557195,0.07625839558107403,0.6772001750997514,25,30,20
23,2690,0.008483709822289902,0.23804780284146954,0.07645693451424956,0.6770115528219912,25,30,20
23,2691,0.008483951976086417,0.2380478028273874,0.07646476278752899,0.6770034824089975,25,30,20
23,2692,0.007633107500667666,0.23804780277089072,0.07645967594854228,0.6778594137798994,25,30,20
23,2693,0.007633112612299726,0.2380478027330481,0.07645953413274509,0.6778595505219067,25,30,20
23,2694,0.007633537633651113,0.23804732976481457,0.07645958114000426,0.6778595514615303,25,30,20
23,2695,0.006016665383753007,0.2396792944132633,0.07644452514636951,0.6778595150566145,25,30,20
23,2696,0.006021560803402506,0.23967929443178126,0.07644472436945984,0.6778544203953567,25,30,20
23,2697,0.005997825928594529,0.2396792944180054,0.07644456503330657,0.677878314620094,25,30,20
23,2698,0.00600271705272695,0.2396792944318581,0.07644469778598072,0.6778732907294348,25,30,20
23,2699,0.005176284812073909,0.23967929331178317,0.07643869216354021,0.6787057297126029,25,30,20
23,2700,0.027562899489796792,0.2396792896186549,0.05420320660260597,0.6785546042889428,25,30,20
23,2701,0.02755852996024568,0.23967928962905904,0.06142586150811489,0.6713363189025813,25,30,20
23,2702,0.027596296887837633,0.23964128855820163,0.061426095358653135,0.6713363191953086,25,30,20
23,2703,0.02730827899358807,0.23964128851932262,0.06142257038268924,0.6716278621044012,25,30,20
23,2704,0.027322760077236885,0.23964128853302832,0.06142272637716293,0.6716132250125729,25,30,20
23,2705,0.02729887282774712,0.2396412885145367,0.061422768987752716,0.6716370696699642,25,30,20
23,2706,0.027313416887104668,0.23964128853830782,0.061422886786862085,0.6716224077877261,25,30,20
23,2707,0.027351701148094914,0.23964128857155542,0.06142313114758676,0.6715838791327634,25,30,20
23,2708,0.025272876945985647,0.23964998893432118,0.06349330508693193,0.6715838290327605,25,30,20
23,2709,0.025273296358660158,0.23962346531934237,0.06351940897236147,0.6715838293496351,25,30,20
23,2710,0.02523502306778767,0.23962346528170847,0.06351913531068214,0.671622376339821,25,30,20
23,2711,0.025239912792363896,0.2396234652956408,0.0635192688310358,0.6716173530809588,25,30,20
23,2712,0.025240161520875097,0.23962346530078385,0.06351929706639586,0.6716170761119448,25,30,20
23,2713,0.025249160776496624,0.239623465295713,0.06351926607169783,0.671608107856092,25,30,20
23,2714,0.025233885251221628,0.2396234652817266,0.06351687411992221,0.671625775347129,25,30,20
23,2715,0.025233963779865455,0.239623465286135,0.0635168512889116,0.6716257196450864,25,30,20
23,2716,0.025535103270123996,0.23962346640689072,0.06352502983111255,0.6713164004918711,25,30,20
23,2717,0.026390221136701045,0.2387560568436825,0.06353730381636911,0.6713164182032458,25,30,20
23,2718,0.026361360001632174,0.23878110773753725,0.06354111530639782,0.6713164169544313,25,30,20
23,2719,0.02636179949848635,0.23878110772891875,0.06354099899475486,0.6713160937778391,25,30,20
23,2720,0.02635674769448329,0.23878110771057767,0.06354085974929569,0.6713212848456425,25,30,20
23,2721,0.025501488352584586,0.23942682528670972,0.06375041761659235,0.6713212687441125,25,30,20
23,2722,0.025477593230344143,0.23942682526821144,0.06375021926165522,0.6713453622397882,25,30,20
23,2723,0.025467557988726065,0.23942682523054654,0.06374729070743633,0.67135832607329,25,30,20
23,2724,0.02546711819655505,0.2394268252391582,0.06374726702812342,0.6713587895361622,25,30,20
23,2725,0.01262443430881325,0.23942942628834907,0.07658431998222893,0.6713618194206075,25,30,20
23,2726,0.012615186383659887,0.23942942628869823,0.0765843872929321,0.6713710000347085,25,30,20
23,2727,0.012605518775088816,0.23942942629258404,0.07657663280806686,0.6713884221242598,25,30,20
23,2728,0.012605347645542806,0.23942942628759709,0.0765765643248093,0.6713886617420503,25,30,20
23,2729,0.012595962386736792,0.22255050786975317,0.09346486996271074,0.6713886597807996,25,30,20
23,2730,0.012595878979173027,0.2225505078652597,0.09346483301912313,0.6713887801364444,25,30,20
23,2731,0.012595898572433276,0.23968654581363694,0.07632877605102015,0.6713887795629087,25,30,20
23,2732,0.012596154381540664,0.23968654581862034,0.07632894471322167,0.6713883550866164,25,30,20
23,2733,0.012619946497862166,0.23968654584167212,0.07632902745395623,0.6713644802065089,25,30,20
23,2734,0.014994736579914823,0.2396865469482859,0.07634361506161619,0.6689751014101825,25,30,20
23,2735,0.014985407722947703,0.23968654694396985,0.07634364146343461,0.6689844038696472,25,30,20
23,2736,0.014661103994524858,0.23968654580093646,0.07633528115566628,0.6693170690488718,25,30,20
23,2737,0.014675410256835872,0.23968654581910495,0.07633541538344203,0.6693026285406163,25,30,20
23,2738,0.014684829291565931,0.23968654582374962,0.07633541679873154,0.669293208085952,25,30,20
23,2739,0.014708704317715548,0.23968654584679108,0.07613695454187062,0.6694677952936217,25,30,20
23,2740,0.014756622119974694,0.23968654588478774,0.07613716509130472,0.6694196669039316,25,30,20
23,2741,0.014747372780555655,0.23968681148847046,0.07614614916697267,0.669419666564,25,30,20
23,2742,0.01475695748650954,0.2396868114885458,0.0761461484607005,0.6694100825642428,25,30,20
23,2743,0.014746920162102026,0.23970133772404953,0.07614166112522294,0.6694100809886241,25,30,20
23,2744,0.014732443446648725,0.239701337710109,0.0761415274363539,0.669424691406887,25,30,20
23,2745,0.012363324389617862,0.23970133661859713,0.07612809771129124,0.6718072412804925,25,30,20
23,2746,0.012372061690891268,0.23970133659450213,0.06906067389985013,0.6788659278147554,25,30,20
23,2747,0.012376593503817566,0.23970133661674656,0.06905987340920113,0.6788621964702337,25,30,20
23,2748,0.012386018818569182,0.23970133663566975,0.06905993873400201,0.678852705811758,25,30,20
23,2749,0.012386095032212987,0.2397013366401601,0.06905983775937653,0.6788527305682492,25,30,20
23,2750,0.013218298125351064,0.23970133776475377,0.06906817590295788,0.6780121882069363,25,30,20
23,2751,0.013208883566922569,0.23970133776027744,0.06906817457768445,0.6780216040951145,25,30,20
23,2752,0.013209315962637304,0.23970133775581512,0.06906828183848251,0.6780210644430639,25,30,20
23,2753,0.013209406351862714,0.23970133777952632,0.06906836416984113,0.6780208916987688,25,30,20
23,2754,0.013709394176562209,0.23969261554703447,0.06857711780712564,0.6780208724692769,25,30,20
23,2755,0.013709569820216354,0.23969261556653224,0.0685850979482828,0.6780127166649679,25,30,20
23,2756,0.013709890203051014,0.22629283943217846,0.0819845523511456,0.6780127180136251,25,30,20
23,2757,0.015122260354171704,0.2262928405963526,0.08200284689771227,0.6765820521517634,25,30,20
23,2758,0.015122588970513544,0.2262928405774321,0.08200278010112111,0.6765817903509332,25,30,20
23,2759,0.013704765892777058,0.22629283939812253,0.08198320518176859,0.6780191895273319,25,30,20
23,2760,0.013709662218174663,0.22629283941670977,0.08198334334212505,0.6780141550229903,25,30,20
23,2761,0.013700236658917786,0.22629283942600747,0.08198326451145695,0.6780236594036179,25,30,20
23,2762,0.013700070686914367,0.22629322627484977,0.08198304427396133,0.6780236587642743,25,30,20
23,2763,0.013709312708893822,0.22628397197490066,0.08198305625765143,0.6780236590585537,25,30,20
23,2764,0.03617708836758976,0.20373241430294087,0.08206678079623721,0.6780237165332315,25,30,20
23,2765,0.03533058773168483,0.2037324131553739,0.0820583047926517,0.6788786943202887,25,30,20
23,2766,0.03532195630334859,0.20373241343972495,0.08190302918850056,0.6790426010684252,25,30,20
23,2767,0.035321878457260134,0.20373241343523582,0.08190307761070509,0.6790426304967987,25,30,20
23,2768,0.03568158437506765,0.20373241648253498,0.08191855543851735,0.6786674437038799,25,30,20
23,2769,0.03567652447346029,0.20373241645937704,0.08191841739427586,0.6786726416728865,25,30,20
23,2770,0.0356767768427131,0.20373241646884346,0.08191845047806455,0.6786723562103787,25,30,20
23,2771,0.03570529090554563,0.20373241649669346,0.08191853307320793,0.6786437595245528,25,30,20
23,2772,0.03571508474301229,0.2037225310189659,0.08191862348882913,0.6786437607491926,25,30,20
23,2773,0.03571576221796704,0.20372253103358112,0.08191850757740388,0.6786431991710482,25,30,20
23,2774,0.03569205385770165,0.20372253101494892,0.08191842098639744,0.6786669941409521,25,30,20
23,2775,0.035696853168127034,0.2037225310100581,0.08914029896794108,0.6714403168538737,25,30,20
23,2776,0.03569668352594321,0.20372253100547083,0.08914042495979063,0.6714403605087952,25,30,20
23,2777,0.034917656856838855,0.20556826412395382,0.08807373710530779,0.6714403419138997,25,30,20
23,2778,0.06197296659010873,0.20556562846899845,0.06102467096785417,0.6714367339730384,25,30,20
23,2779,0.06197304589721254,0.20556562847340223,0.061024621242415485,0.6714367043869696,25,30,20
23,2780,0.06265458389987459,0.18817282134171565,0.07773545998694051,0.6714371347714692,25,30,20
23,2781,0.0635145032932095,0.1881728224797886,0.07774397131455911,0.670568702912443,25,30,20
23,2782,0.05635368351404934,0.1881736047225398,0.0849019991352373,0.6705707126281745,25,30,20
23,2783,0.056354109049367766,0.18791399476924137,0.08516118384221809,0.6705707123391731,25,30,20
23,2784,0.05634823410616636,0.18791399475825454,0.08516105958578285,0.6705767115497963,25,30,20
23,2785,0.05634814388881411,0.1879139947532804,0.0851610252274645,0.6705768361304411,25,30,20
23,2786,0.059435851900592945,0.1879139948264485,0.08517938697787625,0.6674707662950826,25,30,20
23,2787,0.059425814291050066,0.1879139947938472,0.0851790337983309,0.6674811571167719,25,30,20
23,2788,0.05942572775242028,0.18791410708515421,0.08517900805108863,0.6674811571113366,25,30,20
23,2789,0.059514397967874715,0.1613702733641446,0.11163283638243517,0.6674824922855456,25,30,20
23,2790,0.059485469128472364,0.16137027333605095,0.11163261348872001,0.6675116440467567,25,30,20
23,2791,0.05947613363529958,0.16137027333118084,0.11163258547671512,0.6675210075568044,25,30,20
23,2792,0.05948119299410584,0.16137027335434298,0.11163254680856345,0.6675159868429879,25,30,20
23,2793,0.059490782297027894,0.16136068346727775,0.11163254738151425,0.6675159868541803,25,30,20
23,2794,0.05945380953404942,0.15951497238486625,0.1135152506981514,0.6675159673829331,25,30,20
23,2795,0.05945371716956547,0.15951497237042755,0.11350731637787982,0.6675239940821274,25,30,20
23,2796,0.059444664990731366,0.15951497236715573,0.11350736779032765,0.6675329948517854,25,30,20
23,2797,0.07612024813007062,0.15951500692561768,0.09683215967353717,0.6675325852707746,25,30,20
23,2798,0.07612050275017196,0.1595150069302641,0.09683219152627096,0.667532298793293,25,30,20
23,2799,0.07612991636565371,0.15951500692552562,0.0968400447942604,0.6675150319145601,25,30,20
23,2800,0.07612991342612382,0.15951500692560872,0.09684004652983115,0.6675150331184361,25,30,20
23,2801,0.07612946350264083,0.15951500691485315,0.09683998338706591,0.6675155461954398,25,30,20
23,2802,0.07612073385604835,0.15951500693455428,0.09684028431556838,0.6675239748938288,25,30,20
23,2803,0.07611131571950101,0.15952845639623045,0.09683625267913801,0.6675239752051304,25,30,20
23,2804,0.07526046194770397,0.15952845525434992,0.0969732342690333,0.6682378485289128,25,30,20
23,2805,0.07526029985699662,0.1595284552499405,0.09697323340544989,0.6682380114876129,25,30,20
23,2806,0.07528401286096371,0.15952845526850534,0.09697336977143481,0.6682141620990957,25,30,20
23,2807,0.0752702341608839,0.15952845524620224,0.09697328650790032,0.6682280240850131,25,30,20
23,2808,0.07490086645598104,0.15952845219923498,0.09695783667210701,0.6686128446726766,25,30,20
23,2809,0.07490564905603676,0.1595284521761572,0.09696570996098344,0.668600188806822,25,30,20
23,2810,0.0748963270148874,0.15952845219524595,0.09695794371513757,0.6686172770747286,25,30,20
23,2811,0.07489564509304251,0.15952845219905978,0.09695789264872305,0.6686180100591743,25,30,20
23,2812,0.07485374791678502,0.1595275990308411,0.09693874882528566,0.6686799042270883,25,30,20
23,2813,0.0748007725975538,0.15952759896984547,0.09693842575159861,0.6687332026810018,25,30,20
23,2814,0.0748101826846756,0.1595275989742451,0.09693844059522572,0.668723777745853,25,30,20
23,2815,0.0748212982748211,0.15952759903226307,0.0969387875475121,0.6687123151454035,25,30,20
23,2816,0.07483079906758078,0.15952759904171343,0.09693881885249066,0.6687027830382151,25,30,20
23,2817,0.0748358523561204,0.15952759906013245,0.09693895509014556,0.6686975934936019,25,30,20
23,2818,0.07483603384923349,0.15952759906865446,0.09679349187431585,0.6688428752077966,25,30,20
23,2819,0.07483106898443136,0.15952759905023883,0.09679499065557307,0.6688463413097572,25,30,20
23,2820,0.07485991847502507,0.15949831214739205,0.0967954268302998,0.6688463425472836,25,30,20
23,2821,0.07485041807920025,0.15949831213778254,0.09679807897689752,0.6688531908061202,25,30,20
23,2822,0.08695612665543977,0.1594983976617603,0.09019589352801956,0.663349582154781,25,30,20
23,2823,0.08694687577248353,0.15949839766201152,0.09019589670247591,0.6633588298630296,25,30,20
23,2824,0.08693703226729543,0.1594983976618442,0.09018805952058016,0.6633765105502799,25,30,20
23,2825,0.05823931870159061,0.16097145305841082,0.11741426247278186,0.6633749657672162,25,30,20
23,2826,0.058242500798919454,0.16097145302352645,0.11741405510224627,0.6633719910753071,25,30,20
23,2827,0.058266126506832425,0.1609714530276532,0.11741410150543345,0.6633483189600805,25,30,20
23,2828,0.05827511847573983,0.16097145302324747,0.11741407110114828,0.6633393573998638,25,30,20
23,2829,0.055207519615039856,0.16097145350499062,0.117397169021315,0.666423857858654,25,30,20
23,2830,0.055207948534079676,0.16097145351480155,0.11739707604970365,0.6664235219014145,25,30,20
23,2831,0.055207944090412304,0.16097145351447817,0.11739707416195488,0.6664235282331541,25,30,20
23,2832,0.05519773737190947,0.1609819688799601,0.11739676676484707,0.6664235269832823,25,30,20
23,2833,0.053999514306226376,0.1595123647183025,0.12006494994373862,0.6664231710317323,25,30,20
23,2834,0.054339538333156884,0.15941515215879448,0.1198220812317455,0.6664232282763026,25,30,20
23,2835,0.05399473605320729,0.15977619279896033,0.11980589918844521,0.6664231719593868,25,30,20
23,2836,0.053993943451164476,0.15977619250979275,0.11980580359052131,0.6664240604485215,25,30,20
23,2837,0.05404280397640191,0.15972429118653367,0.11980884226460725,0.6664240625724572,25,30,20
23,2838,0.0549077344663395,0.15972429337911254,0.11982011472438185,0.6655478574301661,25,30,20
23,2839,0.05495159774671434,0.1597242934040705,0.11982354636979962,0.6655005624794158,25,30,20
23,2840,0.05494707590541377,0.1597288686759532,0.119823493515295,0.6655005619033385,25,30,20
23,2841,0.05495598838842824,0.15972886866621105,0.11982339155295621,0.6654917513924049,25,30,20
23,2842,0.05554711810739541,0.15972886924201274,0.11983544036380814,0.664888572286784,25,30,20
23,2843,0.055570572555540335,0.1597288692555061,0.11983549884707394,0.66486505934188,25,30,20
23,2844,0.055566935183558604,0.15972886928483185,0.1198409469059313,0.664863248625679,25,30,20
23,2845,0.05554359027006307,0.15972888452139233,0.11992750533247301,0.6648000198760728,25,30,20
23,2846,0.05556695201136863,0.1597054070220221,0.11992762084194608,0.6648000201246643,25,30,20
23,2847,0.055566793528384756,0.15970540701786404,0.1199276857473515,0.6648001137064008,25,30,20
23,2848,0.055566957191681324,0.1597054070224271,0.11992759608423303,0.6648000397016597,25,30,20
23,2849,0.055543238998982475,0.15970540700394134,0.11992746135421616,0.6648238926428611,25,30,20
23,2850,0.05552460193052463,0.15970540701376235,0.11992752567591865,0.6648424653797953,25,30,20
23,2851,0.05554850069206745,0.1596811549160658,0.11992787839545761,0.6648424659964103,25,30,20
23,2852,0.05550030042139067,0.15968115575263878,0.11993492464708533,0.6648836191788863,25,30,20
23,2853,0.05549586478558465,0.1596811557707512,0.11993504568299101,0.6648879337606747,25,30,20
23,2854,0.08056462476653337,0.1596785907185585,0.09486677994670215,0.6648900045682072,25,30,20
23,2855,0.0805552860133357,0.15967859071351184,0.09486688749150214,0.6648992357816514,25,30,20
23,2856,0.08057899900460677,0.15967859073206467,0.09486431025706064,0.6648781000062691,25,30,20
23,2857,0.08056014824038044,0.1596785754669975,0.09488315755302829,0.6648781187395955,25,30,20
23,2858,0.08055518733691787,0.15967857543973255,0.09488330257432985,0.6648829346490212,25,30,20
23,2859,0.08055518052088782,0.1596785754438066,0.09488325109187812,0.6648829929434287,25,30,20
23,2860,0.08055288185143551,0.15972660768713554,0.09483752016080617,0.664882990300624,25,30,20
23,2861,0.08055287977626589,0.1597266076868886,0.0948374524279214,0.6648830601089253,25,30,20
23,2862,0.08055277851849872,0.15972660768641656,0.09483713739733371,0.6648834763977521,25,30,20
23,2863,0.08055641728397783,0.15972660765758293,0.09483183031290826,0.6648851447455322,25,30,20
23,2864,0.08059553024453046,0.1597266077016047,0.0948321471729473,0.6648457148809185,25,30,20
23,2865,0.0684850088675784,0.15972652223322695,0.09422389922983779,0.6775645696693579,25,30,20
23,2866,0.07860793790049588,0.15972497640326752,0.0841013651862016,0.677565720510036,25,30,20
23,2867,0.07861744130922448,0.159724976408238,0.08410139608357248,0.6775561861989662,25,30,20
23,2868,0.07860322280277403,0.15972497639446787,0.0841012898955371,0.6775705109072219,25,30,20
23,2869,0.07862305065302248,0.159724295948208,0.08408206786799077,0.6775705855307785,25,30,20
23,2870,0.07862764254867016,0.1597242959152521,0.08408189370959722,0.6775661678264804,25,30,20
23,2871,0.08269188048007217,0.15972417050784504,0.08002102265925683,0.6775629263528268,25,30,20
23,2872,0.0826870553348231,0.15972416965561728,0.08001057424913034,0.6775782007604298,25,30,20
23,2873,0.08207530550856759,0.15972416851485646,0.07999700414057878,0.6782035218359975,25,30,20
23,2874,0.08286460090231229,0.15974553707773104,0.07918637643323044,0.6782034855867267,25,30,20
23,2875,0.08288976501043283,0.15974553711210587,0.07918670130281429,0.6781779965746475,25,30,20
23,2876,0.08289918442810192,0.15974553711742068,0.07918671115368564,0.6781685673007923,25,30,20
23,2877,0.0820343399335912,0.15974553492931273,0.07917546595137809,0.6790446591857185,25,30,20
23,2878,0.08202483913711804,0.1597455349197841,0.07917543414762328,0.6790541917954752,25,30,20
23,2879,0.0821273054119121,0.1597455016267217,0.07907296924776903,0.6790542237135979,25,30,20
23,2880,0.0821323615665489,0.15974550165005044,0.07907311017583306,0.6790490266075683,25,30,20
23,2881,0.08213210539743715,0.15974550164516405,0.07907308064966406,0.6790493123077355,25,30,20
23,2882,0.08213699816386369,0.15974550165918777,0.07907308143030753,0.6790444187466416,25,30,20
23,2883,0.08214624773981921,0.1597455016592507,0.07907308341839037,0.6790351671825402,25,30,20
23,2884,0.08213211082340856,0.15974789552770216,0.07908482642206527,0.6790351672268246,25,30,20
23,2885,0.0821322051791245,0.15974789554206034,0.0790848844214368,0.6790350148573789,25,30,20
23,2886,0.08213202642223895,0.15976002065905098,0.07907293870023008,0.6790350142184804,25,30,20
23,2887,0.08213185118612656,0.1597600206493457,0.0790727421658935,0.6790353859986346,25,30,20
23,2888,0.08214118993071452,0.1597475116226654,0.07907591212596053,0.6790353863206593,25,30,20
23,2889,0.0821322266251551,0.15974751164697992,0.07907600884171245,0.6790442528861524,25,30,20
23,2890,0.08211733743556345,0.15974751165498022,0.07908389009169449,0.6790512608177616,25,30,20
23,2891,0.047812752173256604,0.15974885287485238,0.1128692680584493,0.6795691268934415,25,30,20
23,2892,0.04781300545336504,0.1597488528797517,0.11286929817937359,0.6795688434875093,25,30,20
23,2893,0.04780367835722934,0.15974885287486632,0.11286917463599215,0.6795782941319122,25,30,20
23,2894,0.04780845745314892,0.15974885285179302,0.11286906335290309,0.6795736263421551,25,30,20
23,2895,0.04774147898944459,0.15958207535769758,0.11310282076154983,0.6795736248913083,25,30,20
23,2896,0.04777501806216906,0.15958207536271568,0.11310292783289358,0.6795399787422219,25,30,20
23,2897,0.04777580100037992,0.159582075926384,0.1131030391432516,0.6795390839299849,25,30,20
23,2898,0.04777539006848535,0.15958207593585003,0.11310302198566276,0.6795395120100022,25,30,20
23,2899,0.047771302099060754,0.15958207596920918,0.11310324928924384,0.6795433726424863,25,30,20
23,2900,0.06395946840083702,0.1595807354110831,0.09743431196920767,0.6790254842188727,25,30,20
23,2901,0.06394507342778322,0.15959544953357788,0.09743399279235274,0.6790254842462862,25,30,20
23,2902,0.06396623616152788,0.15957154395975237,0.09743668040279647,0.6790255394759231,25,30,20
23,2903,0.06396607312492876,0.15957154396455972,0.09759078937708882,0.6788715935334225,25,30,20
23,2904,0.06406178478527583,0.15952353223286914,0.09754310724966009,0.6788715757321944,25,30,20
23,2905,0.06404722847904648,0.15952353217634843,0.09754279145920738,0.6788864478853968,25,30,20
23,2906,0.06409063628789215,0.1594749203213533,0.09754799364605288,0.6788864497447009,25,30,20
23,2907,0.0640799810702152,0.1597227916728863,0.09731077942871816,0.6788864478281795,25,30,20
23,2908,0.06411867661977394,0.15972279171061332,0.09731108070360478,0.6788474509660076,25,30,20
23,2909,0.06495907630742927,0.1597227928104602,0.09731924271846168,0.6779988881636485,25,30,20
23,2910,0.06496796854831674,0.15972279279129417,0.0973191750456948,0.677990063614694,25,30,20
23,2911,0.06496812982021273,0.159722792781748,0.09731916298064214,0.6779899144173968,25,30,20
23,2912,0.0649468794144126,0.15975003002034396,0.09731323169982202,0.6779898588654208,25,30,20
23,2913,0.06495613022955544,0.15975003002041496,0.09731322832398137,0.6779806114260477,25,30,20
23,2914,0.04323632430609831,0.15975002896555193,0.11903269815638755,0.6779809485719617,25,30,20
23,2915,0.0401864535196614,0.1597500449438449,0.12208061799612857,0.6779828835403642,25,30,20
23,2916,0.04014910451931609,0.15979237321792897,0.12207563929046851,0.6779828829722857,25,30,20
23,2917,0.04017812367902601,0.15976292387901042,0.12207606853224955,0.6779828839097132,25,30,20
23,2918,0.040162732632036124,0.15977850774315558,0.12207587640039884,0.6779828832244087,25,30,20
23,2919,0.04293075323078994,0.1597785248959526,0.12227368779087719,0.6750170340823796,25,30,20
23,2920,0.04292126861772823,0.15978802767539205,0.12227366961755123,0.675017034089328,25,30,20
23,2921,0.04289652643074989,0.15978802763213942,0.12227338738385568,0.6750420585532549,25,30,20
23,2922,0.04288686428996612,0.1597880276323036,0.12227358910947592,0.6750515189682544,25,30,20
23,2923,0.04288672625954165,0.1597880276329947,0.12226574546556272,0.6750595006419009,25,30,20
23,2924,0.042886981988752744,0.159788027676409,0.12226587055122468,0.6750591197836141,25,30,20
23,2925,0.042887159311732016,0.1597880276768174,0.1222660870133469,0.6750587259981041,25,30,20
23,2926,0.04287807395998102,0.15979711616161274,0.12226608388509959,0.6750587259933073,25,30,20
23,2927,0.03923112009916967,0.15979709787572385,0.12205981002274628,0.678911972002361,25,30,20
23,2928,0.03922196848806314,0.15979709789979912,0.12205993144235353,0.6789210021697847,25,30,20
23,2929,0.03919834109453368,0.1597970978861228,0.12205982524729869,0.6789447357720451,25,30,20
23,2930,0.0392075984995269,0.15979709781658902,0.12204826781991007,0.678947035863974,25,30,20
23,2931,0.03917171165340937,0.15979734594122186,0.12206760567205062,0.6789633367333181,25,30,20
23,2932,0.03917188166294831,0.15979734589333208,0.12206752813286748,0.6789632443108523,25,30,20
23,2933,0.03917188378594006,0.15979734589351482,0.12206757788281078,0.6789631924377346,25,30,20
23,2934,0.039162716826028364,0.1597973458980728,0.12206760759257154,0.6789723296833278,25,30,20
23,2935,0.03917213912718676,0.15977603080113367,0.12207950100531445,0.6789723290663653,25,30,20
23,2936,0.061457051950192076,0.15977618862957804,0.09980740658433439,0.6789593528358937,25,30,20
23,2937,0.06146629210257985,0.1597761886337242,0.09980719481077456,0.6789503244529196,25,30,20
23,2938,0.06146654107350303,0.15977618864291668,0.09980720215091426,0.6789500681326642,25,30,20
23,2939,0.061491059758403424,0.1597761891781412,0.09980837714046892,0.678924373922985,25,30,20
23,2940,0.0614576827794232,0.15980980433246528,0.099808139596919,0.678924373291191,25,30,20
23,2941,0.06144817555137849,0.1598098043180297,0.09980812755593303,0.6789338925746574,25,30,20
23,2942,0.061457503393956336,0.15980980430815792,0.09980808761253042,0.6789246046853542,25,30,20
23,2943,0.06148633448695348,0.15980980435000866,0.09981619121661875,0.6788876699464181,25,30,20
23,2944,0.06147712124365019,0.15980980434088876,0.09981629523331582,0.6788967791821442,25,30,20
23,2945,0.06147643931575634,0.15980980434470182,0.09981622027356313,0.6788975360659778,25,30,20
23,2946,0.06138737781558604,0.16115082821732535,0.09856425782529453,0.6788975361417937,25,30,20
23,2947,0.061392262024431946,0.1611508282402429,0.09856417085367271,0.6788927388816522,25,30,20
23,2948,0.061401753888791204,0.16115082824015825,0.09856253669259858,0.6788848811784526,25,30,20
23,2949,0.0613928467336899,0.16115082825502655,0.09856260257478486,0.6788937224364993,25,30,20
23,2950,0.061392829390411706,0.16114744443549006,0.09856600344378535,0.6788937227303136,25,30,20
23,2951,0.061373184183909156,0.16114744390432642,0.09856487911879108,0.6789144927929739,25,30,20
23,2952,0.06140364127678285,0.16114744397026495,0.09856763504129268,0.6788812797116601,25,30,20
23,2953,0.06140853805387809,0.16114581645821877,0.09856436546027755,0.6788812800276263,25,30,20
23,2954,0.06140871797066739,0.16114581646808712,0.09856442995547557,0.6788810356057706,25,30,20
23,2955,0.06140880480353606,0.16114581648235377,0.09856449214079605,0.6788808865733148,25,30,20
23,2956,0.061471522234361614,0.16108272149719902,0.0985648677712262,0.6788808884972135,25,30,20
23,2957,0.07049978806616371,0.16106137322891123,0.08955731493335639,0.6788815237715697,25,30,20
23,2958,0.07049490240053967,0.16106137322483122,0.08955719722855958,0.6788865271460705,25,30,20
23,2959,0.07049456563771779,0.16106137323411718,0.08955717690346857,0.6788868842246976,25,30,20
23,2960,0.07049473133536592,0.1610613732295549,0.0895571729393656,0.6788867224957145,25,30,20
23,2961,0.07050566796177492,0.16106137352917113,0.08955921489801356,0.678873743611041,25,30,20
23,2962,0.07043831090305273,0.16106137345393073,0.08955081305594907,0.6789495025870681,25,30,20
23,2963,0.07042898644913807,0.16106137345418872,0.08955081812227393,0.6789588219743998,25,30,20
23,2964,0.048126169049507686,0.16109979706658012,0.11181692767333194,0.6789571062105803,25,30,20
23,2965,0.04895466640216222,0.16106097888219867,0.11102924454559536,0.6789551101700438,25,30,20
23,2966,0.048954829811800125,0.16106097888219703,0.11102924763596972,0.6789549436700331,25,30,20
23,2967,0.0489548476373977,0.1610606633649925,0.11102954593848352,0.6789549430591267,25,30,20
23,2968,0.04895459799129239,0.16106066336026306,0.11102951397520106,0.678955224673244,25,30,20
23,2969,0.048944648165381625,0.16106066332788838,0.11102940498316455,0.678965283523566,25,30,20
23,2970,0.04894405713624089,0.16106066331318175,0.11102936390094903,0.6789659156496289,25,30,20
23,2971,0.048953306150126004,0.16106066329883045,0.11102938905008179,0.6789566415009622,25,30,20
23,2972,0.04844106841153703,0.1610606519434926,0.11154163739255249,0.6789566422524185,25,30,20
23,2973,0.04845118588271522,0.16106065198539324,0.1115418659541,0.6789462961777923,25,30,20
23,2974,0.048476263429805704,0.1610258078354907,0.11155163159833782,0.6789462971363666,25,30,20
23,2975,0.0484862145082472,0.16102580785862655,0.1115518974706401,0.678936080162487,25,30,20
23,2976,0.048486470607666664,0.1610258078728158,0.1115519375904767,0.6789357839290416,25,30,20
23,2977,0.048486975893858905,0.16102580787330698,0.11155213070470271,0.6789350855281322,25,30,20
23,2978,0.04849083530837741,0.1610258075925232,0.11155022385442111,0.6789331332446791,25,30,20
23,2979,0.048432472677118595,0.16108453141904192,0.11154986489419398,0.6789331310096464,25,30,20
23,2980,0.012278049224185683,0.16108910619482505,0.14768309345845598,0.6789497511225342,25,30,20
23,2981,0.012268877063202179,0.15974808008603703,0.1490332917125422,0.6789497511382201,25,30,20
23,2982,0.012238175540758164,0.15974807999621374,0.14904060441489952,0.6789731400481297,25,30,20
23,2983,0.012238416160450884,0.1597480800007679,0.1490405846036111,0.6789729192351716,25,30,20
23,2984,0.012238598587284488,0.1597480800110667,0.1490406432261799,0.6789726781754701,25,30,20
23,2985,0.012267358204005764,0.1597309706935623,0.1490289916782081,0.6789726794242249,25,30,20
23,2986,0.012267355392341077,0.15973097069348138,0.14902899352940577,0.6789726803847729,25,30,20
23,2987,0.011583608196840631,0.15975158084729985,0.1497101975711812,0.6789546133846791,25,30,20
23,2988,0.011583422583162717,0.15975158084711702,0.1497000097615458,0.6789649868081753,25,30,20
23,2989,0.011597009361926713,0.1597515808328091,0.14985380597445094,0.6787976038308139,25,30,20
23,2990,0.011596930108530334,0.15975158082839838,0.1498538295292427,0.6787976595338295,25,30,20
23,2991,0.011613286072606557,0.15972282662021076,0.14986622458825907,0.6787976627189236,25,30,20
23,2992,0.011614191820552344,0.15972282662109494,0.14986629329790221,0.6787966882604504,25,30,20
23,2993,0.011668219897015424,0.15972282567934087,0.14981226421737845,0.6787966902062662,25,30,20
23,2994,0.011706657306429535,0.15972282570760155,0.1498125353901862,0.678757981595783,25,30,20
23,2995,0.011763976655851452,0.15972282574079855,0.14981280846825723,0.6787003891350929,25,30,20
23,2996,0.011735493765749132,0.15972282575004818,0.1498128744161905,0.6787288060680124,25,30,20
23,2997,0.011727003743609904,0.15972282573305155,0.14982417555718905,0.6787259949661497,25,30,20
23,2998,0.011749534514066032,0.15972282575899263,0.14981568830597994,0.6787119514209615,25,30,20
23,2999,0.011773266726885216,0.15972282577284508,0.1498160200137742,0.6786878874864959,25,30,20
23,3000,0.011782656986304272,0.15972282576787583,0.14981590515251578,0.6786786120933044,25,30,20
23,3001,0.011744393808977576,0.1597228257304071,0.14981289627343836,0.6787198841871773,25,30,20
23,3002,0.011730623023004247,0.1597228257217635,0.14966670339857097,0.6788798478566617,25,30,20
23,3003,0.011716246043729853,0.1597228257324313,0.1496687539313049,0.6788921742925342,25,30,20
23,3004,0.011717298344543015,0.15972282573845153,0.1496689312658185,0.678890944651187,25,30,20
23,3005,0.011712404547637585,0.15972784763285428,0.14966880379009828,0.67889094402941,25,30,20
23,3006,0.011721816057913462,0.1597278476372458,0.14966880293711024,0.6788815333677306,25,30,20
23,3007,0.011720854482372216,0.15972784763628473,0.1496686549009301,0.6788826429804131,25,30,20
23,3008,0.011695759022724572,0.15976302387906924,0.14965857509893724,0.6788826419992688,25,30,20
23,3009,0.011721431559411308,0.15976302388044736,0.14965876802672873,0.6788567765334125,25,30,20
23,3010,0.011720756202002225,0.15976302388443295,0.14965869693653389,0.6788575229770306,25,30,20
23,3011,0.012562543762754867,0.1597630250223797,0.1496670262597025,0.6780074049551627,25,30,20
23,3012,0.012562102747278394,0.1597630250266667,0.1496591811516945,0.6780156910743602,25,30,20
23,3013,0.012611368949284274,0.15970463446905547,0.14966826180244117,0.6780157347792187,25,30,20
23,3014,0.01261111834054613,0.15970463638227234,0.1582955964985805,0.6693886487786016,25,30,20
23,3015,0.012611041870606843,0.1597046363728247,0.15829574302580987,0.6693885787307589,25,30,20
23,3016,0.011839961734686093,0.15970463534222742,0.15828824985466577,0.670167153068421,25,30,20
23,3017,0.011931329201859941,0.15970463545729305,0.15828910028706056,0.6700749350537872,25,30,20
23,3018,0.011921293633704538,0.15970463541497934,0.1582887347531088,0.6700853361982081,25,30,20
23,3019,0.01204321355924183,0.15968205532030494,0.15818984268857694,0.6700848884318766,25,30,20
23,3020,0.012018866991801188,0.15968203892013094,0.15821416613473377,0.6700849279533349,25,30,20
23,3021,0.012028905223694273,0.1596820389529775,0.1580603370413443,0.6702287187819844,25,30,20
23,3022,0.012037791775546864,0.15968203893280097,0.15806035079847494,0.6702198184931781,25,30,20
23,3023,0.01202880014528315,0.15968203893771182,0.15821432555856227,0.6700748353584436,25,30,20
23,3024,0.012028697429913362,0.15968203891366847,0.15821194479818015,0.6700773188582386,25,30,20
23,3025,0.012013133008395828,0.15970994097761637,0.15819960939704258,0.6700773166169455,25,30,20
23,3026,0.012013390967212757,0.15970994098284494,0.15819967466809326,0.6700769933818488,25,30,20
23,3027,0.012013390587254223,0.15970994098341712,0.1581996728690268,0.6700769955603018,25,30,20
23,3028,0.012004143735383246,0.1597099390558606,0.14957225437112634,0.6787136628376297,25,30,20
23,3029,0.012633953316238266,0.15970994133290817,0.14943286568975586,0.6782232396610977,25,30,20
23,3030,0.012613601601935254,0.15970994066797378,0.14945325984729851,0.6782231978827922,25,30,20
23,3031,0.012613692332636997,0.15970994067661304,0.1494533134462435,0.6782230535445062,25,30,20
23,3032,0.012522506252108627,0.15970994057133753,0.14945252186394098,0.6783150313126124,25,30,20
23,3033,0.012510648605580097,0.1597099405754985,0.14965086419888515,0.6781285466200363,25,30,20
23,3034,0.012510556287013141,0.15970994057059543,0.14965083597570106,0.6781286671666904,25,30,20
23,3035,0.01247718570111545,0.15974329546088709,0.14965085197534317,0.6781286668626546,25,30,20
23,3036,0.012409914060540997,0.15974329539525234,0.1496503322127386,0.6781964583314687,25,30,20
23,3037,0.012409915357083624,0.15974320411401563,0.14965042219725092,0.6781964583316505,25,30,20
23,3038,0.012334856303539636,0.15974320402560627,0.14964972819660152,0.6782722114742532,25,30,20
23,3039,0.012335032673923581,0.15974320402578923,0.14964973100470494,0.678272032295583,25,30,20
23,3040,0.012335026613957712,0.15974320402587106,0.14964972957690686,0.6782720397832649,25,30,20
23,3041,0.013176104478309804,0.1597432059457531,0.1496590997997377,0.6774215897762003,25,30,20
23,3042,0.013166776635428683,0.15974320594185226,0.14965912955496338,0.6774308878677562,25,30,20
23,3043,0.013165983728060403,0.15974320590417565,0.14965884932102994,0.6774319610467344,25,30,20
23,3044,0.013175060584858346,0.15974320590415533,0.1496588485966177,0.677422884914369,25,30,20
23,3045,0.013777491773622929,0.1597432070305457,0.1496780400678759,0.6768012611279558,25,30,20
23,3046,0.013788702623189741,0.15974320709804118,0.14967844718883028,0.6767896430899392,25,30,20
23,3047,0.013778265846646624,0.1597432071008793,0.14967833937160202,0.6768001876808724,25,30,20
23,3048,0.05338951157273372,0.15974058656795695,0.11006976379716969,0.6768001380621402,25,30,20
23,3049,0.044095585891972766,0.15974121087899895,0.11936364750978053,0.6767995557192481,25,30,20
23,3050,0.044094882079796845,0.15974121031989771,0.11936345971550938,0.6768004478847957,25,30,20
23,3051,0.04374104965649378,0.15974122090799608,0.11971732014697058,0.676800409288537,25,30,20
23,3052,0.04373181749937915,0.15974122090386467,0.11971799579816231,0.6768089657985912,25,30,20
23,3053,0.043778023306559,0.15980748674756867,0.11960550063485753,0.6768089893110123,25,30,20
23,3054,0.043778028180166774,0.15980748674348363,0.11960567206482152,0.676808813011526,25,30,20
23,3055,0.021990782445208884,0.1598153302775504,0.14020206489998435,0.6779918223772573,25,30,20
23,3056,0.021946496052326486,0.15986857866402684,0.14019314598388508,0.6779917792997628,25,30,20
23,3057,0.021970213795517758,0.15986857867778376,0.14019336748506375,0.6779678400416361,25,30,20
23,3058,0.021970210916297455,0.1598685786872462,0.14019342647745817,0.6779677839189996,25,30,20
23,3059,0.022241983999439836,0.1598679467300348,0.13992233864338646,0.6779677306271401,25,30,20
23,3060,0.022218521340482487,0.1598679467121282,0.13992209167897132,0.6779914402684192,25,30,20
23,3061,0.02221835109810898,0.1598679467166014,0.13992191664984927,0.6779917855354418,25,30,20
23,3062,0.022228374982018306,0.1598679467585754,0.13992153550684353,0.6779821427525641,25,30,20
23,3063,0.02222837156252129,0.15986809994423035,0.13992138575762839,0.6779821427356214,25,30,20
23,3064,0.022252603812977396,0.15986809995367315,0.13992156630490235,0.6779577299284485,25,30,20
23,3065,0.022272850318837717,0.15986809967666132,0.13990030579669582,0.6779587442078064,25,30,20
23,3066,0.022277738673555883,0.1598680996904334,0.13990044111965877,0.6779537205163537,25,30,20
23,3067,0.02311761991927008,0.15986810126609105,0.13990944040863348,0.677104838406007,25,30,20
23,3068,0.023131294774563983,0.15985456263613695,0.13990930450034167,0.6771048380889585,25,30,20
23,3069,0.02733273805594857,0.14816300610456998,0.1473993121285651,0.6771049437109177,25,30,20
23,3070,0.02675560733422995,0.14816300553899456,0.1475806078183963,0.6775007793083806,25,30,20
23,3071,0.026765025730920565,0.14816300555310488,0.14758054401524345,0.6774914247007325,25,30,20
23,3072,0.026774273853138412,0.14816300555309703,0.14758055205555637,0.6774821685382095,25,30,20
23,3073,0.026774696458542056,0.14816300556740428,0.1475806387943795,0.6774816591796763,25,30,20
23,3074,0.0267726615413325,0.14816300372348942,0.14757854134168485,0.6774857933934948,25,30,20
23,3075,0.02675266737531028,0.14816301981711372,0.1475995139280124,0.6774847988795653,25,30,20
23,3076,0.02676165932783937,0.14815412945253936,0.14759941201281207,0.677484799206811,25,30,20
23,3077,0.026761331830182332,0.1481541297175611,0.1475992618592315,0.6774852765930269,25,30,20
23,3078,0.026791103727067916,0.14815412975596673,0.14759954403788408,0.6774552224790834,25,30,20
23,3079,0.0268073114310037,0.14815413032839275,0.14740251148211014,0.6776360467584956,25,30,20
23,3080,0.025963226767051973,0.14815413027026192,0.1473952628040312,0.6784873801586571,25,30,20
23,3081,0.02596373943634286,0.1481535554271335,0.14739532435014882,0.678487380786377,25,30,20
23,3082,0.025958758418718246,0.1481535554034795,0.14739515404093315,0.6784925321368711,25,30,20
23,3083,0.02595909057968191,0.14815355539443634,0.14739514893990602,0.6784922050859774,25,30,20
23,3084,0.02598759747197486,0.14812482602708163,0.1473953711275071,0.6784922053734381,25,30,20
23,3085,0.0217908079681815,0.1598116269304615,0.1399054656256311,0.6784920994757269,25,30,20
23,3086,0.021160587421867123,0.1598116246443588,0.13989074224961087,0.6791370456841638,25,30,20
23,3087,0.020333425084608277,0.15981169374887327,0.14071782514780817,0.6791370560187123,25,30,20
23,3088,0.02064368261401296,0.15981167958514636,0.1404065956750347,0.6791380421258064,25,30,20
23,3089,0.020614029768155614,0.15981167905717414,0.14020630115149937,0.6793679900231712,25,30,20
23,3090,0.020609650910349483,0.15981167905793703,0.14020886845543495,0.6793698015762787,25,30,20
23,3091,0.02057037790826247,0.15981167901040366,0.14020856234905743,0.6794093807322767,25,30,20
23,3092,0.019719540556786774,0.15981167737198362,0.14019918408393622,0.6802695979872942,25,30,20
23,3093,0.019689852188962232,0.15981167680366556,0.14019782953636553,0.6803006414710074,25,30,20
23,3094,0.019680596721055835,0.15981167680358743,0.14019782773231776,0.6803098987430397,25,30,20
23,3095,0.019671091606269855,0.1598116767894908,0.14019776782272844,0.6803194637815114,25,30,20
23,3096,0.020015227542013,0.15981167764978074,0.14020619921953645,0.6799668955886699,25,30,20
23,3097,0.02056412369942741,0.1598116905657651,0.13965762088840136,0.679966564846406,25,30,20
23,3098,0.020813250889669687,0.15981168948198549,0.1396598671832933,0.6797151924450513,25,30,20
23,3099,0.02022923235972486,0.1598116894449924,0.13965937260761982,0.680299705587663,25,30,20
23,3100,0.023460647978272426,0.1563664228503317,0.13987113812717722,0.6803017910442185,25,30,20
23,3101,0.02346064804996513,0.15636642285017321,0.13987114214366847,0.6803017869561936,25,30,20
23,3102,0.024068126146786564,0.15636693865863988,0.13926229903959478,0.6803026361549793,25,30,20
23,3103,0.03539234123168186,0.15636685925897817,0.1279381985153781,0.6803026009939619,25,30,20
23,3104,0.03539250324886015,0.15636685926337732,0.12793837757818827,0.6803022599095744,25,30,20
23,3105,0.0354020821668136,0.15636685926304847,0.12793836736353772,0.6802926912066003,25,30,20
23,3106,0.03540625619843551,0.1563668592204156,0.12793811276135109,0.680288771819798,25,30,20
23,3107,0.035396599414842043,0.15636685922066101,0.1279381607602953,0.6802983806042018,25,30,20
23,3108,0.03540559875917383,0.15636685921559063,0.12793812980496672,0.6802894122202691,25,30,20
23,3109,0.035379807131436444,0.15630059647123085,0.12803018865709284,0.6802894077402419,25,30,20
23,3110,0.03537532980773797,0.15630491438618255,0.1280303480846636,0.680289407721418,25,30,20
23,3111,0.035351098502332305,0.15630491438089605,0.128030191540256,0.6803137955765175,25,30,20
23,3112,0.03212405660539082,0.1597458221084366,0.12781840989875495,0.6803117113874193,25,30,20
23,3113,0.0321338401482543,0.15974582213654395,0.12781863177893615,0.6803017059362673,25,30,20
23,3114,0.032149084565451076,0.1597458221701959,0.12781893043863068,0.6802861628257239,25,30,20
23,3115,0.03214882984218135,0.15974582216546154,0.12781890392831213,0.6802864440640461,25,30,20
23,3116,0.03215817501118817,0.15974582217077368,0.1278190099834433,0.6802769928345959,25,30,20
23,3117,0.03213811900488384,0.15974583089822325,0.1278390756378048,0.680276974459089,25,30,20
23,3118,0.03213794026645504,0.15974583087424224,0.12782878815184615,0.6802874407074573,25,30,20
23,3119,0.03214735686938743,0.1597458308696694,0.12782861077687646,0.6802782014840675,25,30,20
23,3120,0.03214665439826737,0.15974583083705243,0.1278282267059383,0.6802792880587422,25,30,20
23,3121,0.03216275527168484,0.15972505918176672,0.12783289679547868,0.6802792887510698,25,30,20
23,3122,0.032171990987787585,0.1597250591859183,0.12783282895420187,0.6802701208720926,25,30,20
23,3123,0.0488483963710505,0.15971724347954822,0.1123047083815738,0.6791296517678266,25,30,20
23,3124,0.05219786237524513,0.15971742210168283,0.1089973475790195,0.6790873679440517,25,30,20
23,3125,0.052207286516661046,0.1597174220971188,0.10899734681089694,0.6790779445753224,25,30,20
23,3126,0.052198048567237816,0.1597174221111778,0.10899743151281975,0.679087097808764,25,30,20
23,3127,0.05221234500944514,0.15971742212949747,0.10899756097827423,0.6790726718827824,25,30,20
23,3128,0.05221218275004588,0.15971781311676136,0.10899733227709335,0.6790726718560987,25,30,20
23,3129,0.0522215226797495,0.15971781313102562,0.10899742023357481,0.6790632439556497,25,30,20
23,3130,0.05222131979324943,0.1597181294700726,0.10899730498030324,0.6790632457563744,25,30,20
23,3131,0.05261977985130896,0.1597541480195295,0.1085616639625332,0.6790644081666279,25,30,20
23,3132,0.05455405256337356,0.15971778974142353,0.10666490848245229,0.6790632492127509,25,30,20
23,3133,0.05487504483924924,0.15971779145839263,0.10667474323209239,0.6787324204702659,25,30,20
23,3134,0.054861003212957116,0.1597177914403151,0.10667477351349733,0.6787464318332306,25,30,20
23,3135,0.05486109211211627,0.1597177914452975,0.10667479528327449,0.6787463211593119,25,30,20
23,3136,0.05489017158795474,0.15971779175234185,0.10667671759204556,0.6787153190676585,25,30,20
23,3137,0.018433632896152727,0.15975212975310688,0.1430986863774745,0.6787155509732655,25,30,20
23,3138,0.018438777367785455,0.1597521297721821,0.14309882840847413,0.6787102644515577,25,30,20
23,3139,0.01843893638325821,0.15975212976263642,0.14309876884249384,0.678710165011611,25,30,20
23,3140,0.018448343420191027,0.1597521297669426,0.14309876931564539,0.6787007574972204,25,30,20
23,3141,0.016189583069005923,0.16164922432214454,0.14346037902255376,0.6787008135862951,25,30,20
23,3142,0.004882534743768053,0.16164930059883026,0.15476736397183083,0.6787008006855726,25,30,20
23,3143,0.004867292980272301,0.1616493005653379,0.1547670566094969,0.6787163498448944,25,30,20
23,3144,0.004896770724705799,0.1616493008965626,0.15477425337942616,0.6786796749993067,25,30,20
23,3145,0.004926044473645143,0.1616493009295606,0.15477455207546348,0.6786501025213322,25,30,20
23,3146,0.004897021848721431,0.16164930090602336,0.15477431002492947,0.6786793672203271,25,30,20
23,3147,0.00490274607919344,0.1616493012140106,0.1547761652141179,0.6786717874926792,25,30,20
23,3148,0.004572770729074093,0.1616492995120672,0.15476632584881833,0.6790116039100418,25,30,20
23,3149,0.004558476327422774,0.16166372890366776,0.1547661917909676,0.6790116029779429,25,30,20
23,3150,0.004558463642808345,0.16166372888931846,0.15476608155245888,0.6790117259154157,25,30,20
23,3151,0.004519750020102967,0.1616637285726229,0.1547590096305648,0.6790575117767106,25,30,20
23,3152,0.004484523615376245,0.16166520938850057,0.15479275458760366,0.679057512408521,25,30,20
23,3153,0.004464304880437092,0.16166520909126308,0.15478919537847796,0.6790812906498231,25,30,20
23,3154,0.0044650912730513515,0.1616652091378902,0.15479731501089872,0.6790723845781607,25,30,20
23,3155,0.004469483967794025,0.16166364751752035,0.15243919147770796,0.6814276770369786,25,30,20
23,3156,0.004488555128416705,0.16164458380243885,0.15243918401136058,0.6814276770577845,25,30,20
23,3157,0.004484289591631641,0.16164458382585262,0.15243935074279744,0.6814317758397191,25,30,20
23,3158,0.0044262673270958385,0.15974748917918474,0.15439449196024044,0.68143175153348,25,30,20
23,3159,0.004426008728994103,0.1597474891601649,0.15439440892728343,0.6814320931835585,25,30,20
23,3160,0.004455025324784962,0.15974748920220086,0.15439471157953572,0.6814027738934793,25,30,20
23,3161,0.004454595688791839,0.15974748920634993,0.1543945503570689,0.6814033647477897,25,30,20
23,3162,0.004445433435206625,0.15974748921124696,0.15439457829792333,0.6814124990556235,25,30,20
23,3163,0.0050571039000547905,0.15974749034728075,0.1544080936957765,0.6807873120568884,25,30,20
23,3164,0.004445601261114484,0.1597474892112572,0.15439458086711483,0.6814123286605139,25,30,20
23,3165,0.004438981715650015,0.1597475030403305,0.1544012231782561,0.6814122920657637,25,30,20
23,3166,0.004428865085576445,0.15974750299835017,0.15440096474027623,0.6814226671757972,25,30,20
23,3167,0.00443828520403163,0.1597475030170245,0.15440103045819625,0.6814131813207479,25,30,20
23,3168,0.004423993965861367,0.15974750298900633,0.1544009121740307,0.6814275908711019,25,30,20
23,3169,0.004424236938971653,0.1597475029808941,0.15455501460715163,0.6812732454729832,25,30,20
23,3170,0.004424494258703458,0.15974750297274057,0.1549983556325629,0.6808296471359939,25,30,20
23,3171,0.004438078981085406,0.15974750293936657,0.15499026686142334,0.6808241512181253,25,30,20
23,3172,0.004437819710465411,0.15974772791812744,0.1549903002203676,0.6808241521510403,25,30,20
23,3173,0.004753146647449532,0.15974772901179357,0.15500011381901643,0.6804990105217412,25,30,20
23,3174,0.004792501151381762,0.15974772958419106,0.1550018266050302,0.6804579426593976,25,30,20
23,3175,0.004868202864916915,0.15974772977872406,0.15604627820298128,0.679337789153378,25,30,20
23,3176,0.004854242234659966,0.15976181185928362,0.15604615830728216,0.6793377875987745,25,30,20
23,3177,0.004854156303859198,0.15976181185455862,0.15604632743141542,0.679337704410167,25,30,20
23,3178,0.02546909469113697,0.15972728308342984,0.13546549407831332,0.6793381281471212,25,30,20
23,3179,0.02403664705945233,0.1597267599729346,0.1368716426885255,0.6793649502790887,25,30,20
23,3180,0.02402739717731645,0.15972675997286165,0.13687163905989524,0.6793742037899277,25,30,20
23,3181,0.02408025177027349,0.1597267610876847,0.13687418865257223,0.6793187984894706,25,30,20
23,3182,0.046055968942624155,0.15972676293886098,0.13696680579019957,0.6572504623283164,25,30,20
23,3183,0.046412022292136396,0.15972711074882748,0.1366103494391954,0.6572505175198424,25,30,20
23,3184,0.04640253075479289,0.15972711073955087,0.1366102951830009,0.6572600633226567,25,30,20
23,3185,0.04640269627696286,0.15972711074834922,0.1366103426683057,0.6572598503063835,25,30,20
23,3186,0.04638890631544043,0.15972711072578624,0.13661039553937265,0.6572735874194021,25,30,20
23,3187,0.04638857580146474,0.159727110716485,0.13661061643558634,0.6572736970464653,25,30,20
23,3188,0.046403142786948015,0.15972711073963258,0.13661081355816765,0.6572589329152533,25,30,20
23,3189,0.046087544920879076,0.15972710935132162,0.13660092924207462,0.6575844164857265,25,30,20
23,3190,0.04609252059322126,0.15972710937506243,0.13660085647382345,0.6575795135578947,25,30,20
23,3191,0.04618998988929814,0.15972719929237728,0.1365155515692544,0.6575672592490716,25,30,20
23,3192,0.04619057860975488,0.15971137803834912,0.13653078598034132,0.6575672573715555,25,30,20
23,3193,0.04619989764207313,0.15971137801458957,0.13653066852991938,0.6575580558134191,25,30,20
23,3194,0.02582431606676973,0.15971148960534318,0.13736522395986284,0.6770989703680259,25,30,20
23,3195,0.025814731123640335,0.15971148960525616,0.13736539921214055,0.6771083800589645,25,30,20
23,3196,0.025829194531898053,0.1597114896235761,0.1373654764479135,0.6770938393966135,25,30,20
23,3197,0.025833380533769074,0.1597114896038474,0.13692197340963788,0.6775331564527467,25,30,20
23,3198,0.025842114603264462,0.15971148958914155,0.13691926954369746,0.6775271262638982,25,30,20
23,3199,0.025824784543062394,0.15971148961016599,0.13692245073284826,0.6775412751139251,25,30,20
23,3200,0.025815711290279198,0.15971148962012843,0.1369225097425323,0.6775502893470617,25,30,20
23,3201,0.025766238100273994,0.15976578176717138,0.13691769178737392,0.6775502883451822,25,30,20
23,3202,0.025770590899817095,0.15976156099459854,0.13691756038843453,0.6775502877171513,25,30,20
23,3203,0.025770425907994218,0.1597615609853021,0.13691753184678768,0.6775504812599175,25,30,20
23,3204,0.02417944351761597,0.15976144752899585,0.13599031824996463,0.6800687907034244,25,30,20
23,3205,0.02417546213300463,0.1597614475442933,0.13599888471065155,0.6800642056120513,25,30,20
23,3206,0.024122428338390824,0.15976144641960296,0.13599621338237244,0.6801199118596348,25,30,20
23,3207,0.02411275815409045,0.1597614464286626,0.13599623249742077,0.6801295629198272,25,30,20
23,3208,0.024112586256375267,0.15976161517309798,0.13599623533991972,0.680129563230608,25,30,20
23,3209,0.024442962239546763,0.1597616176637203,0.13600969706018315,0.6797857230365509,25,30,20
23,3210,0.0268341468343609,0.1597616187744647,0.13602396252847904,0.6773802718626968,25,30,20
23,3211,0.026833913782463085,0.15977696489004253,0.13600884941514554,0.6773802719123502,25,30,20
23,3212,0.02683651433803659,0.15977696485018844,0.13600552038035466,0.6773810004314218,25,30,20
23,3213,0.041609259175148246,0.1597770343844862,0.1212475086856736,0.6773661977546933,25,30,20
23,3214,0.04161867991512974,0.15977703438939625,0.12124733610636249,0.6773569495891131,25,30,20
23,3215,0.04162800722588462,0.1597770343937936,0.12124728655368675,0.6773476718266365,25,30,20
23,3216,0.029497035964977648,0.1599755079568463,0.13318038500240909,0.6773470710757689,25,30,20
23,3217,0.029175897634443677,0.15997550546596206,0.13316692066062152,0.6776816762389746,25,30,20
23,3218,0.02921895489356013,0.159932060375292,0.13316730629299733,0.6776816784381522,25,30,20
23,3219,0.02958684345596122,0.15993206233882615,0.1331842161077092,0.677296878097505,25,30,20
23,3220,0.029563206866030742,0.15993206232046592,0.13318412174901717,0.6773206090644873,25,30,20
23,3221,0.029200035929049916,0.15993206036549348,0.13317002398336045,0.6776978797220973,25,30,20
23,3222,0.029200026730253553,0.15993206036531982,0.13317001851625115,0.6776978943881763,25,30,20
23,3223,0.029209018558247198,0.15993206036024726,0.13316980925702787,0.6776891118244787,25,30,20
23,3224,0.02920902599636688,0.1599320603607399,0.1331821578720495,0.6776767557708445,25,30,20
23,3225,0.029209123926559843,0.15993206037493438,0.13318224289199887,0.6776765728065076,25,30,20
23,3226,0.02919961742319418,0.15993206036979746,0.13318221067631478,0.677686111530694,25,30,20
23,3227,0.02919028322519485,0.15993206036522184,0.1331822326507462,0.6776954237588374,25,30,20
23,3228,0.02918924856188675,0.15993206033566099,0.13302785105953607,0.6778508400429165,25,30,20
23,3229,0.01630714202837527,0.15993196639680013,0.14590968935668136,0.6778512022181438,25,30,20
23,3230,0.01629567006034166,0.1599316062012444,0.1459213537875409,0.6778513699508726,25,30,20
23,3231,0.015998566390167467,0.15996848056395305,0.14618180467120542,0.6778511483746736,25,30,20
23,3232,0.013607809949840864,0.15996847945249065,0.1467091354133432,0.6797145751843253,25,30,20
23,3233,0.013598019880790407,0.15997851482067016,0.14670889017069566,0.679714575127844,25,30,20
23,3234,0.013598105194385833,0.1599784601255194,0.146708859562716,0.679714575117379,25,30,20
23,3235,0.013598007887490297,0.15997846012497274,0.14670880756502203,0.6797147244225152,25,30,20
23,3236,0.01360275338360955,0.15997846010277564,0.14671608178276926,0.6797027047308462,25,30,20
23,3237,0.013579040243505648,0.15997846008412325,0.14671580479510676,0.6797266948772649,25,30,20
23,3238,0.013588620834769395,0.15997846009822383,0.14671590268490392,0.6797170163821032,25,30,20
23,3239,0.013583355916925116,0.15997846008327327,0.14670729420296702,0.6797308897968348,25,30,20
23,3240,0.013583610033571988,0.15997846008800137,0.14670726055394695,0.6797306693244799,25,30,20
23,3241,0.013583451056124627,0.1599784600834389,0.14670725996268563,0.679730828897751,25,30,20
23,3242,0.006317978811531772,0.15980327335235273,0.15414545554057457,0.6797332922955416,25,30,20
23,3243,0.0063178866588301085,0.1598032733380758,0.15414537355373326,0.6797334664493608,25,30,20
23,3244,0.0063178854115979255,0.1598032733378313,0.15413654767495058,0.6797422935756203,25,30,20
23,3245,0.006390537257841321,0.15980327342725395,0.15413740322240901,0.679668786092496,25,30,20
23,3246,0.006381295538048358,0.15981230492335624,0.1541376134506611,0.6796687860879348,25,30,20
23,3247,0.006405424095576452,0.15981230495120957,0.15414791588290214,0.6796343550703123,25,30,20
23,3248,0.006400901227800568,0.15981230497461768,0.15414805624420713,0.6796387375533751,25,30,20
23,3249,0.006410934209848782,0.15981230500705274,0.15414483263698664,0.6796319281461125,25,30,20
23,3250,0.006410932862014168,0.15981230500680735,0.15414754464521546,0.6796292174859636,25,30,20
23,3251,0.0036810337799492382,0.15978900086029418,0.15690359721097413,0.6796263681487825,25,30,20
23,3252,0.003681212575917884,0.15978900088428388,0.15690374167485432,0.679626044864944,25,30,20
23,3253,0.003843157848682967,0.15978907413595128,0.13111913765295985,0.7052486303624064,25,30,20
23,3254,0.003824081938015854,0.15978907412619445,0.1311090096508769,0.7052778342849131,25,30,20
23,3255,0.0036118897416717076,0.15978900026098736,0.12407307756499979,0.7125260324323415,25,30,20
23,3256,0.0035319122542915426,0.15978900008098207,0.12538737564691915,0.711291712017807,25,30,20
23,3257,0.013808765474392515,0.1597889277645692,0.11511224180736018,0.7112900649536779,25,30,20
23,3258,0.013808759515270455,0.15978892510539733,0.11511225010919224,0.7112900652701398,25,30,20
23,3259,0.013809266002739375,0.15978830497253513,0.11511236404395903,0.7112900649807663,25,30,20
23,3260,0.013800189444182962,0.15978830498241398,0.11511237646176768,0.7112991291116351,25,30,20
23,3261,0.013791455449622174,0.1597883050221935,0.11526661023738492,0.7111536292907994,25,30,20
23,3262,0.01378710560861245,0.15979252370659072,0.11526674076049277,0.7111536299243042,25,30,20
23,3263,0.013791808315678231,0.1515669696491126,0.12348759291229301,0.7111536291229159,25,30,20
23,3264,0.013777336791864764,0.1515669696401537,0.12348743958975833,0.7111682539782226,25,30,20
23,3265,0.013748009314727668,0.1515669691090779,0.12348595076116652,0.7111990708150283,25,30,20
23,3266,0.013747823102254492,0.15156696908500134,0.12348586291207714,0.7111993449006674,25,30,20
23,3267,0.013738572881433103,0.15156696908485776,0.12348586326747338,0.7112085947662362,25,30,20
23,3268,0.01374782836842637,0.15156696908492714,0.12348586758893867,0.7111993349577084,25,30,20
23,3269,0.013739095810330866,0.15156696909524903,0.12348593363436519,0.7112080014600555,25,30,20
23,3270,0.013748770415275469,0.1515572162965154,0.12348601213889082,0.7112080011493191,25,30,20
23,3271,0.013827371873690486,0.15155721597794578,0.12340745473208853,0.7112079574162756,25,30,20
23,3272,0.013770760020784853,0.15152035122604648,0.12350093376699409,0.7112079549861764,25,30,20
23,3273,0.013784873330436754,0.1597270896705068,0.11528008122307261,0.711207955775985,25,30,20
23,3274,0.013780068364087803,0.15972708965739046,0.1152772633299815,0.7112155786485412,25,30,20
23,3275,0.013770682421159,0.15972708966614235,0.11526714993034297,0.711235077982357,25,30,20
23,3276,0.013766085188666672,0.15972708969549287,0.11472575744694014,0.7117810676689019,25,30,20
23,3277,0.03758622949581086,0.15972712362240704,0.09090550182911665,0.7117811450526687,25,30,20
23,3278,0.037562439681102185,0.15973906464684076,0.09091735154637708,0.7117811441256832,25,30,20
23,3279,0.03816494775060352,0.15973906578769909,0.09093083127211335,0.7111651551895875,25,30,20
23,3280,0.03815503558895489,0.1597390657689575,0.0909307437040053,0.7111751549380857,25,30,20
23,3281,0.0381457904786094,0.15973906576904914,0.0909307440671185,0.7111843996852262,25,30,20
23,3282,0.03815017339065904,0.1597390657480306,0.09077664902197043,0.7113341118393427,25,30,20
23,3283,0.038461284915275375,0.15973905467728758,0.09046554720346822,0.7113341132039718,25,30,20
23,3284,0.038460669271197935,0.1597390546353089,0.09046527571690709,0.7113350003765888,25,30,20
23,3285,0.03847017299174852,0.15973905464045207,0.0904653070630165,0.7113254653047855,25,30,20
23,3286,0.038479345802078235,0.15973011553978972,0.09046507336451304,0.7113254652936214,25,30,20
23,3287,0.03852728023410855,0.1597301155872136,0.09046538095465709,0.7112772232240232,25,30,20
23,3288,0.03853693679400688,0.15973011559657446,0.09046541194430771,0.7112675356651134,25,30,20
23,3289,0.038541923735780255,0.15973011562054848,0.09046558316640702,0.7112623774772667,25,30,20
23,3290,0.03853225956255806,0.1597301156108491,0.09046554925783351,0.7112720755687618,25,30,20
23,3291,0.038546506563029465,0.15971341866701594,0.09046799727575695,0.7112720774942002,25,30,20
23,3292,0.03854152715077934,0.15971341864321129,0.09046783109259465,0.7112772231134172,25,30,20
23,3293,0.038551223227077054,0.15971341863409402,0.09046790214837622,0.711267455990455,25,30,20
23,3294,0.03854127572889412,0.15971341861094807,0.09046765746618805,0.7112776481939721,25,30,20
23,3295,0.03855060548239071,0.15971341860157104,0.09046762553106744,0.7112683503849734,25,30,20
23,3296,0.03854085377881174,0.1597229798013069,0.09046781603535725,0.7112683503845267,25,30,20
23,3297,0.03849727662126123,0.15972297973545393,0.09046737207128079,0.7113123715720066,25,30,20
23,3298,0.03873337708106136,0.15972298093729512,0.0902312669265288,0.7113123750551176,25,30,20
23,3299,0.03873975334127307,0.15972298150109634,0.09023371268026148,0.711303552477372,25,30,20
23,3300,0.03873966648769547,0.159722981510461,0.09023373669820135,0.711303615303645,25,30,20
23,3301,0.03877598934530089,0.15967013924453974,0.09025014589882362,0.7113037255113386,25,30,20
23,3302,0.03878548853237879,0.1596701392634532,0.09025025615648871,0.7112941160476822,25,30,20
23,3303,0.038794992119999344,0.15967013929199242,0.09025042937194995,0.7112844392160611,25,30,20
23,3304,0.03823605088000713,0.15967013820766376,0.0902374852873826,0.7118563256249488,25,30,20
23,3305,0.03824439517579191,0.15967013766724394,0.0902352083305174,0.711850258826449,25,30,20
23,3306,0.03823497608600669,0.1596701376436788,0.09023506530259005,0.7118598209677269,25,30,20
23,3307,0.03792348782241567,0.15967014931734705,0.09054654328344407,0.7118598195767958,25,30,20
23,3308,0.03791884383117806,0.15967014930772117,0.09054642275791873,0.7118645841031848,25,30,20
23,3309,0.037918663654913344,0.15967014930300097,0.09054635771044223,0.7118648293316461,25,30,20
23,3310,0.037924532632779104,0.15967014934961046,0.09054675364303531,0.7118585643745774,25,30,20
23,3311,0.03793326201449151,0.1596701493394516,0.0905466854152622,0.7118499032307966,25,30,20
23,3312,0.037924021854514246,0.15967014933938914,0.09054668542430129,0.7118591433817972,25,30,20
23,3313,0.03790972591366339,0.15967014930662807,0.09054652986552622,0.7118735949141844,25,30,20
23,3314,0.03787959094486303,0.15967264306256918,0.09057417858578268,0.7118735874067874,25,30,20
23,3315,0.03783645569662249,0.15967264300189485,0.09057360781970263,0.7119172934817826,25,30,20
23,3316,0.037846163383462,0.15967264326310993,0.09056389856240277,0.7119172947910279,25,30,20
23,3317,0.0378555002498303,0.159672643249253,0.09056655425659342,0.7119053022443258,25,30,20
23,3318,0.0378943620919248,0.15967264326945807,0.09056858588604984,0.7118644087525701,25,30,20
23,3319,0.03790387099399534,0.1596726432698573,0.09056859136836459,0.7118548943677854,25,30,20
23,3320,0.03790428948355452,0.15967264327924663,0.09056862633747563,0.7118544408997256,25,30,20
23,3321,0.03789444695280515,0.15967264328845313,0.09057132524911299,0.7118615845096311,25,30,20
23,3322,0.037917933336228615,0.15967264329800812,0.09057935021551727,0.7118300731502484,25,30,20
23,3323,0.03794461787277808,0.15967263602393392,0.09055267190002385,0.7118300742032667,25,30,20
23,3324,0.0379539443206428,0.15967263602888782,0.09055270299053611,0.7118207166599356,25,30,20
23,3325,0.0379491378061298,0.15967263602007728,0.09055255646029962,0.7118256697134951,25,30,20
23,3326,0.03794905341407319,0.15967263601526618,0.09055270671121596,0.7118256038594466,25,30,20
23,3327,0.037876840479675454,0.15967263592146824,0.09723424667071949,0.7052162769281373,25,30,20
23,3328,0.03786767688998152,0.1596726359265407,0.09723432670118463,0.7052253604822935,25,30,20
23,3329,0.037861640386099495,0.1596726358840786,0.09723393057854661,0.7052317931512755,25,30,20
23,3330,0.037834653110099384,0.15971619932759365,0.09721746430735441,0.7052316832549529,25,30,20
23,3331,0.03959209196728186,0.1597162018593637,0.09016411900775517,0.7105275871655996,25,30,20
23,3332,0.037844137055630896,0.15971619933207212,0.0901346582891217,0.7123050053231756,25,30,20
23,3333,0.037844227534505316,0.1597161993460986,0.09028876629544634,0.7121508068239502,25,30,20
23,3334,0.03785962172190885,0.15971619939349568,0.09028913372650489,0.7121350451580909,25,30,20
23,3335,0.037859535594254055,0.1597161993885211,0.09028910126308903,0.7121351637541362,25,30,20
23,3336,0.037869656775417024,0.15971766470689452,0.09027751351920836,0.7121351649984808,25,30,20
23,3337,0.03786940731266042,0.15971766469718912,0.09027743209387326,0.7121354958962779,25,30,20
23,3338,0.03786914018165568,0.1597176646968449,0.09027740261545823,0.7121357925060421,25,30,20
23,3339,0.037859552972809844,0.1597176647156898,0.09027741906502651,0.7121453632464748,25,30,20
23,3340,0.0378594563020276,0.1597176647013258,0.09012331149263295,0.7122995675040147,25,30,20
23,3341,0.039056370715813374,0.148816516155066,0.09982751926488087,0.7122995938642402,25,30,20
23,3342,0.03905627475949358,0.14881651614062477,0.0998274768550885,0.7122997322447939,25,30,20
23,3343,0.03903732749456815,0.14883785644742312,0.09982508511697077,0.7122997309410384,25,30,20
23,3344,0.03903820661076227,0.14883785650402692,0.09982547840492188,0.7122984584802894,25,30,20
23,3345,0.039028963232104766,0.14883785650445083,0.0998254787372003,0.7123077015262447,25,30,20
23,3346,0.03904325110312769,0.1488378565230885,0.09314324410859492,0.7189756482651896,25,30,20
23,3347,0.03903826872869842,0.14884298525515205,0.09314309806727623,0.718975647948874,25,30,20
23,3348,0.03903273658800363,0.14884298523553852,0.09314312643005979,0.7189811517463987,25,30,20
23,3349,0.03903194774206102,0.14884298519794995,0.09314267078541234,0.7189823962745774,25,30,20
23,3350,0.03903785012312136,0.1488429871372895,0.09314547518930497,0.7189736875502849,25,30,20
23,3351,0.03904701698467047,0.14884298713239408,0.09314273253743649,0.7189672633454997,25,30,20
23,3352,0.03904240500613716,0.14884298714590885,0.09314279099685056,0.718971816851104,25,30,20
23,3353,0.03901913216533901,0.14884298715190908,0.09314273524315915,0.7189951454395931,25,30,20
23,3354,0.03904275366658775,0.14884298716075617,0.09314280950730178,0.7189714496653546,25,30,20
23,3355,0.03903262358568485,0.14884298710408086,0.09314241732188357,0.718981971988351,25,30,20
23,3356,0.038803895414545736,0.14884298983475122,0.0901705319794183,0.7221825827712864,25,30,20
23,3357,0.03882762219311695,0.1488429898676009,0.0901707538915678,0.722158634047716,25,30,20
23,3358,0.03881197138555373,0.1488429879282574,0.09016795083650882,0.7221770898496819,25,30,20
23,3359,0.038785112353466496,0.14884298300167362,0.09019481677901407,0.7221770878658462,25,30,20
23,3360,0.03878519666093178,0.14884298300639845,0.09019466502256508,0.7221771553101057,25,30,20
23,3361,0.038785194681583965,0.1488429830010784,0.09019466456322599,0.7221771577541124,25,30,20
23,3362,0.03881086414345678,0.1488429835887362,0.09019729858139466,0.7221488536864132,25,30,20
23,3363,0.03879205507792725,0.14884298358447648,0.09019727897521541,0.7221676823623817,25,30,20
23,3364,0.03965605416709664,0.14884298521129588,0.09020715196757921,0.721293808654029,25,30,20
23,3365,0.03970464654172861,0.1488429852703369,0.09020755624372281,0.7212448119442127,25,30,20
23,3366,0.03971831973776745,0.14882952798238647,0.09020734095307908,0.7212448113267679,25,30,20
23,3367,0.03971806642081886,0.14882952797715207,0.09020730802794627,0.7212450975740837,25,30,20
23,3368,0.03966475638043131,0.14882952790955994,0.09020682896562099,0.7212988867443887,25,30,20
23,3369,0.03967391711129626,0.14882952790466,0.09020697780515047,0.7212895771788941,25,30,20
23,3370,0.04051644193893519,0.1488295295579065,0.09041298077562551,0.7202410477275336,25,30,20
23,3371,0.04052645828242198,0.14882952954856207,0.09041299621464408,0.7202310159543727,25,30,20
23,3372,0.04053587470636755,0.14882952954365886,0.09041306047305285,0.7202215352769217,25,30,20
23,3373,0.03929539782593901,0.15910698440725976,0.08137611075943267,0.7202215070073689,25,30,20
23,3374,0.039285718276453246,0.15910698441141485,0.08137608452197703,0.720231212790155,25,30,20
23,3375,0.03958634506155359,0.15910698580727628,0.08138413099151895,0.7199225381396512,25,30,20
23,3376,0.007379181901625644,0.159104457547194,0.11359389040783646,0.7199224701433442,25,30,20
23,3377,0.007379196662705274,0.159104457561806,0.11359388928958039,0.7199224564859087,25,30,20
23,3378,0.007383549469308231,0.15910445754329308,0.11359375200855816,0.7199182409788407,25,30,20
23,3379,0.007399123399734647,0.15908806411909152,0.11359457177085588,0.7199182407103184,25,30,20
23,3380,0.007384650442967904,0.1590880640862361,0.11359435106330039,0.7199329344074957,25,30,20
23,3381,0.00954998715729721,0.15908806556973465,0.1134993222061143,0.717862625066855,25,30,20
23,3382,0.009550007542905645,0.15908806557008728,0.11349914832064002,0.7178627785663682,25,30,20
23,3383,0.009847038398583257,0.15908806561814,0.11350326523473696,0.717561630748541,25,30,20
23,3384,0.0059644065372941,0.15908806545770207,0.11738590228037754,0.7175616257246272,25,30,20
23,3385,0.005439714600303228,0.1590880649602126,0.11738445361965459,0.7180877668198304,25,30,20
23,3386,0.0059159354510827334,0.1590909146929289,0.11690524820611836,0.718087901649871,25,30,20
23,3387,0.005581254778883731,0.15909091329047795,0.11689527749245154,0.7184325544381878,25,30,20
23,3388,0.005581270714355297,0.15909091328609876,0.11689827823061064,0.718429537768936,25,30,20
23,3389,0.0055805780822031385,0.1590909132902974,0.11689823196886293,0.7184302766586377,25,30,20
23,3390,0.0055808188763320134,0.1590909132904498,0.11689554352032032,0.7184327243128991,25,30,20
23,3391,0.005580825082825982,0.15909091329510802,0.11689557159482307,0.7184326900272441,25,30,20
23,3392,0.005590055678722989,0.15909091329955824,0.11689257248385636,0.7184264585378637,25,30,20
23,3393,0.005249972798071227,0.15909091214558693,0.11688416943880943,0.7187749456175336,25,30,20
23,3394,0.005270098977763215,0.1590909121706059,0.11688601881562219,0.7187529700360098,25,30,20
23,3395,0.0052701677300545716,0.15909091217514132,0.11688604660659406,0.7187528734882112,25,30,20
23,3396,0.0052545849117685665,0.15909562742814623,0.11689691422021736,0.7187528734398689,25,30,20
23,3397,0.005240129717555766,0.15911006234917016,0.11689693510915307,0.7187528728241219,25,30,20
23,3398,0.0052307156879988215,0.1591100623491728,0.1168969326091023,0.718762289353727,25,30,20
23,3399,0.007596487233889582,0.15911006344693393,0.11691165681218182,0.7163817925069954,25,30,20
23,3400,0.0073094862904023415,0.15911006339959172,0.1169076377394796,0.7166728125705271,25,30,20
23,3401,0.007323787317088032,0.15911006340332504,0.11690778074744826,0.7166583685321393,25,30,20
23,3402,0.0073283788817472975,0.1591100633893433,0.11690766721323927,0.7166538905156709,25,30,20
23,3403,0.0073191138331413505,0.15911953051317979,0.11690746484907541,0.7166538908046042,25,30,20
23,3404,0.0073194648621645216,0.1591195305038283,0.11690758423852704,0.7166534203954806,25,30,20
23,3405,0.007328714275643023,0.15911029164407084,0.11690757398542258,0.7166534200948641,25,30,20
23,3406,0.007328714200331475,0.15911029164399088,0.11690770880325362,0.7166532853524246,25,30,20
23,3407,0.007328717190795472,0.1591102916292823,0.11690770583254556,0.7166532853473773,25,30,20
23,3408,0.00732880063192951,0.15911029162935747,0.11690773046535502,0.7166531772733582,25,30,20
23,3409,0.0073288786596542145,0.15911029161990675,0.11690756173565449,0.7166532679847846,25,30,20
23,3410,0.007329042914162786,0.15977374049383353,0.11624394890812702,0.7166532676838767,25,30,20
23,3411,0.007319882265189798,0.1597737404988153,0.1162439756741808,0.7166624015618142,25,30,20
23,3412,0.007310306570706475,0.1597737404898543,0.11624397539917762,0.7166719775402618,25,30,20
23,3413,0.007325775329969203,0.15977374052887924,0.11623631013302538,0.7166641740081258,25,30,20
23,3414,0.00732602517949366,0.15977374054313875,0.1162397458016425,0.7166604884757248,25,30,20
23,3415,0.007316355887347286,0.1597737405473166,0.1250363575214223,0.7078735460439128,25,30,20
23,3416,0.007306953309400991,0.15977374054789295,0.12503641125583062,0.7078828948868745,25,30,20
23,3417,0.0073077436567429745,0.15977250629706788,0.12503685391530267,0.7078828961308856,25,30,20
23,3418,0.009673526413974119,0.15977250737547763,0.12505266795144634,0.7055012982591015,25,30,20
23,3419,0.009677883222266117,0.15977250735222498,0.12505251208315538,0.7054970973423536,25,30,20
23,3420,0.010819546613567323,0.15976965887620223,0.12391379140380505,0.7054970031064256,25,30,20
23,3421,0.010819195688912552,0.1597696588856428,0.12391367444310138,0.7054974709823432,25,30,20
23,3422,0.010819270679959374,0.159769658895114,0.12391379511590875,0.7054972753090176,25,30,20
23,3423,0.010809323109672002,0.15976965889898337,0.1239163885436526,0.7055046294476917,25,30,20
23,3424,0.010809330756815162,0.15976965891335684,0.12391647455344311,0.7055045357763845,25,30,20
23,3425,0.010809662574345702,0.15976965890397746,0.12391646460734915,0.7055042139143274,25,30,20
23,3426,0.010824700851825061,0.15976965894235134,0.1239175643193076,0.7054880758865157,25,30,20
23,3427,0.010815534300205425,0.1597696589473274,0.12391759184843734,0.7054972149040298,25,30,20
23,3428,0.010806904831133448,0.15976967074998086,0.12392620898235973,0.7054972154365265,25,30,20
23,3429,0.010801032949619871,0.15976967070620762,0.12392493760947464,0.7055043587346985,25,30,20
23,3430,0.00994934450433241,0.15976966905769796,0.12371896686061701,0.7065620195773533,25,30,20
23,3431,0.009988223867967166,0.15972767671432572,0.1237220608321984,0.7065620385855098,25,30,20
23,3432,0.0100119353138471,0.15972767673264307,0.12371948123146145,0.7065409067220494,25,30,20
23,3433,0.009973319635351119,0.15976525766867541,0.12372053528193656,0.706540887414038,25,30,20
23,3434,0.009974589866045163,0.15976525769358466,0.12372082776576879,0.7065393246746026,25,30,20
23,3435,0.00760455581133983,0.15976525661931443,0.12370645190111919,0.7089237356682279,25,30,20
23,3436,0.007604332920056561,0.15976524501265443,0.12370668731469926,0.7089237347525911,25,30,20
23,3437,0.007605083136679599,0.15980261223028364,0.12366856983810916,0.7089237347949289,25,30,20
23,3438,0.007610068670179303,0.15980261225906822,0.11487218213316146,0.7177151369375914,25,30,20
23,3439,0.007619145177795724,0.15980261224952416,0.11486862943950045,0.7177096131331795,25,30,20
23,3440,0.007653986370260336,0.15980261228887793,0.11486897835102226,0.7176744229898392,25,30,20
23,3441,0.007652729899545196,0.15976524489690447,0.11490760223497146,0.7176744229685786,25,30,20
23,3442,0.008508463777239298,0.15976524546308124,0.11491739444379952,0.7168088963158793,25,30,20
23,3443,0.008508133462673302,0.15976524547271073,0.11491740354866169,0.7168092175159536,25,30,20
23,3444,0.008558068719446092,0.15976524597145897,0.12353367600293723,0.7081430093061578,25,30,20
23,3445,0.009436670307447001,0.15976524709966802,0.1235420963407678,0.7072559862521177,25,30,20
23,3446,0.009422864324555268,0.1597652470819866,0.12354194038994891,0.7072699482035094,25,30,20
23,3447,0.009422778953448703,0.15976595444868966,0.12354131839849761,0.707269948199364,25,30,20
23,3448,0.009422693069885042,0.15976595444363975,0.12354128766030463,0.7072700648261704,25,30,20
23,3449,0.009409259687674702,0.1597659550356992,0.1235508095506445,0.7072739757259812,25,30,20
23,3450,0.009414046803834458,0.15976595501729843,0.12355062461162991,0.7072693735672373,25,30,20
23,3451,0.00853519751116312,0.15976595388004194,0.12354217273824805,0.7081566758705469,25,30,20
23,3452,0.008525615721110574,0.15976772756420898,0.12354998081338132,0.7081566759012992,25,30,20
23,3453,0.008515846222428064,0.1597677275541394,0.12354991952320488,0.7081665067002276,25,30,20
23,3454,0.008511672459470463,0.15978359818952048,0.1235382210730505,0.7081665082779588,25,30,20
23,3455,0.008516025579002629,0.1597835981709228,0.12353790197087086,0.7081624742792043,25,30,20
23,3456,0.007621345432255658,0.159783597556342,0.12352774938120394,0.7090673076301991,25,30,20
23,3457,0.008081051578746105,0.1597828965401021,0.12306872474106392,0.7090673271400888,25,30,20
23,3458,0.008153020455196553,0.15978289665230885,0.12306945527535794,0.7089946276171378,25,30,20
23,3459,0.008143683232316956,0.15978289664734663,0.12306948708456295,0.7090039330357746,25,30,20
23,3460,0.008420579316415147,0.15978289669902343,0.12307197665849873,0.7087245473260634,25,30,20
23,3461,0.008412434644857974,0.15978289671145995,0.12351553297793466,0.7082891356657481,25,30,20
23,3462,0.008416609845138357,0.15977568384658292,0.12351857191340875,0.7082891343948706,25,30,20
23,3463,0.008415853006616448,0.15977568325118527,0.12350914708038979,0.7082993166618091,25,30,20
23,3464,0.008426642461097143,0.15977568329299977,0.12350945539952508,0.7082882188463782,25,30,20
23,3465,0.00840105268960609,0.15977568325380564,0.12350910739242582,0.7083141566641629,25,30,20
23,3466,0.008425026151965059,0.1597756832567907,0.1230663113423449,0.7087329792488998,25,30,20
23,3467,0.008425276623063782,0.1597783652926679,0.12306337737596984,0.7087329807082989,25,30,20
23,3468,0.008463276117888458,0.1597441860830021,0.12305955583752815,0.7087329819615817,25,30,20
23,3469,0.008382082765596863,0.1597441868036848,0.12305903583987364,0.7088146945908451,25,30,20
23,3470,0.008381827454045265,0.15974418678010638,0.12305915947487385,0.708814826290975,25,30,20
23,3471,0.008381917696495154,0.15974418678972852,0.12305915499998638,0.7088147405137907,25,30,20
23,3472,0.008331982276539323,0.15974418629048467,0.11444292626661301,0.7174809051663632,25,30,20
23,3473,0.008321192872589762,0.15974418624908243,0.11444262219246079,0.7174919986858673,25,30,20
23,3474,0.008321608911920037,0.15974418622996023,0.11444244615538256,0.7174917587027374,25,30,20
23,3475,0.008341972405976927,0.15974418683059904,0.1146025246727574,0.7173113160906668,25,30,20
23,3476,0.008677097957842163,0.1597441885238812,0.1146146219312347,0.716964091587042,25,30,20
23,3477,0.008691570247620926,0.15974418853757946,0.11461476927511796,0.7169494719396815,25,30,20
23,3478,0.008682163108510195,0.1597441888340044,0.11461493883702234,0.716958709220463,25,30,20
23,3479,0.008692252977848886,0.1597441888342415,0.11461496254594601,0.7169485956419634,25,30,20
23,3480,0.008258329260675506,0.15974484004529618,0.11504824028917288,0.7169485904048559,25,30,20
23,3481,0.008258746116073272,0.15974440966066575,0.11504825384290004,0.7169485903803613,25,30,20
23,3482,0.008258158597493771,0.15974440966997347,0.11505816793762647,0.7169392637949068,25,30,20
23,3483,0.008229367283131596,0.15976505091050952,0.1150663192481299,0.7169392625582295,25,30,20
23,3484,0.008286206657630463,0.15976505095638027,0.11506657767700165,0.7168821647089878,25,30,20
23,3485,0.010417167676231602,0.159767541481545,0.1129242241547696,0.7168910666874543,25,30,20
23,3486,0.010446091493818336,0.15976754151394462,0.11291433099914344,0.716872035993094,25,30,20
23,3487,0.010173040493171798,0.1597675414608747,0.1129101614333837,0.7171492566125701,25,30,20
23,3488,0.01020127154716717,0.15973024158545376,0.11291922993482918,0.7171492569325503,25,30,20
23,3489,0.010172684881288892,0.15973024154359033,0.11291896950033893,0.7171781040747822,25,30,20
23,3490,0.010524063988390573,0.15972998716554485,0.11256782634144102,0.7171781225046234,25,30,20
23,3491,0.01053348387361823,0.1597324681688363,0.11255592545903653,0.717178122498509,25,30,20
23,3492,0.010542977673698052,0.15973246816841694,0.11255589502403497,0.7171686591338498,25,30,20
23,3493,0.010543315817119293,0.15973246818717804,0.11255598543050446,0.7171682305651979,25,30,20
23,3494,0.010505238147245733,0.159779623949282,0.11254690886896337,0.7171682290345086,25,30,20
23,3495,0.010481766571181262,0.15977962394057246,0.11254678193735859,0.7171918275508874,25,30,20
23,3496,0.01049169901616533,0.15977962393617268,0.112546832595677,0.7171818444519849,25,30,20
23,3497,0.010505918189353241,0.15976541737320216,0.11254682113556516,0.717181843301879,25,30,20
23,3498,0.01084046405523937,0.15976501505014623,0.1122127052543412,0.7171818156402726,25,30,20
23,3499,0.01087847429921659,0.15976501507781798,0.11221294726988756,0.7171435633530774,25,30,20
23,3500,0.010907061078567107,0.15976501511951227,0.11221319715237016,0.71711472664955,25,30,20
23,3501,0.01089139772189109,0.15976501509928354,0.11221243113131996,0.717131156047505,25,30,20
23,3502,0.010333641810400302,0.15976502579842766,0.11277016962804978,0.7171311627631215,25,30,20
23,3503,0.010343688751645487,0.15976502583299426,0.11277108548666095,0.717120199928699,25,30,20
23,3504,0.010276579896353544,0.15976502576719823,0.1127706220894256,0.7171877722470228,25,30,20
23,3505,0.010267339538343611,0.15976502578171461,0.11277068147122282,0.717196953208719,25,30,20
23,3506,0.010247016566024076,0.15976502517757787,0.11261333292901295,0.7173746253273854,25,30,20
23,3507,0.010237599446244644,0.15976502516804542,0.11261332744652015,0.71738404793919,25,30,20
23,3508,0.010236816078883125,0.1597650243346578,0.11261308757735215,0.7173850720091067,25,30,20
23,3509,0.010227402394661373,0.15976502433940648,0.11261312993828382,0.7173944433276482,25,30,20
23,3510,0.010236528790897887,0.1597650243573534,0.11261035160641863,0.71738809524533,25,30,20
23,3511,0.009910818502650272,0.15976502265966006,0.11259825281199552,0.7177259060256941,25,30,20
23,3512,0.007535617821090239,0.1597650215673882,0.11258235652524202,0.7201170040862794,25,30,20
23,3513,0.007500959488801733,0.15976502099900466,0.11257983832552686,0.7201541811866662,25,30,20
23,3514,0.007525005752902745,0.15976502101748788,0.11257997315497567,0.7201300000746332,25,30,20
23,3515,0.007577902721653326,0.15976502108762292,0.112580420292021,0.7200766558987022,25,30,20
23,3516,0.0075872411074476365,0.1597650210968998,0.1125804410028882,0.7200672967927639,25,30,20
23,3517,0.007558312386780125,0.15976502106432053,0.1125801976193263,0.7200964689295725,25,30,20
23,3518,0.007557624988171842,0.15976502106871476,0.1125801481455946,0.7200972057975181,25,30,20
23,3519,0.007566789965993499,0.15976502105932894,0.11258006104171325,0.7200881279329642,25,30,20
23,3520,0.007575944377406793,0.15976502103566095,0.11258000645994175,0.72007902812699,25,30,20
23,3521,0.007585450836367898,0.15976502078070345,0.1125800565285488,0.7200694718543795,25,30,20
23,3522,0.007595823166918014,0.15976502079575705,0.11258025235940622,0.7200589036779178,25,30,20
23,3523,0.00788367254802791,0.15976502083871844,0.11258422470782817,0.7197670819054247,25,30,20
23,3524,0.007830855691806658,0.15976502077291166,0.11258375354284292,0.7198203699924379,25,30,20
23,3525,0.007825801564147332,0.1597650207590662,0.11258364500154214,0.7198255326752435,25,30,20
23,3526,0.007816394476749667,0.15976502075939636,0.11258369909367931,0.7198348856701737,25,30,20
23,3527,0.007826494870665598,0.15976502079336377,0.11258388934326641,0.7198245949927039,25,30,20
23,3528,0.007807421524328264,0.15976502078360652,0.11258393013165229,0.7198436275604125,25,30,20
23,3529,0.0075100714105970435,0.1597650207311924,0.11257992844574032,0.7201449794124699,25,30,20
23,3530,0.007510238287694959,0.15976502072621734,0.11257992158766549,0.7201448193984216,25,30,20
23,3531,0.007499963186242109,0.15976502067789197,0.11257964213425543,0.7201553740016098,25,30,20
23,3532,0.00987228884912904,0.15976268449046202,0.10855304188412637,0.7218119847762814,25,30,20
23,3533,0.01074649997791377,0.15976268614652933,0.10856415473422544,0.7209266591413307,25,30,20
23,3534,0.01075139366076641,0.15976268616520112,0.10856429481322158,0.7209216253608101,25,30,20
23,3535,0.010751654713333964,0.15976237892667633,0.10856434098811482,0.7209216253718741,25,30,20
23,3536,0.010751909698803533,0.15976237892684073,0.10856430370798535,0.72092140766637,25,30,20
23,3537,0.04577533219341093,0.15976262558388657,0.07353849292904188,0.720923549293661,25,30,20
23,3538,0.04577052426023919,0.15976262557026466,0.07353838361307997,0.7209284665564165,25,30,20
23,3539,0.04579962322751572,0.15973337635991364,0.07353853259138275,0.7209284678211881,25,30,20
23,3540,0.04579936369493645,0.15973337635967058,0.07353850602438086,0.7209287539210123,25,30,20
23,3541,0.04581526628981131,0.15971410895624458,0.0735418695524865,0.7209287552014575,25,30,20
23,3542,0.04916868502668138,0.15971610061471084,0.07018665663418433,0.7209285577244233,25,30,20
23,3543,0.04917836115329641,0.15971610061006777,0.07018670508412148,0.7209188331525143,25,30,20
23,3544,0.049178195604344194,0.15971610061463126,0.07018670721562474,0.7209189965653995,25,30,20
23,3545,0.04917819399634861,0.15971610061470576,0.07018670840906528,0.7209189969798799,25,30,20
23,3546,0.049178276465383516,0.15971610060550323,0.07018667704456712,0.720918945884546,25,30,20
23,3547,0.05001800515162544,0.15886001039244407,0.0702030014885849,0.7209189829673455,25,30,20
23,3548,0.05001826302012362,0.15886001039253453,0.07020302718187744,0.7209186994054643,25,30,20
23,3549,0.044876164396952536,0.15885985673677924,0.07701067751026414,0.7192533013560033,25,30,20
23,3550,0.042620302577005977,0.1588598591258502,0.08039758399813367,0.7181222542990119,25,30,20
23,3551,0.04256748899192836,0.15891312498408777,0.08039713360576842,0.7181222524182167,25,30,20
23,3552,0.04257227078504938,0.15891312497594126,0.08039695505070713,0.718117649188304,25,30,20
23,3553,0.0417164618858957,0.15977702123179957,0.08038890607908679,0.7181176108032199,25,30,20
23,3554,0.04170746872451768,0.15977702123696377,0.08038893831311894,0.7181265717254013,25,30,20
23,3555,0.04169833136689678,0.15977702124213383,0.0803890808780908,0.7181355665128799,25,30,20
23,3556,0.04169798947944003,0.15977702125149446,0.0803890632443228,0.7181359260247439,25,30,20
23,3557,0.04170765631254227,0.15977702126085735,0.08039259225050728,0.7181227301760943,25,30,20
23,3558,0.04170807678230232,0.1597770212323837,0.08039263481796724,0.7181222671673485,25,30,20
23,3559,0.04176155232396016,0.15977702128551338,0.08039303236723687,0.718068394023291,25,30,20
23,3560,0.04176103333107751,0.15977761578507357,0.0803929568718668,0.7180683940119837,25,30,20
23,3561,0.04208661858889445,0.1597776185426534,0.080404439974782,0.7177313228936717,25,30,20
23,3562,0.04206248255139476,0.15977761851946753,0.08040956487391196,0.7177503340552279,25,30,20
23,3563,0.04207589093252118,0.15977761849857322,0.0804087573195092,0.7177377332493979,25,30,20
23,3564,0.042074840699670955,0.15977761848791217,0.08040853452647247,0.7177390062859454,25,30,20
23,3565,0.042103860165165485,0.15977761852538067,0.0804088121605137,0.7177097091489412,25,30,20
23,3566,0.04272047137380627,0.1597776196571679,0.08042035346624857,0.7170815555027784,25,30,20
23,3567,0.04270600185041801,0.15977761963841222,0.08042021323862443,0.7170961652725465,25,30,20
23,3568,0.0435707636987237,0.1597776132355454,0.07955539975130561,0.7170962233144235,25,30,20
23,3569,0.043533011296657806,0.1597776132130344,0.07955519432855698,0.7171341811617485,25,30,20
23,3570,0.04350441442540465,0.1597776131714096,0.07956275824603827,0.7171552141571453,25,30,20
23,3571,0.043495327432205626,0.15977761316660483,0.07956272870007246,0.7171643307011151,25,30,20
23,3572,0.043495070594206965,0.15977761316146874,0.07955919850829778,0.7171681177360243,25,30,20
23,3573,0.04290193539676308,0.15977761203830035,0.07954778399749139,0.7177726685674434,25,30,20
23,3574,0.04291769809322866,0.1597776131598999,0.07954580767880338,0.7177588810680662,25,30,20
23,3575,0.042908032410680266,0.1597776131501869,0.07954583017118337,0.7177685242679481,25,30,20
23,3576,0.04290777513581791,0.1597776131504361,0.07954595491128252,0.717768656802462,25,30,20
23,3577,0.04292282089994787,0.15977761318441172,0.07954613856206495,0.717753427353574,25,30,20
23,3578,0.042932234532881974,0.15976819321600216,0.0795461448974247,0.7177534273536899,25,30,20
23,3579,0.042936497074214014,0.1597681931924282,0.07954597838436142,0.7177493313489954,25,30,20
23,3580,0.04293692354886338,0.15976819318803318,0.0795459997939359,0.7177488834691665,25,30,20
23,3581,0.042967807482615535,0.15976820225876007,0.07951515700488286,0.7177488332537412,25,30,20
23,3582,0.04298223631049411,0.15924282972434858,0.08002609956315039,0.7177488344020078,25,30,20
23,3583,0.04296719035969497,0.15924282969037132,0.08002596055727194,0.7177640193926628,25,30,20
23,3584,0.042971827066798376,0.1592428296997429,0.08002606721660566,0.7177592760168541,25,30,20
23,3585,0.06361691736894005,0.159243546388694,0.059379436567079995,0.7177600996752855,25,30,20
23,3586,0.06361690735477793,0.15924354638876248,0.059379407265173816,0.7177601389912849,25,30,20
23,3587,0.06360107795727844,0.1592435452770996,0.059527609451252725,0.7176277673143684,25,30,20
23,3588,0.06362607418114893,0.1592435458546479,0.05952960392219335,0.717600776042009,25,30,20
23,3589,0.06362607418051323,0.15924354585464784,0.059529604703023355,0.7176007752618146,25,30,20
23,3590,0.06363540631555796,0.15924601073103567,0.059517806757651594,0.7176007761957535,25,30,20
23,3591,0.06363540627401755,0.15924601073103817,0.059517802892615525,0.7176007801023276,25,30,20
23,3592,0.0650212513437724,0.159243762060233,0.05813612105839048,0.7175988655376031,25,30,20
23,3593,0.06497719344165122,0.15924376200709708,0.05813572507246834,0.7176433194787822,25,30,20
23,3594,0.06497746371334519,0.15924376201274323,0.058135758862505424,0.717643015411405,25,30,20
23,3595,0.06497729498672875,0.15924376202178886,0.05812789917389113,0.7176510438175902,25,30,20
23,3596,0.06498226380950256,0.1592437620400522,0.058128006906579814,0.7176459672438645,25,30,20
23,3597,0.06497729000433367,0.15924376202637802,0.058128025141327894,0.7176509228279595,25,30,20
23,3598,0.06499150231945226,0.15924376203442894,0.05812814902659585,0.7176365866195219,25,30,20
23,3599,0.06585098976088646,0.15924376393521542,0.05814046080476741,0.7167647854991297,25,30,20
23,3600,0.10406424275998429,0.1592442885307506,0.019926729266821826,0.7167647394424428,25,30,20
23,3601,0.10407862438602213,0.15923003029701577,0.019926605859071314,0.7167647394578903,25,30,20
23,3602,0.10320432814598425,0.15923002864111416,0.019915468874831564,0.7176501743380697,25,30,20
23,3603,0.10318984550896017,0.15923002862734006,0.019915266243899842,0.7176648596197995,25,30,20
23,3604,0.10321886630827111,0.15923002866489366,0.01991568449631963,0.7176354205305151,25,30,20
23,3605,0.10319497061944331,0.15923002864646882,0.019915521143374356,0.7176594795907131,25,30,20
23,3606,0.10319579495516315,0.15923002866363759,0.019915719161445886,0.717658457219753,25,30,20
23,3607,0.10318655749038898,0.15923002866372993,0.019915722138423596,0.717667691707457,25,30,20
23,3608,0.1031964153787957,0.1592300286639121,0.019915842267879454,0.7176577136894123,25,30,20
23,3609,0.1031964107580586,0.15923002866382585,0.01991584147858846,0.7176577190995266,25,30,20
23,3610,0.10319639837892103,0.159230028667905,0.019915791375548598,0.7176577815776249,25,30,20
23,3611,0.1032056464198917,0.1592300286678931,0.0199157886228979,0.7176485362893169,25,30,20
23,3612,0.10324389550963253,0.15923002871853595,0.019764688437481782,0.717761387334349,25,30,20
23,3613,0.10324423783475108,0.15923002870967035,0.01976475970964135,0.7177609737459366,25,30,20
23,3614,0.10324569893879863,0.1592300287578321,0.01976511150995317,0.7177591607934155,25,30,20
23,3615,0.10324570876919711,0.1592299058518531,0.019765224569518746,0.7177591608094306,25,30,20
23,3616,0.10323629753967596,0.15922990585609706,0.01976507838253303,0.7177687182216934,25,30,20
23,3617,0.10323631876057265,0.15922990587087188,0.01976517160203269,0.7177686037665224,25,30,20
23,3618,0.10323640437911473,0.15922990588032623,0.019765290125061313,0.7177683996154974,25,30,20
23,3619,0.112361171883611,0.15922920981209565,0.01064175932418891,0.717767858980104,25,30,20
23,3620,0.1115106769679431,0.15922920790605347,0.010629414494639474,0.7186307006313633,25,30,20
23,3621,0.1188246054632259,0.15922950792781468,0.0033154054159148416,0.7186304811930441,25,30,20
23,3622,0.11885936410517274,0.15922950822258786,0.0033182676744175437,0.7185928599978213,25,30,20
23,3623,0.11886159231380936,0.159229508294958,0.0033187572239860353,0.7185901421672461,25,30,20
23,3624,0.11886141710284961,0.15922660723042084,0.0033218332042481403,0.718590142462481,25,30,20
23,3625,0.11883486664434198,0.15922619382473965,0.0033432677834344944,0.7185956717474834,25,30,20
23,3626,0.11883537162311346,0.15922619383428416,0.0033431480171005295,0.7185952865255014,25,30,20
23,3627,0.11882604198885634,0.1592386734563279,0.0033399983236003772,0.7185952862312149,25,30,20
23,3628,0.11882612471072924,0.15923863553172357,0.003339953532403919,0.7185952862251428,25,30,20
23,3629,0.11884218955203217,0.15923863611404407,0.003344612438635055,0.7185745618952882,25,30,20
23,3630,0.09777837080591749,0.1592385179915255,0.024413976254238547,0.7185691349483175,25,30,20
23,3631,0.09778733958049787,0.159238517990749,0.024413835263485985,0.7185603071652658,25,30,20
23,3632,0.09778743917420828,0.15923851800510852,0.024414043798213644,0.718559999022468,25,30,20
23,3633,0.09323072203518729,0.15923827594233433,0.028934717916674364,0.7185962841058026,25,30,20
23,3634,0.0918213294258717,0.15923833782862726,0.030342626777644755,0.7185977059678548,25,30,20
23,3635,0.0917830697914642,0.15923833779133711,0.030342210916640217,0.7186363815005573,25,30,20
23,3636,0.06327055941459053,0.15923849607361354,0.05884089465801583,0.7186500498537782,25,30,20
23,3637,0.06327015484116243,0.15923849607040824,0.05884862898918775,0.7186427200992399,25,30,20
23,3638,0.06324441707429208,0.15923849547871335,0.05884393557308866,0.7186731518739041,25,30,20
23,3639,0.06324408073109891,0.15923849549696031,0.05884406024240409,0.718673363529535,25,30,20
23,3640,0.06326753895548833,0.15923849550588304,0.05883626308820082,0.7186577024504263,25,30,20
23,3641,0.06355956506548187,0.15894068514495469,0.058842045767535975,0.7186577040220264,25,30,20
23,3642,0.0635598334799317,0.15894068515030274,0.05884479360421154,0.7186546877655529,25,30,20
23,3643,0.06356419615686963,0.15894068513619805,0.05884466149314238,0.718650457213789,25,30,20
23,3644,0.06356526590670329,0.15894068516170504,0.05884496556622157,0.718649083365369,25,30,20
23,3645,0.06355610167834676,0.15894068516680254,0.058845133171074766,0.7186580799837747,25,30,20
23,3646,0.05734760134436357,0.1589448477298569,0.0648391927231827,0.7188683582025956,25,30,20
23,3647,0.05733329076169308,0.15895892298089506,0.06483942898702665,0.718868357270384,25,30,20
23,3648,0.057342512169722734,0.15895892298033337,0.06483671186469582,0.7188618529852469,25,30,20
23,3649,0.057007761922893,0.15895892023221886,0.06482525998723355,0.7192080578576536,25,30,20
23,3650,0.05699843413421285,0.15895892020923952,0.06482524439687097,0.7192174012596755,25,30,20
23,3651,0.06175613901273402,0.15895516321449885,0.06016410260897542,0.7191245951637906,25,30,20
23,3652,0.06176592806598541,0.15895516325632547,0.060164404083492905,0.7191145045941951,25,30,20
23,3653,0.06177609094777356,0.1589551632943613,0.06060789342968673,0.7186608523281781,25,30,20
23,3654,0.06177671415231626,0.15895516330021825,0.06061049123507594,0.7186576313123894,25,30,20
23,3655,0.061776521757891424,0.15895516330956944,0.06061040394698268,0.7186579109855564,25,30,20
23,3656,0.06175306237062297,0.15895516329574877,0.060610298793114324,0.7186814755405142,25,30,20
23,3657,0.06175375760392281,0.1589551633142442,0.060610346279877214,0.718680732801956,25,30,20
23,3658,0.06171874217215378,0.15895516300527207,0.06060735977917871,0.718718735043396,25,30,20
23,3659,0.04372078334960024,0.1589551604008526,0.07860547976255504,0.7187185764869923,25,30,20
23,3660,0.04372994458625581,0.15895516038630733,0.07860546619360669,0.7187094288338304,25,30,20
23,3661,0.04369167137134697,0.15895516032039383,0.07860501818545569,0.7187481501228035,25,30,20
23,3662,0.04369133784100061,0.15895516031132206,0.07860501167560621,0.718748490172071,25,30,20
23,3663,0.04551384673424068,0.15895526018548525,0.07693618480074708,0.7185947082795272,25,30,20
23,3664,0.04550385137919949,0.15895526014745892,0.07649269847997835,0.7190481899933633,25,30,20
23,3665,0.04551372221638854,0.15893338991413145,0.07650469781931417,0.7190481900501657,25,30,20
23,3666,0.045858010604978336,0.15893339132088996,0.07651593352167263,0.7186926645524591,25,30,20
23,3667,0.0458673371176695,0.158933391325383,0.0765159115262664,0.7186833600306811,25,30,20
23,3668,0.045867338659252924,0.15893339132546505,0.07651591481213642,0.7186833552031459,25,30,20
23,3669,0.046703926134987465,0.1586038041376972,0.07600887730784574,0.7186833924194693,25,30,20
23,3670,0.04669379620199499,0.15860380411308211,0.07600606954376744,0.718696330141155,25,30,20
23,3671,0.04668438314367347,0.15860380410818345,0.07600606755757605,0.7187057451905666,25,30,20
23,3672,0.046694692836066407,0.15860380414732933,0.0760062540810917,0.7186952489355122,25,30,20
23,3673,0.07475887436840234,0.15860360058383147,0.04789717868315793,0.7187403463646079,25,30,20
23,3674,0.07476820501866523,0.1586036005840213,0.04789700820227809,0.7187311861950347,25,30,20
23,3675,0.0763847455009764,0.1586036016898963,0.047908852931827076,0.7171027998772997,25,30,20
23,3676,0.07475932746938037,0.15860360059871592,0.047897036512398475,0.7187400354195047,25,30,20
23,3677,0.07476820950264514,0.15860360058411455,0.047897067234392555,0.7187311226788473,25,30,20
23,3678,0.07475816587637181,0.15860360053730946,0.04789673864516822,0.7187414949411501,25,30,20
23,3679,0.06347189407605848,0.1586034920835143,0.056874760485663936,0.721049853354762,25,30,20
23,3680,0.06346239211881465,0.15860349207862462,0.056874669614140956,0.7210594461884186,25,30,20
23,3681,0.06347206204822295,0.15860349208815738,0.05687470275153135,0.721049743112087,25,30,20
23,3682,0.06347115738368625,0.1586034920669813,0.056874402451295186,0.7210509480980362,25,30,20
23,3683,0.06347026390673279,0.15860349203264454,0.05687422105041737,0.7210520230102042,25,30,20
23,3684,0.06347953486470499,0.1586034920337508,0.05702820446574654,0.7208887686357968,25,30,20
23,3685,0.06347500714454901,0.15860349204223997,0.05702839666324404,0.720893104149966,25,30,20
23,3686,0.06318308759221813,0.1589010383606124,0.057022769540823415,0.720893104506345,25,30,20
23,3687,0.06317384434763391,0.1589010383607129,0.05702277292276822,0.7209023443688842,25,30,20
23,3688,0.06283881085228722,0.15890103695411895,0.05701171727562922,0.7212484349179639,25,30,20
23,3689,0.06280439471183683,0.15890103638586886,0.05700972962794221,0.7212848392743512,25,30,20
23,3690,0.06279566678855313,0.15890103640044426,0.05701248649933807,0.7212908103116636,25,30,20
23,3691,0.047184686270277824,0.15890103761851893,0.07261479605379706,0.7212994800574052,25,30,20
23,3692,0.04717979964884319,0.15890103760458912,0.072614601756059,0.7213045609905077,25,30,20
23,3693,0.04717960879591874,0.15890103760816512,0.07261449988284491,0.7213048537130703,25,30,20
23,3694,0.04717008845048996,0.15891071950046848,0.07261434026378379,0.7213048517852567,25,30,20
23,3695,0.03960621287198981,0.1589114715542796,0.08024371893591727,0.7212385966378126,25,30,20
23,3696,0.03961725285442258,0.15891147238974515,0.0802458492736341,0.7212254254821971,25,30,20
23,3697,0.03961477122651888,0.15891147231243916,0.08068855266740556,0.7207852037936356,25,30,20
23,3698,0.03994973217695449,0.15891147397723665,0.0806991325545922,0.7204396612912158,25,30,20
23,3699,0.039959561929774116,0.15891147397731292,0.0806991576014575,0.7204298064914547,25,30,20
23,3700,0.039983538064402954,0.15891147399148584,0.08069931497541123,0.7204056729686988,25,30,20
23,3701,0.03999279283268755,0.15891147399610153,0.08069951948840356,0.7203962136828064,25,30,20
23,3702,0.039992938589869464,0.15891147399026828,0.08054553198852574,0.7205500554313352,25,30,20
23,3703,0.03999301930700439,0.1589114739996314,0.08054556405456584,0.720549942638797,25,30,20
23,3704,0.03999372905184138,0.15891147432460642,0.08011624334001453,0.7209785532835363,25,30,20
23,3705,0.039668019448988304,0.158911472660227,0.08010572535635001,0.7213147825344334,25,30,20
23,3706,0.03965336824367526,0.1589114726465031,0.08010892473731404,0.7213262343725063,25,30,20
23,3707,0.03965294868667567,0.15891147265082362,0.08010890098874747,0.7213266776737518,25,30,20
23,3708,0.03966678921522919,0.15890948265953667,0.08009704957582961,0.7213266785494032,25,30,20
23,3709,0.03966687019952372,0.1589094826689944,0.08010496946665203,0.7213186776648286,25,30,20
23,3710,0.039657703158832124,0.15890948267337743,0.08010493280039237,0.7213278813673969,25,30,20
23,3711,0.039997452088156055,0.15855957025859124,0.08011504039835955,0.7213279372548917,25,30,20
23,3712,0.03999745195994221,0.15855957025867282,0.08011503649675006,0.7213279412846337,25,30,20
23,3713,0.03998807143993583,0.15855957024526157,0.080117500629555,0.7213348576852464,25,30,20
23,3714,0.025948266993457272,0.1605420465114105,0.09217734207892572,0.7213323444162054,25,30,20
23,3715,0.025948095271708382,0.16054204652559398,0.09217735276340001,0.7213325054392965,25,30,20
23,3716,0.025939110860098587,0.16054204654470902,0.09217746923825891,0.7213413733569325,25,30,20
23,3717,0.025939038261941393,0.16054221825035986,0.0921773701589355,0.7213413733287625,25,30,20
23,3718,0.025929459993213545,0.1605422182410725,0.09217739377503088,0.7213509279906822,25,30,20
23,3719,0.025964222014353968,0.1605422188097339,0.09217940028284229,0.7213141588930688,25,30,20
23,3720,0.025633719838108898,0.16087970074749222,0.09217247639789551,0.721314103016502,25,30,20
23,3721,0.025642625131169768,0.16087970072844926,0.09216972202284397,0.7213079521175356,25,30,20
23,3722,0.025642378015086842,0.16087970072405228,0.09216987469432925,0.7213080465665304,25,30,20
23,3723,0.025633218313636175,0.16087970072892926,0.09218009850212389,0.7213069824553097,25,30,20
23,3724,0.04085356909949712,0.1608792379126038,0.07926562696972449,0.7190015660181741,25,30,20
23,3725,0.04084450025461802,0.16087923792162964,0.07926232813076407,0.7190139336929876,25,30,20
23,3726,0.04083517749476249,0.16087923793168962,0.07926241122267576,0.7190231733508715,25,30,20
23,3727,0.040810349638094545,0.16087923735895177,0.07926047689196182,0.7190499361109913,25,30,20
23,3728,0.04080049433301247,0.16087923702974447,0.07924664148106964,0.719073627156173,25,30,20
23,3729,0.041637555098013805,0.16087923706294668,0.07923963473636374,0.7182435731026753,25,30,20
23,3730,0.04163747071466553,0.1608792370624533,0.07923961035105503,0.7182436818718257,25,30,20
23,3731,0.04164680035293049,0.16087923706675325,0.07923945805567663,0.7182345045246392,25,30,20
23,3732,0.041625642705596794,0.16087923619412378,0.07923707854163513,0.7182580425586435,25,30,20
23,3733,0.041630409281623225,0.16087923620879646,0.07923779164319858,0.718252562866381,25,30,20
23,3734,0.04163965495793251,0.16087923620429614,0.0792298981482091,0.7182512106895617,25,30,20
23,3735,0.04081191557432618,0.16087923616148092,0.07922649986562354,0.7190823483985688,25,30,20
23,3736,0.04082132850917323,0.16087923614751762,0.07922646312438902,0.7190729722189194,25,30,20
23,3737,0.04083100152412344,0.1608792361429506,0.07922662226750889,0.7190631400654165,25,30,20
23,3738,0.04083092677265958,0.1608792361339889,0.0792266443776501,0.7190631927157008,25,30,20
23,3739,0.04082626722858912,0.16087923616129743,0.07922613363227836,0.7190683629778347,25,30,20
23,3740,0.04082626860981608,0.16087923616162353,0.07922614015892994,0.71906835506963,25,30,20
23,3741,0.04081676027439062,0.1608890286403247,0.07922585601585508,0.7190683550694292,25,30,20
23,3742,0.04080733923308588,0.16088902864497215,0.07922585881212324,0.7190777733098185,25,30,20
23,3743,0.04081657459644391,0.16088902864895172,0.07922580685892236,0.7190685898956818,25,30,20
23,3744,0.04081674672755591,0.16088902864514107,0.079225947602208,0.7190682770250948,25,30,20
23,3745,0.040818545578671976,0.1608890292467407,0.07922787813996554,0.7190645470346216,25,30,20
23,3746,0.040813936192452965,0.1608890292556368,0.07922807921855309,0.7190689553333572,25,30,20
23,3747,0.04080494258789705,0.16089798308618516,0.07922811900305804,0.7190689553228597,25,30,20
23,3748,0.040804961565171605,0.1608979831099593,0.07922816116242148,0.7190688941624477,25,30,20
23,3749,0.0407957187424193,0.16089798310549924,0.07922813571031133,0.7190781624417701,25,30,20
23,3750,0.04080531178372042,0.16088808776606053,0.07922843672547793,0.7190781637247412,25,30,20
23,3751,0.04083464241441938,0.16088808829696252,0.07922995003418035,0.7190473192544377,25,30,20
23,3752,0.04082550451116976,0.16088808830638432,0.07922998648890679,0.719056420693539,25,30,20
23,3753,0.04082124329079908,0.16088808833486648,0.07923018301523511,0.719060485359099,25,30,20
23,3754,0.040830474550492254,0.160888088344038,0.0792380072858536,0.7190434298196159,25,30,20
23,3755,0.03996998034123587,0.16175781282184407,0.07922881509323876,0.7190433917436807,25,30,20
23,3756,0.03997006588226673,0.16175781283129648,0.07922884653829382,0.7190432747481427,25,30,20
23,3757,0.03999419793332565,0.16175781285001892,0.07938296493758411,0.7188650242790712,25,30,20
23,3758,0.03999399109509254,0.1617578128493422,0.07938046343015821,0.7188677326254066,25,30,20
23,3759,0.039994082925546,0.16175781285387594,0.07938383023321434,0.718864273987363,25,30,20
23,3760,0.04000666826082336,0.16175781282911067,0.07938359741458019,0.7188519214954848,25,30,20
23,3761,0.03997696946027561,0.16175781225597546,0.07938183038064682,0.7188833879031012,25,30,20
23,3762,0.04003725040494003,0.1597751975687663,0.08130423923018683,0.7188833127961061,25,30,20
23,3763,0.04005180430454445,0.15976069059367157,0.0813041923170623,0.718883312784721,25,30,20
23,3764,0.04006094486509599,0.15976069058424652,0.08130421499983939,0.7188741495508175,25,30,20
23,3765,0.04005215360567716,0.1597606906190377,0.08130439419170682,0.7188827615835776,25,30,20
23,3766,0.040028448925933754,0.15978443156818556,0.08130435884322779,0.7188827606626522,25,30,20
23,3767,0.040028361335533204,0.15978443155894426,0.08130448277606452,0.7188827243294571,25,30,20
23,3768,0.04002843920828382,0.1597844315634333,0.08130443652610651,0.7188826927021758,25,30,20
23,3769,0.040057308782111646,0.1597844316158817,0.08130461063056908,0.7188536489714369,25,30,20
23,3770,0.04008084627011337,0.1597844316245832,0.08130450816185825,0.7188302139434445,25,30,20
23,3771,0.0400806887924405,0.15978443162436207,0.08130468387096183,0.7188301957122352,25,30,20
23,3772,0.040096589247557636,0.15976377554674115,0.0813094381730689,0.7188301970326318,25,30,20
23,3773,0.06091826187946469,0.15976451668231542,0.060468397876063236,0.7188488235621565,25,30,20
23,3774,0.0239693679071172,0.15976450959797242,0.09740506264056689,0.7188610598543421,25,30,20
23,3775,0.02395969776401706,0.1597645096023039,0.09740498085383409,0.7188708117798435,25,30,20
23,3776,0.023953032626581626,0.15977603217964897,0.09740012445162267,0.7188708107421452,25,30,20
23,3777,0.023948475854650732,0.1597760321566789,0.09739993790284773,0.7188755540858213,25,30,20
23,3778,0.023914927411750532,0.1597760321323413,0.09739977298441589,0.7189092674714911,25,30,20
23,3779,0.023924173783991635,0.15976997681523425,0.09739658193547714,0.7189092674652958,25,30,20
23,3780,0.023977942148894527,0.15976997737470647,0.09739967102063087,0.718852409455767,25,30,20
23,3781,0.0230866818794323,0.15978836666893584,0.09827259658451812,0.7188523548671122,25,30,20
23,3782,0.0234259848816171,0.15978836832422788,0.09828258637187352,0.71850306042228,25,30,20
23,3783,0.02345503696238712,0.15978836833930207,0.09828274936283524,0.7184738453354743,25,30,20
23,3784,0.023464960200583605,0.15978836833529594,0.09828279998854944,0.7184638714755697,25,30,20
23,3785,0.023480162546948017,0.1597883683501305,0.0982829437131137,0.7184485253898059,25,30,20
23,3786,0.023471147855031908,0.15978836834159021,0.09828414771450278,0.7184563360888737,25,30,20
23,3787,0.02345602531783447,0.15978836833131158,0.09828402743170483,0.7184715789191478,25,30,20
23,3788,0.023441291454506356,0.15980314803410683,0.09828398256388551,0.7184715779475,25,30,20
23,3789,0.02344982856563527,0.15980314799442727,0.09828377362209126,0.718463249817845,25,30,20
23,3790,0.02343579185272376,0.15980314797145623,0.0982837119744575,0.7184773482013616,25,30,20
23,3791,0.023440601328504937,0.15980314798532227,0.09828382149787203,0.7184724291882998,25,30,20
23,3792,0.02342562681120981,0.15980314795222758,0.09812961552206284,0.7186416097144995,25,30,20
23,3793,0.023761449830011213,0.15945891224249972,0.0981379889620669,0.718641648965422,25,30,20
23,3794,0.023765890192937046,0.15945891222854083,0.09813787776405589,0.7186373198144661,25,30,20
23,3795,0.023721269577273447,0.1594589116639683,0.09813464001447782,0.71868517874428,25,30,20
23,3796,0.02337706573595978,0.15945891000406878,0.09812459965258774,0.7190394246073832,25,30,20
23,3797,0.023390078812060736,0.15945890942071253,0.09812274163978418,0.7190282701274421,25,30,20
23,3798,0.0233800797885475,0.15945890942062246,0.09869288951328879,0.7184681212775412,25,30,20
23,3799,0.02338507831603821,0.15943997872988175,0.09870672845995061,0.7184682144941292,25,30,20
23,3800,0.023380295106336525,0.15943997875287363,0.09870679264347608,0.7184729334973134,25,30,20
23,3801,0.023385353279936297,0.15943997872543186,0.09870668799453361,0.7184679800000978,25,30,20
23,3802,0.023408710060078972,0.15943997872941273,0.09870673352988747,0.7184445776806203,25,30,20
23,3803,0.02340878636817087,0.1594399787343454,0.09870337404046758,0.7184478608570162,25,30,20
23,3804,0.023408790945877472,0.15943997873450663,0.09870337736501555,0.7184478529546002,25,30,20
23,3805,0.022663887705140558,0.1594399718162096,0.09946349729204769,0.7184326431866017,25,30,20
23,3806,0.022650973420969205,0.1594405479651946,0.09947592925157187,0.7184325493622638,25,30,20
23,3807,0.022641901217436908,0.15944054797917834,0.09948387745272681,0.7184336733506577,25,30,20
23,3808,0.02296956239242061,0.15944055050025688,0.1066623391248311,0.7109275479824911,25,30,20
23,3809,0.02296428150797579,0.15944055048524522,0.10666113100760294,0.710934036999176,25,30,20
23,3810,0.022978833034432662,0.15944055050405892,0.10666127373061936,0.7109193427308894,25,30,20
23,3811,0.022978747198684816,0.15944055049908173,0.10666124356334991,0.7109194587388832,25,30,20
23,3812,0.022641837987276002,0.15944054797800788,0.09948543424467089,0.7184321797900448,25,30,20
23,3813,0.02580868435522893,0.15944056732321749,0.08784544753235442,0.7269053007891982,25,30,20
23,3814,0.02743466496193665,0.159440568429927,0.08786418667401596,0.7252605799341199,25,30,20
23,3815,0.02742566879536307,0.1594405684349173,0.08786421758697907,0.72526954518274,25,30,20
23,3816,0.02743586897836755,0.15944056843119248,0.08786166009613824,0.7252619024943011,25,30,20
23,3817,0.027426542885818757,0.15944056842231358,0.0878616812439375,0.7252712074479298,25,30,20
23,3818,0.027426371818459486,0.15944056839872467,0.087861635429272,0.7252714243535435,25,30,20
23,3819,0.0274211304987715,0.15944056840674092,0.08786164995718154,0.7252766511373054,25,30,20
23,3820,0.027411716087636963,0.15944998862513668,0.08786164445531161,0.7252766508319142,25,30,20
23,3821,0.024856268811213233,0.15944997026422755,0.09448462950169396,0.7212091314228646,25,30,20
23,3822,0.02487147689948432,0.15944997031201905,0.09448516725075486,0.7211933855377408,25,30,20
23,3823,0.024914025658387365,0.15944995704566808,0.09444259336993906,0.7211934239260053,25,30,20
23,3824,0.024880192050002865,0.1594499570488774,0.09464110737620081,0.721028743524919,25,30,20
23,3825,0.024885166554708425,0.15944995707644144,0.09464128687886433,0.7210235894899857,25,30,20
23,3826,0.024856150030958833,0.15944995703897066,0.0946411448299426,0.721052748100128,25,30,20
23,3827,0.025720510793735017,0.15858024108185778,0.09464649876139157,0.7210527493630159,25,30,20
23,3828,0.025720762652057107,0.15858024108659324,0.09464653086529287,0.721052465396057,25,30,20
23,3829,0.025715872506085643,0.158580241072795,0.09444783303703669,0.7212560533840826,25,30,20
23,3830,0.02570966405982435,0.15858024102018228,0.09444732764461156,0.721262767275382,25,30,20
23,3831,0.025714724313404203,0.15856286911504186,0.09445963867952338,0.7212627678920307,25,30,20
23,3832,0.025231694772961447,0.15856299271813615,0.09934741305070306,0.7168578994581999,25,30,20
23,3833,0.025235175807416643,0.15856233857541846,0.09934462283487731,0.7168578627822875,25,30,20
23,3834,0.025235180855769448,0.1585623385710051,0.0993446701778467,0.7168578103953781,25,30,20
23,3835,0.02524476202944169,0.15856233858037244,0.09934462733468662,0.7168482720554986,25,30,20
23,3836,0.02361861933824224,0.15856233746934195,0.09932592998041778,0.7184931132119975,25,30,20
23,3837,0.03956125250867306,0.15856187651290365,0.08339974088038726,0.7184771300980366,25,30,20
23,3838,0.04030396046994036,0.15856175290778698,0.08265795069896793,0.7184763359233055,25,30,20
23,3839,0.040308914629914476,0.15856175288024135,0.08265794908023513,0.7184713834096091,25,30,20
23,3840,0.0403047363449717,0.15856175292310015,0.08265822244508636,0.7184752882868416,25,30,20
23,3841,0.04030482679276189,0.1585617529325664,0.08265857887942893,0.7184748413952433,25,30,20
23,3842,0.042824182827562195,0.15856147491550915,0.08014202961928245,0.7184723126376461,25,30,20
23,3843,0.04282443203889527,0.15856147492463535,0.08014201148593594,0.7184720815505331,25,30,20
23,3844,0.042823902197374315,0.15856147492411676,0.08014198865048318,0.7184726342280253,25,30,20
23,3845,0.04281465693852348,0.15856147493367598,0.08014174468789745,0.7184821234399028,25,30,20
23,3846,0.04285325478708584,0.1585614752363943,0.08014747048814008,0.7184377994883794,25,30,20
23,3847,0.042862508506563965,0.15856147523666755,0.08014746876949651,0.7184285474872716,25,30,20
23,3848,0.0428111193626013,0.15856147519228928,0.08019807498515003,0.718429330459959,25,30,20
23,3849,0.042811193591261495,0.15856147519646716,0.07962805691277076,0.7189992742995004,25,30,20
23,3850,0.04281102963144038,0.15856147493162573,0.07962261160444402,0.7190048838324897,25,30,20
23,3851,0.04280152472040683,0.15856147492674316,0.07962258098967868,0.7190144193631711,25,30,20
23,3852,0.04279169232169104,0.15856147492657804,0.07962244614345755,0.7190243866082732,25,30,20
23,3853,0.04245587383331415,0.15872359731571084,0.07979618148504222,0.7190243473659327,25,30,20
23,3854,0.042465650189786895,0.15872359734941288,0.07979636569160072,0.7190143867691994,25,30,20
23,3855,0.0384129358549989,0.15872798607144453,0.08384145682469141,0.7190176212488653,25,30,20
23,3856,0.03842260019982369,0.1587279860482588,0.08383357963081117,0.7190158341211061,25,30,20
23,3857,0.03842263242012255,0.15872798607690364,0.08383374989525615,0.7190156316077174,25,30,20
23,3858,0.03875260666171744,0.15872798721117232,0.08385213930042851,0.7186672668266816,25,30,20
23,3859,0.03875906668438847,0.15872798724089365,0.0838526759678225,0.718660270106895,25,30,20
23,3860,0.03875916372421664,0.1587279872316033,0.08386271547749631,0.7186501335666837,25,30,20
23,3861,0.04594759375403719,0.15873882095725653,0.07666311019789444,0.718650475090812,25,30,20
23,3862,0.04561813188372486,0.1587388198229532,0.07664481647323346,0.7189982318200886,25,30,20
23,3863,0.010568060303002858,0.15873451748717088,0.11170254236227109,0.7189948798475551,25,30,20
23,3864,0.010568317649154972,0.15873451748751088,0.1117023911327737,0.7189947737305609,25,30,20
23,3865,0.010568630638077637,0.1587351731522313,0.11165793383821837,0.7190382623714724,25,30,20
23,3866,0.010594356279723893,0.15873517317859878,0.11165838652313816,0.7190120840185382,25,30,20
23,3867,0.01058519108462143,0.1589264624629093,0.1114762621146475,0.7190120843378206,25,30,20
23,3868,0.010585114006320354,0.15892646245841915,0.11147612843574822,0.719012295099511,25,30,20
23,3869,0.010580759298487069,0.15892646247228867,0.11147620238376903,0.7190165758454539,25,30,20
23,3870,0.010571420599502326,0.15892646246723766,0.11146830897326859,0.7190338079599898,25,30,20
23,3871,0.011422353473887632,0.1589264641290782,0.11147779885233704,0.7181733835446954,25,30,20
23,3872,0.011422188315115309,0.15892646412442343,0.1114777950357346,0.7181735525247253,25,30,20
23,3873,0.011422706773567867,0.1589264641344004,0.11147786014669842,0.7181729689453319,25,30,20
23,3874,0.011428968879780026,0.15892646577923542,0.11167819237481344,0.7179663729661695,25,30,20
23,3875,0.011419803545999863,0.15892646578878486,0.11167808571089037,0.7179756449543239,25,30,20
23,3876,0.011404916804468885,0.158926465775075,0.1116779725138751,0.7179906449065797,25,30,20
23,3877,0.011414495086970101,0.1589264657842022,0.11167780209363698,0.71798123703519,25,30,20
23,3878,0.011419573197860234,0.15892646581288808,0.11167792579334797,0.7179760351959028,25,30,20
23,3879,0.011423924418399243,0.15893426484019224,0.11166577585664472,0.7179760348847626,25,30,20
23,3880,0.011424038115785707,0.15893426490580329,0.11167626957867725,0.7179654273997326,25,30,20
23,3881,0.011419140696577332,0.15893426491373547,0.1117146900935479,0.7179319042961384,25,30,20
23,3882,0.011419753758605385,0.15893260757792357,0.11171573466567818,0.7179319039977918,25,30,20
23,3883,0.011424293040165186,0.15893260756947025,0.11171581265394703,0.717927286736417,25,30,20
23,3884,0.011469022856272769,0.15893260814333965,0.11171943391311226,0.7178789350872747,25,30,20
23,3885,0.012320355577392967,0.15893260928191025,0.11172784670986731,0.7170191884308289,25,30,20
23,3886,0.012309197410403039,0.15893260762322442,0.11152730308797118,0.7172308918784007,25,30,20
23,3887,0.012263839960703373,0.1589326070249739,0.1115234333395931,0.717280119674729,25,30,20
23,3888,0.012316404969806976,0.1589326070857241,0.11152405189622418,0.7172269360482442,25,30,20
23,3889,0.012287138149231366,0.15893260704344986,0.11152374389397952,0.717256510913338,25,30,20
23,3890,0.011436200795368898,0.15893260538145115,0.1115142500230944,0.7181169438000842,25,30,20
23,3891,0.011436124236133625,0.15893260537216217,0.11151421725868753,0.7181170531330153,25,30,20
23,3892,0.011415294958648164,0.1589326053336356,0.11147529005852405,0.7181768096491907,25,30,20
23,3893,0.011415548839461102,0.15893226856666026,0.11147537261740269,0.7181768099764746,25,30,20
23,3894,0.011419958566431087,0.15893226852431563,0.11147521415067108,0.7181725587585815,25,30,20
23,3895,0.011419952374714102,0.15893226852390097,0.11147521436416691,0.7181725647372172,25,30,20
23,3896,0.011419705960142261,0.15893226851910316,0.1114751855831536,0.7181728399376003,25,30,20
23,3897,0.04809934414197317,0.1589322238369058,0.07479526082440312,0.718173171196718,25,30,20
23,3898,0.04809925483852702,0.1589322238220392,0.07479519954760995,0.718173321791824,25,30,20
23,3899,0.048633901011783796,0.15893217848338498,0.07426093069234449,0.718172989812487,25,30,20
23,3900,0.048639056353668594,0.1589321785305351,0.07426116298914803,0.7181676021266478,25,30,20
23,3901,0.05003882278164828,0.15956460665439617,0.07227317108336204,0.7181233994805939,25,30,20
23,3902,0.05003907914489232,0.15956460665928848,0.07227591585351081,0.7181203983423085,25,30,20
23,3903,0.05008437851945089,0.1595646067146909,0.07228080041902644,0.7180702143468316,25,30,20
23,3904,0.05007512892276284,0.15956460671461545,0.07228097884505416,0.7180792855175677,25,30,20
23,3905,0.05007528997384068,0.15956460670996134,0.07228097683073131,0.7180791264854666,25,30,20
23,3906,0.05007591027846964,0.1595646067341113,0.072281030092783,0.7180784528946361,25,30,20
23,3907,0.042997659619355984,0.1595537921620417,0.07937038728008501,0.7180781609385168,25,30,20
23,3908,0.04294509627357551,0.15955379210602746,0.079369801155425,0.7181313104649715,25,30,20
23,3909,0.042928962711664395,0.15955379206656078,0.07936929138057254,0.7181479538412018,25,30,20
23,3910,0.04291954980608881,0.15955379206721382,0.07936934820216812,0.7181573099245289,25,30,20
23,3911,0.042933356164309655,0.1595537920869512,0.07956825753121831,0.7179445942175205,25,30,20
23,3912,0.04295749126724108,0.15955379211548376,0.07956843030838115,0.7179202863088934,25,30,20
23,3913,0.04298651231982317,0.15952463386519417,0.07956856625175662,0.7179202875632253,25,30,20
23,3914,0.04296238634108904,0.15952463383707907,0.07956853363106878,0.7179444461907623,25,30,20
23,3915,0.04295296035421468,0.15952463383192775,0.07956832205257573,0.7179540837612809,25,30,20
23,3916,0.04297667605736254,0.1595246338504818,0.07956846057065395,0.717930229521501,25,30,20
23,3917,0.04297667579228103,0.1595246338506505,0.07956574812033654,0.7179329422367311,25,30,20
23,3918,0.0429807663261271,0.15952463380790288,0.07956560601454331,0.7179289938514266,25,30,20
23,3919,0.04247907496531739,0.15889155148591827,0.0807004458165694,0.7179289277321932,25,30,20
23,3920,0.04246910948128391,0.15889155146114245,0.0807002948459973,0.7179390442115744,25,30,20
23,3921,0.04410864786949929,0.15889155365568414,0.08075880253765666,0.716240995937158,25,30,20
23,3922,0.044125050038585814,0.15887374561996545,0.08076017186018167,0.7162410324812656,25,30,20
23,3923,0.044130901076213445,0.1588737456669189,0.08076043369970158,0.7162349195571643,25,30,20
23,3924,0.04411208340133206,0.15887374566752194,0.08076043640033506,0.7162537345308094,25,30,20
23,3925,0.04411140138471499,0.15887374565297255,0.08076050634762848,0.7162543466146825,25,30,20
23,3926,0.044111331109351226,0.1588737456241007,0.08075870101095563,0.7162562222555906,25,30,20
23,3927,0.044135977178336706,0.1588737456716294,0.08075885118146087,0.716231425968571,25,30,20
23,3928,0.04323985103364058,0.15887437368426927,0.08165435118074905,0.7162314241013392,25,30,20
23,3929,0.04324691626425275,0.15887376694559696,0.08164789510132069,0.7162314216888277,25,30,20
23,3930,0.04328534153213833,0.15887376698265374,0.08165588723905652,0.7161850042461496,25,30,20
23,3931,0.04242900925467025,0.15887376581979992,0.08164730087789694,0.7170499240476311,25,30,20
23,3932,0.04157409318809704,0.15973721172380898,0.08163877229167181,0.7170499227964203,25,30,20
23,3933,0.041583508404711686,0.15973721171939947,0.08163877036988451,0.7170405095060025,25,30,20
23,3934,0.04158394094086306,0.1597365688507545,0.08163898100211014,0.7170405092062705,25,30,20
23,3935,0.0424250633242788,0.1597739597993023,0.08076042992818035,0.7170405469482364,25,30,20
23,3936,0.04243003950185678,0.15977395983622317,0.0807607789656646,0.7170352216962531,25,30,20
23,3937,0.04243012763928291,0.15977395984576406,0.0807608145743744,0.7170350979405764,25,30,20
23,3938,0.04242543416885087,0.15977869637452818,0.08076077025519542,0.7170350992014233,25,30,20
23,3939,0.042425233692472704,0.15977892881244304,0.08076073830073024,0.7170350991943518,25,30,20
23,3940,0.04272377985127106,0.1597789544826492,0.08046212655477046,0.7170351391113067,25,30,20
23,3941,0.042718727002785624,0.1597789544593277,0.08046198573773301,0.7170403328001516,25,30,20
23,3942,0.04272341502837749,0.15977440820407993,0.08046184521756493,0.7170403315499756,25,30,20
23,3943,0.0428063506338583,0.15977440825176337,0.0960158960223815,0.7014033450919949,25,30,20
23,3944,0.04281643060380044,0.1597744082647956,0.09581712305789016,0.7015920380735119,25,30,20
23,3945,0.04274326439154774,0.15977440877134,0.0802632173504793,0.717219109486631,25,30,20
23,3946,0.041113283403586456,0.15977440660250758,0.08020761036335287,0.7189046996305513,25,30,20
23,3947,0.041098182626623465,0.1597744065558012,0.08020722800976703,0.7189201828078063,25,30,20
23,3948,0.041060172817752344,0.15977440654209946,0.08019921479903891,0.7189662058411076,25,30,20
23,3949,0.041059749901235565,0.15977440651866195,0.08019909860853987,0.7189667449715609,25,30,20
23,3950,0.04105966417996409,0.1597744065088212,0.08019885876490675,0.7189670705463063,25,30,20
23,3951,0.041035779259906535,0.15977440647613736,0.08019884623428586,0.7189909680296686,25,30,20
23,3952,0.041035528818310886,0.1597744064758107,0.08019879292168264,0.7189912717841948,25,30,20
23,3953,0.04102627073147424,0.15977440647573643,0.08019871281993413,0.7190006099728541,25,30,20
23,3954,0.04104973532045755,0.15977440647994617,0.08019878305307271,0.7189770751465225,25,30,20
23,3955,0.041379580676366684,0.13973000118509726,0.09991330284112801,0.7189771152974069,25,30,20
23,3956,0.04128094274691751,0.13973826418208074,0.10000370767096829,0.7189770854000342,25,30,20
23,3957,0.041263841656071006,0.13975800407570949,0.10000110543577682,0.7189770488324434,25,30,20
23,3958,0.04127325994904651,0.13975800407138356,0.1000011020891123,0.7189676338904586,25,30,20
23,3959,0.04042509875961265,0.13974972131858668,0.10085760307980621,0.7189675768419955,25,30,20
23,3960,0.04041554999232409,0.13974972128872873,0.10085475333914598,0.7189799753798024,25,30,20
23,3961,0.04078028584525634,0.1397497219464822,0.10048986432628176,0.7189801278819808,25,30,20
23,3962,0.04044696316033299,0.11988813690005218,0.12068481215889541,0.7189800877807201,25,30,20
23,3963,0.04049995687090736,0.11988813695651303,0.12068518221101987,0.7189267239615603,25,30,20
23,3964,0.04040699836194946,0.11988813581031435,0.12077828974783739,0.7189265760798993,25,30,20
23,3965,0.03957237978678262,0.11985137784118882,0.12164970396311064,0.718926538408918,25,30,20
23,3966,0.03955714684973562,0.11985137779839775,0.12164955901425029,0.7189419163376168,25,30,20
23,3967,0.044489287096803276,0.11985159724976872,0.11671651879889225,0.7189425968545362,25,30,20
23,3968,0.04449008063702013,0.11985159729192027,0.11671668402581609,0.7189416380452439,25,30,20
23,3969,0.057317650083742296,0.1198517942529258,0.10388753997539364,0.7189430156879388,25,30,20
23,3970,0.05731248310603394,0.11985179421911742,0.10387721361409023,0.7189585090607591,25,30,20
23,3971,0.057302552478814314,0.11985179367443619,0.10387712526445896,0.7189685285822915,25,30,20
23,3972,0.057307125779814595,0.11985179365190175,0.103870247457144,0.7189708331111403,25,30,20
23,3973,0.05730775026736997,0.11985179369396919,0.10387052484515938,0.7189699311935018,25,30,20
23,3974,0.05730696456890153,0.11985179365663269,0.1038702504767582,0.7189709912977079,25,30,20
23,3975,0.0573075893581286,0.11985179370775886,0.10387058625113518,0.7189700306829772,25,30,20
23,3976,0.05730733838357861,0.11985179370279181,0.1038705559064164,0.7189703120072134,25,30,20
23,3977,0.057291510387477575,0.11985180724076379,0.10388635697236864,0.7189703253993899,25,30,20
23,3978,0.058154081275362576,0.11985120018465902,0.10302432831624415,0.7189703902237343,25,30,20
23,3979,0.05875712860431289,0.11985120133472274,0.10303590283538558,0.7183557672255789,25,30,20
23,3980,0.05873332920274168,0.11985120131638896,0.10303597074688206,0.7183794987339877,25,30,20
23,3981,0.05873253246698433,0.11985120126941004,0.10303563474884037,0.7183806315147657,25,30,20
23,3982,0.058732704467514434,0.1198512012653489,0.1030356354080969,0.7183804588590402,25,30,20
23,3983,0.05874676098892448,0.11985120128426262,0.10303575238381164,0.7183662853430017,25,30,20
23,3984,0.058760981991374826,0.11983679767290586,0.10303593343755586,0.7183662868981638,25,30,20
23,3985,0.0579061686667014,0.1198371683464388,0.1038899213392754,0.7183667416475847,25,30,20
23,3986,0.057304507003023385,0.11983716720275238,0.10407877412259342,0.7187795516716318,25,30,20
23,3987,0.05730433509566698,0.11983716720683026,0.10408891662438371,0.7187695810731201,25,30,20
23,3988,0.05730770991385564,0.11979915757186316,0.10407892499379018,0.7188142075204919,25,30,20
23,3989,0.057642138704878165,0.11979915895574787,0.10408878449496868,0.7184699178444063,25,30,20
23,3990,0.057969572348791444,0.11979873913850834,0.10376222931699498,0.7184694591957063,25,30,20
23,3991,0.057926411502241766,0.11979873908220613,0.10376175458930917,0.7185130948262435,25,30,20
23,3992,0.05760188130200907,0.11979939319017957,0.10408570502924407,0.7185130204785678,25,30,20
23,3993,0.05758768334823646,0.11980176423900937,0.10409753030434961,0.7185130221084051,25,30,20
23,3994,0.05758642949990025,0.11980110891561041,0.10409943982244457,0.7185130217620452,25,30,20
23,3995,0.058490618460988575,0.11980115238048866,0.10323974695056616,0.7184684822079569,25,30,20
23,3996,0.0584851478850876,0.11980115238435773,0.10323794548878368,0.7184757542417712,25,30,20
23,3997,0.05845596357069859,0.11983070234165037,0.10323758172773452,0.7184757523599162,25,30,20
23,3998,0.058753036936691,0.11983070237966645,0.10324303849299854,0.718173222190643,25,30,20
23,3999,0.05877725668403157,0.11983070241259439,0.10324318931488467,0.7181488515884883,25,30,20
23,4000,0.057889211447893614,0.11983111134531926,0.10410766050972356,0.7181720166970627,25,30,20
23,4001,0.05792387906884277,0.11983111138483209,0.10410797124734517,0.718137038298979,25,30,20
23,4002,0.05792893779048696,0.11983111140781968,0.10410810869751354,0.7181318421041789,25,30,20
23,4003,0.057968456022724234,0.1198311128074356,0.10411002012816446,0.7180904110416749,25,30,20
23,4004,0.0582181204455765,0.11983111146188068,0.10410780468037562,0.7178429634121665,25,30,20
23,4005,0.07156217383671101,0.11983115455327192,0.09076339196276813,0.7178432796472483,25,30,20
23,4006,0.07156233508006211,0.11983115454853911,0.09076338604794552,0.7178431243234524,25,30,20
23,4007,0.07156284458324515,0.1198311545585572,0.09075331569493861,0.7178526851632582,25,30,20
23,4008,0.07184809017982721,0.11983115564416208,0.09075394582553407,0.7175668083504757,25,30,20
23,4009,0.07687298892174559,0.1198439078736318,0.08403604799276182,0.7192470552118609,25,30,20
23,4010,0.07683346318087038,0.11984390647376472,0.08403413496695643,0.7192884953784087,25,30,20
23,4011,0.07684897430569991,0.11982604156691318,0.0840364883825637,0.7192884957448232,25,30,20
23,4012,0.07685864679725958,0.1198260415627061,0.08404438800368093,0.7192709236363531,25,30,20
23,4013,0.07683331028617342,0.11982604152815822,0.08404405831189116,0.7192965898737768,25,30,20
23,4014,0.05584422655615704,0.1198128751207207,0.10672341423098393,0.7176194840921383,25,30,20
23,4015,0.0558444011104124,0.11981287512113643,0.10673361225127975,0.7176091115171714,25,30,20
23,4016,0.042529239115130874,0.11981284420278991,0.12004910159652886,0.71760881508555,25,30,20
23,4017,0.05195095946300416,0.11981284200322699,0.1106325877470201,0.7176036107867487,25,30,20
23,4018,0.05363675672515809,0.1198128460030774,0.11066247071543893,0.7158879265563255,25,30,20
23,4019,0.053627761316053096,0.11981284600788004,0.11065457583444983,0.7159048168416169,25,30,20
23,4020,0.053602913208135476,0.11983986252874106,0.1106524077876619,0.7159048164754611,25,30,20
23,4021,0.0535934831446331,0.11986118491932013,0.11064051865052621,0.7159048132855197,25,30,20
23,4022,0.052719249100039854,0.11986118377214453,0.11063208411732385,0.716787483010491,25,30,20
23,4023,0.05271472510769689,0.11986118379065096,0.11063222375951237,0.7167918673421388,25,30,20
23,4024,0.05271935255802511,0.11986118377224761,0.11078113043227694,0.7166383332374499,25,30,20
23,4025,0.052729487281534204,0.11986118406574191,0.11077113693247193,0.7166381917202513,25,30,20
23,4026,0.05272433676170033,0.11986118403735696,0.11077096603125276,0.7166435131696894,25,30,20
23,4027,0.05272408269101396,0.119861184037029,0.11077095457206766,0.7166437786998887,25,30,20
23,4028,0.05271377331476662,0.11986118374303734,0.1107707492889746,0.7166542936532206,25,30,20
23,4029,0.05271813304447241,0.11986118372933358,0.11077061388675993,0.7166500693394333,25,30,20
23,4030,0.052430389212029783,0.11986118368210713,0.11077298810011688,0.7169354390057453,25,30,20
23,4031,0.052406242062555466,0.11986118365796723,0.11077281385094669,0.7169597604285304,25,30,20
23,4032,0.0524064009458389,0.11986118365347685,0.11077278751985188,0.7169596278808318,25,30,20
23,4033,0.05240150838529343,0.1198611836395446,0.11077536953915092,0.7169619384360105,25,30,20
23,4034,0.052372780480245726,0.11986117656033372,0.11080412432100652,0.7169619186384131,25,30,20
23,4035,0.05241103996123879,0.11986117659770633,0.11080439624977258,0.7169233871912815,25,30,20
23,4036,0.052411039783496524,0.11986117659779039,0.11080434372588535,0.7169234398928266,25,30,20
23,4037,0.0524019757897068,0.11986117659816084,0.1108045193326448,0.7169323282794865,25,30,20
23,4038,0.05560816074996044,0.11986073531091757,0.10762199229341693,0.7169091116457033,25,30,20
23,4039,0.055617321638245655,0.11985163468378818,0.10762193202704778,0.7169091116509168,25,30,20
23,4040,0.05561748884715953,0.11985163467009576,0.10762451497976061,0.7169063615029826,25,30,20
23,4041,0.05563818743188212,0.11985163497429913,0.1076262474212383,0.7168839301725791,25,30,20
23,4042,0.05562835319143176,0.11985163497372592,0.10762360043676131,0.7168964113980796,25,30,20
23,4043,0.05560801616356022,0.11985163469890125,0.10762186653166522,0.7169184826058719,25,30,20
23,4044,0.05560733289887923,0.11985163468858023,0.10762180251525193,0.7169192298972875,25,30,20
23,4045,0.055617547231833174,0.11985163470489667,0.10777076645193237,0.7167600516113365,25,30,20
23,4046,0.05560834577464569,0.11985241705414028,0.10777918549648824,0.7167600516747246,25,30,20
23,4047,0.055608348681419936,0.11985261046900522,0.10777898886358395,0.7167600519859895,25,30,20
23,4048,0.055608867529922765,0.11985261046909688,0.10777118174431909,0.7167673402566596,25,30,20
23,4049,0.05560884706430864,0.11985261047869439,0.10762219880058328,0.7169163436564119,25,30,20
23,4050,0.05565303395599496,0.11985261105659487,0.1076254260826821,0.7168689289047263,25,30,20
23,4051,0.052474290220166794,0.11985259927349116,0.11080421640297695,0.7168688941033646,25,30,20
23,4052,0.05248355360031331,0.11985259929715308,0.11080436468772724,0.7168594824148059,25,30,20
23,4053,0.05249322529687062,0.11984290303128285,0.11080438955751548,0.7168594821143306,25,30,20
23,4054,0.05244800737293983,0.11984290298085208,0.11079953716496396,0.7169095524812436,25,30,20
23,4055,0.052448174829026924,0.11984290298086885,0.11079954051365352,0.7169093816764497,25,30,20
23,4056,0.05069255985881675,0.1198430024149781,0.112553355282033,0.7169110824441709,25,30,20
23,4057,0.05070200285488769,0.11984300242969663,0.11255072916821059,0.7169042655472044,25,30,20
23,4058,0.050701807739796954,0.11984300241497076,0.11255063918721868,0.7169045506580131,25,30,20
23,4059,0.05070181032272634,0.11984300241015329,0.11255060817258572,0.716904579094534,25,30,20
23,4060,0.04901600715197106,0.11984299840988333,0.11252069925719713,0.7186202951809477,25,30,20
23,4061,0.04900616897130861,0.11985279277200578,0.1125207430810293,0.7186202951756555,25,30,20
23,4062,0.04901105716997474,0.11984777071350862,0.11252087663530067,0.7186202954812153,25,30,20
23,4063,0.049001644173736716,0.11984777072739092,0.11252104847266357,0.718629536626208,25,30,20
23,4064,0.04903041377651852,0.11984777076909595,0.11252135186218393,0.7186004635922006,25,30,20
23,4065,0.04898676812836662,0.11984778570486611,0.11256498161018126,0.7186004645565851,25,30,20
23,4066,0.048996179669174654,0.11983824605025123,0.11256510972445385,0.7186004645561193,25,30,20
23,4067,0.048942236315947824,0.11983824548645657,0.11256189944698669,0.7186576187506079,25,30,20
23,4068,0.04892792341331919,0.11983824546820919,0.11256175815060183,0.7186720729678687,25,30,20
23,4069,0.04891859989644733,0.11984769534462295,0.11256163179043657,0.7186720729684921,25,30,20
23,4070,0.048914428016669655,0.1198476953223108,0.11256225375483359,0.718675622906185,25,30,20
23,4071,0.039472476536699524,0.11984759863971547,0.12200596384126432,0.71867396098232,25,30,20
23,4072,0.039443457204454566,0.11984759860224578,0.12200568588388556,0.7187032583094131,25,30,20
23,4073,0.03943909820967143,0.11985189853892422,0.1220057443305126,0.718703258920891,25,30,20
23,4074,0.06817730934118726,0.11985200600029444,0.09326736069945937,0.7187033239590587,25,30,20
23,4075,0.06817270004312587,0.11985200600903316,0.09326755089891338,0.7187077430489272,25,30,20
23,4076,0.06775061641412036,0.11985313851153485,0.09368751413305959,0.7187087309412848,25,30,20
23,4077,0.06860614071362725,0.11985314095942844,0.0936980329926544,0.7178426853342894,25,30,20
23,4078,0.06860579475477172,0.11985314092597735,0.09369795791483632,0.7178431064044137,25,30,20
23,4079,0.0686209854985558,0.11985314098247686,0.0936983722021925,0.7178275013167742,25,30,20
23,4080,0.06862542869287695,0.1198531409739068,0.0936981842026031,0.7178232461306124,25,30,20
23,4081,0.06862455119741172,0.11985314096221802,0.09354936316652068,0.7179729446738492,25,30,20
23,4082,0.0686201960167316,0.11985314097665739,0.0935495057833379,0.7179771572232728,25,30,20
23,4083,0.06862509345975473,0.119848226537665,0.09354950405115282,0.717977175951427,25,30,20
23,4084,0.06862023845990049,0.11985288868686546,0.09354971563120541,0.7179771572220282,25,30,20
23,4085,0.07939914543166231,0.1198527818941204,0.08277090255491708,0.7179771701192996,25,30,20
23,4086,0.0793946205009717,0.11985278191262674,0.08277121966205085,0.7179813779243501,25,30,20
23,4087,0.07936601808791052,0.11985278185665212,0.08277087986598372,0.7180103201894528,25,30,20
23,4088,0.07936158570418848,0.1198527818845745,0.08277107351228188,0.7180145588989544,25,30,20
23,4089,0.079351203294344,0.11985278184194242,0.08277076932993385,0.7180252455337792,25,30,20
23,4090,0.07850668150806574,0.11985277939212226,0.08276032282176424,0.7188802162780473,25,30,20
23,4091,0.07851626510402017,0.11985277939212947,0.082760325830307,0.7188706296735424,25,30,20
23,4092,0.07853508766651514,0.11985277939649984,0.08276014722582146,0.7188519857111626,25,30,20
23,4093,0.07853560335047342,0.11985277939699619,0.08276020163058001,0.7188514156219494,25,30,20
23,4094,0.07853508725483482,0.11985277939682563,0.08276028577114719,0.7188518475771914,25,30,20
23,4095,0.07853933264653346,0.11985277938634803,0.08275948563878213,0.7188484023283352,25,30,20
23,4096,0.07854411049298612,0.11985277936767386,0.08275936727415896,0.7188437428651799,25,30,20
23,4097,0.07853554682258461,0.11985277937753461,0.08275942862412661,0.7188522451757525,25,30,20
23,4098,0.07579353261301745,0.11985164132495227,0.08539175730517008,0.7189630687568587,25,30,20
23,4099,0.0757937820968825,0.11985164132494784,0.08539178242980988,0.7189627941483582,25,30,20
23,4100,0.07580319522372832,0.11985164132975319,0.08539178861207745,0.7189533748344396,25,30,20
23,4101,0.07580319821063028,0.11985164132975151,0.08539179079609333,0.7189533696635233,25,30,20
23,4102,0.07579829641867356,0.1198516412971191,0.08539157073360576,0.7189584915505999,25,30,20
23,4103,0.07227265675879274,0.11985202445535015,0.0888855632167339,0.7189897555691216,25,30,20
23,4104,0.07577976034398533,0.119851649210511,0.08541017535805652,0.7189584150874455,25,30,20
23,4105,0.07577942556915662,0.1198516492200517,0.08541018249085978,0.7189587427199303,25,30,20
23,4106,0.07579821261409697,0.1198298934114829,0.08541315125941701,0.7189587427150017,25,30,20
23,4107,0.07583277062580793,0.11982910631692162,0.08537936138563686,0.718958761671634,25,30,20
23,4108,0.07582335751192704,0.11982910633088918,0.08537940075165976,0.7189681354055243,25,30,20
23,4109,0.0758391086449202,0.11982910634623348,0.08538238497048982,0.7189494000383566,25,30,20
23,4110,0.07617844683448247,0.1198291075043588,0.08539079783068176,0.7186016478304771,25,30,20
23,4111,0.07618832069784237,0.11982910753727982,0.0853989021484783,0.7185836696163997,25,30,20
23,4112,0.0761926854188046,0.11982486508138132,0.08539878016695146,0.7185836693328632,25,30,20
23,4113,0.0761832689175598,0.11982486507192397,0.08539877451893271,0.7185930914915842,25,30,20
23,4114,0.07618325631970625,0.11982486507599614,0.08539866914259905,0.7185932094616987,25,30,20
23,4115,0.07617445833424762,0.11982486510529011,0.08539873127966759,0.7186019452807948,25,30,20
23,4116,0.07616042331900501,0.1198386264438111,0.08539900556080772,0.7186019446763763,25,30,20
23,4117,0.07616007137919462,0.11983862643864004,0.08539882532783138,0.7186024768543335,25,30,20
23,4118,0.07615040518849465,0.11983862644312876,0.08539880334877983,0.718612165019596,25,30,20
23,4119,0.07614036325088004,0.11983862640556145,0.08539071420242485,0.718630296141133,25,30,20
23,4120,0.08021250956843906,0.11983922678755242,0.08131688599549868,0.7186313776485096,25,30,20
23,4121,0.08022497332113826,0.11983922681268147,0.0813169923567774,0.7186188075094024,25,30,20
23,4122,0.08020125383189551,0.11983922678000372,0.08131661796219652,0.7186429014259038,25,30,20
23,4123,0.08017635825754464,0.11983922676076439,0.08131370974139995,0.7186707052402904,25,30,20
23,4124,0.08017590885445475,0.11983922673198454,0.08131367287911562,0.7186711915344446,25,30,20
23,4125,0.08018438813766865,0.11983922671691602,0.08131362729343478,0.71866275785198,25,30,20
23,4126,0.08019347502066893,0.11983922672162547,0.08131365272588624,0.7186536455318189,25,30,20
23,4127,0.0810488817304307,0.11983922835058072,0.08132324460373276,0.717788645315256,25,30,20
23,4128,0.07706103434786882,0.12168777205562917,0.08346353988061495,0.717787653715887,25,30,20
23,4129,0.0770707059947086,0.12168777205107206,0.08346370215861844,0.7177778197956011,25,30,20
23,4130,0.09512333845323334,0.12168810325025453,0.06541020057231103,0.7177783577242018,25,30,20
23,4131,0.09546446036831449,0.12132912241334212,0.0654280205526903,0.7177783966656537,25,30,20
23,4132,0.09546488007922507,0.1213291224228884,0.06542805991533872,0.7177779375825485,25,30,20
23,4133,0.09546488905212452,0.12132912241846631,0.06542808442265893,0.7177779041067507,25,30,20
23,4134,0.09547438810314826,0.12132912242792243,0.06542814215196024,0.7177683473169694,25,30,20
23,4135,0.09548380318895898,0.12132912243730201,0.06543829116728665,0.7177487832064527,25,30,20
23,4136,0.09547506576516136,0.12132912245682155,0.06543836145641133,0.717757450321606,25,30,20
23,4137,0.09515943908938261,0.12132912131717224,0.06542990544691288,0.7180815341465326,25,30,20
23,4138,0.09515019872192061,0.12132912133145099,0.06542982762612085,0.7180908523205082,25,30,20
23,4139,0.09590794510951411,0.11947996387245935,0.06652127441988628,0.7180908165981412,25,30,20
23,4140,0.09591694638690396,0.11947996386813886,0.0665212426218126,0.7180818471231456,25,30,20
23,4141,0.09506598548955196,0.119479962229876,0.0665115653297701,0.7189424869508031,25,30,20
23,4142,0.095363601811733,0.11918009645310088,0.06651381318036964,0.7189424885547975,25,30,20
23,4143,0.09536309904365786,0.11918009642966787,0.06651375159512939,0.7189430529315459,25,30,20
23,4144,0.09535875723596872,0.11918009645377316,0.06651391412428583,0.7189472321859732,25,30,20
23,4145,0.09536844431753082,0.11917029521625436,0.06651402825170562,0.7189472322145098,25,30,20
23,4146,0.09535927972547772,0.11917028610766728,0.06652320400853172,0.7189472301583238,25,30,20
23,4147,0.0953599823239594,0.11917028614036339,0.06652344986488773,0.7189462816707901,25,30,20
23,4148,0.09535997585862399,0.11917028613969345,0.06652344732345496,0.718946290678228,25,30,20
23,4149,0.09538617324101162,0.11917028552730907,0.06649721476112604,0.7189463264705538,25,30,20
23,4150,0.0953909763204491,0.11917028553624658,0.06649726947138547,0.7189414686719192,25,30,20
23,4151,0.09540030689597274,0.11917028553127165,0.06649722933752854,0.7189321782352275,25,30,20
23,4152,0.09540498101025234,0.11917028549315421,0.06649706151194501,0.7189276719846488,25,30,20
23,4153,0.09506452404202508,0.11952855238523892,0.06647929083546691,0.7189276327372692,25,30,20
23,4154,0.0990636698962924,0.11952832602335901,0.06247643356654807,0.718931570513801,25,30,20
23,4155,0.09907282030079548,0.11952832602709344,0.06247635686321103,0.7189224968089004,25,30,20
23,4156,0.09992348237989289,0.11952832716524461,0.06248471876157798,0.7180634716932849,25,30,20
23,4157,0.09992312497074524,0.1195288665117729,0.06248453655283522,0.7180634719646471,25,30,20
23,4158,0.09992190047045753,0.11952886650066902,0.06228410626399345,0.7182651267648807,25,30,20
23,4159,0.09989844670080834,0.11952886649674585,0.0622942080137599,0.7182784787886866,25,30,20
23,4160,0.0999079423208671,0.11952886649667098,0.062294003770108096,0.7182691874123546,25,30,20
23,4161,0.09904828294797316,0.11952886536325907,0.06228567213374506,0.7191371795550235,25,30,20
23,4162,0.0987409839292716,0.11984192825112984,0.06227990956900048,0.7191371782505988,25,30,20
23,4163,0.0987694651657174,0.11984192825598561,0.062279942464272375,0.7191086641140254,25,30,20
23,4164,0.09877409579533795,0.119841928255282,0.0622698420750161,0.7191141338743648,25,30,20
23,4165,0.09877392116177938,0.11984192824549016,0.062269782493022605,0.719114368099709,25,30,20
23,4166,0.09881218421490816,0.11984192828734548,0.06227008367388454,0.7190758038238628,25,30,20
23,4167,0.09883539304786482,0.1198419283057513,0.062270219234480464,0.7190524594119044,25,30,20
23,4168,0.09883539755339779,0.11984192830584148,0.06227021798260104,0.7190524561581606,25,30,20
23,4169,0.0988512167477166,0.11984192835483405,0.0622704769391069,0.7190363779583433,25,30,20
23,4170,0.0984795474340293,0.11984198672622715,0.06264205551686737,0.7190364103228769,25,30,20
23,4171,0.09847014497485461,0.11984198672671781,0.06264571167050065,0.7190421566279277,25,30,20
23,4172,0.09848495161994056,0.11984198675067274,0.06264588166636037,0.7190271799630267,25,30,20
23,4173,0.09880675284363698,0.11949958408962705,0.06266644131992077,0.7190272217468155,25,30,20
23,4174,0.09879579845788475,0.11949958404120715,0.06266627370079193,0.7190383438001166,25,30,20
23,4175,0.09879554594296136,0.11949958403157435,0.06266621435091965,0.7190386556745451,25,30,20
23,4176,0.09878621345512992,0.11949958402725977,0.06266623672421341,0.7190479657933974,25,30,20
23,4177,0.0988255831373773,0.11945996500434922,0.0626664850414168,0.719047966816857,25,30,20
23,4178,0.09883988072588722,0.11945996502748005,0.06266662750262753,0.7190335267440053,25,30,20
23,4179,0.09884963517728018,0.11945996502740451,0.06266668951816805,0.7190237102771474,25,30,20
23,4180,0.09881103711491575,0.119459964980485,0.06266640657992635,0.7190625913246731,25,30,20
23,4181,0.0988017016710614,0.11945996497137557,0.06266635541690495,0.7190719779406581,25,30,20
23,4182,0.09877311629876295,0.11945996492478801,0.06266615002013806,0.719100768756311,25,30,20
23,4183,0.09877357956415062,0.1194599649396462,0.06266618216047641,0.719100273335727,25,30,20
23,4184,0.09876357905451888,0.11946976133009522,0.06266638630686884,0.7191002733085174,25,30,20
23,4185,0.09875400681610019,0.11946976133574674,0.06266656077123497,0.7191096710769185,25,30,20
23,4186,0.09874387278448327,0.11946976132553087,0.06266647800381689,0.7191198878861694,25,30,20
23,4187,0.09874385625818384,0.11946976132908896,0.06286483206084797,0.7189215503518795,25,30,20
23,4188,0.09874394489364664,0.11946976133846582,0.06286488937348239,0.7189214043944055,25,30,20
23,4189,0.09875436443038765,0.11946976138675075,0.06286512010936214,0.7189107540734997,25,30,20
23,4190,0.09790973667875022,0.12141599612234709,0.061763568758857364,0.7189106984400456,25,30,20
23,4191,0.09791471082261104,0.12141102196199094,0.061763568158565055,0.7189106990568332,25,30,20
23,4192,0.0979049577025737,0.12141102194764918,0.06176334217601937,0.7189206781737579,25,30,20
23,4193,0.09792082947015789,0.12141102251611159,0.061765770232122215,0.7189023777816084,25,30,20
23,4194,0.09825091745138739,0.12141102393372882,0.061765775368644735,0.7185722832462392,25,30,20
23,4195,0.09822851971227664,0.12141102391092376,0.06191997969307374,0.718440476683726,25,30,20
23,4196,0.09822972860939251,0.12141102391627541,0.061921482013151195,0.7184377654611811,25,30,20
23,4197,0.09820929415526032,0.12141102386764846,0.06192117296386456,0.7184585090132266,25,30,20
23,4198,0.09820912618936672,0.12141102386275282,0.061921214331966894,0.7184586356159136,25,30,20
23,4199,0.09788296348662825,0.12175749078999891,0.06190095156945359,0.718458594153919,25,30,20
23,4200,0.09788229095191542,0.1217574916662398,0.06175184276590881,0.7186083746159357,25,30,20
23,4201,0.09789747614481632,0.12175749173195341,0.06175248890036435,0.7185925432228656,25,30,20
23,4202,0.09791194581152209,0.12175749175061566,0.061752765852097984,0.7185777965857636,25,30,20
23,4203,0.09790730931005708,0.12175749174182783,0.061752667256205596,0.7185825316919088,25,30,20
23,4204,0.0978835961082349,0.12175749172309704,0.06175252784110631,0.7186063843275609,25,30,20
23,4205,0.09788367385883047,0.12175749172742506,0.06175250205668419,0.7186063323570595,25,30,20
23,4206,0.09787733848374451,0.11981126882166603,0.0637050594162471,0.7186063332783416,25,30,20
23,4207,0.09787655036146788,0.11981126881192262,0.063703580569299,0.7186086002573095,25,30,20
23,4208,0.09788571081342877,0.11981126880221135,0.06370354176550247,0.7185994786188564,25,30,20
23,4209,0.0978958479770548,0.11981126883084439,0.0635052553944186,0.7187876277976817,25,30,20
23,4210,0.09788571082499123,0.11981126880229219,0.06350495823291712,0.7187980621397989,25,30,20
23,4211,0.09149154183313771,0.11981214011388205,0.07001007090834661,0.7186862471446323,25,30,20
23,4212,0.09116136760348872,0.11981213869128414,0.0699998946376364,0.7190265990675894,25,30,20
23,4213,0.09117061570789431,0.1198121386912743,0.07000775525100875,0.7190094903498212,25,30,20
23,4214,0.09117104094821243,0.1198121387009966,0.0700078161692784,0.7190090041815111,25,30,20
23,4215,0.09155392681875543,0.11981207939719835,0.06962492677506141,0.7190090670089834,25,30,20
23,4216,0.09155375889724215,0.11981207938317168,0.06962494320954306,0.719009218510042,25,30,20
23,4217,0.091562497237502,0.11981207936862619,0.06962485138655475,0.719000572007316,25,30,20
23,4218,0.09153254124745111,0.11984225675077816,0.06962463132385201,0.7190005706779179,25,30,20
23,4219,0.064414772180007,0.11986096241615314,0.0967237111996138,0.719000554204224,25,30,20
23,4220,0.06445885632936901,0.11986096330950191,0.09671646994460083,0.7189637104165263,25,30,20
23,4221,0.06446834425173649,0.11986096331862768,0.09671284723894924,0.718957845190685,25,30,20
23,4222,0.06446345310119177,0.11986616190876667,0.09671254042662851,0.7189578445634113,25,30,20
23,4223,0.06446796961988005,0.11985267773370775,0.09672150870561762,0.7189578439407931,25,30,20
23,4224,0.06446831131484086,0.11985267775294929,0.09672157958414719,0.7189574313480612,25,30,20
23,4225,0.06446840120644501,0.11985267776248254,0.09672161394470588,0.718957307086365,25,30,20
23,4226,0.06448917791776307,0.11985267781468303,0.09672413757861258,0.7189340066889397,25,30,20
23,4227,0.06448928294245115,0.11985262046890974,0.0967240898720659,0.7189340067165717,25,30,20
23,4228,0.06532858423362724,0.11985262072238748,0.0967320443191087,0.7180867507248753,25,30,20
23,4229,0.06617486108248721,0.11985262289688309,0.09674271848525345,0.717229797535375,25,30,20
23,4230,0.041481361395572326,0.11988893065957028,0.12136926476720142,0.717260443177656,25,30,20
23,4231,0.04174510004863549,0.11988893065162648,0.12137346854876345,0.7169925007509746,25,30,20
23,4232,0.02443250781504415,0.1198888148060176,0.13869010354869013,0.7169885738302487,25,30,20
23,4233,0.024441959360349944,0.11988881482150872,0.13913349263303657,0.7165357331851052,25,30,20
23,4234,0.024451204400364253,0.11988881482149556,0.13913349341002118,0.7165264873681196,25,30,20
23,4235,0.024149036140223804,0.1198888147830165,0.13912899015327906,0.7168331589234812,25,30,20
23,4236,0.024144586779565796,0.11990218954737569,0.1391200638035674,0.7168331598694916,25,30,20
23,4237,0.024120707080128156,0.11990218952440092,0.13911978670985667,0.7168573166856149,25,30,20
23,4238,0.012112119355124169,0.11986588823805717,0.15119536432621505,0.7168266280806042,25,30,20
23,4239,0.014523431961477831,0.11986650409395935,0.14877949110757505,0.7168305728369887,25,30,20
23,4240,0.020909971930573153,0.11986769538811448,0.138773758084891,0.7204485745964213,25,30,20
23,4241,0.020933848426617777,0.11986769541107767,0.138773891190684,0.7204245649716208,25,30,20
23,4242,0.02092958335280336,0.11986769544884467,0.13877414486610426,0.7204285763322482,25,30,20
23,4243,0.020046707520068607,0.11986769432607959,0.13876585393763496,0.7213197442162176,25,30,20
23,4244,0.02003107953877787,0.1198676937676785,0.1387737828101759,0.7213274438833683,25,30,20
23,4245,0.020007454643508903,0.11986769375414202,0.13877717914069376,0.721347672461656,25,30,20
23,4246,0.019998209500360745,0.11986769375416136,0.13877731745081878,0.7213567792946597,25,30,20
23,4247,0.03923522262579057,0.11986706972774235,0.11954434028790863,0.721353367358559,25,30,20
23,4248,0.02188836927669882,0.11986772320153254,0.13687560267081128,0.7213683048509582,25,30,20
23,4249,0.02188325565198806,0.11987292624779769,0.13687551321693242,0.721368304883283,25,30,20
23,4250,0.029814239970566377,0.11987863547647942,0.12894636033003193,0.7213607642229236,25,30,20
23,4251,0.01759317408571613,0.11987226754595032,0.14118172246315155,0.7213528359051833,25,30,20
23,4252,0.017602991066391713,0.11986264007528126,0.14118153392583627,0.721352834932492,25,30,20
23,4253,0.01760851889403056,0.11933261049388992,0.14170603504105114,0.7213528355710291,25,30,20
23,4254,0.01760791950559379,0.11933261047496739,0.14170611904779537,0.7213533509716445,25,30,20
23,4255,0.01761819425760982,0.11984423334643479,0.14118422016577434,0.7213533522301827,25,30,20
23,4256,0.01796550721220842,0.11984423451522383,0.14119151318443116,0.7209987450881377,25,30,20
23,4257,0.017965206843305433,0.11984424273039813,0.14119179757700862,0.7209987528492892,25,30,20
23,4258,0.017985399784925818,0.11984424275038848,0.14119987762363448,0.7209704798410524,25,30,20
23,4259,0.017985404414650664,0.11984424275063593,0.14119988144470313,0.7209704713900118,25,30,20
23,4260,0.018194632016957094,0.11984423519601693,0.14099066295317422,0.7209704698338532,25,30,20
23,4261,0.017987042310073902,0.11984423451954095,0.1411979429107743,0.7209707802596121,25,30,20
23,4262,0.017996977327231163,0.11984423453832584,0.14119795847370237,0.7209608296607425,25,30,20
23,4263,0.018012325705625453,0.11984423459905669,0.14119855395995184,0.720944885735368,25,30,20
23,4264,0.01800664438087818,0.11984423456313037,0.14120836496682274,0.7209407560891706,25,30,20
23,4265,0.018015987790031395,0.11983464135733554,0.14120861413039365,0.7209407567222417,25,30,20
23,4266,0.01801626557997129,0.1198346413578566,0.1412085112849153,0.7209405817772593,25,30,20
23,4267,0.01800659099191912,0.11983464136225046,0.14120834883988093,0.720950418805952,25,30,20
23,4268,0.018019541536145822,0.1198148281976632,0.1412152121416701,0.7209504181245231,25,30,20
23,4269,0.057832467280967324,0.11981484524149405,0.10140256629629758,0.7209501211812421,25,30,20
23,4270,0.05832211431980133,0.11981484411982031,0.10140061827671404,0.7204624232836656,25,30,20
23,4271,0.05832227433958262,0.11981487901302877,0.10140042336414191,0.7204624232832479,25,30,20
23,4272,0.058322438375037526,0.11981487900822317,0.10140041535063522,0.7204622672661053,25,30,20
23,4273,0.058652267590195845,0.1198148803950568,0.10140034871742439,0.7201325032973241,25,30,20
23,4274,0.058661526040061016,0.11981488039530092,0.10140035221757708,0.7201232413470622,25,30,20
23,4275,0.058661193432375705,0.11981488038475302,0.10138999283153018,0.7201339333513421,25,30,20
23,4276,0.05866979317605918,0.1198148795032568,0.1013847010379947,0.72013062628269,25,30,20
23,4277,0.0586797142637533,0.11981487952249696,0.10138474686389513,0.7201206593498551,25,30,20
23,4278,0.059316116263853386,0.11981488259567633,0.10140476363912777,0.719464237501343,25,30,20
23,4279,0.059315779765779994,0.11981488257693346,0.10140467451516547,0.7194646631421215,25,30,20
23,4280,0.05930619660136691,0.11981488257644748,0.10140480782775027,0.7194741129944359,25,30,20
23,4281,0.05929720407100962,0.11982386536297465,0.10140481725390353,0.7194741133121128,25,30,20
23,4282,0.05931136962170124,0.11980951413780107,0.10140500231306973,0.7194741139274285,25,30,20
23,4283,0.05931178798005833,0.1198095141474216,0.10140489934752869,0.7194737985249918,25,30,20
23,4284,0.05931617708048037,0.11980487540540612,0.10140514932232815,0.7194737981917858,25,30,20
23,4285,0.059320612778898045,0.11980073757392441,0.10140485205646838,0.7194737975907095,25,30,20
23,4286,0.05553239193363432,0.11980076438739497,0.10519284114724403,0.719474002531727,25,30,20
23,4287,0.05553238299170657,0.11980076438705863,0.10519283543206892,0.7194740171891664,25,30,20
23,4288,0.055547109874555974,0.11980076440132667,0.10519299896450401,0.7194591267596138,25,30,20
23,4289,0.055523281405095756,0.11982479840535586,0.10519279372824362,0.7194591264613053,25,30,20
23,4290,0.05467684114134979,0.11982479623078042,0.1051822580771725,0.7203161045506978,25,30,20
23,4291,0.05156053248011287,0.11982478908346117,0.10829869916804753,0.7203159792683791,25,30,20
23,4292,0.05158389450485685,0.11982478905513068,0.10829840253749141,0.7202929139025209,25,30,20
23,4293,0.054531320381685136,0.1198248384544884,0.1053497498334682,0.7202940913303582,25,30,20
23,4294,0.05178182023319136,0.12137085704366397,0.10655395613542033,0.7202933665877242,25,30,20
23,4295,0.051776767827850526,0.1213708570473791,0.10655402353294786,0.7202983515918225,25,30,20
23,4296,0.05176574183657963,0.12137085699525846,0.10655144993330767,0.7203119512348546,25,30,20
23,4297,0.05173688377566462,0.12140923982604207,0.10654192640121232,0.7203119499970816,25,30,20
23,4298,0.051397805905236786,0.12140923843782678,0.10672369369600256,0.7204692619609344,25,30,20
23,4299,0.05138836034954736,0.1214092384227526,0.10628030832797819,0.7209220928997223,25,30,20
23,4300,0.05056081443755061,0.1214092383848463,0.10627497019592022,0.721754976981683,25,30,20
23,4301,0.05057006684327361,0.1214092383893919,0.10627154330254564,0.7217491514647889,25,30,20
23,4302,0.05049197537920594,0.12144076840247164,0.10631780951287839,0.7217494467054459,25,30,20
23,4303,0.05049188770639492,0.12144076839748856,0.10631777707507867,0.7217495668210395,25,30,20
23,4304,0.05050121669959095,0.1214407684022112,0.10631772922156502,0.7217402856766347,25,30,20
23,4305,0.049864814727945905,0.12144076532911482,0.10629771343970043,0.7223967065032406,25,30,20
23,4306,0.05337013581369081,0.1214395829258042,0.106412064810998,0.718778216449508,25,30,20
23,4307,0.05336993948817409,0.12143958293008014,0.10641563509473155,0.7187748424870155,25,30,20
23,4308,0.053700692664138995,0.1210893104154403,0.10643508021621015,0.7187749167042118,25,30,20
23,4309,0.05369136471693389,0.12108931042498294,0.10643511370767143,0.7187842111504132,25,30,20
23,4310,0.05369251614998666,0.12108931048274316,0.10643565404154284,0.7187825193257288,25,30,20
23,4311,0.053980432913978575,0.12108931054448353,0.10644320405016534,0.718487052491374,25,30,20
23,4312,0.05394171913765425,0.12108931050243844,0.10644284737096209,0.7185261229889461,25,30,20
23,4313,0.053941801821822885,0.12108931050227005,0.10644287135382414,0.7185260163220838,25,30,20
23,4314,0.05375091504561097,0.11954324271753348,0.10818027775860851,0.7185255644782488,25,30,20
23,4315,0.0537555536417421,0.11954324271229941,0.10798841020569042,0.7187127934402701,25,30,20
23,4316,0.05376038443379853,0.1195432427217314,0.10798854818666934,0.7187078246578025,25,30,20
23,4317,0.053730441409948426,0.11954324267777869,0.10798018533491537,0.7187461305773595,25,30,20
23,4318,0.053730360656481305,0.11954324266849171,0.10798015576942416,0.7187462409056046,25,30,20
23,4319,0.05478851046772139,0.11954321025748652,0.1069221925195283,0.7187460867552652,25,30,20
23,4320,0.05450042133035396,0.11954321020993347,0.10691467784121493,0.719041690618499,25,30,20
23,4321,0.05449100333719437,0.1195432102143407,0.10691468358962634,0.7190511028588399,25,30,20
23,4322,0.054491172027032964,0.11954321020953657,0.10691468175951778,0.7190509360039142,25,30,20
23,4323,0.05450033232533975,0.11954321019990005,0.10691469109594129,0.7190417663788203,25,30,20
23,4324,0.054491254276266415,0.11955226914861006,0.10691470957335703,0.7190417670017678,25,30,20
23,4325,0.05448174872712256,0.11955226913447574,0.10691460405862083,0.7190513780797824,25,30,20
23,4326,0.05480942826263688,0.11955227260873982,0.10658684657901711,0.7190514525496077,25,30,20
23,4327,0.0548239210649898,0.11955227262263268,0.10658715821708906,0.71903664809529,25,30,20
23,4328,0.05482005796545779,0.11955227261438987,0.1065872281745767,0.7190404412455768,25,30,20
23,4329,0.05481997062266178,0.1195522726095542,0.1065863357421099,0.7190414210256756,25,30,20
23,4330,0.04028373473160762,0.11955521867044604,0.12111860785173838,0.7190424387462095,25,30,20
23,4331,0.04030253115910486,0.11955521867485386,0.1211185790394454,0.719023671126597,25,30,20
23,4332,0.04031177585986088,0.11955521867516902,0.12111863665927831,0.7190143688056928,25,30,20
23,4333,0.0395887487770747,0.11950411018614669,0.12189299591832281,0.7190141451184578,25,30,20
23,4334,0.039574285166585614,0.1195041101675698,0.12189285861887406,0.7190287460469726,25,30,20
23,4335,0.039574288115633766,0.11950411016764464,0.12189285711735369,0.7190287445993698,25,30,20
23,4336,0.03957436733655556,0.11950411017188811,0.12189296977830039,0.7190285527132579,25,30,20
23,4337,0.03958377641808224,0.11950411016790399,0.12189568205701803,0.719016431356997,25,30,20
23,4338,0.039588636142272,0.11950411016398237,0.12189550581562023,0.7190117478781265,25,30,20
23,4339,0.03958839239792398,0.11950411015428025,0.12189558703712851,0.7190119104106679,25,30,20
23,4340,0.03964455720847069,0.11950410707538442,0.12183948112753726,0.7190118545886091,25,30,20
23,4341,0.03963539827854226,0.11950410708949402,0.12183701512358898,0.7190234795083761,25,30,20
23,4342,0.03964464763659397,0.11950410708926297,0.12183443475007134,0.7190168105240733,25,30,20
23,4343,0.039635655813478034,0.11950410709400726,0.12183440155408114,0.719025835538435,25,30,20
23,4344,0.03963445819268096,0.11950410707900902,0.12183432742156844,0.7190271073067426,25,30,20
23,4345,0.03964417935925833,0.11950410709164394,0.13068687335001752,0.7101648401990812,25,30,20
23,4346,0.03963502462825654,0.11950410708782512,0.13068681020503417,0.7101740580788851,25,30,20
23,4347,0.03963012620039249,0.11950410705512551,0.1306865876761628,0.7101791790683198,25,30,20
23,4348,0.03961964649134971,0.11950410699264839,0.1306860951112707,0.7101901514047319,25,30,20
23,4349,0.039619384434775036,0.11950410699703579,0.1306860682905227,0.7101904402776672,25,30,20
23,4350,0.03964825207290274,0.1195049278369807,0.1306564292120946,0.7101903908780224,25,30,20
23,4351,0.03964850532702425,0.11950467141622945,0.13065643300103896,0.7101903902557075,25,30,20
23,4352,0.039673963958152945,0.11950467146009328,0.1306602053408075,0.7101611592409464,25,30,20
23,4353,0.03967388602014116,0.11950467146954942,0.13066019544580754,0.7101612470645016,25,30,20
23,4354,0.0393280393757142,0.11955114278119329,0.13095957649256024,0.7101612413505317,25,30,20
23,4355,0.03932787348225978,0.1195511427716464,0.13095962980900241,0.7101613539370908,25,30,20
23,4356,0.039944631147545595,0.1189227610128919,0.13097121559141248,0.7101613922481498,25,30,20
23,4357,0.03993539706390777,0.11892276101333309,0.13097108331841556,0.7101707586043433,25,30,20
23,4358,0.039959117177817055,0.11892276102693644,0.13097121607302672,0.7101469057222198,25,30,20
23,4359,0.03958978687453589,0.11897666656598872,0.1312849738680816,0.7101485726913941,25,30,20
23,4360,0.03924961695035228,0.119336144803383,0.13126573947702977,0.7101484987692354,25,30,20
23,4361,0.004767629111926088,0.1193403914116723,0.1657432070459217,0.7101487724304802,25,30,20
23,4362,0.004729042803972418,0.1192930806409553,0.16582812911768183,0.7101497474373906,25,30,20
23,4363,0.004724374911313296,0.11929308064666111,0.15697572062629156,0.7190068238157348,25,30,20
23,4364,0.004710338935709655,0.11929308062361545,0.15697565805520255,0.719020922385473,25,30,20
23,4365,0.004708678100863358,0.1192930805980739,0.15697196878347344,0.7190262725175895,25,30,20
23,4366,0.004717825574671429,0.11929308060197565,0.15697189517838323,0.7190171986449702,25,30,20
23,4367,0.004717236178875557,0.11929367746734557,0.15697188770927537,0.7190171986445034,25,30,20
23,4368,0.004746581049913495,0.11929367751523653,0.1569722018000131,0.7189875396348364,25,30,20
23,4369,0.00834564480229328,0.11927520913239772,0.15339304749722907,0.7189860985680796,25,30,20
23,4370,0.008336396916365615,0.11927520913249161,0.15339304879219476,0.7189953451589477,25,30,20
23,4371,0.008235122829978563,0.11927564107503845,0.1534949609356323,0.7189942751593508,25,30,20
23,4372,0.008244545630266619,0.11927564106042549,0.15349476239666882,0.718985050912639,25,30,20
23,4373,0.008244379452010652,0.11927564106457153,0.15349458524222132,0.718985394241196,25,30,20
23,4374,0.005986472162791803,0.11927138554591057,0.1557038157655922,0.7190383265257058,25,30,20
23,4375,0.005374611645127626,0.11989446165012532,0.15569263723447738,0.7190382894702697,25,30,20
23,4376,0.0053842775384181,0.11989446166431211,0.15569256131239187,0.7190286994848784,25,30,20
23,4377,0.005383853337027336,0.11989446166887736,0.1556924930878295,0.7190291919062656,25,30,20
23,4378,0.005393096906904475,0.11989446166855283,0.1556926321048307,0.719019809319712,25,30,20
23,4379,0.00540321149445,0.11989446171084273,0.15569293504775877,0.7190093917469487,25,30,20
23,4380,0.005393735458019281,0.11989446170688602,0.15569295777945416,0.7190188450556407,25,30,20
23,4381,0.00541255742081814,0.11989446171176622,0.15569296047494333,0.7190000203924721,25,30,20
23,4382,0.03346579021454761,0.1198946550924452,0.1276807350664343,0.7189588196265726,25,30,20
23,4383,0.03347503704351469,0.11989465509210284,0.1276807325340813,0.7189495753303006,25,30,20
23,4384,0.03347990598748179,0.11989465510029969,0.12768085953591293,0.718944579376305,25,30,20
23,4385,0.03347048306001139,0.11989465511441992,0.1276808713399329,0.7189539904856352,25,30,20
23,4386,0.03347077539885818,0.0824746569352998,0.16510057680650253,0.7189539908593406,25,30,20
23,4387,0.03346178487398809,0.0824746569405334,0.16510060781963198,0.7189629503658475,25,30,20
23,4388,0.033456892623511834,0.08101021987791122,0.1665699386946256,0.7189629488039522,25,30,20
23,4389,0.03346638372926483,0.082470406310537,0.165100260228271,0.718962949731928,25,30,20
23,4390,0.03347074204061043,0.08247040629133613,0.165096910550413,0.7189619411176404,25,30,20
23,4391,0.03348015503739911,0.0824704062772844,0.16509687379935925,0.7189525648859572,25,30,20
23,4392,0.03345633352885355,0.0824704062590772,0.165096649871293,0.7189766103407763,25,30,20
23,4393,0.03344237820644695,0.08247040626049826,0.16509663642635491,0.7189905791067003,25,30,20
23,4394,0.03343339191775197,0.08247040627535285,0.1650967296308892,0.7189994721760062,25,30,20
23,4395,0.03377487832326829,0.08251475250828838,0.16471083031274392,0.7189995388556999,25,30,20
23,4396,0.03340493205104582,0.08246701825816187,0.1338661521141867,0.7502618975766056,25,30,20
23,4397,0.033419231349625746,0.08246701828171155,0.1338662912086891,0.7502474591599736,25,30,20
23,4398,0.033486430768007495,0.07993354017482299,0.13633253232010845,0.7502474967370616,25,30,20
23,4399,0.03345997555213508,0.07993356415716313,0.13635691968700533,0.7502495406036968,25,30,20
23,4400,0.03428735430064371,0.0799335655366029,0.13636680683173688,0.7494122733310169,25,30,20
23,4401,0.03428759479354084,0.07993356553189994,0.1363703123003034,0.7494085273742566,25,30,20
23,4402,0.0729980735553042,0.07993352987870325,0.09766151503853754,0.7494068815274548,25,30,20
23,4403,0.07300765332021351,0.07993352988799178,0.09766146044238938,0.7493973563494052,25,30,20
23,4404,0.07300792269352105,0.07993352984316572,0.08897042754370814,0.7580881199196048,25,30,20
23,4405,0.07302316806424876,0.07993352985816365,0.08897050654681278,0.7580727955307749,25,30,20
23,4406,0.07302316774514261,0.07993352985790912,0.08897050558846999,0.7580727968084782,25,30,20
23,4407,0.07303266310531577,0.07993352985790786,0.08897041856924216,0.7580633884675342,25,30,20
23,4408,0.07302806420148698,0.0799335298763845,0.08896704260191965,0.7580713633202091,25,30,20
23,4409,0.07302790159192923,0.07993352988078554,0.0889670456506355,0.7580715228766499,25,30,20
23,4410,0.07217734110036114,0.0799335285209287,0.0889588344544599,0.7589302959242503,25,30,20
23,4411,0.07244371514740813,0.07993353077698852,0.0886364346055176,0.7589863194700861,25,30,20
23,4412,0.07243884195808772,0.07993353076331657,0.08863630409242691,0.758991323186169,25,30,20
23,4413,0.07244783716705089,0.07993353075808365,0.08863627116253296,0.7589823609123327,25,30,20
23,4414,0.07405633962872558,0.07993353080829216,0.08864465609677191,0.7573654734662105,25,30,20
23,4415,0.07405634000101352,0.07993353080961221,0.08908788966651587,0.7569222395228582,25,30,20
23,4416,0.07406555122048789,0.07993353079431803,0.08908760369269039,0.7569133142925035,25,30,20
23,4417,0.0740562973654923,0.07993353079427677,0.0890911806986131,0.7569189911416175,25,30,20
23,4418,0.07405140105189861,0.0799335307804169,0.08909097042712734,0.7569240977405566,25,30,20
23,4419,0.07405121799231953,0.07993353077566759,0.08909096481573392,0.7569242864162784,25,30,20
23,4420,0.07405104945456169,0.0799335307802326,0.08909110606350719,0.756924313701698,25,30,20
23,4421,0.07404129653839918,0.07993353077070536,0.08909104652657,0.7569341261643254,25,30,20
23,4422,0.07403196401845265,0.079933530766158,0.08909088232702325,0.756943622888366,25,30,20
23,4423,0.07376587311625735,0.0799335285201904,0.08941299992732776,0.7568875984362242,25,30,20
23,4424,0.07378905734570668,0.07993352850957629,0.08941137727003713,0.7568660368746798,25,30,20
23,4425,0.07378906330644006,0.0799335285101549,0.08941142269546636,0.7568659854879387,25,30,20
23,4426,0.07377470137016759,0.07993352853787694,0.08941150968354458,0.7568802604084109,25,30,20
23,4427,0.07380489711974662,0.07993352939454199,0.08941683803275724,0.7568447354529542,25,30,20
23,4428,0.07382055138087172,0.07993352945263035,0.08941724249208093,0.756828676674417,25,30,20
23,4429,0.07381983647073624,0.07993352940533395,0.08941693069860746,0.7568297034253223,25,30,20
23,4430,0.07382950698720425,0.07993352940100404,0.0894169538670583,0.7568200097447335,25,30,20
23,4431,0.07382009987202046,0.07993352939668746,0.08941699399935751,0.7568293767319346,25,30,20
23,4432,0.07381051810340793,0.07993352940591053,0.08941700477489233,0.7568389477157893,25,30,20
23,4433,0.0738103542055779,0.07993352940138808,0.089413427588109,0.7568426888049253,25,30,20
23,4434,0.07379605947903703,0.0799335293782562,0.08941328646403354,0.7568571246786737,25,30,20
23,4435,0.07379597621234212,0.07993352937229903,0.08897016518118737,0.7573003292341718,25,30,20
23,4436,0.07383823922172268,0.07993352937607785,0.08887315057481857,0.7573550808273815,25,30,20
23,4437,0.07378913993504392,0.07993352951298442,0.08892305358359744,0.7573542769683748,25,30,20
23,4438,0.07379855636025837,0.0799335295081622,0.08892305096157394,0.7573448631700062,25,30,20
23,4439,0.07380361835738979,0.07993352953166769,0.08892332903029548,0.7573395230806474,25,30,20
23,4440,0.07382291371782174,0.07993353003240884,0.08895683336920354,0.7572867228805664,25,30,20
23,4441,0.07381374665251919,0.07993353003705678,0.08895671995204239,0.7572960033583823,25,30,20
23,4442,0.07376042120616948,0.07993352997041817,0.08895624171086808,0.7573498071125436,25,30,20
23,4443,0.08375292679414237,0.0799333396337716,0.07897258861569646,0.7573411449563892,25,30,20
23,4444,0.08376276637514318,0.07993333963369786,0.07897259714339847,0.7573312968477601,25,30,20
23,4445,0.08215493449945567,0.07993333957949499,0.07896426443574725,0.7589474614853016,25,30,20
23,4446,0.08216496764734674,0.07993333961168197,0.07896440596462714,0.7589372867763435,25,30,20
23,4447,0.08278816934360782,0.07993335691284993,0.07833993747322027,0.7589385362703212,25,30,20
23,4448,0.08277832612517166,0.07993335689309794,0.07833986698063888,0.7589484500010909,25,30,20
23,4449,0.08279254705966971,0.07993335691616506,0.07834002775175573,0.7589340682724091,25,30,20
23,4450,0.08276891291376459,0.07993335689303141,0.07833986636727139,0.758957863825932,25,30,20
23,4451,0.0827528376026004,0.07993335683934602,0.07833944028226254,0.7589743652757907,25,30,20
23,4452,0.07909270286077437,0.07989791900152793,0.08203524447910665,0.7589741336585921,25,30,20
23,4453,0.07909296035370188,0.07989791901116262,0.0820353031220163,0.7589738175131202,25,30,20
23,4454,0.07932263790124837,0.07989790326203931,0.08180800186351987,0.7589714569731936,25,30,20
23,4455,0.08172638845249315,0.07989790467639678,0.07825477166313363,0.7601209352079767,25,30,20
23,4456,0.08172681414817687,0.07989790468614003,0.07825487807934513,0.7601204030863384,25,30,20
23,4457,0.08171686087395758,0.07989790465876587,0.07825458524384583,0.7601306492234313,25,30,20
23,4458,0.08173221409704193,0.0798979047243133,0.07825503002469678,0.7601148511539481,25,30,20
23,4459,0.08284522473194372,0.07996940440879627,0.05283401903510943,0.7843513518241504,25,30,20
23,4460,0.08279523298072539,0.07996954537560891,0.05288032353341854,0.784354898110247,25,30,20
23,4461,0.082810651051641,0.07996954651143329,0.05288353492404622,0.7843362675128794,25,30,20
23,4462,0.08281064934642879,0.07996954651117574,0.05288339457048747,0.7843364095719083,25,30,20
23,4463,0.08281057575055038,0.07996954651160604,0.05288664846159635,0.7843332292762475,25,30,20
23,4464,0.08280488650007259,0.07996954645550365,0.05288623519736443,0.7843393318470596,25,30,20
23,4465,0.08203073324986594,0.0799695458229163,0.05364252654849047,0.7843571943787276,25,30,20
23,4466,0.08202157300530467,0.07996954583273104,0.053642626832616974,0.7843662543293476,25,30,20
23,4467,0.08193394762557529,0.0799695442668854,0.05374815359511066,0.7843483545124289,25,30,20
23,4468,0.08193421160161347,0.07996954426697851,0.05374822964624263,0.7843480144851656,25,30,20
23,4469,0.08193420702051016,0.07996954426215817,0.053756087251280046,0.7843401614660519,25,30,20
23,4470,0.08194363172407565,0.07996954425804273,0.05375673854121368,0.7843300854766683,25,30,20
23,4471,0.08192762462627608,0.0799695431031799,0.05375347223258582,0.7843493600379585,25,30,20
23,4472,0.08190664450696375,0.07996954223508382,0.05419129410623473,0.7839325191517181,25,30,20
23,4473,0.08190718844456336,0.07996954226892736,0.054191441631143734,0.7839318276553661,25,30,20
23,4474,0.0793222629938324,0.07996990864878788,0.055335050274146085,0.7853727780832339,25,30,20
23,4475,0.07934631101776887,0.07994245987867492,0.05533845008782026,0.7853727790157359,25,30,20
23,4476,0.0793561485082553,0.07994245986928314,0.05533846990956779,0.7853629217128936,25,30,20
23,4477,0.07935125490410122,0.07994245985534347,0.055330473308878976,0.7853758119316762,25,30,20
23,4478,0.048058293582559794,0.07994230566310975,0.08789587228848897,0.7841035284658416,25,30,20
23,4479,0.04805804117977096,0.07994230565813978,0.08789584262029607,0.7841038105417928,25,30,20
23,4480,0.048052808054784873,0.0799423056346671,0.0878956762207716,0.7841092100897755,25,30,20
23,4481,0.048028864800529425,0.07996958493388369,0.08789234078506655,0.7841092094805195,25,30,20
23,4482,0.04802860085106163,0.07996958493317755,0.0878916607963338,0.7841101534194262,25,30,20
23,4483,0.048913336460577585,0.07996958607446762,0.0879082655050893,0.7832088119598647,25,30,20
23,4484,0.04892258130741065,0.07996958607403622,0.08790825845253869,0.7831995741660133,25,30,20
23,4485,0.04891317007139004,0.07996958606957441,0.08790826028517892,0.783208983573855,25,30,20
23,4486,0.048913006936908934,0.07996958607395686,0.08790822209728275,0.7832091848918502,25,30,20
23,4487,0.04892201070168306,0.07996958606497703,0.08790816942804688,0.7832002338052918,25,30,20
23,4488,0.04895060198713219,0.07996958610212283,0.08790839370733407,0.7831714182034095,25,30,20
23,4489,0.05014100380961026,0.07996958238011506,0.08671843055773769,0.7831709832525356,25,30,20
23,4490,0.050152125643450465,0.07996958242875116,0.08671875282465108,0.7831595391031461,25,30,20
23,4491,0.050152317857328405,0.0799695824432443,0.08671884245274951,0.7831592572466765,25,30,20
23,4492,0.05015284105234313,0.07996958244446373,0.08671885504058022,0.7831587214626119,25,30,20
23,4493,0.05014359158340773,0.07996958244439697,0.08671891721068203,0.7831679087615122,25,30,20
23,4494,0.05015275848302123,0.07996958243957474,0.0867188880696581,0.7831587710077446,25,30,20
23,4495,0.04664523362463448,0.07989808134016503,0.0757420877389719,0.7977145972962272,25,30,20
23,4496,0.04664523220176393,0.07989808133966901,0.0757420843133624,0.7977146021452033,25,30,20
23,4497,0.04663060379092289,0.07989808134987621,0.07631218231743957,0.7971591325417599,25,30,20
23,4498,0.04748578637727628,0.07989808140143224,0.07631733371254015,0.7962987985087498,25,30,20
23,4499,0.047529524489526465,0.07989808137692907,0.07574887028539269,0.7968235238481504,25,30,20
23,4500,0.04752077703127546,0.07989808138632751,0.07574892581994973,0.7968322157624459,25,30,20
23,4501,0.04751136051572656,0.0798980814000457,0.07574897921480543,0.7968415788694212,25,30,20
23,4502,0.047501983193650885,0.07989808140956582,0.07575406068364679,0.7968458747131357,25,30,20
23,4503,0.04751172160309421,0.07989808143721047,0.07574909168798895,0.7968411052717055,25,30,20
23,4504,0.04745837335251456,0.07989808142234416,0.0757551185543857,0.7968884266707549,25,30,20
23,4505,0.04746796996697725,0.07989808140866601,0.07575780089908976,0.7968761477252663,25,30,20
23,4506,0.04747679576051052,0.07989808140374227,0.07575772547049185,0.7968673973652547,25,30,20
23,4507,0.04746737672723842,0.07989808139891702,0.07575515357550568,0.7968793882983382,25,30,20
23,4508,0.04752402588974184,0.0798980814348851,0.07575541135548586,0.7968224813198865,25,30,20
23,4509,0.047514355701199,0.07989808144395037,0.0757553916976331,0.7968321711572166,25,30,20
23,4510,0.047518997509844556,0.07989808145275865,0.07575574943237014,0.7968271716050255,25,30,20
23,4511,0.04751915191064765,0.07989808145690015,0.07575245014828562,0.7968303164841666,25,30,20
23,4512,0.047518985407673256,0.07989808146678032,0.07574458496530725,0.796838348160239,25,30,20
23,4513,0.048370089515585815,0.07989808336390278,0.07575431775642864,0.7959775093640826,25,30,20
23,4514,0.04836039373081593,0.07989808334434959,0.07575425497733199,0.7959872679475026,25,30,20
23,4515,0.04751976125448147,0.07989808332090198,0.07574944847932256,0.796832706945294,25,30,20
23,4516,0.047845115098019704,0.0798980849721762,0.07575917803957591,0.7964976218902282,25,30,20
23,4517,0.04695139054548331,0.07989808383621129,0.07574260457724585,0.79740792104106,25,30,20
23,4518,0.04696576635200755,0.07989808385005899,0.07574271049921519,0.7973934392987186,25,30,20
23,4519,0.046970289666797296,0.07989808383187343,0.07574239119851503,0.7973892353028148,25,30,20
23,4520,0.04697020821714311,0.07989808384124647,0.07574244559392669,0.7973892623476843,25,30,20
23,4521,0.04693202083446629,0.07989808381363547,0.07574217913058404,0.7974277162213153,25,30,20
23,4522,0.04961932129389795,0.07989809128353044,0.07305476661230301,0.79742782081027,25,30,20
23,4523,0.04961084137964285,0.07989809130337516,0.0730548874548792,0.7974361798621044,25,30,20
23,4524,0.04960135776527037,0.07989809129995726,0.0726116450959461,0.7978889058388277,25,30,20
23,4525,0.049955124930400815,0.07989809246275376,0.07262021018905966,0.797526572417787,25,30,20
23,4526,0.05081550142296365,0.07989809438313202,0.07263038435184431,0.7966560198420608,25,30,20
23,4527,0.05047097785327419,0.0798980932201629,0.07262181535087174,0.7970091135756919,25,30,20
23,4528,0.05047123271756033,0.07989809322498145,0.07262184299336662,0.7970088310640924,25,30,20
23,4529,0.05048006187440406,0.07989809322462862,0.07262184135203666,0.7970000035489313,25,30,20
23,4530,0.05049435659995496,0.07989809324767112,0.07262191049214663,0.7969856396602278,25,30,20
23,4531,0.0505085754475768,0.07988380065881243,0.0726219845448799,0.7969856393487319,25,30,20
23,4532,0.05050840865698041,0.07988380064934647,0.07262197703477216,0.7969858136589019,25,30,20
23,4533,0.050440637425482084,0.07988380056464404,0.07262139136672743,0.7970541706431474,25,30,20
23,4534,0.020097458008164964,0.07989400979929853,0.10295430012319678,0.7970542320693405,25,30,20
23,4535,0.020082737703422327,0.0798940097755877,0.10295395422141418,0.7970692982995764,25,30,20
23,4536,0.020121011543592013,0.07989400980874754,0.1029542292002697,0.7970307494473908,25,30,20
23,4537,0.01980000875736566,0.07989400813871407,0.10294436181698341,0.7973616212869369,25,30,20
23,4538,0.019805069061201157,0.07989400816186959,0.1029444432677668,0.7973564795091623,25,30,20
23,4539,0.0198051431060522,0.07989400816221372,0.10294796165805196,0.797352887073682,25,30,20
23,4540,0.019805233379011355,0.07989400816719261,0.1029506445922336,0.7973501138615617,25,30,20
23,4541,0.020651296950050368,0.0798940098323577,0.10295967064490881,0.7964950225726827,25,30,20
23,4542,0.048204874346908684,0.07988389597905245,0.07523883143549495,0.7966723982385436,25,30,20
23,4543,0.049347944996111136,0.07988380763292718,0.07427328127915117,0.7964949660918103,25,30,20
23,4544,0.049353998078737166,0.0798838087364328,0.07427470669441325,0.7964874864904161,25,30,20
23,4545,0.04935389319349677,0.07987200977438105,0.07428661087577626,0.7964874861563449,25,30,20
23,4546,0.04937708880902527,0.07987200977808352,0.07428665485724673,0.7964642465556439,25,30,20
23,4547,0.06752873507624281,0.07987224391648992,0.05611213952456023,0.7964868814827064,25,30,20
23,4548,0.06751426804284548,0.07988685513706036,0.05611199597011019,0.7964868808499834,25,30,20
23,4549,0.06750493236921405,0.07988685512744119,0.05611193708908927,0.7964962754142552,25,30,20
23,4550,0.0675194002838835,0.07988685514601489,0.05611207357207117,0.7964816709980304,25,30,20
23,4551,0.06760635577883276,0.07988685631237007,0.0561155764792664,0.7963912114295314,25,30,20
23,4552,0.0676154364867587,0.07988685629776121,0.05611810984923689,0.7963795973662436,25,30,20
23,4553,0.06494111777597524,0.07988661581177159,0.05880654890600146,0.796365717506252,25,30,20
23,4554,0.06491209966752236,0.07988661577868897,0.058806280592890135,0.7963950039608989,25,30,20
23,4555,0.0649215236769137,0.07988661576922614,0.058806283514752755,0.7963855770391077,25,30,20
23,4556,0.039605247059586894,0.07988744501968043,0.08412093749764178,0.7963863704230916,25,30,20
23,4557,0.039615216654019986,0.07988744504432915,0.08431966607591762,0.7961776722257344,25,30,20
23,4558,0.03961582093720644,0.07988744506381847,0.08432031462233729,0.7961764193766392,25,30,20
23,4559,0.03962017379040283,0.07988744504530407,0.0843201782865774,0.7961722028777174,25,30,20
23,4560,0.03959974331911001,0.0798874439279469,0.08431864352865055,0.7961941692242942,25,30,20
23,4561,0.039609068404489675,0.07989005889968978,0.08430670317160928,0.7961941695242128,25,30,20
23,4562,0.039617958626477656,0.07989005888524146,0.0843060866694751,0.7961858958188074,25,30,20
23,4563,0.04038283777894952,0.0798900580846712,0.08430943592772827,0.7954176682086528,25,30,20
23,4564,0.04035904419570336,0.07989005806170678,0.08430932283647169,0.7954415749061191,25,30,20
23,4565,0.04036804044723682,0.07989005805704362,0.08430929360630707,0.795432607889413,25,30,20
23,4566,0.04036820851852576,0.07989005806711752,0.08430953196030685,0.7954322014540506,25,30,20
23,4567,0.040368199196620005,0.07989005806669573,0.08430952867145484,0.79543221406523,25,30,20
23,4568,0.040353830785751076,0.07989005807670006,0.08430956903585414,0.7954465421016951,25,30,20
23,4569,0.040353889032570374,0.07989005805300246,0.08411084843609944,0.7956452044783282,25,30,20
23,4570,0.04025689949679626,0.07989005685396564,0.0841070491101385,0.7957459945391002,25,30,20
23,4571,0.04025690389566394,0.07989005685421001,0.08410717067412002,0.7957458685760063,25,30,20
23,4572,0.04025786000244892,0.07989005685543893,0.08410722117784801,0.7957448619642645,25,30,20
23,4573,0.040248445383168976,0.0798900568507155,0.08411072025431848,0.7957507775117975,25,30,20
23,4574,0.04023963438318857,0.07989005686508166,0.08410729203081914,0.7957630167209112,25,30,20
23,4575,0.02295669644261692,0.07989005616471805,0.10139904153058307,0.795754205862082,25,30,20
23,4576,0.022980870205602865,0.07989005619326521,0.10140028919518394,0.7957287844059482,25,30,20
23,4577,0.02328391365658321,0.07989005620850836,0.10140660125667797,0.7954194288782307,25,30,20
23,4578,0.023283825027563085,0.07989005620377732,0.10140385860185758,0.7954222601668027,25,30,20
23,4579,0.023283822167013624,0.079890059153441,0.10140385850737889,0.7954222601721673,25,30,20
23,4580,0.010634513681482024,0.0798892265325373,0.11386473718136973,0.7956115226046123,25,30,20
23,4581,0.010630150603133891,0.07988922655104715,0.11387011332767023,0.7956105095181502,25,30,20
23,4582,0.010630239621407266,0.07988917785652622,0.11387007330419738,0.7956105092178706,25,30,20
23,4583,0.010639483185624526,0.07988917785176629,0.1138700438793588,0.7956012950832516,25,30,20
23,4584,0.01063948628101756,0.07988917550583224,0.11387004312998407,0.7956012950831672,25,30,20
23,4585,0.010649685430843839,0.07988917608794582,0.11387180739034405,0.7955893310908675,25,30,20
23,4586,0.010674025180607933,0.07988917609827996,0.1138719138830743,0.7955648848380394,25,30,20
23,4587,0.009072570013585432,0.07988917501094826,0.11385891027222084,0.797179344703247,25,30,20
23,4588,0.009067261988035993,0.07988917444276489,0.1138574168340153,0.7971861467351854,25,30,20
23,4589,0.009062659638771259,0.07988917444405148,0.11385719509706982,0.7971909708201088,25,30,20
23,4590,0.009062655454967837,0.07988917443931685,0.11384933084371766,0.7971988392619991,25,30,20
23,4591,0.009053809710479886,0.07988917607575526,0.11385146163326587,0.7972055525805004,25,30,20
23,4592,0.008730296415103218,0.07988917216691316,0.11436502664483016,0.7970155047731552,25,30,20
23,4593,0.009060789111610977,0.07988917384622997,0.11437488571378834,0.7966751513283722,25,30,20
23,4594,0.008739629627471065,0.0798891721711418,0.11436500184299078,0.7970061963583979,25,30,20
23,4595,0.03621457211810813,0.07988881870199475,0.087017517302277,0.7968790918776204,25,30,20
23,4596,0.03620540999020834,0.07988881870747849,0.08701754985715598,0.7968882214451574,25,30,20
23,4597,0.044138382612276386,0.07988881409972817,0.0791327254708005,0.7968400778171962,25,30,20
23,4598,0.044134026918174314,0.07989292325816331,0.07913297138432192,0.7968400784393418,25,30,20
23,4599,0.043278273556147544,0.0798929215970523,0.07912120694855734,0.7977075978982436,25,30,20
23,4600,0.04363829080457655,0.07989292358950219,0.07913931654802064,0.7973294690579013,25,30,20
23,4601,0.0436281697399335,0.0798929235745255,0.07913922662834943,0.7973396800571924,25,30,20
23,4602,0.042733896950105904,0.0798929234134022,0.07773537335983498,0.7996378062766573,25,30,20
23,4603,0.042733894111104176,0.07989292341324862,0.07773525215767824,0.7996379303179693,25,30,20
23,4604,0.04274384506066154,0.07989292344524451,0.07773526745908016,0.7996279640350139,25,30,20
23,4605,0.04274289062346587,0.07989292344434828,0.07773522059152546,0.7996289653406607,25,30,20
23,4606,0.0427423604574652,0.07989292341190596,0.07773511756006547,0.7996295985705637,25,30,20
23,4607,0.04274253561790767,0.07989292342641507,0.07773520415511419,0.7996293368005635,25,30,20
23,4608,0.04274253407339664,0.07989292342608215,0.077735261826771,0.7996292806737506,25,30,20
23,4609,0.0427321814716844,0.0798929217756078,0.07773222448616962,0.7996426722665386,25,30,20
23,4610,0.042732096832931485,0.07989292177984722,0.07773201911269166,0.79964296227453,25,30,20
23,4611,0.04272746058640199,0.07989292177081075,0.0777319159897238,0.7996477016530638,25,30,20
23,4612,0.07047886134709953,0.07989292589962885,0.04998044714284917,0.7996477656104223,25,30,20
23,4613,0.07048853614916109,0.07989292589065608,0.04998051605474085,0.7996380219054418,25,30,20
23,4614,0.07048464927842911,0.07989292591956368,0.04998184016188269,0.7996405846401244,25,30,20
23,4615,0.07047189120472852,0.07989292808783938,0.049983669366846985,0.7996515113405844,25,30,20
23,4616,0.07046700061565193,0.079892928069089,0.049983535985088846,0.7996565353301694,25,30,20
23,4617,0.07047666475222458,0.07989292808293703,0.04998362107786443,0.7996467860869734,25,30,20
23,4618,0.0704771935858975,0.07989292811047775,0.0499837197448906,0.7996461585587337,25,30,20
23,4619,0.07047718738686676,0.07989292811047488,0.049983716120847774,0.7996461683818101,25,30,20
23,4620,0.07049165199821136,0.07987811740480079,0.04998406159344821,0.7996461690035391,25,30,20
23,4621,0.07049165190751511,0.07987811740480068,0.04998056010230264,0.7996496705853806,25,30,20
23,4622,0.0704911373161451,0.07987811740430208,0.04998045696411155,0.79965028831544,25,30,20
23,4623,0.07048197473019312,0.07987811741385176,0.04998050888530028,0.799659398970654,25,30,20
23,4624,0.07047254538503772,0.07987811739934303,0.04998042448439174,0.7996689127312269,25,30,20
23,4625,0.07016016521073178,0.07987811735566805,0.049977348501934006,0.7999843689316656,25,30,20
23,4626,0.07016058360024086,0.07987811736539072,0.04997738487740453,0.7999839141569633,25,30,20
23,4627,0.0701748863372683,0.07987811739326124,0.04997755599460982,0.7999694402748603,25,30,20
23,4628,0.07015122414341024,0.07987811740754495,0.04997791512483516,0.7999927433242093,25,30,20
23,4629,0.06931465443858344,0.07987811550541841,0.04996781685570736,0.8008394132002903,25,30,20
23,4630,0.06935292620059298,0.0798781155431287,0.049968095132304546,0.8008008631239732,25,30,20
23,4631,0.06935302692457511,0.07987811556231877,0.049968453232542905,0.8008004042805626,25,30,20
23,4632,0.069362713536988,0.07987811555810236,0.04997633585730103,0.8007828350476079,25,30,20
23,4633,0.0693620314934796,0.07987811553331968,0.0499758690655763,0.8007839839076237,25,30,20
23,4634,0.06938758765880429,0.07987811553029858,0.05054564545422739,0.8001886513566692,25,30,20
23,4635,0.0693967281373839,0.07987811551068347,0.05054563597417788,0.8001795203777539,25,30,20
23,4636,0.06938268505872468,0.07987811548306635,0.05054549385267079,0.8001937056055372,25,30,20
23,4637,0.06938259966969224,0.07987811547352876,0.050553305235527375,0.8001859796212504,25,30,20
23,4638,0.06936395258724025,0.0798966442438243,0.050553423536206454,0.800185979632728,25,30,20
23,4639,0.06938817330967968,0.07989664428177826,0.0505502683501044,0.8001649140584367,25,30,20
23,4640,0.06658334047975846,0.07989993590694684,0.05334997196218723,0.8001667516511065,25,30,20
23,4641,0.04097235750975057,0.07990375169097307,0.07895667146532884,0.8001672193339471,25,30,20
23,4642,0.04097653383916491,0.07990003767937055,0.07895620978601317,0.8001672186954509,25,30,20
23,4643,0.040995275440525454,0.07988137333565976,0.07895613252856487,0.8001672186952498,25,30,20
23,4644,0.04097139292809405,0.07988137331684723,0.07895599626803419,0.800191237487024,25,30,20
23,4645,0.04099510442312698,0.07988137334005475,0.07894829087989802,0.8001752313569196,25,30,20
23,4646,0.04098568787590529,0.07988137333043675,0.07894830967864998,0.8001846291150074,25,30,20
23,4647,0.04102593187079169,0.07988137389542646,0.07895512675469442,0.8001375674790872,25,30,20
23,4648,0.04100254942412967,0.07923705677631429,0.07962282692016238,0.8001375668793935,25,30,20
23,4649,0.040976979717278,0.079237056764955,0.07905272435036868,0.8007332391673984,25,30,20
23,4650,0.04094839731297215,0.07923705672310222,0.0790554959731175,0.8007590499908084,25,30,20
23,4651,0.04095781539009758,0.07923705671877893,0.07905543519942423,0.8007496926916996,25,30,20
23,4652,0.04093408772316479,0.07923705670508953,0.07905527842415455,0.8007735771475915,25,30,20
23,4653,0.04093237645639862,0.0792370545180717,0.07905348951291415,0.8007770795126156,25,30,20
23,4654,0.04093228915534089,0.07923705451325971,0.07905345461138676,0.8007772017200127,25,30,20
23,4655,0.04094171870569819,0.07923705452802533,0.07905354401259072,0.8007676827536858,25,30,20
23,4656,0.040941715858000174,0.07923705452793371,0.07905353968811829,0.8007676899259479,25,30,20
23,4657,0.040932041705258826,0.0792370545280713,0.07904571073736821,0.8007851930293017,25,30,20
23,4658,0.04090104627606519,0.07923705396344939,0.07903895964964551,0.80082294011084,25,30,20
23,4659,0.040891635482479066,0.07923705396794223,0.07903896452304439,0.8008323460265345,25,30,20
23,4660,0.04091167439036337,0.07923705398822502,0.07904080653596009,0.8008104650854517,25,30,20
23,4661,0.040911592481814925,0.0792370539794443,0.07904863877776686,0.8008027147609736,25,30,20
23,4662,0.040901645389393844,0.07923705395162836,0.07904857550896544,0.8008127251500123,25,30,20
23,4663,0.04090805505254421,0.0792370553426022,0.0790518394600996,0.8008030501447537,25,30,20
23,4664,0.040908067537236796,0.07923705535637036,0.07904403574838549,0.8008108413580071,25,30,20
23,4665,0.040899155185115034,0.07923705535150645,0.07904400951481559,0.8008197799485626,25,30,20
23,4666,0.040898898435612265,0.07923705534589393,0.07904408896270128,0.8008199572557921,25,30,20
23,4667,0.04371703763380886,0.07923376451475214,0.07623141876650001,0.8008177790849383,25,30,20
23,4668,0.043751792742243084,0.07923376305241797,0.07619670526124735,0.8008177389440909,25,30,20
23,4669,0.04373621136472259,0.0792337616801221,0.07619349008677517,0.8008365368683795,25,30,20
23,4670,0.043745715165121934,0.07923376168966531,0.07619352410111349,0.8008269990440985,25,30,20
23,4671,0.043750023203811675,0.0792337616565166,0.07619236169932674,0.8008238534403439,25,30,20
23,4672,0.04373598908887848,0.07923376162907211,0.07619236136456001,0.8008378879174884,25,30,20
23,4673,0.04373580765541351,0.07923376161895293,0.07619230248834091,0.8008381282372916,25,30,20
23,4674,0.04374504162035626,0.0792337616229361,0.0761922473354851,0.8008289494212215,25,30,20
23,4675,0.04374469690608478,0.07923376164159758,0.07618942175292191,0.8008321196993948,25,30,20
23,4676,0.04374436947127228,0.07923376165562152,0.0761893762023287,0.8008324926707766,25,30,20
23,4677,0.04374847512577282,0.07923376164495018,0.07618771539449674,0.8008300478347796,25,30,20
23,4678,0.04373897013008983,0.07923376162595416,0.07618750247550758,0.8008397657684477,25,30,20
23,4679,0.02599362859118882,0.07923376228935329,0.09393282489165268,0.8008397842278052,25,30,20
23,4680,0.025993193006026774,0.0792337622935798,0.0939326638193004,0.800840380881093,25,30,20
23,4681,0.05868668148198813,0.07923000690347398,0.061241465838409496,0.8008418457761277,25,30,20
23,4682,0.058677012617442695,0.07923000688912094,0.061241379009457794,0.8008516014839777,25,30,20
23,4683,0.060294466687942166,0.07923000693987936,0.0612499013348242,0.7992256250373532,25,30,20
23,4684,0.060290121941921807,0.07923000697740962,0.06125286602460828,0.7992270050560591,25,30,20
23,4685,0.060280459804336585,0.07923000697765292,0.061252941091596284,0.7992365921264133,25,30,20
23,4686,0.06028020184263692,0.07923000697265511,0.06125290794293252,0.7992368832417747,25,30,20
23,4687,0.060319145861419336,0.07923000808944519,0.06125467845303775,0.7991961675960969,25,30,20
23,4688,0.06030459034068904,0.07923000804703313,0.06126230656498218,0.7992030950472944,25,30,20
23,4689,0.06030939510455235,0.07923000806076125,0.06126223761733254,0.7991983592173524,25,30,20
23,4690,0.06030947497673827,0.07923000805171748,0.061262384926387005,0.7991981320451559,25,30,20
23,4691,0.06031913157825736,0.07923000805163012,0.061262444594249184,0.7991884157758621,25,30,20
23,4692,0.06030980480240745,0.07923000804202512,0.06126233087890976,0.7991978562766565,25,30,20
23,4693,0.06031105359835069,0.07922835082958812,0.0612627380014584,0.7991978575706018,25,30,20
23,4694,0.06032055263124592,0.07922835083895076,0.061262756532914055,0.7991883399968883,25,30,20
23,4695,0.06031088111529132,0.07922835084351759,0.06125487284776811,0.799205895193422,25,30,20
23,4696,0.06032058380052899,0.07970522054762759,0.06076829826266458,0.799205897389178,25,30,20
23,4697,0.06031075401991824,0.0797052205473832,0.0607681966736648,0.7992158287590329,25,30,20
23,4698,0.03959999393299782,0.07970518251610813,0.08147454202222182,0.7992202815286714,25,30,20
23,4699,0.039604812017191786,0.0797051825301206,0.08147465476118612,0.799215350691501,25,30,20
23,4700,0.039604814934383226,0.07970518253028916,0.0814747795279741,0.7992152230073529,25,30,20
23,4701,0.039594321135418095,0.07971608589753756,0.08147437124804548,0.7992152217189985,25,30,20
23,4702,0.03959415056362967,0.07971608590168278,0.0814741948466866,0.7992155686880005,25,30,20
23,4703,0.0395939869280666,0.07971608589711239,0.08147419188809078,0.7992157352867295,25,30,20
23,4704,0.03996255762418935,0.07971608788059538,0.0834029633272806,0.7969183911679365,25,30,20
23,4705,0.039962560572234775,0.07971591216757791,0.08340313578066062,0.7969183914795285,25,30,20
23,4706,0.038350313197071384,0.07971591211283698,0.08339485408313524,0.7985389206069579,25,30,20
23,4707,0.03835015528465611,0.0797159121080998,0.0833974987590633,0.7985364338481817,25,30,20
23,4708,0.03835006614262995,0.07971591210336816,0.08339746881724067,0.798536552936762,25,30,20
23,4709,0.03835931851728998,0.07970683061746789,0.08339729824574921,0.7985365526194935,25,30,20
23,4710,0.0383544226076354,0.07970683058019237,0.08339433296519322,0.7985444138469798,25,30,20
23,4711,0.03836381204814287,0.0797068305846623,0.08339174604810237,0.7985376113190931,25,30,20
23,4712,0.03837352960483544,0.07970683057593217,0.08339486315999295,0.7985247766592402,25,30,20
23,4713,0.038368639523576345,0.07970683055743166,0.08339472464968473,0.7985298052693078,25,30,20
23,4714,0.03799895805106652,0.07970682857430428,0.08337661523891482,0.7989175981357148,25,30,20
23,4715,0.03801257601663685,0.07970682750449573,0.08337522699793412,0.7989053694809337,25,30,20
23,4716,0.038012738094270006,0.07970682750882437,0.08337522798841025,0.7989052064084956,25,30,20
23,4717,0.038012656961488915,0.07970682750435659,0.08337520262901858,0.7989053129051359,25,30,20
23,4718,0.025895402114359038,0.07972147501160931,0.09545948086964641,0.7989236420043846,25,30,20
23,4719,0.0258996900135955,0.07972147502090215,0.09545933260461124,0.7989195023608902,25,30,20
23,4720,0.025909104037517075,0.07972147501625114,0.09545932842020177,0.7989100925260293,25,30,20
23,4721,0.02590475278781998,0.07972147503492287,0.09545940494494698,0.7989143672323094,25,30,20
23,4722,0.025904586215554682,0.07972147503018473,0.09545939973844639,0.7989145390158133,25,30,20
23,4723,0.02591930663063892,0.07972147505373332,0.09545944633105999,0.7988997719845671,25,30,20
23,4724,0.02592419454955616,0.07972147507215233,0.09545958183135272,0.7988947485469382,25,30,20
23,4725,0.025909655803590583,0.07972147505740391,0.09545629129622105,0.7989125778427838,25,30,20
23,4726,0.025920059663855067,0.0797214750543066,0.09545681721066578,0.798901648071172,25,30,20
23,4727,0.025920063332288024,0.07972147505423799,0.09545682412991532,0.7989016374835576,25,30,20
23,4728,0.0258767471849986,0.07972147500724186,0.0954564447119241,0.7989453330958343,25,30,20
23,4729,0.025886077682354115,0.07972147501211031,0.09545647118617268,0.7989359761193617,25,30,20
23,4730,0.025900456652505323,0.07972147502571761,0.09545657479720682,0.7989214935245691,25,30,20
23,4731,0.013205424977561182,0.07972150306794083,0.1080963218370238,0.7989767501174735,25,30,20
23,4732,0.013205763222487073,0.0797215030822231,0.10809632815823819,0.7989764055370512,25,30,20
23,4733,0.013206695663218334,0.07972150338528246,0.10809805504970305,0.7989737459017959,25,30,20
23,4734,0.013225770522202725,0.07972150339007703,0.10809808705997036,0.7989546390277499,25,30,20
23,4735,0.013215630953357283,0.07972150308648812,0.10866634881067033,0.7983965171494841,25,30,20
23,4736,0.014863931764799726,0.07972150420146869,0.10867476517886257,0.7967397988548689,25,30,20
23,4737,0.014863225639471239,0.07990349000096639,0.10849348710072335,0.7967397972588386,25,30,20
23,4738,0.01486339863732958,0.07990348999665269,0.1085011716004214,0.7967319397655959,25,30,20
23,4739,0.014872520470741623,0.07990348998773483,0.10793097174169172,0.7972930177998314,25,30,20
23,4740,0.014872773558211318,0.07990348999270645,0.10793100434159564,0.7972927321074859,25,30,20
23,4741,0.014872524919853247,0.0799034899878995,0.10793097390283429,0.7972930111894122,25,30,20
23,4742,0.014873031439513724,0.07990349000249518,0.10793105966869385,0.7972924188892963,25,30,20
23,4743,0.014877747029934931,0.0799034900064766,0.10793115128238963,0.7972876116811979,25,30,20
23,4744,0.014853698404737763,0.07990348997877156,0.10793101006393829,0.7973118015525514,25,30,20
23,4745,0.014858570918416171,0.07990348996989936,0.10793090478629282,0.7973070343253907,25,30,20
23,4746,0.014858654753501064,0.07990348997440118,0.10793085315797324,0.7973070021141239,25,30,20
23,4747,0.014026540672542585,0.08178392327513252,0.10694386841420332,0.7972456676381214,25,30,20
23,4748,0.014017214054325518,0.081783923270734,0.10694406913069869,0.7972547935442418,25,30,20
23,4749,0.014022265832618636,0.08178392328882567,0.10694420417023505,0.7972496067083202,25,30,20
23,4750,0.014017007374558448,0.08178392330602174,0.10694386028473751,0.7972552090346818,25,30,20
23,4751,0.0134239676736529,0.07990344717245632,0.10941776151561468,0.7972548236382754,25,30,20
23,4752,0.01340941308579547,0.07990344714417864,0.10941776495198902,0.7972693748180363,25,30,20
23,4753,0.013409393784527159,0.07990344711706823,0.10941761292272957,0.7972695461756746,25,30,20
23,4754,0.013447653725211763,0.07990344715460457,0.10941788803111702,0.7972310110890664,25,30,20
23,4755,0.013461612986126614,0.07990344715858887,0.10942065277547959,0.7972142870798045,25,30,20
23,4756,0.013461537517834294,0.07990344717767205,0.10942076873661184,0.7972142465678815,25,30,20
23,4757,0.013466685851019686,0.07990344720122408,0.10942091067966041,0.7972089562680956,25,30,20
23,4758,0.013480720042293875,0.07990344722418186,0.10942097390624977,0.7971948588272744,25,30,20
23,4759,0.01346616854920975,0.07990344720528543,0.1094208342722212,0.7972095499732836,25,30,20
23,4760,0.04097908948694168,0.07988899087941,0.08193942092205406,0.7971924987115934,25,30,20
23,4761,0.040979091687973444,0.0798889908791668,0.08193946677502996,0.7971924506578292,25,30,20
23,4762,0.040960278733070184,0.07988899088393135,0.08193950098114701,0.7972112294018509,25,30,20
23,4763,0.040960287540980064,0.07988899088417732,0.08193950714034273,0.7972112144344995,25,30,20
23,4764,0.040974244115294677,0.0798889909121146,0.08193967947550596,0.7971970854970845,25,30,20
23,4765,0.0409808611913908,0.07988900740041077,0.08193850967728969,0.7971916217309084,25,30,20
23,4766,0.04098111353394967,0.07988900740529621,0.08193854014360454,0.797191338917149,25,30,20
23,4767,0.040981035479816234,0.0798890074149155,0.0819383974824997,0.7971915596227678,25,30,20
23,4768,0.04031979141078284,0.0798888359754211,0.08259253286507023,0.7971988397487252,25,30,20
23,4769,0.0403204968687759,0.07988883598953908,0.08259281542055193,0.7971978517211327,25,30,20
23,4770,0.040320250296344166,0.07988883598455156,0.08259290202578776,0.7971980116933165,25,30,20
23,4771,0.040310917824057386,0.0798888359798261,0.08259274455723885,0.7972075016388775,25,30,20
23,4772,0.04030189841723471,0.0798885500643286,0.08260204898251301,0.797207502535924,25,30,20
23,4773,0.04030197706856427,0.07988855006874505,0.08260184801668498,0.7972076248460056,25,30,20
23,4774,0.040297367923432456,0.07988855007771939,0.08260194962180137,0.7972121323770467,25,30,20
23,4775,0.04031183780044322,0.07988855010213267,0.09145157900935848,0.7883480330880652,25,30,20
23,4776,0.04032135798583224,0.07988855013056914,0.09145173725298882,0.7883383546306093,25,30,20
23,4777,0.04035071052468171,0.07988855018727778,0.09146223699931784,0.788298502288722,25,30,20
23,4778,0.040321436006255915,0.0798885501446698,0.09145193205910049,0.7883380817899731,25,30,20
23,4779,0.040307483247014025,0.07988855043395592,0.0826150497638609,0.7971889165551685,25,30,20
23,4780,0.04032168794520574,0.07988855014845084,0.08260249883736005,0.7971872630689828,25,30,20
23,4781,0.045603555409773226,0.07988855048242709,0.0753011827483734,0.7992067113594252,25,30,20
23,4782,0.04559900494521653,0.07988855047224672,0.075301136528419,0.7992113080541169,25,30,20
23,4783,0.045622800035219395,0.07988855049546273,0.07530119947579728,0.79918744999352,25,30,20
23,4784,0.045601807942781604,0.07988853399365277,0.07529954824046836,0.7992101098230968,25,30,20
23,4785,0.04560103461193528,0.07988853398807351,0.07529938144749997,0.7992110499524907,25,30,20
23,4786,0.04561097017732349,0.07988853398400217,0.07529956886292835,0.7992009269757454,25,30,20
23,4787,0.04702619122051198,0.07988916159177789,0.07388359457151053,0.7992010526161991,25,30,20
23,4788,0.04174588791348155,0.07988917675353711,0.0811398817359636,0.7972250535970195,25,30,20
23,4789,0.04173141360242587,0.07988917672069222,0.08113965661997462,0.797239753056909,25,30,20
23,4790,0.04173630279912047,0.07988917673926406,0.08113979230313266,0.7972347281584845,25,30,20
23,4791,0.04172714218205069,0.0798891767447826,0.08113982695908434,0.797243854114084,25,30,20
23,4792,0.041761855498422346,0.07988917787969178,0.08114303182482133,0.7972059347970664,25,30,20
23,4793,0.041747305610670686,0.07988917784727917,0.08114297541931195,0.7972205411227398,25,30,20
23,4794,0.04174791621396325,0.07988917782983154,0.08114634942567292,0.7972165565305338,25,30,20
23,4795,0.04173787662976605,0.07988917779267153,0.08114607707789531,0.7972268684996682,25,30,20
23,4796,0.04117934404252823,0.07988854127088181,0.08170526248572652,0.7972268522008644,25,30,20
23,4797,0.041210574885140065,0.07988854132635032,0.08170567247784687,0.7971952113106636,25,30,20
23,4798,0.04116644270797666,0.07988854018206595,0.08170246140372134,0.7972425557062369,25,30,20
23,4799,0.03951361307385656,0.07988853908541656,0.08169418517950837,0.7989036626612196,25,30,20
23,4800,0.03865578702053855,0.07990710796930048,0.0825335508545368,0.7989035541556252,25,30,20
23,4801,0.03865578546154902,0.07990710796896679,0.08253354653288936,0.7989035600365959,25,30,20
23,4802,0.03865516848301744,0.07990710798167347,0.08253013907061421,0.798907584464696,25,30,20
23,4803,0.03829377819713149,0.07994509304258211,0.0828978214718998,0.7988633072883877,25,30,20
23,4804,0.03829369569283578,0.07994509305178465,0.08288998697100577,0.7988712242843754,25,30,20
23,4805,0.038314054422379056,0.0799450936440687,0.08289495385316974,0.7988458980803843,25,30,20
23,4806,0.03831363464286606,0.0799450936537566,0.08304376938598676,0.7986975023173923,25,30,20
23,4807,0.03830839487587418,0.07994509363425303,0.08304352128882739,0.7987029902010471,25,30,20
23,4808,0.038298730074771095,0.0799450936346156,0.08289461226056007,0.7988615640300547,25,30,20
23,4809,0.038289151036569255,0.07994509362069235,0.08289446787007952,0.7988712874726606,25,30,20
23,4810,0.038322538028503744,0.07994509363999948,0.08289461378049719,0.798837754551001,25,30,20
23,4811,0.038322814750322926,0.07994509366355346,0.08289570640725534,0.7988363851788701,25,30,20
23,4812,0.03827737146914914,0.07994509360378863,0.08289524560490982,0.7988822893221542,25,30,20
23,4813,0.03826751119430047,0.07994509357989112,0.08289400945712196,0.7988933857686882,25,30,20
23,4814,0.038272485091497964,0.07994509360296222,0.08289412229039898,0.7988882990151426,25,30,20
23,4815,0.038267431916828076,0.07994509358446499,0.08289398890672141,0.7988934855919874,25,30,20
23,4816,0.03825297112903804,0.07994509356621765,0.08289385405453618,0.7989080812502096,25,30,20
23,4817,0.03825313388810363,0.07994509354753668,0.08289379196448858,0.7989079805998728,25,30,20
23,4818,0.03824373230203642,0.07995449741723798,0.08289379029643947,0.7989079799842878,25,30,20
23,4819,0.03826940994545262,0.07995449800024139,0.082896380579992,0.7988797114743156,25,30,20
23,4820,0.03826505305190703,0.07995449801410323,0.08289651352201387,0.798883935411977,25,30,20
23,4821,0.038256228295313666,0.07995449801910928,0.08289654381139275,0.7988927298741857,25,30,20
23,4822,0.03822764057505367,0.07995449797700162,0.0828963411816233,0.7989215202663223,25,30,20
23,4823,0.03823696568237982,0.07995449798121805,0.08289642754734232,0.7989121087890608,25,30,20
23,4824,0.03826263491943479,0.07995449803406122,0.08289848324473346,0.7988843838017716,25,30,20
23,4825,0.03979934202871962,0.07991737587862045,0.08029812692664862,0.7999851551660123,25,30,20
23,4826,0.039126401148841895,0.07991649583427479,0.08207196690889042,0.7988851361079936,25,30,20
23,4827,0.03912699758256572,0.07991649584479191,0.08207989778285311,0.7988766087897896,25,30,20
23,4828,0.039149867497501135,0.07991649584313701,0.08251513739539766,0.7984184992639647,25,30,20
23,4829,0.039116497312757674,0.0799164958382139,0.0825150515048712,0.7984519553441577,25,30,20
23,4830,0.039111528457796634,0.07991649582011992,0.0825151236036667,0.7984568521184174,25,30,20
23,4831,0.03911169708478508,0.0799164958156386,0.08251498167730284,0.798456825422274,25,30,20
23,4832,0.03912134703340165,0.07991649581445767,0.08251763200844593,0.7984445251436955,25,30,20
23,4833,0.039121355963110845,0.07991649582401116,0.08251768932196972,0.7984444588909089,25,30,20
23,4834,0.03913076887890988,0.07991649582865158,0.08251768918795163,0.7984350461044875,25,30,20
23,4835,0.039100728625980394,0.07991649525934894,0.08251523704661178,0.7984675390680593,25,30,20
23,4836,0.03910665518318059,0.079916495247347,0.08251876084335813,0.7984580887261147,25,30,20
23,4837,0.03910952811408991,0.07989858007347315,0.08253380382059111,0.7984580879918461,25,30,20
23,4838,0.03913340608179147,0.07989858007783021,0.08253391016834817,0.7984341036720302,25,30,20
23,4839,0.039127479640835267,0.0798985800899967,0.0825303401568958,0.7984436001122723,25,30,20
23,4840,0.03913262509504753,0.07989858010409391,0.08272913994654933,0.7982396548543085,25,30,20
23,4841,0.03913261634825282,0.07989858009513107,0.0827318390566903,0.7982369644999252,25,30,20
23,4842,0.03912328202913889,0.07989858008998964,0.08272905839487547,0.7982490794859954,25,30,20
23,4843,0.03825654985278891,0.07989857948960637,0.08359576340376351,0.7982491072538427,25,30,20
23,4844,0.03825981804362954,0.07989857891037257,0.08359089840360377,0.798250704642396,25,30,20
23,4845,0.038750123056140506,0.07989856564462315,0.08310914250881764,0.7982421687904205,25,30,20
23,4846,0.03849024206656813,0.07989859872599422,0.08314195419312051,0.798469205014319,25,30,20
23,4847,0.03849040718410486,0.07989859873528796,0.08314177968971107,0.7984692143908981,25,30,20
23,4848,0.038499723100313785,0.07988930823811949,0.0831417539764969,0.7984692146850721,25,30,20
23,4849,0.03848620592757288,0.07988930821575106,0.08314172099991243,0.798482764856766,25,30,20
23,4850,0.03849079832607818,0.07988930819247136,0.08314155545148039,0.798478338029972,25,30,20
23,4851,0.03852038288380939,0.07988930852850872,0.08270576908477363,0.7988845395029104,25,30,20
23,4852,0.03938943296552276,0.07988930963881143,0.08271401904432701,0.798007238351341,25,30,20
23,4853,0.03941293123968265,0.07987081413099376,0.08270901655800249,0.7980072380713232,25,30,20
23,4854,0.03944170294839435,0.07987081417780205,0.08270664904307612,0.7979808338307294,25,30,20
23,4855,0.03944196709006438,0.07987023769325788,0.08270696168600289,0.7979808335306767,25,30,20
23,4856,0.039432552515772275,0.07987023770248529,0.08270714963563958,0.7979900601461043,25,30,20
23,4857,0.03943204162047592,0.07987023769243236,0.08270708753181756,0.7979906331552755,25,30,20
23,4858,0.03855793676117841,0.07987023656370815,0.08269869720931196,0.7988731294658029,25,30,20
23,4859,0.03855358115090934,0.07987023658254923,0.08326894257568909,0.7983072396908539,25,30,20
23,4860,0.03854854336657451,0.07987023655922317,0.08327151704817176,0.7983097030260327,25,30,20
23,4861,0.03855413560099479,0.07987023656859037,0.08308651399319178,0.7984891138372251,25,30,20
23,4862,0.03854410084654913,0.07987023653599516,0.08288762747094108,0.7986980351465166,25,30,20
23,4863,0.04012897942688394,0.07987023735766974,0.08028525231957566,0.7997155308958722,25,30,20
23,4864,0.040114429509169824,0.07987023732955945,0.08028526159358677,0.7997300715676855,25,30,20
23,4865,0.0401144295740793,0.07987023732964288,0.0802852624014676,0.7997300706948116,25,30,20
23,4866,0.04125886509116877,0.0798695938702227,0.07914139539783403,0.7997301456407748,25,30,20
23,4867,0.04127336620029061,0.07986959388969642,0.07914214862411197,0.7997148912859012,25,30,20
23,4868,0.04127310985623227,0.07987000115460645,0.07914199740317888,0.7997148915859827,25,30,20
23,4869,0.036218550020056056,0.07987096797505243,0.08442097781640019,0.7994895041884932,25,30,20
23,4870,0.04384803847337965,0.07986996093431242,0.07679418609983447,0.799487814492474,25,30,20
23,4871,0.04385745263552668,0.07986996093007463,0.07679413608211673,0.7994784503522826,25,30,20
23,4872,0.043828680487595514,0.07986996088350803,0.07679385129116502,0.799507507337732,25,30,20
23,4873,0.04381918329178926,0.07986996087873222,0.07679382454027299,0.799517031289206,25,30,20
23,4874,0.043824327722975,0.0798699608976385,0.07679396382637706,0.7995117475530096,25,30,20
23,4875,0.04385795758311224,0.07986996091203992,0.0767942649282652,0.799477816576582,25,30,20
23,4876,0.04385290126467158,0.07986996089352986,0.07679412369251178,0.7994830141492862,25,30,20
23,4877,0.04384364213889404,0.07987917347523198,0.07679417021442628,0.7994830141714471,25,30,20
23,4878,0.04384267950529872,0.07987917346221889,0.07640902447688629,0.7998691225555955,25,30,20
23,4879,0.04384259813405567,0.07987917345732892,0.07640899562432109,0.7998692327842939,25,30,20
23,4880,0.043842601148456735,0.07987917345715038,0.07640899414806325,0.7998692312463291,25,30,20
23,4881,0.04385210014070813,0.0798791734664359,0.07640904658839877,0.7998596798044566,25,30,20
23,4882,0.04388017442499154,0.07987917351235492,0.07640924564693118,0.7998314064157221,25,30,20
23,4883,0.043885059318559023,0.07987917352620187,0.07640938029578064,0.7998263868594583,25,30,20
23,4884,0.04388542574734229,0.07987887548147346,0.07640931221551277,0.7998263865556714,25,30,20
23,4885,0.0438752225728791,0.07987887543949981,0.07640903504607657,0.7998368669415444,25,30,20
23,4886,0.043879853202303615,0.07987887544987611,0.07640904674746213,0.7998322246003581,25,30,20
23,4887,0.04387027111431168,0.07987887544987386,0.07640904902679516,0.7998418044090191,25,30,20
23,4888,0.04271985957321109,0.07987886319510858,0.07755954722999385,0.7998417300016856,25,30,20
23,4889,0.04277457940388329,0.07987886319771062,0.07755991143742419,0.7997866459609808,25,30,20
23,4890,0.04277003583633461,0.07987886319678716,0.07755999050670101,0.799791110460176,25,30,20
23,4891,0.04278558823729156,0.07987886330165973,0.07756095114774138,0.7997745973133061,25,30,20
23,4892,0.042780510656812265,0.07987886284407324,0.07756603012003171,0.7997745963790815,25,30,20
23,4893,0.04276434784036442,0.079878862796278,0.0775640059769782,0.7997927833863779,25,30,20
23,4894,0.04276416299872761,0.07987886279147466,0.07756730625256981,0.7997896679572265,25,30,20
23,4895,0.0444507530574237,0.07987889465820432,0.07588055961948408,0.7997897926648869,25,30,20
23,4896,0.044435034058345035,0.079878894548761,0.0758795991230804,0.7998064722698126,25,30,20
23,4897,0.04444436515668844,0.07987889455347683,0.07587962763653901,0.799797112653295,25,30,20
23,4898,0.04444437851029756,0.07987889456359287,0.07587950918596795,0.7997972177401408,25,30,20
23,4899,0.04528572267299821,0.07987889594700393,0.07588933491502314,0.7989460464649741,25,30,20
23,4900,0.045241832235355224,0.07987889559246644,0.07588196707855582,0.798997305093622,25,30,20
23,4901,0.04525175790972933,0.07987889561636533,0.07588208824648926,0.7989872582274157,25,30,20
23,4902,0.04526116958623223,0.07987889562091907,0.07588227014798442,0.7989776646448635,25,30,20
23,4903,0.04523214659848076,0.07987889557881962,0.07588468060226225,0.7990042772204369,25,30,20
23,4904,0.04518727388882966,0.07987889557622689,0.07588439348439419,0.7990494370505491,25,30,20
23,4905,0.04518796154372824,0.07987889557217057,0.07588431240954609,0.7990488304745549,25,30,20
23,4906,0.045178445811576644,0.07987889554795122,0.07588416696285562,0.7990584916776161,25,30,20
23,4907,0.045179154675690864,0.07987889558561596,0.07588429786880417,0.7990576518698886,25,30,20
23,4908,0.07334714533973487,0.07987889655961648,0.07598477701825662,0.7707891810823918,25,30,20
23,4909,0.07334280012583214,0.07987889658775506,0.07598227199856944,0.770796031287843,25,30,20
23,4910,0.07338122948164323,0.07987889662978968,0.07598254723225126,0.7707573266563154,25,30,20
23,4911,0.07339602938738811,0.07987889662554143,0.07598365954789789,0.770741414439172,25,30,20
23,4912,0.07340560972131187,0.07987889662562112,0.075983659045359,0.7707318346077073,25,30,20
23,4913,0.043642415852854013,0.07987929300037339,0.10574609825245714,0.7707321928943148,25,30,20
23,4914,0.04365603031148658,0.07987929304112604,0.10631285395229012,0.7701518226950965,25,30,20
23,4915,0.04365159924690123,0.0798792930742472,0.10631305827050125,0.7701560494083496,25,30,20
23,4916,0.04366126254659913,0.07987929306983152,0.10631308306194771,0.7701463613216206,25,30,20
23,4917,0.04365142295327301,0.079879293070073,0.1063130078011476,0.7701562761755055,25,30,20
23,4918,0.04362724665322524,0.0798792930551632,0.10631218109273405,0.7701812791988768,25,30,20
23,4919,0.0436273289049732,0.07987929305049439,0.10631213970462762,0.7701812383399042,25,30,20
23,4920,0.043631598383203574,0.07987929303638569,0.10631196649493468,0.7701771420854753,25,30,20
23,4921,0.043636261925117686,0.07920679699352325,0.1069797983975538,0.7701771426838044,25,30,20
23,4922,0.04362702352592127,0.07920679698920663,0.10697984720756977,0.7701863322773015,25,30,20
23,4923,0.04364292124938503,0.07920679808765224,0.10713885174176487,0.7700114289211974,25,30,20
23,4924,0.04365215688808974,0.07920679809197034,0.10713880258499206,0.7700022424349474,25,30,20
23,4925,0.015500594360634634,0.07920679723658852,0.11925137174391189,0.7860412366588654,25,30,20
23,4926,0.014659685270007659,0.0792067958440633,0.11924150518147604,0.7868920137044532,25,30,20
23,4927,0.014645364895900683,0.07922541195556743,0.1192372100554973,0.7868920130930351,25,30,20
23,4928,0.014606679269696308,0.07922541191809712,0.11923677069641306,0.786931138115793,25,30,20
23,4929,0.014630542391666421,0.07922541193651435,0.11923419094486454,0.7869098547269543,25,30,20
23,4930,0.014641137628568194,0.07922541199900639,0.11923464998296074,0.7868988003894644,25,30,20
23,4931,0.014630645138837127,0.07922541197334226,0.11923441363637378,0.7869095292514465,25,30,20
23,4932,0.014640222190532284,0.07922541197284041,0.11923440761987962,0.7868999582167473,25,30,20
23,4933,0.014645280259242584,0.07922541200072698,0.11923460061891983,0.7868947071211104,25,30,20
23,4934,0.014632498769010984,0.07922541225024471,0.1186646216606811,0.7874774673200632,25,30,20
23,4935,0.014622464640218,0.07922541219379087,0.1186710543117064,0.7874810688542848,25,30,20
23,4936,0.014612579552756822,0.07922541191829353,0.11867103569703094,0.7874909728319187,25,30,20
23,4937,0.014647672453692995,0.07922541196731313,0.11867141605154011,0.7874554995274535,25,30,20
23,4938,0.014652360510586639,0.07922541193950774,0.1186712729961333,0.787450954553772,25,30,20
23,4939,0.014652358876897715,0.07922541193934328,0.11867127203329966,0.7874509571504592,25,30,20
23,4940,0.01462746564370381,0.07922541194161442,0.11867122854641385,0.7874758938682678,25,30,20
23,4941,0.01462777435419232,0.07971170054679325,0.11818463182500598,0.7874758932740081,25,30,20
23,4942,0.014573610987204666,0.07971169941097518,0.11802535447829969,0.7876893351235202,25,30,20
23,4943,0.014554785555455758,0.0797116994158042,0.11803550546349355,0.7876980095652462,25,30,20
23,4944,0.014875378349137838,0.07971170058823458,0.11804405677493582,0.7873688642876915,25,30,20
23,4945,0.013294451488180571,0.07971171306201656,0.11845547255907979,0.7885383628907227,25,30,20
23,4946,0.01328529507580014,0.07971171307140577,0.1184556669368276,0.7885473249159664,25,30,20
23,4947,0.013300648768724683,0.07971171307277113,0.11845580002188397,0.7885318381366199,25,30,20
23,4948,0.013285151557376269,0.07971171307665646,0.118455725503352,0.7885474098626148,25,30,20
23,4949,0.013274942859229954,0.0797117130249515,0.1184555628865896,0.7885577812292286,25,30,20
23,4950,0.013279278746595695,0.07988872802485475,0.11827421202203586,0.7885577812065132,25,30,20
23,4951,0.013262853620493176,0.07988872790166926,0.10606113657317168,0.8007872819046653,25,30,20
23,4952,0.013263374243833097,0.0798887279023392,0.1060611418766238,0.8007867559772032,25,30,20
23,4953,0.013258380483328445,0.07988871522058219,0.10821011270707497,0.7986427915890141,25,30,20
23,4954,0.013248281328480584,0.07988871522032957,0.1082100621639042,0.7986529412872853,25,30,20
23,4955,0.013258904014409574,0.07988871525442319,0.10821021308099267,0.7986421676501746,25,30,20
23,4956,0.013254573340900265,0.07988871529712316,0.10821103649113216,0.7986456748708447,25,30,20
23,4957,0.03911908250571768,0.07988832019301355,0.08234723526995895,0.7986453620313099,25,30,20
23,4958,0.03911976469420274,0.07988832020756596,0.08234712221378446,0.7986447928844469,25,30,20
23,4959,0.03911976581199205,0.07988832020767778,0.08234029744832391,0.7986516165320063,25,30,20
23,4960,0.03910956398414163,0.0798883201707619,0.08234002434744973,0.798662091497647,25,30,20
23,4961,0.03910905768197596,0.07988832015150987,0.08233995454438009,0.7986626676221339,25,30,20
23,4962,0.0391089728791044,0.07988832014206144,0.0823399246682799,0.7986627823105539,25,30,20
23,4963,0.03963437172778554,0.07988830181388938,0.0818143332909926,0.7986629931673331,25,30,20
23,4964,0.03963452960731951,0.07988830182788668,0.08181436729668903,0.7986628012681055,25,30,20
23,4965,0.039643692602167546,0.07988830182306493,0.08181433726388641,0.7986536683108821,25,30,20
23,4966,0.037432391048500914,0.08194933882599535,0.08196493705146184,0.7986533330740428,25,30,20
23,4967,0.037422975794298624,0.0819587101873201,0.08196498094359886,0.7986533330747834,25,30,20
23,4968,0.037417812112954495,0.08195871014486217,0.08196418890474763,0.7986592888374366,25,30,20
23,4969,0.037417890198046956,0.08195871013533053,0.08196433227639328,0.7986590673902303,25,30,20
23,4970,0.0374084906075697,0.08196782625617695,0.0819646157455456,0.7986590673907078,25,30,20
23,4971,0.03743220837728256,0.08196782627938246,0.0819647783418331,0.798635187001502,25,30,20
23,4972,0.03501502923476837,0.08196783948520832,0.08320754472036752,0.7998095865596555,25,30,20
23,4973,0.03499140019510691,0.08196783946696573,0.08320741388335945,0.7998333464545676,25,30,20
23,4974,0.034986882823411995,0.08196783948540773,0.08320745224902701,0.799837825442153,25,30,20
23,4975,0.03977725914723845,0.08196784053681688,0.09382291425245691,0.7844319860634873,25,30,20
23,4976,0.03977254214419684,0.0819678405471786,0.0938255405379291,0.784434076770695,25,30,20
23,4977,0.039797854100881595,0.08196784113033394,0.09382925302850519,0.7844050517402785,25,30,20
23,4978,0.03977253754507276,0.08196784054751197,0.09382819873174783,0.7844314231756665,25,30,20
23,4979,0.039767503328684964,0.08196784057482452,0.09382832545574757,0.7844363306407418,25,30,20
23,4980,0.0397666287542406,0.08196784054180735,0.0938280675596756,0.7844374631442754,25,30,20
23,4981,0.03978142310178481,0.08196784056486177,0.09382823336801938,0.7844225029653333,25,30,20
23,4982,0.039770884672967494,0.0819678405306836,0.0938284523755298,0.7844328224208182,25,30,20
23,4983,0.039770709430555926,0.08196784051608713,0.09382836396508036,0.7844330860882758,25,30,20
23,4984,0.04063571682760283,0.08196784218136469,0.09383947878613558,0.7835569622048963,25,30,20
23,4985,0.04062596898849038,0.0819678421813632,0.09383947543930611,0.78356671339084,25,30,20
23,4986,0.040634957653043896,0.08195892426959583,0.09383940438207178,0.7835667136952883,25,30,20
23,4987,0.039805783428427374,0.081958922912374,0.09383921010554135,0.7843960835536571,25,30,20
23,4988,0.0398101360781551,0.08195892288912318,0.09383898750998973,0.7843919535227318,25,30,20
23,4989,0.04256553548990452,0.07994233275397329,0.0930955157573789,0.7843966159987432,25,30,20
23,4990,0.042556202850824586,0.07994233274965241,0.09309553672391012,0.7844059276756127,25,30,20
23,4991,0.04222613468510987,0.07994233356173308,0.11115100399757137,0.7666805277555854,25,30,20
23,4992,0.039499151269011885,0.08181935466680533,0.11200560726740864,0.7666758867967741,25,30,20
23,4993,0.039490081308212806,0.08182833498458619,0.11200569595147736,0.7666758877557237,25,30,20
23,4994,0.03946374574641124,0.0818283346814956,0.11199480910988438,0.7667131104622087,25,30,20
23,4995,0.03946382789304858,0.08182833468597801,0.11199457838267537,0.7667132590382976,25,30,20
23,4996,0.039478301587472425,0.08182833471484444,0.11319802472788788,0.7654953389697948,25,30,20
23,4997,0.039492602142144284,0.0818283347331674,0.11319815566845104,0.7654809074562371,25,30,20
23,4998,0.03981711009976619,0.08182833613889899,0.11320704977953579,0.7651475039817985,25,30,20
23,4999,0.03979778316226714,0.08182833612474055,0.1132070997060174,0.7651667810069747,25,30,20
23,5000,0.03979761665589178,0.08182833611536093,0.11320709414125034,0.7651669530874967,25,30,20
