run,generation,degenerate,holistic,other,compositional,popsize,turnover_rounds,group_rounds
45,0,0.9987713554999782,1.4267839920713717e-08,0.0012266915175253893,1.9387146567823408e-06,10,0,20
45,1,0.26311660485424987,9.607603106333222e-05,0.7351605387351545,0.0016267803795273442,10,0,20
45,2,0.0710394821249425,4.097387976763302e-11,0.928960378299586,1.3953449750070316e-07,10,0,20
45,3,1.1284640687444792e-08,4.238580856809554e-12,0.9999999152175436,7.349357656894001e-08,10,0,20
45,4,6.42308438512809e-14,1.3090029870294952e-15,0.9999999999999345,1.9209917342355475e-18,10,0,20
45,5,5.555575299670154e-14,1.3090029866895736e-15,0.9999999999999432,1.920988466014714e-18,10,0,20
45,6,3.983687032740687e-41,5.350220820832261e-41,1.0,4.7225154043537557e-35,10,0,20
45,7,1.161187923716642e-51,8.889222546863235e-50,1.0,2.415735598616398e-47,10,0,20
45,8,1.9298706044155918e-60,1.3995627772825547e-65,1.0,2.288495045250883e-54,10,0,20
45,9,9.871977592853796e-73,7.55960530300413e-71,1.0,2.2884950452497123e-54,10,0,20
45,10,8.859421328516014e-87,1.190215112629355e-86,1.0,1.1089872780507713e-73,10,0,20
45,11,1.3957219644297287e-102,1.189848892595308e-86,1.0,1.1089872780507713e-73,10,0,20
45,12,7.531944095529021e-108,6.08650329482149e-99,1.0,5.6728666434526916e-86,10,0,20
45,13,2.318234343559992e-111,5.76591769442048e-106,1.0,5.374067929183734e-93,10,0,20
45,14,1.280674535774974e-128,2.949472610015568e-118,1.0,8.461151097324869e-109,10,0,20
45,15,5.847403605400645e-143,8.798350088969513e-141,1.0,1.2619912010484876e-131,10,0,20
45,16,1.587308777102279e-160,4.168746340042281e-148,1.0,6.115513292982537e-151,10,0,20
45,17,4.885529783724494e-164,4.5006708124618564e-153,1.0,1.8822755626249163e-154,10,0,20
45,18,8.119651464577478e-173,7.895913706073606e-155,1.0,1.0163860069279282e-159,10,0,20
45,19,2.3674905427874045e-183,6.324873363309601e-171,1.0,8.640927663619578e-181,10,0,20
45,20,2.012750692597169e-204,9.271028538379543e-194,1.0,2.3867768236927803e-198,10,0,20
45,21,8.75321764187274e-238,4.256010960885753e-220,1.0,3.1957560166770416e-235,10,0,20
45,22,4.018323831344658e-264,1.850889800760718e-253,1.0,1.4675287212346278e-261,10,0,20
45,23,1.23678776567471e-267,2.9150125480903697e-269,1.0,4.619639898444813e-277,10,0,20
45,24,3.6061687576415477e-278,1.6011622774751544e-274,1.0,2.3098137149084365e-277,10,0,20
45,25,2.904361698546412e-306,7.627679721153469e-294,1.0,2.072261033684087e-291,10,0,20
45,26,4.911647765e-315,7.083324043882336e-308,1.0,3.4440558248631965e-300,10,0,20
45,27,4.826964196e-315,1.200563397268296e-309,1.0,3.4440558248614345e-300,10,0,20
45,28,0.0,0.0,1.0,0.0,10,0,20
45,29,0.0,0.0,1.0,0.0,10,0,20
45,30,0.0,0.0,1.0,0.0,10,0,20
45,31,0.0,0.0,1.0,0.0,10,0,20
45,32,0.0,0.0,1.0,0.0,10,0,20
45,33,0.0,0.0,1.0,0.0,10,0,20
45,34,0.0,0.0,1.0,0.0,10,0,20
45,35,0.0,0.0,1.0,0.0,10,0,20
45,36,0.0,0.0,1.0,0.0,10,0,20
45,37,0.0,0.0,1.0,0.0,10,0,20
45,38,0.0,0.0,1.0,0.0,10,0,20
45,39,0.0,0.0,1.0,0.0,10,0,20
45,40,0.0,0.0,1.0,0.0,10,0,20
45,41,0.0,0.0,1.0,0.0,10,0,20
45,42,0.0,0.0,1.0,0.0,10,0,20
45,43,0.0,0.0,1.0,0.0,10,0,20
45,44,0.0,0.0,1.0,0.0,10,0,20
45,45,0.0,0.0,1.0,0.0,10,0,20
45,46,0.0,0.0,1.0,0.0,10,0,20
45,47,0.0,0.0,1.0,0.0,10,0,20
45,48,0.0,0.0,1.0,0.0,10,0,20
45,49,0.0,0.0,1.0,0.0,10,0,20
45,50,0.0,0.0,1.0,0.0,10,0,20
45,51,0.0,0.0,1.0,0.0,10,0,20
45,52,0.0,0.0,1.0,0.0,10,0,20
45,53,0.0,0.0,1.0,0.0,10,0,20
45,54,0.0,0.0,1.0,0.0,10,0,20
45,55,0.0,0.0,1.0,0.0,10,0,20
45,56,0.0,0.0,1.0,0.0,10,0,20
45,57,0.0,0.0,1.0,0.0,10,0,20
45,58,0.0,0.0,1.0,0.0,10,0,20
45,59,0.0,0.0,1.0,0.0,10,0,20
45,60,0.0,0.0,1.0,0.0,10,0,20
45,61,0.0,0.0,1.0,0.0,10,0,20
45,62,0.0,0.0,1.0,0.0,10,0,20
45,63,0.0,0.0,1.0,0.0,10,0,20
45,64,0.0,0.0,1.0,0.0,10,0,20
45,65,0.0,0.0,1.0,0.0,10,0,20
45,66,0.0,0.0,1.0,0.0,10,0,20
45,67,0.0,0.0,1.0,0.0,10,0,20
45,68,0.0,0.0,1.0,0.0,10,0,20
45,69,0.0,0.0,1.0,0.0,10,0,20
45,70,0.0,0.0,1.0,0.0,10,0,20
45,71,0.0,0.0,1.0,0.0,10,0,20
45,72,0.0,0.0,1.0,0.0,10,0,20
45,73,0.0,0.0,1.0,0.0,10,0,20
45,74,0.0,0.0,1.0,0.0,10,0,20
45,75,0.0,0.0,1.0,0.0,10,0,20
45,76,0.0,0.0,1.0,0.0,10,0,20
45,77,0.0,0.0,1.0,0.0,10,0,20
45,78,0.0,0.0,1.0,0.0,10,0,20
45,79,0.0,0.0,1.0,0.0,10,0,20
45,80,0.0,0.0,1.0,0.0,10,0,20
45,81,0.0,0.0,1.0,0.0,10,0,20
45,82,0.0,0.0,1.0,0.0,10,0,20
45,83,0.0,0.0,1.0,0.0,10,0,20
45,84,0.0,0.0,1.0,0.0,10,0,20
45,85,0.0,0.0,1.0,0.0,10,0,20
45,86,0.0,0.0,1.0,0.0,10,0,20
45,87,0.0,0.0,1.0,0.0,10,0,20
45,88,0.0,0.0,1.0,0.0,10,0,20
45,89,0.0,0.0,1.0,0.0,10,0,20
45,90,0.0,0.0,1.0,0.0,10,0,20
45,91,0.0,0.0,1.0,0.0,10,0,20
45,92,0.0,0.0,1.0,0.0,10,0,20
45,93,0.0,0.0,1.0,0.0,10,0,20
45,94,0.0,0.0,1.0,0.0,10,0,20
45,95,0.0,0.0,1.0,0.0,10,0,20
45,96,0.0,0.0,1.0,0.0,10,0,20
45,97,0.0,0.0,1.0,0.0,10,0,20
45,98,0.0,0.0,1.0,0.0,10,0,20
45,99,0.0,0.0,1.0,0.0,10,0,20
45,100,0.0,0.0,1.0,0.0,10,0,20
45,101,0.0,0.0,1.0,0.0,10,0,20
45,102,0.0,0.0,1.0,0.0,10,0,20
45,103,0.0,0.0,1.0,0.0,10,0,20
45,104,0.0,0.0,1.0,0.0,10,0,20
45,105,0.0,0.0,1.0,0.0,10,0,20
45,106,0.0,0.0,1.0,0.0,10,0,20
45,107,0.0,0.0,1.0,0.0,10,0,20
45,108,0.0,0.0,1.0,0.0,10,0,20
45,109,0.0,0.0,1.0,0.0,10,0,20
45,110,0.0,0.0,1.0,0.0,10,0,20
45,111,0.0,0.0,1.0,0.0,10,0,20
45,112,0.0,0.0,1.0,0.0,10,0,20
45,113,0.0,0.0,1.0,0.0,10,0,20
45,114,0.0,0.0,1.0,0.0,10,0,20
45,115,0.0,0.0,1.0,0.0,10,0,20
45,116,0.0,0.0,1.0,0.0,10,0,20
45,117,0.0,0.0,1.0,0.0,10,0,20
45,118,0.0,0.0,1.0,0.0,10,0,20
45,119,0.0,0.0,1.0,0.0,10,0,20
45,120,0.0,0.0,1.0,0.0,10,0,20
45,121,0.0,0.0,1.0,0.0,10,0,20
45,122,0.0,0.0,1.0,0.0,10,0,20
45,123,0.0,0.0,1.0,0.0,10,0,20
45,124,0.0,0.0,1.0,0.0,10,0,20
45,125,0.0,0.0,1.0,0.0,10,0,20
45,126,0.0,0.0,1.0,0.0,10,0,20
45,127,0.0,0.0,1.0,0.0,10,0,20
45,128,0.0,0.0,1.0,0.0,10,0,20
45,129,0.0,0.0,1.0,0.0,10,0,20
45,130,0.0,0.0,1.0,0.0,10,0,20
45,131,0.0,0.0,1.0,0.0,10,0,20
45,132,0.0,0.0,1.0,0.0,10,0,20
45,133,0.0,0.0,1.0,0.0,10,0,20
45,134,0.0,0.0,1.0,0.0,10,0,20
45,135,0.0,0.0,1.0,0.0,10,0,20
45,136,0.0,0.0,1.0,0.0,10,0,20
45,137,0.0,0.0,1.0,0.0,10,0,20
45,138,0.0,0.0,1.0,0.0,10,0,20
45,139,0.0,0.0,1.0,0.0,10,0,20
45,140,0.0,0.0,1.0,0.0,10,0,20
45,141,0.0,0.0,1.0,0.0,10,0,20
45,142,0.0,0.0,1.0,0.0,10,0,20
45,143,0.0,0.0,1.0,0.0,10,0,20
45,144,0.0,0.0,1.0,0.0,10,0,20
45,145,0.0,0.0,1.0,0.0,10,0,20
45,146,0.0,0.0,1.0,0.0,10,0,20
45,147,0.0,0.0,1.0,0.0,10,0,20
45,148,0.0,0.0,1.0,0.0,10,0,20
45,149,0.0,0.0,1.0,0.0,10,0,20
45,150,0.0,0.0,1.0,0.0,10,0,20
45,151,0.0,0.0,1.0,0.0,10,0,20
45,152,0.0,0.0,1.0,0.0,10,0,20
45,153,0.0,0.0,1.0,0.0,10,0,20
45,154,0.0,0.0,1.0,0.0,10,0,20
45,155,0.0,0.0,1.0,0.0,10,0,20
45,156,0.0,0.0,1.0,0.0,10,0,20
45,157,0.0,0.0,1.0,0.0,10,0,20
45,158,0.0,0.0,1.0,0.0,10,0,20
45,159,0.0,0.0,1.0,0.0,10,0,20
45,160,0.0,0.0,1.0,0.0,10,0,20
45,161,0.0,0.0,1.0,0.0,10,0,20
45,162,0.0,0.0,1.0,0.0,10,0,20
45,163,0.0,0.0,1.0,0.0,10,0,20
45,164,0.0,0.0,1.0,0.0,10,0,20
45,165,0.0,0.0,1.0,0.0,10,0,20
45,166,0.0,0.0,1.0,0.0,10,0,20
45,167,0.0,0.0,1.0,0.0,10,0,20
45,168,0.0,0.0,1.0,0.0,10,0,20
45,169,0.0,0.0,1.0,0.0,10,0,20
45,170,0.0,0.0,1.0,0.0,10,0,20
45,171,0.0,0.0,1.0,0.0,10,0,20
45,172,0.0,0.0,1.0,0.0,10,0,20
45,173,0.0,0.0,1.0,0.0,10,0,20
45,174,0.0,0.0,1.0,0.0,10,0,20
45,175,0.0,0.0,1.0,0.0,10,0,20
45,176,0.0,0.0,1.0,0.0,10,0,20
45,177,0.0,0.0,1.0,0.0,10,0,20
45,178,0.0,0.0,1.0,0.0,10,0,20
45,179,0.0,0.0,1.0,0.0,10,0,20
45,180,0.0,0.0,1.0,0.0,10,0,20
45,181,0.0,0.0,1.0,0.0,10,0,20
45,182,0.0,0.0,1.0,0.0,10,0,20
45,183,0.0,0.0,1.0,0.0,10,0,20
45,184,0.0,0.0,1.0,0.0,10,0,20
45,185,0.0,0.0,1.0,0.0,10,0,20
45,186,0.0,0.0,1.0,0.0,10,0,20
45,187,0.0,0.0,1.0,0.0,10,0,20
45,188,0.0,0.0,1.0,0.0,10,0,20
45,189,0.0,0.0,1.0,0.0,10,0,20
45,190,0.0,0.0,1.0,0.0,10,0,20
45,191,0.0,0.0,1.0,0.0,10,0,20
45,192,0.0,0.0,1.0,0.0,10,0,20
45,193,0.0,0.0,1.0,0.0,10,0,20
45,194,0.0,0.0,1.0,0.0,10,0,20
45,195,0.0,0.0,1.0,0.0,10,0,20
45,196,0.0,0.0,1.0,0.0,10,0,20
45,197,0.0,0.0,1.0,0.0,10,0,20
45,198,0.0,0.0,1.0,0.0,10,0,20
45,199,0.0,0.0,1.0,0.0,10,0,20
45,200,0.0,0.0,1.0,0.0,10,0,20
45,201,0.0,0.0,1.0,0.0,10,0,20
45,202,0.0,0.0,1.0,0.0,10,0,20
45,203,0.0,0.0,1.0,0.0,10,0,20
45,204,0.0,0.0,1.0,0.0,10,0,20
45,205,0.0,0.0,1.0,0.0,10,0,20
45,206,0.0,0.0,1.0,0.0,10,0,20
45,207,0.0,0.0,1.0,0.0,10,0,20
45,208,0.0,0.0,1.0,0.0,10,0,20
45,209,0.0,0.0,1.0,0.0,10,0,20
45,210,0.0,0.0,1.0,0.0,10,0,20
45,211,0.0,0.0,1.0,0.0,10,0,20
45,212,0.0,0.0,1.0,0.0,10,0,20
45,213,0.0,0.0,1.0,0.0,10,0,20
45,214,0.0,0.0,1.0,0.0,10,0,20
45,215,0.0,0.0,1.0,0.0,10,0,20
45,216,0.0,0.0,1.0,0.0,10,0,20
45,217,0.0,0.0,1.0,0.0,10,0,20
45,218,0.0,0.0,1.0,0.0,10,0,20
45,219,0.0,0.0,1.0,0.0,10,0,20
45,220,0.0,0.0,1.0,0.0,10,0,20
45,221,0.0,0.0,1.0,0.0,10,0,20
45,222,0.0,0.0,1.0,0.0,10,0,20
45,223,0.0,0.0,1.0,0.0,10,0,20
45,224,0.0,0.0,1.0,0.0,10,0,20
45,225,0.0,0.0,1.0,0.0,10,0,20
45,226,0.0,0.0,1.0,0.0,10,0,20
45,227,0.0,0.0,1.0,0.0,10,0,20
45,228,0.0,0.0,1.0,0.0,10,0,20
45,229,0.0,0.0,1.0,0.0,10,0,20
45,230,0.0,0.0,1.0,0.0,10,0,20
45,231,0.0,0.0,1.0,0.0,10,0,20
45,232,0.0,0.0,1.0,0.0,10,0,20
45,233,0.0,0.0,1.0,0.0,10,0,20
45,234,0.0,0.0,1.0,0.0,10,0,20
45,235,0.0,0.0,1.0,0.0,10,0,20
45,236,0.0,0.0,1.0,0.0,10,0,20
45,237,0.0,0.0,1.0,0.0,10,0,20
45,238,0.0,0.0,1.0,0.0,10,0,20
45,239,0.0,0.0,1.0,0.0,10,0,20
45,240,0.0,0.0,1.0,0.0,10,0,20
45,241,0.0,0.0,1.0,0.0,10,0,20
45,242,0.0,0.0,1.0,0.0,10,0,20
45,243,0.0,0.0,1.0,0.0,10,0,20
45,244,0.0,0.0,1.0,0.0,10,0,20
45,245,0.0,0.0,1.0,0.0,10,0,20
45,246,0.0,0.0,1.0,0.0,10,0,20
45,247,0.0,0.0,1.0,0.0,10,0,20
45,248,0.0,0.0,1.0,0.0,10,0,20
45,249,0.0,0.0,1.0,0.0,10,0,20
45,250,0.0,0.0,1.0,0.0,10,0,20
45,251,0.0,0.0,1.0,0.0,10,0,20
45,252,0.0,0.0,1.0,0.0,10,0,20
45,253,0.0,0.0,1.0,0.0,10,0,20
45,254,0.0,0.0,1.0,0.0,10,0,20
45,255,0.0,0.0,1.0,0.0,10,0,20
45,256,0.0,0.0,1.0,0.0,10,0,20
45,257,0.0,0.0,1.0,0.0,10,0,20
45,258,0.0,0.0,1.0,0.0,10,0,20
45,259,0.0,0.0,1.0,0.0,10,0,20
45,260,0.0,0.0,1.0,0.0,10,0,20
45,261,0.0,0.0,1.0,0.0,10,0,20
45,262,0.0,0.0,1.0,0.0,10,0,20
45,263,0.0,0.0,1.0,0.0,10,0,20
45,264,0.0,0.0,1.0,0.0,10,0,20
45,265,0.0,0.0,1.0,0.0,10,0,20
45,266,0.0,0.0,1.0,0.0,10,0,20
45,267,0.0,0.0,1.0,0.0,10,0,20
45,268,0.0,0.0,1.0,0.0,10,0,20
45,269,0.0,0.0,1.0,0.0,10,0,20
45,270,0.0,0.0,1.0,0.0,10,0,20
45,271,0.0,0.0,1.0,0.0,10,0,20
45,272,0.0,0.0,1.0,0.0,10,0,20
45,273,0.0,0.0,1.0,0.0,10,0,20
45,274,0.0,0.0,1.0,0.0,10,0,20
45,275,0.0,0.0,1.0,0.0,10,0,20
45,276,0.0,0.0,1.0,0.0,10,0,20
45,277,0.0,0.0,1.0,0.0,10,0,20
45,278,0.0,0.0,1.0,0.0,10,0,20
45,279,0.0,0.0,1.0,0.0,10,0,20
45,280,0.0,0.0,1.0,0.0,10,0,20
45,281,0.0,0.0,1.0,0.0,10,0,20
45,282,0.0,0.0,1.0,0.0,10,0,20
45,283,0.0,0.0,1.0,0.0,10,0,20
45,284,0.0,0.0,1.0,0.0,10,0,20
45,285,0.0,0.0,1.0,0.0,10,0,20
45,286,0.0,0.0,1.0,0.0,10,0,20
45,287,0.0,0.0,1.0,0.0,10,0,20
45,288,0.0,0.0,1.0,0.0,10,0,20
45,289,0.0,0.0,1.0,0.0,10,0,20
45,290,0.0,0.0,1.0,0.0,10,0,20
45,291,0.0,0.0,1.0,0.0,10,0,20
45,292,0.0,0.0,1.0,0.0,10,0,20
45,293,0.0,0.0,1.0,0.0,10,0,20
45,294,0.0,0.0,1.0,0.0,10,0,20
45,295,0.0,0.0,1.0,0.0,10,0,20
45,296,0.0,0.0,1.0,0.0,10,0,20
45,297,0.0,0.0,1.0,0.0,10,0,20
45,298,0.0,0.0,1.0,0.0,10,0,20
45,299,0.0,0.0,1.0,0.0,10,0,20
45,300,0.0,0.0,1.0,0.0,10,0,20
45,301,0.0,0.0,1.0,0.0,10,0,20
45,302,0.0,0.0,1.0,0.0,10,0,20
45,303,0.0,0.0,1.0,0.0,10,0,20
45,304,0.0,0.0,1.0,0.0,10,0,20
45,305,0.0,0.0,1.0,0.0,10,0,20
45,306,0.0,0.0,1.0,0.0,10,0,20
45,307,0.0,0.0,1.0,0.0,10,0,20
45,308,0.0,0.0,1.0,0.0,10,0,20
45,309,0.0,0.0,1.0,0.0,10,0,20
45,310,0.0,0.0,1.0,0.0,10,0,20
45,311,0.0,0.0,1.0,0.0,10,0,20
45,312,0.0,0.0,1.0,0.0,10,0,20
45,313,0.0,0.0,1.0,0.0,10,0,20
45,314,0.0,0.0,1.0,0.0,10,0,20
45,315,0.0,0.0,1.0,0.0,10,0,20
45,316,0.0,0.0,1.0,0.0,10,0,20
45,317,0.0,0.0,1.0,0.0,10,0,20
45,318,0.0,0.0,1.0,0.0,10,0,20
45,319,0.0,0.0,1.0,0.0,10,0,20
45,320,0.0,0.0,1.0,0.0,10,0,20
45,321,0.0,0.0,1.0,0.0,10,0,20
45,322,0.0,0.0,1.0,0.0,10,0,20
45,323,0.0,0.0,1.0,0.0,10,0,20
45,324,0.0,0.0,1.0,0.0,10,0,20
45,325,0.0,0.0,1.0,0.0,10,0,20
45,326,0.0,0.0,1.0,0.0,10,0,20
45,327,0.0,0.0,1.0,0.0,10,0,20
45,328,0.0,0.0,1.0,0.0,10,0,20
45,329,0.0,0.0,1.0,0.0,10,0,20
45,330,0.0,0.0,1.0,0.0,10,0,20
45,331,0.0,0.0,1.0,0.0,10,0,20
45,332,0.0,0.0,1.0,0.0,10,0,20
45,333,0.0,0.0,1.0,0.0,10,0,20
45,334,0.0,0.0,1.0,0.0,10,0,20
45,335,0.0,0.0,1.0,0.0,10,0,20
45,336,0.0,0.0,1.0,0.0,10,0,20
45,337,0.0,0.0,1.0,0.0,10,0,20
45,338,0.0,0.0,1.0,0.0,10,0,20
45,339,0.0,0.0,1.0,0.0,10,0,20
45,340,0.0,0.0,1.0,0.0,10,0,20
45,341,0.0,0.0,1.0,0.0,10,0,20
45,342,0.0,0.0,1.0,0.0,10,0,20
45,343,0.0,0.0,1.0,0.0,10,0,20
45,344,0.0,0.0,1.0,0.0,10,0,20
45,345,0.0,0.0,1.0,0.0,10,0,20
45,346,0.0,0.0,1.0,0.0,10,0,20
45,347,0.0,0.0,1.0,0.0,10,0,20
45,348,0.0,0.0,1.0,0.0,10,0,20
45,349,0.0,0.0,1.0,0.0,10,0,20
45,350,0.0,0.0,1.0,0.0,10,0,20
45,351,0.0,0.0,1.0,0.0,10,0,20
45,352,0.0,0.0,1.0,0.0,10,0,20
45,353,0.0,0.0,1.0,0.0,10,0,20
45,354,0.0,0.0,1.0,0.0,10,0,20
45,355,0.0,0.0,1.0,0.0,10,0,20
45,356,0.0,0.0,1.0,0.0,10,0,20
45,357,0.0,0.0,1.0,0.0,10,0,20
45,358,0.0,0.0,1.0,0.0,10,0,20
45,359,0.0,0.0,1.0,0.0,10,0,20
45,360,0.0,0.0,1.0,0.0,10,0,20
45,361,0.0,0.0,1.0,0.0,10,0,20
45,362,0.0,0.0,1.0,0.0,10,0,20
45,363,0.0,0.0,1.0,0.0,10,0,20
45,364,0.0,0.0,1.0,0.0,10,0,20
45,365,0.0,0.0,1.0,0.0,10,0,20
45,366,0.0,0.0,1.0,0.0,10,0,20
45,367,0.0,0.0,1.0,0.0,10,0,20
45,368,0.0,0.0,1.0,0.0,10,0,20
45,369,0.0,0.0,1.0,0.0,10,0,20
45,370,0.0,0.0,1.0,0.0,10,0,20
45,371,0.0,0.0,1.0,0.0,10,0,20
45,372,0.0,0.0,1.0,0.0,10,0,20
45,373,0.0,0.0,1.0,0.0,10,0,20
45,374,0.0,0.0,1.0,0.0,10,0,20
45,375,0.0,0.0,1.0,0.0,10,0,20
45,376,0.0,0.0,1.0,0.0,10,0,20
45,377,0.0,0.0,1.0,0.0,10,0,20
45,378,0.0,0.0,1.0,0.0,10,0,20
45,379,0.0,0.0,1.0,0.0,10,0,20
45,380,0.0,0.0,1.0,0.0,10,0,20
45,381,0.0,0.0,1.0,0.0,10,0,20
45,382,0.0,0.0,1.0,0.0,10,0,20
45,383,0.0,0.0,1.0,0.0,10,0,20
45,384,0.0,0.0,1.0,0.0,10,0,20
45,385,0.0,0.0,1.0,0.0,10,0,20
45,386,0.0,0.0,1.0,0.0,10,0,20
45,387,0.0,0.0,1.0,0.0,10,0,20
45,388,0.0,0.0,1.0,0.0,10,0,20
45,389,0.0,0.0,1.0,0.0,10,0,20
45,390,0.0,0.0,1.0,0.0,10,0,20
45,391,0.0,0.0,1.0,0.0,10,0,20
45,392,0.0,0.0,1.0,0.0,10,0,20
45,393,0.0,0.0,1.0,0.0,10,0,20
45,394,0.0,0.0,1.0,0.0,10,0,20
45,395,0.0,0.0,1.0,0.0,10,0,20
45,396,0.0,0.0,1.0,0.0,10,0,20
45,397,0.0,0.0,1.0,0.0,10,0,20
45,398,0.0,0.0,1.0,0.0,10,0,20
45,399,0.0,0.0,1.0,0.0,10,0,20
45,400,0.0,0.0,1.0,0.0,10,0,20
45,401,0.0,0.0,1.0,0.0,10,0,20
45,402,0.0,0.0,1.0,0.0,10,0,20
45,403,0.0,0.0,1.0,0.0,10,0,20
45,404,0.0,0.0,1.0,0.0,10,0,20
45,405,0.0,0.0,1.0,0.0,10,0,20
45,406,0.0,0.0,1.0,0.0,10,0,20
45,407,0.0,0.0,1.0,0.0,10,0,20
45,408,0.0,0.0,1.0,0.0,10,0,20
45,409,0.0,0.0,1.0,0.0,10,0,20
45,410,0.0,0.0,1.0,0.0,10,0,20
45,411,0.0,0.0,1.0,0.0,10,0,20
45,412,0.0,0.0,1.0,0.0,10,0,20
45,413,0.0,0.0,1.0,0.0,10,0,20
45,414,0.0,0.0,1.0,0.0,10,0,20
45,415,0.0,0.0,1.0,0.0,10,0,20
45,416,0.0,0.0,1.0,0.0,10,0,20
45,417,0.0,0.0,1.0,0.0,10,0,20
45,418,0.0,0.0,1.0,0.0,10,0,20
45,419,0.0,0.0,1.0,0.0,10,0,20
45,420,0.0,0.0,1.0,0.0,10,0,20
45,421,0.0,0.0,1.0,0.0,10,0,20
45,422,0.0,0.0,1.0,0.0,10,0,20
45,423,0.0,0.0,1.0,0.0,10,0,20
45,424,0.0,0.0,1.0,0.0,10,0,20
45,425,0.0,0.0,1.0,0.0,10,0,20
45,426,0.0,0.0,1.0,0.0,10,0,20
45,427,0.0,0.0,1.0,0.0,10,0,20
45,428,0.0,0.0,1.0,0.0,10,0,20
45,429,0.0,0.0,1.0,0.0,10,0,20
45,430,0.0,0.0,1.0,0.0,10,0,20
45,431,0.0,0.0,1.0,0.0,10,0,20
45,432,0.0,0.0,1.0,0.0,10,0,20
45,433,0.0,0.0,1.0,0.0,10,0,20
45,434,0.0,0.0,1.0,0.0,10,0,20
45,435,0.0,0.0,1.0,0.0,10,0,20
45,436,0.0,0.0,1.0,0.0,10,0,20
45,437,0.0,0.0,1.0,0.0,10,0,20
45,438,0.0,0.0,1.0,0.0,10,0,20
45,439,0.0,0.0,1.0,0.0,10,0,20
45,440,0.0,0.0,1.0,0.0,10,0,20
45,441,0.0,0.0,1.0,0.0,10,0,20
45,442,0.0,0.0,1.0,0.0,10,0,20
45,443,0.0,0.0,1.0,0.0,10,0,20
45,444,0.0,0.0,1.0,0.0,10,0,20
45,445,0.0,0.0,1.0,0.0,10,0,20
45,446,0.0,0.0,1.0,0.0,10,0,20
45,447,0.0,0.0,1.0,0.0,10,0,20
45,448,0.0,0.0,1.0,0.0,10,0,20
45,449,0.0,0.0,1.0,0.0,10,0,20
45,450,0.0,0.0,1.0,0.0,10,0,20
45,451,0.0,0.0,1.0,0.0,10,0,20
45,452,0.0,0.0,1.0,0.0,10,0,20
45,453,0.0,0.0,1.0,0.0,10,0,20
45,454,0.0,0.0,1.0,0.0,10,0,20
45,455,0.0,0.0,1.0,0.0,10,0,20
45,456,0.0,0.0,1.0,0.0,10,0,20
45,457,0.0,0.0,1.0,0.0,10,0,20
45,458,0.0,0.0,1.0,0.0,10,0,20
45,459,0.0,0.0,1.0,0.0,10,0,20
45,460,0.0,0.0,1.0,0.0,10,0,20
45,461,0.0,0.0,1.0,0.0,10,0,20
45,462,0.0,0.0,1.0,0.0,10,0,20
45,463,0.0,0.0,1.0,0.0,10,0,20
45,464,0.0,0.0,1.0,0.0,10,0,20
45,465,0.0,0.0,1.0,0.0,10,0,20
45,466,0.0,0.0,1.0,0.0,10,0,20
45,467,0.0,0.0,1.0,0.0,10,0,20
45,468,0.0,0.0,1.0,0.0,10,0,20
45,469,0.0,0.0,1.0,0.0,10,0,20
45,470,0.0,0.0,1.0,0.0,10,0,20
45,471,0.0,0.0,1.0,0.0,10,0,20
45,472,0.0,0.0,1.0,0.0,10,0,20
45,473,0.0,0.0,1.0,0.0,10,0,20
45,474,0.0,0.0,1.0,0.0,10,0,20
45,475,0.0,0.0,1.0,0.0,10,0,20
45,476,0.0,0.0,1.0,0.0,10,0,20
45,477,0.0,0.0,1.0,0.0,10,0,20
45,478,0.0,0.0,1.0,0.0,10,0,20
45,479,0.0,0.0,1.0,0.0,10,0,20
45,480,0.0,0.0,1.0,0.0,10,0,20
45,481,0.0,0.0,1.0,0.0,10,0,20
45,482,0.0,0.0,1.0,0.0,10,0,20
45,483,0.0,0.0,1.0,0.0,10,0,20
45,484,0.0,0.0,1.0,0.0,10,0,20
45,485,0.0,0.0,1.0,0.0,10,0,20
45,486,0.0,0.0,1.0,0.0,10,0,20
45,487,0.0,0.0,1.0,0.0,10,0,20
45,488,0.0,0.0,1.0,0.0,10,0,20
45,489,0.0,0.0,1.0,0.0,10,0,20
45,490,0.0,0.0,1.0,0.0,10,0,20
45,491,0.0,0.0,1.0,0.0,10,0,20
45,492,0.0,0.0,1.0,0.0,10,0,20
45,493,0.0,0.0,1.0,0.0,10,0,20
45,494,0.0,0.0,1.0,0.0,10,0,20
45,495,0.0,0.0,1.0,0.0,10,0,20
45,496,0.0,0.0,1.0,0.0,10,0,20
45,497,0.0,0.0,1.0,0.0,10,0,20
45,498,0.0,0.0,1.0,0.0,10,0,20
45,499,0.0,0.0,1.0,0.0,10,0,20
45,500,0.0,0.0,1.0,0.0,10,0,20
45,501,0.0,0.0,1.0,0.0,10,0,20
45,502,0.0,0.0,1.0,0.0,10,0,20
45,503,0.0,0.0,1.0,0.0,10,0,20
45,504,0.0,0.0,1.0,0.0,10,0,20
45,505,0.0,0.0,1.0,0.0,10,0,20
45,506,0.0,0.0,1.0,0.0,10,0,20
45,507,0.0,0.0,1.0,0.0,10,0,20
45,508,0.0,0.0,1.0,0.0,10,0,20
45,509,0.0,0.0,1.0,0.0,10,0,20
45,510,0.0,0.0,1.0,0.0,10,0,20
45,511,0.0,0.0,1.0,0.0,10,0,20
45,512,0.0,0.0,1.0,0.0,10,0,20
45,513,0.0,0.0,1.0,0.0,10,0,20
45,514,0.0,0.0,1.0,0.0,10,0,20
45,515,0.0,0.0,1.0,0.0,10,0,20
45,516,0.0,0.0,1.0,0.0,10,0,20
45,517,0.0,0.0,1.0,0.0,10,0,20
45,518,0.0,0.0,1.0,0.0,10,0,20
45,519,0.0,0.0,1.0,0.0,10,0,20
45,520,0.0,0.0,1.0,0.0,10,0,20
45,521,0.0,0.0,1.0,0.0,10,0,20
45,522,0.0,0.0,1.0,0.0,10,0,20
45,523,0.0,0.0,1.0,0.0,10,0,20
45,524,0.0,0.0,1.0,0.0,10,0,20
45,525,0.0,0.0,1.0,0.0,10,0,20
45,526,0.0,0.0,1.0,0.0,10,0,20
45,527,0.0,0.0,1.0,0.0,10,0,20
45,528,0.0,0.0,1.0,0.0,10,0,20
45,529,0.0,0.0,1.0,0.0,10,0,20
45,530,0.0,0.0,1.0,0.0,10,0,20
45,531,0.0,0.0,1.0,0.0,10,0,20
45,532,0.0,0.0,1.0,0.0,10,0,20
45,533,0.0,0.0,1.0,0.0,10,0,20
45,534,0.0,0.0,1.0,0.0,10,0,20
45,535,0.0,0.0,1.0,0.0,10,0,20
45,536,0.0,0.0,1.0,0.0,10,0,20
45,537,0.0,0.0,1.0,0.0,10,0,20
45,538,0.0,0.0,1.0,0.0,10,0,20
45,539,0.0,0.0,1.0,0.0,10,0,20
45,540,0.0,0.0,1.0,0.0,10,0,20
45,541,0.0,0.0,1.0,0.0,10,0,20
45,542,0.0,0.0,1.0,0.0,10,0,20
45,543,0.0,0.0,1.0,0.0,10,0,20
45,544,0.0,0.0,1.0,0.0,10,0,20
45,545,0.0,0.0,1.0,0.0,10,0,20
45,546,0.0,0.0,1.0,0.0,10,0,20
45,547,0.0,0.0,1.0,0.0,10,0,20
45,548,0.0,0.0,1.0,0.0,10,0,20
45,549,0.0,0.0,1.0,0.0,10,0,20
45,550,0.0,0.0,1.0,0.0,10,0,20
45,551,0.0,0.0,1.0,0.0,10,0,20
45,552,0.0,0.0,1.0,0.0,10,0,20
45,553,0.0,0.0,1.0,0.0,10,0,20
45,554,0.0,0.0,1.0,0.0,10,0,20
45,555,0.0,0.0,1.0,0.0,10,0,20
45,556,0.0,0.0,1.0,0.0,10,0,20
45,557,0.0,0.0,1.0,0.0,10,0,20
45,558,0.0,0.0,1.0,0.0,10,0,20
45,559,0.0,0.0,1.0,0.0,10,0,20
45,560,0.0,0.0,1.0,0.0,10,0,20
45,561,0.0,0.0,1.0,0.0,10,0,20
45,562,0.0,0.0,1.0,0.0,10,0,20
45,563,0.0,0.0,1.0,0.0,10,0,20
45,564,0.0,0.0,1.0,0.0,10,0,20
45,565,0.0,0.0,1.0,0.0,10,0,20
45,566,0.0,0.0,1.0,0.0,10,0,20
45,567,0.0,0.0,1.0,0.0,10,0,20
45,568,0.0,0.0,1.0,0.0,10,0,20
45,569,0.0,0.0,1.0,0.0,10,0,20
45,570,0.0,0.0,1.0,0.0,10,0,20
45,571,0.0,0.0,1.0,0.0,10,0,20
45,572,0.0,0.0,1.0,0.0,10,0,20
45,573,0.0,0.0,1.0,0.0,10,0,20
45,574,0.0,0.0,1.0,0.0,10,0,20
45,575,0.0,0.0,1.0,0.0,10,0,20
45,576,0.0,0.0,1.0,0.0,10,0,20
45,577,0.0,0.0,1.0,0.0,10,0,20
45,578,0.0,0.0,1.0,0.0,10,0,20
45,579,0.0,0.0,1.0,0.0,10,0,20
45,580,0.0,0.0,1.0,0.0,10,0,20
45,581,0.0,0.0,1.0,0.0,10,0,20
45,582,0.0,0.0,1.0,0.0,10,0,20
45,583,0.0,0.0,1.0,0.0,10,0,20
45,584,0.0,0.0,1.0,0.0,10,0,20
45,585,0.0,0.0,1.0,0.0,10,0,20
45,586,0.0,0.0,1.0,0.0,10,0,20
45,587,0.0,0.0,1.0,0.0,10,0,20
45,588,0.0,0.0,1.0,0.0,10,0,20
45,589,0.0,0.0,1.0,0.0,10,0,20
45,590,0.0,0.0,1.0,0.0,10,0,20
45,591,0.0,0.0,1.0,0.0,10,0,20
45,592,0.0,0.0,1.0,0.0,10,0,20
45,593,0.0,0.0,1.0,0.0,10,0,20
45,594,0.0,0.0,1.0,0.0,10,0,20
45,595,0.0,0.0,1.0,0.0,10,0,20
45,596,0.0,0.0,1.0,0.0,10,0,20
45,597,0.0,0.0,1.0,0.0,10,0,20
45,598,0.0,0.0,1.0,0.0,10,0,20
45,599,0.0,0.0,1.0,0.0,10,0,20
45,600,0.0,0.0,1.0,0.0,10,0,20
45,601,0.0,0.0,1.0,0.0,10,0,20
45,602,0.0,0.0,1.0,0.0,10,0,20
45,603,0.0,0.0,1.0,0.0,10,0,20
45,604,0.0,0.0,1.0,0.0,10,0,20
45,605,0.0,0.0,1.0,0.0,10,0,20
45,606,0.0,0.0,1.0,0.0,10,0,20
45,607,0.0,0.0,1.0,0.0,10,0,20
45,608,0.0,0.0,1.0,0.0,10,0,20
45,609,0.0,0.0,1.0,0.0,10,0,20
45,610,0.0,0.0,1.0,0.0,10,0,20
45,611,0.0,0.0,1.0,0.0,10,0,20
45,612,0.0,0.0,1.0,0.0,10,0,20
45,613,0.0,0.0,1.0,0.0,10,0,20
45,614,0.0,0.0,1.0,0.0,10,0,20
45,615,0.0,0.0,1.0,0.0,10,0,20
45,616,0.0,0.0,1.0,0.0,10,0,20
45,617,0.0,0.0,1.0,0.0,10,0,20
45,618,0.0,0.0,1.0,0.0,10,0,20
45,619,0.0,0.0,1.0,0.0,10,0,20
45,620,0.0,0.0,1.0,0.0,10,0,20
45,621,0.0,0.0,1.0,0.0,10,0,20
45,622,0.0,0.0,1.0,0.0,10,0,20
45,623,0.0,0.0,1.0,0.0,10,0,20
45,624,0.0,0.0,1.0,0.0,10,0,20
45,625,0.0,0.0,1.0,0.0,10,0,20
45,626,0.0,0.0,1.0,0.0,10,0,20
45,627,0.0,0.0,1.0,0.0,10,0,20
45,628,0.0,0.0,1.0,0.0,10,0,20
45,629,0.0,0.0,1.0,0.0,10,0,20
45,630,0.0,0.0,1.0,0.0,10,0,20
45,631,0.0,0.0,1.0,0.0,10,0,20
45,632,0.0,0.0,1.0,0.0,10,0,20
45,633,0.0,0.0,1.0,0.0,10,0,20
45,634,0.0,0.0,1.0,0.0,10,0,20
45,635,0.0,0.0,1.0,0.0,10,0,20
45,636,0.0,0.0,1.0,0.0,10,0,20
45,637,0.0,0.0,1.0,0.0,10,0,20
45,638,0.0,0.0,1.0,0.0,10,0,20
45,639,0.0,0.0,1.0,0.0,10,0,20
45,640,0.0,0.0,1.0,0.0,10,0,20
45,641,0.0,0.0,1.0,0.0,10,0,20
45,642,0.0,0.0,1.0,0.0,10,0,20
45,643,0.0,0.0,1.0,0.0,10,0,20
45,644,0.0,0.0,1.0,0.0,10,0,20
45,645,0.0,0.0,1.0,0.0,10,0,20
45,646,0.0,0.0,1.0,0.0,10,0,20
45,647,0.0,0.0,1.0,0.0,10,0,20
45,648,0.0,0.0,1.0,0.0,10,0,20
45,649,0.0,0.0,1.0,0.0,10,0,20
45,650,0.0,0.0,1.0,0.0,10,0,20
45,651,0.0,0.0,1.0,0.0,10,0,20
45,652,0.0,0.0,1.0,0.0,10,0,20
45,653,0.0,0.0,1.0,0.0,10,0,20
45,654,0.0,0.0,1.0,0.0,10,0,20
45,655,0.0,0.0,1.0,0.0,10,0,20
45,656,0.0,0.0,1.0,0.0,10,0,20
45,657,0.0,0.0,1.0,0.0,10,0,20
45,658,0.0,0.0,1.0,0.0,10,0,20
45,659,0.0,0.0,1.0,0.0,10,0,20
45,660,0.0,0.0,1.0,0.0,10,0,20
45,661,0.0,0.0,1.0,0.0,10,0,20
45,662,0.0,0.0,1.0,0.0,10,0,20
45,663,0.0,0.0,1.0,0.0,10,0,20
45,664,0.0,0.0,1.0,0.0,10,0,20
45,665,0.0,0.0,1.0,0.0,10,0,20
45,666,0.0,0.0,1.0,0.0,10,0,20
45,667,0.0,0.0,1.0,0.0,10,0,20
45,668,0.0,0.0,1.0,0.0,10,0,20
45,669,0.0,0.0,1.0,0.0,10,0,20
45,670,0.0,0.0,1.0,0.0,10,0,20
45,671,0.0,0.0,1.0,0.0,10,0,20
45,672,0.0,0.0,1.0,0.0,10,0,20
45,673,0.0,0.0,1.0,0.0,10,0,20
45,674,0.0,0.0,1.0,0.0,10,0,20
45,675,0.0,0.0,1.0,0.0,10,0,20
45,676,0.0,0.0,1.0,0.0,10,0,20
45,677,0.0,0.0,1.0,0.0,10,0,20
45,678,0.0,0.0,1.0,0.0,10,0,20
45,679,0.0,0.0,1.0,0.0,10,0,20
45,680,0.0,0.0,1.0,0.0,10,0,20
45,681,0.0,0.0,1.0,0.0,10,0,20
45,682,0.0,0.0,1.0,0.0,10,0,20
45,683,0.0,0.0,1.0,0.0,10,0,20
45,684,0.0,0.0,1.0,0.0,10,0,20
45,685,0.0,0.0,1.0,0.0,10,0,20
45,686,0.0,0.0,1.0,0.0,10,0,20
45,687,0.0,0.0,1.0,0.0,10,0,20
45,688,0.0,0.0,1.0,0.0,10,0,20
45,689,0.0,0.0,1.0,0.0,10,0,20
45,690,0.0,0.0,1.0,0.0,10,0,20
45,691,0.0,0.0,1.0,0.0,10,0,20
45,692,0.0,0.0,1.0,0.0,10,0,20
45,693,0.0,0.0,1.0,0.0,10,0,20
45,694,0.0,0.0,1.0,0.0,10,0,20
45,695,0.0,0.0,1.0,0.0,10,0,20
45,696,0.0,0.0,1.0,0.0,10,0,20
45,697,0.0,0.0,1.0,0.0,10,0,20
45,698,0.0,0.0,1.0,0.0,10,0,20
45,699,0.0,0.0,1.0,0.0,10,0,20
45,700,0.0,0.0,1.0,0.0,10,0,20
45,701,0.0,0.0,1.0,0.0,10,0,20
45,702,0.0,0.0,1.0,0.0,10,0,20
45,703,0.0,0.0,1.0,0.0,10,0,20
45,704,0.0,0.0,1.0,0.0,10,0,20
45,705,0.0,0.0,1.0,0.0,10,0,20
45,706,0.0,0.0,1.0,0.0,10,0,20
45,707,0.0,0.0,1.0,0.0,10,0,20
45,708,0.0,0.0,1.0,0.0,10,0,20
45,709,0.0,0.0,1.0,0.0,10,0,20
45,710,0.0,0.0,1.0,0.0,10,0,20
45,711,0.0,0.0,1.0,0.0,10,0,20
45,712,0.0,0.0,1.0,0.0,10,0,20
45,713,0.0,0.0,1.0,0.0,10,0,20
45,714,0.0,0.0,1.0,0.0,10,0,20
45,715,0.0,0.0,1.0,0.0,10,0,20
45,716,0.0,0.0,1.0,0.0,10,0,20
45,717,0.0,0.0,1.0,0.0,10,0,20
45,718,0.0,0.0,1.0,0.0,10,0,20
45,719,0.0,0.0,1.0,0.0,10,0,20
45,720,0.0,0.0,1.0,0.0,10,0,20
45,721,0.0,0.0,1.0,0.0,10,0,20
45,722,0.0,0.0,1.0,0.0,10,0,20
45,723,0.0,0.0,1.0,0.0,10,0,20
45,724,0.0,0.0,1.0,0.0,10,0,20
45,725,0.0,0.0,1.0,0.0,10,0,20
45,726,0.0,0.0,1.0,0.0,10,0,20
45,727,0.0,0.0,1.0,0.0,10,0,20
45,728,0.0,0.0,1.0,0.0,10,0,20
45,729,0.0,0.0,1.0,0.0,10,0,20
45,730,0.0,0.0,1.0,0.0,10,0,20
45,731,0.0,0.0,1.0,0.0,10,0,20
45,732,0.0,0.0,1.0,0.0,10,0,20
45,733,0.0,0.0,1.0,0.0,10,0,20
45,734,0.0,0.0,1.0,0.0,10,0,20
45,735,0.0,0.0,1.0,0.0,10,0,20
45,736,0.0,0.0,1.0,0.0,10,0,20
45,737,0.0,0.0,1.0,0.0,10,0,20
45,738,0.0,0.0,1.0,0.0,10,0,20
45,739,0.0,0.0,1.0,0.0,10,0,20
45,740,0.0,0.0,1.0,0.0,10,0,20
45,741,0.0,0.0,1.0,0.0,10,0,20
45,742,0.0,0.0,1.0,0.0,10,0,20
45,743,0.0,0.0,1.0,0.0,10,0,20
45,744,0.0,0.0,1.0,0.0,10,0,20
45,745,0.0,0.0,1.0,0.0,10,0,20
45,746,0.0,0.0,1.0,0.0,10,0,20
45,747,0.0,0.0,1.0,0.0,10,0,20
45,748,0.0,0.0,1.0,0.0,10,0,20
45,749,0.0,0.0,1.0,0.0,10,0,20
45,750,0.0,0.0,1.0,0.0,10,0,20
45,751,0.0,0.0,1.0,0.0,10,0,20
45,752,0.0,0.0,1.0,0.0,10,0,20
45,753,0.0,0.0,1.0,0.0,10,0,20
45,754,0.0,0.0,1.0,0.0,10,0,20
45,755,0.0,0.0,1.0,0.0,10,0,20
45,756,0.0,0.0,1.0,0.0,10,0,20
45,757,0.0,0.0,1.0,0.0,10,0,20
45,758,0.0,0.0,1.0,0.0,10,0,20
45,759,0.0,0.0,1.0,0.0,10,0,20
45,760,0.0,0.0,1.0,0.0,10,0,20
45,761,0.0,0.0,1.0,0.0,10,0,20
45,762,0.0,0.0,1.0,0.0,10,0,20
45,763,0.0,0.0,1.0,0.0,10,0,20
45,764,0.0,0.0,1.0,0.0,10,0,20
45,765,0.0,0.0,1.0,0.0,10,0,20
45,766,0.0,0.0,1.0,0.0,10,0,20
45,767,0.0,0.0,1.0,0.0,10,0,20
45,768,0.0,0.0,1.0,0.0,10,0,20
45,769,0.0,0.0,1.0,0.0,10,0,20
45,770,0.0,0.0,1.0,0.0,10,0,20
45,771,0.0,0.0,1.0,0.0,10,0,20
45,772,0.0,0.0,1.0,0.0,10,0,20
45,773,0.0,0.0,1.0,0.0,10,0,20
45,774,0.0,0.0,1.0,0.0,10,0,20
45,775,0.0,0.0,1.0,0.0,10,0,20
45,776,0.0,0.0,1.0,0.0,10,0,20
45,777,0.0,0.0,1.0,0.0,10,0,20
45,778,0.0,0.0,1.0,0.0,10,0,20
45,779,0.0,0.0,1.0,0.0,10,0,20
45,780,0.0,0.0,1.0,0.0,10,0,20
45,781,0.0,0.0,1.0,0.0,10,0,20
45,782,0.0,0.0,1.0,0.0,10,0,20
45,783,0.0,0.0,1.0,0.0,10,0,20
45,784,0.0,0.0,1.0,0.0,10,0,20
45,785,0.0,0.0,1.0,0.0,10,0,20
45,786,0.0,0.0,1.0,0.0,10,0,20
45,787,0.0,0.0,1.0,0.0,10,0,20
45,788,0.0,0.0,1.0,0.0,10,0,20
45,789,0.0,0.0,1.0,0.0,10,0,20
45,790,0.0,0.0,1.0,0.0,10,0,20
45,791,0.0,0.0,1.0,0.0,10,0,20
45,792,0.0,0.0,1.0,0.0,10,0,20
45,793,0.0,0.0,1.0,0.0,10,0,20
45,794,0.0,0.0,1.0,0.0,10,0,20
45,795,0.0,0.0,1.0,0.0,10,0,20
45,796,0.0,0.0,1.0,0.0,10,0,20
45,797,0.0,0.0,1.0,0.0,10,0,20
45,798,0.0,0.0,1.0,0.0,10,0,20
45,799,0.0,0.0,1.0,0.0,10,0,20
45,800,0.0,0.0,1.0,0.0,10,0,20
45,801,0.0,0.0,1.0,0.0,10,0,20
45,802,0.0,0.0,1.0,0.0,10,0,20
45,803,0.0,0.0,1.0,0.0,10,0,20
45,804,0.0,0.0,1.0,0.0,10,0,20
45,805,0.0,0.0,1.0,0.0,10,0,20
45,806,0.0,0.0,1.0,0.0,10,0,20
45,807,0.0,0.0,1.0,0.0,10,0,20
45,808,0.0,0.0,1.0,0.0,10,0,20
45,809,0.0,0.0,1.0,0.0,10,0,20
45,810,0.0,0.0,1.0,0.0,10,0,20
45,811,0.0,0.0,1.0,0.0,10,0,20
45,812,0.0,0.0,1.0,0.0,10,0,20
45,813,0.0,0.0,1.0,0.0,10,0,20
45,814,0.0,0.0,1.0,0.0,10,0,20
45,815,0.0,0.0,1.0,0.0,10,0,20
45,816,0.0,0.0,1.0,0.0,10,0,20
45,817,0.0,0.0,1.0,0.0,10,0,20
45,818,0.0,0.0,1.0,0.0,10,0,20
45,819,0.0,0.0,1.0,0.0,10,0,20
45,820,0.0,0.0,1.0,0.0,10,0,20
45,821,0.0,0.0,1.0,0.0,10,0,20
45,822,0.0,0.0,1.0,0.0,10,0,20
45,823,0.0,0.0,1.0,0.0,10,0,20
45,824,0.0,0.0,1.0,0.0,10,0,20
45,825,0.0,0.0,1.0,0.0,10,0,20
45,826,0.0,0.0,1.0,0.0,10,0,20
45,827,0.0,0.0,1.0,0.0,10,0,20
45,828,0.0,0.0,1.0,0.0,10,0,20
45,829,0.0,0.0,1.0,0.0,10,0,20
45,830,0.0,0.0,1.0,0.0,10,0,20
45,831,0.0,0.0,1.0,0.0,10,0,20
45,832,0.0,0.0,1.0,0.0,10,0,20
45,833,0.0,0.0,1.0,0.0,10,0,20
45,834,0.0,0.0,1.0,0.0,10,0,20
45,835,0.0,0.0,1.0,0.0,10,0,20
45,836,0.0,0.0,1.0,0.0,10,0,20
45,837,0.0,0.0,1.0,0.0,10,0,20
45,838,0.0,0.0,1.0,0.0,10,0,20
45,839,0.0,0.0,1.0,0.0,10,0,20
45,840,0.0,0.0,1.0,0.0,10,0,20
45,841,0.0,0.0,1.0,0.0,10,0,20
45,842,0.0,0.0,1.0,0.0,10,0,20
45,843,0.0,0.0,1.0,0.0,10,0,20
45,844,0.0,0.0,1.0,0.0,10,0,20
45,845,0.0,0.0,1.0,0.0,10,0,20
45,846,0.0,0.0,1.0,0.0,10,0,20
45,847,0.0,0.0,1.0,0.0,10,0,20
45,848,0.0,0.0,1.0,0.0,10,0,20
45,849,0.0,0.0,1.0,0.0,10,0,20
45,850,0.0,0.0,1.0,0.0,10,0,20
45,851,0.0,0.0,1.0,0.0,10,0,20
45,852,0.0,0.0,1.0,0.0,10,0,20
45,853,0.0,0.0,1.0,0.0,10,0,20
45,854,0.0,0.0,1.0,0.0,10,0,20
45,855,0.0,0.0,1.0,0.0,10,0,20
45,856,0.0,0.0,1.0,0.0,10,0,20
45,857,0.0,0.0,1.0,0.0,10,0,20
45,858,0.0,0.0,1.0,0.0,10,0,20
45,859,0.0,0.0,1.0,0.0,10,0,20
45,860,0.0,0.0,1.0,0.0,10,0,20
45,861,0.0,0.0,1.0,0.0,10,0,20
45,862,0.0,0.0,1.0,0.0,10,0,20
45,863,0.0,0.0,1.0,0.0,10,0,20
45,864,0.0,0.0,1.0,0.0,10,0,20
45,865,0.0,0.0,1.0,0.0,10,0,20
45,866,0.0,0.0,1.0,0.0,10,0,20
45,867,0.0,0.0,1.0,0.0,10,0,20
45,868,0.0,0.0,1.0,0.0,10,0,20
45,869,0.0,0.0,1.0,0.0,10,0,20
45,870,0.0,0.0,1.0,0.0,10,0,20
45,871,0.0,0.0,1.0,0.0,10,0,20
45,872,0.0,0.0,1.0,0.0,10,0,20
45,873,0.0,0.0,1.0,0.0,10,0,20
45,874,0.0,0.0,1.0,0.0,10,0,20
45,875,0.0,0.0,1.0,0.0,10,0,20
45,876,0.0,0.0,1.0,0.0,10,0,20
45,877,0.0,0.0,1.0,0.0,10,0,20
45,878,0.0,0.0,1.0,0.0,10,0,20
45,879,0.0,0.0,1.0,0.0,10,0,20
45,880,0.0,0.0,1.0,0.0,10,0,20
45,881,0.0,0.0,1.0,0.0,10,0,20
45,882,0.0,0.0,1.0,0.0,10,0,20
45,883,0.0,0.0,1.0,0.0,10,0,20
45,884,0.0,0.0,1.0,0.0,10,0,20
45,885,0.0,0.0,1.0,0.0,10,0,20
45,886,0.0,0.0,1.0,0.0,10,0,20
45,887,0.0,0.0,1.0,0.0,10,0,20
45,888,0.0,0.0,1.0,0.0,10,0,20
45,889,0.0,0.0,1.0,0.0,10,0,20
45,890,0.0,0.0,1.0,0.0,10,0,20
45,891,0.0,0.0,1.0,0.0,10,0,20
45,892,0.0,0.0,1.0,0.0,10,0,20
45,893,0.0,0.0,1.0,0.0,10,0,20
45,894,0.0,0.0,1.0,0.0,10,0,20
45,895,0.0,0.0,1.0,0.0,10,0,20
45,896,0.0,0.0,1.0,0.0,10,0,20
45,897,0.0,0.0,1.0,0.0,10,0,20
45,898,0.0,0.0,1.0,0.0,10,0,20
45,899,0.0,0.0,1.0,0.0,10,0,20
45,900,0.0,0.0,1.0,0.0,10,0,20
45,901,0.0,0.0,1.0,0.0,10,0,20
45,902,0.0,0.0,1.0,0.0,10,0,20
45,903,0.0,0.0,1.0,0.0,10,0,20
45,904,0.0,0.0,1.0,0.0,10,0,20
45,905,0.0,0.0,1.0,0.0,10,0,20
45,906,0.0,0.0,1.0,0.0,10,0,20
45,907,0.0,0.0,1.0,0.0,10,0,20
45,908,0.0,0.0,1.0,0.0,10,0,20
45,909,0.0,0.0,1.0,0.0,10,0,20
45,910,0.0,0.0,1.0,0.0,10,0,20
45,911,0.0,0.0,1.0,0.0,10,0,20
45,912,0.0,0.0,1.0,0.0,10,0,20
45,913,0.0,0.0,1.0,0.0,10,0,20
45,914,0.0,0.0,1.0,0.0,10,0,20
45,915,0.0,0.0,1.0,0.0,10,0,20
45,916,0.0,0.0,1.0,0.0,10,0,20
45,917,0.0,0.0,1.0,0.0,10,0,20
45,918,0.0,0.0,1.0,0.0,10,0,20
45,919,0.0,0.0,1.0,0.0,10,0,20
45,920,0.0,0.0,1.0,0.0,10,0,20
45,921,0.0,0.0,1.0,0.0,10,0,20
45,922,0.0,0.0,1.0,0.0,10,0,20
45,923,0.0,0.0,1.0,0.0,10,0,20
45,924,0.0,0.0,1.0,0.0,10,0,20
45,925,0.0,0.0,1.0,0.0,10,0,20
45,926,0.0,0.0,1.0,0.0,10,0,20
45,927,0.0,0.0,1.0,0.0,10,0,20
45,928,0.0,0.0,1.0,0.0,10,0,20
45,929,0.0,0.0,1.0,0.0,10,0,20
45,930,0.0,0.0,1.0,0.0,10,0,20
45,931,0.0,0.0,1.0,0.0,10,0,20
45,932,0.0,0.0,1.0,0.0,10,0,20
45,933,0.0,0.0,1.0,0.0,10,0,20
45,934,0.0,0.0,1.0,0.0,10,0,20
45,935,0.0,0.0,1.0,0.0,10,0,20
45,936,0.0,0.0,1.0,0.0,10,0,20
45,937,0.0,0.0,1.0,0.0,10,0,20
45,938,0.0,0.0,1.0,0.0,10,0,20
45,939,0.0,0.0,1.0,0.0,10,0,20
45,940,0.0,0.0,1.0,0.0,10,0,20
45,941,0.0,0.0,1.0,0.0,10,0,20
45,942,0.0,0.0,1.0,0.0,10,0,20
45,943,0.0,0.0,1.0,0.0,10,0,20
45,944,0.0,0.0,1.0,0.0,10,0,20
45,945,0.0,0.0,1.0,0.0,10,0,20
45,946,0.0,0.0,1.0,0.0,10,0,20
45,947,0.0,0.0,1.0,0.0,10,0,20
45,948,0.0,0.0,1.0,0.0,10,0,20
45,949,0.0,0.0,1.0,0.0,10,0,20
45,950,0.0,0.0,1.0,0.0,10,0,20
45,951,0.0,0.0,1.0,0.0,10,0,20
45,952,0.0,0.0,1.0,0.0,10,0,20
45,953,0.0,0.0,1.0,0.0,10,0,20
45,954,0.0,0.0,1.0,0.0,10,0,20
45,955,0.0,0.0,1.0,0.0,10,0,20
45,956,0.0,0.0,1.0,0.0,10,0,20
45,957,0.0,0.0,1.0,0.0,10,0,20
45,958,0.0,0.0,1.0,0.0,10,0,20
45,959,0.0,0.0,1.0,0.0,10,0,20
45,960,0.0,0.0,1.0,0.0,10,0,20
45,961,0.0,0.0,1.0,0.0,10,0,20
45,962,0.0,0.0,1.0,0.0,10,0,20
45,963,0.0,0.0,1.0,0.0,10,0,20
45,964,0.0,0.0,1.0,0.0,10,0,20
45,965,0.0,0.0,1.0,0.0,10,0,20
45,966,0.0,0.0,1.0,0.0,10,0,20
45,967,0.0,0.0,1.0,0.0,10,0,20
45,968,0.0,0.0,1.0,0.0,10,0,20
45,969,0.0,0.0,1.0,0.0,10,0,20
45,970,0.0,0.0,1.0,0.0,10,0,20
45,971,0.0,0.0,1.0,0.0,10,0,20
45,972,0.0,0.0,1.0,0.0,10,0,20
45,973,0.0,0.0,1.0,0.0,10,0,20
45,974,0.0,0.0,1.0,0.0,10,0,20
45,975,0.0,0.0,1.0,0.0,10,0,20
45,976,0.0,0.0,1.0,0.0,10,0,20
45,977,0.0,0.0,1.0,0.0,10,0,20
45,978,0.0,0.0,1.0,0.0,10,0,20
45,979,0.0,0.0,1.0,0.0,10,0,20
45,980,0.0,0.0,1.0,0.0,10,0,20
45,981,0.0,0.0,1.0,0.0,10,0,20
45,982,0.0,0.0,1.0,0.0,10,0,20
45,983,0.0,0.0,1.0,0.0,10,0,20
45,984,0.0,0.0,1.0,0.0,10,0,20
45,985,0.0,0.0,1.0,0.0,10,0,20
45,986,0.0,0.0,1.0,0.0,10,0,20
45,987,0.0,0.0,1.0,0.0,10,0,20
45,988,0.0,0.0,1.0,0.0,10,0,20
45,989,0.0,0.0,1.0,0.0,10,0,20
45,990,0.0,0.0,1.0,0.0,10,0,20
45,991,0.0,0.0,1.0,0.0,10,0,20
45,992,0.0,0.0,1.0,0.0,10,0,20
45,993,0.0,0.0,1.0,0.0,10,0,20
45,994,0.0,0.0,1.0,0.0,10,0,20
45,995,0.0,0.0,1.0,0.0,10,0,20
45,996,0.0,0.0,1.0,0.0,10,0,20
45,997,0.0,0.0,1.0,0.0,10,0,20
45,998,0.0,0.0,1.0,0.0,10,0,20
45,999,0.0,0.0,1.0,0.0,10,0,20
45,1000,0.0,0.0,1.0,0.0,10,0,20
45,1001,0.0,0.0,1.0,0.0,10,0,20
45,1002,0.0,0.0,1.0,0.0,10,0,20
45,1003,0.0,0.0,1.0,0.0,10,0,20
45,1004,0.0,0.0,1.0,0.0,10,0,20
45,1005,0.0,0.0,1.0,0.0,10,0,20
45,1006,0.0,0.0,1.0,0.0,10,0,20
45,1007,0.0,0.0,1.0,0.0,10,0,20
45,1008,0.0,0.0,1.0,0.0,10,0,20
45,1009,0.0,0.0,1.0,0.0,10,0,20
45,1010,0.0,0.0,1.0,0.0,10,0,20
45,1011,0.0,0.0,1.0,0.0,10,0,20
45,1012,0.0,0.0,1.0,0.0,10,0,20
45,1013,0.0,0.0,1.0,0.0,10,0,20
45,1014,0.0,0.0,1.0,0.0,10,0,20
45,1015,0.0,0.0,1.0,0.0,10,0,20
45,1016,0.0,0.0,1.0,0.0,10,0,20
45,1017,0.0,0.0,1.0,0.0,10,0,20
45,1018,0.0,0.0,1.0,0.0,10,0,20
45,1019,0.0,0.0,1.0,0.0,10,0,20
45,1020,0.0,0.0,1.0,0.0,10,0,20
45,1021,0.0,0.0,1.0,0.0,10,0,20
45,1022,0.0,0.0,1.0,0.0,10,0,20
45,1023,0.0,0.0,1.0,0.0,10,0,20
45,1024,0.0,0.0,1.0,0.0,10,0,20
45,1025,0.0,0.0,1.0,0.0,10,0,20
45,1026,0.0,0.0,1.0,0.0,10,0,20
45,1027,0.0,0.0,1.0,0.0,10,0,20
45,1028,0.0,0.0,1.0,0.0,10,0,20
45,1029,0.0,0.0,1.0,0.0,10,0,20
45,1030,0.0,0.0,1.0,0.0,10,0,20
45,1031,0.0,0.0,1.0,0.0,10,0,20
45,1032,0.0,0.0,1.0,0.0,10,0,20
45,1033,0.0,0.0,1.0,0.0,10,0,20
45,1034,0.0,0.0,1.0,0.0,10,0,20
45,1035,0.0,0.0,1.0,0.0,10,0,20
45,1036,0.0,0.0,1.0,0.0,10,0,20
45,1037,0.0,0.0,1.0,0.0,10,0,20
45,1038,0.0,0.0,1.0,0.0,10,0,20
45,1039,0.0,0.0,1.0,0.0,10,0,20
45,1040,0.0,0.0,1.0,0.0,10,0,20
45,1041,0.0,0.0,1.0,0.0,10,0,20
45,1042,0.0,0.0,1.0,0.0,10,0,20
45,1043,0.0,0.0,1.0,0.0,10,0,20
45,1044,0.0,0.0,1.0,0.0,10,0,20
45,1045,0.0,0.0,1.0,0.0,10,0,20
45,1046,0.0,0.0,1.0,0.0,10,0,20
45,1047,0.0,0.0,1.0,0.0,10,0,20
45,1048,0.0,0.0,1.0,0.0,10,0,20
45,1049,0.0,0.0,1.0,0.0,10,0,20
45,1050,0.0,0.0,1.0,0.0,10,0,20
45,1051,0.0,0.0,1.0,0.0,10,0,20
45,1052,0.0,0.0,1.0,0.0,10,0,20
45,1053,0.0,0.0,1.0,0.0,10,0,20
45,1054,0.0,0.0,1.0,0.0,10,0,20
45,1055,0.0,0.0,1.0,0.0,10,0,20
45,1056,0.0,0.0,1.0,0.0,10,0,20
45,1057,0.0,0.0,1.0,0.0,10,0,20
45,1058,0.0,0.0,1.0,0.0,10,0,20
45,1059,0.0,0.0,1.0,0.0,10,0,20
45,1060,0.0,0.0,1.0,0.0,10,0,20
45,1061,0.0,0.0,1.0,0.0,10,0,20
45,1062,0.0,0.0,1.0,0.0,10,0,20
45,1063,0.0,0.0,1.0,0.0,10,0,20
45,1064,0.0,0.0,1.0,0.0,10,0,20
45,1065,0.0,0.0,1.0,0.0,10,0,20
45,1066,0.0,0.0,1.0,0.0,10,0,20
45,1067,0.0,0.0,1.0,0.0,10,0,20
45,1068,0.0,0.0,1.0,0.0,10,0,20
45,1069,0.0,0.0,1.0,0.0,10,0,20
45,1070,0.0,0.0,1.0,0.0,10,0,20
45,1071,0.0,0.0,1.0,0.0,10,0,20
45,1072,0.0,0.0,1.0,0.0,10,0,20
45,1073,0.0,0.0,1.0,0.0,10,0,20
45,1074,0.0,0.0,1.0,0.0,10,0,20
45,1075,0.0,0.0,1.0,0.0,10,0,20
45,1076,0.0,0.0,1.0,0.0,10,0,20
45,1077,0.0,0.0,1.0,0.0,10,0,20
45,1078,0.0,0.0,1.0,0.0,10,0,20
45,1079,0.0,0.0,1.0,0.0,10,0,20
45,1080,0.0,0.0,1.0,0.0,10,0,20
45,1081,0.0,0.0,1.0,0.0,10,0,20
45,1082,0.0,0.0,1.0,0.0,10,0,20
45,1083,0.0,0.0,1.0,0.0,10,0,20
45,1084,0.0,0.0,1.0,0.0,10,0,20
45,1085,0.0,0.0,1.0,0.0,10,0,20
45,1086,0.0,0.0,1.0,0.0,10,0,20
45,1087,0.0,0.0,1.0,0.0,10,0,20
45,1088,0.0,0.0,1.0,0.0,10,0,20
45,1089,0.0,0.0,1.0,0.0,10,0,20
45,1090,0.0,0.0,1.0,0.0,10,0,20
45,1091,0.0,0.0,1.0,0.0,10,0,20
45,1092,0.0,0.0,1.0,0.0,10,0,20
45,1093,0.0,0.0,1.0,0.0,10,0,20
45,1094,0.0,0.0,1.0,0.0,10,0,20
45,1095,0.0,0.0,1.0,0.0,10,0,20
45,1096,0.0,0.0,1.0,0.0,10,0,20
45,1097,0.0,0.0,1.0,0.0,10,0,20
45,1098,0.0,0.0,1.0,0.0,10,0,20
45,1099,0.0,0.0,1.0,0.0,10,0,20
45,1100,0.0,0.0,1.0,0.0,10,0,20
45,1101,0.0,0.0,1.0,0.0,10,0,20
45,1102,0.0,0.0,1.0,0.0,10,0,20
45,1103,0.0,0.0,1.0,0.0,10,0,20
45,1104,0.0,0.0,1.0,0.0,10,0,20
45,1105,0.0,0.0,1.0,0.0,10,0,20
45,1106,0.0,0.0,1.0,0.0,10,0,20
45,1107,0.0,0.0,1.0,0.0,10,0,20
45,1108,0.0,0.0,1.0,0.0,10,0,20
45,1109,0.0,0.0,1.0,0.0,10,0,20
45,1110,0.0,0.0,1.0,0.0,10,0,20
45,1111,0.0,0.0,1.0,0.0,10,0,20
45,1112,0.0,0.0,1.0,0.0,10,0,20
45,1113,0.0,0.0,1.0,0.0,10,0,20
45,1114,0.0,0.0,1.0,0.0,10,0,20
45,1115,0.0,0.0,1.0,0.0,10,0,20
45,1116,0.0,0.0,1.0,0.0,10,0,20
45,1117,0.0,0.0,1.0,0.0,10,0,20
45,1118,0.0,0.0,1.0,0.0,10,0,20
45,1119,0.0,0.0,1.0,0.0,10,0,20
45,1120,0.0,0.0,1.0,0.0,10,0,20
45,1121,0.0,0.0,1.0,0.0,10,0,20
45,1122,0.0,0.0,1.0,0.0,10,0,20
45,1123,0.0,0.0,1.0,0.0,10,0,20
45,1124,0.0,0.0,1.0,0.0,10,0,20
45,1125,0.0,0.0,1.0,0.0,10,0,20
45,1126,0.0,0.0,1.0,0.0,10,0,20
45,1127,0.0,0.0,1.0,0.0,10,0,20
45,1128,0.0,0.0,1.0,0.0,10,0,20
45,1129,0.0,0.0,1.0,0.0,10,0,20
45,1130,0.0,0.0,1.0,0.0,10,0,20
45,1131,0.0,0.0,1.0,0.0,10,0,20
45,1132,0.0,0.0,1.0,0.0,10,0,20
45,1133,0.0,0.0,1.0,0.0,10,0,20
45,1134,0.0,0.0,1.0,0.0,10,0,20
45,1135,0.0,0.0,1.0,0.0,10,0,20
45,1136,0.0,0.0,1.0,0.0,10,0,20
45,1137,0.0,0.0,1.0,0.0,10,0,20
45,1138,0.0,0.0,1.0,0.0,10,0,20
45,1139,0.0,0.0,1.0,0.0,10,0,20
45,1140,0.0,0.0,1.0,0.0,10,0,20
45,1141,0.0,0.0,1.0,0.0,10,0,20
45,1142,0.0,0.0,1.0,0.0,10,0,20
45,1143,0.0,0.0,1.0,0.0,10,0,20
45,1144,0.0,0.0,1.0,0.0,10,0,20
45,1145,0.0,0.0,1.0,0.0,10,0,20
45,1146,0.0,0.0,1.0,0.0,10,0,20
45,1147,0.0,0.0,1.0,0.0,10,0,20
45,1148,0.0,0.0,1.0,0.0,10,0,20
45,1149,0.0,0.0,1.0,0.0,10,0,20
45,1150,0.0,0.0,1.0,0.0,10,0,20
45,1151,0.0,0.0,1.0,0.0,10,0,20
45,1152,0.0,0.0,1.0,0.0,10,0,20
45,1153,0.0,0.0,1.0,0.0,10,0,20
45,1154,0.0,0.0,1.0,0.0,10,0,20
45,1155,0.0,0.0,1.0,0.0,10,0,20
45,1156,0.0,0.0,1.0,0.0,10,0,20
45,1157,0.0,0.0,1.0,0.0,10,0,20
45,1158,0.0,0.0,1.0,0.0,10,0,20
45,1159,0.0,0.0,1.0,0.0,10,0,20
45,1160,0.0,0.0,1.0,0.0,10,0,20
45,1161,0.0,0.0,1.0,0.0,10,0,20
45,1162,0.0,0.0,1.0,0.0,10,0,20
45,1163,0.0,0.0,1.0,0.0,10,0,20
45,1164,0.0,0.0,1.0,0.0,10,0,20
45,1165,0.0,0.0,1.0,0.0,10,0,20
45,1166,0.0,0.0,1.0,0.0,10,0,20
45,1167,0.0,0.0,1.0,0.0,10,0,20
45,1168,0.0,0.0,1.0,0.0,10,0,20
45,1169,0.0,0.0,1.0,0.0,10,0,20
45,1170,0.0,0.0,1.0,0.0,10,0,20
45,1171,0.0,0.0,1.0,0.0,10,0,20
45,1172,0.0,0.0,1.0,0.0,10,0,20
45,1173,0.0,0.0,1.0,0.0,10,0,20
45,1174,0.0,0.0,1.0,0.0,10,0,20
45,1175,0.0,0.0,1.0,0.0,10,0,20
45,1176,0.0,0.0,1.0,0.0,10,0,20
45,1177,0.0,0.0,1.0,0.0,10,0,20
45,1178,0.0,0.0,1.0,0.0,10,0,20
45,1179,0.0,0.0,1.0,0.0,10,0,20
45,1180,0.0,0.0,1.0,0.0,10,0,20
45,1181,0.0,0.0,1.0,0.0,10,0,20
45,1182,0.0,0.0,1.0,0.0,10,0,20
45,1183,0.0,0.0,1.0,0.0,10,0,20
45,1184,0.0,0.0,1.0,0.0,10,0,20
45,1185,0.0,0.0,1.0,0.0,10,0,20
45,1186,0.0,0.0,1.0,0.0,10,0,20
45,1187,0.0,0.0,1.0,0.0,10,0,20
45,1188,0.0,0.0,1.0,0.0,10,0,20
45,1189,0.0,0.0,1.0,0.0,10,0,20
45,1190,0.0,0.0,1.0,0.0,10,0,20
45,1191,0.0,0.0,1.0,0.0,10,0,20
45,1192,0.0,0.0,1.0,0.0,10,0,20
45,1193,0.0,0.0,1.0,0.0,10,0,20
45,1194,0.0,0.0,1.0,0.0,10,0,20
45,1195,0.0,0.0,1.0,0.0,10,0,20
45,1196,0.0,0.0,1.0,0.0,10,0,20
45,1197,0.0,0.0,1.0,0.0,10,0,20
45,1198,0.0,0.0,1.0,0.0,10,0,20
45,1199,0.0,0.0,1.0,0.0,10,0,20
45,1200,0.0,0.0,1.0,0.0,10,0,20
45,1201,0.0,0.0,1.0,0.0,10,0,20
45,1202,0.0,0.0,1.0,0.0,10,0,20
45,1203,0.0,0.0,1.0,0.0,10,0,20
45,1204,0.0,0.0,1.0,0.0,10,0,20
45,1205,0.0,0.0,1.0,0.0,10,0,20
45,1206,0.0,0.0,1.0,0.0,10,0,20
45,1207,0.0,0.0,1.0,0.0,10,0,20
45,1208,0.0,0.0,1.0,0.0,10,0,20
45,1209,0.0,0.0,1.0,0.0,10,0,20
45,1210,0.0,0.0,1.0,0.0,10,0,20
45,1211,0.0,0.0,1.0,0.0,10,0,20
45,1212,0.0,0.0,1.0,0.0,10,0,20
45,1213,0.0,0.0,1.0,0.0,10,0,20
45,1214,0.0,0.0,1.0,0.0,10,0,20
45,1215,0.0,0.0,1.0,0.0,10,0,20
45,1216,0.0,0.0,1.0,0.0,10,0,20
45,1217,0.0,0.0,1.0,0.0,10,0,20
45,1218,0.0,0.0,1.0,0.0,10,0,20
45,1219,0.0,0.0,1.0,0.0,10,0,20
45,1220,0.0,0.0,1.0,0.0,10,0,20
45,1221,0.0,0.0,1.0,0.0,10,0,20
45,1222,0.0,0.0,1.0,0.0,10,0,20
45,1223,0.0,0.0,1.0,0.0,10,0,20
45,1224,0.0,0.0,1.0,0.0,10,0,20
45,1225,0.0,0.0,1.0,0.0,10,0,20
45,1226,0.0,0.0,1.0,0.0,10,0,20
45,1227,0.0,0.0,1.0,0.0,10,0,20
45,1228,0.0,0.0,1.0,0.0,10,0,20
45,1229,0.0,0.0,1.0,0.0,10,0,20
45,1230,0.0,0.0,1.0,0.0,10,0,20
45,1231,0.0,0.0,1.0,0.0,10,0,20
45,1232,0.0,0.0,1.0,0.0,10,0,20
45,1233,0.0,0.0,1.0,0.0,10,0,20
45,1234,0.0,0.0,1.0,0.0,10,0,20
45,1235,0.0,0.0,1.0,0.0,10,0,20
45,1236,0.0,0.0,1.0,0.0,10,0,20
45,1237,0.0,0.0,1.0,0.0,10,0,20
45,1238,0.0,0.0,1.0,0.0,10,0,20
45,1239,0.0,0.0,1.0,0.0,10,0,20
45,1240,0.0,0.0,1.0,0.0,10,0,20
45,1241,0.0,0.0,1.0,0.0,10,0,20
45,1242,0.0,0.0,1.0,0.0,10,0,20
45,1243,0.0,0.0,1.0,0.0,10,0,20
45,1244,0.0,0.0,1.0,0.0,10,0,20
45,1245,0.0,0.0,1.0,0.0,10,0,20
45,1246,0.0,0.0,1.0,0.0,10,0,20
45,1247,0.0,0.0,1.0,0.0,10,0,20
45,1248,0.0,0.0,1.0,0.0,10,0,20
45,1249,0.0,0.0,1.0,0.0,10,0,20
45,1250,0.0,0.0,1.0,0.0,10,0,20
45,1251,0.0,0.0,1.0,0.0,10,0,20
45,1252,0.0,0.0,1.0,0.0,10,0,20
45,1253,0.0,0.0,1.0,0.0,10,0,20
45,1254,0.0,0.0,1.0,0.0,10,0,20
45,1255,0.0,0.0,1.0,0.0,10,0,20
45,1256,0.0,0.0,1.0,0.0,10,0,20
45,1257,0.0,0.0,1.0,0.0,10,0,20
45,1258,0.0,0.0,1.0,0.0,10,0,20
45,1259,0.0,0.0,1.0,0.0,10,0,20
45,1260,0.0,0.0,1.0,0.0,10,0,20
45,1261,0.0,0.0,1.0,0.0,10,0,20
45,1262,0.0,0.0,1.0,0.0,10,0,20
45,1263,0.0,0.0,1.0,0.0,10,0,20
45,1264,0.0,0.0,1.0,0.0,10,0,20
45,1265,0.0,0.0,1.0,0.0,10,0,20
45,1266,0.0,0.0,1.0,0.0,10,0,20
45,1267,0.0,0.0,1.0,0.0,10,0,20
45,1268,0.0,0.0,1.0,0.0,10,0,20
45,1269,0.0,0.0,1.0,0.0,10,0,20
45,1270,0.0,0.0,1.0,0.0,10,0,20
45,1271,0.0,0.0,1.0,0.0,10,0,20
45,1272,0.0,0.0,1.0,0.0,10,0,20
45,1273,0.0,0.0,1.0,0.0,10,0,20
45,1274,0.0,0.0,1.0,0.0,10,0,20
45,1275,0.0,0.0,1.0,0.0,10,0,20
45,1276,0.0,0.0,1.0,0.0,10,0,20
45,1277,0.0,0.0,1.0,0.0,10,0,20
45,1278,0.0,0.0,1.0,0.0,10,0,20
45,1279,0.0,0.0,1.0,0.0,10,0,20
45,1280,0.0,0.0,1.0,0.0,10,0,20
45,1281,0.0,0.0,1.0,0.0,10,0,20
45,1282,0.0,0.0,1.0,0.0,10,0,20
45,1283,0.0,0.0,1.0,0.0,10,0,20
45,1284,0.0,0.0,1.0,0.0,10,0,20
45,1285,0.0,0.0,1.0,0.0,10,0,20
45,1286,0.0,0.0,1.0,0.0,10,0,20
45,1287,0.0,0.0,1.0,0.0,10,0,20
45,1288,0.0,0.0,1.0,0.0,10,0,20
45,1289,0.0,0.0,1.0,0.0,10,0,20
45,1290,0.0,0.0,1.0,0.0,10,0,20
45,1291,0.0,0.0,1.0,0.0,10,0,20
45,1292,0.0,0.0,1.0,0.0,10,0,20
45,1293,0.0,0.0,1.0,0.0,10,0,20
45,1294,0.0,0.0,1.0,0.0,10,0,20
45,1295,0.0,0.0,1.0,0.0,10,0,20
45,1296,0.0,0.0,1.0,0.0,10,0,20
45,1297,0.0,0.0,1.0,0.0,10,0,20
45,1298,0.0,0.0,1.0,0.0,10,0,20
45,1299,0.0,0.0,1.0,0.0,10,0,20
45,1300,0.0,0.0,1.0,0.0,10,0,20
45,1301,0.0,0.0,1.0,0.0,10,0,20
45,1302,0.0,0.0,1.0,0.0,10,0,20
45,1303,0.0,0.0,1.0,0.0,10,0,20
45,1304,0.0,0.0,1.0,0.0,10,0,20
45,1305,0.0,0.0,1.0,0.0,10,0,20
45,1306,0.0,0.0,1.0,0.0,10,0,20
45,1307,0.0,0.0,1.0,0.0,10,0,20
45,1308,0.0,0.0,1.0,0.0,10,0,20
45,1309,0.0,0.0,1.0,0.0,10,0,20
45,1310,0.0,0.0,1.0,0.0,10,0,20
45,1311,0.0,0.0,1.0,0.0,10,0,20
45,1312,0.0,0.0,1.0,0.0,10,0,20
45,1313,0.0,0.0,1.0,0.0,10,0,20
45,1314,0.0,0.0,1.0,0.0,10,0,20
45,1315,0.0,0.0,1.0,0.0,10,0,20
45,1316,0.0,0.0,1.0,0.0,10,0,20
45,1317,0.0,0.0,1.0,0.0,10,0,20
45,1318,0.0,0.0,1.0,0.0,10,0,20
45,1319,0.0,0.0,1.0,0.0,10,0,20
45,1320,0.0,0.0,1.0,0.0,10,0,20
45,1321,0.0,0.0,1.0,0.0,10,0,20
45,1322,0.0,0.0,1.0,0.0,10,0,20
45,1323,0.0,0.0,1.0,0.0,10,0,20
45,1324,0.0,0.0,1.0,0.0,10,0,20
45,1325,0.0,0.0,1.0,0.0,10,0,20
45,1326,0.0,0.0,1.0,0.0,10,0,20
45,1327,0.0,0.0,1.0,0.0,10,0,20
45,1328,0.0,0.0,1.0,0.0,10,0,20
45,1329,0.0,0.0,1.0,0.0,10,0,20
45,1330,0.0,0.0,1.0,0.0,10,0,20
45,1331,0.0,0.0,1.0,0.0,10,0,20
45,1332,0.0,0.0,1.0,0.0,10,0,20
45,1333,0.0,0.0,1.0,0.0,10,0,20
45,1334,0.0,0.0,1.0,0.0,10,0,20
45,1335,0.0,0.0,1.0,0.0,10,0,20
45,1336,0.0,0.0,1.0,0.0,10,0,20
45,1337,0.0,0.0,1.0,0.0,10,0,20
45,1338,0.0,0.0,1.0,0.0,10,0,20
45,1339,0.0,0.0,1.0,0.0,10,0,20
45,1340,0.0,0.0,1.0,0.0,10,0,20
45,1341,0.0,0.0,1.0,0.0,10,0,20
45,1342,0.0,0.0,1.0,0.0,10,0,20
45,1343,0.0,0.0,1.0,0.0,10,0,20
45,1344,0.0,0.0,1.0,0.0,10,0,20
45,1345,0.0,0.0,1.0,0.0,10,0,20
45,1346,0.0,0.0,1.0,0.0,10,0,20
45,1347,0.0,0.0,1.0,0.0,10,0,20
45,1348,0.0,0.0,1.0,0.0,10,0,20
45,1349,0.0,0.0,1.0,0.0,10,0,20
45,1350,0.0,0.0,1.0,0.0,10,0,20
45,1351,0.0,0.0,1.0,0.0,10,0,20
45,1352,0.0,0.0,1.0,0.0,10,0,20
45,1353,0.0,0.0,1.0,0.0,10,0,20
45,1354,0.0,0.0,1.0,0.0,10,0,20
45,1355,0.0,0.0,1.0,0.0,10,0,20
45,1356,0.0,0.0,1.0,0.0,10,0,20
45,1357,0.0,0.0,1.0,0.0,10,0,20
45,1358,0.0,0.0,1.0,0.0,10,0,20
45,1359,0.0,0.0,1.0,0.0,10,0,20
45,1360,0.0,0.0,1.0,0.0,10,0,20
45,1361,0.0,0.0,1.0,0.0,10,0,20
45,1362,0.0,0.0,1.0,0.0,10,0,20
45,1363,0.0,0.0,1.0,0.0,10,0,20
45,1364,0.0,0.0,1.0,0.0,10,0,20
45,1365,0.0,0.0,1.0,0.0,10,0,20
45,1366,0.0,0.0,1.0,0.0,10,0,20
45,1367,0.0,0.0,1.0,0.0,10,0,20
45,1368,0.0,0.0,1.0,0.0,10,0,20
45,1369,0.0,0.0,1.0,0.0,10,0,20
45,1370,0.0,0.0,1.0,0.0,10,0,20
45,1371,0.0,0.0,1.0,0.0,10,0,20
45,1372,0.0,0.0,1.0,0.0,10,0,20
45,1373,0.0,0.0,1.0,0.0,10,0,20
45,1374,0.0,0.0,1.0,0.0,10,0,20
45,1375,0.0,0.0,1.0,0.0,10,0,20
45,1376,0.0,0.0,1.0,0.0,10,0,20
45,1377,0.0,0.0,1.0,0.0,10,0,20
45,1378,0.0,0.0,1.0,0.0,10,0,20
45,1379,0.0,0.0,1.0,0.0,10,0,20
45,1380,0.0,0.0,1.0,0.0,10,0,20
45,1381,0.0,0.0,1.0,0.0,10,0,20
45,1382,0.0,0.0,1.0,0.0,10,0,20
45,1383,0.0,0.0,1.0,0.0,10,0,20
45,1384,0.0,0.0,1.0,0.0,10,0,20
45,1385,0.0,0.0,1.0,0.0,10,0,20
45,1386,0.0,0.0,1.0,0.0,10,0,20
45,1387,0.0,0.0,1.0,0.0,10,0,20
45,1388,0.0,0.0,1.0,0.0,10,0,20
45,1389,0.0,0.0,1.0,0.0,10,0,20
45,1390,0.0,0.0,1.0,0.0,10,0,20
45,1391,0.0,0.0,1.0,0.0,10,0,20
45,1392,0.0,0.0,1.0,0.0,10,0,20
45,1393,0.0,0.0,1.0,0.0,10,0,20
45,1394,0.0,0.0,1.0,0.0,10,0,20
45,1395,0.0,0.0,1.0,0.0,10,0,20
45,1396,0.0,0.0,1.0,0.0,10,0,20
45,1397,0.0,0.0,1.0,0.0,10,0,20
45,1398,0.0,0.0,1.0,0.0,10,0,20
45,1399,0.0,0.0,1.0,0.0,10,0,20
45,1400,0.0,0.0,1.0,0.0,10,0,20
45,1401,0.0,0.0,1.0,0.0,10,0,20
45,1402,0.0,0.0,1.0,0.0,10,0,20
45,1403,0.0,0.0,1.0,0.0,10,0,20
45,1404,0.0,0.0,1.0,0.0,10,0,20
45,1405,0.0,0.0,1.0,0.0,10,0,20
45,1406,0.0,0.0,1.0,0.0,10,0,20
45,1407,0.0,0.0,1.0,0.0,10,0,20
45,1408,0.0,0.0,1.0,0.0,10,0,20
45,1409,0.0,0.0,1.0,0.0,10,0,20
45,1410,0.0,0.0,1.0,0.0,10,0,20
45,1411,0.0,0.0,1.0,0.0,10,0,20
45,1412,0.0,0.0,1.0,0.0,10,0,20
45,1413,0.0,0.0,1.0,0.0,10,0,20
45,1414,0.0,0.0,1.0,0.0,10,0,20
45,1415,0.0,0.0,1.0,0.0,10,0,20
45,1416,0.0,0.0,1.0,0.0,10,0,20
45,1417,0.0,0.0,1.0,0.0,10,0,20
45,1418,0.0,0.0,1.0,0.0,10,0,20
45,1419,0.0,0.0,1.0,0.0,10,0,20
45,1420,0.0,0.0,1.0,0.0,10,0,20
45,1421,0.0,0.0,1.0,0.0,10,0,20
45,1422,0.0,0.0,1.0,0.0,10,0,20
45,1423,0.0,0.0,1.0,0.0,10,0,20
45,1424,0.0,0.0,1.0,0.0,10,0,20
45,1425,0.0,0.0,1.0,0.0,10,0,20
45,1426,0.0,0.0,1.0,0.0,10,0,20
45,1427,0.0,0.0,1.0,0.0,10,0,20
45,1428,0.0,0.0,1.0,0.0,10,0,20
45,1429,0.0,0.0,1.0,0.0,10,0,20
45,1430,0.0,0.0,1.0,0.0,10,0,20
45,1431,0.0,0.0,1.0,0.0,10,0,20
45,1432,0.0,0.0,1.0,0.0,10,0,20
45,1433,0.0,0.0,1.0,0.0,10,0,20
45,1434,0.0,0.0,1.0,0.0,10,0,20
45,1435,0.0,0.0,1.0,0.0,10,0,20
45,1436,0.0,0.0,1.0,0.0,10,0,20
45,1437,0.0,0.0,1.0,0.0,10,0,20
45,1438,0.0,0.0,1.0,0.0,10,0,20
45,1439,0.0,0.0,1.0,0.0,10,0,20
45,1440,0.0,0.0,1.0,0.0,10,0,20
45,1441,0.0,0.0,1.0,0.0,10,0,20
45,1442,0.0,0.0,1.0,0.0,10,0,20
45,1443,0.0,0.0,1.0,0.0,10,0,20
45,1444,0.0,0.0,1.0,0.0,10,0,20
45,1445,0.0,0.0,1.0,0.0,10,0,20
45,1446,0.0,0.0,1.0,0.0,10,0,20
45,1447,0.0,0.0,1.0,0.0,10,0,20
45,1448,0.0,0.0,1.0,0.0,10,0,20
45,1449,0.0,0.0,1.0,0.0,10,0,20
45,1450,0.0,0.0,1.0,0.0,10,0,20
45,1451,0.0,0.0,1.0,0.0,10,0,20
45,1452,0.0,0.0,1.0,0.0,10,0,20
45,1453,0.0,0.0,1.0,0.0,10,0,20
45,1454,0.0,0.0,1.0,0.0,10,0,20
45,1455,0.0,0.0,1.0,0.0,10,0,20
45,1456,0.0,0.0,1.0,0.0,10,0,20
45,1457,0.0,0.0,1.0,0.0,10,0,20
45,1458,0.0,0.0,1.0,0.0,10,0,20
45,1459,0.0,0.0,1.0,0.0,10,0,20
45,1460,0.0,0.0,1.0,0.0,10,0,20
45,1461,0.0,0.0,1.0,0.0,10,0,20
45,1462,0.0,0.0,1.0,0.0,10,0,20
45,1463,0.0,0.0,1.0,0.0,10,0,20
45,1464,0.0,0.0,1.0,0.0,10,0,20
45,1465,0.0,0.0,1.0,0.0,10,0,20
45,1466,0.0,0.0,1.0,0.0,10,0,20
45,1467,0.0,0.0,1.0,0.0,10,0,20
45,1468,0.0,0.0,1.0,0.0,10,0,20
45,1469,0.0,0.0,1.0,0.0,10,0,20
45,1470,0.0,0.0,1.0,0.0,10,0,20
45,1471,0.0,0.0,1.0,0.0,10,0,20
45,1472,0.0,0.0,1.0,0.0,10,0,20
45,1473,0.0,0.0,1.0,0.0,10,0,20
45,1474,0.0,0.0,1.0,0.0,10,0,20
45,1475,0.0,0.0,1.0,0.0,10,0,20
45,1476,0.0,0.0,1.0,0.0,10,0,20
45,1477,0.0,0.0,1.0,0.0,10,0,20
45,1478,0.0,0.0,1.0,0.0,10,0,20
45,1479,0.0,0.0,1.0,0.0,10,0,20
45,1480,0.0,0.0,1.0,0.0,10,0,20
45,1481,0.0,0.0,1.0,0.0,10,0,20
45,1482,0.0,0.0,1.0,0.0,10,0,20
45,1483,0.0,0.0,1.0,0.0,10,0,20
45,1484,0.0,0.0,1.0,0.0,10,0,20
45,1485,0.0,0.0,1.0,0.0,10,0,20
45,1486,0.0,0.0,1.0,0.0,10,0,20
45,1487,0.0,0.0,1.0,0.0,10,0,20
45,1488,0.0,0.0,1.0,0.0,10,0,20
45,1489,0.0,0.0,1.0,0.0,10,0,20
45,1490,0.0,0.0,1.0,0.0,10,0,20
45,1491,0.0,0.0,1.0,0.0,10,0,20
45,1492,0.0,0.0,1.0,0.0,10,0,20
45,1493,0.0,0.0,1.0,0.0,10,0,20
45,1494,0.0,0.0,1.0,0.0,10,0,20
45,1495,0.0,0.0,1.0,0.0,10,0,20
45,1496,0.0,0.0,1.0,0.0,10,0,20
45,1497,0.0,0.0,1.0,0.0,10,0,20
45,1498,0.0,0.0,1.0,0.0,10,0,20
45,1499,0.0,0.0,1.0,0.0,10,0,20
45,1500,0.0,0.0,1.0,0.0,10,0,20
45,1501,0.0,0.0,1.0,0.0,10,0,20
45,1502,0.0,0.0,1.0,0.0,10,0,20
45,1503,0.0,0.0,1.0,0.0,10,0,20
45,1504,0.0,0.0,1.0,0.0,10,0,20
45,1505,0.0,0.0,1.0,0.0,10,0,20
45,1506,0.0,0.0,1.0,0.0,10,0,20
45,1507,0.0,0.0,1.0,0.0,10,0,20
45,1508,0.0,0.0,1.0,0.0,10,0,20
45,1509,0.0,0.0,1.0,0.0,10,0,20
45,1510,0.0,0.0,1.0,0.0,10,0,20
45,1511,0.0,0.0,1.0,0.0,10,0,20
45,1512,0.0,0.0,1.0,0.0,10,0,20
45,1513,0.0,0.0,1.0,0.0,10,0,20
45,1514,0.0,0.0,1.0,0.0,10,0,20
45,1515,0.0,0.0,1.0,0.0,10,0,20
45,1516,0.0,0.0,1.0,0.0,10,0,20
45,1517,0.0,0.0,1.0,0.0,10,0,20
45,1518,0.0,0.0,1.0,0.0,10,0,20
45,1519,0.0,0.0,1.0,0.0,10,0,20
45,1520,0.0,0.0,1.0,0.0,10,0,20
45,1521,0.0,0.0,1.0,0.0,10,0,20
45,1522,0.0,0.0,1.0,0.0,10,0,20
45,1523,0.0,0.0,1.0,0.0,10,0,20
45,1524,0.0,0.0,1.0,0.0,10,0,20
45,1525,0.0,0.0,1.0,0.0,10,0,20
45,1526,0.0,0.0,1.0,0.0,10,0,20
45,1527,0.0,0.0,1.0,0.0,10,0,20
45,1528,0.0,0.0,1.0,0.0,10,0,20
45,1529,0.0,0.0,1.0,0.0,10,0,20
45,1530,0.0,0.0,1.0,0.0,10,0,20
45,1531,0.0,0.0,1.0,0.0,10,0,20
45,1532,0.0,0.0,1.0,0.0,10,0,20
45,1533,0.0,0.0,1.0,0.0,10,0,20
45,1534,0.0,0.0,1.0,0.0,10,0,20
45,1535,0.0,0.0,1.0,0.0,10,0,20
45,1536,0.0,0.0,1.0,0.0,10,0,20
45,1537,0.0,0.0,1.0,0.0,10,0,20
45,1538,0.0,0.0,1.0,0.0,10,0,20
45,1539,0.0,0.0,1.0,0.0,10,0,20
45,1540,0.0,0.0,1.0,0.0,10,0,20
45,1541,0.0,0.0,1.0,0.0,10,0,20
45,1542,0.0,0.0,1.0,0.0,10,0,20
45,1543,0.0,0.0,1.0,0.0,10,0,20
45,1544,0.0,0.0,1.0,0.0,10,0,20
45,1545,0.0,0.0,1.0,0.0,10,0,20
45,1546,0.0,0.0,1.0,0.0,10,0,20
45,1547,0.0,0.0,1.0,0.0,10,0,20
45,1548,0.0,0.0,1.0,0.0,10,0,20
45,1549,0.0,0.0,1.0,0.0,10,0,20
45,1550,0.0,0.0,1.0,0.0,10,0,20
45,1551,0.0,0.0,1.0,0.0,10,0,20
45,1552,0.0,0.0,1.0,0.0,10,0,20
45,1553,0.0,0.0,1.0,0.0,10,0,20
45,1554,0.0,0.0,1.0,0.0,10,0,20
45,1555,0.0,0.0,1.0,0.0,10,0,20
45,1556,0.0,0.0,1.0,0.0,10,0,20
45,1557,0.0,0.0,1.0,0.0,10,0,20
45,1558,0.0,0.0,1.0,0.0,10,0,20
45,1559,0.0,0.0,1.0,0.0,10,0,20
45,1560,0.0,0.0,1.0,0.0,10,0,20
45,1561,0.0,0.0,1.0,0.0,10,0,20
45,1562,0.0,0.0,1.0,0.0,10,0,20
45,1563,0.0,0.0,1.0,0.0,10,0,20
45,1564,0.0,0.0,1.0,0.0,10,0,20
45,1565,0.0,0.0,1.0,0.0,10,0,20
45,1566,0.0,0.0,1.0,0.0,10,0,20
45,1567,0.0,0.0,1.0,0.0,10,0,20
45,1568,0.0,0.0,1.0,0.0,10,0,20
45,1569,0.0,0.0,1.0,0.0,10,0,20
45,1570,0.0,0.0,1.0,0.0,10,0,20
45,1571,0.0,0.0,1.0,0.0,10,0,20
45,1572,0.0,0.0,1.0,0.0,10,0,20
45,1573,0.0,0.0,1.0,0.0,10,0,20
45,1574,0.0,0.0,1.0,0.0,10,0,20
45,1575,0.0,0.0,1.0,0.0,10,0,20
45,1576,0.0,0.0,1.0,0.0,10,0,20
45,1577,0.0,0.0,1.0,0.0,10,0,20
45,1578,0.0,0.0,1.0,0.0,10,0,20
45,1579,0.0,0.0,1.0,0.0,10,0,20
45,1580,0.0,0.0,1.0,0.0,10,0,20
45,1581,0.0,0.0,1.0,0.0,10,0,20
45,1582,0.0,0.0,1.0,0.0,10,0,20
45,1583,0.0,0.0,1.0,0.0,10,0,20
45,1584,0.0,0.0,1.0,0.0,10,0,20
45,1585,0.0,0.0,1.0,0.0,10,0,20
45,1586,0.0,0.0,1.0,0.0,10,0,20
45,1587,0.0,0.0,1.0,0.0,10,0,20
45,1588,0.0,0.0,1.0,0.0,10,0,20
45,1589,0.0,0.0,1.0,0.0,10,0,20
45,1590,0.0,0.0,1.0,0.0,10,0,20
45,1591,0.0,0.0,1.0,0.0,10,0,20
45,1592,0.0,0.0,1.0,0.0,10,0,20
45,1593,0.0,0.0,1.0,0.0,10,0,20
45,1594,0.0,0.0,1.0,0.0,10,0,20
45,1595,0.0,0.0,1.0,0.0,10,0,20
45,1596,0.0,0.0,1.0,0.0,10,0,20
45,1597,0.0,0.0,1.0,0.0,10,0,20
45,1598,0.0,0.0,1.0,0.0,10,0,20
45,1599,0.0,0.0,1.0,0.0,10,0,20
45,1600,0.0,0.0,1.0,0.0,10,0,20
45,1601,0.0,0.0,1.0,0.0,10,0,20
45,1602,0.0,0.0,1.0,0.0,10,0,20
45,1603,0.0,0.0,1.0,0.0,10,0,20
45,1604,0.0,0.0,1.0,0.0,10,0,20
45,1605,0.0,0.0,1.0,0.0,10,0,20
45,1606,0.0,0.0,1.0,0.0,10,0,20
45,1607,0.0,0.0,1.0,0.0,10,0,20
45,1608,0.0,0.0,1.0,0.0,10,0,20
45,1609,0.0,0.0,1.0,0.0,10,0,20
45,1610,0.0,0.0,1.0,0.0,10,0,20
45,1611,0.0,0.0,1.0,0.0,10,0,20
45,1612,0.0,0.0,1.0,0.0,10,0,20
45,1613,0.0,0.0,1.0,0.0,10,0,20
45,1614,0.0,0.0,1.0,0.0,10,0,20
45,1615,0.0,0.0,1.0,0.0,10,0,20
45,1616,0.0,0.0,1.0,0.0,10,0,20
45,1617,0.0,0.0,1.0,0.0,10,0,20
45,1618,0.0,0.0,1.0,0.0,10,0,20
45,1619,0.0,0.0,1.0,0.0,10,0,20
45,1620,0.0,0.0,1.0,0.0,10,0,20
45,1621,0.0,0.0,1.0,0.0,10,0,20
45,1622,0.0,0.0,1.0,0.0,10,0,20
45,1623,0.0,0.0,1.0,0.0,10,0,20
45,1624,0.0,0.0,1.0,0.0,10,0,20
45,1625,0.0,0.0,1.0,0.0,10,0,20
45,1626,0.0,0.0,1.0,0.0,10,0,20
45,1627,0.0,0.0,1.0,0.0,10,0,20
45,1628,0.0,0.0,1.0,0.0,10,0,20
45,1629,0.0,0.0,1.0,0.0,10,0,20
45,1630,0.0,0.0,1.0,0.0,10,0,20
45,1631,0.0,0.0,1.0,0.0,10,0,20
45,1632,0.0,0.0,1.0,0.0,10,0,20
45,1633,0.0,0.0,1.0,0.0,10,0,20
45,1634,0.0,0.0,1.0,0.0,10,0,20
45,1635,0.0,0.0,1.0,0.0,10,0,20
45,1636,0.0,0.0,1.0,0.0,10,0,20
45,1637,0.0,0.0,1.0,0.0,10,0,20
45,1638,0.0,0.0,1.0,0.0,10,0,20
45,1639,0.0,0.0,1.0,0.0,10,0,20
45,1640,0.0,0.0,1.0,0.0,10,0,20
45,1641,0.0,0.0,1.0,0.0,10,0,20
45,1642,0.0,0.0,1.0,0.0,10,0,20
45,1643,0.0,0.0,1.0,0.0,10,0,20
45,1644,0.0,0.0,1.0,0.0,10,0,20
45,1645,0.0,0.0,1.0,0.0,10,0,20
45,1646,0.0,0.0,1.0,0.0,10,0,20
45,1647,0.0,0.0,1.0,0.0,10,0,20
45,1648,0.0,0.0,1.0,0.0,10,0,20
45,1649,0.0,0.0,1.0,0.0,10,0,20
45,1650,0.0,0.0,1.0,0.0,10,0,20
45,1651,0.0,0.0,1.0,0.0,10,0,20
45,1652,0.0,0.0,1.0,0.0,10,0,20
45,1653,0.0,0.0,1.0,0.0,10,0,20
45,1654,0.0,0.0,1.0,0.0,10,0,20
45,1655,0.0,0.0,1.0,0.0,10,0,20
45,1656,0.0,0.0,1.0,0.0,10,0,20
45,1657,0.0,0.0,1.0,0.0,10,0,20
45,1658,0.0,0.0,1.0,0.0,10,0,20
45,1659,0.0,0.0,1.0,0.0,10,0,20
45,1660,0.0,0.0,1.0,0.0,10,0,20
45,1661,0.0,0.0,1.0,0.0,10,0,20
45,1662,0.0,0.0,1.0,0.0,10,0,20
45,1663,0.0,0.0,1.0,0.0,10,0,20
45,1664,0.0,0.0,1.0,0.0,10,0,20
45,1665,0.0,0.0,1.0,0.0,10,0,20
45,1666,0.0,0.0,1.0,0.0,10,0,20
45,1667,0.0,0.0,1.0,0.0,10,0,20
45,1668,0.0,0.0,1.0,0.0,10,0,20
45,1669,0.0,0.0,1.0,0.0,10,0,20
45,1670,0.0,0.0,1.0,0.0,10,0,20
45,1671,0.0,0.0,1.0,0.0,10,0,20
45,1672,0.0,0.0,1.0,0.0,10,0,20
45,1673,0.0,0.0,1.0,0.0,10,0,20
45,1674,0.0,0.0,1.0,0.0,10,0,20
45,1675,0.0,0.0,1.0,0.0,10,0,20
45,1676,0.0,0.0,1.0,0.0,10,0,20
45,1677,0.0,0.0,1.0,0.0,10,0,20
45,1678,0.0,0.0,1.0,0.0,10,0,20
45,1679,0.0,0.0,1.0,0.0,10,0,20
45,1680,0.0,0.0,1.0,0.0,10,0,20
45,1681,0.0,0.0,1.0,0.0,10,0,20
45,1682,0.0,0.0,1.0,0.0,10,0,20
45,1683,0.0,0.0,1.0,0.0,10,0,20
45,1684,0.0,0.0,1.0,0.0,10,0,20
45,1685,0.0,0.0,1.0,0.0,10,0,20
45,1686,0.0,0.0,1.0,0.0,10,0,20
45,1687,0.0,0.0,1.0,0.0,10,0,20
45,1688,0.0,0.0,1.0,0.0,10,0,20
45,1689,0.0,0.0,1.0,0.0,10,0,20
45,1690,0.0,0.0,1.0,0.0,10,0,20
45,1691,0.0,0.0,1.0,0.0,10,0,20
45,1692,0.0,0.0,1.0,0.0,10,0,20
45,1693,0.0,0.0,1.0,0.0,10,0,20
45,1694,0.0,0.0,1.0,0.0,10,0,20
45,1695,0.0,0.0,1.0,0.0,10,0,20
45,1696,0.0,0.0,1.0,0.0,10,0,20
45,1697,0.0,0.0,1.0,0.0,10,0,20
45,1698,0.0,0.0,1.0,0.0,10,0,20
45,1699,0.0,0.0,1.0,0.0,10,0,20
45,1700,0.0,0.0,1.0,0.0,10,0,20
45,1701,0.0,0.0,1.0,0.0,10,0,20
45,1702,0.0,0.0,1.0,0.0,10,0,20
45,1703,0.0,0.0,1.0,0.0,10,0,20
45,1704,0.0,0.0,1.0,0.0,10,0,20
45,1705,0.0,0.0,1.0,0.0,10,0,20
45,1706,0.0,0.0,1.0,0.0,10,0,20
45,1707,0.0,0.0,1.0,0.0,10,0,20
45,1708,0.0,0.0,1.0,0.0,10,0,20
45,1709,0.0,0.0,1.0,0.0,10,0,20
45,1710,0.0,0.0,1.0,0.0,10,0,20
45,1711,0.0,0.0,1.0,0.0,10,0,20
45,1712,0.0,0.0,1.0,0.0,10,0,20
45,1713,0.0,0.0,1.0,0.0,10,0,20
45,1714,0.0,0.0,1.0,0.0,10,0,20
45,1715,0.0,0.0,1.0,0.0,10,0,20
45,1716,0.0,0.0,1.0,0.0,10,0,20
45,1717,0.0,0.0,1.0,0.0,10,0,20
45,1718,0.0,0.0,1.0,0.0,10,0,20
45,1719,0.0,0.0,1.0,0.0,10,0,20
45,1720,0.0,0.0,1.0,0.0,10,0,20
45,1721,0.0,0.0,1.0,0.0,10,0,20
45,1722,0.0,0.0,1.0,0.0,10,0,20
45,1723,0.0,0.0,1.0,0.0,10,0,20
45,1724,0.0,0.0,1.0,0.0,10,0,20
45,1725,0.0,0.0,1.0,0.0,10,0,20
45,1726,0.0,0.0,1.0,0.0,10,0,20
45,1727,0.0,0.0,1.0,0.0,10,0,20
45,1728,0.0,0.0,1.0,0.0,10,0,20
45,1729,0.0,0.0,1.0,0.0,10,0,20
45,1730,0.0,0.0,1.0,0.0,10,0,20
45,1731,0.0,0.0,1.0,0.0,10,0,20
45,1732,0.0,0.0,1.0,0.0,10,0,20
45,1733,0.0,0.0,1.0,0.0,10,0,20
45,1734,0.0,0.0,1.0,0.0,10,0,20
45,1735,0.0,0.0,1.0,0.0,10,0,20
45,1736,0.0,0.0,1.0,0.0,10,0,20
45,1737,0.0,0.0,1.0,0.0,10,0,20
45,1738,0.0,0.0,1.0,0.0,10,0,20
45,1739,0.0,0.0,1.0,0.0,10,0,20
45,1740,0.0,0.0,1.0,0.0,10,0,20
45,1741,0.0,0.0,1.0,0.0,10,0,20
45,1742,0.0,0.0,1.0,0.0,10,0,20
45,1743,0.0,0.0,1.0,0.0,10,0,20
45,1744,0.0,0.0,1.0,0.0,10,0,20
45,1745,0.0,0.0,1.0,0.0,10,0,20
45,1746,0.0,0.0,1.0,0.0,10,0,20
45,1747,0.0,0.0,1.0,0.0,10,0,20
45,1748,0.0,0.0,1.0,0.0,10,0,20
45,1749,0.0,0.0,1.0,0.0,10,0,20
45,1750,0.0,0.0,1.0,0.0,10,0,20
45,1751,0.0,0.0,1.0,0.0,10,0,20
45,1752,0.0,0.0,1.0,0.0,10,0,20
45,1753,0.0,0.0,1.0,0.0,10,0,20
45,1754,0.0,0.0,1.0,0.0,10,0,20
45,1755,0.0,0.0,1.0,0.0,10,0,20
45,1756,0.0,0.0,1.0,0.0,10,0,20
45,1757,0.0,0.0,1.0,0.0,10,0,20
45,1758,0.0,0.0,1.0,0.0,10,0,20
45,1759,0.0,0.0,1.0,0.0,10,0,20
45,1760,0.0,0.0,1.0,0.0,10,0,20
45,1761,0.0,0.0,1.0,0.0,10,0,20
45,1762,0.0,0.0,1.0,0.0,10,0,20
45,1763,0.0,0.0,1.0,0.0,10,0,20
45,1764,0.0,0.0,1.0,0.0,10,0,20
45,1765,0.0,0.0,1.0,0.0,10,0,20
45,1766,0.0,0.0,1.0,0.0,10,0,20
45,1767,0.0,0.0,1.0,0.0,10,0,20
45,1768,0.0,0.0,1.0,0.0,10,0,20
45,1769,0.0,0.0,1.0,0.0,10,0,20
45,1770,0.0,0.0,1.0,0.0,10,0,20
45,1771,0.0,0.0,1.0,0.0,10,0,20
45,1772,0.0,0.0,1.0,0.0,10,0,20
45,1773,0.0,0.0,1.0,0.0,10,0,20
45,1774,0.0,0.0,1.0,0.0,10,0,20
45,1775,0.0,0.0,1.0,0.0,10,0,20
45,1776,0.0,0.0,1.0,0.0,10,0,20
45,1777,0.0,0.0,1.0,0.0,10,0,20
45,1778,0.0,0.0,1.0,0.0,10,0,20
45,1779,0.0,0.0,1.0,0.0,10,0,20
45,1780,0.0,0.0,1.0,0.0,10,0,20
45,1781,0.0,0.0,1.0,0.0,10,0,20
45,1782,0.0,0.0,1.0,0.0,10,0,20
45,1783,0.0,0.0,1.0,0.0,10,0,20
45,1784,0.0,0.0,1.0,0.0,10,0,20
45,1785,0.0,0.0,1.0,0.0,10,0,20
45,1786,0.0,0.0,1.0,0.0,10,0,20
45,1787,0.0,0.0,1.0,0.0,10,0,20
45,1788,0.0,0.0,1.0,0.0,10,0,20
45,1789,0.0,0.0,1.0,0.0,10,0,20
45,1790,0.0,0.0,1.0,0.0,10,0,20
45,1791,0.0,0.0,1.0,0.0,10,0,20
45,1792,0.0,0.0,1.0,0.0,10,0,20
45,1793,0.0,0.0,1.0,0.0,10,0,20
45,1794,0.0,0.0,1.0,0.0,10,0,20
45,1795,0.0,0.0,1.0,0.0,10,0,20
45,1796,0.0,0.0,1.0,0.0,10,0,20
45,1797,0.0,0.0,1.0,0.0,10,0,20
45,1798,0.0,0.0,1.0,0.0,10,0,20
45,1799,0.0,0.0,1.0,0.0,10,0,20
45,1800,0.0,0.0,1.0,0.0,10,0,20
45,1801,0.0,0.0,1.0,0.0,10,0,20
45,1802,0.0,0.0,1.0,0.0,10,0,20
45,1803,0.0,0.0,1.0,0.0,10,0,20
45,1804,0.0,0.0,1.0,0.0,10,0,20
45,1805,0.0,0.0,1.0,0.0,10,0,20
45,1806,0.0,0.0,1.0,0.0,10,0,20
45,1807,0.0,0.0,1.0,0.0,10,0,20
45,1808,0.0,0.0,1.0,0.0,10,0,20
45,1809,0.0,0.0,1.0,0.0,10,0,20
45,1810,0.0,0.0,1.0,0.0,10,0,20
45,1811,0.0,0.0,1.0,0.0,10,0,20
45,1812,0.0,0.0,1.0,0.0,10,0,20
45,1813,0.0,0.0,1.0,0.0,10,0,20
45,1814,0.0,0.0,1.0,0.0,10,0,20
45,1815,0.0,0.0,1.0,0.0,10,0,20
45,1816,0.0,0.0,1.0,0.0,10,0,20
45,1817,0.0,0.0,1.0,0.0,10,0,20
45,1818,0.0,0.0,1.0,0.0,10,0,20
45,1819,0.0,0.0,1.0,0.0,10,0,20
45,1820,0.0,0.0,1.0,0.0,10,0,20
45,1821,0.0,0.0,1.0,0.0,10,0,20
45,1822,0.0,0.0,1.0,0.0,10,0,20
45,1823,0.0,0.0,1.0,0.0,10,0,20
45,1824,0.0,0.0,1.0,0.0,10,0,20
45,1825,0.0,0.0,1.0,0.0,10,0,20
45,1826,0.0,0.0,1.0,0.0,10,0,20
45,1827,0.0,0.0,1.0,0.0,10,0,20
45,1828,0.0,0.0,1.0,0.0,10,0,20
45,1829,0.0,0.0,1.0,0.0,10,0,20
45,1830,0.0,0.0,1.0,0.0,10,0,20
45,1831,0.0,0.0,1.0,0.0,10,0,20
45,1832,0.0,0.0,1.0,0.0,10,0,20
45,1833,0.0,0.0,1.0,0.0,10,0,20
45,1834,0.0,0.0,1.0,0.0,10,0,20
45,1835,0.0,0.0,1.0,0.0,10,0,20
45,1836,0.0,0.0,1.0,0.0,10,0,20
45,1837,0.0,0.0,1.0,0.0,10,0,20
45,1838,0.0,0.0,1.0,0.0,10,0,20
45,1839,0.0,0.0,1.0,0.0,10,0,20
45,1840,0.0,0.0,1.0,0.0,10,0,20
45,1841,0.0,0.0,1.0,0.0,10,0,20
45,1842,0.0,0.0,1.0,0.0,10,0,20
45,1843,0.0,0.0,1.0,0.0,10,0,20
45,1844,0.0,0.0,1.0,0.0,10,0,20
45,1845,0.0,0.0,1.0,0.0,10,0,20
45,1846,0.0,0.0,1.0,0.0,10,0,20
45,1847,0.0,0.0,1.0,0.0,10,0,20
45,1848,0.0,0.0,1.0,0.0,10,0,20
45,1849,0.0,0.0,1.0,0.0,10,0,20
45,1850,0.0,0.0,1.0,0.0,10,0,20
45,1851,0.0,0.0,1.0,0.0,10,0,20
45,1852,0.0,0.0,1.0,0.0,10,0,20
45,1853,0.0,0.0,1.0,0.0,10,0,20
45,1854,0.0,0.0,1.0,0.0,10,0,20
45,1855,0.0,0.0,1.0,0.0,10,0,20
45,1856,0.0,0.0,1.0,0.0,10,0,20
45,1857,0.0,0.0,1.0,0.0,10,0,20
45,1858,0.0,0.0,1.0,0.0,10,0,20
45,1859,0.0,0.0,1.0,0.0,10,0,20
45,1860,0.0,0.0,1.0,0.0,10,0,20
45,1861,0.0,0.0,1.0,0.0,10,0,20
45,1862,0.0,0.0,1.0,0.0,10,0,20
45,1863,0.0,0.0,1.0,0.0,10,0,20
45,1864,0.0,0.0,1.0,0.0,10,0,20
45,1865,0.0,0.0,1.0,0.0,10,0,20
45,1866,0.0,0.0,1.0,0.0,10,0,20
45,1867,0.0,0.0,1.0,0.0,10,0,20
45,1868,0.0,0.0,1.0,0.0,10,0,20
45,1869,0.0,0.0,1.0,0.0,10,0,20
45,1870,0.0,0.0,1.0,0.0,10,0,20
45,1871,0.0,0.0,1.0,0.0,10,0,20
45,1872,0.0,0.0,1.0,0.0,10,0,20
45,1873,0.0,0.0,1.0,0.0,10,0,20
45,1874,0.0,0.0,1.0,0.0,10,0,20
45,1875,0.0,0.0,1.0,0.0,10,0,20
45,1876,0.0,0.0,1.0,0.0,10,0,20
45,1877,0.0,0.0,1.0,0.0,10,0,20
45,1878,0.0,0.0,1.0,0.0,10,0,20
45,1879,0.0,0.0,1.0,0.0,10,0,20
45,1880,0.0,0.0,1.0,0.0,10,0,20
45,1881,0.0,0.0,1.0,0.0,10,0,20
45,1882,0.0,0.0,1.0,0.0,10,0,20
45,1883,0.0,0.0,1.0,0.0,10,0,20
45,1884,0.0,0.0,1.0,0.0,10,0,20
45,1885,0.0,0.0,1.0,0.0,10,0,20
45,1886,0.0,0.0,1.0,0.0,10,0,20
45,1887,0.0,0.0,1.0,0.0,10,0,20
45,1888,0.0,0.0,1.0,0.0,10,0,20
45,1889,0.0,0.0,1.0,0.0,10,0,20
45,1890,0.0,0.0,1.0,0.0,10,0,20
45,1891,0.0,0.0,1.0,0.0,10,0,20
45,1892,0.0,0.0,1.0,0.0,10,0,20
45,1893,0.0,0.0,1.0,0.0,10,0,20
45,1894,0.0,0.0,1.0,0.0,10,0,20
45,1895,0.0,0.0,1.0,0.0,10,0,20
45,1896,0.0,0.0,1.0,0.0,10,0,20
45,1897,0.0,0.0,1.0,0.0,10,0,20
45,1898,0.0,0.0,1.0,0.0,10,0,20
45,1899,0.0,0.0,1.0,0.0,10,0,20
45,1900,0.0,0.0,1.0,0.0,10,0,20
45,1901,0.0,0.0,1.0,0.0,10,0,20
45,1902,0.0,0.0,1.0,0.0,10,0,20
45,1903,0.0,0.0,1.0,0.0,10,0,20
45,1904,0.0,0.0,1.0,0.0,10,0,20
45,1905,0.0,0.0,1.0,0.0,10,0,20
45,1906,0.0,0.0,1.0,0.0,10,0,20
45,1907,0.0,0.0,1.0,0.0,10,0,20
45,1908,0.0,0.0,1.0,0.0,10,0,20
45,1909,0.0,0.0,1.0,0.0,10,0,20
45,1910,0.0,0.0,1.0,0.0,10,0,20
45,1911,0.0,0.0,1.0,0.0,10,0,20
45,1912,0.0,0.0,1.0,0.0,10,0,20
45,1913,0.0,0.0,1.0,0.0,10,0,20
45,1914,0.0,0.0,1.0,0.0,10,0,20
45,1915,0.0,0.0,1.0,0.0,10,0,20
45,1916,0.0,0.0,1.0,0.0,10,0,20
45,1917,0.0,0.0,1.0,0.0,10,0,20
45,1918,0.0,0.0,1.0,0.0,10,0,20
45,1919,0.0,0.0,1.0,0.0,10,0,20
45,1920,0.0,0.0,1.0,0.0,10,0,20
45,1921,0.0,0.0,1.0,0.0,10,0,20
45,1922,0.0,0.0,1.0,0.0,10,0,20
45,1923,0.0,0.0,1.0,0.0,10,0,20
45,1924,0.0,0.0,1.0,0.0,10,0,20
45,1925,0.0,0.0,1.0,0.0,10,0,20
45,1926,0.0,0.0,1.0,0.0,10,0,20
45,1927,0.0,0.0,1.0,0.0,10,0,20
45,1928,0.0,0.0,1.0,0.0,10,0,20
45,1929,0.0,0.0,1.0,0.0,10,0,20
45,1930,0.0,0.0,1.0,0.0,10,0,20
45,1931,0.0,0.0,1.0,0.0,10,0,20
45,1932,0.0,0.0,1.0,0.0,10,0,20
45,1933,0.0,0.0,1.0,0.0,10,0,20
45,1934,0.0,0.0,1.0,0.0,10,0,20
45,1935,0.0,0.0,1.0,0.0,10,0,20
45,1936,0.0,0.0,1.0,0.0,10,0,20
45,1937,0.0,0.0,1.0,0.0,10,0,20
45,1938,0.0,0.0,1.0,0.0,10,0,20
45,1939,0.0,0.0,1.0,0.0,10,0,20
45,1940,0.0,0.0,1.0,0.0,10,0,20
45,1941,0.0,0.0,1.0,0.0,10,0,20
45,1942,0.0,0.0,1.0,0.0,10,0,20
45,1943,0.0,0.0,1.0,0.0,10,0,20
45,1944,0.0,0.0,1.0,0.0,10,0,20
45,1945,0.0,0.0,1.0,0.0,10,0,20
45,1946,0.0,0.0,1.0,0.0,10,0,20
45,1947,0.0,0.0,1.0,0.0,10,0,20
45,1948,0.0,0.0,1.0,0.0,10,0,20
45,1949,0.0,0.0,1.0,0.0,10,0,20
45,1950,0.0,0.0,1.0,0.0,10,0,20
45,1951,0.0,0.0,1.0,0.0,10,0,20
45,1952,0.0,0.0,1.0,0.0,10,0,20
45,1953,0.0,0.0,1.0,0.0,10,0,20
45,1954,0.0,0.0,1.0,0.0,10,0,20
45,1955,0.0,0.0,1.0,0.0,10,0,20
45,1956,0.0,0.0,1.0,0.0,10,0,20
45,1957,0.0,0.0,1.0,0.0,10,0,20
45,1958,0.0,0.0,1.0,0.0,10,0,20
45,1959,0.0,0.0,1.0,0.0,10,0,20
45,1960,0.0,0.0,1.0,0.0,10,0,20
45,1961,0.0,0.0,1.0,0.0,10,0,20
45,1962,0.0,0.0,1.0,0.0,10,0,20
45,1963,0.0,0.0,1.0,0.0,10,0,20
45,1964,0.0,0.0,1.0,0.0,10,0,20
45,1965,0.0,0.0,1.0,0.0,10,0,20
45,1966,0.0,0.0,1.0,0.0,10,0,20
45,1967,0.0,0.0,1.0,0.0,10,0,20
45,1968,0.0,0.0,1.0,0.0,10,0,20
45,1969,0.0,0.0,1.0,0.0,10,0,20
45,1970,0.0,0.0,1.0,0.0,10,0,20
45,1971,0.0,0.0,1.0,0.0,10,0,20
45,1972,0.0,0.0,1.0,0.0,10,0,20
45,1973,0.0,0.0,1.0,0.0,10,0,20
45,1974,0.0,0.0,1.0,0.0,10,0,20
45,1975,0.0,0.0,1.0,0.0,10,0,20
45,1976,0.0,0.0,1.0,0.0,10,0,20
45,1977,0.0,0.0,1.0,0.0,10,0,20
45,1978,0.0,0.0,1.0,0.0,10,0,20
45,1979,0.0,0.0,1.0,0.0,10,0,20
45,1980,0.0,0.0,1.0,0.0,10,0,20
45,1981,0.0,0.0,1.0,0.0,10,0,20
45,1982,0.0,0.0,1.0,0.0,10,0,20
45,1983,0.0,0.0,1.0,0.0,10,0,20
45,1984,0.0,0.0,1.0,0.0,10,0,20
45,1985,0.0,0.0,1.0,0.0,10,0,20
45,1986,0.0,0.0,1.0,0.0,10,0,20
45,1987,0.0,0.0,1.0,0.0,10,0,20
45,1988,0.0,0.0,1.0,0.0,10,0,20
45,1989,0.0,0.0,1.0,0.0,10,0,20
45,1990,0.0,0.0,1.0,0.0,10,0,20
45,1991,0.0,0.0,1.0,0.0,10,0,20
45,1992,0.0,0.0,1.0,0.0,10,0,20
45,1993,0.0,0.0,1.0,0.0,10,0,20
45,1994,0.0,0.0,1.0,0.0,10,0,20
45,1995,0.0,0.0,1.0,0.0,10,0,20
45,1996,0.0,0.0,1.0,0.0,10,0,20
45,1997,0.0,0.0,1.0,0.0,10,0,20
45,1998,0.0,0.0,1.0,0.0,10,0,20
45,1999,0.0,0.0,1.0,0.0,10,0,20
45,2000,0.0,0.0,1.0,0.0,10,0,20
45,2001,0.0,0.0,1.0,0.0,10,0,20
45,2002,0.0,0.0,1.0,0.0,10,0,20
45,2003,0.0,0.0,1.0,0.0,10,0,20
45,2004,0.0,0.0,1.0,0.0,10,0,20
45,2005,0.0,0.0,1.0,0.0,10,0,20
45,2006,0.0,0.0,1.0,0.0,10,0,20
45,2007,0.0,0.0,1.0,0.0,10,0,20
45,2008,0.0,0.0,1.0,0.0,10,0,20
45,2009,0.0,0.0,1.0,0.0,10,0,20
45,2010,0.0,0.0,1.0,0.0,10,0,20
45,2011,0.0,0.0,1.0,0.0,10,0,20
45,2012,0.0,0.0,1.0,0.0,10,0,20
45,2013,0.0,0.0,1.0,0.0,10,0,20
45,2014,0.0,0.0,1.0,0.0,10,0,20
45,2015,0.0,0.0,1.0,0.0,10,0,20
45,2016,0.0,0.0,1.0,0.0,10,0,20
45,2017,0.0,0.0,1.0,0.0,10,0,20
45,2018,0.0,0.0,1.0,0.0,10,0,20
45,2019,0.0,0.0,1.0,0.0,10,0,20
45,2020,0.0,0.0,1.0,0.0,10,0,20
45,2021,0.0,0.0,1.0,0.0,10,0,20
45,2022,0.0,0.0,1.0,0.0,10,0,20
45,2023,0.0,0.0,1.0,0.0,10,0,20
45,2024,0.0,0.0,1.0,0.0,10,0,20
45,2025,0.0,0.0,1.0,0.0,10,0,20
45,2026,0.0,0.0,1.0,0.0,10,0,20
45,2027,0.0,0.0,1.0,0.0,10,0,20
45,2028,0.0,0.0,1.0,0.0,10,0,20
45,2029,0.0,0.0,1.0,0.0,10,0,20
45,2030,0.0,0.0,1.0,0.0,10,0,20
45,2031,0.0,0.0,1.0,0.0,10,0,20
45,2032,0.0,0.0,1.0,0.0,10,0,20
45,2033,0.0,0.0,1.0,0.0,10,0,20
45,2034,0.0,0.0,1.0,0.0,10,0,20
45,2035,0.0,0.0,1.0,0.0,10,0,20
45,2036,0.0,0.0,1.0,0.0,10,0,20
45,2037,0.0,0.0,1.0,0.0,10,0,20
45,2038,0.0,0.0,1.0,0.0,10,0,20
45,2039,0.0,0.0,1.0,0.0,10,0,20
45,2040,0.0,0.0,1.0,0.0,10,0,20
45,2041,0.0,0.0,1.0,0.0,10,0,20
45,2042,0.0,0.0,1.0,0.0,10,0,20
45,2043,0.0,0.0,1.0,0.0,10,0,20
45,2044,0.0,0.0,1.0,0.0,10,0,20
45,2045,0.0,0.0,1.0,0.0,10,0,20
45,2046,0.0,0.0,1.0,0.0,10,0,20
45,2047,0.0,0.0,1.0,0.0,10,0,20
45,2048,0.0,0.0,1.0,0.0,10,0,20
45,2049,0.0,0.0,1.0,0.0,10,0,20
45,2050,0.0,0.0,1.0,0.0,10,0,20
45,2051,0.0,0.0,1.0,0.0,10,0,20
45,2052,0.0,0.0,1.0,0.0,10,0,20
45,2053,0.0,0.0,1.0,0.0,10,0,20
45,2054,0.0,0.0,1.0,0.0,10,0,20
45,2055,0.0,0.0,1.0,0.0,10,0,20
45,2056,0.0,0.0,1.0,0.0,10,0,20
45,2057,0.0,0.0,1.0,0.0,10,0,20
45,2058,0.0,0.0,1.0,0.0,10,0,20
45,2059,0.0,0.0,1.0,0.0,10,0,20
45,2060,0.0,0.0,1.0,0.0,10,0,20
45,2061,0.0,0.0,1.0,0.0,10,0,20
45,2062,0.0,0.0,1.0,0.0,10,0,20
45,2063,0.0,0.0,1.0,0.0,10,0,20
45,2064,0.0,0.0,1.0,0.0,10,0,20
45,2065,0.0,0.0,1.0,0.0,10,0,20
45,2066,0.0,0.0,1.0,0.0,10,0,20
45,2067,0.0,0.0,1.0,0.0,10,0,20
45,2068,0.0,0.0,1.0,0.0,10,0,20
45,2069,0.0,0.0,1.0,0.0,10,0,20
45,2070,0.0,0.0,1.0,0.0,10,0,20
45,2071,0.0,0.0,1.0,0.0,10,0,20
45,2072,0.0,0.0,1.0,0.0,10,0,20
45,2073,0.0,0.0,1.0,0.0,10,0,20
45,2074,0.0,0.0,1.0,0.0,10,0,20
45,2075,0.0,0.0,1.0,0.0,10,0,20
45,2076,0.0,0.0,1.0,0.0,10,0,20
45,2077,0.0,0.0,1.0,0.0,10,0,20
45,2078,0.0,0.0,1.0,0.0,10,0,20
45,2079,0.0,0.0,1.0,0.0,10,0,20
45,2080,0.0,0.0,1.0,0.0,10,0,20
45,2081,0.0,0.0,1.0,0.0,10,0,20
45,2082,0.0,0.0,1.0,0.0,10,0,20
45,2083,0.0,0.0,1.0,0.0,10,0,20
45,2084,0.0,0.0,1.0,0.0,10,0,20
45,2085,0.0,0.0,1.0,0.0,10,0,20
45,2086,0.0,0.0,1.0,0.0,10,0,20
45,2087,0.0,0.0,1.0,0.0,10,0,20
45,2088,0.0,0.0,1.0,0.0,10,0,20
45,2089,0.0,0.0,1.0,0.0,10,0,20
45,2090,0.0,0.0,1.0,0.0,10,0,20
45,2091,0.0,0.0,1.0,0.0,10,0,20
45,2092,0.0,0.0,1.0,0.0,10,0,20
45,2093,0.0,0.0,1.0,0.0,10,0,20
45,2094,0.0,0.0,1.0,0.0,10,0,20
45,2095,0.0,0.0,1.0,0.0,10,0,20
45,2096,0.0,0.0,1.0,0.0,10,0,20
45,2097,0.0,0.0,1.0,0.0,10,0,20
45,2098,0.0,0.0,1.0,0.0,10,0,20
45,2099,0.0,0.0,1.0,0.0,10,0,20
45,2100,0.0,0.0,1.0,0.0,10,0,20
45,2101,0.0,0.0,1.0,0.0,10,0,20
45,2102,0.0,0.0,1.0,0.0,10,0,20
45,2103,0.0,0.0,1.0,0.0,10,0,20
45,2104,0.0,0.0,1.0,0.0,10,0,20
45,2105,0.0,0.0,1.0,0.0,10,0,20
45,2106,0.0,0.0,1.0,0.0,10,0,20
45,2107,0.0,0.0,1.0,0.0,10,0,20
45,2108,0.0,0.0,1.0,0.0,10,0,20
45,2109,0.0,0.0,1.0,0.0,10,0,20
45,2110,0.0,0.0,1.0,0.0,10,0,20
45,2111,0.0,0.0,1.0,0.0,10,0,20
45,2112,0.0,0.0,1.0,0.0,10,0,20
45,2113,0.0,0.0,1.0,0.0,10,0,20
45,2114,0.0,0.0,1.0,0.0,10,0,20
45,2115,0.0,0.0,1.0,0.0,10,0,20
45,2116,0.0,0.0,1.0,0.0,10,0,20
45,2117,0.0,0.0,1.0,0.0,10,0,20
45,2118,0.0,0.0,1.0,0.0,10,0,20
45,2119,0.0,0.0,1.0,0.0,10,0,20
45,2120,0.0,0.0,1.0,0.0,10,0,20
45,2121,0.0,0.0,1.0,0.0,10,0,20
45,2122,0.0,0.0,1.0,0.0,10,0,20
45,2123,0.0,0.0,1.0,0.0,10,0,20
45,2124,0.0,0.0,1.0,0.0,10,0,20
45,2125,0.0,0.0,1.0,0.0,10,0,20
45,2126,0.0,0.0,1.0,0.0,10,0,20
45,2127,0.0,0.0,1.0,0.0,10,0,20
45,2128,0.0,0.0,1.0,0.0,10,0,20
45,2129,0.0,0.0,1.0,0.0,10,0,20
45,2130,0.0,0.0,1.0,0.0,10,0,20
45,2131,0.0,0.0,1.0,0.0,10,0,20
45,2132,0.0,0.0,1.0,0.0,10,0,20
45,2133,0.0,0.0,1.0,0.0,10,0,20
45,2134,0.0,0.0,1.0,0.0,10,0,20
45,2135,0.0,0.0,1.0,0.0,10,0,20
45,2136,0.0,0.0,1.0,0.0,10,0,20
45,2137,0.0,0.0,1.0,0.0,10,0,20
45,2138,0.0,0.0,1.0,0.0,10,0,20
45,2139,0.0,0.0,1.0,0.0,10,0,20
45,2140,0.0,0.0,1.0,0.0,10,0,20
45,2141,0.0,0.0,1.0,0.0,10,0,20
45,2142,0.0,0.0,1.0,0.0,10,0,20
45,2143,0.0,0.0,1.0,0.0,10,0,20
45,2144,0.0,0.0,1.0,0.0,10,0,20
45,2145,0.0,0.0,1.0,0.0,10,0,20
45,2146,0.0,0.0,1.0,0.0,10,0,20
45,2147,0.0,0.0,1.0,0.0,10,0,20
45,2148,0.0,0.0,1.0,0.0,10,0,20
45,2149,0.0,0.0,1.0,0.0,10,0,20
45,2150,0.0,0.0,1.0,0.0,10,0,20
45,2151,0.0,0.0,1.0,0.0,10,0,20
45,2152,0.0,0.0,1.0,0.0,10,0,20
45,2153,0.0,0.0,1.0,0.0,10,0,20
45,2154,0.0,0.0,1.0,0.0,10,0,20
45,2155,0.0,0.0,1.0,0.0,10,0,20
45,2156,0.0,0.0,1.0,0.0,10,0,20
45,2157,0.0,0.0,1.0,0.0,10,0,20
45,2158,0.0,0.0,1.0,0.0,10,0,20
45,2159,0.0,0.0,1.0,0.0,10,0,20
45,2160,0.0,0.0,1.0,0.0,10,0,20
45,2161,0.0,0.0,1.0,0.0,10,0,20
45,2162,0.0,0.0,1.0,0.0,10,0,20
45,2163,0.0,0.0,1.0,0.0,10,0,20
45,2164,0.0,0.0,1.0,0.0,10,0,20
45,2165,0.0,0.0,1.0,0.0,10,0,20
45,2166,0.0,0.0,1.0,0.0,10,0,20
45,2167,0.0,0.0,1.0,0.0,10,0,20
45,2168,0.0,0.0,1.0,0.0,10,0,20
45,2169,0.0,0.0,1.0,0.0,10,0,20
45,2170,0.0,0.0,1.0,0.0,10,0,20
45,2171,0.0,0.0,1.0,0.0,10,0,20
45,2172,0.0,0.0,1.0,0.0,10,0,20
45,2173,0.0,0.0,1.0,0.0,10,0,20
45,2174,0.0,0.0,1.0,0.0,10,0,20
45,2175,0.0,0.0,1.0,0.0,10,0,20
45,2176,0.0,0.0,1.0,0.0,10,0,20
45,2177,0.0,0.0,1.0,0.0,10,0,20
45,2178,0.0,0.0,1.0,0.0,10,0,20
45,2179,0.0,0.0,1.0,0.0,10,0,20
45,2180,0.0,0.0,1.0,0.0,10,0,20
45,2181,0.0,0.0,1.0,0.0,10,0,20
45,2182,0.0,0.0,1.0,0.0,10,0,20
45,2183,0.0,0.0,1.0,0.0,10,0,20
45,2184,0.0,0.0,1.0,0.0,10,0,20
45,2185,0.0,0.0,1.0,0.0,10,0,20
45,2186,0.0,0.0,1.0,0.0,10,0,20
45,2187,0.0,0.0,1.0,0.0,10,0,20
45,2188,0.0,0.0,1.0,0.0,10,0,20
45,2189,0.0,0.0,1.0,0.0,10,0,20
45,2190,0.0,0.0,1.0,0.0,10,0,20
45,2191,0.0,0.0,1.0,0.0,10,0,20
45,2192,0.0,0.0,1.0,0.0,10,0,20
45,2193,0.0,0.0,1.0,0.0,10,0,20
45,2194,0.0,0.0,1.0,0.0,10,0,20
45,2195,0.0,0.0,1.0,0.0,10,0,20
45,2196,0.0,0.0,1.0,0.0,10,0,20
45,2197,0.0,0.0,1.0,0.0,10,0,20
45,2198,0.0,0.0,1.0,0.0,10,0,20
45,2199,0.0,0.0,1.0,0.0,10,0,20
45,2200,0.0,0.0,1.0,0.0,10,0,20
45,2201,0.0,0.0,1.0,0.0,10,0,20
45,2202,0.0,0.0,1.0,0.0,10,0,20
45,2203,0.0,0.0,1.0,0.0,10,0,20
45,2204,0.0,0.0,1.0,0.0,10,0,20
45,2205,0.0,0.0,1.0,0.0,10,0,20
45,2206,0.0,0.0,1.0,0.0,10,0,20
45,2207,0.0,0.0,1.0,0.0,10,0,20
45,2208,0.0,0.0,1.0,0.0,10,0,20
45,2209,0.0,0.0,1.0,0.0,10,0,20
45,2210,0.0,0.0,1.0,0.0,10,0,20
45,2211,0.0,0.0,1.0,0.0,10,0,20
45,2212,0.0,0.0,1.0,0.0,10,0,20
45,2213,0.0,0.0,1.0,0.0,10,0,20
45,2214,0.0,0.0,1.0,0.0,10,0,20
45,2215,0.0,0.0,1.0,0.0,10,0,20
45,2216,0.0,0.0,1.0,0.0,10,0,20
45,2217,0.0,0.0,1.0,0.0,10,0,20
45,2218,0.0,0.0,1.0,0.0,10,0,20
45,2219,0.0,0.0,1.0,0.0,10,0,20
45,2220,0.0,0.0,1.0,0.0,10,0,20
45,2221,0.0,0.0,1.0,0.0,10,0,20
45,2222,0.0,0.0,1.0,0.0,10,0,20
45,2223,0.0,0.0,1.0,0.0,10,0,20
45,2224,0.0,0.0,1.0,0.0,10,0,20
45,2225,0.0,0.0,1.0,0.0,10,0,20
45,2226,0.0,0.0,1.0,0.0,10,0,20
45,2227,0.0,0.0,1.0,0.0,10,0,20
45,2228,0.0,0.0,1.0,0.0,10,0,20
45,2229,0.0,0.0,1.0,0.0,10,0,20
45,2230,0.0,0.0,1.0,0.0,10,0,20
45,2231,0.0,0.0,1.0,0.0,10,0,20
45,2232,0.0,0.0,1.0,0.0,10,0,20
45,2233,0.0,0.0,1.0,0.0,10,0,20
45,2234,0.0,0.0,1.0,0.0,10,0,20
45,2235,0.0,0.0,1.0,0.0,10,0,20
45,2236,0.0,0.0,1.0,0.0,10,0,20
45,2237,0.0,0.0,1.0,0.0,10,0,20
45,2238,0.0,0.0,1.0,0.0,10,0,20
45,2239,0.0,0.0,1.0,0.0,10,0,20
45,2240,0.0,0.0,1.0,0.0,10,0,20
45,2241,0.0,0.0,1.0,0.0,10,0,20
45,2242,0.0,0.0,1.0,0.0,10,0,20
45,2243,0.0,0.0,1.0,0.0,10,0,20
45,2244,0.0,0.0,1.0,0.0,10,0,20
45,2245,0.0,0.0,1.0,0.0,10,0,20
45,2246,0.0,0.0,1.0,0.0,10,0,20
45,2247,0.0,0.0,1.0,0.0,10,0,20
45,2248,0.0,0.0,1.0,0.0,10,0,20
45,2249,0.0,0.0,1.0,0.0,10,0,20
45,2250,0.0,0.0,1.0,0.0,10,0,20
45,2251,0.0,0.0,1.0,0.0,10,0,20
45,2252,0.0,0.0,1.0,0.0,10,0,20
45,2253,0.0,0.0,1.0,0.0,10,0,20
45,2254,0.0,0.0,1.0,0.0,10,0,20
45,2255,0.0,0.0,1.0,0.0,10,0,20
45,2256,0.0,0.0,1.0,0.0,10,0,20
45,2257,0.0,0.0,1.0,0.0,10,0,20
45,2258,0.0,0.0,1.0,0.0,10,0,20
45,2259,0.0,0.0,1.0,0.0,10,0,20
45,2260,0.0,0.0,1.0,0.0,10,0,20
45,2261,0.0,0.0,1.0,0.0,10,0,20
45,2262,0.0,0.0,1.0,0.0,10,0,20
45,2263,0.0,0.0,1.0,0.0,10,0,20
45,2264,0.0,0.0,1.0,0.0,10,0,20
45,2265,0.0,0.0,1.0,0.0,10,0,20
45,2266,0.0,0.0,1.0,0.0,10,0,20
45,2267,0.0,0.0,1.0,0.0,10,0,20
45,2268,0.0,0.0,1.0,0.0,10,0,20
45,2269,0.0,0.0,1.0,0.0,10,0,20
45,2270,0.0,0.0,1.0,0.0,10,0,20
45,2271,0.0,0.0,1.0,0.0,10,0,20
45,2272,0.0,0.0,1.0,0.0,10,0,20
45,2273,0.0,0.0,1.0,0.0,10,0,20
45,2274,0.0,0.0,1.0,0.0,10,0,20
45,2275,0.0,0.0,1.0,0.0,10,0,20
45,2276,0.0,0.0,1.0,0.0,10,0,20
45,2277,0.0,0.0,1.0,0.0,10,0,20
45,2278,0.0,0.0,1.0,0.0,10,0,20
45,2279,0.0,0.0,1.0,0.0,10,0,20
45,2280,0.0,0.0,1.0,0.0,10,0,20
45,2281,0.0,0.0,1.0,0.0,10,0,20
45,2282,0.0,0.0,1.0,0.0,10,0,20
45,2283,0.0,0.0,1.0,0.0,10,0,20
45,2284,0.0,0.0,1.0,0.0,10,0,20
45,2285,0.0,0.0,1.0,0.0,10,0,20
45,2286,0.0,0.0,1.0,0.0,10,0,20
45,2287,0.0,0.0,1.0,0.0,10,0,20
45,2288,0.0,0.0,1.0,0.0,10,0,20
45,2289,0.0,0.0,1.0,0.0,10,0,20
45,2290,0.0,0.0,1.0,0.0,10,0,20
45,2291,0.0,0.0,1.0,0.0,10,0,20
45,2292,0.0,0.0,1.0,0.0,10,0,20
45,2293,0.0,0.0,1.0,0.0,10,0,20
45,2294,0.0,0.0,1.0,0.0,10,0,20
45,2295,0.0,0.0,1.0,0.0,10,0,20
45,2296,0.0,0.0,1.0,0.0,10,0,20
45,2297,0.0,0.0,1.0,0.0,10,0,20
45,2298,0.0,0.0,1.0,0.0,10,0,20
45,2299,0.0,0.0,1.0,0.0,10,0,20
45,2300,0.0,0.0,1.0,0.0,10,0,20
45,2301,0.0,0.0,1.0,0.0,10,0,20
45,2302,0.0,0.0,1.0,0.0,10,0,20
45,2303,0.0,0.0,1.0,0.0,10,0,20
45,2304,0.0,0.0,1.0,0.0,10,0,20
45,2305,0.0,0.0,1.0,0.0,10,0,20
45,2306,0.0,0.0,1.0,0.0,10,0,20
45,2307,0.0,0.0,1.0,0.0,10,0,20
45,2308,0.0,0.0,1.0,0.0,10,0,20
45,2309,0.0,0.0,1.0,0.0,10,0,20
45,2310,0.0,0.0,1.0,0.0,10,0,20
45,2311,0.0,0.0,1.0,0.0,10,0,20
45,2312,0.0,0.0,1.0,0.0,10,0,20
45,2313,0.0,0.0,1.0,0.0,10,0,20
45,2314,0.0,0.0,1.0,0.0,10,0,20
45,2315,0.0,0.0,1.0,0.0,10,0,20
45,2316,0.0,0.0,1.0,0.0,10,0,20
45,2317,0.0,0.0,1.0,0.0,10,0,20
45,2318,0.0,0.0,1.0,0.0,10,0,20
45,2319,0.0,0.0,1.0,0.0,10,0,20
45,2320,0.0,0.0,1.0,0.0,10,0,20
45,2321,0.0,0.0,1.0,0.0,10,0,20
45,2322,0.0,0.0,1.0,0.0,10,0,20
45,2323,0.0,0.0,1.0,0.0,10,0,20
45,2324,0.0,0.0,1.0,0.0,10,0,20
45,2325,0.0,0.0,1.0,0.0,10,0,20
45,2326,0.0,0.0,1.0,0.0,10,0,20
45,2327,0.0,0.0,1.0,0.0,10,0,20
45,2328,0.0,0.0,1.0,0.0,10,0,20
45,2329,0.0,0.0,1.0,0.0,10,0,20
45,2330,0.0,0.0,1.0,0.0,10,0,20
45,2331,0.0,0.0,1.0,0.0,10,0,20
45,2332,0.0,0.0,1.0,0.0,10,0,20
45,2333,0.0,0.0,1.0,0.0,10,0,20
45,2334,0.0,0.0,1.0,0.0,10,0,20
45,2335,0.0,0.0,1.0,0.0,10,0,20
45,2336,0.0,0.0,1.0,0.0,10,0,20
45,2337,0.0,0.0,1.0,0.0,10,0,20
45,2338,0.0,0.0,1.0,0.0,10,0,20
45,2339,0.0,0.0,1.0,0.0,10,0,20
45,2340,0.0,0.0,1.0,0.0,10,0,20
45,2341,0.0,0.0,1.0,0.0,10,0,20
45,2342,0.0,0.0,1.0,0.0,10,0,20
45,2343,0.0,0.0,1.0,0.0,10,0,20
45,2344,0.0,0.0,1.0,0.0,10,0,20
45,2345,0.0,0.0,1.0,0.0,10,0,20
45,2346,0.0,0.0,1.0,0.0,10,0,20
45,2347,0.0,0.0,1.0,0.0,10,0,20
45,2348,0.0,0.0,1.0,0.0,10,0,20
45,2349,0.0,0.0,1.0,0.0,10,0,20
45,2350,0.0,0.0,1.0,0.0,10,0,20
45,2351,0.0,0.0,1.0,0.0,10,0,20
45,2352,0.0,0.0,1.0,0.0,10,0,20
45,2353,0.0,0.0,1.0,0.0,10,0,20
45,2354,0.0,0.0,1.0,0.0,10,0,20
45,2355,0.0,0.0,1.0,0.0,10,0,20
45,2356,0.0,0.0,1.0,0.0,10,0,20
45,2357,0.0,0.0,1.0,0.0,10,0,20
45,2358,0.0,0.0,1.0,0.0,10,0,20
45,2359,0.0,0.0,1.0,0.0,10,0,20
45,2360,0.0,0.0,1.0,0.0,10,0,20
45,2361,0.0,0.0,1.0,0.0,10,0,20
45,2362,0.0,0.0,1.0,0.0,10,0,20
45,2363,0.0,0.0,1.0,0.0,10,0,20
45,2364,0.0,0.0,1.0,0.0,10,0,20
45,2365,0.0,0.0,1.0,0.0,10,0,20
45,2366,0.0,0.0,1.0,0.0,10,0,20
45,2367,0.0,0.0,1.0,0.0,10,0,20
45,2368,0.0,0.0,1.0,0.0,10,0,20
45,2369,0.0,0.0,1.0,0.0,10,0,20
45,2370,0.0,0.0,1.0,0.0,10,0,20
45,2371,0.0,0.0,1.0,0.0,10,0,20
45,2372,0.0,0.0,1.0,0.0,10,0,20
45,2373,0.0,0.0,1.0,0.0,10,0,20
45,2374,0.0,0.0,1.0,0.0,10,0,20
45,2375,0.0,0.0,1.0,0.0,10,0,20
45,2376,0.0,0.0,1.0,0.0,10,0,20
45,2377,0.0,0.0,1.0,0.0,10,0,20
45,2378,0.0,0.0,1.0,0.0,10,0,20
45,2379,0.0,0.0,1.0,0.0,10,0,20
45,2380,0.0,0.0,1.0,0.0,10,0,20
45,2381,0.0,0.0,1.0,0.0,10,0,20
45,2382,0.0,0.0,1.0,0.0,10,0,20
45,2383,0.0,0.0,1.0,0.0,10,0,20
45,2384,0.0,0.0,1.0,0.0,10,0,20
45,2385,0.0,0.0,1.0,0.0,10,0,20
45,2386,0.0,0.0,1.0,0.0,10,0,20
45,2387,0.0,0.0,1.0,0.0,10,0,20
45,2388,0.0,0.0,1.0,0.0,10,0,20
45,2389,0.0,0.0,1.0,0.0,10,0,20
45,2390,0.0,0.0,1.0,0.0,10,0,20
45,2391,0.0,0.0,1.0,0.0,10,0,20
45,2392,0.0,0.0,1.0,0.0,10,0,20
45,2393,0.0,0.0,1.0,0.0,10,0,20
45,2394,0.0,0.0,1.0,0.0,10,0,20
45,2395,0.0,0.0,1.0,0.0,10,0,20
45,2396,0.0,0.0,1.0,0.0,10,0,20
45,2397,0.0,0.0,1.0,0.0,10,0,20
45,2398,0.0,0.0,1.0,0.0,10,0,20
45,2399,0.0,0.0,1.0,0.0,10,0,20
45,2400,0.0,0.0,1.0,0.0,10,0,20
45,2401,0.0,0.0,1.0,0.0,10,0,20
45,2402,0.0,0.0,1.0,0.0,10,0,20
45,2403,0.0,0.0,1.0,0.0,10,0,20
45,2404,0.0,0.0,1.0,0.0,10,0,20
45,2405,0.0,0.0,1.0,0.0,10,0,20
45,2406,0.0,0.0,1.0,0.0,10,0,20
45,2407,0.0,0.0,1.0,0.0,10,0,20
45,2408,0.0,0.0,1.0,0.0,10,0,20
45,2409,0.0,0.0,1.0,0.0,10,0,20
45,2410,0.0,0.0,1.0,0.0,10,0,20
45,2411,0.0,0.0,1.0,0.0,10,0,20
45,2412,0.0,0.0,1.0,0.0,10,0,20
45,2413,0.0,0.0,1.0,0.0,10,0,20
45,2414,0.0,0.0,1.0,0.0,10,0,20
45,2415,0.0,0.0,1.0,0.0,10,0,20
45,2416,0.0,0.0,1.0,0.0,10,0,20
45,2417,0.0,0.0,1.0,0.0,10,0,20
45,2418,0.0,0.0,1.0,0.0,10,0,20
45,2419,0.0,0.0,1.0,0.0,10,0,20
45,2420,0.0,0.0,1.0,0.0,10,0,20
45,2421,0.0,0.0,1.0,0.0,10,0,20
45,2422,0.0,0.0,1.0,0.0,10,0,20
45,2423,0.0,0.0,1.0,0.0,10,0,20
45,2424,0.0,0.0,1.0,0.0,10,0,20
45,2425,0.0,0.0,1.0,0.0,10,0,20
45,2426,0.0,0.0,1.0,0.0,10,0,20
45,2427,0.0,0.0,1.0,0.0,10,0,20
45,2428,0.0,0.0,1.0,0.0,10,0,20
45,2429,0.0,0.0,1.0,0.0,10,0,20
45,2430,0.0,0.0,1.0,0.0,10,0,20
45,2431,0.0,0.0,1.0,0.0,10,0,20
45,2432,0.0,0.0,1.0,0.0,10,0,20
45,2433,0.0,0.0,1.0,0.0,10,0,20
45,2434,0.0,0.0,1.0,0.0,10,0,20
45,2435,0.0,0.0,1.0,0.0,10,0,20
45,2436,0.0,0.0,1.0,0.0,10,0,20
45,2437,0.0,0.0,1.0,0.0,10,0,20
45,2438,0.0,0.0,1.0,0.0,10,0,20
45,2439,0.0,0.0,1.0,0.0,10,0,20
45,2440,0.0,0.0,1.0,0.0,10,0,20
45,2441,0.0,0.0,1.0,0.0,10,0,20
45,2442,0.0,0.0,1.0,0.0,10,0,20
45,2443,0.0,0.0,1.0,0.0,10,0,20
45,2444,0.0,0.0,1.0,0.0,10,0,20
45,2445,0.0,0.0,1.0,0.0,10,0,20
45,2446,0.0,0.0,1.0,0.0,10,0,20
45,2447,0.0,0.0,1.0,0.0,10,0,20
45,2448,0.0,0.0,1.0,0.0,10,0,20
45,2449,0.0,0.0,1.0,0.0,10,0,20
45,2450,0.0,0.0,1.0,0.0,10,0,20
45,2451,0.0,0.0,1.0,0.0,10,0,20
45,2452,0.0,0.0,1.0,0.0,10,0,20
45,2453,0.0,0.0,1.0,0.0,10,0,20
45,2454,0.0,0.0,1.0,0.0,10,0,20
45,2455,0.0,0.0,1.0,0.0,10,0,20
45,2456,0.0,0.0,1.0,0.0,10,0,20
45,2457,0.0,0.0,1.0,0.0,10,0,20
45,2458,0.0,0.0,1.0,0.0,10,0,20
45,2459,0.0,0.0,1.0,0.0,10,0,20
45,2460,0.0,0.0,1.0,0.0,10,0,20
45,2461,0.0,0.0,1.0,0.0,10,0,20
45,2462,0.0,0.0,1.0,0.0,10,0,20
45,2463,0.0,0.0,1.0,0.0,10,0,20
45,2464,0.0,0.0,1.0,0.0,10,0,20
45,2465,0.0,0.0,1.0,0.0,10,0,20
45,2466,0.0,0.0,1.0,0.0,10,0,20
45,2467,0.0,0.0,1.0,0.0,10,0,20
45,2468,0.0,0.0,1.0,0.0,10,0,20
45,2469,0.0,0.0,1.0,0.0,10,0,20
45,2470,0.0,0.0,1.0,0.0,10,0,20
45,2471,0.0,0.0,1.0,0.0,10,0,20
45,2472,0.0,0.0,1.0,0.0,10,0,20
45,2473,0.0,0.0,1.0,0.0,10,0,20
45,2474,0.0,0.0,1.0,0.0,10,0,20
45,2475,0.0,0.0,1.0,0.0,10,0,20
45,2476,0.0,0.0,1.0,0.0,10,0,20
45,2477,0.0,0.0,1.0,0.0,10,0,20
45,2478,0.0,0.0,1.0,0.0,10,0,20
45,2479,0.0,0.0,1.0,0.0,10,0,20
45,2480,0.0,0.0,1.0,0.0,10,0,20
45,2481,0.0,0.0,1.0,0.0,10,0,20
45,2482,0.0,0.0,1.0,0.0,10,0,20
45,2483,0.0,0.0,1.0,0.0,10,0,20
45,2484,0.0,0.0,1.0,0.0,10,0,20
45,2485,0.0,0.0,1.0,0.0,10,0,20
45,2486,0.0,0.0,1.0,0.0,10,0,20
45,2487,0.0,0.0,1.0,0.0,10,0,20
45,2488,0.0,0.0,1.0,0.0,10,0,20
45,2489,0.0,0.0,1.0,0.0,10,0,20
45,2490,0.0,0.0,1.0,0.0,10,0,20
45,2491,0.0,0.0,1.0,0.0,10,0,20
45,2492,0.0,0.0,1.0,0.0,10,0,20
45,2493,0.0,0.0,1.0,0.0,10,0,20
45,2494,0.0,0.0,1.0,0.0,10,0,20
45,2495,0.0,0.0,1.0,0.0,10,0,20
45,2496,0.0,0.0,1.0,0.0,10,0,20
45,2497,0.0,0.0,1.0,0.0,10,0,20
45,2498,0.0,0.0,1.0,0.0,10,0,20
45,2499,0.0,0.0,1.0,0.0,10,0,20
45,2500,0.0,0.0,1.0,0.0,10,0,20
45,2501,0.0,0.0,1.0,0.0,10,0,20
45,2502,0.0,0.0,1.0,0.0,10,0,20
45,2503,0.0,0.0,1.0,0.0,10,0,20
45,2504,0.0,0.0,1.0,0.0,10,0,20
45,2505,0.0,0.0,1.0,0.0,10,0,20
45,2506,0.0,0.0,1.0,0.0,10,0,20
45,2507,0.0,0.0,1.0,0.0,10,0,20
45,2508,0.0,0.0,1.0,0.0,10,0,20
45,2509,0.0,0.0,1.0,0.0,10,0,20
45,2510,0.0,0.0,1.0,0.0,10,0,20
45,2511,0.0,0.0,1.0,0.0,10,0,20
45,2512,0.0,0.0,1.0,0.0,10,0,20
45,2513,0.0,0.0,1.0,0.0,10,0,20
45,2514,0.0,0.0,1.0,0.0,10,0,20
45,2515,0.0,0.0,1.0,0.0,10,0,20
45,2516,0.0,0.0,1.0,0.0,10,0,20
45,2517,0.0,0.0,1.0,0.0,10,0,20
45,2518,0.0,0.0,1.0,0.0,10,0,20
45,2519,0.0,0.0,1.0,0.0,10,0,20
45,2520,0.0,0.0,1.0,0.0,10,0,20
45,2521,0.0,0.0,1.0,0.0,10,0,20
45,2522,0.0,0.0,1.0,0.0,10,0,20
45,2523,0.0,0.0,1.0,0.0,10,0,20
45,2524,0.0,0.0,1.0,0.0,10,0,20
45,2525,0.0,0.0,1.0,0.0,10,0,20
45,2526,0.0,0.0,1.0,0.0,10,0,20
45,2527,0.0,0.0,1.0,0.0,10,0,20
45,2528,0.0,0.0,1.0,0.0,10,0,20
45,2529,0.0,0.0,1.0,0.0,10,0,20
45,2530,0.0,0.0,1.0,0.0,10,0,20
45,2531,0.0,0.0,1.0,0.0,10,0,20
45,2532,0.0,0.0,1.0,0.0,10,0,20
45,2533,0.0,0.0,1.0,0.0,10,0,20
45,2534,0.0,0.0,1.0,0.0,10,0,20
45,2535,0.0,0.0,1.0,0.0,10,0,20
45,2536,0.0,0.0,1.0,0.0,10,0,20
45,2537,0.0,0.0,1.0,0.0,10,0,20
45,2538,0.0,0.0,1.0,0.0,10,0,20
45,2539,0.0,0.0,1.0,0.0,10,0,20
45,2540,0.0,0.0,1.0,0.0,10,0,20
45,2541,0.0,0.0,1.0,0.0,10,0,20
45,2542,0.0,0.0,1.0,0.0,10,0,20
45,2543,0.0,0.0,1.0,0.0,10,0,20
45,2544,0.0,0.0,1.0,0.0,10,0,20
45,2545,0.0,0.0,1.0,0.0,10,0,20
45,2546,0.0,0.0,1.0,0.0,10,0,20
45,2547,0.0,0.0,1.0,0.0,10,0,20
45,2548,0.0,0.0,1.0,0.0,10,0,20
45,2549,0.0,0.0,1.0,0.0,10,0,20
45,2550,0.0,0.0,1.0,0.0,10,0,20
45,2551,0.0,0.0,1.0,0.0,10,0,20
45,2552,0.0,0.0,1.0,0.0,10,0,20
45,2553,0.0,0.0,1.0,0.0,10,0,20
45,2554,0.0,0.0,1.0,0.0,10,0,20
45,2555,0.0,0.0,1.0,0.0,10,0,20
45,2556,0.0,0.0,1.0,0.0,10,0,20
45,2557,0.0,0.0,1.0,0.0,10,0,20
45,2558,0.0,0.0,1.0,0.0,10,0,20
45,2559,0.0,0.0,1.0,0.0,10,0,20
45,2560,0.0,0.0,1.0,0.0,10,0,20
45,2561,0.0,0.0,1.0,0.0,10,0,20
45,2562,0.0,0.0,1.0,0.0,10,0,20
45,2563,0.0,0.0,1.0,0.0,10,0,20
45,2564,0.0,0.0,1.0,0.0,10,0,20
45,2565,0.0,0.0,1.0,0.0,10,0,20
45,2566,0.0,0.0,1.0,0.0,10,0,20
45,2567,0.0,0.0,1.0,0.0,10,0,20
45,2568,0.0,0.0,1.0,0.0,10,0,20
45,2569,0.0,0.0,1.0,0.0,10,0,20
45,2570,0.0,0.0,1.0,0.0,10,0,20
45,2571,0.0,0.0,1.0,0.0,10,0,20
45,2572,0.0,0.0,1.0,0.0,10,0,20
45,2573,0.0,0.0,1.0,0.0,10,0,20
45,2574,0.0,0.0,1.0,0.0,10,0,20
45,2575,0.0,0.0,1.0,0.0,10,0,20
45,2576,0.0,0.0,1.0,0.0,10,0,20
45,2577,0.0,0.0,1.0,0.0,10,0,20
45,2578,0.0,0.0,1.0,0.0,10,0,20
45,2579,0.0,0.0,1.0,0.0,10,0,20
45,2580,0.0,0.0,1.0,0.0,10,0,20
45,2581,0.0,0.0,1.0,0.0,10,0,20
45,2582,0.0,0.0,1.0,0.0,10,0,20
45,2583,0.0,0.0,1.0,0.0,10,0,20
45,2584,0.0,0.0,1.0,0.0,10,0,20
45,2585,0.0,0.0,1.0,0.0,10,0,20
45,2586,0.0,0.0,1.0,0.0,10,0,20
45,2587,0.0,0.0,1.0,0.0,10,0,20
45,2588,0.0,0.0,1.0,0.0,10,0,20
45,2589,0.0,0.0,1.0,0.0,10,0,20
45,2590,0.0,0.0,1.0,0.0,10,0,20
45,2591,0.0,0.0,1.0,0.0,10,0,20
45,2592,0.0,0.0,1.0,0.0,10,0,20
45,2593,0.0,0.0,1.0,0.0,10,0,20
45,2594,0.0,0.0,1.0,0.0,10,0,20
45,2595,0.0,0.0,1.0,0.0,10,0,20
45,2596,0.0,0.0,1.0,0.0,10,0,20
45,2597,0.0,0.0,1.0,0.0,10,0,20
45,2598,0.0,0.0,1.0,0.0,10,0,20
45,2599,0.0,0.0,1.0,0.0,10,0,20
45,2600,0.0,0.0,1.0,0.0,10,0,20
45,2601,0.0,0.0,1.0,0.0,10,0,20
45,2602,0.0,0.0,1.0,0.0,10,0,20
45,2603,0.0,0.0,1.0,0.0,10,0,20
45,2604,0.0,0.0,1.0,0.0,10,0,20
45,2605,0.0,0.0,1.0,0.0,10,0,20
45,2606,0.0,0.0,1.0,0.0,10,0,20
45,2607,0.0,0.0,1.0,0.0,10,0,20
45,2608,0.0,0.0,1.0,0.0,10,0,20
45,2609,0.0,0.0,1.0,0.0,10,0,20
45,2610,0.0,0.0,1.0,0.0,10,0,20
45,2611,0.0,0.0,1.0,0.0,10,0,20
45,2612,0.0,0.0,1.0,0.0,10,0,20
45,2613,0.0,0.0,1.0,0.0,10,0,20
45,2614,0.0,0.0,1.0,0.0,10,0,20
45,2615,0.0,0.0,1.0,0.0,10,0,20
45,2616,0.0,0.0,1.0,0.0,10,0,20
45,2617,0.0,0.0,1.0,0.0,10,0,20
45,2618,0.0,0.0,1.0,0.0,10,0,20
45,2619,0.0,0.0,1.0,0.0,10,0,20
45,2620,0.0,0.0,1.0,0.0,10,0,20
45,2621,0.0,0.0,1.0,0.0,10,0,20
45,2622,0.0,0.0,1.0,0.0,10,0,20
45,2623,0.0,0.0,1.0,0.0,10,0,20
45,2624,0.0,0.0,1.0,0.0,10,0,20
45,2625,0.0,0.0,1.0,0.0,10,0,20
45,2626,0.0,0.0,1.0,0.0,10,0,20
45,2627,0.0,0.0,1.0,0.0,10,0,20
45,2628,0.0,0.0,1.0,0.0,10,0,20
45,2629,0.0,0.0,1.0,0.0,10,0,20
45,2630,0.0,0.0,1.0,0.0,10,0,20
45,2631,0.0,0.0,1.0,0.0,10,0,20
45,2632,0.0,0.0,1.0,0.0,10,0,20
45,2633,0.0,0.0,1.0,0.0,10,0,20
45,2634,0.0,0.0,1.0,0.0,10,0,20
45,2635,0.0,0.0,1.0,0.0,10,0,20
45,2636,0.0,0.0,1.0,0.0,10,0,20
45,2637,0.0,0.0,1.0,0.0,10,0,20
45,2638,0.0,0.0,1.0,0.0,10,0,20
45,2639,0.0,0.0,1.0,0.0,10,0,20
45,2640,0.0,0.0,1.0,0.0,10,0,20
45,2641,0.0,0.0,1.0,0.0,10,0,20
45,2642,0.0,0.0,1.0,0.0,10,0,20
45,2643,0.0,0.0,1.0,0.0,10,0,20
45,2644,0.0,0.0,1.0,0.0,10,0,20
45,2645,0.0,0.0,1.0,0.0,10,0,20
45,2646,0.0,0.0,1.0,0.0,10,0,20
45,2647,0.0,0.0,1.0,0.0,10,0,20
45,2648,0.0,0.0,1.0,0.0,10,0,20
45,2649,0.0,0.0,1.0,0.0,10,0,20
45,2650,0.0,0.0,1.0,0.0,10,0,20
45,2651,0.0,0.0,1.0,0.0,10,0,20
45,2652,0.0,0.0,1.0,0.0,10,0,20
45,2653,0.0,0.0,1.0,0.0,10,0,20
45,2654,0.0,0.0,1.0,0.0,10,0,20
45,2655,0.0,0.0,1.0,0.0,10,0,20
45,2656,0.0,0.0,1.0,0.0,10,0,20
45,2657,0.0,0.0,1.0,0.0,10,0,20
45,2658,0.0,0.0,1.0,0.0,10,0,20
45,2659,0.0,0.0,1.0,0.0,10,0,20
45,2660,0.0,0.0,1.0,0.0,10,0,20
45,2661,0.0,0.0,1.0,0.0,10,0,20
45,2662,0.0,0.0,1.0,0.0,10,0,20
45,2663,0.0,0.0,1.0,0.0,10,0,20
45,2664,0.0,0.0,1.0,0.0,10,0,20
45,2665,0.0,0.0,1.0,0.0,10,0,20
45,2666,0.0,0.0,1.0,0.0,10,0,20
45,2667,0.0,0.0,1.0,0.0,10,0,20
45,2668,0.0,0.0,1.0,0.0,10,0,20
45,2669,0.0,0.0,1.0,0.0,10,0,20
45,2670,0.0,0.0,1.0,0.0,10,0,20
45,2671,0.0,0.0,1.0,0.0,10,0,20
45,2672,0.0,0.0,1.0,0.0,10,0,20
45,2673,0.0,0.0,1.0,0.0,10,0,20
45,2674,0.0,0.0,1.0,0.0,10,0,20
45,2675,0.0,0.0,1.0,0.0,10,0,20
45,2676,0.0,0.0,1.0,0.0,10,0,20
45,2677,0.0,0.0,1.0,0.0,10,0,20
45,2678,0.0,0.0,1.0,0.0,10,0,20
45,2679,0.0,0.0,1.0,0.0,10,0,20
45,2680,0.0,0.0,1.0,0.0,10,0,20
45,2681,0.0,0.0,1.0,0.0,10,0,20
45,2682,0.0,0.0,1.0,0.0,10,0,20
45,2683,0.0,0.0,1.0,0.0,10,0,20
45,2684,0.0,0.0,1.0,0.0,10,0,20
45,2685,0.0,0.0,1.0,0.0,10,0,20
45,2686,0.0,0.0,1.0,0.0,10,0,20
45,2687,0.0,0.0,1.0,0.0,10,0,20
45,2688,0.0,0.0,1.0,0.0,10,0,20
45,2689,0.0,0.0,1.0,0.0,10,0,20
45,2690,0.0,0.0,1.0,0.0,10,0,20
45,2691,0.0,0.0,1.0,0.0,10,0,20
45,2692,0.0,0.0,1.0,0.0,10,0,20
45,2693,0.0,0.0,1.0,0.0,10,0,20
45,2694,0.0,0.0,1.0,0.0,10,0,20
45,2695,0.0,0.0,1.0,0.0,10,0,20
45,2696,0.0,0.0,1.0,0.0,10,0,20
45,2697,0.0,0.0,1.0,0.0,10,0,20
45,2698,0.0,0.0,1.0,0.0,10,0,20
45,2699,0.0,0.0,1.0,0.0,10,0,20
45,2700,0.0,0.0,1.0,0.0,10,0,20
45,2701,0.0,0.0,1.0,0.0,10,0,20
45,2702,0.0,0.0,1.0,0.0,10,0,20
45,2703,0.0,0.0,1.0,0.0,10,0,20
45,2704,0.0,0.0,1.0,0.0,10,0,20
45,2705,0.0,0.0,1.0,0.0,10,0,20
45,2706,0.0,0.0,1.0,0.0,10,0,20
45,2707,0.0,0.0,1.0,0.0,10,0,20
45,2708,0.0,0.0,1.0,0.0,10,0,20
45,2709,0.0,0.0,1.0,0.0,10,0,20
45,2710,0.0,0.0,1.0,0.0,10,0,20
45,2711,0.0,0.0,1.0,0.0,10,0,20
45,2712,0.0,0.0,1.0,0.0,10,0,20
45,2713,0.0,0.0,1.0,0.0,10,0,20
45,2714,0.0,0.0,1.0,0.0,10,0,20
45,2715,0.0,0.0,1.0,0.0,10,0,20
45,2716,0.0,0.0,1.0,0.0,10,0,20
45,2717,0.0,0.0,1.0,0.0,10,0,20
45,2718,0.0,0.0,1.0,0.0,10,0,20
45,2719,0.0,0.0,1.0,0.0,10,0,20
45,2720,0.0,0.0,1.0,0.0,10,0,20
45,2721,0.0,0.0,1.0,0.0,10,0,20
45,2722,0.0,0.0,1.0,0.0,10,0,20
45,2723,0.0,0.0,1.0,0.0,10,0,20
45,2724,0.0,0.0,1.0,0.0,10,0,20
45,2725,0.0,0.0,1.0,0.0,10,0,20
45,2726,0.0,0.0,1.0,0.0,10,0,20
45,2727,0.0,0.0,1.0,0.0,10,0,20
45,2728,0.0,0.0,1.0,0.0,10,0,20
45,2729,0.0,0.0,1.0,0.0,10,0,20
45,2730,0.0,0.0,1.0,0.0,10,0,20
45,2731,0.0,0.0,1.0,0.0,10,0,20
45,2732,0.0,0.0,1.0,0.0,10,0,20
45,2733,0.0,0.0,1.0,0.0,10,0,20
45,2734,0.0,0.0,1.0,0.0,10,0,20
45,2735,0.0,0.0,1.0,0.0,10,0,20
45,2736,0.0,0.0,1.0,0.0,10,0,20
45,2737,0.0,0.0,1.0,0.0,10,0,20
45,2738,0.0,0.0,1.0,0.0,10,0,20
45,2739,0.0,0.0,1.0,0.0,10,0,20
45,2740,0.0,0.0,1.0,0.0,10,0,20
45,2741,0.0,0.0,1.0,0.0,10,0,20
45,2742,0.0,0.0,1.0,0.0,10,0,20
45,2743,0.0,0.0,1.0,0.0,10,0,20
45,2744,0.0,0.0,1.0,0.0,10,0,20
45,2745,0.0,0.0,1.0,0.0,10,0,20
45,2746,0.0,0.0,1.0,0.0,10,0,20
45,2747,0.0,0.0,1.0,0.0,10,0,20
45,2748,0.0,0.0,1.0,0.0,10,0,20
45,2749,0.0,0.0,1.0,0.0,10,0,20
45,2750,0.0,0.0,1.0,0.0,10,0,20
45,2751,0.0,0.0,1.0,0.0,10,0,20
45,2752,0.0,0.0,1.0,0.0,10,0,20
45,2753,0.0,0.0,1.0,0.0,10,0,20
45,2754,0.0,0.0,1.0,0.0,10,0,20
45,2755,0.0,0.0,1.0,0.0,10,0,20
45,2756,0.0,0.0,1.0,0.0,10,0,20
45,2757,0.0,0.0,1.0,0.0,10,0,20
45,2758,0.0,0.0,1.0,0.0,10,0,20
45,2759,0.0,0.0,1.0,0.0,10,0,20
45,2760,0.0,0.0,1.0,0.0,10,0,20
45,2761,0.0,0.0,1.0,0.0,10,0,20
45,2762,0.0,0.0,1.0,0.0,10,0,20
45,2763,0.0,0.0,1.0,0.0,10,0,20
45,2764,0.0,0.0,1.0,0.0,10,0,20
45,2765,0.0,0.0,1.0,0.0,10,0,20
45,2766,0.0,0.0,1.0,0.0,10,0,20
45,2767,0.0,0.0,1.0,0.0,10,0,20
45,2768,0.0,0.0,1.0,0.0,10,0,20
45,2769,0.0,0.0,1.0,0.0,10,0,20
45,2770,0.0,0.0,1.0,0.0,10,0,20
45,2771,0.0,0.0,1.0,0.0,10,0,20
45,2772,0.0,0.0,1.0,0.0,10,0,20
45,2773,0.0,0.0,1.0,0.0,10,0,20
45,2774,0.0,0.0,1.0,0.0,10,0,20
45,2775,0.0,0.0,1.0,0.0,10,0,20
45,2776,0.0,0.0,1.0,0.0,10,0,20
45,2777,0.0,0.0,1.0,0.0,10,0,20
45,2778,0.0,0.0,1.0,0.0,10,0,20
45,2779,0.0,0.0,1.0,0.0,10,0,20
45,2780,0.0,0.0,1.0,0.0,10,0,20
45,2781,0.0,0.0,1.0,0.0,10,0,20
45,2782,0.0,0.0,1.0,0.0,10,0,20
45,2783,0.0,0.0,1.0,0.0,10,0,20
45,2784,0.0,0.0,1.0,0.0,10,0,20
45,2785,0.0,0.0,1.0,0.0,10,0,20
45,2786,0.0,0.0,1.0,0.0,10,0,20
45,2787,0.0,0.0,1.0,0.0,10,0,20
45,2788,0.0,0.0,1.0,0.0,10,0,20
45,2789,0.0,0.0,1.0,0.0,10,0,20
45,2790,0.0,0.0,1.0,0.0,10,0,20
45,2791,0.0,0.0,1.0,0.0,10,0,20
45,2792,0.0,0.0,1.0,0.0,10,0,20
45,2793,0.0,0.0,1.0,0.0,10,0,20
45,2794,0.0,0.0,1.0,0.0,10,0,20
45,2795,0.0,0.0,1.0,0.0,10,0,20
45,2796,0.0,0.0,1.0,0.0,10,0,20
45,2797,0.0,0.0,1.0,0.0,10,0,20
45,2798,0.0,0.0,1.0,0.0,10,0,20
45,2799,0.0,0.0,1.0,0.0,10,0,20
45,2800,0.0,0.0,1.0,0.0,10,0,20
45,2801,0.0,0.0,1.0,0.0,10,0,20
45,2802,0.0,0.0,1.0,0.0,10,0,20
45,2803,0.0,0.0,1.0,0.0,10,0,20
45,2804,0.0,0.0,1.0,0.0,10,0,20
45,2805,0.0,0.0,1.0,0.0,10,0,20
45,2806,0.0,0.0,1.0,0.0,10,0,20
45,2807,0.0,0.0,1.0,0.0,10,0,20
45,2808,0.0,0.0,1.0,0.0,10,0,20
45,2809,0.0,0.0,1.0,0.0,10,0,20
45,2810,0.0,0.0,1.0,0.0,10,0,20
45,2811,0.0,0.0,1.0,0.0,10,0,20
45,2812,0.0,0.0,1.0,0.0,10,0,20
45,2813,0.0,0.0,1.0,0.0,10,0,20
45,2814,0.0,0.0,1.0,0.0,10,0,20
45,2815,0.0,0.0,1.0,0.0,10,0,20
45,2816,0.0,0.0,1.0,0.0,10,0,20
45,2817,0.0,0.0,1.0,0.0,10,0,20
45,2818,0.0,0.0,1.0,0.0,10,0,20
45,2819,0.0,0.0,1.0,0.0,10,0,20
45,2820,0.0,0.0,1.0,0.0,10,0,20
45,2821,0.0,0.0,1.0,0.0,10,0,20
45,2822,0.0,0.0,1.0,0.0,10,0,20
45,2823,0.0,0.0,1.0,0.0,10,0,20
45,2824,0.0,0.0,1.0,0.0,10,0,20
45,2825,0.0,0.0,1.0,0.0,10,0,20
45,2826,0.0,0.0,1.0,0.0,10,0,20
45,2827,0.0,0.0,1.0,0.0,10,0,20
45,2828,0.0,0.0,1.0,0.0,10,0,20
45,2829,0.0,0.0,1.0,0.0,10,0,20
45,2830,0.0,0.0,1.0,0.0,10,0,20
45,2831,0.0,0.0,1.0,0.0,10,0,20
45,2832,0.0,0.0,1.0,0.0,10,0,20
45,2833,0.0,0.0,1.0,0.0,10,0,20
45,2834,0.0,0.0,1.0,0.0,10,0,20
45,2835,0.0,0.0,1.0,0.0,10,0,20
45,2836,0.0,0.0,1.0,0.0,10,0,20
45,2837,0.0,0.0,1.0,0.0,10,0,20
45,2838,0.0,0.0,1.0,0.0,10,0,20
45,2839,0.0,0.0,1.0,0.0,10,0,20
45,2840,0.0,0.0,1.0,0.0,10,0,20
45,2841,0.0,0.0,1.0,0.0,10,0,20
45,2842,0.0,0.0,1.0,0.0,10,0,20
45,2843,0.0,0.0,1.0,0.0,10,0,20
45,2844,0.0,0.0,1.0,0.0,10,0,20
45,2845,0.0,0.0,1.0,0.0,10,0,20
45,2846,0.0,0.0,1.0,0.0,10,0,20
45,2847,0.0,0.0,1.0,0.0,10,0,20
45,2848,0.0,0.0,1.0,0.0,10,0,20
45,2849,0.0,0.0,1.0,0.0,10,0,20
45,2850,0.0,0.0,1.0,0.0,10,0,20
45,2851,0.0,0.0,1.0,0.0,10,0,20
45,2852,0.0,0.0,1.0,0.0,10,0,20
45,2853,0.0,0.0,1.0,0.0,10,0,20
45,2854,0.0,0.0,1.0,0.0,10,0,20
45,2855,0.0,0.0,1.0,0.0,10,0,20
45,2856,0.0,0.0,1.0,0.0,10,0,20
45,2857,0.0,0.0,1.0,0.0,10,0,20
45,2858,0.0,0.0,1.0,0.0,10,0,20
45,2859,0.0,0.0,1.0,0.0,10,0,20
45,2860,0.0,0.0,1.0,0.0,10,0,20
45,2861,0.0,0.0,1.0,0.0,10,0,20
45,2862,0.0,0.0,1.0,0.0,10,0,20
45,2863,0.0,0.0,1.0,0.0,10,0,20
45,2864,0.0,0.0,1.0,0.0,10,0,20
45,2865,0.0,0.0,1.0,0.0,10,0,20
45,2866,0.0,0.0,1.0,0.0,10,0,20
45,2867,0.0,0.0,1.0,0.0,10,0,20
45,2868,0.0,0.0,1.0,0.0,10,0,20
45,2869,0.0,0.0,1.0,0.0,10,0,20
45,2870,0.0,0.0,1.0,0.0,10,0,20
45,2871,0.0,0.0,1.0,0.0,10,0,20
45,2872,0.0,0.0,1.0,0.0,10,0,20
45,2873,0.0,0.0,1.0,0.0,10,0,20
45,2874,0.0,0.0,1.0,0.0,10,0,20
45,2875,0.0,0.0,1.0,0.0,10,0,20
45,2876,0.0,0.0,1.0,0.0,10,0,20
45,2877,0.0,0.0,1.0,0.0,10,0,20
45,2878,0.0,0.0,1.0,0.0,10,0,20
45,2879,0.0,0.0,1.0,0.0,10,0,20
45,2880,0.0,0.0,1.0,0.0,10,0,20
45,2881,0.0,0.0,1.0,0.0,10,0,20
45,2882,0.0,0.0,1.0,0.0,10,0,20
45,2883,0.0,0.0,1.0,0.0,10,0,20
45,2884,0.0,0.0,1.0,0.0,10,0,20
45,2885,0.0,0.0,1.0,0.0,10,0,20
45,2886,0.0,0.0,1.0,0.0,10,0,20
45,2887,0.0,0.0,1.0,0.0,10,0,20
45,2888,0.0,0.0,1.0,0.0,10,0,20
45,2889,0.0,0.0,1.0,0.0,10,0,20
45,2890,0.0,0.0,1.0,0.0,10,0,20
45,2891,0.0,0.0,1.0,0.0,10,0,20
45,2892,0.0,0.0,1.0,0.0,10,0,20
45,2893,0.0,0.0,1.0,0.0,10,0,20
45,2894,0.0,0.0,1.0,0.0,10,0,20
45,2895,0.0,0.0,1.0,0.0,10,0,20
45,2896,0.0,0.0,1.0,0.0,10,0,20
45,2897,0.0,0.0,1.0,0.0,10,0,20
45,2898,0.0,0.0,1.0,0.0,10,0,20
45,2899,0.0,0.0,1.0,0.0,10,0,20
45,2900,0.0,0.0,1.0,0.0,10,0,20
45,2901,0.0,0.0,1.0,0.0,10,0,20
45,2902,0.0,0.0,1.0,0.0,10,0,20
45,2903,0.0,0.0,1.0,0.0,10,0,20
45,2904,0.0,0.0,1.0,0.0,10,0,20
45,2905,0.0,0.0,1.0,0.0,10,0,20
45,2906,0.0,0.0,1.0,0.0,10,0,20
45,2907,0.0,0.0,1.0,0.0,10,0,20
45,2908,0.0,0.0,1.0,0.0,10,0,20
45,2909,0.0,0.0,1.0,0.0,10,0,20
45,2910,0.0,0.0,1.0,0.0,10,0,20
45,2911,0.0,0.0,1.0,0.0,10,0,20
45,2912,0.0,0.0,1.0,0.0,10,0,20
45,2913,0.0,0.0,1.0,0.0,10,0,20
45,2914,0.0,0.0,1.0,0.0,10,0,20
45,2915,0.0,0.0,1.0,0.0,10,0,20
45,2916,0.0,0.0,1.0,0.0,10,0,20
45,2917,0.0,0.0,1.0,0.0,10,0,20
45,2918,0.0,0.0,1.0,0.0,10,0,20
45,2919,0.0,0.0,1.0,0.0,10,0,20
45,2920,0.0,0.0,1.0,0.0,10,0,20
45,2921,0.0,0.0,1.0,0.0,10,0,20
45,2922,0.0,0.0,1.0,0.0,10,0,20
45,2923,0.0,0.0,1.0,0.0,10,0,20
45,2924,0.0,0.0,1.0,0.0,10,0,20
45,2925,0.0,0.0,1.0,0.0,10,0,20
45,2926,0.0,0.0,1.0,0.0,10,0,20
45,2927,0.0,0.0,1.0,0.0,10,0,20
45,2928,0.0,0.0,1.0,0.0,10,0,20
45,2929,0.0,0.0,1.0,0.0,10,0,20
45,2930,0.0,0.0,1.0,0.0,10,0,20
45,2931,0.0,0.0,1.0,0.0,10,0,20
45,2932,0.0,0.0,1.0,0.0,10,0,20
45,2933,0.0,0.0,1.0,0.0,10,0,20
45,2934,0.0,0.0,1.0,0.0,10,0,20
45,2935,0.0,0.0,1.0,0.0,10,0,20
45,2936,0.0,0.0,1.0,0.0,10,0,20
45,2937,0.0,0.0,1.0,0.0,10,0,20
45,2938,0.0,0.0,1.0,0.0,10,0,20
45,2939,0.0,0.0,1.0,0.0,10,0,20
45,2940,0.0,0.0,1.0,0.0,10,0,20
45,2941,0.0,0.0,1.0,0.0,10,0,20
45,2942,0.0,0.0,1.0,0.0,10,0,20
45,2943,0.0,0.0,1.0,0.0,10,0,20
45,2944,0.0,0.0,1.0,0.0,10,0,20
45,2945,0.0,0.0,1.0,0.0,10,0,20
45,2946,0.0,0.0,1.0,0.0,10,0,20
45,2947,0.0,0.0,1.0,0.0,10,0,20
45,2948,0.0,0.0,1.0,0.0,10,0,20
45,2949,0.0,0.0,1.0,0.0,10,0,20
45,2950,0.0,0.0,1.0,0.0,10,0,20
45,2951,0.0,0.0,1.0,0.0,10,0,20
45,2952,0.0,0.0,1.0,0.0,10,0,20
45,2953,0.0,0.0,1.0,0.0,10,0,20
45,2954,0.0,0.0,1.0,0.0,10,0,20
45,2955,0.0,0.0,1.0,0.0,10,0,20
45,2956,0.0,0.0,1.0,0.0,10,0,20
45,2957,0.0,0.0,1.0,0.0,10,0,20
45,2958,0.0,0.0,1.0,0.0,10,0,20
45,2959,0.0,0.0,1.0,0.0,10,0,20
45,2960,0.0,0.0,1.0,0.0,10,0,20
45,2961,0.0,0.0,1.0,0.0,10,0,20
45,2962,0.0,0.0,1.0,0.0,10,0,20
45,2963,0.0,0.0,1.0,0.0,10,0,20
45,2964,0.0,0.0,1.0,0.0,10,0,20
45,2965,0.0,0.0,1.0,0.0,10,0,20
45,2966,0.0,0.0,1.0,0.0,10,0,20
45,2967,0.0,0.0,1.0,0.0,10,0,20
45,2968,0.0,0.0,1.0,0.0,10,0,20
45,2969,0.0,0.0,1.0,0.0,10,0,20
45,2970,0.0,0.0,1.0,0.0,10,0,20
45,2971,0.0,0.0,1.0,0.0,10,0,20
45,2972,0.0,0.0,1.0,0.0,10,0,20
45,2973,0.0,0.0,1.0,0.0,10,0,20
45,2974,0.0,0.0,1.0,0.0,10,0,20
45,2975,0.0,0.0,1.0,0.0,10,0,20
45,2976,0.0,0.0,1.0,0.0,10,0,20
45,2977,0.0,0.0,1.0,0.0,10,0,20
45,2978,0.0,0.0,1.0,0.0,10,0,20
45,2979,0.0,0.0,1.0,0.0,10,0,20
45,2980,0.0,0.0,1.0,0.0,10,0,20
45,2981,0.0,0.0,1.0,0.0,10,0,20
45,2982,0.0,0.0,1.0,0.0,10,0,20
45,2983,0.0,0.0,1.0,0.0,10,0,20
45,2984,0.0,0.0,1.0,0.0,10,0,20
45,2985,0.0,0.0,1.0,0.0,10,0,20
45,2986,0.0,0.0,1.0,0.0,10,0,20
45,2987,0.0,0.0,1.0,0.0,10,0,20
45,2988,0.0,0.0,1.0,0.0,10,0,20
45,2989,0.0,0.0,1.0,0.0,10,0,20
45,2990,0.0,0.0,1.0,0.0,10,0,20
45,2991,0.0,0.0,1.0,0.0,10,0,20
45,2992,0.0,0.0,1.0,0.0,10,0,20
45,2993,0.0,0.0,1.0,0.0,10,0,20
45,2994,0.0,0.0,1.0,0.0,10,0,20
45,2995,0.0,0.0,1.0,0.0,10,0,20
45,2996,0.0,0.0,1.0,0.0,10,0,20
45,2997,0.0,0.0,1.0,0.0,10,0,20
45,2998,0.0,0.0,1.0,0.0,10,0,20
45,2999,0.0,0.0,1.0,0.0,10,0,20
45,3000,0.0,0.0,1.0,0.0,10,0,20
45,3001,0.0,0.0,1.0,0.0,10,0,20
45,3002,0.0,0.0,1.0,0.0,10,0,20
45,3003,0.0,0.0,1.0,0.0,10,0,20
45,3004,0.0,0.0,1.0,0.0,10,0,20
45,3005,0.0,0.0,1.0,0.0,10,0,20
45,3006,0.0,0.0,1.0,0.0,10,0,20
45,3007,0.0,0.0,1.0,0.0,10,0,20
45,3008,0.0,0.0,1.0,0.0,10,0,20
45,3009,0.0,0.0,1.0,0.0,10,0,20
45,3010,0.0,0.0,1.0,0.0,10,0,20
45,3011,0.0,0.0,1.0,0.0,10,0,20
45,3012,0.0,0.0,1.0,0.0,10,0,20
45,3013,0.0,0.0,1.0,0.0,10,0,20
45,3014,0.0,0.0,1.0,0.0,10,0,20
45,3015,0.0,0.0,1.0,0.0,10,0,20
45,3016,0.0,0.0,1.0,0.0,10,0,20
45,3017,0.0,0.0,1.0,0.0,10,0,20
45,3018,0.0,0.0,1.0,0.0,10,0,20
45,3019,0.0,0.0,1.0,0.0,10,0,20
45,3020,0.0,0.0,1.0,0.0,10,0,20
45,3021,0.0,0.0,1.0,0.0,10,0,20
45,3022,0.0,0.0,1.0,0.0,10,0,20
45,3023,0.0,0.0,1.0,0.0,10,0,20
45,3024,0.0,0.0,1.0,0.0,10,0,20
45,3025,0.0,0.0,1.0,0.0,10,0,20
45,3026,0.0,0.0,1.0,0.0,10,0,20
45,3027,0.0,0.0,1.0,0.0,10,0,20
45,3028,0.0,0.0,1.0,0.0,10,0,20
45,3029,0.0,0.0,1.0,0.0,10,0,20
45,3030,0.0,0.0,1.0,0.0,10,0,20
45,3031,0.0,0.0,1.0,0.0,10,0,20
45,3032,0.0,0.0,1.0,0.0,10,0,20
45,3033,0.0,0.0,1.0,0.0,10,0,20
45,3034,0.0,0.0,1.0,0.0,10,0,20
45,3035,0.0,0.0,1.0,0.0,10,0,20
45,3036,0.0,0.0,1.0,0.0,10,0,20
45,3037,0.0,0.0,1.0,0.0,10,0,20
45,3038,0.0,0.0,1.0,0.0,10,0,20
45,3039,0.0,0.0,1.0,0.0,10,0,20
45,3040,0.0,0.0,1.0,0.0,10,0,20
45,3041,0.0,0.0,1.0,0.0,10,0,20
45,3042,0.0,0.0,1.0,0.0,10,0,20
45,3043,0.0,0.0,1.0,0.0,10,0,20
45,3044,0.0,0.0,1.0,0.0,10,0,20
45,3045,0.0,0.0,1.0,0.0,10,0,20
45,3046,0.0,0.0,1.0,0.0,10,0,20
45,3047,0.0,0.0,1.0,0.0,10,0,20
45,3048,0.0,0.0,1.0,0.0,10,0,20
45,3049,0.0,0.0,1.0,0.0,10,0,20
45,3050,0.0,0.0,1.0,0.0,10,0,20
45,3051,0.0,0.0,1.0,0.0,10,0,20
45,3052,0.0,0.0,1.0,0.0,10,0,20
45,3053,0.0,0.0,1.0,0.0,10,0,20
45,3054,0.0,0.0,1.0,0.0,10,0,20
45,3055,0.0,0.0,1.0,0.0,10,0,20
45,3056,0.0,0.0,1.0,0.0,10,0,20
45,3057,0.0,0.0,1.0,0.0,10,0,20
45,3058,0.0,0.0,1.0,0.0,10,0,20
45,3059,0.0,0.0,1.0,0.0,10,0,20
45,3060,0.0,0.0,1.0,0.0,10,0,20
45,3061,0.0,0.0,1.0,0.0,10,0,20
45,3062,0.0,0.0,1.0,0.0,10,0,20
45,3063,0.0,0.0,1.0,0.0,10,0,20
45,3064,0.0,0.0,1.0,0.0,10,0,20
45,3065,0.0,0.0,1.0,0.0,10,0,20
45,3066,0.0,0.0,1.0,0.0,10,0,20
45,3067,0.0,0.0,1.0,0.0,10,0,20
45,3068,0.0,0.0,1.0,0.0,10,0,20
45,3069,0.0,0.0,1.0,0.0,10,0,20
45,3070,0.0,0.0,1.0,0.0,10,0,20
45,3071,0.0,0.0,1.0,0.0,10,0,20
45,3072,0.0,0.0,1.0,0.0,10,0,20
45,3073,0.0,0.0,1.0,0.0,10,0,20
45,3074,0.0,0.0,1.0,0.0,10,0,20
45,3075,0.0,0.0,1.0,0.0,10,0,20
45,3076,0.0,0.0,1.0,0.0,10,0,20
45,3077,0.0,0.0,1.0,0.0,10,0,20
45,3078,0.0,0.0,1.0,0.0,10,0,20
45,3079,0.0,0.0,1.0,0.0,10,0,20
45,3080,0.0,0.0,1.0,0.0,10,0,20
45,3081,0.0,0.0,1.0,0.0,10,0,20
45,3082,0.0,0.0,1.0,0.0,10,0,20
45,3083,0.0,0.0,1.0,0.0,10,0,20
45,3084,0.0,0.0,1.0,0.0,10,0,20
45,3085,0.0,0.0,1.0,0.0,10,0,20
45,3086,0.0,0.0,1.0,0.0,10,0,20
45,3087,0.0,0.0,1.0,0.0,10,0,20
45,3088,0.0,0.0,1.0,0.0,10,0,20
45,3089,0.0,0.0,1.0,0.0,10,0,20
45,3090,0.0,0.0,1.0,0.0,10,0,20
45,3091,0.0,0.0,1.0,0.0,10,0,20
45,3092,0.0,0.0,1.0,0.0,10,0,20
45,3093,0.0,0.0,1.0,0.0,10,0,20
45,3094,0.0,0.0,1.0,0.0,10,0,20
45,3095,0.0,0.0,1.0,0.0,10,0,20
45,3096,0.0,0.0,1.0,0.0,10,0,20
45,3097,0.0,0.0,1.0,0.0,10,0,20
45,3098,0.0,0.0,1.0,0.0,10,0,20
45,3099,0.0,0.0,1.0,0.0,10,0,20
45,3100,0.0,0.0,1.0,0.0,10,0,20
45,3101,0.0,0.0,1.0,0.0,10,0,20
45,3102,0.0,0.0,1.0,0.0,10,0,20
45,3103,0.0,0.0,1.0,0.0,10,0,20
45,3104,0.0,0.0,1.0,0.0,10,0,20
45,3105,0.0,0.0,1.0,0.0,10,0,20
45,3106,0.0,0.0,1.0,0.0,10,0,20
45,3107,0.0,0.0,1.0,0.0,10,0,20
45,3108,0.0,0.0,1.0,0.0,10,0,20
45,3109,0.0,0.0,1.0,0.0,10,0,20
45,3110,0.0,0.0,1.0,0.0,10,0,20
45,3111,0.0,0.0,1.0,0.0,10,0,20
45,3112,0.0,0.0,1.0,0.0,10,0,20
45,3113,0.0,0.0,1.0,0.0,10,0,20
45,3114,0.0,0.0,1.0,0.0,10,0,20
45,3115,0.0,0.0,1.0,0.0,10,0,20
45,3116,0.0,0.0,1.0,0.0,10,0,20
45,3117,0.0,0.0,1.0,0.0,10,0,20
45,3118,0.0,0.0,1.0,0.0,10,0,20
45,3119,0.0,0.0,1.0,0.0,10,0,20
45,3120,0.0,0.0,1.0,0.0,10,0,20
45,3121,0.0,0.0,1.0,0.0,10,0,20
45,3122,0.0,0.0,1.0,0.0,10,0,20
45,3123,0.0,0.0,1.0,0.0,10,0,20
45,3124,0.0,0.0,1.0,0.0,10,0,20
45,3125,0.0,0.0,1.0,0.0,10,0,20
45,3126,0.0,0.0,1.0,0.0,10,0,20
45,3127,0.0,0.0,1.0,0.0,10,0,20
45,3128,0.0,0.0,1.0,0.0,10,0,20
45,3129,0.0,0.0,1.0,0.0,10,0,20
45,3130,0.0,0.0,1.0,0.0,10,0,20
45,3131,0.0,0.0,1.0,0.0,10,0,20
45,3132,0.0,0.0,1.0,0.0,10,0,20
45,3133,0.0,0.0,1.0,0.0,10,0,20
45,3134,0.0,0.0,1.0,0.0,10,0,20
45,3135,0.0,0.0,1.0,0.0,10,0,20
45,3136,0.0,0.0,1.0,0.0,10,0,20
45,3137,0.0,0.0,1.0,0.0,10,0,20
45,3138,0.0,0.0,1.0,0.0,10,0,20
45,3139,0.0,0.0,1.0,0.0,10,0,20
45,3140,0.0,0.0,1.0,0.0,10,0,20
45,3141,0.0,0.0,1.0,0.0,10,0,20
45,3142,0.0,0.0,1.0,0.0,10,0,20
45,3143,0.0,0.0,1.0,0.0,10,0,20
45,3144,0.0,0.0,1.0,0.0,10,0,20
45,3145,0.0,0.0,1.0,0.0,10,0,20
45,3146,0.0,0.0,1.0,0.0,10,0,20
45,3147,0.0,0.0,1.0,0.0,10,0,20
45,3148,0.0,0.0,1.0,0.0,10,0,20
45,3149,0.0,0.0,1.0,0.0,10,0,20
45,3150,0.0,0.0,1.0,0.0,10,0,20
45,3151,0.0,0.0,1.0,0.0,10,0,20
45,3152,0.0,0.0,1.0,0.0,10,0,20
45,3153,0.0,0.0,1.0,0.0,10,0,20
45,3154,0.0,0.0,1.0,0.0,10,0,20
45,3155,0.0,0.0,1.0,0.0,10,0,20
45,3156,0.0,0.0,1.0,0.0,10,0,20
45,3157,0.0,0.0,1.0,0.0,10,0,20
45,3158,0.0,0.0,1.0,0.0,10,0,20
45,3159,0.0,0.0,1.0,0.0,10,0,20
45,3160,0.0,0.0,1.0,0.0,10,0,20
45,3161,0.0,0.0,1.0,0.0,10,0,20
45,3162,0.0,0.0,1.0,0.0,10,0,20
45,3163,0.0,0.0,1.0,0.0,10,0,20
45,3164,0.0,0.0,1.0,0.0,10,0,20
45,3165,0.0,0.0,1.0,0.0,10,0,20
45,3166,0.0,0.0,1.0,0.0,10,0,20
45,3167,0.0,0.0,1.0,0.0,10,0,20
45,3168,0.0,0.0,1.0,0.0,10,0,20
45,3169,0.0,0.0,1.0,0.0,10,0,20
45,3170,0.0,0.0,1.0,0.0,10,0,20
45,3171,0.0,0.0,1.0,0.0,10,0,20
45,3172,0.0,0.0,1.0,0.0,10,0,20
45,3173,0.0,0.0,1.0,0.0,10,0,20
45,3174,0.0,0.0,1.0,0.0,10,0,20
45,3175,0.0,0.0,1.0,0.0,10,0,20
45,3176,0.0,0.0,1.0,0.0,10,0,20
45,3177,0.0,0.0,1.0,0.0,10,0,20
45,3178,0.0,0.0,1.0,0.0,10,0,20
45,3179,0.0,0.0,1.0,0.0,10,0,20
45,3180,0.0,0.0,1.0,0.0,10,0,20
45,3181,0.0,0.0,1.0,0.0,10,0,20
45,3182,0.0,0.0,1.0,0.0,10,0,20
45,3183,0.0,0.0,1.0,0.0,10,0,20
45,3184,0.0,0.0,1.0,0.0,10,0,20
45,3185,0.0,0.0,1.0,0.0,10,0,20
45,3186,0.0,0.0,1.0,0.0,10,0,20
45,3187,0.0,0.0,1.0,0.0,10,0,20
45,3188,0.0,0.0,1.0,0.0,10,0,20
45,3189,0.0,0.0,1.0,0.0,10,0,20
45,3190,0.0,0.0,1.0,0.0,10,0,20
45,3191,0.0,0.0,1.0,0.0,10,0,20
45,3192,0.0,0.0,1.0,0.0,10,0,20
45,3193,0.0,0.0,1.0,0.0,10,0,20
45,3194,0.0,0.0,1.0,0.0,10,0,20
45,3195,0.0,0.0,1.0,0.0,10,0,20
45,3196,0.0,0.0,1.0,0.0,10,0,20
45,3197,0.0,0.0,1.0,0.0,10,0,20
45,3198,0.0,0.0,1.0,0.0,10,0,20
45,3199,0.0,0.0,1.0,0.0,10,0,20
45,3200,0.0,0.0,1.0,0.0,10,0,20
45,3201,0.0,0.0,1.0,0.0,10,0,20
45,3202,0.0,0.0,1.0,0.0,10,0,20
45,3203,0.0,0.0,1.0,0.0,10,0,20
45,3204,0.0,0.0,1.0,0.0,10,0,20
45,3205,0.0,0.0,1.0,0.0,10,0,20
45,3206,0.0,0.0,1.0,0.0,10,0,20
45,3207,0.0,0.0,1.0,0.0,10,0,20
45,3208,0.0,0.0,1.0,0.0,10,0,20
45,3209,0.0,0.0,1.0,0.0,10,0,20
45,3210,0.0,0.0,1.0,0.0,10,0,20
45,3211,0.0,0.0,1.0,0.0,10,0,20
45,3212,0.0,0.0,1.0,0.0,10,0,20
45,3213,0.0,0.0,1.0,0.0,10,0,20
45,3214,0.0,0.0,1.0,0.0,10,0,20
45,3215,0.0,0.0,1.0,0.0,10,0,20
45,3216,0.0,0.0,1.0,0.0,10,0,20
45,3217,0.0,0.0,1.0,0.0,10,0,20
45,3218,0.0,0.0,1.0,0.0,10,0,20
45,3219,0.0,0.0,1.0,0.0,10,0,20
45,3220,0.0,0.0,1.0,0.0,10,0,20
45,3221,0.0,0.0,1.0,0.0,10,0,20
45,3222,0.0,0.0,1.0,0.0,10,0,20
45,3223,0.0,0.0,1.0,0.0,10,0,20
45,3224,0.0,0.0,1.0,0.0,10,0,20
45,3225,0.0,0.0,1.0,0.0,10,0,20
45,3226,0.0,0.0,1.0,0.0,10,0,20
45,3227,0.0,0.0,1.0,0.0,10,0,20
45,3228,0.0,0.0,1.0,0.0,10,0,20
45,3229,0.0,0.0,1.0,0.0,10,0,20
45,3230,0.0,0.0,1.0,0.0,10,0,20
45,3231,0.0,0.0,1.0,0.0,10,0,20
45,3232,0.0,0.0,1.0,0.0,10,0,20
45,3233,0.0,0.0,1.0,0.0,10,0,20
45,3234,0.0,0.0,1.0,0.0,10,0,20
45,3235,0.0,0.0,1.0,0.0,10,0,20
45,3236,0.0,0.0,1.0,0.0,10,0,20
45,3237,0.0,0.0,1.0,0.0,10,0,20
45,3238,0.0,0.0,1.0,0.0,10,0,20
45,3239,0.0,0.0,1.0,0.0,10,0,20
45,3240,0.0,0.0,1.0,0.0,10,0,20
45,3241,0.0,0.0,1.0,0.0,10,0,20
45,3242,0.0,0.0,1.0,0.0,10,0,20
45,3243,0.0,0.0,1.0,0.0,10,0,20
45,3244,0.0,0.0,1.0,0.0,10,0,20
45,3245,0.0,0.0,1.0,0.0,10,0,20
45,3246,0.0,0.0,1.0,0.0,10,0,20
45,3247,0.0,0.0,1.0,0.0,10,0,20
45,3248,0.0,0.0,1.0,0.0,10,0,20
45,3249,0.0,0.0,1.0,0.0,10,0,20
45,3250,0.0,0.0,1.0,0.0,10,0,20
45,3251,0.0,0.0,1.0,0.0,10,0,20
45,3252,0.0,0.0,1.0,0.0,10,0,20
45,3253,0.0,0.0,1.0,0.0,10,0,20
45,3254,0.0,0.0,1.0,0.0,10,0,20
45,3255,0.0,0.0,1.0,0.0,10,0,20
45,3256,0.0,0.0,1.0,0.0,10,0,20
45,3257,0.0,0.0,1.0,0.0,10,0,20
45,3258,0.0,0.0,1.0,0.0,10,0,20
45,3259,0.0,0.0,1.0,0.0,10,0,20
45,3260,0.0,0.0,1.0,0.0,10,0,20
45,3261,0.0,0.0,1.0,0.0,10,0,20
45,3262,0.0,0.0,1.0,0.0,10,0,20
45,3263,0.0,0.0,1.0,0.0,10,0,20
45,3264,0.0,0.0,1.0,0.0,10,0,20
45,3265,0.0,0.0,1.0,0.0,10,0,20
45,3266,0.0,0.0,1.0,0.0,10,0,20
45,3267,0.0,0.0,1.0,0.0,10,0,20
45,3268,0.0,0.0,1.0,0.0,10,0,20
45,3269,0.0,0.0,1.0,0.0,10,0,20
45,3270,0.0,0.0,1.0,0.0,10,0,20
45,3271,0.0,0.0,1.0,0.0,10,0,20
45,3272,0.0,0.0,1.0,0.0,10,0,20
45,3273,0.0,0.0,1.0,0.0,10,0,20
45,3274,0.0,0.0,1.0,0.0,10,0,20
45,3275,0.0,0.0,1.0,0.0,10,0,20
45,3276,0.0,0.0,1.0,0.0,10,0,20
45,3277,0.0,0.0,1.0,0.0,10,0,20
45,3278,0.0,0.0,1.0,0.0,10,0,20
45,3279,0.0,0.0,1.0,0.0,10,0,20
45,3280,0.0,0.0,1.0,0.0,10,0,20
45,3281,0.0,0.0,1.0,0.0,10,0,20
45,3282,0.0,0.0,1.0,0.0,10,0,20
45,3283,0.0,0.0,1.0,0.0,10,0,20
45,3284,0.0,0.0,1.0,0.0,10,0,20
45,3285,0.0,0.0,1.0,0.0,10,0,20
45,3286,0.0,0.0,1.0,0.0,10,0,20
45,3287,0.0,0.0,1.0,0.0,10,0,20
45,3288,0.0,0.0,1.0,0.0,10,0,20
45,3289,0.0,0.0,1.0,0.0,10,0,20
45,3290,0.0,0.0,1.0,0.0,10,0,20
45,3291,0.0,0.0,1.0,0.0,10,0,20
45,3292,0.0,0.0,1.0,0.0,10,0,20
45,3293,0.0,0.0,1.0,0.0,10,0,20
45,3294,0.0,0.0,1.0,0.0,10,0,20
45,3295,0.0,0.0,1.0,0.0,10,0,20
45,3296,0.0,0.0,1.0,0.0,10,0,20
45,3297,0.0,0.0,1.0,0.0,10,0,20
45,3298,0.0,0.0,1.0,0.0,10,0,20
45,3299,0.0,0.0,1.0,0.0,10,0,20
45,3300,0.0,0.0,1.0,0.0,10,0,20
45,3301,0.0,0.0,1.0,0.0,10,0,20
45,3302,0.0,0.0,1.0,0.0,10,0,20
45,3303,0.0,0.0,1.0,0.0,10,0,20
45,3304,0.0,0.0,1.0,0.0,10,0,20
45,3305,0.0,0.0,1.0,0.0,10,0,20
45,3306,0.0,0.0,1.0,0.0,10,0,20
45,3307,0.0,0.0,1.0,0.0,10,0,20
45,3308,0.0,0.0,1.0,0.0,10,0,20
45,3309,0.0,0.0,1.0,0.0,10,0,20
45,3310,0.0,0.0,1.0,0.0,10,0,20
45,3311,0.0,0.0,1.0,0.0,10,0,20
45,3312,0.0,0.0,1.0,0.0,10,0,20
45,3313,0.0,0.0,1.0,0.0,10,0,20
45,3314,0.0,0.0,1.0,0.0,10,0,20
45,3315,0.0,0.0,1.0,0.0,10,0,20
45,3316,0.0,0.0,1.0,0.0,10,0,20
45,3317,0.0,0.0,1.0,0.0,10,0,20
45,3318,0.0,0.0,1.0,0.0,10,0,20
45,3319,0.0,0.0,1.0,0.0,10,0,20
45,3320,0.0,0.0,1.0,0.0,10,0,20
45,3321,0.0,0.0,1.0,0.0,10,0,20
45,3322,0.0,0.0,1.0,0.0,10,0,20
45,3323,0.0,0.0,1.0,0.0,10,0,20
45,3324,0.0,0.0,1.0,0.0,10,0,20
45,3325,0.0,0.0,1.0,0.0,10,0,20
45,3326,0.0,0.0,1.0,0.0,10,0,20
45,3327,0.0,0.0,1.0,0.0,10,0,20
45,3328,0.0,0.0,1.0,0.0,10,0,20
45,3329,0.0,0.0,1.0,0.0,10,0,20
45,3330,0.0,0.0,1.0,0.0,10,0,20
45,3331,0.0,0.0,1.0,0.0,10,0,20
45,3332,0.0,0.0,1.0,0.0,10,0,20
45,3333,0.0,0.0,1.0,0.0,10,0,20
45,3334,0.0,0.0,1.0,0.0,10,0,20
45,3335,0.0,0.0,1.0,0.0,10,0,20
45,3336,0.0,0.0,1.0,0.0,10,0,20
45,3337,0.0,0.0,1.0,0.0,10,0,20
45,3338,0.0,0.0,1.0,0.0,10,0,20
45,3339,0.0,0.0,1.0,0.0,10,0,20
45,3340,0.0,0.0,1.0,0.0,10,0,20
45,3341,0.0,0.0,1.0,0.0,10,0,20
45,3342,0.0,0.0,1.0,0.0,10,0,20
45,3343,0.0,0.0,1.0,0.0,10,0,20
45,3344,0.0,0.0,1.0,0.0,10,0,20
45,3345,0.0,0.0,1.0,0.0,10,0,20
45,3346,0.0,0.0,1.0,0.0,10,0,20
45,3347,0.0,0.0,1.0,0.0,10,0,20
45,3348,0.0,0.0,1.0,0.0,10,0,20
45,3349,0.0,0.0,1.0,0.0,10,0,20
45,3350,0.0,0.0,1.0,0.0,10,0,20
45,3351,0.0,0.0,1.0,0.0,10,0,20
45,3352,0.0,0.0,1.0,0.0,10,0,20
45,3353,0.0,0.0,1.0,0.0,10,0,20
45,3354,0.0,0.0,1.0,0.0,10,0,20
45,3355,0.0,0.0,1.0,0.0,10,0,20
45,3356,0.0,0.0,1.0,0.0,10,0,20
45,3357,0.0,0.0,1.0,0.0,10,0,20
45,3358,0.0,0.0,1.0,0.0,10,0,20
45,3359,0.0,0.0,1.0,0.0,10,0,20
45,3360,0.0,0.0,1.0,0.0,10,0,20
45,3361,0.0,0.0,1.0,0.0,10,0,20
45,3362,0.0,0.0,1.0,0.0,10,0,20
45,3363,0.0,0.0,1.0,0.0,10,0,20
45,3364,0.0,0.0,1.0,0.0,10,0,20
45,3365,0.0,0.0,1.0,0.0,10,0,20
45,3366,0.0,0.0,1.0,0.0,10,0,20
45,3367,0.0,0.0,1.0,0.0,10,0,20
45,3368,0.0,0.0,1.0,0.0,10,0,20
45,3369,0.0,0.0,1.0,0.0,10,0,20
45,3370,0.0,0.0,1.0,0.0,10,0,20
45,3371,0.0,0.0,1.0,0.0,10,0,20
45,3372,0.0,0.0,1.0,0.0,10,0,20
45,3373,0.0,0.0,1.0,0.0,10,0,20
45,3374,0.0,0.0,1.0,0.0,10,0,20
45,3375,0.0,0.0,1.0,0.0,10,0,20
45,3376,0.0,0.0,1.0,0.0,10,0,20
45,3377,0.0,0.0,1.0,0.0,10,0,20
45,3378,0.0,0.0,1.0,0.0,10,0,20
45,3379,0.0,0.0,1.0,0.0,10,0,20
45,3380,0.0,0.0,1.0,0.0,10,0,20
45,3381,0.0,0.0,1.0,0.0,10,0,20
45,3382,0.0,0.0,1.0,0.0,10,0,20
45,3383,0.0,0.0,1.0,0.0,10,0,20
45,3384,0.0,0.0,1.0,0.0,10,0,20
45,3385,0.0,0.0,1.0,0.0,10,0,20
45,3386,0.0,0.0,1.0,0.0,10,0,20
45,3387,0.0,0.0,1.0,0.0,10,0,20
45,3388,0.0,0.0,1.0,0.0,10,0,20
45,3389,0.0,0.0,1.0,0.0,10,0,20
45,3390,0.0,0.0,1.0,0.0,10,0,20
45,3391,0.0,0.0,1.0,0.0,10,0,20
45,3392,0.0,0.0,1.0,0.0,10,0,20
45,3393,0.0,0.0,1.0,0.0,10,0,20
45,3394,0.0,0.0,1.0,0.0,10,0,20
45,3395,0.0,0.0,1.0,0.0,10,0,20
45,3396,0.0,0.0,1.0,0.0,10,0,20
45,3397,0.0,0.0,1.0,0.0,10,0,20
45,3398,0.0,0.0,1.0,0.0,10,0,20
45,3399,0.0,0.0,1.0,0.0,10,0,20
45,3400,0.0,0.0,1.0,0.0,10,0,20
45,3401,0.0,0.0,1.0,0.0,10,0,20
45,3402,0.0,0.0,1.0,0.0,10,0,20
45,3403,0.0,0.0,1.0,0.0,10,0,20
45,3404,0.0,0.0,1.0,0.0,10,0,20
45,3405,0.0,0.0,1.0,0.0,10,0,20
45,3406,0.0,0.0,1.0,0.0,10,0,20
45,3407,0.0,0.0,1.0,0.0,10,0,20
45,3408,0.0,0.0,1.0,0.0,10,0,20
45,3409,0.0,0.0,1.0,0.0,10,0,20
45,3410,0.0,0.0,1.0,0.0,10,0,20
45,3411,0.0,0.0,1.0,0.0,10,0,20
45,3412,0.0,0.0,1.0,0.0,10,0,20
45,3413,0.0,0.0,1.0,0.0,10,0,20
45,3414,0.0,0.0,1.0,0.0,10,0,20
45,3415,0.0,0.0,1.0,0.0,10,0,20
45,3416,0.0,0.0,1.0,0.0,10,0,20
45,3417,0.0,0.0,1.0,0.0,10,0,20
45,3418,0.0,0.0,1.0,0.0,10,0,20
45,3419,0.0,0.0,1.0,0.0,10,0,20
45,3420,0.0,0.0,1.0,0.0,10,0,20
45,3421,0.0,0.0,1.0,0.0,10,0,20
45,3422,0.0,0.0,1.0,0.0,10,0,20
45,3423,0.0,0.0,1.0,0.0,10,0,20
45,3424,0.0,0.0,1.0,0.0,10,0,20
45,3425,0.0,0.0,1.0,0.0,10,0,20
45,3426,0.0,0.0,1.0,0.0,10,0,20
45,3427,0.0,0.0,1.0,0.0,10,0,20
45,3428,0.0,0.0,1.0,0.0,10,0,20
45,3429,0.0,0.0,1.0,0.0,10,0,20
45,3430,0.0,0.0,1.0,0.0,10,0,20
45,3431,0.0,0.0,1.0,0.0,10,0,20
45,3432,0.0,0.0,1.0,0.0,10,0,20
45,3433,0.0,0.0,1.0,0.0,10,0,20
45,3434,0.0,0.0,1.0,0.0,10,0,20
45,3435,0.0,0.0,1.0,0.0,10,0,20
45,3436,0.0,0.0,1.0,0.0,10,0,20
45,3437,0.0,0.0,1.0,0.0,10,0,20
45,3438,0.0,0.0,1.0,0.0,10,0,20
45,3439,0.0,0.0,1.0,0.0,10,0,20
45,3440,0.0,0.0,1.0,0.0,10,0,20
45,3441,0.0,0.0,1.0,0.0,10,0,20
45,3442,0.0,0.0,1.0,0.0,10,0,20
45,3443,0.0,0.0,1.0,0.0,10,0,20
45,3444,0.0,0.0,1.0,0.0,10,0,20
45,3445,0.0,0.0,1.0,0.0,10,0,20
45,3446,0.0,0.0,1.0,0.0,10,0,20
45,3447,0.0,0.0,1.0,0.0,10,0,20
45,3448,0.0,0.0,1.0,0.0,10,0,20
45,3449,0.0,0.0,1.0,0.0,10,0,20
45,3450,0.0,0.0,1.0,0.0,10,0,20
45,3451,0.0,0.0,1.0,0.0,10,0,20
45,3452,0.0,0.0,1.0,0.0,10,0,20
45,3453,0.0,0.0,1.0,0.0,10,0,20
45,3454,0.0,0.0,1.0,0.0,10,0,20
45,3455,0.0,0.0,1.0,0.0,10,0,20
45,3456,0.0,0.0,1.0,0.0,10,0,20
45,3457,0.0,0.0,1.0,0.0,10,0,20
45,3458,0.0,0.0,1.0,0.0,10,0,20
45,3459,0.0,0.0,1.0,0.0,10,0,20
45,3460,0.0,0.0,1.0,0.0,10,0,20
45,3461,0.0,0.0,1.0,0.0,10,0,20
45,3462,0.0,0.0,1.0,0.0,10,0,20
45,3463,0.0,0.0,1.0,0.0,10,0,20
45,3464,0.0,0.0,1.0,0.0,10,0,20
45,3465,0.0,0.0,1.0,0.0,10,0,20
45,3466,0.0,0.0,1.0,0.0,10,0,20
45,3467,0.0,0.0,1.0,0.0,10,0,20
45,3468,0.0,0.0,1.0,0.0,10,0,20
45,3469,0.0,0.0,1.0,0.0,10,0,20
45,3470,0.0,0.0,1.0,0.0,10,0,20
45,3471,0.0,0.0,1.0,0.0,10,0,20
45,3472,0.0,0.0,1.0,0.0,10,0,20
45,3473,0.0,0.0,1.0,0.0,10,0,20
45,3474,0.0,0.0,1.0,0.0,10,0,20
45,3475,0.0,0.0,1.0,0.0,10,0,20
45,3476,0.0,0.0,1.0,0.0,10,0,20
45,3477,0.0,0.0,1.0,0.0,10,0,20
45,3478,0.0,0.0,1.0,0.0,10,0,20
45,3479,0.0,0.0,1.0,0.0,10,0,20
45,3480,0.0,0.0,1.0,0.0,10,0,20
45,3481,0.0,0.0,1.0,0.0,10,0,20
45,3482,0.0,0.0,1.0,0.0,10,0,20
45,3483,0.0,0.0,1.0,0.0,10,0,20
45,3484,0.0,0.0,1.0,0.0,10,0,20
45,3485,0.0,0.0,1.0,0.0,10,0,20
45,3486,0.0,0.0,1.0,0.0,10,0,20
45,3487,0.0,0.0,1.0,0.0,10,0,20
45,3488,0.0,0.0,1.0,0.0,10,0,20
45,3489,0.0,0.0,1.0,0.0,10,0,20
45,3490,0.0,0.0,1.0,0.0,10,0,20
45,3491,0.0,0.0,1.0,0.0,10,0,20
45,3492,0.0,0.0,1.0,0.0,10,0,20
45,3493,0.0,0.0,1.0,0.0,10,0,20
45,3494,0.0,0.0,1.0,0.0,10,0,20
45,3495,0.0,0.0,1.0,0.0,10,0,20
45,3496,0.0,0.0,1.0,0.0,10,0,20
45,3497,0.0,0.0,1.0,0.0,10,0,20
45,3498,0.0,0.0,1.0,0.0,10,0,20
45,3499,0.0,0.0,1.0,0.0,10,0,20
45,3500,0.0,0.0,1.0,0.0,10,0,20
45,3501,0.0,0.0,1.0,0.0,10,0,20
45,3502,0.0,0.0,1.0,0.0,10,0,20
45,3503,0.0,0.0,1.0,0.0,10,0,20
45,3504,0.0,0.0,1.0,0.0,10,0,20
45,3505,0.0,0.0,1.0,0.0,10,0,20
45,3506,0.0,0.0,1.0,0.0,10,0,20
45,3507,0.0,0.0,1.0,0.0,10,0,20
45,3508,0.0,0.0,1.0,0.0,10,0,20
45,3509,0.0,0.0,1.0,0.0,10,0,20
45,3510,0.0,0.0,1.0,0.0,10,0,20
45,3511,0.0,0.0,1.0,0.0,10,0,20
45,3512,0.0,0.0,1.0,0.0,10,0,20
45,3513,0.0,0.0,1.0,0.0,10,0,20
45,3514,0.0,0.0,1.0,0.0,10,0,20
45,3515,0.0,0.0,1.0,0.0,10,0,20
45,3516,0.0,0.0,1.0,0.0,10,0,20
45,3517,0.0,0.0,1.0,0.0,10,0,20
45,3518,0.0,0.0,1.0,0.0,10,0,20
45,3519,0.0,0.0,1.0,0.0,10,0,20
45,3520,0.0,0.0,1.0,0.0,10,0,20
45,3521,0.0,0.0,1.0,0.0,10,0,20
45,3522,0.0,0.0,1.0,0.0,10,0,20
45,3523,0.0,0.0,1.0,0.0,10,0,20
45,3524,0.0,0.0,1.0,0.0,10,0,20
45,3525,0.0,0.0,1.0,0.0,10,0,20
45,3526,0.0,0.0,1.0,0.0,10,0,20
45,3527,0.0,0.0,1.0,0.0,10,0,20
45,3528,0.0,0.0,1.0,0.0,10,0,20
45,3529,0.0,0.0,1.0,0.0,10,0,20
45,3530,0.0,0.0,1.0,0.0,10,0,20
45,3531,0.0,0.0,1.0,0.0,10,0,20
45,3532,0.0,0.0,1.0,0.0,10,0,20
45,3533,0.0,0.0,1.0,0.0,10,0,20
45,3534,0.0,0.0,1.0,0.0,10,0,20
45,3535,0.0,0.0,1.0,0.0,10,0,20
45,3536,0.0,0.0,1.0,0.0,10,0,20
45,3537,0.0,0.0,1.0,0.0,10,0,20
45,3538,0.0,0.0,1.0,0.0,10,0,20
45,3539,0.0,0.0,1.0,0.0,10,0,20
45,3540,0.0,0.0,1.0,0.0,10,0,20
45,3541,0.0,0.0,1.0,0.0,10,0,20
45,3542,0.0,0.0,1.0,0.0,10,0,20
45,3543,0.0,0.0,1.0,0.0,10,0,20
45,3544,0.0,0.0,1.0,0.0,10,0,20
45,3545,0.0,0.0,1.0,0.0,10,0,20
45,3546,0.0,0.0,1.0,0.0,10,0,20
45,3547,0.0,0.0,1.0,0.0,10,0,20
45,3548,0.0,0.0,1.0,0.0,10,0,20
45,3549,0.0,0.0,1.0,0.0,10,0,20
45,3550,0.0,0.0,1.0,0.0,10,0,20
45,3551,0.0,0.0,1.0,0.0,10,0,20
45,3552,0.0,0.0,1.0,0.0,10,0,20
45,3553,0.0,0.0,1.0,0.0,10,0,20
45,3554,0.0,0.0,1.0,0.0,10,0,20
45,3555,0.0,0.0,1.0,0.0,10,0,20
45,3556,0.0,0.0,1.0,0.0,10,0,20
45,3557,0.0,0.0,1.0,0.0,10,0,20
45,3558,0.0,0.0,1.0,0.0,10,0,20
45,3559,0.0,0.0,1.0,0.0,10,0,20
45,3560,0.0,0.0,1.0,0.0,10,0,20
45,3561,0.0,0.0,1.0,0.0,10,0,20
45,3562,0.0,0.0,1.0,0.0,10,0,20
45,3563,0.0,0.0,1.0,0.0,10,0,20
45,3564,0.0,0.0,1.0,0.0,10,0,20
45,3565,0.0,0.0,1.0,0.0,10,0,20
45,3566,0.0,0.0,1.0,0.0,10,0,20
45,3567,0.0,0.0,1.0,0.0,10,0,20
45,3568,0.0,0.0,1.0,0.0,10,0,20
45,3569,0.0,0.0,1.0,0.0,10,0,20
45,3570,0.0,0.0,1.0,0.0,10,0,20
45,3571,0.0,0.0,1.0,0.0,10,0,20
45,3572,0.0,0.0,1.0,0.0,10,0,20
45,3573,0.0,0.0,1.0,0.0,10,0,20
45,3574,0.0,0.0,1.0,0.0,10,0,20
45,3575,0.0,0.0,1.0,0.0,10,0,20
45,3576,0.0,0.0,1.0,0.0,10,0,20
45,3577,0.0,0.0,1.0,0.0,10,0,20
45,3578,0.0,0.0,1.0,0.0,10,0,20
45,3579,0.0,0.0,1.0,0.0,10,0,20
45,3580,0.0,0.0,1.0,0.0,10,0,20
45,3581,0.0,0.0,1.0,0.0,10,0,20
45,3582,0.0,0.0,1.0,0.0,10,0,20
45,3583,0.0,0.0,1.0,0.0,10,0,20
45,3584,0.0,0.0,1.0,0.0,10,0,20
45,3585,0.0,0.0,1.0,0.0,10,0,20
45,3586,0.0,0.0,1.0,0.0,10,0,20
45,3587,0.0,0.0,1.0,0.0,10,0,20
45,3588,0.0,0.0,1.0,0.0,10,0,20
45,3589,0.0,0.0,1.0,0.0,10,0,20
45,3590,0.0,0.0,1.0,0.0,10,0,20
45,3591,0.0,0.0,1.0,0.0,10,0,20
45,3592,0.0,0.0,1.0,0.0,10,0,20
45,3593,0.0,0.0,1.0,0.0,10,0,20
45,3594,0.0,0.0,1.0,0.0,10,0,20
45,3595,0.0,0.0,1.0,0.0,10,0,20
45,3596,0.0,0.0,1.0,0.0,10,0,20
45,3597,0.0,0.0,1.0,0.0,10,0,20
45,3598,0.0,0.0,1.0,0.0,10,0,20
45,3599,0.0,0.0,1.0,0.0,10,0,20
45,3600,0.0,0.0,1.0,0.0,10,0,20
45,3601,0.0,0.0,1.0,0.0,10,0,20
45,3602,0.0,0.0,1.0,0.0,10,0,20
45,3603,0.0,0.0,1.0,0.0,10,0,20
45,3604,0.0,0.0,1.0,0.0,10,0,20
45,3605,0.0,0.0,1.0,0.0,10,0,20
45,3606,0.0,0.0,1.0,0.0,10,0,20
45,3607,0.0,0.0,1.0,0.0,10,0,20
45,3608,0.0,0.0,1.0,0.0,10,0,20
45,3609,0.0,0.0,1.0,0.0,10,0,20
45,3610,0.0,0.0,1.0,0.0,10,0,20
45,3611,0.0,0.0,1.0,0.0,10,0,20
45,3612,0.0,0.0,1.0,0.0,10,0,20
45,3613,0.0,0.0,1.0,0.0,10,0,20
45,3614,0.0,0.0,1.0,0.0,10,0,20
45,3615,0.0,0.0,1.0,0.0,10,0,20
45,3616,0.0,0.0,1.0,0.0,10,0,20
45,3617,0.0,0.0,1.0,0.0,10,0,20
45,3618,0.0,0.0,1.0,0.0,10,0,20
45,3619,0.0,0.0,1.0,0.0,10,0,20
45,3620,0.0,0.0,1.0,0.0,10,0,20
45,3621,0.0,0.0,1.0,0.0,10,0,20
45,3622,0.0,0.0,1.0,0.0,10,0,20
45,3623,0.0,0.0,1.0,0.0,10,0,20
45,3624,0.0,0.0,1.0,0.0,10,0,20
45,3625,0.0,0.0,1.0,0.0,10,0,20
45,3626,0.0,0.0,1.0,0.0,10,0,20
45,3627,0.0,0.0,1.0,0.0,10,0,20
45,3628,0.0,0.0,1.0,0.0,10,0,20
45,3629,0.0,0.0,1.0,0.0,10,0,20
45,3630,0.0,0.0,1.0,0.0,10,0,20
45,3631,0.0,0.0,1.0,0.0,10,0,20
45,3632,0.0,0.0,1.0,0.0,10,0,20
45,3633,0.0,0.0,1.0,0.0,10,0,20
45,3634,0.0,0.0,1.0,0.0,10,0,20
45,3635,0.0,0.0,1.0,0.0,10,0,20
45,3636,0.0,0.0,1.0,0.0,10,0,20
45,3637,0.0,0.0,1.0,0.0,10,0,20
45,3638,0.0,0.0,1.0,0.0,10,0,20
45,3639,0.0,0.0,1.0,0.0,10,0,20
45,3640,0.0,0.0,1.0,0.0,10,0,20
45,3641,0.0,0.0,1.0,0.0,10,0,20
45,3642,0.0,0.0,1.0,0.0,10,0,20
45,3643,0.0,0.0,1.0,0.0,10,0,20
45,3644,0.0,0.0,1.0,0.0,10,0,20
45,3645,0.0,0.0,1.0,0.0,10,0,20
45,3646,0.0,0.0,1.0,0.0,10,0,20
45,3647,0.0,0.0,1.0,0.0,10,0,20
45,3648,0.0,0.0,1.0,0.0,10,0,20
45,3649,0.0,0.0,1.0,0.0,10,0,20
45,3650,0.0,0.0,1.0,0.0,10,0,20
45,3651,0.0,0.0,1.0,0.0,10,0,20
45,3652,0.0,0.0,1.0,0.0,10,0,20
45,3653,0.0,0.0,1.0,0.0,10,0,20
45,3654,0.0,0.0,1.0,0.0,10,0,20
45,3655,0.0,0.0,1.0,0.0,10,0,20
45,3656,0.0,0.0,1.0,0.0,10,0,20
45,3657,0.0,0.0,1.0,0.0,10,0,20
45,3658,0.0,0.0,1.0,0.0,10,0,20
45,3659,0.0,0.0,1.0,0.0,10,0,20
45,3660,0.0,0.0,1.0,0.0,10,0,20
45,3661,0.0,0.0,1.0,0.0,10,0,20
45,3662,0.0,0.0,1.0,0.0,10,0,20
45,3663,0.0,0.0,1.0,0.0,10,0,20
45,3664,0.0,0.0,1.0,0.0,10,0,20
45,3665,0.0,0.0,1.0,0.0,10,0,20
45,3666,0.0,0.0,1.0,0.0,10,0,20
45,3667,0.0,0.0,1.0,0.0,10,0,20
45,3668,0.0,0.0,1.0,0.0,10,0,20
45,3669,0.0,0.0,1.0,0.0,10,0,20
45,3670,0.0,0.0,1.0,0.0,10,0,20
45,3671,0.0,0.0,1.0,0.0,10,0,20
45,3672,0.0,0.0,1.0,0.0,10,0,20
45,3673,0.0,0.0,1.0,0.0,10,0,20
45,3674,0.0,0.0,1.0,0.0,10,0,20
45,3675,0.0,0.0,1.0,0.0,10,0,20
45,3676,0.0,0.0,1.0,0.0,10,0,20
45,3677,0.0,0.0,1.0,0.0,10,0,20
45,3678,0.0,0.0,1.0,0.0,10,0,20
45,3679,0.0,0.0,1.0,0.0,10,0,20
45,3680,0.0,0.0,1.0,0.0,10,0,20
45,3681,0.0,0.0,1.0,0.0,10,0,20
45,3682,0.0,0.0,1.0,0.0,10,0,20
45,3683,0.0,0.0,1.0,0.0,10,0,20
45,3684,0.0,0.0,1.0,0.0,10,0,20
45,3685,0.0,0.0,1.0,0.0,10,0,20
45,3686,0.0,0.0,1.0,0.0,10,0,20
45,3687,0.0,0.0,1.0,0.0,10,0,20
45,3688,0.0,0.0,1.0,0.0,10,0,20
45,3689,0.0,0.0,1.0,0.0,10,0,20
45,3690,0.0,0.0,1.0,0.0,10,0,20
45,3691,0.0,0.0,1.0,0.0,10,0,20
45,3692,0.0,0.0,1.0,0.0,10,0,20
45,3693,0.0,0.0,1.0,0.0,10,0,20
45,3694,0.0,0.0,1.0,0.0,10,0,20
45,3695,0.0,0.0,1.0,0.0,10,0,20
45,3696,0.0,0.0,1.0,0.0,10,0,20
45,3697,0.0,0.0,1.0,0.0,10,0,20
45,3698,0.0,0.0,1.0,0.0,10,0,20
45,3699,0.0,0.0,1.0,0.0,10,0,20
45,3700,0.0,0.0,1.0,0.0,10,0,20
45,3701,0.0,0.0,1.0,0.0,10,0,20
45,3702,0.0,0.0,1.0,0.0,10,0,20
45,3703,0.0,0.0,1.0,0.0,10,0,20
45,3704,0.0,0.0,1.0,0.0,10,0,20
45,3705,0.0,0.0,1.0,0.0,10,0,20
45,3706,0.0,0.0,1.0,0.0,10,0,20
45,3707,0.0,0.0,1.0,0.0,10,0,20
45,3708,0.0,0.0,1.0,0.0,10,0,20
45,3709,0.0,0.0,1.0,0.0,10,0,20
45,3710,0.0,0.0,1.0,0.0,10,0,20
45,3711,0.0,0.0,1.0,0.0,10,0,20
45,3712,0.0,0.0,1.0,0.0,10,0,20
45,3713,0.0,0.0,1.0,0.0,10,0,20
45,3714,0.0,0.0,1.0,0.0,10,0,20
45,3715,0.0,0.0,1.0,0.0,10,0,20
45,3716,0.0,0.0,1.0,0.0,10,0,20
45,3717,0.0,0.0,1.0,0.0,10,0,20
45,3718,0.0,0.0,1.0,0.0,10,0,20
45,3719,0.0,0.0,1.0,0.0,10,0,20
45,3720,0.0,0.0,1.0,0.0,10,0,20
45,3721,0.0,0.0,1.0,0.0,10,0,20
45,3722,0.0,0.0,1.0,0.0,10,0,20
45,3723,0.0,0.0,1.0,0.0,10,0,20
45,3724,0.0,0.0,1.0,0.0,10,0,20
45,3725,0.0,0.0,1.0,0.0,10,0,20
45,3726,0.0,0.0,1.0,0.0,10,0,20
45,3727,0.0,0.0,1.0,0.0,10,0,20
45,3728,0.0,0.0,1.0,0.0,10,0,20
45,3729,0.0,0.0,1.0,0.0,10,0,20
45,3730,0.0,0.0,1.0,0.0,10,0,20
45,3731,0.0,0.0,1.0,0.0,10,0,20
45,3732,0.0,0.0,1.0,0.0,10,0,20
45,3733,0.0,0.0,1.0,0.0,10,0,20
45,3734,0.0,0.0,1.0,0.0,10,0,20
45,3735,0.0,0.0,1.0,0.0,10,0,20
45,3736,0.0,0.0,1.0,0.0,10,0,20
45,3737,0.0,0.0,1.0,0.0,10,0,20
45,3738,0.0,0.0,1.0,0.0,10,0,20
45,3739,0.0,0.0,1.0,0.0,10,0,20
45,3740,0.0,0.0,1.0,0.0,10,0,20
45,3741,0.0,0.0,1.0,0.0,10,0,20
45,3742,0.0,0.0,1.0,0.0,10,0,20
45,3743,0.0,0.0,1.0,0.0,10,0,20
45,3744,0.0,0.0,1.0,0.0,10,0,20
45,3745,0.0,0.0,1.0,0.0,10,0,20
45,3746,0.0,0.0,1.0,0.0,10,0,20
45,3747,0.0,0.0,1.0,0.0,10,0,20
45,3748,0.0,0.0,1.0,0.0,10,0,20
45,3749,0.0,0.0,1.0,0.0,10,0,20
45,3750,0.0,0.0,1.0,0.0,10,0,20
45,3751,0.0,0.0,1.0,0.0,10,0,20
45,3752,0.0,0.0,1.0,0.0,10,0,20
45,3753,0.0,0.0,1.0,0.0,10,0,20
45,3754,0.0,0.0,1.0,0.0,10,0,20
45,3755,0.0,0.0,1.0,0.0,10,0,20
45,3756,0.0,0.0,1.0,0.0,10,0,20
45,3757,0.0,0.0,1.0,0.0,10,0,20
45,3758,0.0,0.0,1.0,0.0,10,0,20
45,3759,0.0,0.0,1.0,0.0,10,0,20
45,3760,0.0,0.0,1.0,0.0,10,0,20
45,3761,0.0,0.0,1.0,0.0,10,0,20
45,3762,0.0,0.0,1.0,0.0,10,0,20
45,3763,0.0,0.0,1.0,0.0,10,0,20
45,3764,0.0,0.0,1.0,0.0,10,0,20
45,3765,0.0,0.0,1.0,0.0,10,0,20
45,3766,0.0,0.0,1.0,0.0,10,0,20
45,3767,0.0,0.0,1.0,0.0,10,0,20
45,3768,0.0,0.0,1.0,0.0,10,0,20
45,3769,0.0,0.0,1.0,0.0,10,0,20
45,3770,0.0,0.0,1.0,0.0,10,0,20
45,3771,0.0,0.0,1.0,0.0,10,0,20
45,3772,0.0,0.0,1.0,0.0,10,0,20
45,3773,0.0,0.0,1.0,0.0,10,0,20
45,3774,0.0,0.0,1.0,0.0,10,0,20
45,3775,0.0,0.0,1.0,0.0,10,0,20
45,3776,0.0,0.0,1.0,0.0,10,0,20
45,3777,0.0,0.0,1.0,0.0,10,0,20
45,3778,0.0,0.0,1.0,0.0,10,0,20
45,3779,0.0,0.0,1.0,0.0,10,0,20
45,3780,0.0,0.0,1.0,0.0,10,0,20
45,3781,0.0,0.0,1.0,0.0,10,0,20
45,3782,0.0,0.0,1.0,0.0,10,0,20
45,3783,0.0,0.0,1.0,0.0,10,0,20
45,3784,0.0,0.0,1.0,0.0,10,0,20
45,3785,0.0,0.0,1.0,0.0,10,0,20
45,3786,0.0,0.0,1.0,0.0,10,0,20
45,3787,0.0,0.0,1.0,0.0,10,0,20
45,3788,0.0,0.0,1.0,0.0,10,0,20
45,3789,0.0,0.0,1.0,0.0,10,0,20
45,3790,0.0,0.0,1.0,0.0,10,0,20
45,3791,0.0,0.0,1.0,0.0,10,0,20
45,3792,0.0,0.0,1.0,0.0,10,0,20
45,3793,0.0,0.0,1.0,0.0,10,0,20
45,3794,0.0,0.0,1.0,0.0,10,0,20
45,3795,0.0,0.0,1.0,0.0,10,0,20
45,3796,0.0,0.0,1.0,0.0,10,0,20
45,3797,0.0,0.0,1.0,0.0,10,0,20
45,3798,0.0,0.0,1.0,0.0,10,0,20
45,3799,0.0,0.0,1.0,0.0,10,0,20
45,3800,0.0,0.0,1.0,0.0,10,0,20
45,3801,0.0,0.0,1.0,0.0,10,0,20
45,3802,0.0,0.0,1.0,0.0,10,0,20
45,3803,0.0,0.0,1.0,0.0,10,0,20
45,3804,0.0,0.0,1.0,0.0,10,0,20
45,3805,0.0,0.0,1.0,0.0,10,0,20
45,3806,0.0,0.0,1.0,0.0,10,0,20
45,3807,0.0,0.0,1.0,0.0,10,0,20
45,3808,0.0,0.0,1.0,0.0,10,0,20
45,3809,0.0,0.0,1.0,0.0,10,0,20
45,3810,0.0,0.0,1.0,0.0,10,0,20
45,3811,0.0,0.0,1.0,0.0,10,0,20
45,3812,0.0,0.0,1.0,0.0,10,0,20
45,3813,0.0,0.0,1.0,0.0,10,0,20
45,3814,0.0,0.0,1.0,0.0,10,0,20
45,3815,0.0,0.0,1.0,0.0,10,0,20
45,3816,0.0,0.0,1.0,0.0,10,0,20
45,3817,0.0,0.0,1.0,0.0,10,0,20
45,3818,0.0,0.0,1.0,0.0,10,0,20
45,3819,0.0,0.0,1.0,0.0,10,0,20
45,3820,0.0,0.0,1.0,0.0,10,0,20
45,3821,0.0,0.0,1.0,0.0,10,0,20
45,3822,0.0,0.0,1.0,0.0,10,0,20
45,3823,0.0,0.0,1.0,0.0,10,0,20
45,3824,0.0,0.0,1.0,0.0,10,0,20
45,3825,0.0,0.0,1.0,0.0,10,0,20
45,3826,0.0,0.0,1.0,0.0,10,0,20
45,3827,0.0,0.0,1.0,0.0,10,0,20
45,3828,0.0,0.0,1.0,0.0,10,0,20
45,3829,0.0,0.0,1.0,0.0,10,0,20
45,3830,0.0,0.0,1.0,0.0,10,0,20
45,3831,0.0,0.0,1.0,0.0,10,0,20
45,3832,0.0,0.0,1.0,0.0,10,0,20
45,3833,0.0,0.0,1.0,0.0,10,0,20
45,3834,0.0,0.0,1.0,0.0,10,0,20
45,3835,0.0,0.0,1.0,0.0,10,0,20
45,3836,0.0,0.0,1.0,0.0,10,0,20
45,3837,0.0,0.0,1.0,0.0,10,0,20
45,3838,0.0,0.0,1.0,0.0,10,0,20
45,3839,0.0,0.0,1.0,0.0,10,0,20
45,3840,0.0,0.0,1.0,0.0,10,0,20
45,3841,0.0,0.0,1.0,0.0,10,0,20
45,3842,0.0,0.0,1.0,0.0,10,0,20
45,3843,0.0,0.0,1.0,0.0,10,0,20
45,3844,0.0,0.0,1.0,0.0,10,0,20
45,3845,0.0,0.0,1.0,0.0,10,0,20
45,3846,0.0,0.0,1.0,0.0,10,0,20
45,3847,0.0,0.0,1.0,0.0,10,0,20
45,3848,0.0,0.0,1.0,0.0,10,0,20
45,3849,0.0,0.0,1.0,0.0,10,0,20
45,3850,0.0,0.0,1.0,0.0,10,0,20
45,3851,0.0,0.0,1.0,0.0,10,0,20
45,3852,0.0,0.0,1.0,0.0,10,0,20
45,3853,0.0,0.0,1.0,0.0,10,0,20
45,3854,0.0,0.0,1.0,0.0,10,0,20
45,3855,0.0,0.0,1.0,0.0,10,0,20
45,3856,0.0,0.0,1.0,0.0,10,0,20
45,3857,0.0,0.0,1.0,0.0,10,0,20
45,3858,0.0,0.0,1.0,0.0,10,0,20
45,3859,0.0,0.0,1.0,0.0,10,0,20
45,3860,0.0,0.0,1.0,0.0,10,0,20
45,3861,0.0,0.0,1.0,0.0,10,0,20
45,3862,0.0,0.0,1.0,0.0,10,0,20
45,3863,0.0,0.0,1.0,0.0,10,0,20
45,3864,0.0,0.0,1.0,0.0,10,0,20
45,3865,0.0,0.0,1.0,0.0,10,0,20
45,3866,0.0,0.0,1.0,0.0,10,0,20
45,3867,0.0,0.0,1.0,0.0,10,0,20
45,3868,0.0,0.0,1.0,0.0,10,0,20
45,3869,0.0,0.0,1.0,0.0,10,0,20
45,3870,0.0,0.0,1.0,0.0,10,0,20
45,3871,0.0,0.0,1.0,0.0,10,0,20
45,3872,0.0,0.0,1.0,0.0,10,0,20
45,3873,0.0,0.0,1.0,0.0,10,0,20
45,3874,0.0,0.0,1.0,0.0,10,0,20
45,3875,0.0,0.0,1.0,0.0,10,0,20
45,3876,0.0,0.0,1.0,0.0,10,0,20
45,3877,0.0,0.0,1.0,0.0,10,0,20
45,3878,0.0,0.0,1.0,0.0,10,0,20
45,3879,0.0,0.0,1.0,0.0,10,0,20
45,3880,0.0,0.0,1.0,0.0,10,0,20
45,3881,0.0,0.0,1.0,0.0,10,0,20
45,3882,0.0,0.0,1.0,0.0,10,0,20
45,3883,0.0,0.0,1.0,0.0,10,0,20
45,3884,0.0,0.0,1.0,0.0,10,0,20
45,3885,0.0,0.0,1.0,0.0,10,0,20
45,3886,0.0,0.0,1.0,0.0,10,0,20
45,3887,0.0,0.0,1.0,0.0,10,0,20
45,3888,0.0,0.0,1.0,0.0,10,0,20
45,3889,0.0,0.0,1.0,0.0,10,0,20
45,3890,0.0,0.0,1.0,0.0,10,0,20
45,3891,0.0,0.0,1.0,0.0,10,0,20
45,3892,0.0,0.0,1.0,0.0,10,0,20
45,3893,0.0,0.0,1.0,0.0,10,0,20
45,3894,0.0,0.0,1.0,0.0,10,0,20
45,3895,0.0,0.0,1.0,0.0,10,0,20
45,3896,0.0,0.0,1.0,0.0,10,0,20
45,3897,0.0,0.0,1.0,0.0,10,0,20
45,3898,0.0,0.0,1.0,0.0,10,0,20
45,3899,0.0,0.0,1.0,0.0,10,0,20
45,3900,0.0,0.0,1.0,0.0,10,0,20
45,3901,0.0,0.0,1.0,0.0,10,0,20
45,3902,0.0,0.0,1.0,0.0,10,0,20
45,3903,0.0,0.0,1.0,0.0,10,0,20
45,3904,0.0,0.0,1.0,0.0,10,0,20
45,3905,0.0,0.0,1.0,0.0,10,0,20
45,3906,0.0,0.0,1.0,0.0,10,0,20
45,3907,0.0,0.0,1.0,0.0,10,0,20
45,3908,0.0,0.0,1.0,0.0,10,0,20
45,3909,0.0,0.0,1.0,0.0,10,0,20
45,3910,0.0,0.0,1.0,0.0,10,0,20
45,3911,0.0,0.0,1.0,0.0,10,0,20
45,3912,0.0,0.0,1.0,0.0,10,0,20
45,3913,0.0,0.0,1.0,0.0,10,0,20
45,3914,0.0,0.0,1.0,0.0,10,0,20
45,3915,0.0,0.0,1.0,0.0,10,0,20
45,3916,0.0,0.0,1.0,0.0,10,0,20
45,3917,0.0,0.0,1.0,0.0,10,0,20
45,3918,0.0,0.0,1.0,0.0,10,0,20
45,3919,0.0,0.0,1.0,0.0,10,0,20
45,3920,0.0,0.0,1.0,0.0,10,0,20
45,3921,0.0,0.0,1.0,0.0,10,0,20
45,3922,0.0,0.0,1.0,0.0,10,0,20
45,3923,0.0,0.0,1.0,0.0,10,0,20
45,3924,0.0,0.0,1.0,0.0,10,0,20
45,3925,0.0,0.0,1.0,0.0,10,0,20
45,3926,0.0,0.0,1.0,0.0,10,0,20
45,3927,0.0,0.0,1.0,0.0,10,0,20
45,3928,0.0,0.0,1.0,0.0,10,0,20
45,3929,0.0,0.0,1.0,0.0,10,0,20
45,3930,0.0,0.0,1.0,0.0,10,0,20
45,3931,0.0,0.0,1.0,0.0,10,0,20
45,3932,0.0,0.0,1.0,0.0,10,0,20
45,3933,0.0,0.0,1.0,0.0,10,0,20
45,3934,0.0,0.0,1.0,0.0,10,0,20
45,3935,0.0,0.0,1.0,0.0,10,0,20
45,3936,0.0,0.0,1.0,0.0,10,0,20
45,3937,0.0,0.0,1.0,0.0,10,0,20
45,3938,0.0,0.0,1.0,0.0,10,0,20
45,3939,0.0,0.0,1.0,0.0,10,0,20
45,3940,0.0,0.0,1.0,0.0,10,0,20
45,3941,0.0,0.0,1.0,0.0,10,0,20
45,3942,0.0,0.0,1.0,0.0,10,0,20
45,3943,0.0,0.0,1.0,0.0,10,0,20
45,3944,0.0,0.0,1.0,0.0,10,0,20
45,3945,0.0,0.0,1.0,0.0,10,0,20
45,3946,0.0,0.0,1.0,0.0,10,0,20
45,3947,0.0,0.0,1.0,0.0,10,0,20
45,3948,0.0,0.0,1.0,0.0,10,0,20
45,3949,0.0,0.0,1.0,0.0,10,0,20
45,3950,0.0,0.0,1.0,0.0,10,0,20
45,3951,0.0,0.0,1.0,0.0,10,0,20
45,3952,0.0,0.0,1.0,0.0,10,0,20
45,3953,0.0,0.0,1.0,0.0,10,0,20
45,3954,0.0,0.0,1.0,0.0,10,0,20
45,3955,0.0,0.0,1.0,0.0,10,0,20
45,3956,0.0,0.0,1.0,0.0,10,0,20
45,3957,0.0,0.0,1.0,0.0,10,0,20
45,3958,0.0,0.0,1.0,0.0,10,0,20
45,3959,0.0,0.0,1.0,0.0,10,0,20
45,3960,0.0,0.0,1.0,0.0,10,0,20
45,3961,0.0,0.0,1.0,0.0,10,0,20
45,3962,0.0,0.0,1.0,0.0,10,0,20
45,3963,0.0,0.0,1.0,0.0,10,0,20
45,3964,0.0,0.0,1.0,0.0,10,0,20
45,3965,0.0,0.0,1.0,0.0,10,0,20
45,3966,0.0,0.0,1.0,0.0,10,0,20
45,3967,0.0,0.0,1.0,0.0,10,0,20
45,3968,0.0,0.0,1.0,0.0,10,0,20
45,3969,0.0,0.0,1.0,0.0,10,0,20
45,3970,0.0,0.0,1.0,0.0,10,0,20
45,3971,0.0,0.0,1.0,0.0,10,0,20
45,3972,0.0,0.0,1.0,0.0,10,0,20
45,3973,0.0,0.0,1.0,0.0,10,0,20
45,3974,0.0,0.0,1.0,0.0,10,0,20
45,3975,0.0,0.0,1.0,0.0,10,0,20
45,3976,0.0,0.0,1.0,0.0,10,0,20
45,3977,0.0,0.0,1.0,0.0,10,0,20
45,3978,0.0,0.0,1.0,0.0,10,0,20
45,3979,0.0,0.0,1.0,0.0,10,0,20
45,3980,0.0,0.0,1.0,0.0,10,0,20
45,3981,0.0,0.0,1.0,0.0,10,0,20
45,3982,0.0,0.0,1.0,0.0,10,0,20
45,3983,0.0,0.0,1.0,0.0,10,0,20
45,3984,0.0,0.0,1.0,0.0,10,0,20
45,3985,0.0,0.0,1.0,0.0,10,0,20
45,3986,0.0,0.0,1.0,0.0,10,0,20
45,3987,0.0,0.0,1.0,0.0,10,0,20
45,3988,0.0,0.0,1.0,0.0,10,0,20
45,3989,0.0,0.0,1.0,0.0,10,0,20
45,3990,0.0,0.0,1.0,0.0,10,0,20
45,3991,0.0,0.0,1.0,0.0,10,0,20
45,3992,0.0,0.0,1.0,0.0,10,0,20
45,3993,0.0,0.0,1.0,0.0,10,0,20
45,3994,0.0,0.0,1.0,0.0,10,0,20
45,3995,0.0,0.0,1.0,0.0,10,0,20
45,3996,0.0,0.0,1.0,0.0,10,0,20
45,3997,0.0,0.0,1.0,0.0,10,0,20
45,3998,0.0,0.0,1.0,0.0,10,0,20
45,3999,0.0,0.0,1.0,0.0,10,0,20
45,4000,0.0,0.0,1.0,0.0,10,0,20
45,4001,0.0,0.0,1.0,0.0,10,0,20
45,4002,0.0,0.0,1.0,0.0,10,0,20
45,4003,0.0,0.0,1.0,0.0,10,0,20
45,4004,0.0,0.0,1.0,0.0,10,0,20
45,4005,0.0,0.0,1.0,0.0,10,0,20
45,4006,0.0,0.0,1.0,0.0,10,0,20
45,4007,0.0,0.0,1.0,0.0,10,0,20
45,4008,0.0,0.0,1.0,0.0,10,0,20
45,4009,0.0,0.0,1.0,0.0,10,0,20
45,4010,0.0,0.0,1.0,0.0,10,0,20
45,4011,0.0,0.0,1.0,0.0,10,0,20
45,4012,0.0,0.0,1.0,0.0,10,0,20
45,4013,0.0,0.0,1.0,0.0,10,0,20
45,4014,0.0,0.0,1.0,0.0,10,0,20
45,4015,0.0,0.0,1.0,0.0,10,0,20
45,4016,0.0,0.0,1.0,0.0,10,0,20
45,4017,0.0,0.0,1.0,0.0,10,0,20
45,4018,0.0,0.0,1.0,0.0,10,0,20
45,4019,0.0,0.0,1.0,0.0,10,0,20
45,4020,0.0,0.0,1.0,0.0,10,0,20
45,4021,0.0,0.0,1.0,0.0,10,0,20
45,4022,0.0,0.0,1.0,0.0,10,0,20
45,4023,0.0,0.0,1.0,0.0,10,0,20
45,4024,0.0,0.0,1.0,0.0,10,0,20
45,4025,0.0,0.0,1.0,0.0,10,0,20
45,4026,0.0,0.0,1.0,0.0,10,0,20
45,4027,0.0,0.0,1.0,0.0,10,0,20
45,4028,0.0,0.0,1.0,0.0,10,0,20
45,4029,0.0,0.0,1.0,0.0,10,0,20
45,4030,0.0,0.0,1.0,0.0,10,0,20
45,4031,0.0,0.0,1.0,0.0,10,0,20
45,4032,0.0,0.0,1.0,0.0,10,0,20
45,4033,0.0,0.0,1.0,0.0,10,0,20
45,4034,0.0,0.0,1.0,0.0,10,0,20
45,4035,0.0,0.0,1.0,0.0,10,0,20
45,4036,0.0,0.0,1.0,0.0,10,0,20
45,4037,0.0,0.0,1.0,0.0,10,0,20
45,4038,0.0,0.0,1.0,0.0,10,0,20
45,4039,0.0,0.0,1.0,0.0,10,0,20
45,4040,0.0,0.0,1.0,0.0,10,0,20
45,4041,0.0,0.0,1.0,0.0,10,0,20
45,4042,0.0,0.0,1.0,0.0,10,0,20
45,4043,0.0,0.0,1.0,0.0,10,0,20
45,4044,0.0,0.0,1.0,0.0,10,0,20
45,4045,0.0,0.0,1.0,0.0,10,0,20
45,4046,0.0,0.0,1.0,0.0,10,0,20
45,4047,0.0,0.0,1.0,0.0,10,0,20
45,4048,0.0,0.0,1.0,0.0,10,0,20
45,4049,0.0,0.0,1.0,0.0,10,0,20
45,4050,0.0,0.0,1.0,0.0,10,0,20
45,4051,0.0,0.0,1.0,0.0,10,0,20
45,4052,0.0,0.0,1.0,0.0,10,0,20
45,4053,0.0,0.0,1.0,0.0,10,0,20
45,4054,0.0,0.0,1.0,0.0,10,0,20
45,4055,0.0,0.0,1.0,0.0,10,0,20
45,4056,0.0,0.0,1.0,0.0,10,0,20
45,4057,0.0,0.0,1.0,0.0,10,0,20
45,4058,0.0,0.0,1.0,0.0,10,0,20
45,4059,0.0,0.0,1.0,0.0,10,0,20
45,4060,0.0,0.0,1.0,0.0,10,0,20
45,4061,0.0,0.0,1.0,0.0,10,0,20
45,4062,0.0,0.0,1.0,0.0,10,0,20
45,4063,0.0,0.0,1.0,0.0,10,0,20
45,4064,0.0,0.0,1.0,0.0,10,0,20
45,4065,0.0,0.0,1.0,0.0,10,0,20
45,4066,0.0,0.0,1.0,0.0,10,0,20
45,4067,0.0,0.0,1.0,0.0,10,0,20
45,4068,0.0,0.0,1.0,0.0,10,0,20
45,4069,0.0,0.0,1.0,0.0,10,0,20
45,4070,0.0,0.0,1.0,0.0,10,0,20
45,4071,0.0,0.0,1.0,0.0,10,0,20
45,4072,0.0,0.0,1.0,0.0,10,0,20
45,4073,0.0,0.0,1.0,0.0,10,0,20
45,4074,0.0,0.0,1.0,0.0,10,0,20
45,4075,0.0,0.0,1.0,0.0,10,0,20
45,4076,0.0,0.0,1.0,0.0,10,0,20
45,4077,0.0,0.0,1.0,0.0,10,0,20
45,4078,0.0,0.0,1.0,0.0,10,0,20
45,4079,0.0,0.0,1.0,0.0,10,0,20
45,4080,0.0,0.0,1.0,0.0,10,0,20
45,4081,0.0,0.0,1.0,0.0,10,0,20
45,4082,0.0,0.0,1.0,0.0,10,0,20
45,4083,0.0,0.0,1.0,0.0,10,0,20
45,4084,0.0,0.0,1.0,0.0,10,0,20
45,4085,0.0,0.0,1.0,0.0,10,0,20
45,4086,0.0,0.0,1.0,0.0,10,0,20
45,4087,0.0,0.0,1.0,0.0,10,0,20
45,4088,0.0,0.0,1.0,0.0,10,0,20
45,4089,0.0,0.0,1.0,0.0,10,0,20
45,4090,0.0,0.0,1.0,0.0,10,0,20
45,4091,0.0,0.0,1.0,0.0,10,0,20
45,4092,0.0,0.0,1.0,0.0,10,0,20
45,4093,0.0,0.0,1.0,0.0,10,0,20
45,4094,0.0,0.0,1.0,0.0,10,0,20
45,4095,0.0,0.0,1.0,0.0,10,0,20
45,4096,0.0,0.0,1.0,0.0,10,0,20
45,4097,0.0,0.0,1.0,0.0,10,0,20
45,4098,0.0,0.0,1.0,0.0,10,0,20
45,4099,0.0,0.0,1.0,0.0,10,0,20
45,4100,0.0,0.0,1.0,0.0,10,0,20
45,4101,0.0,0.0,1.0,0.0,10,0,20
45,4102,0.0,0.0,1.0,0.0,10,0,20
45,4103,0.0,0.0,1.0,0.0,10,0,20
45,4104,0.0,0.0,1.0,0.0,10,0,20
45,4105,0.0,0.0,1.0,0.0,10,0,20
45,4106,0.0,0.0,1.0,0.0,10,0,20
45,4107,0.0,0.0,1.0,0.0,10,0,20
45,4108,0.0,0.0,1.0,0.0,10,0,20
45,4109,0.0,0.0,1.0,0.0,10,0,20
45,4110,0.0,0.0,1.0,0.0,10,0,20
45,4111,0.0,0.0,1.0,0.0,10,0,20
45,4112,0.0,0.0,1.0,0.0,10,0,20
45,4113,0.0,0.0,1.0,0.0,10,0,20
45,4114,0.0,0.0,1.0,0.0,10,0,20
45,4115,0.0,0.0,1.0,0.0,10,0,20
45,4116,0.0,0.0,1.0,0.0,10,0,20
45,4117,0.0,0.0,1.0,0.0,10,0,20
45,4118,0.0,0.0,1.0,0.0,10,0,20
45,4119,0.0,0.0,1.0,0.0,10,0,20
45,4120,0.0,0.0,1.0,0.0,10,0,20
45,4121,0.0,0.0,1.0,0.0,10,0,20
45,4122,0.0,0.0,1.0,0.0,10,0,20
45,4123,0.0,0.0,1.0,0.0,10,0,20
45,4124,0.0,0.0,1.0,0.0,10,0,20
45,4125,0.0,0.0,1.0,0.0,10,0,20
45,4126,0.0,0.0,1.0,0.0,10,0,20
45,4127,0.0,0.0,1.0,0.0,10,0,20
45,4128,0.0,0.0,1.0,0.0,10,0,20
45,4129,0.0,0.0,1.0,0.0,10,0,20
45,4130,0.0,0.0,1.0,0.0,10,0,20
45,4131,0.0,0.0,1.0,0.0,10,0,20
45,4132,0.0,0.0,1.0,0.0,10,0,20
45,4133,0.0,0.0,1.0,0.0,10,0,20
45,4134,0.0,0.0,1.0,0.0,10,0,20
45,4135,0.0,0.0,1.0,0.0,10,0,20
45,4136,0.0,0.0,1.0,0.0,10,0,20
45,4137,0.0,0.0,1.0,0.0,10,0,20
45,4138,0.0,0.0,1.0,0.0,10,0,20
45,4139,0.0,0.0,1.0,0.0,10,0,20
45,4140,0.0,0.0,1.0,0.0,10,0,20
45,4141,0.0,0.0,1.0,0.0,10,0,20
45,4142,0.0,0.0,1.0,0.0,10,0,20
45,4143,0.0,0.0,1.0,0.0,10,0,20
45,4144,0.0,0.0,1.0,0.0,10,0,20
45,4145,0.0,0.0,1.0,0.0,10,0,20
45,4146,0.0,0.0,1.0,0.0,10,0,20
45,4147,0.0,0.0,1.0,0.0,10,0,20
45,4148,0.0,0.0,1.0,0.0,10,0,20
45,4149,0.0,0.0,1.0,0.0,10,0,20
45,4150,0.0,0.0,1.0,0.0,10,0,20
45,4151,0.0,0.0,1.0,0.0,10,0,20
45,4152,0.0,0.0,1.0,0.0,10,0,20
45,4153,0.0,0.0,1.0,0.0,10,0,20
45,4154,0.0,0.0,1.0,0.0,10,0,20
45,4155,0.0,0.0,1.0,0.0,10,0,20
45,4156,0.0,0.0,1.0,0.0,10,0,20
45,4157,0.0,0.0,1.0,0.0,10,0,20
45,4158,0.0,0.0,1.0,0.0,10,0,20
45,4159,0.0,0.0,1.0,0.0,10,0,20
45,4160,0.0,0.0,1.0,0.0,10,0,20
45,4161,0.0,0.0,1.0,0.0,10,0,20
45,4162,0.0,0.0,1.0,0.0,10,0,20
45,4163,0.0,0.0,1.0,0.0,10,0,20
45,4164,0.0,0.0,1.0,0.0,10,0,20
45,4165,0.0,0.0,1.0,0.0,10,0,20
45,4166,0.0,0.0,1.0,0.0,10,0,20
45,4167,0.0,0.0,1.0,0.0,10,0,20
45,4168,0.0,0.0,1.0,0.0,10,0,20
45,4169,0.0,0.0,1.0,0.0,10,0,20
45,4170,0.0,0.0,1.0,0.0,10,0,20
45,4171,0.0,0.0,1.0,0.0,10,0,20
45,4172,0.0,0.0,1.0,0.0,10,0,20
45,4173,0.0,0.0,1.0,0.0,10,0,20
45,4174,0.0,0.0,1.0,0.0,10,0,20
45,4175,0.0,0.0,1.0,0.0,10,0,20
45,4176,0.0,0.0,1.0,0.0,10,0,20
45,4177,0.0,0.0,1.0,0.0,10,0,20
45,4178,0.0,0.0,1.0,0.0,10,0,20
45,4179,0.0,0.0,1.0,0.0,10,0,20
45,4180,0.0,0.0,1.0,0.0,10,0,20
45,4181,0.0,0.0,1.0,0.0,10,0,20
45,4182,0.0,0.0,1.0,0.0,10,0,20
45,4183,0.0,0.0,1.0,0.0,10,0,20
45,4184,0.0,0.0,1.0,0.0,10,0,20
45,4185,0.0,0.0,1.0,0.0,10,0,20
45,4186,0.0,0.0,1.0,0.0,10,0,20
45,4187,0.0,0.0,1.0,0.0,10,0,20
45,4188,0.0,0.0,1.0,0.0,10,0,20
45,4189,0.0,0.0,1.0,0.0,10,0,20
45,4190,0.0,0.0,1.0,0.0,10,0,20
45,4191,0.0,0.0,1.0,0.0,10,0,20
45,4192,0.0,0.0,1.0,0.0,10,0,20
45,4193,0.0,0.0,1.0,0.0,10,0,20
45,4194,0.0,0.0,1.0,0.0,10,0,20
45,4195,0.0,0.0,1.0,0.0,10,0,20
45,4196,0.0,0.0,1.0,0.0,10,0,20
45,4197,0.0,0.0,1.0,0.0,10,0,20
45,4198,0.0,0.0,1.0,0.0,10,0,20
45,4199,0.0,0.0,1.0,0.0,10,0,20
45,4200,0.0,0.0,1.0,0.0,10,0,20
45,4201,0.0,0.0,1.0,0.0,10,0,20
45,4202,0.0,0.0,1.0,0.0,10,0,20
45,4203,0.0,0.0,1.0,0.0,10,0,20
45,4204,0.0,0.0,1.0,0.0,10,0,20
45,4205,0.0,0.0,1.0,0.0,10,0,20
45,4206,0.0,0.0,1.0,0.0,10,0,20
45,4207,0.0,0.0,1.0,0.0,10,0,20
45,4208,0.0,0.0,1.0,0.0,10,0,20
45,4209,0.0,0.0,1.0,0.0,10,0,20
45,4210,0.0,0.0,1.0,0.0,10,0,20
45,4211,0.0,0.0,1.0,0.0,10,0,20
45,4212,0.0,0.0,1.0,0.0,10,0,20
45,4213,0.0,0.0,1.0,0.0,10,0,20
45,4214,0.0,0.0,1.0,0.0,10,0,20
45,4215,0.0,0.0,1.0,0.0,10,0,20
45,4216,0.0,0.0,1.0,0.0,10,0,20
45,4217,0.0,0.0,1.0,0.0,10,0,20
45,4218,0.0,0.0,1.0,0.0,10,0,20
45,4219,0.0,0.0,1.0,0.0,10,0,20
45,4220,0.0,0.0,1.0,0.0,10,0,20
45,4221,0.0,0.0,1.0,0.0,10,0,20
45,4222,0.0,0.0,1.0,0.0,10,0,20
45,4223,0.0,0.0,1.0,0.0,10,0,20
45,4224,0.0,0.0,1.0,0.0,10,0,20
45,4225,0.0,0.0,1.0,0.0,10,0,20
45,4226,0.0,0.0,1.0,0.0,10,0,20
45,4227,0.0,0.0,1.0,0.0,10,0,20
45,4228,0.0,0.0,1.0,0.0,10,0,20
45,4229,0.0,0.0,1.0,0.0,10,0,20
45,4230,0.0,0.0,1.0,0.0,10,0,20
45,4231,0.0,0.0,1.0,0.0,10,0,20
45,4232,0.0,0.0,1.0,0.0,10,0,20
45,4233,0.0,0.0,1.0,0.0,10,0,20
45,4234,0.0,0.0,1.0,0.0,10,0,20
45,4235,0.0,0.0,1.0,0.0,10,0,20
45,4236,0.0,0.0,1.0,0.0,10,0,20
45,4237,0.0,0.0,1.0,0.0,10,0,20
45,4238,0.0,0.0,1.0,0.0,10,0,20
45,4239,0.0,0.0,1.0,0.0,10,0,20
45,4240,0.0,0.0,1.0,0.0,10,0,20
45,4241,0.0,0.0,1.0,0.0,10,0,20
45,4242,0.0,0.0,1.0,0.0,10,0,20
45,4243,0.0,0.0,1.0,0.0,10,0,20
45,4244,0.0,0.0,1.0,0.0,10,0,20
45,4245,0.0,0.0,1.0,0.0,10,0,20
45,4246,0.0,0.0,1.0,0.0,10,0,20
45,4247,0.0,0.0,1.0,0.0,10,0,20
45,4248,0.0,0.0,1.0,0.0,10,0,20
45,4249,0.0,0.0,1.0,0.0,10,0,20
45,4250,0.0,0.0,1.0,0.0,10,0,20
45,4251,0.0,0.0,1.0,0.0,10,0,20
45,4252,0.0,0.0,1.0,0.0,10,0,20
45,4253,0.0,0.0,1.0,0.0,10,0,20
45,4254,0.0,0.0,1.0,0.0,10,0,20
45,4255,0.0,0.0,1.0,0.0,10,0,20
45,4256,0.0,0.0,1.0,0.0,10,0,20
45,4257,0.0,0.0,1.0,0.0,10,0,20
45,4258,0.0,0.0,1.0,0.0,10,0,20
45,4259,0.0,0.0,1.0,0.0,10,0,20
45,4260,0.0,0.0,1.0,0.0,10,0,20
45,4261,0.0,0.0,1.0,0.0,10,0,20
45,4262,0.0,0.0,1.0,0.0,10,0,20
45,4263,0.0,0.0,1.0,0.0,10,0,20
45,4264,0.0,0.0,1.0,0.0,10,0,20
45,4265,0.0,0.0,1.0,0.0,10,0,20
45,4266,0.0,0.0,1.0,0.0,10,0,20
45,4267,0.0,0.0,1.0,0.0,10,0,20
45,4268,0.0,0.0,1.0,0.0,10,0,20
45,4269,0.0,0.0,1.0,0.0,10,0,20
45,4270,0.0,0.0,1.0,0.0,10,0,20
45,4271,0.0,0.0,1.0,0.0,10,0,20
45,4272,0.0,0.0,1.0,0.0,10,0,20
45,4273,0.0,0.0,1.0,0.0,10,0,20
45,4274,0.0,0.0,1.0,0.0,10,0,20
45,4275,0.0,0.0,1.0,0.0,10,0,20
45,4276,0.0,0.0,1.0,0.0,10,0,20
45,4277,0.0,0.0,1.0,0.0,10,0,20
45,4278,0.0,0.0,1.0,0.0,10,0,20
45,4279,0.0,0.0,1.0,0.0,10,0,20
45,4280,0.0,0.0,1.0,0.0,10,0,20
45,4281,0.0,0.0,1.0,0.0,10,0,20
45,4282,0.0,0.0,1.0,0.0,10,0,20
45,4283,0.0,0.0,1.0,0.0,10,0,20
45,4284,0.0,0.0,1.0,0.0,10,0,20
45,4285,0.0,0.0,1.0,0.0,10,0,20
45,4286,0.0,0.0,1.0,0.0,10,0,20
45,4287,0.0,0.0,1.0,0.0,10,0,20
45,4288,0.0,0.0,1.0,0.0,10,0,20
45,4289,0.0,0.0,1.0,0.0,10,0,20
45,4290,0.0,0.0,1.0,0.0,10,0,20
45,4291,0.0,0.0,1.0,0.0,10,0,20
45,4292,0.0,0.0,1.0,0.0,10,0,20
45,4293,0.0,0.0,1.0,0.0,10,0,20
45,4294,0.0,0.0,1.0,0.0,10,0,20
45,4295,0.0,0.0,1.0,0.0,10,0,20
45,4296,0.0,0.0,1.0,0.0,10,0,20
45,4297,0.0,0.0,1.0,0.0,10,0,20
45,4298,0.0,0.0,1.0,0.0,10,0,20
45,4299,0.0,0.0,1.0,0.0,10,0,20
45,4300,0.0,0.0,1.0,0.0,10,0,20
45,4301,0.0,0.0,1.0,0.0,10,0,20
45,4302,0.0,0.0,1.0,0.0,10,0,20
45,4303,0.0,0.0,1.0,0.0,10,0,20
45,4304,0.0,0.0,1.0,0.0,10,0,20
45,4305,0.0,0.0,1.0,0.0,10,0,20
45,4306,0.0,0.0,1.0,0.0,10,0,20
45,4307,0.0,0.0,1.0,0.0,10,0,20
45,4308,0.0,0.0,1.0,0.0,10,0,20
45,4309,0.0,0.0,1.0,0.0,10,0,20
45,4310,0.0,0.0,1.0,0.0,10,0,20
45,4311,0.0,0.0,1.0,0.0,10,0,20
45,4312,0.0,0.0,1.0,0.0,10,0,20
45,4313,0.0,0.0,1.0,0.0,10,0,20
45,4314,0.0,0.0,1.0,0.0,10,0,20
45,4315,0.0,0.0,1.0,0.0,10,0,20
45,4316,0.0,0.0,1.0,0.0,10,0,20
45,4317,0.0,0.0,1.0,0.0,10,0,20
45,4318,0.0,0.0,1.0,0.0,10,0,20
45,4319,0.0,0.0,1.0,0.0,10,0,20
45,4320,0.0,0.0,1.0,0.0,10,0,20
45,4321,0.0,0.0,1.0,0.0,10,0,20
45,4322,0.0,0.0,1.0,0.0,10,0,20
45,4323,0.0,0.0,1.0,0.0,10,0,20
45,4324,0.0,0.0,1.0,0.0,10,0,20
45,4325,0.0,0.0,1.0,0.0,10,0,20
45,4326,0.0,0.0,1.0,0.0,10,0,20
45,4327,0.0,0.0,1.0,0.0,10,0,20
45,4328,0.0,0.0,1.0,0.0,10,0,20
45,4329,0.0,0.0,1.0,0.0,10,0,20
45,4330,0.0,0.0,1.0,0.0,10,0,20
45,4331,0.0,0.0,1.0,0.0,10,0,20
45,4332,0.0,0.0,1.0,0.0,10,0,20
45,4333,0.0,0.0,1.0,0.0,10,0,20
45,4334,0.0,0.0,1.0,0.0,10,0,20
45,4335,0.0,0.0,1.0,0.0,10,0,20
45,4336,0.0,0.0,1.0,0.0,10,0,20
45,4337,0.0,0.0,1.0,0.0,10,0,20
45,4338,0.0,0.0,1.0,0.0,10,0,20
45,4339,0.0,0.0,1.0,0.0,10,0,20
45,4340,0.0,0.0,1.0,0.0,10,0,20
45,4341,0.0,0.0,1.0,0.0,10,0,20
45,4342,0.0,0.0,1.0,0.0,10,0,20
45,4343,0.0,0.0,1.0,0.0,10,0,20
45,4344,0.0,0.0,1.0,0.0,10,0,20
45,4345,0.0,0.0,1.0,0.0,10,0,20
45,4346,0.0,0.0,1.0,0.0,10,0,20
45,4347,0.0,0.0,1.0,0.0,10,0,20
45,4348,0.0,0.0,1.0,0.0,10,0,20
45,4349,0.0,0.0,1.0,0.0,10,0,20
45,4350,0.0,0.0,1.0,0.0,10,0,20
45,4351,0.0,0.0,1.0,0.0,10,0,20
45,4352,0.0,0.0,1.0,0.0,10,0,20
45,4353,0.0,0.0,1.0,0.0,10,0,20
45,4354,0.0,0.0,1.0,0.0,10,0,20
45,4355,0.0,0.0,1.0,0.0,10,0,20
45,4356,0.0,0.0,1.0,0.0,10,0,20
45,4357,0.0,0.0,1.0,0.0,10,0,20
45,4358,0.0,0.0,1.0,0.0,10,0,20
45,4359,0.0,0.0,1.0,0.0,10,0,20
45,4360,0.0,0.0,1.0,0.0,10,0,20
45,4361,0.0,0.0,1.0,0.0,10,0,20
45,4362,0.0,0.0,1.0,0.0,10,0,20
45,4363,0.0,0.0,1.0,0.0,10,0,20
45,4364,0.0,0.0,1.0,0.0,10,0,20
45,4365,0.0,0.0,1.0,0.0,10,0,20
45,4366,0.0,0.0,1.0,0.0,10,0,20
45,4367,0.0,0.0,1.0,0.0,10,0,20
45,4368,0.0,0.0,1.0,0.0,10,0,20
45,4369,0.0,0.0,1.0,0.0,10,0,20
45,4370,0.0,0.0,1.0,0.0,10,0,20
45,4371,0.0,0.0,1.0,0.0,10,0,20
45,4372,0.0,0.0,1.0,0.0,10,0,20
45,4373,0.0,0.0,1.0,0.0,10,0,20
45,4374,0.0,0.0,1.0,0.0,10,0,20
45,4375,0.0,0.0,1.0,0.0,10,0,20
45,4376,0.0,0.0,1.0,0.0,10,0,20
45,4377,0.0,0.0,1.0,0.0,10,0,20
45,4378,0.0,0.0,1.0,0.0,10,0,20
45,4379,0.0,0.0,1.0,0.0,10,0,20
45,4380,0.0,0.0,1.0,0.0,10,0,20
45,4381,0.0,0.0,1.0,0.0,10,0,20
45,4382,0.0,0.0,1.0,0.0,10,0,20
45,4383,0.0,0.0,1.0,0.0,10,0,20
45,4384,0.0,0.0,1.0,0.0,10,0,20
45,4385,0.0,0.0,1.0,0.0,10,0,20
45,4386,0.0,0.0,1.0,0.0,10,0,20
45,4387,0.0,0.0,1.0,0.0,10,0,20
45,4388,0.0,0.0,1.0,0.0,10,0,20
45,4389,0.0,0.0,1.0,0.0,10,0,20
45,4390,0.0,0.0,1.0,0.0,10,0,20
45,4391,0.0,0.0,1.0,0.0,10,0,20
45,4392,0.0,0.0,1.0,0.0,10,0,20
45,4393,0.0,0.0,1.0,0.0,10,0,20
45,4394,0.0,0.0,1.0,0.0,10,0,20
45,4395,0.0,0.0,1.0,0.0,10,0,20
45,4396,0.0,0.0,1.0,0.0,10,0,20
45,4397,0.0,0.0,1.0,0.0,10,0,20
45,4398,0.0,0.0,1.0,0.0,10,0,20
45,4399,0.0,0.0,1.0,0.0,10,0,20
45,4400,0.0,0.0,1.0,0.0,10,0,20
45,4401,0.0,0.0,1.0,0.0,10,0,20
45,4402,0.0,0.0,1.0,0.0,10,0,20
45,4403,0.0,0.0,1.0,0.0,10,0,20
45,4404,0.0,0.0,1.0,0.0,10,0,20
45,4405,0.0,0.0,1.0,0.0,10,0,20
45,4406,0.0,0.0,1.0,0.0,10,0,20
45,4407,0.0,0.0,1.0,0.0,10,0,20
45,4408,0.0,0.0,1.0,0.0,10,0,20
45,4409,0.0,0.0,1.0,0.0,10,0,20
45,4410,0.0,0.0,1.0,0.0,10,0,20
45,4411,0.0,0.0,1.0,0.0,10,0,20
45,4412,0.0,0.0,1.0,0.0,10,0,20
45,4413,0.0,0.0,1.0,0.0,10,0,20
45,4414,0.0,0.0,1.0,0.0,10,0,20
45,4415,0.0,0.0,1.0,0.0,10,0,20
45,4416,0.0,0.0,1.0,0.0,10,0,20
45,4417,0.0,0.0,1.0,0.0,10,0,20
45,4418,0.0,0.0,1.0,0.0,10,0,20
45,4419,0.0,0.0,1.0,0.0,10,0,20
45,4420,0.0,0.0,1.0,0.0,10,0,20
45,4421,0.0,0.0,1.0,0.0,10,0,20
45,4422,0.0,0.0,1.0,0.0,10,0,20
45,4423,0.0,0.0,1.0,0.0,10,0,20
45,4424,0.0,0.0,1.0,0.0,10,0,20
45,4425,0.0,0.0,1.0,0.0,10,0,20
45,4426,0.0,0.0,1.0,0.0,10,0,20
45,4427,0.0,0.0,1.0,0.0,10,0,20
45,4428,0.0,0.0,1.0,0.0,10,0,20
45,4429,0.0,0.0,1.0,0.0,10,0,20
45,4430,0.0,0.0,1.0,0.0,10,0,20
45,4431,0.0,0.0,1.0,0.0,10,0,20
45,4432,0.0,0.0,1.0,0.0,10,0,20
45,4433,0.0,0.0,1.0,0.0,10,0,20
45,4434,0.0,0.0,1.0,0.0,10,0,20
45,4435,0.0,0.0,1.0,0.0,10,0,20
45,4436,0.0,0.0,1.0,0.0,10,0,20
45,4437,0.0,0.0,1.0,0.0,10,0,20
45,4438,0.0,0.0,1.0,0.0,10,0,20
45,4439,0.0,0.0,1.0,0.0,10,0,20
45,4440,0.0,0.0,1.0,0.0,10,0,20
45,4441,0.0,0.0,1.0,0.0,10,0,20
45,4442,0.0,0.0,1.0,0.0,10,0,20
45,4443,0.0,0.0,1.0,0.0,10,0,20
45,4444,0.0,0.0,1.0,0.0,10,0,20
45,4445,0.0,0.0,1.0,0.0,10,0,20
45,4446,0.0,0.0,1.0,0.0,10,0,20
45,4447,0.0,0.0,1.0,0.0,10,0,20
45,4448,0.0,0.0,1.0,0.0,10,0,20
45,4449,0.0,0.0,1.0,0.0,10,0,20
45,4450,0.0,0.0,1.0,0.0,10,0,20
45,4451,0.0,0.0,1.0,0.0,10,0,20
45,4452,0.0,0.0,1.0,0.0,10,0,20
45,4453,0.0,0.0,1.0,0.0,10,0,20
45,4454,0.0,0.0,1.0,0.0,10,0,20
45,4455,0.0,0.0,1.0,0.0,10,0,20
45,4456,0.0,0.0,1.0,0.0,10,0,20
45,4457,0.0,0.0,1.0,0.0,10,0,20
45,4458,0.0,0.0,1.0,0.0,10,0,20
45,4459,0.0,0.0,1.0,0.0,10,0,20
45,4460,0.0,0.0,1.0,0.0,10,0,20
45,4461,0.0,0.0,1.0,0.0,10,0,20
45,4462,0.0,0.0,1.0,0.0,10,0,20
45,4463,0.0,0.0,1.0,0.0,10,0,20
45,4464,0.0,0.0,1.0,0.0,10,0,20
45,4465,0.0,0.0,1.0,0.0,10,0,20
45,4466,0.0,0.0,1.0,0.0,10,0,20
45,4467,0.0,0.0,1.0,0.0,10,0,20
45,4468,0.0,0.0,1.0,0.0,10,0,20
45,4469,0.0,0.0,1.0,0.0,10,0,20
45,4470,0.0,0.0,1.0,0.0,10,0,20
45,4471,0.0,0.0,1.0,0.0,10,0,20
45,4472,0.0,0.0,1.0,0.0,10,0,20
45,4473,0.0,0.0,1.0,0.0,10,0,20
45,4474,0.0,0.0,1.0,0.0,10,0,20
45,4475,0.0,0.0,1.0,0.0,10,0,20
45,4476,0.0,0.0,1.0,0.0,10,0,20
45,4477,0.0,0.0,1.0,0.0,10,0,20
45,4478,0.0,0.0,1.0,0.0,10,0,20
45,4479,0.0,0.0,1.0,0.0,10,0,20
45,4480,0.0,0.0,1.0,0.0,10,0,20
45,4481,0.0,0.0,1.0,0.0,10,0,20
45,4482,0.0,0.0,1.0,0.0,10,0,20
45,4483,0.0,0.0,1.0,0.0,10,0,20
45,4484,0.0,0.0,1.0,0.0,10,0,20
45,4485,0.0,0.0,1.0,0.0,10,0,20
45,4486,0.0,0.0,1.0,0.0,10,0,20
45,4487,0.0,0.0,1.0,0.0,10,0,20
45,4488,0.0,0.0,1.0,0.0,10,0,20
45,4489,0.0,0.0,1.0,0.0,10,0,20
45,4490,0.0,0.0,1.0,0.0,10,0,20
45,4491,0.0,0.0,1.0,0.0,10,0,20
45,4492,0.0,0.0,1.0,0.0,10,0,20
45,4493,0.0,0.0,1.0,0.0,10,0,20
45,4494,0.0,0.0,1.0,0.0,10,0,20
45,4495,0.0,0.0,1.0,0.0,10,0,20
45,4496,0.0,0.0,1.0,0.0,10,0,20
45,4497,0.0,0.0,1.0,0.0,10,0,20
45,4498,0.0,0.0,1.0,0.0,10,0,20
45,4499,0.0,0.0,1.0,0.0,10,0,20
45,4500,0.0,0.0,1.0,0.0,10,0,20
45,4501,0.0,0.0,1.0,0.0,10,0,20
45,4502,0.0,0.0,1.0,0.0,10,0,20
45,4503,0.0,0.0,1.0,0.0,10,0,20
45,4504,0.0,0.0,1.0,0.0,10,0,20
45,4505,0.0,0.0,1.0,0.0,10,0,20
45,4506,0.0,0.0,1.0,0.0,10,0,20
45,4507,0.0,0.0,1.0,0.0,10,0,20
45,4508,0.0,0.0,1.0,0.0,10,0,20
45,4509,0.0,0.0,1.0,0.0,10,0,20
45,4510,0.0,0.0,1.0,0.0,10,0,20
45,4511,0.0,0.0,1.0,0.0,10,0,20
45,4512,0.0,0.0,1.0,0.0,10,0,20
45,4513,0.0,0.0,1.0,0.0,10,0,20
45,4514,0.0,0.0,1.0,0.0,10,0,20
45,4515,0.0,0.0,1.0,0.0,10,0,20
45,4516,0.0,0.0,1.0,0.0,10,0,20
45,4517,0.0,0.0,1.0,0.0,10,0,20
45,4518,0.0,0.0,1.0,0.0,10,0,20
45,4519,0.0,0.0,1.0,0.0,10,0,20
45,4520,0.0,0.0,1.0,0.0,10,0,20
45,4521,0.0,0.0,1.0,0.0,10,0,20
45,4522,0.0,0.0,1.0,0.0,10,0,20
45,4523,0.0,0.0,1.0,0.0,10,0,20
45,4524,0.0,0.0,1.0,0.0,10,0,20
45,4525,0.0,0.0,1.0,0.0,10,0,20
45,4526,0.0,0.0,1.0,0.0,10,0,20
45,4527,0.0,0.0,1.0,0.0,10,0,20
45,4528,0.0,0.0,1.0,0.0,10,0,20
45,4529,0.0,0.0,1.0,0.0,10,0,20
45,4530,0.0,0.0,1.0,0.0,10,0,20
45,4531,0.0,0.0,1.0,0.0,10,0,20
45,4532,0.0,0.0,1.0,0.0,10,0,20
45,4533,0.0,0.0,1.0,0.0,10,0,20
45,4534,0.0,0.0,1.0,0.0,10,0,20
45,4535,0.0,0.0,1.0,0.0,10,0,20
45,4536,0.0,0.0,1.0,0.0,10,0,20
45,4537,0.0,0.0,1.0,0.0,10,0,20
45,4538,0.0,0.0,1.0,0.0,10,0,20
45,4539,0.0,0.0,1.0,0.0,10,0,20
45,4540,0.0,0.0,1.0,0.0,10,0,20
45,4541,0.0,0.0,1.0,0.0,10,0,20
45,4542,0.0,0.0,1.0,0.0,10,0,20
45,4543,0.0,0.0,1.0,0.0,10,0,20
45,4544,0.0,0.0,1.0,0.0,10,0,20
45,4545,0.0,0.0,1.0,0.0,10,0,20
45,4546,0.0,0.0,1.0,0.0,10,0,20
45,4547,0.0,0.0,1.0,0.0,10,0,20
45,4548,0.0,0.0,1.0,0.0,10,0,20
45,4549,0.0,0.0,1.0,0.0,10,0,20
45,4550,0.0,0.0,1.0,0.0,10,0,20
45,4551,0.0,0.0,1.0,0.0,10,0,20
45,4552,0.0,0.0,1.0,0.0,10,0,20
45,4553,0.0,0.0,1.0,0.0,10,0,20
45,4554,0.0,0.0,1.0,0.0,10,0,20
45,4555,0.0,0.0,1.0,0.0,10,0,20
45,4556,0.0,0.0,1.0,0.0,10,0,20
45,4557,0.0,0.0,1.0,0.0,10,0,20
45,4558,0.0,0.0,1.0,0.0,10,0,20
45,4559,0.0,0.0,1.0,0.0,10,0,20
45,4560,0.0,0.0,1.0,0.0,10,0,20
45,4561,0.0,0.0,1.0,0.0,10,0,20
45,4562,0.0,0.0,1.0,0.0,10,0,20
45,4563,0.0,0.0,1.0,0.0,10,0,20
45,4564,0.0,0.0,1.0,0.0,10,0,20
45,4565,0.0,0.0,1.0,0.0,10,0,20
45,4566,0.0,0.0,1.0,0.0,10,0,20
45,4567,0.0,0.0,1.0,0.0,10,0,20
45,4568,0.0,0.0,1.0,0.0,10,0,20
45,4569,0.0,0.0,1.0,0.0,10,0,20
45,4570,0.0,0.0,1.0,0.0,10,0,20
45,4571,0.0,0.0,1.0,0.0,10,0,20
45,4572,0.0,0.0,1.0,0.0,10,0,20
45,4573,0.0,0.0,1.0,0.0,10,0,20
45,4574,0.0,0.0,1.0,0.0,10,0,20
45,4575,0.0,0.0,1.0,0.0,10,0,20
45,4576,0.0,0.0,1.0,0.0,10,0,20
45,4577,0.0,0.0,1.0,0.0,10,0,20
45,4578,0.0,0.0,1.0,0.0,10,0,20
45,4579,0.0,0.0,1.0,0.0,10,0,20
45,4580,0.0,0.0,1.0,0.0,10,0,20
45,4581,0.0,0.0,1.0,0.0,10,0,20
45,4582,0.0,0.0,1.0,0.0,10,0,20
45,4583,0.0,0.0,1.0,0.0,10,0,20
45,4584,0.0,0.0,1.0,0.0,10,0,20
45,4585,0.0,0.0,1.0,0.0,10,0,20
45,4586,0.0,0.0,1.0,0.0,10,0,20
45,4587,0.0,0.0,1.0,0.0,10,0,20
45,4588,0.0,0.0,1.0,0.0,10,0,20
45,4589,0.0,0.0,1.0,0.0,10,0,20
45,4590,0.0,0.0,1.0,0.0,10,0,20
45,4591,0.0,0.0,1.0,0.0,10,0,20
45,4592,0.0,0.0,1.0,0.0,10,0,20
45,4593,0.0,0.0,1.0,0.0,10,0,20
45,4594,0.0,0.0,1.0,0.0,10,0,20
45,4595,0.0,0.0,1.0,0.0,10,0,20
45,4596,0.0,0.0,1.0,0.0,10,0,20
45,4597,0.0,0.0,1.0,0.0,10,0,20
45,4598,0.0,0.0,1.0,0.0,10,0,20
45,4599,0.0,0.0,1.0,0.0,10,0,20
45,4600,0.0,0.0,1.0,0.0,10,0,20
45,4601,0.0,0.0,1.0,0.0,10,0,20
45,4602,0.0,0.0,1.0,0.0,10,0,20
45,4603,0.0,0.0,1.0,0.0,10,0,20
45,4604,0.0,0.0,1.0,0.0,10,0,20
45,4605,0.0,0.0,1.0,0.0,10,0,20
45,4606,0.0,0.0,1.0,0.0,10,0,20
45,4607,0.0,0.0,1.0,0.0,10,0,20
45,4608,0.0,0.0,1.0,0.0,10,0,20
45,4609,0.0,0.0,1.0,0.0,10,0,20
45,4610,0.0,0.0,1.0,0.0,10,0,20
45,4611,0.0,0.0,1.0,0.0,10,0,20
45,4612,0.0,0.0,1.0,0.0,10,0,20
45,4613,0.0,0.0,1.0,0.0,10,0,20
45,4614,0.0,0.0,1.0,0.0,10,0,20
45,4615,0.0,0.0,1.0,0.0,10,0,20
45,4616,0.0,0.0,1.0,0.0,10,0,20
45,4617,0.0,0.0,1.0,0.0,10,0,20
45,4618,0.0,0.0,1.0,0.0,10,0,20
45,4619,0.0,0.0,1.0,0.0,10,0,20
45,4620,0.0,0.0,1.0,0.0,10,0,20
45,4621,0.0,0.0,1.0,0.0,10,0,20
45,4622,0.0,0.0,1.0,0.0,10,0,20
45,4623,0.0,0.0,1.0,0.0,10,0,20
45,4624,0.0,0.0,1.0,0.0,10,0,20
45,4625,0.0,0.0,1.0,0.0,10,0,20
45,4626,0.0,0.0,1.0,0.0,10,0,20
45,4627,0.0,0.0,1.0,0.0,10,0,20
45,4628,0.0,0.0,1.0,0.0,10,0,20
45,4629,0.0,0.0,1.0,0.0,10,0,20
45,4630,0.0,0.0,1.0,0.0,10,0,20
45,4631,0.0,0.0,1.0,0.0,10,0,20
45,4632,0.0,0.0,1.0,0.0,10,0,20
45,4633,0.0,0.0,1.0,0.0,10,0,20
45,4634,0.0,0.0,1.0,0.0,10,0,20
45,4635,0.0,0.0,1.0,0.0,10,0,20
45,4636,0.0,0.0,1.0,0.0,10,0,20
45,4637,0.0,0.0,1.0,0.0,10,0,20
45,4638,0.0,0.0,1.0,0.0,10,0,20
45,4639,0.0,0.0,1.0,0.0,10,0,20
45,4640,0.0,0.0,1.0,0.0,10,0,20
45,4641,0.0,0.0,1.0,0.0,10,0,20
45,4642,0.0,0.0,1.0,0.0,10,0,20
45,4643,0.0,0.0,1.0,0.0,10,0,20
45,4644,0.0,0.0,1.0,0.0,10,0,20
45,4645,0.0,0.0,1.0,0.0,10,0,20
45,4646,0.0,0.0,1.0,0.0,10,0,20
45,4647,0.0,0.0,1.0,0.0,10,0,20
45,4648,0.0,0.0,1.0,0.0,10,0,20
45,4649,0.0,0.0,1.0,0.0,10,0,20
45,4650,0.0,0.0,1.0,0.0,10,0,20
45,4651,0.0,0.0,1.0,0.0,10,0,20
45,4652,0.0,0.0,1.0,0.0,10,0,20
45,4653,0.0,0.0,1.0,0.0,10,0,20
45,4654,0.0,0.0,1.0,0.0,10,0,20
45,4655,0.0,0.0,1.0,0.0,10,0,20
45,4656,0.0,0.0,1.0,0.0,10,0,20
45,4657,0.0,0.0,1.0,0.0,10,0,20
45,4658,0.0,0.0,1.0,0.0,10,0,20
45,4659,0.0,0.0,1.0,0.0,10,0,20
45,4660,0.0,0.0,1.0,0.0,10,0,20
45,4661,0.0,0.0,1.0,0.0,10,0,20
45,4662,0.0,0.0,1.0,0.0,10,0,20
45,4663,0.0,0.0,1.0,0.0,10,0,20
45,4664,0.0,0.0,1.0,0.0,10,0,20
45,4665,0.0,0.0,1.0,0.0,10,0,20
45,4666,0.0,0.0,1.0,0.0,10,0,20
45,4667,0.0,0.0,1.0,0.0,10,0,20
45,4668,0.0,0.0,1.0,0.0,10,0,20
45,4669,0.0,0.0,1.0,0.0,10,0,20
45,4670,0.0,0.0,1.0,0.0,10,0,20
45,4671,0.0,0.0,1.0,0.0,10,0,20
45,4672,0.0,0.0,1.0,0.0,10,0,20
45,4673,0.0,0.0,1.0,0.0,10,0,20
45,4674,0.0,0.0,1.0,0.0,10,0,20
45,4675,0.0,0.0,1.0,0.0,10,0,20
45,4676,0.0,0.0,1.0,0.0,10,0,20
45,4677,0.0,0.0,1.0,0.0,10,0,20
45,4678,0.0,0.0,1.0,0.0,10,0,20
45,4679,0.0,0.0,1.0,0.0,10,0,20
45,4680,0.0,0.0,1.0,0.0,10,0,20
45,4681,0.0,0.0,1.0,0.0,10,0,20
45,4682,0.0,0.0,1.0,0.0,10,0,20
45,4683,0.0,0.0,1.0,0.0,10,0,20
45,4684,0.0,0.0,1.0,0.0,10,0,20
45,4685,0.0,0.0,1.0,0.0,10,0,20
45,4686,0.0,0.0,1.0,0.0,10,0,20
45,4687,0.0,0.0,1.0,0.0,10,0,20
45,4688,0.0,0.0,1.0,0.0,10,0,20
45,4689,0.0,0.0,1.0,0.0,10,0,20
45,4690,0.0,0.0,1.0,0.0,10,0,20
45,4691,0.0,0.0,1.0,0.0,10,0,20
45,4692,0.0,0.0,1.0,0.0,10,0,20
45,4693,0.0,0.0,1.0,0.0,10,0,20
45,4694,0.0,0.0,1.0,0.0,10,0,20
45,4695,0.0,0.0,1.0,0.0,10,0,20
45,4696,0.0,0.0,1.0,0.0,10,0,20
45,4697,0.0,0.0,1.0,0.0,10,0,20
45,4698,0.0,0.0,1.0,0.0,10,0,20
45,4699,0.0,0.0,1.0,0.0,10,0,20
45,4700,0.0,0.0,1.0,0.0,10,0,20
45,4701,0.0,0.0,1.0,0.0,10,0,20
45,4702,0.0,0.0,1.0,0.0,10,0,20
45,4703,0.0,0.0,1.0,0.0,10,0,20
45,4704,0.0,0.0,1.0,0.0,10,0,20
45,4705,0.0,0.0,1.0,0.0,10,0,20
45,4706,0.0,0.0,1.0,0.0,10,0,20
45,4707,0.0,0.0,1.0,0.0,10,0,20
45,4708,0.0,0.0,1.0,0.0,10,0,20
45,4709,0.0,0.0,1.0,0.0,10,0,20
45,4710,0.0,0.0,1.0,0.0,10,0,20
45,4711,0.0,0.0,1.0,0.0,10,0,20
45,4712,0.0,0.0,1.0,0.0,10,0,20
45,4713,0.0,0.0,1.0,0.0,10,0,20
45,4714,0.0,0.0,1.0,0.0,10,0,20
45,4715,0.0,0.0,1.0,0.0,10,0,20
45,4716,0.0,0.0,1.0,0.0,10,0,20
45,4717,0.0,0.0,1.0,0.0,10,0,20
45,4718,0.0,0.0,1.0,0.0,10,0,20
45,4719,0.0,0.0,1.0,0.0,10,0,20
45,4720,0.0,0.0,1.0,0.0,10,0,20
45,4721,0.0,0.0,1.0,0.0,10,0,20
45,4722,0.0,0.0,1.0,0.0,10,0,20
45,4723,0.0,0.0,1.0,0.0,10,0,20
45,4724,0.0,0.0,1.0,0.0,10,0,20
45,4725,0.0,0.0,1.0,0.0,10,0,20
45,4726,0.0,0.0,1.0,0.0,10,0,20
45,4727,0.0,0.0,1.0,0.0,10,0,20
45,4728,0.0,0.0,1.0,0.0,10,0,20
45,4729,0.0,0.0,1.0,0.0,10,0,20
45,4730,0.0,0.0,1.0,0.0,10,0,20
45,4731,0.0,0.0,1.0,0.0,10,0,20
45,4732,0.0,0.0,1.0,0.0,10,0,20
45,4733,0.0,0.0,1.0,0.0,10,0,20
45,4734,0.0,0.0,1.0,0.0,10,0,20
45,4735,0.0,0.0,1.0,0.0,10,0,20
45,4736,0.0,0.0,1.0,0.0,10,0,20
45,4737,0.0,0.0,1.0,0.0,10,0,20
45,4738,0.0,0.0,1.0,0.0,10,0,20
45,4739,0.0,0.0,1.0,0.0,10,0,20
45,4740,0.0,0.0,1.0,0.0,10,0,20
45,4741,0.0,0.0,1.0,0.0,10,0,20
45,4742,0.0,0.0,1.0,0.0,10,0,20
45,4743,0.0,0.0,1.0,0.0,10,0,20
45,4744,0.0,0.0,1.0,0.0,10,0,20
45,4745,0.0,0.0,1.0,0.0,10,0,20
45,4746,0.0,0.0,1.0,0.0,10,0,20
45,4747,0.0,0.0,1.0,0.0,10,0,20
45,4748,0.0,0.0,1.0,0.0,10,0,20
45,4749,0.0,0.0,1.0,0.0,10,0,20
45,4750,0.0,0.0,1.0,0.0,10,0,20
45,4751,0.0,0.0,1.0,0.0,10,0,20
45,4752,0.0,0.0,1.0,0.0,10,0,20
45,4753,0.0,0.0,1.0,0.0,10,0,20
45,4754,0.0,0.0,1.0,0.0,10,0,20
45,4755,0.0,0.0,1.0,0.0,10,0,20
45,4756,0.0,0.0,1.0,0.0,10,0,20
45,4757,0.0,0.0,1.0,0.0,10,0,20
45,4758,0.0,0.0,1.0,0.0,10,0,20
45,4759,0.0,0.0,1.0,0.0,10,0,20
45,4760,0.0,0.0,1.0,0.0,10,0,20
45,4761,0.0,0.0,1.0,0.0,10,0,20
45,4762,0.0,0.0,1.0,0.0,10,0,20
45,4763,0.0,0.0,1.0,0.0,10,0,20
45,4764,0.0,0.0,1.0,0.0,10,0,20
45,4765,0.0,0.0,1.0,0.0,10,0,20
45,4766,0.0,0.0,1.0,0.0,10,0,20
45,4767,0.0,0.0,1.0,0.0,10,0,20
45,4768,0.0,0.0,1.0,0.0,10,0,20
45,4769,0.0,0.0,1.0,0.0,10,0,20
45,4770,0.0,0.0,1.0,0.0,10,0,20
45,4771,0.0,0.0,1.0,0.0,10,0,20
45,4772,0.0,0.0,1.0,0.0,10,0,20
45,4773,0.0,0.0,1.0,0.0,10,0,20
45,4774,0.0,0.0,1.0,0.0,10,0,20
45,4775,0.0,0.0,1.0,0.0,10,0,20
45,4776,0.0,0.0,1.0,0.0,10,0,20
45,4777,0.0,0.0,1.0,0.0,10,0,20
45,4778,0.0,0.0,1.0,0.0,10,0,20
45,4779,0.0,0.0,1.0,0.0,10,0,20
45,4780,0.0,0.0,1.0,0.0,10,0,20
45,4781,0.0,0.0,1.0,0.0,10,0,20
45,4782,0.0,0.0,1.0,0.0,10,0,20
45,4783,0.0,0.0,1.0,0.0,10,0,20
45,4784,0.0,0.0,1.0,0.0,10,0,20
45,4785,0.0,0.0,1.0,0.0,10,0,20
45,4786,0.0,0.0,1.0,0.0,10,0,20
45,4787,0.0,0.0,1.0,0.0,10,0,20
45,4788,0.0,0.0,1.0,0.0,10,0,20
45,4789,0.0,0.0,1.0,0.0,10,0,20
45,4790,0.0,0.0,1.0,0.0,10,0,20
45,4791,0.0,0.0,1.0,0.0,10,0,20
45,4792,0.0,0.0,1.0,0.0,10,0,20
45,4793,0.0,0.0,1.0,0.0,10,0,20
45,4794,0.0,0.0,1.0,0.0,10,0,20
45,4795,0.0,0.0,1.0,0.0,10,0,20
45,4796,0.0,0.0,1.0,0.0,10,0,20
45,4797,0.0,0.0,1.0,0.0,10,0,20
45,4798,0.0,0.0,1.0,0.0,10,0,20
45,4799,0.0,0.0,1.0,0.0,10,0,20
45,4800,0.0,0.0,1.0,0.0,10,0,20
45,4801,0.0,0.0,1.0,0.0,10,0,20
45,4802,0.0,0.0,1.0,0.0,10,0,20
45,4803,0.0,0.0,1.0,0.0,10,0,20
45,4804,0.0,0.0,1.0,0.0,10,0,20
45,4805,0.0,0.0,1.0,0.0,10,0,20
45,4806,0.0,0.0,1.0,0.0,10,0,20
45,4807,0.0,0.0,1.0,0.0,10,0,20
45,4808,0.0,0.0,1.0,0.0,10,0,20
45,4809,0.0,0.0,1.0,0.0,10,0,20
45,4810,0.0,0.0,1.0,0.0,10,0,20
45,4811,0.0,0.0,1.0,0.0,10,0,20
45,4812,0.0,0.0,1.0,0.0,10,0,20
45,4813,0.0,0.0,1.0,0.0,10,0,20
45,4814,0.0,0.0,1.0,0.0,10,0,20
45,4815,0.0,0.0,1.0,0.0,10,0,20
45,4816,0.0,0.0,1.0,0.0,10,0,20
45,4817,0.0,0.0,1.0,0.0,10,0,20
45,4818,0.0,0.0,1.0,0.0,10,0,20
45,4819,0.0,0.0,1.0,0.0,10,0,20
45,4820,0.0,0.0,1.0,0.0,10,0,20
45,4821,0.0,0.0,1.0,0.0,10,0,20
45,4822,0.0,0.0,1.0,0.0,10,0,20
45,4823,0.0,0.0,1.0,0.0,10,0,20
45,4824,0.0,0.0,1.0,0.0,10,0,20
45,4825,0.0,0.0,1.0,0.0,10,0,20
45,4826,0.0,0.0,1.0,0.0,10,0,20
45,4827,0.0,0.0,1.0,0.0,10,0,20
45,4828,0.0,0.0,1.0,0.0,10,0,20
45,4829,0.0,0.0,1.0,0.0,10,0,20
45,4830,0.0,0.0,1.0,0.0,10,0,20
45,4831,0.0,0.0,1.0,0.0,10,0,20
45,4832,0.0,0.0,1.0,0.0,10,0,20
45,4833,0.0,0.0,1.0,0.0,10,0,20
45,4834,0.0,0.0,1.0,0.0,10,0,20
45,4835,0.0,0.0,1.0,0.0,10,0,20
45,4836,0.0,0.0,1.0,0.0,10,0,20
45,4837,0.0,0.0,1.0,0.0,10,0,20
45,4838,0.0,0.0,1.0,0.0,10,0,20
45,4839,0.0,0.0,1.0,0.0,10,0,20
45,4840,0.0,0.0,1.0,0.0,10,0,20
45,4841,0.0,0.0,1.0,0.0,10,0,20
45,4842,0.0,0.0,1.0,0.0,10,0,20
45,4843,0.0,0.0,1.0,0.0,10,0,20
45,4844,0.0,0.0,1.0,0.0,10,0,20
45,4845,0.0,0.0,1.0,0.0,10,0,20
45,4846,0.0,0.0,1.0,0.0,10,0,20
45,4847,0.0,0.0,1.0,0.0,10,0,20
45,4848,0.0,0.0,1.0,0.0,10,0,20
45,4849,0.0,0.0,1.0,0.0,10,0,20
45,4850,0.0,0.0,1.0,0.0,10,0,20
45,4851,0.0,0.0,1.0,0.0,10,0,20
45,4852,0.0,0.0,1.0,0.0,10,0,20
45,4853,0.0,0.0,1.0,0.0,10,0,20
45,4854,0.0,0.0,1.0,0.0,10,0,20
45,4855,0.0,0.0,1.0,0.0,10,0,20
45,4856,0.0,0.0,1.0,0.0,10,0,20
45,4857,0.0,0.0,1.0,0.0,10,0,20
45,4858,0.0,0.0,1.0,0.0,10,0,20
45,4859,0.0,0.0,1.0,0.0,10,0,20
45,4860,0.0,0.0,1.0,0.0,10,0,20
45,4861,0.0,0.0,1.0,0.0,10,0,20
45,4862,0.0,0.0,1.0,0.0,10,0,20
45,4863,0.0,0.0,1.0,0.0,10,0,20
45,4864,0.0,0.0,1.0,0.0,10,0,20
45,4865,0.0,0.0,1.0,0.0,10,0,20
45,4866,0.0,0.0,1.0,0.0,10,0,20
45,4867,0.0,0.0,1.0,0.0,10,0,20
45,4868,0.0,0.0,1.0,0.0,10,0,20
45,4869,0.0,0.0,1.0,0.0,10,0,20
45,4870,0.0,0.0,1.0,0.0,10,0,20
45,4871,0.0,0.0,1.0,0.0,10,0,20
45,4872,0.0,0.0,1.0,0.0,10,0,20
45,4873,0.0,0.0,1.0,0.0,10,0,20
45,4874,0.0,0.0,1.0,0.0,10,0,20
45,4875,0.0,0.0,1.0,0.0,10,0,20
45,4876,0.0,0.0,1.0,0.0,10,0,20
45,4877,0.0,0.0,1.0,0.0,10,0,20
45,4878,0.0,0.0,1.0,0.0,10,0,20
45,4879,0.0,0.0,1.0,0.0,10,0,20
45,4880,0.0,0.0,1.0,0.0,10,0,20
45,4881,0.0,0.0,1.0,0.0,10,0,20
45,4882,0.0,0.0,1.0,0.0,10,0,20
45,4883,0.0,0.0,1.0,0.0,10,0,20
45,4884,0.0,0.0,1.0,0.0,10,0,20
45,4885,0.0,0.0,1.0,0.0,10,0,20
45,4886,0.0,0.0,1.0,0.0,10,0,20
45,4887,0.0,0.0,1.0,0.0,10,0,20
45,4888,0.0,0.0,1.0,0.0,10,0,20
45,4889,0.0,0.0,1.0,0.0,10,0,20
45,4890,0.0,0.0,1.0,0.0,10,0,20
45,4891,0.0,0.0,1.0,0.0,10,0,20
45,4892,0.0,0.0,1.0,0.0,10,0,20
45,4893,0.0,0.0,1.0,0.0,10,0,20
45,4894,0.0,0.0,1.0,0.0,10,0,20
45,4895,0.0,0.0,1.0,0.0,10,0,20
45,4896,0.0,0.0,1.0,0.0,10,0,20
45,4897,0.0,0.0,1.0,0.0,10,0,20
45,4898,0.0,0.0,1.0,0.0,10,0,20
45,4899,0.0,0.0,1.0,0.0,10,0,20
45,4900,0.0,0.0,1.0,0.0,10,0,20
45,4901,0.0,0.0,1.0,0.0,10,0,20
45,4902,0.0,0.0,1.0,0.0,10,0,20
45,4903,0.0,0.0,1.0,0.0,10,0,20
45,4904,0.0,0.0,1.0,0.0,10,0,20
45,4905,0.0,0.0,1.0,0.0,10,0,20
45,4906,0.0,0.0,1.0,0.0,10,0,20
45,4907,0.0,0.0,1.0,0.0,10,0,20
45,4908,0.0,0.0,1.0,0.0,10,0,20
45,4909,0.0,0.0,1.0,0.0,10,0,20
45,4910,0.0,0.0,1.0,0.0,10,0,20
45,4911,0.0,0.0,1.0,0.0,10,0,20
45,4912,0.0,0.0,1.0,0.0,10,0,20
45,4913,0.0,0.0,1.0,0.0,10,0,20
45,4914,0.0,0.0,1.0,0.0,10,0,20
45,4915,0.0,0.0,1.0,0.0,10,0,20
45,4916,0.0,0.0,1.0,0.0,10,0,20
45,4917,0.0,0.0,1.0,0.0,10,0,20
45,4918,0.0,0.0,1.0,0.0,10,0,20
45,4919,0.0,0.0,1.0,0.0,10,0,20
45,4920,0.0,0.0,1.0,0.0,10,0,20
45,4921,0.0,0.0,1.0,0.0,10,0,20
45,4922,0.0,0.0,1.0,0.0,10,0,20
45,4923,0.0,0.0,1.0,0.0,10,0,20
45,4924,0.0,0.0,1.0,0.0,10,0,20
45,4925,0.0,0.0,1.0,0.0,10,0,20
45,4926,0.0,0.0,1.0,0.0,10,0,20
45,4927,0.0,0.0,1.0,0.0,10,0,20
45,4928,0.0,0.0,1.0,0.0,10,0,20
45,4929,0.0,0.0,1.0,0.0,10,0,20
45,4930,0.0,0.0,1.0,0.0,10,0,20
45,4931,0.0,0.0,1.0,0.0,10,0,20
45,4932,0.0,0.0,1.0,0.0,10,0,20
45,4933,0.0,0.0,1.0,0.0,10,0,20
45,4934,0.0,0.0,1.0,0.0,10,0,20
45,4935,0.0,0.0,1.0,0.0,10,0,20
45,4936,0.0,0.0,1.0,0.0,10,0,20
45,4937,0.0,0.0,1.0,0.0,10,0,20
45,4938,0.0,0.0,1.0,0.0,10,0,20
45,4939,0.0,0.0,1.0,0.0,10,0,20
45,4940,0.0,0.0,1.0,0.0,10,0,20
45,4941,0.0,0.0,1.0,0.0,10,0,20
45,4942,0.0,0.0,1.0,0.0,10,0,20
45,4943,0.0,0.0,1.0,0.0,10,0,20
45,4944,0.0,0.0,1.0,0.0,10,0,20
45,4945,0.0,0.0,1.0,0.0,10,0,20
45,4946,0.0,0.0,1.0,0.0,10,0,20
45,4947,0.0,0.0,1.0,0.0,10,0,20
45,4948,0.0,0.0,1.0,0.0,10,0,20
45,4949,0.0,0.0,1.0,0.0,10,0,20
45,4950,0.0,0.0,1.0,0.0,10,0,20
45,4951,0.0,0.0,1.0,0.0,10,0,20
45,4952,0.0,0.0,1.0,0.0,10,0,20
45,4953,0.0,0.0,1.0,0.0,10,0,20
45,4954,0.0,0.0,1.0,0.0,10,0,20
45,4955,0.0,0.0,1.0,0.0,10,0,20
45,4956,0.0,0.0,1.0,0.0,10,0,20
45,4957,0.0,0.0,1.0,0.0,10,0,20
45,4958,0.0,0.0,1.0,0.0,10,0,20
45,4959,0.0,0.0,1.0,0.0,10,0,20
45,4960,0.0,0.0,1.0,0.0,10,0,20
45,4961,0.0,0.0,1.0,0.0,10,0,20
45,4962,0.0,0.0,1.0,0.0,10,0,20
45,4963,0.0,0.0,1.0,0.0,10,0,20
45,4964,0.0,0.0,1.0,0.0,10,0,20
45,4965,0.0,0.0,1.0,0.0,10,0,20
45,4966,0.0,0.0,1.0,0.0,10,0,20
45,4967,0.0,0.0,1.0,0.0,10,0,20
45,4968,0.0,0.0,1.0,0.0,10,0,20
45,4969,0.0,0.0,1.0,0.0,10,0,20
45,4970,0.0,0.0,1.0,0.0,10,0,20
45,4971,0.0,0.0,1.0,0.0,10,0,20
45,4972,0.0,0.0,1.0,0.0,10,0,20
45,4973,0.0,0.0,1.0,0.0,10,0,20
45,4974,0.0,0.0,1.0,0.0,10,0,20
45,4975,0.0,0.0,1.0,0.0,10,0,20
45,4976,0.0,0.0,1.0,0.0,10,0,20
45,4977,0.0,0.0,1.0,0.0,10,0,20
45,4978,0.0,0.0,1.0,0.0,10,0,20
45,4979,0.0,0.0,1.0,0.0,10,0,20
45,4980,0.0,0.0,1.0,0.0,10,0,20
45,4981,0.0,0.0,1.0,0.0,10,0,20
45,4982,0.0,0.0,1.0,0.0,10,0,20
45,4983,0.0,0.0,1.0,0.0,10,0,20
45,4984,0.0,0.0,1.0,0.0,10,0,20
45,4985,0.0,0.0,1.0,0.0,10,0,20
45,4986,0.0,0.0,1.0,0.0,10,0,20
45,4987,0.0,0.0,1.0,0.0,10,0,20
45,4988,0.0,0.0,1.0,0.0,10,0,20
45,4989,0.0,0.0,1.0,0.0,10,0,20
45,4990,0.0,0.0,1.0,0.0,10,0,20
45,4991,0.0,0.0,1.0,0.0,10,0,20
45,4992,0.0,0.0,1.0,0.0,10,0,20
45,4993,0.0,0.0,1.0,0.0,10,0,20
45,4994,0.0,0.0,1.0,0.0,10,0,20
45,4995,0.0,0.0,1.0,0.0,10,0,20
45,4996,0.0,0.0,1.0,0.0,10,0,20
45,4997,0.0,0.0,1.0,0.0,10,0,20
45,4998,0.0,0.0,1.0,0.0,10,0,20
45,4999,0.0,0.0,1.0,0.0,10,0,20
45,5000,0.0,0.0,1.0,0.0,10,0,20
45,5001,0.0,0.0,1.0,0.0,10,0,20
45,5002,0.0,0.0,1.0,0.0,10,0,20
45,5003,0.0,0.0,1.0,0.0,10,0,20
45,5004,0.0,0.0,1.0,0.0,10,0,20
45,5005,0.0,0.0,1.0,0.0,10,0,20
45,5006,0.0,0.0,1.0,0.0,10,0,20
45,5007,0.0,0.0,1.0,0.0,10,0,20
45,5008,0.0,0.0,1.0,0.0,10,0,20
45,5009,0.0,0.0,1.0,0.0,10,0,20
45,5010,0.0,0.0,1.0,0.0,10,0,20
45,5011,0.0,0.0,1.0,0.0,10,0,20
45,5012,0.0,0.0,1.0,0.0,10,0,20
45,5013,0.0,0.0,1.0,0.0,10,0,20
45,5014,0.0,0.0,1.0,0.0,10,0,20
45,5015,0.0,0.0,1.0,0.0,10,0,20
45,5016,0.0,0.0,1.0,0.0,10,0,20
45,5017,0.0,0.0,1.0,0.0,10,0,20
45,5018,0.0,0.0,1.0,0.0,10,0,20
45,5019,0.0,0.0,1.0,0.0,10,0,20
45,5020,0.0,0.0,1.0,0.0,10,0,20
45,5021,0.0,0.0,1.0,0.0,10,0,20
45,5022,0.0,0.0,1.0,0.0,10,0,20
45,5023,0.0,0.0,1.0,0.0,10,0,20
45,5024,0.0,0.0,1.0,0.0,10,0,20
45,5025,0.0,0.0,1.0,0.0,10,0,20
45,5026,0.0,0.0,1.0,0.0,10,0,20
45,5027,0.0,0.0,1.0,0.0,10,0,20
45,5028,0.0,0.0,1.0,0.0,10,0,20
45,5029,0.0,0.0,1.0,0.0,10,0,20
45,5030,0.0,0.0,1.0,0.0,10,0,20
45,5031,0.0,0.0,1.0,0.0,10,0,20
45,5032,0.0,0.0,1.0,0.0,10,0,20
45,5033,0.0,0.0,1.0,0.0,10,0,20
45,5034,0.0,0.0,1.0,0.0,10,0,20
45,5035,0.0,0.0,1.0,0.0,10,0,20
45,5036,0.0,0.0,1.0,0.0,10,0,20
45,5037,0.0,0.0,1.0,0.0,10,0,20
45,5038,0.0,0.0,1.0,0.0,10,0,20
45,5039,0.0,0.0,1.0,0.0,10,0,20
45,5040,0.0,0.0,1.0,0.0,10,0,20
45,5041,0.0,0.0,1.0,0.0,10,0,20
45,5042,0.0,0.0,1.0,0.0,10,0,20
45,5043,0.0,0.0,1.0,0.0,10,0,20
45,5044,0.0,0.0,1.0,0.0,10,0,20
45,5045,0.0,0.0,1.0,0.0,10,0,20
45,5046,0.0,0.0,1.0,0.0,10,0,20
45,5047,0.0,0.0,1.0,0.0,10,0,20
45,5048,0.0,0.0,1.0,0.0,10,0,20
45,5049,0.0,0.0,1.0,0.0,10,0,20
45,5050,0.0,0.0,1.0,0.0,10,0,20
45,5051,0.0,0.0,1.0,0.0,10,0,20
45,5052,0.0,0.0,1.0,0.0,10,0,20
45,5053,0.0,0.0,1.0,0.0,10,0,20
45,5054,0.0,0.0,1.0,0.0,10,0,20
45,5055,0.0,0.0,1.0,0.0,10,0,20
45,5056,0.0,0.0,1.0,0.0,10,0,20
45,5057,0.0,0.0,1.0,0.0,10,0,20
45,5058,0.0,0.0,1.0,0.0,10,0,20
45,5059,0.0,0.0,1.0,0.0,10,0,20
45,5060,0.0,0.0,1.0,0.0,10,0,20
45,5061,0.0,0.0,1.0,0.0,10,0,20
45,5062,0.0,0.0,1.0,0.0,10,0,20
45,5063,0.0,0.0,1.0,0.0,10,0,20
45,5064,0.0,0.0,1.0,0.0,10,0,20
45,5065,0.0,0.0,1.0,0.0,10,0,20
45,5066,0.0,0.0,1.0,0.0,10,0,20
45,5067,0.0,0.0,1.0,0.0,10,0,20
45,5068,0.0,0.0,1.0,0.0,10,0,20
45,5069,0.0,0.0,1.0,0.0,10,0,20
45,5070,0.0,0.0,1.0,0.0,10,0,20
45,5071,0.0,0.0,1.0,0.0,10,0,20
45,5072,0.0,0.0,1.0,0.0,10,0,20
45,5073,0.0,0.0,1.0,0.0,10,0,20
45,5074,0.0,0.0,1.0,0.0,10,0,20
45,5075,0.0,0.0,1.0,0.0,10,0,20
45,5076,0.0,0.0,1.0,0.0,10,0,20
45,5077,0.0,0.0,1.0,0.0,10,0,20
45,5078,0.0,0.0,1.0,0.0,10,0,20
45,5079,0.0,0.0,1.0,0.0,10,0,20
45,5080,0.0,0.0,1.0,0.0,10,0,20
45,5081,0.0,0.0,1.0,0.0,10,0,20
45,5082,0.0,0.0,1.0,0.0,10,0,20
45,5083,0.0,0.0,1.0,0.0,10,0,20
45,5084,0.0,0.0,1.0,0.0,10,0,20
45,5085,0.0,0.0,1.0,0.0,10,0,20
45,5086,0.0,0.0,1.0,0.0,10,0,20
45,5087,0.0,0.0,1.0,0.0,10,0,20
45,5088,0.0,0.0,1.0,0.0,10,0,20
45,5089,0.0,0.0,1.0,0.0,10,0,20
45,5090,0.0,0.0,1.0,0.0,10,0,20
45,5091,0.0,0.0,1.0,0.0,10,0,20
45,5092,0.0,0.0,1.0,0.0,10,0,20
45,5093,0.0,0.0,1.0,0.0,10,0,20
45,5094,0.0,0.0,1.0,0.0,10,0,20
45,5095,0.0,0.0,1.0,0.0,10,0,20
45,5096,0.0,0.0,1.0,0.0,10,0,20
45,5097,0.0,0.0,1.0,0.0,10,0,20
45,5098,0.0,0.0,1.0,0.0,10,0,20
45,5099,0.0,0.0,1.0,0.0,10,0,20
45,5100,0.0,0.0,1.0,0.0,10,0,20
45,5101,0.0,0.0,1.0,0.0,10,0,20
45,5102,0.0,0.0,1.0,0.0,10,0,20
45,5103,0.0,0.0,1.0,0.0,10,0,20
45,5104,0.0,0.0,1.0,0.0,10,0,20
45,5105,0.0,0.0,1.0,0.0,10,0,20
45,5106,0.0,0.0,1.0,0.0,10,0,20
45,5107,0.0,0.0,1.0,0.0,10,0,20
45,5108,0.0,0.0,1.0,0.0,10,0,20
45,5109,0.0,0.0,1.0,0.0,10,0,20
45,5110,0.0,0.0,1.0,0.0,10,0,20
45,5111,0.0,0.0,1.0,0.0,10,0,20
45,5112,0.0,0.0,1.0,0.0,10,0,20
45,5113,0.0,0.0,1.0,0.0,10,0,20
45,5114,0.0,0.0,1.0,0.0,10,0,20
45,5115,0.0,0.0,1.0,0.0,10,0,20
45,5116,0.0,0.0,1.0,0.0,10,0,20
45,5117,0.0,0.0,1.0,0.0,10,0,20
45,5118,0.0,0.0,1.0,0.0,10,0,20
45,5119,0.0,0.0,1.0,0.0,10,0,20
45,5120,0.0,0.0,1.0,0.0,10,0,20
45,5121,0.0,0.0,1.0,0.0,10,0,20
45,5122,0.0,0.0,1.0,0.0,10,0,20
45,5123,0.0,0.0,1.0,0.0,10,0,20
45,5124,0.0,0.0,1.0,0.0,10,0,20
45,5125,0.0,0.0,1.0,0.0,10,0,20
45,5126,0.0,0.0,1.0,0.0,10,0,20
45,5127,0.0,0.0,1.0,0.0,10,0,20
45,5128,0.0,0.0,1.0,0.0,10,0,20
45,5129,0.0,0.0,1.0,0.0,10,0,20
45,5130,0.0,0.0,1.0,0.0,10,0,20
45,5131,0.0,0.0,1.0,0.0,10,0,20
45,5132,0.0,0.0,1.0,0.0,10,0,20
45,5133,0.0,0.0,1.0,0.0,10,0,20
45,5134,0.0,0.0,1.0,0.0,10,0,20
45,5135,0.0,0.0,1.0,0.0,10,0,20
45,5136,0.0,0.0,1.0,0.0,10,0,20
45,5137,0.0,0.0,1.0,0.0,10,0,20
45,5138,0.0,0.0,1.0,0.0,10,0,20
45,5139,0.0,0.0,1.0,0.0,10,0,20
45,5140,0.0,0.0,1.0,0.0,10,0,20
45,5141,0.0,0.0,1.0,0.0,10,0,20
45,5142,0.0,0.0,1.0,0.0,10,0,20
45,5143,0.0,0.0,1.0,0.0,10,0,20
45,5144,0.0,0.0,1.0,0.0,10,0,20
45,5145,0.0,0.0,1.0,0.0,10,0,20
45,5146,0.0,0.0,1.0,0.0,10,0,20
45,5147,0.0,0.0,1.0,0.0,10,0,20
45,5148,0.0,0.0,1.0,0.0,10,0,20
45,5149,0.0,0.0,1.0,0.0,10,0,20
45,5150,0.0,0.0,1.0,0.0,10,0,20
45,5151,0.0,0.0,1.0,0.0,10,0,20
45,5152,0.0,0.0,1.0,0.0,10,0,20
45,5153,0.0,0.0,1.0,0.0,10,0,20
45,5154,0.0,0.0,1.0,0.0,10,0,20
45,5155,0.0,0.0,1.0,0.0,10,0,20
45,5156,0.0,0.0,1.0,0.0,10,0,20
45,5157,0.0,0.0,1.0,0.0,10,0,20
45,5158,0.0,0.0,1.0,0.0,10,0,20
45,5159,0.0,0.0,1.0,0.0,10,0,20
45,5160,0.0,0.0,1.0,0.0,10,0,20
45,5161,0.0,0.0,1.0,0.0,10,0,20
45,5162,0.0,0.0,1.0,0.0,10,0,20
45,5163,0.0,0.0,1.0,0.0,10,0,20
45,5164,0.0,0.0,1.0,0.0,10,0,20
45,5165,0.0,0.0,1.0,0.0,10,0,20
45,5166,0.0,0.0,1.0,0.0,10,0,20
45,5167,0.0,0.0,1.0,0.0,10,0,20
45,5168,0.0,0.0,1.0,0.0,10,0,20
45,5169,0.0,0.0,1.0,0.0,10,0,20
45,5170,0.0,0.0,1.0,0.0,10,0,20
45,5171,0.0,0.0,1.0,0.0,10,0,20
45,5172,0.0,0.0,1.0,0.0,10,0,20
45,5173,0.0,0.0,1.0,0.0,10,0,20
45,5174,0.0,0.0,1.0,0.0,10,0,20
45,5175,0.0,0.0,1.0,0.0,10,0,20
45,5176,0.0,0.0,1.0,0.0,10,0,20
45,5177,0.0,0.0,1.0,0.0,10,0,20
45,5178,0.0,0.0,1.0,0.0,10,0,20
45,5179,0.0,0.0,1.0,0.0,10,0,20
45,5180,0.0,0.0,1.0,0.0,10,0,20
45,5181,0.0,0.0,1.0,0.0,10,0,20
45,5182,0.0,0.0,1.0,0.0,10,0,20
45,5183,0.0,0.0,1.0,0.0,10,0,20
45,5184,0.0,0.0,1.0,0.0,10,0,20
45,5185,0.0,0.0,1.0,0.0,10,0,20
45,5186,0.0,0.0,1.0,0.0,10,0,20
45,5187,0.0,0.0,1.0,0.0,10,0,20
45,5188,0.0,0.0,1.0,0.0,10,0,20
45,5189,0.0,0.0,1.0,0.0,10,0,20
45,5190,0.0,0.0,1.0,0.0,10,0,20
45,5191,0.0,0.0,1.0,0.0,10,0,20
45,5192,0.0,0.0,1.0,0.0,10,0,20
45,5193,0.0,0.0,1.0,0.0,10,0,20
45,5194,0.0,0.0,1.0,0.0,10,0,20
45,5195,0.0,0.0,1.0,0.0,10,0,20
45,5196,0.0,0.0,1.0,0.0,10,0,20
45,5197,0.0,0.0,1.0,0.0,10,0,20
45,5198,0.0,0.0,1.0,0.0,10,0,20
45,5199,0.0,0.0,1.0,0.0,10,0,20
45,5200,0.0,0.0,1.0,0.0,10,0,20
45,5201,0.0,0.0,1.0,0.0,10,0,20
45,5202,0.0,0.0,1.0,0.0,10,0,20
45,5203,0.0,0.0,1.0,0.0,10,0,20
45,5204,0.0,0.0,1.0,0.0,10,0,20
45,5205,0.0,0.0,1.0,0.0,10,0,20
45,5206,0.0,0.0,1.0,0.0,10,0,20
45,5207,0.0,0.0,1.0,0.0,10,0,20
45,5208,0.0,0.0,1.0,0.0,10,0,20
45,5209,0.0,0.0,1.0,0.0,10,0,20
45,5210,0.0,0.0,1.0,0.0,10,0,20
45,5211,0.0,0.0,1.0,0.0,10,0,20
45,5212,0.0,0.0,1.0,0.0,10,0,20
45,5213,0.0,0.0,1.0,0.0,10,0,20
45,5214,0.0,0.0,1.0,0.0,10,0,20
45,5215,0.0,0.0,1.0,0.0,10,0,20
45,5216,0.0,0.0,1.0,0.0,10,0,20
45,5217,0.0,0.0,1.0,0.0,10,0,20
45,5218,0.0,0.0,1.0,0.0,10,0,20
45,5219,0.0,0.0,1.0,0.0,10,0,20
45,5220,0.0,0.0,1.0,0.0,10,0,20
45,5221,0.0,0.0,1.0,0.0,10,0,20
45,5222,0.0,0.0,1.0,0.0,10,0,20
45,5223,0.0,0.0,1.0,0.0,10,0,20
45,5224,0.0,0.0,1.0,0.0,10,0,20
45,5225,0.0,0.0,1.0,0.0,10,0,20
45,5226,0.0,0.0,1.0,0.0,10,0,20
45,5227,0.0,0.0,1.0,0.0,10,0,20
45,5228,0.0,0.0,1.0,0.0,10,0,20
45,5229,0.0,0.0,1.0,0.0,10,0,20
45,5230,0.0,0.0,1.0,0.0,10,0,20
45,5231,0.0,0.0,1.0,0.0,10,0,20
45,5232,0.0,0.0,1.0,0.0,10,0,20
45,5233,0.0,0.0,1.0,0.0,10,0,20
45,5234,0.0,0.0,1.0,0.0,10,0,20
45,5235,0.0,0.0,1.0,0.0,10,0,20
45,5236,0.0,0.0,1.0,0.0,10,0,20
45,5237,0.0,0.0,1.0,0.0,10,0,20
45,5238,0.0,0.0,1.0,0.0,10,0,20
45,5239,0.0,0.0,1.0,0.0,10,0,20
45,5240,0.0,0.0,1.0,0.0,10,0,20
45,5241,0.0,0.0,1.0,0.0,10,0,20
45,5242,0.0,0.0,1.0,0.0,10,0,20
45,5243,0.0,0.0,1.0,0.0,10,0,20
45,5244,0.0,0.0,1.0,0.0,10,0,20
45,5245,0.0,0.0,1.0,0.0,10,0,20
45,5246,0.0,0.0,1.0,0.0,10,0,20
45,5247,0.0,0.0,1.0,0.0,10,0,20
45,5248,0.0,0.0,1.0,0.0,10,0,20
45,5249,0.0,0.0,1.0,0.0,10,0,20
45,5250,0.0,0.0,1.0,0.0,10,0,20
45,5251,0.0,0.0,1.0,0.0,10,0,20
45,5252,0.0,0.0,1.0,0.0,10,0,20
45,5253,0.0,0.0,1.0,0.0,10,0,20
45,5254,0.0,0.0,1.0,0.0,10,0,20
45,5255,0.0,0.0,1.0,0.0,10,0,20
45,5256,0.0,0.0,1.0,0.0,10,0,20
45,5257,0.0,0.0,1.0,0.0,10,0,20
45,5258,0.0,0.0,1.0,0.0,10,0,20
45,5259,0.0,0.0,1.0,0.0,10,0,20
45,5260,0.0,0.0,1.0,0.0,10,0,20
45,5261,0.0,0.0,1.0,0.0,10,0,20
45,5262,0.0,0.0,1.0,0.0,10,0,20
45,5263,0.0,0.0,1.0,0.0,10,0,20
45,5264,0.0,0.0,1.0,0.0,10,0,20
45,5265,0.0,0.0,1.0,0.0,10,0,20
45,5266,0.0,0.0,1.0,0.0,10,0,20
45,5267,0.0,0.0,1.0,0.0,10,0,20
45,5268,0.0,0.0,1.0,0.0,10,0,20
45,5269,0.0,0.0,1.0,0.0,10,0,20
45,5270,0.0,0.0,1.0,0.0,10,0,20
45,5271,0.0,0.0,1.0,0.0,10,0,20
45,5272,0.0,0.0,1.0,0.0,10,0,20
45,5273,0.0,0.0,1.0,0.0,10,0,20
45,5274,0.0,0.0,1.0,0.0,10,0,20
45,5275,0.0,0.0,1.0,0.0,10,0,20
45,5276,0.0,0.0,1.0,0.0,10,0,20
45,5277,0.0,0.0,1.0,0.0,10,0,20
45,5278,0.0,0.0,1.0,0.0,10,0,20
45,5279,0.0,0.0,1.0,0.0,10,0,20
45,5280,0.0,0.0,1.0,0.0,10,0,20
45,5281,0.0,0.0,1.0,0.0,10,0,20
45,5282,0.0,0.0,1.0,0.0,10,0,20
45,5283,0.0,0.0,1.0,0.0,10,0,20
45,5284,0.0,0.0,1.0,0.0,10,0,20
45,5285,0.0,0.0,1.0,0.0,10,0,20
45,5286,0.0,0.0,1.0,0.0,10,0,20
45,5287,0.0,0.0,1.0,0.0,10,0,20
45,5288,0.0,0.0,1.0,0.0,10,0,20
45,5289,0.0,0.0,1.0,0.0,10,0,20
45,5290,0.0,0.0,1.0,0.0,10,0,20
45,5291,0.0,0.0,1.0,0.0,10,0,20
45,5292,0.0,0.0,1.0,0.0,10,0,20
45,5293,0.0,0.0,1.0,0.0,10,0,20
45,5294,0.0,0.0,1.0,0.0,10,0,20
45,5295,0.0,0.0,1.0,0.0,10,0,20
45,5296,0.0,0.0,1.0,0.0,10,0,20
45,5297,0.0,0.0,1.0,0.0,10,0,20
45,5298,0.0,0.0,1.0,0.0,10,0,20
45,5299,0.0,0.0,1.0,0.0,10,0,20
45,5300,0.0,0.0,1.0,0.0,10,0,20
45,5301,0.0,0.0,1.0,0.0,10,0,20
45,5302,0.0,0.0,1.0,0.0,10,0,20
45,5303,0.0,0.0,1.0,0.0,10,0,20
45,5304,0.0,0.0,1.0,0.0,10,0,20
45,5305,0.0,0.0,1.0,0.0,10,0,20
45,5306,0.0,0.0,1.0,0.0,10,0,20
45,5307,0.0,0.0,1.0,0.0,10,0,20
45,5308,0.0,0.0,1.0,0.0,10,0,20
45,5309,0.0,0.0,1.0,0.0,10,0,20
45,5310,0.0,0.0,1.0,0.0,10,0,20
45,5311,0.0,0.0,1.0,0.0,10,0,20
45,5312,0.0,0.0,1.0,0.0,10,0,20
45,5313,0.0,0.0,1.0,0.0,10,0,20
45,5314,0.0,0.0,1.0,0.0,10,0,20
45,5315,0.0,0.0,1.0,0.0,10,0,20
45,5316,0.0,0.0,1.0,0.0,10,0,20
45,5317,0.0,0.0,1.0,0.0,10,0,20
45,5318,0.0,0.0,1.0,0.0,10,0,20
45,5319,0.0,0.0,1.0,0.0,10,0,20
45,5320,0.0,0.0,1.0,0.0,10,0,20
45,5321,0.0,0.0,1.0,0.0,10,0,20
45,5322,0.0,0.0,1.0,0.0,10,0,20
45,5323,0.0,0.0,1.0,0.0,10,0,20
45,5324,0.0,0.0,1.0,0.0,10,0,20
45,5325,0.0,0.0,1.0,0.0,10,0,20
45,5326,0.0,0.0,1.0,0.0,10,0,20
45,5327,0.0,0.0,1.0,0.0,10,0,20
45,5328,0.0,0.0,1.0,0.0,10,0,20
45,5329,0.0,0.0,1.0,0.0,10,0,20
45,5330,0.0,0.0,1.0,0.0,10,0,20
45,5331,0.0,0.0,1.0,0.0,10,0,20
45,5332,0.0,0.0,1.0,0.0,10,0,20
45,5333,0.0,0.0,1.0,0.0,10,0,20
45,5334,0.0,0.0,1.0,0.0,10,0,20
45,5335,0.0,0.0,1.0,0.0,10,0,20
45,5336,0.0,0.0,1.0,0.0,10,0,20
45,5337,0.0,0.0,1.0,0.0,10,0,20
45,5338,0.0,0.0,1.0,0.0,10,0,20
45,5339,0.0,0.0,1.0,0.0,10,0,20
45,5340,0.0,0.0,1.0,0.0,10,0,20
45,5341,0.0,0.0,1.0,0.0,10,0,20
45,5342,0.0,0.0,1.0,0.0,10,0,20
45,5343,0.0,0.0,1.0,0.0,10,0,20
45,5344,0.0,0.0,1.0,0.0,10,0,20
45,5345,0.0,0.0,1.0,0.0,10,0,20
45,5346,0.0,0.0,1.0,0.0,10,0,20
45,5347,0.0,0.0,1.0,0.0,10,0,20
45,5348,0.0,0.0,1.0,0.0,10,0,20
45,5349,0.0,0.0,1.0,0.0,10,0,20
45,5350,0.0,0.0,1.0,0.0,10,0,20
45,5351,0.0,0.0,1.0,0.0,10,0,20
45,5352,0.0,0.0,1.0,0.0,10,0,20
45,5353,0.0,0.0,1.0,0.0,10,0,20
45,5354,0.0,0.0,1.0,0.0,10,0,20
45,5355,0.0,0.0,1.0,0.0,10,0,20
45,5356,0.0,0.0,1.0,0.0,10,0,20
45,5357,0.0,0.0,1.0,0.0,10,0,20
45,5358,0.0,0.0,1.0,0.0,10,0,20
45,5359,0.0,0.0,1.0,0.0,10,0,20
45,5360,0.0,0.0,1.0,0.0,10,0,20
45,5361,0.0,0.0,1.0,0.0,10,0,20
45,5362,0.0,0.0,1.0,0.0,10,0,20
45,5363,0.0,0.0,1.0,0.0,10,0,20
45,5364,0.0,0.0,1.0,0.0,10,0,20
45,5365,0.0,0.0,1.0,0.0,10,0,20
45,5366,0.0,0.0,1.0,0.0,10,0,20
45,5367,0.0,0.0,1.0,0.0,10,0,20
45,5368,0.0,0.0,1.0,0.0,10,0,20
45,5369,0.0,0.0,1.0,0.0,10,0,20
45,5370,0.0,0.0,1.0,0.0,10,0,20
45,5371,0.0,0.0,1.0,0.0,10,0,20
45,5372,0.0,0.0,1.0,0.0,10,0,20
45,5373,0.0,0.0,1.0,0.0,10,0,20
45,5374,0.0,0.0,1.0,0.0,10,0,20
45,5375,0.0,0.0,1.0,0.0,10,0,20
45,5376,0.0,0.0,1.0,0.0,10,0,20
45,5377,0.0,0.0,1.0,0.0,10,0,20
45,5378,0.0,0.0,1.0,0.0,10,0,20
45,5379,0.0,0.0,1.0,0.0,10,0,20
45,5380,0.0,0.0,1.0,0.0,10,0,20
45,5381,0.0,0.0,1.0,0.0,10,0,20
45,5382,0.0,0.0,1.0,0.0,10,0,20
45,5383,0.0,0.0,1.0,0.0,10,0,20
45,5384,0.0,0.0,1.0,0.0,10,0,20
45,5385,0.0,0.0,1.0,0.0,10,0,20
45,5386,0.0,0.0,1.0,0.0,10,0,20
45,5387,0.0,0.0,1.0,0.0,10,0,20
45,5388,0.0,0.0,1.0,0.0,10,0,20
45,5389,0.0,0.0,1.0,0.0,10,0,20
45,5390,0.0,0.0,1.0,0.0,10,0,20
45,5391,0.0,0.0,1.0,0.0,10,0,20
45,5392,0.0,0.0,1.0,0.0,10,0,20
45,5393,0.0,0.0,1.0,0.0,10,0,20
45,5394,0.0,0.0,1.0,0.0,10,0,20
45,5395,0.0,0.0,1.0,0.0,10,0,20
45,5396,0.0,0.0,1.0,0.0,10,0,20
45,5397,0.0,0.0,1.0,0.0,10,0,20
45,5398,0.0,0.0,1.0,0.0,10,0,20
45,5399,0.0,0.0,1.0,0.0,10,0,20
45,5400,0.0,0.0,1.0,0.0,10,0,20
45,5401,0.0,0.0,1.0,0.0,10,0,20
45,5402,0.0,0.0,1.0,0.0,10,0,20
45,5403,0.0,0.0,1.0,0.0,10,0,20
45,5404,0.0,0.0,1.0,0.0,10,0,20
45,5405,0.0,0.0,1.0,0.0,10,0,20
45,5406,0.0,0.0,1.0,0.0,10,0,20
45,5407,0.0,0.0,1.0,0.0,10,0,20
45,5408,0.0,0.0,1.0,0.0,10,0,20
45,5409,0.0,0.0,1.0,0.0,10,0,20
45,5410,0.0,0.0,1.0,0.0,10,0,20
45,5411,0.0,0.0,1.0,0.0,10,0,20
45,5412,0.0,0.0,1.0,0.0,10,0,20
45,5413,0.0,0.0,1.0,0.0,10,0,20
45,5414,0.0,0.0,1.0,0.0,10,0,20
45,5415,0.0,0.0,1.0,0.0,10,0,20
45,5416,0.0,0.0,1.0,0.0,10,0,20
45,5417,0.0,0.0,1.0,0.0,10,0,20
45,5418,0.0,0.0,1.0,0.0,10,0,20
45,5419,0.0,0.0,1.0,0.0,10,0,20
45,5420,0.0,0.0,1.0,0.0,10,0,20
45,5421,0.0,0.0,1.0,0.0,10,0,20
45,5422,0.0,0.0,1.0,0.0,10,0,20
45,5423,0.0,0.0,1.0,0.0,10,0,20
45,5424,0.0,0.0,1.0,0.0,10,0,20
45,5425,0.0,0.0,1.0,0.0,10,0,20
45,5426,0.0,0.0,1.0,0.0,10,0,20
45,5427,0.0,0.0,1.0,0.0,10,0,20
45,5428,0.0,0.0,1.0,0.0,10,0,20
45,5429,0.0,0.0,1.0,0.0,10,0,20
45,5430,0.0,0.0,1.0,0.0,10,0,20
45,5431,0.0,0.0,1.0,0.0,10,0,20
45,5432,0.0,0.0,1.0,0.0,10,0,20
45,5433,0.0,0.0,1.0,0.0,10,0,20
45,5434,0.0,0.0,1.0,0.0,10,0,20
45,5435,0.0,0.0,1.0,0.0,10,0,20
45,5436,0.0,0.0,1.0,0.0,10,0,20
45,5437,0.0,0.0,1.0,0.0,10,0,20
45,5438,0.0,0.0,1.0,0.0,10,0,20
45,5439,0.0,0.0,1.0,0.0,10,0,20
45,5440,0.0,0.0,1.0,0.0,10,0,20
45,5441,0.0,0.0,1.0,0.0,10,0,20
45,5442,0.0,0.0,1.0,0.0,10,0,20
45,5443,0.0,0.0,1.0,0.0,10,0,20
45,5444,0.0,0.0,1.0,0.0,10,0,20
45,5445,0.0,0.0,1.0,0.0,10,0,20
45,5446,0.0,0.0,1.0,0.0,10,0,20
45,5447,0.0,0.0,1.0,0.0,10,0,20
45,5448,0.0,0.0,1.0,0.0,10,0,20
45,5449,0.0,0.0,1.0,0.0,10,0,20
45,5450,0.0,0.0,1.0,0.0,10,0,20
45,5451,0.0,0.0,1.0,0.0,10,0,20
45,5452,0.0,0.0,1.0,0.0,10,0,20
45,5453,0.0,0.0,1.0,0.0,10,0,20
45,5454,0.0,0.0,1.0,0.0,10,0,20
45,5455,0.0,0.0,1.0,0.0,10,0,20
45,5456,0.0,0.0,1.0,0.0,10,0,20
45,5457,0.0,0.0,1.0,0.0,10,0,20
45,5458,0.0,0.0,1.0,0.0,10,0,20
45,5459,0.0,0.0,1.0,0.0,10,0,20
45,5460,0.0,0.0,1.0,0.0,10,0,20
45,5461,0.0,0.0,1.0,0.0,10,0,20
45,5462,0.0,0.0,1.0,0.0,10,0,20
45,5463,0.0,0.0,1.0,0.0,10,0,20
45,5464,0.0,0.0,1.0,0.0,10,0,20
45,5465,0.0,0.0,1.0,0.0,10,0,20
45,5466,0.0,0.0,1.0,0.0,10,0,20
45,5467,0.0,0.0,1.0,0.0,10,0,20
45,5468,0.0,0.0,1.0,0.0,10,0,20
45,5469,0.0,0.0,1.0,0.0,10,0,20
45,5470,0.0,0.0,1.0,0.0,10,0,20
45,5471,0.0,0.0,1.0,0.0,10,0,20
45,5472,0.0,0.0,1.0,0.0,10,0,20
45,5473,0.0,0.0,1.0,0.0,10,0,20
45,5474,0.0,0.0,1.0,0.0,10,0,20
45,5475,0.0,0.0,1.0,0.0,10,0,20
45,5476,0.0,0.0,1.0,0.0,10,0,20
45,5477,0.0,0.0,1.0,0.0,10,0,20
45,5478,0.0,0.0,1.0,0.0,10,0,20
45,5479,0.0,0.0,1.0,0.0,10,0,20
45,5480,0.0,0.0,1.0,0.0,10,0,20
45,5481,0.0,0.0,1.0,0.0,10,0,20
45,5482,0.0,0.0,1.0,0.0,10,0,20
45,5483,0.0,0.0,1.0,0.0,10,0,20
45,5484,0.0,0.0,1.0,0.0,10,0,20
45,5485,0.0,0.0,1.0,0.0,10,0,20
45,5486,0.0,0.0,1.0,0.0,10,0,20
45,5487,0.0,0.0,1.0,0.0,10,0,20
45,5488,0.0,0.0,1.0,0.0,10,0,20
45,5489,0.0,0.0,1.0,0.0,10,0,20
45,5490,0.0,0.0,1.0,0.0,10,0,20
45,5491,0.0,0.0,1.0,0.0,10,0,20
45,5492,0.0,0.0,1.0,0.0,10,0,20
45,5493,0.0,0.0,1.0,0.0,10,0,20
45,5494,0.0,0.0,1.0,0.0,10,0,20
45,5495,0.0,0.0,1.0,0.0,10,0,20
45,5496,0.0,0.0,1.0,0.0,10,0,20
45,5497,0.0,0.0,1.0,0.0,10,0,20
45,5498,0.0,0.0,1.0,0.0,10,0,20
45,5499,0.0,0.0,1.0,0.0,10,0,20
45,5500,0.0,0.0,1.0,0.0,10,0,20
45,5501,0.0,0.0,1.0,0.0,10,0,20
45,5502,0.0,0.0,1.0,0.0,10,0,20
45,5503,0.0,0.0,1.0,0.0,10,0,20
45,5504,0.0,0.0,1.0,0.0,10,0,20
45,5505,0.0,0.0,1.0,0.0,10,0,20
45,5506,0.0,0.0,1.0,0.0,10,0,20
45,5507,0.0,0.0,1.0,0.0,10,0,20
45,5508,0.0,0.0,1.0,0.0,10,0,20
45,5509,0.0,0.0,1.0,0.0,10,0,20
45,5510,0.0,0.0,1.0,0.0,10,0,20
45,5511,0.0,0.0,1.0,0.0,10,0,20
45,5512,0.0,0.0,1.0,0.0,10,0,20
45,5513,0.0,0.0,1.0,0.0,10,0,20
45,5514,0.0,0.0,1.0,0.0,10,0,20
45,5515,0.0,0.0,1.0,0.0,10,0,20
45,5516,0.0,0.0,1.0,0.0,10,0,20
45,5517,0.0,0.0,1.0,0.0,10,0,20
45,5518,0.0,0.0,1.0,0.0,10,0,20
45,5519,0.0,0.0,1.0,0.0,10,0,20
45,5520,0.0,0.0,1.0,0.0,10,0,20
45,5521,0.0,0.0,1.0,0.0,10,0,20
45,5522,0.0,0.0,1.0,0.0,10,0,20
45,5523,0.0,0.0,1.0,0.0,10,0,20
45,5524,0.0,0.0,1.0,0.0,10,0,20
45,5525,0.0,0.0,1.0,0.0,10,0,20
45,5526,0.0,0.0,1.0,0.0,10,0,20
45,5527,0.0,0.0,1.0,0.0,10,0,20
45,5528,0.0,0.0,1.0,0.0,10,0,20
45,5529,0.0,0.0,1.0,0.0,10,0,20
45,5530,0.0,0.0,1.0,0.0,10,0,20
45,5531,0.0,0.0,1.0,0.0,10,0,20
45,5532,0.0,0.0,1.0,0.0,10,0,20
45,5533,0.0,0.0,1.0,0.0,10,0,20
45,5534,0.0,0.0,1.0,0.0,10,0,20
45,5535,0.0,0.0,1.0,0.0,10,0,20
45,5536,0.0,0.0,1.0,0.0,10,0,20
45,5537,0.0,0.0,1.0,0.0,10,0,20
45,5538,0.0,0.0,1.0,0.0,10,0,20
45,5539,0.0,0.0,1.0,0.0,10,0,20
45,5540,0.0,0.0,1.0,0.0,10,0,20
45,5541,0.0,0.0,1.0,0.0,10,0,20
45,5542,0.0,0.0,1.0,0.0,10,0,20
45,5543,0.0,0.0,1.0,0.0,10,0,20
45,5544,0.0,0.0,1.0,0.0,10,0,20
45,5545,0.0,0.0,1.0,0.0,10,0,20
45,5546,0.0,0.0,1.0,0.0,10,0,20
45,5547,0.0,0.0,1.0,0.0,10,0,20
45,5548,0.0,0.0,1.0,0.0,10,0,20
45,5549,0.0,0.0,1.0,0.0,10,0,20
45,5550,0.0,0.0,1.0,0.0,10,0,20
45,5551,0.0,0.0,1.0,0.0,10,0,20
45,5552,0.0,0.0,1.0,0.0,10,0,20
45,5553,0.0,0.0,1.0,0.0,10,0,20
45,5554,0.0,0.0,1.0,0.0,10,0,20
45,5555,0.0,0.0,1.0,0.0,10,0,20
45,5556,0.0,0.0,1.0,0.0,10,0,20
45,5557,0.0,0.0,1.0,0.0,10,0,20
45,5558,0.0,0.0,1.0,0.0,10,0,20
45,5559,0.0,0.0,1.0,0.0,10,0,20
45,5560,0.0,0.0,1.0,0.0,10,0,20
45,5561,0.0,0.0,1.0,0.0,10,0,20
45,5562,0.0,0.0,1.0,0.0,10,0,20
45,5563,0.0,0.0,1.0,0.0,10,0,20
45,5564,0.0,0.0,1.0,0.0,10,0,20
45,5565,0.0,0.0,1.0,0.0,10,0,20
45,5566,0.0,0.0,1.0,0.0,10,0,20
45,5567,0.0,0.0,1.0,0.0,10,0,20
45,5568,0.0,0.0,1.0,0.0,10,0,20
45,5569,0.0,0.0,1.0,0.0,10,0,20
45,5570,0.0,0.0,1.0,0.0,10,0,20
45,5571,0.0,0.0,1.0,0.0,10,0,20
45,5572,0.0,0.0,1.0,0.0,10,0,20
45,5573,0.0,0.0,1.0,0.0,10,0,20
45,5574,0.0,0.0,1.0,0.0,10,0,20
45,5575,0.0,0.0,1.0,0.0,10,0,20
45,5576,0.0,0.0,1.0,0.0,10,0,20
45,5577,0.0,0.0,1.0,0.0,10,0,20
45,5578,0.0,0.0,1.0,0.0,10,0,20
45,5579,0.0,0.0,1.0,0.0,10,0,20
45,5580,0.0,0.0,1.0,0.0,10,0,20
45,5581,0.0,0.0,1.0,0.0,10,0,20
45,5582,0.0,0.0,1.0,0.0,10,0,20
45,5583,0.0,0.0,1.0,0.0,10,0,20
45,5584,0.0,0.0,1.0,0.0,10,0,20
45,5585,0.0,0.0,1.0,0.0,10,0,20
45,5586,0.0,0.0,1.0,0.0,10,0,20
45,5587,0.0,0.0,1.0,0.0,10,0,20
45,5588,0.0,0.0,1.0,0.0,10,0,20
45,5589,0.0,0.0,1.0,0.0,10,0,20
45,5590,0.0,0.0,1.0,0.0,10,0,20
45,5591,0.0,0.0,1.0,0.0,10,0,20
45,5592,0.0,0.0,1.0,0.0,10,0,20
45,5593,0.0,0.0,1.0,0.0,10,0,20
45,5594,0.0,0.0,1.0,0.0,10,0,20
45,5595,0.0,0.0,1.0,0.0,10,0,20
45,5596,0.0,0.0,1.0,0.0,10,0,20
45,5597,0.0,0.0,1.0,0.0,10,0,20
45,5598,0.0,0.0,1.0,0.0,10,0,20
45,5599,0.0,0.0,1.0,0.0,10,0,20
45,5600,0.0,0.0,1.0,0.0,10,0,20
45,5601,0.0,0.0,1.0,0.0,10,0,20
45,5602,0.0,0.0,1.0,0.0,10,0,20
45,5603,0.0,0.0,1.0,0.0,10,0,20
45,5604,0.0,0.0,1.0,0.0,10,0,20
45,5605,0.0,0.0,1.0,0.0,10,0,20
45,5606,0.0,0.0,1.0,0.0,10,0,20
45,5607,0.0,0.0,1.0,0.0,10,0,20
45,5608,0.0,0.0,1.0,0.0,10,0,20
45,5609,0.0,0.0,1.0,0.0,10,0,20
45,5610,0.0,0.0,1.0,0.0,10,0,20
45,5611,0.0,0.0,1.0,0.0,10,0,20
45,5612,0.0,0.0,1.0,0.0,10,0,20
45,5613,0.0,0.0,1.0,0.0,10,0,20
45,5614,0.0,0.0,1.0,0.0,10,0,20
45,5615,0.0,0.0,1.0,0.0,10,0,20
45,5616,0.0,0.0,1.0,0.0,10,0,20
45,5617,0.0,0.0,1.0,0.0,10,0,20
45,5618,0.0,0.0,1.0,0.0,10,0,20
45,5619,0.0,0.0,1.0,0.0,10,0,20
45,5620,0.0,0.0,1.0,0.0,10,0,20
45,5621,0.0,0.0,1.0,0.0,10,0,20
45,5622,0.0,0.0,1.0,0.0,10,0,20
45,5623,0.0,0.0,1.0,0.0,10,0,20
45,5624,0.0,0.0,1.0,0.0,10,0,20
45,5625,0.0,0.0,1.0,0.0,10,0,20
45,5626,0.0,0.0,1.0,0.0,10,0,20
45,5627,0.0,0.0,1.0,0.0,10,0,20
45,5628,0.0,0.0,1.0,0.0,10,0,20
45,5629,0.0,0.0,1.0,0.0,10,0,20
45,5630,0.0,0.0,1.0,0.0,10,0,20
45,5631,0.0,0.0,1.0,0.0,10,0,20
45,5632,0.0,0.0,1.0,0.0,10,0,20
45,5633,0.0,0.0,1.0,0.0,10,0,20
45,5634,0.0,0.0,1.0,0.0,10,0,20
45,5635,0.0,0.0,1.0,0.0,10,0,20
45,5636,0.0,0.0,1.0,0.0,10,0,20
45,5637,0.0,0.0,1.0,0.0,10,0,20
45,5638,0.0,0.0,1.0,0.0,10,0,20
45,5639,0.0,0.0,1.0,0.0,10,0,20
45,5640,0.0,0.0,1.0,0.0,10,0,20
45,5641,0.0,0.0,1.0,0.0,10,0,20
45,5642,0.0,0.0,1.0,0.0,10,0,20
45,5643,0.0,0.0,1.0,0.0,10,0,20
45,5644,0.0,0.0,1.0,0.0,10,0,20
45,5645,0.0,0.0,1.0,0.0,10,0,20
45,5646,0.0,0.0,1.0,0.0,10,0,20
45,5647,0.0,0.0,1.0,0.0,10,0,20
45,5648,0.0,0.0,1.0,0.0,10,0,20
45,5649,0.0,0.0,1.0,0.0,10,0,20
45,5650,0.0,0.0,1.0,0.0,10,0,20
45,5651,0.0,0.0,1.0,0.0,10,0,20
45,5652,0.0,0.0,1.0,0.0,10,0,20
45,5653,0.0,0.0,1.0,0.0,10,0,20
45,5654,0.0,0.0,1.0,0.0,10,0,20
45,5655,0.0,0.0,1.0,0.0,10,0,20
45,5656,0.0,0.0,1.0,0.0,10,0,20
45,5657,0.0,0.0,1.0,0.0,10,0,20
45,5658,0.0,0.0,1.0,0.0,10,0,20
45,5659,0.0,0.0,1.0,0.0,10,0,20
45,5660,0.0,0.0,1.0,0.0,10,0,20
45,5661,0.0,0.0,1.0,0.0,10,0,20
45,5662,0.0,0.0,1.0,0.0,10,0,20
45,5663,0.0,0.0,1.0,0.0,10,0,20
45,5664,0.0,0.0,1.0,0.0,10,0,20
45,5665,0.0,0.0,1.0,0.0,10,0,20
45,5666,0.0,0.0,1.0,0.0,10,0,20
45,5667,0.0,0.0,1.0,0.0,10,0,20
45,5668,0.0,0.0,1.0,0.0,10,0,20
45,5669,0.0,0.0,1.0,0.0,10,0,20
45,5670,0.0,0.0,1.0,0.0,10,0,20
45,5671,0.0,0.0,1.0,0.0,10,0,20
45,5672,0.0,0.0,1.0,0.0,10,0,20
45,5673,0.0,0.0,1.0,0.0,10,0,20
45,5674,0.0,0.0,1.0,0.0,10,0,20
45,5675,0.0,0.0,1.0,0.0,10,0,20
45,5676,0.0,0.0,1.0,0.0,10,0,20
45,5677,0.0,0.0,1.0,0.0,10,0,20
45,5678,0.0,0.0,1.0,0.0,10,0,20
45,5679,0.0,0.0,1.0,0.0,10,0,20
45,5680,0.0,0.0,1.0,0.0,10,0,20
45,5681,0.0,0.0,1.0,0.0,10,0,20
45,5682,0.0,0.0,1.0,0.0,10,0,20
45,5683,0.0,0.0,1.0,0.0,10,0,20
45,5684,0.0,0.0,1.0,0.0,10,0,20
45,5685,0.0,0.0,1.0,0.0,10,0,20
45,5686,0.0,0.0,1.0,0.0,10,0,20
45,5687,0.0,0.0,1.0,0.0,10,0,20
45,5688,0.0,0.0,1.0,0.0,10,0,20
45,5689,0.0,0.0,1.0,0.0,10,0,20
45,5690,0.0,0.0,1.0,0.0,10,0,20
45,5691,0.0,0.0,1.0,0.0,10,0,20
45,5692,0.0,0.0,1.0,0.0,10,0,20
45,5693,0.0,0.0,1.0,0.0,10,0,20
45,5694,0.0,0.0,1.0,0.0,10,0,20
45,5695,0.0,0.0,1.0,0.0,10,0,20
45,5696,0.0,0.0,1.0,0.0,10,0,20
45,5697,0.0,0.0,1.0,0.0,10,0,20
45,5698,0.0,0.0,1.0,0.0,10,0,20
45,5699,0.0,0.0,1.0,0.0,10,0,20
45,5700,0.0,0.0,1.0,0.0,10,0,20
45,5701,0.0,0.0,1.0,0.0,10,0,20
45,5702,0.0,0.0,1.0,0.0,10,0,20
45,5703,0.0,0.0,1.0,0.0,10,0,20
45,5704,0.0,0.0,1.0,0.0,10,0,20
45,5705,0.0,0.0,1.0,0.0,10,0,20
45,5706,0.0,0.0,1.0,0.0,10,0,20
45,5707,0.0,0.0,1.0,0.0,10,0,20
45,5708,0.0,0.0,1.0,0.0,10,0,20
45,5709,0.0,0.0,1.0,0.0,10,0,20
45,5710,0.0,0.0,1.0,0.0,10,0,20
45,5711,0.0,0.0,1.0,0.0,10,0,20
45,5712,0.0,0.0,1.0,0.0,10,0,20
45,5713,0.0,0.0,1.0,0.0,10,0,20
45,5714,0.0,0.0,1.0,0.0,10,0,20
45,5715,0.0,0.0,1.0,0.0,10,0,20
45,5716,0.0,0.0,1.0,0.0,10,0,20
45,5717,0.0,0.0,1.0,0.0,10,0,20
45,5718,0.0,0.0,1.0,0.0,10,0,20
45,5719,0.0,0.0,1.0,0.0,10,0,20
45,5720,0.0,0.0,1.0,0.0,10,0,20
45,5721,0.0,0.0,1.0,0.0,10,0,20
45,5722,0.0,0.0,1.0,0.0,10,0,20
45,5723,0.0,0.0,1.0,0.0,10,0,20
45,5724,0.0,0.0,1.0,0.0,10,0,20
45,5725,0.0,0.0,1.0,0.0,10,0,20
45,5726,0.0,0.0,1.0,0.0,10,0,20
45,5727,0.0,0.0,1.0,0.0,10,0,20
45,5728,0.0,0.0,1.0,0.0,10,0,20
45,5729,0.0,0.0,1.0,0.0,10,0,20
45,5730,0.0,0.0,1.0,0.0,10,0,20
45,5731,0.0,0.0,1.0,0.0,10,0,20
45,5732,0.0,0.0,1.0,0.0,10,0,20
45,5733,0.0,0.0,1.0,0.0,10,0,20
45,5734,0.0,0.0,1.0,0.0,10,0,20
45,5735,0.0,0.0,1.0,0.0,10,0,20
45,5736,0.0,0.0,1.0,0.0,10,0,20
45,5737,0.0,0.0,1.0,0.0,10,0,20
45,5738,0.0,0.0,1.0,0.0,10,0,20
45,5739,0.0,0.0,1.0,0.0,10,0,20
45,5740,0.0,0.0,1.0,0.0,10,0,20
45,5741,0.0,0.0,1.0,0.0,10,0,20
45,5742,0.0,0.0,1.0,0.0,10,0,20
45,5743,0.0,0.0,1.0,0.0,10,0,20
45,5744,0.0,0.0,1.0,0.0,10,0,20
45,5745,0.0,0.0,1.0,0.0,10,0,20
45,5746,0.0,0.0,1.0,0.0,10,0,20
45,5747,0.0,0.0,1.0,0.0,10,0,20
45,5748,0.0,0.0,1.0,0.0,10,0,20
45,5749,0.0,0.0,1.0,0.0,10,0,20
45,5750,0.0,0.0,1.0,0.0,10,0,20
45,5751,0.0,0.0,1.0,0.0,10,0,20
45,5752,0.0,0.0,1.0,0.0,10,0,20
45,5753,0.0,0.0,1.0,0.0,10,0,20
45,5754,0.0,0.0,1.0,0.0,10,0,20
45,5755,0.0,0.0,1.0,0.0,10,0,20
45,5756,0.0,0.0,1.0,0.0,10,0,20
45,5757,0.0,0.0,1.0,0.0,10,0,20
45,5758,0.0,0.0,1.0,0.0,10,0,20
45,5759,0.0,0.0,1.0,0.0,10,0,20
45,5760,0.0,0.0,1.0,0.0,10,0,20
45,5761,0.0,0.0,1.0,0.0,10,0,20
45,5762,0.0,0.0,1.0,0.0,10,0,20
45,5763,0.0,0.0,1.0,0.0,10,0,20
45,5764,0.0,0.0,1.0,0.0,10,0,20
45,5765,0.0,0.0,1.0,0.0,10,0,20
45,5766,0.0,0.0,1.0,0.0,10,0,20
45,5767,0.0,0.0,1.0,0.0,10,0,20
45,5768,0.0,0.0,1.0,0.0,10,0,20
45,5769,0.0,0.0,1.0,0.0,10,0,20
45,5770,0.0,0.0,1.0,0.0,10,0,20
45,5771,0.0,0.0,1.0,0.0,10,0,20
45,5772,0.0,0.0,1.0,0.0,10,0,20
45,5773,0.0,0.0,1.0,0.0,10,0,20
45,5774,0.0,0.0,1.0,0.0,10,0,20
45,5775,0.0,0.0,1.0,0.0,10,0,20
45,5776,0.0,0.0,1.0,0.0,10,0,20
45,5777,0.0,0.0,1.0,0.0,10,0,20
45,5778,0.0,0.0,1.0,0.0,10,0,20
45,5779,0.0,0.0,1.0,0.0,10,0,20
45,5780,0.0,0.0,1.0,0.0,10,0,20
45,5781,0.0,0.0,1.0,0.0,10,0,20
45,5782,0.0,0.0,1.0,0.0,10,0,20
45,5783,0.0,0.0,1.0,0.0,10,0,20
45,5784,0.0,0.0,1.0,0.0,10,0,20
45,5785,0.0,0.0,1.0,0.0,10,0,20
45,5786,0.0,0.0,1.0,0.0,10,0,20
45,5787,0.0,0.0,1.0,0.0,10,0,20
45,5788,0.0,0.0,1.0,0.0,10,0,20
45,5789,0.0,0.0,1.0,0.0,10,0,20
45,5790,0.0,0.0,1.0,0.0,10,0,20
45,5791,0.0,0.0,1.0,0.0,10,0,20
45,5792,0.0,0.0,1.0,0.0,10,0,20
45,5793,0.0,0.0,1.0,0.0,10,0,20
45,5794,0.0,0.0,1.0,0.0,10,0,20
45,5795,0.0,0.0,1.0,0.0,10,0,20
45,5796,0.0,0.0,1.0,0.0,10,0,20
45,5797,0.0,0.0,1.0,0.0,10,0,20
45,5798,0.0,0.0,1.0,0.0,10,0,20
45,5799,0.0,0.0,1.0,0.0,10,0,20
45,5800,0.0,0.0,1.0,0.0,10,0,20
45,5801,0.0,0.0,1.0,0.0,10,0,20
45,5802,0.0,0.0,1.0,0.0,10,0,20
45,5803,0.0,0.0,1.0,0.0,10,0,20
45,5804,0.0,0.0,1.0,0.0,10,0,20
45,5805,0.0,0.0,1.0,0.0,10,0,20
45,5806,0.0,0.0,1.0,0.0,10,0,20
45,5807,0.0,0.0,1.0,0.0,10,0,20
45,5808,0.0,0.0,1.0,0.0,10,0,20
45,5809,0.0,0.0,1.0,0.0,10,0,20
45,5810,0.0,0.0,1.0,0.0,10,0,20
45,5811,0.0,0.0,1.0,0.0,10,0,20
45,5812,0.0,0.0,1.0,0.0,10,0,20
45,5813,0.0,0.0,1.0,0.0,10,0,20
45,5814,0.0,0.0,1.0,0.0,10,0,20
45,5815,0.0,0.0,1.0,0.0,10,0,20
45,5816,0.0,0.0,1.0,0.0,10,0,20
45,5817,0.0,0.0,1.0,0.0,10,0,20
45,5818,0.0,0.0,1.0,0.0,10,0,20
45,5819,0.0,0.0,1.0,0.0,10,0,20
45,5820,0.0,0.0,1.0,0.0,10,0,20
45,5821,0.0,0.0,1.0,0.0,10,0,20
45,5822,0.0,0.0,1.0,0.0,10,0,20
45,5823,0.0,0.0,1.0,0.0,10,0,20
45,5824,0.0,0.0,1.0,0.0,10,0,20
45,5825,0.0,0.0,1.0,0.0,10,0,20
45,5826,0.0,0.0,1.0,0.0,10,0,20
45,5827,0.0,0.0,1.0,0.0,10,0,20
45,5828,0.0,0.0,1.0,0.0,10,0,20
45,5829,0.0,0.0,1.0,0.0,10,0,20
45,5830,0.0,0.0,1.0,0.0,10,0,20
45,5831,0.0,0.0,1.0,0.0,10,0,20
45,5832,0.0,0.0,1.0,0.0,10,0,20
45,5833,0.0,0.0,1.0,0.0,10,0,20
45,5834,0.0,0.0,1.0,0.0,10,0,20
45,5835,0.0,0.0,1.0,0.0,10,0,20
45,5836,0.0,0.0,1.0,0.0,10,0,20
45,5837,0.0,0.0,1.0,0.0,10,0,20
45,5838,0.0,0.0,1.0,0.0,10,0,20
45,5839,0.0,0.0,1.0,0.0,10,0,20
45,5840,0.0,0.0,1.0,0.0,10,0,20
45,5841,0.0,0.0,1.0,0.0,10,0,20
45,5842,0.0,0.0,1.0,0.0,10,0,20
45,5843,0.0,0.0,1.0,0.0,10,0,20
45,5844,0.0,0.0,1.0,0.0,10,0,20
45,5845,0.0,0.0,1.0,0.0,10,0,20
45,5846,0.0,0.0,1.0,0.0,10,0,20
45,5847,0.0,0.0,1.0,0.0,10,0,20
45,5848,0.0,0.0,1.0,0.0,10,0,20
45,5849,0.0,0.0,1.0,0.0,10,0,20
45,5850,0.0,0.0,1.0,0.0,10,0,20
45,5851,0.0,0.0,1.0,0.0,10,0,20
45,5852,0.0,0.0,1.0,0.0,10,0,20
45,5853,0.0,0.0,1.0,0.0,10,0,20
45,5854,0.0,0.0,1.0,0.0,10,0,20
45,5855,0.0,0.0,1.0,0.0,10,0,20
45,5856,0.0,0.0,1.0,0.0,10,0,20
45,5857,0.0,0.0,1.0,0.0,10,0,20
45,5858,0.0,0.0,1.0,0.0,10,0,20
45,5859,0.0,0.0,1.0,0.0,10,0,20
45,5860,0.0,0.0,1.0,0.0,10,0,20
45,5861,0.0,0.0,1.0,0.0,10,0,20
45,5862,0.0,0.0,1.0,0.0,10,0,20
45,5863,0.0,0.0,1.0,0.0,10,0,20
45,5864,0.0,0.0,1.0,0.0,10,0,20
45,5865,0.0,0.0,1.0,0.0,10,0,20
45,5866,0.0,0.0,1.0,0.0,10,0,20
45,5867,0.0,0.0,1.0,0.0,10,0,20
45,5868,0.0,0.0,1.0,0.0,10,0,20
45,5869,0.0,0.0,1.0,0.0,10,0,20
45,5870,0.0,0.0,1.0,0.0,10,0,20
45,5871,0.0,0.0,1.0,0.0,10,0,20
45,5872,0.0,0.0,1.0,0.0,10,0,20
45,5873,0.0,0.0,1.0,0.0,10,0,20
45,5874,0.0,0.0,1.0,0.0,10,0,20
45,5875,0.0,0.0,1.0,0.0,10,0,20
45,5876,0.0,0.0,1.0,0.0,10,0,20
45,5877,0.0,0.0,1.0,0.0,10,0,20
45,5878,0.0,0.0,1.0,0.0,10,0,20
45,5879,0.0,0.0,1.0,0.0,10,0,20
45,5880,0.0,0.0,1.0,0.0,10,0,20
45,5881,0.0,0.0,1.0,0.0,10,0,20
45,5882,0.0,0.0,1.0,0.0,10,0,20
45,5883,0.0,0.0,1.0,0.0,10,0,20
45,5884,0.0,0.0,1.0,0.0,10,0,20
45,5885,0.0,0.0,1.0,0.0,10,0,20
45,5886,0.0,0.0,1.0,0.0,10,0,20
45,5887,0.0,0.0,1.0,0.0,10,0,20
45,5888,0.0,0.0,1.0,0.0,10,0,20
45,5889,0.0,0.0,1.0,0.0,10,0,20
45,5890,0.0,0.0,1.0,0.0,10,0,20
45,5891,0.0,0.0,1.0,0.0,10,0,20
45,5892,0.0,0.0,1.0,0.0,10,0,20
45,5893,0.0,0.0,1.0,0.0,10,0,20
45,5894,0.0,0.0,1.0,0.0,10,0,20
45,5895,0.0,0.0,1.0,0.0,10,0,20
45,5896,0.0,0.0,1.0,0.0,10,0,20
45,5897,0.0,0.0,1.0,0.0,10,0,20
45,5898,0.0,0.0,1.0,0.0,10,0,20
45,5899,0.0,0.0,1.0,0.0,10,0,20
45,5900,0.0,0.0,1.0,0.0,10,0,20
45,5901,0.0,0.0,1.0,0.0,10,0,20
45,5902,0.0,0.0,1.0,0.0,10,0,20
45,5903,0.0,0.0,1.0,0.0,10,0,20
45,5904,0.0,0.0,1.0,0.0,10,0,20
45,5905,0.0,0.0,1.0,0.0,10,0,20
45,5906,0.0,0.0,1.0,0.0,10,0,20
45,5907,0.0,0.0,1.0,0.0,10,0,20
45,5908,0.0,0.0,1.0,0.0,10,0,20
45,5909,0.0,0.0,1.0,0.0,10,0,20
45,5910,0.0,0.0,1.0,0.0,10,0,20
45,5911,0.0,0.0,1.0,0.0,10,0,20
45,5912,0.0,0.0,1.0,0.0,10,0,20
45,5913,0.0,0.0,1.0,0.0,10,0,20
45,5914,0.0,0.0,1.0,0.0,10,0,20
45,5915,0.0,0.0,1.0,0.0,10,0,20
45,5916,0.0,0.0,1.0,0.0,10,0,20
45,5917,0.0,0.0,1.0,0.0,10,0,20
45,5918,0.0,0.0,1.0,0.0,10,0,20
45,5919,0.0,0.0,1.0,0.0,10,0,20
45,5920,0.0,0.0,1.0,0.0,10,0,20
45,5921,0.0,0.0,1.0,0.0,10,0,20
45,5922,0.0,0.0,1.0,0.0,10,0,20
45,5923,0.0,0.0,1.0,0.0,10,0,20
45,5924,0.0,0.0,1.0,0.0,10,0,20
45,5925,0.0,0.0,1.0,0.0,10,0,20
45,5926,0.0,0.0,1.0,0.0,10,0,20
45,5927,0.0,0.0,1.0,0.0,10,0,20
45,5928,0.0,0.0,1.0,0.0,10,0,20
45,5929,0.0,0.0,1.0,0.0,10,0,20
45,5930,0.0,0.0,1.0,0.0,10,0,20
45,5931,0.0,0.0,1.0,0.0,10,0,20
45,5932,0.0,0.0,1.0,0.0,10,0,20
45,5933,0.0,0.0,1.0,0.0,10,0,20
45,5934,0.0,0.0,1.0,0.0,10,0,20
45,5935,0.0,0.0,1.0,0.0,10,0,20
45,5936,0.0,0.0,1.0,0.0,10,0,20
45,5937,0.0,0.0,1.0,0.0,10,0,20
45,5938,0.0,0.0,1.0,0.0,10,0,20
45,5939,0.0,0.0,1.0,0.0,10,0,20
45,5940,0.0,0.0,1.0,0.0,10,0,20
45,5941,0.0,0.0,1.0,0.0,10,0,20
45,5942,0.0,0.0,1.0,0.0,10,0,20
45,5943,0.0,0.0,1.0,0.0,10,0,20
45,5944,0.0,0.0,1.0,0.0,10,0,20
45,5945,0.0,0.0,1.0,0.0,10,0,20
45,5946,0.0,0.0,1.0,0.0,10,0,20
45,5947,0.0,0.0,1.0,0.0,10,0,20
45,5948,0.0,0.0,1.0,0.0,10,0,20
45,5949,0.0,0.0,1.0,0.0,10,0,20
45,5950,0.0,0.0,1.0,0.0,10,0,20
45,5951,0.0,0.0,1.0,0.0,10,0,20
45,5952,0.0,0.0,1.0,0.0,10,0,20
45,5953,0.0,0.0,1.0,0.0,10,0,20
45,5954,0.0,0.0,1.0,0.0,10,0,20
45,5955,0.0,0.0,1.0,0.0,10,0,20
45,5956,0.0,0.0,1.0,0.0,10,0,20
45,5957,0.0,0.0,1.0,0.0,10,0,20
45,5958,0.0,0.0,1.0,0.0,10,0,20
45,5959,0.0,0.0,1.0,0.0,10,0,20
45,5960,0.0,0.0,1.0,0.0,10,0,20
45,5961,0.0,0.0,1.0,0.0,10,0,20
45,5962,0.0,0.0,1.0,0.0,10,0,20
45,5963,0.0,0.0,1.0,0.0,10,0,20
45,5964,0.0,0.0,1.0,0.0,10,0,20
45,5965,0.0,0.0,1.0,0.0,10,0,20
45,5966,0.0,0.0,1.0,0.0,10,0,20
45,5967,0.0,0.0,1.0,0.0,10,0,20
45,5968,0.0,0.0,1.0,0.0,10,0,20
45,5969,0.0,0.0,1.0,0.0,10,0,20
45,5970,0.0,0.0,1.0,0.0,10,0,20
45,5971,0.0,0.0,1.0,0.0,10,0,20
45,5972,0.0,0.0,1.0,0.0,10,0,20
45,5973,0.0,0.0,1.0,0.0,10,0,20
45,5974,0.0,0.0,1.0,0.0,10,0,20
45,5975,0.0,0.0,1.0,0.0,10,0,20
45,5976,0.0,0.0,1.0,0.0,10,0,20
45,5977,0.0,0.0,1.0,0.0,10,0,20
45,5978,0.0,0.0,1.0,0.0,10,0,20
45,5979,0.0,0.0,1.0,0.0,10,0,20
45,5980,0.0,0.0,1.0,0.0,10,0,20
45,5981,0.0,0.0,1.0,0.0,10,0,20
45,5982,0.0,0.0,1.0,0.0,10,0,20
45,5983,0.0,0.0,1.0,0.0,10,0,20
45,5984,0.0,0.0,1.0,0.0,10,0,20
45,5985,0.0,0.0,1.0,0.0,10,0,20
45,5986,0.0,0.0,1.0,0.0,10,0,20
45,5987,0.0,0.0,1.0,0.0,10,0,20
45,5988,0.0,0.0,1.0,0.0,10,0,20
45,5989,0.0,0.0,1.0,0.0,10,0,20
45,5990,0.0,0.0,1.0,0.0,10,0,20
45,5991,0.0,0.0,1.0,0.0,10,0,20
45,5992,0.0,0.0,1.0,0.0,10,0,20
45,5993,0.0,0.0,1.0,0.0,10,0,20
45,5994,0.0,0.0,1.0,0.0,10,0,20
45,5995,0.0,0.0,1.0,0.0,10,0,20
45,5996,0.0,0.0,1.0,0.0,10,0,20
45,5997,0.0,0.0,1.0,0.0,10,0,20
45,5998,0.0,0.0,1.0,0.0,10,0,20
45,5999,0.0,0.0,1.0,0.0,10,0,20
45,6000,0.0,0.0,1.0,0.0,10,0,20
45,6001,0.0,0.0,1.0,0.0,10,0,20
45,6002,0.0,0.0,1.0,0.0,10,0,20
45,6003,0.0,0.0,1.0,0.0,10,0,20
45,6004,0.0,0.0,1.0,0.0,10,0,20
45,6005,0.0,0.0,1.0,0.0,10,0,20
45,6006,0.0,0.0,1.0,0.0,10,0,20
45,6007,0.0,0.0,1.0,0.0,10,0,20
45,6008,0.0,0.0,1.0,0.0,10,0,20
45,6009,0.0,0.0,1.0,0.0,10,0,20
45,6010,0.0,0.0,1.0,0.0,10,0,20
45,6011,0.0,0.0,1.0,0.0,10,0,20
45,6012,0.0,0.0,1.0,0.0,10,0,20
45,6013,0.0,0.0,1.0,0.0,10,0,20
45,6014,0.0,0.0,1.0,0.0,10,0,20
45,6015,0.0,0.0,1.0,0.0,10,0,20
45,6016,0.0,0.0,1.0,0.0,10,0,20
45,6017,0.0,0.0,1.0,0.0,10,0,20
45,6018,0.0,0.0,1.0,0.0,10,0,20
45,6019,0.0,0.0,1.0,0.0,10,0,20
45,6020,0.0,0.0,1.0,0.0,10,0,20
45,6021,0.0,0.0,1.0,0.0,10,0,20
45,6022,0.0,0.0,1.0,0.0,10,0,20
45,6023,0.0,0.0,1.0,0.0,10,0,20
45,6024,0.0,0.0,1.0,0.0,10,0,20
45,6025,0.0,0.0,1.0,0.0,10,0,20
45,6026,0.0,0.0,1.0,0.0,10,0,20
45,6027,0.0,0.0,1.0,0.0,10,0,20
45,6028,0.0,0.0,1.0,0.0,10,0,20
45,6029,0.0,0.0,1.0,0.0,10,0,20
45,6030,0.0,0.0,1.0,0.0,10,0,20
45,6031,0.0,0.0,1.0,0.0,10,0,20
45,6032,0.0,0.0,1.0,0.0,10,0,20
45,6033,0.0,0.0,1.0,0.0,10,0,20
45,6034,0.0,0.0,1.0,0.0,10,0,20
45,6035,0.0,0.0,1.0,0.0,10,0,20
45,6036,0.0,0.0,1.0,0.0,10,0,20
45,6037,0.0,0.0,1.0,0.0,10,0,20
45,6038,0.0,0.0,1.0,0.0,10,0,20
45,6039,0.0,0.0,1.0,0.0,10,0,20
45,6040,0.0,0.0,1.0,0.0,10,0,20
45,6041,0.0,0.0,1.0,0.0,10,0,20
45,6042,0.0,0.0,1.0,0.0,10,0,20
45,6043,0.0,0.0,1.0,0.0,10,0,20
45,6044,0.0,0.0,1.0,0.0,10,0,20
45,6045,0.0,0.0,1.0,0.0,10,0,20
45,6046,0.0,0.0,1.0,0.0,10,0,20
45,6047,0.0,0.0,1.0,0.0,10,0,20
45,6048,0.0,0.0,1.0,0.0,10,0,20
45,6049,0.0,0.0,1.0,0.0,10,0,20
45,6050,0.0,0.0,1.0,0.0,10,0,20
45,6051,0.0,0.0,1.0,0.0,10,0,20
45,6052,0.0,0.0,1.0,0.0,10,0,20
45,6053,0.0,0.0,1.0,0.0,10,0,20
45,6054,0.0,0.0,1.0,0.0,10,0,20
45,6055,0.0,0.0,1.0,0.0,10,0,20
45,6056,0.0,0.0,1.0,0.0,10,0,20
45,6057,0.0,0.0,1.0,0.0,10,0,20
45,6058,0.0,0.0,1.0,0.0,10,0,20
45,6059,0.0,0.0,1.0,0.0,10,0,20
45,6060,0.0,0.0,1.0,0.0,10,0,20
45,6061,0.0,0.0,1.0,0.0,10,0,20
45,6062,0.0,0.0,1.0,0.0,10,0,20
45,6063,0.0,0.0,1.0,0.0,10,0,20
45,6064,0.0,0.0,1.0,0.0,10,0,20
45,6065,0.0,0.0,1.0,0.0,10,0,20
45,6066,0.0,0.0,1.0,0.0,10,0,20
45,6067,0.0,0.0,1.0,0.0,10,0,20
45,6068,0.0,0.0,1.0,0.0,10,0,20
45,6069,0.0,0.0,1.0,0.0,10,0,20
45,6070,0.0,0.0,1.0,0.0,10,0,20
45,6071,0.0,0.0,1.0,0.0,10,0,20
45,6072,0.0,0.0,1.0,0.0,10,0,20
45,6073,0.0,0.0,1.0,0.0,10,0,20
45,6074,0.0,0.0,1.0,0.0,10,0,20
45,6075,0.0,0.0,1.0,0.0,10,0,20
45,6076,0.0,0.0,1.0,0.0,10,0,20
45,6077,0.0,0.0,1.0,0.0,10,0,20
45,6078,0.0,0.0,1.0,0.0,10,0,20
45,6079,0.0,0.0,1.0,0.0,10,0,20
45,6080,0.0,0.0,1.0,0.0,10,0,20
45,6081,0.0,0.0,1.0,0.0,10,0,20
45,6082,0.0,0.0,1.0,0.0,10,0,20
45,6083,0.0,0.0,1.0,0.0,10,0,20
45,6084,0.0,0.0,1.0,0.0,10,0,20
45,6085,0.0,0.0,1.0,0.0,10,0,20
45,6086,0.0,0.0,1.0,0.0,10,0,20
45,6087,0.0,0.0,1.0,0.0,10,0,20
45,6088,0.0,0.0,1.0,0.0,10,0,20
45,6089,0.0,0.0,1.0,0.0,10,0,20
45,6090,0.0,0.0,1.0,0.0,10,0,20
45,6091,0.0,0.0,1.0,0.0,10,0,20
45,6092,0.0,0.0,1.0,0.0,10,0,20
45,6093,0.0,0.0,1.0,0.0,10,0,20
45,6094,0.0,0.0,1.0,0.0,10,0,20
45,6095,0.0,0.0,1.0,0.0,10,0,20
45,6096,0.0,0.0,1.0,0.0,10,0,20
45,6097,0.0,0.0,1.0,0.0,10,0,20
45,6098,0.0,0.0,1.0,0.0,10,0,20
45,6099,0.0,0.0,1.0,0.0,10,0,20
45,6100,0.0,0.0,1.0,0.0,10,0,20
45,6101,0.0,0.0,1.0,0.0,10,0,20
45,6102,0.0,0.0,1.0,0.0,10,0,20
45,6103,0.0,0.0,1.0,0.0,10,0,20
45,6104,0.0,0.0,1.0,0.0,10,0,20
45,6105,0.0,0.0,1.0,0.0,10,0,20
45,6106,0.0,0.0,1.0,0.0,10,0,20
45,6107,0.0,0.0,1.0,0.0,10,0,20
45,6108,0.0,0.0,1.0,0.0,10,0,20
45,6109,0.0,0.0,1.0,0.0,10,0,20
45,6110,0.0,0.0,1.0,0.0,10,0,20
45,6111,0.0,0.0,1.0,0.0,10,0,20
45,6112,0.0,0.0,1.0,0.0,10,0,20
45,6113,0.0,0.0,1.0,0.0,10,0,20
45,6114,0.0,0.0,1.0,0.0,10,0,20
45,6115,0.0,0.0,1.0,0.0,10,0,20
45,6116,0.0,0.0,1.0,0.0,10,0,20
45,6117,0.0,0.0,1.0,0.0,10,0,20
45,6118,0.0,0.0,1.0,0.0,10,0,20
45,6119,0.0,0.0,1.0,0.0,10,0,20
45,6120,0.0,0.0,1.0,0.0,10,0,20
45,6121,0.0,0.0,1.0,0.0,10,0,20
45,6122,0.0,0.0,1.0,0.0,10,0,20
45,6123,0.0,0.0,1.0,0.0,10,0,20
45,6124,0.0,0.0,1.0,0.0,10,0,20
45,6125,0.0,0.0,1.0,0.0,10,0,20
45,6126,0.0,0.0,1.0,0.0,10,0,20
45,6127,0.0,0.0,1.0,0.0,10,0,20
45,6128,0.0,0.0,1.0,0.0,10,0,20
45,6129,0.0,0.0,1.0,0.0,10,0,20
45,6130,0.0,0.0,1.0,0.0,10,0,20
45,6131,0.0,0.0,1.0,0.0,10,0,20
45,6132,0.0,0.0,1.0,0.0,10,0,20
45,6133,0.0,0.0,1.0,0.0,10,0,20
45,6134,0.0,0.0,1.0,0.0,10,0,20
45,6135,0.0,0.0,1.0,0.0,10,0,20
45,6136,0.0,0.0,1.0,0.0,10,0,20
45,6137,0.0,0.0,1.0,0.0,10,0,20
45,6138,0.0,0.0,1.0,0.0,10,0,20
45,6139,0.0,0.0,1.0,0.0,10,0,20
45,6140,0.0,0.0,1.0,0.0,10,0,20
45,6141,0.0,0.0,1.0,0.0,10,0,20
45,6142,0.0,0.0,1.0,0.0,10,0,20
45,6143,0.0,0.0,1.0,0.0,10,0,20
45,6144,0.0,0.0,1.0,0.0,10,0,20
45,6145,0.0,0.0,1.0,0.0,10,0,20
45,6146,0.0,0.0,1.0,0.0,10,0,20
45,6147,0.0,0.0,1.0,0.0,10,0,20
45,6148,0.0,0.0,1.0,0.0,10,0,20
45,6149,0.0,0.0,1.0,0.0,10,0,20
45,6150,0.0,0.0,1.0,0.0,10,0,20
45,6151,0.0,0.0,1.0,0.0,10,0,20
45,6152,0.0,0.0,1.0,0.0,10,0,20
45,6153,0.0,0.0,1.0,0.0,10,0,20
45,6154,0.0,0.0,1.0,0.0,10,0,20
45,6155,0.0,0.0,1.0,0.0,10,0,20
45,6156,0.0,0.0,1.0,0.0,10,0,20
45,6157,0.0,0.0,1.0,0.0,10,0,20
45,6158,0.0,0.0,1.0,0.0,10,0,20
45,6159,0.0,0.0,1.0,0.0,10,0,20
45,6160,0.0,0.0,1.0,0.0,10,0,20
45,6161,0.0,0.0,1.0,0.0,10,0,20
45,6162,0.0,0.0,1.0,0.0,10,0,20
45,6163,0.0,0.0,1.0,0.0,10,0,20
45,6164,0.0,0.0,1.0,0.0,10,0,20
45,6165,0.0,0.0,1.0,0.0,10,0,20
45,6166,0.0,0.0,1.0,0.0,10,0,20
45,6167,0.0,0.0,1.0,0.0,10,0,20
45,6168,0.0,0.0,1.0,0.0,10,0,20
45,6169,0.0,0.0,1.0,0.0,10,0,20
45,6170,0.0,0.0,1.0,0.0,10,0,20
45,6171,0.0,0.0,1.0,0.0,10,0,20
45,6172,0.0,0.0,1.0,0.0,10,0,20
45,6173,0.0,0.0,1.0,0.0,10,0,20
45,6174,0.0,0.0,1.0,0.0,10,0,20
45,6175,0.0,0.0,1.0,0.0,10,0,20
45,6176,0.0,0.0,1.0,0.0,10,0,20
45,6177,0.0,0.0,1.0,0.0,10,0,20
45,6178,0.0,0.0,1.0,0.0,10,0,20
45,6179,0.0,0.0,1.0,0.0,10,0,20
45,6180,0.0,0.0,1.0,0.0,10,0,20
45,6181,0.0,0.0,1.0,0.0,10,0,20
45,6182,0.0,0.0,1.0,0.0,10,0,20
45,6183,0.0,0.0,1.0,0.0,10,0,20
45,6184,0.0,0.0,1.0,0.0,10,0,20
45,6185,0.0,0.0,1.0,0.0,10,0,20
45,6186,0.0,0.0,1.0,0.0,10,0,20
45,6187,0.0,0.0,1.0,0.0,10,0,20
45,6188,0.0,0.0,1.0,0.0,10,0,20
45,6189,0.0,0.0,1.0,0.0,10,0,20
45,6190,0.0,0.0,1.0,0.0,10,0,20
45,6191,0.0,0.0,1.0,0.0,10,0,20
45,6192,0.0,0.0,1.0,0.0,10,0,20
45,6193,0.0,0.0,1.0,0.0,10,0,20
45,6194,0.0,0.0,1.0,0.0,10,0,20
45,6195,0.0,0.0,1.0,0.0,10,0,20
45,6196,0.0,0.0,1.0,0.0,10,0,20
45,6197,0.0,0.0,1.0,0.0,10,0,20
45,6198,0.0,0.0,1.0,0.0,10,0,20
45,6199,0.0,0.0,1.0,0.0,10,0,20
45,6200,0.0,0.0,1.0,0.0,10,0,20
45,6201,0.0,0.0,1.0,0.0,10,0,20
45,6202,0.0,0.0,1.0,0.0,10,0,20
45,6203,0.0,0.0,1.0,0.0,10,0,20
45,6204,0.0,0.0,1.0,0.0,10,0,20
45,6205,0.0,0.0,1.0,0.0,10,0,20
45,6206,0.0,0.0,1.0,0.0,10,0,20
45,6207,0.0,0.0,1.0,0.0,10,0,20
45,6208,0.0,0.0,1.0,0.0,10,0,20
45,6209,0.0,0.0,1.0,0.0,10,0,20
45,6210,0.0,0.0,1.0,0.0,10,0,20
45,6211,0.0,0.0,1.0,0.0,10,0,20
45,6212,0.0,0.0,1.0,0.0,10,0,20
45,6213,0.0,0.0,1.0,0.0,10,0,20
45,6214,0.0,0.0,1.0,0.0,10,0,20
45,6215,0.0,0.0,1.0,0.0,10,0,20
45,6216,0.0,0.0,1.0,0.0,10,0,20
45,6217,0.0,0.0,1.0,0.0,10,0,20
45,6218,0.0,0.0,1.0,0.0,10,0,20
45,6219,0.0,0.0,1.0,0.0,10,0,20
45,6220,0.0,0.0,1.0,0.0,10,0,20
45,6221,0.0,0.0,1.0,0.0,10,0,20
45,6222,0.0,0.0,1.0,0.0,10,0,20
45,6223,0.0,0.0,1.0,0.0,10,0,20
45,6224,0.0,0.0,1.0,0.0,10,0,20
45,6225,0.0,0.0,1.0,0.0,10,0,20
45,6226,0.0,0.0,1.0,0.0,10,0,20
45,6227,0.0,0.0,1.0,0.0,10,0,20
45,6228,0.0,0.0,1.0,0.0,10,0,20
45,6229,0.0,0.0,1.0,0.0,10,0,20
45,6230,0.0,0.0,1.0,0.0,10,0,20
45,6231,0.0,0.0,1.0,0.0,10,0,20
45,6232,0.0,0.0,1.0,0.0,10,0,20
45,6233,0.0,0.0,1.0,0.0,10,0,20
45,6234,0.0,0.0,1.0,0.0,10,0,20
45,6235,0.0,0.0,1.0,0.0,10,0,20
45,6236,0.0,0.0,1.0,0.0,10,0,20
45,6237,0.0,0.0,1.0,0.0,10,0,20
45,6238,0.0,0.0,1.0,0.0,10,0,20
45,6239,0.0,0.0,1.0,0.0,10,0,20
45,6240,0.0,0.0,1.0,0.0,10,0,20
45,6241,0.0,0.0,1.0,0.0,10,0,20
45,6242,0.0,0.0,1.0,0.0,10,0,20
45,6243,0.0,0.0,1.0,0.0,10,0,20
45,6244,0.0,0.0,1.0,0.0,10,0,20
45,6245,0.0,0.0,1.0,0.0,10,0,20
45,6246,0.0,0.0,1.0,0.0,10,0,20
45,6247,0.0,0.0,1.0,0.0,10,0,20
45,6248,0.0,0.0,1.0,0.0,10,0,20
45,6249,0.0,0.0,1.0,0.0,10,0,20
45,6250,0.0,0.0,1.0,0.0,10,0,20
45,6251,0.0,0.0,1.0,0.0,10,0,20
45,6252,0.0,0.0,1.0,0.0,10,0,20
45,6253,0.0,0.0,1.0,0.0,10,0,20
45,6254,0.0,0.0,1.0,0.0,10,0,20
45,6255,0.0,0.0,1.0,0.0,10,0,20
45,6256,0.0,0.0,1.0,0.0,10,0,20
45,6257,0.0,0.0,1.0,0.0,10,0,20
45,6258,0.0,0.0,1.0,0.0,10,0,20
45,6259,0.0,0.0,1.0,0.0,10,0,20
45,6260,0.0,0.0,1.0,0.0,10,0,20
45,6261,0.0,0.0,1.0,0.0,10,0,20
45,6262,0.0,0.0,1.0,0.0,10,0,20
45,6263,0.0,0.0,1.0,0.0,10,0,20
45,6264,0.0,0.0,1.0,0.0,10,0,20
45,6265,0.0,0.0,1.0,0.0,10,0,20
45,6266,0.0,0.0,1.0,0.0,10,0,20
45,6267,0.0,0.0,1.0,0.0,10,0,20
45,6268,0.0,0.0,1.0,0.0,10,0,20
45,6269,0.0,0.0,1.0,0.0,10,0,20
45,6270,0.0,0.0,1.0,0.0,10,0,20
45,6271,0.0,0.0,1.0,0.0,10,0,20
45,6272,0.0,0.0,1.0,0.0,10,0,20
45,6273,0.0,0.0,1.0,0.0,10,0,20
45,6274,0.0,0.0,1.0,0.0,10,0,20
45,6275,0.0,0.0,1.0,0.0,10,0,20
45,6276,0.0,0.0,1.0,0.0,10,0,20
45,6277,0.0,0.0,1.0,0.0,10,0,20
45,6278,0.0,0.0,1.0,0.0,10,0,20
45,6279,0.0,0.0,1.0,0.0,10,0,20
45,6280,0.0,0.0,1.0,0.0,10,0,20
45,6281,0.0,0.0,1.0,0.0,10,0,20
45,6282,0.0,0.0,1.0,0.0,10,0,20
45,6283,0.0,0.0,1.0,0.0,10,0,20
45,6284,0.0,0.0,1.0,0.0,10,0,20
45,6285,0.0,0.0,1.0,0.0,10,0,20
45,6286,0.0,0.0,1.0,0.0,10,0,20
45,6287,0.0,0.0,1.0,0.0,10,0,20
45,6288,0.0,0.0,1.0,0.0,10,0,20
45,6289,0.0,0.0,1.0,0.0,10,0,20
45,6290,0.0,0.0,1.0,0.0,10,0,20
45,6291,0.0,0.0,1.0,0.0,10,0,20
45,6292,0.0,0.0,1.0,0.0,10,0,20
45,6293,0.0,0.0,1.0,0.0,10,0,20
45,6294,0.0,0.0,1.0,0.0,10,0,20
45,6295,0.0,0.0,1.0,0.0,10,0,20
45,6296,0.0,0.0,1.0,0.0,10,0,20
45,6297,0.0,0.0,1.0,0.0,10,0,20
45,6298,0.0,0.0,1.0,0.0,10,0,20
45,6299,0.0,0.0,1.0,0.0,10,0,20
45,6300,0.0,0.0,1.0,0.0,10,0,20
45,6301,0.0,0.0,1.0,0.0,10,0,20
45,6302,0.0,0.0,1.0,0.0,10,0,20
45,6303,0.0,0.0,1.0,0.0,10,0,20
45,6304,0.0,0.0,1.0,0.0,10,0,20
45,6305,0.0,0.0,1.0,0.0,10,0,20
45,6306,0.0,0.0,1.0,0.0,10,0,20
45,6307,0.0,0.0,1.0,0.0,10,0,20
45,6308,0.0,0.0,1.0,0.0,10,0,20
45,6309,0.0,0.0,1.0,0.0,10,0,20
45,6310,0.0,0.0,1.0,0.0,10,0,20
45,6311,0.0,0.0,1.0,0.0,10,0,20
45,6312,0.0,0.0,1.0,0.0,10,0,20
45,6313,0.0,0.0,1.0,0.0,10,0,20
45,6314,0.0,0.0,1.0,0.0,10,0,20
45,6315,0.0,0.0,1.0,0.0,10,0,20
45,6316,0.0,0.0,1.0,0.0,10,0,20
45,6317,0.0,0.0,1.0,0.0,10,0,20
45,6318,0.0,0.0,1.0,0.0,10,0,20
45,6319,0.0,0.0,1.0,0.0,10,0,20
45,6320,0.0,0.0,1.0,0.0,10,0,20
45,6321,0.0,0.0,1.0,0.0,10,0,20
45,6322,0.0,0.0,1.0,0.0,10,0,20
45,6323,0.0,0.0,1.0,0.0,10,0,20
45,6324,0.0,0.0,1.0,0.0,10,0,20
45,6325,0.0,0.0,1.0,0.0,10,0,20
45,6326,0.0,0.0,1.0,0.0,10,0,20
45,6327,0.0,0.0,1.0,0.0,10,0,20
45,6328,0.0,0.0,1.0,0.0,10,0,20
45,6329,0.0,0.0,1.0,0.0,10,0,20
45,6330,0.0,0.0,1.0,0.0,10,0,20
45,6331,0.0,0.0,1.0,0.0,10,0,20
45,6332,0.0,0.0,1.0,0.0,10,0,20
45,6333,0.0,0.0,1.0,0.0,10,0,20
45,6334,0.0,0.0,1.0,0.0,10,0,20
45,6335,0.0,0.0,1.0,0.0,10,0,20
45,6336,0.0,0.0,1.0,0.0,10,0,20
45,6337,0.0,0.0,1.0,0.0,10,0,20
45,6338,0.0,0.0,1.0,0.0,10,0,20
45,6339,0.0,0.0,1.0,0.0,10,0,20
45,6340,0.0,0.0,1.0,0.0,10,0,20
45,6341,0.0,0.0,1.0,0.0,10,0,20
45,6342,0.0,0.0,1.0,0.0,10,0,20
45,6343,0.0,0.0,1.0,0.0,10,0,20
45,6344,0.0,0.0,1.0,0.0,10,0,20
45,6345,0.0,0.0,1.0,0.0,10,0,20
45,6346,0.0,0.0,1.0,0.0,10,0,20
45,6347,0.0,0.0,1.0,0.0,10,0,20
45,6348,0.0,0.0,1.0,0.0,10,0,20
45,6349,0.0,0.0,1.0,0.0,10,0,20
45,6350,0.0,0.0,1.0,0.0,10,0,20
45,6351,0.0,0.0,1.0,0.0,10,0,20
45,6352,0.0,0.0,1.0,0.0,10,0,20
45,6353,0.0,0.0,1.0,0.0,10,0,20
45,6354,0.0,0.0,1.0,0.0,10,0,20
45,6355,0.0,0.0,1.0,0.0,10,0,20
45,6356,0.0,0.0,1.0,0.0,10,0,20
45,6357,0.0,0.0,1.0,0.0,10,0,20
45,6358,0.0,0.0,1.0,0.0,10,0,20
45,6359,0.0,0.0,1.0,0.0,10,0,20
45,6360,0.0,0.0,1.0,0.0,10,0,20
45,6361,0.0,0.0,1.0,0.0,10,0,20
45,6362,0.0,0.0,1.0,0.0,10,0,20
45,6363,0.0,0.0,1.0,0.0,10,0,20
45,6364,0.0,0.0,1.0,0.0,10,0,20
45,6365,0.0,0.0,1.0,0.0,10,0,20
45,6366,0.0,0.0,1.0,0.0,10,0,20
45,6367,0.0,0.0,1.0,0.0,10,0,20
45,6368,0.0,0.0,1.0,0.0,10,0,20
45,6369,0.0,0.0,1.0,0.0,10,0,20
45,6370,0.0,0.0,1.0,0.0,10,0,20
45,6371,0.0,0.0,1.0,0.0,10,0,20
45,6372,0.0,0.0,1.0,0.0,10,0,20
45,6373,0.0,0.0,1.0,0.0,10,0,20
45,6374,0.0,0.0,1.0,0.0,10,0,20
45,6375,0.0,0.0,1.0,0.0,10,0,20
45,6376,0.0,0.0,1.0,0.0,10,0,20
45,6377,0.0,0.0,1.0,0.0,10,0,20
45,6378,0.0,0.0,1.0,0.0,10,0,20
45,6379,0.0,0.0,1.0,0.0,10,0,20
45,6380,0.0,0.0,1.0,0.0,10,0,20
45,6381,0.0,0.0,1.0,0.0,10,0,20
45,6382,0.0,0.0,1.0,0.0,10,0,20
45,6383,0.0,0.0,1.0,0.0,10,0,20
45,6384,0.0,0.0,1.0,0.0,10,0,20
45,6385,0.0,0.0,1.0,0.0,10,0,20
45,6386,0.0,0.0,1.0,0.0,10,0,20
45,6387,0.0,0.0,1.0,0.0,10,0,20
45,6388,0.0,0.0,1.0,0.0,10,0,20
45,6389,0.0,0.0,1.0,0.0,10,0,20
45,6390,0.0,0.0,1.0,0.0,10,0,20
45,6391,0.0,0.0,1.0,0.0,10,0,20
45,6392,0.0,0.0,1.0,0.0,10,0,20
45,6393,0.0,0.0,1.0,0.0,10,0,20
45,6394,0.0,0.0,1.0,0.0,10,0,20
45,6395,0.0,0.0,1.0,0.0,10,0,20
45,6396,0.0,0.0,1.0,0.0,10,0,20
45,6397,0.0,0.0,1.0,0.0,10,0,20
45,6398,0.0,0.0,1.0,0.0,10,0,20
45,6399,0.0,0.0,1.0,0.0,10,0,20
45,6400,0.0,0.0,1.0,0.0,10,0,20
45,6401,0.0,0.0,1.0,0.0,10,0,20
45,6402,0.0,0.0,1.0,0.0,10,0,20
45,6403,0.0,0.0,1.0,0.0,10,0,20
45,6404,0.0,0.0,1.0,0.0,10,0,20
45,6405,0.0,0.0,1.0,0.0,10,0,20
45,6406,0.0,0.0,1.0,0.0,10,0,20
45,6407,0.0,0.0,1.0,0.0,10,0,20
45,6408,0.0,0.0,1.0,0.0,10,0,20
45,6409,0.0,0.0,1.0,0.0,10,0,20
45,6410,0.0,0.0,1.0,0.0,10,0,20
45,6411,0.0,0.0,1.0,0.0,10,0,20
45,6412,0.0,0.0,1.0,0.0,10,0,20
45,6413,0.0,0.0,1.0,0.0,10,0,20
45,6414,0.0,0.0,1.0,0.0,10,0,20
45,6415,0.0,0.0,1.0,0.0,10,0,20
45,6416,0.0,0.0,1.0,0.0,10,0,20
45,6417,0.0,0.0,1.0,0.0,10,0,20
45,6418,0.0,0.0,1.0,0.0,10,0,20
45,6419,0.0,0.0,1.0,0.0,10,0,20
45,6420,0.0,0.0,1.0,0.0,10,0,20
45,6421,0.0,0.0,1.0,0.0,10,0,20
45,6422,0.0,0.0,1.0,0.0,10,0,20
45,6423,0.0,0.0,1.0,0.0,10,0,20
45,6424,0.0,0.0,1.0,0.0,10,0,20
45,6425,0.0,0.0,1.0,0.0,10,0,20
45,6426,0.0,0.0,1.0,0.0,10,0,20
45,6427,0.0,0.0,1.0,0.0,10,0,20
45,6428,0.0,0.0,1.0,0.0,10,0,20
45,6429,0.0,0.0,1.0,0.0,10,0,20
45,6430,0.0,0.0,1.0,0.0,10,0,20
45,6431,0.0,0.0,1.0,0.0,10,0,20
45,6432,0.0,0.0,1.0,0.0,10,0,20
45,6433,0.0,0.0,1.0,0.0,10,0,20
45,6434,0.0,0.0,1.0,0.0,10,0,20
45,6435,0.0,0.0,1.0,0.0,10,0,20
45,6436,0.0,0.0,1.0,0.0,10,0,20
45,6437,0.0,0.0,1.0,0.0,10,0,20
45,6438,0.0,0.0,1.0,0.0,10,0,20
45,6439,0.0,0.0,1.0,0.0,10,0,20
45,6440,0.0,0.0,1.0,0.0,10,0,20
45,6441,0.0,0.0,1.0,0.0,10,0,20
45,6442,0.0,0.0,1.0,0.0,10,0,20
45,6443,0.0,0.0,1.0,0.0,10,0,20
45,6444,0.0,0.0,1.0,0.0,10,0,20
45,6445,0.0,0.0,1.0,0.0,10,0,20
45,6446,0.0,0.0,1.0,0.0,10,0,20
45,6447,0.0,0.0,1.0,0.0,10,0,20
45,6448,0.0,0.0,1.0,0.0,10,0,20
45,6449,0.0,0.0,1.0,0.0,10,0,20
45,6450,0.0,0.0,1.0,0.0,10,0,20
45,6451,0.0,0.0,1.0,0.0,10,0,20
45,6452,0.0,0.0,1.0,0.0,10,0,20
45,6453,0.0,0.0,1.0,0.0,10,0,20
45,6454,0.0,0.0,1.0,0.0,10,0,20
45,6455,0.0,0.0,1.0,0.0,10,0,20
45,6456,0.0,0.0,1.0,0.0,10,0,20
45,6457,0.0,0.0,1.0,0.0,10,0,20
45,6458,0.0,0.0,1.0,0.0,10,0,20
45,6459,0.0,0.0,1.0,0.0,10,0,20
45,6460,0.0,0.0,1.0,0.0,10,0,20
45,6461,0.0,0.0,1.0,0.0,10,0,20
45,6462,0.0,0.0,1.0,0.0,10,0,20
45,6463,0.0,0.0,1.0,0.0,10,0,20
45,6464,0.0,0.0,1.0,0.0,10,0,20
45,6465,0.0,0.0,1.0,0.0,10,0,20
45,6466,0.0,0.0,1.0,0.0,10,0,20
45,6467,0.0,0.0,1.0,0.0,10,0,20
45,6468,0.0,0.0,1.0,0.0,10,0,20
45,6469,0.0,0.0,1.0,0.0,10,0,20
45,6470,0.0,0.0,1.0,0.0,10,0,20
45,6471,0.0,0.0,1.0,0.0,10,0,20
45,6472,0.0,0.0,1.0,0.0,10,0,20
45,6473,0.0,0.0,1.0,0.0,10,0,20
45,6474,0.0,0.0,1.0,0.0,10,0,20
45,6475,0.0,0.0,1.0,0.0,10,0,20
45,6476,0.0,0.0,1.0,0.0,10,0,20
45,6477,0.0,0.0,1.0,0.0,10,0,20
45,6478,0.0,0.0,1.0,0.0,10,0,20
45,6479,0.0,0.0,1.0,0.0,10,0,20
45,6480,0.0,0.0,1.0,0.0,10,0,20
45,6481,0.0,0.0,1.0,0.0,10,0,20
45,6482,0.0,0.0,1.0,0.0,10,0,20
45,6483,0.0,0.0,1.0,0.0,10,0,20
45,6484,0.0,0.0,1.0,0.0,10,0,20
45,6485,0.0,0.0,1.0,0.0,10,0,20
45,6486,0.0,0.0,1.0,0.0,10,0,20
45,6487,0.0,0.0,1.0,0.0,10,0,20
45,6488,0.0,0.0,1.0,0.0,10,0,20
45,6489,0.0,0.0,1.0,0.0,10,0,20
45,6490,0.0,0.0,1.0,0.0,10,0,20
45,6491,0.0,0.0,1.0,0.0,10,0,20
45,6492,0.0,0.0,1.0,0.0,10,0,20
45,6493,0.0,0.0,1.0,0.0,10,0,20
45,6494,0.0,0.0,1.0,0.0,10,0,20
45,6495,0.0,0.0,1.0,0.0,10,0,20
45,6496,0.0,0.0,1.0,0.0,10,0,20
45,6497,0.0,0.0,1.0,0.0,10,0,20
45,6498,0.0,0.0,1.0,0.0,10,0,20
45,6499,0.0,0.0,1.0,0.0,10,0,20
45,6500,0.0,0.0,1.0,0.0,10,0,20
45,6501,0.0,0.0,1.0,0.0,10,0,20
45,6502,0.0,0.0,1.0,0.0,10,0,20
45,6503,0.0,0.0,1.0,0.0,10,0,20
45,6504,0.0,0.0,1.0,0.0,10,0,20
45,6505,0.0,0.0,1.0,0.0,10,0,20
45,6506,0.0,0.0,1.0,0.0,10,0,20
45,6507,0.0,0.0,1.0,0.0,10,0,20
45,6508,0.0,0.0,1.0,0.0,10,0,20
45,6509,0.0,0.0,1.0,0.0,10,0,20
45,6510,0.0,0.0,1.0,0.0,10,0,20
45,6511,0.0,0.0,1.0,0.0,10,0,20
45,6512,0.0,0.0,1.0,0.0,10,0,20
45,6513,0.0,0.0,1.0,0.0,10,0,20
45,6514,0.0,0.0,1.0,0.0,10,0,20
45,6515,0.0,0.0,1.0,0.0,10,0,20
45,6516,0.0,0.0,1.0,0.0,10,0,20
45,6517,0.0,0.0,1.0,0.0,10,0,20
45,6518,0.0,0.0,1.0,0.0,10,0,20
45,6519,0.0,0.0,1.0,0.0,10,0,20
45,6520,0.0,0.0,1.0,0.0,10,0,20
45,6521,0.0,0.0,1.0,0.0,10,0,20
45,6522,0.0,0.0,1.0,0.0,10,0,20
45,6523,0.0,0.0,1.0,0.0,10,0,20
45,6524,0.0,0.0,1.0,0.0,10,0,20
45,6525,0.0,0.0,1.0,0.0,10,0,20
45,6526,0.0,0.0,1.0,0.0,10,0,20
45,6527,0.0,0.0,1.0,0.0,10,0,20
45,6528,0.0,0.0,1.0,0.0,10,0,20
45,6529,0.0,0.0,1.0,0.0,10,0,20
45,6530,0.0,0.0,1.0,0.0,10,0,20
45,6531,0.0,0.0,1.0,0.0,10,0,20
45,6532,0.0,0.0,1.0,0.0,10,0,20
45,6533,0.0,0.0,1.0,0.0,10,0,20
45,6534,0.0,0.0,1.0,0.0,10,0,20
45,6535,0.0,0.0,1.0,0.0,10,0,20
45,6536,0.0,0.0,1.0,0.0,10,0,20
45,6537,0.0,0.0,1.0,0.0,10,0,20
45,6538,0.0,0.0,1.0,0.0,10,0,20
45,6539,0.0,0.0,1.0,0.0,10,0,20
45,6540,0.0,0.0,1.0,0.0,10,0,20
45,6541,0.0,0.0,1.0,0.0,10,0,20
45,6542,0.0,0.0,1.0,0.0,10,0,20
45,6543,0.0,0.0,1.0,0.0,10,0,20
45,6544,0.0,0.0,1.0,0.0,10,0,20
45,6545,0.0,0.0,1.0,0.0,10,0,20
45,6546,0.0,0.0,1.0,0.0,10,0,20
45,6547,0.0,0.0,1.0,0.0,10,0,20
45,6548,0.0,0.0,1.0,0.0,10,0,20
45,6549,0.0,0.0,1.0,0.0,10,0,20
45,6550,0.0,0.0,1.0,0.0,10,0,20
45,6551,0.0,0.0,1.0,0.0,10,0,20
45,6552,0.0,0.0,1.0,0.0,10,0,20
45,6553,0.0,0.0,1.0,0.0,10,0,20
45,6554,0.0,0.0,1.0,0.0,10,0,20
45,6555,0.0,0.0,1.0,0.0,10,0,20
45,6556,0.0,0.0,1.0,0.0,10,0,20
45,6557,0.0,0.0,1.0,0.0,10,0,20
45,6558,0.0,0.0,1.0,0.0,10,0,20
45,6559,0.0,0.0,1.0,0.0,10,0,20
45,6560,0.0,0.0,1.0,0.0,10,0,20
45,6561,0.0,0.0,1.0,0.0,10,0,20
45,6562,0.0,0.0,1.0,0.0,10,0,20
45,6563,0.0,0.0,1.0,0.0,10,0,20
45,6564,0.0,0.0,1.0,0.0,10,0,20
45,6565,0.0,0.0,1.0,0.0,10,0,20
45,6566,0.0,0.0,1.0,0.0,10,0,20
45,6567,0.0,0.0,1.0,0.0,10,0,20
45,6568,0.0,0.0,1.0,0.0,10,0,20
45,6569,0.0,0.0,1.0,0.0,10,0,20
45,6570,0.0,0.0,1.0,0.0,10,0,20
45,6571,0.0,0.0,1.0,0.0,10,0,20
45,6572,0.0,0.0,1.0,0.0,10,0,20
45,6573,0.0,0.0,1.0,0.0,10,0,20
45,6574,0.0,0.0,1.0,0.0,10,0,20
45,6575,0.0,0.0,1.0,0.0,10,0,20
45,6576,0.0,0.0,1.0,0.0,10,0,20
45,6577,0.0,0.0,1.0,0.0,10,0,20
45,6578,0.0,0.0,1.0,0.0,10,0,20
45,6579,0.0,0.0,1.0,0.0,10,0,20
45,6580,0.0,0.0,1.0,0.0,10,0,20
45,6581,0.0,0.0,1.0,0.0,10,0,20
45,6582,0.0,0.0,1.0,0.0,10,0,20
45,6583,0.0,0.0,1.0,0.0,10,0,20
45,6584,0.0,0.0,1.0,0.0,10,0,20
45,6585,0.0,0.0,1.0,0.0,10,0,20
45,6586,0.0,0.0,1.0,0.0,10,0,20
45,6587,0.0,0.0,1.0,0.0,10,0,20
45,6588,0.0,0.0,1.0,0.0,10,0,20
45,6589,0.0,0.0,1.0,0.0,10,0,20
45,6590,0.0,0.0,1.0,0.0,10,0,20
45,6591,0.0,0.0,1.0,0.0,10,0,20
45,6592,0.0,0.0,1.0,0.0,10,0,20
45,6593,0.0,0.0,1.0,0.0,10,0,20
45,6594,0.0,0.0,1.0,0.0,10,0,20
45,6595,0.0,0.0,1.0,0.0,10,0,20
45,6596,0.0,0.0,1.0,0.0,10,0,20
45,6597,0.0,0.0,1.0,0.0,10,0,20
45,6598,0.0,0.0,1.0,0.0,10,0,20
45,6599,0.0,0.0,1.0,0.0,10,0,20
45,6600,0.0,0.0,1.0,0.0,10,0,20
45,6601,0.0,0.0,1.0,0.0,10,0,20
45,6602,0.0,0.0,1.0,0.0,10,0,20
45,6603,0.0,0.0,1.0,0.0,10,0,20
45,6604,0.0,0.0,1.0,0.0,10,0,20
45,6605,0.0,0.0,1.0,0.0,10,0,20
45,6606,0.0,0.0,1.0,0.0,10,0,20
45,6607,0.0,0.0,1.0,0.0,10,0,20
45,6608,0.0,0.0,1.0,0.0,10,0,20
45,6609,0.0,0.0,1.0,0.0,10,0,20
45,6610,0.0,0.0,1.0,0.0,10,0,20
45,6611,0.0,0.0,1.0,0.0,10,0,20
45,6612,0.0,0.0,1.0,0.0,10,0,20
45,6613,0.0,0.0,1.0,0.0,10,0,20
45,6614,0.0,0.0,1.0,0.0,10,0,20
45,6615,0.0,0.0,1.0,0.0,10,0,20
45,6616,0.0,0.0,1.0,0.0,10,0,20
45,6617,0.0,0.0,1.0,0.0,10,0,20
45,6618,0.0,0.0,1.0,0.0,10,0,20
45,6619,0.0,0.0,1.0,0.0,10,0,20
45,6620,0.0,0.0,1.0,0.0,10,0,20
45,6621,0.0,0.0,1.0,0.0,10,0,20
45,6622,0.0,0.0,1.0,0.0,10,0,20
45,6623,0.0,0.0,1.0,0.0,10,0,20
45,6624,0.0,0.0,1.0,0.0,10,0,20
45,6625,0.0,0.0,1.0,0.0,10,0,20
45,6626,0.0,0.0,1.0,0.0,10,0,20
45,6627,0.0,0.0,1.0,0.0,10,0,20
45,6628,0.0,0.0,1.0,0.0,10,0,20
45,6629,0.0,0.0,1.0,0.0,10,0,20
45,6630,0.0,0.0,1.0,0.0,10,0,20
45,6631,0.0,0.0,1.0,0.0,10,0,20
45,6632,0.0,0.0,1.0,0.0,10,0,20
45,6633,0.0,0.0,1.0,0.0,10,0,20
45,6634,0.0,0.0,1.0,0.0,10,0,20
45,6635,0.0,0.0,1.0,0.0,10,0,20
45,6636,0.0,0.0,1.0,0.0,10,0,20
45,6637,0.0,0.0,1.0,0.0,10,0,20
45,6638,0.0,0.0,1.0,0.0,10,0,20
45,6639,0.0,0.0,1.0,0.0,10,0,20
45,6640,0.0,0.0,1.0,0.0,10,0,20
45,6641,0.0,0.0,1.0,0.0,10,0,20
45,6642,0.0,0.0,1.0,0.0,10,0,20
45,6643,0.0,0.0,1.0,0.0,10,0,20
45,6644,0.0,0.0,1.0,0.0,10,0,20
45,6645,0.0,0.0,1.0,0.0,10,0,20
45,6646,0.0,0.0,1.0,0.0,10,0,20
45,6647,0.0,0.0,1.0,0.0,10,0,20
45,6648,0.0,0.0,1.0,0.0,10,0,20
45,6649,0.0,0.0,1.0,0.0,10,0,20
45,6650,0.0,0.0,1.0,0.0,10,0,20
45,6651,0.0,0.0,1.0,0.0,10,0,20
45,6652,0.0,0.0,1.0,0.0,10,0,20
45,6653,0.0,0.0,1.0,0.0,10,0,20
45,6654,0.0,0.0,1.0,0.0,10,0,20
45,6655,0.0,0.0,1.0,0.0,10,0,20
45,6656,0.0,0.0,1.0,0.0,10,0,20
45,6657,0.0,0.0,1.0,0.0,10,0,20
45,6658,0.0,0.0,1.0,0.0,10,0,20
45,6659,0.0,0.0,1.0,0.0,10,0,20
45,6660,0.0,0.0,1.0,0.0,10,0,20
45,6661,0.0,0.0,1.0,0.0,10,0,20
45,6662,0.0,0.0,1.0,0.0,10,0,20
45,6663,0.0,0.0,1.0,0.0,10,0,20
45,6664,0.0,0.0,1.0,0.0,10,0,20
45,6665,0.0,0.0,1.0,0.0,10,0,20
45,6666,0.0,0.0,1.0,0.0,10,0,20
45,6667,0.0,0.0,1.0,0.0,10,0,20
45,6668,0.0,0.0,1.0,0.0,10,0,20
45,6669,0.0,0.0,1.0,0.0,10,0,20
45,6670,0.0,0.0,1.0,0.0,10,0,20
45,6671,0.0,0.0,1.0,0.0,10,0,20
45,6672,0.0,0.0,1.0,0.0,10,0,20
45,6673,0.0,0.0,1.0,0.0,10,0,20
45,6674,0.0,0.0,1.0,0.0,10,0,20
45,6675,0.0,0.0,1.0,0.0,10,0,20
45,6676,0.0,0.0,1.0,0.0,10,0,20
45,6677,0.0,0.0,1.0,0.0,10,0,20
45,6678,0.0,0.0,1.0,0.0,10,0,20
45,6679,0.0,0.0,1.0,0.0,10,0,20
45,6680,0.0,0.0,1.0,0.0,10,0,20
45,6681,0.0,0.0,1.0,0.0,10,0,20
45,6682,0.0,0.0,1.0,0.0,10,0,20
45,6683,0.0,0.0,1.0,0.0,10,0,20
45,6684,0.0,0.0,1.0,0.0,10,0,20
45,6685,0.0,0.0,1.0,0.0,10,0,20
45,6686,0.0,0.0,1.0,0.0,10,0,20
45,6687,0.0,0.0,1.0,0.0,10,0,20
45,6688,0.0,0.0,1.0,0.0,10,0,20
45,6689,0.0,0.0,1.0,0.0,10,0,20
45,6690,0.0,0.0,1.0,0.0,10,0,20
45,6691,0.0,0.0,1.0,0.0,10,0,20
45,6692,0.0,0.0,1.0,0.0,10,0,20
45,6693,0.0,0.0,1.0,0.0,10,0,20
45,6694,0.0,0.0,1.0,0.0,10,0,20
45,6695,0.0,0.0,1.0,0.0,10,0,20
45,6696,0.0,0.0,1.0,0.0,10,0,20
45,6697,0.0,0.0,1.0,0.0,10,0,20
45,6698,0.0,0.0,1.0,0.0,10,0,20
45,6699,0.0,0.0,1.0,0.0,10,0,20
45,6700,0.0,0.0,1.0,0.0,10,0,20
45,6701,0.0,0.0,1.0,0.0,10,0,20
45,6702,0.0,0.0,1.0,0.0,10,0,20
45,6703,0.0,0.0,1.0,0.0,10,0,20
45,6704,0.0,0.0,1.0,0.0,10,0,20
45,6705,0.0,0.0,1.0,0.0,10,0,20
45,6706,0.0,0.0,1.0,0.0,10,0,20
45,6707,0.0,0.0,1.0,0.0,10,0,20
45,6708,0.0,0.0,1.0,0.0,10,0,20
45,6709,0.0,0.0,1.0,0.0,10,0,20
45,6710,0.0,0.0,1.0,0.0,10,0,20
45,6711,0.0,0.0,1.0,0.0,10,0,20
45,6712,0.0,0.0,1.0,0.0,10,0,20
45,6713,0.0,0.0,1.0,0.0,10,0,20
45,6714,0.0,0.0,1.0,0.0,10,0,20
45,6715,0.0,0.0,1.0,0.0,10,0,20
45,6716,0.0,0.0,1.0,0.0,10,0,20
45,6717,0.0,0.0,1.0,0.0,10,0,20
45,6718,0.0,0.0,1.0,0.0,10,0,20
45,6719,0.0,0.0,1.0,0.0,10,0,20
45,6720,0.0,0.0,1.0,0.0,10,0,20
45,6721,0.0,0.0,1.0,0.0,10,0,20
45,6722,0.0,0.0,1.0,0.0,10,0,20
45,6723,0.0,0.0,1.0,0.0,10,0,20
45,6724,0.0,0.0,1.0,0.0,10,0,20
45,6725,0.0,0.0,1.0,0.0,10,0,20
45,6726,0.0,0.0,1.0,0.0,10,0,20
45,6727,0.0,0.0,1.0,0.0,10,0,20
45,6728,0.0,0.0,1.0,0.0,10,0,20
45,6729,0.0,0.0,1.0,0.0,10,0,20
45,6730,0.0,0.0,1.0,0.0,10,0,20
45,6731,0.0,0.0,1.0,0.0,10,0,20
45,6732,0.0,0.0,1.0,0.0,10,0,20
45,6733,0.0,0.0,1.0,0.0,10,0,20
45,6734,0.0,0.0,1.0,0.0,10,0,20
45,6735,0.0,0.0,1.0,0.0,10,0,20
45,6736,0.0,0.0,1.0,0.0,10,0,20
45,6737,0.0,0.0,1.0,0.0,10,0,20
45,6738,0.0,0.0,1.0,0.0,10,0,20
45,6739,0.0,0.0,1.0,0.0,10,0,20
45,6740,0.0,0.0,1.0,0.0,10,0,20
45,6741,0.0,0.0,1.0,0.0,10,0,20
45,6742,0.0,0.0,1.0,0.0,10,0,20
45,6743,0.0,0.0,1.0,0.0,10,0,20
45,6744,0.0,0.0,1.0,0.0,10,0,20
45,6745,0.0,0.0,1.0,0.0,10,0,20
45,6746,0.0,0.0,1.0,0.0,10,0,20
45,6747,0.0,0.0,1.0,0.0,10,0,20
45,6748,0.0,0.0,1.0,0.0,10,0,20
45,6749,0.0,0.0,1.0,0.0,10,0,20
45,6750,0.0,0.0,1.0,0.0,10,0,20
45,6751,0.0,0.0,1.0,0.0,10,0,20
45,6752,0.0,0.0,1.0,0.0,10,0,20
45,6753,0.0,0.0,1.0,0.0,10,0,20
45,6754,0.0,0.0,1.0,0.0,10,0,20
45,6755,0.0,0.0,1.0,0.0,10,0,20
45,6756,0.0,0.0,1.0,0.0,10,0,20
45,6757,0.0,0.0,1.0,0.0,10,0,20
45,6758,0.0,0.0,1.0,0.0,10,0,20
45,6759,0.0,0.0,1.0,0.0,10,0,20
45,6760,0.0,0.0,1.0,0.0,10,0,20
45,6761,0.0,0.0,1.0,0.0,10,0,20
45,6762,0.0,0.0,1.0,0.0,10,0,20
45,6763,0.0,0.0,1.0,0.0,10,0,20
45,6764,0.0,0.0,1.0,0.0,10,0,20
45,6765,0.0,0.0,1.0,0.0,10,0,20
45,6766,0.0,0.0,1.0,0.0,10,0,20
45,6767,0.0,0.0,1.0,0.0,10,0,20
45,6768,0.0,0.0,1.0,0.0,10,0,20
45,6769,0.0,0.0,1.0,0.0,10,0,20
45,6770,0.0,0.0,1.0,0.0,10,0,20
45,6771,0.0,0.0,1.0,0.0,10,0,20
45,6772,0.0,0.0,1.0,0.0,10,0,20
45,6773,0.0,0.0,1.0,0.0,10,0,20
45,6774,0.0,0.0,1.0,0.0,10,0,20
45,6775,0.0,0.0,1.0,0.0,10,0,20
45,6776,0.0,0.0,1.0,0.0,10,0,20
45,6777,0.0,0.0,1.0,0.0,10,0,20
45,6778,0.0,0.0,1.0,0.0,10,0,20
45,6779,0.0,0.0,1.0,0.0,10,0,20
45,6780,0.0,0.0,1.0,0.0,10,0,20
45,6781,0.0,0.0,1.0,0.0,10,0,20
45,6782,0.0,0.0,1.0,0.0,10,0,20
45,6783,0.0,0.0,1.0,0.0,10,0,20
45,6784,0.0,0.0,1.0,0.0,10,0,20
45,6785,0.0,0.0,1.0,0.0,10,0,20
45,6786,0.0,0.0,1.0,0.0,10,0,20
45,6787,0.0,0.0,1.0,0.0,10,0,20
45,6788,0.0,0.0,1.0,0.0,10,0,20
45,6789,0.0,0.0,1.0,0.0,10,0,20
45,6790,0.0,0.0,1.0,0.0,10,0,20
45,6791,0.0,0.0,1.0,0.0,10,0,20
45,6792,0.0,0.0,1.0,0.0,10,0,20
45,6793,0.0,0.0,1.0,0.0,10,0,20
45,6794,0.0,0.0,1.0,0.0,10,0,20
45,6795,0.0,0.0,1.0,0.0,10,0,20
45,6796,0.0,0.0,1.0,0.0,10,0,20
45,6797,0.0,0.0,1.0,0.0,10,0,20
45,6798,0.0,0.0,1.0,0.0,10,0,20
45,6799,0.0,0.0,1.0,0.0,10,0,20
45,6800,0.0,0.0,1.0,0.0,10,0,20
45,6801,0.0,0.0,1.0,0.0,10,0,20
45,6802,0.0,0.0,1.0,0.0,10,0,20
45,6803,0.0,0.0,1.0,0.0,10,0,20
45,6804,0.0,0.0,1.0,0.0,10,0,20
45,6805,0.0,0.0,1.0,0.0,10,0,20
45,6806,0.0,0.0,1.0,0.0,10,0,20
45,6807,0.0,0.0,1.0,0.0,10,0,20
45,6808,0.0,0.0,1.0,0.0,10,0,20
45,6809,0.0,0.0,1.0,0.0,10,0,20
45,6810,0.0,0.0,1.0,0.0,10,0,20
45,6811,0.0,0.0,1.0,0.0,10,0,20
45,6812,0.0,0.0,1.0,0.0,10,0,20
45,6813,0.0,0.0,1.0,0.0,10,0,20
45,6814,0.0,0.0,1.0,0.0,10,0,20
45,6815,0.0,0.0,1.0,0.0,10,0,20
45,6816,0.0,0.0,1.0,0.0,10,0,20
45,6817,0.0,0.0,1.0,0.0,10,0,20
45,6818,0.0,0.0,1.0,0.0,10,0,20
45,6819,0.0,0.0,1.0,0.0,10,0,20
45,6820,0.0,0.0,1.0,0.0,10,0,20
45,6821,0.0,0.0,1.0,0.0,10,0,20
45,6822,0.0,0.0,1.0,0.0,10,0,20
45,6823,0.0,0.0,1.0,0.0,10,0,20
45,6824,0.0,0.0,1.0,0.0,10,0,20
45,6825,0.0,0.0,1.0,0.0,10,0,20
45,6826,0.0,0.0,1.0,0.0,10,0,20
45,6827,0.0,0.0,1.0,0.0,10,0,20
45,6828,0.0,0.0,1.0,0.0,10,0,20
45,6829,0.0,0.0,1.0,0.0,10,0,20
45,6830,0.0,0.0,1.0,0.0,10,0,20
45,6831,0.0,0.0,1.0,0.0,10,0,20
45,6832,0.0,0.0,1.0,0.0,10,0,20
45,6833,0.0,0.0,1.0,0.0,10,0,20
45,6834,0.0,0.0,1.0,0.0,10,0,20
45,6835,0.0,0.0,1.0,0.0,10,0,20
45,6836,0.0,0.0,1.0,0.0,10,0,20
45,6837,0.0,0.0,1.0,0.0,10,0,20
45,6838,0.0,0.0,1.0,0.0,10,0,20
45,6839,0.0,0.0,1.0,0.0,10,0,20
45,6840,0.0,0.0,1.0,0.0,10,0,20
45,6841,0.0,0.0,1.0,0.0,10,0,20
45,6842,0.0,0.0,1.0,0.0,10,0,20
45,6843,0.0,0.0,1.0,0.0,10,0,20
45,6844,0.0,0.0,1.0,0.0,10,0,20
45,6845,0.0,0.0,1.0,0.0,10,0,20
45,6846,0.0,0.0,1.0,0.0,10,0,20
45,6847,0.0,0.0,1.0,0.0,10,0,20
45,6848,0.0,0.0,1.0,0.0,10,0,20
45,6849,0.0,0.0,1.0,0.0,10,0,20
45,6850,0.0,0.0,1.0,0.0,10,0,20
45,6851,0.0,0.0,1.0,0.0,10,0,20
45,6852,0.0,0.0,1.0,0.0,10,0,20
45,6853,0.0,0.0,1.0,0.0,10,0,20
45,6854,0.0,0.0,1.0,0.0,10,0,20
45,6855,0.0,0.0,1.0,0.0,10,0,20
45,6856,0.0,0.0,1.0,0.0,10,0,20
45,6857,0.0,0.0,1.0,0.0,10,0,20
45,6858,0.0,0.0,1.0,0.0,10,0,20
45,6859,0.0,0.0,1.0,0.0,10,0,20
45,6860,0.0,0.0,1.0,0.0,10,0,20
45,6861,0.0,0.0,1.0,0.0,10,0,20
45,6862,0.0,0.0,1.0,0.0,10,0,20
45,6863,0.0,0.0,1.0,0.0,10,0,20
45,6864,0.0,0.0,1.0,0.0,10,0,20
45,6865,0.0,0.0,1.0,0.0,10,0,20
45,6866,0.0,0.0,1.0,0.0,10,0,20
45,6867,0.0,0.0,1.0,0.0,10,0,20
45,6868,0.0,0.0,1.0,0.0,10,0,20
45,6869,0.0,0.0,1.0,0.0,10,0,20
45,6870,0.0,0.0,1.0,0.0,10,0,20
45,6871,0.0,0.0,1.0,0.0,10,0,20
45,6872,0.0,0.0,1.0,0.0,10,0,20
45,6873,0.0,0.0,1.0,0.0,10,0,20
45,6874,0.0,0.0,1.0,0.0,10,0,20
45,6875,0.0,0.0,1.0,0.0,10,0,20
45,6876,0.0,0.0,1.0,0.0,10,0,20
45,6877,0.0,0.0,1.0,0.0,10,0,20
45,6878,0.0,0.0,1.0,0.0,10,0,20
45,6879,0.0,0.0,1.0,0.0,10,0,20
45,6880,0.0,0.0,1.0,0.0,10,0,20
45,6881,0.0,0.0,1.0,0.0,10,0,20
45,6882,0.0,0.0,1.0,0.0,10,0,20
45,6883,0.0,0.0,1.0,0.0,10,0,20
45,6884,0.0,0.0,1.0,0.0,10,0,20
45,6885,0.0,0.0,1.0,0.0,10,0,20
45,6886,0.0,0.0,1.0,0.0,10,0,20
45,6887,0.0,0.0,1.0,0.0,10,0,20
45,6888,0.0,0.0,1.0,0.0,10,0,20
45,6889,0.0,0.0,1.0,0.0,10,0,20
45,6890,0.0,0.0,1.0,0.0,10,0,20
45,6891,0.0,0.0,1.0,0.0,10,0,20
45,6892,0.0,0.0,1.0,0.0,10,0,20
45,6893,0.0,0.0,1.0,0.0,10,0,20
45,6894,0.0,0.0,1.0,0.0,10,0,20
45,6895,0.0,0.0,1.0,0.0,10,0,20
45,6896,0.0,0.0,1.0,0.0,10,0,20
45,6897,0.0,0.0,1.0,0.0,10,0,20
45,6898,0.0,0.0,1.0,0.0,10,0,20
45,6899,0.0,0.0,1.0,0.0,10,0,20
45,6900,0.0,0.0,1.0,0.0,10,0,20
45,6901,0.0,0.0,1.0,0.0,10,0,20
45,6902,0.0,0.0,1.0,0.0,10,0,20
45,6903,0.0,0.0,1.0,0.0,10,0,20
45,6904,0.0,0.0,1.0,0.0,10,0,20
45,6905,0.0,0.0,1.0,0.0,10,0,20
45,6906,0.0,0.0,1.0,0.0,10,0,20
45,6907,0.0,0.0,1.0,0.0,10,0,20
45,6908,0.0,0.0,1.0,0.0,10,0,20
45,6909,0.0,0.0,1.0,0.0,10,0,20
45,6910,0.0,0.0,1.0,0.0,10,0,20
45,6911,0.0,0.0,1.0,0.0,10,0,20
45,6912,0.0,0.0,1.0,0.0,10,0,20
45,6913,0.0,0.0,1.0,0.0,10,0,20
45,6914,0.0,0.0,1.0,0.0,10,0,20
45,6915,0.0,0.0,1.0,0.0,10,0,20
45,6916,0.0,0.0,1.0,0.0,10,0,20
45,6917,0.0,0.0,1.0,0.0,10,0,20
45,6918,0.0,0.0,1.0,0.0,10,0,20
45,6919,0.0,0.0,1.0,0.0,10,0,20
45,6920,0.0,0.0,1.0,0.0,10,0,20
45,6921,0.0,0.0,1.0,0.0,10,0,20
45,6922,0.0,0.0,1.0,0.0,10,0,20
45,6923,0.0,0.0,1.0,0.0,10,0,20
45,6924,0.0,0.0,1.0,0.0,10,0,20
45,6925,0.0,0.0,1.0,0.0,10,0,20
45,6926,0.0,0.0,1.0,0.0,10,0,20
45,6927,0.0,0.0,1.0,0.0,10,0,20
45,6928,0.0,0.0,1.0,0.0,10,0,20
45,6929,0.0,0.0,1.0,0.0,10,0,20
45,6930,0.0,0.0,1.0,0.0,10,0,20
45,6931,0.0,0.0,1.0,0.0,10,0,20
45,6932,0.0,0.0,1.0,0.0,10,0,20
45,6933,0.0,0.0,1.0,0.0,10,0,20
45,6934,0.0,0.0,1.0,0.0,10,0,20
45,6935,0.0,0.0,1.0,0.0,10,0,20
45,6936,0.0,0.0,1.0,0.0,10,0,20
45,6937,0.0,0.0,1.0,0.0,10,0,20
45,6938,0.0,0.0,1.0,0.0,10,0,20
45,6939,0.0,0.0,1.0,0.0,10,0,20
45,6940,0.0,0.0,1.0,0.0,10,0,20
45,6941,0.0,0.0,1.0,0.0,10,0,20
45,6942,0.0,0.0,1.0,0.0,10,0,20
45,6943,0.0,0.0,1.0,0.0,10,0,20
45,6944,0.0,0.0,1.0,0.0,10,0,20
45,6945,0.0,0.0,1.0,0.0,10,0,20
45,6946,0.0,0.0,1.0,0.0,10,0,20
45,6947,0.0,0.0,1.0,0.0,10,0,20
45,6948,0.0,0.0,1.0,0.0,10,0,20
45,6949,0.0,0.0,1.0,0.0,10,0,20
45,6950,0.0,0.0,1.0,0.0,10,0,20
45,6951,0.0,0.0,1.0,0.0,10,0,20
45,6952,0.0,0.0,1.0,0.0,10,0,20
45,6953,0.0,0.0,1.0,0.0,10,0,20
45,6954,0.0,0.0,1.0,0.0,10,0,20
45,6955,0.0,0.0,1.0,0.0,10,0,20
45,6956,0.0,0.0,1.0,0.0,10,0,20
45,6957,0.0,0.0,1.0,0.0,10,0,20
45,6958,0.0,0.0,1.0,0.0,10,0,20
45,6959,0.0,0.0,1.0,0.0,10,0,20
45,6960,0.0,0.0,1.0,0.0,10,0,20
45,6961,0.0,0.0,1.0,0.0,10,0,20
45,6962,0.0,0.0,1.0,0.0,10,0,20
45,6963,0.0,0.0,1.0,0.0,10,0,20
45,6964,0.0,0.0,1.0,0.0,10,0,20
45,6965,0.0,0.0,1.0,0.0,10,0,20
45,6966,0.0,0.0,1.0,0.0,10,0,20
45,6967,0.0,0.0,1.0,0.0,10,0,20
45,6968,0.0,0.0,1.0,0.0,10,0,20
45,6969,0.0,0.0,1.0,0.0,10,0,20
45,6970,0.0,0.0,1.0,0.0,10,0,20
45,6971,0.0,0.0,1.0,0.0,10,0,20
45,6972,0.0,0.0,1.0,0.0,10,0,20
45,6973,0.0,0.0,1.0,0.0,10,0,20
45,6974,0.0,0.0,1.0,0.0,10,0,20
45,6975,0.0,0.0,1.0,0.0,10,0,20
45,6976,0.0,0.0,1.0,0.0,10,0,20
45,6977,0.0,0.0,1.0,0.0,10,0,20
45,6978,0.0,0.0,1.0,0.0,10,0,20
45,6979,0.0,0.0,1.0,0.0,10,0,20
45,6980,0.0,0.0,1.0,0.0,10,0,20
45,6981,0.0,0.0,1.0,0.0,10,0,20
45,6982,0.0,0.0,1.0,0.0,10,0,20
45,6983,0.0,0.0,1.0,0.0,10,0,20
45,6984,0.0,0.0,1.0,0.0,10,0,20
45,6985,0.0,0.0,1.0,0.0,10,0,20
45,6986,0.0,0.0,1.0,0.0,10,0,20
45,6987,0.0,0.0,1.0,0.0,10,0,20
45,6988,0.0,0.0,1.0,0.0,10,0,20
45,6989,0.0,0.0,1.0,0.0,10,0,20
45,6990,0.0,0.0,1.0,0.0,10,0,20
45,6991,0.0,0.0,1.0,0.0,10,0,20
45,6992,0.0,0.0,1.0,0.0,10,0,20
45,6993,0.0,0.0,1.0,0.0,10,0,20
45,6994,0.0,0.0,1.0,0.0,10,0,20
45,6995,0.0,0.0,1.0,0.0,10,0,20
45,6996,0.0,0.0,1.0,0.0,10,0,20
45,6997,0.0,0.0,1.0,0.0,10,0,20
45,6998,0.0,0.0,1.0,0.0,10,0,20
45,6999,0.0,0.0,1.0,0.0,10,0,20
45,7000,0.0,0.0,1.0,0.0,10,0,20
45,7001,0.0,0.0,1.0,0.0,10,0,20
45,7002,0.0,0.0,1.0,0.0,10,0,20
45,7003,0.0,0.0,1.0,0.0,10,0,20
45,7004,0.0,0.0,1.0,0.0,10,0,20
45,7005,0.0,0.0,1.0,0.0,10,0,20
45,7006,0.0,0.0,1.0,0.0,10,0,20
45,7007,0.0,0.0,1.0,0.0,10,0,20
45,7008,0.0,0.0,1.0,0.0,10,0,20
45,7009,0.0,0.0,1.0,0.0,10,0,20
45,7010,0.0,0.0,1.0,0.0,10,0,20
45,7011,0.0,0.0,1.0,0.0,10,0,20
45,7012,0.0,0.0,1.0,0.0,10,0,20
45,7013,0.0,0.0,1.0,0.0,10,0,20
45,7014,0.0,0.0,1.0,0.0,10,0,20
45,7015,0.0,0.0,1.0,0.0,10,0,20
45,7016,0.0,0.0,1.0,0.0,10,0,20
45,7017,0.0,0.0,1.0,0.0,10,0,20
45,7018,0.0,0.0,1.0,0.0,10,0,20
45,7019,0.0,0.0,1.0,0.0,10,0,20
45,7020,0.0,0.0,1.0,0.0,10,0,20
45,7021,0.0,0.0,1.0,0.0,10,0,20
45,7022,0.0,0.0,1.0,0.0,10,0,20
45,7023,0.0,0.0,1.0,0.0,10,0,20
45,7024,0.0,0.0,1.0,0.0,10,0,20
45,7025,0.0,0.0,1.0,0.0,10,0,20
45,7026,0.0,0.0,1.0,0.0,10,0,20
45,7027,0.0,0.0,1.0,0.0,10,0,20
45,7028,0.0,0.0,1.0,0.0,10,0,20
45,7029,0.0,0.0,1.0,0.0,10,0,20
45,7030,0.0,0.0,1.0,0.0,10,0,20
45,7031,0.0,0.0,1.0,0.0,10,0,20
45,7032,0.0,0.0,1.0,0.0,10,0,20
45,7033,0.0,0.0,1.0,0.0,10,0,20
45,7034,0.0,0.0,1.0,0.0,10,0,20
45,7035,0.0,0.0,1.0,0.0,10,0,20
45,7036,0.0,0.0,1.0,0.0,10,0,20
45,7037,0.0,0.0,1.0,0.0,10,0,20
45,7038,0.0,0.0,1.0,0.0,10,0,20
45,7039,0.0,0.0,1.0,0.0,10,0,20
45,7040,0.0,0.0,1.0,0.0,10,0,20
45,7041,0.0,0.0,1.0,0.0,10,0,20
45,7042,0.0,0.0,1.0,0.0,10,0,20
45,7043,0.0,0.0,1.0,0.0,10,0,20
45,7044,0.0,0.0,1.0,0.0,10,0,20
45,7045,0.0,0.0,1.0,0.0,10,0,20
45,7046,0.0,0.0,1.0,0.0,10,0,20
45,7047,0.0,0.0,1.0,0.0,10,0,20
45,7048,0.0,0.0,1.0,0.0,10,0,20
45,7049,0.0,0.0,1.0,0.0,10,0,20
45,7050,0.0,0.0,1.0,0.0,10,0,20
45,7051,0.0,0.0,1.0,0.0,10,0,20
45,7052,0.0,0.0,1.0,0.0,10,0,20
45,7053,0.0,0.0,1.0,0.0,10,0,20
45,7054,0.0,0.0,1.0,0.0,10,0,20
45,7055,0.0,0.0,1.0,0.0,10,0,20
45,7056,0.0,0.0,1.0,0.0,10,0,20
45,7057,0.0,0.0,1.0,0.0,10,0,20
45,7058,0.0,0.0,1.0,0.0,10,0,20
45,7059,0.0,0.0,1.0,0.0,10,0,20
45,7060,0.0,0.0,1.0,0.0,10,0,20
45,7061,0.0,0.0,1.0,0.0,10,0,20
45,7062,0.0,0.0,1.0,0.0,10,0,20
45,7063,0.0,0.0,1.0,0.0,10,0,20
45,7064,0.0,0.0,1.0,0.0,10,0,20
45,7065,0.0,0.0,1.0,0.0,10,0,20
45,7066,0.0,0.0,1.0,0.0,10,0,20
45,7067,0.0,0.0,1.0,0.0,10,0,20
45,7068,0.0,0.0,1.0,0.0,10,0,20
45,7069,0.0,0.0,1.0,0.0,10,0,20
45,7070,0.0,0.0,1.0,0.0,10,0,20
45,7071,0.0,0.0,1.0,0.0,10,0,20
45,7072,0.0,0.0,1.0,0.0,10,0,20
45,7073,0.0,0.0,1.0,0.0,10,0,20
45,7074,0.0,0.0,1.0,0.0,10,0,20
45,7075,0.0,0.0,1.0,0.0,10,0,20
45,7076,0.0,0.0,1.0,0.0,10,0,20
45,7077,0.0,0.0,1.0,0.0,10,0,20
45,7078,0.0,0.0,1.0,0.0,10,0,20
45,7079,0.0,0.0,1.0,0.0,10,0,20
45,7080,0.0,0.0,1.0,0.0,10,0,20
45,7081,0.0,0.0,1.0,0.0,10,0,20
45,7082,0.0,0.0,1.0,0.0,10,0,20
45,7083,0.0,0.0,1.0,0.0,10,0,20
45,7084,0.0,0.0,1.0,0.0,10,0,20
45,7085,0.0,0.0,1.0,0.0,10,0,20
45,7086,0.0,0.0,1.0,0.0,10,0,20
45,7087,0.0,0.0,1.0,0.0,10,0,20
45,7088,0.0,0.0,1.0,0.0,10,0,20
45,7089,0.0,0.0,1.0,0.0,10,0,20
45,7090,0.0,0.0,1.0,0.0,10,0,20
45,7091,0.0,0.0,1.0,0.0,10,0,20
45,7092,0.0,0.0,1.0,0.0,10,0,20
45,7093,0.0,0.0,1.0,0.0,10,0,20
45,7094,0.0,0.0,1.0,0.0,10,0,20
45,7095,0.0,0.0,1.0,0.0,10,0,20
45,7096,0.0,0.0,1.0,0.0,10,0,20
45,7097,0.0,0.0,1.0,0.0,10,0,20
45,7098,0.0,0.0,1.0,0.0,10,0,20
45,7099,0.0,0.0,1.0,0.0,10,0,20
45,7100,0.0,0.0,1.0,0.0,10,0,20
45,7101,0.0,0.0,1.0,0.0,10,0,20
45,7102,0.0,0.0,1.0,0.0,10,0,20
45,7103,0.0,0.0,1.0,0.0,10,0,20
45,7104,0.0,0.0,1.0,0.0,10,0,20
45,7105,0.0,0.0,1.0,0.0,10,0,20
45,7106,0.0,0.0,1.0,0.0,10,0,20
45,7107,0.0,0.0,1.0,0.0,10,0,20
45,7108,0.0,0.0,1.0,0.0,10,0,20
45,7109,0.0,0.0,1.0,0.0,10,0,20
45,7110,0.0,0.0,1.0,0.0,10,0,20
45,7111,0.0,0.0,1.0,0.0,10,0,20
45,7112,0.0,0.0,1.0,0.0,10,0,20
45,7113,0.0,0.0,1.0,0.0,10,0,20
45,7114,0.0,0.0,1.0,0.0,10,0,20
45,7115,0.0,0.0,1.0,0.0,10,0,20
45,7116,0.0,0.0,1.0,0.0,10,0,20
45,7117,0.0,0.0,1.0,0.0,10,0,20
45,7118,0.0,0.0,1.0,0.0,10,0,20
45,7119,0.0,0.0,1.0,0.0,10,0,20
45,7120,0.0,0.0,1.0,0.0,10,0,20
45,7121,0.0,0.0,1.0,0.0,10,0,20
45,7122,0.0,0.0,1.0,0.0,10,0,20
45,7123,0.0,0.0,1.0,0.0,10,0,20
45,7124,0.0,0.0,1.0,0.0,10,0,20
45,7125,0.0,0.0,1.0,0.0,10,0,20
45,7126,0.0,0.0,1.0,0.0,10,0,20
45,7127,0.0,0.0,1.0,0.0,10,0,20
45,7128,0.0,0.0,1.0,0.0,10,0,20
45,7129,0.0,0.0,1.0,0.0,10,0,20
45,7130,0.0,0.0,1.0,0.0,10,0,20
45,7131,0.0,0.0,1.0,0.0,10,0,20
45,7132,0.0,0.0,1.0,0.0,10,0,20
45,7133,0.0,0.0,1.0,0.0,10,0,20
45,7134,0.0,0.0,1.0,0.0,10,0,20
45,7135,0.0,0.0,1.0,0.0,10,0,20
45,7136,0.0,0.0,1.0,0.0,10,0,20
45,7137,0.0,0.0,1.0,0.0,10,0,20
45,7138,0.0,0.0,1.0,0.0,10,0,20
45,7139,0.0,0.0,1.0,0.0,10,0,20
45,7140,0.0,0.0,1.0,0.0,10,0,20
45,7141,0.0,0.0,1.0,0.0,10,0,20
45,7142,0.0,0.0,1.0,0.0,10,0,20
45,7143,0.0,0.0,1.0,0.0,10,0,20
45,7144,0.0,0.0,1.0,0.0,10,0,20
45,7145,0.0,0.0,1.0,0.0,10,0,20
45,7146,0.0,0.0,1.0,0.0,10,0,20
45,7147,0.0,0.0,1.0,0.0,10,0,20
45,7148,0.0,0.0,1.0,0.0,10,0,20
45,7149,0.0,0.0,1.0,0.0,10,0,20
45,7150,0.0,0.0,1.0,0.0,10,0,20
45,7151,0.0,0.0,1.0,0.0,10,0,20
45,7152,0.0,0.0,1.0,0.0,10,0,20
45,7153,0.0,0.0,1.0,0.0,10,0,20
45,7154,0.0,0.0,1.0,0.0,10,0,20
45,7155,0.0,0.0,1.0,0.0,10,0,20
45,7156,0.0,0.0,1.0,0.0,10,0,20
45,7157,0.0,0.0,1.0,0.0,10,0,20
45,7158,0.0,0.0,1.0,0.0,10,0,20
45,7159,0.0,0.0,1.0,0.0,10,0,20
45,7160,0.0,0.0,1.0,0.0,10,0,20
45,7161,0.0,0.0,1.0,0.0,10,0,20
45,7162,0.0,0.0,1.0,0.0,10,0,20
45,7163,0.0,0.0,1.0,0.0,10,0,20
45,7164,0.0,0.0,1.0,0.0,10,0,20
45,7165,0.0,0.0,1.0,0.0,10,0,20
45,7166,0.0,0.0,1.0,0.0,10,0,20
45,7167,0.0,0.0,1.0,0.0,10,0,20
45,7168,0.0,0.0,1.0,0.0,10,0,20
45,7169,0.0,0.0,1.0,0.0,10,0,20
45,7170,0.0,0.0,1.0,0.0,10,0,20
45,7171,0.0,0.0,1.0,0.0,10,0,20
45,7172,0.0,0.0,1.0,0.0,10,0,20
45,7173,0.0,0.0,1.0,0.0,10,0,20
45,7174,0.0,0.0,1.0,0.0,10,0,20
45,7175,0.0,0.0,1.0,0.0,10,0,20
45,7176,0.0,0.0,1.0,0.0,10,0,20
45,7177,0.0,0.0,1.0,0.0,10,0,20
45,7178,0.0,0.0,1.0,0.0,10,0,20
45,7179,0.0,0.0,1.0,0.0,10,0,20
45,7180,0.0,0.0,1.0,0.0,10,0,20
45,7181,0.0,0.0,1.0,0.0,10,0,20
45,7182,0.0,0.0,1.0,0.0,10,0,20
45,7183,0.0,0.0,1.0,0.0,10,0,20
45,7184,0.0,0.0,1.0,0.0,10,0,20
45,7185,0.0,0.0,1.0,0.0,10,0,20
45,7186,0.0,0.0,1.0,0.0,10,0,20
45,7187,0.0,0.0,1.0,0.0,10,0,20
45,7188,0.0,0.0,1.0,0.0,10,0,20
45,7189,0.0,0.0,1.0,0.0,10,0,20
45,7190,0.0,0.0,1.0,0.0,10,0,20
45,7191,0.0,0.0,1.0,0.0,10,0,20
45,7192,0.0,0.0,1.0,0.0,10,0,20
45,7193,0.0,0.0,1.0,0.0,10,0,20
45,7194,0.0,0.0,1.0,0.0,10,0,20
45,7195,0.0,0.0,1.0,0.0,10,0,20
45,7196,0.0,0.0,1.0,0.0,10,0,20
45,7197,0.0,0.0,1.0,0.0,10,0,20
45,7198,0.0,0.0,1.0,0.0,10,0,20
45,7199,0.0,0.0,1.0,0.0,10,0,20
45,7200,0.0,0.0,1.0,0.0,10,0,20
45,7201,0.0,0.0,1.0,0.0,10,0,20
45,7202,0.0,0.0,1.0,0.0,10,0,20
45,7203,0.0,0.0,1.0,0.0,10,0,20
45,7204,0.0,0.0,1.0,0.0,10,0,20
45,7205,0.0,0.0,1.0,0.0,10,0,20
45,7206,0.0,0.0,1.0,0.0,10,0,20
45,7207,0.0,0.0,1.0,0.0,10,0,20
45,7208,0.0,0.0,1.0,0.0,10,0,20
45,7209,0.0,0.0,1.0,0.0,10,0,20
45,7210,0.0,0.0,1.0,0.0,10,0,20
45,7211,0.0,0.0,1.0,0.0,10,0,20
45,7212,0.0,0.0,1.0,0.0,10,0,20
45,7213,0.0,0.0,1.0,0.0,10,0,20
45,7214,0.0,0.0,1.0,0.0,10,0,20
45,7215,0.0,0.0,1.0,0.0,10,0,20
45,7216,0.0,0.0,1.0,0.0,10,0,20
45,7217,0.0,0.0,1.0,0.0,10,0,20
45,7218,0.0,0.0,1.0,0.0,10,0,20
45,7219,0.0,0.0,1.0,0.0,10,0,20
45,7220,0.0,0.0,1.0,0.0,10,0,20
45,7221,0.0,0.0,1.0,0.0,10,0,20
45,7222,0.0,0.0,1.0,0.0,10,0,20
45,7223,0.0,0.0,1.0,0.0,10,0,20
45,7224,0.0,0.0,1.0,0.0,10,0,20
45,7225,0.0,0.0,1.0,0.0,10,0,20
45,7226,0.0,0.0,1.0,0.0,10,0,20
45,7227,0.0,0.0,1.0,0.0,10,0,20
45,7228,0.0,0.0,1.0,0.0,10,0,20
45,7229,0.0,0.0,1.0,0.0,10,0,20
45,7230,0.0,0.0,1.0,0.0,10,0,20
45,7231,0.0,0.0,1.0,0.0,10,0,20
45,7232,0.0,0.0,1.0,0.0,10,0,20
45,7233,0.0,0.0,1.0,0.0,10,0,20
45,7234,0.0,0.0,1.0,0.0,10,0,20
45,7235,0.0,0.0,1.0,0.0,10,0,20
45,7236,0.0,0.0,1.0,0.0,10,0,20
45,7237,0.0,0.0,1.0,0.0,10,0,20
45,7238,0.0,0.0,1.0,0.0,10,0,20
45,7239,0.0,0.0,1.0,0.0,10,0,20
45,7240,0.0,0.0,1.0,0.0,10,0,20
45,7241,0.0,0.0,1.0,0.0,10,0,20
45,7242,0.0,0.0,1.0,0.0,10,0,20
45,7243,0.0,0.0,1.0,0.0,10,0,20
45,7244,0.0,0.0,1.0,0.0,10,0,20
45,7245,0.0,0.0,1.0,0.0,10,0,20
45,7246,0.0,0.0,1.0,0.0,10,0,20
45,7247,0.0,0.0,1.0,0.0,10,0,20
45,7248,0.0,0.0,1.0,0.0,10,0,20
45,7249,0.0,0.0,1.0,0.0,10,0,20
45,7250,0.0,0.0,1.0,0.0,10,0,20
45,7251,0.0,0.0,1.0,0.0,10,0,20
45,7252,0.0,0.0,1.0,0.0,10,0,20
45,7253,0.0,0.0,1.0,0.0,10,0,20
45,7254,0.0,0.0,1.0,0.0,10,0,20
45,7255,0.0,0.0,1.0,0.0,10,0,20
45,7256,0.0,0.0,1.0,0.0,10,0,20
45,7257,0.0,0.0,1.0,0.0,10,0,20
45,7258,0.0,0.0,1.0,0.0,10,0,20
45,7259,0.0,0.0,1.0,0.0,10,0,20
45,7260,0.0,0.0,1.0,0.0,10,0,20
45,7261,0.0,0.0,1.0,0.0,10,0,20
45,7262,0.0,0.0,1.0,0.0,10,0,20
45,7263,0.0,0.0,1.0,0.0,10,0,20
45,7264,0.0,0.0,1.0,0.0,10,0,20
45,7265,0.0,0.0,1.0,0.0,10,0,20
45,7266,0.0,0.0,1.0,0.0,10,0,20
45,7267,0.0,0.0,1.0,0.0,10,0,20
45,7268,0.0,0.0,1.0,0.0,10,0,20
45,7269,0.0,0.0,1.0,0.0,10,0,20
45,7270,0.0,0.0,1.0,0.0,10,0,20
45,7271,0.0,0.0,1.0,0.0,10,0,20
45,7272,0.0,0.0,1.0,0.0,10,0,20
45,7273,0.0,0.0,1.0,0.0,10,0,20
45,7274,0.0,0.0,1.0,0.0,10,0,20
45,7275,0.0,0.0,1.0,0.0,10,0,20
45,7276,0.0,0.0,1.0,0.0,10,0,20
45,7277,0.0,0.0,1.0,0.0,10,0,20
45,7278,0.0,0.0,1.0,0.0,10,0,20
45,7279,0.0,0.0,1.0,0.0,10,0,20
45,7280,0.0,0.0,1.0,0.0,10,0,20
45,7281,0.0,0.0,1.0,0.0,10,0,20
45,7282,0.0,0.0,1.0,0.0,10,0,20
45,7283,0.0,0.0,1.0,0.0,10,0,20
45,7284,0.0,0.0,1.0,0.0,10,0,20
45,7285,0.0,0.0,1.0,0.0,10,0,20
45,7286,0.0,0.0,1.0,0.0,10,0,20
45,7287,0.0,0.0,1.0,0.0,10,0,20
45,7288,0.0,0.0,1.0,0.0,10,0,20
45,7289,0.0,0.0,1.0,0.0,10,0,20
45,7290,0.0,0.0,1.0,0.0,10,0,20
45,7291,0.0,0.0,1.0,0.0,10,0,20
45,7292,0.0,0.0,1.0,0.0,10,0,20
45,7293,0.0,0.0,1.0,0.0,10,0,20
45,7294,0.0,0.0,1.0,0.0,10,0,20
45,7295,0.0,0.0,1.0,0.0,10,0,20
45,7296,0.0,0.0,1.0,0.0,10,0,20
45,7297,0.0,0.0,1.0,0.0,10,0,20
45,7298,0.0,0.0,1.0,0.0,10,0,20
45,7299,0.0,0.0,1.0,0.0,10,0,20
45,7300,0.0,0.0,1.0,0.0,10,0,20
45,7301,0.0,0.0,1.0,0.0,10,0,20
45,7302,0.0,0.0,1.0,0.0,10,0,20
45,7303,0.0,0.0,1.0,0.0,10,0,20
45,7304,0.0,0.0,1.0,0.0,10,0,20
45,7305,0.0,0.0,1.0,0.0,10,0,20
45,7306,0.0,0.0,1.0,0.0,10,0,20
45,7307,0.0,0.0,1.0,0.0,10,0,20
45,7308,0.0,0.0,1.0,0.0,10,0,20
45,7309,0.0,0.0,1.0,0.0,10,0,20
45,7310,0.0,0.0,1.0,0.0,10,0,20
45,7311,0.0,0.0,1.0,0.0,10,0,20
45,7312,0.0,0.0,1.0,0.0,10,0,20
45,7313,0.0,0.0,1.0,0.0,10,0,20
45,7314,0.0,0.0,1.0,0.0,10,0,20
45,7315,0.0,0.0,1.0,0.0,10,0,20
45,7316,0.0,0.0,1.0,0.0,10,0,20
45,7317,0.0,0.0,1.0,0.0,10,0,20
45,7318,0.0,0.0,1.0,0.0,10,0,20
45,7319,0.0,0.0,1.0,0.0,10,0,20
45,7320,0.0,0.0,1.0,0.0,10,0,20
45,7321,0.0,0.0,1.0,0.0,10,0,20
45,7322,0.0,0.0,1.0,0.0,10,0,20
45,7323,0.0,0.0,1.0,0.0,10,0,20
45,7324,0.0,0.0,1.0,0.0,10,0,20
45,7325,0.0,0.0,1.0,0.0,10,0,20
45,7326,0.0,0.0,1.0,0.0,10,0,20
45,7327,0.0,0.0,1.0,0.0,10,0,20
45,7328,0.0,0.0,1.0,0.0,10,0,20
45,7329,0.0,0.0,1.0,0.0,10,0,20
45,7330,0.0,0.0,1.0,0.0,10,0,20
45,7331,0.0,0.0,1.0,0.0,10,0,20
45,7332,0.0,0.0,1.0,0.0,10,0,20
45,7333,0.0,0.0,1.0,0.0,10,0,20
45,7334,0.0,0.0,1.0,0.0,10,0,20
45,7335,0.0,0.0,1.0,0.0,10,0,20
45,7336,0.0,0.0,1.0,0.0,10,0,20
45,7337,0.0,0.0,1.0,0.0,10,0,20
45,7338,0.0,0.0,1.0,0.0,10,0,20
45,7339,0.0,0.0,1.0,0.0,10,0,20
45,7340,0.0,0.0,1.0,0.0,10,0,20
45,7341,0.0,0.0,1.0,0.0,10,0,20
45,7342,0.0,0.0,1.0,0.0,10,0,20
45,7343,0.0,0.0,1.0,0.0,10,0,20
45,7344,0.0,0.0,1.0,0.0,10,0,20
45,7345,0.0,0.0,1.0,0.0,10,0,20
45,7346,0.0,0.0,1.0,0.0,10,0,20
45,7347,0.0,0.0,1.0,0.0,10,0,20
45,7348,0.0,0.0,1.0,0.0,10,0,20
45,7349,0.0,0.0,1.0,0.0,10,0,20
45,7350,0.0,0.0,1.0,0.0,10,0,20
45,7351,0.0,0.0,1.0,0.0,10,0,20
45,7352,0.0,0.0,1.0,0.0,10,0,20
45,7353,0.0,0.0,1.0,0.0,10,0,20
45,7354,0.0,0.0,1.0,0.0,10,0,20
45,7355,0.0,0.0,1.0,0.0,10,0,20
45,7356,0.0,0.0,1.0,0.0,10,0,20
45,7357,0.0,0.0,1.0,0.0,10,0,20
45,7358,0.0,0.0,1.0,0.0,10,0,20
45,7359,0.0,0.0,1.0,0.0,10,0,20
45,7360,0.0,0.0,1.0,0.0,10,0,20
45,7361,0.0,0.0,1.0,0.0,10,0,20
45,7362,0.0,0.0,1.0,0.0,10,0,20
45,7363,0.0,0.0,1.0,0.0,10,0,20
45,7364,0.0,0.0,1.0,0.0,10,0,20
45,7365,0.0,0.0,1.0,0.0,10,0,20
45,7366,0.0,0.0,1.0,0.0,10,0,20
45,7367,0.0,0.0,1.0,0.0,10,0,20
45,7368,0.0,0.0,1.0,0.0,10,0,20
45,7369,0.0,0.0,1.0,0.0,10,0,20
45,7370,0.0,0.0,1.0,0.0,10,0,20
45,7371,0.0,0.0,1.0,0.0,10,0,20
45,7372,0.0,0.0,1.0,0.0,10,0,20
45,7373,0.0,0.0,1.0,0.0,10,0,20
45,7374,0.0,0.0,1.0,0.0,10,0,20
45,7375,0.0,0.0,1.0,0.0,10,0,20
45,7376,0.0,0.0,1.0,0.0,10,0,20
45,7377,0.0,0.0,1.0,0.0,10,0,20
45,7378,0.0,0.0,1.0,0.0,10,0,20
45,7379,0.0,0.0,1.0,0.0,10,0,20
45,7380,0.0,0.0,1.0,0.0,10,0,20
45,7381,0.0,0.0,1.0,0.0,10,0,20
45,7382,0.0,0.0,1.0,0.0,10,0,20
45,7383,0.0,0.0,1.0,0.0,10,0,20
45,7384,0.0,0.0,1.0,0.0,10,0,20
45,7385,0.0,0.0,1.0,0.0,10,0,20
45,7386,0.0,0.0,1.0,0.0,10,0,20
45,7387,0.0,0.0,1.0,0.0,10,0,20
45,7388,0.0,0.0,1.0,0.0,10,0,20
45,7389,0.0,0.0,1.0,0.0,10,0,20
45,7390,0.0,0.0,1.0,0.0,10,0,20
45,7391,0.0,0.0,1.0,0.0,10,0,20
45,7392,0.0,0.0,1.0,0.0,10,0,20
45,7393,0.0,0.0,1.0,0.0,10,0,20
45,7394,0.0,0.0,1.0,0.0,10,0,20
45,7395,0.0,0.0,1.0,0.0,10,0,20
45,7396,0.0,0.0,1.0,0.0,10,0,20
45,7397,0.0,0.0,1.0,0.0,10,0,20
45,7398,0.0,0.0,1.0,0.0,10,0,20
45,7399,0.0,0.0,1.0,0.0,10,0,20
45,7400,0.0,0.0,1.0,0.0,10,0,20
45,7401,0.0,0.0,1.0,0.0,10,0,20
45,7402,0.0,0.0,1.0,0.0,10,0,20
45,7403,0.0,0.0,1.0,0.0,10,0,20
45,7404,0.0,0.0,1.0,0.0,10,0,20
45,7405,0.0,0.0,1.0,0.0,10,0,20
45,7406,0.0,0.0,1.0,0.0,10,0,20
45,7407,0.0,0.0,1.0,0.0,10,0,20
45,7408,0.0,0.0,1.0,0.0,10,0,20
45,7409,0.0,0.0,1.0,0.0,10,0,20
45,7410,0.0,0.0,1.0,0.0,10,0,20
45,7411,0.0,0.0,1.0,0.0,10,0,20
45,7412,0.0,0.0,1.0,0.0,10,0,20
45,7413,0.0,0.0,1.0,0.0,10,0,20
45,7414,0.0,0.0,1.0,0.0,10,0,20
45,7415,0.0,0.0,1.0,0.0,10,0,20
45,7416,0.0,0.0,1.0,0.0,10,0,20
45,7417,0.0,0.0,1.0,0.0,10,0,20
45,7418,0.0,0.0,1.0,0.0,10,0,20
45,7419,0.0,0.0,1.0,0.0,10,0,20
45,7420,0.0,0.0,1.0,0.0,10,0,20
45,7421,0.0,0.0,1.0,0.0,10,0,20
45,7422,0.0,0.0,1.0,0.0,10,0,20
45,7423,0.0,0.0,1.0,0.0,10,0,20
45,7424,0.0,0.0,1.0,0.0,10,0,20
45,7425,0.0,0.0,1.0,0.0,10,0,20
45,7426,0.0,0.0,1.0,0.0,10,0,20
45,7427,0.0,0.0,1.0,0.0,10,0,20
45,7428,0.0,0.0,1.0,0.0,10,0,20
45,7429,0.0,0.0,1.0,0.0,10,0,20
45,7430,0.0,0.0,1.0,0.0,10,0,20
45,7431,0.0,0.0,1.0,0.0,10,0,20
45,7432,0.0,0.0,1.0,0.0,10,0,20
45,7433,0.0,0.0,1.0,0.0,10,0,20
45,7434,0.0,0.0,1.0,0.0,10,0,20
45,7435,0.0,0.0,1.0,0.0,10,0,20
45,7436,0.0,0.0,1.0,0.0,10,0,20
45,7437,0.0,0.0,1.0,0.0,10,0,20
45,7438,0.0,0.0,1.0,0.0,10,0,20
45,7439,0.0,0.0,1.0,0.0,10,0,20
45,7440,0.0,0.0,1.0,0.0,10,0,20
45,7441,0.0,0.0,1.0,0.0,10,0,20
45,7442,0.0,0.0,1.0,0.0,10,0,20
45,7443,0.0,0.0,1.0,0.0,10,0,20
45,7444,0.0,0.0,1.0,0.0,10,0,20
45,7445,0.0,0.0,1.0,0.0,10,0,20
45,7446,0.0,0.0,1.0,0.0,10,0,20
45,7447,0.0,0.0,1.0,0.0,10,0,20
45,7448,0.0,0.0,1.0,0.0,10,0,20
45,7449,0.0,0.0,1.0,0.0,10,0,20
45,7450,0.0,0.0,1.0,0.0,10,0,20
45,7451,0.0,0.0,1.0,0.0,10,0,20
45,7452,0.0,0.0,1.0,0.0,10,0,20
45,7453,0.0,0.0,1.0,0.0,10,0,20
45,7454,0.0,0.0,1.0,0.0,10,0,20
45,7455,0.0,0.0,1.0,0.0,10,0,20
45,7456,0.0,0.0,1.0,0.0,10,0,20
45,7457,0.0,0.0,1.0,0.0,10,0,20
45,7458,0.0,0.0,1.0,0.0,10,0,20
45,7459,0.0,0.0,1.0,0.0,10,0,20
45,7460,0.0,0.0,1.0,0.0,10,0,20
45,7461,0.0,0.0,1.0,0.0,10,0,20
45,7462,0.0,0.0,1.0,0.0,10,0,20
45,7463,0.0,0.0,1.0,0.0,10,0,20
45,7464,0.0,0.0,1.0,0.0,10,0,20
45,7465,0.0,0.0,1.0,0.0,10,0,20
45,7466,0.0,0.0,1.0,0.0,10,0,20
45,7467,0.0,0.0,1.0,0.0,10,0,20
45,7468,0.0,0.0,1.0,0.0,10,0,20
45,7469,0.0,0.0,1.0,0.0,10,0,20
45,7470,0.0,0.0,1.0,0.0,10,0,20
45,7471,0.0,0.0,1.0,0.0,10,0,20
45,7472,0.0,0.0,1.0,0.0,10,0,20
45,7473,0.0,0.0,1.0,0.0,10,0,20
45,7474,0.0,0.0,1.0,0.0,10,0,20
45,7475,0.0,0.0,1.0,0.0,10,0,20
45,7476,0.0,0.0,1.0,0.0,10,0,20
45,7477,0.0,0.0,1.0,0.0,10,0,20
45,7478,0.0,0.0,1.0,0.0,10,0,20
45,7479,0.0,0.0,1.0,0.0,10,0,20
45,7480,0.0,0.0,1.0,0.0,10,0,20
45,7481,0.0,0.0,1.0,0.0,10,0,20
45,7482,0.0,0.0,1.0,0.0,10,0,20
45,7483,0.0,0.0,1.0,0.0,10,0,20
45,7484,0.0,0.0,1.0,0.0,10,0,20
45,7485,0.0,0.0,1.0,0.0,10,0,20
45,7486,0.0,0.0,1.0,0.0,10,0,20
45,7487,0.0,0.0,1.0,0.0,10,0,20
45,7488,0.0,0.0,1.0,0.0,10,0,20
45,7489,0.0,0.0,1.0,0.0,10,0,20
45,7490,0.0,0.0,1.0,0.0,10,0,20
45,7491,0.0,0.0,1.0,0.0,10,0,20
45,7492,0.0,0.0,1.0,0.0,10,0,20
45,7493,0.0,0.0,1.0,0.0,10,0,20
45,7494,0.0,0.0,1.0,0.0,10,0,20
45,7495,0.0,0.0,1.0,0.0,10,0,20
45,7496,0.0,0.0,1.0,0.0,10,0,20
45,7497,0.0,0.0,1.0,0.0,10,0,20
45,7498,0.0,0.0,1.0,0.0,10,0,20
45,7499,0.0,0.0,1.0,0.0,10,0,20
45,7500,0.0,0.0,1.0,0.0,10,0,20
45,7501,0.0,0.0,1.0,0.0,10,0,20
45,7502,0.0,0.0,1.0,0.0,10,0,20
45,7503,0.0,0.0,1.0,0.0,10,0,20
45,7504,0.0,0.0,1.0,0.0,10,0,20
45,7505,0.0,0.0,1.0,0.0,10,0,20
45,7506,0.0,0.0,1.0,0.0,10,0,20
45,7507,0.0,0.0,1.0,0.0,10,0,20
45,7508,0.0,0.0,1.0,0.0,10,0,20
45,7509,0.0,0.0,1.0,0.0,10,0,20
45,7510,0.0,0.0,1.0,0.0,10,0,20
45,7511,0.0,0.0,1.0,0.0,10,0,20
45,7512,0.0,0.0,1.0,0.0,10,0,20
45,7513,0.0,0.0,1.0,0.0,10,0,20
45,7514,0.0,0.0,1.0,0.0,10,0,20
45,7515,0.0,0.0,1.0,0.0,10,0,20
45,7516,0.0,0.0,1.0,0.0,10,0,20
45,7517,0.0,0.0,1.0,0.0,10,0,20
45,7518,0.0,0.0,1.0,0.0,10,0,20
45,7519,0.0,0.0,1.0,0.0,10,0,20
45,7520,0.0,0.0,1.0,0.0,10,0,20
45,7521,0.0,0.0,1.0,0.0,10,0,20
45,7522,0.0,0.0,1.0,0.0,10,0,20
45,7523,0.0,0.0,1.0,0.0,10,0,20
45,7524,0.0,0.0,1.0,0.0,10,0,20
45,7525,0.0,0.0,1.0,0.0,10,0,20
45,7526,0.0,0.0,1.0,0.0,10,0,20
45,7527,0.0,0.0,1.0,0.0,10,0,20
45,7528,0.0,0.0,1.0,0.0,10,0,20
45,7529,0.0,0.0,1.0,0.0,10,0,20
45,7530,0.0,0.0,1.0,0.0,10,0,20
45,7531,0.0,0.0,1.0,0.0,10,0,20
45,7532,0.0,0.0,1.0,0.0,10,0,20
45,7533,0.0,0.0,1.0,0.0,10,0,20
45,7534,0.0,0.0,1.0,0.0,10,0,20
45,7535,0.0,0.0,1.0,0.0,10,0,20
45,7536,0.0,0.0,1.0,0.0,10,0,20
45,7537,0.0,0.0,1.0,0.0,10,0,20
45,7538,0.0,0.0,1.0,0.0,10,0,20
45,7539,0.0,0.0,1.0,0.0,10,0,20
45,7540,0.0,0.0,1.0,0.0,10,0,20
45,7541,0.0,0.0,1.0,0.0,10,0,20
45,7542,0.0,0.0,1.0,0.0,10,0,20
45,7543,0.0,0.0,1.0,0.0,10,0,20
45,7544,0.0,0.0,1.0,0.0,10,0,20
45,7545,0.0,0.0,1.0,0.0,10,0,20
45,7546,0.0,0.0,1.0,0.0,10,0,20
45,7547,0.0,0.0,1.0,0.0,10,0,20
45,7548,0.0,0.0,1.0,0.0,10,0,20
45,7549,0.0,0.0,1.0,0.0,10,0,20
45,7550,0.0,0.0,1.0,0.0,10,0,20
45,7551,0.0,0.0,1.0,0.0,10,0,20
45,7552,0.0,0.0,1.0,0.0,10,0,20
45,7553,0.0,0.0,1.0,0.0,10,0,20
45,7554,0.0,0.0,1.0,0.0,10,0,20
45,7555,0.0,0.0,1.0,0.0,10,0,20
45,7556,0.0,0.0,1.0,0.0,10,0,20
45,7557,0.0,0.0,1.0,0.0,10,0,20
45,7558,0.0,0.0,1.0,0.0,10,0,20
45,7559,0.0,0.0,1.0,0.0,10,0,20
45,7560,0.0,0.0,1.0,0.0,10,0,20
45,7561,0.0,0.0,1.0,0.0,10,0,20
45,7562,0.0,0.0,1.0,0.0,10,0,20
45,7563,0.0,0.0,1.0,0.0,10,0,20
45,7564,0.0,0.0,1.0,0.0,10,0,20
45,7565,0.0,0.0,1.0,0.0,10,0,20
45,7566,0.0,0.0,1.0,0.0,10,0,20
45,7567,0.0,0.0,1.0,0.0,10,0,20
45,7568,0.0,0.0,1.0,0.0,10,0,20
45,7569,0.0,0.0,1.0,0.0,10,0,20
45,7570,0.0,0.0,1.0,0.0,10,0,20
45,7571,0.0,0.0,1.0,0.0,10,0,20
45,7572,0.0,0.0,1.0,0.0,10,0,20
45,7573,0.0,0.0,1.0,0.0,10,0,20
45,7574,0.0,0.0,1.0,0.0,10,0,20
45,7575,0.0,0.0,1.0,0.0,10,0,20
45,7576,0.0,0.0,1.0,0.0,10,0,20
45,7577,0.0,0.0,1.0,0.0,10,0,20
45,7578,0.0,0.0,1.0,0.0,10,0,20
45,7579,0.0,0.0,1.0,0.0,10,0,20
45,7580,0.0,0.0,1.0,0.0,10,0,20
45,7581,0.0,0.0,1.0,0.0,10,0,20
45,7582,0.0,0.0,1.0,0.0,10,0,20
45,7583,0.0,0.0,1.0,0.0,10,0,20
45,7584,0.0,0.0,1.0,0.0,10,0,20
45,7585,0.0,0.0,1.0,0.0,10,0,20
45,7586,0.0,0.0,1.0,0.0,10,0,20
45,7587,0.0,0.0,1.0,0.0,10,0,20
45,7588,0.0,0.0,1.0,0.0,10,0,20
45,7589,0.0,0.0,1.0,0.0,10,0,20
45,7590,0.0,0.0,1.0,0.0,10,0,20
45,7591,0.0,0.0,1.0,0.0,10,0,20
45,7592,0.0,0.0,1.0,0.0,10,0,20
45,7593,0.0,0.0,1.0,0.0,10,0,20
45,7594,0.0,0.0,1.0,0.0,10,0,20
45,7595,0.0,0.0,1.0,0.0,10,0,20
45,7596,0.0,0.0,1.0,0.0,10,0,20
45,7597,0.0,0.0,1.0,0.0,10,0,20
45,7598,0.0,0.0,1.0,0.0,10,0,20
45,7599,0.0,0.0,1.0,0.0,10,0,20
45,7600,0.0,0.0,1.0,0.0,10,0,20
45,7601,0.0,0.0,1.0,0.0,10,0,20
45,7602,0.0,0.0,1.0,0.0,10,0,20
45,7603,0.0,0.0,1.0,0.0,10,0,20
45,7604,0.0,0.0,1.0,0.0,10,0,20
45,7605,0.0,0.0,1.0,0.0,10,0,20
45,7606,0.0,0.0,1.0,0.0,10,0,20
45,7607,0.0,0.0,1.0,0.0,10,0,20
45,7608,0.0,0.0,1.0,0.0,10,0,20
45,7609,0.0,0.0,1.0,0.0,10,0,20
45,7610,0.0,0.0,1.0,0.0,10,0,20
45,7611,0.0,0.0,1.0,0.0,10,0,20
45,7612,0.0,0.0,1.0,0.0,10,0,20
45,7613,0.0,0.0,1.0,0.0,10,0,20
45,7614,0.0,0.0,1.0,0.0,10,0,20
45,7615,0.0,0.0,1.0,0.0,10,0,20
45,7616,0.0,0.0,1.0,0.0,10,0,20
45,7617,0.0,0.0,1.0,0.0,10,0,20
45,7618,0.0,0.0,1.0,0.0,10,0,20
45,7619,0.0,0.0,1.0,0.0,10,0,20
45,7620,0.0,0.0,1.0,0.0,10,0,20
45,7621,0.0,0.0,1.0,0.0,10,0,20
45,7622,0.0,0.0,1.0,0.0,10,0,20
45,7623,0.0,0.0,1.0,0.0,10,0,20
45,7624,0.0,0.0,1.0,0.0,10,0,20
45,7625,0.0,0.0,1.0,0.0,10,0,20
45,7626,0.0,0.0,1.0,0.0,10,0,20
45,7627,0.0,0.0,1.0,0.0,10,0,20
45,7628,0.0,0.0,1.0,0.0,10,0,20
45,7629,0.0,0.0,1.0,0.0,10,0,20
45,7630,0.0,0.0,1.0,0.0,10,0,20
45,7631,0.0,0.0,1.0,0.0,10,0,20
45,7632,0.0,0.0,1.0,0.0,10,0,20
45,7633,0.0,0.0,1.0,0.0,10,0,20
45,7634,0.0,0.0,1.0,0.0,10,0,20
45,7635,0.0,0.0,1.0,0.0,10,0,20
45,7636,0.0,0.0,1.0,0.0,10,0,20
45,7637,0.0,0.0,1.0,0.0,10,0,20
45,7638,0.0,0.0,1.0,0.0,10,0,20
45,7639,0.0,0.0,1.0,0.0,10,0,20
45,7640,0.0,0.0,1.0,0.0,10,0,20
45,7641,0.0,0.0,1.0,0.0,10,0,20
45,7642,0.0,0.0,1.0,0.0,10,0,20
45,7643,0.0,0.0,1.0,0.0,10,0,20
45,7644,0.0,0.0,1.0,0.0,10,0,20
45,7645,0.0,0.0,1.0,0.0,10,0,20
45,7646,0.0,0.0,1.0,0.0,10,0,20
45,7647,0.0,0.0,1.0,0.0,10,0,20
45,7648,0.0,0.0,1.0,0.0,10,0,20
45,7649,0.0,0.0,1.0,0.0,10,0,20
45,7650,0.0,0.0,1.0,0.0,10,0,20
45,7651,0.0,0.0,1.0,0.0,10,0,20
45,7652,0.0,0.0,1.0,0.0,10,0,20
45,7653,0.0,0.0,1.0,0.0,10,0,20
45,7654,0.0,0.0,1.0,0.0,10,0,20
45,7655,0.0,0.0,1.0,0.0,10,0,20
45,7656,0.0,0.0,1.0,0.0,10,0,20
45,7657,0.0,0.0,1.0,0.0,10,0,20
45,7658,0.0,0.0,1.0,0.0,10,0,20
45,7659,0.0,0.0,1.0,0.0,10,0,20
45,7660,0.0,0.0,1.0,0.0,10,0,20
45,7661,0.0,0.0,1.0,0.0,10,0,20
45,7662,0.0,0.0,1.0,0.0,10,0,20
45,7663,0.0,0.0,1.0,0.0,10,0,20
45,7664,0.0,0.0,1.0,0.0,10,0,20
45,7665,0.0,0.0,1.0,0.0,10,0,20
45,7666,0.0,0.0,1.0,0.0,10,0,20
45,7667,0.0,0.0,1.0,0.0,10,0,20
45,7668,0.0,0.0,1.0,0.0,10,0,20
45,7669,0.0,0.0,1.0,0.0,10,0,20
45,7670,0.0,0.0,1.0,0.0,10,0,20
45,7671,0.0,0.0,1.0,0.0,10,0,20
45,7672,0.0,0.0,1.0,0.0,10,0,20
45,7673,0.0,0.0,1.0,0.0,10,0,20
45,7674,0.0,0.0,1.0,0.0,10,0,20
45,7675,0.0,0.0,1.0,0.0,10,0,20
45,7676,0.0,0.0,1.0,0.0,10,0,20
45,7677,0.0,0.0,1.0,0.0,10,0,20
45,7678,0.0,0.0,1.0,0.0,10,0,20
45,7679,0.0,0.0,1.0,0.0,10,0,20
45,7680,0.0,0.0,1.0,0.0,10,0,20
45,7681,0.0,0.0,1.0,0.0,10,0,20
45,7682,0.0,0.0,1.0,0.0,10,0,20
45,7683,0.0,0.0,1.0,0.0,10,0,20
45,7684,0.0,0.0,1.0,0.0,10,0,20
45,7685,0.0,0.0,1.0,0.0,10,0,20
45,7686,0.0,0.0,1.0,0.0,10,0,20
45,7687,0.0,0.0,1.0,0.0,10,0,20
45,7688,0.0,0.0,1.0,0.0,10,0,20
45,7689,0.0,0.0,1.0,0.0,10,0,20
45,7690,0.0,0.0,1.0,0.0,10,0,20
45,7691,0.0,0.0,1.0,0.0,10,0,20
45,7692,0.0,0.0,1.0,0.0,10,0,20
45,7693,0.0,0.0,1.0,0.0,10,0,20
45,7694,0.0,0.0,1.0,0.0,10,0,20
45,7695,0.0,0.0,1.0,0.0,10,0,20
45,7696,0.0,0.0,1.0,0.0,10,0,20
45,7697,0.0,0.0,1.0,0.0,10,0,20
45,7698,0.0,0.0,1.0,0.0,10,0,20
45,7699,0.0,0.0,1.0,0.0,10,0,20
45,7700,0.0,0.0,1.0,0.0,10,0,20
45,7701,0.0,0.0,1.0,0.0,10,0,20
45,7702,0.0,0.0,1.0,0.0,10,0,20
45,7703,0.0,0.0,1.0,0.0,10,0,20
45,7704,0.0,0.0,1.0,0.0,10,0,20
45,7705,0.0,0.0,1.0,0.0,10,0,20
45,7706,0.0,0.0,1.0,0.0,10,0,20
45,7707,0.0,0.0,1.0,0.0,10,0,20
45,7708,0.0,0.0,1.0,0.0,10,0,20
45,7709,0.0,0.0,1.0,0.0,10,0,20
45,7710,0.0,0.0,1.0,0.0,10,0,20
45,7711,0.0,0.0,1.0,0.0,10,0,20
45,7712,0.0,0.0,1.0,0.0,10,0,20
45,7713,0.0,0.0,1.0,0.0,10,0,20
45,7714,0.0,0.0,1.0,0.0,10,0,20
45,7715,0.0,0.0,1.0,0.0,10,0,20
45,7716,0.0,0.0,1.0,0.0,10,0,20
45,7717,0.0,0.0,1.0,0.0,10,0,20
45,7718,0.0,0.0,1.0,0.0,10,0,20
45,7719,0.0,0.0,1.0,0.0,10,0,20
45,7720,0.0,0.0,1.0,0.0,10,0,20
45,7721,0.0,0.0,1.0,0.0,10,0,20
45,7722,0.0,0.0,1.0,0.0,10,0,20
45,7723,0.0,0.0,1.0,0.0,10,0,20
45,7724,0.0,0.0,1.0,0.0,10,0,20
45,7725,0.0,0.0,1.0,0.0,10,0,20
45,7726,0.0,0.0,1.0,0.0,10,0,20
45,7727,0.0,0.0,1.0,0.0,10,0,20
45,7728,0.0,0.0,1.0,0.0,10,0,20
45,7729,0.0,0.0,1.0,0.0,10,0,20
45,7730,0.0,0.0,1.0,0.0,10,0,20
45,7731,0.0,0.0,1.0,0.0,10,0,20
45,7732,0.0,0.0,1.0,0.0,10,0,20
45,7733,0.0,0.0,1.0,0.0,10,0,20
45,7734,0.0,0.0,1.0,0.0,10,0,20
45,7735,0.0,0.0,1.0,0.0,10,0,20
45,7736,0.0,0.0,1.0,0.0,10,0,20
45,7737,0.0,0.0,1.0,0.0,10,0,20
45,7738,0.0,0.0,1.0,0.0,10,0,20
45,7739,0.0,0.0,1.0,0.0,10,0,20
45,7740,0.0,0.0,1.0,0.0,10,0,20
45,7741,0.0,0.0,1.0,0.0,10,0,20
45,7742,0.0,0.0,1.0,0.0,10,0,20
45,7743,0.0,0.0,1.0,0.0,10,0,20
45,7744,0.0,0.0,1.0,0.0,10,0,20
45,7745,0.0,0.0,1.0,0.0,10,0,20
45,7746,0.0,0.0,1.0,0.0,10,0,20
45,7747,0.0,0.0,1.0,0.0,10,0,20
45,7748,0.0,0.0,1.0,0.0,10,0,20
45,7749,0.0,0.0,1.0,0.0,10,0,20
45,7750,0.0,0.0,1.0,0.0,10,0,20
45,7751,0.0,0.0,1.0,0.0,10,0,20
45,7752,0.0,0.0,1.0,0.0,10,0,20
45,7753,0.0,0.0,1.0,0.0,10,0,20
45,7754,0.0,0.0,1.0,0.0,10,0,20
45,7755,0.0,0.0,1.0,0.0,10,0,20
45,7756,0.0,0.0,1.0,0.0,10,0,20
45,7757,0.0,0.0,1.0,0.0,10,0,20
45,7758,0.0,0.0,1.0,0.0,10,0,20
45,7759,0.0,0.0,1.0,0.0,10,0,20
45,7760,0.0,0.0,1.0,0.0,10,0,20
45,7761,0.0,0.0,1.0,0.0,10,0,20
45,7762,0.0,0.0,1.0,0.0,10,0,20
45,7763,0.0,0.0,1.0,0.0,10,0,20
45,7764,0.0,0.0,1.0,0.0,10,0,20
45,7765,0.0,0.0,1.0,0.0,10,0,20
45,7766,0.0,0.0,1.0,0.0,10,0,20
45,7767,0.0,0.0,1.0,0.0,10,0,20
45,7768,0.0,0.0,1.0,0.0,10,0,20
45,7769,0.0,0.0,1.0,0.0,10,0,20
45,7770,0.0,0.0,1.0,0.0,10,0,20
45,7771,0.0,0.0,1.0,0.0,10,0,20
45,7772,0.0,0.0,1.0,0.0,10,0,20
45,7773,0.0,0.0,1.0,0.0,10,0,20
45,7774,0.0,0.0,1.0,0.0,10,0,20
45,7775,0.0,0.0,1.0,0.0,10,0,20
45,7776,0.0,0.0,1.0,0.0,10,0,20
45,7777,0.0,0.0,1.0,0.0,10,0,20
45,7778,0.0,0.0,1.0,0.0,10,0,20
45,7779,0.0,0.0,1.0,0.0,10,0,20
45,7780,0.0,0.0,1.0,0.0,10,0,20
45,7781,0.0,0.0,1.0,0.0,10,0,20
45,7782,0.0,0.0,1.0,0.0,10,0,20
45,7783,0.0,0.0,1.0,0.0,10,0,20
45,7784,0.0,0.0,1.0,0.0,10,0,20
45,7785,0.0,0.0,1.0,0.0,10,0,20
45,7786,0.0,0.0,1.0,0.0,10,0,20
45,7787,0.0,0.0,1.0,0.0,10,0,20
45,7788,0.0,0.0,1.0,0.0,10,0,20
45,7789,0.0,0.0,1.0,0.0,10,0,20
45,7790,0.0,0.0,1.0,0.0,10,0,20
45,7791,0.0,0.0,1.0,0.0,10,0,20
45,7792,0.0,0.0,1.0,0.0,10,0,20
45,7793,0.0,0.0,1.0,0.0,10,0,20
45,7794,0.0,0.0,1.0,0.0,10,0,20
45,7795,0.0,0.0,1.0,0.0,10,0,20
45,7796,0.0,0.0,1.0,0.0,10,0,20
45,7797,0.0,0.0,1.0,0.0,10,0,20
45,7798,0.0,0.0,1.0,0.0,10,0,20
45,7799,0.0,0.0,1.0,0.0,10,0,20
45,7800,0.0,0.0,1.0,0.0,10,0,20
45,7801,0.0,0.0,1.0,0.0,10,0,20
45,7802,0.0,0.0,1.0,0.0,10,0,20
45,7803,0.0,0.0,1.0,0.0,10,0,20
45,7804,0.0,0.0,1.0,0.0,10,0,20
45,7805,0.0,0.0,1.0,0.0,10,0,20
45,7806,0.0,0.0,1.0,0.0,10,0,20
45,7807,0.0,0.0,1.0,0.0,10,0,20
45,7808,0.0,0.0,1.0,0.0,10,0,20
45,7809,0.0,0.0,1.0,0.0,10,0,20
45,7810,0.0,0.0,1.0,0.0,10,0,20
45,7811,0.0,0.0,1.0,0.0,10,0,20
45,7812,0.0,0.0,1.0,0.0,10,0,20
45,7813,0.0,0.0,1.0,0.0,10,0,20
45,7814,0.0,0.0,1.0,0.0,10,0,20
45,7815,0.0,0.0,1.0,0.0,10,0,20
45,7816,0.0,0.0,1.0,0.0,10,0,20
45,7817,0.0,0.0,1.0,0.0,10,0,20
45,7818,0.0,0.0,1.0,0.0,10,0,20
45,7819,0.0,0.0,1.0,0.0,10,0,20
45,7820,0.0,0.0,1.0,0.0,10,0,20
45,7821,0.0,0.0,1.0,0.0,10,0,20
45,7822,0.0,0.0,1.0,0.0,10,0,20
45,7823,0.0,0.0,1.0,0.0,10,0,20
45,7824,0.0,0.0,1.0,0.0,10,0,20
45,7825,0.0,0.0,1.0,0.0,10,0,20
45,7826,0.0,0.0,1.0,0.0,10,0,20
45,7827,0.0,0.0,1.0,0.0,10,0,20
45,7828,0.0,0.0,1.0,0.0,10,0,20
45,7829,0.0,0.0,1.0,0.0,10,0,20
45,7830,0.0,0.0,1.0,0.0,10,0,20
45,7831,0.0,0.0,1.0,0.0,10,0,20
45,7832,0.0,0.0,1.0,0.0,10,0,20
45,7833,0.0,0.0,1.0,0.0,10,0,20
45,7834,0.0,0.0,1.0,0.0,10,0,20
45,7835,0.0,0.0,1.0,0.0,10,0,20
45,7836,0.0,0.0,1.0,0.0,10,0,20
45,7837,0.0,0.0,1.0,0.0,10,0,20
45,7838,0.0,0.0,1.0,0.0,10,0,20
45,7839,0.0,0.0,1.0,0.0,10,0,20
45,7840,0.0,0.0,1.0,0.0,10,0,20
45,7841,0.0,0.0,1.0,0.0,10,0,20
45,7842,0.0,0.0,1.0,0.0,10,0,20
45,7843,0.0,0.0,1.0,0.0,10,0,20
45,7844,0.0,0.0,1.0,0.0,10,0,20
45,7845,0.0,0.0,1.0,0.0,10,0,20
45,7846,0.0,0.0,1.0,0.0,10,0,20
45,7847,0.0,0.0,1.0,0.0,10,0,20
45,7848,0.0,0.0,1.0,0.0,10,0,20
45,7849,0.0,0.0,1.0,0.0,10,0,20
45,7850,0.0,0.0,1.0,0.0,10,0,20
45,7851,0.0,0.0,1.0,0.0,10,0,20
45,7852,0.0,0.0,1.0,0.0,10,0,20
45,7853,0.0,0.0,1.0,0.0,10,0,20
45,7854,0.0,0.0,1.0,0.0,10,0,20
45,7855,0.0,0.0,1.0,0.0,10,0,20
45,7856,0.0,0.0,1.0,0.0,10,0,20
45,7857,0.0,0.0,1.0,0.0,10,0,20
45,7858,0.0,0.0,1.0,0.0,10,0,20
45,7859,0.0,0.0,1.0,0.0,10,0,20
45,7860,0.0,0.0,1.0,0.0,10,0,20
45,7861,0.0,0.0,1.0,0.0,10,0,20
45,7862,0.0,0.0,1.0,0.0,10,0,20
45,7863,0.0,0.0,1.0,0.0,10,0,20
45,7864,0.0,0.0,1.0,0.0,10,0,20
45,7865,0.0,0.0,1.0,0.0,10,0,20
45,7866,0.0,0.0,1.0,0.0,10,0,20
45,7867,0.0,0.0,1.0,0.0,10,0,20
45,7868,0.0,0.0,1.0,0.0,10,0,20
45,7869,0.0,0.0,1.0,0.0,10,0,20
45,7870,0.0,0.0,1.0,0.0,10,0,20
45,7871,0.0,0.0,1.0,0.0,10,0,20
45,7872,0.0,0.0,1.0,0.0,10,0,20
45,7873,0.0,0.0,1.0,0.0,10,0,20
45,7874,0.0,0.0,1.0,0.0,10,0,20
45,7875,0.0,0.0,1.0,0.0,10,0,20
45,7876,0.0,0.0,1.0,0.0,10,0,20
45,7877,0.0,0.0,1.0,0.0,10,0,20
45,7878,0.0,0.0,1.0,0.0,10,0,20
45,7879,0.0,0.0,1.0,0.0,10,0,20
45,7880,0.0,0.0,1.0,0.0,10,0,20
45,7881,0.0,0.0,1.0,0.0,10,0,20
45,7882,0.0,0.0,1.0,0.0,10,0,20
45,7883,0.0,0.0,1.0,0.0,10,0,20
45,7884,0.0,0.0,1.0,0.0,10,0,20
45,7885,0.0,0.0,1.0,0.0,10,0,20
45,7886,0.0,0.0,1.0,0.0,10,0,20
45,7887,0.0,0.0,1.0,0.0,10,0,20
45,7888,0.0,0.0,1.0,0.0,10,0,20
45,7889,0.0,0.0,1.0,0.0,10,0,20
45,7890,0.0,0.0,1.0,0.0,10,0,20
45,7891,0.0,0.0,1.0,0.0,10,0,20
45,7892,0.0,0.0,1.0,0.0,10,0,20
45,7893,0.0,0.0,1.0,0.0,10,0,20
45,7894,0.0,0.0,1.0,0.0,10,0,20
45,7895,0.0,0.0,1.0,0.0,10,0,20
45,7896,0.0,0.0,1.0,0.0,10,0,20
45,7897,0.0,0.0,1.0,0.0,10,0,20
45,7898,0.0,0.0,1.0,0.0,10,0,20
45,7899,0.0,0.0,1.0,0.0,10,0,20
45,7900,0.0,0.0,1.0,0.0,10,0,20
45,7901,0.0,0.0,1.0,0.0,10,0,20
45,7902,0.0,0.0,1.0,0.0,10,0,20
45,7903,0.0,0.0,1.0,0.0,10,0,20
45,7904,0.0,0.0,1.0,0.0,10,0,20
45,7905,0.0,0.0,1.0,0.0,10,0,20
45,7906,0.0,0.0,1.0,0.0,10,0,20
45,7907,0.0,0.0,1.0,0.0,10,0,20
45,7908,0.0,0.0,1.0,0.0,10,0,20
45,7909,0.0,0.0,1.0,0.0,10,0,20
45,7910,0.0,0.0,1.0,0.0,10,0,20
45,7911,0.0,0.0,1.0,0.0,10,0,20
45,7912,0.0,0.0,1.0,0.0,10,0,20
45,7913,0.0,0.0,1.0,0.0,10,0,20
45,7914,0.0,0.0,1.0,0.0,10,0,20
45,7915,0.0,0.0,1.0,0.0,10,0,20
45,7916,0.0,0.0,1.0,0.0,10,0,20
45,7917,0.0,0.0,1.0,0.0,10,0,20
45,7918,0.0,0.0,1.0,0.0,10,0,20
45,7919,0.0,0.0,1.0,0.0,10,0,20
45,7920,0.0,0.0,1.0,0.0,10,0,20
45,7921,0.0,0.0,1.0,0.0,10,0,20
45,7922,0.0,0.0,1.0,0.0,10,0,20
45,7923,0.0,0.0,1.0,0.0,10,0,20
45,7924,0.0,0.0,1.0,0.0,10,0,20
45,7925,0.0,0.0,1.0,0.0,10,0,20
45,7926,0.0,0.0,1.0,0.0,10,0,20
45,7927,0.0,0.0,1.0,0.0,10,0,20
45,7928,0.0,0.0,1.0,0.0,10,0,20
45,7929,0.0,0.0,1.0,0.0,10,0,20
45,7930,0.0,0.0,1.0,0.0,10,0,20
45,7931,0.0,0.0,1.0,0.0,10,0,20
45,7932,0.0,0.0,1.0,0.0,10,0,20
45,7933,0.0,0.0,1.0,0.0,10,0,20
45,7934,0.0,0.0,1.0,0.0,10,0,20
45,7935,0.0,0.0,1.0,0.0,10,0,20
45,7936,0.0,0.0,1.0,0.0,10,0,20
45,7937,0.0,0.0,1.0,0.0,10,0,20
45,7938,0.0,0.0,1.0,0.0,10,0,20
45,7939,0.0,0.0,1.0,0.0,10,0,20
45,7940,0.0,0.0,1.0,0.0,10,0,20
45,7941,0.0,0.0,1.0,0.0,10,0,20
45,7942,0.0,0.0,1.0,0.0,10,0,20
45,7943,0.0,0.0,1.0,0.0,10,0,20
45,7944,0.0,0.0,1.0,0.0,10,0,20
45,7945,0.0,0.0,1.0,0.0,10,0,20
45,7946,0.0,0.0,1.0,0.0,10,0,20
45,7947,0.0,0.0,1.0,0.0,10,0,20
45,7948,0.0,0.0,1.0,0.0,10,0,20
45,7949,0.0,0.0,1.0,0.0,10,0,20
45,7950,0.0,0.0,1.0,0.0,10,0,20
45,7951,0.0,0.0,1.0,0.0,10,0,20
45,7952,0.0,0.0,1.0,0.0,10,0,20
45,7953,0.0,0.0,1.0,0.0,10,0,20
45,7954,0.0,0.0,1.0,0.0,10,0,20
45,7955,0.0,0.0,1.0,0.0,10,0,20
45,7956,0.0,0.0,1.0,0.0,10,0,20
45,7957,0.0,0.0,1.0,0.0,10,0,20
45,7958,0.0,0.0,1.0,0.0,10,0,20
45,7959,0.0,0.0,1.0,0.0,10,0,20
45,7960,0.0,0.0,1.0,0.0,10,0,20
45,7961,0.0,0.0,1.0,0.0,10,0,20
45,7962,0.0,0.0,1.0,0.0,10,0,20
45,7963,0.0,0.0,1.0,0.0,10,0,20
45,7964,0.0,0.0,1.0,0.0,10,0,20
45,7965,0.0,0.0,1.0,0.0,10,0,20
45,7966,0.0,0.0,1.0,0.0,10,0,20
45,7967,0.0,0.0,1.0,0.0,10,0,20
45,7968,0.0,0.0,1.0,0.0,10,0,20
45,7969,0.0,0.0,1.0,0.0,10,0,20
45,7970,0.0,0.0,1.0,0.0,10,0,20
45,7971,0.0,0.0,1.0,0.0,10,0,20
45,7972,0.0,0.0,1.0,0.0,10,0,20
45,7973,0.0,0.0,1.0,0.0,10,0,20
45,7974,0.0,0.0,1.0,0.0,10,0,20
45,7975,0.0,0.0,1.0,0.0,10,0,20
45,7976,0.0,0.0,1.0,0.0,10,0,20
45,7977,0.0,0.0,1.0,0.0,10,0,20
45,7978,0.0,0.0,1.0,0.0,10,0,20
45,7979,0.0,0.0,1.0,0.0,10,0,20
45,7980,0.0,0.0,1.0,0.0,10,0,20
45,7981,0.0,0.0,1.0,0.0,10,0,20
45,7982,0.0,0.0,1.0,0.0,10,0,20
45,7983,0.0,0.0,1.0,0.0,10,0,20
45,7984,0.0,0.0,1.0,0.0,10,0,20
45,7985,0.0,0.0,1.0,0.0,10,0,20
45,7986,0.0,0.0,1.0,0.0,10,0,20
45,7987,0.0,0.0,1.0,0.0,10,0,20
45,7988,0.0,0.0,1.0,0.0,10,0,20
45,7989,0.0,0.0,1.0,0.0,10,0,20
45,7990,0.0,0.0,1.0,0.0,10,0,20
45,7991,0.0,0.0,1.0,0.0,10,0,20
45,7992,0.0,0.0,1.0,0.0,10,0,20
45,7993,0.0,0.0,1.0,0.0,10,0,20
45,7994,0.0,0.0,1.0,0.0,10,0,20
45,7995,0.0,0.0,1.0,0.0,10,0,20
45,7996,0.0,0.0,1.0,0.0,10,0,20
45,7997,0.0,0.0,1.0,0.0,10,0,20
45,7998,0.0,0.0,1.0,0.0,10,0,20
45,7999,0.0,0.0,1.0,0.0,10,0,20
45,8000,0.0,0.0,1.0,0.0,10,0,20
45,8001,0.0,0.0,1.0,0.0,10,0,20
45,8002,0.0,0.0,1.0,0.0,10,0,20
45,8003,0.0,0.0,1.0,0.0,10,0,20
45,8004,0.0,0.0,1.0,0.0,10,0,20
45,8005,0.0,0.0,1.0,0.0,10,0,20
45,8006,0.0,0.0,1.0,0.0,10,0,20
45,8007,0.0,0.0,1.0,0.0,10,0,20
45,8008,0.0,0.0,1.0,0.0,10,0,20
45,8009,0.0,0.0,1.0,0.0,10,0,20
45,8010,0.0,0.0,1.0,0.0,10,0,20
45,8011,0.0,0.0,1.0,0.0,10,0,20
45,8012,0.0,0.0,1.0,0.0,10,0,20
45,8013,0.0,0.0,1.0,0.0,10,0,20
45,8014,0.0,0.0,1.0,0.0,10,0,20
45,8015,0.0,0.0,1.0,0.0,10,0,20
45,8016,0.0,0.0,1.0,0.0,10,0,20
45,8017,0.0,0.0,1.0,0.0,10,0,20
45,8018,0.0,0.0,1.0,0.0,10,0,20
45,8019,0.0,0.0,1.0,0.0,10,0,20
45,8020,0.0,0.0,1.0,0.0,10,0,20
45,8021,0.0,0.0,1.0,0.0,10,0,20
45,8022,0.0,0.0,1.0,0.0,10,0,20
45,8023,0.0,0.0,1.0,0.0,10,0,20
45,8024,0.0,0.0,1.0,0.0,10,0,20
45,8025,0.0,0.0,1.0,0.0,10,0,20
45,8026,0.0,0.0,1.0,0.0,10,0,20
45,8027,0.0,0.0,1.0,0.0,10,0,20
45,8028,0.0,0.0,1.0,0.0,10,0,20
45,8029,0.0,0.0,1.0,0.0,10,0,20
45,8030,0.0,0.0,1.0,0.0,10,0,20
45,8031,0.0,0.0,1.0,0.0,10,0,20
45,8032,0.0,0.0,1.0,0.0,10,0,20
45,8033,0.0,0.0,1.0,0.0,10,0,20
45,8034,0.0,0.0,1.0,0.0,10,0,20
45,8035,0.0,0.0,1.0,0.0,10,0,20
45,8036,0.0,0.0,1.0,0.0,10,0,20
45,8037,0.0,0.0,1.0,0.0,10,0,20
45,8038,0.0,0.0,1.0,0.0,10,0,20
45,8039,0.0,0.0,1.0,0.0,10,0,20
45,8040,0.0,0.0,1.0,0.0,10,0,20
45,8041,0.0,0.0,1.0,0.0,10,0,20
45,8042,0.0,0.0,1.0,0.0,10,0,20
45,8043,0.0,0.0,1.0,0.0,10,0,20
45,8044,0.0,0.0,1.0,0.0,10,0,20
45,8045,0.0,0.0,1.0,0.0,10,0,20
45,8046,0.0,0.0,1.0,0.0,10,0,20
45,8047,0.0,0.0,1.0,0.0,10,0,20
45,8048,0.0,0.0,1.0,0.0,10,0,20
45,8049,0.0,0.0,1.0,0.0,10,0,20
45,8050,0.0,0.0,1.0,0.0,10,0,20
45,8051,0.0,0.0,1.0,0.0,10,0,20
45,8052,0.0,0.0,1.0,0.0,10,0,20
45,8053,0.0,0.0,1.0,0.0,10,0,20
45,8054,0.0,0.0,1.0,0.0,10,0,20
45,8055,0.0,0.0,1.0,0.0,10,0,20
45,8056,0.0,0.0,1.0,0.0,10,0,20
45,8057,0.0,0.0,1.0,0.0,10,0,20
45,8058,0.0,0.0,1.0,0.0,10,0,20
45,8059,0.0,0.0,1.0,0.0,10,0,20
45,8060,0.0,0.0,1.0,0.0,10,0,20
45,8061,0.0,0.0,1.0,0.0,10,0,20
45,8062,0.0,0.0,1.0,0.0,10,0,20
45,8063,0.0,0.0,1.0,0.0,10,0,20
45,8064,0.0,0.0,1.0,0.0,10,0,20
45,8065,0.0,0.0,1.0,0.0,10,0,20
45,8066,0.0,0.0,1.0,0.0,10,0,20
45,8067,0.0,0.0,1.0,0.0,10,0,20
45,8068,0.0,0.0,1.0,0.0,10,0,20
45,8069,0.0,0.0,1.0,0.0,10,0,20
45,8070,0.0,0.0,1.0,0.0,10,0,20
45,8071,0.0,0.0,1.0,0.0,10,0,20
45,8072,0.0,0.0,1.0,0.0,10,0,20
45,8073,0.0,0.0,1.0,0.0,10,0,20
45,8074,0.0,0.0,1.0,0.0,10,0,20
45,8075,0.0,0.0,1.0,0.0,10,0,20
45,8076,0.0,0.0,1.0,0.0,10,0,20
45,8077,0.0,0.0,1.0,0.0,10,0,20
45,8078,0.0,0.0,1.0,0.0,10,0,20
45,8079,0.0,0.0,1.0,0.0,10,0,20
45,8080,0.0,0.0,1.0,0.0,10,0,20
45,8081,0.0,0.0,1.0,0.0,10,0,20
45,8082,0.0,0.0,1.0,0.0,10,0,20
45,8083,0.0,0.0,1.0,0.0,10,0,20
45,8084,0.0,0.0,1.0,0.0,10,0,20
45,8085,0.0,0.0,1.0,0.0,10,0,20
45,8086,0.0,0.0,1.0,0.0,10,0,20
45,8087,0.0,0.0,1.0,0.0,10,0,20
45,8088,0.0,0.0,1.0,0.0,10,0,20
45,8089,0.0,0.0,1.0,0.0,10,0,20
45,8090,0.0,0.0,1.0,0.0,10,0,20
45,8091,0.0,0.0,1.0,0.0,10,0,20
45,8092,0.0,0.0,1.0,0.0,10,0,20
45,8093,0.0,0.0,1.0,0.0,10,0,20
45,8094,0.0,0.0,1.0,0.0,10,0,20
45,8095,0.0,0.0,1.0,0.0,10,0,20
45,8096,0.0,0.0,1.0,0.0,10,0,20
45,8097,0.0,0.0,1.0,0.0,10,0,20
45,8098,0.0,0.0,1.0,0.0,10,0,20
45,8099,0.0,0.0,1.0,0.0,10,0,20
45,8100,0.0,0.0,1.0,0.0,10,0,20
45,8101,0.0,0.0,1.0,0.0,10,0,20
45,8102,0.0,0.0,1.0,0.0,10,0,20
45,8103,0.0,0.0,1.0,0.0,10,0,20
45,8104,0.0,0.0,1.0,0.0,10,0,20
45,8105,0.0,0.0,1.0,0.0,10,0,20
45,8106,0.0,0.0,1.0,0.0,10,0,20
45,8107,0.0,0.0,1.0,0.0,10,0,20
45,8108,0.0,0.0,1.0,0.0,10,0,20
45,8109,0.0,0.0,1.0,0.0,10,0,20
45,8110,0.0,0.0,1.0,0.0,10,0,20
45,8111,0.0,0.0,1.0,0.0,10,0,20
45,8112,0.0,0.0,1.0,0.0,10,0,20
45,8113,0.0,0.0,1.0,0.0,10,0,20
45,8114,0.0,0.0,1.0,0.0,10,0,20
45,8115,0.0,0.0,1.0,0.0,10,0,20
45,8116,0.0,0.0,1.0,0.0,10,0,20
45,8117,0.0,0.0,1.0,0.0,10,0,20
45,8118,0.0,0.0,1.0,0.0,10,0,20
45,8119,0.0,0.0,1.0,0.0,10,0,20
45,8120,0.0,0.0,1.0,0.0,10,0,20
45,8121,0.0,0.0,1.0,0.0,10,0,20
45,8122,0.0,0.0,1.0,0.0,10,0,20
45,8123,0.0,0.0,1.0,0.0,10,0,20
45,8124,0.0,0.0,1.0,0.0,10,0,20
45,8125,0.0,0.0,1.0,0.0,10,0,20
45,8126,0.0,0.0,1.0,0.0,10,0,20
45,8127,0.0,0.0,1.0,0.0,10,0,20
45,8128,0.0,0.0,1.0,0.0,10,0,20
45,8129,0.0,0.0,1.0,0.0,10,0,20
45,8130,0.0,0.0,1.0,0.0,10,0,20
45,8131,0.0,0.0,1.0,0.0,10,0,20
45,8132,0.0,0.0,1.0,0.0,10,0,20
45,8133,0.0,0.0,1.0,0.0,10,0,20
45,8134,0.0,0.0,1.0,0.0,10,0,20
45,8135,0.0,0.0,1.0,0.0,10,0,20
45,8136,0.0,0.0,1.0,0.0,10,0,20
45,8137,0.0,0.0,1.0,0.0,10,0,20
45,8138,0.0,0.0,1.0,0.0,10,0,20
45,8139,0.0,0.0,1.0,0.0,10,0,20
45,8140,0.0,0.0,1.0,0.0,10,0,20
45,8141,0.0,0.0,1.0,0.0,10,0,20
45,8142,0.0,0.0,1.0,0.0,10,0,20
45,8143,0.0,0.0,1.0,0.0,10,0,20
45,8144,0.0,0.0,1.0,0.0,10,0,20
45,8145,0.0,0.0,1.0,0.0,10,0,20
45,8146,0.0,0.0,1.0,0.0,10,0,20
45,8147,0.0,0.0,1.0,0.0,10,0,20
45,8148,0.0,0.0,1.0,0.0,10,0,20
45,8149,0.0,0.0,1.0,0.0,10,0,20
45,8150,0.0,0.0,1.0,0.0,10,0,20
45,8151,0.0,0.0,1.0,0.0,10,0,20
45,8152,0.0,0.0,1.0,0.0,10,0,20
45,8153,0.0,0.0,1.0,0.0,10,0,20
45,8154,0.0,0.0,1.0,0.0,10,0,20
45,8155,0.0,0.0,1.0,0.0,10,0,20
45,8156,0.0,0.0,1.0,0.0,10,0,20
45,8157,0.0,0.0,1.0,0.0,10,0,20
45,8158,0.0,0.0,1.0,0.0,10,0,20
45,8159,0.0,0.0,1.0,0.0,10,0,20
45,8160,0.0,0.0,1.0,0.0,10,0,20
45,8161,0.0,0.0,1.0,0.0,10,0,20
45,8162,0.0,0.0,1.0,0.0,10,0,20
45,8163,0.0,0.0,1.0,0.0,10,0,20
45,8164,0.0,0.0,1.0,0.0,10,0,20
45,8165,0.0,0.0,1.0,0.0,10,0,20
45,8166,0.0,0.0,1.0,0.0,10,0,20
45,8167,0.0,0.0,1.0,0.0,10,0,20
45,8168,0.0,0.0,1.0,0.0,10,0,20
45,8169,0.0,0.0,1.0,0.0,10,0,20
45,8170,0.0,0.0,1.0,0.0,10,0,20
45,8171,0.0,0.0,1.0,0.0,10,0,20
45,8172,0.0,0.0,1.0,0.0,10,0,20
45,8173,0.0,0.0,1.0,0.0,10,0,20
45,8174,0.0,0.0,1.0,0.0,10,0,20
45,8175,0.0,0.0,1.0,0.0,10,0,20
45,8176,0.0,0.0,1.0,0.0,10,0,20
45,8177,0.0,0.0,1.0,0.0,10,0,20
45,8178,0.0,0.0,1.0,0.0,10,0,20
45,8179,0.0,0.0,1.0,0.0,10,0,20
45,8180,0.0,0.0,1.0,0.0,10,0,20
45,8181,0.0,0.0,1.0,0.0,10,0,20
45,8182,0.0,0.0,1.0,0.0,10,0,20
45,8183,0.0,0.0,1.0,0.0,10,0,20
45,8184,0.0,0.0,1.0,0.0,10,0,20
45,8185,0.0,0.0,1.0,0.0,10,0,20
45,8186,0.0,0.0,1.0,0.0,10,0,20
45,8187,0.0,0.0,1.0,0.0,10,0,20
45,8188,0.0,0.0,1.0,0.0,10,0,20
45,8189,0.0,0.0,1.0,0.0,10,0,20
45,8190,0.0,0.0,1.0,0.0,10,0,20
45,8191,0.0,0.0,1.0,0.0,10,0,20
45,8192,0.0,0.0,1.0,0.0,10,0,20
45,8193,0.0,0.0,1.0,0.0,10,0,20
45,8194,0.0,0.0,1.0,0.0,10,0,20
45,8195,0.0,0.0,1.0,0.0,10,0,20
45,8196,0.0,0.0,1.0,0.0,10,0,20
45,8197,0.0,0.0,1.0,0.0,10,0,20
45,8198,0.0,0.0,1.0,0.0,10,0,20
45,8199,0.0,0.0,1.0,0.0,10,0,20
45,8200,0.0,0.0,1.0,0.0,10,0,20
45,8201,0.0,0.0,1.0,0.0,10,0,20
45,8202,0.0,0.0,1.0,0.0,10,0,20
45,8203,0.0,0.0,1.0,0.0,10,0,20
45,8204,0.0,0.0,1.0,0.0,10,0,20
45,8205,0.0,0.0,1.0,0.0,10,0,20
45,8206,0.0,0.0,1.0,0.0,10,0,20
45,8207,0.0,0.0,1.0,0.0,10,0,20
45,8208,0.0,0.0,1.0,0.0,10,0,20
45,8209,0.0,0.0,1.0,0.0,10,0,20
45,8210,0.0,0.0,1.0,0.0,10,0,20
45,8211,0.0,0.0,1.0,0.0,10,0,20
45,8212,0.0,0.0,1.0,0.0,10,0,20
45,8213,0.0,0.0,1.0,0.0,10,0,20
45,8214,0.0,0.0,1.0,0.0,10,0,20
45,8215,0.0,0.0,1.0,0.0,10,0,20
45,8216,0.0,0.0,1.0,0.0,10,0,20
45,8217,0.0,0.0,1.0,0.0,10,0,20
45,8218,0.0,0.0,1.0,0.0,10,0,20
45,8219,0.0,0.0,1.0,0.0,10,0,20
45,8220,0.0,0.0,1.0,0.0,10,0,20
45,8221,0.0,0.0,1.0,0.0,10,0,20
45,8222,0.0,0.0,1.0,0.0,10,0,20
45,8223,0.0,0.0,1.0,0.0,10,0,20
45,8224,0.0,0.0,1.0,0.0,10,0,20
45,8225,0.0,0.0,1.0,0.0,10,0,20
45,8226,0.0,0.0,1.0,0.0,10,0,20
45,8227,0.0,0.0,1.0,0.0,10,0,20
45,8228,0.0,0.0,1.0,0.0,10,0,20
45,8229,0.0,0.0,1.0,0.0,10,0,20
45,8230,0.0,0.0,1.0,0.0,10,0,20
45,8231,0.0,0.0,1.0,0.0,10,0,20
45,8232,0.0,0.0,1.0,0.0,10,0,20
45,8233,0.0,0.0,1.0,0.0,10,0,20
45,8234,0.0,0.0,1.0,0.0,10,0,20
45,8235,0.0,0.0,1.0,0.0,10,0,20
45,8236,0.0,0.0,1.0,0.0,10,0,20
45,8237,0.0,0.0,1.0,0.0,10,0,20
45,8238,0.0,0.0,1.0,0.0,10,0,20
45,8239,0.0,0.0,1.0,0.0,10,0,20
45,8240,0.0,0.0,1.0,0.0,10,0,20
45,8241,0.0,0.0,1.0,0.0,10,0,20
45,8242,0.0,0.0,1.0,0.0,10,0,20
45,8243,0.0,0.0,1.0,0.0,10,0,20
45,8244,0.0,0.0,1.0,0.0,10,0,20
45,8245,0.0,0.0,1.0,0.0,10,0,20
45,8246,0.0,0.0,1.0,0.0,10,0,20
45,8247,0.0,0.0,1.0,0.0,10,0,20
45,8248,0.0,0.0,1.0,0.0,10,0,20
45,8249,0.0,0.0,1.0,0.0,10,0,20
45,8250,0.0,0.0,1.0,0.0,10,0,20
45,8251,0.0,0.0,1.0,0.0,10,0,20
45,8252,0.0,0.0,1.0,0.0,10,0,20
45,8253,0.0,0.0,1.0,0.0,10,0,20
45,8254,0.0,0.0,1.0,0.0,10,0,20
45,8255,0.0,0.0,1.0,0.0,10,0,20
45,8256,0.0,0.0,1.0,0.0,10,0,20
45,8257,0.0,0.0,1.0,0.0,10,0,20
45,8258,0.0,0.0,1.0,0.0,10,0,20
45,8259,0.0,0.0,1.0,0.0,10,0,20
45,8260,0.0,0.0,1.0,0.0,10,0,20
45,8261,0.0,0.0,1.0,0.0,10,0,20
45,8262,0.0,0.0,1.0,0.0,10,0,20
45,8263,0.0,0.0,1.0,0.0,10,0,20
45,8264,0.0,0.0,1.0,0.0,10,0,20
45,8265,0.0,0.0,1.0,0.0,10,0,20
45,8266,0.0,0.0,1.0,0.0,10,0,20
45,8267,0.0,0.0,1.0,0.0,10,0,20
45,8268,0.0,0.0,1.0,0.0,10,0,20
45,8269,0.0,0.0,1.0,0.0,10,0,20
45,8270,0.0,0.0,1.0,0.0,10,0,20
45,8271,0.0,0.0,1.0,0.0,10,0,20
45,8272,0.0,0.0,1.0,0.0,10,0,20
45,8273,0.0,0.0,1.0,0.0,10,0,20
45,8274,0.0,0.0,1.0,0.0,10,0,20
45,8275,0.0,0.0,1.0,0.0,10,0,20
45,8276,0.0,0.0,1.0,0.0,10,0,20
45,8277,0.0,0.0,1.0,0.0,10,0,20
45,8278,0.0,0.0,1.0,0.0,10,0,20
45,8279,0.0,0.0,1.0,0.0,10,0,20
45,8280,0.0,0.0,1.0,0.0,10,0,20
45,8281,0.0,0.0,1.0,0.0,10,0,20
45,8282,0.0,0.0,1.0,0.0,10,0,20
45,8283,0.0,0.0,1.0,0.0,10,0,20
45,8284,0.0,0.0,1.0,0.0,10,0,20
45,8285,0.0,0.0,1.0,0.0,10,0,20
45,8286,0.0,0.0,1.0,0.0,10,0,20
45,8287,0.0,0.0,1.0,0.0,10,0,20
45,8288,0.0,0.0,1.0,0.0,10,0,20
45,8289,0.0,0.0,1.0,0.0,10,0,20
45,8290,0.0,0.0,1.0,0.0,10,0,20
45,8291,0.0,0.0,1.0,0.0,10,0,20
45,8292,0.0,0.0,1.0,0.0,10,0,20
45,8293,0.0,0.0,1.0,0.0,10,0,20
45,8294,0.0,0.0,1.0,0.0,10,0,20
45,8295,0.0,0.0,1.0,0.0,10,0,20
45,8296,0.0,0.0,1.0,0.0,10,0,20
45,8297,0.0,0.0,1.0,0.0,10,0,20
45,8298,0.0,0.0,1.0,0.0,10,0,20
45,8299,0.0,0.0,1.0,0.0,10,0,20
45,8300,0.0,0.0,1.0,0.0,10,0,20
45,8301,0.0,0.0,1.0,0.0,10,0,20
45,8302,0.0,0.0,1.0,0.0,10,0,20
45,8303,0.0,0.0,1.0,0.0,10,0,20
45,8304,0.0,0.0,1.0,0.0,10,0,20
45,8305,0.0,0.0,1.0,0.0,10,0,20
45,8306,0.0,0.0,1.0,0.0,10,0,20
45,8307,0.0,0.0,1.0,0.0,10,0,20
45,8308,0.0,0.0,1.0,0.0,10,0,20
45,8309,0.0,0.0,1.0,0.0,10,0,20
45,8310,0.0,0.0,1.0,0.0,10,0,20
45,8311,0.0,0.0,1.0,0.0,10,0,20
45,8312,0.0,0.0,1.0,0.0,10,0,20
45,8313,0.0,0.0,1.0,0.0,10,0,20
45,8314,0.0,0.0,1.0,0.0,10,0,20
45,8315,0.0,0.0,1.0,0.0,10,0,20
45,8316,0.0,0.0,1.0,0.0,10,0,20
45,8317,0.0,0.0,1.0,0.0,10,0,20
45,8318,0.0,0.0,1.0,0.0,10,0,20
45,8319,0.0,0.0,1.0,0.0,10,0,20
45,8320,0.0,0.0,1.0,0.0,10,0,20
45,8321,0.0,0.0,1.0,0.0,10,0,20
45,8322,0.0,0.0,1.0,0.0,10,0,20
45,8323,0.0,0.0,1.0,0.0,10,0,20
45,8324,0.0,0.0,1.0,0.0,10,0,20
45,8325,0.0,0.0,1.0,0.0,10,0,20
45,8326,0.0,0.0,1.0,0.0,10,0,20
45,8327,0.0,0.0,1.0,0.0,10,0,20
45,8328,0.0,0.0,1.0,0.0,10,0,20
45,8329,0.0,0.0,1.0,0.0,10,0,20
45,8330,0.0,0.0,1.0,0.0,10,0,20
45,8331,0.0,0.0,1.0,0.0,10,0,20
45,8332,0.0,0.0,1.0,0.0,10,0,20
45,8333,0.0,0.0,1.0,0.0,10,0,20
45,8334,0.0,0.0,1.0,0.0,10,0,20
45,8335,0.0,0.0,1.0,0.0,10,0,20
45,8336,0.0,0.0,1.0,0.0,10,0,20
45,8337,0.0,0.0,1.0,0.0,10,0,20
45,8338,0.0,0.0,1.0,0.0,10,0,20
45,8339,0.0,0.0,1.0,0.0,10,0,20
45,8340,0.0,0.0,1.0,0.0,10,0,20
45,8341,0.0,0.0,1.0,0.0,10,0,20
45,8342,0.0,0.0,1.0,0.0,10,0,20
45,8343,0.0,0.0,1.0,0.0,10,0,20
45,8344,0.0,0.0,1.0,0.0,10,0,20
45,8345,0.0,0.0,1.0,0.0,10,0,20
45,8346,0.0,0.0,1.0,0.0,10,0,20
45,8347,0.0,0.0,1.0,0.0,10,0,20
45,8348,0.0,0.0,1.0,0.0,10,0,20
45,8349,0.0,0.0,1.0,0.0,10,0,20
45,8350,0.0,0.0,1.0,0.0,10,0,20
45,8351,0.0,0.0,1.0,0.0,10,0,20
45,8352,0.0,0.0,1.0,0.0,10,0,20
45,8353,0.0,0.0,1.0,0.0,10,0,20
45,8354,0.0,0.0,1.0,0.0,10,0,20
45,8355,0.0,0.0,1.0,0.0,10,0,20
45,8356,0.0,0.0,1.0,0.0,10,0,20
45,8357,0.0,0.0,1.0,0.0,10,0,20
45,8358,0.0,0.0,1.0,0.0,10,0,20
45,8359,0.0,0.0,1.0,0.0,10,0,20
45,8360,0.0,0.0,1.0,0.0,10,0,20
45,8361,0.0,0.0,1.0,0.0,10,0,20
45,8362,0.0,0.0,1.0,0.0,10,0,20
45,8363,0.0,0.0,1.0,0.0,10,0,20
45,8364,0.0,0.0,1.0,0.0,10,0,20
45,8365,0.0,0.0,1.0,0.0,10,0,20
45,8366,0.0,0.0,1.0,0.0,10,0,20
45,8367,0.0,0.0,1.0,0.0,10,0,20
45,8368,0.0,0.0,1.0,0.0,10,0,20
45,8369,0.0,0.0,1.0,0.0,10,0,20
45,8370,0.0,0.0,1.0,0.0,10,0,20
45,8371,0.0,0.0,1.0,0.0,10,0,20
45,8372,0.0,0.0,1.0,0.0,10,0,20
45,8373,0.0,0.0,1.0,0.0,10,0,20
45,8374,0.0,0.0,1.0,0.0,10,0,20
45,8375,0.0,0.0,1.0,0.0,10,0,20
45,8376,0.0,0.0,1.0,0.0,10,0,20
45,8377,0.0,0.0,1.0,0.0,10,0,20
45,8378,0.0,0.0,1.0,0.0,10,0,20
45,8379,0.0,0.0,1.0,0.0,10,0,20
45,8380,0.0,0.0,1.0,0.0,10,0,20
45,8381,0.0,0.0,1.0,0.0,10,0,20
45,8382,0.0,0.0,1.0,0.0,10,0,20
45,8383,0.0,0.0,1.0,0.0,10,0,20
45,8384,0.0,0.0,1.0,0.0,10,0,20
45,8385,0.0,0.0,1.0,0.0,10,0,20
45,8386,0.0,0.0,1.0,0.0,10,0,20
45,8387,0.0,0.0,1.0,0.0,10,0,20
45,8388,0.0,0.0,1.0,0.0,10,0,20
45,8389,0.0,0.0,1.0,0.0,10,0,20
45,8390,0.0,0.0,1.0,0.0,10,0,20
45,8391,0.0,0.0,1.0,0.0,10,0,20
45,8392,0.0,0.0,1.0,0.0,10,0,20
45,8393,0.0,0.0,1.0,0.0,10,0,20
45,8394,0.0,0.0,1.0,0.0,10,0,20
45,8395,0.0,0.0,1.0,0.0,10,0,20
45,8396,0.0,0.0,1.0,0.0,10,0,20
45,8397,0.0,0.0,1.0,0.0,10,0,20
45,8398,0.0,0.0,1.0,0.0,10,0,20
45,8399,0.0,0.0,1.0,0.0,10,0,20
45,8400,0.0,0.0,1.0,0.0,10,0,20
45,8401,0.0,0.0,1.0,0.0,10,0,20
45,8402,0.0,0.0,1.0,0.0,10,0,20
45,8403,0.0,0.0,1.0,0.0,10,0,20
45,8404,0.0,0.0,1.0,0.0,10,0,20
45,8405,0.0,0.0,1.0,0.0,10,0,20
45,8406,0.0,0.0,1.0,0.0,10,0,20
45,8407,0.0,0.0,1.0,0.0,10,0,20
45,8408,0.0,0.0,1.0,0.0,10,0,20
45,8409,0.0,0.0,1.0,0.0,10,0,20
45,8410,0.0,0.0,1.0,0.0,10,0,20
45,8411,0.0,0.0,1.0,0.0,10,0,20
45,8412,0.0,0.0,1.0,0.0,10,0,20
45,8413,0.0,0.0,1.0,0.0,10,0,20
45,8414,0.0,0.0,1.0,0.0,10,0,20
45,8415,0.0,0.0,1.0,0.0,10,0,20
45,8416,0.0,0.0,1.0,0.0,10,0,20
45,8417,0.0,0.0,1.0,0.0,10,0,20
45,8418,0.0,0.0,1.0,0.0,10,0,20
45,8419,0.0,0.0,1.0,0.0,10,0,20
45,8420,0.0,0.0,1.0,0.0,10,0,20
45,8421,0.0,0.0,1.0,0.0,10,0,20
45,8422,0.0,0.0,1.0,0.0,10,0,20
45,8423,0.0,0.0,1.0,0.0,10,0,20
45,8424,0.0,0.0,1.0,0.0,10,0,20
45,8425,0.0,0.0,1.0,0.0,10,0,20
45,8426,0.0,0.0,1.0,0.0,10,0,20
45,8427,0.0,0.0,1.0,0.0,10,0,20
45,8428,0.0,0.0,1.0,0.0,10,0,20
45,8429,0.0,0.0,1.0,0.0,10,0,20
45,8430,0.0,0.0,1.0,0.0,10,0,20
45,8431,0.0,0.0,1.0,0.0,10,0,20
45,8432,0.0,0.0,1.0,0.0,10,0,20
45,8433,0.0,0.0,1.0,0.0,10,0,20
45,8434,0.0,0.0,1.0,0.0,10,0,20
45,8435,0.0,0.0,1.0,0.0,10,0,20
45,8436,0.0,0.0,1.0,0.0,10,0,20
45,8437,0.0,0.0,1.0,0.0,10,0,20
45,8438,0.0,0.0,1.0,0.0,10,0,20
45,8439,0.0,0.0,1.0,0.0,10,0,20
45,8440,0.0,0.0,1.0,0.0,10,0,20
45,8441,0.0,0.0,1.0,0.0,10,0,20
45,8442,0.0,0.0,1.0,0.0,10,0,20
45,8443,0.0,0.0,1.0,0.0,10,0,20
45,8444,0.0,0.0,1.0,0.0,10,0,20
45,8445,0.0,0.0,1.0,0.0,10,0,20
45,8446,0.0,0.0,1.0,0.0,10,0,20
45,8447,0.0,0.0,1.0,0.0,10,0,20
45,8448,0.0,0.0,1.0,0.0,10,0,20
45,8449,0.0,0.0,1.0,0.0,10,0,20
45,8450,0.0,0.0,1.0,0.0,10,0,20
45,8451,0.0,0.0,1.0,0.0,10,0,20
45,8452,0.0,0.0,1.0,0.0,10,0,20
45,8453,0.0,0.0,1.0,0.0,10,0,20
45,8454,0.0,0.0,1.0,0.0,10,0,20
45,8455,0.0,0.0,1.0,0.0,10,0,20
45,8456,0.0,0.0,1.0,0.0,10,0,20
45,8457,0.0,0.0,1.0,0.0,10,0,20
45,8458,0.0,0.0,1.0,0.0,10,0,20
45,8459,0.0,0.0,1.0,0.0,10,0,20
45,8460,0.0,0.0,1.0,0.0,10,0,20
45,8461,0.0,0.0,1.0,0.0,10,0,20
45,8462,0.0,0.0,1.0,0.0,10,0,20
45,8463,0.0,0.0,1.0,0.0,10,0,20
45,8464,0.0,0.0,1.0,0.0,10,0,20
45,8465,0.0,0.0,1.0,0.0,10,0,20
45,8466,0.0,0.0,1.0,0.0,10,0,20
45,8467,0.0,0.0,1.0,0.0,10,0,20
45,8468,0.0,0.0,1.0,0.0,10,0,20
45,8469,0.0,0.0,1.0,0.0,10,0,20
45,8470,0.0,0.0,1.0,0.0,10,0,20
45,8471,0.0,0.0,1.0,0.0,10,0,20
45,8472,0.0,0.0,1.0,0.0,10,0,20
45,8473,0.0,0.0,1.0,0.0,10,0,20
45,8474,0.0,0.0,1.0,0.0,10,0,20
45,8475,0.0,0.0,1.0,0.0,10,0,20
45,8476,0.0,0.0,1.0,0.0,10,0,20
45,8477,0.0,0.0,1.0,0.0,10,0,20
45,8478,0.0,0.0,1.0,0.0,10,0,20
45,8479,0.0,0.0,1.0,0.0,10,0,20
45,8480,0.0,0.0,1.0,0.0,10,0,20
45,8481,0.0,0.0,1.0,0.0,10,0,20
45,8482,0.0,0.0,1.0,0.0,10,0,20
45,8483,0.0,0.0,1.0,0.0,10,0,20
45,8484,0.0,0.0,1.0,0.0,10,0,20
45,8485,0.0,0.0,1.0,0.0,10,0,20
45,8486,0.0,0.0,1.0,0.0,10,0,20
45,8487,0.0,0.0,1.0,0.0,10,0,20
45,8488,0.0,0.0,1.0,0.0,10,0,20
45,8489,0.0,0.0,1.0,0.0,10,0,20
45,8490,0.0,0.0,1.0,0.0,10,0,20
45,8491,0.0,0.0,1.0,0.0,10,0,20
45,8492,0.0,0.0,1.0,0.0,10,0,20
45,8493,0.0,0.0,1.0,0.0,10,0,20
45,8494,0.0,0.0,1.0,0.0,10,0,20
45,8495,0.0,0.0,1.0,0.0,10,0,20
45,8496,0.0,0.0,1.0,0.0,10,0,20
45,8497,0.0,0.0,1.0,0.0,10,0,20
45,8498,0.0,0.0,1.0,0.0,10,0,20
45,8499,0.0,0.0,1.0,0.0,10,0,20
45,8500,0.0,0.0,1.0,0.0,10,0,20
45,8501,0.0,0.0,1.0,0.0,10,0,20
45,8502,0.0,0.0,1.0,0.0,10,0,20
45,8503,0.0,0.0,1.0,0.0,10,0,20
45,8504,0.0,0.0,1.0,0.0,10,0,20
45,8505,0.0,0.0,1.0,0.0,10,0,20
45,8506,0.0,0.0,1.0,0.0,10,0,20
45,8507,0.0,0.0,1.0,0.0,10,0,20
45,8508,0.0,0.0,1.0,0.0,10,0,20
45,8509,0.0,0.0,1.0,0.0,10,0,20
45,8510,0.0,0.0,1.0,0.0,10,0,20
45,8511,0.0,0.0,1.0,0.0,10,0,20
45,8512,0.0,0.0,1.0,0.0,10,0,20
45,8513,0.0,0.0,1.0,0.0,10,0,20
45,8514,0.0,0.0,1.0,0.0,10,0,20
45,8515,0.0,0.0,1.0,0.0,10,0,20
45,8516,0.0,0.0,1.0,0.0,10,0,20
45,8517,0.0,0.0,1.0,0.0,10,0,20
45,8518,0.0,0.0,1.0,0.0,10,0,20
45,8519,0.0,0.0,1.0,0.0,10,0,20
45,8520,0.0,0.0,1.0,0.0,10,0,20
45,8521,0.0,0.0,1.0,0.0,10,0,20
45,8522,0.0,0.0,1.0,0.0,10,0,20
45,8523,0.0,0.0,1.0,0.0,10,0,20
45,8524,0.0,0.0,1.0,0.0,10,0,20
45,8525,0.0,0.0,1.0,0.0,10,0,20
45,8526,0.0,0.0,1.0,0.0,10,0,20
45,8527,0.0,0.0,1.0,0.0,10,0,20
45,8528,0.0,0.0,1.0,0.0,10,0,20
45,8529,0.0,0.0,1.0,0.0,10,0,20
45,8530,0.0,0.0,1.0,0.0,10,0,20
45,8531,0.0,0.0,1.0,0.0,10,0,20
45,8532,0.0,0.0,1.0,0.0,10,0,20
45,8533,0.0,0.0,1.0,0.0,10,0,20
45,8534,0.0,0.0,1.0,0.0,10,0,20
45,8535,0.0,0.0,1.0,0.0,10,0,20
45,8536,0.0,0.0,1.0,0.0,10,0,20
45,8537,0.0,0.0,1.0,0.0,10,0,20
45,8538,0.0,0.0,1.0,0.0,10,0,20
45,8539,0.0,0.0,1.0,0.0,10,0,20
45,8540,0.0,0.0,1.0,0.0,10,0,20
45,8541,0.0,0.0,1.0,0.0,10,0,20
45,8542,0.0,0.0,1.0,0.0,10,0,20
45,8543,0.0,0.0,1.0,0.0,10,0,20
45,8544,0.0,0.0,1.0,0.0,10,0,20
45,8545,0.0,0.0,1.0,0.0,10,0,20
45,8546,0.0,0.0,1.0,0.0,10,0,20
45,8547,0.0,0.0,1.0,0.0,10,0,20
45,8548,0.0,0.0,1.0,0.0,10,0,20
45,8549,0.0,0.0,1.0,0.0,10,0,20
45,8550,0.0,0.0,1.0,0.0,10,0,20
45,8551,0.0,0.0,1.0,0.0,10,0,20
45,8552,0.0,0.0,1.0,0.0,10,0,20
45,8553,0.0,0.0,1.0,0.0,10,0,20
45,8554,0.0,0.0,1.0,0.0,10,0,20
45,8555,0.0,0.0,1.0,0.0,10,0,20
45,8556,0.0,0.0,1.0,0.0,10,0,20
45,8557,0.0,0.0,1.0,0.0,10,0,20
45,8558,0.0,0.0,1.0,0.0,10,0,20
45,8559,0.0,0.0,1.0,0.0,10,0,20
45,8560,0.0,0.0,1.0,0.0,10,0,20
45,8561,0.0,0.0,1.0,0.0,10,0,20
45,8562,0.0,0.0,1.0,0.0,10,0,20
45,8563,0.0,0.0,1.0,0.0,10,0,20
45,8564,0.0,0.0,1.0,0.0,10,0,20
45,8565,0.0,0.0,1.0,0.0,10,0,20
45,8566,0.0,0.0,1.0,0.0,10,0,20
45,8567,0.0,0.0,1.0,0.0,10,0,20
45,8568,0.0,0.0,1.0,0.0,10,0,20
45,8569,0.0,0.0,1.0,0.0,10,0,20
45,8570,0.0,0.0,1.0,0.0,10,0,20
45,8571,0.0,0.0,1.0,0.0,10,0,20
45,8572,0.0,0.0,1.0,0.0,10,0,20
45,8573,0.0,0.0,1.0,0.0,10,0,20
45,8574,0.0,0.0,1.0,0.0,10,0,20
45,8575,0.0,0.0,1.0,0.0,10,0,20
45,8576,0.0,0.0,1.0,0.0,10,0,20
45,8577,0.0,0.0,1.0,0.0,10,0,20
45,8578,0.0,0.0,1.0,0.0,10,0,20
45,8579,0.0,0.0,1.0,0.0,10,0,20
45,8580,0.0,0.0,1.0,0.0,10,0,20
45,8581,0.0,0.0,1.0,0.0,10,0,20
45,8582,0.0,0.0,1.0,0.0,10,0,20
45,8583,0.0,0.0,1.0,0.0,10,0,20
45,8584,0.0,0.0,1.0,0.0,10,0,20
45,8585,0.0,0.0,1.0,0.0,10,0,20
45,8586,0.0,0.0,1.0,0.0,10,0,20
45,8587,0.0,0.0,1.0,0.0,10,0,20
45,8588,0.0,0.0,1.0,0.0,10,0,20
45,8589,0.0,0.0,1.0,0.0,10,0,20
45,8590,0.0,0.0,1.0,0.0,10,0,20
45,8591,0.0,0.0,1.0,0.0,10,0,20
45,8592,0.0,0.0,1.0,0.0,10,0,20
45,8593,0.0,0.0,1.0,0.0,10,0,20
45,8594,0.0,0.0,1.0,0.0,10,0,20
45,8595,0.0,0.0,1.0,0.0,10,0,20
45,8596,0.0,0.0,1.0,0.0,10,0,20
45,8597,0.0,0.0,1.0,0.0,10,0,20
45,8598,0.0,0.0,1.0,0.0,10,0,20
45,8599,0.0,0.0,1.0,0.0,10,0,20
45,8600,0.0,0.0,1.0,0.0,10,0,20
45,8601,0.0,0.0,1.0,0.0,10,0,20
45,8602,0.0,0.0,1.0,0.0,10,0,20
45,8603,0.0,0.0,1.0,0.0,10,0,20
45,8604,0.0,0.0,1.0,0.0,10,0,20
45,8605,0.0,0.0,1.0,0.0,10,0,20
45,8606,0.0,0.0,1.0,0.0,10,0,20
45,8607,0.0,0.0,1.0,0.0,10,0,20
45,8608,0.0,0.0,1.0,0.0,10,0,20
45,8609,0.0,0.0,1.0,0.0,10,0,20
45,8610,0.0,0.0,1.0,0.0,10,0,20
45,8611,0.0,0.0,1.0,0.0,10,0,20
45,8612,0.0,0.0,1.0,0.0,10,0,20
45,8613,0.0,0.0,1.0,0.0,10,0,20
45,8614,0.0,0.0,1.0,0.0,10,0,20
45,8615,0.0,0.0,1.0,0.0,10,0,20
45,8616,0.0,0.0,1.0,0.0,10,0,20
45,8617,0.0,0.0,1.0,0.0,10,0,20
45,8618,0.0,0.0,1.0,0.0,10,0,20
45,8619,0.0,0.0,1.0,0.0,10,0,20
45,8620,0.0,0.0,1.0,0.0,10,0,20
45,8621,0.0,0.0,1.0,0.0,10,0,20
45,8622,0.0,0.0,1.0,0.0,10,0,20
45,8623,0.0,0.0,1.0,0.0,10,0,20
45,8624,0.0,0.0,1.0,0.0,10,0,20
45,8625,0.0,0.0,1.0,0.0,10,0,20
45,8626,0.0,0.0,1.0,0.0,10,0,20
45,8627,0.0,0.0,1.0,0.0,10,0,20
45,8628,0.0,0.0,1.0,0.0,10,0,20
45,8629,0.0,0.0,1.0,0.0,10,0,20
45,8630,0.0,0.0,1.0,0.0,10,0,20
45,8631,0.0,0.0,1.0,0.0,10,0,20
45,8632,0.0,0.0,1.0,0.0,10,0,20
45,8633,0.0,0.0,1.0,0.0,10,0,20
45,8634,0.0,0.0,1.0,0.0,10,0,20
45,8635,0.0,0.0,1.0,0.0,10,0,20
45,8636,0.0,0.0,1.0,0.0,10,0,20
45,8637,0.0,0.0,1.0,0.0,10,0,20
45,8638,0.0,0.0,1.0,0.0,10,0,20
45,8639,0.0,0.0,1.0,0.0,10,0,20
45,8640,0.0,0.0,1.0,0.0,10,0,20
45,8641,0.0,0.0,1.0,0.0,10,0,20
45,8642,0.0,0.0,1.0,0.0,10,0,20
45,8643,0.0,0.0,1.0,0.0,10,0,20
45,8644,0.0,0.0,1.0,0.0,10,0,20
45,8645,0.0,0.0,1.0,0.0,10,0,20
45,8646,0.0,0.0,1.0,0.0,10,0,20
45,8647,0.0,0.0,1.0,0.0,10,0,20
45,8648,0.0,0.0,1.0,0.0,10,0,20
45,8649,0.0,0.0,1.0,0.0,10,0,20
45,8650,0.0,0.0,1.0,0.0,10,0,20
45,8651,0.0,0.0,1.0,0.0,10,0,20
45,8652,0.0,0.0,1.0,0.0,10,0,20
45,8653,0.0,0.0,1.0,0.0,10,0,20
45,8654,0.0,0.0,1.0,0.0,10,0,20
45,8655,0.0,0.0,1.0,0.0,10,0,20
45,8656,0.0,0.0,1.0,0.0,10,0,20
45,8657,0.0,0.0,1.0,0.0,10,0,20
45,8658,0.0,0.0,1.0,0.0,10,0,20
45,8659,0.0,0.0,1.0,0.0,10,0,20
45,8660,0.0,0.0,1.0,0.0,10,0,20
45,8661,0.0,0.0,1.0,0.0,10,0,20
45,8662,0.0,0.0,1.0,0.0,10,0,20
45,8663,0.0,0.0,1.0,0.0,10,0,20
45,8664,0.0,0.0,1.0,0.0,10,0,20
45,8665,0.0,0.0,1.0,0.0,10,0,20
45,8666,0.0,0.0,1.0,0.0,10,0,20
45,8667,0.0,0.0,1.0,0.0,10,0,20
45,8668,0.0,0.0,1.0,0.0,10,0,20
45,8669,0.0,0.0,1.0,0.0,10,0,20
45,8670,0.0,0.0,1.0,0.0,10,0,20
45,8671,0.0,0.0,1.0,0.0,10,0,20
45,8672,0.0,0.0,1.0,0.0,10,0,20
45,8673,0.0,0.0,1.0,0.0,10,0,20
45,8674,0.0,0.0,1.0,0.0,10,0,20
45,8675,0.0,0.0,1.0,0.0,10,0,20
45,8676,0.0,0.0,1.0,0.0,10,0,20
45,8677,0.0,0.0,1.0,0.0,10,0,20
45,8678,0.0,0.0,1.0,0.0,10,0,20
45,8679,0.0,0.0,1.0,0.0,10,0,20
45,8680,0.0,0.0,1.0,0.0,10,0,20
45,8681,0.0,0.0,1.0,0.0,10,0,20
45,8682,0.0,0.0,1.0,0.0,10,0,20
45,8683,0.0,0.0,1.0,0.0,10,0,20
45,8684,0.0,0.0,1.0,0.0,10,0,20
45,8685,0.0,0.0,1.0,0.0,10,0,20
45,8686,0.0,0.0,1.0,0.0,10,0,20
45,8687,0.0,0.0,1.0,0.0,10,0,20
45,8688,0.0,0.0,1.0,0.0,10,0,20
45,8689,0.0,0.0,1.0,0.0,10,0,20
45,8690,0.0,0.0,1.0,0.0,10,0,20
45,8691,0.0,0.0,1.0,0.0,10,0,20
45,8692,0.0,0.0,1.0,0.0,10,0,20
45,8693,0.0,0.0,1.0,0.0,10,0,20
45,8694,0.0,0.0,1.0,0.0,10,0,20
45,8695,0.0,0.0,1.0,0.0,10,0,20
45,8696,0.0,0.0,1.0,0.0,10,0,20
45,8697,0.0,0.0,1.0,0.0,10,0,20
45,8698,0.0,0.0,1.0,0.0,10,0,20
45,8699,0.0,0.0,1.0,0.0,10,0,20
45,8700,0.0,0.0,1.0,0.0,10,0,20
45,8701,0.0,0.0,1.0,0.0,10,0,20
45,8702,0.0,0.0,1.0,0.0,10,0,20
45,8703,0.0,0.0,1.0,0.0,10,0,20
45,8704,0.0,0.0,1.0,0.0,10,0,20
45,8705,0.0,0.0,1.0,0.0,10,0,20
45,8706,0.0,0.0,1.0,0.0,10,0,20
45,8707,0.0,0.0,1.0,0.0,10,0,20
45,8708,0.0,0.0,1.0,0.0,10,0,20
45,8709,0.0,0.0,1.0,0.0,10,0,20
45,8710,0.0,0.0,1.0,0.0,10,0,20
45,8711,0.0,0.0,1.0,0.0,10,0,20
45,8712,0.0,0.0,1.0,0.0,10,0,20
45,8713,0.0,0.0,1.0,0.0,10,0,20
45,8714,0.0,0.0,1.0,0.0,10,0,20
45,8715,0.0,0.0,1.0,0.0,10,0,20
45,8716,0.0,0.0,1.0,0.0,10,0,20
45,8717,0.0,0.0,1.0,0.0,10,0,20
45,8718,0.0,0.0,1.0,0.0,10,0,20
45,8719,0.0,0.0,1.0,0.0,10,0,20
45,8720,0.0,0.0,1.0,0.0,10,0,20
45,8721,0.0,0.0,1.0,0.0,10,0,20
45,8722,0.0,0.0,1.0,0.0,10,0,20
45,8723,0.0,0.0,1.0,0.0,10,0,20
45,8724,0.0,0.0,1.0,0.0,10,0,20
45,8725,0.0,0.0,1.0,0.0,10,0,20
45,8726,0.0,0.0,1.0,0.0,10,0,20
45,8727,0.0,0.0,1.0,0.0,10,0,20
45,8728,0.0,0.0,1.0,0.0,10,0,20
45,8729,0.0,0.0,1.0,0.0,10,0,20
45,8730,0.0,0.0,1.0,0.0,10,0,20
45,8731,0.0,0.0,1.0,0.0,10,0,20
45,8732,0.0,0.0,1.0,0.0,10,0,20
45,8733,0.0,0.0,1.0,0.0,10,0,20
45,8734,0.0,0.0,1.0,0.0,10,0,20
45,8735,0.0,0.0,1.0,0.0,10,0,20
45,8736,0.0,0.0,1.0,0.0,10,0,20
45,8737,0.0,0.0,1.0,0.0,10,0,20
45,8738,0.0,0.0,1.0,0.0,10,0,20
45,8739,0.0,0.0,1.0,0.0,10,0,20
45,8740,0.0,0.0,1.0,0.0,10,0,20
45,8741,0.0,0.0,1.0,0.0,10,0,20
45,8742,0.0,0.0,1.0,0.0,10,0,20
45,8743,0.0,0.0,1.0,0.0,10,0,20
45,8744,0.0,0.0,1.0,0.0,10,0,20
45,8745,0.0,0.0,1.0,0.0,10,0,20
45,8746,0.0,0.0,1.0,0.0,10,0,20
45,8747,0.0,0.0,1.0,0.0,10,0,20
45,8748,0.0,0.0,1.0,0.0,10,0,20
45,8749,0.0,0.0,1.0,0.0,10,0,20
45,8750,0.0,0.0,1.0,0.0,10,0,20
45,8751,0.0,0.0,1.0,0.0,10,0,20
45,8752,0.0,0.0,1.0,0.0,10,0,20
45,8753,0.0,0.0,1.0,0.0,10,0,20
45,8754,0.0,0.0,1.0,0.0,10,0,20
45,8755,0.0,0.0,1.0,0.0,10,0,20
45,8756,0.0,0.0,1.0,0.0,10,0,20
45,8757,0.0,0.0,1.0,0.0,10,0,20
45,8758,0.0,0.0,1.0,0.0,10,0,20
45,8759,0.0,0.0,1.0,0.0,10,0,20
45,8760,0.0,0.0,1.0,0.0,10,0,20
45,8761,0.0,0.0,1.0,0.0,10,0,20
45,8762,0.0,0.0,1.0,0.0,10,0,20
45,8763,0.0,0.0,1.0,0.0,10,0,20
45,8764,0.0,0.0,1.0,0.0,10,0,20
45,8765,0.0,0.0,1.0,0.0,10,0,20
45,8766,0.0,0.0,1.0,0.0,10,0,20
45,8767,0.0,0.0,1.0,0.0,10,0,20
45,8768,0.0,0.0,1.0,0.0,10,0,20
45,8769,0.0,0.0,1.0,0.0,10,0,20
45,8770,0.0,0.0,1.0,0.0,10,0,20
45,8771,0.0,0.0,1.0,0.0,10,0,20
45,8772,0.0,0.0,1.0,0.0,10,0,20
45,8773,0.0,0.0,1.0,0.0,10,0,20
45,8774,0.0,0.0,1.0,0.0,10,0,20
45,8775,0.0,0.0,1.0,0.0,10,0,20
45,8776,0.0,0.0,1.0,0.0,10,0,20
45,8777,0.0,0.0,1.0,0.0,10,0,20
45,8778,0.0,0.0,1.0,0.0,10,0,20
45,8779,0.0,0.0,1.0,0.0,10,0,20
45,8780,0.0,0.0,1.0,0.0,10,0,20
45,8781,0.0,0.0,1.0,0.0,10,0,20
45,8782,0.0,0.0,1.0,0.0,10,0,20
45,8783,0.0,0.0,1.0,0.0,10,0,20
45,8784,0.0,0.0,1.0,0.0,10,0,20
45,8785,0.0,0.0,1.0,0.0,10,0,20
45,8786,0.0,0.0,1.0,0.0,10,0,20
45,8787,0.0,0.0,1.0,0.0,10,0,20
45,8788,0.0,0.0,1.0,0.0,10,0,20
45,8789,0.0,0.0,1.0,0.0,10,0,20
45,8790,0.0,0.0,1.0,0.0,10,0,20
45,8791,0.0,0.0,1.0,0.0,10,0,20
45,8792,0.0,0.0,1.0,0.0,10,0,20
45,8793,0.0,0.0,1.0,0.0,10,0,20
45,8794,0.0,0.0,1.0,0.0,10,0,20
45,8795,0.0,0.0,1.0,0.0,10,0,20
45,8796,0.0,0.0,1.0,0.0,10,0,20
45,8797,0.0,0.0,1.0,0.0,10,0,20
45,8798,0.0,0.0,1.0,0.0,10,0,20
45,8799,0.0,0.0,1.0,0.0,10,0,20
45,8800,0.0,0.0,1.0,0.0,10,0,20
45,8801,0.0,0.0,1.0,0.0,10,0,20
45,8802,0.0,0.0,1.0,0.0,10,0,20
45,8803,0.0,0.0,1.0,0.0,10,0,20
45,8804,0.0,0.0,1.0,0.0,10,0,20
45,8805,0.0,0.0,1.0,0.0,10,0,20
45,8806,0.0,0.0,1.0,0.0,10,0,20
45,8807,0.0,0.0,1.0,0.0,10,0,20
45,8808,0.0,0.0,1.0,0.0,10,0,20
45,8809,0.0,0.0,1.0,0.0,10,0,20
45,8810,0.0,0.0,1.0,0.0,10,0,20
45,8811,0.0,0.0,1.0,0.0,10,0,20
45,8812,0.0,0.0,1.0,0.0,10,0,20
45,8813,0.0,0.0,1.0,0.0,10,0,20
45,8814,0.0,0.0,1.0,0.0,10,0,20
45,8815,0.0,0.0,1.0,0.0,10,0,20
45,8816,0.0,0.0,1.0,0.0,10,0,20
45,8817,0.0,0.0,1.0,0.0,10,0,20
45,8818,0.0,0.0,1.0,0.0,10,0,20
45,8819,0.0,0.0,1.0,0.0,10,0,20
45,8820,0.0,0.0,1.0,0.0,10,0,20
45,8821,0.0,0.0,1.0,0.0,10,0,20
45,8822,0.0,0.0,1.0,0.0,10,0,20
45,8823,0.0,0.0,1.0,0.0,10,0,20
45,8824,0.0,0.0,1.0,0.0,10,0,20
45,8825,0.0,0.0,1.0,0.0,10,0,20
45,8826,0.0,0.0,1.0,0.0,10,0,20
45,8827,0.0,0.0,1.0,0.0,10,0,20
45,8828,0.0,0.0,1.0,0.0,10,0,20
45,8829,0.0,0.0,1.0,0.0,10,0,20
45,8830,0.0,0.0,1.0,0.0,10,0,20
45,8831,0.0,0.0,1.0,0.0,10,0,20
45,8832,0.0,0.0,1.0,0.0,10,0,20
45,8833,0.0,0.0,1.0,0.0,10,0,20
45,8834,0.0,0.0,1.0,0.0,10,0,20
45,8835,0.0,0.0,1.0,0.0,10,0,20
45,8836,0.0,0.0,1.0,0.0,10,0,20
45,8837,0.0,0.0,1.0,0.0,10,0,20
45,8838,0.0,0.0,1.0,0.0,10,0,20
45,8839,0.0,0.0,1.0,0.0,10,0,20
45,8840,0.0,0.0,1.0,0.0,10,0,20
45,8841,0.0,0.0,1.0,0.0,10,0,20
45,8842,0.0,0.0,1.0,0.0,10,0,20
45,8843,0.0,0.0,1.0,0.0,10,0,20
45,8844,0.0,0.0,1.0,0.0,10,0,20
45,8845,0.0,0.0,1.0,0.0,10,0,20
45,8846,0.0,0.0,1.0,0.0,10,0,20
45,8847,0.0,0.0,1.0,0.0,10,0,20
45,8848,0.0,0.0,1.0,0.0,10,0,20
45,8849,0.0,0.0,1.0,0.0,10,0,20
45,8850,0.0,0.0,1.0,0.0,10,0,20
45,8851,0.0,0.0,1.0,0.0,10,0,20
45,8852,0.0,0.0,1.0,0.0,10,0,20
45,8853,0.0,0.0,1.0,0.0,10,0,20
45,8854,0.0,0.0,1.0,0.0,10,0,20
45,8855,0.0,0.0,1.0,0.0,10,0,20
45,8856,0.0,0.0,1.0,0.0,10,0,20
45,8857,0.0,0.0,1.0,0.0,10,0,20
45,8858,0.0,0.0,1.0,0.0,10,0,20
45,8859,0.0,0.0,1.0,0.0,10,0,20
45,8860,0.0,0.0,1.0,0.0,10,0,20
45,8861,0.0,0.0,1.0,0.0,10,0,20
45,8862,0.0,0.0,1.0,0.0,10,0,20
45,8863,0.0,0.0,1.0,0.0,10,0,20
45,8864,0.0,0.0,1.0,0.0,10,0,20
45,8865,0.0,0.0,1.0,0.0,10,0,20
45,8866,0.0,0.0,1.0,0.0,10,0,20
45,8867,0.0,0.0,1.0,0.0,10,0,20
45,8868,0.0,0.0,1.0,0.0,10,0,20
45,8869,0.0,0.0,1.0,0.0,10,0,20
45,8870,0.0,0.0,1.0,0.0,10,0,20
45,8871,0.0,0.0,1.0,0.0,10,0,20
45,8872,0.0,0.0,1.0,0.0,10,0,20
45,8873,0.0,0.0,1.0,0.0,10,0,20
45,8874,0.0,0.0,1.0,0.0,10,0,20
45,8875,0.0,0.0,1.0,0.0,10,0,20
45,8876,0.0,0.0,1.0,0.0,10,0,20
45,8877,0.0,0.0,1.0,0.0,10,0,20
45,8878,0.0,0.0,1.0,0.0,10,0,20
45,8879,0.0,0.0,1.0,0.0,10,0,20
45,8880,0.0,0.0,1.0,0.0,10,0,20
45,8881,0.0,0.0,1.0,0.0,10,0,20
45,8882,0.0,0.0,1.0,0.0,10,0,20
45,8883,0.0,0.0,1.0,0.0,10,0,20
45,8884,0.0,0.0,1.0,0.0,10,0,20
45,8885,0.0,0.0,1.0,0.0,10,0,20
45,8886,0.0,0.0,1.0,0.0,10,0,20
45,8887,0.0,0.0,1.0,0.0,10,0,20
45,8888,0.0,0.0,1.0,0.0,10,0,20
45,8889,0.0,0.0,1.0,0.0,10,0,20
45,8890,0.0,0.0,1.0,0.0,10,0,20
45,8891,0.0,0.0,1.0,0.0,10,0,20
45,8892,0.0,0.0,1.0,0.0,10,0,20
45,8893,0.0,0.0,1.0,0.0,10,0,20
45,8894,0.0,0.0,1.0,0.0,10,0,20
45,8895,0.0,0.0,1.0,0.0,10,0,20
45,8896,0.0,0.0,1.0,0.0,10,0,20
45,8897,0.0,0.0,1.0,0.0,10,0,20
45,8898,0.0,0.0,1.0,0.0,10,0,20
45,8899,0.0,0.0,1.0,0.0,10,0,20
45,8900,0.0,0.0,1.0,0.0,10,0,20
45,8901,0.0,0.0,1.0,0.0,10,0,20
45,8902,0.0,0.0,1.0,0.0,10,0,20
45,8903,0.0,0.0,1.0,0.0,10,0,20
45,8904,0.0,0.0,1.0,0.0,10,0,20
45,8905,0.0,0.0,1.0,0.0,10,0,20
45,8906,0.0,0.0,1.0,0.0,10,0,20
45,8907,0.0,0.0,1.0,0.0,10,0,20
45,8908,0.0,0.0,1.0,0.0,10,0,20
45,8909,0.0,0.0,1.0,0.0,10,0,20
45,8910,0.0,0.0,1.0,0.0,10,0,20
45,8911,0.0,0.0,1.0,0.0,10,0,20
45,8912,0.0,0.0,1.0,0.0,10,0,20
45,8913,0.0,0.0,1.0,0.0,10,0,20
45,8914,0.0,0.0,1.0,0.0,10,0,20
45,8915,0.0,0.0,1.0,0.0,10,0,20
45,8916,0.0,0.0,1.0,0.0,10,0,20
45,8917,0.0,0.0,1.0,0.0,10,0,20
45,8918,0.0,0.0,1.0,0.0,10,0,20
45,8919,0.0,0.0,1.0,0.0,10,0,20
45,8920,0.0,0.0,1.0,0.0,10,0,20
45,8921,0.0,0.0,1.0,0.0,10,0,20
45,8922,0.0,0.0,1.0,0.0,10,0,20
45,8923,0.0,0.0,1.0,0.0,10,0,20
45,8924,0.0,0.0,1.0,0.0,10,0,20
45,8925,0.0,0.0,1.0,0.0,10,0,20
45,8926,0.0,0.0,1.0,0.0,10,0,20
45,8927,0.0,0.0,1.0,0.0,10,0,20
45,8928,0.0,0.0,1.0,0.0,10,0,20
45,8929,0.0,0.0,1.0,0.0,10,0,20
45,8930,0.0,0.0,1.0,0.0,10,0,20
45,8931,0.0,0.0,1.0,0.0,10,0,20
45,8932,0.0,0.0,1.0,0.0,10,0,20
45,8933,0.0,0.0,1.0,0.0,10,0,20
45,8934,0.0,0.0,1.0,0.0,10,0,20
45,8935,0.0,0.0,1.0,0.0,10,0,20
45,8936,0.0,0.0,1.0,0.0,10,0,20
45,8937,0.0,0.0,1.0,0.0,10,0,20
45,8938,0.0,0.0,1.0,0.0,10,0,20
45,8939,0.0,0.0,1.0,0.0,10,0,20
45,8940,0.0,0.0,1.0,0.0,10,0,20
45,8941,0.0,0.0,1.0,0.0,10,0,20
45,8942,0.0,0.0,1.0,0.0,10,0,20
45,8943,0.0,0.0,1.0,0.0,10,0,20
45,8944,0.0,0.0,1.0,0.0,10,0,20
45,8945,0.0,0.0,1.0,0.0,10,0,20
45,8946,0.0,0.0,1.0,0.0,10,0,20
45,8947,0.0,0.0,1.0,0.0,10,0,20
45,8948,0.0,0.0,1.0,0.0,10,0,20
45,8949,0.0,0.0,1.0,0.0,10,0,20
45,8950,0.0,0.0,1.0,0.0,10,0,20
45,8951,0.0,0.0,1.0,0.0,10,0,20
45,8952,0.0,0.0,1.0,0.0,10,0,20
45,8953,0.0,0.0,1.0,0.0,10,0,20
45,8954,0.0,0.0,1.0,0.0,10,0,20
45,8955,0.0,0.0,1.0,0.0,10,0,20
45,8956,0.0,0.0,1.0,0.0,10,0,20
45,8957,0.0,0.0,1.0,0.0,10,0,20
45,8958,0.0,0.0,1.0,0.0,10,0,20
45,8959,0.0,0.0,1.0,0.0,10,0,20
45,8960,0.0,0.0,1.0,0.0,10,0,20
45,8961,0.0,0.0,1.0,0.0,10,0,20
45,8962,0.0,0.0,1.0,0.0,10,0,20
45,8963,0.0,0.0,1.0,0.0,10,0,20
45,8964,0.0,0.0,1.0,0.0,10,0,20
45,8965,0.0,0.0,1.0,0.0,10,0,20
45,8966,0.0,0.0,1.0,0.0,10,0,20
45,8967,0.0,0.0,1.0,0.0,10,0,20
45,8968,0.0,0.0,1.0,0.0,10,0,20
45,8969,0.0,0.0,1.0,0.0,10,0,20
45,8970,0.0,0.0,1.0,0.0,10,0,20
45,8971,0.0,0.0,1.0,0.0,10,0,20
45,8972,0.0,0.0,1.0,0.0,10,0,20
45,8973,0.0,0.0,1.0,0.0,10,0,20
45,8974,0.0,0.0,1.0,0.0,10,0,20
45,8975,0.0,0.0,1.0,0.0,10,0,20
45,8976,0.0,0.0,1.0,0.0,10,0,20
45,8977,0.0,0.0,1.0,0.0,10,0,20
45,8978,0.0,0.0,1.0,0.0,10,0,20
45,8979,0.0,0.0,1.0,0.0,10,0,20
45,8980,0.0,0.0,1.0,0.0,10,0,20
45,8981,0.0,0.0,1.0,0.0,10,0,20
45,8982,0.0,0.0,1.0,0.0,10,0,20
45,8983,0.0,0.0,1.0,0.0,10,0,20
45,8984,0.0,0.0,1.0,0.0,10,0,20
45,8985,0.0,0.0,1.0,0.0,10,0,20
45,8986,0.0,0.0,1.0,0.0,10,0,20
45,8987,0.0,0.0,1.0,0.0,10,0,20
45,8988,0.0,0.0,1.0,0.0,10,0,20
45,8989,0.0,0.0,1.0,0.0,10,0,20
45,8990,0.0,0.0,1.0,0.0,10,0,20
45,8991,0.0,0.0,1.0,0.0,10,0,20
45,8992,0.0,0.0,1.0,0.0,10,0,20
45,8993,0.0,0.0,1.0,0.0,10,0,20
45,8994,0.0,0.0,1.0,0.0,10,0,20
45,8995,0.0,0.0,1.0,0.0,10,0,20
45,8996,0.0,0.0,1.0,0.0,10,0,20
45,8997,0.0,0.0,1.0,0.0,10,0,20
45,8998,0.0,0.0,1.0,0.0,10,0,20
45,8999,0.0,0.0,1.0,0.0,10,0,20
45,9000,0.0,0.0,1.0,0.0,10,0,20
45,9001,0.0,0.0,1.0,0.0,10,0,20
45,9002,0.0,0.0,1.0,0.0,10,0,20
45,9003,0.0,0.0,1.0,0.0,10,0,20
45,9004,0.0,0.0,1.0,0.0,10,0,20
45,9005,0.0,0.0,1.0,0.0,10,0,20
45,9006,0.0,0.0,1.0,0.0,10,0,20
45,9007,0.0,0.0,1.0,0.0,10,0,20
45,9008,0.0,0.0,1.0,0.0,10,0,20
45,9009,0.0,0.0,1.0,0.0,10,0,20
45,9010,0.0,0.0,1.0,0.0,10,0,20
45,9011,0.0,0.0,1.0,0.0,10,0,20
45,9012,0.0,0.0,1.0,0.0,10,0,20
45,9013,0.0,0.0,1.0,0.0,10,0,20
45,9014,0.0,0.0,1.0,0.0,10,0,20
45,9015,0.0,0.0,1.0,0.0,10,0,20
45,9016,0.0,0.0,1.0,0.0,10,0,20
45,9017,0.0,0.0,1.0,0.0,10,0,20
45,9018,0.0,0.0,1.0,0.0,10,0,20
45,9019,0.0,0.0,1.0,0.0,10,0,20
45,9020,0.0,0.0,1.0,0.0,10,0,20
45,9021,0.0,0.0,1.0,0.0,10,0,20
45,9022,0.0,0.0,1.0,0.0,10,0,20
45,9023,0.0,0.0,1.0,0.0,10,0,20
45,9024,0.0,0.0,1.0,0.0,10,0,20
45,9025,0.0,0.0,1.0,0.0,10,0,20
45,9026,0.0,0.0,1.0,0.0,10,0,20
45,9027,0.0,0.0,1.0,0.0,10,0,20
45,9028,0.0,0.0,1.0,0.0,10,0,20
45,9029,0.0,0.0,1.0,0.0,10,0,20
45,9030,0.0,0.0,1.0,0.0,10,0,20
45,9031,0.0,0.0,1.0,0.0,10,0,20
45,9032,0.0,0.0,1.0,0.0,10,0,20
45,9033,0.0,0.0,1.0,0.0,10,0,20
45,9034,0.0,0.0,1.0,0.0,10,0,20
45,9035,0.0,0.0,1.0,0.0,10,0,20
45,9036,0.0,0.0,1.0,0.0,10,0,20
45,9037,0.0,0.0,1.0,0.0,10,0,20
45,9038,0.0,0.0,1.0,0.0,10,0,20
45,9039,0.0,0.0,1.0,0.0,10,0,20
45,9040,0.0,0.0,1.0,0.0,10,0,20
45,9041,0.0,0.0,1.0,0.0,10,0,20
45,9042,0.0,0.0,1.0,0.0,10,0,20
45,9043,0.0,0.0,1.0,0.0,10,0,20
45,9044,0.0,0.0,1.0,0.0,10,0,20
45,9045,0.0,0.0,1.0,0.0,10,0,20
45,9046,0.0,0.0,1.0,0.0,10,0,20
45,9047,0.0,0.0,1.0,0.0,10,0,20
45,9048,0.0,0.0,1.0,0.0,10,0,20
45,9049,0.0,0.0,1.0,0.0,10,0,20
45,9050,0.0,0.0,1.0,0.0,10,0,20
45,9051,0.0,0.0,1.0,0.0,10,0,20
45,9052,0.0,0.0,1.0,0.0,10,0,20
45,9053,0.0,0.0,1.0,0.0,10,0,20
45,9054,0.0,0.0,1.0,0.0,10,0,20
45,9055,0.0,0.0,1.0,0.0,10,0,20
45,9056,0.0,0.0,1.0,0.0,10,0,20
45,9057,0.0,0.0,1.0,0.0,10,0,20
45,9058,0.0,0.0,1.0,0.0,10,0,20
45,9059,0.0,0.0,1.0,0.0,10,0,20
45,9060,0.0,0.0,1.0,0.0,10,0,20
45,9061,0.0,0.0,1.0,0.0,10,0,20
45,9062,0.0,0.0,1.0,0.0,10,0,20
45,9063,0.0,0.0,1.0,0.0,10,0,20
45,9064,0.0,0.0,1.0,0.0,10,0,20
45,9065,0.0,0.0,1.0,0.0,10,0,20
45,9066,0.0,0.0,1.0,0.0,10,0,20
45,9067,0.0,0.0,1.0,0.0,10,0,20
45,9068,0.0,0.0,1.0,0.0,10,0,20
45,9069,0.0,0.0,1.0,0.0,10,0,20
45,9070,0.0,0.0,1.0,0.0,10,0,20
45,9071,0.0,0.0,1.0,0.0,10,0,20
45,9072,0.0,0.0,1.0,0.0,10,0,20
45,9073,0.0,0.0,1.0,0.0,10,0,20
45,9074,0.0,0.0,1.0,0.0,10,0,20
45,9075,0.0,0.0,1.0,0.0,10,0,20
45,9076,0.0,0.0,1.0,0.0,10,0,20
45,9077,0.0,0.0,1.0,0.0,10,0,20
45,9078,0.0,0.0,1.0,0.0,10,0,20
45,9079,0.0,0.0,1.0,0.0,10,0,20
45,9080,0.0,0.0,1.0,0.0,10,0,20
45,9081,0.0,0.0,1.0,0.0,10,0,20
45,9082,0.0,0.0,1.0,0.0,10,0,20
45,9083,0.0,0.0,1.0,0.0,10,0,20
45,9084,0.0,0.0,1.0,0.0,10,0,20
45,9085,0.0,0.0,1.0,0.0,10,0,20
45,9086,0.0,0.0,1.0,0.0,10,0,20
45,9087,0.0,0.0,1.0,0.0,10,0,20
45,9088,0.0,0.0,1.0,0.0,10,0,20
45,9089,0.0,0.0,1.0,0.0,10,0,20
45,9090,0.0,0.0,1.0,0.0,10,0,20
45,9091,0.0,0.0,1.0,0.0,10,0,20
45,9092,0.0,0.0,1.0,0.0,10,0,20
45,9093,0.0,0.0,1.0,0.0,10,0,20
45,9094,0.0,0.0,1.0,0.0,10,0,20
45,9095,0.0,0.0,1.0,0.0,10,0,20
45,9096,0.0,0.0,1.0,0.0,10,0,20
45,9097,0.0,0.0,1.0,0.0,10,0,20
45,9098,0.0,0.0,1.0,0.0,10,0,20
45,9099,0.0,0.0,1.0,0.0,10,0,20
45,9100,0.0,0.0,1.0,0.0,10,0,20
45,9101,0.0,0.0,1.0,0.0,10,0,20
45,9102,0.0,0.0,1.0,0.0,10,0,20
45,9103,0.0,0.0,1.0,0.0,10,0,20
45,9104,0.0,0.0,1.0,0.0,10,0,20
45,9105,0.0,0.0,1.0,0.0,10,0,20
45,9106,0.0,0.0,1.0,0.0,10,0,20
45,9107,0.0,0.0,1.0,0.0,10,0,20
45,9108,0.0,0.0,1.0,0.0,10,0,20
45,9109,0.0,0.0,1.0,0.0,10,0,20
45,9110,0.0,0.0,1.0,0.0,10,0,20
45,9111,0.0,0.0,1.0,0.0,10,0,20
45,9112,0.0,0.0,1.0,0.0,10,0,20
45,9113,0.0,0.0,1.0,0.0,10,0,20
45,9114,0.0,0.0,1.0,0.0,10,0,20
45,9115,0.0,0.0,1.0,0.0,10,0,20
45,9116,0.0,0.0,1.0,0.0,10,0,20
45,9117,0.0,0.0,1.0,0.0,10,0,20
45,9118,0.0,0.0,1.0,0.0,10,0,20
45,9119,0.0,0.0,1.0,0.0,10,0,20
45,9120,0.0,0.0,1.0,0.0,10,0,20
45,9121,0.0,0.0,1.0,0.0,10,0,20
45,9122,0.0,0.0,1.0,0.0,10,0,20
45,9123,0.0,0.0,1.0,0.0,10,0,20
45,9124,0.0,0.0,1.0,0.0,10,0,20
45,9125,0.0,0.0,1.0,0.0,10,0,20
45,9126,0.0,0.0,1.0,0.0,10,0,20
45,9127,0.0,0.0,1.0,0.0,10,0,20
45,9128,0.0,0.0,1.0,0.0,10,0,20
45,9129,0.0,0.0,1.0,0.0,10,0,20
45,9130,0.0,0.0,1.0,0.0,10,0,20
45,9131,0.0,0.0,1.0,0.0,10,0,20
45,9132,0.0,0.0,1.0,0.0,10,0,20
45,9133,0.0,0.0,1.0,0.0,10,0,20
45,9134,0.0,0.0,1.0,0.0,10,0,20
45,9135,0.0,0.0,1.0,0.0,10,0,20
45,9136,0.0,0.0,1.0,0.0,10,0,20
45,9137,0.0,0.0,1.0,0.0,10,0,20
45,9138,0.0,0.0,1.0,0.0,10,0,20
45,9139,0.0,0.0,1.0,0.0,10,0,20
45,9140,0.0,0.0,1.0,0.0,10,0,20
45,9141,0.0,0.0,1.0,0.0,10,0,20
45,9142,0.0,0.0,1.0,0.0,10,0,20
45,9143,0.0,0.0,1.0,0.0,10,0,20
45,9144,0.0,0.0,1.0,0.0,10,0,20
45,9145,0.0,0.0,1.0,0.0,10,0,20
45,9146,0.0,0.0,1.0,0.0,10,0,20
45,9147,0.0,0.0,1.0,0.0,10,0,20
45,9148,0.0,0.0,1.0,0.0,10,0,20
45,9149,0.0,0.0,1.0,0.0,10,0,20
45,9150,0.0,0.0,1.0,0.0,10,0,20
45,9151,0.0,0.0,1.0,0.0,10,0,20
45,9152,0.0,0.0,1.0,0.0,10,0,20
45,9153,0.0,0.0,1.0,0.0,10,0,20
45,9154,0.0,0.0,1.0,0.0,10,0,20
45,9155,0.0,0.0,1.0,0.0,10,0,20
45,9156,0.0,0.0,1.0,0.0,10,0,20
45,9157,0.0,0.0,1.0,0.0,10,0,20
45,9158,0.0,0.0,1.0,0.0,10,0,20
45,9159,0.0,0.0,1.0,0.0,10,0,20
45,9160,0.0,0.0,1.0,0.0,10,0,20
45,9161,0.0,0.0,1.0,0.0,10,0,20
45,9162,0.0,0.0,1.0,0.0,10,0,20
45,9163,0.0,0.0,1.0,0.0,10,0,20
45,9164,0.0,0.0,1.0,0.0,10,0,20
45,9165,0.0,0.0,1.0,0.0,10,0,20
45,9166,0.0,0.0,1.0,0.0,10,0,20
45,9167,0.0,0.0,1.0,0.0,10,0,20
45,9168,0.0,0.0,1.0,0.0,10,0,20
45,9169,0.0,0.0,1.0,0.0,10,0,20
45,9170,0.0,0.0,1.0,0.0,10,0,20
45,9171,0.0,0.0,1.0,0.0,10,0,20
45,9172,0.0,0.0,1.0,0.0,10,0,20
45,9173,0.0,0.0,1.0,0.0,10,0,20
45,9174,0.0,0.0,1.0,0.0,10,0,20
45,9175,0.0,0.0,1.0,0.0,10,0,20
45,9176,0.0,0.0,1.0,0.0,10,0,20
45,9177,0.0,0.0,1.0,0.0,10,0,20
45,9178,0.0,0.0,1.0,0.0,10,0,20
45,9179,0.0,0.0,1.0,0.0,10,0,20
45,9180,0.0,0.0,1.0,0.0,10,0,20
45,9181,0.0,0.0,1.0,0.0,10,0,20
45,9182,0.0,0.0,1.0,0.0,10,0,20
45,9183,0.0,0.0,1.0,0.0,10,0,20
45,9184,0.0,0.0,1.0,0.0,10,0,20
45,9185,0.0,0.0,1.0,0.0,10,0,20
45,9186,0.0,0.0,1.0,0.0,10,0,20
45,9187,0.0,0.0,1.0,0.0,10,0,20
45,9188,0.0,0.0,1.0,0.0,10,0,20
45,9189,0.0,0.0,1.0,0.0,10,0,20
45,9190,0.0,0.0,1.0,0.0,10,0,20
45,9191,0.0,0.0,1.0,0.0,10,0,20
45,9192,0.0,0.0,1.0,0.0,10,0,20
45,9193,0.0,0.0,1.0,0.0,10,0,20
45,9194,0.0,0.0,1.0,0.0,10,0,20
45,9195,0.0,0.0,1.0,0.0,10,0,20
45,9196,0.0,0.0,1.0,0.0,10,0,20
45,9197,0.0,0.0,1.0,0.0,10,0,20
45,9198,0.0,0.0,1.0,0.0,10,0,20
45,9199,0.0,0.0,1.0,0.0,10,0,20
45,9200,0.0,0.0,1.0,0.0,10,0,20
45,9201,0.0,0.0,1.0,0.0,10,0,20
45,9202,0.0,0.0,1.0,0.0,10,0,20
45,9203,0.0,0.0,1.0,0.0,10,0,20
45,9204,0.0,0.0,1.0,0.0,10,0,20
45,9205,0.0,0.0,1.0,0.0,10,0,20
45,9206,0.0,0.0,1.0,0.0,10,0,20
45,9207,0.0,0.0,1.0,0.0,10,0,20
45,9208,0.0,0.0,1.0,0.0,10,0,20
45,9209,0.0,0.0,1.0,0.0,10,0,20
45,9210,0.0,0.0,1.0,0.0,10,0,20
45,9211,0.0,0.0,1.0,0.0,10,0,20
45,9212,0.0,0.0,1.0,0.0,10,0,20
45,9213,0.0,0.0,1.0,0.0,10,0,20
45,9214,0.0,0.0,1.0,0.0,10,0,20
45,9215,0.0,0.0,1.0,0.0,10,0,20
45,9216,0.0,0.0,1.0,0.0,10,0,20
45,9217,0.0,0.0,1.0,0.0,10,0,20
45,9218,0.0,0.0,1.0,0.0,10,0,20
45,9219,0.0,0.0,1.0,0.0,10,0,20
45,9220,0.0,0.0,1.0,0.0,10,0,20
45,9221,0.0,0.0,1.0,0.0,10,0,20
45,9222,0.0,0.0,1.0,0.0,10,0,20
45,9223,0.0,0.0,1.0,0.0,10,0,20
45,9224,0.0,0.0,1.0,0.0,10,0,20
45,9225,0.0,0.0,1.0,0.0,10,0,20
45,9226,0.0,0.0,1.0,0.0,10,0,20
45,9227,0.0,0.0,1.0,0.0,10,0,20
45,9228,0.0,0.0,1.0,0.0,10,0,20
45,9229,0.0,0.0,1.0,0.0,10,0,20
45,9230,0.0,0.0,1.0,0.0,10,0,20
45,9231,0.0,0.0,1.0,0.0,10,0,20
45,9232,0.0,0.0,1.0,0.0,10,0,20
45,9233,0.0,0.0,1.0,0.0,10,0,20
45,9234,0.0,0.0,1.0,0.0,10,0,20
45,9235,0.0,0.0,1.0,0.0,10,0,20
45,9236,0.0,0.0,1.0,0.0,10,0,20
45,9237,0.0,0.0,1.0,0.0,10,0,20
45,9238,0.0,0.0,1.0,0.0,10,0,20
45,9239,0.0,0.0,1.0,0.0,10,0,20
45,9240,0.0,0.0,1.0,0.0,10,0,20
45,9241,0.0,0.0,1.0,0.0,10,0,20
45,9242,0.0,0.0,1.0,0.0,10,0,20
45,9243,0.0,0.0,1.0,0.0,10,0,20
45,9244,0.0,0.0,1.0,0.0,10,0,20
45,9245,0.0,0.0,1.0,0.0,10,0,20
45,9246,0.0,0.0,1.0,0.0,10,0,20
45,9247,0.0,0.0,1.0,0.0,10,0,20
45,9248,0.0,0.0,1.0,0.0,10,0,20
45,9249,0.0,0.0,1.0,0.0,10,0,20
45,9250,0.0,0.0,1.0,0.0,10,0,20
45,9251,0.0,0.0,1.0,0.0,10,0,20
45,9252,0.0,0.0,1.0,0.0,10,0,20
45,9253,0.0,0.0,1.0,0.0,10,0,20
45,9254,0.0,0.0,1.0,0.0,10,0,20
45,9255,0.0,0.0,1.0,0.0,10,0,20
45,9256,0.0,0.0,1.0,0.0,10,0,20
45,9257,0.0,0.0,1.0,0.0,10,0,20
45,9258,0.0,0.0,1.0,0.0,10,0,20
45,9259,0.0,0.0,1.0,0.0,10,0,20
45,9260,0.0,0.0,1.0,0.0,10,0,20
45,9261,0.0,0.0,1.0,0.0,10,0,20
45,9262,0.0,0.0,1.0,0.0,10,0,20
45,9263,0.0,0.0,1.0,0.0,10,0,20
45,9264,0.0,0.0,1.0,0.0,10,0,20
45,9265,0.0,0.0,1.0,0.0,10,0,20
45,9266,0.0,0.0,1.0,0.0,10,0,20
45,9267,0.0,0.0,1.0,0.0,10,0,20
45,9268,0.0,0.0,1.0,0.0,10,0,20
45,9269,0.0,0.0,1.0,0.0,10,0,20
45,9270,0.0,0.0,1.0,0.0,10,0,20
45,9271,0.0,0.0,1.0,0.0,10,0,20
45,9272,0.0,0.0,1.0,0.0,10,0,20
45,9273,0.0,0.0,1.0,0.0,10,0,20
45,9274,0.0,0.0,1.0,0.0,10,0,20
45,9275,0.0,0.0,1.0,0.0,10,0,20
45,9276,0.0,0.0,1.0,0.0,10,0,20
45,9277,0.0,0.0,1.0,0.0,10,0,20
45,9278,0.0,0.0,1.0,0.0,10,0,20
45,9279,0.0,0.0,1.0,0.0,10,0,20
45,9280,0.0,0.0,1.0,0.0,10,0,20
45,9281,0.0,0.0,1.0,0.0,10,0,20
45,9282,0.0,0.0,1.0,0.0,10,0,20
45,9283,0.0,0.0,1.0,0.0,10,0,20
45,9284,0.0,0.0,1.0,0.0,10,0,20
45,9285,0.0,0.0,1.0,0.0,10,0,20
45,9286,0.0,0.0,1.0,0.0,10,0,20
45,9287,0.0,0.0,1.0,0.0,10,0,20
45,9288,0.0,0.0,1.0,0.0,10,0,20
45,9289,0.0,0.0,1.0,0.0,10,0,20
45,9290,0.0,0.0,1.0,0.0,10,0,20
45,9291,0.0,0.0,1.0,0.0,10,0,20
45,9292,0.0,0.0,1.0,0.0,10,0,20
45,9293,0.0,0.0,1.0,0.0,10,0,20
45,9294,0.0,0.0,1.0,0.0,10,0,20
45,9295,0.0,0.0,1.0,0.0,10,0,20
45,9296,0.0,0.0,1.0,0.0,10,0,20
45,9297,0.0,0.0,1.0,0.0,10,0,20
45,9298,0.0,0.0,1.0,0.0,10,0,20
45,9299,0.0,0.0,1.0,0.0,10,0,20
45,9300,0.0,0.0,1.0,0.0,10,0,20
45,9301,0.0,0.0,1.0,0.0,10,0,20
45,9302,0.0,0.0,1.0,0.0,10,0,20
45,9303,0.0,0.0,1.0,0.0,10,0,20
45,9304,0.0,0.0,1.0,0.0,10,0,20
45,9305,0.0,0.0,1.0,0.0,10,0,20
45,9306,0.0,0.0,1.0,0.0,10,0,20
45,9307,0.0,0.0,1.0,0.0,10,0,20
45,9308,0.0,0.0,1.0,0.0,10,0,20
45,9309,0.0,0.0,1.0,0.0,10,0,20
45,9310,0.0,0.0,1.0,0.0,10,0,20
45,9311,0.0,0.0,1.0,0.0,10,0,20
45,9312,0.0,0.0,1.0,0.0,10,0,20
45,9313,0.0,0.0,1.0,0.0,10,0,20
45,9314,0.0,0.0,1.0,0.0,10,0,20
45,9315,0.0,0.0,1.0,0.0,10,0,20
45,9316,0.0,0.0,1.0,0.0,10,0,20
45,9317,0.0,0.0,1.0,0.0,10,0,20
45,9318,0.0,0.0,1.0,0.0,10,0,20
45,9319,0.0,0.0,1.0,0.0,10,0,20
45,9320,0.0,0.0,1.0,0.0,10,0,20
45,9321,0.0,0.0,1.0,0.0,10,0,20
45,9322,0.0,0.0,1.0,0.0,10,0,20
45,9323,0.0,0.0,1.0,0.0,10,0,20
45,9324,0.0,0.0,1.0,0.0,10,0,20
45,9325,0.0,0.0,1.0,0.0,10,0,20
45,9326,0.0,0.0,1.0,0.0,10,0,20
45,9327,0.0,0.0,1.0,0.0,10,0,20
45,9328,0.0,0.0,1.0,0.0,10,0,20
45,9329,0.0,0.0,1.0,0.0,10,0,20
45,9330,0.0,0.0,1.0,0.0,10,0,20
45,9331,0.0,0.0,1.0,0.0,10,0,20
45,9332,0.0,0.0,1.0,0.0,10,0,20
45,9333,0.0,0.0,1.0,0.0,10,0,20
45,9334,0.0,0.0,1.0,0.0,10,0,20
45,9335,0.0,0.0,1.0,0.0,10,0,20
45,9336,0.0,0.0,1.0,0.0,10,0,20
45,9337,0.0,0.0,1.0,0.0,10,0,20
45,9338,0.0,0.0,1.0,0.0,10,0,20
45,9339,0.0,0.0,1.0,0.0,10,0,20
45,9340,0.0,0.0,1.0,0.0,10,0,20
45,9341,0.0,0.0,1.0,0.0,10,0,20
45,9342,0.0,0.0,1.0,0.0,10,0,20
45,9343,0.0,0.0,1.0,0.0,10,0,20
45,9344,0.0,0.0,1.0,0.0,10,0,20
45,9345,0.0,0.0,1.0,0.0,10,0,20
45,9346,0.0,0.0,1.0,0.0,10,0,20
45,9347,0.0,0.0,1.0,0.0,10,0,20
45,9348,0.0,0.0,1.0,0.0,10,0,20
45,9349,0.0,0.0,1.0,0.0,10,0,20
45,9350,0.0,0.0,1.0,0.0,10,0,20
45,9351,0.0,0.0,1.0,0.0,10,0,20
45,9352,0.0,0.0,1.0,0.0,10,0,20
45,9353,0.0,0.0,1.0,0.0,10,0,20
45,9354,0.0,0.0,1.0,0.0,10,0,20
45,9355,0.0,0.0,1.0,0.0,10,0,20
45,9356,0.0,0.0,1.0,0.0,10,0,20
45,9357,0.0,0.0,1.0,0.0,10,0,20
45,9358,0.0,0.0,1.0,0.0,10,0,20
45,9359,0.0,0.0,1.0,0.0,10,0,20
45,9360,0.0,0.0,1.0,0.0,10,0,20
45,9361,0.0,0.0,1.0,0.0,10,0,20
45,9362,0.0,0.0,1.0,0.0,10,0,20
45,9363,0.0,0.0,1.0,0.0,10,0,20
45,9364,0.0,0.0,1.0,0.0,10,0,20
45,9365,0.0,0.0,1.0,0.0,10,0,20
45,9366,0.0,0.0,1.0,0.0,10,0,20
45,9367,0.0,0.0,1.0,0.0,10,0,20
45,9368,0.0,0.0,1.0,0.0,10,0,20
45,9369,0.0,0.0,1.0,0.0,10,0,20
45,9370,0.0,0.0,1.0,0.0,10,0,20
45,9371,0.0,0.0,1.0,0.0,10,0,20
45,9372,0.0,0.0,1.0,0.0,10,0,20
45,9373,0.0,0.0,1.0,0.0,10,0,20
45,9374,0.0,0.0,1.0,0.0,10,0,20
45,9375,0.0,0.0,1.0,0.0,10,0,20
45,9376,0.0,0.0,1.0,0.0,10,0,20
45,9377,0.0,0.0,1.0,0.0,10,0,20
45,9378,0.0,0.0,1.0,0.0,10,0,20
45,9379,0.0,0.0,1.0,0.0,10,0,20
45,9380,0.0,0.0,1.0,0.0,10,0,20
45,9381,0.0,0.0,1.0,0.0,10,0,20
45,9382,0.0,0.0,1.0,0.0,10,0,20
45,9383,0.0,0.0,1.0,0.0,10,0,20
45,9384,0.0,0.0,1.0,0.0,10,0,20
45,9385,0.0,0.0,1.0,0.0,10,0,20
45,9386,0.0,0.0,1.0,0.0,10,0,20
45,9387,0.0,0.0,1.0,0.0,10,0,20
45,9388,0.0,0.0,1.0,0.0,10,0,20
45,9389,0.0,0.0,1.0,0.0,10,0,20
45,9390,0.0,0.0,1.0,0.0,10,0,20
45,9391,0.0,0.0,1.0,0.0,10,0,20
45,9392,0.0,0.0,1.0,0.0,10,0,20
45,9393,0.0,0.0,1.0,0.0,10,0,20
45,9394,0.0,0.0,1.0,0.0,10,0,20
45,9395,0.0,0.0,1.0,0.0,10,0,20
45,9396,0.0,0.0,1.0,0.0,10,0,20
45,9397,0.0,0.0,1.0,0.0,10,0,20
45,9398,0.0,0.0,1.0,0.0,10,0,20
45,9399,0.0,0.0,1.0,0.0,10,0,20
45,9400,0.0,0.0,1.0,0.0,10,0,20
45,9401,0.0,0.0,1.0,0.0,10,0,20
45,9402,0.0,0.0,1.0,0.0,10,0,20
45,9403,0.0,0.0,1.0,0.0,10,0,20
45,9404,0.0,0.0,1.0,0.0,10,0,20
45,9405,0.0,0.0,1.0,0.0,10,0,20
45,9406,0.0,0.0,1.0,0.0,10,0,20
45,9407,0.0,0.0,1.0,0.0,10,0,20
45,9408,0.0,0.0,1.0,0.0,10,0,20
45,9409,0.0,0.0,1.0,0.0,10,0,20
45,9410,0.0,0.0,1.0,0.0,10,0,20
45,9411,0.0,0.0,1.0,0.0,10,0,20
45,9412,0.0,0.0,1.0,0.0,10,0,20
45,9413,0.0,0.0,1.0,0.0,10,0,20
45,9414,0.0,0.0,1.0,0.0,10,0,20
45,9415,0.0,0.0,1.0,0.0,10,0,20
45,9416,0.0,0.0,1.0,0.0,10,0,20
45,9417,0.0,0.0,1.0,0.0,10,0,20
45,9418,0.0,0.0,1.0,0.0,10,0,20
45,9419,0.0,0.0,1.0,0.0,10,0,20
45,9420,0.0,0.0,1.0,0.0,10,0,20
45,9421,0.0,0.0,1.0,0.0,10,0,20
45,9422,0.0,0.0,1.0,0.0,10,0,20
45,9423,0.0,0.0,1.0,0.0,10,0,20
45,9424,0.0,0.0,1.0,0.0,10,0,20
45,9425,0.0,0.0,1.0,0.0,10,0,20
45,9426,0.0,0.0,1.0,0.0,10,0,20
45,9427,0.0,0.0,1.0,0.0,10,0,20
45,9428,0.0,0.0,1.0,0.0,10,0,20
45,9429,0.0,0.0,1.0,0.0,10,0,20
45,9430,0.0,0.0,1.0,0.0,10,0,20
45,9431,0.0,0.0,1.0,0.0,10,0,20
45,9432,0.0,0.0,1.0,0.0,10,0,20
45,9433,0.0,0.0,1.0,0.0,10,0,20
45,9434,0.0,0.0,1.0,0.0,10,0,20
45,9435,0.0,0.0,1.0,0.0,10,0,20
45,9436,0.0,0.0,1.0,0.0,10,0,20
45,9437,0.0,0.0,1.0,0.0,10,0,20
45,9438,0.0,0.0,1.0,0.0,10,0,20
45,9439,0.0,0.0,1.0,0.0,10,0,20
45,9440,0.0,0.0,1.0,0.0,10,0,20
45,9441,0.0,0.0,1.0,0.0,10,0,20
45,9442,0.0,0.0,1.0,0.0,10,0,20
45,9443,0.0,0.0,1.0,0.0,10,0,20
45,9444,0.0,0.0,1.0,0.0,10,0,20
45,9445,0.0,0.0,1.0,0.0,10,0,20
45,9446,0.0,0.0,1.0,0.0,10,0,20
45,9447,0.0,0.0,1.0,0.0,10,0,20
45,9448,0.0,0.0,1.0,0.0,10,0,20
45,9449,0.0,0.0,1.0,0.0,10,0,20
45,9450,0.0,0.0,1.0,0.0,10,0,20
45,9451,0.0,0.0,1.0,0.0,10,0,20
45,9452,0.0,0.0,1.0,0.0,10,0,20
45,9453,0.0,0.0,1.0,0.0,10,0,20
45,9454,0.0,0.0,1.0,0.0,10,0,20
45,9455,0.0,0.0,1.0,0.0,10,0,20
45,9456,0.0,0.0,1.0,0.0,10,0,20
45,9457,0.0,0.0,1.0,0.0,10,0,20
45,9458,0.0,0.0,1.0,0.0,10,0,20
45,9459,0.0,0.0,1.0,0.0,10,0,20
45,9460,0.0,0.0,1.0,0.0,10,0,20
45,9461,0.0,0.0,1.0,0.0,10,0,20
45,9462,0.0,0.0,1.0,0.0,10,0,20
45,9463,0.0,0.0,1.0,0.0,10,0,20
45,9464,0.0,0.0,1.0,0.0,10,0,20
45,9465,0.0,0.0,1.0,0.0,10,0,20
45,9466,0.0,0.0,1.0,0.0,10,0,20
45,9467,0.0,0.0,1.0,0.0,10,0,20
45,9468,0.0,0.0,1.0,0.0,10,0,20
45,9469,0.0,0.0,1.0,0.0,10,0,20
45,9470,0.0,0.0,1.0,0.0,10,0,20
45,9471,0.0,0.0,1.0,0.0,10,0,20
45,9472,0.0,0.0,1.0,0.0,10,0,20
45,9473,0.0,0.0,1.0,0.0,10,0,20
45,9474,0.0,0.0,1.0,0.0,10,0,20
45,9475,0.0,0.0,1.0,0.0,10,0,20
45,9476,0.0,0.0,1.0,0.0,10,0,20
45,9477,0.0,0.0,1.0,0.0,10,0,20
45,9478,0.0,0.0,1.0,0.0,10,0,20
45,9479,0.0,0.0,1.0,0.0,10,0,20
45,9480,0.0,0.0,1.0,0.0,10,0,20
45,9481,0.0,0.0,1.0,0.0,10,0,20
45,9482,0.0,0.0,1.0,0.0,10,0,20
45,9483,0.0,0.0,1.0,0.0,10,0,20
45,9484,0.0,0.0,1.0,0.0,10,0,20
45,9485,0.0,0.0,1.0,0.0,10,0,20
45,9486,0.0,0.0,1.0,0.0,10,0,20
45,9487,0.0,0.0,1.0,0.0,10,0,20
45,9488,0.0,0.0,1.0,0.0,10,0,20
45,9489,0.0,0.0,1.0,0.0,10,0,20
45,9490,0.0,0.0,1.0,0.0,10,0,20
45,9491,0.0,0.0,1.0,0.0,10,0,20
45,9492,0.0,0.0,1.0,0.0,10,0,20
45,9493,0.0,0.0,1.0,0.0,10,0,20
45,9494,0.0,0.0,1.0,0.0,10,0,20
45,9495,0.0,0.0,1.0,0.0,10,0,20
45,9496,0.0,0.0,1.0,0.0,10,0,20
45,9497,0.0,0.0,1.0,0.0,10,0,20
45,9498,0.0,0.0,1.0,0.0,10,0,20
45,9499,0.0,0.0,1.0,0.0,10,0,20
45,9500,0.0,0.0,1.0,0.0,10,0,20
45,9501,0.0,0.0,1.0,0.0,10,0,20
45,9502,0.0,0.0,1.0,0.0,10,0,20
45,9503,0.0,0.0,1.0,0.0,10,0,20
45,9504,0.0,0.0,1.0,0.0,10,0,20
45,9505,0.0,0.0,1.0,0.0,10,0,20
45,9506,0.0,0.0,1.0,0.0,10,0,20
45,9507,0.0,0.0,1.0,0.0,10,0,20
45,9508,0.0,0.0,1.0,0.0,10,0,20
45,9509,0.0,0.0,1.0,0.0,10,0,20
45,9510,0.0,0.0,1.0,0.0,10,0,20
45,9511,0.0,0.0,1.0,0.0,10,0,20
45,9512,0.0,0.0,1.0,0.0,10,0,20
45,9513,0.0,0.0,1.0,0.0,10,0,20
45,9514,0.0,0.0,1.0,0.0,10,0,20
45,9515,0.0,0.0,1.0,0.0,10,0,20
45,9516,0.0,0.0,1.0,0.0,10,0,20
45,9517,0.0,0.0,1.0,0.0,10,0,20
45,9518,0.0,0.0,1.0,0.0,10,0,20
45,9519,0.0,0.0,1.0,0.0,10,0,20
45,9520,0.0,0.0,1.0,0.0,10,0,20
45,9521,0.0,0.0,1.0,0.0,10,0,20
45,9522,0.0,0.0,1.0,0.0,10,0,20
45,9523,0.0,0.0,1.0,0.0,10,0,20
45,9524,0.0,0.0,1.0,0.0,10,0,20
45,9525,0.0,0.0,1.0,0.0,10,0,20
45,9526,0.0,0.0,1.0,0.0,10,0,20
45,9527,0.0,0.0,1.0,0.0,10,0,20
45,9528,0.0,0.0,1.0,0.0,10,0,20
45,9529,0.0,0.0,1.0,0.0,10,0,20
45,9530,0.0,0.0,1.0,0.0,10,0,20
45,9531,0.0,0.0,1.0,0.0,10,0,20
45,9532,0.0,0.0,1.0,0.0,10,0,20
45,9533,0.0,0.0,1.0,0.0,10,0,20
45,9534,0.0,0.0,1.0,0.0,10,0,20
45,9535,0.0,0.0,1.0,0.0,10,0,20
45,9536,0.0,0.0,1.0,0.0,10,0,20
45,9537,0.0,0.0,1.0,0.0,10,0,20
45,9538,0.0,0.0,1.0,0.0,10,0,20
45,9539,0.0,0.0,1.0,0.0,10,0,20
45,9540,0.0,0.0,1.0,0.0,10,0,20
45,9541,0.0,0.0,1.0,0.0,10,0,20
45,9542,0.0,0.0,1.0,0.0,10,0,20
45,9543,0.0,0.0,1.0,0.0,10,0,20
45,9544,0.0,0.0,1.0,0.0,10,0,20
45,9545,0.0,0.0,1.0,0.0,10,0,20
45,9546,0.0,0.0,1.0,0.0,10,0,20
45,9547,0.0,0.0,1.0,0.0,10,0,20
45,9548,0.0,0.0,1.0,0.0,10,0,20
45,9549,0.0,0.0,1.0,0.0,10,0,20
45,9550,0.0,0.0,1.0,0.0,10,0,20
45,9551,0.0,0.0,1.0,0.0,10,0,20
45,9552,0.0,0.0,1.0,0.0,10,0,20
45,9553,0.0,0.0,1.0,0.0,10,0,20
45,9554,0.0,0.0,1.0,0.0,10,0,20
45,9555,0.0,0.0,1.0,0.0,10,0,20
45,9556,0.0,0.0,1.0,0.0,10,0,20
45,9557,0.0,0.0,1.0,0.0,10,0,20
45,9558,0.0,0.0,1.0,0.0,10,0,20
45,9559,0.0,0.0,1.0,0.0,10,0,20
45,9560,0.0,0.0,1.0,0.0,10,0,20
45,9561,0.0,0.0,1.0,0.0,10,0,20
45,9562,0.0,0.0,1.0,0.0,10,0,20
45,9563,0.0,0.0,1.0,0.0,10,0,20
45,9564,0.0,0.0,1.0,0.0,10,0,20
45,9565,0.0,0.0,1.0,0.0,10,0,20
45,9566,0.0,0.0,1.0,0.0,10,0,20
45,9567,0.0,0.0,1.0,0.0,10,0,20
45,9568,0.0,0.0,1.0,0.0,10,0,20
45,9569,0.0,0.0,1.0,0.0,10,0,20
45,9570,0.0,0.0,1.0,0.0,10,0,20
45,9571,0.0,0.0,1.0,0.0,10,0,20
45,9572,0.0,0.0,1.0,0.0,10,0,20
45,9573,0.0,0.0,1.0,0.0,10,0,20
45,9574,0.0,0.0,1.0,0.0,10,0,20
45,9575,0.0,0.0,1.0,0.0,10,0,20
45,9576,0.0,0.0,1.0,0.0,10,0,20
45,9577,0.0,0.0,1.0,0.0,10,0,20
45,9578,0.0,0.0,1.0,0.0,10,0,20
45,9579,0.0,0.0,1.0,0.0,10,0,20
45,9580,0.0,0.0,1.0,0.0,10,0,20
45,9581,0.0,0.0,1.0,0.0,10,0,20
45,9582,0.0,0.0,1.0,0.0,10,0,20
45,9583,0.0,0.0,1.0,0.0,10,0,20
45,9584,0.0,0.0,1.0,0.0,10,0,20
45,9585,0.0,0.0,1.0,0.0,10,0,20
45,9586,0.0,0.0,1.0,0.0,10,0,20
45,9587,0.0,0.0,1.0,0.0,10,0,20
45,9588,0.0,0.0,1.0,0.0,10,0,20
45,9589,0.0,0.0,1.0,0.0,10,0,20
45,9590,0.0,0.0,1.0,0.0,10,0,20
45,9591,0.0,0.0,1.0,0.0,10,0,20
45,9592,0.0,0.0,1.0,0.0,10,0,20
45,9593,0.0,0.0,1.0,0.0,10,0,20
45,9594,0.0,0.0,1.0,0.0,10,0,20
45,9595,0.0,0.0,1.0,0.0,10,0,20
45,9596,0.0,0.0,1.0,0.0,10,0,20
45,9597,0.0,0.0,1.0,0.0,10,0,20
45,9598,0.0,0.0,1.0,0.0,10,0,20
45,9599,0.0,0.0,1.0,0.0,10,0,20
45,9600,0.0,0.0,1.0,0.0,10,0,20
45,9601,0.0,0.0,1.0,0.0,10,0,20
45,9602,0.0,0.0,1.0,0.0,10,0,20
45,9603,0.0,0.0,1.0,0.0,10,0,20
45,9604,0.0,0.0,1.0,0.0,10,0,20
45,9605,0.0,0.0,1.0,0.0,10,0,20
45,9606,0.0,0.0,1.0,0.0,10,0,20
45,9607,0.0,0.0,1.0,0.0,10,0,20
45,9608,0.0,0.0,1.0,0.0,10,0,20
45,9609,0.0,0.0,1.0,0.0,10,0,20
45,9610,0.0,0.0,1.0,0.0,10,0,20
45,9611,0.0,0.0,1.0,0.0,10,0,20
45,9612,0.0,0.0,1.0,0.0,10,0,20
45,9613,0.0,0.0,1.0,0.0,10,0,20
45,9614,0.0,0.0,1.0,0.0,10,0,20
45,9615,0.0,0.0,1.0,0.0,10,0,20
45,9616,0.0,0.0,1.0,0.0,10,0,20
45,9617,0.0,0.0,1.0,0.0,10,0,20
45,9618,0.0,0.0,1.0,0.0,10,0,20
45,9619,0.0,0.0,1.0,0.0,10,0,20
45,9620,0.0,0.0,1.0,0.0,10,0,20
45,9621,0.0,0.0,1.0,0.0,10,0,20
45,9622,0.0,0.0,1.0,0.0,10,0,20
45,9623,0.0,0.0,1.0,0.0,10,0,20
45,9624,0.0,0.0,1.0,0.0,10,0,20
45,9625,0.0,0.0,1.0,0.0,10,0,20
45,9626,0.0,0.0,1.0,0.0,10,0,20
45,9627,0.0,0.0,1.0,0.0,10,0,20
45,9628,0.0,0.0,1.0,0.0,10,0,20
45,9629,0.0,0.0,1.0,0.0,10,0,20
45,9630,0.0,0.0,1.0,0.0,10,0,20
45,9631,0.0,0.0,1.0,0.0,10,0,20
45,9632,0.0,0.0,1.0,0.0,10,0,20
45,9633,0.0,0.0,1.0,0.0,10,0,20
45,9634,0.0,0.0,1.0,0.0,10,0,20
45,9635,0.0,0.0,1.0,0.0,10,0,20
45,9636,0.0,0.0,1.0,0.0,10,0,20
45,9637,0.0,0.0,1.0,0.0,10,0,20
45,9638,0.0,0.0,1.0,0.0,10,0,20
45,9639,0.0,0.0,1.0,0.0,10,0,20
45,9640,0.0,0.0,1.0,0.0,10,0,20
45,9641,0.0,0.0,1.0,0.0,10,0,20
45,9642,0.0,0.0,1.0,0.0,10,0,20
45,9643,0.0,0.0,1.0,0.0,10,0,20
45,9644,0.0,0.0,1.0,0.0,10,0,20
45,9645,0.0,0.0,1.0,0.0,10,0,20
45,9646,0.0,0.0,1.0,0.0,10,0,20
45,9647,0.0,0.0,1.0,0.0,10,0,20
45,9648,0.0,0.0,1.0,0.0,10,0,20
45,9649,0.0,0.0,1.0,0.0,10,0,20
45,9650,0.0,0.0,1.0,0.0,10,0,20
45,9651,0.0,0.0,1.0,0.0,10,0,20
45,9652,0.0,0.0,1.0,0.0,10,0,20
45,9653,0.0,0.0,1.0,0.0,10,0,20
45,9654,0.0,0.0,1.0,0.0,10,0,20
45,9655,0.0,0.0,1.0,0.0,10,0,20
45,9656,0.0,0.0,1.0,0.0,10,0,20
45,9657,0.0,0.0,1.0,0.0,10,0,20
45,9658,0.0,0.0,1.0,0.0,10,0,20
45,9659,0.0,0.0,1.0,0.0,10,0,20
45,9660,0.0,0.0,1.0,0.0,10,0,20
45,9661,0.0,0.0,1.0,0.0,10,0,20
45,9662,0.0,0.0,1.0,0.0,10,0,20
45,9663,0.0,0.0,1.0,0.0,10,0,20
45,9664,0.0,0.0,1.0,0.0,10,0,20
45,9665,0.0,0.0,1.0,0.0,10,0,20
45,9666,0.0,0.0,1.0,0.0,10,0,20
45,9667,0.0,0.0,1.0,0.0,10,0,20
45,9668,0.0,0.0,1.0,0.0,10,0,20
45,9669,0.0,0.0,1.0,0.0,10,0,20
45,9670,0.0,0.0,1.0,0.0,10,0,20
45,9671,0.0,0.0,1.0,0.0,10,0,20
45,9672,0.0,0.0,1.0,0.0,10,0,20
45,9673,0.0,0.0,1.0,0.0,10,0,20
45,9674,0.0,0.0,1.0,0.0,10,0,20
45,9675,0.0,0.0,1.0,0.0,10,0,20
45,9676,0.0,0.0,1.0,0.0,10,0,20
45,9677,0.0,0.0,1.0,0.0,10,0,20
45,9678,0.0,0.0,1.0,0.0,10,0,20
45,9679,0.0,0.0,1.0,0.0,10,0,20
45,9680,0.0,0.0,1.0,0.0,10,0,20
45,9681,0.0,0.0,1.0,0.0,10,0,20
45,9682,0.0,0.0,1.0,0.0,10,0,20
45,9683,0.0,0.0,1.0,0.0,10,0,20
45,9684,0.0,0.0,1.0,0.0,10,0,20
45,9685,0.0,0.0,1.0,0.0,10,0,20
45,9686,0.0,0.0,1.0,0.0,10,0,20
45,9687,0.0,0.0,1.0,0.0,10,0,20
45,9688,0.0,0.0,1.0,0.0,10,0,20
45,9689,0.0,0.0,1.0,0.0,10,0,20
45,9690,0.0,0.0,1.0,0.0,10,0,20
45,9691,0.0,0.0,1.0,0.0,10,0,20
45,9692,0.0,0.0,1.0,0.0,10,0,20
45,9693,0.0,0.0,1.0,0.0,10,0,20
45,9694,0.0,0.0,1.0,0.0,10,0,20
45,9695,0.0,0.0,1.0,0.0,10,0,20
45,9696,0.0,0.0,1.0,0.0,10,0,20
45,9697,0.0,0.0,1.0,0.0,10,0,20
45,9698,0.0,0.0,1.0,0.0,10,0,20
45,9699,0.0,0.0,1.0,0.0,10,0,20
45,9700,0.0,0.0,1.0,0.0,10,0,20
45,9701,0.0,0.0,1.0,0.0,10,0,20
45,9702,0.0,0.0,1.0,0.0,10,0,20
45,9703,0.0,0.0,1.0,0.0,10,0,20
45,9704,0.0,0.0,1.0,0.0,10,0,20
45,9705,0.0,0.0,1.0,0.0,10,0,20
45,9706,0.0,0.0,1.0,0.0,10,0,20
45,9707,0.0,0.0,1.0,0.0,10,0,20
45,9708,0.0,0.0,1.0,0.0,10,0,20
45,9709,0.0,0.0,1.0,0.0,10,0,20
45,9710,0.0,0.0,1.0,0.0,10,0,20
45,9711,0.0,0.0,1.0,0.0,10,0,20
45,9712,0.0,0.0,1.0,0.0,10,0,20
45,9713,0.0,0.0,1.0,0.0,10,0,20
45,9714,0.0,0.0,1.0,0.0,10,0,20
45,9715,0.0,0.0,1.0,0.0,10,0,20
45,9716,0.0,0.0,1.0,0.0,10,0,20
45,9717,0.0,0.0,1.0,0.0,10,0,20
45,9718,0.0,0.0,1.0,0.0,10,0,20
45,9719,0.0,0.0,1.0,0.0,10,0,20
45,9720,0.0,0.0,1.0,0.0,10,0,20
45,9721,0.0,0.0,1.0,0.0,10,0,20
45,9722,0.0,0.0,1.0,0.0,10,0,20
45,9723,0.0,0.0,1.0,0.0,10,0,20
45,9724,0.0,0.0,1.0,0.0,10,0,20
45,9725,0.0,0.0,1.0,0.0,10,0,20
45,9726,0.0,0.0,1.0,0.0,10,0,20
45,9727,0.0,0.0,1.0,0.0,10,0,20
45,9728,0.0,0.0,1.0,0.0,10,0,20
45,9729,0.0,0.0,1.0,0.0,10,0,20
45,9730,0.0,0.0,1.0,0.0,10,0,20
45,9731,0.0,0.0,1.0,0.0,10,0,20
45,9732,0.0,0.0,1.0,0.0,10,0,20
45,9733,0.0,0.0,1.0,0.0,10,0,20
45,9734,0.0,0.0,1.0,0.0,10,0,20
45,9735,0.0,0.0,1.0,0.0,10,0,20
45,9736,0.0,0.0,1.0,0.0,10,0,20
45,9737,0.0,0.0,1.0,0.0,10,0,20
45,9738,0.0,0.0,1.0,0.0,10,0,20
45,9739,0.0,0.0,1.0,0.0,10,0,20
45,9740,0.0,0.0,1.0,0.0,10,0,20
45,9741,0.0,0.0,1.0,0.0,10,0,20
45,9742,0.0,0.0,1.0,0.0,10,0,20
45,9743,0.0,0.0,1.0,0.0,10,0,20
45,9744,0.0,0.0,1.0,0.0,10,0,20
45,9745,0.0,0.0,1.0,0.0,10,0,20
45,9746,0.0,0.0,1.0,0.0,10,0,20
45,9747,0.0,0.0,1.0,0.0,10,0,20
45,9748,0.0,0.0,1.0,0.0,10,0,20
45,9749,0.0,0.0,1.0,0.0,10,0,20
45,9750,0.0,0.0,1.0,0.0,10,0,20
45,9751,0.0,0.0,1.0,0.0,10,0,20
45,9752,0.0,0.0,1.0,0.0,10,0,20
45,9753,0.0,0.0,1.0,0.0,10,0,20
45,9754,0.0,0.0,1.0,0.0,10,0,20
45,9755,0.0,0.0,1.0,0.0,10,0,20
45,9756,0.0,0.0,1.0,0.0,10,0,20
45,9757,0.0,0.0,1.0,0.0,10,0,20
45,9758,0.0,0.0,1.0,0.0,10,0,20
45,9759,0.0,0.0,1.0,0.0,10,0,20
45,9760,0.0,0.0,1.0,0.0,10,0,20
45,9761,0.0,0.0,1.0,0.0,10,0,20
45,9762,0.0,0.0,1.0,0.0,10,0,20
45,9763,0.0,0.0,1.0,0.0,10,0,20
45,9764,0.0,0.0,1.0,0.0,10,0,20
45,9765,0.0,0.0,1.0,0.0,10,0,20
45,9766,0.0,0.0,1.0,0.0,10,0,20
45,9767,0.0,0.0,1.0,0.0,10,0,20
45,9768,0.0,0.0,1.0,0.0,10,0,20
45,9769,0.0,0.0,1.0,0.0,10,0,20
45,9770,0.0,0.0,1.0,0.0,10,0,20
45,9771,0.0,0.0,1.0,0.0,10,0,20
45,9772,0.0,0.0,1.0,0.0,10,0,20
45,9773,0.0,0.0,1.0,0.0,10,0,20
45,9774,0.0,0.0,1.0,0.0,10,0,20
45,9775,0.0,0.0,1.0,0.0,10,0,20
45,9776,0.0,0.0,1.0,0.0,10,0,20
45,9777,0.0,0.0,1.0,0.0,10,0,20
45,9778,0.0,0.0,1.0,0.0,10,0,20
45,9779,0.0,0.0,1.0,0.0,10,0,20
45,9780,0.0,0.0,1.0,0.0,10,0,20
45,9781,0.0,0.0,1.0,0.0,10,0,20
45,9782,0.0,0.0,1.0,0.0,10,0,20
45,9783,0.0,0.0,1.0,0.0,10,0,20
45,9784,0.0,0.0,1.0,0.0,10,0,20
45,9785,0.0,0.0,1.0,0.0,10,0,20
45,9786,0.0,0.0,1.0,0.0,10,0,20
45,9787,0.0,0.0,1.0,0.0,10,0,20
45,9788,0.0,0.0,1.0,0.0,10,0,20
45,9789,0.0,0.0,1.0,0.0,10,0,20
45,9790,0.0,0.0,1.0,0.0,10,0,20
45,9791,0.0,0.0,1.0,0.0,10,0,20
45,9792,0.0,0.0,1.0,0.0,10,0,20
45,9793,0.0,0.0,1.0,0.0,10,0,20
45,9794,0.0,0.0,1.0,0.0,10,0,20
45,9795,0.0,0.0,1.0,0.0,10,0,20
45,9796,0.0,0.0,1.0,0.0,10,0,20
45,9797,0.0,0.0,1.0,0.0,10,0,20
45,9798,0.0,0.0,1.0,0.0,10,0,20
45,9799,0.0,0.0,1.0,0.0,10,0,20
45,9800,0.0,0.0,1.0,0.0,10,0,20
45,9801,0.0,0.0,1.0,0.0,10,0,20
45,9802,0.0,0.0,1.0,0.0,10,0,20
45,9803,0.0,0.0,1.0,0.0,10,0,20
45,9804,0.0,0.0,1.0,0.0,10,0,20
45,9805,0.0,0.0,1.0,0.0,10,0,20
45,9806,0.0,0.0,1.0,0.0,10,0,20
45,9807,0.0,0.0,1.0,0.0,10,0,20
45,9808,0.0,0.0,1.0,0.0,10,0,20
45,9809,0.0,0.0,1.0,0.0,10,0,20
45,9810,0.0,0.0,1.0,0.0,10,0,20
45,9811,0.0,0.0,1.0,0.0,10,0,20
45,9812,0.0,0.0,1.0,0.0,10,0,20
45,9813,0.0,0.0,1.0,0.0,10,0,20
45,9814,0.0,0.0,1.0,0.0,10,0,20
45,9815,0.0,0.0,1.0,0.0,10,0,20
45,9816,0.0,0.0,1.0,0.0,10,0,20
45,9817,0.0,0.0,1.0,0.0,10,0,20
45,9818,0.0,0.0,1.0,0.0,10,0,20
45,9819,0.0,0.0,1.0,0.0,10,0,20
45,9820,0.0,0.0,1.0,0.0,10,0,20
45,9821,0.0,0.0,1.0,0.0,10,0,20
45,9822,0.0,0.0,1.0,0.0,10,0,20
45,9823,0.0,0.0,1.0,0.0,10,0,20
45,9824,0.0,0.0,1.0,0.0,10,0,20
45,9825,0.0,0.0,1.0,0.0,10,0,20
45,9826,0.0,0.0,1.0,0.0,10,0,20
45,9827,0.0,0.0,1.0,0.0,10,0,20
45,9828,0.0,0.0,1.0,0.0,10,0,20
45,9829,0.0,0.0,1.0,0.0,10,0,20
45,9830,0.0,0.0,1.0,0.0,10,0,20
45,9831,0.0,0.0,1.0,0.0,10,0,20
45,9832,0.0,0.0,1.0,0.0,10,0,20
45,9833,0.0,0.0,1.0,0.0,10,0,20
45,9834,0.0,0.0,1.0,0.0,10,0,20
45,9835,0.0,0.0,1.0,0.0,10,0,20
45,9836,0.0,0.0,1.0,0.0,10,0,20
45,9837,0.0,0.0,1.0,0.0,10,0,20
45,9838,0.0,0.0,1.0,0.0,10,0,20
45,9839,0.0,0.0,1.0,0.0,10,0,20
45,9840,0.0,0.0,1.0,0.0,10,0,20
45,9841,0.0,0.0,1.0,0.0,10,0,20
45,9842,0.0,0.0,1.0,0.0,10,0,20
45,9843,0.0,0.0,1.0,0.0,10,0,20
45,9844,0.0,0.0,1.0,0.0,10,0,20
45,9845,0.0,0.0,1.0,0.0,10,0,20
45,9846,0.0,0.0,1.0,0.0,10,0,20
45,9847,0.0,0.0,1.0,0.0,10,0,20
45,9848,0.0,0.0,1.0,0.0,10,0,20
45,9849,0.0,0.0,1.0,0.0,10,0,20
45,9850,0.0,0.0,1.0,0.0,10,0,20
45,9851,0.0,0.0,1.0,0.0,10,0,20
45,9852,0.0,0.0,1.0,0.0,10,0,20
45,9853,0.0,0.0,1.0,0.0,10,0,20
45,9854,0.0,0.0,1.0,0.0,10,0,20
45,9855,0.0,0.0,1.0,0.0,10,0,20
45,9856,0.0,0.0,1.0,0.0,10,0,20
45,9857,0.0,0.0,1.0,0.0,10,0,20
45,9858,0.0,0.0,1.0,0.0,10,0,20
45,9859,0.0,0.0,1.0,0.0,10,0,20
45,9860,0.0,0.0,1.0,0.0,10,0,20
45,9861,0.0,0.0,1.0,0.0,10,0,20
45,9862,0.0,0.0,1.0,0.0,10,0,20
45,9863,0.0,0.0,1.0,0.0,10,0,20
45,9864,0.0,0.0,1.0,0.0,10,0,20
45,9865,0.0,0.0,1.0,0.0,10,0,20
45,9866,0.0,0.0,1.0,0.0,10,0,20
45,9867,0.0,0.0,1.0,0.0,10,0,20
45,9868,0.0,0.0,1.0,0.0,10,0,20
45,9869,0.0,0.0,1.0,0.0,10,0,20
45,9870,0.0,0.0,1.0,0.0,10,0,20
45,9871,0.0,0.0,1.0,0.0,10,0,20
45,9872,0.0,0.0,1.0,0.0,10,0,20
45,9873,0.0,0.0,1.0,0.0,10,0,20
45,9874,0.0,0.0,1.0,0.0,10,0,20
45,9875,0.0,0.0,1.0,0.0,10,0,20
45,9876,0.0,0.0,1.0,0.0,10,0,20
45,9877,0.0,0.0,1.0,0.0,10,0,20
45,9878,0.0,0.0,1.0,0.0,10,0,20
45,9879,0.0,0.0,1.0,0.0,10,0,20
45,9880,0.0,0.0,1.0,0.0,10,0,20
45,9881,0.0,0.0,1.0,0.0,10,0,20
45,9882,0.0,0.0,1.0,0.0,10,0,20
45,9883,0.0,0.0,1.0,0.0,10,0,20
45,9884,0.0,0.0,1.0,0.0,10,0,20
45,9885,0.0,0.0,1.0,0.0,10,0,20
45,9886,0.0,0.0,1.0,0.0,10,0,20
45,9887,0.0,0.0,1.0,0.0,10,0,20
45,9888,0.0,0.0,1.0,0.0,10,0,20
45,9889,0.0,0.0,1.0,0.0,10,0,20
45,9890,0.0,0.0,1.0,0.0,10,0,20
45,9891,0.0,0.0,1.0,0.0,10,0,20
45,9892,0.0,0.0,1.0,0.0,10,0,20
45,9893,0.0,0.0,1.0,0.0,10,0,20
45,9894,0.0,0.0,1.0,0.0,10,0,20
45,9895,0.0,0.0,1.0,0.0,10,0,20
45,9896,0.0,0.0,1.0,0.0,10,0,20
45,9897,0.0,0.0,1.0,0.0,10,0,20
45,9898,0.0,0.0,1.0,0.0,10,0,20
45,9899,0.0,0.0,1.0,0.0,10,0,20
45,9900,0.0,0.0,1.0,0.0,10,0,20
45,9901,0.0,0.0,1.0,0.0,10,0,20
45,9902,0.0,0.0,1.0,0.0,10,0,20
45,9903,0.0,0.0,1.0,0.0,10,0,20
45,9904,0.0,0.0,1.0,0.0,10,0,20
45,9905,0.0,0.0,1.0,0.0,10,0,20
45,9906,0.0,0.0,1.0,0.0,10,0,20
45,9907,0.0,0.0,1.0,0.0,10,0,20
45,9908,0.0,0.0,1.0,0.0,10,0,20
45,9909,0.0,0.0,1.0,0.0,10,0,20
45,9910,0.0,0.0,1.0,0.0,10,0,20
45,9911,0.0,0.0,1.0,0.0,10,0,20
45,9912,0.0,0.0,1.0,0.0,10,0,20
45,9913,0.0,0.0,1.0,0.0,10,0,20
45,9914,0.0,0.0,1.0,0.0,10,0,20
45,9915,0.0,0.0,1.0,0.0,10,0,20
45,9916,0.0,0.0,1.0,0.0,10,0,20
45,9917,0.0,0.0,1.0,0.0,10,0,20
45,9918,0.0,0.0,1.0,0.0,10,0,20
45,9919,0.0,0.0,1.0,0.0,10,0,20
45,9920,0.0,0.0,1.0,0.0,10,0,20
45,9921,0.0,0.0,1.0,0.0,10,0,20
45,9922,0.0,0.0,1.0,0.0,10,0,20
45,9923,0.0,0.0,1.0,0.0,10,0,20
45,9924,0.0,0.0,1.0,0.0,10,0,20
45,9925,0.0,0.0,1.0,0.0,10,0,20
45,9926,0.0,0.0,1.0,0.0,10,0,20
45,9927,0.0,0.0,1.0,0.0,10,0,20
45,9928,0.0,0.0,1.0,0.0,10,0,20
45,9929,0.0,0.0,1.0,0.0,10,0,20
45,9930,0.0,0.0,1.0,0.0,10,0,20
45,9931,0.0,0.0,1.0,0.0,10,0,20
45,9932,0.0,0.0,1.0,0.0,10,0,20
45,9933,0.0,0.0,1.0,0.0,10,0,20
45,9934,0.0,0.0,1.0,0.0,10,0,20
45,9935,0.0,0.0,1.0,0.0,10,0,20
45,9936,0.0,0.0,1.0,0.0,10,0,20
45,9937,0.0,0.0,1.0,0.0,10,0,20
45,9938,0.0,0.0,1.0,0.0,10,0,20
45,9939,0.0,0.0,1.0,0.0,10,0,20
45,9940,0.0,0.0,1.0,0.0,10,0,20
45,9941,0.0,0.0,1.0,0.0,10,0,20
45,9942,0.0,0.0,1.0,0.0,10,0,20
45,9943,0.0,0.0,1.0,0.0,10,0,20
45,9944,0.0,0.0,1.0,0.0,10,0,20
45,9945,0.0,0.0,1.0,0.0,10,0,20
45,9946,0.0,0.0,1.0,0.0,10,0,20
45,9947,0.0,0.0,1.0,0.0,10,0,20
45,9948,0.0,0.0,1.0,0.0,10,0,20
45,9949,0.0,0.0,1.0,0.0,10,0,20
45,9950,0.0,0.0,1.0,0.0,10,0,20
45,9951,0.0,0.0,1.0,0.0,10,0,20
45,9952,0.0,0.0,1.0,0.0,10,0,20
45,9953,0.0,0.0,1.0,0.0,10,0,20
45,9954,0.0,0.0,1.0,0.0,10,0,20
45,9955,0.0,0.0,1.0,0.0,10,0,20
45,9956,0.0,0.0,1.0,0.0,10,0,20
45,9957,0.0,0.0,1.0,0.0,10,0,20
45,9958,0.0,0.0,1.0,0.0,10,0,20
45,9959,0.0,0.0,1.0,0.0,10,0,20
45,9960,0.0,0.0,1.0,0.0,10,0,20
45,9961,0.0,0.0,1.0,0.0,10,0,20
45,9962,0.0,0.0,1.0,0.0,10,0,20
45,9963,0.0,0.0,1.0,0.0,10,0,20
45,9964,0.0,0.0,1.0,0.0,10,0,20
45,9965,0.0,0.0,1.0,0.0,10,0,20
45,9966,0.0,0.0,1.0,0.0,10,0,20
45,9967,0.0,0.0,1.0,0.0,10,0,20
45,9968,0.0,0.0,1.0,0.0,10,0,20
45,9969,0.0,0.0,1.0,0.0,10,0,20
45,9970,0.0,0.0,1.0,0.0,10,0,20
45,9971,0.0,0.0,1.0,0.0,10,0,20
45,9972,0.0,0.0,1.0,0.0,10,0,20
45,9973,0.0,0.0,1.0,0.0,10,0,20
45,9974,0.0,0.0,1.0,0.0,10,0,20
45,9975,0.0,0.0,1.0,0.0,10,0,20
45,9976,0.0,0.0,1.0,0.0,10,0,20
45,9977,0.0,0.0,1.0,0.0,10,0,20
45,9978,0.0,0.0,1.0,0.0,10,0,20
45,9979,0.0,0.0,1.0,0.0,10,0,20
45,9980,0.0,0.0,1.0,0.0,10,0,20
45,9981,0.0,0.0,1.0,0.0,10,0,20
45,9982,0.0,0.0,1.0,0.0,10,0,20
45,9983,0.0,0.0,1.0,0.0,10,0,20
45,9984,0.0,0.0,1.0,0.0,10,0,20
45,9985,0.0,0.0,1.0,0.0,10,0,20
45,9986,0.0,0.0,1.0,0.0,10,0,20
45,9987,0.0,0.0,1.0,0.0,10,0,20
45,9988,0.0,0.0,1.0,0.0,10,0,20
45,9989,0.0,0.0,1.0,0.0,10,0,20
45,9990,0.0,0.0,1.0,0.0,10,0,20
45,9991,0.0,0.0,1.0,0.0,10,0,20
45,9992,0.0,0.0,1.0,0.0,10,0,20
45,9993,0.0,0.0,1.0,0.0,10,0,20
45,9994,0.0,0.0,1.0,0.0,10,0,20
45,9995,0.0,0.0,1.0,0.0,10,0,20
45,9996,0.0,0.0,1.0,0.0,10,0,20
45,9997,0.0,0.0,1.0,0.0,10,0,20
45,9998,0.0,0.0,1.0,0.0,10,0,20
45,9999,0.0,0.0,1.0,0.0,10,0,20
45,10000,0.0,0.0,1.0,0.0,10,0,20
