run,generation,degenerate,holistic,other,compositional,popsize,turnover_rounds,group_rounds
34,0,0.9987713554999761,1.4267839920713725e-08,0.0012266915175256114,1.9387146567823425e-06,50,20,20
34,1,0.9129358100009172,1.5325744044425816e-05,0.08701082295828819,3.80412967682167e-05,50,20,20
34,2,0.8252194851963738,1.560539509288226e-05,0.17475617065060636,8.738757936149327e-06,50,20,20
34,3,0.7240690411777833,2.130491439916882e-05,0.2757131780978251,0.00019647580998161023,50,20,20
34,4,0.6092696093736515,9.905566097110976e-06,0.3904989112510857,0.00022157380915413196,50,20,20
34,5,0.5297075920954694,2.6188894935147075e-06,0.47027231692039395,1.7472094632729802e-05,50,20,20
34,6,0.5335517872451515,1.6732884065529728e-06,0.4661400944234337,0.0003064450429981726,50,20,20
34,7,0.4966964821151743,1.5685097296065697e-06,0.4833020227056368,0.01999992666945267,50,20,20
34,8,0.5262216913423573,0.011441038942209134,0.44233601678164935,0.020001252933779957,50,20,20
34,9,0.4880159155686581,0.011420225430368316,0.4587846987289933,0.04177916027197695,50,20,20
34,10,0.45796296454204183,0.0005789709906048452,0.5037172040946879,0.037740860372662215,50,20,20
34,11,0.4716043223150287,8.448402271089448e-06,0.4706909879578769,0.05769624132482126,50,20,20
34,12,0.4694548059496224,1.3653126957203815e-05,0.4705753299464637,0.05995621097695519,50,20,20
34,13,0.45498561568793894,0.007300134512491769,0.47533657415051356,0.0623776756490543,50,20,20
34,14,0.4747487886623023,0.007292535105578386,0.4577520429397612,0.0602066332923564,50,20,20
34,15,0.474810090941003,0.007310329928588103,0.45772031376675315,0.06015926536365413,50,20,20
34,16,0.46471661944072606,0.0071375351973410155,0.48620037692457985,0.041945468437351786,50,20,20
34,17,0.4433126996367616,0.007137692854407886,0.5257731327076327,0.023776474801197066,50,20,20
34,18,0.44543954885934683,0.0071275916553913046,0.5254082439227425,0.02202461556251909,50,20,20
34,19,0.4605967135078922,2.5789947334382536e-05,0.5172761101791372,0.022101386365635453,50,20,20
34,20,0.4621490685196634,2.578851874499815e-05,0.4957993164775565,0.04202582648403402,50,20,20
34,21,0.4715162570628442,0.006794238871448478,0.48122913133457657,0.04046037273112999,50,20,20
34,22,0.4493763706339401,0.006794094405583782,0.5033691086656777,0.04046042629479769,50,20,20
34,23,0.4298217670736757,0.006794097775659837,0.5034830266664764,0.05990110848418664,50,20,20
34,24,0.4098342408682288,0.006794083680315484,0.5234706260419881,0.059901049409465605,50,20,20
34,25,0.38998205447721546,0.006801538851795647,0.5609873304810586,0.0422290761899283,50,20,20
34,26,0.4078492062675242,0.006801508185133599,0.5431202846443486,0.04222900090299189,50,20,20
34,27,0.36935762204057243,0.0067952603419783675,0.5639043624445425,0.059942755172905995,50,20,20
34,28,0.36560788789767507,0.007370101654926223,0.5647051902862336,0.06231682016116415,50,20,20
34,29,0.35091526826282565,0.0068185760531611775,0.5953492048420013,0.046916950842010634,50,20,20
34,30,0.3709970084528823,0.006818576053161939,0.5774853313833943,0.0446990841105602,50,20,20
34,31,0.38312894766235694,0.006817886187363197,0.5499965403720976,0.06005662577818141,50,20,20
34,32,0.3637838941233952,0.006817886186784838,0.547127923736486,0.082270295953333,50,20,20
34,33,0.3481190100907588,0.006817897332820399,0.5658717822225277,0.07919131035389107,50,20,20
34,34,0.34805181571323807,0.00681789733362934,0.53238735104144,0.11274293591169066,50,20,20
34,35,0.3664889261091864,0.006817897075997095,0.5320692079432667,0.09462396887154875,50,20,20
34,36,0.36588186429194414,0.006817897120343519,0.5326762400413018,0.09462399854640978,50,20,20
34,37,0.3838491283159431,0.006817897119563032,0.5324005746937742,0.07693239987071882,50,20,20
34,38,0.3776690864261021,0.006817654626815179,0.5403281719871338,0.07518508695994795,50,20,20
34,39,0.3806860167215206,0.006817654625857451,0.5196267654921657,0.09286956316045514,50,20,20
34,40,0.3591685057098259,0.006817654625857451,0.5411442762922212,0.09286956337209405,50,20,20
34,41,0.3392529278986542,0.006817654625936464,0.5610598528735151,0.09286956460189336,50,20,20
34,42,0.3392759698526746,0.006799880522025464,0.5588397018983763,0.09508444772692272,50,20,20
34,43,0.35626825358075465,0.006799880526658245,0.5598949227658329,0.07703694312675335,50,20,20
34,44,0.3576805906008721,0.006799881091298721,0.57500007299649,0.0605194553113379,50,20,20
34,45,0.33821126460158696,0.006799881331361026,0.5944693976223743,0.06051945644467678,50,20,20
34,46,0.3175745185024197,0.006799885033062503,0.6151061400115959,0.06051945645292128,50,20,20
34,47,0.31757452560299365,0.006810011523764247,0.6151388091268174,0.06047665374642401,50,20,20
34,48,0.32270246750894954,0.00681001037877778,0.6100093529639102,0.0604781691483621,50,20,20
34,49,0.3239454750891227,0.006810740588353772,0.6087656151551056,0.06047816916741702,50,20,20
34,50,0.36015515099295653,0.0068107409359237335,0.5553651611140635,0.0776689469570553,50,20,20
34,51,0.3401962983914478,0.006800756669963886,0.5753347504646704,0.07766819447391679,50,20,20
34,52,0.370826637247594,0.006800748311048481,0.5448681246519762,0.07750448978938095,50,20,20
34,53,0.35602596262278874,0.00680076909585135,0.5596687768095033,0.07750449147185598,50,20,20
34,54,0.3342685343995205,0.006800769202058605,0.5814589321153151,0.07747176428310314,50,20,20
34,55,0.3464531781462956,0.00680076895990985,0.5692753442521813,0.07747070864161415,50,20,20
34,56,0.34623963634680316,0.006800771478903669,0.5701182337428105,0.07684135843148363,50,20,20
34,57,0.3472663393196075,0.006800778972462214,0.5624750976670505,0.08345778404088097,50,20,20
34,58,0.34864552107071717,0.0068007784076778875,0.5610987496032894,0.08345495091831298,50,20,20
34,59,0.3537369145470345,0.006800778553656552,0.5587923936788877,0.08066991322041889,50,20,20
34,60,0.3506294861951349,0.006800778257938836,0.5584809890769646,0.08408874646995898,50,20,20
34,61,0.3354264966809011,0.006800778272644301,0.5736838634452536,0.08408886160120056,50,20,20
34,62,0.35069515783241045,0.006800791198300849,0.5584151280220507,0.0840889229472376,50,20,20
34,63,0.3506893933212091,0.006813480415445914,0.5584082031515867,0.08408892311175775,50,20,20
34,64,0.35231505955817183,0.006813480424042481,0.5568553408272013,0.08401611919058503,50,20,20
34,65,0.334839956405188,0.0068134804223047305,0.5900559138613127,0.06829064931119597,50,20,20
34,66,0.33443552996730314,0.006813480630804601,0.5926854553901643,0.06606553401173018,50,20,20
34,67,0.3508249395552023,0.00681346770689282,0.5611198151584451,0.08124177757946127,50,20,20
34,68,0.36564687466197027,0.006813467707484149,0.5462978797355192,0.0812417778950278,50,20,20
34,69,0.38016720612385607,0.006813551349178266,0.531776458178238,0.081242784348729,50,20,20
34,70,0.3918191265325172,0.006813550902433817,0.5299667499639571,0.07140057260109137,50,20,20
34,71,0.3754608415010695,0.006813548704203241,0.5463256295439726,0.07139998025075453,50,20,20
34,72,0.39929128699304883,0.0068135344340721936,0.5224951792569731,0.07139999931590589,50,20,20
34,73,0.3992912869917532,0.006813534441040373,0.5224959191245354,0.07139925944267096,50,20,20
34,74,0.38226355422860453,0.007083065330668298,0.5392541211639377,0.07139925927678871,50,20,20
34,75,0.3817666490960145,0.007083183430563472,0.5379850543593369,0.07316511311408455,50,20,20
34,76,0.38176713454131156,0.015555983341517223,0.5295117690007095,0.07316511311646126,50,20,20
34,77,0.3817753844409377,0.015555976112127326,0.5234321826571599,0.07923645678977544,50,20,20
34,78,0.3934826303027564,0.015555975966315352,0.511726067542631,0.07923532618829728,50,20,20
34,79,0.3823648202590316,0.015555975956966723,0.522843092934991,0.07923611084900936,50,20,20
34,80,0.3848605000374606,0.01555597594950121,0.5203432559737398,0.07924026803929612,50,20,20
34,81,0.3900573838860019,0.015555868301874108,0.5151474873744886,0.07923926043763356,50,20,20
34,82,0.39005011084837776,0.015555138376981819,0.5153568851051777,0.07903786566946212,50,20,20
34,83,0.3704611397287077,0.01555513833091899,0.5349458566917761,0.07903786524859671,50,20,20
34,84,0.3904259212385233,0.015555138323948628,0.5151101260821,0.07890881435542725,50,20,20
34,85,0.3921646271776057,0.015718858336666582,0.5132078127931754,0.07890870169255149,50,20,20
34,86,0.3923883688525627,0.015718878070241745,0.5126895710378938,0.07920318203930088,50,20,20
34,87,0.4007487413717189,0.015718877962768094,0.5043292271629786,0.07920315350253188,50,20,20
34,88,0.3876657173707696,0.01571887796612987,0.517412265260655,0.07920313940244553,50,20,20
34,89,0.36766605635557315,0.015718877966169227,0.5374119256663266,0.07920314001193235,50,20,20
34,90,0.36816516866426846,0.015719649837803575,0.5344905387975334,0.08162464270039607,50,20,20
34,91,0.3739680380011196,0.015719531734095172,0.5304982677739044,0.07981416249088308,50,20,20
34,92,0.39396691505105963,0.0272309914056644,0.5213639774043324,0.05743811613894441,50,20,20
34,93,0.36892631065025683,0.040435568825666277,0.5332001785353306,0.05743794198874479,50,20,20
34,94,0.3803852342830904,0.04043555432673128,0.5217412693843182,0.05743794200585965,50,20,20
34,95,0.38421131466176717,0.040435564510675544,0.5179124958716442,0.057440624955914996,50,20,20
34,96,0.38149239714860994,0.04043554477712859,0.5209317513961581,0.05714030667810288,50,20,20
34,97,0.38149177853217103,0.04043554477712862,0.5209332600198959,0.0571394166708043,50,20,20
34,98,0.3994455646470858,0.04015335716734466,0.5032616506962035,0.05713942748936767,50,20,20
34,99,0.3994455643264861,0.04015335716734676,0.5032639451368495,0.0571371333693194,50,20,20
34,100,0.40484840282717877,0.04015335721104838,0.4978611063850596,0.05713713357671562,50,20,20
34,101,0.4048477846209861,0.040705395483683265,0.4973096863186963,0.05713713357663648,50,20,20
34,102,0.4048366223627562,0.04070466527669148,0.49004052087248257,0.06441819148807208,50,20,20
34,103,0.404337211650703,0.04918345418545008,0.48206114496057223,0.06441818920327709,50,20,20
34,104,0.40441482043883015,0.049183454183862406,0.4819835363935481,0.06441818898376153,50,20,20
34,105,0.40330597876609714,0.04918345435261597,0.4829434815826332,0.06456708529865539,50,20,20
34,106,0.40330597876679875,0.04918345435261811,0.4828114483535581,0.06469911852702669,50,20,20
34,107,0.401567253985885,0.03998796499507038,0.4937456667820543,0.06469911423699162,50,20,20
34,108,0.4015670473972853,0.03998796464750047,0.4909366600771806,0.0675083278780349,50,20,20
34,109,0.401567805697489,0.03998796021361955,0.4909359061899902,0.06750832789890242,50,20,20
34,110,0.4049111495724791,0.039981164878556956,0.4875993576028001,0.06750832794616575,50,20,20
34,111,0.40484358831234346,0.039981161768480974,0.48766689867828716,0.06750835124089022,50,20,20
34,112,0.4131338255413112,0.039981162133502085,0.4793766608143815,0.06750835151080704,50,20,20
34,113,0.4131585466530246,0.039981162133515775,0.4793519396989398,0.06750835151452156,50,20,20
34,114,0.41315870102831953,0.03998116213814536,0.4593971529964256,0.08746298383711178,50,20,20
34,115,0.4131587029312657,0.03998116218455218,0.4593122117465231,0.08754792313766181,50,20,20
34,116,0.410078263678625,0.03998116437750681,0.46239205375173964,0.08754851819213004,50,20,20
34,117,0.41010739400364216,0.03998119974022335,0.45195582547144453,0.09795558078469274,50,20,20
34,118,0.41012471078348717,0.039958570595700627,0.4519611704339473,0.09795554818686733,50,20,20
34,119,0.41012470892118746,0.03995857054931091,0.45195255850166743,0.09796416202783616,50,20,20
34,120,0.39630128614837906,0.0399585683254843,0.4657765571470511,0.09796358837908535,50,20,20
34,121,0.3877641277258899,0.03995889624326428,0.47431338802124046,0.09796358800960561,50,20,20
34,122,0.38776412772607666,0.03995889928924619,0.4742662019859556,0.09801077099872066,50,20,20
34,123,0.3877641275394615,0.03995889954031386,0.4742662007027825,0.09801077221744137,50,20,20
34,124,0.3877992625755652,0.039958913808389125,0.4742310526173181,0.09801077099872677,50,20,20
34,125,0.38779926257556313,0.03997467394175316,0.47421529264216483,0.09801077084051821,50,20,20
34,126,0.3843484447020048,0.03997467394174589,0.47771146361563643,0.0979654177406129,50,20,20
34,127,0.3843502001925808,0.039974673896313234,0.4777097083833681,0.09796541752773734,50,20,20
34,128,0.38430004235785925,0.03997346712762961,0.4777158082230063,0.09801068229150474,50,20,20
34,129,0.38427090115738666,0.03997343176035864,0.46815210561545334,0.1076035614668009,50,20,20
34,130,0.38069280661793975,0.03997343388691935,0.47172962046662237,0.10760413902851801,50,20,20
34,131,0.38244834124437643,0.03997343235717876,0.4699740862650431,0.10760414013340122,50,20,20
34,132,0.38244733842768625,0.03997345688854173,0.4699749475922937,0.1076042570914778,50,20,20
34,133,0.3824413368560016,0.04025771898995184,0.46971134247337604,0.10758960168066979,50,20,20
34,134,0.3824402313527222,0.04025771898996894,0.46971244797663575,0.1075896016806721,50,20,20
34,135,0.383214057265076,0.0402577190302104,0.46893862203019376,0.10758960167451927,50,20,20
34,136,0.38321405730583274,0.0402577190849479,0.46893860705913537,0.107589616550084,50,20,20
34,137,0.38035843255688734,0.04025771909225618,0.47179400282946565,0.10758984552138953,50,20,20
34,138,0.38055512092772836,0.04025771653633593,0.4715979994257472,0.10758916311018636,50,20,20
34,139,0.3807257463392699,0.040257716617968946,0.4713915223181434,0.10762501472461557,50,20,20
34,140,0.3807257463629372,0.039398709652033695,0.47225052926036426,0.10762501472466265,50,20,20
34,141,0.3799858323944016,0.03939869692779854,0.4662622916581574,0.11435317901964105,50,20,20
34,142,0.379985832445224,0.03939869693675158,0.46626229157666693,0.11435317904135486,50,20,20
34,143,0.37770110836843807,0.03939876807080652,0.4685466114660473,0.11435351209470523,50,20,20
34,144,0.3831135811341331,0.03939869702503288,0.4630952213654893,0.114392500475342,50,20,20
34,145,0.36561724108373217,0.03939872434989783,0.4804512354108943,0.11453279915547329,50,20,20
34,146,0.3656216550769017,0.03939872434910307,0.48044682163443897,0.11453279893955413,50,20,20
34,147,0.365620486411812,0.03939872434910454,0.4804479902956079,0.11453279894347342,50,20,20
34,148,0.36561988271915125,0.03939872434462814,0.48044859399234424,0.11453279894387412,50,20,20
34,149,0.36898689079136177,0.03939872482560819,0.47708215057261255,0.11453223381041405,50,20,20
34,150,0.36945709963085116,0.03939872482317888,0.4838929996661173,0.10725117587985036,50,20,20
34,151,0.36352537320899864,0.03939880706698923,0.48857308749386774,0.10850273223014216,50,20,20
34,152,0.36352576697969957,0.03944076596671792,0.4885272252245008,0.10850624182907957,50,20,20
34,153,0.3635257669567044,0.020858625182834434,0.5071093660271222,0.10850624183333643,50,20,20
34,154,0.3718305105365781,0.020858297264888855,0.49880495085512805,0.1085062413434027,50,20,20
34,155,0.35533886312613794,0.02089215429791488,0.5152627514120323,0.10850623116391184,50,20,20
34,156,0.35499075072766856,0.020892154291517664,0.5156081343865295,0.10850896059428226,50,20,20
34,157,0.35499075104262956,0.020897651517207287,0.512322507185689,0.11178909025447174,50,20,20
34,158,0.354990751052121,0.020354545914137972,0.5128656262961417,0.11178907673759682,50,20,20
34,159,0.3524069428834871,0.020354525143167948,0.5154493495928306,0.11178918238050731,50,20,20
34,160,0.3468421027150679,0.020354515052479014,0.5210159240851681,0.1117874581472777,50,20,20
34,161,0.34538532189631604,0.020320658018054858,0.5205924031513516,0.11370161693427047,50,20,20
34,162,0.34538544026059853,0.02035691436875554,0.5223873989231379,0.11187024644750149,50,20,20
34,163,0.34503108846572056,0.020356914358671988,0.5227858268519716,0.1118261703236293,50,20,20
34,164,0.3430518638659368,0.02035691439880294,0.524765633592202,0.1118255881430513,50,20,20
34,165,0.3430518638659368,0.020356914398802904,0.542299641007233,0.09429158072802035,50,20,20
34,166,0.3625539899866464,0.020356914404834746,0.5227981582860376,0.09429093732247472,50,20,20
34,167,0.367607806596773,0.02035691933878957,0.5177437057066633,0.094291568357768,50,20,20
34,168,0.3676078065567318,0.020356922392420925,0.5177437027488851,0.09429156830195666,50,20,20
34,169,0.3676078065562557,0.02036029778154417,0.5177403372222407,0.09429155843995408,50,20,20
34,170,0.36302559849639876,0.0203602928322779,0.5247431811976104,0.09187092747370705,50,20,20
34,171,0.3514132801134335,0.02036104316595115,0.5363546549562884,0.09187102176432056,50,20,20
34,172,0.3513516710188165,0.02036029283493102,0.5364170684219371,0.09187096772430892,50,20,20
34,173,0.3503146579906151,0.020360297190931936,0.5441822208134324,0.08514282400501404,50,20,20
34,174,0.35052568470257006,0.020360294583391215,0.5439712091372797,0.0851428115767521,50,20,20
34,175,0.3505329955149748,0.020360297519104134,0.5439638951364636,0.08514281182945091,50,20,20
34,176,0.35053299835015134,0.02035480059030355,0.5108246005205008,0.11828760053903985,50,20,20
34,177,0.3505338831017022,0.020355989269469424,0.5108169919956724,0.11829313563315132,50,20,20
34,178,0.36141276751034285,0.020355989272749446,0.4999381070803654,0.11829313613653727,50,20,20
34,179,0.3561657061969229,0.02035658629052896,0.5050585277992904,0.11841917971325272,50,20,20
34,180,0.361976129486044,0.020356586293678404,0.49924807698022,0.11841920724005271,50,20,20
34,181,0.3619585271322295,0.020356586766201473,0.49926567945089056,0.11841920665067286,50,20,20
34,182,0.3678323515071004,0.02035658664127731,0.49339276601717463,0.1184182958344419,50,20,20
34,183,0.3682070368782289,0.02035658664127832,0.49301808063085933,0.11841829584962754,50,20,20
34,184,0.36830586547726263,0.020356586641250733,0.49291925203563614,0.11841829584584448,50,20,20
34,185,0.3682985546960933,0.02036687655954789,0.49291627315120434,0.11841829559314863,50,20,20
34,186,0.3847148763637658,0.020366878641434317,0.4765000542767301,0.11841819071806427,50,20,20
34,187,0.3847148763223705,0.02035676058570563,0.4765101723739356,0.1184181907179827,50,20,20
34,188,0.38471487632237006,0.02035676058570563,0.4765123347725393,0.11841602831937952,50,20,20
34,189,0.384701134960163,0.020356756077098203,0.476526101775192,0.11841600718754167,50,20,20
34,190,0.38469880159148134,0.020356756077098442,0.47652843514380905,0.11841600718760598,50,20,20
34,191,0.38469880159148134,0.02036768480884889,0.4765175064120322,0.11841600718763233,50,20,20
34,192,0.3846988015914814,0.020367684808846785,0.4765142611091694,0.11841925249049728,50,20,20
34,193,0.384698801591483,0.020367684808848933,0.47651418038049903,0.11841933321916383,50,20,20
34,194,0.3846988221114052,0.02036768481044365,0.4765141596386579,0.11841933343948809,50,20,20
34,195,0.38480379425810307,0.020367684984638958,0.4764091391815167,0.11841938157573624,50,20,20
34,196,0.3849504670134061,0.02036768480729351,0.4762625147693176,0.11841933340997751,50,20,20
34,197,0.3854382458142089,0.020367684803967924,0.47577473683067695,0.11841933255114086,50,20,20
34,198,0.38544409006781727,0.02036768417385203,0.4736830254739451,0.12050520028438089,50,20,20
34,199,0.38544409006781727,0.02036768417385207,0.4736838380583874,0.1205043876999384,50,20,20
34,200,0.3854440900678188,0.02036768417385207,0.47368383588207535,0.12050438987624888,50,20,20
34,201,0.38545499996145116,0.020367684221677534,0.4736729255153469,0.12050439030151962,50,20,20
34,202,0.38545499996145116,0.020367684221677534,0.4736729259919412,0.12050438982492538,50,20,20
34,203,0.38546333725519466,0.020367698125238688,0.4736608330006144,0.1205081316189475,50,20,20
34,204,0.3857484422405028,0.0203676980789433,0.47337575157104506,0.12050810810950424,50,20,20
34,205,0.3858000269104852,0.020367698456809483,0.47332416649160186,0.12050810814110074,50,20,20
34,206,0.3858344793524236,0.02036851015844332,0.4732889011782443,0.12050810931088568,50,20,20
34,207,0.38595127945246416,0.020368508647815475,0.475291135269728,0.1183890766299888,50,20,20
34,208,0.3859556447071173,0.02036850859998899,0.4735005670729304,0.1201752796199597,50,20,20
34,209,0.3854660513626096,0.020368508834678264,0.4739901590627519,0.120175280739957,50,20,20
34,210,0.38546392571335547,0.020368508835447833,0.4588134281231641,0.13535413732802992,50,20,20
34,211,0.370780388510912,0.02036924391972319,0.47349617751386286,0.13535419005549781,50,20,20
34,212,0.3515248627193669,0.02036948990496158,0.49275143674491867,0.13535421063074562,50,20,20
34,213,0.35442377734557723,0.020368301218246003,0.4898594739934034,0.13534844744276536,50,20,20
34,214,0.3350608530151598,0.020368301416072904,0.5260184267309169,0.1185524188378432,50,20,20
34,215,0.33506107759845555,0.02032634251187204,0.5260636682346912,0.1185489116549741,50,20,20
34,216,0.3350610799113636,0.020326345564641878,0.5260628332525156,0.11854974127146946,50,20,20
34,217,0.3334855112885067,0.02032634547640038,0.5258915000953621,0.12029664313972166,50,20,20
34,218,0.3528118593923669,0.020326345278460233,0.5067336278306022,0.12012816749856398,50,20,20
34,219,0.36749657115850637,0.02032634018056116,0.47690922277797043,0.13526786588295528,50,20,20
34,220,0.3679855755868733,0.020326340174450622,0.47338529771203897,0.1383027865266304,50,20,20
34,221,0.3679855755868749,0.020326340174448516,0.4733841019359971,0.13830398230267282,50,20,20
34,222,0.36798576190260407,0.020042078028820683,0.4697006811911205,0.14227147887744754,50,20,20
34,223,0.36798576413220074,0.020051985232435513,0.46969160111479274,0.14227064952056387,50,20,20
34,224,0.36792452780788004,0.020051985233230738,0.46975283743086954,0.14227064952801252,50,20,20
34,225,0.3679746618324124,0.020052006275040696,0.46970268304188795,0.14227064885065194,50,20,20
34,226,0.375828811467436,0.020052010342200593,0.4618485965873327,0.1422705816030243,50,20,20
34,227,0.37581122858877264,0.020052010345495905,0.46186617944750424,0.14227058161822104,50,20,20
34,228,0.36970386368947394,0.020052010470383783,0.4664196008906151,0.14382452494951944,50,20,20
34,229,0.3697038637305921,0.020048637038099205,0.4694572117451869,0.1407902874861134,50,20,20
34,230,0.3697098991277111,0.020048636667499932,0.4664171087598264,0.14382435544495423,50,20,20
34,231,0.3697015605728084,0.020048622901227175,0.46642920340321475,0.14382061312274164,50,20,20
34,232,0.35076733892893136,0.020048630705805478,0.4785933084899259,0.15059072187532954,50,20,20
34,233,0.3507619810434843,0.020048630714536914,0.4780904021909542,0.15109898605101713,50,20,20
34,234,0.3507619778946402,0.020048630424595794,0.47284320066760016,0.1563461910131573,50,20,20
34,235,0.35075326548889163,0.020048637426216372,0.4728519096973463,0.15634618738753855,50,20,20
34,236,0.3507532654964536,0.020048637466799638,0.47523441647894915,0.15396368055779056,50,20,20
34,237,0.3528243724690331,0.020048392198286923,0.4731645766080792,0.15396265872459475,50,20,20
34,238,0.3528150364802481,0.020048392198385077,0.4732353838578956,0.15390118746346546,50,20,20
34,239,0.35327964581611865,0.020048391966201864,0.47276986265505966,0.15390209956261444,50,20,20
34,240,0.3552400843012024,0.020048391966127285,0.4708100480567998,0.15390147567586532,50,20,20
34,241,0.3734853933182838,0.020048391962230138,0.43256637199006187,0.1738998427294202,50,20,20
34,242,0.3730546095552989,0.02004839245800411,0.43299715273766176,0.17389984524903115,50,20,20
34,243,0.3730546095552989,0.020048392458006256,0.43299720036688627,0.17389979761980454,50,20,20
34,244,0.37348999138634587,0.020048392282804927,0.43256450000976826,0.17389711632107865,50,20,20
34,245,0.37654146050443343,0.020048312193142896,0.4307646570673457,0.17264557023507435,50,20,20
34,246,0.3765414605044355,0.02003194678435849,0.4307810224761275,0.1726455702350752,50,20,20
34,247,0.3765414605044343,0.020031946784360634,0.43078221827248586,0.17264437443871597,50,20,20
34,248,0.38221833127778226,0.020032231321734494,0.4250043975660817,0.1727450398344006,50,20,20
34,249,0.3804282754998669,0.020031494144824122,0.42685672321738144,0.1726835071379247,50,20,20
34,250,0.38018015104940595,0.02003149414328734,0.42710479913075977,0.1726835556765433,50,20,20
34,251,0.3801801510494115,0.020036655568257497,0.4470370644180948,0.1527461289642325,50,20,20
34,252,0.3801802932530242,0.020036655564303195,0.4470369243265636,0.15274612685610525,50,20,20
34,253,0.3604759826422887,0.020037950959002418,0.4667397765430809,0.15274628985562566,50,20,20
34,254,0.36047598260169317,0.020037945941280295,0.46439182271353685,0.15509424874348737,50,20,20
34,255,0.3604759826140378,0.020037945941290682,0.4611673965115161,0.15831867493315405,50,20,20
34,256,0.3722163541764543,0.020037945205137575,0.4494270923843057,0.15831860823410115,50,20,20
34,257,0.3609188317256003,0.020037945218131858,0.46072461364488676,0.15831860941138026,50,20,20
34,258,0.3607961879529639,0.020037944312910838,0.4608604140478127,0.15830545368631133,50,20,20
34,259,0.3420778532279958,0.020038783253817596,0.47946487027529694,0.15841849324288973,50,20,20
34,260,0.33905334647941243,0.020038904594953902,0.482489255513406,0.15841849341222783,50,20,20
34,261,0.3510018814186812,0.020039084798817372,0.4705405338785411,0.15841849990396004,50,20,20
34,262,0.3510018768857537,0.020572255630266732,0.4700065708993595,0.1584192965846198,50,20,20
34,263,0.3497745169331668,0.020571416686217564,0.47134780817348365,0.15830625820713176,50,20,20
34,264,0.34901854418901246,0.02057196663068356,0.472103187761638,0.15830630141866528,50,20,20
34,265,0.350497799610988,0.02060824710894075,0.4705876530229196,0.15830630025715095,50,20,20
34,266,0.35049761101058197,0.020608247108989834,0.454582469503432,0.1743116723769958,50,20,20
34,267,0.350978134506716,0.020608247113282636,0.45410194604497334,0.17431167233502773,50,20,20
34,268,0.3510077904621511,0.02060823486126165,0.45407236075547835,0.17431161392110764,50,20,20
34,269,0.35053374938509385,0.020608234867375178,0.4545463544881256,0.17431166125940467,50,20,20
34,270,0.350533749385245,0.020608203320730992,0.45454638603461794,0.17431166125940326,50,20,20
34,271,0.3505337493852374,0.019760456837091028,0.45539413252099803,0.17431166125667122,50,20,20
34,272,0.35053376023900845,0.019760456582610563,0.45539412194225126,0.17431166123612754,50,20,20
34,273,0.3505258218846707,0.019760456579656666,0.45540210682245624,0.17431161471321424,50,20,20
34,274,0.3508242764708755,0.01976045657656877,0.45510365225430166,0.17431161469825224,50,20,20
34,275,0.3508242764708756,0.020608286139720777,0.45425582269119535,0.1743116146982064,50,20,20
34,276,0.350824276470874,0.02060828613971863,0.454255788134069,0.17431164925533665,50,20,20
34,277,0.34258616745378917,0.020608290615344284,0.46245982029967764,0.1743457216311853,50,20,20
34,278,0.3623029535768068,0.020608293115235002,0.4427432486980118,0.17434550460994447,50,20,20
34,279,0.36230310429460855,0.020608293114440256,0.44274309798845274,0.17434550460249587,50,20,20
34,280,0.36230117852824767,0.020608293321284,0.4427450245563043,0.17434550359416273,50,20,20
34,281,0.36229916184981503,0.020608293321284984,0.4427470412347352,0.1743455035941629,50,20,20
34,282,0.36229916184981503,0.020608482184689945,0.44274685237133105,0.17434550359416207,50,20,20
34,283,0.3622991640984835,0.020065404131599202,0.44328990090130493,0.17434553086860952,50,20,20
34,284,0.34280617126860535,0.020065418667968085,0.46278287999811135,0.17434553006531306,50,20,20
34,285,0.3428404756952103,0.02002917655092399,0.46278784911587306,0.1743424986379895,50,20,20
34,286,0.3431713414398705,0.020028626609431072,0.46245762448739214,0.17434240746330254,50,20,20
34,287,0.343171341438573,0.020028626609308743,0.4624542721615221,0.17434575979059236,50,20,20
34,288,0.3630661978593549,0.020028614329965323,0.442559486560466,0.17434570125021062,50,20,20
34,289,0.36306506558260515,0.020028614329965576,0.4425606188371478,0.1743457012502784,50,20,20
34,290,0.36306506561499097,0.0200287912546819,0.4425992429487144,0.174306900181609,50,20,20
34,291,0.36305063550658373,0.020028791255477248,0.442613672639371,0.17430690059856416,50,20,20
34,292,0.34466099434808095,0.02002880258204584,0.46100330152740765,0.17430690154246153,50,20,20
34,293,0.344457254264791,0.020028805100440743,0.461206354700757,0.17430758593400722,50,20,20
34,294,0.34445725426349766,0.02002880509349284,0.46113775108436383,0.17437618955864173,50,20,20
34,295,0.3277552427804112,0.02002914024613935,0.47783942690579295,0.17437619006765281,50,20,20
34,296,0.3280497900250093,0.0200302329771109,0.47754369712574674,0.17437627987212928,50,20,20
34,297,0.3281655816528961,0.020029673741056388,0.47736103711625305,0.17444370748979043,50,20,20
34,298,0.3327468028195599,0.020029495727038986,0.47278000126463837,0.17444370018875938,50,20,20
34,299,0.3386659937292245,0.020029495602198407,0.4684147538036504,0.17288975686492353,50,20,20
34,300,0.337608941113587,0.020029487797780222,0.4762419229541555,0.16611964813447447,50,20,20
34,301,0.3376201791015883,0.020029487797669273,0.4762306858320702,0.1661196472686705,50,20,20
34,302,0.3376201791015883,0.02002948779766931,0.4762307424260581,0.16611959067468252,50,20,20
34,303,0.3459485767877674,0.020028888586935172,0.46798502309670426,0.16603751152859014,50,20,20
34,304,0.3455030807235741,0.020028888582642367,0.46843051914348394,0.16603751155029645,50,20,20
34,305,0.3473972192529402,0.020032021229637386,0.46651831254285236,0.16605244697456711,50,20,20
34,306,0.3475509048556373,0.02003201890259061,0.4663646291126131,0.16605244712915573,50,20,20
34,307,0.3475333814856583,0.020032026424065638,0.4663801356004233,0.1660544564898494,50,20,20
34,308,0.3475333814856584,0.02003202642406568,0.46638019378280665,0.16605439830746593,50,20,20
34,309,0.36690625585043385,0.020030919459476566,0.44700851737714636,0.1660543073129395,50,20,20
34,310,0.3623172749961085,0.020037179666765083,0.45159121948464565,0.166054325852477,50,20,20
34,311,0.3453740151342868,0.02003719173639232,0.4685344097263243,0.16605438340299233,50,20,20
34,312,0.34537401513428834,0.020037191736392356,0.46853440736945395,0.1660543857598611,50,20,20
34,313,0.3454174133046833,0.020037191736499985,0.4684910091844632,0.16605438577434936,50,20,20
34,314,0.3287584773527252,0.020038111608099863,0.4850479844600833,0.1661554265790883,50,20,20
34,315,0.32849298332739585,0.020038111614448066,0.485310748978964,0.16615815607918918,50,20,20
34,316,0.3284929833273943,0.02003811161444803,0.48531069421560813,0.1661582108425468,50,20,20
34,317,0.3284929833273943,0.02003811161444803,0.48531399559848637,0.16615490945966854,50,20,20
34,318,0.3274588377542299,0.020001831144673785,0.4863843553793171,0.16615497572177634,50,20,20
34,319,0.3274589675560525,0.02000165719154727,0.48638441433683655,0.1661549609155608,50,20,20
34,320,0.3274672369382819,0.02000164998808881,0.4863761515863851,0.16615496148724276,50,20,20
34,321,0.33478208962112843,0.020013515350666963,0.4789916999300841,0.16621269509811915,50,20,20
34,322,0.33270512415299935,0.02001351467113063,0.4811375611090581,0.16614380006680993,50,20,20
34,323,0.312975762501609,0.020013514678916225,0.4809512347142882,0.18605948810518455,50,20,20
34,324,0.31297563265922196,0.02055654720038313,0.4804083180594611,0.18605950208093192,50,20,20
34,325,0.3136226060973316,0.020556547201663028,0.47976134463511244,0.18605950206589078,50,20,20
34,326,0.3134898820655211,0.020555251623417668,0.47989557540687516,0.18605929090418336,50,20,20
34,327,0.3115952003403353,0.027370393117324598,0.47499005212745415,0.18604435441488382,50,20,20
34,328,0.31172777443506805,0.027370403195591208,0.47485732875603787,0.1860444936133016,50,20,20
34,329,0.3117277744679769,0.027370259322864684,0.47485747259220346,0.18604449361695294,50,20,20
34,330,0.3251896653076974,0.02737025923610705,0.4613955481893262,0.18604452726686777,50,20,20
34,331,0.3251896653077048,0.027354517916686628,0.4614112895087385,0.1860445272668686,50,20,20
34,332,0.3251896653076974,0.026522237336458563,0.4622435700889281,0.18604452726691442,50,20,20
34,333,0.32518916978956514,0.026522237322323804,0.4621624991388634,0.18612609374924616,50,20,20
34,334,0.3251830746464417,0.026522237322323835,0.46216859428171536,0.18612609374951736,50,20,20
34,335,0.3248813824786134,0.026522237325411226,0.46247028643148747,0.18612609376448627,50,20,20
34,336,0.3070075249702022,0.026522237337001743,0.48034073238055164,0.18612950531224384,50,20,20
34,337,0.319273298982354,0.02652231714633051,0.4682146666104567,0.18598971726085825,50,20,20
34,338,0.32097251837188834,0.026522317150188462,0.466515446186693,0.18598971829123084,50,20,20
34,339,0.320985052960855,0.026522317150079064,0.4665029116128407,0.18598971827622626,50,20,20
34,340,0.32098505296085655,0.026522317150079106,0.46650401097811944,0.18598861891094587,50,20,20
34,341,0.3209864184711113,0.026522445839429386,0.4668576129925115,0.18563352269694797,50,20,20
34,342,0.3209695107329844,0.02652243157275004,0.46687460301648065,0.18563345467778578,50,20,20
34,343,0.31943463574296477,0.026522420246185147,0.4684094882240509,0.18563345578680024,50,20,20
34,344,0.33342786125197743,0.02652242024860597,0.45441626271223845,0.18563345578717988,50,20,20
34,345,0.3456997512370772,0.02652241633386142,0.442145404756209,0.18563242767285412,50,20,20
34,346,0.36261467027367855,0.02652241633165718,0.4252304857292726,0.18563242766539148,50,20,20
34,347,0.3624738775949161,0.02652241633037186,0.4253712761203676,0.18563242995434448,50,20,20
34,348,0.3616220768448963,0.02652242615688124,0.4262203982324309,0.18563509876579168,50,20,20
34,349,0.3646489029550131,0.026522426156859243,0.4231935721254865,0.18563509876264134,50,20,20
34,350,0.3646489007266536,0.02652242316277978,0.4211831544783501,0.18764552163221662,50,20,20
34,351,0.3646489019817634,0.026522423163302465,0.4244066542861311,0.18442202056880433,50,20,20
34,352,0.35137010050865314,0.026527888744654494,0.43765394756966136,0.1844480631770308,50,20,20
34,353,0.35137010066590724,0.02652788651105974,0.4376500075677924,0.18445200525523847,50,20,20
34,354,0.366064310414587,0.026526968699339116,0.4232066571795037,0.18420206370656791,50,20,20
34,355,0.3827589264961908,0.026526716226149376,0.40657972202172366,0.18413463525593377,50,20,20
34,356,0.3740608048245316,0.026526717192257316,0.41527792915165,0.18413454883155872,50,20,20
34,357,0.359943088962844,0.026526756172222842,0.4293956046175763,0.18413455024735184,50,20,20
34,358,0.359943088962844,0.026526756172222807,0.4293948333133482,0.18413532155157986,50,20,20
34,359,0.359943088962844,0.026526756172222842,0.4293980951701517,0.1841320596947763,50,20,20
34,360,0.3599430884223878,0.026526756172205998,0.4293980956020643,0.18413205980333486,50,20,20
34,361,0.36511257968234906,0.02652664903805364,0.4242292221011483,0.1841315491784422,50,20,20
34,362,0.3498304478662825,0.026526649043687338,0.4395113524069118,0.1841315506831111,50,20,20
34,363,0.33005599306203703,0.0265266465295685,0.45928463971371675,0.18413272069467035,50,20,20
34,364,0.3313469065784174,0.026526646529079462,0.45799372806101013,0.18413271883148533,50,20,20
34,365,0.33147553126659735,0.02652664652824911,0.45786510338112385,0.18413271882402277,50,20,20
34,366,0.33101266057724243,0.026526720868562812,0.4582895276223345,0.1841710909318545,50,20,20
34,367,0.3309994613300087,0.02652671334716129,0.4583047437630979,0.1841690815597267,50,20,20
34,368,0.33099946133000707,0.026526713347161328,0.4583047437053944,0.18416908161743148,50,20,20
34,369,0.34580953938951564,0.02652671341118669,0.4434980771295654,0.1841656700697268,50,20,20
34,370,0.36232595236263926,0.026526692478884523,0.42698167679605814,0.18416567836241357,50,20,20
34,371,0.3598890233706446,0.026530022990463708,0.42945364914177675,0.1841273044971102,50,20,20
34,372,0.3598890233706446,0.02737785602677968,0.4286058161055075,0.18412730449706355,50,20,20
34,373,0.3655396338223419,0.027377855902972356,0.42295523942787566,0.18412727084680622,50,20,20
34,374,0.3655396361015053,0.027377858963416282,0.4249184440159047,0.1821640609191696,50,20,20
34,375,0.3655396361015053,0.027377858963416248,0.424915199856989,0.18216730507808523,50,20,20
34,376,0.35748136337200553,0.027377849233075017,0.4329761514913656,0.18216463590354906,50,20,20
34,377,0.35746386926604456,0.027377844143557605,0.4329936511125462,0.18216463547784678,50,20,20
34,378,0.3562572938013834,0.027378412234324814,0.4341996118271194,0.1821646821371677,50,20,20
34,379,0.35625729409483514,0.027378412628440166,0.43436453419608084,0.18199975908063876,50,20,20
34,380,0.3562573082072244,0.027378412633242113,0.4198261606053953,0.19653811855413225,50,20,20
34,381,0.35625831538249586,0.027378412640807107,0.4198251554070985,0.196538116569592,50,20,20
34,382,0.3562583153824958,0.027378606186673156,0.41982496186123186,0.19653811656959286,50,20,20
34,383,0.3369074010793314,0.02737861859841185,0.43917266121164006,0.19654131911061123,50,20,20
34,384,0.33643985804333004,0.027378618674390193,0.4396389605715501,0.19654256271072498,50,20,20
34,385,0.3364095062692028,0.027378618718027957,0.43966930043963387,0.196542574573131,50,20,20
34,386,0.3504749290396853,0.027378327174593434,0.42564342812504435,0.19650331566067222,50,20,20
34,387,0.3504073712205165,0.027378329835662466,0.4257109826377935,0.1965033163060228,50,20,20
34,388,0.35040848491648274,0.027384436324749385,0.42570376264060583,0.19650331611815713,50,20,20
34,389,0.3504086015616631,0.027384444424546777,0.4257486320461578,0.19645832196762708,50,20,20
34,390,0.35040860156166304,0.027384444424544633,0.42574791651265514,0.196459037501132,50,20,20
34,391,0.3312874306076868,0.02738444450630467,0.4448666384898267,0.19646148639617714,50,20,20
34,392,0.3307471830645705,0.02738388147504113,0.44540620510129514,0.19646273035908846,50,20,20
34,393,0.33394048780454794,0.027394626553643595,0.4421809158868706,0.19648396975493435,50,20,20
34,394,0.33393878765829327,0.027394626553658052,0.4421826038992183,0.1964839818888269,50,20,20
34,395,0.3339388044532533,0.02685224510151602,0.44272498159328927,0.19648396885193806,50,20,20
34,396,0.3338667821680491,0.026852245004282547,0.4427970044064379,0.19648396842122748,50,20,20
34,397,0.35210470073082256,0.026852245000436866,0.42455908687819294,0.19648396739054497,50,20,20
34,398,0.35172797611522066,0.026852245000546556,0.42493581149368176,0.19648396739054885,50,20,20
34,399,0.3519292121052597,0.026852242436724506,0.42473457828197375,0.19648396717603991,50,20,20
34,400,0.3519292121052585,0.026852242443631016,0.4249216131165655,0.19629693233454304,50,20,20
34,401,0.35002359411253126,0.026852373370506704,0.4268270999869258,0.19629693253003502,50,20,20
34,402,0.3448622796876467,0.026852373356236418,0.4319884173020798,0.19629692965403678,50,20,20
34,403,0.3448622796876463,0.026852373349329835,0.4318013671796496,0.196483979783374,50,20,20
34,404,0.3386337634848679,0.02684690777641331,0.4380613904072336,0.19645793833148292,50,20,20
34,405,0.33863376348486796,0.02684690777641331,0.4380621442882681,0.19645718445044824,50,20,20
34,406,0.3404299039485306,0.02684677953259218,0.4362654278227668,0.196457888696109,50,20,20
34,407,0.3528481832494076,0.026834457676064565,0.42391720468266575,0.19640015439186084,50,20,20
34,408,0.35580411273957935,0.026834455447414543,0.42096128786981574,0.19640014394318975,50,20,20
34,409,0.36026836666168743,0.02682819528527927,0.4165033124377532,0.19640012561527986,50,20,20
34,410,0.3632691452284643,0.02682819521044435,0.4135025337299138,0.19640012583117708,50,20,20
34,411,0.363886954287428,0.026828195207040877,0.4128860128930221,0.19639883761250743,50,20,20
34,412,0.36479997167038375,0.026828195327818417,0.4119729636696444,0.19639886933215134,50,20,20
34,413,0.3647988948371735,0.026828195327832156,0.4119740405028424,0.19639886933215017,50,20,20
34,414,0.3652671050609378,0.026828195331130913,0.4115058302739501,0.19639886933397965,50,20,20
34,415,0.38438642808362017,0.02682819525003064,0.3923865290084242,0.19639884765792284,50,20,20
34,416,0.3843868990612473,0.026828196164435006,0.392386002308155,0.1963989024661608,50,20,20
34,417,0.38438689906124685,0.026828196164432824,0.392383707453913,0.19640119732040542,50,20,20
34,418,0.40412901958196173,0.026828184966676244,0.37264464113681006,0.1963981543145503,50,20,20
34,419,0.39055093741937263,0.026828184971666086,0.38622272325944346,0.1963981543495143,50,20,20
34,420,0.409680761539887,0.026828187492437393,0.36709532155883173,0.1963957294088424,50,20,20
34,421,0.40977825554695907,0.026827572963384574,0.3669984977135099,0.19639567377614497,50,20,20
34,422,0.4265769264324315,0.026816827630194693,0.350235753609067,0.19637049232830509,50,20,20
34,423,0.4265105150019889,0.0268168277197212,0.35030216473563064,0.19637049254265768,50,20,20
34,424,0.4260186895204383,0.02681682771569043,0.3507939913562007,0.196370491407669,50,20,20
34,425,0.42601868951084965,0.026813425077490693,0.35079739400552706,0.1963704914061321,50,20,20
34,426,0.43739641977331006,0.026813430975352433,0.3394196095382283,0.19637053971310917,50,20,20
34,427,0.4394362117418197,0.02681343093522002,0.33737982850947396,0.19637052881348707,50,20,20
34,428,0.43943621174224035,0.026201604684320062,0.3379916547599532,0.19637052881348707,50,20,20
34,429,0.419835724155893,0.02620161915225248,0.35759206122627224,0.19637059546558383,50,20,20
34,430,0.4198357238624411,0.026201618758137125,0.357427124677115,0.19653553270230809,50,20,20
34,431,0.4198357238624425,0.02620161875824214,0.3605519210401191,0.19341073633919742,50,20,20
34,432,0.4192878796026832,0.026203525039586433,0.3610978575703491,0.1934107377873824,50,20,20
34,433,0.4192878796026832,0.026203525039586437,0.3610978363187576,0.1934107590389739,50,20,20
34,434,0.4192870347116557,0.026197808751905742,0.3611043646615802,0.19341079187485902,50,20,20
34,435,0.4192469194859006,0.026197808756553056,0.3611444796672466,0.19341079209030013,50,20,20
34,436,0.4163932255362006,0.02619780878739397,0.3639981632921378,0.1934108023842682,50,20,20
34,437,0.4163932255362006,0.026197808787394042,0.36399814695067645,0.19341081872572935,50,20,20
34,438,0.41818587775192045,0.026197416339451923,0.3622059199994127,0.19341078590921534,50,20,20
34,439,0.4268477036393898,0.02619740548352708,0.35354411136128516,0.19341077951579877,50,20,20
34,440,0.40685624056335074,0.026197405491043085,0.3735355743875127,0.19341077955809066,50,20,20
34,441,0.4068552147206132,0.026197405483478042,0.3735301602260158,0.19341721956988991,50,20,20
34,442,0.4070806906656953,0.026197405606604187,0.3733065385502561,0.19341536517744146,50,20,20
34,443,0.40682520747633255,0.026197405952444304,0.37356197359833215,0.19341541297288814,50,20,20
34,444,0.4039518191462034,0.02619863271738073,0.376434030923174,0.1934155172132395,50,20,20
34,445,0.4091203939865074,0.026198632553011247,0.3712654654623726,0.19341550799810656,50,20,20
34,446,0.42708509954800883,0.02619863255293855,0.3533007599203667,0.19341550797868542,50,20,20
34,447,0.4266875603285311,0.026198848489671113,0.35369757870166757,0.19341601248012963,50,20,20
34,448,0.4266875603285311,0.026198848489671075,0.3536975780053483,0.19341601317644883,50,20,20
34,449,0.4074214494662385,0.02619887513769568,0.3729635340750593,0.19341614132100468,50,20,20
34,450,0.40700630611986766,0.02619887513785281,0.373378677420513,0.1934161413217649,50,20,20
34,451,0.40700630611986766,0.026198875137852806,0.3733786581344304,0.1934161606078476,50,20,20
34,452,0.4075617783868909,0.026198649033928816,0.3728239649181746,0.19341560766100444,50,20,20
34,453,0.42750515301819036,0.02619738108620045,0.3528819642589716,0.19341550163663776,50,20,20
34,454,0.4275057642368075,0.026197381086186477,0.3528813649613779,0.1934154897156281,50,20,20
34,455,0.42901183076105637,0.02619738097652172,0.35137530859951843,0.19341547966290373,50,20,20
34,456,0.4290752587422034,0.026197380974918062,0.35131188083605136,0.19341547944682774,50,20,20
34,457,0.4258706586913638,0.026197503866198794,0.3545163483134066,0.1934154891290309,50,20,20
34,458,0.4261184955937303,0.026197501263558222,0.35426853798273655,0.19341546515997482,50,20,20
34,459,0.40830306084749196,0.02619752652646625,0.37207725702989597,0.1934221555961441,50,20,20
34,460,0.40830306084749196,0.026197526526466182,0.3720761184329819,0.19342329419305807,50,20,20
34,461,0.4044119659340102,0.026197632978035613,0.3759670982898368,0.19342330279811595,50,20,20
34,462,0.40439773759115416,0.026197633317792266,0.3759812777926237,0.19342335129842814,50,20,20
34,463,0.40439773759115416,0.026197633317794334,0.3759812964361005,0.19342333265494918,50,20,20
34,464,0.40439772221131043,0.026197633312581608,0.37052394969677743,0.19888069477932852,50,20,20
34,465,0.4028875584193448,0.02621480848455437,0.3720138036588092,0.19888382943728866,50,20,20
34,466,0.4023815293651037,0.026214808484554354,0.37251983496706276,0.19888382718327846,50,20,20
34,467,0.4023831047514746,0.02621480848455385,0.37251825979357556,0.1988838269703955,50,20,20
34,468,0.4023831047514746,0.026214808484555995,0.37252144775409674,0.1988806390098724,50,20,20
34,469,0.40057845596726765,0.026214810742365854,0.3743261063639679,0.19888062692639857,50,20,20
34,470,0.3960966434375704,0.02621481004889944,0.37877833615166473,0.19891021036186543,50,20,20
34,471,0.3960963907891293,0.026214810041334476,0.37877858884323695,0.1989102103263,50,20,20
34,472,0.396068691873944,0.02621478386963629,0.3788027854675933,0.19891373878882665,50,20,20
34,473,0.39606866446043526,0.03939623520002356,0.3656213616056884,0.19891373873385265,50,20,20
34,474,0.39606866446045785,0.03939623520014719,0.3657544807961128,0.1987806195432821,50,20,20
34,475,0.38139926975660754,0.03939638231012793,0.3804237035907346,0.19878064434253026,50,20,20
34,476,0.38132467719660385,0.03939638231012866,0.38049829615073427,0.1987806443425337,50,20,20
34,477,0.38132467719660385,0.039396382310128666,0.3804975261080542,0.19878141438521374,50,20,20
34,478,0.3859324277319074,0.03939637716207828,0.37589103775646476,0.19878015734954996,50,20,20
34,479,0.38616765346519444,0.03939637716207929,0.3756558120226529,0.19878015735007387,50,20,20
34,480,0.38567118596510325,0.039396377338853386,0.37615227851785965,0.19878015817818478,50,20,20
34,481,0.38567118596510325,0.03939637733885124,0.3761490157969326,0.198783420899114,50,20,20
34,482,0.3852643322247485,0.03939636494220553,0.37655908447495373,0.19878021835809126,50,20,20
34,483,0.38526433222474715,0.03939636494210266,0.3734375897067485,0.20190171312640076,50,20,20
34,484,0.38526307430476797,0.03939638255242468,0.3754316951307248,0.19990884801208178,50,20,20
34,485,0.38526307430476997,0.038760977426851466,0.3760671002562961,0.19990884801208175,50,20,20
34,486,0.38342788117714,0.03876107268102389,0.3779088885598337,0.19990215758199895,50,20,20
34,487,0.38342777358611513,0.03876092638860119,0.37790898029195247,0.19990231973332773,50,20,20
34,488,0.3836422708897389,0.03876091192514799,0.3776945629169244,0.19990225426818464,50,20,20
34,489,0.3842915659323109,0.038760930767820695,0.37704012998386305,0.19990737331600247,50,20,20
34,490,0.38472800059235995,0.03876094341705287,0.3766036826745711,0.1999073733160137,50,20,20
34,491,0.3847280005919393,0.03937249668741833,0.37599212940462806,0.19990737331601374,50,20,20
34,492,0.38472800059193923,0.03938367997951039,0.375980946112536,0.19990737331601374,50,20,20
34,493,0.38479921032804343,0.03938367998036206,0.37590973636418695,0.1999073733274069,50,20,20
34,494,0.3684742576478893,0.03938367813516528,0.392227736523734,0.19991432769320697,50,20,20
34,495,0.36847425764903496,0.039383678141317685,0.3945689833930026,0.1975730808166401,50,20,20
34,496,0.3663634096954164,0.03938367823662143,0.3966798653193039,0.19757304674865392,50,20,20
34,497,0.3663634096954164,0.03938367823662143,0.39667988435580176,0.19757302771215585,50,20,20
34,498,0.3663634096954164,0.03938367823662143,0.396679844834198,0.19757306723375956,50,20,20
34,499,0.3544305067955786,0.03938390900312641,0.4086124973331198,0.1975730868681709,50,20,20
34,500,0.3605138819019068,0.03938367823872974,0.402529372594718,0.1975730672646414,50,20,20
34,501,0.36007743832261363,0.039383665583382584,0.4029658276123562,0.19757306848164335,50,20,20
34,502,0.3600783196148828,0.03938487329195946,0.40297017521208467,0.1975666318810691,50,20,20
34,503,0.35959887191648604,0.03938487363765411,0.40344957749466187,0.1975666769511945,50,20,20
34,504,0.3595989763224142,0.03938368998444815,0.4034506602247031,0.1975666734684311,50,20,20
34,505,0.3589496820579889,0.03938367158080638,0.4041050898852352,0.19756155647596657,50,20,20
34,506,0.3589496820568432,0.039383671574651835,0.40176168049844835,0.19990496587005357,50,20,20
34,507,0.35866316126809117,0.039383551312888704,0.40204832153376513,0.19990496588525195,50,20,20
34,508,0.3586631612680927,0.03938355131288866,0.40204836165053953,0.1999049257684761,50,20,20
34,509,0.35586332923318714,0.03938355059643067,0.40484829426172725,0.19990482590865055,50,20,20
34,510,0.3558633292331891,0.03907851895860723,0.4051533258995486,0.19990482590865052,50,20,20
34,511,0.35562123727936557,0.0390785253555975,0.40529777190511745,0.20000246545991487,50,20,20
34,512,0.35562123727936557,0.0390785253555975,0.4052977156742001,0.20000252169083232,50,20,20
34,513,0.3738566797811025,0.039078524898550834,0.38706922819119627,0.19999556712914593,50,20,20
34,514,0.3738651766472912,0.039078524894028945,0.3870607313505116,0.19999556710816382,50,20,20
34,515,0.3626642035023122,0.03907853866865771,0.39825785468563324,0.1999994031433924,50,20,20
34,516,0.36266420350231227,0.03907853866865771,0.39825789593660815,0.1999993618924175,50,20,20
34,517,0.36265523753867435,0.03907853850339751,0.3982669062758825,0.19999931768204177,50,20,20
34,518,0.37966612890991114,0.039078538290589326,0.3812560151146435,0.19999931768485227,50,20,20
34,519,0.3796661289099127,0.03907853829058936,0.38125603709471384,0.1999992957047803,50,20,20
34,520,0.3796661289100038,0.039078538290711694,0.38125938862726494,0.19999594417201588,50,20,20
34,521,0.3796661289100038,0.039078538290711694,0.3812582488562648,0.19999708394301602,50,20,20
34,522,0.37922828559575295,0.039078538170008115,0.38169612402114195,0.1999970522130939,50,20,20
34,523,0.37875731443966987,0.0390785381699352,0.38216709517729797,0.19999705221309388,50,20,20
34,524,0.38431067044330935,0.03907844127988119,0.37661379832564235,0.19999708995116328,50,20,20
34,525,0.37971675825808765,0.03907830852161018,0.3812040970657993,0.20000083615449837,50,20,20
34,526,0.3797167582580881,0.03907830852161018,0.3812031622932103,0.2000017709270868,50,20,20
34,527,0.385805696404868,0.03907830851950425,0.3751142224779626,0.20000177259766094,50,20,20
34,528,0.3891008097651056,0.039078185583251074,0.3718192421626951,0.20000176248894366,50,20,20
34,529,0.3890365074054092,0.0390781881195211,0.3718835415618332,0.2000017629132319,50,20,20
34,530,0.3890365074054092,0.0390781881195211,0.371883501314723,0.20000180316034202,50,20,20
34,531,0.3860341090377845,0.039078188119507126,0.3748858996824282,0.20000180316027552,50,20,20
34,532,0.38580106054241575,0.039078174245358435,0.3751227974803767,0.1999979677318448,50,20,20
34,533,0.38580106054241575,0.03907817424535847,0.37512283800343715,0.19999792720878404,50,20,20
34,534,0.3662160588849289,0.039283652019504275,0.39448517467891536,0.20001511441664718,50,20,20
34,535,0.36698888025595144,0.03928365210046254,0.3937123532135137,0.20001511443006806,50,20,20
34,536,0.36698888025595144,0.03928365210046254,0.393715655715705,0.20001181192787673,50,20,20
34,537,0.3669888810279253,0.03928702163709016,0.39371313318407763,0.20001096415090314,50,20,20
34,538,0.36698862465773535,0.03928702119818505,0.3937133920490264,0.20001096209504948,50,20,20
34,539,0.36698862465773696,0.03928702119818505,0.39371248768529404,0.20001186645878025,50,20,20
34,540,0.3669886246576459,0.03928702119806272,0.39370913549940134,0.20001521864488633,50,20,20
34,541,0.35617192758711497,0.0392872826068708,0.4045256449279323,0.20001514487808034,50,20,20
34,542,0.3561805768468107,0.039287283117325426,0.4045169951780869,0.20001514485777566,50,20,20
34,543,0.36688856162165534,0.03928735133945814,0.39379065897037224,0.20003342806851154,50,20,20
34,544,0.36688856162165373,0.039287351339458106,0.39379063670426584,0.20003345033461964,50,20,20
34,545,0.36632383486060105,0.03928735134255653,0.39435536343347183,0.2000334503633683,50,20,20
34,546,0.3667968023314412,0.0392873508320227,0.39388239649453516,0.2000334503419985,50,20,20
34,547,0.3663151749189957,0.039287350832180226,0.3943600693884951,0.20003740486032665,50,20,20
34,548,0.3661920098050741,0.039287350832208745,0.3944832340792588,0.2000374052834558,50,20,20
34,549,0.35938209931693316,0.03928735078656232,0.4012931446941639,0.20003740520233756,50,20,20
34,550,0.3593821004035558,0.03928412347701686,0.40129637079504527,0.20003740532437908,50,20,20
34,551,0.33987286339734574,0.03928412639158643,0.42075767745783005,0.20008533275323476,50,20,20
34,552,0.34012685142137344,0.03928433415890147,0.4205034815097157,0.20008533291000588,50,20,20
34,553,0.3398754647400199,0.0392843343350624,0.4207548688759597,0.20008533204895546,50,20,20
34,554,0.3398753662590404,0.039284331241238146,0.42074213916958486,0.2000981633301341,50,20,20
34,555,0.3398753662590178,0.039284331241114516,0.420609019966856,0.20023128253300904,50,20,20
34,556,0.3398753662590178,0.039284331241114516,0.4206090768459877,0.2002312256538773,50,20,20
34,557,0.33768997355575125,0.0392844383614261,0.4227652426046802,0.20026034547813978,50,20,20
34,558,0.3376899735557496,0.03928443836142611,0.4227651616996166,0.20026042638320507,50,20,20
34,559,0.3374944209854058,0.039284230076048955,0.42296092257027956,0.20026042636826286,50,20,20
34,560,0.33570385677046416,0.03928423007138538,0.42475146504187805,0.20026044811626992,50,20,20
34,561,0.31636952863099277,0.03928424399003162,0.44408582461499435,0.20026040276398063,50,20,20
34,562,0.316369647523129,0.03928424418263019,0.44408570556636273,0.200260402727877,50,20,20
34,563,0.3033793642442374,0.03928556470130058,0.4570620825436933,0.2002729885107661,50,20,20
34,564,0.30337936424553497,0.03928556470142291,0.4570654162200849,0.20026965483295467,50,20,20
34,565,0.3224256543410569,0.03928556422509754,0.4380227832077068,0.20026599822613683,50,20,20
34,566,0.32242565434105536,0.039285564225097575,0.4380204050501033,0.20026837638374181,50,20,20
34,567,0.32513994772227944,0.039285523716636225,0.43530615229464514,0.20026837626643781,50,20,20
34,568,0.3253977542115938,0.039285523539658404,0.4350483459713283,0.20026837627741895,50,20,20
34,569,0.3254020057384849,0.03928552100496392,0.435044097187572,0.20026837606897874,50,20,20
34,570,0.32540200619332343,0.03928538183113819,0.43504423611526977,0.20026837586026836,50,20,20
34,571,0.31967474260959716,0.039285381827987326,0.4407715005431465,0.20026837501926897,50,20,20
34,572,0.30715689338666446,0.03928540050827655,0.45331952038336143,0.2002381857216955,50,20,20
34,573,0.3063726653594874,0.03926631921390473,0.4541259658110605,0.20023504961554495,50,20,20
34,574,0.2937891603268536,0.03926631921308666,0.46670947084344516,0.20023504961661223,50,20,20
34,575,0.2937891603268536,0.03926631921308666,0.46670950780236586,0.20023501265769156,50,20,20
34,576,0.2809441521375823,0.03926667631505005,0.4795056641645552,0.20028350738280892,50,20,20
34,577,0.28094104612801973,0.039266676663260364,0.47950328053336255,0.20028899667535288,50,20,20
34,578,0.2809413429723998,0.039266676654303646,0.4795029181684427,0.20028906220484913,50,20,20
34,579,0.2808911859856877,0.03926741680438281,0.4795488592150112,0.20029253799491356,50,20,20
34,580,0.2808911862170064,0.03954871956820496,0.47926754897784124,0.20029254523694295,50,20,20
34,581,0.2966099536106119,0.03954872170029253,0.46354822789466527,0.20029309679442664,50,20,20
34,582,0.29654935620588846,0.03954872169871699,0.46360882551681165,0.20029309657857933,50,20,20
34,583,0.296174018894336,0.03947890488285785,0.4640711668537302,0.2002759093690724,50,20,20
34,584,0.296174019760673,0.03239293621445056,0.4711571291101629,0.2002759149147094,50,20,20
34,585,0.2962025821753874,0.032392936021842796,0.4711285668526281,0.20027591495013708,50,20,20
34,586,0.31331597290203395,0.03239293601615099,0.4540151761331908,0.2002759149486203,50,20,20
34,587,0.33244264861429396,0.03239349451965687,0.4349855806507007,0.2001782762153442,50,20,20
34,588,0.3341878793565506,0.032393494749526325,0.43304426917089645,0.20037435672302245,50,20,20
34,589,0.3371666987876491,0.03239349471152561,0.4300654497809764,0.2003743567198451,50,20,20
34,590,0.337167496073129,0.032394701233942065,0.4300633448176161,0.2003744578753093,50,20,20
34,591,0.3354306280164352,0.032394701003997,0.4319963603584425,0.20017831062112162,50,20,20
34,592,0.33547714957146013,0.03239349040739705,0.43164182581889277,0.2004875342022464,50,20,20
34,593,0.3485474878272255,0.0323934904376239,0.4185714795968218,0.20048754213832512,50,20,20
34,594,0.35031055857225146,0.0323934931006747,0.4168084275105777,0.20048752081649254,50,20,20
34,595,0.35031055857225146,0.0323934931006747,0.41680841109995515,0.20048753722711518,50,20,20
34,596,0.35031055857225146,0.0323934931006747,0.4168107204834729,0.2004852278435974,50,20,20
34,597,0.3572314875170546,0.03239349307044786,0.409889799504976,0.20048521990751828,50,20,20
34,598,0.35683437566032905,0.03239347654059574,0.4101774112271033,0.20059473657196894,50,20,20
34,599,0.3569528629938364,0.03239347654059575,0.4100589238898632,0.20059473657570162,50,20,20
34,600,0.3569493085794827,0.03239347660298671,0.4100624782224455,0.20059473659508162,50,20,20
34,601,0.35694145955149453,0.03240179167315369,0.4100620119856417,0.20059473678970668,50,20,20
34,602,0.3540913594437206,0.03240191327599915,0.41291207716932804,0.20059465011094862,50,20,20
34,603,0.3362723224529453,0.03240192610672804,0.4307277324195159,0.2005980190208072,50,20,20
34,604,0.33624390188800796,0.032401927378054855,0.43075603455123734,0.20059813618269637,50,20,20
34,605,0.3362434590244455,0.03227347771734914,0.430884916674675,0.20059814658352657,50,20,20
34,606,0.3488778002537252,0.03227347771518844,0.41825057546332495,0.20059814656775835,50,20,20
34,607,0.3483887532522155,0.03227349095109759,0.4187396103967847,0.20059814539989954,50,20,20
34,608,0.3429184471034538,0.03227349261289782,0.424186611658373,0.20062144862527273,50,20,20
34,609,0.3493992461874633,0.032273671422953516,0.41770957358418626,0.20061750880539436,50,20,20
34,610,0.36103551116630134,0.032273736745175204,0.40616408026095124,0.20052667182756964,50,20,20
34,611,0.36103550880017954,0.0445433681793793,0.3938944514068482,0.20052667161359078,50,20,20
34,612,0.360968607277791,0.044542097744500325,0.39321275146553736,0.20127654351216928,50,20,20
34,613,0.36201341405045034,0.044542097663608976,0.3921679447871974,0.20127654349874205,50,20,20
34,614,0.3676842110434096,0.04454209802141463,0.3864971474071933,0.2012765435279811,50,20,20
34,615,0.3676358888755501,0.04454207804775742,0.3868548102612096,0.2009672228154809,50,20,20
34,616,0.3676358888755501,0.04454207804775742,0.38704132099263416,0.20078071208405643,50,20,20
34,617,0.3676358888742541,0.04454207804763513,0.3871711414088499,0.2006508916692587,50,20,20
34,618,0.3676327563075648,0.04454215639292314,0.38793665345318856,0.19988843384632163,50,20,20
34,619,0.3676327671412553,0.04454540170103402,0.38793339730988835,0.19988843384782048,50,20,20
34,620,0.37989147366102766,0.044545401721847434,0.37567426350292715,0.19988886111419682,50,20,20
34,621,0.3685002221477214,0.04454540136404152,0.38706551504380843,0.19988886144442677,50,20,20
34,622,0.36606475583657333,0.04454540317669078,0.38950098104349556,0.19988885994323918,50,20,20
34,623,0.3660646277542379,0.04454540189793689,0.38950122760158,0.19988874274624416,50,20,20
34,624,0.36605646191620933,0.044544660099616246,0.38943139070206295,0.199967487282111,50,20,20
34,625,0.3774627791095583,0.04454439815962557,0.378025357343756,0.19996746538706017,50,20,20
34,626,0.36915458713307653,0.044544398161498105,0.3863335209588891,0.19996749374653466,50,20,20
34,627,0.3686069349549559,0.04454439683759318,0.38688454333736894,0.1999641248700808,50,20,20
34,628,0.379768338678361,0.044544396840965776,0.3757231391124701,0.19996412536820274,50,20,20
34,629,0.3797683386631614,0.05225523806451756,0.3680122979041475,0.1999641253681731,50,20,20
34,630,0.3797683377968224,0.059976585788873306,0.3602909565917203,0.19996411982258408,50,20,20
34,631,0.3802983470688329,0.059976585788966225,0.3597609472957326,0.19996411984646728,50,20,20
34,632,0.38029833623106546,0.05997321255092164,0.35976433135211827,0.1999641198658936,50,20,20
34,633,0.3857665550295365,0.05997321088912139,0.3543194174408206,0.19994081664052044,50,20,20
34,634,0.38576655248477165,0.05969190501741775,0.3369302984680612,0.2176112440297478,50,20,20
34,635,0.3811192615367578,0.05969190501801744,0.33986653682397766,0.2193222966212459,50,20,20
34,636,0.38112854659785195,0.05969189177774603,0.3398572650218739,0.21932229660252683,50,20,20
34,637,0.3755867467460247,0.059691899011181986,0.3453990576299123,0.21932229661288016,50,20,20
34,638,0.37626775662819534,0.059691899369462585,0.3447073233599091,0.21933302064243215,50,20,20
34,639,0.37445960631112696,0.05969189674672783,0.34651546579671705,0.2193330311454271,50,20,20
34,640,0.37445960631112696,0.059691896746725676,0.34651540527134517,0.21933309167080123,50,20,20
34,641,0.37445957396505475,0.05969189674673967,0.3465154376173345,0.2193330916708702,50,20,20
34,642,0.387256773682377,0.059691718120864004,0.3337183836280599,0.21933312456869827,50,20,20
34,643,0.38382017281150504,0.059691719230121086,0.3371549781914709,0.2193331297669021,50,20,20
34,644,0.38382017281150504,0.05969171923012105,0.33706819397260385,0.21941991398576924,50,20,20
34,645,0.383820060175524,0.05969171918272947,0.3371496789412028,0.21933854170054334,50,20,20
34,646,0.38382009299065123,0.05969171918272975,0.3371505080329991,0.2193376797936202,50,20,20
34,647,0.38382009299065123,0.05969171918272976,0.3369639973014859,0.2195241905251334,50,20,20
34,648,0.3838200894990555,0.05969171918287529,0.33696399961962115,0.2195241916984477,50,20,20
34,649,0.38355901551525906,0.05969172433628458,0.3372243737774569,0.21952488637099887,50,20,20
34,650,0.3887126421913123,0.05969172509232081,0.3320707194316113,0.21952491328475415,50,20,20
34,651,0.3892832665123345,0.059691724907964296,0.33150014286193846,0.2195248657177612,50,20,20
34,652,0.3892831605710832,0.05969158263524488,0.33149955510323276,0.2195257016904377,50,20,20
34,653,0.38928316057108275,0.05969158263512257,0.33149713764771754,0.21952811914607595,50,20,20
34,654,0.38971534036697797,0.05969158160307656,0.3310649432902023,0.2195281347397423,50,20,20
34,655,0.39743979570219456,0.059691581756443186,0.3233409190473962,0.21952770349396544,50,20,20
34,656,0.38937740876348664,0.059691581760061535,0.3314033059737103,0.21952770350273915,50,20,20
34,657,0.3893770663563373,0.05969158201044448,0.33140364808895806,0.21952770354425766,50,20,20
34,658,0.38937706635633773,0.05969158201044663,0.3314069668174621,0.21952438481575065,50,20,20
34,659,0.38953776648495314,0.059684370750671255,0.33125346615343687,0.21952439661093512,50,20,20
34,660,0.38953776648504357,0.059684370750673385,0.33138664005093027,0.21939122271334963,50,20,20
34,661,0.38993191822167367,0.05968437040472355,0.3309925364412141,0.2193911749323842,50,20,20
34,662,0.389923160445298,0.059685070347687795,0.33090627955431023,0.21948548965269946,50,20,20
34,663,0.38994850787860114,0.05968507053820502,0.3307183673041533,0.21964805427903522,50,20,20
34,664,0.38994850787860114,0.05968507053820499,0.3307160176670058,0.21965040391618257,50,20,20
34,665,0.3899485078837916,0.05968507053832733,0.33071513387742585,0.21965128770044973,50,20,20
34,666,0.3959097062289289,0.05968524351456262,0.3247129755036128,0.2196920747528907,50,20,20
34,667,0.3959097062289289,0.059685243514562586,0.3247129349806409,0.21969211527586271,50,20,20
34,668,0.3965302161641118,0.05968467848666425,0.3240929909020007,0.21969211444721817,50,20,20
34,669,0.3964278549740281,0.059684678487498595,0.3241953518757201,0.21969211466274846,50,20,20
34,670,0.3848140650204501,0.059691640065293615,0.3358016078309052,0.21969268708334522,50,20,20
34,671,0.3888493557582,0.05969163792658111,0.3317668713964607,0.2196921349187522,50,20,20
34,672,0.38894838177472413,0.05969163829205356,0.3313516493456287,0.22000833058758776,50,20,20
34,673,0.4053256023117372,0.05969163796464299,0.3152914724962945,0.21969128722732154,50,20,20
34,674,0.4053256023117376,0.05969163796464303,0.315291530442237,0.2196912292813786,50,20,20
34,675,0.39698356696167053,0.05969163778667164,0.32363356600627563,0.21969122924537718,50,20,20
34,676,0.3777142542655807,0.05969163779112687,0.342902877488592,0.21969123045469513,50,20,20
34,677,0.3776499233625667,0.059691637791154994,0.3429672083841318,0.21969123046214126,50,20,20
34,678,0.38888009014486385,0.0596917218669773,0.33173694955981153,0.21969123842834226,50,20,20
34,679,0.3960898591647178,0.059691626283523355,0.32452728412308496,0.21969123042866992,50,20,20
34,680,0.3960898591647178,0.059691626283523355,0.324527268144405,0.21969124640734994,50,20,20
34,681,0.3960898591647178,0.05969164333030434,0.32452725109767194,0.219691246407302,50,20,20
34,682,0.39609048723465906,0.05969164333030412,0.32452662302779567,0.21969124640723767,50,20,20
34,683,0.3960904872346586,0.05969164333030412,0.32452660654695964,0.21969126288807422,50,20,20
34,684,0.3995772507987938,0.059691643293048234,0.32103984319788487,0.2196912627102699,50,20,20
34,685,0.3995772507987958,0.059680438184718784,0.3210510483061645,0.2196912627103178,50,20,20
34,686,0.39941656413775545,0.059680438364898905,0.3212078163157737,0.21969518118156856,50,20,20
34,687,0.39941656413775545,0.05967590828604462,0.32121234639462803,0.21969518118156853,50,20,20
34,688,0.3994165641377551,0.05967590828604458,0.32121228744987,0.219695240126327,50,20,20
34,689,0.39941656413775506,0.05967590828604462,0.32121554858108864,0.2196919789951084,50,20,20
34,690,0.39416190430626613,0.059675913867802965,0.3264691833131332,0.21969299851279447,50,20,20
34,691,0.3860215353278437,0.05967591946323167,0.334609520238165,0.21969302497075535,50,20,20
34,692,0.3853407765137814,0.05967594319162701,0.33530097935410674,0.21968230094047944,50,20,20
34,693,0.3887337580301882,0.05967587477836549,0.33192622245003095,0.2196641447414117,50,20,20
34,694,0.3887337580301882,0.059675874778365445,0.33192297829119366,0.21966738890024892,50,20,20
34,695,0.36951684231513504,0.059675875550912146,0.3511398903848182,0.21966739174913102,50,20,20
34,696,0.370268874866695,0.05967714056270588,0.35039053348917465,0.21966345108142107,50,20,20
34,697,0.3633022358029768,0.05967713709095656,0.35733270661805305,0.21968792048800923,50,20,20
34,698,0.3633026370394355,0.06142796055188701,0.3555789119314401,0.21969049047723332,50,20,20
34,699,0.3633358435749016,0.061427260362708305,0.3556407191728581,0.21959617688952754,50,20,20
34,700,0.34461947836105866,0.06142726088945696,0.36778910598816816,0.2261641547613111,50,20,20
34,701,0.34461947865617115,0.061427260889457026,0.3678419047245184,0.22611135572984828,50,20,20
34,702,0.3446192230326509,0.05967716834722998,0.36959133784473885,0.22611227077537502,50,20,20
34,703,0.3499399635075661,0.05967716276544326,0.36427162247674433,0.22611125125024156,50,20,20
34,704,0.3499399635075661,0.059677162765441126,0.3642683195808719,0.22611455414611611,50,20,20
34,705,0.3499399635075669,0.059677162765441126,0.3643477756518546,0.2260350980751327,50,20,20
34,706,0.34994001324465557,0.059677162765441105,0.364347725914767,0.22603509807513147,50,20,20
34,707,0.3306500950450678,0.059679010234922,0.3836357912524436,0.22603510346756184,50,20,20
34,708,0.3306500954085611,0.05967901023372565,0.381941513309445,0.227729381048264,50,20,20
34,709,0.3306500954085611,0.0596790102337278,0.3819423237643624,0.22772857059334461,50,20,20
34,710,0.33065009540855944,0.0596790102337278,0.3818959921273864,0.22777490223032223,50,20,20
34,711,0.3389626794591162,0.059679010231800216,0.37358343645316866,0.2277748738559102,50,20,20
34,712,0.33959429392466406,0.05967901495378576,0.3729517963010965,0.22777489482044896,50,20,20
34,713,0.33056181135064605,0.05967902032405305,0.3818998903489467,0.22785927797635053,50,20,20
34,714,0.3302982010979035,0.0596790203425817,0.38216350055272097,0.22785927800679004,50,20,20
34,715,0.3386458307415534,0.059679020338893274,0.37381587092179075,0.2278592779977593,50,20,20
34,716,0.33864583074155374,0.059679020338897555,0.37386202183720313,0.22781312708234222,50,20,20
34,717,0.35091476873212,0.05967866356201098,0.3616418492150422,0.2277647184908251,50,20,20
34,718,0.35091476873211824,0.05967866356202331,0.35931563712218306,0.23009093058367405,50,20,20
34,719,0.3661095305578895,0.05967866356190284,0.34412028677945705,0.23009151910074974,50,20,20
34,720,0.3858731153213552,0.05967866341788055,0.3245192670826353,0.22992895417812842,50,20,20
34,721,0.3858731153264555,0.05967866341800076,0.3243877355765114,0.23006048567903178,50,20,20
34,722,0.38587311532645535,0.05967866341787847,0.3243843830555654,0.23006383820010012,50,20,20
34,723,0.385873115327669,0.05967866341789498,0.3243835688907348,0.23006465236370158,50,20,20
34,724,0.3860921459226383,0.05967681753157073,0.32415412928063864,0.23007690726515295,50,20,20
34,725,0.3995852068614844,0.05967664422219261,0.31070751555091847,0.230030633365406,50,20,20
34,726,0.3991120612744061,0.05967664421773742,0.311180662351769,0.23003063215608818,50,20,20
34,727,0.40195705987201724,0.05967664421850569,0.3083362520553421,0.23003004385413578,50,20,20
34,728,0.40185822052651266,0.059676644218519856,0.3084350914008313,0.230030043854137,50,20,20
34,729,0.40122600117341567,0.05967664652653879,0.3090673306051183,0.23003002169492806,50,20,20
34,730,0.39679958871602444,0.05967664661665608,0.31346397006041493,0.23005979460690512,50,20,20
34,731,0.396799588716026,0.059676646616658224,0.31346619166208073,0.23005757300523563,50,20,20
34,732,0.396799588716026,0.05967664661665826,0.3134694940639852,0.23005427060333108,50,20,20
34,733,0.396799588716026,0.05967664661665828,0.3136552343816236,0.22986853028569282,50,20,20
34,734,0.39681348873667965,0.05967662294072912,0.3136413561133168,0.2298685322092746,50,20,20
34,735,0.3777663913434545,0.05967662970029636,0.33268664123255454,0.22987033772369428,50,20,20
34,736,0.3905944402679767,0.059676085185048314,0.3198626214639978,0.2298668530829782,50,20,20
34,737,0.39059444030720836,0.0596760851850321,0.3198160994905366,0.2299133750172237,50,20,20
34,738,0.3905944403072099,0.05967608518503217,0.3198160999246326,0.2299133745831261,50,20,20
34,739,0.39056106522234535,0.05967608518086237,0.31984947618816284,0.22991337340862977,50,20,20
34,740,0.3898092836185776,0.05967484482888148,0.32060249810841235,0.22991337344412813,50,20,20
34,741,0.3750775249640143,0.059674759299490815,0.3353575964033106,0.22989011933318163,50,20,20
34,742,0.37500052171645043,0.05967476645313121,0.3354345924659916,0.22989011936442405,50,20,20
34,743,0.39045513549490346,0.059684959689164895,0.3199450635111343,0.22991484130479645,50,20,20
34,744,0.3904551354897128,0.059684959689042555,0.31994344005532466,0.22991646476591884,50,20,20
34,745,0.3904552528931666,0.059684960523376906,0.31993691297132726,0.22992287361212785,50,20,20
34,746,0.39045525289316596,0.05968496052337694,0.3198597499052275,0.23000003667822821,50,20,20
34,747,0.3891774207276969,0.05968495999887129,0.32770556045629057,0.22343205881714057,50,20,20
34,748,0.38917742072769534,0.05968495999887129,0.327708804196192,0.22342881507724077,50,20,20
34,749,0.38917742072769534,0.05968495999887125,0.32770555974750015,0.22343205952593273,50,20,20
34,750,0.38917742072769534,0.05968495999887125,0.3277032669922235,0.22343435228120934,50,20,20
34,751,0.3840772783811523,0.05968495999887832,0.3328034087087152,0.22343435291125324,50,20,20
34,752,0.38407727838115385,0.0596849599989995,0.33298666754337347,0.22325109407647203,50,20,20
34,753,0.3840772783811523,0.05968495999887832,0.33280014783373607,0.22343761378623217,50,20,20
34,754,0.3840744501702095,0.05968496000122852,0.3328029760385261,0.2234376137900346,50,20,20
34,755,0.3840745668523679,0.05968496000122852,0.33280285935636805,0.2234376137900346,50,20,20
34,756,0.3840979913097852,0.06689609039982876,0.32556811873839564,0.2234377995519899,50,20,20
34,757,0.3840979913097927,0.06628772014059528,0.3261764889975751,0.22343779955203633,50,20,20
34,758,0.3840979913097909,0.0657338146414456,0.32673039449406693,0.2234377995546963,50,20,20
34,759,0.3848585381751264,0.06573379305065663,0.3259757329589988,0.2234319358152174,50,20,20
34,760,0.38949315757017383,0.06573379291405756,0.32137088683419973,0.22340216268156798,50,20,20
34,761,0.38949315757017394,0.06573379291405752,0.3213716403272211,0.22340140918854662,50,20,20
34,762,0.38949315727508416,0.06573379291405745,0.3213983558852251,0.22337469392563247,50,20,20
34,763,0.3894338500393804,0.06573379291404373,0.32145766312100915,0.2233746939255658,50,20,20
34,764,0.3894338497812007,0.0657337930341865,0.3231066108864724,0.22172574629813863,50,20,20
34,765,0.38943384978120227,0.0657337930341865,0.3229224109178257,0.22190994626678365,50,20,20
34,766,0.39124832924338526,0.06573379299384587,0.32110794242914664,0.22190993533362058,50,20,20
34,767,0.3912483292394844,0.06573379299372567,0.3212318175772297,0.22178606018955854,50,20,20
34,768,0.3912483292394844,0.06573379299372563,0.3212318003376731,0.2217860774291151,50,20,20
34,769,0.37149557560250235,0.06573381164330154,0.32452822968537637,0.23824238306881804,50,20,20
34,770,0.37149517960747735,0.06573379299372775,0.3209873028078906,0.24178372459090283,50,20,20
34,771,0.37149517960747735,0.06573379299372988,0.32098735990336325,0.24178366749542815,50,20,20
34,772,0.35583746394779814,0.0666299759019045,0.3357489130311893,0.24178364711910486,50,20,20
34,773,0.3756844657749254,0.06662997506743623,0.31590832088454274,0.2417772382730939,50,20,20
34,774,0.3887739025664596,0.06662997794762954,0.3028179255642695,0.24177819392163907,50,20,20
34,775,0.3874452014487121,0.06618028095416752,0.3045956687005223,0.2417788488965959,50,20,20
34,776,0.3874216224301427,0.07895340701762554,0.2918463074176013,0.2417786631346283,50,20,20
34,777,0.3874216224301427,0.07895340701762554,0.2918463212909927,0.2417786492612368,50,20,20
34,778,0.38754506001959477,0.07895340701762504,0.2917228839168438,0.24177864904593402,50,20,20
34,779,0.390205954097768,0.07894321378302346,0.289096905010202,0.24175392710900465,50,20,20
34,780,0.39901398637049096,0.07894313125225741,0.28031100947043963,0.24173187290681003,50,20,20
34,781,0.39901398637049096,0.07894313125225745,0.28031254895076285,0.24173033342648675,50,20,20
34,782,0.39822639239824653,0.0789431312767784,0.28110014316750037,0.2417303331574725,50,20,20
34,783,0.3936436345323524,0.07894313326528135,0.2856828895614518,0.24173034264091212,50,20,20
34,784,0.3936436345323476,0.06665087253294164,0.29797515023767873,0.24173034269703034,50,20,20
34,785,0.3954524282123637,0.06665087253392063,0.29616634425658256,0.24173035499713155,50,20,20
34,786,0.378598309006764,0.06665102516151539,0.3129997525459876,0.2417509132857328,50,20,20
34,787,0.378598309006764,0.06665102516151752,0.31300083509279264,0.24174983073892586,50,20,20
34,788,0.3771742781069538,0.0666510246429084,0.31440289794916526,0.24177179930097242,50,20,20
34,789,0.37717866704144554,0.06665102464081746,0.3143985066330612,0.24177180168467516,50,20,20
34,790,0.3764336763100708,0.0666515754604136,0.3151429465467276,0.24177180168278625,50,20,20
34,791,0.3766321465306507,0.0666515728157611,0.31494451488530656,0.24177176576827947,50,20,20
34,792,0.3585573101682712,0.06665157281897086,0.33301935144053146,0.241771765572224,50,20,20
34,793,0.3585573101682695,0.06665157281896872,0.33315029642657207,0.24164082058618702,50,20,20
34,794,0.3585573101682695,0.06665157281896872,0.3331502774333325,0.24164083957942672,50,20,20
34,795,0.3585573101682712,0.06665157281896661,0.3331491794415373,0.24164193757122235,50,20,20
34,796,0.36566607566856135,0.06665138596140112,0.3260406012098532,0.24164193716018173,50,20,20
34,797,0.363874946620986,0.06665138595747791,0.32783172906264385,0.2416419383588898,50,20,20
34,798,0.3650065740724581,0.06665138581387078,0.32670018788678595,0.24164185222688325,50,20,20
34,799,0.3650065740724581,0.06665138581387078,0.32670017395066553,0.24164186616300382,50,20,20
34,800,0.36500657407245624,0.06666684820489589,0.3266847115596901,0.2416418661629559,50,20,20
34,801,0.36500657415186666,0.06666684808474221,0.32679080112361014,0.2415357766397792,50,20,20
34,802,0.3708531890350397,0.06666683370107973,0.32094419979683714,0.2415357774670414,50,20,20
34,803,0.3708531890350397,0.0666668337010797,0.3209418901082371,0.24153808715564157,50,20,20
34,804,0.39072829972708206,0.06666683374537823,0.30106678037803075,0.24153808614950745,50,20,20
34,805,0.3907282997270825,0.06666683374550052,0.30106796057125407,0.24153690595616145,50,20,20
34,806,0.3907280444377774,0.06666680882276912,0.3010682408204829,0.24153690591896967,50,20,20
34,807,0.3906688742202371,0.06666681131298645,0.3011274083469806,0.24153690611979453,50,20,20
34,808,0.39066887422023755,0.0666668113129886,0.3011306868407282,0.24153362762604444,50,20,20
34,809,0.39066503523256446,0.06666681131300234,0.30113452582838635,0.24153362762604563,50,20,20
34,810,0.39066753397147197,0.06666681128835414,0.30113202878287115,0.24153362595730177,50,20,20
34,811,0.3916581685755746,0.06666626045345582,0.30014194417659285,0.2415336267943756,50,20,20
34,812,0.3916581685755746,0.06666626045345371,0.30014186588506864,0.24153370508590188,50,20,20
34,813,0.3916581685755746,0.06666626045345371,0.30014182563821856,0.24153374533275193,50,20,20
34,814,0.3850510100267354,0.06666626731733423,0.3007383737042476,0.24754434895168156,50,20,20
34,815,0.37676068394183276,0.06666626742215795,0.3090287005495524,0.2475443480864557,50,20,20
34,816,0.3767606839418323,0.06666626742203569,0.3090283311446601,0.24754471749147064,50,20,20
34,817,0.3767606839418323,0.06666626742203358,0.3090260370069655,0.24754701162916745,50,20,20
34,818,0.3767606839405427,0.06666626742203144,0.3088997837821284,0.24767326485529628,50,20,20
34,819,0.3767606839405427,0.06666626742215294,0.30903291951526274,0.24754012912204043,50,20,20
34,820,0.3767613021557037,0.06666626742215297,0.30903230005996374,0.24754013036217837,50,20,20
34,821,0.37676130215570297,0.07020032614773367,0.30549823659292197,0.24754013510364004,50,20,20
34,822,0.366621955324986,0.07020057573648,0.3156366609024609,0.24754080803607256,50,20,20
34,823,0.366621955285496,0.07020057573658964,0.2980145468574093,0.2651629221205046,50,20,20
34,824,0.36662195665393893,0.06959999201100252,0.29861512906074666,0.2651629222743121,50,20,20
34,825,0.36662195665523656,0.06959999201088532,0.29848315801872016,0.2652948933151581,50,20,20
34,826,0.36662195665523656,0.06959999201088528,0.2984846978483573,0.265293353485521,50,20,20
34,827,0.3733905309316944,0.06959973856655507,0.2917175744180405,0.26529215608370954,50,20,20
34,828,0.37339053093039665,0.06959973856655079,0.29171641008434124,0.26529332041871084,50,20,20
34,829,0.3536544111813808,0.06959991316416982,0.31145234150490714,0.26529333414954254,50,20,20
34,830,0.3536544111813808,0.07045370584063586,0.31059854883110094,0.26529333414688255,50,20,20
34,831,0.3536544111813882,0.06984998901719938,0.31120226550096225,0.2652933343004503,50,20,20
34,832,0.35365441118138774,0.06984998901719514,0.311157254163338,0.26533834563807907,50,20,20
34,833,0.3535817670558008,0.0698436997174321,0.3110540606918753,0.2655204725348904,50,20,20
34,834,0.3535817670558008,0.0698436997174321,0.31105414229579487,0.26552039093097063,50,20,20
34,835,0.3535759090539979,0.06939721373105477,0.2955956978561638,0.28143117935878104,50,20,20
34,836,0.3535759090539979,0.06939721373105477,0.2955956162522442,0.2814312609627007,50,20,20
34,837,0.35358118674138256,0.06939720683968126,0.2883887843668639,0.2886328220520693,50,20,20
34,838,0.35358118674138256,0.0693972068396834,0.28838888270139035,0.28863272371754056,50,20,20
34,839,0.353580568430602,0.06939720683968405,0.2883895022521337,0.28863272247757693,50,20,20
34,840,0.3535805684310358,0.06939109998891908,0.2883956091024648,0.28863272247757693,50,20,20
34,841,0.35371193325797834,0.06939110017684538,0.28826424235714937,0.28863272420802405,50,20,20
34,842,0.3596932216471842,0.06939109659404824,0.28228391657994373,0.28863176517882083,50,20,20
34,843,0.3677542315296441,0.0693910966624326,0.27422290662955917,0.2886317651783623,50,20,20
34,844,0.37436534945101785,0.06939108961420556,0.27362239855509257,0.2826211623796824,50,20,20
34,845,0.37436534945094535,0.06939108960865897,0.269533883680393,0.2867096772600012,50,20,20
34,846,0.36610396506734844,0.069391763445732,0.27779456750185233,0.2867097039850645,50,20,20
34,847,0.36610396506734644,0.07875361029374801,0.2684327254486884,0.2867096991902154,50,20,20
34,848,0.36610396506732384,0.07875361029374806,0.2683565138893339,0.2867859107495923,50,20,20
34,849,0.36617085044663156,0.07875361029133691,0.268289640815982,0.28678589844604785,50,20,20
34,850,0.3661708504461977,0.07875952711806698,0.26828372398963785,0.28678589844609575,50,20,20
34,851,0.36623306457064714,0.07875952711804031,0.2682215098688742,0.2867858984424368,50,20,20
34,852,0.36623306457073823,0.0787595271180425,0.26822158195610285,0.2867858263551149,50,20,20
34,853,0.3662330645707327,0.07851953313677165,0.2684615759392808,0.28678582635321326,50,20,20
34,854,0.36623306457073285,0.07851953313677379,0.26864482515239,0.2866025771401019,50,20,20
34,855,0.3662330645707327,0.07851953313677379,0.2686437432127719,0.28660365907971996,50,20,20
34,856,0.3662330645707327,0.07851953313677382,0.268641450232974,0.2866059520595179,50,20,20
34,857,0.36623306456958615,0.07851953313666389,0.26649830113850775,0.2887491011552407,50,20,20
34,858,0.36623306456949506,0.07851953313666386,0.2664982596175016,0.28874914267633794,50,20,20
34,859,0.36623306456949506,0.07851953313666382,0.26649829753107906,0.28874910476276056,50,20,20
34,860,0.3662219216984612,0.07851953313666579,0.26650944040210234,0.28874910476276977,50,20,20
34,861,0.3793806308031796,0.07854130584455155,0.2533271398128265,0.2887509235394414,50,20,20
34,862,0.37938065717049485,0.07854063381356455,0.25351041665314716,0.2885682923627925,50,20,20
34,863,0.37938065717049485,0.07854063381356244,0.25351362041302006,0.2885650886029218,50,20,20
34,864,0.3793806571704964,0.07854063381368444,0.2535597108126778,0.28851899820314036,50,20,20
34,865,0.3793806571704947,0.07878071510983671,0.25331962966814686,0.2885189980515207,50,20,20
34,866,0.36460853391643183,0.0787807153228774,0.2680917533216994,0.28851899743898984,50,20,20
34,867,0.38053730522358636,0.07878070867728872,0.2521315886720551,0.28855039742706806,50,20,20
34,868,0.38053730522358636,0.07878070867728867,0.2521283435246437,0.2885536425744794,50,20,20
34,869,0.3721404547751824,0.07878079534574084,0.26052469445791204,0.2885540554211629,50,20,20
34,870,0.37213863241454176,0.07934153236643951,0.2599657943978037,0.2885540408212127,50,20,20
34,871,0.3918309747105508,0.07934153236648897,0.24027345213730406,0.28855404078565466,50,20,20
34,872,0.3946426389191693,0.07934153430395961,0.23743276159585974,0.28858306518101,50,20,20
34,873,0.3946426389191693,0.07934153430395958,0.23743270435854932,0.2885831224183204,50,20,20
34,874,0.4018714994911681,0.07934153262225802,0.23022900955865463,0.288557958327918,50,20,20
34,875,0.40187431299970183,0.07934153261990783,0.23022619605627206,0.28855795832411657,50,20,20
34,876,0.3934592151147352,0.0793415325757604,0.2386412934906957,0.28855795881880664,50,20,20
34,877,0.39370591304293656,0.0793415323993128,0.23839459573868896,0.2885579588190596,50,20,20
34,878,0.3741214282995844,0.07934220368818508,0.25797840815744705,0.2885579598547808,50,20,20
34,879,0.3741214282995844,0.07934220368818508,0.2579784258379812,0.2885579421742467,50,20,20
34,880,0.3786449971577047,0.07934220368913865,0.25516590977679593,0.2868468893763582,50,20,20
34,881,0.37806691737536163,0.07934221342125902,0.2557439789849725,0.2868468902184044,50,20,20
34,882,0.3783134135215658,0.07934221342051644,0.2554974826306329,0.2868468904272824,50,20,20
34,883,0.3790470234946154,0.0793422037350608,0.2547638707224348,0.2868469020478867,50,20,20
34,884,0.37911124319075645,0.07934220119861853,0.25469965377495773,0.28684690183566486,50,20,20
34,885,0.37911124182258016,0.07222443232160282,0.26181742417225146,0.2868469016835637,50,20,20
34,886,0.3791112418225817,0.07222443232172403,0.262003927185458,0.28666039867023435,50,20,20
34,887,0.38753205295014986,0.0722243455845801,0.2535836035661955,0.28665999789907237,50,20,20
34,888,0.38676160055652753,0.07222434400508897,0.25436631685196803,0.28664773858641324,50,20,20
34,889,0.3867616005563118,0.059943982957406966,0.266646677901573,0.28664773858470594,50,20,20
34,890,0.3867616005563118,0.05994398295740482,0.2666466206824854,0.28664779580379574,50,20,20
34,891,0.38414945484190516,0.059950810610505535,0.26927248927237835,0.28662724527520866,50,20,20
34,892,0.38414945484190677,0.059950810610505535,0.2691393775034319,0.28676035704415326,50,20,20
34,893,0.36420778180558777,0.0599508106327484,0.2890810445776155,0.28676036298404567,50,20,20
34,894,0.36420778180558605,0.0599508106326264,0.28903493777378125,0.2868064697880035,50,20,20
34,895,0.3642077818055862,0.0599508106326264,0.2890372307737884,0.28680417678799647,50,20,20
34,896,0.36457531258103054,0.059951306463868974,0.28866915332072124,0.2868042276343768,50,20,20
34,897,0.3645753125862047,0.05995130646399093,0.2887342338691899,0.2867391470806119,50,20,20
34,898,0.3645753125862031,0.0599513064639909,0.28873929265850345,0.2867340882912997,50,20,20
34,899,0.3645753125862031,0.05995130646398874,0.28855278125321626,0.2869205996965889,50,20,20
34,900,0.36457530356379925,0.059951327064942175,0.2885527696741386,0.2869205996971164,50,20,20
34,901,0.36447890498376234,0.05995132706495537,0.28864916825422554,0.2869205996970532,50,20,20
34,902,0.36447890498376234,0.05995132706495534,0.288649183962171,0.2869205839891078,50,20,20
34,903,0.3644176747084969,0.05995132706653136,0.28871041423194177,0.2869205839930264,50,20,20
34,904,0.36445700084944954,0.05995132699075027,0.2887037097146271,0.28688796244516906,50,20,20
34,905,0.36445951940227567,0.05995132698991105,0.28870119158825713,0.2868879620195524,50,20,20
34,906,0.36445951940229837,0.05995132699003522,0.28874751558910894,0.28684163801855384,50,20,20
34,907,0.34634650527913247,0.05995132699260726,0.3068605297136085,0.2868416380146474,50,20,20
34,908,0.3464133240430927,0.05995132703317243,0.3067937233343594,0.2868416255893713,50,20,20
34,909,0.3464133240430926,0.05995595865308813,0.30678909171444313,0.28684162558937204,50,20,20
34,910,0.3464133240152068,0.05995235707207149,0.306792703479545,0.2868416154331726,50,20,20
34,911,0.34625003042589036,0.059951692546744546,0.3069566303932285,0.2868416466341317,50,20,20
34,912,0.3462500304258919,0.05995169254674666,0.3071408314652958,0.2866574455620606,50,20,20
34,913,0.3458688547847239,0.05995169254997869,0.3075220062539332,0.2866574464113594,50,20,20
34,914,0.3359675494285799,0.05995169256206088,0.31741116513202716,0.28666959287732807,50,20,20
34,915,0.335689653238178,0.05995169256818369,0.3176890604628111,0.2866695937308242,50,20,20
34,916,0.3356981298217236,0.05995169232626002,0.31768065225008046,0.28666952560193326,50,20,20
34,917,0.3356981298165494,0.059951692326138104,0.31761555498399724,0.28673462287331264,50,20,20
34,918,0.3356982948367003,0.059951692317295364,0.31761531945909977,0.286734693386902,50,20,20
34,919,0.3356982948367003,0.05995169231729751,0.3176614524094698,0.28668856043652974,50,20,20
34,920,0.33370638801449426,0.059951692318745205,0.3196533373829969,0.2866885822837615,50,20,20
34,921,0.33370775677609776,0.05995169231502599,0.3196519696356046,0.28668858127326924,50,20,20
34,922,0.3337076814889793,0.059951692315026,0.31965204492272203,0.2866885812732704,50,20,20
34,923,0.33370635150042155,0.05995206412870379,0.32685453254858177,0.2794870518222909,50,20,20
34,924,0.336479182150456,0.059952072189505934,0.3241642127999158,0.2794045328601202,50,20,20
34,925,0.3364791821504577,0.06054447305472639,0.32357181177647754,0.27940453301833634,50,20,20
34,926,0.33633979638951395,0.06054447305456026,0.323711150214444,0.27940458034148025,50,20,20
34,927,0.33633979701063915,0.05998374227216698,0.3242718803711395,0.27940458034605287,50,20,20
34,928,0.33633979701063915,0.05998374227216698,0.3242742302953945,0.27940223042179785,50,20,20
34,929,0.3363999525715661,0.05998374222769524,0.3242140747752699,0.27940223042546736,50,20,20
34,930,0.3220844640544536,0.059983898480731934,0.33615141131049453,0.2817802261543181,50,20,20
34,931,0.3226594910941397,0.059983884873429434,0.33557631884917144,0.28178030518325764,50,20,20
34,932,0.32859819856853273,0.05998388349424378,0.3296595663705355,0.2817583515666872,50,20,20
34,933,0.32859819856853273,0.059983883494241635,0.32961342019393997,0.281804497743285,50,20,20
34,934,0.32859819856853273,0.059983883494241635,0.3296134200426542,0.2818044978945709,50,20,20
34,935,0.32859819856853106,0.05998388349424167,0.32961342577842634,0.2818044921588003,50,20,20
34,936,0.32680750036570055,0.059983883499092325,0.3314041227642982,0.2818044933709078,50,20,20
34,937,0.32643998044338296,0.05998265743100491,0.33177291960107047,0.2818044425245406,50,20,20
34,938,0.3264399804433834,0.05998265743100495,0.3317729213160956,0.2818044408095151,50,20,20
34,939,0.33411912437372576,0.05998265184083367,0.3240938088215357,0.2818044149639038,50,20,20
34,940,0.34094438691796297,0.05996087913279582,0.3172921401564086,0.2818025937928325,50,20,20
34,941,0.34094438691797047,0.059971643948199746,0.31728137534372725,0.28180259379010253,50,20,20
34,942,0.34108897261930643,0.0599716439482532,0.3171368369506098,0.2818025464818307,50,20,20
34,943,0.34102451498451186,0.059971643949017946,0.317201282285324,0.2818025587811464,50,20,20
34,944,0.34102451498451464,0.04011346936900408,0.3370594568653641,0.28180255878111665,50,20,20
34,945,0.34102451498451464,0.04011346936900405,0.3370593970167055,0.2818026186297752,50,20,20
34,946,0.3410245168568107,0.040118261174321955,0.33705460342600874,0.28180261854285854,50,20,20
34,947,0.3332525780747424,0.04011826116829598,0.34482654302455507,0.2818026177324051,50,20,20
34,948,0.3332525775029638,0.04011825510730826,0.34482654940550006,0.28180261798422657,50,20,20
34,949,0.33871002869368133,0.04011825330041462,0.33939812378964296,0.28177359421626064,50,20,20
34,950,0.338688621139542,0.04011825330047147,0.3394195313426788,0.28177359421730735,50,20,20
34,951,0.3386749795651015,0.04011825330128725,0.3394331608648508,0.28177360626876025,50,20,20
34,952,0.33705444574452664,0.04011825332523704,0.3409988276433854,0.2818284732868501,50,20,20
34,953,0.3370545397602263,0.03998219123445243,0.34113479571523747,0.28182847329008287,50,20,20
34,954,0.3370545397602247,0.039982191234450265,0.3409483589977297,0.2820149100075944,50,20,20
34,955,0.3370545397602243,0.03998219123445023,0.34094831933400516,0.28201494967131935,50,20,20
34,956,0.33705453976022587,0.039982191234450265,0.34094837697311675,0.2820148920322062,50,20,20
34,957,0.3371160300861459,0.039982171540890704,0.34009920072561334,0.2828025976473483,50,20,20
34,958,0.3371160300861458,0.039982171540890704,0.34009410015881236,0.2828076982141492,50,20,20
34,959,0.330408511945077,0.039982269166539894,0.3467758882274187,0.2828333306609633,50,20,20
34,960,0.33040851194507537,0.03998226916641869,0.3465893272836987,0.2830198916048059,50,20,20
34,961,0.3303054067852251,0.039982269213195684,0.3466924201155046,0.28301990388607323,50,20,20
34,962,0.33030540678522546,0.03998226921319786,0.34669473166170645,0.28301759233986873,50,20,20
34,963,0.3305140936327705,0.03998226924193571,0.34648604480258194,0.2830175923227094,50,20,20
34,964,0.3305140936327705,0.039982269241935674,0.3462994940217296,0.2832041431035616,50,20,20
34,965,0.33065158806313955,0.03998226919521675,0.3461620121012509,0.2832041306403901,50,20,20
34,966,0.350385517378778,0.03998226243485656,0.32642812178238323,0.28320409840398064,50,20,20
34,967,0.34439148794839675,0.03998256303348821,0.3324223609043493,0.28320358811376395,50,20,20
34,968,0.32615366551000635,0.03998329008331339,0.3506593347039695,0.28320370970270853,50,20,20
34,969,0.32615366551000635,0.03998329008331338,0.35065931829992825,0.2832037261067498,50,20,20
34,970,0.3262211324495565,0.03998328994906432,0.35059185213096805,0.2832037254704091,50,20,20
34,971,0.31873988092571776,0.03998329635367528,0.3580727402327913,0.28320408248781354,50,20,20
34,972,0.31873974161172897,0.039983296353751,0.35807288194308484,0.28320408009143294,50,20,20
34,973,0.31873974161172897,0.039983296353751,0.3580705303386055,0.2832064316959121,50,20,20
34,974,0.29888699879353353,0.039983296308559464,0.37792328546508563,0.2832064194328175,50,20,20
34,975,0.2988869893205478,0.03998329631069052,0.3779232949257866,0.28320641944297137,50,20,20
34,976,0.29888814867176877,0.03998330856505144,0.3779187427505807,0.28320980001259555,50,20,20
34,977,0.2988881486717672,0.039983308565051404,0.3779187418458526,0.28320980091732517,50,20,20
34,978,0.29888420971680685,0.039982936608266094,0.3779230843959816,0.28320976927894226,50,20,20
34,979,0.2989070605309124,0.039982949805845394,0.3779002874375286,0.28320970222571024,50,20,20
34,980,0.29839493759641306,0.03998295015569786,0.3784124099781861,0.28320970226970016,50,20,20
34,981,0.2953709218002396,0.03998295027003409,0.38143642565351776,0.2832097022762065,50,20,20
34,982,0.29531267079265644,0.03998295024779355,0.38149468255229485,0.2832096964072526,50,20,20
34,983,0.29531267079265644,0.03998295024779355,0.38149473977692366,0.2832096391826234,50,20,20
34,984,0.2954002772217033,0.03997477977284293,0.3814153038154351,0.2832096391900162,50,20,20
34,985,0.2954002772217046,0.03997477977872079,0.38454495800208327,0.2800799849974887,50,20,20
34,986,0.2955917266626042,0.040236238775613574,0.3840920430850317,0.28007999147674867,50,20,20
34,987,0.29730908871754336,0.040236381913476435,0.38237455952204696,0.2800799698469311,50,20,20
34,988,0.29962335912842575,0.04024259038261561,0.3800796860273383,0.2800543644616179,50,20,20
34,989,0.2995357531005677,0.04024276745586097,0.380167100429814,0.28005437901375513,50,20,20
34,990,0.311342447835679,0.04024276900321477,0.36703986307683406,0.2813749200842711,50,20,20
34,991,0.3113428190876417,0.040242769128171714,0.36703949110434053,0.2813749206798434,50,20,20
34,992,0.3113428190876417,0.040242769128171714,0.36703949135388325,0.28137492043030077,50,20,20
34,993,0.31134281908769584,0.030865538478967437,0.37641672200160536,0.28137492043172857,50,20,20
34,994,0.32363866041772027,0.030864811433610653,0.3641216951946031,0.281374832954063,50,20,20
34,995,0.32374114777849333,0.030864811386833658,0.3640192201618742,0.2813748206727957,50,20,20
34,996,0.3435702937421783,0.030864798189187234,0.3441894017784088,0.2813755062902241,50,20,20
34,997,0.33000827295280805,0.030864798189146548,0.35775336663115653,0.28137356222688653,50,20,20
34,998,0.3380942577504043,0.030864796684869158,0.3509879242030413,0.28005302136168286,50,20,20
34,999,0.34106585845948945,0.030864496535459193,0.3480166625501292,0.28005298245492183,50,20,20
34,1000,0.32721883331803747,0.030864520123061692,0.36186369883069297,0.28005294772820544,50,20,20
34,1001,0.327240805905749,0.03086647138372738,0.3618298594101216,0.280062863300399,50,20,20
34,1002,0.3272408059057506,0.030866471383849646,0.361831771732008,0.2800609509783887,50,20,20
34,1003,0.32724080363197944,0.030876420165111464,0.3618218397840338,0.28006093641887203,50,20,20
34,1004,0.3271779721690959,0.03087642016513984,0.36188467123944096,0.2800609364263201,50,20,20
34,1005,0.32713940417562754,0.030876420210489055,0.36192323918376595,0.2800609364301143,50,20,20
34,1006,0.32713991725846886,0.030876420210554378,0.3619227251251237,0.2800609374058508,50,20,20
34,1007,0.3271471432904734,0.030876420326839838,0.3619136976559585,0.28006273872672555,50,20,20
34,1008,0.32739793616468804,0.030876420342292474,0.36166290474585067,0.2800627387471655,50,20,20
34,1009,0.3274009665259045,0.03087642038836569,0.3616598864219447,0.2800627266637813,50,20,20
34,1010,0.32739377388106455,0.030877963643566767,0.3616616280459635,0.28006663442940105,50,20,20
34,1011,0.3189695718316471,0.030878315705581437,0.3700854485693847,0.28006666389338225,50,20,20
34,1012,0.3243571169453967,0.03087833565033471,0.36469791428693976,0.2800666331173252,50,20,20
34,1013,0.33256710356034114,0.030877983588263214,0.35648830919909047,0.280066603652302,50,20,20
34,1014,0.32599150724014214,0.030880320937670517,0.36304040151476413,0.28008777030741994,50,20,20
34,1015,0.31806924057412816,0.030880327426677318,0.37077348969341706,0.28027694230577443,50,20,20
34,1016,0.31806924057406666,0.040252465388861874,0.3614013517327219,0.2802769423043465,50,20,20
34,1017,0.31357596124297016,0.040252309132642584,0.3682727835103059,0.27789894611407956,50,20,20
34,1018,0.3136109199964775,0.04025313690059851,0.36823305042282134,0.27790289268010043,50,20,20
34,1019,0.3136067080649051,0.04025314732634997,0.36823725050724576,0.27790289410149716,50,20,20
34,1020,0.30543143541729767,0.04025315910402607,0.37641251134232306,0.277902894136351,50,20,20
34,1021,0.29163620029999326,0.040247482260053404,0.3902133985854398,0.27790291885451124,50,20,20
34,1022,0.2916141562928037,0.04025244312876347,0.3902403971181069,0.2778930034603238,50,20,20
34,1023,0.2917094236036966,0.04025244312879104,0.3901451298033864,0.27789300346412416,50,20,20
34,1024,0.2917094238995522,0.04025244312891549,0.39014759541136335,0.277890537560167,50,20,20
34,1025,0.29168246773060136,0.04025161536521527,0.39017932533168115,0.27788659157250034,50,20,20
34,1026,0.29168246773060136,0.04025161536521527,0.3901793267190519,0.27788659018512957,50,20,20
34,1027,0.29168246773060014,0.04025161536521527,0.3901770732756866,0.2778888436284961,50,20,20
34,1028,0.28722276885368186,0.040251725196945205,0.3946075103322107,0.2779179956171604,50,20,20
34,1029,0.28722276885378367,0.03941359899343849,0.39544563669383265,0.2779179954589437,50,20,20
34,1030,0.2872592022573087,0.03941359894809002,0.3954092033393185,0.2779179954552816,50,20,20
34,1031,0.2872592022573087,0.03941359894809002,0.3954092036271228,0.2779179951674775,50,20,20
34,1032,0.28729415134563047,0.03941359882768785,0.39537425521228653,0.277917994614394,50,20,20
34,1033,0.2872852308686839,0.03941359887623004,0.39538315117196704,0.2779180190831181,50,20,20
34,1034,0.279617001866035,0.03941357903580245,0.40305137478329484,0.27791804431486433,50,20,20
34,1035,0.279617001866035,0.03941357903580248,0.40305137101808713,0.2779180480800722,50,20,20
34,1036,0.2795559531180447,0.03941357903581619,0.4031124197660614,0.2779180480800745,50,20,20
34,1037,0.27955595311814835,0.03854382199032709,0.40398217680883675,0.2779180480826844,50,20,20
34,1038,0.27955593051499233,0.038543821952377134,0.4022642727548594,0.27963597477776786,50,20,20
34,1039,0.29927297817973214,0.03854382183923833,0.3825490264946601,0.2796341734863666,50,20,20
34,1040,0.2992676207111305,0.03854382441980688,0.38255438074618986,0.27963417412286995,50,20,20
34,1041,0.2992062072856914,0.03854382442058629,0.38261579417098107,0.2796341741227386,50,20,20
34,1042,0.29921465139042647,0.03854382432987817,0.3826073745858685,0.2796341496938253,50,20,20
34,1043,0.29923709730633213,0.0385438268693091,0.38258492592171256,0.2796341499026444,50,20,20
34,1044,0.29875797643064406,0.0385438268625066,0.383063978804967,0.279634217901881,50,20,20
34,1045,0.29857004417181476,0.03882065629010671,0.38297508812648173,0.27963421141159567,50,20,20
34,1046,0.3183033032018247,0.03881910284190422,0.3632124249526755,0.2796651690035972,50,20,20
34,1047,0.317018044012424,0.0388184800180997,0.3644983289465272,0.2796651470229494,50,20,20
34,1048,0.30847084340145814,0.03881847976521397,0.3730455289310445,0.279665147902283,50,20,20
34,1049,0.30798079921961885,0.038818479979204616,0.37353231625091093,0.2796684045502652,50,20,20
34,1050,0.31547584405515244,0.03881847357144878,0.3660376348410022,0.27966804753239566,50,20,20
34,1051,0.304201595868075,0.03881848722433535,0.3773118312400786,0.2796680856675093,50,20,20
34,1052,0.30420159586807655,0.03881848722433538,0.3773118743766562,0.2796680425309301,50,20,20
34,1053,0.3041843118271469,0.038818487180697525,0.3773291586691498,0.27966804232300374,50,20,20
34,1054,0.3050736824018513,0.03881837945065299,0.37646861310248797,0.2796393250450055,50,20,20
34,1055,0.3050736824018498,0.03881837945053069,0.37646671748964244,0.2796412206579748,50,20,20
34,1056,0.3050736824018498,0.03881837945053069,0.3764690583957332,0.27963887975188406,50,20,20
34,1057,0.30515243967804295,0.03881519165757353,0.3763934889062546,0.2796388797581261,50,20,20
34,1058,0.305152439678043,0.038815191657575715,0.3763957104614403,0.27963665820293826,50,20,20
34,1059,0.3051651852888058,0.03881519175000088,0.37351584256652487,0.2825037803946666,50,20,20
34,1060,0.30516518499295026,0.038815191749876445,0.3735133963968314,0.28250622686033994,50,20,20
34,1061,0.28690083057781235,0.038853748272348616,0.3917359692423467,0.2825094519074902,50,20,20
34,1062,0.28610261841374496,0.03885374828132343,0.39253411246270997,0.28250952084221986,50,20,20
34,1063,0.286215475223968,0.03885374594359301,0.39245949340763286,0.28247128542480426,50,20,20
34,1064,0.2883685845177737,0.03885375865902066,0.3903063118190449,0.2824713450041594,50,20,20
34,1065,0.2883340226729204,0.03885375890972971,0.3903408722384738,0.28247134617887426,50,20,20
34,1066,0.2967295339582932,0.038853747135404106,0.3819453727314292,0.2824713461748722,50,20,20
34,1067,0.2948348027423063,0.03885374459666464,0.38384010650680395,0.282471346154224,50,20,20
34,1068,0.29196304764975567,0.03885374446218031,0.38671186389793877,0.2824713439901243,50,20,20
34,1069,0.2919854270897407,0.03885374513840795,0.3913415454154097,0.2778192823564408,50,20,20
34,1070,0.2950082605917342,0.038853745024072475,0.3883187120303925,0.2778192823538004,50,20,20
34,1071,0.29858043137200907,0.03885374545104677,0.38474766201726573,0.27781816115967733,50,20,20
34,1072,0.2857580968278419,0.03885375207575535,0.3946207759699625,0.28076737512643946,50,20,20
34,1073,0.2857580968278419,0.03885375207575539,0.39466686495056125,0.28072128614584074,50,20,20
34,1074,0.2870353651769471,0.03885373854801224,0.3933896154078741,0.28072128086716575,50,20,20
34,1075,0.28703536517694866,0.03885373854801438,0.39339048616893996,0.28072041010609644,50,20,20
34,1076,0.28700708234629163,0.038853738545910066,0.3934187692767202,0.2807204098310776,50,20,20
34,1077,0.2810096032768689,0.03885359543199615,0.39941601183725695,0.28072078945387646,50,20,20
34,1078,0.28100608832032764,0.03832506481329154,0.3999480576577964,0.2807207892085822,50,20,20
34,1079,0.28758651785909195,0.038322727463788515,0.3933911329859019,0.28069962169121454,50,20,20
34,1080,0.2875911446071783,0.038315686853871656,0.3933935470289896,0.28069962150995764,50,20,20
34,1081,0.2875911446071783,0.038315686853871656,0.3933935270533692,0.280699641485578,50,20,20
34,1082,0.2875560191811161,0.038315686089609266,0.39342858629923116,0.2806997084300408,50,20,20
34,1083,0.2875560191811405,0.03831568608960931,0.39342972743608917,0.2806985672931584,50,20,20
34,1084,0.2875492455813213,0.03831568608271502,0.39343650197863717,0.28069856635732376,50,20,20
34,1085,0.28759906494341,0.0385914059894741,0.3931106274314349,0.28069890163567834,50,20,20
34,1086,0.28759906494341,0.03859140598947347,0.3986373636867347,0.2751721653803795,50,20,20
34,1087,0.28752030993880473,0.038584815571410386,0.3987227091112483,0.27517216537853406,50,20,20
34,1088,0.2875203099388049,0.038584815571410254,0.40017868741914553,0.2737161870706371,50,20,20
34,1089,0.2875203099388049,0.038584815571410254,0.40017868740697415,0.27371618708280815,50,20,20
34,1090,0.2875203448607255,0.038584815607982687,0.40018184104532545,0.27371299848596464,50,20,20
34,1091,0.29542664868981644,0.038584820848504287,0.3922741778387865,0.2737143526228902,50,20,20
34,1092,0.29408892944304504,0.038585546086614325,0.3936111725896307,0.27371435188070686,50,20,20
34,1093,0.29402383573235324,0.038585546087435675,0.3936762660873924,0.2737143520928154,50,20,20
34,1094,0.29404782677059993,0.03858554608745005,0.39365227504906825,0.27371435209287837,50,20,20
34,1095,0.2940478267706015,0.03858554608745001,0.3937405143653689,0.27362611277657595,50,20,20
34,1096,0.2940478267705771,0.038585546087449976,0.3937393745151104,0.27362725262685894,50,20,20
34,1097,0.2907633630321389,0.03858554608794145,0.39702326271152516,0.2736278281683902,50,20,20
34,1098,0.29981369972959804,0.03858554599060628,0.38797292698928815,0.2736278272905045,50,20,20
34,1099,0.2998136997294943,0.039439429013344865,0.3871190439666513,0.27362782729050655,50,20,20
34,1100,0.2809694427708546,0.039473658683578,0.40593037427454887,0.27362652427101436,50,20,20
34,1101,0.28096944277085456,0.03947365868370029,0.40593132765352785,0.2736255708919131,50,20,20
34,1102,0.28123946140121114,0.03947366075955031,0.40562908649155505,0.27365779134767976,50,20,20
34,1103,0.289209887952264,0.03947365422613705,0.3978478369906504,0.2734686208309445,50,20,20
34,1104,0.29068446846415436,0.0394736542269397,0.3963738212388034,0.27346805607009883,50,20,20
34,1105,0.2906798207683295,0.03947378042331084,0.3963783427382001,0.27346805607015595,50,20,20
34,1106,0.29067982076832954,0.03947378042331301,0.39656489399260686,0.27328150481574726,50,20,20
34,1107,0.2906798185029494,0.03946385101398758,0.39657482566738855,0.2732815048156714,50,20,20
34,1108,0.29067984920960827,0.03946368048949334,0.3965749654851398,0.27328150481575547,50,20,20
34,1109,0.2906798492096067,0.03946368048949119,0.3965740937202094,0.27328237658068955,50,20,20
34,1110,0.29067984920960666,0.039463680489489034,0.3963875420649432,0.2734689282359579,50,20,20
34,1111,0.2903930264763166,0.039463849825499164,0.3967055992369617,0.2734375244612194,50,20,20
34,1112,0.27043578009032226,0.03946384977698811,0.41665927848450374,0.27344109164818176,50,20,20
34,1113,0.2704357800903219,0.039463849776985964,0.41665595875734973,0.2734444113753382,50,20,20
34,1114,0.2703853522840471,0.0391916096171575,0.41697903132437425,0.27344400677441694,50,20,20
34,1115,0.2703853663684715,0.03919268575811356,0.41697794109899644,0.27344400677441427,50,20,20
34,1116,0.2645983240610423,0.039192768921391334,0.4227427094499649,0.2734661975675974,50,20,20
34,1117,0.2645983455081972,0.039199838788695734,0.4227356179534409,0.2734661977496621,50,20,20
34,1118,0.2645983455081976,0.039199838788695734,0.4227378385194001,0.27346397718370247,50,20,20
34,1119,0.2645983455082138,0.03919983878887131,0.4212818694123602,0.2749199462905508,50,20,20
34,1120,0.26740095883222315,0.03919985913616714,0.4184737105873503,0.2749254714442559,50,20,20
34,1121,0.2731279813500148,0.039200025412591676,0.4101724301284392,0.27749956310894985,50,20,20
34,1122,0.27145662145886845,0.03916146913470181,0.4118855374180493,0.27749637198837646,50,20,20
34,1123,0.28319883801417356,0.03916146888612665,0.4001417638576729,0.27749792924202293,50,20,20
34,1124,0.28319883801415086,0.03916146888600249,0.4000954234998572,0.2775442695999859,50,20,20
34,1125,0.2832060176108255,0.039161468882871316,0.4000882456073898,0.2775442678989106,50,20,20
34,1126,0.2832060176108251,0.03916146888286918,0.40008818784440237,0.2775443256619006,50,20,20
34,1127,0.2832059846334533,0.039161294839385,0.40008839486974035,0.2775443256574186,50,20,20
34,1128,0.2823955346145697,0.039161294837569936,0.4009004701639687,0.277542700383889,50,20,20
34,1129,0.282395534614568,0.0391612948316899,0.3977708156303324,0.2806723549234069,50,20,20
34,1130,0.28355551395764567,0.03916129569129463,0.39661083312799283,0.28067235722306433,50,20,20
34,1131,0.28355551395834927,0.019731378539600736,0.41604075027460147,0.280672357227444,50,20,20
34,1132,0.2640548399529116,0.019731378556982454,0.435541424240988,0.2806723572491123,50,20,20
34,1133,0.2640548399529117,0.019731378556982454,0.43554131066551494,0.28067247082458563,50,20,20
34,1134,0.25020172634912347,0.019731381780788773,0.4493944205549406,0.28067247131514256,50,20,20
34,1135,0.2686356053617476,0.019697156956887032,0.4309947222202114,0.28067251546114924,50,20,20
34,1136,0.2824910702896979,0.019696990685317658,0.41971358339363823,0.2780983556313424,50,20,20
34,1137,0.28249107028969794,0.019696990685317658,0.41971594165778875,0.27809599736719187,50,20,20
34,1138,0.28254935408212717,0.01969681927661695,0.4196586464978478,0.2780951801434043,50,20,20
34,1139,0.2797970013512753,0.019696799297711603,0.42241654365128084,0.2780896556997284,50,20,20
34,1140,0.29679540633929447,0.019696799090289433,0.40541817279415393,0.27808962177626045,50,20,20
34,1141,0.28856363536282464,0.019696789104428826,0.4136500490369152,0.27808952649582763,50,20,20
34,1142,0.292795396995105,0.019696789159953692,0.40941866698815055,0.27808914685678715,50,20,20
34,1143,0.292796393034614,0.019695729280193114,0.4094187308279015,0.2780891468572877,50,20,20
34,1144,0.2913182017260126,0.019695729274138894,0.41089692233142133,0.27808914666842355,50,20,20
34,1145,0.2913182017260126,0.019695729274138932,0.4109002244208503,0.27808584457899455,50,20,20
34,1146,0.29275877841447595,0.019695739433475256,0.409301329789634,0.27824415236241096,50,20,20
34,1147,0.31201968920793244,0.019695739605694415,0.3900403292130657,0.2782442419733056,50,20,20
34,1148,0.3117762474794471,0.01969573960541579,0.39028377097239625,0.27824424194273895,50,20,20
34,1149,0.3117762474794487,0.01969573960541579,0.39028282035272527,0.2782451925624084,50,20,20
34,1150,0.3198093796738303,0.019695065760012464,0.3822503904445005,0.27824516412165434,50,20,20
34,1151,0.3176568679170513,0.01969505305780574,0.38440297326452333,0.27824510576061784,50,20,20
34,1152,0.31765675235943075,0.019695053059359608,0.38440308860024996,0.2782451059809584,50,20,20
34,1153,0.317592987000618,0.019695053060167354,0.384466853746191,0.2782451061930224,50,20,20
34,1154,0.3370890293374036,0.019694327588147424,0.3649715975625179,0.2782450455119294,50,20,20
34,1155,0.34615581816331115,0.01969432748714611,0.3559048088380415,0.27824504551149976,50,20,20
34,1156,0.34615839239890855,0.019694566758864513,0.3558361426218942,0.27831089822033206,50,20,20
34,1157,0.34657578082341794,0.01969456674960783,0.3554187542217877,0.2783108982051858,50,20,20
34,1158,0.34657578082601304,0.019694566749607907,0.3554220816427064,0.2783075707816718,50,20,20
34,1159,0.3465757808260135,0.01969456674961003,0.3556062819839791,0.27812337044039653,50,20,20
34,1160,0.34657578082601304,0.019694566749607907,0.3554230334067261,0.278306619017652,50,20,20
34,1161,0.3465753118842152,0.019694566740336962,0.3554199530110227,0.2783101683644235,50,20,20
34,1162,0.3463386832711105,0.019694566560742848,0.3556565818184872,0.278310168349658,50,20,20
34,1163,0.3406928259747882,0.019694573503140307,0.361302432142021,0.27831016838004774,50,20,20
34,1164,0.3284348671677529,0.019694577511044097,0.3734994114552594,0.2783711438659411,50,20,20
34,1165,0.32846561234831767,0.019694577731063204,0.37346874616092324,0.2783710637596934,50,20,20
34,1166,0.32878965508458585,0.019694914454329894,0.37305288267099657,0.2784625477900866,50,20,20
34,1167,0.3290404576562366,0.019694914454166178,0.372802080114514,0.2784625477750823,50,20,20
34,1168,0.3488604506652165,0.019694880129730585,0.3529821228707671,0.27846254633428574,50,20,20
34,1169,0.35214363713001995,0.019694882615002903,0.3496989335049148,0.27846254675006143,50,20,20
34,1170,0.35210089360916746,0.019694883925183853,0.3497416695790216,0.2784625528866263,50,20,20
34,1171,0.3521008936091674,0.019694883925183853,0.34973931097472755,0.27846491149092034,50,20,20
34,1172,0.35216387810327865,0.019694883925142525,0.3496763264807896,0.2784649114907886,50,20,20
34,1173,0.3718763940036888,0.019694884101413027,0.329967354140861,0.27846136775403757,50,20,20
34,1174,0.35316646214990705,0.01969489183991531,0.34208214761218764,0.28505649839799,50,20,20
34,1175,0.3531664621499075,0.019694892236004884,0.3421476842369758,0.28499096137711183,50,20,20
34,1176,0.35316646214990594,0.019694892236004846,0.3423341852294513,0.284804460384638,50,20,20
34,1177,0.35316645098876803,0.019691539049941843,0.3423375495766501,0.2848044603846405,50,20,20
34,1178,0.3531664509887692,0.01969153865385227,0.34227205432352364,0.28486995603385534,50,20,20
34,1179,0.34733003478435537,0.019691535580834207,0.3408616341569786,0.2921167954778323,50,20,20
34,1180,0.34659744530404074,0.019691536280077,0.3415942212421708,0.2921167971737122,50,20,20
34,1181,0.3588357253540642,0.019691539341848873,0.33660277049488657,0.28486996480920135,50,20,20
34,1182,0.36615898756407056,0.01969153621688371,0.329278832687581,0.2848706435314658,50,20,20
34,1183,0.36622487501139434,0.019691533636316417,0.3292129484571312,0.28487064289515895,50,20,20
34,1184,0.3692401792031332,0.019691533637075403,0.3261976545693095,0.28487063259048323,50,20,20
34,1185,0.3692401792031316,0.01969153363707544,0.32619838364344517,0.2848699035163491,50,20,20
34,1186,0.36158511286996947,0.019691536800339103,0.33245710588339983,0.2862662444462932,50,20,20
34,1187,0.361585112869873,0.019707474697186665,0.33244116783764033,0.28626624459530153,50,20,20
34,1188,0.35601510906786593,0.01970746790176521,0.3379489822647884,0.28632844076558267,50,20,20
34,1189,0.35601510906784944,0.019707467901588213,0.33242005579626893,0.2918573672342958,50,20,20
34,1190,0.35601510906784944,0.019707467901710515,0.33242123626802894,0.2918561867624135,50,20,20
34,1191,0.35598479155450363,0.01970748119957519,0.33224922688255937,0.29205850036336384,50,20,20
34,1192,0.35598479155450363,0.019707481199575227,0.3322492578852288,0.29205846936069435,50,20,20
34,1193,0.3559847915545036,0.0197074811995753,0.33225160709775836,0.2920561201481646,50,20,20
34,1194,0.35614712029046613,0.01970748102242242,0.3320892785534959,0.2920561201336173,50,20,20
34,1195,0.35470728278192193,0.01970747061252507,0.33368749875408776,0.29189774785146755,50,20,20
34,1196,0.33570477610348576,0.01970772548419768,0.352689708314246,0.2918977900980726,50,20,20
34,1197,0.3349223773668224,0.01970738897835379,0.35356392648909063,0.2918063071657345,50,20,20
34,1198,0.31597236737149764,0.019707389123376152,0.3725145905942872,0.2918056529108406,50,20,20
34,1199,0.31597236969237286,0.019148524754912945,0.3730734523855044,0.29180565316720974,50,20,20
34,1200,0.32185051862534286,0.01914844159322227,0.3672175773925396,0.29178346238889497,50,20,20
34,1201,0.31875037520303734,0.019148441592980167,0.37031771022077675,0.29178347298320495,50,20,20
34,1202,0.3186888851299462,0.019155044385035517,0.37116029342396395,0.2909957770610552,50,20,20
34,1203,0.3346429139388942,0.019154789081333265,0.35520655244722577,0.29099574453254623,50,20,20
34,1204,0.3346429139400405,0.019154789087601064,0.35753390867550167,0.2886683882968562,50,20,20
34,1205,0.3347176288787954,0.019154786558941192,0.3574591964842635,0.2886683880779991,50,20,20
34,1206,0.32660343189156854,0.019154875796564327,0.36554988185192416,0.28869181045994036,50,20,20
34,1207,0.32662006895726614,0.019173994362111563,0.36571985604951834,0.28848608063110154,50,20,20
34,1208,0.32662006895726775,0.0191739943621116,0.3657199156940918,0.28848602098652654,50,20,20
34,1209,0.33664376402593604,0.01917012262578662,0.3556988041979195,0.28848730915035586,50,20,20
34,1210,0.3366437640247898,0.01917012261952097,0.3533693247519679,0.29081678860371935,50,20,20
34,1211,0.3187264220855453,0.019170146999252236,0.3712833588980034,0.2908200720171974,50,20,20
34,1212,0.31841951709416405,0.019170294162605017,0.3715901044092896,0.29082008433393963,50,20,20
34,1213,0.3184195170915689,0.01917029416260709,0.371589088180234,0.290821100565588,50,20,20
34,1214,0.3235114318785653,0.019170204999191105,0.36652068497196294,0.29079767815027774,50,20,20
34,1215,0.3235114318785653,0.019170204999191066,0.3665206539692935,0.29079770915294717,50,20,20
34,1216,0.33256585571358327,0.01917020499913339,0.3574662301342159,0.29079770915306563,50,20,20
34,1217,0.33238296916168336,0.01917020500068964,0.35764843443241906,0.2907983914052069,50,20,20
34,1218,0.3323829691616818,0.01917020500068964,0.35764722249066144,0.2907996033469661,50,20,20
34,1219,0.3323829691616818,0.019170205000691748,0.35746076146274935,0.29098606437487595,50,20,20
34,1220,0.3323829691616821,0.020018248877429215,0.35661271773767766,0.2909860642232099,50,20,20
34,1221,0.33508503227090564,0.020018251393707675,0.35391064035602604,0.29098607597935955,50,20,20
34,1222,0.3350850322709284,0.020018251393709788,0.3539083890771091,0.29098832725825174,50,20,20
34,1223,0.33517760004356495,0.020018251653748327,0.3538767955125344,0.2909273527901526,50,20,20
34,1224,0.34709667148920154,0.020018247385807,0.34195772935236496,0.29092735177262624,50,20,20
34,1225,0.3489108182266852,0.020018247386033416,0.34014359360733226,0.29092734077994903,50,20,20
34,1226,0.3466562035942075,0.02001835022990619,0.3423981066131805,0.2909273395627057,50,20,20
34,1227,0.334994885114289,0.02001835037872538,0.35405942493209563,0.29092733957489075,50,20,20
34,1228,0.3351794273018714,0.020018350377127167,0.3538755649943278,0.2909266573266742,50,20,20
34,1229,0.3273334711401876,0.020019157369886055,0.3617207129908994,0.29092665849902727,50,20,20
34,1230,0.32171403696013234,0.020019263056943664,0.36733905139120393,0.2909276485917205,50,20,20
34,1231,0.32171403696013234,0.020019263056943664,0.3673391261342555,0.2909275738486689,50,20,20
34,1232,0.32171403696012474,0.00711882908535804,0.3802395600496831,0.29092757390483354,50,20,20
34,1233,0.32402171135945934,0.007118724150817321,0.37793199951377104,0.29092756497595157,50,20,20
34,1234,0.3298688260615776,0.007118721026323926,0.3734812286813686,0.2895312242307293,50,20,20
34,1235,0.3295337478065327,0.007132256599275007,0.37380280341358185,0.2895311921806093,50,20,20
34,1236,0.3226273989791698,0.007132250101270074,0.3836583721160871,0.2865819788034701,50,20,20
34,1237,0.32262739897960335,0.02001713297619775,0.3707734892968434,0.2865819787473533,50,20,20
34,1238,0.3426219781798487,0.020016890583589558,0.35084500519438366,0.2865161260421778,50,20,20
34,1239,0.34262200079353033,0.020017329146821847,0.3508109779863038,0.2865496920733447,50,20,20
34,1240,0.342622000793532,0.020017329146823998,0.35081333006960397,0.2865473399900408,50,20,20
34,1241,0.34262200079353194,0.02001732914682396,0.3508125190861321,0.28654815097351266,50,20,20
34,1242,0.3424096747717686,0.02001732829850516,0.3510222221483604,0.2865507747813653,50,20,20
34,1243,0.3395862087888794,0.020017325744558997,0.35384570244667835,0.2865507630198831,50,20,20
34,1244,0.33958620878887946,0.020017325744561144,0.35384573381177176,0.2865507316547876,50,20,20
34,1245,0.3394580544673299,0.020017325746117746,0.3539738881354332,0.2865507316511192,50,20,20
34,1246,0.33946598156728675,0.020010842124419507,0.3539724448209441,0.2865507314873492,50,20,20
34,1247,0.33923934718077753,0.020010947405887408,0.3541686454808606,0.2865810599324726,50,20,20
34,1248,0.3379521741212561,0.020010939685726817,0.36112814964363105,0.28090873654938425,50,20,20
34,1249,0.3379521741212561,0.02001093968572467,0.36112810825127034,0.28090877794174707,50,20,20
34,1250,0.3379521741212561,0.02001093968572467,0.36112816547374793,0.2809087207192695,50,20,20
34,1251,0.3377027228226606,0.020010915305985665,0.3613809245663541,0.28090543730499645,50,20,20
34,1252,0.3389122349932888,0.0200109153485002,0.3601714123425157,0.28090543731569206,50,20,20
34,1253,0.33885061839301683,0.020010915348485255,0.36023302894293585,0.28090543731555856,50,20,20
34,1254,0.3216379884407766,0.020010915355127282,0.3774456588612533,0.280905437342838,50,20,20
34,1255,0.32158824032611877,0.02001091498667147,0.377495409100437,0.2809054355867658,50,20,20
34,1256,0.32158824032611877,0.02001091498667147,0.3774954101066596,0.2809054345805431,50,20,20
34,1257,0.3244408502910672,0.020010895550669535,0.374642819578192,0.2809054345800615,50,20,20
34,1258,0.3243317730591795,0.020010894285399976,0.37475189221722466,0.2809054404381885,50,20,20
34,1259,0.3243317730591568,0.02001089428539779,0.3747518338069116,0.28090549884852645,50,20,20
34,1260,0.3243317730591568,0.0200108942852755,0.37474848227252067,0.28090885038304,50,20,20
34,1261,0.3272692279950256,0.020010894248171356,0.3718110150716933,0.28090886268510323,50,20,20
34,1262,0.3389545856699491,0.020010894104548052,0.36018785371068174,0.2808466665148156,50,20,20
34,1263,0.3361019766634696,0.020010918338372045,0.36304043848212963,0.28084666651602286,50,20,20
34,1264,0.3362929745992286,0.020010924565613267,0.36284940408952004,0.2808466967456322,50,20,20
34,1265,0.3533112722468436,0.020010212123033888,0.3458318189028369,0.28084669672728046,50,20,20
34,1266,0.3533112722468436,0.020010212123036032,0.3458318381774303,0.2808466774526849,50,20,20
34,1267,0.35332079214636203,0.020010212122815015,0.34582231830876026,0.2808466774220576,50,20,20
34,1268,0.3533207921463605,0.02001021212281498,0.3458246085742073,0.28084438715661214,50,20,20
34,1269,0.35332079214636036,0.020010212122812832,0.34582459457223247,0.28084440115858916,50,20,20
34,1270,0.3340893840723221,0.020010065618278127,0.3650561010273926,0.2808444492820017,50,20,20
34,1271,0.3359478217533731,0.020010065577977926,0.36319766357884986,0.28084444908979345,50,20,20
34,1272,0.3359480357612425,0.020009979709077128,0.36319753540981947,0.28084444911985457,50,20,20
34,1273,0.3359604523705728,0.020009979709036053,0.3631851188005954,0.28084444911978923,50,20,20
34,1274,0.33757781906669715,0.01999472539867215,0.36158434780809573,0.28084310772652976,50,20,20
34,1275,0.33757736764355234,0.019994739870050043,0.36158478476669337,0.2808431077196992,50,20,20
34,1276,0.35727084400776127,0.01999469917528167,0.341891349112406,0.28084310770454635,50,20,20
34,1277,0.3572708440077617,0.01999469917528167,0.34189136815768534,0.2808430886592667,50,20,20
34,1278,0.35538768075724625,0.01999469921157715,0.34377332723138054,0.28084429279979173,50,20,20
34,1279,0.34029121877967183,0.01999469921022524,0.3588697355025366,0.2808443465075622,50,20,20
34,1280,0.34029121877967183,0.01999469921022524,0.3588697365189123,0.2808443454911864,50,20,20
34,1281,0.34029121877967183,0.01999469921022528,0.35886973622021684,0.28084434578988177,50,20,20
34,1282,0.34029121877967183,0.019994699210223173,0.3588697350678461,0.28084434694225474,50,20,20
34,1283,0.34034867693337156,0.02000012874317294,0.35880639320843827,0.28084480111501275,50,20,20
34,1284,0.34029586792345917,0.020000128930889195,0.35885920048497233,0.2808448026606767,50,20,20
34,1285,0.3402951915055298,0.02000012891254793,0.3597814833165353,0.2799231962653839,50,20,20
34,1286,0.3402942163983601,0.0200001046862841,0.3597824826511948,0.2799231962641577,50,20,20
34,1287,0.3312410345439173,0.020000104683212762,0.3688356644923554,0.2799231962805119,50,20,20
34,1288,0.3297261059723121,0.020000216788684754,0.370320023422617,0.2799536538163837,50,20,20
34,1289,0.34638072075613613,0.020000210364885182,0.3536654462262323,0.27995362265274365,50,20,20
34,1290,0.34950028333415184,0.020000210326542357,0.35054588386879215,0.27995362247051087,50,20,20
34,1291,0.35855621614950195,0.020000210326480135,0.3414899510701257,0.27995362245388977,50,20,20
34,1292,0.3555363165384703,0.020000214666939242,0.34450984579158195,0.2799536230030058,50,20,20
34,1293,0.36121635104419364,0.020000108979881918,0.3388309070656088,0.2799526329103138,50,20,20
34,1294,0.3612163510441932,0.020000108979879777,0.33883316016806136,0.2799503798078639,50,20,20
34,1295,0.36331271396275144,0.020000108899457917,0.336738013680939,0.27994916345685017,50,20,20
34,1296,0.36331271396275183,0.020000108899457917,0.33674017738132067,0.2799469997564683,50,20,20
34,1297,0.3601184767849931,0.020000113178000843,0.3399338238058523,0.27994758623115223,50,20,20
34,1298,0.36011847678497494,0.01907733694501182,0.3408565914346711,0.27994759483534065,50,20,20
34,1299,0.36018128672182714,0.019077336945011802,0.3407937814978851,0.2799475948352742,50,20,20
34,1300,0.36014414088799124,0.019077336988790966,0.3408309272805552,0.27994759484266124,50,20,20
34,1301,0.36008131025358536,0.019077336988805628,0.3408937579112207,0.27994759484638704,50,20,20
34,1302,0.35981362709562026,0.0190773369904309,0.34116144102370805,0.27994759489023946,50,20,20
34,1303,0.36255299315326345,0.019077336995520975,0.33842207327062224,0.2799475965805918,50,20,20
34,1304,0.3625529931532631,0.019077336995521013,0.3384252983914476,0.27994437145976686,50,20,20
34,1305,0.3625529931528477,0.020015589655393563,0.3374870543362267,0.27994436285553054,50,20,20
34,1306,0.3630479739711333,0.02001558895620603,0.3369920759127445,0.27994436115991395,50,20,20
34,1307,0.36306881487203013,0.020015588296608593,0.33697129611158977,0.27994430071976856,50,20,20
34,1308,0.3829914723983506,0.02001558829660651,0.3170486385859015,0.2799443007191388,50,20,20
34,1309,0.3829914739531651,0.020015588297653607,0.31704937530505717,0.2799435624441211,50,20,20
34,1310,0.3692558764813165,0.020016104093060046,0.33081491356364096,0.2799131058619796,50,20,20
34,1311,0.3815977939886562,0.020016104122187392,0.3184729958907321,0.2799131059984209,50,20,20
34,1312,0.38955010397102,0.02001609808142445,0.3105206929503914,0.27991310499716116,50,20,20
34,1313,0.38955010397102,0.02001609808142445,0.31052063489930004,0.2799131630482529,50,20,20
34,1314,0.3913233705372054,0.020016098045893646,0.30874736792767604,0.27991316348922224,50,20,20
34,1315,0.3913233705372297,0.020016098045893306,0.30880315888273707,0.2798573725341373,50,20,20
34,1316,0.3913233705372297,0.02001609804589545,0.30879995400310717,0.27986057741376485,50,20,20
34,1317,0.39162461443202945,0.020016097681837066,0.3084987599407587,0.27986052794537203,50,20,20
34,1318,0.39162461443202934,0.020016097681837052,0.3086318279452727,0.27972745994085807,50,20,20
34,1319,0.3915413821406775,0.020016097636491682,0.30871505986646264,0.2797274603563655,50,20,20
34,1320,0.37455792461703785,0.02001609759785556,0.32569851633167957,0.27972746145342514,50,20,20
34,1321,0.37455792469099203,0.02001609759809802,0.32570085900834955,0.27972511870255873,50,20,20
34,1322,0.3732354568911064,0.020016097611080738,0.3270233232853339,0.2797251222124774,50,20,20
34,1323,0.3688716234555695,0.020016097611087663,0.3313871567216304,0.2797251222117112,50,20,20
34,1324,0.3688716234555452,0.02001609761096574,0.33133024322582244,0.2797820357076653,50,20,20
34,1325,0.3829266674152272,0.020002561802057395,0.31728873493759496,0.2797820358451193,50,20,20
34,1326,0.3639118661549624,0.020002561884418818,0.33630355773582254,0.27978201422479687,50,20,20
34,1327,0.36429028482656295,0.019995530599274648,0.3359656928163571,0.2797484917578059,50,20,20
34,1328,0.364044792682616,0.01999554489797329,0.3362112386320876,0.2797484237873238,50,20,20
34,1329,0.3640447926086604,0.019995544897728684,0.33620659867864544,0.27975306381496606,50,20,20
34,1330,0.36389927011515427,0.01999554741621344,0.3363521067407089,0.27975307572792374,50,20,20
34,1331,0.36149340499327776,0.019995547481456554,0.33875796322361984,0.27975308430164636,50,20,20
34,1332,0.36676439994703325,0.01999554192471447,0.3334446934034254,0.27979536472482747,50,20,20
34,1333,0.3674797657326087,0.019995541860227985,0.33272933625289225,0.27979535615427165,50,20,20
34,1334,0.36747539362217985,0.01999554173039037,0.33273300094667996,0.27979606370074994,50,20,20
34,1335,0.3674753936222701,0.01999554173050943,0.33291950173015955,0.2796095629170611,50,20,20
34,1336,0.3674753936222701,0.0199955417305073,0.3327863923166581,0.2797426723305648,50,20,20
34,1337,0.3659645237110684,0.019994913804186592,0.33429789002092775,0.27974267246381684,50,20,20
34,1338,0.3659645237110684,0.019994913804186592,0.33429789102180657,0.2797426714629381,50,20,20
34,1339,0.38318670891900536,0.019994913791528627,0.3170757075168795,0.2797426697725869,50,20,20
34,1340,0.38312896355487036,0.019989576746634187,0.317139245309226,0.27974221438926916,50,20,20
34,1341,0.38312902720260567,0.019989575183060146,0.31711468345705024,0.2797667141572834,50,20,20
34,1342,0.3831290272026964,0.01998957518318416,0.3171793911940656,0.27970200642005333,50,20,20
34,1343,0.3831385807407593,0.01998957776537963,0.3171698225544785,0.2797020189393819,50,20,20
34,1344,0.38313856079039604,0.019989596805205036,0.31716982346182376,0.27970201894257435,50,20,20
34,1345,0.383138559213184,0.019989596804157718,0.31535723599133964,0.2815146079913174,50,20,20
34,1346,0.383138559213184,0.019989596804157718,0.31535489862500315,0.28151694535765387,50,20,20
34,1347,0.3969137906379679,0.01998959679818354,0.3015796672372913,0.2815169453265551,50,20,20
34,1348,0.38153590641353036,0.019990566751316996,0.3169565786174854,0.2815169482176641,50,20,20
34,1349,0.39273362984583526,0.019990882745103883,0.3057569632733876,0.28151852413567047,50,20,20
34,1350,0.39248683262233697,0.02001230009579689,0.30598241041206764,0.2815184568697958,50,20,20
34,1351,0.3934628457700173,0.020012300083792126,0.3050090235645933,0.28151583058159446,50,20,20
34,1352,0.3934628457700169,0.02001230008379213,0.3050090224255619,0.2815158317206261,50,20,20
34,1353,0.3934628457700169,0.02001230008379213,0.3050067289191318,0.2815181252270563,50,20,20
34,1354,0.3934628457700169,0.020012300083914424,0.30501002321672294,0.28151483092934293,50,20,20
34,1355,0.39346286260892627,0.02001230010240518,0.30499465247791124,0.28153018481075426,50,20,20
34,1356,0.38064064072251313,0.020012314618718302,0.31781679181090544,0.2815302528478594,50,20,20
34,1357,0.37202650236901036,0.02001231472852716,0.32634011092783943,0.2816210719746197,50,20,20
34,1358,0.37202650236901036,0.020012314728404864,0.3263367584119412,0.2816244244906403,50,20,20
34,1359,0.3715725082473298,0.0200115075869034,0.32679155968377005,0.2816244244819935,50,20,20
34,1360,0.36881155983301966,0.020011895710179778,0.32955086780718645,0.2816256766496106,50,20,20
34,1361,0.37445458237105134,0.020011505341025068,0.32387913257627715,0.2816547797116434,50,20,20
34,1362,0.3746625113859692,0.020011502821690192,0.32367123029889106,0.2816547554934471,50,20,20
34,1363,0.37466162877133025,0.02001150282926316,0.3236721164203753,0.28165475197902806,50,20,20
34,1364,0.3786392392146659,0.020012007242344965,0.3196939580495446,0.28165479549344147,50,20,20
34,1365,0.37863967435289253,0.020012007242344726,0.31969352290752123,0.2816547954972385,50,20,20
34,1366,0.3786396743528023,0.020012007242223517,0.31950696162109116,0.2818413567838799,50,20,20
34,1367,0.37863967451572167,0.020011992696779064,0.3195070441771752,0.28184128861032076,50,20,20
34,1368,0.3786396759443999,0.020011992697369755,0.321290365279566,0.28005796607866074,50,20,20
34,1369,0.37840653357150417,0.02001199269736973,0.3215235076673891,0.2800579660637332,50,20,20
34,1370,0.39370772273317023,0.020011022744222527,0.30622329135371296,0.28005796316889053,50,20,20
34,1371,0.413687730824616,0.020011022744225487,0.2862432832468157,0.28005796318433984,50,20,20
34,1372,0.414079402033209,0.020011022741043646,0.2858516120701321,0.28005796315561293,50,20,20
34,1373,0.4141031023734953,0.020011766294381506,0.2858271692632022,0.2800579620689176,50,20,20
34,1374,0.4141031023734953,0.020011766294383615,0.2858239654832355,0.280061165848882,50,20,20
34,1375,0.41400542803490503,0.02001176630065303,0.2859215922545073,0.28006121340993106,50,20,20
34,1376,0.41400542803490664,0.020011766300650925,0.28592230568141697,0.2800604999830219,50,20,20
34,1377,0.41121180166312454,0.020011766294566562,0.28871593378906435,0.28006049825324114,50,20,20
34,1378,0.4082131351929099,0.020011768523726513,0.2917145978373481,0.28006049844601283,50,20,20
34,1379,0.40840231445087527,0.020011766489522565,0.2915563621072156,0.28002955695238385,50,20,20
34,1380,0.4022119549464909,0.020011766498273024,0.29774668757297146,0.28002959098226177,50,20,20
34,1381,0.40523326141715216,0.020011762157828846,0.29472538599167175,0.2800295904333445,50,20,20
34,1382,0.405233261417063,0.020011762157706933,0.29466297240694106,0.2800920040182864,50,20,20
34,1383,0.40519971391001136,0.020011762157629696,0.29469652109022243,0.28009200284213487,50,20,20
34,1384,0.40519707851422965,0.020011762157657417,0.2946991564858454,0.2800920028422659,50,20,20
34,1385,0.4051970127928343,0.02001176060337824,0.2944297344601232,0.28036149214366246,50,20,20
34,1386,0.4095592673514132,0.020011760603371315,0.290067479900721,0.2803614921444926,50,20,20
34,1387,0.4095592673514132,0.020011760603371315,0.29006751914876405,0.28036145289644937,50,20,20
34,1388,0.41094002757681664,0.020011256381206818,0.288687305057178,0.2803614109847962,50,20,20
34,1389,0.4129069279330653,0.020011202062361257,0.285862285330656,0.28121958467391517,50,20,20
34,1390,0.41290690953609627,0.020011202063144617,0.28586230372684157,0.2812195846739151,50,20,20
34,1391,0.42108137325278167,0.020011202125923694,0.2776263671302093,0.28128105749108295,50,20,20
34,1392,0.42108137325278167,0.020011202125923694,0.2776263108819833,0.281281113739309,50,20,20
34,1393,0.42405335226524904,0.020011202125924176,0.27465433186944976,0.2812811137393746,50,20,20
34,1394,0.4383991688505109,0.020011196704783744,0.2603508543854177,0.28123878005928593,50,20,20
34,1395,0.4383369751451876,0.02001119670398713,0.2604130480916136,0.28123878005921,50,20,20
34,1396,0.41847387509704137,0.020011216664983508,0.2799670227047954,0.28154788553317756,50,20,20
34,1397,0.41011909208172503,0.02001122277731173,0.2883201952645459,0.28154948987641576,50,20,20
34,1398,0.41011909215552544,0.020011222784269513,0.2883656264010841,0.28150405865911937,50,20,20
34,1399,0.3978680304941759,0.020011234605437887,0.30061665679176697,0.2815040781086178,50,20,20
34,1400,0.39786804851742485,0.020011234612760154,0.3009106260736453,0.2812100907961682,50,20,20
34,1401,0.3978680484436229,0.02001123460580237,0.30086442441510747,0.2812562925354659,50,20,20
34,1402,0.3958906643067779,0.020011177210115513,0.2837347418335775,0.3003634166495276,50,20,20
34,1403,0.3958865836527588,0.02001117721005864,0.28373882248818644,0.3003634166489946,50,20,20
34,1404,0.3958865836579315,0.020011177210180548,0.28380125549978796,0.30030098363209845,50,20,20
34,1405,0.3958865836579315,0.020011177210180513,0.2837989055699065,0.3003033335619798,50,20,20
34,1406,0.39588657470279776,0.02001117719264288,0.28376715310588296,0.3003350949986759,50,20,20
34,1407,0.41492886306794113,0.0200111771987072,0.26472486473392104,0.30033509499943023,50,20,20
34,1408,0.41492886677924323,0.0200111771987072,0.2647248610225545,0.3003350949994946,50,20,20
34,1409,0.4149142845071626,0.020011186725986493,0.26473943073971723,0.30033509802713315,50,20,20
34,1410,0.401830011362885,0.020011349461864086,0.2778227231064804,0.3003359160687702,50,20,20
34,1411,0.4015964330144262,0.020011349461971646,0.27805630145457605,0.30033591606902577,50,20,20
34,1412,0.40183189358834454,0.020011343457305597,0.27782244972524117,0.3003343132291085,50,20,20
34,1413,0.40183189358834454,0.020011343457305597,0.2778224774459758,0.30033428550837366,50,20,20
34,1414,0.4018318935831703,0.020011343457181544,0.27775770686871903,0.30039905609092876,50,20,20
34,1415,0.4018318935092118,0.020011343457057115,0.2777534361625301,0.3004033268712006,50,20,20
34,1416,0.39785932491275505,0.020011347571321746,0.28172600029772754,0.3004033272181951,50,20,20
34,1417,0.406427807452181,0.020011019539823396,0.2731593977463287,0.30040177526166617,50,20,20
34,1418,0.4244384334627099,0.020011019532411432,0.25514877376085043,0.3004017732440274,50,20,20
34,1419,0.4237661907038524,0.02001101962640617,0.25582052841536823,0.3004022612543724,50,20,20
34,1420,0.4237661907038524,0.020011019626406213,0.2558216673167586,0.30040112235298205,50,20,20
34,1421,0.42324904745267394,0.020011020155819792,0.25633880751545374,0.3004011248760517,50,20,20
34,1422,0.4231132807921007,0.020011022611291365,0.2564745718095518,0.30040112478705544,50,20,20
34,1423,0.42298889072021034,0.020011022611291115,0.2565989618850997,0.3004011247833982,50,20,20
34,1424,0.4229888907202107,0.020011022611291115,0.25660112551837616,0.3003989611501213,50,20,20
34,1425,0.4232422875453652,0.020016971165120648,0.25634178013444886,0.3003989611550646,50,20,20
34,1426,0.4128361475056521,0.02001696629788546,0.2667479366594099,0.3003989495370516,50,20,20
34,1427,0.4128361475056541,0.020016966298007376,0.2668094129078024,0.3003374732885351,50,20,20
34,1428,0.39666652196148067,0.020016986874200563,0.28297347371064335,0.3003430174536739,50,20,20
34,1429,0.3966665219614823,0.020016986874200598,0.282975825468197,0.30034066569611845,50,20,20
34,1430,0.39660848420616757,0.020017010993597463,0.28303383903336715,0.30034066576686647,50,20,20
34,1431,0.39660848420616757,0.020017010993597463,0.28303378150833536,0.3003407232918981,50,20,20
34,1432,0.37703770532362135,0.020017763962164967,0.30260368258361975,0.3003408481305918,50,20,20
34,1433,0.38011370717069703,0.020017761733004777,0.29952768315461303,0.3003408479416836,50,20,20
34,1434,0.3771106440030076,0.020017761733711552,0.30253074631894944,0.3003408479443295,50,20,20
34,1435,0.3573545699560789,0.020026071495130634,0.3222784984108846,0.3003408601379033,50,20,20
34,1436,0.3573545699905686,0.020026047375338335,0.322278522566954,0.3003408600671365,50,20,20
34,1437,0.3573545699905686,0.020026047375338297,0.32227846590916065,0.30034091672492996,50,20,20
34,1438,0.3554655158323296,0.020026047572218753,0.32416752597838555,0.30034091061706375,50,20,20
34,1439,0.3554655158323296,0.020026047572218753,0.3242322332923179,0.3002762033031314,50,20,20
34,1440,0.3554657780497798,0.020026047572218503,0.32423197107873286,0.30027620329926674,50,20,20
34,1441,0.35546577804978136,0.020026047572218538,0.3242320133263841,0.3002761610516138,50,20,20
34,1442,0.36382514037399566,0.020026047464555413,0.315872652613145,0.3002761595483023,50,20,20
34,1443,0.36382514037399366,0.020026047464433497,0.31580793191357204,0.30034088024799915,50,20,20
34,1444,0.377869701967003,0.020025875195265913,0.3017643636595,0.3003400591782294,50,20,20
34,1445,0.37786970196700304,0.020025875195265948,0.3017611190048892,0.3003433038328401,50,20,20
34,1446,0.37841293716830593,0.0200258746690379,0.30121788685288475,0.30034330130976955,50,20,20
34,1447,0.378377935303087,0.02002587467061377,0.301252888712997,0.30034330131329984,50,20,20
34,1448,0.37832069006199676,0.02002589961761001,0.3013098752662763,0.3003435350541146,50,20,20
34,1449,0.38008678722784095,0.020025156052342622,0.29954452057558983,0.30034353614422477,50,20,20
34,1450,0.3800868026653566,0.020025156051758218,0.27965948144201863,0.3202285598408649,50,20,20
34,1451,0.3800868026653567,0.020025156051760327,0.2796627431617487,0.32022529812113276,50,20,20
34,1452,0.39448225450147645,0.020025159739936668,0.2652389164878767,0.3202536692707089,50,20,20
34,1453,0.4112005154959295,0.020025136950703924,0.24852033397248074,0.32025401358088323,50,20,20
34,1454,0.41120051549592795,0.020025136950703924,0.24838594868835503,0.3203883988650105,50,20,20
34,1455,0.40777412508121025,0.02002511636201906,0.2518179513968072,0.32038280715996154,50,20,20
34,1456,0.4077708732234578,0.02002511636281653,0.2518212030371792,0.3203828073765446,50,20,20
34,1457,0.4077708732234581,0.020025116362938446,0.25188595046003875,0.3203180599535628,50,20,20
34,1458,0.4077708732234581,0.02002511636293848,0.2518859511736133,0.3203180592399883,50,20,20
34,1459,0.4157031218806303,0.02002511669477805,0.2439536802989838,0.32031808112560617,50,20,20
34,1460,0.4157021167863958,0.02002511712612184,0.24395468496125147,0.32031808112622956,50,20,20
34,1461,0.42630607413132054,0.020025116955800656,0.23335072859844164,0.32031808031443554,50,20,20
34,1462,0.4228828171120093,0.020025120415302772,0.23677351205459501,0.3203185504180919,50,20,20
34,1463,0.4351380217405081,0.020025108594136386,0.2245183386818267,0.32031853098352764,50,20,20
34,1464,0.4241213824428434,0.02002536411710347,0.2355323283771994,0.32032092506285165,50,20,20
34,1465,0.42412138244284187,0.02002536411710347,0.235535588526497,0.3203176649135557,50,20,20
34,1466,0.4241213655700576,0.02002536411709698,0.23545035930884933,0.32040291100399415,50,20,20
34,1467,0.42447178324732093,0.020025383800098752,0.2352521653320842,0.3202506676204949,50,20,20
34,1468,0.4123056672730363,0.02002544475280374,0.24744628350331901,0.3202226044708395,50,20,20
34,1469,0.4122873381282581,0.020025444759280305,0.24746461092654692,0.32022260618591325,50,20,20
34,1470,0.4122873381282581,0.020025444759280305,0.2474645945223704,0.32022262259008977,50,20,20
34,1471,0.41228581801913117,0.020017138117594677,0.24747443346720024,0.3202226103960726,50,20,20
34,1472,0.41228581801913206,0.020017138117575963,0.25053470384884663,0.3171623400144441,50,20,20
34,1473,0.4100564726940567,0.02001707368532544,0.2527610735943299,0.31716538002628775,50,20,20
34,1474,0.40980309256918285,0.020151904741926185,0.2528678403992184,0.31717716228967263,50,20,20
34,1475,0.40980309256918274,0.02015190474192622,0.25286784069281565,0.3171771619960751,50,20,20
34,1476,0.4097990183548646,0.020151904741926237,0.25287191492154854,0.3171771619816604,50,20,20
34,1477,0.40985727555535834,0.020151904743562,0.2528136572899487,0.31717716241113064,50,20,20
34,1478,0.4123166702370884,0.020151904636202048,0.250349330646542,0.317182094480167,50,20,20
34,1479,0.4098582761063359,0.020151905147407004,0.25244720295019357,0.3175426157960629,50,20,20
34,1480,0.40986152653271246,0.020151905147379273,0.252443952523911,0.31754261579599624,50,20,20
34,1481,0.4097758880019511,0.020151905145816246,0.25252957879162335,0.3175426280606086,50,20,20
34,1482,0.3928779535073435,0.020151905149724664,0.2694274439616578,0.3175426973812729,50,20,20
34,1483,0.38546043947161285,0.02015190777783821,0.2768449550594268,0.3175426976911215,50,20,20
34,1484,0.39092575408407476,0.020151905271250457,0.2713434643149668,0.31757887632970727,50,20,20
34,1485,0.3742820824094269,0.0201519420639541,0.2879770925187319,0.31758888300788635,50,20,20
34,1486,0.3728020284920859,0.020151942054654717,0.2894933151839917,0.31755271426926707,50,20,20
34,1487,0.3727719222307498,0.020158959763143823,0.2895163944774367,0.3175527235286689,50,20,20
34,1488,0.37277192223074995,0.020159226383069,0.28951612785746367,0.31755272352871683,50,20,20
34,1489,0.3766731903355056,0.02015922226881879,0.28561486421016735,0.31755272318550753,50,20,20
34,1490,0.37667317491006314,0.020018316403903214,0.28576756777186957,0.31754094091416335,50,20,20
34,1491,0.37667317491006314,0.020018316403903214,0.2857675868717492,0.31754092181428384,50,20,20
34,1492,0.37994655417008766,0.020011296531028563,0.2825018148308977,0.3175403344679856,50,20,20
34,1493,0.37985940455762035,0.020011296530247025,0.28258896444408177,0.3175403344680504,50,20,20
34,1494,0.3798594972061092,0.020011417909147167,0.28258875023087304,0.3175403346538703,50,20,20
34,1495,0.37985949720611084,0.02001141830554691,0.28263871669523,0.31749036779311174,50,20,20
34,1496,0.37986643840895595,0.02001141830554393,0.2826317754929163,0.3174903677925831,50,20,20
34,1497,0.37986723835527864,0.020011418304582324,0.26530205977957644,0.33481928356056206,50,20,20
34,1498,0.38031357905384683,0.020011418304686827,0.2648521994305601,0.33482280321090563,50,20,20
34,1499,0.3634678909832841,0.020011418453363062,0.2816982470414601,0.3348224435218918,50,20,20
34,1500,0.3524820024555564,0.020011415223721997,0.29268460575290883,0.3348219765678109,50,20,20
34,1501,0.35253318531067274,0.02001141477382832,0.2929987738302068,0.33445662608528987,50,20,20
34,1502,0.3525331853107637,0.020011414773830463,0.29299995973827986,0.3344554401771234,50,20,20
34,1503,0.3525331853107637,0.02001141477383043,0.2929999217938588,0.3344554781215445,50,20,20
34,1504,0.34160219107572215,0.02001141834640232,0.3039299904501875,0.334456400127686,50,20,20
34,1505,0.3416021910757206,0.020011417950002622,0.30388116309575053,0.33450522787852427,50,20,20
34,1506,0.3387005513891539,0.020011417950655034,0.3067828027855254,0.3345052278746639,50,20,20
34,1507,0.31915849961165754,0.020011427892087985,0.32336441121621173,0.3374656612800415,50,20,20
34,1508,0.31915849961165754,0.02001142789208798,0.323363312922294,0.3374667595739593,50,20,20
34,1509,0.31912741869508165,0.020011427891290515,0.3233943940562514,0.3374667593573749,50,20,20
34,1510,0.3191326468328932,0.020011427714227245,0.3233919283712041,0.3374639970816747,50,20,20
34,1511,0.3315177997869611,0.020011424141062446,0.3110077001396614,0.3374630759323137,50,20,20
34,1512,0.3315177997869607,0.02001142414106237,0.31100765649748663,0.33746311957448905,50,20,20
34,1513,0.33130547345128164,0.020011424134531768,0.3112199845550377,0.3374631178591486,50,20,20
34,1514,0.33130547345128164,0.020011424134531733,0.3112199440091924,0.33746315840499397,50,20,20
34,1515,0.3313054734512832,0.020011424134531802,0.3112199826800544,0.33746311973413023,50,20,20
34,1516,0.31325556418515643,0.020011424134518715,0.3292698919463277,0.3374631197339968,50,20,20
34,1517,0.3122644235099916,0.020011433781812277,0.3302583527129253,0.33746578999527066,50,20,20
34,1518,0.3122644235099916,0.020011433781812315,0.33026165460517476,0.337462488103021,50,20,20
34,1519,0.31226442350999006,0.02001143378181224,0.3302616541710769,0.3374624885371205,50,20,20
34,1520,0.3218878791381287,0.020011433551334817,0.3206382019229443,0.3374624853875918,50,20,20
34,1521,0.3218878791381287,0.020011433551334817,0.32063820117256175,0.3374624861379744,50,20,20
34,1522,0.3213953307068398,0.02001143356369479,0.32112692722434083,0.33746630850512455,50,20,20
34,1523,0.3213955479171752,0.020011443803404205,0.3209707742067229,0.33762223407269754,50,20,20
34,1524,0.32139031292067166,0.020011620932074918,0.3209755731619637,0.33762249298528924,50,20,20
34,1525,0.3213381295153278,0.020011620561652045,0.3210278598401412,0.337622390082878,50,20,20
34,1526,0.32111933400077747,0.019990203202453025,0.32126807325393136,0.3376223895428372,50,20,20
34,1527,0.3208731469495234,0.019990203202455918,0.32151426030466596,0.33762238954335444,50,20,20
34,1528,0.33126668220521344,0.01999018324469265,0.3114298500178217,0.3373132845322718,50,20,20
34,1529,0.3317493394918186,0.019990183244527934,0.31094719359159684,0.3373132836720565,50,20,20
34,1530,0.33174933949182017,0.01999018324452801,0.3108825037427603,0.3373779735208913,50,20,20
34,1531,0.3400484027034597,0.01999018324137311,0.3025833960211437,0.3373780180340232,50,20,20
34,1532,0.33177620632596666,0.019989925450512976,0.310850732061555,0.33738313616196597,50,20,20
34,1533,0.3315389686473633,0.01998992545981514,0.31108796968582697,0.33738313620699567,50,20,20
34,1534,0.32974131781120064,0.019990188794222544,0.31288535827779856,0.3373831351167794,50,20,20
34,1535,0.3112416040407396,0.01999018247472649,0.3313877333169426,0.3373804801675929,50,20,20
34,1536,0.3112416207674751,0.019990182868843492,0.33154937526215145,0.3372188211015316,50,20,20
34,1537,0.311241620767475,0.01999018286884353,0.3315526624199072,0.3372155339437755,50,20,20
34,1538,0.3112416187484088,0.019990005701275595,0.3116734813624044,0.35709489418791207,50,20,20
34,1539,0.31100188031595954,0.019990411438945296,0.31191283111689444,0.35709487712820137,50,20,20
34,1540,0.3121484808374232,0.019990411438840762,0.31076627599457496,0.3570948317291617,50,20,20
34,1541,0.3121484808374459,0.019990411438964933,0.3108123708852732,0.3570487368383165,50,20,20
34,1542,0.31219795327374045,0.019990415373521263,0.3109187525208224,0.3568928788319161,50,20,20
34,1543,0.3121979532736494,0.019990415373641424,0.3109187467295562,0.35689288462315333,50,20,20
34,1544,0.3121979532736494,0.0199904153736415,0.3109210966797471,0.35689053467296233,50,20,20
34,1545,0.3119013874449188,0.019990395530296426,0.31121768389415333,0.3568905331306311,50,20,20
34,1546,0.3118944653916056,0.019990395530297408,0.31122460594746093,0.3568905331306359,50,20,20
34,1547,0.311750210266986,0.01999039588667221,0.3113688123126885,0.3568905815336529,50,20,20
34,1548,0.3117502102721755,0.01999039589364186,0.31137167071738664,0.35688772311679556,50,20,20
34,1549,0.300715449867918,0.01999040012697642,0.3224064738939961,0.3568876761111094,50,20,20
34,1550,0.300750405076424,0.019990399872012427,0.3223754696283083,0.35688372542325575,50,20,20
34,1551,0.30075040507642353,0.01999039987201239,0.32237545528185435,0.35688373976971016,50,20,20
34,1552,0.32037791896901824,0.019989990615631437,0.3027483506562282,0.3568837397591216,50,20,20
34,1553,0.32037791904296836,0.019989990622480934,0.30275333225344636,0.35687875808110364,50,20,20
34,1554,0.3203779187475365,0.019989990622357904,0.302635803369765,0.35699628726034005,50,20,20
34,1555,0.3099022128825238,0.019989990622458983,0.3131115092344342,0.3569962872605833,50,20,20
34,1556,0.30990221288252334,0.01998999062233668,0.31310924539097307,0.3569985511041671,50,20,20
34,1557,0.3099022128826138,0.019989990622338815,0.3132423624215507,0.35686543407349697,50,20,20
34,1558,0.29420333997848014,0.0199899907332512,0.3288444043148778,0.35696226497339195,50,20,20
34,1559,0.2942346146635517,0.019989990734047947,0.3288131296252098,0.3569622649771917,50,20,20
34,1560,0.2874042305748889,0.019989994091832088,0.3356435020733363,0.35696227325994373,50,20,20
34,1561,0.2874042305748893,0.019989994091834194,0.3356467447129933,0.3569590306202843,50,20,20
34,1562,0.28740423057488795,0.019989994091731033,0.33252177057322846,0.36008400476015345,50,20,20
34,1563,0.28740423057617975,0.019989994487779654,0.3325870588699062,0.3600187160661355,50,20,20
34,1564,0.28740989285574053,0.01999014118630045,0.3325812498752489,0.3600187160827107,50,20,20
34,1565,0.28742521218626577,0.01999625586376893,0.3325598834616668,0.360018648488299,50,20,20
34,1566,0.28742521218626577,0.019996255863768894,0.3325598658265027,0.36001866612346317,50,20,20
34,1567,0.28742521211231553,0.019996255856797093,0.3325537044728619,0.3600248275580261,50,20,20
34,1568,0.2870156915925122,0.01999621853304603,0.33297331710144185,0.3600147727729997,50,20,20
34,1569,0.2870148565902275,0.019996218533042585,0.3303509526365424,0.3626379722401871,50,20,20
34,1570,0.2870148565902275,0.01999621853304251,0.33034860199263855,0.3626403228840911,50,20,20
34,1571,0.28701485658503806,0.019996218526072893,0.330475607801569,0.3625133170873198,50,20,20
34,1572,0.28701485658501535,0.019996218525948725,0.33042945671728574,0.3625594681717499,50,20,20
34,1573,0.2679650221139202,0.01999684165249764,0.3493093543601975,0.36272878187338214,50,20,20
34,1574,0.2679650221139186,0.019996841652497564,0.349309283087301,0.3627288531462803,50,20,20
34,1575,0.2784272582041094,0.019996841831936996,0.33884704594718396,0.3627288540167672,50,20,20
34,1576,0.27842725820410946,0.019996841831936996,0.33884709946206326,0.3627288005018878,50,20,20
34,1577,0.27842725820281605,0.019996841435888375,0.3387795009296195,0.3627963994316735,50,20,20
34,1578,0.27842725820281605,0.019996841435888337,0.33877621851335804,0.3627996818479349,50,20,20
34,1579,0.27843596376412083,0.0199972576027058,0.3387670964874552,0.3627996821457154,50,20,20
34,1580,0.27843795655396447,0.01999725760259585,0.33876510369825064,0.3627996821451868,50,20,20
34,1581,0.27843795655396447,0.019997257602595887,0.3387651224036938,0.3627996634397437,50,20,20
34,1582,0.2784379565539661,0.019997257602718106,0.33863530832908667,0.362929477514227,50,20,20
34,1583,0.2784379565539661,0.01999725760272025,0.33863764041180816,0.36292714543150345,50,20,20
34,1584,0.27743207734515457,0.019998280773532485,0.33964242164848374,0.3629272202328269,50,20,20
34,1585,0.2944229858015551,0.019998280768902622,0.32265158252375803,0.362927150905784,50,20,20
34,1586,0.2901659595897715,0.019998284694663356,0.326908586152245,0.36292716956331966,50,20,20
34,1587,0.28287709510965287,0.01999726152573515,0.33419853276088207,0.3629271106037292,50,20,20
34,1588,0.28287709510974396,0.01999726152573515,0.3342008903966316,0.36292475296788856,50,20,20
34,1589,0.28287709931034166,0.019997261525857,0.3342760927328218,0.362849546430979,50,20,20
34,1590,0.28287709931025057,0.01999726152585911,0.3342769968166311,0.3628486423472586,50,20,20
34,1591,0.2828770993101605,0.019997261525978513,0.3342769988250045,0.3628486403388559,50,20,20
34,1592,0.2706108374416822,0.0199972790729855,0.3465430760779285,0.3628488074074,50,20,20
34,1593,0.27902894584074295,0.019997279071074667,0.33812499579085104,0.36284877929733006,50,20,20
34,1594,0.2786089636667034,0.019997269132399652,0.3415054205238126,0.35988834667708114,50,20,20
34,1595,0.278608963666705,0.019997269132401782,0.3416385467410742,0.35975522045981584,50,20,20
34,1596,0.27860896367189386,0.019997269132521985,0.3415077985737566,0.3598859686218243,50,20,20
34,1597,0.2786089636723144,0.019388816724112547,0.34211625082822733,0.3598859687753425,50,20,20
34,1598,0.27860896367231447,0.019388816724112624,0.34211955251465787,0.3598826670889117,50,20,20
34,1599,0.27830907956631196,0.019388826443302424,0.34241942775742473,0.35988266623295795,50,20,20
34,1600,0.27838579494185994,0.019388826436876415,0.34234271410453415,0.3598826645167263,50,20,20
34,1601,0.2783713450961738,0.019388139081676015,0.34235396557343234,0.3598865502487149,50,20,20
34,1602,0.2783713450961738,0.01938813908167387,0.34235161454921637,0.3598889012729331,50,20,20
34,1603,0.27843041984691086,0.01938816350146011,0.3422925132996672,0.3598889033519589,50,20,20
34,1604,0.27789735031477325,0.019388163675374576,0.3428255826430845,0.359888903366765,50,20,20
34,1605,0.27789735031477325,0.019388163675376723,0.3428288848910126,0.3598856011188344,50,20,20
34,1606,0.27789735031477325,0.019388163675255227,0.342699011429646,0.36001547458032257,50,20,20
34,1607,0.2760715901964828,0.01939506982985023,0.3444843714294521,0.3600489685442112,50,20,20
34,1608,0.2565440414137276,0.019395083958507614,0.36401181883009026,0.3600490557976711,50,20,20
34,1609,0.2565440414137276,0.019395083958507576,0.3640085743814756,0.36005230024628576,50,20,20
34,1610,0.256544041413309,0.00563471068106978,0.37776894776836706,0.36005230013725054,50,20,20
34,1611,0.26098388883607493,0.005634706754492783,0.3733291231442073,0.3600522812652215,50,20,20
34,1612,0.2726006152208101,0.005634705081751817,0.3617123741273244,0.36005230557010975,50,20,20
34,1613,0.2726005217387463,0.0056347121877146555,0.35860069410819356,0.36316407196534206,50,20,20
34,1614,0.27077500578874736,0.005634712192347333,0.36042614070503076,0.36316414131387026,50,20,20
34,1615,0.2510996852293099,0.005665140064230503,0.3800660309370747,0.3631691437693808,50,20,20
34,1616,0.2510996852293099,0.00566514006423054,0.380068380814839,0.3631667938916165,50,20,20
34,1617,0.2511001980318679,0.005704237470150825,0.3800288399542643,0.3631667245437129,50,20,20
34,1618,0.2511001938312718,0.005704237470033227,0.37995475015463387,0.3632408185440571,50,20,20
34,1619,0.25110019383136284,0.005704237470035373,0.3799580524161224,0.3632375162824754,50,20,20
34,1620,0.2511001938312726,0.005704237470033228,0.3800208628720219,0.36317470582666833,50,20,20
34,1621,0.24893754210179478,0.005704339480811793,0.38218340390602223,0.36317471451136696,50,20,20
34,1622,0.24893754210179317,0.005704339480807502,0.38218230706501466,0.3631758113523804,50,20,20
34,1623,0.24893754210698182,0.005704339487777191,0.38212235419374496,0.3632357642114918,50,20,20
34,1624,0.24893754210187283,0.005704339486967258,0.3844457929776111,0.36091232543354457,50,20,20
34,1625,0.24893754210187438,0.005704339486967258,0.3844448418266947,0.36091327658445943,50,20,20
34,1626,0.23786762143881135,0.0057043517417748055,0.3955136398788284,0.36091438694057865,50,20,20
34,1627,0.23789045103850615,0.005704344635393508,0.3986025837827143,0.3578026205433794,50,20,20
34,1628,0.23789045103850615,0.005704344635393508,0.3986025442417385,0.3578026600843555,50,20,20
34,1629,0.23828459795284876,0.005673937405825711,0.3800348133436733,0.37600665129764593,50,20,20
34,1630,0.23734000837203031,0.005673314282752365,0.3811493397526515,0.37583733759255944,50,20,20
34,1631,0.23667825589995367,0.005673302036560765,0.38181214817515735,0.37583629388832224,50,20,20
34,1632,0.2366782559000445,0.005673302036562905,0.38185830132819265,0.3757901407351938,50,20,20
34,1633,0.23385158692512575,0.0056733020365629635,0.3846849703027949,0.37579014073551,50,20,20
34,1634,0.24055317757378167,0.005673301278258904,0.3779820251411809,0.3757914960067749,50,20,20
34,1635,0.24055317757378167,0.005673301278256797,0.3779787803721586,0.3757947407757992,50,20,20
34,1636,0.24055317757378167,0.005673301278256797,0.37797878035443266,0.3757947407935251,50,20,20
34,1637,0.2405531775737816,0.005673301278256759,0.3779787211833914,0.3757947999645665,50,20,20
34,1638,0.2405531775737816,0.005673301278256759,0.37797872117122006,0.3757947999767376,50,20,20
34,1639,0.24055317757378003,0.005673301278134467,0.3779753696365611,0.3757981515115202,50,20,20
34,1640,0.24055357245448927,0.005673301278162446,0.3779749747556905,0.37579815151165347,50,20,20
34,1641,0.2405309808697476,0.005673301784316188,0.37799756461589196,0.37579815273004025,50,20,20
34,1642,0.2405309808697476,0.00567330178443634,0.3779966791172382,0.37579903822857397,50,20,20
34,1643,0.2405309808697476,0.005673301784436302,0.3779966404723358,0.37579907687347647,50,20,20
34,1644,0.240530980869748,0.005673301784438447,0.377996730981651,0.3757989863641587,50,20,20
34,1645,0.2602412831437232,0.005673301780044759,0.358286429926669,0.3757989851495596,50,20,20
34,1646,0.2605425945477405,0.005667183744387024,0.3579854609398058,0.375804760768063,50,20,20
34,1647,0.2605425945477421,0.0056671837443871,0.35798876334034996,0.37580145836751727,50,20,20
34,1648,0.2605074745085902,0.0056671837487935325,0.3580238833754612,0.3758014583671512,50,20,20
34,1649,0.2604504324010104,0.005667159314270059,0.35808094997618256,0.37580145830853323,50,20,20
34,1650,0.26045043240103316,0.005667159314270059,0.35808106452862076,0.37580134375607216,50,20,20
34,1651,0.2604504156755916,0.005667158920155156,0.35798113975572216,0.37590128564852743,50,20,20
34,1652,0.2600847123713646,0.005667162905197958,0.3583526146535979,0.37589551006983635,50,20,20
34,1653,0.2600336846622317,0.00566716510261157,0.3584036296856619,0.37589552054949155,50,20,20
34,1654,0.2600336846622089,0.005667165102611569,0.3584035713641062,0.37589557887107,50,20,20
34,1655,0.2600336846622089,0.00566716510261157,0.3584036096470482,0.37589554058812785,50,20,20
34,1656,0.2600336846622105,0.005667165102613716,0.35840590450786824,0.37589324572730404,50,20,20
34,1657,0.26003872464225486,0.005667165248859785,0.3710395416174263,0.36325456849145527,50,20,20
34,1658,0.27996251539965467,0.005667165248736105,0.35111575288174585,0.3632545664698597,50,20,20
34,1659,0.27925068797692915,0.005667144606419753,0.3500377579176185,0.365044409499029,50,20,20
34,1660,0.2800879638663452,0.0056671368419503685,0.3491988300336888,0.36504606925801236,50,20,20
34,1661,0.2802323821219175,0.005667139384105386,0.34905439669871446,0.36504608179525944,50,20,20
34,1662,0.2832561355745258,0.00566713718669227,0.3460306559194964,0.3650460713192824,50,20,20
34,1663,0.3027402355809845,0.005667137188125286,0.3265493864466572,0.36504324078423095,50,20,20
34,1664,0.29798124210300364,0.005668461345379634,0.33130722283477226,0.36504307371684275,50,20,20
34,1665,0.2979814719556828,0.005668461339338977,0.32984985624859786,0.3665002104563786,50,20,20
34,1666,0.29798147195051505,0.005668461339218781,0.32991220251314746,0.3664378641971169,50,20,20
34,1667,0.29801229701021453,0.005668461339080876,0.32988137636811415,0.3664378652825879,50,20,20
34,1668,0.31317236791912206,0.005681425893001838,0.3148051623379448,0.36634104384992916,50,20,20
34,1669,0.31317236791912434,0.005681425893001865,0.3203401144962445,0.3608060916916265,50,20,20
34,1670,0.31317236791912434,0.005681425893124161,0.32034136970411403,0.3608048364836347,50,20,20
34,1671,0.3131752332319822,0.005681425893095699,0.32033850439148426,0.36080483648343475,50,20,20
34,1672,0.2963552950682667,0.0056859095609787975,0.33715494061181195,0.3608038547589399,50,20,20
34,1673,0.296355295068244,0.005685909560856501,0.33715258067623516,0.3608062146946618,50,20,20
34,1674,0.306635124269446,0.005685910405784437,0.3268723959652044,0.36080656935956257,50,20,20
34,1675,0.30663512426944595,0.0056859104057823285,0.3270588872235179,0.3606200781012512,50,20,20
34,1676,0.3254046872849774,0.005686455037510888,0.3082926202524698,0.3606162374250397,50,20,20
34,1677,0.3254638012206531,0.005685113340110071,0.30823484797951645,0.36061623745971827,50,20,20
34,1678,0.32726097957892025,0.005685113335695526,0.3064376695877825,0.36061623749759947,50,20,20
34,1679,0.327260979578918,0.005685113335695499,0.3009027174345211,0.36615118965086324,50,20,20
34,1680,0.33123512061258764,0.005672148558649911,0.2969415608700104,0.3661511699587499,50,20,20
34,1681,0.33123512061258764,0.00567214855864996,0.30392644018211895,0.359166290646641,50,20,20
34,1682,0.3115427744530809,0.0056723815461028285,0.3236188655454882,0.3591659784553257,50,20,20
34,1683,0.31154277445310363,0.00567238154610707,0.31663404769561254,0.3661507963051747,50,20,20
34,1684,0.3097011546553267,0.005672382753679528,0.31847566062116434,0.3661508019698273,50,20,20
34,1685,0.30625866920837225,0.005672380285913231,0.3219181508803778,0.3661507996253351,50,20,20
34,1686,0.3068052034861006,0.005672370387183922,0.3213716265158842,0.36615079961083014,50,20,20
34,1687,0.30680520348610063,0.005672370387183922,0.3213716644797907,0.36615076164692356,50,20,20
34,1688,0.30674296140409885,0.005672370387978343,0.32143390656099813,0.36615076164692345,50,20,20
34,1689,0.30677522631268056,0.005672369120040904,0.321192011850927,0.3663603927163501,50,20,20
34,1690,0.306771668518423,0.005672369123283514,0.3211955696267488,0.3663603927315433,50,20,20
34,1691,0.3202049991048861,0.005633285626039029,0.307801257347087,0.36636045792198746,50,20,20
34,1692,0.3202049991035921,0.005633285626036888,0.30773623832578584,0.36642547694458466,50,20,20
34,1693,0.30388232503779766,0.0056327769297127165,0.3240594665648078,0.36642543146767986,50,20,20
34,1694,0.3038762290613135,0.0056327769297136975,0.3240655625412869,0.36642543146768447,50,20,20
34,1695,0.295041935056041,0.005651224556594597,0.3328798654156811,0.3664269749716814,50,20,20
34,1696,0.2950424940156472,0.005651224557377415,0.3328793064516886,0.3664269749752849,50,20,20
34,1697,0.27856350189412526,0.005651224491787962,0.34935830878966606,0.36642696482441883,50,20,20
34,1698,0.2588827092867777,0.005657788600706698,0.3690319882793767,0.36642751383313554,50,20,20
34,1699,0.25888270928668683,0.005657788600704558,0.36898587428910185,0.3664736278235033,50,20,20
34,1700,0.25888270928666407,0.005657788600700267,0.36898579684394817,0.36647370526868384,50,20,20
34,1701,0.25884172240249675,0.0056577887273576676,0.36239795401805436,0.37310253485208766,50,20,20
34,1702,0.2393355366678334,0.0056577887285577735,0.38190407327113074,0.3731026013324747,50,20,20
34,1703,0.23933553666783303,0.00565778872855779,0.3820905338272037,0.37291614077640206,50,20,20
34,1704,0.23933442544283298,0.00565778872855779,0.3820916450522037,0.37291614077640206,50,20,20
34,1705,0.24215896769740258,0.005657788728559794,0.37926710279793013,0.37291614077610474,50,20,20
34,1706,0.24202909573539352,0.005657788772895836,0.37939697471549627,0.3729161407762115,50,20,20
34,1707,0.24199621390135367,0.005657775244261975,0.3796394330930244,0.3727065777613572,50,20,20
34,1708,0.24192656498623308,0.005651980882054824,0.3795062356027088,0.3729152185290003,50,20,20
34,1709,0.24192656498623305,0.005651980882054824,0.3795062383652335,0.3729152157664757,50,20,20
34,1710,0.24192656498621035,0.005651980882054811,0.3796280254511425,0.37279342868058934,50,20,20
34,1711,0.24188486875613324,0.005651981116309096,0.37945898805952744,0.3730041620680293,50,20,20
34,1712,0.23915957468969315,0.005651985523052995,0.3821842777126452,0.3730041620746082,50,20,20
34,1713,0.23915957468969118,0.020020542939241093,0.3678157203409894,0.37300416203007736,50,20,20
34,1714,0.2391595746896908,0.02002054293924106,0.367812418549831,0.3730074638212361,50,20,20
34,1715,0.23884763732843772,0.020020562012201547,0.3681194097520648,0.37301239090729477,50,20,20
34,1716,0.2543159404899833,0.020020542939969698,0.35265605236537084,0.3730074642046728,50,20,20
34,1717,0.2543159404899849,0.020020542939969736,0.3527022163928281,0.3729613001772139,50,20,20
34,1718,0.2635231360616068,0.020020552024969065,0.3434953651080958,0.37296094680532504,50,20,20
34,1719,0.26352313606160666,0.019172803546146918,0.3443431135868723,0.3729609468053709,50,20,20
34,1720,0.2635231360616066,0.019172803546144753,0.34415661875236675,0.3731474416398787,50,20,20
34,1721,0.26303215181171535,0.01917280354936428,0.34464755564834415,0.37314748899057304,50,20,20
34,1722,0.26307183948389556,0.019172800976484997,0.3446078827347439,0.3731474768048718,50,20,20
34,1723,0.2630718394839866,0.019172800976485035,0.3446056147264382,0.3731497448130866,50,20,20
34,1724,0.2630718394839866,0.019172800976485035,0.34460561472134055,0.3731497448181841,50,20,20
34,1725,0.2630718394839866,0.019172800976362737,0.3446031979598951,0.37315216157975195,50,20,20
34,1726,0.24355070275292057,0.019172803439833352,0.3641236511181644,0.3731528426890801,50,20,20
34,1727,0.2435507027529206,0.019172803439835514,0.3643102017880647,0.3729662920191778,50,20,20
34,1728,0.2435507027529206,0.019172803446805168,0.3643163216846129,0.37296017211565996,50,20,20
34,1729,0.24355070275420268,0.019172803839881594,0.3644873779181388,0.37278911548777577,50,20,20
34,1730,0.24008308673932993,0.01917292123828938,0.3679548663707445,0.37278912565163513,50,20,20
34,1731,0.24006050405320942,0.019172921234157723,0.36797745014681327,0.3727891245658188,50,20,20
34,1732,0.23998380433116534,0.01917292243143538,0.3680541541419144,0.3727891190954827,50,20,20
34,1733,0.23998380433124214,0.019172922437319714,0.3711789549206482,0.3696643183107877,50,20,20
34,1734,0.2399984150240936,0.01917330446611903,0.3785202211496653,0.36230805936012034,50,20,20
34,1735,0.2399984150240936,0.019173304459271675,0.37851647812836126,0.3623118023882717,50,20,20
34,1736,0.2399984150240936,0.019173304459269624,0.37851647802325195,0.3623118024933833,50,20,20
34,1737,0.22354766326109185,0.019183009389636612,0.3949567134298883,0.36231261391938185,50,20,20
34,1738,0.2322245316822231,0.01916456194599228,0.38629709623643005,0.36231381013535335,50,20,20
34,1739,0.23174329973993593,0.019164561946027767,0.38677450828007615,0.36231763003395884,50,20,20
34,1740,0.23174329973994354,0.02000418036795494,0.3859348898581862,0.3623176300339139,50,20,20
34,1741,0.23189098522018042,0.02000418490354797,0.3857871782182524,0.3623176516580175,50,20,20
34,1742,0.22334754291364398,0.020004437567676142,0.3943267603245827,0.36232125919409597,50,20,20
34,1743,0.2209016871290732,0.020004401646365855,0.3967726521095667,0.362321259114992,50,20,20
34,1744,0.2209016871290716,0.02000440164636371,0.3967703135440678,0.3623235976804947,50,20,20
34,1745,0.22090168712921784,0.0071121711805788145,0.4096625440097087,0.362323597680493,50,20,20
34,1746,0.22055741970419318,0.007112296438828752,0.408028217823716,0.36430206603326054,50,20,20
34,1747,0.22055741970419362,0.007112296445753935,0.4081618849768525,0.36416839887319846,50,20,20
34,1748,0.2176547869883303,0.007107987285710029,0.4110692086778052,0.3641680170481538,50,20,20
34,1749,0.21765478698833024,0.00710798728570999,0.4110691513724995,0.3641680743534596,50,20,20
34,1750,0.2178183097614834,0.007107987102471479,0.41090836850255746,0.36416533463348666,50,20,20
34,1751,0.2003212579587496,0.007145543983195858,0.4283646694882946,0.36416852856975857,50,20,20
34,1752,0.20032125795874958,0.007145543983193695,0.42817817475644426,0.3643550233016109,50,20,20
34,1753,0.19964177062696717,0.007145544150179662,0.42885766112510604,0.3643550240977448,50,20,20
34,1754,0.1996416433000489,0.007155272124694875,0.42884806048191026,0.3643550240933437,50,20,20
34,1755,0.1996299757826721,0.007154889949651939,0.42886187053967334,0.3643532637280007,50,20,20
34,1756,0.19939187995765922,0.007157098961720188,0.42909813427675225,0.3643528868038658,50,20,20
34,1757,0.20580704941248118,0.007157085048411421,0.42268304392630407,0.36435282161280136,50,20,20
34,1758,0.20583222498049938,0.017307155278966865,0.4125075368167247,0.3643530829238076,50,20,20
34,1759,0.20333242275470387,0.01730715757481846,0.41497301113254975,0.3643874085379265,50,20,20
34,1760,0.20333245346308707,0.017297255601141072,0.4149828823978438,0.3643874085379267,50,20,20
34,1761,0.20329929473955566,0.026276189778968378,0.40603736825455955,0.3643871472269153,50,20,20
34,1762,0.21037364774660103,0.026275927376146875,0.3989630330474324,0.3643873918298181,50,20,20
34,1763,0.21037364774660106,0.026275927376146875,0.3988412467818217,0.3645091780954288,50,20,20
34,1764,0.21037364774660106,0.026275927376146875,0.3988413030177432,0.3645091218595073,50,20,20
34,1765,0.21287793480256614,0.026275925080281048,0.3963713560036248,0.36447478411352635,50,20,20
34,1766,0.21831192071310057,0.026276082571114388,0.390936461166766,0.36447553554901757,50,20,20
34,1767,0.2183119207131006,0.026276082571116532,0.3909365210486524,0.3644754756671291,50,20,20
34,1768,0.21831192071181693,0.026276082178040068,0.39071930077036077,0.36469269633978085,50,20,20
34,1769,0.21831188889054737,0.026276167642067205,0.3907188249701787,0.3646931184972054,50,20,20
34,1770,0.21480086895132067,0.026283100023400882,0.394222902173656,0.364693128851621,50,20,20
34,1771,0.21480086895141132,0.026283100016475696,0.3940925421869015,0.36482348884521004,50,20,20
34,1772,0.21528232761512764,0.026283100012146413,0.3936149687329021,0.3648196036398219,50,20,20
34,1773,0.2232163665556149,0.02628309547784094,0.38568095560632065,0.36481958236022183,50,20,20
34,1774,0.21854356684090714,0.026283197876805803,0.39035271006973427,0.36482052521255126,50,20,20
34,1775,0.21854356684090714,0.026283197876805837,0.3903526943916419,0.36482054089064375,50,20,20
34,1776,0.2185095849646091,0.02628319786808215,0.39038667512013747,0.36482054204717057,50,20,20
34,1777,0.2114352277354401,0.02628679975275826,0.39745767506614194,0.3648202974456586,50,20,20
34,1778,0.21142991440352576,0.02628604678865208,0.3974638662007597,0.3648201726070617,50,20,20
34,1779,0.21142991440359946,0.026286046788652113,0.4015596406719591,0.360724398135787,50,20,20
34,1780,0.21142991440359943,0.026286046788652078,0.40137314676054797,0.3609108920471982,50,20,20
34,1781,0.21142991440350836,0.026286046788654222,0.4013730846447834,0.36091095416305163,50,20,20
34,1782,0.21142991440350842,0.026286046788654222,0.40137308464478155,0.3609109541630534,50,20,20
34,1783,0.21143303401709257,0.026286046870155254,0.40137003303974594,0.3609108860730035,50,20,20
34,1784,0.21143280416442384,0.026286047266435894,0.40054776689316113,0.361733381675976,50,20,20
34,1785,0.21143280416442384,0.026286047266435894,0.40054772594644716,0.36173342262268987,50,20,20
34,1786,0.2134732619459203,0.02628604486158563,0.3985072705513116,0.36173342264118075,50,20,20
34,1787,0.2134732619460112,0.026286044868541317,0.39855342752041684,0.3616872656650292,50,20,20
34,1788,0.2134732619460108,0.026286044868539173,0.39873667617155656,0.3615040170138918,50,20,20
34,1789,0.21347326194585692,0.03919760600781681,0.38582511503243283,0.3615040170138918,50,20,20
34,1790,0.21327944278366628,0.039197606052664036,0.38598002434327705,0.3615429268203906,50,20,20
34,1791,0.2132794427836647,0.03919760605266189,0.38597772947741826,0.36154522168625314,50,20,20
34,1792,0.2132794427836651,0.03919760605278419,0.38597885274092897,0.36154409842261975,50,20,20
34,1793,0.21327633267660992,0.0391976061963453,0.38577935141738445,0.36174670970965833,50,20,20
34,1794,0.20078280770115542,0.03919752268245685,0.3982728824812147,0.3617467871351711,50,20,20
34,1795,0.2007828077011574,0.03919752268245897,0.3982751118533859,0.36174455776299597,50,20,20
34,1796,0.20076464560739368,0.03919752254827589,0.38510865640466446,0.37492917543966475,50,20,20
34,1797,0.20076464560730284,0.03919752254829078,0.3850659422143349,0.37497188963007033,50,20,20
34,1798,0.2007632909504042,0.03919739483082357,0.3870247745685701,0.3730145396502011,50,20,20
34,1799,0.20076329095040385,0.03919739483523811,0.3940087429841575,0.3660305712301996,50,20,20
34,1800,0.20076329095049492,0.03919739483524026,0.3940066080275391,0.3660327061867246,50,20,20
34,1801,0.20076328165079446,0.03919739681460792,0.3942086263295992,0.3658306952049974,50,20,20
34,1802,0.20076328165079446,0.03919739681460792,0.39402211495592643,0.36601720657867015,50,20,20
34,1803,0.20038472502308252,0.03919739950918198,0.3943616772793264,0.36605619818840884,50,20,20
34,1804,0.19950458677718413,0.039197392793092,0.3952436164409909,0.3660544039887317,50,20,20
34,1805,0.19950458562086087,0.039197304221725876,0.39289508129843026,0.3684030288589814,50,20,20
34,1806,0.19950514889188217,0.039197304405614704,0.39271035064015464,0.3685871960623468,50,20,20
34,1807,0.19950514889187512,0.04006422994278317,0.3918434251029453,0.36858719606239476,50,20,20
34,1808,0.18019312283986433,0.040064230716717726,0.41119419315042693,0.3685484532929882,50,20,20
34,1809,0.1783845224619435,0.04002667994558645,0.4081726674181836,0.37341613017428466,50,20,20
34,1810,0.17838452669428656,0.0400266803241105,0.3917594715182149,0.3898293214633866,50,20,20
34,1811,0.1783845266942097,0.0400266803182262,0.3886358112539924,0.39295298173357024,50,20,20
34,1812,0.15891873660575104,0.04002668056959067,0.4081016484204859,0.3929529344041706,50,20,20
34,1813,0.1589187366057738,0.040026680576560315,0.4081077686463513,0.3929468141713129,50,20,20
34,1814,0.15891873660577377,0.04002668057655815,0.40792121770092704,0.3931333651167393,50,20,20
34,1815,0.17585421964827067,0.04002668033432023,0.39119653475669525,0.392922565260713,50,20,20
34,1816,0.17585421964827067,0.04002668033432023,0.3911998372589801,0.39291926275842814,50,20,20
34,1817,0.17585421964818,0.040026680334438236,0.39120108734428727,0.3929180126730938,50,20,20
34,1818,0.17922681388581896,0.04001974795389606,0.3878354237916324,0.3929180143686517,50,20,20
34,1819,0.17922681388581896,0.04001974795389606,0.3878354242158622,0.3929180139444219,50,20,20
34,1820,0.17922681388584305,0.040019748346972486,0.3880515056574603,0.3927019321097232,50,20,20
34,1821,0.17922681388584305,0.040019748346972486,0.3880514924200631,0.39270194534712055,50,20,20
34,1822,0.16980283672184934,0.040019495686588885,0.3974793301426359,0.39269833744892296,50,20,20
34,1823,0.1834399125461032,0.0400194948693334,0.3838424215632591,0.39269817102130267,50,20,20
34,1824,0.1834399125461028,0.0400194948692111,0.38384006203825677,0.3927005305464277,50,20,20
34,1825,0.18343991254602912,0.040019494869211074,0.3797443448163774,0.3967962477683809,50,20,20
34,1826,0.18343991254602912,0.040019494869211074,0.37974430752097504,0.3967962850637833,50,20,20
34,1827,0.1833786321569092,0.040019494869211567,0.3798055879100292,0.3967962850638487,50,20,20
34,1828,0.18337863212917957,0.040019492699079603,0.3798061798629564,0.39679569530878284,50,20,20
34,1829,0.18337863212917957,0.040019492699079603,0.3798062178973842,0.39679565727435495,50,20,20
34,1830,0.16455127458657912,0.04001950639103489,0.39863349612467613,0.39679572289770676,50,20,20
34,1831,0.16436111941171375,0.04001960399984058,0.40369388293016173,0.39192539365828,50,20,20
34,1832,0.1659999887019202,0.040020298969931985,0.4018653864190254,0.3921143259091183,50,20,20
34,1833,0.16599998870192023,0.04002029896993416,0.40193008924008367,0.3920496230880579,50,20,20
34,1834,0.16599998870192023,0.040020298969931985,0.4018661389119249,0.39211357341621883,50,20,20
34,1835,0.1659999844688044,0.040020298590588865,0.40063073352700784,0.39334898341359475,50,20,20
34,1836,0.16599998551587522,0.040020300512351045,0.3989001559389378,0.3950795580328325,50,20,20
34,1837,0.1656882636378626,0.04002030068786467,0.39921183149428274,0.3950796041799867,50,20,20
34,1838,0.1656882636378642,0.040020300687986926,0.399150418496389,0.39514101717775674,50,20,20
34,1839,0.1656884220936515,0.040020300683667076,0.39915026004422116,0.39514101717845695,50,20,20
34,1840,0.16568842209365148,0.04002030068354478,0.3991478422962196,0.39514343492658094,50,20,20
34,1841,0.16520737415029274,0.040020300691555176,0.39962889140084273,0.3951434337573057,50,20,20
34,1842,0.16520737415029274,0.040009373336045984,0.39963981875635113,0.39514343375730654,50,20,20
34,1843,0.1652073741524816,0.027089375372381267,0.412559813521961,0.3951434369531714,50,20,20
34,1844,0.16520739619753402,0.02708937345064614,0.41429036801389046,0.39341286233792483,50,20,20
34,1845,0.16746743108872666,0.027089393760541727,0.4120378456813889,0.3934053294693388,50,20,20
34,1846,0.1808834968662519,0.027089397184900058,0.39711087294700353,0.39491623300184076,50,20,20
34,1847,0.1808834968662499,0.02708939718501941,0.39724177828891494,0.394785327659812,50,20,20
34,1848,0.1808834968640609,0.040013066900785314,0.38431811177125075,0.39478532446389925,50,20,20
34,1849,0.18088349686397007,0.0400130665043877,0.38445469653992836,0.39464874009170997,50,20,20
34,1850,0.18185574104871016,0.04001306616189491,0.3834824502965142,0.39464874249287685,50,20,20
34,1851,0.19969943803201942,0.04001306615814487,0.3656387533381777,0.39464874247165743,50,20,20
34,1852,0.1996994453972361,0.040003246922852356,0.3656493867981754,0.3946479208817347,50,20,20
34,1853,0.20084685829812854,0.0400038085764991,0.36450136526485927,0.39464796786051165,50,20,20
34,1854,0.20084685829812854,0.04000380857662113,0.36454421001594134,0.3946051231093078,50,20,20
34,1855,0.19810976765960792,0.04000501817557016,0.36728009437647197,0.3946051197883494,50,20,20
34,1856,0.19891820759038759,0.04000501884454665,0.34978991735108045,0.41128685621398486,50,20,20
34,1857,0.19815111968676816,0.040004323735872066,0.3507466011215106,0.41109795545584893,50,20,20
34,1858,0.19815111968676816,0.04000432373587203,0.3507465844238153,0.4110979721535442,50,20,20
34,1859,0.20071818013348877,0.0400043333439826,0.34817942607400054,0.41109806044852787,50,20,20
34,1860,0.20071818013348877,0.0400043333439826,0.34817932981621624,0.41109815670631206,50,20,20
34,1861,0.19730096266050443,0.040004927702271306,0.35159689609248174,0.41109721354474155,50,20,20
34,1862,0.2038494892678346,0.04000492427775714,0.34655927765917716,0.4095863087952298,50,20,20
34,1863,0.20384948926783497,0.04000492427787943,0.34656257236092086,0.40958301409336384,50,20,20
34,1864,0.20384937650008197,0.03999801815751352,0.3448803992817699,0.41127220606063153,50,20,20
34,1865,0.2038493765738836,0.0399980181575178,0.3449267432968164,0.41122586197177924,50,20,20
34,1866,0.2038494713195406,0.03999570451339562,0.344928962010132,0.41122586215692714,50,20,20
34,1867,0.20384947234475242,0.03999570447984229,0.34663463843569664,0.4095201847397048,50,20,20
34,1868,0.2038494511078267,0.03999571693397793,0.3466351807366575,0.4095196512215336,50,20,20
34,1869,0.20384945008260735,0.039995716933405326,0.3297769842362669,0.42637784874771945,50,20,20
34,1870,0.2038493557397096,0.04000265265074879,0.32977014304379665,0.42637784856574407,50,20,20
34,1871,0.20384935573961854,0.04000265265074872,0.3297701006677704,0.4263778909418615,50,20,20
34,1872,0.20384935573961824,0.040002652650645516,0.3266453074677891,0.4295026841419463,50,20,20
34,1873,0.21772116601247407,0.040002495306834314,0.31277431687886936,0.429502021801821,50,20,20
34,1874,0.21772116601247568,0.0400024953068365,0.31277545742595136,0.4295008812547352,50,20,20
34,1875,0.21404998565443173,0.04000250078287514,0.31644663290958447,0.4295008806531078,50,20,20
34,1876,0.2147404464401455,0.040002498669597174,0.3157561527548857,0.4295009021353706,50,20,20
34,1877,0.21474044644014548,0.04000249866959721,0.3157553835530341,0.42950167133722206,50,20,20
34,1878,0.21474044644014548,0.04000249866959935,0.31575644485668175,0.42950061003357226,50,20,20
34,1879,0.21650688793597653,0.04000174166502263,0.31419988831049017,0.42929148208850954,50,20,20
34,1880,0.1967236961271897,0.04000175630036474,0.3339792326403973,0.4292953149320442,50,20,20
34,1881,0.1967236961271881,0.04000175630024429,0.33710067073650857,0.42617387683605484,50,20,20
34,1882,0.1941180776477996,0.04000175563119614,0.3363891661782051,0.429491000542795,50,20,20
34,1883,0.19411807764779992,0.04000175563119611,0.33657566087265267,0.429304505848347,50,20,20
34,1884,0.19411807764779992,0.04000175563107408,0.33652951261542113,0.4293506541057006,50,20,20
34,1885,0.18821278243338196,0.040001857475697414,0.3424075224610544,0.42937783762986165,50,20,20
34,1886,0.1911096477602702,0.040000627325646215,0.3395118872847735,0.429377837629306,50,20,20
34,1887,0.19110914533249623,0.03999995216986138,0.33951306309662954,0.429377839401009,50,20,20
34,1888,0.19329955709594074,0.039999949878747255,0.3373226630379014,0.4293778299874064,50,20,20
34,1889,0.21008926539315775,0.03999994991682951,0.3205329453556917,0.4293778393343172,50,20,20
34,1890,0.20985496575598234,0.0399999502784626,0.32076729142703475,0.42937779253851743,50,20,20
34,1891,0.20784959696284477,0.04000001518514115,0.3227726072901133,0.4293777805618971,50,20,20
34,1892,0.20784959696284475,0.040000015180604344,0.315787478368319,0.43636290948822926,50,20,20
34,1893,0.20667995581351992,0.040402952175874744,0.3165536570518095,0.4363634349587929,50,20,20
34,1894,0.20667995581351836,0.0404029521759946,0.31659866476195925,0.4363184272485251,50,20,20
34,1895,0.2066799558136314,0.04040295218291879,0.316735058956777,0.43618203304667014,50,20,20
34,1896,0.2066871887853889,0.04000017411193237,0.31713119535833956,0.43618144174433654,50,20,20
34,1897,0.20878822940488792,0.040000109202902534,0.3150302195336268,0.43618144185858115,50,20,20
34,1898,0.2087882294048883,0.04000010920290041,0.31503066797151486,0.4361809934206948,50,20,20
34,1899,0.20871268797669315,0.04000086170248325,0.31510917567334273,0.43617727464747913,50,20,20
34,1900,0.20871268797669315,0.040000861702483285,0.31492547881138544,0.4363609715094364,50,20,20
34,1901,0.20871268797669315,0.04000086170236179,0.3147923597804342,0.43649409054050897,50,20,20
34,1902,0.2039606029167848,0.04000084303910655,0.3195445496286073,0.4364940044154981,50,20,20
34,1903,0.2039606029167848,0.040000843039104714,0.3164221099220943,0.4396164441220129,50,20,20
34,1904,0.2067669120662043,0.04000086196839183,0.3133072230933347,0.43992500287206565,50,20,20
34,1905,0.21636555682026173,0.04000085649003233,0.3037085837956724,0.43992500289403014,50,20,20
34,1906,0.21636555682026173,0.04000085649003236,0.30370860049327925,0.4399249861964231,50,20,20
34,1907,0.21636555682848385,0.04000100189101498,0.30370845508400934,0.43992498619648784,50,20,20
34,1908,0.20136901337327784,0.040001001852929444,0.31870500910359867,0.43992497567019073,50,20,20
34,1909,0.20151992024949494,0.04000100185292843,0.3185541022273872,0.439924975670186,50,20,20
34,1910,0.20151992024949494,0.04000100185292628,0.3185530003860653,0.4399260775115101,50,20,20
34,1911,0.20152105585805313,0.03999739906953634,0.31852687403073077,0.439954671041676,50,20,20
34,1912,0.20152105578434257,0.0399973990695342,0.3184814017892026,0.44000014335691673,50,20,20
34,1913,0.20152105578892926,0.039997399075692386,0.32081542433873944,0.4376661207966357,50,20,20
34,1914,0.20152105578890517,0.03999739868261596,0.3205982610249598,0.43788328450351593,50,20,20
34,1915,0.2015210557887925,0.03999739867581402,0.3204642430515752,0.4380173024838151,50,20,20
34,1916,0.20151992017674886,0.040004488552277825,0.32048688231574635,0.4379887089552237,50,20,20
34,1917,0.19087826587611,0.04000448863881595,0.3311285357260112,0.4379887097590599,50,20,20
34,1918,0.1903882498148293,0.040004465499379124,0.331666848390459,0.4379404362953297,50,20,20
34,1919,0.1903882498149199,0.04000446589303877,0.3318547214216968,0.4377525628703417,50,20,20
34,1920,0.1903882498210962,0.03996950704142637,0.33188968010893677,0.43775256302853777,50,20,20
34,1921,0.18947365607329514,0.039969513644771436,0.33280426675113545,0.4377525635307965,50,20,20
34,1922,0.18947365607329514,0.0399695136447714,0.3328042612889973,0.43775256899293447,50,20,20
34,1923,0.18947365566010355,0.044466267799987226,0.32830750751392573,0.43775256902598186,50,20,20
34,1924,0.18947363215577503,0.04446629028955913,0.3084160605193961,0.45764401703526814,50,20,20
34,1925,0.17577082739825156,0.044473774143932394,0.3200783537365308,0.45967704472128296,50,20,20
34,1926,0.17608506798995072,0.04447377144938572,0.31980310745278495,0.459638053107877,50,20,20
34,1927,0.177813066337405,0.04447364571611241,0.3180684342725495,0.45964485367393154,50,20,20
34,1928,0.1778115407397668,0.04447364571611314,0.3180699598701213,0.45964485367399704,50,20,20
34,1929,0.1778115407397668,0.04447364571611314,0.31807001708756016,0.45964479645655826,50,20,20
34,1930,0.1860312705297471,0.044473645786659556,0.3098502868698791,0.45964479681371273,50,20,20
34,1931,0.18602949015117975,0.04617091953838202,0.3081523025962968,0.45964728771413954,50,20,20
34,1932,0.18602949015117975,0.046170919538382024,0.3081555488849142,0.4596440414255221,50,20,20
34,1933,0.18374331816890474,0.04617090237193516,0.31069863958142213,0.4593871398777358,50,20,20
34,1934,0.18374331817020229,0.04617090237193728,0.31069961194242945,0.45938616751542843,50,20,20
34,1935,0.18374331816995995,0.061655453191985614,0.2952150611561486,0.4593861674819034,50,20,20
34,1936,0.18374331816995995,0.061655453191985614,0.29521500393870986,0.45938622469934215,50,20,20
34,1937,0.1837433181699599,0.06165545318501508,0.2952138548590315,0.4593873737859909,50,20,20
34,1938,0.16400559315594912,0.06165545305661493,0.3149515202762019,0.4593874335112318,50,20,20
34,1939,0.16400559315594912,0.06165545305661493,0.3149515209932755,0.4593874327941581,50,20,20
34,1940,0.16400559315594912,0.06165545305661707,0.3149515623931187,0.4593873913943128,50,20,20
34,1941,0.16400559315594912,0.06165545305661493,0.3149515220067527,0.4593874317806809,50,20,20
34,1942,0.1640055931559503,0.061655453056612845,0.31476502521276517,0.45957392857466917,50,20,20
34,1943,0.16400559315465432,0.06165545305661494,0.31494825403180093,0.45939069975692737,50,20,20
34,1944,0.164002914469209,0.06165545305672676,0.31495093274646707,0.45939069972759533,50,20,20
34,1945,0.16395733343444532,0.061655457300385665,0.31499424454903746,0.45939296471612967,50,20,20
34,1946,0.1644875364138491,0.061655457313936124,0.3144641297911958,0.45939287648101723,50,20,20
34,1947,0.1644871234699378,0.061698304103416826,0.3144215702543617,0.4593930021722825,50,20,20
34,1948,0.1616474778123826,0.06169830409708088,0.317261101276933,0.45939311681360256,50,20,20
34,1949,0.1446731120844893,0.061726817176493955,0.3340686706412632,0.4595314000977529,50,20,20
34,1950,0.15515760060152617,0.061726817093338555,0.32358413402059183,0.4595314482845428,50,20,20
34,1951,0.1551576006014351,0.061726817093336404,0.32358326155340533,0.45953232075182254,50,20,20
34,1952,0.1551576006014351,0.061726817093216535,0.3235372119181891,0.4595783703871586,50,20,20
34,1953,0.15339131384265176,0.061726804343155584,0.3253035026397926,0.45957837917439853,50,20,20
34,1954,0.15339131384265337,0.06172680434315562,0.3253043144658502,0.4595775673483394,50,20,20
34,1955,0.15339178003343704,0.061726037211914865,0.32530474150526045,0.45957744124938577,50,20,20
34,1956,0.15339178003343545,0.06172603721191065,0.32512054031063436,0.45976164244401785,50,20,20
34,1957,0.13495895056344298,0.061727212890525865,0.3433938322038274,0.4599200043422019,50,20,20
34,1958,0.1349589505588563,0.06172721288436768,0.3410598092250124,0.46225402733176174,50,20,20
34,1959,0.1349589505588579,0.061727212884367715,0.3410565479716548,0.4622572885851175,50,20,20
34,1960,0.13496934451873566,0.061721102567794714,0.34105226428068575,0.4622572886327815,50,20,20
34,1961,0.13496934451873527,0.06172110256767245,0.34104895328631846,0.4622605996272713,50,20,20
34,1962,0.14095090140548477,0.06172119093175282,0.33506730796894874,0.4622605996938113,50,20,20
34,1963,0.13794232092465644,0.061692678071617386,0.3382426845928637,0.46212231641086016,50,20,20
34,1964,0.14975998877822538,0.06169267807169557,0.32642501616873226,0.46212231698134426,50,20,20
34,1965,0.14975998877822538,0.06169267807169557,0.3264226794828581,0.4621246536672184,50,20,20
34,1966,0.1508754319552155,0.06169267784443561,0.32551320267131983,0.46191868752902643,50,20,20
34,1967,0.1508754319552155,0.06169267784443561,0.3255132190930561,0.46191867110729024,50,20,20
34,1968,0.1508754319552155,0.06169267784443561,0.32551321934766597,0.46191867085268024,50,20,20
34,1969,0.15629728318340352,0.061692677891800815,0.32009136763166396,0.4619186712931292,50,20,20
34,1970,0.15629729385406502,0.06169267788724176,0.32009142762874665,0.46191860062994416,50,20,20
34,1971,0.1562972941498798,0.06169267788039654,0.32008895223351347,0.4619210757362077,50,20,20
34,1972,0.1562972941498782,0.06169267788039651,0.32008818023320434,0.4619218477365185,50,20,20
34,1973,0.1483516040655949,0.06169267356396116,0.3280361399691495,0.46191958240129144,50,20,20
34,1974,0.14858410028603727,0.06169267356610659,0.3278017797247085,0.46192144642314475,50,20,20
34,1975,0.14858452111624937,0.061649827240106383,0.32784433091183013,0.4619213207318111,50,20,20
34,1976,0.14858452111624898,0.06164982724010635,0.32784433089677206,0.46192132074686953,50,20,20
34,1977,0.1485845211162506,0.061649827240106383,0.3278443915021908,0.4619212601414492,50,20,20
34,1978,0.14852690036651478,0.06164982724004403,0.3279021258469232,0.46192114654651417,50,20,20
34,1979,0.15025099079542226,0.061649852455005406,0.3261779532389133,0.4619212035106549,50,20,20
34,1980,0.15025106677711744,0.06055924534147433,0.32726848422100274,0.4619212036604013,50,20,20
34,1981,0.16213679442301562,0.0605591570512955,0.315382833673356,0.46192121485232834,50,20,20
34,1982,0.16044793970957433,0.06055913192157737,0.3167907987066065,0.46220212966223717,50,20,20
34,1983,0.16044793970957433,0.06055913192157741,0.31679193748763873,0.4622009908812049,50,20,20
34,1984,0.16044793970957433,0.06055913192157741,0.31679307725592215,0.46219985111292144,50,20,20
34,1985,0.16044793970957602,0.06055913192168237,0.3199168506791115,0.45907607768962544,50,20,20
34,1986,0.1604479397095776,0.06055913192168243,0.31991914380864567,0.4590737845600895,50,20,20
34,1987,0.1604479397095775,0.06055453416132593,0.31992374157173215,0.45907378455735953,50,20,20
34,1988,0.17454033930197355,0.06055453410949063,0.30583134249269944,0.4590737840958319,50,20,20
34,1989,0.17470301969115273,0.06055453392594476,0.3056686631473385,0.4590737832355601,50,20,20
34,1990,0.1767133773350339,0.06055453384453422,0.30365831683948996,0.45907377198093796,50,20,20
34,1991,0.17677113422690635,0.06055453385188258,0.3036005609860234,0.4590737709351837,50,20,20
34,1992,0.17740384055088845,0.06055560433055676,0.30296677947203554,0.459073775646515,50,20,20
34,1993,0.17740384055088707,0.04619147652696041,0.3173309072756816,0.4590737756464665,50,20,20
34,1994,0.17740384055099928,0.04619147652709927,0.3142707936542536,0.4621338892676436,50,20,20
34,1995,0.1669375191454504,0.04619147776083393,0.3247371139374844,0.46213388915622616,50,20,20
34,1996,0.15308341089075422,0.0461919618712534,0.33859003254946485,0.4621345946885237,50,20,20
34,1997,0.17297895010838182,0.0444945155040709,0.3203944303921164,0.4621321039954273,50,20,20
34,1998,0.17297895010835965,0.04449449297562804,0.32028709638191954,0.46223946053408904,50,20,20
34,1999,0.19186282510119962,0.044494492969612984,0.30140322194626934,0.4622394599829143,50,20,20
34,2000,0.1918627491195044,0.045596105647609735,0.30030168539971436,0.46223945983316794,50,20,20
34,2001,0.1968579309725548,0.0455961083535097,0.29530836441792174,0.46223759625601035,50,20,20
34,2002,0.19715973776773044,0.045595547047554474,0.29500716587845316,0.4622375493062593,50,20,20
34,2003,0.1879623515462183,0.04559584062542397,0.3042041848409379,0.4622376229874169,50,20,20
34,2004,0.18203650161547644,0.04559584062553973,0.31013003476086737,0.46223762299811355,50,20,20
34,2005,0.1820365016170284,0.044994254118631824,0.3107242573427574,0.46224498692157967,50,20,20
34,2006,0.18202902032151605,0.044994425761468865,0.31073155237975103,0.46224500153726156,50,20,20
34,2007,0.1819302922564137,0.044994425761482805,0.31083028044112426,0.46224500154097675,50,20,20
34,2008,0.18193029225641372,0.044994425761482805,0.31083030000740036,0.46224498197470076,50,20,20
34,2009,0.18193029588123635,0.04499425137286683,0.29363748353927294,0.47943796920662146,50,20,20
34,2010,0.18193029588123596,0.04499425137274457,0.2936812129948694,0.4793942397511476,50,20,20
34,2011,0.18063839371223378,0.04499425014805329,0.29497309616427714,0.47939425997543317,50,20,20
34,2012,0.18063839371214274,0.04499425014804899,0.2949719267962437,0.4793954293435619,50,20,20
34,2013,0.1804547551785502,0.04499425275199157,0.2951166402077291,0.47943435186172645,50,20,20
34,2014,0.18045475517845966,0.04499425235833198,0.29492882489487987,0.4796221675683258,50,20,20
34,2015,0.18051661832619806,0.044994252360708614,0.29486696152443853,0.47962216778865235,50,20,20
34,2016,0.18051661470136002,0.044994252012991606,0.29205996939099366,0.48242916389465235,50,20,20
34,2017,0.18051661470135996,0.044994252012991606,0.2920599334206283,0.48242919986501775,50,20,20
34,2018,0.18051661470135996,0.04499425201299165,0.29201613713930963,0.4824729961463365,50,20,20
34,2019,0.18051661470135996,0.04499425201299165,0.29201616414777865,0.48247296913786736,50,20,20
34,2020,0.1605467674835526,0.04505651917907634,0.3119237440894561,0.48247296924791305,50,20,20
34,2021,0.17748022299443153,0.04505651245977789,0.2949903271307183,0.4824729374150699,50,20,20
34,2022,0.17749638203521304,0.045056512141294996,0.2952552024563543,0.48219190336713547,50,20,20
34,2023,0.17748619503054988,0.04505666385032638,0.2949630974286602,0.48249404369046145,50,20,20
34,2024,0.17748619503054988,0.04505666385032635,0.2949607465121239,0.4824963946069978,50,20,20
34,2025,0.1774861950305483,0.04505666385032631,0.29496072617756375,0.4824964149415596,50,20,20
34,2026,0.17715739119236484,0.04504908042089254,0.295387977888861,0.4824055504978805,50,20,20
34,2027,0.17715718431731298,0.045047949126595814,0.2956914564323898,0.4821034101237004,50,20,20
34,2028,0.17651002500443438,0.05145868684580233,0.2899277176183439,0.4821035705314185,50,20,20
34,2029,0.18825029771765775,0.051458686836815364,0.2781874652249109,0.48210355022061463,50,20,20
34,2030,0.17087587877775415,0.05151821768434134,0.2955021785534547,0.48210372498444903,50,20,20
34,2031,0.1708758787777542,0.05151821768446248,0.29568868183847713,0.48191722169930545,50,20,20
34,2032,0.1708314497579714,0.05151858017115488,0.29563590911539206,0.4820140609554809,50,20,20
34,2033,0.18444109914749007,0.05151808663286232,0.28202754721693635,0.4820132670027103,50,20,20
34,2034,0.18444069911971095,0.0642470398342992,0.26929915916093183,0.4820131018850571,50,20,20
34,2035,0.1844631219716382,0.06424703992247736,0.26927673600112195,0.48201310210476156,50,20,20
34,2036,0.18446312197163864,0.06424703992247952,0.26927890052611037,0.48201093757977065,50,20,20
34,2037,0.1844631219717313,0.0642470399224817,0.2692797422529237,0.48201009585286236,50,20,20
34,2038,0.18354207564161382,0.064245864240637,0.2703603075398502,0.48185175257789903,50,20,20
34,2039,0.1835420756402137,0.06484351581792276,0.2697700173509758,0.4818443911908878,50,20,20
34,2040,0.18089008545230484,0.06484352763618215,0.27242193940194737,0.48184444750956534,50,20,20
34,2041,0.18089008545230484,0.06484352763618217,0.2724219396953779,0.4818444472161348,50,20,20
34,2042,0.18089008545230484,0.06484352763618222,0.2724219976325598,0.48184438927895296,50,20,20
34,2043,0.18089008545230484,0.06484352763606109,0.2722354943561106,0.4820308925555233,50,20,20
34,2044,0.1783633682259136,0.06478399678852337,0.2748217982394807,0.4820308367460821,50,20,20
34,2045,0.1763645952669546,0.06478400144523085,0.27682054473689494,0.48203085855091915,50,20,20
34,2046,0.17661007859403124,0.06478399884127488,0.27661398653566177,0.4819919360290318,50,20,20
34,2047,0.17661007859403124,0.06478399884127485,0.2766116771523718,0.48199424541232183,50,20,20
34,2048,0.15663272347954693,0.06478401334051105,0.29658507749606305,0.4819981856838799,50,20,20
34,2049,0.15663272347954696,0.06478401334051102,0.29658358164628107,0.48199968153366163,50,20,20
34,2050,0.156632723479547,0.06478401334051102,0.2965836026236058,0.4819996605563368,50,20,20
34,2051,0.15663269982941086,0.06500065262139042,0.29730344735577485,0.48106320019342447,50,20,20
34,2052,0.15663269982941083,0.06500065262139038,0.29730339040240467,0.48106325714679465,50,20,20
34,2053,0.15663269982941083,0.06500065262139038,0.29730109741706867,0.48106555013213037,50,20,20
34,2054,0.16261885563119374,0.06500117319678006,0.2913144065291117,0.4810655646429133,50,20,20
34,2055,0.16261885563128484,0.06500117319678006,0.2913144101424778,0.4810655610294562,50,20,20
34,2056,0.16235591673164257,0.06500117319470022,0.2915773490336817,0.481065561039974,50,20,20
34,2057,0.16235591673166017,0.06500117319470204,0.2947012942251802,0.477941615848456,50,20,20
34,2058,0.16284375885061597,0.06500117301707786,0.2942134523120544,0.47794161582024974,50,20,20
34,2059,0.16284375885059674,0.06500117301707604,0.2910886516098981,0.4810664165224272,50,20,20
34,2060,0.16284375885059515,0.06500117301707604,0.2910909441056535,0.48106412402667337,50,20,20
34,2061,0.16284374123503298,0.06500117344868289,0.2910910802117053,0.4810640051045776,50,20,20
34,2062,0.16276262714563813,0.06500117335972587,0.29117219482148277,0.4810640046731518,50,20,20
34,2063,0.16874836399329238,0.0650011733658776,0.28518645852796864,0.4810640041128604,50,20,20
34,2064,0.17024443819118043,0.06500065632479085,0.2836888492678355,0.4810660562161921,50,20,20
34,2065,0.16742530187565674,0.06500065632477671,0.2865079855834487,0.4810660562161167,50,20,20
34,2066,0.16742530187565674,0.06500065632477671,0.2865079461109901,0.4810660956885753,50,20,20
34,2067,0.16742530187565852,0.06583872751813864,0.28566987492023865,0.48106609568596315,50,20,20
34,2068,0.1674253018756601,0.06583872751814077,0.2856699156240172,0.48106605498218097,50,20,20
34,2069,0.1674253018756601,0.06583872751814077,0.28566991604714603,0.4810660545590521,50,20,20
34,2070,0.16742530187559182,0.06583872751814288,0.28566995367372117,0.48106601693254314,50,20,20
34,2071,0.1674253018755922,0.06583872751814292,0.28567001708848866,0.4810659535177751,50,20,20
34,2072,0.16126324839291806,0.06584323813118079,0.2918275465257842,0.4810659669501156,50,20,20
34,2073,0.16126324839291806,0.06584323813118079,0.2918297098185407,0.48106380365735957,50,20,20
34,2074,0.16126324839291806,0.06584323813118079,0.2918297108173563,0.48106380265854404,50,20,20
34,2075,0.16132153589344406,0.06584323769970163,0.2917714217684077,0.481063804638446,50,20,20
34,2076,0.16132153587880943,0.0656265962038664,0.29297273406691526,0.48007913385040873,50,20,20
34,2077,0.16132153587880943,0.06562659620386638,0.2929727501080782,0.4800791178092458,50,20,20
34,2078,0.16132153587880788,0.06562659620386424,0.29297265318339294,0.4800792147339348,50,20,20
34,2079,0.16132153802521768,0.06562659615014438,0.29174784893849,0.4813040168861478,50,20,20
34,2080,0.16132153823930578,0.06562659615023286,0.29727712069097867,0.4757747449194823,50,20,20
34,2081,0.16132153823930578,0.06562659615023496,0.2974613217221632,0.47559054388829564,50,20,20
34,2082,0.16132153823930578,0.06562659615023285,0.2974645255020521,0.4755873401084092,50,20,20
34,2083,0.16132153823921314,0.06562659615023071,0.2974637240280857,0.47558814158247054,50,20,20
34,2084,0.1613215382392131,0.06562659615023228,0.3029926799983392,0.47005918561221544,50,20,20
34,2085,0.17100903594435754,0.06562630834935969,0.29330497598659344,0.4700596797196897,50,20,20
34,2086,0.1711606499337848,0.06562630834626089,0.2931533620287629,0.4700596796911916,50,20,20
34,2087,0.16317579259352935,0.06562630834677757,0.3011349653897932,0.4700629336699001,50,20,20
34,2088,0.15778366011676037,0.06562637862752538,0.30652669818191536,0.4700632630737996,50,20,20
34,2089,0.15778366040988437,0.06562637863455309,0.3067137567505458,0.4698762042050176,50,20,20
34,2090,0.15778366040988479,0.06562637863455366,0.3011859824133916,0.47540397854217076,50,20,20
34,2091,0.15772741388484673,0.06562637905644463,0.30124222851531174,0.47540397854339717,50,20,20
34,2092,0.15772741388484673,0.06562637905644464,0.30124453789797184,0.475401669160737,50,20,20
34,2093,0.1660548342292173,0.06562636723818001,0.292917185671225,0.4754016128613781,50,20,20
34,2094,0.16605483422921768,0.06562636723818001,0.29291720537998744,0.47540159315261526,50,20,20
34,2095,0.16784254091197415,0.06562636704071789,0.2911259705161159,0.4754051215311926,50,20,20
34,2096,0.18095338806444708,0.06562652138313313,0.2780145886098492,0.4754055019425709,50,20,20
34,2097,0.1972805986468787,0.06562652138299208,0.2616874456381548,0.4754054343319748,50,20,20
34,2098,0.1972805986468787,0.06562652138299208,0.26168414384198857,0.4754087361281411,50,20,20
34,2099,0.19927863824082015,0.06562651672390779,0.25968613092856296,0.47540871410670965,50,20,20
34,2100,0.19927863824082176,0.06562651672390994,0.25968613178848066,0.4754087132467882,50,20,20
34,2101,0.1992724223132964,0.06562615423729473,0.25978954945880145,0.4753118739906079,50,20,20
34,2102,0.1992724223132964,0.06562615423729688,0.25978964707695235,0.4753117763724549,50,20,20
34,2103,0.1992724223132964,0.06562615423729688,0.2597896862447715,0.47531173720463576,50,20,20
34,2104,0.218005813265713,0.06562615897353649,0.24105763983182604,0.4753103879289252,50,20,20
34,2105,0.21800581297258906,0.06562615896650878,0.2408705812455485,0.4754974468153544,50,20,20
34,2106,0.23750317305453986,0.06562615897559869,0.22137317381083155,0.4754974941590306,50,20,20
34,2107,0.23750317305453986,0.06562615897559869,0.22137315904309102,0.4754975089267709,50,20,20
34,2108,0.23750317305451707,0.06562615897559657,0.2213731180107251,0.47549754995916166,50,20,20
34,2109,0.23750317305451707,0.06562615897559446,0.22137306091563502,0.4754976070542539,50,20,20
34,2110,0.24032192189152693,0.06562617940975407,0.21855767546184154,0.47549422323687807,50,20,20
34,2111,0.23780464476640656,0.06562618316764912,0.2210749310723031,0.47549424099364157,50,20,20
34,2112,0.23781344774862878,0.06562618316757474,0.22106612808976095,0.47549424099403537,50,20,20
34,2113,0.23781344753454067,0.0656261831674884,0.21553914968151497,0.4810212196164557,50,20,20
34,2114,0.23602370574826767,0.06562618971581713,0.21733241329011307,0.48101769124580185,50,20,20
34,2115,0.23271973015413788,0.0656261836832602,0.22063667692034614,0.4810174092422556,50,20,20
34,2116,0.2327197301541391,0.06562618368325808,0.22063663339332748,0.48101745276927516,50,20,20
34,2117,0.23627770111643567,0.06562617992679017,0.21707868394425575,0.4810174350125181,50,20,20
34,2118,0.23517222328009002,0.06562617927715458,0.21818622851220687,0.4810153689305487,50,20,20
34,2119,0.23517222328009038,0.06562617927727571,0.21837043882625756,0.4808311586163766,50,20,20
34,2120,0.23538453343160712,0.06562617980588366,0.21815812646636892,0.480831160296141,50,20,20
34,2121,0.2353845334316295,0.06562617980588581,0.21815814817767815,0.480831138584807,50,20,20
34,2122,0.2353845334316307,0.06562617980588585,0.21816042266351693,0.480828864098967,50,20,20
34,2123,0.2353877413404816,0.06562617980585837,0.21815721475469424,0.48082886409896636,50,20,20
34,2124,0.23538774134091284,0.06540290147472193,0.21838049308539864,0.48082886409896725,50,20,20
34,2125,0.23350216282490321,0.06540290151658179,0.2202660715632272,0.4808288640952888,50,20,20
34,2126,0.2372763410269642,0.0654027471679444,0.21649184412836167,0.4808290676767309,50,20,20
34,2127,0.23727634102696415,0.06540274716794651,0.21649415395896068,0.48082675784612966,50,20,20
34,2128,0.23727634132185546,0.06540274756399721,0.21656179742636814,0.4807591136877802,50,20,20
34,2129,0.24057982393822125,0.06540275755170868,0.2132585897635123,0.4807588287465586,50,20,20
34,2130,0.24083032206036203,0.06540275755159718,0.21300809167150242,0.4807588287165387,50,20,20
34,2131,0.2541955124705211,0.06540275419529004,0.1996429051692573,0.48075882816493193,50,20,20
34,2132,0.23474223936904676,0.06540275419295613,0.1998492972278201,0.5000057092101775,50,20,20
34,2133,0.23474223936904512,0.0654027541929561,0.1998469464517753,0.500008059986224,50,20,20
34,2134,0.23474223936904512,0.06540275419295617,0.1998492568631498,0.5000057495748496,50,20,20
34,2135,0.23468396951301446,0.06540275419667307,0.19990752873144532,0.5000057475588681,50,20,20
34,2136,0.23468396951301446,0.06540275419667312,0.19990987904329974,0.5000033972470136,50,20,20
34,2137,0.23468396951303722,0.06540275419667523,0.19991084895297825,0.5000024273373103,50,20,20
34,2138,0.24989911867928083,0.0654027335363788,0.18469572216840915,0.5000024256159316,50,20,20
34,2139,0.24967697225385937,0.06540273301398092,0.18491782268388984,0.5000024720482702,50,20,20
34,2140,0.24967697225385937,0.06540273302094839,0.18492068019138025,0.49999961453381225,50,20,20
34,2141,0.24967697225385974,0.06540273302095057,0.1849197299130342,0.5000005648121557,50,20,20
34,2142,0.24967697225385974,0.06540273302094839,0.18492074594438251,0.49999954878080954,50,20,20
34,2143,0.23704415512859922,0.06539822240886793,0.19755621981235927,0.5000014026501742,50,20,20
34,2144,0.23704415512859922,0.06539822240886793,0.1975562198123592,0.5000014026501742,50,20,20
34,2145,0.23704415512860078,0.06539822240887008,0.19755740434655972,0.5000002181159702,50,20,20
34,2146,0.23546311714073664,0.06539820320559853,0.1991405779329887,0.49999810172067655,50,20,20
34,2147,0.23435485269964107,0.06539820320417238,0.20024884237545973,0.49999810172072734,50,20,20
34,2148,0.23567050387101193,0.06539820316855981,0.19893318961377623,0.49999810334665257,50,20,20
34,2149,0.23592793728299713,0.06539820316855786,0.19867575620205627,0.4999981033463894,50,20,20
34,2150,0.2349763062507632,0.06539820341550581,0.19962925312106994,0.49999623721266173,50,20,20
34,2151,0.23450742448168893,0.06539820597794063,0.2000974593520687,0.49999691018830256,50,20,20
34,2152,0.23497821371814634,0.06539821962745457,0.1996265274396422,0.4999970392147577,50,20,20
34,2153,0.2349782137181236,0.06539821962745239,0.19962555833550558,0.4999980083189193,50,20,20
34,2154,0.23497821371812352,0.06539821962745235,0.19962320800634256,0.5000003586480823,50,20,20
34,2155,0.2349782137179785,0.0791626999506275,0.18585873006620063,0.5000003562651941,50,20,20
34,2156,0.2349782137179785,0.07916269995062752,0.18585872925496078,0.500000357076434,50,20,20
34,2157,0.23630712789950967,0.0791626297570337,0.18452976970413393,0.5000004726393233,50,20,20
34,2158,0.23942252003559086,0.07916262704898634,0.18141438035345203,0.5000004725619714,50,20,20
34,2159,0.23942252003568235,0.07916262704898426,0.18122900116703636,0.5001858517482978,50,20,20
34,2160,0.2394225200355685,0.07916262704874039,0.1811642022913996,0.5002506506242919,50,20,20
34,2161,0.2394225200355685,0.07916262704874039,0.18116756959809213,0.5002472833175993,50,20,20
34,2162,0.23942251793840288,0.07916262710151567,0.1823932077844848,0.49902164717559716,50,20,20
34,2163,0.231110306207188,0.07916262710154895,0.19070541901800436,0.4990216476732593,50,20,20
34,2164,0.23111030620718803,0.07916262710154895,0.19070543325588565,0.49902163343537786,50,20,20
34,2165,0.2338910029567022,0.07916262706931637,0.1879252109419608,0.4990211590320212,50,20,20
34,2166,0.2338910029567022,0.07916262706931637,0.18792522729379788,0.4990211426801842,50,20,20
34,2167,0.23389100295669674,0.0797663522121113,0.18732150230179734,0.49902114252939533,50,20,20
34,2168,0.23389100325251327,0.0797663522121156,0.18732323689067665,0.49901940764469516,50,20,20
34,2169,0.2338910032525114,0.07892828189966823,0.18816130720051386,0.49901940764730723,50,20,20
34,2170,0.2338910029579926,0.07892828189966823,0.1881563621644284,0.4990243529779115,50,20,20
34,2171,0.2139573393684068,0.07892906255209192,0.2080892441480568,0.49902435393144523,50,20,20
34,2172,0.21395733936840522,0.07892906255209188,0.20808930139248982,0.4990242966870138,50,20,20
34,2173,0.21700780533024994,0.07892906255155413,0.20503941942009377,0.4990237126981025,50,20,20
34,2174,0.21700780533034042,0.07892906255155623,0.20517255214118435,0.4988905799769195,50,20,20
34,2175,0.21700780533162603,0.07892906255156049,0.20535967637112626,0.49870345574568764,50,20,20
34,2176,0.21700780503673475,0.07892906215550982,0.2052920908472515,0.4987710419605043,50,20,20
34,2177,0.2170422037972486,0.07892829572455998,0.20525459490895462,0.4987749055692373,50,20,20
34,2178,0.21704220379724862,0.07892829572455998,0.20538541057452464,0.49864408990366726,50,20,20
34,2179,0.21704220379724862,0.07892829572455998,0.2053854108623286,0.49864408961586315,50,20,20
34,2180,0.21698946982981787,0.07892829571783667,0.20701450736434196,0.4970677270880042,50,20,20
34,2181,0.21698946982981787,0.07892829571783663,0.20701446683614366,0.4970677676162024,50,20,20
34,2182,0.22815567607257997,0.07892829572416578,0.19584821277329972,0.497067815429955,50,20,20
34,2183,0.23512403850335256,0.07892829563776954,0.18888029536429218,0.49706737049458666,50,20,20
34,2184,0.2351862707183985,0.07892829563696219,0.1888180631502366,0.4970673704944036,50,20,20
34,2185,0.2283916968690597,0.0789282857912741,0.19550811714794666,0.4971719001917199,50,20,20
34,2186,0.22839169687497626,0.07891212978704719,0.19552427314625917,0.49717190019171775,50,20,20
34,2187,0.2423417657233288,0.078849876973934,0.18163645718975058,0.49717190011298634,50,20,20
34,2188,0.24234176572333865,0.07884987700832323,0.19990571153729053,0.4789026457310467,50,20,20
34,2189,0.24234176572333863,0.07884987700832329,0.19990899871475748,0.4788993585535796,50,20,20
34,2190,0.2423417657229074,0.07905761964863349,0.19970125607483152,0.47889935855362664,50,20,20
34,2191,0.24234176571699806,0.07907377211882925,0.1996851036105429,0.47889935855362886,50,20,20
34,2192,0.24234176571699811,0.07907377211883138,0.19968587490100329,0.478898587263166,50,20,20
34,2193,0.24266995753891474,0.07907377427644426,0.1993571795364931,0.47889908864814673,50,20,20
34,2194,0.24323278236595552,0.07907377427019954,0.19879435634173845,0.4788990870221053,50,20,20
34,2195,0.24323278236595672,0.07907377427031967,0.19879535677986485,0.4788980865838577,50,20,20
34,2196,0.24323278236595688,0.07908902755974095,0.19878010349044334,0.4788980865838577,50,20,20
34,2197,0.24323278236467324,0.07908902755973882,0.19859626033459732,0.4790819297409896,50,20,20
34,2198,0.24323278236467324,0.07908902755973882,0.1985962596287132,0.47908193044687375,50,20,20
34,2199,0.23150144328571665,0.07909561581579568,0.21030530272164843,0.4790976381768378,50,20,20
34,2200,0.23150144329179756,0.0796343095845628,0.2097666089467246,0.4790976381769136,50,20,20
34,2201,0.23150144329180478,0.07879080747151171,0.21061011105988572,0.47909763817679635,50,20,20
34,2202,0.23150144329180478,0.07879080747151174,0.21060915959472828,0.47909858964195373,50,20,20
34,2203,0.23150144329180317,0.07879080747138946,0.21060580706757606,0.4791019421692299,50,20,20
34,2204,0.23150144329180122,0.07879080747138731,0.21060248804404072,0.47910526119276936,50,20,20
34,2205,0.231501443294479,0.07879080786747662,0.21066816752245274,0.4790395813155903,50,20,20
34,2206,0.2267022718165398,0.07879080530624674,0.21546799635116615,0.47903892652604596,50,20,20
34,2207,0.22670227181654018,0.07879080530624677,0.21546793184570234,0.47903899103150943,50,20,20
34,2208,0.22670227181654026,0.07879082439162004,0.2186141563585392,0.4758927474332988,50,20,20
34,2209,0.23272892281515098,0.07879081003853955,0.21258751974434176,0.47589274740196613,50,20,20
34,2210,0.23272892281514937,0.07879081003853741,0.2125863534857715,0.4758939136605405,50,20,20
34,2211,0.22798587646425997,0.07879080987904556,0.21743163805669635,0.4757916755999965,50,20,20
34,2212,0.22798587645817173,0.07909561360701457,0.21712683433755128,0.4757916755972608,50,20,20
34,2213,0.22792619780820772,0.07909561360778132,0.21718651298681646,0.4757916755971929,50,20,20
34,2214,0.22457238349475542,0.07909561784364087,0.22054031279484854,0.4757916858667535,50,20,20
34,2215,0.2245723834964849,0.06557483981569127,0.234061088285502,0.4757916884023208,50,20,20
34,2216,0.22457238349648326,0.06557482073031591,0.23104568190589808,0.4788071138673017,50,20,20
34,2217,0.2263185056234325,0.06557480650895293,0.22930343875542186,0.47880324911219124,50,20,20
34,2218,0.22631850562340972,0.0655748065089508,0.22930339704886657,0.47880329081877143,50,20,20
34,2219,0.20707302306550104,0.06557480728784688,0.24854877386363897,0.4788033957830114,50,20,20
34,2220,0.19896547789541266,0.06556821907054423,0.2566786151958278,0.47878768783821385,50,20,20
34,2221,0.19896547792092847,0.06556821907439735,0.25667849588958996,0.4787878071150836,50,20,20
34,2222,0.2020058875310087,0.06556821907439639,0.2536380862758251,0.47878780711876934,50,20,20
34,2223,0.2020058875310071,0.06556821906742677,0.2536319670334379,0.4787939263681276,50,20,20
34,2224,0.2020058875310071,0.06556821906742681,0.2537639363688351,0.4786619570327304,50,20,20
34,2225,0.20200588753100718,0.06556821906743913,0.25143785550605474,0.48098803789549827,50,20,20
34,2226,0.20200588753100718,0.06556821906743913,0.2514377995680485,0.48098809383350455,50,20,20
34,2227,0.20126024401888232,0.06556821828867307,0.25218354878644705,0.48098798890599714,50,20,20
34,2228,0.20126024401888226,0.06556821828855082,0.25218026783242936,0.4809912698601371,50,20,20
34,2229,0.20126351179020502,0.06556821828855056,0.2521770000649057,0.4809912698563384,50,20,20
34,2230,0.21079493282634856,0.06556821825437914,0.2406462369899933,0.4829906119292782,50,20,20
34,2231,0.21085305539763904,0.06556821825407858,0.24058170032008458,0.48299702602819705,50,20,20
34,2232,0.21085305539763904,0.06556821825407855,0.24058164309384367,0.482997083254438,50,20,20
34,2233,0.21087878428161877,0.06556821825847048,0.24055584612948178,0.48299715133042864,50,20,20
34,2234,0.21087878428161877,0.06556821825847048,0.24042272120955008,0.48313027625036026,50,20,20
34,2235,0.2108787842816193,0.052656864110999554,0.25333407530090435,0.48313027630647704,50,20,20
34,2236,0.20950669837165517,0.052657471625612094,0.2547123639745434,0.4831234660281903,50,20,20
34,2237,0.2115982086820663,0.05265747588922433,0.2526208568915456,0.4831234585371646,50,20,20
34,2238,0.21159820868206622,0.052657475889222184,0.2526200463499114,0.48312426907880096,50,20,20
34,2239,0.21159821847230895,0.05265747583976925,0.252667355230992,0.48307695045692883,50,20,20
34,2240,0.21159821817647143,0.052657475839646965,0.25266376847883987,0.48308053750504065,50,20,20
34,2241,0.21159821817648916,0.05265747583974384,0.25674891650583087,0.478995389477935,50,20,20
34,2242,0.2115982181763977,0.05265747583974594,0.25675104699128004,0.47899325899257506,50,20,20
34,2243,0.21159821817639773,0.05265747583974595,0.2567518571413145,0.4789924488425406,50,20,20
34,2244,0.21465566003825945,0.05265747661784144,0.25369442476342935,0.4789924385804689,50,20,20
34,2245,0.21465566003825945,0.052672746954629174,0.2536791544266423,0.47899243858046814,50,20,20
34,2246,0.21463155578514023,0.05267276419613844,0.23847608007463872,0.4942195999440827,50,20,20
34,2247,0.2133252530419755,0.05267276419607321,0.2397823828169702,0.49421959994498105,50,20,20
34,2248,0.2133252530419751,0.05267276419595204,0.23959583609855556,0.4944061466635169,50,20,20
34,2249,0.2128545068275507,0.05268672315088864,0.2399861349093019,0.49447263511225736,50,20,20
34,2250,0.21285450682625331,0.052686723150886496,0.23998716145701923,0.4944716085658396,50,20,20
34,2251,0.2128164984075942,0.05268672315244813,0.24002516986712152,0.4944716085728356,50,20,20
34,2252,0.21281649841278466,0.05268672315256834,0.2400274898419641,0.49446928859268247,50,20,20
34,2253,0.21281675826382687,0.05268672315243553,0.2400272279780326,0.49446929060570455,50,20,20
34,2254,0.21281675826382682,0.05268672315243549,0.23989640865807826,0.4946001099256587,50,20,20
34,2255,0.21281675825765034,0.052721796989682615,0.23986133498520362,0.4946001097674626,50,20,20
34,2256,0.20974476803707087,0.05272179920464486,0.24293331260951664,0.49460012014876686,50,20,20
34,2257,0.21254000777855558,0.052721799197249286,0.24014460625014128,0.49459358677405324,50,20,20
34,2258,0.2125400077784651,0.052721799197247156,0.24001143271304826,0.4947267603112389,50,20,20
34,2259,0.21254000414170846,0.05272179921212099,0.2400114383486002,0.4947267582975698,50,20,20
34,2260,0.21254000414170846,0.052721799212121036,0.2400114798754369,0.4947267167707331,50,20,20
34,2261,0.21254000414170843,0.052721799212121,0.23987831428696477,0.494859882359205,50,20,20
34,2262,0.21254000414170843,0.052721799212120966,0.23987831328968834,0.4948598833564813,50,20,20
34,2263,0.21254000249220778,0.052721801432899576,0.2398783127184103,0.4948598833564813,50,20,20
34,2264,0.21254000249223054,0.05272180143290172,0.23988160186037977,0.49485659421448713,50,20,20
34,2265,0.23205029875183492,0.05272180142874819,0.22037136860861117,0.4948565312108048,50,20,20
34,2266,0.2320807434986248,0.05272180142874779,0.2203409236726296,0.49485653139999713,50,20,20
34,2267,0.2320807434986248,0.05272180142874776,0.22034088414863595,0.4948565709239909,50,20,20
34,2268,0.2320807434986244,0.052721801428745614,0.22033970203745906,0.4948577530351703,50,20,20
34,2269,0.2320807434986244,0.052721801428745614,0.22034188234968258,0.49485557272294683,50,20,20
34,2270,0.2320807434986244,0.052721801428745614,0.22034190162449618,0.4948555534481332,50,20,20
34,2271,0.23208074614684407,0.05272179465227714,0.22015859579840494,0.4950388634024731,50,20,20
34,2272,0.23208074614684368,0.052721794652399394,0.22016094197913186,0.4950365172216247,50,20,20
34,2273,0.24006251760362232,0.052721794828121026,0.21218237640144394,0.49503331116681215,50,20,20
34,2274,0.22032413338838608,0.052721818396199376,0.23192072836190655,0.49503331985350735,50,20,20
34,2275,0.22032413338838608,0.05272181839620155,0.2320538929928363,0.4949001552225754,50,20,20
34,2276,0.22054724636798476,0.052721818742375415,0.23182809931226228,0.49490283557737713,50,20,20
34,2277,0.21149927871995186,0.05272189535789041,0.23969029887788695,0.49608852704427003,50,20,20
34,2278,0.21149927871995186,0.05272189535789041,0.23969029717597587,0.4960885287461811,50,20,20
34,2279,0.21149927998569068,0.05272189532402439,0.24139469910885583,0.49438412558142825,50,20,20
34,2280,0.21149927998569074,0.05186294002948664,0.24225365440334776,0.49438412558147404,50,20,20
34,2281,0.21149927998569074,0.05186294002948664,0.24225365374749178,0.49438412623733013,50,20,20
34,2282,0.21149927998569074,0.05186294002948664,0.24225365445337593,0.49438412553144595,50,20,20
34,2283,0.21149928000966844,0.05209691630068058,0.24201967800472832,0.4943841256849219,50,20,20
34,2284,0.2115159626199722,0.05209691594829198,0.24200572421396901,0.4943813972177661,50,20,20
34,2285,0.2115159626199722,0.05209691594816972,0.24200411719876613,0.4943830042330913,50,20,20
34,2286,0.19237509006042144,0.05209791392276555,0.2456946393517364,0.5098323566650754,50,20,20
34,2287,0.19237509006042144,0.05209791392276555,0.24569464001374317,0.5098323560030686,50,20,20
34,2288,0.19190133478883326,0.05209791392277136,0.24616839408639687,0.5098323572019962,50,20,20
34,2289,0.1799090025485508,0.05209790918618501,0.25464134683993533,0.5133517414253269,50,20,20
34,2290,0.1799090012905407,0.052097909185673766,0.2546333505928517,0.5133597389309321,50,20,20
34,2291,0.17991363116113643,0.05209790918566216,0.2546630498151598,0.51332540983804,50,20,20
34,2292,0.17991363425797105,0.05209790918575201,0.25997365153874274,0.5080148050175325,50,20,20
34,2293,0.17991363425797224,0.052097909185752016,0.2599704093591138,0.5080180471971601,50,20,20
34,2294,0.17499342506738333,0.05209790921886119,0.2648906185139951,0.5080180471997583,50,20,20
34,2295,0.17474697606583767,0.052097909225271105,0.2651370666527665,0.5080180480561225,50,20,20
34,2296,0.17474697607099415,0.0520979092252732,0.2652682254281533,0.5078868892755775,50,20,20
34,2297,0.17474697607108516,0.052097909225273235,0.2652682880222179,0.5078868266814216,50,20,20
34,2298,0.17692680478166628,0.05209790918405641,0.2650900939355733,0.5058851920987024,50,20,20
34,2299,0.17049994656724632,0.052349101062625525,0.27124438177239124,0.5059065705977354,50,20,20
34,2300,0.1704999465672463,0.05234910106262557,0.27124363090249604,0.5059073214676305,50,20,20
34,2301,0.18190524150205845,0.05233513441855053,0.259829011142978,0.5059306129364116,50,20,20
34,2302,0.18190524150032747,0.06669292022987258,0.24547122787161413,0.5059306103981843,50,20,20
34,2303,0.18190524150032747,0.06669292022987258,0.2454712275899598,0.5059306106798387,50,20,20
34,2304,0.18190524150032683,0.07874552575804705,0.23341862211529066,0.5059306106263339,50,20,20
34,2305,0.18190524150032872,0.07874184938729047,0.23342229848599658,0.5059306106263827,50,20,20
34,2306,0.17053867302286196,0.07874185618075441,0.24487876922424046,0.5058407015721409,50,20,20
34,2307,0.17594684281015519,0.07874185614758879,0.2394705994729766,0.5058407015692772,50,20,20
34,2308,0.17594683971341127,0.07874185615444387,0.23423706305597128,0.5110742410761717,50,20,20
34,2309,0.1759468397134185,0.07874185262041274,0.23423706658999513,0.5110742410761717,50,20,20
34,2310,0.1877497366832847,0.07874185284240345,0.2259535078532958,0.5075549026210147,50,20,20
34,2311,0.1877497366832851,0.07874185284240348,0.22595356580437553,0.5075548446699342,50,20,20
34,2312,0.1877497613557698,0.07874890813853484,0.22594589551187774,0.5075554349938154,50,20,20
34,2313,0.17095410696769772,0.0787489038739046,0.24274156294075763,0.5075554262176368,50,20,20
34,2314,0.17095410696769772,0.07874890387390455,0.24274150599013197,0.5075554831682628,50,20,20
34,2315,0.17094947873375382,0.07874890387459596,0.24274554308193633,0.5075560743097107,50,20,20
34,2316,0.1709494787341805,0.07959646424389415,0.2418979827148237,0.5075560743070987,50,20,20
34,2317,0.17094947873427138,0.07959646424389422,0.2419441319116071,0.5075099251102242,50,20,20
34,2318,0.17094947873427138,0.07959646424389422,0.24194178202327365,0.5075122749985576,50,20,20
34,2319,0.17094947873159355,0.07959646384780489,0.24187938606908252,0.5075746713515159,50,20,20
34,2320,0.17094947873159355,0.07959646384780489,0.24187940309091568,0.5075746543296824,50,20,20
34,2321,0.1709494787315939,0.07959646384780493,0.24187946065657492,0.5075745967640227,50,20,20
34,2322,0.17094947872640545,0.07959646385462751,0.24195416530921762,0.5074998921097461,50,20,20
34,2323,0.17094948354895895,0.08692541729876492,0.23462560850368241,0.5074994906485905,50,20,20
34,2324,0.17094948354893616,0.0869254172987649,0.23475547147501097,0.5073696276772847,50,20,20
34,2325,0.17094948352496048,0.08731710604855443,0.23436377397502067,0.5073696364514612,50,20,20
34,2326,0.17094962481098,0.08731710604855175,0.2343636326893512,0.5073696364511135,50,20,20
34,2327,0.17743908861772453,0.08706591416364252,0.2281467276775265,0.5073482695411038,50,20,20
34,2328,0.178311262787316,0.08706625249396346,0.22727427124834612,0.5073482134703727,50,20,20
34,2329,0.17831126278740705,0.08706625249396346,0.227271002001597,0.5073514827170309,50,20,20
34,2330,0.1783112627874294,0.08706625250091264,0.2273357552825755,0.5072867294290808,50,20,20
34,2331,0.17888129173569642,0.08706625604181374,0.22676572234476872,0.50728672987772,50,20,20
34,2332,0.19217903200860442,0.08706625813404253,0.21346797001160536,0.5072867398457456,50,20,20
34,2333,0.19590328884855265,0.08706625604341489,0.20974372523086746,0.5072867298771635,50,20,20
34,2334,0.19061370753783397,0.08706625801314218,0.21503329549373779,0.5072867389552839,50,20,20
34,2335,0.190613707537834,0.08706625801326234,0.21490348138374352,0.507416553065158,50,20,20
34,2336,0.1906137075378324,0.08706625800631958,0.2148296806780315,0.5074903537778144,50,20,20
34,2337,0.1906137075378324,0.08706625800631958,0.21482969349732045,0.5074903409585252,50,20,20
34,2338,0.1900097637259562,0.08706526042551001,0.21107153583008983,0.5118534400184422,50,20,20
34,2339,0.19000976343283846,0.08706526003172278,0.21088403029057662,0.5120409462448605,50,20,20
34,2340,0.19000976343284,0.08706526003172493,0.21088727298061097,0.5120377035548225,50,20,20
34,2341,0.19000973393780185,0.09972896434237354,0.19822378702772586,0.512037514692097,50,20,20
34,2342,0.19000973393780218,0.09972896434247674,0.20134857922451307,0.5089127224952064,50,20,20
34,2343,0.19000973393780377,0.09972896434247894,0.20135186895612311,0.5089094327635925,50,20,20
34,2344,0.19000973393780338,0.09972896434247894,0.20135511238858786,0.5089061893311281,50,20,20
34,2345,0.19007278189770335,0.09972896616963274,0.1996797796485839,0.5105184722840783,50,20,20
34,2346,0.19290086653446473,0.0997289661694518,0.19685169693033452,0.510518470365747,50,20,20
34,2347,0.19975230630014157,0.09972933456728261,0.19018144257270517,0.5103369165598697,50,20,20
34,2348,0.20653675461658363,0.09972896623969175,0.1833561202608304,0.5103781588828933,50,20,20
34,2349,0.20653675461669693,0.0905844318752605,0.19250066355284534,0.5103781499551951,50,20,20
34,2350,0.2062142374719165,0.09058382348131469,0.19282378994950033,0.5103781490972653,50,20,20
34,2351,0.20621423747191933,0.09058382348142273,0.19515007712536608,0.5080518619212891,50,20,20
34,2352,0.20621423747194195,0.09058382348154248,0.19521154028368404,0.5079903987628288,50,20,20
34,2353,0.21150252176003764,0.0905838215126125,0.18992326704264237,0.507990389684705,50,20,20
34,2354,0.21150157923652596,0.09058382151181828,0.1899242095670114,0.5079903896846419,50,20,20
34,2355,0.21334482468178972,0.09058382151179396,0.1880809643139227,0.5079903894924912,50,20,20
34,2356,0.20812880165129571,0.0905839292337773,0.1932968704541871,0.5079903986607378,50,20,20
34,2357,0.2274921479336243,0.09058393907943843,0.17393351271374477,0.5079904002731906,50,20,20
34,2358,0.2274921479336246,0.0905839390794398,0.18091840775732937,0.5010055052296046,50,20,20
34,2359,0.22749214793362463,0.0905839390794419,0.18091769564675952,0.5010062173401724,50,20,20
34,2360,0.22749214793362463,0.09058393907944191,0.18091769566432966,0.5010062173226022,50,20,20
34,2361,0.22662146859840276,0.09058357701512726,0.18178873636491633,0.5010062180215523,50,20,20
34,2362,0.2266214685983124,0.09058357701406482,0.18483641102228643,0.49795854336533507,50,20,20
34,2363,0.22662146859837937,0.09058357701406484,0.19037721342876002,0.4924177409587941,50,20,20
34,2364,0.2266767548208875,0.09058961583738928,0.19031538450598606,0.49241824483573543,50,20,20
34,2365,0.2297233270590456,0.09058985774690567,0.18731155836577923,0.49237525682826755,50,20,20
34,2366,0.22972332705904555,0.09058985774690355,0.18731476213029172,0.49237205306375725,50,20,20
34,2367,0.22978350595655897,0.09058985774691707,0.1872545832289568,0.4923720530675655,50,20,20
34,2368,0.22978350595655864,0.09058985774681386,0.1841321417659626,0.4954944945306631,50,20,20
34,2369,0.22978350595655864,0.09058985774681386,0.18413219769241335,0.49549443860421216,50,20,20
34,2370,0.22978350595665956,0.09060053231509514,0.18412152312125346,0.49549443860699,50,20,20
34,2371,0.2172237709318321,0.09060047474470967,0.19668132271337557,0.495494431610081,50,20,20
34,2372,0.21722418783808234,0.09060047442573106,0.19668095190448087,0.4954943858317039,50,20,20
34,2373,0.21722418783808276,0.09060047442573106,0.1966856034473874,0.495489734288797,50,20,20
34,2374,0.21672801681191003,0.09060047443439341,0.1971817861273949,0.4954897226263001,50,20,20
34,2375,0.21672801681191003,0.09060047443439334,0.19717943554117082,0.4954920732125242,50,20,20
34,2376,0.202850723397939,0.09060025280678204,0.21105695932405089,0.49549206447122657,50,20,20
34,2377,0.20285072339794058,0.09060025280678204,0.21105704088286192,0.49549198291241386,50,20,20
34,2378,0.20285072339791788,0.09060025280666012,0.21099227447788838,0.49555674931753196,50,20,20
34,2379,0.2028507233978284,0.09060025280666012,0.21099305172588698,0.4955559720696231,50,20,20
34,2380,0.20284029312028554,0.09060023556067894,0.2062307876888591,0.5003286836301749,50,20,20
34,2381,0.2182697925212536,0.0906002032972894,0.19080127933151012,0.5003287248499453,50,20,20
34,2382,0.2182697925212536,0.0906002032972894,0.1908012799858139,0.5003287241956414,50,20,20
34,2383,0.21826904641227074,0.09060020329736941,0.1908020272699624,0.5003287230203955,50,20,20
34,2384,0.20735992800479838,0.09060026922294223,0.20171107965342253,0.5003287231188351,50,20,20
34,2385,0.20784747362834,0.09060026904256067,0.20122353421128558,0.5003287231178122,50,20,20
34,2386,0.20784747362834,0.09060026904256067,0.201223476991794,0.5003287803373038,50,20,20
34,2387,0.20535735290214674,0.09060042026375081,0.2037127257424615,0.5003295010916393,50,20,20
34,2388,0.20535735290214674,0.09060042026375084,0.20377748683567723,0.5002647399984232,50,20,20
34,2389,0.20529328155311602,0.09059438359341211,0.2038145401715102,0.5002977946819598,50,20,20
34,2390,0.20529328155313703,0.09059438360033514,0.20394496163481862,0.5001673732117071,50,20,20
34,2391,0.20529328155313703,0.0905943836003373,0.20394820461359153,0.5001641302329322,50,20,20
34,2392,0.20529157440890813,0.09059438360035249,0.20394991175393742,0.5001641302367998,50,20,20
34,2393,0.20529157440890775,0.09059438360035249,0.20394290777532645,0.5001711342154112,50,20,20
34,2394,0.2162019674286979,0.09059431767399634,0.19303258078033245,0.5001711341169713,50,20,20
34,2395,0.2162019675020915,0.09059431768091358,0.19318924472085172,0.5000144700961413,50,20,20
34,2396,0.21620196750216705,0.09059431768679321,0.19631794781621673,0.49688576699482156,50,20,20
34,2397,0.2162022884683633,0.0762081657429425,0.21070377874951518,0.4968857670391772,50,20,20
34,2398,0.2162226768991217,0.0762081772006296,0.21068337994789835,0.4968857659523491,50,20,20
34,2399,0.21622267689912142,0.07620817719486857,0.20769175829396197,0.4998773876120468,50,20,20
34,2400,0.2161596303905953,0.07620817537214183,0.19468343750232597,0.5129487567349351,50,20,20
34,2401,0.21335548048617936,0.0762081550165527,0.19748760949482155,0.5129487550024444,50,20,20
34,2402,0.19514526312053534,0.07620883712051686,0.2156976360844033,0.512948263674543,50,20,20
34,2403,0.19514526312051259,0.07620883711356767,0.2156328257568229,0.5130130740090955,50,20,20
34,2404,0.18940932694265,0.07621468199036546,0.22136242787243288,0.5130135631945499,50,20,20
34,2405,0.18940932694265,0.0762028130624296,0.2213742968004166,0.513013563194502,50,20,20
34,2406,0.18940932384688736,0.07620281305731084,0.2160586116555052,0.5183292514402954,50,20,20
34,2407,0.18940932384688577,0.07620281305731084,0.21605780113501727,0.5183300619607849,50,20,20
34,2408,0.18642696039773013,0.07620281313396489,0.21904016431996465,0.5183300621483387,50,20,20
34,2409,0.1890357823309023,0.07620280959313551,0.2164313342432553,0.5183300738327058,50,20,20
34,2410,0.18639618234675448,0.07620285329188914,0.22022388569554527,0.5171770786658102,50,20,20
34,2411,0.18639618234675454,0.07620285329181653,0.22022388569561702,0.517177078665811,50,20,20
34,2412,0.18639633115054263,0.07620286759500701,0.22022372141514626,0.5171770798393033,50,20,20
34,2413,0.18639633122434343,0.07620286759500967,0.22013709429822323,0.5172637068824226,50,20,20
34,2414,0.18639633122434185,0.07620286759500967,0.22013701338761624,0.5172637877930313,50,20,20
34,2415,0.1863963315881328,0.07620286759491235,0.2360818263838163,0.5013189744331378,50,20,20
34,2416,0.17117377131447117,0.07620288093343733,0.25130078964482283,0.5013225581072678,50,20,20
34,2417,0.17117377131447117,0.07620288093343515,0.25116762301601037,0.5014557247360822,50,20,20
34,2418,0.15613768669484399,0.07623781577616737,0.26616580964678827,0.5014586878822016,50,20,20
34,2419,0.16094201467144323,0.07623880801736171,0.2613604050041394,0.5014587723070568,50,20,20
34,2420,0.1591814981010444,0.0762396064693054,0.26312370460300744,0.501455190826644,50,20,20
34,2421,0.15881578685214326,0.07624739504304118,0.26348233637835344,0.5014544817264629,50,20,20
34,2422,0.15881578685214368,0.07624739504304126,0.2635470962695881,0.5013897218352279,50,20,20
34,2423,0.1588157868521434,0.07624739504303986,0.25656215899934853,0.5083746591054692,50,20,20
34,2424,0.1588157868534412,0.07624739504304415,0.2565623148601841,0.5083745032433317,50,20,20
34,2425,0.15878135157075154,0.0762465834263537,0.25659756411988793,0.5083745008830078,50,20,20
34,2426,0.1587813515706748,0.07624658342047187,0.25346557828684646,0.5115064867220077,50,20,20
34,2427,0.15878135157076556,0.07624658342047615,0.2535303452400427,0.5114417197687162,50,20,20
34,2428,0.1587813515694678,0.07624658342047401,0.25353254044931245,0.5114395245607463,50,20,20
34,2429,0.13909409650625937,0.07624671135026401,0.2732196673928397,0.5114395247506378,50,20,20
34,2430,0.13909409650628324,0.07624671135026609,0.2677249783049066,0.5169342138385447,50,20,20
34,2431,0.12801122165726425,0.07624670585293418,0.2788078592420393,0.5169342132477628,50,20,20
34,2432,0.12801122165726425,0.07624670585293418,0.2788078734609048,0.5169341990288973,50,20,20
34,2433,0.12801122165715845,0.06334662315554518,0.29170795610501277,0.5169341990822841,50,20,20
34,2434,0.12801788523676444,0.06385852752562218,0.29118012993502906,0.5169434573025853,50,20,20
34,2435,0.1280175642701342,0.0782561550270489,0.27678282344463684,0.5169434572581808,50,20,20
34,2436,0.13851454285680126,0.07825674973318392,0.2662837741092785,0.5169449333007369,50,20,20
34,2437,0.130116036577052,0.07825674994036716,0.2746822238912438,0.5169449895913373,50,20,20
34,2438,0.1301160365821036,0.07825674994060947,0.2748687119993552,0.5167585014779322,50,20,20
34,2439,0.14644461625375738,0.07825672551510875,0.25853958019332113,0.516759078037813,50,20,20
34,2440,0.146444616253757,0.07825672551510875,0.2585396415605857,0.5167590166705487,50,20,20
34,2441,0.146444616253757,0.07825672551510877,0.2585396985051312,0.5167589597260034,50,20,20
34,2442,0.1521766059751289,0.07825088072858925,0.25281403026933813,0.5167584830269445,50,20,20
34,2443,0.152176605982915,0.0740140726926331,0.25705083829750874,0.5167584830269439,50,20,20
34,2444,0.1521766059829134,0.07401407269263308,0.257053130556492,0.5167561907679622,50,20,20
34,2445,0.15217660598282257,0.07401407269263093,0.2570069774034541,0.516802343921093,50,20,20
34,2446,0.15217893173470817,0.07401407269261574,0.25700465165545117,0.5168023439172253,50,20,20
34,2447,0.14848072325316994,0.0740130805970051,0.2607038977172305,0.5168022984325951,50,20,20
34,2448,0.1311267869351189,0.07749031873556694,0.27457039068435474,0.5168125036449603,50,20,20
34,2449,0.13112009996513743,0.0769785930925049,0.27513162131312,0.5167696856292384,50,20,20
34,2450,0.13112009996513743,0.0769785930925049,0.2751316216060531,0.5167696853363054,50,20,20
34,2451,0.13112009996517765,0.05713080145399059,0.29497941324452737,0.5167696853363045,50,20,20
34,2452,0.13112010025311854,0.05713564467117242,0.29497456961471796,0.5167696854609912,50,20,20
34,2453,0.12867792148118898,0.05713564477700436,0.29741615769560886,0.5167702760461976,50,20,20
34,2454,0.1275709307424725,0.057135644631158805,0.29852318749864903,0.5167702371277196,50,20,20
34,2455,0.1275709307424725,0.057135644631158805,0.2985231305690145,0.5167702940573542,50,20,20
34,2456,0.12597810762912046,0.05713496036773305,0.30011669616299114,0.5167702358401555,50,20,20
34,2457,0.12597810762912043,0.05713496036761076,0.3001166471481947,0.5167702848550743,50,20,20
34,2458,0.12597821042302018,0.05713782688234356,0.3001136777622612,0.516770284932375,50,20,20
34,2459,0.12597821042302018,0.057138094972637436,0.30011340967196815,0.5167702849323742,50,20,20
34,2460,0.12597821042302018,0.057138094972637436,0.30011344920582134,0.516770245398521,50,20,20
34,2461,0.12597821042299762,0.05713809496571222,0.2999820762230754,0.5169016183882146,50,20,20
34,2462,0.1259782104229795,0.0571380949656132,0.2958936252347982,0.5209900693766089,50,20,20
34,2463,0.12597886266262545,0.05713803708174896,0.2959087615808558,0.5209743386747694,50,20,20
34,2464,0.12597886266262548,0.05713803708174896,0.29590868118020264,0.5209744190754225,50,20,20
34,2465,0.12597886266262548,0.05713803708174896,0.29590539253897996,0.5209777077166451,50,20,20
34,2466,0.12958894209034466,0.057138037044506,0.2922958897090243,0.5209771311561247,50,20,20
34,2467,0.12958894209034308,0.05713803704450598,0.29242575274251326,0.5208472681226375,50,20,20
34,2468,0.12958894209080868,0.05700197345533118,0.29256181632797157,0.5208472681258883,50,20,20
34,2469,0.12958894209080868,0.05700197345533118,0.2925618752575171,0.5208472091963428,50,20,20
34,2470,0.1295889420908079,0.06990232806611832,0.27966152070284755,0.5208472091402261,50,20,20
34,2471,0.13792672640168965,0.06990233245829905,0.2713237114296514,0.5208472297103598,50,20,20
34,2472,0.11799100416311684,0.06990235767804198,0.2912594204774347,0.5208472176814058,50,20,20
34,2473,0.11799100416311686,0.06990235767804413,0.2912594991259767,0.5208471390328614,50,20,20
34,2474,0.11799100416315525,0.06990235767804416,0.29439251366080516,0.5177141244979945,50,20,20
34,2475,0.12723929490504957,0.06990174867480606,0.285146309180668,0.5177126472394753,50,20,20
34,2476,0.1272392948998931,0.06990174867480393,0.2850129867762977,0.5178459696490044,50,20,20
34,2477,0.12723929489980235,0.06990174867479965,0.28494827704698744,0.5179106793784095,50,20,20
34,2478,0.12723929489980235,0.06990174867492195,0.28495069450214777,0.5179082619231269,50,20,20
34,2479,0.12723929489980235,0.06990174867492195,0.2849507749031046,0.51790818152217,50,20,20
34,2480,0.12723929362740846,0.0698939859910974,0.284957706097827,0.5179090142836662,50,20,20
34,2481,0.12723929362228856,0.06989398599085725,0.2848174754379383,0.5180492449489151,50,20,20
34,2482,0.12723929362358624,0.06989398599098169,0.2848186593421202,0.518048061043311,50,20,20
34,2483,0.12963095545431677,0.06989396810277478,0.2824270587906977,0.5180480176522102,50,20,20
34,2484,0.1296309554542275,0.06989396810277686,0.2823832600012313,0.5180918164417634,50,20,20
34,2485,0.12698493187931195,0.07143492521954592,0.2834911677587198,0.5180889751424218,50,20,20
34,2486,0.12698493187931156,0.07143492521966814,0.2834297591523024,0.5181503837487172,50,20,20
34,2487,0.1384002352837405,0.07143492082748604,0.2720144807169362,0.5181503631718362,50,20,20
34,2488,0.13945382110867657,0.07143489574937185,0.2709609194019823,0.5181503637399681,50,20,20
34,2489,0.139453821108677,0.07143489574937185,0.27096099604042684,0.5181502871015232,50,20,20
34,2490,0.13960250856911874,0.07143489571082669,0.270812899983335,0.5181496957367184,50,20,20
34,2491,0.13929186109190528,0.07143492288717976,0.2711227812063181,0.5181504348145967,50,20,20
34,2492,0.139291861092339,0.07141249980485043,0.27114520428816513,0.5181504348146454,50,20,20
34,2493,0.13743902059114368,0.07137756299604799,0.2730359539390061,0.5181474624738022,50,20,20
34,2494,0.13743902059114366,0.07137756299604586,0.2730336433970104,0.5181497730158001,50,20,20
34,2495,0.13743902059114524,0.07137756299592364,0.2730312843064594,0.5181521321064718,50,20,20
34,2496,0.13743891756004994,0.07136967860640024,0.27303927193364097,0.5181521318999089,50,20,20
34,2497,0.13743921974563297,0.07136970688406827,0.27303880665036717,0.518152266719932,50,20,20
34,2498,0.13743921967183373,0.0713697068840664,0.2729946752620047,0.5181963981820955,50,20,20
34,2499,0.13743921967183376,0.07136970688406637,0.2729970328771363,0.5181940405669639,50,20,20
34,2500,0.1374392196718353,0.07136970688406424,0.27299697625775016,0.5181940971863507,50,20,20
34,2501,0.13743921967183537,0.0713697068840664,0.2729960259529122,0.5181950474911864,50,20,20
34,2502,0.13652221402812412,0.07137020302484927,0.2739123737930455,0.5181952091539813,50,20,20
34,2503,0.1365222140281225,0.0713702030248492,0.2739123556610617,0.5181952272859668,50,20,20
34,2504,0.13652221402065504,0.0849734381110022,0.26030912057959776,0.5181952272887451,50,20,20
34,2505,0.1365222140206323,0.08497343811100003,0.2602628210719834,0.5182415267963845,50,20,20
34,2506,0.1365222137799274,0.08497343811679155,0.2453488966279066,0.5331554514753748,50,20,20
34,2507,0.1449179309923075,0.08497343790959437,0.23695323591331505,0.5331553951847835,50,20,20
34,2508,0.14491793099230751,0.08497343790959437,0.236953218936539,0.5331554121615596,50,20,20
34,2509,0.14491793099197767,0.08413304683334069,0.23779360136968225,0.5331554208049998,50,20,20
34,2510,0.14491793099197767,0.08413304683333861,0.2377913109559614,0.5331577112187227,50,20,20
34,2511,0.1449172563634315,0.0841329865817469,0.2377752712866354,0.5331744857681867,50,20,20
34,2512,0.14491726659818835,0.08413612696574918,0.23777211605186965,0.533174490384194,50,20,20
34,2513,0.14491726647509948,0.08413612695994693,0.23441163848401078,0.536534968080944,50,20,20
34,2514,0.1449172664751011,0.084136126959947,0.23447638482616828,0.5364702217387844,50,20,20
34,2515,0.1449172644902449,0.08413597491372199,0.23442989336959702,0.5365168672264371,50,20,20
34,2516,0.14781301757901016,0.0841359326663981,0.23153418252707997,0.5365168672275127,50,20,20
34,2517,0.147813017579101,0.08413593266640022,0.2315779346474606,0.536473115107039,50,20,20
34,2518,0.147813017505709,0.08413593265948303,0.23142212692774888,0.5366289229070599,50,20,20
34,2519,0.14781301750573178,0.08413593265948303,0.23142539492533878,0.5366256549094472,50,20,20
34,2520,0.14781301750582285,0.08413593266645368,0.23142883053364727,0.536622219294077,50,20,20
34,2521,0.1449178742975263,0.08413918246250188,0.23432072386584785,0.5366222193741248,50,20,20
34,2522,0.1449178742975247,0.08413918246250184,0.23432072051170436,0.53662222272827,50,20,20
34,2523,0.1449178784981224,0.08413918246262372,0.23439592385441074,0.536547015184844,50,20,20
34,2524,0.1449178784981224,0.08413918246262372,0.23439596383747777,0.536546975201777,50,20,20
34,2525,0.14788809482545962,0.08413918238661906,0.23142574758937023,0.5365469751985513,50,20,20
34,2526,0.1478880948254212,0.08413918238661904,0.22829274976993752,0.5396799730180224,50,20,20
34,2527,0.14788809482542117,0.08413918238662119,0.2282950605874207,0.5396776622005371,50,20,20
34,2528,0.14788809482542078,0.08413918238662119,0.2282949836035016,0.5396777391844566,50,20,20
34,2529,0.14788809482542078,0.08413918237977284,0.22829392523261915,0.5396787975621874,50,20,20
34,2530,0.14788809482542078,0.08413918237977068,0.228160799136432,0.5398119236583768,50,20,20
34,2531,0.15819002114330105,0.0841661240094523,0.2178295986561255,0.5398142561911216,50,20,20
34,2532,0.13822635689365317,0.08416612401378,0.23779326172528314,0.539814257367284,50,20,20
34,2533,0.1382263568936536,0.08416612401378214,0.23797980536525926,0.5396277137273056,50,20,20
34,2534,0.1382263568936536,0.08416612401378001,0.23797751122781435,0.5396300078647525,50,20,20
34,2535,0.1382263568936536,0.08416612401377999,0.23798075680259587,0.5396267622899711,50,20,20
34,2536,0.1382263568936536,0.0841661240137821,0.23791609433170038,0.5396914247608643,50,20,20
34,2537,0.11904347675329582,0.08416612402130029,0.25709897245613467,0.5396914267692692,50,20,20
34,2538,0.11904347682855443,0.08416612402118018,0.25709979858901505,0.5396906005612504,50,20,20
34,2539,0.11904347682855403,0.08416612402117804,0.2569132979599065,0.5398771011903617,50,20,20
34,2540,0.13435496437950312,0.08416612604006263,0.24160126849756366,0.5398776410828706,50,20,20
34,2541,0.13435496437950312,0.08416612604006266,0.2416012694868148,0.5398776400936194,50,20,20
34,2542,0.13435496437959416,0.08416612604018497,0.2416046217303876,0.5398742878498333,50,20,20
34,2543,0.1274723417356615,0.08416651546773572,0.24848507217131477,0.5398760706252876,50,20,20
34,2544,0.12748129360323554,0.08416651571796852,0.24847598529887754,0.5398762053799181,50,20,20
34,2545,0.12748129360313182,0.08501804063962172,0.2476244690208161,0.5398761967364301,50,20,20
34,2546,0.12748129358262708,0.08502305143226133,0.24766684288266078,0.5398288121024507,50,20,20
34,2547,0.12743833827832798,0.08502305118211079,0.24770993432586408,0.539828676213697,50,20,20
34,2548,0.12665325342025505,0.08502305117459066,0.2484950211992386,0.5398286742059153,50,20,20
34,2549,0.12665325342025543,0.085023051174713,0.24849577107481832,0.5398279243302131,50,20,20
34,2550,0.12665325342025535,0.08502305117471085,0.24849345986479862,0.5398302355402351,50,20,20
34,2551,0.1266532534202326,0.08502305117471082,0.2484901349348343,0.5398335604702224,50,20,20
34,2552,0.1136647056697239,0.08502266165540959,0.26148086541036464,0.5398317672645011,50,20,20
34,2553,0.11366470566972392,0.08502266165540956,0.2614785344755008,0.5398340981993648,50,20,20
34,2554,0.11255191581068677,0.08502266151818302,0.2625913251051592,0.539834097565969,50,20,20
34,2555,0.11255191581068676,0.08502266151818302,0.2625946075103288,0.5398308151607997,50,20,20
34,2556,0.1125519158105957,0.08502266151806072,0.26259223098700674,0.5398331916843352,50,20,20
34,2557,0.10654115532007538,0.08502266301691774,0.2673461149181005,0.5410900667449052,50,20,20
34,2558,0.10654115532007542,0.07731515336115705,0.27505362457383203,0.5410900667449343,50,20,20
34,2559,0.10654115532007583,0.07731515336115709,0.27505360921644767,0.5410900821023181,50,20,20
34,2560,0.10654115532625463,0.08500673531543504,0.2673620272532443,0.5410900821050647,50,20,20
34,2561,0.10654115532625463,0.085006735315435,0.26736204294375754,0.5410900664145515,50,20,20
34,2562,0.10654115532625424,0.08500673531543285,0.26735872169131203,0.5410933876669993,50,20,20
34,2563,0.10712548244477425,0.08500694885464449,0.26670857327904496,0.541158995421535,50,20,20
34,2564,0.10712548244477425,0.08500694885464453,0.2667086302114194,0.5411589384891605,50,20,20
34,2565,0.10712548244468319,0.08500694885452224,0.266705292186709,0.5411622765140842,50,20,20
34,2566,0.1071254824446848,0.0850069488545244,0.26670533358671866,0.5411622351140708,50,20,20
34,2567,0.1071254824446848,0.0850069488545244,0.26670762657215324,0.5411599421286364,50,20,20
34,2568,0.1071254824446848,0.0850069488545244,0.26670764326412355,0.541159925436666,50,20,20
34,2569,0.10712548244459393,0.08500694885452226,0.2666614920068237,0.5412060766940588,50,20,20
34,2570,0.10712548244459397,0.0850069488545223,0.26666378502210447,0.5412037836787781,50,20,20
34,2571,0.10760739938991809,0.08500694860409007,0.2661818683481469,0.5412037836578439,50,20,20
34,2572,0.1076073993899197,0.08500694860421237,0.26618516263348174,0.541200489372385,50,20,20
34,2573,0.1078422512404446,0.10297913092358664,0.2479781284475862,0.5412004893883813,50,20,20
34,2574,0.10784225124044461,0.10297913092358664,0.24797808891812026,0.5412005289178471,50,20,20
34,2575,0.12735259200042803,0.10297913092534318,0.2284677473533281,0.5412005297208994,50,20,20
34,2576,0.12735259200042803,0.10297913092534326,0.22847004006671864,0.5411982370075086,50,20,20
34,2577,0.12735259200371923,0.09360130547312093,0.23784786551417336,0.5411982370089852,50,20,20
34,2578,0.127352592003742,0.09360130547311883,0.23784786386600246,0.5411982386571355,50,20,20
34,2579,0.12680184946211806,0.09360106341032903,0.23846071743121355,0.541136369696338,50,20,20
34,2580,0.12680184946211806,0.09360106341020677,0.23846066729253795,0.5411364198351358,50,20,20
34,2581,0.12686546140481442,0.09360122667303628,0.23591150010631812,0.54362181181583,50,20,20
34,2582,0.12663060953423932,0.09559706902656638,0.2341505097683506,0.5436218116708424,50,20,20
34,2583,0.12663060953432956,0.09559706902668758,0.23433701384239097,0.5434353075965906,50,20,20
34,2584,0.12663060953432956,0.09559706902668762,0.23433701450182823,0.5434353069371535,50,20,20
34,2585,0.126630609534343,0.08123575404208178,0.2486983294864552,0.5434353069371184,50,20,20
34,2586,0.1266306053337453,0.08123575404196201,0.24862314613133915,0.5435104944929521,50,20,20
34,2587,0.12663060533374534,0.08123575404196201,0.2487562522584425,0.5433773883658488,50,20,20
34,2588,0.12663060525848674,0.08123575404208211,0.24875746078280264,0.5433761799166272,50,20,20
34,2589,0.1266306052585095,0.08123575404208214,0.24876081388205676,0.5433728268173502,50,20,20
34,2590,0.12663002007865376,0.0812325463572959,0.2487646068246888,0.5433728267393598,50,20,20
34,2591,0.12663002007865376,0.0812325463572959,0.2487646630451132,0.5433727705189354,50,20,20
34,2592,0.12663002007865376,0.08123254635729595,0.24882942284434095,0.5433080107197076,50,20,20
34,2593,0.12663002007865334,0.08123254635717359,0.248828668281447,0.5433087652827243,50,20,20
34,2594,0.12663002010552482,0.08123254650189088,0.26135266559493386,0.5307847677976486,50,20,20
34,2595,0.12663002010554758,0.08123254650189096,0.2613526699571955,0.5307847634353641,50,20,20
34,2596,0.11293398620975248,0.08123254490211046,0.27504918830147884,0.530784280586657,50,20,20
34,2597,0.11293398621490876,0.08123254490223245,0.275092211729533,0.5307412571533245,50,20,20
34,2598,0.11293398621491034,0.08123254490223247,0.27509222885566265,0.5307412400271933,50,20,20
34,2599,0.11293398621491041,0.08123254490223247,0.2750945982328354,0.5307388706500205,50,20,20
34,2600,0.11293398621488765,0.08123254490235472,0.2750978180219288,0.5307356508608275,50,20,20
34,2601,0.11296193032990674,0.08123254476342126,0.2823593144871159,0.523446210419555,50,20,20
34,2602,0.1129619303299067,0.08123254476342126,0.282357003622549,0.5234485212841219,50,20,20
34,2603,0.11296193032990669,0.08123254476341912,0.282223836987446,0.5235816879192271,50,20,20
34,2604,0.11296193032990672,0.08123254476342132,0.2822246491006918,0.523580875805979,50,20,20
34,2605,0.11296193032990672,0.08123254476342127,0.2822213872622445,0.5235841376444264,50,20,20
34,2606,0.11296193032990665,0.08123254476342127,0.2822190768020961,0.5235864481045748,50,20,20
34,2607,0.11296193032990665,0.08123254476329901,0.2822158015656897,0.5235897233411034,50,20,20
34,2608,0.11293398636107789,0.08123254475746684,0.28224008039677,0.523593388484684,50,20,20
34,2609,0.13032183901965427,0.08123254433691775,0.2648522844134941,0.5235933322299324,50,20,20
34,2610,0.1303218390196527,0.08123254433691565,0.2648529975464316,0.5235926190969986,50,20,20
34,2611,0.13032183901965272,0.0812325443369157,0.26485407914391856,0.5235915374995116,50,20,20
34,2612,0.13032183901964978,0.08123254433703529,0.26489921940509964,0.5235463972382141,50,20,20
34,2613,0.13032183901964817,0.08123254433691308,0.26489480887711664,0.5235508077663208,50,20,20
34,2614,0.1303218188435823,0.09619770804929145,0.24993702909548277,0.5235434440116422,50,20,20
34,2615,0.13032181884358068,0.09619770804929136,0.24993932134884164,0.5235411517582851,50,20,20
34,2616,0.1303218188435864,0.09620852668166675,0.24992850271646072,0.5235411517582851,50,20,20
34,2617,0.13032181884367744,0.09620852668167103,0.2499285033369933,0.523541151137657,50,20,20
34,2618,0.11176554178944727,0.0962085266786349,0.26848478116294605,0.5235411503689705,50,20,20
34,2619,0.11177433097147717,0.09620852449986884,0.26850578540421144,0.523511359124442,50,20,20
34,2620,0.11177433097147717,0.09620852449986884,0.26850673799919494,0.5235104065294585,50,20,20
34,2621,0.11177433097147717,0.09620852449986884,0.2685066807805322,0.5235104637481212,50,20,20
34,2622,0.11177493858175204,0.09620852449538563,0.2685060731740157,0.5235104637488469,50,20,20
34,2623,0.12831389517163763,0.09621523800760355,0.25444579489266095,0.5210250719280967,50,20,20
34,2624,0.12831389546748032,0.09621523800760783,0.25444678105561364,0.5210240854692968,50,20,20
34,2625,0.1283138954674803,0.09621523800760774,0.25444447062964043,0.52102639589527,50,20,20
34,2626,0.1283138954674803,0.09621523800760774,0.25444444426443424,0.5210264222604762,50,20,20
34,2627,0.12831389546748034,0.09621523801457812,0.25444854720735105,0.5210223193105891,50,20,20
34,2628,0.1283138709041406,0.09621755883810554,0.25444624742359717,0.5210223228341548,50,20,20
34,2629,0.1283138709093314,0.09621755883810336,0.2544462912197376,0.5210222790328259,50,20,20
34,2630,0.11433000460029827,0.09621762580729977,0.26862638461209054,0.5208259849803109,50,20,20
34,2631,0.1143300046003001,0.09621764642539488,0.27042160656293346,0.5190307424113711,50,20,20
34,2632,0.11441969811796188,0.09622135857886224,0.2703231471476138,0.5190357961555618,50,20,20
34,2633,0.11441969811796188,0.09622135857898448,0.27032643810889045,0.519032505194163,50,20,20
34,2634,0.1144188696986838,0.09622129011710279,0.253683018204962,0.5356768219792505,50,20,20
34,2635,0.1144188691196015,0.09622111300695328,0.25363666604095214,0.5357233518324925,50,20,20
34,2636,0.12526222117325697,0.096221113105367,0.24270633291792834,0.535810332803447,50,20,20
34,2637,0.10655131839086666,0.09622111309920253,0.2614172365509784,0.5358103319589519,50,20,20
34,2638,0.10651738257597958,0.09622111332785024,0.26145504694474375,0.5358064571514264,50,20,20
34,2639,0.10783018630980727,0.0962211133278514,0.26014224323320617,0.535806457129135,50,20,20
34,2640,0.10783017602484403,0.09621796988156599,0.260145401580543,0.5358064525130475,50,20,20
34,2641,0.12709933559534015,0.09621796988162029,0.2408762420099963,0.5358064525130437,50,20,20
34,2642,0.1270993397975176,0.09621796987557259,0.23864888348643468,0.5380338068404756,50,20,20
34,2643,0.12709933559533856,0.09621796987544858,0.23862753042473578,0.5380551641044776,50,20,20
34,2644,0.14092620390242977,0.09621797345499095,0.22325128688854354,0.5396045357540362,50,20,20
34,2645,0.1409262036065871,0.09621797345498666,0.2232479498090545,0.5396078731293723,50,20,20
34,2646,0.1409262036065871,0.09621797345498657,0.22324794880848362,0.5396078741299433,50,20,20
34,2647,0.14082905633567075,0.0962143871627376,0.22335708544195204,0.53959947105964,50,20,20
34,2648,0.14082905633567075,0.0962143871627376,0.22335378193615724,0.5396027745654347,50,20,20
34,2649,0.14082772102217234,0.0962142688021468,0.21673717158530667,0.5462208385903746,50,20,20
34,2650,0.1408277210220813,0.09621426880214251,0.21673386875062803,0.5462241414251487,50,20,20
34,2651,0.14103810734767117,0.09621462367593074,0.21642668199567747,0.5463205869807211,50,20,20
34,2652,0.1402385350121182,0.09621462533810803,0.21573335370038393,0.5478134859493903,50,20,20
34,2653,0.14023853501209543,0.09621462533798575,0.21573001567287398,0.5478168239770453,50,20,20
34,2654,0.14023853501209543,0.09621462533798578,0.21573007362153565,0.5478167660283835,50,20,20
34,2655,0.14023853501209405,0.09621460472686032,0.21394097189618436,0.5496058883648618,50,20,20
34,2656,0.14023853500880298,0.10557688980561761,0.20457868682214606,0.5496058883634339,50,20,20
34,2657,0.14165122903852823,0.10554994381273486,0.20319527237553822,0.5496035547731992,50,20,20
34,2658,0.14165122903852823,0.10554994381273479,0.20319294171141933,0.549605885437318,50,20,20
34,2659,0.14165122903333735,0.10554994381273479,0.2033786377144974,0.5494201894394308,50,20,20
34,2660,0.13681401667995902,0.10554994692755003,0.2082154200363543,0.549420616356137,50,20,20
34,2661,0.11686584062037285,0.10554996635955188,0.21131722490063606,0.5662669681194396,50,20,20
34,2662,0.11686584062166883,0.10554996635967415,0.21125581735653495,0.5663283756621224,50,20,20
34,2663,0.11686584062166883,0.10554996635967419,0.21125584438756345,0.5663283486310938,50,20,20
34,2664,0.11686584062166842,0.10554996635967415,0.2112558018154748,0.566328391203183,50,20,20
34,2665,0.11686584062166841,0.10554996635967415,0.21125582782833166,0.5663283651903261,50,20,20
34,2666,0.11686584062166841,0.10554996635967415,0.21125582782833163,0.5663283651903261,50,20,20
34,2667,0.11686582538315271,0.10554996469756511,0.21274868250220658,0.5648355274170759,50,20,20
34,2668,0.11686582538315266,0.10554996469756509,0.21268396151834057,0.564900248400942,50,20,20
34,2669,0.11686582538315107,0.10554996469744278,0.21268064977323042,0.5649035601461759,50,20,20
34,2670,0.11686582538315107,0.10554996469744278,0.21268066646520067,0.5649035434542057,50,20,20
34,2671,0.0983780893626867,0.10554946908267338,0.2311690123956025,0.5649034291590367,50,20,20
34,2672,0.09837809103814496,0.10554946908267566,0.2311690106847173,0.5649034291944615,50,20,20
34,2673,0.09837809103814499,0.10554946908267566,0.23116976490896168,0.5649026749702171,50,20,20
34,2674,0.09654998506050698,0.10554946550669941,0.2345508568738121,0.5633496925589812,50,20,20
34,2675,0.09654998505433551,0.10527144654010173,0.23482887584662,0.5633496925589425,50,20,20
34,2676,0.096549985053038,0.10527144654008264,0.23795031288345958,0.5602282555234196,50,20,20
34,2677,0.09655904665789436,0.1052714670410476,0.24455989487613355,0.5536095914249244,50,20,20
34,2678,0.09476636983788173,0.10540541767813436,0.24621862101588743,0.5536095914680967,50,20,20
34,2679,0.09476636983788174,0.10540541767813436,0.24622097146662345,0.5536072410173606,50,20,20
34,2680,0.09476636983788175,0.10540541767803328,0.24328273271490952,0.5565454797691755,50,20,20
34,2681,0.09476636983788173,0.10540541767803324,0.24328197818635708,0.556546234297728,50,20,20
34,2682,0.09476636970022795,0.10540309514712527,0.24328430438486712,0.5565462307677794,50,20,20
34,2683,0.09476636970025051,0.10540309514712741,0.24346756494513105,0.5563629702074908,50,20,20
34,2684,0.09476636969895574,0.10540309514688338,0.2434212240965284,0.556409311057632,50,20,20
34,2685,0.09476462226514563,0.105655546540524,0.243169953179545,0.5564098780147849,50,20,20
34,2686,0.09476462225999091,0.1056555465404041,0.2431699054300867,0.5564099257695179,50,20,20
34,2687,0.10730012492192544,0.10565563753261391,0.23063436536566123,0.5564098721797991,50,20,20
34,2688,0.11527251666814405,0.10565563754170791,0.2226620279885831,0.5564098178015644,50,20,20
34,2689,0.11527251666814245,0.10565563754170787,0.222662043196168,0.5564098025939811,50,20,20
34,2690,0.11527251666814246,0.10565563754170791,0.22247879368055914,0.5565930521095899,50,20,20
34,2691,0.12011147651286472,0.10565563442687848,0.21764026386743904,0.5565926251928172,50,20,20
34,2692,0.12011147651286472,0.1056556344268806,0.21764257439165138,0.5565903146686026,50,20,20
34,2693,0.12011147651286475,0.10565563442688275,0.2176426157955873,0.5565902732646646,50,20,20
34,2694,0.12011147652012052,0.10566271988176767,0.21763553033339053,0.5565902732647208,50,20,20
34,2695,0.12011147652012052,0.10566271988176767,0.21763556728323993,0.5565902363148715,50,20,20
34,2696,0.1315739141254843,0.10566236488083859,0.2062699302345585,0.5564937907591183,50,20,20
34,2697,0.1315739141254843,0.10566236488084074,0.20627088174477476,0.5564928392488998,50,20,20
34,2698,0.1315739141254843,0.10566236488084288,0.20627013083285836,0.556493590160814,50,20,20
34,2699,0.1315739141254843,0.10566236488084293,0.2132550680611126,0.5495086529325595,50,20,20
34,2700,0.13157391412548275,0.1056623648808429,0.21325425331007583,0.5495094676835979,50,20,20
34,2701,0.1404803632981179,0.105662364964982,0.2044347391453623,0.5494225325915373,50,20,20
34,2702,0.14048036329811892,0.10566236522358194,0.2114198469024176,0.542437424575881,50,20,20
34,2703,0.14048036329812072,0.10481886829255002,0.21226334383083573,0.542437424578493,50,20,20
34,2704,0.14048036329812072,0.10481886829254998,0.21226009864636997,0.5424406697629588,50,20,20
34,2705,0.14048036329812233,0.10481886829254998,0.21226241494961248,0.5424383534597147,50,20,20
34,2706,0.1401438307871077,0.10481886847043255,0.2125603673725762,0.542476933369883,50,20,20
34,2707,0.14254383707246895,0.10481886849014764,0.21016036046839237,0.5424769339689905,50,20,20
34,2708,0.14254383707247462,0.1056774411096265,0.20930178785151998,0.5424769339663785,50,20,20
34,2709,0.14254383707376367,0.10567744111655164,0.20924896079737818,0.5425297610123061,50,20,20
34,2710,0.14254383707364368,0.1194463411559725,0.1954800607553969,0.5425297610149866,50,20,20
34,2711,0.14254383707235654,0.11944634114904731,0.19539248988114535,0.5426173318974503,50,20,20
34,2712,0.14257649924019009,0.11944631315601757,0.19535985568716277,0.5426173319166289,50,20,20
34,2713,0.14257649924019047,0.11944631315601757,0.19542483515987158,0.5425523524439197,50,20,20
34,2714,0.14257649924020968,0.11944631315601757,0.19854972924721082,0.5394274583565614,50,20,20
34,2715,0.1425764992402085,0.11944631315601542,0.19854849254892137,0.5394286950548541,50,20,20
34,2716,0.1422355362095844,0.11944631284501782,0.1988893864795986,0.5394287644657987,50,20,20
34,2717,0.1422355362095601,0.11944631284501778,0.1988442294344081,0.5394739215110136,50,20,20
34,2718,0.14223553620955903,0.11944631258641784,0.1918590834397331,0.5464590677642895,50,20,20
34,2719,0.1423155357767684,0.11944631248216334,0.19181764455305816,0.5464205071880094,50,20,20
34,2720,0.1423155357763346,0.11944671359243962,0.19181724344599352,0.5464205071852316,50,20,20
34,2721,0.14231553577642442,0.11944671359256293,0.19193878485237242,0.5462989657786396,50,20,20
34,2722,0.1423155357762601,0.11943962954886972,0.1919458583704671,0.5462989763044025,50,20,20
34,2723,0.1423155357762601,0.11943962954886972,0.19194581813784162,0.5462990165370281,50,20,20
34,2724,0.14358090020426012,0.11943275281444325,0.1906873306210693,0.5462990163602277,50,20,20
34,2725,0.1435809002042613,0.11943275281456556,0.19068954300739085,0.5462968039737826,50,20,20
34,2726,0.1435808984664767,0.1190499245141579,0.1910729400637254,0.5462962369556402,50,20,20
34,2727,0.1435808984664767,0.11904992451416004,0.191206049472188,0.5461631275471754,50,20,20
34,2728,0.14358089846647826,0.11904992451415998,0.1842211281622196,0.5531480488571423,50,20,20
34,2729,0.14358089846647826,0.11904992451415998,0.18422433278246167,0.5531448442369002,50,20,20
34,2730,0.14358089846648403,0.11965774930574208,0.1836165079907893,0.5531448442369847,50,20,20
34,2731,0.14358089846648403,0.1196577493057421,0.18361981039269382,0.5531415418350804,50,20,20
34,2732,0.14358089846648187,0.11967391242924964,0.18360364742748492,0.5531415416767839,50,20,20
34,2733,0.1435808985404191,0.1196739124292518,0.1804831844696581,0.5562620045606713,50,20,20
34,2734,0.1435808985381082,0.11987174656663051,0.1802853503330125,0.5562620045622491,50,20,20
34,2735,0.14358089853810824,0.11987174656663054,0.18033035766585023,0.5562169972294112,50,20,20
34,2736,0.14358089853810982,0.11987174656663477,0.18028432295796867,0.556263031937287,50,20,20
34,2737,0.14358731332321276,0.11987174656967806,0.18027790814032116,0.5562630319667882,50,20,20
34,2738,0.14358731332321154,0.11987174657660343,0.18036471392194087,0.5561762261782441,50,20,20
34,2739,0.14358731332320393,0.11987193846469625,0.1803645220339034,0.5561762261781963,50,20,20
34,2740,0.14358730036008827,0.11987193846484816,0.1803645350396192,0.5561762261354444,50,20,20
34,2741,0.14358730036008788,0.11987193845792278,0.18023139734097338,0.5563093638410158,50,20,20
34,2742,0.14358730036008788,0.11987193845804507,0.1802347090858169,0.5563060520960501,50,20,20
34,2743,0.14358730028613143,0.11987193845804503,0.1802325884805168,0.5563081727753066,50,20,20
34,2744,0.14358730028613143,0.1198719384581673,0.18023588305782323,0.5563048781978779,50,20,20
34,2745,0.1435873002862225,0.1198719384581673,0.18010279674530952,0.5564379645103006,50,20,20
34,2746,0.14354012818986386,0.11987191902616559,0.17699869286044956,0.5595892599235207,50,20,20
34,2747,0.14354012818986425,0.11987191902616562,0.1769987311574449,0.5595892216265249,50,20,20
34,2748,0.14354012818986425,0.11987191902614654,0.18012016934188968,0.5564677834420992,50,20,20
34,2749,0.14354012818987197,0.11984996199458987,0.18014212637343857,0.5564677834420994,50,20,20
34,2750,0.14354012818978215,0.11984996199446872,0.17995675123591415,0.5566531585798348,50,20,20
34,2751,0.13630850324279115,0.11985225812931903,0.18718570005126406,0.5566535385766255,50,20,20
34,2752,0.13630850324279117,0.11985225812932118,0.1871868395407933,0.5566523990870941,50,20,20
34,2753,0.1363085032427912,0.11985225812932121,0.18723292947964976,0.5566063091482376,50,20,20
34,2754,0.13630850324279084,0.11985225812932121,0.18723288300004948,0.5566063556278382,50,20,20
34,2755,0.13630850324279084,0.11985225812932118,0.18723285569814987,0.556606382929738,50,20,20
34,2756,0.1363085032427908,0.11985225812932114,0.1872296105136842,0.5566096281142038,50,20,20
34,2757,0.13630850324279042,0.11985225812944134,0.18718677327243907,0.5566524653553292,50,20,20
34,2758,0.13630850324279045,0.11985225812944349,0.18718912404924848,0.5566501145785174,50,20,20
34,2759,0.13630850324279106,0.11985225812944314,0.1903117076202757,0.5535275310074904,50,20,20
34,2760,0.13630850324279134,0.11985225812953104,0.19583736679339342,0.5480018718342845,50,20,20
34,2761,0.1363085032427913,0.1198522581225607,0.19583328540931247,0.5480059532253357,50,20,20
34,2762,0.13630852617200084,0.11965792689681118,0.1960275937057922,0.5480059532253961,50,20,20
34,2763,0.14706509484006744,0.11965792689858488,0.18527102460545578,0.5480059536558923,50,20,20
34,2764,0.14224807448746632,0.11965792691681282,0.1900880370039291,0.5480059615917926,50,20,20
34,2765,0.14224807448037072,0.11966477306399603,0.19008120138966106,0.5480059510659726,50,20,20
34,2766,0.13126772053922514,0.11966477305410439,0.2010615553714603,0.548005951035211,50,20,20
34,2767,0.13126772053922672,0.11966477305410228,0.20106272088969632,0.5480047855169756,50,20,20
34,2768,0.13126772053931618,0.11966477305398211,0.20106175702615034,0.5480057493805524,50,20,20
34,2769,0.13126772053931618,0.11966477305398214,0.20112646012052543,0.5479410462861772,50,20,20
34,2770,0.13126772054586028,0.11943082270999049,0.20136041045522582,0.5479410462889244,50,20,20
34,2771,0.1312677205458603,0.11943082270999258,0.20136272097948557,0.5479387357646626,50,20,20
34,2772,0.13448248766866927,0.11943082995522991,0.1981479125266362,0.547938769849465,50,20,20
34,2773,0.134482487668669,0.11943082995513986,0.1926190073365178,0.5534676750396738,50,20,20
34,2774,0.13448248766866938,0.11943082995513775,0.19261779615695893,0.5534688862192343,50,20,20
34,2775,0.13448248800583584,0.11856170491319384,0.19348692071018966,0.553468886370781,50,20,20
34,2776,0.13450401316425983,0.1185617047059625,0.19346551251607075,0.5534687696137067,50,20,20
34,2777,0.13450401316425942,0.11856170470596247,0.19346545353967065,0.5534688285901072,50,20,20
34,2778,0.13450401316426103,0.11856170470596465,0.19346869956231835,0.5534655825674558,50,20,20
34,2779,0.15416802573325483,0.11856170470142902,0.17380468619554798,0.5534655833697686,50,20,20
34,2780,0.15416802573325603,0.11856170469445942,0.17379935913392275,0.5534709104383623,50,20,20
34,2781,0.15416802573325758,0.11856170469445938,0.17375561111995114,0.5535146584523322,50,20,20
34,2782,0.15678331786655264,0.11856170469162093,0.17114031798420762,0.5535146594576191,50,20,20
34,2783,0.15678331786655264,0.11856170469162093,0.17114267041991202,0.5535123070219148,50,20,20
34,2784,0.15678331786654512,0.11800772341098989,0.17169665170324183,0.5535123070192236,50,20,20
34,2785,0.1567833508443136,0.118007720239268,0.17169662189711465,0.5535123070193037,50,20,20
34,2786,0.15678335084431402,0.118007720239268,0.17169993198663533,0.5535089969297825,50,20,20
34,2787,0.156783350844314,0.11800772023938777,0.17176355406636568,0.5534453748499325,50,20,20
34,2788,0.14779021981975235,0.11800772043231741,0.18075668437028214,0.5534453753776486,50,20,20
34,2789,0.14779021981975232,0.11800772043221422,0.17763189395773268,0.5565701657903009,50,20,20
34,2790,0.14779021981975393,0.1180077204322164,0.1776780451512427,0.5565240145967872,50,20,20
34,2791,0.1477902198197555,0.11800772043233654,0.17767904560374756,0.5565230141441606,50,20,20
34,2792,0.1477902198197555,0.11800772043233657,0.17767906265790437,0.5565229970900039,50,20,20
34,2793,0.1477902198197571,0.11800772043245887,0.17768141950422603,0.5565206402435584,50,20,20
34,2794,0.1477902198197495,0.11800810690841297,0.17768103302832725,0.5565206402435106,50,20,20
34,2795,0.1477902198197495,0.11800810690841294,0.17768427748396867,0.5565173957878692,50,20,20
34,2796,0.1477902198197495,0.11800810690841297,0.1776842617811505,0.5565174114906872,50,20,20
34,2797,0.1477902198197495,0.1180081069082932,0.17761956044441998,0.5565821128275377,50,20,20
34,2798,0.14779021948258303,0.11887710752344727,0.17675056031797914,0.5565821126759909,50,20,20
34,2799,0.155917775061888,0.11887710753298947,0.16862022868327514,0.5565848887218476,50,20,20
34,2800,0.15591777506188642,0.11887710753286934,0.1686169747844015,0.5565881426208431,50,20,20
34,2801,0.16030905364782888,0.1188770165412753,0.1642257947930787,0.5565881350178175,50,20,20
34,2802,0.16030905364782888,0.11887701654127315,0.16422681003131318,0.5565871197795851,50,20,20
34,2803,0.1603090536478273,0.11887701654127523,0.16422711611126986,0.556586813699628,50,20,20
34,2804,0.1603090539412775,0.11887701693539045,0.16438875405327544,0.556425175070057,50,20,20
34,2805,0.1603090539412759,0.11887701693538828,0.1643459063655601,0.5564680227577761,50,20,20
34,2806,0.16030905394118483,0.11887701693538616,0.1643468558391129,0.5564670732843165,50,20,20
34,2807,0.16030905394118483,0.11887682704681564,0.16434704572763548,0.5564670732843644,50,20,20
34,2808,0.16030905394127587,0.11887682704693579,0.16434616023792897,0.5564679587738598,50,20,20
34,2809,0.15751522183998834,0.11887694991503998,0.1671086781004052,0.556499150144567,50,20,20
34,2810,0.14377222266164505,0.11887694290314434,0.18085168689411846,0.556499147541092,50,20,20
34,2811,0.1437716429787682,0.11888503003120576,0.18084416758148855,0.5564991594085378,50,20,20
34,2812,0.14377164268531642,0.11888502963708836,0.1806792836124407,0.5566640440651548,50,20,20
34,2813,0.14377164268531628,0.11889605558317555,0.1806682576663058,0.5566640440652028,50,20,20
34,2814,0.1437716144293527,0.11889792173627421,0.18066559910214872,0.5566648647322247,50,20,20
34,2815,0.14377161443109177,0.10452921412612173,0.19503430670978147,0.556664864733005,50,20,20
34,2816,0.14377161443109018,0.10452921412611743,0.1950350057056653,0.5566641657371272,50,20,20
34,2817,0.14377161443109018,0.1045292141261174,0.19503502240218482,0.5566641490406077,50,20,20
34,2818,0.1437716144310906,0.10452921412611743,0.19503500704582336,0.5566641643969688,50,20,20
34,2819,0.14377161443109057,0.10452921412599515,0.19503400543568844,0.556665166007226,50,20,20
34,2820,0.14377161443118164,0.10452921412611531,0.19503283408788896,0.5566663373548143,50,20,20
34,2821,0.14377161443118003,0.104529214125993,0.19503050389357512,0.5566686675492519,50,20,20
34,2822,0.14401452263585393,0.10452921412612091,0.19478759565969134,0.556668667578334,50,20,20
34,2823,0.1440145226371516,0.10452921412612098,0.19478798554989324,0.5566682776868344,50,20,20
34,2824,0.14401452263889017,0.0901494304691109,0.20916776666700124,0.5566682802249976,50,20,20
34,2825,0.14401452263879913,0.0901494304689886,0.20916662719731755,0.5566694196948946,50,20,20
34,2826,0.14408503471891954,0.09014943065535513,0.2090961139606111,0.5566694206651143,50,20,20
34,2827,0.14408503471891915,0.09014943065535723,0.20909732514018536,0.5566682094855385,50,20,20
34,2828,0.1443185196177088,0.09014943065231548,0.2088638402734243,0.556668209456552,50,20,20
34,2829,0.1443185196177088,0.09014943065231548,0.2088638568703272,0.5566681928596491,50,20,20
34,2830,0.1443185196177088,0.09014943065231548,0.20886055365232672,0.5566714960776497,50,20,20
34,2831,0.14431851961597025,0.1045294028258617,0.19448058401873056,0.5566714935394377,50,20,20
34,2832,0.14431851961597028,0.10452940282586384,0.19466713881000067,0.5564849387481653,50,20,20
34,2833,0.14431851961597028,0.10452940282586384,0.19466713880495184,0.5564849387532143,50,20,20
34,2834,0.13747687492457197,0.10452710881780285,0.20151145773024937,0.5564845585273762,50,20,20
34,2835,0.1374768754667784,0.09944838165212908,0.20659018411007707,0.5564845587710157,50,20,20
34,2836,0.13747687546668735,0.09944838165200683,0.2065889061680258,0.5564858367132802,50,20,20
34,2837,0.1404616566125828,0.09944825877516543,0.20363821610884222,0.5564518685034101,50,20,20
34,2838,0.14021248659655033,0.09944826137121407,0.20388738291769173,0.5564518691145445,50,20,20
34,2839,0.14021248659655033,0.09944826137121195,0.20388628467466574,0.5564529673575727,50,20,20
34,2840,0.1402124865965504,0.0994482613713321,0.2038886418974046,0.5564506101347138,50,20,20
34,2841,0.1402124865952527,0.0994482613713321,0.20388748244303534,0.5564517695903806,50,20,20
34,2842,0.1402124865952539,0.09944826137133214,0.2038841866440218,0.5564550653893929,50,20,20
34,2843,0.14021248659525415,0.0994482613713324,0.22146069664866658,0.5388785553847474,50,20,20
34,2844,0.14021248659523158,0.09944826137133028,0.22127413499768644,0.5390651170357522,50,20,20
34,2845,0.14021248659532243,0.09944826137133024,0.22132190653060532,0.5390173455027426,50,20,20
34,2846,0.14021245361684886,0.09945839085892111,0.22131181002156922,0.5390173455026611,50,20,20
34,2847,0.14021245361684884,0.09945839085892114,0.2213118277184293,0.539017327805801,50,20,20
34,2848,0.1402124536168488,0.09945839085892114,0.221309574271597,0.5390195812526332,50,20,20
34,2849,0.14021245361684812,0.09945839085891933,0.21818463992351111,0.5421445156007215,50,20,20
34,2850,0.14025752656891463,0.09944843762348134,0.2169959071329196,0.5432981286746843,50,20,20
34,2851,0.1402575265689162,0.09944843762348134,0.2170606264697888,0.5432334093378135,50,20,20
34,2852,0.1402575265689086,0.09945959562877939,0.21704946846727702,0.5432334093350347,50,20,20
34,2853,0.14025752656890858,0.09945959562877935,0.21704946746560502,0.5432334103367068,50,20,20
34,2854,0.14025752656942367,0.09945275017281291,0.21705570965378534,0.5432340136039775,50,20,20
34,2855,0.14025752606602046,0.09891176607672626,0.2175966944976161,0.5432340133596368,50,20,20
34,2856,0.14025763908051844,0.09890468988507284,0.2176036566047391,0.5432340144296696,50,20,20
34,2857,0.14025763908052608,0.09888914674266246,0.21761919974714103,0.5432340144296705,50,20,20
34,2858,0.12472262121267928,0.0989153811554441,0.23306215303475425,0.543299844597123,50,20,20
34,2859,0.12472262121267931,0.09975867937102711,0.23221885481921808,0.5432998445970764,50,20,20
34,2860,0.12447983012728932,0.09975867913591369,0.2324616075386713,0.543299883198127,50,20,20
34,2861,0.12443475713519836,0.11203974022665766,0.22138005950160072,0.5421454431365446,50,20,20
34,2862,0.12443475713528938,0.11203974022665981,0.22138089002425232,0.5421446126137996,50,20,20
34,2863,0.10649248327654552,0.11203973762438292,0.2393231671258456,0.5421446119732278,50,20,20
34,2864,0.10649248327654552,0.11203973762438292,0.23932316921246446,0.5421446098866091,50,20,20
34,2865,0.10649248327654552,0.11203973762438288,0.2393199073494553,0.5421478717496181,50,20,20
34,2866,0.10649248327654398,0.11203973762438285,0.2393660314243801,0.5421017476746949,50,20,20
34,2867,0.11337187123932298,0.1120397375654594,0.23248665145982572,0.5421017397353939,50,20,20
34,2868,0.11337187123932298,0.1120397375654594,0.23248665046102004,0.5421017407341995,50,20,20
34,2869,0.11337187123932298,0.11204436592254735,0.23248202210115337,0.5421017407369781,50,20,20
34,2870,0.11337187123931544,0.11204889846684615,0.23247748955686304,0.5421017407369773,50,20,20
34,2871,0.11337200076648646,0.1120488956269536,0.23247736286958456,0.5421017407369774,50,20,20
34,2872,0.11444582156898804,0.11204889543446456,0.23140354362579324,0.5421017393707558,50,20,20
34,2873,0.11444582156898807,0.11204889543446456,0.2314035832025256,0.5421016997940233,50,20,20
34,2874,0.11444582156898804,0.11204889543446242,0.23121708534090005,0.542288197655651,50,20,20
34,2875,0.11444582156898804,0.11204889543446245,0.23121371903807209,0.5422915639584788,50,20,20
34,2876,0.11444582156898647,0.11204889543434016,0.23121036775316392,0.5422949152435106,50,20,20
34,2877,0.11444582156901134,0.11204889543434048,0.23362885993424448,0.5398764230624047,50,20,20
34,2878,0.11444582156901136,0.11204889543434048,0.23363212157704843,0.5398731614196008,50,20,20
34,2879,0.11444582156901136,0.11204889543434048,0.2336321787571793,0.5398731042394701,50,20,20
34,2880,0.11444582156901138,0.11204889543434046,0.23356747564963912,0.5399378073470101,50,20,20
34,2881,0.1144457041631183,0.11205545380070898,0.23356103505935322,0.5399378069768207,50,20,20
34,2882,0.11444570416311242,0.11977383655121936,0.225842657855709,0.5399378014299606,50,20,20
34,2883,0.114445704163112,0.11977383655121931,0.22583941156926657,0.5399410477164035,50,20,20
34,2884,0.11444570416302118,0.11977383655121931,0.22579050050329863,0.5399899587824623,50,20,20
34,2885,0.11444570416311226,0.11977383655121936,0.22579049004919155,0.5399899692364779,50,20,20
34,2886,0.114445704163135,0.1197738365512215,0.22579373623492466,0.53998672305072,50,20,20
34,2887,0.1144457041631351,0.11975858277560299,0.22580899001049531,0.5399867230507679,50,20,20
34,2888,0.11444570416312587,0.11975858277560271,0.22580982240154157,0.5399858906597312,50,20,20
34,2889,0.11444570416312588,0.11975858277560274,0.22581207504939996,0.5399836380118728,50,20,20
34,2890,0.11654027044664854,0.11975858277210506,0.22371747509922238,0.5399836716820253,50,20,20
34,2891,0.11654027044664868,0.11974738358525688,0.2237286742832917,0.5399836716848041,50,20,20
34,2892,0.11654027044664868,0.11974738358525688,0.22372632254125527,0.5399860234268405,50,20,20
34,2893,0.11654027044664872,0.11974738358525688,0.22372632282497754,0.5399860231431183,50,20,20
34,2894,0.1165545581172322,0.11974738358444903,0.22371203536723924,0.539986022931081,50,20,20
34,2895,0.1165545581172338,0.11974738358445115,0.22371284686512952,0.5399852114331869,50,20,20
34,2896,0.11475766493636891,0.11974738383469352,0.22550967175093406,0.5399852794780048,50,20,20
34,2897,0.11475766493639165,0.11974738383469356,0.22551303783697343,0.5399819133919427,50,20,20
34,2898,0.11475766493630057,0.11974738383469356,0.22551226468536228,0.5399826865436449,50,20,20
34,2899,0.11475827161027866,0.11974738383516266,0.22551165788343688,0.539982686671123,50,20,20
34,2900,0.11475827161025588,0.11974738383516263,0.22550840584684415,0.5399859387077386,50,20,20
34,2901,0.13448615648308354,0.11974738339115469,0.20578052165126415,0.5399859384744985,50,20,20
34,2902,0.13448615648308354,0.11974297772088137,0.20578492731875947,0.5399859384772765,50,20,20
34,2903,0.13448615655704593,0.11974297772100581,0.205787353004727,0.5399835127172218,50,20,20
34,2904,0.13448615655719082,0.10537414016143115,0.22015618802598894,0.5399835152553895,50,20,20
34,2905,0.13448615655107615,0.10530312753970067,0.220227200500573,0.5399835154086504,50,20,20
34,2906,0.13448615655098545,0.1053031275397028,0.2202280273286182,0.5399826885806938,50,20,20
34,2907,0.13448615655098545,0.10530312753970283,0.22023127249345145,0.5399794434158605,50,20,20
34,2908,0.1344861565561751,0.10530312753970493,0.22022979277911253,0.5399809231250078,50,20,20
34,2909,0.13448615655608406,0.10530312753970493,0.22022981108300668,0.5399809048212042,50,20,20
34,2910,0.13448615655608248,0.10530312753970493,0.22022741292723907,0.5399833029769734,50,20,20
34,2911,0.13448615655608243,0.10530312753970275,0.2202250619451592,0.5399856539590554,50,20,20
34,2912,0.13448602870102494,0.10530295351359144,0.21819460435284532,0.5420164134325384,50,20,20
34,2913,0.13448602870102497,0.10530295351359147,0.21819456198121628,0.5420164558041674,50,20,20
34,2914,0.13448602870102497,0.10530295351359152,0.21819782382573558,0.542013193959648,50,20,20
34,2915,0.13449468631066228,0.10530295347692765,0.220219925705314,0.5399824345070962,50,20,20
34,2916,0.13449468631066225,0.10530295347692555,0.22021986795901496,0.5399824922533975,50,20,20
34,2917,0.13449468631066225,0.10530295347692555,0.22021976719107747,0.5399825930213349,50,20,20
34,2918,0.13449468631066222,0.1053029534769255,0.220219710254308,0.5399826499581044,50,20,20
34,2919,0.13449468631063946,0.10530295347692338,0.22021642110733913,0.5399859391050982,50,20,20
34,2920,0.1344946863106421,0.09240692161459205,0.2331124529724289,0.5399859391023373,50,20,20
34,2921,0.13449468623667818,0.09240692161446759,0.2331108675713665,0.5399875245774881,50,20,20
34,2922,0.13449468623667812,0.09240692161446759,0.23311001234963719,0.5399883797992175,50,20,20
34,2923,0.1341424475948272,0.09240692193725433,0.233462250710518,0.539988379757401,50,20,20
34,2924,0.13414229329997585,0.09240692193725154,0.233462475553929,0.5399883092088442,50,20,20
34,2925,0.1341422932999759,0.09240692193725368,0.23346330962563586,0.5399874751371351,50,20,20
34,2926,0.13414229330015362,0.0923967956106401,0.2334734359520702,0.5399874751371364,50,20,20
34,2927,0.1341422933001536,0.09239679561051783,0.23347432059339418,0.5399865904959347,50,20,20
34,2928,0.1341422933001536,0.09239679561051779,0.23347105874879653,0.5399898523405323,50,20,20
34,2929,0.13414229329406346,0.09239732286348906,0.23347053150194036,0.5399898523405069,50,20,20
34,2930,0.1341468154736713,0.09239628330231271,0.2334670400079129,0.5399898612161029,50,20,20
34,2931,0.1341468154736713,0.09239628330231271,0.23346709794788567,0.5399898032761302,50,20,20
34,2932,0.1341468154736713,0.09239628330231268,0.2334670990642455,0.5399898021597703,50,20,20
34,2933,0.1341468154732419,0.09270151906917157,0.23316186345387294,0.5399898020037136,50,20,20
34,2934,0.13414681547324228,0.09270151906917372,0.23322657076418105,0.5399250946934029,50,20,20
34,2935,0.13414229333114694,0.09470996974278129,0.23122265110798076,0.539925085818091,50,20,20
34,2936,0.134142293331581,0.09471693510677918,0.2312156857462788,0.539925085815361,50,20,20
34,2937,0.13413378618209076,0.09471693510252838,0.23122419289964158,0.539925085815739,50,20,20
34,2938,0.1341337874840631,0.09471693510256582,0.2312250205317865,0.5399242568815847,50,20,20
34,2939,0.1341337874840635,0.09471693510256579,0.23122832728423084,0.5399209501291401,50,20,20
34,2940,0.12854106536152948,0.09471693762867198,0.2368210341855521,0.5399209628242465,50,20,20
34,2941,0.12854106536152904,0.0947169376286698,0.23675631063567637,0.5399856863741247,50,20,20
34,2942,0.12854106536152896,0.09471720945580181,0.2367560388112745,0.5399856863713947,50,20,20
34,2943,0.12854106536153057,0.09471720945580393,0.23675839090233444,0.5399833342803311,50,20,20
34,2944,0.12854306238015734,0.09471857086458872,0.23675503047250415,0.5399833362827497,50,20,20
34,2945,0.12854306238015895,0.09471857086458872,0.2367527343855022,0.5399856323697498,50,20,20
34,2946,0.12854306238015892,0.09471857086458663,0.23675192041504325,0.5399864463402111,50,20,20
34,2947,0.12854306238015886,0.09471857086458663,0.236751879542284,0.5399864872129703,50,20,20
34,2948,0.12854306238015886,0.09471857086458658,0.23675185945324195,0.5399865073020124,50,20,20
34,2949,0.12901385254480602,0.09471859636795359,0.23628110978529748,0.5399864413019428,50,20,20
34,2950,0.12901385254480718,0.09471859636804209,0.2418068569428683,0.534460694144281,50,20,20
34,2951,0.12927683247416955,0.0947185963702004,0.24154391034826908,0.5344606608073597,50,20,20
34,2952,0.12927683247416794,0.09471859637019825,0.24154315506395277,0.5344614160916796,50,20,20
34,2953,0.12627655470623844,0.09471859637221841,0.2445434326467506,0.5344614162747914,50,20,20
34,2954,0.12627655470623844,0.09471859637221841,0.244543432997274,0.534461415924268,50,20,20
34,2955,0.1262756008921902,0.09471723180824083,0.24454575337647605,0.5344614139230918,50,20,20
34,2956,0.1262756008921898,0.09471723180823868,0.2445472779211498,0.5344598893784205,50,20,20
34,2957,0.12627560089218867,0.09471723180815023,0.23901824794942378,0.5399889193502362,50,20,20
34,2958,0.12627560089218867,0.09471723180815028,0.2390205978793051,0.5399865694203548,50,20,20
34,2959,0.1262756008921887,0.09471723180815028,0.23902062154325207,0.5399865457564078,50,20,20
34,2960,0.1262756008921887,0.09471723180815028,0.23902058199213394,0.539986585307526,50,20,20
34,2961,0.12627560089218945,0.09471723180815238,0.23908342789175996,0.5399237394078971,50,20,20
34,2962,0.12627560089219422,0.10700948956179122,0.22679117013813332,0.5399237394078814,50,20,20
34,2963,0.12627560089348333,0.1070094895687185,0.2269248601968811,0.5397900493409172,50,20,20
34,2964,0.12627560089348333,0.1070094895687185,0.22692491668329878,0.5397899928544996,50,20,20
34,2965,0.12627560089348489,0.10700948956884078,0.22692825469189984,0.5397866548457748,50,20,20
34,2966,0.1262756008934925,0.1070200318246371,0.22691771243609593,0.5397866548457748,50,20,20
34,2967,0.1262756008934925,0.10702003182463705,0.22691540204512697,0.5397889652367438,50,20,20
34,2968,0.12627560089377154,0.12109976065060855,0.21283567575704418,0.5397889626985763,50,20,20
34,2969,0.12627560089377168,0.12108875040064734,0.21284668600700526,0.5397889626985763,50,20,20
34,2970,0.14612610865947195,0.12108875039453126,0.19299617782614498,0.5397889631198527,50,20,20
34,2971,0.14612610865949466,0.1210887503945313,0.19306096357656777,0.5397241773694073,50,20,20
34,2972,0.14612610865949385,0.12108875039452915,0.19299813821870715,0.5397870027272708,50,20,20
34,2973,0.14612610865949388,0.1210887503945313,0.19299819561172718,0.5397869453342485,50,20,20
34,2974,0.1660110113014165,0.12108875295826098,0.17311326634954494,0.5397869693907782,50,20,20
34,2975,0.1660110113014165,0.12108875295826098,0.1731155197918265,0.5397847159484965,50,20,20
34,2976,0.14626606098279166,0.12108875308553162,0.19285849886772566,0.5397866870639512,50,20,20
34,2977,0.14626606123298797,0.12108864576624617,0.1759061713599731,0.5567391216407931,50,20,20
34,2978,0.14626606123298813,0.1214791071737858,0.17551570995243412,0.5567391216407923,50,20,20
34,2979,0.14692324036678772,0.1214795380723019,0.17485810141055486,0.5567391201503561,50,20,20
34,2980,0.1469232403667861,0.12147953807230188,0.17479339812727146,0.556803823433641,50,20,20
34,2981,0.14692324036679855,0.10150087926469592,0.19477205693486424,0.556803823433641,50,20,20
34,2982,0.14556656454020744,0.1014746448516979,0.19622079611071705,0.5567379944973776,50,20,20
34,2983,0.14556656454020744,0.1014746448516979,0.19622079610565785,0.5567379945024367,50,20,20
34,2984,0.14603925750471264,0.10147464485607136,0.19574797235035277,0.5567381252888626,50,20,20
34,2985,0.1460392575047201,0.1014789674733243,0.19574364973036246,0.5567381252915926,50,20,20
34,2986,0.1460392575047217,0.1014789674733243,0.19574364998078933,0.556738125041164,50,20,20
34,2987,0.1522531713747276,0.10147896461975109,0.18952975224096705,0.5567381117645537,50,20,20
34,2988,0.1522531713747049,0.10147896461975105,0.18946492624066408,0.5568029377648793,50,20,20
34,2989,0.15225317137470484,0.101478964619751,0.189464968612293,0.5568028953932503,50,20,20
34,2990,0.15225317137470484,0.101478964619751,0.18946496890008718,0.5568028951054562,50,20,20
34,2991,0.1613394594309564,0.10147896577484154,0.18042573979046478,0.5567558350037364,50,20,20
34,2992,0.16266483289489833,0.10147897875736293,0.1791004222316261,0.5567557661161117,50,20,20
34,2993,0.15698713282669124,0.10147898195771901,0.18477767899381778,0.5567562062217708,50,20,20
34,2994,0.1569871328266912,0.10147898195771901,0.18473148369874146,0.5568024015168472,50,20,20
34,2995,0.15675536282677177,0.10147899502635027,0.18495974975520332,0.556805892391673,50,20,20
34,2996,0.15675560149165402,0.10147899542802273,0.1850953981159379,0.556670004964384,50,20,20
34,2997,0.15675560149165405,0.10147899542802273,0.18509539906427705,0.5566700040160448,50,20,20
34,2998,0.15675560149165246,0.10147899542802277,0.18509769517159672,0.5566677079087268,50,20,20
34,2999,0.15700791680866633,0.10147899539984713,0.1848453870811898,0.5566677007102958,50,20,20
34,3000,0.15700791680866474,0.1014789953998471,0.18484538611709997,0.5566677016743874,50,20,20
34,3001,0.15700791680866474,0.1014789953998471,0.1848453871230175,0.5566677006684697,50,20,20
34,3002,0.15700791680866316,0.10147899539972481,0.18484207585277987,0.5566710119388314,50,20,20
34,3003,0.13707394668588505,0.10147899702734878,0.20475101837737217,0.5566960379093929,50,20,20
34,3004,0.1370739466904892,0.10147899737837758,0.20708981194275808,0.5543572439883738,50,20,20
34,3005,0.13707394669065237,0.10147882664012159,0.20708998267635526,0.5543572439928702,50,20,20
34,3006,0.13707394669065237,0.10147882664011947,0.20709102418815484,0.5543562024810729,50,20,20
34,3007,0.1341028197730979,0.10147882663851122,0.21006215132080747,0.554356202267583,50,20,20
34,3008,0.1341028197730979,0.10147882663851122,0.21006219084248937,0.5543561627459008,50,20,20
34,3009,0.13410281952226344,0.10147880742620867,0.20701525018387354,0.5574031228676533,50,20,20
34,3010,0.13410281952226338,0.10170358865498846,0.206790468955046,0.5574031228677012,50,20,20
34,3011,0.13410281952817613,0.10084429166883792,0.20764976578369856,0.5574031230192863,50,20,20
34,3012,0.14131896746152833,0.10084429265968897,0.20040180186018428,0.5574349380185979,50,20,20
34,3013,0.1413189674615283,0.10084429265968893,0.2003994509290552,0.557437288949727,50,20,20
34,3014,0.14131896746152833,0.10084429265979704,0.202728800078024,0.55510793980065,50,20,20
34,3015,0.1413189674676102,0.10053878072359948,0.20303431185495313,0.5551079399538366,50,20,20
34,3016,0.14131872880272794,0.10053878032192706,0.20289643602141666,0.5552460548539276,50,20,20
34,3017,0.14524767363459612,0.10053877675395922,0.19896798376532449,0.5552455658461194,50,20,20
34,3018,0.14524767363459612,0.10053877675395925,0.19896798477184063,0.5552455648396031,50,20,20
34,3019,0.14524767362999197,0.10053877640293046,0.19663030901008616,0.5575832409569906,50,20,20
34,3020,0.1452476736299919,0.10053877640292833,0.1966291892113446,0.5575843607557343,50,20,20
34,3021,0.1452476736299935,0.10053877640292833,0.19662918922593448,0.5575843607411428,50,20,20
34,3022,0.12989663626836334,0.10053877449713747,0.21200862396031428,0.5575559652741839,50,20,20
34,3023,0.1298966362684542,0.10053877449713747,0.2120574770907201,0.5575071121436872,50,20,20
34,3024,0.1298966362684542,0.10053877449713747,0.21205747709577932,0.557507112138628,50,20,20
34,3025,0.12989663626845427,0.10053877449713751,0.2120575188794326,0.5575070703549746,50,20,20
34,3026,0.12989490246555008,0.10053877449713751,0.21205925268233675,0.5575070703549747,50,20,20
34,3027,0.1298949024655505,0.10053877449713966,0.21212402001565697,0.5574423030216519,50,20,20
34,3028,0.1298949024655505,0.10053877449713751,0.21212397862914137,0.5574423444081696,50,20,20
34,3029,0.12989490246555044,0.10053877449713751,0.2121215804910378,0.5574447425462733,50,20,20
34,3030,0.12989490246555044,0.10053877449713754,0.21230811200312655,0.5572582110341845,50,20,20
34,3031,0.1298949398911448,0.10069217657608195,0.21215467242930242,0.5572582111034701,50,20,20
34,3032,0.12989493989114642,0.10069217657608624,0.2121579749244103,0.5572549086083562,50,20,20
34,3033,0.1298949398852261,0.10153987935724165,0.211310272300809,0.5572549084567225,50,20,20
34,3034,0.1298949398852257,0.10153987935723953,0.21124887198638714,0.557316308771147,50,20,20
34,3035,0.13111861513255568,0.10159756859818117,0.20996750603454184,0.5573163102347204,50,20,20
34,3036,0.13724593771446147,0.10159756859798927,0.20384021712329095,0.5573162765642584,50,20,20
34,3037,0.13724593771446147,0.10159756859798932,0.20384021783695386,0.5573162758505955,50,20,20
34,3038,0.13724593771446145,0.10159756859798928,0.20383913493279363,0.5573173587547557,50,20,20
34,3039,0.13602212853829854,0.10153987936443486,0.20512051600387682,0.5573174760933898,50,20,20
34,3040,0.13602212853829845,0.10153987936443482,0.20512047422022353,0.5573175178770432,50,20,20
34,3041,0.13412867077319665,0.10153987936447201,0.2070139319819236,0.5573175178804078,50,20,20
34,3042,0.1359789763615306,0.10153988065380809,0.2051636248883501,0.5573175180963112,50,20,20
34,3043,0.13597897636153067,0.10153988065380812,0.20516591888693458,0.5573152240977267,50,20,20
34,3044,0.13597897636162812,0.10090412670751425,0.20580166408743164,0.5573152328434259,50,20,20
34,3045,0.13793312026825783,0.10090412670749078,0.2038475201842542,0.5573152328399971,50,20,20
34,3046,0.13793312026825783,0.10090412670748652,0.20384425893798197,0.5573184940862734,50,20,20
34,3047,0.13907218704830557,0.10090411387701544,0.20270866293529682,0.5573150361393822,50,20,20
34,3048,0.13907218704830554,0.10090411387701544,0.2027052969079931,0.5573184021666858,50,20,20
34,3049,0.13907218704830432,0.10090411387701331,0.20288950043448742,0.5571341986401949,50,20,20
34,3050,0.13707650900025511,0.10090424442923177,0.20488442549380026,0.557134821076713,50,20,20
34,3051,0.13707614813380675,0.10090423144233927,0.2048848612459701,0.5571347591778839,50,20,20
34,3052,0.1370762243578373,0.09888973917633638,0.20689924526715217,0.5571347911986745,50,20,20
34,3053,0.140111074731127,0.09888973917431622,0.20386439507899456,0.5571347910155625,50,20,20
34,3054,0.140111074731127,0.09888973917431622,0.2038643518299356,0.5571348342646217,50,20,20
34,3055,0.14011107473112702,0.09888973917431831,0.2039104746276155,0.5570887114669396,50,20,20
34,3056,0.140111074731022,0.09951014661438001,0.20329007593340492,0.5570887027211936,50,20,20
34,3057,0.1401110747297329,0.0995101466074527,0.20315638552408566,0.5572223931387291,50,20,20
34,3058,0.14011107472975562,0.09951014660745489,0.20322017136981857,0.5571586072929714,50,20,20
34,3059,0.12020252654012827,0.0995112221146829,0.2231276440240356,0.5571586073211541,50,20,20
34,3060,0.11844001824081461,0.09951122211931579,0.22489015229770642,0.5571586073421637,50,20,20
34,3061,0.11844001824081461,0.09951122211931583,0.224890193824632,0.557158565815238,50,20,20
34,3062,0.11257440768562162,0.09951122247355201,0.23075570945575527,0.5571586603850717,50,20,20
34,3063,0.10953518446718988,0.09951121993958266,0.23379436496228514,0.5571592306309424,50,20,20
34,3064,0.10953518446718982,0.09951130042592926,0.23379428447316222,0.5571592306337189,50,20,20
34,3065,0.09217847480344356,0.09951117462018942,0.2511504754778713,0.5571598750984956,50,20,20
34,3066,0.09217847480300959,0.09951503995502914,0.2511466101434654,0.5571598750984957,50,20,20
34,3067,0.09217847480301002,0.09951503995515144,0.251149026612437,0.5571574586294015,50,20,20
34,3068,0.09217847480301006,0.09951503995515149,0.25115132030765225,0.5571551649341863,50,20,20
34,3069,0.09217847480311121,0.09208474225343169,0.2585816180092894,0.5571551649341678,50,20,20
34,3070,0.09217843737735036,0.11140475242471873,0.23926164533754338,0.5571551648603876,50,20,20
34,3071,0.0921784373768176,0.11913536274236386,0.23153103502046032,0.557155164860358,50,20,20
34,3072,0.09217843738117491,0.11913536274256809,0.23459100992912887,0.5540951899471281,50,20,20
34,3073,0.09212518290636997,0.11913574033895341,0.23444586213037205,0.5542932146243047,50,20,20
34,3074,0.09212518290636997,0.11913574033895129,0.23444355229998376,0.5542955244546951,50,20,20
34,3075,0.09212518290637181,0.11914018748249328,0.23443910515639124,0.5542955244547438,50,20,20
34,3076,0.09212518290646289,0.11914018748261558,0.23444141982538827,0.5542932097855334,50,20,20
34,3077,0.09212518290646302,0.11912445704573871,0.234457150262265,0.5542932097855334,50,20,20
34,3078,0.09212518290646302,0.11912445704573871,0.2344571666840012,0.5542931933637972,50,20,20
34,3079,0.09147989596921043,0.11912445229932503,0.2351036570486126,0.5542919946828522,50,20,20
34,3080,0.09214900105022482,0.11912399564658843,0.23443500930280856,0.5542919940003792,50,20,20
34,3081,0.09214900105022641,0.11912399564659053,0.23424855615288323,0.5544784471503007,50,20,20
34,3082,0.09214900105022641,0.11912399564659058,0.234251858247361,0.554475145055823,50,20,20
34,3083,0.09214900105025076,0.11912399564659273,0.2342506904513779,0.5544763128517796,50,20,20
34,3084,0.09214900105073706,0.09951414664634887,0.2538605294191683,0.5544763228837466,50,20,20
34,3085,0.09215664468121508,0.09912447238458964,0.2542425098810486,0.5544763730531477,50,20,20
34,3086,0.09436762800280972,0.09912538927341893,0.23782435046537218,0.5686826322584,50,20,20
34,3087,0.09433243412409484,0.0991254084518606,0.22121397367155146,0.5853281837524942,50,20,20
34,3088,0.09427280201889804,0.09912540677975676,0.22129780138643146,0.585303989814914,50,20,20
34,3089,0.09337465805870598,0.09912504096878731,0.22239801219605096,0.5851022887764559,50,20,20
34,3090,0.09221362781500009,0.09912504122985265,0.22355907509593165,0.5851022558592157,50,20,20
34,3091,0.09221362781510685,0.09883545880974458,0.22384865751319594,0.5851022558619526,50,20,20
34,3092,0.09221362781510688,0.0988354588098331,0.22937757935963848,0.5795733340154224,50,20,20
34,3093,0.09041595506329042,0.09883614134200622,0.23117131545650893,0.5795765881381953,50,20,20
34,3094,0.09041595506338147,0.09883614134200622,0.2311744271706417,0.5795734764239715,50,20,20
34,3095,0.09041595506338189,0.09883614134191988,0.22564664821033248,0.5851012553843667,50,20,20
34,3096,0.08721870798545414,0.09883614098939622,0.22884399020245266,0.5851011608226984,50,20,20
34,3097,0.0872187079853633,0.09883614098939622,0.22898163076620384,0.5849635202590382,50,20,20
34,3098,0.08721870798536209,0.09883614098939622,0.22898164746310182,0.5849635035621416,50,20,20
34,3099,0.08721870798536052,0.0988361409893941,0.22893783415524624,0.5850073168700007,50,20,20
34,3100,0.07033668393850441,0.10960919285321007,0.23504679652168037,0.5850073266866064,50,20,20
34,3101,0.07081679070124747,0.10960919310160869,0.23456297510052654,0.5850110410966187,50,20,20
34,3102,0.07081679070124756,0.10961391355655106,0.23455825464836202,0.5850110410938406,50,20,20
34,3103,0.07081679070133862,0.10961391355655323,0.23455600306812865,0.5850132926739808,50,20,20
34,3104,0.07081679435807474,0.10961405511918691,0.23451824251761977,0.5850509080051203,50,20,20
34,3105,0.08270194795285107,0.10961418824000912,0.22156827380976246,0.5861155899973781,50,20,20
34,3106,0.08270194795285066,0.10961418824001122,0.22170138149089547,0.5859824823162435,50,20,20
34,3107,0.08270194795317773,0.10990802530021612,0.2214075444303227,0.5859824823162844,50,20,20
34,3108,0.08270194795308669,0.10990802530021612,0.2214044463427962,0.5859855804039018,50,20,20
34,3109,0.0827019479530879,0.10990802530021612,0.22121793297794048,0.5861720937687562,50,20,20
34,3110,0.08271548197144787,0.10990802405399264,0.22120440020943982,0.58617209376512,50,20,20
34,3111,0.09910122042978738,0.1099069528132804,0.20481916319322238,0.5861726635637104,50,20,20
34,3112,0.09910122042981012,0.1099069528134027,0.20482136068883608,0.5861704660679516,50,20,20
34,3113,0.0991012204298117,0.1099069528134048,0.20482140137496616,0.586170425381818,50,20,20
34,3114,0.09910122043100973,0.10990695282020983,0.20495275436515456,0.5860390723836266,50,20,20
34,3115,0.09910122043618877,0.10990695282033185,0.20499909512941353,0.5859927316140665,50,20,20
34,3116,0.0991012204361888,0.109906952820334,0.20500144692247135,0.5859903798210065,50,20,20
34,3117,0.10349781473429492,0.10991354698163258,0.20166294267621532,0.584925695607858,50,20,20
34,3118,0.10349789348870173,0.10991354698116823,0.20166286511405423,0.5849256944160761,50,20,20
34,3119,0.10349788991354854,0.10991352779808995,0.19849499206280494,0.5880935902255567,50,20,20
34,3120,0.10349788990836949,0.10991352779796791,0.19844861077307743,0.5881399715205853,50,20,20
34,3121,0.1039663611466069,0.10991284550824469,0.1979840736368687,0.5881367197082799,50,20,20
34,3122,0.10349849697950583,0.1099128452658724,0.19845193913804673,0.5881367186165751,50,20,20
34,3123,0.10349849697950622,0.10991284526587243,0.19844867930198526,0.5881399784526363,50,20,20
34,3124,0.1034984969795058,0.10991284526575013,0.19844707228225275,0.5881415854724916,50,20,20
34,3125,0.1034634937264455,0.10991284552144806,0.19848207532154405,0.5881415854305627,50,20,20
34,3126,0.10331967056625689,0.11912404817652054,0.18941470564645171,0.5881415756107713,50,20,20
34,3127,0.10331967056625689,0.1191240481765227,0.1894148036304546,0.5881414776267662,50,20,20
34,3128,0.10331967056625689,0.11912404817652057,0.18928167752498276,0.5882746037322399,50,20,20
34,3129,0.10331967056625689,0.11912404817652057,0.18928167787552383,0.588274603381699,50,20,20
34,3130,0.10331967056625693,0.11912404817652057,0.1892817049145982,0.5882745763426247,50,20,20
34,3131,0.10331967056624766,0.11964020762447782,0.1887655454666031,0.5882745763426718,50,20,20
34,3132,0.10332012604509341,0.11964020736885436,0.18876509024374946,0.588274576342303,50,20,20
34,3133,0.10332012604518458,0.11964020737580222,0.18883373373845103,0.5882059328405624,50,20,20
34,3134,0.1033201260451846,0.1196402073758022,0.18883373346250046,0.5882059331165128,50,20,20
34,3135,0.11620842331637991,0.11964022716846962,0.17594363451734893,0.5882077149978016,50,20,20
34,3136,0.11620842331638151,0.11964022716846962,0.17594283901333932,0.5882085105018097,50,20,20
34,3137,0.11620842331638151,0.11964022716846962,0.17594285570530957,0.5882084938098394,50,20,20
34,3138,0.11576267824359032,0.1196402269200735,0.17639238361497586,0.5882047112213606,50,20,20
34,3139,0.12479856733637863,0.11964022709966426,0.16735644510958864,0.5882047604543691,50,20,20
34,3140,0.12479858358158812,0.11964022659840143,0.16735642818904267,0.5882047616309682,50,20,20
34,3141,0.1181960667910015,0.11964021005900126,0.1739607291174141,0.5882029940325837,50,20,20
34,3142,0.11819606679056754,0.11965168585585376,0.1739492533237741,0.588202994029805,50,20,20
34,3143,0.1181960667905675,0.1196516858558538,0.17394697309430412,0.588205274259275,50,20,20
34,3144,0.11819606679056595,0.1196516858558538,0.17394699912066097,0.5882052482329196,50,20,20
34,3145,0.13816041765502646,0.11965168585577286,0.15398264829816383,0.5882052481910366,50,20,20
34,3146,0.1381604176550265,0.11965168585589264,0.1540473115377227,0.5881405849513579,50,20,20
34,3147,0.11830962498986024,0.11965168636032121,0.1738980359721518,0.5881406526776672,50,20,20
34,3148,0.11609099803730112,0.11965076924615287,0.17032625226875475,0.593931980447792,50,20,20
34,3149,0.11609099803730112,0.11965076924615287,0.1701397415846476,0.594118491131899,50,20,20
34,3150,0.11609099803730069,0.11965076924615069,0.17013859869851486,0.5941196340180342,50,20,20
34,3151,0.11609099803730069,0.11965076924615284,0.17014095076697294,0.594117281949574,50,20,20
34,3152,0.11609099803730151,0.10675015718314683,0.18304156283000836,0.5941172819495426,50,20,20
34,3153,0.1160909980373031,0.10675015718314683,0.18304160313640722,0.5941172416431421,50,20,20
34,3154,0.11609099803730351,0.10675015718325004,0.18616321793168145,0.5909956268477642,50,20,20
34,3155,0.11609099803727913,0.10675015718324785,0.18634858641693872,0.5908102583625335,50,20,20
34,3156,0.11980628242039354,0.10674342318361273,0.18264006582617323,0.5908102285698202,50,20,20
34,3157,0.1198062824203935,0.10674342318361273,0.18264002556704909,0.5908102688289445,50,20,20
34,3158,0.11980628244449894,0.1191371161744231,0.1702463237530526,0.5908102776280257,50,20,20
34,3159,0.11980628244440786,0.11913711617442095,0.17024736347614108,0.5908092379050306,50,20,20
34,3160,0.11980628244440625,0.11913711617441888,0.17043381662654525,0.59062278475463,50,20,20
34,3161,0.11980628244440629,0.11913711617441888,0.17043156318031766,0.5906250382008575,50,20,20
34,3162,0.11980628244438352,0.11913711617441884,0.17043264664794344,0.5906239547332547,50,20,20
34,3163,0.13968054462970775,0.11913711617595085,0.15055838403106103,0.5906239551632801,50,20,20
34,3164,0.13968054462970778,0.1191371161759509,0.150558397556226,0.5906239416381153,50,20,20
34,3165,0.13968054462970775,0.11913711617582902,0.150493693625448,0.5906886455690151,50,20,20
34,3166,0.13968843999578417,0.11913711567422236,0.15048579869186152,0.5906886456381318,50,20,20
34,3167,0.1396884399957843,0.11912610524798765,0.15049680911814478,0.5906886456380831,50,20,20
34,3168,0.13968843997168157,0.10673265784710194,0.16289026214080227,0.5906886400404143,50,20,20
34,3169,0.13968843997168312,0.10673265784722183,0.16293405839164685,0.5906448437894483,50,20,20
34,3170,0.13968843997168315,0.10673265784722183,0.1629340448221248,0.5906448573589702,50,20,20
34,3171,0.13968843997168473,0.10673265784722397,0.1628806596013781,0.5906982425797132,50,20,20
34,3172,0.13968843997168476,0.10673265784722392,0.16269416576484383,0.5908847364162475,50,20,20
34,3173,0.13968843997168634,0.10673265784722402,0.16269742792552122,0.5908814742555684,50,20,20
34,3174,0.13968844023310512,0.1067326578472259,0.1650273064636158,0.5885515954560532,50,20,20
34,3175,0.1396884402331068,0.10588907822513338,0.16587088608575454,0.5885515954560052,50,20,20
34,3176,0.13781407432746057,0.10588907826266102,0.16774524102157426,0.5885516063883045,50,20,20
34,3177,0.13781407432617146,0.10588907825573374,0.16761386704461687,0.5886829803734781,50,20,20
34,3178,0.15091196549245142,0.1058890750023865,0.15451599463334356,0.5886829648718184,50,20,20
34,3179,0.15376636542936842,0.10588907499506676,0.15166171352625807,0.5886828460493065,50,20,20
34,3180,0.15376636542936803,0.10588907499506676,0.15166061523160695,0.5886839443439579,50,20,20
34,3181,0.15376636542936806,0.10588907499506889,0.1516606559051758,0.588683903670387,50,20,20
34,3182,0.15376636542936686,0.10588907499494687,0.15161564846265982,0.5887289111130262,50,20,20
34,3183,0.15376636542936686,0.10588907499494685,0.1514291550161911,0.5889154045594949,50,20,20
34,3184,0.14233821263054178,0.10588907521239464,0.16285726873605977,0.5889154434210042,50,20,20
34,3185,0.14233821263054178,0.10588907521239464,0.1628572857260098,0.5889154264310541,50,20,20
34,3186,0.14232956701395635,0.10588907521223595,0.16286593254068876,0.58891542523312,50,20,20
34,3187,0.142329567013956,0.10588907521223595,0.1628648631472189,0.5889164946265901,50,20,20
34,3188,0.14232956701395597,0.10588907521212784,0.1605354328002391,0.5912459249736781,50,20,20
34,3189,0.14537256880636792,0.10588907517612163,0.1574923360968348,0.5912460199206764,50,20,20
34,3190,0.14537256854494912,0.10588907517612402,0.15522718077037798,0.5935111755085497,50,20,20
34,3191,0.14537256854494757,0.10588907517612192,0.15509636524179268,0.5936419910371387,50,20,20
34,3192,0.1453725685449476,0.10588907517612403,0.15509867576612424,0.5936396805128049,50,20,20
34,3193,0.1453725685449476,0.10588907517612403,0.15509869275607438,0.5936396635228548,50,20,20
34,3194,0.14537256854494873,0.10588907517612406,0.16062781793361794,0.5881105383453101,50,20,20
34,3195,0.1453725685449487,0.10588907517612195,0.16063102171338542,0.5881073345655449,50,20,20
34,3196,0.14537256854494868,0.10588907517612192,0.16063334458138923,0.5881050116975411,50,20,20
34,3197,0.14537256854495026,0.10588907517612188,0.1606333414678166,0.5881050148111122,50,20,20
34,3198,0.14536407970752016,0.10588907517634269,0.16064189850166993,0.5881049466144682,50,20,20
34,3199,0.1531508807609177,0.10588907913840498,0.15279371969151706,0.5881663204091612,50,20,20
34,3200,0.15315088076091735,0.10588907913830173,0.14966880251404913,0.5912912375867327,50,20,20
34,3201,0.15315088328031126,0.10588906711185875,0.14966886935989657,0.5912911802479341,50,20,20
34,3202,0.15291790824173007,0.10588906693375427,0.14990189297840767,0.5912911318461085,50,20,20
34,3203,0.15291790824174492,0.10588906693375431,0.15688693737816647,0.5843060874463346,50,20,20
34,3204,0.15291790824289195,0.10588906693990886,0.15923142611428592,0.5819615987029136,50,20,20
34,3205,0.15292327992332283,0.10588906698201234,0.1592267436502493,0.581960909444416,50,20,20
34,3206,0.15292327992332283,0.10588906698201449,0.15922998867328858,0.5819576644213746,50,20,20
34,3207,0.15292327992332283,0.10588906698189218,0.15922744757503957,0.5819602055197461,50,20,20
34,3208,0.15292327991723517,0.10534682400484101,0.1597696907140969,0.5819602053638274,50,20,20
34,3209,0.15298634884740872,0.10534682396034106,0.15970662183959064,0.5819602053526601,50,20,20
34,3210,0.1529863488474087,0.10534682396034104,0.15970655168099032,0.5819602755112605,50,20,20
34,3211,0.15015740552065387,0.10538163793426872,0.16250068013863467,0.5819602764064433,50,20,20
34,3212,0.15015740552065387,0.10538163793426868,0.1625006809640094,0.5819602755810687,50,20,20
34,3213,0.1501574055206571,0.10538163793426868,0.16250299048576416,0.5819579660593107,50,20,20
34,3214,0.1501574055206571,0.10538163793426653,0.16249968723936864,0.5819612693057085,50,20,20
34,3215,0.1501574055206517,0.11828778006204659,0.14959354831302246,0.5819612661042795,50,20,20
34,3216,0.15015740551546045,0.11828778006204443,0.14959597865150345,0.5819588357709921,50,20,20
34,3217,0.15015740551546206,0.1182877800620402,0.1495345785962516,0.5820202358262466,50,20,20
34,3218,0.13553702539163953,0.11828781507167889,0.16362213574210308,0.5825530237945796,50,20,20
34,3219,0.15547420176594937,0.1182878150716794,0.14368495936779657,0.5825530237945751,50,20,20
34,3220,0.15559640863998625,0.11828781507087793,0.14356275292123422,0.5825530233679013,50,20,20
34,3221,0.15559640863998664,0.11828781507087793,0.14356607883474784,0.5825496974543873,50,20,20
34,3222,0.15883551882556207,0.11828781281410175,0.14032699507523702,0.5825496732850987,50,20,20
34,3223,0.167679908807177,0.11828780876306866,0.13154537050892073,0.5824869119208331,50,20,20
34,3224,0.167679908807179,0.1182878087700387,0.1315504308885518,0.58248185153423,50,20,20
34,3225,0.16767990880603198,0.11828780876388414,0.12920588497022775,0.5848263974598558,50,20,20
34,3226,0.16767990880603223,0.11766843168088417,0.12982526205322664,0.5848263974598567,50,20,20
34,3227,0.16767990880603223,0.11766843168088414,0.1298241229793514,0.584827536533732,50,20,20
34,3228,0.16767990880603262,0.1176684316810043,0.12982418865857379,0.584827470854389,50,20,20
34,3229,0.16767990880601782,0.11766843168100427,0.12283908804693278,0.5918125714660448,50,20,20
34,3230,0.16767990880601624,0.11766843168100427,0.12283909144032894,0.5918125680726501,50,20,20
34,3231,0.16767990880601422,0.11766843167403424,0.1228340445919322,0.591817614928019,50,20,20
34,3232,0.16767990880601416,0.1176738597556306,0.12282861651033672,0.5918176149280181,50,20,20
34,3233,0.16767990880601413,0.1176738597556306,0.12282857526441099,0.5918176561739438,50,20,20
34,3234,0.16767990880601413,0.1176738597556306,0.12282857526441099,0.591817656173944,50,20,20
34,3235,0.1623684297800193,0.11767385958009742,0.12814010211912152,0.5918176085207616,50,20,20
34,3236,0.16236842978001773,0.11767385958009952,0.1281828865257371,0.5917748241141454,50,20,20
34,3237,0.16236842978001814,0.1176738595800974,0.12818383797850333,0.5917738726613809,50,20,20
34,3238,0.16236842978001853,0.11767385958009959,0.12818312552978875,0.5917745851100928,50,20,20
34,3239,0.1734166145718118,0.11767385936184127,0.11713497982497303,0.5917745462413736,50,20,20
34,3240,0.1734166145674318,0.11767385936163485,0.11401006102420856,0.5948994650467244,50,20,20
34,3241,0.17341661456745097,0.11767385936163693,0.11401103152007919,0.5948984945508325,50,20,20
34,3242,0.16163313092999182,0.11767385952665953,0.12550082426766307,0.5951921852756852,50,20,20
34,3243,0.16163313092999182,0.11767385952678183,0.1255020035041759,0.5951910060390501,50,20,20
34,3244,0.16163313092999027,0.11767385952678179,0.12549874240819053,0.5951942671350369,50,20,20
34,3245,0.16163313092996753,0.11767385952678179,0.1254955184666755,0.5951974910765746,50,20,20
34,3246,0.16163313092996753,0.11767385952678394,0.12549555886533478,0.5951974506779132,50,20,20
34,3247,0.1616331309351804,0.11767385952690622,0.12549912862064347,0.5951938809172694,50,20,20
34,3248,0.1616331309351804,0.11767385952690626,0.1254991286267383,0.5951938809111745,50,20,20
34,3249,0.1767386704461439,0.11767398832682689,0.11068764885300836,0.5948996923740202,50,20,20
34,3250,0.1767386704474375,0.1176739883268248,0.11075231897630002,0.5948350222494371,50,20,20
34,3251,0.17673867044752792,0.11767398832682689,0.11088543385082046,0.5947019073748243,50,20,20
34,3252,0.17699166504217353,0.11767398832362903,0.11063244008379751,0.5947019065503993,50,20,20
34,3253,0.17699166504217312,0.117673988323629,0.11062919378001196,0.5947051528541852,50,20,20
34,3254,0.17702324219077578,0.1176391747777357,0.11063243107353787,0.59470515195795,50,20,20
34,3255,0.1770036010265593,0.11763917585982474,0.11064965106544951,0.5947075720481658,50,20,20
34,3256,0.15705900446482868,0.11763919782243731,0.11122057784399761,0.6140812198687358,50,20,20
34,3257,0.15705900446482987,0.11763919782231501,0.11121897122073192,0.6140828264921225,50,20,20
34,3258,0.15705900446483143,0.11763919782231506,0.1112166612558344,0.6140851364570185,50,20,20
34,3259,0.1570590044648316,0.11762826456235378,0.11122759451574675,0.6140851364570672,50,20,20
34,3260,0.15705900446492266,0.11762826456235594,0.11122759598546209,0.6140851349872587,50,20,20
34,3261,0.15705900446494186,0.11762826456245914,0.11435253036982586,0.6109602006027726,50,20,20
34,3262,0.1570590044649415,0.11762826456245917,0.11434926239984496,0.6109634685727537,50,20,20
34,3263,0.1570590044649399,0.11762826456245705,0.11430641563779892,0.6110063153348037,50,20,20
34,3264,0.1570590044649399,0.11762826456245705,0.11430313352472168,0.6110095974478809,50,20,20
34,3265,0.1570590044649398,0.11762826455563147,0.11423690715457945,0.6110758238248488,50,20,20
34,3266,0.15705900446493987,0.11762826455563147,0.11423693419266277,0.6110757967867655,50,20,20
34,3267,0.15737756177463874,0.1176281337564951,0.11391850787067058,0.6110757965981951,50,20,20
34,3268,0.15737756177463874,0.1176281337564951,0.11391850787067058,0.6110757965981951,50,20,20
34,3269,0.15743862225739982,0.11762813375649485,0.11385744738784423,0.6110757965982607,50,20,20
34,3270,0.15917588484844303,0.11762814635956985,0.11212017217804945,0.6110757966139375,50,20,20
34,3271,0.15431970812131335,0.11762814531096932,0.11697876109740057,0.6110733854703168,50,20,20
34,3272,0.15431970812122228,0.11762814531096717,0.11697640925927548,0.611075737308535,50,20,20
34,3273,0.15431970812122386,0.11762814531096721,0.11697877324804443,0.6110733733197644,50,20,20
34,3274,0.1542654589613562,0.11762812334835658,0.11645284011850345,0.6116535775717837,50,20,20
34,3275,0.15426545896135604,0.11763905401714697,0.11644190944971237,0.6116535775717845,50,20,20
34,3276,0.1568537141226771,0.11764012425495377,0.11356182563553002,0.6119443359868384,50,20,20
34,3277,0.15685371412377208,0.11764012426083624,0.11668674828585406,0.6088194133295368,50,20,20
34,3278,0.1568537141237717,0.11764012426083406,0.11668672657631136,0.6088194350390822,50,20,20
34,3279,0.15685371412494353,0.11764012426093727,0.11980845953711321,0.6056977020770055,50,20,20
34,3280,0.1568537141250346,0.11764012426093727,0.11981356009927387,0.6056926015147538,50,20,20
34,3281,0.15685371412518934,0.10558734880332749,0.13186633555672853,0.6056926015147532,50,20,20
34,3282,0.15685371412979043,0.1055873488034378,0.1341323225717903,0.6034266144949799,50,20,20
34,3283,0.15685371412979204,0.10558734880343783,0.13413307714149172,0.603425859925277,50,20,20
34,3284,0.15685371412979202,0.10558734880343745,0.1341966585307252,0.6033622785360439,50,20,20
34,3285,0.15685371412979202,0.10558734880343745,0.13419665953896828,0.6033622775278009,50,20,20
34,3286,0.15685371412970098,0.10558734880343959,0.13419486222539528,0.6033640748414628,50,20,20
34,3287,0.15685371412970098,0.10558734880343959,0.13419491846072273,0.6033640186061354,50,20,20
34,3288,0.15685371412970098,0.10558734880343744,0.13419487707348932,0.6033640599933711,50,20,20
34,3289,0.15685371412970098,0.1055873488034375,0.13419163261784792,0.6033673044490123,50,20,20
34,3290,0.15685371412970137,0.10558734880355981,0.1341940036948357,0.6033649333719019,50,20,20
34,3291,0.15685591041462002,0.10558734880274928,0.134191807410726,0.6033649333719034,50,20,20
34,3292,0.15685591041462038,0.10558734880274928,0.13419505298841622,0.6033616877942128,50,20,20
34,3293,0.1567558549249114,0.10558734884875323,0.1342951082201129,0.6033616880062211,50,20,20
34,3294,0.1567558549249113,0.10620653273705434,0.1336759243318119,0.6033616880062211,50,20,20
34,3295,0.15675585492491284,0.10620653273705472,0.13361451499114493,0.6034230973468862,50,20,20
34,3296,0.15871037325593218,0.10620653273705546,0.13165999666348718,0.6034230973435241,50,20,20
34,3297,0.15871037325593962,0.10621360248906037,0.13165292691152186,0.603423097343477,50,20,20
34,3298,0.15871037325593965,0.1062136024890604,0.13165298384681132,0.6034230404081875,50,20,20
34,3299,0.1581345308304343,0.1062136026686993,0.13222877814078196,0.6034230883600833,50,20,20
34,3300,0.1533717371059512,0.10621367284219327,0.13749520391394843,0.6029193861379063,50,20,20
34,3301,0.15337173710586072,0.10621367284219113,0.1373620320948825,0.6030525579570646,50,20,20
34,3302,0.15337173710576965,0.10621367284206887,0.1373596558764835,0.603054934175677,50,20,20
34,3303,0.15337173710576965,0.10621367284206887,0.13735971356995966,0.6030548764822008,50,20,20
34,3304,0.1502254122338527,0.10621367288222988,0.14050487775607737,0.6030560371278388,50,20,20
34,3305,0.15022541223385302,0.10621367288223198,0.1406913919463761,0.6028695229375377,50,20,20
34,3306,0.14612404882127938,0.10621377671096319,0.14479264588431018,0.6028695285834462,50,20,20
34,3307,0.14612404882127977,0.10621377671096323,0.14479589217075098,0.602866282297005,50,20,20
34,3308,0.14612404882127816,0.10621377671084094,0.1447925968669771,0.6028695776009028,50,20,20
34,3309,0.14612404882127858,0.1062137767109632,0.14479338163338243,0.6028687928343749,50,20,20
34,3310,0.14612404882127739,0.1062137767109632,0.1392642567317895,0.608397917735969,50,20,20
34,3311,0.14612404882455093,0.09682366994348655,0.1486543634959679,0.6083979177359935,50,20,20
34,3312,0.1461229328173095,0.09682356476037769,0.14865043194837735,0.6084030704739344,50,20,20
34,3313,0.14612293424235206,0.09682356476272055,0.14189939664627757,0.6151541043486488,50,20,20
34,3314,0.14612293424235046,0.09682356476272051,0.14189858557006046,0.6151549154248677,50,20,20
34,3315,0.14612293424233128,0.09682356476261945,0.13877483609295121,0.6182786649020972,50,20,20
34,3316,0.14613399792218326,0.0968235647626185,0.13876377242802784,0.6182786648871694,50,20,20
34,3317,0.1461339979210883,0.09682356476364261,0.13582592016399622,0.621216517151272,50,20,20
34,3318,0.1461339979210879,0.0968235647636284,0.13815450844024513,0.6188879288750377,50,20,20
34,3319,0.14613399792108792,0.0968235647636284,0.13820065436181464,0.6188417829534681,50,20,20
34,3320,0.14841948378558356,0.09682356476883446,0.13591517743891182,0.6188417740066694,50,20,20
34,3321,0.14841948378230266,0.10619538490858069,0.12654335730247288,0.6188417740066431,50,20,20
34,3322,0.14841948380965073,0.08660550825432695,0.14613322394541875,0.6188417839906031,50,20,20
34,3323,0.14841948380965037,0.08660550826123142,0.14613375882491783,0.6188412491041998,50,20,20
34,3324,0.14857334012390258,0.08660562564366851,0.1460170313313005,0.6188040029011281,50,20,20
34,3325,0.14857085303132936,0.08660562564366853,0.14601951842386898,0.6188040029011329,50,20,20
34,3326,0.14857085303132775,0.08660562564366853,0.14608346834865196,0.6187400529763516,50,20,20
34,3327,0.14857085303132617,0.08660562564366853,0.1460834680980902,0.6187400532269149,50,20,20
34,3328,0.14857085303174677,0.08599763612599405,0.1466914576153432,0.6187400532269157,50,20,20
34,3329,0.1495059253330763,0.08599763608722634,0.14575754580919076,0.6187388927705065,50,20,20
34,3330,0.1495059253330763,0.08599763608722631,0.14575752426293476,0.6187389143167625,50,20,20
34,3331,0.14944889164971253,0.08599763566680668,0.14581455836674975,0.6187389143167306,50,20,20
34,3332,0.14944889164971295,0.08599763566692893,0.1458183296416423,0.6187351430417154,50,20,20
34,3333,0.14944889164971287,0.08599763566692893,0.14581828938248667,0.618735183300871,50,20,20
34,3334,0.15548828607440637,0.08599753175611688,0.1397790156626264,0.6187351665068495,50,20,20
34,3335,0.155489311275679,0.08599753174841612,0.13977799046905434,0.6187351665068497,50,20,20
34,3336,0.1554893112756822,0.08599753174841616,0.13978033239994012,0.6187328245759607,50,20,20
34,3337,0.15549006949639835,0.08599753174620416,0.1465648453421788,0.611947553415218,50,20,20
34,3338,0.15549006949639835,0.08599753151681844,0.14656484556887123,0.6119475534179113,50,20,20
34,3339,0.1554900694963983,0.08599753150991185,0.1463778121263518,0.6121345868673373,50,20,20
34,3340,0.15549006949648908,0.08599753150991608,0.14637782218799125,0.6121345768056029,50,20,20
34,3341,0.1554257171105898,0.08599753150991704,0.1464421743580855,0.6121345770214072,50,20,20
34,3342,0.15625708917370337,0.08599754114726146,0.14561079124934978,0.6121345784296848,50,20,20
34,3343,0.15625708917880304,0.08599754114737948,0.1455484381929863,0.6121969314808307,50,20,20
34,3344,0.15625708917838418,0.08660552610091556,0.14494045324251453,0.6121969314781852,50,20,20
34,3345,0.15625708917849723,0.0866055261077411,0.1450067262984031,0.612130658415358,50,20,20
34,3346,0.15625708917849723,0.0866055261077411,0.145006669059211,0.61213071565455,50,20,20
34,3347,0.1562570892266339,0.08660552611227787,0.1519886004202858,0.6051487842408018,50,20,20
34,3348,0.15625708922663387,0.08660552611227787,0.15198955197319292,0.6051478326878947,50,20,20
34,3349,0.1562570892255531,0.08660552611217472,0.1488645995240938,0.6082727851381778,50,20,20
34,3350,0.15625632976299753,0.08660552611202003,0.1488653601848791,0.6082727839401029,50,20,20
34,3351,0.15625632976299753,0.08660552611202008,0.14886541666535177,0.6082727274596301,50,20,20
34,3352,0.1562563297629975,0.08660552611191198,0.1465359869152822,0.6106021572098077,50,20,20
34,3353,0.1562563297629975,0.08660552611191198,0.14653598689797354,0.6106021572271164,50,20,20
34,3354,0.15732311929537565,0.08660552611432461,0.14546919735642383,0.6106021572338752,50,20,20
34,3355,0.15790044424940686,0.08660552593467181,0.14489192053399022,0.61060210928193,50,20,20
34,3356,0.15790044424940367,0.08660552593467179,0.14488952138566574,0.6106045084302577,50,20,20
34,3357,0.15790044424940367,0.08660552593455163,0.14493184619938726,0.6105621836166563,50,20,20
34,3358,0.15662969550823083,0.0866055349969306,0.14620012463865303,0.6105646448561844,50,20,20
34,3359,0.15662969550823083,0.08660553499002621,0.14601633695208155,0.6107484325496604,50,20,20
34,3360,0.15662969550823244,0.0866055349900263,0.14601639560953378,0.6107483738922065,50,20,20
34,3361,0.15662969550823244,0.08660553499002414,0.1459702903161468,0.6107944791855957,50,20,20
34,3362,0.15662969550825362,0.08660553499002419,0.14597036407838884,0.6107944054233324,50,20,20
34,3363,0.15662969550825356,0.08660553499002416,0.14610343214036375,0.6106613373613574,50,20,20
34,3364,0.14130810349915193,0.08660553567294813,0.16142502344280468,0.6106613373850941,50,20,20
34,3365,0.14130810349915351,0.08660553567294815,0.16142504057333146,0.6106613202545658,50,20,20
34,3366,0.14130810349915357,0.0866055356730705,0.16142829910513318,0.6106580617226418,50,20,20
34,3367,0.13829645964157036,0.08660553562844768,0.16443934893965456,0.6106586557903269,50,20,20
34,3368,0.14113065408169917,0.08660553635614422,0.16160515205105605,0.6106586575110998,50,20,20
34,3369,0.1411306540816996,0.08660553635626651,0.16160630542893822,0.6106575041330947,50,20,20
34,3370,0.14085320524747202,0.08660554142073248,0.16188306691509838,0.6106581864166963,50,20,20
34,3371,0.1408534795049149,0.08662655115599387,0.1618617520918197,0.610658217247271,50,20,20
34,3372,0.14085347950492064,0.08662210063948232,0.16186620260832552,0.610658217247271,50,20,20
34,3373,0.14085347950492053,0.08662202103304421,0.1618662822147158,0.610658217247319,50,20,20
34,3374,0.14085347950492053,0.08662202103292403,0.16186531751588437,0.6106591819462706,50,20,20
34,3375,0.14085347951007376,0.08662202103984555,0.16200626362229031,0.6105182358277897,50,20,20
34,3376,0.14085347950878024,0.08662202103984551,0.16420211702091972,0.608322382430454,50,20,20
34,3377,0.14121571437128,0.08662212641457254,0.16383987703684183,0.608322282177305,50,20,20
34,3378,0.1412157143661491,0.08662212640777332,0.16369802041363526,0.6084641388124417,50,20,20
34,3379,0.14133915976270336,0.08662226783491848,0.1635751036203129,0.6084634687820646,50,20,20
34,3380,0.14133915976258993,0.08662226782797065,0.16350651695950422,0.6085320554499346,50,20,20
34,3381,0.1413391597625901,0.08661106721144554,0.16351771757602915,0.6085320554499346,50,20,20
34,3382,0.1413391597628217,0.0772337561431438,0.1728950285599792,0.6085320555340547,50,20,20
34,3383,0.14133915978655792,0.0859797815127423,0.1641490032507653,0.6085320554499338,50,20,20
34,3384,0.13960875547086696,0.08597994021414136,0.1633155423031376,0.6110957620118537,50,20,20
34,3385,0.13960875576667475,0.08597994022123392,0.1633195836220295,0.6110917203900614,50,20,20
34,3386,0.13960875576667475,0.0859799402212339,0.16331956668046912,0.6110917373316217,50,20,20
34,3387,0.13960875576667475,0.085979940221236,0.16332069168159896,0.6110906123304897,50,20,20
34,3388,0.1396087557614843,0.08597994022808338,0.1633244343898918,0.61108686962054,50,20,20
34,3389,0.1396087557615732,0.0859799402282048,0.16345789639053593,0.6109534076196855,50,20,20
34,3390,0.1367755339353914,0.08597993950781184,0.16629112065787235,0.6109534058989236,50,20,20
34,3391,0.12972255193076201,0.08598026547466445,0.17334374923772877,0.6109534333568434,50,20,20
34,3392,0.12978582949358575,0.0859802654746635,0.17328047189077586,0.6109534331409736,50,20,20
34,3393,0.1297858294937141,0.06600329241426922,0.19325743454986083,0.6109534435421545,50,20,20
34,3394,0.12974557985391405,0.06600329241426899,0.19329768418966217,0.6109534435421534,50,20,20
34,3395,0.12748896352893285,0.06600222462440282,0.195846115249197,0.6106626965974667,50,20,20
34,3396,0.1274889635289325,0.06600222462428054,0.19584501652931038,0.6106637953174759,50,20,20
34,3397,0.12748957356430568,0.06561786992614838,0.1962287711730425,0.610663785336502,50,20,20
34,3398,0.12340883781141995,0.06561815996624444,0.20020407446531802,0.610768927757016,50,20,20
34,3399,0.12643092127822667,0.06561815992951639,0.19718257436233086,0.6107683444299247,50,20,20
34,3400,0.12643092127822508,0.06561815992951425,0.19704944844061326,0.6109014703516461,50,20,20
34,3401,0.1264309212782266,0.06561815992951421,0.19704943438184927,0.6109014844104086,50,20,20
34,3402,0.1264309215296388,0.06561815992961954,0.200130074631738,0.6078208439090024,50,20,20
34,3403,0.12643092152963878,0.06561815992961735,0.2001291708003196,0.6078217477404231,50,20,20
34,3404,0.12643092152963878,0.06561815992961739,0.20008632566229864,0.6078645928784441,50,20,20
34,3405,0.12647013447841748,0.06561815992961739,0.2000471127135188,0.6078645928784452,50,20,20
34,3406,0.12647013447841782,0.0656181599296153,0.20004673830577682,0.607864967286189,50,20,20
34,3407,0.12647013447832736,0.06561815992949378,0.19991325817314895,0.6079984474190289,50,20,20
34,3408,0.12647013445435967,0.06623861721474304,0.19929280091186677,0.6079984474190296,50,20,20
34,3409,0.1264701344543581,0.06623861721474085,0.19929163749035642,0.6079996108405438,50,20,20
34,3410,0.1264701344543807,0.06623861721486236,0.19941742691432612,0.60787382141643,50,20,20
34,3411,0.12647013444977964,0.06623861721475206,0.1971491352499764,0.6101421130854912,50,20,20
34,3412,0.12777276988036218,0.06623822364037908,0.19595252090670662,0.6100364855725513,50,20,20
34,3413,0.12777276988036224,0.06623822364037908,0.19595256144686626,0.6100364450323916,50,20,20
34,3414,0.1277727698906978,0.06623822364038336,0.1960422870603361,0.6099467194085819,50,20,20
34,3415,0.12776634397913278,0.06623822368563285,0.19604871249557942,0.6099467198396542,50,20,20
34,3416,0.12776634397913114,0.0662382236856328,0.19604865257537285,0.6099467797598623,50,20,20
34,3417,0.12776634397913272,0.06623822368563494,0.19618181933985365,0.6098136129953778,50,20,20
34,3418,0.12776634397913156,0.06623822368563281,0.1960494637070542,0.6099459686281806,50,20,20
34,3419,0.12654071312138862,0.06623823456008342,0.19727166846353048,0.6099493838549966,50,20,20
34,3420,0.12654071312141132,0.06623823456008557,0.19733637610769467,0.6098846762108078,50,20,20
34,3421,0.12654071312141132,0.06623823456008557,0.1973331149135317,0.6098879374049706,50,20,20
34,3422,0.12654071312125473,0.07853096873431317,0.18504038073941367,0.6098879374050177,50,20,20
34,3423,0.11523574564676597,0.07853107985606148,0.19634519397008102,0.6098879805270911,50,20,20
34,3424,0.11523574564676597,0.07853107985606363,0.19634527261142704,0.6098879018857428,50,20,20
34,3425,0.11523574564676597,0.07853107985606363,0.19634523588466024,0.6098879386125096,50,20,20
34,3426,0.11490412961899303,0.07897651423480546,0.19623076388712898,0.6098885922590721,50,20,20
34,3427,0.11490412961899303,0.0789765142348055,0.19623082059974992,0.609888535546451,50,20,20
34,3428,0.11611464202441095,0.07897650517481047,0.19502277848615243,0.609886074314626,50,20,20
34,3429,0.11611464202438984,0.07897650517492982,0.19509118988026913,0.6098176629204111,50,20,20
34,3430,0.11611464202957966,0.07897650517492988,0.19509374350517558,0.6098151092903146,50,20,20
34,3431,0.11611464203087694,0.07897650517492777,0.19504871313155445,0.6098601396626404,50,20,20
34,3432,0.11588880232451972,0.07897605870731321,0.1952750690499566,0.6098600699182101,50,20,20
34,3433,0.11588880275708867,0.0657279767234665,0.20851415143436178,0.6098690690850831,50,20,20
34,3434,0.11588880270895263,0.06572797671893248,0.20851385148282323,0.6098693690892917,50,20,20
34,3435,0.11588882157661012,0.06572941939034173,0.20851238782654102,0.609869371206507,50,20,20
34,3436,0.11843024207768986,0.06572916114542354,0.20597225164228392,0.6098683451346035,50,20,20
34,3437,0.11831000206516663,0.06572916367431725,0.20609248913020703,0.6098683451303096,50,20,20
34,3438,0.12998906283028028,0.0657067113737874,0.19443588527477917,0.6098683405211527,50,20,20
34,3439,0.12998906283028028,0.0657067113737874,0.194435902218119,0.6098683235778127,50,20,20
34,3440,0.12799301874939037,0.06570683967876033,0.19643119535865136,0.6098689462131975,50,20,20
34,3441,0.12799301874939192,0.06570683967876036,0.1964312149178021,0.6098689266540452,50,20,20
34,3442,0.12799301874939195,0.06570683967876036,0.1964312153823415,0.6098689261895058,50,20,20
34,3443,0.1279930187562122,0.06569975367052566,0.1946814130819538,0.6116258144913084,50,20,20
34,3444,0.1279930183236433,0.07953571637528765,0.18085444997668051,0.6116168153243882,50,20,20
34,3445,0.1279930183236433,0.07953571637528765,0.18085445024782612,0.6116168150532423,50,20,20
34,3446,0.13389651258343127,0.07953570400695593,0.1749490956178274,0.6116186877917843,50,20,20
34,3447,0.13389651258343127,0.07953570400695595,0.17494909561782745,0.6116186877917843,50,20,20
34,3448,0.13389651257821833,0.07953570400683153,0.17494548518894976,0.6116222982259992,50,20,20
34,3449,0.1339609894283884,0.07953570147798139,0.1748810110784647,0.6116222980151644,50,20,20
34,3450,0.13396098941805282,0.07953570147797712,0.1747912861906093,0.6117120229133597,50,20,20
34,3451,0.13396098941805443,0.07953570147797712,0.17479132686035512,0.6117119822436123,50,20,20
34,3452,0.13396098941805443,0.07953570147797501,0.1747945306205331,0.6117087784834363,50,20,20
34,3453,0.13396098941805443,0.07953570147797501,0.17479451006352836,0.6117087990404412,50,20,20
34,3454,0.1339609894180544,0.07953570147797505,0.17253394585645063,0.6139693632475189,50,20,20
34,3455,0.13396098941675672,0.07953570147797716,0.17253396199272808,0.613969347112537,50,20,20
34,3456,0.1422649009134296,0.07953570137820748,0.16423007893366529,0.6139693187746966,50,20,20
34,3457,0.14226490091333854,0.07953570137820953,0.16436316265090492,0.613836235057546,50,20,20
34,3458,0.142264900913337,0.07953570137808803,0.1642323373059964,0.6139670604025776,50,20,20
34,3459,0.142264900913337,0.07953570137808803,0.16423233802961623,0.6139670596789579,50,20,20
34,3460,0.14226490098730074,0.07953570137833264,0.16423480251540679,0.613964595118959,50,20,20
34,3461,0.14086505432828414,0.07953625825323284,0.16563404570424595,0.6139646417142361,50,20,20
34,3462,0.14086505432828444,0.07953625825323465,0.16875553612004143,0.6108431512984385,50,20,20
34,3463,0.1408650543282845,0.07953625825323465,0.1687555389804979,0.6108431484379819,50,20,20
34,3464,0.14086505432828486,0.07953625824638727,0.16875273073248315,0.6108459566928439,50,20,20
34,3465,0.14086505432828486,0.07953625824638513,0.16874942748389557,0.6108492599414336,50,20,20
34,3466,0.1408650543282848,0.07953625824638513,0.16874708556440488,0.6108516018609244,50,20,20
34,3467,0.14087670527881951,0.07953292443578773,0.16873876842641014,0.6108516018589822,50,20,20
34,3468,0.14087670527881951,0.07953292443578777,0.16873645906017137,0.6108539112252209,50,20,20
34,3469,0.14087670557466622,0.07953292443578784,0.1687395224890761,0.6108508475004694,50,20,20
34,3470,0.14093399930323292,0.07953292442834682,0.16868222876669928,0.6108508475017206,50,20,20
34,3471,0.14093399930323292,0.07953292442834678,0.1686822283584195,0.6108508479100005,50,20,20
34,3472,0.1409339993032325,0.0795329244282245,0.16867887583712687,0.6108542004314159,50,20,20
34,3473,0.13003468166117965,0.0795327790957984,0.17857341945090902,0.6118591197921132,50,20,20
34,3474,0.1300346583601661,0.0796393183609914,0.17846756859929197,0.6118584546795506,50,20,20
34,3475,0.1300346583603199,0.06675870343579382,0.19134818352335123,0.6118584546805359,50,20,20
34,3476,0.12733939616704226,0.06675870274237182,0.1940436335979156,0.6118582674926707,50,20,20
34,3477,0.12733939616704226,0.06675870274237186,0.19404369152901718,0.6118582095615691,50,20,20
34,3478,0.12733939616923468,0.053857434777046846,0.20694495943599228,0.6118582096177265,50,20,20
34,3479,0.12733939616923348,0.05385743477704692,0.20694726917164893,0.6118558998820709,50,20,20
34,3480,0.12733939616923348,0.05385743477704688,0.2069472279199196,0.6118559411338003,50,20,20
34,3481,0.12733939616923506,0.05385743477704688,0.20694803876166623,0.6118551302920522,50,20,20
34,3482,0.12733939616923468,0.053857434777169144,0.20695057944599057,0.6118525896076058,50,20,20
34,3483,0.12733939616923298,0.05471620045320802,0.20609181376999916,0.61185258960756,50,20,20
34,3484,0.12733939616923284,0.05471637659816108,0.2060916376249983,0.6118525896076078,50,20,20
34,3485,0.11971584931167291,0.054716376250243795,0.21372048173353403,0.6118472927045498,50,20,20
34,3486,0.1197158490158424,0.054716376243151156,0.21371636517580408,0.6118514095652029,50,20,20
34,3487,0.11971584901584237,0.054716376243151156,0.21371636517566425,0.6118514095653429,50,20,20
34,3488,0.11971584876443017,0.05471637624304584,0.2106356677083367,0.6149321072841878,50,20,20
34,3489,0.11971584876443017,0.054716376243045796,0.21063565065417994,0.6149321243383447,50,20,20
34,3490,0.11971584876443021,0.054716376243045796,0.2106379436480363,0.6149298313444883,50,20,20
34,3491,0.11971584876442919,0.05471637624304305,0.2036530666659386,0.6219147083265896,50,20,20
34,3492,0.11971584878620468,0.06699745449943008,0.19137198844393283,0.6219147082704322,50,20,20
34,3493,0.11971584871224089,0.0669974544991855,0.19136950470762684,0.6219171920809464,50,20,20
34,3494,0.1197158486882746,0.06676982830307333,0.19159713092770528,0.6219171920809464,50,20,20
34,3495,0.11971584868827463,0.06676982830307548,0.1915971714672574,0.6219171515413923,50,20,20
34,3496,0.11834471003178074,0.06676927071894766,0.19296891433368787,0.6219171049155837,50,20,20
34,3497,0.11834471003177892,0.06762836682162111,0.19210981823101625,0.6219171049155837,50,20,20
34,3498,0.11834471003177892,0.06762836682149886,0.19210652364108205,0.6219203995056402,50,20,20
34,3499,0.11834471003177932,0.06762836682149886,0.1919734556500728,0.622053467496649,50,20,20
34,3500,0.12592109512680577,0.06762836570115842,0.18540199291501286,0.621048546257023,50,20,20
34,3501,0.12592109512680577,0.06762836570115838,0.1854019922011333,0.6210485469709025,50,20,20
34,3502,0.12592109512681351,0.06760905972601525,0.18542129817626865,0.6210485469709024,50,20,20
34,3503,0.12592109512681351,0.06760905972601522,0.1854190291428256,0.6210508160043455,50,20,20
34,3504,0.12588591228084467,0.06760905972630256,0.1854541437616123,0.6210508842312418,50,20,20
34,3505,0.12588591482999462,0.06760905818670473,0.18721104038182265,0.6192939866014787,50,20,20
34,3506,0.12588591482999462,0.0676090581867047,0.18721099885994633,0.619294028123355,50,20,20
34,3507,0.12588591482999623,0.06760905818670686,0.18721335093819483,0.6192916760451027,50,20,20
34,3508,0.12386764810452366,0.06760906050551595,0.18923161496460905,0.6192916764253515,50,20,20
34,3509,0.1272758079146506,0.06760906309222142,0.18582346292707597,0.6192916660660525,50,20,20
34,3510,0.12452883793086719,0.06760916662452314,0.18857031250129405,0.6192916829433167,50,20,20
34,3511,0.12452883763502047,0.06760916662452307,0.18856736235525445,0.619294633385203,50,20,20
34,3512,0.12452883763502012,0.06760916662452092,0.1885673045880827,0.6192946911523771,50,20,20
34,3513,0.12452883763502012,0.06760916662452089,0.18856726086435813,0.6192947348761019,50,20,20
34,3514,0.12452883763502047,0.06760916662451881,0.18856616362819495,0.6192958321122667,50,20,20
34,3515,0.12452883763502047,0.06760916662452096,0.1885662050157334,0.619295790724726,50,20,20
34,3516,0.12452883763502047,0.06760916662452099,0.18856855563942648,0.6192934401010328,50,20,20
34,3517,0.12452883763502047,0.06760916662452103,0.188568555634877,0.6192934401055823,50,20,20
34,3518,0.12452883763502047,0.06760916662451896,0.18857080794930334,0.619291187791158,50,20,20
34,3519,0.12452883769572881,0.06760918521409608,0.19215714861775443,0.6157048284724213,50,20,20
34,3520,0.12452883769572846,0.06760918521409423,0.18903235709915392,0.618829619991024,50,20,20
34,3521,0.12452883750820863,0.06705721348845027,0.18958430819933159,0.6188296408040093,50,20,20
34,3522,0.12452883750829895,0.06705721349539515,0.18966138890323248,0.6187525600930731,50,20,20
34,3523,0.12447055384407121,0.06705721349539974,0.18971967256871752,0.6187525600918112,50,20,20
34,3524,0.12447055384407119,0.06705721349539974,0.18971968901005373,0.618752543650475,50,20,20
34,3525,0.12447055384407121,0.06705721349552202,0.18972204928924705,0.6187501833711594,50,20,20
34,3526,0.1195052532240632,0.06705738759493955,0.194663565619976,0.618773793561021,50,20,20
34,3527,0.1195052532240636,0.06705738759493955,0.1946623545426637,0.6187750046383329,50,20,20
34,3528,0.1195052532240652,0.0670573875949417,0.1946623959549799,0.6187749632260131,50,20,20
34,3529,0.1195052532240652,0.06705738759494381,0.19466470566039842,0.6187726535205925,50,20,20
34,3530,0.11950525322406516,0.06705721004158818,0.1946648832110242,0.6187726535233223,50,20,20
34,3531,0.1222688778524369,0.06705710650291534,0.19190137899932347,0.6187726366453241,50,20,20
34,3532,0.1223040633055568,0.0670571062429065,0.1918662644448946,0.618772566006642,50,20,20
34,3533,0.12230406330555268,0.06620132290592583,0.1927220477819266,0.618772566006595,50,20,20
34,3534,0.12230406330555113,0.06620132290592583,0.19272200709682807,0.6187726066916952,50,20,20
34,3535,0.1272606864888983,0.06620114867351115,0.18778916813491212,0.6187489967026786,50,20,20
34,3536,0.13574588774577695,0.06620140349560877,0.1793037116890266,0.6187489970695874,50,20,20
34,3537,0.13580417702038286,0.06620140348791023,0.17924542245761516,0.6187489970340909,50,20,20
34,3538,0.1358041770203829,0.06620140348778797,0.17924381620958432,0.618750603282244,50,20,20
34,3539,0.13580402944346065,0.06626864417043193,0.1791710971090631,0.6187562292770433,50,20,20
34,3540,0.13580402944356437,0.06540913236811308,0.1800306089140566,0.6187562292742655,50,20,20
34,3541,0.15561176656969988,0.06540913196443084,0.16022286103882932,0.6187562404270387,50,20,20
34,3542,0.15561176656967712,0.06540913196431065,0.16022377128114237,0.6187553301848686,50,20,20
34,3543,0.1556117665696771,0.06540913196431065,0.16022378727938436,0.6187553141866267,50,20,20
34,3544,0.1556117665696771,0.06540913196431065,0.1602270317502756,0.6187520697157354,50,20,20
34,3545,0.15561176656967363,0.06627303679567104,0.1593631269189194,0.6187520697157346,50,20,20
34,3546,0.15561176656967357,0.06627303679567102,0.1593608734725323,0.6187543231621215,50,20,20
34,3547,0.15561176650896524,0.06627301820609605,0.15577783533955353,0.6223373799453837,50,20,20
34,3548,0.15561176552995906,0.06627766925243923,0.15577319937374395,0.6223373658438561,50,20,20
34,3549,0.15561176552995742,0.06627766925243923,0.15577238781858882,0.6223381773990129,50,20,20
34,3550,0.15561176552995903,0.06627766925244137,0.1557724864483314,0.6223380787692666,50,20,20
34,3551,0.15561176552995742,0.06627766925243923,0.15577352793506097,0.6223370372825408,50,20,20
34,3552,0.1556117655300462,0.06627766925243708,0.15593131302925012,0.6221792521882651,50,20,20
34,3553,0.1556117655300462,0.06627766925243708,0.15593127382868632,0.6221792913888288,50,20,20
34,3554,0.1556117655300462,0.06627766925243705,0.1559280296823703,0.6221825355351449,50,20,20
34,3555,0.15561176560314402,0.06627766925244133,0.15598223892542953,0.6221283262189836,50,20,20
34,3556,0.15561176560833348,0.06627766925941306,0.15598604907283836,0.6221245160594137,50,20,20
34,3557,0.15561176560833354,0.0662776692594131,0.15602984543350304,0.6220807196987491,50,20,20
34,3558,0.15561176560833395,0.06627766925941739,0.15603222128285751,0.6220783438493898,50,20,20
34,3559,0.1556117655351458,0.06627766925941314,0.1558224792272548,0.6222880859781849,50,20,20
34,3560,0.15561176552995562,0.0662776692594131,0.1558191717054491,0.6222913935051809,50,20,20
34,3561,0.15561176553503905,0.06627766925259011,0.1558071904081305,0.6223033748042391,50,20,20
34,3562,0.15561176553503905,0.06627766925259011,0.15580720775454204,0.6223033574578277,50,20,20
34,3563,0.15555554430805021,0.06627766925258792,0.1558634289815085,0.6223033574578523,50,20,20
34,3564,0.15555554430287608,0.06627766925246596,0.1557983282796921,0.6223684581649649,50,20,20
34,3565,0.15555554430287608,0.06627766925246592,0.1557982866550266,0.6223684997896304,50,20,20
34,3566,0.15555554430287594,0.06628859798385171,0.15578735792364098,0.6223684997896304,50,20,20
34,3567,0.15555554430287596,0.06628465376602914,0.15579130214146342,0.6223684997896304,50,20,20
34,3568,0.15555554596894922,0.06682111083566078,0.1552548498771897,0.622368493318199,50,20,20
34,3569,0.1555555459689496,0.06682111083566296,0.15525708668034016,0.622366256515046,50,20,20
34,3570,0.15555554596895121,0.06682111083566293,0.1552548176676936,0.622368525527691,50,20,20
34,3571,0.15561142113291002,0.06682115785896475,0.15519889547924384,0.6223685255288802,50,20,20
34,3572,0.1556114211329084,0.06682115785896475,0.1551988138632472,0.6223686071448785,50,20,20
34,3573,0.14797698352094626,0.0668209032448471,0.1628334767471441,0.6223686364870615,50,20,20
34,3574,0.14797698352094668,0.06682090324484714,0.16283355442494427,0.6223685588092609,50,20,20
34,3575,0.14797698352094507,0.06682090324484714,0.1628335351415475,0.6223685780926591,50,20,20
34,3576,0.15965641087762975,0.06682073193950687,0.15371798518259708,0.6198048720002646,50,20,20
34,3577,0.17577441868236293,0.06682073171894215,0.13760000730539257,0.6198048422933016,50,20,20
34,3578,0.175717541114883,0.06682068468468744,0.1376569318902913,0.6198048423101374,50,20,20
34,3579,0.17577372540101546,0.06682068468469428,0.13760074756883112,0.6198048423454585,50,20,20
34,3580,0.17577372540103808,0.06682068468469854,0.13773391633340717,0.6196716735808556,50,20,20
34,3581,0.17577087929566126,0.06682068468471275,0.13773676222596104,0.6196716737936643,50,20,20
34,3582,0.1757708793018893,0.06682068468470367,0.13773676225629625,0.61967167375711,50,20,20
34,3583,0.17577087930188934,0.06682068468470367,0.1377367754946929,0.6196716605187135,50,20,20
34,3584,0.1757708793018893,0.06682068468470372,0.13773673512395243,0.6196717008894539,50,20,20
34,3585,0.1757708793018893,0.06682068468470372,0.13773999599911366,0.6196684400142927,50,20,20
34,3586,0.1757708793086571,0.04808135577605608,0.15647932490099328,0.6196684400142918,50,20,20
34,3587,0.1757708793097515,0.0480813557761592,0.15961231927329955,0.6165354456407881,50,20,20
34,3588,0.17577087930456362,0.04808135576918744,0.15960619996663122,0.6165415649596162,50,20,20
34,3589,0.17577087930456362,0.04808135576918529,0.15960610203801331,0.6165416628882362,50,20,20
34,3590,0.17577087930456523,0.048081355769185326,0.15960608706823426,0.6165416778580135,50,20,20
34,3591,0.17577087930456523,0.048081355769185326,0.15973844216392888,0.616409322762319,50,20,20
34,3592,0.18818936598850688,0.04754024492281758,0.14646558268908377,0.6178048063995899,50,20,20
34,3593,0.18818936598850647,0.047540244922817505,0.14646323166048247,0.6178071574281918,50,20,20
34,3594,0.20465741145057909,0.04754024495972915,0.12999518597943382,0.6178071576102573,50,20,20
34,3595,0.21229811520190864,0.047553159350059035,0.12234048765624594,0.6178082377917856,50,20,20
34,3596,0.21229811520190864,0.047553159350059035,0.12234048765624599,0.6178082377917856,50,20,20
34,3597,0.21229811520190864,0.047553159350059035,0.12233724319788891,0.6178114822501428,50,20,20
34,3598,0.20698341464139514,0.04755315945066368,0.12765193464995378,0.6178114912579856,50,20,20
34,3599,0.20698341464139675,0.04755315945066371,0.12765433350529476,0.617809092402643,50,20,20
34,3600,0.20698341464139675,0.047553159450661645,0.12765107213607513,0.6178123537718647,50,20,20
34,3601,0.20698341464139713,0.04755315945066168,0.1276543174214225,0.6178091084865172,50,20,20
34,3602,0.2154460763043177,0.047553159450630905,0.11919165575841972,0.6178091084866302,50,20,20
34,3603,0.21516439433093704,0.04755315945063179,0.11947333771708157,0.6178091085013481,50,20,20
34,3604,0.2151643943309372,0.04754156162129324,0.11948493554637218,0.6178091085013959,50,20,20
34,3605,0.21724376240873033,0.0475415593008843,0.11740557017307793,0.6178091081173064,50,20,20
34,3606,0.21724376240858387,0.05982914054679999,0.10511798017716945,0.6178091168674456,50,20,20
34,3607,0.21724376240858387,0.05982914054680004,0.1051180219546409,0.6178090750899742,50,20,20
34,3608,0.2172437624085839,0.05982914054680007,0.10511802266339149,0.6178090743812235,50,20,20
34,3609,0.2172437624085842,0.05982914055184446,0.11064724642985543,0.6122798506097148,50,20,20
34,3610,0.21724376240858376,0.05982914055184017,0.11064486993709334,0.6122822271024817,50,20,20
34,3611,0.21923962557128576,0.05982901224686747,0.1086497577147488,0.6122816044670969,50,20,20
34,3612,0.2192396255712858,0.05982901224686955,0.10865303838124815,0.6122783238005955,50,20,20
34,3613,0.21923962557258175,0.05982901224699186,0.10865635026674444,0.612275011913681,50,20,20
34,3614,0.2237241602568017,0.05982913315855992,0.10556716829919298,0.6108795382854444,50,20,20
34,3615,0.22372416025680306,0.059829133153515526,0.10003877100182391,0.616407935587857,50,20,20
34,3616,0.22372416025680306,0.05982913315351556,0.10003881185261669,0.6164078947370644,50,20,20
34,3617,0.22372416025680297,0.05959433063913143,0.10027362311546469,0.6164078859886005,50,20,20
34,3618,0.2237241602568125,0.059376660644392516,0.10049129311014682,0.616407885988648,50,20,20
34,3619,0.22372416025681244,0.05937666064451263,0.10044756324757134,0.6164516158511034,50,20,20
34,3620,0.22015787261402278,0.05937677905510957,0.10401372261771817,0.6164516257131487,50,20,20
34,3621,0.2201578726140454,0.05937677905522896,0.10414359568457796,0.616321752646147,50,20,20
34,3622,0.220157872614045,0.059376779055231046,0.1043300696974601,0.6161352786332632,50,20,20
34,3623,0.22015787261404499,0.05937677905523109,0.10433008677336258,0.6161352615573609,50,20,20
34,3624,0.21713694966600067,0.05937677905594271,0.10735099941924117,0.6161352718588148,50,20,20
34,3625,0.20013001253470428,0.05938124484011789,0.12435347076925202,0.6161352718559248,50,20,20
34,3626,0.20013001253470583,0.05938124484012214,0.12435673249088029,0.6161320101342906,50,20,20
34,3627,0.2001300125346833,0.059381244840117885,0.12422356368304882,0.6162651789421489,50,20,20
34,3628,0.2001300125346833,0.05938124484011576,0.1240370124548295,0.6164517301703705,50,20,20
34,3629,0.20013001253468168,0.059381244840111494,0.12403376742869254,0.6164549751965133,50,20,20
34,3630,0.21220289470345688,0.05936833045911436,0.11197487984325846,0.6164538949941692,50,20,20
34,3631,0.21220289470347964,0.05936833045911866,0.11197717486124015,0.6164515999761605,50,20,20
34,3632,0.21220289470348003,0.05936833045911866,0.11197718795114399,0.6164515868862562,50,20,20
34,3633,0.21220289470348003,0.05936833045911864,0.11197947949975495,0.6164492953376453,50,20,20
34,3634,0.21220289470348,0.05936833045911864,0.11197946556764517,0.6164493092697549,50,20,20
34,3635,0.21220289470348,0.05937259230865629,0.11197520371815539,0.616449309269707,50,20,20
34,3636,0.21220289470347237,0.05957500691045996,0.11177278911635886,0.6164493092697074,50,20,20
34,3637,0.21220289470347198,0.05957500691045992,0.11177165027586218,0.6164504481102044,50,20,20
34,3638,0.2122028949888864,0.05918533149751032,0.11077662598580044,0.6178351475278013,50,20,20
34,3639,0.21220289498888636,0.058577446782981546,0.11138451070032929,0.6178351475278013,50,20,20
34,3640,0.21220289498888675,0.05857744678298151,0.11138779165424977,0.6178318665738805,50,20,20
34,3641,0.21220289498888636,0.05857744678298148,0.11138448942467356,0.617835168803457,50,20,20
34,3642,0.2122028949889091,0.058577446783103504,0.11143103033790655,0.6177886278900793,50,20,20
34,3643,0.21220289498900016,0.058577446783103504,0.1114318560960835,0.6177878021318112,50,20,20
34,3644,0.2095028148441797,0.058573109739472565,0.1141362732933149,0.6177878021230309,50,20,20
34,3645,0.20950281484932184,0.05857310974638123,0.11432329847216657,0.6176007769321284,50,20,20
34,3646,0.2095028148492324,0.05857310974638127,0.11432361159985957,0.617600463804525,50,20,20
34,3647,0.20950281484932343,0.058573109746258976,0.11432200573767652,0.6176020696667394,50,20,20
34,3648,0.21246227176839036,0.05857310979007508,0.11136253488954516,0.617602083551988,50,20,20
34,3649,0.21246227176838875,0.058573109790075045,0.11136013603420412,0.6176044824073306,50,20,20
34,3650,0.21246227176841148,0.05857310979007508,0.11136014028338176,0.6176044781581302,50,20,20
34,3651,0.2124622717684099,0.058573109790072964,0.11136013911662018,0.6176044793248956,50,20,20
34,3652,0.21249130959951384,0.058573133807844326,0.11133107726754775,0.6176044793250923,50,20,20
34,3653,0.2124913104003458,0.05857313578198079,0.11185160703108801,0.6170839467865836,50,20,20
34,3654,0.2124913104003458,0.058573135781980756,0.1118516060297198,0.6170839477879521,50,20,20
34,3655,0.2124913104003686,0.058573135781982893,0.11185487137614798,0.6170806824414989,50,20,20
34,3656,0.2124913104003686,0.058573135781982893,0.11185491122526729,0.6170806425923796,50,20,20
34,3657,0.21249131040034594,0.058573135781861366,0.11172173545441356,0.6172138183633777,50,20,20
34,3658,0.21249131040032324,0.05857313578173934,0.11167525047918675,0.6172603033387492,50,20,20
34,3659,0.2124913104003232,0.058573135781739304,0.1115420848822485,0.6173934689356877,50,20,20
34,3660,0.21615538824373082,0.058573017369528683,0.10787812340223574,0.6173934709845038,50,20,20
34,3661,0.2161553882437308,0.05857301736952654,0.10787578585104575,0.6173958085356961,50,20,20
34,3662,0.21615538824370803,0.05857301736952225,0.1078734731473821,0.6173981212393868,50,20,20
34,3663,0.21615538824370806,0.058573017369522286,0.10787350021373364,0.6173980941730352,50,20,20
34,3664,0.21615538824370803,0.058573017369522286,0.10787351618019747,0.6173980782065713,50,20,20
34,3665,0.23418432485651838,0.05857299564614929,0.08984460111002862,0.6173980783873028,50,20,20
34,3666,0.2372795082267957,0.05857287309866143,0.08674955054067247,0.6173980681338692,50,20,20
34,3667,0.23727950822677296,0.058572873098659356,0.08674629982413055,0.6174013188504359,50,20,20
34,3668,0.2353216424654048,0.05857287068843773,0.08870416782575616,0.6174013190204005,50,20,20
34,3669,0.235321642465408,0.05857287068843773,0.0887641436695929,0.6173413431765605,50,20,20
34,3670,0.2349732121693113,0.058572870643993157,0.08903536876752462,0.6174185484191702,50,20,20
34,3671,0.23497321216931133,0.058572870643993157,0.08903305939033483,0.61742085779636,50,20,20
34,3672,0.23798936993417413,0.05857287064399255,0.0860169016286426,0.6174208577931899,50,20,20
34,3673,0.2383625239339187,0.058572870687725376,0.08572095304358768,0.6173436523347675,50,20,20
34,3674,0.23860073981650579,0.058572870678391745,0.08548273717086091,0.6173436523342407,50,20,20
34,3675,0.23860073981650584,0.058572869235776225,0.08548273861078304,0.6173436523369341,50,20,20
34,3676,0.23860073981650579,0.05857286923577619,0.08548269831843762,0.6173436926292796,50,20,20
34,3677,0.23865448190039118,0.058572869278679836,0.08542896841398047,0.6173436804069478,50,20,20
34,3678,0.238654481899094,0.05857286927855751,0.08542569226595145,0.6173469565563963,50,20,20
34,3679,0.23865448189909405,0.05857286927855747,0.08542565464941779,0.6173469941729298,50,20,20
34,3680,0.23865448189909405,0.05857286927855751,0.08547180156052983,0.6173008472618179,50,20,20
34,3681,0.23865448189909405,0.058572869278557545,0.08547504671935247,0.6172976021029953,50,20,20
34,3682,0.23668058355276958,0.05857286927999453,0.0874489450606981,0.6172976021065371,50,20,20
34,3683,0.2366805831323417,0.05857274279887789,0.08744907196544294,0.6172976021033371,50,20,20
34,3684,0.2366805831323417,0.05857274279887789,0.0874491284708477,0.6172975455979323,50,20,20
34,3685,0.2366805831323417,0.05857274279887789,0.08744908818263544,0.6172975858861445,50,20,20
34,3686,0.21732638607454202,0.0585727428338487,0.10680209538483197,0.6172987757067767,50,20,20
34,3687,0.21732638607454202,0.0585727428338466,0.10679888460658239,0.6173019864850283,50,20,20
34,3688,0.21732638607465493,0.058354206465020486,0.10701742081872416,0.6173019866415997,50,20,20
34,3689,0.20804169670589284,0.05835651516649811,0.1156936365179996,0.617908151609609,50,20,20
34,3690,0.20908042391838003,0.05835651508726919,0.11465609918768745,0.6179069618066626,50,20,20
34,3691,0.19022261292309206,0.0583565400167155,0.13351385729199175,0.6179069897681998,50,20,20
34,3692,0.19022261292309206,0.05835654001671546,0.1335105548900873,0.6179102921701045,50,20,20
34,3693,0.19022261292309042,0.0583565400167155,0.13351303092822162,0.6179078161319715,50,20,20
34,3694,0.19022261292308426,0.039406635703109004,0.15246293524446677,0.6179078161293373,50,20,20
34,3695,0.19022261294649886,0.03954790461617666,0.15232166630801017,0.6179078161293116,50,20,20
34,3696,0.19022261294649886,0.03954790461617666,0.15232165262547454,0.6179078298118473,50,20,20
34,3697,0.18929935768337353,0.03954791400831999,0.15310446958928386,0.6180482587190201,50,20,20
34,3698,0.18929935768335074,0.03954791400831992,0.15310441080912282,0.6180483174992039,50,20,20
34,3699,0.18929935768335074,0.03954791400832203,0.15310441126049554,0.618048317047829,50,20,20
34,3700,0.1892993576833507,0.03954791400832203,0.1531067042333908,0.6180460240749339,50,20,20
34,3701,0.18929935768225623,0.03954791400822102,0.14997695229828506,0.6211757760112352,50,20,20
34,3702,0.17020430983939186,0.03954853700950601,0.16890496725685578,0.6213421858942442,50,20,20
34,3703,0.17020430983939186,0.03954853700950601,0.16890491103824293,0.6213422421128572,50,20,20
34,3704,0.16906813725946168,0.03954880481662036,0.1655062713863818,0.6258767865375339,50,20,20
34,3705,0.16906813725946956,0.039548804816628993,0.18377214721193802,0.6076109107119619,50,20,20
34,3706,0.16940249804674942,0.039481564177394256,0.1835106528552755,0.607605284920581,50,20,20
34,3707,0.16863610570685958,0.03948104902980428,0.18444396120343282,0.6074388840599032,50,20,20
34,3708,0.1683008663387513,0.039481225574226994,0.18473103496511822,0.6074868731219033,50,20,20
34,3709,0.1683008663388424,0.03948122557423129,0.1847322185584905,0.6074856895284355,50,20,20
34,3710,0.1683008663388424,0.03948122557423129,0.1847322385496035,0.6074856695373226,50,20,20
34,3711,0.16833293358132415,0.03948093283765663,0.18923504855971188,0.6029510850213071,50,20,20
34,3712,0.16833293358081314,0.03948105711949587,0.18923492427849634,0.6029510850211938,50,20,20
34,3713,0.16833293358081314,0.039481057119495906,0.1892349276206392,0.6029510816790511,50,20,20
34,3714,0.1683329335808131,0.039481057119498,0.1894214380265852,0.6027645712731031,50,20,20
34,3715,0.1700646148693365,0.03948105491038131,0.18768975893185538,0.6027645712884266,50,20,20
34,3716,0.17006461486933644,0.03948105491038131,0.18768979822119028,0.6027645319990915,50,20,20
34,3717,0.1700646148459229,0.039155982005302147,0.18801487114962856,0.602764531999146,50,20,20
34,3718,0.1700646148459229,0.039155982005302105,0.1880148511328692,0.6027645520159054,50,20,20
34,3719,0.17006461484583185,0.039155982005302147,0.18801734163552652,0.6027620615133392,50,20,20
34,3720,0.1700646148458318,0.03915598200530208,0.1880172697882016,0.6027621333606642,50,20,20
34,3721,0.17006457327671265,0.039155998452790004,0.18801729353137325,0.6027621347391233,50,20,20
34,3722,0.17027181638986977,0.0391559983652508,0.18781005071991838,0.6027621345249604,50,20,20
34,3723,0.1702718177437711,0.03949269213921556,0.18747335559200506,0.6027621345250078,50,20,20
34,3724,0.17027181774376948,0.03949269213921767,0.1874755189541431,0.6027599711628692,50,20,20
34,3725,0.16683955325687738,0.03949269217036727,0.19090778310284917,0.6027599714699058,50,20,20
34,3726,0.16683955325173486,0.03949269216346283,0.19085385300099944,0.6028139015838022,50,20,20
34,3727,0.16683955325173486,0.039492692163462795,0.1908505715979671,0.6028171829868346,50,20,20
34,3728,0.1667586353442675,0.039492692298505466,0.19093148925893252,0.6028171830982937,50,20,20
34,3729,0.1667586353442675,0.039492692298505466,0.1909314895982031,0.6028171827590234,50,20,20
34,3730,0.16675863534429028,0.03949269229850334,0.19075194093816705,0.6029967314190388,50,20,20
34,3731,0.16675863534429028,0.03949269229850334,0.19075632459511763,0.6029923477620882,50,20,20
34,3732,0.14891977324495004,0.039492692309560734,0.2085950672323028,0.6029924672131871,50,20,20
34,3733,0.1489198930436472,0.039529211455320026,0.19863403498845916,0.6129168605125743,50,20,20
34,3734,0.1489198930436491,0.040132645455499105,0.19803060098819433,0.6129168605126583,50,20,20
34,3735,0.15072554806255442,0.0401393937705681,0.19621819743457092,0.6129168607323073,50,20,20
34,3736,0.1507255480625529,0.04013939377056813,0.19622050612671987,0.6129145520401598,50,20,20
34,3737,0.1507255480625529,0.04013939377056813,0.19622046660612838,0.6129145915607513,50,20,20
34,3738,0.1507255480625529,0.0401393937705681,0.19621716352398275,0.6129178946428969,50,20,20
34,3739,0.15072559455816917,0.04013939377058223,0.1940787562420235,0.6150562554292258,50,20,20
34,3740,0.15072559455816917,0.04013939377058012,0.1940765920691633,0.6150584196020881,50,20,20
34,3741,0.15072559455817078,0.04013939377057803,0.19407564005100744,0.6150593716202447,50,20,20
34,3742,0.15072559455819343,0.04013939377058016,0.19420149259300473,0.6149335190782225,50,20,20
34,3743,0.1507255945633837,0.04013939377057801,0.19420074805274304,0.6149342636132961,50,20,20
34,3744,0.15072559456340648,0.04013939377057804,0.19415579880840528,0.6149792128576108,50,20,20
34,3745,0.17049853655850178,0.04013939377059215,0.17438284479442762,0.6149792248764782,50,20,20
34,3746,0.1704985365585018,0.04013939377059218,0.17442785182919962,0.6149342178417059,50,20,20
34,3747,0.17049841671862562,0.040102698036996266,0.16443705172095036,0.6249618335234266,50,20,20
34,3748,0.17049841671862723,0.04010269803699838,0.1644355133061694,0.6249633719382038,50,20,20
34,3749,0.1704984167186046,0.04010269803687688,0.16430968739485224,0.6250891978496651,50,20,20
34,3750,0.17033764562732273,0.04010269808038766,0.16447045801670135,0.6250891982755874,50,20,20
34,3751,0.17863801737739224,0.04010269807673895,0.15617008677651897,0.6250891977693491,50,20,20
34,3752,0.17863801647220864,0.040102696102267396,0.1570342553161156,0.6242250321094079,50,20,20
34,3753,0.17863801647220864,0.04010269610226743,0.1570342958425612,0.6242249915829623,50,20,20
34,3754,0.17863801647211763,0.04010269610226315,0.15703546344917238,0.6242238239764465,50,20,20
34,3755,0.17863801647211758,0.04010269610226315,0.15703313223001397,0.624226155195605,50,20,20
34,3756,0.18030106486172678,0.04010269855662504,0.15533155643806623,0.6242646801435818,50,20,20
34,3757,0.1803010648474957,0.04010257416606025,0.15533168937498693,0.6242646716114573,50,20,20
34,3758,0.1803010648474957,0.04010257416606029,0.1553340397636059,0.6242623212228384,50,20,20
34,3759,0.17490346364219161,0.04010026539887816,0.15961376950745967,0.6253825014514707,50,20,20
34,3760,0.17490346363700093,0.04010026539887816,0.15961222014108045,0.6253840508230405,50,20,20
34,3761,0.17490346363702372,0.04010026540584852,0.15961193844826987,0.6253843325088579,50,20,20
34,3762,0.17490346363702372,0.04010026540584852,0.1596119394469971,0.6253843315101307,50,20,20
34,3763,0.17490339908290997,0.04010026537093432,0.15980486798434337,0.6251914675618123,50,20,20
34,3764,0.17490365753095782,0.040100290126439654,0.15980447262528558,0.625191579717317,50,20,20
34,3765,0.17490361103533364,0.04010029012641475,0.143673701128137,0.6413223977101147,50,20,20
34,3766,0.15534929731318375,0.04010030289253363,0.16322800206537205,0.6413223977289106,50,20,20
34,3767,0.15538345851426932,0.040101108545222086,0.1631891976653217,0.6413262352751872,50,20,20
34,3768,0.15538406456155332,0.03976430272912221,0.16352539741326258,0.6413262352960614,50,20,20
34,3769,0.15884899890310908,0.03976430274135459,0.1600604625951026,0.641326235760433,50,20,20
34,3770,0.15884899890310752,0.0397643027413567,0.16005892310324057,0.6413277752522946,50,20,20
34,3771,0.15884899890310714,0.0397643027413567,0.16005884759121777,0.6413278507643179,50,20,20
34,3772,0.15884899890310714,0.0397643027413567,0.16005880906868108,0.6413278892868546,50,20,20
34,3773,0.15884899890310675,0.0397643027413567,0.16005548756899227,0.641331210786544,50,20,20
34,3774,0.1588489989031081,0.0397643027414599,0.16318051963653105,0.638206178718901,50,20,20
34,3775,0.15720409708051541,0.039764302861038374,0.16482542135736325,0.6382061787010834,50,20,20
34,3776,0.15768506519214637,0.0397573330302888,0.16435142307617756,0.6382061787013874,50,20,20
34,3777,0.1576850651921463,0.0397573330302888,0.16435140378829124,0.6382061979892735,50,20,20
34,3778,0.15768506519214792,0.039757333030288874,0.16435146144701826,0.6382061403305449,50,20,20
34,3779,0.1576850651921479,0.039757333030288874,0.1643514597369294,0.6382061420406336,50,20,20
34,3780,0.15725289637938633,0.03975732068534318,0.15771473729483174,0.6452750456404382,50,20,20
34,3781,0.15725289637938633,0.03975732068534318,0.157714736290967,0.6452750466443029,50,20,20
34,3782,0.15677254648484618,0.03975732069457524,0.15819508493695808,0.6452750478836201,50,20,20
34,3783,0.15677254648484618,0.03975732069457524,0.15819504510425536,0.6452750877163227,50,20,20
34,3784,0.15677254648493727,0.03975732069469754,0.15819740563237208,0.6452727271879926,50,20,20
34,3785,0.15677254648491448,0.03975732068772718,0.15819658506952985,0.645273547757828,50,20,20
34,3786,0.15677254648491448,0.039757320687727145,0.15819662232076404,0.6452735105065938,50,20,20
34,3787,0.15677254648491454,0.039757320687722954,0.15806580691533362,0.6454043259120285,50,20,20
34,3788,0.15685702346188674,0.03976541213986489,0.15797322661217694,0.6454043377860711,50,20,20
34,3789,0.15685702346188668,0.03976541213986485,0.1579709171942549,0.6454066472039932,50,20,20
34,3790,0.1568570234669865,0.039765412139742586,0.15796933390894968,0.6454082304843208,50,20,20
34,3791,0.1568570234669865,0.03976541213974263,0.1579716848253871,0.6454058795678834,50,20,20
34,3792,0.15685702346698807,0.03976541213974477,0.1579717252242264,0.6454058391690404,50,20,20
34,3793,0.15685702346813468,0.03976541213985473,0.16030142580959583,0.6430761385824146,50,20,20
34,3794,0.15683123533559307,0.03976463258767047,0.160131375128095,0.6432727569486413,50,20,20
34,3795,0.1568312353355917,0.03976463258756727,0.15700640127980012,0.6463977307970405,50,20,20
34,3796,0.15702134220374078,0.03976463258833654,0.1568163064301236,0.646397718777799,50,20,20
34,3797,0.15391420322173727,0.039764632664281,0.15992342484413155,0.64639773926985,50,20,20
34,3798,0.15391420322173727,0.039764632664281,0.1601099352350021,0.6462112288789796,50,20,20
34,3799,0.15422395610786777,0.03976463012761567,0.15983871021927057,0.6461727035452455,50,20,20
34,3800,0.15422395610795886,0.039764630127615705,0.15984108535071456,0.6461703284137105,50,20,20
34,3801,0.15422395610784406,0.039139739394855474,0.16046597624020875,0.646170328257091,50,20,20
34,3802,0.15423199157188663,0.03913973934571181,0.16045794146804476,0.6461703276143563,50,20,20
34,3803,0.1542319915770773,0.03913973934571189,0.16045956921371082,0.6461686998634997,50,20,20
34,3804,0.1542319915770773,0.039139739345711855,0.1604595286855125,0.646168740391698,50,20,20
34,3805,0.15423199157707723,0.03913973934571178,0.16045721797654267,0.6461710511006679,50,20,20
34,3806,0.15423199157708045,0.039139739345716074,0.16045800793292372,0.6461702611442794,50,20,20
34,3807,0.15423199157705808,0.03913973934571603,0.16045686892311345,0.6461714001541121,50,20,20
34,3808,0.15423199157705808,0.03913973934571603,0.16045688215001142,0.646171386927214,50,20,20
34,3809,0.15423199157600292,0.03913973934572836,0.15813101047790562,0.6484972586003629,50,20,20
34,3810,0.15423199157729642,0.03913973935267937,0.15819563841738715,0.6484326306526369,50,20,20
34,3811,0.15423199157729323,0.03913973935267508,0.1581947912788014,0.6484334777912301,50,20,20
34,3812,0.15430907187015686,0.03913973917470805,0.15811703417893688,0.648434154776198,50,20,20
34,3813,0.15215008870569646,0.04019139498596443,0.15922293775084342,0.6484355785574948,50,20,20
34,3814,0.1521500887056965,0.04019139498596447,0.15922623915402073,0.6484322771543174,50,20,20
34,3815,0.1521500887056981,0.040191394985966584,0.15922624032088098,0.6484322759874535,50,20,20
34,3816,0.152065612678455,0.04019307145923056,0.15930905174449117,0.6484322641178225,50,20,20
34,3817,0.15206561267326416,0.040193071459230525,0.15930821926982933,0.6484330965976751,50,20,20
34,3818,0.15202355619105962,0.040193071592467274,0.15935027539957985,0.6484330968168927,50,20,20
34,3819,0.14857950189562566,0.04019307584208491,0.16279430535830275,0.6484331169039863,50,20,20
34,3820,0.1485795018956257,0.0401930758422072,0.1627966753707199,0.6484307468914469,50,20,20
34,3821,0.14857950189565186,0.025320476093763592,0.17766927512191685,0.648430746888669,50,20,20
34,3822,0.1520140366035055,0.025313727835442893,0.17424148877305595,0.648430746787997,50,20,20
34,3823,0.1520140366035281,0.025313727842368114,0.17437521231251746,0.6482970232415876,50,20,20
34,3824,0.1713975043731589,0.025313727828896574,0.15499174579601457,0.6482970220019294,50,20,20
34,3825,0.17139750437315854,0.025313727828898683,0.15499403891491517,0.6482947288830271,50,20,20
34,3826,0.17139750436796786,0.025313727828898642,0.15499246979401873,0.648296298009114,50,20,20
34,3827,0.17139750436796786,0.025313727828898683,0.1549925266869407,0.6482962411161922,50,20,20
34,3828,0.17139750856765074,0.02531372783596667,0.15507204164473382,0.6482167219516484,50,20,20
34,3829,0.17133410153956186,0.02531372788049087,0.15513544841236415,0.6482167221675827,50,20,20
34,3830,0.17180118514628082,0.02531372788359974,0.15466836480253585,0.6482167221675832,50,20,20
34,3831,0.17180118514628084,0.025313727883599816,0.15473308532010413,0.6481520016500149,50,20,20
34,3832,0.1718011851462824,0.025313727883599816,0.1548629496199019,0.6480221373502154,50,20,20
34,3833,0.17180118514628245,0.025313727883599816,0.15486408840182317,0.648020998568294,50,20,20
34,3834,0.17180118514628245,0.025313727883599816,0.15486411440874487,0.6480209725613723,50,20,20
34,3835,0.17180118514628245,0.0253137278836036,0.15719354565080837,0.6456915413193048,50,20,20
34,3836,0.17180118514621415,0.025313727883605752,0.15719126916435644,0.645693817805823,50,20,20
34,3837,0.1718011851462911,0.03958259441569354,0.14292240247862487,0.6456938179593898,50,20,20
34,3838,0.17180118514629114,0.03958259441569359,0.14292570286512787,0.6456905175728868,50,20,20
34,3839,0.17180118514628956,0.03958259441569144,0.14292335106962437,0.6456928693683941,50,20,20
34,3840,0.17180118514628956,0.03958259441569144,0.14292010662383048,0.6456961138141878,50,20,20
34,3841,0.18957822150398143,0.03853829112186977,0.1261883017962516,0.6456951855778965,50,20,20
34,3842,0.18957822150398304,0.03853829112187191,0.12619156641189472,0.6456919209622497,50,20,20
34,3843,0.1895782215040055,0.03853829112187189,0.12637731449113418,0.6455061728829875,50,20,20
34,3844,0.18957822150400394,0.038538291121874645,0.13322908146675513,0.6386544059073657,50,20,20
34,3845,0.1895782215040948,0.03853829112187461,0.13321047183508264,0.6386730155389473,50,20,20
34,3846,0.18957822150411754,0.038538291121878857,0.133212767145319,0.638670720228684,50,20,20
34,3847,0.18957822150411754,0.03853829112187886,0.13316663504402937,0.6387168523299736,50,20,20
34,3848,0.1895782173044331,0.0385382911148108,0.1330870824142274,0.6387964091665281,50,20,20
34,3849,0.1895782173044331,0.0385382911148108,0.13308704218160194,0.6387964493991536,50,20,20
34,3850,0.1905144036486847,0.03853828172266556,0.13229129413667784,0.6386560204919716,50,20,20
34,3851,0.19051440364866196,0.038538281722663374,0.13229233457381542,0.6386549800548589,50,20,20
34,3852,0.1927304991474743,0.03853092919498055,0.13008420659518913,0.6386543650623555,50,20,20
34,3853,0.1857416449989678,0.03853092917909969,0.13707304559231048,0.6386543802296217,50,20,20
34,3854,0.18574164499896625,0.038530929179099706,0.13725878503866468,0.6384686407832688,50,20,20
34,3855,0.18574164499894358,0.038530929179097576,0.13713528364498753,0.6385921421769709,50,20,20
34,3856,0.17724679282698094,0.03853094091157803,0.14306415831603878,0.6411581079454018,50,20,20
34,3857,0.17724679282698091,0.03853094091157803,0.14306307546483685,0.6411591907966038,50,20,20
34,3858,0.16810525159726045,0.038530951766727044,0.15220457905484952,0.6411592175811626,50,20,20
34,3859,0.16810525159725886,0.0385309517667249,0.15220127719347404,0.6411625194425418,50,20,20
34,3860,0.16810525159734993,0.03853095176672701,0.15220240580360017,0.6411613908323224,50,20,20
34,3861,0.1681052515973272,0.038530951766724865,0.15220240463097012,0.6411613920049775,50,20,20
34,3862,0.1681052515973272,0.038530951766722756,0.15220009410675783,0.6411637025291919,50,20,20
34,3863,0.16810525159732717,0.0385309517666005,0.15219776458944487,0.6411660320466271,50,20,20
34,3864,0.16810525159732712,0.038530951766600464,0.1521977646304179,0.6411660320056543,50,20,20
34,3865,0.16810525159732712,0.038530951766600464,0.15220011525343488,0.6411636813826371,50,20,20
34,3866,0.16810525159732712,0.039378979698916884,0.1513520873211185,0.6411636813826371,50,20,20
34,3867,0.16810525159603362,0.03937897969196584,0.1512863348254042,0.6412294338865959,50,20,20
34,3868,0.16810525159603518,0.0393789796920881,0.15128964580212131,0.641226122909755,50,20,20
34,3869,0.1711458678320813,0.039378979665324,0.14824902569001278,0.6412261268125815,50,20,20
34,3870,0.1711458678320813,0.03937897966532398,0.14806257260748557,0.6414125798951088,50,20,20
34,3871,0.17114586783217206,0.03937897967227505,0.14812091754528495,0.6413542349502677,50,20,20
34,3872,0.15130955248045821,0.03937897966937528,0.1679572288619762,0.6413542389881909,50,20,20
34,3873,0.15130955248045821,0.03937897966937528,0.16795722986819886,0.6413542379819682,50,20,20
34,3874,0.15130955248045821,0.03937897966937528,0.1679571716323213,0.6413542962178458,50,20,20
34,3875,0.15130955248043546,0.03937897966937532,0.16795020987390186,0.6413612579762877,50,20,20
34,3876,0.15130955248043745,0.039378979669377485,0.1680833392720946,0.6412281285780908,50,20,20
34,3877,0.15130955248043743,0.03937897966937749,0.1680856694908304,0.641225798359355,50,20,20
34,3878,0.15130955248043743,0.03937897966937745,0.16808682509302364,0.6412246427571618,50,20,20
34,3879,0.15130955248041486,0.03937897966937532,0.1679003058212313,0.6414111620289787,50,20,20
34,3880,0.15130955248041167,0.03937897966937536,0.16797349614897875,0.6413379717012344,50,20,20
34,3881,0.15130955248041164,0.03937897966937322,0.16797114436806507,0.6413403234821502,50,20,20
34,3882,0.15158693645723395,0.03937896804178824,0.17026043856278414,0.6387736569381941,50,20,20
34,3883,0.15159240909742516,0.039378968040194876,0.17025496593165448,0.6387736569307261,50,20,20
34,3884,0.15159240939263055,0.03937896804031694,0.17029902827331797,0.6387295942937352,50,20,20
34,3885,0.1515924093925397,0.03937896803336588,0.17023958549416057,0.6387890370799344,50,20,20
34,3886,0.15159240965396018,0.03937896803347397,0.17256958312563736,0.6364590391869289,50,20,20
34,3887,0.15159240965396018,0.039378968033471864,0.17256952674354423,0.6364590955690241,50,20,20
34,3888,0.15159240965396015,0.039378968033471864,0.17257278758639147,0.6364558347261768,50,20,20
34,3889,0.15159240965396015,0.039378968033471864,0.17257274635298522,0.6364558759595831,50,20,20
34,3890,0.15159240965396018,0.039378968033471864,0.17257274534471875,0.6364558769678493,50,20,20
34,3891,0.15159240965396015,0.03937896803347183,0.17257268839980497,0.6364559339127631,50,20,20
34,3892,0.15159240965396015,0.039378968033473974,0.1725747945171705,0.6364538277953955,50,20,20
34,3893,0.1515924096538687,0.03937896803335172,0.17257102324207754,0.6364575990707021,50,20,20
34,3894,0.1515924096539597,0.03937896803335176,0.17257214888528125,0.6364564734274074,50,20,20
34,3895,0.13171900731351147,0.03937896840632006,0.19244557521287228,0.636456449067296,50,20,20
34,3896,0.13169087733943605,0.039378968202256795,0.19247370542546122,0.6364564490328458,50,20,20
34,3897,0.13169087704423066,0.03937896820213477,0.19247343937694164,0.6364567153766927,50,20,20
34,3898,0.1316908770443215,0.03937896820213691,0.1925174787139756,0.6364126760395655,50,20,20
34,3899,0.1316908770443199,0.03937896820213691,0.19251749439237675,0.6364126603611661,50,20,20
34,3900,0.1316909060797385,0.03939350198713083,0.19008671947311057,0.63882887246002,50,20,20
34,3901,0.13169090607973846,0.03939350198712869,0.1900866778249672,0.6388289141081654,50,20,20
34,3902,0.13179574529126944,0.03939350185386405,0.18998183896598586,0.6388289138888805,50,20,20
34,3903,0.13179574529126942,0.039393501853861264,0.18299690629354,0.6458138465613291,50,20,20
34,3904,0.1389423610753965,0.03939350182543442,0.17585030613116032,0.6458138309680088,50,20,20
34,3905,0.13891321325636663,0.03939350202947787,0.17587945371108873,0.6458138310030668,50,20,20
34,3906,0.13891321325636663,0.03939350202947787,0.17587949041033976,0.6458137943038155,50,20,20
34,3907,0.13891321325636663,0.03939350202947787,0.17588062848022676,0.6458126562339285,50,20,20
34,3908,0.13891321325636669,0.03939350202947998,0.1758790896828382,0.6458141950313149,50,20,20
34,3909,0.13891667277863107,0.03939350198495578,0.17587563042096846,0.6458141948154448,50,20,20
34,3910,0.1389166727786311,0.039393501984955816,0.17587562420238853,0.6458142010340243,50,20,20
34,3911,0.13891667277863115,0.039393501984955816,0.17587233632825722,0.6458174889081557,50,20,20
34,3912,0.13891667277863115,0.039393501984955816,0.17587228010964434,0.6458175451267685,50,20,20
34,3913,0.13891667277854006,0.039393501984955816,0.17587344563116253,0.6458163796053413,50,20,20
34,3914,0.13891667277854006,0.039393501984955816,0.1758767470191784,0.6458130782173257,50,20,20
34,3915,0.13891667277854003,0.039393501984955816,0.17587673350529393,0.6458130917312102,50,20,20
34,3916,0.13891667277856276,0.039393501984955816,0.1758792447597991,0.6458105804766823,50,20,20
34,3917,0.13891667278368267,0.0393935019919816,0.17606250580209423,0.6456273194222415,50,20,20
34,3918,0.13370245374218792,0.039393505788297076,0.18127670325411274,0.645627337215402,50,20,20
34,3919,0.1413593158177996,0.03939350569111774,0.17361979476470854,0.6456273837263743,50,20,20
34,3920,0.14135931555638076,0.03939350569100964,0.17129218175791291,0.6479549969946968,50,20,20
34,3921,0.14135931555767844,0.039393505691009675,0.17129008070760435,0.6479570980437077,50,20,20
34,3922,0.14152805846684047,0.03939350560167479,0.17112133831733523,0.64795709761415,50,20,20
34,3923,0.14152805846674962,0.039393505601674754,0.17107825130188178,0.6480001846296943,50,20,20
34,3924,0.15065236315577835,0.039393494746582644,0.16195398423757143,0.6480001578600679,50,20,20
34,3925,0.15065236315577873,0.03939349474670382,0.1621405355629462,0.6478136065345709,50,20,20
34,3926,0.1506523631557791,0.03939349474670808,0.1622736823840496,0.6476804597134627,50,20,20
34,3927,0.1506523631557795,0.03939349474670808,0.1621438194408453,0.6478103226566667,50,20,20
34,3928,0.1506523631557795,0.03939349475175241,0.16767302872684436,0.6422811133656232,50,20,20
34,3929,0.15406023991740728,0.03939349050213477,0.16426517630566193,0.6422810932747955,50,20,20
34,3930,0.15406023991740728,0.03939349050213266,0.164262865769857,0.6422834038106027,50,20,20
34,3931,0.1540602399174089,0.039393490497088325,0.15873369748421312,0.6478125721012892,50,20,20
34,3932,0.15406023991226622,0.0393934904900604,0.1585471536154845,0.6479991159821884,50,20,20
34,3933,0.15392856396647162,0.039393490490004464,0.15867882957600288,0.6479991159675206,50,20,20
34,3934,0.15392856396647162,0.039393490490004464,0.15867888681315326,0.64799905873037,50,20,20
34,3935,0.1539285639664791,0.03877302798527225,0.1592993493178788,0.6479990587303693,50,20,20
34,3936,0.15392856396650167,0.038773027985274384,0.1594859122649186,0.6478124957833049,50,20,20
34,3937,0.15392856426232915,0.03877302798527863,0.15949011536565355,0.6478082923867382,50,20,20
34,3938,0.15392856396650012,0.03877302798527434,0.1594858710103096,0.6478125370379155,50,20,20
34,3939,0.15392856396650015,0.03877302798527645,0.15948816514802455,0.6478102429001983,50,20,20
34,3940,0.15392856396649976,0.03877302798527642,0.15948486233772466,0.6478135457104988,50,20,20
34,3941,0.15392851854254075,0.03875865031239949,0.1610307608717346,0.6462820702733247,50,20,20
34,3942,0.15392851854254075,0.03875865031239952,0.1610307782556169,0.6462820528894424,50,20,20
34,3943,0.1561019148101276,0.038758648696775255,0.15885739082730946,0.6462820456657872,50,20,20
34,3944,0.15610191481012803,0.038758648696775255,0.1588575061256775,0.6462819303674187,50,20,20
34,3945,0.15610191481012806,0.0387586486967753,0.1588550155686309,0.6462844209244651,50,20,20
34,3946,0.15610191481012806,0.0387586486967753,0.15904151728745702,0.6460979192056391,50,20,20
34,3947,0.15608706522429316,0.038758648696645144,0.15905637091136363,0.6460979151676977,50,20,20
34,3948,0.15607928302462207,0.03875943033409556,0.15926382627550045,0.6458974603657808,50,20,20
34,3949,0.1560781712582358,0.03875943033409556,0.1592649380418856,0.6458974603657819,50,20,20
34,3950,0.15578931283577538,0.03875943033721782,0.15955378431838263,0.6458974725086231,50,20,20
34,3951,0.15578931283577577,0.0387594303372221,0.15959987729076044,0.6458513795362404,50,20,20
34,3952,0.137214165967571,0.03875943033514112,0.17817495905095826,0.6458514446463279,50,20,20
34,3953,0.1351127569537148,0.03875942818923235,0.18027586907164814,0.6458519457854035,50,20,20
34,3954,0.11692749128672497,0.03876060821552186,0.19845985512972525,0.6458520453680263,50,20,20
34,3955,0.11692749128542769,0.03876060821552178,0.19845873107901277,0.6458531694200361,50,20,20
34,3956,0.11692749128542769,0.03876060821552178,0.1984587713340408,0.6458531291650081,50,20,20
34,3957,0.11692749128542769,0.03876060821552179,0.1984587713340408,0.6458531291650083,50,20,20
34,3958,0.11685952901500783,0.03876060826086103,0.19852673313475683,0.6458531295893728,50,20,20
34,3959,0.11685952901491836,0.038760608260860994,0.1985267323211447,0.6458531304030743,50,20,20
34,3960,0.11765950274877297,0.03876060826072597,0.19772675858742525,0.6458531304030742,50,20,20
34,3961,0.11765950274877301,0.03876060826072597,0.1977279712550458,0.6458519177354536,50,20,20
34,3962,0.11765950281116085,0.03876060826082696,0.20072653623668174,0.6428533526913287,50,20,20
34,3963,0.11765950281106305,0.03876090375466029,0.20072624089381896,0.6428533525404561,50,20,20
34,3964,0.1176595028110854,0.038760903754658155,0.2006833940713017,0.6428961993629531,50,20,20
34,3965,0.1176595028110858,0.03876090375465823,0.20068347135105294,0.6428961220832012,50,20,20
34,3966,0.11765950281117647,0.03876090375466252,0.200686659840468,0.6428929335936913,50,20,20
34,3967,0.11308714280908737,0.03876090572508241,0.2052584799442219,0.6428934715216066,50,20,20
34,3968,0.10759265144645445,0.03876090572416211,0.21075297484407268,0.642893467985309,50,20,20
34,3969,0.10763191898757758,0.038760111630253474,0.21071450262332939,0.6428934667588381,50,20,20
34,3970,0.10763191898757755,0.03876011163025134,0.21071215179063033,0.6428958175915394,50,20,20
34,3971,0.11344817080955849,0.03876011162885964,0.2048959083600528,0.6428958092015276,50,20,20
34,3972,0.1134481708095585,0.03876011162885967,0.20489591454524153,0.6428958030163389,50,20,20
34,3973,0.1332989070682368,0.038760111208293264,0.18504517852753377,0.642895803195935,50,20,20
34,3974,0.1332989070682368,0.03876011120829334,0.18504842269087576,0.6428925590325929,50,20,20
34,3975,0.13329890700586952,0.038760111208190215,0.1821036881542644,0.6458372936316747,50,20,20
34,3976,0.13329890700578026,0.03876011120819233,0.18206084000091263,0.6458801417851138,50,20,20
34,3977,0.11539259413929102,0.03876076623683451,0.1999633769205267,0.6458832627033465,50,20,20
34,3978,0.11539259413938048,0.03876076623683244,0.19996121436072367,0.6458854252630621,50,20,20
34,3979,0.11936504495763278,0.038760457225712516,0.19599136164876418,0.6458831361678893,50,20,20
34,3980,0.11936444727697153,0.0388034137844608,0.19594900168532686,0.6458831372532394,50,20,20
34,3981,0.11936444727697156,0.0388034137844608,0.19594900239247715,0.6458831365460892,50,20,20
34,3982,0.11936444727697118,0.0388034137844608,0.19594896636227963,0.645883172576287,50,20,20
34,3983,0.11936444727697121,0.03880341379142927,0.19594916199459816,0.645882976937,50,20,20
34,3984,0.11856769075650037,0.03880341379171079,0.19674602859974455,0.6458828668520428,50,20,20
34,3985,0.11856769075652318,0.03880341379170865,0.19674277895015424,0.6458861165016127,50,20,20
34,3986,0.1185676887172526,0.03880326079878562,0.1991603134406219,0.6434687370433382,50,20,20
34,3987,0.13250280940072112,0.03880291477897311,0.18522637081472187,0.6434679050055823,50,20,20
34,3988,0.1325028095137356,0.038793146788165055,0.18523613869692584,0.6434679050011718,50,20,20
34,3989,0.13250280951375798,0.03879314678804604,0.1850529089366594,0.643651134761535,50,20,20
34,3990,0.1325028095137352,0.03879314678804607,0.18505615885007543,0.6436478848481415,50,20,20
34,3991,0.11265922099884762,0.03879315303379854,0.20489974058821173,0.643647885379142,50,20,20
34,3992,0.11306677736820234,0.03879314679909758,0.20449213359188664,0.6436479422408135,50,20,20
34,3993,0.11306677736820231,0.03879314679909758,0.2044897821423449,0.6436502936903554,50,20,20
34,3994,0.11306677736817974,0.03879314679909546,0.20430323371294745,0.6438368421197773,50,20,20
34,3995,0.11306677736815737,0.03879314679909549,0.20430001012309557,0.6438400657096517,50,20,20
34,3996,0.11306677736822582,0.03879314679217245,0.20416960501460665,0.6439704708249951,50,20,20
34,3997,0.11306677736822582,0.038793146792174604,0.20416963521990666,0.6439704406196928,50,20,20
34,3998,0.11306732521109307,0.038793159703424555,0.20416907444676433,0.643970440638718,50,20,20
34,3999,0.1130673252110705,0.038793159703424555,0.20398211559374302,0.6441573994917619,50,20,20
34,4000,0.11306732521107048,0.03879315970342452,0.20398444580675396,0.6441550692787511,50,20,20
34,4001,0.11310931092347587,0.03879317396415637,0.21100749248624898,0.6370900226261191,50,20,20
34,4002,0.11310931092347584,0.03879317396415637,0.21100749248038322,0.6370900226319849,50,20,20
34,4003,0.11310931092859558,0.038793173964094464,0.2111910832881298,0.6369064318191807,50,20,20
34,4004,0.11232413638368753,0.03879319844209314,0.21197623328320045,0.6369064318910203,50,20,20
34,4005,0.11232413638368913,0.0387931984422154,0.21179350283891657,0.6370891623351802,50,20,20
34,4006,0.11232413642389014,0.03879319532398125,0.2117935205747694,0.6370891476773607,50,20,20
34,4007,0.11232413642388975,0.038793195323977014,0.21179352023651937,0.6370891480156152,50,20,20
34,4008,0.11232413642391244,0.038793195323977014,0.21185826348368353,0.6370244047684285,50,20,20
34,4009,0.11232413642391086,0.038793195323977014,0.2118582277257138,0.6370244405263994,50,20,20
34,4010,0.11232413642400131,0.038793195324098556,0.21199140280899623,0.636891265442905,50,20,20
34,4011,0.11190941648779312,0.038793195313046064,0.21240618014856,0.6368912080506016,50,20,20
34,4012,0.11190941648770304,0.03879319531292453,0.21227306230391807,0.6370243258954552,50,20,20
34,4013,0.11190967083670433,0.038793196586519654,0.21227280463437037,0.6370243279424064,50,20,20
34,4014,0.11190967083661327,0.038793196586517475,0.2122695421414041,0.637027590435466,50,20,20
34,4015,0.12356671690185526,0.0387502310773051,0.20065395619195636,0.6370290958288831,50,20,20
34,4016,0.13509767062676728,0.03875021639532313,0.18912687362260486,0.6370252393553048,50,20,20
34,4017,0.13509767062676573,0.038750216395325277,0.1891268257444301,0.6370252872334788,50,20,20
34,4018,0.13616461791778894,0.03875030436146554,0.1880612888931897,0.6370237888275555,50,20,20
34,4019,0.13817170692438,0.038750210846726356,0.1860537741297963,0.6370243080990972,50,20,20
34,4020,0.13817170692438,0.03875021084672421,0.18605282203138093,0.6370252601975145,50,20,20
34,4021,0.1381860344331641,0.03875021083933649,0.18603838161729422,0.637025373110205,50,20,20
34,4022,0.12013066570867961,0.03875021108001607,0.20409375008155461,0.6370253731297493,50,20,20
34,4023,0.12013066570867961,0.038750211080016035,0.20390719850991562,0.6372119247013881,50,20,20
34,4024,0.12013066570858856,0.03875021108001175,0.20390393526598852,0.6372151879454107,50,20,20
34,4025,0.12013066570860972,0.03875021107988946,0.20390130662486125,0.6372178165866391,50,20,20
34,4026,0.12013066570860234,0.03936937978493141,0.20328213792252017,0.6372178165839457,50,20,20
34,4027,0.12013066570989304,0.03936937978505504,0.20341566092397426,0.6370842935810773,50,20,20
34,4028,0.12013066570860394,0.03936937978493145,0.20328448868125823,0.637215465825206,50,20,20
34,4029,0.12054461431408127,0.039369378515037946,0.20287054339293836,0.6372154637779419,50,20,20
34,4030,0.12054461431408131,0.03936937851503802,0.20291433939829912,0.637171667772581,50,20,20
34,4031,0.12054461431408243,0.03936937851503958,0.20844326026425872,0.6316427469066186,50,20,20
34,4032,0.1205446143140817,0.03936937851503802,0.20291510998715834,0.6371708971837214,50,20,20
34,4033,0.12054461431408131,0.039369378515037946,0.20291503298304017,0.6371709741878402,50,20,20
34,4034,0.1205446143140817,0.039369378515037946,0.20291505367582235,0.6371709534950576,50,20,20
34,4035,0.1205446143140817,0.039369378515160244,0.20291838521148983,0.6371676219592678,50,20,20
34,4036,0.1205446143140817,0.03936937851516021,0.20291832757331968,0.637167679597438,50,20,20
34,4037,0.1205446143140817,0.03936937851516021,0.20291506560759406,0.6371709415631638,50,20,20
34,4038,0.1205446143140817,0.039369378515160244,0.20291510903861332,0.6371708981321444,50,20,20
34,4039,0.12054461431406059,0.039369378515160244,0.20285267548667046,0.6372333316841083,50,20,20
34,4040,0.12321721758606693,0.03936952339969402,0.20017954072262176,0.6372337182916161,50,20,20
34,4041,0.12321721758606577,0.039369523399696155,0.20017954104904323,0.6372337179651937,50,20,20
34,4042,0.12321721758094328,0.03936952372011038,0.20351891984503123,0.6338943388539141,50,20,20
34,4043,0.12321721758096606,0.03936952372011042,0.2035189804638009,0.6338942782351217,50,20,20
34,4044,0.10987985353646104,0.039370740285460254,0.21669178958125915,0.6340576165968193,50,20,20
34,4045,0.1098798535377359,0.039370740285584654,0.21669414759264494,0.6340552585840343,50,20,20
34,4046,0.10987985353782656,0.03937074028546665,0.21669411849503423,0.6340552876816724,50,20,20
34,4047,0.10987985353782653,0.039370740285464514,0.21669180775635366,0.6340575984203553,50,20,20
34,4048,0.10935241715081555,0.03937167739264441,0.21664340799603146,0.6346324974605096,50,20,20
34,4049,0.10935241715081555,0.039371677392644445,0.2166411150339592,0.6346347904225818,50,20,20
34,4050,0.10935241715081555,0.039371677392766674,0.21659738562828154,0.6346785198281372,50,20,20
34,4051,0.10933761780520806,0.039371652914768004,0.21661220548153237,0.6346785237984924,50,20,20
34,4052,0.10933763459781166,0.03937165292183349,0.2166978131831303,0.6345928992972255,50,20,20
34,4053,0.10933763459781326,0.03937165292195579,0.2167002299448346,0.6345904825353973,50,20,20
34,4054,0.11084970177441295,0.03937165293581762,0.21518816496043808,0.6345904803293323,50,20,20
34,4055,0.11084970177441257,0.03937165293581758,0.21519138853046937,0.6345872567593012,50,20,20
34,4056,0.10942551696888367,0.03937045084283669,0.21677675100816618,0.6344272811801143,50,20,20
34,4057,0.10942551696886679,0.03937045051551377,0.21325441652820717,0.6379496159874132,50,20,20
34,4058,0.1094255169688672,0.03937045051551381,0.21325440112567723,0.6379496313899427,50,20,20
34,4059,0.10942551696886715,0.03937045051551377,0.21325359000690372,0.637950442508716,50,20,20
34,4060,0.10942551696886595,0.03937045051551373,0.2132570945657694,0.6379469379498514,50,20,20
34,4061,0.10942551696886708,0.020009095337220034,0.23261844974406098,0.6379469379498522,50,20,20
34,4062,0.10942562939360823,0.02000909538274945,0.2302794362155071,0.640285839008135,50,20,20
34,4063,0.10961138515936199,0.020009087159412554,0.23009431857062182,0.6402852091106035,50,20,20
34,4064,0.10581734016847484,0.020009091184106195,0.23388834117134064,0.6402852274760785,50,20,20
34,4065,0.10581734016847326,0.020009091184227654,0.23401916619652982,0.6401544024507695,50,20,20
34,4066,0.11045552222279814,0.020009089168468996,0.22938152451024352,0.6401538640984898,50,20,20
34,4067,0.11045552222279817,0.020009089168466852,0.2293790574757519,0.6401563311329835,50,20,20
34,4068,0.11045552222279977,0.020009089168466818,0.22937812036959584,0.640157268239138,50,20,20
34,4069,0.11544858169575449,0.020009206082823878,0.22438544253040058,0.6401567696910216,50,20,20
34,4070,0.11273613046112883,0.02000904755848437,0.22709455829716238,0.6401602636832251,50,20,20
34,4071,0.11273613046112724,0.02000904755836207,0.2270921415354581,0.6401626804450532,50,20,20
34,4072,0.11273613046112727,0.02000890153156267,0.22709228756225752,0.6401626804450534,50,20,20
34,4073,0.11273613046112725,0.020008901531440415,0.2270922207362605,0.6401627472711727,50,20,20
34,4074,0.11273724575023385,0.020008901531413225,0.22709110545090347,0.6401627472674503,50,20,20
34,4075,0.11273724575023544,0.020008901531413225,0.22695798123938588,0.6402958714789662,50,20,20
34,4076,0.11273710398654307,0.02000887677584747,0.22695522075614263,0.6402987984814675,50,20,20
34,4077,0.10496652718596934,0.020008872751430106,0.23472582039651715,0.640298779666084,50,20,20
34,4078,0.10455206986417377,0.02000888411484611,0.23514026540442398,0.6402987806165573,50,20,20
34,4079,0.10455206986417373,0.02000888411484611,0.23513940989490054,0.6402996361260809,50,20,20
34,4080,0.10455206986417373,0.020008884114968383,0.23509413150587266,0.6403449145149861,50,20,20
34,4081,0.1045520698641748,0.020008884115049374,0.24207906550644662,0.6333599805143298,50,20,20
34,4082,0.1045520698641732,0.020008884115049336,0.2420823260336597,0.6333567199871184,50,20,20
34,4083,0.1045520698641732,0.02000888411504941,0.24221218972516986,0.6332268562956082,50,20,20
34,4084,0.10455206986417277,0.02000888411504941,0.24220758651511307,0.6332314595056654,50,20,20
34,4085,0.10448994490681131,0.02000888411585772,0.24226971125572117,0.6332314597216105,50,20,20
34,4086,0.10448994490681209,0.020008884115855614,0.2424564102441059,0.633044760733227,50,20,20
34,4087,0.1044899449068117,0.02000888411585347,0.2424551972237728,0.6330459737535628,50,20,20
34,4088,0.10448994490681171,0.020008884115864024,0.26072424409107436,0.6147769268862509,50,20,20
34,4089,0.10448994490680852,0.020008884115864024,0.2607201494920646,0.6147810214852637,50,20,20
34,4090,0.10448994490671744,0.02000888411586399,0.26072231119585315,0.6147788597815661,50,20,20
34,4091,0.10448971894395821,0.020008884123419744,0.2607226500877142,0.6147787468449083,50,20,20
34,4092,0.10448971894395782,0.020008884123421878,0.2608550055892244,0.6146463913433962,50,20,20
34,4093,0.10337945419306106,0.020008885449369497,0.2619652571768592,0.6146464031807105,50,20,20
34,4094,0.10337945419306106,0.020008885449369497,0.26196531440651405,0.6146463459510556,50,20,20
34,4095,0.10063016397758442,0.020008768573507484,0.26471474001504514,0.6146463274338637,50,20,20
34,4096,0.10063016397814593,0.020008768574100225,0.26471488479007793,0.6146461826576767,50,20,20
34,4097,0.10063016398330994,0.020008768573980124,0.26481831170934556,0.6145427557333654,50,20,20
34,4098,0.10063016398331154,0.020008768573980124,0.264818359703351,0.6145427077393582,50,20,20
34,4099,0.10063016398331154,0.020008768573977993,0.2646875583303363,0.6146735091123751,50,20,20
34,4100,0.10063016398331151,0.02000876857397803,0.264685234614655,0.6146758328280564,50,20,20
34,4101,0.10063016438099809,0.02039733433944346,0.2642966684483686,0.6146758328311905,50,20,20
34,4102,0.10063016438099925,0.020397334339445006,0.2698255726402133,0.6091469286393433,50,20,20
34,4103,0.10063016438099961,0.020397334339554974,0.27215500531336456,0.6068174959660815,50,20,20
34,4104,0.10063016438102228,0.020397334339554932,0.2722199837631344,0.606752517516289,50,20,20
34,4105,0.10067421168511988,0.02039733466447505,0.2759662612060029,0.6029621924444029,50,20,20
34,4106,0.10067421168512025,0.02039733467144184,0.27364032795759063,0.6052881256858482,50,20,20
34,4107,0.10067421168511986,0.020397334664473403,0.2736369265833283,0.6052915270670794,50,20,20
34,4108,0.10067421168511986,0.020397334664473438,0.27363694398924493,0.6052915096611627,50,20,20
34,4109,0.10067421168511986,0.02039733466447348,0.27363694469060323,0.6052915089598041,50,20,20
34,4110,0.10851811885128884,0.020397328384488597,0.2657962883918143,0.6052882643724087,50,20,20
34,4111,0.1085181188512888,0.02039732838448645,0.26579624699197124,0.605288305772254,50,20,20
34,4112,0.1085181188512878,0.020397328384405496,0.25881136994848186,0.6122731828158252,50,20,20
34,4113,0.10962490158774388,0.020397327058457933,0.2577046003752695,0.6122731709785294,50,20,20
34,4114,0.10962490158257987,0.02039732705845576,0.25760034616799976,0.6123774251909652,50,20,20
34,4115,0.1093405396023577,0.020397327058512743,0.2578847081481832,0.6123774251909471,50,20,20
34,4116,0.10934053960236037,0.007485502632414688,0.27079652937299503,0.6123774283922305,50,20,20
34,4117,0.10933442942086376,0.0074855026332635325,0.27080263954236083,0.6123774284035124,50,20,20
34,4118,0.10933442942086534,0.007485502633263531,0.27093345883688547,0.6122466091089861,50,20,20
34,4119,0.10933442942086534,0.00748550263326357,0.2709367040027896,0.612243363943082,50,20,20
34,4120,0.10926732715831372,0.007485502633989688,0.2710038062756988,0.6122433639319983,50,20,20
34,4121,0.10926732715831372,0.007485502633989723,0.27100379057288065,0.6122433796348163,50,20,20
34,4122,0.10965943466710901,0.007485514364336007,0.27294831342347065,0.6099067375450848,50,20,20
34,4123,0.10965943466710903,0.00748551436433597,0.27294825718483834,0.6099067937837171,50,20,20
34,4124,0.1096594346796209,0.007485514399464346,0.27467791888506593,0.6081771320358496,50,20,20
34,4125,0.10965941788699615,0.007485514392398859,0.2745911925282878,0.6082638751923181,50,20,20
34,4126,0.09181557016120954,0.0074855265361161395,0.2924350272573922,0.608263876045283,50,20,20
34,4127,0.09181557016120875,0.0074855265361161,0.29224825710052654,0.6084506462021495,50,20,20
34,4128,0.09181557016639763,0.007485526536118245,0.29225055856767934,0.6084483447298056,50,20,20
34,4129,0.09127715417400852,0.007485536617874232,0.2927888710501266,0.6084484381579913,50,20,20
34,4130,0.10211228262835784,0.007485530863406601,0.28195374882348373,0.6084484376847527,50,20,20
34,4131,0.10211228262835624,0.007485530863406638,0.2819513912079949,0.608450795300243,50,20,20
34,4132,0.10211228262835585,0.007485530863406638,0.2819513720011437,0.6084508145070945,50,20,20
34,4133,0.10211228262835585,0.0074855308634065995,0.2819513709947162,0.608450815513522,50,20,20
34,4134,0.10209792673718215,0.007492698484438066,0.2819585611063227,0.6084508136720577,50,20,20
34,4135,0.10238347207345352,0.007492688408141113,0.28167311945758633,0.6084507200608198,50,20,20
34,4136,0.10238347207345352,0.0074926884081410764,0.2816730789389929,0.6084507605794133,50,20,20
34,4137,0.10238347206826305,0.007492688408138968,0.28167399796440845,0.6084498415591902,50,20,20
34,4138,0.10238347206826305,0.007492688408138968,0.2816740377312142,0.6084498017923845,50,20,20
34,4139,0.10238347206696544,0.007492688408014524,0.2816716188082156,0.608452220716805,50,20,20
34,4140,0.10238347206696428,0.0074926884080151164,0.2761450094673904,0.6139788300576309,50,20,20
34,4141,0.10238347206696467,0.00749268840813625,0.27633152915895165,0.6137923103659481,50,20,20
34,4142,0.10238347206696506,0.007492688408138357,0.2763323458126054,0.6137914937122918,50,20,20
34,4143,0.10238347206694236,0.007492688408138357,0.2762673830531223,0.6138564564717977,50,20,20
34,4144,0.10238347206694197,0.007492688408138283,0.2762673977365681,0.6138564417883523,50,20,20
34,4145,0.10238347206694196,0.007492688408138245,0.27626409632121973,0.6138597432037006,50,20,20
34,4146,0.11897443332540075,0.007492676631302764,0.25967623882277396,0.6138566512205229,50,20,20
34,4147,0.11897442274093996,0.0074926766358643735,0.25968012988825884,0.6138527707349373,50,20,20
34,4148,0.11688271821172438,0.007492678150121633,0.26177183284900746,0.6138527707891472,50,20,20
34,4149,0.11688271821172404,0.007492678150013802,0.2595755660958732,0.6160490375423896,50,20,20
34,4150,0.1168827182118151,0.007492678150015986,0.259575665153817,0.6160489384843525,50,20,20
34,4151,0.11688271821181512,0.007492678150137156,0.25976218586203265,0.6158624177760157,50,20,20
34,4152,0.11690273280576409,0.007493143565864253,0.25244863732563333,0.6231554863027388,50,20,20
34,4153,0.12637166769536823,0.007494177315966584,0.24297858294364624,0.6231555720450195,50,20,20
34,4154,0.1268031579921411,0.0074941643619270745,0.24254710455293338,0.6231555730929985,50,20,20
34,4155,0.12680882577975067,0.007494164407196751,0.24254143649691462,0.6231555733161379,50,20,20
34,4156,0.12680882580028452,0.007487318784376941,0.2425482819267784,0.6231555734885602,50,20,20
34,4157,0.12680882580037456,0.007487318784377266,0.24249489700996466,0.6232089584052835,50,20,20
34,4158,0.12680882580037617,0.0074873187843794075,0.24254100784948707,0.6231628475657572,50,20,20
34,4159,0.132055689341501,0.0074873242685964524,0.2372941396533707,0.6231628467365318,50,20,20
34,4160,0.13494676890726362,0.007487324270181657,0.2344030596628544,0.6231628471597004,50,20,20
34,4161,0.13494676890726362,0.007487324270181657,0.2343997987877819,0.6231661080347729,50,20,20
34,4162,0.1349467689072636,0.007487324270181656,0.23440214798848655,0.6231637588340684,50,20,20
34,4163,0.12688428412203573,0.0074873242639723146,0.24246463280952607,0.6231637588044661,50,20,20
34,4164,0.1268842841219453,0.007487324263850893,0.24233475888763645,0.6232936327265675,50,20,20
34,4165,0.1268842841219469,0.007487324263853076,0.24233806214968834,0.6232903294645119,50,20,20
34,4166,0.12021732701637886,0.007486290610400923,0.24892047832895284,0.623375904044267,50,20,20
34,4167,0.12021732701638045,0.007486290610403069,0.24892051927085238,0.6233758631023639,50,20,20
34,4168,0.12021732701647152,0.0074862906104031434,0.24892129025636184,0.6233750921167631,50,20,20
34,4169,0.12021732701776061,0.007486290617330421,0.24905171276194754,0.6232446696029611,50,20,20
34,4170,0.120217327017761,0.007486290617330421,0.24905266395986442,0.6232437184050439,50,20,20
34,4171,0.120217327017761,0.007486290617330421,0.2490503140572963,0.623246068307612,50,20,20
34,4172,0.120217327017761,0.0074862906173303835,0.24905027253542003,0.6232461098294884,50,20,20
34,4173,0.12021732701776221,0.007486290617328276,0.2490477818122848,0.6232486005526244,50,20,20
34,4174,0.12021732701776221,0.007486290617205984,0.2490477685550977,0.6232486138099338,50,20,20
34,4175,0.12021732701776261,0.007486290617205984,0.24905102976255444,0.6232453526024766,50,20,20
34,4176,0.12021732701776258,0.007486290617084812,0.24886446852887034,0.6234319138362819,50,20,20
34,4177,0.12021732701776261,0.007486290617207073,0.24886679805860415,0.6234295843064259,50,20,20
34,4178,0.12021732701776103,0.007486290617207035,0.24873362882862945,0.6235627535364023,50,20,20
34,4179,0.12021732701767032,0.007486290617206962,0.2487339569659803,0.6235624253991423,50,20,20
34,4180,0.12021732701767034,0.007486290617206999,0.24892050787805928,0.6233758744870632,50,20,20
34,4181,0.12021732701767035,0.00748629061732929,0.24892386039395614,0.6233725219710441,50,20,20
34,4182,0.12021732658652223,0.007486212355138763,0.24892393908305682,0.6233725219752817,50,20,20
34,4183,0.1202173265865222,0.007486212355138761,0.24892067681657323,0.6233757842417652,50,20,20
34,4184,0.13391102143764871,0.0074862068622995,0.2352269876813453,0.6233757840187064,50,20,20
34,4185,0.14307561639322935,0.00748620124964951,0.22606239881596532,0.6233757835411561,50,20,20
34,4186,0.15196478842940797,0.007486201149171419,0.21725888720827122,0.6232901232131496,50,20,20
34,4187,0.15196478842940797,0.00748620114917138,0.21725774813958018,0.623291262281841,50,20,20
34,4188,0.15196478842949906,0.00748620114917138,0.21725853562857736,0.6232904747927526,50,20,20
34,4189,0.15196478842949745,0.0074862011491692755,0.2172124257954824,0.6233365846258512,50,20,20
34,4190,0.15196478842952024,0.007486201149171459,0.2172124848953458,0.6233365255259626,50,20,20
34,4191,0.15196478843081798,0.007486201149171459,0.2170794481543432,0.6234695622656674,50,20,20
34,4192,0.14389313563735828,0.007486212650344253,0.22515108897984631,0.6234695627324512,50,20,20
34,4193,0.14389313563735828,0.007486212650342121,0.22501792264174902,0.6236027290705506,50,20,20
34,4194,0.14156986017409068,0.007486214483299533,0.22734119567974653,0.6236027296628629,50,20,20
34,4195,0.14156986017409068,0.007486214483299534,0.2273412116749562,0.6236027136676533,50,20,20
34,4196,0.14156986017408907,0.007486214483297389,0.22733871914570472,0.6236052061969084,50,20,20
34,4197,0.1415698601740222,0.007486214483414632,0.22746891637411967,0.6234750089684432,50,20,20
34,4198,0.14156986017399803,0.007486214483293135,0.22740016124112927,0.6235437641015793,50,20,20
34,4199,0.14156986017399842,0.007486214483415427,0.22740351376242385,0.623540411580162,50,20,20
34,4200,0.14156986017399847,0.007486214483417574,0.22740681672128524,0.6235371086212984,50,20,20
34,4201,0.14156986017399845,0.00748621448329532,0.22740350574483478,0.6235404195978712,50,20,20
34,4202,0.1415698601727007,0.0074862144832973905,0.22740572808291235,0.6235381972610893,50,20,20
34,4203,0.14156986017270032,0.007486214483175138,0.2274024338487131,0.6235414914954113,50,20,20
34,4204,0.14156986017267795,0.007486214483294126,0.22758889544104857,0.6233550299029791,50,20,20
34,4205,0.14156986017267795,0.007486214483294125,0.2275889086994449,0.6233550166445828,50,20,20
34,4206,0.13338652659187936,0.007486214693615601,0.23577221349135385,0.623355045223151,50,20,20
34,4207,0.1337902409510257,0.007486436682896672,0.24265800433479223,0.6160653180312853,50,20,20
34,4208,0.13379024095093464,0.0074864366828966715,0.24265717688422014,0.6160661454819484,50,20,20
34,4209,0.1337902409509346,0.0074864366827743735,0.24265484635302934,0.6160684760132614,50,20,20
34,4210,0.13379014210381202,0.007486437018029066,0.22579568471023204,0.6329277361679269,50,20,20
34,4211,0.13382444801633148,0.007101035257251927,0.22614677590612703,0.6329277408202898,50,20,20
34,4212,0.13382444801633148,0.007101035257249855,0.22614772623477272,0.6329267904916461,50,20,20
34,4213,0.13382444801633245,0.007101035257249886,0.22918311401050018,0.6298914027159176,50,20,20
34,4214,0.141717275104312,0.00710104495305142,0.22129025934786642,0.6298914205947707,50,20,20
34,4215,0.1417172754257311,0.007101140626805822,0.22129079494424167,0.6298907890032217,50,20,20
34,4216,0.14043698294601964,0.007167723487937404,0.22307375679686628,0.6293215367691775,50,20,20
34,4217,0.14043613459003382,0.007167529664059556,0.22307454474573288,0.6293217910001747,50,20,20
34,4218,0.1404399480570628,0.007167529617242565,0.22307004227149768,0.6293224800541981,50,20,20
34,4219,0.14977324856244034,0.007166829564609373,0.21372540055197953,0.6293345213209718,50,20,20
34,4220,0.1312195668220358,0.007166832933113777,0.23227909399734245,0.6293345062475081,50,20,20
34,4221,0.1476957965814315,0.007098132937727327,0.21587731061888527,0.6293287598619568,50,20,20
34,4222,0.14769579658143145,0.007098132937727289,0.21587723907339357,0.6293288314074484,50,20,20
34,4223,0.14769579658145385,0.007098132937729398,0.21587724071867168,0.6293288297621459,50,20,20
34,4224,0.1476957965814535,0.007098132937610373,0.21569077810903045,0.6295152923719065,50,20,20
34,4225,0.1476847597811571,0.007098132937611423,0.2157018149088018,0.6295152923724305,50,20,20
34,4226,0.1476847597811571,0.007098132937611421,0.21570393789254022,0.6295131693886921,50,20,20
34,4227,0.14768475978115708,0.007098132937609275,0.21570171558872026,0.6295153916925141,50,20,20
34,4228,0.14768475978115708,0.007098132937611421,0.2157050195349726,0.6295120877462597,50,20,20
34,4229,0.15120652271523696,0.007098132937599686,0.21218325660408957,0.6295120877430744,50,20,20
34,4230,0.1481933080337414,0.007098135167242301,0.2151971583205573,0.6295113984784598,50,20,20
34,4231,0.1481933080337418,0.007098135167244447,0.21520042035352444,0.6295081364454901,50,20,20
34,4232,0.14819330803374184,0.00709813516724234,0.21519717265387395,0.6295113841451427,50,20,20
34,4233,0.14819330803374184,0.0070981351672444485,0.21519486860779147,0.6295136881912231,50,20,20
34,4234,0.14819330803374184,0.0070981351672444485,0.2151948698994401,0.6295136868995747,50,20,20
34,4235,0.14819330803374184,0.0070981351672423035,0.215191567645583,0.6295169891534339,50,20,20
34,4236,0.15650875868353611,0.007098135167209081,0.20687611699545408,0.6295169891538022,50,20,20
34,4237,0.15650875868353575,0.007098135167209081,0.20687759447208784,0.6295155116771688,50,20,20
34,4238,0.15675063878679235,0.0070981482649732685,0.2066322606596801,0.6295189522885549,50,20,20
34,4239,0.15675063878679235,0.007098148264975399,0.20676461666676665,0.6293865962814662,50,20,20
34,4240,0.15675063878679235,0.007098148264975385,0.20689772219679042,0.6292534907514425,50,20,20
34,4241,0.1567506387867908,0.007098148264975347,0.20689930879551902,0.6292519041527156,50,20,20
34,4242,0.1567506387867924,0.007098148264975309,0.20689686192541326,0.6292543510228197,50,20,20
34,4243,0.15675063878681508,0.007098148264975348,0.20696174379481438,0.6291894691533958,50,20,20
34,4244,0.15675063878681514,0.007098148264975386,0.20696172811139296,0.6291894848368171,50,20,20
34,4245,0.15675063878690618,0.007098148264975424,0.20696408674851074,0.6291871261996083,50,20,20
34,4246,0.15670659148280858,0.007098147939933845,0.2030857729401604,0.6331094876370981,50,20,20
34,4247,0.15670659148271754,0.007098147939933844,0.20308343172631269,0.6331118288510368,50,20,20
34,4248,0.15670657364546214,0.007098147604678076,0.1999457528373447,0.6362495259125159,50,20,20
34,4249,0.15670657364548135,0.00709816669005348,0.20309432914139003,0.6331009305230758,50,20,20
34,4250,0.15669792251606338,0.007098546245854212,0.2031026007478093,0.6331009304902738,50,20,20
34,4251,0.15669792251606338,0.007098546245854212,0.20310258405584944,0.6331009471822336,50,20,20
34,4252,0.13686677709077663,0.007098546248891185,0.22293366074711304,0.6331010159132204,50,20,20
34,4253,0.13686677709075387,0.007098546248891186,0.22293270843019145,0.6331019682301648,50,20,20
34,4254,0.1368667770906628,0.007098546248889004,0.22293261007813167,0.6331020665823179,50,20,20
34,4255,0.14710566513721315,0.007098545237771946,0.21270910676712163,0.6330866828578945,50,20,20
34,4256,0.14710566513721315,0.0070985452377740925,0.21271145848502526,0.6330843311399884,50,20,20
34,4257,0.14711000925809445,0.026055532328489384,0.19375058343425638,0.6330838749791609,50,20,20
34,4258,0.1453677802412626,0.026055519221319122,0.19549624500292673,0.6330804555344927,50,20,20
34,4259,0.1453721343724445,0.026055526533602377,0.19548989635868633,0.6330824427352671,50,20,20
34,4260,0.14537213437244412,0.026055526533600232,0.1954865943883399,0.6330857447056161,50,20,20
34,4261,0.15405493838354878,0.0260555150293956,0.18680380236293526,0.6330857442241202,50,20,20
34,4262,0.15404321851816288,0.02605551503397127,0.1868154758945693,0.6330857905532963,50,20,20
34,4263,0.1531497280962252,0.026055501759381917,0.18770901097512546,0.633085759169267,50,20,20
34,4264,0.15263700884329054,0.02605550176253836,0.1882217293812656,0.6330857600129051,50,20,20
34,4265,0.15263700884329054,0.026055501762538395,0.18822178632607117,0.6330857030680994,50,20,20
34,4266,0.15069212857796074,0.02605550180426303,0.19016666654955594,0.6330857030682198,50,20,20
34,4267,0.15036630371346782,0.026055646356244782,0.19049165768655402,0.6330863922437328,50,20,20
34,4268,0.1586973462230421,0.026055639110754057,0.18216261082818103,0.6330844038380223,50,20,20
34,4269,0.15869734622304207,0.026055639110751913,0.18216025876441358,0.6330867559017919,50,20,20
34,4270,0.15869734622304207,0.026055639110751913,0.18216025806569633,0.6330867566005091,50,20,20
34,4271,0.15869734622304207,0.02605563911075199,0.18216260843818255,0.6330844062280228,50,20,20
34,4272,0.17018854223528823,0.026055649298791995,0.170671352488125,0.6330844559777943,50,20,20
34,4273,0.17018854223528823,0.026055649298791922,0.17066900181061442,0.6330868066553049,50,20,20
34,4274,0.17018854252920682,0.02605564929891338,0.17061584014377804,0.6331399680281012,50,20,20
34,4275,0.15363749345561653,0.02605573742024506,0.1871667941653149,0.6331399749588222,50,20,20
34,4276,0.15363749345561653,0.026055737420245136,0.18716914410333477,0.6331376250208023,50,20,20
34,4277,0.15363749345432745,0.026055737413319964,0.1870355178315979,0.6332712513007533,50,20,20
34,4278,0.15390882263611444,0.026055592862912688,0.18676502236868633,0.6332705621322853,50,20,20
34,4279,0.15390882263611483,0.02605559286303495,0.18676504250892706,0.6332705419919218,50,20,20
34,4280,0.15390882263611483,0.02605559286303491,0.1867650022781172,0.6332705822227319,50,20,20
34,4281,0.15390882263611483,0.02605559286303491,0.18676496251131158,0.6332706219895375,50,20,20
34,4282,0.15390882263611486,0.02605559286303495,0.18676501915881744,0.6332705653420317,50,20,20
34,4283,0.15390882263611488,0.026055592863157243,0.18676837069320879,0.6332672138075182,50,20,20
34,4284,0.15390882264109854,0.026055592863157204,0.1875085546525613,0.6325270298431821,50,20,20
34,4285,0.15390882264125755,0.02605559286339955,0.18689017586201506,0.6331454086333269,50,20,20
34,4286,0.13412098653739177,0.026055700297908536,0.205750381626255,0.6340729315384445,50,20,20
34,4287,0.13412098653739177,0.026055700297908536,0.20575263507285693,0.6340706780918425,50,20,20
34,4288,0.13386997736459583,0.026055719815815642,0.20600353169933253,0.6340707711202559,50,20,20
34,4289,0.1338699773645958,0.026055719815815642,0.20600677613807183,0.6340675266815167,50,20,20
34,4290,0.1338699773645958,0.026055719815815642,0.20600677573721204,0.6340675270823765,50,20,20
34,4291,0.1338699773645946,0.026055719815815656,0.20587368076843116,0.6342006220511588,50,20,20
34,4292,0.11709149231161932,0.026056514916928727,0.2226475132296295,0.6342044795418225,50,20,20
34,4293,0.11709149231161936,0.026056514916928765,0.22264986314339252,0.6342021296280593,50,20,20
34,4294,0.11709149231161936,0.026056514916928727,0.22264982159889676,0.6342021711725551,50,20,20
34,4295,0.11709149231161929,0.02605651491692869,0.22264982427524807,0.6342021684962039,50,20,20
34,4296,0.11709149231162085,0.026056514916930795,0.22264982543654135,0.6342021673349071,50,20,20
34,4297,0.11536665499203927,0.026056635106308974,0.22437396858913183,0.6342027413125186,50,20,20
34,4298,0.11536665499206203,0.026056635106311118,0.22437628465688944,0.6342004252447362,50,20,20
34,4299,0.11536231053668827,0.02709899952470876,0.2233382648467148,0.634200425091887,50,20,20
34,4300,0.11536231053668823,0.02709899952470876,0.22333592293952859,0.6342027669990731,50,20,20
34,4301,0.11536231053668983,0.027098999524708765,0.22333484367318188,0.6342038462654181,50,20,20
34,4302,0.1153235765437367,0.02749297237631384,0.2239071773038212,0.633276273776127,50,20,20
34,4303,0.11532357654373632,0.027492972376311695,0.22390710579591272,0.6332763452840381,50,20,20
34,4304,0.11532357654373787,0.02749297237631168,0.22403792048649884,0.6331455305934505,50,20,20
34,4305,0.1153235765437379,0.02749297237631168,0.22403873164657045,0.6331447194333788,50,20,20
34,4306,0.11532357654373632,0.02749297237630959,0.22390562283071777,0.6332778282492352,50,20,20
34,4307,0.11289949847149845,0.027492157880687217,0.2263344661576543,0.633273877490159,50,20,20
34,4308,0.11289949847155338,0.03102155052965062,0.22280507670991997,0.6332738742888749,50,20,20
34,4309,0.11289949847155341,0.031021534848261475,0.22280509239126037,0.6332738742889237,50,20,20
34,4310,0.11289949847155338,0.031021534848259365,0.2228027603022083,0.6332762063779779,50,20,20
34,4311,0.11314743766920486,0.031021534841442957,0.22255488984160865,0.6332761376477429,50,20,20
34,4312,0.11314743766922762,0.031021534841443,0.2225559889056727,0.6332750385836562,50,20,20
34,4313,0.11376150600363796,0.03102257890971056,0.2219358986771303,0.6332800164095205,50,20,20
34,4314,0.11376150600745126,0.031022578914831546,0.22724523495665663,0.6279706801210602,50,20,20
34,4315,0.11376150571353266,0.031022578914710084,0.2271118862300078,0.6281040291417491,50,20,20
34,4316,0.11352276106998843,0.03102338891522352,0.22734982145396757,0.6281040285608201,50,20,20
34,4317,0.11352276106998843,0.03102338891522352,0.2273498633810418,0.6281039866337459,50,20,20
34,4318,0.1135218009580805,0.03102338891601837,0.22735082349202224,0.6281039866338783,50,20,20
34,4319,0.11352177872344182,0.030629406790185828,0.22774482803049417,0.6281039864558777,50,20,20
34,4320,0.1135217787182992,0.030629406789945635,0.22756156058923707,0.6282872539025175,50,20,20
34,4321,0.113521778718298,0.030629406790065795,0.22756007733952666,0.6282887371521091,50,20,20
34,4322,0.09658144165030808,0.0306294070063226,0.24450035643442028,0.6282887949089487,50,20,20
34,4323,0.09658144165030767,0.0306294070062003,0.24449912442612373,0.6282900269173681,50,20,20
34,4324,0.0965814416503077,0.030629407006200267,0.24450033627622056,0.6282888150672714,50,20,20
34,4325,0.0965814416503077,0.030629407006200267,0.24450037621359988,0.6282887751298919,50,20,20
34,4326,0.10835583653352739,0.030629027457468188,0.23272635988647725,0.6282887761225274,50,20,20
34,4327,0.10835583689731022,0.03062902745747871,0.24796375795258893,0.6130513776926222,50,20,20
34,4328,0.10835583693716158,0.030629027457480074,0.24962267480920702,0.6113924607961521,50,20,20
34,4329,0.10835583693725263,0.030629027457484366,0.24962506560610848,0.6113900699991551,50,20,20
34,4330,0.1083591200384766,0.030629027457443114,0.24962178250525274,0.6113900699988276,50,20,20
34,4331,0.10828630811123166,0.030628907028285593,0.24969444468512073,0.6113903401753618,50,20,20
34,4332,0.10828630811123163,0.030628907028405455,0.24960742620246543,0.6114773586578972,50,20,20
34,4333,0.10828630811123002,0.03062890702840542,0.24960662790999968,0.6114781569503646,50,20,20
34,4334,0.10835018515732857,0.030628907026846328,0.24954275065288933,0.611478157162936,50,20,20
34,4335,0.10835018515732857,0.030628907026724335,0.24949664427493323,0.611524263541014,50,20,20
34,4336,0.12706840935413136,0.030628907192599447,0.23077844353087304,0.611524239922396,50,20,20
34,4337,0.1290137074771417,0.030628907150874823,0.2288331454497077,0.6115242399222757,50,20,20
34,4338,0.12901370789867847,0.031023728180152282,0.22843832399575778,0.6115242399254109,50,20,20
34,4339,0.1290137078986557,0.031023728180152244,0.22843716868859498,0.6115253952325965,50,20,20
34,4340,0.1290137078986541,0.031023728180150062,0.22843707045401762,0.6115254934671778,50,20,20
34,4341,0.12901370789865413,0.031023728180150104,0.2284378812351907,0.6115246826860046,50,20,20
34,4342,0.12901370789865452,0.0310237281802724,0.22844023552506973,0.6115223283960026,50,20,20
34,4343,0.12901023789807048,0.03102372818031435,0.2284437055217452,0.6115223283998693,50,20,20
34,4344,0.12901023789804772,0.03102372818031221,0.2284446338964186,0.6115214000252209,50,20,20
34,4345,0.12901023789804766,0.03102372818031006,0.2284413878672018,0.6115246460544398,50,20,20
34,4346,0.13722849246157978,0.03102372817304601,0.22022313428337725,0.6115246450819956,50,20,20
34,4347,0.1364497873428102,0.031023638654315625,0.22100193644388863,0.6115246375589839,50,20,20
34,4348,0.13644978734281024,0.031023638654315698,0.22100523884124226,0.6115213351616302,50,20,20
34,4349,0.1544645204555212,0.03102363822012828,0.20299050615587322,0.6115213351684761,50,20,20
34,4350,0.1544645204555212,0.03102363822012828,0.20298726172226295,0.6115245796020862,50,20,20
34,4351,0.15568200388762285,0.031023638055946576,0.2017697754985882,0.611524582557841,50,20,20
34,4352,0.15564854591349642,0.031020670681722082,0.20180645990579874,0.6115243234989818,50,20,20
34,4353,0.1556485459134964,0.031020670681722005,0.20180319802885438,0.6115275853759262,50,20,20
34,4354,0.14718193365858787,0.03102067088438644,0.21026983065692895,0.6115275648000964,50,20,20
34,4355,0.15721299779037948,0.031019637543955262,0.2002418289680005,0.6115255356976638,50,20,20
34,4356,0.1572129977903795,0.0310196375439553,0.2002451324835542,0.61152223218211,50,20,20
34,4357,0.15721299778656622,0.03101963753883427,0.1949365497432147,0.6168308149313837,50,20,20
34,4358,0.15720127765926425,0.031019637685972455,0.1949482497449077,0.6168308349098546,50,20,20
34,4359,0.15720127765935513,0.031019637685972448,0.19499205200346906,0.6167870326512022,50,20,20
34,4360,0.15720127765935513,0.031019637685972486,0.194992052734692,0.6167870319199792,50,20,20
34,4361,0.15720127765944622,0.03101963768597463,0.19499286727353682,0.6167862173810411,50,20,20
34,4362,0.1572012776594466,0.031019637685976778,0.1949929076783815,0.616786176976194,50,20,20
34,4363,0.1572012776594466,0.03101963768597674,0.19499041601583988,0.6167886686387357,50,20,20
34,4364,0.15720127765935596,0.031019637685972486,0.1949880831821895,0.616791001472481,50,20,20
34,4365,0.15720127765935596,0.03101963768597249,0.19498804320416596,0.6167910414505045,50,20,20
34,4366,0.15720127765935715,0.03101963768597249,0.19498805577181788,0.6167910288828513,50,20,20
34,4367,0.15720127765935715,0.031019637685972486,0.1949847937831896,0.6167942908714796,50,20,20
34,4368,0.15720127765937833,0.0310196376859746,0.19498810072180187,0.6167909839328442,50,20,20
34,4369,0.15720127765937833,0.03101963768609577,0.19517460472069537,0.6166044799338294,50,20,20
34,4370,0.1572012776593799,0.031019637686095735,0.19517537434229673,0.6166037103122265,50,20,20
34,4371,0.1572012776594766,0.031019637686095735,0.21368518589669955,0.5980938987577271,50,20,20
34,4372,0.1572012776594766,0.031019637686095704,0.21368189872305735,0.5980971859313692,50,20,20
34,4373,0.157201277659482,0.018108105625055798,0.22659343078412403,0.5980971859313376,50,20,20
34,4374,0.157201277659482,0.018108105625055798,0.22659339088783148,0.5980972258276303,50,20,20
34,4375,0.16568340165475928,0.018108104351795093,0.21811417184008594,0.598094322153359,50,20,20
34,4376,0.16568340165475928,0.018108104351795093,0.2181141721925247,0.5980943218009204,50,20,20
34,4377,0.16568340165475928,0.018108104351795055,0.21811411524772786,0.5980943787457172,50,20,20
34,4378,0.16566594022557285,0.018108104351755073,0.21813157667713562,0.5980943787455363,50,20,20
34,4379,0.1656659402255517,0.01810810435187496,0.21817435744759464,0.5980515979749785,50,20,20
34,4380,0.16864516999201978,0.018108102122997693,0.215195129922751,0.5980515979622314,50,20,20
34,4381,0.16864516999201976,0.018108102122997655,0.21519517193484458,0.5980515559501378,50,20,20
34,4382,0.17057127997161475,0.018108102121569353,0.21326906196354461,0.5980515559432711,50,20,20
34,4383,0.17057127997161475,0.018108102121569353,0.21326907864319988,0.5980515392636159,50,20,20
34,4384,0.17057235417850497,0.018108102121569353,0.2132680044363097,0.5980515392636159,50,20,20
34,4385,0.17057235417850497,0.018108102121569353,0.21327133104349102,0.5980482126564343,50,20,20
34,4386,0.17057235379014934,0.017720242910293876,0.21365918027432418,0.5980482230252323,50,20,20
34,4387,0.17057255603623767,0.017720242916160513,0.1968624295714302,0.6148447714761717,50,20,20
34,4388,0.15186720860800113,0.01772024630778928,0.21556781924213086,0.6148447258420774,50,20,20
34,4389,0.15111178418489607,0.017720256107250962,0.216323207254283,0.6148447524535691,50,20,20
34,4390,0.14279684537560974,0.017720256111006354,0.22463650402876859,0.614846394484615,50,20,20
34,4391,0.14279684537570078,0.017720256111008536,0.2246398232090041,0.6148430753042863,50,20,20
34,4392,0.14279684537570078,0.017720256111008574,0.2246398075133632,0.6148430909999271,50,20,20
34,4393,0.14279684537579185,0.017720256111008612,0.22464061872967153,0.6148422797835277,50,20,20
34,4394,0.12359159598619536,0.01772156419385101,0.2438382161869061,0.6148486236330474,50,20,20
34,4395,0.12218349178529588,0.01772156419342718,0.2452479370534454,0.6148470069678315,50,20,20
34,4396,0.12218349178529589,0.017721564193304888,0.24524464276837538,0.6148503012530235,50,20,20
34,4397,0.12218451992005042,0.01772143706763144,0.2452437416171583,0.61485030139516,50,20,20
34,4398,0.12218451992007152,0.01772143706751155,0.2452626132951757,0.6148314297172414,50,20,20
34,4399,0.12593224485965573,0.01772143706418133,0.2415149131179199,0.6148314049582432,50,20,20
34,4400,0.1282790727205794,0.017721437104887966,0.23916807949382474,0.6148314106807082,50,20,20
34,4401,0.13003010153833,0.017721437108933927,0.23741705067169633,0.6148314106810403,50,20,20
34,4402,0.13003010153873187,0.01772156150079915,0.23890630228676724,0.6133420346737021,50,20,20
34,4403,0.13003010153864086,0.017721561500796967,0.2389037940468656,0.613344542913697,50,20,20
34,4404,0.1305541461437424,0.017721554147460395,0.23837911119081123,0.6133451885179863,50,20,20
34,4405,0.1305541461437424,0.01772155414746036,0.23837906995672875,0.6133452297520688,50,20,20
34,4406,0.13055414603204288,0.017714483912310813,0.21852242811107764,0.6332089419445684,50,20,20
34,4407,0.1326468045802155,0.017721136950881178,0.21642257447788282,0.6332094839910202,50,20,20
34,4408,0.13264680458021708,0.017721136950883284,0.21642336448022143,0.633208693988678,50,20,20
34,4409,0.1315169833131582,0.01771448366436805,0.2175604145548575,0.633208118467616,50,20,20
34,4410,0.1315169941310447,0.017707510357465605,0.21756737722635894,0.6332081182851302,50,20,20
34,4411,0.13151605642835068,0.018102233717896283,0.21717359170456235,0.6332081181491902,50,20,20
34,4412,0.1315160564283503,0.01810223372481933,0.21726116210200327,0.6331205477448267,50,20,20
34,4413,0.13151605642825923,0.018102233724819294,0.21726036883466399,0.6331213410122571,50,20,20
34,4414,0.13724542351698632,0.018102233724817916,0.21153100235329336,0.6331213404049016,50,20,20
34,4415,0.13721090990960683,0.018102233469995857,0.2115655842719663,0.6331212723484309,50,20,20
34,4416,0.13438854763995292,0.018102238759630313,0.21433457518405405,0.6331746384163632,50,20,20
34,4417,0.13438854763995292,0.018102238759509143,0.21414805447584662,0.6333611591246917,50,20,20
34,4418,0.13438854767553254,0.01810224148960245,0.21173753320160518,0.6357716776332607,50,20,20
34,4419,0.13739785784795772,0.01810223619999611,0.2087815943865872,0.6357183115654601,50,20,20
34,4420,0.13739785784790198,0.02745806378226699,0.1994257668043715,0.6357183115654605,50,20,20
34,4421,0.13739785784790198,0.027458063782267065,0.1994280769421786,0.6357160014276533,50,20,20
34,4422,0.13739785783180142,0.027463084469195594,0.20183441158234625,0.6333046461166577,50,20,20
34,4423,0.13739785783180142,0.027463084469195594,0.20183441087132423,0.6333046468276795,50,20,20
34,4424,0.1373978578317787,0.02746308446919556,0.20176952800311743,0.633369529695909,50,20,20
34,4425,0.12012152079491946,0.027463084487122633,0.218745243362869,0.6336701513550894,50,20,20
34,4426,0.11990048729065565,0.027463084263035027,0.2188683795755904,0.6337680488707198,50,20,20
34,4427,0.11990689051812675,0.027483226477207037,0.21884008108367226,0.6337698019209947,50,20,20
34,4428,0.11990689051812518,0.027483226477204928,0.21897241615016239,0.6336374668545084,50,20,20
34,4429,0.11990689051812518,0.027483226477207093,0.2191055422585554,0.6335043407461131,50,20,20
34,4430,0.12003989011848698,0.027483227185797522,0.2192731601444374,0.6332037225512789,50,20,20
34,4431,0.12003989011848659,0.027483227185675214,0.2192723485456305,0.6332045341502085,50,20,20
34,4432,0.12003989011848659,0.027483227185675214,0.21927240512977278,0.6332044775660661,50,20,20
34,4433,0.12003989011839553,0.02748322718567307,0.21927159059092793,0.6332052921050041,50,20,20
34,4434,0.11828889130909051,0.027483227186649792,0.20687521108070828,0.647352670423552,50,20,20
34,4435,0.11828889130918156,0.027483227186651936,0.20687525248283353,0.6473526290213334,50,20,20
34,4436,0.11828889130927202,0.02748322719357712,0.20700816572884936,0.647219715768302,50,20,20
34,4437,0.11828888049786926,0.027483113348982107,0.2070082903848742,0.6472197157682749,50,20,20
34,4438,0.11828888020401535,0.02748311334218008,0.20687288389302938,0.6473551225607755,50,20,20
34,4439,0.11828951333922222,0.027483113342165674,0.20687225075424492,0.6473551225643674,50,20,20
34,4440,0.1154574555495919,0.029316267528651557,0.20786846695912228,0.6473578099626347,50,20,20
34,4441,0.11545745562307162,0.02931626752889455,0.208001837465949,0.6472244393820853,50,20,20
34,4442,0.11545745562318822,0.027848322836633112,0.20946978211357925,0.6472244394265998,50,20,20
34,4443,0.11545745562318825,0.02784832283675541,0.20947214263910496,0.6472220789009517,50,20,20
34,4444,0.11545745562316904,0.027848303751380005,0.20632356704709381,0.6503706735783575,50,20,20
34,4445,0.11545752877637479,0.02784830154058747,0.20632349551853874,0.6503706741644991,50,20,20
34,4446,0.11545752877637479,0.027848301540710767,0.2065076967953316,0.650186472887583,50,20,20
34,4447,0.11545752877637516,0.02784830154071291,0.20650923711662653,0.6501849325662854,50,20,20
34,4448,0.11545752877637516,0.027848301540589655,0.20632270561884591,0.6503714640641892,50,20,20
34,4449,0.11545752877637516,0.027848301540589655,0.2063226486769067,0.6503715210061284,50,20,20
34,4450,0.11545752877639796,0.027848301540593944,0.20632471371443656,0.6503694559685715,50,20,20
34,4451,0.11523919696693591,0.02784828879555716,0.20664095480073477,0.6502715594367722,50,20,20
34,4452,0.11523899431721206,0.02784828878967861,0.20350486297372247,0.6534078539193868,50,20,20
34,4453,0.11521565276941455,0.026015148103096578,0.20536016989804862,0.6534090292294394,50,20,20
34,4454,0.11521565276939177,0.026015148102974273,0.20536260239211607,0.6534065967355169,50,20,20
34,4455,0.11525023345888587,0.026015133881188212,0.20533190207572286,0.6534027305842021,50,20,20
34,4456,0.11525023345909327,0.026015340601719106,0.22212942782593242,0.6366049981132541,50,20,20
34,4457,0.11483185723109253,0.026015342464671826,0.22254778488013302,0.6366050154241022,50,20,20
34,4458,0.11444911839907114,0.02601403438102154,0.2229381758478759,0.6365986713720317,50,20,20
34,4459,0.11444911839907114,0.02601403438102154,0.2229381758478759,0.6365986713720317,50,20,20
34,4460,0.11444911839907114,0.02601403438102154,0.2229414589485362,0.6365953882713715,50,20,20
34,4461,0.11444911839904835,0.02601403438101725,0.22293937721905727,0.6365974700008776,50,20,20
34,4462,0.11444911840364876,0.026014034381125716,0.22521510029946687,0.6343217469157592,50,20,20
34,4463,0.11444089942501075,0.02603014865704859,0.22520895802310792,0.6343199938948333,50,20,20
34,4464,0.11444089942501118,0.026030148663973733,0.22533938036310347,0.6341895715479123,50,20,20
34,4465,0.11444089942501118,0.026030148663973813,0.22534019185532703,0.6341887600556886,50,20,20
34,4466,0.1158859078689698,0.026030148853807417,0.22389518333216837,0.634188759945055,50,20,20
34,4467,0.11588590786896978,0.02603014885380738,0.2238951828774909,0.6341887603997324,50,20,20
34,4468,0.11590237946151863,0.02603053697431487,0.22387647328019467,0.6341906102839722,50,20,20
34,4469,0.11574293664156307,0.026030677588713295,0.22403509375879951,0.6341912920109245,50,20,20
34,4470,0.11574293664156307,0.026030677588713295,0.22403629059498653,0.6341900951747376,50,20,20
34,4471,0.11567893003634705,0.026030677588713535,0.22410029720013822,0.6341900951748017,50,20,20
34,4472,0.11567893003634701,0.026030677588713535,0.22410031802926347,0.6341900743456764,50,20,20
34,4473,0.11567893003634755,0.026030538950323426,0.2241004567114037,0.634190074301926,50,20,20
34,4474,0.11567893003634755,0.026030538950323395,0.22410041581868426,0.6341901151946454,50,20,20
34,4475,0.11527007361477905,0.02603053938916541,0.2245091525939481,0.6341902344021082,50,20,20
34,4476,0.11495291435330056,0.026030398963793874,0.2248271307016751,0.6341895559812312,50,20,20
34,4477,0.11495291435330174,0.026030398963671576,0.22482708662303608,0.6341896000599911,50,20,20
34,4478,0.11495291435330174,0.02603039896379387,0.22483040309343622,0.6341862835894687,50,20,20
34,4479,0.1149529169836871,0.02603019224333464,0.22803277532927224,0.6309841154437061,50,20,20
34,4480,0.11495291698368713,0.02603019224333464,0.22803358576520621,0.6309833050077723,50,20,20
34,4481,0.11494613332016718,0.035746614698142054,0.21832394694412982,0.6309833050375606,50,20,20
34,4482,0.11494613332016718,0.03574661469814201,0.21838789626999047,0.6309193557117001,50,20,20
34,4483,0.11494613332016558,0.03574661469814198,0.2183856027307459,0.6309216492509464,50,20,20
34,4484,0.11519813172878869,0.0357462265740267,0.21813530438129194,0.6309203373158926,50,20,20
34,4485,0.11520222036771384,0.03574622657398476,0.21813121574627484,0.630920337312026,50,20,20
34,4486,0.11520222037429298,0.03574622657410924,0.2181328245509615,0.6309187285006358,50,20,20
34,4487,0.1152022203743836,0.0357462265671862,0.21800145274369728,0.6310501003147325,50,20,20
34,4488,0.1152022203743836,0.03574622656718621,0.21800475412556305,0.6310467989328667,50,20,20
34,4489,0.1152022203743852,0.035746226567188344,0.2180080351578134,0.6310435179006127,50,20,20
34,4490,0.1154515577724793,0.0357462239738115,0.21775939257748458,0.6310428256762244,50,20,20
34,4491,0.11545155776787888,0.03574622397382496,0.21554843081679184,0.6332537874415042,50,20,20
34,4492,0.11545155776787885,0.03574622397382496,0.21554767659858098,0.633254541659715,50,20,20
34,4493,0.11545155776778838,0.035746223966899776,0.21541400909950045,0.6333882091658112,50,20,20
34,4494,0.11545155776769932,0.03574622396701993,0.2154140739331042,0.6333881443321764,50,20,20
34,4495,0.1154515577677217,0.03574622396701993,0.21541182148779925,0.6333903967774589,50,20,20
34,4496,0.11518301464955488,0.03574622662639014,0.21333226863258922,0.6357384900914655,50,20,20
34,4497,0.11518301460611052,0.03574622396640303,0.21333184830677343,0.6357389131207127,50,20,20
34,4498,0.0982372016290877,0.03577458341003251,0.2302445598224447,0.6357436551384348,50,20,20
34,4499,0.09823720162908772,0.035774583410030376,0.23011374411971233,0.6358744708411694,50,20,20
34,4500,0.09823720162908932,0.03577458340990808,0.23011123885734605,0.6358769761036563,50,20,20
34,4501,0.09823711119690139,0.035379862789466456,0.2305060499161726,0.6358769760974599,50,20,20
34,4502,0.09823711119689978,0.03537986278946642,0.23050601892418185,0.6358770070894522,50,20,20
34,4503,0.098237111196877,0.03537986278946424,0.23050922278651867,0.6358738032271403,50,20,20
34,4504,0.09797563817180864,0.035379862795913264,0.2307706949360386,0.6358738040962397,50,20,20
34,4505,0.09797563817180864,0.03537986279591327,0.23076739354802278,0.6358771054842557,50,20,20
34,4506,0.09797563837605189,0.029763613661226183,0.23638334411939974,0.6358774038433229,50,20,20
34,4507,0.09797563838278517,0.029763489270042492,0.23638286693241756,0.6358780054147546,50,20,20
34,4508,0.09797504115691993,0.020211570912852705,0.2459353825938725,0.6358780053363549,50,20,20
34,4509,0.09797504115691832,0.020211570912852705,0.24593457209172276,0.6358788158385063,50,20,20
34,4510,0.09797504306358071,0.020211570958561277,0.24828292917288894,0.6335304568049689,50,20,20
34,4511,0.09797504306358071,0.020211570958561277,0.24828288616304395,0.6335304998148139,50,20,20
34,4512,0.09797504306357871,0.02021157095843898,0.2482804694587576,0.6335329165192245,50,20,20
34,4513,0.09797504306358035,0.02021157095843898,0.24832661640687256,0.6334867695711079,50,20,20
34,4514,0.09797504306358035,0.020211570958441123,0.24832986242361327,0.6334835235543652,50,20,20
34,4515,0.10873254392625392,0.020211570524678975,0.23757096774829708,0.6334849178007699,50,20,20
34,4516,0.1087325439262539,0.020211570524679014,0.23757021419659094,0.6334856713524762,50,20,20
34,4517,0.10873254551484511,0.020218500132406208,0.23756327282501435,0.6334856815277344,50,20,20
34,4518,0.10902106209180168,0.02021849994657081,0.23727475972841117,0.6334856782332166,50,20,20
34,4519,0.10902106209180167,0.020218499946570847,0.23727151415345674,0.633488923808171,50,20,20
34,4520,0.10902106209180168,0.020218499946570847,0.23727157139060714,0.6334888665710207,50,20,20
34,4521,0.10902118504334674,0.020750061646353794,0.23673910646072963,0.6334896468495702,50,20,20
34,4522,0.10902100305279895,0.02075006164133112,0.23088670905685793,0.6393422262490125,50,20,20
34,4523,0.1090210030540951,0.020750061641328976,0.2308842206044556,0.6393447147001209,50,20,20
34,4524,0.10902100298061537,0.020750061641085983,0.2307508500925798,0.6394780852857193,50,20,20
34,4525,0.10898612516203547,0.02075006163649006,0.2307857279369166,0.6394780852645592,50,20,20
34,4526,0.10603960092410838,0.020721702196626387,0.23376535358970887,0.6394733432895576,50,20,20
34,4527,0.10603960092410838,0.020721702196626387,0.23376210842544345,0.639476588453823,50,20,20
34,4528,0.10603960092401732,0.0207217021966242,0.23376314919617983,0.6394755476831799,50,20,20
34,4529,0.1060396009240157,0.020721702196624236,0.23371704273065957,0.6395216541487018,50,20,20
34,4530,0.1060397379656779,0.020527169084460343,0.23391142847872906,0.6395216644711338,50,20,20
34,4531,0.1060397379656779,0.020527169084338426,0.23384666696716533,0.6395864259828193,50,20,20
34,4532,0.1060397379656779,0.02052716908433846,0.23384666666238915,0.6395864262875952,50,20,20
34,4533,0.10603973796567785,0.020527169084338426,0.23384431673950312,0.639588776210481,50,20,20
34,4534,0.10603973796576892,0.020527169084338426,0.23378272527381025,0.6396503676760827,50,20,20
34,4535,0.10603973796576918,0.02052716908441802,0.24076764842388834,0.6326654445259248,50,20,20
34,4536,0.10603973796706326,0.02052716909137007,0.24082723107662696,0.6326058618649398,50,20,20
34,4537,0.10603973796697282,0.02052716908444492,0.24069356429569932,0.6327395286528831,50,20,20
34,4538,0.10603973796697322,0.02052716908456718,0.2406959241130447,0.6327371688354151,50,20,20
34,4539,0.10520899554922154,0.02052716925917868,0.24137489762989034,0.6328889375617094,50,20,20
34,4540,0.10520899554922154,0.02052716925917868,0.24137377849381225,0.6328900566977875,50,20,20
34,4541,0.10589436803016794,0.020527169084488754,0.24084017489958703,0.6327382879857563,50,20,20
34,4542,0.10636538334106184,0.02052716932859654,0.24036915934441794,0.6327382879859235,50,20,20
34,4543,0.10642934854691809,0.020527169328596793,0.24030519413862428,0.6327382879858605,50,20,20
34,4544,0.10642934854691809,0.020527169328596793,0.24049094305979998,0.6325525390646848,50,20,20
34,4545,0.10642934854691809,0.020527169328596793,0.24049094305979998,0.6325525390646848,50,20,20
34,4546,0.10642934854691809,0.020527169328596793,0.24030442464340282,0.632739057481082,50,20,20
34,4547,0.10642934854562036,0.020527169328598886,0.24043675716756963,0.6326067249582107,50,20,20
34,4548,0.10642947819418958,0.020527172383525704,0.2403893050128993,0.6326540444093852,50,20,20
34,4549,0.10642947819418959,0.020527172383647995,0.2403926565472906,0.6326506928748716,50,20,20
34,4550,0.08646478213017356,0.02052717264714819,0.2603573511337108,0.632650694088967,50,20,20
34,4551,0.08646478213017356,0.02052717264714819,0.2603572939162824,0.6326507513063955,50,20,20
34,4552,0.0864647821302419,0.02052717264726835,0.2602946916704883,0.6327133535520008,50,20,20
34,4553,0.08822390802560973,0.02052433303042886,0.2585387037143672,0.6327130552295935,50,20,20
34,4554,0.08822390802561106,0.02052433303035141,0.2515561184226504,0.6396956405213872,50,20,20
34,4555,0.08822390802561107,0.0205243330304737,0.25155947059305905,0.6396922883508562,50,20,20
34,4556,0.08822390802561107,0.0205243330304737,0.2515594698973271,0.6396922890465881,50,20,20
34,4557,0.08690020978064422,0.02052433302686956,0.2528846812157747,0.6396907759767114,50,20,20
34,4558,0.08690020978064426,0.02052433302674734,0.25288232164839336,0.639693135544215,50,20,20
34,4559,0.08690020978064267,0.020524333026745268,0.25288232050192017,0.6396931366906918,50,20,20
34,4560,0.08690020978064267,0.02052433302674531,0.25274921209304535,0.6398262450995665,50,20,20
34,4561,0.08690020978064267,0.020524333026745268,0.25274919539535,0.639826261797262,50,20,20
34,4562,0.08690020978055162,0.020524333026622973,0.25274681815792394,0.6398286390349014,50,20,20
34,4563,0.08690020978055162,0.020524333026622935,0.252744525152201,0.6398309320406244,50,20,20
34,4564,0.08690020978055162,0.020524333026622973,0.2527433435396664,0.6398321136531591,50,20,20
34,4565,0.08690020819207687,0.020517401162559304,0.25275028716746545,0.6398321034778989,50,20,20
34,4566,0.0869002081920769,0.02051740116267948,0.2526179893514528,0.6399644012937914,50,20,20
34,4567,0.0869002081920769,0.02051740116267948,0.2526179331083541,0.6399644575368901,50,20,20
34,4568,0.08690020819207814,0.02051740116255718,0.2526163268670555,0.6399660637783099,50,20,20
34,4569,0.08690008522109215,0.01998081604643422,0.2508049048501379,0.6423141938823365,50,20,20
34,4570,0.08690008522109215,0.019980816046556518,0.25080732159941377,0.6423117771329379,50,20,20
34,4571,0.08715733709216128,0.01998081579383098,0.2505500699782928,0.6423117771357153,50,20,20
34,4572,0.08715733709216168,0.01998081579395327,0.250553381979992,0.6423084651338934,50,20,20
34,4573,0.08715733709216168,0.019980815793831017,0.25055007123651596,0.6423117758774916,50,20,20
34,4574,0.08681598312402691,0.0199809584029017,0.2508912825955135,0.642311775877558,50,20,20
34,4575,0.08681585161875287,0.019980955355914657,0.2508920508181703,0.6423111422071629,50,20,20
34,4576,0.0868070616819669,0.019980955606980204,0.2509008393278655,0.6423111433831877,50,20,20
34,4577,0.08680706168196695,0.01998095560698231,0.25090092243360074,0.6423110602774504,50,20,20
34,4578,0.10560083202687337,0.019980955615916455,0.232107151265843,0.6423110610913675,50,20,20
34,4579,0.10586030308571243,0.019980955609469137,0.23184768105268325,0.6423110602521356,50,20,20
34,4580,0.10016230479812399,0.019980955632071293,0.23754529465507246,0.6423114449147319,50,20,20
34,4581,0.10016230474824846,0.019980955584592466,0.2198522447761793,0.6600044948909798,50,20,20
34,4582,0.1001623047482485,0.019980955584592466,0.21985305597110458,0.6600036836960546,50,20,20
34,4583,0.1001623047482485,0.019980955584590322,0.21985297157382677,0.6600037680933345,50,20,20
34,4584,0.09776610956567727,0.01998112866314631,0.22092877222512672,0.6613239895460502,50,20,20
34,4585,0.09776685452807916,0.01998112841200149,0.22092795936464782,0.6613240576952719,50,20,20
34,4586,0.09776685452807912,0.01998112841200145,0.22092794205389688,0.661324075006023,50,20,20
34,4587,0.0977668545281702,0.019981128412001524,0.22092801329023767,0.661324003769591,50,20,20
34,4588,0.09776685452807915,0.01998112841200149,0.22092484393279743,0.6613271731271222,50,20,20
34,4589,0.09776671711014372,0.019974095329486023,0.22093202475722065,0.6613271628031496,50,20,20
34,4590,0.09776671717252858,0.01997409533536566,0.22406502894692756,0.6581941585451784,50,20,20
34,4591,0.117593083933808,0.019974095074213157,0.20423866344210925,0.6581941575498688,50,20,20
34,4592,0.1175930839338999,0.019974095074337603,0.20424091191083324,0.6581919090809284,50,20,20
34,4593,0.11759308393390029,0.019974095074337637,0.20424097024004154,0.6581918507517196,50,20,20
34,4594,0.11759308393390029,0.019974095074337676,0.20424097157546128,0.6581918494163002,50,20,20
34,4595,0.11759308393390025,0.019974095074337676,0.20424328071442724,0.6581895402773342,50,20,20
34,4596,0.11759308393390025,0.019974095074337676,0.20424328069686723,0.6581895402948942,50,20,20
34,4597,0.1175930839338181,0.01997409506827583,0.20198706558089696,0.6604457554170086,50,20,20
34,4598,0.11759308393372621,0.019974095068151423,0.20198716702046582,0.660445653977656,50,20,20
34,4599,0.11759308393297668,0.019974095121248855,0.20433523686302363,0.6580975840827503,50,20,20
34,4600,0.11759308393297827,0.01997409512112871,0.20433307058638456,0.658099750359508,50,20,20
34,4601,0.11763251282483646,0.01997409512555599,0.1899044890641866,0.6724889029854205,50,20,20
34,4602,0.11763251282483646,0.019974095125556025,0.18990450843793533,0.6724888836116718,50,20,20
34,4603,0.11763251282483646,0.019974095125556025,0.18990448213740396,0.6724889099122032,50,20,20
34,4604,0.11763251282483646,0.01997409512555599,0.18990217176480712,0.6724912202848,50,20,20
34,4605,0.1176309569716924,0.01997409512566396,0.1899037276476924,0.6724912202549508,50,20,20
34,4606,0.11763095697169199,0.019974095125663883,0.18990369018240968,0.672491257720234,50,20,20
34,4607,0.11763095697169008,0.020000845347326948,0.18987693996074845,0.672491257720234,50,20,20
34,4608,0.11763095697178079,0.020000845347204657,0.18987444295020772,0.6724937547308063,50,20,20
34,4609,0.11763095697178079,0.020000845347083785,0.19685602404235772,0.665512173638777,50,20,20
34,4610,0.13737212977643137,0.020000845431522425,0.17711492030745393,0.665512104484591,50,20,20
34,4611,0.15195812344189932,0.02000084543260118,0.16252892663847607,0.665512104487022,50,20,20
34,4612,0.15195812344189932,0.02000084543260118,0.1625288694189846,0.6655121617065137,50,20,20
34,4613,0.15798421508503038,0.020000845406900378,0.15650316248990565,0.6655117770181623,50,20,20
34,4614,0.15798421508493932,0.020000845406900412,0.15650234885255424,0.6655125906556048,50,20,20
34,4615,0.1579842150849393,0.020000845406902522,0.1565024055955994,0.6655125339125576,50,20,20
34,4616,0.15924231541273343,0.020001585355351025,0.15524356322159902,0.6655125360103156,50,20,20
34,4617,0.15920288651364178,0.020001585350242244,0.1496760496426211,0.6711194784934941,50,20,20
34,4618,0.1592028865136422,0.020001585350242247,0.149679311637009,0.6711162164991058,50,20,20
34,4619,0.15920288653731313,0.01913006863326511,0.15055081969084352,0.6711162251385774,50,20,20
34,4620,0.15920288653731313,0.01913006863326511,0.1505508032865787,0.6711162415428423,50,20,20
34,4621,0.15920288647492828,0.019130068627387586,0.14741932283205778,0.6742477220656251,50,20,20
34,4622,0.15920288647509723,0.019130068572776434,0.12750993191236348,0.6941571130397618,50,20,20
34,4623,0.15920288647509725,0.019130068572776396,0.12751228952740634,0.6941547554247189,50,20,20
34,4624,0.15920288647509728,0.019130068572777124,0.12053065916096437,0.7011363857911604,50,20,20
34,4625,0.15920288647509728,0.01913006857277923,0.12053066031288642,0.7011363846392363,50,20,20
34,4626,0.15920288647509728,0.019130068572777086,0.12053066057254702,0.701136384379578,50,20,20
34,4627,0.1592028864750973,0.01913006857277705,0.12053297043578093,0.7011340745163441,50,20,20
34,4628,0.1592028864750973,0.019130068572774904,0.12053065960072905,0.7011363853513983,50,20,20
34,4629,0.15920288647500785,0.019130068572897122,0.12053393989904469,0.7011331050530497,50,20,20
34,4630,0.15920288647500785,0.019130068572897084,0.12053065750258783,0.7011363874495067,50,20,20
34,4631,0.1592028864750983,0.019130068579822267,0.120664341689374,0.7010027032557049,50,20,20
34,4632,0.1592028864750983,0.019130068579702106,0.12066584687061377,0.7010011980745853,50,20,20
34,4633,0.15920288647518938,0.01913006857970211,0.12066585027620819,0.7010011946688998,50,20,20
34,4634,0.1592028864752662,0.019130068585584664,0.12378824911520706,0.6978787958239414,50,20,20
34,4635,0.15920288647526623,0.019130068585584706,0.12378824906171296,0.6978787958774356,50,20,20
34,4636,0.15920288647526623,0.019130068585584706,0.12378826861394215,0.6978787763252063,50,20,20
34,4637,0.15920288647526662,0.019130068585584744,0.12378831267614716,0.6978787322630009,50,20,20
34,4638,0.15912295140936691,0.019130115440284576,0.12386775478524123,0.6978791783651068,50,20,20
34,4639,0.15912295140936691,0.019130115440284538,0.1238654621045827,0.6978814710457655,50,20,20
34,4640,0.16929950721304224,0.01913011543885937,0.11368890670403169,0.6978814706440662,50,20,20
34,4641,0.16929950718937142,0.019382467173137886,0.11343656363020237,0.6978814620072878,50,20,20
34,4642,0.16800872461583694,0.019382467351898868,0.11472725525796676,0.697881552774297,50,20,20
34,4643,0.16800872461583694,0.019382467351898868,0.11472721502534129,0.6978815930069224,50,20,20
34,4644,0.1680087246158369,0.019382467351898868,0.1147264040850387,0.6978824039472249,50,20,20
34,4645,0.1682656577533206,0.019382467262980953,0.11446947125025421,0.6978824037334437,50,20,20
34,4646,0.1682656577533206,0.019382467262980953,0.1144694310054229,0.6978824439782748,50,20,20
34,4647,0.1682656577533206,0.019382467262980953,0.11446612779220984,0.697885747191488,50,20,20
34,4648,0.1682656577533206,0.019382467262980953,0.11446608684659773,0.6978857881371,50,20,20
34,4649,0.16826565782702832,0.019382467262980953,0.11453776851913448,0.6978141063908556,50,20,20
34,4650,0.1494863386506815,0.019383160705079706,0.13331639503196324,0.6978141056122751,50,20,20
34,4651,0.1494863386506815,0.01938316070507756,0.13331635362708127,0.6978141470171592,50,20,20
34,4652,0.14948633865068148,0.019383160705079686,0.1335028855659418,0.6976276150782964,50,20,20
34,4653,0.1494863386506815,0.019383160705079724,0.13350618794849706,0.6976243126957411,50,20,20
34,4654,0.14948633865173766,0.019383160698264502,0.13570216410224942,0.6954283365477478,50,20,20
34,4655,0.14948633864515856,0.01938316069814006,0.13570304724010984,0.6954274534165912,50,20,20
34,4656,0.14948633864515856,0.019383160698140098,0.13570539786370425,0.6954251027929966,50,20,20
34,4657,0.14948633864967095,0.0193831607041758,0.13839619268986447,0.6927343079562879,50,20,20
34,4658,0.14948633864967095,0.0193831607041758,0.13839619268984854,0.6927343079563038,50,20,20
34,4659,0.149486338649671,0.01938316070417584,0.13839696365216228,0.69273353699399,50,20,20
34,4660,0.1494863386496694,0.019383160704173695,0.1383958356437328,0.6927346650024231,50,20,20
34,4661,0.13810814264975732,0.019382985842062085,0.15109442377555374,0.691414447732626,50,20,20
34,4662,0.1387486860895446,0.0193829856692552,0.15030147072997285,0.6915668575112264,50,20,20
34,4663,0.13874868608954619,0.01938298566925309,0.15029913898650601,0.6915691892546937,50,20,20
34,4664,0.13812015632456517,0.019383607379416988,0.15075814449307015,0.6917380918029465,50,20,20
34,4665,0.13786386749562893,0.01938887128144342,0.15100873656038766,0.6917385246625392,50,20,20
34,4666,0.13784991482839748,0.019388177859949268,0.151023382684775,0.6917385246268778,50,20,20
34,4667,0.13784991482839737,0.019996065422822742,0.15041549512181723,0.6917385246269622,50,20,20
34,4668,0.13784991482839737,0.019996065422822742,0.15041546741862313,0.6917385523301565,50,20,20
34,4669,0.13784991482390777,0.019996065416791328,0.14772479027330826,0.6944292294859925,50,20,20
34,4670,0.13784991482390774,0.019996065416789145,0.14772324889517433,0.6944307708641284,50,20,20
34,4671,0.13784991482390774,0.019996065416791272,0.14790980029804954,0.6942442194612509,50,20,20
34,4672,0.1378499164058059,0.019996063187672927,0.14787624944803043,0.6942777709584892,50,20,20
34,4673,0.1378499145395195,0.019998464965701002,0.14790740097171406,0.6942442195230637,50,20,20
34,4674,0.13784991453952106,0.019998464965703146,0.1479535379357015,0.6941980825590727,50,20,20
34,4675,0.13784991453951942,0.019998464965703146,0.1479527669663159,0.69419885352846,50,20,20
34,4676,0.1378499145395198,0.019998464965703146,0.1480142254160857,0.6941373950786898,50,20,20
34,4677,0.1378499145395194,0.01999846496570311,0.14801416713399282,0.694137453360783,50,20,20
34,4678,0.13784991453951978,0.019998464965705256,0.14801747009983568,0.6941341503949375,50,20,20
34,4679,0.14223477798064074,0.01999774069658925,0.14363333069488948,0.6941341506278789,50,20,20
34,4680,0.13733174288229655,0.019997598088107228,0.14853650824196393,0.6941341507876309,50,20,20
34,4681,0.1373317428822059,0.01999759808810933,0.1486012124296605,0.6940694466000228,50,20,20
34,4682,0.13733174288220587,0.01999759808810933,0.148601212424328,0.6940694466053554,50,20,20
34,4683,0.13733174288220587,0.01999759808810933,0.14860125336489122,0.6940694056647922,50,20,20
34,4684,0.12264830579125885,0.020005747426679647,0.16106190012060653,0.6962840466614534,50,20,20
34,4685,0.12264830579125881,0.020006019277832007,0.16106162827218423,0.6962840466587236,50,20,20
34,4686,0.12264830579125878,0.02000601927783201,0.161059277528402,0.6962863974025058,50,20,20
34,4687,0.12264830579134985,0.020006019277956425,0.16106010445668723,0.6962855704740051,50,20,20
34,4688,0.12265612592039667,0.020005397490787672,0.16122183031980608,0.6961166462690082,50,20,20
34,4689,0.12265612577772654,0.020002993546784777,0.16119057942303425,0.696150301252453,50,20,20
34,4690,0.12265612577772654,0.02000299354666248,0.16118820220049937,0.6961526784751102,50,20,20
34,4691,0.10430206450568924,0.02000299355780544,0.1795389652290244,0.6961559767074793,50,20,20
34,4692,0.10430206450568764,0.020002993557805406,0.1795389812040594,0.6961559607324463,50,20,20
34,4693,0.10430206450568605,0.020002993557803266,0.17949283100167548,0.6962021109348339,50,20,20
34,4694,0.10430206450568648,0.02000299355780327,0.1794961148319974,0.6961988271045115,50,20,20
34,4695,0.10268839519025795,0.02000373667543209,0.18111227710373756,0.6961955910305712,50,20,20
34,4696,0.10268839519025835,0.02000373667543205,0.18110905199822772,0.6961988161360806,50,20,20
34,4697,0.10268839519025835,0.020003736675432093,0.18110906527540496,0.6961988028589035,50,20,20
34,4698,0.1026883951903494,0.020003736682400054,0.18092742463150188,0.6963804434957475,50,20,20
34,4699,0.08818199640326967,0.020003754265202886,0.19542903151991212,0.6963852178116138,50,20,20
34,4700,0.08818199640326967,0.020003754265202886,0.19542899198099978,0.6963852573505261,50,20,20
34,4701,0.08818199680259202,0.02000387867589916,0.19546192905765833,0.6963521954638492,50,20,20
34,4702,0.08818199680259202,0.020003878675776906,0.1954586587796849,0.6963554657419447,50,20,20
34,4703,0.08818199680259164,0.020003878675778557,0.19772332650028798,0.6940907980213408,50,20,20
34,4704,0.08818199672888392,0.020003878675778523,0.19765160530392317,0.6941625192914134,50,20,20
34,4705,0.08818199672888392,0.020003878675778523,0.1976516058412754,0.6941625187540613,50,20,20
34,4706,0.08818199672888395,0.020003878675780667,0.1976516472460672,0.6941624773492673,50,20,20
34,4707,0.08818199672886118,0.020003878675776375,0.19765152927227966,0.6941625953230819,50,20,20
34,4708,0.08676887142351841,0.020003878482256324,0.19906465566304277,0.6941625944311818,50,20,20
34,4709,0.10108776981756341,0.019995729667739527,0.18696849956475028,0.6919480009499465,50,20,20
34,4710,0.10419453532562545,0.020010019554603506,0.18384742271097626,0.6919480224087945,50,20,20
34,4711,0.10419453532562505,0.020010019554603506,0.18384734572200823,0.6919480993977629,50,20,20
34,4712,0.10419453532562345,0.020010019554603468,0.18384730400423752,0.6919481411155353,50,20,20
34,4713,0.10419453532562507,0.020010019554605574,0.18389188096667936,0.6919035641530894,50,20,20
34,4714,0.10419453532562467,0.020010019554603464,0.18389188009531435,0.6919035650244569,50,20,20
34,4715,0.10246511304453414,0.020009279616867118,0.18562197515240683,0.6919036321861911,50,20,20
34,4716,0.10246511304324006,0.020009279609915113,0.18555912452333684,0.6919664828235073,50,20,20
34,4717,0.1031127816138419,0.020009279606983742,0.1850639565010194,0.6918139822781549,50,20,20
34,4718,0.10311278161384192,0.020009279606983777,0.18506399603746548,0.6918139427417088,50,20,20
34,4719,0.1031127816138419,0.02000927960698378,0.18506474858296845,0.6918131901962057,50,20,20
34,4720,0.10311278161384191,0.02000927960710608,0.18506716562004702,0.691810773159005,50,20,20
34,4721,0.10311278161384148,0.020009279607106037,0.1850638618099445,0.6918140769691078,50,20,20
34,4722,0.10311278161384145,0.020009279607103893,0.18506059908875744,0.6918173396902971,50,20,20
34,4723,0.10311278161384146,0.02000927960722619,0.1850629586008813,0.6918149801780507,50,20,20
34,4724,0.09429435871867506,0.019994999246706092,0.19389397845503642,0.6918166635795816,50,20,20
34,4725,0.09429435871987757,0.019994999239736043,0.19395408721357948,0.6917565548268062,50,20,20
34,4726,0.0947995364304805,0.019994999728507466,0.19344877630859802,0.6917566875324133,50,20,20
34,4727,0.09479953643048011,0.019994999728507466,0.1933840734702205,0.6918213903707909,50,20,20
34,4728,0.09479953643047973,0.01999499972850743,0.1933840734551608,0.6918213903858509,50,20,20
34,4729,0.11414444877746366,0.019994256599843774,0.17403996639476155,0.6918213282279302,50,20,20
34,4730,0.11414444877746364,0.01999425659984377,0.1740399528188708,0.691821341803821,50,20,20
34,4731,0.11414444877746364,0.01999425659984377,0.17422644666640594,0.6916348479562859,50,20,20
34,4732,0.11414444877746364,0.019994256599843774,0.17422644737742768,0.6916348472452641,50,20,20
34,4733,0.11414444877746366,0.019994256599843774,0.1742265046186385,0.6916347900040531,50,20,20
34,4734,0.11938780396685861,0.01999425659926861,0.16898314958963556,0.6916347898442361,50,20,20
34,4735,0.10844099754513788,0.019994263873994934,0.17992793042745503,0.6916368081534118,50,20,20
34,4736,0.12733668021913278,0.019994812164929238,0.16103169864358513,0.6916368089723518,50,20,20
34,4737,0.12733668021913278,0.0199948121649292,0.16084514813825693,0.6918233594776799,50,20,20
34,4738,0.12733668051493363,0.0199948121717787,0.16084889216187792,0.6918196151514087,50,20,20
34,4739,0.127335717479434,0.01998967509421927,0.1608554251373616,0.6918191822889844,50,20,20
34,4740,0.12733571747943398,0.01998967509421927,0.16085217886597877,0.6918224285603672,50,20,20
34,4741,0.12691860904328572,0.020010465567734222,0.16115101952368935,0.6919199058652897,50,20,20
34,4742,0.12691860904319446,0.020010465567731818,0.16119443549909526,0.6918764898899775,50,20,20
34,4743,0.1269197959277868,0.020023069486022983,0.16118064452651265,0.6918764900596766,50,20,20
34,4744,0.12691979592778718,0.0200230694861449,0.161245405463056,0.691811729123011,50,20,20
34,4745,0.11568137075566608,0.02002353701983804,0.16889536818302042,0.6953997240414747,50,20,20
34,4746,0.11568137075566648,0.02002353701983804,0.16889981709770027,0.6953952751267944,50,20,20
34,4747,0.11568137075557541,0.02002353701971362,0.16890223462050702,0.6953928576042032,50,20,20
34,4748,0.11568137075442882,0.0200235370196037,0.1665725752817485,0.6977225169442183,50,20,20
34,4749,0.11568137075442923,0.020023537019605846,0.16657583731471562,0.6977192549112488,50,20,20
34,4750,0.11568137075442923,0.020023537019605846,0.16657583729737216,0.6977192549285921,50,20,20
34,4751,0.11568137075442923,0.020023537019483548,0.16657342125936925,0.6977216709667172,50,20,20
34,4752,0.11629817060114873,0.02002353701937622,0.16595662139807196,0.6977216709814023,50,20,20
34,4753,0.1162981706011491,0.020023537019376224,0.1659566350217849,0.697721657357689,50,20,20
34,4754,0.11629817060114914,0.020023537019375842,0.16602504944386712,0.697653242935607,50,20,20
34,4755,0.11629817060124018,0.020023537019374236,0.1636989197494984,0.6999793726298863,50,20,20
34,4756,0.1273740947942722,0.020023529220545146,0.15262506834067818,0.6999773076445039,50,20,20
34,4757,0.12737409479427217,0.020023529220545146,0.15262506834579617,0.6999773076393859,50,20,20
34,4758,0.12737409479427217,0.020023529220545146,0.15262502881905485,0.6999773471661274,50,20,20
34,4759,0.12201889879553514,0.020023512058479714,0.1579850164437536,0.6999725727022308,50,20,20
34,4760,0.1220188987968327,0.020023512058602044,0.15798835657652516,0.6999692325680393,50,20,20
34,4761,0.1220188987968327,0.020023512058602085,0.15798835627985988,0.6999692328647045,50,20,20
34,4762,0.1365634767220333,0.020023515430993948,0.14341422160190276,0.6999987862450692,50,20,20
34,4763,0.13656347672194286,0.02002351543087245,0.14328104620144905,0.700131961645735,50,20,20
34,4764,0.13656347672194283,0.020023515430872413,0.14328104553388019,0.7001319623133039,50,20,20
34,4765,0.13656347672194274,0.020023515430872413,0.14328029195884337,0.7001327158883407,50,20,20
34,4766,0.13656347672194274,0.020023515430872378,0.14327703011432416,0.70013597773286,50,20,20
34,4767,0.13656347672194274,0.020023515430872378,0.14327700955731934,0.7001359982898647,50,20,20
34,4768,0.1365634767206508,0.020023515430872343,0.14321207140672138,0.7002009364417547,50,20,20
34,4769,0.11846388861858155,0.020022990637356096,0.16131207305358386,0.7002010476904788,50,20,20
34,4770,0.11846388861858158,0.020022990637358226,0.16144523870021937,0.7000678820438411,50,20,20
34,4771,0.11846388861858158,0.020022990637358188,0.16144753132831435,0.7000655894157459,50,20,20
34,4772,0.09898264262996113,0.020022990659090967,0.18092870803247224,0.7000656586784773,50,20,20
34,4773,0.09898264262996113,0.020022990659090967,0.18092874855288157,0.700065618158068,50,20,20
34,4774,0.09921333654881774,0.020002187661742634,0.18081803947018496,0.6999664363192555,50,20,20
34,4775,0.09921333654881735,0.020002187661742634,0.18081359201603564,0.6999708837734053,50,20,20
34,4776,0.0992133365487279,0.02000218766174049,0.1808103466469375,0.6999741291425952,50,20,20
34,4777,0.0992133365487279,0.02000218766186065,0.1806805325346919,0.7001039432547205,50,20,20
34,4778,0.09921333654872791,0.02000218766186065,0.18068054548025586,0.7001039303091565,50,20,20
34,4779,0.0992133365487279,0.020002187661738356,0.1806771932521528,0.7001072825373817,50,20,20
34,4780,0.09921333654743072,0.020002187661737197,0.1808604008252261,0.6999240749656068,50,20,20
34,4781,0.0992133365474531,0.02000218766173513,0.18085721357379334,0.6999272622170194,50,20,20
34,4782,0.11022386897585033,0.020001720137383137,0.173435142723483,0.6963392681632845,50,20,20
34,4783,0.11022386897585232,0.020001720144328054,0.17351220774555354,0.696262203134267,50,20,20
34,4784,0.11022386897585232,0.020001720144328054,0.17351455789514653,0.6962598529846741,50,20,20
34,4785,0.11022386897585232,0.020001720144328057,0.1735145186945699,0.6962598921852506,50,20,20
34,4786,0.11022386897585229,0.020001720144328054,0.17351455821797748,0.6962598526618433,50,20,20
34,4787,0.10960368904954422,0.020001720144435412,0.1741347373344577,0.6962598534715638,50,20,20
34,4788,0.10960368904954258,0.02000172014443327,0.1740901394825679,0.6963044513234573,50,20,20
34,4789,0.10610958174554275,0.020001673486821945,0.17749803586014365,0.6963907089074927,50,20,20
34,4790,0.12536024843542995,0.020001678495300417,0.15824743321044626,0.696390639858824,50,20,20
34,4791,0.12536094784001942,0.02000170471173966,0.15824677682950097,0.69639057061874,50,20,20
34,4792,0.12536094783999704,0.02000170471173966,0.15824673880531193,0.6963906086429514,50,20,20
34,4793,0.12536094783999704,0.02000170471173966,0.158246737823805,0.6963906096244584,50,20,20
34,4794,0.12536094783999707,0.020001704711861957,0.1582491143384004,0.6963882331097407,50,20,20
34,4795,0.1253609478399955,0.020001704711861957,0.15824911410040457,0.6963882333477381,50,20,20
34,4796,0.12560836951166837,0.02000167824056549,0.15800171890904358,0.6963882333387226,50,20,20
34,4797,0.12560836951175916,0.020001678240565566,0.15806644268931372,0.6963235095583616,50,20,20
34,4798,0.12560836951175916,0.020001678240565566,0.1580664406863819,0.6963235115612935,50,20,20
34,4799,0.12560836921595828,0.020001678233595915,0.1580626301646734,0.6963273223857723,50,20,20
34,4800,0.12536774795470132,0.020001680324242422,0.1583032497497726,0.6963273219712837,50,20,20
34,4801,0.12536245158962284,0.02000185767393169,0.15830836868403955,0.6963273220524059,50,20,20
34,4802,0.1253624511832131,0.020001733263170462,0.15657819377364882,0.6980576217799669,50,20,20
34,4803,0.1253624511832131,0.020001733263170424,0.15657586312983982,0.6980599524237762,50,20,20
34,4804,0.12536245118321315,0.020001733263170465,0.15657585808707375,0.6980599574665421,50,20,20
34,4805,0.12536245118321315,0.020001733263170503,0.15657912028269375,0.6980566952709222,50,20,20
34,4806,0.12536245162553755,0.020001735483012716,0.1583094070783202,0.6963264058131291,50,20,20
34,4807,0.12536245162553755,0.020001735483012678,0.15830936553879676,0.6963264473526527,50,20,20
34,4808,0.12536245162553755,0.02000173548301264,0.15830606410935688,0.6963297487820925,50,20,20
34,4809,0.1253612667625986,0.01998912663140209,0.15831985781190666,0.6963297487940914,50,20,20
34,4810,0.12536126676259862,0.019984527424154207,0.15832445701920245,0.6963297487940436,50,20,20
34,4811,0.12536126676259862,0.019984527424154172,0.15832440009196566,0.6963298057212804,50,20,20
34,4812,0.12597419730688572,0.019984527427448044,0.15771147035324348,0.6963298049124217,50,20,20
34,4813,0.1259741973068857,0.019984527427445976,0.15771467412836648,0.6963266011373007,50,20,20
34,4814,0.12597419730688378,0.019984527420501063,0.15763757866428998,0.696403696608324,50,20,20
34,4815,0.12597419730688336,0.019984527420379528,0.1575052130305768,0.6965360622421592,50,20,20
34,4816,0.12597419730688336,0.019984527420381596,0.15750426270203147,0.6965370125707024,50,20,20
34,4817,0.12597419730688336,0.0199845274203816,0.15750426271154738,0.6965370125611866,50,20,20
34,4818,0.12597419730688336,0.019984527420383705,0.15750177204535362,0.6965395032273785,50,20,20
34,4819,0.12597419730688456,0.019984527427232186,0.15732137157860937,0.6967199036872728,50,20,20
34,4820,0.1259741973069756,0.01998452742723215,0.15732139588096752,0.6967198793848236,50,20,20
34,4821,0.12597419730697562,0.01998452742723219,0.15732143384303718,0.6967198414227539,50,20,20
34,4822,0.12597419730697565,0.019984527427835522,0.17559048087083057,0.6784507943943572,50,20,20
34,4823,0.1251778539903613,0.019984503908499186,0.1763869002379834,0.6784507418631546,50,20,20
34,4824,0.12517785399027054,0.01998450390849911,0.1763245350620074,0.6785131070392214,50,20,20
34,4825,0.12517785399036005,0.019984503901651764,0.17631922486165624,0.6785184172463303,50,20,20
34,4826,0.11595750068586737,0.019985244635661356,0.18562553894650183,0.6784317157319681,50,20,20
34,4827,0.11595750068586737,0.019985244635661356,0.18562548325805742,0.6784317714204127,50,20,20
34,4828,0.11595750068581323,0.01998524462977884,0.18256545086279377,0.6814918038216128,50,20,20
34,4829,0.11595750068581483,0.019985244629778857,0.182425052965184,0.681632201719221,50,20,20
34,4830,0.11595750068581478,0.01998524462977889,0.18242504587725483,0.6816322088071501,50,20,20
34,4831,0.11595750068581707,0.01998524462977888,0.18796004002313185,0.6760972146612712,50,20,20
34,4832,0.11595750068711061,0.01998524462978102,0.18802479512434317,0.6760324595587643,50,20,20
34,4833,0.11595750068713376,0.01998524462978106,0.18802735171801047,0.6760299029650738,50,20,20
34,4834,0.11595557823188848,0.019985244632129896,0.18802927296743877,0.6760299041685417,50,20,20
34,4835,0.11595557823318613,0.019985244632250092,0.18802887659996162,0.676030300534601,50,20,20
34,4836,0.1159556185008588,0.019988327232214612,0.18974195103958091,0.6743141032273446,50,20,20
34,4837,0.11595561850085881,0.019988327232217405,0.19672688471690425,0.6673291695500189,50,20,20
34,4838,0.11595561850086039,0.01998832723918702,0.19673302478852078,0.667323029471431,50,20,20
34,4839,0.11618730416530335,0.019988322208961774,0.19650134436836922,0.6673230292573649,50,20,20
34,4840,0.11618730416655353,0.019988319773801774,0.1965013470657059,0.6673230289939382,50,20,20
34,4841,0.11618730416655353,0.019988319773801812,0.19650134807222205,0.6673230279874223,50,20,20
34,4842,0.10625087678842605,0.01998853289950341,0.20534998218197953,0.6684106081300899,50,20,20
34,4843,0.10625087678842608,0.019988532906456958,0.20535004230269524,0.6684105480024207,50,20,20
34,4844,0.10625087678842765,0.019988532906456996,0.20548321537803008,0.6682773749270844,50,20,20
34,4845,0.1062651279714017,0.019988533319923462,0.20546879451977962,0.668277544188894,50,20,20
34,4846,0.10779733783796379,0.019988533321611785,0.20393658586574193,0.6682775429746813,50,20,20
34,4847,0.10779733783796379,0.019988533321611785,0.20393658656450386,0.6682775422759193,50,20,20
34,4848,0.10779617640967537,0.019988533318368168,0.20393774802615222,0.6682775422458026,50,20,20
34,4849,0.10779617600189391,0.019988533636304692,0.20393773791729675,0.668277552444503,50,20,20
34,4850,0.10779617600189552,0.019988533636306823,0.20407088494301906,0.6681444054187771,50,20,20
34,4851,0.10779613573773897,0.030602657405398137,0.19347149841508188,0.6681297084417797,50,20,20
34,4852,0.10779613573771629,0.030602657405398095,0.1934067348323101,0.6681944720245743,50,20,20
34,4853,0.09460882641582023,0.030602995667578067,0.20654812940511502,0.6682400485114854,50,20,20
34,4854,0.09460882641581791,0.03060299566757804,0.20101317724681445,0.673775000669788,50,20,20
34,4855,0.09460983387986449,0.03060299525949847,0.20101216820523132,0.6737750026554048,50,20,20
34,4856,0.09460983387986449,0.03060299525949847,0.20101330598834696,0.6737738648722891,50,20,20
34,4857,0.0946098339531458,0.030602995259498486,0.20119796351691302,0.6735892072704419,50,20,20
34,4858,0.09460983351082666,0.030610081015343914,0.2011908887635256,0.6735891967103029,50,20,20
34,4859,0.1028265540686616,0.030609869023384105,0.19406195022368092,0.6725016266842728,50,20,20
34,4860,0.10282655399538031,0.030609869023384088,0.19387824387296215,0.6726853331082728,50,20,20
34,4861,0.10282655399538028,0.03060986902338622,0.19394060572368058,0.6726229712575522,50,20,20
34,4862,0.10282655399531197,0.030609869023386298,0.19394058505756742,0.6726229919237334,50,20,20
34,4863,0.10282655399531197,0.030609869023386298,0.19394058382141627,0.6726229931598848,50,20,20
34,4864,0.10282655399410523,0.0306098690233855,0.1940718053714657,0.672491771611043,50,20,20
34,4865,0.10282655399410524,0.0306098690233855,0.19406945593314423,0.6724941210493643,50,20,20
34,4866,0.10282655399410524,0.030609869023385534,0.19407026637310157,0.6724933106094071,50,20,20
34,4867,0.10282655399410723,0.030407271585405623,0.19427286380833042,0.6724933106121561,50,20,20
34,4868,0.10282655399410834,0.03040727158528416,0.19428504461280735,0.6724811298077995,50,20,20
34,4869,0.10282655399410988,0.03040727158540537,0.19447160413935347,0.6722945702811306,50,20,20
34,4870,0.10329991407845364,0.0304072715857039,0.19399824399407964,0.6722945703417622,50,20,20
34,4871,0.10155566036062191,0.03040727158174057,0.19574249769524538,0.6722945703623918,50,20,20
34,4872,0.10155566036064467,0.03040727158174271,0.19574580178814055,0.6722912662694718,50,20,20
34,4873,0.10155566036064466,0.030407271581742692,0.19592905048910692,0.6721080175685055,50,20,20
34,4874,0.10155566077459588,0.03040018582657546,0.1959367181088358,0.6721074352899926,50,20,20
34,4875,0.1015556786078788,0.030400185811705085,0.19593670231069088,0.6721074332697248,50,20,20
34,4876,0.10155567860787883,0.030400185811705085,0.19593670314226433,0.6721074324381513,50,20,20
34,4877,0.10155567860796987,0.030400185811705165,0.1959351830384161,0.6721089525419085,50,20,20
34,4878,0.1015556786078788,0.030400185811705085,0.19593436493011976,0.6721097706502959,50,20,20
34,4879,0.10155567860787881,0.030400185811705085,0.19593436645406487,0.6721097691263506,50,20,20
34,4880,0.11487975900811222,0.030399847552688767,0.18265620156644663,0.6720641918727515,50,20,20
34,4881,0.11437874287338409,0.030399847554576545,0.18315718383478052,0.6720642257372578,50,20,20
34,4882,0.11437874287338413,0.030399847554576545,0.1831572250807063,0.672064184491332,50,20,20
34,4883,0.11437874287338413,0.03039984755457651,0.18315722436601997,0.6720641852060183,50,20,20
34,4884,0.11437874287336296,0.030399847554576476,0.18315951454884338,0.6720618950232162,50,20,20
34,4885,0.11437874287345404,0.03039984755457866,0.183159556682506,0.6720618528894603,50,20,20
34,4886,0.11437874287004175,0.03892332688930664,0.17463607735003125,0.6720618528906194,50,20,20
34,4887,0.11437874287001859,0.03892332688930661,0.17463271032043,0.6720652199202439,50,20,20
34,4888,0.13246694190881644,0.03892332689058886,0.15654451112051235,0.6720652200800817,50,20,20
34,4889,0.1343748895387701,0.03892332688917148,0.15463656368785272,0.6720652198842052,50,20,20
34,4890,0.13437313462040476,0.038923326889171724,0.15463831860621538,0.6720652198842074,50,20,20
34,4891,0.13437313462042394,0.03892332688917175,0.157763406077144,0.6689401324132597,50,20,20
34,4892,0.1343731346191308,0.038923326889169614,0.15770200405793944,0.6690015344337594,50,20,20
34,4893,0.13364118351636228,0.03892332688937519,0.15843124463681402,0.6690042449574478,50,20,20
34,4894,0.13364118351625845,0.039777196360964634,0.1575773751679884,0.6690042449547878,50,20,20
34,4895,0.13364118351625845,0.0397771963609646,0.15758063602780592,0.6690009840949704,50,20,20
34,4896,0.1282721245214967,0.039777196359908194,0.16294969508184273,0.6690009840367517,50,20,20
34,4897,0.12823798019756597,0.03977719635990835,0.16298383940574454,0.6690009840367808,50,20,20
34,4898,0.12823798019756438,0.03977719635978718,0.16279733610021319,0.669187487342435,50,20,20
34,4899,0.1282379801975628,0.03977719635978718,0.16279502587695854,0.6691897975656912,50,20,20
34,4900,0.12823798019756277,0.03977719635978714,0.1627950248752866,0.6691897985673633,50,20,20
34,4901,0.12823798019756277,0.03977719635978714,0.16279425568698172,0.6691905677556682,50,20,20
34,4902,0.12823798019756277,0.039777196359787104,0.1627942549607976,0.6691905684818522,50,20,20
34,4903,0.1282379801975612,0.03977719635283356,0.16274813943541536,0.6692366840141898,50,20,20
34,4904,0.12823798019754198,0.03977719635283353,0.15962305123898016,0.6723617722106441,50,20,20
34,4905,0.12566385093839158,0.039777375876107725,0.16220218315718335,0.6723565900283178,50,20,20
34,4906,0.12566841953504615,0.03977739065803525,0.1621976324671322,0.6723565573397869,50,20,20
34,4907,0.12208847721389698,0.039777392820881226,0.1657452149241739,0.6723889150410485,50,20,20
34,4908,0.122088477213897,0.039777392820883335,0.16574446471650903,0.6723896652487114,50,20,20
34,4909,0.12208847559277547,0.03977727094121539,0.16574459859769866,0.672389654868311,50,20,20
34,4910,0.12208847559277547,0.039777270941215345,0.16574459790146764,0.6723896555645422,50,20,20
34,4911,0.12208847559277547,0.039777270941215345,0.16574454095952848,0.6723897125064814,50,20,20
34,4912,0.12208847559277547,0.03977727094121539,0.16574125308449092,0.6723930003815188,50,20,20
34,4913,0.1296016024666889,0.03977708755264466,0.1582528134993326,0.6723684964813337,50,20,20
34,4914,0.12960160246669045,0.03977708755944754,0.15838412047348804,0.6722371895003738,50,20,20
34,4915,0.12960160246669047,0.03977708755944758,0.15838525827068067,0.6722360517031811,50,20,20
34,4916,0.12958829707329703,0.03977720081941485,0.15839867903559934,0.6722358230716882,50,20,20
34,4917,0.11041443981876077,0.039777200819616866,0.1775725342826625,0.6722358250789595,50,20,20
34,4918,0.11041443981876073,0.03977720081961683,0.1775713959647186,0.6722369633969036,50,20,20
34,4919,0.11041443981883986,0.03977720081961683,0.18039861239280267,0.6694097469687402,50,20,20
34,4920,0.11041443981883986,0.03977720081961687,0.18039982424245263,0.6694085351190903,50,20,20
34,4921,0.11041443981883986,0.03977720081961683,0.18039978438056115,0.6694085749809819,50,20,20
34,4922,0.11052312168952087,0.03977776217383204,0.18029320390130874,0.669405912235338,50,20,20
34,4923,0.11052312168961176,0.039777762173954075,0.18033929919419642,0.6693598169422375,50,20,20
34,4924,0.11052312168961176,0.03977776217395411,0.18034163658039368,0.6693574795560403,50,20,20
34,4925,0.11052312168962823,0.03977777854429252,0.18588739653579492,0.6638117032302844,50,20,20
34,4926,0.11404167783841412,0.03977777642674183,0.1824012002020322,0.6637793455328116,50,20,20
34,4927,0.11404167783841256,0.03977777642674185,0.18227133644229607,0.6639092092925495,50,20,20
34,4928,0.1140416778383206,0.03977777642674181,0.18212602078932685,0.6640545249456106,50,20,20
34,4929,0.11404167782832828,0.03978738802551276,0.18211640920054936,0.6640545249456095,50,20,20
34,4930,0.11322857228460569,0.03978738847157041,0.18292951424995482,0.6640545249938693,50,20,20
34,4931,0.11322857228461296,0.03941950002971609,0.18329740269454978,0.664054524991121,50,20,20
34,4932,0.11322857228461296,0.03941950002971605,0.18329738889376734,0.6640545387919033,50,20,20
34,4933,0.11322857228461292,0.03941950002971394,0.18329410562689222,0.6640578220587807,50,20,20
34,4934,0.11322857228452181,0.03941950002959163,0.18329331228040846,0.6640586154054781,50,20,20
34,4935,0.09624415698690449,0.03943870733272585,0.2001685555024404,0.6641485801779301,50,20,20
34,4936,0.0962441569869045,0.03943870733284814,0.20017097224220065,0.6641461634380473,50,20,20
34,4937,0.0962441569869045,0.039438707332846004,0.20010951475530842,0.6642076209249416,50,20,20
34,4938,0.0962441569869045,0.039438707332846004,0.2001062521213991,0.6642108835588509,50,20,20
34,4939,0.09624415698689529,0.03971969152140679,0.19982526793284838,0.66421088355885,50,20,20
34,4940,0.09624415698687881,0.03971967515107053,0.19427954937729056,0.6697566184847606,50,20,20
34,4941,0.09624415698687881,0.03971967515106838,0.19427945075496983,0.6697567171070835,50,20,20
34,4942,0.09624415698687881,0.03971967515106838,0.19427952551529803,0.6697566423467554,50,20,20
34,4943,0.09624415698696989,0.039719675151068425,0.19427957775841456,0.6697565901035477,50,20,20
34,4944,0.1020966837928893,0.0397196751488528,0.18842705095471743,0.669756590103541,50,20,20
34,4945,0.102096683921661,0.04702007006106364,0.18112665591170404,0.6697565901055711,50,20,20
34,4946,0.10209668392681719,0.04702007006106577,0.18126104189458028,0.6696222041175366,50,20,20
34,4947,0.10187614442751704,0.04702007014859591,0.18148156913311297,0.6696222162907742,50,20,20
34,4948,0.101876144427517,0.03294534103676874,0.19555629824492765,0.669622216290787,50,20,20
34,4949,0.10188304122237303,0.032945341036768716,0.19554940145007169,0.669622216290787,50,20,20
34,4950,0.11567550587032001,0.032945347734984226,0.1817569309852891,0.6696222154094067,50,20,20
34,4951,0.11567550587032205,0.03294506373144813,0.18175721498872643,0.6696222154095034,50,20,20
34,4952,0.11567550587032205,0.03294506373144817,0.18175725624037903,0.6696221741578509,50,20,20
34,4953,0.11567550587032206,0.032945063731448135,0.18176050075709235,0.6696189296411371,50,20,20
34,4954,0.11600486068360526,0.03294450351322909,0.18142920582308694,0.6696214299800785,50,20,20
34,4955,0.11600486068358248,0.03294450351322695,0.18142595865478758,0.6696246771484029,50,20,20
34,4956,0.11600486068358248,0.03294450351322699,0.181429260162077,0.6696213756411135,50,20,20
34,4957,0.11600486068358248,0.03294450351322699,0.1814292206231299,0.6696214151800605,50,20,20
34,4958,0.11010346725785242,0.03294450237616891,0.18733316269523925,0.6696188676707397,50,20,20
34,4959,0.11010346725785283,0.032944502376171046,0.18739792723096615,0.6695541031350103,50,20,20
34,4960,0.11010346725776214,0.03294450237617101,0.1873990555716809,0.6695529747943862,50,20,20
34,4961,0.09811669177147903,0.03294451306643096,0.19938582091398283,0.6695529742481073,50,20,20
34,4962,0.09811667889438158,0.03294451307068046,0.19938576680308892,0.6695530412318493,50,20,20
34,4963,0.09811667889440434,0.032944513070678354,0.19938501599862332,0.6695537920362942,50,20,20
34,4964,0.10431513322198016,0.03294450592615022,0.19318656998945546,0.6695537908624145,50,20,20
34,4965,0.10431513322198058,0.03294450592615026,0.19318664658484525,0.6695537142670243,50,20,20
34,4966,0.10431513322198177,0.03294450592614819,0.19312518373653706,0.6696151771153334,50,20,20
34,4967,0.10430641463528727,0.03294449114640666,0.19313391775504116,0.6696151764632652,50,20,20
34,4968,0.10430641567705749,0.032944490880238764,0.1914078113745377,0.6713412820681662,50,20,20
34,4969,0.10430641567705712,0.03294449088023872,0.19140688800904104,0.6713422054336633,50,20,20
34,4970,0.1043064298949428,0.032944491215223366,0.19450064057219973,0.6682484383176344,50,20,20
34,4971,0.10126963130596282,0.032944614214482276,0.19753730587069843,0.6682484486088562,50,20,20
34,4972,0.10126963130596081,0.03264503009505971,0.19783688999021964,0.6682484486087595,50,20,20
34,4973,0.10126963130595923,0.032645030095059674,0.19770371619881438,0.6683816224001666,50,20,20
34,4974,0.10126963130586819,0.03264503009505749,0.19770365808730136,0.6683816805117729,50,20,20
34,4975,0.10126963130716414,0.03264503009517982,0.19770692984095092,0.6683784087567052,50,20,20
34,4976,0.10126963130716417,0.03264503009517989,0.1977101750158269,0.6683751635818291,50,20,20
34,4977,0.10126963130716417,0.03264503009517989,0.1977102893150674,0.6683750492825885,50,20,20
34,4978,0.10126963130716417,0.03264503009517997,0.19784341490826768,0.6682419236893881,50,20,20
34,4979,0.10126963130716417,0.03264503009505771,0.19784334808121704,0.6682419905165611,50,20,20
34,4980,0.10126963130716378,0.032645030095057676,0.19784544990434846,0.6682398886934302,50,20,20
34,4981,0.10126842585732147,0.03264829914733549,0.1978433864687104,0.6682398885266343,50,20,20
34,4982,0.10126842585732147,0.03264829914733549,0.1978456962256996,0.6682375787696451,50,20,20
34,4983,0.10126842585861913,0.03264829914733549,0.19784681626474185,0.668236458729305,50,20,20
34,4984,0.10126842585861913,0.03264829914745462,0.1909266444495211,0.6751566305444066,50,20,20
34,4985,0.08126933050408897,0.03264836247543373,0.21092567118062663,0.6751566358398524,50,20,20
34,4986,0.08126933050408894,0.03264836247543373,0.21092568817691582,0.6751566188435631,50,20,20
34,4987,0.08148560524371673,0.03264836234419678,0.21070942532130787,0.6751566070907805,50,20,20
34,4988,0.08148560524369436,0.03264836234419674,0.2107094797080633,0.6751565527040475,50,20,20
34,4989,0.08148560524369276,0.0326483623441967,0.21070623497057916,0.6751597974415333,50,20,20
34,4990,0.08148560524369276,0.03264836234419674,0.2107061776158841,0.6751598547962285,50,20,20
34,4991,0.08148560524369396,0.03264836234431824,0.21083923857748116,0.6750267938345088,50,20,20
34,4992,0.08148560524369397,0.03264836234431824,0.21083690288023996,0.6750291295317499,50,20,20
34,4993,0.08148560523856035,0.032648362344316145,0.21088951657248028,0.6749765158446452,50,20,20
34,4994,0.08148560523856033,0.032648362344316076,0.21088627164810056,0.674979760769025,50,20,20
34,4995,0.08148492226089932,0.03264842305193182,0.21088688883878678,0.6749797658483842,50,20,20
34,4996,0.08148492226219706,0.03264842305193397,0.21088768182900433,0.6749789728568666,50,20,20
34,4997,0.08148492226737128,0.032648423051936104,0.2108878879768325,0.6749787667038621,50,20,20
34,4998,0.07967425176470623,0.03264841235963553,0.21269856921210842,0.6749787666635515,50,20,20
34,4999,0.07967425176470468,0.03264841235951403,0.21256540717709604,0.6751119286986871,50,20,20
34,5000,0.07967425176470468,0.03264841235951618,0.2125655055116226,0.6751118303641584,50,20,20
34,5001,0.07967425176470468,0.03264841235951618,0.21256550627452625,0.6751118296012547,50,20,20
34,5002,0.0796742517647047,0.03264841235951618,0.21256548988277088,0.6751118459930099,50,20,20
34,5003,0.07967425176470475,0.032648412359518326,0.21256778473404,0.6751095511417387,50,20,20
34,5004,0.07968644844705645,0.03264619935229774,0.21255779768509547,0.6751095545155521,50,20,20
34,5005,0.07968644844705644,0.032646199352298705,0.2180844034446039,0.6695829487560425,50,20,20
34,5006,0.07968644844705644,0.03264619935229866,0.2180820933980074,0.6695852588026391,50,20,20
34,5007,0.07968644844727317,0.0469947533551838,0.2037335393949177,0.669585258802627,50,20,20
34,5008,0.0796864484472732,0.046994753355183765,0.2038634099609353,0.6694553882366095,50,20,20
34,5009,0.07789536358746132,0.04699470505820494,0.2056512430188888,0.6694586883354458,50,20,20
34,5010,0.07789536358746132,0.04699470505820494,0.20564893297849107,0.6694609983758433,50,20,20
34,5011,0.07789534058636961,0.05394721417927242,0.19868625464296177,0.6694711905913974,50,20,20
34,5012,0.0778953405863692,0.05394721417927238,0.1986861770033171,0.6694712682310427,50,20,20
34,5013,0.07495720635053355,0.05394721421564036,0.20162431144611964,0.6694712679877073,50,20,20
34,5014,0.07495733351694876,0.05394721642257497,0.2015905919523236,0.6695048581081532,50,20,20
34,5015,0.07495733351694876,0.05394721642257493,0.20158829788049384,0.6695071521799831,50,20,20
34,5016,0.07495733351695033,0.05394721642257712,0.2015883827673062,0.6695070672931669,50,20,20
34,5017,0.07447652689000431,0.0539472164257948,0.20206918937647228,0.6695070673077288,50,20,20
34,5018,0.07447652689000271,0.05394721641886962,0.20193781555089196,0.6696384411402359,50,20,20
34,5019,0.07447652689000271,0.05394721641886966,0.20193779819105434,0.6696384585000736,50,20,20
34,5020,0.07447652688482888,0.05394721641874564,0.20193761501076504,0.6696386416856608,50,20,20
34,5021,0.07447652688482888,0.0539472164187456,0.2019375934208079,0.669638663275618,50,20,20
34,5022,0.0744765268848285,0.05394721641874774,0.20212407380167152,0.6694521828947526,50,20,20
34,5023,0.07447652688482848,0.05394721641874774,0.20212171518517166,0.6694545415112525,50,20,20
34,5024,0.07538262303424523,0.05394722295947678,0.201215581884116,0.6694545721221621,50,20,20
34,5025,0.07538262161855049,0.0539472210083594,0.20294170040237847,0.6677284569707114,50,20,20
34,5026,0.07538262161855051,0.05394722100835945,0.20294170034888442,0.6677284570242056,50,20,20
34,5027,0.07538262161855049,0.053947221008359414,0.2029416621522377,0.6677284952208522,50,20,20
34,5028,0.07538262161855049,0.0539472210083594,0.20294170038985734,0.6677284569832327,50,20,20
34,5029,0.07538211670596406,0.053946528633185276,0.2029461999509976,0.6677251547098528,50,20,20
34,5030,0.07560702014591467,0.05394652886026906,0.20271952435706392,0.6677269266367523,50,20,20
34,5031,0.07560702014591467,0.05394652886026906,0.2027195378873041,0.6677269131065121,50,20,20
34,5032,0.0756070201446187,0.053946528860148904,0.20271948748614263,0.6677269635090896,50,20,20
34,5033,0.07560702014461833,0.05394652886015102,0.20265480127884042,0.66779164971639,50,20,20
34,5034,0.0756070200158377,0.066634647787991,0.18996668247903298,0.6677916497171388,50,20,20
34,5035,0.07560702001583769,0.06663464778799312,0.189968993008495,0.6677893391876748,50,20,20
34,5036,0.07560702001453995,0.06663464778799093,0.1899714455754105,0.6677868866220591,50,20,20
34,5037,0.07560702001453995,0.0666346477879909,0.1899714619290256,0.6677868702684442,50,20,20
34,5038,0.07561123448872778,0.06663464752789325,0.18996724771476217,0.6677868702686173,50,20,20
34,5039,0.07561123448872777,0.06663464752789325,0.1899671736623717,0.6677869443210078,50,20,20
34,5040,0.07561123449460036,0.06634913637674404,0.19025268465168485,0.6677869444769713,50,20,20
34,5041,0.07584801773921676,0.06634913637358053,0.1900159014248093,0.6677869444623942,50,20,20
34,5042,0.07584801773922434,0.06634912088515256,0.19001591691600755,0.6677869444596162,50,20,20
34,5043,0.0951857674770725,0.06634913141167825,0.17067817592821233,0.6677869251830374,50,20,20
34,5044,0.10684333264035238,0.06634796168925342,0.1590217838610405,0.6677869218093534,50,20,20
34,5045,0.10684333264050626,0.05374142705796101,0.17162831843601534,0.6677869218655181,50,20,20
34,5046,0.1019162615734219,0.05374151582144231,0.17653160156501482,0.6678106210401212,50,20,20
34,5047,0.10191626157337647,0.06664160306127885,0.16363151437861068,0.6678106209867345,50,20,20
34,5048,0.10191626157337802,0.06664160306127885,0.16363385091750204,0.6678082844478417,50,20,20
34,5049,0.1029290945255836,0.06664160531514153,0.1626210155057145,0.6678082846535608,50,20,20
34,5050,0.1029290803076298,0.0666416049800349,0.1594811884187691,0.6709481262935659,50,20,20
34,5051,0.10292908030765249,0.06664160498015681,0.15954594129350239,0.6708833734186881,50,20,20
34,5052,0.10292908030767504,0.06664160498015893,0.15973250081627635,0.6706968138958893,50,20,20
34,5053,0.10292908030775622,0.06664160498015685,0.161993206717983,0.6684361079941045,50,20,20
34,5054,0.10292907983886858,0.078739955715254,0.14990505904208523,0.6684259054037918,50,20,20
34,5055,0.10292907983886698,0.07873995570828438,0.15688383478413764,0.6614471296687101,50,20,20
34,5056,0.10277011664202326,0.07873996067351047,0.1570043365175049,0.6614855861669606,50,20,20
34,5057,0.10277011664202487,0.07873996067351047,0.1570020456831564,0.6614878770013075,50,20,20
34,5058,0.10277011664202529,0.07873996067363277,0.15700446243097224,0.6614854602533691,50,20,20
34,5059,0.10277011664330037,0.07873996067363283,0.15682018909482776,0.6616697335882384,50,20,20
34,5060,0.10277011664330037,0.07873996067363287,0.15681769631691955,0.6616722263661466,50,20,20
34,5061,0.1027701166432988,0.07873996067363068,0.15681679219706568,0.6616731304860042,50,20,20
34,5062,0.10257263331344182,0.0787404794025575,0.15687458246571018,0.66181230481829,50,20,20
34,5063,0.10257273707164255,0.07873877310348296,0.15687618500659664,0.6618123048182777,50,20,20
34,5064,0.10257273707164255,0.07873877310348507,0.15687772634716834,0.6618107634777038,50,20,20
34,5065,0.10257273707164095,0.07873877310348291,0.15687766540555154,0.6618108244193245,50,20,20
34,5066,0.10257273707164093,0.07873877310348291,0.15674449162215578,0.6619439982027201,50,20,20
34,5067,0.1025727370716409,0.07873877310336065,0.15674539979486615,0.6619430900301321,50,20,20
34,5068,0.1025727370716409,0.07873877310336062,0.1566122748566174,0.6620762149683808,50,20,20
34,5069,0.1025727370716409,0.07873877310335854,0.15642576445349105,0.6622627253715093,50,20,20
34,5070,0.10257273707161994,0.07873877310336065,0.156241116150751,0.6624473736742683,50,20,20
34,5071,0.10257273707161994,0.07873877310336277,0.1492585317077396,0.6694299581172777,50,20,20
34,5072,0.10257273707161994,0.07873877310336065,0.14925849101643207,0.6694299988085873,50,20,20
34,5073,0.10257273707161835,0.07873877310336062,0.14925617979150357,0.6694323100335176,50,20,20
34,5074,0.10257273707161076,0.07874979458683014,0.14924515830804166,0.6694323100335176,50,20,20
34,5075,0.1025727370716108,0.07874979458683022,0.14924842016772094,0.6694290481738381,50,20,20
34,5076,0.08848621914685477,0.07874971718027615,0.15830292303702664,0.6744611406358422,50,20,20
34,5077,0.08828793324478428,0.07874971072804503,0.15398691466957737,0.6789754413575929,50,20,20
34,5078,0.08828793324997472,0.07874971072816518,0.1538027807824827,0.6791595752393769,50,20,20
34,5079,0.08828793461586106,0.0781144279060556,0.15443806223865872,0.679159575239424,50,20,20
34,5080,0.08828793461586106,0.0781144279060556,0.15443806194581572,0.6791595755322671,50,20,20
34,5081,0.08828793461456343,0.07811442790605343,0.15443577575413742,0.6791618617252452,50,20,20
34,5082,0.08828793461464421,0.07811442790605222,0.1511675963788307,0.6824300411004723,50,20,20
34,5083,0.08828793461464261,0.07811442790605004,0.15116755448954342,0.6824300829897636,50,20,20
34,5084,0.08828793461464463,0.07811442790605218,0.1512125603567934,0.6823850771225095,50,20,20
34,5085,0.07074864289530627,0.07811441739133201,0.16875178645792008,0.6823851532554412,50,20,20
34,5086,0.07074864289539735,0.07811441739145217,0.1687503034865394,0.6823866362266107,50,20,20
34,5087,0.07073001793883406,0.0781139129783686,0.16891038015781998,0.6822456889249767,50,20,20
34,5088,0.07073001793883406,0.0781139129783686,0.1689104366985721,0.6822456323842239,50,20,20
34,5089,0.07073001793883406,0.0781139129783686,0.16891038147192589,0.6822456876108702,50,20,20
34,5090,0.07073001793881133,0.07811391297836864,0.16891360587770027,0.6822424632051187,50,20,20
34,5091,0.07073001793881135,0.07811391297836867,0.16904673159554787,0.6821093374872709,50,20,20
34,5092,0.07073001793890238,0.07811391297837082,0.16904668536850426,0.6821093837142214,50,20,20
34,5093,0.07073001793890397,0.0781139129783709,0.16904668580260207,0.6821093832801219,50,20,20
34,5094,0.0707300179389024,0.07811391297836884,0.16904439189992448,0.6821116771828031,50,20,20
34,5095,0.0707259425612797,0.07811391297851147,0.16904846727724349,0.6821116771829635,50,20,20
34,5096,0.07072583973621294,0.07810990925420365,0.1690525738266501,0.6821116771829311,50,20,20
34,5097,0.07072583973491524,0.07810990925420361,0.16905141354071143,0.6821128374701675,50,20,20
34,5098,0.07072583972884096,0.07819687656998486,0.16896444638692157,0.6821128373142505,50,20,20
34,5099,0.07072583972884096,0.07819687656998478,0.16896442945727444,0.6821128542438977,50,20,20
34,5100,0.071207052598787,0.07819686202321907,0.16848323111362493,0.6821128542643669,50,20,20
34,5101,0.071207052598787,0.07819686202322122,0.168483245679642,0.6821128396983477,50,20,20
34,5102,0.07120705259870745,0.07819686202322122,0.16565501285540954,0.6849410725226598,50,20,20
34,5103,0.07120705259870742,0.0781968620232212,0.1656517684067176,0.6849443169713518,50,20,20
34,5104,0.07120705259870742,0.0781968620232212,0.16551865976661978,0.6850774256114497,50,20,20
34,5105,0.07020619701285848,0.07817765358153936,0.1666286995513828,0.6849874498542177,50,20,20
34,5106,0.06997416889039017,0.07817766730107402,0.1713750446760362,0.6804731191324979,50,20,20
34,5107,0.06997417013015332,0.07871437534501713,0.17083832147002137,0.6804731330548066,50,20,20
34,5108,0.06997417013015331,0.07871437534501706,0.17083501907266768,0.6804764354521602,50,20,20
34,5109,0.0699741701301533,0.07871437534501706,0.1708350173574532,0.6804764371673747,50,20,20
34,5110,0.06817586386744325,0.07871437532888867,0.17263344627790694,0.6804763145257597,50,20,20
34,5111,0.06817586386744325,0.07871437532888867,0.17263342859737285,0.6804763322062938,50,20,20
34,5112,0.06817586386744326,0.07871437532901097,0.172635799654131,0.6804739611494135,50,20,20
34,5113,0.06817586386744326,0.07871437532901097,0.1726324972673879,0.6804772635361565,50,20,20
34,5114,0.06817586386735379,0.07871437532888867,0.1726347977935331,0.680474963010223,50,20,20
34,5115,0.06817586386735379,0.07871437532888867,0.1726347977935331,0.6804749630102229,50,20,20
34,5116,0.06817586386735378,0.07871437532888863,0.1726380422122433,0.6804717185915128,50,20,20
34,5117,0.06817586386735379,0.07871437532888863,0.17263806233706547,0.6804716984666906,50,20,20
34,5118,0.06817586386735379,0.07871437532888863,0.17263810127433918,0.680471659529417,50,20,20
34,5119,0.06817586386735539,0.07871437532888863,0.17263891250752894,0.6804708482962257,50,20,20
34,5120,0.06996541658507904,0.07871437807421482,0.17084935741988827,0.6804708479208166,50,20,20
34,5121,0.06996541521919455,0.07904482237996543,0.1705189144800222,0.6804708479208166,50,20,20
34,5122,0.06996541521919453,0.07904482237996328,0.17051881715371,0.6804709452471309,50,20,20
34,5123,0.06996541521928555,0.07904482237996328,0.1705211092512066,0.6804686531495431,50,20,20
34,5124,0.0716166683769794,0.0790448225929512,0.1688666156879682,0.6804718933420995,50,20,20
34,5125,0.0716166683769794,0.0790448225929512,0.16886661638168135,0.6804718926483864,50,20,20
34,5126,0.0716165304028969,0.07904482038578307,0.14904089357203193,0.7002977556392861,50,20,20
34,5127,0.05394163135571518,0.0790455393557851,0.16671506951996498,0.7002977597685333,50,20,20
34,5128,0.07000899627295938,0.07904553943037178,0.15064770454003024,0.7002977597566368,50,20,20
34,5129,0.07000899627295469,0.07818191004998892,0.1515113339231499,0.7002977597539047,50,20,20
34,5130,0.07288474447969967,0.07818178714008754,0.1486357188990744,0.7002977494811369,50,20,20
34,5131,0.07288474447969967,0.07818178714008757,0.14863575908881332,0.7002977092913979,50,20,20
34,5132,0.07288474447960862,0.07818178714008545,0.14863340647109502,0.7003000619092092,50,20,20
34,5133,0.07288474447960863,0.07818178714008545,0.14863344772206996,0.7003000206582344,50,20,20
34,5134,0.07288474447960706,0.07818178714008757,0.14863037672118623,0.7003030916591174,50,20,20
34,5135,0.07288474447960706,0.07818178714008756,0.14863031978890018,0.7003031485914035,50,20,20
34,5136,0.07288474447960706,0.07818178714008756,0.14863362230813876,0.7002998460721649,50,20,20
34,5137,0.07288474447441662,0.07818178713996533,0.14863450664447778,0.7002989617411386,50,20,20
34,5138,0.07288474447527396,0.07818178738539365,0.15627924546973335,0.6926542226695974,50,20,20
34,5139,0.07288474447527396,0.07818178738539369,0.15627926287527807,0.6926542052640527,50,20,20
34,5140,0.07288474447529315,0.07818178738539372,0.1594043504484236,0.6895291176908881,50,20,20
34,5141,0.07288474447529317,0.07818178738539376,0.15940104317994103,0.6895324249593705,50,20,20
34,5142,0.07288474440701262,0.07818178738563546,0.1593254955215737,0.6896079726857768,50,20,20
34,5143,0.07288474440701301,0.07818178738563332,0.15932544471152701,0.6896080234958251,50,20,20
34,5144,0.07288474440690922,0.07905670389917324,0.15845052819808875,0.6896080234958272,50,20,20
34,5145,0.07288474440691081,0.07905670389917539,0.15845058559947434,0.6896079660944378,50,20,20
34,5146,0.07288474441208512,0.07905670389917757,0.15851535858888383,0.6895431930998518,50,20,20
34,5147,0.0806771285521414,0.07905670407235967,0.1507229726043344,0.6895431947711629,50,20,20
34,5148,0.0806771285469671,0.07905670407235749,0.1506581993332706,0.6896079680474031,50,20,20
34,5149,0.0806771285469671,0.07905670407235749,0.1506581990454764,0.6896079683351973,50,20,20
34,5150,0.08067712854696707,0.07905670407235749,0.15065818261683434,0.6896079847638394,50,20,20
34,5151,0.08067712854696714,0.07905670407223565,0.150593532226876,0.6896726351539196,50,20,20
34,5152,0.08067712854696717,0.07905670407223779,0.15059363055637207,0.6896725368244212,50,20,20
34,5153,0.08067712854696717,0.07905670407223775,0.15059361386493136,0.689672553515862,50,20,20
34,5154,0.08067712854688602,0.07905670407223768,0.14833284986637324,0.6919333175145015,50,20,20
34,5155,0.08067712854688602,0.07905670407223772,0.14833054049663338,0.6919356268842414,50,20,20
34,5156,0.09902122286725644,0.07905670385924711,0.12998968780094977,0.6919323854725452,50,20,20
34,5157,0.0990212228672792,0.07905670385924717,0.1299929979006448,0.6919290753728273,50,20,20
34,5158,0.09902122286727924,0.07905670385924717,0.1299930116961836,0.6919290615772886,50,20,20
34,5159,0.0990212356205676,0.07851593714785,0.11283905640464864,0.709623770826932,50,20,20
34,5160,0.0990212356205664,0.07851593714784996,0.11283905669700184,0.70962377053458,50,20,20
34,5161,0.09902123562047693,0.07851593714797012,0.11283912153033544,0.7096237057012158,50,20,20
34,5162,0.09902123562047853,0.07851593714797009,0.11297268063178675,0.709490146599763,50,20,20
34,5163,0.09902123562047853,0.07851593714797224,0.11297594335271381,0.7094868838788337,50,20,20
34,5164,0.09822394145560405,0.07852039167541609,0.1188036497552544,0.7044520171137241,50,20,20
34,5165,0.09822394152956958,0.07852039167541824,0.11880329991394331,0.7044523668810675,50,20,20
34,5166,0.08019768684052846,0.07855640246362743,0.13682893498617904,0.7044169757096647,50,20,20
34,5167,0.08019768683535425,0.07855640246338357,0.13676399383510113,0.7044819168661606,50,20,20
34,5168,0.08019768683537848,0.07855642498881706,0.13687281890007452,0.7043730692757295,50,20,20
34,5169,0.08019768683537665,0.07884580559719749,0.13658343828896585,0.7043730692784596,50,20,20
34,5170,0.08033640651672598,0.07884580551394474,0.13644471787278958,0.7043730700965392,50,20,20
34,5171,0.08033640651672595,0.07884580551394475,0.1364446776083708,0.7043731103609581,50,20,20
34,5172,0.08033640651672556,0.07884580551394471,0.13644461965729074,0.7043731683120386,50,20,20
34,5173,0.0803364065158678,0.07884580526851635,0.12879655590199324,0.7120212323136222,50,20,20
34,5174,0.08033640651586742,0.07884580526851638,0.12879659319806203,0.7120211950175538,50,20,20
34,5175,0.08033640651585237,0.07907535925102517,0.12856703921556767,0.7120211950175543,50,20,20
34,5176,0.08033640651587508,0.0790753592510252,0.12863180381462033,0.7119564304184789,50,20,20
34,5177,0.08033640651589778,0.07907535925114711,0.1286965119962375,0.711891722236717,50,20,20
34,5178,0.08033640651587856,0.07907535925114709,0.12557138346496016,0.7150168507680137,50,20,20
34,5179,0.08033640651587896,0.07907535925114711,0.12557140117519489,0.7150168330577786,50,20,20
34,5180,0.08033640651717627,0.07907535925127154,0.1255722722263762,0.7150159620051756,50,20,20
34,5181,0.08033640651717666,0.07907535925139375,0.12557342223426113,0.7150148119971681,50,20,20
34,5182,0.08033640651717625,0.07907535925127146,0.12556897083726568,0.7150192633942862,50,20,20
34,5183,0.0771318877663668,0.07907536351352568,0.12877234653999994,0.7150204021801073,50,20,20
34,5184,0.07500997372082983,0.07907463999952365,0.13089498819875767,0.7150203980808886,50,20,20
34,5185,0.057328429283061214,0.0790746398228641,0.14857653446535882,0.7150203964287152,50,20,20
34,5186,0.05732842928303891,0.07907463982286406,0.1485765343997397,0.7150203964943568,50,20,20
34,5187,0.05732796556367447,0.07907464007390837,0.1485769284044734,0.7150204659579429,50,20,20
34,5188,0.05732796553999944,0.07916413885411842,0.14848742964798403,0.715020465957897,50,20,20
34,5189,0.05778966239759427,0.07916412528450226,0.1480256815944943,0.7150205307234074,50,20,20
34,5190,0.05778966239759464,0.0791641252845044,0.1480257851389078,0.7150204271789913,50,20,20
34,5191,0.05778966239757195,0.07916412528438249,0.1479610190844575,0.7150851932335864,50,20,20
34,5192,0.05778966239754932,0.07916410275906914,0.14785319447224102,0.715193040371139,50,20,20
34,5193,0.05778966239754931,0.0791641027590691,0.14785319347496484,0.7151930413684154,50,20,20
34,5194,0.057789662397640384,0.07916410275907336,0.14785326487179742,0.7151929699714874,50,20,20
34,5195,0.057789662397640384,0.07916410275907336,0.14785326586549893,0.7151929689777861,50,20,20
34,5196,0.05778966239764198,0.07916410275907551,0.14785561795832414,0.7151906168849571,50,20,20
34,5197,0.05778966239764198,0.07916410275907762,0.14785565830481529,0.7151905765384641,50,20,20
34,5198,0.05778966239634427,0.0791641027589532,0.14785476983075208,0.7151914650139491,50,20,20
34,5199,0.057789662396344366,0.07916855493998758,0.14785031765249554,0.715191465011171,50,20,20
34,5200,0.05778966239634437,0.07916855493998758,0.14785033691791838,0.7151914457457483,50,20,20
34,5201,0.05778966239634441,0.07916855493998975,0.14789644755870676,0.7151453351049577,50,20,20
34,5202,0.05778966239634441,0.07916855493998975,0.1478964468477738,0.7151453358158908,50,20,20
34,5203,0.05778966239634441,0.07916855493998971,0.14789970768830904,0.7151420749753555,50,20,20
34,5204,0.057789662396342825,0.07916855493999186,0.14776941031356908,0.7152723723500949,50,20,20
34,5205,0.0570726010345032,0.07916855494009971,0.14848647167479143,0.7152723723506044,50,20,20
34,5206,0.05707260103492869,0.07979449509591205,0.14786052259085697,0.7152723812783011,50,20,20
34,5207,0.05707260810107782,0.06682498175530924,0.1608300256901855,0.7152723844534264,50,20,20
34,5208,0.057072608101075825,0.0668249817553071,0.1607850201157785,0.7153173900278377,50,20,20
34,5209,0.05707260810107583,0.06683598887837834,0.16077401299270644,0.7153173900278386,50,20,20
34,5210,0.057072608101166884,0.06683598887838049,0.16077723778820324,0.7153141652322484,50,20,20
34,5211,0.05707260810116731,0.06683598887838477,0.16082338870424526,0.7152680143162017,50,20,20
34,5212,0.0570726081011689,0.06683598887838477,0.16082342358860133,0.7152679794318442,50,20,20
34,5213,0.06988365792628956,0.06683608155962299,0.14801235054372636,0.71526790997036,50,20,20
34,5214,0.06988365792628956,0.06682062389982468,0.14802780820357342,0.7152679099703113,50,20,20
34,5215,0.06988364299872318,0.06682060385932784,0.14572264436280882,0.7175731087791389,50,20,20
34,5216,0.06988364299872321,0.06682060385932788,0.14572268585248607,0.7175730672894616,50,20,20
34,5217,0.06988364299872318,0.06682060385932573,0.14572258822887418,0.7175731649130757,50,20,20
34,5218,0.06988364299881425,0.06682060385932577,0.14571939794752703,0.7175763551943316,50,20,20
34,5219,0.06988364299881426,0.06682060385932577,0.14571938060111556,0.7175763725407431,50,20,20
34,5220,0.06988364299881267,0.06682060385932365,0.14571937913750627,0.7175763740043563,50,20,20
34,5221,0.06988364299881406,0.06682060385932555,0.14804877065057978,0.7152469824912795,50,20,20
34,5222,0.06988364299881444,0.06682060385932552,0.14800271843735818,0.7152930347045008,50,20,20
34,5223,0.06746179709130631,0.06682070368038051,0.15042560384083659,0.7152918953874753,50,20,20
34,5224,0.06746179709130631,0.06682070368038051,0.15042566006458707,0.7152918391637247,50,20,20
34,5225,0.06746207885279194,0.06682071010826514,0.15042537133791478,0.715291839701027,50,20,20
34,5226,0.06746207885279194,0.06682071010826514,0.15042535130825582,0.7152918597306861,50,20,20
34,5227,0.06746207885280123,0.0665159313611858,0.15073013005258892,0.7152918597334231,50,20,20
34,5228,0.0674620788528008,0.06651593136118153,0.15068401938652612,0.7153379703994907,50,20,20
34,5229,0.06746207885237183,0.06673829058469248,0.1504616690910928,0.7153379614718419,50,20,20
34,5230,0.06818392879298346,0.06673829076788675,0.14973988388614867,0.7153378965529804,50,20,20
34,5231,0.06818392879298346,0.06673829076788675,0.14973984363616952,0.7153379368029595,50,20,20
34,5232,0.06818392879298348,0.06673829076788675,0.1497399018639364,0.7153378785751927,50,20,20
34,5233,0.0681839287929835,0.06673829076788675,0.149737608890459,0.71534017154867,50,20,20
34,5234,0.06818392172856262,0.06529462335675029,0.15118128654119017,0.7153401683734962,50,20,20
34,5235,0.0681839217285625,0.05092580215817665,0.16555010773903142,0.7153401683742286,50,20,20
34,5236,0.0681839217285609,0.05092580215817669,0.16555009410784635,0.7153401820054154,50,20,20
34,5237,0.0681839217285593,0.05092580215817669,0.1655492992375535,0.71534097687571,50,20,20
34,5238,0.0681839217285593,0.050925802165099725,0.16568290590269716,0.7152073702036432,50,20,20
34,5239,0.0681839217285593,0.050925802165099725,0.1656796035353252,0.7152106725710152,50,20,20
34,5240,0.06818392172864927,0.05092580215817458,0.16570376254225774,0.7151865135709179,50,20,20
34,5241,0.06818392172864927,0.05092580215817462,0.16570377676616663,0.7151864993470088,50,20,20
34,5242,0.0681839217285605,0.05092580215817462,0.16554595365866515,0.7153443224545991,50,20,20
34,5243,0.06818392172856087,0.05092580215817458,0.16554601101350186,0.7153442650997621,50,20,20
34,5244,0.06818392172856129,0.05092580216508116,0.16573075076279523,0.7151595253435619,50,20,20
34,5245,0.06818392172865191,0.05092580216514423,0.16554982087230638,0.7153404552338971,50,20,20
34,5246,0.06799765280249813,0.05092133628171248,0.16576063579637107,0.715320375119417,50,20,20
34,5247,0.06799765280249775,0.050921336281712526,0.16576057578928188,0.7153204351265066,50,20,20
34,5248,0.06799765280249774,0.050921336281710375,0.165757273229348,0.7153237376864426,50,20,20
34,5249,0.07143611259422511,0.05092133625259518,0.16231881346833307,0.7153237376848454,50,20,20
34,5250,0.0714361125942252,0.050933390486344994,0.1623067592345822,0.7153237376848464,50,20,20
34,5251,0.07143611259422523,0.05093339048634503,0.16230906962292033,0.715321427296508,50,20,20
34,5252,0.07143611259422525,0.05093339048634507,0.16231020976113097,0.7153202871582974,50,20,20
34,5253,0.06794627412512674,0.05093339257840898,0.16580002612400688,0.7153203071724561,50,20,20
34,5254,0.06794651247618484,0.05093339297263703,0.16596280829299914,0.7151572862581775,50,20,20
34,5255,0.06794651247618443,0.050933392972634876,0.1659627103047692,0.7151573842464102,50,20,20
34,5256,0.06794651247609343,0.050933392965665264,0.16595891480154545,0.7151611797566945,50,20,20
34,5257,0.06794651247609186,0.05093339296554297,0.16595651127824,0.7151635832801239,50,20,20
34,5258,0.0679465124760707,0.05093339296554504,0.16595971497685602,0.7151603795815269,50,20,20
34,5259,0.0617267047307588,0.05093347369391386,0.17213307398962768,0.7152067475856984,50,20,20
34,5260,0.06172670473075881,0.0509334736939139,0.17213310651401925,0.7152067150613067,50,20,20
34,5261,0.061726704732056416,0.050933473694038334,0.17213546820223555,0.7152043533716684,50,20,20
34,5262,0.061726704732054855,0.05093347369391819,0.17213446774972854,0.7152053538242972,50,20,20
34,5263,0.06172670473197564,0.05093347369403859,0.16987486977752023,0.7174649517964643,50,20,20
34,5264,0.06172670473197564,0.050933473694038556,0.1698781397726286,0.7174616818013559,50,20,20
34,5265,0.061726704731977236,0.050933473694038556,0.16987923813030026,0.7174605834436827,50,20,20
34,5266,0.061726705684659794,0.0509334736931054,0.1687385045407906,0.7186013160814427,50,20,20
34,5267,0.06172670568336217,0.05093347369298096,0.1687360859055863,0.718603734718069,50,20,20
34,5268,0.0617267056833626,0.050933473692983136,0.16882253454513674,0.7185172860785162,50,20,20
34,5269,0.06172670597921856,0.05093347369310543,0.168822604868734,0.7185172154589407,50,20,20
34,5270,0.06172670597921856,0.05093347369310539,0.16882256432845344,0.7185172559992213,50,20,20
34,5271,0.06172670597749032,0.04548332254049675,0.17427271548279064,0.7185172559992213,50,20,20
34,5272,0.06007671530187096,0.045483322374122066,0.17592270489291945,0.7185172574310867,50,20,20
34,5273,0.06007671530187096,0.0454833223741221,0.17592266765527384,0.7185172946687324,50,20,20
34,5274,0.06007671530201544,0.03287640061725576,0.18852958621344937,0.7185172978672787,50,20,20
34,5275,0.06007671530201544,0.03287640061725576,0.18852962893327022,0.7185172551474576,50,20,20
34,5276,0.06033247401669715,0.03287640035997383,0.18827387290768155,0.7185172527156465,50,20,20
34,5277,0.06033247401799469,0.03287640036009616,0.18827722657066526,0.7185138990512427,50,20,20
34,5278,0.06033247401799472,0.03287640036009832,0.18846373764300947,0.7183273879788965,50,20,20
34,5279,0.06033247401799475,0.03287640036009836,0.1884637948928394,0.7183273307290665,50,20,20
34,5280,0.06033247401799475,0.03287640036009836,0.18846379418695527,0.7183273314349506,50,20,20
34,5281,0.06104514163817581,0.03287640036004741,0.18775112656706774,0.7183273314347077,50,20,20
34,5282,0.06442934349593582,0.03287639826694975,0.18436625889245797,0.7183279993446549,50,20,20
34,5283,0.06442934349463827,0.03287639826682742,0.1843662087352689,0.7183280495032638,50,20,20
34,5284,0.06442934349463868,0.032876398266829567,0.18436630708235685,0.7183279511561733,50,20,20
34,5285,0.06531364310447113,0.03287639838122419,0.1834802642650749,0.7183296942492281,50,20,20
34,5286,0.06531364310449388,0.03287639838122634,0.1834803276998252,0.718329630814453,50,20,20
34,5287,0.06531364310449424,0.0328763983812242,0.18366497601431545,0.7181449824999646,50,20,20
34,5288,0.0841657611983574,0.03287639827606316,0.16481459860114492,0.7181432419244329,50,20,20
34,5289,0.08416576119880663,0.03287639827666666,0.18308384720116902,0.6998739933233563,50,20,20
34,5290,0.08428795424260568,0.0328765077537011,0.18296054431606643,0.6998749936876257,50,20,20
34,5291,0.08274312126706677,0.03287650775777456,0.18450537673458467,0.6998749942405731,50,20,20
34,5292,0.08274312126706677,0.03287650775777452,0.18450537573321643,0.6998749952419413,50,20,20
34,5293,0.08274312126706676,0.03287650775777448,0.18450531778968368,0.6998750531854742,50,20,20
34,5294,0.08274312119310161,0.03287650775765008,0.18450335528629583,0.6998770157629518,50,20,20
34,5295,0.08274312119310161,0.032876507757650116,0.18450570591493903,0.6998746651343084,50,20,20
34,5296,0.08274312119310318,0.03287650775764805,0.18450566596793075,0.6998747050813171,50,20,20
34,5297,0.08274312119310316,0.03287650775764797,0.18450562186901284,0.699874749180235,50,20,20
34,5298,0.08454053398823222,0.03287650083669072,0.1827082165733922,0.6998747486016842,50,20,20
34,5299,0.08454053398823222,0.03287650083681193,0.1828947545374154,0.6996882106375398,50,20,20
34,5300,0.08454053398823232,0.04724060443949693,0.16853065093550995,0.6996882106367595,50,20,20
34,5301,0.08454053402298134,0.04724060444031353,0.18609211849386142,0.6821267430428424,50,20,20
34,5302,0.08454053402297974,0.047240604440311376,0.186088799784095,0.6821300617526124,50,20,20
34,5303,0.08454053402295697,0.04724060444031134,0.18609198430446003,0.6821268772322702,50,20,20
34,5304,0.0845405340229342,0.04724060444031131,0.18608861798615212,0.6821302435506011,50,20,20
34,5305,0.08454053402302467,0.04724060444031344,0.18622178807965364,0.6819970734570069,50,20,20
34,5306,0.08454053402302464,0.04724060444019223,0.18603529312545994,0.6821835684113218,50,20,20
34,5307,0.08454053402302461,0.047240604440192194,0.18603524940584198,0.6821836121309398,50,20,20
34,5308,0.07880710187581431,0.04724060455584182,0.19176868395489602,0.6821836096134466,50,20,20
34,5309,0.07880710187581431,0.04724060455584182,0.19176862673099385,0.6821836668373485,50,20,20
34,5310,0.07880710187581433,0.047240604555841864,0.1917687029490159,0.6821835906193264,50,20,20
34,5311,0.07880710187581273,0.047240604555843974,0.19177099440385095,0.6821812991644909,50,20,20
34,5312,0.07880710187581136,0.04724060455596435,0.18944242992823365,0.6845098636399892,50,20,20
34,5313,0.07880686352475323,0.047240604161736276,0.18927729783632455,0.6846752344771846,50,20,20
34,5314,0.07880686352475483,0.04724060416173846,0.1892806061716945,0.6846719261418108,50,20,20
34,5315,0.07880686352475483,0.04724060416173846,0.1892806061716945,0.6846719261418108,50,20,20
34,5316,0.07810722233662482,0.04720459477100744,0.19001932207758962,0.6846688608147761,50,20,20
34,5317,0.07810722233662482,0.0472045947710053,0.19001613411699075,0.6846720487753771,50,20,20
34,5318,0.07810722233662486,0.0472045947710053,0.19001846506317918,0.6846697178291887,50,20,20
34,5319,0.07810722233662488,0.0472045947779545,0.19008321931131422,0.6846049635741045,50,20,20
34,5320,0.07810722233662488,0.04720459477795447,0.19008324532003068,0.684604937565388,50,20,20
34,5321,0.07810722233662451,0.04720459477795413,0.19320794145664932,0.68148024142877,50,20,20
34,5322,0.07634111185895982,0.04720459477795519,0.19497392793337634,0.681480365429707,50,20,20
34,5323,0.07634111185895981,0.04720459477795519,0.19497297616935655,0.6814813171937267,50,20,20
34,5324,0.07369792357877114,0.04720455281197364,0.1976163891938307,0.6814811344154235,50,20,20
34,5325,0.07343290194387317,0.04720455280972495,0.19788141087315853,0.6814811343732421,50,20,20
34,5326,0.07343290194387317,0.04720455280972281,0.1978824261034161,0.6814801191429867,50,20,20
34,5327,0.0734329019438732,0.04720455280972281,0.1978791000476985,0.6814834451987042,50,20,20
34,5328,0.07343290194378219,0.047204552809720655,0.1978790798837638,0.6814834653627322,50,20,20
34,5329,0.07343290194378216,0.04720455280959835,0.19787826830361843,0.6814842769429998,50,20,20
34,5330,0.07343290194378216,0.047204552809598385,0.19787921894385405,0.6814833263027641,50,20,20
34,5331,0.07343290194378255,0.047204552809598385,0.1978791772282204,0.6814833680183975,50,20,20
34,5332,0.07343290194378295,0.047204552809600536,0.19788141401798579,0.6814811312286295,50,20,20
34,5333,0.07343290194378455,0.047204552809600606,0.1978822467218118,0.6814802985248017,50,20,20
34,5334,0.07343290194378455,0.047204552809600606,0.19787900145189474,0.681483543794719,50,20,20
34,5335,0.07343290194378337,0.04720455280960276,0.19788136087174837,0.6814811843748645,50,20,20
34,5336,0.07343290194378332,0.04720455280960276,0.19788136014624194,0.6814811851003709,50,20,20
34,5337,0.0734329019437834,0.04720455280960276,0.19788360059826668,0.6814789446483458,50,20,20
34,5338,0.07343290194378338,0.04720455280960272,0.19788352409246104,0.6814790211541515,50,20,20
34,5339,0.07343290194378342,0.04720455280960276,0.19788351782320673,0.6814790274234057,50,20,20
34,5340,0.07343290194378181,0.047204552809604824,0.1978838239031634,0.6814787213434487,50,20,20
34,5341,0.07343290194378026,0.04720455280960479,0.19788268572856474,0.6814798595180487,50,20,20
34,5342,0.07343290194378026,0.047204552809604804,0.1978859870876933,0.6814765581589203,50,20,20
34,5343,0.07343290194378065,0.047204552809604755,0.1978836571568812,0.6814788880897321,50,20,20
34,5344,0.07343290194378065,0.047204552809604755,0.19806785814805394,0.6812946870985592,50,20,20
34,5345,0.07343290194378105,0.047204552816527794,0.19820044308443524,0.6811621021552545,50,20,20
34,5346,0.07047773420706688,0.04720455284769237,0.20115629871538487,0.6811614142298545,50,20,20
34,5347,0.07047776132541811,0.04720470337922361,0.19996664614003962,0.6823508891553167,50,20,20
34,5348,0.07047776132550916,0.04720470337922361,0.19996904529001683,0.6823484900052486,50,20,20
34,5349,0.07047776361310489,0.047204706497166245,0.20231697184027744,0.6800005580494505,50,20,20
34,5350,0.07047776361301601,0.04720470649716411,0.20218388336326715,0.680133646526552,50,20,20
34,5351,0.07420811328995104,0.047204963680338975,0.19841832930768047,0.6801685937220288,50,20,20
34,5352,0.07420811328995307,0.04720496368046101,0.19846449893931023,0.6801224240902751,50,20,20
34,5353,0.07420811329002981,0.05073909459541816,0.194930371225534,0.6801224208890165,50,20,20
34,5354,0.07420811329002977,0.05073909459541848,0.19193874307992534,0.6831140490346257,50,20,20
34,5355,0.07420811329002978,0.05073909459541848,0.1919421093827532,0.6831106827317979,50,20,20
34,5356,0.07420811329113425,0.050739094595515295,0.19585039292255008,0.6792023991907989,50,20,20
34,5357,0.07420811329122529,0.050739094595515254,0.19566624015033413,0.6793865519629239,50,20,20
34,5358,0.07420811329141194,0.05073909459553782,0.1916977892338457,0.6833550028792038,50,20,20
34,5359,0.05829600069212632,0.050738837291619106,0.20764151669669217,0.6833236453195609,50,20,20
34,5360,0.05806083424943497,0.0507395571378235,0.20787593375495375,0.6833236748577853,50,20,20
34,5361,0.05806083424952603,0.050739557137825686,0.20787674976105705,0.6833228588515887,50,20,20
34,5362,0.05806083424952601,0.05073955713782565,0.2078767737407205,0.6833228348719254,50,20,20
34,5363,0.058060834249525975,0.0507395571378235,0.20787347048602264,0.6833261381266256,50,20,20
34,5364,0.05806083424952438,0.0507395571378235,0.20787340210690058,0.683326206505749,50,20,20
34,5365,0.05806083424943334,0.05073955713782355,0.20793576405013944,0.6832638445626013,50,20,20
34,5366,0.05806083424943295,0.0507395571378214,0.20793339105773798,0.6832662175550054,50,20,20
34,5367,0.05806083424943137,0.05073955713781926,0.2079301264419861,0.6832694821707611,50,20,20
34,5368,0.058984584135260226,0.050739557261462516,0.20690077528383116,0.683375083319444,50,20,20
34,5369,0.05898458413526019,0.050739557261462516,0.20683931657288712,0.6834365420303881,50,20,20
34,5370,0.05898458413396903,0.050739557261340974,0.20671293269399246,0.6835629259106953,50,20,20
34,5371,0.05898458413397024,0.050739557261343125,0.20671617724375577,0.6835596813609287,50,20,20
34,5372,0.05898458834911666,0.0507395572684351,0.20672235460763017,0.6835534997748159,50,20,20
34,5373,0.05906940468994299,0.05073955939759003,0.2066375256355423,0.6835535102769223,50,20,20
34,5374,0.05906940468994339,0.050739559397590034,0.20663427362721773,0.6835567622852465,50,20,20
34,5375,0.05906940468994339,0.05073955939759218,0.20663755590796584,0.6835534800044962,50,20,20
34,5376,0.05906940469559282,0.04901692858743679,0.20836018671242804,0.68355348000454,50,20,20
34,5377,0.05903780772592907,0.04901692858744151,0.20839190768264942,0.6835533560039777,50,20,20
34,5378,0.059037807725928676,0.04901692858744151,0.2083941441263177,0.6835511195603097,50,20,20
34,5379,0.05903780772583764,0.04901692858743937,0.20839334817269395,0.6835519155140265,50,20,20
34,5380,0.059037807725837235,0.04901692858743937,0.2083933898760231,0.6835518738106977,50,20,20
34,5381,0.05903780772713302,0.04901692859428675,0.20839837018735277,0.683546893491225,50,20,20
34,5382,0.05903780772713302,0.04901692859428672,0.20839510834790304,0.6835501553306748,50,20,20
34,5383,0.05294011034616915,0.04901675540701694,0.21453564739902953,0.6835074868477824,50,20,20
34,5384,0.05294011034616916,0.04901675540701909,0.21453573249700245,0.6835074017498073,50,20,20
34,5385,0.052940110344871796,0.049016755400049405,0.21452962927402425,0.6835135049810525,50,20,20
34,5386,0.05294011034487176,0.04901675540004936,0.214529569389779,0.6835135648652978,50,20,20
34,5387,0.05294011034487176,0.049016755400171655,0.2145328813679042,0.6835102528870504,50,20,20
34,5388,0.05294012090307922,0.05938443394613602,0.20416518751955542,0.6835102576312272,50,20,20
34,5389,0.052940120903079195,0.05938443394613602,0.2041652270491293,0.6835102181016534,50,20,20
34,5390,0.05294012090307962,0.05938443394613606,0.20416632226975215,0.6835091228810303,50,20,20
34,5391,0.052940120902988594,0.059384433946138244,0.20416473523807,0.6835107099128014,50,20,20
34,5392,0.05297194306693746,0.059384296580540674,0.20646052480630975,0.6811832355462109,50,20,20
34,5393,0.052971943066937505,0.059384296580540716,0.20646127765160624,0.6811824827009144,50,20,20
34,5394,0.05297194306693749,0.05938429658054068,0.20646013786391854,0.681183622488602,50,20,20
34,5395,0.0529719430669375,0.05938429658054281,0.20659324727238118,0.6810505130801371,50,20,20
34,5396,0.0529719430669375,0.05938429658054278,0.2065899458949862,0.6810538144575321,50,20,20
34,5397,0.05297194306693868,0.05938429658054492,0.2064030443854269,0.6812407159670881,50,20,20
34,5398,0.0529719430669387,0.059384296580547107,0.20640209328792902,0.681241667064584,50,20,20
34,5399,0.05297194306693902,0.059384296580547107,0.20640321979234189,0.6812405405601707,50,20,20
34,5400,0.05297194306693902,0.05938429658042482,0.20640067800682937,0.6812430823458056,50,20,20
34,5401,0.05297194306693902,0.05938429658042482,0.20640398004304927,0.6812397803095857,50,20,20
34,5402,0.05297194306693862,0.05938429658042482,0.20640061373481544,0.6812431466178199,50,20,20
34,5403,0.05201679053756173,0.05938429658956438,0.20735572009510914,0.6812431927777639,50,20,20
34,5404,0.052016790537561336,0.059384296589564387,0.20729425729521883,0.6813046555776545,50,20,20
34,5405,0.05109289670801951,0.059384296465839655,0.20832375239680662,0.6811990544293337,50,20,20
34,5406,0.05106105733459683,0.05938428330892605,0.2083591816682748,0.6811954776882024,50,20,20
34,5407,0.06561599074821699,0.05938356534339788,0.19380499617298047,0.6811954477354043,50,20,20
34,5408,0.06561599074821702,0.05938356534339575,0.1936729686133643,0.6813274752950226,50,20,20
34,5409,0.06561599074812634,0.059383565343395735,0.193859411272954,0.6811410326355234,50,20,20
34,5410,0.06561599074812433,0.05938356534327371,0.19381329787224175,0.6811871460363598,50,20,20
34,5411,0.06515621111311845,0.059383564869871446,0.1942767094816952,0.6811835145353144,50,20,20
34,5412,0.06515621111311802,0.05938356486987141,0.19427561425293022,0.6811846097640799,50,20,20
34,5413,0.06515621111311803,0.05938356486999158,0.19414481867874794,0.6813154053381418,50,20,20
34,5414,0.06515621111311802,0.05938356486999158,0.1941448763952751,0.6813153476216146,50,20,20
34,5415,0.0643175228852078,0.05938339895481449,0.1949845217748067,0.6813145563851702,50,20,20
34,5416,0.0643175228852078,0.05938339895481449,0.19498456161877825,0.6813145165411987,50,20,20
34,5417,0.0643175228852078,0.05938339895481235,0.19498776537733614,0.681311312782643,50,20,20
34,5418,0.06431752288529997,0.059383398954812386,0.1950880094082975,0.6812110687515893,50,20,20
34,5419,0.06431752288506952,0.06873447454247864,0.18573693366262434,0.6812110689098267,50,20,20
34,5420,0.0643175228850694,0.054358316740717,0.2001130914643728,0.6812110689098396,50,20,20
34,5421,0.0643175228850678,0.054358316740714854,0.20011299282958114,0.6812111675446352,50,20,20
34,5422,0.06431752318094212,0.054358316733765726,0.20004937685448904,0.6812747832308023,50,20,20
34,5423,0.06431752318094212,0.054358316733765726,0.2000494350778454,0.6812747250074459,50,20,20
34,5424,0.06431752318094214,0.054358316733765795,0.2000526973396202,0.6812714627456711,50,20,20
34,5425,0.06431752318094214,0.054358316733765795,0.20005258333342904,0.6812715767518622,50,20,20
34,5426,0.048974665320017575,0.05435967131669787,0.2153908054949429,0.6812748578683407,50,20,20
34,5427,0.048974665320017575,0.05435967131669787,0.21539309817801866,0.6812725651852649,50,20,20
34,5428,0.0489746671190575,0.034834099398305465,0.23491801183737457,0.6812732216452614,50,20,20
34,5429,0.048974667119055904,0.034834099398303314,0.2349147665065656,0.681276466976074,50,20,20
34,5430,0.04894090170361202,0.034834113930367686,0.23494858539095687,0.6812763989750624,50,20,20
34,5431,0.04894090170361207,0.03483411393036772,0.2350817509836566,0.6811432333823626,50,20,20
34,5432,0.048940901703611706,0.03483411393036772,0.23508020998741866,0.6811447743786009,50,20,20
34,5433,0.048940901703611706,0.03483411393036772,0.23508021127401807,0.6811447730920015,50,20,20
34,5434,0.04894090140775729,0.03483411393024753,0.2350801283017313,0.6811448563602628,50,20,20
34,5435,0.04894090140775728,0.03483411393024757,0.235079375515035,0.6811456091469593,50,20,20
34,5436,0.048940901407755685,0.034834113930245464,0.23507933457240957,0.6811456500895885,50,20,20
34,5437,0.0489408908556411,0.04402469358244164,0.22588877021376724,0.6811456453481491,50,20,20
34,5438,0.04894089055976674,0.04402469358244157,0.22588761523141052,0.6811468006263801,50,20,20
34,5439,0.04894089056106152,0.044024693582565735,0.22593379120779314,0.6811006246485786,50,20,20
34,5440,0.04894089056106152,0.044024693582565735,0.22593379203901837,0.6811006238173534,50,20,20
34,5441,0.048940890561063065,0.044024693582565735,0.2259353327204454,0.6810990831359248,50,20,20
34,5442,0.04715463333303095,0.04402470810275966,0.2277251626361988,0.6810954959280094,50,20,20
34,5443,0.04715463333303096,0.04402470810275969,0.2277284068147469,0.6810922517494613,50,20,20
34,5444,0.04629334615615657,0.044024701740155055,0.2285896309935773,0.6810923211101112,50,20,20
34,5445,0.046293346505257835,0.04402470177249595,0.2302912920676144,0.6793906596546324,50,20,20
34,5446,0.04629334650525943,0.04402470177249595,0.23029131176317935,0.6793906399590655,50,20,20
34,5447,0.04629334651042723,0.044024701772617705,0.23038103482856442,0.6793009168883909,50,20,20
34,5448,0.04629334651044978,0.044024701772619836,0.230565242902145,0.6791167088147856,50,20,20
34,5449,0.04629334651045137,0.04402470177262197,0.23069836842705327,0.6789835832898734,50,20,20
34,5450,0.04629334651045137,0.04402470177262201,0.2306974169573203,0.6789845347596064,50,20,20
34,5451,0.04629334650915659,0.04402470177249998,0.2306535909392032,0.6790283607791402,50,20,20
34,5452,0.04629334650398881,0.044024701772378216,0.2305638283565927,0.6791181233670401,50,20,20
34,5453,0.05761689608119072,0.04402470197995996,0.21924025060682456,0.6791181513320247,50,20,20
34,5454,0.05761689615514532,0.0440247019870502,0.21924288104225578,0.6791155208155485,50,20,20
34,5455,0.05761689615514377,0.044024701987050226,0.21930529320672915,0.6790531086510767,50,20,20
34,5456,0.057616896155052694,0.04402470198704597,0.21930523821407305,0.6790531636438282,50,20,20
34,5457,0.05761689709835827,0.04402470198704747,0.2193053054340111,0.6790530954805827,50,20,20
34,5458,0.05761689709835827,0.04402470198704957,0.21930759955417684,0.679050801360415,50,20,20
34,5459,0.05761689709835826,0.044024701987049546,0.21924293339423162,0.6791154675203601,50,20,20
34,5460,0.0690349852868094,0.044024707992710764,0.2078232603176321,0.6791170464028474,50,20,20
34,5461,0.06903498628342584,0.04357742164378207,0.20827118797080332,0.6791164041019884,50,20,20
34,5462,0.06903498628342426,0.04357742164377994,0.2081380784237611,0.6792495136490344,50,20,20
34,5463,0.06903498628344683,0.04357742164389897,0.20832228854559218,0.6790653035270624,50,20,20
34,5464,0.06903498628344681,0.0435774216438968,0.20813689377857675,0.6792506982940791,50,20,20
34,5465,0.06903498628344638,0.0435774216369717,0.20813633551963348,0.6792512565599479,50,20,20
34,5466,0.0690349862834448,0.0435774216369717,0.20813631583021802,0.6792512762493648,50,20,20
34,5467,0.0690349862835133,0.043577421636971723,0.20795187726666614,0.679435714812848,50,20,20
34,5468,0.06903498628351373,0.04357742163697179,0.20795193820146857,0.6794356538780452,50,20,20
34,5469,0.06910087027048596,0.0435774216375777,0.20791514225617178,0.679406565835764,50,20,20
34,5470,0.06910087027048596,0.0435774216375777,0.2079151817889691,0.6794065263029667,50,20,20
34,5471,0.06910087056413333,0.04357742203219935,0.20805862753318163,0.6792630798704852,50,20,20
34,5472,0.06910087055804044,0.04386722677305326,0.20776882280110967,0.6792630798677961,50,20,20
34,5473,0.06910087055804046,0.04386722677305322,0.20776552210920385,0.6792663805597019,50,20,20
34,5474,0.06910087055929737,0.04386722677979716,0.2084190388351975,0.6786128638257084,50,20,20
34,5475,0.06910087048543381,0.043867226772706915,0.20841736068051858,0.678614542061341,50,20,20
34,5476,0.07085832496374184,0.043867212480370954,0.20665639008524425,0.6786180724706421,50,20,20
34,5477,0.07085832496374182,0.043867212480370885,0.20665308852191258,0.6786213740339738,50,20,20
34,5478,0.07085832496374221,0.04386721248037092,0.20665314809062324,0.6786213144652626,50,20,20
34,5479,0.07953204601252939,0.0438672122727892,0.19797945521477767,0.6786212864999029,50,20,20
34,5480,0.07953204601127249,0.043867212266047374,0.19732597918009243,0.6792747625425869,50,20,20
34,5481,0.07953204601127248,0.04386721226604737,0.1973883881038749,0.6792123536188044,50,20,20
34,5482,0.0795320460112729,0.0438672122660474,0.19738611517753923,0.6792146265451396,50,20,20
34,5483,0.0795320460113639,0.04386721226604526,0.19738536439594043,0.6792153773266496,50,20,20
34,5484,0.07953204601136389,0.04386721226604526,0.19738536367249787,0.6792153780500922,50,20,20
34,5485,0.07953204601136389,0.04386721226604529,0.1973853810956911,0.6792153606268991,50,20,20
34,5486,0.07953204601136389,0.04386721226604319,0.19738459071415881,0.6792161510084336,50,20,20
34,5487,0.07953204601136389,0.043867212266043155,0.19738453278314563,0.6792162089394468,50,20,20
34,5488,0.07953204571762586,0.04386721187142155,0.19724131831035405,0.6793594241005979,50,20,20
34,5489,0.07953204571762545,0.0438672118714215,0.19724360947543626,0.6793571329355161,50,20,20
34,5490,0.08001474110851521,0.04386719807450229,0.19676086009788774,0.679357200719094,50,20,20
34,5491,0.0800147411085152,0.04386719807450229,0.19675972203480685,0.6793583387821751,50,20,20
34,5492,0.0768031715470202,0.04386719631320204,0.19997285318959426,0.6793567789501828,50,20,20
34,5493,0.07680316922478757,0.06324267203857259,0.18059821858552375,0.6793559401511153,50,20,20
34,5494,0.07680316922478755,0.06324267203857255,0.18059825511020963,0.6793559036264295,50,20,20
34,5495,0.0768031692247875,0.06324267203857252,0.1804650898042816,0.6794890689323578,50,20,20
34,5496,0.07680316921914555,0.06496975112208923,0.1787380107236729,0.6794890689350921,50,20,20
34,5497,0.07680316921916833,0.06496975112208926,0.17873801435471165,0.6794890653040305,50,20,20
34,5498,0.07680316921916837,0.06496975112208934,0.17873798589948786,0.6794890937592541,50,20,20
34,5499,0.07680316644419312,0.06497472336349558,0.17873303075045652,0.6794890794418549,50,20,20
34,5500,0.07680316644419312,0.06497472336349347,0.17866831062875035,0.6795537995635631,50,20,20
34,5501,0.07680316644419312,0.06497472336349559,0.17866912106557276,0.6795529891267386,50,20,20
34,5502,0.0768031664441947,0.06497472336349559,0.1788027216939495,0.67941938849836,50,20,20
34,5503,0.07680316644419474,0.06497472336349562,0.1787994608465528,0.6794226493457568,50,20,20
34,5504,0.07680316644419474,0.06497472336337336,0.17879716133528653,0.6794249488571457,50,20,20
34,5505,0.07680316644419434,0.0649747233633712,0.1787939733547879,0.6794281368376468,50,20,20
34,5506,0.07680316644419431,0.06497472336337118,0.1787939164099823,0.6794281937824524,50,20,20
34,5507,0.07680316644419434,0.06497472336337118,0.17879399729345308,0.6794281128989818,50,20,20
34,5508,0.07512668562774644,0.06497339042817542,0.1804751026524571,0.6794248212916213,50,20,20
34,5509,0.07512668562774644,0.06497339042817543,0.1804751586459945,0.6794247652980839,50,20,20
34,5510,0.07512668562774605,0.06497339042817539,0.1804751006351006,0.6794248233089781,50,20,20
34,5511,0.07512668562764083,0.06472691599242869,0.1807215838220755,0.6794248145578551,50,20,20
34,5512,0.07512668562754975,0.06472691599242655,0.18072071303511314,0.6794256853449108,50,20,20
34,5513,0.056540521312770674,0.06472695765655659,0.19929551658346656,0.679437004447206,50,20,20
34,5514,0.056474636983479376,0.06472695987552307,0.1993613988536529,0.6794370042873452,50,20,20
34,5515,0.05647463698348705,0.07909093108730655,0.1849974276390972,0.6794370042901094,50,20,20
34,5516,0.05647463276834063,0.07909093108021457,0.1849912335781152,0.6794432025733298,50,20,20
34,5517,0.060555563846931,0.07909110128058709,0.18091363663412785,0.6794396982383545,50,20,20
34,5518,0.060555563846931,0.07909110128058709,0.18091363535473903,0.6794396995177432,50,20,20
34,5519,0.060555563846931,0.07909110128058709,0.18091132415037697,0.6794420107221053,50,20,20
34,5520,0.06058994131505495,0.07909110179456945,0.1808768781223649,0.679442078768011,50,20,20
34,5521,0.06058994131505498,0.0790911017945694,0.18074606257606735,0.6795728943143088,50,20,20
34,5522,0.06058994131505498,0.07909563192092994,0.1807415324497546,0.6795728943142609,50,20,20
34,5523,0.06292913719859491,0.07909563003666657,0.1784023386017247,0.6795728941630144,50,20,20
34,5524,0.06292913719859491,0.07909563003666657,0.17840229835689347,0.6795729344078455,50,20,20
34,5525,0.0629291371988271,0.059302199566369194,0.19819572882822592,0.679572934406577,50,20,20
34,5526,0.06292913719880473,0.05930219956636915,0.19819570174797566,0.6795729614868496,50,20,20
34,5527,0.07177850694488981,0.05930219388119228,0.1893436198107027,0.6795756793632148,50,20,20
34,5528,0.07177850695006899,0.05930219388119661,0.18938943875430678,0.6795298604144273,50,20,20
34,5529,0.07177850695136495,0.059302193881198714,0.18939041067657794,0.6795288884908579,50,20,20
34,5530,0.0703683537583044,0.059306990538290465,0.19080707921492082,0.6795175764884839,50,20,20
34,5531,0.07036835415049363,0.05930711273924717,0.19080695662177288,0.6795175764884857,50,20,20
34,5532,0.07036835415049193,0.05930711273924717,0.19083680412258697,0.6794877289876734,50,20,20
34,5533,0.0703683541504915,0.059307112739247145,0.19083678402100734,0.6794877490892537,50,20,20
34,5534,0.07036835415051426,0.05930711273937155,0.1908391612528147,0.6794853718572992,50,20,20
34,5535,0.07036835415051429,0.05930711273937159,0.19083916197087267,0.6794853711392413,50,20,20
34,5536,0.07036835415051425,0.05930711273937155,0.190841484120155,0.6794830489899593,50,20,20
34,5537,0.07036835415050705,0.06017756730910651,0.18997102955037945,0.6794830489900072,50,20,20
34,5538,0.08216159621070672,0.06017756305571836,0.17817781201038177,0.6794830287231935,50,20,20
34,5539,0.08222587316186684,0.06017756525041272,0.1781135328646125,0.6794830287231085,50,20,20
34,5540,0.08222587316177636,0.060177565250412686,0.17798013930644047,0.6796164222813711,50,20,20
34,5541,0.082225873161776,0.06017756525041272,0.17811214504639364,0.6794844165414182,50,20,20
34,5542,0.08222587316177599,0.06017756525041272,0.17811442441733938,0.6794821371704723,50,20,20
34,5543,0.08222587316177603,0.060177565250535026,0.17811678493568617,0.6794797766520034,50,20,20
34,5544,0.08222602308565882,0.06017757845555512,0.17811303210400178,0.6794833663547841,50,20,20
34,5545,0.08222602308565882,0.0601775784556774,0.1781140328829128,0.6794823655757506,50,20,20
34,5546,0.08222602308565884,0.06017757845567744,0.1781140091735824,0.6794823892850811,50,20,20
34,5547,0.0822260230857499,0.060177578455799734,0.17811638639880276,0.6794800120596475,50,20,20
34,5548,0.08222602308577427,0.060177578455799734,0.17811750156362866,0.6794788968947971,50,20,20
34,5549,0.08222602308577427,0.0601775784557997,0.17811517163263646,0.6794812268257894,50,20,20
34,5550,0.08222602308577429,0.06017757845579755,0.17811512777406832,0.6794812706843597,50,20,20
34,5551,0.08175423100171068,0.060177577797702234,0.17858574584865905,0.6794824453519284,50,20,20
34,5552,0.08175423100171071,0.06017757779770227,0.17871891115267574,0.6793492800479116,50,20,20
34,5553,0.09848680991489908,0.06017757775348346,0.16198699565312896,0.6793486166784884,50,20,20
34,5554,0.09848680991619663,0.06017757775360575,0.1619903293363322,0.6793452829938653,50,20,20
34,5555,0.09848680993437332,0.06073298748928236,0.16143491958240216,0.6793452829939419,50,20,20
34,5556,0.09848680993445381,0.06073298748928428,0.16376443340700853,0.6770157691692531,50,20,20
34,5557,0.09848680993443126,0.06073298748916311,0.16376443168506755,0.6770157708913379,50,20,20
34,5558,0.09848680993445402,0.060732987489285406,0.16376778353234162,0.6770124190439186,50,20,20
34,5559,0.09840638197666723,0.0607329874891725,0.1638509560212639,0.677009674512896,50,20,20
34,5560,0.08419026067700655,0.06073356107124876,0.17791272906088326,0.6771634491908612,50,20,20
34,5561,0.08419026067700656,0.060733561071248846,0.17791267195563093,0.6771635062961139,50,20,20
34,5562,0.07976006120030905,0.06073585549731114,0.18234059845862874,0.6771634848437503,50,20,20
34,5563,0.07976006120030905,0.06073585549718885,0.18233822196171026,0.677165861340791,50,20,20
34,5564,0.07976031327848987,0.06073583190429061,0.1823341085500156,0.677169746267203,50,20,20
34,5565,0.0797603132785126,0.06073583190441293,0.18233789652517987,0.6771659582918937,50,20,20
34,5566,0.07668200878232358,0.060735836136931426,0.18539485884999363,0.6771872962307508,50,20,20
34,5567,0.0766820087771444,0.06073583613692711,0.18534908014106868,0.6772330749448592,50,20,20
34,5568,0.07668200877714476,0.060735836136927145,0.1852159915360777,0.6773661635498498,50,20,20
34,5569,0.07668200877714479,0.060735836136929275,0.18534680725351804,0.6772353478324074,50,20,20
34,5570,0.07668200877712081,0.060735836136929275,0.18534895408298968,0.6772332010029598,50,20,20
34,5571,0.07668200877712082,0.060735836136929275,0.18535225660248966,0.6772298984834597,50,20,20
34,5572,0.07668200877711963,0.060735836136931426,0.185221008049675,0.6773611470362734,50,20,20
34,5573,0.07668200877711963,0.0607358361370533,0.18528571172917133,0.6772964433566554,50,20,20
34,5574,0.07668203137385635,0.06074953551101453,0.18527198957735344,0.6772964435377754,50,20,20
34,5575,0.07668203137377586,0.06074953551101261,0.18294253322659487,0.6796258998886165,50,20,20
34,5576,0.07668295397841664,0.060749535511125025,0.18374521514160236,0.6788222953688557,50,20,20
34,5577,0.07668295397841661,0.06074953551112498,0.18374517461049933,0.6788223358999588,50,20,20
34,5578,0.07668295398360683,0.060749535511249425,0.18374848747581995,0.6788190230293233,50,20,20
34,5579,0.07668295398362984,0.0607495355112516,0.1838743575200307,0.6786931529850875,50,20,20
34,5580,0.07668295398362988,0.06074953551125156,0.18387511035340454,0.6786924001517137,50,20,20
34,5581,0.07668295398363026,0.060749535511253706,0.18387511394602613,0.6786923965590898,50,20,20
34,5582,0.07668295398363024,0.06074953551113145,0.18387290049895402,0.6786946100062841,50,20,20
34,5583,0.07668293101659711,0.06073571394244262,0.18388674521253948,0.6786946098284204,50,20,20
34,5584,0.07668293101661988,0.060735713942444806,0.18388795856843212,0.6786933964725028,50,20,20
34,5585,0.07668293101662031,0.06073571394244484,0.18388795780816866,0.678693397232766,50,20,20
34,5586,0.07668293101662031,0.06073571394244484,0.18389116243259374,0.6786901926083411,50,20,20
34,5587,0.07668340202969044,0.06073570073735159,0.18389429432700968,0.6786866029059485,50,20,20
34,5588,0.07668340202969003,0.06073570073735156,0.1838910313496274,0.6786898658833311,50,20,20
34,5589,0.0766834020348801,0.06073570073747175,0.1838911114905127,0.6786897857371357,50,20,20
34,5590,0.0766834020348817,0.06073570073759405,0.18389223473643188,0.6786886624910927,50,20,20
34,5591,0.07668340203486092,0.06073570113218531,0.18402371179342944,0.6785571850395246,50,20,20
34,5592,0.07668340200573685,0.06073582771051252,0.1840235852474846,0.6785571850362662,50,20,20
34,5593,0.07668340200573681,0.06073582771051464,0.1838904791752799,0.6786902911084689,50,20,20
34,5594,0.07668251848348899,0.060737110438178796,0.1838900780875444,0.6786902929907883,50,20,20
34,5595,0.0766825184834886,0.06073711043829864,0.18393387382128978,0.6786464972569235,50,20,20
34,5596,0.07668251848348823,0.06073711043842086,0.183936213578617,0.6786441574994744,50,20,20
34,5597,0.0752392174497639,0.060734769717308214,0.18538186238364884,0.6786441504492795,50,20,20
34,5598,0.0747401352500708,0.060734770248843765,0.18588094236224736,0.6786441521388386,50,20,20
34,5599,0.07474013525006881,0.060734769854130205,0.18574616998675045,0.678778924909051,50,20,20
34,5600,0.07976526411935755,0.06073492054717378,0.18072408005776325,0.6787757352757056,50,20,20
34,5601,0.07976526411936072,0.06073492054705176,0.180811532428942,0.6786882829046457,50,20,20
34,5602,0.07976526411948553,0.0411489833092052,0.20039746966660826,0.6786882829047007,50,20,20
34,5603,0.0797652641195766,0.04114898330920524,0.20039986782532954,0.6786858847458883,50,20,20
34,5604,0.07405713445193529,0.041148989807739615,0.20610799148897552,0.6786858842513496,50,20,20
34,5605,0.08902861922486917,0.041148838855100706,0.19113735297940807,0.6786851889406218,50,20,20
34,5606,0.08902861922486917,0.041148838855100706,0.1911364012344264,0.6786861406856035,50,20,20
34,5607,0.08902861922486917,0.041148838855100706,0.19113964751800483,0.678682894402025,50,20,20
34,5608,0.08902861922489183,0.04114883885522262,0.19120457074445824,0.6786179711754271,50,20,20
34,5609,0.08902861923008228,0.04114883885510251,0.19120455331400835,0.6786179886008067,50,20,20
34,5610,0.08902861923007832,0.040295231297603894,0.19205816087428787,0.6786179885980296,50,20,20
34,5611,0.08902861922878076,0.04029523129748161,0.1920581099323927,0.6786180395413445,50,20,20
34,5612,0.09523124125609007,0.04029522426747059,0.18585549611515473,0.6786180383612842,50,20,20
34,5613,0.09523124125609168,0.04029522426747274,0.18585636689302454,0.6786171675834106,50,20,20
34,5614,0.09523124125609009,0.04029522426735256,0.1860417383599452,0.6784317961166118,50,20,20
34,5615,0.09523124125609009,0.040295224267352596,0.18604171264303432,0.6784318218335227,50,20,20
34,5616,0.09523124125618114,0.040295224274323,0.18585927593840257,0.6786142585310929,50,20,20
34,5617,0.09523124125618233,0.04029522427432082,0.1858600665153595,0.6786134679541371,50,20,20
34,5618,0.09523124125618233,0.040295224274320855,0.1858612045758074,0.6786123298936889,50,20,20
34,5619,0.09523124125747963,0.04029522427444527,0.18586241220827457,0.6786111222597999,50,20,20
34,5620,0.09523124125748712,0.040295095503660595,0.18586254097905183,0.6786111222597999,50,20,20
34,5621,0.09523124125746438,0.04029509550969806,0.18818815067242603,0.6762855125604113,50,20,20
34,5622,0.0952312412864656,0.039892373538711313,0.18859087261115273,0.6762855125636698,50,20,20
34,5623,0.09523124128516791,0.039892373538586906,0.1885904412071219,0.6762859439691228,50,20,20
34,5624,0.09523124128525834,0.039892373538589036,0.18872126453634983,0.6761551206398019,50,20,20
34,5625,0.0952312412852547,0.04074172620091308,0.1878719118740303,0.6761551206398012,50,20,20
34,5626,0.09523031868059117,0.04074172620079772,0.18719997882958256,0.6768279762890278,50,20,20
34,5627,0.09523031868059117,0.040741726200797676,0.18719997836737767,0.676827976751233,50,20,20
34,5628,0.09523031868188074,0.040741726201565756,0.1849965988922482,0.6790313562243049,50,20,20
34,5629,0.10866298103234845,0.04074783691396642,0.17171158089262128,0.6788776011610632,50,20,20
34,5630,0.10866298103364615,0.040747836913847105,0.17157928963944255,0.6790098924130636,50,20,20
34,5631,0.1086629810335551,0.040747836913724814,0.17157691239695727,0.6790122696557623,50,20,20
34,5632,0.1086629810322655,0.04074783690679696,0.17145087322509345,0.6791383088358436,50,20,20
34,5633,0.10866298103224287,0.04074783690679693,0.1713251018628258,0.6792640801981338,50,20,20
34,5634,0.1086629810322429,0.040747836906796904,0.1713239775622596,0.6792652044987,50,20,20
34,5635,0.1086629810322445,0.04074783690691702,0.17119464013392707,0.6793945419269108,50,20,20
34,5636,0.10866298103215344,0.04074783690691913,0.17119554421818503,0.6793936378427419,50,20,20
34,5637,0.10866298103215341,0.04074783690691699,0.17119325093986748,0.6793959311210617,50,20,20
34,5638,0.10866298103215341,0.04074783690691699,0.17119321110695002,0.6793959709539793,50,20,20
34,5639,0.10866298103604657,0.04074783690691488,0.17119318080960988,0.6793960012474284,50,20,20
34,5640,0.10866298103604656,0.04074783691386194,0.17125712052922892,0.6793320615208625,50,20,20
34,5641,0.10866298103604656,0.04074783691386195,0.17125712115541641,0.6793320608946749,50,20,20
34,5642,0.10866298103604496,0.04074783691386198,0.17125634059583295,0.6793328414542599,50,20,20
34,5643,0.10866298110927873,0.040747836913864105,0.17132174484079513,0.6792674371360619,50,20,20
34,5644,0.10866298111056276,0.04074783691386418,0.17153379405839186,0.679055387917181,50,20,20
34,5645,0.10866298111056276,0.04074783691386205,0.17134724334688733,0.6792419386286876,50,20,20
34,5646,0.10866298111056114,0.04074783691373976,0.1713434553808004,0.6792457265948986,50,20,20
34,5647,0.10866237087736179,0.04074783691389158,0.17134406559322163,0.6792457266155248,50,20,20
34,5648,0.10866237506542217,0.040747836927739506,0.1713451743973604,0.6792446136094777,50,20,20
34,5649,0.10866237506542217,0.04074783692773954,0.17134192882846824,0.6792478591783698,50,20,20
34,5650,0.10866237507052136,0.040747836920893586,0.17134113998899494,0.6792486480195898,50,20,20
34,5651,0.08892865344835629,0.040748968687636014,0.19107354057148757,0.6792488372925203,50,20,20
34,5652,0.08892865344833352,0.04074896868763387,0.1910723841445157,0.6792499937195171,50,20,20
34,5653,0.08892865344831083,0.040748968687511954,0.1910074254403925,0.6793149524237849,50,20,20
34,5654,0.08892865344312038,0.040748968687509775,0.19100506637381565,0.6793173114955543,50,20,20
34,5655,0.08892865344312038,0.04074896868750764,0.1910050073673476,0.6793173705020245,50,20,20
34,5656,0.08892865344312038,0.0407489686875076,0.19100423787286736,0.6793181399965047,50,20,20
34,5657,0.08892865344321306,0.04074896868750757,0.1910054979491098,0.6793168799201696,50,20,20
34,5658,0.08133492896241473,0.04074228642565428,0.19860592294700308,0.679316861664928,50,20,20
34,5659,0.08133492896241636,0.04074228642565639,0.19860593981485614,0.6793168447970711,50,20,20
34,5660,0.08133492896241636,0.04074228642565639,0.19860593956529482,0.6793168450466325,50,20,20
34,5661,0.08133492896250742,0.0407422864256585,0.19860382310292682,0.6793189615089072,50,20,20
34,5662,0.08133492896122341,0.04074228642565843,0.1983917340758438,0.6795310505372743,50,20,20
34,5663,0.07831372826494891,0.0407424090772041,0.20141280150179522,0.6795310611560518,50,20,20
34,5664,0.07831372826494895,0.0407424090772041,0.20141280151947236,0.6795310611383747,50,20,20
34,5665,0.07830425597361977,0.04074127731059396,0.20142359477994817,0.6795308719358382,50,20,20
34,5666,0.07830425597361977,0.040741277310682486,0.20695255578207664,0.6740019109336214,50,20,20
34,5667,0.07830425597361981,0.040741277310682486,0.2069548469059011,0.673999619809797,50,20,20
34,5668,0.07830425597361818,0.04074127731068037,0.20695481362772086,0.673999653087981,50,20,20
34,5669,0.07830425597361819,0.04074127731068252,0.2069548531624971,0.6739996135532026,50,20,20
34,5670,0.07830425597352751,0.04074127731068037,0.2069537822021446,0.6740006845136479,50,20,20
34,5671,0.07830425597352751,0.040741277310680335,0.20695378120077634,0.6740006855150162,50,20,20
34,5672,0.07830425597352753,0.04074127731068244,0.20695382188593306,0.6740006448298572,50,20,20
34,5673,0.07830425597362015,0.04074127731068459,0.20695234580360938,0.6740021209120863,50,20,20
34,5674,0.07830425597372404,0.039897561700809915,0.2077960612617143,0.6740021210637523,50,20,20
34,5675,0.07830433567950329,0.03989764897245886,0.20779588533175825,0.6740021300162793,50,20,20
34,5676,0.07830433560626633,0.0398976489725779,0.2077834416920615,0.674014573729094,50,20,20
34,5677,0.07830433560626596,0.03989764897257794,0.2077834435001921,0.6740145719209637,50,20,20
34,5678,0.07830433560625838,0.03989775030174346,0.20778334217103403,0.6740145719209637,50,20,20
34,5679,0.07830433560106755,0.03989775030174553,0.20782864392352807,0.6739692701736586,50,20,20
34,5680,0.07830433560097302,0.040440477548267885,0.20728591667279975,0.673969270177959,50,20,20
34,5681,0.08129184153692709,0.04044035489673641,0.2042985440071542,0.6739692595591826,50,20,20
34,5682,0.08129184153692709,0.04044035489673645,0.2044850383230629,0.6737827652432737,50,20,20
34,5683,0.08129184153692708,0.04044035489673648,0.20448503878031676,0.67378276478602,50,20,20
34,5684,0.08129184153692708,0.04044035489673648,0.20448498109934618,0.6737828224669903,50,20,20
34,5685,0.08129184153173685,0.04044035489661419,0.20452777479950146,0.6737400287721477,50,20,20
34,5686,0.08129184153173685,0.04044035489661419,0.20452783147959333,0.6737399720920557,50,20,20
34,5687,0.08129184153173685,0.04044035489670268,0.21005671775515103,0.6682110858164094,50,20,20
34,5688,0.0812918415317369,0.040440354896581515,0.20987023841318916,0.6683975651584925,50,20,20
34,5689,0.0812918415317353,0.04044035489658365,0.20987019217799624,0.6683976113936846,50,20,20
34,5690,0.08129184153173526,0.04044035489658365,0.2098701921604275,0.6683976114112535,50,20,20
34,5691,0.08129184153173524,0.04044035489649517,0.20434125457467459,0.6739265489970953,50,20,20
34,5692,0.08129176123075262,0.040434486911806455,0.20434721183932777,0.6739265400181134,50,20,20
34,5693,0.08129176123077536,0.04043448691192876,0.2043496140914435,0.6739241377658526,50,20,20
34,5694,0.08129168152108578,0.04043427288270575,0.2043499167833778,0.6739241288128313,50,20,20
34,5695,0.0845512254670012,0.040434268614173714,0.20111227361522988,0.6739022323035951,50,20,20
34,5696,0.08455122546700279,0.04043426861417157,0.20124659961526414,0.6737679063035613,50,20,20
34,5697,0.08455122551707317,0.04043502493099705,0.2012458432516264,0.673767906300303,50,20,20
34,5698,0.08455122511878553,0.04043502518520277,0.2012458432132276,0.6737679064827837,50,20,20
34,5699,0.08452466596518017,0.04043584628155554,0.20127151543866556,0.6737679723145982,50,20,20
34,5700,0.08452466596517859,0.040435846281557684,0.2011372006138393,0.6739022871394238,50,20,20
34,5701,0.08452466596517859,0.04043584628155554,0.2010910528170211,0.6739484349362443,50,20,20
34,5702,0.08452466596518017,0.04043584628167705,0.20122422976527266,0.6738152579878696,50,20,20
34,5703,0.07710019150715751,0.04043584889019185,0.20864863894462224,0.6738153206580277,50,20,20
34,5704,0.07710019150715752,0.04043584889019185,0.2086486769078716,0.6738152826947785,50,20,20
34,5705,0.0771001915071575,0.04043584889019185,0.20864866312630284,0.6738152964763472,50,20,20
34,5706,0.07710019150832369,0.039885249744696816,0.20919926227062638,0.6738152964763509,50,20,20
34,5707,0.07517603516626672,0.03988534290549348,0.21112250884333278,0.6738161130849053,50,20,20
34,5708,0.07517603516626672,0.03988534290549345,0.21093597703928524,0.6740026448889529,50,20,20
34,5709,0.07517603516107665,0.039885342905371116,0.211120315209703,0.6738183067238473,50,20,20
34,5710,0.07517603516118411,0.039662451544289004,0.2113432065706782,0.6738183067238468,50,20,20
34,5711,0.07517603516118411,0.03966245154428904,0.21134320110171412,0.6738183121928109,50,20,20
34,5712,0.07517603516127358,0.03966245154416758,0.2112100997543524,0.6739514135402045,50,20,20
34,5713,0.07517603516127358,0.03966245154428773,0.21121108694626906,0.6739504263481677,50,20,20
34,5714,0.07517603516127319,0.03966245154428773,0.21102431756764667,0.6741371957267904,50,20,20
34,5715,0.07517603516127516,0.03966245155125735,0.2110304365605131,0.6741310767269526,50,20,20
34,5716,0.07517603516127673,0.03966245155125738,0.2110304668173755,0.6741310464700885,50,20,20
34,5717,0.07517603516127673,0.03966245155125738,0.2110304675667993,0.6741310457206647,50,20,20
34,5718,0.07517603516127673,0.03966245155125738,0.21103046757900512,0.6741310457084588,50,20,20
34,5719,0.07517603516117664,0.039266475885689725,0.21142644324472026,0.6741310457084114,50,20,20
34,5720,0.07517603516117663,0.039266475885687574,0.21142314029071912,0.6741343486624148,50,20,20
34,5721,0.0751760351611766,0.03926647588568544,0.21137699440704505,0.6741804945460912,50,20,20
34,5722,0.0751760351611994,0.039266475885809886,0.2113778852198656,0.6741796037331232,50,20,20
34,5723,0.09395589459341691,0.03926646904928049,0.1925980966601524,0.6741795396971492,50,20,20
34,5724,0.09395589459859256,0.03926646905623155,0.1926575613879524,0.6741200749572226,50,20,20
34,5725,0.09395589485471201,0.03926646905543718,0.19493656046124774,0.6718410756286022,50,20,20
34,5726,0.09395589485462094,0.03926646905543504,0.19493424842326784,0.6718433876666754,50,20,20
34,5727,0.09395589485462098,0.03926646905543508,0.19493428835495016,0.6718433477349929,50,20,20
34,5728,0.09419608838386294,0.03926646904634638,0.19469414099450738,0.6718433015752826,50,20,20
34,5729,0.09419608838386134,0.03926646903939718,0.19462933005287936,0.6719081125238615,50,20,20
34,5730,0.09419608835402653,0.03925651815972896,0.19463928096246252,0.6719081125237812,50,20,20
34,5731,0.09419608835402653,0.03925651815972893,0.19463928059936061,0.6719081128868832,50,20,20
34,5732,0.09419608835402653,0.03925651815972893,0.1946392803298782,0.6719081131563657,50,20,20
34,5733,0.09419608835400375,0.03925651815960663,0.19463690408810394,0.6719104893982849,50,20,20
34,5734,0.09419608835400375,0.03925651815960874,0.19463921462972528,0.6719081788566615,50,20,20
34,5735,0.09419608835396417,0.03906601967422703,0.19482887997903323,0.6719090119927745,50,20,20
34,5736,0.09419608835396419,0.039066019674227064,0.19482892097596255,0.671908970995845,50,20,20
34,5737,0.09419608835396419,0.039066019674224954,0.1948288798206706,0.6719090121511391,50,20,20
34,5738,0.09419608835387314,0.03906601967422499,0.19496197143770222,0.6717759205341985,50,20,20
34,5739,0.09419608835516909,0.03906601967434729,0.19496525359274003,0.6717726383777425,50,20,20
34,5740,0.09419608416701822,0.03906601966049727,0.1948310284716869,0.6719068677007966,50,20,20
34,5741,0.07496607333035663,0.03906601966056674,0.21406103925809655,0.6719068677509802,50,20,20
34,5742,0.07496607332915015,0.03906601966044445,0.21405774693191748,0.671910160078488,50,20,20
34,5743,0.07496607332915174,0.03906601966044452,0.21405776434981277,0.6719101426605911,50,20,20
34,5744,0.07496607332915174,0.039066019660444484,0.21406100925015598,0.6719068977602479,50,20,20
34,5745,0.0749660736236698,0.039389595669280936,0.21373743280594978,0.6719068979010993,50,20,20
34,5746,0.07590293899560113,0.03938877430052731,0.21269577853780722,0.6720125081660643,50,20,20
34,5747,0.07590293899560156,0.039388774300527354,0.21269363251290735,0.6720146541909638,50,20,20
34,5748,0.07590293899560158,0.03938877430052953,0.21269693477717336,0.6720113519266956,50,20,20
34,5749,0.07590293899560156,0.039388774300527354,0.21269363352928303,0.6720146531745881,50,20,20
34,5750,0.07590293899551209,0.03938877430040716,0.2128225095512207,0.6718857771528604,50,20,20
34,5751,0.06756933408658798,0.03938877430030042,0.22115611446074912,0.6718857771523628,50,20,20
34,5752,0.0675693340865806,0.027096372619905898,0.2334485161401655,0.6718857771533473,50,20,20
34,5753,0.06756933449989228,0.027096246003879845,0.23344864233962134,0.6718857771566056,50,20,20
34,5754,0.06756933449989228,0.027096246003881955,0.23345193107431142,0.6718824884219132,50,20,20
34,5755,0.06756933423859718,0.027096245997725296,0.23111351953262527,0.6742209002310514,50,20,20
34,5756,0.06756933423859722,0.02709624599772533,0.2311135198385653,0.6742208999251114,50,20,20
34,5757,0.06756933423859723,0.02709624599772533,0.2311135201657801,0.6742208995978963,50,20,20
34,5758,0.06756933423859882,0.027096245997725296,0.23111429044332618,0.6742201293203489,50,20,20
34,5759,0.06756933423859877,0.027096245997725296,0.2312474153684071,0.6740870043952679,50,20,20
34,5760,0.06756933423859836,0.027096245997725296,0.23124415414945115,0.674090265614224,50,20,20
34,5761,0.0675693342386894,0.027096245997603456,0.23118053298578092,0.6741538867779252,50,20,20
34,5762,0.0675693342386878,0.027096245997603456,0.23117977870234274,0.674154641061365,50,20,20
34,5763,0.07646870480920803,0.027096246000822388,0.22228040643934271,0.6741546427506261,50,20,20
34,5764,0.07646870480920803,0.027096246000822388,0.22234510956397974,0.674089939625989,50,20,20
34,5765,0.07646870480920803,0.027096246000822388,0.2222120005665813,0.6742230486233874,50,20,20
34,5766,0.07653318980641848,0.02709612348033881,0.2221471299184117,0.6742235567948296,50,20,20
34,5767,0.07646870525024652,0.02709612382375584,0.22221211192660306,0.6742230589993933,50,20,20
34,5768,0.07688373926518892,0.027095114450276587,0.2217980872848195,0.674223058999714,50,20,20
34,5769,0.05980124536823752,0.027095114450839102,0.23888057938881627,0.674223060792107,50,20,20
34,5770,0.05980124536823752,0.027095114450841208,0.23888063648430016,0.6742230036966209,50,20,20
34,5771,0.0659350407232568,0.02710652532949664,0.23268102702018278,0.6742774069270636,50,20,20
34,5772,0.06593504072455394,0.02710652532961897,0.2326842653847985,0.6742741685610286,50,20,20
34,5773,0.06593504072455557,0.027106525329616823,0.23281508739449042,0.6741433465513371,50,20,20
34,5774,0.06593504072455603,0.027106525329619005,0.23281513523756187,0.6741432987082631,50,20,20
34,5775,0.06593504072448614,0.027106525329737008,0.2328175775738378,0.6741408563719391,50,20,20
34,5776,0.06593504072448614,0.027106525329736973,0.23275287475405357,0.6742055591917234,50,20,20
34,5777,0.06552022140435328,0.02710652639367904,0.23316769301002582,0.6742055591919418,50,20,20
34,5778,0.06552022140435174,0.027106526393676948,0.23303458418907774,0.6743386680128937,50,20,20
34,5779,0.06552022140305419,0.027106526393554656,0.23303127206554886,0.6743419801378424,50,20,20
34,5780,0.06552022270759533,0.026790035966689565,0.23334776114907843,0.6743419801766366,50,20,20
34,5781,0.06552022270759532,0.02679003596668953,0.23334783489552882,0.6743419064301861,50,20,20
34,5782,0.06552022270759689,0.026790035966691675,0.23335009644274135,0.6743396448829699,50,20,20
34,5783,0.06552022300339778,0.02679003597365922,0.2333529543320893,0.6743367866908535,50,20,20
34,5784,0.065520223003417,0.026790035973658886,0.23647765641698315,0.6712120846059407,50,20,20
34,5785,0.08252060983301257,0.026790035975429394,0.21947727116645668,0.6712120830251014,50,20,20
34,5786,0.0825206098330125,0.026790035975429397,0.21947650167929753,0.6712128525122604,50,20,20
34,5787,0.08252633213723368,0.027228094587352605,0.21903272076309122,0.671212852512322,50,20,20
34,5788,0.08252633184143278,0.027228094580382917,0.2190265798999762,0.6712189936782076,50,20,20
34,5789,0.08252633184143278,0.027228094580382917,0.21902652333584136,0.6712190502423425,50,20,20
34,5790,0.08252633184143318,0.027228094580382996,0.21902887436444277,0.6712166992137406,50,20,20
34,5791,0.0825263318414557,0.02722809458038508,0.21921539264060502,0.6710301809375536,50,20,20
34,5792,0.08252633022480707,0.027228096822623015,0.21921539219747962,0.67103018075509,50,20,20
34,5793,0.08252633022480664,0.02722809682262298,0.21921427639782987,0.6710312965547404,50,20,20
34,5794,0.08252633032917327,0.027222961737959923,0.21921941137767892,0.6710312965551876,50,20,20
34,5795,0.08252633032915048,0.02722296173783551,0.2192185610834522,0.6710321468495618,50,20,20
34,5796,0.08252633032915052,0.04011886333979718,0.20632265948247588,0.6710321468485765,50,20,20
34,5797,0.08252633032785298,0.04011886333979503,0.20631936355285257,0.6710354427794993,50,20,20
34,5798,0.08252633040133135,0.04011886334684167,0.2064530565436679,0.670901749708159,50,20,20
34,5799,0.08252633040133295,0.04011886334684167,0.2064531374374269,0.6709016688143984,50,20,20
34,5800,0.08252632999641542,0.04011898765987109,0.20645301350449569,0.6709016688392174,50,20,20
34,5801,0.08252632999641539,0.04011898765987113,0.2064530530284894,0.6709016293152237,50,20,20
34,5802,0.08252633007037653,0.04011898765999128,0.20645615242146367,0.6708985298481681,50,20,20
34,5803,0.08252633007037653,0.04011898766000596,0.20405198078761724,0.6733027014820001,50,20,20
34,5804,0.08332306744668148,0.04011703293836143,0.20325719616570267,0.6733027034492544,50,20,20
34,5805,0.08332306744659043,0.04011703293836136,0.20325605616119627,0.673303843453852,50,20,20
34,5806,0.08332306744656766,0.04011703293823907,0.20325279549282996,0.6733071041223634,50,20,20
34,5807,0.0833230673730893,0.04011703293119239,0.20311906231229138,0.6734408373834269,50,20,20
34,5808,0.08331734736985325,0.03968888210707563,0.20355293313523068,0.6734408373878403,50,20,20
34,5809,0.08331734736985325,0.03968888210707563,0.2035529495570556,0.6734408209660154,50,20,20
34,5810,0.08331734736985325,0.03968888210707556,0.20341984126867957,0.6735739292543914,50,20,20
34,5811,0.08331734736984388,0.040005406157048985,0.2031033173746821,0.6735739290984248,50,20,20
34,5812,0.10017297819766359,0.04000540615696235,0.1862144466834316,0.6736071689619422,50,20,20
34,5813,0.10017297819766545,0.04000985330050415,0.1862099995398392,0.6736071689619909,50,20,20
34,5814,0.1001729781976639,0.04000985330050622,0.18621001233866205,0.6736071561631677,50,20,20
34,5815,0.10017297819766414,0.04000985330050762,0.19319489067935616,0.6666222778224719,50,20,20
34,5816,0.10017297819764652,0.040009853300505806,0.1900724891144654,0.669744679387382,50,20,20
34,5817,0.10017297819245628,0.040009853300381364,0.190069155296561,0.669748013210601,50,20,20
34,5818,0.10017297819864864,0.03999422349161075,0.19008478509636273,0.6697480132133775,50,20,20
34,5819,0.10017297588748678,0.039984312638442335,0.1900946982651665,0.669748013208904,50,20,20
34,5820,0.10017297588748837,0.03998431263856459,0.19009800925945364,0.6697447022144929,50,20,20
34,5821,0.10017297588748836,0.03998431263856459,0.19009799156117368,0.669744719912773,50,20,20
34,5822,0.10017297588748839,0.0399843126385646,0.19009798058747,0.6697447308864767,50,20,20
34,5823,0.10017297588129609,0.03914043528042306,0.1909418579546291,0.6697447308836516,50,20,20
34,5824,0.10017297588129609,0.03914043528042306,0.19094181769960103,0.6697447711386795,50,20,20
34,5825,0.10017297588129451,0.03914043528042306,0.19093945910009955,0.6697471297381825,50,20,20
34,5826,0.10219840211604175,0.03914034211828979,0.18891496298471216,0.6697462927809564,50,20,20
34,5827,0.10219840211604149,0.03914034211828839,0.1819300277452383,0.6767312280204321,50,20,20
34,5828,0.10219840211604188,0.03914034211829053,0.18193078258341885,0.6767304731822489,50,20,20
34,5829,0.10219840211604188,0.03914034211829057,0.18193075621733323,0.6767304995483344,50,20,20
34,5830,0.10219840211604192,0.03914034211829272,0.1819308139626189,0.6767304418030468,50,20,20
34,5831,0.10219840211604188,0.03914034211829272,0.18193081320612456,0.6767304425595411,50,20,20
34,5832,0.10219840211604346,0.03914034211829276,0.18193317819874796,0.6767280775669161,50,20,20
34,5833,0.10219840211604307,0.03914034211829453,0.18505561749462754,0.6736056382710351,50,20,20
34,5834,0.10219840211604307,0.03914034211829453,0.1850556341961453,0.6736056215695172,50,20,20
34,5835,0.10219879375290562,0.0459811311636424,0.17821445346295442,0.6736056216204974,50,20,20
34,5836,0.10219879382664651,0.04598113116364273,0.17515253285508223,0.6766675421546283,50,20,20
34,5837,0.10303175351342164,0.04598113092197359,0.17442531875039055,0.676561796814214,50,20,20
34,5838,0.10303175351342003,0.04598113092197147,0.17442295643413336,0.676564159130475,50,20,20
34,5839,0.10303175351344272,0.04598113092186834,0.17136078044265912,0.6796263351220295,50,20,20
34,5840,0.10303175351344278,0.04598113092186834,0.17136313147426066,0.6796239840904278,50,20,20
34,5841,0.10303153884110591,0.04598112985038278,0.17136334721862237,0.6796239840898888,50,20,20
34,5842,0.0923520089987594,0.04598138692053027,0.18197394460718916,0.6796926594735203,50,20,20
34,5843,0.0923520089987594,0.045981386920530234,0.18197388714520965,0.6796927169355,50,20,20
34,5844,0.092352008998759,0.04598138692052808,0.18197311588529286,0.6796934881954192,50,20,20
34,5845,0.09235200899873633,0.04598138692052805,0.18191054271082957,0.6797560613699052,50,20,20
34,5846,0.09235200892477477,0.04598138692040576,0.18190739620087779,0.6797592079539408,50,20,20
34,5847,0.09155527601652298,0.04598138691316744,0.18270413108341643,0.6797592059868929,50,20,20
34,5848,0.09155527598254894,0.05333180827379257,0.17535371702017996,0.6797591987234779,50,20,20
34,5849,0.07343292170124677,0.05333252470760139,0.19347535399103394,0.6797591996001173,50,20,20
34,5850,0.0734329217012695,0.05333252471455659,0.19352299089551372,0.6797115626886595,50,20,20
34,5851,0.07343292170124836,0.05333252471455453,0.19566586470796427,0.6775686888762325,50,20,20
34,5852,0.07343292170401647,0.06232045227881085,0.18667793308145714,0.6775686929357151,50,20,20
34,5853,0.07343292170401644,0.06232045227881078,0.18667795610540974,0.6775686699117627,50,20,20
34,5854,0.07343292170410748,0.0623204522789331,0.1866823807708638,0.6775642452460953,50,20,20
34,5855,0.07343292170410744,0.06232045227893315,0.18668233975013074,0.6775642862668283,50,20,20
34,5856,0.07343292170410583,0.06232045227893315,0.1865491666758455,0.6776974593411151,50,20,20
34,5857,0.073432921704127,0.06232045227893525,0.1865501057811662,0.6776965202357712,50,20,20
34,5858,0.07343292170412702,0.062320452278935304,0.1865501064855068,0.6776965195314307,50,20,20
34,5859,0.073432921704127,0.06232045227893528,0.1865501334120927,0.6776964926048447,50,20,20
34,5860,0.07343252965396027,0.075479172127075,0.17339180566835688,0.6776964925506072,50,20,20
34,5861,0.0734334835702154,0.07547917213399503,0.17354551164560736,0.6775418326501814,50,20,20
34,5862,0.07343348357021381,0.07547917213387488,0.17354546237113014,0.6775418819247804,50,20,20
34,5863,0.0734334835702154,0.07547917213387488,0.17354550603590682,0.6775418382600021,50,20,20
34,5864,0.05407707414248022,0.07547917652264896,0.19290191034135376,0.6775418389935172,50,20,20
34,5865,0.05407707414248018,0.07547917652264682,0.1929018689365619,0.6775418803983115,50,20,20
34,5866,0.054077074142501534,0.0754791765226489,0.19057573969423264,0.6798680096406174,50,20,20
34,5867,0.05722132219554428,0.07547917652257868,0.18746473152616372,0.6798347697557138,50,20,20
34,5868,0.05722132219554428,0.07547917652258083,0.18746708259075706,0.6798324186911182,50,20,20
34,5869,0.05722132219554428,0.0754791765225808,0.1874670823034041,0.6798324189784714,50,20,20
34,5870,0.057221322195545835,0.07547917652258299,0.18746708264100725,0.6798324186408644,50,20,20
34,5871,0.05080260796503007,0.0754677939517573,0.19395151635796645,0.6797780817252462,50,20,20
34,5872,0.050802607965031644,0.0754677939587248,0.19395760567110848,0.6797719924051353,50,20,20
34,5873,0.050802607965031644,0.0754677939587248,0.1939576227312294,0.6797719753450144,50,20,20
34,5874,0.050802607965031436,0.07546779395872691,0.19400395127540793,0.6797256468008339,50,20,20
34,5875,0.05080260796512051,0.07546779395175733,0.19399787087519624,0.6797317272079261,50,20,20
34,5876,0.050802607965211584,0.07546779395175951,0.19399901833811767,0.6797305797449114,50,20,20
34,5877,0.05104847251753472,0.07549034063294988,0.1935156825501928,0.679945504299323,50,20,20
34,5878,0.05104847251753471,0.07549034063294985,0.1935156621078737,0.6799455247416419,50,20,20
34,5879,0.05104847251744366,0.07549034063306997,0.19351532508136238,0.6799458617681242,50,20,20
34,5880,0.051047518601188904,0.07549034062615205,0.1933624357578739,0.6800997050147854,50,20,20
34,5881,0.05104751859840831,0.08649092932091004,0.1823618511253818,0.6800997009553,50,20,20
34,5882,0.05104751859840831,0.08649092932090792,0.18235953959459802,0.6801020124860861,50,20,20
34,5883,0.05104751859970601,0.0864909293209101,0.1823606668485281,0.680100885230856,50,20,20
34,5884,0.05104751859970641,0.0864909293209101,0.18236072492442004,0.680100827154964,50,20,20
34,5885,0.05104751859970641,0.0864909293209101,0.1823606857187082,0.6801008663606757,50,20,20
34,5886,0.05104751859970641,0.0864909293209101,0.18236405273760656,0.6800974993417772,50,20,20
34,5887,0.051047567433203093,0.08650489908128624,0.1822842484927399,0.6801632849927711,50,20,20
34,5888,0.05104756743092903,0.09915373059135729,0.16963542030488876,0.6801632816728254,50,20,20
34,5889,0.05104117230465628,0.09915373059137104,0.16964181542735088,0.6801632816766225,50,20,20
34,5890,0.051041172304654686,0.09915373059137102,0.1696417585374709,0.680163338566504,50,20,20
34,5891,0.05104117230793573,0.08975623262792366,0.1790392564961641,0.6801633385679771,50,20,20
34,5892,0.05104117230793534,0.0897562326279237,0.17903915671428997,0.6801634383498515,50,20,20
34,5893,0.05104117230792772,0.08974550946492826,0.17904987987724513,0.6801634383498993,50,20,20
34,5894,0.05104117230792929,0.089745509464806,0.1790491073497353,0.6801642108775299,50,20,20
34,5895,0.04188725902954343,0.08974525240005883,0.18827195476576195,0.6800955338046358,50,20,20
34,5896,0.041887259029520695,0.08974525239310363,0.18822437374664616,0.6801431148307295,50,20,20
34,5897,0.04188725902954284,0.08974525239322267,0.18841006045027003,0.6799574281269646,50,20,20
34,5898,0.041407020325063326,0.08974522408542025,0.1888865098073373,0.6799612457821788,50,20,20
34,5899,0.04140702032506174,0.08974522408542025,0.188886467142304,0.6799612884472136,50,20,20
34,5900,0.04140702032506214,0.0897452240854203,0.18888760697647863,0.6799601486130383,50,20,20
34,5901,0.04140702032506214,0.08974522408542245,0.1888899577078388,0.679957797881676,50,20,20
34,5902,0.041407020325060565,0.08974522408542245,0.18888989032282688,0.6799578652666897,50,20,20
34,5903,0.041407020325060565,0.08974522408542035,0.18888758013364432,0.6799601754558744,50,20,20
34,5904,0.04140702032505896,0.08974522407845072,0.1888847217464994,0.6799630338499904,50,20,20
34,5905,0.041407020331069064,0.0891589073710472,0.18947103844784696,0.6799630338500363,50,20,20
34,5906,0.04140702033106909,0.08915890737116734,0.1894701529491132,0.6799639193486499,50,20,20
34,5907,0.041407020331069085,0.08915890737116738,0.18947090653075435,0.6799631657670087,50,20,20
34,5908,0.04140702033207841,0.08915890768729112,0.19356249270074571,0.6758715792798843,50,20,20
34,5909,0.04140702033208788,0.08913624476126931,0.19358515546846633,0.675871579438176,50,20,20
34,5910,0.041407020332088276,0.08913624476126936,0.1936499160471586,0.6758068188594833,50,20,20
34,5911,0.04116260235636327,0.08911370481185016,0.19413179804382033,0.6755918947879654,50,20,20
34,5912,0.048893198015490906,0.0891137048214187,0.18638594537672787,0.6756071517863619,50,20,20
34,5913,0.05647166738340795,0.08911370882860703,0.1788063416402115,0.6756082821477735,50,20,20
34,5914,0.05647166738338519,0.08911370882860488,0.1788030382532005,0.6756115855348093,50,20,20
34,5915,0.05647166730964468,0.08911370882860697,0.17887333504642583,0.6755412888153224,50,20,20
34,5916,0.05647166730955362,0.08911370882848466,0.17886888391737174,0.6755457399445899,50,20,20
34,5917,0.05647166730354351,0.08971103110456095,0.17827156164739932,0.6755457399444961,50,20,20
34,5918,0.056471667303545116,0.08971103110455887,0.17827381479393803,0.6755434867979578,50,20,20
34,5919,0.056471667303960665,0.08885179369528762,0.17913305220013379,0.6755434868006178,50,20,20
34,5920,0.05647166730386981,0.08885179369528551,0.1790867202501641,0.6755898187506806,50,20,20
34,5921,0.05647166730386981,0.08885179369528551,0.17908668001445638,0.6755898589863882,50,20,20
34,5922,0.056471667303562914,0.08970532997255716,0.17823314374005494,0.6755898589838248,50,20,20
34,5923,0.05473893126455951,0.08970461354081623,0.17996652916630043,0.6755899260283236,50,20,20
34,5924,0.054738931264550025,0.08971668031342389,0.17995446255194614,0.6755899258700798,50,20,20
34,5925,0.05473893126455162,0.08971668031342389,0.17995680447179221,0.675587583950232,50,20,20
34,5926,0.05473900833109591,0.08889616864646584,0.18077723906954052,0.6755875839528975,50,20,20
34,5927,0.05473900833109591,0.08889616864646584,0.18077723806568602,0.6755875849567521,50,20,20
34,5928,0.05473900833109471,0.0888961686464701,0.18090800572603954,0.6754568172963955,50,20,20
34,5929,0.054738932117219925,0.08181650405199661,0.1879700075912956,0.6754745562394875,50,20,20
34,5930,0.054738932117219925,0.08181650405199664,0.18797006477647524,0.675474499054308,50,20,20
34,5931,0.03567448103388498,0.08181651111669336,0.20703265285216507,0.6754763549972556,50,20,20
34,5932,0.03567448103388497,0.08181651111669332,0.2070326254905321,0.6754763823588887,50,20,20
34,5933,0.03567448103389235,0.08119130421989919,0.20765782364161975,0.6754763911045879,50,20,20
34,5934,0.035674481033892376,0.08119130421989923,0.20765783721324685,0.6754763775329607,50,20,20
34,5935,0.035674481033890565,0.08206182162798834,0.20678731980511084,0.6754763775330095,50,20,20
34,5936,0.03567448103389216,0.08206182162798836,0.2067896131023373,0.6754740842357815,50,20,20
34,5937,0.03567448103389203,0.08206201512303377,0.2067894196073399,0.6754740842357336,50,20,20
34,5938,0.035674481033893625,0.08206201512315495,0.20697267856658388,0.6752908252763669,50,20,20
34,5939,0.04605924891314318,0.08206201510496651,0.19660316751099227,0.6752755684708971,50,20,20
34,5940,0.046059248913165936,0.08206201510496657,0.19660326800943753,0.6752754679724292,50,20,20
34,5941,0.04605924891316628,0.08206201510496657,0.1997283954233603,0.6721503405585061,50,20,20
34,5942,0.04605924891316281,0.08144825203809086,0.2003421583367701,0.6721503407119755,50,20,20
34,5943,0.04605924891316324,0.08144825203809092,0.20034329748668755,0.6721492015620575,50,20,20
34,5944,0.05692572966083703,0.08144825213513894,0.18947681617194184,0.6721492020320815,50,20,20
34,5945,0.05692572966083703,0.08144825213513894,0.1894767956149371,0.6721492225890863,50,20,20
34,5946,0.05692572966083827,0.08144825213514109,0.1865382188669915,0.6750877993370286,50,20,20
34,5947,0.05692572966086086,0.08144825214206629,0.18667192901663046,0.6749540891804418,50,20,20
34,5948,0.05692572966083831,0.08144825214194513,0.18667191963603405,0.674954098561182,50,20,20
34,5949,0.07651125331897554,0.08144824541004167,0.16708640326309063,0.6749540980078922,50,20,20
34,5950,0.07651125331897514,0.08144824541004164,0.1670216993644745,0.6750188019065088,50,20,20
34,5951,0.07729763905613919,0.0814483740950652,0.16620022480912575,0.6750537620396696,50,20,20
34,5952,0.07729763905613923,0.08144837409506525,0.16620022581079763,0.6750537610379975,50,20,20
34,5953,0.07729763905613925,0.08144837409506525,0.16619793525273033,0.6750560515960649,50,20,20
34,5954,0.07729763905613922,0.08144837409506522,0.16619787831407468,0.6750561085347205,50,20,20
34,5955,0.07729763935106745,0.08144837409518926,0.16626296639570917,0.6749910201580337,50,20,20
34,5956,0.07729763935104474,0.08144837409519134,0.16626615362742425,0.6749878329263393,50,20,20
34,5957,0.07729763935104512,0.08144837409519352,0.16626844848679365,0.6749855380669675,50,20,20
34,5958,0.07729763935104514,0.08144837409519357,0.1662684949358939,0.6749854916178673,50,20,20
34,5959,0.07729763935104518,0.08144837409519357,0.1662685351819918,0.6749854513717694,50,20,20
34,5960,0.05796721507390186,0.08145355735961848,0.18559376845312595,0.6749854591133528,50,20,20
34,5961,0.057967215073900256,0.08145355735949726,0.18540720711161002,0.6751720204549915,50,20,20
34,5962,0.057967215073898654,0.08145355735949723,0.18540718744569581,0.6751720401209075,50,20,20
34,5963,0.05796721507389864,0.08145355735949719,0.185407212454669,0.6751720151119343,50,20,20
34,5964,0.057967215073898265,0.08145355735949296,0.18527410359552454,0.6753051239710834,50,20,20
34,5965,0.057967215073898265,0.08145355735949293,0.18527185014643124,0.6753073774201768,50,20,20
34,5966,0.05796721507389828,0.08145355735949293,0.1852718938647437,0.6753073337018642,50,20,20
34,5967,0.03993987147376558,0.08150539317918108,0.18916064757437184,0.6893940877726805,50,20,20
34,5968,0.03993987147376558,0.08150539317918108,0.18916070452135983,0.6893940308256927,50,20,20
34,5969,0.04906193871490845,0.08150539308218759,0.18003863784761445,0.6893940303552888,50,20,20
34,5970,0.049061938714930836,0.08150539308915411,0.17990851040841818,0.6895241577874961,50,20,20
34,5971,0.04906193871493242,0.08150539309607929,0.18004219460510668,0.6893904735838808,50,20,20
34,5972,0.049061938714932404,0.08150539309607925,0.18004217743767637,0.6893904907513114,50,20,20
34,5973,0.049061925650785876,0.08150539310048943,0.18004600506654575,0.6893866761821781,50,20,20
34,5974,0.048149602228881545,0.08150539295114724,0.1809601839963283,0.6893848208236428,50,20,20
34,5975,0.04814960222888353,0.0815053929580951,0.1810287708942772,0.6893162339187441,50,20,20
34,5976,0.04814960222888353,0.08150539295821738,0.18102913954410405,0.6893158652687952,50,20,20
34,5977,0.04815737093583362,0.08150539340777352,0.1810213786837747,0.6893158569726182,50,20,20
34,5978,0.04815737094100129,0.08150539340092505,0.18102075791745698,0.6893164777406166,50,20,20
34,5979,0.05028196395527623,0.08150526471590604,0.1789312536897733,0.6892815176390443,50,20,20
34,5980,0.05028196395424454,0.08150526439978015,0.1748364209544821,0.6933763506914932,50,20,20
34,5981,0.05028196395424618,0.08150526439978444,0.17483877187081961,0.6933739997751499,50,20,20
34,5982,0.05028196395433723,0.08150526439978448,0.17484108233870407,0.6933716893071743,50,20,20
34,5983,0.062087585568735365,0.08150525600380787,0.1630366002152102,0.6933705582122465,50,20,20
34,5984,0.06208758556751451,0.0815052560040121,0.16616033755623932,0.690246820872234,50,20,20
34,5985,0.06208758527258628,0.0815052560038902,0.1660952908743578,0.6903118678491658,50,20,20
34,5986,0.062087585272586315,0.08150525600389023,0.16609533241370408,0.6903118263098194,50,20,20
34,5987,0.06183813610912816,0.08150525601940967,0.1663447807057553,0.6903118271657067,50,20,20
34,5988,0.06183813610912818,0.08150525601928738,0.16634367173412046,0.6903129361374638,50,20,20
34,5989,0.06156712488428671,0.08150020123601946,0.1666197454808176,0.6903129283988761,50,20,20
34,5990,0.06156712488419565,0.08150020123601942,0.16661737778084296,0.6903152960989419,50,20,20
34,5991,0.061567124884186405,0.08150020123601939,0.16895697318583544,0.6879757006939587,50,20,20
34,5992,0.06156712488794196,0.08150020124106376,0.1744861412805278,0.6824465325904666,50,20,20
34,5993,0.061567124887941936,0.08150020124106376,0.1744861007404759,0.6824465731305185,50,20,20
34,5994,0.06156712488794192,0.08150020124106373,0.17429955011180248,0.6826331237591919,50,20,20
34,5995,0.06159864061791965,0.08150021450241197,0.17426808923370152,0.6826330556459657,50,20,20
34,5996,0.06159864061791807,0.08150021450240981,0.17408153822934097,0.6828196066503298,50,20,20
34,5997,0.06159864061791844,0.08150021450240981,0.17408479943045474,0.6828163454492158,50,20,20
34,5998,0.06159863976525643,0.08940046540531586,0.16620228832591966,0.682798606503507,50,20,20
34,5999,0.06159863976517958,0.08940046540510944,0.16307736849911017,0.6859235263305996,50,20,20
34,6000,0.06159863976517958,0.08940046540510944,0.1630773684991102,0.6859235263305997,50,20,20
34,6001,0.06202712505891838,0.08940119462818377,0.16264809299712638,0.6859235873157706,50,20,20
34,6002,0.06202712505891995,0.08940119462818165,0.1626503461374967,0.6859213341754008,50,20,20
34,6003,0.06202712505891997,0.08940119462818165,0.16265038500732415,0.6859212953055733,50,20,20
34,6004,0.06202712505891798,0.0894011946212338,0.1625850432567867,0.6859866370630607,50,20,20
34,6005,0.06202708691376022,0.08938723603819165,0.1626617746577053,0.6859239023903426,50,20,20
34,6006,0.06206216282091884,0.08938722174166264,0.16263059592825738,0.6859200195091608,50,20,20
34,6007,0.06206216282092083,0.08938722174861051,0.16269918284354967,0.6858514325869187,50,20,20
34,6008,0.06206216282092081,0.08938722174861047,0.16269916128983167,0.6858514541406368,50,20,20
34,6009,0.06165151810551031,0.08938648561456729,0.1631106036913373,0.6858513925885847,50,20,20
34,6010,0.060656168533956833,0.08938649513671476,0.16395834172278384,0.6859989946065437,50,20,20
34,6011,0.06065083632470749,0.08938649514918415,0.16396367388893598,0.6859989946371714,50,20,20
34,6012,0.06156815523798754,0.08938649526959042,0.16304632271808095,0.6859990267743402,50,20,20
34,6013,0.061568155237986304,0.08938649526958616,0.16304733811504232,0.6859980113773845,50,20,20
34,6014,0.061568155237986304,0.08938649526958616,0.163047377599496,0.6859979718929307,50,20,20
34,6015,0.06156815549941091,0.08938649526969415,0.16537703478918356,0.6836683144417104,50,20,20
34,6016,0.06156815549940932,0.08938649526969629,0.1653747440863159,0.6836706051445777,50,20,20
34,6017,0.06156815549940171,0.089397699152091,0.16536354020397753,0.6836706051445289,50,20,20
34,6018,0.06156815549942441,0.08939769915221292,0.1654282456966429,0.6836058996517189,50,20,20
34,6019,0.06156815549567005,0.08939769914716861,0.15989906155900002,0.6891350837981609,50,20,20
34,6020,0.0615681554956928,0.08939769914716864,0.15989585795613862,0.6891382874009997,50,20,20
34,6021,0.061568155495692764,0.08939769914717073,0.15989802187088917,0.6891361234862472,50,20,20
34,6022,0.06156815549601008,0.08914261935210269,0.16015310181916004,0.689136123332727,50,20,20
34,6023,0.06156815549610114,0.08914261935210485,0.1601531596253743,0.6891360655264195,50,20,20
34,6024,0.061568155496101167,0.08914261935210485,0.16015319974892428,0.6891360254028694,50,20,20
34,6025,0.06156815549609958,0.08914261934517966,0.16001947631841595,0.6892697488403046,50,20,20
34,6026,0.061568155496077,0.08914261933825453,0.15988905399076597,0.6894001711749024,50,20,20
34,6027,0.061568155496054225,0.08914261933825232,0.15988895463981487,0.6894002705258785,50,20,20
34,6028,0.06157333179505315,0.08914261932583885,0.15988377838307616,0.6894002704960319,50,20,20
34,6029,0.06157333179497135,0.08914261932584099,0.15754420123121066,0.6917398476479769,50,20,20
34,6030,0.06157333179497135,0.08914261932584094,0.15754095607867202,0.6917430928005156,50,20,20
34,6031,0.06157333179497175,0.08914261932584099,0.15772745825835965,0.6915565906208276,50,20,20
34,6032,0.06157333179497135,0.08914261932584094,0.15772631841913579,0.691557730460052,50,20,20
34,6033,0.061573331533546716,0.08914261932573292,0.15539664766475064,0.6938874014759697,50,20,20
34,6034,0.06157333153354831,0.08914261932573501,0.15539896656665814,0.6938850825740585,50,20,20
34,6035,0.061573331533569406,0.08914261933267774,0.1554737377363559,0.693810311397397,50,20,20
34,6036,0.06282231907713572,0.08914260979501083,0.15437236260430282,0.6936627085235508,50,20,20
34,6037,0.06282231907713609,0.08914260979501293,0.15437562433132984,0.6936594467965215,50,20,20
34,6038,0.06282231907713572,0.08914260979501297,0.15437231520168734,0.6936627559261642,50,20,20
34,6039,0.05699766383322087,0.08914269216274846,0.1601522094044046,0.6937074345996261,50,20,20
34,6040,0.05699766383322127,0.0891426921627464,0.16015222139323038,0.6937074226108021,50,20,20
34,6041,0.05699766383322127,0.0891426921627464,0.16015222166886342,0.693707422335169,50,20,20
34,6042,0.056997663833219275,0.08914269215579856,0.16008363624728678,0.6937760077636955,50,20,20
34,6043,0.05700967797280282,0.08914269216202574,0.16006612885906762,0.6937815010061038,50,20,20
34,6044,0.05700967797280279,0.08914269216202574,0.16006610771824495,0.6937815221469266,50,20,20
34,6045,0.057009677977992765,0.08914269216214805,0.16007034124266967,0.6937772886171897,50,20,20
34,6046,0.057009677977992376,0.08914269216226912,0.16025682996214755,0.6935907998975908,50,20,20
34,6047,0.057009677977571734,0.08914205298364593,0.16025746914123806,0.6935907998975442,50,20,20
34,6048,0.05700967797757173,0.08914205298364383,0.1602597693377343,0.6935884997010501,50,20,20
34,6049,0.05700967797757172,0.08914205298352268,0.16007324963089556,0.6937750194080102,50,20,20
34,6050,0.05700967797757172,0.08914205298352268,0.1598900159069099,0.6939582531319961,50,20,20
34,6051,0.05700967797757175,0.08914205298352482,0.15989230926446335,0.6939559597744405,50,20,20
34,6052,0.05700967797757175,0.08914205298352482,0.1598923082656577,0.693955960773246,50,20,20
34,6053,0.05700967797757177,0.08828310017185251,0.16075126107466958,0.6939559607759059,50,20,20
34,6054,0.05700967797757337,0.08828310017185256,0.16075357206117036,0.6939536497894035,50,20,20
34,6055,0.05700967797748231,0.08828310017185247,0.16075122974866943,0.6939559921019955,50,20,20
34,6056,0.056913188776825434,0.08823126435216387,0.15498631013804898,0.6998692367329614,50,20,20
34,6057,0.05691318877682386,0.08823126435216172,0.1549839881288333,0.6998715587421809,50,20,20
34,6058,0.05596078331878635,0.08823126423151958,0.15593642707939817,0.6998715253702958,50,20,20
34,6059,0.05596078331878671,0.08823126423164185,0.1559397186389789,0.6998682338105925,50,20,20
34,6060,0.055960783318786705,0.08823126423164185,0.15593635133228645,0.6998716011172852,50,20,20
34,6061,0.05596078331878511,0.08823126423164394,0.1560671662006236,0.6997407862489474,50,20,20
34,6062,0.055960783318785116,0.0882312642316461,0.15607046844829195,0.6997374840012769,50,20,20
34,6063,0.05596078331887457,0.08823126423164605,0.1560737914062391,0.6997341610432403,50,20,20
34,6064,0.0559607833188746,0.08823126423164605,0.15607619054820743,0.699731761901272,50,20,20
34,6065,0.055960783318783555,0.0882312642316461,0.15607612821467742,0.6997318242348931,50,20,20
34,6066,0.05596078331878358,0.0882312642316461,0.1560761691728093,0.6997317832767611,50,20,20
34,6067,0.05596078331878358,0.0882312642316461,0.1560784628488383,0.6997294896007321,50,20,20
34,6068,0.05596078331876087,0.08823126422470118,0.1560046419857558,0.6998033104707823,50,20,20
34,6069,0.05596078331876089,0.08823126422470332,0.15600578142375932,0.6998021710327764,50,20,20
34,6070,0.05596078331876103,0.08761209930852353,0.15662494633989169,0.6998021710328237,50,20,20
34,6071,0.05596078331876104,0.08761209930852357,0.1566282487377437,0.6997988686349715,50,20,20
34,6072,0.05596078331876104,0.08761209930852573,0.15663151120848567,0.6997956061642276,50,20,20
34,6073,0.055995974547269387,0.08761209930844839,0.15659631995833517,0.6997956061859469,50,20,20
34,6074,0.055995974542078955,0.08761209930832607,0.15659390259730538,0.6997980235522896,50,20,20
34,6075,0.055995974542078955,0.0876120993083261,0.1565946933435137,0.6997972328060813,50,20,20
34,6076,0.05599597454219046,0.08761209930832824,0.15672551526737194,0.6996664108821093,50,20,20
34,6077,0.05599597454219007,0.08761209930832609,0.15672547386222316,0.6996664522872605,50,20,20
34,6078,0.055995974542191664,0.08761209930832824,0.15672227011027381,0.6996696560392062,50,20,20
34,6079,0.05599597454219166,0.08761209930833036,0.1567223487465527,0.6996695774029251,50,20,20
34,6080,0.06969704265862194,0.087612099378577,0.14302127116719096,0.6996695867956098,50,20,20
34,6081,0.06969704265862155,0.08761209937857486,0.14308272952928042,0.6996081284335228,50,20,20
34,6082,0.06969704265862155,0.08761209937857696,0.14307948765274786,0.6996113703100533,50,20,20
34,6083,0.06969704265862153,0.087612099378577,0.14307954436527623,0.6996113135975248,50,20,20
34,6084,0.06969704265862348,0.08761209938551874,0.14316341239823052,0.6995274455576269,50,20,20
34,6085,0.0696970426586436,0.08761209973661507,0.14549000270482598,0.697200854899915,50,20,20
34,6086,0.06969704265864515,0.08761209973661505,0.14561987438654486,0.6970709832181947,50,20,20
34,6087,0.069698067357597,0.08761209928249582,0.14561891009539452,0.6970709232645127,50,20,20
34,6088,0.0696980673575954,0.08761209928249578,0.14548577656339579,0.6972040567965132,50,20,20
34,6089,0.06969806735759541,0.08761209928261554,0.1455472351791027,0.6971425981806864,50,20,20
34,6090,0.07552717409513846,0.08761201691488008,0.13976288948275736,0.6970979195072244,50,20,20
34,6091,0.07552717409513844,0.08761201691488008,0.13976292757940106,0.6970978814105808,50,20,20
34,6092,0.07552717409513846,0.08761201691488012,0.13976514814447144,0.6970956608455103,50,20,20
34,6093,0.07551785860343849,0.08761201709642677,0.13977446301425261,0.6970956612858825,50,20,20
34,6094,0.07551785860343849,0.08761201709642673,0.13977444608284414,0.6970956782172908,50,20,20
34,6095,0.0755178586001576,0.09699308680878424,0.1303933763752405,0.697095678215818,50,20,20
34,6096,0.07551785860015721,0.09699308680878425,0.13039010839522655,0.6970989461958322,50,20,20
34,6097,0.07551785860015722,0.0969930868087843,0.13032769762602028,0.6971613569650384,50,20,20
34,6098,0.07551785860016302,0.09785698916053864,0.12946379527148144,0.6971613569678172,50,20,20
34,6099,0.07532276355984693,0.09785698934593486,0.12965889031186884,0.6971613567823496,50,20,20
34,6100,0.0753227635598469,0.0978569893459327,0.12965879302673608,0.6971614540674846,50,20,20
34,6101,0.07532276355993757,0.09785698934593276,0.1296578585655536,0.6971623885285765,50,20,20
34,6102,0.09233306139469366,0.09785698938391837,0.11264756172782908,0.6971623874935589,50,20,20
34,6103,0.09233306139469365,0.09785698938391833,0.11264526784954894,0.6971646813718391,50,20,20
34,6104,0.09233306139511337,0.09755174617355605,0.11295051090630283,0.6971646815250278,50,20,20
34,6105,0.09233306139511177,0.0975517461735539,0.1129504694939868,0.6971647229373475,50,20,20
34,6106,0.09233306139508902,0.09755174617343408,0.11288900930452411,0.6972261831269526,50,20,20
34,6107,0.09233306139509065,0.09755174617343414,0.112889002336268,0.6972261900952071,50,20,20
34,6108,0.09233306139912761,0.09755176378742643,0.11733592514775298,0.6927792496656927,50,20,20
34,6109,0.08123714984288409,0.09755201872447897,0.12843036582532028,0.6927804656073165,50,20,20
34,6110,0.0812371498428837,0.09755201872447682,0.12842711979372917,0.6927837116389104,50,20,20
34,6111,0.0812371498428841,0.09755201872447682,0.12861081743753855,0.6926000139951007,50,20,20
34,6112,0.0812371498428841,0.09755201872447682,0.12861081743857997,0.6926000139940592,50,20,20
34,6113,0.0812371498428841,0.09755201872447682,0.12861081742434552,0.6926000140082939,50,20,20
34,6114,0.08123714984245856,0.09700929634911956,0.12915353980442876,0.6926000140039933,50,20,20
34,6115,0.08123714984255002,0.09700929634912171,0.1291546858107046,0.6925988679976238,50,20,20
34,6116,0.08123714984245856,0.09700929634911956,0.12915349925722797,0.6926000545511941,50,20,20
34,6117,0.08123714984245856,0.09700929634899769,0.1290887789396211,0.6926647748689229,50,20,20
34,6118,0.08123714984245843,0.09762819316754293,0.12846988212107446,0.6926647748689244,50,20,20
34,6119,0.08120259457093455,0.09762819316314447,0.12850443680854798,0.6926647754573729,50,20,20
34,6120,0.08120259457093461,0.0976281931631445,0.12863760702507884,0.6925316052408419,50,20,20
34,6121,0.08120259457093462,0.09762819316314454,0.1286376472148178,0.692531565051103,50,20,20
34,6122,0.08120259457084358,0.09762819316302222,0.12863531104642145,0.6925339012197127,50,20,20
34,6123,0.08120259457084279,0.09762819316302222,0.12844835218898873,0.6927208600771462,50,20,20
34,6124,0.08120259457086201,0.09762819316302221,0.13157325692605512,0.6895959553400606,50,20,20
34,6125,0.08120259457086357,0.09762819316289996,0.13157319040629317,0.6895960218599428,50,20,20
34,6126,0.08119058491359789,0.0976281935868134,0.13159068885243042,0.6895905326471576,50,20,20
34,6127,0.08119058491348712,0.09762819358681125,0.13699252454171032,0.6841886969579908,50,20,20
34,6128,0.0811738507546001,0.09762818075776471,0.13700927151194195,0.6841886969756926,50,20,20
34,6129,0.08114268794707258,0.09762818753763551,0.1370403958035318,0.6841887287117592,50,20,20
34,6130,0.08114268794707258,0.09762818753763551,0.13704045304033208,0.684188671474959,50,20,20
34,6131,0.08114268794709567,0.08388436468285906,0.1507842821026167,0.6841886652674275,50,20,20
34,6132,0.08114268794709567,0.0838843646828612,0.15078753052547877,0.6841854168445632,50,20,20
34,6133,0.08114268794709609,0.08388436468286337,0.15097173484369564,0.6840012125263439,50,20,20
34,6134,0.08114268794709646,0.08388436468286127,0.15096849054684863,0.6840044568231928,50,20,20
34,6135,0.06279217983167878,0.0838850428650294,0.16931820750817372,0.6840045697951175,50,20,20
34,6136,0.06279217983168038,0.08388504286503362,0.1695047299248769,0.6838180473784087,50,20,20
34,6137,0.06115384032081186,0.08388436450135194,0.17109601767941796,0.6838657774984176,50,20,20
34,6138,0.061153840320811455,0.0838843645013519,0.17109595944053246,0.6838658357373036,50,20,20
34,6139,0.06115384032081148,0.0838843645013519,0.171095960439716,0.6838658347381201,50,20,20
34,6140,0.06115384032080921,0.08388436450135192,0.17108991242080912,0.6838718827570293,50,20,20
34,6141,0.06115384031561926,0.0838843645012296,0.17108570355844338,0.6838760916247074,50,20,20
34,6142,0.061153840315599145,0.08388436415013112,0.1687558505254131,0.6862059450088563,50,20,20
34,6143,0.06115384031559918,0.08388436415013112,0.1687581779579429,0.6862036175763264,50,20,20
34,6144,0.06115384031559916,0.08388436415013109,0.1687559969781688,0.6862057985561006,50,20,20
34,6145,0.06265591904857758,0.08388436407982645,0.16725392770812986,0.6862057891634656,50,20,20
34,6146,0.06265866023422907,0.08388441614540239,0.16643820892503977,0.6870187146953277,50,20,20
34,6147,0.06265866023422904,0.08388441614540243,0.1664415095972052,0.6870154140231624,50,20,20
34,6148,0.06479680853239471,0.08388416102814138,0.16430483145446384,0.687014198984999,50,20,20
34,6149,0.06479406278541103,0.083884108539342,0.14527722318157987,0.7060446054936665,50,20,20
34,6150,0.06479406278541101,0.08388410853934415,0.14528044453660147,0.7060413841386428,50,20,20
34,6151,0.06479406278541099,0.08388410853934415,0.145280404667707,0.7060414240075373,50,20,20
34,6152,0.06479406278551951,0.08387867508489967,0.1452858381220431,0.7060414240075373,50,20,20
34,6153,0.06479406278551951,0.08387867508490182,0.14528587852070235,0.7060413836088759,50,20,20
34,6154,0.06479406278551791,0.08387867508490182,0.1452868296943673,0.7060404324352126,50,20,20
34,6155,0.06476622351022797,0.08387867512278949,0.14531465880298192,0.706040442564,50,20,20
34,6156,0.07723665094287506,0.08387891473837326,0.13284399174852113,0.7060404425702295,50,20,20
34,6157,0.07723665094276655,0.0838844277752702,0.13283847871178142,0.7060404425701807,50,20,20
34,6158,0.07723665094276692,0.08388442777527023,0.1328395393536894,0.7060393819282724,50,20,20
34,6159,0.07723665094276692,0.08388442777526818,0.13283858704370105,0.7060403342382628,50,20,20
34,6160,0.0772365160496887,0.08388442777543198,0.13283872190754623,0.7060403342673319,50,20,20
34,6161,0.07723651604968873,0.08388442777542984,0.1327055697892177,0.7061734863856627,50,20,20
34,6162,0.07723651604839954,0.08388442776851265,0.13254890662737226,0.7063301495557145,50,20,20
34,6163,0.07723651604839953,0.08388442776851054,0.1325466151853808,0.7063324409977079,50,20,20
34,6164,0.07723651604839953,0.0838844277685084,0.13254651685620822,0.7063325393268827,50,20,20
34,6165,0.07723651604839953,0.08388442776850624,0.13254645900924164,0.7063325971738514,50,20,20
34,6166,0.07723651604839955,0.08412421491333807,0.13230667186250977,0.7063325971757515,50,20,20
34,6167,0.07723651604839957,0.08412421491333813,0.13230671340195616,0.706332555636305,50,20,20
34,6168,0.07723665307033795,0.08412421491341171,0.1323065769700386,0.7063325550462106,50,20,20
34,6169,0.08830419902423589,0.0841242206445965,0.12123899843432956,0.7063325818968367,50,20,20
34,6170,0.08830419902423586,0.08412422064459647,0.11571007860442302,0.7118615017267435,50,20,20
34,6171,0.08830419902423586,0.08412422064459647,0.11571007935921608,0.7118615009719504,50,20,20
34,6172,0.08830419902423627,0.08412422064459647,0.11571015336872062,0.7118614269624456,50,20,20
34,6173,0.08830419902423622,0.08412422064459647,0.1157124897669201,0.7118590905642462,50,20,20
34,6174,0.08830419902423622,0.08412422064459645,0.11571573534170156,0.7118558449894649,50,20,20
34,6175,0.08830419902423625,0.08412422064459438,0.11571478303171322,0.7118567972994552,50,20,20
34,6176,0.08830419902421704,0.08412422064459435,0.1125898208883709,0.7149817594428167,50,20,20
34,6177,0.08830419902421706,0.08412422064459438,0.11259061267543068,0.7149809676557571,50,20,20
34,6178,0.08830419902421667,0.08412422064459438,0.11259055776580582,0.7149810225653823,50,20,20
34,6179,0.08830419902421824,0.08412422064471452,0.11259277049847632,0.7149788098325903,50,20,20
34,6180,0.08830419902421863,0.08412422064471453,0.11259277161779478,0.7149788087132716,50,20,20
34,6181,0.08830419902421821,0.08412422064471448,0.11259171025038035,0.7149798700806863,50,20,20
34,6182,0.08830419902551577,0.08412422064471453,0.11259497929605443,0.7149766010337146,50,20,20
34,6183,0.08830419902551422,0.0841242206447145,0.11259501629518173,0.7149765640345892,50,20,20
34,6184,0.0883041990255138,0.08412422064471446,0.1125917130668018,0.7149798672629695,50,20,20
34,6185,0.08872896795074522,0.0841242263109717,0.11216696915587347,0.7149798365824093,50,20,20
34,6186,0.08872896795074521,0.08412422631097378,0.11235344954345773,0.714793356194823,50,20,20
34,6187,0.08872896795074521,0.08412422631097378,0.11235014633050609,0.7147966594077745,50,20,20
34,6188,0.09964530396044452,0.0841242258760138,0.10143381078462356,0.7147966593789178,50,20,20
34,6189,0.09964530396044488,0.08412422587601594,0.10143382786761848,0.7147966422959204,50,20,20
34,6190,0.11572854494678733,0.08412421346804606,0.08535060036333464,0.7147966412218323,50,20,20
34,6191,0.12455049622473319,0.08412421346945358,0.07652864909202019,0.7147966412137932,50,20,20
34,6192,0.11748516153265415,0.08412421347260388,0.08359258828291698,0.7147980367118252,50,20,20
34,6193,0.11748516153267666,0.08412421386568035,0.08380975231057583,0.7145808722910673,50,20,20
34,6194,0.11748516153276772,0.08412421386568246,0.08380728146776958,0.7145833431337801,50,20,20
34,6195,0.11748516153276815,0.08412421386568457,0.0838073194811352,0.714583305120412,50,20,20
34,6196,0.11748516153276815,0.08412421386568457,0.08380728048967358,0.7145833441118736,50,20,20
34,6197,0.11748516153279091,0.08412421387265306,0.08362422899676958,0.7147663955977864,50,20,20
34,6198,0.11748516153279091,0.08412421387265306,0.08362422970779133,0.7147663948867646,50,20,20
34,6199,0.11748516153149335,0.08412421387265302,0.08362094421468863,0.714769680381165,50,20,20
34,6200,0.11748516153149334,0.084124213872653,0.08362013244695936,0.7147704921488943,50,20,20
34,6201,0.11748516153149334,0.084124213872653,0.08362013198551155,0.7147704926103421,50,20,20
34,6202,0.11748516160493279,0.08412421387945225,0.0837610290183899,0.7146295954972249,50,20,20
34,6203,0.1174851616049344,0.08412421387945013,0.08376328215897715,0.7146273423566382,50,20,20
34,6204,0.1174851616049344,0.08412421387945006,0.08376098845701231,0.7146296360586031,50,20,20
34,6205,0.11748516160493437,0.08412421387945003,0.08376094791124392,0.7146296766043716,50,20,20
34,6206,0.12704291902014087,0.08412421421567863,0.0742020673901849,0.7146307993739954,50,20,20
34,6207,0.1270523692734898,0.0841242142154307,0.07419261716694764,0.7146307993441315,50,20,20
34,6208,0.13104738083183023,0.08412438517918462,0.07019700675787999,0.7146312272311048,50,20,20
34,6209,0.1310473808318305,0.08412438517927466,0.07572596863526716,0.709102265353627,50,20,20
34,6210,0.13322053290016894,0.084124214210317,0.07355341635359086,0.7091018365359227,50,20,20
34,6211,0.1332205329001701,0.08412421421031485,0.07355333840780133,0.7091019144817132,50,20,20
34,6212,0.13322053290017044,0.08412421421031845,0.07667808998691338,0.7059771629025972,50,20,20
34,6213,0.13322053290026153,0.08412421421031845,0.07667917221097337,0.7059760806784461,50,20,20
34,6214,0.13322053290023878,0.08412421420334783,0.07667567276346227,0.7059795801329504,50,20,20
34,6215,0.1332205329003472,0.08409763246492638,0.076702254343512,0.7059795802912138,50,20,20
34,6216,0.13331881619582317,0.08409763246188519,0.07660397105082042,0.7059795802914706,50,20,20
34,6217,0.1333188233126882,0.08555834108699306,0.0751430755633441,0.7059797600369738,50,20,20
34,6218,0.13331882331268663,0.08555834108699312,0.07514309640850617,0.7059797391918132,50,20,20
34,6219,0.13331882331268663,0.08555834108699312,0.07514311613975504,0.7059797194605645,50,20,20
34,6220,0.13331882331398404,0.0855583410939627,0.07514692598051917,0.7059759096115333,50,20,20
34,6221,0.13331882324054456,0.08555834108704331,0.07500597968825265,0.7061168559841587,50,20,20
34,6222,0.12357562730204215,0.08555801205958302,0.08444446326348251,0.7064218973748916,50,20,20
34,6223,0.12357562730204213,0.08554769017170019,0.08445478515136609,0.7064218973748908,50,20,20
34,6224,0.12357562730204183,0.08554769017161012,0.07892593801717306,0.7119507445091745,50,20,20
34,6225,0.12357562730208724,0.08554769017161223,0.07898740125965438,0.7118892812666456,50,20,20
34,6226,0.12372163389366914,0.0855476901715031,0.0788413946687108,0.7118892812661166,50,20,20
34,6227,0.12371979868314975,0.08554769017148703,0.07889021739842368,0.7118422937469391,50,20,20
34,6228,0.12371979868314979,0.0855476901714871,0.07889102851982285,0.7118414826255397,50,20,20
34,6229,0.10373167065098998,0.08554769042653049,0.09887915625464727,0.7118414826678311,50,20,20
34,6230,0.10373167065098958,0.08554769042652835,0.0988790978176129,0.711841541104868,50,20,20
34,6231,0.10373167065098958,0.08554769042652835,0.09887909882147769,0.7118415401010032,50,20,20
34,6232,0.10373167065616067,0.08554769043347539,0.09895622179609566,0.7117644171142671,50,20,20
34,6233,0.10373167065212371,0.0855476728194831,0.09450852978311501,0.7162121267452771,50,20,20
34,6234,0.10373167065341846,0.08554767281960517,0.09455272119669825,0.7161679353302772,50,20,20
34,6235,0.10673536394468082,0.08554767279072306,0.09154903824015131,0.7161679250244439,50,20,20
34,6236,0.10673536394338606,0.08554767279060105,0.09150255386441859,0.7162144094015933,50,20,20
34,6237,0.09069728287495947,0.08554767275681754,0.10754050399091829,0.7162145403773037,50,20,20
34,6238,0.09069735998857166,0.08554767275678936,0.10754042687752956,0.7162145403771082,50,20,20
34,6239,0.09054406274529786,0.08554768225602251,0.10769351394040724,0.7162147410582714,50,20,20
34,6240,0.09054406274572514,0.08593224818239582,0.10730894801055939,0.7162147410613187,50,20,20
34,6241,0.09054406274529601,0.08616714288986403,0.1070740534601345,0.7162147409047044,50,20,20
34,6242,0.09054405562840931,0.0975793154208744,0.0956620703297308,0.7162145586209847,50,20,20
34,6243,0.09358985161058438,0.09757931542088982,0.0926162743507617,0.7162145586177634,50,20,20
34,6244,0.09358985161058397,0.09757931542088771,0.09242977707960913,0.7164010558889184,50,20,20
34,6245,0.09358985160928655,0.09757931541391807,0.09242361659494103,0.7164072163818536,50,20,20
34,6246,0.09358985160982232,0.09728590959645206,0.09271701352337042,0.7164072252703545,50,20,20
34,6247,0.0935898516092864,0.0976062554341554,0.0923966765747039,0.7164072163818537,50,20,20
34,6248,0.09358985160930916,0.09760625543427767,0.09239993724202888,0.7164039557143836,50,20,20
34,6249,0.09358985160930919,0.09760625543427767,0.09240074737071902,0.7164031455856934,50,20,20
34,6250,0.09358985161449943,0.09760625543428197,0.09240395267330338,0.7163999402779144,50,20,20
34,6251,0.0935898516143916,0.08325319017804673,0.10675701808712809,0.7163999401204323,50,20,20
34,6252,0.09358985161449668,0.09676813486250316,0.09324207340068746,0.716399940122312,50,20,20
34,6253,0.09358985161449511,0.09676813486249891,0.09305556667962528,0.7165864468433802,50,20,20
34,6254,0.09358985161449511,0.09676813486249891,0.09305552544828297,0.7165864880747226,50,20,20
34,6255,0.0935898519051796,0.0967681348556763,0.09298086833118491,0.7166611449079586,50,20,20
34,6256,0.0935898519051796,0.09676813485567841,0.09298413003838599,0.7166578832007553,50,20,20
34,6257,0.09358985190508153,0.09762174376147709,0.09213052113534535,0.7166578831980953,50,20,20
34,6258,0.09358985190503773,0.0976217437614771,0.09211190639110908,0.7166764979423754,50,20,20
34,6259,0.09426472266295527,0.09762173392285335,0.09143976442068985,0.7166737789935008,50,20,20
34,6260,0.09426472266295527,0.09762173392285545,0.09143980510346245,0.7166737383107262,50,20,20
34,6261,0.09426472266304574,0.09762173392297696,0.09157298410741797,0.7165405593065587,50,20,20
34,6262,0.09426472266304727,0.09762173392309922,0.09144223163914539,0.7166713117747076,50,20,20
34,6263,0.09426476625547757,0.07781215614655691,0.11125176573734333,0.7166713118606209,50,20,20
34,6264,0.09426476625547757,0.07781215614655691,0.11125502846835046,0.7166680491296138,50,20,20
34,6265,0.09426476625548515,0.07865539037383676,0.1104117942409458,0.716668049129731,50,20,20
34,6266,0.0942690204956475,0.07865539037383674,0.11040754000078355,0.7166680491297309,50,20,20
34,6267,0.0942690204956475,0.07865539037383674,0.11040758023546347,0.7166680088950511,50,20,20
34,6268,0.0942690204956475,0.07865539037383674,0.11040758023546351,0.7166680088950511,50,20,20
34,6269,0.09426902049564552,0.07865539036689714,0.11050786501003389,0.7165677241274224,50,20,20
34,6270,0.09426897740573406,0.07846532712801756,0.108314368042197,0.7189513274240504,50,20,20
34,6271,0.0942689774057341,0.07846532712801756,0.10831667854516487,0.7189490169210825,50,20,20
34,6272,0.0942689774056658,0.07846532712801545,0.10831698790514077,0.7189487075611771,50,20,20
34,6273,0.09426897740564462,0.07846532712801754,0.10836199819463928,0.7189036972716976,50,20,20
34,6274,0.09426897740564463,0.0784653271280154,0.10831824614802292,0.7189474493183161,50,20,20
34,6275,0.09157185915703997,0.07846528807013216,0.11132038532157046,0.7186424674512563,50,20,20
34,6276,0.09157185915704039,0.07846528807013431,0.11132366830774734,0.7186391844650768,50,20,20
34,6277,0.09157185915704198,0.07846528807013438,0.1113237280639368,0.7186391247088858,50,20,20
34,6278,0.09157185915704198,0.0784652880701344,0.11132703016052856,0.7186358226122941,50,20,20
34,6279,0.09157185915704201,0.0784652880701344,0.1113270882238476,0.7186357645489749,50,20,20
34,6280,0.09157185915704201,0.07846528807013438,0.11132382635988129,0.7186390264129413,50,20,20
34,6281,0.09157185915702083,0.07846528807013438,0.11132277642872752,0.7186400763441163,50,20,20
34,6282,0.09157185915702085,0.07846528807013436,0.11132608578683632,0.7186367669860074,50,20,20
34,6283,0.09157185915702123,0.07846528807013439,0.11132614444380055,0.7186367083290428,50,20,20
34,6284,0.09157185915702121,0.07846528807013439,0.11132537384892,0.7186374789239235,50,20,20
34,6285,0.09157185915702161,0.07846528807013439,0.11132653046679765,0.7186363223060453,50,20,20
34,6286,0.09157185915831909,0.07846528807710472,0.11132984246907933,0.7186330102954958,50,20,20
34,6287,0.09157185915831871,0.07846528807710683,0.11132988214150263,0.7186329706230707,50,20,20
34,6288,0.09157185915831871,0.0784709482912442,0.11132422192731735,0.7186329706231186,50,20,20
34,6289,0.10011472298139994,0.07847094255998448,0.10278139070580818,0.7186329437528066,50,20,20
34,6290,0.1001147229813995,0.07847094255998234,0.10277808773880853,0.7186362467198087,50,20,20
34,6291,0.1001147229813995,0.07847094255998234,0.10277804878782223,0.7186362856707951,50,20,20
34,6292,0.10011472298139949,0.07847094255998452,0.1027768371157261,0.7186374973428891,50,20,20
34,6293,0.1001147229813979,0.07847094255986226,0.10277772174966135,0.7186366127090777,50,20,20
34,6294,0.1001147229813979,0.07847094255986226,0.102777664859005,0.7186366695997342,50,20,20
34,6295,0.10011472268554393,0.07847094255973999,0.1027785019704643,0.7186358327842509,50,20,20
34,6296,0.1001147226855439,0.07847094255973786,0.10277840493492206,0.7186359298197954,50,20,20
34,6297,0.10011472268554432,0.07847094255974,0.10277817443659157,0.7186361603181234,50,20,20
34,6298,0.10011472268554425,0.07847094255974,0.10277586397644319,0.718638470778272,50,20,20
34,6299,0.08781472974327607,0.07847417923018918,0.11507261074781322,0.7186384802787207,50,20,20
34,6300,0.08781472974327766,0.07847417923031147,0.1150759632690259,0.7186351277573841,50,20,20
34,6301,0.0878147297432777,0.07847417923043373,0.11507829279438052,0.7186327982319072,50,20,20
34,6302,0.0878147297432777,0.07847417923043373,0.11507824908957097,0.7186328419367167,50,20,20
34,6303,0.08781472974327612,0.07847417923043162,0.11503215583779479,0.7186789351884966,50,20,20
34,6304,0.08781472974327455,0.07847417923030935,0.1150288050265808,0.7186822859998344,50,20,20
34,6305,0.08781472974327455,0.0784741792303093,0.11502878492027387,0.7186823061061415,50,20,20
34,6306,0.08781472974327455,0.0784741792303093,0.11516195728651395,0.7185491337399013,50,20,20
34,6307,0.08781472974327455,0.0784741792303093,0.11516195728651395,0.7185491337399015,50,20,20
34,6308,0.08781472974327295,0.0784741792303072,0.1153452058098877,0.7183658852165312,50,20,20
34,6309,0.08781472974327137,0.07847417923038463,0.12232683987223,0.7113842511541132,50,20,20
34,6310,0.08781472974336221,0.0784741792303072,0.11538807450991088,0.7183230165164189,50,20,20
34,6311,0.08781472974336259,0.07847417923018493,0.11538576240305884,0.7183253286233929,50,20,20
34,6312,0.08781472974336099,0.07847417923018493,0.11538336355357812,0.7183277274728752,50,20,20
34,6313,0.0878147297432717,0.07847417923708934,0.11552428225173818,0.7181868087679,50,20,20
34,6314,0.08781472974327169,0.07847417923708937,0.11552095647798596,0.718190134541652,50,20,20
34,6315,0.08781472974318164,0.07847417923696791,0.11539107999138869,0.7183200110284609,50,20,20
34,6316,0.08299870362710303,0.07847418237220716,0.12020666688204344,0.7183204471186457,50,20,20
34,6317,0.08299870362710299,0.07847418237220496,0.12020558402905358,0.7183215299716378,50,20,20
34,6318,0.08299870362701192,0.07847418237220494,0.12020445837397446,0.7183226556268079,50,20,20
34,6319,0.07996430988261503,0.07847418241140386,0.12323825529614486,0.7183232524098356,50,20,20
34,6320,0.07996430988261342,0.07847418241128155,0.12323604454158887,0.7183254631645157,50,20,20
34,6321,0.07996430988261183,0.07847418241823506,0.1232801373903506,0.718281370308802,50,20,20
34,6322,0.07996430988261186,0.07847418241823506,0.12328013764098472,0.7182813700581678,50,20,20
34,6323,0.07996430988261186,0.07847418241823506,0.12328013935107354,0.7182813683480791,50,20,20
34,6324,0.07996430988261059,0.07976341508391023,0.12199090668535147,0.7182813683481274,50,20,20
34,6325,0.0799643098826102,0.07976341508391023,0.12198766109514175,0.7182846139383375,50,20,20
34,6326,0.07996430988260979,0.0797634150839102,0.12198764266574383,0.7182846323677359,50,20,20
34,6327,0.07996430988260819,0.07976341508391012,0.12198758167344974,0.7182846933600316,50,20,20
34,6328,0.07996430988260819,0.07976341508391012,0.12198755468325258,0.7182847203502288,50,20,20
34,6329,0.07996430987741839,0.07976341508402812,0.12198665185116495,0.7182856231873882,50,20,20
34,6330,0.07996430987868154,0.07976341469785843,0.12195601342069358,0.7183162620027659,50,20,20
34,6331,0.07996430987868193,0.07976341469786061,0.12195678568712649,0.7183154897363303,50,20,20
34,6332,0.07996430987868192,0.07976341469786061,0.12195674550388454,0.7183155299195724,50,20,20
34,6333,0.07993500353696378,0.0797634146868072,0.1219802432191292,0.7183213385570996,50,20,20
34,6334,0.07993500353567813,0.07976341467990045,0.12179367391737161,0.7185079078670497,50,20,20
34,6335,0.07993500353569767,0.07976341467990226,0.124922656425636,0.7153789253587639,50,20,20
34,6336,0.07993500303335786,0.0797634384708736,0.12730622165865557,0.7129953368371134,50,20,20
34,6337,0.07993500303335632,0.07976343846396705,0.12711917253799426,0.7131823859646828,50,20,20
34,6338,0.08475423151551485,0.07976343528174834,0.12230038332856587,0.7131819498741712,50,20,20
34,6339,0.0847542317213985,0.0797634355582564,0.1282510931763136,0.7072312395440318,50,20,20
34,6340,0.0832980745053659,0.07976354995511012,0.1297071776104416,0.7072311979290827,50,20,20
34,6341,0.08329807451128386,0.07889256597484072,0.13057816158474636,0.7072311979291294,50,20,20
34,6342,0.08329807451128547,0.07889256597484076,0.13062430851864326,0.7071850509952309,50,20,20
34,6343,0.08615203836742641,0.07889256597450292,0.12777621283243795,0.7071791828256332,50,20,20
34,6344,0.08310929948630004,0.0788925659745236,0.13081895171412192,0.707179182825055,50,20,20
34,6345,0.08310929948759334,0.07889256598147142,0.1308875543096636,0.7071105802212722,50,20,20
34,6346,0.08310929948759294,0.07889256598146924,0.13088674152282126,0.7071113930081171,50,20,20
34,6347,0.08310929948759294,0.0788925659814692,0.1308834401393549,0.7071146943915835,50,20,20
34,6348,0.08310929948759296,0.07889256598146925,0.1308801945768315,0.7071179399541068,50,20,20
34,6349,0.08310929948888207,0.07889256598839657,0.1310139255116195,0.7069842090111023,50,20,20
34,6350,0.08310929948888207,0.07889256598839657,0.13120048315849103,0.7067976513642307,50,20,20
34,6351,0.08310929948888207,0.07888258266703256,0.131210466479855,0.7067976513642307,50,20,20
34,6352,0.08286188566607593,0.07888258302199468,0.13145787910823273,0.7067976522036968,50,20,20
34,6353,0.08286188566607593,0.07888258302199476,0.13146114071988205,0.7067943905920475,50,20,20
34,6354,0.08286188566607601,0.07907828080013994,0.1312654429417842,0.7067943905920001,50,20,20
34,6355,0.0828618856712672,0.0790782808002644,0.13108010824679062,0.706979725281678,50,20,20
34,6356,0.08286188706539234,0.07885897377563594,0.1312994137234595,0.7069797254355125,50,20,20
34,6357,0.08286188706539196,0.07885897376868238,0.13138636624361716,0.7068927729223087,50,20,20
34,6358,0.08286188706539355,0.0788589737686824,0.1313871770507912,0.7068919621151329,50,20,20
34,6359,0.08286188706539355,0.0788589737686824,0.13138717617502618,0.7068919629908978,50,20,20
34,6360,0.08005012245457303,0.07885897377768375,0.13419880487005298,0.7068920988976899,50,20,20
34,6361,0.08005012245457305,0.0788589737776859,0.13424489473842116,0.7068460090293196,50,20,20
34,6362,0.08005012106044035,0.07908857130518296,0.13401529876166848,0.7068460088727079,50,20,20
34,6363,0.06087297016533458,0.07908858305263314,0.15318924932852465,0.7068491974535069,50,20,20
34,6364,0.060872970165335744,0.079088583052513,0.15323298559943543,0.7068054611827154,50,20,20
34,6365,0.060872970165335764,0.07908858305251303,0.1532353223966078,0.7068031243855429,50,20,20
34,6366,0.060872970165335764,0.07908858305251303,0.15330004191932808,0.7067384048628226,50,20,20
34,6367,0.06087297016533578,0.07908858305251518,0.15330333136152946,0.7067351154206191,50,20,20
34,6368,0.06087296995945211,0.07908858277600712,0.14721950567342057,0.7128189415911197,50,20,20
34,6369,0.06535910384062596,0.07908846843077702,0.1427340289608188,0.712818398767778,50,20,20
34,6370,0.06535910396548385,0.06617464685184973,0.15564766813011136,0.7128185810525548,50,20,20
34,6371,0.06535910396548385,0.06617464685184973,0.15564761220432125,0.7128186369783451,50,20,20
34,6372,0.0653591039595678,0.06702448024680203,0.15479777881533116,0.7128186369782994,50,20,20
34,6373,0.06535910395956783,0.0670244802468042,0.1549843291767522,0.7126320866168762,50,20,20
34,6374,0.06535910395437665,0.06702448024667974,0.15498310593194095,0.712633309867003,50,20,20
34,6375,0.06535910395437504,0.06702448024667759,0.15493699244262787,0.7126794233563197,50,20,20
34,6376,0.06535910395437665,0.06702448024667974,0.15493934318881508,0.7126770726101289,50,20,20
34,6377,0.06535910395478614,0.06617519328217267,0.15578862151343997,0.7126770812496013,50,20,20
34,6378,0.06535910395478454,0.06617519328217267,0.15585257101127944,0.7126131317517634,50,20,20
34,6379,0.06535910395478454,0.06617519328217053,0.15580646444580346,0.7126592383172415,50,20,20
34,6380,0.0653591039547849,0.06617519328217059,0.15567564990163604,0.7127900528614084,50,20,20
34,6381,0.06535910395478492,0.06617519328217063,0.15567570747240703,0.7127899952906374,50,20,20
34,6382,0.06535910395349623,0.06617519327524338,0.1555420190838282,0.7129236836874323,50,20,20
34,6383,0.06535910382864604,0.07907229268845546,0.14264510208024256,0.7129235014026561,50,20,20
34,6384,0.08013515955012553,0.07907229274562445,0.1278691822038398,0.71292336550041,50,20,20
34,6385,0.08013515955012553,0.07907229274562652,0.12786918306387696,0.7129233646403709,50,20,20
34,6386,0.08013515955012551,0.0790722927456265,0.12786912664929198,0.7129234210549559,50,20,20
34,6387,0.08013515955022879,0.0784737892508036,0.12846762999044553,0.7129234212085219,50,20,20
34,6388,0.08013515897489076,0.0784737892507869,0.12841944645443204,0.7129716053198903,50,20,20
34,6389,0.08013515897489405,0.0787090874043998,0.1281841481945412,0.7129716054261651,50,20,20
34,6390,0.08013516810638446,0.0787090874043995,0.12823306223457437,0.7129226822546418,50,20,20
34,6391,0.08013516810638605,0.0787090874045218,0.1282354217521695,0.7129203227369229,50,20,20
34,6392,0.08013516810638648,0.07870908740452184,0.12828151180969957,0.7128742326793922,50,20,20
34,6393,0.08013516810647534,0.07870908740464118,0.12841233604564517,0.7127434084432385,50,20,20
34,6394,0.08013516817975626,0.07870908740464327,0.12859930309681034,0.7125564413187903,50,20,20
34,6395,0.08013516817984712,0.07870908740464327,0.12864539622648055,0.7125103481890293,50,20,20
34,6396,0.08013516817984709,0.07870908740464327,0.1286453566865081,0.7125103877290018,50,20,20
34,6397,0.0921797760699991,0.07870585082312831,0.1166039826889214,0.7125103904179514,50,20,20
34,6398,0.09217977606870317,0.07870585081628022,0.11660321108772596,0.7125111620272908,50,20,20
34,6399,0.09217977606870315,0.07870585081628026,0.11660326684475607,0.7125111062702608,50,20,20
34,6400,0.09217977606870315,0.07870585081628029,0.11660330713555139,0.7125110659794655,50,20,20
34,6401,0.09217977606870315,0.07870585081628033,0.11660336377941441,0.7125110093356024,50,20,20
34,6402,0.09217977606870315,0.07870585081628033,0.11660335125306696,0.7125110218619497,50,20,20
34,6403,0.09217977606870315,0.07870585081628029,0.11653870548312505,0.7125756676318917,50,20,20
34,6404,0.09217977606870315,0.07870585081628033,0.11654105540083524,0.7125733177141814,50,20,20
34,6405,0.09217977606870315,0.07870585081628033,0.1165410408882419,0.7125733322267748,50,20,20
34,6406,0.09217977606870355,0.07870585081640263,0.11654427813063471,0.7125700949842592,50,20,20
34,6407,0.09217977606870355,0.07870585081640259,0.11654423759026533,0.7125701355246287,50,20,20
34,6408,0.09217977606870355,0.07870585081628036,0.11654266448985569,0.7125717086251605,50,20,20
34,6409,0.0921797760687035,0.0787058508162782,0.1165393622419273,0.7125750108730913,50,20,20
34,6410,0.09217977606870234,0.07870585081615596,0.11653605159913533,0.7125783215160066,50,20,20
34,6411,0.0913576484613934,0.07870583906897123,0.11736137953440584,0.7125751329352302,50,20,20
34,6412,0.09135764846130293,0.07870583906884972,0.11722821744009972,0.7127082950297483,50,20,20
34,6413,0.09135764846130293,0.07870583906884972,0.11722821813583159,0.7127082943340163,50,20,20
34,6414,0.09135259902080659,0.07870583881384506,0.11723326786345577,0.7127082943018934,50,20,20
34,6415,0.09135467616352255,0.07870583882141709,0.11723130755792856,0.7127081774571329,50,20,20
34,6416,0.0913546761633469,0.07870566427376473,0.11723148209016139,0.712708177472726,50,20,20
34,6417,0.09135467616453699,0.07870568368363876,0.12009363435363563,0.7098460057981871,50,20,20
34,6418,0.0913546761645374,0.07870568368363871,0.12009460935071192,0.7098450308011105,50,20,20
34,6419,0.09135467609125607,0.07870568368363655,0.11990760004618062,0.7100320401789253,50,20,20
34,6420,0.09135467609134652,0.07870568368375805,0.12004073519978423,0.7098989050251098,50,20,20
34,6421,0.09135467609653675,0.0787056836837623,0.12004399785243519,0.7098956423672643,50,20,20
34,6422,0.0917221178497096,0.07870568385978055,0.11967655589389357,0.709895642396615,50,20,20
34,6423,0.09172211784970964,0.07870568385978059,0.11967657329975204,0.7098956249907563,50,20,20
34,6424,0.0917221178496095,0.06994708707926024,0.12843517014977443,0.7098956249213545,50,20,20
34,6425,0.09172211784960949,0.06994708707926021,0.12843516944102387,0.7098956256301051,50,20,20
34,6426,0.09172211784960949,0.06994708707926021,0.12843518871596257,0.7098956063551666,50,20,20
34,6427,0.09172211784960949,0.06994708707926021,0.12837042841094895,0.7099603666601801,50,20,20
34,6428,0.09172211784960949,0.06994708707926015,0.1281838966064225,0.7101468984647067,50,20,20
34,6429,0.09172211784958999,0.06994708707926048,0.1250560672088703,0.713274727862278,50,20,20
34,6430,0.09172211784958999,0.06994708707926048,0.12505606723055754,0.7132747278405909,50,20,20
34,6431,0.09172211784961251,0.06994708707925837,0.1252419142679766,0.7130888808031512,50,20,20
34,6432,0.09172211784961255,0.06994708707925837,0.1253750876515621,0.7129557074195658,50,20,20
34,6433,0.09172211784961255,0.06994708707925837,0.12537506796373563,0.7129557271073922,50,20,20
34,6434,0.09466048596042359,0.06994708961033175,0.12243669731757874,0.7129557271116647,50,20,20
34,6435,0.0967839911597442,0.06994709005016811,0.1203098417973578,0.7129590769927284,50,20,20
34,6436,0.11624598608325082,0.0699470900458325,0.10084797764108723,0.7129589462298278,50,20,20
34,6437,0.09625293663552738,0.06994709045744704,0.120841038979919,0.712958933927105,50,20,20
34,6438,0.09625293663552706,0.06994709045744342,0.11771624785931976,0.7160837250477082,50,20,20
34,6439,0.09625293663543659,0.06994709045732195,0.1175831129992354,0.7162168599080045,50,20,20
34,6440,0.09625293663543659,0.06994709045732195,0.11758306929469349,0.7162169036125465,50,20,20
34,6441,0.0962529366354366,0.06994709045732195,0.11771619436343336,0.7160837785438067,50,20,20
34,6442,0.08144030366733805,0.06995410094010009,0.13252180638948738,0.7160837890030729,50,20,20
34,6443,0.08144030366733805,0.06995410094010014,0.13252184404692313,0.7160837513456371,50,20,20
34,6444,0.08144030366733764,0.06995410094010009,0.1325218021685025,0.7160837932240579,50,20,20
34,6445,0.08144030366733764,0.06995410094010004,0.1325217616281332,0.7160838337644273,50,20,20
34,6446,0.08144030366776352,0.06994957579417864,0.13252628677358178,0.7160838337644744,50,20,20
34,6447,0.08148313295766474,0.06994957326307061,0.132483460014839,0.7160838337644241,50,20,20
34,6448,0.08148313295637143,0.06994957325612274,0.13241487310960592,0.7161524206778984,50,20,20
34,6449,0.08148313295634928,0.06994957325612274,0.132227931618439,0.7163393621690873,50,20,20
34,6450,0.08168569137687616,0.06995444441058805,0.1306967312644375,0.7176631329480965,50,20,20
34,6451,0.08168569137816949,0.06995444441058805,0.13075720181723097,0.7176026623940097,50,20,20
34,6452,0.08168569137297928,0.0699544444105838,0.13075393951178468,0.7176059247046506,50,20,20
34,6453,0.06178432422760784,0.06995444441502047,0.1506553068686542,0.7176059244887161,50,20,20
34,6454,0.06178432422760781,0.06995444441502044,0.15065295655166222,0.7176082748057081,50,20,20
34,6455,0.06178432422760781,0.0699544444150204,0.1506528989083548,0.7176083324490157,50,20,20
34,6456,0.06178463089141508,0.055943401182222886,0.1646636417631601,0.7176083261632037,50,20,20
34,6457,0.061784630891415074,0.055943401182220735,0.16466037905924705,0.717611588867119,50,20,20
34,6458,0.061784630891415074,0.055943401182220735,0.16466038005907518,0.7176115878672911,50,20,20
34,6459,0.061784630891415476,0.055943401182222886,0.16466042110204582,0.7176115468243179,50,20,20
34,6460,0.06178463089141587,0.05594340118222507,0.1646604816253639,0.7176114863009972,50,20,20
34,6461,0.061784630891415865,0.05594340118222292,0.16466048104502579,0.7176114868813376,50,20,20
34,6462,0.06178463089141586,0.05594340118222292,0.16466042298170694,0.7176115449446566,50,20,20
34,6463,0.06178463089141583,0.05594340118222077,0.16447387203232477,0.7177980958940409,50,20,20
34,6464,0.06178463089141583,0.05594340118222081,0.16447393065709434,0.7177980372692712,50,20,20
34,6465,0.061784630891417426,0.05594340118222295,0.16447400925159317,0.7177979586747686,50,20,20
34,6466,0.061784630890228946,0.05594338177247121,0.1616152085052951,0.7206567788320067,50,20,20
34,6467,0.061784630890320005,0.05594338177247121,0.161615211559275,0.720656775777936,50,20,20
34,6468,0.06178463089141502,0.05594338177257448,0.1647404144246698,0.7175315729113428,50,20,20
34,6469,0.06143426196042252,0.05594338124159498,0.16509078475520458,0.71753157204278,50,20,20
34,6470,0.06143426196042252,0.05594338124159498,0.16509082429415173,0.7175315325038327,50,20,20
34,6471,0.061434261960333254,0.05594338124159709,0.16510944048587914,0.7175129163121923,50,20,20
34,6472,0.06143426196033288,0.05594338124159713,0.16510831483824376,0.7175140419598278,50,20,20
34,6473,0.061434261960355244,0.05594338124160141,0.16510734216606807,0.717515014631977,50,20,20
34,6474,0.061434261960355244,0.05594338124160141,0.1651073684839531,0.7175149883140919,50,20,20
34,6475,0.06143426196035485,0.055943381241599234,0.16510732673244694,0.7175150300656007,50,20,20
34,6476,0.061434261960355244,0.055943381241599234,0.1651084668041141,0.7175138899939332,50,20,20
34,6477,0.06169173983238419,0.055943381152665055,0.16485100121041438,0.717513877804537,50,20,20
34,6478,0.06169173983247282,0.055943381159571634,0.16499194464654046,0.7173729343614156,50,20,20
34,6479,0.061691739832472454,0.055943381159571634,0.1649919272360795,0.7173729517718769,50,20,20
34,6480,0.07334085229830142,0.05594338115695537,0.15334281477272316,0.7173729517720194,50,20,20
34,6481,0.07313409930885309,0.05593851004131564,0.15487760783123075,0.7160497828186,50,20,20
34,6482,0.07313409930885267,0.05593851004131775,0.15483476380265754,0.7160926268471717,50,20,20
34,6483,0.07265245827443367,0.05593920058085973,0.15531906218594033,0.7160892789587655,50,20,20
34,6484,0.07265218002995927,0.057655233649883196,0.15360312784386543,0.7160894584762915,50,20,20
34,6485,0.07265218003066945,0.05765523053154072,0.15355512648311437,0.7161374629546742,50,20,20
34,6486,0.07265218003066945,0.05765523053154069,0.15355506901608568,0.7161375204217031,50,20,20
34,6487,0.07265218003069221,0.057655230538510335,0.15356117255613672,0.7161314168746596,50,20,20
34,6488,0.07265218003069221,0.057655230538510335,0.1537444220815745,0.715948167349222,50,20,20
34,6489,0.08072207467798288,0.05765523053665098,0.14567452742128859,0.7159481673640771,50,20,20
34,6490,0.08072207467798126,0.0576552305365287,0.14567447840630338,0.7159482163791862,50,20,20
34,6491,0.08072207467789022,0.0576552305365287,0.14567447501313993,0.7159482197724405,50,20,20
34,6492,0.07749119605794555,0.057655352184573315,0.14890523198192063,0.7159482197755602,50,20,20
34,6493,0.07749119605794515,0.0576553521845733,0.14890409215981182,0.7159493595976695,50,20,20
34,6494,0.07749119605794669,0.05765535218457335,0.14877098959046933,0.7160824621670103,50,20,20
34,6495,0.07749119605794826,0.05765535218457335,0.14863786524750255,0.7162155865099757,50,20,20
34,6496,0.07749119605797106,0.05765535218457342,0.14863790431619134,0.716215547441264,50,20,20
34,6497,0.07780381234529367,0.05765535219096098,0.14832528633098596,0.7162155491327592,50,20,20
34,6498,0.07780381234529406,0.05765535219096098,0.14832528897683844,0.7162155464869062,50,20,20
34,6499,0.07780381234529403,0.05765535219096095,0.1483252184860046,0.7162156169777402,50,20,20
34,6500,0.07780381234529403,0.05765535219096308,0.1485117698888954,0.7160290655748471,50,20,20
34,6501,0.07780381234529363,0.05765535219084082,0.14851171974289942,0.7160291157209657,50,20,20
34,6502,0.07780381234531643,0.05765535219096311,0.14851503173350844,0.7160258037302115,50,20,20
34,6503,0.07780381234531646,0.057655352190963155,0.14851508867216412,0.7160257467915558,50,20,20
34,6504,0.07803360547950587,0.05765535219118192,0.14828529468718168,0.71602574764213,50,20,20
34,6505,0.07803360547952864,0.057655352191184096,0.14828649596748966,0.7160245463617971,50,20,20
34,6506,0.07803360547952864,0.05765535219118406,0.14828646965258085,0.716024572676706,50,20,20
34,6507,0.07803360547952864,0.0576553521911841,0.14828880703877811,0.7160222352905088,50,20,20
34,6508,0.07803360547952903,0.05765535219118619,0.14847530696550496,0.7158357353637793,50,20,20
34,6509,0.07803360547952744,0.05765535219118616,0.14847758636837033,0.7158334559609156,50,20,20
34,6510,0.07803360547950466,0.05765535219118187,0.14847523411358854,0.7158358082157243,50,20,20
34,6511,0.07803360547950466,0.05765535219118187,0.1484752903496435,0.7158357519796695,50,20,20
34,6512,0.07803360547821096,0.05765535219118183,0.14841360749986884,0.7158974348307379,50,20,20
34,6513,0.07803360547830203,0.05765535219118191,0.14841368942701336,0.7158973529035022,50,20,20
34,6514,0.05856728429660213,0.057655352686711236,0.1678798762959866,0.7158974867206994,50,20,20
34,6515,0.058567284296579335,0.05765535268671116,0.1678798375778522,0.7158975254388568,50,20,20
34,6516,0.058567284296558164,0.05765535267974151,0.16787602855816008,0.7159013344655398,50,20,20
34,6517,0.05856728429655776,0.05765535267974148,0.16787596798625515,0.7159013950374451,50,20,20
34,6518,0.05856728429655777,0.057655352679741464,0.16787592848767507,0.7159014345360254,50,20,20
34,6519,0.07794439287171094,0.05765535222920252,0.14849895504584215,0.7159012998532439,50,20,20
34,6520,0.07502747678151839,0.05765535439530628,0.15141586896784148,0.7159012998553336,50,20,20
34,6521,0.07502747678151876,0.05765535439530628,0.15141913789060754,0.7158980309325669,50,20,20
34,6522,0.07502095386342714,0.05765543184558001,0.15142559382012086,0.7158980204708715,50,20,20
34,6523,0.07502095386342716,0.057655431845582195,0.15149035353994608,0.7158332607510441,50,20,20
34,6524,0.07502095386849227,0.05765543184558425,0.15162465732004468,0.7156989569658783,50,20,20
34,6525,0.07502095386849224,0.057655431845584214,0.15162459937651196,0.715699014909411,50,20,20
34,6526,0.07502095386849227,0.05765543184558635,0.15144135070576278,0.715882263580158,50,20,20
34,6527,0.07502095386849227,0.057655431845584214,0.15143804946229905,0.715885564823624,50,20,20
34,6528,0.0753117018024164,0.05765543183919764,0.15114730322623976,0.7158855631321458,50,20,20
34,6529,0.07531170180241638,0.05765543183919549,0.1511439999794756,0.7158888663789122,50,20,20
34,6530,0.07531170180241635,0.057655431839195456,0.15114399927176647,0.7158888670866215,50,20,20
34,6531,0.0785408685708687,0.05765531019120579,0.1479149541543568,0.7158888670835682,50,20,20
34,6532,0.07816375857835374,0.05765531021748115,0.14829205385148117,0.7158888773526835,50,20,20
34,6533,0.07816375857835334,0.05765531021747897,0.14829199232833506,0.7158889388758322,50,20,20
34,6534,0.07816375857835214,0.05765531021748111,0.14829430216466244,0.7158866290395041,50,20,20
34,6535,0.07816375857835053,0.05765531021748104,0.14829347749226893,0.715887453711899,50,20,20
34,6536,0.07815419560052006,0.057655310217590836,0.14830304046998977,0.7158874537118989,50,20,20
34,6537,0.07815419560052204,0.05765531022453042,0.1483881678528694,0.7158023263220776,50,20,20
34,6538,0.07809488499132691,0.05765531022450236,0.14844747846222817,0.7158023263219421,50,20,20
34,6539,0.07809488499132691,0.05765531022450236,0.14844751796080835,0.715802286823362,50,20,20
34,6540,0.07809488499132694,0.05765531022450236,0.14844425603963537,0.715805548744535,50,20,20
34,6541,0.07809488499250819,0.05765533084259748,0.15023947694939085,0.714010307215503,50,20,20
34,6542,0.07809488499250979,0.05765533084259745,0.150236216152985,0.7140135680119073,50,20,20
34,6543,0.07809489741790626,0.05765539318099101,0.1492705045651579,0.7149792048359446,50,20,20
34,6544,0.07809489741790626,0.05765539318099101,0.14927044734268027,0.7149792620584222,50,20,20
34,6545,0.07809489741802107,0.05765539357631854,0.14938050055736324,0.7148692084482969,50,20,20
34,6546,0.07809489741801948,0.05765539357631854,0.1493805132770025,0.7148691957286593,50,20,20
34,6547,0.0780948974180195,0.05765539357631854,0.14938059516366708,0.7148691138419946,50,20,20
34,6548,0.07809489770870558,0.057655393576318596,0.14924957443220774,0.7150001342827679,50,20,20
34,6549,0.07809489770868282,0.05765539357631641,0.14924841369572442,0.715001295019276,50,20,20
34,6550,0.0780948977086824,0.05765539357631426,0.14924841252370857,0.7150012961912945,50,20,20
34,6551,0.07809489770867735,0.06703337771878759,0.13987042846540443,0.7150012961071304,50,20,20
34,6552,0.07809489770865456,0.0670333777186653,0.1398671164747953,0.7150046080978845,50,20,20
34,6553,0.07809489800447039,0.06703337771878765,0.13968568244049087,0.7151860418362507,50,20,20
34,6554,0.0780948980044927,0.06703337771878766,0.13972847228632426,0.7151432519903949,50,20,20
34,6555,0.07809489800331142,0.06703335710069258,0.13811976171200768,0.7167519831839877,50,20,20
34,6556,0.0780948980032212,0.06703335709378597,0.13793271228254772,0.7169390326204446,50,20,20
34,6557,0.07809489800322122,0.06703335709378812,0.13793281090477824,0.7169389339982117,50,20,20
34,6558,0.07809489800212621,0.06703335709368492,0.13494077303468927,0.719930971869499,50,20,20
34,6559,0.07809486958280691,0.0799531103103664,0.12202123021474032,0.7199307898920857,50,20,20
34,6560,0.0780948695827842,0.07995311031036426,0.12197837520192084,0.71997364490493,50,20,20
34,6561,0.0780948695827842,0.0799531103103643,0.1289632682581886,0.7129887518486623,50,20,20
34,6562,0.07809486958287526,0.07995311031036649,0.12896336560604366,0.712988654500714,50,20,20
34,6563,0.07809488861653213,0.0799576754472863,0.12895878143594336,0.7129886545002374,50,20,20
34,6564,0.07809488861653212,0.07995767544728417,0.1287722287927823,0.7131752071434004,50,20,20
34,6565,0.07809488861653212,0.07995767544728417,0.12877223008880911,0.7131752058473737,50,20,20
34,6566,0.07809488832071591,0.07995767544715976,0.12877040866112727,0.7131770275709961,50,20,20
34,6567,0.07809488832071594,0.07995767544716191,0.12877050797702583,0.7131769282550954,50,20,20
34,6568,0.07809488832028309,0.06707279225085777,0.14165539117282694,0.7131769282560321,50,20,20
34,6569,0.0780948883202819,0.06707279225085776,0.14177718322662275,0.7130551362022375,50,20,20
34,6570,0.07809488832028227,0.06707279225085988,0.14177720030969485,0.7130551191191629,50,20,20
34,6571,0.07809488832028307,0.06707279225085991,0.14178414928939417,0.7130481701394626,50,20,20
34,6572,0.07648294754752624,0.06711371985310595,0.1433551033981822,0.7130482292011853,50,20,20
34,6573,0.07648294754752465,0.06711371985310381,0.14335508136449265,0.7130482512348786,50,20,20
34,6574,0.07648292851385896,0.0671092764856711,0.14335954376825877,0.7130482512322109,50,20,20
34,6575,0.0764829713345915,0.06710927648437322,0.14253175284852296,0.7138759993325122,50,20,20
34,6576,0.07648297133459152,0.06710927648437537,0.1425328923249624,0.7138748598560705,50,20,20
34,6577,0.07648305292300055,0.06710206674938629,0.1425400203108031,0.7138748600168099,50,20,20
34,6578,0.07725052276468665,0.06710207232609455,0.14177251884300157,0.7138748860662164,50,20,20
34,6579,0.07725052276468668,0.0671020723260946,0.14177020970966184,0.7138771951995563,50,20,20
34,6580,0.07725053325427271,0.06750382481991667,0.1413684468837551,0.7138771950420548,50,20,20
34,6581,0.07725053325427274,0.06750382481991672,0.14137174955507903,0.7138738923707308,50,20,20
34,6582,0.07725053325427075,0.06750382481297504,0.141285542939738,0.7139600989930155,50,20,20
34,6583,0.07725053325427075,0.06750382481297504,0.1412854869843447,0.7139601549484087,50,20,20
34,6584,0.07725058293726633,0.0675037624357174,0.1422286719301596,0.7130169826968555,50,20,20
34,6585,0.07725058293726594,0.0675037624357153,0.14222863090403548,0.7130170237229824,50,20,20
34,6586,0.07725058293726594,0.0675037624357153,0.1422286711590635,0.7130169834679543,50,20,20
34,6587,0.07725058293726594,0.0675037624357153,0.14222962262481975,0.713016032002198,50,20,20
34,6588,0.07725058293726593,0.0675037624357153,0.1420431122314232,0.7132025423955946,50,20,20
34,6589,0.07383119624117819,0.06750376251073924,0.1454624986765246,0.7132025425715571,50,20,20
34,6590,0.0738311962410634,0.06750376211541174,0.145485611926269,0.7131794297172551,50,20,20
34,6591,0.0738311962410634,0.06750376211541174,0.1454856286008856,0.7131794130426385,50,20,20
34,6592,0.0738311962410634,0.06750376211541179,0.1454856129053335,0.7131794287381907,50,20,20
34,6593,0.07383119624106342,0.06750376211541181,0.14548638413024054,0.7131786575132837,50,20,20
34,6594,0.07383119624106342,0.06750376211541181,0.14548642264764125,0.7131786189958831,50,20,20
34,6595,0.07383119624116659,0.07954388345985092,0.13344629266461117,0.7131786276343708,50,20,20
34,6596,0.07474328144967904,0.0795022651199366,0.13257588626865244,0.7131785671617316,50,20,20
34,6597,0.07474328144958796,0.07950226511993444,0.13257578692291483,0.7131786665075625,50,20,20
34,6598,0.07474328144958796,0.07950226511993447,0.13257424695387393,0.7131802064766033,50,20,20
34,6599,0.0746083866554054,0.07950227521639937,0.1327091316513424,0.7131802064768524,50,20,20
34,6600,0.0746083866554058,0.07950227521639942,0.1327102562705252,0.7131790818576694,50,20,20
34,6601,0.07460838665539832,0.07951393739339976,0.13269859409080142,0.7131790818604002,50,20,20
34,6602,0.07460838665539832,0.07951393739339976,0.13269856777191386,0.7131791081792878,50,20,20
34,6603,0.07366586998544525,0.07951393715158434,0.13364108522268042,0.7131791076402897,50,20,20
34,6604,0.07366586998544525,0.07951393715158431,0.13350797598073083,0.7133122168822393,50,20,20
34,6605,0.07366586998544485,0.07951393715158218,0.13332147355862545,0.7134987193043473,50,20,20
34,6606,0.07366586998813104,0.07951393715158442,0.1333247982707161,0.7134953945895681,50,20,20
34,6607,0.07366586998813264,0.07951393715158445,0.13332710951290772,0.713493083347375,50,20,20
34,6608,0.07366586998813265,0.07951393715158449,0.13332709383481528,0.7134930990254673,50,20,20
34,6609,0.07366586998813264,0.07951393715158445,0.13332384863229957,0.713496344227983,50,20,20
34,6610,0.07366586998813104,0.07951393715158445,0.13332633923352039,0.7134938536267639,50,20,20
34,6611,0.07366586998813104,0.07951393715158442,0.1333240093019555,0.7134961835583288,50,20,20
34,6612,0.07366586998813104,0.07951393715158438,0.13332394874237388,0.7134962441179105,50,20,20
34,6613,0.07366586998813104,0.07951393715158438,0.13332395027136815,0.7134962425889161,50,20,20
34,6614,0.07366586998813104,0.07951393715158442,0.13332397081275973,0.7134962220475245,50,20,20
34,6615,0.073665869988131,0.07951393715158227,0.13332391271093846,0.713496280149348,50,20,20
34,6616,0.073665869988131,0.07951393715158227,0.13332387078386426,0.7134963220764223,50,20,20
34,6617,0.07349620687301632,0.07951394578245005,0.13349339220928652,0.713496455135247,50,20,20
34,6618,0.07349614476418091,0.07951394578244979,0.1334674598396882,0.7135224496136808,50,20,20
34,6619,0.07349610251084558,0.07951394882726098,0.1342961067046841,0.7126938419572092,50,20,20
34,6620,0.07349610251084403,0.07951394882726309,0.13435851630581083,0.712631432356082,50,20,20
34,6621,0.07349610251084324,0.07951394882726523,0.13435161164300527,0.7126383370188862,50,20,20
34,6622,0.07349610251084324,0.07951394882726523,0.1343548735093389,0.7126350751525525,50,20,20
34,6623,0.07349610251084324,0.07951394882726519,0.13435162836192752,0.712638320299964,50,20,20
34,6624,0.07272756939088908,0.07951394368069432,0.13512019275070108,0.7126382941777153,50,20,20
34,6625,0.07272756939098012,0.07951394368081663,0.1351202428852124,0.7126382440429907,50,20,20
34,6626,0.07272756939098013,0.07951394368093812,0.13525011675189813,0.7125083701761834,50,20,20
34,6627,0.07272756939098053,0.07951394368093812,0.13525121635335552,0.7125072705747257,50,20,20
34,6628,0.08430823923979641,0.07951394368278453,0.12366894395523578,0.7125088731221833,50,20,20
34,6629,0.08430823924497548,0.07951394368290653,0.12371528371803586,0.7124625333540823,50,20,20
34,6630,0.08430823924506653,0.07951394368290868,0.123716054699628,0.7124617623723968,50,20,20
34,6631,0.08430823924506653,0.0795139436829087,0.12371840561111488,0.7124594114609102,50,20,20
34,6632,0.08430823924506692,0.07951394368301677,0.12604808185380448,0.7101297352181122,50,20,20
34,6633,0.08430823925105896,0.0800901412270266,0.1254718929431796,0.7101297265787352,50,20,20
34,6634,0.08430823925116425,0.07946515869316827,0.12609687532341093,0.7101297267322569,50,20,20
34,6635,0.08430823954700647,0.0794651586931683,0.12610014266343014,0.7101264590963955,50,20,20
34,6636,0.08430823901877528,0.0794653296101271,0.12614713181804163,0.7100792995530564,50,20,20
34,6637,0.08430823901877525,0.07946532961012492,0.12608237145480872,0.7101440599162915,50,20,20
34,6638,0.08430823901877525,0.07946532961012635,0.1330673050628574,0.7031591263082417,50,20,20
34,6639,0.08430823901877484,0.07946532961012631,0.13306617944417432,0.7031602519269252,50,20,20
34,6640,0.08430823901886467,0.07946532961012631,0.13319797727312732,0.7030284540978823,50,20,20
34,6641,0.08430823901886467,0.07946532961012635,0.13319905887819428,0.7030273724928153,50,20,20
34,6642,0.0846470639886924,0.07946515569162106,0.13285972865534168,0.7030280516643456,50,20,20
34,6643,0.0846470639886924,0.0794651556916211,0.1328597853246146,0.7030279949950724,50,20,20
34,6644,0.0763829260234425,0.07946515564835918,0.14112392331544976,0.7030279950127492,50,20,20
34,6645,0.057154230892951643,0.07946513736966682,0.16015465893677627,0.7032259728006056,50,20,20
34,6646,0.057154230892953226,0.07946513736967105,0.16034119682290288,0.7030394349144732,50,20,20
34,6647,0.0571542308929546,0.07946513772076737,0.16260632897065427,0.7007743024156242,50,20,20
34,6648,0.05715423059711235,0.07946513772076519,0.16260302024309656,0.7007776114390264,50,20,20
34,6649,0.05715423059711235,0.07946513772076519,0.16260307777275,0.7007775539093728,50,20,20
34,6650,0.057154230597112755,0.07946513772076522,0.16260307915350475,0.7007775525286176,50,20,20
34,6651,0.05715423059720382,0.07946513772076734,0.16260212968623589,0.7007785019957933,50,20,20
34,6652,0.05715423030136158,0.07946513772076515,0.16259887900977063,0.7007817529681032,50,20,20
34,6653,0.05715423030136121,0.07946513772065708,0.16026924100976786,0.7031113909682144,50,20,20
34,6654,0.05715423030127015,0.07946513772053476,0.16026588919042495,0.7031147427877706,50,20,20
34,6655,0.057154230301270176,0.07946513772053333,0.1532810103838553,0.7100996215943417,50,20,20
34,6656,0.057154230301089244,0.07946513772053117,0.15314763109722948,0.7102330008811506,50,20,20
34,6657,0.05715423030108782,0.07946513736943273,0.15081773758575046,0.7125628947437295,50,20,20
34,6658,0.05715423030108826,0.07946513736955288,0.1508177783025344,0.712562854026825,50,20,20
34,6659,0.05715423030109025,0.07946513736967517,0.15082013782772447,0.7125604945015105,50,20,20
34,6660,0.05715423030109028,0.07946513736967514,0.1508201346489821,0.7125604976802529,50,20,20
34,6661,0.05715423030099922,0.07946513736967299,0.15081783996993495,0.7125627923593931,50,20,20
34,6662,0.05715423030099921,0.07946513736967295,0.15081778300782933,0.7125628493214988,50,20,20
34,6663,0.05715423030099919,0.07946513736967292,0.15081779946623552,0.7125628328630927,50,20,20
34,6664,0.05715423030056524,0.07947634482909803,0.15080659200724425,0.7125628328630929,50,20,20
34,6665,0.05715423030056324,0.07947634482897574,0.15080652515527454,0.7125628997151868,50,20,20
34,6666,0.0571542303006541,0.07947634482897785,0.15085263849147193,0.7125167863788966,50,20,20
34,6667,0.060631888666984,0.07947634475392704,0.1473749803761529,0.7125167862029363,50,20,20
34,6668,0.060631888666984,0.07947634475392708,0.14737733057551744,0.7125144360035718,50,20,20
34,6669,0.06063188874094303,0.0794763447540515,0.14737985919938773,0.7125119073056179,50,20,20
34,6670,0.060631888740943315,0.0794763447590959,0.15290908394731392,0.706982682552647,50,20,20
34,6671,0.0606318887409437,0.07947634475909586,0.15290913872577844,0.7069826277741822,50,20,20
34,6672,0.0606318887409437,0.07947634475921704,0.15309564518954316,0.7067961213102962,50,20,20
34,6673,0.0606318887409437,0.07947634475921701,0.15309329456089993,0.7067984719389396,50,20,20
34,6674,0.060631888740943725,0.07947634475921704,0.15309333581256024,0.7067984306872792,50,20,20
34,6675,0.06063188874094373,0.07947634475921708,0.15309336313211866,0.7067984033677206,50,20,20
34,6676,0.06063188874094412,0.07947634475921711,0.1530965513674684,0.7067952151323705,50,20,20
34,6677,0.06180374574033566,0.07947701984873598,0.15211896675784067,0.7066002676530876,50,20,20
34,6678,0.0651535718345426,0.0794770176627351,0.14876915309736638,0.7066002574053556,50,20,20
34,6679,0.0651535718345425,0.0794806877114081,0.1487654830514246,0.7066002574026246,50,20,20
34,6680,0.06515357183445164,0.07948068771140596,0.1487226316941852,0.706643108759957,50,20,20
34,6681,0.06515350286741076,0.0790860033576284,0.14911738483633216,0.7066431089386284,50,20,20
34,6682,0.06515350286750181,0.07908600335763055,0.14911970190849602,0.7066407918663711,50,20,20
34,6683,0.0651535028675018,0.07908600335763052,0.14911966136776872,0.7066408324070985,50,20,20
34,6684,0.0651535028675018,0.07908600335763052,0.14911965938245206,0.7066408343924152,50,20,20
34,6685,0.06515350286750365,0.07907490244103214,0.14913076029631875,0.7066408343951451,50,20,20
34,6686,0.0651535259928498,0.07907490247926913,0.1491460370743811,0.7066255344534988,50,20,20
34,6687,0.0651535051337907,0.0790749024410327,0.1491318398729072,0.7066397525522683,50,20,20
34,6688,0.06515350513378915,0.07907490244102845,0.14894528976477545,0.7068263026604059,50,20,20
34,6689,0.06515350513378916,0.07907490244102845,0.14894530354595958,0.7068262888792216,50,20,20
34,6690,0.06515350513378916,0.07907490244102842,0.14894435207457718,0.7068272403506042,50,20,20
34,6691,0.06515350513378916,0.07907490244114959,0.14913085507237556,0.7066407373526847,50,20,20
34,6692,0.06515350513378916,0.07907490244114959,0.14913091101550963,0.7066406814095507,50,20,20
34,6693,0.0651535051337892,0.07907490244115173,0.14913095141438382,0.7066406410106744,50,20,20
34,6694,0.06515350513388025,0.07907490244115388,0.1491333037949103,0.7066382886300546,50,20,20
34,6695,0.06515350513388027,0.0790749024410327,0.1489467625428081,0.7068248298822776,50,20,20
34,6696,0.06515350512781479,0.06499021567372629,0.16303144931627625,0.7068248298821816,50,20,20
34,6697,0.06515350512783756,0.06499021567372633,0.16303146465955673,0.7068248145388784,50,20,20
34,6698,0.06515350512783832,0.06499021567372426,0.16315721690889162,0.7066990622895447,50,20,20
34,6699,0.06515350512773317,0.06560426616240571,0.16254316657378923,0.7066990621360709,50,20,20
34,6700,0.06515350512773355,0.06560426616228458,0.16235990886132806,0.7068823198486528,50,20,20
34,6701,0.06515350512775622,0.06560426616922627,0.16244613449214665,0.7067960942108698,50,20,20
34,6702,0.06481469157051295,0.06560427842727817,0.16278227206361914,0.7067987579385886,50,20,20
34,6703,0.0648146915709468,0.06558791941228796,0.1627986309198807,0.7067987580968834,50,20,20
34,6704,0.0648146915709468,0.06558791941228584,0.16261538248038312,0.7069820065363831,50,20,20
34,6705,0.06482346557986621,0.06558790711059417,0.16260989464809886,0.7069787326614396,50,20,20
34,6706,0.06482346557986624,0.06558790711071567,0.16274071999187137,0.7068479073175457,50,20,20
34,6707,0.0648234655798888,0.0655879071107178,0.1629272997659004,0.7066613275434919,50,20,20
34,6708,0.06482346558507887,0.0655879071107178,0.1628023054775739,0.7067863218266284,50,20,20
34,6709,0.06482346558465245,0.06498024138830853,0.16340997135875251,0.7067863216682855,50,20,20
34,6710,0.06482346558463029,0.06498024138830855,0.1632881578127516,0.7069081352143085,50,20,20
34,6711,0.0648234655846304,0.06498024138326422,0.1577612850799378,0.7124350079521663,50,20,20
34,6712,0.06482346558463042,0.06498024138326637,0.1577622538908817,0.7124340391412204,50,20,20
34,6713,0.06482346558194466,0.06498024138338647,0.15775971465394698,0.7124365783807208,50,20,20
34,6714,0.06482346558194466,0.06498024138338641,0.1507747813477001,0.719421511686968,50,20,20
34,6715,0.06482346558194464,0.06498024138338641,0.15077472411054976,0.7194215689241185,50,20,20
34,6716,0.06327673298513088,0.06497956587865562,0.15232529542010456,0.7194184057161083,50,20,20
34,6717,0.06327673298513087,0.06497956587865769,0.15219222751817166,0.7195514736180388,50,20,20
34,6718,0.06326848465578547,0.06497956610045674,0.15220048456498772,0.7195514646787693,50,20,20
34,6719,0.06326848465577989,0.06474462391401495,0.15243542675143618,0.7195514646787684,50,20,20
34,6720,0.06326848465577989,0.06474462391401492,0.15243759004493285,0.7195493013852717,50,20,20
34,6721,0.07983623519085174,0.06474462351525738,0.13586982971715084,0.7195493115767395,50,20,20
34,6722,0.08825093388992783,0.06474462351330675,0.1274567336102482,0.7195477089865172,50,20,20
34,6723,0.08825093388992823,0.06474462351330888,0.12745673337082686,0.7195477092259359,50,20,20
34,6724,0.07004673463435349,0.06474464952424225,0.14566090659571007,0.719547709245694,50,20,20
34,6725,0.07004673463435354,0.06474464952424228,0.1456632568220551,0.719545359019349,50,20,20
34,6726,0.07885170436559276,0.06474465044252573,0.13685834116988774,0.7195453040219937,50,20,20
34,6727,0.07885170436559279,0.06474465044252573,0.1368584210586697,0.7195452241332115,50,20,20
34,6728,0.07885170436550172,0.06474465044252571,0.13685839881914041,0.719545246372832,50,20,20
34,6729,0.07885170437069117,0.06474465044949541,0.13686450513811946,0.7195391400416937,50,20,20
34,6730,0.09045586946660503,0.06474465005252433,0.1252603404722161,0.7195391400086547,50,20,20
34,6731,0.09045586946660503,0.06474465005252433,0.1252603966909277,0.719539083789943,50,20,20
34,6732,0.09045586946660462,0.06474465005252433,0.12526030072364006,0.7195391797572311,50,20,20
34,6733,0.09045586946660461,0.06474465005252436,0.125260276780588,0.7195392037002831,50,20,20
34,6734,0.09045586946660496,0.06474465005264451,0.12526027424907918,0.7195392062316713,50,20,20
34,6735,0.09045586946660496,0.06474465005264447,0.1252579638580116,0.7195415166227389,50,20,20
34,6736,0.09045586946659107,0.07850511821033007,0.1114974955467736,0.7195415167763053,50,20,20
34,6737,0.09045586946659107,0.07850511821032793,0.11149520170167182,0.7195438106214093,50,20,20
34,6738,0.09045586946659105,0.07850511821032793,0.11149522770898045,0.7195437846141006,50,20,20
34,6739,0.09045586946659064,0.07850511821032578,0.11149192542916328,0.7195470868939202,50,20,20
34,6740,0.09045586946661341,0.07850511821032582,0.11149518851391896,0.7195438238091418,50,20,20
34,6741,0.09045586946661341,0.07850511821032582,0.11149518944278465,0.7195438228802761,50,20,20
34,6742,0.09045586946142552,0.07850511820347844,0.11148989714579764,0.7195491151892983,50,20,20
34,6743,0.09045586946142511,0.07850511820347841,0.11148665185234023,0.7195523604827563,50,20,20
34,6744,0.09045586946142511,0.07850511820348056,0.1114898968709689,0.7195491154641255,50,20,20
34,6745,0.09045586946142632,0.07850511821032792,0.11149274046436139,0.7195462718638845,50,20,20
34,6746,0.09045586946140972,0.07912465472999342,0.11087320409827799,0.7195462717103189,50,20,20
34,6747,0.08914348930309401,0.07912464264204924,0.11218552994288766,0.719546338111969,50,20,20
34,6748,0.08914348930309406,0.07912464264204924,0.112185486232143,0.7195463818227137,50,20,20
34,6749,0.08887667567400273,0.0791246428243729,0.11245225179503329,0.7195464297065911,50,20,20
34,6750,0.0888766756740031,0.07912464282425355,0.11231917418038055,0.7196795073213628,50,20,20
34,6751,0.0888766756740031,0.07912464282425356,0.11231917418038058,0.7196795073213628,50,20,20
34,6752,0.08941880177546435,0.07912464727875741,0.11177702276175734,0.7196795281840207,50,20,20
34,6753,0.10568732909739958,0.07912464727942782,0.09552441209382695,0.7196636115293458,50,20,20
34,6754,0.10568732909739958,0.07912464727942782,0.09552771349401379,0.7196603101291589,50,20,20
34,6755,0.10568732909739963,0.07912464727942786,0.09552771450789159,0.7196603091152811,50,20,20
34,6756,0.11407182805167917,0.07912464726324686,0.08714321557104165,0.7196603091140328,50,20,20
34,6757,0.11424533363699281,0.07912464277804425,0.0869697351073599,0.7196602884776035,50,20,20
34,6758,0.11424533363699281,0.0791246427780464,0.0869698192169788,0.7196602043679825,50,20,20
34,6759,0.11424533363699284,0.0791246427780464,0.08696978230995027,0.7196602412750108,50,20,20
34,6760,0.11424533363697006,0.0791246427780485,0.08701262555329588,0.7196173980316858,50,20,20
34,6761,0.11449485988146442,0.07912464260203839,0.08676314735271781,0.7196173501637797,50,20,20
34,6762,0.1144948598814648,0.07912464260203624,0.08676312624633137,0.7196173712701679,50,20,20
34,6763,0.11449485988146443,0.07912464260203621,0.08675986350121107,0.7196206340152886,50,20,20
34,6764,0.11449485988148206,0.07912464259516978,0.08987861996145215,0.7165018775618962,50,20,20
34,6765,0.11449485987630303,0.0791246425950478,0.08983229661525934,0.71654820091339,50,20,20
34,6766,0.12286195953006374,0.07912464259309776,0.08146519698112656,0.7165482008957125,50,20,20
34,6767,0.12286195953006374,0.0791246425930978,0.08146754661827378,0.7165458512585652,50,20,20
34,6768,0.12286195953006412,0.07912464259309783,0.08146754590750226,0.7165458519693363,50,20,20
34,6769,0.12219787617408573,0.07912464258960843,0.08212913323700201,0.7165483479993042,50,20,20
34,6770,0.12219787617408573,0.07912464258960838,0.08212914893255417,0.7165483323037521,50,20,20
34,6771,0.12219787617927594,0.07912464258961133,0.08199932608212052,0.7166781551489927,50,20,20
34,6772,0.12219787617929873,0.07912464258961133,0.08200256648431119,0.7166749147467794,50,20,20
34,6773,0.12219787617929873,0.07912464258961133,0.0819992651058112,0.7166782161252793,50,20,20
34,6774,0.12219787617929873,0.07912464258973363,0.08199833382224321,0.7166791474087248,50,20,20
34,6775,0.12219787617927595,0.07912464258973363,0.08199831920514679,0.7166791620258443,50,20,20
34,6776,0.12219787625315451,0.07912464258973367,0.08199688639994522,0.7166805947571673,50,20,20
34,6777,0.12219787625315451,0.07912464258973363,0.08199453620048196,0.7166829449566307,50,20,20
34,6778,0.1221978762531545,0.07912464258973363,0.08199451980144483,0.7166829613556678,50,20,20
34,6779,0.12219787625315492,0.07912464258973363,0.08195169524851423,0.716725785908598,50,20,20
34,6780,0.12190258458601473,0.07912464258984571,0.08224698691451005,0.7167257859096303,50,20,20
34,6781,0.12190258458602235,0.07912430804272327,0.08224732146157693,0.7167257859096782,50,20,20
34,6782,0.12190258458602277,0.07912430804272542,0.08224841864957283,0.7167246887216798,50,20,20
34,6783,0.12563293879313261,0.07912430804205442,0.07855012683225858,0.7166926263325554,50,20,20
34,6784,0.12563293879313261,0.07912430804205442,0.07855012681468851,0.7166926263501254,50,20,20
34,6785,0.12563293879313261,0.07912430804205442,0.07855012762346902,0.7166926255413449,50,20,20
34,6786,0.12563293879313223,0.07912430804205435,0.07854777630707371,0.7166949768577408,50,20,20
34,6787,0.1256329387931514,0.07912430804215756,0.0816727887504072,0.7135699644142846,50,20,20
34,6788,0.1256329387931514,0.07912430804215763,0.08167183731978224,0.7135709158449095,50,20,20
34,6789,0.12563293879314982,0.07912430804203532,0.08167096920218522,0.7135717839626302,50,20,20
34,6790,0.12563293879315332,0.07912430804193427,0.0785472532528479,0.7166954999120653,50,20,20
34,6791,0.12563293879315338,0.07912430804205574,0.07868037155772985,0.7165623816070618,50,20,20
34,6792,0.12563293879315335,0.07912430804205565,0.07867802160753896,0.7165647315572528,50,20,20
34,6793,0.12607333087085107,0.07912430804238127,0.07824012473429567,0.7165622363524727,50,20,20
34,6794,0.12607333087085107,0.07912430804237913,0.07823683600554263,0.716565525081228,50,20,20
34,6795,0.12607333087087363,0.07912430804237917,0.0784236053964896,0.7163787556902583,50,20,20
34,6796,0.12607333087087186,0.07912448264682076,0.07842343079482839,0.7163787556874796,50,20,20
34,6797,0.12607333087087189,0.07912448264682073,0.07842341409714158,0.7163787723851663,50,20,20
34,6798,0.12038983001601307,0.07912448277365472,0.0841069150564787,0.7163787721538539,50,20,20
34,6799,0.12038983001601268,0.07912448277353244,0.0841060872088355,0.7163796000016197,50,20,20
34,6800,0.12041769237447239,0.07912448277662115,0.0840754953240318,0.716382329524875,50,20,20
34,6801,0.12041769237447236,0.0791244827764997,0.08394236061498374,0.7165154642340446,50,20,20
34,6802,0.12036307088186973,0.0791244826879959,0.08399698199161926,0.7165154644385154,50,20,20
34,6803,0.12036307088186937,0.07912448268799378,0.08393225804214226,0.716580188387995,50,20,20
34,6804,0.12036307088705983,0.07912448268811607,0.08393463511238,0.7165778113124445,50,20,20
34,6805,0.12036307088703728,0.07912448268811603,0.08374790524817431,0.7167645411766727,50,20,20
34,6806,0.12036307088703689,0.079124482688116,0.08393484668149806,0.7165775997433496,50,20,20
34,6807,0.1203630708870369,0.0791244826882383,0.08375116306153185,0.7167612833631933,50,20,20
34,6808,0.12036307081306732,0.07912448268823616,0.08375030167474132,0.7167621448239555,50,20,20
34,6809,0.12036307081306691,0.07912448268811385,0.08374912223291714,0.7167633242659025,50,20,20
34,6810,0.10076162298219069,0.07912462526615771,0.10331299411842979,0.7168007576332223,50,20,20
34,6811,0.1007616229821696,0.07912462525934043,0.10322909835424789,0.7168846534042427,50,20,20
34,6812,0.10076162300687803,0.07909801212258499,0.1032557114635671,0.7168846534069705,50,20,20
34,6813,0.1007616230068796,0.07909801212258499,0.10325570904236209,0.7168846558281738,50,20,20
34,6814,0.10076162300685883,0.07909801212258498,0.10338768049626434,0.7167526843742924,50,20,20
34,6815,0.10076162300685883,0.07909801212258498,0.10338767945707147,0.7167526854134852,50,20,20
34,6816,0.10076162300166797,0.07909801212258706,0.10338688340360176,0.7167534814721437,50,20,20
34,6817,0.10076162300166795,0.07909801212258499,0.1033868273098799,0.7167535375658676,50,20,20
34,6818,0.10076162292770852,0.07909801212246058,0.10338320007371479,0.7167571648761162,50,20,20
34,6819,0.10399294057982233,0.07909801213003069,0.10015188041948324,0.7167571668706638,50,20,20
34,6820,0.10399294057982233,0.07909801213003069,0.10015193863779037,0.7167571086523568,50,20,20
34,6821,0.10399294057982232,0.07909801213003069,0.10015189734575028,0.7167571499443968,50,20,20
34,6822,0.10399294057982232,0.07909801213003069,0.10015189734575024,0.7167571499443969,50,20,20
34,6823,0.1039929405798223,0.07909801212990632,0.10021428714170261,0.7166947601485688,50,20,20
34,6824,0.10399294057982232,0.07909801212990632,0.10021428813473633,0.716694759155535,50,20,20
34,6825,0.10399294057982217,0.07910902238407459,0.10020327788061613,0.7166947591554872,50,20,20
34,6826,0.10365958716769602,0.07910912216848974,0.10050810042689949,0.7167231902369147,50,20,20
34,6827,0.10365958716769602,0.07910912216848974,0.10050804319211737,0.7167232474716968,50,20,20
34,6828,0.10088099566711226,0.07910912215998493,0.10328664692253538,0.7167232352503673,50,20,20
34,6829,0.10088099566711223,0.07910912215986267,0.10328337170394336,0.7167265104690815,50,20,20
34,6830,0.10088099566711223,0.07910912215986267,0.10328348669668035,0.7167263954763443,50,20,20
34,6831,0.10088099566711385,0.07910912215986478,0.10328428433626467,0.7167255978367564,50,20,20
34,6832,0.10040075302089459,0.07910952155735662,0.10376222339952486,0.7167275020222239,50,20,20
34,6833,0.10040075302091696,0.07910952155735877,0.10376545026941893,0.7167242751523052,50,20,20
34,6834,0.10040075302091696,0.07910952155735877,0.10376539233385675,0.7167243330878673,50,20,20
34,6835,0.10040075301572811,0.07910952155723644,0.1037653728788023,0.716724352548233,50,20,20
34,6836,0.1004007530157297,0.07910952155723647,0.10376651276956927,0.7167232126574645,50,20,20
34,6837,0.10040075301581936,0.07910952155735847,0.10381425757511668,0.7166754678517054,50,20,20
34,6838,0.11153236252284177,0.07910952041705434,0.09268265455143199,0.7166754625086716,50,20,20
34,6839,0.1115323625265977,0.07910952042209866,0.09821184072116082,0.7111462763301425,50,20,20
34,6840,0.11153236252668876,0.07910952042210082,0.09821510267715496,0.7111430143740551,50,20,20
34,6841,0.11153236252668876,0.07910952042210082,0.09821514361771816,0.711142973433492,50,20,20
34,6842,0.11153236252668877,0.07910952042210086,0.09821737926315852,0.7111407377880515,50,20,20
34,6843,0.11153236252668877,0.07910952042210086,0.09821737884507849,0.7111407382061314,50,20,20
34,6844,0.11153236252668877,0.07910952042210086,0.09822068022357841,0.7111374368276315,50,20,20
34,6845,0.11153236252677978,0.07910952042210301,0.09821841420489708,0.7111397028462197,50,20,20
34,6846,0.1263552018368053,0.07910910710225302,0.08339795865826773,0.7111377324026732,50,20,20
34,6847,0.1263552018368053,0.079109107102253,0.08339791740148918,0.7111377736594519,50,20,20
34,6848,0.1263552018330497,0.07910910709720863,0.07787205699422417,0.7166636340755168,50,20,20
34,6849,0.11996726154108052,0.07910941523924533,0.0841759647973939,0.7167473584222794,50,20,20
34,6850,0.11996726154108212,0.07910941523924529,0.08417694580739987,0.7167463774122719,50,20,20
34,6851,0.11996726154108173,0.07910941523924529,0.08417357850044047,0.7167497447192317,50,20,20
34,6852,0.09998350273539837,0.0791094152329451,0.10415733495136198,0.7167497470802939,50,20,20
34,6853,0.09998350271068233,0.07912082252006601,0.10414592769168488,0.7167497470775662,50,20,20
34,6854,0.09998347960661545,0.07912072424241244,0.10414604907593475,0.716749747075037,50,20,20
34,6855,0.09998347960669586,0.07912072424241223,0.10640552093624032,0.7144902752146516,50,20,20
34,6856,0.09998347960670101,0.0791207242423091,0.10328055013709032,0.7176152460138995,50,20,20
34,6857,0.09920197410009811,0.07912072423954275,0.10406205603259004,0.7176152456277688,50,20,20
34,6858,0.10831945849435218,0.07912041605948893,0.09502860416519995,0.7175315212809589,50,20,20
34,6859,0.10831945849435218,0.07912041605948893,0.09502860588033764,0.7175315195658212,50,20,20
34,6860,0.10858095014933969,0.07912041605629005,0.09476984373764483,0.717528790056725,50,20,20
34,6861,0.10858095014933969,0.0791204160562901,0.09476984403116404,0.7175287897632058,50,20,20
34,6862,0.10858095014933809,0.07912041605629003,0.09470508383232254,0.7175935499620489,50,20,20
34,6863,0.10858095014942876,0.07912041605628996,0.09470744043609068,0.7175911933581902,50,20,20
34,6864,0.10857373279080314,0.07912041605639974,0.09471465610844314,0.7175911950443536,50,20,20
34,6865,0.10857373279080154,0.07912041605639972,0.09471351621767615,0.7175923349351221,50,20,20
34,6866,0.10857373278563394,0.0791204160632005,0.09484388753981189,0.7174619636113532,50,20,20
34,6867,0.10857373278563663,0.06620877948350101,0.10775552411950853,0.7174619636113526,50,20,20
34,6868,0.10857373278561547,0.06620877948349886,0.10775223495838844,0.7174652527724962,50,20,20
34,6869,0.10857373278552544,0.06620877948803355,0.11473729812443251,0.7104801896020073,50,20,20
34,6870,0.10857373278552544,0.0662087794880357,0.11473739674644812,0.7104800909799895,50,20,20
34,6871,0.10857373278550106,0.06620877948803566,0.1147373766475273,0.7104801110789347,50,20,20
34,6872,0.10857373278549946,0.06620877948791341,0.1147340830758735,0.7104834046507125,50,20,20
34,6873,0.1085737327854995,0.06620877948791126,0.11473163505162322,0.7104858526749649,50,20,20
34,6874,0.10857373278549952,0.06620877948791126,0.11473157953914426,0.7104859081874441,50,20,20
34,6875,0.10857373278549948,0.06620877948791126,0.11473153927472544,0.7104859484518629,50,20,20
34,6876,0.10857373278549788,0.06620877948791128,0.11472919860646995,0.71048828912012,50,20,20
34,6877,0.10857373278561985,0.05184448114836481,0.1290934969014113,0.7104882891646029,50,20,20
34,6878,0.10857373278553908,0.051844481148362875,0.12683292810951893,0.712748857956578,50,20,20
34,6879,0.11358878687685209,0.05184448123630684,0.1218178620560956,0.7127488698307445,50,20,20
34,6880,0.11364760350733287,0.05184448123869749,0.12175904520284822,0.7127488700511206,50,20,20
34,6881,0.11364760350733023,0.04514601930913718,0.12845750713241058,0.7127488700511212,50,20,20
34,6882,0.11364760350733025,0.04515694443557459,0.12844658200597228,0.7127488700511221,50,20,20
34,6883,0.11339305822948559,0.04515694706631174,0.1287011125250089,0.712748882179193,50,20,20
34,6884,0.11339305822939433,0.04515694706618972,0.12865566287004687,0.7127943318343682,50,20,20
34,6885,0.11339305822939431,0.04515694706619186,0.12870180826309066,0.7127481864413224,50,20,20
34,6886,0.11339305822939422,0.04485237350991658,0.12900638181662905,0.7127481864440594,50,20,20
34,6887,0.11339305822939422,0.04485237350991658,0.1290040714241827,0.7127504968365056,50,20,20
34,6888,0.10037841935378243,0.04485238016019363,0.14201779974107417,0.7127514007449491,50,20,20
34,6889,0.10082520715557423,0.04485307092268705,0.1415670298389288,0.7127546920828095,50,20,20
34,6890,0.10082520715557423,0.04485307092268709,0.14156702473050797,0.7127546971912305,50,20,20
34,6891,0.10084508308031577,0.04485374026386345,0.1415432916060355,0.7127578850497845,50,20,20
34,6892,0.10084508308031578,0.04485374026398575,0.14154415943449297,0.7127570172212048,50,20,20
34,6893,0.10084508308031578,0.04485374026398572,0.14154415842806561,0.7127570182276323,50,20,20
34,6894,0.10084508308031616,0.044853740264107975,0.14154656095271437,0.7127546157028608,50,20,20
34,6895,0.10084508308031616,0.04485374026410794,0.14154653363832087,0.7127546430172543,50,20,20
34,6896,0.10103742390185327,0.04485373763098039,0.14135420779829416,0.7127546306688716,50,20,20
34,6897,0.10103742390185488,0.04485373763098254,0.14135173694072642,0.7127571015264356,50,20,20
34,6898,0.10103742390185488,0.044853737630982576,0.14135175144738266,0.7127570870197792,50,20,20
34,6899,0.10103742390185484,0.044853737630982576,0.14134961515913547,0.7127592233080264,50,20,20
34,6900,0.10103763592350652,0.04485375761368159,0.14370497088396117,0.71040363557885,50,20,20
34,6901,0.0955855517770487,0.044853765687109,0.14915700847283783,0.7104036740630033,50,20,20
34,6902,0.09558555177692671,0.05923333299862872,0.13477744120597113,0.7104036740184725,50,20,20
34,6903,0.09587417430155186,0.05923320997052366,0.13455479639171603,0.7103378193362072,50,20,20
34,6904,0.09587417430164132,0.0592332099707661,0.1345573312137964,0.7103352845137948,50,20,20
34,6905,0.09593758339892748,0.059226344949815095,0.13450076977519648,0.7103353018760594,50,20,20
34,6906,0.10894426678628097,0.05922633829959492,0.12149499693157274,0.71033439798255,50,20,20
34,6907,0.10894426678638602,0.05889571144026897,0.12182562379348444,0.7103343979798595,50,20,20
34,6908,0.10910487656187798,0.05889571135169422,0.12166502614399272,0.7103343859424339,50,20,20
34,6909,0.1091048933883928,0.05889571135181839,0.12171163602831327,0.7102877592314744,50,20,20
34,6910,0.10910489338839083,0.058895711351816225,0.12157848258018568,0.7104209126796062,50,20,20
34,6911,0.1090414842912051,0.058895606514871586,0.1216082663306551,0.7104546428632672,50,20,20
34,6912,0.1090414842911,0.0595155391527081,0.12098833369297081,0.71045464286322,50,20,20
34,6913,0.10904148429100934,0.05951553915246352,0.12098829325522877,0.7104546833012972,50,20,20
34,6914,0.10904148429110039,0.0595155391594341,0.12099179297439308,0.7104511835750713,50,20,20
34,6915,0.1090414842910778,0.05951553915250888,0.12085806925413936,0.7105849073022729,50,20,20
34,6916,0.1090414842910778,0.05951553915250889,0.12085801176684223,0.7105849647895701,50,20,20
34,6917,0.11682208621395246,0.0595156103357197,0.1130769862384733,0.7105853172118537,50,20,20
34,6918,0.11682208621395246,0.059515610335719664,0.11308033903346042,0.7105819644168666,50,20,20
34,6919,0.11682208621395207,0.05951561033571963,0.11308033731843536,0.7105819661318921,50,20,20
34,6920,0.11682208621395207,0.05951561033571748,0.1130802774995892,0.7105820259507405,50,20,20
34,6921,0.11682208621395246,0.05951561033583977,0.11308357278609968,0.7105787306641073,50,20,20
34,6922,0.11682208621395246,0.05951561033583981,0.1130846556851327,0.7105776477650741,50,20,20
34,6923,0.11682208621395086,0.05951561033583981,0.11308469767795346,0.7105776057722549,50,20,20
34,6924,0.11682208621408703,0.05951561033596176,0.11314942335646483,0.7105128800934856,50,20,20
34,6925,0.10499217304555537,0.05951561462456065,0.12497925464651699,0.7105129576833662,50,20,20
34,6926,0.10499305939360189,0.059515614758816,0.1249783679409711,0.7105129579066103,50,20,20
34,6927,0.10499305939360189,0.05865685405213952,0.12583712864760174,0.7105129579066563,50,20,20
34,6928,0.1049930593936031,0.05865685405906256,0.1259696671077862,0.7103804194395473,50,20,20
34,6929,0.10499304256708823,0.0586568540589384,0.12592308387127213,0.7104270195027006,50,20,20
34,6930,0.10499304256699714,0.05865685405893844,0.12592228630330687,0.7104278170707569,50,20,20
34,6931,0.10499304256699714,0.05865685405893844,0.1259211877139873,0.7104289156600765,50,20,20
34,6932,0.10499304256699714,0.058656854058938473,0.12592124465844445,0.7104288587156193,50,20,20
34,6933,0.10499304256829069,0.0586568540590604,0.12598602765046216,0.7103640757221862,50,20,20
34,6934,0.10499283054792696,0.058656834083287084,0.12375608296446944,0.7125942524043158,50,20,20
34,6935,0.10499283054834553,0.05887985049479572,0.12353305780679424,0.7125942611500637,50,20,20
34,6936,0.10499283054843658,0.05887985049491592,0.12348929954857502,0.7126380194080717,50,20,20
34,6937,0.10499283054843658,0.05887985049491592,0.12349160894519061,0.712635710011456,50,20,20
34,6938,0.10499283054830083,0.05887985049479401,0.12349158691392524,0.712635732042979,50,20,20
34,6939,0.10499283054700764,0.05887985049467213,0.12342794376113142,0.712699375197188,50,20,20
34,6940,0.1049928305470073,0.05887985049455199,0.12342789448649433,0.7126994244719456,50,20,20
34,6941,0.1049928305470073,0.058879850494674243,0.12343025428583596,0.7126970646724817,50,20,20
34,6942,0.1049928305470073,0.058879850494674243,0.12343027326755104,0.7126970456907665,50,20,20
34,6943,0.10499283054700732,0.05887985049467428,0.12343024796579409,0.7126970709925234,50,20,20
34,6944,0.10499283054700843,0.05887985049971865,0.1289594311469815,0.7071678878062905,50,20,20
34,6945,0.10522845450644494,0.05887985049983525,0.12872380717197393,0.7071678878217448,50,20,20
34,6946,0.1052284545077425,0.058879850499835226,0.12872629129195806,0.7071654037004629,50,20,20
34,6947,0.10511082762558022,0.05887985054635024,0.12884391770663073,0.7071654041214376,50,20,20
34,6948,0.10511200263692747,0.05887985054634952,0.12884274269535698,0.7071654041213652,50,20,20
34,6949,0.10511200263692747,0.05887985054634956,0.12884279963577572,0.7071653471809466,50,20,20
34,6950,0.10511200263692747,0.05887985054622726,0.1288404591522135,0.707167687664631,50,20,20
34,6951,0.10511200263692784,0.058879850897325677,0.13116800174004759,0.7048401447256981,50,20,20
34,6952,0.10467426655489534,0.05887918814025481,0.13160962399449552,0.7048369213103541,50,20,20
34,6953,0.10467426655480429,0.05887918814025481,0.13160722513736137,0.7048393201675793,50,20,20
34,6954,0.10467426655480433,0.05887918814025481,0.13160722061901892,0.7048393246859219,50,20,20
34,6955,0.10467426655481873,0.058879188398493355,0.13860200038979284,0.6978445446568952,50,20,20
34,6956,0.104674266554887,0.0588791883984934,0.13859876071606833,0.6978477843305513,50,20,20
34,6957,0.10467426655497804,0.05887918839849343,0.13859881771525379,0.6978477273312746,50,20,20
34,6958,0.10467426655497804,0.05887918839849556,0.13878534967395387,0.6976611953725725,50,20,20
34,6959,0.11994335102962127,0.05887916042712163,0.12180005236381368,0.6993774361794429,50,20,20
34,6960,0.11994335102953181,0.05887916042699934,0.12180001528148557,0.699377473261983,50,20,20
34,6961,0.13987559652459733,0.05887849108575958,0.10187162916570179,0.6993742832239406,50,20,20
34,6962,0.13987559652459855,0.058878490734783434,0.09954260472175241,0.7017033080188649,50,20,20
34,6963,0.13987559652460016,0.058878490734783503,0.09954266266828352,0.7017032500723321,50,20,20
34,6964,0.13987559652459855,0.058878490734783434,0.09972916366063281,0.7015167490799845,50,20,20
34,6965,0.1399147276501023,0.05887849073476829,0.09969003274763166,0.701516748867497,50,20,20
34,6966,0.13991472765010193,0.05887849073476828,0.09975843822220334,0.7014483433929257,50,20,20
34,6967,0.13991472764968155,0.05951470934473526,0.0991222283584046,0.7014483346471779,50,20,20
34,6968,0.13991472764968155,0.05951470934473526,0.09912218847631284,0.7014483745292694,50,20,20
34,6969,0.13991472764968152,0.05953017152818536,0.099106726292862,0.7014483745292703,50,20,20
34,6970,0.13798753540745612,0.05953017152890617,0.10103391853424613,0.7014483745293909,50,20,20
34,6971,0.13726764283558146,0.05953017153191335,0.10175381110418845,0.701448374528316,50,20,20
34,6972,0.1418420905909778,0.05953017154368541,0.09889567205522731,0.6997320658101088,50,20,20
34,6973,0.1418420905909778,0.059530171543685374,0.09889796853606098,0.6997297693292752,50,20,20
34,6974,0.14155348681371968,0.05953015888404299,0.09918659479510201,0.699729759507135,50,20,20
34,6975,0.14341955427577358,0.0595301588833222,0.09732052733016666,0.6997297595107372,50,20,20
34,6976,0.14341955427577413,0.05953015887878532,0.09033542001325216,0.706714866832188,50,20,20
34,6977,0.14415254641391678,0.059530158875661515,0.089602427892622,0.7067148668177994,50,20,20
34,6978,0.14415254641382572,0.059530158875659336,0.08960232983786198,0.7067149648726526,50,20,20
34,6979,0.14415254641382572,0.05953015887566148,0.08960233314064478,0.7067149615698676,50,20,20
34,6980,0.14415254641373507,0.05953015887566148,0.08960326717737424,0.7067140275332288,50,20,20
34,6981,0.1441525464137335,0.059530158868736374,0.08947189339196428,0.7068454013255655,50,20,20
34,6982,0.14415254641375624,0.059530158868738525,0.08933882644001816,0.7069784682774868,50,20,20
34,6983,0.1442168141539321,0.059530158734469485,0.0892745590574218,0.7069784680541761,50,20,20
34,6984,0.14421681415271137,0.059530158734450424,0.09239623851764199,0.7038567885951957,50,20,20
34,6985,0.1443434700015995,0.05953015868787851,0.09226958315123449,0.703856788159287,50,20,20
34,6986,0.14434347000159914,0.05953015868800077,0.09227179583295668,0.7038545754774428,50,20,20
34,6987,0.14434347000159914,0.0595301586880008,0.09231788650074282,0.7038084848096566,50,20,20
34,6988,0.14434347000159917,0.05953015868800088,0.09231794439357068,0.7038084269168285,50,20,20
34,6989,0.14434347000159917,0.05953015868800302,0.09232029547582277,0.7038060758345743,50,20,20
34,6990,0.12719954578508744,0.05953015869449553,0.10946412093756554,0.7038061745828508,50,20,20
34,6991,0.12719954578508744,0.05953015869449338,0.10946402260839298,0.7038062729120256,50,20,20
34,6992,0.1271995457850875,0.05953015869461567,0.10946643835346277,0.7038038571668334,50,20,20
34,6993,0.12719954578509512,0.05951379441406851,0.10948280263122516,0.7038038571696106,50,20,20
34,6994,0.12719954578509352,0.05951379441406852,0.10948050879963557,0.7038061510012018,50,20,20
34,6995,0.1271995457902842,0.059513794414072806,0.1094773230485451,0.7038093367470973,50,20,20
34,6996,0.1271995457902842,0.059513794407104414,0.1094746795681114,0.7038119802344994,50,20,20
34,6997,0.1271995457902842,0.059513794407104414,0.10947467827713377,0.7038119815254771,50,20,20
34,6998,0.12719954586422957,0.05951379440722672,0.10948084645828728,0.7038058132702558,50,20,20
34,6999,0.1271995458643206,0.059513794407228836,0.10948409182829197,0.703802567900158,50,20,20
34,7000,0.12719954586561422,0.0595137944141805,0.10954808091477437,0.7037385788054302,50,20,20
34,7001,0.12719954586572263,0.0594825103954631,0.10957936493333469,0.7037385788054791,50,20,20
34,7002,0.12719954593896568,0.05948251039744287,0.10424761803579635,0.7090703256277948,50,20,20
34,7003,0.12719954593905677,0.059482510397565226,0.10424846073124172,0.709069482932136,50,20,20
34,7004,0.12719954593905677,0.05948251039756516,0.10424941218657023,0.7090685314768075,50,20,20
34,7005,0.12719956936744473,0.05909293987483467,0.10463895909621987,0.7090685316615003,50,20,20
34,7006,0.12719956929349777,0.05909293987459006,0.10463197906507926,0.7090755117668324,50,20,20
34,7007,0.12719956929349777,0.05909293987458791,0.10462948726010685,0.7090780035718072,50,20,20
34,7008,0.1271937527756332,0.05909293996436699,0.10463530368787159,0.7090780035721279,50,20,20
34,7009,0.1271937527807829,0.059092939971285334,0.104788594087563,0.7089247131603684,50,20,20
34,7010,0.12719375278078326,0.05909293997116517,0.10497179357915191,0.7087415136688994,50,20,20
34,7011,0.12719375278079073,0.059332596275016226,0.10473213727529278,0.7087415136688999,50,20,20
34,7012,0.12719375278079073,0.05933259627501619,0.10473213656171834,0.7087415143824743,50,20,20
34,7013,0.12719375277564104,0.059332596268097886,0.10457961635721202,0.7088940345990487,50,20,20
34,7014,0.12719375277558698,0.05933259626799469,0.10145795128416707,0.7120156996722513,50,20,20
34,7015,0.12719372934796197,0.05933272345859239,0.10145784770588592,0.7120156994875596,50,20,20
34,7016,0.12719372934785356,0.05936373937967529,0.10142683178491138,0.7120156994875596,50,20,20
34,7017,0.12719372934785356,0.059363739379675325,0.10142676686041233,0.7120157644120586,50,20,20
34,7018,0.1415072509139999,0.05937096227953773,0.08707227789482934,0.7120495089116327,50,20,20
34,7019,0.1415072509139999,0.05937096227953984,0.08707009399850328,0.7120516928079565,50,20,20
34,7020,0.1415072509139999,0.059370962279537726,0.08706855374721391,0.7120532330592481,50,20,20
34,7021,0.14150725091789734,0.05937096227258821,0.08700465831110024,0.7121171284984138,50,20,20
34,7022,0.14150725091789734,0.059370962272588174,0.08700461677165382,0.7121171700378603,50,20,20
34,7023,0.14150725091789737,0.05937096227259032,0.0868213603685858,0.7123004264409262,50,20,20
34,7024,0.1414274612689228,0.0593709623616126,0.08690113762580558,0.7123004387436588,50,20,20
34,7025,0.14142746544370202,0.059370962368638744,0.08709883018334294,0.7121027420043161,50,20,20
34,7026,0.14142746544243498,0.05937096236861749,0.08715969730501026,0.712041874883937,50,20,20
34,7027,0.14142746544243498,0.059370962368617455,0.08715964066564565,0.7120419315233016,50,20,20
34,7028,0.141427465442435,0.0593709623686196,0.08715968207052759,0.7120418901184177,50,20,20
34,7029,0.14142746544234394,0.05937096236849726,0.08715881912327957,0.712042753065879,50,20,20
34,7030,0.1414274654371529,0.05937096236849297,0.08715869923452221,0.7120428729598316,50,20,20
34,7031,0.14142746543715287,0.05937096236849297,0.0871578887915663,0.7120436834027878,50,20,20
34,7032,0.141427558892999,0.059370962331626954,0.0871909446324485,0.7120105341429253,50,20,20
34,7033,0.141427558892999,0.059370962331629064,0.08719343606166494,0.7120080427137068,50,20,20
34,7034,0.14142755889297626,0.059370962331626954,0.08719231057935105,0.7120091681960454,50,20,20
34,7035,0.14142755889297626,0.059370962331626954,0.08719231057401856,0.7120091682013779,50,20,20
34,7036,0.14142755471819707,0.05937096232460089,0.08699790589631944,0.7122035770608823,50,20,20
34,7037,0.14142755464495327,0.05937096231757675,0.08680373225191161,0.7123977507855581,50,20,20
34,7038,0.14042785796882384,0.05937098163574768,0.08780336275696161,0.7123977976384667,50,20,20
34,7039,0.14042785796873278,0.059370981635745536,0.08780010075083045,0.7124010596446909,50,20,20
34,7040,0.14042785796873283,0.059370981635743385,0.0877967988989694,0.7124043614965541,50,20,20
34,7041,0.14042785796873283,0.05937098163574335,0.08780004334217972,0.7124011170533437,50,20,20
34,7042,0.1404278579687328,0.05937098163574335,0.08780002377943698,0.7124011366160865,50,20,20
34,7043,0.1404278579687351,0.059370981635757936,0.1054476677179842,0.6947534926775222,50,20,20
34,7044,0.13543087585150532,0.05937096231982093,0.1104447159831449,0.6947534458455287,50,20,20
34,7045,0.12871680138667665,0.059390007980551836,0.1170473202368488,0.6948458703959226,50,20,20
34,7046,0.1287168013865856,0.059390007980549664,0.11704650297217502,0.6948466876606894,50,20,20
34,7047,0.12871680138658556,0.05939000798054751,0.11704321999910537,0.694849970633761,50,20,20
34,7048,0.12871680138658598,0.059390007980549664,0.11704331863398716,0.6948498719988767,50,20,20
34,7049,0.12873382459751398,0.059390007891541335,0.1170263078147323,0.6948498596962118,50,20,20
34,7050,0.12873382459751365,0.059390007891543514,0.11706915148089587,0.6948070160300465,50,20,20
34,7051,0.12873382459749086,0.059390007891663626,0.11707146958517994,0.6948046979256651,50,20,20
34,7052,0.12873382459749083,0.059390007891541335,0.1170690718178478,0.6948070956931197,50,20,20
34,7053,0.12873382459749083,0.059390007891541335,0.11706582665358242,0.694810340857385,50,20,20
34,7054,0.1286886099156765,0.0593900079367349,0.11711102922020883,0.6948103529273795,50,20,20
34,7055,0.12868860991567646,0.0593900079367349,0.11711102846366978,0.6948103536839185,50,20,20
34,7056,0.12868860991566167,0.05939000767837617,0.1103003828921578,0.7016209995138041,50,20,20
34,7057,0.13145595617034225,0.0593827873531,0.10757408790474711,0.7015871685718105,50,20,20
34,7058,0.13145595617034225,0.0593827873531,0.10757404864289631,0.7015872078336612,50,20,20
34,7059,0.13145595617034223,0.059382787353097814,0.10752790175757497,0.7016333547189848,50,20,20
34,7060,0.13145595617033462,0.05938368945019492,0.10752699966326347,0.7016333547162067,50,20,20
34,7061,0.11311513676091074,0.05938369845089045,0.12586782044098188,0.701633344347216,50,20,20
34,7062,0.11311513676093352,0.059383698450890504,0.1258678785072607,0.7016332862809146,50,20,20
34,7063,0.11311513676093349,0.059383698450890504,0.1258678990096972,0.7016332657784781,50,20,20
34,7064,0.11311513676091094,0.05938369844398392,0.12568086657067395,0.7018202982244304,50,20,20
34,7065,0.11311513676091091,0.05938369844398388,0.125678556160063,0.7018226086350419,50,20,20
34,7066,0.11311504335330146,0.059383698442719686,0.11098964336399851,0.7165116148399807,50,20,20
34,7067,0.11910392619165103,0.05938369844054463,0.10500076051860781,0.716511614849197,50,20,20
34,7068,0.11910392619165103,0.05938369844054463,0.10500076076818175,0.716511614599623,50,20,20
34,7069,0.11910392619165105,0.059383698440666925,0.10500315824261522,0.7165092171250671,50,20,20
34,7070,0.11910392619207863,0.05907891890625334,0.10530793777660195,0.7165092171250664,50,20,20
34,7071,0.11910392619207862,0.0590789189062533,0.10530789752813322,0.7165092573735352,50,20,20
34,7072,0.11910392619207863,0.059078918906255454,0.10531119947884175,0.7165059554228245,50,20,20
34,7073,0.13094965826228563,0.05907891461754481,0.09346555098857642,0.7165058761315934,50,20,20
34,7074,0.13095074405766197,0.059078914617544574,0.09346446519320162,0.7165058761315923,50,20,20
34,7075,0.1309507440576847,0.059078914617544644,0.09346566144281891,0.7165046798819523,50,20,20
34,7076,0.13095074405768592,0.059078914617542555,0.09328025768342743,0.7166900836413447,50,20,20
34,7077,0.13095074405766316,0.059078914617542486,0.09328014166848692,0.716690199656308,50,20,20
34,7078,0.1309507440576632,0.05907891461754464,0.09328023965238218,0.7166901016724105,50,20,20
34,7079,0.13632368684515386,0.059059878821084946,0.08801866668946057,0.716597767644301,50,20,20
34,7080,0.13632368684515386,0.059059878821084946,0.0880186676953781,0.7165977666383837,50,20,20
34,7081,0.11774784433759285,0.059091866751802495,0.10656252143804863,0.7165977674725558,50,20,20
34,7082,0.11774784434278368,0.05909186675180253,0.10656329536443389,0.7165969935409797,50,20,20
34,7083,0.11774784433759301,0.05909186675180039,0.10662796694121182,0.7165323219693944,50,20,20
34,7084,0.11774784433759304,0.059091866751800434,0.1066280074738075,0.7165322814367986,50,20,20
34,7085,0.11774782712098204,0.059091940957782495,0.10662795064089585,0.71653228128034,50,20,20
34,7086,0.11774782852858992,0.059358983109503806,0.10636090692343955,0.7165322814384671,50,20,20
34,7087,0.1177478285286127,0.05935898310950382,0.10636210619630743,0.7165310821655764,50,20,20
34,7088,0.11774782852858992,0.05935898310950377,0.10636092275344343,0.7165322656084634,50,20,20
34,7089,0.09803488307141413,0.05935906409738381,0.1260734140973164,0.7165326387338864,50,20,20
34,7090,0.09803488166337873,0.05938152661646069,0.12605095314440137,0.7165326385757601,50,20,20
34,7091,0.09803488166337715,0.05938152661646066,0.1260501995993831,0.71653339212078,50,20,20
34,7092,0.09803488166337715,0.059381526616458506,0.12605010297999417,0.7165334887401711,50,20,20
34,7093,0.09803488166337715,0.05938152661658081,0.12598775520836472,0.7165958365116782,50,20,20
34,7094,0.09803488166337711,0.05938152661657866,0.12598769746395197,0.7165958942560929,50,20,20
34,7095,0.09803488166346817,0.059381526616578695,0.12598846949696463,0.7165951222229892,50,20,20
34,7096,0.0980348816634607,0.05914187031658527,0.12622812579701181,0.7165951222229426,50,20,20
34,7097,0.11474133771921542,0.059109882296796895,0.10955365859926072,0.7165951213847273,50,20,20
34,7098,0.11474133771919268,0.059109882296796895,0.10955249928571913,0.7165962806982915,50,20,20
34,7099,0.11474133771919455,0.059963485813975446,0.10869889576849073,0.7165962806983396,50,20,20
34,7100,0.1147413377191945,0.045599194727320116,0.12306318685441381,0.716596280699072,50,20,20
34,7101,0.11474133771919606,0.04559919472732015,0.1230632175947146,0.7165962499587697,50,20,20
34,7102,0.11474133766384456,0.04559919472722877,0.12087761378660933,0.7187818538223175,50,20,20
34,7103,0.1147413376638446,0.04559919472722877,0.12087761549166669,0.7187818521172602,50,20,20
34,7104,0.11474133766384503,0.04559919473413536,0.12106470615280454,0.7185947614492153,50,20,20
34,7105,0.11474133766384499,0.04559919473413536,0.12106470444774714,0.7185947631542727,50,20,20
34,7106,0.11474133766393577,0.04559919473413753,0.12112965227674082,0.7185298153251861,50,20,20
34,7107,0.11474133766393572,0.04559919473413746,0.12112635017210316,0.7185331174298238,50,20,20
34,7108,0.11474133766393572,0.04559919473413746,0.12112639071087866,0.7185330768910484,50,20,20
34,7109,0.11484927284851118,0.045599194688930214,0.12101846764157033,0.7185330648209889,50,20,20
34,7110,0.11484927284851118,0.045599194688930214,0.12102169276387215,0.718529839698687,50,20,20
34,7111,0.1148492728763823,0.04559906610504141,0.12102182131983501,0.7185298396987412,50,20,20
34,7112,0.11484927287629151,0.04559906610503923,0.12095687377358637,0.7185947872450827,50,20,20
34,7113,0.1148492728762915,0.04559906610503926,0.12095918344461777,0.7185924775740513,50,20,20
34,7114,0.1148492728762915,0.04559906610503923,0.12095588177334728,0.7185957792453219,50,20,20
34,7115,0.11457024698875415,0.04559898583347343,0.12060284386077201,0.7192279233170007,50,20,20
34,7116,0.11457024698875416,0.045598985833351174,0.1206651872059847,0.7191655799719102,50,20,20
34,7117,0.11457024698875737,0.04559898583335122,0.12066595607846001,0.7191648110994316,50,20,20
34,7118,0.11457024698875737,0.04559898583335122,0.12066920136115984,0.7191615658167317,50,20,20
34,7119,0.11457024698875896,0.04559898583335129,0.12066925947619517,0.7191615077016948,50,20,20
34,7120,0.114570246988759,0.04559898583335129,0.1206692604194855,0.7191615067584044,50,20,20
34,7121,0.11457024699005668,0.04559898583335558,0.12067046413027213,0.719160303046316,50,20,20
34,7122,0.11457024699014755,0.04559898583335345,0.12067046434040646,0.719160302836093,50,20,20
34,7123,0.11457024704909552,0.04559898614925326,0.10712024130924247,0.7327105254924089,50,20,20
34,7124,0.11457024699014486,0.04559898583334098,0.10302282028106871,0.7368079468954458,50,20,20
34,7125,0.11457024699014484,0.045598985833340946,0.10295811642701361,0.7368726507495009,50,20,20
34,7126,0.11457024697895501,0.04559898511696781,0.10355627333995257,0.7362744945641246,50,20,20
34,7127,0.1145702469789534,0.04559898511696778,0.10355512508680921,0.7362756428172696,50,20,20
34,7128,0.11457024697895302,0.045598985116965626,0.10355506697234672,0.7362757009317344,50,20,20
34,7129,0.11457024697895302,0.04559898511696349,0.10355176489507827,0.7362790030090051,50,20,20
34,7130,0.11457024697895303,0.04559898511696567,0.10359785482857996,0.7362329130755012,50,20,20
34,7131,0.11457024697895303,0.04559898511696567,0.10359690333841362,0.7362338645656676,50,20,20
34,7132,0.11457024697897575,0.04559898511709011,0.10359930667346137,0.7362314612304729,50,20,20
34,7133,0.11457024697897535,0.04559898511030582,0.10341556853327091,0.7364151993774479,50,20,20
34,7134,0.11457024697897532,0.04559898511030364,0.10336947857804703,0.7364612893326741,50,20,20
34,7135,0.11457024697897573,0.04559898511030152,0.10318412718820898,0.7366466407225135,50,20,20
34,7136,0.11457024697385072,0.045598985115340274,0.10872232899644606,0.7311084389143627,50,20,20
34,7137,0.11457024697385072,0.045598985122310635,0.10872645068896619,0.7311043172148723,50,20,20
34,7138,0.11457024697385072,0.045598985122310635,0.10872644928437512,0.7311043186194633,50,20,20
34,7139,0.11457024697385078,0.045598985122310635,0.10872649065072947,0.731104277253109,50,20,20
34,7140,0.1145702469738508,0.045598985122310635,0.10872654834420561,0.7311042195596328,50,20,20
34,7141,0.11457110223686291,0.04559898584179195,0.11092724603628228,0.7289026658850627,50,20,20
34,7142,0.1145711022368637,0.04559898584179195,0.11100675969230364,0.7288231522290406,50,20,20
34,7143,0.1145711022368637,0.045598985841791985,0.11100351674582916,0.728826395175515,50,20,20
34,7144,0.11457110223686531,0.045598985841792034,0.11100358796093193,0.7288263239604105,50,20,20
34,7145,0.11457110223686529,0.04559898584179207,0.11100364388910167,0.7288262680322407,50,20,20
34,7146,0.11457110223695492,0.04559898584871358,0.11106837909121695,0.7287615328231144,50,20,20
34,7147,0.11457110223695491,0.045598985848591296,0.1110650838050517,0.7287648281094019,50,20,20
34,7148,0.11457110223695174,0.045598985848591254,0.11106427702875006,0.7287656348857068,50,20,20
34,7149,0.11457110223686068,0.045598985848591254,0.11106460429617127,0.7287653076183767,50,20,20
34,7150,0.11457110223686064,0.045598985848468956,0.1110622270908942,0.7287676848237762,50,20,20
34,7151,0.11590102463500637,0.04559897594468631,0.10973235697204375,0.7287676424482634,50,20,20
34,7152,0.11762506749312404,0.04559889655873072,0.10800878501277968,0.7287672509353651,50,20,20
34,7153,0.11762506749312399,0.045598896558730735,0.10800870347147999,0.7287673324766648,50,20,20
34,7154,0.11762506749321505,0.04559889655873287,0.10801101550858683,0.7287650204394648,50,20,20
34,7155,0.11762506749321505,0.04559889655873287,0.10800868488566034,0.7287673510623911,50,20,20
34,7156,0.11762421223020134,0.045598895839251516,0.10580797285914184,0.7309689190714047,50,20,20
34,7157,0.1176242122301125,0.04559889583233215,0.10566607544598527,0.7311108164915694,50,20,20
34,7158,0.11762421223011253,0.04559889583233218,0.10566836857388298,0.7311085233636718,50,20,20
34,7159,0.11762421223011253,0.04559889583233218,0.10566836828608879,0.731108523651466,50,20,20
34,7160,0.11762421223011256,0.045598895832332224,0.10580147687981886,0.7309754150577359,50,20,20
34,7161,0.11762421223011296,0.045598895832332224,0.10579827260786942,0.730978619329685,50,20,20
34,7162,0.11762421223011296,0.045598895832332224,0.10579827359442556,0.7309786183431288,50,20,20
34,7163,0.11762421223002209,0.04559889583233219,0.10575212319501075,0.7310247687426344,50,20,20
34,7164,0.11762421223002209,0.045598895832330066,0.10556559123312546,0.7312113007045217,50,20,20
34,7165,0.11762421223002258,0.045598895832330066,0.1130772914336489,0.7236996005039977,50,20,20
34,7166,0.11762421223011364,0.04559889583245233,0.11307965126544187,0.7236972406719913,50,20,20
34,7167,0.11743856154745107,0.045598895837189,0.11326527748686979,0.7236972651284898,50,20,20
34,7168,0.11743856154745107,0.045598895837189,0.11326522053988178,0.7236973220754777,50,20,20
34,7169,0.11743856154745108,0.045598895837189,0.11326527848796517,0.7236972641273942,50,20,20
34,7170,0.11743856154736042,0.04559889583718686,0.11326629287999981,0.7236962497354525,50,20,20
34,7171,0.11743856154736003,0.04559889583706459,0.11326717751391151,0.7236953651016634,50,20,20
34,7172,0.11921354004212806,0.04559889588220542,0.11149219896652986,0.7236953651091362,50,20,20
34,7173,0.11921354004212764,0.045598895882205455,0.1114910563420889,0.7236965077335775,50,20,20
34,7174,0.11921354004212764,0.045598895882205455,0.11149103771995952,0.7236965263557069,50,20,20
34,7175,0.1192135377214721,0.0455988958385324,0.11149104008436828,0.7236965263556268,50,20,20
34,7176,0.11921353772147297,0.0455988958385324,0.11152539035052243,0.7236621760894721,50,20,20
34,7177,0.13415717146746675,0.045605720316685784,0.09657492401341258,0.7236621842024347,50,20,20
34,7178,0.134157188328087,0.045605720323655466,0.09658104679778631,0.7236560445504712,50,20,20
34,7179,0.13431744516454727,0.045605720277806405,0.09642079001464803,0.7236560445429984,50,20,20
34,7180,0.13431725355777535,0.04560572027780641,0.09642098162141967,0.7236560445429987,50,20,20
34,7181,0.1343172535577847,0.059668282062228066,0.08235841968180843,0.723656044698179,50,20,20
34,7182,0.1343172535577847,0.059668282062228066,0.08235842068268712,0.7236560436973001,50,20,20
34,7183,0.1343172535577847,0.05966828206223021,0.08235849903105245,0.7236559653489327,50,20,20
34,7184,0.1343172535577831,0.05966828206223014,0.08235849760838237,0.7236559667716044,50,20,20
34,7185,0.13431725356499352,0.0596682820629219,0.0823578975854376,0.7236565667866469,50,20,20
34,7186,0.1343172535650162,0.059668282062921824,0.0822932075718301,0.7237212568002317,50,20,20
34,7187,0.1343172535650158,0.05966828206291968,0.08229316616504379,0.7237212982070206,50,20,20
34,7188,0.1343172535650158,0.059668282062919645,0.0791684326762544,0.7268460316958104,50,20,20
34,7189,0.13431725356501578,0.05966828205594928,0.0791643107558442,0.7268501536231909,50,20,20
34,7190,0.13431725356499338,0.05966828205582703,0.07916195418125152,0.7268525101979283,50,20,20
34,7191,0.1343172535649934,0.05966828205582703,0.07916426388265407,0.7268502004965255,50,20,20
34,7192,0.11510115463571792,0.05972719387315475,0.09831648509622404,0.7268551663949032,50,20,20
34,7193,0.11510115463571952,0.05972719387315482,0.09831649861872359,0.7268551528724021,50,20,20
34,7194,0.1151011546357206,0.05972719387315697,0.09080485650916904,0.7343667949819533,50,20,20
34,7195,0.11503821276182767,0.0597271939184512,0.09086779812188497,0.734366795197836,50,20,20
34,7196,0.11503821276182928,0.059727193918573195,0.09091395675142674,0.7343206365681704,50,20,20
34,7197,0.1150382127618293,0.05972719391857324,0.09091725844240814,0.734317334877189,50,20,20
34,7198,0.1150382127618293,0.05972719391857328,0.09098200397577781,0.7342525893438192,50,20,20
34,7199,0.11503821276182911,0.05972719391867919,0.09331160156481044,0.7319229917546809,50,20,20
34,7200,0.11503821276053142,0.0597271939186749,0.09331035806447764,0.731924235256316,50,20,20
34,7201,0.11503821276053144,0.0597271939186749,0.0933103979506807,0.7319241953701129,50,20,20
34,7202,0.11503821276053185,0.059727193918674946,0.09331364424942602,0.7319209490713671,50,20,20
34,7203,0.11503821276053024,0.05972719391867283,0.09331364308266442,0.7319209502381322,50,20,20
34,7204,0.11503821276053028,0.05972719391867283,0.09331364308298783,0.7319209502378088,50,20,20
34,7205,0.11503821276053028,0.059727193918672795,0.09331359605364643,0.7319209972671501,50,20,20
34,7206,0.11503821276053187,0.0597271939187951,0.09331595360800504,0.7319186397126677,50,20,20
34,7207,0.11503821276053049,0.059727193918687034,0.09098706811295575,0.7342475252078263,50,20,20
34,7208,0.11503821276053089,0.059727193918687,0.0909860435904819,0.7342485497303,50,20,20
34,7209,0.11503821276052931,0.05972719391856501,0.09094101031481956,0.7342935830060858,50,20,20
34,7210,0.11495492947202253,0.059727337889584106,0.091024137590723,0.7342935950476701,50,20,20
34,7211,0.11495492947202213,0.059727337889584106,0.09102082851964116,0.7342969041187524,50,20,20
34,7212,0.1149549294720221,0.059727337889586216,0.09102082923684525,0.7342969034015462,50,20,20
34,7213,0.11495492947202214,0.059727337889588325,0.09101987892328112,0.7342978537151084,50,20,20
34,7214,0.11495492947195633,0.05972733788454957,0.0854816353368825,0.7398360973066115,50,20,20
34,7215,0.11495492947195629,0.059727337884549536,0.08547934233199948,0.7398383903114947,50,20,20
34,7216,0.11495492947195629,0.05972733788454957,0.08548163601375344,0.7398360966297406,50,20,20
34,7217,0.11495492947195625,0.05972733788454957,0.08548163530863173,0.7398360973348623,50,20,20
34,7218,0.1149549294718652,0.05972733788442728,0.08547923781938736,0.7398384948243201,50,20,20
34,7219,0.1149549294718652,0.059727337884427245,0.0854791798883742,0.7398385527553333,50,20,20
34,7220,0.10985735543013188,0.05972719574713813,0.08891936677740421,0.7414960820453257,50,20,20
34,7221,0.10985735774587535,0.05972701807620409,0.08891954213259476,0.7414960820453258,50,20,20
34,7222,0.10985735774587535,0.05972701807620409,0.08891954184479062,0.7414960823331299,50,20,20
34,7223,0.0903615800881067,0.05972779730728083,0.10841447395019882,0.7414961486544138,50,20,20
34,7224,0.0903615800881063,0.059727797307278646,0.10841441313292649,0.7414962094716886,50,20,20
34,7225,0.09036158008810789,0.059727797307278646,0.10841445471871414,0.7414961678858993,50,20,20
34,7226,0.0916198705701765,0.05972701830058038,0.10715700847675558,0.7414961026524876,50,20,20
34,7227,0.09686407973844752,0.05972701642155639,0.10357034273496522,0.7398385611050304,50,20,20
34,7228,0.0968640797384475,0.05972701642155634,0.10356939122963742,0.7398395126103584,50,20,20
34,7229,0.09686415676097392,0.05888971036502803,0.10440662011184366,0.7398395127621541,50,20,20
34,7230,0.09686415676097387,0.05888971036502803,0.10440584990853517,0.7398402829654626,50,20,20
34,7231,0.09686415676097228,0.058889710364905735,0.10440347981049246,0.7398426530636292,50,20,20
34,7232,0.09686415676097068,0.058889710364905666,0.10440344860231095,0.7398426842718124,50,20,20
34,7233,0.09686415676097111,0.058889710365027576,0.10446852904343565,0.7397776038305655,50,20,20
34,7234,0.0968641567609711,0.05888971036502753,0.10460086496974813,0.7396452679042531,50,20,20
34,7235,0.09686415676097111,0.05888971036502749,0.10459851538485555,0.7396476174891459,50,20,20
34,7236,0.09686415676097111,0.05888971036502749,0.10459849582212839,0.739647637051873,50,20,20
34,7237,0.09665330565444291,0.058830810563478414,0.10487326073361082,0.739642623048468,50,20,20
34,7238,0.09665330333709175,0.058830810571598134,0.10487326304284358,0.7396426230484665,50,20,20
34,7239,0.09665330333709016,0.058830810571598134,0.10487321151467834,0.7396426745766334,50,20,20
34,7240,0.09100249848349812,0.058830814333169626,0.1105235101445407,0.7396431770387919,50,20,20
34,7241,0.09100249848349812,0.05883081433316959,0.11045882190657558,0.7397078652767568,50,20,20
34,7242,0.09100249848349812,0.05883081433316959,0.1104588211895027,0.7397078659938298,50,20,20
34,7243,0.09100249848349971,0.05883081433317174,0.11046000708328658,0.7397066801000421,50,20,20
34,7244,0.09100249848349815,0.05883081433316959,0.11045883535159123,0.7397078518317413,50,20,20
34,7245,0.09100252189774627,0.05883069207629192,0.11045893419421907,0.739707851831742,50,20,20
34,7246,0.09100252189774627,0.058830692076291956,0.11045893457488111,0.7397078514510801,50,20,20
34,7247,0.0910025218977463,0.058830692076291956,0.11045890856795937,0.7397078774580018,50,20,20
34,7248,0.09100252189773705,0.059147692934765884,0.11014190786540738,0.7397078773020891,50,20,20
34,7249,0.08816998962103652,0.05914769512029803,0.1129744417147008,0.7397078735439642,50,20,20
34,7250,0.0881699896211276,0.05914769512042037,0.11297562225126984,0.7397066930071817,50,20,20
34,7251,0.06866030441106409,0.05914769512042175,0.13248530746096412,0.7397066930075492,50,20,20
34,7252,0.06866030441115495,0.05914769512042392,0.13253140150598275,0.7396605989624376,50,20,20
34,7253,0.06866030441117771,0.05914769512042611,0.13253142386856076,0.7396605765998346,50,20,20
34,7254,0.0686603044111793,0.05914769512042611,0.13253142458833386,0.7396605758800598,50,20,20
34,7255,0.0715354487755739,0.05914769297568048,0.12965595365297428,0.7396609045957703,50,20,20
34,7256,0.08782571182231587,0.059147695110644286,0.11336510827959584,0.7396614847874433,50,20,20
34,7257,0.08782571182231626,0.05914769511076542,0.11355161157291974,0.7394749814939979,50,20,20
34,7258,0.0878257118222951,0.05914769511076323,0.11355391107152418,0.7394726819954168,50,20,20
34,7259,0.08782571182229469,0.0591476951107632,0.1135539748569938,0.7394726182099477,50,20,20
34,7260,0.08782571182229457,0.059147778000590776,0.11355389196721509,0.739472618209899,50,20,20
34,7261,0.08782571182324832,0.059147778005708175,0.11887358412929247,0.7341529260417503,50,20,20
34,7262,0.08782571182333875,0.05914777800570816,0.11900665975496945,0.734019850415983,50,20,20
34,7263,0.09104544696732686,0.05914777587074298,0.1157875069379907,0.7340192702239389,50,20,20
34,7264,0.09104544696723799,0.05914777587074089,0.11565441493321389,0.7341523622288066,50,20,20
34,7265,0.09104544696723961,0.05914777587074089,0.11565521221305888,0.7341515649489598,50,20,20
34,7266,0.09104544696723961,0.05914777587074089,0.11565521221315243,0.7341515649488661,50,20,20
34,7267,0.09665958055553374,0.05914777210918313,0.11004158484478328,0.734151062490499,50,20,20
34,7268,0.09665958418794768,0.05914777245753842,0.11281186142085603,0.7313807819336569,50,20,20
34,7269,0.09354191686346786,0.05914777249589448,0.11592952852411095,0.7313807821165257,50,20,20
34,7270,0.09354191686346786,0.059147772495894514,0.11593283160005101,0.7313774790405856,50,20,20
34,7271,0.09354183984093968,0.05997949828074749,0.11510118298952188,0.7313774788887899,50,20,20
34,7272,0.09354183984093968,0.0599794982808698,0.11510203729183777,0.7313766245863517,50,20,20
34,7273,0.09368323594724114,0.05997949823534634,0.11496099064514588,0.7313762751722654,50,20,20
34,7274,0.09368323594724273,0.05997949823546751,0.11514753190190768,0.7311897339153809,50,20,20
34,7275,0.09368323594724273,0.05997949823546759,0.11514984230098035,0.7311874235163082,50,20,20
34,7276,0.09368323594724273,0.05997949823546759,0.11514754862184234,0.731189717195446,50,20,20
34,7277,0.09368323594724273,0.059979498235467624,0.11514523958282204,0.7311920262344664,50,20,20
34,7278,0.09368323594724273,0.059979498235467624,0.1151452392899687,0.7311920265273197,50,20,20
34,7279,0.09368323594724234,0.059979498235467624,0.11514512434212243,0.7311921414751663,50,20,20
34,7280,0.09368323594724234,0.059979498235467624,0.11514513688577852,0.7311921289315102,50,20,20
34,7281,0.09368323594724236,0.05997949823546766,0.11514517742639768,0.731192088390891,50,20,20
34,7282,0.09368323594628862,0.05997949823035027,0.10982550294485455,0.7365117628785053,50,20,20
34,7283,0.09368323594628858,0.05997949823022797,0.10982463512865417,0.7365126306948281,50,20,20
34,7284,0.09368323594628855,0.0599949617857849,0.10980917157309644,0.736512630694829,50,20,20
34,7285,0.09368323594628852,0.059994961785782806,0.10967835579276716,0.7366434464751603,50,20,20
34,7286,0.0936832359462885,0.059994961785780655,0.10967600401690238,0.7366457982510274,50,20,20
34,7287,0.09368323593857122,0.0599949617850889,0.10789141417600961,0.7384303881003291,50,20,20
34,7288,0.09024693163818526,0.059994961858885976,0.11132771840319641,0.7384303880997313,50,20,20
34,7289,0.09364392114315556,0.05998812579897299,0.10793757500411612,0.7384303780537543,50,20,20
34,7290,0.09364392114315556,0.05998812579897299,0.10793757471632232,0.7384303783415481,50,20,20
34,7291,0.09364560233037614,0.059988125798973,0.1079358935291017,0.7384303783415481,50,20,20
34,7292,0.09364560233039892,0.05998812579909318,0.1079373706868927,0.7384289011836143,50,20,20
34,7293,0.09364560233039892,0.05998812579909318,0.10794067236056185,0.7384255995099451,50,20,20
34,7294,0.09364560233039892,0.05998812579909321,0.10794071388739856,0.7384255579831084,50,20,20
34,7295,0.09364560233030807,0.059988125799093205,0.10802772925880275,0.7383385426117951,50,20,20
34,7296,0.09364560233030807,0.05998812579909317,0.10802772925307787,0.7383385426175201,50,20,20
34,7297,0.09364560233030807,0.059988125799093205,0.10802777042948025,0.7383385014411178,50,20,20
34,7298,0.0936456023303081,0.05998812579909532,0.10803010573575084,0.738336166134845,50,20,20
34,7299,0.0936456023303081,0.059988125798976284,0.10784684776013853,0.7385194241105764,50,20,20
34,7300,0.09364560233030828,0.05996145249692595,0.10787352106218956,0.7385194241105755,50,20,20
34,7301,0.09364558546968803,0.05996145248995844,0.10800050667579984,0.7383924553645531,50,20,20
34,7302,0.09364558546968796,0.059961452489958066,0.10806181654270663,0.7383311454976468,50,20,20
34,7303,0.09364558546968796,0.05996145248995803,0.10806183223321987,0.7383311298071336,50,20,20
34,7304,0.09370390205760668,0.059961452489958315,0.10800350351654,0.7383311419358943,50,20,20
34,7305,0.09370390205760668,0.05996145248996045,0.10800585557994893,0.7383287898724834,50,20,20
34,7306,0.09370390205769773,0.0599614524899605,0.10800592364120341,0.7383287218111377,50,20,20
34,7307,0.09370390205769615,0.0599614524899605,0.10800506983558752,0.7383295756167553,50,20,20
34,7308,0.09370390205767347,0.059961452489960536,0.10793665126181576,0.7383979941905495,50,20,20
34,7309,0.09370390206286454,0.05996145248996057,0.10793441216869626,0.738400233278478,50,20,20
34,7310,0.09370390206286454,0.05996145248996057,0.10793111078788044,0.7384035346592939,50,20,20
34,7311,0.09370390206286455,0.05996145248996061,0.10797395555928942,0.7383606898878847,50,20,20
34,7312,0.09370390206286296,0.05996145248996058,0.10797387360889321,0.7383607718382825,50,20,20
34,7313,0.09370390206286455,0.05996145248996061,0.10797233524121332,0.7383623102059608,50,20,20
34,7314,0.09370390206286455,0.05996145248996054,0.10796998430951552,0.7383646611376588,50,20,20
34,7315,0.09370390206287936,0.05955185356401323,0.10837958323277494,0.7383646611403318,50,20,20
34,7316,0.09370390206287935,0.0595518535640111,0.10824647453442501,0.738497769838684,50,20,20
34,7317,0.09370390206287936,0.05955185356401114,0.10843302546920487,0.738311218903904,50,20,20
34,7318,0.09370390206287973,0.059551853564011215,0.10843308576051891,0.7383111586125896,50,20,20
34,7319,0.09370390206287978,0.05955185356401125,0.10843314269580837,0.7383111016773001,50,20,20
34,7320,0.09405953115127526,0.05956635269018996,0.10411950705286835,0.7422546091056661,50,20,20
34,7321,0.09405953115127368,0.059566352690312255,0.10412046043149202,0.7422536557269216,50,20,20
34,7322,0.09405953115129644,0.059566352690434546,0.10412287718789102,0.7422512389703776,50,20,20
34,7323,0.09405953115131896,0.05956635269055569,0.10431976482736709,0.7420543513307578,50,20,20
34,7324,0.09405953115131896,0.0595663526975232,0.10432354876356716,0.7420505673875901,50,20,20
34,7325,0.091041528818088,0.05956635269755841,0.10734155109353488,0.7420505673908182,50,20,20
34,7326,0.1091498365129476,0.05956635247473645,0.08923324470559434,0.7420505663067211,50,20,20
34,7327,0.10914983651294918,0.059566352474858704,0.08923545473405638,0.742048356278135,50,20,20
34,7328,0.10914983651295078,0.059566352474858704,0.08904896100039968,0.7422348500117902,50,20,20
34,7329,0.10911572295668927,0.05956635247484423,0.08908308647680306,0.742234838091663,50,20,20
34,7330,0.10834581380351939,0.059551841326581305,0.09381101425915707,0.7382913306107419,50,20,20
34,7331,0.10834581611487287,0.0595715750442047,0.09379126374872394,0.7382913450921983,50,20,20
34,7332,0.10834581611487445,0.059571575044204655,0.09379122649948363,0.7382913823414371,50,20,20
34,7333,0.10834581611487444,0.059571575044202525,0.0936581177966353,0.7384244910442875,50,20,20
34,7334,0.10846422698761864,0.05957157513466475,0.09353969433369487,0.7384245035440216,50,20,20
34,7335,0.10846422698761864,0.05957157513466692,0.09372624457184331,0.7382379533058709,50,20,20
34,7336,0.10846422698761866,0.05957157513466905,0.09385941119998582,0.7381047866777263,50,20,20
34,7337,0.1084642269876187,0.05957157513466905,0.09385612879481656,0.7381080690828955,50,20,20
34,7338,0.09193881610463954,0.05957157544557929,0.11038143662080727,0.7381081718289733,50,20,20
34,7339,0.09193881610475246,0.059571575452496486,0.11053473247954791,0.7379548759632025,50,20,20
34,7340,0.09193881610475209,0.059571575452496445,0.11053472932849345,0.7379548791142574,50,20,20
34,7341,0.09193881247233811,0.059571575104141156,0.10776452716545812,0.7407250852580621,50,20,20
34,7342,0.09475187015622455,0.059571585108451355,0.10494878927221012,0.7407277554631141,50,20,20
34,7343,0.1097740254883645,0.059571577029217726,0.08992941459388881,0.7407249828885292,50,20,20
34,7344,0.10977402548836449,0.0595715770292177,0.08992943129042003,0.7407249661919978,50,20,20
34,7345,0.10977418148609637,0.059571577157011585,0.08992927515438938,0.7407249662025027,50,20,20
34,7346,0.10977418148609637,0.05957157715701162,0.0899316062227003,0.7407226351341918,50,20,20
34,7347,0.10977418148607365,0.059571577156889696,0.08986648164124986,0.7407877597157869,50,20,20
34,7348,0.10977418148607326,0.05957157715688756,0.08986648076161961,0.7407877605954196,50,20,20
34,7349,0.10977418148607204,0.05957157715700985,0.0898680859727097,0.7407861553842083,50,20,20
34,7350,0.10977418148607165,0.05957157715688756,0.08986572615567047,0.7407885152013703,50,20,20
34,7351,0.10977418148607124,0.059571577156765684,0.08980293839962089,0.740851302957542,50,20,20
34,7352,0.10977418148617651,0.05894671777097833,0.09042779778260959,0.7408513029602354,50,20,20
34,7353,0.10977418148617651,0.05894671777097834,0.09038169250744758,0.7408974082353973,50,20,20
34,7354,0.10977418148617693,0.058946717770978374,0.09038499573582749,0.7408941050070169,50,20,20
34,7355,0.10977418148617848,0.05894671777097841,0.09038732698249338,0.7408917737603495,50,20,20
34,7356,0.1097741809179287,0.07128206568033496,0.07805199402488307,0.7408917593768531,50,20,20
34,7357,0.10977418091781616,0.07128206567341777,0.07789534637850486,0.7410484070302611,50,20,20
34,7358,0.10977418091781771,0.07128206567341779,0.07789427801581934,0.7410494753929452,50,20,20
34,7359,0.10977418091781771,0.07128206567341779,0.07789426477340129,0.7410494886353631,50,20,20
34,7360,0.10978309795479904,0.07128289245953233,0.07788445179496815,0.7410495577907003,50,20,20
34,7361,0.10978309795479901,0.07128289245953233,0.0778843770295808,0.7410496325560875,50,20,20
34,7362,0.11252717412761573,0.07128303474404393,0.07514014683617612,0.7410496442921641,50,20,20
34,7363,0.11252717412761573,0.07128303474404604,0.07513789370836453,0.7410518974199735,50,20,20
34,7364,0.11252717412242505,0.07128303474416539,0.07527095698941569,0.7409188341439935,50,20,20
34,7365,0.11252717412233558,0.0712830347440431,0.07526981799462405,0.7409199731389969,50,20,20
34,7366,0.11252717412609155,0.07128303474908745,0.08079900518843923,0.7353907859363815,50,20,20
34,7367,0.11252717412609518,0.0712830347490983,0.09901564284609236,0.7171741482787141,50,20,20
34,7368,0.112527174126005,0.07168635699648582,0.09861232060144015,0.7171741482760688,50,20,20
34,7369,0.11252717412598226,0.07168635699636351,0.09860994397389296,0.7171765249037612,50,20,20
34,7370,0.11252717412598066,0.07168635699636351,0.09860995966985422,0.7171765092078016,50,20,20
34,7371,0.11252717830990702,0.07168635701020196,0.098763766296815,0.7170226983830759,50,20,20
34,7372,0.11252717830990862,0.07168635701020197,0.09876145763307617,0.7170250070468129,50,20,20
34,7373,0.11252717830990702,0.07168635701020193,0.09876139944539679,0.7170250652344938,50,20,20
34,7374,0.11252717830990702,0.07168635701007964,0.09875804721224352,0.7170284174677694,50,20,20
34,7375,0.11252851380030834,0.07168635701076054,0.10053675925946433,0.7152483699294662,50,20,20
34,7376,0.11252851380030834,0.07168635701076058,0.10053674258060363,0.7152483866083269,50,20,20
34,7377,0.11252851380030099,0.07209589121820709,0.10012720837588535,0.7152483866056059,50,20,20
34,7378,0.11252860714254717,0.07209589121823105,0.10187824986399571,0.7134972517752257,50,20,20
34,7379,0.11252860714254917,0.07209589121823319,0.1019397150993597,0.7134357865398577,50,20,20
34,7380,0.1125286071425476,0.07209589121835544,0.10194209059477177,0.713433411044325,50,20,20
34,7381,0.11252860714383159,0.07209589121835544,0.10215412180059094,0.7132213798372213,50,20,20
34,7382,0.11252860714382999,0.07209589121823533,0.10219800100125878,0.7131775006366752,50,20,20
34,7383,0.11252860714383,0.07209589121823533,0.10219569202571778,0.7131798096122162,50,20,20
34,7384,0.11252860714382998,0.07209589121126568,0.10218953225513756,0.7131859693897661,50,20,20
34,7385,0.11252860714382998,0.07209589121126564,0.10218951519744382,0.7131859864474599,50,20,20
34,7386,0.1125286071438298,0.07212264272230734,0.10216276368640147,0.7131859864474608,50,20,20
34,7387,0.11252727193222352,0.07212264309441668,0.08340175127306675,0.7319483337002928,50,20,20
34,7388,0.1125272719322251,0.07212264309441672,0.08353492506447212,0.7318151599088857,50,20,20
34,7389,0.1125272719322235,0.07212264309441668,0.08353491079571851,0.7318151741776409,50,20,20
34,7390,0.1125272719322239,0.07212264310137238,0.0835810666728749,0.7317690182935285,50,20,20
34,7391,0.1125272719322239,0.07212264310137238,0.0835811061996162,0.731768978766787,50,20,20
34,7392,0.11439931486427683,0.07212264310228508,0.0817090632587034,0.7317689787747345,50,20,20
34,7393,0.11439931486427683,0.07212264310228508,0.08170912018834801,0.7317689218450899,50,20,20
34,7394,0.1143993148642769,0.07212264310228508,0.0817552585537799,0.731722783479658,50,20,20
34,7395,0.11090318433574316,0.07212264310617474,0.0852508101971625,0.7317233623609195,50,20,20
34,7396,0.11090318433574352,0.07212264310605244,0.08524841343905556,0.7317257591191485,50,20,20
34,7397,0.11090318440970394,0.07212264310617689,0.08525181196870704,0.7317223605154121,50,20,20
34,7398,0.12425611136242028,0.07212181622292752,0.07040527300402294,0.733216799410629,50,20,20
34,7399,0.12425611135875536,0.07212181621800545,0.06487846305269274,0.738743609370546,50,20,20
34,7400,0.12425611135875693,0.07212181621800334,0.06474764818210199,0.7388744242411371,50,20,20
34,7401,0.10431865513919204,0.07212181639393928,0.08468123919981534,0.7388782892670537,50,20,20
34,7402,0.10431865513919045,0.07212181639393928,0.08468127487846887,0.7388782535884018,50,20,20
34,7403,0.10431865513919006,0.07212181639394143,0.08468456260571586,0.7388749658611529,50,20,20
34,7404,0.10431865513919034,0.07212181639403123,0.08998864464949369,0.7335708838172849,50,20,20
34,7405,0.10431865513919034,0.07212181639403119,0.08998629496467114,0.7335732335021073,50,20,20
34,7406,0.10431865513919193,0.0721218163940333,0.08998635205496731,0.7335731764118075,50,20,20
34,7407,0.10431865513919393,0.07212181639415559,0.0899896473372351,0.7335698811294155,50,20,20
34,7408,0.10026070483949313,0.07212182076697933,0.09404756129074512,0.7335699131027826,50,20,20
34,7409,0.10026070483949154,0.0721218207669772,0.09404750319877556,0.733569971194756,50,20,20
34,7410,0.10026070483949154,0.07212182076697712,0.09404981221783647,0.7335676621756951,50,20,20
34,7411,0.10026070491315499,0.07212182076685601,0.09393007648483015,0.7336873978351592,50,20,20
34,7412,0.10026070491315499,0.07212182076685601,0.09392772759972781,0.7336897467202615,50,20,20
34,7413,0.1002607048437787,0.0721218207668396,0.09626280421693192,0.7313546701724501,50,20,20
34,7414,0.1002607048437783,0.07212182076684175,0.09626392301457562,0.7313535513748047,50,20,20
34,7415,0.10026070456497921,0.0721218203940406,0.09502629642572828,0.7325911786152524,50,20,20
34,7416,0.1002607045649796,0.07212182039404064,0.09502710826235118,0.7325903667786291,50,20,20
34,7417,0.10026068154151593,0.07212182043710111,0.09502713124280822,0.7325903667785743,50,20,20
34,7418,0.10026068154151593,0.07212182043709897,0.09502834235173743,0.7325891556696472,50,20,20
34,7419,0.10026068154151596,0.07212182043709897,0.09502586992471926,0.7325916280966653,50,20,20
34,7420,0.10026068154151437,0.07212182043709892,0.09502584219056738,0.7325916558308186,50,20,20
34,7421,0.10021691119854298,0.0721218201732769,0.09507349032610737,0.7325877783020722,50,20,20
34,7422,0.10021691119854138,0.07212182017315463,0.09525669745730884,0.7324045711709946,50,20,20
34,7423,0.10021691119854134,0.07212182017315463,0.09525669644969924,0.7324045721786042,50,20,20
34,7424,0.1049772550332188,0.07212182014241755,0.09199086032147413,0.730910064502889,50,20,20
34,7425,0.10497725503322032,0.07212182014253876,0.09213122597514566,0.7307696988490946,50,20,20
34,7426,0.10785344317083555,0.07212182018920306,0.08925435096379156,0.7307703856761693,50,20,20
34,7427,0.10785344317083555,0.07212182018920303,0.08925429401316551,0.7307704426267952,50,20,20
34,7428,0.08898166894738241,0.07212182061152445,0.10812599012335398,0.7307705203177386,50,20,20
34,7429,0.08898166894610002,0.07212182061152445,0.10791625210321755,0.7309802583391574,50,20,20
34,7430,0.08898166887243524,0.07212182061164885,0.10784145172664411,0.7310550587892712,50,20,20
34,7431,0.08898166887243562,0.07212182061164889,0.10784471470504484,0.7310517958108701,50,20,20
34,7432,0.08898170919373075,0.07022819537318101,0.10973803039402975,0.7310520650390581,50,20,20
34,7433,0.0889817094841529,0.07022819537307307,0.10745953145771502,0.7333305636850586,50,20,20
34,7434,0.0889817094841529,0.07022819537307311,0.10764607255672251,0.733144022586051,50,20,20
34,7435,0.08898273503616144,0.07022819537305948,0.10764995201449962,0.7331391175762789,50,20,20
34,7436,0.08898273503616105,0.07022819537306163,0.10765149225253413,0.7331375773382426,50,20,20
34,7437,0.08898273503616105,0.07022819537306163,0.10765471738104154,0.7331343522097353,50,20,20
34,7438,0.07539838995910672,0.07022819538203405,0.1212394423601477,0.7331339722987105,50,20,20
34,7439,0.07539838995910836,0.07022819538203405,0.12123950952093036,0.7331339051379263,50,20,20
34,7440,0.07539838995911033,0.07022819538263742,0.13950626647514752,0.7148671481831029,50,20,20
34,7441,0.07678930233246349,0.07023609051383609,0.13810612703559513,0.7148684801181037,50,20,20
34,7442,0.08998555038425314,0.07023609009045051,0.12490995695440103,0.7148684025708946,50,20,20
34,7443,0.08998555064567776,0.07023609009055858,0.1272396714158848,0.7125386878478781,50,20,20
34,7444,0.08998555064567776,0.07023609009055858,0.12723963153679418,0.7125387277269688,50,20,20
34,7445,0.0899855506456762,0.07023609009043737,0.1270530905739178,0.7127252686899681,50,20,20
34,7446,0.08998555064567658,0.07023609009043523,0.1270556270614999,0.7127227322023879,50,20,20
34,7447,0.08998555064567501,0.07023609009031402,0.12686906753506427,0.7129092917289463,50,20,20
34,7448,0.08998555064567501,0.07023609009031183,0.12686671571499913,0.7129116435490136,50,20,20
34,7449,0.09620448467126941,0.07023608340769316,0.1206478207248593,0.7129116111961775,50,20,20
34,7450,0.09620448467127105,0.07023608340769323,0.12064781933304232,0.712911612587993,50,20,20
34,7451,0.09620448467126982,0.07023608340781523,0.12069391183543043,0.712865520085484,50,20,20
34,7452,0.09620448425898644,0.07023620554092853,0.12069379011459987,0.712865520085484,50,20,20
34,7453,0.09620448425889538,0.07023620554080628,0.1206914138786308,0.7128678963216665,50,20,20
34,7454,0.09620448425889537,0.07023620554080624,0.12069465831671211,0.712864651883585,50,20,20
34,7455,0.09620448425889695,0.07023620554080631,0.12069472887833746,0.7128645813219581,50,20,20
34,7456,0.08784744507939525,0.07023620554269121,0.12905176756057612,0.7128645818173363,50,20,20
34,7457,0.08784744507939526,0.07023620554269332,0.12892189673310503,0.7129944526448054,50,20,20
34,7458,0.08784744507939367,0.07023620554269328,0.1290549909258003,0.7128613584521116,50,20,20
34,7459,0.08784744507939206,0.07023620554269328,0.1290549797463263,0.7128613696315873,50,20,20
34,7460,0.08784744507939207,0.07023620554269328,0.12905496310785314,0.7128613862700606,50,20,20
34,7461,0.08784744507941446,0.07023620553573767,0.1290088650098352,0.7129074843750118,50,20,20
34,7462,0.08784744507941446,0.07023620553573763,0.1290088083582108,0.7129075410266361,50,20,20
34,7463,0.08784744507941443,0.07023620553573974,0.12900989362350285,0.7129064557613419,50,20,20
34,7464,0.08089956310702963,0.0702364158304271,0.13590043471547414,0.7129635863470682,50,20,20
34,7465,0.08089956310702803,0.07023641583042706,0.13590043386368442,0.7129635871988598,50,20,20
34,7466,0.08089956310702764,0.07023641583042703,0.1358971875599002,0.7129668335026443,50,20,20
34,7467,0.08089956310702764,0.07023641583042703,0.1358939256924201,0.7129700953701245,50,20,20
34,7468,0.08089952243821731,0.07955414303627009,0.12657650847873675,0.712969826046775,50,20,20
34,7469,0.0808995261618113,0.0795541433933697,0.12891428877858568,0.7106320416662325,50,20,20
34,7470,0.08089952590476664,0.0795541433991459,0.12970961606266365,0.709836714633423,50,20,20
34,7471,0.08090051445086609,0.07955434201877658,0.12666094022357988,0.7128842033067767,50,20,20
34,7472,0.08090051445086609,0.07955434201877658,0.1266585902993249,0.7128865532310316,50,20,20
34,7473,0.08104119222512977,0.0795543419720783,0.12651859940192717,0.7128858664008645,50,20,20
34,7474,0.08104119222512975,0.07955434197207834,0.12651859980118504,0.7128858660016067,50,20,20
34,7475,0.08104119193012506,0.07955434197208044,0.12645949535673903,0.7129449707410553,50,20,20
34,7476,0.08104119193014274,0.07955434230856202,0.11122555617784786,0.7281789095834472,50,20,20
34,7477,0.08104127164159959,0.07955421982520798,0.11122509072242925,0.7281794178107636,50,20,20
34,7478,0.08104127164159956,0.07955421982520794,0.11103859334075247,0.7283659151924404,50,20,20
34,7479,0.0810412716372439,0.0795542198194456,0.10797849877590471,0.7314260097674063,50,20,20
34,7480,0.08104127163724233,0.0795542198194456,0.10797849877677743,0.7314260097665352,50,20,20
34,7481,0.08104127163724391,0.07955421981944776,0.10798176051176292,0.7314227480315459,50,20,20
34,7482,0.08104127163722154,0.07955421981932335,0.10798052812064776,0.731423980422808,50,20,20
34,7483,0.08104127163722154,0.07955421981932335,0.10798054134172014,0.7314239672017356,50,20,20
34,7484,0.08104127163722154,0.07955421981932335,0.10798054134172012,0.7314239672017355,50,20,20
34,7485,0.081399784832149,0.07954632468983702,0.10763123117454314,0.7314226593034715,50,20,20
34,7486,0.08139978483733908,0.07954632468995931,0.10763504012318646,0.7314188503495157,50,20,20
34,7487,0.08139978483731632,0.07954632468995713,0.10763385936610433,0.7314200311066226,50,20,20
34,7488,0.08139978483731633,0.07954632468995718,0.10763386009732726,0.7314200303753996,50,20,20
34,7489,0.0813997848374074,0.07954632468995936,0.10763395844938692,0.7314199320232467,50,20,20
34,7490,0.07857871753313023,0.07954632467709913,0.11045522491264188,0.7314197328771281,50,20,20
34,7491,0.07857871753313143,0.07954632467697921,0.11041142866792983,0.7314635291219591,50,20,20
34,7492,0.07857871753313103,0.07954632467685985,0.11032439958420269,0.7315505582058058,50,20,20
34,7493,0.07857871753310676,0.07954632467673795,0.11026183732154257,0.7316131204686123,50,20,20
34,7494,0.07857871380951276,0.07954632431963835,0.10792405698130614,0.7339509048895421,50,20,20
34,7495,0.0785787138095128,0.07954632431963836,0.10792411426646482,0.7339508476043832,50,20,20
34,7496,0.07857871380951482,0.07932812073366875,0.10814231784968335,0.7339508476071324,50,20,20
34,7497,0.07857871241393398,0.0795293048563087,0.1079411351226453,0.7339508476071112,50,20,20
34,7498,0.07857871241393394,0.07952930485630866,0.10794106433065848,0.7339509183990981,50,20,20
34,7499,0.07888688905734233,0.07952916257875947,0.10763302957563921,0.7339509187882585,50,20,20
34,7500,0.07887892546349104,0.07952916280631438,0.10764099294227478,0.7339509187879194,50,20,20
34,7501,0.07887892546349144,0.07952916280631653,0.10764425725765409,0.7339476544725376,50,20,20
34,7502,0.07887884575149753,0.0795292760683213,0.10586078954120652,0.7357310886389742,50,20,20
34,7503,0.07887884575149753,0.07952927606832133,0.10585754509164567,0.735734333088535,50,20,20
34,7504,0.07887884575149753,0.07952927606832133,0.10585748858512999,0.7357343895950507,50,20,20
34,7505,0.07485553392608826,0.07952906613194734,0.10993804680924242,0.7356773531327211,50,20,20
34,7506,0.07485553392608829,0.07952906613194734,0.10993808707376963,0.7356773128681938,50,20,20
34,7507,0.07485553392738598,0.07952906613206963,0.10975246512650311,0.7358629348140404,50,20,20
34,7508,0.07485553392737354,0.06536272043528321,0.12391881082334975,0.7358629348139923,50,20,20
34,7509,0.07485553392728249,0.06536272043528103,0.12391871147256296,0.7358630341648725,50,20,20
34,7510,0.0748555465372878,0.06536267304690715,0.12570236550494984,0.7340794149108544,50,20,20
34,7511,0.07485554653728778,0.06536267304690715,0.12570238149302743,0.7340793989227768,50,20,20
34,7512,0.07485554653728817,0.06536267304690715,0.12570236543426594,0.734079414981538,50,20,20
34,7513,0.07485554653728976,0.06536267304702945,0.12570457616709968,0.7340772042485803,50,20,20
34,7514,0.07485554653728976,0.06536267304702945,0.12570455599441252,0.7340772244212674,50,20,20
34,7515,0.07485554653737983,0.0653626730539546,0.12583714087964912,0.7339446395290156,50,20,20
34,7516,0.08809578949139352,0.06536257046968501,0.11418604726206827,0.7323555927768526,50,20,20
34,7517,0.08809578949009583,0.06536257046956055,0.11418592870276284,0.7323557113375802,50,20,20
34,7518,0.08809578949000536,0.06536257046263537,0.11405224450377086,0.7324893955435878,50,20,20
34,7519,0.08809578949000274,0.07973510004838259,0.09967971491802645,0.7324893955435876,50,20,20
34,7520,0.08809578949000833,0.07993756980051986,0.09947724516858482,0.7324893955408863,50,20,20
34,7521,0.08809578949000835,0.07993756980051987,0.09947728514017093,0.7324893555693002,50,20,20
34,7522,0.08474721864942836,0.07993758974369865,0.10282593031549539,0.7324892612913768,50,20,20
34,7523,0.08474721446670866,0.07993758972986025,0.10267287592046387,0.7326423198829662,50,20,20
34,7524,0.08474721446670118,0.07933415864758545,0.10327630700274763,0.7326423198829649,50,20,20
34,7525,0.08474721446670279,0.07933415864758547,0.10327633503050922,0.7326422918552018,50,20,20
34,7526,0.08474721446670438,0.07933415864758762,0.10327643294601556,0.7326421939396919,50,20,20
34,7527,0.0892835000915572,0.07933406265190059,0.1002272313234082,0.7311552059331333,50,20,20
34,7528,0.0892835000915572,0.07933406265190054,0.10022719078277736,0.7311552464737642,50,20,20
34,7529,0.08928350009155521,0.07933406265189843,0.10016248110933215,0.7312199561472135,50,20,20
34,7530,0.08928350008638822,0.07933406265177619,0.10022367188644417,0.7311587653753908,50,20,20
34,7531,0.08928350008638819,0.07933406265177614,0.10022361463148527,0.7311588226303498,50,20,20
34,7532,0.08928350008638858,0.07933406265177613,0.10035668281908958,0.7310257544427452,50,20,20
34,7533,0.08928350008509087,0.07933406265177606,0.10035590522479762,0.731026532038335,50,20,20
34,7534,0.08928350008508927,0.07933406265177391,0.10035580760223298,0.7310266296609034,50,20,20
34,7535,0.08928350008508767,0.07933406265177173,0.10035493712778676,0.7310275001353532,50,20,20
34,7536,0.08928350008551668,0.07971908266566004,0.09996991695689655,0.7310275002919262,50,20,20
34,7537,0.08928350008549359,0.07971908266566001,0.09990489824912409,0.7310925189997218,50,20,20
34,7538,0.08928350008547394,0.07971908232857504,0.09686974955789038,0.7341276680280603,50,20,20
34,7539,0.08928350008547435,0.0797190823286962,0.09705627026847663,0.7339411473173526,50,20,20
34,7540,0.08928350008547437,0.0797190823286962,0.09705630023726199,0.7339411173485673,50,20,20
34,7541,0.08928350008549873,0.07971908232869625,0.09705307758153506,0.7339443400042697,50,20,20
34,7542,0.08928350008550033,0.07971908232869629,0.097053110786024,0.7339443067997792,50,20,20
34,7543,0.08928350008550502,0.07993660011836302,0.09683559299462897,0.7339443068015027,50,20,20
34,7544,0.08928350008550502,0.07993660011836518,0.09683329247499937,0.7339466073211302,50,20,20
34,7545,0.08928350008548026,0.079936600118363,0.09683320780390689,0.7339466919922495,50,20,20
34,7546,0.08928350008548026,0.079936600118363,0.09683320739799825,0.7339466923981582,50,20,20
34,7547,0.08928350008548026,0.07993660011836302,0.09683322894865133,0.7339466708475051,50,20,20
34,7548,0.0976345088237685,0.0799366001165302,0.08848222070784555,0.7339466703518558,50,20,20
34,7549,0.09767690555855559,0.0799366001310975,0.08843601173933305,0.7339504825710139,50,20,20
34,7550,0.09767690555855717,0.07993660013109748,0.08845463216976218,0.7339318621405831,50,20,20
34,7551,0.09767690555855717,0.07993660013109957,0.08845787746783586,0.7339286168425073,50,20,20
34,7552,0.09767690555855556,0.07993660013097728,0.08845565003968167,0.7339308442707854,50,20,20
34,7553,0.09767690555855396,0.07993660013097724,0.08845565636900231,0.7339308379414663,50,20,20
34,7554,0.09773245893330529,0.07993660279961606,0.0883994238609711,0.7339315144061074,50,20,20
34,7555,0.09773245928013033,0.07962017622264905,0.0887158412078996,0.7339315232893208,50,20,20
34,7556,0.09773247417246092,0.07962017657365163,0.09105598114178648,0.7315913681121009,50,20,20
34,7557,0.09773247417246093,0.07962017657365374,0.090869520129056,0.7317778291248291,50,20,20
34,7558,0.09773247417246136,0.07962017657365583,0.09092290608689814,0.7317244431669845,50,20,20
34,7559,0.09773247417246136,0.07962017657365583,0.09092292276553521,0.7317244264883475,50,20,20
34,7560,0.09773247417245975,0.07962017657365579,0.09092288151670141,0.7317244677371828,50,20,20
34,7561,0.09773247417245975,0.07962017657365583,0.09092523143383044,0.7317221178200536,50,20,20
34,7562,0.09773235085158286,0.07962577428616795,0.09089251053974019,0.7317493643225089,50,20,20
34,7563,0.09773235085158281,0.07962577428616792,0.0908924962788115,0.7317493785834377,50,20,20
34,7564,0.09773235085158442,0.07962577428616577,0.0908463913588476,0.7317954835034023,50,20,20
34,7565,0.09773225888643168,0.0796201566075984,0.07396872894788958,0.7486788555580796,50,20,20
34,7566,0.09773225888643164,0.07962015660759843,0.07396875525037763,0.7486788292555916,50,20,20
34,7567,0.09773225888771732,0.0796201566077196,0.07415532406666349,0.7484922604378988,50,20,20
34,7568,0.0978040835666263,0.07962015393736782,0.07408420294520156,0.7484915595508036,50,20,20
34,7569,0.09780408356662634,0.07962015393736782,0.074084997814634,0.7484907646813711,50,20,20
34,7570,0.09780408356662754,0.07962015393736893,0.0739017890997919,0.7486739733962108,50,20,20
34,7571,0.09780408356662756,0.07962015393736901,0.0739018306267689,0.7486739318692338,50,20,20
34,7572,0.09780408356662756,0.07962015393736906,0.0739018872723022,0.7486738752237003,50,20,20
34,7573,0.09780408356662756,0.07962015393736901,0.0739018470370253,0.7486739154589773,50,20,20
34,7574,0.09780408350407942,0.07962015360136127,0.07081248197171203,0.7517632809228465,50,20,20
34,7575,0.0978040835040778,0.07962015360136342,0.07081343295212342,0.7517623299424345,50,20,20
34,7576,0.09780408350923396,0.0796201536013613,0.07094451632056918,0.7516312465688347,50,20,20
34,7577,0.09780408350923396,0.07962015360136135,0.07094447361988233,0.7516312892695215,50,20,20
34,7578,0.09780408350923359,0.07962015360136135,0.07094524324143249,0.7516305196479718,50,20,20
34,7579,0.10030098789119023,0.07962015392668591,0.06844833704644121,0.751630521135682,50,20,20
34,7580,0.10030098789638071,0.07962015392693046,0.06845063215854646,0.7516282260181417,50,20,20
34,7581,0.10030098789647178,0.07962015392693055,0.06845065785480835,0.7516282003217887,50,20,20
34,7582,0.10030098789647139,0.0796201539269284,0.0684505997403459,0.7516282584362536,50,20,20
34,7583,0.1003009878964714,0.07961478503795189,0.06845596862654524,0.7516282584390308,50,20,20
34,7584,0.1003009730041426,0.07961478469310382,0.06846037481738577,0.751623867485367,50,20,20
34,7585,0.10030097300933302,0.07961478469322397,0.06846269425606157,0.7516215480413807,50,20,20
34,7586,0.10030097300933302,0.07961478469322397,0.06846267786337527,0.751621564434067,50,20,20
34,7587,0.10030097300933302,0.07961478469322397,0.06846265086814704,0.7516215914292953,50,20,20
34,7588,0.10030097300933306,0.07961478469322401,0.06846269215290107,0.7516215501445412,50,20,20
34,7589,0.10030097300933186,0.07961478469334628,0.06846600242149518,0.7516182398758261,50,20,20
34,7590,0.10030097300933184,0.07961478469334624,0.06846524915740193,0.7516189931399194,50,20,20
34,7591,0.10030097300933184,0.07961478469334624,0.06846526208966802,0.7516189802076532,50,20,20
34,7592,0.10030097300933184,0.07961478469334615,0.06846522085046992,0.7516190214468514,50,20,20
34,7593,0.10246009856791698,0.0796147846536757,0.06630671004229423,0.7516184067361124,50,20,20
34,7594,0.10283834450822216,0.07961471687710628,0.06592885318270154,0.7516180854319694,50,20,20
34,7595,0.10283834450822216,0.0796147168771063,0.06592889688980005,0.7516180417248709,50,20,20
34,7596,0.10283834450822177,0.07961471687710846,0.06592634129891889,0.7516205973157501,50,20,20
34,7597,0.10283834450822173,0.07961471687710846,0.06592630105282125,0.7516206375618478,50,20,20
34,7598,0.10283834450951936,0.0796147168772308,0.06592871849625681,0.7516182201169923,50,20,20
34,7599,0.10283834450432891,0.07961471687710853,0.06592631565895372,0.7516206229596081,50,20,20
34,7600,0.10283834450432693,0.0796147168771064,0.06579320630953146,0.7517537323090344,50,20,20
34,7601,0.10283834450432694,0.0796147168771064,0.06579322530871197,0.7517537133098539,50,20,20
34,7602,0.10283834449922752,0.079614716876864,0.06579318660535749,0.7517537520185502,50,20,20
34,7603,0.1028383444992275,0.07961471687686394,0.06579314535370492,0.7517537932702028,50,20,20
34,7604,0.10283834449922791,0.0796147168768661,0.06579314652072456,0.7517537921031807,50,20,20
34,7605,0.09986013849433074,0.07961471683155993,0.0687713648789202,0.751753779795189,50,20,20
34,7606,0.09986013849433237,0.07961471683156207,0.06890453450231254,0.7516206101717929,50,20,20
34,7607,0.0998601384943327,0.07961471683156422,0.06890698600997512,0.7516181586641278,50,20,20
34,7608,0.09986013849433271,0.0796147168315621,0.0689061898103922,0.7516189548637128,50,20,20
34,7609,0.09986013849433428,0.07961471683156213,0.06876597729692344,0.7517591673771801,50,20,20
34,7610,0.09986013849433396,0.07961471683147224,0.06346185337462656,0.7570632912995673,50,20,20
34,7611,0.09986013849433237,0.07961471683147009,0.06345954252473511,0.7570656021494625,50,20,20
34,7612,0.0994818845142075,0.0796147168314693,0.06383779830374131,0.7570656003505819,50,20,20
34,7613,0.09948188451939677,0.07961471683146933,0.06377390641854741,0.7571294922305863,50,20,20
34,7614,0.09948188451939716,0.07961471683839454,0.06390681970089304,0.7569965789413153,50,20,20
34,7615,0.07948320071175638,0.07961471684295639,0.08390550106727326,0.7569965813780151,50,20,20
34,7616,0.07948320071132262,0.07960006339755675,0.08392015467145038,0.7569965812196715,50,20,20
34,7617,0.07948320071143777,0.06000936394492254,0.10351085412674452,0.7569965812168958,50,20,20
34,7618,0.07948320071144531,0.060018414703874104,0.10350180336778456,0.7569965812168966,50,20,20
34,7619,0.0794832007749917,0.06001841470400643,0.1035016865374571,0.7569966979835455,50,20,20
34,7620,0.07948320077499131,0.06001841470400425,0.10349939167090876,0.7569989928500962,50,20,20
34,7621,0.0703800953790787,0.060018420432578344,0.1126024640264515,0.7569990201618917,50,20,20
34,7622,0.0703800953790787,0.06001842043257838,0.11273557325609661,0.7568659109322466,50,20,20
34,7623,0.07038009537910178,0.060018420432578344,0.11268192108613435,0.7569195631021859,50,20,20
34,7624,0.07038009537780418,0.060018420432456004,0.11267952320544156,0.7569219609842986,50,20,20
34,7625,0.07038009537780457,0.060018420432577185,0.11286608344254981,0.7567354007470687,50,20,20
34,7626,0.07038009537780297,0.06001842043245492,0.11286603330353072,0.7567354508862116,50,20,20
34,7627,0.07038009537264563,0.06001842082850345,0.11279928621257755,0.7568021975862738,50,20,20
34,7628,0.07038009537255459,0.060018420828503415,0.11279924507634834,0.7568022387225942,50,20,20
34,7629,0.07038009537255493,0.06001842083466324,0.11512864351174215,0.7544728402810402,50,20,20
34,7630,0.07038009537255452,0.06001842082773805,0.11499822229376949,0.7546032615059385,50,20,20
34,7631,0.0703800953725678,0.05962887591704456,0.11538776720119426,0.7546032615091939,50,20,20
34,7632,0.0703801049997998,0.039693148828067945,0.13532348464404237,0.7546032615280897,50,20,20
34,7633,0.07038010499987653,0.03969316791344335,0.13847204125508594,0.751454685831594,50,20,20
34,7634,0.07038010499989893,0.03969316791332647,0.13828926948220016,0.7516374576045743,50,20,20
34,7635,0.07037279309715133,0.03969316767169344,0.138300324680306,0.7516337145508488,50,20,20
34,7636,0.0703727930970603,0.03969316767169125,0.138298068985407,0.7516359702458412,50,20,20
34,7637,0.0703727930970603,0.03969316767169126,0.13829802975493263,0.7516360094763157,50,20,20
34,7638,0.09013842323964026,0.03969317023049916,0.11853245399760327,0.7516359525322572,50,20,20
34,7639,0.09013842323964026,0.03969317023049924,0.11866562046923622,0.7515027860606243,50,20,20
34,7640,0.0901384232448287,0.039693170224344765,0.11632443809723188,0.7538439684335946,50,20,20
34,7641,0.0901384232448271,0.03969317022434267,0.11619132540107634,0.7539770811297538,50,20,20
34,7642,0.09013842324920367,0.039693170224442034,0.11923785381036395,0.7509305527159903,50,20,20
34,7643,0.09013842324920365,0.039693170224442,0.11923783957320859,0.7509305669531458,50,20,20
34,7644,0.0901384232492262,0.03969317022444196,0.1194215375760174,0.7507468689503143,50,20,20
34,7645,0.09013842324922461,0.03969317022443982,0.11937531296558626,0.7507930935607494,50,20,20
34,7646,0.09013842324924717,0.039693170224441944,0.11955856523998934,0.7506098412863217,50,20,20
34,7647,0.09013842290242396,0.0397202905610863,0.11953145413333367,0.7506098324031563,50,20,20
34,7648,0.09013842290242396,0.0397202905610863,0.11953151137013386,0.7506097751663561,50,20,20
34,7649,0.09013842290242394,0.03972029056108626,0.11953152830464094,0.7506097582318492,50,20,20
34,7650,0.09013842290242433,0.0397202905610863,0.11953057714692983,0.7506107093895601,50,20,20
34,7651,0.08758301699051822,0.039720290235763074,0.1220756639575017,0.7506210288162172,50,20,20
34,7652,0.08758301699051822,0.039720290235763074,0.12207562475692525,0.7506210680167936,50,20,20
34,7653,0.08758301698611884,0.03972029023565943,0.11902530786509401,0.7536713849131279,50,20,20
34,7654,0.08771950162094433,0.03972028767223001,0.1188888380154122,0.7536713726914135,50,20,20
34,7655,0.08771950162094433,0.03972028767223001,0.1188888380154122,0.7536713726914135,50,20,20
34,7656,0.08771950162094475,0.03972028767223219,0.11888968985417751,0.7536705208526456,50,20,20
34,7657,0.08771950162101325,0.039720287672354526,0.11870510752928347,0.7538551031773488,50,20,20
34,7658,0.08771950162529323,0.03972028767810223,0.12221663351971802,0.7503435771768865,50,20,20
34,7659,0.08771950162529323,0.03972028767810219,0.12221661900708755,0.7503435916895171,50,20,20
34,7660,0.08771950186223586,0.039720190187905534,0.12221671626321902,0.75034359168664,50,20,20
34,7661,0.0877195018622371,0.03972019018174786,0.11988814906228247,0.7526721588937328,50,20,20
34,7662,0.08771950185704626,0.039720190181745677,0.11988727334438451,0.7526730346168239,50,20,20
34,7663,0.07859030430474385,0.039720908751805284,0.12900899638401853,0.7526797905594325,50,20,20
34,7664,0.07859030430474427,0.039720908751805284,0.1290101834048362,0.7526786035386145,50,20,20
34,7665,0.07859030430474427,0.039720908751805284,0.12901022363240253,0.7526785633110482,50,20,20
34,7666,0.07859030430474427,0.03972090875180532,0.1291967741254709,0.7524920128179798,50,20,20
34,7667,0.07859030430474384,0.03972090835575672,0.12912913586554514,0.7525596514739548,50,20,20
34,7668,0.07859030430474385,0.03972090835575668,0.12904211661043777,0.7526466707290621,50,20,20
34,7669,0.0785903043047439,0.03972090835575672,0.12904215687039522,0.7526466304691045,50,20,20
34,7670,0.09291200022206077,0.03972030279147871,0.11469615783229685,0.7526715391541643,50,20,20
34,7671,0.09291200022198563,0.0397202837061033,0.11154762282130434,0.7558200932506073,50,20,20
34,7672,0.09291200022198565,0.0397202837061033,0.11154766273518149,0.7558200533367301,50,20,20
34,7673,0.09291292770833964,0.039720284089616455,0.11225130142537262,0.755115486776672,50,20,20
34,7674,0.09291292770833964,0.03972028408961642,0.11225124349435943,0.7551155447076852,50,20,20
34,7675,0.09291292770844624,0.040008411995516566,0.11196311558562277,0.7551155447104151,50,20,20
34,7676,0.09291292770844621,0.040008411995516566,0.11196310135888397,0.7551155589371539,50,20,20
34,7677,0.09291292770844621,0.040008411995516566,0.11196311777622311,0.7551155425198145,50,20,20
34,7678,0.0929129277084458,0.04000841199539428,0.11195980579260473,0.7551188545035555,50,20,20
34,7679,0.09291292770844738,0.04000841199539425,0.11195978471557588,0.7551188755805828,50,20,20
34,7680,0.09291292770844736,0.04000841199539425,0.11196086584078946,0.7551177944553692,50,20,20
34,7681,0.09291292770844738,0.040008411995396384,0.11196087906631184,0.7551177812298446,50,20,20
34,7682,0.09291292770833891,0.0400251307222981,0.11194416034229569,0.7551177812270676,50,20,20
34,7683,0.09072344225775453,0.040025130724609684,0.11413313728338263,0.7551182897342534,50,20,20
34,7684,0.09072344225775453,0.040025130724609684,0.11413308052133185,0.7551183464963042,50,20,20
34,7685,0.0907234422629073,0.040025130724609746,0.11428063825123046,0.7549707887612527,50,20,20
34,7686,0.09072344226298411,0.040025130724814,0.1174022523038982,0.7518491747083038,50,20,20
34,7687,0.09072344226298411,0.040025130724814034,0.11740229282695896,0.7518491341852431,50,20,20
34,7688,0.09072344255346948,0.04002513072601371,0.11396691079080062,0.7552845159297163,50,20,20
34,7689,0.09072344255218383,0.04002513072589254,0.11378038222954277,0.7554710444923809,50,20,20
34,7690,0.09072343297251667,0.03998329272615048,0.11382222980647214,0.7554710444948606,50,20,20
34,7691,0.09072343297251712,0.03998329272615051,0.11382221180032001,0.7554710625010123,50,20,20
34,7692,0.09072368923469705,0.03998329272602048,0.11382207234163193,0.7554709456976506,50,20,20
34,7693,0.09072368923469666,0.03998329272602049,0.11382201527101354,0.7554710027682695,50,20,20
34,7694,0.09072368923469662,0.039983292726022614,0.1139090345278436,0.7553839835114374,50,20,20
34,7695,0.09072368923469662,0.03998329272602048,0.11377592598550117,0.7555170920537819,50,20,20
34,7696,0.0907236892346962,0.03998329272602044,0.11377588606113997,0.7555171319781436,50,20,20
34,7697,0.09072368923469579,0.03998329272601826,0.11377353397716496,0.7555194840621211,50,20,20
34,7698,0.09072368923469541,0.039983292726016154,0.11377258154577376,0.7555204364935147,50,20,20
34,7699,0.09072368923469541,0.039983292726016195,0.11377493145844507,0.7555180865808434,50,20,20
34,7700,0.09072368923460436,0.03998329272589386,0.11377257163421434,0.7555204464052875,50,20,20
34,7701,0.09072368923460436,0.03998329272589386,0.11377257121613431,0.7555204468233676,50,20,20
34,7702,0.0708258545283734,0.03998330615794905,0.13367039137024306,0.7555204479434344,50,20,20
34,7703,0.07082585452835084,0.03998330615794693,0.13348389282897608,0.7557069464847261,50,20,20
34,7704,0.07082585452835084,0.039983306157946964,0.1334871945926718,0.7557036447210305,50,20,20
34,7705,0.07082640283981947,0.03998331902134364,0.1334866323628466,0.7557036457759904,50,20,20
34,7706,0.07082640283466668,0.03998331902134147,0.13333904469847357,0.7558512334455182,50,20,20
34,7707,0.0708264028346671,0.03998331902134361,0.1333423267221583,0.7558479514218309,50,20,20
34,7708,0.07605955820327431,0.039983319019019754,0.1281096798631758,0.7558474429145301,50,20,20
34,7709,0.07605955820327431,0.039983319019019754,0.12811063132883327,0.7558464914488726,50,20,20
34,7710,0.07605955820327431,0.039983319019019754,0.12811061492474557,0.7558465078529604,50,20,20
34,7711,0.07685524682553342,0.039983319026123884,0.12731492626147983,0.7558465078868629,50,20,20
34,7712,0.08073508285130135,0.03998320029329095,0.12346690069186264,0.7558148161635451,50,20,20
34,7713,0.08073508285130092,0.039983200293288765,0.12346602958329626,0.755815687272114,50,20,20
34,7714,0.0807350828513009,0.03998320029328873,0.12346373564476977,0.7558179812106407,50,20,20
34,7715,0.06077084424560309,0.039983200293367445,0.14342797422954515,0.7558179812314831,50,20,20
34,7716,0.060736269285352994,0.03998320054415168,0.1434625477639389,0.7558179824065553,50,20,20
34,7717,0.06073626928535139,0.03998320054414954,0.14346167700787796,0.75581885316262,50,20,20
34,7718,0.06070125132626754,0.04035909548356074,0.1431202497001394,0.7558194034900313,50,20,20
34,7719,0.06070125133145618,0.04035909548356292,0.1431235281335421,0.7558161250514379,50,20,20
34,7720,0.06070125133145618,0.04035909548356289,0.14312352714429089,0.7558161260406893,50,20,20
34,7721,0.0607585897921616,0.04035909631235885,0.14307650877109043,0.755805805124388,50,20,20
34,7722,0.06075858978697145,0.040359096312361,0.1430732160603203,0.755809097840346,50,20,20
34,7723,0.06075368090361244,0.039983190161443194,0.14345457195884317,0.7558085569760999,50,20,20
34,7724,0.06075368089842221,0.03998319016144105,0.14363780385997502,0.7556253250801607,50,20,20
34,7725,0.06075368089842221,0.039983190161441015,0.14363782080690285,0.7556253081332328,50,20,20
34,7726,0.0607536808984222,0.039983190161441015,0.1436377623380988,0.7556253666020369,50,20,20
34,7727,0.057779955785448305,0.03998319016144123,0.14661148745101585,0.7556253666020938,50,20,20
34,7728,0.05777995578537189,0.0399831901612349,0.1434877274394016,0.7587491266139906,50,20,20
34,7729,0.0569915248465531,0.03998321456696379,0.14427613194680877,0.7587491286396734,50,20,20
34,7730,0.0569915248465531,0.03998321456696383,0.14427499197270519,0.7587502686137769,50,20,20
34,7731,0.056991524846553114,0.039983214566965956,0.14446154391527788,0.758563716671202,50,20,20
34,7732,0.05699152484657585,0.039983214566968066,0.1444648067616698,0.7585604538247853,50,20,20
34,7733,0.05699152484657624,0.039983214566968066,0.14446480700494493,0.7585604535815098,50,20,20
34,7734,0.05699152484657624,0.03998321456696803,0.14446477970193417,0.7585604808845205,50,20,20
34,7735,0.05699152484657785,0.03998321456709032,0.14446813221809982,0.758557128368231,50,20,20
34,7736,0.06620149268602737,0.03999744121847994,0.13524272688620734,0.7585583392092842,50,20,20
34,7737,0.06620149268613117,0.03912225797944715,0.13611791012509067,0.7585583392093301,50,20,20
34,7738,0.0662014926861084,0.039122257979445046,0.13611574480804361,0.7585605045264019,50,20,20
34,7739,0.0662014926861084,0.039122257979445046,0.13611573087192308,0.7585605184625224,50,20,20
34,7740,0.08420643691988959,0.039122257151389984,0.11811078750081049,0.7585605184279097,50,20,20
34,7741,0.08420643691986651,0.039122257151390026,0.11803131473327105,0.7586399911954723,50,20,20
34,7742,0.08420643691986655,0.03912225715139006,0.11803349500721817,0.758637810921525,50,20,20
34,7743,0.08420643691986815,0.03912225715139221,0.11803584679767473,0.7586354591310648,50,20,20
34,7744,0.08420643691986779,0.0391222571513901,0.11803253911673091,0.758638766812011,50,20,20
34,7745,0.08420643691986779,0.039122257151390144,0.11803580095618064,0.7586355049725612,50,20,20
34,7746,0.0842064369198678,0.039122257151390144,0.11803584220715557,0.7586354637215862,50,20,20
34,7747,0.08420645107338487,0.03912334065167831,0.1012165884502143,0.7754536198247222,50,20,20
34,7748,0.08420645077861956,0.03912334064473093,0.10114042395204327,0.7755297846246059,50,20,20
34,7749,0.08420645077861956,0.03912334064473097,0.10114046547896875,0.7755297430976802,50,20,20
34,7750,0.08470092608773143,0.03912334756746074,0.09748097558048106,0.7786947507643263,50,20,20
34,7751,0.08470092608773144,0.03912334756746285,0.09747777180069829,0.778697954544107,50,20,20
34,7752,0.08470092608773144,0.03912334756746285,0.09747777079649358,0.7786979555483116,50,20,20
34,7753,0.0847017006978929,0.03912437743083902,0.09747587775232988,0.7786980441189381,50,20,20
34,7754,0.08470170069789287,0.039124377430839054,0.09747587228750806,0.7786980495837598,50,20,20
34,7755,0.08470170069789326,0.03912437743774578,0.09766240572363168,0.778511516140729,50,20,20
34,7756,0.08470194884748874,0.03912334306986511,0.09766327846203826,0.7785114296206076,50,20,20
34,7757,0.08470194884748876,0.03912334306986508,0.09747907841970603,0.7786956296629399,50,20,20
34,7758,0.08470194884748876,0.03912334306986504,0.09747793935101486,0.7786967687316312,50,20,20
34,7759,0.08470193466483752,0.03912225734901432,0.09429724722488718,0.7818785607612607,50,20,20
34,7760,0.08470193467002735,0.03912225734913875,0.09430054214872963,0.781875265832104,50,20,20
34,7761,0.08470193467002735,0.039122257349136574,0.09429723979810481,0.781878568182731,50,20,20
34,7762,0.08470193467002696,0.03912225734222981,0.09411072205753329,0.7820650859302097,50,20,20
34,7763,0.08470193467002735,0.039122257342231924,0.09410968161185902,0.7820661263758815,50,20,20
34,7764,0.08470193467002737,0.03912225734223196,0.09410972215248979,0.7820660858352507,50,20,20
34,7765,0.08470193467002733,0.03912225734223196,0.09410737069789914,0.7820684372898414,50,20,20
34,7766,0.08470193467002733,0.039122257342231924,0.09410732917097363,0.7820684788167669,50,20,20
34,7767,0.08470193467002733,0.03912225734223406,0.0941074277932943,0.782068380194444,50,20,20
34,7768,0.09548692231517915,0.0391080178228866,0.08333789158487909,0.7820671682770548,50,20,20
34,7769,0.09298748780723098,0.03910802751157398,0.08583573661678164,0.7820687480644132,50,20,20
34,7770,0.09304844298424662,0.039108027511615455,0.08577478143585766,0.7820687480682803,50,20,20
34,7771,0.09304844298424658,0.03910802751161756,0.0857748376561865,0.7820686918479494,50,20,20
34,7772,0.09304844298424662,0.03910802751161756,0.08577714886100572,0.7820663806431302,50,20,20
34,7773,0.09304844298424662,0.039108027511617564,0.08577715086393756,0.7820663786401981,50,20,20
34,7774,0.09304844298424662,0.039108027511617564,0.08577719109655274,0.782066338407583,50,20,20
34,7775,0.09304844298424741,0.039108027511617564,0.08559396510501546,0.7822495643991193,50,20,20
34,7776,0.09110653397010861,0.039108029811674105,0.08753524751007301,0.7822501887081441,50,20,20
34,7777,0.09110653397010861,0.039108029811674064,0.08753194541559518,0.782253490802622,50,20,20
34,7778,0.09110653397010861,0.039108029811674105,0.08753192897382035,0.7822535072443965,50,20,20
34,7779,0.09110653397010861,0.039108029811674105,0.08753192995798445,0.7822535062602324,50,20,20
34,7780,0.0716007257782514,0.03910802981612468,0.10703773695649979,0.7822535074491231,50,20,20
34,7781,0.07160072577825104,0.039108029816122575,0.10703877765363672,0.7822524667519888,50,20,20
34,7782,0.07160072577825266,0.039108029816122575,0.10704189005450694,0.7822493543511169,50,20,20
34,7783,0.07160072577825269,0.03910802981612471,0.1070442418303718,0.78224700257525,50,20,20
34,7784,0.07160072577955037,0.03910802981612686,0.10704397822520281,0.7822472661791191,50,20,20
34,7785,0.07111103557692597,0.039108029813919365,0.10753363487902297,0.7822472997301309,50,20,20
34,7786,0.07111103587182095,0.03910803020824337,0.10768806868669976,0.7820928652332348,50,20,20
34,7787,0.07111103587182215,0.039108030208351435,0.11001433283210331,0.7797666010877221,50,20,20
34,7788,0.07111103587190264,0.03910803020835332,0.11234380247448007,0.7774371314452629,50,20,20
34,7789,0.07111017634937687,0.03910801175194893,0.11234468224558275,0.7774371296530909,50,20,20
34,7790,0.0711101763493769,0.03910801175194893,0.1123469757646112,0.7774348361340624,50,20,20
34,7791,0.07111017634937727,0.03910801175194893,0.11234701985126813,0.777434792047405,50,20,20
34,7792,0.07111017634946794,0.03910801175195104,0.11234783104783251,0.7774339808507479,50,20,20
34,7793,0.07111017634956766,0.03890624718036604,0.11254959561934574,0.7774339808507199,50,20,20
34,7794,0.07111017634947663,0.03890624718045242,0.11807768166687689,0.7719058948031933,50,20,20
34,7795,0.07111001518808509,0.03890624731553214,0.1180778426920747,0.7719058948043072,50,20,20
34,7796,0.07111001518808507,0.038906247315529996,0.11807774534914282,0.7719059921472412,50,20,20
34,7797,0.0711100151880855,0.03890624731553218,0.11807884515668342,0.771904892339698,50,20,20
34,7798,0.07111001518808552,0.03890624731544369,0.11268305393129918,0.7773006835651708,50,20,20
34,7799,0.07111001518808555,0.03890624731544584,0.11268629994829993,0.7772974375481679,50,20,20
34,7800,0.07111001519327657,0.03890624731544803,0.11268407479549485,0.7772996626957799,50,20,20
34,7801,0.07111001519327655,0.038906247315447985,0.11255096542948434,0.7774327720617904,50,20,20
34,7802,0.07111001519327648,0.03890624731544584,0.1125509342597065,0.7774328032315705,50,20,20
34,7803,0.07111001519327803,0.03890624731544377,0.11261239222628742,0.7773713452649901,50,20,20
34,7804,0.07111001519327803,0.03890624731544377,0.11261233554622674,0.7773714019450507,50,20,20
34,7805,0.0711100151933691,0.03890624731544381,0.112612330765893,0.7773714067252934,50,20,20
34,7806,0.0711100151933691,0.03890624731544596,0.11261464158362591,0.7773690959075583,50,20,20
34,7807,0.07110908770701513,0.03890624693193495,0.11191214168925086,0.7780725236717981,50,20,20
34,7808,0.07110908770831272,0.038906246932057284,0.11191451902709744,0.7780701463325316,50,20,20
34,7809,0.0711090877084026,0.03890626928714858,0.11217604438556297,0.7778085986188848,50,20,20
34,7810,0.0711090877084026,0.03890626928714855,0.11217604367190015,0.777808599332548,50,20,20
34,7811,0.07110908770710499,0.03890626928702621,0.11217366560348797,0.7778109774023801,50,20,20
34,7812,0.07094824728241016,0.038906274324382435,0.11233450099257074,0.7778109774006363,50,20,20
34,7813,0.08530460909542613,0.03891240789128099,0.10113598751383382,0.7746469954994586,50,20,20
34,7814,0.08530460909542613,0.038912407891281024,0.10113712530313615,0.7746458577101563,50,20,20
34,7815,0.08530460909542613,0.038912407891281024,0.1011371655408105,0.7746458174724821,50,20,20
34,7816,0.08530460909542613,0.03891240789127888,0.1011348547230775,0.774648128290217,50,20,20
34,7817,0.08530460909412842,0.03891240789127673,0.10126714546733576,0.7745158375472586,50,20,20
34,7818,0.08530460908893739,0.03891240789127459,0.10126706041710236,0.7745159226026851,50,20,20
34,7819,0.08530460908893898,0.03891240789139612,0.10140023644870841,0.7743827465709561,50,20,20
34,7820,0.08530460908884789,0.03891240789139398,0.10140018413373708,0.7743827988860206,50,20,20
34,7821,0.08530460908874053,0.03913034823134667,0.10118224379664166,0.7743827988832706,50,20,20
34,7822,0.09041239085716107,0.039124207536980704,0.0960816296838442,0.7743817719220139,50,20,20
34,7823,0.09041239085716107,0.03912420753698066,0.09608054783763068,0.7743828537682274,50,20,20
34,7824,0.09041239507307998,0.03912420753698302,0.0937532251107122,0.7767101722792247,50,20,20
34,7825,0.09064660293351544,0.03912420753458996,0.09351901855121354,0.7767101709806807,50,20,20
34,7826,0.0906466029334256,0.0391241851794987,0.09325747750243941,0.7769717343846361,50,20,20
34,7827,0.09064660293342518,0.03912418517949866,0.09325745978603839,0.7769717521010375,50,20,20
34,7828,0.09064660293342679,0.03912418517962097,0.0932583283110473,0.7769708835759047,50,20,20
34,7829,0.09064660293342679,0.03912418517961882,0.0932582981004132,0.7769709137865409,50,20,20
34,7830,0.09064660293351622,0.03912418517949871,0.09325824912982501,0.7769709627571598,50,20,20
34,7831,0.09064660293351504,0.039124185179496604,0.09325595599633262,0.7769732558906555,50,20,20
34,7832,0.09064660293342397,0.03912418517949446,0.09325267242548634,0.776976539461595,50,20,20
34,7833,0.09065437101988189,0.03912416119568314,0.09324481774127902,0.7769766500431552,50,20,20
34,7834,0.09065481634726769,0.03915901358535872,0.09320952028295901,0.7769766497844138,50,20,20
34,7835,0.09085526639334665,0.039159008546424776,0.09300907549021663,0.7769766495700112,50,20,20
34,7836,0.08788134632868855,0.03915900854709191,0.09598299555409646,0.7769766495701228,50,20,20
34,7837,0.07267729781916683,0.039159021766041316,0.1111870308052545,0.7769766496095362,50,20,20
34,7838,0.07267729781916685,0.039159021766043425,0.11119029317587026,0.7769733872389183,50,20,20
34,7839,0.07267729781916607,0.03915902176604343,0.1111870251957472,0.7769766552190421,50,20,20
34,7840,0.07267729781916604,0.03915902176604129,0.11118596261777451,0.7769777177970171,50,20,20
34,7841,0.07267729781916607,0.03915902176604125,0.11118267546001846,0.7769810049547731,50,20,20
34,7842,0.07267729781916606,0.03915902176604125,0.1111826172790082,0.7769810631357834,50,20,20
34,7843,0.07267729781916606,0.03915902176604125,0.11118256106644649,0.7769811193483451,50,20,20
34,7844,0.07267729781916567,0.03915902176604332,0.11124616513651953,0.7769175152782705,50,20,20
34,7845,0.07267729781916688,0.03915902176604332,0.1112461479641996,0.7769175324505891,50,20,20
34,7846,0.07707669565511893,0.03915901207661162,0.10684833960503172,0.776915952663237,50,20,20
34,7847,0.0770766956551205,0.039159012076613764,0.10685164408803657,0.7769126481802284,50,20,20
34,7848,0.07707669565512053,0.03915901207661384,0.10698481061894856,0.7767794816493165,50,20,20
34,7849,0.07707669565511893,0.039159012076492306,0.10685163429954837,0.7769126579688398,50,20,20
34,7850,0.07707669565535474,0.01935002178459756,0.12666062459120667,0.7769126579688398,50,20,20
34,7851,0.07707669565535474,0.01935002178459752,0.1266606683103324,0.7769126142497141,50,20,20
34,7852,0.07707669565535474,0.01935002178459752,0.12666059139877597,0.7769126911612706,50,20,20
34,7853,0.07707669565535473,0.01935002178459756,0.12665828120077802,0.7769150013592686,50,20,20
34,7854,0.07707669565535588,0.01935002178459752,0.1266594929685672,0.7769137895914784,50,20,20
34,7855,0.07707669565535588,0.01935002178459541,0.1266585410731656,0.7769147414868821,50,20,20
34,7856,0.07707669565535588,0.01935002178459541,0.12665855705719817,0.7769147255028496,50,20,20
34,7857,0.07707669565535588,0.019350021784595415,0.12665859730202947,0.7769146852580182,50,20,20
34,7858,0.07707669565535588,0.019350021784595377,0.12665854035723254,0.7769147422028152,50,20,20
34,7859,0.07707669565665343,0.019350021784719815,0.12666187519437377,0.7769114073642521,50,20,20
34,7860,0.07707669565665345,0.019350021784721963,0.12666301468390295,0.7769102678747207,50,20,20
34,7861,0.07707669565665384,0.01935002178472196,0.12684953279206881,0.7767237497665544,50,20,20
34,7862,0.0770766957304513,0.01935002179167935,0.1268970075944729,0.7766762748833956,50,20,20
34,7863,0.07707669579575262,0.01935002179783363,0.1290550074164349,0.7745182749899777,50,20,20
34,7864,0.0770766957957526,0.01935002179783363,0.12905498610634944,0.7745182963000634,50,20,20
34,7865,0.0770766957957526,0.019350021797833634,0.12905500279833004,0.7745182796080828,50,20,20
34,7866,0.07707669579575421,0.01935002179783367,0.1289218949913551,0.7746513874150562,50,20,20
34,7867,0.07707669579575417,0.01935002179783363,0.1289218539944258,0.7746514284119855,50,20,20
34,7868,0.0770766957957526,0.019350021797832496,0.1291075461625467,0.7744657362438673,50,20,20
34,7869,0.09625401821129431,0.01935002137487333,0.10993033679626979,0.7744656236175621,50,20,20
34,7870,0.08709318907970388,0.019350136443448334,0.11907554643603496,0.7744811280408122,50,20,20
34,7871,0.08709318907970427,0.019350136443448296,0.11907666633634467,0.7744800081405022,50,20,20
34,7872,0.08709318907970427,0.0193501364434483,0.1192098319242233,0.7743468425526235,50,20,20
34,7873,0.08709318907972845,0.019350136837772345,0.11936422601598702,0.7741924480665118,50,20,20
34,7874,0.08712680265796287,0.019350136837786323,0.11933061243407059,0.7741924480701798,50,20,20
34,7875,0.08712680265796328,0.019350136837786323,0.11920077175482856,0.7743222887494216,50,20,20
34,7876,0.07926281806349428,0.019350135844407933,0.1270802617631504,0.774306784328947,50,20,20
34,7877,0.0792628183699962,0.019159600807675137,0.12599491451815922,0.7755826663041694,50,20,20
34,7878,0.0792628183699962,0.019159600807675103,0.12599493577795134,0.7755826450443771,50,20,20
34,7879,0.0792628183700008,0.020008015165246022,0.12514652126215908,0.775582645202594,50,20,20
34,7880,0.07958102165989596,0.020008015159238154,0.12482831633152573,0.77558264684934,50,20,20
34,7881,0.07958102165989599,0.020008015159240302,0.12482907018837228,0.7755818929924913,50,20,20
34,7882,0.09769468342472748,0.020008001941098995,0.10671542168114875,0.7755818929530247,50,20,20
34,7883,0.09767185427485613,0.02000800189654753,0.10673825087576554,0.7755818929528309,50,20,20
34,7884,0.09767185427483194,0.020008001502223486,0.10658711865060885,0.7757330255723359,50,20,20
34,7885,0.09344021888649376,0.02000800166644905,0.11077124210073958,0.7757805373463178,50,20,20
34,7886,0.09344021882119243,0.02000800166029264,0.10842673156456176,0.7781250479539534,50,20,20
34,7887,0.09333323653564682,0.02000814593729354,0.10853288191604717,0.7781257356110127,50,20,20
34,7888,0.09333323653687281,0.0200081459373994,0.11087625950376881,0.7757823580219592,50,20,20
34,7889,0.09333323646307541,0.020008145930442048,0.1108299235681312,0.7758286940383516,50,20,20
34,7890,0.09333323646307544,0.020008145930442048,0.1108298847526614,0.7758287328538214,50,20,20
34,7891,0.09333323646307663,0.02000814593044209,0.11082891060175111,0.7758297070047304,50,20,20
34,7892,0.09333323646307505,0.02000814593044202,0.1107674528943093,0.7758911647121737,50,20,20
34,7893,0.09333323646914563,0.020007874107834032,0.11076772471084884,0.7758911647121716,50,20,20
34,7894,0.09333323646914563,0.020007874107834032,0.11076770700043972,0.7758911824225807,50,20,20
34,7895,0.0933332364691456,0.020007874107834018,0.11089852156267216,0.7757603678603485,50,20,20
34,7896,0.09333323646914561,0.020007874107836162,0.11090178428398632,0.7757571051390322,50,20,20
34,7897,0.09333323646914579,0.02000787410845866,0.1291132798548361,0.7575456095675592,50,20,20
34,7898,0.09333323646916834,0.020007874108460784,0.12929978062467729,0.7573591087976933,50,20,20
34,7899,0.09333323646916834,0.020007874108460784,0.12929978072059561,0.757359108701775,50,20,20
34,7900,0.09333323646916834,0.02000787410846086,0.12929651909231665,0.7573623703300539,50,20,20
34,7901,0.09333323646916838,0.020007874108460822,0.1292972889825302,0.7573616004398405,50,20,20
34,7902,0.09333323646916838,0.020007874108460822,0.1292973086168232,0.7573615808055475,50,20,20
34,7903,0.09333323646916838,0.020007874108460864,0.129297349139884,0.7573615402824868,50,20,20
34,7904,0.09333323646916834,0.020007874108458765,0.12923264605785037,0.7574262433645225,50,20,20
34,7905,0.09333323646919087,0.020007874108579893,0.12941883492212417,0.7572400545001051,50,20,20
34,7906,0.09334709577468393,0.020008140035003633,0.12940474365624943,0.7572400205340623,50,20,20
34,7907,0.11262231672874748,0.02000814003283577,0.1101295229971772,0.7572400202412386,50,20,20
34,7908,0.11262231672872491,0.020008140032714606,0.10994257958261289,0.7574269636559466,50,20,20
34,7909,0.1126223167225466,0.0071235441879085384,0.12282717553569315,0.7574269635538511,50,20,20
34,7910,0.11262231672132064,0.007123544187800531,0.12048351367512276,0.7597706254157552,50,20,20
34,7911,0.11262231672132024,0.00712354418780053,0.1204823738332461,0.7597717652576322,50,20,20
34,7912,0.11262231672132021,0.007123544187800529,0.12048237241609035,0.759771766674788,50,20,20
34,7913,0.10480340446323247,0.00712354418783342,0.1283012855194734,0.75977176582946,50,20,20
34,7914,0.1048034053277464,0.012291588031502432,0.12313324077033887,0.7597717658704113,50,20,20
34,7915,0.1048034053277464,0.012291588031502432,0.12313331769862602,0.7597716889421242,50,20,20
34,7916,0.1048034053277436,0.012291588031394367,0.1208039411595296,0.7621010654813317,50,20,20
34,7917,0.1048034053277436,0.012291588031394367,0.12080394114814304,0.7621010654927179,50,20,20
34,7918,0.10411933738145668,0.012291588039783006,0.12148800743417285,0.7621010671445866,50,20,20
34,7919,0.1041193584364443,0.012291701149285218,0.12152096217683278,0.7620679782374369,50,20,20
34,7920,0.10411935843644274,0.012291701149285256,0.12152099941188689,0.7620679410023847,50,20,20
34,7921,0.10411935843644274,0.012291701149285256,0.12152099869888994,0.7620679417153816,50,20,20
34,7922,0.11216890131753257,0.012291701334944444,0.11347145476181518,0.7620679425857075,50,20,20
34,7923,0.1121677118214951,0.012294977259117155,0.1125481067184787,0.7629892042009092,50,20,20
34,7924,0.11216771182149506,0.012294977259117117,0.11254806616568859,0.7629892447536994,50,20,20
34,7925,0.1121677152626931,0.012294977265008437,0.11622028012026794,0.7593170273520307,50,20,20
34,7926,0.11216771525750449,0.012294977264884039,0.11621698248449358,0.7593203249931179,50,20,20
34,7927,0.1121677152575029,0.012294977264884004,0.11621698163270139,0.7593203258449117,50,20,20
34,7928,0.11216771525759174,0.012294977265003355,0.11634683831226905,0.7591904691651359,50,20,20
34,7929,0.11216771439636294,0.010659446216223141,0.11798236552246591,0.759190473864948,50,20,20
34,7930,0.11216771439506544,0.010659446216100852,0.11797980118829603,0.7591930382005377,50,20,20
34,7931,0.11216771439506544,0.01065944621610089,0.11797749024489834,0.7591953491439353,50,20,20
34,7932,0.11216771439506544,0.010659446216100892,0.11797750695414388,0.7591953324346897,50,20,20
34,7933,0.11216771439506693,0.010659446221145286,0.1235067290913851,0.7536661102924023,50,20,20
34,7934,0.11216771439506693,0.010659446221145286,0.12350668892153006,0.7536661504622573,50,20,20
34,7935,0.11216771439506534,0.01065944622114317,0.12903329815404288,0.748139541229747,50,20,20
34,7936,0.11216771439506495,0.010659446221143131,0.1288467397930301,0.7483260995907602,50,20,20
34,7937,0.11216771439506491,0.010659446221143095,0.128844559519083,0.7483282798647075,50,20,20
34,7938,0.11216771439506572,0.010659446221143095,0.12885150558677053,0.7483213337970193,50,20,20
34,7939,0.11216771439506568,0.010659446221140989,0.12903475412470497,0.748138085259087,50,20,20
34,7940,0.11216771439506766,0.010659446614800552,0.12903607536828135,0.7481367636218491,50,20,20
34,7941,0.1121677143917819,0.020038156246902476,0.11965737053639483,0.7481367588249209,50,20,20
34,7942,0.11216771439178194,0.020038156246902437,0.11965815396322213,0.7481359753980936,50,20,20
34,7943,0.11216771439178058,0.020038156251439215,0.12664324420822073,0.7411508851485581,50,20,20
34,7944,0.11216771439187162,0.020038156251439253,0.12664096225618773,0.7411531671005,50,20,20
34,7945,0.11216771439187162,0.020038156251439218,0.12664092173312702,0.7411532076235611,50,20,20
34,7946,0.11216771439187083,0.020038156251439218,0.12663397567047838,0.7411601536862105,50,20,20
34,7947,0.11216771439178036,0.02003815625131772,0.1265008005794953,0.7412933287774055,50,20,20
34,7948,0.11224110329088459,0.0200380119743026,0.1264282436182003,0.7412926411166115,50,20,20
34,7949,0.11224110329088614,0.020038011981207037,0.12661452319888386,0.741106361529022,50,20,20
34,7950,0.11224110329088614,0.020038011981204903,0.12648141131440024,0.7412394734135078,50,20,20
34,7951,0.11224110329086358,0.02003801198120281,0.12629491124600578,0.741425973481927,50,20,20
34,7952,0.11224110329086359,0.020038011587545358,0.12611034148924605,0.7416105436323441,50,20,20
34,7953,0.11224110329086359,0.020038011587545358,0.12611032478505962,0.7416105603365305,50,20,20
34,7954,0.11224108223600297,0.020037898478102757,0.1278282424227276,0.7398927768631657,50,20,20
34,7955,0.11418369125036594,0.020037896178004503,0.12588626002135317,0.7398921525502751,50,20,20
34,7956,0.11418369125036594,0.020037896178004503,0.12588626072929096,0.7398921518423373,50,20,20
34,7957,0.11418369125036598,0.020037896178004506,0.12588622075057465,0.7398921918210536,50,20,20
34,7958,0.09446394196666986,0.020037895992462914,0.14560597106965414,0.7398921909712125,50,20,20
34,7959,0.09446394196667025,0.02003789599246299,0.1456060126293071,0.7398921494115589,50,20,20
34,7960,0.09446394196669303,0.020037895992465173,0.1456093132031984,0.7398888488376427,50,20,20
34,7961,0.09506369352601564,0.020037895983268227,0.14500956330494388,0.7398888471857709,50,20,20
34,7962,0.09506369352601561,0.020037895983268227,0.14500952206535556,0.7398888884253593,50,20,20
34,7963,0.09968456064410607,0.020037895820556054,0.1404361685379198,0.7398413749974171,50,20,20
34,7964,0.09960866809512937,0.020037898347296603,0.14051205855644988,0.7398413750011236,50,20,20
34,7965,0.0996086680951293,0.020037898347296638,0.14057596415785356,0.7397774693997198,50,20,20
34,7966,0.0996086680951293,0.020037898347298785,0.14057600555777378,0.7397774279997975,50,20,20
34,7967,0.0996086680951293,0.02003789834729879,0.14057598939872593,0.7397774441588454,50,20,20
34,7968,0.09974581696646125,0.020037898347354734,0.14043884052706695,0.7397774441591164,50,20,20
34,7969,0.0997458169664612,0.02003789834735477,0.1404380730403429,0.7397782116458406,50,20,20
34,7970,0.09974581694949167,0.02003463496420843,0.14136259787274458,0.7388569502135547,50,20,20
34,7971,0.09974581694949367,0.02003463496421057,0.1414273601109033,0.7387921879753919,50,20,20
34,7972,0.09974581694949167,0.02003463496420843,0.1413626550528754,0.7388568930334241,50,20,20
34,7973,0.09974581694949164,0.020034634964208355,0.1412295027458782,0.7389900453404213,50,20,20
34,7974,0.09974581694949164,0.020034634964208396,0.1412294870431488,0.7389900610431508,50,20,20
34,7975,0.0997458169494992,0.02001931638463947,0.14124480561993294,0.738990061045928,50,20,20
34,7976,0.0997458169494976,0.02001931638463947,0.14124805223498424,0.7389868144308784,50,20,20
34,7977,0.09974581694952038,0.020019316384761763,0.1412513475585225,0.738983519107195,50,20,20
34,7978,0.09974581694952041,0.020019316384763536,0.1443760844039703,0.7358587822617452,50,20,20
34,7979,0.0997458169500298,0.019086239501388057,0.1453091612895672,0.7358587822590144,50,20,20
34,7980,0.09974581694951284,0.020019418281018567,0.14437598251050004,0.735858782258968,50,20,20
34,7981,0.09974581694951125,0.020019418274111987,0.14418889284921962,0.7360458719271565,50,20,20
34,7982,0.09974581694950979,0.020019418269067592,0.13865972693240286,0.7415750378490193,50,20,20
34,7983,0.09974581694951139,0.02001941826906763,0.13865979844034865,0.7415749663410719,50,20,20
34,7984,0.09974581694951143,0.020019418269067665,0.1386598151504751,0.7415749496309454,50,20,20
34,7985,0.09974581694951143,0.020019418269067724,0.14418877253126486,0.7360459922501553,50,20,20
34,7986,0.09974581694948868,0.02001941826894543,0.1441854535536839,0.7360493112278813,50,20,20
34,7987,0.09974581694948866,0.020019418268945394,0.14418431466960882,0.7360504501119566,50,20,20
34,7988,0.09974581694948904,0.020019418268945436,0.1441843916154628,0.7360503731661021,50,20,20
34,7989,0.09974581694948706,0.02001941826894329,0.14418112957733537,0.7360536352042338,50,20,20
34,7990,0.0997458169494643,0.020019418268941106,0.14417780902365884,0.7360569557579352,50,20,20
34,7991,0.09974581694946426,0.02001941826881997,0.14399455019001658,0.7362402145916986,50,20,20
34,7992,0.09975677312434343,0.020019418268814624,0.14398359293318705,0.7362402156736545,50,20,20
34,7993,0.09975677312434339,0.020019418268814624,0.14398284171703118,0.7362409668898104,50,20,20
34,7994,0.10154605201313487,0.01998455989432806,0.1422249537219235,0.7362444343706136,50,20,20
34,7995,0.10151418075461194,0.01998456014517873,0.14225682463537204,0.7362444344648372,50,20,20
34,7996,0.10127541718047038,0.019984560321512686,0.14249558801844237,0.7362444344795743,50,20,20
34,7997,0.10127541718047038,0.019984560321512686,0.14249558848251517,0.7362444340155015,50,20,20
34,7998,0.10127541926378253,0.01998456032433592,0.1425299143610945,0.7362101060507868,50,20,20
34,7999,0.10127541926369146,0.019984560324335886,0.14253219587840976,0.7362078245335627,50,20,20
34,8000,0.10115479979369248,0.0199847087964124,0.1426519827777798,0.7362085086321153,50,20,20
34,8001,0.10115479979369377,0.019984708800946493,0.14964509913106464,0.7292153922742951,50,20,20
34,8002,0.1120957105170653,0.019984708797442224,0.13870418933935713,0.7292153913461352,50,20,20
34,8003,0.11209571051706557,0.01998470879753224,0.1442298493768585,0.7236897313085435,50,20,20
34,8004,0.11714156351692993,0.019984450629275993,0.1391842426273429,0.7236897432264509,50,20,20
34,8005,0.11278705555445674,0.019984450665979328,0.14353875022072152,0.7236897435588422,50,20,20
34,8006,0.11278705555445673,0.019984450665981437,0.1435410605130811,0.7236874332664806,50,20,20
34,8007,0.11255529232230196,0.019984450489754328,0.14377282390730992,0.7236874332806338,50,20,20
34,8008,0.11255529239566493,0.019984450883869645,0.14387300042208942,0.7235872562983758,50,20,20
34,8009,0.11255529239566493,0.019984450883869683,0.1438730416561719,0.7235872150642934,50,20,20
34,8010,0.11255529232230199,0.019984450489756472,0.1437114072772479,0.7237488499106935,50,20,20
34,8011,0.11255529232230202,0.019984450489756476,0.14371217676645243,0.723748080421489,50,20,20
34,8012,0.11255529232230205,0.01998445048975648,0.14371325836480264,0.7237469988231388,50,20,20
34,8013,0.11255529232230364,0.01998445048975648,0.14371327502555645,0.7237469821623834,50,20,20
34,8014,0.11255529232230366,0.01998445048975433,0.14371323463911323,0.7237470225488287,50,20,20
34,8015,0.11255529232230366,0.019984450489754318,0.1381843348564308,0.7292759223315113,50,20,20
34,8016,0.11255529232230405,0.019984450489754314,0.13818528746111758,0.7292749697268242,50,20,20
34,8017,0.11255529232230406,0.019984450489756424,0.13818636885434699,0.7292738883335926,50,20,20
34,8018,0.11255529232230406,0.019984450489756424,0.13818636854487626,0.7292738886430632,50,20,20
34,8019,0.11255529232230403,0.019984450489756427,0.13818635476369215,0.7292739024242475,50,20,20
34,8020,0.11255529232230402,0.01998445048975639,0.13818305336051484,0.7292772038274248,50,20,20
34,8021,0.13075680719611682,0.019984450261966734,0.11998500619637589,0.7292737363455407,50,20,20
34,8022,0.13495057822787979,0.019984450317925034,0.11579123520908077,0.7292737362451147,50,20,20
34,8023,0.1350219842419212,0.01998444788174325,0.11571980723701576,0.72927376063932,50,20,20
34,8024,0.13502198424656198,0.01998432126485629,0.10102425936056003,0.743969435128022,50,20,20
34,8025,0.14995499302442405,0.019984313507688232,0.086091271016169,0.7439694224517192,50,20,20
34,8026,0.13287362853579868,0.019984314865933016,0.10317265848384237,0.7439693981144256,50,20,20
34,8027,0.1328736285357999,0.019984314865935087,0.10317496802093093,0.7439670885773337,50,20,20
34,8028,0.1328736285357999,0.019984314865935087,0.10317492678752464,0.7439671298107402,50,20,20
34,8029,0.1328736285357999,0.01998431486593505,0.10317486850583067,0.7439671880924341,50,20,20
34,8030,0.13307063564997493,0.019984314773273407,0.10297786171628266,0.7439671878604688,50,20,20
34,8031,0.13307063564997454,0.01998431477327337,0.10297455848285388,0.743970491093898,50,20,20
34,8032,0.13307063564997457,0.019984314773275516,0.10297569697357745,0.7439693526031723,50,20,20
34,8033,0.1330706314339768,0.019984314773393266,0.10301812711495505,0.7439269266776748,50,20,20
34,8034,0.13283462581678074,0.01998431477333927,0.1032541327322008,0.7439269266776791,50,20,20
34,8035,0.12502423959367287,0.01998431477533431,0.11101516234442471,0.7439762832865682,50,20,20
34,8036,0.1220306965713284,0.019984440263339332,0.11400857969773584,0.7439762834675971,50,20,20
34,8037,0.12224231682515363,0.020211809433483108,0.11482645380676615,0.7427194199345967,50,20,20
34,8038,0.12224231682515363,0.020211809433483108,0.11482645409456033,0.7427194196468025,50,20,20
34,8039,0.11678990107976674,0.0202118094308197,0.12027885221786043,0.7427194372715524,50,20,20
34,8040,0.11678990108495622,0.020211809437789392,0.1202850127119091,0.7427132767653447,50,20,20
34,8041,0.11678990108495624,0.020211809437787248,0.12028387463953555,0.7427144148377203,50,20,20
34,8042,0.11693905539050271,0.019984590547183944,0.12038095744796956,0.742695396614343,50,20,20
34,8043,0.1174163951475068,0.019984590547021168,0.1199036177202897,0.7426953965851817,50,20,20
34,8044,0.10199473940952504,0.019984465066029303,0.1353253443637176,0.7426954511607262,50,20,20
34,8045,0.10199473940952501,0.019984465066029303,0.1353245338895506,0.7426962616348933,50,20,20
34,8046,0.10199473940952342,0.019984465066029265,0.13532447639557424,0.7426963191288715,50,20,20
34,8047,0.10199473940952342,0.019984465066029338,0.13532447739654083,0.7426963181279049,50,20,20
34,8048,0.10199473940952343,0.019984465066151636,0.13532689514454246,0.742693900379781,50,20,20
34,8049,0.10163409695731146,0.019984316477056886,0.13568768640461262,0.7426939001610173,50,20,20
34,8050,0.10163409695731142,0.01998431647705903,0.135690956087952,0.7426906304776759,50,20,20
34,8051,0.10163409695731142,0.019984316477059033,0.13569101302981282,0.7426905735358151,50,20,20
34,8052,0.10163409695731146,0.01998431647705907,0.13569105674943088,0.7426905298161971,50,20,20
34,8053,0.10163409695731188,0.019984316477181362,0.13569482773206873,0.7426867588334366,50,20,20
34,8054,0.10163409695731226,0.019984316477303653,0.1356981802533614,0.7426834063120212,50,20,20
34,8055,0.10163409695731264,0.019984316477301506,0.13569823503150788,0.7426833515338765,50,20,20
34,8056,0.1015083505800753,0.0199843190517753,0.13582397882294386,0.7426833515452042,50,20,20
34,8057,0.09319060749310439,0.019984319055465768,0.14414172140897047,0.7426833520424583,50,20,20
34,8058,0.09442029345230919,0.019984319061013927,0.1429120902002484,0.7426832972864277,50,20,20
34,8059,0.09442029345230919,0.019984319061013927,0.1429153918932885,0.7426799955933875,50,20,20
34,8060,0.09423053560830134,0.01998431906408043,0.1431024438213831,0.7426827015062343,50,20,20
34,8061,0.09423053560829973,0.019984319064080467,0.1431024430079594,0.7426827023196596,50,20,20
34,8062,0.09423053560829973,0.0199843190640805,0.14310568818028666,0.7426794571473323,50,20,20
34,8063,0.09423053531340495,0.019984318669756505,0.16053105015176597,0.7252540958650718,50,20,20
34,8064,0.09423053531340495,0.019984318669756543,0.16053110782825766,0.7252540381885801,50,20,20
34,8065,0.09138059881715471,0.019994228987707016,0.16337113406276718,0.7252540381323693,50,20,20
34,8066,0.09138059881196524,0.019994228980737327,0.16336497498587427,0.7252601972214215,50,20,20
34,8067,0.09138059881196524,0.01999422898073729,0.16336493732842286,0.7252602348788728,50,20,20
34,8068,0.09138059881196524,0.019994228980737327,0.16349806325517582,0.7251271089521198,50,20,20
34,8069,0.09138059881196363,0.01999422898061529,0.16345348495003814,0.7251716872573813,50,20,20
34,8070,0.09136591813798553,0.01999422893355494,0.16346816568233943,0.7251716872461185,50,20,20
34,8071,0.09136591813798553,0.01999422893355494,0.16346820522128663,0.7251716477071714,50,20,20
34,8072,0.09136591813798553,0.019994228933554944,0.16347150843962616,0.7251683444888318,50,20,20
34,8073,0.09136591813928308,0.019994228933552797,0.16347252483225572,0.7251673280949069,50,20,20
34,8074,0.09136591813937413,0.01999422893355069,0.16347158975524503,0.7251682631718285,50,20,20
34,8075,0.09136591813937413,0.01999422893355069,0.1634682872529761,0.7251715656740975,50,20,20
34,8076,0.09136591813937418,0.019994228933550663,0.15793934739799792,0.7307005055290752,50,20,20
34,8077,0.0885525667898766,0.019994228924582597,0.16074646476161403,0.730706739523925,50,20,20
34,8078,0.08855256678996785,0.019994228924704663,0.16079280543989732,0.7306603988454283,50,20,20
34,8079,0.08855256678996787,0.019994228924706772,0.1607960507378912,0.7306571535474323,50,20,20
34,8080,0.08855256678997099,0.01999422893166301,0.16084066700586597,0.7306125372724982,50,20,20
34,8081,0.08855256678997099,0.01999422893166301,0.16071080294334325,0.7307424013350209,50,20,20
34,8082,0.07708652657645217,0.02001417022745946,0.17215690132271544,0.7307424018733714,50,20,20
34,8083,0.07708652657647491,0.020014170227461606,0.17216020472189758,0.7307390984741644,50,20,20
34,8084,0.07708652657647491,0.020014170227463716,0.17215700094193104,0.730742302254129,50,20,20
34,8085,0.07708652657647488,0.02001417022746371,0.17215483748292293,0.7307444657131371,50,20,20
34,8086,0.07708652657647488,0.02001417022746371,0.17215159231361865,0.7307477108824414,50,20,20
34,8087,0.0770865265764745,0.02001417022746371,0.1721515342510557,0.7307477689450047,50,20,20
34,8088,0.07697569795213142,0.020014167790623955,0.17226165844249747,0.730748475814746,50,20,20
34,8089,0.07697569795213142,0.020014167790623955,0.17226165873979796,0.7307484755174454,50,20,20
34,8090,0.0769756979521314,0.020014167790501657,0.17225924170271945,0.7307508925546464,50,20,20
34,8091,0.0769756979521314,0.020014167790501657,0.1722592815346186,0.7307508527227472,50,20,20
34,8092,0.07697569451102422,0.020014167791538136,0.16871320937950557,0.734296928317931,50,20,20
34,8093,0.07697569451102422,0.020014167791536027,0.16871537243744655,0.7342947652599924,50,20,20
34,8094,0.0769756945110242,0.020014167791536027,0.16871533001040911,0.7342948076870299,50,20,20
34,8095,0.0769756945110242,0.020014167791536034,0.1687152927598997,0.7342948449375393,50,20,20
34,8096,0.0769756945110246,0.02001416779153607,0.16871529447390185,0.7342948432235368,50,20,20
34,8097,0.0769756945110246,0.020014167791536034,0.16871199307072451,0.734298144626714,50,20,20
34,8098,0.07697569451102457,0.020014167791536027,0.16870878844633977,0.734301349251099,50,20,20
34,8099,0.07697569451093392,0.02001416779153607,0.16870648190511975,0.7343036557924094,50,20,20
34,8100,0.07697569451093392,0.020014167791533925,0.16870646517451426,0.7343036725230171,50,20,20
34,8101,0.07697569451093392,0.02001416779153396,0.16883959110126714,0.734170546596264,50,20,20
34,8102,0.07697569451102437,0.02001416779153396,0.1689698893503338,0.7340402483471068,50,20,20
34,8103,0.07697569450625619,0.020014167791530882,0.16366791615556944,0.7393422215466425,50,20,20
34,8104,0.07697569450616572,0.02001416779153084,0.16353431651078693,0.7394758211915157,50,20,20
34,8105,0.07680717286003316,0.019994226492045287,0.16372278049198385,0.7394758201559365,50,20,20
34,8106,0.07680717286003316,0.019994226492045287,0.16372275607354755,0.7394758445743729,50,20,20
34,8107,0.07686432181760525,0.01999422691030321,0.16367172802739383,0.7394697232446972,50,20,20
34,8108,0.07686432181760525,0.019994226910422564,0.16380480565842487,0.7393366456135468,50,20,20
34,8109,0.07398811631780251,0.019994228786272706,0.16507332681479744,0.7409443280811269,50,20,20
34,8110,0.07398811631780255,0.019994228786274833,0.1652598632464114,0.7407577916495108,50,20,20
34,8111,0.07398811631780253,0.01999422878627269,0.16525878169464142,0.7407588732012829,50,20,20
34,8112,0.07398811631780253,0.01999422878615258,0.16525778126237298,0.7407598736336714,50,20,20
34,8113,0.0739881163178025,0.01999422878615258,0.16526102570731788,0.7407566291887266,50,20,20
34,8114,0.07398811631789358,0.019994228786154762,0.1652618571733613,0.7407557977225899,50,20,20
34,8115,0.0739881163178904,0.01999422877919852,0.1652172336560261,0.7408004212468845,50,20,20
34,8116,0.0739881163178888,0.019994228779198483,0.16521716244092338,0.740800492461989,50,20,20
34,8117,0.07396962874682694,0.0199942289228216,0.15802063000866237,0.7480155123216883,50,20,20
34,8118,0.07396962874682694,0.019994228922819438,0.15783647720252145,0.7481996651278314,50,20,20
34,8119,0.07396416075288811,0.02006363277255907,0.15777255216457958,0.7481996543099723,50,20,20
34,8120,0.07396416075288771,0.020063632772561162,0.15790564086310988,0.7480665656114408,50,20,20
34,8121,0.07396416075288612,0.020063632772563275,0.15790890233201813,0.7480633041425322,50,20,20
34,8122,0.07418296717706827,0.020063484298914278,0.15769092848766278,0.7480626200363544,50,20,20
34,8123,0.07418296717709137,0.02006348429891642,0.15775565050343443,0.7479978980205576,50,20,20
34,8124,0.07418296718228087,0.02006348430588396,0.15775850804393055,0.7479950404679043,50,20,20
34,8125,0.07418296718218964,0.020063484305884186,0.15771547934891894,0.7480380691630069,50,20,20
34,8126,0.07418296718218964,0.020063484305884224,0.15771876750727626,0.7480347810046496,50,20,20
34,8127,0.07413128592004323,0.019994082524804856,0.15783995239835963,0.7480346791567921,50,20,20
34,8128,0.07413128592004326,0.019994082524804894,0.1578860993220422,0.7479885322331095,50,20,20
34,8129,0.07413128592728044,0.01999408252482883,0.17785176906327774,0.728022862484613,50,20,20
34,8130,0.07413128592728041,0.019994082524828864,0.17785411827423178,0.728020513273659,50,20,20
34,8131,0.07413128592725804,0.01999408252482672,0.17803781427167378,0.7278368172762416,50,20,20
34,8132,0.07413128592734909,0.019994082524828864,0.17804010996915973,0.7278345215786624,50,20,20
34,8133,0.07413128592737184,0.0199940825249512,0.17804012859580232,0.7278345029518747,50,20,20
34,8134,0.07413128592734908,0.019994082524828864,0.17803771083224051,0.7278369207155815,50,20,20
34,8135,0.060449030769464424,0.02000398691361551,0.1916655746899693,0.7278814076269495,50,20,20
34,8136,0.060449054248955664,0.020003986953107518,0.1916998688147675,0.7278470899831682,50,20,20
34,8137,0.060386918826553455,0.02000398695310874,0.191762004229595,0.7278470899907417,50,20,20
34,8138,0.06038691882655505,0.020003986953110845,0.1917588004675469,0.7278502937527861,50,20,20
34,8139,0.06038691883174528,0.02000398695323315,0.19162898723960164,0.7279801069754188,50,20,20
34,8140,0.04217467026513014,0.020003998199434516,0.2098388524096277,0.7279824791258076,50,20,20
34,8141,0.042174670265130124,0.020003998199434516,0.20979276314176382,0.7280285683936715,50,20,20
34,8142,0.04217467030456855,0.02000399881537014,0.20979276248639095,0.7280285683936704,50,20,20
34,8143,0.042174670304568534,0.02000399881537014,0.20979280129680167,0.7280285295832597,50,20,20
34,8144,0.04217467030457791,0.019808331391439612,0.20998846872067545,0.7280285295833072,50,20,20
34,8145,0.061887720010657093,0.019808474144938054,0.190274583904311,0.728029221940094,50,20,20
34,8146,0.06211188851688412,0.01980833114044308,0.19005125195603548,0.7280285283866373,50,20,20
34,8147,0.06211188851169549,0.019808331140440952,0.19004876762046627,0.7280310127273973,50,20,20
34,8148,0.06211188851169552,0.01980833114044099,0.1900487673328215,0.7280310130150421,50,20,20
34,8149,0.062111756137358004,0.019808502860628983,0.19004872798689665,0.7280310130151161,50,20,20
34,8150,0.06730581502789494,0.019808503039496494,0.18485463782152428,0.7280310441110838,50,20,20
34,8151,0.06730581502789494,0.019808503039496456,0.18485790136016683,0.7280277805724412,50,20,20
34,8152,0.06730581502789451,0.01980850303937417,0.18485407315289973,0.7280316087798308,50,20,20
34,8153,0.06730581502780347,0.01980850303937417,0.18485648746470457,0.728029194468117,50,20,20
34,8154,0.06730581502780308,0.019808503039374134,0.18485644135269508,0.728029240580127,50,20,20
34,8155,0.0673058150330711,0.01980850303937425,0.18490997609673637,0.7279757058308175,50,20,20
34,8156,0.0673058150330711,0.019808503039374172,0.18490774001549856,0.7279779419120554,50,20,20
34,8157,0.06730581503316177,0.019808503039376278,0.18490926380884523,0.7279764181186161,50,20,20
34,8158,0.06730581503316178,0.01980850303925482,0.18477614549894927,0.7281095364286336,50,20,20
34,8159,0.08141111208119708,0.01979859864751451,0.17072794480106604,0.7280623444702218,50,20,20
34,8160,0.07993354705807607,0.019798587310746348,0.17220860018050785,0.7280592654506688,50,20,20
34,8161,0.07993354705280807,0.019798587310748378,0.1721550856521459,0.7281127799842966,50,20,20
34,8162,0.07993354705280967,0.01979858731074838,0.1721550603563546,0.7281128052800864,50,20,20
34,8163,0.07993354705280928,0.01979858731074842,0.17196810151766992,0.7282997641187714,50,20,20
34,8164,0.07952790701854556,0.019798587401204847,0.17237371815252459,0.7282997874277242,50,20,20
34,8165,0.07952790701854556,0.01979858740120274,0.17237219674606677,0.7283013088341841,50,20,20
34,8166,0.07952790701854556,0.019798587401202744,0.1723721957398442,0.7283013098404066,50,20,20
34,8167,0.07952790701854552,0.019798587401202706,0.17237107118842854,0.7283024343918225,50,20,20
34,8168,0.07952790701724796,0.019798587401202668,0.17237005443673617,0.7283034511448123,50,20,20
34,8169,0.0795279070171569,0.019798587401200524,0.17236770152686065,0.7283058040547812,50,20,20
34,8170,0.07952790701715531,0.01979858740108036,0.17236689298480673,0.7283066125969568,50,20,20
34,8171,0.07952790701715531,0.019798587401082503,0.17241303908409228,0.7282604664976691,50,20,20
34,8172,0.07952790701715531,0.01979858740120299,0.16929066205554416,0.7313828435260966,50,20,20
34,8173,0.07952790701715531,0.01979858740120303,0.16929396343901054,0.7313795421426302,50,20,20
34,8174,0.07952790701715572,0.019798587401203067,0.1692972669551843,0.731376238626456,50,20,20
34,8175,0.07952790701715572,0.019798587401203067,0.16929398555771102,0.7313795200239293,50,20,20
34,8176,0.07928277272840357,0.019798585590021095,0.16784314047563714,0.733075501205937,50,20,20
34,8177,0.07928277272840355,0.019798585590018986,0.16784638209940764,0.7330722595821687,50,20,20
34,8178,0.07928277272840395,0.019798585590021133,0.16784968477244752,0.7330689569091264,50,20,20
34,8179,0.07928277272840395,0.019798585590021133,0.1678496847724475,0.7330689569091264,50,20,20
34,8180,0.07928277272840395,0.019798585590021133,0.16785202016810893,0.7330666215134649,50,20,20
34,8181,0.07928277272840553,0.019798585590023277,0.16785314519869568,0.7330654964828744,50,20,20
34,8182,0.07928277272840553,0.019798585590021137,0.16780705531298415,0.7331115863685882,50,20,20
34,8183,0.07928277272840528,0.019798585585484328,0.16082520879272535,0.740093432893384,50,20,20
34,8184,0.07928277272840528,0.019798585585484366,0.16082755871053434,0.7400910829755751,50,20,20
34,8185,0.07928277272840369,0.019798585585484405,0.16083084628093913,0.740087795405172,50,20,20
34,8186,0.0792827727284264,0.019798585585606394,0.16087408610354884,0.7400445555824174,50,20,20
34,8187,0.07928337644091452,0.019788674322698235,0.16088339363712634,0.7400445555992604,50,20,20
34,8188,0.07928337644091452,0.019788674322698194,0.1608810439999791,0.7400469052364077,50,20,20
34,8189,0.07929769551319348,0.019788674143363008,0.16086677298781585,0.740046857355627,50,20,20
34,8190,0.07929769551319389,0.01978867414348527,0.16086898017426393,0.7400446501690563,50,20,20
34,8191,0.07929769551319547,0.019788674143483124,0.16086648946657303,0.7400471408767477,50,20,20
34,8192,0.07929769551319507,0.019788674143483086,0.16086318694407722,0.7400504433992439,50,20,20
34,8193,0.09916131379540233,0.019788674078430685,0.14435257693250178,0.7366974351936644,50,20,20
34,8194,0.09916131379540433,0.019788674078428617,0.1443503102412972,0.736699701884869,50,20,20
34,8195,0.09916131379531501,0.019788674071500853,0.14422412542733837,0.7368258867058449,50,20,20
34,8196,0.09916131379531504,0.01978867407150089,0.14422416571326976,0.7368258464199134,50,20,20
34,8197,0.09916131379531373,0.019788674066966837,0.13723110628713342,0.7438189058505852,50,20,20
34,8198,0.09916131606775208,0.01978867101503579,0.13723110706662664,0.7438189058505852,50,20,20
34,8199,0.10947381115513177,0.01978867372319699,0.1257540309525972,0.7449834841690735,50,20,20
34,8200,0.10959985115841088,0.019788673721585593,0.12562800301207658,0.7449834721079263,50,20,20
34,8201,0.1098354087432642,0.01978867372163901,0.12539244628177149,0.7449834712533248,50,20,20
34,8202,0.10983540874335466,0.019788674116352527,0.1255249249650835,0.7448509921752088,50,20,20
34,8203,0.1024138417888571,0.019793918493748466,0.13294080861975188,0.7448514310976422,50,20,20
34,8204,0.11869728539573368,0.019794038600912157,0.11665724472937974,0.7448514312739735,50,20,20
34,8205,0.11870419898594312,0.019794038600746376,0.11665033113987333,0.7448514312734363,50,20,20
34,8206,0.11870419898594468,0.019794038600746376,0.11665033113997132,0.7448514312733368,50,20,20
34,8207,0.11870421579519704,0.019794038607818785,0.11671412328459828,0.744787622312385,50,20,20
34,8208,0.1182993998785026,0.01979404857876639,0.11711892921571922,0.7447876223270115,50,20,20
34,8209,0.11829939987850378,0.01979404857876643,0.11711676610320533,0.7447897854395241,50,20,20
34,8210,0.11829939987848069,0.0197940485787664,0.11705530580716379,0.7448512457355888,50,20,20
34,8211,0.11829939987847153,0.01938597109703763,0.11746338328894926,0.7448512457355414,50,20,20
34,8212,0.12544497124245457,0.01938072930722452,0.11032348009535582,0.7448508193549646,50,20,20
34,8213,0.1254942775952973,0.019381905207849617,0.11027299783291072,0.7448508193639415,50,20,20
34,8214,0.12549425411549237,0.019382018054071536,0.10852428231385751,0.7465994455165789,50,20,20
34,8215,0.1254942541154921,0.0200013937649298,0.10790490660299942,0.7465994455165789,50,20,20
34,8216,0.1254942541154921,0.020001393764929768,0.10790160457125056,0.7466027475483279,50,20,20
34,8217,0.1207945038245252,0.020006435869646153,0.11259629018985319,0.7466027701159761,50,20,20
34,8218,0.12079450382443473,0.020006435474932596,0.1124615013606376,0.7467375593399956,50,20,20
34,8219,0.12079450382443632,0.020006435474932634,0.11246154326281495,0.7467375174378167,50,20,20
34,8220,0.12079448701518399,0.020006435467860226,0.11239449026292,0.7468045872540364,50,20,20
34,8221,0.12079448701518399,0.020006435467860226,0.11239448956920693,0.7468045879477496,50,20,20
34,8222,0.12125000150416898,0.02000643533288997,0.11915399503402138,0.7395895681289204,50,20,20
34,8223,0.12125023907996792,0.020006435732729488,0.11938358378937908,0.7393597413979244,50,20,20
34,8224,0.12125023907996792,0.020006435732729522,0.11938684539660209,0.7393564797907013,50,20,20
34,8225,0.12125023937388349,0.020006435732851057,0.11952038481230415,0.739222940080962,50,20,20
34,8226,0.10172695237032336,0.020012053863854674,0.13903806947061206,0.739222924295208,50,20,20
34,8227,0.10172695236513431,0.020012053856887122,0.13909667630584266,0.7391643174721341,50,20,20
34,8228,0.10172695236513431,0.020012053856887126,0.13909337334217242,0.7391676204358045,50,20,20
34,8229,0.1017269523651327,0.0200120538568892,0.1390965912309422,0.7391644025470343,50,20,20
34,8230,0.10172695236515521,0.020012053856923576,0.13357191996183523,0.7446890738160845,50,20,20
34,8231,0.10172695236506415,0.020012053856925685,0.13357516187153476,0.744685831906474,50,20,20
34,8232,0.10172695236506411,0.02001205385692354,0.13357189916255352,0.7446890946154574,50,20,20
34,8233,0.10172695236506372,0.020012053856921442,0.13350794330816063,0.7447530504698527,50,20,20
34,8234,0.1017269523650637,0.020012053856921442,0.13350717308500407,0.7447538206930093,50,20,20
34,8235,0.10172695236506513,0.02001205385702951,0.13583660664098077,0.7424243871369233,50,20,20
34,8236,0.10172695236506513,0.02001205385702951,0.13583893687420082,0.742422056903703,50,20,20
34,8237,0.10172695236504394,0.020012053856907228,0.1358354582253979,0.7424255355526493,50,20,20
34,8238,0.1044357984223153,0.02001205117901013,0.1342911850876132,0.74126096531106,50,20,20
34,8239,0.10443579842231372,0.020012051179010094,0.1342923966092391,0.7412597537894358,50,20,20
34,8240,0.10443579842231374,0.020012051179131234,0.13447892781301582,0.741073222585538,50,20,20
34,8241,0.1044709904629441,0.022705944546305014,0.13174984238364507,0.7410732226071045,50,20,20
34,8242,0.10447099046294449,0.022705944546305052,0.13174991365807862,0.7410731513326705,50,20,20
34,8243,0.10447136142600545,0.02270594454849503,0.13416784429393508,0.7386548497315633,50,20,20
34,8244,0.10447136142601293,0.022705944549106842,0.15243364728690786,0.7203890467379712,50,20,20
34,8245,0.10447136142601134,0.022705944549106807,0.15243361379119336,0.7203890802336875,50,20,20
34,8246,0.10443639328178426,0.020020579054539075,0.15515392235036787,0.7203891053133078,50,20,20
34,8247,0.10613569045826159,0.020015536949845723,0.15345968966277235,0.7203890829291193,50,20,20
34,8248,0.10689826952601429,0.020014360547490416,0.15269828702766441,0.7203890828988291,50,20,20
34,8249,0.10711127286208795,0.020014358004406273,0.15248529877280967,0.7203890703606948,50,20,20
34,8250,0.10711127286208635,0.020014358004404133,0.15248525737603513,0.720389111757473,50,20,20
34,8251,0.10711127286208635,0.020014358004404098,0.15267175909482536,0.7202026100386828,50,20,20
34,8252,0.10711127286208515,0.020014358004403335,0.15280251760311567,0.7200718515303945,50,20,20
34,8253,0.1262981062273345,0.02001435800071261,0.13361568424156295,0.7200718515303892,50,20,20
34,8254,0.12629810622733767,0.020014358000712575,0.1336161184055461,0.7200714173664031,50,20,20
34,8255,0.12629810622733784,0.020014358000604512,0.13128749580806068,0.7224000399639964,50,20,20
34,8256,0.12629810622733945,0.020014358000606622,0.13128654509633803,0.7224009906757154,50,20,20
34,8257,0.12629810622733945,0.020014358000485444,0.1311032964138972,0.7225842393582775,50,20,20
34,8258,0.12629810622733945,0.020014358000483342,0.13110001315233366,0.7225875226198432,50,20,20
34,8259,0.12629810622733784,0.020014358000483342,0.13109924242755905,0.7225882933446194,50,20,20
34,8260,0.11848944030218071,0.02029894392800989,0.13862330764898936,0.7225883081208194,50,20,20
34,8261,0.11842984792034329,0.020293325707116644,0.13868851608322796,0.722588310289311,50,20,20
34,8262,0.1184298481032856,0.020296526675901632,0.14041815210829445,0.720855473112517,50,20,20
34,8263,0.11842984810326328,0.02029652667578175,0.14037491316978615,0.7208987120511678,50,20,20
34,8264,0.11842984810326328,0.02029652667578175,0.14037491316978618,0.7208987120511678,50,20,20
34,8265,0.11842984810326328,0.02029652667577964,0.14037491342463584,0.7208987117963203,50,20,20
34,8266,0.11842984810326325,0.020296526675779608,0.14037485648496795,0.7208987687359882,50,20,20
34,8267,0.1184298481037651,0.018789367759755392,0.14188201540044534,0.7208987687360333,50,20,20
34,8268,0.1184298481050586,0.018789367766704267,0.14194777104561176,0.7208330130826245,50,20,20
34,8269,0.11842984810505863,0.01878936776670427,0.14194778744457182,0.7208329966836644,50,20,20
34,8270,0.10025536761246576,0.018789367999023344,0.16012226659756712,0.7208329977909443,50,20,20
34,8271,0.10025536761246535,0.018789367999023306,0.16012219532313363,0.7208330690653785,50,20,20
34,8272,0.10025546000398869,0.018789492083239583,0.16185228023097878,0.7191027676817932,50,20,20
34,8273,0.10025546000398874,0.018789492083239333,0.16418165329404655,0.7167733946187259,50,20,20
34,8274,0.10025546000407964,0.01878949208323937,0.16422800262388237,0.7167270452887992,50,20,20
34,8275,0.1002554600040796,0.018789492083239333,0.1642279453974225,0.7167271025152592,50,20,20
34,8276,0.10025545981434127,0.018786180488307387,0.16424705671488457,0.7167113029824672,50,20,20
34,8277,0.09465246897729099,0.01878617426293104,0.1698490698451694,0.7167122869146092,50,20,20
34,8278,0.09465209806106839,0.018786174260742413,0.16985134162947513,0.716710386048715,50,20,20
34,8279,0.09465209806106838,0.018786174260742375,0.16984899199448253,0.7167127356837075,50,20,20
34,8280,0.09465209806106803,0.01878617426074023,0.16984777977608953,0.7167139479021033,50,20,20
34,8281,0.09465209806106842,0.018786174260862525,0.16985101700740685,0.7167107106706634,50,20,20
34,8282,0.09465209805977494,0.018786174253913646,0.16978761182523652,0.7167741158610761,50,20,20
34,8283,0.09465209805977497,0.01878617425391361,0.16978768809818878,0.7167740395881239,50,20,20
34,8284,0.09446281087108345,0.018786176392185126,0.1699769728365435,0.7167740399001893,50,20,20
34,8285,0.08054343117818377,0.018853977581022134,0.18382943401317894,0.7167731572276161,50,20,20
34,8286,0.08746264816541338,0.01885397755076539,0.17691022513354823,0.7167731491502741,50,20,20
34,8287,0.08746264816541335,0.018853977550765427,0.17709442531148542,0.7165889489723368,50,20,20
34,8288,0.08746264816541334,0.018853977550765427,0.1769079232296816,0.7167754510541405,50,20,20
34,8289,0.08746264816541334,0.01885397755076539,0.17690793992611248,0.7167754343577097,50,20,20
34,8290,0.08746264816543611,0.0188539775507675,0.17690889339531432,0.7167744808884828,50,20,20
34,8291,0.08746264816543611,0.0188539775507675,0.1769088358656608,0.7167745384181363,50,20,20
34,8292,0.09580699177211977,0.018853977552073995,0.16856449225782102,0.7167745384179862,50,20,20
34,8293,0.09580699177212,0.018853977810675982,0.17554709494316253,0.7097919354740425,50,20,20
34,8294,0.09580699177209723,0.018853977810673876,0.17554384848843754,0.7097951819287922,50,20,20
34,8295,0.0955502749680082,0.0185693979261528,0.17608513162178327,0.7097951954840567,50,20,20
34,8296,0.09555027496800861,0.01856939792615473,0.17841451223467616,0.7074658148711614,50,20,20
34,8297,0.09555027496800861,0.01856939792615473,0.1784145119789832,0.7074658151268545,50,20,20
34,8298,0.09232074234292473,0.01857632988253348,0.18163710229410518,0.7074658254804375,50,20,20
34,8299,0.08472011553415223,0.018577581541203394,0.189236374554271,0.7074659283703748,50,20,20
34,8300,0.08791349433441628,0.01857064958481039,0.18604993806418008,0.7074659180165941,50,20,20
34,8301,0.08608865024821503,0.018570649352494074,0.18787478348996514,0.7074659169093274,50,20,20
34,8302,0.08608865024821505,0.01857064935249622,0.18787484159187653,0.7074658588074137,50,20,20
34,8303,0.08608865024821544,0.018570649352498404,0.187877192677036,0.7074635077222517,50,20,20
34,8304,0.08608865024821505,0.018570649352376865,0.18774407363808504,0.7075966267613247,50,20,20
34,8305,0.08608865024823624,0.018570649352374798,0.18774181316588437,0.7075988872335063,50,20,20
34,8306,0.08579771443010084,0.01857786387881871,0.18802552439986783,0.707598897291214,50,20,20
34,8307,0.0857976220390806,0.018577742013916983,0.1880263196735491,0.7075983162734549,50,20,20
34,8308,0.08579762163896514,0.01858014519721031,0.1880237264354373,0.7075985067283891,50,20,20
34,8309,0.08198959409321332,0.018580143331863044,0.1918317639309092,0.7075984986440162,50,20,20
34,8310,0.0819895940932133,0.018580143331740753,0.19182852669554307,0.7076017358795048,50,20,20
34,8311,0.0819895940932133,0.01858014333186302,0.19182889463311312,0.7076013679418124,50,20,20
34,8312,0.08198959409330409,0.01858014307326107,0.18484403922984982,0.7145862236035859,50,20,20
34,8313,0.08198959409330409,0.018580143073258962,0.18484399853854228,0.7145862642948955,50,20,20
34,8314,0.0819896089183213,0.018573014810280866,0.18485112225743522,0.7145862540139631,50,20,20
34,8315,0.0819896089182985,0.01857301481028079,0.18485107187974192,0.7145863043916794,50,20,20
34,8316,0.0819896089182985,0.0185730148102829,0.18485336602516367,0.7145840102462554,50,20,20
34,8317,0.08198960891829853,0.018573014810280754,0.184851054821488,0.7145863214499333,50,20,20
34,8318,0.08198960891829854,0.0185730148102829,0.1848533106324116,0.7145840656390073,50,20,20
34,8319,0.08198960891829858,0.01857301481040407,0.1850398146498366,0.7143975616214611,50,20,20
34,8320,0.08198960891988114,0.0068096841774596285,0.19680314528122878,0.7143975616214316,50,20,20
34,8321,0.09390673993303858,0.006809680184556075,0.1848860384700885,0.7143975414123173,50,20,20
34,8322,0.0939067399331159,0.00680968018455797,0.1870822222054814,0.7122013576768451,50,20,20
34,8323,0.0939067399331159,0.006809680184560078,0.18707901844522495,0.7122045614370995,50,20,20
34,8324,0.09390673993313867,0.0068096801845622616,0.18707911709021674,0.7122044627920825,50,20,20
34,8325,0.09390673993313906,0.00680968018456226,0.18707913449552957,0.7122044453867692,50,20,20
34,8326,0.09390673993313906,0.0068096801845622616,0.18707913434421258,0.7122044455380862,50,20,20
34,8327,0.09390673993313867,0.006809680184562223,0.1870814263052151,0.7122021535770842,50,20,20
34,8328,0.09390673993313867,0.006809680184562223,0.187081427011089,0.7122021528712105,50,20,20
34,8329,0.09390673993314026,0.0068096801845622616,0.18708373737454617,0.7121998425077517,50,20,20
34,8330,0.09390673993314026,0.0068096801845622616,0.18708373677222126,0.7121998431100764,50,20,20
34,8331,0.09390673993314026,0.006809680184562299,0.18708380757435297,0.7121997723079448,50,20,20
34,8332,0.09390673993313867,0.0068096801845622616,0.18708382253909112,0.712199757343208,50,20,20
34,8333,0.09390673993115944,0.01946070553465561,0.1744327970374265,0.7121997574967586,50,20,20
34,8334,0.09390673993115944,0.01946070553465561,0.17443609982614827,0.7121964547080367,50,20,20
34,8335,0.0939067399190829,0.0385990630705123,0.1552979433121431,0.7121962536982609,50,20,20
34,8336,0.0939067399190829,0.0385990630705123,0.15529465432372963,0.7121995426866746,50,20,20
34,8337,0.0939067399190829,0.03859906307051231,0.15529465463827008,0.7121995423721341,50,20,20
34,8338,0.0939067399190833,0.03859906307051227,0.1552957938506968,0.712198403159707,50,20,20
34,8339,0.0939067399190833,0.03859906307051227,0.1552958336652422,0.7121983633451616,50,20,20
34,8340,0.0939067235005934,0.038635877758729134,0.15525903550858464,0.7121983632320921,50,20,20
34,8341,0.09390672350059302,0.0386358777588514,0.1552581497353633,0.7121992490051915,50,20,20
34,8342,0.09390672350059338,0.038635877758849496,0.15293208345388515,0.7145253152866711,50,20,20
34,8343,0.09390672350061607,0.03863587775885165,0.15297709771692797,0.7144803010236036,50,20,20
34,8344,0.09390672350061446,0.03863587775873148,0.15297601585854737,0.7144813828821062,50,20,20
34,8345,0.09375493951647446,0.03863587775878665,0.1531277996316742,0.7144813830930643,50,20,20
34,8346,0.09375493951647446,0.03863587775878665,0.15313009297448565,0.7144790897502528,50,20,20
34,8347,0.09375493951635586,0.03863600207200518,0.15312996866133027,0.7144790897503088,50,20,20
34,8348,0.09375493951635545,0.03863600207188292,0.15312774506556684,0.714481313346195,50,20,20
34,8349,0.09375493951635545,0.03863600207188292,0.15312543469242998,0.7144836237193318,50,20,20
34,8350,0.09375493951635505,0.038636002071880775,0.15312314053450732,0.7144859178772569,50,20,20
34,8351,0.09375493951635465,0.038636002071878846,0.15079370269195946,0.716815355719807,50,20,20
34,8352,0.09375493951647312,0.038635875538722504,0.15079382922505344,0.7168153557197507,50,20,20
34,8353,0.09375493951645042,0.038635875538720325,0.1507476750913794,0.7168615098534497,50,20,20
34,8354,0.09375493951645039,0.03863587553871818,0.15074532302267146,0.7168638619221598,50,20,20
34,8355,0.09375493951645039,0.03863587553871818,0.15074536672838523,0.7168638182164458,50,20,20
34,8356,0.09375493922253524,0.03863587553859884,0.15061264187284787,0.7169965433660179,50,20,20
34,8357,0.09375493922253525,0.03863587553859884,0.1506149926069894,0.7169941926318764,50,20,20
34,8358,0.07883944205325856,0.03863602609125799,0.16549078769981718,0.7170337441556667,50,20,20
34,8359,0.07883944205325974,0.03863602609126014,0.16548751926649463,0.7170370125889859,50,20,20
34,8360,0.07883944205841625,0.038636026091381635,0.1656207031370467,0.7169038287131559,50,20,20
34,8361,0.07883944205841625,0.038636026091381635,0.1656207031228122,0.7169038287273903,50,20,20
34,8362,0.07883944205832519,0.03863602609137946,0.1656206048162673,0.7169039270340285,50,20,20
34,8363,0.07883944205832519,0.03863602609138161,0.16562386682959646,0.7169006650206973,50,20,20
34,8364,0.07883944205832519,0.03863602609138157,0.16562282491730598,0.7169017069329873,50,20,20
34,8365,0.06414359720680858,0.038635905936790345,0.18031878820659902,0.7169017086498017,50,20,20
34,8366,0.06414359720680698,0.038635905936788194,0.1803186896207545,0.7169018072356501,50,20,20
34,8367,0.06414359750268629,0.03863590593678827,0.18031624681596498,0.7169042497445601,50,20,20
34,8368,0.06414359750268435,0.039494940109310324,0.17945721264610573,0.7169042497418994,50,20,20
34,8369,0.06414359792472764,0.04548141501906762,0.1734707373134582,0.7169042497427464,50,20,20
34,8370,0.06414359792481869,0.045481415019069764,0.17347396935113868,0.7169010177049725,50,20,20
34,8371,0.06414359792481869,0.045481415019069764,0.17347391313242708,0.7169010739236841,50,20,20
34,8372,0.06414359792481707,0.04548141501906973,0.17347156189621063,0.7169034251599022,50,20,20
34,8373,0.06414359792481707,0.045481415019069764,0.173474863279677,0.7169001237764359,50,20,20
34,8374,0.06414359792481823,0.04548141501915826,0.17900378514454043,0.7113712019114825,50,20,20
34,8375,0.0641435979248182,0.04548141501903709,0.17881722419747081,0.7115577628586733,50,20,20
34,8376,0.06414359792481707,0.045481415018948625,0.17329061272595328,0.7170843743302805,50,20,20
34,8377,0.044365058372588834,0.046474391811036686,0.192074692398623,0.7170858574177514,50,20,20
34,8378,0.04436505837258922,0.046474391811036755,0.1920746767214757,0.717085873094898,50,20,20
34,8379,0.04738832359564541,0.04647439194546682,0.18905141133110948,0.717085873127778,50,20,20
34,8380,0.047388323590489285,0.04647439194534745,0.1891047853244483,0.7170324991397148,50,20,20
34,8381,0.04738837429739922,0.046474651924856086,0.18910445289225838,0.7170325208854859,50,20,20
34,8382,0.04738837429739922,0.046474651924856086,0.1891044538788145,0.7170325198989296,50,20,20
34,8383,0.047388374297397624,0.046474651924853984,0.18910439677094817,0.7170325770067996,50,20,20
34,8384,0.04738837429739725,0.04647465192485395,0.1891043960022105,0.7170325777755377,50,20,20
34,8385,0.047388374297420016,0.04647465192485606,0.18910764245684714,0.7170293313208762,50,20,20
34,8386,0.04738837429742,0.046474651924853914,0.18910760105196517,0.7170293727257602,50,20,20
34,8387,0.04738837429742,0.046474651924853914,0.1891076574765313,0.717029316301194,50,20,20
34,8388,0.04738837429742003,0.046474651924856065,0.18910989425965924,0.717027079518064,50,20,20
34,8389,0.04738837429742003,0.04647465192485395,0.1891076136866622,0.7170293600910632,50,20,20
34,8390,0.04757632572149362,0.04647465192479903,0.18891966247360079,0.7170293598801064,50,20,20
34,8391,0.0475763254256143,0.04647465192479896,0.18891880277646034,0.717030219873126,50,20,20
34,8392,0.04757632542561589,0.046474651924921215,0.18873462192739698,0.7172144007220657,50,20,20
34,8393,0.04757632542561589,0.04647465192492118,0.18873788278721448,0.7172111398622483,50,20,20
34,8394,0.04757632542691345,0.046474651924923366,0.18874125097654415,0.7172077716716189,50,20,20
34,8395,0.04757632542682415,0.04647465192504662,0.1888814223498024,0.7170676002983266,50,20,20
34,8396,0.04757632542689004,0.04647465192513512,0.19440803743932947,0.7115409852086458,50,20,20
34,8397,0.047576325426888444,0.046474651925132976,0.1944072259240222,0.7115417967239567,50,20,20
34,8398,0.04757632542682295,0.04647465192504451,0.1888790717603069,0.7170699508878253,50,20,20
34,8399,0.04757632542691405,0.046474651925046656,0.18888066946020404,0.7170683531878349,50,20,20
34,8400,0.04757632542693679,0.046474651925048766,0.18888175243257918,0.7170672702154348,50,20,20
34,8401,0.05322627763329602,0.046474397412792516,0.1831904557123994,0.7171088692415113,50,20,20
34,8402,0.053226277638406386,0.04647439741279492,0.1808615874910663,0.7194377374577314,50,20,20
34,8403,0.05322627763840643,0.04647439741279488,0.18086387867400947,0.7194354462747884,50,20,20
34,8404,0.05322627763840646,0.046474397412794924,0.1808638796878873,0.7194354452609106,50,20,20
34,8405,0.05322627770368213,0.04647439741905471,0.18321521523101375,0.7170841096462488,50,20,20
34,8406,0.05303369587925154,0.04647442711501982,0.1746648325263515,0.725827044479377,50,20,20
34,8407,0.053033695879160445,0.04647442711501767,0.17466323482645435,0.7258286421793675,50,20,20
34,8408,0.05228997911612303,0.04647317545504694,0.1754083061396188,0.7258285392892114,50,20,20
34,8409,0.05229723621117608,0.04646447275663635,0.17540893644959937,0.7258293545825887,50,20,20
34,8410,0.05229723621117608,0.046464472756638495,0.17547369645572997,0.7257645945764558,50,20,20
34,8411,0.05229723621117568,0.04646447275663635,0.17547363540601296,0.7257646556261754,50,20,20
34,8412,0.05229699863537674,0.04646447235679683,0.17524399070038904,0.7259945383074377,50,20,20
34,8413,0.05411165772000048,0.04642756948926503,0.1734626583889742,0.7259981144017599,50,20,20
34,8414,0.07203120735934104,0.04642757193492035,0.15554667007472367,0.725994550631015,50,20,20
34,8415,0.07202372865119377,0.04642757187973252,0.15555414142602023,0.7259945580430537,50,20,20
34,8416,0.07202372865117102,0.0464275718797304,0.1555508949713836,0.725997804497715,50,20,20
34,8417,0.0720237286511694,0.04642757187960811,0.1555485251362551,0.7260001743329674,50,20,20
34,8418,0.0720237286511694,0.046427571879608144,0.15554621576651526,0.7260024837027071,50,20,20
34,8419,0.0720237286511694,0.04642757187960818,0.15554856639525716,0.7260001330739653,50,20,20
34,8420,0.07202372865119216,0.04642757187960819,0.15555189217808357,0.7259968072911162,50,20,20
34,8421,0.07202372865119216,0.04642757187973048,0.1555551874815922,0.7259935119874852,50,20,20
34,8422,0.07202399402907397,0.04642757188729365,0.15555492209614719,0.7259935119874852,50,20,20
34,8423,0.06334650121070949,0.04642818307784563,0.1642303210755528,0.7259949946358923,50,20,20
34,8424,0.06328356609214174,0.046360402193385865,0.16436113835176724,0.7259948933627056,50,20,20
34,8425,0.063283569648273,0.04636040219926583,0.16749247828426916,0.7228635498681925,50,20,20
34,8426,0.06328356964827302,0.046360402199263726,0.16742777524024405,0.7229282529122197,50,20,20
34,8427,0.06328356964957048,0.046360402199388126,0.16743202558054548,0.7229240025704965,50,20,20
34,8428,0.0632835696495705,0.04636040219938809,0.16743200890041873,0.7229240192506231,50,20,20
34,8429,0.07762536398485655,0.04636039673219373,0.1531318407887243,0.7228823984942259,50,20,20
34,8430,0.08586169239200757,0.04635978540729854,0.14489760657095035,0.722880915629744,50,20,20
34,8431,0.0858616923267315,0.04635978540103872,0.1425454601777573,0.7252330620944731,50,20,20
34,8432,0.0858632054171421,0.05749304256961271,0.13141068991846752,0.725233062094778,50,20,20
34,8433,0.0858632054171421,0.05749304256961056,0.13140744414470598,0.7252363078685415,50,20,20
34,8434,0.08586320541716487,0.057493042569732866,0.13141079672771216,0.7252329552853903,50,20,20
34,8435,0.08586320541706158,0.058101224583558764,0.13080261486477776,0.7252329551346022,50,20,20
34,8436,0.08586320541706,0.0581012245834355,0.130616095156997,0.7254194748425077,50,20,20
34,8437,0.08586320541708277,0.05810122458343555,0.13061690184418656,0.7254186681552953,50,20,20
34,8438,0.08586320541708316,0.058101224583435584,0.13061810112840935,0.725417468871072,50,20,20
34,8439,0.08586320541706041,0.05810122458343343,0.13061694695316636,0.7254186230463398,50,20,20
34,8440,0.08586320541706201,0.05810122458343345,0.13061449667149844,0.7254210733280061,50,20,20
34,8441,0.08586320541706197,0.05810122458331115,0.130612079910053,0.7254234900895739,50,20,20
34,8442,0.08586320541637413,0.05810122462998369,0.14825966241219135,0.7077759075414508,50,20,20
34,8443,0.08586320542360522,0.05810122244893149,0.1482590731518713,0.7077764989755919,50,20,20
34,8444,0.074358182888738,0.05810145492075256,0.15976275453076735,0.707777607659742,50,20,20
34,8445,0.07435818288876055,0.058101454927657,0.15994974657113128,0.7075906156124512,50,20,20
34,8446,0.07435823236538651,0.058101454927656754,0.15994969709450782,0.707590615612449,50,20,20
34,8447,0.07435823236538655,0.0581014549276589,0.1599520491632157,0.7075882635437389,50,20,20
34,8448,0.0743582323653865,0.0581014549276589,0.15994969870007983,0.7075906140068748,50,20,20
34,8449,0.0743582319432235,0.0721034801117531,0.1459476739389471,0.7075906140060765,50,20,20
34,8450,0.07416106826739112,0.07113257244554229,0.14711538245347203,0.7075909768335946,50,20,20
34,8451,0.07416106826657615,0.07113257244144018,0.14536588509874326,0.7093404741932404,50,20,20
34,8452,0.07453422435235875,0.0711325726239701,0.14499272883041117,0.7093404741932601,50,20,20
34,8453,0.07453422079622748,0.0711325726180901,0.14186057817507183,0.7124726284106104,50,20,20
34,8454,0.07453422079620493,0.07113257261118357,0.1418600392974094,0.712473167295202,50,20,20
34,8455,0.07458700792304458,0.07113257242115255,0.14180725236029076,0.712473167295512,50,20,20
34,8456,0.07458700792304458,0.07113257242115255,0.1418073095923036,0.712473110063499,50,20,20
34,8457,0.07458700792304457,0.07113257242115259,0.14180499872089952,0.7124754209349033,50,20,20
34,8458,0.07458700792304458,0.07113257242127488,0.14180835025529087,0.7124720694003898,50,20,20
34,8459,0.07458700792434188,0.07113257242115262,0.14180615508946842,0.712474264565037,50,20,20
34,8460,0.07458700792434188,0.07113257242115477,0.14180625247565898,0.7124741671788444,50,20,20
34,8461,0.07458700792442235,0.07113257242115663,0.1441357784004233,0.7101446412539977,50,20,20
34,8462,0.07458700792449481,0.07113257242670108,0.14822423519562455,0.7060561844531796,50,20,20
34,8463,0.074587007924472,0.07113257242670108,0.14822340724229213,0.7060570124065348,50,20,20
34,8464,0.07458700792317431,0.07113257242670105,0.14822229041229035,0.7060581292378343,50,20,20
34,8465,0.07458700792326538,0.07113257242670316,0.1482246018003784,0.7060558178496532,50,20,20
34,8466,0.07458700792324263,0.07113257242670312,0.1482235862205906,0.7060568334294639,50,20,20
34,8467,0.07458700792317058,0.07113257242127882,0.1441374485514272,0.7101429711041236,50,20,20
34,8468,0.07458700792314783,0.0711325724212788,0.14432390085581726,0.7099565187997563,50,20,20
34,8469,0.07458445647318585,0.07998823035867168,0.13547079436718285,0.7099565188009597,50,20,20
34,8470,0.08953112561038268,0.07998807993989797,0.12056382629710939,0.7099169681526099,50,20,20
34,8471,0.08953112561038268,0.07998807993989793,0.12037733173486996,0.7101034627148493,50,20,20
34,8472,0.0895311256090852,0.07998807993977353,0.12037308139456854,0.7101077130565724,50,20,20
34,8473,0.09736025966002652,0.07998807993972751,0.11254394734389059,0.7101077130563549,50,20,20
34,8474,0.09736025965994606,0.07998807993972776,0.1102176837948815,0.7124339766054446,50,20,20
34,8475,0.09736025965985501,0.07998807993972772,0.11021768349054181,0.7124339769098756,50,20,20
34,8476,0.09735508588354311,0.07998807993983274,0.11022285726700573,0.7124339769096185,50,20,20
34,8477,0.09735508588354307,0.07998807993983488,0.11022380877101647,0.7124330254056056,50,20,20
34,8478,0.09735508588354308,0.07998807993983488,0.11022287399807063,0.7124339601785514,50,20,20
34,8479,0.09735508588354308,0.07998807993983488,0.11022287399807058,0.7124339601785514,50,20,20
34,8480,0.0973550858835435,0.07998807993983485,0.11022286953238712,0.7124339646442346,50,20,20
34,8481,0.0973550858835435,0.07998807993983272,0.1102196068288138,0.71243722734781,50,20,20
34,8482,0.09735508588354351,0.07998807993983274,0.1102204181161245,0.7124364160604993,50,20,20
34,8483,0.09735508588354355,0.07998807993983276,0.11022043452677796,0.7124363996498458,50,20,20
34,8484,0.09734745505746163,0.0799880774392263,0.11022805626170845,0.7124364112416036,50,20,20
34,8485,0.09734745505746202,0.07998807743922415,0.11022805653230634,0.7124364109710075,50,20,20
34,8486,0.09737481125166565,0.07996602114008125,0.11022454058172793,0.712434627026525,50,20,20
34,8487,0.0973748112557931,0.07996602114008292,0.11432730730306043,0.7083318603010634,50,20,20
34,8488,0.0973748112557927,0.07996602114008079,0.11414075015009263,0.7085184174540337,50,20,20
34,8489,0.09737481125489099,0.07996602110531655,0.11428984442875216,0.7083693232110406,50,20,20
34,8490,0.09737481124970014,0.07996602110531226,0.11428896951968799,0.7083701981252998,50,20,20
34,8491,0.09737481124969267,0.0799770444633634,0.11427794616169219,0.7083701981252518,50,20,20
34,8492,0.09737481124971538,0.07997704446336347,0.11434050340680198,0.7083076408801194,50,20,20
34,8493,0.09737481124971534,0.07997704446336344,0.11433971155777503,0.7083084327291463,50,20,20
34,8494,0.09737481124971495,0.07997704446336344,0.11433851540089116,0.7083096288860306,50,20,20
34,8495,0.0973748112497377,0.07997704447031452,0.11439469703163688,0.708253447248311,50,20,20
34,8496,0.09737481124561181,0.07997704447043476,0.11035685035574368,0.7122912939282098,50,20,20
34,8497,0.09737481124561181,0.07997704447043476,0.11035683066791718,0.7122913136160364,50,20,20
34,8498,0.0973748112456101,0.07997278506637548,0.11036109007470801,0.7122913136133063,50,20,20
34,8499,0.09737481124683318,0.06105521430389518,0.12927708866722554,0.7122928857820457,50,20,20
34,8500,0.09737481124683316,0.06105521430389518,0.1292793980443166,0.7122905764049547,50,20,20
34,8501,0.09737481124683316,0.06105521430389522,0.12928089716748115,0.7122890772817903,50,20,20
34,8502,0.09737481124681048,0.06105521430389518,0.12921835425042472,0.7123516201988694,50,20,20
34,8503,0.09737481124681087,0.06105521430377289,0.12921507283005096,0.7123549016193651,50,20,20
34,8504,0.09737481124681086,0.06105521430389516,0.1292162115199253,0.7123537629293683,50,20,20
34,8505,0.09737481124681047,0.06105521430389513,0.1292150116500165,0.7123549627992775,50,20,20
34,8506,0.09737481127153544,0.06105114975088493,0.12921907617557296,0.7123549628020062,50,20,20
34,8507,0.09737481127153544,0.06105114975088493,0.12921907648066538,0.7123549624969138,50,20,20
34,8508,0.09714590702071907,0.06105114975077531,0.12944798073203745,0.7123549624964676,50,20,20
34,8509,0.09714590702074183,0.061051149750775344,0.12945134776136713,0.7123515954671151,50,20,20
34,8510,0.09714590709447,0.06105114975101917,0.12951755510613208,0.7122853880483783,50,20,20
34,8511,0.09575088785052376,0.0610511200479656,0.1196556004839598,0.7235423916175505,50,20,20
34,8512,0.09575088785052337,0.0610511200479656,0.11965553038725091,0.7235424617142598,50,20,20
34,8513,0.09575088785061442,0.06105112004784548,0.11965444927069208,0.7235435428308478,50,20,20
34,8514,0.09575088785061442,0.06105112004784551,0.1196545069139995,0.7235434851875401,50,20,20
34,8515,0.09568050446717262,0.06105112258567366,0.1197248756672684,0.7235434972798851,50,20,20
34,8516,0.1068953337445357,0.061051122762697724,0.10851004619719504,0.7235434972955714,50,20,20
34,8517,0.10687268116575975,0.06105110975128867,0.10853277380268231,0.7235434352802689,50,20,20
34,8518,0.10687268114104212,0.06045134006579839,0.1091325435156207,0.7235434352775385,50,20,20
34,8519,0.10687268106731397,0.060451340065554575,0.10906639440168417,0.723609584465447,50,20,20
34,8520,0.10687268106731393,0.06045134006555454,0.10906404418158695,0.7236119346855445,50,20,20
34,8521,0.10157528354216301,0.06045134172552355,0.11436094973115564,0.7236124250011577,50,20,20
34,8522,0.09862696118066923,0.06045133918907287,0.11730927623824756,0.7236124233920103,50,20,20
34,8523,0.09862696538265757,0.06045133919601863,0.11737557167720779,0.7235461237441158,50,20,20
34,8524,0.1093192241807884,0.06045165485729421,0.10668297126984198,0.7235461496920753,50,20,20
34,8525,0.10931922374304047,0.06045165490092866,0.10668314308897814,0.7235459782670524,50,20,20
34,8526,0.10931922374304047,0.06045165490092866,0.10668314309512797,0.7235459782609024,50,20,20
34,8527,0.10931922374304087,0.06045165490093295,0.10668549453073677,0.7235436268252888,50,20,20
34,8528,0.10959154083012454,0.06045165472480747,0.10641320155178129,0.7235436028932863,50,20,20
34,8529,0.10959154083012469,0.06044037452711147,0.10642448174947626,0.7235436028932872,50,20,20
34,8530,0.1095915408301231,0.060440374527111436,0.10642213087177539,0.7235459537709897,50,20,20
34,8531,0.10959154083012307,0.06044037452698918,0.10641975465061052,0.7235483299922769,50,20,20
34,8532,0.1095915408301231,0.060440374526989145,0.10642052460649325,0.7235475600363942,50,20,20
34,8533,0.10959154083145595,0.060440500744060016,0.10802139296543914,0.7219465654590451,50,20,20
34,8534,0.10959154083145595,0.060440500744060065,0.10802139394954242,0.7219465644749419,50,20,20
34,8535,0.10959491187574898,0.06044058012584253,0.11034540643167229,0.7196191015667351,50,20,20
34,8536,0.10959491187574898,0.060440580125842566,0.110345446679209,0.7196190613191983,50,20,20
34,8537,0.10959491187574902,0.06044058012584261,0.11034548786801655,0.7196190201303907,50,20,20
34,8538,0.1100842366907245,0.060440580082192386,0.10985677180290669,0.7196184114241754,50,20,20
34,8539,0.11008423669072451,0.060440580082192386,0.10985671527702788,0.7196184679500541,50,20,20
34,8540,0.11008423669081557,0.060440580089162754,0.10985848730566358,0.7196166959143572,50,20,20
34,8541,0.11008423669081555,0.060440580089162754,0.10985767680950018,0.7196175064105206,50,20,20
34,8542,0.11008423668359348,0.060440453911051586,0.10985780296187593,0.719617506443478,50,20,20
34,8543,0.11008423668359363,0.06044045391105184,0.12750874316093588,0.7019665662444169,50,20,20
34,8544,0.11008423668359364,0.060440453911053946,0.1275120048683722,0.7019633045369784,50,20,20
34,8545,0.11008423668350259,0.0604404539110518,0.12750965299768957,0.7019656564077542,50,20,20
34,8546,0.11008423668350259,0.06044045391105188,0.12751200324082979,0.701963306164614,50,20,20
34,8547,0.11008423668350259,0.06044045391105188,0.12751204279194803,0.7019632666134958,50,20,20
34,8548,0.11008423668350996,0.06013599614781768,0.1278165005551749,0.7019632666134958,50,20,20
34,8549,0.11008423668353272,0.06013599614781768,0.12781763975309998,0.7019621274155482,50,20,20
34,8550,0.1100842366834417,0.06013599614084728,0.12781351851792694,0.7019662486577826,50,20,20
34,8551,0.11008423668344208,0.06013599614775386,0.12800056864025172,0.7017791985285509,50,20,20
34,8552,0.1100842366834417,0.06013599614775386,0.1279972664023073,0.7017825007664956,50,20,20
34,8553,0.11008423668398368,0.060723368257014604,0.12740989429250227,0.7017825007664978,50,20,20
34,8554,0.11008423668911799,0.06072336865008678,0.12762476313371107,0.7015676315270827,50,20,20
34,8555,0.12934600023340231,0.06072336865014071,0.10836306725012473,0.7015675638663313,50,20,20
34,8556,0.12934600023285495,0.05154626250114246,0.11754017339971819,0.7015675638662827,50,20,20
34,8557,0.13150606499142514,0.05047489410784741,0.11645298840857154,0.7015660524921546,50,20,20
34,8558,0.1315060649914028,0.05047489410089636,0.11639356334544092,0.7016254775622586,50,20,20
34,8559,0.13150606499140283,0.05047489410089849,0.11652672893439049,0.701492311973307,50,20,20
34,8560,0.1315060649914254,0.050474894100776234,0.11671129230828527,0.7013077485995118,50,20,20
34,8561,0.13150606499143577,0.04275654107820024,0.12442964533082172,0.701307748599541,50,20,20
34,8562,0.1315060649914354,0.04275654107820024,0.12447573772069623,0.7012616562096669,50,20,20
34,8563,0.1315060649914354,0.042756541078200254,0.12447579464529196,0.7012615992850713,50,20,20
34,8564,0.1343102301874057,0.04275653924189597,0.12167212161375499,0.7012611089569425,50,20,20
34,8565,0.1343102301874057,0.04275653924189597,0.1216721351267466,0.7012610954439511,50,20,20
34,8566,0.13431023018739535,0.05046406131858573,0.11396461305004835,0.7012610954439699,50,20,20
34,8567,0.134310230188693,0.05046406131858785,0.11391932386745734,0.7013063846252611,50,20,20
34,8568,0.13431023018867183,0.050464061318467694,0.11391606962639993,0.7013096388664596,50,20,20
34,8569,0.13431023018867197,0.05046406131907125,0.13218517329033108,0.6830405352019249,50,20,20
34,8570,0.13431023018867194,0.05046406131907125,0.13223124870999517,0.6829944597822607,50,20,20
34,8571,0.134310230188672,0.05046406131907125,0.13223128924400568,0.68299441924825,50,20,20
34,8572,0.134310230188672,0.05046406131907125,0.13223128924400568,0.68299441924825,50,20,20
34,8573,0.13860842826563682,0.050464061319002725,0.12793225850470463,0.6829952519106547,50,20,20
34,8574,0.13860844914762124,0.05082797632691022,0.129298682876699,0.6812648916487686,50,20,20
34,8575,0.13860844914771234,0.05082797632691025,0.12929872967346648,0.68126484485191,50,20,20
34,8576,0.13860844914769,0.050827976326912355,0.12936012997341603,0.6812034445519807,50,20,20
34,8577,0.13860844915288056,0.05082797632703466,0.12931595669027657,0.6812476178298073,50,20,20
34,8578,0.13860844915288056,0.05082797632703466,0.1293159557087697,0.6812476188113142,50,20,20
34,8579,0.13860844915288015,0.050827976320128074,0.1291288660353267,0.6814347084916641,50,20,20
34,8580,0.13860844915297554,0.05008322478375945,0.12987361757159996,0.6814347084916641,50,20,20
34,8581,0.13863699518114606,0.05008314559082913,0.12986673631529388,0.6814131229127299,50,20,20
34,8582,0.13863699518123468,0.050083145590711434,0.12998831356866977,0.6812915456593832,50,20,20
34,8583,0.13863699518123465,0.05008314559070928,0.12998509221329724,0.681294767014758,50,20,20
34,8584,0.12993255179655977,0.05009592733004725,0.13867568378471642,0.681295837088676,50,20,20
34,8585,0.12948737154413084,0.05009592749687068,0.13912081932947926,0.6812958816295184,50,20,20
34,8586,0.12948737154413206,0.050095927496870724,0.1391208460630313,0.6812958548959651,50,20,20
34,8587,0.12948737154413203,0.050095927496870724,0.13912090158781473,0.6812957993711817,50,20,20
34,8588,0.12948737154413242,0.050095927496990864,0.1391209508627119,0.681295750096164,50,20,20
34,8589,0.12948737154413242,0.05009592749698871,0.13893443978736186,0.6814822611715162,50,20,20
34,8590,0.1294594232451055,0.050096301303943686,0.13896201374990866,0.6814822617010412,50,20,20
34,8591,0.12182385115485232,0.0500966835339198,0.14659826087779637,0.6814812044334303,50,20,20
34,8592,0.12182385115485235,0.05009668353391981,0.14659827992265886,0.6814811853885678,50,20,20
34,8593,0.12182385115485235,0.05009668353391981,0.14659826353605288,0.6814812017751738,50,20,20
34,8594,0.12182385115476127,0.05009668353391977,0.14659820350192684,0.6814812618093911,50,20,20
34,8595,0.1218238511547613,0.05009668353391977,0.14659816601052678,0.681481299300791,50,20,20
34,8596,0.12113505298594926,0.05009668336163224,0.14713498941011588,0.681633274242302,50,20,20
34,8597,0.12112828568644744,0.05009668336707263,0.147141756069385,0.6816332748770944,50,20,20
34,8598,0.12112828568644585,0.05009668336707263,0.14714406511816916,0.6816309658283117,50,20,20
34,8599,0.1211282856916353,0.050096683374042286,0.14715016533327288,0.6816248656010488,50,20,20
34,8600,0.12112828987726587,0.05009668338788616,0.14728938543643658,0.6814856412984107,50,20,20
34,8601,0.12112828987726587,0.05009668338788619,0.14729013894675932,0.681484887788088,50,20,20
34,8602,0.12112828987207638,0.05009668338091654,0.14728632907630507,0.6814886976707014,50,20,20
34,8603,0.11046693217161342,0.0500964915463378,0.15794760685136078,0.681488969430687,50,20,20
34,8604,0.11046693217161381,0.050096491546339904,0.15794689475849266,0.6814896815235527,50,20,20
34,8605,0.11046691128963827,0.0497397867415006,0.1583041438919329,0.6814891580769276,50,20,20
34,8606,0.11046691158464318,0.04973978674161837,0.1581775902286341,0.6816157114451038,50,20,20
34,8607,0.12400164559089538,0.04973978674154871,0.14464374968197938,0.6816148179855759,50,20,20
34,8608,0.12400164559089535,0.04973978674154868,0.14464370814253297,0.6816148595250223,50,20,20
34,8609,0.12396308984482518,0.04973966294907229,0.1446821632040163,0.6816150840020856,50,20,20
34,8610,0.11790191317637606,0.04974006721353697,0.15074286802109843,0.6816151515889881,50,20,20
34,8611,0.11790191317637604,0.049740067213539116,0.1507461300168593,0.681611889593225,50,20,20
34,8612,0.11790191317637763,0.04974006721354125,0.15079228039023498,0.6815657392198458,50,20,20
34,8613,0.1179019131763776,0.049740067213539116,0.1506591147609081,0.6816989048491746,50,20,20
34,8614,0.1179019131763776,0.04974006721353908,0.15065676484833543,0.6817012547617474,50,20,20
34,8615,0.11790191317637881,0.049740067213659235,0.15066001872961796,0.6816980008803435,50,20,20
34,8616,0.1179019131763792,0.04974006721365927,0.1507247226332729,0.681633296976688,50,20,20
34,8617,0.1179019131763792,0.04974006721365927,0.15072464174059005,0.681633377869371,50,20,20
34,8618,0.11790304802471566,0.049740120669407056,0.15070892638080194,0.6816479049250748,50,20,20
34,8619,0.1179030480195251,0.04974012066928472,0.15070696731234284,0.681649863998847,50,20,20
34,8620,0.11790304802390471,0.049740120669288304,0.15383182497146375,0.678525006335343,50,20,20
34,8621,0.11790304802391216,0.04972899321689967,0.1538429524238929,0.678525006335295,50,20,20
34,8622,0.1179030480284986,0.049728993216901524,0.15617019311360283,0.6761977656409967,50,20,20
34,8623,0.117903048028497,0.049728993216899386,0.15612639265024775,0.6762415661043555,50,20,20
34,8624,0.11790304802854797,0.03787758723097624,0.16797779863513612,0.67624156610534,50,20,20
34,8625,0.11790304837207438,0.03738079659637216,0.16847458877185095,0.6762415662597029,50,20,20
34,8626,0.11790304837209716,0.0373807965963722,0.16847337877471585,0.6762427762568152,50,20,20
34,8627,0.11790304837209678,0.03738079659624991,0.16847006750439808,0.6762460875272555,50,20,20
34,8628,0.11790304837209639,0.03738079659624988,0.16840536360578198,0.6763107914258719,50,20,20
34,8629,0.11790304837209638,0.03738079659624988,0.16840532335353423,0.6763108316781198,50,20,20
34,8630,0.11790304807700126,0.0373807965961279,0.1683453633137234,0.6763707920131478,50,20,20
34,8631,0.11790304812080578,0.03738079664319236,0.16832573205920487,0.6763904231767975,50,20,20
34,8632,0.11790304812089686,0.03738079664319236,0.1683265865833857,0.6763895686525254,50,20,20
34,8633,0.1179030481163104,0.03738079664319051,0.1659970361190278,0.6787191191214716,50,20,20
34,8634,0.1179030481163088,0.03738079664306825,0.16599374106484166,0.6787224141757817,50,20,20
34,8635,0.11790304811630879,0.03738079664306825,0.16599378342239235,0.6787223718182309,50,20,20
34,8636,0.11814511893991915,0.03738042260278114,0.16575014997110596,0.6787243084861939,50,20,20
34,8637,0.11814511893991911,0.0373804226027811,0.16575010868636966,0.6787243497709303,50,20,20
34,8638,0.11814511893992069,0.03738042260278323,0.16588321822837304,0.6785912402289234,50,20,20
34,8639,0.1181451189399211,0.03738042260278327,0.1659479794764573,0.6785264789808387,50,20,20
34,8640,0.11814511893991914,0.0465841041060677,0.15674429797317416,0.6785264789808387,50,20,20
34,8641,0.1181451192333694,0.04658410450018092,0.1567760688020925,0.6784947074643568,50,20,20
34,8642,0.11814511923334664,0.04658410450018092,0.1567749858398331,0.6784957904266391,50,20,20
34,8643,0.11814511923334667,0.04658410450018085,0.1567749866454997,0.6784957896209726,50,20,20
34,8644,0.11814511923334628,0.046584104500182945,0.15671352766344365,0.6785572486030269,50,20,20
34,8645,0.11814511923334667,0.046584104500185096,0.1567782942806933,0.6784924819857747,50,20,20
34,8646,0.11814511923334667,0.046584104500185096,0.15677829428487886,0.6784924819815893,50,20,20
34,8647,0.11778164439081343,0.046583489813351836,0.15714243523040752,0.6784924305654272,50,20,20
34,8648,0.11254784636924337,0.046583491288685434,0.16252819384479114,0.6783404684972807,50,20,20
34,8649,0.11254784636924337,0.046583491288685434,0.162530505061359,0.6783381572807127,50,20,20
34,8650,0.1183140480520699,0.04658308702438216,0.1567647752147771,0.6783380897087704,50,20,20
34,8651,0.11885280143249405,0.046583086857558055,0.15622606655650992,0.6783380451534375,50,20,20
34,8652,0.11885280143768417,0.046583086857682456,0.15622969340674359,0.6783344182978894,50,20,20
34,8653,0.11885280143768419,0.04658308685768242,0.1562297290966417,0.6783343826079912,50,20,20
34,8654,0.11885280143768419,0.046583086857680284,0.15622762639509966,0.6783364853095354,50,20,20
34,8655,0.11885280143768419,0.046583086857680284,0.15622762668289342,0.6783364850217417,50,20,20
34,8656,0.11885279725075591,0.04658308684383427,0.1560875856560439,0.6784765302493655,50,20,20
34,8657,0.11885163514147028,0.04658308680954416,0.15605562685958138,0.6785096511894037,50,20,20
34,8658,0.11885163514147068,0.0465830868095463,0.15605893022622547,0.6785063478227571,50,20,20
34,8659,0.11885163514156113,0.04658308681647148,0.1561926549456366,0.6783726230963302,50,20,20
34,8660,0.11885163514156113,0.04658308681647148,0.15619261436153475,0.678372663680432,50,20,20
34,8661,0.13057878468621317,0.04657030507642172,0.14447931663412794,0.6783715936032363,50,20,20
34,8662,0.13057878468612272,0.04657030506949653,0.14434559391259938,0.6785053163317804,50,20,20
34,8663,0.1305787846809884,0.04657030467642222,0.14413167591559892,0.6787192347269895,50,20,20
34,8664,0.1305787846809868,0.0465703046764201,0.14413161880773268,0.6787192918348595,50,20,20
34,8665,0.13057878468098644,0.04657030468146245,0.14959581404859118,0.6732550965889588,50,20,20
34,8666,0.13057878468098602,0.04657030468146035,0.14953434909779298,0.6733165615397598,50,20,20
34,8667,0.13057878468098602,0.04657030468145825,0.14953434823322068,0.673316562404334,50,20,20
34,8668,0.13057878438753417,0.046570304287342934,0.14936945216674688,0.6734814591583751,50,20,20
34,8669,0.12259707228212553,0.046570304289197555,0.1573511642758171,0.6734814591528587,50,20,20
34,8670,0.12259707230188795,0.03976475931011264,0.16415670196702264,0.6734814664209767,50,20,20
34,8671,0.12259707230188792,0.03976475931011264,0.1643432339029619,0.6732949344850371,50,20,20
34,8672,0.12259706809990037,0.03976475930328708,0.1642757672501454,0.6733624053466667,50,20,20
34,8673,0.12259706809989955,0.03976475930316474,0.16427788917541647,0.6733602834215188,50,20,20
34,8674,0.12259706809989952,0.0397647593031647,0.16427458784119037,0.673363584755745,50,20,20
34,8675,0.1225970680562861,0.03976475925610028,0.1666432466824935,0.6709949260051198,50,20,20
34,8676,0.12259706805628609,0.03976475925610032,0.16664321099268406,0.6709949616949291,50,20,20
34,8677,0.12259706805619502,0.03976475925610246,0.16664565871137355,0.6709925139763285,50,20,20
34,8678,0.12259706805617226,0.03976475925610246,0.166644462321813,0.6709937103659116,50,20,20
34,8679,0.12259706805617228,0.03976475925610463,0.16683101226699026,0.670807160420732,50,20,20
34,8680,0.12259706805608278,0.03976475925622394,0.1669640800207895,0.6706740926669029,50,20,20
34,8681,0.12259706805608438,0.03976475925622402,0.16696413739885496,0.6706740352888357,50,20,20
34,8682,0.12309401090921873,0.039765550414078685,0.1664664033674258,0.6706740353092766,50,20,20
34,8683,0.12309401090924146,0.039765550414200636,0.16653138002061144,0.6706090586559463,50,20,20
34,8684,0.12309401090924146,0.03976555041420067,0.16653464116939878,0.670605797507159,50,20,20
34,8685,0.12309401090924146,0.0397655504142028,0.16672119286008105,0.6704192458164746,50,20,20
34,8686,0.12309401090924149,0.039765550414204945,0.1667244951088174,0.6704159435677362,50,20,20
34,8687,0.1230940109092403,0.03976555041408345,0.16659469531119064,0.6705457433654856,50,20,20
34,8688,0.12309401090926307,0.039765550414083486,0.16659794194851765,0.6705424967281357,50,20,20
34,8689,0.12309401090926267,0.039765550414083486,0.1665945749344013,0.6705458637422526,50,20,20
34,8690,0.12309401090926265,0.039765550409039,0.1610656133518168,0.6760748253298812,50,20,20
34,8691,0.10368252931890781,0.03976556315544502,0.18047361926474426,0.6760782882609025,50,20,20
34,8692,0.10368252897537404,0.04026235387233681,0.17997682904575008,0.6760782881065388,50,20,20
34,8693,0.10368252897535131,0.04026235387221485,0.1799118520593314,0.6761432650931022,50,20,20
34,8694,0.10368252897535132,0.040262353872214815,0.17991185176581215,0.6761432653866215,50,20,20
34,8695,0.1036825289753513,0.040262353872212664,0.17990854851321103,0.6761465686392247,50,20,20
34,8696,0.10368252897535286,0.040262353872212664,0.1799074027859783,0.6761477143664559,50,20,20
34,8697,0.10368252897535273,0.04025205290351282,0.1799177037519011,0.6761477143692332,50,20,20
34,8698,0.10368252897535432,0.04025205290351496,0.17973125046917954,0.6763341676519511,50,20,20
34,8699,0.10368252897535435,0.04025205290351496,0.17973125080242844,0.6763341673187021,50,20,20
34,8700,0.10368252897535435,0.04025205290351284,0.17954583793175172,0.6765195801893811,50,20,20
34,8701,0.10368252897535435,0.04025205290351284,0.17954589416780675,0.676519523953326,50,20,20
34,8702,0.10368252897535593,0.040252052903635135,0.1795459443110047,0.6765194738100041,50,20,20
34,8703,0.10368252897535593,0.040252052903635135,0.1795459443110047,0.6765194738100041,50,20,20
34,8704,0.12037509330417855,0.04025205290145226,0.1628553172011571,0.6765175365932119,50,20,20
34,8705,0.12037509329979855,0.040252052901448634,0.1597304778689745,0.6796423759297774,50,20,20
34,8706,0.12037509332960726,0.039969872652578,0.16001266535706044,0.6796423686607541,50,20,20
34,8707,0.12037509332960726,0.039969872652578,0.16001037083246283,0.6796446631853515,50,20,20
34,8708,0.12037509333089685,0.03996987265950586,0.16013637305951614,0.6795186609500808,50,20,20
34,8709,0.12037509333089724,0.03996987265950594,0.16013647003276102,0.6795185639768355,50,20,20
34,8710,0.12085428795798198,0.03996981917336696,0.15967179894123032,0.6795040939274197,50,20,20
34,8711,0.12085428795798198,0.03996981917336696,0.1596717996349434,0.6795040932337066,50,20,20
34,8712,0.12085428795798159,0.03996981917336486,0.15967084728510628,0.6795050455835462,50,20,20
34,8713,0.12085428795798318,0.039969819173364896,0.15967088853907963,0.6795050043295713,50,20,20
34,8714,0.1208542879579832,0.039969819173367005,0.1596686362490686,0.6795072566195802,50,20,20
34,8715,0.12085433229098591,0.03996982021833814,0.1587798520140181,0.6803959954766564,50,20,20
34,8716,0.12085433229098431,0.039969820218215844,0.15877980189053106,0.6803960456002673,50,20,20
34,8717,0.12085433229108666,0.03884508915474022,0.1599045329566363,0.6803960455975353,50,20,20
34,8718,0.12085433229108666,0.038845089154738076,0.15990123000274395,0.6803993485514299,50,20,20
34,8719,0.12085433229117713,0.038845089154859534,0.1600343486945459,0.6802662298594163,50,20,20
34,8720,0.12085433228598699,0.0388450891547351,0.16003303122819798,0.6802675473310787,50,20,20
34,8721,0.12085433228598691,0.03884055346939991,0.16003756675526987,0.6802675474893423,50,20,20
34,8722,0.12085433228598687,0.03884055346939995,0.16003527294994235,0.6802698412946698,50,20,20
34,8723,0.12085433228589643,0.03884055346927845,0.1599021375719332,0.6804029766728905,50,20,20
34,8724,0.1208543322858964,0.038840553469278484,0.1599021382002338,0.68040297604459,50,20,20
34,8725,0.1208543322858968,0.03884055347618525,0.16008871217672713,0.6802164020611897,50,20,20
34,8726,0.1208543322859195,0.038840553476307244,0.16013503474143304,0.6801700794963393,50,20,20
34,8727,0.14008866007563867,0.03883976230354328,0.14090149813080483,0.6801700794900121,50,20,20
34,8728,0.14008866007434906,0.03883976229661546,0.14077549696800673,0.6802960806610276,50,20,20
34,8729,0.14008866007434748,0.03883976229661546,0.1407787570974998,0.6802928205315362,50,20,20
34,8730,0.1400886600743475,0.03883976229661546,0.14077875792907343,0.6802928196999625,50,20,20
34,8731,0.14008866007434753,0.038839762296737496,0.1408225545181527,0.6802490231107612,50,20,20
34,8732,0.1400886600756473,0.03883976229673754,0.14082260513819303,0.6802489724894211,50,20,20
34,8733,0.1400886600756477,0.03883976229685983,0.1408259004247035,0.680245677202788,50,20,20
34,8734,0.14008919541360995,0.03883255253965286,0.14083258436944657,0.6802456676772891,50,20,20
34,8735,0.14008919541370102,0.03883255253977513,0.14083496060541564,0.6802432914411066,50,20,20
34,8736,0.14008919541370063,0.03883255253286837,0.1406483856423665,0.680429866411063,50,20,20
34,8737,0.14008915107411374,0.03883255148789764,0.1415707919408547,0.6795075054971329,50,20,20
34,8738,0.14008915107411374,0.038832551487897604,0.14157073476162016,0.6795075626763675,50,20,20
34,8739,0.14008915109883513,0.03883681019350139,0.14156647618678123,0.6795075625208813,50,20,20
34,8740,0.14008915109883513,0.03883681019350135,0.1415697370276051,0.6795043016800574,50,20,20
34,8741,0.1400891510988367,0.03883681019350135,0.14156977769182266,0.6795042610158383,50,20,20
34,8742,0.14008915109883874,0.03883681019350353,0.141569876616227,0.6795041620914297,50,20,20
34,8743,0.1400891510742211,0.038000001133541385,0.14240668570358234,0.6795041620886542,50,20,20
34,8744,0.14008861717339044,0.03800000072081135,0.14240669883147666,0.6795046832743207,50,20,20
34,8745,0.14008861717336907,0.03800000072778096,0.1422258784786276,0.6796855036202214,50,20,20
34,8746,0.14008861717336907,0.038000000727780925,0.14222912403576055,0.6796822580630891,50,20,20
34,8747,0.14008861717336912,0.03800000072778089,0.1422291073495536,0.6796822747492961,50,20,20
34,8748,0.1400886171733679,0.038000000727778746,0.1422323760217226,0.6796790060771302,50,20,20
34,8749,0.1400886171720682,0.03800000072777867,0.14223228558475537,0.6796790965153972,50,20,20
34,8750,0.1400886171720682,0.03800000072777871,0.14223230429019856,0.6796790778099541,50,20,20
34,8751,0.14008861717209092,0.03800000072777871,0.1422323057678097,0.6796790763323202,50,20,20
34,8752,0.14008861717209137,0.03800000072777871,0.14222985092062707,0.6796815311795024,50,20,20
34,8753,0.14008861717209137,0.03800000072777871,0.14222984980778097,0.6796815322923484,50,20,20
34,8754,0.14008861717209137,0.03800000072777871,0.14222985044614297,0.6796815316539864,50,20,20
34,8755,0.14008861717209137,0.03800000072778086,0.14223309645809626,0.6796782856420311,50,20,20
34,8756,0.14008452385626852,0.03800000502797855,0.14223718516167982,0.6796782859540731,50,20,20
34,8757,0.14008452385626852,0.03800000502797851,0.14223720641025403,0.679678264705499,50,20,20
34,8758,0.14008452385627007,0.03800000502810001,0.14237038095597498,0.679545090159655,50,20,20
34,8759,0.1400845238562701,0.03800000502810001,0.1423671194268272,0.6795483516888028,50,20,20
34,8760,0.14008452385627002,0.038000005028102114,0.14242860317729078,0.679486867938337,50,20,20
34,8761,0.1543731591805229,0.03800000502013313,0.12814003545197938,0.679486800347365,50,20,20
34,8762,0.15437315918052288,0.038000005020130984,0.12814330413224564,0.6794835316671007,50,20,20
34,8763,0.1543731591804197,0.02594768457452366,0.140195624576972,0.6794835316680845,50,20,20
34,8764,0.15436909301527238,0.025947684574523552,0.14019969074212438,0.6794835316680793,50,20,20
34,8765,0.15638345176982013,0.025947806353957104,0.13818462995765196,0.6794841119185705,50,20,20
34,8766,0.15374169130595092,0.025947806474629197,0.14082590244330837,0.6794845997761112,50,20,20
34,8767,0.15374169130595056,0.025947806474506944,0.14082368979264692,0.6794868124268951,50,20,20
34,8768,0.15374169130595056,0.025947806474506944,0.1408225914930805,0.6794879107264616,50,20,20
34,8769,0.15330189391781868,0.02594779373253143,0.14126586455410334,0.6794844477955464,50,20,20
34,8770,0.15330189391781868,0.025947793732531393,0.14126260268987323,0.6794877096597766,50,20,20
34,8771,0.15330189391781868,0.025947793732531393,0.14126260268987326,0.6794877096597766,50,20,20
34,8772,0.15330189391781862,0.025947793732529232,0.14107609126723245,0.6796742210824195,50,20,20
34,8773,0.15330189391911625,0.025947793732651533,0.1410779908539875,0.6796723214942445,50,20,20
34,8774,0.15330189391918464,0.02594779373264947,0.14101560279100206,0.6797347095571636,50,20,20
34,8775,0.15330189391909518,0.025947793732531463,0.14101648820851806,0.6797338241398552,50,20,20
34,8776,0.15330684148665508,0.025947793732422984,0.14101154064080842,0.6797338241401133,50,20,20
34,8777,0.1533068414866779,0.025947793732425128,0.14100907025806447,0.6797362945228322,50,20,20
34,8778,0.15330684148665547,0.025947793732423022,0.14100931347323134,0.6797360513076899,50,20,20
34,8779,0.15330684148665388,0.025947793732423022,0.14100923258385056,0.6797361321970722,50,20,20
34,8780,0.15330684180287157,0.025947793733458666,0.14100878265040268,0.6797365818132665,50,20,20
34,8781,0.15330684180289594,0.025947793733580967,0.14101104999732728,0.6797343144661951,50,20,20
34,8782,0.15330684180289594,0.025947793733581005,0.14101106717093997,0.6797342972925823,50,20,20
34,8783,0.15330684180289594,0.0259477937266135,0.14100725878204637,0.6797381056884436,50,20,20
34,8784,0.15330684180289594,0.0259477937266135,0.14100721925530504,0.6797381452151847,50,20,20
34,8785,0.1533068418028065,0.0259477937266135,0.14100487836547448,0.6797404861051048,50,20,20
34,8786,0.15330684209860698,0.02594779373358526,0.1410098999979817,0.6797354641698254,50,20,20
34,8787,0.1533068420986066,0.025947793733585186,0.14100980302978608,0.6797355611380216,50,20,20
34,8788,0.15330684209860654,0.02594779373346312,0.14096365652289813,0.6797817076450319,50,20,20
34,8789,0.15360397196287684,0.0259477937334126,0.14066652665843937,0.6797817076452707,50,20,20
34,8790,0.15360397196287687,0.025947793733412636,0.14066326547134328,0.6797849688323667,50,20,20
34,8791,0.15360397196287687,0.02594779373341056,0.14079312874886138,0.6796551055548506,50,20,20
34,8792,0.15360397196287687,0.02594779373341269,0.1409785408263394,0.6794696934773705,50,20,20
34,8793,0.15360397196287687,0.025947793733412727,0.140978598464598,0.6794696358391117,50,20,20
34,8794,0.15360397196296793,0.02594779373341269,0.14084550368762636,0.6796027306159924,50,20,20
34,8795,0.15360397196296793,0.02594779373341269,0.1408455036926752,0.6796027306109436,50,20,20
34,8796,0.15360397196296793,0.025947793733412727,0.14084554422078477,0.6796026900828339,50,20,20
34,8797,0.15360397196812392,0.025947793733414822,0.14097829742899576,0.679469936869465,50,20,20
34,8798,0.15360397196812392,0.025947793733412654,0.14079174576868062,0.6796564885297822,50,20,20
34,8799,0.15360397196942008,0.025947793733414805,0.1407895502476565,0.6796586840495081,50,20,20
34,8800,0.15360397196942008,0.025947793733297555,0.14084292610300045,0.6796053081942813,50,20,20
34,8801,0.15360397196942008,0.025947793733297555,0.1408461872369661,0.6796020470603156,50,20,20
34,8802,0.1536039719746103,0.025947793733301847,0.14084620543218004,0.6796020288599071,50,20,20
34,8803,0.15360397197492504,0.026217464989819514,0.1405765341753928,0.6796020288598619,50,20,20
34,8804,0.1536039719697368,0.026217464989937506,0.14057750432521976,0.6796010587151052,50,20,20
34,8805,0.13641815050400824,0.026217736604032604,0.15776224670313413,0.679601866188824,50,20,20
34,8806,0.13641815050400827,0.026217736604032604,0.15776455610731768,0.6795995567846405,50,20,20
34,8807,0.13963195587517713,0.02621761482403151,0.15455145276837118,0.6795989765324194,50,20,20
34,8808,0.13963195587508603,0.02621761482403151,0.15455142254792598,0.6795990067529556,50,20,20
34,8809,0.1396319558750861,0.02621761482403362,0.15455254800636126,0.6795978812945183,50,20,20
34,8810,0.13842196609835467,0.026218124171174684,0.1557595985591723,0.6796003111712976,50,20,20
34,8811,0.13842196609835467,0.02621812417129699,0.15576075156548488,0.6795991581648627,50,20,20
34,8812,0.13847468023812046,0.026218129891783556,0.1557080049019446,0.679599184968151,50,20,20
34,8813,0.13847468023811885,0.026218129891779265,0.15570470272026127,0.6796024871498402,50,20,20
34,8814,0.1384746802381188,0.026218129898702317,0.15570482676492373,0.6796023630982547,50,20,20
34,8815,0.13847183876753053,0.026218129898760153,0.1557076682351783,0.6796023630985306,50,20,20
34,8816,0.13847183876750624,0.02621812989863809,0.15566363875540332,0.679646392578452,50,20,20
34,8817,0.13847183876750624,0.02621812989863813,0.15566039432519535,0.67964963700866,50,20,20
34,8818,0.13847183876759728,0.026218129898640315,0.15566045242500734,0.6796495789087548,50,20,20
34,8819,0.13850647469437857,0.026218144159196752,0.15562573422704737,0.6796496469193776,50,20,20
34,8820,0.13850647469437855,0.026218144159196752,0.15562569326891545,0.6796496878775096,50,20,20
34,8821,0.14146320498154094,0.026218139857649456,0.1526689780784077,0.6796496770824021,50,20,20
34,8822,0.1414632049802437,0.02621813985752712,0.15267038751691808,0.6796482676453113,50,20,20
34,8823,0.1414632049802437,0.026218139857649033,0.15273279763641295,0.6795858575256948,50,20,20
34,8824,0.14146320498024212,0.02621813985764896,0.152732797202317,0.6795858579597922,50,20,20
34,8825,0.1414632049802421,0.026218139857527044,0.15266803734336917,0.6796506178188619,50,20,20
34,8826,0.1414632049802421,0.026218139857527044,0.15266803788070582,0.6796506172815253,50,20,20
34,8827,0.14146320498543136,0.02621813985752712,0.15266883964013536,0.6796498155169063,50,20,20
34,8828,0.14189074037141408,0.026218126063056766,0.15224125821624124,0.6796498753492881,50,20,20
34,8829,0.14189074037141408,0.026218126063056766,0.15224120028572796,0.6796499332798014,50,20,20
34,8830,0.14189074037141408,0.026218126063056804,0.15224121926751638,0.6796499142980129,50,20,20
34,8831,0.14189074037141408,0.026218126063179102,0.15224363672267674,0.6796474968427303,50,20,20
34,8832,0.1418907403714141,0.026218126063181205,0.1522897259608356,0.6796014076045693,50,20,20
34,8833,0.1418907403714282,0.026864693193766265,0.15164315882748816,0.6796014076073176,50,20,20
34,8834,0.14189074037142818,0.026864693193764125,0.15159701294381395,0.6796475534909939,50,20,20
34,8835,0.14189074037143018,0.026864693193766265,0.15164081576660152,0.6796037506682022,50,20,20
34,8836,0.1247355006504936,0.026864694290820612,0.1687903574352246,0.6796094476234609,50,20,20
34,8837,0.12189451428204594,0.02686469356704264,0.17163704145487482,0.6796037506960362,50,20,20
34,8838,0.12143308743527491,0.026864693096471902,0.17209471355225278,0.6796075059160003,50,20,20
34,8839,0.12143308743011856,0.026864693089548863,0.17196108738662907,0.6797411320937035,50,20,20
34,8840,0.10455734741205802,0.02711798967900844,0.18856235032423793,0.6797623125846952,50,20,20
34,8841,0.10455734741076031,0.02711798967900415,0.18856223471583455,0.6797624281944007,50,20,20
34,8842,0.10455734741076027,0.02711798967900419,0.18856225141341312,0.6797624114968221,50,20,20
34,8843,0.10455658962138902,0.02711798967908282,0.1885668922442926,0.6797585284552353,50,20,20
34,8844,0.10455658962106168,0.026482897080480936,0.18920198484331024,0.679758528455147,50,20,20
34,8845,0.10455658962103892,0.0264828970804809,0.18919868197006168,0.6797618313284184,50,20,20
34,8846,0.10455660642893465,0.02648289708743051,0.1892662300426602,0.6796942664409745,50,20,20
34,8847,0.10455660642374377,0.026482897087430436,0.18926543168277757,0.679695064806048,50,20,20
34,8848,0.11272595172920638,0.026482891413598355,0.18109611822170837,0.6796950386354871,50,20,20
34,8849,0.11272595172920638,0.026482891413598355,0.1810961591673205,0.6796949976898751,50,20,20
34,8850,0.11280680268274967,0.026482619923197687,0.18101684113635985,0.6796937362576929,50,20,20
34,8851,0.11280680268275127,0.026482619923197653,0.1810168148341411,0.6796937625599101,50,20,20
34,8852,0.11280680268275126,0.026482619923075393,0.18101445455316653,0.6796961228410069,50,20,20
34,8853,0.11280680268266022,0.026482619923073214,0.1810143964533545,0.6796961809409122,50,20,20
34,8854,0.11280680268266022,0.02648261992307325,0.1810143797745706,0.6796961976196961,50,20,20
34,8855,0.11280680268266022,0.02648261992307329,0.18101663323130598,0.6796939441629606,50,20,20
34,8856,0.10932826401845384,0.02648261991266125,0.184495162531174,0.6796939535377094,50,20,20
34,8857,0.1093282640184539,0.02648261991276935,0.18682455303418283,0.6773645630345929,50,20,20
34,8858,0.1093273971609291,0.026482620811171285,0.18682530380050014,0.6773646782273985,50,20,20
34,8859,0.10932739716092842,0.03939425701325717,0.17391366759939986,0.6773646782264131,50,20,20
34,8860,0.10932739716090445,0.039394257013134905,0.17391254013341284,0.6773658056925465,50,20,20
34,8861,0.10932739716090445,0.03939425701325718,0.17391336740385405,0.6773649784219831,50,20,20
34,8862,0.11179208927820222,0.03939425973244136,0.17144868562331472,0.6773649653660405,50,20,20
34,8863,0.11179208927820261,0.039394259732319095,0.17144787575810838,0.6773657752313688,50,20,20
34,8864,0.12487202963147245,0.039394259791174245,0.15836792729003027,0.6773657832873229,50,20,20
34,8865,0.12487203074191205,0.03939417445110172,0.15836801151745566,0.6773657832895295,50,20,20
34,8866,0.12487203074191208,0.039394174451222896,0.1585545717645836,0.6771792230422803,50,20,20
34,8867,0.12487203074191208,0.039394174451222896,0.15855688114811645,0.6771769136587475,50,20,20
34,8868,0.12487203138372088,0.039401948542374034,0.15854910641731942,0.6771769136565845,50,20,20
34,8869,0.12487203138372091,0.03938613854344666,0.15856491641624593,0.6771769136565854,50,20,20
34,8870,0.12487203138372087,0.039386138543338556,0.1564220450253667,0.6793197850475727,50,20,20
34,8871,0.12487203138372047,0.03938613854333852,0.156421019421766,0.6793208106511738,50,20,20
34,8872,0.1248720313871102,0.039386138801699395,0.16341817572895972,0.6723236540822295,50,20,20
34,8873,0.12583780301465633,0.03938562945455788,0.1624553433252694,0.6723212242055153,50,20,20
34,8874,0.12414783324384292,0.039385625254534096,0.1641453179899411,0.6723212235116809,50,20,20
34,8875,0.12414786839267482,0.03938562525456781,0.16414445660063953,0.6723220497521166,50,20,20
34,8876,0.12414786839267478,0.03938562525444664,0.1639578960778785,0.6725086102749988,50,20,20
34,8877,0.12414786839907645,0.03938562528883703,0.18222707042273867,0.6542394358893463,50,20,20
34,8878,0.12414786839907642,0.03940143391562276,0.18221126179595298,0.6542394358893463,50,20,20
34,8879,0.12414786839907642,0.03940143391562276,0.18221126108501998,0.6542394366002795,50,20,20
34,8880,0.12414783382932687,0.03940143391558933,0.18216394679525766,0.6542867854598248,50,20,20
34,8881,0.12414783382934948,0.03940143391571293,0.18229706527180276,0.6541536669831334,50,20,20
34,8882,0.12414783382934948,0.03940143391571293,0.18230036748628783,0.6541503647686483,50,20,20
34,8883,0.12414783382935105,0.03940143391571293,0.18230153639967425,0.6541491958552603,50,20,20
34,8884,0.12414883888793465,0.039401432659096576,0.18230064782101366,0.6541490806319536,50,20,20
34,8885,0.12414883888804304,0.03937466377763473,0.18232741654410461,0.6541490807902163,50,20,20
34,8886,0.1241501699668375,0.039374663783232317,0.182292478037326,0.6541826882126035,50,20,20
34,8887,0.12415016996686026,0.03937466378323446,0.1822956856495045,0.6541794806004003,50,20,20
34,8888,0.1241501699714623,0.03937466378323446,0.184562916717813,0.651912249527491,50,20,20
34,8889,0.12415016816951613,0.039376761744771345,0.18456082055826784,0.6519122495274451,50,20,20
34,8890,0.12414901472897405,0.03937700220917283,0.18459471654300585,0.6518792665188478,50,20,20
34,8891,0.12414901472897405,0.03937700220917283,0.18459473553624556,0.6518792475256083,50,20,20
34,8892,0.12441405872937975,0.039377002229121,0.18092209858037783,0.655286840461121,50,20,20
34,8893,0.12441405872927133,0.03939276554611713,0.18090633542175266,0.6552868403028584,50,20,20
34,8894,0.12441405872926938,0.03939276554599488,0.1809028565134596,0.6552903192112757,50,20,20
34,8895,0.12441405872926938,0.039392765545994884,0.18090285537324116,0.6552903203514938,50,20,20
34,8896,0.12441405872929213,0.039392765545994884,0.18090620340008867,0.6552869723246236,50,20,20
34,8897,0.12441405872929252,0.039392765545999145,0.18103936966038017,0.6551538060643276,50,20,20
34,8898,0.12441405872929213,0.039392765545999145,0.18103600364506942,0.6551571720796387,50,20,20
34,8899,0.12153877078411078,0.03913964673323315,0.18418474331913376,0.6551368391635225,50,20,20
34,8900,0.12153877078452625,0.038286602310765215,0.18503778758955833,0.6551368393151504,50,20,20
34,8901,0.12153877078452466,0.038286602310763106,0.18503549320017654,0.6551391337045359,50,20,20
34,8902,0.12153879338009092,0.03828660231143476,0.18508308188995112,0.6550915224185236,50,20,20
34,8903,0.1215387933800909,0.038286602311432584,0.18508078704565886,0.6550938172628181,50,20,20
34,8904,0.12153879338018156,0.03828660231143477,0.18507981962000822,0.6550947846883759,50,20,20
34,8905,0.12153879338022694,0.038286602311436865,0.18514452808615592,0.6550300762221808,50,20,20
34,8906,0.12153879338022539,0.03828660231143687,0.18514565193286195,0.6550289523754764,50,20,20
34,8907,0.12130127328492507,0.03828660229018837,0.18537612802704512,0.6550359963978423,50,20,20
34,8908,0.12130127328490234,0.03828660229018837,0.1853728019537033,0.6550393224712069,50,20,20
34,8909,0.12130127328490231,0.03828660229018837,0.18537280123958338,0.6550393231853268,50,20,20
34,8910,0.12130127328490234,0.038286602290188404,0.18537285789146746,0.6550392665334427,50,20,20
34,8911,0.12130127328499343,0.03828660229019059,0.1853737295952139,0.6550383948296029,50,20,20
34,8912,0.12130127386114042,0.0382864245687793,0.18532675018910574,0.6550855513809755,50,20,20
34,8913,0.12103519082090493,0.03828642453455313,0.1866318736453828,0.6540465109991602,50,20,20
34,8914,0.1210351908208781,0.03827664144081056,0.18664165673922942,0.6540465109990827,50,20,20
34,8915,0.12103519082087967,0.03827664144081267,0.18663940444300064,0.6540487632953075,50,20,20
34,8916,0.12103519082087928,0.03827664144081268,0.1866361994058342,0.6540519683324745,50,20,20
34,8917,0.12103519082087968,0.03827664144081268,0.18663944568305277,0.6540487220552553,50,20,20
34,8918,0.1210351908208793,0.038276641440812637,0.18664269024437274,0.6540454774939358,50,20,20
34,8919,0.12103519050405172,0.038276641439764926,0.16671036964718638,0.6739777984089974,50,20,20
34,8920,0.12103519050405132,0.038276641439764926,0.16671036852192864,0.6739777995342555,50,20,20
34,8921,0.12103519020825076,0.03827664143288318,0.17223316620036372,0.6684550021585026,50,20,20
34,8922,0.1062166462976887,0.03827664143677305,0.18705164189592366,0.6684550703696154,50,20,20
34,8923,0.10621664629727508,0.03828165571509669,0.18704662776964176,0.6684550702179873,50,20,20
34,8924,0.10621664629727351,0.038281655715092434,0.18686011618404666,0.6686415818035882,50,20,20
34,8925,0.10621664629716962,0.039129964758363465,0.1860118071435393,0.6686415818009283,50,20,20
34,8926,0.10621664629712425,0.039129964758361405,0.18594709939098503,0.66870628955353,50,20,20
34,8927,0.10621664629712466,0.03912996475836354,0.18595040243843258,0.66870298650608,50,20,20
34,8928,0.10621664629703517,0.039129964758363514,0.1859518822756002,0.6687015066690017,50,20,20
34,8929,0.10621664629703513,0.03912996475836348,0.1859511276633426,0.6687022612812595,50,20,20
34,8930,0.10621664572034134,0.0391301208772215,0.1835797872805538,0.6710734461218842,50,20,20
34,8931,0.10621664572034137,0.039130120877223604,0.18357982797177289,0.671073405430663,50,20,20
34,8932,0.12313586150733279,0.03912988256457185,0.16666198688559355,0.671072269042502,50,20,20
34,8933,0.12313586150733119,0.03912988256456971,0.16665963544061133,0.671074620487488,50,20,20
34,8934,0.12313586150733158,0.039129882564569785,0.1666563744806867,0.6710778814474122,50,20,20
34,8935,0.12313586150731042,0.03912988256456764,0.16665306680754646,0.6710811891205759,50,20,20
34,8936,0.1231358615073088,0.039129882564567675,0.16665635396512196,0.671077901963002,50,20,20
34,8937,0.12313584469941347,0.039129882557497914,0.16658879344123267,0.6711454793018564,50,20,20
34,8938,0.12313584469941309,0.03912988255749576,0.16658765382950114,0.6711466189135904,50,20,20
34,8939,0.12313584469941309,0.03912988255749576,0.1664044614863902,0.6713298112567011,50,20,20
34,8940,0.12313584469941319,0.03912988255740575,0.16087778465459945,0.6768564880885806,50,20,20
34,8941,0.12313584469941903,0.03977089906253134,0.16023676814671886,0.6768564880913297,50,20,20
34,8942,0.12313584469941904,0.03977089906253134,0.1602335465273055,0.6768597097107432,50,20,20
34,8943,0.12313583670778011,0.039770899061971184,0.1425411457894952,0.694552118440752,50,20,20
34,8944,0.12313583670320083,0.0397708990619733,0.14027488636840998,0.6968183778664145,50,20,20
34,8945,0.12313583670320083,0.0397708990619733,0.1402748855736977,0.6968183786611268,50,20,20
34,8946,0.12313583670317806,0.03977089906197115,0.14027156329773383,0.6968217009371156,50,20,20
34,8947,0.12313583670317806,0.03977089906197117,0.1404046313104295,0.6966886329244198,50,20,20
34,8948,0.12313583670317806,0.03977089906197117,0.14040463131042952,0.6966886329244198,50,20,20
34,8949,0.12313583670317688,0.0397708990620911,0.14045068100364758,0.696642583231083,50,20,20
34,8950,0.12313583670317485,0.03977089906208896,0.14040452644352455,0.6966887377912103,50,20,20
34,8951,0.12313583670317485,0.03977089906208896,0.14040452573052767,0.6966887385042072,50,20,20
34,8952,0.12313583670317486,0.03977089906208896,0.1404045257366083,0.6966887384981265,50,20,20
34,8953,0.12313583670317482,0.03977089906208896,0.14040444456196735,0.6966888196727674,50,20,20
34,8954,0.1259147520906313,0.03977089910924216,0.13762548128558705,0.6966888675145383,50,20,20
34,8955,0.12304746927870132,0.039771100691988394,0.14049208160661653,0.6966893484226927,50,20,20
34,8956,0.1230474692832858,0.03977110069209641,0.1428292141260442,0.6943522158985725,50,20,20
34,8957,0.12304746984202966,0.03977094751308873,0.14520215953076188,0.6919794231141185,50,20,20
34,8958,0.12304746984202194,0.039973429658576684,0.14499967738803074,0.6919794231113694,50,20,20
34,8959,0.12304746984202194,0.039973429658576726,0.14499636789998155,0.6919827325994186,50,20,20
34,8960,0.12653346513789368,0.039973429620424335,0.14151038265899019,0.6919827225826907,50,20,20
34,8961,0.14652542805527777,0.039973429391865926,0.12152549852639993,0.6919756440264554,50,20,20
34,8962,0.14652542812791505,0.03997388530785887,0.12152504253776758,0.691975644026458,50,20,20
34,8963,0.14652542812791503,0.03997388530785891,0.12152830366898618,0.6919723828952393,50,20,20
34,8964,0.1315057070141075,0.03997452254953821,0.13654729090357504,0.6919724795327789,50,20,20
34,8965,0.1315057070141075,0.03997452254953606,0.13654719257409734,0.6919725778622586,50,20,20
34,8966,0.1315056918309293,0.03997452254942826,0.13424258515551193,0.6942772004641301,50,20,20
34,8967,0.1315056918309293,0.03997452254942829,0.13424163371006542,0.6942781519095766,50,20,20
34,8968,0.1315056918309293,0.03997452254942615,0.13424169725865406,0.69427808836099,50,20,20
34,8969,0.13150569183092892,0.03997452254942611,0.13423941563911293,0.6942803699805316,50,20,20
34,8970,0.1315056918309285,0.03997452254942611,0.13423608886982785,0.694283696749817,50,20,20
34,8971,0.13150569183430658,0.03997452255404255,0.14122116427156794,0.6872986213400822,50,20,20
34,8972,0.13150569183430652,0.0399745225540447,0.14122126165745016,0.6872985239541979,50,20,20
34,8973,0.13161852065080304,0.03997452284397736,0.14110843382665159,0.6872985226785672,50,20,20
34,8974,0.13161852065080348,0.03997452284409882,0.14124173689441755,0.6871652196106792,50,20,20
34,8975,0.1316185206487113,0.039974522585860275,0.1342478930168013,0.6941590637486266,50,20,20
34,8976,0.13161852067267432,0.03935458288635871,0.1348678326922934,0.6941590637486729,50,20,20
34,8977,0.1316185206726743,0.039354582886356536,0.1347347065949513,0.6942921898460171,50,20,20
34,8978,0.13146895093405747,0.03935458288629996,0.13488427633399896,0.6942921898456426,50,20,20
34,8979,0.13146895093405753,0.03935458288629996,0.13488427694116858,0.6942921892384729,50,20,20
34,8980,0.13146895093285102,0.039354582886299935,0.13488319126505377,0.6942932749157942,50,20,20
34,8981,0.13146895093285102,0.03935458288629997,0.13488649294988536,0.6942899732309625,50,20,20
34,8982,0.13121995858025995,0.039354582889448035,0.13513548529932376,0.6942899732309671,50,20,20
34,8983,0.13121995858025998,0.039354582889448035,0.13513552626250458,0.6942899322677863,50,20,20
34,8984,0.13121995858035082,0.03935458288944807,0.13518176472418483,0.6942436938060151,50,20,20
34,8985,0.13121995858035088,0.039354582889448105,0.13518176572585683,0.6942436928043431,50,20,20
34,8986,0.1313670954087854,0.03935458255866854,0.13503467494296395,0.694243647089581,50,20,20
34,8987,0.13136709540869435,0.03935458255854624,0.13503240795995988,0.6942459140727985,50,20,20
34,8988,0.13136709540954664,0.03935458256246407,0.1367626186053544,0.6925157034226335,50,20,20
34,8989,0.13136709540954705,0.03935458295657939,0.13692755577738538,0.6923507658564867,50,20,20
34,8990,0.13136709540954722,0.038746142423578,0.1375359963103867,0.6923507658564867,50,20,20
34,8991,0.13136709538558494,0.019518020507211308,0.15676411824968448,0.6923507658575186,50,20,20
34,8992,0.1313670953855849,0.019518020507087716,0.15681794221051726,0.6922969418968096,50,20,20
34,8993,0.1313670953855845,0.01951802050708764,0.15681790066918552,0.6922969834381419,50,20,20
34,8994,0.11828791213051622,0.01951802094912437,0.16989702230444692,0.6922970446159132,50,20,20
34,8995,0.11843466288808342,0.019518020992751833,0.16975025879922814,0.6922970573199373,50,20,20
34,8996,0.11843466288349896,0.019518020992643815,0.1674131262798005,0.6946341898440574,50,20,20
34,8997,0.1184346628834764,0.019518020992643777,0.16722612643616222,0.6948211896877183,50,20,20
34,8998,0.11843466255742173,0.019518018001998153,0.16726865045711747,0.6947786689834631,50,20,20
34,8999,0.1164621213974756,0.019518019282349284,0.16924086882827374,0.6947789904919017,50,20,20
34,9000,0.1164621213988548,0.01951801967699869,0.1693778968869497,0.6946419620371969,50,20,20
34,9001,0.11646212139883366,0.019518019676994406,0.16937557769570113,0.6946442812284708,50,20,20
34,9002,0.11646212139883366,0.01951801967699655,0.1693763894117793,0.6946434695123905,50,20,20
34,9003,0.11646212139892471,0.019518019676998694,0.1693771881247078,0.6946426707993689,50,20,20
34,9004,0.11646212139892433,0.01951801967687724,0.16924389863281444,0.6947759602913841,50,20,20
34,9005,0.11646212139892392,0.019518019676873014,0.16911078977366986,0.6949090691505332,50,20,20
34,9006,0.1164621213989239,0.01951801967687305,0.16911080657719257,0.6949090523470106,50,20,20
34,9007,0.11646212139892392,0.01951801967687309,0.169110847122961,0.694909011801242,50,20,20
34,9008,0.11646212139892392,0.019518019676873125,0.16911410897968607,0.6949057499445169,50,20,20
34,9009,0.11646212139892549,0.019518019676875272,0.16911646005810643,0.6949033988660928,50,20,20
34,9010,0.11646212139892592,0.01951801967687531,0.1691812217503454,0.6948386371738535,50,20,20
34,9011,0.11646212139892595,0.019518019676875272,0.1693147808341756,0.6947050780900231,50,20,20
34,9012,0.11646213470715958,0.019518021119013244,0.17040964799223718,0.69361019618159,50,20,20
34,9013,0.11646325668645437,0.019725381725374216,0.17020116540221533,0.6936101961859563,50,20,20
34,9014,0.11646325668645434,0.019725381725374257,0.1702034750677765,0.6936078865203951,50,20,20
34,9015,0.11646327492308756,0.01972474800946752,0.17020409054705316,0.6936078865203925,50,20,20
34,9016,0.11349042674847498,0.01972474801014617,0.17317693853973926,0.6936078867016404,50,20,20
34,9017,0.11349042677245764,0.019724604035107486,0.17317708248810196,0.6936078867043338,50,20,20
34,9018,0.11349042677245764,0.019724604035107486,0.17317708318383396,0.6936078860086018,50,20,20
34,9019,0.11057441260552862,0.01972460402614141,0.17609309962772415,0.6936078837406068,50,20,20
34,9020,0.09397085824937194,0.019724402696111063,0.19269726877409915,0.6936074702804175,50,20,20
34,9021,0.09403731802331187,0.019724402696097185,0.19263080900030238,0.6936074702802882,50,20,20
34,9022,0.09241480532954782,0.01972422167735923,0.194251424050263,0.6936095489428312,50,20,20
34,9023,0.09241480286291258,0.019724222057056068,0.19425142613720148,0.6936095489428312,50,20,20
34,9024,0.09241480286288951,0.01972422205705599,0.19418425901258476,0.693676716067471,50,20,20
34,9025,0.09241480286288953,0.0197242220570581,0.19418521134281275,0.6936757637372409,50,20,20
34,9026,0.09241480286288953,0.0197242220570581,0.19418190995993442,0.6936790651201191,50,20,20
34,9027,0.09241480286288914,0.019724222056936035,0.19413581886670642,0.6937251562134693,50,20,20
34,9028,0.09038485442462693,0.019724222059774407,0.1961303447508967,0.6937605787647029,50,20,20
34,9029,0.09038485442462697,0.019724222059774442,0.19613269468332947,0.6937582288322698,50,20,20
34,9030,0.09038485442462699,0.01972422205977448,0.19613271163230667,0.6937582118832926,50,20,20
34,9031,0.09038485442463019,0.01972422205977448,0.19613588096284265,0.6937550425527533,50,20,20
34,9032,0.09038485442463019,0.019724222059774518,0.19613669168567996,0.6937542318299158,50,20,20
34,9033,0.09038485442463019,0.019724222059774484,0.19613341028893147,0.6937575132266643,50,20,20
34,9034,0.09038485442463061,0.01972422205977452,0.19613557471585652,0.6937553487997389,50,20,20
34,9035,0.09038485442463064,0.019724222059774556,0.19613563118405927,0.693755292331536,50,20,20
34,9036,0.07118977407762635,0.01972489401941775,0.21532683685646475,0.6937584950464921,50,20,20
34,9037,0.0711897740776268,0.019724894019417783,0.21537143080036003,0.6937139011025963,50,20,20
34,9038,0.0711897740776268,0.01972489401941782,0.2153714318068762,0.6937139000960802,50,20,20
34,9039,0.07118977407424876,0.019724894014801386,0.20838958263452365,0.7006957492764271,50,20,20
34,9040,0.06802158756834906,0.019724894046027522,0.21159319149805256,0.7006603268875715,50,20,20
34,9041,0.06802158756835104,0.019724894046149816,0.21159654302247094,0.7006569753630285,50,20,20
34,9042,0.06802158756122596,0.019724894046623098,0.21156289415327437,0.7006906242388773,50,20,20
34,9043,0.06802158756122396,0.019724894046500803,0.21155954162499097,0.7006939767672852,50,20,20
34,9044,0.06802158756122399,0.019724894046500765,0.2115595549045934,0.7006939634876825,50,20,20
34,9045,0.0680224135521231,0.019724913469696945,0.194409029266906,0.7178436437112741,50,20,20
34,9046,0.06802241355203363,0.019724913469694762,0.19440671129492998,0.7178459616833419,50,20,20
34,9047,0.0680223982564411,0.01972491509266244,0.19567956241628054,0.7165731242346165,50,20,20
34,9048,0.06802239825644107,0.019724915092662478,0.19581268734201976,0.7164399993088773,50,20,20
34,9049,0.06808359281311892,0.01938146451793464,0.19609494321421908,0.7164399994547281,50,20,20
34,9050,0.06808359281311893,0.019381464517934602,0.1960926338168182,0.7164423088521289,50,20,20
34,9051,0.06808359281312008,0.01938146413072586,0.19611478701700072,0.7164201560391541,50,20,20
34,9052,0.06881359677952674,0.019381464511226142,0.19538464879213158,0.7164202899171159,50,20,20
34,9053,0.0688135967795495,0.019381464511228325,0.19538548061508923,0.7164194580941334,50,20,20
34,9054,0.0688135967795495,0.019381464511228286,0.19538466988720285,0.7164202688220199,50,20,20
34,9055,0.06893235822012503,0.01938146426134014,0.1952659757493176,0.7164202017692182,50,20,20
34,9056,0.06893153222909867,0.019381444799362463,0.19245155682448176,0.7192354661470581,50,20,20
34,9057,0.06893153223428841,0.01938144479936039,0.1924533541678302,0.7192336687985221,50,20,20
34,9058,0.06893153223428683,0.019381444792453847,0.19226861442435866,0.7194184085489017,50,20,20
34,9059,0.06893153223437654,0.019381444799353734,0.19247268555243927,0.7192143374138316,50,20,20
34,9060,0.06893153223437533,0.0193814447993537,0.1925164868828421,0.71917053608343,50,20,20
34,9061,0.0689315322103925,0.02000103624400106,0.19189689546487163,0.7191705360807359,50,20,20
34,9062,0.06893159735410469,0.02028524474942615,0.19161344769662064,0.7191697101998494,50,20,20
34,9063,0.06893159735410469,0.020285244749426154,0.1916157980650302,0.7191673598314396,50,20,20
34,9064,0.06893159735410469,0.02028524474942401,0.19161498764060067,0.7191681702558715,50,20,20
34,9065,0.06893159735410578,0.02028524474942556,0.19701034842105666,0.7137728094754127,50,20,20
34,9066,0.06893159735272653,0.020285244354776192,0.19687224185063823,0.7139109164418598,50,20,20
34,9067,0.06893159735272651,0.020285244354776157,0.1968721839071055,0.7139109743853926,50,20,20
34,9068,0.06893159735272653,0.020285244354897328,0.1970587046153211,0.7137244536770558,50,20,20
34,9069,0.06893159735272614,0.02028524435489733,0.1969939839076063,0.7137891743847709,50,20,20
34,9070,0.06893159735272293,0.02028524435489733,0.19699081556361608,0.7137923427287644,50,20,20
34,9071,0.06893159735272414,0.02028524435501936,0.19699237483625154,0.7137907834560054,50,20,20
34,9072,0.06901684765068725,0.020001176188959784,0.1971911998072585,0.7137907763530948,50,20,20
34,9073,0.06901684765068564,0.02000117618896193,0.1971919563826544,0.7137900197776985,50,20,20
34,9074,0.06901684765068587,0.020001176188840782,0.2039904977281391,0.7069914784323343,50,20,20
34,9075,0.06901684765068587,0.020001176188840782,0.20399049714245313,0.7069914790180204,50,20,20
34,9076,0.06901684765068747,0.020001176188840744,0.20398800658691651,0.7069939695735553,50,20,20
34,9077,0.06901684765068544,0.020001176188838565,0.20398790736966926,0.7069940687908068,50,20,20
34,9078,0.06901684765197916,0.020001176188838597,0.2040499179429461,0.7069320582162362,50,20,20
34,9079,0.06893169036885088,0.020001202735304258,0.20413503468257704,0.7069320722132679,50,20,20
34,9080,0.06893169036755756,0.020001202735302082,0.20407232767336214,0.7069947792237781,50,20,20
34,9081,0.06886996902283654,0.020001112064920373,0.20413413983939555,0.7069947790728479,50,20,20
34,9082,0.06813961899738916,0.020001111679939187,0.204864692341714,0.7069945769809578,50,20,20
34,9083,0.06787111526258299,0.020000653265915803,0.20513584003560015,0.7069923914359003,50,20,20
34,9084,0.06787111526258141,0.020000653265795917,0.2050929701359622,0.7070352613356599,50,20,20
34,9085,0.0678711152625814,0.02000065326579588,0.20504951456510984,0.7070787169065125,50,20,20
34,9086,0.0678711152625814,0.020000653265793734,0.2050462529033374,0.7070819785682869,50,20,20
34,9087,0.0678711152625814,0.02000065327276339,0.20505233176331575,0.707075899701339,50,20,20
34,9088,0.06787111526267245,0.02000065327276339,0.20505310490743242,0.7070751265571311,50,20,20
34,9089,0.0678711152627809,0.019980953037258598,0.20507280514005113,0.7070751265599088,50,20,20
34,9090,0.0678711152627797,0.019980953037260746,0.20507531585748812,0.7070726158424708,50,20,20
34,9091,0.0678711152627781,0.01998095303029324,0.2050692537101911,0.707078677996737,50,20,20
34,9092,0.07084283612342976,0.019980953029616298,0.20209753281491205,0.7070786780320413,50,20,20
34,9093,0.07084283521768732,0.01998095303716074,0.20209741684914398,0.7070787948960071,50,20,20
34,9094,0.07084283521768732,0.019980953037162835,0.20222823256354808,0.7069479791816009,50,20,20
34,9095,0.07084283521768771,0.019980953037164982,0.20222833120347905,0.7069478805416674,50,20,20
34,9096,0.07084283521768656,0.019980953037163428,0.1966994270121366,0.7124767847330133,50,20,20
34,9097,0.07087659906835002,0.01998095279101267,0.1966656646068445,0.7124767835337923,50,20,20
34,9098,0.07087659936411451,0.019980952791137076,0.19666729705350916,0.7124751507912387,50,20,20
34,9099,0.0708765993640244,0.019980952784237185,0.19646104580317617,0.7126814020485619,50,20,20
34,9100,0.07087659936402478,0.019980952784237224,0.19646430773951784,0.7126781401122199,50,20,20
34,9101,0.07087659936402477,0.019980952784237185,0.19646100533761326,0.7126814425141242,50,20,20
34,9102,0.07087659936402477,0.01998095278423504,0.1964609639547745,0.7126814838969651,50,20,20
34,9103,0.06949503719532905,0.019980952748912015,0.19784253642363378,0.712681473632125,50,20,20
34,9104,0.06949503719532904,0.01998095274891202,0.19783927378938546,0.7126847362663733,50,20,20
34,9105,0.06949503719533064,0.019980952748912015,0.19784156807991876,0.7126824419758384,50,20,20
34,9106,0.05129253904862293,0.01998095298533547,0.21604400413349772,0.7126825038325444,50,20,20
34,9107,0.0512925390486245,0.019980952985337575,0.2160451322007947,0.7126813757652434,50,20,20
34,9108,0.051292539048714454,0.019980952992244172,0.2092471202844917,0.7194793876745499,50,20,20
34,9109,0.05129253904871606,0.01998095299224421,0.20924797581163113,0.7194785321474089,50,20,20
34,9110,0.051292539048715655,0.01998095299224421,0.20924473022758813,0.7194817777314523,50,20,20
34,9111,0.049497888861490764,0.019980952764793603,0.21103944271552133,0.7194817156581945,50,20,20
34,9112,0.049497888861511956,0.01998095277176111,0.21104325140167493,0.7194779069650522,50,20,20
34,9113,0.04949788886151192,0.019980952771761075,0.2110432101550632,0.719477948211664,50,20,20
34,9114,0.04949825413482995,0.01998095279987713,0.21102722086714884,0.7194935721981446,50,20,20
34,9115,0.049498869257123,0.019980953302213385,0.21102660522116498,0.719493572219499,50,20,20
34,9116,0.04949886925712339,0.019980953302215512,0.21121310006526428,0.719307077375397,50,20,20
34,9117,0.048892742712712815,0.019980953299331326,0.2118152792854943,0.7193110247024612,50,20,20
34,9118,0.050720428587503114,0.019980954536770547,0.20998790249902297,0.7193107143767036,50,20,20
34,9119,0.05072042858750269,0.01998095453677058,0.2099867846674607,0.7193118322082662,50,20,20
34,9120,0.05072042858750269,0.01998095453677273,0.2099867680090236,0.7193118488667012,50,20,20
34,9121,0.0359268836314239,0.019981100381415637,0.22478015508092652,0.7193118609062344,50,20,20
34,9122,0.035926259100898104,0.01998116295463364,0.22479645779683433,0.7192961201476339,50,20,20
34,9123,0.03592610151078217,0.019980996164794672,0.22479679638326544,0.7192961059411573,50,20,20
34,9124,0.035926101510780566,0.019980996164792524,0.22479566735606268,0.7192972349683641,50,20,20
34,9125,0.03592610151068973,0.019980996164790387,0.22474938821589935,0.7193435141086201,50,20,20
34,9126,0.03592610151068973,0.019980996164790387,0.22474944543333802,0.7193434568911812,50,20,20
34,9127,0.03592610151070987,0.019980996170952024,0.22707882886224492,0.7170140734560926,50,20,20
34,9128,0.03592688650385649,0.020042185799253483,0.22701685421771842,0.717014073479171,50,20,20
34,9129,0.035926886577824904,0.020042185799257775,0.22701809859580638,0.7170128290271103,50,20,20
34,9130,0.035926886577847664,0.020042185799257813,0.2270188535967647,0.7170120740261291,50,20,20
34,9131,0.035892366822571284,0.020042185611900198,0.22705344159283938,0.7170120059726887,50,20,20
34,9132,0.03589236682257089,0.020042185611898126,0.22705569388965546,0.7170097536758752,50,20,20
34,9133,0.03589236682254812,0.020042185611895948,0.22705490261391692,0.7170105449516384,50,20,20
34,9134,0.03589236682383212,0.02004218561189602,0.22726699235192296,0.7167984552123484,50,20,20
34,9135,0.03589236682383215,0.02004218561189602,0.22726699260144623,0.7167984549628251,50,20,20
34,9136,0.03589236681864239,0.020042185611898095,0.22726199063334923,0.7168034569361097,50,20,20
34,9137,0.03589236681866515,0.02004218561190028,0.2272653161348932,0.7168001314345408,50,20,20
34,9138,0.03589236681866518,0.020042185611900284,0.22726533517975567,0.7168001123896783,50,20,20
34,9139,0.03589236681866515,0.020042185611900246,0.22726533447541514,0.7168001130940189,50,20,20
34,9140,0.03589236681864239,0.0200421856118981,0.2272620492091479,0.7168033983603109,50,20,20
34,9141,0.035883701107881284,0.020042185109563175,0.22727071544400088,0.7168033983385544,50,20,20
34,9142,0.03588370110897674,0.0200421851154409,0.2304092197337542,0.713664894041828,50,20,20
34,9143,0.035883701108975145,0.020042185115440866,0.230408404749437,0.7136657090261468,50,20,20
34,9144,0.03588370110897475,0.020042185115438756,0.23047306722043318,0.713601046555153,50,20,20
34,9145,0.03588370110769075,0.02004218511543868,0.23026103471208206,0.7138130790647884,50,20,20
34,9146,0.03588370110769235,0.02004218511556041,0.23035075202021393,0.7137233617565332,50,20,20
34,9147,0.040206960420110675,0.020042185202836564,0.2260274804906495,0.7137233738864035,50,20,20
34,9148,0.040206960420110675,0.020042185202836564,0.2260274242770755,0.7137234300999773,50,20,20
34,9149,0.040206960420112264,0.020042185202955913,0.22616050191077958,0.7135903524661523,50,20,20
34,9150,0.040206960420112264,0.020042185202955913,0.22616048592069718,0.7135903684562348,50,20,20
34,9151,0.04020696042011223,0.020042185202955913,0.22616279506078452,0.7135880593161475,50,20,20
34,9152,0.040206970656289816,0.020235057896620758,0.22596991222125978,0.7135880592258296,50,20,20
34,9153,0.04020697065619875,0.02023505789661858,0.2259690962100974,0.7135888752370851,50,20,20
34,9154,0.04020697065619878,0.02023505789662068,0.22601289646135808,0.7135450749858222,50,20,20
34,9155,0.04020697065619877,0.02023505789662068,0.2259514377327029,0.7136065337144774,50,20,20
34,9156,0.04020697065619875,0.02023505789662279,0.22595373185797843,0.7136042395891999,50,20,20
34,9157,0.04020697065619875,0.02023505789662279,0.22595371587394592,0.7136042555732323,50,20,20
34,9158,0.04020697065617597,0.02023505788965314,0.22594755663344251,0.7136104148207284,50,20,20
34,9159,0.04020697065617637,0.02023505788965318,0.22595080293218783,0.7136071685219827,50,20,20
34,9160,0.04020697065617637,0.020235057889653144,0.22595080269520673,0.7136071687589637,50,20,20
34,9161,0.04020697065994491,0.020235058176885982,0.23149492861223717,0.7080630425509318,50,20,20
34,9162,0.04020697065994531,0.020235058176888168,0.23149492979045008,0.7080630413727164,50,20,20
34,9163,0.040194222367774896,0.02023547619816994,0.23150924913752058,0.7080610522965344,50,20,20
34,9164,0.04019422236777452,0.020235476198169962,0.23132504912295226,0.7082452523111032,50,20,20
34,9165,0.040194222367774514,0.02023547619817207,0.23132828085629295,0.7082420205777603,50,20,20
34,9166,0.040194222367774486,0.02023547619817203,0.23132826415220895,0.7082420372818444,50,20,20
34,9167,0.04019436366874744,0.020235476193762016,0.23132812165722388,0.7082420384802666,50,20,20
34,9168,0.040194363668747846,0.020235476193764125,0.23119576797898053,0.7083743921585071,50,20,20
34,9169,0.04019436366765238,0.0202354761878864,0.22805720674287808,0.7115129534015827,50,20,20
34,9170,0.04019436366765241,0.020235476187766777,0.22801206574630267,0.7115580943982778,50,20,20
34,9171,0.0404297021853329,0.020235476430025726,0.2277748669728587,0.7115599544117822,50,20,20
34,9172,0.0404297021853329,0.020235476430025733,0.22777488296806842,0.7115599384165725,50,20,20
34,9173,0.0404297021853329,0.020235476430025733,0.2277748427323763,0.7115599786522645,50,20,20
34,9174,0.04042970218531013,0.020235476430025656,0.22777408803019053,0.7115607333544733,50,20,20
34,9175,0.04042970188945458,0.02023547642990125,0.22777167982856672,0.7115631418520769,50,20,20
34,9176,0.04042970188947723,0.020235476429899108,0.22779029422616784,0.7115445274544555,50,20,20
34,9177,0.04042970188947763,0.020235476429899108,0.22779353979865166,0.7115412818819712,50,20,20
34,9178,0.04048694741690004,0.02017428447423624,0.22779748625330565,0.7115412818555575,50,20,20
34,9179,0.04048694741690124,0.02017428447435635,0.22780002598750473,0.7115387421212372,50,20,20
34,9180,0.040486947416900836,0.02017428447435631,0.22779672247133095,0.7115420456374113,50,20,20
34,9181,0.040486947416900836,0.02017428447435631,0.2277966649462997,0.7115421031624427,50,20,20
34,9182,0.04048694741690124,0.020174284474356385,0.22779674229865624,0.7115420258100855,50,20,20
34,9183,0.040486947416924005,0.020174284481326785,0.2278008250986054,0.7115379430031432,50,20,20
34,9184,0.048720477003695445,0.020173866460091023,0.21956965143991197,0.7115360050963017,50,20,20
34,9185,0.05127093932780798,0.02017493886238824,0.21701811671253204,0.7115360050972707,50,20,20
34,9186,0.05127093933299845,0.020174938862388282,0.21701566977454811,0.7115384520300643,50,20,20
34,9187,0.05127093933290823,0.0201749388554817,0.21682863704278355,0.7117254847688256,50,20,20
34,9188,0.05127093933288712,0.0201749388554817,0.21676622321977806,0.7117878985918522,50,20,20
34,9189,0.051270939332886734,0.020174938855481623,0.2167661857729596,0.7117879360386711,50,20,20
34,9190,0.051270259915382456,0.020174946428630224,0.21008024448146118,0.7184745491745251,50,20,20
34,9191,0.05127025991538248,0.020174946428508728,0.20994708299349743,0.7186077106626104,50,20,20
34,9192,0.051270259915382504,0.02017494642850662,0.20994382128644823,0.7186109723696616,50,20,20
34,9193,0.051270259915381214,0.020174946428504544,0.21302399656338364,0.7155307970927296,50,20,20
34,9194,0.051270259915379646,0.02017494642838225,0.21302068529331727,0.7155341083629198,50,20,20
34,9195,0.07049910501190915,0.020174939034557263,0.2004758017252325,0.7088501542283008,50,20,20
34,9196,0.07049910501200023,0.020174939034681705,0.20047541896817156,0.7088505369851464,50,20,20
34,9197,0.0704991050120002,0.0201749390346796,0.2004731248304768,0.7088528311228433,50,20,20
34,9198,0.06794965224001767,0.02017386710784294,0.20302364949418883,0.70885283115795,50,20,20
34,9199,0.06795249213848867,0.02017386710332549,0.20302468470061963,0.7088489560575656,50,20,20
34,9200,0.067952492138398,0.020173867103323296,0.20302606906243728,0.7088475716958408,50,20,20
34,9201,0.06795249213837944,0.020173867097163782,0.20088317970551647,0.7109904610589396,50,20,20
34,9202,0.06795249213837944,0.020173867097165926,0.20088327679858442,0.7109903639658697,50,20,20
34,9203,0.0833808640678458,0.020173866366911212,0.18545490543289958,0.7109903641323426,50,20,20
34,9204,0.08338086406784584,0.020173866366911253,0.18545494596838114,0.7109903235968609,50,20,20
34,9205,0.08476866627348129,0.020173866128467187,0.18406900401778614,0.7109884635802647,50,20,20
34,9206,0.09799616099900833,0.02017319426060993,0.1708449042576442,0.710985740482737,50,20,20
34,9207,0.09950497444652896,0.02017321530585513,0.16933606886908986,0.7109857413785258,50,20,20
34,9208,0.1002671776315469,0.020173215121968978,0.16857652606734455,0.7109830811791396,50,20,20
34,9209,0.10026717770495275,0.020173215129006605,0.16859670113337313,0.7109629060326675,50,20,20
34,9210,0.10026717770495117,0.020173215129006605,0.16859440730628136,0.7109651998597609,50,20,20
34,9211,0.1002671777049737,0.020173215129127776,0.16878096830510989,0.7107786388607887,50,20,20
34,9212,0.10026717770497331,0.020173215129125593,0.16877861755319937,0.7107809896127018,50,20,20
34,9213,0.10026717770497177,0.020173215129123432,0.16859441729260516,0.7109651898732996,50,20,20
34,9214,0.1002671777049735,0.020173215135280448,0.17093173563743483,0.7086278715223111,50,20,20
34,9215,0.1002671777049731,0.02017321513515816,0.1709283841148693,0.7086312230449993,50,20,20
34,9216,0.10026717770497307,0.020173215135158157,0.1709283621500051,0.7086312450098634,50,20,20
34,9217,0.10026717770497307,0.02017321513515816,0.1709260827145555,0.7086335244453125,50,20,20
34,9218,0.10026717770497307,0.02017321513515812,0.17092932828924848,0.7086302788706196,50,20,20
34,9219,0.1002671777049731,0.02017321513516027,0.17093166065233403,0.7086279465075319,50,20,20
34,9220,0.10026716665441252,0.030582574741236233,0.16052231209832102,0.7086279465060289,50,20,20
34,9221,0.10026716665439014,0.03058257473426798,0.1605214923550447,0.7086287662562958,50,20,20
34,9222,0.10026716665438976,0.03058257473426583,0.16051819028449743,0.7086320683268457,50,20,20
34,9223,0.10026716665438976,0.03058257473426587,0.16051820766837976,0.7086320509429634,50,20,20
34,9224,0.10026716665438971,0.03058257473426583,0.1605181883299981,0.7086320702813451,50,20,20
34,9225,0.10026716664919924,0.030582574734265795,0.16051739069656634,0.7086328679199672,50,20,20
34,9226,0.10026716664591918,0.0399690677771857,0.1511308976569044,0.70863286791999,50,20,20
34,9227,0.10026716686824715,0.03996906774937361,0.1511308974651512,0.7086328679172262,50,20,20
34,9228,0.10026716686824719,0.03996906774937361,0.15113324820367127,0.7086305171787062,50,20,20
34,9229,0.10026751179337859,0.04025701332401579,0.15084495029093145,0.7086305245916726,50,20,20
34,9230,0.10026751179337859,0.04025701332401575,0.15084489264771242,0.7086305822348917,50,20,20
34,9231,0.10026751179335607,0.04025701332389458,0.15065837218893577,0.7088171026938122,50,20,20
34,9232,0.10026751179335605,0.04025701332389458,0.1506616333402845,0.7088138415424636,50,20,20
34,9233,0.1002675117933619,0.03254899397016695,0.15836965269234818,0.7088138415441221,50,20,20
34,9234,0.10026481796341542,0.03254899421211559,0.15837228093438876,0.7088139068900792,50,20,20
34,9235,0.10026481796341546,0.03254899421211566,0.15837231185760492,0.708813875966863,50,20,20
34,9236,0.09952672330744874,0.03254899420833415,0.15911040652564817,0.708813875958567,50,20,20
34,9237,0.10403856830246491,0.03254899410402647,0.15459856179890363,0.7088138757946032,50,20,20
34,9238,0.10403856822905945,0.03254899409710901,0.15444608893544634,0.7089663487383837,50,20,20
34,9239,0.10403856822905949,0.03254899409711113,0.15444608949735242,0.7089663481764754,50,20,20
34,9240,0.10403856823035701,0.032548994097113274,0.15444706071262507,0.7089653769599031,50,20,20
34,9241,0.10252886702338436,0.03255035422140176,0.15595210766621098,0.7089686710890013,50,20,20
34,9242,0.10252886702338276,0.03255035422140173,0.1559521068215249,0.7089686719336887,50,20,20
34,9243,0.10252886702338275,0.03255035422140177,0.15613861735526702,0.7087821613999467,50,20,20
34,9244,0.10252886702338233,0.032550354221279464,0.15613774952663292,0.7087830292287035,50,20,20
34,9245,0.10252888574819526,0.032556594221764136,0.15613148164449334,0.7087830383855456,50,20,20
34,9246,0.10252888574819526,0.03255659422188643,0.15613477693065864,0.708779743099258,50,20,20
34,9247,0.10252888574819527,0.03255659422188859,0.15626794255964288,0.7086465774702715,50,20,20
34,9248,0.1025288857481895,0.04025998804914517,0.14856454873405053,0.7086465774686131,50,20,20
34,9249,0.10252888574818947,0.040259988049147266,0.14869764386928006,0.7085134823333816,50,20,20
34,9250,0.10252128013256868,0.0402598630893541,0.14870538664660735,0.7085134701314683,50,20,20
34,9251,0.1025212801325687,0.04025986308923185,0.14870438505668024,0.7085144717215175,50,20,20
34,9252,0.10252128013256852,0.040259863083196006,0.1465535864090464,0.7106652703751873,50,20,20
34,9253,0.10252128013256855,0.04025986308319391,0.14659738609953327,0.7106214706847025,50,20,20
34,9254,0.10252128013256892,0.04025986308319183,0.1465941253931413,0.7106247313910963,50,20,20
34,9255,0.10252128013386366,0.040259863083313904,0.1466406264841295,0.7105782302986914,50,20,20
34,9256,0.10252128013386366,0.040259863083313904,0.14664068317853818,0.7105781736042828,50,20,20
34,9257,0.10252128013395474,0.04025986308331387,0.14645418655362044,0.7107646702291095,50,20,20
34,9258,0.10252128005998634,0.04025986308331172,0.146455292731744,0.7107635641249564,50,20,20
34,9259,0.10252128005998634,0.040259863083311684,0.14645199134819922,0.7107668655085013,50,20,20
34,9260,0.10252034035664043,0.03997911248330859,0.1467336890616245,0.710766858098425,50,20,20
34,9261,0.10252034035534567,0.03997911248318653,0.14668714801661895,0.7108133991448474,50,20,20
34,9262,0.10252034035534568,0.03997911248318649,0.1466871483169849,0.7108133988444816,50,20,20
34,9263,0.10252034035536049,0.039979112741547335,0.15368430529226307,0.7038162416108277,50,20,20
34,9264,0.1025203403553605,0.039979112741547376,0.15368436294815888,0.7038161839549317,50,20,20
34,9265,0.10252034035525207,0.03937965169811246,0.15428382399443252,0.7038161839522016,50,20,20
34,9266,0.1025203403552521,0.03937965169811249,0.1542838955529424,0.7038161123936918,50,20,20
34,9267,0.10252034035395458,0.03937965169811039,0.1542806331731461,0.7038193747747876,50,20,20
34,9268,0.10252034035395496,0.039379651698112535,0.1542817782017124,0.7038182297462189,50,20,20
34,9269,0.10252034035395492,0.039379651698112535,0.15428175915066802,0.7038182487972633,50,20,20
34,9270,0.10252034035395495,0.039379651698110425,0.15428498225008463,0.7038150256978487,50,20,20
34,9271,0.10252034035395496,0.039379651698110425,0.154282690701498,0.7038173172464355,50,20,20
34,9272,0.10058987249834571,0.039379651699538984,0.15621314759623683,0.7038173282058773,50,20,20
34,9273,0.09970840961062845,0.03937965182310133,0.1570946097808844,0.7038173287853848,50,20,20
34,9274,0.0997084096106512,0.03937965183007098,0.15710073003018094,0.7038112085290958,50,20,20
34,9275,0.10138832631630104,0.039379651920305465,0.15542081204703412,0.7038112097163584,50,20,20
34,9276,0.10138832631630106,0.0393796519203055,0.15542081176721048,0.7038112099961819,50,20,20
34,9277,0.10138832631253251,0.03937965163307271,0.1498767434884387,0.7093552785659551,50,20,20
34,9278,0.10138832631253289,0.03937965163307697,0.15000985548458792,0.7092221665698013,50,20,20
34,9279,0.10138832631253324,0.03937965163307911,0.15000989651503904,0.7092221255393476,50,20,20
34,9280,0.10138832631253479,0.039379651633081256,0.14996704843718006,0.709264973617203,50,20,20
34,9281,0.1018160324510415,0.03937965173320961,0.1495393427869978,0.70926497302875,50,20,20
34,9282,0.1018160324510399,0.039379651733211764,0.14953942664742703,0.7092648891683203,50,20,20
34,9283,0.10138463208091122,0.03938032594517037,0.14979008359786972,0.7094449583760476,50,20,20
34,9284,0.11934146357146576,0.03938033027123195,0.1318332913593924,0.7094449147979087,50,20,20
34,9285,0.11934146357662173,0.039380330278154956,0.1319669174848356,0.7093112886603865,50,20,20
34,9286,0.11934146357662172,0.039380330278154956,0.13196691665326202,0.7093112894919602,50,20,20
34,9287,0.11934146357664448,0.0393803302782773,0.13196772830551065,0.7093104778395665,50,20,20
34,9288,0.11934146357664409,0.03938033027827727,0.1319676713587121,0.7093105347863655,50,20,20
34,9289,0.11934146357664409,0.03938033027827723,0.13196765396528481,0.7093105521797929,50,20,20
34,9290,0.11934146357664409,0.03938033027827719,0.13196761314928232,0.7093105929957955,50,20,20
34,9291,0.11934146357664409,0.03938033027827719,0.13196765239030286,0.7093105537547748,50,20,20
34,9292,0.11934147961530242,0.039381537897976646,0.1319664269291353,0.7093105555575847,50,20,20
34,9293,0.11934147961530245,0.03938153789797661,0.1319664025107502,0.7093105799759698,50,20,20
34,9294,0.11936680604648048,0.03938090666192908,0.13194165829693363,0.7093106289946559,50,20,20
34,9295,0.11936680604648085,0.03938090666192908,0.1319393663157205,0.7093129209758686,50,20,20
34,9296,0.12298042201481957,0.03938090706323373,0.12832574234319402,0.709312928578752,50,20,20
34,9297,0.11965866508052297,0.039387798709218685,0.13164058739937207,0.709312948810885,50,20,20
34,9298,0.11965866508052299,0.039387798709218706,0.1386231729929269,0.7023303632173302,50,20,20
34,9299,0.11965866508052299,0.039387798709218706,0.13862317327358858,0.7023303629366686,50,20,20
34,9300,0.11965866508052304,0.03940323798180533,0.13860773400104967,0.7023303629366207,50,20,20
34,9301,0.11965866508180868,0.03940323798192648,0.13180969607981852,0.709128400856445,50,20,20
34,9302,0.11965866508180868,0.03940323798192431,0.1316765304498218,0.7092615664864441,50,20,20
34,9303,0.11965866508179386,0.03940323772356346,0.12467933356900593,0.716258763625636,50,20,20
34,9304,0.12298739474915356,0.03939634607841582,0.12135751577507033,0.7162587433973596,50,20,20
34,9305,0.12298739474915356,0.0393963460784159,0.12135757195268373,0.7162586872197462,50,20,20
34,9306,0.12298739474915397,0.039396346078415974,0.12135755728145411,0.7162587018909753,50,20,20
34,9307,0.12298739474915397,0.03939634607841598,0.12140366384291909,0.7162125953295103,50,20,20
34,9308,0.12298739474915393,0.03939634607841594,0.12140362230357285,0.7162126368688568,50,20,20
34,9309,0.12298739474399759,0.03939634607149079,0.12126995515280756,0.7163463040317036,50,20,20
34,9310,0.12298739474399918,0.03939634607161309,0.12127330696309717,0.7163429522212903,50,20,20
34,9311,0.11966135202590811,0.03939640649395192,0.12458286632495881,0.7163593751551811,50,20,20
34,9312,0.11966135202581704,0.03939640649395196,0.12458286911382117,0.7163593723664096,50,20,20
34,9313,0.11966133165403807,0.039779837952204196,0.12419946718424671,0.7163593632095104,50,20,20
34,9314,0.11966133165403806,0.03977983795220209,0.1241994482034798,0.7163593821902795,50,20,20
34,9315,0.11966133165403807,0.03977983795220213,0.12419728451852845,0.716361545875231,50,20,20
34,9316,0.119661332518635,0.03265662071977871,0.13132050088466804,0.7163615458769176,50,20,20
34,9317,0.11966133251863502,0.032656620719776576,0.13118733596383442,0.7164947107977534,50,20,20
34,9318,0.11966133251863542,0.032656620719778685,0.13118737665510363,0.7164946701064817,50,20,20
34,9319,0.11966133251863502,0.03265662071977654,0.13118841708978815,0.7164936296717996,50,20,20
34,9320,0.119661332518637,0.03265662071977662,0.1312330503621444,0.7164489963994414,50,20,20
34,9321,0.11966133251735137,0.032656620719655444,0.1310461517769551,0.7166358949860375,50,20,20
34,9322,0.11966133259129957,0.03265662072662717,0.13100767885905623,0.7166743678230165,50,20,20
34,9323,0.1198275931748403,0.032656618202518695,0.13084143283367397,0.7166743557889665,50,20,20
34,9324,0.11982759317484071,0.03265661820251877,0.1308437841500692,0.7166720044725708,50,20,20
34,9325,0.11982759318000796,0.03265661820251876,0.13093684649022744,0.7165789421272454,50,20,20
34,9326,0.11982759231541104,0.039779835434942186,0.12381363012408787,0.7165789421255588,50,20,20
34,9327,0.11982759233715548,0.039397250211159356,0.12419620492742585,0.7165789525242593,50,20,20
34,9328,0.11982759233715548,0.03939725021115939,0.12419512378391201,0.7165800336677731,50,20,20
34,9329,0.11982759233713272,0.03939725020418978,0.1241913139306435,0.716583843528034,50,20,20
34,9330,0.1198275923371327,0.03939725020418974,0.1241912736705776,0.7165838837880999,50,20,20
34,9331,0.12333928529056441,0.039397189690982375,0.12069607631461658,0.7165674487038365,50,20,20
34,9332,0.12333928529056441,0.039397189690982375,0.12069607531588943,0.7165674497025637,50,20,20
34,9333,0.12333928529056601,0.03939718969098241,0.12069376665777877,0.7165697583606727,50,20,20
34,9334,0.12333928529056568,0.039397189690982354,0.11756899352303092,0.719694531495421,50,20,20
34,9335,0.12333928529058838,0.03939718969098239,0.11763375910863973,0.7196297659097894,50,20,20
34,9336,0.12622527748281615,0.03939719166602869,0.1147482347197661,0.7196292961313892,50,20,20
34,9337,0.12622527748281456,0.03939719166590749,0.1145617307006627,0.7198158001506152,50,20,20
34,9338,0.126505510347052,0.03977354680086899,0.11405367573479162,0.7196672671172871,50,20,20
34,9339,0.12650551034705163,0.039773546800868954,0.11405361707782738,0.7196673257742519,50,20,20
34,9340,0.12650547652080263,0.03977354680086895,0.11405365090414195,0.7196673257741864,50,20,20
34,9341,0.12650547652082053,0.03977354709276149,0.11936320480083545,0.7143577715855826,50,20,20
34,9342,0.12650547652082011,0.039773547092761416,0.11936091171526853,0.7143600646711498,50,20,20
34,9343,0.12650547652082011,0.039773547092761416,0.11936085479067278,0.7143601215957456,50,20,20
34,9344,0.12650547652082017,0.03977354709275927,0.11935854479173358,0.714362431594687,50,20,20
34,9345,0.12214499986006418,0.0397735471283102,0.12371901176145228,0.7143624412501726,50,20,20
34,9346,0.12214499986006418,0.0397735471283102,0.12371901217953234,0.7143624408320924,50,20,20
34,9347,0.12214499986006416,0.03977354712831013,0.12371901123369243,0.7143624417779324,50,20,20
34,9348,0.12214499986004626,0.039773546836417546,0.11840939969874122,0.7196720536047951,50,20,20
34,9349,0.1221449998600459,0.03977354683641544,0.11840827138040963,0.719673181923129,50,20,20
34,9350,0.1221449998600459,0.03977354683641329,0.11840817403161326,0.7196732792719276,50,20,20
34,9351,0.12214499986004627,0.03977354683641329,0.11840817503777958,0.7196732782657608,50,20,20
34,9352,0.12214499986004629,0.039773546836415444,0.11840931481510264,0.7196721384884357,50,20,20
34,9353,0.12214499986004629,0.039773546836415444,0.11836322495178686,0.7197182283517515,50,20,20
34,9354,0.12214499986006906,0.039773546836537756,0.11836409382834147,0.7197173594750518,50,20,20
34,9355,0.12214499986004629,0.03977354683641545,0.1184963904046425,0.7195850628988957,50,20,20
34,9356,0.12214499978611883,0.03977354682944795,0.11849110112153781,0.7195903522628955,50,20,20
34,9357,0.12214499978611885,0.03977354682945009,0.11849440373582133,0.7195870496486098,50,20,20
34,9358,0.12214499978611885,0.03977354682945009,0.1184977047660796,0.7195837486183513,50,20,20
34,9359,0.12214500014817284,0.04015513041306374,0.11811613121911069,0.7195837382196525,50,20,20
34,9360,0.12214500014817445,0.04015513041306374,0.11811617251205536,0.7195836969267063,50,20,20
34,9361,0.12214500014817442,0.04015513041306584,0.11811621318540923,0.7195836562533502,50,20,20
34,9362,0.12214500014817445,0.040155130413065884,0.11811623038757338,0.719583639051186,50,20,20
34,9363,0.135906114188561,0.0401602320500043,0.10434958049070545,0.7195840732707288,50,20,20
34,9364,0.13590611418862025,0.04016023205016346,0.11133119987048908,0.7126024538907266,50,20,20
34,9365,0.135906114188643,0.0401602320501635,0.11133121997450397,0.7126024337866889,50,20,20
34,9366,0.13590611418864182,0.04016023205016354,0.11133124995158289,0.7126024038096113,50,20,20
34,9367,0.13590611418864182,0.04016023205708865,0.11146490287859903,0.71246875087567,50,20,20
34,9368,0.13590611418868015,0.027248783190131038,0.1243763516893532,0.7124687509318346,50,20,20
34,9369,0.13590611418868015,0.027248783190131038,0.12437633241960669,0.7124687702015811,50,20,20
34,9370,0.13590611418868015,0.027248783190131038,0.1243763511208873,0.7124687515003003,50,20,20
34,9371,0.13590611418868018,0.027248783190133213,0.12443780981045104,0.7124072928107344,50,20,20
34,9372,0.1359068987693177,0.02724878319031212,0.12782737626141494,0.709016941778954,50,20,20
34,9373,0.1359068987744854,0.027248783190309975,0.12782887333690143,0.709015444698302,50,20,20
34,9374,0.1359068987744854,0.02724878319030994,0.12769570785903028,0.709148610176173,50,20,20
34,9375,0.1359068987744854,0.02724878319030994,0.12769690370867143,0.7091474143265318,50,20,20
34,9376,0.13590689877448578,0.02724878319031001,0.12769694535642961,0.7091473726787731,50,20,20
34,9377,0.1356261706428732,0.0268717558339122,0.12838623683427458,0.7091158366889387,50,20,20
34,9378,0.13562617064289595,0.026871755833912242,0.1283862511642325,0.709115822358958,50,20,20
34,9379,0.13155380199116856,0.02688380885090542,0.13244654210518697,0.709115847052738,50,20,20
34,9380,0.13155568078098193,0.026883808850066124,0.13244466332034008,0.7091158470486101,50,20,20
34,9381,0.13155489620032165,0.026883808849764906,0.12905422869870609,0.712507066251206,50,20,20
34,9382,0.1315548962003233,0.0268838088497692,0.1290553817645128,0.7125059131853932,50,20,20
34,9383,0.1152921228575214,0.027228963500793676,0.14497301015179728,0.712505903489886,50,20,20
34,9384,0.11529212285752179,0.027228963500793752,0.14497299546322429,0.7125059181784584,50,20,20
34,9385,0.11529222292570823,0.026871594963698054,0.14533026393188708,0.7125059181787047,50,20,20
34,9386,0.11529222292570784,0.02687159496369802,0.1453302413654584,0.7125059407451338,50,20,20
34,9387,0.11529222292570625,0.02687159496369584,0.14532695163384646,0.7125092304767496,50,20,20
34,9388,0.1152922229257062,0.0268715949636958,0.14533019627864496,0.7125059858319512,50,20,20
34,9389,0.11529222292570582,0.026871594963695723,0.14533013565408198,0.7125060464565146,50,20,20
34,9390,0.11529222292570579,0.02687159496369358,0.14532683344572297,0.7125093486648759,50,20,20
34,9391,0.11529222292570576,0.026871594963691434,0.14532573418881933,0.7125104479217818,50,20,20
34,9392,0.11529222292570615,0.02687159496369357,0.14539045919771096,0.7124457229128877,50,20,20
34,9393,0.11529222292570612,0.026871594956768385,0.14526003686233652,0.7125761452551873,50,20,20
34,9394,0.11529223692128991,0.02687021344216291,0.14526081463730486,0.7125767349992402,50,20,20
34,9395,0.11529223692128991,0.02687021344216291,0.1452608159289535,0.7125767337075917,50,20,20
34,9396,0.09629915081971013,0.026870220260315776,0.1641482686454307,0.7126823602745413,50,20,20
34,9397,0.09797550198819213,0.026864614501064508,0.16247757856451467,0.7126823049462268,50,20,20
34,9398,0.09797550198819213,0.026864614501064473,0.1624775993597832,0.7126822841509582,50,20,20
34,9399,0.09797550198819054,0.026864614501064473,0.162477615038096,0.7126822684726472,50,20,20
34,9400,0.09797550198302286,0.026864614501062336,0.16238123044668662,0.7127786530692262,50,20,20
34,9401,0.09797550198302123,0.026864614501058048,0.162382427273592,0.7127774562423269,50,20,20
34,9402,0.09797550198311189,0.02686461450105801,0.16238478388996921,0.712775099625859,50,20,20
34,9403,0.09797550198311189,0.02686461450105801,0.1623825482791892,0.7127773352366391,50,20,20
34,9404,0.09797550198308913,0.02686461450105797,0.16238247571335374,0.7127774078024973,50,20,20
34,9405,0.09797550198823922,0.026864614501055834,0.1624755983883614,0.7126842851223418,50,20,20
34,9406,0.09797550199178166,0.026864629965436114,0.16881787031269574,0.7063419977300848,50,20,20
34,9407,0.09797550199178166,0.026864629965436114,0.16881786971474994,0.7063419983280305,50,20,20
34,9408,0.09797550199178166,0.026864629965436072,0.16881785230414606,0.7063420157386343,50,20,20
34,9409,0.09798477356094472,0.02686462987574335,0.16880859290700137,0.7063420036563091,50,20,20
34,9410,0.09798477356094472,0.02686462987574335,0.16899508674297958,0.7061555098203304,50,20,20
34,9411,0.09773806049309491,0.026575689347001306,0.16953065800422373,0.7061555921556785,50,20,20
34,9412,0.09773806049309491,0.026575689347001306,0.16952946087519372,0.7061567892847084,50,20,20
34,9413,0.0977380604930965,0.026575689347001306,0.16953169733941073,0.7061545528204897,50,20,20
34,9414,0.09773806049309615,0.02657568934700127,0.16953171273673434,0.7061545374231666,50,20,20
34,9415,0.09773806049309615,0.02657568934700131,0.16953406237378293,0.7061521877861179,50,20,20
34,9416,0.10499394393807437,0.026544389881421868,0.16148368654447143,0.7069779796360304,50,20,20
34,9417,0.10499394393804354,0.0394395883252374,0.14858848815685144,0.7069779795798659,50,20,20
34,9418,0.10499394393802083,0.03943958832523736,0.1485237225712427,0.7070427451654975,50,20,20
34,9419,0.10499394393802083,0.03943958832523736,0.14852702493861464,0.7070394427981255,50,20,20
34,9420,0.08509528624018077,0.03943960257675058,0.16842179563309123,0.7070433155499758,50,20,20
34,9421,0.0850952862414674,0.03943960257675062,0.16893555218158762,0.7065295590001928,50,20,20
34,9422,0.08509528624146899,0.039439602576750624,0.16893562056070976,0.7065294906210692,50,20,20
34,9423,0.08509528624144622,0.03943960257674848,0.16900026294560638,0.706464848236197,50,20,20
34,9424,0.085095286241537,0.039439602576870396,0.16906540162429506,0.7063997095572957,50,20,20
34,9425,0.08509528624162806,0.03943960257687047,0.169065483534131,0.7063996276473686,50,20,20
34,9426,0.0850952862416281,0.03943960257699239,0.16913024539601065,0.7063348657853671,50,20,20
34,9427,0.0850952862416285,0.03943960257699242,0.16913026382540988,0.7063348473559674,50,20,20
34,9428,0.08509528624153775,0.03943960257687051,0.16906513937167392,0.706399971809916,50,20,20
34,9429,0.08509528624153774,0.03943960257687051,0.16906509941234762,0.7064000117692423,50,20,20
34,9430,0.08509528624153774,0.03943960257687054,0.1690618549759889,0.7064032562056011,50,20,20
34,9431,0.08509528624153774,0.03943960257687054,0.16906191225114559,0.7064031989304443,50,20,20
34,9432,0.08509528624162796,0.03943960257699384,0.16924841608264285,0.7062166950987337,50,20,20
34,9433,0.1036687359886089,0.03943959575815751,0.15078055234581625,0.7061111159074155,50,20,20
34,9434,0.10366873598869956,0.0394395957582798,0.15078384593242347,0.7061078223205953,50,20,20
34,9435,0.10366873598869955,0.0394395957582798,0.15097033402221835,0.7059213342308003,50,20,20
34,9436,0.10366873598870115,0.03943959575828191,0.15097146233551217,0.7059202059175028,50,20,20
34,9437,0.10366873598870077,0.03943959575828402,0.15078500130508127,0.7061066669479321,50,20,20
34,9438,0.11586516045487784,0.039427542339938816,0.13860068329338793,0.7061066139117936,50,20,20
34,9439,0.1158651604548778,0.03942754233981691,0.13853592243975166,0.7061713747655518,50,20,20
34,9440,0.1158651604548774,0.03942754233981691,0.13847125552740716,0.7062360416778966,50,20,20
34,9441,0.1158618118130108,0.03942754233984463,0.1384746039563765,0.706236041890766,50,20,20
34,9442,0.11586181181301042,0.03942754233984037,0.13834149537705565,0.7063691504700916,50,20,20
34,9443,0.11586181181301082,0.03942754233984037,0.13834160938377507,0.7063690364633719,50,20,20
34,9444,0.1158618116161753,0.03962132812371174,0.13814782379834667,0.7063690364617642,50,20,20
34,9445,0.11586181161489031,0.0396213281237117,0.13763646534771706,0.706880394913679,50,20,20
34,9446,0.1158618116883671,0.03962132813075838,0.13776784811535556,0.7067490120655171,50,20,20
34,9447,0.11586181168836551,0.03962132813075838,0.13776776791612796,0.7067490922647462,50,20,20
34,9448,0.11586181168482147,0.039621312666255806,0.13142214376342404,0.7130947318854968,50,20,20
34,9449,0.11586181168491251,0.039621312666255876,0.1314222249670181,0.7130946506818117,50,20,20
34,9450,0.11586181168491251,0.03962131266625802,0.1314683717773254,0.7130485038715022,50,20,20
34,9451,0.11586181557470022,0.03962131266626202,0.1330121482274698,0.711504723531566,50,20,20
34,9452,0.11632122063137652,0.03962131266950387,0.13255274206555123,0.7115047246335664,50,20,20
34,9453,0.11632122063137651,0.03962131266950387,0.1325527102628335,0.711504756436284,50,20,20
34,9454,0.11632122062622638,0.03962131266950387,0.13239488446637082,0.711662582237897,50,20,20
34,9455,0.11632121673644066,0.03962131267646949,0.13085721084200985,0.7132002597450778,50,20,20
34,9456,0.11632121673644226,0.03962131267647164,0.13085956224404607,0.713197908343038,50,20,20
34,9457,0.11632121673644226,0.03962131267647164,0.1308596184871449,0.7131978520999391,50,20,20
34,9458,0.11632121673644229,0.03962131267647164,0.13085956248745473,0.7131979080996294,50,20,20
34,9459,0.11632121673644229,0.039621312676471676,0.13085627461241717,0.7132011959746669,50,20,20
34,9460,0.11632121673644231,0.03962131267659398,0.13085745436874865,0.7132000162182132,50,20,20
34,9461,0.11632121673644034,0.03962131266962433,0.1308513351843156,0.713206135409618,50,20,20
34,9462,0.11632121652024915,0.039427527951266306,0.13104512012045605,0.7132061354080264,50,20,20
34,9463,0.11632121610869937,0.03942764984673547,0.13104499863967886,0.7132061354048852,50,20,20
34,9464,0.11632121610870097,0.03942764984673547,0.1310417781816411,0.7132093558629213,50,20,20
34,9465,0.10071748834004986,0.03942766432299767,0.14664549989440434,0.7132093474425474,50,20,20
34,9466,0.10071748834004947,0.03942766432299767,0.14664538588768486,0.7132094614492672,50,20,20
34,9467,0.10071748833996085,0.03942766432287441,0.1464596362691607,0.7133952110680033,50,20,20
34,9468,0.10071748876632668,0.0394205760752496,0.1464667239114496,0.7133952112469735,50,20,20
34,9469,0.10071748879000009,0.03857368322391919,0.1473136167364472,0.7133952112496326,50,20,20
34,9470,0.10071748878999848,0.03857368322391705,0.1473124877279637,0.7133963402581199,50,20,20
34,9471,0.1007174887899989,0.038573683223917084,0.14731578946018048,0.7133930385259026,50,20,20
34,9472,0.10272363161319349,0.03857367865588107,0.14530967336563375,0.7133930163652914,50,20,20
34,9473,0.09546765060563381,0.03857367680504743,0.15338742766698174,0.7125712449223371,50,20,20
34,9474,0.09546765060563217,0.03857367680504958,0.15338512714688846,0.7125735454424296,50,20,20
34,9475,0.09546765060563217,0.038573676805049584,0.15338358696325158,0.7125750856260669,50,20,20
34,9476,0.09546765060563216,0.038573676805049584,0.15338358673098304,0.7125750858583353,50,20,20
34,9477,0.09546765060563217,0.038573676805049584,0.15338598516202828,0.7125726874272903,50,20,20
34,9478,0.09546765060557295,0.038573676804892536,0.14640339532496147,0.7195552772645735,50,20,20
34,9479,0.09546765090141543,0.038573676805016936,0.146404395035077,0.7195542772584909,50,20,20
34,9480,0.09546765090141383,0.038573676805016895,0.1464035978294634,0.7195550744641062,50,20,20
34,9481,0.09546765090141421,0.038573676805016936,0.14640691862694535,0.7195517536666238,50,20,20
34,9482,0.09546765090141385,0.038573676805016936,0.14640690121648442,0.7195517710770852,50,20,20
34,9483,0.09546765090141385,0.038573676805016936,0.14640684498555678,0.7195518273080128,50,20,20
34,9484,0.09546765090150464,0.038573676805016936,0.14646680689729918,0.7194918653961798,50,20,20
34,9485,0.09545066071645905,0.038573662678168655,0.14648765085604665,0.7194880257493259,50,20,20
34,9486,0.09545066071645902,0.038573662678168655,0.1464853600998973,0.7194903165054753,50,20,20
34,9487,0.09570846076446667,0.03857354050364242,0.1462276824083404,0.7194903163235509,50,20,20
34,9488,0.09570846076446628,0.038573540503644574,0.14622673174253767,0.7194912669893521,50,20,20
34,9489,0.09570846076965646,0.03857354050376687,0.14622536671129088,0.7194926320152862,50,20,20
34,9490,0.0957084607695658,0.03857354051073649,0.14622912831801885,0.7194888704016793,50,20,20
34,9491,0.0956738116706881,0.03857352599900206,0.14626379192355402,0.7194888704067566,50,20,20
34,9492,0.09567381167059703,0.038573525998879726,0.1462604396417305,0.7194922226887936,50,20,20
34,9493,0.09567381124487255,0.03857340400225872,0.14626050888019618,0.7194922758726733,50,20,20
34,9494,0.09567381124487255,0.03857340400225872,0.14626054915107237,0.7194922356017972,50,20,20
34,9495,0.09567381124487255,0.03857340400225872,0.1462605086306531,0.7194922761222164,50,20,20
34,9496,0.09567381124487415,0.038573404002260864,0.1462637539569946,0.7194890307958712,50,20,20
34,9497,0.09567381124478311,0.03857340400226083,0.14626373161508185,0.7194890531378749,50,20,20
34,9498,0.09567381153953412,0.038573404009325435,0.1463385037968922,0.7194142806542491,50,20,20
34,9499,0.09567381153953412,0.038573404009325435,0.14647053044047562,0.7192822540106651,50,20,20
34,9500,0.09570173543741822,0.038576036869312526,0.14572871065373197,0.7199935170395376,50,20,20
34,9501,0.09571822421644581,0.03857603674882645,0.1457122552986627,0.7199934837360651,50,20,20
34,9502,0.09569050856138134,0.03857340392854729,0.14645787534708052,0.7192782121629914,50,20,20
34,9503,0.09569029884122886,0.038855738303592194,0.14617576242767158,0.7192782004275076,50,20,20
34,9504,0.09569029884122887,0.03885573830371449,0.14617812293985144,0.7192758399152055,50,20,20
34,9505,0.09569029854647784,0.0388557382966477,0.14614714578252294,0.7193068173743518,50,20,20
34,9506,0.10022567949682641,0.03885564511638063,0.14161228772509846,0.7193063876616946,50,20,20
34,9507,0.10022567812094034,0.038573323020210604,0.14189126339374802,0.7193097354651015,50,20,20
34,9508,0.1002256781209407,0.038573323020210604,0.14189452537562475,0.7193064734832244,50,20,20
34,9509,0.1002256781209391,0.03857332302020846,0.1418921732798857,0.7193088255789672,50,20,20
34,9510,0.10022567809725821,0.03942546037608591,0.1410400359503494,0.7193088255763069,50,20,20
34,9511,0.10022567809206812,0.039425460376083764,0.14103778139177311,0.7193110801400756,50,20,20
34,9512,0.10020140838842803,0.03942546037611187,0.1410620510953806,0.7193110801400802,50,20,20
34,9513,0.10020140838842963,0.03942546037611406,0.14106535435720283,0.7193077768782541,50,20,20
34,9514,0.10020206572631253,0.03942546037611381,0.14106469701938676,0.7193077768781876,50,20,20
34,9515,0.10020638127303667,0.03936924418694793,0.14111668015459952,0.7193076943854163,50,20,20
34,9516,0.10020638127303672,0.039369244186948,0.14111673733649444,0.7193076372035212,50,20,20
34,9517,0.10021504003663056,0.0393692436814411,0.14111196264506293,0.7193037536368655,50,20,20
34,9518,0.10021504003663095,0.03936924368144321,0.14111204677328984,0.7193036695086361,50,20,20
34,9519,0.10021504003144038,0.039369243681320915,0.14111013084155163,0.7193055854456872,50,20,20
34,9520,0.1002150400314404,0.039369243681320956,0.14111017237584875,0.71930554391139,50,20,20
34,9521,0.10021504003144044,0.039369243688227494,0.14129645230300641,0.7191192639773257,50,20,20
34,9522,0.10021504003144005,0.039369243688227494,0.14142631524621074,0.7189894010341217,50,20,20
34,9523,0.08889695771128721,0.039369248336750574,0.15274437113062345,0.7189894228213387,50,20,20
34,9524,0.06896553724309266,0.03936924877476619,0.17267567417017035,0.718989539811972,50,20,20
34,9525,0.06896553724309264,0.03936924877464388,0.17267449470779295,0.7189907192744717,50,20,20
34,9526,0.06896553724309262,0.039369248774643845,0.1726744541498535,0.7189907598324112,50,20,20
34,9527,0.06896553724309264,0.03936924877464388,0.17286094784681907,0.7188042661354455,50,20,20
34,9528,0.06896587879141704,0.03937006939230205,0.17285971832001126,0.7188043334962708,50,20,20
34,9529,0.06896587879150809,0.03937006939229994,0.17281597037944696,0.7188480814367456,50,20,20
34,9530,0.06896587879668938,0.0393700693992559,0.17267486451632436,0.7189891872877311,50,20,20
34,9531,0.0689658787966894,0.03937006939925598,0.17267721483437756,0.7189868369696777,50,20,20
34,9532,0.0689658787966894,0.03937006939925598,0.17249301383846977,0.7191710379655855,50,20,20
34,9533,0.06896587879678047,0.039370069399258086,0.17242912450106102,0.7192349273029011,50,20,20
34,9534,0.06896587879687313,0.03937006939925809,0.1724299362245957,0.7192341155792735,50,20,20
34,9535,0.0689658787967827,0.03937006939925816,0.17237000263410987,0.7192940491698497,50,20,20
34,9536,0.06896587879680528,0.03937006939938172,0.1725031208786943,0.7191609309251191,50,20,20
34,9537,0.06896587879689635,0.03937006939938176,0.17250636392132143,0.719157687882401,50,20,20
34,9538,0.06896587879171506,0.039370069392425766,0.1724620580796948,0.7192019937361649,50,20,20
34,9539,0.06896587879171506,0.039370069392423615,0.1724643103684904,0.7191997414473715,50,20,20
34,9540,0.06896587879171508,0.039370069392423615,0.17246429138069655,0.7191997604351653,50,20,20
34,9541,0.06896587879171505,0.03937006939242362,0.17246755218255624,0.7191964996333056,50,20,20
34,9542,0.068965878791624,0.039370069392421436,0.1724642496306567,0.7191998021852983,50,20,20
34,9543,0.06896587879162387,0.03876210722677538,0.17307221179625565,0.7191998021853456,50,20,20
34,9544,0.06896640042256467,0.038762107223402904,0.17307174349548926,0.7191997488585438,50,20,20
34,9545,0.06896640042256467,0.03876210722340505,0.1730717268370508,0.71919976551698,50,20,20
34,9546,0.0689664004224736,0.03876210722340712,0.1730717425453658,0.7191997498087541,50,20,20
34,9547,0.06896640042247398,0.03876210722352865,0.1732049042263962,0.7190665881276017,50,20,20
34,9548,0.06896640042256505,0.03876210722352866,0.17320488019996233,0.7190666121539445,50,20,20
34,9549,0.06896640042256505,0.03876210722352655,0.17320713249438413,0.7190643598595247,50,20,20
34,9550,0.06896640042256467,0.038762107216559046,0.1732033237937778,0.719068168567099,50,20,20
34,9551,0.06896640042254208,0.03876210721643756,0.17307345061530668,0.7191980417457142,50,20,20
34,9552,0.06897505343382514,0.03876210747185973,0.17306472915458837,0.7191981099397272,50,20,20
34,9553,0.06897505343382511,0.03876210746495315,0.17287763953887222,0.71938519956235,50,20,20
34,9554,0.07998959354375022,0.038762102995327175,0.16186310919747776,0.7193851942634454,50,20,20
34,9555,0.07420155532263852,0.03876210428276589,0.16765077134535894,0.7193855690492373,50,20,20
34,9556,0.07420155532263735,0.03876210428276804,0.1676515206551545,0.7193848197394405,50,20,20
34,9557,0.0739437552740085,0.03876210456358193,0.16790932041986292,0.7193848197425471,50,20,20
34,9558,0.0739437552740085,0.03876210456358193,0.16790931942105713,0.7193848207413529,50,20,20
34,9559,0.07394375527400847,0.038762104563579786,0.16791157169540333,0.719382568467009,50,20,20
34,9560,0.07394375527400861,0.03936998731865025,0.16730368894037997,0.7193825684669618,50,20,20
34,9561,0.07394375527400862,0.03936998731865025,0.1673036897929433,0.7193825676143984,50,20,20
34,9562,0.07394375527400862,0.03936998731865025,0.1673025504238985,0.7193837069834431,50,20,20
34,9563,0.07394375527400902,0.03936998731865029,0.16725970684598226,0.7194265505613591,50,20,20
34,9564,0.07463240761772617,0.03936997534604166,0.1489359956054924,0.7370616214307409,50,20,20
34,9565,0.07463240761763829,0.03936997534604163,0.14907895362011545,0.7369186634162058,50,20,20
34,9566,0.07463230108402145,0.03936997533869082,0.1490791283921589,0.73691859518513,50,20,20
34,9567,0.07463230108402145,0.03936997533869082,0.14907912768123585,0.7369185958960531,50,20,20
34,9568,0.07463230108402144,0.03936997533856852,0.14907906084404368,0.7369186627333677,50,20,20
34,9569,0.07463230108402144,0.03936997533856848,0.14894593515466548,0.7370517884227459,50,20,20
34,9570,0.07463230108402144,0.03936997533856848,0.14894593511641474,0.7370517884609967,50,20,20
34,9571,0.07463230108404369,0.03936997533856641,0.1490717032002925,0.7369260203770986,50,20,20
34,9572,0.07463230108447742,0.03996690204429977,0.14847477649412405,0.7369260203771,50,20,20
34,9573,0.07463230108447781,0.03996690204430191,0.1485395369024341,0.7368612599687875,50,20,20
34,9574,0.0746323010840441,0.039978129680900885,0.1485283092663167,0.7368612599687395,50,20,20
34,9575,0.07463230108404546,0.039978129680902995,0.14857453891402297,0.7368150303210298,50,20,20
34,9576,0.08862849253089791,0.0399781296808093,0.13457834749273295,0.7368150302955612,50,20,20
34,9577,0.08862849255989629,0.03997812968541616,0.1345783474591209,0.7368150302955678,50,20,20
34,9578,0.08862849256588703,0.039353657050566454,0.13520282008528875,0.7368150302982589,50,20,20
34,9579,0.08862849227004496,0.039353657050563554,0.13533264571512574,0.7366852049642669,50,20,20
34,9580,0.08862849227004457,0.039353657050563554,0.13533495410575958,0.7366828965736336,50,20,20
34,9581,0.08862849227004457,0.03935365705056352,0.13533260347418832,0.7366852472052048,50,20,20
34,9582,0.08862849227004667,0.03935365708487029,0.1536059684786558,0.7184118821664286,50,20,20
34,9583,0.08862849227004509,0.039353657084868154,0.1536059680118564,0.7184118826332317,50,20,20
34,9584,0.08862849226995241,0.03935365708487028,0.15379166746089457,0.7182261831842842,50,20,20
34,9585,0.08862849226995241,0.03935365708487021,0.15379012758065935,0.7182277230645195,50,20,20
34,9586,0.08861390028291133,0.03935367738096265,0.15380469927232032,0.7182277230638064,50,20,20
34,9587,0.08861390028282026,0.039353677380960496,0.1538038847162405,0.7182285376199793,50,20,20
34,9588,0.08861390028282026,0.03935367738096265,0.15380394522424015,0.7182284771119773,50,20,20
34,9589,0.08861390028282186,0.039353677381084945,0.15380729749086053,0.7182251248452332,50,20,20
34,9590,0.08864068940081456,0.039353677377732016,0.1537805568539172,0.718225076367536,50,20,20
34,9591,0.08864068940081456,0.039353677377610516,0.15364852148670813,0.7183571117348666,50,20,20
34,9592,0.08864068940081415,0.03935367737760837,0.15364842313961882,0.7183572100819583,50,20,20
34,9593,0.08864068940089423,0.03935367738364662,0.15584468858634526,0.7161609446291135,50,20,20
34,9594,0.08864068940089422,0.03935367738364658,0.15584142631173176,0.7161642069037271,50,20,20
34,9595,0.0886406894008926,0.03935367738364444,0.15583818098101115,0.7161674522344513,50,20,20
34,9596,0.08864068940089423,0.03935367738376674,0.15583936046310323,0.7161662727522355,50,20,20
34,9597,0.08864068940089426,0.03935367738376674,0.15583931801378945,0.7161663152015493,50,20,20
34,9598,0.08864068940089426,0.03935367738376678,0.15583931902639844,0.7161663141889402,50,20,20
34,9599,0.08864068940089583,0.03935367738376678,0.15583777539396923,0.7161678578213677,50,20,20
34,9600,0.08864069360453207,0.039353677786905454,0.15589746317264055,0.7161081654359214,50,20,20
34,9601,0.08864069360453206,0.03935367778702775,0.15589752917150396,0.716108099436936,50,20,20
34,9602,0.08864069360453206,0.03935367778702772,0.15589519274636637,0.7161104358620735,50,20,20
34,9603,0.09117209876406146,0.03935367689865075,0.15336378234011028,0.7161104419971771,50,20,20
34,9604,0.09117209876406146,0.03935367689864864,0.15336449444598116,0.7161097298913084,50,20,20
34,9605,0.09117209876406149,0.03935367689865075,0.15336224215177438,0.7161119821855132,50,20,20
34,9606,0.09117741497830806,0.03935378211805939,0.1533568205313005,0.716111982372332,50,20,20
34,9607,0.09117741497960573,0.03935378211805947,0.15335800709506053,0.7161107958072742,50,20,20
34,9608,0.09117209121174008,0.03935378535696403,0.1533633278081235,0.7161107956231723,50,20,20
34,9609,0.09117209121173964,0.03935378535696192,0.15336255452450545,0.7161115689067928,50,20,20
34,9610,0.09716158693566834,0.039353785360329595,0.1473730587481971,0.7161115689558047,50,20,20
34,9611,0.09716158273203171,0.03935378495731205,0.1474987913140209,0.7159858409966353,50,20,20
34,9612,0.09647293034525863,0.03935378460662961,0.1458259622288733,0.7183473228192386,50,20,20
34,9613,0.09647293034525863,0.039353784606509505,0.14582591330803343,0.7183473717401987,50,20,20
34,9614,0.09647293034525824,0.03935378460650947,0.14582260978681055,0.7183506752614219,50,20,20
34,9615,0.09647278158141473,0.03935379641980856,0.14582286371001463,0.7183505582887623,50,20,20
34,9616,0.09648150965970775,0.04482972702089558,0.14033827111356909,0.7183504922058274,50,20,20
34,9617,0.09671025179780214,0.04482959829558848,0.14010965756528534,0.718350492341324,50,20,20
34,9618,0.09668077270055594,0.044829598308144376,0.14013913493643765,0.7183504940548621,50,20,20
34,9619,0.09668077269925827,0.04482959830814434,0.14027110020021807,0.7182185287923792,50,20,20
34,9620,0.09668077269925827,0.044829598308144376,0.1402711576744537,0.7182184713181438,50,20,20
34,9621,0.09668077269927748,0.04482959830814618,0.14326278629493167,0.7152268426976448,50,20,20
34,9622,0.09668077269930024,0.04482959830826852,0.14326520406354265,0.7152244249288887,50,20,20
34,9623,0.09668077269920937,0.04482959830826645,0.14328368780305076,0.7152059411894734,50,20,20
34,9624,0.09668077429236123,0.044836549513515254,0.14500331823558826,0.7134793579585349,50,20,20
34,9625,0.09648303406459555,0.04483656274924547,0.14520104429412112,0.7134793588920375,50,20,20
34,9626,0.09648303406459714,0.04483656275620116,0.14524490753101302,0.7134354956481883,50,20,20
34,9627,0.09648303406459716,0.04483656275620117,0.14511409199760616,0.713566311181595,50,20,20
34,9628,0.09648303406459718,0.0448365627562012,0.14511739341295454,0.7135630097662466,50,20,20
34,9629,0.09648303406468763,0.044836562756081035,0.14524814605024616,0.7134322571289848,50,20,20
34,9630,0.09648303406466843,0.04483656275607923,0.14212449016031425,0.716555913018938,50,20,20
34,9631,0.09101257551520794,0.04483668353563301,0.1475952190233385,0.7165555219258202,50,20,20
34,9632,0.09101257551511827,0.04483668353563306,0.1474621401468493,0.7166886008023989,50,20,20
34,9633,0.09101257550956075,0.04524884176441277,0.14704998192356902,0.7166886008024571,50,20,20
34,9634,0.09097918284863686,0.04561247212749536,0.14671973471591515,0.7166886103079522,50,20,20
34,9635,0.09103764292562251,0.04524884345654317,0.145527558446332,0.718185955171502,50,20,20
34,9636,0.09103764292562251,0.045248843456543175,0.14552985143176655,0.7181836621860674,50,20,20
34,9637,0.0910376429256225,0.045248843456541066,0.14552754088998426,0.7181859727278517,50,20,20
34,9638,0.09103764298795498,0.04524884345626542,0.14632348915209797,0.7173900244036812,50,20,20
34,9639,0.091037642987955,0.04524884345626332,0.1461369787438223,0.7175765348119589,50,20,20
34,9640,0.091037642987955,0.04524884345626329,0.14613462883115097,0.7175788847246303,50,20,20
34,9641,0.09103764298795487,0.04526004239896165,0.14612342988845184,0.717578884724631,50,20,20
34,9642,0.09170936846860078,0.04526005017152079,0.12808705008378202,0.7349435312760959,50,20,20
34,9643,0.09170936846860078,0.04526005017152079,0.12808705008378202,0.7349435312760959,50,20,20
34,9644,0.08994505274683268,0.04526054411654873,0.12971671892734354,0.7350776842092744,50,20,20
34,9645,0.08994505274683265,0.045260544116546585,0.1297166775441816,0.7350777255924386,50,20,20
34,9646,0.08994505274683266,0.04526054411654876,0.12984984313380113,0.7349445600028172,50,20,20
34,9647,0.08994505274683107,0.04526054411654879,0.1298490455553636,0.7349453575812562,50,20,20
34,9648,0.08994505274683029,0.04526054411654876,0.1298490526729714,0.7349453504636492,50,20,20
34,9649,0.08994505274692081,0.04526054412344864,0.13005420613656848,0.7347401969930617,50,20,20
34,9650,0.08994505274691923,0.045260544116615266,0.13000917245612,0.7347852306803451,50,20,20
34,9651,0.08994505274691923,0.0452605441166153,0.13000687949404793,0.7347875236424172,50,20,20
34,9652,0.08994505274648791,0.045468054267965706,0.12979936934587802,0.7347875236396679,50,20,20
34,9653,0.08994505274655612,0.04546805426796567,0.12971969832654656,0.7348671946589314,50,20,20
34,9654,0.08994505274655612,0.04546805426796567,0.12971981331928353,0.7348670796661944,50,20,20
34,9655,0.08994505274655609,0.04546805426796567,0.1297230741175615,0.7348638188679163,50,20,20
34,9656,0.08994505274785357,0.04546805427493604,0.12972715670062338,0.7348597362765866,50,20,20
34,9657,0.08994505274785361,0.04546805427493604,0.12972714030445806,0.7348597526727519,50,20,20
34,9658,0.08994505274785361,0.0454680542749382,0.12991288081206398,0.7346740121651439,50,20,20
34,9659,0.08560259763336953,0.04546756044124983,0.13438995075799912,0.734539891167381,50,20,20
34,9660,0.08560259763336957,0.0454675604412498,0.13451982243233337,0.7344100194930467,50,20,20
34,9661,0.08560259763336996,0.0454675604412498,0.13451983985521512,0.7344100020701646,50,20,20
34,9662,0.0856025976333699,0.04517833620395634,0.13480906409250865,0.7344100020701646,50,20,20
34,9663,0.08559169095232078,0.04517832970317584,0.13481817240572544,0.7344118069387773,50,20,20
34,9664,0.0855916909523208,0.04517832970317799,0.13481931190195942,0.7344106674425411,50,20,20
34,9665,0.06742108712701954,0.04517832970329333,0.1529899159400033,0.7344106672296837,50,20,20
34,9666,0.06742108712692868,0.04517832970329328,0.1529437607559354,0.7344568224138425,50,20,20
34,9667,0.06742108712695144,0.0451783297102639,0.15294720353463007,0.7344533796281545,50,20,20
34,9668,0.06742108712686094,0.045178329703364016,0.15274095228416784,0.734659630885607,50,20,20
34,9669,0.06742108712695019,0.04517832970324172,0.1527886831571108,0.7346119000126972,50,20,20
34,9670,0.06742108705356227,0.04517832969619508,0.15278854927079724,0.7346120339794452,50,20,20
34,9671,0.0674210870535619,0.045178329696193016,0.15272709055273145,0.7346734926975134,50,20,20
34,9672,0.06736262621992138,0.0451783280182346,0.15335583411379716,0.7341032116480466,50,20,20
34,9673,0.0673626262199198,0.04517832801823452,0.1532910731995556,0.7341679725622897,50,20,20
34,9674,0.06736262615750845,0.045178328012350395,0.15016572482011337,0.7372933210100275,50,20,20
34,9675,0.07296438178746484,0.045178337806929855,0.14456399300039713,0.7372932874052076,50,20,20
34,9676,0.07296438178746484,0.045178337806929855,0.14456150243564406,0.7372957779699607,50,20,20
34,9677,0.07296438178746169,0.04517833780692989,0.14441618679778107,0.7374410936078268,50,20,20
34,9678,0.07296438178746173,0.04517833780692989,0.1444154179535676,0.7374418624520402,50,20,20
34,9679,0.07296438178737166,0.045178337806929855,0.14434658284221868,0.7375106975634793,50,20,20
34,9680,0.07296438178737166,0.045178337806929855,0.14434333868324256,0.7375139417224559,50,20,20
34,9681,0.07296438178737166,0.045178337806932006,0.14434658307514556,0.7375106973305506,50,20,20
34,9682,0.07296438178609693,0.04517833779996164,0.14434582627491013,0.7375114541390313,50,20,20
34,9683,0.0729643817860969,0.045178337799959535,0.1445322794332136,0.73732500098073,50,20,20
34,9684,0.07296438178609692,0.04517833779995953,0.14452907480870877,0.7373282056052346,50,20,20
34,9685,0.07296438178607578,0.04517833779995953,0.1445280761903755,0.737329204223589,50,20,20
34,9686,0.07296438178607738,0.04517833780007941,0.14457131577371649,0.7372859646401266,50,20,20
34,9687,0.07296438178607736,0.04517833780007937,0.1445713895202448,0.7372858908935984,50,20,20
34,9688,0.07296438178616681,0.04517833780007937,0.1445698333699359,0.7372874470438178,50,20,20
34,9689,0.07296438178616496,0.04486420685257492,0.14488396431474893,0.7372874470465112,50,20,20
34,9690,0.07296438178616615,0.04486420685257703,0.1448862574388703,0.7372851539223866,50,20,20
34,9691,0.0711384357819244,0.04486420881383438,0.14671220148186523,0.7372851539223763,50,20,20
34,9692,0.07045942862182716,0.044864188789934555,0.14475822807335267,0.739918154514886,50,20,20
34,9693,0.07045942891638758,0.04486418878993669,0.1448481903964723,0.7398281918972037,50,20,20
34,9694,0.07224733125489076,0.04486418877842224,0.1430602892343528,0.7398281907323342,50,20,20
34,9695,0.07224733125489076,0.04486418877842225,0.14306028952651484,0.7398281904401719,50,20,20
34,9696,0.07224733125495905,0.044864188778302096,0.1430600942286897,0.7398283857380489,50,20,20
34,9697,0.07224733125505012,0.044864188778306426,0.14292856619222466,0.7399599137744185,50,20,20
34,9698,0.07224733125495908,0.04486418877830639,0.14292779488977758,0.7399606850769567,50,20,20
34,9699,0.07224733125505012,0.044864188778306426,0.142926768065747,0.7399617119008961,50,20,20
34,9700,0.07224733125505015,0.044853166255630066,0.14293779058564543,0.7399617119036741,50,20,20
34,9701,0.07051291784360107,0.04485318805698259,0.1446721883341029,0.7399617057653133,50,20,20
34,9702,0.07051291784887058,0.04485318806393825,0.1446538190688875,0.7399800750183034,50,20,20
34,9703,0.07051291784887058,0.04485318806393821,0.1446538045571821,0.7399800895300085,50,20,20
34,9704,0.07051291784887058,0.044853188063938176,0.14465299372621923,0.7399809003609712,50,20,20
34,9705,0.07051291784887058,0.044853188063938225,0.14465299401459034,0.7399809000726002,50,20,20
34,9706,0.07051291784887058,0.044853188063938225,0.14465289900163872,0.739980995085552,50,20,20
34,9707,0.07051292225405838,0.044853193961374424,0.1454883235127621,0.7391455602718046,50,20,20
34,9708,0.07051288348257076,0.05545512352633497,0.13488642793077316,0.7391455650603207,50,20,20
34,9709,0.07051288348257076,0.055455123526334936,0.13488644361519364,0.7391455493759003,50,20,20
34,9710,0.07228044327030395,0.055455129734652206,0.13311716039446772,0.7391472666005748,50,20,20
34,9711,0.07228044327032504,0.05545512973465006,0.1331786223797037,0.7390858046153199,50,20,20
34,9712,0.07228044327032662,0.055455129734770195,0.13304787349410055,0.7392165535008014,50,20,20
34,9713,0.07228044327032662,0.055455129734649056,0.13286366317696097,0.739400763818062,50,20,20
34,9714,0.07228044327032662,0.055455129734649056,0.13286366418014484,0.7394007628148782,50,20,20
34,9715,0.0722804432703266,0.05545512973464902,0.1328636229284845,0.7394008040665386,50,20,20
34,9716,0.07410625207180904,0.05545512381879338,0.13112945856894442,0.7393091655404518,50,20,20
34,9717,0.07410625207192213,0.055455123825720855,0.13125427930508513,0.7391843447972707,50,20,20
34,9718,0.08017219840642512,0.05545528998909896,0.1251872640243681,0.7391852475801073,50,20,20
34,9719,0.08017215539345926,0.06399405578770266,0.11664854587558011,0.7391852429432576,50,20,20
34,9720,0.08017217407302954,0.06398710642587624,0.11662640012714817,0.7392143193739448,50,20,20
34,9721,0.08017217407294012,0.0639871064258741,0.11662652941257522,0.7392141900886093,50,20,20
34,9722,0.07834636324879166,0.06398710903140344,0.11845164197074107,0.7392148857490625,50,20,20
34,9723,0.07834636324879163,0.06398710903140133,0.11863809526883254,0.7390284324509732,50,20,20
34,9724,0.07834636324879163,0.06398710903140133,0.11863815321691595,0.7390283745028897,50,20,20
34,9725,0.07834636086695251,0.06453017630712356,0.11809578397918882,0.7390276788467338,50,20,20
34,9726,0.0783463608680991,0.06453019631857608,0.1204266816556683,0.7366967611576551,50,20,20
34,9727,0.0783463608680991,0.06453019631857822,0.12042998391550767,0.7366934588978136,50,20,20
34,9728,0.07834634290946861,0.06453086820697278,0.12045836124897998,0.7366644276345774,50,20,20
34,9729,0.07834634290958464,0.06513357131307328,0.11985565814267966,0.7366644276346612,50,20,20
34,9730,0.07834634290958305,0.06513357131307117,0.11985334761324666,0.736666738164098,50,20,20
34,9731,0.07834634290958305,0.06513357131307122,0.11985653472935415,0.7366635510479904,50,20,20
34,9732,0.07834634290958145,0.06513357131294895,0.11985417491219746,0.7366659108652709,50,20,20
34,9733,0.07834634290431153,0.06513357130599329,0.11980783688077944,0.7367122489089144,50,20,20
34,9734,0.07834634290431153,0.06513357130599329,0.11980778066821797,0.7367123051214759,50,20,20
34,9735,0.07834634290431358,0.06512879449537634,0.11981255747883354,0.7367123051214751,50,20,20
34,9736,0.0783463457397183,0.06458572771400284,0.1203084314458731,0.7367594951004043,50,20,20
34,9737,0.0783463457397183,0.06458572771400284,0.12030843215277805,0.7367594943934993,50,20,20
34,9738,0.08278978798652792,0.06458554427531704,0.115866075164361,0.7367585925737924,50,20,20
34,9739,0.08264455372029562,0.06458568828988243,0.11601114112040213,0.7367586168694182,50,20,20
34,9740,0.0826445537202272,0.06458568829000177,0.1161442045746362,0.7366255534151334,50,20,20
34,9741,0.08273043256659215,0.06459377918334294,0.11605883492648345,0.7366169533235799,50,20,20
34,9742,0.08273043256659376,0.06459377918334298,0.11605964594047928,0.7366161423095825,50,20,20
34,9743,0.07441370926485526,0.06459365776596554,0.12437637630492607,0.7366162566642523,50,20,20
34,9744,0.07441370926476576,0.06459365776596124,0.12437587014974946,0.7366167628195228,50,20,20
34,9745,0.07441370926476576,0.0645936577659612,0.12437351952100746,0.7366191134482648,50,20,20
34,9746,0.07441370926485623,0.06459365776608265,0.12450663797691569,0.7364859949921445,50,20,20
34,9747,0.07441370926485623,0.0645936577660827,0.12450994007131505,0.7364826928977452,50,20,20
34,9748,0.07441370926485623,0.0645936577660827,0.12450995363563071,0.7364826793334294,50,20,20
34,9749,0.07441370926474312,0.0645936577591552,0.12438278397147834,0.7366098490046223,50,20,20
34,9750,0.07263211016424849,0.06644570528505273,0.12431314089023099,0.736609043660467,50,20,20
34,9751,0.07263211016424849,0.0664457052849305,0.12431526282033006,0.73660692173049,50,20,20
34,9752,0.07264295736374572,0.06644570528152474,0.1243044156686908,0.736606921686038,50,20,20
34,9753,0.0726521856362401,0.06644504602729963,0.12429590197613244,0.7366068663603269,50,20,20
34,9754,0.07265218563624008,0.0664450460273017,0.12429495134971884,0.7366078169867385,50,20,20
34,9755,0.07264444858953566,0.06644517457249126,0.12430255948084667,0.7366078173571254,50,20,20
34,9756,0.07264444858953406,0.06644517457237137,0.12425611590023371,0.7366542609378599,50,20,20
34,9757,0.07264444858953568,0.06644517457237137,0.12407041964276458,0.7368399571953275,50,20,20
34,9758,0.07264444858953568,0.06644517457236923,0.12407036013862975,0.7368400166994644,50,20,20
34,9759,0.07264444858952804,0.06644222263540758,0.12407331207559938,0.736840016699464,50,20,20
34,9760,0.07264444858950546,0.06644222263528608,0.12394248660207115,0.7369708421731361,50,20,20
34,9761,0.07264444858950543,0.06644222263528604,0.12394256000397828,0.7369707687712292,50,20,20
34,9762,0.07265286066574629,0.06644232821480321,0.12390374485502145,0.7370010662644283,50,20,20
34,9763,0.07265286066574662,0.06644232821480109,0.12702858182637217,0.7338762292930795,50,20,20
34,9764,0.07275988381488965,0.0664423572453495,0.12695181488334023,0.73384594405642,50,20,20
34,9765,0.07275988381374465,0.06644233723389914,0.12480746791392149,0.7359903110384338,50,20,20
34,9766,0.07275988381374465,0.0664423372338991,0.12480741096937605,0.7359903679829795,50,20,20
34,9767,0.07267400221156634,0.06643424329541069,0.12493914320601675,0.7359526112870052,50,20,20
34,9768,0.07267400221156634,0.06643424329541073,0.12493920016812236,0.7359525543248995,50,20,20
34,9769,0.07267400221156635,0.06643424329541286,0.12494238752778919,0.7359493669652305,50,20,20
34,9770,0.07536479597831845,0.06643423744155841,0.1222516005673818,0.7359493660127402,50,20,20
34,9771,0.07536479597831844,0.06643423744155837,0.1222516164958601,0.7359493500842619,50,20,20
34,9772,0.07536479597831844,0.06643423744155837,0.12225155925905996,0.7359494073210623,50,20,20
34,9773,0.07112073551296201,0.06643409342761611,0.12649578786484952,0.7359493831945714,50,20,20
34,9774,0.0711207355129636,0.06643409342761614,0.1264925441203216,0.7359526269390979,50,20,20
34,9775,0.07112073551296198,0.06643409342761614,0.12649024983617635,0.7359549212232447,50,20,20
34,9776,0.07111010069345286,0.06643409343102513,0.12650088462190529,0.7359549212536158,50,20,20
34,9777,0.07111010069345286,0.06643409343102517,0.12654702982285163,0.7359087760526696,50,20,20
34,9778,0.07111010069345126,0.06643409343102513,0.12655027354759105,0.7359055323279317,50,20,20
34,9779,0.07111010069345128,0.06643409343102513,0.1265502352932873,0.7359055705822355,50,20,20
34,9780,0.07111010069345128,0.06643409343102513,0.1265513733630255,0.7359044325124975,50,20,20
34,9781,0.07182283787897376,0.06645358368065812,0.1257263334501326,0.7359972449902351,50,20,20
34,9782,0.07182283787897532,0.06645358368065808,0.12572632547329632,0.73599725296707,50,20,20
34,9783,0.07180495785786672,0.08096089666870718,0.11123689501982835,0.7359972504535974,50,20,20
34,9784,0.07180495785786711,0.08096089666870718,0.11123689578322563,0.7359972496901998,50,20,20
34,9785,0.07000927881803859,0.08096089668759604,0.11303250418357448,0.7359973203107905,50,20,20
34,9786,0.070009278818037,0.08096089668759389,0.11303015309900395,0.7359996713953647,50,20,20
34,9787,0.07000927881805977,0.08096089668759818,0.11303475603023606,0.7359950684641057,50,20,20
34,9788,0.07000927881805856,0.08096089668772026,0.11308086277245835,0.7359489617217625,50,20,20
34,9789,0.07000928857729093,0.08096089686496877,0.11308162302740453,0.7359481915303359,50,20,20
34,9790,0.07000928857738219,0.08096089686497089,0.11312770057685341,0.7359021139807935,50,20,20
34,9791,0.08378781125734822,0.08096129632874499,0.09934880799486391,0.7359020844190431,50,20,20
34,9792,0.08378781125732586,0.08096129632874073,0.09934427562263365,0.7359066167913,50,20,20
34,9793,0.08378781125732544,0.08096129632874069,0.09934421818996349,0.7359066742239706,50,20,20
34,9794,0.08378781125732541,0.08096129632874069,0.09934419821343891,0.735906694200495,50,20,20
34,9795,0.07785920563937922,0.08096129632753266,0.10527280386765824,0.7359066941654296,50,20,20
34,9796,0.07785920563946995,0.08096129632753271,0.10214795118777786,0.7390315468452193,50,20,20
34,9797,0.07785922243254817,0.0809612963343545,0.10218807669953599,0.7389914045335613,50,20,20
34,9798,0.07785922243260585,0.08096129633889135,0.10917208573961,0.7320073954888927,50,20,20
34,9799,0.07785922243260461,0.08096129633901322,0.10923599215376284,0.7319434890746191,50,20,20
34,9800,0.08383196126847216,0.08096089664325856,0.10326368645617742,0.7319434556320918,50,20,20
34,9801,0.08383196126847216,0.08096089664325856,0.10326040430928174,0.7319467377789873,50,20,20
34,9802,0.0838319612684725,0.08096089664941837,0.10558984227141685,0.7296172998106921,50,20,20
34,9803,0.08383000903829906,0.07910883615116898,0.10742029594305881,0.7296408588674725,50,20,20
34,9804,0.08383000903829867,0.07910883615116895,0.10742028160266988,0.7296408732078619,50,20,20
34,9805,0.08383000904348888,0.07910883615129338,0.10742357753269108,0.729637577272526,50,20,20
34,9806,0.08383000904348885,0.07910883615129331,0.10742027613920219,0.729640878666015,50,20,20
34,9807,0.08383000904342958,0.0791088361467586,0.10043522583654703,0.7366259289732646,50,20,20
34,9808,0.0838300090434296,0.0791088361467586,0.10024873185986592,0.7368124229499458,50,20,20
34,9809,0.08383000904343277,0.07910883614675644,0.1000622618259247,0.736998892983886,50,20,20
34,9810,0.08145998117908027,0.07910883635547762,0.10243228897958873,0.7369988934858527,50,20,20
34,9811,0.08145998117908027,0.07910883635547764,0.10243234546688035,0.7369988369985613,50,20,20
34,9812,0.08145998117908188,0.07910883635547764,0.10243242609682573,0.7369987563686142,50,20,20
34,9813,0.08145998122620828,0.07910883635555552,0.10969084474725657,0.7297403376709787,50,20,20
34,9814,0.08145998122620826,0.07910883635567698,0.10982397946133908,0.7296072029567745,50,20,20
34,9815,0.08145996443312964,0.07910883634873317,0.10974005653800853,0.7296911426801276,50,20,20
34,9816,0.08063300072027936,0.07908934527058807,0.11067943834239545,0.7295982156667357,50,20,20
34,9817,0.08063300072027936,0.07908934527058804,0.11063329243008913,0.7296443615790422,50,20,20
34,9818,0.08063300074426179,0.0784853993331667,0.11123723819274087,0.7296443617298293,50,20,20
34,9819,0.08063300073907156,0.07848539933304226,0.11123392532742014,0.7296476746004648,50,20,20
34,9820,0.0806330007389811,0.07848539933292076,0.11110074824674226,0.7297808516813546,50,20,20
34,9821,0.08087957237073519,0.07848540625250244,0.11085229044685235,0.7297827309299094,50,20,20
34,9822,0.08087957237073519,0.07848540625250244,0.11085234766428075,0.729782673712481,50,20,20
34,9823,0.0808795723707336,0.0784854062525046,0.11085312581784906,0.7297818955589122,50,20,20
34,9824,0.08087957237073518,0.07848540625250462,0.1109864243728751,0.7296485970038844,50,20,20
34,9825,0.07827380201861757,0.07848526180043841,0.11359235111323553,0.7296485850677081,50,20,20
34,9826,0.07827380201861574,0.07848512443097307,0.11359248863436987,0.7296485849160409,50,20,20
34,9827,0.07827380201861574,0.07848512443097307,0.1135924693656064,0.7296486041848044,50,20,20
34,9828,0.07827380201861577,0.07848512443097314,0.11359573122528571,0.729645342325125,50,20,20
34,9829,0.0782738020186158,0.07848512443097529,0.11364182494122586,0.7295992486091827,50,20,20
34,9830,0.0782738020186158,0.07848512443097533,0.11364180899430366,0.7295992645561049,50,20,20
34,9831,0.07827380201861621,0.07848512443097322,0.11364213765122728,0.7295989358991829,50,20,20
34,9832,0.07827380335201232,0.07834860415548565,0.11377864805532546,0.7295989444371762,50,20,20
34,9833,0.0749914528678255,0.07834860394236302,0.1170609992652338,0.7295989439245771,50,20,20
34,9834,0.07499145286782519,0.07834860393620324,0.11473391147255287,0.7319260317234182,50,20,20
34,9835,0.07321456124516122,0.07834873380056823,0.11651004360574731,0.7319266613485227,50,20,20
34,9836,0.07321456124516161,0.07834873380057035,0.11651235912905095,0.7319243458252167,50,20,20
34,9837,0.07321456124507054,0.07834873380057028,0.11651227721921503,0.7319244277351438,50,20,20
34,9838,0.07321456124507172,0.07834873380057028,0.11651348860881408,0.7319232163455435,50,20,20
34,9839,0.07321456124498088,0.07834873380057031,0.11646787963732393,0.7319688253171245,50,20,20
34,9840,0.07321456124498085,0.07834873380057028,0.11646461877129295,0.7319720861831556,50,20,20
34,9841,0.0591725762233314,0.0783487823097205,0.13050655317786553,0.7319720882890816,50,20,20
34,9842,0.059172576223331025,0.07834878230983953,0.13069074041528325,0.7317879010515452,50,20,20
34,9843,0.059172576223327826,0.07834878230983953,0.13069065950380032,0.7317879819630315,50,20,20
34,9844,0.059172576223329824,0.07834878230984382,0.13073544431629608,0.7317431971505295,50,20,20
34,9845,0.059172576223329824,0.07834878230984167,0.13073214161230196,0.7317464998545256,50,20,20
34,9846,0.059172576223328256,0.07834878230984167,0.1307313721376525,0.7317472693291768,50,20,20
34,9847,0.05917257617620339,0.07834878230976376,0.12360649617195707,0.738872145342075,50,20,20
34,9848,0.05917257617620499,0.07834878230988605,0.12360891291635062,0.7388697285975576,50,20,20
34,9849,0.059172576176205416,0.0783487823100083,0.12360990127198077,0.7388687402418047,50,20,20
34,9850,0.05917257617620545,0.07834878231001041,0.12360895015393623,0.7388696913598471,50,20,20
34,9851,0.05917257617629787,0.0783487823101298,0.1237401196568264,0.7387385218567453,50,20,20
34,9852,0.05917257617629781,0.0783487823101298,0.12373781023791086,0.7387408312756609,50,20,20
34,9853,0.05917257617671102,0.07749314442221433,0.12459343948871796,0.7387408399123561,50,20,20
34,9854,0.059172576176711046,0.07749314442233551,0.12477999971853734,0.7385542796824156,50,20,20
34,9855,0.0591725761767111,0.07749314442233547,0.12477999945461664,0.7385542799463362,50,20,20
34,9856,0.05917257617671113,0.07749314442233544,0.12478109699461806,0.7385531824063348,50,20,20
34,9857,0.05892615068207865,0.07749315432707626,0.10994900584979313,0.7536316891410516,50,20,20
34,9858,0.05062437048856498,0.07749319685299316,0.11824689121886076,0.7536355414395807,50,20,20
34,9859,0.050624370488565,0.07749319685299316,0.11824687764933879,0.7536355550091025,50,20,20
34,9860,0.05062437048856538,0.07749319685299316,0.1182469140424797,0.7536355186159612,50,20,20
34,9861,0.050620698116037956,0.07749319756634822,0.11763614444222449,0.7542499598753889,50,20,20
34,9862,0.050620698116037983,0.07749319756634826,0.11776931003402512,0.7541167942835884,50,20,20
34,9863,0.05062069812122881,0.0774931975663525,0.11763705958083005,0.7542490447315884,50,20,20
34,9864,0.05062069812122881,0.07749319756635255,0.11763940995496473,0.7542466943574536,50,20,20
34,9865,0.05068486452336427,0.07749319685356623,0.11821544422656376,0.7536064943965054,50,20,20
34,9866,0.05068486452345357,0.07749319685356623,0.1182169397321762,0.7536049988908037,50,20,20
34,9867,0.05068486452345391,0.07749319685356838,0.11822021819632517,0.7536017204266523,50,20,20
34,9868,0.05068486452336146,0.0774931968534469,0.11808671194603787,0.7537352266771535,50,20,20
34,9869,0.050684864523452534,0.0774931968533254,0.11795690042816828,0.7538650381950535,50,20,20
34,9870,0.05068486452347507,0.07749319685332329,0.11814059816896114,0.7536813404542404,50,20,20
34,9871,0.05068486451828425,0.077493196853319,0.11814049275526786,0.7536814458731288,50,20,20
34,9872,0.05068486451837491,0.07749319685319926,0.11807583016465395,0.7537461084637717,50,20,20
34,9873,0.050684864518374874,0.07749319685319712,0.11802972050357173,0.7537922181248561,50,20,20
34,9874,0.05068486451837526,0.07749319685319715,0.11802977278254857,0.7537921658458789,50,20,20
34,9875,0.05068486451826876,0.07749163703828899,0.11803133260033997,0.7537921658431023,50,20,20
34,9876,0.05068486451826873,0.07749163703828894,0.1180312749496503,0.753792223493792,50,20,20
34,9877,0.05068486451826873,0.07749163703828894,0.11803361134933579,0.7537898870941064,50,20,20
34,9878,0.05068486451824603,0.07749163703828892,0.11796884605657006,0.7538546523868951,50,20,20
34,9879,0.05068486451824603,0.07749163703828892,0.11797214827071612,0.753851350172749,50,20,20
34,9880,0.050641851837762576,0.07749159451691204,0.11801905577073157,0.7538474978745938,50,20,20
34,9881,0.05113198380185418,0.0774915947618648,0.11752892356169604,0.7538474978745847,50,20,20
34,9882,0.05190250852649724,0.07749154625064009,0.11675844946411801,0.7538474957587443,50,20,20
34,9883,0.051902508526588315,0.0774915462506422,0.11675619742149987,0.7538497478012693,50,20,20
34,9884,0.051902508526588315,0.07749154625064224,0.11675854804509428,0.7538473971776749,50,20,20
34,9885,0.05190252538914292,0.07749154625076664,0.11662905096918448,0.7539768773909057,50,20,20
34,9886,0.05190252538923398,0.07749154625076667,0.11663031105715534,0.7539756173028438,50,20,20
34,9887,0.05190252538923378,0.07749154625088467,0.11658796409123368,0.7540179642686476,50,20,20
34,9888,0.051902525389233754,0.07749154625088467,0.11658723063920298,0.7540186977206784,50,20,20
34,9889,0.05190252538923415,0.07749154625088686,0.11658954220781786,0.7540163861520608,50,20,20
34,9890,0.05190252538923418,0.07749154625088689,0.116589599147594,0.7540163292122846,50,20,20
34,9891,0.051412555736905015,0.07749154600145067,0.11707956781135315,0.7540163304502907,50,20,20
34,9892,0.05141255573681436,0.07749154600828408,0.11712195271846211,0.7539739455364389,50,20,20
34,9893,0.051412555736814,0.07749154600828405,0.11712194116590297,0.7539739570889985,50,20,20
34,9894,0.05141255573681519,0.07749154600828194,0.11711943321972193,0.7539764650351805,50,20,20
34,9895,0.0514125557367255,0.07749154600827769,0.1171192437316265,0.7539766545233698,50,20,20
34,9896,0.05141163692054654,0.07749152892843289,0.11220298910781605,0.758893845043204,50,20,20
34,9897,0.05141163692054498,0.07749152892843499,0.11220069786543677,0.7588961362855828,50,20,20
34,9898,0.051347160932548555,0.07752880344982312,0.11205070299884114,0.759073332618787,50,20,20
34,9899,0.05056080793925841,0.07752880387096908,0.11283705557156748,0.759073332618205,50,20,20
34,9900,0.05056080793925802,0.07752880386401344,0.11279088298983816,0.7591195052068904,50,20,20
34,9901,0.050560807939258,0.07752880386401557,0.1129216984555183,0.7589886897412081,50,20,20
34,9902,0.05056080793925797,0.0775288038638944,0.11273517846140671,0.759175209735441,50,20,20
34,9903,0.05056080793925796,0.0775288038638944,0.1127351594080167,0.7591752287888309,50,20,20
34,9904,0.050559314977988545,0.07752883798220549,0.11273661865903069,0.7591752283807749,50,20,20
34,9905,0.050559318328365334,0.07752883829806176,0.11684501332755866,0.7550668300460133,50,20,20
34,9906,0.05055931803380651,0.07752883829806172,0.11680116082515007,0.7551106828429807,50,20,20
34,9907,0.05055931803380651,0.07752883829806176,0.1168044629145006,0.75510738075363,50,20,20
34,9908,0.05055931832811737,0.07752883869326997,0.11691205002088007,0.7549997929577316,50,20,20
34,9909,0.05055931832813854,0.07752883869339222,0.11686831972351586,0.7550435232549525,50,20,20
34,9910,0.051022643816996144,0.07753548678615532,0.11639723484327469,0.7550446345535731,50,20,20
34,9911,0.05102264381690509,0.0775354867861553,0.11639723411471842,0.7550446352822204,50,20,20
34,9912,0.05102264381690509,0.07753548678603307,0.11639487219197323,0.7550469972050879,50,20,20
34,9913,0.05102264381690319,0.07669742830432551,0.11723293067363678,0.7550469972051339,50,20,20
34,9914,0.05102264381690282,0.07669742830432547,0.11723285445125624,0.7550470734275149,50,20,20
34,9915,0.0510226438169027,0.07755639044004291,0.11637389231549085,0.7550470734275627,50,20,20
34,9916,0.05102264384136139,0.07732176490607347,0.1166085176684362,0.7550470735841281,50,20,20
34,9917,0.05102264384138394,0.07732176490607555,0.11679177510185963,0.7548638161506801,50,20,20
34,9918,0.05102264384138554,0.07732176490607555,0.11679409885097254,0.7548614924015656,50,20,20
34,9919,0.051022643841294464,0.07732176490607555,0.1167907361183452,0.754864855134284,50,20,20
34,9920,0.05102264384129444,0.0773217649060734,0.11678844252349074,0.7548671487291406,50,20,20
34,9921,0.05102264384132486,0.0637911730147375,0.1303190344148427,0.754867148729094,50,20,20
34,9922,0.051022643841392774,0.0637911730147354,0.13026607523056435,0.7549201079133065,50,20,20
34,9923,0.051022643841392774,0.0637911730147354,0.13026615781564255,0.7549200253282285,50,20,20
34,9924,0.051022626978835,0.06379117301461096,0.13026233199519172,0.7549238680113617,50,20,20
34,9925,0.05102262697890845,0.07732148265300137,0.11673202235672724,0.7549238680113624,50,20,20
34,9926,0.06390839582776855,0.07732148265300166,0.10384625350542473,0.7549238680138045,50,20,20
34,9927,0.06390839580372538,0.07669714220725002,0.1044705941291729,0.7549238678598512,50,20,20
34,9928,0.06390839580372544,0.07669714220725002,0.10460371919991295,0.754790742789111,50,20,20
34,9929,0.06390839580372541,0.07669714220724792,0.10460692295995438,0.7547875390290717,50,20,20
34,9930,0.06390839580363494,0.07669714220724788,0.104473363562022,0.7549210984270947,50,20,20
34,9931,0.06390839580363455,0.07669714220712563,0.10446913076765259,0.7549253312215868,50,20,20
34,9932,0.0639083958036132,0.07669714220700524,0.10679614857801546,0.7525983134113656,50,20,20
34,9933,0.0639083958036128,0.07669714220700305,0.10679379749386829,0.7526006644955153,50,20,20
34,9934,0.06390839580363554,0.076697142207001,0.10679454991178654,0.7525999120775763,50,20,20
34,9935,0.0639083958036583,0.07669714220700316,0.10679464855062876,0.7525998134387091,50,20,20
34,9936,0.06390839580365833,0.07669714220700312,0.1067969587660881,0.7525975032232499,50,20,20
34,9937,0.06390839580365675,0.07669714220700312,0.10666335914595435,0.7527311028433853,50,20,20
34,9938,0.06390839580365675,0.07669714220700313,0.10666333448419914,0.7527311275051405,50,20,20
34,9939,0.06390839580365673,0.07669714220700313,0.10666105995854926,0.7527334020307904,50,20,20
34,9940,0.06390839580365673,0.07669714220700313,0.10666100267834375,0.7527334593109959,50,20,20
34,9941,0.06390839580365712,0.07669714220700527,0.10666214152327685,0.7527323204660603,50,20,20
34,9942,0.06390839580334702,0.07694938950425145,0.10640990286311966,0.7527323118292811,50,20,20
34,9943,0.06390839580344747,0.07694940948753771,0.10876566922928119,0.7503765254797331,50,20,20
34,9944,0.06390839580344605,0.07694940948753583,0.10643629189966962,0.752705902809348,50,20,20
34,9945,0.06390839580858854,0.0769494094944445,0.10649021612789598,0.7526519785690704,50,20,20
34,9946,0.06390839580858851,0.07694940949432334,0.10942844560547917,0.7497137490916085,50,20,20
34,9947,0.0639083958085881,0.07694940949432122,0.10942730574417041,0.7497148889529197,50,20,20
34,9948,0.0639083958085897,0.07694940949432122,0.1063033275760344,0.7528388671210542,50,20,20
34,9949,0.0639083958085897,0.07694940949432122,0.10630440916371463,0.7528377855333739,50,20,20
34,9950,0.06390839580848767,0.07779299002537017,0.10546082863276764,0.752837785533374,50,20,20
34,9951,0.06390839580848771,0.07779299002537231,0.10550584258359078,0.7527927715825488,50,20,20
34,9952,0.06390839580848612,0.07779299002537224,0.10550578774463387,0.7527928264215071,50,20,20
34,9953,0.06390839610369177,0.07779299002537442,0.10555212347874202,0.7527464903921913,50,20,20
34,9954,0.0639083958084861,0.07779299002537224,0.10550572980159932,0.7527928843645418,50,20,20
34,9955,0.063908395808179,0.07863105684268362,0.10466766298447856,0.7527928843646582,50,20,20
34,9956,0.04796488760804362,0.07862445631349471,0.12061888310933458,0.7527917729691264,50,20,20
34,9957,0.04796488760802107,0.07862445631349468,0.1204318840149436,0.7529787720635399,50,20,20
34,9958,0.047964886250642415,0.07936937465928684,0.11968697571808792,0.7529787633719822,50,20,20
34,9959,0.0479648862506428,0.07936937465928688,0.11968772687564404,0.7529780122144257,50,20,20
34,9960,0.04796488625062003,0.07936937465928469,0.11968997812850146,0.7529757609615931,50,20,20
34,9961,0.047964886250620224,0.0793693746594046,0.11973626048322643,0.752929478606748,50,20,20
34,9962,0.047964886250620224,0.0793693746594046,0.1197362594800326,0.7529294796099419,50,20,20
34,9963,0.04796488625061863,0.07936937465940458,0.1197355049338421,0.752930234156134,50,20,20
34,9964,0.04796488625061862,0.07936937465940458,0.11973548594484258,0.7529302531451336,50,20,20
34,9965,0.04796488595633052,0.07936937426431866,0.1196288882326994,0.7530368515466509,50,20,20
34,9966,0.04796488595633052,0.07936937426443878,0.11949907411978528,0.7531666656594449,50,20,20
34,9967,0.04796488595633089,0.07936937426456105,0.11950236869743708,0.7531633710816705,50,20,20
34,9968,0.04796488595635365,0.07936937426468331,0.1195033706568471,0.7531623691221155,50,20,20
34,9969,0.047964885956353676,0.07936937426468545,0.11950346727614583,0.7531622725028145,50,20,20
34,9970,0.0493742434819186,0.07936932689963559,0.11809415717090489,0.7531622724475403,50,20,20
34,9971,0.0498642543565038,0.07933205238203651,0.11781913530290782,0.7529845579585516,50,20,20
34,9972,0.049864254356505405,0.07933205238203651,0.11781591370644735,0.7529877795550104,50,20,20
34,9973,0.048439802040215876,0.07933205219743039,0.11924036618840686,0.7529877795739465,50,20,20
34,9974,0.048439802040215876,0.07933205219743039,0.11924036688211999,0.7529877788802334,50,20,20
34,9975,0.048439802040215876,0.07933205219743039,0.11924034920596446,0.7529877965563889,50,20,20
34,9976,0.048439802040215876,0.07933205219743039,0.11924030995041227,0.7529878358119412,50,20,20
34,9977,0.0484398020402159,0.07933205219743039,0.11924031038513018,0.7529878353772232,50,20,20
34,9978,0.04843980204019314,0.07933205219743036,0.11923951743182229,0.7529886283305539,50,20,20
34,9979,0.04843980204009202,0.0784941074092865,0.12007746222018452,0.7529886283304374,50,20,20
34,9980,0.048439802040000764,0.07849410740916447,0.12003113892265352,0.7530349516281817,50,20,20
34,9981,0.048439802040000764,0.07849410740916452,0.12003113961897291,0.7530349509318621,50,20,20
34,9982,0.05113441131639343,0.0784941073949552,0.11733652698499154,0.7530349543036595,50,20,20
34,9983,0.051134411316393534,0.07849428521511055,0.1173363491648361,0.7530349543036595,50,20,20
34,9984,0.05113441131639354,0.07849428521511055,0.11733629393811298,0.7530350095303827,50,20,20
34,9985,0.05115111868813076,0.07849428533742135,0.11731958767221026,0.7530350083022378,50,20,20
34,9986,0.05115111868927731,0.0784942856885195,0.11960332961180868,0.750751266010395,50,20,20
34,9987,0.05115111868927689,0.07849428568851946,0.11960486840897445,0.7507497272132295,50,20,20
34,9988,0.05115111868927731,0.07849428568864064,0.11979172562780689,0.7505628699942755,50,20,20
34,9989,0.05115111868927731,0.07849428568864278,0.11979286410544074,0.7505617315166394,50,20,20
34,9990,0.051151118689278914,0.07849428568876504,0.11979288426037091,0.7505617113615854,50,20,20
34,9991,0.051151118689278935,0.07849428568876504,0.11979288496717967,0.7505617106547766,50,20,20
34,9992,0.04834281958656785,0.07849429212503038,0.1225047995678908,0.7506580887205112,50,20,20
34,9993,0.04834281958656745,0.07849429212490809,0.1225014470465981,0.7506614412419265,50,20,20
34,9994,0.04834281958656743,0.07849429212503034,0.1225037601598234,0.750659128128579,50,20,20
34,9995,0.04834281958656903,0.07849429212503031,0.1225037841381444,0.7506591041502566,50,20,20
34,9996,0.048342819586569004,0.07849429212503027,0.12250144631713061,0.7506614419712703,50,20,20
34,9997,0.048342819586569004,0.07849429211806395,0.12249806498396966,0.7506648233113978,50,20,20
34,9998,0.06527867274153859,0.07849428568214185,0.10565859937778044,0.7505684421985392,50,20,20
34,9999,0.06527867274156116,0.07849428568892614,0.10584331898340221,0.7503837225861107,50,20,20
34,10000,0.06527867274156118,0.07849428568892614,0.10584096979682416,0.7503860717726887,50,20,20
