run,generation,degenerate,holistic,other,compositional,popsize,turnover_rounds,group_rounds
28,0,0.9987713554999793,1.4267839920713722e-08,0.0012266915175253483,1.938714656782331e-06,25,50,10
28,1,0.9446580256529719,1.825448664789182e-06,0.043493590240016894,0.011846558658342837,25,50,10
28,2,0.8742471219974185,1.7727746082311271e-06,0.11395529509331137,0.011795810134658666,25,50,10
28,3,0.7938524405731745,0.001407064568964141,0.19280562012004615,0.01193487473781048,25,50,10
28,4,0.7203746937819693,0.001407196036620173,0.20341338902194125,0.07480472115946582,25,50,10
28,5,0.6502451772414156,0.0014093848312374535,0.24704371787956275,0.10130172004778572,25,50,10
28,6,0.6117429520206162,0.0027266853864056344,0.2842877783884407,0.10124258420453644,25,50,10
28,7,0.6614915315116321,0.0013324793549174272,0.2887391766939759,0.04843681243947445,25,50,10
28,8,0.7051918637106024,0.0013284161187167814,0.2646832834658691,0.02879643670481313,25,50,10
28,9,0.7732652178452761,0.0013285749039629697,0.22378170274457904,0.00162450450618355,25,50,10
28,10,0.7506415332708852,1.3083923005494396e-05,0.24776015418855252,0.0015852286175574721,25,50,10
28,11,0.7391960887109837,1.3704487224333766e-05,0.25921683416323765,0.0015733726385549892,25,50,10
28,12,0.750613876519528,2.783212022838787e-05,0.24774635715107174,0.0016119342091722565,25,50,10
28,13,0.7508808388119625,2.6471393948862672e-05,0.2474690927185817,0.0016235970755073257,25,50,10
28,14,0.741117961206346,2.7241459596136246e-05,0.258588934797462,0.0002658625365971019,25,50,10
28,15,0.6947177347806879,2.6684287974139788e-05,0.3047390188136,0.000516562117738678,25,50,10
28,16,0.70129687993773,1.2709364102807925e-05,0.2982313675145183,0.00045904318364935003,25,50,10
28,17,0.6795385825450654,1.4489440515734311e-05,0.32008566475356387,0.0003612632608561745,25,50,10
28,18,0.6257790614128154,0.0002315511755504573,0.37370996762246406,0.0002794197891703728,25,50,10
28,19,0.5899323154952972,0.0004539755609178932,0.40931717650839844,0.0002965324353880964,25,50,10
28,20,0.6057948538334804,9.176274733182131e-05,0.39388465044293786,0.00022873297625190854,25,50,10
28,21,0.5705587882074952,1.3646743334061106e-05,0.42675219847722695,0.0026753665719458893,25,50,10
28,22,0.6111675840919443,1.3020680267096579e-05,0.3862942737849351,0.002525121442854571,25,50,10
28,23,0.6517593069854967,2.454027742385226e-06,0.34556792785721285,0.002670311129550066,25,50,10
28,24,0.6402087866394396,1.9843125771109798e-05,0.35700739534457077,0.0027639748902190697,25,50,10
28,25,0.5642891601046077,2.393300848204714e-05,0.42527137814449417,0.010415528742414325,25,50,10
28,26,0.550406856918515,2.367303759532197e-05,0.435084913109453,0.014484556934435145,25,50,10
28,27,0.5596066831414295,2.5866877466718093e-06,0.4260792840316917,0.01431144613913126,25,50,10
28,28,0.5447058332200772,2.5863309162328363e-06,0.44098013502734523,0.014311445421659841,25,50,10
28,29,0.5076136641041308,6.447439993951473e-06,0.456118761170623,0.036261127285250064,25,50,10
28,30,0.5069555643039321,6.448450476347348e-06,0.42737247666780354,0.06566551057778583,25,50,10
28,31,0.5375062228820734,5.282007626747782e-06,0.392469536395906,0.07001895871439281,25,50,10
28,32,0.6074768922331275,6.350461248055157e-07,0.3525095894814103,0.04001288323933786,25,50,10
28,33,0.6270923965029472,6.549916871141814e-07,0.3338418090556506,0.039065139449716096,25,50,10
28,34,0.6494509263603981,1.2054881437257506e-05,0.31728775800913844,0.03324926074902629,25,50,10
28,35,0.6299810391095348,1.923834729356693e-05,0.3366957388615866,0.03330398368158502,25,50,10
28,36,0.5944405304357783,0.03888328320999572,0.33348227126090485,0.03319391509332176,25,50,10
28,37,0.5940471074089893,0.03888328426708374,0.33387073035872095,0.03319887796520676,25,50,10
28,38,0.5769049680342399,0.03888349510170531,0.3468278658257913,0.03738367103826384,25,50,10
28,39,0.5780176957169713,0.03888349622752455,0.3457151309432041,0.037383677112300194,25,50,10
28,40,0.6204176600788336,0.000554717679499946,0.3416436101747031,0.03738401206696426,25,50,10
28,41,0.6089424722143781,0.0005566644724512292,0.35607424807381627,0.034426615239355016,25,50,10
28,42,0.587845265153241,1.2966900903416018e-05,0.37894562377297214,0.033196144172883885,25,50,10
28,43,0.564113490126934,1.2974759144318474e-05,0.4026814655194934,0.033192069594429593,25,50,10
28,44,0.5614556619458421,1.2965085979588153e-05,0.40527680250774895,0.033254570460430954,25,50,10
28,45,0.5747794378394903,1.2582817490698806e-05,0.3919533684205436,0.033254610922476655,25,50,10
28,46,0.5962538502892748,1.3310962344930672e-05,0.3704771214423372,0.0332557173060421,25,50,10
28,47,0.5965046946081772,3.4131078756927324e-08,0.3702359156124097,0.03325935564833359,25,50,10
28,48,0.5956884977249488,3.1061095018218914e-08,0.3710520474060229,0.03325942380793392,25,50,10
28,49,0.5630781988589812,3.6379660326642126e-08,0.4032681502535618,0.033653614507798045,25,50,10
28,50,0.5542587585743729,5.300082155869345e-06,0.4124606009706373,0.033275340372834854,25,50,10
28,51,0.5475015122019676,4.960764960613518e-06,0.41816032558719585,0.0343332014458733,25,50,10
28,52,0.5459942705779789,4.970204767528855e-06,0.41966474561959083,0.034336013597660926,25,50,10
28,53,0.5218337023470143,4.976778375083807e-06,0.4368717898045758,0.041289531070032054,25,50,10
28,54,0.5169541903271233,4.976911346223052e-06,0.4417501995333566,0.041290633228171315,25,50,10
28,55,0.5101579779485335,7.909354481748964e-05,0.4484719752706701,0.0412909532359777,25,50,10
28,56,0.5544701922338302,0.0001779667953572872,0.40392056198838483,0.04143127898242712,25,50,10
28,57,0.5378959916784417,0.002956792804995394,0.41424036460030034,0.04490685091626295,25,50,10
28,58,0.5725801340565253,0.027948254410399578,0.3556134931681485,0.043858118364928055,25,50,10
28,59,0.5722202662926025,0.027948262337254382,0.35597316395232764,0.04385830741781762,25,50,10
28,60,0.5631843276599244,2.3518094328240464e-05,0.39293691912424905,0.043855235121500004,25,50,10
28,61,0.5566281088566272,2.351259346626484e-05,0.39949315150521897,0.0438552270446895,25,50,10
28,62,0.5820437941691295,0.0004039821111224671,0.3771483297032867,0.040403894016461536,25,50,10
28,63,0.5779885497565365,0.00040302894063258825,0.38116161612676935,0.04044680517606123,25,50,10
28,64,0.5955126086483761,0.00040305699201351815,0.3636353288617374,0.040449005497872094,25,50,10
28,65,0.5967388122248141,0.0004030538383540206,0.3624108939521391,0.04044723998469188,25,50,10
28,66,0.5947114282412095,0.00042321232390879737,0.364488880046155,0.04037647938872421,25,50,10
28,67,0.5848793504354788,0.0004034387742937112,0.3743370808790807,0.040380129911144674,25,50,10
28,68,0.5847459459417825,0.00040343863991043166,0.3744704864154549,0.040380129002852226,25,50,10
28,69,0.5850938835254612,0.0004034324731594114,0.37412358359941195,0.04037910040196758,25,50,10
28,70,0.5967811758822671,6.521921259090031e-07,0.3628764469123284,0.04034172501327879,25,50,10
28,71,0.6138509558152188,5.314763645008913e-06,0.3457938773254249,0.04034985209571002,25,50,10
28,72,0.6094166317751961,5.433459628370066e-06,0.350227965613342,0.040349969151832414,25,50,10
28,73,0.6093006678748779,5.4332947360840414e-06,0.3503440455795516,0.040349853250832464,25,50,10
28,74,0.5767954077652286,5.89609893475563e-06,0.38284451872711545,0.040354177408720576,25,50,10
28,75,0.5998526279990147,5.433253630376414e-06,0.35979157807073525,0.04035036067661814,25,50,10
28,76,0.6171248638280878,4.4178327823195643e-07,0.3425332739286069,0.04034142046002573,25,50,10
28,77,0.6063134606670443,4.5019975136339047e-07,0.35334468184125467,0.04034140729194902,25,50,10
28,78,0.5749429504273412,4.429767709506067e-07,0.3449159175245493,0.08014068907133808,25,50,10
28,79,0.5757200509982184,4.4326114544275877e-07,0.34413884857009674,0.08014065717053938,25,50,10
28,80,0.5597893373669427,1.8603648096043627e-07,0.3902088940233709,0.050001582573208275,25,50,10
28,81,0.5734367160759438,1.687964569247416e-07,0.3765615465539366,0.05000156857366424,25,50,10
28,82,0.5951503113842906,4.1225055209670596e-07,0.3545327745698787,0.050316501795281486,25,50,10
28,83,0.6048997338370095,4.1205027698591536e-07,0.3544821167351329,0.040617737377582994,25,50,10
28,84,0.5856899673838665,1.934869701185385e-07,0.3741534127131518,0.04015642641601337,25,50,10
28,85,0.5628484388958346,2.0001873379646418e-07,0.3954537776230739,0.04169758346235884,25,50,10
28,86,0.5375021176212131,1.8030388685851406e-07,0.42079937004075935,0.04169833203414204,25,50,10
28,87,0.5370432702275293,1.732715614273946e-07,0.40023592499423183,0.06272063150667886,25,50,10
28,88,0.5369237039491481,1.7319570854724738e-07,0.4003554892714874,0.06272063358365722,25,50,10
28,89,0.5370399185960142,1.7325879656288667e-07,0.4002392752300112,0.06272063291517928,25,50,10
28,90,0.5347312842157168,1.736872323513503e-07,0.40254783592550003,0.06272070617155204,25,50,10
28,91,0.534745365183399,1.7368735588157098e-07,0.4025478448513233,0.06270661627792314,25,50,10
28,92,0.5322345884379712,2.6795341353222834e-07,0.4260034692951863,0.041761674313427186,25,50,10
28,93,0.49237676856843526,3.004946583065453e-07,0.46585902149509123,0.04176390944181418,25,50,10
28,94,0.484083205144517,2.3742862385623078e-07,0.47422889242792776,0.04168766499893195,25,50,10
28,95,0.5195705713758363,5.592066827852802e-07,0.43874749584354183,0.04168137357393846,25,50,10
28,96,0.5206284550197163,5.590942155429752e-07,0.4376897080939124,0.041681277792155,25,50,10
28,97,0.5327302956403528,5.480353164862729e-07,0.42714757020477834,0.04012158611955196,25,50,10
28,98,0.5222322670284629,5.386297743477761e-07,0.4376281320631053,0.04013906227865714,25,50,10
28,99,0.5202816985302681,4.996589100611401e-07,0.43957872316287533,0.04013907864794634,25,50,10
28,100,0.5187653007245572,4.99651673024142e-07,0.4410952779695321,0.04013892165423738,25,50,10
28,101,0.47940097534085013,4.990318380804737e-07,0.48045991108687486,0.04013861454043739,25,50,10
28,102,0.47976345438620094,1.4821359617689698e-07,0.48009776475042476,0.04013863264977888,25,50,10
28,103,0.47975080721370744,1.4819959955432686e-07,0.4801104114015117,0.040138633185182036,25,50,10
28,104,0.4798442768713203,1.4819952079848112e-07,0.4800169425467861,0.040138632382373494,25,50,10
28,105,0.4779866087772454,1.3861337184362453e-07,0.4818746514764827,0.040138601132901,25,50,10
28,106,0.4788232476820172,1.391887287989138e-07,0.48103800970763544,0.040138603421618325,25,50,10
28,107,0.47889752808141395,1.3883651300742352e-07,0.4809637297261757,0.04013860335589696,25,50,10
28,108,0.4833261127923428,2.015753423656692e-08,0.47653538070233137,0.040138486347791345,25,50,10
28,109,0.48332680014214185,2.0165899445857978e-08,0.476534694411083,0.040138485280875456,25,50,10
28,110,0.4834552630986863,2.0233207429886965e-08,0.47640623050261377,0.040138486165492065,25,50,10
28,111,0.48344541745164304,2.733526528080898e-07,0.47641582298632024,0.040138486209382956,25,50,10
28,112,0.48721579461762976,3.1216089751131513e-07,0.4726446329965691,0.04013926022490231,25,50,10
28,113,0.4723381248598086,5.127405775585292e-07,0.4768983709320925,0.05076299146752034,25,50,10
28,114,0.4721597927379307,5.14344570873149e-07,0.47707670221183895,0.05076299070565827,25,50,10
28,115,0.4454926727938404,5.675002894829324e-07,0.503738347632811,0.050768412073058614,25,50,10
28,116,0.44555298016071165,5.672412393176542e-07,0.5036778873091741,0.05076856528887455,25,50,10
28,117,0.4455432525778712,5.672364873419673e-07,0.503687614933437,0.05076856525220518,25,50,10
28,118,0.43414663367681194,1.0937319520802056e-06,0.5149845026873342,0.05086776990390299,25,50,10
28,119,0.40824884629127944,1.0990781491849024e-06,0.5408823036797175,0.05086775095085558,25,50,10
28,120,0.40839136470527776,1.0977831477666098e-06,0.5407397857450092,0.05086775176656687,25,50,10
28,121,0.40708116610156464,1.09737060693324e-06,0.5420500036391928,0.05086773288863715,25,50,10
28,122,0.4069827191701907,1.097372077525291e-06,0.5421484506272244,0.05086773283050982,25,50,10
28,123,0.4045130053112823,1.1490474418902655e-06,0.5446173273683212,0.05086851827295704,25,50,10
28,124,0.4045288563201752,1.1490465839062145e-06,0.5446015034333156,0.05086849119992649,25,50,10
28,125,0.40614617119785096,1.1490939428070576e-06,0.5429841734049076,0.05086850630329974,25,50,10
28,126,0.3930754070146268,1.1452412117864243e-06,0.5562111626482392,0.05071228509592311,25,50,10
28,127,0.4017315477639985,1.1444785546240642e-06,0.5475544089604997,0.0507128987969481,25,50,10
28,128,0.40154846715148673,1.2643644901878427e-06,0.5477373018026944,0.050712966681329234,25,50,10
28,129,0.37121459059154793,1.2723204226110913e-06,0.5779280371122333,0.050856099975796834,25,50,10
28,130,0.37138640296158604,1.2722670448818942e-06,0.5777562390696661,0.05085608570170369,25,50,10
28,131,0.37137267456520634,1.2722690454082546e-06,0.5777562370544532,0.05086981611129552,25,50,10
28,132,0.37932020046978315,1.2664479698216697e-06,0.5698093577913277,0.05086917529091976,25,50,10
28,133,0.3803045024671841,1.2276172488493625e-06,0.5688258777813537,0.050868392134213646,25,50,10
28,134,0.3807403722642569,0.02098427642955828,0.5474069580575311,0.05086839324865431,25,50,10
28,135,0.38072438192960834,0.02098427642840036,0.5474229505129025,0.05086839112908951,25,50,10
28,136,0.3913353353897878,0.02098427665639728,0.5368121301561503,0.050868257797665045,25,50,10
28,137,0.3913351572301822,0.021381468330390136,0.5364151166610501,0.05086825777837798,25,50,10
28,138,0.3940195363538442,0.02138146838742196,0.5337307568803036,0.05086823837843053,25,50,10
28,139,0.35694164040816523,0.02138141645861623,0.5702756278898932,0.05140131524332518,25,50,10
28,140,0.357221826690569,0.021381416546916457,0.5704302560224229,0.05096650074009148,25,50,10
28,141,0.3572460766770174,0.021381416367106946,0.5704060099656209,0.05096649699025463,25,50,10
28,142,0.35747251390457113,0.021381296101200032,0.570179761874032,0.05096642812019667,25,50,10
28,143,0.3186176011066839,0.02138136130349936,0.607644397263028,0.05235664032678732,25,50,10
28,144,0.3186334216199152,0.02138136133088996,0.6076285790740895,0.05235663797510354,25,50,10
28,145,0.31886533139756384,0.021381361261397704,0.6073966705787024,0.0523566367623323,25,50,10
28,146,0.31802890318880794,0.021398782244850697,0.6082156800828765,0.05235663448346086,25,50,10
28,147,0.31690914660044295,0.021398717042872804,0.6105350803837891,0.051157055972891025,25,50,10
28,148,0.316507848985955,0.021398734583589894,0.6109363586271442,0.05115705780330622,25,50,10
28,149,0.2971837527741663,0.021398531809557687,0.6408844658092631,0.04053324960701362,25,50,10
28,150,0.29697722846396696,0.021398531895082815,0.64109097813944,0.04053326150151078,25,50,10
28,151,0.296967136109286,0.021398531892197193,0.6411010700937245,0.040533261904792936,25,50,10
28,152,0.2973486355148425,0.02139853189842327,0.6409102031836175,0.04034262940311762,25,50,10
28,153,0.29390716432868663,0.021398523445890768,0.6444948883717591,0.040199423853665456,25,50,10
28,154,0.2804711439974881,0.021398518152619984,0.6579309128439803,0.040199425005914315,25,50,10
28,155,0.2804373842753427,0.02139851806594598,0.6578731603317708,0.040290937326943166,25,50,10
28,156,0.28007000854385067,0.021398518066000016,0.6582405371380363,0.04029093625211482,25,50,10
28,157,0.29650068082821196,0.02145725635953534,0.6416820608375722,0.04036000197468205,25,50,10
28,158,0.2961789400070663,0.021457256941062187,0.6420017035417743,0.040362099510098906,25,50,10
28,159,0.31917247224615414,0.02145729027777319,0.6190230150682371,0.0403472224078365,25,50,10
28,160,0.31918467990863564,0.021439868720176065,0.6190282286671311,0.04034722270405813,25,50,10
28,161,0.3191810655499875,0.02104242400551616,0.6194292877596158,0.040347222684881626,25,50,10
28,162,0.3192337713602728,0.02104562586362326,0.6193733582059886,0.040347244570115966,25,50,10
28,163,0.34590509506700395,0.021045572690936896,0.5927075090866674,0.040341823155392566,25,50,10
28,164,0.3490899327064433,0.02104557362343258,0.5895226654512259,0.04034182821889916,25,50,10
28,165,0.3487056201255486,0.021045573771533113,0.5899069790232466,0.040341827079672,25,50,10
28,166,0.3490369632393119,0.021042354380337525,0.5895788784173283,0.04034180396302266,25,50,10
28,167,0.34322639836809854,0.021042354388384824,0.5953891165060647,0.04034213073745277,25,50,10
28,168,0.3068838814270824,0.021042446148331638,0.631731804298676,0.04034186812591099,25,50,10
28,169,0.3064139412924487,0.04003670568005806,0.6132074860525862,0.040341866974906465,25,50,10
28,170,0.3114452477711198,0.040036705620442155,0.6081761817860106,0.04034186482242659,25,50,10
28,171,0.3055728188581109,0.04003731460844065,0.6140479397256337,0.04034192680781437,25,50,10
28,172,0.3015861820467583,0.040037314682779754,0.6180345595370077,0.04034194373345401,25,50,10
28,173,0.31869538254675367,0.04003731428527014,0.6009262767238762,0.04034102644410053,25,50,10
28,174,0.31101815958347845,0.04003750126763887,0.6086026493758748,0.040341689773008414,25,50,10
28,175,0.3413936945373164,0.04003750127746135,0.5782271052652224,0.04034169892000098,25,50,10
28,176,0.3277964786984427,0.04003777240585376,0.5915780159264645,0.04058773296924021,25,50,10
28,177,0.31965183414597065,0.040069644844676226,0.5996905872045246,0.04058793380483129,25,50,10
28,178,0.3148787888235475,0.04007178845709805,0.6045432104813716,0.0405062122379856,25,50,10
28,179,0.31488442523420895,0.040071788454990875,0.604543203792824,0.04050058251797784,25,50,10
28,180,0.3148784682721737,0.040071788454974576,0.6045432046624877,0.040506538610365704,25,50,10
28,181,0.3148804371073391,0.040071792738352555,0.6045412314859002,0.04050653866840924,25,50,10
28,182,0.3281586615401975,0.0400717883499064,0.5912630115034933,0.04050653860640576,25,50,10
28,183,0.32815418423559967,0.0400717882944509,0.5912674888336155,0.040506538636337304,25,50,10
28,184,0.33169997603417284,0.04006911828084605,0.578795108936159,0.04943579674882534,25,50,10
28,185,0.305764863890418,0.04003668751215768,0.6043780877612671,0.04982036083616025,25,50,10
28,186,0.30576896405264864,0.0400366368541295,0.6047588651248049,0.04943553396841989,25,50,10
28,187,0.303104216006083,0.04003651175250567,0.6074260869723911,0.049433185269023176,25,50,10
28,188,0.2863669959096983,0.03997777329926859,0.6243901778954634,0.04926505289557395,25,50,10
28,189,0.27669467573453344,0.039977773227504516,0.6340625337406257,0.04926501729734119,25,50,10
28,190,0.2771853879906229,0.03997777486363157,0.6335718188039361,0.04926501834181467,25,50,10
28,191,0.26405991125356165,0.0399777772994309,0.6466972933083762,0.04926501813863528,25,50,10
28,192,0.2649444250518173,0.03997777484136314,0.6457882114874535,0.049289588619370155,25,50,10
28,193,0.2634085039888566,0.03997777476260428,0.6473241488313054,0.049289572417239386,25,50,10
28,194,0.2669558893214422,0.03997819570338986,0.6437746073323831,0.04929130764278963,25,50,10
28,195,0.2663890026205584,0.039978195718215266,0.6443414928818403,0.04929130877939022,25,50,10
28,196,0.26293759170384623,0.03997801449561779,0.646111775423401,0.05097261837713942,25,50,10
28,197,0.25434464643627236,0.03997801483445005,0.6547045598895436,0.050972778839739066,25,50,10
28,198,0.2543530615378983,0.03997801483468806,0.6546961447256021,0.05097277890181748,25,50,10
28,199,0.2543490592071068,0.039978014834759705,0.6547001470671893,0.05097277889094986,25,50,10
28,200,0.2509321345908766,0.039978014825743445,0.6581170467665775,0.05097280381680663,25,50,10
28,201,0.25125424144750375,0.039978014250530165,0.6577970374256388,0.05097070687633094,25,50,10
28,202,0.2504198829752131,0.039978014082918366,0.658631397048205,0.05097070589366726,25,50,10
28,203,0.25047990135928505,0.0399780142614068,0.6585713733266365,0.050970711052675324,25,50,10
28,204,0.2505020863563133,0.03997826277888307,0.6586404723831272,0.05087917848168008,25,50,10
28,205,0.25032920319829177,0.039978262777633285,0.6588133558741701,0.05087917814990835,25,50,10
28,206,0.24983596855425982,0.04092754800970035,0.6538725766265672,0.055363906809476046,25,50,10
28,207,0.25074807039726016,0.0409275479905328,0.6529604752532419,0.055363906358968575,25,50,10
28,208,0.2506990356237291,0.040927548001169656,0.6530095100935039,0.05536390628160057,25,50,10
28,209,0.2505566204210456,0.040927547994204845,0.6531450078443608,0.05537082374039203,25,50,10
28,210,0.25068152283617423,0.040927547982584134,0.6530201042919921,0.05537082488925282,25,50,10
28,211,0.25021308709537143,0.040927546192063326,0.6534197104929451,0.05543965621962161,25,50,10
28,212,0.2502210432012094,0.04092754619234812,0.6534198832606596,0.055431527345784444,25,50,10
28,213,0.22721646874319712,0.04092754040421776,0.6781067638792024,0.05374922697338442,25,50,10
28,214,0.22721646628585654,0.04092772716122787,0.6781065795793617,0.05374922697355589,25,50,10
28,215,0.2272044088169912,0.04092772715790017,0.6781186373579625,0.0537492266671469,25,50,10
28,216,0.2268510128505114,0.040927727901545634,0.6784862234855454,0.05373503576240106,25,50,10
28,217,0.22683375824626212,0.04092772790386911,0.6785034783632962,0.05373503548657597,25,50,10
28,218,0.2264567429381602,0.04092734878490638,0.6784714945486162,0.05414441372832132,25,50,10
28,219,0.1995831724984152,0.040927348742108176,0.7140304712825103,0.045459007476968634,25,50,10
28,220,0.16421101754786238,0.04092734875005048,0.7494026267966788,0.04545900690541082,25,50,10
28,221,0.16397292463745117,0.040927601713831,0.7496392622587171,0.04546021139000048,25,50,10
28,222,0.17068348355963908,0.04092760142147241,0.7429287868694273,0.04546012814946148,25,50,10
28,223,0.17067565797719816,0.040927601421435957,0.7429368253002042,0.04545991530116205,25,50,10
28,224,0.2047893387705947,0.04092734846158171,0.7038700043757605,0.05041330839206476,25,50,10
28,225,0.20623170339963814,0.04092735244228586,0.7024333196449456,0.05040762451313212,25,50,10
28,226,0.21199966251598368,0.04092735498278292,0.7016199483847252,0.04545303411650976,25,50,10
28,227,0.24128886399046084,0.04092735518977267,0.6723307328293495,0.045453047990419625,25,50,10
28,228,0.24111329656069821,0.04092735603135659,0.6725052752302009,0.04545407217774697,25,50,10
28,229,0.20442651950223475,0.04092735518243721,0.7091921289472002,0.04545399636812936,25,50,10
28,230,0.20493329906761773,0.040927356836353165,0.7006666405899367,0.053472703506094114,25,50,10
28,231,0.20336413043797755,0.040927355885837596,0.7022358228087049,0.05347269086748288,25,50,10
28,232,0.20334240357208466,0.04092710736991127,0.7022575870696656,0.05347290198834252,25,50,10
28,233,0.19854196757408238,0.040927151389578524,0.7070558311113121,0.05347504992502751,25,50,10
28,234,0.19777112447771786,0.040927151391538005,0.7078266728415155,0.05347505128922908,25,50,10
28,235,0.1977729930372062,0.04092527115723699,0.70782668448281,0.05347505132274743,25,50,10
28,236,0.22067545957568424,0.040925000024344446,0.6851705314164762,0.05322900898349545,25,50,10
28,237,0.22101217350920369,0.040925000027671014,0.6848338177239478,0.053229008739176964,25,50,10
28,238,0.19665637990604332,0.04092496037501919,0.6934949985046908,0.06892366121424663,25,50,10
28,239,0.19668076345149588,0.040924960375254935,0.6934706152694197,0.06892366090382854,25,50,10
28,240,0.1950674926125508,0.04092495824735326,0.6714511763350199,0.09255637280507978,25,50,10
28,241,0.19506525327274882,0.040924953886521405,0.6714534200974568,0.09255637274327462,25,50,10
28,242,0.19362739264916987,0.040924949969923866,0.6729542180465234,0.09249343933438353,25,50,10
28,243,0.19274767849005703,0.040925076174121236,0.6738338079943097,0.09249343734151157,25,50,10
28,244,0.1927155774990099,0.04092507618164162,0.6738659090794704,0.09249343723987961,25,50,10
28,245,0.21367833921211546,0.04092508165573043,0.6529030896481833,0.09249348948397298,25,50,10
28,246,0.2136737419470737,0.03997579623820603,0.6535772096738692,0.09277325214085287,25,50,10
28,247,0.21367513075093789,0.03997579623929243,0.6535760329080625,0.09277304010171063,25,50,10
28,248,0.22237365540114484,0.03997579083422655,0.6448765767687,0.0927739769959325,25,50,10
28,249,0.22676028532770487,0.03997585685185115,0.6404508171281517,0.09281304069229634,25,50,10
28,250,0.22641048814553025,0.03997585684232888,0.6408006152252468,0.09281303978689709,25,50,10
28,251,0.2264104864488656,0.0399758568397964,0.6408006169180225,0.09281303979331851,25,50,10
28,252,0.2264086308421433,0.03997585683972472,0.6408024725556012,0.09281303976253272,25,50,10
28,253,0.22641590156837843,0.039975856840304705,0.640698913962292,0.09290932762902677,25,50,10
28,254,0.23308195128121095,0.039975812749248954,0.6340351358545455,0.09290710011499742,25,50,10
28,255,0.23308174451181074,0.03999486872948424,0.6340150242661325,0.09290836249257506,25,50,10
28,256,0.23344464821971062,0.0399948687388815,0.633652116946545,0.09290836609486554,25,50,10
28,257,0.23344000609959412,0.03999486867459944,0.6336567613937586,0.09290836383205045,25,50,10
28,258,0.2334402976067115,0.03999486867464966,0.6336564699008121,0.09290836381782917,25,50,10
28,259,0.23035023562360582,0.039994868673418386,0.6367474802906128,0.09290741541236315,25,50,10
28,260,0.23040205774776212,0.03999487351888542,0.6356205483137521,0.09398252041960074,25,50,10
28,261,0.23051554422030768,0.039994873579504944,0.635507061773962,0.09398252042622585,25,50,10
28,262,0.2387505956327508,0.039994876722502924,0.627254886823211,0.0939996408215352,25,50,10
28,263,0.23191784775205396,0.03999487423081114,0.6340876347064907,0.09399964331064421,25,50,10
28,264,0.23191770479834278,0.03999487423119851,0.6340877776596455,0.09399964331081322,25,50,10
28,265,0.23239700799219418,0.03997581824490744,0.6288482689451184,0.09877890481778095,25,50,10
28,266,0.23377934773112272,0.03997581825893721,0.6275621865220304,0.0986826474879098,25,50,10
28,267,0.2337872122862614,0.03997581825806014,0.6323188469311071,0.0939181225245716,25,50,10
28,268,0.23324842844968866,0.039975813403390716,0.6339327391540955,0.09284301899282531,25,50,10
28,269,0.23324061280132535,0.03997581340315972,0.6339325682961036,0.09285100549941194,25,50,10
28,270,0.2680491381042002,0.03997589369065047,0.599123792493581,0.09285117571157059,25,50,10
28,271,0.28142546422697623,0.03997589413785175,0.585747467509159,0.09285117412601407,25,50,10
28,272,0.2814391500699923,0.03997589413733362,0.5857406999724152,0.09284425582026015,25,50,10
28,273,0.2712779948107877,0.03997589369022204,0.5959018591250076,0.09284425237398311,25,50,10
28,274,0.27027328739301526,0.039975907282112984,0.596739373948856,0.0930114313760169,25,50,10
28,275,0.26972423634602616,0.039975906705274275,0.59729877065849,0.09300108629021081,25,50,10
28,276,0.2697267026646364,0.03997590670522505,0.5972963026886045,0.09300108794153582,25,50,10
28,277,0.2710794785044671,0.03997578061891188,0.5959436281791495,0.09300111269747155,25,50,10
28,278,0.23633373031150615,0.03997577728598839,0.6307065120341697,0.0929839803683365,25,50,10
28,279,0.23632272993276707,0.03997577728620414,0.6307175124124714,0.09298398036855932,25,50,10
28,280,0.23632078908893772,0.03997772847089382,0.6307175021050355,0.09298398033513487,25,50,10
28,281,0.23635133688285875,0.039977728476347035,0.6306869537232322,0.09298398091756384,25,50,10
28,282,0.2724986342941715,0.039977728690016895,0.5945396404700415,0.09298399654577133,25,50,10
28,283,0.2734218894225436,0.03997766276798175,0.5936564839551084,0.09294396385436779,25,50,10
28,284,0.27079340280066494,0.03998891616651732,0.5962737185259421,0.09294396250687745,25,50,10
28,285,0.310730369092707,0.03998891617145568,0.5563367535169156,0.09294396121892305,25,50,10
28,286,0.31001154109082824,0.039988914468001575,0.561507632557092,0.08849191188407905,25,50,10
28,287,0.3104061688908645,0.039988914478580044,0.5611129946010777,0.08849192202947846,25,50,10
28,288,0.3116549169953047,0.03998890095479228,0.5600295063610797,0.08832667568882387,25,50,10
28,289,0.3113954444068934,0.039988900835076766,0.5602889799516279,0.08832667480640329,25,50,10
28,290,0.3118811367094517,0.039988900901454405,0.5598032864270021,0.0883266759620914,25,50,10
28,291,0.31200532491891836,0.039988900973259286,0.5596790808423034,0.0883266932655192,25,50,10
28,292,0.27790544598907974,0.039988900905902194,0.593780809124564,0.0883248439804551,25,50,10
28,293,0.27654337931489736,0.03998890089356714,0.5951429058176657,0.08832481397387262,25,50,10
28,294,0.27654352369183977,0.040009134267377996,0.5951208354651426,0.08832650657564182,25,50,10
28,295,0.27638573667779165,0.039997885289632225,0.5952898720490122,0.08832650598356513,25,50,10
28,296,0.27643963006438294,0.03999788529432859,0.5990626337711692,0.08449985087012164,25,50,10
28,297,0.27599062405474095,0.039997885356195535,0.5995116395191163,0.0844998510699491,25,50,10
28,298,0.27599241359867127,0.03999788535622843,0.5995116427761914,0.08449805826891127,25,50,10
28,299,0.26951945593390536,0.03999794522367066,0.6059720540684314,0.08451054477399315,25,50,10
28,300,0.2694756561472211,0.0399979452170188,0.6060171914822736,0.08450920715348703,25,50,10
28,301,0.2625465076179647,0.03999794713084065,0.6129462816001625,0.0845092636510329,25,50,10
28,302,0.25673642916325473,0.03999794712493781,0.6187564423332759,0.08450918137853299,25,50,10
28,303,0.2567243069585691,0.03997771375303165,0.6187904904857622,0.08450748880263918,25,50,10
28,304,0.25672836995643605,0.03997789148157832,0.6187862497824745,0.08450748877951299,25,50,10
28,305,0.24327778641251002,0.03997800269068512,0.6322355330877445,0.0845086778090624,25,50,10
28,306,0.2436470319835501,0.03997800249545182,0.6318663207647665,0.08450864475623199,25,50,10
28,307,0.2390810314008543,0.03997800249279565,0.636432322056774,0.0845086440495764,25,50,10
28,308,0.23920509162294473,0.03999237224174211,0.636293871127593,0.08450866500772042,25,50,10
28,309,0.23947128665291423,0.039992194599081196,0.6360278527706353,0.08450866597736939,25,50,10
28,310,0.23947499453967938,0.0399921904505452,0.6360241490137175,0.08450866599605797,25,50,10
28,311,0.23904953957964684,0.03999219031177049,0.6364496189007306,0.08450865120785307,25,50,10
28,312,0.23905146823569293,0.03999025508095562,0.6364496254663233,0.08450865121702891,25,50,10
28,313,0.24001745982229467,0.03999025503363434,0.6354836015366271,0.08450868360744478,25,50,10
28,314,0.25609416431368287,0.03999025475435787,0.6194068961502307,0.08450868478172938,25,50,10
28,315,0.255968161462762,0.03997597237653296,0.6195472018193774,0.08450866434132846,25,50,10
28,316,0.2566276015127322,0.03997597237207566,0.6188877612277565,0.08450866488743658,25,50,10
28,317,0.256631731826643,0.03997597237642495,0.6188149793059741,0.08457731649095918,25,50,10
28,318,0.25663155461932524,0.03997597237638478,0.6188151346653998,0.08457733833889308,25,50,10
28,319,0.2729076775080089,0.039975972562932255,0.6025389842021073,0.08457736572695276,25,50,10
28,320,0.27291181213752613,0.039971845634607345,0.602538976510273,0.08457736571759478,25,50,10
28,321,0.26716705024212095,0.040275983697532484,0.6079795997658358,0.08457736629451253,25,50,10
28,322,0.2882379622432896,0.04027598396338982,0.5869086789257115,0.0845773748676118,25,50,10
28,323,0.267626437432626,0.04027598373313336,0.6075201997332434,0.08457737910099988,25,50,10
28,324,0.26773710983343135,0.04054266867807928,0.6071428100640665,0.08457741142442676,25,50,10
28,325,0.26770041941001704,0.04054266854855268,0.6071795019596444,0.08457741008178962,25,50,10
28,326,0.2676946071921628,0.040548472958876036,0.6071795097617259,0.08457741008723878,25,50,10
28,327,0.278221600598048,0.040548483547842344,0.5966073957297031,0.08462252012441059,25,50,10
28,328,0.2780781984821684,0.040548483393296975,0.5965156459444835,0.08485767218005486,25,50,10
28,329,0.27809878985456105,0.04054848339638708,0.5965157118428123,0.08483701490624349,25,50,10
28,330,0.2781196175275081,0.040548483814503086,0.596557055717793,0.08477484294019982,25,50,10
28,331,0.2776554421155323,0.04054848392220365,0.601801753982297,0.079994319979969,25,50,10
28,332,0.3101653733288042,0.0405484838809305,0.5692918362174403,0.07999430657282879,25,50,10
28,333,0.31014282701456186,0.04054848387775313,0.5692917640773912,0.08001692503029764,25,50,10
28,334,0.30771326730672505,0.04054849666189075,0.5707464210321166,0.08099181499927113,25,50,10
28,335,0.3097187662139929,0.04054849405941014,0.5697120644871844,0.08002067523941603,25,50,10
28,336,0.3079308388844806,0.040548493923318635,0.5714313740083306,0.08008929318387084,25,50,10
28,337,0.3076630738274721,0.040548493948344415,0.5716991389117599,0.08008929331242234,25,50,10
28,338,0.3076571520642548,0.04054849394773233,0.5717737136270652,0.08002064036094624,25,50,10
28,339,0.3038623756084478,0.04054849517810858,0.575541959674344,0.08004716953909867,25,50,10
28,340,0.30375393035830045,0.04028181467214254,0.5759171177426782,0.08004713722687884,25,50,10
28,341,0.30375407285516803,0.040281814670803835,0.5759169544499084,0.08004715802411955,25,50,10
28,342,0.30375589676668435,0.040281814670813994,0.5759151305370035,0.08004715802549744,25,50,10
28,343,0.26530801536550075,0.040281804494417345,0.6143667699479881,0.0800434101920937,25,50,10
28,344,0.26060246533555453,0.040281808033134185,0.6190722736922969,0.08004345293901582,25,50,10
28,345,0.2606241101392319,0.04026015794927801,0.6190722789588909,0.08004345295260001,25,50,10
28,346,0.26061194730878406,0.04121284696168899,0.6181317504849172,0.08004345524461004,25,50,10
28,347,0.25983090025332445,0.04121290965314013,0.6189390087419742,0.08001718135156129,25,50,10
28,348,0.25522196617097526,0.041212899076020305,0.6235922205154041,0.07997291423760088,25,50,10
28,349,0.2552010398726941,0.04121289865764695,0.6236196268318962,0.07996643463776106,25,50,10
28,350,0.24931704264017862,0.04121289864058955,0.6295044603446895,0.0799655983745407,25,50,10
28,351,0.24934557561521126,0.04121289863641823,0.6294759274121546,0.07996559833621433,25,50,10
28,352,0.24948299764841406,0.04121289864078845,0.6293385047722804,0.07996559893851535,25,50,10
28,353,0.24947481655052137,0.04121289864084055,0.5895024276729752,0.11980985713566358,25,50,10
28,354,0.23431721358193894,0.041212895033668484,0.6046343192071499,0.11983557217724342,25,50,10
28,355,0.23463543261686098,0.041212895083326366,0.6043161121616207,0.11983556013819305,25,50,10
28,356,0.23463776332680011,0.040260205961370185,0.6052664443770901,0.11983558633474066,25,50,10
28,357,0.24089780588519755,0.04026021099405417,0.5990062625532397,0.11983572056751018,25,50,10
28,358,0.23215995532092584,0.039956150976057495,0.6080479365967545,0.11983595710626421,25,50,10
28,359,0.25869406218220714,0.03995615113700574,0.58009133851203,0.12125844816875865,25,50,10
28,360,0.25868790997383334,0.039956063765774784,0.5800975786040755,0.12125844765631826,25,50,10
28,361,0.2586839907009699,0.039956063765619707,0.5800975894296869,0.1212623561037248,25,50,10
28,362,0.25879606499107655,0.03995606376878533,0.5799838545412294,0.12126401669890774,25,50,10
28,363,0.25930611614682897,0.03995606764073994,0.5794726649303209,0.1212651512821102,25,50,10
28,364,0.25930804003417923,0.039956067640822705,0.579472647886872,0.12126324443812607,25,50,10
28,365,0.2593098256336894,0.039956067530395954,0.5794708635222192,0.12126324331369735,25,50,10
28,366,0.25928789902641264,0.03997800723832882,0.5794708504405977,0.12126324329466279,25,50,10
28,367,0.2703918138686183,0.041082378564650954,0.5686406097176605,0.11988519784907181,25,50,10
28,368,0.2712953360007045,0.04108237412684645,0.567737091986436,0.1198851978860151,25,50,10
28,369,0.28927318049288925,0.041082374198082576,0.5497592755723058,0.11988516973672446,25,50,10
28,370,0.2893912415874092,0.0410823741900175,0.5496412144505656,0.11988516977200923,25,50,10
28,371,0.2885080425567448,0.04108231036156219,0.5505227207475121,0.11988692633418281,25,50,10
28,372,0.2883946016786574,0.04108231036360752,0.5506361613813424,0.1198869265763945,25,50,10
28,373,0.28882563730490907,0.04108243351379398,0.5502044102162966,0.11988751896500141,25,50,10
28,374,0.2893095004120985,0.041082433520087225,0.5502049028602906,0.1194031632075257,25,50,10
28,375,0.2895638646142923,0.04108231049030351,0.5499500714010254,0.11940375349438093,25,50,10
28,376,0.2913549312631478,0.03997793911626908,0.5493078501359957,0.11935927948458948,25,50,10
28,377,0.27128846978981913,0.039977939119792,0.5660449450624035,0.12268864602798565,25,50,10
28,378,0.2898138841467047,0.03997786126148632,0.5475175673649949,0.12269068722681452,25,50,10
28,379,0.26264197461894634,0.039977818353190135,0.5747020270928407,0.12267817993502296,25,50,10
28,380,0.26264806798282797,0.03997172224370988,0.5747020298381014,0.12267817993536127,25,50,10
28,381,0.26220970411337247,0.03997170585947007,0.5751404082756612,0.12267818175149657,25,50,10
28,382,0.26220361073190807,0.03997780185994533,0.5751404056570648,0.12267818175108217,25,50,10
28,383,0.26171816939425624,0.03997780185369096,0.5751399149755879,0.12316411377646512,25,50,10
28,384,0.26089947901133864,0.039977801728773986,0.5759597689848335,0.12316295027505454,25,50,10
28,385,0.22357205559615825,0.03997780741670557,0.613286980703616,0.1231631562835197,25,50,10
28,386,0.22266858373631077,0.03997781633615461,0.6141904436526444,0.12316315627488959,25,50,10
28,387,0.18383712387732234,0.03997781623982234,0.653021902076904,0.12316315780595156,25,50,10
28,388,0.18954014584619083,0.03997781634060829,0.6473188623771798,0.12316317543602158,25,50,10
28,389,0.1893043688027561,0.039977820077624175,0.6475546365986705,0.12316317452095005,25,50,10
28,390,0.1892757228690929,0.03997782007783572,0.6475832825329975,0.12316317452007454,25,50,10
28,391,0.18918141044853307,0.03997782007522448,0.6476775961907303,0.12316317328551372,25,50,10
28,392,0.18803395247439572,0.03997782013610659,0.6488250555116899,0.12316317187780827,25,50,10
28,393,0.19221448972154515,0.03997774063136102,0.6446447612556284,0.12316300839146517,25,50,10
28,394,0.19221873048024268,0.03997774063145404,0.6446448398831164,0.12315868900518608,25,50,10
28,395,0.1922186645760698,0.039977740631419324,0.644517579777889,0.12328601501462114,25,50,10
28,396,0.19177439371014704,0.039977740935201116,0.6449618519738142,0.12328601338083678,25,50,10
28,397,0.19177544393296628,0.03997774093131432,0.6483159222040399,0.11993089293167819,25,50,10
28,398,0.19189592434075187,0.039977736472886216,0.6481954421428285,0.11993089704353269,25,50,10
28,399,0.19106779666170115,0.03997773255125422,0.649024717466005,0.11992975332103879,25,50,10
28,400,0.19514032559208336,0.039977934395275735,0.6434588027043661,0.12142293730827255,25,50,10
28,401,0.19513766096132756,0.03997793439512629,0.643458721852453,0.12142568279109073,25,50,10
28,402,0.19508875205150314,0.03997793439487759,0.6435076342228233,0.12142567933079296,25,50,10
28,403,0.195212020549124,0.0399779343951334,0.6433843863177424,0.12142565873799661,25,50,10
28,404,0.19521814717375988,0.03997180711067188,0.6433843869773228,0.12142565873824251,25,50,10
28,405,0.19554273300315053,0.03997180711451047,0.6430598011353926,0.12142565874694376,25,50,10
28,406,0.1945811096405575,0.0399718071161394,0.6440214256570791,0.12142565758622269,25,50,10
28,407,0.19456237536117166,0.039971807047719826,0.6440401605977428,0.12142565699336563,25,50,10
28,408,0.19518823870574217,0.03997180710930709,0.6100393564940059,0.15480059769094306,25,50,10
28,409,0.19518864339783432,0.039971807109306694,0.6100389517914714,0.15480059770138585,25,50,10
28,410,0.20768606225980027,0.039971811538442786,0.5975052278091971,0.15483689839255935,25,50,10
28,411,0.2072160783481762,0.03997181153033423,0.5979752123273747,0.1548368977941145,25,50,10
28,412,0.20721596511107399,0.039971811529967684,0.5979753255654193,0.15483689779353665,25,50,10
28,413,0.20734254541772615,0.039971801002548116,0.5978490388257496,0.15483661475397428,25,50,10
28,414,0.2078067871210024,0.03997180100271068,0.5978491904375444,0.15437222143874024,25,50,10
28,415,0.2078127509158858,0.03997180100280072,0.5978418246698305,0.1543736234114818,25,50,10
28,416,0.2080048388272608,0.03997180113531209,0.5976497173460262,0.15437364269140014,25,50,10
28,417,0.2079987423917848,0.039977897142986524,0.5976497177739994,0.1543736426912288,25,50,10
28,418,0.2058962269860639,0.03997789696888025,0.5643943826813961,0.1897314933636591,25,50,10
28,419,0.20635432171625032,0.03997790321673825,0.5639362816693199,0.1897314933976902,25,50,10
28,420,0.20634843390381138,0.03997790321673764,0.5639362816171201,0.18973738126232947,25,50,10
28,421,0.21183590156004276,0.03997790312289027,0.5584495359843087,0.1897366593327572,25,50,10
28,422,0.19933423731196928,0.039977898693682574,0.5709875053729008,0.18970035862144666,25,50,10
28,423,0.19933423688113286,0.039977898693680756,0.5709875052200939,0.18970035920509165,25,50,10
28,424,0.1984268741536615,0.03997789867091541,0.571894872982891,0.18970035419253192,25,50,10
28,425,0.19843283228233943,0.03997194108538597,0.571894872439656,0.18970035419261855,25,50,10
28,426,0.1979461806439947,0.03997194103009204,0.5659188897452728,0.19616298858064035,25,50,10
28,427,0.19750611799206094,0.039971934787474996,0.5663589586444988,0.19616298857596576,25,50,10
28,428,0.19750429559549518,0.03997193478744118,0.5663589542677263,0.1961648153493382,25,50,10
28,429,0.19737082368353004,0.039971934781147786,0.5663585315180487,0.1962987100172743,25,50,10
28,430,0.1969147713896443,0.03997193478102648,0.5663583856083184,0.1967549082210112,25,50,10
28,431,0.1971365837763641,0.03997193478547323,0.5661365698640635,0.19675491157409933,25,50,10
28,432,0.19700306167364123,0.03997193478001568,0.5661651209891488,0.19685988255719475,25,50,10
28,433,0.16663877220379572,0.03999223624624248,0.5972958519170117,0.19607313963295125,25,50,10
28,434,0.16653029427683433,0.03999223624227769,0.5974043331817994,0.19607313629908993,25,50,10
28,435,0.16653443055178715,0.03999223624206199,0.5974001969006302,0.1960731363055206,25,50,10
28,436,0.15537444894911065,0.03999254075370568,0.6085611598390038,0.1960718504581786,25,50,10
28,437,0.15537473884675446,0.039992789104894885,0.6084931543908381,0.1961393176575135,25,50,10
28,438,0.15519895549064244,0.0399927889785161,0.6086689562965236,0.19613929923431833,25,50,10
28,439,0.17617480021721824,0.03999279192555651,0.5876930560962328,0.19613935176099254,25,50,10
28,440,0.17617063166672195,0.03999279192559063,0.5876930605105409,0.1961435158971468,25,50,10
28,441,0.15735816085369397,0.04001072032839008,0.6064876540596388,0.1961434647582779,25,50,10
28,442,0.1573579761296114,0.04001072021233992,0.6064878552209965,0.19614344843705342,25,50,10
28,443,0.15735192457269123,0.04001072457621623,0.6064939218118578,0.19614342903923243,25,50,10
28,444,0.1576978745751396,0.040010724578314553,0.6061479715130272,0.1961434293335162,25,50,10
28,445,0.1576957757943519,0.040010724578273225,0.6061479657867703,0.1961455338406013,25,50,10
28,446,0.15769616319200286,0.040010199917373646,0.6061481030497642,0.19614553384085626,25,50,10
28,447,0.15769059192015583,0.04001019991818304,0.6061550792622421,0.1961441288994132,25,50,10
28,448,0.15768578958011767,0.040009951587973894,0.6062275968333155,0.19607666199858706,25,50,10
28,449,0.15769178101473671,0.0400099515879582,0.6062275966781033,0.19607067071919623,25,50,10
28,450,0.15769167287427835,0.040009951587975705,0.6062275969743113,0.19607077856342936,25,50,10
28,451,0.15768596556912454,0.04000995158803003,0.6062276515703844,0.19607643127245566,25,50,10
28,452,0.15768592246072669,0.040009947224116604,0.606227698987816,0.1960764313273347,25,50,10
28,453,0.15774326876605038,0.04000994722910428,0.6061703519968469,0.1960764320079933,25,50,10
28,454,0.1654592293493794,0.04000994722239591,0.598454391809167,0.19607643161905583,25,50,10
28,455,0.16546509003994378,0.04000994722237782,0.5984543905205755,0.19607057221710225,25,50,10
28,456,0.1293548698305406,0.0400099477530442,0.6345646122189009,0.19607057019751425,25,50,10
28,457,0.1298369741199972,0.04000994774563238,0.6340813295041277,0.1960717486302423,25,50,10
28,458,0.12265798523949475,0.04000994780128933,0.6412603123800912,0.19607175457912582,25,50,10
28,459,0.13180430895317036,0.040009643824534355,0.6321133757898394,0.19607267143245566,25,50,10
28,460,0.1284153175986444,0.04000964306623239,0.6355023661799831,0.19607267315514007,25,50,10
28,461,0.12842088497471849,0.04000964750496123,0.63549677303173,0.1960726944885897,25,50,10
28,462,0.12841527613367254,0.04000964742743574,0.6308887965234162,0.20068627991547486,25,50,10
28,463,0.12978672097378496,0.040009647423450916,0.6295173522631162,0.20068627933964683,25,50,10
28,464,0.12977783538537124,0.04000964742295596,0.6295262379013775,0.20068627929029165,25,50,10
28,465,0.1297779760329229,0.04000964742295628,0.629526238945783,0.20068613759833426,25,50,10
28,466,0.12763071650238073,0.03999171607595005,0.6316914314809235,0.20068613594074033,25,50,10
28,467,0.12763064379099032,0.03999171607598567,0.6316914331431921,0.20068620698982695,25,50,10
28,468,0.12763435301170303,0.03999171607605553,0.6316913924877534,0.20068253842448155,25,50,10
28,469,0.12760214173253231,0.03999171606912256,0.6317236043609676,0.20068253783737094,25,50,10
28,470,0.13344410327235792,0.039991716073260915,0.6317304096405121,0.1948337710138627,25,50,10
28,471,0.13344161101015858,0.03999170723061494,0.6317329107802103,0.19483377097901142,25,50,10
28,472,0.10486905716804863,0.03999170685124605,0.6603063816022631,0.19483285437843634,25,50,10
28,473,0.14427306516178162,0.039991706984811186,0.620902376876245,0.19483285097715786,25,50,10
28,474,0.14427335135358985,0.039991706984866614,0.6210087227075297,0.19472621895401032,25,50,10
28,475,0.164494435741362,0.03999159434302865,0.6007889708819463,0.19472499903365964,25,50,10
28,476,0.1645101301173661,0.03999159434324036,0.6007889861722494,0.19470928936714083,25,50,10
28,477,0.1653928960496744,0.039991955225010416,0.5999070374300018,0.19470811129531015,25,50,10
28,478,0.16557670713161884,0.03999238492128821,0.5997227921080754,0.1947081158390126,25,50,10
28,479,0.16557656891075992,0.039992384921253794,0.5997229273459841,0.194708118821998,25,50,10
28,480,0.1538361133105269,0.03999238871985453,0.6114636720222358,0.1947078259473805,25,50,10
28,481,0.11520077639546196,0.03999238857236005,0.6143843016365155,0.2304225333956602,25,50,10
28,482,0.11520834064980896,0.03998495555184422,0.6143841703936667,0.23042253340467891,25,50,10
28,483,0.1153234701742094,0.0399849620036296,0.6142690343692583,0.2304225334529,25,50,10
28,484,0.11579357505661246,0.03998495757255369,0.613798954893773,0.23042251247705978,25,50,10
28,485,0.1161264547447508,0.039984957574429394,0.6134660711197458,0.23042251656107232,25,50,10
28,486,0.11612855853510304,0.039984957574287404,0.6134660568427677,0.2304204270478405,25,50,10
28,487,0.11489873372419042,0.0399846176415537,0.6146962219240559,0.2304204267101981,25,50,10
28,488,0.11489281736497858,0.03998461764153403,0.6146962204744405,0.230426344519046,25,50,10
28,489,0.10940594644873405,0.039984617641975084,0.6146903345046784,0.23591910140461309,25,50,10
28,490,0.10488902310976014,0.040696365901944136,0.6184365923774118,0.23597801861088327,25,50,10
28,491,0.10500290296987312,0.04069636590205568,0.6184367676395037,0.2358639634885683,25,50,10
28,492,0.10499691508304064,0.040696365902073206,0.6184367679740643,0.23586995104082276,25,50,10
28,493,0.06710853336275745,0.04069636836207346,0.6563242377494057,0.23587086052576264,25,50,10
28,494,0.06666262546798954,0.04069636835517348,0.656770146164371,0.23587086001246502,25,50,10
28,495,0.06602095455787298,0.04071045037676439,0.6573977414968216,0.2358708535685393,25,50,10
28,496,0.06602683666423693,0.04071045037676437,0.6573977414749098,0.235864971484087,25,50,10
28,497,0.06614712321324942,0.04069594307265075,0.6572919624860127,0.2358649712280852,25,50,10
28,498,0.06603128295069996,0.040695943072469154,0.6572917811803048,0.2359809927965241,25,50,10
28,499,0.0637761087443179,0.04067733018209405,0.6602329668987236,0.23531359417486378,25,50,10
28,500,0.06367945096996094,0.04067733066922269,0.66032962508028,0.23531359328054308,25,50,10
28,501,0.04368460106582869,0.04067733514361512,0.6803243158632004,0.23531374792736287,25,50,10
28,502,0.04476621591276073,0.040677497776063574,0.6791922829389797,0.2353640033722021,25,50,10
28,503,0.04442956785948358,0.040677497774373565,0.6795289347198441,0.23536399964630272,25,50,10
28,504,0.044433678760649,0.04069191745232367,0.679510404478989,0.2353639993080423,25,50,10
28,505,0.04431389402421065,0.04069191745268537,0.67963018921665,0.23536399930645568,25,50,10
28,506,0.045105809321208105,0.0406919209704333,0.6788382665257982,0.23536400318256298,25,50,10
28,507,0.04523907188204006,0.0406775013771812,0.6787194229722769,0.23536400376850417,25,50,10
28,508,0.04577724714993742,0.04067750138076744,0.6781800512972825,0.23536520017201684,25,50,10
28,509,0.045765272003754215,0.04068947201109108,0.6781800558131347,0.23536520017202442,25,50,10
28,510,0.04309080730239319,0.0406879211858041,0.6808951126250811,0.23532615888672428,25,50,10
28,511,0.04299220679884494,0.04068791684524356,0.6809937172000139,0.2353261591559025,25,50,10
28,512,0.08155760303599913,0.04068791603765185,0.6424283217746235,0.23532615915172847,25,50,10
28,513,0.08154161010166203,0.0406879160374546,0.6424443147959732,0.2353261590649174,25,50,10
28,514,0.08153730723577547,0.04068791603767442,0.6424485910161379,0.2353261857104196,25,50,10
28,515,0.0796338201535754,0.040687913092072925,0.644353016719643,0.23532525003471513,25,50,10
28,516,0.07973380819127306,0.04068920313643586,0.6442516597639687,0.2353253289083288,25,50,10
28,517,0.07986431325595254,0.061944824296547914,0.6228655326645152,0.235325329782986,25,50,10
28,518,0.07911163582097377,0.0619446407145609,0.6236686489013331,0.2352750745631317,25,50,10
28,519,0.07884344337704224,0.08066640128660527,0.6052150822536722,0.2352750730826799,25,50,10
28,520,0.07848837892900362,0.08066640128204462,0.6052141642539297,0.23563105553502336,25,50,10
28,521,0.07763526347269753,0.08066640124405909,0.6022746040210445,0.23942373126219987,25,50,10
28,522,0.07764125198339612,0.08066640124404245,0.6022746037555757,0.23941774301698676,25,50,10
28,523,0.0795839906450682,0.08066783399204512,0.6003296369983057,0.23941853836458185,25,50,10
28,524,0.07952051267966476,0.08066783398857616,0.6003931156587494,0.23941853767300753,25,50,10
28,525,0.08048044544172069,0.08066783399456089,0.5994332114880446,0.23941850907567325,25,50,10
28,526,0.07952949052153545,0.08066783398844497,0.6002894981041152,0.23951317738590372,25,50,10
28,527,0.0794219295593032,0.08066782772041367,0.6003970653732209,0.2395131773470606,25,50,10
28,528,0.07940599024108087,0.08066782772023799,0.6003970516815061,0.23952913035717358,25,50,10
28,529,0.0789363072525763,0.08066782771394672,0.6003966335994274,0.23999923143404814,25,50,10
28,530,0.07814942349767817,0.08066807996310466,0.6011832689596023,0.23999922757961237,25,50,10
28,531,0.07815673776894279,0.08066782411799572,0.6011762105349087,0.2399992275781504,25,50,10
28,532,0.07816091833959354,0.08066782411915582,0.6011763473320346,0.23999491020921357,25,50,10
28,533,0.07815465341218339,0.08066782412126804,0.6012754144465096,0.23990210802003684,25,50,10
28,534,0.07192536193101139,0.08066782865005637,0.6075047212290575,0.239902088189873,25,50,10
28,535,0.06806562288058318,0.07995607639518931,0.6121371163634978,0.2398411843607264,25,50,10
28,536,0.0688985510966736,0.07995607651918932,0.6113041692509998,0.23984120313313437,25,50,10
28,537,0.06890887605782633,0.07995608096494418,0.6112938395527511,0.23984120342447487,25,50,10
28,538,0.06891083768960095,0.07995608096501364,0.6112938476244816,0.23983923372089933,25,50,10
28,539,0.06891878905284017,0.07995608096508335,0.6112938536088379,0.2398312763732338,25,50,10
28,540,0.08498777554132514,0.07995608135398695,0.5952248656405464,0.2398312774641374,25,50,10
28,541,0.08499988993795325,0.07994397053849275,0.5952248620496536,0.23983127747389651,25,50,10
28,542,0.08499555480688153,0.07994396609122152,0.5952292018952958,0.23983127720659733,25,50,10
28,543,0.08575087769709888,0.07994420572615217,0.5944736390854894,0.23983127749125902,25,50,10
28,544,0.08576016171173433,0.07994420572403625,0.5944662217972536,0.23982941076697695,25,50,10
28,545,0.08576625917674637,0.07993827807328734,0.5944660519586769,0.23982941079129014,25,50,10
28,546,0.08576646959554153,0.07993827807325132,0.5944660513366959,0.23982920099451147,25,50,10
28,547,0.08578216322570559,0.0799382780734465,0.5944660675859308,0.23981349111491737,25,50,10
28,548,0.08577435298837849,0.08106040335378298,0.5933517525524503,0.2398134911053882,25,50,10
28,549,0.08412953489830426,0.08106087453394675,0.5949960990605601,0.23981349150718945,25,50,10
28,550,0.0814908196950352,0.08108052844107938,0.5976151606457523,0.23981349121813453,25,50,10
28,551,0.08263131538242022,0.08108052845385914,0.596474664075761,0.23981349208796082,25,50,10
28,552,0.08261751443178277,0.08108052845382574,0.5964746607303153,0.23982729638407746,25,50,10
28,553,0.08253499383391023,0.08108005727339246,0.5924428153643685,0.24394213352833002,25,50,10
28,554,0.08252755560569858,0.08108005727366559,0.5923555787241785,0.24403680839645836,25,50,10
28,555,0.08174456580251085,0.08107981837944157,0.593138807383875,0.24403680843417175,25,50,10
28,556,0.08121238231041734,0.08107981837589028,0.593672187717632,0.2440356115960591,25,50,10
28,557,0.08123657398622905,0.08107982282063703,0.5936479911951463,0.24403561199798546,25,50,10
28,558,0.08124060368137391,0.0810798228205847,0.5936479833831627,0.24403159011487685,25,50,10
28,559,0.08168838377113623,0.08107982438181002,0.593200202310169,0.24403158953688295,25,50,10
28,560,0.08168849235106129,0.08107982438177369,0.5932001997266181,0.2440314835405456,25,50,10
28,561,0.08168614680708432,0.08107982445930582,0.5932025239462239,0.24403150478738259,25,50,10
28,562,0.0816779396065078,0.08107982453575595,0.5932107310613388,0.2440315047963974,25,50,10
28,563,0.08226065603207892,0.08107982303647879,0.5926279982476558,0.24403152268378617,25,50,10
28,564,0.08225455663772006,0.08107982303647913,0.5926279983115766,0.24403762201422347,25,50,10
28,565,0.08313216261666703,0.08107981859619935,0.5917503966088179,0.24403762217831546,25,50,10
28,566,0.08188078147596536,0.09898648253135268,0.5750951229764669,0.24403761301621477,25,50,10
28,567,0.10031409092900904,0.0989865257531481,0.5566610956403937,0.2440382876774491,25,50,10
28,568,0.09853158393264533,0.09898618615854968,0.5584439433803303,0.24403828652847565,25,50,10
28,569,0.09853154506098924,0.09786406084875,0.5595661075618915,0.24403828652837073,25,50,10
28,570,0.09852359306078515,0.09787201761100028,0.5595661028045973,0.24403828652361864,25,50,10
28,571,0.09828548933779147,0.08000652233100908,0.5776697102497838,0.2440382780814172,25,50,10
28,572,0.09829172453054294,0.08002833435166336,0.577641663045877,0.24403827807191839,25,50,10
28,573,0.09842681389067601,0.08002833443558668,0.581621410568452,0.23992344110528754,25,50,10
28,574,0.09840502350600733,0.08002833443542659,0.5816213951247114,0.2399452469338574,25,50,10
28,575,0.09839903308367692,0.08002833443544377,0.5816213954045161,0.23995123707636548,25,50,10
28,576,0.09839889622573111,0.08002848641416582,0.5816213803033786,0.2399512370567271,25,50,10
28,577,0.09840478009752694,0.08002848641414824,0.5816213790341049,0.2399453544542233,25,50,10
28,578,0.09840692185784344,0.08002848633640929,0.5816191403231551,0.23994545148259605,25,50,10
28,579,0.09911190771129604,0.08002849566418437,0.5809141285947047,0.23994546802981823,25,50,10
28,580,0.09911201236660201,0.08002849566418403,0.580914128548018,0.23994536342119893,25,50,10
28,581,0.10001372832719302,0.07998767426779542,0.5800532336876284,0.2399453637173865,25,50,10
28,582,0.10000780449719496,0.07998767426778067,0.58005323565585,0.23995128557917764,25,50,10
28,583,0.09933275187591675,0.07998791852331212,0.580728060614678,0.23995126898609617,25,50,10
28,584,0.09933265557350075,0.07998791852317695,0.5807282751778142,0.23995115072551254,25,50,10
28,585,0.09856980118156326,0.07998757119394485,0.5814914768775058,0.2399511507469903,25,50,10
28,586,0.09859391927691942,0.07998757103762028,0.5814673588987634,0.23995115078670096,25,50,10
28,587,0.09858817736364987,0.07998757112267652,0.5814731007407496,0.23995115077292595,25,50,10
28,588,0.09937336591159224,0.07998757104650758,0.5806220028777267,0.24001706016417582,25,50,10
28,589,0.07664212438632495,0.07998755249862724,0.6033539382333362,0.2400163848817136,25,50,10
28,590,0.0697053273336486,0.0800176246084023,0.6102604253759686,0.24001662268198237,25,50,10
28,591,0.06971135159572586,0.08001762460843849,0.6102604269405777,0.24001059685526002,25,50,10
28,592,0.06970575638758328,0.08001762462953126,0.6102660221319248,0.240010596850962,25,50,10
28,593,0.06592001224419096,0.0799891064233581,0.614080515574746,0.24001036575770646,25,50,10
28,594,0.07980991211850923,0.08007175451488227,0.6001089233749191,0.2400094099916921,25,50,10
28,595,0.07980588459078525,0.08007175451535206,0.6001129508959167,0.24000940999794892,25,50,10
28,596,0.07933406226458917,0.0800520960072609,0.6006044492403259,0.24000939248782427,25,50,10
28,597,0.07920031951872444,0.08005245112950458,0.6007378374488814,0.24000939190289014,25,50,10
28,598,0.07919464936799324,0.08005245118544443,0.6007435075093261,0.2400093919372365,25,50,10
28,599,0.07919461858109861,0.08005245118540881,0.600743505915096,0.2400094243183964,25,50,10
28,600,0.07834362434030917,0.08005245105409547,0.6015945190744288,0.24000940553116948,25,50,10
28,601,0.07845762687467897,0.08005245105364517,0.6014805164786148,0.2400094055930638,25,50,10
28,602,0.07846167114058308,0.08005262866191558,0.6014762946211962,0.240009405576309,25,50,10
28,603,0.07842332646431151,0.08005237432895164,0.6015148942217108,0.24000940498503043,25,50,10
28,604,0.07842899921270705,0.08005237416225208,0.601509221674439,0.24000940495060535,25,50,10
28,605,0.07842875192711889,0.08007298232906246,0.6014888607928949,0.24000940495092726,25,50,10
28,606,0.07849727301691095,0.08005237430165392,0.6014409280637814,0.2400094246176572,25,50,10
28,607,0.07851121848959876,0.08005237430172459,0.6014409348562819,0.2399954723523985,25,50,10
28,608,0.07851307499596168,0.08005237430179368,0.6014409408261876,0.23999360987606164,25,50,10
28,609,0.0829665927833629,0.0800523429685345,0.5969874596601702,0.23999360458793653,25,50,10
28,610,0.0829821925835934,0.08003053094781025,0.5969936718806467,0.23999360458795413,25,50,10
28,611,0.08354417129821881,0.08002924090345738,0.5964330621005789,0.23999352569774884,25,50,10
28,612,0.08355607786336203,0.08002924090429941,0.5965158306351974,0.2398988505971439,25,50,10
28,613,0.08402334996897447,0.08002889199528238,0.5960489065500726,0.23989885148567405,25,50,10
28,614,0.09151693242711186,0.08002871458970924,0.5885554994872695,0.23989885349591247,25,50,10
28,615,0.09151693044843581,0.08002871664769304,0.5885554994079625,0.23989885349591158,25,50,10
28,616,0.09060222452007059,0.08002871663992439,0.589536115303855,0.2398329435361533,25,50,10
28,617,0.09059637729646035,0.08002871663996293,0.5895361171430465,0.2398387889205334,25,50,10
28,618,0.09059615895391561,0.08002871663992499,0.5895361163582631,0.23983900804789954,25,50,10
28,619,0.09052855054339828,0.08002871682590046,0.5896037379167827,0.23983899471392245,25,50,10
28,620,0.09053646951367389,0.08002871682593485,0.589603742354473,0.2398310713059219,25,50,10
28,621,0.09054239210406272,0.08002871682595052,0.589603740483367,0.23982515058662365,25,50,10
28,622,0.09054267692958541,0.08002871682707044,0.5896034552848214,0.23982515095852677,25,50,10
28,623,0.0896490526019545,0.08002871682397199,0.5904970797898986,0.23982515078418107,25,50,10
28,624,0.08964364912746378,0.0800287168294458,0.5905007498715162,0.23982688417158107,25,50,10
28,625,0.09097974084355213,0.08002871683364797,0.5905015195990004,0.2384900227238062,25,50,10
28,626,0.09098594353620809,0.08002871683364893,0.5905015200947017,0.23848381953544773,25,50,10
28,627,0.09098191599712925,0.0800287168337187,0.5905015260647076,0.23848784110445045,25,50,10
28,628,0.08451202535456125,0.08002871664091928,0.5969714188223002,0.23848783918222533,25,50,10
28,629,0.08317407373054046,0.0800287166366329,0.5969706471400804,0.23982656249275233,25,50,10
28,630,0.08319801808169937,0.08002872078954358,0.5969466986024146,0.23982656252634663,25,50,10
28,631,0.06691518064178636,0.07994463752719504,0.6133135784667576,0.23982660336426673,25,50,10
28,632,0.0669209612994401,0.07994463752591599,0.6133077978199107,0.23982660335473646,25,50,10
28,633,0.06692096345358431,0.07994463752593167,0.613307793891595,0.23982660512889192,25,50,10
28,634,0.061420920122793606,0.07994308989368577,0.6188093858904167,0.23982660409310327,25,50,10
28,635,0.06142102778014245,0.07994308989564053,0.6188092782453004,0.239826604078917,25,50,10
28,636,0.061408895785579676,0.07994308989465568,0.6188214104899025,0.23982660382986165,25,50,10
28,637,0.06154256949629513,0.07994308990483512,0.6186861173914663,0.23982822320740285,25,50,10
28,638,0.06154015588375504,0.07994309434263588,0.6186885274099009,0.23982822236370768,25,50,10
28,639,0.06106896670818607,0.07994308810383621,0.6191597237076715,0.2398282214803055,25,50,10
28,640,0.061398913185112855,0.07994308809983432,0.618831396084986,0.2398266026300667,25,50,10
28,641,0.06139473258214427,0.0799430880986748,0.6188312593379574,0.23983091998122263,25,50,10
28,642,0.06141515333084161,0.07994309245947183,0.618810833936884,0.23983092027280115,25,50,10
28,643,0.06141714807704096,0.07994309245954344,0.618810840086339,0.23982891937707587,25,50,10
28,644,0.06374910295958554,0.07994309265205905,0.6164788830993292,0.2398289212890248,25,50,10
28,645,0.06374910084340718,0.07994309265209283,0.6164788845433052,0.2398289219611934,25,50,10
28,646,0.06374289814992688,0.07994309265209187,0.616478884047905,0.23983512515007455,25,50,10
28,647,0.06374303006825092,0.0799430926521441,0.6164788878043286,0.23983498947527462,25,50,10
28,648,0.06378371221135318,0.07994309265772237,0.6164382050828516,0.23983499004807077,25,50,10
28,649,0.07310414178577095,0.07994310680702077,0.6071177316178511,0.23983501978935617,25,50,10
28,650,0.07309495288313916,0.07994332235441592,0.607126704957543,0.23983501980490335,25,50,10
28,651,0.07345749917484332,0.07957479369855093,0.607132686467796,0.23983502065881265,25,50,10
28,652,0.07299392184791839,0.0795747999282885,0.6075962581033627,0.2398350201204313,25,50,10
28,653,0.0729799700661932,0.07957479992690071,0.6076102103018274,0.23983501970507665,25,50,10
28,654,0.0815648346257638,0.07968326469540024,0.5989167476594571,0.2398351530193761,25,50,10
28,655,0.08157853144492985,0.07968326469541612,0.5989167497568629,0.23982145410278932,25,50,10
28,656,0.08158295257648775,0.07968351776314013,0.5989120752681729,0.2398214543921966,25,50,10
28,657,0.08089995303658683,0.07968351794247554,0.5995950731493467,0.23982145587158832,25,50,10
28,658,0.08089610112320494,0.0796835179423332,0.5995950609468247,0.23982531998763468,25,50,10
28,659,0.08090202241757659,0.07968351794236977,0.5995950636084767,0.23981939603157446,25,50,10
28,660,0.0814453992481579,0.07914580519021587,0.5995894003601684,0.23981939520145534,25,50,10
28,661,0.08145586477627925,0.07916568955553314,0.599559016682273,0.2398194289859136,25,50,10
28,662,0.08146792647181211,0.07916568963242318,0.5995469552825237,0.2398194286132403,25,50,10
28,663,0.0837425202514161,0.0791658011223566,0.5955488919553127,0.241542786670913,25,50,10
28,664,0.07523094093874148,0.07905733605376937,0.6041688457183018,0.2415428772891849,25,50,10
28,665,0.07523119361695216,0.07905733605387902,0.6041688537311821,0.24154261659798545,25,50,10
28,666,0.04736757510456322,0.07905731907004557,0.632032560805127,0.241542545020263,25,50,10
28,667,0.04700886609921867,0.07905732513404082,0.6323912650453405,0.24154254372140002,25,50,10
28,668,0.0472265519473073,0.07905732601402854,0.6226254358599793,0.25109068617868724,25,50,10
28,669,0.046999197507048215,0.07905732546534672,0.6323961292441457,0.24154734778346168,25,50,10
28,670,0.0469872883062183,0.07905732546536708,0.6323961307570967,0.24155925547131982,25,50,10
28,671,0.04698725452364611,0.07905736217497471,0.6323961278445165,0.2415592554568643,25,50,10
28,672,0.05292042420144551,0.07905714219545651,0.6264631776217293,0.24155925598137337,25,50,10
28,673,0.053221874753258305,0.07905715162602056,0.6261619459189839,0.24155902770174062,25,50,10
28,674,0.053228362812126874,0.0790571516260234,0.6261619481759079,0.24155253738594515,25,50,10
28,675,0.05369000974193826,0.07905689855986084,0.6257005460517157,0.2415525456464886,25,50,10
28,676,0.052778198959830325,0.0799690275109613,0.6257002279061665,0.24155254562304532,25,50,10
28,677,0.05277038695451384,0.07996902751092783,0.6257002245175066,0.24156036101705458,25,50,10
28,678,0.05266850598917138,0.07996902751107557,0.6258021054585565,0.24156036104119835,25,50,10
28,679,0.052676207718110914,0.07994913691200418,0.6257179589139062,0.2416566964559799,25,50,10
28,680,0.05313358563987352,0.07994913657543933,0.6252654433224906,0.24165183446219848,25,50,10
28,681,0.05274986400822884,0.07994913657908244,0.6256485586759479,0.24165244073674277,25,50,10
28,682,0.05363052709819332,0.07994913234274287,0.6247678994401781,0.24165244111888806,25,50,10
28,683,0.05362866691945779,0.07994913234267215,0.624767893364567,0.24165430737330623,25,50,10
28,684,0.05354065913387584,0.07994913233749873,0.6247853444763909,0.24172486405223778,25,50,10
28,685,0.05399662086365662,0.0799491322689663,0.6243293820687531,0.24172486479862706,25,50,10
28,686,0.054893795544577496,0.0799493766964507,0.6234319624066128,0.24172486535236196,25,50,10
28,687,0.05485092197113251,0.07994937682955706,0.6234748364195812,0.2417248647797324,25,50,10
28,688,0.054855365553650885,0.07994973266006092,0.6234700370160741,0.24172486477021674,25,50,10
28,689,0.0539620765783338,0.10133144621383383,0.6029816130012794,0.2417248642065557,25,50,10
28,690,0.053968032762816386,0.10133144621381442,0.6029816116783876,0.2417189093449844,25,50,10
28,691,0.05349805470809761,0.10133144620429523,0.6034515905857859,0.24171890850182454,25,50,10
28,692,0.053513880479283446,0.10133144620441868,0.6034516004475531,0.24170307286874881,25,50,10
28,693,0.053508028921924834,0.10133729598926475,0.6034516022199798,0.2417030728688344,25,50,10
28,694,0.04757042882930082,0.10133729606800453,0.6093892027683053,0.2417030723343934,25,50,10
28,695,0.047637400324308736,0.10190535133032128,0.6087541757070085,0.24170307263836577,25,50,10
28,696,0.047621537759678395,0.10190534691327571,0.6087700426788044,0.2417030726482459,25,50,10
28,697,0.04762506913248509,0.10190534682917834,0.6087665113813396,0.24170307265700164,25,50,10
28,698,0.04716274891040495,0.101905346936776,0.6092304140444147,0.24170149010840902,25,50,10
28,699,0.047158582449831954,0.10190534693681105,0.6092304175011894,0.2417056531121721,25,50,10
28,700,0.04734773403257295,0.10190534693693679,0.6090412654534125,0.2417056535770825,25,50,10
28,701,0.04732381557857935,0.10190534693672387,0.6090412471754596,0.24172959030924115,25,50,10
28,702,0.047330028958984194,0.10190534701324955,0.6090350336464571,0.24172959038131228,25,50,10
28,703,0.047329772144976384,0.10190534693673653,0.6090352906042278,0.24172959031406235,25,50,10
28,704,0.047335406647581714,0.10190534693662658,0.6090352825361824,0.2417239638796123,25,50,10
28,705,0.04733311400965156,0.10190534691649104,0.6090375754856643,0.2417239635881973,25,50,10
28,706,0.04733258467744163,0.10190534691650446,0.6090375724004736,0.24172449600558385,25,50,10
28,707,0.06340831163360267,0.10190534971299442,0.5929618231310699,0.24172451552233656,25,50,10
28,708,0.06340863735253238,0.10192489784186459,0.5929419492779828,0.2417245155276255,25,50,10
28,709,0.06350151361572247,0.10192489783971431,0.5929454422349051,0.2416281463096646,25,50,10
28,710,0.06526886507475961,0.10196196845830988,0.5911409943409837,0.24162817212595086,25,50,10
28,711,0.06526886689498315,0.10196196710879235,0.5911409938751297,0.2416281721210996,25,50,10
28,712,0.06520413345410744,0.10141380770839077,0.5917538870207916,0.2416281718167144,25,50,10
28,713,0.059919369946251445,0.10141369602788516,0.5987621215813517,0.23990481244451586,25,50,10
28,714,0.06040952790223324,0.10141369592449481,0.5982720266274775,0.23990474954579846,25,50,10
28,715,0.058411612421868445,0.10141370329349794,0.6001606665377299,0.2400140177469083,25,50,10
28,716,0.05666182050926634,0.1013766371158699,0.6019475504087022,0.24001399196616585,25,50,10
28,717,0.056669636958744975,0.10137663711377475,0.5970977699065105,0.24485595602097443,25,50,10
28,718,0.05666381864489899,0.10137663711383076,0.5970977740214999,0.24486177021977537,25,50,10
28,719,0.05669531315206945,0.10135673315646482,0.5970861829246314,0.24486177076683863,25,50,10
28,720,0.05665223099992201,0.1013567287160626,0.5971292695532514,0.24486177073076945,25,50,10
28,721,0.05665184725550618,0.10135672871603008,0.597199618290147,0.24479180573832238,25,50,10
28,722,0.05617612089952014,0.10135673496774503,0.5976753678162524,0.24479177631648635,25,50,10
28,723,0.05689133065420884,0.10135672872417915,0.5969601631847917,0.24479177743682434,25,50,10
28,724,0.05689721597708064,0.10135084350052789,0.5969601630858282,0.24479177743656774,25,50,10
28,725,0.057245747899109876,0.1013309474981837,0.5966315271295055,0.24479177747320588,25,50,10
28,726,0.057223490756003255,0.11992658416093219,0.5780581476248259,0.24479177745824315,25,50,10
28,727,0.05711237561720692,0.11992658416068826,0.5781692627822728,0.24479177743983643,25,50,10
28,728,0.057118363277405514,0.11992059989223282,0.5781692593906121,0.24479177743975394,25,50,10
28,729,0.05711247780975628,0.11992059989223441,0.5781692594250538,0.24479766287295923,25,50,10
28,730,0.05710662384726129,0.11992059989225164,0.5781692606836821,0.24480351557680946,25,50,10
28,731,0.057110493463431826,0.11992059989237833,0.578169271763263,0.2447996348809315,25,50,10
28,732,0.04103545642373181,0.11992059723175982,0.594244330940327,0.24479961540418504,25,50,10
28,733,0.0410381189207633,0.11992059723163571,0.5942444394865486,0.24479684436105617,25,50,10
28,734,0.041043937372147336,0.11992059723158036,0.5942444354098251,0.2447910299864507,25,50,10
28,735,0.041049927517183324,0.11992059723159114,0.594239651787101,0.24478982346412792,25,50,10
28,736,0.04104991949419081,0.11992059721009692,0.5942396601034186,0.24478982319229772,25,50,10
28,737,0.04104788640690367,0.11992059721020261,0.5942416931479619,0.2447898232349359,25,50,10
28,738,0.04254665487554144,0.11992058778985527,0.592742935443275,0.2447898218913312,25,50,10
28,739,0.04254679311190868,0.11992044646664801,0.5927429385156628,0.24478982190578363,25,50,10
28,740,0.042531276573483455,0.11992044646481262,0.5927584555838006,0.24478982137790706,25,50,10
28,741,0.04246676527637651,0.11992045326959934,0.5928229602858193,0.24478982116820855,25,50,10
28,742,0.04211835950274365,0.11992045326937582,0.593171366096581,0.244789821131303,25,50,10
28,743,0.042118360070119036,0.1199204532693764,0.5931713661426891,0.24478982051781853,25,50,10
28,744,0.0042669138706201955,0.11992047497707725,0.6311320601660843,0.24468055098622318,25,50,10
28,745,0.0033822865920112126,0.11992046814516161,0.6320166938324522,0.24468055143038017,25,50,10
28,746,0.0033778826384375615,0.11992046814524823,0.6320210977760525,0.2446805514402673,25,50,10
28,747,0.002463455815637993,0.12038816467202963,0.6324678191264372,0.2446805603859007,25,50,10
28,748,0.002464062065238376,0.1203881646721257,0.6324672128938431,0.24468056036879737,25,50,10
28,749,0.0025634995966088412,0.1199204682458491,0.6328354815138443,0.24468055064370245,25,50,10
28,750,0.0025571424853332585,0.11992046837119748,0.6328418385092667,0.24468055063420663,25,50,10
28,751,0.0025468664890017844,0.11992047329085725,0.6292738072139805,0.2482588530061656,25,50,10
28,752,0.0025421589115063935,0.11992047329090628,0.6292736922681234,0.24826367552946835,25,50,10
28,753,0.002528356261101908,0.11992046705758343,0.6292857466807251,0.24826543000059584,25,50,10
28,754,0.0029324163807249917,0.11992046706107161,0.628881685922335,0.24826543063587544,25,50,10
28,755,0.003415911140732164,0.11992043798184947,0.6283982196437584,0.24826543123366668,25,50,10
28,756,0.003018290412718426,0.11992043806262669,0.6287958409254722,0.2482654305991893,25,50,10
28,757,0.0030182922509003397,0.11992043806262638,0.6287958409215156,0.24826542876496455,25,50,10
28,758,0.003013674498823086,0.11992044269173452,0.628800454040348,0.2482654287691009,25,50,10
28,759,0.0030177033663193976,0.11992044269166442,0.6288004480347401,0.2482614059072829,25,50,10
28,760,0.003007334938007597,0.1199204487816549,0.6288108103982796,0.24826140588206408,25,50,10
28,761,0.00300775752080386,0.1199204487812035,0.6288103877865652,0.24826140591143478,25,50,10
28,762,0.003008337913948242,0.1199346073035016,0.6287956488835935,0.24826140589896448,25,50,10
28,763,0.0030100567746533776,0.11993460730355227,0.6287956534725487,0.24825968244925156,25,50,10
28,764,0.0022923964233361404,0.11993460729305853,0.6295133155319746,0.24825968075163535,25,50,10
28,765,0.002338307269427499,0.11993460729317976,0.6294674043948024,0.24825968104259494,25,50,10
28,766,0.00233800876426418,0.11993461160529267,0.6294676986422431,0.24825968098820855,25,50,10
28,767,0.0023540848975898104,0.11991852029958823,0.6294677137808882,0.2482596810219431,25,50,10
28,768,0.0023540165911942524,0.1199185202996605,0.6294677820811309,0.2482596810280217,25,50,10
28,769,0.0023481287188753435,0.1199185202996593,0.6294677820036525,0.24826556897782015,25,50,10
28,770,0.0023383937768868576,0.1199384172693575,0.6294576199801094,0.24826556897365254,25,50,10
28,771,0.0024761963122521312,0.11993841236965794,0.6024206062630403,0.27516478505505426,25,50,10
28,772,0.002470413173289505,0.11993841236964016,0.6024206049629417,0.2751705694941332,25,50,10
28,773,0.0029340779292450587,0.11993840792958262,0.6019569440630783,0.2751705700780987,25,50,10
28,774,0.002935674289720096,0.11993840784568466,0.6019553466579376,0.27517057120666033,25,50,10
28,775,0.002794268309263344,0.11993840782565571,0.5974387051897584,0.2798286186753262,25,50,10
28,776,0.002804017957916917,0.11991851086728131,0.5974488524805261,0.27982861869427894,25,50,10
28,777,0.0027999895392391613,0.11991851086736896,0.597448859760294,0.27983263983310125,25,50,10
28,778,0.0028230809575498666,0.11991851086740855,0.5974489240818869,0.27980948409315826,25,50,10
28,779,0.0028151560698934323,0.11991851096351916,0.5974568488976594,0.27980948406893164,25,50,10
28,780,0.002815020403729622,0.11991851096350072,0.5974568475701807,0.27980962106259255,25,50,10
28,781,0.0029401249738198226,0.11991851096359607,0.5974570479541069,0.27968431610848055,25,50,10
28,782,0.0030756923543858953,0.11991851096716599,0.597321481123399,0.27968431555505263,25,50,10
28,783,0.0021727961008280007,0.11991851096571668,0.59822437778558,0.2796843151478775,25,50,10
28,784,0.00219671766572539,0.11989457058754444,0.5982243965842412,0.27968431516249087,25,50,10
28,785,0.0020864402034422107,0.11989457047855372,0.5983346742427234,0.2796843150752826,25,50,10
28,786,0.0020540461938493675,0.11989457047863183,0.5983670685629752,0.279684314764547,25,50,10
28,787,0.0020820602055246695,0.11989457047879308,0.5983670821703232,0.27965628714536356,25,50,10
28,788,0.00230425488714069,0.11989457056089434,0.5981448873612929,0.27965628719067664,25,50,10
28,789,0.0022803765043436642,0.11989457056064579,0.5981448674651938,0.2796801854698212,25,50,10
28,790,0.0022807186392476415,0.11989457683081829,0.5981445189064234,0.2796801856235163,25,50,10
28,791,0.0018321449345966845,0.11989457683943432,0.5985930925964648,0.27968018562950936,25,50,10
28,792,0.001854202540038408,0.11989457683937686,0.5985727894621248,0.2796784311584637,25,50,10
28,793,0.002339667886230816,0.11989457676474378,0.5980860689397158,0.27967968640931284,25,50,10
28,794,0.002343293723499885,0.11989458126836246,0.5980824377707417,0.2796796872373957,25,50,10
28,795,0.0024886076680821732,0.11989458127270025,0.5980828107287516,0.2795340003304656,25,50,10
28,796,0.0024960773655924207,0.11988041821961735,0.5980895040962172,0.2795340003185744,25,50,10
28,797,0.0025054610626032443,0.11988041821952286,0.5980801204291029,0.2795340002887734,25,50,10
28,798,0.002485390279165224,0.1199004887861189,0.5980801206700748,0.27953400026464353,25,50,10
28,799,0.024350614560733175,0.1199061186562158,0.5760307080209742,0.2797125587620786,25,50,10
28,800,0.024348682917704964,0.11990611865611128,0.5760307035793027,0.27971449484688365,25,50,10
28,801,0.024340870173670016,0.11990611865601551,0.5760385162783046,0.2797144948920125,25,50,10
28,802,0.024199402543152285,0.1199061230900313,0.576179980070128,0.27971449429669326,25,50,10
28,803,0.024199404856168047,0.11990612309003096,0.5761799800930308,0.27971449196077464,25,50,10
28,804,0.02597088410069032,0.11990612309836762,0.5761840051825038,0.2779389876184426,25,50,10
28,805,0.024199378549667104,0.11990612309005132,0.5761799771589028,0.2797145212013831,25,50,10
28,806,0.02420362346997131,0.1199018893760811,0.5761799659620883,0.2797145211918635,25,50,10
28,807,0.024667436830036103,0.11990188933339675,0.575716151743164,0.27971452209340736,25,50,10
28,808,0.024668008369838693,0.1199013105420559,0.5757161589936657,0.27971452209444236,25,50,10
28,809,0.030050489627606765,0.11990152570224061,0.5703334624335297,0.279714522236625,25,50,10
28,810,0.029602999328106776,0.11990152130682874,0.5707809580100547,0.27971452135501174,25,50,10
28,811,0.024230379053779994,0.11990154738453658,0.5761535531631874,0.27971452039849787,25,50,10
28,812,0.024230475247905385,0.11990154738453286,0.5761535552832955,0.27971442208426806,25,50,10
28,813,0.04189956889663129,0.11989593726117521,0.5586682615066336,0.27953623233556174,25,50,10
28,814,0.041934032005528116,0.11989593737299456,0.5586337979714093,0.2795362326500705,25,50,10
28,815,0.04145661277372522,0.11989569163330652,0.5591114635360918,0.2795362320568784,25,50,10
28,816,0.08091421470420433,0.1198956960560846,0.5196538566998155,0.2795362325398973,25,50,10
28,817,0.08090860514527544,0.11989569605612216,0.5196538594302264,0.27954183936837707,25,50,10
28,818,0.08067260431915464,0.11991010873597058,0.5198754476267275,0.27954183931814613,25,50,10
28,819,0.08079379148313158,0.11991011316391541,0.5197542551798635,0.2795418401730884,25,50,10
28,820,0.0807860587946678,0.11991011306771407,0.5197619879735877,0.2795418401640301,25,50,10
28,821,0.08078567508503495,0.11991011306765928,0.5197619850029209,0.279542226844385,25,50,10
28,822,0.0809092663665065,0.11991010768645753,0.5196383978793145,0.27954222806772067,25,50,10
28,823,0.08103714699320383,0.11991010327207619,0.5193038257867008,0.27974892394801826,25,50,10
28,824,0.08103636372352184,0.11991089444937007,0.5193038178800445,0.27974892394706324,25,50,10
28,825,0.08151398406899317,0.11991089446753628,0.5188261758365827,0.2797489456268884,25,50,10
28,826,0.08151423228429579,0.11991114310367212,0.5188256790042477,0.27974894560778585,25,50,10
28,827,0.08138500137147378,0.11991114850646507,0.5189549057178425,0.2797489444042203,25,50,10
28,828,0.08227662383137126,0.11991114850792403,0.5180632804195032,0.2797489472412029,25,50,10
28,829,0.08226055044679603,0.11991114851032471,0.513313358723205,0.284514942319675,25,50,10
28,830,0.0827289923828751,0.11991114851475773,0.5133136753960106,0.2840461837063561,25,50,10
28,831,0.08180299915019257,0.11991114840146441,0.5142396718845488,0.2840461805637937,25,50,10
28,832,0.08167789458175839,0.11991114840136906,0.5142394715112506,0.28417148550562255,25,50,10
28,833,0.08167803303662868,0.11991101183083719,0.5142394696264847,0.2841714855060502,25,50,10
28,834,0.08168587925023782,0.11991101183090662,0.5142394756015571,0.2841636333172992,25,50,10
28,835,0.08169877827490783,0.1199211318966414,0.5142164564870804,0.2841636333413722,25,50,10
28,836,0.08168493679345945,0.11992113189657447,0.514216454869853,0.2841774764401148,25,50,10
28,837,0.08120771034511078,0.1199211318921739,0.5142161060811316,0.28465505168158545,25,50,10
28,838,0.08120593224660111,0.11992139029603349,0.51421762493668,0.2846550525206872,25,50,10
28,839,0.08120347977006066,0.11992139029803246,0.5094697198350224,0.289405410096886,25,50,10
28,840,0.08120947077092128,0.11992139029810589,0.5094697252031521,0.2893994137278219,25,50,10
28,841,0.081223414631583,0.11992139029817532,0.5094697311297396,0.2893854639405039,25,50,10
28,842,0.0812656630374044,0.11992139029626739,0.5141778403017847,0.2846351063645455,25,50,10
28,843,0.0812426207891562,0.11992139029629051,0.5142008825589696,0.28463510635558564,25,50,10
28,844,0.08124321378161806,0.11992139476236095,0.5142002617484637,0.2846351297075563,25,50,10
28,845,0.10790597844964227,0.12005548643299412,0.4874034006499916,0.2846351344673723,25,50,10
28,846,0.10837904956214806,0.12005548197234081,0.48685880745872173,0.2847066610067896,25,50,10
28,847,0.10839554489721062,0.12005548208844885,0.4868423108653216,0.2847066621490193,25,50,10
28,848,0.1083656115220572,0.12008543713741676,0.4868422892205584,0.2847066621199687,25,50,10
28,849,0.10823269700898765,0.12008543713313737,0.4868419205614412,0.28483994529643475,25,50,10
28,850,0.10808930192075601,0.12008543270378691,0.4869853209441186,0.2848399444313431,25,50,10
28,851,0.10761749179243907,0.12008543269841272,0.48752868051689136,0.28476839499226153,25,50,10
28,852,0.10762633351728779,0.12008543277737807,0.48751983462148085,0.28476839908385804,25,50,10
28,853,0.10761592888510617,0.12008543277739094,0.4875198364352052,0.28477880190230254,25,50,10
28,854,0.10762463292853472,0.12009984788382684,0.4874967172759754,0.28477880191166793,25,50,10
28,855,0.10760595722906331,0.12009984775793434,0.4875153942431746,0.2847788007698324,25,50,10
28,856,0.10760613894717368,0.12009984775800302,0.48751539511978587,0.2847786181750418,25,50,10
28,857,0.10762076032085503,0.12009984989688824,0.4875007655306658,0.28477862425159595,25,50,10
28,858,0.10760641908509833,0.12009984989681403,0.4875007332053378,0.2847929978127548,25,50,10
28,859,0.10745900792736447,0.12009984988836794,0.4878548401048314,0.28458630207944124,25,50,10
28,860,0.10746104255549531,0.1200998498882272,0.48785482799981783,0.28458427955646437,25,50,10
28,861,0.10746288730575664,0.12009799887937721,0.4878548342440493,0.2845842795708213,25,50,10
28,862,0.10747084017479608,0.12009799887948233,0.4878548427978011,0.28457631814792483,25,50,10
28,863,0.1074455179901527,0.12009799666157814,0.48788015664781964,0.284576328700454,25,50,10
28,864,0.10694774215626929,0.12009799665821072,0.45447635104618145,0.3184779101393428,25,50,10
28,865,0.10703960981342751,0.1200979970456691,0.4543844827170303,0.3184779104238785,25,50,10
28,866,0.10701688822820964,0.12009800328520397,0.4544071980197532,0.31847791046683727,25,50,10
28,867,0.08109611309605019,0.11996365958440673,0.48046201527382587,0.31847821204572163,25,50,10
28,868,0.08109647291276265,0.11996341103571191,0.48046069755496407,0.3184794184965638,25,50,10
28,869,0.0811020981042894,0.11996366719993298,0.48045602266522813,0.3184782120305519,25,50,10
28,870,0.08109710938733315,0.11994925209362778,0.48047542649318475,0.31847821202585586,25,50,10
28,871,0.08156313042642024,0.11994925658797344,0.4800094003995845,0.3184782125860232,25,50,10
28,872,0.08202731986869641,0.11994925035101245,0.47954521717545256,0.31847821260484,25,50,10
28,873,0.08202728590272276,0.11993484202916807,0.47955965946335444,0.31847821260475634,25,50,10
28,874,0.0888466647035993,0.11993486342495427,0.4727402320741488,0.3184782397972993,25,50,10
28,875,0.08884642361340855,0.11993510374056253,0.47274023283942995,0.31847823980659795,25,50,10
28,876,0.08884456770970894,0.11993696561157137,0.47274022688164147,0.31847823979707784,25,50,10
28,877,0.088393872911749,0.11993697096410155,0.47319091635604255,0.3184782397681062,25,50,10
28,878,0.0883859878485258,0.11993697096405147,0.4731909118476549,0.31848612933976705,25,50,10
28,879,0.06998932770057405,0.11994145312303224,0.49158160590390404,0.31848761327248803,25,50,10
28,880,0.06998936207554124,0.11994145312305063,0.4915816052351827,0.3184875795662246,25,50,10
28,881,0.06999546197695014,0.11994145312301559,0.49158160572590015,0.3184814791741333,25,50,10
28,882,0.06924911443817172,0.1199414467469258,0.49232824562461486,0.31848119319028795,25,50,10
28,883,0.06924929929938214,0.11994126013222844,0.4923282473388747,0.3184811932295147,25,50,10
28,884,0.0692551062399085,0.11993545437790452,0.49232824618229437,0.3184811931998926,25,50,10
28,885,0.06924254012074332,0.11992532804024225,0.4923509388016629,0.3184811930373516,25,50,10
28,886,0.07111746813664759,0.1199253281321323,0.4904760290914558,0.31848117463976483,25,50,10
28,887,0.11026787871793527,0.11992532813188042,0.45609161338380594,0.31371517976637947,25,50,10
28,888,0.11041182150629374,0.11992532213657625,0.45594759466120105,0.31371526169592956,25,50,10
28,889,0.11062544501135335,0.11992530238867773,0.4557343587931784,0.3137148938067909,25,50,10
28,890,0.11062547515113202,0.11992530238869648,0.4557343601452783,0.31371486231489437,25,50,10
28,891,0.11760123496850276,0.11992082046362397,0.44876456466793974,0.313713379899934,25,50,10
28,892,0.11758739413748254,0.11992082046357144,0.4487645589259923,0.31372722647295426,25,50,10
28,893,0.11758157858683228,0.1199208204635524,0.4487645575026054,0.31373304344701075,25,50,10
28,894,0.11649643574463633,0.11992082100588869,0.4498496907439279,0.313733052505548,25,50,10
28,895,0.11652659728150162,0.11992107406676529,0.4498192958374883,0.31373303281424525,25,50,10
28,896,0.1165344400509294,0.11992107406678595,0.44981935027128545,0.3137251356109996,25,50,10
28,897,0.11654235819028948,0.11991314842201195,0.44981935777703574,0.3137251356106629,25,50,10
28,898,0.11654246293590408,0.11991314842204699,0.44981935727081485,0.313725031371236,25,50,10
28,899,0.11606484901916483,0.11991314840393942,0.45029699286561126,0.31372500971128603,25,50,10
28,900,0.11606466722688692,0.11991331354105948,0.450297009496653,0.3137250097354024,25,50,10
28,901,0.11606264867465949,0.1199133135431991,0.4442283441077629,0.31979569367438127,25,50,10
28,902,0.11607332421500932,0.11991331354108015,0.4442282827358822,0.31978507950803103,25,50,10
28,903,0.12801354046684466,0.11991331331268468,0.4322880673982887,0.31978507882218493,25,50,10
28,904,0.12787542452915454,0.1199133130683746,0.4324262655421386,0.31978499686033496,25,50,10
28,905,0.1278491555797828,0.11991306000896965,0.4324527889973963,0.3197849954138549,25,50,10
28,906,0.12784901876250718,0.11991306000893492,0.4324527874808249,0.3197851337477364,25,50,10
28,907,0.1278410698508026,0.11991306000889733,0.43245273183613037,0.319793138304173,25,50,10
28,908,0.12883381356353663,0.11993251840717666,0.4311880030133582,0.32004566501593246,25,50,10
28,909,0.1102503261537355,0.1199325438475183,0.44977143661181956,0.320045693386931,25,50,10
28,910,0.10837918285165225,0.11993254375568874,0.4516425827539983,0.32004569063866417,25,50,10
28,911,0.10838521134850422,0.11993254375576162,0.45164258808059493,0.3200396568151429,25,50,10
28,912,0.10847067367420524,0.1199325437378083,0.4515571272400936,0.3200396553478964,25,50,10
28,913,0.10847235437289501,0.11993254373784196,0.45155712956312294,0.3200379723261413,25,50,10
28,914,0.108472252462568,0.11993253929750862,0.45155723591829555,0.3200379723216279,25,50,10
28,915,0.10847238960953007,0.1199325392975086,0.45155723592616787,0.3200378351667934,25,50,10
28,916,0.10846468658796293,0.11994024940688519,0.45155722884770816,0.3200378351574437,25,50,10
28,917,0.10845884125118348,0.11994611440085799,0.45155720922417913,0.32003783512377937,25,50,10
28,918,0.10845873578991513,0.11994611440082294,0.4515572086583606,0.3200379411509011,25,50,10
28,919,0.10858739724658989,0.11994646891817354,0.45142819209131524,0.32003794174392064,25,50,10
28,920,0.10870734757874756,0.11994681787186563,0.4513078922111075,0.3200379423382796,25,50,10
28,921,0.1091871993193825,0.11994681787217228,0.45082804044573316,0.32003794236271355,25,50,10
28,922,0.1091931169804407,0.11994089894392106,0.4508280417081733,0.3200379423674668,25,50,10
28,923,0.10919516498694878,0.1199408989438008,0.45075734107645865,0.3201065949927932,25,50,10
28,924,0.10919778583611393,0.11994114905137804,0.4507544700773186,0.32010659503518935,25,50,10
28,925,0.10920181183989175,0.11994114905128976,0.4507544627235621,0.3201025763852561,25,50,10
28,926,0.10919560710424733,0.11994114905129033,0.45075446172931843,0.3201087821151443,25,50,10
28,927,0.10919539194419131,0.1199413654661961,0.45075446047446915,0.32010878211514415,25,50,10
28,928,0.10920931196309361,0.11994136546626377,0.4507544673460949,0.32009485522454817,25,50,10
28,929,0.1092171616161198,0.11994136546629569,0.4507544705307812,0.3200870023868031,25,50,10
28,930,0.10933280712338772,0.11994136546640027,0.45070747626598867,0.32001835114422306,25,50,10
28,931,0.14133122384411073,0.11996167625608732,0.4186887732378667,0.3200183266619358,25,50,10
28,932,0.14133310866063614,0.1199597842860412,0.4186887803818762,0.32001832667144714,25,50,10
28,933,0.1411979526854186,0.11995942967248435,0.4188242914258076,0.3200183262162924,25,50,10
28,934,0.1429926338770679,0.11995943133108161,0.41702958631593,0.3200183484759234,25,50,10
28,935,0.14299263386917616,0.11995943136647666,0.41702958628851194,0.3200183484758383,25,50,10
28,936,0.1429867467690435,0.11995943136647702,0.4170295865612885,0.3200242353031939,25,50,10
28,937,0.14298222826837034,0.1199591812586745,0.41696573364207945,0.3200928568308791,25,50,10
28,938,0.14287701468932457,0.1199588269558244,0.41707130067130516,0.3200928576835464,25,50,10
28,939,0.1428703896719158,0.11995882695221946,0.4170779271488808,0.32009285622698447,25,50,10
28,940,0.1427509817588236,0.11995882702830063,0.4171973339077051,0.3200928573051714,25,50,10
28,941,0.14274912680254917,0.11996068619827266,0.4171973296892435,0.320092857309935,25,50,10
28,942,0.14275518944079185,0.11996068619827142,0.41719732852804264,0.32008679583289384,25,50,10
28,943,0.14230478510278133,0.11996068175387693,0.4176477373140022,0.32008679582934,25,50,10
28,944,0.14229405869354106,0.11996068175396105,0.417647739552448,0.3200975200000507,25,50,10
28,945,0.14320584675769,0.11996068179629056,0.41680457230815987,0.3200288991378605,25,50,10
28,946,0.14320567333514894,0.11996068179620042,0.4168045666988666,0.320029078169785,25,50,10
28,947,0.1432200495219701,0.11996068191094231,0.4167901730922743,0.32002909547481356,25,50,10
28,948,0.1441401446658645,0.11996068183871472,0.4158700796795766,0.32002909381584516,25,50,10
28,949,0.1441322982324624,0.11996068183859247,0.4158700739460723,0.3200369459828741,25,50,10
28,950,0.14412024956971198,0.11996067276805639,0.4158821316945383,0.3200369459676924,25,50,10
28,951,0.1441162928194763,0.11996067276789806,0.4158821193706077,0.32004091504201654,25,50,10
28,952,0.14313376330339764,0.11994121437094911,0.4171349177034082,0.3197901046222434,25,50,10
28,953,0.1436130816139588,0.11994122474247167,0.4166572413676677,0.3197884522759002,25,50,10
28,954,0.14361311534913393,0.11994122474249007,0.41665724248782426,0.31978841742055014,25,50,10
28,955,0.1427314494279403,0.11994122913814756,0.41753890141072275,0.31978842002318814,25,50,10
28,956,0.1423950849466707,0.119941229217002,0.417875226208005,0.3197884596283214,25,50,10
28,957,0.14273054255881534,0.11994122977515258,0.41753980732126406,0.3197884203447672,25,50,10
28,958,0.1427410492384885,0.11994122977635012,0.4175292999672778,0.3197884210178803,25,50,10
28,959,0.1437213117753447,0.11992089733168892,0.4165693376668649,0.319788453226098,25,50,10
28,960,0.143721205317416,0.11992089733170698,0.4165693349118323,0.31978856243904197,25,50,10
28,961,0.1437273075193719,0.11992089733167223,0.41656933441788724,0.3197824607310657,25,50,10
28,962,0.14374125363871998,0.11992089733181206,0.41656934448577887,0.3197685045436871,25,50,10
28,963,0.1439707841869037,0.1199208974429572,0.41633981351477817,0.3197685048553589,25,50,10
28,964,0.142746501567077,0.11992089795207303,0.41729446147294114,0.32003813900790634,25,50,10
28,965,0.14275676820145694,0.11992115095711327,0.4172839412269316,0.3200381396144993,25,50,10
28,966,0.14274880568978787,0.11992115095706157,0.4172839335364313,0.3200461098167208,25,50,10
28,967,0.1427547610333682,0.11991519855962021,0.41728393060474744,0.3200461098022662,25,50,10
28,968,0.14275475785365527,0.11991519855961957,0.4172839305781912,0.32004611300853575,25,50,10
28,969,0.14274880040064403,0.11991519855960267,0.41728393132321756,0.32005206971653755,25,50,10
28,970,0.1427644906847585,0.11991519855974275,0.4172839423352417,0.32003636842025884,25,50,10
28,971,0.1427604639217522,0.11991921924703716,0.4172839484013487,0.32003636842986466,25,50,10
28,972,0.14276099318520363,0.11991921924707538,0.41728395224397713,0.32003583532374597,25,50,10
28,973,0.14277682809359502,0.1199192192472161,0.4172839664171931,0.3200199862419981,25,50,10
28,974,0.14279059699452415,0.11991897206617054,0.41727044465864055,0.3200199862806668,25,50,10
28,975,0.14279017648697961,0.11991897206611422,0.41727044054679996,0.3200204109001082,25,50,10
28,976,0.14276849184694287,0.11991897206606371,0.417270432549053,0.32004210353794244,25,50,10
28,977,0.14276848760275027,0.119918972066064,0.41727043249574847,0.32004210783543935,25,50,10
28,978,0.14278006727557188,0.11991897206690126,0.4172588527812572,0.32004210787627174,25,50,10
28,979,0.14234609580295618,0.119918970239675,0.4176928555600682,0.3200420783973022,25,50,10
28,980,0.14237763707055484,0.11994540832589533,0.4176348933400199,0.3200420612635318,25,50,10
28,981,0.1414621255157627,0.11994541285441052,0.41854817066823174,0.3200442909615963,25,50,10
28,982,0.14243404058268044,0.11994549943106352,0.41746536770163983,0.32015509228461797,25,50,10
28,983,0.14241228629813094,0.11994549943099538,0.41746535990348915,0.3201768543673855,25,50,10
28,984,0.1428841423039328,0.1199190614503553,0.41701994099676853,0.3201768552489444,25,50,10
28,985,0.14288001312113505,0.11992318207585323,0.4170199495446185,0.3201768552583942,25,50,10
28,986,0.1428801211605357,0.11992318207585388,0.417019949575065,0.3201767471885464,25,50,10
28,987,0.14340047759045063,0.11992318171432975,0.41649958584492824,0.32017675485029223,25,50,10
28,988,0.1434004775794734,0.11992318171432943,0.41649958584097374,0.32017675486522423,25,50,10
28,989,0.14340040452740413,0.11992318171429366,0.4164995827522479,0.3201768310060553,25,50,10
28,990,0.14339437652660997,0.11992318171429611,0.4164995850513617,0.3201828567077324,25,50,10
28,991,0.14433295697865817,0.11992318155728306,0.4155609891301873,0.3201828723338717,25,50,10
28,992,0.14432722971702858,0.11992318082840281,0.4155689254966896,0.32018066395788,25,50,10
28,993,0.14384555799659093,0.11992317104452449,0.41605067094355164,0.32018060001533094,25,50,10
28,994,0.14336766673801782,0.11992342426928403,0.41652830899218024,0.3201806000005133,25,50,10
28,995,0.14336759948650754,0.11992342426935443,0.41652831314525507,0.32018066309887866,25,50,10
28,996,0.1433597837304356,0.1199234242692496,0.4165283046553075,0.3201884873450032,25,50,10
28,997,0.14336771203359117,0.11991548955210223,0.41652831106946026,0.3201884873448425,25,50,10
28,998,0.14336161567134872,0.11991523655047472,0.4165346610532856,0.3201884867248859,25,50,10
28,999,0.1433614753051623,0.1199152365504212,0.4165346590840673,0.3201886290603441,25,50,10
28,1000,0.14336140582175627,0.11991523655036587,0.4165346550007119,0.3201887026271609,25,50,10
28,1001,0.14337774139152198,0.11989879656361521,0.41653475913568827,0.32018870290916973,25,50,10
28,1002,0.14335881719095236,0.11989904962627258,0.41655343035232034,0.32018870283045026,25,50,10
28,1003,0.14336473945657005,0.1198990496262876,0.416553428363068,0.32018278255407023,25,50,10
28,1004,0.14337863483373703,0.11989904518468117,0.4165395599196259,0.3201827600619533,25,50,10
28,1005,0.14337875073643816,0.11989904518469913,0.4165395596926292,0.3201826443862313,25,50,10
28,1006,0.14277562790300563,0.11989904519456593,0.4171426471989523,0.3201826797034756,25,50,10
28,1007,0.14277583410684044,0.11989904519449551,0.41714264408729385,0.32018247661136917,25,50,10
28,1008,0.1427595301697205,0.11991544786549296,0.4171425456014248,0.3201824763633608,25,50,10
28,1009,0.14275931905763892,0.11991544786552766,0.417142546142137,0.3201826869346954,25,50,10
28,1010,0.14274558073966886,0.11992913666226873,0.4171425956726262,0.32018268692543467,25,50,10
28,1011,0.14273433568193797,0.11992913661401933,0.4171538413539179,0.3201826863501239,25,50,10
28,1012,0.14275013567212716,0.1199291366141241,0.4171538548467524,0.32016687286699613,25,50,10
28,1013,0.14335184965757036,0.11992913666738994,0.4165521758156811,0.3201668378593576,25,50,10
28,1014,0.14337153684821277,0.11992913666813626,0.4165522395385922,0.32014708694505734,25,50,10
28,1015,0.14336875091358053,0.11992888368254141,0.41655527846445445,0.320147086939423,25,50,10
28,1016,0.14194209651581052,0.11992923898455576,0.417981594363537,0.3201470701360967,25,50,10
28,1017,0.14195660697236515,0.11992924348896557,0.4179670787118678,0.3201470708268018,25,50,10
28,1018,0.1419547173661133,0.1199311362576329,0.41796707555446083,0.32014707082179394,25,50,10
28,1019,0.14195471799068685,0.11993113625763321,0.4179670777476146,0.3201470680040663,25,50,10
28,1020,0.14261487033301676,0.11993128098039113,0.4175401081088445,0.31991374057774746,25,50,10
28,1021,0.14261084344363673,0.11993128098046282,0.41754011422489,0.3199177613510104,25,50,10
28,1022,0.14306418739464985,0.11993127663169668,0.41708677736893535,0.31991775860471866,25,50,10
28,1023,0.14306418798156237,0.11993127663169698,0.41708677735119104,0.3199177580355506,25,50,10
28,1024,0.1430560780793392,0.11993127604275453,0.41709488782002857,0.31991775805787737,25,50,10
28,1025,0.14304809038244481,0.11993127604270258,0.41709487902247633,0.31992575455237615,25,50,10
28,1026,0.14304830610504685,0.11993127604274462,0.4170946627706944,0.31992575508151405,25,50,10
28,1027,0.1430483374976145,0.11993127604274491,0.41709466380377935,0.31992572265586117,25,50,10
28,1028,0.14257754076138643,0.11993131860806494,0.4175638451929825,0.31992729543756565,25,50,10
28,1029,0.1434991742917917,0.12071773648589562,0.41585575651817264,0.3199273327041404,25,50,10
28,1030,0.1434797569969611,0.1207177369363878,0.4158731527107949,0.31992935335585676,25,50,10
28,1031,0.1434837851784992,0.1207177369363158,0.415873146560389,0.3199253313247963,25,50,10
28,1032,0.14369590605879515,0.12071773693535057,0.41566102633893,0.31992533066692475,25,50,10
28,1033,0.14369580240397364,0.12071773693533333,0.4156610239634697,0.3199254366972235,25,50,10
28,1034,0.14369986197743256,0.1207174837102258,0.4156572176201446,0.3199254366921955,25,50,10
28,1035,0.14367909849509503,0.120717483669292,0.41567797898509906,0.3199254388505125,25,50,10
28,1036,0.14367913047388192,0.1207174836692926,0.4156779799899724,0.31992540586685164,25,50,10
28,1037,0.14368134414229297,0.12071748366936624,0.4156783426296889,0.3199228295586503,25,50,10
28,1038,0.1436756381243702,0.12071748366865587,0.4156782855027111,0.31992859270426116,25,50,10
28,1039,0.1444406869994025,0.12071748366911912,0.41488167904253387,0.3199601502889436,25,50,10
28,1040,0.14444685158278445,0.12071137438175022,0.4148816237461036,0.3199601502893607,25,50,10
28,1041,0.14444684725543452,0.12071138244431388,0.41488162001556395,0.3199601502846866,25,50,10
28,1042,0.1444406064327847,0.12071762384577603,0.41488161942757507,0.31996015029386315,25,50,10
28,1043,0.1444306199479288,0.12071762384584582,0.4148816254670068,0.3199701307392179,25,50,10
28,1044,0.1445660812779967,0.12071762385107426,0.41488206177420806,0.3198342330967202,25,50,10
28,1045,0.1445661540498977,0.12071762385109057,0.41488206093177554,0.319834161167236,25,50,10
28,1046,0.16062304021523374,0.12071762381605483,0.3988251732529302,0.31983416271577925,25,50,10
28,1047,0.16061873992670503,0.12071762381601644,0.39882947352278575,0.3198341627344933,25,50,10
28,1048,0.16041208835731388,0.12071762381799642,0.39903612512439274,0.31983416270029813,25,50,10
28,1049,0.16041806941669698,0.12071762381803104,0.39903612717358383,0.3198281795916888,25,50,10
28,1050,0.1605947820617522,0.1207174786089751,0.3988958022520723,0.31979193707720155,25,50,10
28,1051,0.16059695446041167,0.12071528158154388,0.3988958269140015,0.31979193704404457,25,50,10
28,1052,0.16061701279436236,0.12071528155930583,0.39887577107106315,0.31979193457527044,25,50,10
28,1053,0.16062307667021294,0.1207152815593055,0.3988757700221777,0.3197858717483053,25,50,10
28,1054,0.16061497854376783,0.12071528155926854,0.3988757633662137,0.3197939765307507,25,50,10
28,1055,0.1607149614480876,0.12071528778360051,0.39877577421271576,0.31979397655559677,25,50,10
28,1056,0.15998835812164752,0.12071528790318382,0.3995322999597504,0.3197640540154192,25,50,10
28,1057,0.1600285797059966,0.12071528744846721,0.399494108856872,0.31976202398866493,25,50,10
28,1058,0.1599031024379,0.12071528744316865,0.39949366650315676,0.31988794361577527,25,50,10
28,1059,0.15990934571868953,0.12070904163348242,0.3994936690415713,0.3198879436062573,25,50,10
28,1060,0.15990945231501852,0.12070904163353659,0.3994936729661002,0.31988783308534546,25,50,10
28,1061,0.15047940750191724,0.12070905403327412,0.4089234805908235,0.3198880578739873,25,50,10
28,1062,0.15045558850218504,0.12070869865656053,0.4089476549959859,0.31988805784526786,25,50,10
28,1063,0.15045545026649892,0.12070869865652424,0.40894765234352987,0.31988819873344587,25,50,10
28,1064,0.15041679005156397,0.12070869853638441,0.4089879482606157,0.31988656315143627,25,50,10
28,1065,0.15042319275106456,0.12070869846117253,0.4089815453403763,0.3198865634473823,25,50,10
28,1066,0.15089469559775964,0.12070869846751581,0.4089820888178683,0.31941451711685104,25,50,10
28,1067,0.1509199260058481,0.12070869846162362,0.4089568577978546,0.3194145177346692,25,50,10
28,1068,0.15124100912568383,0.12103383322482907,0.4083106167566649,0.31941454089281807,25,50,10
28,1069,0.16065303453627106,0.12103382109237742,0.3988988273867722,0.31941431698457523,25,50,10
28,1070,0.1606710451363012,0.12103382111424332,0.3988808167288927,0.31941431702055856,25,50,10
28,1071,0.16067305754672428,0.12103382186262984,0.39887880356029887,0.3194143170303427,25,50,10
28,1072,0.1597290691797137,0.12024739948016235,0.4006092522721081,0.3194142790680109,25,50,10
28,1073,0.15972294321029964,0.12024739948012765,0.4006092516812232,0.31942040562834484,25,50,10
28,1074,0.15970087130283178,0.12024739946023716,0.4006313236351223,0.3194204056018039,25,50,10
28,1075,0.1596995074358067,0.12024739946038698,0.40063268693873794,0.3194204061650671,25,50,10
28,1076,0.15969180546969922,0.12024739946029911,0.40063268264278235,0.31942811242721847,25,50,10
28,1077,0.1476194099822316,0.1202472878965732,0.41281598052876034,0.31931732159243714,25,50,10
28,1078,0.1167696627128416,0.1202472877578926,0.443665724369978,0.31931732515929057,25,50,10
28,1079,0.11676549144313832,0.1202472877578104,0.4436698956193807,0.3193173251796732,25,50,10
28,1080,0.11676375516174126,0.12024728701462718,0.4436716326289536,0.31931732519468,25,50,10
28,1081,0.11676988509118547,0.12024728701461124,0.4436716335002312,0.31931119439397454,25,50,10
28,1082,0.11676379673802934,0.12024728701464911,0.44367163461116704,0.3193172816361568,25,50,10
28,1083,0.1451316051194121,0.12024728741056,0.4153037339633546,0.3193173735066754,25,50,10
28,1084,0.14513370795298067,0.12024522161018222,0.41530369694020003,0.31931737349663936,25,50,10
28,1085,0.14512967914024708,0.12024522161025229,0.4153037030068326,0.31932139624266975,25,50,10
28,1086,0.14514389766982624,0.12024522161037705,0.4153037110861007,0.3193071696336982,25,50,10
28,1087,0.1456036104576534,0.12024522169558223,0.41484399791991267,0.319307169926854,25,50,10
28,1088,0.14555228640145426,0.1202452217529877,0.41489532152290615,0.3193071703226541,25,50,10
28,1089,0.14554799128376963,0.1202452314599046,0.4148996069480769,0.3193071703082512,25,50,10
28,1090,0.14554799865479395,0.12024523145990619,0.4148996071264763,0.31930716275882587,25,50,10
28,1091,0.1455480290999459,0.12024523145997655,0.4148996122054106,0.31930712723466914,25,50,10
28,1092,0.145559724441711,0.12024523145998928,0.41489925473495887,0.3192957893633423,25,50,10
28,1093,0.14555355719880242,0.12025140062729113,0.41489925281081524,0.31929578936309305,25,50,10
28,1094,0.14554157609558596,0.12025140062727392,0.4148992525675183,0.31930777070962363,25,50,10
28,1095,0.14553348349318881,0.12025140062718385,0.41489924508103454,0.3193158707985949,25,50,10
28,1096,0.14554119162061074,0.12024368950168016,0.414899248069512,0.3193158708081981,25,50,10
28,1097,0.1324206884220464,0.11991873558568406,0.42830417289560124,0.3193564030966682,25,50,10
28,1098,0.1324144816599967,0.11991873558568436,0.42830417190292325,0.319362610851396,25,50,10
28,1099,0.13276861921393013,0.1199187365445902,0.4279459510689378,0.31936669317254196,25,50,10
28,1100,0.1327804555273339,0.11991869397196585,0.42793573035848953,0.31936512014221213,25,50,10
28,1101,0.13203098456456389,0.11991869289287863,0.4286892687357106,0.3193610538068483,25,50,10
28,1102,0.1320290244803933,0.11991869289279199,0.42868926245190425,0.319363020174912,25,50,10
28,1103,0.13203526494332035,0.11991869289284737,0.42868926455912176,0.319356777604712,25,50,10
28,1104,0.13203501396629133,0.11991869289280914,0.42868926270940244,0.31935703043149855,25,50,10
28,1105,0.1324513413072035,0.11992049453035689,0.4282711852708138,0.31935697889162723,25,50,10
28,1106,0.13250650290474125,0.11992049446308908,0.42821602444083673,0.31935697819133435,25,50,10
28,1107,0.13250579914286598,0.11992049445945753,0.42821672877466604,0.3193569776230128,25,50,10
28,1108,0.12900297955963907,0.1199203136480722,0.4317602863822495,0.31931642041004327,25,50,10
28,1109,0.13033650796141136,0.11992031280200217,0.4304268895762193,0.3193162896603712,25,50,10
28,1110,0.1305592087227347,0.11992031280212957,0.43020418880795236,0.3193162896671823,25,50,10
28,1111,0.13056537677754768,0.11991414285433519,0.4302041907005236,0.3193162896675925,25,50,10
28,1112,0.13054101866107617,0.11991413693685608,0.43022761514538177,0.31931722925668454,25,50,10
28,1113,0.13053502730748884,0.11991413693683887,0.4302276149012139,0.3193232208544564,25,50,10
28,1114,0.13033678410295382,0.11991413693885605,0.4304258575371835,0.3193232214210049,25,50,10
28,1115,0.13081505798059553,0.11991413693702388,0.4299475836511547,0.31932322143122344,25,50,10
28,1116,0.13080298827830072,0.11991414037124175,0.4299596490134521,0.3193232223370031,25,50,10
28,1117,0.13080514778265,0.11991414036875828,0.42995579498409897,0.31932491686449116,25,50,10
28,1118,0.1308090183024927,0.11991414036919545,0.39604750988573684,0.35322933144257346,25,50,10
28,1119,0.13080299533731138,0.11991414036917768,0.39604750869938954,0.35323535559412034,25,50,10
28,1120,0.13080499179558414,0.11991213393861523,0.3960475186615699,0.35323535560423003,25,50,10
28,1121,0.1308213747151104,0.11991213394028456,0.3899804480738288,0.35928604327077623,25,50,10
28,1122,0.13082139987189037,0.11991213394024665,0.38998044901913526,0.3592860171687282,25,50,10
28,1123,0.13082179240846326,0.11991213394030298,0.3899804502354185,0.35928562341581577,25,50,10
28,1124,0.1308217929895167,0.1199121339403064,0.3899804524130386,0.35928562065713876,25,50,10
28,1125,0.13082164588148568,0.11991228063334525,0.3899804528187669,0.359285620666403,25,50,10
28,1126,0.13082567492476224,0.11991228063329239,0.3899804470381174,0.35928159740382903,25,50,10
28,1127,0.13082570761118117,0.11991228063329301,0.3899804483057776,0.35928156344974893,25,50,10
28,1128,0.13083166869611426,0.11991228063331018,0.38998044733138854,0.3592756033391877,25,50,10
28,1129,0.15545432099358367,0.11991228066289715,0.3653577757326353,0.35927562261088414,25,50,10
28,1130,0.15544839546553013,0.11991228066282526,0.3653577704835835,0.359281553388061,25,50,10
28,1131,0.1558177196176654,0.11991228036594084,0.3298352037043448,0.39443479631205003,25,50,10
28,1132,0.15534593762067866,0.11991228061139324,0.3303069370498445,0.3944348447180846,25,50,10
28,1133,0.148857817558839,0.11991287551296942,0.33679441521673603,0.3944348917114566,25,50,10
28,1134,0.14886370403163557,0.11991287551297064,0.3367944153418979,0.39442900511349693,25,50,10
28,1135,0.14840001412567833,0.11991287550662603,0.3367938726559082,0.39489323771178875,25,50,10
28,1136,0.14841007635617795,0.11991287994357527,0.33678380599789115,0.39489323770235407,25,50,10
28,1137,0.14840222977564876,0.11992073417363774,0.3367837983674835,0.3948932376832286,25,50,10
28,1138,0.14840264807889939,0.11992073417370755,0.3367838034807869,0.39489281426660483,25,50,10
28,1139,0.1484068830003338,0.11992073080754566,0.33677957194022773,0.3948928142518923,25,50,10
28,1140,0.1484007843510309,0.11992682832415712,0.3367795730588016,0.3948928142660093,25,50,10
28,1141,0.14884190262038946,0.11992502665630832,0.3363403180044514,0.39489275271884977,25,50,10
28,1142,0.14836801510450748,0.14478931991801788,0.31194991227291985,0.39489275270455615,25,50,10
28,1143,0.14836681947023692,0.14478931992826358,0.3119511071046285,0.3948927534968724,25,50,10
28,1144,0.14578491403280058,0.14478933366805982,0.3145329344771802,0.39489281782196073,25,50,10
28,1145,0.14576875466569889,0.14478933366588598,0.31453283631830903,0.39490907535010755,25,50,10
28,1146,0.14576711036388346,0.14479083340948595,0.3145329808571823,0.3949090753694497,25,50,10
28,1147,0.1462622544366391,0.1447908334169404,0.3140378361936158,0.39490907595280755,25,50,10
28,1148,0.1462701002889009,0.1447829812074808,0.31403784253653527,0.3949090759670857,25,50,10
28,1149,0.1462700352516687,0.14478304939183315,0.31403783940386093,0.3949090759526394,25,50,10
28,1150,0.1471006927047841,0.15905468357370178,0.29893554331727457,0.3949090804042419,25,50,10
28,1151,0.14709449117605553,0.15905468357370106,0.2989355453761144,0.39491527987413133,25,50,10
28,1152,0.14708657166518105,0.15905468357364846,0.29893554064399214,0.39492320411718024,25,50,10
28,1153,0.14707263278855523,0.15905467913817822,0.29894948396560606,0.3949232041076627,25,50,10
28,1154,0.11607578585382443,0.15905545109639546,0.3296943461207912,0.39517441692898925,25,50,10
28,1155,0.11557479062860317,0.1590554510889735,0.2962844374899786,0.42908532079244716,25,50,10
28,1156,0.11616183035983935,0.15905466538556742,0.2959494625226712,0.4288340417319244,25,50,10
28,1157,0.11631843198856888,0.15905466515391375,0.29579290977950445,0.4288339930780154,25,50,10
28,1158,0.11632424707099837,0.159054665153845,0.28972642469792864,0.43489466307723057,25,50,10
28,1159,0.1163242683812512,0.15905466959467565,0.28972639894693714,0.4348946630771383,25,50,10
28,1160,0.13915904779103408,0.1590546695959096,0.2668916196215446,0.43489466299151536,25,50,10
28,1161,0.13915718810111594,0.15905466959705092,0.26689170691972963,0.4348964353821069,25,50,10
28,1162,0.1391572614758519,0.15905466959706782,0.2668917061433454,0.4348963627837385,25,50,10
28,1163,0.1391572590183183,0.15905466959706718,0.266891706094072,0.43489636529054565,25,50,10
28,1164,0.13915673405032272,0.15905466959697606,0.266891698361749,0.4348968979909557,25,50,10
28,1165,0.15149454835420392,0.15905407537973482,0.2545545485659192,0.43489682770014554,25,50,10
28,1166,0.1514966504690474,0.15905407538009422,0.2545545785705225,0.43489469558033905,25,50,10
28,1167,0.1514904435743844,0.159054075380093,0.254554578545389,0.4349009025001365,25,50,10
28,1168,0.151496431406199,0.1590480874686775,0.25455457862508113,0.4349009025000449,25,50,10
28,1169,0.15149692776062287,0.159048087468645,0.25455458032545353,0.4349004044452809,25,50,10
28,1170,0.15149496527878972,0.159048087468304,0.25455455171328667,0.43490239553962196,25,50,10
28,1171,0.15065984989136372,0.15988779160849775,0.2545499674032945,0.43490239109684664,25,50,10
28,1172,0.15065992278638712,0.1598877916085141,0.2545499665420602,0.43490231906304133,25,50,10
28,1173,0.1471391024420881,0.15988796860938442,0.25806351833986946,0.4349094106086606,25,50,10
28,1174,0.14713493509934084,0.15988796860941823,0.25806352580007436,0.43491357049116913,25,50,10
28,1175,0.1509322858093642,0.15988779182629057,0.25427344415595726,0.43490647820839073,25,50,10
28,1176,0.1504625355804034,0.15988779619467533,0.2547431902942874,0.43490647793063497,25,50,10
28,1177,0.15046852694853322,0.1598877961946925,0.25474319055885575,0.43490048629791966,25,50,10
28,1178,0.15046863208124214,0.15988779619467597,0.2547431903373346,0.4349003813867484,25,50,10
28,1179,0.15046265414393856,0.1598877898546939,0.25474917461470303,0.434900381386664,25,50,10
28,1180,0.15046821976726577,0.15988778985465418,0.25474917156302745,0.4348948188150527,25,50,10
28,1181,0.15046837295143142,0.15988778985469088,0.2547491754822401,0.43489466171163754,25,50,10
28,1182,0.15046252013493686,0.15988778985474345,0.25474917833915345,0.43490051167116606,25,50,10
28,1183,0.15045690917298157,0.15989339993374507,0.2547491792358301,0.4349005116574439,25,50,10
28,1184,0.15044868265378553,0.15990163337031296,0.2547491723142507,0.43490051166165145,25,50,10
28,1185,0.1504573950132785,0.15990163334803273,0.2547404214602661,0.4349005501784232,25,50,10
28,1186,0.15387029149188183,0.15990163336119498,0.25132752571825706,0.43490054942866707,25,50,10
28,1187,0.15389937181185748,0.15990163086054468,0.2512984467947882,0.43490055053281124,25,50,10
28,1188,0.15390150173242806,0.15990163086384426,0.2512986917082188,0.4348981756955105,25,50,10
28,1189,0.15390892556272406,0.15990163086391054,0.2512986944080138,0.4348907491653536,25,50,10
28,1190,0.15390680379674834,0.1599016307587244,0.2513025108569855,0.4348890545875421,25,50,10
28,1191,0.15391912992694995,0.15990163075874572,0.25130251348898924,0.4348767258253158,25,50,10
28,1192,0.15392489742389517,0.1599016307587446,0.25130251217385896,0.43487095964350236,25,50,10
28,1193,0.15392482895811951,0.15990169332648296,0.2513025180765618,0.43487095963883654,25,50,10
28,1194,0.15394057563969493,0.15990169332561172,0.25119047417821583,0.4349672568564784,25,50,10
28,1195,0.1178818256417703,0.15990173323515197,0.28724893700882076,0.43496750411425517,25,50,10
28,1196,0.12450153975376586,0.1599017334571711,0.28062922222229997,0.4349675045667626,25,50,10
28,1197,0.12449958038024925,0.15990173345710254,0.2806292132122586,0.4349694729503893,25,50,10
28,1198,0.1063889075216264,0.15990173025886334,0.2987383987746715,0.43497096344483815,25,50,10
28,1199,0.10635957320626774,0.15990172830494997,0.2987677364596054,0.4349709620291761,25,50,10
28,1200,0.10637175455135268,0.15990172830916102,0.2987678537479661,0.4349586633915198,25,50,10
28,1201,0.10297305314897763,0.1599016881951711,0.302166879263633,0.4349583793922182,25,50,10
28,1202,0.09284595534590513,0.15990168819917666,0.3122939732842185,0.4349583831706992,25,50,10
28,1203,0.09276104922920121,0.1599016875476634,0.3123788674613266,0.4349583957618082,25,50,10
28,1204,0.09276105164743999,0.159901687547664,0.31237886753638494,0.4349583932685105,25,50,10
28,1205,0.09275306899983785,0.15990168754438294,0.3123786261132926,0.4349666173424867,25,50,10
28,1206,0.09299690742789891,0.15965729652241445,0.3123791781486166,0.4349666179010698,25,50,10
28,1207,0.09301711806849638,0.15967754671347031,0.3123387170154578,0.4349666182025744,25,50,10
28,1208,0.09302310950281212,0.15967754671348694,0.3123387172142078,0.4349606265694923,25,50,10
28,1209,0.09302710285795902,0.159677542427527,0.312334728125421,0.4349606265890922,25,50,10
28,1210,0.09301663641748277,0.1596775424263641,0.31233463815522866,0.43497118300092263,25,50,10
28,1211,0.09345886492090955,0.1596775485881711,0.3119887006841846,0.4348748858067322,25,50,10
28,1212,0.09345883109810484,0.15967754858817051,0.3119886974916278,0.43487492282209467,25,50,10
28,1213,0.09343846604790867,0.15965729839123358,0.31202931304002496,0.4348749225208311,25,50,10
28,1214,0.09343440777899586,0.15965729839133944,0.3120293216906771,0.4348789721389863,25,50,10
28,1215,0.09343048259783757,0.1596574531284667,0.31203309214972685,0.43487897212396837,25,50,10
28,1216,0.09343051979678436,0.15965745312851987,0.312033096045887,0.4348789310288077,25,50,10
28,1217,0.09343658109822181,0.15965745312674204,0.3120270347361886,0.4348789310388472,25,50,10
28,1218,0.09355058381699732,0.15954314224694705,0.31202734288672235,0.4348789310493341,25,50,10
28,1219,0.09329136766268215,0.15954314222446345,0.31228656328761484,0.43487892682523754,25,50,10
28,1220,0.09305316907886221,0.15978204780231853,0.31228585688154015,0.434878926237278,25,50,10
28,1221,0.09306971540730713,0.15978205403848306,0.3122692166625179,0.43487901389169115,25,50,10
28,1222,0.09305580346795513,0.15978205403841422,0.3122692117337632,0.4348929307598672,25,50,10
28,1223,0.09401872582438413,0.15978204871608867,0.3113062643546812,0.4348929611048458,25,50,10
28,1224,0.09402493205416365,0.1597758455642362,0.3113062612767612,0.43489296110483827,25,50,10
28,1225,0.09402481927084329,0.15977595982281342,0.31130625979199067,0.4348929611143519,25,50,10
28,1226,0.09402278251294378,0.1597759598229366,0.31130627264983807,0.4348949850142809,25,50,10
28,1227,0.09402154224797901,0.15977595982297732,0.2748574438977515,0.4713450540312926,25,50,10
28,1228,0.09402055291999174,0.15977595982279252,0.2713309357032272,0.47487255155398905,25,50,10
28,1229,0.09416186620261463,0.15977595982730985,0.27133142490442513,0.4747307490656504,25,50,10
28,1230,0.1041284648096627,0.15977595981317616,0.2613647718610777,0.47473080351608354,25,50,10
28,1231,0.10413449151799987,0.15977595981322962,0.26136477546915066,0.47472477319961975,25,50,10
28,1232,0.1041344548662924,0.15977595981319367,0.2613647728994165,0.47472481242109743,25,50,10
28,1233,0.10402483663775768,0.15988569953657858,0.26136465139971665,0.47472481242594716,25,50,10
28,1234,0.10148215973630732,0.1598856996579327,0.26390877718737843,0.47472336341838195,25,50,10
28,1235,0.10147589730253898,0.15988569965374064,0.263908661291665,0.474729741752056,25,50,10
28,1236,0.10146987613934128,0.15989172254124132,0.26390865957696263,0.4747297417424554,25,50,10
28,1237,0.10146403471745381,0.15989172254124293,0.26390866243564554,0.4747355803056585,25,50,10
28,1238,0.10061158295573204,0.15989172170375365,0.2646673220607568,0.47482937327975827,25,50,10
28,1239,0.10060555869627665,0.1598917217037033,0.26466731856698705,0.4748354010330336,25,50,10
28,1240,0.08536120206254885,0.15989172161037746,0.27991160440714186,0.4748354719199326,25,50,10
28,1241,0.08536705609092632,0.1598917216103252,0.27991160180864805,0.47482962049010163,25,50,10
28,1242,0.12349136050621849,0.15989172222696682,0.2417870721566312,0.4748298451101848,25,50,10
28,1243,0.12349538832095501,0.15989172222684248,0.2417870621809062,0.47482582727129846,25,50,10
28,1244,0.12394707899185833,0.15989172210177297,0.2413354261227734,0.4748257727835975,25,50,10
28,1245,0.12394714989830423,0.15989172210170202,0.24133542190534885,0.4748257060946468,25,50,10
28,1246,0.12442454019927514,0.15989172210797375,0.24133587792844047,0.4743478597643125,25,50,10
28,1247,0.1244244371416062,0.15989156721421582,0.24133613588428052,0.47434785975990074,25,50,10
28,1248,0.1244304241802638,0.1598915672142299,0.2413361360290423,0.4743418725764672,25,50,10
28,1249,0.12443037969651784,0.15989156721422826,0.2413361331313478,0.4743419199579095,25,50,10
28,1250,0.12442477694155162,0.15989156721439055,0.24133614501070916,0.4743475108333519,25,50,10
28,1251,0.12440221805618425,0.15990599590701135,0.24134427554841376,0.4743475104883919,25,50,10
28,1252,0.12392482595076054,0.15990599590073895,0.24134381924114937,0.4748253589073522,25,50,10
28,1253,0.12519260017944348,0.15990599527817148,0.24007627247120536,0.47482513207118177,25,50,10
28,1254,0.1251924215121855,0.15990599527808338,0.24007626602675342,0.47482531718298004,25,50,10
28,1255,0.1251864305146628,0.15990599527810004,0.24007626736683074,0.4748313068404086,25,50,10
28,1256,0.125262499148659,0.15990599527168112,0.2400001984493775,0.47483130713028343,25,50,10
28,1257,0.12527814197835396,0.1599059955229605,0.23998455475444158,0.4748313077442451,25,50,10
28,1258,0.13049170703123297,0.1599233006566336,0.23484746439979629,0.4747375279123392,25,50,10
28,1259,0.13049160128350024,0.15992340609453295,0.23484746470495232,0.47473752791701684,25,50,10
28,1260,0.13049346122392222,0.15992340609462177,0.2348474709807548,0.4747356617007036,25,50,10
28,1261,0.13048754287247344,0.15992340609460337,0.234847469631622,0.4747415814013033,25,50,10
28,1262,0.1304954934415999,0.15992340609465555,0.23484747534122363,0.4747336251225225,25,50,10
28,1263,0.1305276536297757,0.15992340668342941,0.23481531456358629,0.4747336251232083,25,50,10
28,1264,0.13052772527313722,0.15992340668344632,0.23481531381560636,0.4747335542278097,25,50,10
28,1265,0.13038679883525045,0.15992340667891594,0.23481482760087666,0.47487496688495723,25,50,10
28,1266,0.1303887315631062,0.1599234066790207,0.2348148341547245,0.4748730276031486,25,50,10
28,1267,0.1303947588916301,0.15992340667893118,0.23481482961389336,0.47486700481554533,25,50,10
28,1268,0.13039464745691715,0.15992340667898147,0.23481482935321676,0.47486711651088453,25,50,10
28,1269,0.1303949300704718,0.15992340667905505,0.23481483212790583,0.4748668311225671,25,50,10
28,1270,0.13039313894196725,0.15992340667900495,0.23481482759324113,0.47486862678578645,25,50,10
28,1271,0.13039871838469824,0.15992340044314068,0.23480934201229092,0.4748685391598687,25,50,10
28,1272,0.13040058072377242,0.15992340044324657,0.23480935066531688,0.4748666681676626,25,50,10
28,1273,0.1299084669556673,0.15992340043699071,0.2304781869623572,0.4796899456449833,25,50,10
28,1274,0.12989307807726763,0.15992375589181448,0.23049322037456788,0.4796899456563487,25,50,10
28,1275,0.1298869505525042,0.15992375589183017,0.23049321952487095,0.4796960740307934,25,50,10
28,1276,0.1303595939569485,0.15992375969977635,0.23002055394074378,0.4796960924025301,25,50,10
28,1277,0.1305546515728025,0.159923999949991,0.22982525623481107,0.4796960922423942,25,50,10
28,1278,0.13055914027722224,0.15992399995206397,0.22982525496090478,0.4796916048098075,25,50,10
28,1279,0.13056502421304372,0.1599181156023228,0.22982525536997644,0.4796916048146562,25,50,10
28,1280,0.13057301083692696,0.15991011532304059,0.2298252690158561,0.47969160482417594,25,50,10
28,1281,0.13057890014925683,0.15991011532318317,0.22982527730115865,0.47968570722640097,25,50,10
28,1282,0.09470877488184995,0.15991019056778694,0.2656951154869939,0.4796859190633698,25,50,10
28,1283,0.0947087015724545,0.15991019056782382,0.26569511718405253,0.4796859906756694,25,50,10
28,1284,0.09469657989642238,0.15992231950774818,0.26569510991513867,0.4796859906806911,25,50,10
28,1285,0.09470368389760198,0.15992196416186155,0.2656883613002155,0.479685990640321,25,50,10
28,1286,0.09415594098589054,0.15992197118122042,0.26618939611047554,0.4797326917224136,25,50,10
28,1287,0.09415144729657353,0.1599219711791105,0.2661893957539987,0.4797371857703173,25,50,10
28,1288,0.09415127314572876,0.15992197117905416,0.2661893926107069,0.47973736306451004,25,50,10
28,1289,0.09439553645640211,0.15992197117960402,0.2659451292801905,0.47973736308380593,25,50,10
28,1290,0.094403418047795,0.15991427259042798,0.2659449462737513,0.4797373630880283,25,50,10
28,1291,0.09489344066450346,0.15991426534126624,0.2655015833277024,0.47969071066652913,25,50,10
28,1292,0.09772432807794848,0.15991419024680997,0.26267095119601297,0.4796905304792308,25,50,10
28,1293,0.09758751632635272,0.15989688520682566,0.26274409897194567,0.4797714994948768,25,50,10
28,1294,0.09757995786725596,0.159897236438736,0.2627513061992978,0.47977149949471043,25,50,10
28,1295,0.09757201660181228,0.15990508314154728,0.2627514002228548,0.47977150003378566,25,50,10
28,1296,0.09757201599746976,0.1599050831415657,0.26275140054745333,0.47977150031351146,25,50,10
28,1297,0.11042826769794298,0.15990508345174306,0.2499761221827578,0.47969052666755657,25,50,10
28,1298,0.09613355217444203,0.15990508304740647,0.2642708501082895,0.47969051466986246,25,50,10
28,1299,0.0961295950595517,0.15990508304726567,0.26427083694429354,0.4796944849488899,25,50,10
28,1300,0.0961298412445155,0.1599050830471426,0.26427082796916646,0.479694247739176,25,50,10
28,1301,0.09543017997958576,0.15990484366983346,0.2649707468234113,0.47969422952716373,25,50,10
28,1302,0.09542990146020668,0.15990484366979624,0.2649707441095143,0.4796945107604772,25,50,10
28,1303,0.09544986291678226,0.1599048436698139,0.2649707473591146,0.4796745460542845,25,50,10
28,1304,0.09545546804801902,0.1599048436697412,0.2649707445454097,0.4796689437368251,25,50,10
28,1305,0.07277861050428819,0.1599048435797622,0.2876476850011528,0.4796688609147931,25,50,10
28,1306,0.07277261917932697,0.159904843579745,0.28764768483680453,0.47967485240411983,25,50,10
28,1307,0.07277254395198025,0.1599048435797284,0.28764768561952475,0.4796749268487628,25,50,10
28,1308,0.07368631482785552,0.15990484357988735,0.2876480663392007,0.4787607752530526,25,50,10
28,1309,0.0736903068514581,0.1599048435800278,0.2876480814903616,0.4787567680781487,25,50,10
28,1310,0.07503618091599074,0.15990484358643836,0.28765580307692995,0.47740317242063723,25,50,10
28,1311,0.07411638009397714,0.15990484358627796,0.2876554222391469,0.4783233540805943,25,50,10
28,1312,0.07411637951829958,0.15990484460780519,0.28765542179797704,0.4783233540759151,25,50,10
28,1313,0.07410853401046116,0.15990484460771726,0.2876554155932045,0.47833120578861305,25,50,10
28,1314,0.07410856607900726,0.1599048446078424,0.2876554236370731,0.47833116567607326,25,50,10
28,1315,0.07410870327835027,0.15990470694410555,0.2876554241062328,0.478331165671308,25,50,10
28,1316,0.07413709524732855,0.15987615947478237,0.2876555795917648,0.4783311656861222,25,50,10
28,1317,0.07414112576801606,0.15987615428776514,0.28765155424345745,0.47833116570075873,25,50,10
28,1318,0.07412543381006016,0.15987615428762444,0.2876515441077133,0.4783468677945997,25,50,10
28,1319,0.07413003760553594,0.15986172592431608,0.2876613686396118,0.4783468678305359,25,50,10
28,1320,0.07413014356238337,0.15986172592433454,0.2876613690204457,0.47834676149283645,25,50,10
28,1321,0.06992392604699775,0.15986172591941938,0.29186761340724066,0.4783467346263441,25,50,10
28,1322,0.06992192880995086,0.15986172591934866,0.29186760526596656,0.4783487400047356,25,50,10
28,1323,0.06992792082305366,0.15986172591936676,0.29186760560152397,0.4783427476560571,25,50,10
28,1324,0.0699417580178131,0.15986172591943676,0.2918676115789302,0.47832890448382137,25,50,10
28,1325,0.06993587642197921,0.1598676074496978,0.29186761164449043,0.4783289044838337,25,50,10
28,1326,0.0699362681811489,0.1598672095044405,0.2918676178301447,0.4783289044842664,25,50,10
28,1327,0.0699119373516289,0.15989170144997203,0.29186745674340775,0.47832890445499204,25,50,10
28,1328,0.06991604755573991,0.15989170144990206,0.291867449797358,0.47832480119700066,25,50,10
28,1329,0.06997212567963836,0.15989170509066153,0.29181139849255244,0.47832477073714796,25,50,10
28,1330,0.06997182281803543,0.15989201316307203,0.2918113935487644,0.47832477047012845,25,50,10
28,1331,0.07092389750601549,0.15989201283791055,0.29085931807984716,0.4783247715762272,25,50,10
28,1332,0.07092360549243117,0.15989166149672931,0.2908599614340998,0.4783247715767392,25,50,10
28,1333,0.07093103150588642,0.15988423637394883,0.29085996053434005,0.47832477158582426,25,50,10
28,1334,0.07092683393505023,0.15988423271624055,0.29086418086267674,0.478324752486032,25,50,10
28,1335,0.07092672770677173,0.15988423271622235,0.2908641795483511,0.4783248600286544,25,50,10
28,1336,0.07093261461410791,0.1598842327162235,0.29086417952837135,0.4783189731412964,25,50,10
28,1337,0.07093268168194351,0.15988423271631297,0.2908641860653232,0.47831889953641993,25,50,10
28,1338,0.07092704169111168,0.15988987171154373,0.2908641870608328,0.4783188995365116,25,50,10
28,1339,0.07092111968784459,0.15988987171150992,0.29086418866069663,0.47832481993994924,25,50,10
28,1340,0.07092301276773064,0.15988987171157723,0.2908641975930584,0.47832291792763404,25,50,10
28,1341,0.07092910047943896,0.15988377289642872,0.2908642086958723,0.4783229179282603,25,50,10
28,1342,0.07091515922128687,0.1598837728963412,0.29086420241105837,0.478336865471314,25,50,10
28,1343,0.07138276792189852,0.1598837729036712,0.2908647999892475,0.4778686591851825,25,50,10
28,1344,0.07136939862833834,0.15988377298873824,0.29087705702757627,0.477869771355347,25,50,10
28,1345,0.07113301737227024,0.15988377826294747,0.2911145275701841,0.47786867679459816,25,50,10
28,1346,0.07013750036783448,0.1598837782609185,0.29110760258262647,0.47887111878862076,25,50,10
28,1347,0.07014163817665608,0.1598837782608503,0.2911075966220534,0.47886698694044144,25,50,10
28,1348,0.070397551363738,0.1598837729058261,0.29085170577845554,0.4788669699519815,25,50,10
28,1349,0.07044673738651927,0.15988377291377356,0.2908025182974582,0.4788669714022508,25,50,10
28,1350,0.07044915699722433,0.15988377290817923,0.2908000987478626,0.4788669713467356,25,50,10
28,1351,0.0704492708065967,0.15988375835867547,0.29079999979388976,0.47886697104084,25,50,10
28,1352,0.0704491655049528,0.15988375835864074,0.2908000000119441,0.4788670761244644,25,50,10
28,1353,0.07044314174139289,0.1598837583586042,0.2907999983715157,0.47887310152848916,25,50,10
28,1354,0.07044475170699893,0.15988375835542945,0.29079838871401853,0.4788731012235551,25,50,10
28,1355,0.07058199665730581,0.15989811347315647,0.290646788072325,0.47887310179721354,25,50,10
28,1356,0.07028851638012454,0.15989811346312785,0.29094026982443255,0.47887310033231556,25,50,10
28,1357,0.07028907722613517,0.15989811346305322,0.29093970897900795,0.47887310033180663,25,50,10
28,1358,0.07247997476102577,0.15770078531889367,0.2909461395239648,0.4788731003961185,25,50,10
28,1359,0.07248607182725487,0.15770078531889364,0.2909461394995479,0.47886700335430604,25,50,10
28,1360,0.06783268780455325,0.15770078567270981,0.29559948646558193,0.4788670400571561,25,50,10
28,1361,0.06783857000971896,0.15769490348045434,0.2955994864526829,0.4788670400571452,25,50,10
28,1362,0.0791421905517938,0.15769490465966834,0.2842958350712378,0.4788670697172982,25,50,10
28,1363,0.07914464216035619,0.15769242309608633,0.2842958650257072,0.4788670697178491,25,50,10
28,1364,0.07927586779980694,0.15769242310660606,0.2842964259674956,0.47873528312609037,25,50,10
28,1365,0.07926635400320303,0.15769242311195641,0.2843059394385955,0.4787352834462438,25,50,10
28,1366,0.07926608855477763,0.15769277889350872,0.28430581873741945,0.4787353138142936,25,50,10
28,1367,0.07927379307190813,0.1576927788936132,0.28430582424724615,0.47872760378723195,25,50,10
28,1368,0.0792738683441907,0.15769277889362981,0.2843058235005213,0.47872752926165774,25,50,10
28,1369,0.08018585095677298,0.1576927788939301,0.28430616638966305,0.47781520375963393,25,50,10
28,1370,0.0801858158064146,0.15769277889385783,0.2843061611006574,0.4778152441990705,25,50,10
28,1371,0.08018003230534612,0.15769277889394875,0.2843061693477684,0.47782101945293753,25,50,10
28,1372,0.07798879176438445,0.1598904612875669,0.28429972755061594,0.47782101939743343,25,50,10
28,1373,0.07751519197794349,0.15989046128014783,0.2842991236157849,0.47829522312612427,25,50,10
28,1374,0.0775093060419883,0.15989634722169538,0.28429912361010623,0.4782952231262108,25,50,10
28,1375,0.11485124758074894,0.1598963472281908,0.24695714592991994,0.4782952592611406,25,50,10
28,1376,0.11486347327938046,0.15989634722824483,0.24695714274343644,0.4782830367489387,25,50,10
28,1377,0.11485937044849781,0.15989634722831492,0.2469571508245027,0.47828713149868435,25,50,10
28,1378,0.11487320645411092,0.15989634722838553,0.24695715685461195,0.47827328946289127,25,50,10
28,1379,0.11486525622003221,0.15989634722829799,0.2469571496273506,0.4782812469243188,25,50,10
28,1380,0.11472817594396915,0.15989634721781296,0.2469565902138106,0.47841888662440696,25,50,10
28,1381,0.1148778432310203,0.1598963472870943,0.24695737262861697,0.47826843685326814,25,50,10
28,1382,0.11472621439080616,0.15989634721774354,0.24695658524325792,0.478420853148192,25,50,10
28,1383,0.1147255540592386,0.15989634739519912,0.2469572453922733,0.47842085315328836,25,50,10
28,1384,0.11473133480263073,0.1598963473951991,0.24695724539617445,0.47841507240599507,25,50,10
28,1385,0.11473743292338057,0.15989634739519937,0.24695724542858571,0.4784089742528333,25,50,10
28,1386,0.11473743285195993,0.15989634739519876,0.2469572454103698,0.4784089743424705,25,50,10
28,1387,0.11473784946985749,0.1598959916136811,0.24695721497248832,0.47840894394397293,25,50,10
28,1388,0.11473209603376938,0.15989599143629968,0.24696296856682196,0.47840894396310957,25,50,10
28,1389,0.11473202363705091,0.1598959915490318,0.24696304087436075,0.4784089439395569,25,50,10
28,1390,0.11471976731448344,0.1598959915490141,0.24696303954948676,0.47842120158701634,25,50,10
28,1391,0.11472169893968573,0.1598959915491183,0.24696304400618396,0.4784192655050127,25,50,10
28,1392,0.1138097162527655,0.15989599154881862,0.24696270042601576,0.4793315917724009,25,50,10
28,1393,0.11380437490305315,0.15988163635607175,0.24698239695277105,0.47933159178810697,25,50,10
28,1394,0.11381221380258387,0.1598816363561402,0.24698240276489863,0.4793237470763802,25,50,10
28,1395,0.11382601790063993,0.1598816363562268,0.24698240982900188,0.4793099359141336,25,50,10
28,1396,0.11383979424166302,0.15988163624541554,0.24696863358995827,0.4793099359229651,25,50,10
28,1397,0.1114685490708062,0.1598816362433364,0.24933987877877636,0.4793099359070839,25,50,10
28,1398,0.11146598988491344,0.15988422547241213,0.2493398487359778,0.4793099359067002,25,50,10
28,1399,0.11147810598905862,0.1598842254724117,0.24933984868462772,0.47929781985390507,25,50,10
28,1400,0.11147603996193763,0.15988422547260633,0.24933986468496128,0.4792998698804977,25,50,10
28,1401,0.15039862970227863,0.159884225632893,0.21041727476623145,0.47929986989859963,25,50,10
28,1402,0.15039088961472794,0.15989196964319002,0.210417270828512,0.47929986991357315,25,50,10
28,1403,0.15039095961476032,0.1598919696431922,0.2104172730196711,0.4792997977223795,25,50,10
28,1404,0.15039096010172034,0.15989196964317376,0.21041727265472734,0.4792997976003815,25,50,10
28,1405,0.1503913785805244,0.1598919696432125,0.2104172755374718,0.4792993762387944,25,50,10
28,1406,0.15037726030366008,0.1598919696430868,0.21041726540863234,0.47931350464462386,25,50,10
28,1407,0.15036727279646958,0.1598919696431581,0.21041727157502133,0.4793234859853541,25,50,10
28,1408,0.15037319453416545,0.15989196964317778,0.21041727301758847,0.4793175628050712,25,50,10
28,1409,0.15023099769019593,0.15989196999403643,0.21055947012485146,0.4793175621909198,25,50,10
28,1410,0.15023873330531218,0.1598842289447294,0.21055947556440938,0.4793175621855527,25,50,10
28,1411,0.15023873395735016,0.15988422842123368,0.21055947543603565,0.47931756218538424,25,50,10
28,1412,0.150250850112511,0.15988422842123418,0.21055947560332297,0.4793054458629349,25,50,10
28,1413,0.15025082423239716,0.15988425579898932,0.21055947411536582,0.47930544585325036,25,50,10
28,1414,0.1502467327873857,0.15988425580118412,0.21055948426714624,0.4793095271442854,25,50,10
28,1415,0.1492939979075177,0.15988425571662726,0.21151222036887968,0.47930952600697696,25,50,10
28,1416,0.1492983647963876,0.15987978255696572,0.21151232634302944,0.4793095263036189,25,50,10
28,1417,0.14943179345075822,0.15989999083467513,0.21135868828079676,0.479309527433772,25,50,10
28,1418,0.14943175866723063,0.15989999083465822,0.21135868708316427,0.4793095634149486,25,50,10
28,1419,0.14943757510285222,0.15989999083458575,0.21135868018025783,0.47930375388230556,25,50,10
28,1420,0.14943986164298884,0.1598999908343561,0.21135867603070824,0.479301471491948,25,50,10
28,1421,0.15025775760651977,0.1598999910868115,0.21054077702224522,0.4793014742844267,25,50,10
28,1422,0.15026570788884844,0.15989203193459964,0.21054078587784997,0.4793014742987048,25,50,10
28,1423,0.15025166059811798,0.15989203193449428,0.21054078325783604,0.47931552420955403,25,50,10
28,1424,0.13968278330543987,0.1598920319329582,0.22110840723184172,0.47931677752976287,25,50,10
28,1425,0.13967682244710777,0.1598920319328063,0.22111436809526855,0.47931677752481994,25,50,10
28,1426,0.13967069052035927,0.15989203193282445,0.2211143550614893,0.4793229224853295,25,50,10
28,1427,0.13967706563020238,0.15989203193291485,0.22111435559858347,0.4793165468383019,25,50,10
28,1428,0.13967121371739108,0.1598920319329311,0.22111435676633232,0.4793223975833477,25,50,10
28,1429,0.1396731065169656,0.15989203193299806,0.22111436155916767,0.47932049999087023,25,50,10
28,1430,0.13967503433179881,0.15989203157752466,0.221112434090454,0.47932050000022536,25,50,10
28,1431,0.1396750014409205,0.15989203157754125,0.2211124322429104,0.4793205347386306,25,50,10
28,1432,0.13966914953292034,0.1598920315775597,0.22111243364855457,0.47932638524096755,25,50,10
28,1433,0.1396829204050894,0.15989203157759221,0.22111243688991258,0.479312611127408,25,50,10
28,1434,0.1397188068664048,0.1598920315756806,0.2211124511087161,0.47927671044920045,25,50,10
28,1435,0.13971444239174405,0.15989650231343674,0.22111234515203576,0.47927671014278567,25,50,10
28,1436,0.1375042080771692,0.1598965019753022,0.22332264694792714,0.47927664299960004,25,50,10
28,1437,0.13750611070797591,0.15989650172340272,0.22332074468197186,0.47927664288664823,25,50,10
28,1438,0.13749826459184666,0.1598965017233339,0.22332073876187372,0.47928449492294495,25,50,10
28,1439,0.13797183118035522,0.15989650173052125,0.22284717360536097,0.4792844934837618,25,50,10
28,1440,0.13797182198481742,0.1598965017305197,0.22284717346235167,0.4792845028223104,25,50,10
28,1441,0.13796583650280375,0.15989650173053696,0.22284717378785004,0.47929048797880847,25,50,10
28,1442,0.137973508544617,0.15989650173055256,0.22284717582855343,0.4792828138962764,25,50,10
28,1443,0.14701866499673907,0.15989650033436395,0.21380209102068307,0.4792827436482135,25,50,10
28,1444,0.14702441278728118,0.15989650033434516,0.2138020896433055,0.47927699723506817,25,50,10
28,1445,0.14702448328740586,0.15989650033704902,0.21380201913528862,0.4792769972402558,25,50,10
28,1446,0.14703037047250753,0.1598906127890009,0.21380201949364375,0.47927699724484735,25,50,10
28,1447,0.11096236655139428,0.15989062379510574,0.2498700452371793,0.47927696441632156,25,50,10
28,1448,0.11095227711895424,0.1598906237951411,0.2498700518163944,0.4792870472695113,25,50,10
28,1449,0.11095444925427668,0.15989062379503566,0.24987004127037016,0.4792848856803185,25,50,10
28,1450,0.11095444427622772,0.15989087689537193,0.24986979315225155,0.47928488567614985,25,50,10
28,1451,0.11096827308817694,0.159890876895441,0.24986979906623344,0.4792710509501494,25,50,10
28,1452,0.11095618918617069,0.15989087689545825,0.24986980033067074,0.4792831335877017,25,50,10
28,1453,0.11095065324548647,0.15989640742927358,0.2498698054464819,0.47928313387875937,25,50,10
28,1454,0.11094862392215545,0.1598964074292204,0.24986979753304492,0.4792851711155805,25,50,10
28,1455,0.11094876278692281,0.15989640742927452,0.24986980149899451,0.4792850282848092,25,50,10
28,1456,0.11097924868469393,0.15989640742940592,0.2498698203886773,0.4792545234972239,25,50,10
28,1457,0.1111167429979732,0.1598964074346342,0.24987031541732935,0.4791165341500641,25,50,10
28,1458,0.112392569993115,0.15989639650658113,0.24859038709998824,0.47912064640031654,25,50,10
28,1459,0.1253267791313756,0.15989639662097274,0.2356574277869041,0.4791193964607484,25,50,10
28,1460,0.1252963005077145,0.15989639662084348,0.2356574090154948,0.47914989385594803,25,50,10
28,1461,0.12528253073172269,0.1598963966208118,0.23565740580393765,0.47916366684352807,25,50,10
28,1462,0.12526858592356743,0.15991034905525414,0.23565739818708326,0.4791636668340947,25,50,10
28,1463,0.12514291161111213,0.15991034905112347,0.23565690369628484,0.47928983564147926,25,50,10
28,1464,0.12607165848811394,0.15991059081970754,0.23472791201293003,0.4792898386792471,25,50,10
28,1465,0.12606969840951301,0.15991059081962275,0.23472790591866455,0.47929180485219897,25,50,10
28,1466,0.1258450171103047,0.15991059081937242,0.23472760388122585,0.47951678818909643,25,50,10
28,1467,0.1258373447354068,0.15991059081933956,0.23472760058879497,0.4795244638564579,25,50,10
28,1468,0.12583737955728697,0.15991059081935705,0.23472760185332192,0.4795244277700333,25,50,10
28,1469,0.12582953618556714,0.1599184428687106,0.23472759318996395,0.4795244277557582,25,50,10
28,1470,0.12579774124099405,0.15991844286842738,0.23472756884307247,0.4795562470475062,25,50,10
28,1471,0.125803805199526,0.15991844286837384,0.23472756695060773,0.4795501849814922,25,50,10
28,1472,0.1257978456451963,0.15992439897377253,0.23472757039894862,0.4795501849820824,25,50,10
28,1473,0.12579174803991736,0.15992439897370306,0.23472756733737057,0.47955628564900954,25,50,10
28,1474,0.1257899019387562,0.1599243989720368,0.23472941342027803,0.4795562856689298,25,50,10
28,1475,0.12578944085206886,0.15992486568084527,0.23472940808913523,0.47955628537795136,25,50,10
28,1476,0.12626215185486217,0.1599248700739582,0.23425669185874415,0.4795562862124361,25,50,10
28,1477,0.12625643792040672,0.1599248700740692,0.23425669997947252,0.4795619920260527,25,50,10
28,1478,0.12625027467714747,0.15992487007403294,0.23425669728274737,0.47956815796607344,25,50,10
28,1479,0.12587900821960296,0.15992487008296313,0.23462789913102647,0.4795682225664061,25,50,10
28,1480,0.11049040570645495,0.16158911209324714,0.24833224560153583,0.4795882365987626,25,50,10
28,1481,0.1104902709282368,0.16158911209322993,0.24833224431539513,0.4795883726631392,25,50,10
28,1482,0.11034930445319781,0.16156890381361613,0.24849342018528922,0.47958837154789813,25,50,10
28,1483,0.11035533001548531,0.16156287734403105,0.24849342109216546,0.47958837154831924,25,50,10
28,1484,0.1103630395222286,0.16156287734413588,0.2484934268802898,0.47958065625334695,25,50,10
28,1485,0.1103239860089431,0.16156287733002606,0.24853254556675428,0.47958059109427786,25,50,10
28,1486,0.11033009174616955,0.16155677181615372,0.2485325453438136,0.4795805910938644,25,50,10
28,1487,0.1103300967722328,0.1615567602152291,0.24853255192318305,0.4795805910893565,25,50,10
28,1488,0.1103355906996284,0.16155663384802296,0.24852718392760867,0.4795805915247391,25,50,10
28,1489,0.11034353776131482,0.16155663384809266,0.2485271899053225,0.47957263848526865,25,50,10
28,1490,0.11033572547860407,0.16155663384804012,0.24852718521639253,0.4795804554569619,25,50,10
28,1491,0.11033575800313063,0.1615565995418915,0.24852718698823623,0.479580455466741,25,50,10
28,1492,0.10965335285878959,0.16156352525718604,0.24920266886246759,0.4795804530215571,25,50,10
28,1493,0.1096514040544331,0.16156352525708445,0.24920266209814504,0.47958240859033857,25,50,10
28,1494,0.10964555149829697,0.16156937568358834,0.24920266421366516,0.4795824086044504,25,50,10
28,1495,0.1096474101293241,0.16156937568371102,0.2492026740551715,0.4795805401317948,25,50,10
28,1496,0.11069165248408579,0.16156937552365203,0.24815843187423126,0.47958054011803164,25,50,10
28,1497,0.1106779497173788,0.16156937552358167,0.24815842659734572,0.4795942481616938,25,50,10
28,1498,0.1106780527252821,0.16156937552359643,0.24815842668627452,0.47959414506484677,25,50,10
28,1499,0.11067800451630656,0.16156937552359196,0.24815842580676725,0.47959419415333415,25,50,10
28,1500,0.11053865369811268,0.16156937551827924,0.24815792371412754,0.47973404706948075,25,50,10
28,1501,0.11056276762106593,0.16157950533824972,0.24812367999468146,0.47973404704600225,25,50,10
28,1502,0.11009586121707958,0.16157950538434152,0.2485905872216931,0.4797340461768864,25,50,10
28,1503,0.11053951490405967,0.16156937557146403,0.24815706248569808,0.4797340470387785,25,50,10
28,1504,0.11053348997588207,0.16156937557144624,0.24815706117816005,0.47974007327451135,25,50,10
28,1505,0.11054746863974298,0.16156937557149909,0.24815706796420248,0.4797260878245554,25,50,10
28,1506,0.1103585126327992,0.1615693895524862,0.24834580685326446,0.47972629096145025,25,50,10
28,1507,0.11035844452733233,0.16156938955244804,0.2483458040536432,0.47972636186657647,25,50,10
28,1508,0.11037214462650359,0.16156938955250089,0.24834580875465587,0.4797126570663398,25,50,10
28,1509,0.13380212375865855,0.1615693903809806,0.2249199004019718,0.4797085854583903,25,50,10
28,1510,0.13380625240533214,0.16156939038083892,0.22491989015715358,0.47970446705667635,25,50,10
28,1511,0.10551039877608188,0.16156939149617267,0.2531357104392305,0.47978449928851596,25,50,10
28,1512,0.10541339746368919,0.1615622284411728,0.25323987531839004,0.47978449877674884,25,50,10
28,1513,0.10583988634151485,0.16156222844332213,0.25281324850868847,0.4797846367064748,25,50,10
28,1514,0.10583585962229494,0.1615622284434091,0.2528132556963546,0.47978865623794226,25,50,10
28,1515,0.10617274109397819,0.16156222408090629,0.2524763785388702,0.47978865628624584,25,50,10
28,1516,0.1058437808303289,0.16156222407800924,0.2528053388537938,0.47978865623786865,25,50,10
28,1517,0.10584984398183586,0.16156222407800733,0.2528053376823025,0.47978259425785486,25,50,10
28,1518,0.10584987659489904,0.1615622240780083,0.25280533877501193,0.4797825605520811,25,50,10
28,1519,0.10584987611591007,0.16156222407800797,0.2528053387323578,0.4797825610737247,25,50,10
28,1520,0.10584976981692083,0.16156222407802578,0.2528053390066199,0.47978266709843376,25,50,10
28,1521,0.10583599916869141,0.16156222407804616,0.25280533963352253,0.47979643711973957,25,50,10
28,1522,0.10591691039435915,0.16156221023169667,0.25272192796266,0.47979895141128404,25,50,10
28,1523,0.10591684097952497,0.1615622828226872,0.25272192480103856,0.4797989513967494,25,50,10
28,1524,0.10591287628288748,0.1615662459711638,0.2527219263395874,0.4797989514063613,25,50,10
28,1525,0.10591693820572409,0.16156624597112967,0.25272192294562457,0.4797948928775216,25,50,10
28,1526,0.10592321098645333,0.161566245971114,0.2527219248474333,0.4797886181949994,25,50,10
28,1527,0.1059170759125657,0.1615662459711475,0.2527219242902184,0.47979475382606834,25,50,10
28,1528,0.10591707529675536,0.161566246676374,0.2527219242010577,0.47979475382581327,25,50,10
28,1529,0.10591314879409558,0.16156624667642908,0.25272194045177904,0.4797986640776968,25,50,10
28,1530,0.10592684957024781,0.16156624667646313,0.25272197328169044,0.47978493047159915,25,50,10
28,1531,0.10591686346509915,0.16156624667658767,0.25272195380845125,0.47979493604986245,25,50,10
28,1532,0.10591507599033857,0.16156803956428312,0.2527219483907554,0.47979493605462337,25,50,10
28,1533,0.10590911651214015,0.16156803956428561,0.25272195226718797,0.4798008916563863,25,50,10
28,1534,0.10589527562213036,0.1615680395642503,0.25272194701216927,0.47981473780144923,25,50,10
28,1535,0.10588913535243621,0.16157418277926666,0.25272194406234494,0.47981473780595124,25,50,10
28,1536,0.105893135123049,0.16157418277925004,0.25272193059005954,0.4798107515076404,25,50,10
28,1537,0.10589313693327268,0.1615741827792503,0.2527219305947053,0.4798107496927706,25,50,10
28,1538,0.1058950281608854,0.16157228370096793,0.252721938440446,0.47981074969769966,25,50,10
28,1539,0.10590501421684596,0.16157228370084364,0.2527219294567069,0.47980077262560245,25,50,10
28,1540,0.10587192651126535,0.16157227927108755,0.25275502165270314,0.47980077256494286,25,50,10
28,1541,0.10597801730500649,0.16157227914161573,0.25265164707096555,0.47979805648241114,25,50,10
28,1542,0.10586387705664663,0.16235125128276182,0.25198681516029575,0.47979805650029506,25,50,10
28,1543,0.10586409049505895,0.16235125128279684,0.25198681576740767,0.4797978424547361,25,50,10
28,1544,0.1058582042924861,0.16235125128283254,0.25198681838631015,0.4798037260383707,25,50,10
28,1545,0.10586416326841158,0.1623512512827783,0.25198681358416786,0.4797977718646416,25,50,10
28,1546,0.10561929134022996,0.1623512512870459,0.2522318228606821,0.47979763451204105,25,50,10
28,1547,0.10561932818687607,0.16235121132877303,0.2522318259577713,0.4797976345265785,25,50,10
28,1548,0.10562518134049567,0.16235121132878802,0.25223182235497765,0.47979178497573727,25,50,10
28,1549,0.09834354304600484,0.1623512262037723,0.2595134075340104,0.4797918232162134,25,50,10
28,1550,0.09834786545358604,0.16157226016260812,0.2602880511954922,0.4797918231883152,25,50,10
28,1551,0.09835385661498469,0.16156626393366202,0.2602880562773277,0.479791823174027,25,50,10
28,1552,0.09834824899090037,0.1615662639336993,0.2602880590191358,0.47979742805626613,25,50,10
28,1553,0.09834821586330907,0.16156626393367737,0.2602880574460629,0.4797974627569525,25,50,10
28,1554,0.09827437603353367,0.1615662620269859,0.2604408712675654,0.47971849067191696,25,50,10
28,1555,0.09780066406491061,0.16156643822908923,0.26091440789640447,0.4797184898095939,25,50,10
28,1556,0.0978005338230334,0.16156643822905203,0.26091440607477756,0.4797186218731351,25,50,10
28,1557,0.09780053362376046,0.16156643822905234,0.2609144058400766,0.4797186223071078,25,50,10
28,1558,0.09780025784043794,0.16156643822892433,0.26091439740062194,0.4797189065300135,25,50,10
28,1559,0.0978326281988521,0.16156643819042324,0.2608820270201198,0.47971890659060246,25,50,10
28,1560,0.09783255981356677,0.1615665048148488,0.2608820287904967,0.4797189065810853,25,50,10
28,1561,0.09784667865392499,0.16156650481490295,0.26088203668225696,0.47970477984891224,25,50,10
28,1562,0.0978448212719837,0.16156836870175462,0.26088203017726225,0.47970477984899695,25,50,10
28,1563,0.09785070754261282,0.1615624824709504,0.2608820301375281,0.4797047798489064,25,50,10
28,1564,0.09785492082787071,0.16156248247409205,0.260882100904737,0.4797004957932979,25,50,10
28,1565,0.09785477830727536,0.16156248247407334,0.26088209947315416,0.4797006397454944,25,50,10
28,1566,0.09785477648434818,0.1615624824740733,0.2608820995032837,0.4797006415382922,25,50,10
28,1567,0.09785299563198502,0.1615641338651737,0.2608822286688929,0.4797006418339456,25,50,10
28,1568,0.09772378858887057,0.1615641441539532,0.2610114095998065,0.47970065765736697,25,50,10
28,1569,0.09772968140775666,0.16156414415397324,0.2610114097478133,0.47969476469045413,25,50,10
28,1570,0.09772379225463924,0.16156414415395542,0.26101140977078413,0.4797006538206184,25,50,10
28,1571,0.09819912225971622,0.16156414415823517,0.26101177791909397,0.4792249556629526,25,50,10
28,1572,0.09821292285600865,0.1615641441582154,0.26101177742855997,0.4792111555572145,25,50,10
28,1573,0.09820508193440547,0.16156414415812942,0.2610117718040456,0.4792190021034181,25,50,10
28,1574,0.09819726656356562,0.16156414415809528,0.2610117674222963,0.4792268218560418,25,50,10
28,1575,0.09795614359936017,0.16156414414956413,0.26125289099264715,0.4792268212584279,25,50,10
28,1576,0.0979578181617157,0.16156259851501578,0.26125276235105654,0.4792268209722115,25,50,10
28,1577,0.09796589785225109,0.1615625985151226,0.26125277099413197,0.47921873263849357,25,50,10
28,1578,0.09941104841800506,0.1615626022173245,0.2598087093014567,0.47921764006321305,25,50,10
28,1579,0.11059019950092228,0.16156243343464058,0.24862972327611313,0.4792176437883257,25,50,10
28,1580,0.11106231077970673,0.16109014037061442,0.24862990505143678,0.4792176437982437,25,50,10
28,1581,0.1110582406392253,0.16109014036749247,0.24862983575396855,0.47922178323931514,25,50,10
28,1582,0.11107207667525158,0.16109014036756247,0.24862984174892958,0.47920794120825794,25,50,10
28,1583,0.11105802773732164,0.1610901403674389,0.24862983383059575,0.4792219980646454,25,50,10
28,1584,0.1110640166744394,0.16109014036745542,0.24862983401667627,0.47921600894143046,25,50,10
28,1585,0.1119661775470652,0.16018748302342153,0.24863032991997094,0.479216009509544,25,50,10
28,1586,0.11196029349509606,0.16018748302342162,0.2486303299252038,0.4792218935562802,25,50,10
28,1587,0.11196029892348143,0.16018748302342584,0.2486303302636063,0.47922188778948815,25,50,10
28,1588,0.11197031196632654,0.16018747614590506,0.2486203423522789,0.47922186953549123,25,50,10
28,1589,0.11244545563701859,0.1601875994622244,0.24814507577248782,0.47922186912827086,25,50,10
28,1590,0.11104197988804643,0.1601875953817488,0.24954752744642872,0.4792228972837773,25,50,10
28,1591,0.11057225513518963,0.16018759537743116,0.24954715650911513,0.47969299297826545,25,50,10
28,1592,0.11056026874873386,0.16018759537741067,0.2495471560092019,0.4797049798646551,25,50,10
28,1593,0.11056054852595557,0.1601875953774128,0.24954715822744514,0.4797046978691882,25,50,10
28,1594,0.11056061232634841,0.16018759537739188,0.24954715674151923,0.479704635554743,25,50,10
28,1595,0.12060097351458074,0.16018759538564914,0.2394525176440398,0.47975891345573307,25,50,10
28,1596,0.12059890400232325,0.16018965362296786,0.23945252891430194,0.4797589134604096,25,50,10
28,1597,0.12059668381583984,0.16018964753109963,0.2394547551964935,0.47975891345656474,25,50,10
28,1598,0.12096433229644118,0.16099021093343718,0.23828654211384862,0.4797589146562708,25,50,10
28,1599,0.11964354637441145,0.16099020776008025,0.2396033903651349,0.47976285550037123,25,50,10
28,1600,0.11963766149437406,0.16099020776009781,0.23960339163208463,0.4797687391134415,25,50,10
28,1601,0.11978676377521856,0.1609902077715226,0.2396039236406856,0.47961910481257136,25,50,10
28,1602,0.11979278554443196,0.16099020777153972,0.2396039248944019,0.4796130817896248,25,50,10
28,1603,0.11933448066474144,0.1614486845378477,0.23960375299356274,0.4796130818038472,25,50,10
28,1604,0.11975208343606768,0.16144868419944486,0.23919009276951736,0.4796091395949692,25,50,10
28,1605,0.11927733117079865,0.16144843415275564,0.23966509511040657,0.47960913956603834,25,50,10
28,1606,0.11927106225668352,0.1614484341527732,0.23966509340959494,0.47961541018094744,25,50,10
28,1607,0.11912206793373875,0.16144843414131466,0.23966456093297764,0.4797649369919679,25,50,10
28,1608,0.1190826887956777,0.16144843410231066,0.23970394013101998,0.47976493697099315,25,50,10
28,1609,0.1190885752400697,0.16144843410231183,0.23970394026199274,0.4797590503956275,25,50,10
28,1610,0.11804233290405118,0.16144842426102923,0.2406518849495479,0.4798573578853743,25,50,10
28,1611,0.11851219909685262,0.16144842426735825,0.24065231472205506,0.4793870619137363,25,50,10
28,1612,0.11851617142230514,0.16144842426845046,0.24065244474410707,0.4793829595651403,25,50,10
28,1613,0.11852209313189294,0.16144250569815452,0.2406524416002307,0.4793829595697249,25,50,10
28,1614,0.11852616008715573,0.16144250569822616,0.2406524449142313,0.47937888930038974,25,50,10
28,1615,0.11852602383447534,0.16144250569819177,0.24065244240581835,0.47937902806151733,25,50,10
28,1616,0.11852574201720253,0.16144250569815646,0.24065243972111805,0.47937931256352584,25,50,10
28,1617,0.11816417308150177,0.1606421954177762,0.24181432011821372,0.47937931138251044,25,50,10
28,1618,0.08952206822296911,0.16064219154412507,0.2705547699594851,0.4792809702734225,25,50,10
28,1619,0.08952820366390228,0.16065636853738507,0.27053445746192667,0.47928097033678924,25,50,10
28,1620,0.08952812881438837,0.16065636853966736,0.2705347222196767,0.47928078042627076,25,50,10
28,1621,0.08865015198736323,0.16153483457967954,0.27053423356428513,0.4792807798686758,25,50,10
28,1622,0.0881762594356191,0.16153483457342155,0.2705338098752596,0.4797550961157036,25,50,10
28,1623,0.0881924228687236,0.16153483728927365,0.270517623220931,0.4797551166210728,25,50,10
28,1624,0.08819513739436712,0.16153483477205965,0.2705149316446526,0.47975509618892176,25,50,10
28,1625,0.08832851673228141,0.16153483477940142,0.2705153628921691,0.4796212855961491,25,50,10
28,1626,0.08832655358064756,0.16153483477931319,0.27051535654658687,0.4796232550934532,25,50,10
28,1627,0.0883286973327338,0.16153270494584326,0.27051534264692645,0.4796232550744973,25,50,10
28,1628,0.08880928308354247,0.16153270494378869,0.27060331505656365,0.47905469691610575,25,50,10
28,1629,0.09262497579624773,0.15986846959040332,0.268471843392797,0.47903471122054875,25,50,10
28,1630,0.08145971963017763,0.15986846216505698,0.2796371106804611,0.4790347075243007,25,50,10
28,1631,0.08145369319575459,0.1598684621650238,0.2796371123179145,0.47904073232130334,25,50,10
28,1632,0.08146778314590092,0.15986846216511322,0.2796372127538572,0.47902654193512484,25,50,10
28,1633,0.08098114124064139,0.15986846216490172,0.27954897476875984,0.47960142182569304,25,50,10
28,1634,0.08098110865598165,0.15986846216490086,0.27954897368052095,0.4796014554985929,25,50,10
28,1635,0.08085372467245928,0.15986846215754252,0.27954854222914555,0.479729270940849,25,50,10
28,1636,0.08085572007364156,0.15986846215761352,0.27954854950843094,0.4797272682603105,25,50,10
28,1637,0.08085575385583231,0.15986846215764725,0.2795485519136403,0.4797272320728766,25,50,10
28,1638,0.08085579348830253,0.15986846215766443,0.2795485533711972,0.47972719098283234,25,50,10
28,1639,0.08086178266945357,0.1598684621576644,0.2795485533646492,0.4797212018082294,25,50,10
28,1640,0.08088199367451437,0.15986846215784417,0.27954856156174324,0.4797009826058947,25,50,10
28,1641,0.08088385590375444,0.15986846215794995,0.2795485702009464,0.47969911173734564,25,50,10
28,1642,0.08086764100370956,0.15986846215787728,0.2795485990154348,0.4797152978229748,25,50,10
28,1643,0.08086154404904848,0.15986846215782471,0.2795485972171275,0.47972139657599583,25,50,10
28,1644,0.08086153898188543,0.15986846215782405,0.2795485971270983,0.4797214017331888,25,50,10
28,1645,0.08085340700823357,0.15986846215776815,0.27954849950327315,0.4797296313307218,25,50,10
28,1646,0.08085336481133741,0.15986846215775002,0.2795484973615208,0.47972967566938834,25,50,10
28,1647,0.0808700224502258,0.15986846215784523,0.2795485062829774,0.47971300910894904,25,50,10
28,1648,0.08088063398722437,0.15986846215808076,0.27954852375067785,0.4797023801040148,25,50,10
28,1649,0.08088252148353345,0.15986846215813233,0.279548534645163,0.47970048171316937,25,50,10
28,1650,0.08088876168309433,0.15986846215813388,0.2795485358118535,0.4796942403469162,25,50,10
28,1651,0.08087843430078029,0.15986820903417526,0.27955911634294983,0.4796942403220932,25,50,10
28,1652,0.09696114150843414,0.15986821230679965,0.26347640383531556,0.4796942423494491,25,50,10
28,1653,0.094348859734526,0.15986821116086314,0.26608869181766714,0.47969423728694166,25,50,10
28,1654,0.09434686607817167,0.15986821116079342,0.26608868070867486,0.4796962420523581,25,50,10
28,1655,0.09432394764449045,0.15986821096445794,0.2661115994116384,0.47969624197941435,25,50,10
28,1656,0.0943128376600546,0.15985403397089254,0.2661368652940851,0.47969626307496815,25,50,10
28,1657,0.09432067813171724,0.1598461879131136,0.2661368708709363,0.4796962630842338,25,50,10
28,1658,0.09432042976858296,0.15984618791313016,0.26613687004313585,0.4796965122751517,25,50,10
28,1659,0.0943145774669884,0.15984618791298771,0.26613682746222134,0.47970240715780305,25,50,10
28,1660,0.09431447497894474,0.1598461879129689,0.2661368271639282,0.4797025099441589,25,50,10
28,1661,0.09456076257590393,0.1598461881521219,0.2658905392869395,0.47970250998503544,25,50,10
28,1662,0.09420494977782033,0.15984624032373998,0.26564187572267284,0.4803069341757684,25,50,10
28,1663,0.09420487826034493,0.15984624032379346,0.26564187870381034,0.48030700271205257,25,50,10
28,1664,0.09420491369620645,0.15984624032384664,0.26564188257919064,0.4803069634007574,25,50,10
28,1665,0.09421100772934764,0.1598462403238457,0.2656418823765108,0.4803008695702967,25,50,10
28,1666,0.09433849928249087,0.1598462403332315,0.26564231421479695,0.4801729461694812,25,50,10
28,1667,0.09434659188113229,0.15983814108338523,0.26564232086090583,0.4801729461745775,25,50,10
28,1668,0.10130115019201531,0.15984002205105308,0.25929030474855685,0.47956852300837527,25,50,10
28,1669,0.11308371653006927,0.1598400162906329,0.2475077741085292,0.4795684930707691,25,50,10
28,1670,0.11307194872094942,0.15985178391269236,0.24750777429044263,0.47956849307591587,25,50,10
28,1671,0.11307202271244016,0.15985178391271115,0.24750777363898785,0.47956841973586106,25,50,10
28,1672,0.11307608445391319,0.15984772712426862,0.2475077687002897,0.47956841972152875,25,50,10
28,1673,0.11308200451869674,0.15984772712430234,0.24750777115436143,0.4795624972026397,25,50,10
28,1674,0.1130655115142292,0.15984772712406753,0.2475077537409173,0.4795790076207861,25,50,10
28,1675,0.0979354661896701,0.15984786112151345,0.2626376657794651,0.4795790069093521,25,50,10
28,1676,0.09793360274409124,0.15984786112140734,0.2626376571563334,0.47958087897816803,25,50,10
28,1677,0.09793199967359748,0.1598481968462531,0.26263892418068674,0.47958087929946436,25,50,10
28,1678,0.09744927086866119,0.159848059652295,0.2631217906189706,0.4795808788600748,25,50,10
28,1679,0.09744320827555855,0.15984805965229565,0.2631217941048443,0.47958693796730273,25,50,10
28,1680,0.09744310072380472,0.15984805965231316,0.26312179442046557,0.4795870452034179,25,50,10
28,1681,0.09743103324657156,0.15984805965120313,0.2631216601117519,0.4795992469904747,25,50,10
28,1682,0.09719188913817377,0.15984805945496822,0.2633608044365706,0.47959924697028866,25,50,10
28,1683,0.097191991486818,0.15984805945498703,0.26336080487259134,0.4795991441856043,25,50,10
28,1684,0.09718824984687796,0.15984805945500788,0.2633608318484441,0.4796028588496703,25,50,10
28,1685,0.09718211807569524,0.15985419206557494,0.26336083100463037,0.4796028588540995,25,50,10
28,1686,0.09811875456911062,0.15985419206978516,0.26336296227224204,0.47866409108886215,25,50,10
28,1687,0.09811875872967031,0.15985419243241122,0.26336295777345137,0.4786640910644681,25,50,10
28,1688,0.09811875816457856,0.15985419243241153,0.2633629553853939,0.4786640940176172,25,50,10
28,1689,0.12779441485807091,0.15985227528812718,0.23368680629505867,0.4786665035587446,25,50,10
28,1690,0.12778062303742435,0.15985227528903762,0.23370059813872238,0.47866650353481477,25,50,10
28,1691,0.12776691832002807,0.15986598616443884,0.2337005919900684,0.4786665035254641,25,50,10
28,1692,0.12682468174632533,0.15986598616436892,0.2336984676845141,0.479610864404791,25,50,10
28,1693,0.12682503336452286,0.1598659861644231,0.23369846964772806,0.4796105108233254,25,50,10
28,1694,0.12683091838154406,0.15986598616442238,0.2336984696934669,0.47960462576056606,25,50,10
28,1695,0.12681891317525287,0.15987791105086313,0.2336985500086341,0.47960462576524926,25,50,10
28,1696,0.12681299064334986,0.1598779110508471,0.23369855699055342,0.4796105413152484,25,50,10
28,1697,0.1267966226728214,0.1598779110516988,0.23369854350550065,0.479626922769978,25,50,10
28,1698,0.12679045949874593,0.15987791105166285,0.23369854076937785,0.47963308868021215,25,50,10
28,1699,0.11673395866930986,0.1598779111063062,0.2438103622205942,0.4795777680037893,25,50,10
28,1700,0.11673766737606436,0.15987791110624938,0.243810334080743,0.47957408743694246,25,50,10
28,1701,0.11673804916341744,0.15987791110623434,0.2438103345493903,0.4795737051809572,25,50,10
28,1702,0.11766800127687384,0.1589474454421469,0.24381084752540985,0.4795737057555685,25,50,10
28,1703,0.11857583047465195,0.15894744544645104,0.24381137889762086,0.4786653451812752,25,50,10
28,1704,0.1185755839080604,0.15894744544648448,0.24381137830774022,0.4786655923377139,25,50,10
28,1705,0.11858171546585204,0.158947445446466,0.2438113871103633,0.47865945197731774,25,50,10
28,1706,0.11859383713644503,0.15894744544650463,0.24379926465125382,0.478659452765797,25,50,10
28,1707,0.11859975662597126,0.1589474454465199,0.24379926572200472,0.47865353220550433,25,50,10
28,1708,0.11860567724078207,0.1589474454465552,0.2437992682990882,0.4786476090135745,25,50,10
28,1709,0.118593472587667,0.15895974583163142,0.24379917254780392,0.47864760903289766,25,50,10
28,1710,0.1185874452256917,0.15895974583156008,0.2437991683307086,0.4786536406120396,25,50,10
28,1711,0.11859515009795171,0.1589597458316295,0.2437991651461366,0.4786459389242822,25,50,10
28,1712,0.11859471843735675,0.15895975206679722,0.24379959056723555,0.47864593892860974,25,50,10
28,1713,0.11861380414673978,0.19890292061705883,0.20383733624638967,0.47864593898981106,25,50,10
28,1714,0.11832416152902027,0.19890370730329837,0.20412256218355906,0.4786495689841213,25,50,10
28,1715,0.11819673847322142,0.19890370729391257,0.20412212592683449,0.4787774283060306,25,50,10
28,1716,0.1181967309937199,0.19890371520484526,0.2041221255396187,0.47877742826181524,25,50,10
28,1717,0.118204788538731,0.19890371520593206,0.20412213129562948,0.47876936495970646,25,50,10
28,1718,0.11819672946268123,0.1989037152058595,0.20413021233709028,0.4787693429943682,25,50,10
28,1719,0.11818677494861211,0.19890371520596745,0.20413022010823523,0.4787792897371845,25,50,10
28,1720,0.11818288859011844,0.1989037152058073,0.20413020658102224,0.4787831896230513,25,50,10
28,1721,0.11818281710822172,0.1989037858716234,0.20413020739701576,0.4787831896231383,25,50,10
28,1722,0.11817679280608324,0.19890378587157087,0.20413020456865008,0.47878921675369485,25,50,10
28,1723,0.11817682478214703,0.19890378587157723,0.20406133758216857,0.47885805176410623,25,50,10
28,1724,0.11818282251459232,0.19890378587161361,0.20406133790614578,0.4788520537076474,25,50,10
28,1725,0.11842265561288594,0.19890378587484897,0.20406189636470937,0.4786116621475549,25,50,10
28,1726,0.1184225127966595,0.1989037858737965,0.20406189396570748,0.4786118073638357,25,50,10
28,1727,0.11842279302156773,0.1989037858738331,0.2040618966524828,0.4786115244521155,25,50,10
28,1728,0.11840966511057588,0.1989321150015025,0.2040466955065404,0.47861152438138066,25,50,10
28,1729,0.11842336261194361,0.19891841250726752,0.2040467004899813,0.47861152439080706,25,50,10
28,1730,0.11842307658745066,0.1989184125031091,0.20404669125272387,0.47861181965671606,25,50,10
28,1731,0.11842307597418283,0.19891841317915676,0.20404669119011257,0.4786118196565476,25,50,10
28,1732,0.11843975879724977,0.19891841318034026,0.20404678482801966,0.4785950431943899,25,50,10
28,1733,0.11819385236586827,0.19891841317605105,0.20404625240755908,0.4788414820505213,25,50,10
28,1734,0.1181800120624165,0.1989322587498657,0.20404624713736066,0.4788414820503575,25,50,10
28,1735,0.11816610336428368,0.1989461722127575,0.20404624238195207,0.4788414820410071,25,50,10
28,1736,0.11817155641967188,0.1989461722127518,0.20404623975618916,0.4788360316113875,25,50,10
28,1737,0.11941735065814087,0.1989453855168969,0.2028048434401472,0.4788324203848153,25,50,10
28,1738,0.11942334711933672,0.1989453855168643,0.20280481382015902,0.4788264535436403,25,50,10
28,1739,0.11942320960052052,0.19894552469338134,0.20280481217197907,0.4788264535341194,25,50,10
28,1740,0.11942513873844847,0.19894358652950683,0.2028048211886488,0.47882645354339615,25,50,10
28,1741,0.1194309200664955,0.19894358652950747,0.2028048212151835,0.4788206721888139,25,50,10
28,1742,0.119433300711637,0.19894358652958455,0.20280492990798568,0.47881818285079314,25,50,10
28,1743,0.11943329937552255,0.1989435878424267,0.2028049299311746,0.4788181828508765,25,50,10
28,1744,0.11850334968522153,0.19987405102615446,0.20280441701227556,0.47881818227634904,25,50,10
28,1745,0.1185111962230197,0.19986618114859994,0.20280444034259543,0.47881818228578543,25,50,10
28,1746,0.11760350828361563,0.19986618114431492,0.20280391033067954,0.47972640024139024,25,50,10
28,1747,0.11896946392699123,0.20063296392966226,0.20074000401290132,0.4796575681304454,25,50,10
28,1748,0.11897542499837485,0.20063296392973234,0.20074000092828587,0.4796516101436069,25,50,10
28,1749,0.118969399533412,0.20063296392971264,0.2007399994732511,0.4796576370636242,25,50,10
28,1750,0.11896954012334424,0.20063296392974891,0.20074000212255402,0.4796574938243527,25,50,10
28,1751,0.11896771691294702,0.200634795481498,0.20073999378061141,0.47965749382494344,25,50,10
28,1752,0.11897360260242414,0.20062891078840803,0.20073999279417554,0.47965749381499223,25,50,10
28,1753,0.11895171043025869,0.2006289107872659,0.20073990341503842,0.4796794753674369,25,50,10
28,1754,0.1189438278078162,0.20063681490573249,0.20073988192793446,0.47967947535851657,25,50,10
28,1755,0.11893783677809737,0.2006428056167367,0.20073988224664904,0.47967947535851674,25,50,10
28,1756,0.11894362911234298,0.20064280992402328,0.20073408588808805,0.4796794750755455,25,50,10
28,1757,0.11758176986259367,0.19987602713870736,0.20286270965018732,0.47967949334851157,25,50,10
28,1758,0.117687668487484,0.19987602610395552,0.2027568107170496,0.4796794946915112,25,50,10
28,1759,0.11768174680462266,0.1998819487852225,0.20275680971898843,0.4796794946911668,25,50,10
28,1760,0.11768945035209394,0.19988194878530788,0.20275681479630905,0.4796717860662894,25,50,10
28,1761,0.11769992388508702,0.1998816130577599,0.2027466772920252,0.47967178576512937,25,50,10
28,1762,0.117705816846833,0.19987572034615486,0.20274667704622332,0.47967178576079045,25,50,10
28,1763,0.11770675125505878,0.1998757203491918,0.20274574334889106,0.47967178504686,25,50,10
28,1764,0.12101946913419324,0.19987570440046834,0.19943545222212067,0.4796693742432195,25,50,10
28,1765,0.1210196802030809,0.19987570440039693,0.1994354510823524,0.4796691643141714,25,50,10
28,1766,0.12101730321617944,0.19987570440042593,0.19943535015093555,0.4796716422324607,25,50,10
28,1767,0.12101313673183885,0.19987570440047722,0.19943535485044123,0.47967580401724424,25,50,10
28,1768,0.12025016421430838,0.1998757065888935,0.20019791478166085,0.47967621441513925,25,50,10
28,1769,0.12024812106221326,0.19987570658899728,0.20019792652314386,0.47967824582564733,25,50,10
28,1770,0.12024812493613858,0.1998755120121231,0.20019811722617142,0.4796782458255685,25,50,10
28,1771,0.12024826680938219,0.19987536589871738,0.20019812144719634,0.47967824584470564,25,50,10
28,1772,0.10691140070322495,0.19987536621577032,0.21337030674418556,0.479842926336821,25,50,10
28,1773,0.10689654513276205,0.19987536621717353,0.2133851623332017,0.4798429263168643,25,50,10
28,1774,0.10688649665346825,0.19987536621711793,0.21339402555511933,0.4798441115742974,25,50,10
28,1775,0.10688456724867615,0.19987536621703125,0.2133940213437549,0.4798460451905406,25,50,10
28,1776,0.10688827820667159,0.19987164722660225,0.21339402937618715,0.4798460451905421,25,50,10
28,1777,0.10641858088895197,0.1998716428399524,0.21386373167394307,0.4798460445971559,25,50,10
28,1778,0.10641465595332637,0.19987164283999104,0.21386373449415136,0.47984996671253444,25,50,10
28,1779,0.10640267474640573,0.1998716428399904,0.21386373444768003,0.47986194796592635,25,50,10
28,1780,0.10640035995996032,0.19987164283995176,0.21386372858970198,0.47986426861038856,25,50,10
28,1781,0.1063945793965493,0.19987742337994813,0.21386372861311012,0.47986426861039483,25,50,10
28,1782,0.10639072724468354,0.19988128795735474,0.21386371620687789,0.4798642685910863,25,50,10
28,1783,0.10639058663406972,0.199881287957335,0.213863714758996,0.4798644106496017,25,50,10
28,1784,0.10637636740990715,0.1998812879572115,0.21386370580495886,0.47987863882792436,25,50,10
28,1785,0.10631930649257391,0.19988128789789236,0.21392076657169717,0.47987863903783873,25,50,10
28,1786,0.10632526579359013,0.19987532978810976,0.21392076538038168,0.4798786390379201,25,50,10
28,1787,0.10630253196006983,0.19987532972225341,0.21207467820478987,0.4817474601128851,25,50,10
28,1788,0.10629657327606136,0.19988128713108982,0.21207467947970773,0.48174746011313935,25,50,10
28,1789,0.10631079683848878,0.19988128713121459,0.21207468853544506,0.48173322749484987,25,50,10
28,1790,0.10633111283939303,0.1998608276575721,0.21207483197384164,0.4817332275291923,25,50,10
28,1791,0.10633111267818883,0.19986082588600623,0.21207483390694645,0.4817332275288575,25,50,10
28,1792,0.10632711729601282,0.19986082588607726,0.21207484004043248,0.48173721677747666,25,50,10
28,1793,0.1064607006304724,0.19986082588893492,0.21194125473232592,0.4817372187482662,25,50,10
28,1794,0.10646644700326247,0.19986082588891674,0.2119412534053334,0.4817314737024875,25,50,10
28,1795,0.12237004610185204,0.1998608285614879,0.19603765158692943,0.48173147374973174,25,50,10
28,1796,0.13031853993847542,0.1998609752863694,0.18808894780106364,0.4817315369740926,25,50,10
28,1797,0.1303184350130292,0.199861080037617,0.18808894797526224,0.4817315369740927,25,50,10
28,1798,0.13032856268990475,0.19986108003754627,0.1880889444407025,0.48172141283184805,25,50,10
28,1799,0.13034240579188494,0.1998610800375985,0.18808895121242597,0.48170756295809214,25,50,10
28,1800,0.13033652261959391,0.199861080037652,0.18808895511009546,0.48171344223266,25,50,10
28,1801,0.13035032640507535,0.19986108003772265,0.18808896116461774,0.48169963239258556,25,50,10
28,1802,0.1362632494720228,0.19986108004836253,0.1821760722510724,0.48169959822854436,25,50,10
28,1803,0.136269210214838,0.19986108004837974,0.18217607046216158,0.48169363927462255,25,50,10
28,1804,0.13627561912053227,0.199854668400772,0.18217607320356793,0.4816936392751297,25,50,10
28,1805,0.1362676634595481,0.19985466840073754,0.1821760662159252,0.481701601923791,25,50,10
28,1806,0.13626394663595728,0.19985466840046442,0.18047981791704465,0.48340156704653575,25,50,10
28,1807,0.1362638085829599,0.19985466840042995,0.18047981634727706,0.4834017066693348,25,50,10
28,1808,0.13623759970663485,0.19988102037562452,0.18047967327815592,0.4834017066395864,25,50,10
28,1809,0.13623732038093192,0.19988102037562208,0.18047967302641216,0.48340198621703523,25,50,10
28,1810,0.13623731906818415,0.1998810188283496,0.18047967589127925,0.48340198621218833,25,50,10
28,1811,0.13549107177676145,0.19988101948714526,0.18122438391726484,0.48340352481882987,25,50,10
28,1812,0.11331121277561035,0.19988101905713904,0.2034057818123267,0.48340198635492604,25,50,10
28,1813,0.11329740560134588,0.19988101905702077,0.20340577738050322,0.4834157979611323,25,50,10
28,1814,0.11281649208408365,0.1998810274361857,0.20388514859979448,0.48341733187993813,25,50,10
28,1815,0.11282286463800423,0.19988102743602842,0.20388514022361215,0.48341096770235725,25,50,10
28,1816,0.11284103356662971,0.19988102744225256,0.2038852591958662,0.48339267979525297,25,50,10
28,1817,0.11284856549196703,0.19987349196680793,0.20388526273212235,0.48339267980910433,25,50,10
28,1818,0.11283486786733261,0.19988718746544076,0.2038852648383002,0.4833926798289281,25,50,10
28,1819,0.08668219404307825,0.19988720353150524,0.228958132818889,0.48447246960652846,25,50,10
28,1820,0.08670646098975433,0.19988720353280853,0.2289581553531185,0.4844481801243198,25,50,10
28,1821,0.08668243659380494,0.19988720353153966,0.22895813433015988,0.48447222554449676,25,50,10
28,1822,0.08668222499109929,0.19988720353148737,0.2289581325278379,0.48447243894957703,25,50,10
28,1823,0.08666852557368931,0.19988720353150805,0.22895813110384153,0.48448613979096167,25,50,10
28,1824,0.08666852011765097,0.1998872035314545,0.2289581271954088,0.48448614915548627,25,50,10
28,1825,0.08666841526625645,0.19988720353143732,0.22895812696752707,0.4844862542347795,25,50,10
28,1826,0.08666844678643479,0.19988720353143763,0.228958128184908,0.4844862214972199,25,50,10
28,1827,0.08667261379615616,0.19988720353140318,0.2289581247741176,0.4844820578983244,25,50,10
28,1828,0.0866545844716289,0.19988720352521505,0.2289580084084539,0.4845002035947035,25,50,10
28,1829,0.12511109955585206,0.19988718714809595,0.19174025199175976,0.4832614613042926,25,50,10
28,1830,0.12511336593412464,0.19988718714817177,0.1917402543998733,0.4832591925178303,25,50,10
28,1831,0.12512345205226924,0.19987704591209357,0.19174030952713383,0.4832591925085034,25,50,10
28,1832,0.1251193199829984,0.199877045912164,0.19174031558148408,0.48326331852335364,25,50,10
28,1833,0.12511931999465098,0.19987704591216493,0.19174031565850055,0.4832633184346836,25,50,10
28,1834,0.12514118589862552,0.19985494219086938,0.19174055316577765,0.48326331874472755,25,50,10
28,1835,0.1255692488875581,0.19985493182635966,0.1913144021825124,0.48326141710357007,25,50,10
28,1836,0.08682655293429456,0.1998549318134279,0.2300628450685075,0.4832556701837698,25,50,10
28,1837,0.0868402508907603,0.19985493181347852,0.230062849704904,0.48324196759085697,25,50,10
28,1838,0.08682634250043239,0.1998549318133919,0.2300628455295545,0.48325588015662096,25,50,10
28,1839,0.08682448414992033,0.19985493181330521,0.23006283829499666,0.4832577457417775,25,50,10
28,1840,0.08683243410343076,0.19985493181337552,0.2300628443026289,0.48324978978056443,25,50,10
28,1841,0.0812510354210022,0.19985493623579764,0.23564423890576097,0.4832497894374388,25,50,10
28,1842,0.08510049392145337,0.19985500546317816,0.23179422960234244,0.48325027101302565,25,50,10
28,1843,0.08510060026032225,0.19985500546314308,0.2317942290518993,0.48325016522463476,25,50,10
28,1844,0.08508438962949255,0.19985500546290833,0.23179421515413268,0.483266389753466,25,50,10
28,1845,0.0850783623593258,0.1998550054629803,0.23179421845851014,0.4832724137191833,25,50,10
28,1846,0.08507836277076762,0.19985500546301194,0.23179421567502181,0.48327241609119814,25,50,10
28,1847,0.08508018732584238,0.1998550054630636,0.23179422034580452,0.483270586865289,25,50,10
28,1848,0.08633538128630043,0.19985493170175472,0.23053962240076387,0.48327006461118044,25,50,10
28,1849,0.08633538022522723,0.19985493478027672,0.2305396203832341,0.4832700646112615,25,50,10
28,1850,0.08635371176110074,0.19985493478249075,0.23053973555220092,0.4832516179042072,25,50,10
28,1851,0.0863597748681491,0.19985493478248983,0.23053973424012333,0.48324555610923725,25,50,10
28,1852,0.08635966548774572,0.19985523458557997,0.23053954381744135,0.4832455561092324,25,50,10
28,1853,0.08636747972807089,0.19985523458561466,0.23053954724494372,0.4832377384413703,25,50,10
28,1854,0.086373473055698,0.19985523458557997,0.23053954672121194,0.4832317456375103,25,50,10
28,1855,0.08637967739124465,0.19984903027561005,0.2305395466957203,0.4832317456374252,25,50,10
28,1856,0.08637196892360854,0.1998490302755228,0.23053954144536218,0.4832394593555066,25,50,10
28,1857,0.08685810370189131,0.19984903042963,0.23355434996724903,0.4797385159012297,25,50,10
28,1858,0.08683602673514182,0.1998713449472651,0.2335541127263297,0.47973851559126296,25,50,10
28,1859,0.08682965421397057,0.199877768569189,0.2335540616264594,0.4797385155903807,25,50,10
28,1860,0.08683600035722858,0.19987142122248558,0.2335540628296464,0.4797385155906392,25,50,10
28,1861,0.08683600039948886,0.19987141433020128,0.23355406967958545,0.4797385155907242,25,50,10
28,1862,0.08635835448259721,0.199871416399012,0.23409955659281895,0.4796706725255715,25,50,10
28,1863,0.0862637127767579,0.19987141640189507,0.23419419908956582,0.47967067173178257,25,50,10
28,1864,0.08622676152692815,0.19987141647245413,0.23423115144609902,0.47967067055452,25,50,10
28,1865,0.08622697372267597,0.19987141647256051,0.23423115610831055,0.47967045369645406,25,50,10
28,1866,0.08749979464216256,0.1998714235196427,0.23295829632335066,0.4796704855148438,25,50,10
28,1867,0.08750557724546267,0.19987142351958728,0.2329582923179164,0.47966470691703333,25,50,10
28,1868,0.1100429454552573,0.19987142358949087,0.2104193534304283,0.47966627752482693,25,50,10
28,1869,0.08635407822192372,0.1998712743767984,0.23410809652102293,0.4796665508802605,25,50,10
28,1870,0.09831294344377682,0.1998715736783279,0.222149267944091,0.47966621493380784,25,50,10
28,1871,0.09875744497206168,0.1998715733847564,0.22170633777013152,0.4796646438730541,25,50,10
28,1872,0.09888642817237399,0.19974210639271803,0.2217068204225315,0.47966464501238015,25,50,10
28,1873,0.09888360153865534,0.19974210417091606,0.2217096497303719,0.4796646445600599,25,50,10
28,1874,0.09887915310459817,0.19974210417101798,0.2217096549595785,0.479669087764809,25,50,10
28,1875,0.09887915372884334,0.1997421041710186,0.22170965500735726,0.47966908709278433,25,50,10
28,1876,0.09887275803138956,0.19974210412578855,0.22171605077977055,0.4796690870630565,25,50,10
28,1877,0.09887860767768408,0.19973623917258018,0.22171606605310593,0.4796690870966349,25,50,10
28,1878,0.09926283610920575,0.19973623919120967,0.22171730113636262,0.4792836235632267,25,50,10
28,1879,0.09925856384053772,0.19973623919129627,0.22171730638666584,0.4792878905815047,25,50,10
28,1880,0.09888022535723956,0.19973623917270086,0.221716073792427,0.4796674616776371,25,50,10
28,1881,0.09888250748023968,0.19973623917254382,0.22171606249159953,0.4796651908556215,25,50,10
28,1882,0.09888250945988057,0.19973623917254418,0.2217160624751355,0.4796651888924442,25,50,10
28,1883,0.09889537690058323,0.19973623221193326,0.22170323434805794,0.4796651565394299,25,50,10
28,1884,0.09913788685359862,0.1997503707182182,0.2214465852545606,0.47966515717362673,25,50,10
28,1885,0.09911893278651192,0.19975037053495495,0.22146554146364353,0.47966515521489383,25,50,10
28,1886,0.10121136953453373,0.20048185142416905,0.2186416208447416,0.47966515819655986,25,50,10
28,1887,0.10120530555742685,0.2004879147132755,0.21864162153249034,0.4796651581968115,25,50,10
28,1888,0.10120737314113232,0.20048530563593073,0.21864216304041448,0.47966515818252586,25,50,10
28,1889,0.10120166154428553,0.20048530563605585,0.21864217126106802,0.479670861558594,25,50,10
28,1890,0.10119577873008677,0.2004853056360556,0.21864217116840037,0.47967674446546016,25,50,10
28,1891,0.10119585167185031,0.20048523393823037,0.21864216992454516,0.4796767444653768,25,50,10
28,1892,0.10117762372491546,0.2004852339360338,0.2186420550503071,0.47969508728874577,25,50,10
28,1893,0.09555687409885155,0.20048543117728315,0.22426372511605713,0.4796939696078082,25,50,10
28,1894,0.09527786207565196,0.20048543120152348,0.2245424593325442,0.4796942473902805,25,50,10
28,1895,0.09527806827533158,0.20048543120145307,0.22454245621928856,0.47969404430392665,25,50,10
28,1896,0.09529197724957085,0.20048543120153808,0.2245424613688517,0.4796801301800385,25,50,10
28,1897,0.09529191211061974,0.20048549823346717,0.22454245947620616,0.4796801301797061,25,50,10
28,1898,0.09529755024949306,0.20048549823337794,0.2245424529431415,0.47967449857398664,25,50,10
28,1899,0.09529783290146661,0.20048523294332773,0.22454243561488257,0.4796744985403221,25,50,10
28,1900,0.06910241494667017,0.20048523301458826,0.25073808303482337,0.4796742690039171,25,50,10
28,1901,0.06723945315457346,0.19973961354791755,0.2533466670468189,0.47967426625068954,25,50,10
28,1902,0.06723934528441126,0.19973961354789999,0.25334666676044054,0.47967437440724753,25,50,10
28,1903,0.06723934788410597,0.19973961091364803,0.25334666679498846,0.47967437440725663,25,50,10
28,1904,0.09420788286026584,0.19973935729392028,0.2263783860399298,0.4796743738058835,25,50,10
28,1905,0.09420763294043498,0.1997393572939369,0.22637838517075157,0.47967462459487564,25,50,10
28,1906,0.09420143077989451,0.1997393572939366,0.22637838617887415,0.479680825747294,25,50,10
28,1907,0.09419533417137269,0.19973935729241937,0.22638448273076772,0.47968082580544047,25,50,10
28,1908,0.09420331653359686,0.19973935729248976,0.22638448880467035,0.47967283736924415,25,50,10
28,1909,0.05805640009628304,0.19974023643469402,0.26251480792633036,0.4796885555426907,25,50,10
28,1910,0.05805019633398671,0.1997402364346949,0.26251480799794263,0.4796947592333735,25,50,10
28,1911,0.05806413836360451,0.1997402364347634,0.2625148139217503,0.479680811279879,25,50,10
28,1912,0.05777386808074194,0.19974003918305186,0.2628044882620213,0.4796816044741813,25,50,10
28,1913,0.057773868645656694,0.19974003918305214,0.26280460412808426,0.47968148804320426,25,50,10
28,1914,0.05811435989766672,0.1993996109478114,0.26280454165743555,0.47968148749708467,25,50,10
28,1915,0.05811439379646709,0.1993996109478295,0.26280454296617267,0.4796814522895291,25,50,10
28,1916,0.04472006024516155,0.19939961085247979,0.27619886626955187,0.47968146263280675,25,50,10
28,1917,0.04099998437645316,0.19939873170450917,0.27993554000273896,0.4796657439162979,25,50,10
28,1918,0.04100019979885712,0.1993987317044729,0.2799355424622412,0.4796655260344287,25,50,10
28,1919,0.041004307389915055,0.1993987317056083,0.2799322819335634,0.4796646789709131,25,50,10
28,1920,0.046666684127895215,0.1993987317233862,0.2742699032454372,0.47966468090327896,25,50,10
28,1921,0.04666647134961,0.19939894493730662,0.27426990280980484,0.47966468090327574,25,50,10
28,1922,0.04666622601121729,0.1993989449371995,0.27426989598066964,0.4796649330709115,25,50,10
28,1923,0.046672571585182926,0.1993989449371995,0.27426989801811413,0.47965858545950124,25,50,10
28,1924,0.04667253717962441,0.19939894493718013,0.27426989659285794,0.47965862129033526,25,50,10
28,1925,0.04667680935025027,0.19939894493709281,0.2742697754792264,0.4796544702334283,25,50,10
28,1926,0.0471404691224244,0.19939894494542754,0.27427019451623774,0.479190391415908,25,50,10
28,1927,0.0471326578036871,0.19939894494541194,0.27427019241653666,0.4791982048343626,25,50,10
28,1928,0.04713861029641154,0.19939298881656609,0.2742701960524104,0.47919820483461095,25,50,10
28,1929,0.04715536001311315,0.19939298881871412,0.2742702634749504,0.4791813876932213,25,50,10
28,1930,0.041436636435704395,0.1993929509245654,0.2797630511140492,0.47940736152567937,25,50,10
28,1931,0.04099911448000581,0.19939295118245698,0.280200573640342,0.4794073606971939,25,50,10
28,1932,0.04100517829399555,0.19939295118245887,0.2802005717147971,0.479401298808747,25,50,10
28,1933,0.040947724942727845,0.1993929511823317,0.28025808361540955,0.47940124025953035,25,50,10
28,1934,0.040943665393648826,0.19939755791757632,0.2802575364294848,0.47940124025928976,25,50,10
28,1935,0.04093571475612425,0.19939755791752414,0.2802575307540638,0.4794091965722883,25,50,10
28,1936,0.04090125394483324,0.19939755987296562,0.2802919896247624,0.4794091965574392,25,50,10
28,1937,0.04090896309077039,0.19939755987303445,0.2802919945804574,0.479401482455738,25,50,10
28,1938,0.040914919738089466,0.19939755987307411,0.280291997499303,0.47939552288953374,25,50,10
28,1939,0.04091708902230268,0.19939538605924384,0.2802920020283634,0.4793955228900901,25,50,10
28,1940,0.04091534550457468,0.19939563995708365,0.2802934916412432,0.47939552289709847,25,50,10
28,1941,0.04090932564239888,0.1993956399570299,0.2802934877526146,0.47940154664795576,25,50,10
28,1942,0.04138417201028537,0.19939563995720963,0.28029378674317934,0.47892640128932484,25,50,10
28,1943,0.04138014509217067,0.19939563995727938,0.2802937927842147,0.4789304221663351,25,50,10
28,1944,0.04137415537412678,0.19939563995729506,0.2802937938843775,0.47893641078420063,25,50,10
28,1945,0.0409340771452572,0.19939563994918938,0.28029339022521665,0.4793768926803367,25,50,10
28,1946,0.040936745658021474,0.1993956399513206,0.2802934475631201,0.47937416682753764,25,50,10
28,1947,0.04093291101084073,0.1993957243200693,0.2802962237231404,0.4793751409459483,25,50,10
28,1948,0.0414165110534656,0.1993957243283674,0.28029673948792233,0.47889102513024345,25,50,10
28,1949,0.04185828850718851,0.19939572433254127,0.28029709799173735,0.4784488891685317,25,50,10
28,1950,0.059605909330871565,0.1993957243800521,0.2600004056415989,0.4809979606474766,25,50,10
28,1951,0.06618501160262837,0.19939571653049332,0.25364722152041697,0.4807720503464604,25,50,10
28,1952,0.06617901902767293,0.19939571653043855,0.25364722053864797,0.48077804390323925,25,50,10
28,1953,0.0661849911275339,0.19939584293250398,0.2536405199466347,0.48077864599332526,25,50,10
28,1954,0.06616912477702415,0.1993958429324896,0.2536405191304685,0.4807945131600156,25,50,10
28,1955,0.06616699885097119,0.19939796982523908,0.2536405181449643,0.4807945131788238,25,50,10
28,1956,0.06615676141938498,0.19939796982304056,0.2536404569872889,0.48080481177028417,25,50,10
28,1957,0.06616899283479045,0.19939788553410442,0.25362928469227425,0.4808038369388292,25,50,10
28,1958,0.06617309437184872,0.19939788553403534,0.2536292803643149,0.48079973972979906,25,50,10
28,1959,0.06617908578292134,0.19939788553405255,0.253629280602713,0.48079374808031117,25,50,10
28,1960,0.06617498063767703,0.19940198873029424,0.2536292825568797,0.4807937480751472,25,50,10
28,1961,0.06618135897484664,0.1994019887304007,0.25362938310167693,0.4807872691930737,25,50,10
28,1962,0.06612433470353554,0.1994019887244827,0.2536864630219144,0.48078721355006526,25,50,10
28,1963,0.06612243711139663,0.1994038908033174,0.25368645854407157,0.4807872135412119,25,50,10
28,1964,0.06612050725868217,0.199403890803231,0.2536864533607428,0.4807891485773432,25,50,10
28,1965,0.06612075583874784,0.1994038908043031,0.25368645539373064,0.4807888979632176,25,50,10
28,1966,0.0661100657804546,0.19940389080226392,0.25368639237342533,0.48079965104385514,25,50,10
28,1967,0.06611609502317792,0.19939786377638033,0.25368639015701044,0.48079965104343025,25,50,10
28,1968,0.06613620605800363,0.1993978640197066,0.2536662785725874,0.48079965134970154,25,50,10
28,1969,0.06613017877291572,0.1993978640195633,0.25366626806793485,0.4808056891395854,25,50,10
28,1970,0.0661483398717028,0.1993978640217589,0.2536663576031848,0.48078743850335265,25,50,10
28,1971,0.06614213073767657,0.1993978640206852,0.2536663538448053,0.48079365139683206,25,50,10
28,1972,0.06651778662182188,0.19939786402445464,0.25329069688694383,0.4807936524667787,25,50,10
28,1973,0.06651533318428847,0.19939786402448867,0.2532906095304704,0.48079619326075146,25,50,10
28,1974,0.06650958352655696,0.19939786402452458,0.25329061209623255,0.4808019403526854,25,50,10
28,1975,0.06603383506694709,0.1998740419727486,0.2532901831966506,0.4808019397636528,25,50,10
28,1976,0.06603974903122917,0.1998740419727673,0.25329018452180546,0.480796024474197,25,50,10
28,1977,0.06078755335315572,0.19987404226012243,0.258542381005366,0.4807960233813566,25,50,10
28,1978,0.060781743515250765,0.1998798547649641,0.2585423783337344,0.48079602338605193,25,50,10
28,1979,0.0608200420639569,0.19987984713878124,0.25850408742726744,0.48079602336999566,25,50,10
28,1980,0.06033920150253366,0.1998798471386381,0.25850378605742874,0.48127716530140097,25,50,10
28,1981,0.06034347598053528,0.1998755779084073,0.2585037808238522,0.4812771652872066,25,50,10
28,1982,0.0603496370957104,0.19986941367022357,0.25850378393233897,0.48127716530172876,25,50,10
28,1983,0.06034336758368704,0.19986941367023953,0.25850378228313514,0.4812834364629395,25,50,10
28,1984,0.07672709728231968,0.19986941429497734,0.24212000447383886,0.4812834839488638,25,50,10
28,1985,0.07672738372411961,0.19986941429503313,0.24212003273959262,0.481283169241254,25,50,10
28,1986,0.07673176754509625,0.19986928886474065,0.24211637562547544,0.4812825679646866,25,50,10
28,1987,0.07624847501184634,0.1998692888573095,0.24259966923975956,0.4812825668910826,25,50,10
28,1988,0.06174051948986935,0.1998742726667635,0.2570996328142079,0.4812855750291572,25,50,10
28,1989,0.061742234320655766,0.19987255109215799,0.2570996395438401,0.48128557504334424,25,50,10
28,1990,0.07681764938374999,0.19987255106074342,0.2445451299255173,0.47876466962998654,25,50,10
28,1991,0.07681757717858458,0.19987255106072552,0.24454513453162885,0.47876473722905827,25,50,10
28,1992,0.07689284816647439,0.1998725509415491,0.24446987133850684,0.478764729553467,25,50,10
28,1993,0.07689898730360277,0.19987255094153408,0.2444698723073981,0.47875858944746225,25,50,10
28,1994,0.07689303476116145,0.19987849715256303,0.24446987862383818,0.47875858946243455,25,50,10
28,1995,0.07642753471544679,0.1998784971481595,0.24446950263025982,0.4792244655061306,25,50,10
28,1996,0.07641130367644798,0.19987849714605088,0.24446941832650526,0.47924078085099303,25,50,10
28,1997,0.0764113758534111,0.19987849714606687,0.24446941744046086,0.47924070956005865,25,50,10
28,1998,0.038752702309340144,0.1998784973291413,0.28212785705460225,0.4792409433069129,25,50,10
28,1999,0.038746851366643124,0.19987849732917826,0.28212785975979054,0.4792467915443849,25,50,10
28,2000,0.03875487861907468,0.19987849732914104,0.2821278625446047,0.47923876150717754,25,50,10
28,2001,0.03876871514456828,0.19986465535647668,0.28212786798693934,0.4792387615120135,25,50,10
28,2002,0.038766890917337336,0.19986648582048666,0.28212786176911336,0.4792387614930603,25,50,10
28,2003,0.03873230033445308,0.19986648549748562,0.28216245300541337,0.47923876116264585,25,50,10
28,2004,0.03897632448703585,0.19986648550525132,0.2819184283004722,0.47923876170724017,25,50,10
28,2005,0.03897642944506624,0.1998663801553365,0.28191842868258865,0.479238761717008,25,50,10
28,2006,0.03897852838518981,0.19986638015546213,0.2819184594509269,0.47923663200842065,25,50,10
28,2007,0.03897852598519005,0.1998663801554624,0.2819184594577763,0.47923663440157044,25,50,10
28,2008,0.028140689697378363,0.1998663804172593,0.29278444463475944,0.47920848525060333,25,50,10
28,2009,0.02814093350448057,0.1998663804172596,0.29278444468810894,0.4792082413901514,25,50,10
28,2010,0.028141071613567346,0.19986638041727717,0.2927844459222915,0.4792081020468638,25,50,10
28,2011,0.02813932525693661,0.19986638041721064,0.29278444375836243,0.4792098505674898,25,50,10
28,2012,0.028139357278538585,0.19986621117295375,0.29278458097158416,0.4792098505769231,25,50,10
28,2013,0.021764520021264833,0.1998671799304408,0.29915843435060624,0.4792098656976877,25,50,10
28,2014,0.021764629757002926,0.19986706997203346,0.29915843458755037,0.47920986568341284,25,50,10
28,2015,0.021764642629225353,0.1998671849075447,0.2991583067507179,0.4792098657125117,25,50,10
28,2016,0.021768353749143664,0.19986345820590415,0.29915832232326406,0.4792098657216878,25,50,10
28,2017,0.021721814605124724,0.19986345790899818,0.2992048619517254,0.47920986553414735,25,50,10
28,2018,0.021735471662626585,0.1998498019048804,0.29920486089410925,0.47920986553838074,25,50,10
28,2019,0.05977835118680597,0.19984980191565968,0.2611619797983703,0.4792098670991637,25,50,10
28,2020,0.06098948762475803,0.19984980351657797,0.25995083355212145,0.47920987530654224,25,50,10
28,2021,0.060983282334865684,0.19984980351650286,0.2599508038755011,0.4792161102731305,25,50,10
28,2022,0.05582855730117195,0.19984980209347294,0.26510553428797345,0.4792161063173818,25,50,10
28,2023,0.05581657843799641,0.19986178095878845,0.2651055342906696,0.4792161063125458,25,50,10
28,2024,0.07913195943457203,0.19986081233372585,0.24178927572687184,0.47921795250483024,25,50,10
28,2025,0.07915809702691501,0.19986081233807793,0.24178945141416122,0.4791916392208448,25,50,10
28,2026,0.07926791168466576,0.19975082908092934,0.24178962002274923,0.4791916392116546,25,50,10
28,2027,0.07927207920171236,0.19974666535542998,0.24178961623603712,0.4791916392068194,25,50,10
28,2028,0.08306040238140082,0.1997466653845918,0.23800149293431588,0.47919143929968977,25,50,10
28,2029,0.11678951378223096,0.1997466660309675,0.2042724128038994,0.47919140738290095,25,50,10
28,2030,0.1170523198282846,0.19974690677265694,0.20400936203694875,0.4791914113621077,25,50,10
28,2031,0.11701220134442254,0.1997469067682536,0.20400917967367516,0.4792317122136467,25,50,10
28,2032,0.11700617724708402,0.1997529335203979,0.20400917702840718,0.4792317122041089,25,50,10
28,2033,0.1170024331778,0.19975293352029372,0.20400916346903958,0.4792354698328651,25,50,10
28,2034,0.1170084296910806,0.19975293352027745,0.20400916333087848,0.47922947345776173,25,50,10
28,2035,0.11512450670175517,0.19974794909850865,0.20590112567408592,0.47922641852564896,25,50,10
28,2036,0.11513074141107917,0.19974794909852733,0.20590112418997117,0.4792201853004214,25,50,10
28,2037,0.11645106728718735,0.19974794908827062,0.20458079874177776,0.4792201848827631,25,50,10
28,2038,0.11644479377866135,0.19975422558077174,0.20458079575338334,0.4792201848871827,25,50,10
28,2039,0.11645835089130782,0.1997542255808048,0.20458079902187346,0.4792066245060132,25,50,10
28,2040,0.11645820884307152,0.19975422558080325,0.20458079786368594,0.4792067677124382,25,50,10
28,2041,0.11647190412145697,0.19975422558085232,0.2045808023729169,0.47919306792477273,25,50,10
28,2042,0.11646395467894742,0.19976218053463435,0.20458079686623085,0.47919306792018573,25,50,10
28,2043,0.11680976639833761,0.19976193216941948,0.2042352315236579,0.4791930699085833,25,50,10
28,2044,0.11680376993485483,0.1997619321694373,0.20423523185099018,0.479199066044716,25,50,10
28,2045,0.11078182796003595,0.19976193299664305,0.21025678526064456,0.479199453782675,25,50,10
28,2046,0.11077579733219628,0.19976193202522502,0.21026281773692507,0.4791994529056553,25,50,10
28,2047,0.11076979891010588,0.19976193202524126,0.21026281787557033,0.47920545118908386,25,50,10
28,2048,0.11076979888824376,0.1997619320587348,0.2102628178639341,0.47920545118908836,25,50,10
28,2049,0.11089443361221767,0.1997619320638261,0.21013818194977624,0.4792054523741804,25,50,10
28,2050,0.11088445077230892,0.19976193206389897,0.21013818821504995,0.4792154289487421,25,50,10
28,2051,0.11089034666242491,0.19976193206393533,0.21013818825599262,0.4792095330176467,25,50,10
28,2052,0.08045256483620467,0.1997619318667872,0.24057597675182726,0.47920952654517945,25,50,10
28,2053,0.08145306764228533,0.1997619314605898,0.23957732457121786,0.47920767632590533,25,50,10
28,2054,0.08145895164525913,0.19976193146058818,0.2395773244661897,0.4792017924279619,25,50,10
28,2055,0.08146690601672317,0.19976193146063917,0.23957733008764978,0.4791938324349867,25,50,10
28,2056,0.08146932436365262,0.19975952826555562,0.23957731495467655,0.47919383241611413,25,50,10
28,2057,0.08158280386912985,0.19964594735151994,0.23957741636256355,0.4791938324167856,25,50,10
28,2058,0.08158273282766966,0.19964594735150365,0.23957741724512577,0.4791939025756997,25,50,10
28,2059,0.08158837287796547,0.19964594735148483,0.23957741585013095,0.4791882639204171,25,50,10
28,2060,0.08157838570921161,0.1996459473515737,0.2395774222925363,0.4791982446466767,25,50,10
28,2061,0.08158060145434104,0.19964594735124824,0.23957520655813916,0.47919824463626964,25,50,10
28,2062,0.08146709529681115,0.1997595518322468,0.23957510822087097,0.4791982446500691,25,50,10
28,2063,0.08016271101358362,0.19975955183633545,0.24087949223420124,0.47919824491587804,25,50,10
28,2064,0.08015682697246622,0.19976543618960543,0.24087949192654715,0.47919824491137974,25,50,10
28,2065,0.08015047859917225,0.19977178979924326,0.24087948670483983,0.4791982448967431,25,50,10
28,2066,0.08015015677835487,0.19977178979923876,0.24087948567831133,0.479198567744094,25,50,10
28,2067,0.08596256756176468,0.19977186231658972,0.23506736133188905,0.479198208789756,25,50,10
28,2068,0.08596256802677671,0.1997718623166085,0.23506736264962985,0.47919820700698396,25,50,10
28,2069,0.08598130552886359,0.19977186231063176,0.23504859173910903,0.4791982404213947,25,50,10
28,2070,0.08598316302551348,0.1997699972627797,0.23504859927160876,0.47919824044009685,25,50,10
28,2071,0.08183818915545413,0.19976999726912287,0.23919357312963757,0.47919824044578585,25,50,10
28,2072,0.08183229322151311,0.1997699972690856,0.23919357299522367,0.47920413651417787,25,50,10
28,2073,0.0818344311004817,0.19976999726892605,0.2391935605196802,0.4792020111109121,25,50,10
28,2074,0.0818344002584051,0.1997699972688907,0.23919355892658584,0.47920204354611784,25,50,10
28,2075,0.08183033701652741,0.19976999726892422,0.23919356434256112,0.4792061013719865,25,50,10
28,2076,0.08182851686554876,0.19976999726898076,0.23919357453642254,0.4792079113290473,25,50,10
28,2077,0.08182879570561476,0.19976999726901795,0.2391935772882206,0.4792076297371463,25,50,10
28,2078,0.08183037402212014,0.19976999726905142,0.23919358059405182,0.4792060481147763,25,50,10
28,2079,0.0814609791473119,0.19976999714542232,0.2395629775850555,0.4792060461222114,25,50,10
28,2080,0.10417384447282357,0.19976976056913742,0.216850332706533,0.47920606225150747,25,50,10
28,2081,0.10405192257642931,0.1997697610735045,0.2169722552585601,0.4792060610915084,25,50,10
28,2082,0.10358610993853165,0.19976976872992366,0.2174380447321524,0.4792060765993946,25,50,10
28,2083,0.10558836999844656,0.19976977413155494,0.21543578546944173,0.4792060704005593,25,50,10
28,2084,0.10547850922200412,0.19987981288391868,0.21543560752302807,0.47920607037105173,25,50,10
28,2085,0.10595427996033699,0.19987981289019366,0.21543609928047555,0.47872980786899577,25,50,10
28,2086,0.10549062815058545,0.19987981288393708,0.21543560887328458,0.47919395009219484,25,50,10
28,2087,0.10549105179503371,0.19987981288393925,0.2154356141728459,0.47919352114818264,25,50,10
28,2088,0.10548920354336701,0.19987981288388795,0.21543560756092814,0.479195376011818,25,50,10
28,2089,0.10501943866332059,0.19987981287567774,0.21543509815234585,0.47966565030865743,25,50,10
28,2090,0.10502518403642126,0.19987981287564138,0.2154350954974101,0.4796599075905295,25,50,10
28,2091,0.10503106870926462,0.19987392815421987,0.21543509554599127,0.4796599075905265,25,50,10
28,2092,0.10503117162362235,0.19987382086274186,0.21543509992277302,0.47965990759086474,25,50,10
28,2093,0.10067427270273292,0.1998738128079268,0.21979201341386934,0.4796599010754729,25,50,10
28,2094,0.10067655687358913,0.19987381280775005,0.21979200375875532,0.4796576265599075,25,50,10
28,2095,0.10067067089706834,0.19987381280775005,0.21979200376098365,0.4796635125341999,25,50,10
28,2096,0.10066285997354213,0.19987381280767993,0.2197919978433465,0.47967132937543333,25,50,10
28,2097,0.10064803178816684,0.19987382002035806,0.21980681882179173,0.4796713293696843,25,50,10
28,2098,0.10064189534064232,0.19987382002037463,0.21980681495616283,0.4796774696828212,25,50,10
28,2099,0.06743561575193398,0.19987381316510158,0.2530131061979489,0.4796774648850175,25,50,10
28,2100,0.06253961017321046,0.19987381236542748,0.2579091505399635,0.4796774269214007,25,50,10
28,2101,0.06269065118911231,0.19987381256387907,0.25775810833337703,0.47967742791363227,25,50,10
28,2102,0.06269653581783767,0.19986792785249136,0.25775810841612656,0.47967742791354534,25,50,10
28,2103,0.061504857885447226,0.19986792794974853,0.25894978559056697,0.47967742857423823,25,50,10
28,2104,0.061505146509944,0.19986792082372978,0.2589495040865315,0.4796774285797951,25,50,10
28,2105,0.061508430218781614,0.19986792031444783,0.2589462209025861,0.4796774285641806,25,50,10
28,2106,0.06152448294405359,0.19986792031450523,0.25894622914598797,0.47966136759544903,25,50,10
28,2107,0.06152476277104591,0.19986763736793123,0.25894623226532393,0.47966136759569517,25,50,10
28,2108,0.061525154975697195,0.1998676373563863,0.2589458381069512,0.47966136956096156,25,50,10
28,2109,0.06153107510773542,0.1998676373564047,0.2589458394234295,0.4796554481124266,25,50,10
28,2110,0.06152305334125889,0.19986763735637186,0.25894583614953687,0.47966347315282865,25,50,10
28,2111,0.06154501895292282,0.19986763735653376,0.2589458498059443,0.47964149388459537,25,50,10
28,2112,0.06153888736727661,0.19986763735649782,0.2589458480767297,0.47964762719949183,25,50,10
28,2113,0.06154941190613321,0.19986763735684124,0.258935323086098,0.4796476276509241,25,50,10
28,2114,0.06154951795523478,0.19986763735685906,0.2589353234001991,0.4796475212877035,25,50,10
28,2115,0.061548800091028,0.1998676372803665,0.258936043307296,0.47964751932130606,25,50,10
28,2116,0.0615447753637594,0.19987165542275598,0.25893604988740926,0.47964751932607236,25,50,10
28,2117,0.06154287755527146,0.19987355854256744,0.2589360445949716,0.4796475193071867,25,50,10
28,2118,0.061542806504252895,0.19987355854255118,0.258936045903386,0.4796475890498073,25,50,10
28,2119,0.061446770018176416,0.19987355835163545,0.2590320835624809,0.47964758806770597,25,50,10
28,2120,0.06145461490840854,0.19987355835170575,0.25903208753239926,0.47963973920748537,25,50,10
28,2121,0.06146894436548176,0.19987355835184867,0.25903209642127073,0.4796254008613976,25,50,10
28,2122,0.08056202044936274,0.19987355701795914,0.23993901113655888,0.4796254113961178,25,50,10
28,2123,0.08069547272871373,0.1997397292685098,0.23993938599837658,0.4796254120043985,25,50,10
28,2124,0.08070153957142233,0.19973972926878156,0.23993941956291764,0.47961931159687715,25,50,10
28,2125,0.08069568388472687,0.19973972926854458,0.23993938652621044,0.4796252003205168,25,50,10
28,2126,0.08070168208438075,0.19973972926850947,0.23993938797962902,0.47961920066747943,25,50,10
28,2127,0.08069751187369642,0.1997397292684705,0.23993937807635238,0.47962338078148087,25,50,10
28,2128,0.08069551671648703,0.19973972926834868,0.23993934757681007,0.47962540643835394,25,50,10
28,2129,0.08070150216758927,0.1997397292683315,0.23993934724283023,0.47961942132124924,25,50,10
28,2130,0.08341129891440696,0.19973992900203982,0.23722930578052764,0.47961946630302615,25,50,10
28,2131,0.08341091277321301,0.1997403183494073,0.23722930257460625,0.47961946630277374,25,50,10
28,2132,0.08339058877700811,0.19974031834941786,0.2372293053838467,0.47963978748972713,25,50,10
28,2133,0.08338274064931102,0.19974031834943942,0.23722930608652135,0.4796476349147282,25,50,10
28,2134,0.08339678721599768,0.19974031834955636,0.2372152594998517,0.47964763493459506,25,50,10
28,2135,0.08326925934801219,0.1998682239147639,0.23721488240580066,0.4796476343314241,25,50,10
28,2136,0.08326715343875511,0.19986822391494055,0.23721489612224833,0.4796497265240568,25,50,10
28,2137,0.0832631268832278,0.19987224376911483,0.23721490281951646,0.4796497265281417,25,50,10
28,2138,0.08548661490981328,0.19987204499654698,0.2349916189883455,0.4796497211052945,25,50,10
28,2139,0.0854843303136084,0.19987204499670494,0.23499162828115466,0.4796519964085321,25,50,10
28,2140,0.08548618853368284,0.19987018310890103,0.23499163193986813,0.4796519964175483,25,50,10
28,2141,0.08548436241617569,0.19987018310886742,0.23499162141688412,0.47965383305807313,25,50,10
28,2142,0.08548646481663578,0.19987018310876384,0.23499161203632465,0.47965174003827604,25,50,10
28,2143,0.08558746618343893,0.1998701831036266,0.2348906105379951,0.47965174017494194,25,50,10
28,2144,0.11592634345673508,0.19987022807382393,0.20455105422605044,0.4796523742433941,25,50,10
28,2145,0.11595049668178797,0.19987022807899513,0.2045511848658518,0.4796280903733686,25,50,10
28,2146,0.0919514905968774,0.19987030971025743,0.2285493885378145,0.4796288111550544,25,50,10
28,2147,0.10154581928342242,0.19987026473839387,0.21895573736994126,0.4796281786082462,25,50,10
28,2148,0.10153993585021404,0.199876147780478,0.21895573775604074,0.4796281786132706,25,50,10
28,2149,0.10150982892030391,0.19987614777526985,0.21895560443923728,0.4796584188651923,25,50,10
28,2150,0.1015118614443529,0.19987614777512813,0.21895559231175454,0.4796563984687673,25,50,10
28,2151,0.10151239365838005,0.19987561216028382,0.21895559571214407,0.47965639846919556,25,50,10
28,2152,0.10134358047471412,0.19987561217289782,0.2191244102999196,0.479656397052467,25,50,10
28,2153,0.10135101139464064,0.19987561200239978,0.21911699787803507,0.47965637872492306,25,50,10
28,2154,0.10134537616071858,0.19987561200242054,0.21911699937006304,0.4796620124667964,25,50,10
28,2155,0.10151863456973997,0.19987561189759387,0.21894373989651691,0.47966201363614785,25,50,10
28,2156,0.10135737886662945,0.19987561837952783,0.21910498993185493,0.4796620128219864,25,50,10
28,2157,0.10135727209161229,0.1998756183795105,0.2191049896944389,0.4796621198344373,25,50,10
28,2158,0.10137777561260775,0.1998756183799839,0.21908448612866824,0.47966211987873764,25,50,10
28,2159,0.10139001043052527,0.1998756228956066,0.21907224678482254,0.4796621198890421,25,50,10
28,2160,0.10138998079542881,0.19987562289561978,0.21907224169445003,0.4796621546144976,25,50,10
28,2161,0.10139767956822573,0.1998679184238485,0.21907224736971811,0.47966215463820416,25,50,10
28,2162,0.10140171178568837,0.19986389437487978,0.21907223921058339,0.47966215462884526,25,50,10
28,2163,0.10140759580748325,0.19986389437488164,0.21907223929933242,0.47965627051829957,25,50,10
28,2164,0.09645329567877493,0.19986389341333688,0.2240266139531798,0.47965619695470624,25,50,10
28,2165,0.09657854446447921,0.19986389341758393,0.22402698050385975,0.47953058161407497,25,50,10
28,2166,0.09658439274127781,0.1998638934175278,0.224026979445411,0.47952473439578147,25,50,10
28,2167,0.09658439460801846,0.1998638920706342,0.22402697893057943,0.4795247343907662,25,50,10
28,2168,0.09659209805788517,0.19986389207072144,0.2240269831227644,0.4795170267486273,25,50,10
28,2169,0.09659994366912811,0.19986389207070016,0.2240269824119188,0.4795091818482514,25,50,10
28,2170,0.09660036502088917,0.19986389207075625,0.22402698653445463,0.4795087563738983,25,50,10
28,2171,0.096600611289293,0.19986389207077473,0.22402698789340925,0.4795085087465219,25,50,10
28,2172,0.0966005783662044,0.19986389207075597,0.2240269865273137,0.47950854303572454,25,50,10
28,2173,0.09660660455351991,0.19986389207082658,0.22402699066029702,0.47950251271535443,25,50,10
28,2174,0.09659420066251219,0.19986389207082417,0.22402698841791557,0.47951491884874686,25,50,10
28,2175,0.09657025603492997,0.1998638920739376,0.22405093303260867,0.47951491885852277,25,50,10
28,2176,0.09657431738618083,0.19985983581199385,0.2240509279526556,0.4795149188491689,25,50,10
28,2177,0.09657249002486396,0.19986166827740212,0.2240509228483182,0.4795149188494151,25,50,10
28,2178,0.09641803209915174,0.19986166827498988,0.2242053809179277,0.4795149187079285,25,50,10
28,2179,0.0964182417583253,0.19986166827491947,0.22420537777949232,0.4795147121872608,25,50,10
28,2180,0.09642594861545545,0.1998616682750067,0.2242053830161726,0.47950700009336317,25,50,10
28,2181,0.09640806000356056,0.19989048264733036,0.22419445726949153,0.4795070000796192,25,50,10
28,2182,0.1165202887102965,0.19989032683596386,0.2040662553281513,0.47952312912558986,25,50,10
28,2183,0.1327643603957157,0.19989032736302448,0.18782215406424949,0.47952315817701197,25,50,10
28,2184,0.15564518688225953,0.19989235457406412,0.16493734034242474,0.4795251182012533,25,50,10
28,2185,0.15564521984780852,0.19989235457408314,0.164937341732814,0.47952508384529563,25,50,10
28,2186,0.155630999343394,0.19990658397830788,0.16493733285663045,0.47952508382166825,25,50,10
28,2187,0.15562508317722012,0.1999065839782892,0.16493733161146276,0.47953100123302855,25,50,10
28,2188,0.15563891851935394,0.1999065839783586,0.16493733753107864,0.4795171599712096,25,50,10
28,2189,0.1556388136925011,0.1999066883326234,0.16493733801327098,0.4795171599616051,25,50,10
28,2190,0.1556264121175952,0.19990668833254932,0.1649373336239763,0.47952956592588014,25,50,10
28,2191,0.1556320527586222,0.19990668833253178,0.1649373323380045,0.47952392657084303,25,50,10
28,2192,0.1556320571247348,0.19990668833253242,0.16493733243635794,0.47952392210637695,25,50,10
28,2193,0.15563807840512933,0.1999006652675735,0.16493733421132484,0.47952392211597394,25,50,10
28,2194,0.1556379702387725,0.19990066526755595,0.16493733380346207,0.47952403069021116,25,50,10
28,2195,0.15549674859312831,0.19990066526312994,0.16493695338326986,0.4796656327604732,25,50,10
28,2196,0.15552959658581994,0.1999006723340203,0.1649040748775765,0.4796656562025852,25,50,10
28,2197,0.15625909943805108,0.19989864465921584,0.16417858659029272,0.47966366931244214,25,50,10
28,2198,0.1562549656257753,0.19990277296460185,0.1641785920970947,0.47966366931253007,25,50,10
28,2199,0.15608956044140332,0.19990277991340463,0.16434392660138747,0.47966373304380655,25,50,10
28,2200,0.1560836746532882,0.19990866218920408,0.16434393010909887,0.47966373304841076,25,50,10
28,2201,0.15610783460416625,0.19988420631596607,0.1643442254600238,0.4796637336198459,25,50,10
28,2202,0.15607314228307606,0.19988419924520578,0.16437894828366445,0.47966371018805576,25,50,10
28,2203,0.15605920146496122,0.19988419924511822,0.16437894212617274,0.4796776571637496,25,50,10
28,2204,0.1560574997832285,0.19988419924506723,0.16437893744805115,0.47967936352365464,25,50,10
28,2205,0.1560501081378532,0.19988419924508982,0.16437893826262545,0.4796867543544331,25,50,10
28,2206,0.1560480405578982,0.19988419924521186,0.16437894897159006,0.47968881122530155,25,50,10
28,2207,0.1560480394519407,0.1998841992452125,0.16437894981642592,0.47968881148642245,25,50,10
28,2208,0.15603763514472374,0.19988419924526407,0.16437895447311887,0.47969921113689395,25,50,10
28,2209,0.15603752944710045,0.19988430833482965,0.16437895108577932,0.47969921113229136,25,50,10
28,2210,0.15601946411614864,0.1999026697827975,0.16437865554070868,0.47969921056034587,25,50,10
28,2211,0.15602349492834314,0.19990266978274435,0.1643786487443905,0.47969518654452287,25,50,10
28,2212,0.1561571015954161,0.19990266978713386,0.16437902525540615,0.4795612033620447,25,50,10
28,2213,0.1561406433516686,0.1999026697855027,0.1643954835445924,0.4795612033182387,25,50,10
28,2214,0.15704840946229637,0.19990266978980603,0.16439601059155748,0.47865291015634237,25,50,10
28,2215,0.1570419652189666,0.19990266978971316,0.16439600375811367,0.47865936123320874,25,50,10
28,2216,0.15702812674229613,0.19990266978964313,0.16439599785296374,0.47867320561509885,25,50,10
28,2217,0.13358994621327122,0.19990267796963299,0.18783415245199683,0.47867322336510043,25,50,10
28,2218,0.13359025743950317,0.1999026779697062,0.18783415681729934,0.47867290777349225,25,50,10
28,2219,0.133596315540685,0.19989661588814822,0.18783416079766554,0.47867290777350235,25,50,10
28,2220,0.09489345259317374,0.19989662596839486,0.2263775203053827,0.4788324011330516,25,50,10
28,2221,0.0948931813207666,0.19986806017212214,0.22640635737558656,0.47883240113152453,25,50,10
28,2222,0.09488712156804543,0.1998680601720487,0.22640635297280765,0.4788384652870985,25,50,10
28,2223,0.0948872263677516,0.1998679565643319,0.2264063517808201,0.47883846528709667,25,50,10
28,2224,0.09488130211314644,0.1998679565643147,0.22640635356523287,0.47884438775730687,25,50,10
28,2225,0.09487534433040054,0.19987391348317818,0.22640635442903015,0.47884438775739196,25,50,10
28,2226,0.09512186168078628,0.19987391348964834,0.22640692133818066,0.4785973034913852,25,50,10
28,2227,0.09513737836931835,0.1998739134897333,0.22640692932828455,0.4785817788126647,25,50,10
28,2228,0.09500390943876451,0.19987391348538153,0.22640655559283066,0.4787156214830237,25,50,10
28,2229,0.09512570769340241,0.19987426639899192,0.2262844036055088,0.47871562230209386,25,50,10
28,2230,0.07867911733789894,0.19987644016669515,0.24272883980064067,0.47871560269476243,25,50,10
28,2231,0.07866494933807176,0.19987644016678982,0.2427430078059515,0.4787156026891862,25,50,10
28,2232,0.07864312751160489,0.19987644016664852,0.24274299571424138,0.478737436607504,25,50,10
28,2233,0.07865708037430466,0.19987644016671774,0.24274300462200088,0.4787234748369758,25,50,10
28,2234,0.07865719071316411,0.19987644016673592,0.24274300499881676,0.4787233641212818,25,50,10
28,2235,0.07865722601434827,0.19987644016671902,0.24274300996232,0.4787233238566118,25,50,10
28,2236,0.07865543836876991,0.1998782272450434,0.24274301053833494,0.47872332384785193,25,50,10
28,2237,0.07865547201352378,0.19987818970701082,0.2427430144072183,0.47872332387224725,25,50,10
28,2238,0.07865732834633833,0.19987818970706303,0.2427430242644885,0.4787214576821105,25,50,10
28,2239,0.07865717388789409,0.19987818970706342,0.2427431391741066,0.4787214972309365,25,50,10
28,2240,0.07865307602296834,0.199882286965735,0.2427431397905628,0.47872149722073437,25,50,10
28,2241,0.07866337107813248,0.19987190584021036,0.2427432255695163,0.47872149751214105,25,50,10
28,2242,0.07867721177764665,0.1998719058402617,0.24274323328968506,0.4787076490924067,25,50,10
28,2243,0.07867714641372434,0.19987190584026013,0.2427432311101887,0.4787077166358268,25,50,10
28,2244,0.08102652451435494,0.1998719678987202,0.24040433853257823,0.47869716905434695,25,50,10
28,2245,0.08102453946602584,0.19987197234164053,0.2404063191477427,0.4786971690445913,25,50,10
28,2246,0.08103038995692541,0.19987197234187168,0.24040633873994247,0.4786912989612608,25,50,10
28,2247,0.08078386690963026,0.19987197233539958,0.24040577084135106,0.47893838991361926,25,50,10
28,2248,0.10803137368443691,0.19987321617898107,0.2131562843252053,0.47893912581137704,25,50,10
28,2249,0.10802941247591136,0.19987321617891252,0.21315627429224437,0.478941097052932,25,50,10
28,2250,0.10888639034954462,0.19987320616142754,0.21245879810886842,0.4787816053801624,25,50,10
28,2251,0.10887634408693643,0.19988333376790743,0.21245871703218835,0.4787816051129709,25,50,10
28,2252,0.10888216153183455,0.19987749719895198,0.2124587361275058,0.47878160514171064,25,50,10
28,2253,0.10850656881114597,0.19987749024884013,0.21283440165177303,0.4787815392882437,25,50,10
28,2254,0.10850867690572696,0.19987749024869872,0.21283438444232933,0.4787794484032478,25,50,10
28,2255,0.1015016383335609,0.19987446129265918,0.21502065327086278,0.4836032471029194,25,50,10
28,2256,0.10150167430545061,0.19987442927425392,0.21502064931738996,0.4836032471029079,25,50,10
28,2257,0.10215410703805446,0.19987442921275034,0.2143682164906782,0.48360324725851933,25,50,10
28,2258,0.10214618026449537,0.19987442921271648,0.21436821002008485,0.4836111805027046,25,50,10
28,2259,0.1021463306092794,0.19987417611959724,0.2143683127681593,0.4836111805029649,25,50,10
28,2260,0.10214419333628717,0.19987417611971917,0.21436832352805074,0.48361330701594435,25,50,10
28,2261,0.10213827171478064,0.19987417611947142,0.2143683057132336,0.48361924645251525,25,50,10
28,2262,0.10215211038810226,0.19987417611954167,0.2143683145262357,0.48360539896612104,25,50,10
28,2263,0.102146130806276,0.19987417618925193,0.21437429138301323,0.48360540162145804,25,50,10
28,2264,0.10219395917754402,0.19988717129936812,0.21431346783068442,0.48360540169240246,25,50,10
28,2265,0.10219812831587329,0.19988300763087835,0.2143134623750387,0.4836054016782092,25,50,10
28,2266,0.10268311013915683,0.19939755706213325,0.2143139305510527,0.4836054022476572,25,50,10
28,2267,0.10225910346483652,0.1993975570641736,0.21431391996788723,0.48402941950310285,25,50,10
28,2268,0.10225910534065619,0.19939755706417361,0.2143139199677983,0.48402941762737206,25,50,10
28,2269,0.10226946581288175,0.19939755706535472,0.21431401304147962,0.4840189640802837,25,50,10
28,2270,0.10227960028736155,0.19939755699978207,0.21430388127907274,0.4840189614337834,25,50,10
28,2271,0.10228166613467678,0.19939755699962214,0.21430386778762742,0.48401690907807426,25,50,10
28,2272,0.10228081128053343,0.19939755699646078,0.21430472285824498,0.4840169088647615,25,50,10
28,2273,0.10230288001805618,0.19939755699663805,0.21430473669515637,0.48399482629015006,25,50,10
28,2274,0.10230292002361754,0.19939751523314483,0.2143047384431352,0.4839948263001032,25,50,10
28,2275,0.10230288476954102,0.19939755129993078,0.2143047376304289,0.48399482630010005,25,50,10
28,2276,0.1022968919988193,0.1994035438310374,0.21430473786545068,0.4839948263046934,25,50,10
28,2277,0.10229305081037422,0.19940354383302097,0.21430481383868438,0.4839985915179211,25,50,10
28,2278,0.102298942189469,0.19940354383302314,0.21430481400521406,0.4839926999722946,25,50,10
28,2279,0.10230503930020983,0.19940354383312953,0.21430481874311938,0.48398659812354217,25,50,10
28,2280,0.10229904703117684,0.19940354383314773,0.21430481894956752,0.48399259018610785,25,50,10
28,2281,0.10181970511057038,0.1998833572111927,0.21430434807142376,0.48399258960681313,25,50,10
28,2282,0.10180164822155463,0.19988335720910438,0.21430426259372834,0.4840107319756127,25,50,10
28,2283,0.10180164775034858,0.19988335720910286,0.21430426253529664,0.48401073250525195,25,50,10
28,2284,0.10179383395242526,0.19988335720908626,0.21430425755645882,0.48401855128203003,25,50,10
28,2285,0.1022311997541301,0.19988335720703151,0.21386689148412225,0.4840185515547163,25,50,10
28,2286,0.10223119734445138,0.19988336177183524,0.2138668893432848,0.4840185515404287,25,50,10
28,2287,0.10412109386141907,0.19988329969958907,0.21198338754946527,0.48401221888952684,25,50,10
28,2288,0.1041152468922784,0.19988916667584417,0.21198336757091713,0.48401221886096046,25,50,10
28,2289,0.10410925528014119,0.1998951579731144,0.2119833678856989,0.48401221886104556,25,50,10
28,2290,0.10411528012989787,0.1998951579731309,0.21198325322264874,0.4840063086743223,25,50,10
28,2291,0.1041152477686017,0.1998951579731134,0.21198325194381795,0.4840063423144668,25,50,10
28,2292,0.10410936003630883,0.19989515797311277,0.2119832519097155,0.4840122300808627,25,50,10
28,2293,0.10410339625093545,0.19989515797309615,0.21198325264982593,0.48401819312614214,25,50,10
28,2294,0.10410553843060003,0.19989515797304336,0.21198324693669435,0.48401605665966224,25,50,10
28,2295,0.10569370593410111,0.19989515778751113,0.21039506229456995,0.48401607398381863,25,50,10
28,2296,0.10568767398884506,0.1998951577873897,0.21039505752320956,0.4840221107005565,25,50,10
28,2297,0.10568369177746088,0.19989515778620948,0.21039496758049228,0.48402618285583776,25,50,10
28,2298,0.10564160018245573,0.1998821626759472,0.21045005435043967,0.4840261827911596,25,50,10
28,2299,0.1074320019376489,0.19988216268030962,0.208659652015682,0.4840261833663617,25,50,10
28,2300,0.10742601204364738,0.1998821626802561,0.2086596480974952,0.4840321771786032,25,50,10
28,2301,0.10734409252764783,0.1998821628493603,0.20874154168718512,0.4840322029358088,25,50,10
28,2302,0.10575987903454723,0.1998821586071833,0.21032577675597863,0.484032185602293,25,50,10
28,2303,0.10527808495230176,0.19988215860094471,0.2103252678720289,0.4845144885747269,25,50,10
28,2304,0.10362768704187296,0.19988215852870553,0.2119756671469615,0.48451448728246327,25,50,10
28,2305,0.10362768888482211,0.19988215668658,0.21197566714613714,0.4845144872824638,25,50,10
28,2306,0.10362769427433939,0.19988215668659415,0.21197569255189147,0.4845144564871777,25,50,10
28,2307,0.10362181088614843,0.19988215668655948,0.2119756904276264,0.484520341999668,25,50,10
28,2308,0.10362173410627058,0.19988223351063947,0.2119756903932091,0.48452034198988264,25,50,10
28,2309,0.10362191067638085,0.19988206288892185,0.21197568444549297,0.48452034198920635,25,50,10
28,2310,0.1036219074332445,0.19988206288892152,0.21197568402085648,0.48452034565697966,25,50,10
28,2311,0.10362593213251019,0.19988206288883384,0.21197567675592324,0.4845163282227347,25,50,10
28,2312,0.10329571230099242,0.19988206288505375,0.2123058965901168,0.4845163282238392,25,50,10
28,2313,0.08902831641503196,0.19988227044115173,0.22657249306819513,0.48451692007562136,25,50,10
28,2314,0.08725677914199355,0.19988227068202305,0.22834260960323707,0.4845183405727469,25,50,10
28,2315,0.08725678296695807,0.19988227068202305,0.22834260961343714,0.48451833673758193,25,50,10
28,2316,0.08726066762600877,0.19988227068214848,0.22834259418334252,0.48451446750850047,25,50,10
28,2317,0.08726077638187167,0.19988227068211345,0.22834259464248075,0.4845143582935336,25,50,10
28,2318,0.08726066853401723,0.19988227068206116,0.22834259284140532,0.48451446794251546,25,50,10
28,2319,0.08725864131095566,0.199882270682024,0.2283425871415488,0.4845165008654707,25,50,10
28,2320,0.0872629452372343,0.19988227068197262,0.22834258257650525,0.48451220150428687,25,50,10
28,2321,0.08726294641323372,0.19988226981220403,0.2283425822746983,0.48451220149986307,25,50,10
28,2322,0.08832748219440142,0.19988226994080044,0.22727804170657065,0.4845122061582267,25,50,10
28,2323,0.0883333680898759,0.19988226994080135,0.22727804170351987,0.48450632026580204,25,50,10
28,2324,0.08833589637516927,0.1998822699407881,0.22727806873115985,0.48450376495288244,25,50,10
28,2325,0.06504249801584824,0.19988206297298,0.2505722198204874,0.48450321919068395,25,50,10
28,2326,0.06467541510985808,0.19988206347576143,0.25093930187023344,0.484503219544147,25,50,10
28,2327,0.06468151705826292,0.1998759593713479,0.25093930401168935,0.4845032195586999,25,50,10
28,2328,0.06468726737005301,0.1998759593713285,0.2509393026371353,0.48449747062148313,25,50,10
28,2329,0.06468523124939074,0.1998759593714874,0.2509393160520686,0.4844994933270528,25,50,10
28,2330,0.06467941578120878,0.19988177489395248,0.2509393159979449,0.4844994933268929,25,50,10
28,2331,0.06468103087383678,0.1998817748942887,0.25093934016275227,0.48449785406912066,25,50,10
28,2332,0.06475425279144059,0.19989591912459787,0.25085197394340253,0.484497854140559,25,50,10
28,2333,0.042321641821371256,0.1998959193669448,0.2732845845773389,0.484497854234343,25,50,10
28,2334,0.058701349700881825,0.1998955225655192,0.26172432139317714,0.4796788063404198,25,50,10
28,2335,0.05869749555187017,0.19989552256535997,0.26172430791997053,0.4796826739627975,25,50,10
28,2336,0.05751200983490306,0.1998955224368132,0.26290979219439414,0.47968267553388777,25,50,10
28,2337,0.05751200497338121,0.19989552243681163,0.26290979206211346,0.479682680527693,25,50,10
28,2338,0.06080658182934581,0.19989552239924083,0.2596207017309408,0.4796771940404718,25,50,10
28,2339,0.06080633784618771,0.19989552239925834,0.2596206999812373,0.47967743977331656,25,50,10
28,2340,0.06080654897070477,0.1998955223992928,0.25962070051676145,0.4796772281132407,25,50,10
28,2341,0.06080633801161348,0.19989552239925995,0.25962070010990496,0.47967743947922137,25,50,10
28,2342,0.06121036427187494,0.19989552215884973,0.25568687797511247,0.4832072355941619,25,50,10
28,2343,0.06121632637870775,0.19989552215901438,0.2556885126991407,0.48319963876313615,25,50,10
28,2344,0.06121643422827724,0.19989552215906659,0.2556885145073805,0.48319952910527425,25,50,10
28,2345,0.062171968720560855,0.19988137819706772,0.25474712124164545,0.48319953184072495,25,50,10
28,2346,0.06216450222256608,0.19988137819683857,0.25474710085415414,0.4832070187264403,25,50,10
28,2347,0.062164398612435556,0.19988137819682134,0.25474710058639316,0.4832071226043491,25,50,10
28,2348,0.06217021692525476,0.19988137819676527,0.2547470964692583,0.4832013084087209,25,50,10
28,2349,0.062169690019618626,0.19988137819665663,0.2547470895103218,0.4832018422734021,25,50,10
28,2350,0.061140966059476796,0.19988137799211184,0.25577581646707975,0.48320183948133083,25,50,10
28,2351,0.06114282295526517,0.19987951345079835,0.2557758240937291,0.48320183950020756,25,50,10
28,2352,0.061150910523632335,0.19987951345090468,0.2557758327080241,0.4831937433174388,25,50,10
28,2353,0.06162261064758132,0.19987951345921925,0.2557763066804305,0.48272156921276865,25,50,10
28,2354,0.06162262045844516,0.1998795134592212,0.25577630932106826,0.4827215567612652,25,50,10
28,2355,0.06162465364808378,0.19987951345938262,0.255776321057171,0.48271951183536255,25,50,10
28,2356,0.061630782165730036,0.19987951345941796,0.25577632263950273,0.48271338173534933,25,50,10
28,2357,0.08153937099600075,0.1998795685256201,0.23586533286264477,0.482715727615735,25,50,10
28,2358,0.0810737671239923,0.19987956851733865,0.23586485927696038,0.48318180508170916,25,50,10
28,2359,0.10348188104519312,0.1998795683477313,0.2134566828678288,0.4831818677392473,25,50,10
28,2360,0.10116196374164205,0.1998795676979505,0.21577667317675503,0.48318179538365336,25,50,10
28,2361,0.10117587552806892,0.19986565099287074,0.2157766780861415,0.4831817953929203,25,50,10
28,2362,0.10117170755128715,0.1998656509929046,0.2157766835281893,0.4831859579276205,25,50,10
28,2363,0.1011716363520554,0.1998657220763144,0.21577668364385072,0.4831859579277811,25,50,10
28,2364,0.10117944870257854,0.19986572207636602,0.2157766883021122,0.48317814091894484,25,50,10
28,2365,0.10117383180071851,0.1998657220764017,0.21577668842158348,0.48318375770129796,25,50,10
28,2366,0.1179442330538773,0.1998656671261353,0.1990086942407187,0.483181405579272,25,50,10
28,2367,0.11771162149693082,0.1998656675802625,0.19924123925415313,0.48318147166865677,25,50,10
28,2368,0.11771565666248542,0.19986566758021088,0.19924123253622836,0.48317744322107864,25,50,10
28,2369,0.11802606490066778,0.1998658439211181,0.19893064745772499,0.483177443720492,25,50,10
28,2370,0.11803198889405583,0.19985992166215089,0.19893064572338634,0.4831774437204097,25,50,10
28,2371,0.12130224801695923,0.19985992155968774,0.19566037117213197,0.4831774592512239,25,50,10
28,2372,0.08182066814288057,0.19999039693697312,0.23501132446705292,0.48317761045309476,25,50,10
28,2373,0.0815834094620154,0.1998599211047135,0.2353792760198437,0.4831773934134285,25,50,10
28,2374,0.0815193506082985,0.1998599211132773,0.2354433032970739,0.4831774249813514,25,50,10
28,2375,0.08150565584735903,0.19985992111326234,0.2354433013447052,0.48319112169467465,25,50,10
28,2376,0.08149976858596393,0.19985992111326298,0.23544330138174346,0.48319700891903045,25,50,10
28,2377,0.08149990563619394,0.1998597823478528,0.23544330308723416,0.48319700892872,25,50,10
28,2378,0.08149968716332684,0.19986000258505235,0.23544330133303318,0.48319700891858797,25,50,10
28,2379,0.05315032167758606,0.19986000343773636,0.24841066687579536,0.4985790080088834,25,50,10
28,2380,0.05315000250537999,0.19986000343762925,0.24841066621674238,0.4985793278402496,25,50,10
28,2381,0.053146113765011126,0.19986000343752075,0.24840913614987437,0.4985847466475949,25,50,10
28,2382,0.05313794549441717,0.19986000343755475,0.24840911160024629,0.4985929394677827,25,50,10
28,2383,0.05314355260192985,0.19985439786758785,0.24840911005827818,0.49859293947220473,25,50,10
28,2384,0.05302957321690507,0.19985403846265096,0.24852344973114923,0.4985929385892935,25,50,10
28,2385,0.05303517841501557,0.1998540384626118,0.24852344589205153,0.4985873372303197,25,50,10
28,2386,0.053031166713528324,0.19985801722341642,0.24852347882257333,0.4985873372404802,25,50,10
28,2387,0.053017333316846056,0.19985801722334642,0.24852347286250528,0.49860117659730024,25,50,10
28,2388,0.05305852255093126,0.19985802161607727,0.25201349529404254,0.495069960538948,25,50,10
28,2389,0.05305263782697079,0.19985802161607794,0.25201349540591056,0.49507584515103986,25,50,10
28,2390,0.05305263405997062,0.19985802161607824,0.25201349541741586,0.49507584890653417,25,50,10
28,2391,0.05305456552399382,0.19985802161502286,0.25201156424036397,0.4950758486206185,25,50,10
28,2392,0.05304064535049724,0.199858021614954,0.2520115573319,0.4950897757026479,25,50,10
28,2393,0.05304474178746227,0.19985802161484667,0.2520115485571042,0.49508568804058667,25,50,10
28,2394,0.05351657970244617,0.1998580216150043,0.2520117913928108,0.4946136072897386,25,50,10
28,2395,0.05352350127662556,0.19926154512388802,0.2526013463054845,0.4946136072940017,25,50,10
28,2396,0.0535294205500739,0.19926154512388952,0.252601346448151,0.49460768787788545,25,50,10
28,2397,0.054426078797096454,0.1992615451299486,0.25260505445154285,0.4937073216214119,25,50,10
28,2398,0.05441802161513239,0.19926960841437436,0.25260504835868475,0.49370732161180764,25,50,10
28,2399,0.05441905436589346,0.19985812487781535,0.2520154991438158,0.4937073216124743,25,50,10
28,2400,0.054094524788973135,0.1998579484191362,0.2523402057592844,0.49370732103260545,25,50,10
28,2401,0.05408849934324,0.19985794841909993,0.2523402031397537,0.4937133490979055,25,50,10
28,2402,0.05411069900736161,0.19985794841933685,0.2523402223432793,0.4936911302300213,25,50,10
28,2403,0.054118764669036604,0.19985819837057922,0.25233190674553113,0.4936911302148526,25,50,10
28,2404,0.05411666230162738,0.1998581983706834,0.25233191613450684,0.49369322319318193,25,50,10
28,2405,0.05412286609548086,0.19985819837068367,0.25233191510541614,0.49368702042841894,25,50,10
28,2406,0.05275433504614149,0.19985819836446603,0.2523279590807601,0.495059507508632,25,50,10
28,2407,0.05268757566672391,0.1998581978607882,0.25239471883770537,0.49505950763478174,25,50,10
28,2408,0.05269552695620452,0.19985819786085726,0.25239472481609276,0.4950515503668452,25,50,10
28,2409,0.05270155300728046,0.19985819786091072,0.2523947286918843,0.4950455204399241,25,50,10
28,2410,0.05270768771261868,0.19985819786089348,0.2523947304198292,0.49503938400665787,25,50,10
28,2411,0.05268549174722734,0.19985819786065653,0.25239471120826695,0.49506159918384846,25,50,10
28,2412,0.05281455398692643,0.19985819786693038,0.2523951688779199,0.49493207926822286,25,50,10
28,2413,0.052344485695798734,0.1998581934694002,0.2528652426577101,0.4949320781770903,25,50,10
28,2414,0.052366593519557955,0.1998581935807036,0.2528431347173158,0.4949320781824237,25,50,10
28,2415,0.05236431284785951,0.19985819358084506,0.2528431471337129,0.4949343464375835,25,50,10
28,2416,0.05236049950950876,0.19985819358079354,0.2528431382238229,0.4949381686858758,25,50,10
28,2417,0.05236277233564561,0.19985819358402204,0.25284086509839165,0.4949381689819426,25,50,10
28,2418,0.05280903307587874,0.19985819364898028,0.2523946045495043,0.4949381687256374,25,50,10
28,2419,0.05280899880734996,0.19985822920256388,0.25239460326929314,0.4949381687207935,25,50,10
28,2420,0.05280129383272466,0.19986593810999612,0.2523945993460039,0.49493816871127594,25,50,10
28,2421,0.05280726288715699,0.19986593811001616,0.25239459874233944,0.4949322002604886,25,50,10
28,2422,0.05280340970331689,0.19986593810987444,0.2523945866185549,0.4949360655682551,25,50,10
28,2423,0.05267203543874083,0.19986593810370476,0.2523941383026752,0.4950678881548807,25,50,10
28,2424,0.05267242413746708,0.19986554758042324,0.252394140131734,0.4950678881503771,25,50,10
28,2425,0.052789567592884994,0.19986555386464766,0.2522769741329914,0.49506790440947734,25,50,10
28,2426,0.05277547364164483,0.1998653038357674,0.2522913181131031,0.4950679044094838,25,50,10
28,2427,0.05279127076806851,0.19986530383583706,0.25229132605242727,0.4950520993436669,25,50,10
28,2428,0.0528048316587289,0.19986530383585235,0.2522913298460179,0.49503853465940034,25,50,10
28,2429,0.05279099817455805,0.19986530383578457,0.2522913240179825,0.4950523739716747,25,50,10
28,2430,0.05279688193293872,0.19986530383581882,0.2522913265349532,0.4950464876962888,25,50,10
28,2431,0.05280301601791154,0.1998653038357997,0.25229132920399144,0.4950403509422967,25,50,10
28,2432,0.05282021761192361,0.19986530377684164,0.2522741262919332,0.49504035231930177,25,50,10
28,2433,0.052820388232979305,0.19986530821963647,0.25227274462229937,0.495041558925085,25,50,10
28,2434,0.06071748655771889,0.1998659181017976,0.24437368323021919,0.4950429121102647,25,50,10
28,2435,0.060716208621827084,0.19986722172791205,0.24437365752093929,0.4950429121293219,25,50,10
28,2436,0.060717356724522255,0.1998673482724969,0.2443723828682547,0.4950429121347264,25,50,10
28,2437,0.06071332709180769,0.19987137008502093,0.24437239068368083,0.49504291213949114,25,50,10
28,2438,0.060737555719113503,0.19987137018904327,0.24434815989632677,0.4950429141955168,25,50,10
28,2439,0.060737417096888534,0.19987136574619918,0.2443494876789266,0.4950417294779863,25,50,10
28,2440,0.060723471895398846,0.19987136574612904,0.24434948086298092,0.4950556814954913,25,50,10
28,2441,0.06070191617693355,0.1998713656346314,0.24437103668358337,0.4950556815048499,25,50,10
28,2442,0.060707098858910624,0.19986619034990472,0.24437102931563065,0.4950556814755517,25,50,10
28,2443,0.06082034493288251,0.19986619035008343,0.24437133037829298,0.49494213433873996,25,50,10
28,2444,0.09223613561474459,0.19986558048140282,0.21295630580276206,0.4949419781010897,25,50,10
28,2445,0.09224422348326348,0.19986558048145223,0.2129563122939998,0.49493388374128344,25,50,10
28,2446,0.09222628846992369,0.1998655804814886,0.21295631395253914,0.4949518170960481,25,50,10
28,2447,0.09269576196498082,0.19939567774179282,0.21295674260825123,0.4949518176849741,25,50,10
28,2448,0.09222600793249697,0.1998658598444289,0.21295631512727964,0.4949518170957935,25,50,10
28,2449,0.092237774842561,0.19986585984444313,0.21295621652467148,0.49494014878832365,25,50,10
28,2450,0.09226714988606208,0.19986585977883625,0.2129269028881189,0.494940087446982,25,50,10
28,2451,0.08085230975601668,0.19986585912212668,0.23881581685898698,0.48046601426286933,25,50,10
28,2452,0.08073888143115467,0.1998658591220017,0.2388155157002735,0.4805797437465698,25,50,10
28,2453,0.08074072108814828,0.19986585912592372,0.20490312683917938,0.5144902929467485,25,50,10
28,2454,0.08073868974521776,0.19986585912581675,0.20490311911418424,0.5144923320147811,25,50,10
28,2455,0.08045405105962651,0.19986585976873436,0.20509670976482147,0.5145833794068174,25,50,10
28,2456,0.08046203815968622,0.1998658597688585,0.2050967177612427,0.5145753843102123,25,50,10
28,2457,0.0804541888956459,0.19986585976880783,0.20509671245571678,0.5145832388798294,25,50,10
28,2458,0.08045429032320238,0.1998658597688622,0.2050967164718461,0.5145831334360892,25,50,10
28,2459,0.08046018002440836,0.1998658597688661,0.2050967221929148,0.5145772380138103,25,50,10
28,2460,0.08045418336510894,0.19986585976874222,0.20509671521571732,0.5145832416504317,25,50,10
28,2461,0.08032699692904749,0.19986585359063455,0.20522392439066542,0.5145832250896539,25,50,10
28,2462,0.08056928965280089,0.19962291940167576,0.2052245652871273,0.5145832256583975,25,50,10
28,2463,0.0805691841771006,0.19962291940165883,0.20522456502563216,0.51458333139561,25,50,10
28,2464,0.0789395640328356,0.19962291957473394,0.20685418471818554,0.5145833316742462,25,50,10
28,2465,0.07842960693301748,0.19962291946431576,0.20736414567484282,0.5145833279278275,25,50,10
28,2466,0.0784459830529118,0.19962291946544627,0.20736432700333737,0.5145667704783079,25,50,10
28,2467,0.07844636496678349,0.1996229194654998,0.20736432995507958,0.5145663856126403,25,50,10
28,2468,0.0784323744186388,0.1996229193562769,0.20737832061211534,0.5145663856129729,25,50,10
28,2469,0.07947432507935163,0.19962297092245188,0.20633631780750142,0.5145663861906984,25,50,10
28,2470,0.07961327290853759,0.1996229772509728,0.20619736280888962,0.5145663870316011,25,50,10
28,2471,0.07961328049987065,0.19962297725098743,0.20619735824316016,0.5145663840059823,25,50,10
28,2472,0.07970762426850579,0.1996228507988861,0.20610313946239686,0.5145663854702093,25,50,10
28,2473,0.08031755302183052,0.19962315057853922,0.20549117134719735,0.5145681250524323,25,50,10
28,2474,0.08032985425584953,0.1996231505806666,0.2054912593378805,0.5145557358256029,25,50,10
28,2475,0.08032582686443768,0.19962717150954026,0.20549126578588278,0.514555735840139,25,50,10
28,2476,0.07141492705915783,0.19962721030769162,0.21440211309216978,0.5145557495409789,25,50,10
28,2477,0.07192714260054094,0.1996272102131935,0.21479607482958937,0.5136495723566755,25,50,10
28,2478,0.07117770968636929,0.19962690421449303,0.2155475541796126,0.5136478319195245,25,50,10
28,2479,0.07199011418466464,0.2139856283118254,0.2003764263283742,0.5136478311751345,25,50,10
28,2480,0.07199464897252217,0.2139856283079481,0.1943112761732933,0.5197084465462348,25,50,10
28,2481,0.07199066921025865,0.21398562830788112,0.19431127618880153,0.5197124262930568,25,50,10
28,2482,0.0719725051117849,0.21398562830575402,0.19431118842181863,0.5197306781606408,25,50,10
28,2483,0.06766831196973459,0.21398554736731254,0.19861546439762126,0.5197306762653299,25,50,10
28,2484,0.06768994194505079,0.21398554744517514,0.1985938340686259,0.5197306765411468,25,50,10
28,2485,0.0676940398584291,0.2139814545867146,0.19859382900861658,0.5197306765462388,25,50,10
28,2486,0.06861185179841113,0.21398145393229787,0.19776826167118702,0.5196384325981034,25,50,10
28,2487,0.06860603629482329,0.21398145393229728,0.1977682615808637,0.5196442481920156,25,50,10
28,2488,0.06860985503546714,0.2139814539324199,0.19776827230073826,0.5196404187313742,25,50,10
28,2489,0.06885019898053776,0.21398145393667456,0.19776879729285698,0.5193995497899302,25,50,10
28,2490,0.06323080845153013,0.21398153400976672,0.20338732101532617,0.5194003365233758,25,50,10
28,2491,0.06335978560415463,0.2139815426422692,0.20325833550639064,0.5194003362471844,25,50,10
28,2492,0.06372622203085887,0.21398154909281353,0.2028918926184015,0.5194003362579266,25,50,10
28,2493,0.06495406996923109,0.2139815405720875,0.2016640517945395,0.5194003376641424,25,50,10
28,2494,0.06494383047601535,0.21398154057203095,0.20166404277802066,0.5194105861739333,25,50,10
28,2495,0.0640369226540235,0.2147685768171352,0.2017839146392968,0.5194105858895447,25,50,10
28,2496,0.06402322300260453,0.21476857681710115,0.20178391124020997,0.519424288940085,25,50,10
28,2497,0.06403695642233219,0.21476857681711578,0.20178391316538238,0.5194105535951703,25,50,10
28,2498,0.0641764486885509,0.21476857682148887,0.2017842884214636,0.5192706860684974,25,50,10
28,2499,0.06417244999088612,0.21476857682157768,0.20178429578259902,0.5192746774049383,25,50,10
28,2500,0.06417244999142312,0.21476857682157763,0.2017842957241443,0.5192746774628553,25,50,10
28,2501,0.06418091188749674,0.2147685768234947,0.20177583382600897,0.5192746774629999,25,50,10
28,2502,0.06394060298398536,0.2147685768192764,0.20177531152943765,0.5195155086673011,25,50,10
28,2503,0.06347484207930039,0.21398154038506179,0.203028109989707,0.5195155075459311,25,50,10
28,2504,0.06350073793284441,0.21398154038751357,0.20300221354063827,0.5195155081390038,25,50,10
28,2505,0.06348852980634208,0.21398154038634856,0.20300202775295617,0.5195279020543531,25,50,10
28,2506,0.06348849976110471,0.21398154038631362,0.20300202665398853,0.5195279331985929,25,50,10
28,2507,0.06285102435856607,0.2139815485567285,0.20364129025493422,0.5195261368297729,25,50,10
28,2508,0.06284717746223153,0.21398154855658777,0.20364127818347097,0.5195299957977115,25,50,10
28,2509,0.0630577488986607,0.21398157315011,0.20343063473744474,0.5195300432137863,25,50,10
28,2510,0.06306380373226311,0.21398157315016378,0.20343063768449623,0.519523985433078,25,50,10
28,2511,0.06305781149754525,0.21398756841651448,0.2034306346480985,0.5195239854378427,25,50,10
28,2512,0.06352140028066025,0.2135235295469627,0.2034310838772956,0.5195239862950828,25,50,10
28,2513,0.06352136102319378,0.2135235295470161,0.20343108636044416,0.5195240230693472,25,50,10
28,2514,0.06351530141663167,0.21352352954696172,0.20343108339106705,0.5195300856453408,25,50,10
28,2515,0.06351516083810824,0.21352352954692516,0.20343108071933763,0.5195302288956308,25,50,10
28,2516,0.06305580312772906,0.2139833239935254,0.20343064481048792,0.5195302280682595,25,50,10
28,2517,0.06306012516261933,0.21397900278656062,0.2034306439969988,0.5195302280538244,25,50,10
28,2518,0.07864932553214,0.21397925363160314,0.18784196214109478,0.5195294586951653,25,50,10
28,2519,0.0786628858366252,0.21397925363161846,0.1878419651853673,0.5195158953463919,25,50,10
28,2520,0.07776903067166938,0.21443134710380793,0.18828372739443477,0.5195158948300904,25,50,10
28,2521,0.07776910879301016,0.21443134710377174,0.18828372650345218,0.5195158175997683,25,50,10
28,2522,0.07754594502974645,0.214431322518921,0.18850696284619942,0.5195157696051357,25,50,10
28,2523,0.07753964598428519,0.21443132251886537,0.18850695879282767,0.5195220727040243,25,50,10
28,2524,0.0775395763554103,0.21443139525772847,0.1885069556972892,0.5195220726895746,25,50,10
28,2525,0.07753970957773428,0.2144313952577463,0.1885069569560577,0.5195219382084644,25,50,10
28,2526,0.07753959609089174,0.21443139525776334,0.18850695643089402,0.5195220522204536,25,50,10
28,2527,0.07753770579772241,0.21443139525767607,0.18850694915781818,0.5195239497867855,25,50,10
28,2528,0.07752377255768292,0.2377262223548836,0.16522605548751726,0.5195239495999184,25,50,10
28,2529,0.07738441830947224,0.23772622235054622,0.1652256818651737,0.5196636774748095,25,50,10
28,2530,0.0773864197246094,0.2377262223503685,0.16522566704326672,0.5196616908817564,25,50,10
28,2531,0.07714611862681808,0.23796716033448828,0.16522503072560682,0.5196616903130882,25,50,10
28,2532,0.07804055630605881,0.2379671581022576,0.1643305947248821,0.5196616908668045,25,50,10
28,2533,0.07804076152470132,0.23796716248738073,0.16433038514035037,0.5196616908475706,25,50,10
28,2534,0.07804497491276817,0.23902790020763742,0.16326543404971222,0.5196616908298856,25,50,10
28,2535,0.07803905563492122,0.2390278958277053,0.16327135770254192,0.5196616908348346,25,50,10
28,2536,0.07803905861786921,0.23902789582774034,0.16327136026671707,0.5196616852876763,25,50,10
28,2537,0.06508382593930367,0.23902755563292488,0.17622695935024033,0.5196616590775353,25,50,10
28,2538,0.06508583019368487,0.23902755562746503,0.17622495509116884,0.5196616590876854,25,50,10
28,2539,0.06509966740222942,0.24088555897237948,0.17435311455034977,0.5196616590750455,25,50,10
28,2540,0.06509564035021696,0.2408895768412935,0.17435312372408518,0.5196616590844081,25,50,10
28,2541,0.06509952784987404,0.24088957707617503,0.17434923621533005,0.5196616588586245,25,50,10
28,2542,0.06508572132032206,0.2408895770761431,0.17434923195909469,0.5196754696444431,25,50,10
28,2543,0.07472293895846735,0.24088957060159286,0.1647120203283748,0.5196754701115648,25,50,10
28,2544,0.07472882677985604,0.24088957060159405,0.16471202040162994,0.5196695822169197,25,50,10
28,2545,0.07484840484037425,0.24088957060888258,0.1647124471469833,0.5195495774037607,25,50,10
28,2546,0.07483445985994652,0.2409035180852287,0.16471244466049612,0.5195495773943296,25,50,10
28,2547,0.07483029437622195,0.2409035180853148,0.16471245184207184,0.5195537356963923,25,50,10
28,2548,0.06734091188178089,0.24166061328663804,0.17144473781772018,0.5195537370138616,25,50,10
28,2549,0.06736272838453007,0.24166061328681465,0.17144475248742558,0.519531905841231,25,50,10
28,2550,0.06736861477863833,0.24166061328681546,0.17144475253267888,0.5195260194018682,25,50,10
28,2551,0.06737502464088035,0.2416541983877372,0.17144475757386093,0.5195260193975226,25,50,10
28,2552,0.06737538036016817,0.24165419838766783,0.17144475968651487,0.5195256615656497,25,50,10
28,2553,0.06737522651508104,0.2416543535071372,0.17144475841223475,0.5195256615655475,25,50,10
28,2554,0.06738125578856696,0.24164831799347886,0.17144476464753708,0.5195256615704175,25,50,10
28,2555,0.06737914872378387,0.24164831807128132,0.17144687164952682,0.5195256615554092,25,50,10
28,2556,0.02842658789060588,0.24164831783314902,0.21039943365411937,0.5195256606221259,25,50,10
28,2557,0.03971128236943986,0.24164844526696025,0.1991146099241719,0.5195256624394319,25,50,10
28,2558,0.039713421156353894,0.2416463186817921,0.19911459774163626,0.5195256624202217,25,50,10
28,2559,0.039715274415039144,0.24164631868184305,0.199114603385938,0.5195238035171842,25,50,10
28,2560,0.03971505901050986,0.24164631868186084,0.19911460339657,0.5195240189110638,25,50,10
28,2561,0.053959041969678365,0.240889223436689,0.18562770720097901,0.5195240273926579,25,50,10
28,2562,0.0530518620250238,0.2398284827726213,0.18759562837502444,0.519524026827328,25,50,10
28,2563,0.05305144439559251,0.23982890574341287,0.18759562303400212,0.5195240268269907,25,50,10
28,2564,0.034458599017590096,0.23982908432865815,0.2061882935392575,0.5195240231144939,25,50,10
28,2565,0.034458603317370474,0.23982908843846765,0.206188285129689,0.5195240231144734,25,50,10
28,2566,0.0343390271530088,0.23982908843121414,0.20618786298273967,0.5196440214330383,25,50,10
28,2567,0.03433465239216109,0.23983347867334756,0.20618784753140168,0.51964402140309,25,50,10
28,2568,0.03433474646691464,0.23983338422223535,0.2061878479029296,0.5196440214079207,25,50,10
28,2569,0.05300864900361016,0.23983338424312384,0.1875139556038145,0.5196440111494507,25,50,10
28,2570,0.05300625797054831,0.23983338424326422,0.18751396254134278,0.5196463952448442,25,50,10
28,2571,0.053026286502954836,0.23981327770291475,0.18751404025844448,0.5196463955356858,25,50,10
28,2572,0.053012343171877384,0.2398132777027918,0.1875140293285391,0.5196603497967915,25,50,10
28,2573,0.05301831000556632,0.23981327770280958,0.18751403045066503,0.5196543818409586,25,50,10
28,2574,0.05300240738456664,0.2398132777026511,0.1875140170558981,0.5196702978568833,25,50,10
28,2575,0.05300261998713193,0.23981327770261612,0.18751401651718635,0.5196700857930644,25,50,10
28,2576,0.053002729998822856,0.2398132777068622,0.18751420785643858,0.5196697844378751,25,50,10
28,2577,0.05752638372002003,0.23981327817106832,0.18299047496283496,0.5196698631460754,25,50,10
28,2578,0.057526033089610344,0.23981327816683876,0.18299028287056676,0.5196704058729829,25,50,10
28,2579,0.05752628847372177,0.239813024719005,0.18299028093360853,0.5196704058736643,25,50,10
28,2580,0.05752629100140208,0.2398130188154456,0.18299028430948472,0.5196704058736674,25,50,10
28,2581,0.057526248906532136,0.2398130188177379,0.18299032640155707,0.5196704058741735,25,50,10
28,2582,0.057768587604582866,0.23981301882199302,0.18299085394365128,0.5194275396297737,25,50,10
28,2583,0.05777444393950439,0.23981301882197453,0.1829908525824277,0.519421684656094,25,50,10
28,2584,0.05318207232635776,0.23982725560902135,0.18756898893217577,0.5194216831324451,25,50,10
28,2585,0.05365771657333464,0.2398275097543117,0.18709308995643426,0.5194216837159193,25,50,10
28,2586,0.05365768174264244,0.23982750975429196,0.18709308853337472,0.5194217199696904,25,50,10
28,2587,0.05364168656053279,0.23984359206145417,0.18709300170827117,0.5194217196697415,25,50,10
28,2588,0.053642067688396536,0.2398435920614369,0.1870930035029589,0.5194213367472073,25,50,10
28,2589,0.05364207265254248,0.23984358699319264,0.18709300360696698,0.5194213367472976,25,50,10
28,2590,0.05364207379271116,0.2398435869931932,0.18709300372665325,0.5194213354874422,25,50,10
28,2591,0.053388157074861324,0.23984358661407168,0.1873469960878568,0.51942126022321,25,50,10
28,2592,0.05338808496329901,0.23984358661405478,0.18734699678763456,0.5194213316350115,25,50,10
28,2593,0.05339606820326234,0.2398355956134212,0.18734700452884265,0.5194213316544736,25,50,10
28,2594,0.053396175986980154,0.2398355956134387,0.18734700479342561,0.519421223606155,25,50,10
28,2595,0.05341452088925382,0.2398355956154948,0.18734706453470543,0.5194028189605457,25,50,10
28,2596,0.05339218638814182,0.2398355956132976,0.18734699162776572,0.5194252263707948,25,50,10
28,2597,0.0421005156255009,0.2398354682287888,0.19863879158597839,0.5194252245597337,25,50,10
28,2598,0.04209462284178891,0.23984136073161685,0.198638791862523,0.5194252245640733,25,50,10
28,2599,0.04209423674003406,0.239841360731864,0.198638809592821,0.519425592935283,25,50,10
28,2600,0.04209426493166946,0.23984136073188367,0.19863881098725444,0.519425563349194,25,50,10
28,2601,0.041089150367703685,0.23984136073724469,0.1996439255465843,0.5194255633484686,25,50,10
28,2602,0.04158716670784524,0.23984136067473602,0.19914590927031714,0.5194255633471019,25,50,10
28,2603,0.04317606226650047,0.23984135779537114,0.19755698300380975,0.5194255969343192,25,50,10
28,2604,0.04317420776625621,0.23984135779531882,0.19755697727245444,0.5194274571659716,25,50,10
28,2605,0.04292990365866014,0.2398413577909411,0.19755644097979094,0.51967229757061,25,50,10
28,2606,0.0429338603057146,0.2398413577910815,0.19755645811844752,0.5196683237847585,25,50,10
28,2607,0.04292794017271461,0.23984135779106303,0.1975564568194471,0.5196742452167773,25,50,10
28,2608,0.04292390898816057,0.23984135779113339,0.19755646283758108,0.5196782703831271,25,50,10
28,2609,0.04292394222318031,0.23984132288652443,0.19755646449749167,0.5196782703928062,25,50,10
28,2610,0.042924045231296296,0.23984132288654042,0.19755646466146462,0.519678167220701,25,50,10
28,2611,0.0429180532141299,0.23984132288650348,0.19755646398988083,0.5196841599094878,25,50,10
28,2612,0.042924043592406765,0.2398413228864859,0.19755646367956273,0.5196781698415467,25,50,10
28,2613,0.0429179152489839,0.23984745274277608,0.1975564621763807,0.5196781698318614,25,50,10
28,2614,0.04291195494078805,0.23985341560058215,0.1975564596266872,0.5196781698319451,25,50,10
28,2615,0.04291783658096532,0.23985341560058182,0.19755645957992685,0.5196722882385285,25,50,10
28,2616,0.04291780451159359,0.2398534156005816,0.1975564592788307,0.5196723206089962,25,50,10
28,2617,0.04425064442947972,0.23985341560080575,0.19755693214045503,0.5183390078292613,25,50,10
28,2618,0.04425074852505168,0.23985341560082327,0.1975569324503894,0.518338903423737,25,50,10
28,2619,0.04292197523219001,0.239853415600601,0.1975564598406226,0.5196681493265878,25,50,10
28,2620,0.058507587892175625,0.23985341560923082,0.18197084616060796,0.5196681503379865,25,50,10
28,2621,0.058531403706620216,0.23982958112783656,0.18197086480861088,0.519668150356933,25,50,10
28,2622,0.058648764097612466,0.239712066596405,0.1819710189298392,0.519668150376144,25,50,10
28,2623,0.05864677517142684,0.2397120665963876,0.18197101057707077,0.5196701476551158,25,50,10
28,2624,0.058888309519504356,0.23969765536526227,0.18174388689823054,0.5196701482170055,25,50,10
28,2625,0.058888242311031874,0.23969765536533294,0.18174389110103892,0.5196702112225989,25,50,10
28,2626,0.05913224919568298,0.2396976553696743,0.1817444887383272,0.519425606696319,25,50,10
28,2627,0.06060618236549004,0.23969765884007876,0.18026937791977315,0.5194267808746623,25,50,10
28,2628,0.060600286584012085,0.23969765884007713,0.18026937597482312,0.5194326786010924,25,50,10
28,2629,0.0591353901489299,0.23969765860047093,0.1817343053787057,0.5194326458719002,25,50,10
28,2630,0.050962452971248885,0.23969765849974248,0.18990723159606496,0.5194326569329512,25,50,10
28,2631,0.05186841843679729,0.2396976585038739,0.1899077730200894,0.5185261500392465,25,50,10
28,2632,0.051876618096622175,0.23969765850400304,0.18990780340826977,0.5185179199911122,25,50,10
28,2633,0.05187076259014295,0.23969765850402183,0.18990780477448232,0.5185237741313596,25,50,10
28,2634,0.051998292129227124,0.23969765851017094,0.18990821925385262,0.5183958301067563,25,50,10
28,2635,0.052345994517928846,0.23969765851401775,0.18956051766920642,0.5183958292988539,25,50,10
28,2636,0.0523437156252836,0.23969765851390856,0.18956048875571696,0.5183981371050977,25,50,10
28,2637,0.05234382108980537,0.2396976585139436,0.18956048928041086,0.5183980311158468,25,50,10
28,2638,0.05189023562399362,0.23969740436643153,0.19001432944878574,0.5183980305607885,25,50,10
28,2639,0.05185451476424857,0.2397331431543687,0.19001431155882198,0.5183980305225604,25,50,10
28,2640,0.05185637608181105,0.23973314315445762,0.1900143189533468,0.5183961618103843,25,50,10
28,2641,0.05095457279518228,0.2397331431544839,0.19001393859530807,0.5192983454550256,25,50,10
28,2642,0.05096067037001178,0.23972704569770656,0.19001393847717682,0.5192983454551046,25,50,10
28,2643,0.05096077627830401,0.2397270456977585,0.19001394225188017,0.519298235772057,25,50,10
28,2644,0.05096669859273795,0.23972704569777728,0.19001394371307392,0.5192923119964106,25,50,10
28,2645,0.05072244802046326,0.23972704569338277,0.19001334323092967,0.5195371630552237,25,50,10
28,2646,0.05072205371042537,0.23972744207660515,0.19001334115375332,0.5195371630592144,25,50,10
28,2647,0.05072003588690373,0.23972769519912582,0.1900151055926627,0.5195371633213062,25,50,10
28,2648,0.05072616579672079,0.23972769519910953,0.19001510737957222,0.5195310316245956,25,50,10
28,2649,0.05085482699664948,0.23972769282790043,0.18988644795377002,0.5195310322216782,25,50,10
28,2650,0.05085482829308595,0.23972769282790007,0.18988644789073195,0.5195310309882804,25,50,10
28,2651,0.0508507989353883,0.23973171612273236,0.18988645394389456,0.519531030997983,25,50,10
28,2652,0.05085862119940705,0.23973171611852076,0.18988629408469054,0.51952336859738,25,50,10
28,2653,0.05085882892883433,0.2397317161184319,0.18988628859274634,0.519523166359987,25,50,10
28,2654,0.05085896881960002,0.23973171611848504,0.18988629143447716,0.5195230236274372,25,50,10
28,2655,0.050710129334911834,0.23973146972882847,0.1900353781965505,0.5195230227397086,25,50,10
28,2656,0.05071013370553052,0.23973146972882875,0.19003537823945046,0.51952301832619,25,50,10
28,2657,0.0504718050218783,0.23973146526159045,0.1902737119730094,0.5195230177435202,25,50,10
28,2658,0.05047191011098269,0.23973146526187797,0.19027373586693347,0.5195228887602049,25,50,10
28,2659,0.050473624621470654,0.23973146526217853,0.19027375948076394,0.5195211506355859,25,50,10
28,2660,0.0500185855233013,0.23973147142555157,0.19072879247029628,0.519521150580853,25,50,10
28,2661,0.05004282050239373,0.23973146698600323,0.19070456189211124,0.5195211506194943,25,50,10
28,2662,0.05004306434893069,0.23973146698600545,0.19070456199593902,0.5195209066691272,25,50,10
28,2663,0.0490386151905164,0.23973146790407682,0.19171018275523966,0.5195197341501703,25,50,10
28,2664,0.04903850644406079,0.23973157682625199,0.19171018257960043,0.5195197341500895,25,50,10
28,2665,0.048927106475999765,0.2398431316321259,0.19171002776107926,0.5195197341307981,25,50,10
28,2666,0.0489269718097691,0.2398431316321259,0.19171002580868682,0.5195198707494211,25,50,10
28,2667,0.048793558357293876,0.23984313162574458,0.19170959162476628,0.5196537183921976,25,50,10
28,2668,0.05723915792742293,0.23984313158134554,0.183264006607703,0.5196537038835307,25,50,10
28,2669,0.05724115740575317,0.23984313158154116,0.1832640200873343,0.5196516909253738,25,50,10
28,2670,0.05724087732308191,0.23984313158150358,0.18326401742024753,0.5196519736751692,25,50,10
28,2671,0.05770675052990566,0.23984313158784587,0.18326458497510212,0.5191855329071483,25,50,10
28,2672,0.057708642599579064,0.23984313158793505,0.18326459241569767,0.5191836333967896,25,50,10
28,2673,0.05770877451168992,0.23984313158793655,0.1832645895191547,0.5191835043812194,25,50,10
28,2674,0.057706774427550664,0.2398431315877403,0.18326457524953127,0.5191855187351784,25,50,10
28,2675,0.05770078524559713,0.23984313158745307,0.18326455137152262,0.5191915317954274,25,50,10
28,2676,0.05768432922881968,0.2398431255262824,0.1832810134305285,0.5191915318143695,25,50,10
28,2677,0.05767822971295064,0.23984312552628206,0.18328101341636518,0.5191976313444022,25,50,10
28,2678,0.057684115740806424,0.2398431255262463,0.1832810108475433,0.519191747885404,25,50,10
28,2679,0.0576902807553266,0.23984312552630038,0.18328101478649025,0.5191855789318829,25,50,10
28,2680,0.05815835775874104,0.23937461153195316,0.18328145093476084,0.5191855797745449,25,50,10
28,2681,0.0576849334679322,0.2393746071381069,0.18375488125033979,0.5191855781436214,25,50,10
28,2682,0.05769302547198366,0.23936650723961697,0.183754889135178,0.5191855781532215,25,50,10
28,2683,0.05768695638202842,0.23936650723606057,0.18376095823356425,0.5191855781483472,25,50,10
28,2684,0.05768720047343998,0.2393662625058054,0.18376095888193533,0.5191855781388208,25,50,10
28,2685,0.057687231162920224,0.23936623110252994,0.1837609595956541,0.5191855781388967,25,50,10
28,2686,0.05768494869398272,0.23936623117295347,0.18024770005501897,0.5227011200780456,25,50,10
28,2687,0.05770060570545454,0.239366231173041,0.18024770820698066,0.5226854549145247,25,50,10
28,2688,0.04436920945133183,0.2393662519643245,0.1934530877847638,0.5228114507995812,25,50,10
28,2689,0.04436920748933628,0.23936625196432446,0.1934530877820642,0.5228114527642765,25,50,10
28,2690,0.044363077084832475,0.2393662518548434,0.19345921829117213,0.5228114527691542,25,50,10
28,2691,0.04389121005266456,0.23936625184848354,0.1934586504334755,0.5232838876653784,25,50,10
28,2692,0.043883366392002,0.23937410117134428,0.19345864478079478,0.5232838876558604,25,50,10
28,2693,0.04389730907658243,0.23937410117143273,0.19345865198780493,0.5232699377641812,25,50,10
28,2694,0.04391990291433508,0.23937410116789265,0.1969515806521072,0.5197544152656675,25,50,10
28,2695,0.04391796998523673,0.23937410116778715,0.19695157403692096,0.5197563548100582,25,50,10
28,2696,0.043910297816212036,0.23937410116778807,0.19695157235202887,0.519764028663974,25,50,10
28,2697,0.04391015512573526,0.23937424515796082,0.19695157105250272,0.519764028663804,25,50,10
28,2698,0.043910055360874896,0.2393742451579618,0.19695157110001382,0.5197641283811533,25,50,10
28,2699,0.04390199506067675,0.239374245157927,0.19695156552707643,0.5197721942543232,25,50,10
28,2700,0.04390003497532447,0.23937424515764272,0.19695154109751856,0.5197741787695171,25,50,10
28,2701,0.043900000320663046,0.23937424515764363,0.1969515797490153,0.5197741747726804,25,50,10
28,2702,0.04389397748789072,0.23938026853262812,0.19695157920210865,0.5197741747773744,25,50,10
28,2703,0.043894012525775856,0.23938023285643428,0.1969515798448434,0.5197741747729484,25,50,10
28,2704,0.06647641080859153,0.23938021249984368,0.1744805963467785,0.5196627803447883,25,50,10
28,2705,0.06600647668964732,0.23985058733208636,0.17448015648592446,0.5196627794923439,25,50,10
28,2706,0.06600444230148027,0.2398505873322102,0.17448016837266664,0.5196648019936448,25,50,10
28,2707,0.06600454745930275,0.23985048223265842,0.1744801683145609,0.5196648019934799,25,50,10
28,2708,0.06599876671699621,0.23985048223265845,0.1744801683176788,0.5196705827326685,25,50,10
28,2709,0.06603480123308182,0.2398504822328897,0.17448018794480094,0.5196345285892295,25,50,10
28,2710,0.06603676367349251,0.23985048223297692,0.17448019423525163,0.5196325598582809,25,50,10
28,2711,0.06605561390734026,0.2398504822403175,0.17446134307740663,0.5196325607749381,25,50,10
28,2712,0.06605946173048716,0.23984664130701291,0.1744613361782269,0.5196325607842753,25,50,10
28,2713,0.06606566703930666,0.2398466413070138,0.17446133626376578,0.5196263553899161,25,50,10
28,2714,0.0660615975301166,0.23984664130699382,0.17446133676165046,0.5196304244012412,25,50,10
28,2715,0.06605560632254011,0.23984664130693908,0.17446129921899461,0.5196364531515283,25,50,10
28,2716,0.06601767964900696,0.23984664130661962,0.1744612723025827,0.5196744067417928,25,50,10
28,2717,0.06602379121100703,0.2398405264324715,0.17446127560910266,0.5196744067474208,25,50,10
28,2718,0.06605004882013078,0.23981402046852182,0.17446152311579408,0.5196744075955553,25,50,10
28,2719,0.06605771855676987,0.23981402046852016,0.1744615238699507,0.5196667371047613,25,50,10
28,2720,0.06605764797316371,0.2398140204685386,0.1744615252316429,0.5196668063266567,25,50,10
28,2721,0.0656254061333722,0.23981402580617,0.17489371301362872,0.5196668550468314,25,50,10
28,2722,0.0656256850591867,0.23981374763770558,0.17489371226027756,0.5196668550428325,25,50,10
28,2723,0.06565422206359492,0.23981374763783528,0.17489376445374943,0.5196382658448225,25,50,10
28,2724,0.06564031196855882,0.23981374757106586,0.17490769321876215,0.5196382472416162,25,50,10
28,2725,0.053136993951308956,0.23981375483982784,0.18742547458780076,0.5196237766210651,25,50,10
28,2726,0.05313717881466837,0.23981375483977527,0.1874254727482684,0.5196235935972909,25,50,10
28,2727,0.053142999579700055,0.23981375483973802,0.18742547004557783,0.5196177755349868,25,50,10
28,2728,0.05313860678294874,0.2398181459069825,0.1874254717712759,0.5196177755387956,25,50,10
28,2729,0.053125854669362996,0.23981814589961012,0.1874382248325502,0.5196177745984807,25,50,10
28,2730,0.053125749236058104,0.2398181458995926,0.18743822455329123,0.519617880311062,25,50,10
28,2731,0.05335018492717367,0.2398181458998436,0.18743857312003173,0.5193930960529547,25,50,10
28,2732,0.05334590079939344,0.23981814589991085,0.18743857889531498,0.5193973744053845,25,50,10
28,2733,0.05336968344128667,0.23979434553767934,0.18743859658144613,0.5193973744395912,25,50,10
28,2734,0.053375609101687455,0.23979434553768034,0.18743859759809958,0.5193914477625357,25,50,10
28,2735,0.019579735335472588,0.23979791361996391,0.22123058986585392,0.5193917611787122,25,50,10
28,2736,0.019561391986930375,0.23979791370087597,0.22124893314405283,0.5193917611681396,25,50,10
28,2737,0.01956756033658206,0.23979791370087786,0.22124893944159385,0.5193855865209451,25,50,10
28,2738,0.019573688796156695,0.2397979137009138,0.22124894105563814,0.5193794564472904,25,50,10
28,2739,0.019541765665139113,0.23983007892786104,0.22124869981164244,0.5193794555953559,25,50,10
28,2740,0.019547407481276455,0.23983007892938202,0.22124186838158605,0.5193806452077552,25,50,10
28,2741,0.019547131083712296,0.23983035726211605,0.22124186644700927,0.519380645207162,25,50,10
28,2742,0.019613843688543707,0.2398303682548503,0.22117514266364538,0.5193806453929605,25,50,10
28,2743,0.019613736841739414,0.23983047485987743,0.22117514290534074,0.5193806453930422,25,50,10
28,2744,0.01961369707942696,0.23983047485987638,0.2211751418828247,0.5193806861778717,25,50,10
28,2745,0.019583405642554324,0.23983047485973288,0.22117508780716463,0.5194110316905484,25,50,10
28,2746,0.019575454933207847,0.23983047485966225,0.22117508183650705,0.5194189883706233,25,50,10
28,2747,0.019577554515711682,0.2398283655620037,0.22117509154146353,0.5194189883808211,25,50,10
28,2748,0.019575273143469473,0.239828365562161,0.22117509863822832,0.5194212626561413,25,50,10
28,2749,0.019575416452484673,0.23982836556221657,0.22117509939178354,0.5194211185935158,25,50,10
28,2750,0.01958338112563686,0.23982836556226889,0.2211751075060402,0.5194131458060547,25,50,10
28,2751,0.019575038629135483,0.23982836556059028,0.2211846178509147,0.51941197795936,25,50,10
28,2752,0.03266943160507351,0.2399845372562299,0.20793436920048924,0.5194116619382082,25,50,10
28,2753,0.03266957503905664,0.23998439363957697,0.2079343693828154,0.5194116619385521,25,50,10
28,2754,0.0326756696620099,0.2399782992252822,0.20793436917432725,0.519411661938382,25,50,10
28,2755,0.032673821470308964,0.23997829922523028,0.20793436358394615,0.519413515720516,25,50,10
28,2756,0.05204018032453468,0.23997868321053997,0.18856613845385606,0.5194149980110718,25,50,10
28,2757,0.0520401753857936,0.23997868321053933,0.1885661382886604,0.5194150031150092,25,50,10
28,2758,0.05205824923213199,0.23997868321053986,0.188566138301602,0.5193969292557286,25,50,10
28,2759,0.05206042251555787,0.23997652434830122,0.1885661238996324,0.5193969292365109,25,50,10
28,2760,0.05250842811862548,0.23997652435344527,0.1885665563336176,0.5189484911943135,25,50,10
28,2761,0.05251641791474711,0.23999774774458613,0.1885373425573097,0.5189484917833601,25,50,10
28,2762,0.05251827761610984,0.23999588070107886,0.1885373498947833,0.5189484917880308,25,50,10
28,2763,0.052518273904283694,0.23999588070107886,0.1885373499009658,0.518948495493674,25,50,10
28,2764,0.052512388598279454,0.2399958807010792,0.18853734997212487,0.5189543807285181,25,50,10
28,2765,0.05251859029035684,0.23999588070220854,0.1885311482744022,0.5189543807330315,25,50,10
28,2766,0.0525185552360886,0.23999588070218977,0.18853114688612024,0.5189544171756002,25,50,10
28,2767,0.05249845501465982,0.23999588070213515,0.18853114196960366,0.5189745223136003,25,50,10
28,2768,0.052494182198263975,0.24000014836564543,0.18853114710862506,0.5189745223274645,25,50,10
28,2769,0.052963957741196645,0.2400001483759026,0.18853161505454696,0.518504278828354,25,50,10
28,2770,0.052969695477208784,0.23999441847515887,0.18853160722499676,0.5185042788226359,25,50,10
28,2771,0.05294599078344325,0.2400181389531193,0.18853159146490475,0.5185042787985334,25,50,10
28,2772,0.052940061732342565,0.2400240658812913,0.18853159359750996,0.5185042787888569,25,50,10
28,2773,0.0529359306193449,0.24002818945499488,0.18853160111775435,0.5185042788079066,25,50,10
28,2774,0.05294805173856488,0.2400160667899336,0.18853160266343494,0.5185042788080673,25,50,10
28,2775,0.05294181632089034,0.24001606678893966,0.18853783808678085,0.5185042788033901,25,50,10
28,2776,0.052501823597814384,0.2400160667838662,0.18853741182339995,0.5189446977949206,25,50,10
28,2777,0.02066711030851176,0.24001567653816863,0.22034244114907967,0.5189747720042399,25,50,10
28,2778,0.0206630823142688,0.24001567653823833,0.22034649174882268,0.5189747493986728,25,50,10
28,2779,0.02043244200437409,0.240015676537986,0.22034614417486748,0.5192057372827752,25,50,10
28,2780,0.040217905897044215,0.23985925091372592,0.20071176998238438,0.5192110732068489,25,50,10
28,2781,0.04021976426484298,0.23985925091379603,0.20071177594646222,0.5192092088749019,25,50,10
28,2782,0.04021832659385767,0.2398606934485549,0.2007117711014715,0.5192092088561189,25,50,10
28,2783,0.040204207714202564,0.2398394700574628,0.20074711343914206,0.5192092087891932,25,50,10
28,2784,0.040210198851543505,0.23983947005749873,0.2007471129505488,0.5192032181404096,25,50,10
28,2785,0.040208479892962466,0.23984119454570468,0.2007471074352076,0.5192032181261269,25,50,10
28,2786,0.040208447246277104,0.23984119454566868,0.2007471057931206,0.5192032524149357,25,50,10
28,2787,0.03999535540954384,0.23984119310954793,0.20099188625773565,0.519171565223175,25,50,10
28,2788,0.03997154658751211,0.239841193109407,0.20099187317979264,0.5191953871232905,25,50,10
28,2789,0.03997953724701744,0.2398331927167733,0.20099188290322656,0.5191953871329844,25,50,10
28,2790,0.039513791989092766,0.23983319270646392,0.20099140818776923,0.5196616071166743,25,50,10
28,2791,0.039513934144822294,0.23983319270646553,0.20099140875360497,0.5196614643951075,25,50,10
28,2792,0.03952376762556862,0.23982334551948303,0.20099142242564175,0.5196614644293067,25,50,10
28,2793,0.0395218040711522,0.2398233455193613,0.20099141363961834,0.5196634367698683,25,50,10
28,2794,0.039517880230490736,0.23982334551922144,0.20099140264303983,0.519667371607248,25,50,10
28,2795,0.039517880244098934,0.23982334546010894,0.2009914026885427,0.5196673716072494,25,50,10
28,2796,0.039359406947621266,0.2398233454443837,0.20114987715497495,0.51966737045302,25,50,10
28,2797,0.03935499113871795,0.23982775673632106,0.20114988166292475,0.5196673704620349,25,50,10
28,2798,0.039348999424434365,0.23982775673628537,0.2011498810733758,0.5196733627659031,25,50,10
28,2799,0.03936896546765463,0.23982775673635662,0.2011498872684006,0.5196533905275867,25,50,10
28,2800,0.03938788132168056,0.23982776113117915,0.2011309667220333,0.519653390825105,25,50,10
28,2801,0.03938020544261025,0.23983544021970393,0.2011309632064534,0.5196533911312317,25,50,10
28,2802,0.03940195442880272,0.23983544021980718,0.20113097077763084,0.5196316345737586,25,50,10
28,2803,0.03940205881745312,0.23983544021978964,0.201130971134648,0.5196315298281086,25,50,10
28,2804,0.039422019488140975,0.23981547389852342,0.2011309767707093,0.5196315298426256,25,50,10
28,2805,0.03941604904700034,0.23981547389851904,0.20113694722800599,0.519631529826474,25,50,10
28,2806,0.0398994397105586,0.23981547390280017,0.2006535554396427,0.5196315309469979,25,50,10
28,2807,0.039899439699204106,0.23981547390279953,0.2006535553882043,0.5196315310097914,25,50,10
28,2808,0.04016941903148616,0.23981547391539507,0.20038357593421677,0.5196315311189039,25,50,10
28,2809,0.04016149038366873,0.23981547391538033,0.20038357050601785,0.5196394651949359,25,50,10
28,2810,0.04019938368481248,0.23981547391566382,0.20038359503206377,0.5196015473674624,25,50,10
28,2811,0.04023703652867849,0.23977007064661646,0.20039134541884254,0.5196015474058651,25,50,10
28,2812,0.04024313734513687,0.23977007064665334,0.20039134606908587,0.5195954459391264,25,50,10
28,2813,0.04023682971385358,0.23977638439232207,0.200391340270433,0.5195954456233938,25,50,10
28,2814,0.040236550924538345,0.23977666789007288,0.20039133555747832,0.5195954456279125,25,50,10
28,2815,0.04066608841963212,0.23977742028084223,0.1999609210136578,0.5195955702858698,25,50,10
28,2816,0.04067197299672505,0.23977153585988792,0.19996092085786862,0.5195955702855204,25,50,10
28,2817,0.04040813903366803,0.23977153585349587,0.2002247554486361,0.5195955696642016,25,50,10
28,2818,0.040408178153498724,0.23977149447908835,0.2002247577078051,0.5195955696596094,25,50,10
28,2819,0.04041413565105966,0.23977149447910562,0.2002247569757812,0.5195896128940549,25,50,10
28,2820,0.040410069630385854,0.23977555710595502,0.2002247603600849,0.5195896129035754,25,50,10
28,2821,0.04041605856172696,0.23977555710597126,0.20022476054997557,0.5195836237823276,25,50,10
28,2822,0.04040982307649606,0.2397755571059706,0.20022475941270834,0.5195898604048264,25,50,10
28,2823,0.04038793462661845,0.2397755571058131,0.20022474807466242,0.5196117601929068,25,50,10
28,2824,0.04035602819162002,0.23981521451973922,0.20021699712954863,0.5196117601590933,25,50,10
28,2825,0.0403542111140173,0.2398152145196911,0.2002188141294651,0.5196117602368314,25,50,10
28,2826,0.04035228116694249,0.23981714831606724,0.20021881028968724,0.5196117602273079,25,50,10
28,2827,0.04037045886353553,0.23981714832044,0.20020060229814424,0.5196117905178848,25,50,10
28,2828,0.04040022365828696,0.23981714832040293,0.20017083761405532,0.5196117904072591,25,50,10
28,2829,0.040384426577682646,0.23981714832028034,0.20017082685354307,0.5196275982484976,25,50,10
28,2830,0.0408377164878496,0.23981714832429676,0.19971756655959147,0.5196275686282672,25,50,10
28,2831,0.040833382030814845,0.2398214961280857,0.19971755323293638,0.5196275686081682,25,50,10
28,2832,0.04083362602797104,0.23982149612806938,0.19971755405143202,0.5196273237925328,25,50,10
28,2833,0.04082760173446275,0.23982149612801554,0.19971755109563985,0.5196333510418869,25,50,10
28,2834,0.04082746650336237,0.23982149612799616,0.1997175496882502,0.5196334876803964,25,50,10
28,2835,0.04082154525169698,0.23982742021029022,0.1997175468673915,0.5196334876706263,25,50,10
28,2836,0.04081752108298778,0.239827420210395,0.19971755539489197,0.5196375033117304,25,50,10
28,2837,0.040811530759696145,0.2398274202104125,0.19971755569346128,0.519643493336435,25,50,10
28,2838,0.0409273859909042,0.239711316763759,0.19971780387955604,0.5196434933657855,25,50,10
28,2839,0.0408895987507567,0.23971131676349494,0.19971777987372566,0.5196813046120269,25,50,10
28,2840,0.0408956876559097,0.2397113167635295,0.19971778035102491,0.5196752152295399,25,50,10
28,2841,0.04087885104058229,0.23971131244664368,0.19973462156082872,0.5196752149519505,25,50,10
28,2842,0.040882805955572026,0.23971131244680163,0.19973463395799793,0.5196712476396333,25,50,10
28,2843,0.04088280788545186,0.2397113124467997,0.19973463379049833,0.5196712458772549,25,50,10
28,2844,0.04088476594282435,0.2397113124468679,0.199734639737814,0.5196692818724984,25,50,10
28,2845,0.04088473270278468,0.23971134778920308,0.19973463763560254,0.5196692818724146,25,50,10
28,2846,0.04088462723430201,0.2397114535286544,0.19973463736931302,0.5196692818677356,25,50,10
28,2847,0.04128387442174146,0.23971144252256724,0.19933538498344539,0.519669298072245,25,50,10
28,2848,0.04128379924119461,0.23971144252255094,0.19933538579073468,0.5196693724455189,25,50,10
28,2849,0.041289793112240035,0.23970544875403182,0.19933538568812773,0.5196693724455995,25,50,10
28,2850,0.04117386874143107,0.23982161599763863,0.19933514284459192,0.5196693724163375,25,50,10
28,2851,0.041179754751851795,0.2398216159976386,0.19933514285621928,0.5196634863942893,25,50,10
28,2852,0.041173864426982586,0.2398216159976361,0.19933514268116706,0.5196693768942139,25,50,10
28,2853,0.04117371190947317,0.23982161592096907,0.19933529528056101,0.519669376888996,25,50,10
28,2854,0.041170138922907176,0.2398216159209372,0.1993352911272853,0.5196729540288694,25,50,10
28,2855,0.040709758346432326,0.23982161590869006,0.19979563324348923,0.5196729925013893,25,50,10
28,2856,0.04070976024613543,0.23982161590869006,0.1997956332749446,0.519672990570231,25,50,10
28,2857,0.04071025341615958,0.23982112335844505,0.19979563263567673,0.5196729905897198,25,50,10
28,2858,0.04071035537367023,0.23982112335853703,0.1997956393712943,0.5196728818964993,25,50,10
28,2859,0.04072405554381122,0.23982112335858985,0.19979564410991585,0.519659176987684,25,50,10
28,2860,0.041080397220158674,0.23982112336302314,0.19979630042879498,0.5193021789880242,25,50,10
28,2861,0.040219038890738454,0.23982037096822062,0.20065853686966326,0.5193020532713782,25,50,10
28,2862,0.039862768716605435,0.23982037096380387,0.20065787976961405,0.5196589805499771,25,50,10
28,2863,0.03986872607165911,0.2398203709638574,0.20065788751548613,0.5196530154489976,25,50,10
28,2864,0.040338273588862175,0.2398203709680695,0.20065825409234742,0.5191831013507217,25,50,10
28,2865,0.04209873541221071,0.2398203709723481,0.20066041203278256,0.5174204815826595,25,50,10
28,2866,0.042092845745273166,0.2398262604188849,0.20066041225317693,0.5174204815826654,25,50,10
28,2867,0.04032656814110554,0.23982626041469676,0.20065826089857883,0.5191889105456192,25,50,10
28,2868,0.04149541049611624,0.23982626470286805,0.1994893933444062,0.51918893145661,25,50,10
28,2869,0.04147961348807728,0.2398420724880673,0.19948938258160262,0.5191889314422539,25,50,10
28,2870,0.0414756608997737,0.23984601051887858,0.19948939710470126,0.5191889314766476,25,50,10
28,2871,0.04147562700324322,0.23984601051877186,0.1994893864511458,0.5191889760268403,25,50,10
28,2872,0.04147370034174789,0.23984601051870272,0.19948938350333628,0.5191909056362142,25,50,10
28,2873,0.04147797144657614,0.2398460105185807,0.19948937570386355,0.5191866423309804,25,50,10
28,2874,0.04100821326519015,0.23984601051429724,0.19948900437445538,0.5196567718460579,25,50,10
28,2875,0.04100804457238154,0.23984601051424564,0.19948900114819285,0.5196569437651806,25,50,10
28,2876,0.04101410566567827,0.23984601051413862,0.1994889953167883,0.5196508885033954,25,50,10
28,2877,0.04101385866654688,0.23984601051415516,0.19948899463881095,0.5196511361804876,25,50,10
28,2878,0.04101333159590579,0.23984654210656287,0.1994889901365395,0.5196511361609925,25,50,10
28,2879,0.04122774357927129,0.23984654211095507,0.1992745565061553,0.519651157803617,25,50,10
28,2880,0.04123401494103174,0.23984654211093934,0.1992745583650602,0.5196448845829671,25,50,10
28,2881,0.0412340852906735,0.23984654211095624,0.19927455555618295,0.5196448170421859,25,50,10
28,2882,0.041233940341843675,0.23984669087228336,0.1992745517439455,0.5196448170419266,25,50,10
28,2883,0.041700493168150714,0.2398466910163387,0.19880799847781463,0.5196448173376954,25,50,10
28,2884,0.04169447388161203,0.23984669101635817,0.19880800484497171,0.5196508302570575,25,50,10
28,2885,0.04170045962332312,0.23984669101660333,0.1988080245474048,0.5196448248126682,25,50,10
28,2886,0.04169436314396853,0.23985278806283758,0.19880802398996425,0.5196448248032294,25,50,10
28,2887,0.04170262923101355,0.23985278806290733,0.19880802998403366,0.5196365527220448,25,50,10
28,2888,0.041692677813103096,0.23985278806304972,0.19880804132184962,0.5196464928019962,25,50,10
28,2889,0.04168840352497373,0.23985278806311824,0.19880804733076943,0.5196507610811373,25,50,10
28,2890,0.041682131549160326,0.23985278806313332,0.1988080454039101,0.519657034983795,25,50,10
28,2891,0.04168227107371905,0.23985278806295568,0.1988080296231076,0.5196569112402163,25,50,10
28,2892,0.0705920741917489,0.23985278471904992,0.16989825071621745,0.5196568903729842,25,50,10
28,2893,0.07060591449820416,0.23983893610616572,0.16989825901321637,0.5196568903824142,25,50,10
28,2894,0.07107370308982694,0.23985268788295866,0.16941580980060825,0.5196577992266063,25,50,10
28,2895,0.07106274034175081,0.2398526878818673,0.16942681170298904,0.5196577600733966,25,50,10
28,2896,0.07105685548494306,0.23985268788188482,0.16942681298884693,0.5196636436443292,25,50,10
28,2897,0.0710507581569331,0.2398526878819198,0.16942681357047729,0.519669740390674,25,50,10
28,2898,0.07011641849370708,0.23983918904352106,0.17037556121733197,0.5196688312454442,25,50,10
28,2899,0.07012636731119697,0.23982920754414427,0.17037559385100678,0.5196688312936563,25,50,10
28,2900,0.07012629146273684,0.2398292921269157,0.17037558514607226,0.519668831264279,25,50,10
28,2901,0.07012229509652053,0.23982929212702275,0.1703755938026489,0.5196728189738116,25,50,10
28,2902,0.07012636074551963,0.23982929212697113,0.17037558814818016,0.5196687589793322,25,50,10
28,2903,0.07011599123179538,0.2398292921269693,0.17037558895352692,0.519679127687711,25,50,10
28,2904,0.0701140996550183,0.23982929212686357,0.1703755803249423,0.5196810278931784,25,50,10
28,2905,0.07012243482282857,0.2398292921269892,0.17037558935473698,0.5196726836954478,25,50,10
28,2906,0.07012066348877967,0.23982929212576243,0.17037736036068624,0.5196726840247747,25,50,10
28,2907,0.07012657948731521,0.23982929212576085,0.17037735431081466,0.5196667740761123,25,50,10
28,2908,0.070128826561423,0.23982929212553053,0.17037733868794416,0.5196645426251049,25,50,10
28,2909,0.07012500677118592,0.23983314290885022,0.17037730773330356,0.5196645425866627,25,50,10
28,2910,0.07059663257519393,0.23983314291519262,0.17037782753839978,0.5191923969712161,25,50,10
28,2911,0.08043694397584517,0.2398331419709871,0.16053751716104991,0.51919239689212,25,50,10
28,2912,0.08042868030758525,0.23983314197084385,0.16053750672993,0.5192006709916431,25,50,10
28,2913,0.0804305398377318,0.23983314197091424,0.1605375128001563,0.5191988053911998,25,50,10
28,2914,0.08043053798381865,0.239833141970913,0.16053751276053405,0.5191988072847364,25,50,10
28,2915,0.08042450729468116,0.2398331419709158,0.1605375180107607,0.5192048327236445,25,50,10
28,2916,0.08042443695584867,0.2398331419708989,0.16053752083988726,0.5192049002333673,25,50,10
28,2917,0.09705712735839446,0.2398328888880129,0.14390508350441777,0.5192049002491769,25,50,10
28,2918,0.09705712983711459,0.2398328888880492,0.14390508616343792,0.5192048951114,25,50,10
28,2919,0.09706333799717665,0.2398328888880492,0.14390509125046042,0.5191986818643155,25,50,10
28,2920,0.06288662660830674,0.239832888942794,0.17805967946411846,0.5192208049847842,25,50,10
28,2921,0.04766282337913223,0.24300455369169746,0.19011177994677125,0.5192208429824029,25,50,10
28,2922,0.04767063571008949,0.24299673478000564,0.19011178652776128,0.5192208429821474,25,50,10
28,2923,0.04767466418117006,0.2429927120989459,0.19011178074258678,0.519220842977301,25,50,10
28,2924,0.047668425868532385,0.24299271209894627,0.19011177876938287,0.519227083263142,25,50,10
28,2925,0.04629620234018189,0.23982104753189937,0.1946557048481029,0.5192270452798193,25,50,10
28,2926,0.046305546796959536,0.23982141547454375,0.19464599276285466,0.519227044965646,25,50,10
28,2927,0.08385307499040691,0.23982141552007788,0.15691239246022184,0.5194131170292998,25,50,10
28,2928,0.0838529341911851,0.2398214155200056,0.15691238717821107,0.5194132631106038,25,50,10
28,2929,0.08341111310665611,0.23982141551385705,0.1569118862663766,0.5198555851131157,25,50,10
28,2930,0.08338144461172861,0.2398214155136986,0.15691186993499756,0.5198852699395806,25,50,10
28,2931,0.06894879100071931,0.23982141599089352,0.17153015688196901,0.5196996361264232,25,50,10
28,2932,0.06894084606123392,0.23982936886119577,0.1715301489559835,0.5196996361215913,25,50,10
28,2933,0.06893926722599417,0.23982936886116296,0.1715301456626122,0.5197012182502351,25,50,10
28,2934,0.06893924327657175,0.23982939371986592,0.17153014475323336,0.5197012182503332,25,50,10
28,2935,0.06893507910691885,0.2398293937200258,0.1715301573282012,0.5197053698448583,25,50,10
28,2936,0.08524397490404051,0.23983109209342846,0.15521999168421646,0.519704941318319,25,50,10
28,2937,0.08571567486310547,0.23983109209785242,0.15522037117153326,0.5192328618675135,25,50,10
28,2938,0.08572167015096908,0.2398310920977632,0.15522036974688036,0.5192268680043921,25,50,10
28,2939,0.08665093048339025,0.2398277726572775,0.15429813401749262,0.5192231628418442,25,50,10
28,2940,0.0866529282329825,0.23982777265711827,0.1542981205332766,0.5192211785766269,25,50,10
28,2941,0.08663922872763957,0.2398274049720589,0.15431218720621903,0.5192211790940865,25,50,10
28,2942,0.08665306604098831,0.2398274049721117,0.15431219196920795,0.519207337017696,25,50,10
28,2943,0.08711107761381238,0.239827404972343,0.1543123607148324,0.5187491566990158,25,50,10
28,2944,0.08711696345808488,0.23982740471469616,0.154306475134283,0.5187491566929395,25,50,10
28,2945,0.08711735673786532,0.2398274047146824,0.15430648073687678,0.5187487578105792,25,50,10
28,2946,0.08179843654989022,0.239827404672014,0.1596475208166997,0.5187266379614001,25,50,10
28,2947,0.08178463012708168,0.23984121781372886,0.1596475140975342,0.5187266379616585,25,50,10
28,2948,0.08179062232237926,0.23984121781379794,0.15964751312022524,0.5187206467436004,25,50,10
28,2949,0.0817847396207586,0.2398412178138352,0.15964751326959517,0.5187265292958136,25,50,10
28,2950,0.08226411384974629,0.23984121782012408,0.15964798666787497,0.5182466816622567,25,50,10
28,2951,0.07018455845704033,0.23983954489786985,0.17172658979690564,0.5182493068481863,25,50,10
28,2952,0.0697127567220995,0.23983954489342896,0.17172621000440005,0.5187214883800737,25,50,10
28,2953,0.06970662268717258,0.23983954489344583,0.1717262061626387,0.5187276262567448,25,50,10
28,2954,0.0697026280001762,0.23983954489349962,0.17172621291479903,0.5187316141915264,25,50,10
28,2955,0.0692312020702391,0.2398395448872792,0.17172574542933428,0.5192035076131487,25,50,10
28,2956,0.06970292680324566,0.23936734619207659,0.17172621879815014,0.5192035082065292,25,50,10
28,2957,0.06970692335070389,0.23936734619202304,0.1717262119469329,0.5191995185103416,25,50,10
28,2958,0.06988357792299377,0.23936734383215974,0.17154290708183267,0.5192061711630154,25,50,10
28,2959,0.06988357987991646,0.23936734383216007,0.17154290713419607,0.519206169153729,25,50,10
28,2960,0.06941943047471805,0.2393673438319456,0.17154273047033736,0.5196704952230007,25,50,10
28,2961,0.06895812358062332,0.239387085003448,0.17198257653018975,0.5196722148857407,25,50,10
28,2962,0.08112206808858216,0.23938706162288056,0.15982790594514118,0.5196629643433976,25,50,10
28,2963,0.08112227756342652,0.2393870616228627,0.15982790465065722,0.5196627561630549,25,50,10
28,2964,0.08113040353446738,0.23937892826644347,0.15982791202601215,0.519662756173078,25,50,10
28,2965,0.08113054039588409,0.23937892826642557,0.1598279133228624,0.5196626180148292,25,50,10
28,2966,0.0659684775027677,0.23937892803151395,0.17499003438143695,0.5196625600842827,25,50,10
28,2967,0.06549685203775145,0.23985102732011385,0.1749895611467277,0.5196625594954082,25,50,10
28,2968,0.06549488594093845,0.23985102731988256,0.1749895443366618,0.5196645424025184,25,50,10
28,2969,0.0654948859362631,0.23985102731988225,0.1749895443717335,0.5196645423721225,25,50,10
28,2970,0.06550297064416342,0.2398510274309035,0.17498145951926142,0.5196645424056751,25,50,10
28,2971,0.04166381368991903,0.2398510274415697,0.19882061549709865,0.5196645433714161,25,50,10
28,2972,0.04164976226834982,0.23983128625776431,0.1987597496885893,0.519759201785302,25,50,10
28,2973,0.04199968657144356,0.23983128626214112,0.19876049380199265,0.5194085333644275,25,50,10
28,2974,0.041999660330892995,0.23983128626216105,0.19876049426213416,0.519408559144817,25,50,10
28,2975,0.042001622299383146,0.239831286262248,0.19876050054774133,0.5194065908906322,25,50,10
28,2976,0.04200165787481196,0.23983124930617536,0.19876050192353456,0.5194065908954827,25,50,10
28,2977,0.041651448474392436,0.23983124930179447,0.1987597519063059,0.5197575503175118,25,50,10
28,2978,0.04164570503496536,0.23983699044408038,0.1987597542082025,0.519757550312756,25,50,10
28,2979,0.041651692875894215,0.23983100293721413,0.1987597538789101,0.5197575503079858,25,50,10
28,2980,0.04165180020707443,0.23983089577218789,0.19875975371283175,0.5197575503079095,25,50,10
28,2981,0.04167372634816654,0.23983089577234765,0.19875976621844754,0.5197356116610418,25,50,10
28,2982,0.04167732564059936,0.23983089577243216,0.19875977516698692,0.5197320034199848,25,50,10
28,2983,0.04166934218599463,0.23983888211916926,0.19875977228470698,0.5197320034101317,25,50,10
28,2984,0.041669444102809185,0.23983878039380166,0.19875977209784904,0.5197320034055424,25,50,10
28,2985,0.04167532651276465,0.2398328997954717,0.19875977028623293,0.5197320034055329,25,50,10
28,2986,0.041661491664723126,0.23983289979540268,0.19875976434113546,0.5197458441987406,25,50,10
28,2987,0.04165764526906999,0.23983289979526284,0.19875975232942864,0.5197497026062403,25,50,10
28,2988,0.04212967400377573,0.23983290009660993,0.19828772384378152,0.5197497020558347,25,50,10
28,2989,0.04212371624700925,0.2398388561775075,0.1982877255099591,0.5197497020655261,25,50,10
28,2990,0.04213377301968628,0.23983885614721498,0.19827768393622938,0.5197496868968721,25,50,10
28,2991,0.04214575446004014,0.2398388561471971,0.1982776835513911,0.5197377058413741,25,50,10
28,2992,0.04214575631556443,0.23983885614719738,0.1982776835543602,0.5197377039828802,25,50,10
28,2993,0.04213568121491527,0.23984886807142797,0.19827774589205752,0.5197377048216015,25,50,10
28,2994,0.04213753584398216,0.23984700422014957,0.19827775510482984,0.5197377048310405,25,50,10
28,2995,0.042132207682628806,0.23984700422022381,0.1982777605839078,0.5197430275132412,25,50,10
28,2996,0.042126213627914445,0.239847004220242,0.19827776158357605,0.5197490205682694,25,50,10
28,2997,0.04214838166988278,0.2398470042225054,0.1982778332814339,0.5197267808261795,25,50,10
28,2998,0.05852463796084064,0.23984714857882403,0.18190139398561228,0.5197268194747248,25,50,10
28,2999,0.058524635405310804,0.23984715129047376,0.18190139382958803,0.5197268194746293,25,50,10
28,3000,0.057732261876896694,0.23984715128139217,0.18269376738640428,0.5197268194553109,25,50,10
28,3001,0.057746497159313105,0.23984715128138842,0.182775913483501,0.5196304380758029,25,50,10
28,3002,0.058086865765496834,0.23984715128524653,0.18243554596055503,0.519630436988707,25,50,10
28,3003,0.05806652222810297,0.2398471512830344,0.18243547892024842,0.5196508475686195,25,50,10
28,3004,0.05805860261591476,0.23984715128300127,0.1824354755535718,0.5196587705475167,25,50,10
28,3005,0.05805247137451066,0.23984715128298276,0.18243547421293094,0.51966490312958,25,50,10
28,3006,0.058058496754422845,0.23984715128301773,0.1824354760709128,0.5196588758916508,25,50,10
28,3007,0.05806424445409305,0.2398471512829983,0.1824354746254987,0.5196531296374137,25,50,10
28,3008,0.09693963521388191,0.23984715128098116,0.14356008388025704,0.5196531296248833,25,50,10
28,3009,0.09650786423489405,0.2398471508754763,0.14399185474415158,0.519653130145482,25,50,10
28,3010,0.09651371632471378,0.23984715087545783,0.1439918534066591,0.519647279393173,25,50,10
28,3011,0.09650562927770555,0.23984715087540814,0.14399184614530436,0.519655373701585,25,50,10
28,3012,0.09675161496057011,0.23984727204145603,0.14374685163738563,0.5196542613605913,25,50,10
28,3013,0.09675171872897051,0.23984727204140005,0.1437468512833881,0.5196541579462446,25,50,10
28,3014,0.0967495464311588,0.23984727204150513,0.14374686079589521,0.5196563207314443,25,50,10
28,3015,0.09675554138322355,0.23984727204148673,0.14374686057588845,0.5196503259994051,25,50,10
28,3016,0.09672541469439386,0.23984727248897555,0.14377698656478294,0.519650326251853,25,50,10
28,3017,0.09673129935074516,0.2398472724889765,0.14377698661415964,0.5196444415461238,25,50,10
28,3018,0.09672534066567738,0.23984727248896018,0.1437769874641391,0.5196503993812281,25,50,10
28,3019,0.09673122470456792,0.2398472724889599,0.1437769874835342,0.5196445153229426,25,50,10
28,3020,0.07987309674630821,0.23984940164006502,0.16063302618916325,0.5196444754244623,25,50,10
28,3021,0.07986656060302218,0.23984940100959892,0.16063956324071196,0.5196444751466658,25,50,10
28,3022,0.07986666744907815,0.23984929360730123,0.16063956380646985,0.5196444751371497,25,50,10
28,3023,0.07991243442432826,0.2398470244936215,0.16059606588261846,0.5196444751994306,25,50,10
28,3024,0.08090863128505442,0.23984702460827723,0.15950605191250972,0.5197382921941652,25,50,10
28,3025,0.08090863079927794,0.2398470246082766,0.15950605185766384,0.5197382927347877,25,50,10
28,3026,0.08091399364096345,0.2398470246083094,0.15950605417077174,0.5197329275799611,25,50,10
28,3027,0.08092197738545485,0.23984702460837976,0.15950606024251918,0.5197249377636507,25,50,10
28,3028,0.08092182580650016,0.23984702460859086,0.15950608035721964,0.5197250692276938,25,50,10
28,3029,0.080933807188338,0.23983504595867614,0.1595060776203803,0.5197250692326099,25,50,10
28,3030,0.08094172313566383,0.23983504595862074,0.15950607551469323,0.5197171553910266,25,50,10
28,3031,0.08093755452251435,0.23983920932967379,0.15950608074726025,0.5197171554005553,25,50,10
28,3032,0.08094599966214573,0.2398392093297473,0.15950611376844295,0.5197086772396675,25,50,10
28,3033,0.08146366163705451,0.23983920947420492,0.15898842287225176,0.5197087060164923,25,50,10
28,3034,0.08143385537400077,0.239839209473992,0.15898840456520616,0.5197385305868045,25,50,10
28,3035,0.08137237417309338,0.2398390887692295,0.1590481452210779,0.5197403918366027,25,50,10
28,3036,0.08137644330616442,0.2398390887692314,0.15904814443903095,0.5197363234855765,25,50,10
28,3037,0.08137051583416807,0.23983908876915971,0.15904813931544837,0.5197422560812273,25,50,10
28,3038,0.0813745455708031,0.23983506511926062,0.1590481332379815,0.5197422560719581,25,50,10
28,3039,0.08137468567997082,0.23983506511926156,0.1590481353116517,0.5197421138891193,25,50,10
28,3040,0.08185039932819568,0.23983506512359604,0.159048506451682,0.5192660290965295,25,50,10
28,3041,0.08184444035094388,0.2398350651235788,0.15904850827355071,0.5192719862519296,25,50,10
28,3042,0.08183045990314915,0.23983506512352598,0.1590485005190646,0.5192859744542633,25,50,10
28,3043,0.07881639014043201,0.23983506636091723,0.1619480525900406,0.5194004909086116,25,50,10
28,3044,0.06763952810270508,0.2398350670777255,0.17312730071548468,0.5193981041040864,25,50,10
28,3045,0.05075423033270478,0.23983506570662616,0.1901271261064632,0.5192835778542071,25,50,10
28,3046,0.050760118098646737,0.23983506570662644,0.19012712600133022,0.5192776901933979,25,50,10
28,3047,0.050762658924860746,0.23983259251956926,0.19012705918609488,0.5192776893694769,25,50,10
28,3048,0.05076279833718754,0.23983259251958766,0.1901270604810704,0.5192775486621561,25,50,10
28,3049,0.05076280249787349,0.23983258831123141,0.1901270605286588,0.5192775486622382,25,50,10
28,3050,0.050762842054463804,0.23983258831103688,0.19012704049952395,0.519277529134977,25,50,10
28,3051,0.05078101112933443,0.23983258831328935,0.19012713097196943,0.5192592695854085,25,50,10
28,3052,0.05078101788911307,0.23983258831329063,0.1901271311293878,0.5192592626682102,25,50,10
28,3053,0.05089689127563662,0.23971641903806074,0.19012742697934296,0.5192592627069613,25,50,10
28,3054,0.050853013973431345,0.2397166676894401,0.190171055693201,0.519259262643929,25,50,10
28,3055,0.051067787930716646,0.23971667384920817,0.1899562463071782,0.5192592919128954,25,50,10
28,3056,0.0510662615750753,0.23971812853827984,0.18995631741049895,0.5192592924761448,25,50,10
28,3057,0.051058093786743315,0.23971812853820879,0.189956286579742,0.5192674910953049,25,50,10
28,3058,0.051057847412181286,0.2397181285382413,0.189956286020493,0.5192677380290834,25,50,10
28,3059,0.05106191101774631,0.23971812853818328,0.18995222242434523,0.5192677380197263,25,50,10
28,3060,0.051057919268992856,0.23971812853827246,0.1899522288652789,0.5192717233274575,25,50,10
28,3061,0.05058829899374682,0.23971812853393737,0.18995185767113346,0.5197417148011844,25,50,10
28,3062,0.050586403791600815,0.23971812853384727,0.1899518502289561,0.5197436174455976,25,50,10
28,3063,0.05059229029967609,0.2397181285338482,0.18995185054051586,0.5197377306259616,25,50,10
28,3064,0.05059029500456744,0.23971787545133305,0.1899540989179742,0.5197377306261268,25,50,10
28,3065,0.05047417725692569,0.23983429127609063,0.18995380087977787,0.5197377305872078,25,50,10
28,3066,0.050702770029088434,0.23983429127630426,0.1899540999353097,0.5195088387592997,25,50,10
28,3067,0.05070073438598222,0.239834291276481,0.1899541146525479,0.5195108596849904,25,50,10
28,3068,0.05070084253057025,0.23983429127648198,0.18995411466087717,0.5195107515320722,25,50,10
28,3069,0.05071663946413033,0.23983429127660513,0.189954125383588,0.5194949438756781,25,50,10
28,3070,0.05071074865803838,0.23983429127660424,0.18995412527549962,0.5195008347898589,25,50,10
28,3071,0.05117649414247917,0.23983429128294692,0.18995464585644573,0.5190345687181294,25,50,10
28,3072,0.05117692389423781,0.23983429136245,0.18995421601002416,0.519034568733289,25,50,10
28,3073,0.051184315534155214,0.2398268997651269,0.18995421598231782,0.5190345687184008,25,50,10
28,3074,0.05117639842785812,0.23983482113012314,0.18995421172353213,0.5190345687184872,25,50,10
28,3075,0.05117640025674011,0.23983482113012344,0.18995421169892462,0.5190345669142127,25,50,10
28,3076,0.05119034115893202,0.2398208739600694,0.1899542179525161,0.5190345669284835,25,50,10
28,3077,0.05118648988999333,0.23982087395992932,0.18995420601554525,0.5190384301345334,25,50,10
28,3078,0.05119237220076503,0.23982087396008858,0.18995424710760914,0.5190325067315386,25,50,10
28,3079,0.051331760031027455,0.23982087396542107,0.18995469730945827,0.5188926686940946,25,50,10
28,3080,0.061980177204283574,0.23982087615460565,0.1792152393906522,0.5189837072504601,25,50,10
28,3081,0.06197974938904802,0.2398208761530006,0.17921566722272986,0.5189837072352229,25,50,10
28,3082,0.06197179808882321,0.23982869775592672,0.17921579692928571,0.5189837072259653,25,50,10
28,3083,0.05270733942041253,0.23983052639327362,0.1859021857299158,0.521559948456399,25,50,10
28,3084,0.05247874793408693,0.23983052639305907,0.18590188662451973,0.5217888390483351,25,50,10
28,3085,0.05248067788026756,0.23983052639314695,0.18590189194686244,0.5217869037797239,25,50,10
28,3086,0.05156349315615447,0.23983087661914748,0.1869125433235225,0.5216930869011774,25,50,10
28,3087,0.05156345841438048,0.23983091314597096,0.1869125415480729,0.5216930868915775,25,50,10
28,3088,0.05156349323971921,0.23983091314600663,0.1869125441520896,0.5216930494621859,25,50,10
28,3089,0.05948375993357308,0.23982908109541856,0.1816614227017606,0.5190257362692495,25,50,10
28,3090,0.05948382923527101,0.23982908108366693,0.18166135340662531,0.5190257362744392,25,50,10
28,3091,0.05948396803777162,0.23982908108352569,0.18166131361106808,0.5190256372676367,25,50,10
28,3092,0.059488703991877855,0.23982908108351292,0.18166131723263182,0.5190208976919788,25,50,10
28,3093,0.059479466630016666,0.23983824417412816,0.1816613898499836,0.5190208993458724,25,50,10
28,3094,0.05934620974958436,0.23983824416877808,0.18166094024378102,0.5191546058378573,25,50,10
28,3095,0.05934046387727119,0.23984398907063717,0.18166094121415088,0.5191546058379416,25,50,10
28,3096,0.05920785917507202,0.23984363872664416,0.18179223057438526,0.5191562715239,25,50,10
28,3097,0.059201765822670754,0.2398436387266454,0.18179223069105924,0.5191623647596255,25,50,10
28,3098,0.058159327132454634,0.23984363893704505,0.18283462007366583,0.5191624138568355,25,50,10
28,3099,0.05815330155917127,0.23984363901651284,0.18284064557232382,0.5191624138519938,25,50,10
28,3100,0.058155056775001365,0.23984363901663644,0.1828406555143207,0.5191606486940437,25,50,10
28,3101,0.058150554905001435,0.2398482103392885,0.18284058662466446,0.5191606481310479,25,50,10
28,3102,0.058156872359745836,0.2398482103394538,0.1828406036249549,0.5191543136758477,25,50,10
28,3103,0.05887834529376217,0.23984821044317844,0.18211912860020724,0.5191543156628545,25,50,10
28,3104,0.058870370348878404,0.23984821044309002,0.18211912230223168,0.5191622969058017,25,50,10
28,3105,0.05885616019704134,0.2398482104409801,0.18211904305773804,0.5191765863042423,25,50,10
28,3106,0.05886246826404408,0.2398482104410188,0.18211904492600545,0.5191702763689334,25,50,10
28,3107,0.06505205488094472,0.23984821347302707,0.17584662205774268,0.5192531095882872,25,50,10
28,3108,0.06503820909825096,0.23984821347297483,0.17584661634669832,0.5192669610820776,25,50,10
28,3109,0.06503824755909848,0.23984817727246907,0.17584661408643998,0.5192669610819941,25,50,10
28,3110,0.0650362868734524,0.23984817727238117,0.1758466067496279,0.5192689291045398,25,50,10
28,3111,0.06504602324527005,0.23983851123785288,0.17584653807981812,0.5192689274370601,25,50,10
28,3112,0.0650419991286744,0.23983851123795805,0.1758465464087375,0.5192729432246308,25,50,10
28,3113,0.06551286594298239,0.23983851124318473,0.17584703031965532,0.5188015924941783,25,50,10
28,3114,0.06551475592255268,0.23983851124323752,0.17584703703165733,0.5187996958025533,25,50,10
28,3115,0.06529174265791904,0.23983886053981607,0.1760697297355004,0.518799667066765,25,50,10
28,3116,0.06542522492996618,0.23983851130948458,0.17593658999117057,0.5187996737693791,25,50,10
28,3117,0.06566968062549725,0.23983851131025208,0.17559967166458432,0.5188921363996672,25,50,10
28,3118,0.06567150237679949,0.23983668537469957,0.175599675853771,0.5188921363947311,25,50,10
28,3119,0.06566975378460785,0.23983843513237574,0.1755996746978872,0.5188921363851304,25,50,10
28,3120,0.06525729541321708,0.2544175848662643,0.161432984764441,0.5188921349560794,25,50,10
28,3121,0.06495031280349543,0.24062555738519914,0.17553199539873812,0.5188921344125691,25,50,10
28,3122,0.06494652996316026,0.24062555738514813,0.17553198788480845,0.5188959247668847,25,50,10
28,3123,0.06470315565603295,0.24062555749067077,0.17586949103994384,0.518801795813354,25,50,10
28,3124,0.0642256580544415,0.2406255574853699,0.17586900038900827,0.5192797840711819,25,50,10
28,3125,0.064225621410399,0.24062555748533387,0.17586899782208662,0.519279823282182,25,50,10
28,3126,0.06423949170978949,0.2406255574972776,0.1758551275064286,0.5192798232865057,25,50,10
28,3127,0.06423317241907721,0.24062555749711126,0.1758551105453926,0.51928615953842,25,50,10
28,3128,0.06422893301159212,0.2406255574972342,0.17585511844707052,0.5192903910441036,25,50,10
28,3129,0.0809400136014437,0.2406255574225659,0.15914403755718232,0.5192903914188101,25,50,10
28,3130,0.08094037263509883,0.24062555742260197,0.1591440401513235,0.5192900297909775,25,50,10
28,3131,0.08107462645357721,0.24048761375371608,0.1591477291096161,0.5192900306830924,25,50,10
28,3132,0.08093552663705013,0.24048760763739518,0.15928681201854375,0.5192900537070133,25,50,10
28,3133,0.08093566621961593,0.2404876076374315,0.15928681462577954,0.5192899115171751,25,50,10
28,3134,0.08113726105903128,0.240487608370381,0.15908525598287157,0.5192898745877182,25,50,10
28,3135,0.08112292662068998,0.24050195270819802,0.15908524607924,0.5192898745918744,25,50,10
28,3136,0.08112717574776852,0.24050195270813052,0.15908524018043269,0.5192856313636701,25,50,10
28,3137,0.08112724286109181,0.24050201989722533,0.15908510588286734,0.519285631358817,25,50,10
28,3138,0.08112711021923875,0.24050201989720718,0.15908510460051953,0.5192857652830356,25,50,10
28,3139,0.08112686899448839,0.24050226187370186,0.15908510384877866,0.5192857652830323,25,50,10
28,3140,0.08112679553975248,0.24050233450902359,0.15908510467295753,0.5192857652782675,25,50,10
28,3141,0.08113277315181508,0.2405023392330704,0.15907905656417484,0.5192858310509407,25,50,10
28,3142,0.08113911615836834,0.2404959951890622,0.1590790576014613,0.5192858310511091,25,50,10
28,3143,0.08113865335933847,0.24049599518895118,0.1590790494344185,0.5192863020172929,25,50,10
28,3144,0.08113879302845219,0.24049585373737106,0.15907905120727592,0.5192863020269016,25,50,10
28,3145,0.08115491860189046,0.24049585373749788,0.1590792610026494,0.5192699666579629,25,50,10
28,3146,0.08114857242788988,0.24051633798224276,0.15906521891550843,0.5192698706743594,25,50,10
28,3147,0.08114236989438785,0.24052253967297801,0.15906521974398605,0.5192698706886487,25,50,10
28,3148,0.05461980030113897,0.24052263368807267,0.184500664604939,0.5203569014058504,25,50,10
28,3149,0.05461976645489833,0.24052263368801885,0.18450066164367016,0.5203569382134139,25,50,10
28,3150,0.054489398670281235,0.24065667796097576,0.18449698602832026,0.520356937340424,25,50,10
28,3151,0.03973476028209862,0.24065668260308395,0.19197114534337392,0.5276374117714473,25,50,10
28,3152,0.03975875296032292,0.2406326691180067,0.19197116610221213,0.5276374118194616,25,50,10
28,3153,0.039742481158540316,0.24063266911787676,0.19197095511002804,0.527653894613558,25,50,10
28,3154,0.03974451132828503,0.240630629925538,0.19197096410855757,0.5276538946376222,25,50,10
28,3155,0.039759082631766855,0.2417132264602132,0.1908737963082504,0.5276538945997724,25,50,10
28,3156,0.03975277025918904,0.24171322646017368,0.19087379435752472,0.5276602089231149,25,50,10
28,3157,0.03975291388322162,0.24171322646017399,0.1908737974464994,0.5276600622101073,25,50,10
28,3158,0.039758905240320504,0.24171322646019144,0.1908737976082163,0.5276540706912735,25,50,10
28,3159,0.03977085932799581,0.24171322646010204,0.19087379419826392,0.5276421200136412,25,50,10
28,3160,0.03977481678752883,0.24170927778650836,0.19087378543171313,0.5276421199942526,25,50,10
28,3161,0.03977481664904209,0.24170927907013243,0.19087378428657562,0.5276421199942523,25,50,10
28,3162,0.039770683089616496,0.24170927907020318,0.1908737904876574,0.5276462473525254,25,50,10
28,3163,0.03979331318163546,0.24168663240430793,0.19087380706473345,0.5276462473493254,25,50,10
28,3164,0.039781334611228285,0.24208489241118397,0.19048752562811314,0.5276462473494763,25,50,10
28,3165,0.039781402995919694,0.2420848924112218,0.1904875284077906,0.5276461761850696,25,50,10
28,3166,0.039789321711584946,0.24208489241154,0.1904875511707716,0.5276382347061045,25,50,10
28,3167,0.039783080335741274,0.2420848924115397,0.19048754808368806,0.5276444791690319,25,50,10
28,3168,0.03977702054329104,0.24208489241148434,0.19048754504874885,0.5276505419964767,25,50,10
28,3169,0.023069981527875302,0.24208516037883854,0.20719431647025296,0.5276505416230307,25,50,10
28,3170,0.02307205695292537,0.2420851603789669,0.20719435077728096,0.5276484318908242,25,50,10
28,3171,0.02307048079892192,0.24208516037873865,0.20719433128567988,0.5276500275366571,25,50,10
28,3172,0.023076763554400772,0.2420851603787227,0.20719433314629093,0.5276437429205834,25,50,10
28,3173,0.023068806891175554,0.24208516037867006,0.20719432529969917,0.5276517074304529,25,50,10
28,3174,0.023062924773010255,0.2420910428196775,0.20719432498126905,0.5276517074260413,25,50,10
28,3175,0.028082801770170186,0.24209095521401341,0.2032614707264284,0.5265647722893857,25,50,10
28,3176,0.0280808042827402,0.242090955213907,0.20326146304062082,0.5265667774627306,25,50,10
28,3177,0.028080942372562544,0.24209095521394364,0.20326146471068143,0.5265666377028111,25,50,10
28,3178,0.028056879601388505,0.2421150407145994,0.20326144202946306,0.5265666376545468,25,50,10
28,3179,0.028050923239708658,0.24212099475695056,0.20326144434870774,0.5265666376546309,25,50,10
28,3180,0.028056700907280276,0.24211522117292802,0.2032614402651663,0.5265666376546233,25,50,10
28,3181,0.02805476787493785,0.24211522117290799,0.20326141285975358,0.5265685980923986,25,50,10
28,3182,0.02805700212967712,0.24171696108921734,0.2036574386959492,0.5265685980851544,25,50,10
28,3183,0.028697842429327398,0.24092984303424653,0.20380371547614287,0.5265685990602829,25,50,10
28,3184,0.02870225698722253,0.24092984303415904,0.20380370937238848,0.5265641906062306,25,50,10
28,3185,0.028685447712982207,0.24094667202259135,0.20380368966945572,0.5265641905949715,25,50,10
28,3186,0.02871748464777414,0.24094667202285802,0.20380371483539705,0.526532128493972,25,50,10
28,3187,0.028715874358387742,0.2409466720227743,0.20380370862494204,0.5265337449938969,25,50,10
28,3188,0.028073042924995267,0.24094666764441303,0.20444654542615978,0.5265337440044329,25,50,10
28,3189,0.028078790762382594,0.24094666764439385,0.20444654410119883,0.526527997492025,25,50,10
28,3190,0.02807919689957794,0.24094639974987714,0.2044464058638807,0.5265279974866641,25,50,10
28,3191,0.027611420023165623,0.24094639974373,0.20444590134827664,0.5269962788848273,25,50,10
28,3192,0.027617332876139676,0.24094639974107138,0.2044399884885522,0.5269962788942363,25,50,10
28,3193,0.027585323958341505,0.24094639974082313,0.2044399646298832,0.527028311670952,25,50,10
28,3194,0.027579364501298043,0.24095235780332877,0.2044399660240767,0.5270283116712965,25,50,10
28,3195,0.027579470074736143,0.24095235780334565,0.20443996749461013,0.5270282046273079,25,50,10
28,3196,0.027573476071921833,0.2409523578033281,0.204439967130926,0.5270341989938242,25,50,10
28,3197,0.027569623874633787,0.24095622146116655,0.20443995567988615,0.5270341989843137,25,50,10
28,3198,0.02757568358311978,0.24095622146123902,0.2044399600031327,0.5270281349525086,25,50,10
28,3199,0.02756720712287862,0.2398531358479806,0.2055515220777736,0.5270281349513677,25,50,10
28,3200,0.02756118001229777,0.239853135847909,0.20555151884305542,0.5270341652967383,25,50,10
28,3201,0.02756344722819194,0.2398531388962616,0.20554924857152945,0.5270341653040178,25,50,10
28,3202,0.027563416730239793,0.23985313889624255,0.20554924722311455,0.5270341971504037,25,50,10
28,3203,0.027563809195097922,0.23985274565325343,0.20554924799122457,0.5270341971604245,25,50,10
28,3204,0.02756979873793399,0.23985274565327067,0.2055492482540774,0.5270282073547183,25,50,10
28,3205,0.027563550986702476,0.2398527456533063,0.20554924783734385,0.5270344555226469,25,50,10
28,3206,0.027563651766980814,0.23985274565323336,0.20554924253377627,0.5270343600460086,25,50,10
28,3207,0.027557763931493312,0.23985274565323433,0.20554924260088903,0.5270402478143823,25,50,10
28,3208,0.027555142738095513,0.2398527503850115,0.20555185905868165,0.5270402478182104,25,50,10
28,3209,0.028031516511714503,0.23985287559487,0.20507535964075715,0.5270402482526582,25,50,10
28,3210,0.0272467618459762,0.23985294728435164,0.2058597788640056,0.5270405120056681,25,50,10
28,3211,0.027376322706197498,0.23985294729048465,0.20586019358320912,0.5269105364201099,25,50,10
28,3212,0.027376287027871517,0.23985298488016307,0.2058601916815529,0.5269105364104132,25,50,10
28,3213,0.027372261040283535,0.23985298487880852,0.20586421760865364,0.526910536472253,25,50,10
28,3214,0.02737804119331086,0.23985298487879092,0.20586421608006134,0.526904757847836,25,50,10
28,3215,0.03267622236322835,0.2398528596737658,0.2005661600406498,0.5269047579223556,25,50,10
28,3216,0.032682352229944645,0.2398467286628276,0.2005661611851346,0.5269047579220925,25,50,10
28,3217,0.026918212350156897,0.25453409027897944,0.19164293994543413,0.5269047574254289,25,50,10
28,3218,0.027053442455944737,0.254534090283387,0.19164331895061326,0.5267691483100544,25,50,10
28,3219,0.02706162248145931,0.2545340823953752,0.1916351468152637,0.5267691483079012,25,50,10
28,3220,0.027061267319914827,0.254534082395336,0.19163514415757052,0.5267695061271787,25,50,10
28,3221,0.015723054242344412,0.2545340852408026,0.21033663414888068,0.5194062263679708,25,50,10
28,3222,0.01572305454880231,0.2545340852408195,0.2103366342544144,0.5194062259559629,25,50,10
28,3223,0.015729230236384693,0.2545340852423192,0.21033045778576273,0.519406226735533,25,50,10
28,3224,0.015695868024236594,0.2545340747061703,0.2103638779452032,0.5194061793243896,25,50,10
28,3225,0.0157550709917066,0.25455428529337876,0.21028446440337858,0.5194061793115359,25,50,10
28,3226,0.015761143437385352,0.2545542852934008,0.21028446610784193,0.5194001051613721,25,50,10
28,3227,0.01575483910613592,0.25455428529332685,0.21028445983465674,0.5194064157658813,25,50,10
28,3228,0.01576076658869259,0.2545483520657629,0.21028446555559782,0.5194064157899472,25,50,10
28,3229,0.015760734206403008,0.2545483850174781,0.21028446498149428,0.5194064157946251,25,50,10
28,3230,0.015760420358056543,0.2545483850174427,0.21028446218589028,0.5194067324386112,25,50,10
28,3231,0.01574619747278542,0.2798256695374998,0.18502140054330993,0.5194067324464069,25,50,10
28,3232,0.015739986377444892,0.27982566953744087,0.18502139712715393,0.5194129469579624,25,50,10
28,3233,0.01569912647333528,0.2798054590710669,0.18508245033693638,0.5194129641186634,25,50,10
28,3234,0.015697197132514246,0.27980545907098,0.18508244614671956,0.519414897649788,25,50,10
28,3235,0.015563678192029218,0.2798054590646351,0.18508201515438016,0.5195488475889571,25,50,10
28,3236,0.01555768864959397,0.27980545906461785,0.18508201489125478,0.5195548373945345,25,50,10
28,3237,0.015557826284933195,0.2798054590646357,0.18508201620700795,0.5195546984434243,25,50,10
28,3238,0.015557828715378474,0.27980545906463633,0.18508201625502088,0.5195546959649654,25,50,10
28,3239,0.01555804027659549,0.2798054590646911,0.18508201826750553,0.5195544823912087,25,50,10
28,3240,0.01555880173882231,0.27980545907215815,0.1850812567723836,0.5195544824166368,25,50,10
28,3241,0.01556528436702801,0.2798054590721606,0.18508125899072553,0.5195479975700867,25,50,10
28,3242,0.015565044988385901,0.27980569911071984,0.18508125832603228,0.5195479975748628,25,50,10
28,3243,0.01555879925358948,0.2798056991094221,0.18508750490570805,0.5195479967312808,25,50,10
28,3244,0.054508243895035884,0.2798056991234478,0.1461380584974287,0.5195479984840893,25,50,10
28,3245,0.05450228028838062,0.27980569912343217,0.1461380593419789,0.5195539612462099,25,50,10
28,3246,0.05519312577868568,0.27980569919980774,0.14544719263848743,0.5195539823830215,25,50,10
28,3247,0.05494313803089692,0.2798056991272267,0.14569719837641745,0.5195539644654614,25,50,10
28,3248,0.05493721116227219,0.2798116316999994,0.14569719269624706,0.5195539644414834,25,50,10
28,3249,0.05493668726113518,0.2798116317000147,0.14569718873190232,0.51955449230695,25,50,10
28,3250,0.054801352261000906,0.27981163169559015,0.14569680950124123,0.5196902065421698,25,50,10
28,3251,0.02233404949050006,0.2798116322282685,0.1781641002023526,0.5196902180788802,25,50,10
28,3252,0.02234031871973496,0.27981163222832317,0.1781641032204473,0.5196839458314957,25,50,10
28,3253,0.022340182386418626,0.279811632228285,0.17816410042712683,0.5196840849581705,25,50,10
28,3254,0.022340181857010047,0.27981163222828465,0.17816410038379707,0.5196840855309093,25,50,10
28,3255,0.02233829165858019,0.27982432660957945,0.1781532962257632,0.5196840855060786,25,50,10
28,3256,0.022332269763017113,0.2798243266095444,0.1781532946708468,0.5196901089565936,25,50,10
28,3257,0.022332513204661505,0.2798240823847709,0.178153295458569,0.5196901089520005,25,50,10
28,3258,0.021389893195956616,0.2798240822808697,0.1790959262474183,0.5196900982757572,25,50,10
28,3259,0.02140386867688946,0.27982408228095723,0.1790959335381502,0.5196761155040049,25,50,10
28,3260,0.021403871149170316,0.27982408228095823,0.17909593357448525,0.5196761129953874,25,50,10
28,3261,0.0213978831982624,0.2798240822809751,0.17909593384350977,0.5196821006772537,25,50,10
28,3262,0.021404431472081768,0.2798240822809623,0.17909593795710596,0.5196755482898513,25,50,10
28,3263,0.02140012332716499,0.27982408228097705,0.17909594197083967,0.5196798524210196,25,50,10
28,3264,0.021405722537546124,0.27981848427120376,0.17909594077056173,0.51967985242069,25,50,10
28,3265,0.021424089300841827,0.27981848427138745,0.17909595857168117,0.5196614678560911,25,50,10
28,3266,0.021423938607339075,0.27981863739712304,0.17909595613946824,0.5196614678560713,25,50,10
28,3267,0.02142327251936875,0.27981863739713586,0.17909595205453419,0.5196621380289629,25,50,10
28,3268,0.021423131816895633,0.27981863739710333,0.17909595477542006,0.519662276010583,25,50,10
28,3269,0.021427266535090164,0.27981863739703383,0.17909594773856757,0.5196581483293105,25,50,10
28,3270,0.021531862851224593,0.27981863741455215,0.1789913497278536,0.5196581500063712,25,50,10
28,3271,0.03777966648676759,0.29446357123054745,0.14809861194632443,0.5196581503363658,25,50,10
28,3272,0.032276629561713045,0.29446357128823986,0.153601651425163,0.5196581477248909,25,50,10
28,3273,0.0322767359423695,0.2944634635349701,0.15360165280771684,0.5196581477149498,25,50,10
28,3274,0.03228279504432605,0.29446346353502334,0.1536016557526008,0.5196520856680558,25,50,10
28,3275,0.032268851492068325,0.29446346353495295,0.15360164971394413,0.5196660352590396,25,50,10
28,3276,0.032733237121352635,0.29446346353509606,0.15360184690823447,0.519201452435322,25,50,10
28,3277,0.03273313349868394,0.29446356702715465,0.15360184703901753,0.5192014524351489,25,50,10
28,3278,0.03272699749127031,0.2944697059108315,0.15360184415815345,0.5192014524397499,25,50,10
28,3279,0.03274868551134589,0.2944697059109356,0.15360185875906884,0.5191797498186547,25,50,10
28,3280,0.03275901429063452,0.29445928172945934,0.1536019538699439,0.5191797501099671,25,50,10
28,3281,0.03562875689711616,0.2944592883375998,0.15073220687552957,0.5191797478897594,25,50,10
28,3282,0.023893248928669845,0.29445922099601984,0.16245587870006556,0.5191916513752485,25,50,10
28,3283,0.023877339685685242,0.2944592209959351,0.16245586507280765,0.5192075742455757,25,50,10
28,3284,0.024014685438814024,0.2944619866813442,0.1623157530391333,0.5192075748407133,25,50,10
28,3285,0.024004775567025544,0.2944719898320293,0.16231566005588838,0.5192075745450614,25,50,10
28,3286,0.024004773119539583,0.29447198983202805,0.1623156599560046,0.5192075770924318,25,50,10
28,3287,0.02401262228660588,0.29446413458831755,0.16231566602304132,0.519207577102039,25,50,10
28,3288,0.05575413260672698,0.2944615928875345,0.13057581311448888,0.5192084613912548,25,50,10
28,3289,0.05574818082569126,0.29446159288749757,0.13057581083782388,0.5192144154489918,25,50,10
28,3290,0.0558956046246846,0.2943136907739079,0.1305762885480718,0.5192144160533403,25,50,10
28,3291,0.056109436401047395,0.2943140441745824,0.1303621199306251,0.5192143994937495,25,50,10
28,3292,0.03988348172717751,0.3126431271510647,0.12825899159422183,0.5192143995275408,25,50,10
28,3293,0.03986696722163919,0.312643127150951,0.12825897976032333,0.5192309258670914,25,50,10
28,3294,0.039868403213433795,0.31264168786146745,0.12825898304908512,0.5192309258760184,25,50,10
28,3295,0.03987273457491254,0.3126372709903128,0.12825906827225864,0.5192309261625205,25,50,10
28,3296,0.039872910769698594,0.3126372709903847,0.12825907260266242,0.5192307456372585,25,50,10
28,3297,0.03988099234259369,0.3126372709904585,0.12825910172672159,0.51922263494023,25,50,10
28,3298,0.042745627303827485,0.3126372594536149,0.1254067584514215,0.5192103547911411,25,50,10
28,3299,0.042739707128066726,0.3126372594535768,0.125406756205412,0.5192162772129492,25,50,10
28,3300,0.04274376883394015,0.31263725945352483,0.12540675151388964,0.5192122201986501,25,50,10
28,3301,0.04274779788563718,0.3126332361667178,0.12540674575376248,0.5192122201938872,25,50,10
28,3302,0.042747798458222894,0.31263323616671834,0.12540674583899236,0.5192122195360707,25,50,10
28,3303,0.04274965935573962,0.3126332361668442,0.12540675582921457,0.5192103486482058,25,50,10
28,3304,0.04364800743630767,0.31263323616702077,0.12540707510230514,0.5183116812943707,25,50,10
28,3305,0.04364796689934972,0.3126332361669848,0.125407072409837,0.5183117245238327,25,50,10
28,3306,0.04274383836356826,0.312633236166808,0.12540675320204098,0.5192161722675869,25,50,10
28,3307,0.04228138266221928,0.31263323616675054,0.12540656115974114,0.5196788200112933,25,50,10
28,3308,0.04228813313738483,0.3126332361678424,0.12540659443980037,0.5196720362549767,25,50,10
28,3309,0.03653352401965288,0.3126332360020474,0.13116120176943824,0.5196720382088658,25,50,10
28,3310,0.03639994195885627,0.3127672906637647,0.13116072976811063,0.5196720376092729,25,50,10
28,3311,0.03639983699933118,0.31276729066372866,0.13116073019022784,0.519672142146717,25,50,10
28,3312,0.03616023934360322,0.3127669371421025,0.1314006819693553,0.5196721415449437,25,50,10
28,3313,0.03616647417929045,0.3127607017989362,0.13140068247701162,0.5196721415447663,25,50,10
28,3314,0.03617869697969181,0.3127607017988995,0.1314006798944305,0.5196599213269826,25,50,10
28,3315,0.03616490288445648,0.31276070179881393,0.13140067453533322,0.5196737207814007,25,50,10
28,3316,0.03616081509862957,0.3127648703623631,0.13140059404888557,0.5196737204901258,25,50,10
28,3317,0.0361320030387204,0.3197684170936463,0.12442585977668415,0.5196737200909533,25,50,10
28,3318,0.04415130514639718,0.31976819264797013,0.11640764147480734,0.5196728607308283,25,50,10
28,3319,0.07824283221013208,0.3197681860298788,0.08231563572926502,0.519673346030728,25,50,10
28,3320,0.038953266621331896,0.31976818641040927,0.12160522480031258,0.5196733221679505,25,50,10
28,3321,0.03894511039113744,0.3197681864103192,0.12160519605580948,0.5196815071427382,25,50,10
28,3322,0.038945111706397195,0.3197681855420035,0.12160519561354538,0.5196815071380576,25,50,10
28,3323,0.03894496795232294,0.3197683344671322,0.12160519044249578,0.5196815071380526,25,50,10
28,3324,0.0389450421035164,0.31976833446715225,0.12160518886842621,0.5196814345609088,25,50,10
28,3325,0.03894500608648052,0.3197683344672251,0.1216051932287197,0.5196814662175782,25,50,10
28,3326,0.03894482521158384,0.3197683344672928,0.1216051963597473,0.5196816439613795,25,50,10
28,3327,0.03894678535895,0.3197683344673794,0.12160520260548383,0.5196796775681897,25,50,10
28,3328,0.038952915944475294,0.31976833446735936,0.12160520415486689,0.5196735454333015,25,50,10
28,3329,0.038952668178346674,0.3197683344673763,0.12160520241779635,0.5196737949364837,25,50,10
28,3330,0.038952668166897596,0.31976833189778797,0.12160520497953266,0.519673794955785,25,50,10
28,3331,0.03896636587032423,0.3197683318977507,0.12160520415796691,0.5196600980739613,25,50,10
28,3332,0.038960407742020656,0.31977428759924265,0.1216052065846886,0.5196600980740513,25,50,10
28,3333,0.03894842594301562,0.31977428759926113,0.12160520692355076,0.5196720795341757,25,50,10
28,3334,0.03896226440866041,0.3197742875993462,0.12160520891042764,0.5196582390815689,25,50,10
28,3335,0.03898855801254021,0.3197742876026662,0.12160555151887023,0.5196316028659258,25,50,10
28,3336,0.03888752824415611,0.319774287660174,0.12170658355888024,0.5196316005367924,25,50,10
28,3337,0.03886126886175198,0.31977428765687216,0.12170624227894768,0.5196582012024308,25,50,10
28,3338,0.038867226270907,0.31977428765688903,0.12170624148663607,0.5196522445855707,25,50,10
28,3339,0.038867267186178035,0.3197742876568168,0.12170623721034338,0.5196522079466646,25,50,10
28,3340,0.038867406222764425,0.31977428765683674,0.12170623863787858,0.519652067482523,25,50,10
28,3341,0.03885931549826229,0.3197823856265279,0.12170623140245894,0.519652067472753,25,50,10
28,3342,0.06166058099476793,0.31978238568790956,0.12171753204493507,0.49683950127238957,25,50,10
28,3343,0.0616645374676218,0.31978238568805034,0.121717544157446,0.49683553268688363,25,50,10
28,3344,0.06165059138680827,0.319796337785496,0.12171753815025985,0.4968355326774375,25,50,10
28,3345,0.06164446716257635,0.3197963377854603,0.1217175365230643,0.49684165852890066,25,50,10
28,3346,0.061658415616192695,0.3197823822481146,0.1217175435973545,0.49684165853833984,25,50,10
28,3347,0.06165224998927129,0.3197885519832676,0.1217175395039937,0.4968416585234692,25,50,10
28,3348,0.061652242947743165,0.31978856019395585,0.12171753833483687,0.49684165852346573,25,50,10
28,3349,0.0616821201969924,0.31975866515543383,0.1217175560953139,0.4968416585522613,25,50,10
28,3350,0.06168217370855863,0.3197586651543473,0.12171752827832033,0.49684163285877553,25,50,10
28,3351,0.061682174388463525,0.31975866515434676,0.12171752812930978,0.4968416323278817,25,50,10
28,3352,0.06167433130015646,0.3197586651542595,0.12171752187696816,0.49684948166861753,25,50,10
28,3353,0.061164357069527595,0.31975866475665654,0.12222749755547893,0.49684948061833845,25,50,10
28,3354,0.06116450092447952,0.31975866476086934,0.12222750850569943,0.496849325808953,25,50,10
28,3355,0.06102944648957381,0.3197586647383166,0.1223625624250859,0.4968493263470251,25,50,10
28,3356,0.061051438205241546,0.31973658468008914,0.12236265046249274,0.49684932665217774,25,50,10
28,3357,0.061061800129109854,0.3197365846803064,0.12236266625245916,0.4968389489381258,25,50,10
28,3358,0.061769083430218294,0.31973658480076667,0.12165538090984204,0.496838950859174,25,50,10
28,3359,0.04111618906625935,0.31973658474559696,0.12165590012570705,0.5174913260624375,25,50,10
28,3360,0.04111215774261576,0.319740216468877,0.12165629971179234,0.5174913260767159,25,50,10
28,3361,0.04111205225358071,0.31974021646885975,0.12165629944284748,0.5174914318347128,25,50,10
28,3362,0.04093853147211559,0.3197407823114243,0.12182922095974527,0.5174914652567156,25,50,10
28,3363,0.040942697987632115,0.31973701365972346,0.1218288231006102,0.517491465252035,25,50,10
28,3364,0.040400127252815395,0.3197364476337634,0.12237199525227846,0.5174914298611435,25,50,10
28,3365,0.040404012770610814,0.3197364476294805,0.12237197828988927,0.5174875613100203,25,50,10
28,3366,0.04039805450047341,0.31973644762946307,0.12237198115099547,0.517493516719069,25,50,10
28,3367,0.04038355799586244,0.3197364476293334,0.12237197171562739,0.5175080226591777,25,50,10
28,3368,0.04037875101869937,0.3197364476294522,0.12237197521591481,0.5175128261359347,25,50,10
28,3369,0.040376893320680105,0.3197364476293814,0.12237196909215592,0.5175146899577837,25,50,10
28,3370,0.040376856184018955,0.31973644762932674,0.12237196609339238,0.517514730093263,25,50,10
28,3371,0.06850747313363596,0.3197364548196657,0.09423939166542204,0.5175166803812776,25,50,10
28,3372,0.06850565068972943,0.3197364548196316,0.09423938725114242,0.5175185072394979,25,50,10
28,3373,0.06851167427278639,0.3197364548196672,0.09423938985022878,0.5175124810573188,25,50,10
28,3374,0.06851192013829317,0.3197364548196509,0.09423939066963005,0.5175122343724269,25,50,10
28,3375,0.040448800593446334,0.3197364481095692,0.12230425719037333,0.517510494106612,25,50,10
28,3376,0.040448730271555794,0.3197365175484206,0.12230425807800654,0.5175104941020179,25,50,10
28,3377,0.04126156294218324,0.31973651780065926,0.12105339576874653,0.5179485234884114,25,50,10
28,3378,0.04123767672981615,0.3197604181332809,0.12105338165799993,0.5179485234789037,25,50,10
28,3379,0.043413062130635935,0.31976041869372224,0.11887845872780628,0.5179480604478364,25,50,10
28,3380,0.04341488677037402,0.31976041869377453,0.1188784634408515,0.5179462310950006,25,50,10
28,3381,0.043408758298752355,0.31976654875636706,0.11887846185947686,0.5179462310854045,25,50,10
28,3382,0.04340279911679001,0.3197725099384151,0.11887845987843498,0.5179462310663606,25,50,10
28,3383,0.04340276537578376,0.3197725099384144,0.11887845668243063,0.5179462680033722,25,50,10
28,3384,0.04340675716485615,0.3197725099385567,0.11887846892882527,0.5179422639677628,25,50,10
28,3385,0.0434047955496189,0.31977250993848627,0.11887846495436838,0.5179442295575273,25,50,10
28,3386,0.04334559295429592,0.31977250946039254,0.11893787803982431,0.5179440195454877,25,50,10
28,3387,0.043349728679255434,0.3197725094603062,0.11893787182992409,0.5179398900305151,25,50,10
28,3388,0.043350013056667976,0.31977250946034347,0.11893787574178762,0.5179396017412017,25,50,10
28,3389,0.043497289162532204,0.31962475524777156,0.11893835324972303,0.517939602339974,25,50,10
28,3390,0.04351120046924413,0.31961083668588736,0.11893836049546005,0.5179396023494096,25,50,10
28,3391,0.04351134252211528,0.31961083668565843,0.11893834199238343,0.517939478799844,25,50,10
28,3392,0.04351166116441963,0.3196105171611269,0.11893834286023307,0.5179394788142215,25,50,10
28,3393,0.04350361277001914,0.31961864787981414,0.11893826083124408,0.5179394785189237,25,50,10
28,3394,0.04350960986328319,0.31961262643770794,0.1189382851944525,0.5179394785045575,25,50,10
28,3395,0.043509575632132605,0.31961262643768973,0.11893828383341074,0.5179395140967679,25,50,10
28,3396,0.04412840589847865,0.31961280021456695,0.11831927897917406,0.5179395149077857,25,50,10
28,3397,0.0441148162931411,0.3196263915363699,0.11831927726677652,0.5179395149037178,25,50,10
28,3398,0.04411279651622818,0.3196282741128531,0.11831941416180973,0.5179395152091145,25,50,10
28,3399,0.0447958788116429,0.3196282741106906,0.1176363318883178,0.5179395151893535,25,50,10
28,3400,0.044793989470368,0.31962827411063843,0.11763632408596586,0.5179414123330325,25,50,10
28,3401,0.04478799915231721,0.3196342543340504,0.1176363341760044,0.517941412337632,25,50,10
28,3402,0.04478976404276065,0.3196326533076884,0.11763617061741766,0.5179414120321373,25,50,10
28,3403,0.045259382767714615,0.319162603098881,0.11763660043468248,0.5179414136987259,25,50,10
28,3404,0.043110940799520756,0.3191626030926886,0.117624781988875,0.5201016741189197,25,50,10
28,3405,0.043105170355214266,0.31916837340803733,0.11762478211779395,0.5201016741189579,25,50,10
28,3406,0.04310166076289354,0.3191718028018967,0.11762486202994518,0.5201016744052682,25,50,10
28,3407,0.04309976596537243,0.3191718028018106,0.11762486202703702,0.5201035692057833,25,50,10
28,3408,0.04311335241095052,0.31915821713091774,0.11762486124828697,0.520103569209848,25,50,10
28,3409,0.04312106047579824,0.3191582171310575,0.11762487034714722,0.520095852046,25,50,10
28,3410,0.04312487949329403,0.3191582171311442,0.11762488361563962,0.5200920197599251,25,50,10
28,3411,0.04265522819804851,0.31962830067211856,0.11762445303658435,0.5200920180932517,25,50,10
28,3412,0.042777961822471296,0.3196283002857592,0.11750174215485427,0.5200919957369183,25,50,10
28,3413,0.04301386783766246,0.3193919130750098,0.11750222304926217,0.5200919960380687,25,50,10
28,3414,0.042689222649277596,0.3193919128273086,0.11826489700917475,0.5196539675142431,25,50,10
28,3415,0.0579815995025995,0.3193917391203654,0.10297269377445704,0.5196539676025828,25,50,10
28,3416,0.057306143091325375,0.3193917391298216,0.10364815011982889,0.5196539676590297,25,50,10
28,3417,0.05777845742809471,0.31939173914529984,0.10364862524846703,0.5191811781781436,25,50,10
28,3418,0.05777249999127658,0.31939173914528507,0.10364862618698784,0.5191871346764549,25,50,10
28,3419,0.05777852796183876,0.31939173914528324,0.1036486198389286,0.5191811130539538,25,50,10
28,3420,0.057538736767144556,0.31963209412498456,0.10364805665056603,0.5191811124573094,25,50,10
28,3421,0.05753874166596124,0.31963209412498517,0.10364805673484824,0.5191811074742099,25,50,10
28,3422,0.0575526840880343,0.3196320941250912,0.10364806438147317,0.5191671574054056,25,50,10
28,3423,0.05753898485367704,0.31963209412500393,0.10364805712868103,0.5191808638926415,25,50,10
28,3424,0.05753898065445008,0.31963209412500454,0.10364805714348148,0.5191808680770675,25,50,10
28,3425,0.055622011295847595,0.319632094060527,0.10556483943053008,0.5191810552130991,25,50,10
28,3426,0.05562230197146067,0.31963209406053084,0.10556483880019085,0.5191807651678207,25,50,10
28,3427,0.055616205488957876,0.3196320940605292,0.10556483870879138,0.5191868617417248,25,50,10
28,3428,0.055622404723377115,0.3196320940606202,0.10556486806151057,0.5191806331544948,25,50,10
28,3429,0.055739874818164774,0.31963209406077775,0.10556511828524487,0.5190629128358152,25,50,10
28,3430,0.05562258017920048,0.3196320940606912,0.10556487125394984,0.5191804545061611,25,50,10
28,3431,0.05547537129246009,0.3197797789144426,0.10556439588546414,0.5191804539076359,25,50,10
28,3432,0.05547526488737682,0.3197797789144589,0.10556439611821097,0.519180560079956,25,50,10
28,3433,0.05546916903254421,0.319785874703292,0.10556439618412362,0.5191805600800427,25,50,10
28,3434,0.05548299909956626,0.31977203939005355,0.10556440143054896,0.5191805600798337,25,50,10
28,3435,0.055958541250388336,0.31977203939930193,0.10556482822630342,0.5187045911240089,25,50,10
28,3436,0.05595468722156563,0.31977203939919585,0.1055648134838056,0.5187084598954356,25,50,10
28,3437,0.05596852399231624,0.31975820661543164,0.10556480949206618,0.5187084599001888,25,50,10
28,3438,0.07531539770150626,0.31975820671405125,0.08621786975207321,0.518708525832372,25,50,10
28,3439,0.07532156536223682,0.319752040139872,0.08621786866569141,0.5187085258322024,25,50,10
28,3440,0.07532403173568916,0.3197520401400813,0.08621796190603995,0.5187059662181924,25,50,10
28,3441,0.07241214919257641,0.3197520638822804,0.08912967343305517,0.5187061134920906,25,50,10
28,3442,0.07218624556156956,0.3197520641338058,0.08935557619197196,0.5187061141126542,25,50,10
28,3443,0.07217234724137368,0.31976596609948077,0.08935557255524307,0.5187061141039043,25,50,10
28,3444,0.07217234591266583,0.31976596609944385,0.08935557275526408,0.5187061152326281,25,50,10
28,3445,0.07218855494339023,0.31976596610363345,0.08935570205236538,0.518689776900613,25,50,10
28,3446,0.07219479761861311,0.3197597203378738,0.08935570514254851,0.5186897769009667,25,50,10
28,3447,0.0725162174303874,0.3197597591701427,0.0890342489679265,0.5186897744315458,25,50,10
28,3448,0.07251641637832068,0.3197593211316957,0.08903448720514488,0.5186897752848413,25,50,10
28,3449,0.07252265336564778,0.31975932113169664,0.08903448830912522,0.5186835371935329,25,50,10
28,3450,0.05669867047783567,0.31975937119486164,0.10485842200619074,0.5186835363211155,25,50,10
28,3451,0.05669253891256033,0.31975937119487796,0.10485842116953338,0.518689668723032,25,50,10
28,3452,0.05669426069918755,0.3197593711949474,0.10485842713584553,0.5186879409700228,25,50,10
28,3453,0.056694260134844666,0.3197593711949299,0.10485842586674997,0.5186879428034787,25,50,10
28,3454,0.05668655403270481,0.31976708210949456,0.10485842106367721,0.5186879427941263,25,50,10
28,3455,0.05665654122939671,0.31976708210523713,0.10485828592761055,0.5187180907377585,25,50,10
28,3456,0.057106843525096575,0.31931658743554847,0.1048584782913627,0.5187180907479947,25,50,10
28,3457,0.05710632053274858,0.3193171112247585,0.10485847748072166,0.5187180907617734,25,50,10
28,3458,0.05667201672357946,0.3197515188289027,0.10485837339072948,0.5187180910567905,25,50,10
28,3459,0.05619371169733157,0.3197515188134064,0.10485789788070343,0.5191968716085611,25,50,10
28,3460,0.05619420301294351,0.3197515188134999,0.10485790377615284,0.5191963743974055,25,50,10
28,3461,0.056321484396478105,0.31962380221348297,0.10485833839386126,0.5191963749961793,25,50,10
28,3462,0.056233300615507444,0.31962375232397144,0.1049465720632693,0.5191963749972532,25,50,10
28,3463,0.056228881053984915,0.31962375232403906,0.10494657587621141,0.5192007907457662,25,50,10
28,3464,0.056467520572678634,0.31962375208479576,0.10470790645316688,0.5192008208893604,25,50,10
28,3465,0.056461424428403094,0.31962984784367693,0.10470790683830149,0.5192008208896202,25,50,10
28,3466,0.056467284707507996,0.3196298478436573,0.1047079054714204,0.519194961977416,25,50,10
28,3467,0.05646725342274588,0.3196298806842779,0.10470790391590343,0.5191949619770745,25,50,10
28,3468,0.05647317233621354,0.31962988068429693,0.10470790530338087,0.5191890416761104,25,50,10
28,3469,0.05623466699216419,0.31962988067993114,0.10494474673903262,0.5191907055888736,25,50,10
28,3470,0.056234990256591795,0.3196298806799184,0.1049447943862409,0.5191903346772504,25,50,10
28,3471,0.05611554958358583,0.3197497528863996,0.10494436344245736,0.5191903340875588,25,50,10
28,3472,0.05608585328675107,0.3197795428405383,0.10494427009967067,0.5191903337730418,25,50,10
28,3473,0.05633015744097193,0.31977954284488175,0.10494478241958588,0.5189455172945623,25,50,10
28,3474,0.05635404291176767,0.319779542844974,0.10494479790959252,0.5189216163336677,25,50,10
28,3475,0.056360067199042255,0.31977954284500965,0.1049447995384556,0.5189155904174941,25,50,10
28,3476,0.05635424132011255,0.3197795428450461,0.10494480214396348,0.5189214136908795,25,50,10
28,3477,0.05635365208082908,0.31977954284919696,0.10494495967695197,0.5189218453930237,25,50,10
28,3478,0.056351930315636733,0.31977954284912746,0.10494495370695373,0.5189235731282837,25,50,10
28,3479,0.056321737693572314,0.3197795428489961,0.10494493636918112,0.518953783088252,25,50,10
28,3480,0.0661935389863384,0.3197795428804621,0.095073199324827,0.518953718808374,25,50,10
28,3481,0.06619939030792588,0.3197795428804433,0.09507319795426968,0.5189478688573625,25,50,10
28,3482,0.06618548274515407,0.3197934554912261,0.09507319291543263,0.5189478688481887,25,50,10
28,3483,0.06618319767911662,0.31979345549116933,0.09507313721002529,0.5189502096196902,25,50,10
28,3484,0.0661893248935468,0.31979345549115173,0.09507313987959744,0.5189440797357056,25,50,10
28,3485,0.0769247339689016,0.31979345535910303,0.08433773203552639,0.5189440786364704,25,50,10
28,3486,0.07837530792359454,0.31979345542714377,0.08434566983042212,0.517485566818841,25,50,10
28,3487,0.078369389006413,0.31979345542712473,0.08434566842140047,0.5174914871450631,25,50,10
28,3488,0.0783713488985172,0.3197914803434294,0.08434568274536146,0.5174914880126933,25,50,10
28,3489,0.07837145125825394,0.3197913792313172,0.08434568150241756,0.5174914880080127,25,50,10
28,3490,0.07813339401100493,0.3197913792269743,0.08434517536936177,0.5177300513926604,25,50,10
28,3491,0.07813928127956174,0.3197854872232396,0.084345180080563,0.5177300514166371,25,50,10
28,3492,0.07814726258216838,0.3197854872233643,0.08434518606065323,0.5177220641338155,25,50,10
28,3493,0.07815517853831022,0.3197775296926736,0.08434522846407136,0.5177220633049463,25,50,10
28,3494,0.07814946810718626,0.3197832367806171,0.08434523178776447,0.5177220633244329,25,50,10
28,3495,0.07815972248451052,0.3197832367827039,0.08434526724658513,0.5177117734862011,25,50,10
28,3496,0.07817362468098003,0.31976933003295843,0.08434527179110508,0.5177117734949571,25,50,10
28,3497,0.0781595484884199,0.3197693300328526,0.0843452649005338,0.5177258565781944,25,50,10
28,3498,0.07905099442648875,0.3197693300349424,0.08434570359108878,0.5168339719474807,25,50,10
28,3499,0.07904511727784798,0.3197693300349434,0.08434570369126287,0.516839848995946,25,50,10
28,3500,0.07905603366588497,0.3197693300351097,0.08433648133869344,0.5168381549603122,25,50,10
28,3501,0.07904810935516203,0.3197772605908713,0.08433647510301466,0.5168381549509522,25,50,10
28,3502,0.07631090128110998,0.3197794391374235,0.08705021885303908,0.5168594407284282,25,50,10
28,3503,0.07631228617929336,0.31977943913735446,0.08705013766138099,0.5168581370219723,25,50,10
28,3504,0.07632827791073615,0.3197634309021334,0.08705015414537488,0.5168581370417565,25,50,10
28,3505,0.07632841652158454,0.31976343090216935,0.08705015588245466,0.5168579966937925,25,50,10
28,3506,0.0758406748068046,0.3197612346364511,0.0875606451395969,0.5168374454171485,25,50,10
28,3507,0.07584663780128156,0.3197552735666219,0.08756064321018804,0.5168374454219095,25,50,10
28,3508,0.07584671431628325,0.3197552735665875,0.08756064171712719,0.5168373704000033,25,50,10
28,3509,0.07584346535665004,0.31975527356960837,0.0875606382096259,0.5168406228641168,25,50,10
28,3510,0.07633108834453145,0.3197552735699265,0.08756099664359866,0.5163526414419443,25,50,10
28,3511,0.07629686036183085,0.3197552842735888,0.08759521192348049,0.5163526434411007,25,50,10
28,3512,0.07629871992433844,0.31975528427365923,0.08759521793369335,0.5163507778683099,25,50,10
28,3513,0.07722937345756732,0.3188239266728374,0.08759592142392554,0.5163507784456708,25,50,10
28,3514,0.07675372739197937,0.3188239266635327,0.08759549050198322,0.5168268554425058,25,50,10
28,3515,0.07675316007336667,0.3188239266604246,0.0875954858241938,0.5168274274420162,25,50,10
28,3516,0.11502413237510994,0.31882388759411917,0.04932454939477043,0.5168274306360012,25,50,10
28,3517,0.11502557355853807,0.31882243535924176,0.04932456041737861,0.5168274306648422,25,50,10
28,3518,0.11514141942444307,0.3188224353594049,0.04932480821813218,0.5167113369980205,25,50,10
28,3519,0.1151214366284827,0.31884242060161677,0.04932480578154338,0.5167113369883578,25,50,10
28,3520,0.1151254605457974,0.31883841186108186,0.049324790648239726,0.5167113369448817,25,50,10
28,3521,0.11536339515559123,0.3188384118654762,0.049325326734548265,0.5164728662443843,25,50,10
28,3522,0.11535151605384797,0.3188384118724361,0.04932539646165686,0.516484675612059,25,50,10
28,3523,0.11534556077647132,0.3188384118735594,0.04932540212239826,0.5164906252275707,25,50,10
28,3524,0.1153456233017023,0.318838411870404,0.04932524268882049,0.5164907221390724,25,50,10
28,3525,0.11390296635604093,0.31883841180241457,0.04931730952694598,0.5179413123145973,25,50,10
28,3526,0.11389701341903086,0.3188384118013442,0.04931730722288886,0.5179472675567349,25,50,10
28,3527,0.11389700469939087,0.3188384118013422,0.049317305721238026,0.5179472777780277,25,50,10
28,3528,0.11390279025479921,0.3188384118014132,0.04931731088872793,0.5179414870550582,25,50,10
28,3529,0.11471191053308898,0.31883841186654605,0.04850818217245435,0.5179414954279091,25,50,10
28,3530,0.11470395925394607,0.318838411866476,0.04850817623151957,0.5179494526480569,25,50,10
28,3531,0.11423409954082456,0.318838411859198,0.048507748068300674,0.5184197405316753,25,50,10
28,3532,0.11425003796533621,0.31882246175167706,0.0485077597413669,0.5184197405416184,25,50,10
28,3533,0.11424857556353268,0.31882246175158996,0.04850775414207845,0.5184212085427979,25,50,10
28,3534,0.11413275720769216,0.3188224617514617,0.04850750883591834,0.5185372722049266,25,50,10
28,3535,0.11413275469320537,0.31882246175151396,0.04850751088557364,0.518537272669706,25,50,10
28,3536,0.11413685240339712,0.31881841302494796,0.048507461921504395,0.5185372726501497,25,50,10
28,3537,0.11413450911593183,0.3188184130250611,0.04841511100247077,0.5186319668565358,25,50,10
28,3538,0.11427400187396662,0.3188184130314087,0.0484155358859399,0.5184920492086844,25,50,10
28,3539,0.11427988628098833,0.31881841303141145,0.0484155361117999,0.5184861645757998,25,50,10
28,3540,0.11411359662664135,0.3188184024555946,0.04858182180662772,0.5184861791111353,25,50,10
28,3541,0.11413014882853939,0.3188017251800907,0.048581946884243,0.5184861791071264,25,50,10
28,3542,0.11323618583635887,0.3188017251759089,0.04858144954235792,0.5193806394453739,25,50,10
28,3543,0.07788267300105688,0.31884978378151696,0.08388649388367755,0.5193810493337502,25,50,10
28,3544,0.07787674922917702,0.3188497837814597,0.08388648967827093,0.519386977311094,25,50,10
28,3545,0.07787627982423424,0.31885034026004233,0.08388640259534885,0.519386977320376,25,50,10
28,3546,0.08604755747303008,0.3188503345999559,0.07571614895032891,0.5193859589766849,25,50,10
28,3547,0.0858093673255133,0.3188503345955779,0.07571560693958213,0.5196246911393265,25,50,10
28,3548,0.08518507181804946,0.31885033420803066,0.07633995069850637,0.5196246432754134,25,50,10
28,3549,0.08520097860658904,0.3188506894484336,0.07641668675821227,0.5195316451867646,25,50,10
28,3550,0.08517900749109872,0.31887269898354575,0.07641664834854278,0.5195316451768123,25,50,10
28,3551,0.08517914646212973,0.3188726989836387,0.07641665517761877,0.519531499376612,25,50,10
28,3552,0.08517315647807493,0.3188726989838527,0.07641667358786619,0.5195374709502054,25,50,10
28,3553,0.08424239556771018,0.3198041634180747,0.07641597064154429,0.5195374703726702,25,50,10
28,3554,0.0842478500139149,0.3198041634180749,0.0764159707053288,0.5195320158626808,25,50,10
28,3555,0.08424192878434238,0.3198041634179864,0.07641596426563743,0.5195379435320331,25,50,10
28,3556,0.0842422488986477,0.3198041634180433,0.07641596962525293,0.5195376180580555,25,50,10
28,3557,0.08422018194347666,0.31982624359031514,0.0764159564277842,0.5195376180384235,25,50,10
28,3558,0.08422042504509294,0.31982599981738086,0.07641595709909878,0.5195376180384269,25,50,10
28,3559,0.0842223535675619,0.3198240659581991,0.07641596241685356,0.519537618057385,25,50,10
28,3560,0.08408885544758926,0.3198240659518346,0.07641553734331533,0.5196715412572602,25,50,10
28,3561,0.08408885732418421,0.3198240659518346,0.07641553734271204,0.5196715393812688,25,50,10
28,3562,0.08409467338432682,0.31981824891428795,0.07641553831986825,0.5196715393815164,25,50,10
28,3563,0.07981629910754762,0.319770204001659,0.08064163106983024,0.5197718658209666,25,50,10
28,3564,0.0797918175946467,0.31976984876293285,0.08066816398377168,0.5197701696586524,25,50,10
28,3565,0.07977969862305623,0.3197819690986155,0.08066816262442764,0.5197701696539037,25,50,10
28,3566,0.08026154206471815,0.3197819690987784,0.0806684921732072,0.5192879966632994,25,50,10
28,3567,0.08025965243097528,0.3197838661469583,0.08066848477330282,0.5192879966487666,25,50,10
28,3568,0.08025968506978927,0.3197838661469774,0.0806684861863687,0.5192879625968675,25,50,10
28,3569,0.08025139292095425,0.3197924046604996,0.08066824068458281,0.519287961733966,25,50,10
28,3570,0.08024536751411389,0.31979843566153504,0.080668235114616,0.5192879617097368,25,50,10
28,3571,0.04910028693994889,0.31979846181377414,0.11179594779507078,0.5193053034512102,25,50,10
28,3572,0.049100249407522265,0.319798461812668,0.11179594239192302,0.5193053463878906,25,50,10
28,3573,0.04910802249148038,0.3197984618126652,0.11179594391368505,0.5192975717821734,25,50,10
28,3574,0.04910788275251709,0.31979846181271676,0.11179594564216658,0.5192977097926036,25,50,10
28,3575,0.049149102162438396,0.31979846181495886,0.1117961169304686,0.5192563190921378,25,50,10
28,3576,0.04914910345905559,0.31979846181495925,0.11179611698064612,0.5192563177453426,25,50,10
28,3577,0.04911412188168176,0.3197984618126489,0.11179594372389406,0.5192914725817789,25,50,10
28,3578,0.048632384024472015,0.31979846181246663,0.1117956119554665,0.5197735422075985,25,50,10
28,3579,0.04863830167040541,0.3197984618124856,0.11179561332473631,0.5197676231923763,25,50,10
28,3580,0.048642294116050394,0.3197984618125935,0.111795624059633,0.5197636200117264,25,50,10
28,3581,0.048636688772914764,0.31979846181263144,0.11179562684834632,0.5197692225661108,25,50,10
28,3582,0.04866707467222053,0.3197679762132327,0.11179572654782077,0.5197692225667294,25,50,10
28,3583,0.0486734208104254,0.3197679762132001,0.11179572734491657,0.5197628756314615,25,50,10
28,3584,0.04868739738836957,0.3197679762132526,0.1117957340733723,0.5197488923250091,25,50,10
28,3585,0.04854806090512818,0.3197679623850958,0.1120358378128921,0.5196481388968872,25,50,10
28,3586,0.04855405118951359,0.31976796238507765,0.11203583748281262,0.5196421489425986,25,50,10
28,3587,0.048547775897404694,0.31976796238509175,0.11203583547886863,0.5196484262386374,25,50,10
28,3588,0.048561609410167766,0.319754122875251,0.11203584146635188,0.5196484262482317,25,50,10
28,3589,0.04856143628966932,0.3197541228752662,0.11203584157370484,0.5196485992613618,25,50,10
28,3590,0.04855950854950847,0.3197560649461274,0.11203582724810174,0.5196485992562647,25,50,10
28,3591,0.04869325612077167,0.3196218874146691,0.11203625660944247,0.5196485998551189,25,50,10
28,3592,0.04868719293778196,0.3196218874146695,0.11203626179238732,0.5196546578551626,25,50,10
28,3593,0.04867321256057308,0.31962188741461606,0.11203625502268615,0.5196686450021262,25,50,10
28,3594,0.04864282670404638,0.3196523730919288,0.11203615520251727,0.5196686450015091,25,50,10
28,3595,0.04864244448947755,0.3196523730919958,0.11203615689937414,0.5196690255191538,25,50,10
28,3596,0.048648438355645765,0.31965237309188627,0.11203615084371389,0.5196630377087547,25,50,10
28,3597,0.048654568294714214,0.3196462418786707,0.11203615211778056,0.5196630377088352,25,50,10
28,3598,0.048650428846734234,0.3196462418786703,0.11203615300413455,0.5196671762704616,25,50,10
28,3599,0.04865481666168853,0.3196462418818317,0.11203622849122243,0.5196627129652579,25,50,10
28,3600,0.04340136472200964,0.3196462420554351,0.11728968554028255,0.5196627076822729,25,50,10
28,3601,0.0434054266120848,0.31964218548480533,0.11728968023495683,0.5196627076681534,25,50,10
28,3602,0.04341331136048185,0.31963429652242886,0.1172896844398329,0.5196627076772561,25,50,10
28,3603,0.04341138197298277,0.31963429652232406,0.11728968406201093,0.5196646374426819,25,50,10
28,3604,0.04341138571999161,0.3196342965223241,0.11728968402171662,0.5196646337359673,25,50,10
28,3605,0.04341327807096814,0.31963429652239295,0.1172896827854594,0.5196627426211792,25,50,10
28,3606,0.04340721555955079,0.31963429652239417,0.1172896839588608,0.5196688039591937,25,50,10
28,3607,0.043408826688396844,0.31963429652241016,0.11728968804127067,0.5196671887479223,25,50,10
28,3608,0.04353817171998421,0.31963429653081665,0.1172901815074993,0.5195373502416998,25,50,10
28,3609,0.04354419342078457,0.3196282716997345,0.11729018462341037,0.5195373502560703,25,50,10
28,3610,0.07382455112238112,0.3196282459842935,0.08702717507145023,0.5195200278218748,25,50,10
28,3611,0.07382455312611876,0.3196282459843101,0.08702717526606289,0.5195200256235077,25,50,10
28,3612,0.07383650154707719,0.31962824598432726,0.0870271744668561,0.519508078001739,25,50,10
28,3613,0.0738225896748162,0.3196421627536631,0.08702716957896817,0.519508077992552,25,50,10
28,3614,0.07382644014266818,0.31964216275383983,0.0870271842905069,0.5195042128129846,25,50,10
28,3615,0.07382205289919659,0.3196421627506787,0.0870271088465096,0.5195086755036145,25,50,10
28,3616,0.07383203594395737,0.3196421627505716,0.08702710010624798,0.5194987011992224,25,50,10
28,3617,0.07382786672766092,0.31964632894596096,0.08702710313216314,0.5194987011942145,25,50,10
28,3618,0.07389405787403669,0.3196466837001145,0.08696055724472909,0.5194987011811193,25,50,10
28,3619,0.07388813429681146,0.3196526049073681,0.0869605596144492,0.5194987011813711,25,50,10
28,3620,0.0738862079940328,0.31965260490728215,0.08696062050996436,0.5195005665887205,25,50,10
28,3621,0.07388614076407932,0.3196526743211804,0.08696061832618758,0.5195005665885525,25,50,10
28,3622,0.0738861401585298,0.3196526743211801,0.08696061825419855,0.5195005672660915,25,50,10
28,3623,0.07401617671676346,0.31965267432746264,0.08696104191780778,0.5193701070379663,25,50,10
28,3624,0.07401435431751378,0.3196545020010843,0.08696103665280171,0.5193701070286003,25,50,10
28,3625,0.0740142491144484,0.31965460571700477,0.08696103813994396,0.5193701070286033,25,50,10
28,3626,0.07402027702752924,0.31965460571705884,0.08696104208131737,0.5193640751740952,25,50,10
28,3627,0.07401803239153305,0.31965460571723553,0.08696105481520514,0.5193663070760267,25,50,10
28,3628,0.07401810161105121,0.3196546057172514,0.0869609878931117,0.5193663047785861,25,50,10
28,3629,0.07401818931699361,0.3196546057154431,0.08696090014451947,0.5193663048230469,25,50,10
28,3630,0.07401216327900116,0.3196546057153893,0.0869608962429872,0.5193723347626255,25,50,10
28,3631,0.07387682875150145,0.31965460570696586,0.08696040249741747,0.5195081630441184,25,50,10
28,3632,0.07389872234236973,0.31965460570712495,0.08696040972540313,0.519486262225105,25,50,10
28,3633,0.0738986844179134,0.31965460570717935,0.08696041273112512,0.519486297143784,25,50,10
28,3634,0.07390660143945181,0.31965460570723,0.08696041732725922,0.5194783755260605,25,50,10
28,3635,0.07384464222699379,0.3196542509571689,0.0870227313147538,0.5194783755010853,25,50,10
28,3636,0.0747489905924457,0.3196542509574149,0.08702325925594416,0.518573499194197,25,50,10
28,3637,0.0747470292705332,0.3196542509571315,0.08702323489591703,0.51857548487642,25,50,10
28,3638,0.07384268087528191,0.31965425095688543,0.08702270692031493,0.5194803612475194,25,50,10
28,3639,0.07384863966744862,0.31964829302015757,0.08702270606045012,0.5194803612519454,25,50,10
28,3640,0.07385294224851212,0.31964829302128456,0.08702279379487468,0.5194759709353304,25,50,10
28,3641,0.07385896943935115,0.3196482930213928,0.08702279971146075,0.5194699378277968,25,50,10
28,3642,0.0738609342250365,0.31964829302149733,0.0870228072253521,0.5194679655281156,25,50,10
28,3643,0.06952203170776473,0.3196482925909685,0.09136130043393713,0.5194683752673338,25,50,10
28,3644,0.06952616401824001,0.31964829259086525,0.09136129299064519,0.5194642504002537,25,50,10
28,3645,0.06951971410005298,0.3196482925885493,0.0913677428684588,0.519464250442943,25,50,10
28,3646,0.06939171031144109,0.3196482925821254,0.09136730705920297,0.5195926900472349,25,50,10
28,3647,0.07529161882345088,0.319648292313942,0.08546739882678749,0.5195926900358241,25,50,10
28,3648,0.07529951570423245,0.3196482923139024,0.08546740089350288,0.5195847910883665,25,50,10
28,3649,0.07530841500555838,0.319648292315049,0.08546749555052462,0.5195757971288725,25,50,10
28,3650,0.07531427077902265,0.3196424374658191,0.08546749462645728,0.5195757971287052,25,50,10
28,3651,0.07579764585922678,0.3196424374720915,0.08546795107767446,0.5190919655910115,25,50,10
28,3652,0.07579760798516597,0.3196424374721797,0.08546795654183867,0.5190919980008198,25,50,10
28,3653,0.07579072739834328,0.3196424375331572,0.08547478766345222,0.5190920474050514,25,50,10
28,3654,0.07580881285729127,0.31964243753523397,0.08069132339521311,0.5238574262122669,25,50,10
28,3655,0.07619866324614528,0.3196424375331823,0.04997401918783459,0.5541848800328373,25,50,10
28,3656,0.07619866200697246,0.31964243865366404,0.04997401930626849,0.5541848800330945,25,50,10
28,3657,0.04401902623512094,0.319645745268952,0.08215061462974806,0.5541846138661837,25,50,10
28,3658,0.04401311464463522,0.31965165790224054,0.08215061358726558,0.5541846138658628,25,50,10
28,3659,0.04401909772108817,0.3196456747773958,0.08215061363567253,0.5541846138658477,25,50,10
28,3660,0.04400518680106606,0.31964567477727635,0.0821506060936356,0.5541985323280255,25,50,10
28,3661,0.043990402125445874,0.3196456747761313,0.08215051159401256,0.5542134115044139,25,50,10
28,3662,0.034182876440737434,0.31964568003852745,0.09195802706010565,0.5542134164606329,25,50,10
28,3663,0.03507675294556311,0.31964568004276095,0.09195866585792524,0.5533189011537537,25,50,10
28,3664,0.0350767538480652,0.3196456800427613,0.09195866588151799,0.5533189002276581,25,50,10
28,3665,0.03508277768556747,0.3196396544784784,0.09195866759877562,0.5533189002371808,25,50,10
28,3666,0.035114648238017215,0.3196077602210984,0.09195869127481843,0.5533189002660682,25,50,10
28,3667,0.03511454246294674,0.3196077602210811,0.09195869102773893,0.5533190062882354,25,50,10
28,3668,0.03512063943970695,0.31960776022116716,0.09195869524185105,0.553312905097277,25,50,10
28,3669,0.035120746846080755,0.31960776022118437,0.09195869555027228,0.5533127973824647,25,50,10
28,3670,0.03557891550905528,0.31914934298887665,0.09195894409051698,0.5533127974115533,25,50,10
28,3671,0.03557292594272942,0.3191493429888591,0.0919589438013325,0.5533187872670812,25,50,10
28,3672,0.03557359106335692,0.31914934298877656,0.09195894606447648,0.5533181198833917,25,50,10
28,3673,0.03558172105697499,0.3191493429908342,0.09195901682450153,0.553309919127691,25,50,10
28,3674,0.03517986696991829,0.3191493429907377,0.08748830906025588,0.5581824809790897,25,50,10
28,3675,0.03517163036837447,0.31914934298862624,0.0874882343803083,0.5581907922626926,25,50,10
28,3676,0.03517166251171868,0.31914934298862685,0.08748823549136567,0.5581907590082905,25,50,10
28,3677,0.035163333376697976,0.3191493429876058,0.0874881563742564,0.5581991672614416,25,50,10
28,3678,0.0351654392442611,0.31914934298742875,0.08748814261775445,0.5581970751505568,25,50,10
28,3679,0.0351653707668155,0.3191493429873568,0.0874881374297723,0.5581971488160565,25,50,10
28,3680,0.0351871975645858,0.31911977652252954,0.08749587708256071,0.5581971488303251,25,50,10
28,3681,0.03518716719184929,0.31911977652251144,0.08749587578041995,0.5581971805052205,25,50,10
28,3682,0.035650966981278794,0.3186555343399787,0.08749631732107113,0.558197181357672,25,50,10
28,3683,0.0357611298744385,0.31854502192633927,0.0874966668024679,0.5581971813967553,25,50,10
28,3684,0.03576151401018814,0.3185450219263255,0.0874966688158999,0.5581967952475874,25,50,10
28,3685,0.04307903642976152,0.3185417152772778,0.08018262738218533,0.5581966209107768,25,50,10
28,3686,0.042171362705888456,0.3185417152730132,0.08018198520176605,0.5591049368193337,25,50,10
28,3687,0.042525625007086516,0.31854171527723485,0.08018265683159834,0.5587500028840816,25,50,10
28,3688,0.04253987930158802,0.31854171528158337,0.08016840202032693,0.5587500033965037,25,50,10
28,3689,0.04254576459040072,0.31854171528158115,0.08016840181118737,0.5587441183168325,25,50,10
28,3690,0.042530072919509,0.3185417152814223,0.08016839042604515,0.5587598213730249,25,50,10
28,3691,0.04252237091802157,0.31854942148565485,0.08016838623748856,0.5587598213588361,25,50,10
28,3692,0.042522262990023305,0.3185494214856898,0.08016838678514239,0.5587599287391455,25,50,10
28,3693,0.0425221606391871,0.3185494214857074,0.08016838804800983,0.5587600298270966,25,50,10
28,3694,0.04253843939102591,0.31854942148783444,0.08016845114287832,0.5587436879782621,25,50,10
28,3695,0.04252815090115781,0.31854942148569054,0.08016838775897646,0.5587540398541759,25,50,10
28,3696,0.06832380623667596,0.31854942194171,0.05437271099846685,0.5587540608231458,25,50,10
28,3697,0.06831830933950306,0.31854942194481617,0.05437271618651289,0.5587595525291665,25,50,10
28,3698,0.06796810905688169,0.3185494219404338,0.05437203288663199,0.5591104361160513,25,50,10
28,3699,0.0679621502908521,0.3185494219404166,0.054372033564981125,0.5591163942037489,25,50,10
28,3700,0.06796814204963529,0.3185494219404519,0.054372034167140114,0.5591104018427715,25,50,10
28,3701,0.06120747855508152,0.31854941775388795,0.06113274012051417,0.559110363570515,25,50,10
28,3702,0.061673353781833605,0.31854941775402923,0.06113294222676334,0.5586442862373725,25,50,10
28,3703,0.061203954187017205,0.31854941774784584,0.06113260897252866,0.559114019092607,25,50,10
28,3704,0.06073402904186222,0.319019787826668,0.06113216489122893,0.5591140182402397,25,50,10
28,3705,0.06069616736229591,0.3190576728761596,0.06113214155971197,0.5591140182018316,25,50,10
28,3706,0.06068807592529759,0.3190576728760702,0.06113201835119793,0.5591222328474333,25,50,10
28,3707,0.06082143500668866,0.31892389095828916,0.06113244059821287,0.5591222334368087,25,50,10
28,3708,0.07466296598813717,0.31892388997306276,0.04721092359629657,0.5592022204425028,25,50,10
28,3709,0.07419880751941448,0.3193882969385151,0.047210675128570204,0.5592022204134993,25,50,10
28,3710,0.07419071151553577,0.3193882969323218,0.04712290505766584,0.559298086494476,25,50,10
28,3711,0.07420465052636492,0.31937435160553873,0.04712291135942547,0.5592980865086703,25,50,10
28,3712,0.07419886854739245,0.31937435160561256,0.047122916776815967,0.5593038630701787,25,50,10
28,3713,0.07420482664346456,0.3193683953430159,0.04712291493874926,0.5593038630747698,25,50,10
28,3714,0.07420485956296503,0.31936836105146293,0.047122916305876845,0.5593038630796947,25,50,10
28,3715,0.07421283839867429,0.3193681041230008,0.047115194389194974,0.5593038630891298,25,50,10
28,3716,0.07419927886085213,0.319368104122985,0.04711519236273643,0.5593174246534268,25,50,10
28,3717,0.07418725514060373,0.3193681041229262,0.04711514982659163,0.5593294909098789,25,50,10
28,3718,0.07418740112631438,0.3193681041229442,0.04711515121383507,0.5593293435369067,25,50,10
28,3719,0.07466680662805995,0.3193681041273296,0.04711553093965048,0.5588495583049603,25,50,10
28,3720,0.07513985443934104,0.31936810413580063,0.046738319730912234,0.5587537216939463,25,50,10
28,3721,0.07513960635852988,0.3193683540511372,0.04673831789179848,0.5587537216985347,25,50,10
28,3722,0.07514003376446282,0.3193677324270013,0.04673851210457185,0.5587537217039644,25,50,10
28,3723,0.07500078506882094,0.3195074035039082,0.046738090307999094,0.5587537211192722,25,50,10
28,3724,0.07500656707814952,0.31950740350383433,0.046738084952457924,0.5587479444655589,25,50,10
28,3725,0.07499861456227004,0.31951536248679635,0.046738078499741376,0.5587479444511927,25,50,10
28,3726,0.07768489080190905,0.31951536233766914,0.044131804914855646,0.5586679419455662,25,50,10
28,3727,0.07766107797577733,0.3195391933895431,0.04413178671791817,0.5586679419167611,25,50,10
28,3728,0.07717571467982301,0.3195391933852106,0.044131409851242843,0.5591536820837234,25,50,10
28,3729,0.07720072454354132,0.3195391932055909,0.04410415501120597,0.5591559272396619,25,50,10
28,3730,0.07708481531096624,0.31965543846982714,0.04410381899915417,0.5591559272200528,25,50,10
28,3731,0.07708481906528408,0.3196554351334543,0.04410381858571883,0.559155927215543,25,50,10
28,3732,0.07707623681792185,0.3196554351334855,0.044103811669573514,0.5591645163790193,25,50,10
28,3733,0.08158567602294038,0.31965543486020603,0.039596638818738365,0.5591622502981154,25,50,10
28,3734,0.08157989590913547,0.3196554348602242,0.03959664011886882,0.5591680291117717,25,50,10
28,3735,0.08157989531000003,0.319655434860206,0.03959663878607317,0.559168031043721,25,50,10
28,3736,0.08158161411657001,0.3196537235937674,0.03959663125606378,0.559168031033599,25,50,10
28,3737,0.0820570859343599,0.3196537236010453,0.03959705719442014,0.5586921332701749,25,50,10
28,3738,0.08206504031562709,0.31965372360109817,0.039597062889859196,0.5586841731934158,25,50,10
28,3739,0.0819313318297942,0.3197878580280717,0.0395966375328678,0.5586841726092667,25,50,10
28,3740,0.08193742941412781,0.3197878580280188,0.039596636805236105,0.5586780757526177,25,50,10
28,3741,0.08178397155803299,0.31978786207010873,0.039750015900920935,0.5586781504709376,25,50,10
28,3742,0.08177602144480453,0.31978786207005716,0.039750010234640004,0.5586861062504987,25,50,10
28,3743,0.0817758077804712,0.3197878620700928,0.03975000969848311,0.5586863204509533,25,50,10
28,3744,0.08177569983176905,0.31978796994778075,0.039750009769670296,0.5586863204507803,25,50,10
28,3745,0.08177535159238554,0.3197879699477968,0.03975000887907749,0.5586866695807403,25,50,10
28,3746,0.08177132040370319,0.31978796994786657,0.03975001485313544,0.5586906947952949,25,50,10
28,3747,0.08177094101796376,0.3197879699477965,0.0397500107382525,0.5586910782959872,25,50,10
28,3748,0.08176908263926379,0.31978796994772585,0.03975000474568306,0.5586929426673273,25,50,10
28,3749,0.08175522957308223,0.3197879699476735,0.03974999593705581,0.5587068045421886,25,50,10
28,3750,0.0819028131867023,0.3197879699541942,0.03975076753690263,0.5585584493222011,25,50,10
28,3751,0.08190298661215957,0.31978796995424874,0.039750770567875925,0.5585582728657159,25,50,10
28,3752,0.08191066220187604,0.319787969954317,0.03975077640525654,0.5585505914385507,25,50,10
28,3753,0.08191055583687244,0.31978807606003784,0.0397507766597856,0.5585505914433044,25,50,10
28,3754,0.08195658832214585,0.3197880760552976,0.03970474480210926,0.5585505908204474,25,50,10
28,3755,0.08195252437022271,0.3197880760553311,0.03970474916704461,0.5585546504074016,25,50,10
28,3756,0.08195862673343292,0.3197880760552961,0.039704750670470905,0.5585485465407998,25,50,10
28,3757,0.08195862860181057,0.31978807391111563,0.039704750941679044,0.5585485465453945,25,50,10
28,3758,0.08195859049092524,0.31978807391107866,0.0397047484640811,0.5585485871339146,25,50,10
28,3759,0.08195872815940503,0.31978793567954505,0.03970474903164775,0.558548587129402,25,50,10
28,3760,0.08181124382807127,0.31978793567303965,0.03970397758659357,0.5586968429122954,25,50,10
28,3761,0.0818053200752781,0.3197938639223331,0.039703973109731595,0.5586968428926569,25,50,10
28,3762,0.08180532255024199,0.31979386105833996,0.03970397349407993,0.5586968428973377,25,50,10
28,3763,0.08180486725100355,0.3197945122765375,0.03970377758998358,0.558696842882475,25,50,10
28,3764,0.08180489994569871,0.3197944784418453,0.039703778729814745,0.558696842882641,25,50,10
28,3765,0.08134687284783987,0.31979447844179315,0.03970358304727476,0.559155065663092,25,50,10
28,3766,0.08133919723682265,0.319794478441725,0.03970357718981689,0.5591627471316352,25,50,10
28,3767,0.08133919871617078,0.31979447844171305,0.03970358078871031,0.5591627420534054,25,50,10
28,3768,0.08135317543847907,0.31979447844180187,0.039703588129775036,0.5591487579899436,25,50,10
28,3769,0.08134742713297254,0.3198002262233849,0.03970358865828747,0.5591487579853548,25,50,10
28,3770,0.08135198035130324,0.31979567600256403,0.0397035856745561,0.5591487579715761,25,50,10
28,3771,0.08134004188819413,0.3197956760026705,0.03970359344480405,0.5591606886643309,25,50,10
28,3772,0.08134000931999752,0.31979570931877793,0.03970359269680375,0.5591606886644204,25,50,10
28,3773,0.08133073102581655,0.3197957093145839,0.039712900431345816,0.5591606592282534,25,50,10
28,3774,0.0813307320987037,0.3197957041372163,0.03971290453590599,0.5591606592281738,25,50,10
28,3775,0.08157298984188492,0.3197957041414723,0.03971345771970855,0.558917848296934,25,50,10
28,3776,0.08156767158958908,0.31980101140494444,0.03971346870721445,0.5589178482982519,25,50,10
28,3777,0.08156780510820705,0.3198008760939561,0.03971347049966094,0.5589178482981758,25,50,10
28,3778,0.0815737234698373,0.3198008760939388,0.03971346808715822,0.5589119323490658,25,50,10
28,3779,0.08155978491810266,0.31980087609390384,0.039713464626406486,0.558925874361587,25,50,10
28,3780,0.08155981789414281,0.31980087609393504,0.03971346238461833,0.5589258436273039,25,50,10
28,3781,0.08156580842592714,0.3197948899802243,0.03971345796654898,0.5589258436272996,25,50,10
28,3782,0.08109618878300401,0.31979488997291006,0.03971303036105411,0.5593958908830318,25,50,10
28,3783,0.08109618879106954,0.31979488997291006,0.039713030361031125,0.55939589087499,25,50,10
28,3784,0.08109581019411559,0.3197952714796175,0.03971302745160733,0.5593958908746601,25,50,10
28,3785,0.0810956988953381,0.31979527147965275,0.0397130259478939,0.5593960036771157,25,50,10
28,3786,0.0811118384038347,0.31979527148176,0.03971309425948008,0.5593797958549256,25,50,10
28,3787,0.0811136950670477,0.3197952714818301,0.03971310024286001,0.5593779332082627,25,50,10
28,3788,0.08112151705370865,0.31979527148186365,0.03971310767713345,0.5593701037872948,25,50,10
28,3789,0.08112549864675296,0.31979527148168463,0.0397130936825119,0.5593661361890508,25,50,10
28,3790,0.08112563830392806,0.3197952714816855,0.039713094950670595,0.5593659952637162,25,50,10
28,3791,0.0811197269763543,0.3198011767250078,0.039713101034746005,0.5593659952638923,25,50,10
28,3792,0.08112018860155117,0.3198007042153197,0.03971311191369638,0.5593659952694332,25,50,10
28,3793,0.08112004879553689,0.31980084540862325,0.03971311052182229,0.5593659952740182,25,50,10
28,3794,0.08111971923185561,0.3198011843875717,0.03971310111193762,0.5593659952686357,25,50,10
28,3795,0.08111383333317561,0.3198011843875717,0.039713101116887986,0.5593718811623654,25,50,10
28,3796,0.0811197530140353,0.31979524438151014,0.03971312141276187,0.5593718811916933,25,50,10
28,3797,0.08115006283623893,0.3197952471601368,0.03968283125229854,0.5593718587513266,25,50,10
28,3798,0.08115005782368921,0.319795258731217,0.0396828246893391,0.5593718587557555,25,50,10
28,3799,0.08114613475820164,0.3197952587312709,0.039682854726783894,0.5593757517837445,25,50,10
28,3800,0.0811402109833048,0.31979525873126924,0.03968285365754352,0.5593816766278833,25,50,10
28,3801,0.0811342532823883,0.3198012141301143,0.039682855949988015,0.55938167663751,25,50,10
28,3802,0.08126905565075271,0.31980121413331974,0.039683310287627935,0.5592464199283004,25,50,10
28,3803,0.08126719893523164,0.31980121413324847,0.03968330419902969,0.559248282732491,25,50,10
28,3804,0.08127487117482303,0.31979353787770226,0.03968330820588407,0.5592482827415914,25,50,10
28,3805,0.08127484044012309,0.31979353787768316,0.039683306836703236,0.559248314845491,25,50,10
28,3806,0.08128026128189257,0.31978812815012225,0.03968329572840689,0.5592483148395789,25,50,10
28,3807,0.0812861472671222,0.31978812815012286,0.039683310566645695,0.5592424140161097,25,50,10
28,3808,0.08128036682192764,0.3197881281501226,0.0396833106427972,0.5592481943851532,25,50,10
28,3809,0.08127961193201472,0.31978812815128926,0.03968406552589226,0.5592481943908044,25,50,10
28,3810,0.08128559804655731,0.31978812815125346,0.03968406292180476,0.5592422108803848,25,50,10
28,3811,0.08129141391823164,0.31978812815127344,0.039684064315822075,0.5592363936146731,25,50,10
28,3812,0.08129141203299543,0.3197881281512734,0.03968404949981495,0.5592364103159165,25,50,10
28,3813,0.08129127553134569,0.31978812815125623,0.03968404822802969,0.5592365480893688,25,50,10
28,3814,0.08130139445873392,0.31978812815241914,0.03968413857675117,0.5592263388120958,25,50,10
28,3815,0.08128940879046515,0.3197881281524549,0.0396841371077298,0.5592383259493503,25,50,10
28,3816,0.08128734279940172,0.3197881281524169,0.03968410728942273,0.5592404217587591,25,50,10
28,3817,0.08129350409540036,0.3197819641646173,0.039684109971367565,0.5592404217686152,25,50,10
28,3818,0.08082956287643073,0.31978196416024746,0.04014805173598262,0.5592404212273394,25,50,10
28,3819,0.08082966779284698,0.3197818607776792,0.04014805021192488,0.5592404212175491,25,50,10
28,3820,0.08082567405502564,0.31978186077785575,0.040148064012699505,0.5592444011544194,25,50,10
28,3821,0.08082560432703334,0.31978192212965345,0.040148072388893834,0.5592444011544199,25,50,10
28,3822,0.08080319811516747,0.3197819221274929,0.04014800118595601,0.559266878571384,25,50,10
28,3823,0.08080309491092809,0.3197820244279594,0.04014800208972932,0.5592668785713836,25,50,10
28,3824,0.08079713565874562,0.31978202442794346,0.04014800294929177,0.5592728369640194,25,50,10
28,3825,0.08079139047019426,0.31978202443694853,0.040153747090911275,0.559272838001946,25,50,10
28,3826,0.08079737745612613,0.3197820244369642,0.04015374722771296,0.5592668508791968,25,50,10
28,3827,0.08079738420612592,0.31978202443696574,0.040153747330508215,0.5592668440264006,25,50,10
28,3828,0.0809694733044291,0.3197820175568016,0.03998171764859761,0.5592667914901717,25,50,10
28,3829,0.08096957645065363,0.3197819144997416,0.03998171754991411,0.5592667914996907,25,50,10
28,3830,0.08097150637659435,0.3197819144998273,0.03998172268381121,0.5592648564397671,25,50,10
28,3831,0.08097150648825052,0.3197819142500529,0.03998172282192792,0.5592648564397685,25,50,10
28,3832,0.08097151146973064,0.3197819092314206,0.039981722859157666,0.559264856439691,25,50,10
28,3833,0.08111100456524588,0.3197819092358117,0.03998209881431438,0.5591249873846278,25,50,10
28,3834,0.08111285691692943,0.3197800513359967,0.03998210435761231,0.5591249873894613,25,50,10
28,3835,0.08111271248862276,0.31978019675425867,0.039982103367747206,0.5591249873893711,25,50,10
28,3836,0.08110675738236173,0.31978019675424457,0.03998210535932111,0.5591309405040722,25,50,10
28,3837,0.08097328976822053,0.31978019674987224,0.039981730803407035,0.5592647826784999,25,50,10
28,3838,0.08096733604268964,0.3197801967498344,0.039981728019020085,0.5592707391884556,25,50,10
28,3839,0.05455037824720809,0.3197802025718253,0.0663967816685664,0.5592726375124005,25,50,10
28,3840,0.054544353394204374,0.3197802025718066,0.06639678031705146,0.5592786637169379,25,50,10
28,3841,0.0545563318401249,0.31978020257178996,0.06639677908447109,0.5592666865036144,25,50,10
28,3842,0.05431813875491447,0.31978020256750067,0.06639622156243685,0.5595054371151484,25,50,10
28,3843,0.05418879663024005,0.319780202561153,0.0663957594427093,0.5596352413658979,25,50,10
28,3844,0.05421671376524133,0.3197802025611708,0.06639576360937952,0.5596073200642085,25,50,10
28,3845,0.054203156520134944,0.3197937626758819,0.06639576073466678,0.5596073200693168,25,50,10
28,3846,0.0542047347842991,0.319792181142539,0.06639576400410657,0.5596073200690558,25,50,10
28,3847,0.05420890112408958,0.3197921811424867,0.06639575928035085,0.5596031584530732,25,50,10
28,3848,0.054186836000077634,0.31979218115525687,0.06641782238211713,0.5596031604625487,25,50,10
28,3849,0.05419468760976508,0.3197921811553245,0.06640996912326279,0.5596031621116481,25,50,10
28,3850,0.05419468819681521,0.3197921792862469,0.06640997040044196,0.5596031621164965,25,50,10
28,3851,0.054190660665078834,0.31979217928631665,0.06640997641459559,0.5596071836340095,25,50,10
28,3852,0.05421245494397473,0.3197921792754156,0.06638818336388036,0.55960718241673,25,50,10
28,3853,0.05421257125849313,0.319792062262707,0.06638818407541458,0.5596071824033859,25,50,10
28,3854,0.054218320897049796,0.31978631523787215,0.06638818147138777,0.5596071823936908,25,50,10
28,3855,0.05422467532470336,0.31978631523786977,0.06638818344164148,0.559600825995786,25,50,10
28,3856,0.054218789041408894,0.31979220715115253,0.06638817779727417,0.559600826010165,25,50,10
28,3857,0.05421868540912338,0.3197922071511356,0.06638817755519899,0.5596009298845425,25,50,10
28,3858,0.054216966536959774,0.3197922071510846,0.06638817290228902,0.5596026534096669,25,50,10
28,3859,0.0542209697438558,0.319352299834191,0.06682407699714277,0.5596026534248103,25,50,10
28,3860,0.054219182369918004,0.3193540901603689,0.06682407403988018,0.559602653429833,25,50,10
28,3861,0.054224998863881047,0.31934827642544283,0.0668240712907093,0.5596026534199668,25,50,10
28,3862,0.05421901177040547,0.3193542637493349,0.06682407106471797,0.5596026534155416,25,50,10
28,3863,0.05421904696226008,0.31935426374931963,0.06682407514353887,0.5596026141448815,25,50,10
28,3864,0.05418926899205102,0.3193542637491423,0.06682405851517129,0.5596324087436358,25,50,10
28,3865,0.054181349534811095,0.3193542637490901,0.06682405382740332,0.5596403328886957,25,50,10
28,3866,0.05418131393885685,0.31935426374932036,0.06682407342024085,0.5596403488915822,25,50,10
28,3867,0.0541871660879849,0.31935426374928405,0.06682407173156003,0.5596344984311714,25,50,10
28,3868,0.054195116236672794,0.31935426374933507,0.06682407745662088,0.5596265425573719,25,50,10
28,3869,0.054194981105448604,0.31935426374931664,0.06682407618828475,0.5596266789569503,25,50,10
28,3870,0.05419490836884695,0.3193542637493001,0.06682407706386836,0.559626750817985,25,50,10
28,3871,0.05420509636075359,0.31934400802575014,0.06682414424780783,0.559626751365689,25,50,10
28,3872,0.05421865304667597,0.3193440080247984,0.06682407089861364,0.5596132680299124,25,50,10
28,3873,0.05423483381645818,0.3193440080248216,0.06682407803236845,0.5595970801263522,25,50,10
28,3874,0.05423459265512395,0.3193442509223427,0.06682407631046199,0.5595970801120721,25,50,10
28,3875,0.054234592650705064,0.3193442509223427,0.06682407631702783,0.559597080109925,25,50,10
28,3876,0.054236447198254885,0.31934425092241236,0.06682408225864638,0.5595952196206869,25,50,10
28,3877,0.05422873636783389,0.3193442509223436,0.06683179473799866,0.5595952179718248,25,50,10
28,3878,0.0542209184635749,0.3193442509223104,0.06683179032585018,0.5596030402882655,25,50,10
28,3879,0.054215030054700464,0.31934425092231,0.06683179023111983,0.5596089287918705,25,50,10
28,3880,0.054216989266551364,0.3193442509223798,0.06683179628977501,0.5596069635212944,25,50,10
28,3881,0.05421685136307128,0.3193438391430443,0.0668323459868765,0.559606963507008,25,50,10
28,3882,0.05421674588807244,0.31934383914302644,0.0668323456529469,0.559607069315954,25,50,10
28,3883,0.05421674901303079,0.31934383914277814,0.06683232473670457,0.5596070871074869,25,50,10
28,3884,0.054217028811367134,0.31934383914278025,0.06683232693996975,0.5596068051058828,25,50,10
28,3885,0.05422498019299504,0.31933587525078516,0.06683233944524038,0.5596068051109798,25,50,10
28,3886,0.0547025782852662,0.31885777983063845,0.06683283591590605,0.5596068059681896,25,50,10
28,3887,0.05423111795641665,0.3193297342251068,0.06683234270741005,0.5596068051110668,25,50,10
28,3888,0.05422928576269159,0.31933156995205697,0.06683233917503417,0.5596068051102178,25,50,10
28,3889,0.0542189570733296,0.3193315699520157,0.06683233069241919,0.5596171422822362,25,50,10
28,3890,0.05434827351600861,0.31933156996044076,0.06683282684845442,0.559487329675097,25,50,10
28,3891,0.05435237200654651,0.31933156996046175,0.06683282764632083,0.5594832303866717,25,50,10
28,3892,0.054342150892124866,0.3193418786598642,0.06683274063361017,0.5594832298144015,25,50,10
28,3893,0.05435836650369288,0.3193256489636007,0.06683275470352458,0.5594832298291825,25,50,10
28,3894,0.054358512297075424,0.31932550559801115,0.06683275227538371,0.5594832298295305,25,50,10
28,3895,0.05435063180157798,0.3193333967276578,0.06683274164123149,0.5594832298295334,25,50,10
28,3896,0.054364320841832445,0.3193197010203873,0.06683274829908412,0.5594832298386968,25,50,10
28,3897,0.05435442797820059,0.31976549796776327,0.06639684423054888,0.5594832298234881,25,50,10
28,3898,0.054219225153986784,0.3197654979593375,0.06639634802883303,0.5596189288578435,25,50,10
28,3899,0.054219608889261126,0.3197654979594094,0.06639635229114979,0.5596185408601805,25,50,10
28,3900,0.05422552908395614,0.3197595739398967,0.06639635611055034,0.5596185408655976,25,50,10
28,3901,0.053864091204587676,0.31975957394701404,0.06675779098153463,0.5596185438668639,25,50,10
28,3902,0.053864124326498695,0.3197595739470328,0.06675779240897935,0.5596185093174896,25,50,10
28,3903,0.053864011434700904,0.319759688331516,0.06675779090678038,0.5596185093270031,25,50,10
28,3904,0.053851890499328064,0.3197718108756813,0.06675778929814433,0.5596185093268469,25,50,10
28,3905,0.05382800376293502,0.31977181087550494,0.0667577726680319,0.5596424126935288,25,50,10
28,3906,0.053827897828301705,0.3197718108754699,0.06675777206696784,0.5596425192292611,25,50,10
28,3907,0.053827899654362854,0.3197718108754705,0.06675777203005753,0.5596425174401098,25,50,10
28,3908,0.05383378668137086,0.3197718108754711,0.06675777212038486,0.5596366303227736,25,50,10
28,3909,0.05381171709033923,0.3197938932395279,0.06675775935729761,0.5596366303128356,25,50,10
28,3910,0.05380607331070503,0.31979953646482,0.06675775991121405,0.5596366303132612,25,50,10
28,3911,0.053800159505288596,0.31980508261033164,0.06675812757654428,0.5596366303078357,25,50,10
28,3912,0.05380198686098562,0.3198032501298338,0.06675813270150162,0.5596366303076793,25,50,10
28,3913,0.043569339944885155,0.3198032445116312,0.07699247920979724,0.5596349363336869,25,50,10
28,3914,0.04357715225858455,0.3198032445116821,0.0769924838122705,0.5596271194174635,25,50,10
28,3915,0.0435831467714501,0.3198032445116121,0.07699248170336111,0.5596211270135771,25,50,10
28,3916,0.043589243178175474,0.31980324451164677,0.07699248223444423,0.5596150300757341,25,50,10
28,3917,0.04358311239170534,0.3198032445117162,0.07699248430376437,0.5596211587928145,25,50,10
28,3918,0.04359092677412415,0.31979542275329925,0.07699249166496834,0.5596211588076087,25,50,10
28,3919,0.040918273022056376,0.31979542254372,0.07966535042039677,0.5596209540138273,25,50,10
28,3920,0.040926190138385415,0.31979542254377125,0.07966535507062082,0.5596130322472229,25,50,10
28,3921,0.04092622990244152,0.31979538492292653,0.07966535293718403,0.5596130322374483,25,50,10
28,3922,0.04092427174982219,0.3197973491252325,0.07966534689685893,0.5596130322280868,25,50,10
28,3923,0.040926231827359126,0.3197959352355833,0.07966480069443774,0.55961303224262,25,50,10
28,3924,0.040926121319560346,0.31979641758350863,0.07966442885899333,0.559613032237938,25,50,10
28,3925,0.04092794292447124,0.31979641758357746,0.07966443058097766,0.5596112089109738,25,50,10
28,3926,0.041061406438633395,0.319796417589905,0.0796648524819075,0.5594773234895544,25,50,10
28,3927,0.04107190619124137,0.3197964175911415,0.07965250172379311,0.5594791744938235,25,50,10
28,3928,0.041077476317013945,0.3197908311580171,0.07965251800284143,0.5594791745221275,25,50,10
28,3929,0.04108945611130923,0.3197908311580349,0.0796525182464997,0.5594671944841564,25,50,10
28,3930,0.04108952361629378,0.3197907593849298,0.07965252251437563,0.559467194484401,25,50,10
28,3931,0.0410895272748295,0.3197907593849304,0.07965252251413266,0.5594671908261075,25,50,10
28,3932,0.04109565667640998,0.3197846267490973,0.07965252574837944,0.5594671908261133,25,50,10
28,3933,0.040962260965588596,0.31978462674280594,0.07965210655170787,0.5596010057398977,25,50,10
28,3934,0.04095597832592178,0.31978462674282404,0.07965210271778143,0.5596072922134729,25,50,10
28,3935,0.040960004895081725,0.31978060663361807,0.07965209626251625,0.5596072922087844,25,50,10
28,3936,0.040955838955779915,0.3197806066336703,0.07965210097714161,0.5596114534334083,25,50,10
28,3937,0.04095638060713327,0.3197800616700194,0.07965210429375476,0.5596114534290928,25,50,10
28,3938,0.040964370984026915,0.31977208186380707,0.07965209374262382,0.5596114534095424,25,50,10
28,3939,0.04096836249434503,0.3197680783036836,0.07965210577831659,0.5596114534236551,25,50,10
28,3940,0.04095442355991809,0.3197680783035972,0.07965209957785917,0.559625398558626,25,50,10
28,3941,0.040960382879883725,0.31976807830361603,0.0796520989737988,0.5596194398427018,25,50,10
28,3942,0.040958454526044005,0.3197680783035472,0.07965209403663193,0.5596213731337772,25,50,10
28,3943,0.04095855577827815,0.3197679772465943,0.07965209384143147,0.5596213731336965,25,50,10
28,3944,0.040952604041619274,0.31976797724655737,0.07965209115187181,0.5596273275599518,25,50,10
28,3945,0.041054815946073034,0.3197679772467395,0.07965231455246607,0.5595248922547219,25,50,10
28,3946,0.025331336937622052,0.31976797723782413,0.09537577230647075,0.5595249135180848,25,50,10
28,3947,0.02534957877421487,0.3197496271080694,0.09537588030824809,0.5595249138094691,25,50,10
28,3948,0.025358243351250614,0.31974962710805377,0.095375888570375,0.5595162409703219,25,50,10
28,3949,0.025364022875040814,0.3197496271080184,0.09537588596993868,0.5595104640470034,25,50,10
28,3950,0.025382223733355712,0.3197314086821001,0.09537590350276166,0.5595104640817838,25,50,10
28,3951,0.02538821831761076,0.3197254105023658,0.0953759070982396,0.5595104640817852,25,50,10
28,3952,0.025382333619350893,0.31972541050236525,0.09537590707907634,0.5595163487992086,25,50,10
28,3953,0.0253819462110592,0.31972541050238024,0.09537590514467849,0.5595167381418831,25,50,10
28,3954,0.02539823064391942,0.3197254105024546,0.09537600988558913,0.5595003489680378,25,50,10
28,3955,0.02539840919179549,0.319725410502347,0.09537600495714925,0.559500175348709,25,50,10
28,3956,0.026313584048043296,0.3197254105075135,0.09446085161957805,0.5595001538248653,25,50,10
28,3957,0.026314144266582313,0.31972541050762493,0.09446085977735823,0.5594995854484345,25,50,10
28,3958,0.026307714302036076,0.31973184422740214,0.09446085602256561,0.5594995854479965,25,50,10
28,3959,0.026297389199668585,0.31973184422734396,0.09446075043662282,0.559510016136365,25,50,10
28,3960,0.026297389735591828,0.31973184422734524,0.09446075053556592,0.5595100155014975,25,50,10
28,3961,0.02630233010381616,0.3197268114178102,0.09446084296597279,0.559510015512401,25,50,10
28,3962,0.026296368411878563,0.31972681141779263,0.0944608437171471,0.5595159764531819,25,50,10
28,3963,0.026296295682478984,0.31972681141777604,0.09446084448818684,0.5595160484115579,25,50,10
28,3964,0.02631845104220007,0.3197268114179529,0.09446085732020444,0.5594938802196423,25,50,10
28,3965,0.026312459253633836,0.31972681141791753,0.09446085678906067,0.5594998725393876,25,50,10
28,3966,0.02677840916136901,0.3192605021656408,0.09446121555912738,0.5594998731138626,25,50,10
28,3967,0.026778901623233976,0.3192605021657313,0.09446122015982883,0.5594993760512057,25,50,10
28,3968,0.0267844725478981,0.3192605021656402,0.09446121446797165,0.5594938108184899,25,50,10
28,3969,0.026778234165907792,0.3192605021656402,0.09446121247202523,0.5595000511964268,25,50,10
28,3970,0.026774204807648357,0.31926050216570934,0.09446121843053615,0.5595040745961061,25,50,10
28,3971,0.026660014090357738,0.31926050216552826,0.0944609950988242,0.5596184886452897,25,50,10
28,3972,0.02665959454637763,0.31926050216543556,0.09446098835153449,0.5596189149366522,25,50,10
28,3973,0.026659871788635412,0.3192605021655075,0.09446099361864306,0.5596186324272139,25,50,10
28,3974,0.026653875235166918,0.3192664984491314,0.09446099388380463,0.5596186324318968,25,50,10
28,3975,0.02665801086354155,0.31926649844904353,0.09446098756689776,0.559614503120517,25,50,10
28,3976,0.02667012981568584,0.3192664984490625,0.09446098896627009,0.5596023827689813,25,50,10
28,3977,0.005030926046878856,0.319266498460143,0.11610019895464958,0.5596023765383283,25,50,10
28,3978,0.010197845274218737,0.3192665013828255,0.11093259878749234,0.5596030545554632,25,50,10
28,3979,0.010187720770223906,0.31926650138285995,0.11093260326967236,0.5596131745772436,25,50,10
28,3980,0.010189578273331756,0.31926463613369654,0.11093261101096553,0.559613174582006,25,50,10
28,3981,0.010171268854100008,0.3192830581178033,0.11093249873772533,0.5596131742903712,25,50,10
28,3982,0.009699610923241614,0.3197550929080176,0.11093212248141127,0.5596131736873293,25,50,10
28,3983,0.009705674041283209,0.3197550929080167,0.1109321213646937,0.5596071116860063,25,50,10
28,3984,0.00972181699096184,0.31973888648364013,0.11093218481939267,0.5596071117060053,25,50,10
28,3985,0.00970581478268465,0.3197549489862196,0.11093212453029919,0.5596071117007965,25,50,10
28,3986,0.00969982500860504,0.3197549489862381,0.11093212488489124,0.5596131011202655,25,50,10
28,3987,0.009683660553804698,0.3197549489860952,0.11093211254427554,0.5596292779158246,25,50,10
28,3988,0.009683624505230881,0.3197549883718672,0.11093210920733725,0.5596292779155649,25,50,10
28,3989,0.009683550517881967,0.31975506417447686,0.1109321073824791,0.5596292779251619,25,50,10
28,3990,0.009685372999317566,0.3197550641745112,0.11093211179693238,0.5596274510292388,25,50,10
28,3991,0.009666563280131196,0.31977397116344264,0.1109320145573757,0.5596274509990505,25,50,10
28,3992,0.00965276479206468,0.3197739711634968,0.11093201761854515,0.5596412464258937,25,50,10
28,3993,0.009658931088620487,0.3197678057840315,0.11093201670648078,0.5596412464208675,25,50,10
28,3994,0.00965882080731291,0.3197678057838898,0.11093200835807637,0.5596413650507214,25,50,10
28,3995,0.009659033568454182,0.31976780578385566,0.11093200793716548,0.5596411527105251,25,50,10
28,3996,0.00966320217150649,0.3197678057838213,0.11093200351663239,0.5596369885280402,25,50,10
28,3997,0.009663275532192959,0.3197678057838385,0.1109320027664466,0.5596369159175224,25,50,10
28,3998,0.009669448618472236,0.3197678057838596,0.11093200338209584,0.559630742215573,25,50,10
28,3999,0.009637547136591023,0.3197997307858735,0.11093197990609134,0.5596307421714445,25,50,10
28,4000,0.009631374944229647,0.31980590390683533,0.11093197897681156,0.5596307421721238,25,50,10
28,4001,0.009637190456823314,0.31980008825802403,0.1109319791128692,0.5596307421722838,25,50,10
28,4002,0.009631094070427884,0.3198000882579893,0.11093197863085369,0.5596368390407295,25,50,10
28,4003,0.009633237924829058,0.31980008825784856,0.11093196646858679,0.559634707348736,25,50,10
28,4004,0.009752655698333609,0.31980008825809864,0.11093213122730397,0.5595151248162641,25,50,10
28,4005,0.009752584273524432,0.319800158841687,0.11093213206827528,0.5595151248165134,25,50,10
28,4006,0.0023556881881471137,0.31980017061808513,0.11832971284733823,0.5595144283464297,25,50,10
28,4007,0.0023558235160019716,0.31980017061810206,0.11832971414948505,0.5595142917164112,25,50,10
28,4008,0.0030758247106537255,0.31980017603523114,0.11760967471879571,0.5595143245353198,25,50,10
28,4009,0.003069835032978209,0.31980017603526745,0.11760967529713916,0.5595203136346154,25,50,10
28,4010,0.0030697639755719337,0.3198001760353031,0.11760967705077245,0.5595203829383528,25,50,10
28,4011,0.0030777142683264132,0.3198001760356037,0.11760970157653279,0.559512408119537,25,50,10
28,4012,0.0030834599795174283,0.319794433016068,0.11760969889491274,0.5595124081095016,25,50,10
28,4013,0.0030894491296799636,0.31979443301605137,0.11760969864368377,0.5595064192105846,25,50,10
28,4014,0.003095373540371494,0.31978851103578343,0.11760969621385783,0.559506419209987,25,50,10
28,4015,0.0030875600858564552,0.3197885110355181,0.11760967315853131,0.5595142557200938,25,50,10
28,4016,0.0028295412543321535,0.3197927141598073,0.1178634890989427,0.5595142554869178,25,50,10
28,4017,0.002037407053835192,0.3197927141588477,0.11865744608804193,0.5595124326992772,25,50,10
28,4018,0.0020313800098881586,0.319798741926584,0.11865744536441648,0.5595124326991128,25,50,10
28,4019,0.002043508732167779,0.3197866126136243,0.11865744595000167,0.5595124327042074,25,50,10
28,4020,0.0020436539954800438,0.31978661261360897,0.11865744485904044,0.5595122885318712,25,50,10
28,4021,0.0020494039805162767,0.3197866126135908,0.11865744347160759,0.559506539934286,25,50,10
28,4022,0.002056923700783148,0.31978661261362096,0.11865744741376981,0.5594990162718266,25,50,10
28,4023,0.0020570636550695637,0.31978661261362157,0.11865744855290906,0.5594988751784004,25,50,10
28,4024,0.0016800022753919097,0.31978266115672616,0.11903846142173424,0.5594988751461479,25,50,10
28,4025,0.0016800034573341094,0.31978265768269326,0.11903846371382067,0.5594988751461524,25,50,10
28,4026,0.001681971018547211,0.31978265768276526,0.11903847079080598,0.5594969005078816,25,50,10
28,4027,0.0016801158149565905,0.31978265768269487,0.1190384647614071,0.5594987617409416,25,50,10
28,4028,0.001680007939094375,0.31978265768272834,0.11903846515832067,0.5594988692198564,25,50,10
28,4029,0.001683962497153046,0.31978265768286784,0.1190384772275911,0.5594949025923874,25,50,10
28,4030,0.0016959066809271155,0.31978265768286457,0.11903847501793098,0.5594829606182767,25,50,10
28,4031,0.0016899175651167069,0.31978265768288117,0.11903847526436635,0.5594889494876351,25,50,10
28,4032,0.001572354802231452,0.31978265768268294,0.1190383162772121,0.559606671237873,25,50,10
28,4033,0.0015722794243017762,0.31978265768266634,0.11903831705815313,0.5596067458348783,25,50,10
28,4034,0.0015704570413066132,0.31978265768263286,0.11903831279296083,0.5596085724830993,25,50,10
28,4035,0.001564605063250325,0.3197885091477024,0.11903831331054304,0.559608572478504,25,50,10
28,4036,0.0015666381425029547,0.31978850914757884,0.11903830148206243,0.5596065512278556,25,50,10
28,4037,0.0015668818850735732,0.3197882637330309,0.11903830314442938,0.5596065512374657,25,50,10
28,4038,0.0015668066200582782,0.31978826373301394,0.11903830391966089,0.5596066257272665,25,50,10
28,4039,0.001560815068742829,0.3197942557793988,0.11903830343410879,0.559606625717749,25,50,10
28,4040,0.0015608149427625139,0.3197942559303839,0.1190383034089374,0.5596066257179155,25,50,10
28,4041,0.0015665650426359473,0.3197885075515881,0.11903830169746712,0.5596066257083082,25,50,10
28,4042,0.0015802613428110568,0.31977480456887025,0.11903830836114469,0.559606625727174,25,50,10
28,4043,0.0015664569995560258,0.3197886156903934,0.11903830160183083,0.5596066257082197,25,50,10
28,4044,0.001566529922943901,0.31978854402741835,0.11903830034166553,0.5596066257079721,25,50,10
28,4045,0.0015519769081890778,0.3197885440274314,0.1190382918045572,0.5596211872598225,25,50,10
28,4046,0.00143460014710648,0.3197885440221721,0.11915567529735084,0.5596211805333706,25,50,10
28,4047,0.0014287483239464583,0.31978854402220874,0.11915567783045637,0.5596270298233885,25,50,10
28,4048,0.0014368390567575334,0.3197804460223048,0.11915568508786434,0.5596270298330734,25,50,10
28,4049,0.001430771304801218,0.31978044602230504,0.11915568714638711,0.5596330955265063,25,50,10
28,4050,0.002452696360338917,0.3197815971307852,0.11813261121518874,0.559633095293687,25,50,10
28,4051,0.002456516543206001,0.3197777631362518,0.11813262500789294,0.5596330953126489,25,50,10
28,4052,0.0024623680090772333,0.31977776313623296,0.11813262349274528,0.5596272453619442,25,50,10
28,4053,0.0024564790185342515,0.31977776313728445,0.11813262446537533,0.5596331333788058,25,50,10
28,4054,0.0024503503274641764,0.3197777631372491,0.11813262287770383,0.5596392636575829,25,50,10
28,4055,0.0024564167247389935,0.31977776313725065,0.11813262197736205,0.5596331981606483,25,50,10
28,4056,0.0024425049603003348,0.3197777631371818,0.11813261705799054,0.5596471148445274,25,50,10
28,4057,0.002448507199364154,0.3197717588232187,0.11813261912310467,0.5596471148543124,25,50,10
28,4058,0.002448367302177277,0.3197717588232008,0.11813261782495584,0.5596472560496661,25,50,10
28,4059,0.00291424685559666,0.3197717588295437,0.11813318606963591,0.5591808082452242,25,50,10
28,4060,0.0029202730389440434,0.3197717588295969,0.11813318895169578,0.5591747791797638,25,50,10
28,4061,0.0029223086214488193,0.3197696069034104,0.11813330531450522,0.5591747791606362,25,50,10
28,4062,0.0029163149968038458,0.3197696069034251,0.11813330740371754,0.5591807706960541,25,50,10
28,4063,0.0024445501551552786,0.3197696068970828,0.11813273917717325,0.5596531037705893,25,50,10
28,4064,0.002438556911061808,0.3197696068970656,0.11813273891524316,0.5596590972766302,25,50,10
28,4065,0.0014271601957539296,0.31976820411712736,0.11914553848250282,0.5596590972046165,25,50,10
28,4066,0.001448985480997079,0.3197682041172509,0.11914555036313171,0.5596372600386209,25,50,10
28,4067,0.0014549131528892904,0.3197682041171789,0.11914554611259137,0.5596313366173407,25,50,10
28,4068,0.001459133369004971,0.3197639207159777,0.11914560927766744,0.5596313366373503,25,50,10
28,4069,0.00146543738252758,0.3197576120835589,0.11914561387692547,0.5596313366569884,25,50,10
28,4070,0.0007405324544589514,0.3197575920184855,0.1198705713148186,0.5596313042122391,25,50,10
28,4071,0.0012043037053352376,0.3192928320970135,0.11987155913319976,0.5596313050644538,25,50,10
28,4072,0.0012086208155516428,0.3192928320992118,0.11987169815395707,0.5596268489312812,25,50,10
28,4073,0.0012026282244638066,0.31929882462864134,0.11987169821578311,0.559626848931113,25,50,10
28,4074,0.001218811377658264,0.3192988246289469,0.11987171122370059,0.5596106527696956,25,50,10
28,4075,0.001218949476044823,0.3192986847101772,0.1198717130338777,0.5596106527799016,25,50,10
28,4076,0.0012248696820639263,0.3192986847101959,0.11987171585261523,0.5596047297551258,25,50,10
28,4077,0.0012251152857743303,0.3192985680441151,0.11987158691490166,0.5596047297552098,25,50,10
28,4078,0.0012114198773958678,0.31931226597358287,0.11987158407861165,0.5596047300704108,25,50,10
28,4079,0.0011895222636714496,0.31931226597344275,0.11987157199228612,0.559626639770601,25,50,10
28,4080,0.0011833870545099468,0.31931840289523244,0.11987157027506351,0.5596266397751953,25,50,10
28,4081,0.0011772937786003511,0.3193184028952346,0.11987157041922959,0.5596327329069368,25,50,10
28,4082,0.0011832499383228892,0.3193124413980486,0.11987157573706109,0.5596327329265688,25,50,10
28,4083,0.0011694464613842,0.31931244139799664,0.11987157104957104,0.5596465410910492,25,50,10
28,4084,0.000701648395696148,0.31978122115853475,0.11987059018797058,0.5596465402577997,25,50,10
28,4085,0.0007076072682184098,0.31978122115855195,0.11987058840236121,0.5596405831708694,25,50,10
28,4086,0.0007132133564171417,0.31978122115746344,0.11987058470155466,0.5596349807845659,25,50,10
28,4087,0.0008466974114774775,0.31978122116482116,0.1198710151387346,0.5595010662849678,25,50,10
28,4088,0.0008425723351524667,0.31978541122614124,0.11987095018361314,0.5595010662550941,25,50,10
28,4089,0.0008267316232306031,0.3197854111606334,0.11988679172472973,0.5595010654914073,25,50,10
28,4090,0.0008267732629281628,0.31978541116067066,0.1198867938191198,0.5595010217572824,25,50,10
28,4091,0.0008326271841733358,0.31978541116065284,0.11988679249838005,0.5594951691567951,25,50,10
28,4092,0.0006991106934886616,0.3197854111532958,0.11988636008759981,0.559629118065617,25,50,10
28,4093,0.0006947942299550719,0.31978541115109826,0.11988622117991396,0.5596335734390341,25,50,10
28,4094,0.0011778896341445029,0.3193019474340861,0.11988658923350803,0.5596335736982627,25,50,10
28,4095,0.001182080444447185,0.319301947434093,0.11988239840800938,0.5596335737134517,25,50,10
28,4096,0.0012047941103984073,0.31927908303947633,0.11988254910270671,0.5596335737474198,25,50,10
28,4097,0.0012106823481165304,0.3192790830394764,0.11988254909993054,0.5596276855124775,25,50,10
28,4098,0.0012126474008681675,0.3192790830395996,0.1198825569766432,0.5596257125828897,25,50,10
28,4099,0.0012266982402709414,0.3192650274235916,0.1198825617437321,0.5596257125924058,25,50,10
28,4100,0.0012207756879656264,0.3192650274235556,0.11988255917156958,0.5596316377169093,25,50,10
28,4101,0.0012208811750314956,0.31926502742357316,0.11988255944481464,0.5596315319565804,25,50,10
28,4102,0.0012211311732704718,0.3192650274235578,0.11988256037563932,0.5596312810275321,25,50,10
28,4103,0.001234967801050317,0.31926502742362783,0.11988256633178007,0.5596174384435412,25,50,10
28,4104,0.001218106199598825,0.319282031927364,0.11988242347366701,0.5596174383993697,25,50,10
28,4105,0.0012240268914970416,0.31928203192739957,0.11988242608410164,0.5596115150970012,25,50,10
28,4106,0.001694128479190756,0.3192820319326878,0.11988287682588016,0.5591409627622408,25,50,10
28,4107,0.0016958884548153334,0.319282031934823,0.119881114305212,0.5591409653051488,25,50,10
28,4108,0.0016959919553527255,0.3192820319348393,0.11988111451619249,0.5591408615936149,25,50,10
28,4109,0.0016878934510792456,0.3192901387873019,0.11988110617770023,0.5591408615839181,25,50,10
28,4110,0.0016839013945808734,0.3192901387873364,0.11988114348094626,0.5591448163371362,25,50,10
28,4111,0.001219932678292451,0.31929013878203155,0.11988069351327063,0.5596092350264051,25,50,10
28,4112,0.001227879753365705,0.3192901387820998,0.11988069938680133,0.559601282077733,25,50,10
28,4113,0.0012319432650208348,0.319290138782029,0.11988065894580274,0.5595972590071472,25,50,10
28,4114,0.0012692211221782047,0.3192901389093565,0.1198433806851319,0.559597259283333,25,50,10
28,4115,0.0012650588077295253,0.3192942980816423,0.11984338382678088,0.5595972592838466,25,50,10
28,4116,0.0012650221957987546,0.31929429808160664,0.11984338123264235,0.5595972984899514,25,50,10
28,4117,0.001257140533703798,0.3192942980815907,0.11984337919223831,0.5596051821924664,25,50,10
28,4118,0.0012494028300259923,0.3193020362953206,0.11984337811479007,0.5596051827598627,25,50,10
28,4119,0.0012433401356934956,0.31930203629532117,0.11984338029890652,0.5596112432700782,25,50,10
28,4120,0.0012497115275595962,0.31930203629532017,0.11984338329295723,0.559604868884162,25,50,10
28,4121,0.0012497116658337797,0.3193020362953395,0.11984338395091866,0.5596048680879072,25,50,10
28,4122,0.0030036802612817886,0.31754750894900924,0.11984394266980396,0.5596048681199041,25,50,10
28,4123,0.002995875597269693,0.3175475089489408,0.11984402190671041,0.5596125935470782,25,50,10
28,4124,0.0029899538499067076,0.31755343467848973,0.11984401793897057,0.5596125935326323,25,50,10
28,4125,0.0029896006652684387,0.31755379552471114,0.11984401085438982,0.5596125929556299,25,50,10
28,4126,0.0029936566342712006,0.31754974217904147,0.11984400822205472,0.5596125929646318,25,50,10
28,4127,0.0029995074961383654,0.3175497421790221,0.11984400673367614,0.5596067435911624,25,50,10
28,4128,0.0031269822237849952,0.3175497420530249,0.11971653201843523,0.5596067437047535,25,50,10
28,4129,0.003121099838463366,0.3175497420531835,0.11971678536405989,0.5596123727442922,25,50,10
28,4130,0.003121206797419249,0.3175497420531678,0.11971678521517273,0.5596122659342392,25,50,10
28,4131,0.0013791830213995874,0.3192923256462022,0.11971622543993292,0.5596122658924643,25,50,10
28,4132,0.0013791114286710892,0.31929232564623694,0.11971622702554142,0.5596123358995495,25,50,10
28,4133,0.0013688954380580854,0.31929232564402193,0.11972644556224026,0.5596123333556781,25,50,10
28,4134,0.0013986986131154274,0.3192923256441109,0.119726212967498,0.5595827627752739,25,50,10
28,4135,0.0013983446478475364,0.31929232564414534,0.11972621145725743,0.5595831182507479,25,50,10
28,4136,0.0013924624323497772,0.31929821717227724,0.11972620213986204,0.5595831182555094,25,50,10
28,4137,0.001392464903956244,0.3192982171722785,0.11972620219514228,0.5595831157286212,25,50,10
28,4138,0.0013644100561152578,0.3192982171720994,0.11972618736747194,0.5596111854043118,25,50,10
28,4139,0.001364551801216595,0.3192982171721006,0.11972618843817882,0.5596110425885022,25,50,10
28,4140,0.0013587693470901501,0.3192982171720819,0.11972618774155296,0.5596168257392733,25,50,10
28,4141,0.0013667259115785878,0.3192902548705042,0.11972619347404369,0.559616825743872,25,50,10
28,4142,0.0018364509282328668,0.31882010338234823,0.1197266193662988,0.5596168263231189,25,50,10
28,4143,0.0018363076628238081,0.3188201033823296,0.11972661795183166,0.5596169710030136,25,50,10
28,4144,0.0018318914839757724,0.31882010338241534,0.1197266220870111,0.5596213830465965,25,50,10
28,4145,0.0013488274402135958,0.3193035384694116,0.119726251627372,0.5596213824630017,25,50,10
28,4146,0.001831020203928792,0.31930353846950554,0.11972648574852009,0.5591389555780445,25,50,10
28,4147,0.0018268451851254758,0.31930353846955617,0.11972640930688801,0.5591432070384292,25,50,10
28,4148,0.0018237625759031293,0.3193035384698549,0.11972945936410279,0.5591432395901379,25,50,10
28,4149,0.001823447462043434,0.31930385557764174,0.11972945737068773,0.5591432395896259,25,50,10
28,4150,0.001817070535908941,0.3193102358581368,0.11972945403588514,0.5591432395700683,25,50,10
28,4151,0.00182306215057636,0.31931023585811863,0.1197294537077974,0.559137248283507,25,50,10
28,4152,0.0018230570692108561,0.3193102393877304,0.1197294552595558,0.5591372482835022,25,50,10
28,4153,0.0018128351677288437,0.319310239387442,0.11972944152532992,0.5591474839194986,25,50,10
28,4154,0.0018069100862649237,0.31931023938744735,0.11972944703391793,0.5591534034923692,25,50,10
28,4155,0.0018006705242296706,0.31931023938744574,0.11972944586341099,0.5591596442249128,25,50,10
28,4156,0.0018026660639270835,0.31931023938753483,0.1197294492110612,0.5591576453374758,25,50,10
28,4157,0.03131442411032273,0.31931023952763576,0.09021767776183845,0.5591576586002048,25,50,10
28,4158,0.03131667380857222,0.3193102395276919,0.09021773028231053,0.559155356381427,25,50,10
28,4159,0.03132273760378377,0.31930417682656737,0.09021772918822359,0.5591553563814269,25,50,10
28,4160,0.03134490242610326,0.3192819987425788,0.09021774243456823,0.559155356396751,25,50,10
28,4161,0.031337057286721946,0.3192898514773843,0.09021773484856611,0.5591553563873289,25,50,10
28,4162,0.002371810900881279,0.31928987533357156,0.11918296952423488,0.5591553442413135,25,50,10
28,4163,0.0023738778622446883,0.3192898753334486,0.11918295877892111,0.5591532880253867,25,50,10
28,4164,0.002373913296522299,0.31928983730309446,0.11918296137491204,0.559153288025472,25,50,10
28,4165,0.0023780189001133874,0.31928983730298904,0.11918295379212028,0.5591491900047784,25,50,10
28,4166,0.0023839748276407477,0.3192898373030388,0.11918294999690722,0.5591432378724143,25,50,10
28,4167,0.0023840767024332164,0.3192898373030206,0.11918294962603718,0.5591431363685102,25,50,10
28,4168,0.002384112014218863,0.3192898373031116,0.11918295197167998,0.5591430987109907,25,50,10
28,4169,0.03402019296011703,0.3192898134479297,0.08754689475989963,0.5591430988320547,25,50,10
28,4170,0.034040182716122656,0.31928981345005153,0.08754691036366304,0.5591230934701639,25,50,10
28,4171,0.03625330955549608,0.31928981345956364,0.08533378096145378,0.5591230960234902,25,50,10
28,4172,0.036247425106665634,0.31928981345958085,0.08533378218026665,0.55912897925349,25,50,10
28,4173,0.03622515352692299,0.3193120985268759,0.08533376871279952,0.5591289792334045,25,50,10
28,4174,0.03622518626555925,0.3193120645426003,0.08533376995775864,0.5591289792340849,25,50,10
28,4175,0.03621726831280216,0.3193199875627685,0.08533376489017895,0.559128979234253,25,50,10
28,4176,0.03620098581553721,0.31931998756060737,0.08533369491464901,0.559145331709209,25,50,10
28,4177,0.03619499550349183,0.3193259778624153,0.08533369492490134,0.5591453317091943,25,50,10
28,4178,0.03619702567334706,0.3193259778625395,0.08533370392693732,0.5591432925371792,25,50,10
28,4179,0.03619513114455906,0.31932597786245065,0.08533369651289702,0.5591451944800964,25,50,10
28,4180,0.03620337059252372,0.3193259778624702,0.08533374941729063,0.5591369021277182,25,50,10
28,4181,0.03620337310899134,0.31932597786247113,0.08533374945113752,0.5591368995774026,25,50,10
28,4182,0.03621549448890526,0.31932597786249145,0.08533375094590553,0.5591247767026999,25,50,10
28,4183,0.035727450785247195,0.31932597786244954,0.0853335214009563,0.5596130499513488,25,50,10
28,4184,0.03571928350746458,0.31932597786239525,0.08533346705812925,0.5596212715720126,25,50,10
28,4185,0.03571928529410826,0.31932597786239464,0.0853334668503483,0.5596212699931504,25,50,10
28,4186,0.03571336690136714,0.3193318975933391,0.08533346551689965,0.5596212699883959,25,50,10
28,4187,0.03571949592321444,0.3193257675237154,0.08533346656451171,0.5596212699885601,25,50,10
28,4188,0.03573758526553406,0.3193075887675582,0.08533355595365241,0.559621270013257,25,50,10
28,4189,0.03573166423861052,0.31930758876759385,0.08533355990496162,0.5596271870888357,25,50,10
28,4190,0.03572577184240568,0.3193075887675388,0.08533355916701155,0.5596330802230458,25,50,10
28,4191,0.033363617256352715,0.3193075887564934,0.08769571671736323,0.5596330772697925,25,50,10
28,4192,0.03289399851277562,0.3197776344924981,0.08769529031345064,0.5596330766812775,25,50,10
28,4193,0.04635492331918553,0.31977763482863664,0.07423436448941662,0.5596330773627606,25,50,10
28,4194,0.04634913784652532,0.31978342118939646,0.07423436359178653,0.5596330773722914,25,50,10
28,4195,0.04634317942718105,0.31978937799094576,0.07423436520005797,0.5596330773818148,25,50,10
28,4196,0.04635140776412397,0.31978111780775914,0.0742343970363959,0.5596330773917206,25,50,10
28,4197,0.052164231555815704,0.31978150314598386,0.06842112714016546,0.5596331381580346,25,50,10
28,4198,0.052178104973006706,0.3197815031459991,0.06842112912602434,0.5596192627549695,25,50,10
28,4199,0.05217807060639348,0.3197815031459637,0.0684211265497734,0.5596192996978692,25,50,10
28,4200,0.05217989508058522,0.3197815031460147,0.06842113124550259,0.5596174705278972,25,50,10
28,4201,0.05218574405156004,0.319781503145943,0.06842112600650141,0.5596116267959954,25,50,10
28,4202,0.05218000458324175,0.31978150314594495,0.06842112838434622,0.5596173638864673,25,50,10
28,4203,0.052173767636448244,0.31978774118324765,0.0684211272940015,0.5596173638863028,25,50,10
28,4204,0.05217961909596893,0.3197818913435548,0.06842112568395631,0.5596173638765203,25,50,10
28,4205,0.05217362648298271,0.3197818913435363,0.06842112532370861,0.5596233568497727,25,50,10
28,4206,0.05217373548835855,0.31978178109449673,0.06842112656796603,0.559623356849179,25,50,10
28,4207,0.05217370298051429,0.3197818153921263,0.06842112478778611,0.5596233568395735,25,50,10
28,4208,0.052167961577336344,0.3197818153921466,0.06842113146007156,0.5596290915704456,25,50,10
28,4209,0.052190337897702506,0.3197818153923981,0.06842114941386579,0.5596066972960339,25,50,10
28,4210,0.05219440011968203,0.31978181539238176,0.06842114735704789,0.5596026371308883,25,50,10
28,4211,0.07741403691658234,0.3197818247121215,0.043201473716561856,0.5596026646547343,25,50,10
28,4212,0.07741445644861406,0.3197814006024062,0.04320147827476467,0.559602664674215,25,50,10
28,4213,0.07755986006441751,0.31978140060878835,0.043201987701367094,0.5594567516254272,25,50,10
28,4214,0.07900740567149982,0.31978143168178,0.041754279552763805,0.5594568830939565,25,50,10
28,4215,0.07900691382576193,0.3197819267981225,0.04175427630130149,0.5594568830748142,25,50,10
28,4216,0.043251556905789496,0.3197869821003394,0.07750464981062075,0.559456811183251,25,50,10
28,4217,0.04325159320201684,0.3197869821004107,0.07750465403405146,0.5594567706635217,25,50,10
28,4218,0.04325166490687996,0.31978698210033873,0.07750464879242974,0.5594567042003521,25,50,10
28,4219,0.043136171245148694,0.31978698209418643,0.07750415792177005,0.5595726887388954,25,50,10
28,4220,0.04313617366167427,0.31978697957295826,0.07750415802622047,0.5595726887391477,25,50,10
28,4221,0.04314986736246143,0.3197869795730255,0.07750415862000369,0.5595589944445101,25,50,10
28,4222,0.043147937469950756,0.3197869795729397,0.07750415341852668,0.5595609295385835,25,50,10
28,4223,0.043154001469091714,0.3197809166904006,0.07750415230217239,0.5595609295383359,25,50,10
28,4224,0.04315407675662967,0.31978091669041686,0.07750415148093062,0.5595608550720235,25,50,10
28,4225,0.043124274741059586,0.3197809166902046,0.0775041332347349,0.5595906753340014,25,50,10
28,4226,0.043126092844322166,0.3197790950524111,0.07750413675957772,0.5595906753436897,25,50,10
28,4227,0.04313197682453612,0.3197790950524114,0.0775041367628127,0.5595847913602404,25,50,10
28,4228,0.0432535393513102,0.319655711093474,0.07750595814558726,0.559584791409629,25,50,10
28,4229,0.06420290580215345,0.3196502505637768,0.05639114045563943,0.5597557031784306,25,50,10
28,4230,0.06424553766169207,0.3196502505681228,0.05639140898324795,0.5597128027869377,25,50,10
28,4231,0.06423343936679465,0.3196624380741511,0.05639131979673774,0.5597128027623168,25,50,10
28,4232,0.06423357997537503,0.31966243807417083,0.056391321231525494,0.559712660718929,25,50,10
28,4233,0.06469477689175707,0.3196624380740186,0.055930156828363824,0.5597126282058597,25,50,10
28,4234,0.06469480765983156,0.3196624380740546,0.05593015844816273,0.5597125958179503,25,50,10
28,4235,0.06472491701029139,0.31966243807928263,0.05593029195424506,0.5596823529561799,25,50,10
28,4236,0.06471686696388863,0.3196705135983209,0.05593026646729804,0.5596823529704917,25,50,10
28,4237,0.06471084397579523,0.31967051359830245,0.055930265126558236,0.5596883772993434,25,50,10
28,4238,0.06471487303558715,0.31966649036596506,0.05593025930420217,0.5596883772942448,25,50,10
28,4239,0.06484816184044777,0.3195328242981952,0.05593063595858591,0.5596883779027705,25,50,10
28,4240,0.06485011982383834,0.3195308603807034,0.05593064188341683,0.559688377912041,25,50,10
28,4241,0.06485597674615051,0.3195250050746125,0.05593064027664183,0.5596883779025947,25,50,10
28,4242,0.06484998661389921,0.3195250050745962,0.05593064016226711,0.5596943681492371,25,50,10
28,4243,0.06484995334187955,0.3195250050745605,0.055930638527727575,0.5596944030558321,25,50,10
28,4244,0.06484186134357252,0.3195250050744704,0.055930631038712625,0.5597025025432439,25,50,10
28,4245,0.0648417502411613,0.31952511592897287,0.0559306312821108,0.5597025025477547,25,50,10
28,4246,0.06479897835045977,0.31952511592460836,0.05593036140901086,0.5597455443159205,25,50,10
28,4247,0.06463012995057929,0.31952518338692426,0.05627012110634884,0.5595745655561473,25,50,10
28,4248,0.0646302681285593,0.3195251833869596,0.056270123677970546,0.5595744248065101,25,50,10
28,4249,0.06575739181062437,0.31952519470494634,0.05514132890185517,0.5595760845825738,25,50,10
28,4250,0.06575738991082339,0.31952519470494567,0.05514132897765923,0.5595760864065709,25,50,10
28,4251,0.06576327518332621,0.31952519470494606,0.05514132907831349,0.5595702010334135,25,50,10
28,4252,0.0657573541357282,0.3195204857624996,0.05515195905721572,0.5595702010445557,25,50,10
28,4253,0.06575735225773946,0.31952048576264563,0.05515196876483155,0.5595701932147824,25,50,10
28,4254,0.06562395699536189,0.31965425839523,0.05515159200307452,0.5595701926063326,25,50,10
28,4255,0.06575926517483545,0.319518474500814,0.055152066848717214,0.5595701934756323,25,50,10
28,4256,0.06577491770525618,0.3195028164957617,0.05515207232861116,0.5595701934703698,25,50,10
28,4257,0.06577894867543681,0.3194987917077499,0.055152066155969515,0.5595701934608428,25,50,10
28,4258,0.0657869704314913,0.31949879170778367,0.055152069528738995,0.5595621683319852,25,50,10
28,4259,0.06578696610251475,0.3194987917078,0.055152070791609074,0.5595621713980754,25,50,10
28,4260,0.06580519764647275,0.3194987917079833,0.055152088467503385,0.5595439221780397,25,50,10
28,4261,0.06568388287512288,0.31962192593494393,0.055150269061281204,0.5595439221286511,25,50,10
28,4262,0.06567004843976422,0.31962192593485667,0.05515026182578842,0.5595577637995904,25,50,10
28,4263,0.06567036614459092,0.31963223665616525,0.05513963341504514,0.5595577637841984,25,50,10
28,4264,0.06553730272348976,0.3197655627324858,0.05513937159485769,0.5595577629491666,25,50,10
28,4265,0.06553716331888516,0.3197655627324513,0.05513936911975165,0.5595579048289117,25,50,10
28,4266,0.06552903393744486,0.3197737696705124,0.05513929159271821,0.5595579047993243,25,50,10
28,4267,0.0655230769089811,0.31977972592834836,0.05513929236785943,0.5595579047948108,25,50,10
28,4268,0.06551088794767149,0.31977972592813053,0.05513927326319139,0.5595701128610063,25,50,10
28,4269,0.0655188278614981,0.31977972592823756,0.055139281729371346,0.5595621644808928,25,50,10
28,4270,0.0650551119466182,0.3197797259280269,0.05560299658832922,0.5595621655370252,25,50,10
28,4271,0.06502489772533865,0.31977972592278153,0.055602862874504735,0.5595925134773746,25,50,10
28,4272,0.06503088791592075,0.3197797259227981,0.05560286302984857,0.5595865231314321,25,50,10
28,4273,0.06501683963574784,0.3197797259226927,0.05560285747495433,0.5596005769666046,25,50,10
28,4274,0.06499491140819447,0.31980166628612533,0.05560284535827922,0.5596005769474003,25,50,10
28,4275,0.06499505212518382,0.31980166628598,0.05560283670174354,0.5596004448870917,25,50,10
28,4276,0.06546881374962057,0.319327698653405,0.05560304269006453,0.5596004449069091,25,50,10
28,4277,0.06547477254771887,0.3193217406874589,0.055603041853402556,0.5596004449114187,25,50,10
28,4278,0.06547477254779005,0.3193217406874589,0.05560304185461531,0.5596004449101349,25,50,10
28,4279,0.06546949375099721,0.3193270167660158,0.05560304457690183,0.5596004449060843,25,50,10
28,4280,0.06547384706933043,0.3193270167692135,0.0556031187091777,0.5595960174522776,25,50,10
28,4281,0.0656132286471512,0.3193270167766586,0.05560354377947033,0.5594562107967188,25,50,10
28,4282,0.06560748340938574,0.3193270167766774,0.05560354519127001,0.5594619546226659,25,50,10
28,4283,0.06559521923447767,0.3193270167766387,0.05560354144410498,0.5594742225447775,25,50,10
28,4284,0.06559296559389785,0.31932701677349784,0.055603527030744566,0.5594764906018586,25,50,10
28,4285,0.06559296685626526,0.3193270167734975,0.05560352687893952,0.5594764894912966,25,50,10
28,4286,0.06559296446441656,0.3193270192309777,0.05560352681347802,0.5594764894911264,25,50,10
28,4287,0.06560067179600053,0.3193270192310465,0.0556035317368855,0.5594687772360661,25,50,10
28,4288,0.06558683722327299,0.31932701923090523,0.055603669039717724,0.5594824745061031,25,50,10
28,4289,0.06558483581618776,0.3193270192320126,0.05560375191044563,0.5594843930413538,25,50,10
28,4290,0.06558526282883143,0.3193270192951811,0.055603768357659275,0.5594839495183279,25,50,10
28,4291,0.06557686460852524,0.319327019295107,0.05560361359753248,0.5594925024988351,25,50,10
28,4292,0.06557283641470504,0.3193310413100603,0.055603619766448696,0.5594925025087858,25,50,10
28,4293,0.06545164603977621,0.3193310413037759,0.055603330954066006,0.5596139817023817,25,50,10
28,4294,0.06557917326030938,0.31933104131012197,0.05560382663057188,0.5594859587989965,25,50,10
28,4295,0.0655791733508526,0.3193310413101226,0.05560382665584834,0.5594859586831763,25,50,10
28,4296,0.06557903279588796,0.31933104131010376,0.055603825250611166,0.5594861006433968,25,50,10
28,4297,0.06558427589124886,0.31932578287498564,0.05560384056217058,0.5594861006715947,25,50,10
28,4298,0.06582833893214163,0.3193257828793066,0.055604345601673405,0.5592415325868781,25,50,10
28,4299,0.06581624430562989,0.3193257828781443,0.055604209278893604,0.559253763537332,25,50,10
28,4300,0.06581593316715509,0.3193257828781284,0.05560421106489933,0.559254072889817,25,50,10
28,4301,0.0658216755063925,0.319320040733463,0.055604210861067545,0.5592540728990768,25,50,10
28,4302,0.06582167555659175,0.3193200407334639,0.055604210883528904,0.5592540728264157,25,50,10
28,4303,0.0658176159865354,0.3193200407335318,0.05560421673982293,0.55925812654011,25,50,10
28,4304,0.06557151835655035,0.3193200407291906,0.05560365466379446,0.5595047862504646,25,50,10
28,4305,0.06557744398219696,0.31931424446051526,0.05560352531158388,0.5595047862457039,25,50,10
28,4306,0.054306907192822294,0.31932307105196533,0.0668668530811198,0.5595031686740923,25,50,10
28,4307,0.05431283246757215,0.31932307105191127,0.06686685015088092,0.5594972463296354,25,50,10
28,4308,0.05431275949370517,0.31932307105189495,0.06686685107520385,0.5594973183791957,25,50,10
28,4309,0.05430690751642584,0.31932894108067506,0.0668668330478458,0.559497318355053,25,50,10
28,4310,0.05430725143504108,0.31932860100103694,0.0668668292084515,0.5594973183554702,25,50,10
28,4311,0.05430675164045788,0.31932860093785215,0.06686681358424704,0.5594978338374426,25,50,10
28,4312,0.05430724396554134,0.3193286009379251,0.06686681693520004,0.5594973381613332,25,50,10
28,4313,0.054322955438669135,0.319312794145142,0.06686691224506688,0.5594973381711217,25,50,10
28,4314,0.05433079850446938,0.31931279414522923,0.06686691844469819,0.5594894889056029,25,50,10
28,4315,0.054335273707910824,0.3193082301013772,0.06686700699361013,0.5594894891971016,25,50,10
28,4316,0.05433131284384971,0.31930823010143133,0.06686701485622887,0.5594934421984901,25,50,10
28,4317,0.057817190528799946,0.31930815363152737,0.06338096375127746,0.5594936920883951,25,50,10
28,4318,0.05780335332300206,0.31930815363145737,0.06338095777415606,0.5595075352713844,25,50,10
28,4319,0.040921554468917265,0.3192993205899134,0.08025657103884062,0.55952255390233,25,50,10
28,4320,0.04092162540222853,0.31929932058993027,0.08025656923327378,0.5595224847745683,25,50,10
28,4321,0.040907576507226366,0.31929932058982513,0.08025656270802971,0.5595365401949192,25,50,10
28,4322,0.040427751712627046,0.3197793504256568,0.0802563576864487,0.5595365401752679,25,50,10
28,4323,0.04042592679368533,0.31977935042560646,0.08025635311999992,0.5595383696607087,25,50,10
28,4324,0.04040994044245494,0.31979543424826395,0.0802562556586967,0.5595383696505848,25,50,10
28,4325,0.04041582675735878,0.31979543424826395,0.08025625565175347,0.5595324833426242,25,50,10
28,4326,0.04042195803048033,0.31979543424824736,0.08025625646266629,0.5595263512586064,25,50,10
28,4327,0.04042392363923598,0.31979543424840534,0.08025626685298107,0.5595243752593779,25,50,10
28,4328,0.04042994397250636,0.31979543424836593,0.08025626404637086,0.5595183577327573,25,50,10
28,4329,0.04042994398645648,0.31979543427271834,0.08025626400798622,0.5595183577328392,25,50,10
28,4330,0.05210152832923721,0.31979543258018933,0.06858498260111977,0.5595180564894533,25,50,10
28,4331,0.05209088283055285,0.31980616579511717,0.06858489517620943,0.5595180561981202,25,50,10
28,4332,0.05210296612719639,0.31980616579508203,0.06858489261030049,0.5595059754674208,25,50,10
28,4333,0.0522484193040552,0.319660187631708,0.06858541646223965,0.559505976601997,25,50,10
28,4334,0.05225027674262225,0.3196583234236834,0.0685854232269361,0.559505976606758,25,50,10
28,4335,0.05224978736517553,0.31965832342361117,0.06858542042955883,0.5595064687816543,25,50,10
28,4336,0.05317879563458316,0.3196583234330063,0.06765478328081317,0.5595080976515971,25,50,10
28,4337,0.053174521827585634,0.31965832343307576,0.06765478826895155,0.5595123664703868,25,50,10
28,4338,0.05317638500884805,0.31965832343191464,0.0676547014861454,0.5595105900730917,25,50,10
28,4339,0.05347446683912748,0.31965832285193974,0.06735662199234549,0.5595105883165871,25,50,10
28,4340,0.05348074152092301,0.3196583228519244,0.06735662393831214,0.5595043116888402,25,50,10
28,4341,0.041818728196824306,0.31965830832815567,0.07903374086593667,0.5594892226090831,25,50,10
28,4342,0.04182457781477189,0.3196583083283662,0.07903375894351311,0.5594833549133486,25,50,10
28,4343,0.04180452153796398,0.31965830830332786,0.07905378433500974,0.5594833858236982,25,50,10
28,4344,0.04179842325399827,0.31965830830332786,0.07905378418731679,0.5594894842553567,25,50,10
28,4345,0.041789997447111066,0.3196583083033449,0.07906220999381111,0.5594894842557326,25,50,10
28,4346,0.04179595524655332,0.319652351324746,0.0790622091731362,0.559489484255564,25,50,10
28,4347,0.04179595277611152,0.31965235132474507,0.0790622090978333,0.5594894868013099,25,50,10
28,4348,0.04178985681292814,0.319658446831345,0.07906220956401504,0.5594894867917118,25,50,10
28,4349,0.041797808648657425,0.3196584468314153,0.07906221558922089,0.5594815289307065,25,50,10
28,4350,0.04179143038614992,0.3196584468314134,0.07906221343763918,0.5594879093447974,25,50,10
28,4351,0.04178544060174803,0.3196644367072873,0.07906221334608056,0.5594879093448841,25,50,10
28,4352,0.04177959283807513,0.31966443670707584,0.07906219515237191,0.559493775302477,25,50,10
28,4353,0.04225944430052737,0.31918442979737116,0.07906235058051317,0.5594937753215882,25,50,10
28,4354,0.04192854937581636,0.3195095168921831,0.07906815646559444,0.559493777266406,25,50,10
28,4355,0.04192858136075433,0.3195094839949931,0.07906815737776453,0.559493777266488,25,50,10
28,4356,0.04193457308437375,0.31950948399502804,0.07906815781370394,0.5594877851068942,25,50,10
28,4357,0.04194067123683574,0.319509483995028,0.07906815783871146,0.5594816869294248,25,50,10
28,4358,0.041934816606578905,0.3195094839950637,0.07906815944155937,0.559487539956798,25,50,10
28,4359,0.04193471108339598,0.3195094839950643,0.07906815952418932,0.5594876453973504,25,50,10
28,4360,0.02549406133564293,0.3195094840581632,0.095508832578571,0.5594876220276265,25,50,10
28,4361,0.025507981651015744,0.31949555679237807,0.09550883951963021,0.5594876220369794,25,50,10
28,4362,0.0254910964542518,0.3194955567894144,0.09550869544677706,0.5595046513095603,25,50,10
28,4363,0.025491200078241988,0.319495556789432,0.09550869569452976,0.5595045474377998,25,50,10
28,4364,0.025505286793715845,0.31948146257777693,0.09550870318102143,0.5595045474474892,25,50,10
28,4365,0.025499184012840095,0.3194814625777772,0.09550870106581336,0.5595106523435723,25,50,10
28,4366,0.0254931577909309,0.3194814625777228,0.09550869809702504,0.5595166815343238,25,50,10
28,4367,0.02535845931028199,0.31962209012745074,0.09550277098222695,0.5595166795800428,25,50,10
28,4368,0.025234116596677295,0.31962209012403436,0.09550241500374763,0.5596413782755433,25,50,10
28,4369,0.001769591035080967,0.3196220901220305,0.11896694723822127,0.5596413716046696,25,50,10
28,4370,0.04157128073560318,0.3196220903036055,0.07916525621618359,0.5596413727446066,25,50,10
28,4371,0.04170225124057476,0.3196220901563371,0.07903428698793098,0.5596413716151566,25,50,10
28,4372,0.04169429935483668,0.3196220901562661,0.07903428090006916,0.5596493295888277,25,50,10
28,4373,0.04168234538213603,0.3196340441608571,0.0790342808629955,0.559649329594011,25,50,10
28,4374,0.04045136221242318,0.31963404413372487,0.08026520156364182,0.5596493920902116,25,50,10
28,4375,0.040457216731881795,0.3196340441336895,0.08026519996477738,0.5596435391696528,25,50,10
28,4376,0.040451226355005386,0.3196340441336732,0.08026519877671286,0.55964953073461,25,50,10
28,4377,0.040450985492278886,0.31963431321038605,0.08026517056302238,0.5596495307343142,25,50,10
28,4378,0.040443030107939204,0.3196422750527834,0.08026516411457363,0.5596495307247055,25,50,10
28,4379,0.04044145178601591,0.31964227505275,0.08026516081332087,0.5596511123479148,25,50,10
28,4380,0.04044568943951492,0.319638045295279,0.08026515293183431,0.5596511123333733,25,50,10
28,4381,0.040451403371633575,0.3196380452952249,0.0802651499452755,0.5596454013878676,25,50,10
28,4382,0.041719662366788715,0.3196380452965873,0.0789969520119387,0.559645340324685,25,50,10
28,4383,0.04172734157025396,0.3196303608910437,0.07899695720482683,0.5596453403338753,25,50,10
28,4384,0.041727307322201465,0.3196303608910252,0.07899695587988285,0.5596453759068901,25,50,10
28,4385,0.041731160746118594,0.3196264945586804,0.0789969687738661,0.5596453759213343,25,50,10
28,4386,0.04172360178605258,0.3196264945585963,0.0789969969668161,0.5596529066885346,25,50,10
28,4387,0.04172367034773629,0.3196264945586123,0.07899699567618595,0.5596528394174649,25,50,10
28,4388,0.04172370466036404,0.3196264945586329,0.07899699740714214,0.5596528033738604,25,50,10
28,4389,0.04172370459513577,0.3196264945586307,0.0789969970010095,0.5596528038452235,25,50,10
28,4390,0.04170986151612265,0.3196403448314783,0.07899698981661282,0.5596528038357858,25,50,10
28,4391,0.04171742075093805,0.31964034483156206,0.07899696169289118,0.5596452727246083,25,50,10
28,4392,0.04171542913224663,0.31964234276538817,0.07899695538743354,0.5596452727149311,25,50,10
28,4393,0.04172131665331788,0.3196423427654047,0.0789969565914045,0.5596393839898726,25,50,10
28,4394,0.041713467291562466,0.3196502002204787,0.0789969485076027,0.5596393839803557,25,50,10
28,4395,0.04171357212044103,0.3196502002204615,0.07899694839523078,0.5596392792638664,25,50,10
28,4396,0.04171770488685493,0.31964607424482067,0.07899694161390197,0.559639279254422,25,50,10
28,4397,0.041717948073504624,0.31964607424485597,0.07899694321562968,0.5596390344660092,25,50,10
28,4398,0.04171798454871474,0.3196460379481099,0.07899694303699746,0.5596390344661776,25,50,10
28,4399,0.04171787889948624,0.31964603794812807,0.07899694336062858,0.5596391397917568,25,50,10
28,4400,0.04172593614378182,0.31964603794821683,0.07899695076323647,0.5596310751447644,25,50,10
28,4401,0.041717914349704344,0.3196460379481647,0.07899694607299983,0.5596391016291308,25,50,10
28,4402,0.04171178146061582,0.3196521716273688,0.0789969452782885,0.5596391016337264,25,50,10
28,4403,0.04169980519715564,0.31965217162738674,0.07899694651234307,0.5596510766631141,25,50,10
28,4404,0.041698202298074624,0.3196521716284405,0.078996942186304,0.5596526838871807,25,50,10
28,4405,0.04169220871978199,0.3196521716284399,0.0789969409991624,0.5596586786526154,25,50,10
28,4406,0.041688038815954995,0.3196563322258313,0.07899695029573521,0.5596586786624783,25,50,10
28,4407,0.04169207419408872,0.3196523071858161,0.07899693996738971,0.5596586786527051,25,50,10
28,4408,0.04168632526637582,0.3196523071858334,0.0789969412404639,0.5596644263073267,25,50,10
28,4409,0.041710134343615694,0.319628479594142,0.07899695972144465,0.5596644263407975,25,50,10
28,4410,0.04171024164411205,0.3196284795941589,0.07899695996278887,0.55966431879894,25,50,10
28,4411,0.0417102429073374,0.31962847959415797,0.0789969599072149,0.5596643175912895,25,50,10
28,4412,0.041710318837755916,0.31962839949647953,0.07899696406473347,0.559664317601031,25,50,10
28,4413,0.04171054184758732,0.3196281767421473,0.07899696380448396,0.5596643176057815,25,50,10
28,4414,0.041716429057871915,0.3196281767421466,0.07899696574697986,0.5596584284530018,25,50,10
28,4415,0.041722241959358565,0.3196281767410212,0.07899696496383912,0.5596526163357812,25,50,10
28,4416,0.04172797949929806,0.31962244014202223,0.07899696402789882,0.559652616330781,25,50,10
28,4417,0.04172783936114038,0.31962244014200375,0.0789969626505325,0.5596527578463231,25,50,10
28,4418,0.04170689194175791,0.3196224400619831,0.07901791253422129,0.5596527554620375,25,50,10
28,4419,0.04171095766445821,0.31962244006198437,0.07901791067286229,0.5596486916006951,25,50,10
28,4420,0.041704966221965754,0.3196224400619675,0.07901791041492871,0.559654683301138,25,50,10
28,4421,0.04171302045216623,0.31962244006200186,0.07901791387846101,0.5596466256073709,25,50,10
28,4422,0.04171932577506387,0.3196161288171866,0.07901791980464085,0.5596466256031087,25,50,10
28,4423,0.04169551662259743,0.3196399563694277,0.07901790143834145,0.5596466255696333,25,50,10
28,4424,0.041701507631844506,0.319639956369428,0.07901790145644862,0.5596406345422787,25,50,10
28,4425,0.041701432254101715,0.31963995636941134,0.07901790223647014,0.5596407091400167,25,50,10
28,4426,0.041701056838064465,0.31964032807987175,0.07901790590360197,0.5596407091784616,25,50,10
28,4427,0.04170105691314533,0.3196403279987572,0.07901790590963863,0.5596407091784587,25,50,10
28,4428,0.041700876577237256,0.31964051267193655,0.07901790158227309,0.559640709168553,25,50,10
28,4429,0.0417067662768027,0.3196405126719368,0.07901790156264124,0.5596348194886189,25,50,10
28,4430,0.04170088287602971,0.31964051267193716,0.07901789961616483,0.559640704835868,25,50,10
28,4431,0.04076966197460816,0.3196405126625221,0.07995075049503285,0.559639074867836,25,50,10
28,4432,0.04078374357341329,0.3196405126626997,0.07995076338946512,0.559624980374421,25,50,10
28,4433,0.04078791911495853,0.31964051266261456,0.0799507567328169,0.5596208114896095,25,50,10
28,4434,0.040787779691049304,0.31964051266259647,0.07995075544773396,0.5596209521986198,25,50,10
28,4435,0.04080161426960642,0.3196405126626855,0.07995076283376593,0.5596071102339415,25,50,10
28,4436,0.03519070007252739,0.3196405129854141,0.08556167810552118,0.5596071088365391,25,50,10
28,4437,0.03518884306726062,0.3196423751538978,0.08556167295182333,0.5596071088270199,25,50,10
28,4438,0.035188983237128726,0.31964237515391625,0.08556167476803159,0.5596069668409249,25,50,10
28,4439,0.03520129534198188,0.31962978411357956,0.08556195367846095,0.5596069668659789,25,50,10
28,4440,0.03520739190646472,0.3196297841136142,0.08556195421491243,0.55960086976501,25,50,10
28,4441,0.03506600489737708,0.31977170114735604,0.08556142532975261,0.5596008686255157,25,50,10
28,4442,0.03505997946513218,0.31977170114733694,0.08556142395453978,0.5596068954329924,25,50,10
28,4443,0.0350557056251265,0.3197717011475128,0.08556143359253406,0.5596111596348272,25,50,10
28,4444,0.035061587108939814,0.3197717011497602,0.08556160015645434,0.5596051115848463,25,50,10
28,4445,0.03504788884014301,0.3197717011497071,0.08556159538064524,0.5596188146295052,25,50,10
28,4446,0.035041960774741934,0.3197776388417384,0.08556158578794573,0.5596188145955746,25,50,10
28,4447,0.03502983959409625,0.319777638841702,0.08556158409683752,0.559630937467365,25,50,10
28,4448,0.035017911699015906,0.3197898433361142,0.085561307522309,0.5596309374425618,25,50,10
28,4449,0.035030175485172683,0.3197898433361701,0.08556131065693263,0.5596186705217255,25,50,10
28,4450,0.03502608355523566,0.3197898433340123,0.08556115113895889,0.5596229219717941,25,50,10
28,4451,0.038442068703206725,0.3197898434531828,0.08214516402398798,0.559622923819625,25,50,10
28,4452,0.03843383460384709,0.3197898434530746,0.08214515531870628,0.5596311666243745,25,50,10
28,4453,0.038447674454631035,0.31977596817309817,0.08214519074339353,0.5596311666288798,25,50,10
28,4454,0.03844956981243915,0.31977596817320486,0.08214519846541704,0.5596292635489413,25,50,10
28,4455,0.03843758646282103,0.3197879780487836,0.08214517193944712,0.5596292635489507,25,50,10
28,4456,0.03857278998282007,0.3196522936194633,0.08214565167471209,0.5596292647230066,25,50,10
28,4457,0.03857275994308073,0.3196522936194442,0.08214567874269699,0.5596292676947796,25,50,10
28,4458,0.03857885636717851,0.31964619781364767,0.08214567812439862,0.5596292676947769,25,50,10
28,4459,0.03872607961076829,0.31964619782596004,0.08214604762567758,0.5594816749375957,25,50,10
28,4460,0.038748041653791934,0.3196461978271899,0.08214603376120039,0.5594597267578194,25,50,10
28,4461,0.03874800560692251,0.3196461978271748,0.08214603568701989,0.5594597608788846,25,50,10
28,4462,0.038742009470908174,0.31965219285688884,0.08214603679826568,0.559459760873939,25,50,10
28,4463,0.038742082300711134,0.31965212181642444,0.08214603500424776,0.5594597608786183,25,50,10
28,4464,0.03921965846856809,0.31965212182472014,0.08166678427037531,0.5594614354363383,25,50,10
28,4465,0.03909672717615241,0.31977533907785327,0.08166649943929048,0.5594614343067059,25,50,10
28,4466,0.03908274926046628,0.3197753390776929,0.08166648681698507,0.5594754248448572,25,50,10
28,4467,0.039088953427102634,0.319775339077746,0.0816664876803918,0.5594692198147609,25,50,10
28,4468,0.0390848197168645,0.31977533907778133,0.08166649327209996,0.559473347933256,25,50,10
28,4469,0.0395205184546323,0.31977533908307376,0.08123246847217681,0.559471673990119,25,50,10
28,4470,0.039528081785829755,0.3197677721493967,0.08123247206539334,0.5594716739993821,25,50,10
28,4471,0.039526330045633745,0.3197677721493617,0.08123246650347545,0.5594734313015308,25,50,10
28,4472,0.03952432939366369,0.31976777214923735,0.08123245848371569,0.559475439973385,25,50,10
28,4473,0.039524431972085376,0.3197677721492205,0.08123245821976069,0.5594753376589351,25,50,10
28,4474,0.03873854361813986,0.3197677721400035,0.08201665185395146,0.5594770323879067,25,50,10
28,4475,0.07429101922481005,0.3197677722147563,0.046464051818218347,0.5594771567422157,25,50,10
28,4476,0.07428499319127867,0.3197677722146844,0.04646405061820604,0.5594831839758312,25,50,10
28,4477,0.0742790358580146,0.3197677722146684,0.04646405132593556,0.5594891406013818,25,50,10
28,4478,0.07427703682109998,0.31976777221454444,0.046464043300164605,0.5594911476641913,25,50,10
28,4479,0.07426922509021334,0.3197755881412909,0.04646403911373648,0.5594911476547597,25,50,10
28,4480,0.07427521846914194,0.31977558814130813,0.04646403949535016,0.5594851538942003,25,50,10
28,4481,0.07427500870188389,0.3197755881412737,0.0464640390186608,0.5594853641381818,25,50,10
28,4482,0.07428124527404129,0.31977558814132845,0.04646404208054539,0.5594791245040851,25,50,10
28,4483,0.07427515124258323,0.3197755881413281,0.04646404205900673,0.5594852185570822,25,50,10
28,4484,0.0742811415029407,0.3197755881413116,0.046464041773259766,0.5594792285824884,25,50,10
28,4485,0.07428103452058882,0.31977569498416375,0.04646404190808591,0.559479228587162,25,50,10
28,4486,0.07428103264348165,0.3197756968472791,0.046464041922160935,0.5594792285870787,25,50,10
28,4487,0.07428103133842731,0.31977569810833784,0.04646404196607292,0.559479228587162,25,50,10
28,4488,0.07520465890242937,0.3197756979923511,0.045539839772042845,0.5594798033331763,25,50,10
28,4489,0.07519228597564714,0.319787867779054,0.04554004295127322,0.5594798032940251,25,50,10
28,4490,0.07521411160315752,0.3197660278840996,0.04554005720402457,0.5594798033087179,25,50,10
28,4491,0.0752360066851445,0.31976602788431185,0.0455400724746859,0.5594578929558572,25,50,10
28,4492,0.06914329296509626,0.3197660295076838,0.05163275754288755,0.5594579199843327,25,50,10
28,4493,0.06914329297965342,0.3197660295076838,0.051632757564714096,0.5594579199479491,25,50,10
28,4494,0.0691434257802673,0.3197658949620294,0.05163275930015579,0.5594579199575485,25,50,10
28,4495,0.06914367510285484,0.31976589496207103,0.05163276673249968,0.5594576632025752,25,50,10
28,4496,0.06913751022016362,0.31976589496203317,0.051632762859083615,0.5594638319587202,25,50,10
28,4497,0.06913141375558389,0.3197719919287694,0.05163276235675837,0.5594638319588888,25,50,10
28,4498,0.06912955721119833,0.31977385782070117,0.05163275301857498,0.5594638319495262,25,50,10
28,4499,0.06914374920575449,0.31977385782077156,0.05163276109630735,0.5594496318771673,25,50,10
28,4500,0.0691454578776075,0.3197738578207989,0.051632759637134165,0.5594479246644601,25,50,10
28,4501,0.06913733015851938,0.31977385782072826,0.05163275048996122,0.559456061530792,25,50,10
28,4502,0.06914321415335953,0.3197738578207279,0.051632750526218144,0.559450177499695,25,50,10
28,4503,0.06913732934284808,0.3197797412495271,0.05163275189312916,0.5594501775144962,25,50,10
28,4504,0.06914321772557,0.31977385243451556,0.05163275232065646,0.5594501775192586,25,50,10
28,4505,0.08064622062815888,0.319773850485168,0.04012977820964706,0.5594501506770265,25,50,10
28,4506,0.08065402420408932,0.31977385048632423,0.0401297877661505,0.5594423375434366,25,50,10
28,4507,0.08064021893317884,0.3197738504851843,0.04012977906441954,0.5594561515172181,25,50,10
28,4508,0.08063476579680584,0.31977929581809444,0.04012978686699784,0.5594561515181027,25,50,10
28,4509,0.08063049708457821,0.3197835566178234,0.04012979475534271,0.5594561515422565,25,50,10
28,4510,0.08063480837130685,0.3197835566178102,0.04012979193981634,0.5594518430710674,25,50,10
28,4511,0.08061475114456079,0.3197835566177441,0.04012979043839295,0.5594719017993031,25,50,10
28,4512,0.08059481973599886,0.31978355661763724,0.04012978172882233,0.5594918419175424,25,50,10
28,4513,0.0805985681850556,0.31978355661772667,0.040129792149952256,0.5594880830472659,25,50,10
28,4514,0.08060455983430784,0.3197775648806931,0.04012979223781877,0.5594880830471807,25,50,10
28,4515,0.08075944259408148,0.3197775652704397,0.03997484279895789,0.559488149336521,25,50,10
28,4516,0.08076116082924502,0.31977584374867485,0.0399748460955965,0.5594881493264837,25,50,10
28,4517,0.08061796105245339,0.31977584373620344,0.03997446409341507,0.5596317311179285,25,50,10
28,4518,0.08152600232433775,0.3188660017298077,0.03997626422584516,0.5596317317200096,25,50,10
28,4519,0.08153437039504993,0.31885761532879475,0.039976282527070646,0.5596317317490851,25,50,10
28,4520,0.08153426416675634,0.3188576153288111,0.0399762827742913,0.5596318377301419,25,50,10
28,4521,0.08153630926607491,0.3188576153290457,0.039976296133808945,0.5596297792710708,25,50,10
28,4522,0.08154233393154209,0.3188576153290641,0.0399762974911884,0.5596237532482058,25,50,10
28,4523,0.08153830180561104,0.31885761532911605,0.039976305162006585,0.5596277777032667,25,50,10
28,4524,0.08154825052976265,0.31885761532906065,0.039976298119505115,0.5596178360216723,25,50,10
28,4525,0.08154828403614597,0.31885761532907897,0.03997629943770509,0.5596178011970704,25,50,10
28,4526,0.0815482877685589,0.3188576153290793,0.039976299472210534,0.5596177974301518,25,50,10
28,4527,0.0815484279120135,0.3188576153290978,0.039976300842555774,0.5596176559163335,25,50,10
28,4528,0.08155082040791989,0.3188549442613155,0.03997657911360699,0.5596176562171582,25,50,10
28,4529,0.08154291629276172,0.31886286089805826,0.039976566329995716,0.5596176564791847,25,50,10
28,4530,0.08154291259371535,0.31886286089805826,0.03997656633017854,0.5596176601780483,25,50,10
28,4531,0.08154313048893337,0.3188628608981146,0.03997656896643923,0.5596174396465133,25,50,10
28,4532,0.08153881986086135,0.3188628608981274,0.0399765727862281,0.5596217464547835,25,50,10
28,4533,0.08153250255446108,0.31886918138814196,0.03997656988401992,0.5596217461733773,25,50,10
28,4534,0.08153673261085576,0.3188691813869614,0.03997655861907017,0.5596175273831131,25,50,10
28,4535,0.08153683705667758,0.3188691813869977,0.039976557200046975,0.5596174243562785,25,50,10
28,4536,0.08153098739819786,0.31886918138703335,0.039976559845921605,0.5596232713688479,25,50,10
28,4537,0.08153946254414589,0.3188610972397841,0.03997616885189087,0.5596232713641799,25,50,10
28,4538,0.08153751060992588,0.3188610972397178,0.03997616101159035,0.5596252311387667,25,50,10
28,4539,0.08154295887340784,0.3188556568634281,0.03997615312545424,0.5596252311377107,25,50,10
28,4540,0.0815429582772801,0.3188556568634277,0.03997615309481771,0.5596252317644751,25,50,10
28,4541,0.08153707485939304,0.3188556568634287,0.039976153113209845,0.559631115163969,25,50,10
28,4542,0.08153707729323445,0.3188556543942137,0.0399761531485822,0.5596311151639703,25,50,10
28,4543,0.08153297720499421,0.31885919443308197,0.0399767131786451,0.5596311151832795,25,50,10
28,4544,0.08095599117428248,0.31885919453373396,0.040553764135419994,0.5596310501565642,25,50,10
28,4545,0.08095598866809757,0.31885919453373485,0.04055376313319807,0.55963105366497,25,50,10
28,4546,0.08095416572150854,0.31885919453370193,0.04055375779872094,0.5596328819460689,25,50,10
28,4547,0.0809480000923916,0.31885919453366496,0.04055375509267227,0.5596390502812714,25,50,10
28,4548,0.08094995064644793,0.31885919453373157,0.040553760878689366,0.5596370939411315,25,50,10
28,4549,0.08094995062268451,0.31885919453373157,0.040553760896007464,0.5596370939475768,25,50,10
28,4550,0.08095786774474281,0.3188591945337828,0.040553765524936496,0.5596291721965378,25,50,10
28,4551,0.08036668138216153,0.3188591979535325,0.041144771364109094,0.5596293493001968,25,50,10
28,4552,0.08037914569397495,0.31885919795576423,0.04114503463356566,0.5596166217166951,25,50,10
28,4553,0.08038918458945758,0.3188591979555821,0.041145025094826655,0.5596065923601339,25,50,10
28,4554,0.08037706353779753,0.3188591979555461,0.041145023472977174,0.5596187150336795,25,50,10
28,4555,0.08038158603797,0.31885523221298284,0.04114446673416672,0.5596187150148808,25,50,10
28,4556,0.08038144737647646,0.31885523221293033,0.041144463881579156,0.5596188565290146,25,50,10
28,4557,0.08038561848464187,0.31885523221289713,0.041144459563908976,0.5596146897385524,25,50,10
28,4558,0.08038725664509949,0.31885388160785827,0.041144172333212374,0.5596146894138305,25,50,10
28,4559,0.08040119629768362,0.31885388160794453,0.041144178482274626,0.5596007436120979,25,50,10
28,4560,0.08026792394281174,0.3188538816036239,0.041279146181197594,0.5595990482723674,25,50,10
28,4561,0.06370690372737348,0.31885388152636696,0.057840867170419405,0.5595983475758401,25,50,10
28,4562,0.06369895421131515,0.3188538815262981,0.057840861254808223,0.5596063030075784,25,50,10
28,4563,0.06370480890282194,0.3188538815262809,0.05784085990981316,0.5596004496610839,25,50,10
28,4564,0.06370291511825643,0.31885577921569247,0.057840856018567796,0.5596004496474832,25,50,10
28,4565,0.06369744121867611,0.3188612486878015,0.05784086042690174,0.5596004496666208,25,50,10
28,4566,0.06369729851570563,0.3188612486878028,0.05784085951540024,0.5596005932810915,25,50,10
28,4567,0.06369801017627456,0.31886124868778565,0.05784014785078459,0.5596005932851551,25,50,10
28,4568,0.06369222873915464,0.318867022509945,0.05784015546999899,0.5596005932809016,25,50,10
28,4569,0.06369780884904702,0.3188670225098933,0.057828271211933346,0.5596068974291266,25,50,10
28,4570,0.06369738408847639,0.3188674505771745,0.057828267905725796,0.5596068974286238,25,50,10
28,4571,0.06369128572138905,0.31886745057713917,0.05782826731746919,0.559612996384003,25,50,10
28,4572,0.06368529166385369,0.3188674505771567,0.05782826760220239,0.5596189901567876,25,50,10
28,4573,0.06368528984202486,0.3188674505773882,0.057828287709821506,0.5596189718707659,25,50,10
28,4574,0.06278320676399325,0.3197713353086611,0.05782648665423537,0.559618971273111,25,50,10
28,4575,0.06278937333582249,0.31976517004439464,0.057826485347275386,0.559618971272508,25,50,10
28,4576,0.06279747014730358,0.31976517004432314,0.05782665287576431,0.5596107069326096,25,50,10
28,4577,0.06279743562422778,0.3197651700443038,0.05782665145393613,0.5596107428775328,25,50,10
28,4578,0.0627996331917275,0.3197629678458972,0.05782665607935413,0.5596107428830216,25,50,10
28,4579,0.06279956164166418,0.31976296784588026,0.05782665682864914,0.5596108136838069,25,50,10
28,4580,0.07886959149810313,0.3197629678546169,0.05783211073778702,0.5435353299094934,25,50,10
28,4581,0.07887367963907135,0.31976296785475056,0.05783432115887172,0.5435290313473066,25,50,10
28,4582,0.07887963895403356,0.3197629678547675,0.05783440284676873,0.5435229903444305,25,50,10
28,4583,0.07888156579817628,0.3197629678548225,0.05783441082909853,0.543521055517903,25,50,10
28,4584,0.07887991963699113,0.31976296785482256,0.05783440688349716,0.5435227056246894,25,50,10
28,4585,0.07887993029891019,0.31976296785489394,0.057834411079888286,0.543522690766308,25,50,10
28,4586,0.0788855011121297,0.3197574014053311,0.0578344067357021,0.5435226907468375,25,50,10
28,4587,0.08860060228373921,0.3197574014079334,0.04811930520038317,0.5435226911079448,25,50,10
28,4588,0.0885945390299872,0.3197634635569152,0.04811930630499812,0.5435226911081,25,50,10
28,4589,0.08858868371404009,0.3197634635569327,0.048119307586865716,0.5435285451421623,25,50,10
28,4590,0.08858244838172503,0.319769700019194,0.04811930645708504,0.5435285451419969,25,50,10
28,4591,0.0885824163700938,0.3197697322707738,0.04811930621721783,0.5435285451419155,25,50,10
28,4592,0.08858673635819056,0.3197697322729703,0.04811937850556451,0.5435241528632755,25,50,10
28,4593,0.08858898465829673,0.3197697322774061,0.04811713576902199,0.5435241472952755,25,50,10
28,4594,0.0885888799133478,0.3197697322774065,0.04811713550307126,0.5435242523061747,25,50,10
28,4595,0.0885888423641039,0.31976973227761857,0.048117071307837864,0.5435243540504401,25,50,10
28,4596,0.08860467389887433,0.31976973227775896,0.048117083431766086,0.5435085103916011,25,50,10
28,4597,0.08860054338127915,0.31977385588582286,0.04811709033186079,0.5435085104010375,25,50,10
28,4598,0.08860236456342388,0.31977202461958937,0.04811710042071124,0.5435085103962757,25,50,10
28,4599,0.08860222696704252,0.3197720246195528,0.048117098801520826,0.5435086496118838,25,50,10
28,4600,0.0890778188367815,0.3197720246257012,0.048117533445865314,0.5430326230916518,25,50,10
28,4601,0.08911444475409819,0.31977202462370957,0.04807699360832877,0.5430365370138633,25,50,10
28,4602,0.0896305339298571,0.31977202111160064,0.047560999708957094,0.5430364452495844,25,50,10
28,4603,0.08962867649493095,0.31977389069266826,0.04756098756782548,0.5430364452445745,25,50,10
28,4604,0.08962839698545555,0.31977389069261386,0.047560983659572564,0.5430367286623577,25,50,10
28,4605,0.08963509061309521,0.3197671387275056,0.04756104197252855,0.5430367286868705,25,50,10
28,4606,0.08963704976778926,0.3197671387275572,0.04756104793752179,0.5430347635671318,25,50,10
28,4607,0.08961872457576517,0.3197671396010275,0.0475830952450737,0.5430310405781337,25,50,10
28,4608,0.08959690085168324,0.319788974629853,0.04758308395493272,0.5430310405635311,25,50,10
28,4609,0.0895985393056482,0.31978897462762235,0.047583010130080323,0.5430294759366491,25,50,10
28,4610,0.08008998888618477,0.3197893995042395,0.05697770229586203,0.543142909313714,25,50,10
28,4611,0.08066048994408317,0.31978939922667676,0.056407268058747274,0.5431428427704931,25,50,10
28,4612,0.08066648194519617,0.3197893992266955,0.05640726836236927,0.5431368504657395,25,50,10
28,4613,0.08066455533407149,0.31978939922662575,0.05640726848385076,0.5431387769554523,25,50,10
28,4614,0.0806721508258358,0.31978939922663857,0.056407271786862806,0.5431311781606633,25,50,10
28,4615,0.08067207989491826,0.3197893992266214,0.05640727455253005,0.5431312463259306,25,50,10
28,4616,0.08739592257852859,0.31978920925640386,0.04705390113371201,0.5457609670313557,25,50,10
28,4617,0.08738374739886363,0.31978920925429904,0.04705384067342232,0.545773202673415,25,50,10
28,4618,0.08738314953875768,0.31978986545902255,0.04705378235331798,0.545773202648902,25,50,10
28,4619,0.08737519768861648,0.31978986545891713,0.047053773759391494,0.545781163093075,25,50,10
28,4620,0.08737533766983548,0.31978972707965053,0.047053772152512836,0.5457811630980013,25,50,10
28,4621,0.08737926054465314,0.3197857907038502,0.04705378563879621,0.5457811631127003,25,50,10
28,4622,0.08737933532091341,0.3197857907038668,0.04705378484666535,0.5457810891285543,25,50,10
28,4623,0.08737334368353235,0.31978579070388247,0.04705378505696719,0.5457870805556176,25,50,10
28,4624,0.08760196755590886,0.31978579070409796,0.04705422563185653,0.5455580161081364,25,50,10
28,4625,0.0876238935172032,0.31976385278721275,0.04705423756841497,0.5455580161271688,25,50,10
28,4626,0.08770602307542776,0.3197638527394655,0.04697212606444459,0.5455579981206619,25,50,10
28,4627,0.08816429953785654,0.3197638527394323,0.04697214297568851,0.5450997047470225,25,50,10
28,4628,0.08817018799297331,0.3197638527394316,0.046972142879942495,0.5450938163876523,25,50,10
28,4629,0.08815635102325045,0.3197638527393434,0.04697213555177261,0.5451076606856332,25,50,10
28,4630,0.08815086670481359,0.31976385274024155,0.046972149525652665,0.5451131310292923,25,50,10
28,4631,0.08818149344101765,0.3197638527342928,0.04694150762755585,0.5451131461971338,25,50,10
28,4632,0.0881813879645148,0.3197639627171468,0.046941503121206055,0.5451131461971319,25,50,10
28,4633,0.08817301160847738,0.3197723462095705,0.04694149598533658,0.5451131461966154,25,50,10
28,4634,0.08828187374305717,0.3197723453380032,0.04683282506408209,0.5451129558548572,25,50,10
28,4635,0.08828201656786121,0.31977220244373933,0.04683282513386967,0.5451129558545295,25,50,10
28,4636,0.08827616320138568,0.31977220244379156,0.046832827933629834,0.5451188064211926,25,50,10
28,4637,0.0882701711303655,0.31977220244377497,0.046832827845249635,0.5451247985806096,25,50,10
28,4638,0.08826614407347515,0.319776243905423,0.046832813459959946,0.5451247985611416,25,50,10
28,4639,0.08825786971511895,0.3197762484539564,0.046838181195191925,0.5451277006357323,25,50,10
28,4640,0.08825780007159033,0.3197763151524607,0.046838184125761906,0.5451277006501868,25,50,10
28,4641,0.08825576484539668,0.31977631515260085,0.0468381961763497,0.5451297238256526,25,50,10
28,4642,0.08826003730855772,0.3197720475211139,0.04683819135403647,0.5451297238162924,25,50,10
28,4643,0.08468304552112675,0.3197720503915937,0.05040894488419559,0.5451359592030837,25,50,10
28,4644,0.08468294041809614,0.31977215513287244,0.0504089452411018,0.5451359592079297,25,50,10
28,4645,0.08467901566244591,0.31977215513271445,0.050408933904602334,0.5451398953002373,25,50,10
28,4646,0.08467888319673376,0.3197722906613806,0.050408930837048664,0.5451398953048369,25,50,10
28,4647,0.08468486608185083,0.3197663081623358,0.05040893045566742,0.5451398953001457,25,50,10
28,4648,0.06680109076258915,0.3197660839085497,0.06581423366053091,0.5476185916683297,25,50,10
28,4649,0.06680686906185365,0.31976030564164026,0.06581423362827049,0.5476185916682352,25,50,10
28,4650,0.06680676332678633,0.3197603056416211,0.06581423225987744,0.5476186987717147,25,50,10
28,4651,0.06680080530387388,0.3197662629282649,0.06581423300090505,0.5476186987669558,25,50,10
28,4652,0.06680076742034068,0.3197662629282501,0.06581423513735696,0.5476187345140517,25,50,10
28,4653,0.06680087275199159,0.3197661570199551,0.06581423570448225,0.5476187345235705,25,50,10
28,4654,0.06679474360843224,0.3197661570199013,0.06581423278266417,0.5476248665890021,25,50,10
28,4655,0.06680084704784513,0.3197661570198675,0.06581423322402843,0.5476187627082587,25,50,10
28,4656,0.06679875638392822,0.31976825255386887,0.0658142283641098,0.547618762698093,25,50,10
28,4657,0.066805101336946,0.3197682525538704,0.06581422739786824,0.5476124187113149,25,50,10
28,4658,0.06681274284800669,0.3197682481206543,0.06580949180391803,0.5476095172274204,25,50,10
28,4659,0.06681277949032996,0.3197682481206697,0.06580948973552363,0.5476094826534762,25,50,10
28,4660,0.06682668833127252,0.3197682481207569,0.06580949497942713,0.5475955685685431,25,50,10
28,4661,0.06684063563951118,0.3197542905181227,0.06580950524474409,0.5475955685976217,25,50,10
28,4662,0.06682673169928531,0.3197680713221235,0.06580962838996561,0.5475955685886256,25,50,10
28,4663,0.06730418838793678,0.3192901591465277,0.06581008276141664,0.5475955697041185,25,50,10
28,4664,0.06776222805492153,0.3192901591467077,0.0658102607235335,0.5471373520748369,25,50,10
28,4665,0.06729977274708443,0.31929015914661324,0.06581008699482817,0.547599981111474,25,50,10
28,4666,0.0668222830828933,0.3197681073875478,0.0658096295481214,0.5475999799814372,25,50,10
28,4667,0.055725977798136705,0.31976809678856394,0.047806851721386684,0.5766990736919126,25,50,10
28,4668,0.055733826428836133,0.31976024208448817,0.047806857785328505,0.5766990737013472,25,50,10
28,4669,0.05572583446001434,0.31976822586379544,0.04780686597467402,0.5766990737015163,25,50,10
28,4670,0.05572586705268977,0.31976822586379694,0.047806867553154976,0.5766990395303586,25,50,10
28,4671,0.055727720706538836,0.3197663474061005,0.04780689231832121,0.5766990395690397,25,50,10
28,4672,0.055741632013707895,0.3197663474061683,0.04780689670491551,0.5766851238752085,25,50,10
28,4673,0.055733646776947046,0.3197663474060968,0.047806890566068044,0.5766931152508885,25,50,10
28,4674,0.04012770691241333,0.3197663474048589,0.04780189389615958,0.5923040517865688,25,50,10
28,4675,0.039994688143126636,0.319766702919115,0.04793455836976561,0.5923040505679935,25,50,10
28,4676,0.03999436097461837,0.3197667029180942,0.04793453266651781,0.5923044034407706,25,50,10
28,4677,0.039988266043072734,0.3197727940004007,0.047934536515752565,0.592304403440775,25,50,10
28,4678,0.03952005038595677,0.3197727940002589,0.047934346873550505,0.5927728087402351,25,50,10
28,4679,0.03929731248099003,0.3197727940000432,0.04793390634238514,0.5929959871765828,25,50,10
28,4680,0.03932918051365981,0.31974090162204355,0.04793393064914741,0.5929959872151502,25,50,10
28,4681,0.03932928301155492,0.3197409016220263,0.04793393030229851,0.5929958850641214,25,50,10
28,4682,0.03932536089787905,0.3197447806006393,0.04793397345683151,0.5929958850446512,25,50,10
28,4683,0.03932550043267898,0.3197447806006572,0.047933974755643274,0.5929957442110211,25,50,10
28,4684,0.03932153709936372,0.3197487355022294,0.04793398317735524,0.5929957442210522,25,50,10
28,4685,0.03933641690381735,0.3197338033398375,0.04793403473527224,0.5929957450210733,25,50,10
28,4686,0.0393434950592024,0.3197267842240107,0.04793397650561416,0.5929957442111732,25,50,10
28,4687,0.03886617873133211,0.31972678421779205,0.047933535839966436,0.5934735012109098,25,50,10
28,4688,0.03886204489378827,0.31972678421787903,0.04793354211897878,0.5934776287693543,25,50,10
28,4689,0.03899113896708171,0.3197267842223013,0.04793391933700531,0.5933481574736116,25,50,10
28,4690,0.03886179543668054,0.31972678421789547,0.04793354038356776,0.5934778799618561,25,50,10
28,4691,0.03885778570117914,0.3197267842179276,0.04793352675504472,0.5934819033258486,25,50,10
28,4692,0.038865735489049855,0.3197267842180139,0.04793353394349471,0.5934739463494415,25,50,10
28,4693,0.03840164579804393,0.3197267842105152,0.04793307679049021,0.5939384932009508,25,50,10
28,4694,0.03840752724260233,0.3197209078698572,0.04793307168642388,0.593938493201117,25,50,10
28,4695,0.038375628737085846,0.31975283241750974,0.04793304569245859,0.5939384931529461,25,50,10
28,4696,0.036386678748616674,0.3197528294931012,0.04992819286168292,0.5939322988965989,25,50,10
28,4697,0.036502514210992536,0.31975282949329903,0.049928374391165445,0.5938162819045424,25,50,10
28,4698,0.03650250985115563,0.31975283354553297,0.04992837469409102,0.5938162819092198,25,50,10
28,4699,0.03638863305830836,0.3197528335454039,0.049928199043786974,0.5939303343525002,25,50,10
28,4700,0.03641059906659936,0.3197528335454745,0.04992823972363784,0.5939083276642877,25,50,10
28,4701,0.03641652332232373,0.3197469047684152,0.04992824425431652,0.5939083276549436,25,50,10
28,4702,0.036418387666804185,0.31974690476852086,0.04992827861693117,0.5939064289477431,25,50,10
28,4703,0.03642438300771536,0.31974690476860995,0.04992827798672315,0.5939004342369505,25,50,10
28,4704,0.03660509383094665,0.31974654914186873,0.04974792193063828,0.5939004350965449,25,50,10
28,4705,0.03644844692637384,0.3197465491367517,0.04990456965104732,0.5939004342858257,25,50,10
28,4706,0.036482896562001293,0.3197465491368407,0.049870117386646394,0.5939004369145102,25,50,10
28,4707,0.036459011575025825,0.3197704505210908,0.049870101008488994,0.5939004368953931,25,50,10
28,4708,0.03645900662882382,0.31977045052101916,0.04987009581710819,0.5939004470330476,25,50,10
28,4709,0.03645308770697013,0.31977637000669995,0.049870095248856085,0.5939004470374725,25,50,10
28,4710,0.03647477011419727,0.3197763700068228,0.049870106024400396,0.5938787538545779,25,50,10
28,4711,0.03648036501693645,0.3197763700066955,0.049869903202384484,0.5938733617739822,25,50,10
28,4712,0.03521267119749382,0.31977636994872866,0.045495032346385245,0.5995159265073908,25,50,10
28,4713,0.03522465145589262,0.31977636994876424,0.04549503685021339,0.5995039417451281,25,50,10
28,4714,0.0352366323873804,0.31977636994878234,0.04549503707151214,0.5994919605923232,25,50,10
28,4715,0.03523084989384012,0.31977636994876424,0.04549503576971818,0.5994977443876758,25,50,10
28,4716,0.035239050836727195,0.3197763699487703,0.04549513889474052,0.59948944031976,25,50,10
28,4717,0.03522906369182187,0.31978635112777287,0.04549514485086636,0.5994894403295372,25,50,10
28,4718,0.035229061881948215,0.3197863533492021,0.04549514444398976,0.5994894403248583,25,50,10
28,4719,0.03889135321773331,0.3197863790847845,0.041832813490223775,0.5994894542072566,25,50,10
28,4720,0.03886945191586954,0.31978637908476304,0.041832707312907134,0.5995114616864585,25,50,10
28,4721,0.03886538954886569,0.3197904339514484,0.04183271481347318,0.5995114616862111,25,50,10
28,4722,0.03886514544684295,0.3197904339513955,0.04183271183315375,0.599511708768606,25,50,10
28,4723,0.03885316478826339,0.3197904339513777,0.04183271253190664,0.599523688728451,25,50,10
28,4724,0.03885915663417645,0.31979043395139456,0.04183271287731356,0.5995176965371142,25,50,10
28,4725,0.03885134243647455,0.3197904339513069,0.04183270360862378,0.5995255200035934,25,50,10
28,4726,0.038845454704319465,0.31979043395130696,0.04183270363490793,0.5995314077094643,25,50,10
28,4727,0.04075851906361196,0.3197904082665952,0.039919719540165634,0.5995313531296266,25,50,10
28,4728,0.04074229707281395,0.31979040826647137,0.03991967501352522,0.599547619647189,25,50,10
28,4729,0.040740440667042306,0.3197922739744965,0.039919665720457125,0.5995476196380036,25,50,10
28,4730,0.04074044073532078,0.3197922739744962,0.03991966571139915,0.5995476195787832,25,50,10
28,4731,0.04075298029676794,0.31979227397457133,0.03991967125228309,0.5995350744763772,25,50,10
28,4732,0.04075299263028413,0.3197922599776331,0.03991967289093991,0.5995350745011424,25,50,10
28,4733,0.040756949479449876,0.3197883643905424,0.0399196116339573,0.5995350744960498,25,50,10
28,4734,0.04075726384439328,0.31978802222488156,0.03991963942965142,0.599535074501073,25,50,10
28,4735,0.040741469230081394,0.31978802222475905,0.03991962869071916,0.5995508798544397,25,50,10
28,4736,0.04074977996937935,0.3197880222247975,0.03991968308202383,0.5995425147237987,25,50,10
28,4737,0.04077168399219905,0.31978802222482017,0.039919738231531554,0.5995205555514481,25,50,10
28,4738,0.04077164960665175,0.3197880222248017,0.03991973754744004,0.5995205906211053,25,50,10
28,4739,0.040777468324434504,0.31978222372410153,0.03991971674909247,0.5995205912023703,25,50,10
28,4740,0.04077739847792325,0.31978229222588517,0.03991971809373365,0.5995205912024568,25,50,10
28,4741,0.04080131804008544,0.31978229222611526,0.03991973759281876,0.5994966521409797,25,50,10
28,4742,0.04079589312208982,0.3197877145962263,0.03991974014460698,0.5994966521370759,25,50,10
28,4743,0.04078205583486796,0.3197877145961563,0.03991973416776043,0.5995104954012145,25,50,10
28,4744,0.04076186772819985,0.31978771459615146,0.03991968119497815,0.5995307364806696,25,50,10
28,4745,0.04087924475871321,0.3196701836663896,0.03991983506557509,0.5995307365093212,25,50,10
28,4746,0.04088373576541326,0.3196701836663393,0.039919831538501115,0.5995262490297454,25,50,10
28,4747,0.04088174242546847,0.31967230780291944,0.039919700751889026,0.5995262490197222,25,50,10
28,4748,0.040867348233189243,0.3196723078027743,0.03991968922130421,0.5995406547427311,25,50,10
28,4749,0.04090594291512052,0.3196723078027662,0.03991970909322806,0.5995020401888841,25,50,10
28,4750,0.040917928718354084,0.31967230780276684,0.03991970807890757,0.5994900553999704,25,50,10
28,4751,0.04091789152719563,0.3196723502900136,0.03991970278274661,0.599490055400043,25,50,10
28,4752,0.04124427760037716,0.31967235029414715,0.03992043257497024,0.599162939530504,25,50,10
28,4753,0.04124442769685693,0.31967219968394106,0.0399204330886877,0.5991629395305129,25,50,10
28,4754,0.0412305844225757,0.31967219968388827,0.039920427304444714,0.59917678858909,25,50,10
28,4755,0.04123043298298714,0.3196721606862109,0.03992061773720865,0.599176788593592,25,50,10
28,4756,0.04123235960496118,0.31967022922984567,0.039920622562166816,0.599176788603025,25,50,10
28,4757,0.04123236001424565,0.31967022922986343,0.039920623809118455,0.5991767869467712,25,50,10
28,4758,0.041233163537409384,0.31967022922983346,0.03992065344089238,0.5991759537918638,25,50,10
28,4759,0.04123270698061636,0.3196702292298121,0.03992065088021568,0.5991764129093549,25,50,10
28,4760,0.0412247211402036,0.31967022922972455,0.039920644114085996,0.5991844055159848,25,50,10
28,4761,0.04121077885943994,0.3196702292296198,0.03992063656324738,0.5991983553476922,25,50,10
28,4762,0.04121263566103134,0.31967022922967225,0.03992064231597717,0.5991964927933187,25,50,10
28,4763,0.04120666766065633,0.3196761938970004,0.039920645678379725,0.599196492763963,25,50,10
28,4764,0.04120680826364387,0.31967619389703766,0.03992064770216923,0.5991963501371487,25,50,10
28,4765,0.04120852663280722,0.3196761938970708,0.0399206510786694,0.599194628391452,25,50,10
28,4766,0.04120838891133238,0.3196761938970351,0.03992064847589337,0.5991947687157385,25,50,10
28,4767,0.0412124525082143,0.31967619389698565,0.03992064389586789,0.5991907096989315,25,50,10
28,4768,0.04086214568446508,0.31967619389262103,0.03991989449152314,0.5995417659313901,25,50,10
28,4769,0.037583915125539324,0.31967619382790863,0.04319814236931329,0.599541748677238,25,50,10
28,4770,0.03761186465691425,0.3196482317322386,0.04319815490948109,0.5995417487013652,25,50,10
28,4771,0.03760776409049261,0.3196523303765387,0.0431981568224222,0.5995417487105459,25,50,10
28,4772,0.03760593493841921,0.31965233037650637,0.04319812781352162,0.5995436068715524,25,50,10
28,4773,0.037607886435696986,0.3196523303765254,0.04319813221466455,0.599541650973113,25,50,10
28,4774,0.03757993690499071,0.3196802924821563,0.043198119663949285,0.5995416509489035,25,50,10
28,4775,0.037521592258522946,0.3196802924830536,0.04325643725220076,0.5995416780062235,25,50,10
28,4776,0.037533572091263824,0.31966831444716687,0.04325643545050794,0.5995416780110621,25,50,10
28,4777,0.037876120462452166,0.31966831444745125,0.04325687983615839,0.5991986852539386,25,50,10
28,4778,0.03783752577082215,0.3196683144474587,0.04325685991894889,0.5992372998627707,25,50,10
28,4779,0.037831636594512684,0.3196683144474587,0.043256859907243615,0.5992431890507857,25,50,10
28,4780,0.03782539918535541,0.31967455873022965,0.04325685361991633,0.5992431884644992,25,50,10
28,4781,0.03783923275153458,0.31967455873030093,0.043256859717972426,0.5992293488001926,25,50,10
28,4782,0.03783919848502303,0.3196745587302809,0.04325685825471095,0.5992293845299855,25,50,10
28,4783,0.03783520439564683,0.3196745587303349,0.04325686516300348,0.5992333717110152,25,50,10
28,4784,0.03785328947299662,0.31967455873251394,0.04325695487194464,0.5992151969225448,25,50,10
28,4785,0.037749289635384556,0.31977870861249125,0.04325680484957,0.5992151969025542,25,50,10
28,4786,0.037747362805836474,0.31978064336983614,0.04325679692712469,0.5992151968972028,25,50,10
28,4787,0.03794483355860946,0.31978064337137146,0.04305935530646682,0.5992151677635523,25,50,10
28,4788,0.037936987400904114,0.31978064337130296,0.0430593494070713,0.5992230198207218,25,50,10
28,4789,0.037943222568957616,0.3197744077752376,0.04305934983517267,0.5992230198206324,25,50,10
28,4790,0.03839353471516532,0.3193239247972133,0.04305952064244682,0.5992230198451749,25,50,10
28,4791,0.03839354296113043,0.31932392479724997,0.0430595208006616,0.5992230114409586,25,50,10
28,4792,0.0384075933109356,0.3193098706692532,0.043059524554780584,0.5992230114650312,25,50,10
28,4793,0.038393896088948554,0.31930987066921795,0.04305952105982756,0.5992367121820065,25,50,10
28,4794,0.03975373865981352,0.3179495064831762,0.043060042367881614,0.5992367124891291,25,50,10
28,4795,0.039757980215332764,0.3179495064831058,0.043060036277620624,0.5992324770239413,25,50,10
28,4796,0.039758121499023316,0.3179495064831059,0.043060038345723466,0.5992323336721477,25,50,10
28,4797,0.039757318095750734,0.3179495064831346,0.04306000866630077,0.5992331667548144,25,50,10
28,4798,0.039757068639489045,0.31794950648315146,0.04306000684474833,0.5992334180326115,25,50,10
28,4799,0.03929281555952074,0.3184139365815964,0.04305982986500692,0.5992334179938763,25,50,10
28,4800,0.03927911686106483,0.3184276403408897,0.04305982480382834,0.5992334179942174,25,50,10
28,4801,0.03927898111432407,0.31842777788440996,0.04305982301674437,0.5992334179845219,25,50,10
28,4802,0.039279018382681954,0.31842777788455356,0.04305983250456258,0.5992333712282022,25,50,10
28,4803,0.03928672782993716,0.3184277778846415,0.04305983781239546,0.5992256564730261,25,50,10
28,4804,0.03928247639935623,0.31842777788253207,0.043059754099338036,0.5992299916187738,25,50,10
28,4805,0.039242019355694525,0.3184277778832209,0.04310021082546903,0.5992299919356155,25,50,10
28,4806,0.038905427167981704,0.3184277778829754,0.043099769258335544,0.5995670256907075,25,50,10
28,4807,0.038919261216596585,0.318413936241472,0.04309977684186828,0.5995670257000633,25,50,10
28,4808,0.03892129266492075,0.31841393624157943,0.04309978563220748,0.5995649854612926,25,50,10
28,4809,0.03275518841290095,0.318413936361914,0.04926588926936633,0.5995649859558185,25,50,10
28,4810,0.03275133466489348,0.31841766660957066,0.04926601278892884,0.599564985936607,25,50,10
28,4811,0.032743463312931355,0.3184176666095915,0.04926615873176558,0.5995727113457117,25,50,10
28,4812,0.032729266716971135,0.3184176666095528,0.049266104810374085,0.599586961863102,25,50,10
28,4813,0.03271556894339946,0.31843136893835133,0.04926610025013467,0.5995869618681147,25,50,10
28,4814,0.032727374663031085,0.3184313689383139,0.04926609743094268,0.5995751589677125,25,50,10
28,4815,0.03271952651860716,0.3184313689382257,0.049266091102513,0.5995830134406543,25,50,10
28,4816,0.03271941778334151,0.31843136893824225,0.049266091303631694,0.5995831219747848,25,50,10
28,4817,0.0327196608149298,0.31843112519191163,0.04926609201820671,0.5995831219749523,25,50,10
28,4818,0.032721519730942894,0.31842939592281755,0.049265962361842816,0.5995831219843971,25,50,10
28,4819,0.03272158997210851,0.31842939592287356,0.049265966473991646,0.5995830476310267,25,50,10
28,4820,0.032715524899194,0.3184293959228733,0.04926596849785922,0.5995891106800738,25,50,10
28,4821,0.03256045966613068,0.3184293959198886,0.049419193278577654,0.5995909511354033,25,50,10
28,4822,0.03256217722168859,0.3184293959199045,0.04941919840463482,0.599589228453772,25,50,10
28,4823,0.03256211201605808,0.3184293959198134,0.04941919174395078,0.5995893003201772,25,50,10
28,4824,0.03255621734287056,0.3184293959197762,0.04941919154549748,0.599595195191855,25,50,10
28,4825,0.03256235451616354,0.31842325945036465,0.04941919085580898,0.5995951951776619,25,50,10
28,4826,0.032566103561707166,0.3184194978781356,0.04941920336345183,0.5995951951967045,25,50,10
28,4827,0.03257009723803303,0.31841949787793944,0.049419188116143584,0.599591216767883,25,50,10
28,4828,0.03257609575706208,0.31841949787799134,0.04941918977656856,0.5995852165883773,25,50,10
28,4829,0.03257406630370034,0.31842153414637253,0.049419182966471444,0.5995852165834549,25,50,10
28,4830,0.032567996632202514,0.31842153414626484,0.04941903074223084,0.599591438479301,25,50,10
28,4831,0.032567998566073564,0.31842153414626545,0.04941903077006004,0.5995914365176,25,50,10
28,4832,0.03257395544459246,0.31842153414628227,0.049419028975084794,0.5995854814340397,25,50,10
28,4833,0.032567999884677165,0.3184215341462267,0.049419025504248724,0.5995914404648466,25,50,10
28,4834,0.010634359906572794,0.3184215340216645,0.07135266673285243,0.5995914393389097,25,50,10
28,4835,0.010628046312734077,0.3184278476239111,0.07135266672445667,0.5995914393388976,25,50,10
28,4836,0.010614068948060789,0.31842784762382165,0.07135266003228452,0.5996054233958324,25,50,10
28,4837,0.010620095600926948,0.3184278476238751,0.07135266345337021,0.599599393321827,25,50,10
28,4838,0.010613858622089647,0.3184340856926272,0.07135266236362293,0.5995993933216595,25,50,10
28,4839,0.010747306782776092,0.3184340856970186,0.0713530385653506,0.599465568954854,25,50,10
28,4840,0.010741349830000723,0.3184297319222388,0.0713633492975003,0.5994655689502598,25,50,10
28,4841,0.010745377559942865,0.3184297319221861,0.07136334148512043,0.5994615490327507,25,50,10
28,4842,0.010751261246356407,0.3184297319223825,0.07136336061716825,0.5994556462140929,25,50,10
28,4843,0.010749404435927168,0.3184315944878735,0.07136335486686557,0.5994556462093337,25,50,10
28,4844,0.019353913903839847,0.3184315944975094,0.06275884403546123,0.5994556475631893,25,50,10
28,4845,0.01934022358044998,0.3184315944974582,0.06275883948544053,0.599469342436651,25,50,10
28,4846,0.019344300669038764,0.31843159449751524,0.06275892097865123,0.5994651838547945,25,50,10
28,4847,0.01934871321792967,0.31842718320753916,0.06275891973386138,0.5994651838406696,25,50,10
28,4848,0.019354701826229975,0.31842718320752306,0.06275891953621401,0.5994591954300325,25,50,10
28,4849,0.01935495219409799,0.31842718320761354,0.06275892523024858,0.5994589393680394,25,50,10
28,4850,0.019350957840709736,0.3184271832077021,0.06275893260404382,0.599462926347544,25,50,10
28,4851,0.019345073761677482,0.3184271832077021,0.06275893257844539,0.5994688104521748,25,50,10
28,4852,0.019345185598362073,0.3184271832076858,0.06275893244144634,0.5994686987525061,25,50,10
28,4853,0.019367465606318687,0.3184048899273646,0.0627589456943483,0.5994686987719685,25,50,10
28,4854,0.002376050675275539,0.3184048908986392,0.07973594382452794,0.5994831146015576,25,50,10
28,4855,0.0023720236607981723,0.31840489089870927,0.0797359498548764,0.5994871355856164,25,50,10
28,4856,0.0023661376984783077,0.31840489089870894,0.0797359498354888,0.5994930215673243,25,50,10
28,4857,0.0023800785229024144,0.3184048908987965,0.07973595611468488,0.5994790744636161,25,50,10
28,4858,0.00235783677274641,0.31842714783752907,0.07973594094105843,0.599479074448666,25,50,10
28,4859,0.002357763435216981,0.31842722014755986,0.07973594197323437,0.5994790744439886,25,50,10
28,4860,0.002352163494578245,0.3184272201474542,0.07973592949082003,0.5994846868671476,25,50,10
28,4861,0.002491617903645384,0.31829781655191386,0.07972587779830052,0.5994846877461403,25,50,10
28,4862,0.0024955755329673563,0.31829384671347644,0.0797258899882863,0.5994846877652698,25,50,10
28,4863,0.002362216463812852,0.3184276557298467,0.07972544092006642,0.5994846868862739,25,50,10
28,4864,0.0023559044882919384,0.3184276557297551,0.07972544028261859,0.5994909994993342,25,50,10
28,4865,0.002358117819330309,0.31842765583903176,0.0797250679198802,0.5994891584217582,25,50,10
28,4866,0.002354192771403724,0.3184315919356532,0.07972505689014792,0.5994891584027957,25,50,10
28,4867,0.00236039564372403,0.3184253859847324,0.07972505996875139,0.5994891584027926,25,50,10
28,4868,0.00236075088067675,0.3184253859847712,0.07972506276124887,0.5994888003733035,25,50,10
28,4869,0.0023607828619454643,0.3184253859847891,0.07972506435592241,0.5994887667973434,25,50,10
28,4870,0.002366959200301573,0.3184253859849171,0.07972506218394018,0.5994825926308416,25,50,10
28,4871,0.00236227278161562,0.31842538587337615,0.07972974846210243,0.5994825928829063,25,50,10
28,4872,0.0023682002320015395,0.31842538587346597,0.07972975440884267,0.5994766594856901,25,50,10
28,4873,0.002372051563279719,0.31842538587360797,0.07972976660486328,0.5994727959582492,25,50,10
28,4874,0.0023742312016641503,0.318425385873573,0.07972976222447463,0.5994706207002884,25,50,10
28,4875,0.0023683088326583125,0.31842538587355224,0.07972976070611393,0.5994765445876757,25,50,10
28,4876,0.0023881197621922596,0.3184253858736732,0.07972969444887072,0.5994567999152636,25,50,10
28,4877,0.002388120989643624,0.3184253858736738,0.07972969453778933,0.599456798598893,25,50,10
28,4878,0.0022610627922874074,0.3184253858693425,0.07972932063702275,0.5995842307013475,25,50,10
28,4879,0.002594796212342348,0.3184254247269798,0.07940993127903333,0.5995698477816443,25,50,10
28,4880,0.0026006786688556618,0.3184254247269617,0.07940993168028576,0.599563964923897,25,50,10
28,4881,0.002600536509681868,0.31842542472696034,0.07940992977845235,0.5995641089849054,25,50,10
28,4882,0.0026045983159309564,0.31842136799905235,0.0794099247093917,0.5995641089756252,25,50,10
28,4883,0.0025985672002522466,0.3184213679989454,0.07940991790088724,0.5995701468999155,25,50,10
28,4884,0.0025927865923057523,0.31842137423237243,0.07941569281865438,0.5995701463566673,25,50,10
28,4885,0.0026086442064663148,0.31842137423651673,0.079415736521733,0.5995542450352837,25,50,10
28,4886,0.0026106044380487738,0.3184213742365868,0.07941574254971577,0.5995522787756484,25,50,10
28,4887,0.0026065541188870682,0.3184254150408886,0.0794157520552842,0.5995522787849399,25,50,10
28,4888,0.0026063041085492185,0.3184254150408169,0.07941574685556348,0.5995525339950708,25,50,10
28,4889,0.002613787067737207,0.31842541504086497,0.07941575027223383,0.5995450476191642,25,50,10
28,4890,0.002589975777412311,0.3184254150406521,0.07941573228011556,0.5995688769018206,25,50,10
28,4891,0.002584157460025027,0.31842541504068994,0.07941573506671662,0.5995746924325689,25,50,10
28,4892,0.0025760420991248504,0.31842541503648636,0.07941569746621249,0.5995828453981767,25,50,10
28,4893,0.002569906253566926,0.3184254150363622,0.07941568944827852,0.599588989261793,25,50,10
28,4894,0.0025741819642794927,0.3184254150362764,0.07941568426582238,0.5995847187336225,25,50,10
28,4895,0.0025722405387399055,0.3184273656154218,0.0794156751215905,0.5995847187242486,25,50,10
28,4896,0.0021770056975428673,0.3184273257770354,0.07981098406913376,0.5995846844562887,25,50,10
28,4897,0.0021631701754783665,0.318427325776966,0.07981097808021588,0.5995985259673406,25,50,10
28,4898,0.0021691932074745625,0.31842732577698374,0.07981097937682406,0.5995925016387185,25,50,10
28,4899,0.0021629253769134727,0.3184335989988926,0.07981097398563908,0.5995925016385557,25,50,10
28,4900,0.0021628897754726382,0.3184335989988736,0.0798109725366135,0.5995925386890414,25,50,10
28,4901,0.0008030495861373802,0.3197939608855441,0.07981045114631763,0.5995925383820021,25,50,10
28,4902,0.0008029130963448882,0.3197939608855272,0.07981044990210373,0.5995926761160253,25,50,10
28,4903,0.0008030496716231649,0.3197939608855441,0.07981045115149758,0.5995925382913363,25,50,10
28,4904,0.0008089765864493782,0.3197939608855457,0.07981045252705736,0.5995866100009486,25,50,10
28,4905,0.0008149676925279542,0.31979396088554635,0.07981045308793026,0.5995806183339962,25,50,10
28,4906,0.0008168977332905425,0.3197920256684505,0.07981045825006221,0.5995806183481974,25,50,10
28,4907,0.0008090161069546656,0.3197920256684352,0.07981045650457605,0.5995885017200347,25,50,10
28,4908,0.000809023104443661,0.3197920184334069,0.07981045674653112,0.599588501715619,25,50,10
28,4909,0.0008108777419432322,0.31979015738565364,0.07981046314258648,0.5995885017298174,25,50,10
28,4910,0.0008251130007500776,0.3197901573856427,0.07981046581008835,0.5995742638035196,25,50,10
28,4911,0.000818874053040546,0.3197901573856406,0.07981516528884403,0.5995758032724756,25,50,10
28,4912,0.0008188769166981049,0.3197901531766049,0.07981516662920377,0.5995758032774939,25,50,10
28,4913,0.0008189872613409833,0.31979004158975183,0.07981516787140885,0.5995758032774989,25,50,10
28,4914,0.0008190200025085494,0.3197900415897524,0.07981046932942415,0.5995804690783156,25,50,10
28,4915,0.0008252243885027563,0.31978383729394344,0.07981046923923717,0.5995804690783174,25,50,10
28,4916,0.0008250857049463663,0.31978397697797145,0.07981046823884956,0.5995804690782335,25,50,10
28,4917,0.0008190586541275736,0.3197839769779001,0.07981046476669305,0.59958649960128,25,50,10
28,4918,0.0008190315095596199,0.31978397697790045,0.07981046382681999,0.5995865276857206,25,50,10
28,4919,0.0008190625885822392,0.3197839769780065,0.07981047128151587,0.5995864891518962,25,50,10
28,4920,0.0008412253509797152,0.3197839707446016,0.07978831472766174,0.5995864891767576,25,50,10
28,4921,0.0008371917235355043,0.3197839707446888,0.07978832025796763,0.5995905172738086,25,50,10
28,4922,0.0008430429978898261,0.31978397074466935,0.0797883188970677,0.5995846673603735,25,50,10
28,4923,0.0008293610095286611,0.31978397074464954,0.0797883156530066,0.5995983525928156,25,50,10
28,4924,0.0008333857016843992,0.3197799533782493,0.07978830834655586,0.5995983525735107,25,50,10
28,4925,0.000839501501577362,0.3197693443277143,0.07979280044846529,0.5995983537222432,25,50,10
28,4926,0.0008534373221593802,0.3197693443278006,0.07979280658430708,0.5995844117657334,25,50,10
28,4927,0.0008473059301962525,0.3197754705040906,0.07979281180006077,0.5995844117656526,25,50,10
28,4928,0.0008592902062728229,0.31976348644453956,0.07979281158846618,0.5995844117607219,25,50,10
28,4929,0.0008572932073331075,0.3197634864444334,0.07979280392452912,0.5995864164237047,25,50,10
28,4930,0.000863531761249771,0.31976348644448715,0.07979280487450237,0.5995801769197611,25,50,10
28,4931,0.000901423814965394,0.31976348644477004,0.07979282914927775,0.599542260590987,25,50,10
28,4932,0.000907313518816007,0.319757606423787,0.07979281946641176,0.5995422605909855,25,50,10
28,4933,0.00086952446370423,0.31975760642352097,0.07979279538980137,0.5995800737229736,25,50,10
28,4934,0.0008694381164113698,0.31975760642350914,0.07979279545780038,0.5995801600022793,25,50,10
28,4935,0.0008693350871892255,0.31975770964375366,0.07979279527137419,0.5995801599976832,25,50,10
28,4936,0.0008693390566880296,0.31975770524573244,0.07979279569521128,0.5995801600023686,25,50,10
28,4937,0.008719161047033124,0.31975770592222796,0.07194297238425301,0.599580160646486,25,50,10
28,4938,0.008713136260221042,0.3197577059222095,0.07194297108638323,0.5995861867311865,25,50,10
28,4939,0.008705044002650776,0.31976580732668825,0.07194296196355238,0.5995861867071087,25,50,10
28,4940,0.002243015931940108,0.31976580665242166,0.07840489868433793,0.5995862787313003,25,50,10
28,4941,0.002230773631648101,0.31978254420987523,0.07840040457573888,0.599586277582738,25,50,10
28,4942,0.0022410705108182223,0.3197825442110061,0.0784004903616247,0.5995758949165508,25,50,10
28,4943,0.0035651759391351497,0.31845778168523053,0.07840114688772151,0.5995758954879126,25,50,10
28,4944,0.0035657315719259948,0.3184572196926502,0.07840115322294446,0.599575895512479,25,50,10
28,4945,0.003569238149964828,0.3184572196915718,0.07840107188519084,0.5995724702732722,25,50,10
28,4946,0.02557265351678254,0.31845721969205887,0.05639774891562766,0.5995723778755311,25,50,10
28,4947,0.02556655536037327,0.318457219692061,0.056397749002211076,0.5995784759453546,25,50,10
28,4948,0.025566450582977292,0.31845721969206053,0.05639774845273024,0.5995785812722315,25,50,10
28,4949,0.0255585365005805,0.3184572196920625,0.0563977476895122,0.5995864961178444,25,50,10
28,4950,0.02556435416301591,0.318457219692024,0.05639774495088301,0.5995806811940768,25,50,10
28,4951,0.025564387146189815,0.3184571856024842,0.05639774605656893,0.5995806811947567,25,50,10
28,4952,0.02557105276431451,0.31845051169269334,0.056397754328490535,0.5995806812145011,25,50,10
28,4953,0.025585170068623896,0.31845051169280153,0.0563977630846124,0.5995665551539618,25,50,10
28,4954,0.025579248691231172,0.31845051169272925,0.05639775783403085,0.5995724817820084,25,50,10
28,4955,0.02558524457224902,0.31845051169274674,0.05639775818039701,0.5995664855546067,25,50,10
28,4956,0.02558061097573158,0.3184551445383957,0.05639775892694757,0.5995664855589247,25,50,10
28,4957,0.025580684263941587,0.3184550722166089,0.05639775796120303,0.5995664855582461,25,50,10
28,4958,0.025580576489275923,0.31845507221653846,0.05639775304120343,0.599566598252982,25,50,10
28,4959,0.02557235495293959,0.31845507221645036,0.05639774438902484,0.5995748284415848,25,50,10
28,4960,0.02558619370935898,0.3184550722165382,0.05639775168789555,0.5995609823862071,25,50,10
28,4961,0.025592080937740888,0.31845507221653785,0.05639775163970282,0.5995550952060185,25,50,10
28,4962,0.025586157819416408,0.31845507221652214,0.056397753456252975,0.5995610165078081,25,50,10
28,4963,0.008555561247191569,0.3184550947394309,0.0734279801058192,0.599561363907558,25,50,10
28,4964,0.008551525901732053,0.3184550947394825,0.07342798678515627,0.5995653925736288,25,50,10
28,4965,0.008547426886886778,0.3184591859132453,0.0734279946163701,0.5995653925834973,25,50,10
28,4966,0.0085496625298455,0.3184568939431621,0.07342805092851626,0.5995653925984756,25,50,10
28,4967,0.00855365964699627,0.3184529047834757,0.0734280429807504,0.5995653925887772,25,50,10
28,4968,0.008559829309267466,0.3184529047834739,0.0734280428277704,0.599559223079488,25,50,10
28,4969,0.008559724455658623,0.31845290478345667,0.07342804261688433,0.599559328144,25,50,10
28,4970,0.008560002325216165,0.3184529047834948,0.0734280454236891,0.5995590474675996,25,50,10
28,4971,0.008573943143337167,0.318452904783582,0.07342805167032575,0.5995451004027548,25,50,10
28,4972,0.008565714749449165,0.31846118926761907,0.07342799559055786,0.5995451003923735,25,50,10
28,4973,0.008565457569091465,0.3184611892675425,0.07342799333177301,0.5995453598315923,25,50,10
28,4974,0.00856566869224304,0.31846118926748873,0.07342799221862763,0.5995451498216401,25,50,10
28,4975,0.008563741489853104,0.3184631255838887,0.07342798312875637,0.5995451497975017,25,50,10
28,4976,0.008553780295457229,0.31846312558399653,0.07342798783714923,0.5995551062833975,25,50,10
28,4977,0.004311237191758677,0.3184631033038233,0.07765081323414792,0.5995748462702707,25,50,10
28,4978,0.0043053444873401734,0.318468995699075,0.07765081353880507,0.5995748462747803,25,50,10
28,4979,0.011971335717829257,0.3184689954556596,0.07000490550858432,0.5995547633179273,25,50,10
28,4980,0.011971302761445589,0.31846899545564084,0.07000490412879098,0.599554797654123,25,50,10
28,4981,0.011959101069224059,0.3184689954554921,0.07000488798639873,0.5995670154888855,25,50,10
28,4982,0.01207486022501577,0.3183530543281002,0.07000506992815528,0.5995670155187292,25,50,10
28,4983,0.011973069647949634,0.3184550192222201,0.07000489563160209,0.5995670154982286,25,50,10
28,4984,0.03622404771719673,0.3184550192357534,0.04575392034147353,0.5995670127055767,25,50,10
28,4985,0.03623994958058881,0.31845501923589625,0.04575393112610254,0.5995511000574131,25,50,10
28,4986,0.036239946400311605,0.31845502240428447,0.04575393113782455,0.59955110005758,25,50,10
28,4987,0.03624576720154896,0.3184550224042463,0.04575392834453946,0.5995452820496656,25,50,10
28,4988,0.036245870200280056,0.31845502240426315,0.045753928523446445,0.5995451788720104,25,50,10
28,4989,0.03624586952900461,0.3184550224042638,0.04575392862987385,0.5995451794368578,25,50,10
28,4990,0.036239881258617414,0.31845502240424656,0.04575392830804245,0.5995511680290937,25,50,10
28,4991,0.03625192465893565,0.31845502240430135,0.045753955301272596,0.5995390976354907,25,50,10
28,4992,0.036252490920944715,0.31845425770193964,0.04575415372177912,0.5995390976553369,25,50,10
28,4993,0.036252594135560985,0.31845425770192365,0.04575415353304235,0.5995389946294734,25,50,10
28,4994,0.03673433779224419,0.318454257710407,0.04575479757632789,0.5990566069210217,25,50,10
28,4995,0.03673037797273803,0.3184542577102305,0.04575478483209456,0.5990605794849375,25,50,10
28,4996,0.03685801331312745,0.31832618716275646,0.04575521943055584,0.5990605800935608,25,50,10
28,4997,0.03552006463321001,0.31966479919798846,0.04575455665603476,0.5990605795127675,25,50,10
28,4998,0.0357305167836162,0.319664799198128,0.04575490068706765,0.5988497833311887,25,50,10
28,4999,0.035730517441133404,0.3196647982383057,0.04575490098461485,0.5988497833359469,25,50,10
28,5000,0.035730621893469844,0.319664687894668,0.045754906851518944,0.598849783360344,25,50,10
28,5001,0.0357301956133849,0.3196653112166528,0.04575470982445116,0.598849783345512,25,50,10
28,5002,0.03573019374839866,0.3196653134364681,0.045754709474380074,0.5988497833407539,25,50,10
28,5003,0.03573018308788786,0.3196653134366796,0.04575472904590819,0.598849774429525,25,50,10
28,5004,0.035730184441625894,0.31966531343667987,0.045754730429602423,0.5988497716920924,25,50,10
28,5005,0.03573607033402548,0.31965942720089485,0.04575473076831631,0.598849771696764,25,50,10
28,5006,0.03574196062292163,0.31965942720089674,0.045757008910251286,0.598841603265931,25,50,10
28,5007,0.03572815971572378,0.31965942720086393,0.04575700564191145,0.5988554074415016,25,50,10
28,5008,0.035729947060541056,0.31965763840696043,0.0457570071057947,0.5988554074267046,25,50,10
28,5009,0.035723815189574785,0.3196576384069779,0.04575700535637438,0.5988615410470735,25,50,10
28,5010,0.035596506110887424,0.31978538041380034,0.04575657301236533,0.5988615404629473,25,50,10
28,5011,0.03559650386803149,0.3197853796043864,0.045756576069059064,0.5988615404585235,25,50,10
28,5012,0.035386052928090606,0.31978537960420994,0.045756231748597685,0.5990723357191022,25,50,10
28,5013,0.035387985810472894,0.31978537960431636,0.04575624059343746,0.5990703939917739,25,50,10
28,5014,0.0353880458249495,0.3197853170748419,0.04575624309424496,0.599070394005964,25,50,10
28,5015,0.034892360843763105,0.3197853170662708,0.045755592740347566,0.5995667293496189,25,50,10
28,5016,0.03489180189302293,0.31978588275844155,0.04575558602349071,0.5995667293250451,25,50,10
28,5017,0.03488584309401472,0.31978588275842523,0.04575558687219834,0.5995726872753618,25,50,10
28,5018,0.034891867306737934,0.31978588275846087,0.04575558849616189,0.5995666614386396,25,50,10
28,5019,0.03500787960585897,0.31978588275865993,0.045755886061092974,0.5994503515743885,25,50,10
28,5020,0.035007845213141764,0.3197858827586236,0.04575588340662352,0.5994503886216116,25,50,10
28,5021,0.034995847436980296,0.3197978832796936,0.045755880670515926,0.5994503886128107,25,50,10
28,5022,0.03499578233713965,0.31979795113707604,0.04575587792282881,0.5994503886029561,25,50,10
28,5023,0.0349957854803394,0.3197979480166274,0.04575587790007657,0.5994503886029573,25,50,10
28,5024,0.03498194788899107,0.319797948016543,0.04575587092306708,0.5994642331713996,25,50,10
28,5025,0.0349838428712096,0.3197960468657822,0.0457558770822555,0.5994642331807535,25,50,10
28,5026,0.034983840439315635,0.319796046865781,0.045755876984334344,0.5994642357105698,25,50,10
28,5027,0.034983841029611856,0.31979604686554974,0.045755857289113654,0.5994642548157255,25,50,10
28,5028,0.03498997570811388,0.319796046865531,0.045755857871768744,0.5994581195545873,25,50,10
28,5029,0.034983988069089714,0.3197960468655144,0.04575585783098503,0.5994641072344116,25,50,10
28,5030,0.03498998274961488,0.3197960468654975,0.04575585910662855,0.5994581112782598,25,50,10
28,5031,0.034989735282991194,0.3197960468655137,0.045755858288527254,0.5994583595629678,25,50,10
28,5032,0.03498976611000579,0.319796046865549,0.04575585839029255,0.5994583286341526,25,50,10
28,5033,0.034989831219575177,0.3197959787999154,0.04575586133633239,0.5994583286441771,25,50,10
28,5034,0.03498955455146835,0.3197959787998791,0.045755858678186045,0.5994586079704667,25,50,10
28,5035,0.034873542242097655,0.31979597879967964,0.0457555610725783,0.5995749178856444,25,50,10
28,5036,0.034867624628711555,0.31979597879966315,0.0457555613053602,0.599580835266265,25,50,10
28,5037,0.03486759178880379,0.3197960037877834,0.045755569147620315,0.5995808352757925,25,50,10
28,5038,0.03486783744215347,0.3197733582958306,0.045777968990800805,0.599580835271215,25,50,10
28,5039,0.034865556917183585,0.3197733582959885,0.04577797931851421,0.5995831054683135,25,50,10
28,5040,0.0348713752739222,0.31976754273592395,0.04577797653628808,0.5995831054538656,25,50,10
28,5041,0.03487726309904901,0.3197675427359236,0.0457779765444721,0.599577217620555,25,50,10
28,5042,0.03487151292142152,0.31976754273594216,0.04577797787768795,0.5995829664649482,25,50,10
28,5043,0.034873441401392896,0.31976754273601093,0.04577798281639697,0.5995810330461989,25,50,10
28,5044,0.03486748400904575,0.31977349929096177,0.045777983658304634,0.5995810330416875,25,50,10
28,5045,0.035335894049882716,0.31977349929098375,0.045778241602627674,0.5991123650565056,25,50,10
28,5046,0.035334053910762525,0.3197753427854397,0.04577823823848425,0.5991123650653134,25,50,10
28,5047,0.03533405518198417,0.31977534278543807,0.04577823671050726,0.5991123653220704,25,50,10
28,5048,0.03533405097042877,0.31979774372462794,0.04575583998280926,0.599112365322134,25,50,10
28,5049,0.03533604536138168,0.31979774372473335,0.045755846297637716,0.5991103646162471,25,50,10
28,5050,0.03534010414159289,0.3197977437248405,0.04575585997709103,0.5991062921564757,25,50,10
28,5051,0.035336198093988615,0.3198016116550176,0.04575589807016071,0.5991062921808331,25,50,10
28,5052,0.0353359054415822,0.3198019057400924,0.04575589666199357,0.5991062921563318,25,50,10
28,5053,0.03533607549144147,0.3198019057401649,0.04575589998296923,0.5991061187854242,25,50,10
28,5054,0.03532997903270563,0.3198019057401639,0.04575589993747403,0.5991122152896557,25,50,10
28,5055,0.03532377745401555,0.3198081096195747,0.045755897636829274,0.5991122152895797,25,50,10
28,5056,0.03531781800085507,0.31980810961955625,0.04575589936578673,0.5991181730138012,25,50,10
28,5057,0.03533165456758218,0.3198081096196085,0.0457559050797579,0.5991043307330507,25,50,10
28,5058,0.0348592877828198,0.31980810961942924,0.045755634800807826,0.5995769677969425,25,50,10
28,5059,0.03485942733489418,0.31980810961944856,0.045755636223311455,0.5995768268223451,25,50,10
28,5060,0.03487938933643825,0.31978815274986017,0.045755631091119596,0.5995768268225815,25,50,10
28,5061,0.03488335633018523,0.3197841153075516,0.04575570151549685,0.5995768268467662,25,50,10
28,5062,0.04058341313798025,0.3197841161952335,0.04005562486575842,0.5995768458010275,25,50,10
28,5063,0.04057924666463742,0.3197841161952858,0.04005562955060124,0.5995810075894752,25,50,10
28,5064,0.04059367664258539,0.3197696539201997,0.04005566183741474,0.5995810075998,25,50,10
28,5065,0.04058741253513541,0.3197696539202144,0.04005566287058396,0.5995872706740658,25,50,10
28,5066,0.040565140596251215,0.31976983166263073,0.0400777570962497,0.5995872706448676,25,50,10
28,5067,0.040560973984082684,0.31976983166268236,0.04007776176469315,0.5995914325885415,25,50,10
28,5068,0.04060872856611571,0.3197696539236632,0.04003018489722506,0.5995914326129956,25,50,10
28,5069,0.04062098924393388,0.31976965392371887,0.04003018800179358,0.5995791688305534,25,50,10
28,5070,0.04062123226600284,0.31976965392384643,0.040030219193815594,0.599578894616335,25,50,10
28,5071,0.0406432924052632,0.3197475222088811,0.040030290216393524,0.5995788951694621,25,50,10
28,5072,0.040629355478857127,0.31974752220875874,0.040030259366961876,0.5995928629454218,25,50,10
28,5073,0.040631355387166425,0.31974551428953796,0.04003026735372476,0.59959286296957,25,50,10
28,5074,0.04063742048803263,0.3197455142895379,0.040030265272713576,0.5995867999497151,25,50,10
28,5075,0.04065962310743109,0.3197455142946708,0.040030310060963845,0.5995645525369335,25,50,10
28,5076,0.040773465358189605,0.319631527775115,0.04003045433414643,0.5995645525325481,25,50,10
28,5077,0.04077542546939519,0.3196315277752013,0.04003046035785223,0.5995625863975503,25,50,10
28,5078,0.040893023306668885,0.3196315277794331,0.04003082432464068,0.5994446245892568,25,50,10
28,5079,0.04087907939897248,0.3196315277793639,0.04003081837231113,0.5994585744493519,25,50,10
28,5080,0.04087351363584959,0.31963152777950943,0.04003082592199004,0.5994641326626504,25,50,10
28,5081,0.040873680236722526,0.31963143796994803,0.040030749164303624,0.5994641326290254,25,50,10
28,5082,0.04087960653855147,0.3196314379699637,0.04003074625739992,0.5994582092340848,25,50,10
28,5083,0.04088535067517836,0.31963143796994337,0.04003074687026395,0.5994524644846142,25,50,10
28,5084,0.04088948901593366,0.3196314379698564,0.040030740633038596,0.5994483323811711,25,50,10
28,5085,0.04077760656554743,0.31974345861917247,0.04003060242003231,0.5994483323952475,25,50,10
28,5086,0.040786216441306575,0.31974345861928344,0.040030610530731287,0.5994397144086786,25,50,10
28,5087,0.04077185812971223,0.3197578501240635,0.04003057734327925,0.5994397144029449,25,50,10
28,5088,0.04078614058990179,0.3197578501273641,0.040030821307075574,0.5994251879756582,25,50,10
28,5089,0.0806678757356091,0.3197578501292536,0.00012177355099426367,0.5994525005841425,25,50,10
28,5090,0.08066602168774388,0.31975785012918545,0.00012176765698913824,0.5994543605260813,25,50,10
28,5091,0.08052660009684151,0.3197578501248292,0.00012139177466932778,0.5995941580036596,25,50,10
28,5092,0.08099465947397938,0.3192896039250423,0.00012157861158132091,0.5995941579893966,25,50,10
28,5093,0.08099462675439474,0.31928960392504147,0.00012157848095132894,0.5995941908396125,25,50,10
28,5094,0.08099487175944445,0.3192896039248826,0.00012155796810785974,0.5995939663475651,25,50,10
28,5095,0.0809785599259723,0.31930598869962223,0.00012148558490118031,0.5995939657895043,25,50,10
28,5096,0.04270706909948462,0.31930598910496966,0.03842028860509332,0.5995666531904529,25,50,10
28,5097,0.04271323552725431,0.3192998187229538,0.038420292563766306,0.5995666531860262,25,50,10
28,5098,0.042719017481858794,0.3192940350660267,0.03842029426557651,0.5995666531865383,25,50,10
28,5099,0.042750638841843894,0.3192623934597476,0.038420314473465576,0.5995666532249433,25,50,10
28,5100,0.04111353754631732,0.31926239311838367,0.040057416079708065,0.5995666532555911,25,50,10
28,5101,0.04110761934255027,0.31926831168341374,0.040057415713419475,0.5995666532606165,25,50,10
28,5102,0.04110761929965885,0.31926831168341346,0.040057415663006045,0.5995666533539213,25,50,10
28,5103,0.04111375873810266,0.31926831168339936,0.04005741745640067,0.5995605121220967,25,50,10
28,5104,0.041122309989833815,0.3192683116834736,0.040057512602304474,0.5995518657243875,25,50,10
28,5105,0.04110010993060686,0.31926831167824793,0.04005743825511057,0.5995741401360337,25,50,10
28,5106,0.041100112433850165,0.3192683083474018,0.0400574390731901,0.5995741401455572,25,50,10
28,5107,0.041100358553231645,0.31926830834747283,0.04005744325423215,0.5995738898450627,25,50,10
28,5108,0.04110599922551244,0.3192683083504682,0.04005749227306058,0.5995682001509585,25,50,10
28,5109,0.04109771056689624,0.31926830834718545,0.04005724860609309,0.5995767324798248,25,50,10
28,5110,0.0410890491236048,0.31926830834712905,0.04005715377607819,0.5995854887531877,25,50,10
28,5111,0.04108305562077279,0.31927430186509836,0.04005715376093935,0.5995854887531893,25,50,10
28,5112,0.04113611164040474,0.3192743017957609,0.040004097860534514,0.5995854887032995,25,50,10
28,5113,0.04110476815115142,0.3193056639314624,0.040004079228338416,0.5995854886890473,25,50,10
28,5114,0.04109908552493658,0.31931134313094467,0.04000408264959446,0.599585488694524,25,50,10
28,5115,0.04108497178822754,0.31931134313083687,0.04000407384865844,0.599599611232277,25,50,10
28,5116,0.04109292136590578,0.3193033875273206,0.04000407986497977,0.5995996112417937,25,50,10
28,5117,0.041096632527444374,0.31930338752744325,0.04000409056585041,0.599595889379262,25,50,10
28,5118,0.0410907474032747,0.31930338752744236,0.04000409046151008,0.5996017746077729,25,50,10
28,5119,0.03722025147849452,0.31930338686460674,0.04382581993985719,0.5996505417170422,25,50,10
28,5120,0.037220613341885624,0.3193030225674653,0.04382582237860979,0.5996505417120397,25,50,10
28,5121,0.037228283658565606,0.31930302256741044,0.04382582028302684,0.5996428734909978,25,50,10
28,5122,0.037218168532297896,0.31931315039331265,0.04382580759379235,0.5996428734805977,25,50,10
28,5123,0.037224120273718075,0.31931315039334984,0.04382581025834952,0.5996369190745833,25,50,10
28,5124,0.03722619214229467,0.3193131503932625,0.04382580217545863,0.5996348552889849,25,50,10
28,5125,0.03723831132102744,0.3193131503932487,0.043825801745247916,0.5996227365404768,25,50,10
28,5126,0.03722213197276978,0.31931315039005503,0.04382573942332201,0.599638978213854,25,50,10
28,5127,0.0372278749245303,0.31931315039000085,0.043825735465272825,0.599633239220197,25,50,10
28,5128,0.03721431232173458,0.31931315038998426,0.04382573240600452,0.5996468048822774,25,50,10
28,5129,0.03721396308466796,0.31931315038993047,0.043825735920949134,0.5996471506044533,25,50,10
28,5130,0.037217936718293015,0.31930909438875704,0.04382581800190005,0.5996471508910508,25,50,10
28,5131,0.040586727909057325,0.319309105888269,0.040505645882897845,0.5995985203197768,25,50,10
28,5132,0.040586728482393745,0.31930910588827177,0.04050564960109984,0.5995985160282357,25,50,10
28,5133,0.04057863644355497,0.31930910588820016,0.040505642909444875,0.5996066147588008,25,50,10
28,5134,0.04010669260187389,0.31978125146587166,0.040505441188512556,0.5996066147437428,25,50,10
28,5135,0.04018165949999806,0.3197812514799234,0.04043047424409047,0.5996066147759883,25,50,10
28,5136,0.04020344886742518,0.31975945162940816,0.0404304847177453,0.5996066147854215,25,50,10
28,5137,0.04018165952155172,0.3197812513482154,0.04043047435407139,0.5996066147761616,25,50,10
28,5138,0.04018166323957096,0.3197812513482132,0.040430474211664125,0.5996066112005518,25,50,10
28,5139,0.040648035040686974,0.3197812398826022,0.0399642525302881,0.5996064725464225,25,50,10
28,5140,0.04064799985514588,0.31978123988281526,0.03996427083292455,0.5996064894291142,25,50,10
28,5141,0.040647864740330115,0.31978123988283186,0.03996426950080453,0.5996066258760334,25,50,10
28,5142,0.040653888900954636,0.3197812398829009,0.039964271031324675,0.5996006001848196,25,50,10
28,5143,0.04065999044280177,0.31978123988281326,0.03996426992304782,0.5995944997513364,25,50,10
28,5144,0.0406599922406162,0.31978123988284995,0.039964276185136156,0.5995944916913969,25,50,10
28,5145,0.040649663851921834,0.31979165533125864,0.03996418941705355,0.5995944913997653,25,50,10
28,5146,0.0406576241129775,0.31979165533129306,0.03996419669001982,0.5995865238657088,25,50,10
28,5147,0.04065762172780591,0.31979165533129367,0.03996419671702674,0.5995865262238729,25,50,10
28,5148,0.04065772612684359,0.3197916553313293,0.039964197285303385,0.5995864212565231,25,50,10
28,5149,0.040657726013769845,0.31979165543772603,0.03996419729189888,0.5995864212566047,25,50,10
28,5150,0.04065768631827291,0.3197916554377088,0.039964203170739246,0.5995864550732785,25,50,10
28,5151,0.040651689670500216,0.31979165543763843,0.039964199919457495,0.5995924549724033,25,50,10
28,5152,0.04066566324088257,0.3197776683657479,0.03996421341596526,0.5995924549774037,25,50,10
28,5153,0.04067389531878725,0.3197776683659437,0.03996461188549238,0.5995838244297756,25,50,10
28,5154,0.04065981381960834,0.3197917636724376,0.03996459808786227,0.5995838244200907,25,50,10
28,5155,0.040660023325791786,0.3197917636724551,0.03996459938688471,0.5995836136148672,25,50,10
28,5156,0.04065195511602328,0.319791763672385,0.03996459228809927,0.5995916889234916,25,50,10
28,5157,0.04718232147862137,0.3197917643669508,0.03343172149932894,0.5995941926550983,25,50,10
28,5158,0.04720421761387644,0.3197917643671096,0.03343173290304838,0.5995722851159647,25,50,10
28,5159,0.04719041417719374,0.31980557327945325,0.03343172744149894,0.5995722851018536,25,50,10
28,5160,0.04718242690765721,0.3198055732793819,0.03343172141504816,0.5995802783979122,25,50,10
28,5161,0.04717643488373522,0.31980557327936343,0.03342944303747487,0.5995885487994261,25,50,10
28,5162,0.04716995271307458,0.3198120590159403,0.03342943949571446,0.5995885487752705,25,50,10
28,5163,0.047161575790853255,0.3198120590157417,0.03342903899954083,0.5995973261938643,25,50,10
28,5164,0.0471656206989501,0.31980804844964045,0.03342900466286468,0.5995973261885449,25,50,10
28,5165,0.047188308856072086,0.3197852470047632,0.033429117949831236,0.5995973261893336,25,50,10
28,5166,0.047188552893075074,0.31978524700474625,0.03342911975002508,0.5995970803521539,25,50,10
28,5167,0.047188654088646594,0.3197852470047625,0.03342911994776887,0.5995969789588222,25,50,10
28,5168,0.04718868894199932,0.31978524700483385,0.03342912491272709,0.59959693914044,25,50,10
28,5169,0.047190547937233214,0.3197852470049045,0.03342913096190029,0.5995950740959622,25,50,10
28,5170,0.047196748203847394,0.31978524700490474,0.03342912546149777,0.5995888793297504,25,50,10
28,5171,0.047190546082651004,0.3197852470049057,0.033429124553801294,0.5995950823586422,25,50,10
28,5172,0.0471886942022762,0.31978709364584096,0.03342912981184834,0.5995950823400347,25,50,10
28,5173,0.04718866089649029,0.31978709364584057,0.033429128726404606,0.5995951167312646,25,50,10
28,5174,0.04718872694103951,0.319787093645912,0.03342913395752834,0.5995950454555208,25,50,10
28,5175,0.047184537315553554,0.3197870936458797,0.03342916255809342,0.5995992064804739,25,50,10
28,5176,0.04721880365587018,0.3197870936492234,0.03342943504458315,0.5995646676503239,25,50,10
28,5177,0.047218944586873556,0.31978694665660246,0.03342944110627608,0.5995646676502485,25,50,10
28,5178,0.04734903563303391,0.31978694638629657,0.03329936905291017,0.59956464892776,25,50,10
28,5179,0.04757962174568378,0.3195560055129699,0.03329972378425004,0.5995646489570968,25,50,10
28,5180,0.047591602567768766,0.31955600551302277,0.0332997276397391,0.59955266427947,25,50,10
28,5181,0.048026887181314086,0.3195560055139604,0.03329981824848669,0.5991172890562394,25,50,10
28,5182,0.04803294689907291,0.31954994400056186,0.03329982004387795,0.5991172890564879,25,50,10
28,5183,0.048032771089098224,0.3195499440006166,0.033299818766578455,0.5991174661437071,25,50,10
28,5184,0.04803851598354684,0.31954420523572424,0.03329981263737745,0.5991174661433519,25,50,10
28,5185,0.048032851009771116,0.3195442052356357,0.03329980882238049,0.5991231349322133,25,50,10
28,5186,0.04803281897854962,0.319544238735572,0.033299807358764526,0.5991231349271144,25,50,10
28,5187,0.04803453446490126,0.3195425328327321,0.03329979777586108,0.5991231349265063,25,50,10
28,5188,0.0480404230211416,0.3195425328327483,0.03329979894557566,0.599117245200535,25,50,10
28,5189,0.048038408109482636,0.3195425328329108,0.03329988682040586,0.5991191722372012,25,50,10
28,5190,0.04850203626561036,0.31954253283733275,0.033300260067851487,0.5986551708292057,25,50,10
28,5191,0.04849615096098506,0.31954841843741466,0.03330025977714111,0.5986551708244595,25,50,10
28,5192,0.04849224344895762,0.3195484184371976,0.03330016794952741,0.5986591701643177,25,50,10
28,5193,0.048498204696580366,0.319542458394076,0.03330016674519189,0.5986591701641519,25,50,10
28,5194,0.04850618184125054,0.3195344512551708,0.033300196738900306,0.5986591701646786,25,50,10
28,5195,0.04850604590702277,0.31953445125510044,0.03330019165472511,0.5986593111831522,25,50,10
28,5196,0.048281381721718065,0.31975947260506316,0.03329983451965629,0.5986593111535632,25,50,10
28,5197,0.04827263695284711,0.31976832378040393,0.03329972809485005,0.5986593111718994,25,50,10
28,5198,0.048269272942760955,0.31976832378051534,0.03329973618938166,0.5986626670873426,25,50,10
28,5199,0.048269303433688876,0.3197683237805338,0.03329973751476067,0.5986626352710172,25,50,10
28,5200,0.04780574487329184,0.31976832377618036,0.03329936858407964,0.5991265627664485,25,50,10
28,5201,0.047801227820931824,0.3197683237760352,0.03329935710347048,0.5991310912995628,25,50,10
28,5202,0.04780126691632877,0.31976827747417497,0.03329936428076453,0.5991310913287321,25,50,10
28,5203,0.04780122008732184,0.31976827747415426,0.033299362804534736,0.5991311396339897,25,50,10
28,5204,0.047627065263645685,0.31976829454294714,0.033473138033221064,0.5991315021601864,25,50,10
28,5205,0.04761897387494725,0.31977639373653544,0.03347313024761174,0.599131502140906,25,50,10
28,5206,0.04761897589490977,0.31977639373653455,0.033473130163200346,0.5991315002053557,25,50,10
28,5207,0.04629796005371551,0.31977638044346224,0.0347357643599095,0.5991898951429131,25,50,10
28,5208,0.04629238998968263,0.3197763804433049,0.03473575015806901,0.5991954794089439,25,50,10
28,5209,0.04630027171362454,0.3197684946382562,0.03473575422998989,0.5991954794181301,25,50,10
28,5210,0.046300305972306076,0.3197684586557105,0.03473575594426247,0.5991954794277217,25,50,10
28,5211,0.04630029967527169,0.31976845865571024,0.03473575598674077,0.599195485682278,25,50,10
28,5212,0.01781339828304699,0.31976961946658805,0.06327811968139298,0.5991388625689722,25,50,10
28,5213,0.01780937310775355,0.31976961946667676,0.06327812706988048,0.5991428803556896,25,50,10
28,5214,0.017823312052348158,0.3197696194667637,0.06327813329795023,0.5991289351829383,25,50,10
28,5215,0.01783126682909708,0.31976961946690474,0.0632781443844297,0.5991209693195692,25,50,10
28,5216,0.017829281397862873,0.3197716346962196,0.06327811458688455,0.5991209693190336,25,50,10
28,5217,0.01736173545021302,0.31977163469187064,0.06327777012820718,0.5995888597297093,25,50,10
28,5218,0.017355992057992656,0.31977737078233665,0.0632777774197348,0.5995888597399361,25,50,10
28,5219,0.017348291609076204,0.3197773707821787,0.06327777007460524,0.5995965675341401,25,50,10
28,5220,0.01736198756341382,0.31976367605150036,0.06327776885173374,0.5995965675333523,25,50,10
28,5221,0.017356068652902377,0.31976367605148287,0.06327776758375016,0.5996024877118649,25,50,10
28,5222,0.01735600028741794,0.31976368805705946,0.06327782394357093,0.599602487711952,25,50,10
28,5223,0.017353933218122987,0.3197636880571814,0.06327783469089057,0.5996045440338057,25,50,10
28,5224,0.017359895880887516,0.319763688057146,0.06327783309856166,0.5995985829634055,25,50,10
28,5225,0.017346057896031986,0.3197636880570225,0.06327782318993819,0.5996124308570078,25,50,10
28,5226,0.017361893619229126,0.31976368805716293,0.06327783937057035,0.5995965789530379,25,50,10
28,5227,0.017839364607020763,0.31976368806154865,0.06327821507112526,0.5991187322603055,25,50,10
28,5228,0.01784364149440108,0.3197591215709177,0.06327850462571732,0.5991187323089642,25,50,10
28,5229,0.03893304313470609,0.3197579572477823,0.042192368707741776,0.59911663090977,25,50,10
28,5230,0.038937092657092914,0.3197579572477783,0.042192337490766486,0.5991126126043622,25,50,10
28,5231,0.03893338152089731,0.3197579572476554,0.04219232671257341,0.5991163345188738,25,50,10
28,5232,0.032411362111401915,0.31975795654327804,0.048716850016280074,0.5991138313290406,25,50,10
28,5233,0.032417106861539494,0.3197579565432414,0.04871684732658605,0.5991080892686337,25,50,10
28,5234,0.032416749718948576,0.3197579565432372,0.04871682349811497,0.5991084702396998,25,50,10
28,5235,0.03241685711914222,0.3197578509662646,0.04871682168925956,0.5991084702253345,25,50,10
28,5236,0.03241072471112964,0.3197578509662812,0.048716819875681,0.599114604446909,25,50,10
28,5237,0.032410762333257175,0.31975785096628345,0.04871682100702022,0.5991145656934398,25,50,10
28,5238,0.032404806369481794,0.31975785096624776,0.04871681836415023,0.5991205243001207,25,50,10
28,5239,0.0022340995827296937,0.3197578507220785,0.07873389056062302,0.5992741591345693,25,50,10
28,5240,0.0022341012312446866,0.31975785072207724,0.0787338904353616,0.599274157611317,25,50,10
28,5241,0.0022558856348252098,0.31975785072219876,0.07873390117377163,0.5992523624692051,25,50,10
28,5242,0.0022498594586416124,0.319763874229035,0.07873390387219714,0.5992523624401271,25,50,10
28,5243,0.0022496144209786326,0.31976387422899966,0.0787339022859603,0.5992526090640622,25,50,10
28,5244,0.00226781109269905,0.3197455649166175,0.07873401463967518,0.599252609351009,25,50,10
28,5245,0.002273798248173976,0.3197395876357573,0.07873400476515019,0.5992526093509192,25,50,10
28,5246,0.002273865242576817,0.3197395876357942,0.07873400747479234,0.5992525396468372,25,50,10
28,5247,0.0022659090435091472,0.31974754944803546,0.07873400186637884,0.5992525396420775,25,50,10
28,5248,0.002271642646876965,0.31974754944806955,0.07873400171168407,0.5992468061933703,25,50,10
28,5249,0.0024273390128073894,0.31974754945351264,0.07873451711947962,0.5990905944142013,25,50,10
28,5250,0.0024213541221535834,0.3197475494535506,0.07873451940905409,0.5990965770152425,25,50,10
28,5251,0.002429450378157735,0.31973944655968917,0.07873452604173103,0.5990965770204231,25,50,10
28,5252,0.0022757132709352377,0.3197394465543152,0.0787340165878603,0.5992508235868902,25,50,10
28,5253,0.0023890697665060767,0.3197394465544917,0.0787342711401422,0.599137212538861,25,50,10
28,5254,0.025748229616944278,0.3197394465354545,0.055528778743639366,0.5989835451039629,25,50,10
28,5255,0.02576221064258636,0.3197394465355441,0.055528786143499126,0.5989695566783709,25,50,10
28,5256,0.025768517958970238,0.3197394465355453,0.05552878300862523,0.5989632524968592,25,50,10
28,5257,0.02565502135842209,0.3197394465353325,0.055528525805338486,0.599077006300907,25,50,10
28,5258,0.035422526205206875,0.3197394479683925,0.04561959453735419,0.5992184312890465,25,50,10
28,5259,0.035416498289963017,0.3197451392718395,0.04561993114914529,0.5992184312890522,25,50,10
28,5260,0.040312714118066396,0.3197451384362052,0.04086493085373582,0.5990772165919925,25,50,10
28,5261,0.04030672072426723,0.31975113207581773,0.040864930607668805,0.5990772165922461,25,50,10
28,5262,0.04031074348460159,0.31975113207571154,0.040864921953096836,0.5990732024865904,25,50,10
28,5263,0.04031482565753919,0.3197511320757343,0.040864956167627316,0.5990690860990996,25,50,10
28,5264,0.039831638303943366,0.3197511320714036,0.04086458347618112,0.5995526461484718,25,50,10
28,5265,0.04062429163689107,0.3197511426647327,0.040072074841710804,0.5995524908566652,25,50,10
28,5266,0.04061802355795634,0.31975114266474713,0.040072072049327875,0.5995587617279685,25,50,10
28,5267,0.04061787739416813,0.31975114266474747,0.040072068003483785,0.5995589119376006,25,50,10
28,5268,0.0406240385877888,0.31975114266478494,0.04007207070366265,0.5995527480437635,25,50,10
28,5269,0.04062414728429427,0.31975114266476806,0.040072070450533265,0.5995526396004043,25,50,10
28,5270,0.040628246636863104,0.3197511426647708,0.04007206874284972,0.599548541955516,25,50,10
28,5271,0.040618173978439795,0.3197511426647486,0.04007203456962962,0.5995586487871816,25,50,10
28,5272,0.04075745629546615,0.31975114267004356,0.040072478697165514,0.5994189223373241,25,50,10
28,5273,0.04166513308109409,0.31975114267432575,0.040073028435337894,0.5985106958092414,25,50,10
28,5274,0.04166520458605486,0.31975114267428983,0.0400730267772027,0.5985106259624519,25,50,10
28,5275,0.04167287981915122,0.3197511426743048,0.04007302973837411,0.5985029477681689,25,50,10
28,5276,0.0416728823315559,0.3197511426743058,0.04007302982247175,0.5985029451716657,25,50,10
28,5277,0.0416650718158563,0.31975114267427357,0.04007302558282502,0.5985107599270442,25,50,10
28,5278,0.04164644294714534,0.3197511426729557,0.04009165501440271,0.5985107593654948,25,50,10
28,5279,0.041630650182511754,0.31975114267283317,0.04009164507632081,0.5985265620683332,25,50,10
28,5280,0.041090169168363964,0.3197516748661629,0.040631467752136795,0.5985266882133355,25,50,10
28,5281,0.0410842090071676,0.3197516748661988,0.04063146938348156,0.5985326467431512,25,50,10
28,5282,0.041084246802424805,0.3197516748662715,0.040631473663175245,0.5985326046681277,25,50,10
28,5283,0.04107040961307632,0.31975167486620143,0.040631467684510446,0.5985464478362111,25,50,10
28,5284,0.04107005857894531,0.319751674866147,0.04063146575023766,0.5985468008046699,25,50,10
28,5285,0.04108585079857232,0.31975167486632294,0.04063147857178442,0.5985309957633201,25,50,10
28,5286,0.04107778866868467,0.3197597423484453,0.04063147321980648,0.5985309957630638,25,50,10
28,5287,0.041065476087916684,0.3197721675444406,0.040631360891446505,0.5985309954761965,25,50,10
28,5288,0.041324343401414027,0.31977250891243203,0.04036973067324131,0.598533417012913,25,50,10
28,5289,0.04132420536802876,0.319772508912396,0.0403697290543992,0.598533556665176,25,50,10
28,5290,0.04131818157024838,0.31977853426358577,0.040369727510509545,0.5985335566556564,25,50,10
28,5291,0.04132613342252548,0.31977057591464336,0.04036973399272664,0.5985335566701049,25,50,10
28,5292,0.041457653124147974,0.31977057591887315,0.04037009913228788,0.5984016718246913,25,50,10
28,5293,0.04144359939133436,0.3197705759187662,0.040370092479611965,0.598415732210288,25,50,10
28,5294,0.04143950222955778,0.3197705759187815,0.04037009450051242,0.5984198273511491,25,50,10
28,5295,0.041445602058333204,0.3197705759187458,0.040370094941737544,0.5984137270811845,25,50,10
28,5296,0.04144559955998392,0.31977057591874614,0.04037009391703164,0.5984137306042393,25,50,10
28,5297,0.04144581867197312,0.3197705759189444,0.04037025365934568,0.5984133517497378,25,50,10
28,5298,0.04145184155547166,0.3197649453464705,0.04036986134816558,0.5984133517498931,25,50,10
28,5299,0.041312770502221624,0.3197649453411756,0.04036941724161684,0.5985528669149867,25,50,10
28,5300,0.04118549294156556,0.31976494533680405,0.04036904592148125,0.5986805158001498,25,50,10
28,5301,0.04210559509252609,0.31976494540684647,0.040381372921258485,0.59774808657937,25,50,10
28,5302,0.04119829952614326,0.31976494540259937,0.04038082622343968,0.5986559288478187,25,50,10
28,5303,0.04120426119855363,0.3197649454026401,0.04038083263958187,0.5986499607592249,25,50,10
28,5304,0.06798095087720178,0.3197649455461832,0.013604141665841127,0.5986499619107746,25,50,10
28,5305,0.06798102080383543,0.319764945546186,0.013604143866475293,0.5986498897835038,25,50,10
28,5306,0.06797502791269787,0.3197649455462022,0.013604144056723373,0.5986558824843768,25,50,10
28,5307,0.06797674695619699,0.3197632213793478,0.01360414917055064,0.5986558824939049,25,50,10
28,5308,0.06797268462697645,0.3197672787302217,0.013604154139542097,0.5986558825032601,25,50,10
28,5309,0.0679768202185221,0.319763149073289,0.01360414821478917,0.5986558824934001,25,50,10
28,5310,0.0679549258324213,0.31976314907309544,0.01360413428256318,0.5986777908119206,25,50,10
28,5311,0.06795485695335446,0.3197631490730924,0.013604134060965061,0.5986778599125886,25,50,10
28,5312,0.06795477523318165,0.31976314907292874,0.013603975870663391,0.5986780998232267,25,50,10
28,5313,0.06796116474043089,0.31976314907298514,0.013603977042851158,0.5986717091437334,25,50,10
28,5314,0.06795321521440947,0.3197711045548265,0.013603971096297273,0.5986717091344674,25,50,10
28,5315,0.06796353935770551,0.31977110455896685,0.013604082232934283,0.5986612738503942,25,50,10
28,5316,0.06796339478952779,0.3197711045589662,0.013604078085992842,0.5986614225655136,25,50,10
28,5317,0.0684530200163133,0.3197711045591929,0.013604298164375308,0.5981715772601189,25,50,10
28,5318,0.06845315953829681,0.3197709603539375,0.013604302852406826,0.5981715772553595,25,50,10
28,5319,0.0688209556661475,0.31977096035825214,0.013604881721246662,0.5978032022543542,25,50,10
28,5320,0.06881496530680799,0.3197709603582688,0.01360488194151605,0.5978091923934076,25,50,10
28,5321,0.06881938152941569,0.3197665478085468,0.013604878277896984,0.5978091923841411,25,50,10
28,5322,0.06881342314070643,0.31977250531626317,0.013604879158640552,0.5978091923843903,25,50,10
28,5323,0.06880752060359825,0.31977250531205553,0.013604768748443885,0.5978152053359028,25,50,10
28,5324,0.06880752054660479,0.3197725054203263,0.013604768697339452,0.5978152053357298,25,50,10
28,5325,0.06880787475155367,0.31977250542041546,0.013604773219211698,0.5978148466088196,25,50,10
28,5326,0.06881379543772233,0.319772505420433,0.013604774520616187,0.597808924621229,25,50,10
28,5327,0.06881782379712956,0.3197684360478735,0.013604815509445489,0.5978089246455519,25,50,10
28,5328,0.0684554917473485,0.3197684360434669,0.013604229872979268,0.5981718423362059,25,50,10
28,5329,0.06844165401233317,0.31978227980829627,0.013604223852760732,0.5981718423266104,25,50,10
28,5330,0.06844165461459548,0.3197822798082966,0.01360422387873284,0.5981718416983756,25,50,10
28,5331,0.0684416245859313,0.3197822798082809,0.01360422271910609,0.598171872886682,25,50,10
28,5332,0.06843552767097086,0.3197883805995574,0.013604218842614882,0.5981718728868572,25,50,10
28,5333,0.06844937627234793,0.3197745180335656,0.013604231944596505,0.5981718737494903,25,50,10
28,5334,0.06845929370186225,0.31976463531062255,0.01360419724798289,0.5981718737395326,25,50,10
28,5335,0.06753319867587129,0.31976463524061366,0.013591872678705126,0.5991102934048103,25,50,10
28,5336,0.06752695299829305,0.3197646352406469,0.013591874949717166,0.599116536811343,25,50,10
28,5337,0.06752694220761057,0.3197646543874643,0.013591867451460465,0.5991165359534648,25,50,10
28,5338,0.06753286176914541,0.31976465438748314,0.013591869783074934,0.5991106140602969,25,50,10
28,5339,0.06753258107353943,0.31976465438741086,0.01359190446030562,0.5991108600787444,25,50,10
28,5340,0.06753279318837638,0.319764654387375,0.013591902970174343,0.5991106494540746,25,50,10
28,5341,0.06752701434318706,0.3197646543873763,0.013591903021348817,0.5991164282480882,25,50,10
28,5342,0.06753286832325005,0.31975880145013574,0.013591901978700966,0.5991164282479137,25,50,10
28,5343,0.06703917421692816,0.31975880144999375,0.013591685575223288,0.5996103387578553,25,50,10
28,5344,0.06703902698283452,0.3197588014499743,0.013591679603931667,0.5996104919632599,25,50,10
28,5345,0.0670331416072218,0.3197646866153723,0.013591679813800267,0.599610491963606,25,50,10
28,5346,0.0670328941219875,0.31976468661538826,0.013591678968647335,0.5996107402939773,25,50,10
28,5347,0.06703114751214674,0.3197646866153533,0.01359167550730716,0.5996124903651932,25,50,10
28,5348,0.06702540163236405,0.3197646866153727,0.013591676940488222,0.5996182348117755,25,50,10
28,5349,0.06703115059370608,0.3197646866153549,0.01359167562923807,0.5996124871617013,25,50,10
28,5350,0.06704715481682903,0.31974859302293607,0.013591764702911475,0.5996124874573239,25,50,10
28,5351,0.06704119913071091,0.31974859302291947,0.013591767626038531,0.5996184402203315,25,50,10
28,5352,0.06704098017575907,0.3197485930228126,0.013591761865691731,0.5996186649357369,25,50,10
28,5353,0.06703149063552488,0.3197266173262552,0.013623227082460705,0.5996186649557594,25,50,10
28,5354,0.06703761910688111,0.31972661732623764,0.013623227796943147,0.5996125357699382,25,50,10
28,5355,0.06705951254249,0.3197047129973851,0.013623238671330464,0.5996125357887947,25,50,10
28,5356,0.0670657202829432,0.31970471299738484,0.013623240666784135,0.5996063260528881,25,50,10
28,5357,0.06706533842445979,0.3197047129973314,0.013623237719800596,0.5996067108584087,25,50,10
28,5358,0.06705913113791237,0.3197047129973314,0.01362323670974233,0.5996129191550144,25,50,10
28,5359,0.06705663475478513,0.31973867495150254,0.013591771163648679,0.5996129191300641,25,50,10
28,5360,0.06706455444953414,0.31973035787657195,0.013592168543996992,0.5996129191298973,25,50,10
28,5361,0.06707051442195427,0.3197303578765895,0.013592165711885883,0.5996069619895708,25,50,10
28,5362,0.06707054498509621,0.31973035787660886,0.013592167113768205,0.5996069300245271,25,50,10
28,5363,0.0670706825683135,0.319730357876627,0.013592128463194363,0.5996068310918657,25,50,10
28,5364,0.06706875479662358,0.31973229063490133,0.01359212348604719,0.5996068310824285,25,50,10
28,5365,0.0670826971878309,0.31973229063502306,0.01359213227214035,0.5995928799050064,25,50,10
28,5366,0.06708879582292712,0.3197322906350776,0.013592233645076049,0.5995866798969199,25,50,10
28,5367,0.06709468128655437,0.31973229063507724,0.013592233648950397,0.5995807944294187,25,50,10
28,5368,0.06709471605661461,0.3197322906351298,0.01359223748887008,0.5995807558193862,25,50,10
28,5369,0.06709436511557051,0.31973229063505776,0.01359213489802164,0.5995812093513507,25,50,10
28,5370,0.0670881303117744,0.3197322906350574,0.01359213389482852,0.59958744515834,25,50,10
28,5371,0.0800686378900829,0.31973229060509717,0.0006116274711074522,0.5995874440337129,25,50,10
28,5372,0.08006835609076016,0.3197325745108061,0.0006116253648924114,0.5995874440335417,25,50,10
28,5373,0.08006247026020834,0.31973846027451724,0.000611625431816581,0.5995874440334583,25,50,10
28,5374,0.08007068719022081,0.31973846027976394,0.0006116852273116256,0.5995791673027042,25,50,10
28,5375,0.08054629723248226,0.3197384602840831,0.0006120563087821929,0.5991031861746534,25,50,10
28,5376,0.04447438630338067,0.3197384611661109,0.036683948472998246,0.5991032040575107,25,50,10
28,5377,0.04446412045487978,0.3197490164314693,0.03668365910470202,0.5991032040089493,25,50,10
28,5378,0.04448614351966579,0.3197267098686125,0.03668394229718559,0.5991032043145368,25,50,10
28,5379,0.04449263662227225,0.319720209661959,0.036683949110186645,0.5991032046055826,25,50,10
28,5380,0.04450048565973125,0.31972020966208226,0.036683958026342604,0.5990953466518444,25,50,10
28,5381,0.044508402779041265,0.3197202096621157,0.03668396143372852,0.5990874261251151,25,50,10
28,5382,0.044494492586134804,0.319734517673276,0.03668356362482286,0.599087426115767,25,50,10
28,5383,0.044490478184895134,0.319734517673399,0.03668357433015541,0.599091429811551,25,50,10
28,5384,0.044490447491960274,0.319734517673399,0.036683575154493275,0.5990914596801475,25,50,10
28,5385,0.04484073535950209,0.3197345176777268,0.03668422613591183,0.5987405208268597,25,50,10
28,5386,0.04531230771453856,0.31973451768200695,0.03668459870938665,0.5982685758940683,25,50,10
28,5387,0.04152094781698359,0.3197345171389589,0.0404759734298346,0.5982685616142233,25,50,10
28,5388,0.04151492833680679,0.319734517138923,0.04047597180177174,0.5982745827224994,25,50,10
28,5389,0.04149325691068,0.3197564675107227,0.04047569313752764,0.5982745824410707,25,50,10
28,5390,0.04149333364410865,0.31975639151897184,0.040475692391241797,0.5982745824456788,25,50,10
28,5391,0.04150944793590794,0.31974025414241664,0.04047571459439509,0.5982745833272812,25,50,10
28,5392,0.04104001692516678,0.3197402541382132,0.04047535750640272,0.5987443714302183,25,50,10
28,5393,0.041039731291327056,0.3197402541381753,0.0404753546449557,0.5987446599255428,25,50,10
28,5394,0.04104579591636555,0.3197402541381759,0.0404753516283614,0.5987385983170977,25,50,10
28,5395,0.04105178244721113,0.3197342679477027,0.04047535129234496,0.5987385983127418,25,50,10
28,5396,0.041057389526479,0.31972866664352156,0.04047534554149798,0.5987385982885021,25,50,10
28,5397,0.04150724451989686,0.3192786242789006,0.04047553377485381,0.5987385974263493,25,50,10
28,5398,0.0415072789436442,0.3192785882094189,0.04047553541123693,0.5987385974357005,25,50,10
28,5399,0.0410355208102443,0.319278588205242,0.040475176564381356,0.5992107144201327,25,50,10
28,5400,0.04104186280098299,0.3192722431140634,0.040475179654703514,0.5992107144302505,25,50,10
28,5401,0.04102988077090923,0.3192722431140809,0.040475180028415825,0.5992226960865944,25,50,10
28,5402,0.041030016361527526,0.31927224311413344,0.04047518286905187,0.5992225576552874,25,50,10
28,5403,0.04101401920874709,0.3192883284861262,0.04047509494545556,0.5992225573596712,25,50,10
28,5404,0.040996511446152795,0.3192883284891641,0.04047515018633694,0.5992400098783467,25,50,10
28,5405,0.04100263926778707,0.3192883284892354,0.040475151512131234,0.5992338807308466,25,50,10
28,5406,0.04100077023618377,0.31928832848911154,0.04047514073666651,0.5992357605380381,25,50,10
28,5407,0.04100055496339497,0.3192885460370518,0.040475138471728685,0.5992357605278246,25,50,10
28,5408,0.04099456151454373,0.31929453958102033,0.04047513837660752,0.5992357605278285,25,50,10
28,5409,0.04100055020880326,0.31929453958100185,0.040475137077434435,0.5992297731327604,25,50,10
28,5410,0.0410005502526167,0.3192945395810034,0.040475137231794134,0.5992297729345857,25,50,10
28,5411,0.04098472237481097,0.3193103794003274,0.04047512530938638,0.5992297729154753,25,50,10
28,5412,0.040992675424417764,0.31930242019697525,0.0404751314535214,0.5992297729250857,25,50,10
28,5413,0.04118145905917959,0.31930153544075063,0.0402898341994634,0.5992271713006062,25,50,10
28,5414,0.041179176050411666,0.31930153500819647,0.040292120140355554,0.5992271688010361,25,50,10
28,5415,0.04119486511765666,0.31930153500835273,0.040292131359156,0.5992114685148343,25,50,10
28,5416,0.04119497054969166,0.3193015350083703,0.040292131635896754,0.599211362806041,25,50,10
28,5417,0.0411730579744434,0.3193015350031262,0.040292071143541,0.5992333358788894,25,50,10
28,5418,0.04116489358441242,0.3193015350030318,0.04029205435667635,0.599241517055879,25,50,10
28,5419,0.04080868443543856,0.31930153499865116,0.04029139952844857,0.5995983810374613,25,50,10
28,5420,0.04082448145137164,0.319301534998774,0.04029141028956244,0.5995825732602917,25,50,10
28,5421,0.04052651266591873,0.319301543151896,0.04058487515599858,0.5995870690261864,25,50,10
28,5422,0.04051994615307736,0.3193081156414601,0.04058486947032179,0.599587068735141,25,50,10
28,5423,0.0405259073652532,0.31930215559088326,0.04058486830880828,0.5995870687350554,25,50,10
28,5424,0.04099021602860495,0.31930215559100883,0.04058506619324466,0.5991225621871417,25,50,10
28,5425,0.040995956973279866,0.3193021555909014,0.04058505838448051,0.5991168290513382,25,50,10
28,5426,0.040990068478080184,0.3193080440702556,0.04058505840031862,0.5991168290513456,25,50,10
28,5427,0.040990100468847886,0.31930804407027313,0.04058505971646154,0.5991167957444175,25,50,10
28,5428,0.04098838211760933,0.3193080440733465,0.040585062994525585,0.5991185108145184,25,50,10
28,5429,0.04098406381998742,0.3193080440701853,0.04058499184746942,0.5991229002623577,25,50,10
28,5430,0.040517952331007245,0.3197743462509823,0.04058480113675455,0.5991229002812556,25,50,10
28,5431,0.040511925510402697,0.31978037403256193,0.04058480017569165,0.5991229002813437,25,50,10
28,5432,0.040517812102782005,0.31977448712242074,0.040584800488948275,0.5991229002858489,25,50,10
28,5433,0.040509855603316644,0.3197824505980129,0.04058479352184061,0.5991229002768302,25,50,10
28,5434,0.04050999395299918,0.31978231134348123,0.04058479442660855,0.5991229002769114,25,50,10
28,5435,0.040496082253585544,0.31978231134335866,0.04058478775607311,0.5991368186469832,25,50,10
28,5436,0.04050406397694971,0.319774323604233,0.04058479376233149,0.5991368186564864,25,50,10
28,5437,0.04050406026820099,0.3197743236042321,0.0405847937231595,0.5991368224044082,25,50,10
28,5438,0.04051005002553156,0.31976833379063596,0.04058479377984888,0.5991368224039842,25,50,10
28,5439,0.04051593715442082,0.3197683337906359,0.04058479371319357,0.5991309353417502,25,50,10
28,5440,0.04049401279068745,0.319790269619271,0.04058478226740499,0.5991309353226371,25,50,10
28,5441,0.040499973548246644,0.31979026961928986,0.040584780490976524,0.5991249763414876,25,50,10
28,5442,0.040521762075372274,0.31976846901114003,0.040584792552804665,0.5991249763606832,25,50,10
28,5443,0.040522265449245254,0.31976846901121464,0.04058479660863389,0.5991244689309061,25,50,10
28,5444,0.040546183333531015,0.31974453249555773,0.04058481520678046,0.5991244689641309,25,50,10
28,5445,0.04056615094641965,0.3197445324945769,0.04058492251359171,0.5991043940454115,25,50,10
28,5446,0.04090225414374275,0.31974453249679685,0.04058548466994326,0.598767728689517,25,50,10
28,5447,0.04090217901572373,0.31974453249678086,0.04058548550248509,0.5987678029850102,25,50,10
28,5448,0.040896467821090736,0.31975026274342455,0.04058546648882158,0.5987678029466631,25,50,10
28,5449,0.04091168301480964,0.319750264456064,0.040570242218252214,0.5987678103108741,25,50,10
28,5450,0.04137959989959476,0.3197502644602928,0.040570605767288256,0.5982995298728244,25,50,10
28,5451,0.041379466574806754,0.31975026446024024,0.040570602823022786,0.598299666141931,25,50,10
28,5452,0.04102371875888,0.31975026445591515,0.04056992710963339,0.5986560896755723,25,50,10
28,5453,0.04100193028075964,0.31977206582924755,0.040569914243138945,0.5986560896468545,25,50,10
28,5454,0.04100189604948005,0.3197720658292495,0.04056991932696257,0.5986561187943082,25,50,10
28,5455,0.04163163223400811,0.31977205768264605,0.03994468674405055,0.5986516233392957,25,50,10
28,5456,0.041631524145677286,0.3197721593106203,0.03994469320433074,0.5986516233393719,25,50,10
28,5457,0.04163148615193469,0.31977215931060055,0.03994469088559624,0.5986516636518688,25,50,10
28,5458,0.04162563531921744,0.31977215931065467,0.03994469485396447,0.5986575105161637,25,50,10
28,5459,0.04162549702390625,0.319772298209883,0.03994469424545674,0.5986575105207541,25,50,10
28,5460,0.04165164622350723,0.3197722982131639,0.03994493950018558,0.5986311160631432,25,50,10
28,5461,0.04165336310538051,0.3197705761088541,0.03994494471334766,0.5986311160724176,25,50,10
28,5462,0.04165924939513358,0.3197705761088541,0.039944944710573374,0.5986252297854392,25,50,10
28,5463,0.04165921309945974,0.3197705761088003,0.03994494081224606,0.5986252699794943,25,50,10
28,5464,0.04212365986384897,0.31977057610896303,0.03994512070999203,0.5981606433171962,25,50,10
28,5465,0.042123629714311134,0.3197706068081101,0.03994512015586558,0.5981606433217136,25,50,10
28,5466,0.042335992896908446,0.31977060507685684,0.03973276660117124,0.5981606354250639,25,50,10
28,5467,0.046822088534596844,0.32047727949731203,0.03453996856047363,0.5981606634076165,25,50,10
28,5468,0.04681623206108879,0.32047727949734633,0.03453997017211713,0.5981665182694469,25,50,10
28,5469,0.0468221924497333,0.3204772794973113,0.03453996861472035,0.5981605594382341,25,50,10
28,5470,0.009761043732316491,0.3204772834788002,0.051780023646864126,0.6179816491420173,25,50,10
28,5471,0.009760938856950493,0.32047738854392904,0.051780023461777146,0.6179816491373413,25,50,10
28,5472,0.00977714854557947,0.3204773885450906,0.0517801071092269,0.617965355800101,25,50,10
28,5473,0.009789136539171454,0.32046539959489556,0.05178010806583565,0.6179653558000954,25,50,10
28,5474,0.009795202043651885,0.32046539959489456,0.051780106983425174,0.6179592913780262,25,50,10
28,5475,0.009788773354127285,0.32046539959487386,0.051780133376633536,0.6179656936743633,25,50,10
28,5476,0.015535798737607798,0.3147147944301157,0.051783713103849285,0.6179656937284266,25,50,10
28,5477,0.01555405830087092,0.31468844717907507,0.05179180048559189,0.6179656940344614,25,50,10
28,5478,0.015538089783169775,0.31470442805420745,0.05179178814744768,0.6179656940151748,25,50,10
28,5479,0.01553762625536276,0.314704428054206,0.05179181671430278,0.6179661289761283,25,50,10
28,5480,0.015088052783668569,0.3147044280519982,0.051791512300509004,0.618416006863824,25,50,10
28,5481,0.0150919069649014,0.3147044280521575,0.05179152574605697,0.6184121392368843,25,50,10
28,5482,0.01462738802316903,0.3147044280519778,0.051791346586076745,0.6188768373387764,25,50,10
28,5483,0.01464161219728894,0.3146901956919107,0.05179135476225544,0.6188768373485449,25,50,10
28,5484,0.014619449454552543,0.3146901956897658,0.051791284830879955,0.6188990700248016,25,50,10
28,5485,0.014599489860130368,0.3146901956897485,0.051791282622876106,0.6189190318272452,25,50,10
28,5486,0.014605730038808076,0.3146839519229213,0.05179128621094037,0.6189190318273304,25,50,10
28,5487,0.014589589718444682,0.3146839519217622,0.05179120677901545,0.6189352515807778,25,50,10
28,5488,0.014595476572343146,0.31468395192177656,0.051791199725141984,0.6189293717807384,25,50,10
28,5489,0.011829764036256957,0.31468394793979565,0.03454028526727597,0.6389460027566716,25,50,10
28,5490,0.011829763986630094,0.31468394793979537,0.03454028523931815,0.6389460028342566,25,50,10
28,5491,0.011823803603680662,0.31468394793983095,0.03454028675930965,0.6389519616971788,25,50,10
28,5492,0.011830043731844972,0.31468394793979687,0.03454028947190174,0.6389457188564565,25,50,10
28,5493,0.011843856046554769,0.3146839479398125,0.034540294608398255,0.6389319014052347,25,50,10
28,5494,0.011393381825432283,0.31468394793977317,0.03454010387200515,0.6393825663627895,25,50,10
28,5495,0.01139777542193603,0.31468394794295124,0.0345401742162963,0.6393781024188164,25,50,10
28,5496,0.011390076008100224,0.31469164954211104,0.03454017204524393,0.6393781024045448,25,50,10
28,5497,0.011386221950488783,0.31469164954195183,0.034540158601723936,0.6393819699058354,25,50,10
28,5498,0.01188147148253576,0.3146916495504421,0.03454914136319883,0.6388777376038233,25,50,10
28,5499,0.01187572625027985,0.31469164955049694,0.034549145355851754,0.6388834788433715,25,50,10
28,5500,0.011875723217338681,0.31469164955046147,0.03454914279102212,0.6388834844411779,25,50,10
28,5501,0.011883286492614973,0.3146916495505481,0.034549144807788285,0.6388759191490488,25,50,10
28,5502,0.01187732891456769,0.31469164955053086,0.03454914552083514,0.6388818760140664,25,50,10
28,5503,0.0071633876623565605,0.3139849751272726,0.039969788114231075,0.6388818490961402,25,50,10
28,5504,0.0071649604475976,0.31398497512412965,0.03996971759289648,0.6388803468353766,25,50,10
28,5505,0.007165172025118822,0.313984741131883,0.039969740011782336,0.6388803468312164,25,50,10
28,5506,0.0071370515855932095,0.31398474868429227,0.039997854584409714,0.6388803451457052,25,50,10
28,5507,0.007105017091780305,0.3139847486810107,0.03999760925967495,0.6389126249675345,25,50,10
28,5508,0.007126026750545542,0.31398474114365144,0.03997660709356276,0.6389126250122408,25,50,10
28,5509,0.007136283659446515,0.31398474114384967,0.03997659063088697,0.6389023845658175,25,50,10
28,5510,0.007130042283752593,0.313990986541698,0.03997658660881957,0.6389023845657306,25,50,10
28,5511,0.007136038268716873,0.3139849893989902,0.03997658776187465,0.6389023845704189,25,50,10
28,5512,0.006640821999919067,0.31398498939053526,0.039967606644832177,0.639406581964714,25,50,10
28,5513,0.006640790022195635,0.31398498939053465,0.039967605597993956,0.6394066149892762,25,50,10
28,5514,0.006644647900627964,0.31398498939060454,0.03996761307836911,0.6394027496303988,25,50,10
28,5515,0.006636696570742332,0.3139849893905336,0.03996760706060886,0.6394107069781154,25,50,10
28,5516,0.006624500017711648,0.3139972089201775,0.0399675840746441,0.639410706987467,25,50,10
28,5517,0.0066171189681879525,0.31399720891215166,0.03997496512575077,0.6394107069939097,25,50,10
28,5518,0.006621424755950711,0.3139929041672952,0.03997496409722586,0.6394107069795283,25,50,10
28,5519,0.006629099894689744,0.3139852284368418,0.03997496467975206,0.6394107069887165,25,50,10
28,5520,0.00661313631253756,0.31398522843894605,0.03997503105326333,0.6394266041952532,25,50,10
28,5521,0.00662098048546851,0.3139773776674319,0.0399750376424144,0.6394266042046852,25,50,10
28,5522,0.006620838453200377,0.3139773776674131,0.039975036201825354,0.6394267476775612,25,50,10
28,5523,0.006616840218178943,0.31397737766728906,0.03997499936623105,0.6394307827483009,25,50,10
28,5524,0.006640728287343603,0.31397737766748324,0.03997501632865196,0.6394068777165213,25,50,10
28,5525,0.006636392656912588,0.3139773776672483,0.03997500245375622,0.6394112272220832,25,50,10
28,5526,0.0066361762076214735,0.3139775973600635,0.03997499921023393,0.6394112272220815,25,50,10
28,5527,0.006622236220478849,0.3139915439836233,0.039974992583166495,0.6394112272127317,25,50,10
28,5528,0.006620672228745192,0.3139915439868016,0.03997506368397454,0.6394127201004791,25,50,10
28,5529,0.006604413615202768,0.3140158840102672,0.0399669825844787,0.6394127197900513,25,50,10
28,5530,0.006608405428036332,0.3140118987202355,0.039966976061970055,0.6394127197897581,25,50,10
28,5531,0.006612678365558205,0.3140118987200966,0.03996696705275301,0.6394084558615926,25,50,10
28,5532,0.006588825699825263,0.3140118987199212,0.039966951453048634,0.6394323241272053,25,50,10
28,5533,0.006706788943839366,0.3140118991040926,0.039848987286505363,0.6394323246655629,25,50,10
28,5534,0.006702546964267906,0.31401189910419774,0.0398489938336073,0.6394365600979274,25,50,10
28,5535,0.006708612521397035,0.31401189910419747,0.03984899271382699,0.6394304956605789,25,50,10
28,5536,0.0067025444955002645,0.31401796609652266,0.03984899374723684,0.6394304956607406,25,50,10
28,5537,0.006704369090918838,0.31401796609659366,0.03984899844416633,0.6394286663683214,25,50,10
28,5538,0.0066902505021267135,0.31403209246031283,0.03984899067364896,0.639428666363912,25,50,10
28,5539,0.0066901827389074684,0.3140320924602759,0.03984898796384371,0.6394287368369733,25,50,10
28,5540,0.006696034364831187,0.3140320924602057,0.03984898383405727,0.6394228893409061,25,50,10
28,5541,0.006695928012774618,0.31403209246022135,0.03984898399605283,0.6394229955309515,25,50,10
28,5542,0.006696033535180185,0.31403179651400365,0.03984917441951396,0.6394229955313026,25,50,10
28,5543,0.006696104473989543,0.3140317264081472,0.03984917358656309,0.6394229955313007,25,50,10
28,5544,0.006702204592891458,0.31403172640814747,0.03984917364168037,0.639416895357281,25,50,10
28,5545,0.00703717938922897,0.31403172640845073,0.03984961626245846,0.6390814779398621,25,50,10
28,5546,0.007023407947169051,0.3140455008089348,0.039849613298934036,0.6390814779449625,25,50,10
28,5547,0.007023301853247027,0.31404550080895266,0.03984961352281051,0.6390815838149901,25,50,10
28,5548,0.007019238728347679,0.3140455008089856,0.03984962199011975,0.6390856384725473,25,50,10
28,5549,0.0012681829794762315,0.31980013049094513,0.039846048106159764,0.6390856384234191,25,50,10
28,5550,0.0012638954755177056,0.319800130487786,0.03984597841773418,0.6390899956189624,25,50,10
28,5551,0.0012799282364260617,0.3198001304899252,0.03984618480102504,0.6390737564726241,25,50,10
28,5552,0.001146715995126731,0.319800130483525,0.039845763366425306,0.6392073901549229,25,50,10
28,5553,0.0011448233736984484,0.3198020238875819,0.039845762593154095,0.6392073901455655,25,50,10
28,5554,0.0011428585224044629,0.31980202388747647,0.03984575689395375,0.6392093606961654,25,50,10
28,5555,0.0011189101129164764,0.3198020238852852,0.039845545813660135,0.6392335201881383,25,50,10
28,5556,0.0011249020933458596,0.3197960297108105,0.03984554800762235,0.6392335201882213,25,50,10
28,5557,0.0011248667107395722,0.3197960297107739,0.03984554531483689,0.6392335582636497,25,50,10
28,5558,0.0011309655092309255,0.3197901212768291,0.03984535495055495,0.639233558263385,25,50,10
28,5559,0.0011388093134497292,0.31979012127689915,0.03984536143911455,0.6392257079705366,25,50,10
28,5560,0.0011390220462950663,0.31979012127700435,0.03984536621015876,0.6392254904665416,25,50,10
28,5561,0.0011250824503286243,0.3197901212769352,0.03984535974316898,0.639239436529567,25,50,10
28,5562,0.0010525956187240073,0.31980451989476966,0.039903447686058226,0.639239436800448,25,50,10
28,5563,0.0010603113351352897,0.3197967972583936,0.039903454596832574,0.6392394368096386,25,50,10
28,5564,0.0010684873846449955,0.31979679725841703,0.03990345927060227,0.6392312560863356,25,50,10
28,5565,0.0010749028513230773,0.3197967972584054,0.03990346798347573,0.6392248319067959,25,50,10
28,5566,0.0010610889301842777,0.31981061598845834,0.03990346317438051,0.6392248319069769,25,50,10
28,5567,0.0010609765434667665,0.3198106159886012,0.039903471694828226,0.6392249357731039,25,50,10
28,5568,0.0010548462279712624,0.31981061598845795,0.03990346223241926,0.6392310755511517,25,50,10
28,5569,0.0010547095742678555,0.319810615988371,0.03990345899723088,0.6392312154401302,25,50,10
28,5570,0.0010547132818825046,0.3198106184845491,0.03990345278883804,0.6392312154447302,25,50,10
28,5571,0.001068595853274944,0.3197967331876622,0.039903455505141856,0.639231215453921,25,50,10
28,5572,0.0010667395093391931,0.3197967331876099,0.039903445628674636,0.6392330816743762,25,50,10
28,5573,0.0010748615440256584,0.3197967331854175,0.039903373951774165,0.6392250313187824,25,50,10
28,5574,0.0010667670814773194,0.319796733185364,0.03990336717257439,0.6392331325605841,25,50,10
28,5575,0.0010726558318039294,0.3197967331853984,0.039903369630569986,0.6392272413522272,25,50,10
28,5576,0.0010786795600426916,0.3197967331854337,0.039903371552505215,0.6392212157020178,25,50,10
28,5577,0.001064519019015637,0.31979673318543067,0.039903366770051914,0.6392353810255013,25,50,10
28,5578,0.0007376368382613789,0.31979673318518126,0.039902931036264945,0.6395626989402919,25,50,10
28,5579,0.0012009499382510944,0.3197967331905015,0.03990337597108158,0.6390989409001653,25,50,10
28,5580,0.0011969230144689314,0.3197967331905722,0.039903381950285595,0.6391029618446726,25,50,10
28,5581,0.0011910012288920994,0.31979673319051816,0.03990337800304984,0.6391088875775393,25,50,10
28,5582,0.0011869678257891885,0.31980076193822105,0.039903382653530925,0.6391088875824584,25,50,10
28,5583,0.001193382520394838,0.3198007619382046,0.03990338455146222,0.6391024709899381,25,50,10
28,5584,0.001179436584476528,0.3198007619381699,0.03990337908742405,0.6391164223899293,25,50,10
28,5585,0.0011735862495679398,0.31980661062643756,0.0399033807244544,0.6391164223995399,25,50,10
28,5586,0.0011736143590894753,0.3198066106264006,0.03990338266487012,0.6391163923496397,25,50,10
28,5587,0.001171754952710792,0.31980661062629706,0.03990338211697485,0.6391182523040172,25,50,10
28,5588,0.0011796750871282734,0.31980661062633114,0.039903386166037884,0.6391103281205025,25,50,10
28,5589,0.001185771664193537,0.31980051618766536,0.039903384037096826,0.639110328111044,25,50,10
28,5590,0.0011876996190321478,0.3198005161877342,0.03990338896808039,0.639108395225153,25,50,10
28,5591,0.00118377374936765,0.31980051618779015,0.039903400142982826,0.6391123099198591,25,50,10
28,5592,0.0011896643763137438,0.31980051618780675,0.03990339477307506,0.6391064246628042,25,50,10
28,5593,0.0011894206712397837,0.3198007615648355,0.03990339311073222,0.6391064246531922,25,50,10
28,5594,0.0011874606172677597,0.31980076156478016,0.03990338258152902,0.6391083952364228,25,50,10
28,5595,0.0011854974303409076,0.3198027307033586,0.03990337663948491,0.6391083952268154,25,50,10
28,5596,0.0013569549027107684,0.31980273071790605,0.0399042943835728,0.6389360199958102,25,50,10
28,5597,0.0013569862635912685,0.31980273071794046,0.03990429452840755,0.6389359884900603,25,50,10
28,5598,0.0013568138711682483,0.31980290376395315,0.03990429388935275,0.6389359884755255,25,50,10
28,5599,0.0011835312896047645,0.31980290374935366,0.039903371457259224,0.6391101935037821,25,50,10
28,5600,0.0011894562128916867,0.3198029037493736,0.039903373870686105,0.6391042661670483,25,50,10
28,5601,0.001213375073898137,0.3198029037495658,0.039903392648349835,0.6390803285281859,25,50,10
28,5602,0.0011995627599651274,0.31980290374955056,0.039903387545042315,0.6390941459454416,25,50,10
28,5603,0.0011931775068980892,0.3198029037495842,0.03990338689024747,0.63910053185327,25,50,10
28,5604,0.0011930746538106989,0.31980299556751174,0.03990339731460933,0.6391005324640681,25,50,10
28,5605,0.001185271059928491,0.31980299556747893,0.03990339271055112,0.6391083406620411,25,50,10
28,5606,0.0011853771183253556,0.31980288952998537,0.03990339268930779,0.6391083406623812,25,50,10
28,5607,0.001219833202654223,0.31980288953011965,0.03990341342954929,0.6390738638376766,25,50,10
28,5608,0.001185582133066978,0.31980288952994884,0.039903390472162584,0.6391081378648213,25,50,10
28,5609,0.0011835473338117455,0.3198028895300899,0.03990340268293355,0.6391101604531645,25,50,10
28,5610,0.0011555957166101275,0.3198028895299474,0.039903390577724324,0.6391381241757176,25,50,10
28,5611,0.0011576919727663553,0.31980288953002184,0.03990340107568598,0.6391360174215254,25,50,10
28,5612,0.0011558688976447131,0.319802889529988,0.039903395701798725,0.6391378458705684,25,50,10
28,5613,0.0011557634017202788,0.31980299496933656,0.03990339575871483,0.6391378458702284,25,50,10
28,5614,0.0011537658571373396,0.3198029949692777,0.039903385410086,0.6391398537634988,25,50,10
28,5615,0.0011557588480251807,0.31980044128709845,0.039903946091852285,0.639139853773024,25,50,10
28,5616,0.0011715959335440198,0.3198004412872047,0.03990400691454212,0.639123955864709,25,50,10
28,5617,0.0011715558867027539,0.3198004412871678,0.03990400551213255,0.6391239973139968,25,50,10
28,5618,0.00117972003588828,0.31980044128717156,0.03990405930406616,0.639115779372874,25,50,10
28,5619,0.0011939470822177455,0.3198004412872641,0.03990421227948831,0.63910139935103,25,50,10
28,5620,0.0011940526133542137,0.3198003354485293,0.03990421258223908,0.6391013993558775,25,50,10
28,5621,0.0012000440644085767,0.31979434639595417,0.039904210183675015,0.6391013993559624,25,50,10
28,5622,0.0011940264403632508,0.31979434639595317,0.039904210494532806,0.6391074166691509,25,50,10
28,5623,0.0011940563310279954,0.31979431718092055,0.03990420980946599,0.6391074166785858,25,50,10
28,5624,0.0012040428822009783,0.31979431718084883,0.039904203642139646,0.6390974362948106,25,50,10
28,5625,0.0012040084814336036,0.3197943171808125,0.039904200983311246,0.6390974733544426,25,50,10
28,5626,0.001203978043131848,0.31979434936345486,0.03990419924849297,0.6390974733449203,25,50,10
28,5627,0.0012020157508284088,0.3197968702868833,0.03990364062689209,0.6390974733353962,25,50,10
28,5628,0.0012060441669639293,0.3197968702868309,0.03990363373228281,0.6390934518139226,25,50,10
28,5629,0.0012002940853989739,0.31980261899088497,0.03990363510486278,0.6390934518188537,25,50,10
28,5630,0.001194439392066722,0.31980261899092055,0.03990363745082688,0.6390993041661861,25,50,10
28,5631,0.0012003299324550762,0.31980261899099227,0.03990364269543307,0.6390934083811198,25,50,10
28,5632,0.0011945814472106965,0.31980836666773377,0.039903643503854745,0.639093408381201,25,50,10
28,5633,0.0011726125899544928,0.31980836666764345,0.03990358184473488,0.6391154388976673,25,50,10
28,5634,0.0011665845764418648,0.3198083666675362,0.03990357503080976,0.6391214737252124,25,50,10
28,5635,0.0011825169094831474,0.31979242174343836,0.039903587597810077,0.6391214737492686,25,50,10
28,5636,0.0011827600243529237,0.31979242174347433,0.039903589246800666,0.6391212289853723,25,50,10
28,5637,0.001182754900812269,0.3197924217434561,0.03990358867363165,0.6391212346821004,25,50,10
28,5638,0.001180720024704076,0.31979242174343514,0.03990353219868368,0.6391233260331777,25,50,10
28,5639,0.0011962974530341844,0.31979242174355527,0.03990339750802893,0.6391078832953823,25,50,10
28,5640,0.001212473737658297,0.3197924217447384,0.03990356835738393,0.63909153616022,25,50,10
28,5641,0.001214365360840238,0.31979242174489825,0.039903580944100014,0.6390896319501621,25,50,10
28,5642,0.001192549657954485,0.31981425000289243,0.03990356841311957,0.6390896319260341,25,50,10
28,5643,0.0011930753861913032,0.31981425000287805,0.03990357141627205,0.6390891031946595,25,50,10
28,5644,0.0011969236219398025,0.31981038593477673,0.039903587229499625,0.6390891032137848,25,50,10
28,5645,0.0011987481857921717,0.3198103859348287,0.03990359187556745,0.6390872740038127,25,50,10
28,5646,0.0012168417852667025,0.31981038593597594,0.039903730711461985,0.6390690415672963,25,50,10
28,5647,0.0012123234962211139,0.3198103859360785,0.03990373506051152,0.6390735555071898,25,50,10
28,5648,0.001210436380639624,0.31981038593599037,0.03990372775930629,0.6390754499240646,25,50,10
28,5649,0.0012144657993799597,0.31981038593592065,0.03990372177297751,0.6390714264917229,25,50,10
28,5650,0.0012284438713993245,0.31979640083039934,0.03990372879679198,0.6390714265014101,25,50,10
28,5651,0.0007726931890602014,0.3197964008251794,0.03990328262835754,0.6395276233574038,25,50,10
28,5652,0.0007889204657449739,0.3197801211636851,0.03990333561391684,0.6395276227566539,25,50,10
28,5653,0.0008048624822971976,0.3197801211638815,0.03990335179104279,0.6395116645627791,25,50,10
28,5654,0.000816808240903716,0.3197801211638445,0.039903349064798636,0.6394997215304535,25,50,10
28,5655,0.0008229388317314543,0.31978012116387977,0.03990335163282804,0.6394935883715608,25,50,10
28,5656,0.0008250043923855568,0.3197780705646613,0.03990333669044146,0.6394935883525119,25,50,10
28,5657,0.0008248267866370561,0.31977807056462654,0.03990333600337542,0.6394937666453613,25,50,10
28,5658,0.0008128460637008536,0.3197780705646272,0.03990333602776654,0.639505747343906,25,50,10
28,5659,0.0008127799762415688,0.3197780705646268,0.03990333441251566,0.6395058150466165,25,50,10
28,5660,0.0008047961793169488,0.3197780705645556,0.03990332826725679,0.6395138049888718,25,50,10
28,5661,0.0008107908012875989,0.3197720763272423,0.03990332788779138,0.6395138049836797,25,50,10
28,5662,0.000824596165624126,0.31977207632732924,0.03990333512757426,0.6394999923794732,25,50,10
28,5663,0.0008248386060521217,0.3197720763274181,0.03990334062777479,0.6394997444387558,25,50,10
28,5664,0.0008311038163429582,0.31977207632740207,0.039903343461107486,0.6394934763951481,25,50,10
28,5665,0.0008249726531829608,0.3197720763273661,0.039903340819943185,0.6394996101995083,25,50,10
28,5666,0.0008307178526817383,0.31977207632729376,0.039903335550361574,0.6394938702696634,25,50,10
28,5667,0.0008227987317160644,0.31977207632718896,0.0399033270374023,0.6395017979036932,25,50,10
28,5668,0.000962254587466072,0.3196321751241031,0.03990377152501949,0.6395017987634117,25,50,10
28,5669,0.00096683558966864,0.3196321751253449,0.03990391543833793,0.6394970738466488,25,50,10
28,5670,0.0009544083692882611,0.31963217512399866,0.03990376490567218,0.6395096516010411,25,50,10
28,5671,0.0009447719997114499,0.31963217512605524,0.03990392011911059,0.6395191327551228,25,50,10
28,5672,0.0009347863843551477,0.31963217512610875,0.03990392495469173,0.6395291135348444,25,50,10
28,5673,0.0009347562648692701,0.3196321751260922,0.03990392377801976,0.639529144831019,25,50,10
28,5674,0.0009404028884604885,0.3196321751250684,0.03990376637702276,0.6395236556094481,25,50,10
28,5675,0.0009341351393141771,0.31963217512508413,0.03990376347244894,0.6395299262631525,25,50,10
28,5676,0.0009282812264705099,0.3196321751251025,0.03990376482213023,0.6395357788262964,25,50,10
28,5677,0.0009282880799713321,0.31963216130343847,0.03990377179045294,0.6395357788261369,25,50,10
28,5678,0.000922648087153187,0.319632161303457,0.039903773185999476,0.6395414174233899,25,50,10
28,5679,0.0009166883820924676,0.31963811681727333,0.039903777357942594,0.6395414174426911,25,50,10
28,5680,0.0009225705853205191,0.3196381168172733,0.03990377739467067,0.6395355352027351,25,50,10
28,5681,0.0009226750349707599,0.3196381168172557,0.0399037770892502,0.639535431058523,25,50,10
28,5682,0.0009148561475546452,0.31964592982971957,0.03990378295434527,0.6395354310683804,25,50,10
28,5683,0.0009365389507078425,0.31964592982985923,0.039903794909586454,0.6395137363098465,25,50,10
28,5684,0.0009262818151570804,0.3196459298277693,0.03990363636541526,0.6395241519916581,25,50,10
28,5685,0.0009244228429379819,0.3196459298276986,0.03990363032958825,0.6395260169997752,25,50,10
28,5686,0.0009382618258015132,0.319645929827749,0.03990363590098718,0.6395121724454623,25,50,10
28,5687,0.000942328191890181,0.31964592982762535,0.039903627559840726,0.6395081144206437,25,50,10
28,5688,0.0009263912503641898,0.3196459298274659,0.03990361410659269,0.6395240648155773,25,50,10
28,5689,0.0009108385397391518,0.31964592982725476,0.03990359989140015,0.6395396317416062,25,50,10
28,5690,0.0008890200109604675,0.31964592982709666,0.03990358656526174,0.6395614635966814,25,50,10
28,5691,0.0008752485682985304,0.3196459298270823,0.03990358376994643,0.6395752378346731,25,50,10
28,5692,0.0008755980913892167,0.3196459298270998,0.03990358492336628,0.6395748871581449,25,50,10
28,5693,0.0008552043028589414,0.3196663792473781,0.03990352927784915,0.6395748871719141,25,50,10
28,5694,0.0007319283947475691,0.31979008887231625,0.03990309638662212,0.6395748863463145,25,50,10
28,5695,0.0007315452323835668,0.31979008887226273,0.03990309344132795,0.6395752724540263,25,50,10
28,5696,0.0007316505730429665,0.31978998266866077,0.03990309430427394,0.639575272454023,25,50,10
28,5697,0.0007378119093456371,0.3197899826686982,0.039903097061799175,0.6395691083601576,25,50,10
28,5698,0.0007316486602219785,0.319789982668661,0.03990309430327503,0.6395752743678426,25,50,10
28,5699,0.0007534618677823346,0.3197681643324257,0.03990309941267837,0.639575274387114,25,50,10
28,5700,0.0007595936983707144,0.3197620310252617,0.03990310089861639,0.6395752743777515,25,50,10
28,5701,0.0007596967494060294,0.31976203102527856,0.039903101343841146,0.6395751708814745,25,50,10
28,5702,0.0007596991736987246,0.31976203102529605,0.03990310262448396,0.6395751671765213,25,50,10
28,5703,0.0007365942509660865,0.31974763201463624,0.0399406074277869,0.6395751663066106,25,50,10
28,5704,0.0007207665983488628,0.319763467179251,0.03994059990063563,0.6395751663217644,25,50,10
28,5705,0.0007264871011140532,0.28088711063272725,0.07881123595939193,0.6395751663067668,25,50,10
28,5706,0.0007323729466503965,0.2808871106327269,0.0788112359865599,0.6395692804340628,25,50,10
28,5707,0.0007263834494940042,0.28088711063270944,0.07881123563993399,0.6395752702778627,25,50,10
28,5708,0.0007323744343709515,0.28088711063269217,0.07881123437736784,0.6395692805555687,25,50,10
28,5709,0.000728237750543941,0.2808912540968278,0.07881122760667106,0.639569280545957,25,50,10
28,5710,0.0007280185975235111,0.28089125409679294,0.07881122737893027,0.6395694999267535,25,50,10
28,5711,0.000728160050204643,0.28089125409681265,0.07881122880359288,0.6395693570493904,25,50,10
28,5712,0.0007222722546329071,0.28089125409681115,0.078811228724309,0.6395752449242477,25,50,10
28,5713,0.0007024254168553491,0.2798264901185248,0.07989583955927777,0.6395752449053428,25,50,10
28,5714,0.0007004618854122248,0.2798284625255724,0.07989583070757099,0.6395752448814451,25,50,10
28,5715,0.0007222838267219345,0.27982846252571336,0.07989584278445028,0.6395534108631149,25,50,10
28,5716,0.0007185281905561669,0.2798321382584331,0.07989592240621747,0.6395534111447941,25,50,10
28,5717,0.0007199657096177816,0.2798321382584476,0.0798959244631744,0.639551971568761,25,50,10
28,5718,0.0007081188066272777,0.27983213826465275,0.07989592530619957,0.6395638176225207,25,50,10
28,5719,0.0007122878093815626,0.27983213826460107,0.07989592052494345,0.6395596534010742,25,50,10
28,5720,0.00070781187271832,0.27983670200274496,0.07989583301482531,0.6395596531097117,25,50,10
28,5721,0.0006919809014569407,0.27983670200265953,0.07989582500597028,0.6395754920899136,25,50,10
28,5722,0.0006899885083376309,0.2798367020025889,0.07989581892757858,0.6395774905614956,25,50,10
28,5723,0.0006899884299095453,0.27983670200258887,0.07989581892462688,0.6395774906428755,25,50,10
28,5724,0.00069027128398561,0.279836702002607,0.07989582112379391,0.6395772055896137,25,50,10
28,5725,0.0006962278060354911,0.2798367020028194,0.07989583940869632,0.6395712307824493,25,50,10
28,5726,0.0007040407830878362,0.2798367020028529,0.07989584376304584,0.639563413451014,25,50,10
28,5727,0.00070764893683278,0.27983670200289035,0.07989593978538669,0.6395597092748906,25,50,10
28,5728,0.0007074052337107941,0.2798367020028547,0.07989593813389535,0.6395599546295399,25,50,10
28,5729,0.0007054122518050259,0.2798387020957966,0.0798959310324664,0.6395599546199329,25,50,10
28,5730,0.0007115389146700695,0.2798325737829272,0.07989593267278355,0.6395599546296201,25,50,10
28,5731,0.0007155978125253776,0.27983257378285703,0.0798959266676401,0.6395559017369784,25,50,10
28,5732,0.0008213369226929536,0.2798325829050735,0.0797901778533466,0.6395559023188878,25,50,10
28,5733,0.0006795657742978572,0.2798325782218777,0.07993195424705955,0.6395559017567658,25,50,10
28,5734,0.0006737134392641691,0.27983257822194907,0.0799319577903836,0.6395617505484039,25,50,10
28,5735,0.0006674457249597463,0.27983884883775245,0.07993195488445243,0.639561750552836,25,50,10
28,5736,0.0006615944710212481,0.2798388488377718,0.07993195630392141,0.6395676003872863,25,50,10
28,5737,0.0006673745317506914,0.27983884883775234,0.07993195493738568,0.639561821693112,25,50,10
28,5738,0.0015689044307750444,0.2798388488420373,0.0799325527533295,0.6386596939738587,25,50,10
28,5739,0.0015669346249033678,0.27981859740315385,0.07995477399812717,0.6386596939738152,25,50,10
28,5740,0.001566615541088186,0.279818597403206,0.07995477479171895,0.6386600122639865,25,50,10
28,5741,0.001593071103111447,0.2798185974052959,0.07995478029632125,0.638633551195271,25,50,10
28,5742,0.001587188939633939,0.27982447269254407,0.0799547871725447,0.638633551195277,25,50,10
28,5743,0.0015831232926489794,0.27982447269256006,0.07995479134543242,0.6386376126693584,25,50,10
28,5744,0.0015893612897586408,0.27982447269256,0.07995479545134343,0.6386313705663373,25,50,10
28,5745,0.0015830134309555138,0.2798244726851918,0.0799546556269887,0.6386378582568628,25,50,10
28,5746,0.0015829468394370526,0.27982447268533506,0.07995466510737292,0.6386379153678539,25,50,10
28,5747,0.001577174211345487,0.279824472685319,0.079954664031106,0.6386436890722288,25,50,10
28,5748,0.001583090602648555,0.2798185548772206,0.07995466544289481,0.6386436890772353,25,50,10
28,5749,0.001577210069653113,0.279824435326855,0.07995466552624633,0.638643689077245,25,50,10
28,5750,0.001698633768560597,0.27982443533119167,0.07995503855790098,0.6385218923423465,25,50,10
28,5751,0.0016986319401307995,0.2798244371251995,0.07995503859240234,0.638521892342267,25,50,10
28,5752,0.0017204533109008,0.2798244371253764,0.07995505332877823,0.638500056234944,25,50,10
28,5753,0.0017143237054460909,0.27983056840178694,0.07995505165790594,0.6385000562348608,25,50,10
28,5754,0.0015853393317475594,0.2798305683973831,0.07995467489573484,0.6386294173751342,25,50,10
28,5755,0.0015932935939804054,0.2798305683972936,0.07995466446760419,0.6386214735411215,25,50,10
28,5756,0.0015932510999374116,0.27983056839736326,0.07995467538419933,0.6386215051184996,25,50,10
28,5757,0.0006855894119949396,0.279830568393094,0.07995407670628069,0.6395297654886305,25,50,10
28,5758,0.0006918591168947603,0.27983056396831385,0.07994781141151334,0.6395297655032784,25,50,10
28,5759,0.0006899029772142819,0.2798305639682459,0.07994780447993559,0.6395317285746048,25,50,10
28,5760,0.0006655492335934006,0.279830563966084,0.07994770032066097,0.6395561864796623,25,50,10
28,5761,0.000665519279035309,0.27983059567697677,0.07994769857384608,0.6395561864701427,25,50,10
28,5762,0.0006654496347907304,0.2798305956769396,0.07994769659656897,0.6395562580917017,25,50,10
28,5763,0.0006716844401742478,0.27982435986533977,0.07994769760270487,0.6395562580917822,25,50,10
28,5764,0.0006719313720703039,0.2798243598653231,0.07994769764489427,0.6395560111177133,25,50,10
28,5765,0.0006720324757194979,0.2798243598653394,0.0799476978049907,0.6395559098539515,25,50,10
28,5766,0.0011436580204420954,0.2793523639796319,0.07994806755243147,0.6395559104474954,25,50,10
28,5767,0.0011436928366518834,0.2793523639796507,0.07994806892033911,0.6395558742633592,25,50,10
28,5768,0.0016132719078778986,0.27888234077671065,0.07994851220458914,0.6395558751108232,25,50,10
28,5769,0.001746878654238744,0.27888234078282664,0.07994891506263509,0.6394218655003004,25,50,10
28,5770,0.001752905373839054,0.2788823407828807,0.07994891803171732,0.6394158358115635,25,50,10
28,5771,0.002222378588215703,0.2788823407901755,0.07994934137770068,0.6389459392439085,25,50,10
28,5772,0.002200557658146915,0.2788823407900005,0.07994932686581717,0.6389677746860358,25,50,10
28,5773,0.0021963892583416796,0.27888234079005214,0.07994933151647673,0.6389719384351303,25,50,10
28,5774,0.0022107539560703624,0.27996755837375775,0.07884974923466985,0.6389719384355026,25,50,10
28,5775,0.0017350414947646285,0.2799675583664629,0.07884932185401543,0.6394480782847576,25,50,10
28,5776,0.0017349354679175102,0.27996755836644505,0.0788493215380177,0.6394481846276203,25,50,10
28,5777,0.001730907993660263,0.2799675583665161,0.07884932758361099,0.6394522060562137,25,50,10
28,5778,0.001744708365060455,0.2799537559880471,0.07884932959587668,0.6394522060510167,25,50,10
28,5779,0.001744813165228052,0.27995375598806466,0.07884933046085031,0.6394521003858579,25,50,10
28,5780,0.00173882455347942,0.2799597490927448,0.07884932600208933,0.6394521003516874,25,50,10
28,5781,0.001744774449452548,0.2799537953047182,0.07884932987970475,0.6394521003661253,25,50,10
28,5782,0.0017505501880292556,0.27995379530466263,0.07884932671132053,0.6394463277959883,25,50,10
28,5783,0.0017504438935637757,0.27995379530467984,0.07884932788415201,0.6394464329176051,25,50,10
28,5784,0.001744660805003549,0.2799537953046614,0.07884932657222304,0.6394522173181126,25,50,10
28,5785,0.0017386991473497871,0.2799597557402972,0.0788493277943224,0.6394522173180315,25,50,10
28,5786,0.0016051300026626758,0.2799597557340217,0.07884890752717194,0.6395862067361444,25,50,10
28,5787,0.0016050284968454232,0.2799597557340067,0.07884890831898948,0.6395863074501587,25,50,10
28,5788,0.0016052161763078932,0.27995975573402476,0.07884890972976202,0.6395861183599052,25,50,10
28,5789,0.001738690863845365,0.2798257585405951,0.07884943110532303,0.6395861194902364,25,50,10
28,5790,0.0017447139176876877,0.279825758540612,0.07884943224312475,0.6395800952985757,25,50,10
28,5791,0.0012813006567972622,0.2802896147006954,0.07884899020074519,0.6395800944417622,25,50,10
28,5792,0.0012857487636377036,0.280289614700718,0.07884899092892067,0.6395756456067239,25,50,10
28,5793,0.0012814258437664962,0.2802896147007678,0.07884899906368,0.6395799603917858,25,50,10
28,5794,0.00128142580759182,0.28028961470076846,0.07884899907193489,0.6395799604197049,25,50,10
28,5795,0.0012750483469735297,0.2802896147006598,0.07884899320442539,0.6395863437479414,25,50,10
28,5796,0.0011277376069451046,0.28043745381836493,0.07884846596633305,0.6395863426083569,25,50,10
28,5797,0.0011258861669916085,0.28043745381831364,0.07884845668036489,0.63958820333433,25,50,10
28,5798,0.0011278811731962747,0.2804374538183665,0.07884846252582488,0.6395862024826127,25,50,10
28,5799,0.0011497747427390188,0.28041554935561064,0.07884847339991984,0.6395862025017308,25,50,10
28,5800,0.000684033166252137,0.2808816677935696,0.07884809712741146,0.6395862019127673,25,50,10
28,5801,0.0006899535534910268,0.2808816677935477,0.0788480936300917,0.6395802850228703,25,50,10
28,5802,0.0006836501058094044,0.2808879742636377,0.07884809060785768,0.6395802850226958,25,50,10
28,5803,0.0006619705012996278,0.28089880338635453,0.0788589411087674,0.639580285003579,25,50,10
28,5804,0.000648167557253494,0.2808988033862838,0.07885893505374315,0.6395940940027204,25,50,10
28,5805,0.0006420434763471502,0.2808988033863032,0.07885893751093918,0.6396002156264106,25,50,10
28,5806,0.000647932466264524,0.280898803386305,0.07885893766113124,0.6395943264862989,25,50,10
28,5807,0.0011117685304761385,0.28043459506858065,0.07885930933030262,0.6395943270706403,25,50,10
28,5808,0.001113731139837773,0.2804326261363376,0.07885931563880871,0.6395943270850158,25,50,10
28,5809,0.0011278443807357895,0.2804185037314857,0.07885932477879465,0.6395943271089838,25,50,10
28,5810,0.0011216095445377096,0.2804247395221921,0.07885932382428486,0.6395943271089852,25,50,10
28,5811,0.0011253583001058687,0.2804247395223332,0.07885933602167518,0.6395905661558858,25,50,10
28,5812,0.0011276377247724334,0.28042473952219266,0.07885932490582424,0.6395882978472105,25,50,10
28,5813,0.0011274965311259193,0.2804357434190643,0.0788484622026847,0.6395882978471249,25,50,10
28,5814,0.0011334856708894682,0.28043574341906397,0.07884846217321449,0.639582308736832,25,50,10
28,5815,0.0011376212706160932,0.28043161410565853,0.07884845590118536,0.63958230872254,25,50,10
28,5816,0.001139653314424374,0.2804295704895487,0.07884846743973185,0.6395823087562948,25,50,10
28,5817,0.0011416363201998089,0.2793443513576829,0.07993170327503535,0.6395823090470817,25,50,10
28,5818,0.001149665016855671,0.27933631668280656,0.079931709248406,0.6395823090519316,25,50,10
28,5819,0.0011499444915682951,0.27933631668284403,0.07993171145341592,0.6395820273721715,25,50,10
28,5820,0.000704420132504746,0.279782045173495,0.07993150733380103,0.639582027360199,25,50,10
28,5821,0.0007003908039789789,0.2797820451735643,0.07993151237124019,0.639586051651217,25,50,10
28,5822,0.0007002877303913191,0.27978214796047635,0.0799315126579085,0.6395860516512244,25,50,10
28,5823,0.0006946801725201859,0.2797821479605126,0.07993151540546677,0.639591656461501,25,50,10
28,5824,0.0006943619366342112,0.27978214796263373,0.07993151921137973,0.639591970889353,25,50,10
28,5825,0.0006943290231260694,0.27978214796259737,0.07993151649317207,0.6395920065211054,25,50,10
28,5826,0.0006803459964182379,0.2797961410224606,0.0799315064795682,0.6395920065015538,25,50,10
28,5827,0.0006823097715950962,0.2797961410225654,0.07993151296621949,0.6395900362396201,25,50,10
28,5828,0.0006901255834887178,0.27979614102265327,0.07993152031917544,0.6395822130746825,25,50,10
28,5829,0.0006860640018938814,0.27979614102270584,0.07993152506115785,0.6395862699142425,25,50,10
28,5830,0.0006820340276259783,0.279796141022775,0.07993153133705717,0.639590293612542,25,50,10
28,5831,0.0006819286269362854,0.2797962468563121,0.07993153090923238,0.6395902936075194,25,50,10
28,5832,0.0006715650602077103,0.2797966020954889,0.07994153952819434,0.6395902933161097,25,50,10
28,5833,0.000653255266937006,0.27981507996020727,0.07994137202894337,0.639590292743913,25,50,10
28,5834,0.000658895284795198,0.2798150799601881,0.07994137058961939,0.639584654165398,25,50,10
28,5835,0.000766581098442483,0.279815079946236,0.07983368480459976,0.6395846541507207,25,50,10
28,5836,0.0007987349415600916,0.2798150799464682,0.07983375610983727,0.6395524290021336,25,50,10
28,5837,0.0008026942609963922,0.2798111319685492,0.07983374479723203,0.6395524289732218,25,50,10
28,5838,0.0007948839365966654,0.2798111319685144,0.07983374133462096,0.6395602427602676,25,50,10
28,5839,0.0007948427094789648,0.2798111319664264,0.07983373685574893,0.6395602884683452,25,50,10
28,5840,0.0012647279484193977,0.2798107767312881,0.07936420545811403,0.6395602898621776,25,50,10
28,5841,0.001264760883066033,0.2798107400692976,0.07936420919030306,0.6395602898573327,25,50,10
28,5842,0.0012687926292503813,0.2798107400692278,0.0793642028567357,0.6395562644447854,25,50,10
28,5843,0.0012546359998376272,0.2798249002905487,0.07936419928871694,0.6395562644208965,25,50,10
28,5844,0.0012606661119790579,0.2798188756206813,0.07936419384651912,0.6395562644208203,25,50,10
28,5845,0.0012547472750511035,0.27981887562066254,0.07936419248338188,0.6395621846209043,25,50,10
28,5846,0.0012527125773687399,0.2798208954411587,0.07936420734637147,0.639562184635101,25,50,10
28,5847,0.0012567436397382889,0.2798208954410876,0.07936420127777674,0.6395581596413973,25,50,10
28,5848,0.00114678810683218,0.2798208954408521,0.07947415683093081,0.6395581596213848,25,50,10
28,5849,0.001142782330945704,0.27982089544112554,0.07947816259693502,0.6395581596309938,25,50,10
28,5850,0.0011106348426718564,0.2798208954409303,0.07947809147772085,0.6395903782386771,25,50,10
28,5851,0.0011226135827933086,0.2798208954409299,0.07947809144964645,0.6395783995266306,25,50,10
28,5852,0.0017724360760522637,0.27982089574257624,0.0788282685989725,0.6395783995823993,25,50,10
28,5853,0.0017724360970107205,0.2798208957425769,0.07882826864856442,0.6395783995118483,25,50,10
28,5854,0.0017724354494297583,0.2798208962723319,0.0788282687663877,0.6395783995118509,25,50,10
28,5855,0.0017665495234888647,0.27982089627233125,0.07882826872225679,0.6395842854819233,25,50,10
28,5856,0.0026648279428586647,0.2798208962725246,0.07882858336752299,0.6386856924170936,25,50,10
28,5857,0.0026688571677334332,0.27982089627245393,0.07882857738483823,0.6386816691749742,25,50,10
28,5858,0.0026649727760906265,0.27982089627229406,0.07882856389086142,0.6386855670607539,25,50,10
28,5859,0.002665106058385625,0.2798208962723119,0.0788285651436425,0.6386854325256597,25,50,10
28,5860,0.0026651091996015407,0.2798208931919505,0.07882856508278517,0.6386854325256625,25,50,10
28,5861,0.0026691038655646524,0.2798168573555108,0.07882860624356067,0.6386854325353635,25,50,10
28,5862,0.002669066620352006,0.27981685735549233,0.0788286048043366,0.6386854712198189,25,50,10
28,5863,0.002669416955502144,0.2798165043125535,0.07882860750642712,0.638685471225517,25,50,10
28,5864,0.0025518829095407874,0.27981650420270987,0.07894614245998906,0.6386854704277601,25,50,10
28,5865,0.0025477478036446282,0.2798206335300549,0.07894614822927702,0.6386854704370233,25,50,10
28,5866,0.003047576212495931,0.27982063961029274,0.07844625090491646,0.6386855332722948,25,50,10
28,5867,0.003055528094267916,0.27982063961034614,0.0784462557167136,0.6386775765786724,25,50,10
28,5868,0.0030620574018702814,0.279820639610401,0.07844629161449038,0.6386710113732381,25,50,10
28,5869,0.003061809882111127,0.27982063961041725,0.07844629075564966,0.6386712597518215,25,50,10
28,5870,0.0030658771665423167,0.27981657346704897,0.07844628932358932,0.6386712600428188,25,50,10
28,5871,0.002167634207324832,0.27981657346689226,0.07844597737134318,0.6395698149544394,25,50,10
28,5872,0.0021755836672701693,0.279816573466962,0.07844598334837477,0.639561859517393,25,50,10
28,5873,0.0021695966357483626,0.2798165734669464,0.07844598326269145,0.6395678466346137,25,50,10
28,5874,0.002169947965273003,0.27981622368283293,0.07844598171651969,0.6395678466353742,25,50,10
28,5875,0.0021699523362404215,0.27981622368283415,0.07844598273283815,0.6395678412480872,25,50,10
28,5876,0.0021720194381457726,0.27981416993391395,0.07844596938920632,0.6395678412387341,25,50,10
28,5877,0.002179862596630766,0.2798063204913199,0.07844597565912338,0.639567841252926,25,50,10
28,5878,0.0021739419437784967,0.27981224316171766,0.078445973651345,0.6395678412431589,25,50,10
28,5879,0.0021740467914464485,0.2798122431617348,0.0784459738484252,0.6395677361983938,25,50,10
28,5880,0.0021736990665015073,0.27981259393387964,0.0784459708116061,0.6395677361880128,25,50,10
28,5881,0.00216585421293497,0.2798204449276101,0.07844596468563422,0.6395677361738209,25,50,10
28,5882,0.002160244636497833,0.2798204449276643,0.07844596773974465,0.6395733426960934,25,50,10
28,5883,0.002160663744590141,0.2798200086673268,0.07844598487199583,0.6395733427160875,25,50,10
28,5884,0.0021605193497609546,0.27982000866725576,0.0784459797062836,0.6395734922767001,25,50,10
28,5885,0.00216052425507782,0.27982000866725637,0.07844598025419915,0.6395734868234672,25,50,10
28,5886,0.002174364950679506,0.27982000866730833,0.07844598697658134,0.639559639405431,25,50,10
28,5887,0.002174505649687169,0.27982000866741713,0.07844598852807938,0.639559497154816,25,50,10
28,5888,0.0021745062667147008,0.2798200086674184,0.0784459885855134,0.639559496480353,25,50,10
28,5889,0.0021763642991989443,0.2798181403504063,0.07844599886060488,0.6395594964897896,25,50,10
28,5890,0.0021701604800529457,0.2798243435888904,0.07844599942740263,0.6395594965036537,25,50,10
28,5891,0.002176162468632692,0.27982434358874747,0.07844602856339139,0.6395534653792282,25,50,10
28,5892,0.0021762642573376037,0.2798242420019077,0.07844602836145191,0.6395534653793026,25,50,10
28,5893,0.002183958981090315,0.2798165331474536,0.07844604250189179,0.639553465369564,25,50,10
28,5894,0.002175896879296043,0.2798165331473819,0.0784460358580665,0.6395615341152553,25,50,10
28,5895,0.0021676749370382466,0.27982478624502266,0.07844600471260207,0.6395615341053368,25,50,10
28,5896,0.0030580823481911623,0.2798247862451984,0.07844629319266376,0.6386708382139468,25,50,10
28,5897,0.0025230145453216503,0.27983103548787636,0.07897511179881281,0.638670838167989,25,50,10
28,5898,0.0025232240170315876,0.27983103548800153,0.07897511313189648,0.6386706273630705,25,50,10
28,5899,0.001625004264277984,0.27983103548777355,0.07897481993851689,0.6395691403094317,25,50,10
28,5900,0.0016330214331689266,0.27983103548782773,0.07897484492604388,0.6395610981529596,25,50,10
28,5901,0.0016349828168067987,0.27982906796870316,0.07897485105166195,0.6395610981628282,25,50,10
28,5902,0.0016368433415456052,0.27982906796880835,0.07897485967091762,0.6395592290187285,25,50,10
28,5903,0.0015296271278569767,0.27982281842655615,0.07908832543021244,0.6395592290153744,25,50,10
28,5904,0.0015296546460067454,0.2798228184265893,0.07908832480814526,0.6395592021192591,25,50,10
28,5905,0.0015355361998664694,0.279822818426589,0.07908832470227974,0.6395533206712651,25,50,10
28,5906,0.0015641639255511972,0.2798228184286831,0.07908856582746418,0.6395244518183018,25,50,10
28,5907,0.00156027529573784,0.27982674772802174,0.07908852516287686,0.6395244518133638,25,50,10
28,5908,0.0015738354381843833,0.2798267477280189,0.07908852683920763,0.6395108899945892,25,50,10
28,5909,0.0015757989292633453,0.2798267477281402,0.07908853558224631,0.6395089177603499,25,50,10
28,5910,0.0015620287464740467,0.2798267477281068,0.07908853232758835,0.6395226911978305,25,50,10
28,5911,0.002031756995691663,0.27982674773438004,0.07908895859684315,0.6390525366730848,25,50,10
28,5912,0.0020333701925366616,0.27982674773443206,0.07908896319490663,0.6390509188781247,25,50,10
28,5913,0.0020314390958919262,0.27982868372830977,0.07908895830779546,0.6390509188680028,25,50,10
28,5914,0.002026937803064893,0.2798286837283259,0.0790889305869223,0.639055447881687,25,50,10
28,5915,0.002026905378847038,0.27982868372828995,0.07908892805077426,0.6390554828420886,25,50,10
28,5916,0.0020269103052873126,0.27982867931870825,0.0790889275384178,0.6390554828375865,25,50,10
28,5917,0.002014469324204407,0.2798286793187394,0.07908887651829224,0.6390679748387637,25,50,10
28,5918,0.0012920514355722137,0.27982902555555517,0.0798110109915385,0.6390679120173336,25,50,10
28,5919,0.0012920538593102259,0.2798290255555568,0.07981101115277517,0.6390679094323574,25,50,10
28,5920,0.0012843474101587055,0.2798290255554883,0.07981100737764431,0.6390756196567083,25,50,10
28,5921,0.0012922986734554874,0.2798290255555583,0.07981101336574127,0.6390676624052447,25,50,10
28,5922,0.0012914050170560732,0.27982902556639216,0.07981190700619019,0.6390676624103623,25,50,10
28,5923,0.0016191553466457615,0.2798290255686102,0.07981255528977887,0.6387392637949659,25,50,10
28,5924,0.0016130211547283556,0.2798290255686274,0.079812552402508,0.638745400874137,25,50,10
28,5925,0.0016044529182124639,0.2798434380610389,0.07980670816260552,0.6387454008581438,25,50,10
28,5926,0.0016044643379153887,0.2798434380610209,0.0798067096968468,0.6387453879042175,25,50,10
28,5927,0.0016044987810857443,0.27984343806103934,0.07980671112127585,0.6387453520365993,25,50,10
28,5928,0.0016026431639756605,0.27984530385231876,0.07980670095646251,0.6387453520272435,25,50,10
28,5929,0.0016025714544015274,0.2798453038523019,0.07980670782763508,0.6387454168656619,25,50,10
28,5930,0.0016166920337452597,0.2798453038524805,0.07980672179341167,0.6387312823203627,25,50,10
28,5931,0.0017501031189415153,0.27971146107894823,0.07980715288787468,0.6387312829142356,25,50,10
28,5932,0.0017499642196225755,0.2797114610789304,0.07980715161280595,0.6387314230886412,25,50,10
28,5933,0.0017526324512453072,0.2797114610851471,0.07980719876136778,0.63872870770224,25,50,10
28,5934,0.0017384064182544014,0.27971146108495093,0.07980718454574483,0.63874294795105,25,50,10
28,5935,0.0017326599216046137,0.27971146108496886,0.07980718586783567,0.638748693125591,25,50,10
28,5936,0.002292980674697916,0.27971110886676176,0.07924721744668319,0.638748693011857,25,50,10
28,5937,0.002291123633776407,0.2797111088666917,0.07924721142080055,0.6387505560787311,25,50,10
28,5938,0.002291013772253816,0.2797111088738063,0.07924732809231012,0.6387505492616296,25,50,10
28,5939,0.002297074915221981,0.2797111088738056,0.07924732790857586,0.6387444883023966,25,50,10
28,5940,0.0022972203875093024,0.27971095635530185,0.07924733493961185,0.638744488317577,25,50,10
28,5941,0.002292913779167406,0.27971095635531723,0.07924733694884167,0.6387487929166737,25,50,10
28,5942,0.0022970108887298483,0.2797109563552837,0.07924733367167361,0.6387446990843129,25,50,10
28,5943,0.0023189042785003024,0.27968905227030866,0.07924734434767919,0.6387446991035118,25,50,10
28,5944,0.002316908503407741,0.2796890522702036,0.07924733681712502,0.6387467024092637,25,50,10
28,5945,0.0018412607256877407,0.27968905226391216,0.07924690933424271,0.639222777676157,25,50,10
28,5946,0.0018395384399807271,0.2796890522638254,0.07924690209471136,0.6392245072014826,25,50,10
28,5947,0.0018436371290238274,0.2796890522637885,0.07924689544647784,0.6392204151607103,25,50,10
28,5948,0.001829822892393882,0.2796890522637543,0.07924688927405867,0.639234235569794,25,50,10
28,5949,0.001823801663082003,0.2796890522637368,0.07924688798162294,0.639240258091559,25,50,10
28,5950,0.0018211339695782802,0.27968905225752044,0.07924684082894229,0.6392429729439599,25,50,10
28,5951,0.0018270193244374184,0.2796831669584584,0.0792468407734017,0.6392429729437032,25,50,10
28,5952,0.001821262711421054,0.2796831669584399,0.07924684192008527,0.6392487284100543,25,50,10
28,5953,0.0016878497164596001,0.27981701128848085,0.0792464111742839,0.639248727820776,25,50,10
28,5954,0.0016878479709465366,0.27981701128848174,0.07924641123905957,0.6392487295015126,25,50,10
28,5955,0.0016917017544103275,0.27981701128862313,0.0792464233985862,0.6392448635583808,25,50,10
28,5956,0.0018389013643132508,0.27981701129302883,0.0792468023000361,0.6390972850426223,25,50,10
28,5957,0.001838941730766041,0.27981701129301323,0.07924680264487656,0.6390972443313445,25,50,10
28,5958,0.0018448992906916544,0.2798170112930304,0.0792467957324802,0.639091293683798,25,50,10
28,5959,0.0018447616099592557,0.27981701129301223,0.07924679441276115,0.6390914326842675,25,50,10
28,5960,0.0020753112572130033,0.2795861602741318,0.0792470957597339,0.6390914327089215,25,50,10
28,5961,0.0020752493328945625,0.2795862251316702,0.07924709281655085,0.6390914327188844,25,50,10
28,5962,0.002069293788516307,0.2795862251316333,0.07924709012285311,0.6390973909569975,25,50,10
28,5963,0.0020633337935859614,0.279586225131616,0.079247158338399,0.6391032827363992,25,50,10
28,5964,0.0021011197670707175,0.27958622513189796,0.07924718261680115,0.6390654724842305,25,50,10
28,5965,0.002101226092474172,0.2795862251318804,0.07924718230890299,0.639065366466743,25,50,10
28,5966,0.002101015038077906,0.2795862251318459,0.07924718177153368,0.6390655780585427,25,50,10
28,5967,0.0018750092313233866,0.27958657061804265,0.0794728420028425,0.6390655781477912,25,50,10
28,5968,0.0018750364728180083,0.2795865706181135,0.07947284571900746,0.6390655471900607,25,50,10
28,5969,0.001881026706898719,0.27958657061813097,0.07947284594496667,0.639059556730003,25,50,10
28,5970,0.0018772080581140602,0.27958657061801045,0.07947283775846832,0.6390633835654067,25,50,10
28,5971,0.0019249641788703575,0.2795865706184889,0.07947287733696701,0.6390155878656734,25,50,10
28,5972,0.0019250984954717351,0.27958643246687426,0.07947288117139378,0.63901558786626,25,50,10
28,5973,0.0019251591905722067,0.279586368894482,0.07947288405873676,0.639015587856209,25,50,10
28,5974,0.0019310813400377905,0.27958044530587656,0.07947288551207954,0.6390155878420063,25,50,10
28,5975,0.0019387838320122238,0.2795726083335053,0.07947301999821939,0.6390155878362631,25,50,10
28,5976,0.0019387876066874602,0.27957260833350656,0.07947302005709675,0.6390155840027091,25,50,10
28,5977,0.0019449526589857,0.27956643970154427,0.07947302363659813,0.6390155840028716,25,50,10
28,5978,0.0019388559119970553,0.2795725370212094,0.07947302306441971,0.6390155840023736,25,50,10
28,5979,0.0019448206481625762,0.2795725370211747,0.07947302158441723,0.6390096207462456,25,50,10
28,5980,0.0019129882242249299,0.27957253702092866,0.07947299995088035,0.639041474803966,25,50,10
28,5981,0.001859274267775873,0.27957253702050244,0.07947296318357841,0.6390952255281429,25,50,10
28,5982,0.0018611314285455422,0.2795725370205738,0.07947296926634079,0.6390933622845397,25,50,10
28,5983,0.0018910099398726642,0.27957253702078444,0.07947298645153339,0.6390634665878094,25,50,10
28,5984,0.0018830274236432496,0.27957253702073104,0.0794729806208439,0.6390714549347818,25,50,10
28,5985,0.0018771857336976469,0.2795779867335564,0.07947337257337433,0.6390714549593715,25,50,10
28,5986,0.001877080050578426,0.2795780970642201,0.07947336792625198,0.6390714549589496,25,50,10
28,5987,0.0018552920020225366,0.2795998954892906,0.07947335755933237,0.6390714549493547,25,50,10
28,5988,0.0018493365099347054,0.27959989548925435,0.07947335490296945,0.6390774130978418,25,50,10
28,5989,0.0016250039253594836,0.27982442744387526,0.07947315499945905,0.6390774136313064,25,50,10
28,5990,0.0020946960400000155,0.27982442744820907,0.07947352554879622,0.6386073509629945,25,50,10
28,5991,0.0021086036026151814,0.2798244274482956,0.0794734632748669,0.6385935056742218,25,50,10
28,5992,0.0021224105677031834,0.27982442744832686,0.07947346493877756,0.638579697045192,25,50,10
28,5993,0.002116128179272897,0.2798308110298823,0.07947336430334341,0.638579696487501,25,50,10
28,5994,0.015133543529796525,0.27983070067349375,0.06645600323378459,0.6385797525629247,25,50,10
28,5995,0.015147380705657054,0.27983070067356314,0.06645600915963047,0.6385659094611488,25,50,10
28,5996,0.015259200341455842,0.27983070066650356,0.06645633469972242,0.638453764292318,25,50,10
28,5997,0.014900855655260486,0.27983070066206783,0.0664554363480526,0.6388130073346193,25,50,10
28,5998,0.014908836134774095,0.27983070066213905,0.06645544245442911,0.6388050207486577,25,50,10
28,5999,0.014900917223166226,0.2798307006621065,0.06645543817354867,0.6388129439411788,25,50,10
28,6000,0.014893000136809467,0.2798307006620543,0.06645543346473753,0.6388208657363988,25,50,10
28,6001,0.014885050175663866,0.27983070066198423,0.06645542744699903,0.638828821715353,25,50,10
28,6002,0.014885155916075078,0.27983070066200183,0.06645542768738681,0.6388287157345363,25,50,10
28,6003,0.014898990982899936,0.27983070066207144,0.06645543366904386,0.6388148746859845,25,50,10
28,6004,0.014795093476736553,0.2798307006619428,0.06645499478181877,0.6389192110795018,25,50,10
28,6005,0.0014515922156929152,0.2798900259299552,0.07973922680937841,0.6389191550449734,25,50,10
28,6006,0.001451517028870685,0.27989002592997236,0.07973922874037895,0.6389192283007779,25,50,10
28,6007,0.0014468222091305557,0.27983046554718455,0.07980348394462453,0.6389192282990603,25,50,10
28,6008,0.0014506761827599024,0.27982659669445176,0.07980349881412428,0.6389192283086641,25,50,10
28,6009,0.0014645786954365083,0.27981268943511467,0.07980350355637734,0.6389192283130715,25,50,10
28,6010,0.0014488891842881035,0.27981268943497395,0.07980349349774835,0.6389349278829893,25,50,10
28,6011,0.0014489982181910875,0.2798126894350659,0.0798034956529143,0.6389348166938286,25,50,10
28,6012,0.0014491408276452184,0.2798125449428051,0.07980349752585936,0.6389348167036902,25,50,10
28,6013,0.0014551634109634807,0.2797981324387345,0.07981188745138175,0.6389348166989206,25,50,10
28,6014,0.0014472139945000166,0.27979813243870116,0.07981188504998414,0.6389427685168153,25,50,10
28,6015,0.0009833747263851005,0.27979813243433227,0.07981151363109242,0.6394069792081911,25,50,10
28,6016,0.0009832352311442488,0.279798132434261,0.07981150749770906,0.6394071248368867,25,50,10
28,6017,0.0009773517430326595,0.2797981324343157,0.07981150789428784,0.6394130079283648,25,50,10
28,6018,0.0009714617011868813,0.27979813243430157,0.07981151227158284,0.6394188935929295,25,50,10
28,6019,0.000971384117466894,0.27979813243426377,0.07981151103656824,0.639418972411702,25,50,10
28,6020,0.0009773751892897357,0.2797981324342474,0.0798115098393921,0.6394129825370716,25,50,10
28,6021,0.0009830080692031227,0.2797928926175936,0.07981111680071232,0.639412982512492,25,50,10
28,6022,0.000990683635495018,0.27979289261766244,0.07981112271186533,0.6394053010349782,25,50,10
28,6023,0.0009910666738051647,0.27979289261764484,0.07981112546045856,0.6394049152480923,25,50,10
28,6024,0.0009930326767468942,0.27979289261776785,0.07981113434803032,0.6394029403574552,25,50,10
28,6025,0.000993249856660935,0.2797928926177325,0.07981113385663963,0.6394027236689673,25,50,10
28,6026,0.000987293029924538,0.27979884818127054,0.07981113511967032,0.639402723669135,25,50,10
28,6027,0.0009874301435563427,0.27979884818128936,0.0798111365128554,0.6394025851622996,25,50,10
28,6028,0.0009794776407876739,0.27980680342855263,0.07981113377762267,0.639402585153038,25,50,10
28,6029,0.0009802612108605814,0.279806803505262,0.0798103495249746,0.6394025857589035,25,50,10
28,6030,0.0009740190468101381,0.27980680350526044,0.07981034833171875,0.6394088291162113,25,50,10
28,6031,0.000978049616775898,0.2798068035051553,0.07981034037221604,0.6394048065058534,25,50,10
28,6032,0.0010020692800804826,0.27980680351042986,0.07981047431652924,0.639380652892961,25,50,10
28,6033,0.0010161528467969242,0.27980680351056814,0.07981047812652613,0.6393665655161093,25,50,10
28,6034,0.0010475455086465144,0.2798068034325881,0.07977908610532376,0.639366564953442,25,50,10
28,6035,0.0010475522616332363,0.27980679644517914,0.07977908633947896,0.6393665649537091,25,50,10
28,6036,0.00105154053036096,0.2798027949238134,0.0797790995729134,0.6393665649729129,25,50,10
28,6037,0.0010514331269571334,0.27980279492379495,0.07977909919891918,0.6393666727503293,25,50,10
28,6038,0.001015234619534167,0.2798027993642253,0.07981529329963101,0.6393666727166101,25,50,10
28,6039,0.0009000079814325951,0.2798031562276934,0.07993016312678485,0.6393666726640883,25,50,10
28,6040,0.0008920909308219104,0.2798031562276418,0.07993015849269791,0.6393745943488376,25,50,10
28,6041,0.0008919503950981668,0.2798031562275701,0.07993015525459846,0.639374738122732,25,50,10
28,6042,0.0008999114342039381,0.2797951872053315,0.07993016323840672,0.6393747381220569,25,50,10
28,6043,0.0008938149180944168,0.27979518720529545,0.07993016260522706,0.6393808352713822,25,50,10
28,6044,0.000900133041556286,0.2797951872074583,0.07993017274831439,0.6393745070026703,25,50,10
28,6045,0.000752930467517469,0.27979518720305147,0.07992979375009657,0.6395220885793341,25,50,10
28,6046,0.0007406692616902416,0.2797951872029789,0.07992978945781132,0.6395343540775192,25,50,10
28,6047,0.0007386023058410619,0.2797951872031025,0.07992980031349925,0.6395364101775568,25,50,10
28,6048,0.0007427349096681639,0.27979518720301305,0.07992979386203158,0.6395322840252871,25,50,10
28,6049,0.0008741816691917895,0.2797951827668712,0.07979834958259419,0.6395322859813423,25,50,10
28,6050,0.0008820290457449357,0.27979518276695836,0.07979835515609347,0.6395244330312024,25,50,10
28,6051,0.0008700472214372766,0.2798072999329332,0.07979821980966208,0.639524433035967,25,50,10
28,6052,0.0008700849221761173,0.27980729993297077,0.07979822154373443,0.6395243936011181,25,50,10
28,6053,0.0008764599256663233,0.27980729993297254,0.07979822373796357,0.6395180164033967,25,50,10
28,6054,0.0008823414556391478,0.27980729993291775,0.07979822334172662,0.6395121352697155,25,50,10
28,6055,0.000858181631871267,0.2798072999276232,0.07979808792985253,0.6395364305106522,25,50,10
28,6056,0.0011944947516368376,0.2798073043409452,0.0794617715099993,0.6395364293974181,25,50,10
28,6057,0.0013237234455939287,0.2796777025069629,0.07946214376543814,0.6395364302820047,25,50,10
28,6058,0.0013177318281628217,0.27967770250698043,0.07946214408312152,0.6395424215817349,25,50,10
28,6059,0.00131783602652854,0.27967759983962137,0.07946214254260066,0.6395424215912493,25,50,10
28,6060,0.0013199422554247314,0.2796755077129751,0.07946212845947144,0.6395424215721286,25,50,10
28,6061,0.00178963398489233,0.2796755077172734,0.07946249798344834,0.639072360314386,25,50,10
28,6062,0.0018037892539616257,0.2796755033087037,0.07944834737690648,0.6390723600604282,25,50,10
28,6063,0.0018034074311849627,0.27967550330872026,0.07944834456137588,0.6390727446987189,25,50,10
28,6064,0.0017973430068854563,0.2796815670508821,0.07944834524360099,0.6390727446986314,25,50,10
28,6065,0.0018129183818094722,0.2796815670488769,0.07944834639700643,0.6390571681723072,25,50,10
28,6066,0.0022834134005901285,0.2792106910968897,0.07944872671191332,0.6390571687906068,25,50,10
28,6067,0.0022893735981295606,0.2792045968638026,0.0794488607569833,0.6390571687810844,25,50,10
28,6068,0.0021465118860231245,0.27934783436940597,0.07944848529010674,0.6390571684544643,25,50,10
28,6069,0.002140975495926329,0.2793478343715131,0.07944849162521993,0.6390626985073404,25,50,10
28,6070,0.0021271377414476263,0.2793478343714428,0.07944848560239473,0.6390765422847148,25,50,10
28,6071,0.0021211457414509476,0.27935382444217927,0.07944848753165941,0.6390765422847103,25,50,10
28,6072,0.0021271398256820203,0.279353824442162,0.07944848725572856,0.6390705484764275,25,50,10
28,6073,0.0021209059240572476,0.27935382444225026,0.07944849064262971,0.6390767789910626,25,50,10
28,6074,0.0021209411665431012,0.27935382444225143,0.07944849179965688,0.6390767425915481,25,50,10
28,6075,0.0021211876627452576,0.27935382444223483,0.07944849362102706,0.6390764942739925,25,50,10
28,6076,0.0021173407845994983,0.2793538244420938,0.07944848151027087,0.6390803532630353,25,50,10
28,6077,0.0021354281475551022,0.2793538244441824,0.07944856981572035,0.6390621775925416,25,50,10
28,6078,0.00212943363908606,0.27935995478267034,0.0794484339857759,0.6390621775924672,25,50,10
28,6079,0.002107756093804024,0.27935995478254805,0.07944842325361011,0.639083865870037,25,50,10
28,6080,0.0021137456480697808,0.2793599547825652,0.0794484236032442,0.6390778759661196,25,50,10
28,6081,0.0021154556137128354,0.2793599547825987,0.0794484281257025,0.639076161477985,25,50,10
28,6082,0.002119967320387794,0.2793599547878638,0.07944849594154474,0.6390715819502026,25,50,10
28,6083,0.0021180419043821852,0.2793599547877944,0.0794485344571965,0.6390734688506258,25,50,10
28,6084,0.002122517129556346,0.27935995478799397,0.0794485474497662,0.6390689806326822,25,50,10
28,6085,0.0021184534644850444,0.27935995478820963,0.07944855856097231,0.6390730331863318,25,50,10
28,6086,0.002118453300588967,0.2793599549574095,0.0794485585556775,0.6390730331863229,25,50,10
28,6087,0.0021216846485187786,0.279359954957279,0.07944854948809577,0.6390698109061053,25,50,10
28,6088,0.0021272189587205987,0.27935443104344143,0.07944853965913902,0.6390698103386978,25,50,10
28,6089,0.0021253573989998714,0.27935443104328017,0.07944853153647796,0.6390716800212409,25,50,10
28,6090,0.0016588368461750236,0.2798212625136501,0.07944822037471816,0.6390716802654558,25,50,10
28,6091,0.0017843809723021569,0.2798212625198551,0.07944863412893191,0.63894572237891,25,50,10
28,6092,0.0017799058857017025,0.2798212625146272,0.07944856887809801,0.6389502627215724,25,50,10
28,6093,0.001788273951174964,0.2798212625147529,0.07944857899706641,0.6389418845370056,25,50,10
28,6094,0.0016548092411885437,0.27982126250845996,0.07944815793903193,0.6390757703113195,25,50,10
28,6095,0.0016551612184163788,0.2798212625084785,0.07944815932892252,0.6390754169441825,25,50,10
28,6096,0.001660765228078131,0.27982126250844114,0.0794481565466508,0.6390698157168299,25,50,10
28,6097,0.001660765153139713,0.2798212625084412,0.07944815654633379,0.6390698157920852,25,50,10
28,6098,0.0016607321287950994,0.2798212625084053,0.07944815491363506,0.6390698504491645,25,50,10
28,6099,0.001664865858054538,0.27981713510681766,0.07944814860016235,0.6390698504349657,25,50,10
28,6100,0.001674798938028992,0.27980726879007933,0.07944808268525085,0.6390698495866409,25,50,10
28,6101,0.0016747305260224569,0.2798073415689411,0.07944807831865024,0.6390698495863864,25,50,10
28,6102,0.0016827846878566053,0.2797992792413382,0.07944808674634776,0.6390698493244574,25,50,10
28,6103,0.0016611438150334896,0.27979927924126907,0.079448177184563,0.6390913997591346,25,50,10
28,6104,0.0016550805497699342,0.2798053401620752,0.0794481795290202,0.639091399759135,25,50,10
28,6105,0.001655081254389042,0.279805338588295,0.07944818039818091,0.6390913997591352,25,50,10
28,6106,0.0016551160625473769,0.279805338588314,0.0794481818097785,0.6390913635393605,25,50,10
28,6107,0.0016550871438686615,0.27980533858824314,0.07944807987047713,0.6390914943974115,25,50,10
28,6108,0.001649064024899356,0.27980533858820844,0.0794480783593366,0.639097519027556,25,50,10
28,6109,0.0016490683614401127,0.2798053337876738,0.07944807881864921,0.6390975190322374,25,50,10
28,6110,0.001655027930764702,0.2798053337877433,0.07944808081431214,0.63909155746718,25,50,10
28,6111,0.0020113091324968865,0.2794482565631203,0.0794488762369991,0.639091558067384,25,50,10
28,6112,0.002003679349912761,0.27945589467799115,0.07944886792359497,0.6390915580485015,25,50,10
28,6113,0.001527963301397303,0.27945589467365684,0.07944849674762028,0.6395676452773257,25,50,10
28,6114,0.0015180119150811195,0.279455894675834,0.07944850872143384,0.6395775846876511,25,50,10
28,6115,0.0015222830356304375,0.2794558946758521,0.07944850914361715,0.6395733131449004,25,50,10
28,6116,0.0015222113580967312,0.27945589467602755,0.07944856415224331,0.6395733298136328,25,50,10
28,6117,0.0015223527104581828,0.2794558946757979,0.07944850622139331,0.639573246392351,25,50,10
28,6118,0.0015223484367555653,0.27945589863753667,0.07944850652867971,0.6395732463970286,25,50,10
28,6119,0.0011661394717487241,0.2798129069586125,0.07944770777281651,0.639573245796823,25,50,10
28,6120,0.0011582224480582138,0.2798208295220364,0.07944770224710605,0.6395732457828,25,50,10
28,6121,0.0011578972852574003,0.2798211584667128,0.07944769848485836,0.6395732457631721,25,50,10
28,6122,0.0011658143010087317,0.2798132363951926,0.07944770353136459,0.6395732457724347,25,50,10
28,6123,0.0011656621997975835,0.27981323639519146,0.07944770294763794,0.6395733984573737,25,50,10
28,6124,0.0011532656947493452,0.27981323639515243,0.07944770003032899,0.6395857978797701,25,50,10
28,6125,0.0011613847481239572,0.279813236395224,0.07944770622911307,0.63957767262754,25,50,10
28,6126,0.0011617679072503054,0.2798132363952775,0.07944770915484287,0.6395772865426302,25,50,10
28,6127,0.0011676892775603163,0.2798073100988392,0.07944771406642845,0.6395772865571729,25,50,10
28,6128,0.0011733587332295316,0.2798073100967677,0.0794477097314305,0.6395716214385735,25,50,10
28,6129,0.0011733907146915705,0.27980731009678617,0.07944771106064091,0.6395715881278824,25,50,10
28,6130,0.0011673638224835904,0.2798133321057667,0.0794477159584931,0.6395715881132576,25,50,10
28,6131,0.0011574399468941242,0.27981332480894056,0.07945764687317933,0.6395715883709869,25,50,10
28,6132,0.0011574371239058564,0.27981332480894144,0.07945760322312528,0.6395716348440282,25,50,10
28,6133,0.0011515886962612165,0.2798191700413094,0.07945760642299143,0.6395716348394388,25,50,10
28,6134,0.001159436197445767,0.2798191700415572,0.07945762442931033,0.6395637693316875,25,50,10
28,6135,0.00116146747061204,0.2798191700393459,0.07945761017352942,0.6395617523165135,25,50,10
28,6136,0.0011674261180468074,0.27981917003936163,0.07945760932285716,0.6395557945197353,25,50,10
28,6137,0.001181183222404509,0.2798191700394497,0.07945763948308569,0.6395420072550608,25,50,10
28,6138,0.001167347319285962,0.2798330119719719,0.0794576334631972,0.6395420072455459,25,50,10
28,6139,0.001159639181218194,0.279833011971725,0.07945761657807514,0.6395497322689827,25,50,10
28,6140,0.0011415143153560106,0.2798330119695634,0.07945752298773626,0.6395679507273447,25,50,10
28,6141,0.0011414839052266295,0.27983301196954524,0.07945751956694883,0.6395679845582796,25,50,10
28,6142,0.0011573986892559783,0.27983266228561804,0.07944195526271586,0.6395679837624108,25,50,10
28,6143,0.0011572951112978646,0.2798326622856011,0.07944195500155306,0.6395680876015486,25,50,10
28,6144,0.001157398713400578,0.27983266228561826,0.0794419552678186,0.6395679837331627,25,50,10
28,6145,0.00115743629926225,0.2798326622856542,0.07944195696499584,0.6395679444500875,25,50,10
28,6146,0.0016456283438734875,0.279338102410219,0.07944832199672515,0.6395679472491822,25,50,10
28,6147,0.0016395009222020334,0.2793381024102356,0.07944832120650626,0.6395740754610559,25,50,10
28,6148,0.0016354754917844595,0.2793381024103427,0.07944832989091957,0.6395780922069533,25,50,10
28,6149,0.001635475493322995,0.27933810241034296,0.07944832989787283,0.6395780921984612,25,50,10
28,6150,0.004700496781581359,0.2793381090821536,0.07638330140035221,0.6395780927359125,25,50,10
28,6151,0.004700493672864316,0.2793381139856968,0.0763832995960083,0.6395780927454303,25,50,10
28,6152,0.004700633933762991,0.2793381139857523,0.07638330231574997,0.6395779497647345,25,50,10
28,6153,0.004688453528341883,0.27933811398568037,0.07638327522987687,0.6395901572561004,25,50,10
28,6154,0.004702292584079473,0.2793381139857329,0.07638328099476975,0.6395763124354178,25,50,10
28,6155,0.004702230705214892,0.2793381139857316,0.07638328081929556,0.6395763744897577,25,50,10
28,6156,0.004708221040422196,0.2793321239252612,0.07638328054923883,0.6395763744850776,25,50,10
28,6157,0.004706361052500929,0.2793321239251548,0.07638327187934979,0.639578243142994,25,50,10
28,6158,0.004704219784838358,0.2793342530455719,0.07638328400738781,0.6395782431622015,25,50,10
28,6159,0.0016315833078578996,0.2793541400008308,0.079436034060006,0.6395782426313051,25,50,10
28,6160,0.0016355765037538402,0.2793541400009722,0.07943604723229512,0.6395742362629786,25,50,10
28,6161,0.0016414316546929416,0.2793541400009552,0.07943604746627804,0.6395683808780734,25,50,10
28,6162,0.0016353037485338426,0.279360268586678,0.07943604678679335,0.6395683808779947,25,50,10
28,6163,0.0011516858581403664,0.2793605324094311,0.07991940144192662,0.6395683802905016,25,50,10
28,6164,0.0011516822523623678,0.2793605324095735,0.07991941179628854,0.6395683735417753,25,50,10
28,6165,0.0011555713020276162,0.2793605324096988,0.07991942488234394,0.6395644714059293,25,50,10
28,6166,0.001159988367561288,0.2793605324096141,0.07991942103001148,0.6395600581928131,25,50,10
28,6167,0.001174358317196072,0.27936053240961894,0.07991942744868565,0.6395456818244993,25,50,10
28,6168,0.0020841111265332314,0.2793406387925785,0.07902791273363478,0.6395473373472529,25,50,10
28,6169,0.002121897511105287,0.2793406387928795,0.07902793836382446,0.6395095253321903,25,50,10
28,6170,0.0016398012674963558,0.2798291004954796,0.07902157570392845,0.6395095225330953,25,50,10
28,6171,0.0016397320759788867,0.27982910049546206,0.07902157554129574,0.6395095918872632,25,50,10
28,6172,0.0016395950424810677,0.2798291004954252,0.07902157385130935,0.6395097306107842,25,50,10
28,6173,0.0016400164413271387,0.2798291004952153,0.07902155679704373,0.6395093262664135,25,50,10
28,6174,0.0016399809841792382,0.2798291004951614,0.07902155286402578,0.6395093656566331,25,50,10
28,6175,0.0016361307742682005,0.2798329608089375,0.07902154277434849,0.6395093656424455,25,50,10
28,6176,0.0016360906330827255,0.27983296080892145,0.07902154566938274,0.6395094028886124,25,50,10
28,6177,0.0016423264767437876,0.2798267239804175,0.07902154665406118,0.6395094028887768,25,50,10
28,6178,0.0016384718570428337,0.27983058887679213,0.07902153637763865,0.6395094028885258,25,50,10
28,6179,0.001640325418593886,0.2798305888768795,0.07902154293882231,0.6395075427657035,25,50,10
28,6180,0.0016403242191568453,0.2798305888767362,0.07902153251320782,0.6395075543908983,25,50,10
28,6181,0.001640462296740746,0.27983045966948483,0.07902152364262495,0.6395075543911488,25,50,10
28,6182,0.0016463833809255576,0.2798245364094729,0.07902152580417163,0.6395075544054293,25,50,10
28,6183,0.0016479779062111507,0.27982427257947284,0.07902019511052943,0.6395075544037863,25,50,10
28,6184,0.0016342776539915221,0.2798242725794569,0.07902019204612212,0.6395212577204292,25,50,10
28,6185,0.0016362813869013248,0.2798242725793321,0.0790201790409556,0.6395192669928105,25,50,10
28,6186,0.001644373874805562,0.27982427257942283,0.07902018654059734,0.6395111670051739,25,50,10
28,6187,0.0021101500735079613,0.27982427258376025,0.07902056267199208,0.6390450146707392,25,50,10
28,6188,0.0021103612736616067,0.27982406263953097,0.07902056142082187,0.6390450146659853,25,50,10
28,6189,0.0020961286947166406,0.2798240626395609,0.07902055669179793,0.6390592519739241,25,50,10
28,6190,0.0020583442446147145,0.2798240626392611,0.07902053131143694,0.6390970618046868,25,50,10
28,6191,0.002062514272749907,0.2798240626391918,0.0790205260987905,0.6390928969892674,25,50,10
28,6192,0.002056763983836531,0.2798240626392105,0.07902052745451811,0.6390986459224349,25,50,10
28,6193,0.0020526668228194604,0.2798281565207472,0.07902053073424889,0.6390986459221843,25,50,10
28,6194,0.0020386888017918537,0.27982815652065657,0.07902052320086689,0.6391126314766845,25,50,10
28,6195,0.002044679048019773,0.27982216827864237,0.07902052120150582,0.6391126314718317,25,50,10
28,6196,0.0020689321595870765,0.2798221682787185,0.07902067954822617,0.6390882200134681,25,50,10
28,6197,0.0020747123159335504,0.2798221682787012,0.07902067830196899,0.639082441103396,25,50,10
28,6198,0.002087256630266875,0.2798221682789184,0.07900813399662032,0.639082441094194,25,50,10
28,6199,0.0020891908372879745,0.2798221682790244,0.07900813856811356,0.6390805023155736,25,50,10
28,6200,0.0020888756830701183,0.27982216827911094,0.07900814867103716,0.6390808073667813,25,50,10
28,6201,0.002082917984301323,0.2798281274242235,0.07900814722435469,0.6390808073671201,25,50,10
28,6202,0.0020866313401589095,0.2798281274243272,0.07900815790142075,0.6390770833340926,25,50,10
28,6203,0.0020864956417159814,0.2798282639851282,0.07900815703923271,0.6390770833339228,25,50,10
28,6204,0.002086249968768992,0.27982851036832845,0.07900815632446452,0.6390770833384376,25,50,10
28,6205,0.0020900997363299976,0.27982851036845013,0.0790081699634587,0.6390732199317608,25,50,10
28,6206,0.002088662186934426,0.2798299497657759,0.07900816811024003,0.6390732199370492,25,50,10
28,6207,0.0018611265138805024,0.27982994976574516,0.07900830106529261,0.6393006226550816,25,50,10
28,6208,0.0018569920053155768,0.27983407843511243,0.07900830689521814,0.6393006226643536,25,50,10
28,6209,0.0018507481991302645,0.2798340784351291,0.07900830487449646,0.6393068684912442,25,50,10
28,6210,0.0016125518899609585,0.27983407843089536,0.0790077933048814,0.6395455763742623,25,50,10
28,6211,0.0016128030695197685,0.2798338247593485,0.0790077957916946,0.6395455763794369,25,50,10
28,6212,0.0016129793223454455,0.27983364511369957,0.07900779918433232,0.6395455763796225,25,50,10
28,6213,0.0016126995273262194,0.27983364511369735,0.07900779708886504,0.6395458582701108,25,50,10
28,6214,0.001612980852332037,0.2798336451138589,0.07900780335155559,0.6395455706822534,25,50,10
28,6215,0.0016192211201205987,0.27983364511382386,0.07900780486158421,0.6395393289044712,25,50,10
28,6216,0.0020888710079189836,0.279363625136375,0.07900817436248647,0.6395393294932193,25,50,10
28,6217,0.0020989846865094165,0.27936362513590673,0.07899806065427481,0.6395393295233088,25,50,10
28,6218,0.0020969887111887105,0.2793636251357995,0.0789980550117608,0.6395413311412509,25,50,10
28,6219,0.002104658853868221,0.2793636251356905,0.07899805308656442,0.6395336629238767,25,50,10
28,6220,0.00210430811639122,0.2793639774570123,0.0789980515217814,0.6395336629048152,25,50,10
28,6221,0.002102531021067646,0.27936397745838243,0.07899982862148275,0.6395336628990671,25,50,10
28,6222,0.002096258788349032,0.27936397745839986,0.07899982639557665,0.6395399373576744,25,50,10
28,6223,0.0021121604986213726,0.27936397745852265,0.07899983714953174,0.6395240248933242,25,50,10
28,6224,0.0011863052639436054,0.2793639774473485,0.04454307313717656,0.6749066441515309,25,50,10
28,6225,0.0011822738273194369,0.2793639774474007,0.04454307887446822,0.6749106698508107,25,50,10
28,6226,0.0011819284609463972,0.2793639774471044,0.039956197014049386,0.6794978970778992,25,50,10
28,6227,0.0011535038120680308,0.279363977447079,0.03995604327041827,0.679526475470434,25,50,10
28,6228,0.0011672739669843079,0.2793502041535674,0.03995604640008787,0.6795264754793598,25,50,10
28,6229,0.001173159442956211,0.27935020415356737,0.03995604641251007,0.679520589990966,25,50,10
28,6230,0.0011734074967411896,0.279350204153553,0.039956047401227476,0.679520340948478,25,50,10
28,6231,0.001171543618531934,0.27935020415348216,0.03995604130960427,0.6795222109183812,25,50,10
28,6232,0.0007037104539620667,0.27981840367016997,0.039955675536897675,0.6795222103389699,25,50,10
28,6233,0.0007119432617752232,0.27981840367027727,0.039955684310496155,0.6795139687574508,25,50,10
28,6234,0.0007257793291754783,0.27980456103065826,0.03995569086843759,0.6795139687717284,25,50,10
28,6235,0.0007258872707633998,0.2798045610306586,0.03995569089363484,0.6795138608049429,25,50,10
28,6236,0.0007556930476111049,0.2797747373652082,0.039955708767727104,0.6795138608194533,25,50,10
28,6237,0.0007256808868155522,0.27980476750909045,0.03995569078917817,0.6795138608149155,25,50,10
28,6238,0.0007197226782247238,0.2798107239954396,0.03995569251601719,0.6795138608103182,25,50,10
28,6239,0.0007237517093572967,0.2798107239953867,0.03995568673143779,0.6795098375638179,25,50,10
28,6240,0.0007258182934804735,0.2798107239952816,0.03995567421144151,0.6795077834997962,25,50,10
28,6241,0.0007258092118836864,0.279810723995279,0.039955673955124095,0.679507792837713,25,50,10
28,6242,0.0007299806150926133,0.2798107239952292,0.039955669385501796,0.6795036260041762,25,50,10
28,6243,0.0007341614355809252,0.2798065471044573,0.03995566545053674,0.6795036260094252,25,50,10
28,6244,0.0007400078593880159,0.2798007028510584,0.039955663304568144,0.6795036259849855,25,50,10
28,6245,0.0007399021002954963,0.2798007028510759,0.039955663470035215,0.6795037315785936,25,50,10
28,6246,0.0007260666355878783,0.2798145448215663,0.039955656978443374,0.6795037315644027,25,50,10
28,6247,0.0007122601942219544,0.2798145448215325,0.039955652637170914,0.6795175423470746,25,50,10
28,6248,0.000716741851300413,0.27981454482572915,0.039955719615555406,0.6795129937074151,25,50,10
28,6249,0.0007249916563004011,0.2798062441558064,0.03995577048406553,0.6795129937038277,25,50,10
28,6250,0.0007290218428186174,0.27980624415575506,0.03995576272262922,0.679508971278797,25,50,10
28,6251,0.0007229849885771336,0.27980624415564803,0.03995576567233598,0.6795150051834389,25,50,10
28,6252,0.000722956945082293,0.2798062441556302,0.039955764355089705,0.6795150345441976,25,50,10
28,6253,0.0007286973959838498,0.27980050604347606,0.039955762031037935,0.6795150345295019,25,50,10
28,6254,0.0007148555701256416,0.2798143505359911,0.039955759373310064,0.6795150345205729,25,50,10
28,6255,0.000716607105657792,0.27981435053607767,0.0399557666209772,0.6795132757372871,25,50,10
28,6256,0.0007225987353894812,0.2798143505360961,0.03995576780163212,0.6795072829268824,25,50,10
28,6257,0.0007185929829982289,0.27981841318013806,0.03995571091599801,0.6795072829208657,25,50,10
28,6258,0.0007247944238623323,0.27981841318019124,0.03995571074494103,0.6795010816510053,25,50,10
28,6259,0.0007186585703152142,0.2798245503405505,0.0399557094382144,0.6795010816509199,25,50,10
28,6260,0.0007186866317453394,0.27982455034056863,0.03995571073463695,0.6795010522930489,25,50,10
28,6261,0.0007125592346582379,0.2798245503405864,0.03995571007671507,0.6795071803480401,25,50,10
28,6262,0.0007204834733989355,0.27982455034062,0.03995571544782779,0.6794992507381532,25,50,10
28,6263,0.0007203390725618571,0.2798245503405996,0.03995571395568849,0.67949939663115,25,50,10
28,6264,0.0007143475010413492,0.2798245503405818,0.03995571265247436,0.6795053895059024,25,50,10
28,6265,0.0007201305778153832,0.27982455034059955,0.03995571393313626,0.6794996051484489,25,50,10
28,6266,0.0007156831299367579,0.27982455033642106,0.0399556482749807,0.6795041182586615,25,50,10
28,6267,0.000723737897763662,0.2798245503364742,0.03995565306571104,0.6794960587000511,25,50,10
28,6268,0.0007178171843666665,0.2798304715872651,0.03995565252380185,0.6794960587045664,25,50,10
28,6269,0.0007258075495853097,0.27983047158712243,0.03995564024012549,0.6794880806231667,25,50,10
28,6270,0.0007258094951855683,0.27983047158712177,0.03995564025038356,0.6794880786673089,25,50,10
28,6271,0.0007337614013034523,0.2798304715871918,0.03995564626826832,0.6794801207432362,25,50,10
28,6272,0.0007337588994055891,0.27983047158719,0.039955645607071634,0.6794801239063326,25,50,10
28,6273,0.0007376471069263116,0.2798304715873498,0.03995565909124156,0.6794762222144821,25,50,10
28,6274,0.0007515594818194925,0.2798165523220382,0.039955665957510926,0.679476222238631,25,50,10
28,6275,0.0007539861318415407,0.2798165523241143,0.03995572754693137,0.6794737339971126,25,50,10
28,6276,0.0009919747185486672,0.2798165523284901,0.03995646138824938,0.6792350115647119,25,50,10
28,6277,0.0014617699605384551,0.2798165523327898,0.039956831984364644,0.678764845722307,25,50,10
28,6278,0.001223641773471087,0.27981655232841274,0.03995609801722568,0.6790037078808904,25,50,10
28,6279,0.0012196498518600425,0.27981655232850317,0.039956105539429576,0.679007692280207,25,50,10
28,6280,0.001221354650638141,0.2798165523263398,0.03995603664710503,0.6790060563759168,25,50,10
28,6281,0.0012316140745989334,0.2798062237717933,0.03995610575232404,0.6790060564012836,25,50,10
28,6282,0.001223347998036584,0.27980622377164976,0.03995609529842481,0.6790143329318887,25,50,10
28,6283,0.0012293403297320336,0.2798062237716513,0.039956096802225484,0.6790083390963908,25,50,10
28,6284,0.001356684299583603,0.2796784505471302,0.03995652547719942,0.6790083396760866,25,50,10
28,6285,0.0013566810579265847,0.2796784505471305,0.03995652548357876,0.6790083429113639,25,50,10
28,6286,0.0013548264567355525,0.27967845054712986,0.03995652452853299,0.6790101984676014,25,50,10
28,6287,0.0013626382021656792,0.279678450547164,0.03995652794436813,0.679002383306302,25,50,10
28,6288,0.0013506593366235913,0.2796784505471634,0.03995652789459944,0.6790143622216134,25,50,10
28,6289,0.0013427079829434535,0.27967845054709367,0.03995652191997198,0.6790223195499905,25,50,10
28,6290,0.0013427073826070108,0.2796784513032754,0.0399565217545234,0.6790223195595939,25,50,10
28,6291,0.000878765469672979,0.2796784512989568,0.03995614975192638,0.6794866334794437,25,50,10
28,6292,0.0008731233996855025,0.2796784512989252,0.03995617198944197,0.6794922533119471,25,50,10
28,6293,0.0008709194612202216,0.2796784512988511,0.03995614320951353,0.6794944860304148,25,50,10
28,6294,0.0008768731024129678,0.27967249577612036,0.03995614509080478,0.6794944860306615,25,50,10
28,6295,0.0008730537500331015,0.2796724957759974,0.03995613429691763,0.6794983161770517,25,50,10
28,6296,0.0008653466116733637,0.2796724957760371,0.039956134319168515,0.6795060232931209,25,50,10
28,6297,0.0008592525779245801,0.2796724957760381,0.039956134457776266,0.6795121171882608,25,50,10
28,6298,0.0008473405134299633,0.27967249577612696,0.039956139922990096,0.6795240237874529,25,50,10
28,6299,0.0008471987268294766,0.27967249577602066,0.03995613318416342,0.6795241723129862,25,50,10
28,6300,0.000847301713359348,0.27967249577603753,0.03995613342913884,0.679524069081464,25,50,10
28,6301,0.0008471973486098229,0.27967249577605474,0.03995613370668931,0.6795241731686456,25,50,10
28,6302,0.0008471974349331538,0.2796724957760553,0.03995613376388267,0.679524173025128,25,50,10
28,6303,0.0008475158004252814,0.27967249577602293,0.03995613313532143,0.6795238552882295,25,50,10
28,6304,0.0008470525513843658,0.27967249577594777,0.03995612682206653,0.6795243248506005,25,50,10
28,6305,0.0008392376821224724,0.27967249577593145,0.03995612371034936,0.6795321428315958,25,50,10
28,6306,0.0008331417831012966,0.2796785912064145,0.03995612418849079,0.6795321428219927,25,50,10
28,6307,0.0008331429869390702,0.2796785912064492,0.03995612672421774,0.6795321390823935,25,50,10
28,6308,0.0008272637372724282,0.27967859120641575,0.03995612429235759,0.6795380207639538,25,50,10
28,6309,0.0008273662265179258,0.2796785912063982,0.039956123970232335,0.679537918596851,25,50,10
28,6310,0.0008272617796817044,0.27967859120641636,0.03995612431679127,0.6795380226971102,25,50,10
28,6311,0.000833148687137519,0.27967270779363845,0.03995612082261918,0.6795380226966042,25,50,10
28,6312,0.0008390716000920697,0.27967270779360254,0.03995612275236779,0.6795320978539371,25,50,10
28,6313,0.0008629922978871097,0.2796727077939055,0.03995614760561208,0.6795081523025951,25,50,10
28,6314,0.0008570011854365184,0.2796727077939225,0.03995614791567357,0.6795141431049672,25,50,10
28,6315,0.0008528685049117887,0.279672707794062,0.03995615764605708,0.679518266054969,25,50,10
28,6316,0.0008529041768259765,0.27967270779409764,0.03995616018525414,0.6795182278438223,25,50,10
28,6317,0.0008528340891224722,0.2796727077940241,0.03995615479517905,0.6795183033216745,25,50,10
28,6318,0.0008448799554906254,0.279680671084149,0.03995614566292027,0.6795183032974405,25,50,10
28,6319,0.0008553422065906821,0.2796806710835599,0.03994568343057621,0.6795183032792735,25,50,10
28,6320,0.0008492008387329087,0.2796806710835589,0.039945680806892134,0.6795244472708163,25,50,10
28,6321,0.0008611797045381819,0.2796806710835595,0.039945680874188774,0.6795124683377138,25,50,10
28,6322,0.0008630387212525268,0.27967880641992193,0.039945686516179434,0.6795124683426462,25,50,10
28,6323,0.0008570480046873577,0.2796788064199041,0.03994568616575328,0.6795184594096554,25,50,10
28,6324,0.0008631429573051419,0.27967880641985154,0.03994568440488943,0.6795123662179541,25,50,10
28,6325,0.0008530232276719859,0.2796889869760235,0.039945623603125945,0.6795123661931787,25,50,10
28,6326,0.0008490314681527876,0.27968898697607897,0.03994563059641799,0.6795163509593506,25,50,10
28,6327,0.0008549130428357044,0.27968898697607736,0.03994563043570489,0.6795104695453822,25,50,10
28,6328,0.0008251101934725385,0.2796889869757744,0.039945605603851346,0.6795402972269018,25,50,10
28,6329,0.0008232518369169214,0.27968898697570466,0.03994559961226311,0.6795421615751154,25,50,10
28,6330,0.0008170496491577204,0.27968898697570493,0.03994559966899236,0.6795483637061446,25,50,10
28,6331,0.0008171879530383114,0.27968884550115347,0.03994560282520784,0.6795483637206003,25,50,10
28,6332,0.0008171904210745646,0.27968884550115436,0.03994560290292103,0.6795483611748501,25,50,10
28,6333,0.0008235341916307357,0.2796888455012817,0.03994560783256692,0.6795420124745206,25,50,10
28,6334,0.0007962164854146187,0.2796888455001869,0.039972925546479375,0.6795420124679192,25,50,10
28,6335,0.0008003815975025756,0.2796888455003671,0.03997293956789374,0.6795378333342366,25,50,10
28,6336,0.0007784578995806011,0.2796888455002082,0.03997292713860458,0.6795597694616068,25,50,10
28,6337,0.0007844833858794941,0.2796888455002448,0.039972929791287234,0.6795537413225889,25,50,10
28,6338,0.0007902320924242401,0.2796831026480248,0.03997292393738839,0.6795537413221631,25,50,10
28,6339,0.0007844838577731991,0.2796888515051939,0.03997292330542589,0.6795537413316076,25,50,10
28,6340,0.0007781708106755867,0.2796888515050869,0.039972919829114446,0.6795600578551234,25,50,10
28,6341,0.0007721797968728132,0.27969484385216375,0.039972918500425586,0.6795600578505383,25,50,10
28,6342,0.000762246784714038,0.2796948438553213,0.039972984720081345,0.6795699246398837,25,50,10
28,6343,0.00077258110639039,0.2796948438564677,0.03997307158125816,0.6795595034558843,25,50,10
28,6344,0.0007765748214101573,0.27969484385630744,0.03997305895046857,0.6795555223718146,25,50,10
28,6345,0.0007765465229918739,0.27969487391671705,0.0399730571983401,0.6795555223619517,25,50,10
28,6346,0.0007764763091599137,0.279694946093022,0.03997305523620074,0.6795555223616182,25,50,10
28,6347,0.0025369504470920535,0.2796949460982373,0.039979419938832916,0.6777886835158385,25,50,10
28,6348,0.002530819229620174,0.27969494609825385,0.03997941911719123,0.677794815554935,25,50,10
28,6349,0.002534637940496503,0.27969494609837614,0.039979429862956384,0.6777909860981715,25,50,10
28,6350,0.00254854853862424,0.27969494609846246,0.03997943497209735,0.6777770703908164,25,50,10
28,6351,0.0025347126538030067,0.27969494609839246,0.03997942899536415,0.6777909122524407,25,50,10
28,6352,0.0025388458371906424,0.27969081884046715,0.039979423079512515,0.6777909122428302,25,50,10
28,6353,0.0038767881410463295,0.27969081884474,0.039980201609385195,0.676452191404829,25,50,10
28,6354,0.0038768930099328447,0.27969071527858835,0.039980200306650435,0.6764521914048288,25,50,10
28,6355,0.019951703089722373,0.27969071528893874,0.02390538885253528,0.6764521927688041,25,50,10
28,6356,0.019973814636682467,0.27966850690272543,0.023905485691612518,0.67645219276898,25,50,10
28,6357,0.019957593133434936,0.2796685069015781,0.02390539885354096,0.6764685011114463,25,50,10
28,6358,0.019971429571251448,0.2796685069016509,0.023905407495589982,0.6764546560315078,25,50,10
28,6359,0.019971713424664323,0.27966811452296153,0.023905516000962176,0.6764546560514123,25,50,10
28,6360,0.019973699417603137,0.27966811451973456,0.023905443779221484,0.6764527422834412,25,50,10
28,6361,0.019983966180192367,0.27966811451975265,0.02390544420193471,0.6764424750981205,25,50,10
28,6362,0.0199718859171868,0.279668114519771,0.023905445594101075,0.6764545539689414,25,50,10
28,6363,0.019967723233644086,0.27966811451959145,0.02390543162020522,0.6764587306265595,25,50,10
28,6364,0.019971571267829388,0.27966811451941265,0.0239054175869947,0.6764548966257635,25,50,10
28,6365,0.019977245294751988,0.27966254800797846,0.02390531009140179,0.676454896605868,25,50,10
28,6366,0.018212638147125614,0.2796625480027799,0.02389895264148447,0.6782258612086103,25,50,10
28,6367,0.01821677115823901,0.27966254800276324,0.02389894538691939,0.6782217354520786,25,50,10
28,6368,0.01822282851551836,0.27966254800283513,0.023898949665486086,0.6782156738161604,25,50,10
28,6369,0.018222863373364217,0.279662511311367,0.023898951489337353,0.6782156738259316,25,50,10
28,6370,0.01822296976958303,0.2796625113113495,0.023898951215601906,0.6782155677034658,25,50,10
28,6371,0.018222797302972427,0.27966251131129527,0.023898948263498795,0.6782157431222338,25,50,10
28,6372,0.018222829719546058,0.2796625113113137,0.023898949632346657,0.678215709336794,25,50,10
28,6373,0.018222936044708073,0.2796625113112962,0.02389894937549875,0.6782156032684974,25,50,10
28,6374,0.01821757999222029,0.2796678649598097,0.02389895177451343,0.678215603273457,25,50,10
28,6375,0.018211586793842115,0.27967385482224005,0.023898955109957078,0.678215603273961,25,50,10
28,6376,0.018211619969043875,0.2796738548222575,0.023898956362259756,0.6782155688464389,25,50,10
28,6377,0.018217612639628223,0.2796738548222743,0.02389895657540817,0.6782095759626894,25,50,10
28,6378,0.018213549312139064,0.27967385482230805,0.023898960959394998,0.6782136349061579,25,50,10
28,6379,0.018199710427832035,0.27967385482223645,0.023898952250533595,0.6782274824993982,25,50,10
28,6380,0.01820370973840479,0.279673854822182,0.02389894538732674,0.6782234900520865,25,50,10
28,6381,0.01821190699343008,0.2796738548222717,0.023898952842573585,0.6782152853417246,25,50,10
28,6382,0.002274737547027366,0.27967410358755385,0.03983587429736436,0.6782152845680544,25,50,10
28,6383,0.0022806259301580097,0.2796681187042866,0.03983597078804565,0.6782152845775099,25,50,10
28,6384,0.00228885934673791,0.2796681187043413,0.039835982835240556,0.6782070391136807,25,50,10
28,6385,0.00228928579090995,0.2796677884301692,0.03983588667493405,0.6782070391039874,25,50,10
28,6386,0.002766250888861262,0.27919030361741604,0.0398364058011173,0.6782070396926059,25,50,10
28,6387,0.0027741943690058448,0.27919030361750324,0.03983641300937759,0.6781990890041137,25,50,10
28,6388,0.002774164245400249,0.27919030361750324,0.03983641199381141,0.6781991201432853,25,50,10
28,6389,0.002636523560355058,0.2791900549186792,0.03997430196322742,0.6781991195577385,25,50,10
28,6390,0.0026285731397472363,0.2791900549185916,0.03997429467307828,0.678207077268583,25,50,10
28,6391,0.0026144912232733204,0.2791900549186089,0.039974287889474464,0.6782211659686435,25,50,10
28,6392,0.00261263016755527,0.2791900548605344,0.039976148988425116,0.6782211659834855,25,50,10
28,6393,0.002618756863145744,0.27919005486056936,0.03997615057254498,0.6782150377037403,25,50,10
28,6394,0.0026049628034415444,0.27919005486049936,0.03997614464910222,0.6782288376869571,25,50,10
28,6395,0.0026068150553999665,0.279188196620882,0.03997615062724022,0.6782288376964779,25,50,10
28,6396,0.002606496026565985,0.2791885192517783,0.03997614702543234,0.6782288376962237,25,50,10
28,6397,0.002616928510441778,0.2791885192549561,0.03997621054979517,0.6782183416848073,25,50,10
28,6398,0.002623023431560215,0.27918851925486754,0.03997620710595052,0.678212250207622,25,50,10
28,6399,0.002618992534812005,0.27918851925491917,0.03997621382063416,0.6782162743896349,25,50,10
28,6400,0.0026187442160770192,0.2791885192549357,0.03997621200061936,0.6782165245283681,25,50,10
28,6401,0.0026249513123587677,0.2791885192551333,0.039976230458139604,0.6782102989743687,25,50,10
28,6402,0.002624661708391503,0.2791885192551126,0.03997622888940946,0.678210590147087,25,50,10
28,6403,0.002624591842094619,0.27918851925513133,0.039976230274079906,0.6782106586286942,25,50,10
28,6404,0.0021469928901317005,0.27966663981884166,0.03997570926516811,0.6782106580258587,25,50,10
28,6405,0.002151056137263152,0.2796666398188081,0.03997570389128278,0.6782066001526461,25,50,10
28,6406,0.0021347605435068926,0.27968303090862134,0.03997560839047937,0.6782066001573926,25,50,10
28,6407,0.00212886812365177,0.27968303090869395,0.03997561270481553,0.6782124882628388,25,50,10
28,6408,0.002194784546269902,0.2796830308942175,0.03990969626764517,0.6782124882918674,25,50,10
28,6409,0.002194752131818753,0.2796830308941993,0.039909694926371614,0.6782125220476104,25,50,10
28,6410,0.0022008514741127558,0.27968303089416396,0.03990969538460737,0.6782064222471156,25,50,10
28,6411,0.0021964763283096895,0.27968303089105745,0.03990963609631814,0.6782108566843145,25,50,10
28,6412,0.002194622199078962,0.2796848909406989,0.03990963018509434,0.6782108566751276,25,50,10
28,6413,0.0020671249733010453,0.27981281940353836,0.039909199542337265,0.6782108560808233,25,50,10
28,6414,0.0020733920957381694,0.2798065500176345,0.03990920180589497,0.6782108560807323,25,50,10
28,6415,0.002067576037422718,0.27981236743520305,0.03990920045148036,0.6782108560758938,25,50,10
28,6416,0.002067504542580918,0.27981236743518706,0.0399092012274371,0.6782109267947947,25,50,10
28,6417,0.002067434854213391,0.27981236743513227,0.03990919723189851,0.6782110004787555,25,50,10
28,6418,0.0020673306772740273,0.27981236743513316,0.03990919727960936,0.6782111046079833,25,50,10
28,6419,0.0020674416349531132,0.27981225511908936,0.03990919862341111,0.6782111046225461,25,50,10
28,6420,0.002065866775377016,0.2798122551191128,0.039909209588902345,0.6782126685166078,25,50,10
28,6421,0.0020661459093854525,0.2798119728646592,0.03990921269489453,0.6782126685310607,25,50,10
28,6422,0.002068005471596856,0.27981197286473053,0.03990921878056257,0.6782108028831101,25,50,10
28,6423,0.0007360881090602751,0.27981197286047704,0.03990844164238549,0.6795434973880777,25,50,10
28,6424,0.0007360558444618643,0.27981200717319854,0.03990843960862983,0.6795434973737104,25,50,10
28,6425,0.00073010214734036,0.279812007173145,0.03990843569042136,0.6795494549890938,25,50,10
28,6426,0.000746473157676721,0.27981200717427346,0.03990861601246029,0.6795329036555899,25,50,10
28,6427,0.0007463394767283874,0.27981213999920795,0.039908616868636365,0.6795329036554278,25,50,10
28,6428,0.0007340012912633234,0.2798121399980269,0.03990843078446539,0.679545427926245,25,50,10
28,6429,0.0007280449405953332,0.27981213999801097,0.039908431658146545,0.679551383403248,25,50,10
28,6430,0.0007220544547526092,0.27981213999801097,0.03990843164159373,0.6795573739056436,25,50,10
28,6431,0.0007160976081135763,0.27981213999799404,0.0399084334449866,0.6795633289489067,25,50,10
28,6432,0.0007239372978123747,0.27980429210459973,0.039908441639168866,0.6795633289584199,25,50,10
28,6433,0.0007236922457191163,0.27980453832203295,0.03990844047382956,0.6795633289584192,25,50,10
28,6434,0.0007219740079851481,0.27980453832209146,0.03990846546631192,0.6795650222036125,25,50,10
28,6435,0.0007081360790613197,0.2798183867546227,0.03990845497213257,0.6795650221941842,25,50,10
28,6436,0.0007218338515887139,0.27980468347226134,0.03990846046777789,0.6795650222083729,25,50,10
28,6437,0.0007278948928095782,0.2798046834722421,0.039908459103486046,0.6795589625314631,25,50,10
28,6438,0.0007280325123640177,0.27980454158762647,0.03990846337290592,0.6795589625271045,25,50,10
28,6439,0.0007282860566864977,0.27980388959474684,0.03990886182153283,0.6795589625270346,25,50,10
28,6440,0.0007220216451973753,0.279803889594694,0.03990885890231756,0.6795652298577919,25,50,10
28,6441,0.0007279094199782787,0.27980388959469277,0.03990885885364071,0.6795593421316889,25,50,10
28,6442,0.0007281198430285714,0.27980388959472785,0.03990885837635447,0.6795591321858899,25,50,10
28,6443,0.0007501545745994685,0.27980388959493935,0.03990887363657046,0.6795370821938914,25,50,10
28,6444,0.000734111490782717,0.279803889594762,0.03990885920579541,0.6795531397086605,25,50,10
28,6445,0.0007300496863504921,0.279803889594813,0.03990886389026581,0.6795571968285712,25,50,10
28,6446,0.0007543725289771045,0.2797795508163263,0.03990887980567056,0.6795571968490267,25,50,10
28,6447,0.0007464553574454782,0.2797874726721565,0.03990887512612992,0.679557196844269,25,50,10
28,6448,0.0007462067252117649,0.27978772187761414,0.03990887456320427,0.6795571968339706,25,50,10
28,6449,0.0007522001016752992,0.2797877218775803,0.03990887409397884,0.6795512039267664,25,50,10
28,6450,0.0007461752611131483,0.27978772187754464,0.03990887209783147,0.6795572307635115,25,50,10
28,6451,0.0007158629730971222,0.2798180499585777,0.03990885632526971,0.6795572307430562,25,50,10
28,6452,0.000734276140338523,0.2798180499608082,0.039909165871327305,0.6795385080275271,25,50,10
28,6453,0.0007341704658544025,0.2798181557297109,0.03990916577666371,0.6795385080277718,25,50,10
28,6454,0.0007404065930433125,0.27981815572976404,0.03990916771532043,0.679532269961873,25,50,10
28,6455,0.0007220319530602716,0.27981815572746127,0.0399088543911725,0.6795509579283068,25,50,10
28,6456,0.0007158654241808576,0.2798181557274065,0.03990884645852611,0.6795571323898874,25,50,10
28,6457,0.0007221056495225004,0.2798181557273714,0.03990884796792044,0.6795508906551866,25,50,10
28,6458,0.0007158369302601059,0.27981815572731766,0.03990884496152233,0.6795571623809009,25,50,10
28,6459,0.000709696941061115,0.27982469381491537,0.0399084468585386,0.6795571623854858,25,50,10
28,6460,0.0011915983308489959,0.27934226915743726,0.039908969221111895,0.6795571632906027,25,50,10
28,6461,0.0011897388007553128,0.279342269157367,0.039908963126830684,0.6795590289150479,25,50,10
28,6462,0.0011901225347959125,0.2793422691574207,0.03990896612332691,0.6795586421844574,25,50,10
28,6463,0.0011920823971052082,0.27934226915749016,0.03990897209531139,0.6795566763500941,25,50,10
28,6464,0.0011922559801642529,0.27934209210111105,0.03990897555306658,0.6795566763656589,25,50,10
28,6465,0.0011920109956588118,0.2793420921011276,0.039908974748692205,0.6795569221545221,25,50,10
28,6466,0.0011918708450933382,0.2793420921010907,0.03990897205075008,0.6795570650030663,25,50,10
28,6467,0.0011918732523184088,0.27934209654927217,0.039908965195257065,0.6795570650031527,25,50,10
28,6468,0.0011979352402044208,0.2793360366951458,0.03990896306184226,0.6795570650028077,25,50,10
28,6469,0.0011939005358270855,0.2793360366951597,0.039908954837965055,0.6795611079310485,25,50,10
28,6470,0.0011957635413899627,0.2793360366952833,0.0399089647600207,0.6795592350033063,25,50,10
28,6471,0.001201508338472905,0.2793360366952651,0.039908963396049595,0.6795534915702126,25,50,10
28,6472,0.0012075349805117693,0.27933603669531826,0.03990896629083263,0.6795474620333379,25,50,10
28,6473,0.001203506499953263,0.27933603669540746,0.03990897372451055,0.6795514830801292,25,50,10
28,6474,0.0012170646263789464,0.27933603669545937,0.03990897838826,0.6795379202899022,25,50,10
28,6475,0.0012170953418199702,0.279336036695495,0.039908979472788694,0.6795378884898967,25,50,10
28,6476,0.0012290763302040964,0.27933603669551277,0.03990897972155308,0.6795259072527305,25,50,10
28,6477,0.0012230853359205514,0.2793420278918215,0.0399089795196919,0.6795259072525666,25,50,10
28,6478,0.001221260416017056,0.2793420278917702,0.03990897488048392,0.6795277368117294,25,50,10
28,6479,0.001215406586404052,0.2793420278917886,0.03990897623965892,0.6795335892821492,25,50,10
28,6480,0.0012154047014494927,0.2793420278917889,0.03990897620393221,0.6795335912028303,25,50,10
28,6481,0.0012075923257052145,0.2793420278917376,0.03990897157086699,0.6795414082116911,25,50,10
28,6482,0.0021090361349557314,0.27934202789605744,0.03990961506782736,0.6786393209011604,25,50,10
28,6483,0.0021031197749329603,0.27934794559338827,0.03990961373544099,0.6786393208962387,25,50,10
28,6484,0.0021013657275744634,0.27934794559329906,0.03990960631359368,0.6786410823655337,25,50,10
28,6485,0.0020971992235662333,0.2793479455933507,0.03990961095710664,0.6786452442259772,25,50,10
28,6486,0.002095342629113904,0.2793479455932809,0.039909604967147586,0.6786471068104584,25,50,10
28,6487,0.002567390675855025,0.2793479455934942,0.039909808333181834,0.6781748553974697,25,50,10
28,6488,0.0025717284602162337,0.27934794559465764,0.03990989529587918,0.6781704306492478,25,50,10
28,6489,0.002577720239266794,0.27934195436031034,0.039909894760787885,0.6781704306396358,25,50,10
28,6490,0.0025916015546481215,0.279341954360203,0.03990991949304722,0.6781565245921023,25,50,10
28,6491,0.0016897733750679998,0.2793419543558995,0.039909274095229354,0.6790589981738036,25,50,10
28,6492,0.0016896652318254787,0.2793420626342551,0.03990927396011927,0.6790589981738006,25,50,10
28,6493,0.0016852233214972245,0.27934206263309197,0.03990918708051759,0.6790635269648937,25,50,10
28,6494,0.001691354982628622,0.27933592960963755,0.03990918844225231,0.6790635269654818,25,50,10
28,6495,0.001697208813295651,0.279335929609619,0.039909187082917345,0.6790576744941683,25,50,10
28,6496,0.0016971779402549666,0.27933592960959996,0.03990918573408156,0.6790577067160638,25,50,10
28,6497,0.0016950716757703045,0.2793359296097419,0.03990919898567397,0.6790597997288137,25,50,10
28,6498,0.001693034511769771,0.27933592960988235,0.039909210093153076,0.6790618257851946,25,50,10
28,6499,0.0012229441853231758,0.2793359296097555,0.03990901292088471,0.6795321132840365,25,50,10
28,6500,0.0012287926589138185,0.2793359296096844,0.03990900775040286,0.6795262699809989,25,50,10
28,6501,0.001234755354535545,0.27932996409146366,0.039909010563028514,0.6795262699909722,25,50,10
28,6502,0.0012427068473165447,0.2793299640915688,0.0399090191342533,0.6795183099268612,25,50,10
28,6503,0.0012429501589175168,0.2793299640915513,0.03990901985696223,0.6795180658925694,25,50,10
28,6504,0.0012427086195497174,0.2793302068421848,0.03990901864569801,0.6795180658925679,25,50,10
28,6505,0.0012427096557808177,0.2793302068422545,0.03990902371957006,0.6795180597823951,25,50,10
28,6506,0.0007549197008596548,0.27981852000971297,0.03990850141240516,0.6795180588770227,25,50,10
28,6507,0.0007608031655831016,0.2798126369966362,0.039908500965443065,0.6795180588723381,25,50,10
28,6508,0.0007609482638925244,0.279812486177639,0.039908506680765635,0.6795180588777033,25,50,10
28,6509,0.0007548183533507675,0.27981248617765525,0.039908505868995914,0.6795241895999985,25,50,10
28,6510,0.0007488250652925958,0.2798124861776381,0.03990850569701432,0.6795301830600554,25,50,10
28,6511,0.0007546050446720947,0.27979572329132424,0.03991948860922829,0.6795301830547757,25,50,10
28,6512,0.0007486874904641974,0.2797957232913064,0.03991949018140234,0.6795360990368274,25,50,10
28,6513,0.000748611282617631,0.27979580225213796,0.03991948743831209,0.6795360990269327,25,50,10
28,6514,0.0007546373682700598,0.279795802252157,0.03991948886657525,0.679530071512998,25,50,10
28,6515,0.000748891477082319,0.27979580225217643,0.039919490295238044,0.6795358159755039,25,50,10
28,6516,0.0007488232750518456,0.27979587365617314,0.03991948710415766,0.6795358159646179,25,50,10
28,6517,0.0011992523678152427,0.27979587365628095,0.03991958356125912,0.6790852904146446,25,50,10
28,6518,0.0011994963360152724,0.2797956282926989,0.039919584956556224,0.6790852904147296,25,50,10
28,6519,0.0016631177011208315,0.2797956282968938,0.039919949188748076,0.6786213048132371,25,50,10
28,6520,0.0016632558790308713,0.27979562829692917,0.03991995181385638,0.6786211640101834,25,50,10
28,6521,0.0016613974628651828,0.2797956282968591,0.03991994582586594,0.6786230284144094,25,50,10
28,6522,0.0016635450781950472,0.27979562829693383,0.03992004018885035,0.6786207864360203,25,50,10
28,6523,0.0016576227736284197,0.2798015482666628,0.039920042523434736,0.6786207864362735,25,50,10
28,6524,0.001663616826966319,0.2798015482666453,0.03992004221928051,0.6786147926871073,25,50,10
28,6525,0.001671672146326411,0.2798044744626092,0.03990906069444047,0.6786147926966233,25,50,10
28,6526,0.0016839333071198368,0.2798044744699787,0.03990923212868894,0.6786023600942118,25,50,10
28,6527,0.001617844999329878,0.27980447446438955,0.039975320471570944,0.678602360064709,25,50,10
28,6528,0.001624403447522658,0.279804474464358,0.03997532529235001,0.6785957967957689,25,50,10
28,6529,0.00161403507051218,0.2798044744570936,0.03997515953487519,0.6786063309375185,25,50,10
28,6530,0.0016019482008051763,0.27981655897769037,0.03997516187411456,0.6786063309473894,25,50,10
28,6531,0.0011413158126558575,0.2798165589776829,0.03997502046482586,0.679067104744835,25,50,10
28,6532,0.0011414222008686312,0.2798163174932575,0.03997515556571304,0.6790671047401606,25,50,10
28,6533,0.0011513716336717288,0.279816317493204,0.039975148670689326,0.6790571622024346,25,50,10
28,6534,0.0020756865018794314,0.279816317497525,0.03997589225576134,0.6781321037448339,25,50,10
28,6535,0.0020679844698153964,0.27981631749743685,0.03997588796743718,0.6781398100653102,25,50,10
28,6536,0.002075688794427683,0.27980860809275704,0.03997589303382016,0.6781398100789948,25,50,10
28,6537,0.00207982022467238,0.2798044852555829,0.03997588445980585,0.6781398100599386,25,50,10
28,6538,0.002079749863037002,0.2798046854783906,0.039975754574488376,0.6781398100840837,25,50,10
28,6539,0.0020798174140063326,0.2798046854784285,0.039975757331874126,0.6781397397756911,25,50,10
28,6540,0.0020797111240257716,0.27980479129106517,0.03997575779944301,0.6781397397854658,25,50,10
28,6541,0.002088045169922952,0.2798047912961344,0.03997586374219194,0.6781312997917505,25,50,10
28,6542,0.0020818520952004473,0.27980479129090685,0.03997574542820381,0.6781376111856886,25,50,10
28,6543,0.0020759999047376956,0.2798047912909438,0.03997574713016909,0.678143461674149,25,50,10
28,6544,0.002079949992262899,0.2798047912908691,0.039975652689797456,0.6781396060270702,25,50,10
28,6545,0.00207382228956733,0.2798047912908867,0.03997565100605456,0.6781457354134913,25,50,10
28,6546,0.00206768979349305,0.2798047912909032,0.039975649138156225,0.6781518697774473,25,50,10
28,6547,0.0020678010904692117,0.2798047912908678,0.03997565061935762,0.6781517569993053,25,50,10
28,6548,0.0020736487630685875,0.27980479129072416,0.03997564014480418,0.678145919801403,25,50,10
28,6549,0.0020738970530894095,0.2798045408539681,0.039975642295695335,0.6781459197972468,25,50,10
28,6550,0.0020738604037022425,0.2798045408539496,0.03997564086124241,0.6781459578811053,25,50,10
28,6551,0.0020818159156566606,0.27979657985813733,0.039975646345015776,0.6781459578811899,25,50,10
28,6552,0.0020818861390262075,0.27979657985817513,0.03997564913595578,0.6781458848668425,25,50,10
28,6553,0.0020777197384428754,0.2798007407226029,0.03997565465790743,0.6781458848810463,25,50,10
28,6554,0.00207772034186147,0.27980074072263705,0.03997565714537073,0.6781458817901302,25,50,10
28,6555,0.00207105750347684,0.27980074072272065,0.039975656153934044,0.6781525456198679,25,50,10
28,6556,0.0020715147109772744,0.27980028131207396,0.03997565833793681,0.6781525456390114,25,50,10
28,6557,0.002065382332982167,0.27980028131209084,0.03997565555334212,0.6781586808015843,25,50,10
28,6558,0.00252372256333302,0.27934156692067025,0.039976029115967336,0.6781586814000287,25,50,10
28,6559,0.0025178666482700974,0.2793474219391356,0.039976030012557694,0.6781586814000362,25,50,10
28,6560,0.0025195837896185395,0.2793474219391531,0.03997603218567817,0.6781569620855497,25,50,10
28,6561,0.0025194882081583402,0.2793474219391403,0.03997603223667863,0.6781570576160222,25,50,10
28,6562,0.0025194955936808042,0.2793474219391412,0.03997603236627115,0.6781570501009065,25,50,10
28,6563,0.0025193883772033927,0.27934742193914086,0.03997603229895808,0.6781571573846976,25,50,10
28,6564,0.0025218098858205877,0.2793474219389841,0.03997602297217135,0.6781547452030239,25,50,10
28,6565,0.0025259750913660837,0.2793474219389312,0.03997601820492633,0.6781505847647763,25,50,10
28,6566,0.002534031666624216,0.2793393638107366,0.039976019772490046,0.6781505847501492,25,50,10
28,6567,0.0025339526077534443,0.27933936381071933,0.039976020478448976,0.6781506631030783,25,50,10
28,6568,0.0025338441602572176,0.27933936381063074,0.03997601700769048,0.6781507750214216,25,50,10
28,6569,0.0025398010176800483,0.279339363810647,0.03997601614517404,0.6781448190264989,25,50,10
28,6570,0.0020735183699627843,0.2798060238095742,0.039975639402000024,0.6781448184184632,25,50,10
28,6571,0.00206560165211943,0.2798060238094516,0.03997562955818911,0.6781527449802394,25,50,10
28,6572,0.0020618188612479466,0.27980602380943226,0.03997941235833725,0.6781527449709815,25,50,10
28,6573,0.002053759199148941,0.2798140889142162,0.03997940691556726,0.6781527449710667,25,50,10
28,6574,0.002047732142135028,0.2798140889141621,0.03997940495327859,0.6781587739904232,25,50,10
28,6575,0.0020598539831628237,0.27980196635437987,0.03997940567696808,0.6781587739854882,25,50,10
28,6576,0.0020535812024704146,0.27980196635439625,0.03997940281444731,0.6781650496286854,25,50,10
28,6577,0.0020535463654978332,0.27980196635462834,0.039979422565986404,0.6781650647138866,25,50,10
28,6578,0.002067521798527737,0.27980196635473403,0.03997943120025438,0.678151080646483,25,50,10
28,6579,0.002067909704811022,0.2798019663547365,0.039979435631522744,0.6781506883089294,25,50,10
28,6580,0.0020736930637848313,0.27980196635471904,0.03997943433403133,0.6781449062474644,25,50,10
28,6581,0.00206787655755965,0.2798019663547562,0.039979437088798274,0.6781507199988855,25,50,10
28,6582,0.002073728146187047,0.27980196635470267,0.03997943415660344,0.6781448713425066,25,50,10
28,6583,0.002073624345907662,0.2798019663547205,0.039979434476055335,0.6781449748233161,25,50,10
28,6584,0.0020733408725322464,0.2798019663547008,0.03997942977561009,0.6781452629971565,25,50,10
28,6585,0.002078979095430509,0.2797963306537171,0.03997942725413342,0.6781452629967188,25,50,10
28,6586,0.007939061022298459,0.2797963306663444,0.03998962900279612,0.6722749793085607,25,50,10
28,6587,0.007949255618493587,0.2797860732836172,0.039989691764553664,0.6722749793333354,25,50,10
28,6588,0.007977442389425621,0.2797578162726857,0.03998976146643072,0.6722749798714578,25,50,10
28,6589,0.007971450172112449,0.2797578162727035,0.03998976175767324,0.6722809717975105,25,50,10
28,6590,0.0074940234932168205,0.2797578162684222,0.03998939032911134,0.6727587699092493,25,50,10
28,6591,0.0077420934477245885,0.2797578206871362,0.039741315358927484,0.6727587705062114,25,50,10
28,6592,0.007742024097568119,0.27975782068709903,0.03974131260993749,0.672758842605395,25,50,10
28,6593,0.007741922241056309,0.27975782068711624,0.03974131289437352,0.6727589441774536,25,50,10
28,6594,0.007741995573814767,0.2797577490154152,0.03974131124300409,0.6727589441677658,25,50,10
28,6595,0.007728015195709807,0.27977173617225887,0.03974130446918558,0.6727589441628454,25,50,10
28,6596,0.007722092647974287,0.27977173617222256,0.03974130194441117,0.6727648692353918,25,50,10
28,6597,0.006795950412791427,0.27977173616783185,0.039740552363574586,0.6736917610558018,25,50,10
28,6598,0.006795950927139201,0.2797717361678312,0.03974055235403396,0.6736917605509954,25,50,10
28,6599,0.006802050003129222,0.27977173616779616,0.03974055184067248,0.6736856619884019,25,50,10
28,6600,0.006810035706976639,0.2797717361679025,0.0397405595231879,0.6736776686019325,25,50,10
28,6601,0.006803831836827955,0.2797717361679022,0.03974056049774841,0.6736838714975208,25,50,10
28,6602,0.006937460403985051,0.2796377343257604,0.03974093317830029,0.673683872091954,25,50,10
28,6603,0.006951300377227674,0.2796238884166471,0.03974093912370803,0.6736838720824173,25,50,10
28,6604,0.007092612872174475,0.27962388842105307,0.039741318076857095,0.6735421806299152,25,50,10
28,6605,0.00707863430805574,0.2796378742952904,0.039741310776596366,0.6735421806200574,25,50,10
28,6606,0.006834852670385796,0.27963786988732864,0.03998509740850105,0.6735421800337843,25,50,10
28,6607,0.0068409494713017206,0.27963786988729356,0.03998509683383207,0.6735360838075723,25,50,10
28,6608,0.008588678655213235,0.2796378698915186,0.03998588725367667,0.6717875641995912,25,50,10
28,6609,0.00858878747844353,0.2796378698912508,0.03998586592894898,0.6717874767013563,25,50,10
28,6610,0.008449549122763002,0.27977748150115384,0.03998549325912937,0.6717874761169534,25,50,10
28,6611,0.008445226355168435,0.2797777345864051,0.03998956295216102,0.671787476106265,25,50,10
28,6612,0.008445721149143477,0.2797777345864787,0.03998956635252801,0.6717869779118495,25,50,10
28,6613,0.008447542916860347,0.27977748164629984,0.039987997525416034,0.6717869779114233,25,50,10
28,6614,0.008449470759705447,0.2797774816463686,0.03998800245446649,0.6717850451394588,25,50,10
28,6615,0.008449086317033226,0.27977748164636623,0.03998800224033563,0.6717854297962645,25,50,10
28,6616,0.008550055800431614,0.27967622066631015,0.03998829371043959,0.6717854298228181,25,50,10
28,6617,0.008564031311028902,0.27966223802278867,0.039988300823811544,0.6717854298423706,25,50,10
28,6618,0.00856410017184665,0.27966216631622587,0.03998830365978317,0.6717854298521441,25,50,10
28,6619,0.008558002533699795,0.2796682639306875,0.0399883036834683,0.6717854298521442,25,50,10
28,6620,0.00855204468297471,0.2796682639307407,0.03998830654878773,0.6717913848374967,25,50,10
28,6621,0.008552048898144742,0.279668263930741,0.03998830658793639,0.6717913805831779,25,50,10
28,6622,0.008557995787442546,0.2796682639307772,0.03998830925829274,0.6717854310234874,25,50,10
28,6623,0.0085576392266262,0.27966862249746044,0.039988307267053325,0.6717854310088599,25,50,10
28,6624,0.008557641075842946,0.2796686206303325,0.0399883072850465,0.6717854310087777,25,50,10
28,6625,0.008991538852389977,0.27966862074959853,0.039995161249868696,0.6713446791481426,25,50,10
28,6626,0.008997536632367426,0.27966862074972554,0.03999524262452016,0.6713385999933863,25,50,10
28,6627,0.01524481246487247,0.2796687273661053,0.03374785967325563,0.671338600495766,25,50,10
28,6628,0.015119432619535318,0.2796687273618222,0.0337474935087364,0.6714643465099056,25,50,10
28,6629,0.015105457172326071,0.27968270992676475,0.033747486410555465,0.6714643464903531,25,50,10
28,6630,0.015119373300377891,0.2796827099268348,0.03374749093843425,0.6714504258343523,25,50,10
28,6631,0.015125261103766378,0.2796768221042088,0.033747490957756934,0.6714504258342672,25,50,10
28,6632,0.00926570882637475,0.27967682209161915,0.03373732078828956,0.6773201482937161,25,50,10
28,6633,0.003016611397210021,0.2796767153241737,0.039986525481997964,0.6773201477966179,25,50,10
28,6634,0.0008274236940731875,0.2796767152006142,0.03997890521590259,0.6795169558894096,25,50,10
28,6635,0.0008332733107698606,0.2796767152005782,0.03997890260005287,0.6795111088885989,25,50,10
28,6636,0.0008334014035856635,0.2796767152006269,0.03997890513788927,0.6795109782578983,25,50,10
28,6637,0.0008213175484836073,0.2796767152006448,0.03997890644654289,0.6795230608043289,25,50,10
28,6638,0.0008214211397123256,0.2796766113525257,0.03997890669875195,0.6795230608090103,25,50,10
28,6639,0.0008056212484574548,0.2796766113524206,0.03997889520633702,0.679538872192785,25,50,10
28,6640,0.0007996973121321427,0.2796766113524028,0.0399788938074468,0.6795447975280184,25,50,10
28,6641,0.0007936431417364282,0.27967661135236777,0.03997889134481935,0.6795508541610766,25,50,10
28,6642,0.0009094606410725765,0.2796766113524956,0.03997913654213875,0.6794347914642933,25,50,10
28,6643,0.000916884291899934,0.27967661135252775,0.039979110769061355,0.6794273935865109,25,50,10
28,6644,0.0009168482277571982,0.27967661135251204,0.039979112735185965,0.6794274276845448,25,50,10
28,6645,0.0009169134109482665,0.2796766113525667,0.03997911672980132,0.6794273585066835,25,50,10
28,6646,0.0009031026641871074,0.2796766113525336,0.03997911191007165,0.6794411740732075,25,50,10
28,6647,0.0009072014543487473,0.27967661135239275,0.03997910170826014,0.6794370854849983,25,50,10
28,6648,0.0007737723806306216,0.2798104630544272,0.03997867966923397,0.6794370848957082,25,50,10
28,6649,0.0012393996278836869,0.27981046306062496,0.03997911793023633,0.678971019381255,25,50,10
28,6650,0.0012414330960370452,0.27980842144837986,0.03997912606438072,0.6789710193912023,25,50,10
28,6651,0.0012413271590991045,0.2798084214483432,0.03997912537384072,0.678971126018717,25,50,10
28,6652,0.001241222997153603,0.27980852592000316,0.03997912506880774,0.6789711260140355,25,50,10
28,6653,0.00124725066738052,0.2798085259200579,0.03997912704554641,0.6789650963670152,25,50,10
28,6654,0.001240972757067042,0.27980852592003846,0.039979096795010806,0.6789714045278836,25,50,10
28,6655,0.0007752671663558502,0.279808525913732,0.03997857855479093,0.6794376283651212,25,50,10
28,6656,0.0007771941260499221,0.27980852590879185,0.03997665160781308,0.679437628357345,25,50,10
28,6657,0.0007713083076018633,0.27980852590879346,0.03997665173901237,0.6794435140445924,25,50,10
28,6658,0.0007712716678833137,0.27980852590877814,0.03997665352972429,0.6794435488936145,25,50,10
28,6659,0.000769311649922678,0.2798104948391661,0.03997664462240039,0.6794435488885111,25,50,10
28,6660,0.0007693067077982023,0.27981049483913034,0.039976642014419805,0.679443556438652,25,50,10
28,6661,0.0007754360727209025,0.2798043646921631,0.03997664280131194,0.6794435564338044,25,50,10
28,6662,0.0007754316872585583,0.2798043646921446,0.0399766423078931,0.679443561312704,25,50,10
28,6663,0.0007752977712543167,0.2798043646921277,0.03997664287017837,0.6794436946664402,25,50,10
28,6664,0.0007754004233514267,0.27980426176898954,0.039976643141135776,0.6794436946665239,25,50,10
28,6665,0.0007773687058148722,0.2798022858233352,0.03997665079487621,0.6794436946759742,25,50,10
28,6666,0.0007833279176661608,0.2798022858233865,0.039976651481188424,0.679437734777759,25,50,10
28,6667,0.0007709255734427799,0.2798146926236864,0.03997664702544721,0.679437734777424,25,50,10
28,6668,0.0007666528062834646,0.279814692623774,0.039976652307096246,0.6794420022628461,25,50,10
28,6669,0.0007666527769003026,0.27981469262377395,0.03997665228838913,0.6794420023109364,25,50,10
28,6670,0.0007666552386391909,0.2798146926237743,0.0399766523770209,0.6794419997605655,25,50,10
28,6671,0.0006570729110459238,0.27981469262359515,0.03997640645832485,0.679551828007034,25,50,10
28,6672,0.0006610354557618441,0.2798146926250736,0.03997242274237723,0.6795518491767872,25,50,10
28,6673,0.0006651727286808549,0.27981469262500447,0.039972415792085596,0.6795477188542296,25,50,10
28,6674,0.000665105195509519,0.2798146926250023,0.03997241359079439,0.6795477885886941,25,50,10
28,6675,0.0008064322245572321,0.27981469262930414,0.039972789835901745,0.6794060853102372,25,50,10
28,6676,0.0008004798163658753,0.279814692629266,0.039972787074583745,0.6794120404797848,25,50,10
28,6677,0.0007945848806461206,0.2798146926280336,0.03991029044380865,0.679480432047512,25,50,10
28,6678,0.0008007209091015042,0.2798146926280164,0.03991029119890967,0.6794742952639728,25,50,10
28,6679,0.0008025865940708043,0.27981469262785896,0.03997683598415974,0.6794058847939111,25,50,10
28,6680,0.0008183813377793997,0.2798146926279815,0.039976846737916,0.6793900792963236,25,50,10
28,6681,0.0008245152556613342,0.27981469262802056,0.03997684849308929,0.6793839436232294,25,50,10
28,6682,0.0008285383114384125,0.27981067737607274,0.03997684069871044,0.6793839436137789,25,50,10
28,6683,0.0008524172280802594,0.2797866323549734,0.039977006202492754,0.6793839442144539,25,50,10
28,6684,0.0008503818251038649,0.27978865129076685,0.039977022631162915,0.6793839442529671,25,50,10
28,6685,0.0008642226574418567,0.27978865129080177,0.03997702811286428,0.6793700979388921,25,50,10
28,6686,0.0008580210137434524,0.27979485080433764,0.039977030243024916,0.679370097938894,25,50,10
28,6687,0.000858124021769089,0.27979485080435423,0.03997703046549352,0.6793699947083828,25,50,10
28,6688,0.0008559462165514771,0.2797948508045685,0.039977045941633496,0.6793721570372463,25,50,10
28,6689,0.0008559462480284556,0.27979485036520346,0.039977046344846216,0.6793721570419216,25,50,10
28,6690,0.0008400442441533163,0.27979485036508084,0.03997703550655793,0.6793880698842076,25,50,10
28,6691,0.0008502661263913914,0.2797948503653007,0.0399770485903395,0.6793778349179685,25,50,10
28,6692,0.0008443080147441899,0.2798008076155238,0.03997704945635335,0.6793778349133788,25,50,10
28,6693,0.0008424508416533243,0.2798026708462349,0.03997704340833938,0.6793778349037729,25,50,10
28,6694,0.0008385984521608053,0.2798065397128918,0.03997702696960266,0.6793778348653451,25,50,10
28,6695,0.0008267970296108263,0.27980653971289454,0.03997704922958952,0.6793896140279055,25,50,10
28,6696,0.0008327557523755166,0.2798005817952747,0.03997704841977134,0.6793896140325788,25,50,10
28,6697,0.0008348223635473667,0.2798005817950945,0.03997703340528182,0.6793875624360767,25,50,10
28,6698,0.0010768491247362454,0.2798005817993657,0.039977516133747136,0.6791450529421513,25,50,10
28,6699,0.0010711101961902454,0.27980058179936557,0.03997751592327069,0.6791507920811738,25,50,10
28,6700,0.001077241221862812,0.2797866912080264,0.03998527548868623,0.6791507920814247,25,50,10
28,6701,0.0010830942886644152,0.27978669120799105,0.03998527296940713,0.6791449415339376,25,50,10
28,6702,0.0010830656087448597,0.27978669120797195,0.03998527160380939,0.6791449715794738,25,50,10
28,6703,0.0010891608395790905,0.27978059756850027,0.039985270002928786,0.6791449715889918,25,50,10
28,6704,0.001083274514122602,0.27978059756849993,0.03998526998555444,0.6791508579318233,25,50,10
28,6705,0.0010992103867012843,0.27976465205628814,0.039985279605842076,0.6791508579511689,25,50,10
28,6706,0.001099279861886792,0.2797646520563263,0.03998528237922411,0.6791507857025633,25,50,10
28,6707,0.0010991716049021153,0.2797646520563435,0.03998528265096636,0.6791508936877882,25,50,10
28,6708,0.001088947292161504,0.2797646520561232,0.03998526954844392,0.6791611311032714,25,50,10
28,6709,0.0010829266990225138,0.2797706743871916,0.03998526781994948,0.6791611310938365,25,50,10
28,6710,0.001066924902369738,0.27978668861771244,0.0399852554056756,0.6791611310742424,25,50,10
28,6711,0.0010609054876326467,0.279786688617678,0.03998525389978558,0.6791671519949035,25,50,10
28,6712,0.00105505300210835,0.2797866886176968,0.03998525523457407,0.6791730031456207,25,50,10
28,6713,0.0010608706788220353,0.27978087423263337,0.039985251957381396,0.6791730031311632,25,50,10
28,6714,0.000921539362889935,0.27978087422838377,0.03998488355653672,0.6793127028521896,25,50,10
28,6715,0.0008978017546887812,0.2798047756310727,0.03998472036272291,0.6793127022515157,25,50,10
28,6716,0.0013674261161641607,0.2798047756363213,0.039985160430851624,0.6788426378166631,25,50,10
28,6717,0.0013734150126461628,0.2798047756363372,0.03998516061171889,0.6788366487392978,25,50,10
28,6718,0.0013815045939787128,0.2797966794496707,0.03998516721212223,0.6788366487442288,25,50,10
28,6719,0.0013675607305520575,0.2797966794496012,0.03998516122428214,0.678850598595565,25,50,10
28,6720,0.0013693496118257272,0.2797966794496327,0.03998516441279282,0.678848806525749,25,50,10
28,6721,0.0013633606767817009,0.2798026681694248,0.03998516462786722,0.6788488065259266,25,50,10
28,6722,0.0018270235581948492,0.2793463936326182,0.039977775680379066,0.678848807128808,25,50,10
28,6723,0.0018330484848980983,0.27934639363265384,0.03997777731850528,0.678842780563943,25,50,10
28,6724,0.0022913036759170586,0.2793463936328698,0.03997795582348307,0.6783843468677303,25,50,10
28,6725,0.0018216454944170331,0.2793463936276022,0.039977514401410015,0.678854446476571,25,50,10
28,6726,0.0018155160388233494,0.2793463936276366,0.039977513929834035,0.6788605764037062,25,50,10
28,6727,0.0018176892569191378,0.2793463936275339,0.03997750151871091,0.6788584155968362,25,50,10
28,6728,0.001812079738578847,0.2793463936275712,0.0399775042409472,0.678864022392903,25,50,10
28,6729,0.0018179330320318241,0.27934639362755204,0.03997750283449033,0.6788581705059258,25,50,10
28,6730,0.0015796144896714798,0.2793463936232244,0.03997699098548943,0.6790970009016145,25,50,10
28,6731,0.0020495443521819463,0.2788760181145104,0.03997743577914685,0.6790970017541607,25,50,10
28,6732,0.0020497862197091125,0.2788757747244604,0.03997743729232018,0.6790970017635101,25,50,10
28,6733,0.00205580853905907,0.27887577472451414,0.03997744118027766,0.6790909755561486,25,50,10
28,6734,0.002049817723662568,0.27887577472449726,0.03997744095885642,0.6790969665929834,25,50,10
28,6735,0.0020559500959168643,0.27886964104411827,0.03997744226689789,0.6790969665930666,25,50,10
28,6736,0.0020498525147209993,0.2788696410440478,0.039977439166883254,0.6791030672743474,25,50,10
28,6737,0.0015857439990916034,0.2788696410439032,0.03997726584095553,0.6795673491160491,25,50,10
28,6738,0.0015936937435557927,0.2788696410440249,0.039977273824550213,0.6795593913878687,25,50,10
28,6739,0.0015917289768807676,0.27886964104407647,0.03997924086440224,0.67955938911464,25,50,10
28,6740,0.0017250544976054048,0.27886964105047773,0.03998060309059262,0.6794247013613238,25,50,10
28,6741,0.0017388948202592238,0.27885578932747235,0.039980614461540956,0.6794247013907271,25,50,10
28,6742,0.0017388973446611767,0.27885578932747357,0.03998061458045564,0.6794246987474091,25,50,10
28,6743,0.0017327631333447899,0.2788619192958534,0.03998061882347556,0.6794246987473257,25,50,10
28,6744,0.0017324760166938088,0.27886191929583204,0.03998061758487585,0.6794249871025976,25,50,10
28,6745,0.0017326185472446732,0.27886191929585086,0.03998061854307691,0.6794248436138267,25,50,10
28,6746,0.001736471920911772,0.2788580604478411,0.03998062399829601,0.6794248436329504,25,50,10
28,6747,0.0017345431707249618,0.27885806044775635,0.03998061895772196,0.6794267774237962,25,50,10
28,6748,0.0012645123447998555,0.27932853658859796,0.03998017448548169,0.6794267765811199,25,50,10
28,6749,0.0012704706664126114,0.2793285365886856,0.03998017368380673,0.6794208190610945,25,50,10
28,6750,0.0012762562758525556,0.27932853658867013,0.03998017567560066,0.6794150314598766,25,50,10
28,6751,0.001276396497286437,0.2793285365887595,0.03998018215193391,0.6794148847620203,25,50,10
28,6752,0.001276641364010438,0.27932853658867035,0.03998018278177828,0.679414639265541,25,50,10
28,6753,0.0012709333799886138,0.27889809374658714,0.04041633357867342,0.6794146392947501,25,50,10
28,6754,0.0012852561854286202,0.27889809374659214,0.0404020096323254,0.6794146404356524,25,50,10
28,6755,0.0012713108480129451,0.27891205128330193,0.04040199747179182,0.6794146403968919,25,50,10
28,6756,0.0012653185720242885,0.27891205128323093,0.04040199228488288,0.6794206378598608,25,50,10
28,6757,0.0012611588022337966,0.27891205128328395,0.040401997078815484,0.6794247928356658,25,50,10
28,6758,0.0012691259947522605,0.27891205128333496,0.04040201088623145,0.6794168118356807,25,50,10
28,6759,0.0011359039720367258,0.27891205127693325,0.04040064857595291,0.6795513961750765,25,50,10
28,6760,0.001131768546313764,0.27891205127700236,0.04040065457899453,0.6795555255976891,25,50,10
28,6761,0.00112602125737003,0.27891205127701896,0.040400655815441944,0.6795612716501691,25,50,10
28,6762,0.0006623643126028503,0.2793760727855556,0.04040029185480511,0.6795612710470366,25,50,10
28,6763,0.0006623254442687529,0.2793760727855543,0.04040029119129408,0.679561310578883,25,50,10
28,6764,0.0006621499485898424,0.2798123989902035,0.039964140511529675,0.6795613105496772,25,50,10
28,6765,0.000668006349840755,0.2798065425669462,0.039964140524094575,0.6795613105591187,25,50,10
28,6766,0.0011376916162154698,0.2793364146573698,0.03996458230979926,0.6795613114166156,25,50,10
28,6767,0.0011358372453560185,0.27933641465731857,0.03996457661128757,0.6795631714860382,25,50,10
28,6768,0.0011378359062348556,0.2793364146573908,0.03996458382905957,0.679561165607315,25,50,10
28,6769,0.001134122594683525,0.27934013922874246,0.03996457258829284,0.6795611655882816,25,50,10
28,6770,0.0011340153971973702,0.27934013922868955,0.039964571806130784,0.6795612735679825,25,50,10
28,6771,0.0011340215501081648,0.2793401392286895,0.039964572450272,0.6795612667709304,25,50,10
28,6772,0.0020421725197047446,0.27934013923512546,0.03898934369753032,0.6796283445476395,25,50,10
28,6773,0.0020480560368911992,0.2793401392351252,0.0389893430742064,0.6796224616537774,25,50,10
28,6774,0.002034198573264595,0.2793401392350729,0.038989329154746115,0.6796363330369165,25,50,10
28,6775,0.0020282753907386016,0.2793401392350403,0.03898933077017236,0.6796422546040489,25,50,10
28,6776,0.002028242238482235,0.27934013923500434,0.0389893291336184,0.6796422893928952,25,50,10
28,6777,0.0020221125234207472,0.27934626965022646,0.03898932842885501,0.6796422893974977,25,50,10
28,6778,0.0020440088767910334,0.27934626965038456,0.038989339271173755,0.6796203822016509,25,50,10
28,6779,0.0015807364299136547,0.2798099794267308,0.03898890279877663,0.6796203813445788,25,50,10
28,6780,0.0015865898195628614,0.2798099794267148,0.03898890153407521,0.6796145292196475,25,50,10
28,6781,0.0015926123082172145,0.27980997942673164,0.038988902791924955,0.6796085054731266,25,50,10
28,6782,0.0016004316820563446,0.27980997942676544,0.03898890815930834,0.6796006807318703,25,50,10
28,6783,0.0015944412731727043,0.2798099794267827,0.03898890843473522,0.6796066708653098,25,50,10
28,6784,0.0016003283778029498,0.2798099794267833,0.03898890851690047,0.6796007836785138,25,50,10
28,6785,0.0016066997202893066,0.279803605031208,0.03898891157977627,0.6796007836687268,25,50,10
28,6786,0.001584875636587991,0.2798036050310665,0.03898889886948378,0.6796226204628623,25,50,10
28,6787,0.0015928251011799357,0.2797956503847138,0.03898890405141276,0.6796226204626942,25,50,10
28,6788,0.001587083634920309,0.2797956503847157,0.03898890774767308,0.6796283582326914,25,50,10
28,6789,0.0015808798994328586,0.2797956503847155,0.0389889087854573,0.6796345609303951,25,50,10
28,6790,0.0015809128696385392,0.2797956133412712,0.038988912843740564,0.6796345609453506,25,50,10
28,6791,0.0016008088883973483,0.27979561334133957,0.0389889166460869,0.679614661124177,25,50,10
28,6792,0.0015944637577476786,0.27980195860052354,0.03898891651771344,0.6796146611240163,25,50,10
28,6793,0.0016003158528819304,0.27979610736501265,0.03898891565817578,0.6796146611239302,25,50,10
28,6794,0.0016063425215393876,0.27979610736506183,0.0389889151694727,0.6796086349439269,25,50,10
28,6795,0.0016104738998057953,0.2797961073649747,0.03898890890506095,0.6796045098301589,25,50,10
28,6796,0.0025183426748665687,0.2788876419519715,0.03898950495607483,0.6796045104170874,25,50,10
28,6797,0.0025180984156237835,0.27888789279052884,0.03898949837684545,0.6796045104170019,25,50,10
28,6798,0.0025200965798748962,0.278887892790444,0.03898949978603039,0.6796025108436504,25,50,10
28,6799,0.002551857489409181,0.27888789279367143,0.038989742799550836,0.679570506917368,25,50,10
28,6800,0.0025381526272598696,0.2788878927936377,0.03898973741921048,0.6795842171598917,25,50,10
28,6801,0.002538121251029364,0.2788878927935855,0.038989734619166994,0.679584251336218,25,50,10
28,6802,0.0025381163522905127,0.27888789279358356,0.03898973442937952,0.6795842564247462,25,50,10
28,6803,0.0025380107857263827,0.27888789279358484,0.03898973450732622,0.6795843619133625,25,50,10
28,6804,0.0025221804737649957,0.2788878927934447,0.03898972248260116,0.6796002042501889,25,50,10
28,6805,0.00298447005695832,0.2788878927978847,0.03899070884188323,0.6791369283032737,25,50,10
28,6806,0.002990356441994096,0.27888789279788523,0.038990708892163134,0.6791310418679573,25,50,10
28,6807,0.0029966283047835533,0.2788878927978368,0.03899071039090397,0.6791247685064754,25,50,10
28,6808,0.0029987579110390757,0.27888568393129437,0.03899078936488948,0.6791247687927766,25,50,10
28,6809,0.0029981286222194848,0.27888568393132446,0.038990787434767075,0.6791254000116886,25,50,10
28,6810,0.002971973052286993,0.2788856839280595,0.038990541659522475,0.6791518013601306,25,50,10
28,6811,0.0029822261372316524,0.27888568393326874,0.03899060807002134,0.679141481859478,25,50,10
28,6812,0.002978157041435105,0.2788856839333365,0.0389906107521819,0.6791455482730462,25,50,10
28,6813,0.002978435860265195,0.27888568393337404,0.03899061350995856,0.6791452666964019,25,50,10
28,6814,0.002978150577050685,0.27888597243152935,0.03899061029536122,0.6791452666960585,25,50,10
28,6815,0.002972264618836054,0.2788859724315294,0.038990610246904776,0.6791511527027301,25,50,10
28,6816,0.0029780093165908527,0.2788859724315271,0.03899060654358501,0.6791454117082978,25,50,10
28,6817,0.002983970120808875,0.2788859724315439,0.038990604792810475,0.6791394526548374,25,50,10
28,6818,0.0029760147964653515,0.2788859724314204,0.03899059489130221,0.6791474178808126,25,50,10
28,6819,0.0029741600900187663,0.27888597243134905,0.03899058882691102,0.6791492786517214,25,50,10
28,6820,0.0029681666500836618,0.27888597243136465,0.03899058898348307,0.6791552719350683,25,50,10
28,6821,0.002970616457648676,0.2788859724325454,0.03899069120552132,0.6791527199042844,25,50,10
28,6822,0.003105409418029912,0.2788859724367104,0.03899102899607219,0.6790175891491873,25,50,10
28,6823,0.0021977505745261554,0.27979422944329274,0.03899043141031754,0.6790175885718636,25,50,10
28,6824,0.0022056033725053477,0.27978636968082904,0.03899043836536105,0.6790175885813045,25,50,10
28,6825,0.002199714946019482,0.27978636968082876,0.03899043829015098,0.6790234770830007,25,50,10
28,6826,0.001733396538033262,0.2797863696764573,0.038989458438685946,0.6794907753468235,25,50,10
28,6827,0.0017195900422624086,0.2798001813795976,0.0389894532407586,0.6794907753373814,25,50,10
28,6828,0.0017274815571842015,0.27980018138198803,0.03898955342657748,0.6794827836342503,25,50,10
28,6829,0.0022110825424922027,0.27980018139231405,0.0389900474578787,0.6789986886073152,25,50,10
28,6830,0.002215232223545653,0.2797960234856933,0.03899005567869934,0.6789986886120617,25,50,10
28,6831,0.0022231572191738964,0.2797960234857274,0.03899006012196023,0.6789907591731389,25,50,10
28,6832,0.0022215859590420514,0.2797960234856577,0.03899005465571119,0.6789923358995894,25,50,10
28,6833,0.0022217209414988146,0.27979602348567606,0.038990055916222954,0.6789921996566025,25,50,10
28,6834,0.0013052401066908656,0.2797962772435661,0.03997215588348907,0.6789263267662546,25,50,10
28,6835,0.001305762824671812,0.2797957429152834,0.03997216748851837,0.6789263267715272,25,50,10
28,6836,0.001327552148743878,0.2797957429153875,0.03997217795301974,0.6789045269828494,25,50,10
28,6837,0.0013137416693855216,0.2798095596207092,0.039972171736336035,0.6789045269735696,25,50,10
28,6838,0.0013137466238131257,0.27980955962071047,0.03997217187446548,0.6789045218810114,25,50,10
28,6839,0.0013114226524425497,0.27981188907436827,0.039972166402106137,0.6789045218710834,25,50,10
28,6840,0.0013114547882933515,0.2798118890743893,0.039972169642874575,0.6789044864944431,25,50,10
28,6841,0.0013114538765298092,0.27981189101656984,0.039972168612458475,0.6789044864944419,25,50,10
28,6842,0.0012895288825055054,0.27981189101642945,0.0399721564853722,0.678926423615693,25,50,10
28,6843,0.0012897731279036281,0.27981189101644593,0.03997215600027517,0.6789261798553754,25,50,10
28,6844,0.001758216155262489,0.27982588280635623,0.039490926582621044,0.6789249744557607,25,50,10
28,6845,0.0017642065149519692,0.279825882806339,0.039490926324710476,0.678918984353999,25,50,10
28,6846,0.0017622723135184873,0.27982782300481207,0.039490920342045814,0.6789189843396239,25,50,10
28,6847,0.0017577162560760786,0.27983238304791763,0.03949091634252559,0.6789189843534811,25,50,10
28,6848,0.001751691431045116,0.2798323830478992,0.03949091508260956,0.6789250104384464,25,50,10
28,6849,0.0023834017525045104,0.27983238654409337,0.039498557146323374,0.678285654557079,25,50,10
28,6850,0.002389042386777439,0.2798323865440749,0.039498555765685985,0.6782800153034618,25,50,10
28,6851,0.002249726303308724,0.2798323865387269,0.039498111023370246,0.6784197761345944,25,50,10
28,6852,0.0022535728325952936,0.27983238653884945,0.03949812278852264,0.6784159178400329,25,50,10
28,6853,0.0017791451313095025,0.2798181454250381,0.03998679223196878,0.678415917211684,25,50,10
28,6854,0.0017732610871385166,0.2798181454250381,0.03998679222523513,0.6784218012625887,25,50,10
28,6855,0.001773261786463589,0.27981814483994877,0.03998679211074831,0.6784218012628397,25,50,10
28,6856,0.0017791151096812194,0.2798122921026263,0.039986791520340764,0.6784218012673522,25,50,10
28,6857,0.0017850399089555586,0.2798122921026429,0.03998678969534497,0.6784158782930569,25,50,10
28,6858,0.0017851795462717587,0.2798122921026789,0.039986794146854604,0.6784157342041951,25,50,10
28,6859,0.0017811517184189308,0.2798122921027311,0.03998680193454726,0.6784197542443033,25,50,10
28,6860,0.0017734417408043987,0.2798122921026611,0.0399867978918609,0.6784274682646744,25,50,10
28,6861,0.0017872808370502963,0.27981229210271363,0.039986803693233576,0.6784136233670032,25,50,10
28,6862,0.0017868932182281562,0.27981229210269565,0.03998680229152435,0.6784140123875527,25,50,10
28,6863,0.0017869289017937466,0.2798122921027325,0.03998680400476339,0.6784139749907108,25,50,10
28,6864,0.0011552554490342757,0.2798122886065922,0.039979165814124466,0.6790532901302494,25,50,10
28,6865,0.0011555329250150972,0.27981228860659274,0.0399791689386812,0.6790530095297114,25,50,10
28,6866,0.0011562100551306856,0.27981228860659974,0.03997917469515318,0.6790523266431167,25,50,10
28,6867,0.0011563483825058095,0.27981214629335804,0.03997917868561589,0.6790523266385207,25,50,10
28,6868,0.0016281559640976928,0.2793401121216236,0.03997940526092555,0.6790523266533536,25,50,10
28,6869,0.0016357314775700827,0.2793401121217281,0.039979408815443214,0.6790447475852591,25,50,10
28,6870,0.0016415865680841483,0.27933432928123336,0.03997933683218377,0.6790447473184991,25,50,10
28,6871,0.0016278443779967173,0.27933432928121876,0.03997933664094098,0.679058489699844,25,50,10
28,6872,0.0011660661947743322,0.27933432927101587,0.03997885746379683,0.6795207470704131,25,50,10
28,6873,0.0011732187796057792,0.27933432927106083,0.039978857943536894,0.6795135940057966,25,50,10
28,6874,0.0007015518804748967,0.27980621744645995,0.039978636662630185,0.6795135940104352,25,50,10
28,6875,0.0006876584791485005,0.2798062174463736,0.03997863095934336,0.6795274931151347,25,50,10
28,6876,0.0006797078389819705,0.27980621744632134,0.03997862632667706,0.6795354483880197,25,50,10
28,6877,0.0006797147160079453,0.279806217446322,0.03997862645035946,0.6795354413873104,25,50,10
28,6878,0.0006717178569864607,0.2798062174439141,0.039978526005016765,0.6795435386940825,25,50,10
28,6879,0.0011434821448276155,0.2793338821533715,0.03997909585820687,0.6795435398435941,25,50,10
28,6880,0.0011434858734281138,0.2793338821533728,0.039979095949180685,0.6795435360240184,25,50,10
28,6881,0.0011216644603279204,0.27935571405331916,0.03997908549147677,0.6795435359948762,25,50,10
28,6882,0.0011156727878682323,0.27935571405333537,0.039979085722889406,0.6795495274359069,25,50,10
28,6883,0.0011374888237962863,0.2793557140534938,0.039979099028805566,0.6795276980939043,25,50,10
28,6884,0.0011356320148265635,0.279357578060276,0.039979091845274234,0.6795276980796234,25,50,10
28,6885,0.001135635201517964,0.2793575780602955,0.03997909028952332,0.6795276964486636,25,50,10
28,6886,0.0011354940061851402,0.27935757806029543,0.039979088268895596,0.679527839664624,25,50,10
28,6887,0.001133777092736015,0.2793575780602424,0.03997908421045208,0.6795295606365697,25,50,10
28,6888,0.001139697227258724,0.27935757806018624,0.03997907927613015,0.6795236454364251,25,50,10
28,6889,0.0011476471184104608,0.2793575780602572,0.03997908420442322,0.6795156906169092,25,50,10
28,6890,0.0011667746360397998,0.27935757806051614,0.03997933182674124,0.679496315476703,25,50,10
28,6891,0.0011684958535800323,0.27935757806055433,0.0399793919282161,0.6794945341576498,25,50,10
28,6892,0.001172451226155078,0.2793575780607304,0.03997940561843033,0.6794905650946845,25,50,10
28,6893,0.0011724173327231537,0.2793575780607295,0.03997940455783473,0.6794906000487129,25,50,10
28,6894,0.0011505586044004573,0.279357578060555,0.03997939409207525,0.6795124692429698,25,50,10
28,6895,0.0011561668399173873,0.2793519768507776,0.039979387095252165,0.6795124692140534,25,50,10
28,6896,0.0011621540609905153,0.2793459900455536,0.039979386684253104,0.6795124692092033,25,50,10
28,6897,0.0024905928923262917,0.2793462262149368,0.038650691037731555,0.6795124898550055,25,50,10
28,6898,0.0024925562458766376,0.27934622621505895,0.038650699862234746,0.6795105176768298,25,50,10
28,6899,0.002498682734088031,0.27934622621509453,0.03865070143690153,0.6795043896139158,25,50,10
28,6900,0.002492761427305149,0.2793462262150751,0.03865070002266869,0.679510312334951,25,50,10
28,6901,0.002636114249402955,0.27934622621932254,0.03865106558806369,0.6793665939432106,25,50,10
28,6902,0.0026299851253882988,0.27935235942265524,0.03865106150882602,0.6793665939431303,25,50,10
28,6903,0.002623961978404797,0.2793523594226375,0.0386510601584118,0.6793726184405458,25,50,10
28,6904,0.002653629857324993,0.2793226756374897,0.03865107603592406,0.679372618469261,25,50,10
28,6905,0.0026595521382650226,0.27932267563750535,0.03865107310986846,0.6793666991143611,25,50,10
28,6906,0.0026344053631193647,0.2793226756372115,0.038650821175060496,0.6793920978246086,25,50,10
28,6907,0.0026362268328136295,0.27932267563722735,0.038650823244987545,0.6793902742849715,25,50,10
28,6908,0.002656185987643929,0.2793226756372456,0.038650826507266006,0.6793703118678444,25,50,10
28,6909,0.0026460382220536306,0.27932267563205426,0.0386507621732276,0.6793805239726645,25,50,10
28,6910,0.0026499594948006977,0.27932267563201574,0.03865070203212497,0.6793766628410587,25,50,10
28,6911,0.0026560912658121056,0.2793226756319997,0.03865070286604472,0.6793705302361434,25,50,10
28,6912,0.0026559840929645247,0.27932267563198243,0.03865070040584138,0.6793706398692116,25,50,10
28,6913,0.002650061499555119,0.2793226756319455,0.03865069773113063,0.6793765651373685,25,50,10
28,6914,0.002634263124610492,0.27932267563184016,0.038650687211632395,0.6793923740319169,25,50,10
28,6915,0.0021763032003860074,0.2797811997994894,0.03865012409868182,0.6793923729014429,25,50,10
28,6916,0.002146495878219307,0.2798110264044346,0.03865010484436409,0.6793923728729819,25,50,10
28,6917,0.002146601236532577,0.27981092051674655,0.03865010536438374,0.6793923728823371,25,50,10
28,6918,0.0021465993388960903,0.2798109205167469,0.03865010534582388,0.6793923747985332,25,50,10
28,6919,0.0021426766872256666,0.27981092051660644,0.03865009732352384,0.6793963054726442,25,50,10
28,6920,0.0021426747482647616,0.2798109205166065,0.038650096607784463,0.6793963081273442,25,50,10
28,6921,0.0021428142289468227,0.27981092051662615,0.03865009803307347,0.6793961672213537,25,50,10
28,6922,0.0021505299441144142,0.27980319782428714,0.03865010500088746,0.6793961672307113,25,50,10
28,6923,0.002136831832680096,0.27981690184710684,0.0386500991085331,0.6793961672116804,25,50,10
28,6924,0.0021405427120330224,0.2798169018472119,0.0386501095376218,0.6793924459031336,25,50,10
28,6925,0.002138265294335139,0.27981690184737046,0.03865012093961297,0.6793947119186815,25,50,10
28,6926,0.002132413303991609,0.27981690184738955,0.038650122317384204,0.6794005625312348,25,50,10
28,6927,0.0021382673312159146,0.27981104944440316,0.03865012069314852,0.6794005625312326,25,50,10
28,6928,0.0021243171883017576,0.2798250075513837,0.03865011273843685,0.6794005625218779,25,50,10
28,6929,0.002130825289221085,0.2798250075514065,0.03865011427150545,0.6793940528878671,25,50,10
28,6930,0.0021368162888720814,0.27982500755140644,0.03865011428145733,0.6793880618782643,25,50,10
28,6931,0.002136962713073615,0.279825007551443,0.03865014247727211,0.6793878872582114,25,50,10
28,6932,0.0021388108375120555,0.2798250075514927,0.038650149064612394,0.6793860325463825,25,50,10
28,6933,0.002144804196646082,0.2798250075514564,0.038650148437724234,0.6793800398141728,25,50,10
28,6934,0.002160457802886052,0.2798250075515243,0.03865013175644517,0.6793644028891441,25,50,10
28,6935,0.0021604597455696438,0.2798250075515246,0.03865013180093027,0.679364400901975,25,50,10
28,6936,0.0021603542096921063,0.27982500755156026,0.03865013236914268,0.6793645058696046,25,50,10
28,6937,0.0021444848678240946,0.27982500755147427,0.03865012220990065,0.6793803853708007,25,50,10
28,6938,0.002150475236530654,0.27982500755145706,0.038650121945326035,0.6793743952666861,25,50,10
28,6939,0.0022919298015533322,0.2798250075579423,0.03865089120433001,0.6792321714361741,25,50,10
28,6940,0.0022981642105189305,0.279818772172086,0.03865089218114149,0.6792321714362534,25,50,10
28,6941,0.0021509578021629934,0.27981877216767975,0.03865051321389665,0.6793797568162607,25,50,10
28,6942,0.002158946756791752,0.2798187721677501,0.03865052236922762,0.6793717587062303,25,50,10
28,6943,0.002169074357816035,0.27981877216768,0.03865051738708118,0.6793616360874227,25,50,10
28,6944,0.0021649390445795925,0.2798229014085058,0.038650523450055596,0.679361636096859,25,50,10
28,6945,0.0021590140171195266,0.2798288241628118,0.038650525723126314,0.6793616360969424,25,50,10
28,6946,0.002158983838638681,0.27982882416297367,0.03865077826699804,0.6793614137313897,25,50,10
28,6947,0.0021511009810454102,0.27982882416294336,0.03865077519562709,0.6793692996603837,25,50,10
28,6948,0.0021649748682475646,0.2798149462065875,0.038650779250842045,0.6793692996743226,25,50,10
28,6949,0.0021650476260554035,0.2798149462066047,0.03865077846489748,0.6793692277024421,25,50,10
28,6950,0.0021651209320824234,0.2798149462065681,0.03865077626447948,0.6793691565968697,25,50,10
28,6951,0.0021649857224155145,0.2798149462065503,0.03865077494792523,0.6793692931231089,25,50,10
28,6952,0.002398803549965397,0.2798149462107478,0.038651323497221585,0.6791349267420655,25,50,10
28,6953,0.002251219348171536,0.2798149462042278,0.03865055314827508,0.6792832812993255,25,50,10
28,6954,0.002237243271777385,0.2798149462041759,0.03865054639432356,0.679297264129723,25,50,10
28,6955,0.001992961805540766,0.2798149461997963,0.03864998385191878,0.6795421081427441,25,50,10
28,6956,0.0020068014691699294,0.27981494619986724,0.03864998991303156,0.6795282624179307,25,50,10
28,6957,0.0020087337334438256,0.27981494620000774,0.038649995979462046,0.6795263240870857,25,50,10
28,6958,0.002008692770166484,0.2798149461999908,0.038649997836177376,0.6795263631936647,25,50,10
28,6959,0.0020206767210099296,0.27980296229697843,0.03864999778834949,0.6795263631936614,25,50,10
28,6960,0.0020248065627498026,0.2798029622968398,0.03864998776067819,0.6795222433797317,25,50,10
28,6961,0.0020288346386703386,0.2798029622969836,0.038650001103801755,0.6795182019605437,25,50,10
28,6962,0.002034825646297853,0.27979696713856705,0.03865000524022732,0.6795182019749071,25,50,10
28,6963,0.0020408144951694174,0.279796967138583,0.03865000500092172,0.6795122133653253,25,50,10
28,6964,0.0020388889883314397,0.27979696713970786,0.03865009159640331,0.679514052275557,25,50,10
28,6965,0.0020347901481701184,0.27979696713983,0.03865010044035909,0.6795181422716405,25,50,10
28,6966,0.0020285857404294407,0.27980317151982187,0.03865010046810997,0.6795181422716385,25,50,10
28,6967,0.0020229808821449215,0.27980317151969897,0.03865008565301813,0.6795237619451377,25,50,10
28,6968,0.002023118273785836,0.2798030325723255,0.03865008719906157,0.679523761954827,25,50,10
28,6969,0.0020230831829651757,0.2798030325722882,0.038650084460849714,0.6795237997838968,25,50,10
28,6970,0.0020374773616147358,0.27980303257243244,0.0386500959709375,0.6795093940950152,25,50,10
28,6971,0.0020417851917382333,0.27979865537265086,0.03865016532993598,0.6795093941056749,25,50,10
28,6972,0.0020417155941844663,0.27979865537260984,0.038650162300540795,0.6795094667326651,25,50,10
28,6973,0.002041964540710613,0.2797986553725933,0.03865016515398627,0.6795092149327101,25,50,10
28,6974,0.002035967834011485,0.27979865537262893,0.03865016370665352,0.6795152130867063,25,50,10
28,6975,0.002027978983198282,0.2797986553725582,0.03865015457928186,0.6795232110649617,25,50,10
28,6976,0.0020141412514544923,0.2798124986429208,0.03865014904482323,0.6795232110608016,25,50,10
28,6977,0.0024839076112864555,0.2798124986472725,0.03865051989876562,0.6790530738426758,25,50,10
28,6978,0.0024779159773272146,0.2798184838371973,0.03865052634271789,0.6790530738427577,25,50,10
28,6979,0.0024622222572395444,0.27981848383705743,0.038650512275910584,0.6790687816297927,25,50,10
28,6980,0.0024563368433073948,0.2798184838370568,0.03865051223706199,0.679074667082574,25,50,10
28,6981,0.0024599445841476516,0.27981848383710894,0.03865051989678535,0.6790710516819582,25,50,10
28,6982,0.002462086531678497,0.27981848383700264,0.03865050833244355,0.6790689212988756,25,50,10
28,6983,0.0024620141873307314,0.27981848383685753,0.038650256082484506,0.6790692458933277,25,50,10
28,6984,0.002461766666909119,0.2798184838368738,0.03865025522510699,0.6790694942711106,25,50,10
28,6985,0.0024563365396842902,0.27981848383693025,0.038650259468592706,0.6790749201547932,25,50,10
28,6986,0.002457805394486031,0.27981848383698327,0.0386502641041463,0.6790734466643848,25,50,10
28,6987,0.0024582653536284567,0.2798184838370721,0.03865031844944656,0.6790729323598528,25,50,10
28,6988,0.002463798173993926,0.27981848383703734,0.03865026497125021,0.6790674530177183,25,50,10
28,6989,0.002459698122499765,0.27981848383717967,0.03865027528450557,0.6790715427558146,25,50,10
28,6990,0.0024596987661423303,0.2798184838371806,0.03865027531698556,0.6790715420796911,25,50,10
28,6991,0.002459839428656408,0.27981848383720037,0.03865027792397617,0.6790713988101669,25,50,10
28,6992,0.002451336794311443,0.27981848383705715,0.038650266528248774,0.6790799128403829,25,50,10
28,6993,0.0024533346766817394,0.2798184838359667,0.03865018243245719,0.6790779990548949,25,50,10
28,6994,0.00244769718855657,0.27981848383600616,0.03865018382932736,0.6790836351461104,25,50,10
28,6995,0.0024473467084566774,0.2798184838359511,0.03865018270391368,0.679083986751679,25,50,10
28,6996,0.0024612586036669064,0.2798045669993288,0.03865018763588383,0.6790839867611207,25,50,10
28,6997,0.002459399590764606,0.27980456699925815,0.03865018160036141,0.6790858518096161,25,50,10
28,6998,0.002459369533654854,0.2798045984764073,0.03865018018532971,0.6790858518046082,25,50,10
28,6999,0.002459467059796196,0.2798045984763894,0.03865017980240919,0.6790857546614052,25,50,10
28,7000,0.002465492536750876,0.2798045984764278,0.03865018260970101,0.6790797263771203,25,50,10
28,7001,0.002461116271432541,0.2798090440205273,0.0386501133369024,0.6790797263711379,25,50,10
28,7002,0.0024611176321217157,0.27980904402052603,0.038650113255766616,0.6790797250915859,25,50,10
28,7003,0.0024609415768253253,0.2798090440204919,0.0386501138107812,0.6790799005919013,25,50,10
28,7004,0.0029194579191376617,0.27980904402065243,0.03865032071504995,0.6786211773451596,25,50,10
28,7005,0.0029272663000837846,0.27980904402072126,0.03865032699410771,0.678613362685087,25,50,10
28,7006,0.0029274369108134605,0.279809044020775,0.03865033000207492,0.6786131890663359,25,50,10
28,7007,0.002943372510865607,0.27980904402091566,0.03865034212069109,0.6785972413475269,25,50,10
28,7008,0.0029355259297111653,0.2798090440208105,0.03865033410377954,0.678605095945698,25,50,10
28,7009,0.0029413467721806008,0.27980904402077394,0.038650331378043745,0.6785992778290009,25,50,10
28,7010,0.002941378514072251,0.2798090134040815,0.0386503302576937,0.6785992778241517,25,50,10
28,7011,0.002941422024093617,0.2798090134040262,0.038650327313893194,0.6785992372579863,25,50,10
28,7012,0.002955688486375379,0.2798090134040484,0.03865036091139682,0.6785849371981787,25,50,10
28,7013,0.0029478037612537477,0.2798169010913191,0.03865035794432036,0.6785849372031062,25,50,10
28,7014,0.0029478072761792177,0.27981690109137297,0.03865036186361561,0.6785849297688322,25,50,10
28,7015,0.002968113504727017,0.2798169010934122,0.03865042329089499,0.6785645621109663,25,50,10
28,7016,0.0029759983500417457,0.2647139949893373,0.05374544455467227,0.6785645621059494,25,50,10
28,7017,0.0029676465000997325,0.2647139949872249,0.05374540821116361,0.6785729503015125,25,50,10
28,7018,0.0025031742193987717,0.26471399498709913,0.05374520384791073,0.679037626945592,25,50,10
28,7019,0.0024813508829983513,0.26471399498694437,0.05374519472678421,0.6790594594032737,25,50,10
28,7020,0.0024857636458460496,0.2647139949868057,0.05374518673395478,0.6790550546333942,25,50,10
28,7021,0.002481769516080649,0.2647139949868595,0.05374519360553928,0.6790590418915218,25,50,10
28,7022,0.002481732205516825,0.26471399498691356,0.0537451965826106,0.6790590762249599,25,50,10
28,7023,0.002475628902573769,0.2647139949869129,0.05374519642851793,0.6790651796819962,25,50,10
28,7024,0.002477417766544259,0.26471399498690973,0.053745237039796195,0.6790633502067506,25,50,10
28,7025,0.0011927893890962208,0.264713754378245,0.05503012479610771,0.6790633314365516,25,50,10
28,7026,0.001192998887415798,0.2647137543782444,0.05503015325653506,0.6790630934778052,25,50,10
28,7027,0.0011969600717575237,0.2647137543781349,0.05503014433723376,0.6790591412128741,25,50,10
28,7028,0.0012029899003966745,0.264713754378168,0.05503014271518127,0.6790531130062544,25,50,10
28,7029,0.0016618952152702945,0.2793496901156474,0.03993530165071488,0.6790531130183676,25,50,10
28,7030,0.0016757720914232824,0.279349690115715,0.03993530543484072,0.6790392323580208,25,50,10
28,7031,0.0016717392941500973,0.27934969011576666,0.03993531213743265,0.6790432584526505,25,50,10
28,7032,0.001669780640063818,0.27934969011569777,0.039935305152930464,0.6790452240913077,25,50,10
28,7033,0.0016777545672763785,0.2793496901158049,0.0399352834598835,0.6790372718570354,25,50,10
28,7034,0.001677892127129548,0.27934955733115363,0.039935278684764736,0.6790372718569523,25,50,10
28,7035,0.0012050750540551379,0.2798225565660075,0.03993509654443986,0.6790372718354978,25,50,10
28,7036,0.0007432911285494256,0.2798225565617259,0.03993473170786829,0.6794994206018566,25,50,10
28,7037,0.0007492122126248885,0.27981663412454766,0.03993473305604506,0.6794994206067829,25,50,10
28,7038,0.000748858305175276,0.2798166341245818,0.039934732556670044,0.6794997750135734,25,50,10
28,7039,0.0007271883070679531,0.27981663412451335,0.03993472229817411,0.6795214552702451,25,50,10
28,7040,0.0007152422771162038,0.2798285792692629,0.0399347231878715,0.6795214552657499,25,50,10
28,7041,0.0007092861560973943,0.27983453811554704,0.03993472047254407,0.6795214552558122,25,50,10
28,7042,0.0007091867493006671,0.27983453811556486,0.039934720827558466,0.6795215543075764,25,50,10
28,7043,0.0007012685009285798,0.2798345381155336,0.039934716671803,0.6795294767117354,25,50,10
28,7044,0.0007012742000361763,0.27983453811558684,0.039934680592267686,0.6795295070921097,25,50,10
28,7045,0.0006993848807294044,0.27983643425590343,0.03993467377610445,0.679529507087263,25,50,10
28,7046,0.0007213110645857043,0.2798364342560616,0.039934686200110134,0.679507568479243,25,50,10
28,7047,0.0007211952074813366,0.2798364342560246,0.039934686961866486,0.6795076835746279,25,50,10
28,7048,0.000725155390514523,0.27983246122067895,0.03993469978536286,0.6795076836034439,25,50,10
28,7049,0.0007191942029444224,0.279832461220662,0.0399347005997603,0.6795136439766337,25,50,10
28,7050,0.0007188376210637886,0.2798324612205694,0.039934695350151254,0.679514005808216,25,50,10
28,7051,0.0007128833381713834,0.279838418422304,0.03993469244116149,0.6795140057983634,25,50,10
28,7052,0.0007129907217559616,0.27983841842232127,0.039934692709639376,0.6795138981462834,25,50,10
28,7053,0.0007129882282423738,0.2798384185737211,0.039934695051755675,0.6795138981462808,25,50,10
28,7054,0.000723455178525532,0.27982767540255593,0.039934970985911776,0.6795138984330069,25,50,10
28,7055,0.0007194245140400593,0.27982767540262604,0.03993497704522763,0.6795179230381063,25,50,10
28,7056,0.0007136419848557784,0.27982767540262476,0.0399349769330563,0.6795237056794632,25,50,10
28,7057,0.0007123480948022257,0.2798276754025058,0.03993513016372768,0.6795248463389644,25,50,10
28,7058,0.0007164453071073847,0.2798276754024741,0.03993512691709471,0.6795207523733238,25,50,10
28,7059,0.0007221954585151157,0.27982192702984965,0.039935125138146656,0.6795207523734885,25,50,10
28,7060,0.0012076765151032003,0.2798219270342036,0.03993552860906931,0.6790348678416237,25,50,10
28,7061,0.0007221652119608709,0.27982192702984965,0.03993512409989748,0.6795207836582918,25,50,10
28,7062,0.0007241635710166982,0.27981994239719116,0.039935110397816324,0.6795207836339755,25,50,10
28,7063,0.0007300513955304909,0.27981994239719143,0.03993511041245289,0.6795148957948248,25,50,10
28,7064,0.0007379703640563045,0.2798199423972434,0.039935115031924893,0.6795069722067751,25,50,10
28,7065,0.0007336332971533969,0.279824557250632,0.039934837536757535,0.6795069719154568,25,50,10
28,7066,0.0007398949651531754,0.27981802767058284,0.03993510486687654,0.6795069724973871,25,50,10
28,7067,0.0007459215787448355,0.2798180276706723,0.03993511139851787,0.6795009393520648,25,50,10
28,7068,0.0007598631043903026,0.279818027670759,0.03993511766358159,0.679486991561269,25,50,10
28,7069,0.0007519110560178766,0.2798180276706892,0.03993511162417198,0.6794949496491207,25,50,10
28,7070,0.0007518370427728548,0.27981810103107774,0.039935112282220235,0.6794949496439289,25,50,10
28,7071,0.0007517635432043636,0.27981817380523183,0.03993511301247788,0.6794949496390857,25,50,10
28,7072,0.0007457325961992936,0.27981817380514207,0.03993510643804827,0.6795009871606102,25,50,10
28,7073,0.0007462912054763894,0.2798181738052352,0.0399351614249065,0.6795003735643819,25,50,10
28,7074,0.0007704283268453617,0.2798181738054531,0.0399351770893934,0.6794762207783083,25,50,10
28,7075,0.0007745620051461002,0.27981817380541807,0.03993517160364752,0.6794720925857889,25,50,10
28,7076,0.01685215419092662,0.2798181738154821,0.039942308175469426,0.6633873638181221,25,50,10
28,7077,0.01686600409083891,0.27980431570745784,0.039942316378729144,0.6633873638229743,25,50,10
28,7078,0.01686601100744859,0.27980431570747727,0.03994231653238576,0.6633873567526887,25,50,10
28,7079,0.016872179083647118,0.2797981446984963,0.03994231945505534,0.6633873567628014,25,50,10
28,7080,0.016858224896065907,0.27981210726441497,0.03994231108625042,0.6633873567532689,25,50,10
28,7081,0.016864290572305908,0.2798060426374031,0.03994231003711201,0.6633873567531792,25,50,10
28,7082,0.01687035438062076,0.2797999798595026,0.039942309006522236,0.6633873567533546,25,50,10
28,7083,0.01687845961718507,0.27979997985945226,0.039942283014957794,0.663379277508405,25,50,10
28,7084,0.01687246832424939,0.2798059714183333,0.03994228275368779,0.6633792775037298,25,50,10
28,7085,0.016868370522425017,0.27980597141836455,0.03994228599312779,0.6633833720660828,25,50,10
28,7086,0.01686864785660056,0.27980597141840235,0.039942288785122924,0.6633830919398743,25,50,10
28,7087,0.01686864578160205,0.2798059714183851,0.03994228847751366,0.6633830943224992,25,50,10
28,7088,0.016868075570190225,0.27980597141838087,0.03994212536732231,0.6633838276441064,25,50,10
28,7089,0.01686793535862199,0.27980597141836144,0.03994212394540519,0.6633839692776112,25,50,10
28,7090,0.016832716960554283,0.2798059714260153,0.03997734417623967,0.6633839674371903,25,50,10
28,7091,0.016820305002634036,0.27980597142609814,0.03997734493363256,0.6633963786376349,25,50,10
28,7092,0.016809768408851792,0.2798167709347713,0.03997708259124035,0.6633963780651361,25,50,10
28,7093,0.0013390862681208911,0.2798167718162666,0.04802652793738895,0.670817613978222,25,50,10
28,7094,0.0013390838417452447,0.2798167718162653,0.048026527879835586,0.6708176164621525,25,50,10
28,7095,0.0014702798905216713,0.27981677182070747,0.04802693973372864,0.6706860085550411,25,50,10
28,7096,0.001470560057096724,0.27981677182076253,0.04802694376001622,0.670685724362123,25,50,10
28,7097,0.0014746954134287932,0.2798167718206925,0.04802693770820425,0.6706815950576731,25,50,10
28,7098,0.001478975341762137,0.27981249679700965,0.04802693281273332,0.6706815950484937,25,50,10
28,7099,0.0013419667704801617,0.279812496792586,0.048026524976020175,0.6708190114609123,25,50,10
28,7100,0.001341687919677368,0.2798124967925307,0.04802652090745294,0.6708192943803377,25,50,10
28,7101,0.001341689696857678,0.27981249505579514,0.04802652086709938,0.6708192943802466,25,50,10
28,7102,0.0013412567255751344,0.27981249505584294,0.048026493267102406,0.6708197549514787,25,50,10
28,7103,0.0013353678406866328,0.27981838404222686,0.04802649316585141,0.6708197549512345,25,50,10
28,7104,0.001349311145551972,0.27980442282393503,0.04802651106976159,0.6708197549607507,25,50,10
28,7105,0.0013552415464491805,0.2798044228238809,0.04802651053748086,0.6708138250921882,25,50,10
28,7106,0.0013611302932460918,0.2798044228239,0.04802651182499887,0.6708079350578537,25,50,10
28,7107,0.001339341776784759,0.27980442282376183,0.04802649995805784,0.6708297354413945,25,50,10
28,7108,0.0013393089490561,0.2798044228237243,0.048026497348884166,0.6708297708783343,25,50,10
28,7109,0.0013152417066660544,0.2798044228235229,0.048026478819170854,0.6708538566506388,25,50,10
28,7110,0.0013075356216562268,0.2798044228234366,0.04802647361775263,0.6708615679371533,25,50,10
28,7111,0.001301426701791889,0.27980442282347157,0.0480264700839426,0.6708676803907926,25,50,10
28,7112,0.0012894782468930144,0.27981638207177345,0.04802645929028005,0.670867680391052,25,50,10
28,7113,0.0012876538037829984,0.27981638207172344,0.04802653339568253,0.6708694307288099,25,50,10
28,7114,0.0012815247204470068,0.27981638207168724,0.048026531864010825,0.6708755613438542,25,50,10
28,7115,0.0012953590309076168,0.27981638207177506,0.04802654044459443,0.6708617184527225,25,50,10
28,7116,0.0013073132520643918,0.27980441319556953,0.04802655507502152,0.6708617184773441,25,50,10
28,7117,0.0013132019965651498,0.2798044131955873,0.04802655635531423,0.6708558284525329,25,50,10
28,7118,0.0007065417502366855,0.2798044123039924,0.039969976001532806,0.679519069944238,25,50,10
28,7119,0.0010929231171955308,0.27941669034205285,0.039971314328711295,0.6795190722120403,25,50,10
28,7120,0.00108668831113093,0.2794166903420522,0.0399713132891681,0.6795253080576488,25,50,10
28,7121,0.001090645249329599,0.2794127212334196,0.03997132544047687,0.6795253080767739,25,50,10
28,7122,0.0010867937229276778,0.2794165850691002,0.03997131315032179,0.6795253080576502,25,50,10
28,7123,0.0013289419126067364,0.279416585073549,0.03997195691440687,0.6792825160994371,25,50,10
28,7124,0.0013127091183159564,0.2794328256283911,0.03997194916937587,0.6792825160839168,25,50,10
28,7125,0.0009267502035587663,0.2798201198360695,0.03997061614399867,0.6792825138163728,25,50,10
28,7126,0.0009487176982469064,0.27979814096061334,0.039970627505490464,0.6792825138356493,25,50,10
28,7127,0.0009428636447175528,0.27979814096066713,0.039970630420641265,0.6792883649739739,25,50,10
28,7128,0.0009428950262414178,0.27979810790181164,0.039970632097886344,0.6792883649740602,25,50,10
28,7129,0.0009428233677909791,0.27979810790176,0.03997063547362627,0.6792884332568222,25,50,10
28,7130,0.0009367975042113578,0.27979810790172777,0.03997063718967487,0.6792944574043858,25,50,10
28,7131,0.0009309053458342421,0.27979810790172804,0.03997063720238811,0.6793003495500496,25,50,10
28,7132,0.0009246356421963191,0.27979810790174553,0.03997063434892338,0.6793066221071346,25,50,10
28,7133,0.0009248811751570432,0.27979810790172865,0.03997063610881079,0.6793063748143032,25,50,10
28,7134,0.0009289113885316987,0.27979408583552845,0.039970627970910735,0.679306374805029,25,50,10
28,7135,0.0010641823540971163,0.27979408584183757,0.039971074603794135,0.6791706572002713,25,50,10
28,7136,0.0010640770056082806,0.2797941920661247,0.039971073727999865,0.6791706572002671,25,50,10
28,7137,0.0010579100210550635,0.27980036074442727,0.03997107201992266,0.6791706572145951,25,50,10
28,7138,0.0010639019919636318,0.27980036074444503,0.03997111218754517,0.6791646250760462,25,50,10
28,7139,0.0010475439947799333,0.27980036074422854,0.0399710463987075,0.6791810488622839,25,50,10
28,7140,0.0010475439065371944,0.2798003608440003,0.03997104638726498,0.6791810488621975,25,50,10
28,7141,0.0008072513741662125,0.2798003608398526,0.0399704273826688,0.6794219604033127,25,50,10
28,7142,0.01689133845475813,0.26370917101450536,0.0399775286140905,0.6794219619166464,25,50,10
28,7143,0.016897231799261375,0.26370917101451957,0.03997752566809135,0.6794160715181279,25,50,10
28,7144,0.016911067704234256,0.2637091710145901,0.039977531747451216,0.6794022295337249,25,50,10
28,7145,0.002375517459362256,0.2622799537188731,0.05594226220392342,0.6794022666178418,25,50,10
28,7146,0.0023735578849489692,0.2622799537185896,0.05594223776684091,0.6794042506296212,25,50,10
28,7147,0.002367563519614464,0.26227995371857055,0.055942197376141166,0.6794102853856746,25,50,10
28,7148,0.0023679793661274596,0.26227995371867974,0.055942205281605734,0.6794098616335877,25,50,10
28,7149,0.002368014376861317,0.26227995371871504,0.05594212922146641,0.6794099026829579,25,50,10
28,7150,0.002367980184355186,0.2622799884049899,0.05594212872293565,0.67940990268772,25,50,10
28,7151,0.0023677023664711657,0.26228026918488695,0.055942125771036036,0.6794099026776067,25,50,10
28,7152,0.0037049353871473063,0.2622802691843027,0.054604892194625866,0.6794099032339252,25,50,10
28,7153,0.003704831586853691,0.26228026918430236,0.05460489212702522,0.6794100071018201,25,50,10
28,7154,0.0036828627873941107,0.26230224932189783,0.05460488080808355,0.6794100070826254,25,50,10
28,7155,0.004104830465974166,0.26230224932000135,0.05418291313484314,0.6794100070791825,25,50,10
28,7156,0.0023436109626035714,0.26230224931390156,0.05594410071109942,0.6794100390123967,25,50,10
28,7157,0.0023495336677160066,0.26230224931382895,0.055944096365482955,0.6794041206529733,25,50,10
28,7158,0.0023496716653296033,0.26230224931386453,0.05594409801493714,0.6794039810058697,25,50,10
28,7159,0.0023417196596759718,0.2623022493137942,0.05594409196811003,0.6794119390584207,25,50,10
28,7160,0.0023356952445096947,0.2623022493137772,0.055944090729711314,0.6794179647120027,25,50,10
28,7161,0.002200493964196275,0.2623022493074154,0.05594364122741493,0.6795536155009743,25,50,10
28,7162,0.002206600428055895,0.2623022493084879,0.05594364480435515,0.6795475054591017,25,50,10
28,7163,0.0022021834300678905,0.26230224930843205,0.05594364365034184,0.6795519236111589,25,50,10
28,7164,0.002215996481721543,0.262302249308463,0.055943653638960346,0.6795381005708552,25,50,10
28,7165,0.0022159596022877986,0.26230224930842644,0.055943650967215014,0.6795381401220709,25,50,10
28,7166,0.002217956655853838,0.26230224930855034,0.05594365992154872,0.679536134114047,25,50,10
28,7167,0.002213931864404532,0.26230626834370074,0.05594366567291289,0.6795361341189821,25,50,10
28,7168,0.0022138293107753083,0.2623062683437176,0.05594366593584228,0.6795362364096651,25,50,10
28,7169,0.0022278109883468776,0.2622922753198447,0.055943677272546566,0.6795362364192621,25,50,10
28,7170,0.0022244781668369334,0.26229227532092236,0.05594376617364306,0.6795394803385983,25,50,10
28,7171,0.002244548035529185,0.2622922753209407,0.055943770458620125,0.6795194061849105,25,50,10
28,7172,0.002358509458024473,0.2622922753210345,0.05594391637575166,0.67940529884519,25,50,10
28,7173,0.0023525205178416913,0.2622922753210176,0.05594391617831558,0.6794112879828256,25,50,10
28,7174,0.0023587980541349505,0.26228598848040846,0.055943925482286244,0.6794112879831711,25,50,10
28,7175,0.0023509452653160106,0.26228598848033924,0.05594391365657513,0.6794191525977703,25,50,10
28,7176,0.0023568688932270525,0.26228598848039364,0.055943917607586026,0.679413225018794,25,50,10
28,7177,0.002356762943645182,0.26228598848037715,0.055943917408098266,0.6794133311678803,25,50,10
28,7178,0.00235665256719977,0.26228598848041335,0.05594391721286146,0.679413441739526,25,50,10
28,7179,0.002350657879537887,0.2622859884803426,0.05594391408193161,0.6794194395581884,25,50,10
28,7180,0.0023507267286754234,0.26228598848039675,0.055943918029559406,0.6794193667613685,25,50,10
28,7181,0.006870407473325505,0.23983093182646445,0.07387933015737186,0.6794193305428378,25,50,10
28,7182,0.006866271699637877,0.23983093182655144,0.07387933641583197,0.6794234600579785,25,50,10
28,7183,0.00686224411993686,0.23983495343337233,0.07387934237927266,0.6794234600674183,25,50,10
28,7184,0.006995657784786529,0.2398349534406588,0.07387977270950948,0.6792896160650455,25,50,10
28,7185,0.00700178624229605,0.23983495344069447,0.07387977428732335,0.6792834860296864,25,50,10
28,7186,0.0070018579127947645,0.23983495344074637,0.07387977093834447,0.6792834177081142,25,50,10
28,7187,0.007002107716462463,0.2398349534407113,0.07387977230600491,0.6792831665368211,25,50,10
28,7188,0.00700171952978613,0.23983495344072694,0.0738797693542874,0.6792835576751992,25,50,10
28,7189,0.0068917527843063205,0.23983495344057937,0.07387961662355937,0.6793936771515547,25,50,10
28,7190,0.006896021613296266,0.23983068853792022,0.073879612706759,0.6793936771420244,25,50,10
28,7191,0.006904004165396359,0.23983068853793735,0.07387961589139885,0.6793856914052676,25,50,10
28,7192,0.006903782435215152,0.23983068853686326,0.07387961214619104,0.6793859168817309,25,50,10
28,7193,0.006905712317323348,0.23983068853694964,0.0738796174010468,0.6793839817446805,25,50,10
28,7194,0.006885607405722671,0.23983068853689463,0.07387961041674403,0.6794040936406386,25,50,10
28,7195,0.006893559952258352,0.23983068853694686,0.07387961613088033,0.6793961353799144,25,50,10
28,7196,0.006893559953983655,0.23983068853694686,0.07387961613128685,0.6793961353777825,25,50,10
28,7197,0.0068939813968618355,0.23983068853703984,0.07387962046485227,0.6793957096012462,25,50,10
28,7198,0.006878154763054696,0.23983068853689882,0.07387960835640739,0.6794115483436391,25,50,10
28,7199,0.006872337069385786,0.23983068853693573,0.07387961104995978,0.6794173633437188,25,50,10
28,7200,0.006871919963061881,0.23983068853684372,0.07387960680987139,0.6794177846902231,25,50,10
28,7201,0.006871746874613698,0.2398308606071131,0.07387960782302656,0.6794177846952468,25,50,10
28,7202,0.006865750388336556,0.23983086060713063,0.07387960810772479,0.6794237808968081,25,50,10
28,7203,0.006863925845589195,0.23983086060707898,0.07387960344364576,0.6794256101036865,25,50,10
28,7204,0.0068620675143670935,0.23983086060700953,0.07387959744969486,0.6794274744289288,25,50,10
28,7205,0.006861929855421747,0.23983086060699071,0.07387959606897879,0.6794276134686088,25,50,10
28,7206,0.0068498504771893455,0.2398429433649547,0.07387959267942551,0.6794276134784305,25,50,10
28,7207,0.006849958612675533,0.23984294336495504,0.07387959272458698,0.6794275052977825,25,50,10
28,7208,0.006856231324360894,0.23984294336501047,0.07387964523656919,0.679421180074059,25,50,10
28,7209,0.006854197685198379,0.23984294336513404,0.07387966018295977,0.6794231987667075,25,50,10
28,7210,0.006853950031607724,0.23984319435102588,0.07387965686064776,0.6794231987567183,25,50,10
28,7211,0.007335696812494221,0.2398431943553071,0.07388002626029477,0.6789410825719034,25,50,10
28,7212,0.007335943736107616,0.23984319435529053,0.07388002702543178,0.6789408348831699,25,50,10
28,7213,0.00733192245522907,0.23984319435539633,0.07388003565210294,0.6789448475372717,25,50,10
28,7214,0.007318045800625213,0.2398431943553281,0.07388003385952806,0.678958725984519,25,50,10
28,7215,0.007324134666552063,0.23984319435532586,0.0738800336168533,0.6789526373612693,25,50,10
28,7216,0.007317791758599721,0.23984319435523754,0.07387998173121728,0.678959032154946,25,50,10
28,7217,0.007319684240152608,0.23984111352166904,0.07388017003976093,0.6789590321984182,25,50,10
28,7218,0.007313724910421756,0.2398470761394461,0.07388016675682163,0.6789590321933112,25,50,10
28,7219,0.007307869086680003,0.2398470761394649,0.07388016814228944,0.6789648866315666,25,50,10
28,7220,0.007318335671932031,0.23983652021362972,0.07388025718683394,0.678964886927605,25,50,10
28,7221,0.007332139111236741,0.2398365202136813,0.07388026184288082,0.678951078832202,25,50,10
28,7222,0.007336279753962714,0.239832385302872,0.07388025612515747,0.6789510788180089,25,50,10
28,7223,0.0073343804585804815,0.23983429207444498,0.07388024866354315,0.6789510788034324,25,50,10
28,7224,0.007338404250073821,0.23983429207434104,0.07388024023433705,0.678947063441249,25,50,10
28,7225,0.007332552110050963,0.2398342920743776,0.07388024192746707,0.6789529138881053,25,50,10
28,7226,0.0012988916118510335,0.23983416304010394,0.07991403379722166,0.6789529115508246,25,50,10
28,7227,0.0011713298095129567,0.23983416303278213,0.07991360088377453,0.6790809062739315,25,50,10
28,7228,0.0011738153489608575,0.2398341630329448,0.07991361346222503,0.6790784081558702,25,50,10
28,7229,0.001173787826413144,0.23983416303290914,0.07991361091617777,0.6790784382245006,25,50,10
28,7230,0.0011851074762141605,0.23983416303199123,0.07991353457746252,0.679067194914333,25,50,10
28,7231,0.001169238981457043,0.2398341630317983,0.07991351874169145,0.6790830792450541,25,50,10
28,7232,0.001175264619637716,0.2398341630318699,0.07991352408467386,0.6790770482638193,25,50,10
28,7233,0.0007136252006828673,0.23983416302764396,0.07991316170956785,0.679539050062106,25,50,10
28,7234,0.0007195024061584907,0.23983416302764454,0.07991316171985331,0.6795331728463444,25,50,10
28,7235,0.0008589942570102766,0.2398341630320527,0.07991353713818217,0.6793933055727553,25,50,10
28,7236,0.0008527249889520279,0.2398341630319445,0.0799135301077517,0.6793995818713525,25,50,10
28,7237,0.0008587135916534615,0.23982817455954222,0.07991352998162334,0.6793995818671819,25,50,10
28,7238,0.0008449430376967769,0.23982817455947555,0.0799135465569486,0.6794133358458799,25,50,10
28,7239,0.0008449430517600602,0.23982817343956855,0.07991354766253274,0.6794133358461396,25,50,10
28,7240,0.0008449819074328334,0.2398281734395856,0.07991354381587329,0.679413300837109,25,50,10
28,7241,0.000711410118672333,0.23982817343519516,0.07991316967071409,0.6795472467754192,25,50,10
28,7242,0.0007171540937652283,0.23982817343517668,0.07991316834163523,0.6795415041294235,25,50,10
28,7243,0.0007113020354785136,0.23982817343519552,0.0799131696840164,0.6795473548453103,25,50,10
28,7244,0.0007025822304819492,0.23982817343503346,0.07991315603549795,0.6795560882989874,25,50,10
28,7245,0.0006966292949427426,0.2398281734349972,0.07991315332730803,0.6795620439427527,25,50,10
28,7246,0.0006886778934941777,0.23982817343492685,0.0799131472863353,0.6795700013852443,25,50,10
28,7247,0.0006885712619473007,0.239828173434908,0.07991314689221121,0.679570108410934,25,50,10
28,7248,0.0006889258295085111,0.2398281734348749,0.07991314763583329,0.6795697530997837,25,50,10
28,7249,0.0006890647868938569,0.23982817343489363,0.07991314898558094,0.6795696127926321,25,50,10
28,7250,0.0006832126429714707,0.2398281734349143,0.07991315134993124,0.6795754625721834,25,50,10
28,7251,0.0006831875435929761,0.23982817343489615,0.07991315013676852,0.6795754888847427,25,50,10
28,7252,0.0006833256938323796,0.23982803371167602,0.07991315170005621,0.679575488894436,25,50,10
28,7253,0.0009193264716952525,0.2398280337159592,0.0799137285781851,0.679338911234161,25,50,10
28,7254,0.0009192916518871101,0.23982803371594014,0.07991372718497533,0.6793389474471984,25,50,10
28,7255,0.0009272453591178669,0.2398280337160111,0.07991373323979852,0.6793309876850735,25,50,10
28,7256,0.0009274243265443453,0.23982803371613387,0.07991373914622067,0.6793308028111019,25,50,10
28,7257,0.0009272837151594972,0.2398281770278129,0.07991373645596496,0.6793308028010634,25,50,10
28,7258,0.0009331659989050244,0.23982817702772397,0.07991372995639126,0.6793249270169806,25,50,10
28,7259,0.000938836266934238,0.23982817702763312,0.07990809180822782,0.6793248948972053,25,50,10
28,7260,0.0009448306516997047,0.2398281770276525,0.07990809224391067,0.6793189000767376,25,50,10
28,7261,0.0009508221406330013,0.23982817702763465,0.07990809194101303,0.6793129088907197,25,50,10
28,7262,0.000950819606938174,0.23982817702763495,0.07990809188058216,0.6793129114848453,25,50,10
28,7263,0.0022766926293443825,0.23982817266502796,0.07858222118817967,0.6793129135174487,25,50,10
28,7264,0.002270981209259856,0.23982817266508238,0.07858222430621167,0.6793186218194462,25,50,10
28,7265,0.002270868146319806,0.2398282864026892,0.07858222363163297,0.679318621819358,25,50,10
28,7266,0.002264733515666936,0.2398282864027405,0.07858222420498719,0.6793247558766056,25,50,10
28,7267,0.002265189537131594,0.23982828640286813,0.07858223126679374,0.6793242927932067,25,50,10
28,7268,0.0022653008869257217,0.23982828640289036,0.07858224028462713,0.6793241724255569,25,50,10
28,7269,0.002261167853028506,0.23982828640292514,0.07858224578100194,0.6793282999630443,25,50,10
28,7270,0.002261201615971589,0.23982828640294296,0.07858224705328606,0.679328264927799,25,50,10
28,7271,0.0022612022306147898,0.23982828640294357,0.07858224714525876,0.6793282642211824,25,50,10
28,7272,0.002257170636621488,0.23982828640301362,0.07858225315656037,0.6793322898038041,25,50,10
28,7273,0.0021330695471485496,0.23982828640008502,0.0785818957834897,0.6794567482692766,25,50,10
28,7274,0.0021385020467736167,0.2398282863999571,0.07858188869951796,0.6794513228537511,25,50,10
28,7275,0.002138495167572511,0.23982828639995735,0.07858188866658243,0.6794513297658875,25,50,10
28,7276,0.002132753134764549,0.2398340220018753,0.07858189507814271,0.6794513297852174,25,50,10
28,7277,0.0021330025186889496,0.2398340220019337,0.07858189980468212,0.6794510756746953,25,50,10
28,7278,0.0021271178880546064,0.23983990627956647,0.07858190015300759,0.6794510756793715,25,50,10
28,7279,0.0021270134680332464,0.23983990627958396,0.07858190044362413,0.6794511798087585,25,50,10
28,7280,0.00212477202840672,0.2398423260187449,0.07858172215882407,0.6794511797940239,25,50,10
28,7281,0.002120641174228803,0.2398423260188897,0.0785817295417779,0.6794553032651035,25,50,10
28,7282,0.0021147814571889734,0.23984820319162087,0.07858171211491755,0.6794553032362726,25,50,10
28,7283,0.0021203805365400345,0.23984259245302006,0.07858172376535966,0.6794553032450801,25,50,10
28,7284,0.0021245141456581484,0.2398425924530022,0.07858171949774993,0.6794511739035896,25,50,10
28,7285,0.002138458805153498,0.23984259245303338,0.0785817237952152,0.6794372249465976,25,50,10
28,7286,0.0007923457672812394,0.2398425924452656,0.039971073521208794,0.7193939882662438,25,50,10
28,7287,0.0007983336435815446,0.23984259244524744,0.03997107315248014,0.7193880007586907,25,50,10
28,7288,0.0007925890988391177,0.23984259244526723,0.039971075431761593,0.7193937430241317,25,50,10
28,7289,0.0011429372398681966,0.23984259244966558,0.039971920117686174,0.71904255019278,25,50,10
28,7290,0.001130955933233499,0.23984259244966405,0.03997192006619674,0.7190545315509057,25,50,10
28,7291,0.0011310615653153668,0.2398425005855768,0.039971906307553914,0.719054531541554,25,50,10
28,7292,0.0011350210909318254,0.23983847111411713,0.03997197624812927,0.7190545315468221,25,50,10
28,7293,0.0011390521187694895,0.2398384711140452,0.03997197012486866,0.7190505066423171,25,50,10
28,7294,0.0011492395681775608,0.23983847111615467,0.039972029276160524,0.7190402600395076,25,50,10
28,7295,0.0016086376934725327,0.23937872976041327,0.0399723714042318,0.7190402611418828,25,50,10
28,7296,0.0016103487482977382,0.23937872976040783,0.0399723682205167,0.719038553270778,25,50,10
28,7297,0.0016101035766321354,0.23937872976034885,0.039972363520519874,0.7190388031424996,25,50,10
28,7298,0.0016238009360561483,0.23937872976039884,0.039972367317841394,0.7190251019857042,25,50,10
28,7299,0.0016239384091665436,0.2393787297604351,0.03997236893496575,0.719024962895433,25,50,10
28,7300,0.0016238326932795561,0.23937872976045285,0.03997236927071382,0.7190250682755539,25,50,10
28,7301,0.001627858832461301,0.2393787297603077,0.03997236188314321,0.7190210495240881,25,50,10
28,7302,0.001628729447029274,0.23937872976125718,0.039971491641982215,0.7190210491497314,25,50,10
28,7303,0.0016286613406865133,0.23937879968766163,0.03997148982216225,0.7190210491494896,25,50,10
28,7304,0.00163451295134775,0.23937879968760775,0.03997148689217731,0.7190152004688665,25,50,10
28,7305,0.0016184459835753768,0.23937879968753045,0.03996696663843113,0.7190357876904625,25,50,10
28,7306,0.001618373103587277,0.23937886162996602,0.03996697757590172,0.7190357876905443,25,50,10
28,7307,0.001624225779581018,0.23937886162994942,0.03996697668573202,0.7190299359047367,25,50,10
28,7308,0.0016263664017271485,0.23937886162981023,0.03996696206002661,0.7190278099084351,25,50,10
28,7309,0.0018550469128034458,0.2393788616300083,0.039967255801416565,0.7187988356557706,25,50,10
28,7310,0.0018609284947185202,0.23937886162882058,0.03996137411423997,0.7187988357622195,25,50,10
28,7311,0.0018608964236171395,0.23937886162880154,0.039961372719270034,0.7187988692283099,25,50,10
28,7312,0.0018648892051039514,0.23937886162894517,0.03996138502573582,0.7187948641402138,25,50,10
28,7313,0.0018889490397207254,0.23937886162917682,0.03996140467369407,0.7187707846574071,25,50,10
28,7314,0.0015352379011617544,0.23937886162496005,0.03996067311392795,0.7191252273599492,25,50,10
28,7315,0.0015312043271489336,0.23937886162503016,0.03996067952956598,0.7191292545182542,25,50,10
28,7316,0.001535272174024819,0.23937886162503225,0.0399606783261944,0.7191251878747477,25,50,10
28,7317,0.0015352012854377495,0.23937886162506883,0.039960679991696335,0.719125257097796,25,50,10
28,7318,0.0015431521021248245,0.23937886162513855,0.03996068745539306,0.7191172988173428,25,50,10
28,7319,0.0015290675310929507,0.23937886162506752,0.03996068033292779,0.7191313905109112,25,50,10
28,7320,0.0015350578758450508,0.2393728715601867,0.03996068005773726,0.7191313905062305,25,50,10
28,7321,0.0015290649690694505,0.2393728715602033,0.039960679917995984,0.7191373835527307,25,50,10
28,7322,0.0015269649823431433,0.23937503587088624,0.039960615594378225,0.7191373835523922,25,50,10
28,7323,0.0014087285998485974,0.23937503586954367,0.039960372539254954,0.7192558629913526,25,50,10
28,7324,0.001416648108266172,0.2393750358696482,0.039960381065439095,0.7192479349566464,25,50,10
28,7325,0.0014386818748703492,0.23935299905745777,0.03996038408212847,0.7192479349855432,25,50,10
28,7326,0.0014429561652262398,0.23935299905737042,0.03996037881639203,0.7192436659610111,25,50,10
28,7327,0.0014488059150641398,0.23935299905733448,0.03996037713952834,0.7192378178880727,25,50,10
28,7328,0.0014409557000358987,0.23935299905724747,0.03996037077301724,0.7192456744696989,25,50,10
28,7329,0.001582143617333808,0.23921126460094766,0.039960916452129985,0.719245675329588,25,50,10
28,7330,0.0015762920110599257,0.239211264600734,0.03996089809607139,0.7192515452921343,25,50,10
28,7331,0.0015762895739688879,0.23921126460073336,0.03996089804985731,0.71925154777544,25,50,10
28,7332,0.001582280677897653,0.23921126460071612,0.039960897707262966,0.7192455570141228,25,50,10
28,7333,0.0015884123397669956,0.23921126460069977,0.03996089850205156,0.7192394245574811,25,50,10
28,7334,0.001588411292552945,0.2392112646006816,0.03996089717093706,0.7192394269358279,25,50,10
28,7335,0.001588792832468974,0.23921126460075257,0.039960901450395006,0.7192390411163835,25,50,10
28,7336,0.0015831572679158945,0.23921126460073613,0.03996090117915557,0.7192446769521921,25,50,10
28,7337,0.0017244576982976016,0.2392112646050921,0.03996127747966144,0.7191030002169486,25,50,10
28,7338,0.0017380178903499536,0.23921126460508987,0.03996127920565728,0.7190894382989026,25,50,10
28,7339,0.001728030771570168,0.239211264605179,0.03996128562581053,0.71909941899744,25,50,10
28,7340,0.0017059650442813826,0.23923334410473246,0.039961271882523304,0.7190994189684626,25,50,10
28,7341,0.0017139157417094201,0.2392333441047856,0.039961277642325835,0.7190914625111792,25,50,10
28,7342,0.0012403401051580064,0.23970732282291413,0.039960875949350674,0.7190914611225773,25,50,10
28,7343,0.0012241610972707172,0.23970732282078733,0.03996081555191917,0.7191077005300228,25,50,10
28,7344,0.0012180646800368092,0.23970732282078638,0.039960815485793,0.7191137970133836,25,50,10
28,7345,0.0012241603511666946,0.23970732282078638,0.03996081544566752,0.7191077013823793,25,50,10
28,7346,0.0012275929614931089,0.2397073228206409,0.039960704933856464,0.7191043792840099,25,50,10
28,7347,0.0012275938170493625,0.23970732282065682,0.039960704895949356,0.7191043784663451,25,50,10
28,7348,0.0012548701495155013,0.2397073229542719,0.03993223733136614,0.7191055695648472,25,50,10
28,7349,0.0012548700639630457,0.23970732295427127,0.03993223728172699,0.7191055697000392,25,50,10
28,7350,0.0010301848279439237,0.23970732295401967,0.03993193524423889,0.7193305569737983,25,50,10
28,7351,0.0009858664847204786,0.23970732282047766,0.03997744488946389,0.7193293658053388,25,50,10
28,7352,0.0009860388893142592,0.23970714869860474,0.03997744660640751,0.7193293658056744,25,50,10
28,7353,0.0009940240660204114,0.23970714869881707,0.03997746205826688,0.7193213651768964,25,50,10
28,7354,0.0009939196886200687,0.23970725302763718,0.039977462106941135,0.7193213651768023,25,50,10
28,7355,0.0008467401217238914,0.23985497881755674,0.03997691673912554,0.7193213643215947,25,50,10
28,7356,0.0008526986088864615,0.23984902126250968,0.03997691580726514,0.7193213643213396,25,50,10
28,7357,0.0008545571115768534,0.23984714982097993,0.03997692873650044,0.7193213643309435,25,50,10
28,7358,0.0007153572332417199,0.23984714981669883,0.03997656292061552,0.7194609300294449,25,50,10
28,7359,0.0007058513495161449,0.23984714981669067,0.0399766442979696,0.7194703545358245,25,50,10
28,7360,0.0007018939895322802,0.2398471498165311,0.03997663182020029,0.7194743243737372,25,50,10
28,7361,0.0006957659028282691,0.23984714981654964,0.039976631186183165,0.71948045309444,25,50,10
28,7362,0.0006934898159867602,0.239849455184874,0.03997660191433305,0.7194804530848073,25,50,10
28,7363,0.0006890536853436849,0.23984945518481365,0.039976514627164214,0.7194849765026795,25,50,10
28,7364,0.0007010632739382691,0.239849458951087,0.03996448104748747,0.7194849967274882,25,50,10
28,7365,0.000709114291993282,0.2398494589511046,0.03996448318306092,0.7194769435738425,25,50,10
28,7366,0.0006951406037397524,0.2398494589509088,0.03996446846806228,0.7194909319772903,25,50,10
28,7367,0.0006889041989297791,0.23984945895090826,0.03996446745145087,0.719497169398712,25,50,10
28,7368,0.0006891505023131311,0.23984945895089127,0.0399644679959911,0.7194969225508052,25,50,10
28,7369,0.0006871880352014873,0.23984945895085275,0.03996445917105249,0.7194988938428939,25,50,10
28,7370,0.0006873610884985958,0.23984945895090717,0.03996446227169644,0.7194987176888986,25,50,10
28,7371,0.000681333883441883,0.23984945895085336,0.03996446033958653,0.719504746826119,25,50,10
28,7372,0.0006770594415030384,0.23984945895094,0.039964465560306375,0.7195090160472511,25,50,10
28,7373,0.0006810900865871014,0.2398454341951927,0.039964459680577144,0.7195090160376438,25,50,10
28,7374,0.0006812263951808811,0.23984543419522897,0.03996446183195404,0.7195088775776368,25,50,10
28,7375,0.0006829130051246709,0.2398454341953894,0.03996451968007005,0.7195071331194162,25,50,10
28,7376,0.000676851119862622,0.23984543419539153,0.03996452091487766,0.7195131937698682,25,50,10
28,7377,0.0006770192556772208,0.23984526435619422,0.03996452261826967,0.7195131937698588,25,50,10
28,7378,0.0006770542629443854,0.23984526435623046,0.03996455373893498,0.7195131276418898,25,50,10
28,7379,0.0009073147023879875,0.23984526059885947,0.03973431638057771,0.7195131083181744,25,50,10
28,7380,0.0009075578672615475,0.2398450163681136,0.03973431744619742,0.7195131083184271,25,50,10
28,7381,0.0009073171424166654,0.23984525821262104,0.03973431632678746,0.7195131083181745,25,50,10
28,7382,0.0008773713923886889,0.23984525821238908,0.03973429670158843,0.7195430736936337,25,50,10
28,7383,0.0008775114427118428,0.23984525821240843,0.039734298123156944,0.7195429322217227,25,50,10
28,7384,0.0008715586177952767,0.2398452582124273,0.03973429906728243,0.7195488841024951,25,50,10
28,7385,0.000871420571080488,0.23984525821244326,0.039734300261882884,0.7195490209545936,25,50,10
28,7386,0.0008731423615187263,0.23984525821251274,0.03973430673842855,0.71954729268754,25,50,10
28,7387,0.0008671200911140872,0.23985128107750306,0.03973430616270751,0.7195472926686756,25,50,10
28,7388,0.0008652615885049682,0.23985315275299526,0.03973429300402178,0.7195472926544784,25,50,10
28,7389,0.000869081296929236,0.23985315275313543,0.039734305056007786,0.7195434608939278,25,50,10
28,7390,0.0008708742244897287,0.23985315275318653,0.03973428119953833,0.7195416918227857,25,50,10
28,7391,0.0008767943290286096,0.23984723191493573,0.03973428193325294,0.719541691822783,25,50,10
28,7392,0.0008826796355328695,0.23984723191493537,0.03973428187838045,0.7195358065711517,25,50,10
28,7393,0.0008823945180527309,0.23984723191493315,0.039734280768022934,0.7195360927989918,25,50,10
28,7394,0.0008804645202888977,0.23984723191484644,0.039734275576923855,0.7195380279879414,25,50,10
28,7395,0.0008942659600235361,0.23984723191489735,0.0397342806699753,0.7195242214551045,25,50,10
28,7396,0.0009000829854495602,0.23984723191486043,0.039734277903959475,0.7195184071957312,25,50,10
28,7397,0.0009059019497876622,0.23984141485726532,0.03973427599730169,0.719518407195646,25,50,10
28,7398,0.0009198190167870855,0.2398414148573326,0.03973428280420007,0.7195044833216808,25,50,10
28,7399,0.0009059460437635903,0.23984141485723065,0.03973427697296529,0.7195183621260406,25,50,10
28,7400,0.0009059802569274466,0.23984141485724472,0.03973427490221165,0.7195183299836164,25,50,10
28,7401,0.0009077428174171656,0.23984141485731633,0.039734280999621244,0.7195165613256453,25,50,10
28,7402,0.0009017505012191974,0.23984740712790323,0.03973428104522663,0.7195165613256513,25,50,10
28,7403,0.0009037834250404281,0.2398474071277449,0.03973426772601066,0.7195145417212041,25,50,10
28,7404,0.0009156538142611744,0.2398474071276176,0.03973421305595749,0.7195027260021643,25,50,10
28,7405,0.0009216113405983255,0.2398474071276341,0.03973421229741857,0.7194967692343494,25,50,10
28,7406,0.0009199121600746983,0.2398474071298465,0.03973429978348156,0.7194983809265975,25,50,10
28,7407,0.0009099597265140092,0.2398474071299191,0.03973430712267547,0.7195083260208917,25,50,10
28,7408,0.0009099577434306373,0.23984740712988523,0.039734305373313066,0.7195083297533712,25,50,10
28,7409,0.0008979789023066981,0.23984740712988498,0.039734305379160464,0.719520308588648,25,50,10
28,7410,0.0009040427819755311,0.239847407129885,0.039734304317007293,0.7195142457711321,25,50,10
28,7411,0.0008961951758560049,0.23984740712976205,0.03973429543680847,0.719522102257573,25,50,10
28,7412,0.000894373104594982,0.23984740712972857,0.039734292111990935,0.719523927653685,25,50,10
28,7413,0.0008984410766934197,0.23984740712990785,0.03973433124708832,0.7195198205463099,25,50,10
28,7414,0.0009024305275667212,0.23984740712980024,0.03973432257203807,0.7195158397705943,25,50,10
28,7415,0.0009065603479099861,0.2398474071296765,0.03973431363485424,0.7195117188875586,25,50,10
28,7416,0.0009025333668630617,0.2398474071297466,0.03973431962997696,0.7195157398734127,25,50,10
28,7417,0.0009121893592079576,0.23984740712758668,0.03973423790100118,0.7195061656122033,25,50,10
28,7418,0.0009181831750871343,0.23984141340673515,0.03973423780580666,0.7195061656123701,25,50,10
28,7419,0.000910473340760462,0.23984141340666604,0.03973423289983178,0.7195138803527408,25,50,10
28,7420,0.0008967660335651515,0.23984141340663254,0.039734226527267276,0.7195275940325344,25,50,10
28,7421,0.0009026519293586087,0.2398414134066325,0.0397342265230304,0.7195217081409778,25,50,10
28,7422,0.000904512832890485,0.23984141340670453,0.03973423284613401,0.7195198409142703,25,50,10
28,7423,0.000904931632493015,0.23984141340676055,0.03973423691796861,0.7195194180427774,25,50,10
28,7424,0.0009114148505667883,0.23983493081991852,0.039734236286822704,0.7195194180426916,25,50,10
28,7425,0.0009272449564583028,0.23983493082009427,0.039734249938974064,0.7195035742844726,25,50,10
28,7426,0.0009232849498014246,0.23983493081993132,0.039734211034771115,0.7195075731954954,25,50,10
28,7427,0.0009231076103007711,0.23983493081998478,0.039734212861743584,0.7195077487079702,25,50,10
28,7428,0.0009095559628998687,0.23983493082200233,0.03973421145830331,0.7195213017567942,25,50,10
28,7429,0.0008936232893557341,0.23983493082184382,0.039734198091017,0.7195372477977829,25,50,10
28,7430,0.0008937596798543459,0.23983493082186091,0.03973419934062918,0.7195371101576551,25,50,10
28,7431,0.0008977890142681215,0.23983493082178978,0.039734193101681844,0.7195330870622597,25,50,10
28,7432,0.0009057409419971457,0.2398349308218601,0.0397341991460307,0.7195251290901115,25,50,10
28,7433,0.0009216728992652582,0.23981859331072028,0.03973460467610455,0.7195251291139094,25,50,10
28,7434,0.0009233896439826638,0.23981859331075403,0.03973460903252683,0.7195234080127357,25,50,10
28,7435,0.0009433554766046658,0.23981859331084276,0.03973461546020903,0.7195034357523429,25,50,10
28,7436,0.0009353735813542662,0.23982697467429784,0.03973421600645132,0.719503435737896,25,50,10
28,7437,0.0009377621414521859,0.23982697467415737,0.039734210007896564,0.7195010531764936,25,50,10
28,7438,0.0009374058351903848,0.23982697467419112,0.03973420430303817,0.71950141518758,25,50,10
28,7439,0.000931658194022755,0.23983271984941934,0.03973420675919638,0.7195014151973613,25,50,10
28,7440,0.001390027337628028,0.23983271984955987,0.039734441526052725,0.7190428112867593,25,50,10
28,7441,0.001384140780237698,0.23983860605025856,0.03973444187823068,0.7190428112912728,25,50,10
28,7442,0.0013800075351647068,0.2398386060503459,0.039734448231377194,0.719046938183112,25,50,10
28,7443,0.0013799296805246,0.23983860605032892,0.03973444896727567,0.7190470153018704,25,50,10
28,7444,0.0013859279672743588,0.2398325981288271,0.03973445861171451,0.7190470152921836,25,50,10
28,7445,0.0013799454427354785,0.23983259812877616,0.0397344579335281,0.7190529984949602,25,50,10
28,7446,0.0013779132010545388,0.23983461582847238,0.03973447245630299,0.71905299851417,25,50,10
28,7447,0.001369996124461115,0.23984253630786717,0.03973446906293567,0.7190529985047359,25,50,10
28,7448,0.0013661129202952036,0.23984643323307261,0.03973445535650538,0.7190529984901268,25,50,10
28,7449,0.0013723502567752172,0.2398464332330729,0.0397344574180955,0.7190467590920562,25,50,10
28,7450,0.0013666050087908334,0.23984643323309165,0.03973446031058387,0.7190525014475333,25,50,10
28,7451,0.0013686384150045528,0.23984643323316565,0.03973449524659992,0.7190504331052294,25,50,10
28,7452,0.001370560934049201,0.23984450394049575,0.03973450201462194,0.7190504331108327,25,50,10
28,7453,0.00135473543677964,0.23984450394033782,0.03973448964518442,0.7190662709776976,25,50,10
28,7454,0.0013526654150138083,0.23984656412768174,0.0397344994557189,0.719066271001585,25,50,10
28,7455,0.0013465658360504917,0.23984656412768174,0.0397344994650905,0.7190723705711767,25,50,10
28,7456,0.0013405707464472195,0.23984656412766484,0.03973449920731199,0.7190783659185754,25,50,10
28,7457,0.0013407243213556016,0.23984656412766556,0.03973450543484639,0.7190782061161317,25,50,10
28,7458,0.0013269233199223233,0.23984656412763186,0.039734502067922714,0.7190920104845226,25,50,10
28,7459,0.001332807810073939,0.23984656412761524,0.03973450085516792,0.7190861272071423,25,50,10
28,7460,0.001337093467692965,0.23984656413075764,0.039734569356649874,0.719081773044899,25,50,10
28,7461,0.0013430824071530845,0.23984656413077426,0.03973456961587947,0.7190757838461928,25,50,10
28,7462,0.001351040892194351,0.23984656413082617,0.03973457643724917,0.7190678185397301,25,50,10
28,7463,0.001351882663109002,0.23984656413086447,0.039734582244719,0.7190669709613072,25,50,10
28,7464,0.0013576639402674744,0.23984656413086441,0.03973458223052983,0.7190611896983383,25,50,10
28,7465,0.0013518844505490265,0.2398465641309349,0.039734587379907614,0.7190669640386085,25,50,10
28,7466,0.0013498481633277754,0.23984656413084238,0.039734550575622404,0.7190690371302074,25,50,10
28,7467,0.0013499871267294425,0.2398465641308605,0.03973455182488002,0.7190688969175301,25,50,10
28,7468,0.0013558398382509918,0.23984071238835214,0.03973455085587466,0.7190688969175227,25,50,10
28,7469,0.001341082669854435,0.2398407123882456,0.039734539049267374,0.7190836658926331,25,50,10
28,7470,0.0013549468692445482,0.23984071238833005,0.03973454302809791,0.719069797714328,25,50,10
28,7471,0.0013611106636722064,0.23983454703059223,0.03973454459583945,0.7190697977098965,25,50,10
28,7472,0.0011171233852935642,0.23983455138543003,0.039978528483927966,0.7190697967453485,25,50,10
28,7473,0.001111205099207394,0.2398345513854122,0.039978527132052064,0.7190757163833288,25,50,10
28,7474,0.0011051036793625986,0.23984066141260382,0.039978518524710266,0.7190757163833239,25,50,10
28,7475,0.0015771454173641494,0.2398406614127642,0.03997867277681372,0.7186035203930581,25,50,10
28,7476,0.0015751473600637974,0.23984266674939025,0.03997866550760938,0.7186035203829367,25,50,10
28,7477,0.001587131786889109,0.23984266674937335,0.03997866522624696,0.718591536237491,25,50,10
28,7478,0.0015931240724585815,0.23984266674935587,0.03997866495538359,0.7185855442228022,25,50,10
28,7479,0.001590982875008463,0.23984266674949628,0.03997867808337076,0.7185876722921247,25,50,10
28,7480,0.0015844966241351929,0.23984915216270788,0.039978678921457435,0.7185876722916997,25,50,10
28,7481,0.0016068645705941298,0.2398266848781984,0.039978777687839695,0.718587672863368,25,50,10
28,7482,0.0016066748886782495,0.2398266848782523,0.03997877450775093,0.7185878657253185,25,50,10
28,7483,0.0016082408852040758,0.2398266848750756,0.0399787035067601,0.7185863707329604,25,50,10
28,7484,0.0016040800777343306,0.23982668487518077,0.03997871207598769,0.7185905229710974,25,50,10
28,7485,0.0016060153654978314,0.2398266848753742,0.039978725095578434,0.7185885746635492,25,50,10
28,7486,0.0025140052834555886,0.2398266848776231,0.03997933903796788,0.7176799708009531,25,50,10
28,7487,0.0025199964357515287,0.2398266848776575,0.039979340271320433,0.7176739784152697,25,50,10
28,7488,0.002514144217035306,0.2398266848776766,0.039979345166240875,0.7176798257390463,25,50,10
28,7489,0.002492138839461315,0.2398487854905239,0.039979250502448944,0.7176798251675652,25,50,10
28,7490,0.0024922081611195423,0.23984878549050606,0.039979249167657584,0.7176797571807161,25,50,10
28,7491,0.00248993096538306,0.23985105116244537,0.03997926067240876,0.7176797571997624,25,50,10
28,7492,0.0024760901493127165,0.239851051162395,0.03997925510117556,0.7176936035871164,25,50,10
28,7493,0.0024681736960689453,0.23985105116234404,0.03997925049016981,0.7177015246514165,25,50,10
28,7494,0.0024702406558147327,0.23984899583040914,0.03997923888624795,0.7177015246275278,25,50,10
28,7495,0.0024682724136491367,0.2398489958302683,0.03997922869206311,0.717703503064019,25,50,10
28,7496,0.002492162678259412,0.23984899583044342,0.03997932977865538,0.7176795117126413,25,50,10
28,7497,0.0024922681352323763,0.23984899583046065,0.03997933004544399,0.7176794059888626,25,50,10
28,7498,0.002490827888737692,0.23984899583041014,0.03997951913019876,0.7176806571506529,25,50,10
28,7499,0.002490615580892594,0.23984899583030367,0.03997951443557391,0.7176808741532292,25,50,10
28,7500,0.0024845156805109597,0.23984899583033864,0.0399795139825903,0.7176869745065592,25,50,10
28,7501,0.002958130601170817,0.23984899147941416,0.03950590199949267,0.7176869759199214,25,50,10
28,7502,0.0029581301084292072,0.23984899163809625,0.03950590232895605,0.7176869759245176,25,50,10
28,7503,0.0029644002103939595,0.23984899163808118,0.03950590437915182,0.717680703772372,25,50,10
28,7504,0.002964328109744351,0.23984899163804446,0.03950590126048079,0.7176807789917297,25,50,10
28,7505,0.0029583037224595577,0.23984899163800755,0.03950589960326301,0.7176868050362694,25,50,10
28,7506,0.0024923615063059397,0.23984899163784726,0.039505745342736494,0.7181529015131096,25,50,10
28,7507,0.00249253012094796,0.23984899163790133,0.03950574828449318,0.7181527299566568,25,50,10
28,7508,0.0024924976866940946,0.23984899163788292,0.03950574688029817,0.7181527637951242,25,50,10
28,7509,0.002506476140028538,0.2398489916380083,0.03950575694726182,0.7181387752747007,25,50,10
28,7510,0.0025085103952306818,0.2398489916378847,0.039505744037441504,0.7181367539294427,25,50,10
28,7511,0.0025088674766608767,0.2398489916378509,0.03950574596683411,0.7181363949186533,25,50,10
28,7512,0.0017403387904844426,0.23984899164299678,0.039505557124750026,0.7189051124417679,25,50,10
28,7513,0.0017403362982604676,0.23984899164299583,0.039505557034418756,0.7189051150243244,25,50,10
28,7514,0.0018612830605809593,0.23984899164305026,0.03950559076668341,0.7187841345296855,25,50,10
28,7515,0.0018673083330355516,0.23984296873689112,0.0395055884001442,0.7187841345299293,25,50,10
28,7516,0.0018673070606998968,0.23984296873689143,0.03950558848612382,0.7187841357162849,25,50,10
28,7517,0.001867196412402019,0.23984296873689015,0.039505586871778575,0.7187842479789297,25,50,10
28,7518,0.0018810027330935098,0.2398291597275922,0.0395055895506988,0.7187842479886161,25,50,10
28,7519,0.0018812137978018015,0.23982915972764507,0.039505590333965716,0.7187840361405877,25,50,10
28,7520,0.0018751902148276816,0.23982915972762534,0.03950558889637571,0.7187900611611714,25,50,10
28,7521,0.0014227153913975664,0.23982915972764818,0.039505368852033776,0.7192427560289206,25,50,10
28,7522,0.0014286037777193148,0.23982915972764846,0.039505368917996456,0.7192368675766359,25,50,10
28,7523,0.0014282405245642595,0.23982952708062236,0.03950536481844896,0.7192368675763647,25,50,10
28,7524,0.0014223539680521225,0.23982952708062302,0.039505365033144176,0.7192427539181808,25,50,10
28,7525,0.001418466086597182,0.2398334280085425,0.03950535200120565,0.719242753903655,25,50,10
28,7526,0.0014183280900536216,0.23983342800850682,0.039505350369040494,0.7192428935323995,25,50,10
28,7527,0.0012970275284507047,0.23983342800834506,0.03950511692437947,0.7193644275388251,25,50,10
28,7528,0.001297135475158485,0.2398334280083626,0.039505117253111795,0.7193643192633675,25,50,10
28,7529,0.0013011669729111179,0.23983342800831195,0.03950511151706208,0.7193602935017153,25,50,10
28,7530,0.0014348626776591975,0.23983342801469315,0.039505542550768775,0.7192261667568788,25,50,10
28,7531,0.0014289765969787518,0.23983342801467408,0.039505542321858475,0.7192320530664885,25,50,10
28,7532,0.0014289770720142519,0.23983342785286194,0.03950554201323143,0.7192320530618924,25,50,10
28,7533,0.001428908235356104,0.2398334763171023,0.039505562342369654,0.719232053105172,25,50,10
28,7534,0.0014350373965036035,0.23983347631708568,0.03950556315571817,0.7192259231306928,25,50,10
28,7535,0.0014411693076699006,0.23983347631712137,0.03950556486491292,0.7192197895102954,25,50,10
28,7536,0.001427188926262386,0.23983347631699595,0.039505554796688686,0.7192337799600527,25,50,10
28,7537,0.001428833615239751,0.23983347631682772,0.039505542622053705,0.7192321474458784,25,50,10
28,7538,0.0014289389585020469,0.23983347631679322,0.03950554198902876,0.7192320427356755,25,50,10
28,7539,0.001399267430134473,0.2398334763166175,0.03950544088006649,0.7192618153731811,25,50,10
28,7540,0.0013994031595936029,0.23983347631663599,0.03950544221664975,0.7192616783071203,25,50,10
28,7541,0.0026113553277363455,0.23983347631452617,0.03950570555611554,0.7180494628016217,25,50,10
28,7542,0.0026109716529832973,0.23983347631454172,0.03950570354808693,0.7180498484843878,25,50,10
28,7543,0.0026189381845206625,0.23982549411028117,0.03950571921119021,0.7180498484940078,25,50,10
28,7544,0.0026189387136713693,0.23982549411029835,0.039505720469808145,0.7180498467062219,25,50,10
28,7545,0.0026185513094507005,0.23982549411031395,0.03950571649912077,0.7180502380811141,25,50,10
28,7546,0.0026186577654976934,0.2398254941102965,0.03950571622696342,0.7180501318972421,25,50,10
28,7547,0.0021471857046971446,0.23982549409781467,0.039977189668565984,0.7180501305289213,25,50,10
28,7548,0.002147184444412192,0.2398254940978159,0.03997718971525656,0.7180501317425148,25,50,10
28,7549,0.0021392594264238855,0.23983342431682064,0.039977184519083414,0.7180501317376715,25,50,10
28,7550,0.0021254035849013267,0.2398472913934152,0.039977173293292895,0.7180501317283902,25,50,10
28,7551,0.0034867928627663773,0.23984729140834965,0.038615736998846316,0.718050178730037,25,50,10
28,7552,0.0034908216591220025,0.23984729140827923,0.03861573096328,0.7180461559693179,25,50,10
28,7553,0.003490819200025376,0.2398472939798236,0.038615730855683976,0.7180461559644662,25,50,10
28,7554,0.0034887864712037165,0.23984729397996563,0.038615742949481516,0.7180481765993488,25,50,10
28,7555,0.0035189682846200913,0.23984729398021876,0.03861576245147426,0.7180179752836865,25,50,10
28,7556,0.0035129024929707623,0.23984729398021934,0.03861576356028073,0.7180240399665289,25,50,10
28,7557,0.003528700703929384,0.2398472939803077,0.038615773862136306,0.7180082314536266,25,50,10
28,7558,0.0021728881668578058,0.23984729404856012,0.039971633324375366,0.7180081844602068,25,50,10
28,7559,0.0021734162549425597,0.2398472940485448,0.03997163627367514,0.7180076534228376,25,50,10
28,7560,0.0021670016544237656,0.23984729404855987,0.039971633311450726,0.7180140709855657,25,50,10
28,7561,0.002172892916402614,0.23984140687743366,0.03997162921633961,0.7180140709898244,25,50,10
28,7562,0.0021510746677001437,0.2398414068773315,0.03997161921246499,0.7180358992425034,25,50,10
28,7563,0.0021511114907010564,0.23984140687736807,0.03997162189470617,0.7180358597372246,25,50,10
28,7564,0.0021509010558007904,0.23984140687733274,0.03997162235604849,0.7180360697108178,25,50,10
28,7565,0.0021266461982211117,0.2398414068770439,0.03997159947580815,0.7180603474489266,25,50,10
28,7566,0.0021310225749852757,0.23984140679353566,0.03996598701327158,0.718061583618207,25,50,10
28,7567,0.0021310180820325337,0.23984140679353533,0.03996598692980366,0.7180615881946281,25,50,10
28,7568,0.0021370429722843334,0.2398353813175346,0.03996598751990134,0.7180615881902794,25,50,10
28,7569,0.002145028977862031,0.23982741018499443,0.039965972675864964,0.7180615881612785,25,50,10
28,7570,0.002139140607046896,0.23983329858411545,0.03996597264755768,0.7180615881612797,25,50,10
28,7571,0.0021454170971229843,0.23983329858406502,0.03996597412620863,0.7180553101926026,25,50,10
28,7572,0.002145417602011299,0.23983329858406502,0.03996597513737788,0.7180553086765451,25,50,10
28,7573,0.002141250189019639,0.2398374607944113,0.039965980330998914,0.7180553086855694,25,50,10
28,7574,0.002147208423161504,0.2398374607944285,0.03996597750518139,0.7180493532772279,25,50,10
28,7575,0.002141600793371921,0.23983746079446516,0.03996598021736953,0.7180549581947928,25,50,10
28,7576,0.0021719122743020093,0.23980705169807778,0.039966077832127384,0.718054958195492,25,50,10
28,7577,0.002032166646710699,0.23980705168859281,0.03996564722269047,0.7181951344420052,25,50,10
28,7578,0.002034199377236022,0.23980705168845076,0.039965635127706955,0.7181931138066058,25,50,10
28,7579,0.0021675415857376136,0.2396733311367944,0.039966012886354554,0.718193114391113,25,50,10
28,7580,0.0021714288212797313,0.2396733311369188,0.039966025799259314,0.7181892142425421,25,50,10
28,7581,0.002175212644097388,0.239673331137062,0.03996603813157661,0.7181854180872638,25,50,10
28,7582,0.000829603003647226,0.2396733311328066,0.039965341851428325,0.7195317240121181,25,50,10
28,7583,0.0008233733360657549,0.23967333113280692,0.03996534086273777,0.7195379546683895,25,50,10
28,7584,0.0008234695401575973,0.23967333113282285,0.03996534097804139,0.7195378583489781,25,50,10
28,7585,0.0008374474463299586,0.23967333113294764,0.039965351028335566,0.7195238703923869,25,50,10
28,7586,0.0008433326877330968,0.23967333113294761,0.03996535108744109,0.7195179850918779,25,50,10
28,7587,0.0008512828181141546,0.2396733311330164,0.03996535694264608,0.7195100291062232,25,50,10
28,7588,0.0008453611073769101,0.23967925299146706,0.039965356785661516,0.7195100291154943,25,50,10
28,7589,0.0008613014171261673,0.2396792529915912,0.03996536870179948,0.719494076889483,25,50,10
28,7590,0.0007142794533567288,0.23982665865817576,0.039964985592978994,0.7194940762954884,25,50,10
28,7591,0.0007161365256526593,0.23982479596645065,0.03996499120756594,0.7194940763003304,25,50,10
28,7592,0.0007202732003665085,0.23982066535032398,0.03996498515833866,0.7194940762909705,25,50,10
28,7593,0.0007264394225671722,0.23982066535036148,0.03996498794758012,0.7194879072794911,25,50,10
28,7594,0.0007202781984113871,0.23982066535032523,0.03996498529827826,0.7194940711529848,25,50,10
28,7595,0.0009492703267213227,0.23982066535042468,0.03973722935830473,0.7194928349645496,25,50,10
28,7596,0.000949374691812277,0.2398206653504422,0.0397372306305974,0.7194927293271483,25,50,10
28,7597,0.00098173102102171,0.23978828971119445,0.03973724992015325,0.7194927293476309,25,50,10
28,7598,0.0009853036907374684,0.23978828971128102,0.03973725914363044,0.7194891474543512,25,50,10
28,7599,0.000960954051369662,0.23981273773992687,0.03973716075028189,0.7194891474584217,25,50,10
28,7600,0.0009530368898142242,0.23981273773987585,0.039737156102504015,0.7194970692678061,25,50,10
28,7601,0.0009468680942126995,0.23981273773987621,0.03973716023144887,0.7195032339344621,25,50,10
28,7602,0.0009388109319297917,0.23981273773977071,0.0397371515921076,0.7195112997361917,25,50,10
28,7603,0.0009371320481538244,0.2398127377398288,0.03973725973170371,0.7195128704803136,25,50,10
28,7604,0.0009430538898950245,0.2398068091930821,0.039737266412052066,0.7195128705049708,25,50,10
28,7605,0.0009391338097821532,0.23980680919290345,0.03973725149861357,0.719516805498701,25,50,10
28,7606,0.0009330379234747999,0.23981290505448358,0.039737251523255725,0.7195168054987862,25,50,10
28,7607,0.0009313201858436763,0.2398146261156796,0.03973724820912328,0.7195168054893537,25,50,10
28,7608,0.0009333526761383485,0.2398146261155557,0.039737236225832306,0.7195147849824738,25,50,10
28,7609,0.0009333502656984135,0.23981462611555826,0.03973723639157511,0.7195147872271679,25,50,10
28,7610,0.0009273260086076535,0.23981462611552198,0.03973723475750134,0.7195208131183685,25,50,10
28,7611,0.0009275669134573825,0.23981438448138284,0.039737235491560746,0.7195208131135985,25,50,10
28,7612,0.000927560071906974,0.23981438448138165,0.03973723535329804,0.7195208200934128,25,50,10
28,7613,0.0009218844829844,0.23982006537921371,0.03973723006410833,0.719520820073693,25,50,10
28,7614,0.000927904445342229,0.2398200653792449,0.039737231045075976,0.7195147991303366,25,50,10
28,7615,0.0009337922273012783,0.23982006537924458,0.039737231033268046,0.7195089113601856,25,50,10
28,7616,0.0010499433244694322,0.2397036828318112,0.03973746244909846,0.7195089113946205,25,50,10
28,7617,0.0010456346790045992,0.2397036828318463,0.03973746428067722,0.7195132182084714,25,50,10
28,7618,0.0010400289198300135,0.2397036828319017,0.03973746829005537,0.7195188199582125,25,50,10
28,7619,0.0010401619207796302,0.23970368283195764,0.03973747035722183,0.7195186848900404,25,50,10
28,7620,0.001040162491747428,0.23970368283195828,0.03973747042588376,0.7195186842504101,25,50,10
28,7621,0.0008021968557098533,0.2397036828383041,0.039975436069265374,0.7195186842367204,25,50,10
28,7622,0.000802093200372063,0.23970368283828655,0.03997543577410046,0.7195187881872406,25,50,10
28,7623,0.0007997411380551975,0.23970368283828106,0.039975333392827626,0.719521242630836,25,50,10
28,7624,0.0008086313975188313,0.23970368284209978,0.03996644310157894,0.7195212426588025,25,50,10
28,7625,0.000822464861960761,0.23970368284216917,0.03996644903217933,0.7195074032636907,25,50,10
28,7626,0.0008267336537925143,0.23970368283209503,0.039962157690054366,0.7195074258240581,25,50,10
28,7627,0.0008147582371313685,0.23970368283213112,0.03996216033606642,0.7195193985946711,25,50,10
28,7628,0.0008444257159425485,0.23967399922218097,0.03996217643355632,0.71951939862832,25,50,10
28,7629,0.000850417787793809,0.2396739992221613,0.039962175974392264,0.719513407015653,25,50,10
28,7630,0.0008444283107346611,0.23967399922214405,0.03996217570980269,0.719519396757319,25,50,10
28,7631,0.0008405417520176059,0.23967399922201896,0.0399621625875906,0.7195232964383732,25,50,10
28,7632,0.0008406108421317758,0.23967399922205362,0.03996215899724344,0.7195232309385711,25,50,10
28,7633,0.0008343755518689569,0.2396802355937085,0.03996215791593187,0.7195232309384906,25,50,10
28,7634,0.0008484883691768711,0.2396661194103782,0.03996216128613886,0.7195232309343064,25,50,10
28,7635,0.0008545535794259327,0.23966611941043442,0.039962164371064264,0.7195171626390754,25,50,10
28,7636,0.0008327280313921559,0.23966611941031124,0.039962152656142357,0.7195389999021544,25,50,10
28,7637,0.0008367614166289766,0.239666119410259,0.039962146939996945,0.7195349722331152,25,50,10
28,7638,0.0008364831582615191,0.23966640074677997,0.03996214387629602,0.7195349722186627,25,50,10
28,7639,0.0021807680113211537,0.23966640080986618,0.038617865028603926,0.719534966150209,25,50,10
28,7640,0.002166938921750159,0.23966640080976062,0.03861785695077131,0.7195488033177182,25,50,10
28,7641,0.0021685171119494658,0.23966640080977494,0.038617858887456204,0.7195472231908191,25,50,10
28,7642,0.0021727881423083757,0.23966640080965376,0.038617851159197455,0.7195429598888404,25,50,10
28,7643,0.002158519100601797,0.23968067432581475,0.038617846685432104,0.7195429598881514,25,50,10
28,7644,0.0021645205680051707,0.23968067432579848,0.0386178464640205,0.7195369586421763,25,50,10
28,7645,0.0021862610487047886,0.23968067433000403,0.03861790990956427,0.7195151547117272,25,50,10
28,7646,0.0021862605088803708,0.2396806749718371,0.03861790980764506,0.7195151547116377,25,50,10
28,7647,0.0021644056256308144,0.23968067496764772,0.038617846997300656,0.7195370724094211,25,50,10
28,7648,0.0021705030010641803,0.23968067496761264,0.038617846461350164,0.7195309755699734,25,50,10
28,7649,0.0008144424394098316,0.23968067490424436,0.039973885399029484,0.7195309972573167,25,50,10
28,7650,0.0008240183366402611,0.2396806749767668,0.039963141460597006,0.7195321652259963,25,50,10
28,7651,0.0008258738831432478,0.23967881320938236,0.03996314767187255,0.7195321652356022,25,50,10
28,7652,0.0008260125315484749,0.2396788132093801,0.03996314851318797,0.7195320257458837,25,50,10
28,7653,0.0008221268408403737,0.23967881320940143,0.03996318217243418,0.7195358777773248,25,50,10
28,7654,0.0008280141039404836,0.23967881320940168,0.03996318220010731,0.7195299904865513,25,50,10
28,7655,0.0008357297085708858,0.23967881320946868,0.03996318903138865,0.7195222680505725,25,50,10
28,7656,0.0008279061419029848,0.23967881320943513,0.03996318263535634,0.7195300980133063,25,50,10
28,7657,0.0008219459870253626,0.23967881320947107,0.03996318425972888,0.7195360565437754,25,50,10
28,7658,0.0009509026076947398,0.23967881314138414,0.03983543331453515,0.7195348509363865,25,50,10
28,7659,0.0009571713483853679,0.23967881314149234,0.03983544023727023,0.7195285752728521,25,50,10
28,7660,0.0009530665268844517,0.23967881314150585,0.039835443171766224,0.7195326771598435,25,50,10
28,7661,0.0009526416249425889,0.23967881314150274,0.03983543876618791,0.7195331064673667,25,50,10
28,7662,0.0009646235850282009,0.2396788131415381,0.039835440318167666,0.719521122955266,25,50,10
28,7663,0.0009882649527815722,0.23967881314169656,0.039835454650357094,0.7194974672551647,25,50,10
28,7664,0.0009880200149487877,0.23967881314171408,0.039835453922138234,0.7194977129211988,25,50,10
28,7665,0.0009927491583021475,0.23967408034322468,0.039835457557538104,0.7194977129409349,25,50,10
28,7666,0.0009987405256758567,0.23967408034324186,0.03983545782078985,0.719491721310292,25,50,10
28,7667,0.0010046251254792974,0.23966819526741984,0.03983545829204764,0.7194917213150528,25,50,10
28,7668,0.0010186750349253399,0.2396681952675256,0.03983546485158814,0.7194776648459609,25,50,10
28,7669,0.0010224943119379656,0.23966819526764827,0.03983547562379264,0.7194738347966212,25,50,10
28,7670,0.0010084129964528948,0.23966819526754243,0.039835468031637754,0.7194879237043671,25,50,10
28,7671,0.0010142649729266338,0.2396681952675234,0.039835466659802136,0.7194820730997478,25,50,10
28,7672,0.0010084078338972603,0.2396681952675584,0.03983546818546152,0.7194879287130829,25,50,10
28,7673,0.0010024467502624571,0.23966819526754216,0.03983546899985425,0.7194938889823413,25,50,10
28,7674,0.0009968471348484572,0.23966819526758004,0.03983547186588598,0.7194994857316855,25,50,10
28,7675,0.0009645622999923913,0.23970050027848205,0.03983545171039646,0.7194994857111294,25,50,10
28,7676,0.0009545769450509241,0.23970050027851802,0.039835456331346566,0.7195094664450847,25,50,10
28,7677,0.0009584583392916339,0.23970050027849601,0.03983542260899932,0.719505618773213,25,50,10
28,7678,0.0009601702274000377,0.23970050027852946,0.03983542691245093,0.7195039025816194,25,50,10
28,7679,0.0009662357445972404,0.23970050027852852,0.039835425829528676,0.7194978381473455,25,50,10
28,7680,0.0009601362071339655,0.2397005002784578,0.03983542266884341,0.7195039408455643,25,50,10
28,7681,0.0009601311989615809,0.2397005002784574,0.03983542262397933,0.7195039458986012,25,50,10
28,7682,0.0009581687019085554,0.23970050027837012,0.03983541635616752,0.7195059146635536,25,50,10
28,7683,0.0009521753473026708,0.23970050027838735,0.039835419395207544,0.7195119049791022,25,50,10
28,7684,0.0009522796290447304,0.23970050027840364,0.03983541954903546,0.7195118005435157,25,50,10
28,7685,0.0010619888733685982,0.23970050027851403,0.03983561815056357,0.7194018926975536,25,50,10
28,7686,0.0009522463908141209,0.23970050027836767,0.039835417900072126,0.7195118354307459,25,50,10
28,7687,0.0009565978285351503,0.23970050028247172,0.03983557395515873,0.7195073279338338,25,50,10
28,7688,0.0009665853240076502,0.23970050028247325,0.03983557219057412,0.7194973422029443,25,50,10
28,7689,0.0018681711418025463,0.23970050028675885,0.039836075094838365,0.7185952534765992,25,50,10
28,7690,0.0018680672236211738,0.2397006042465785,0.03983607505312712,0.7185952534766722,25,50,10
28,7691,0.0018681003448185265,0.2397006042465972,0.03983607646107054,0.7185952189475122,25,50,10
28,7692,0.0017352466740418522,0.2397006086825323,0.039968925946866254,0.7185952186965582,25,50,10
28,7693,0.001728800180119861,0.2397070632112013,0.03996891793168399,0.7185952186769937,25,50,10
28,7694,0.001698957304075572,0.23970706321093643,0.03996889886041062,0.7186250806245763,25,50,10
28,7695,0.0007974053687054797,0.23970706320677565,0.03996840307928796,0.71952712834523,25,50,10
28,7696,0.0007933764973059161,0.23970706320684543,0.03996840906817851,0.7195311512276694,25,50,10
28,7697,0.0008092080718656922,0.23970706320698676,0.0399684212355442,0.719515307485603,25,50,10
28,7698,0.0008150940694758074,0.23970117720510037,0.03996842124951613,0.7195153074759074,25,50,10
28,7699,0.0008171626123788419,0.23970117720499684,0.03996841080767587,0.7195132493749483,25,50,10
28,7700,0.0008172667395732719,0.2397010726881723,0.039968411192626466,0.7195132493796281,25,50,10
28,7701,0.0017505380184136476,0.23970106826214788,0.039035144041605914,0.7195132496778328,25,50,10
28,7702,0.001745009869788288,0.23970106826222234,0.03903514858290644,0.7195187732850831,25,50,10
28,7703,0.0017488622061502149,0.23970106826238158,0.0390351620298827,0.7195149075015855,25,50,10
28,7704,0.0017427938377236043,0.23970106825820583,0.03903500147543982,0.7195211364286307,25,50,10
28,7705,0.0017806537313365468,0.23970106825852405,0.0390350263557963,0.7194832516543431,25,50,10
28,7706,0.0017849622436591534,0.2397010682585434,0.03903502689530727,0.7194789426024899,25,50,10
28,7707,0.0017850706221514286,0.23970106825854345,0.03903502691191018,0.7194788342073948,25,50,10
28,7708,0.0017896026447078181,0.23970106825872708,0.03903515798741077,0.7194741711091541,25,50,10
28,7709,0.0017836469999806658,0.2397010682587105,0.03903516144688966,0.7194801232944189,25,50,10
28,7710,0.0018038979268517744,0.23970106825876628,0.03903519159261433,0.7194598422217675,25,50,10
28,7711,0.0022676876094465783,0.2397010682588903,0.0390353409125557,0.7189959032191073,25,50,10
28,7712,0.002273437861648211,0.2397010682588721,0.03903533960474747,0.718990154274732,25,50,10
28,7713,0.0022734342670406847,0.2397010682589951,0.03903534857408415,0.71899014889988,25,50,10
28,7714,0.002257566627601463,0.23970106825890816,0.03903533942863515,0.7190060256848553,25,50,10
28,7715,0.0013138637548837746,0.23970106824592213,0.03997904292542075,0.7190060250737735,25,50,10
28,7716,0.0013141095026740612,0.2397010682460302,0.039979050853377225,0.7190057713979182,25,50,10
28,7717,0.0013122950552472302,0.2397026796417707,0.03997925387577131,0.7190057714272107,25,50,10
28,7718,0.001317863035955571,0.23970267964192865,0.039979269122713046,0.7190001881994026,25,50,10
28,7719,0.001312011067283146,0.2397085302530615,0.039979270475237284,0.7190001882044181,25,50,10
28,7720,0.0013125437846987194,0.2397085302532766,0.03998145594699854,0.7189974700150262,25,50,10
28,7721,0.0008542828761516727,0.239708530253079,0.03998130215791154,0.7194558847128579,25,50,10
28,7722,0.0008603076309330271,0.2397085302531149,0.03998130199941825,0.7194498601165339,25,50,10
28,7723,0.0008684021036928606,0.23970853025316818,0.03998130880597382,0.7194417588371651,25,50,10
28,7724,0.000857842078472917,0.2397085302529133,0.03998117254286739,0.719452455125746,25,50,10
28,7725,0.0008357361515354673,0.23970853025280436,0.03998113659420489,0.7194745970014544,25,50,10
28,7726,0.0008356654982666416,0.23970853025282246,0.03998113790308866,0.7194746663458215,25,50,10
28,7727,0.0008360849788450302,0.23970853025282587,0.03998114122953797,0.7194742435387904,25,50,10
28,7728,0.0007419977207584351,0.23980283588976936,0.03998092286599996,0.7194742435234716,25,50,10
28,7729,0.0007478869731930684,0.2397969440617614,0.03998092543196812,0.7194742435330768,25,50,10
28,7730,0.0007539482935074722,0.2397969440618521,0.03998092741978207,0.719468180224858,25,50,10
28,7731,0.0007479910581947916,0.2397969440617649,0.03998092107683216,0.7194741438032075,25,50,10
28,7732,0.0007538123157775632,0.23979694406171043,0.03998091706695179,0.7194683265555597,25,50,10
28,7733,0.0007461391577743442,0.23979694406164004,0.039980912003887814,0.719476004776697,25,50,10
28,7734,0.0007799515077415903,0.23976325108817154,0.03998079261798865,0.7194760047860975,25,50,10
28,7735,0.000773992201419881,0.23976920918459044,0.039980793827722766,0.7194760047862664,25,50,10
28,7736,0.0007739915913682907,0.2397692091845729,0.03998079254209917,0.719476006681959,25,50,10
28,7737,0.0007679636287353216,0.23976920918451852,0.03998078859445151,0.7194820385922941,25,50,10
28,7738,0.0007680009259466973,0.2397692091843242,0.03998077062160692,0.7194820192681216,25,50,10
28,7739,0.0007699423014627033,0.23976921362618953,0.039978824783893245,0.7194820192884539,25,50,10
28,7740,0.0007758358173885015,0.23976921362617362,0.039978824035977564,0.7194761265204598,25,50,10
28,7741,0.0007815472615738483,0.2397692136260295,0.03997881442476078,0.7194704246876352,25,50,10
28,7742,0.0007814153303275563,0.23976921362602796,0.03997881534218673,0.7194705557014575,25,50,10
28,7743,0.0007873365827072161,0.23976921362606418,0.03997881798496601,0.7194646318062625,25,50,10
28,7744,0.0007832723946506346,0.23976921362609804,0.039978821428132416,0.7194686925511188,25,50,10
28,7745,0.000751134929734017,0.23980143655974512,0.039978735998176786,0.7194686925123439,25,50,10
28,7746,0.0007451831305246604,0.2398014365597082,0.039978733328495025,0.7194746469812721,25,50,10
28,7747,0.0007510801176685859,0.239795539946344,0.039978732959390736,0.7194746469765966,25,50,10
28,7748,0.0007472635846957059,0.23979553994622332,0.03997872147141813,0.7194784749976629,25,50,10
28,7749,0.0007413738516165183,0.23979553994622335,0.03997872145826471,0.7194843647438957,25,50,10
28,7750,0.0007474703227497282,0.23978944295556226,0.03997872196843487,0.7194843647532534,25,50,10
28,7751,0.0007434055071112613,0.2397935058985131,0.03997872385106369,0.7194843647433123,25,50,10
28,7752,0.0007432583422420513,0.2397935058985108,0.03997872326869857,0.719484512490549,25,50,10
28,7753,0.0007272953892277045,0.23980948182292938,0.039978710316571374,0.7194845124712718,25,50,10
28,7754,0.0007275414701339524,0.23980948182291126,0.039978716230511385,0.7194842604764436,25,50,10
28,7755,0.0009519263383644344,0.2395847731645804,0.039979039991719485,0.7194842605053359,25,50,10
28,7756,0.0009455183008908301,0.2395847731645936,0.03997903690927997,0.7194906716252357,25,50,10
28,7757,0.0009077318949858985,0.2395847731642931,0.03997901133058283,0.7195284836101381,25,50,10
28,7758,0.0009218218481302841,0.2395847731643313,0.03997901388537419,0.719514391102164,25,50,10
28,7759,0.0009277755289349411,0.2395847731643669,0.03997901653184548,0.7195084347748525,25,50,10
28,7760,0.0009200990787468424,0.2395847731653883,0.0399790155062872,0.7195161122495776,25,50,10
28,7761,0.0009263344578529966,0.2395847731653892,0.039979016594753454,0.7195098757820045,25,50,10
28,7762,0.0009202380312991084,0.2395908695663717,0.03997901662015346,0.719509875782176,25,50,10
28,7763,0.0008963152609887808,0.23961481076985738,0.03997899821603842,0.7195098757531158,25,50,10
28,7764,0.0009182381838985674,0.23959287583042432,0.03997901021362147,0.7195098757720559,25,50,10
28,7765,0.0009121417971575018,0.23959897276278105,0.03997900967744798,0.7195098757626137,25,50,10
28,7766,0.0009056970436800041,0.23959897276254785,0.03997682296035627,0.7195185072334158,25,50,10
28,7767,0.0009118244907377792,0.2395989727625316,0.03997682372237234,0.719512379024358,25,50,10
28,7768,0.000913681979494665,0.23959897276261924,0.03997683099677494,0.7195105142611111,25,50,10
28,7769,0.0009115099641237626,0.2395989727627243,0.03997684153797779,0.7195126757351741,25,50,10
28,7770,0.0009117534098400466,0.23959897276270678,0.039976842859962496,0.7195124309674911,25,50,10
28,7771,0.0009277653241158347,0.2395828732312249,0.03997693018621327,0.7195124312584464,25,50,10
28,7772,0.0009276994660938906,0.239582873231188,0.03997692745239439,0.7195124998503241,25,50,10
28,7773,0.0009317254537841475,0.23958287323110003,0.03997692013234178,0.7195084811827743,25,50,10
28,7774,0.0009157876465884512,0.2395988233297692,0.03997690785982194,0.7195084811638206,25,50,10
28,7775,0.0009157895142511138,0.23959882332977112,0.03997690800800195,0.7195084791479759,25,50,10
28,7776,0.0009216065813511575,0.2395988233297339,0.03997690538431397,0.7195026647046013,25,50,10
28,7777,0.00181968136520216,0.23959882332996174,0.03997719648468147,0.718604298820155,25,50,10
28,7778,0.0018200296725817131,0.23959846823408326,0.03997720326297466,0.7186042988303608,25,50,10
28,7779,0.0018258804242279728,0.23959846823404565,0.03997720136909549,0.7185984499726313,25,50,10
28,7780,0.00181585330683278,0.23959846823516515,0.03997728433001168,0.7186083941279909,25,50,10
28,7781,0.0018098250697425728,0.23959846823516728,0.039977286542668945,0.7186144201524219,25,50,10
28,7782,0.0018099619387104127,0.23959846823520434,0.03997728966688022,0.7186142801592058,25,50,10
28,7783,0.001939336373024121,0.23959846824360856,0.039977814352966094,0.7184843810304018,25,50,10
28,7784,0.00193334909034379,0.2395984682435351,0.039977808979105876,0.7184903736870151,25,50,10
28,7785,0.0010611855940486688,0.23959846824958503,0.03997780626787678,0.7193625398884892,25,50,10
28,7786,0.001065462577512499,0.23959846824949838,0.03997780205801555,0.719358267114973,25,50,10
28,7787,0.0010635229523362605,0.23959846380651623,0.03997974617202218,0.7193582670691243,25,50,10
28,7788,0.0010575319110282936,0.23959846380656938,0.039979748059644014,0.719364256222757,25,50,10
28,7789,0.0010577793660632054,0.2395984638065525,0.0399797488715067,0.7193640079558763,25,50,10
28,7790,0.0010596362659880134,0.2395984638066044,0.0399797555850242,0.7193621443423821,25,50,10
28,7791,0.0010761507594937649,0.23958193727437585,0.039979767613443615,0.7193621443526856,25,50,10
28,7792,0.001089984319135323,0.2395819372744456,0.03997977359360821,0.7193483048128101,25,50,10
28,7793,0.0010780547734229459,0.23959386310265507,0.03997977727256264,0.7193483048513585,25,50,10
28,7794,0.001534044198798043,0.23959386310690267,0.03998014246248545,0.718891950231813,25,50,10
28,7795,0.001538001478837791,0.23959386310663358,0.03997618518262649,0.7188919502319016,25,50,10
28,7796,0.0015321527607232621,0.2395938631066909,0.03997618212192795,0.7188978020106572,25,50,10
28,7797,0.001521681256548941,0.239604350426883,0.039976166354921565,0.7188978019616457,25,50,10
28,7798,0.0015213221282250008,0.2396043504268263,0.0399761642612272,0.7188981631837208,25,50,10
28,7799,0.0015275445524808495,0.2396043504311083,0.039976330894593876,0.7188917741218163,25,50,10
28,7800,0.0013922446715296944,0.23960435042268738,0.039975808027720584,0.7190275968780617,25,50,10
28,7801,0.0013920292185182633,0.23960457094932316,0.03997580295452927,0.7190275968776286,25,50,10
28,7802,0.0013961674053463596,0.2396004387751332,0.039975796950993174,0.7190275968685266,25,50,10
28,7803,0.0013802618976130375,0.23961642248222625,0.0399757190472632,0.7190275965728972,25,50,10
28,7804,0.0013761587780680717,0.23962051794465417,0.039975726695112616,0.7190275965821649,25,50,10
28,7805,0.001840001349017491,0.23962051795091152,0.03997614589974261,0.7185633348003284,25,50,10
28,7806,0.0018739373473704106,0.23962051795551034,0.03994220985818213,0.7185633348389372,25,50,10
28,7807,0.0018799284133614585,0.23962051795545677,0.039942207962996384,0.7185573456681854,25,50,10
28,7808,0.0019896463099374063,0.23962051795574457,0.039942414214368054,0.7184474215199498,25,50,10
28,7809,0.002011809360411192,0.23959834405751781,0.03994242504212308,0.7184474215399477,25,50,10
28,7810,0.002011811165726537,0.2395983440575181,0.03994242494427204,0.7184474198324833,25,50,10
28,7811,0.0020117772982449376,0.23959834405751723,0.03994242389653802,0.7184474547476997,25,50,10
28,7812,0.0020117773717579284,0.2395983440575169,0.039942423863197386,0.7184474547075275,25,50,10
28,7813,0.0020115711680709727,0.23959834405758726,0.03994242698492888,0.7184476577894121,25,50,10
28,7814,0.002011992124412104,0.2395979211260365,0.039942428964382055,0.7184476577851686,25,50,10
28,7815,0.0020202637182833265,0.23959792112607545,0.03994246045400306,0.7184393547016376,25,50,10
28,7816,0.0016898488731943457,0.23959792112419073,0.0399424163238361,0.7187698136787783,25,50,10
28,7817,0.0016839244735520592,0.23959792112413722,0.03994241244443715,0.7187757419578731,25,50,10
28,7818,0.0017058216966505423,0.23959792112427855,0.03994242360199493,0.7187538335770755,25,50,10
28,7819,0.001707822555343862,0.23959792112315598,0.03994233808942567,0.7187519182320744,25,50,10
28,7820,0.001701725231723596,0.23959792112319137,0.03994233865578526,0.7187580149892997,25,50,10
28,7821,0.0017012992741319655,0.23959834995180962,0.039942335790046204,0.7187580149840122,25,50,10
28,7822,0.0016076851945974941,0.23959834995177645,0.03994220211635124,0.7188517627372746,25,50,10
28,7823,0.0015700175892578803,0.23959835002791663,0.03997986908199171,0.7188517633008332,25,50,10
28,7824,0.0015537726008157454,0.2395983500276627,0.03997979551749908,0.7188680818540218,25,50,10
28,7825,0.0015379741130461515,0.23959835002160149,0.03997952068774306,0.7188841551776087,25,50,10
28,7826,0.001527754908077435,0.23960858142376942,0.039979508505619016,0.7188841551625335,25,50,10
28,7827,0.0015217276358308663,0.2396085814237501,0.03997950661167001,0.7188901843287483,25,50,10
28,7828,0.0012914586837457923,0.23983917415199488,0.03997918286423402,0.7188901843000246,25,50,10
28,7829,0.0012914620528544072,0.23983916959200755,0.03997918406020515,0.7188901842949323,25,50,10
28,7830,0.0012838940837107933,0.23983916959206233,0.039979186131540646,0.7188977501926855,25,50,10
28,7831,0.0012839991933540728,0.23983916959097398,0.039979181359304256,0.7188976498563668,25,50,10
28,7832,0.0012696378263034789,0.23983916959077728,0.039979167085357835,0.7189120254975607,25,50,10
28,7833,0.001283545621352294,0.23983916959086538,0.03997917238386389,0.7188981124039177,25,50,10
28,7834,0.0012832670275732883,0.23983916959075743,0.03997916451096242,0.7188983988707061,25,50,10
28,7835,0.0012916780437583395,0.2398391695908122,0.03997917662464926,0.7188899757407795,25,50,10
28,7836,0.0012916459516563864,0.23983920268308676,0.03997917562463528,0.7188899757406211,25,50,10
28,7837,0.0012916459679652337,0.2398392026830852,0.03997917550280933,0.7188899758461396,25,50,10
28,7838,0.0012936897354713034,0.23983714981138593,0.039979184597502423,0.7188899758556399,25,50,10
28,7839,0.001293692158404021,0.23983715698174696,0.03997917500420575,0.7188899758556427,25,50,10
28,7840,0.0012977212390996712,0.23983715698169564,0.03997916833565347,0.7188859534435508,25,50,10
28,7841,0.0012977597690312093,0.2398371569817116,0.03997916648154639,0.7188859167677104,25,50,10
28,7842,0.0012977578979581953,0.23983715875677802,0.03997916657747696,0.7188859167677865,25,50,10
28,7843,0.0012976537173719168,0.23983715875676023,0.03997916624201276,0.7188860212838548,25,50,10
28,7844,0.0012918354726913503,0.23983715875679745,0.039979170402206624,0.7188918353683043,25,50,10
28,7845,0.0012856130897382463,0.23983715875251538,0.0399790037687459,0.7188982243890003,25,50,10
28,7846,0.001271260203231851,0.23983715875236877,0.0399789957139792,0.71891258533042,25,50,10
28,7847,0.001273047578241111,0.2398371587523838,0.03997899736819513,0.7189107963011798,25,50,10
28,7848,0.0012730463142839638,0.2398371595472898,0.039978997832571014,0.7189107963058551,25,50,10
28,7849,0.0012732965650554698,0.23983690651666695,0.03997900060756323,0.7189107963107142,25,50,10
28,7850,0.0012871320238170459,0.23983690651673606,0.03997900656551061,0.7188969548939363,25,50,10
28,7851,0.0017584664741940445,0.23983690652307893,0.039979479691314136,0.7184251473114128,25,50,10
28,7852,0.0017644266990860145,0.2398369065230429,0.03997947807889448,0.7184191886989766,25,50,10
28,7853,0.001770423861680045,0.23983690652306106,0.03997948066675729,0.7184131889485011,25,50,10
28,7854,0.0017764850020900132,0.2398369065230986,0.03997948290395426,0.7184071255708566,25,50,10
28,7855,0.0017884364851770917,0.2398369065230977,0.039979481771893886,0.7183951752198309,25,50,10
28,7856,0.001796001481122312,0.23983690652318435,0.03997948596590373,0.7183876060297892,25,50,10
28,7857,0.0017840228491189502,0.23983690652323728,0.03997948880127061,0.7183995818263728,25,50,10
28,7858,0.0013205014314962781,0.2398369065190294,0.03997912563875236,0.7188634664107215,25,50,10
28,7859,0.0017893317670916373,0.23983715218097398,0.03951005018479077,0.7188634658671431,25,50,10
28,7860,0.001651911544256974,0.23983715217668988,0.03950968249591635,0.7190012537831366,25,50,10
28,7861,0.0016519115446640715,0.23983715259936964,0.03950968207742434,0.7190012537785416,25,50,10
28,7862,0.0016520434928279945,0.23983715259940588,0.03950968244049529,0.7190011214672707,25,50,10
28,7863,0.0016438763075500634,0.23983715259935,0.0395096516784593,0.7190093194146402,25,50,10
28,7864,0.0016424037171689678,0.2398371525993178,0.03950964846708855,0.7190107952164243,25,50,10
28,7865,0.0016425438126228117,0.2398370115827782,0.039509649388254346,0.7190107952163443,25,50,10
28,7866,0.0011649703471799024,0.23983701157643506,0.03950917415991968,0.7194888439164652,25,50,10
28,7867,0.0011726423920691593,0.23983701157643186,0.03950917529222773,0.719481170739271,25,50,10
28,7868,0.0011647940124062208,0.23984486753263107,0.03950916772504427,0.7194811707299182,25,50,10
28,7869,0.0011588030416766646,0.23985085869452832,0.039509167533958556,0.7194811707298362,25,50,10
28,7870,0.0011509955831908556,0.23985085869446052,0.03950916277803343,0.7194889829443152,25,50,10
28,7871,0.0011508892194418026,0.2398508586944777,0.03950916205644805,0.7194890900296325,25,50,10
28,7872,0.0011448254433304762,0.23985692153270222,0.03950916299399557,0.7194890900299717,25,50,10
28,7873,0.001144333617265582,0.23985692153262952,0.03950915966901323,0.7194895851810915,25,50,10
28,7874,0.0011443657287305458,0.23985692153263014,0.03950916071775742,0.7194895520208818,25,50,10
28,7875,0.0011443681531265524,0.23985691862840208,0.03950916119274335,0.719489552025728,25,50,10
28,7876,0.0011502558953821113,0.2398510304211573,0.03950916165288672,0.719489552030574,25,50,10
28,7877,0.0011445473805113437,0.23985103042324557,0.039509165866717086,0.7194952563295257,25,50,10
28,7878,0.0011524986612299443,0.2398510304233159,0.039509171876933015,0.7194872990385209,25,50,10
28,7879,0.0011524999593075643,0.23985103042331535,0.03950917592018219,0.7194872936971948,25,50,10
28,7880,0.0011505112683882657,0.23985103042333292,0.03950917524195658,0.719489283066322,25,50,10
28,7881,0.0011366025186737127,0.2398510304232454,0.03950917001552291,0.7195031970425577,25,50,10
28,7882,0.0012746830034208562,0.23985103042756978,0.039509543122165744,0.7193647434468434,25,50,10
28,7883,0.0012747905443899893,0.23985103042755224,0.0395095428063483,0.7193646362217091,25,50,10
28,7884,0.0012668381459837285,0.23985103042748063,0.03950953672492727,0.7193725947016081,25,50,10
28,7885,0.0012505837137498227,0.23985103042733644,0.03950951818879275,0.7193888676701208,25,50,10
28,7886,0.0012505881079337025,0.23985103042737183,0.03950951966891302,0.7193888617957812,25,50,10
28,7887,0.0012503760393348076,0.239851030425302,0.039509516386633046,0.7193890771487298,25,50,10
28,7888,0.0012547862807991722,0.23985103042519962,0.03950951104920655,0.7193846722447944,25,50,10
28,7889,0.0012708648858603103,0.23985103042528932,0.039509545504501066,0.7193685591843492,25,50,10
28,7890,0.0012705869260268051,0.2398510304252875,0.03950954340542543,0.7193688392432601,25,50,10
28,7891,0.0012644911248852982,0.23985103042528816,0.039509543477953116,0.7193749349718732,25,50,10
28,7892,0.0013024475737614554,0.2398510304276207,0.03950962590037313,0.7193368960982444,25,50,10
28,7893,0.0012903271557194395,0.23985103042756606,0.03950962351575651,0.719349018900958,25,50,10
28,7894,0.0014255314477042225,0.23985103043192105,0.0395099996560383,0.7192134384643363,25,50,10
28,7895,0.0014253889009078736,0.2398510304321714,0.039510021106476126,0.7192135595604445,25,50,10
28,7896,0.0014256324409228848,0.2398510304321545,0.03951002195169951,0.7192133151752235,25,50,10
28,7897,0.001291852870143837,0.2398510304277436,0.03950964164918162,0.7193474750529315,25,50,10
28,7898,0.0012994180822259128,0.23984346273448698,0.03950964412602814,0.7193474750572595,25,50,10
28,7899,0.0013113922849691583,0.23984346273446966,0.039509642857173,0.7193355021233887,25,50,10
28,7900,0.0013195255158751432,0.23984346273459728,0.039509652099570636,0.7193273596499573,25,50,10
28,7901,0.0013195236772417134,0.2398434646141419,0.039509652058912756,0.719327359649704,25,50,10
28,7902,0.0013153512790631773,0.23984346461419193,0.039509658599031064,0.7193315255077141,25,50,10
28,7903,0.0013152073915387202,0.2398434646142439,0.039509636296614456,0.719331691697603,25,50,10
28,7904,0.0013153481284007345,0.23984346461399447,0.03950961488083356,0.7193315723767715,25,50,10
28,7905,0.0013291908442045039,0.23984346461417097,0.039509628627414244,0.7193177159142106,25,50,10
28,7906,0.0013216278119420294,0.2398510315317405,0.03950962475144808,0.7193177159048696,25,50,10
28,7907,0.0011823206223219888,0.23985103152745618,0.039509255780183036,0.7194573920700392,25,50,10
28,7908,0.0011821793251741311,0.2398510315274188,0.039509252580327094,0.7194575365670804,25,50,10
28,7909,0.001182142993602815,0.2398510315273803,0.03950924984830494,0.7194575756307121,25,50,10
28,7910,0.001168196074454917,0.23985103152718662,0.03950923582983399,0.7194715365685247,25,50,10
28,7911,0.0011663724158281889,0.23985103152715306,0.03950922939225055,0.7194733666647685,25,50,10
28,7912,0.0011782694580954208,0.2398391378056558,0.03950922607147198,0.7194733666647772,25,50,10
28,7913,0.0011885964160332956,0.23983913780883512,0.03950928927335026,0.7194629765017818,25,50,10
28,7914,0.0011506398952001503,0.23983913780650376,0.03950920690514816,0.7195010153931485,25,50,10
28,7915,0.001156874651042442,0.2398391378065582,0.039509204741671224,0.719494782800728,25,50,10
28,7916,0.001162725021146968,0.2398332881790141,0.03950920399911737,0.7194947828007215,25,50,10
28,7917,0.0011564496390846593,0.239839565840376,0.03950920171982483,0.7194947828007144,25,50,10
28,7918,0.0011564175367707087,0.23983956584037536,0.039509200691242974,0.7194948159316106,25,50,10
28,7919,0.0011565538368479987,0.23983942815795456,0.03950920207834717,0.71949481592685,25,50,10
28,7920,0.0011505953429646854,0.23984538592633406,0.0395092028038495,0.7194948159268515,25,50,10
28,7921,0.0011565866865347184,0.23984538592635155,0.039509203051703204,0.7194888243354102,25,50,10
28,7922,0.001144315576827273,0.23984538592629337,0.03950919979078733,0.7195010987060918,25,50,10
28,7923,0.0011443252234761613,0.23984537309540613,0.03950920297510124,0.7195010987060162,25,50,10
28,7924,0.0011382337199630991,0.23984537309540704,0.03950920305933763,0.7195071901252916,25,50,10
28,7925,0.0011423708944096802,0.23984537309533793,0.039509196002194324,0.7195030600080579,25,50,10
28,7926,0.0011382366269267169,0.23984537309535414,0.03950920015209941,0.7195071901256191,25,50,10
28,7927,0.0011382384822082676,0.23984537084800245,0.03950920053957472,0.7195071901302141,25,50,10
28,7928,0.0011681477458365588,0.23984537084823224,0.03950921902351415,0.7194772623824167,25,50,10
28,7929,0.0011680102882042013,0.23984537084819654,0.03950921745067435,0.7194774014129247,25,50,10
28,7930,0.0011699429545736848,0.23984343168795408,0.0395092239258324,0.7194774014316399,25,50,10
28,7931,0.001170181687632408,0.23984343168798852,0.039509225435000996,0.7194771611893781,25,50,10
28,7932,0.0011759647411073181,0.23984343168800568,0.039509226689913704,0.7194713768809732,25,50,10
28,7933,0.0011656340848990852,0.239843431684826,0.03950916346502271,0.7194817707652521,25,50,10
28,7934,0.0011715597806334747,0.2398434316858977,0.03950916750796046,0.7194758410255082,25,50,10
28,7935,0.0011734181933397252,0.23984343168596842,0.03950917341806846,0.7194739767026234,25,50,10
28,7936,0.0011675643553790756,0.23984343168598687,0.03950917476802493,0.719479829190609,25,50,10
28,7937,0.0011675304718907925,0.23984343168596817,0.039509173420585894,0.7194798644215551,25,50,10
28,7938,0.0011615011534007143,0.2398434316848792,0.039509169109706116,0.7194858980520139,25,50,10
28,7939,0.0011615353575499367,0.239843431684882,0.039509169345750925,0.719485863611817,25,50,10
28,7940,0.0011655664798937047,0.23983940779781737,0.0395091621249219,0.719485863597367,25,50,10
28,7941,0.0011594027839049888,0.23983940779777949,0.039509159354783996,0.7194920300635311,25,50,10
28,7942,0.001137580197164116,0.23983940779763813,0.03950914716360471,0.7195138648415927,25,50,10
28,7943,0.001133690613299762,0.23983940779769397,0.03950920727721202,0.7195176943117936,25,50,10
28,7944,0.0011556143442655077,0.23983940779785215,0.03950921962719674,0.7194957582306851,25,50,10
28,7945,0.0011556143232884634,0.23983940779785212,0.039509219637282406,0.7194957582415765,25,50,10
28,7946,0.0011356508432078505,0.23983940779778276,0.039509213597550476,0.7195157277614583,25,50,10
28,7947,0.0011338991051937997,0.23983940779774773,0.03950920805532536,0.7195174850417329,25,50,10
28,7948,0.0011462200959800552,0.2398394078010357,0.03950935095756291,0.7195050211454209,25,50,10
28,7949,0.001146327406106132,0.23983940780105292,0.03950935122338608,0.7195049135694542,25,50,10
28,7950,0.0011506780433838024,0.2398394078020912,0.03950934886937062,0.7195005652851537,25,50,10
28,7951,0.00115067806188214,0.23983940780209184,0.03950934888928362,0.7195005652467422,25,50,10
28,7952,0.0011367688840590003,0.23983940780198737,0.03950934242871685,0.7195144808852367,25,50,10
28,7953,0.0011425514542283812,0.2398336239124558,0.039509343733632664,0.719514480899683,25,50,10
28,7954,0.0006827857338563852,0.24063892521319893,0.03916380816404228,0.7195144808889024,25,50,10
28,7955,0.0006827858032179354,0.2406389243053651,0.039163808992906654,0.71951448089851,25,50,10
28,7956,0.0006688421388089726,0.2406528769333625,0.03916380003850229,0.7195144808893261,25,50,10
28,7957,0.0006632423804208003,0.24065287693343393,0.03916380371016789,0.7195200769759775,25,50,10
28,7958,0.0006573176556537854,0.24065879749857447,0.03916380786937386,0.7195200769763983,25,50,10
28,7959,0.000651142423851278,0.24065879749748426,0.039163805538004345,0.7195262545406605,25,50,10
28,7960,0.0006513907919652981,0.2406587974975063,0.03916380843676221,0.7195260032737667,25,50,10
28,7961,0.000627579165577655,0.24065879749727614,0.03916378990570343,0.7195498334314431,25,50,10
28,7962,0.000627582160854042,0.24065879749731156,0.03916379250019524,0.7195498278416395,25,50,10
28,7963,0.0006335427228457935,0.2406587974973278,0.03916379166621381,0.7195438681136129,25,50,10
28,7964,0.0006317909545848138,0.24065879749729185,0.039163786111227554,0.7195456254368962,25,50,10
28,7965,0.0006358218802095787,0.24065879749724026,0.039163780467045155,0.7195416001555056,25,50,10
28,7966,0.0006172316710962253,0.24065879749388,0.03916363326949643,0.7195603375655278,25,50,10
28,7967,0.0006176159358144077,0.24065879749393507,0.03916363633436479,0.7195599502358861,25,50,10
28,7968,0.0006232840662754044,0.24065879749393176,0.03916363478334249,0.7195542836564509,25,50,10
28,7969,0.0006451064594648268,0.24065879749409086,0.03916364818179248,0.7195324478646522,25,50,10
28,7970,0.000645210847651852,0.24065879749407365,0.03916364789191008,0.7195323437663648,25,50,10
28,7971,0.0006531631320875387,0.24065083879686178,0.03916365429993063,0.7195323437711209,25,50,10
28,7972,0.000655096510024495,0.24065083880005506,0.039163666501054586,0.7195303981888667,25,50,10
28,7973,0.0006707920845656341,0.24065083880021418,0.039163677858488635,0.719514691256732,25,50,10
28,7974,0.0006748959677498259,0.24065083880431715,0.03916374483815823,0.7195105203897755,25,50,10
28,7975,0.0006808887201731715,0.2406448462972153,0.03916374459734994,0.7195105203852623,25,50,10
28,7976,0.000695044494487493,0.24063068476078475,0.03916375035496851,0.7195105203897598,25,50,10
28,7977,0.0007044232911183523,0.24063068475664148,0.03916368288085801,0.7195012090713828,25,50,10
28,7978,0.0006907230452525723,0.2406306847565893,0.03916367816221296,0.7195149140359459,25,50,10
28,7979,0.0006907254268785148,0.2406306811056482,0.03916367942676565,0.7195149140407083,25,50,10
28,7980,0.0006924771861632329,0.2406306811056832,0.039163684902220657,0.7195131568059334,25,50,10
28,7981,0.0006765362431798676,0.24063068110554067,0.0391636726969453,0.7195291099543348,25,50,10
28,7982,0.0015748600166176523,0.24061211828438395,0.03828391118663374,0.719529110512365,25,50,10
28,7983,0.0015829152623850458,0.24061211828442297,0.038283938979302705,0.7195210274738897,25,50,10
28,7984,0.0015825315707488658,0.24061211828436824,0.038283936022186264,0.7195214141226971,25,50,10
28,7985,0.0015886046884942629,0.24061211828436904,0.03828394049753021,0.7195153365296069,25,50,10
28,7986,0.001580656681485332,0.24062007308054092,0.03828393371763517,0.7195153365203388,25,50,10
28,7987,0.001574768343098642,0.2406259610377741,0.03828393409419078,0.7195153365249367,25,50,10
28,7988,0.001574843658256655,0.2406259610377894,0.03828393320947857,0.7195152620944748,25,50,10
28,7989,0.0015809771556959387,0.24061982571671675,0.038283935037791234,0.7195152620897955,25,50,10
28,7990,0.0015808739541653385,0.24061982571673457,0.038283936324266535,0.7195153640048331,25,50,10
28,7991,0.0015748775233778733,0.24062582181894346,0.03828393664833243,0.719515364009346,25,50,10
28,7992,0.001572776938510808,0.24062582181890516,0.03828387680333435,0.7195175244392494,25,50,10
28,7993,0.0015726714396807103,0.24062582181888856,0.0382838766500679,0.7195176300913626,25,50,10
28,7994,0.0015785602098366198,0.2406199277491388,0.03828388193010334,0.7195176301109211,25,50,10
28,7995,0.0015725699592795861,0.24061992774915603,0.03828388225641823,0.7195236200351459,25,50,10
28,7996,0.0015666878198611189,0.24061992774915594,0.03828388229579666,0.719529502135186,25,50,10
28,7997,0.0015667926519140568,0.24061992774917443,0.038283882662822274,0.7195293969360881,25,50,10
28,7998,0.0015648821329150811,0.24061992774930124,0.03828389608052118,0.7195312940372611,25,50,10
28,7999,0.0015608553926353503,0.24061992774940705,0.03828390472233995,0.7195353121356166,25,50,10
28,8000,0.0015746594363056881,0.2406199277494239,0.03828390786217049,0.7195215049520989,25,50,10
28,8001,0.001574583883343741,0.2406199277494069,0.03828390864702752,0.7195215797202207,25,50,10
28,8002,0.0015746862977541753,0.24061982667562926,0.03828390731132454,0.7195215797152911,25,50,10
28,8003,0.0015608799184438924,0.2406198266755949,0.038283902903815246,0.719535390502145,25,50,10
28,8004,0.0015686988153361125,0.240611999862166,0.03828391051483174,0.7195353908076652,25,50,10
28,8005,0.0015887721157888377,0.24061199986231294,0.038283928569474476,0.7195152994524228,25,50,10
28,8006,0.0006873527532672424,0.24060384874519436,0.03919349965488299,0.719515298846654,25,50,10
28,8007,0.0006893078885183209,0.2406018874380142,0.03919350581278354,0.7195152988606826,25,50,10
28,8008,0.0006810650878053826,0.2406018874379744,0.039193473599928336,0.7195235738742908,25,50,10
28,8009,0.000677090297687882,0.24060188743784713,0.039193460099726886,0.719527562164737,25,50,10
28,8010,0.0006628708498745338,0.24060188743768204,0.039193440705294444,0.7195418010071479,25,50,10
28,8011,0.0006629028219842062,0.24060188743766575,0.03919343952147174,0.7195417702188774,25,50,10
28,8012,0.0006668993883285934,0.24060188743761254,0.0391934326962268,0.7195377804778316,25,50,10
28,8013,0.0006667287812729258,0.2406018874375581,0.039193429696254105,0.7195379540849143,25,50,10
28,8014,0.0006627700252819289,0.24060188743770078,0.0391934410457925,0.7195419014912242,25,50,10
28,8015,0.0006690080119261612,0.2406018874377004,0.03919344504053329,0.7195356595098397,25,50,10
28,8016,0.0006709708818121672,0.2406018874377701,0.0391934521308825,0.7195336895495346,25,50,10
28,8017,0.0006690087650566298,0.24060188743768066,0.03919344577887881,0.7195356580183837,25,50,10
28,8018,0.0006829496795507067,0.2406018874377682,0.039193452045240405,0.7195217108374404,25,50,10
28,8019,0.000822298550104827,0.24060188744222824,0.03919382634103122,0.7193819876666354,25,50,10
28,8020,0.0008222947520313278,0.2406018874422282,0.03919382639062335,0.7193819914151162,25,50,10
28,8021,0.0008202896055506584,0.24060188743901836,0.039193819119815954,0.7193840038356138,25,50,10
28,8022,0.0008203934286172511,0.24060188743900052,0.039193818805056686,0.7193839003273245,25,50,10
28,8023,0.008032515957370591,0.23982326184054273,0.0327602922603406,0.7193839299417454,25,50,10
28,8024,0.008046360362606043,0.23982326184059466,0.032760298887581925,0.7193700789092164,25,50,10
28,8025,0.008040368677388044,0.23982326184061153,0.03276029905896653,0.7193760704230333,25,50,10
28,8026,0.0080321326129145,0.23983150792159122,0.032760289047386995,0.7193760704181069,25,50,10
28,8027,0.008018217079306495,0.23984543198319552,0.03276028083443101,0.7193760701030668,25,50,10
28,8028,0.00801828940889155,0.239845431983213,0.03276027595789598,0.7193760026499991,25,50,10
28,8029,0.008012297215143916,0.23984543198323116,0.03276027629792365,0.7193819945037008,25,50,10
28,8030,0.008018181253171388,0.2398454319832308,0.03276027629120703,0.7193761104723905,25,50,10
28,8031,0.008018181262703957,0.2398454319832308,0.03276027630309039,0.7193761104509744,25,50,10
28,8032,0.008024308699892891,0.2398454319832145,0.03276027706245713,0.7193699822544346,25,50,10
28,8033,0.008024308808509413,0.23984543198321545,0.032760277134447485,0.719369982073827,25,50,10
28,8034,0.00801838624353262,0.23985136284370484,0.03276026887277416,0.7193699820399881,25,50,10
28,8035,0.008018420676505558,0.2398513628437405,0.0327602714825495,0.719369944997204,25,50,10
28,8036,0.00802860751157213,0.23985136284392256,0.03276028541736602,0.719359744227139,25,50,10
28,8037,0.008028749966691227,0.23985121821434074,0.032760287596421626,0.719359744222546,25,50,10
28,8038,0.008037279895728427,0.23984261506595786,0.03276036078578382,0.7193597442525295,25,50,10
28,8039,0.0009524483794525133,0.23984240788292588,0.03984542850583086,0.7193597152317903,25,50,10
28,8040,0.0009584077880160773,0.23983644966890696,0.039845427311287665,0.7193597152317888,25,50,10
28,8041,0.0009568404584951541,0.23983644966908846,0.03984544342702208,0.719361266445394,25,50,10
28,8042,0.0009507438575291591,0.23984254415624334,0.039845445521530826,0.7193612664646964,25,50,10
28,8043,0.0009547708393464785,0.23983852357448027,0.0398454391357623,0.7193612664504109,25,50,10
28,8044,0.0009546665714001266,0.2398385235744818,0.039845439190408075,0.7193613706637099,25,50,10
28,8045,0.0009666156962725382,0.23983852357448082,0.03984543711647745,0.7193494236127692,25,50,10
28,8046,0.0009683672104893934,0.2398367659155235,0.039845443251694534,0.7193494236222926,25,50,10
28,8047,0.0009742560612316023,0.2398367659155241,0.03984544228170584,0.7193435357415384,25,50,10
28,8048,0.0009746834736834775,0.23983676591551106,0.03984546950310639,0.7193430811076991,25,50,10
28,8049,0.0009747543490806054,0.23983676591547382,0.03984546775570295,0.7193430119797426,25,50,10
28,8050,0.000952828353532135,0.23983676591529746,0.03984545407790461,0.7193649516532657,25,50,10
28,8051,0.0008154411263919802,0.23983676591092515,0.03984508660529748,0.7195027063573852,25,50,10
28,8052,0.0008154715494392954,0.2398367659109254,0.03984508764374323,0.7195026748958919,25,50,10
28,8053,0.0008114421523199037,0.23984078889093502,0.0398450940466533,0.7195026749100917,25,50,10
28,8054,0.0008054909032570083,0.2398407888908994,0.0398450914446489,0.7195086287611946,25,50,10
28,8055,0.0006721152476027829,0.2398410416887395,0.03997821489640625,0.7195086281672514,25,50,10
28,8056,0.0006597369901160323,0.23985348773500587,0.03997814714168548,0.7195086281331926,25,50,10
28,8057,0.0006598744259214153,0.23985348773504123,0.03997814873145943,0.7195084891075778,25,50,10
28,8058,0.0006557458735369743,0.23985348773513313,0.03997820775538587,0.7195125586359435,25,50,10
28,8059,0.0006497563381103663,0.23985348773511653,0.039978207483641295,0.7195185484431318,25,50,10
28,8060,0.0006537175326510576,0.2398534877349754,0.03997819625865858,0.7195145984737152,25,50,10
28,8061,0.0006676615553121343,0.23985348773504417,0.03997820227993267,0.7195006484297112,25,50,10
28,8062,0.0011374942386953516,0.23985348773939538,0.0399785740485111,0.7190304439733985,25,50,10
28,8063,0.0011514374806366808,0.2398534877394832,0.039978580275184944,0.7190164945046955,25,50,10
28,8064,0.0011435846833511758,0.23985348773941373,0.03997857322836258,0.7190243543488731,25,50,10
28,8065,0.0011434789471389615,0.23985348773943158,0.03997857356762178,0.719024459745808,25,50,10
28,8066,0.0011438954550721954,0.2398534877395036,0.03997857884923631,0.7190240379561884,25,50,10
28,8067,0.0011533164214497008,0.23985348773953485,0.03997857818504103,0.7190146176539749,25,50,10
28,8068,0.0011532766857198736,0.23985323462113237,0.039978871039013465,0.7190146176541345,25,50,10
28,8069,0.0011448943047455131,0.23985323462109284,0.03997883798532327,0.7190230330888386,25,50,10
28,8070,0.001131057650025746,0.2398532346210225,0.03997883321959701,0.7190368745093548,25,50,10
28,8071,0.001130532657806775,0.23985323462093142,0.039978827521920876,0.719037405199341,25,50,10
28,8072,0.0006665859625896258,0.23985323461657854,0.03997845557789705,0.7195017238429351,25,50,10
28,8073,0.0006725395012008286,0.23984728521923052,0.03997845145559973,0.719501723823969,25,50,10
28,8074,0.0006764561053279932,0.23984337001054293,0.039978450041384034,0.7195017238427452,25,50,10
28,8075,0.0006823145949538448,0.23984337001054518,0.03997844887398252,0.7194958665205184,25,50,10
28,8076,0.0006824520793026161,0.2398433700105627,0.03997845015476464,0.7194957277553701,25,50,10
28,8077,0.0006864788373412932,0.23984337001045689,0.03997844153101044,0.719491709621191,25,50,10
28,8078,0.000684768135925752,0.23984508078247763,0.039978441469234974,0.7194917096123616,25,50,10
28,8079,0.0006908639590195075,0.2398450807824776,0.039978441461717716,0.7194856137967852,25,50,10
28,8080,0.0006829140183054342,0.23984508078240818,0.039978435539577584,0.7194935696597088,25,50,10
28,8081,0.0006808814464560451,0.23984508078253203,0.03997844741866522,0.7194955903523466,25,50,10
28,8082,0.0006808814322719267,0.23984508078253264,0.03997844747203126,0.7194955903131641,25,50,10
28,8083,0.0006749942240779212,0.23984508078253267,0.0399784474886188,0.7195014775047706,25,50,10
28,8084,0.0006828870883941101,0.23983718418861666,0.039978451228155104,0.7195014774948342,25,50,10
28,8085,0.0006810367363394945,0.23983903637719808,0.03997844937223102,0.7195014775142315,25,50,10
28,8086,0.0006789592275795722,0.23983903637710619,0.03997839035118091,0.7195036140441333,25,50,10
28,8087,0.0006626430546896063,0.23983903637694137,0.03997837567853042,0.7195199448898383,25,50,10
28,8088,0.0006566526776059844,0.2398390363769586,0.03997837595246938,0.7195259349929657,25,50,10
28,8089,0.0006626430142920408,0.23983903637694046,0.03997837560020673,0.7195199450085604,25,50,10
28,8090,0.0006566855077009948,0.23983903637692347,0.0399783764414635,0.7195259016739116,25,50,10
28,8091,0.0006528345712293039,0.23983903637680082,0.039978364654051,0.7195297643979184,25,50,10
28,8092,0.0006467719314318953,0.23984509784323943,0.039978365827487185,0.719529764397841,25,50,10
28,8093,0.0006408841430771254,0.23984509784323943,0.03997836582328951,0.7195356521903933,25,50,10
28,8094,0.0006466217870501452,0.23983936612772527,0.039978359895608453,0.7195356521896156,25,50,10
28,8095,0.000652581336605909,0.23983936612774212,0.039978356067586415,0.7195296964680651,25,50,10
28,8096,0.0006524752894249971,0.23983936612772364,0.039978355698562555,0.7195298028842885,25,50,10
28,8097,0.0006469039169927143,0.23983936612781445,0.03997836138245401,0.7195353685727385,25,50,10
28,8098,0.0006469082306610602,0.2398393622028233,0.039978360998451444,0.7195353685680638,25,50,10
28,8099,0.0006509355187298068,0.23983936220275187,0.039978354365445126,0.7195313479130728,25,50,10
28,8100,0.00065093737574922,0.23983936040518286,0.03997835430599628,0.7195313479130715,25,50,10
28,8101,0.0006507919700465811,0.23983951260717742,0.03997834753846137,0.7195313478843146,25,50,10
28,8102,0.000651171062870058,0.23983951260714167,0.03997834929795158,0.7195309670320367,25,50,10
28,8103,0.0006514152626587936,0.23983926425091392,0.03997835343533891,0.7195309670510884,25,50,10
28,8104,0.0006514479596988754,0.23983926425091487,0.03997835454841841,0.7195309332409678,25,50,10
28,8105,0.0006516589404079731,0.23983926425087912,0.03997835394939576,0.7195307228593174,25,50,10
28,8106,0.0006654966966800394,0.2398392642509489,0.03997835992065459,0.7195168791317169,25,50,10
28,8107,0.0006694202416094956,0.23983532984015293,0.03997837076748547,0.7195168791507526,25,50,10
28,8108,0.0006694176961191605,0.23983532984015252,0.039978370703774094,0.7195168817599545,25,50,10
28,8109,0.001139177167612922,0.2393651420668287,0.03997879788472078,0.7195168828808378,25,50,10
28,8110,0.0006635618634646124,0.23984118478688962,0.03997837158960785,0.7195168817600381,25,50,10
28,8111,0.0010249136412693793,0.23985522253528735,0.03960298144887526,0.7195168823745678,25,50,10
28,8112,0.0010307980859955482,0.23985522253526914,0.03960298012715454,0.7195109992515806,25,50,10
28,8113,0.0010370008454745733,0.23985522253526914,0.03960298014670196,0.7195047964725544,25,50,10
28,8114,0.0010367216826957083,0.23985522253526756,0.03960297796212387,0.7195050778199128,25,50,10
28,8115,0.001036753670620347,0.23985522253528507,0.0396029792234338,0.7195050445706612,25,50,10
28,8116,0.0010308703289392117,0.23986110530971402,0.03960297978600157,0.7195050445753456,25,50,10
28,8117,0.0010248481203753196,0.23986110530973448,0.039602981195009,0.7195110653748817,25,50,10
28,8118,0.0010387569656673257,0.23986110530982166,0.03960298635939429,0.7194971513651172,25,50,10
28,8119,0.0010347251690783173,0.2398611053098902,0.039602992245985,0.7195011772750466,25,50,10
28,8120,0.0010355543607503783,0.23986110531307195,0.03960300331962911,0.7195003370065486,25,50,10
28,8121,0.0010415767346516325,0.23985508116018855,0.03960300508909762,0.719500337016062,25,50,10
28,8122,0.001036753738621085,0.23985508115709603,0.039603001438370915,0.7195051636659119,25,50,10
28,8123,0.0010289007358957668,0.23985508115688403,0.03960298606519485,0.7195130320420253,25,50,10
28,8124,0.001042707605463233,0.2398550811569535,0.039602992055010396,0.7194992191825728,25,50,10
28,8125,0.0010486027229848296,0.2398550811569563,0.03960299232337359,0.7194933237966851,25,50,10
28,8126,0.0010446015522087965,0.23985508115704263,0.039602999502190636,0.7194973177885577,25,50,10
28,8127,0.001068067147466779,0.23984129632798357,0.039593316022822275,0.7194973205017271,25,50,10
28,8128,0.0012014720197285136,0.23984129633228485,0.03959368844862353,0.719363543199363,25,50,10
28,8129,0.0012014731434029464,0.23984129479927302,0.039593688853361654,0.7193635432039625,25,50,10
28,8130,0.0010721672706152927,0.23984129479488447,0.039593308871908664,0.7194932290625917,25,50,10
28,8131,0.0010721738604208611,0.2398412947948851,0.039593308943363145,0.7194932224013312,25,50,10
28,8132,0.0010660724500242142,0.23984129479493863,0.03959331085040439,0.7194993219046331,25,50,10
28,8133,0.0010699229911856623,0.23984129479506056,0.03959332463899318,0.719495457574761,25,50,10
28,8134,0.0010949596245973957,0.2398412947951434,0.03959353526907533,0.7194702103111843,25,50,10
28,8135,0.0010888654953786316,0.23984129479512492,0.03959353515406957,0.7194763045554272,25,50,10
28,8136,0.001083439821869965,0.23984129479519944,0.03959354235519153,0.7194817230277388,25,50,10
28,8137,0.0010960848390015594,0.23982864343495408,0.039593548687817226,0.7194817230382269,25,50,10
28,8138,0.0010961197764622563,0.2398286434349725,0.03959355007174471,0.7194816867168201,25,50,10
28,8139,0.0012354702817644087,0.2398286434393095,0.03959392331326037,0.7193419629656651,25,50,10
28,8140,0.0010962604699829449,0.2398286434350263,0.03959355401416206,0.7194815420808282,25,50,10
28,8141,0.0010962611687172334,0.23982864343502602,0.0395935527196554,0.7194815426766009,25,50,10
28,8142,0.001063378233722803,0.2398286434348737,0.03959333605685639,0.7195146422745465,25,50,10
28,8143,0.0010468084832003098,0.23984522692564345,0.03959332235099196,0.7195146422401636,25,50,10
28,8144,0.0010467043537618287,0.2398453286666326,0.039593324739439315,0.7195146422401655,25,50,10
28,8145,0.0010467376378555905,0.23984532866666824,0.039593326371745945,0.7195146073237296,25,50,10
28,8146,0.0010531489533486514,0.23984532866674313,0.039593330876799775,0.7195081915031077,25,50,10
28,8147,0.0010592814046810014,0.23984532866672656,0.03959333271277552,0.719502057215816,25,50,10
28,8148,0.001059454184281069,0.2398453286667979,0.039593336945633106,0.7195018802032871,25,50,10
28,8149,0.0010636920356332778,0.23984532866669245,0.03959333034255699,0.7194976489551164,25,50,10
28,8150,0.0010772526038641734,0.23984532866672556,0.039593333640114074,0.7194840850892953,25,50,10
28,8151,0.0010772541623840792,0.2398453286667262,0.03959333268856924,0.7194840844823196,25,50,10
28,8152,0.001083205862463848,0.2398393756091871,0.039593334050460324,0.7194840844778879,25,50,10
28,8153,0.0010894412773710793,0.23983314070536405,0.03959333353921099,0.7194840844780532,25,50,10
28,8154,0.0010854130505156693,0.23983314070543443,0.03959333967156899,0.7194881065724804,25,50,10
28,8155,0.0012447879778965901,0.23983314071596953,0.039593884627081015,0.7193281866790522,25,50,10
28,8156,0.0012405152230039827,0.2398331407160569,0.03959388985900576,0.7193324542019329,25,50,10
28,8157,0.001256312703105075,0.2398331407161979,0.03959390195130032,0.7193166446293963,25,50,10
28,8158,0.0012584829051386392,0.23983314071618345,0.03959395424127443,0.7193144221374029,25,50,10
28,8159,0.0012644744155407837,0.2398331407162009,0.03959395548156522,0.7193084293866928,25,50,10
28,8160,0.0012680803323970528,0.23983314071626716,0.03959396569938779,0.7193048132519477,25,50,10
28,8161,0.0012662256584097078,0.23983314071619646,0.03959395967612439,0.7193066739492692,25,50,10
28,8162,0.0012704978824078735,0.23983314071610973,0.03959395436223211,0.7193024070392501,25,50,10
28,8163,0.001274737295732419,0.23983314071600428,0.03959394776419965,0.7192981742240636,25,50,10
28,8164,0.0012707768350196083,0.23983314071584622,0.03959393292082713,0.719302149528307,25,50,10
28,8165,0.0012490239380999343,0.23983314071572528,0.03959392227788506,0.7193239130682896,25,50,10
28,8166,0.0012671140067851327,0.23981491596664084,0.03959405668112023,0.7193239133454541,25,50,10
28,8167,0.0012670786059724613,0.23981495233731492,0.03959405571134569,0.7193239133453672,25,50,10
28,8168,0.0012488524052471424,0.23983331709113842,0.039593917450029145,0.7193239130535855,25,50,10
28,8169,0.0012368720729264897,0.23983331709111969,0.03959391822544577,0.7193358926105085,25,50,10
28,8170,0.0012428301921558265,0.2398333170911354,0.039593917361090615,0.7193299353556185,25,50,10
28,8171,0.0012428336689519247,0.23983331709117173,0.039593918031042924,0.7193299312088338,25,50,10
28,8172,0.0012475291018272027,0.23982851665782792,0.03959402023838002,0.7193299340019652,25,50,10
28,8173,0.0012396794054991686,0.23982851665777843,0.03959401576068715,0.7193377881760357,25,50,10
28,8174,0.0010801642072154063,0.23982851664731583,0.03959347408174372,0.7194978450637249,25,50,10
28,8175,0.001080493624230017,0.2398285166483319,0.03959347722523554,0.7194975125022025,25,50,10
28,8176,0.0010799308650138633,0.23982851664827426,0.03959347032634401,0.7194980821603678,25,50,10
28,8177,0.0010837776672172885,0.2398246577671648,0.03959348238596457,0.7194980821796534,25,50,10
28,8178,0.001087890832068698,0.23982052798952888,0.03959349896407084,0.7194980822143315,25,50,10
28,8179,0.0010739494785106155,0.23982052798944198,0.039593492725628836,0.7195120298064187,25,50,10
28,8180,0.001067817971677044,0.23982052798945894,0.03959349193249861,0.7195181621063655,25,50,10
28,8181,0.001067848166002415,0.23982052798945863,0.03959349292458737,0.7195181309199518,25,50,10
28,8182,0.0010658265680240373,0.23982052798947628,0.03959343860915712,0.7195202068333425,25,50,10
28,8183,0.001069997572103656,0.23982052798949594,0.03959343703108341,0.719516037407317,25,50,10
28,8184,0.00105801309309478,0.23982052798946119,0.03959343542975205,0.7195280234876918,25,50,10
28,8185,0.0010741427588709868,0.23980430150529053,0.03959353222886394,0.7195280235069745,25,50,10
28,8186,0.0010734954314752588,0.23980430150419896,0.03959352452758893,0.719528678536737,25,50,10
28,8187,0.001079381343834327,0.23980430150419832,0.039593524474195355,0.719522792677772,25,50,10
28,8188,0.0010869049659051396,0.23980430150421075,0.039593528489715604,0.7195152650401685,25,50,10
28,8189,0.0010867986762361946,0.23980430150422793,0.03959352875929251,0.7195153710602433,25,50,10
28,8190,0.0010928620720336442,0.23980430150417312,0.03959352681456065,0.7195093096092325,25,50,10
28,8191,0.0011089681885001782,0.23980430150435125,0.039593541682560345,0.7194931886245883,25,50,10
28,8192,0.0011091044320367485,0.23980430150438753,0.03959354433334349,0.7194930497302324,25,50,10
28,8193,0.00110286907533649,0.2398043015043866,0.039593543265487016,0.7194992861547901,25,50,10
28,8194,0.0011027283444891697,0.23980430150433119,0.03959353920883116,0.7194994309423487,25,50,10
28,8195,0.0010984517117607886,0.2398043015044,0.03959354410025316,0.7195037026835861,25,50,10
28,8196,0.0011124308434278542,0.2398043015044534,0.03959355195042813,0.7194897157016907,25,50,10
28,8197,0.00110195529857469,0.2398148811256882,0.039593450667253886,0.7194897129084835,25,50,10
28,8198,0.0011000992226874063,0.23981488112563537,0.039593444943392585,0.719491574708285,25,50,10
28,8199,0.0011002369526502385,0.2398148811256557,0.039593446454819096,0.7194914354668752,25,50,10
28,8200,0.0011060194718092537,0.2398148811256553,0.03959344640980049,0.7194856529927353,25,50,10
28,8201,0.001106055357506775,0.23981488112569121,0.03959344901053983,0.7194856145062622,25,50,10
28,8202,0.0011199725761615621,0.2398009610220966,0.03959345188612087,0.719485614515621,25,50,10
28,8203,0.0015959737679174229,0.239800961022401,0.039593618734386674,0.719009446475295,25,50,10
28,8204,0.0015755402105672891,0.2398214864788304,0.03959352683570685,0.7190094464748955,25,50,10
28,8205,0.0015674800292870279,0.23982148647879664,0.03959352042023762,0.7190175130716787,25,50,10
28,8206,0.0015431264444508202,0.24062833972624667,0.03881102347752595,0.7190175103517765,25,50,10
28,8207,0.0015371022825929747,0.240628339726175,0.038811018273061625,0.7190235397181701,25,50,10
28,8208,0.0015310365607904928,0.24062833972617553,0.0388110193273542,0.7190296043856789,25,50,10
28,8209,0.001968962917959961,0.24062833972604897,0.03881124427348643,0.7185914530825039,25,50,10
28,8210,0.0019670306561388635,0.2406302773234589,0.038811238956948026,0.7185914530634534,25,50,10
28,8211,0.0019727773719957252,0.24062453085562766,0.038811238693608544,0.7185914530787673,25,50,10
28,8212,0.001978664959333363,0.24062453085562818,0.03881123875392309,0.7185855654311147,25,50,10
28,8213,0.0019845488911489602,0.24062453085562877,0.03881123874595664,0.7185796815072649,25,50,10
28,8214,0.001976584411556307,0.2406325240734743,0.038811210061592355,0.7185796814533765,25,50,10
28,8215,0.0019904936652950173,0.24061860949546343,0.0388112153668251,0.7185796814724158,25,50,10
28,8216,0.002460392721955616,0.2406186095007681,0.038811657442711686,0.7181093403345635,25,50,10
28,8217,0.0024762956322831762,0.2406186095008722,0.03881166789023014,0.7180934269766134,25,50,10
28,8218,0.002472449521027247,0.24061860950074934,0.038811654172281086,0.7180972868059411,25,50,10
28,8219,0.002472483973430587,0.24061860950072905,0.03881165265488175,0.7180972538709568,25,50,10
28,8220,0.002472620861979366,0.24061860950078348,0.03881165659990773,0.7180971130373278,25,50,10
28,8221,0.0015586606300121066,0.24061860950056882,0.038811263074686894,0.7190114667947307,25,50,10
28,8222,0.0015746989223206372,0.24060255730133506,0.03881127697171083,0.719011466804632,25,50,10
28,8223,0.0015750531338723102,0.24060255730144342,0.03881128167089301,0.7190111078937899,25,50,10
28,8224,0.0015750196183745542,0.24060255730140967,0.038811279212693874,0.7190111438675205,25,50,10
28,8225,0.0015689977848994006,0.24060255730135768,0.03881127642630509,0.7190171684874366,25,50,10
28,8226,0.0015708492970591117,0.24060255730142768,0.03881128226867434,0.7190153111328377,25,50,10
28,8227,0.001570954821756421,0.240602557301463,0.03881128285235387,0.719015205024425,25,50,10
28,8228,0.001576986892447395,0.24060255730142763,0.03881128358865579,0.7190091722174674,25,50,10
28,8229,0.0015768830766740422,0.24060255730137134,0.038811279442447826,0.7190092801795055,25,50,10
28,8230,0.0015768491642233662,0.24060255730135258,0.038811278079026686,0.719009315455396,25,50,10
28,8231,0.0015707873194093236,0.24060255730130126,0.0388112773728711,0.7190153780064169,25,50,10
28,8232,0.001554430844867844,0.24060255730110328,0.03881126107327286,0.7190317507807547,25,50,10
28,8233,0.0015485431653423972,0.24060255730110328,0.03881126108012054,0.7190376384534324,25,50,10
28,8234,0.0015483627287901395,0.24060255730106792,0.038811256163214326,0.7190378238069264,25,50,10
28,8235,0.0015442651025272128,0.24060255730124439,0.038811268972569674,0.7190419086236574,25,50,10
28,8236,0.0015443724406639203,0.24060245142201708,0.03881126752905999,0.7190419086082578,25,50,10
28,8237,0.0015386146035270155,0.24060820526915538,0.03881127152745064,0.7190419085998658,25,50,10
28,8238,0.0015387552655767452,0.24060820526920954,0.038811275465492165,0.7190417639997203,25,50,10
28,8239,0.002215048219130718,0.23980109917610495,0.03894207220112517,0.7190417804036382,25,50,10
28,8240,0.0011784302786188674,0.23980109909945269,0.03997870723017348,0.7190417633917541,25,50,10
28,8241,0.0013258971010666485,0.2398010991058909,0.03997931727636121,0.7188936865166804,25,50,10
28,8242,0.0008699425450355093,0.23980109910065597,0.039978881215564706,0.719350077138743,25,50,10
28,8243,0.0008640542322860589,0.23980109910065506,0.03997888115175521,0.719355965515303,25,50,10
28,8244,0.0008641629994434974,0.23980109910063813,0.03997888094222326,0.719355856957695,25,50,10
28,8245,0.0008645830339949519,0.23980109910072922,0.03997888763941567,0.7193554302258603,25,50,10
28,8246,0.0008584859416750129,0.23980719608115952,0.03997888775096808,0.7193554302261975,25,50,10
28,8247,0.0008505268812934973,0.23981516288243984,0.03997888001475208,0.7193554302215149,25,50,10
28,8248,0.0008447067050923571,0.23981516288247515,0.03997888265328857,0.7193612477591443,25,50,10
28,8249,0.0008507357908312159,0.23981516288249582,0.039978884187426844,0.7193552171392464,25,50,10
28,8250,0.0008469657962963443,0.23981516288265822,0.03997894398068255,0.7193589273403633,25,50,10
28,8251,0.0008510274553982186,0.23981516288260593,0.0399789392622984,0.7193548703996981,25,50,10
28,8252,0.0008450020306625613,0.2398211901639654,0.03997893741535386,0.719354870390019,25,50,10
28,8253,0.0008369151894738336,0.23982928914228563,0.03997892527926258,0.7193548703889787,25,50,10
28,8254,0.0008389091435234201,0.23982928914244458,0.039978936800248485,0.7193528649137839,25,50,10
28,8255,0.0008607345542986316,0.2398074497812571,0.03997895073154999,0.7193528649328946,25,50,10
28,8256,0.0008648340025934292,0.23980744978109686,0.03997893914559931,0.7193487770707107,25,50,10
28,8257,0.0008706874805305298,0.23980744978102553,0.03997893495880754,0.7193429277796365,25,50,10
28,8258,0.0008705461528616007,0.23980744978100482,0.039978933417132406,0.7193430706490014,25,50,10
28,8259,0.000870440697115494,0.23980755546309085,0.039978933195553984,0.7193430706442396,25,50,10
28,8260,0.0008627356522020842,0.23980755546302235,0.03997892829345345,0.7193507805913221,25,50,10
28,8261,0.0008628728087399972,0.23980741699366587,0.039978929601431956,0.7193507805961622,25,50,10
28,8262,0.0008564614184876658,0.23980741699355673,0.03997892277677737,0.7193571988111781,25,50,10
28,8263,0.0008564671338749348,0.2398074112695029,0.03997892278075695,0.7193571988158652,25,50,10
28,8264,0.0008561882386971812,0.23980741126941107,0.03997891732954424,0.7193574831623475,25,50,10
28,8265,0.0008561887406340243,0.23980741126941202,0.039978917358638,0.719357482631316,25,50,10
28,8266,0.000856047514645976,0.23980741126941107,0.03997891626753676,0.7193576249484062,25,50,10
28,8267,0.0008562651633740058,0.23980741126937605,0.03997891775122524,0.7193574058160247,25,50,10
28,8268,0.0013326648982814394,0.2398074112766106,0.039502517415135704,0.7193574064099719,25,50,10
28,8269,0.0013346205803473007,0.2398054498487652,0.039502523156416995,0.7193574064144702,25,50,10
28,8270,0.001334618730509455,0.2398054498487652,0.03950252315694788,0.7193574082637773,25,50,10
28,8271,0.0013429962787636003,0.23980544984881874,0.03950253261434534,0.7193490212580724,25,50,10
28,8272,0.0011956676824904752,0.23980544984243474,0.03950192650457801,0.7194969559704971,25,50,10
28,8273,0.0011958057115148504,0.23980531106809444,0.039501927249807535,0.7194969559705835,25,50,10
28,8274,0.0012039013780605682,0.23979720877629276,0.03950193387489299,0.7194969559707539,25,50,10
28,8275,0.0011959120817089932,0.23980520524875126,0.03950192670838905,0.719496955961151,25,50,10
28,8276,0.001195883845460291,0.23980523395739076,0.03950192623123546,0.7194969559659137,25,50,10
28,8277,0.0012002969243754492,0.23980082356875193,0.03950192355023264,0.7194969559566404,25,50,10
28,8278,0.0012002245534023016,0.23980082356873467,0.03950192232213067,0.7194970295557327,25,50,10
28,8279,0.0012001167552876002,0.23980093127135768,0.03950192241763001,0.719497029555725,25,50,10
28,8280,0.001200119200799487,0.23980092880997186,0.039501922433505615,0.7194970295557234,25,50,10
28,8281,0.0012123494450034557,0.23980092880992057,0.03950191878465378,0.7194848029604227,25,50,10
28,8282,0.0012123444855212135,0.23980092880992082,0.03950191675719645,0.7194848099473622,25,50,10
28,8283,0.001218232841131482,0.23979504082615682,0.03950191639019505,0.7194848099425173,25,50,10
28,8284,0.001683867357215486,0.23979504083052597,0.03950229185514538,0.7190187999571138,25,50,10
28,8285,0.0016620780430181667,0.23979504083042127,0.03950228136271238,0.7190405997638492,25,50,10
28,8286,0.001648247020346703,0.23979504083035125,0.039502275416438165,0.719054436732865,25,50,10
28,8287,0.0016439754333292254,0.23979504083045544,0.03950228262021584,0.7190587011160007,25,50,10
28,8288,0.001777365607650127,0.23979504083486272,0.039502658173644095,0.7189249353838444,25,50,10
28,8289,0.0017770065393402173,0.23979530476279376,0.03950275218026597,0.7189249365176014,25,50,10
28,8290,0.0017828622692487451,0.239795304762775,0.03950275082298241,0.7189190821449951,25,50,10
28,8291,0.0017853230499841452,0.23979530476285218,0.03950275683564977,0.7189166153515152,25,50,10
28,8292,0.0017699123952307902,0.23981072459434796,0.03950274767734715,0.7189166153330754,25,50,10
28,8293,0.001769842919143382,0.23981072459429784,0.03950274799517507,0.7189166844913847,25,50,10
28,8294,0.0017617121447961947,0.23981072459417174,0.03950273881192568,0.7189248244491072,25,50,10
28,8295,0.00178552497693948,0.23981072459438368,0.039502757039755976,0.7189009933889217,25,50,10
28,8296,0.0017795671713492906,0.23981072459441904,0.039502758753364085,0.7189069494808684,25,50,10
28,8297,0.0018034966200226646,0.23978666413143887,0.0395028897481503,0.718906949500389,25,50,10
28,8298,0.0018034695799822426,0.23978678953159793,0.03950279252204214,0.7189069483663785,25,50,10
28,8299,0.00178409924251884,0.23978678952748655,0.03950275218636884,0.7189263590436267,25,50,10
28,8300,0.0017838576450878985,0.23978703211430863,0.039502751197136,0.7189263590434684,25,50,10
28,8301,0.0017837865997838332,0.23978703211427477,0.039502753093408526,0.7189264281925337,25,50,10
28,8302,0.0017794279939403767,0.2397870321140945,0.03950274110210964,0.718930798789856,25,50,10
28,8303,0.0016653038329461495,0.23978703211381583,0.03950240618092865,0.71904525787231,25,50,10
28,8304,0.0016651950304389317,0.23978703211383265,0.0395024063821212,0.7190453664736073,25,50,10
28,8305,0.001667090044029962,0.23978703211391814,0.03950244889568702,0.719043428946365,25,50,10
28,8306,0.0016709437135087385,0.23978703211406008,0.03950246108448264,0.7190395630879489,25,50,10
28,8307,0.0016650510778940671,0.23979273426049885,0.03950265157357923,0.7190395630880283,25,50,10
28,8308,0.0011934563360988563,0.23979273425616573,0.03950227771434418,0.7195115316933917,25,50,10
28,8309,0.0011933852259326946,0.23979299065065082,0.039502092430013507,0.7195115316934034,25,50,10
28,8310,0.0011933833237005103,0.2397929906506514,0.039502092437112946,0.7195115335885356,25,50,10
28,8311,0.0011934588714991236,0.23979291900313926,0.03950208853223627,0.7195115335931258,25,50,10
28,8312,0.0011993442590700126,0.2397929190031386,0.039502088494764546,0.7195056482430274,25,50,10
28,8313,0.0012072919222269538,0.23979291900320868,0.03950209450019605,0.7194976945743692,25,50,10
28,8314,0.0012069680466551928,0.23979291900317087,0.03950204385037617,0.7194980690997981,25,50,10
28,8315,0.0012029385623193508,0.23979291900324,0.03950204980528784,0.7195020926291531,25,50,10
28,8316,0.0012031185380790399,0.23979272444854988,0.039502064383611174,0.7195020926297603,25,50,10
28,8317,0.001203080717890782,0.2397853024243856,0.03950952422831229,0.7195020926294119,25,50,10
28,8318,0.0012052191913735726,0.23978530242422633,0.039509511763079146,0.7194999666213212,25,50,10
28,8319,0.0013166096513432604,0.23978530242936394,0.03950999192700162,0.7193880959922919,25,50,10
28,8320,0.0012922944456447,0.23980975191737158,0.03950985766464024,0.7193880959723442,25,50,10
28,8321,0.0013045632900513058,0.2398097519174099,0.039509887904045325,0.7193757968884938,25,50,10
28,8322,0.0012963260601955128,0.23980975191732093,0.03950985206122286,0.719384069961261,25,50,10
28,8323,0.001296465587925323,0.23980975191734027,0.039509853483957025,0.7193839290107779,25,50,10
28,8324,0.0012904409324047685,0.23981577756771727,0.03950985248441942,0.7193839290154591,25,50,10
28,8325,0.0012964331252676021,0.23981577756773415,0.03950985258000484,0.7193779367269936,25,50,10
28,8326,0.001296470403184117,0.23981577756774952,0.03950985322846851,0.7193778988005977,25,50,10
28,8327,0.0013068396464504337,0.23981577756791528,0.039509868005039486,0.7193675147805947,25,50,10
28,8328,0.001308871448861308,0.23981577756912972,0.039509876711120585,0.7193654742708881,25,50,10
28,8329,0.0013148297879032166,0.23981577756909403,0.03950987508086302,0.7193595175621393,25,50,10
28,8330,0.001334935900982314,0.23981577756923717,0.03950984660230687,0.7193394399274733,25,50,10
28,8331,0.001329191231960849,0.23981577756925726,0.039509848094546926,0.7193451831042345,25,50,10
28,8332,0.001315634154928843,0.2398157775692242,0.03950984480853542,0.7193587434673114,25,50,10
28,8333,0.001307505958572032,0.23981577756915382,0.039509837114769596,0.7193668793575044,25,50,10
28,8334,0.001307379578419547,0.23981577756915512,0.03950983532976614,0.719367007522659,25,50,10
28,8335,0.0013318515922447363,0.23981577756924724,0.03950988089993612,0.7193424899385719,25,50,10
28,8336,0.001307418207603548,0.23981577756910102,0.039509832421620775,0.7193669718016747,25,50,10
28,8337,0.0013076682748696163,0.23981577756908445,0.03950983430355953,0.7193667198524867,25,50,10
28,8338,0.0010614191555289995,0.23981602912088515,0.03975583243573058,0.7193667192878559,25,50,10
28,8339,0.0010614549751730782,0.23981602912090022,0.03975583049663276,0.7193666854072941,25,50,10
28,8340,0.0015111886989306537,0.23981602912711872,0.039756339452454756,0.7189164427214959,25,50,10
28,8341,0.0012808271602951444,0.2398157777692392,0.03998695237812353,0.718916442692342,25,50,10
28,8342,0.0012749388385448978,0.23981577776931243,0.039986956776770596,0.718922326615372,25,50,10
28,8343,0.0012709754519259096,0.23981973298660414,0.03998696493624735,0.7189223266252229,25,50,10
28,8344,0.0012709006343627465,0.23981980586244614,0.03998696688281765,0.7189223266203737,25,50,10
28,8345,0.0012786044658798055,0.2398198058625697,0.03998697371158292,0.718914615959968,25,50,10
28,8346,0.0012487299287499984,0.2398497019034374,0.03998695223644526,0.7189146159313671,25,50,10
28,8347,0.0012428782974434846,0.23984970190350882,0.0399869564285432,0.7189204633705042,25,50,10
28,8348,0.0012489071894124333,0.23984970190343652,0.03998695310484948,0.7189144378023012,25,50,10
28,8349,0.0012628460752078738,0.23983575673162758,0.03998695937658848,0.7189144378165757,25,50,10
28,8350,0.0012714023183480342,0.23983576104743423,0.03997839881205015,0.7189144378221674,25,50,10
28,8351,0.0015136799137215606,0.23983576105052773,0.03997895141168307,0.7186716076240675,25,50,10
28,8352,0.0015283186762256875,0.23982108582062767,0.03997898786457477,0.7186716076385715,25,50,10
28,8353,0.0015282465081725366,0.23982108582061104,0.039978985999082665,0.7186716816721335,25,50,10
28,8354,0.0015286003078676372,0.23982073115934197,0.03997898684109035,0.7186716816916997,25,50,10
28,8355,0.0015147264086553796,0.2398346006777733,0.03997899123589801,0.718671681677673,25,50,10
28,8356,0.0015286715590297434,0.23983460067973586,0.03997907722765056,0.7186576505335838,25,50,10
28,8357,0.0015159242531969709,0.23984737669537096,0.03997904851355877,0.7186576505378732,25,50,10
28,8358,0.001509964777264426,0.2398473766953528,0.03997904920832045,0.7186636093190627,25,50,10
28,8359,0.001375218797233158,0.23984737669018583,0.03997856318459485,0.7187988413279867,25,50,10
28,8360,0.0013812115993061915,0.23984139104593308,0.03997855602677233,0.7187988413279889,25,50,10
28,8361,0.001403030050078349,0.23981955871630667,0.03997856987615004,0.7187988413574652,25,50,10
28,8362,0.0014091614202073719,0.23981342714659967,0.03997857009478705,0.7187988413384063,25,50,10
28,8363,0.0014030634879916865,0.23982699430413373,0.03997110086963937,0.7187988413382358,25,50,10
28,8364,0.0014090552950402075,0.23982699430416904,0.03997110141273656,0.7187928489880548,25,50,10
28,8365,0.0014087076664592321,0.23982699430404444,0.03997109230675213,0.7187932057227446,25,50,10
28,8366,0.0014067364859328075,0.23982699430392032,0.03997108526665791,0.7187951839434892,25,50,10
28,8367,0.0014006560281624556,0.23982699430391954,0.039971086084201975,0.7188012635837157,25,50,10
28,8368,0.0014145646859054517,0.23981308406453508,0.03997108765649351,0.7188012635930657,25,50,10
28,8369,0.0014282618234329244,0.2398130840645879,0.0399710924013698,0.7187875617106093,25,50,10
28,8370,0.0014339017698971651,0.23981308406456722,0.03997109085209647,0.7187819233134388,25,50,10
28,8371,0.0014397901660311615,0.2398130840645801,0.03997108774109262,0.7187760380282961,25,50,10
28,8372,0.0014398949355293386,0.23981308406458132,0.03997108786068405,0.7187759331392053,25,50,10
28,8373,0.0014338310246022267,0.23981308406465232,0.03997109107836333,0.7187819938323821,25,50,10
28,8374,0.0014398991733800507,0.23981308406465204,0.039971090063564196,0.7187759266984037,25,50,10
28,8375,0.0014258503767928966,0.2398130840645463,0.039971083439207716,0.7187899821194529,25,50,10
28,8376,0.0014457464468031675,0.2397931824007527,0.0399710890136169,0.718789982138827,25,50,10
28,8377,0.0014614648951643142,0.2397931824008529,0.03997109820115095,0.7187742545028318,25,50,10
28,8378,0.0014674565460529151,0.2397931824008879,0.039971098741306804,0.7187682623117521,25,50,10
28,8379,0.0014456355131854122,0.23981501868674762,0.03997108352230647,0.7187682622777604,25,50,10
28,8380,0.0014536221337002283,0.23980702566008494,0.03997108991877101,0.7187682622874436,25,50,10
28,8381,0.0014538671609531225,0.23980702566006837,0.03997109072837732,0.7187680164506008,25,50,10
28,8382,0.0014538348595826093,0.23980702566005183,0.03997108947485561,0.7187680500055096,25,50,10
28,8383,0.001449806389033306,0.23980702566013976,0.03997109677518737,0.7187720711756392,25,50,10
28,8384,0.0014557942589714596,0.23980103143528556,0.039971103129851665,0.718772071175891,25,50,10
28,8385,0.0015893280075531433,0.23966712525793657,0.03997147496457695,0.7187720717699332,25,50,10
28,8386,0.0015892514213662486,0.23966712525791936,0.039971477754304124,0.7187721455664098,25,50,10
28,8387,0.001589357719964837,0.23966712525790088,0.039971477461876646,0.7187720395602571,25,50,10
28,8388,0.00157349225214387,0.23966712525779862,0.03997146807808531,0.7187879144119718,25,50,10
28,8389,0.0015518068273236512,0.23968882301455427,0.039971455765097544,0.718787914393024,25,50,10
28,8390,0.001545821556627035,0.2396948140888647,0.03997144995704571,0.718787914397462,25,50,10
28,8391,0.0015518131306342285,0.2396948140888988,0.03997145044141365,0.7187819223390528,25,50,10
28,8392,0.001549711214014306,0.23969481408909318,0.039971490707241264,0.7187839839896512,25,50,10
28,8393,0.001549607601322974,0.23969481408907597,0.03997149044232261,0.7187840878672788,25,50,10
28,8394,0.0015436449703641164,0.23969481408911256,0.03997149209739445,0.7187900488431288,25,50,10
28,8395,0.0015515645717133777,0.23969481408916482,0.03997149682052272,0.7187821245185991,25,50,10
28,8396,0.001573462590685838,0.23969481408921633,0.03997150399515761,0.7187602193249402,25,50,10
28,8397,0.0015735674751864153,0.2396948140892527,0.039971502556283546,0.7187601158792772,25,50,10
28,8398,0.0015737091029453323,0.2396948140893618,0.03997151059852315,0.7187599662091695,25,50,10
28,8399,0.0015799128625573807,0.23969481408936213,0.039971509551813084,0.7187537634962672,25,50,10
28,8400,0.001573499363463808,0.239701230603837,0.03997150653234095,0.7187537635003578,25,50,10
28,8401,0.0015736374794228256,0.23970123060383663,0.039971506516938635,0.7187536253998011,25,50,10
28,8402,0.0015735020180317613,0.23970136221717644,0.03997151036029298,0.7187536254044979,25,50,10
28,8403,0.0015693672793219754,0.23970136221724606,0.03997152298869364,0.7187577475147374,25,50,10
28,8404,0.0015633739135589087,0.2397013622172814,0.03997152356618147,0.7187637403029773,25,50,10
28,8405,0.0015674006882365667,0.2396973423718053,0.039971516656034184,0.7187637402839231,25,50,10
28,8406,0.0015674013124885025,0.23969734237180682,0.03997151678456608,0.7187637395311377,25,50,10
28,8407,0.0013271213548892357,0.23969734236742923,0.039970949495049,0.7190045867826315,25,50,10
28,8408,0.0013271207555079498,0.23969734236742862,0.03997094944873739,0.719004587428325,25,50,10
28,8409,0.0013268775866785104,0.23969734236744522,0.03997094868519274,0.7190048313606826,25,50,10
28,8410,0.0013327628844470255,0.23969145708300094,0.03997094867187099,0.71900483136068,25,50,10
28,8411,0.0013368933007404174,0.2396914570828964,0.03997094106551209,0.7190007085508506,25,50,10
28,8412,0.001336890752043841,0.2396914596941531,0.03997094100270935,0.7190007085510933,25,50,10
28,8413,0.0013430484794256406,0.23969145969433467,0.039970957974599035,0.7189945338516404,25,50,10
28,8414,0.00134122303428181,0.23969145969430286,0.03997094712033529,0.7189963701510798,25,50,10
28,8415,0.001341120530556234,0.23969145969437392,0.039970952306182604,0.7189964674688869,25,50,10
28,8416,0.0013168072449547376,0.2396914596922462,0.039970851538223766,0.7190208815245753,25,50,10
28,8417,0.001316913948752818,0.23969145969224495,0.0399708515009831,0.7190207748580191,25,50,10
28,8418,0.0013167763795086601,0.23969145969220648,0.039970849705876416,0.7190209142224083,25,50,10
28,8419,0.001316772635818299,0.23969145969220648,0.03997084967359574,0.7190209179983793,25,50,10
28,8420,0.0013107488707261475,0.23969748418865205,0.03997084894223836,0.7190209179983833,25,50,10
28,8421,0.0012906381991861517,0.23969748418859768,0.039970843475552555,0.7190410341366631,25,50,10
28,8422,0.0013009994000551697,0.23969748419072437,0.039970905655604974,0.719030610753615,25,50,10
28,8423,0.0008351870922774432,0.2396974841842926,0.03997037939037977,0.7194969493330499,25,50,10
28,8424,0.0013012339843453257,0.23969748418942222,0.039970782665027536,0.7190304991612047,25,50,10
28,8425,0.001161745931044609,0.23983734828168626,0.039970407220274146,0.7190304985669949,25,50,10
28,8426,0.0011618840187086175,0.23983734828172254,0.039970408878338824,0.7190303588212299,25,50,10
28,8427,0.001175686988813291,0.2398373482817028,0.03997040832542227,0.7190165564040611,25,50,10
28,8428,0.0011756832267019828,0.23983734828170278,0.039970408326329934,0.719016560165265,25,50,10
28,8429,0.0011598537398493846,0.23985319155722537,0.03997039456672677,0.7190165601361982,25,50,10
28,8430,0.0006937703085493259,0.23985319155206086,0.039969963513023135,0.7194830746263663,25,50,10
28,8431,0.00068792061329678,0.23985319155209583,0.03996996519662724,0.7194889226379795,25,50,10
28,8432,0.0006881661208905154,0.2398531915521325,0.03996996684820926,0.7194886754787668,25,50,10
28,8433,0.0006880930316664124,0.23985319155215096,0.03996996816292493,0.719488747253257,25,50,10
28,8434,0.0006840683237102921,0.23985720897018442,0.039969975438308554,0.7194887472677961,25,50,10
28,8435,0.000697843806451806,0.23985720897019916,0.03996997942730287,0.7194749677960455,25,50,10
28,8436,0.0006918852386642363,0.23985720897023516,0.039969982011105916,0.7194809237799943,25,50,10
28,8437,0.0006918501874249599,0.2398572089702154,0.039969980579509484,0.7194809602628496,25,50,10
28,8438,0.0009274931389351975,0.23985720453377027,0.03973434146791297,0.7194809608593806,25,50,10
28,8439,0.0009275237501560939,0.239857172610119,0.039734342775667765,0.7194809608640562,25,50,10
28,8440,0.0009336570572902515,0.239857172610103,0.03973434361455193,0.7194748267180541,25,50,10
28,8441,0.0009336964707161509,0.23985713228824118,0.039734344523068364,0.7194748267179736,25,50,10
28,8442,0.0009456783707998605,0.23984514951407068,0.03973434540693405,0.7194748267081947,25,50,10
28,8443,0.0009516697900526445,0.23983915771220332,0.039734345784786844,0.7194748267129563,25,50,10
28,8444,0.0009377249213615914,0.23985311105446094,0.03973433732057739,0.7194748267035993,25,50,10
28,8445,0.0006994843752246503,0.2398531109738501,0.03997257854502911,0.7194748261058953,25,50,10
28,8446,0.000711688258279506,0.23985311541701926,0.03996037020326007,0.7194748261214403,25,50,10
28,8447,0.0007116580770953033,0.2398531154169992,0.03996036878448773,0.7194748577214172,25,50,10
28,8448,0.0009453158391746398,0.26095161969828395,0.018628206156719077,0.7194748583058225,25,50,10
28,8449,0.0014096672266120502,0.26095161969842684,0.01862838135278326,0.719010331722178,25,50,10
28,8450,0.0013957259884753777,0.2609516196983399,0.018628375042282323,0.7190242792709023,25,50,10
28,8451,0.0013955841366126375,0.2609516196983208,0.018628373666332906,0.7190244224987334,25,50,10
28,8452,0.0013896988155137216,0.26095161969832115,0.018628373662760114,0.7190303078234049,25,50,10
28,8453,0.001395720796691189,0.26094559689545027,0.018628374484372708,0.7190303078234858,25,50,10
28,8454,0.0009451448490037274,0.26094559689530444,0.018628201994432738,0.7194810562612589,25,50,10
28,8455,0.0009533414059009365,0.26093738558599683,0.01862821674620656,0.7194810562618954,25,50,10
28,8456,0.0009496307317365121,0.26093738558594554,0.018628211174395334,0.7194847725079224,25,50,10
28,8457,0.0009437786564707323,0.2609373855859637,0.018628212480019772,0.7194906232775454,25,50,10
28,8458,0.000943781047975635,0.2609373855859822,0.01862821383832147,0.7194906195277203,25,50,10
28,8459,0.0009437809463785099,0.26093738567359964,0.01862821385238308,0.7194906195276383,25,50,10
28,8460,0.0016173389892508775,0.27887951932950433,1.252047853028779e-05,0.7194906212027139,25,50,10
28,8461,0.0016096328008313818,0.278879519329417,1.2516252784260326e-05,0.7194983316169664,25,50,10
28,8462,0.0016093857494759187,0.278879519329434,1.2514454019519621e-05,0.7194985804670698,25,50,10
28,8463,0.0006840875664636512,0.2798163638241576,9.70421495190466e-07,0.7194985781878828,25,50,10
28,8464,0.0006899806847208788,0.27981047481540744,9.66311582345604e-07,0.7194985781882888,25,50,10
28,8465,0.000912679715753696,0.2795874508656426,1.2912009254765434e-06,0.7194985782176776,25,50,10
28,8466,0.0009153793165666207,0.279584718517983,1.323937596110724e-06,0.7194985782278536,25,50,10
28,8467,0.0009094945397594196,0.27958471851798355,1.323974551789949e-06,0.7195044629677045,25,50,10
28,8468,0.0009093811849136379,0.27958483194708433,1.3239007129855027e-06,0.7195044629672883,25,50,10
28,8469,0.0009096299018901962,0.27958444741172556,1.4597283556638312e-06,0.7195044629580276,25,50,10
28,8470,0.0009028670867804675,0.27959123676453346,1.4331914737297993e-06,0.7195044629572114,25,50,10
28,8471,0.001048022940814834,0.2795912367708967,1.938076902529872e-06,0.7193588022113852,25,50,10
28,8472,0.0010541535642738077,0.2795912367708798,1.9388022577863346e-06,0.7193526708625878,25,50,10
28,8473,0.0010519106672447335,0.2795934912418656,1.9272144833905462e-06,0.7193526708764056,25,50,10
28,8474,0.0010579044413065262,0.2795874975403611,1.9271420218053416e-06,0.71935267087631,25,50,10
28,8475,0.0010559766920780016,0.27958749754029233,1.9222111004395013e-06,0.7193546035565289,25,50,10
28,8476,0.001965382338392407,0.27958749754457785,2.568826858952721e-06,0.7184445512901706,25,50,10
28,8477,0.0019516069702749917,0.279587497544652,2.571332932744028e-06,0.7184583241521401,25,50,10
28,8478,0.0019655569817544414,0.27958749754472045,2.5804011623690905e-06,0.7184443650723625,25,50,10
28,8479,0.0018222913695370572,0.27958749753841067,2.142055217400394e-06,0.7185880690368346,25,50,10
28,8480,0.0018082436116465875,0.2795874975382875,2.1362609149763673e-06,0.718602122589151,25,50,10
28,8481,0.001808110597075665,0.2795874975382882,2.1334779857457812e-06,0.7186022583866505,25,50,10
28,8482,0.0018080044524213035,0.2795874975381237,2.1223995535705633e-06,0.7186023756099011,25,50,10
28,8483,0.0008986114107826146,0.2795874975338413,1.4761249780963275e-06,0.7195124149303976,25,50,10
28,8484,0.0009026423301696432,0.2795834733531573,1.4693908663094156e-06,0.7195124149258068,25,50,10
28,8485,0.0009026472451959505,0.27958347335315703,1.4714138179708076e-06,0.7195124079878288,25,50,10
28,8486,0.0008889381893657046,0.27958347335312383,1.4639789021839972e-06,0.7195261244786079,25,50,10
28,8487,0.0008888345393178167,0.27958347335310635,1.463728488447314e-06,0.7195262283790871,25,50,10
28,8488,0.0008829685821352126,0.2795834733531216,1.4647584395015348e-06,0.7195320933063033,25,50,10
28,8489,0.000888859745593473,0.2795834733531569,1.4673389672196322e-06,0.7195261995622819,25,50,10
28,8490,0.0008887204486417846,0.2795834733531582,1.4664199390423714e-06,0.7195263397782603,25,50,10
28,8491,0.0008946791353571558,0.27958347335317446,1.4655738518444945e-06,0.7195203819376159,25,50,10
28,8492,0.0008886474571788526,0.27958950608160366,1.4645236844588325e-06,0.7195203819375325,25,50,10
28,8493,0.0008886449626744346,0.27958950865337323,1.4644465902099567e-06,0.7195203819373617,25,50,10
28,8494,0.0009025868554389616,0.27958950865338816,1.470325014508184e-06,0.7195064341661579,25,50,10
28,8495,0.001376451519492405,0.2791154141508175,1.7001437648774005e-06,0.719506434185925,25,50,10
28,8496,0.0013763812052040613,0.27911548014889365,1.7044598915422216e-06,0.7195064341860103,25,50,10
28,8497,0.001370425099445494,0.27912143907846954,1.7016459340144206e-06,0.7195064341761508,25,50,10
28,8498,0.001372003876536053,0.27911998616103767,1.575753026209334e-06,0.7195064342094001,25,50,10
28,8499,0.0015032191004378268,0.2791199861674927,2.0685448103523783e-06,0.7193747261872594,25,50,10
28,8500,0.0014970848681996388,0.27911998616751016,2.065769600937747e-06,0.7193808631946894,25,50,10
28,8501,0.0014909877825319507,0.2791199861675085,2.0656970588874602e-06,0.7193869603529006,25,50,10
28,8502,0.001496945566662171,0.27911998616747286,2.0640555523323406e-06,0.7193810042103129,25,50,10
28,8503,0.0014865880648141621,0.27911998616534606,2.001864150162385e-06,0.7193914239056899,25,50,10
28,8504,0.0014905799637640802,0.2791199861652924,1.9353068101906504e-06,0.7193874985641335,25,50,10
28,8505,0.0012639122630993208,0.27934697151847704,1.6176790901928278e-06,0.7193874985393337,25,50,10
28,8506,0.001267873472678789,0.2793430178183956,1.6101746110224906e-06,0.7193874985343147,25,50,10
28,8507,0.0012678716126500221,0.2793430178183956,1.610172584524841e-06,0.71938750039637,25,50,10
28,8508,0.0007940138911216195,0.27981710579680974,1.3799399706292898e-06,0.7193875003720983,25,50,10
28,8509,0.0007881248824214113,0.2798229951682486,1.3795819056277691e-06,0.7193875003674246,25,50,10
28,8510,0.0008022112986788527,0.27982299516831893,1.3866273962006848e-06,0.7193734069056061,25,50,10
28,8511,0.0008023493942744125,0.2798229951683564,1.3894525313865315e-06,0.7193732659848376,25,50,10
28,8512,0.000796489039046126,0.2798288538923097,1.391074538343367e-06,0.7193732659941057,25,50,10
28,8513,0.0007924965649196599,0.2798288538924161,1.399715369525154e-06,0.7193772498272945,25,50,10
28,8514,0.0007965200046516339,0.27982484188128615,1.3883158602208211e-06,0.7193772497982017,25,50,10
28,8515,0.0007984496024340927,0.2798248418813934,1.3959636855801118e-06,0.7193753125524868,25,50,10
28,8516,0.0008043325812372218,0.2798248418813389,1.3919939122683732e-06,0.7193694335435116,25,50,10
28,8517,0.0008003057589117118,0.2798248418814099,1.3981361453258478e-06,0.7193734542235329,25,50,10
28,8518,0.0008003402136977674,0.2798248056355284,1.3999176329952459e-06,0.7193734542331407,25,50,10
28,8519,0.0008003356092457627,0.2798248056355484,1.3993554249233984e-06,0.719373459399781,25,50,10
28,8520,0.0008021580354367688,0.27982297871501993,1.4038500153676734e-06,0.7193734593995282,25,50,10
28,8521,0.0008080127292295655,0.27981712543908654,1.4024372529631914e-06,0.7193734593944311,25,50,10
28,8522,0.0008080432625205294,0.27981712543910564,1.4038356805281926e-06,0.7193734274626935,25,50,10
28,8523,0.0006927978539342798,0.2798171254328455,9.261085363464985e-07,0.7194891506046842,25,50,10
28,8524,0.0006945116660474515,0.2798171254328442,9.279459735268303e-07,0.7194874349551355,25,50,10
28,8525,0.0007083489946579747,0.279817125432949,9.364855144919651e-07,0.7194735890868789,25,50,10
28,8526,0.000702425879596999,0.2798171254328958,9.326096143225802e-07,0.7194795160778931,25,50,10
28,8527,0.0007104879660503581,0.27981712543296716,9.387215330242309e-07,0.7194714478794495,25,50,10
28,8528,0.002046773004733501,0.27981712543424575,1.468260804224501e-06,0.7181346333002167,25,50,10
28,8529,0.002052870073580827,0.27981103173265054,1.4648935556820101e-06,0.7181346333002131,25,50,10
28,8530,0.002039170401465025,0.2798110317325632,1.45766601097041e-06,0.7181483401999609,25,50,10
28,8531,0.0020471213188055057,0.27980306958547707,1.468866693919655e-06,0.7181483402290236,25,50,10
28,8532,0.0020349734827160475,0.27980306958540485,1.5140978580628175e-06,0.7181604428340207,25,50,10
28,8533,0.0029409804010874763,0.2798030695896078,2.0125875052156473e-06,0.7172539374217992,25,50,10
28,8534,0.0029271433778800273,0.2798030695895569,2.006929467904645e-06,0.7172677801030949,25,50,10
28,8535,0.0030605583566471924,0.2796692794258813,2.3815296758031145e-06,0.7172677806877954,25,50,10
28,8536,0.0030603151802376743,0.27966927942584596,2.3799188637695207e-06,0.7172680254750523,25,50,10
28,8537,0.0030604283455386598,0.27966927942579284,2.381121080095323e-06,0.7172679111075881,25,50,10
28,8538,0.0030465880370593506,0.2796692794257206,2.3749404832617606e-06,0.7172817575967365,25,50,10
28,8539,0.0030407365501263733,0.2796751303665145,2.375491135805145e-06,0.7172817575922231,25,50,10
28,8540,0.002921162492741061,0.27979507385266267,2.0066422306744268e-06,0.7172817570123654,25,50,10
28,8541,0.0029428479399673715,0.27979507385276703,2.0181435325729506e-06,0.7172600600637327,25,50,10
28,8542,0.0029427683295278084,0.27979507385274943,2.0188556867684755e-06,0.7172601389620357,25,50,10
28,8543,0.002948651780815984,0.2797950738527485,2.018770601553228e-06,0.7172542555958334,25,50,10
28,8544,0.002948651766733944,0.2797950738306582,2.0188067768436622e-06,0.7172542555958304,25,50,10
28,8545,0.0029504737760077606,0.2797950738305813,1.960972006722896e-06,0.7172524914214037,25,50,10
28,8546,0.002950440571474715,0.2797950738305809,1.957850318642667e-06,0.7172525277476245,25,50,10
28,8547,0.0029550294304452425,0.27979507383067526,1.9606432120008267e-06,0.7172479360956665,25,50,10
28,8548,0.0029568889546529014,0.2797932082583895,1.966681848253015e-06,0.7172479361051084,25,50,10
28,8549,0.002956890888670583,0.2797932082583889,1.9666913999702813e-06,0.7172479341615398,25,50,10
28,8550,0.0029568198866224697,0.27979320825837284,1.9675441887764412e-06,0.7172480043108151,25,50,10
28,8551,0.002956817961301765,0.2797932098086706,1.9679144545205843e-06,0.7172480043155726,25,50,10
28,8552,0.0016186413582735834,0.27979320980728595,1.4297231814985623e-06,0.7185867191112585,25,50,10
28,8553,0.0016027396460206384,0.2797932098072169,1.4207902639963674e-06,0.7186026297564984,25,50,10
28,8554,0.0015991247197035463,0.2797968220288352,1.4235038388897655e-06,0.7186026297476222,25,50,10
28,8555,0.0015976621800881533,0.2797968220290195,1.9090209095141962e-06,0.7186036067699826,25,50,10
28,8556,0.0015896716206231052,0.27979682202894945,1.901946561899224e-06,0.7186116044038653,25,50,10
28,8557,0.0015880974260876857,0.2797968220289354,1.8998025505306036e-06,0.7186131807424264,25,50,10
28,8558,0.0015880992837896885,0.2797968220289354,1.8998023894074797e-06,0.7186131788848859,25,50,10
28,8559,0.0015878807244811299,0.2797968220289704,1.8972874873339532e-06,0.7186133999590614,25,50,10
28,8560,0.0015879463984031217,0.27979682202904294,1.9025462252296474e-06,0.7186133290263288,25,50,10
28,8561,0.0015820604849030367,0.2798027078544441,1.9026340660138229e-06,0.7186133290265869,25,50,10
28,8562,0.0015860525939643641,0.27980270785458583,1.9179334107293726e-06,0.7186093216180389,25,50,10
28,8563,0.0015859093940678347,0.27980270785456574,1.915570856599958e-06,0.7186094671805098,25,50,10
28,8564,0.001579420181042064,0.27980270785429234,1.4235514094458432e-06,0.7186164484132561,25,50,10
28,8565,0.0015733915032651786,0.2798027078542933,1.42568655724836e-06,0.7186224749558844,25,50,10
28,8566,0.0015715320218668224,0.27980457326963587,1.4197620548712222e-06,0.7186224749464425,25,50,10
28,8567,0.0015716696271725727,0.279804434345278,1.4210763425201265e-06,0.718622474951207,25,50,10
28,8568,0.0015854374135840083,0.27980443434527674,1.421857739203811e-06,0.7186087063834001,25,50,10
28,8569,0.0015873672613652254,0.2798044343453621,1.4270565835916557e-06,0.7186067713366888,25,50,10
28,8570,0.0015932924334359174,0.27980443434521907,1.4176333104345778e-06,0.7186008555880344,25,50,10
28,8571,0.001588954671080293,0.27980878647581564,1.4032898501610244e-06,0.7186008555632539,25,50,10
28,8572,0.0015950138352660897,0.2798087864758697,1.4062624069494496e-06,0.7185947934264566,25,50,10
28,8573,0.0015810747769008707,0.27980878647578156,1.399922553118923e-06,0.7186087388247638,25,50,10
28,8574,0.0015889928889009405,0.27980878647585133,1.4058911554378463e-06,0.7186008147440914,25,50,10
28,8575,0.001589133540374831,0.2798086438437117,1.4078813476918045e-06,0.718600814734565,25,50,10
28,8576,0.0015932307098426776,0.27980864384367937,1.4045556075110367e-06,0.7185967208908696,25,50,10
28,8577,0.0016113333369627344,0.27980864384783477,1.5198470442160987e-06,0.7185785029681574,25,50,10
28,8578,0.0016053436445945882,0.2798146332743892,1.5201128609037398e-06,0.7185785029681544,25,50,10
28,8579,0.0016053461355128237,0.2798146332743902,1.5202105350992708e-06,0.7185785003795613,25,50,10
28,8580,0.0016053449057703035,0.2798146332743902,1.520324248780398e-06,0.71857850149559,25,50,10
28,8581,0.0016172214931321474,0.27981463327438577,1.5199398558082588e-06,0.7185666252926258,25,50,10
28,8582,0.0016234585557336886,0.27981463327438577,1.5220935358580814e-06,0.7185603860763442,25,50,10
28,8583,0.00164362592211738,0.27981463327651,1.6741789664146651e-06,0.7185400666224061,25,50,10
28,8584,0.0016435154641060417,0.2798146332767061,1.693385039218923e-06,0.7185401578741487,25,50,10
28,8585,0.0016377707674927338,0.2798203768975749,1.694460606787932e-06,0.7185401578743257,25,50,10
28,8586,0.0016218403002217592,0.2798203768974184,1.6816969876824965e-06,0.718556101105372,25,50,10
28,8587,0.0016158830441655612,0.27982037689748973,1.685884456265034e-06,0.7185620541738884,25,50,10
28,8588,0.0016216290394276986,0.27981463114552935,1.685641325977e-06,0.7185620541737171,25,50,10
28,8589,0.0016295430788687334,0.2798146311455456,1.6877212392221763e-06,0.7185541380543468,25,50,10
28,8590,0.001629480260832428,0.27981463114551064,1.685181571230617e-06,0.7185542034120861,25,50,10
28,8591,0.0016248918562154725,0.2798146311454156,1.6823305454924204e-06,0.718558794667824,25,50,10
28,8592,0.001622857147858692,0.2798146311455576,1.6945793834584448e-06,0.7185608171272005,25,50,10
28,8593,0.0016228220301307144,0.2798146311455564,1.6934434284274627e-06,0.7185608533808847,25,50,10
28,8594,0.001638859853066826,0.2798146311467195,1.7802501427961628e-06,0.7185447287500711,25,50,10
28,8595,0.00075282636014867,0.2798146311425869,1.2908119551864453e-06,0.7194312516853093,25,50,10
28,8596,0.0007466911399735322,0.2798146311426051,1.2889795771071503e-06,0.7194373887378442,25,50,10
28,8597,0.000750861776848056,0.27981046577081925,1.28372384549107e-06,0.7194373887284875,25,50,10
28,8598,0.0007568583734546974,0.2798104657708893,1.286822429217856e-06,0.7194313890332267,25,50,10
28,8599,0.0007368869904800489,0.2798104657708361,1.2779569894624235e-06,0.7194513692816942,25,50,10
28,8600,0.0007368933862106242,0.2798104592954942,1.2780365043147165e-06,0.7194513692817907,25,50,10
28,8601,0.0007231962096925909,0.2798104592954602,1.2747258658316027e-06,0.719465069768981,25,50,10
28,8602,0.0007247719687406268,0.2798088791791621,1.279069091413888e-06,0.7194650697830053,25,50,10
28,8603,0.0007385783997849373,0.2797950606390349,1.2911689054248992e-06,0.7194650697922743,25,50,10
28,8604,0.0007386903626263405,0.27979506063896514,1.2803662916050363e-06,0.7194649686321166,25,50,10
28,8605,0.0007205265945257806,0.27979506063671655,1.1132868533255726e-06,0.7194832994819039,25,50,10
28,8606,0.0007144969085106651,0.27979506063669757,1.1114228859891578e-06,0.7194893310319053,25,50,10
28,8607,0.0007006553512003627,0.27980891071361536,1.102912292364829e-06,0.7194893310228914,25,50,10
28,8608,0.0007067234213809003,0.2798089107136151,1.1019401127689253e-06,0.7194832639248907,25,50,10
28,8609,0.0007068563799506798,0.2798089107136329,1.1032574020835949e-06,0.719483129649014,25,50,10
28,8610,0.000713127235775622,0.2798089107136173,1.1050277286345727e-06,0.719476857022878,25,50,10
28,8611,0.0007152976886899344,0.2798089107135105,1.0953313681851788e-06,0.7194746962664308,25,50,10
28,8612,0.0007310945861274479,0.27979310221635706,1.1069071209960844e-06,0.7194746962903941,25,50,10
28,8613,0.0007250803123716419,0.27979310221633996,1.1056945835496719e-06,0.7194807117767045,25,50,10
28,8614,0.0007251076889845862,0.27979310221635556,1.106838474719878e-06,0.7194806832561844,25,50,10
28,8615,0.001626884222538935,0.2797931022207805,1.7107060023118908e-06,0.7185783028506774,25,50,10
28,8616,0.0016129727972523063,0.27980701760833393,1.706753170150903e-06,0.7185783028412429,25,50,10
28,8617,0.0016069436224255646,0.27980701760826254,1.7025323128732966e-06,0.7185843362369986,25,50,10
28,8618,0.0015946545267559288,0.27980701760724075,1.627954169123981e-06,0.7185966999118336,25,50,10
28,8619,0.0011567123481293156,0.2798070176090902,1.4442074556742244e-06,0.7190348258353242,25,50,10
28,8620,0.0011609886959351075,0.27980701760900323,1.439964931980827e-06,0.7190305537301291,25,50,10
28,8621,0.001166741307810389,0.2798070176089685,1.4373618599129078e-06,0.7190248037213612,25,50,10
28,8622,0.001164507614285491,0.27980701760491733,1.3315526067104424e-06,0.7190271432281903,25,50,10
28,8623,0.0011525253899498538,0.27980701760486454,1.3277153030462429e-06,0.7190391292898822,25,50,10
28,8624,0.0011548989008857776,0.2798070176141065,1.395491498006256e-06,0.719036687993509,25,50,10
28,8625,0.0011688792042273681,0.2798070176141586,1.402292854445496e-06,0.7190227008887591,25,50,10
28,8626,0.0011687756352039393,0.2798071216977646,1.4017639069312615e-06,0.7190227009031241,25,50,10
28,8627,0.0011705999609013971,0.2798071216977981,1.4051111882235983e-06,0.7190208732301119,25,50,10
28,8628,0.0011646452324439933,0.2798071216978697,1.4093662054412325e-06,0.7190268237034807,25,50,10
28,8629,0.001164293844373009,0.27980712169790317,1.4087938796751159e-06,0.719027175663844,25,50,10
28,8630,0.0011645397998792262,0.2798071216978518,1.408173757102587e-06,0.7190269303285117,25,50,10
28,8631,0.001164463349151626,0.2798071216977611,1.401498115502395e-06,0.7190270134549719,25,50,10
28,8632,0.0011427078219396862,0.2798288867085517,1.3920240439414518e-06,0.7190270134454648,25,50,10
28,8633,0.0011425673888313418,0.2798290290707736,1.3901093864549742e-06,0.7190270134310087,25,50,10
28,8634,0.0011465986388728248,0.27982902907070356,1.3841009472796828e-06,0.7190229881894764,25,50,10
28,8635,0.0011525446635597258,0.2798290290707413,1.386801131156913e-06,0.7190170394645677,25,50,10
28,8636,0.0011526510161638261,0.2798290290708158,1.3922824817632996e-06,0.7190169276305385,25,50,10
28,8637,0.00116658367882633,0.27981509033267654,1.3983438602745751e-06,0.7190169276446364,25,50,10
28,8638,0.000702672876725124,0.27981509032643714,9.797328257941898e-07,0.7194812570640114,25,50,10
28,8639,0.0007031270377843502,0.2798150903264569,9.850561889756752e-07,0.7194807975795692,25,50,10
28,8640,0.0006970690984132919,0.27981509032640345,9.82147896696267e-07,0.7194868584272861,25,50,10
28,8641,0.0006926539389228031,0.27981509032647106,9.858968337942569e-07,0.7194912698377718,25,50,10
28,8642,0.0006926865182414022,0.27981509032645446,9.847452873775494e-07,0.7194912384100164,25,50,10
28,8643,0.0006926130707900421,0.27981509032643503,9.852960394360316e-07,0.7194913113067346,25,50,10
28,8644,0.0006907885522234533,0.27981691949492854,9.806507946035163e-07,0.7194913113020529,25,50,10
28,8645,0.0006890696435178853,0.2798169194948778,9.76066779407917e-07,0.719493034794824,25,50,10
28,8646,0.0007035467695464097,0.27980240919160393,1.0092435820321548e-06,0.7194930347952666,25,50,10
28,8647,0.0007030858492581312,0.2798024091915825,1.0038166337166935e-06,0.7194935011425246,25,50,10
28,8648,0.000719264554894445,0.2797861455698851,1.0884412914773117e-06,0.7194935014339285,25,50,10
28,8649,0.0007192663787288119,0.2797861441576742,1.0880343454961718e-06,0.7194935014292512,25,50,10
28,8650,0.0007253652454627571,0.27978614415770925,1.0886129912762522e-06,0.7194874019838363,25,50,10
28,8651,0.0007253617113716475,0.27978614415767333,1.0952351205474624e-06,0.7194873988958341,25,50,10
28,8652,0.0016168658602379654,0.27978614415268094,1.5726940044142654e-06,0.7185954172930761,25,50,10
28,8653,0.0015989298616419037,0.27978614415266473,1.5735125923209482e-06,0.7186133524731008,25,50,10
28,8654,0.0015929019532601068,0.27978614415264597,1.5721138440036899e-06,0.7186193817802498,25,50,10
28,8655,0.001587018146897143,0.27979202805232406,1.5720348892139412e-06,0.7186193817658894,25,50,10
28,8656,0.0015948632286259046,0.2797920280523944,1.577570595354139e-06,0.718611531148384,25,50,10
28,8657,0.0016091271401993074,0.27979202805245096,1.5898735728047252e-06,0.7185972549337766,25,50,10
28,8658,0.0007072971777191108,0.2797920280481135,1.0373517355986953e-06,0.7194996374224314,25,50,10
28,8659,0.0007032354505847513,0.2797920280481654,1.0420029198424378e-06,0.7195036944983293,25,50,10
28,8660,0.0007012014483415979,0.2797940494333829,1.0545959679575107e-06,0.719503694522307,25,50,10
28,8661,0.0007071229829388598,0.2797881307322183,1.0517533469081783e-06,0.7195036945314954,25,50,10
28,8662,0.000701096547539953,0.27978813073212566,1.0450395869689332e-06,0.719509727680747,25,50,10
28,8663,0.0006938111297010497,0.2797954180574197,1.0431458194557597e-06,0.7195097276670595,25,50,10
28,8664,0.0006939163492961968,0.2797953128248639,1.0431683040260978e-06,0.7195097276575355,25,50,10
28,8665,0.0007000461041037581,0.2797953128248989,1.044750013487092e-06,0.7195035963209832,25,50,10
28,8666,0.00071374387059916,0.2797953128249502,1.0493524486633009e-06,0.7194898939520011,25,50,10
28,8667,0.0007278226204381426,0.2797812276361103,1.055767316562709e-06,0.7194898939761343,25,50,10
28,8668,0.0007239364693683171,0.27978122763593666,1.0463216980808215e-06,0.7194937895729961,25,50,10
28,8669,0.0007259377778648477,0.2797812276358125,1.0333856929332648e-06,0.7194918012006286,25,50,10
28,8670,0.0007341543174012999,0.2797623019662301,1.1742514873058847e-05,0.7194918012014944,25,50,10
28,8671,0.0007340166572621548,0.2797624312290114,1.1750907214220347e-05,0.719491801206511,25,50,10
28,8672,0.0007380467181225138,0.2797624312289601,1.1737009321147911e-05,0.7194877850435953,25,50,10
28,8673,0.0007383247962846305,0.2797624312290111,1.173563994569301e-05,0.7194875083347577,25,50,10
28,8674,0.0007384658793487528,0.2797624312291003,1.1741165843009869e-05,0.719487361725707,25,50,10
28,8675,0.0007325756881427775,0.27976243122909966,1.174110516292663e-05,0.7194932519775938,25,50,10
28,8676,0.0007266200406860122,0.27976243122908345,1.1744138125334996e-05,0.7194992045921046,25,50,10
28,8677,0.000718560415596654,0.279762431229049,1.1738176467524528e-05,0.7195072701788863,25,50,10
28,8678,0.000734603115269174,0.27976243122920913,1.1751719588155497e-05,0.7194912139359328,25,50,10
28,8679,0.0007326411709660747,0.2797643984671153,1.1746440180713408e-05,0.7194912139217375,25,50,10
28,8680,0.000726759806200291,0.279764398467151,1.1749035263200819e-05,0.7194970926913851,25,50,10
28,8681,0.0007210125968756308,0.2797701514845109,1.1743212937577892e-05,0.7194970927056754,25,50,10
28,8682,0.000726933317227548,0.27977015148452994,1.1746250680075968e-05,0.719491168947562,25,50,10
28,8683,0.0007167128843480956,0.27978045907801774,1.1659381561607711e-05,0.7194911686560721,25,50,10
28,8684,0.0006868366826593048,0.27978045907778826,1.1639912553976662e-05,0.7195210643269979,25,50,10
28,8685,0.0006807757616367801,0.27978045907773197,1.1636761343924676e-05,0.7195271283992867,25,50,10
28,8686,0.0007050024017276613,0.27978045908293947,1.1787006719240426e-05,0.7195027515086129,25,50,10
28,8687,0.0007068600236182176,0.27978045908299143,1.1794721342186843e-05,0.7195008861720473,25,50,10
28,8688,0.0007109245392174354,0.27978045908295923,1.1790431680531132e-05,0.7194968259461423,25,50,10
28,8689,0.0007088574930111301,0.2797804590830815,1.179963707790154e-05,0.719498883786829,25,50,10
28,8690,0.0007225578912134232,0.2797804590830974,1.180472981257544e-05,0.7194851782958763,25,50,10
28,8691,0.0007284742880677345,0.27978045908311455,1.1805995687205567e-05,0.7194792606331302,25,50,10
28,8692,0.0007365357887859793,0.2797804590831837,1.1812001497079619e-05,0.7194711931265328,25,50,10
28,8693,0.0007407036036018454,0.27978045908316773,1.1806814702696687e-05,0.7194670304985274,25,50,10
28,8694,0.001228378792928357,0.2797804590876818,1.2195560651789684e-05,0.7189789665587379,25,50,10
28,8695,0.0012203888456541073,0.279780459087577,1.2187941152028282e-05,0.7189869641256168,25,50,10
28,8696,0.0012225297918589115,0.27978045908741866,1.2175481850335548e-05,0.7189848356388718,25,50,10
28,8697,0.0012185004950685658,0.27978045908748844,1.2181452782710662e-05,0.71898885896466,25,50,10
28,8698,0.0012187131771558874,0.279780459087454,1.2180907016201099e-05,0.7189886468283736,25,50,10
28,8699,0.001188598000709115,0.2797804590822462,1.2030710374084306e-05,0.7190189122066704,25,50,10
28,8700,0.0011943274618471708,0.2797854322769393,1.3280505624625573e-06,0.7190189122106508,25,50,10
28,8701,0.0007126491862567208,0.27978543227237374,9.373698449668051e-07,0.7195009811715244,25,50,10
28,8702,0.0007049451848010291,0.27978543227230496,9.345321103044213e-07,0.7195086880107834,25,50,10
28,8703,0.0007034798233353041,0.2797854322722566,9.314485914865784e-07,0.7195101564558164,25,50,10
28,8704,0.000697699148790261,0.27978543227227426,9.327166327658536e-07,0.7195159358623024,25,50,10
28,8705,0.0006975971077450357,0.2797854322722918,9.330301515737645e-07,0.7195160375898113,25,50,10
28,8706,0.0007095465454463282,0.27916394566501623,0.0006104701804880583,0.7195160376090493,25,50,10
28,8707,0.0007153266183063168,0.2791581681926879,0.0006104675896606682,0.719516037599345,25,50,10
28,8708,0.0007151914623350219,0.2791581681926877,0.0006104665733593153,0.7195161737716179,25,50,10
28,8709,0.0007212895093331396,0.27915816819274053,0.0006104703877974487,0.7195100719101291,25,50,10
28,8710,0.0007212606261249381,0.2791581681926877,0.0006104685270311828,0.7195101026541566,25,50,10
28,8711,0.0007213856368565268,0.2797673904920926,1.1212314032319018e-06,0.719510102639648,25,50,10
28,8712,0.0007373203783178324,0.2797514430810922,1.1338769799145483e-06,0.7195101026636104,25,50,10
28,8713,0.000743286033079679,0.27975144308114536,1.1309758624450764e-06,0.7195041399099128,25,50,10
28,8714,0.0007473551373923419,0.27975144308114697,1.1302007340317528e-06,0.7195000715807275,25,50,10
28,8715,0.0007432890876807439,0.279751443081217,1.139338078173374e-06,0.7195041284930248,25,50,10
28,8716,0.0007432594324976093,0.2797514430811119,1.1337186091495887e-06,0.719504163767782,25,50,10
28,8717,0.0007374674517609277,0.27975144308113126,1.1377176916833682e-06,0.719509951749417,25,50,10
28,8718,0.0007334051761832549,0.2797554987077537,1.144366805008634e-06,0.7195099517492589,25,50,10
28,8719,0.0007396478506586307,0.27975549870766736,1.1411499900577463e-06,0.7195037122916846,25,50,10
28,8720,0.0007340762570935846,0.27975549870781125,1.1472197298901161e-06,0.7195092778153659,25,50,10
28,8721,0.0007322178069578844,0.279757365158379,1.1392240660317666e-06,0.7195092778105976,25,50,10
28,8722,0.0007322191966635568,0.2797573651583787,1.139202174242084e-06,0.7195092764427835,25,50,10
28,8723,0.0008481323818639353,0.2797573651585221,1.4336593128293955e-06,0.7193930688003012,25,50,10
28,8724,0.0008341869061074389,0.2797713170625409,1.4272358120747693e-06,0.7193930687955397,25,50,10
28,8725,0.0008340805465146744,0.2797713170626848,1.4358117637576867e-06,0.7193931665790368,25,50,10
28,8726,0.0008339419464326516,0.27977145737409326,1.434110127694791e-06,0.7193931665693465,25,50,10
28,8727,0.0008319441037445655,0.2797714573740226,1.4259530013558054e-06,0.7193951725692317,25,50,10
28,8728,0.0008260514467387553,0.279771457374022,1.4258538934986065e-06,0.7194010653253459,25,50,10
28,8729,0.0008045121438236183,0.279793004695455,1.4178446124971413e-06,0.7194010653161088,25,50,10
28,8730,0.0007985245288603478,0.2797930046953816,1.4124442142194558e-06,0.7194070583315438,25,50,10
28,8731,0.0008003441691298931,0.27979300469539775,1.4145107705157826e-06,0.7194052366247018,25,50,10
28,8732,0.0008058401148265676,0.2797930046953775,1.411707736914393e-06,0.7193997434820589,25,50,10
28,8733,0.000806050374141705,0.279793004695289,1.409294521740083e-06,0.7193995356360477,25,50,10
28,8734,0.0008120419462256069,0.27979300469534585,1.4134830797869326e-06,0.7193935398753488,25,50,10
28,8735,0.0008061570848287216,0.2797930046953812,1.4160001814241193e-06,0.7193994222196086,25,50,10
28,8736,0.0008021316117496268,0.27979300469548735,1.4246268565622726e-06,0.7194034390659065,25,50,10
28,8737,0.0008021697523447849,0.279793004696558,1.4293112698871515e-06,0.7194033962398276,25,50,10
28,8738,0.0021398348264350855,0.27845461171245367,2.1566555338826075e-06,0.7194033968055777,25,50,10
28,8739,0.0021275757641493354,0.2784668737184413,2.1537216862992173e-06,0.7194033967957236,25,50,10
28,8740,0.0021335696243231063,0.2784668737184588,2.154061815502692e-06,0.7193974025954027,25,50,10
28,8741,0.0021394199755350256,0.27846687371738804,2.231787327995613e-06,0.719391474519749,25,50,10
28,8742,0.0021394204935991754,0.27846687371738743,2.2327634895166817e-06,0.7193914730255238,25,50,10
28,8743,0.0021495718599987205,0.2784668737205094,2.2939485111927166e-06,0.7193812604709805,25,50,10
28,8744,0.0021435790405249927,0.27846687372052625,2.2931971481041234e-06,0.7193872540418002,25,50,10
28,8745,0.0021408813142625104,0.27846956080946933,2.303801303092382e-06,0.7193872540749647,25,50,10
28,8746,0.002146766772423772,0.2784695608094696,2.3052610853133416e-06,0.7193813671570212,25,50,10
28,8747,0.0021465192547353794,0.27846956080948804,2.3025622483193827e-06,0.719381617373528,25,50,10
28,8748,0.0021505427616535845,0.2784695608093819,2.2939141706739643e-06,0.7193776025147938,25,50,10
28,8749,0.002152362105508196,0.27846956080961177,2.312941567766423e-06,0.7193757641433121,25,50,10
28,8750,0.002152117832466917,0.2784695608095576,2.309996062068941e-06,0.7193760113619129,25,50,10
28,8751,0.0008203087118317492,0.2798021011991511,1.5793073960837138e-06,0.7193760107816207,25,50,10
28,8752,0.0008058015011870397,0.27981664253074867,1.545186539884727e-06,0.7193760107815241,25,50,10
28,8753,0.00081171795418793,0.27981664253076705,1.5465349138061493e-06,0.719370092980131,25,50,10
28,8754,0.00081764297986029,0.27981071527708534,1.5487676010072688e-06,0.7193700929754531,25,50,10
28,8755,0.0008195736093182436,0.279810715277173,1.5530835860926194e-06,0.7193681580299224,25,50,10
28,8756,0.0008157538744934696,0.2798145482352725,1.5398838628880033e-06,0.7193681580063708,25,50,10
28,8757,0.0008096180706009269,0.27981454823534263,1.5407744770531051e-06,0.7193742929195791,25,50,10
28,8758,0.0008091540211537923,0.2798145482351965,1.5327710564554011e-06,0.7193747649725927,25,50,10
28,8759,0.0008035222125416959,0.27982017868783876,1.5341171446193558e-06,0.7193747649824744,25,50,10
28,8760,0.0007972801677675913,0.2798201786878359,1.5328253315868215e-06,0.7193810083190642,25,50,10
28,8761,0.0007973151182931766,0.27982014235500047,1.5342027940943182e-06,0.7193810083239116,25,50,10
28,8762,0.0007934174743015128,0.2798201423612088,1.5905256149579138e-06,0.7193848496388742,25,50,10
28,8763,0.0007875966436736646,0.2798201423612634,1.5944907440151882e-06,0.7193906665043182,25,50,10
28,8764,0.0007918430868191724,0.27982014236117864,1.591037248820019e-06,0.7193864235147526,25,50,10
28,8765,0.0007919441737844439,0.2798200411662862,1.5911409259611929e-06,0.7193864235190024,25,50,10
28,8766,0.000785666419474587,0.2798200411663015,1.5891724444812769e-06,0.7193927032417787,25,50,10
28,8767,0.0008037527338805334,0.2798200411684824,1.6783126205849062e-06,0.7193745277850156,25,50,10
28,8768,0.0007979086236227519,0.2798200411685544,1.6835763193989106e-06,0.7193803666315026,25,50,10
28,8769,0.0008114526063245926,0.27980649480306036,1.6859548036407327e-06,0.7193803666358106,25,50,10
28,8770,0.0008114538221953026,0.27980649113029793,1.6884115195530907e-06,0.7193803666359864,25,50,10
28,8771,0.0008072061649043545,0.2798064911303817,1.6917745786523665e-06,0.7193846109301346,25,50,10
28,8772,0.0008072750478099259,0.279806491130437,1.6957772641494897e-06,0.7193845380444881,25,50,10
28,8773,0.0008149736487393905,0.2797987877781305,1.7005193064743886e-06,0.719384538053823,25,50,10
28,8774,0.0008076047722219266,0.27980634352657857,1.5136563455432293e-06,0.7193845380448536,25,50,10
28,8775,0.0017134131699457625,0.27980634353082984,2.035446081774364e-06,0.7184782078531424,25,50,10
28,8776,0.0017215008037516403,0.27980634353091766,1.9602992099350173e-06,0.7184701953661207,25,50,10
28,8777,0.0017215353047253497,0.27980634353091866,1.9647108624148304e-06,0.7184701564534935,25,50,10
28,8778,0.0017034809887134792,0.2798063435287555,1.8768655038330382e-06,0.718488298617027,25,50,10
28,8779,0.0017034796276955246,0.2798063435287551,1.8746745880228527e-06,0.7184883021689611,25,50,10
28,8780,0.0017095760767748911,0.2798002470165122,1.8747375834453213e-06,0.7184883021691293,25,50,10
28,8781,0.000815752032751472,0.2798002470122437,1.352682699128246e-06,0.7193826482723056,25,50,10
28,8782,0.0008195610795312694,0.2798002470124402,1.4132023759946421e-06,0.7193787787056521,25,50,10
28,8783,0.0008129704607431104,0.2798068474110741,1.4034232138848077e-06,0.7193787787049686,25,50,10
28,8784,0.000818928212769779,0.27980684741098616,1.398041566364913e-06,0.7193728263346775,25,50,10
28,8785,0.0008169981048600182,0.2798068474108988,1.3927979675367628e-06,0.7193747616862736,25,50,10
28,8786,0.0008031863520909913,0.2798068474108328,1.391080312354816e-06,0.719388575156764,25,50,10
28,8787,0.0006931947230428653,0.27980684741066963,1.0951526818542491e-06,0.7194988627136055,25,50,10
28,8788,0.000699325938883191,0.2798068474106887,1.0965797017747946e-06,0.7194927300707262,25,50,10
28,8789,0.0007053271379564569,0.2798068474104566,1.0810227957424427e-06,0.7194867444287909,25,50,10
28,8790,0.0007192830452494369,0.2798068474105261,1.091123674854448e-06,0.7194727784205494,25,50,10
28,8791,0.00070730209599874,0.27981882861212176,1.0908761659652928e-06,0.7194727784157132,25,50,10
28,8792,0.0007071634436319965,0.27981896909711357,1.089053741688569e-06,0.7194727784055124,25,50,10
28,8793,0.0007129798998362652,0.27981896909705783,1.084959148677725e-06,0.7194669660439567,25,50,10
28,8794,0.0007427546325916351,0.2798189690972832,1.099138810634756e-06,0.7194371771313139,25,50,10
28,8795,0.0007428582992614088,0.2798188651541789,1.099410567019537e-06,0.7194371771359921,25,50,10
28,8796,0.0007427166961896861,0.2798081296428269,1.1976486559646348e-05,0.7194371771744232,25,50,10
28,8797,0.0007347933777141913,0.2798081296427772,1.1968818450369906e-05,0.7194451081610577,25,50,10
28,8798,0.0007549031008360982,0.2797880112706248,1.1977447770071596e-05,0.7194451081807685,25,50,10
28,8799,0.0007549031159888805,0.27978801127067787,1.198030722239511e-05,0.7194451053061103,25,50,10
28,8800,0.0007488326588108823,0.27978801127067754,1.1981338570638069e-05,0.7194511747319404,25,50,10
28,8801,0.0007430170447807808,0.2798047016603713,1.106591643902266e-06,0.7194511747032035,25,50,10
28,8802,0.0007472552787575173,0.2798004725134486,1.0975238123844785e-06,0.7194511746839812,25,50,10
28,8803,0.0007410920987047931,0.27980047251341134,1.0947786567278865e-06,0.7194573406092268,25,50,10
28,8804,0.0007494211745375884,0.27979213675883374,1.1014613646014251e-06,0.7194573406052639,25,50,10
28,8805,0.0007493850523040516,0.27979217093470243,1.1034121615121598e-06,0.7194573406008318,25,50,10
28,8806,0.0007472965071531338,0.27979217093454084,1.044424616262617e-06,0.71945948813369,25,50,10
28,8807,0.0007472663735949836,0.27979217093454084,1.043364755030902e-06,0.7194595193271089,25,50,10
28,8808,0.000747650691880756,0.27979217093459563,1.0468928818606649e-06,0.7194591314806417,25,50,10
28,8809,0.0007614884569985745,0.27979217093466596,1.0529132840961957e-06,0.7194452876950512,25,50,10
28,8810,0.0007395224981781207,0.27981414834932244,1.0414865933664356e-06,0.719445287665906,25,50,10
28,8811,0.0007351496488234274,0.2798141483430415,9.726788052752678e-07,0.7194497293293294,25,50,10
28,8812,0.0007293337583753343,0.27981414834307905,9.754798096552735e-07,0.7194555424187357,25,50,10
28,8813,0.0007333603250450979,0.2798141483429898,9.680849374704641e-07,0.7194515232470272,25,50,10
28,8814,0.0007393306523404991,0.27981414834295476,9.660102269782432e-07,0.7194455549944773,25,50,10
28,8815,0.000739227471801484,0.279814148342971,9.662267342379175e-07,0.7194456579584927,25,50,10
28,8816,0.000723091335009109,0.27981414833979285,9.009388186685444e-07,0.719461859386379,25,50,10
28,8817,0.0007154271067448739,0.27981414833970564,8.953304714686721e-07,0.7194695292230775,25,50,10
28,8818,0.0007096674126535357,0.27981414833974105,8.994417065787702e-07,0.7194752848058984,25,50,10
28,8819,0.0007155894327983527,0.27980822827851193,8.974783625890585e-07,0.7194752848103266,25,50,10
28,8820,0.0007214760737914662,0.279808228278494,8.961917385463736e-07,0.7194693994559753,25,50,10
28,8821,0.000727573809178703,0.2798021318532869,8.948912551657265e-07,0.7194693994462787,25,50,10
28,8822,0.000735524445384494,0.27980213185333974,9.006467880539047e-07,0.7194614430544871,25,50,10
28,8823,0.0011136945210751764,0.2798021320380015,5.435845257017824e-06,0.719078737595666,25,50,10
28,8824,0.001109703108674701,0.27980611680093054,5.442489796962582e-06,0.7190787376005976,25,50,10
28,8825,0.0011038171756890668,0.2798061168009309,5.442523510709729e-06,0.719084623499869,25,50,10
28,8826,0.0011038147508090524,0.2798061168009837,5.445887758046008e-06,0.7190846225604488,25,50,10
28,8827,0.0010977905791873118,0.2798061168009468,5.443189127954035e-06,0.7190906494307377,25,50,10
28,8828,0.0011057375550999914,0.2798061168010156,5.449091811588659e-06,0.7190826965520729,25,50,10
28,8829,0.0011017099356427583,0.2798061168011023,5.456398647612134e-06,0.7190867168646072,25,50,10
28,8830,0.0011016063190500667,0.2798062235821889,5.4532341568887345e-06,0.7190867168646041,25,50,10
28,8831,0.0011016087429765648,0.27980622148684714,5.452910081844714e-06,0.7190867168600943,25,50,10
28,8832,0.0011058827029756916,0.2798062214867423,5.446396046467164e-06,0.7190824494142354,25,50,10
28,8833,0.0011078487402552204,0.27980424530081033,5.456515869463249e-06,0.7190824494430649,25,50,10
28,8834,0.0011143083841110455,0.27980424530085396,5.59280258072659e-06,0.7190758535124537,25,50,10
28,8835,0.001120019899877349,0.2798042453007988,5.587695320537353e-06,0.7190701471040027,25,50,10
28,8836,0.0011301712433326742,0.2798042453019625,5.677167746671209e-06,0.7190599062869575,25,50,10
28,8837,0.0011363035807715526,0.2798042453019468,5.678050765708881e-06,0.7190537730665154,25,50,10
28,8838,0.001128600087350855,0.27980424530186054,5.67297619462423e-06,0.7190614816345936,25,50,10
28,8839,0.0007504976965121779,0.27980424511714685,1.1336122633026124e-06,0.7194441235740773,25,50,10
28,8840,0.000756461849419433,0.2798042451172547,1.141479696011276e-06,0.7194381515536294,25,50,10
28,8841,0.0007563256300415544,0.2798043823502808,1.1404660453473817e-06,0.7194381515536318,25,50,10
28,8842,0.0007561837932588476,0.27980452082637347,1.1438073534244256e-06,0.7194381515730138,25,50,10
28,8843,0.0007500495307677401,0.27980452082639007,1.1429122537668833e-06,0.7194442867305879,25,50,10
28,8844,0.0007482221391315315,0.2798063534162635,1.1377330689191324e-06,0.7194442867115356,25,50,10
28,8845,0.0007545650243849936,0.27980635341626475,1.1388184882985697e-06,0.7194379427408611,25,50,10
28,8846,0.0007548453224847913,0.27980635341633764,1.1441795290598604e-06,0.7194376570816479,25,50,10
28,8847,0.0007250365710644313,0.27980635341612475,1.125828938235971e-06,0.719467484183872,25,50,10
28,8848,0.0007167701749065658,0.2798146237899539,1.121837447516493e-06,0.7194674841976914,25,50,10
28,8849,0.0007089198241229576,0.2798146237898855,1.115897217842134e-06,0.719475340488773,25,50,10
28,8850,0.0007026497659085926,0.27981462378990046,1.1139056269725873e-06,0.7194816125385632,25,50,10
28,8851,0.0011742774270246188,0.2798146237981984,1.5908031448245153e-06,0.7190095079716317,25,50,10
28,8852,0.001174286735578702,0.2798146237982022,1.5911450480718636e-06,0.7190094983211703,25,50,10
28,8853,0.0011742874055417935,0.2798146237982388,1.593807645288392e-06,0.7190094949885736,25,50,10
28,8854,0.001192242314411017,0.2798146238004678,1.8056554683795774e-06,0.7189913282296522,25,50,10
28,8855,0.0012001595754932274,0.279814623800519,1.8103401566985254e-06,0.7189834062838301,25,50,10
28,8856,0.0011935913058707945,0.2798146238004585,1.6738532591934803e-06,0.7189901110404108,25,50,10
28,8857,0.0011894934816681442,0.2798146238004551,1.674468490541366e-06,0.7189942082493856,25,50,10
28,8858,0.001183502984990628,0.2798146238004714,1.6746680485926856e-06,0.7190001985464886,25,50,10
28,8859,0.001199330841211497,0.2797987835200264,1.6870683951164494e-06,0.7190001985703661,25,50,10
28,8860,0.0012033583551094773,0.2797987835199563,1.6810761975164684e-06,0.7189961770487358,25,50,10
28,8861,0.0011895553519826435,0.27979878351990595,1.6764437326021172e-06,0.7190099846843779,25,50,10
28,8862,0.00118948448019586,0.27979885711181146,1.67373356285779e-06,0.7190099846744288,25,50,10
28,8863,0.0011895893748770916,0.27979885711184677,1.6731824530896922e-06,0.7190098803308222,25,50,10
28,8864,0.0011955816040104836,0.2797988571118296,1.6729094140430434e-06,0.7190038883747453,25,50,10
28,8865,0.0011956884997391757,0.2797987543853974,1.6687496375245778e-06,0.7190038883652252,25,50,10
28,8866,0.0011953047510024426,0.2797987543852892,1.6618710109244873e-06,0.719004278992697,25,50,10
28,8867,0.0011873641456819218,0.27980670037271355,1.6564933918024161e-06,0.7190042789882126,25,50,10
28,8868,0.0011873678494797519,0.2798066927405184,1.6603925300169134e-06,0.7190042790174717,25,50,10
28,8869,0.0011813749889017025,0.279806692740515,1.662585732503173e-06,0.7190102696848504,25,50,10
28,8870,0.0011731453107840053,0.27980669274037245,1.6512495264042232e-06,0.719018510699317,25,50,10
28,8871,0.0011672214865293415,0.27981262189648853,1.645951844658092e-06,0.7190185106651373,25,50,10
28,8872,0.0011890340228151819,0.27981262189660877,1.6574999195476168e-06,0.7189966865806564,25,50,10
28,8873,0.0011890339901469294,0.2798126218966095,1.6576299193829432e-06,0.7189966864833238,25,50,10
28,8874,0.0011949218055641053,0.27980673368032116,1.6580261931937095e-06,0.7189966864879215,25,50,10
28,8875,0.0011708375641035374,0.2798067336781093,1.4454180969160409e-06,0.7190209833396901,25,50,10
28,8876,0.0011768284076091149,0.27980673367812714,1.4458219854783271e-06,0.719014992092278,25,50,10
28,8877,0.0011550083317012896,0.27982856583965965,1.433755386718876e-06,0.7190149920732525,25,50,10
28,8878,0.000689543840985158,0.27982856583139787,9.595363593654339e-07,0.7194809307912579,25,50,10
28,8879,0.0007035218575475148,0.27982856583148563,9.66845127953357e-07,0.719466945465839,25,50,10
28,8880,0.0007035584688598813,0.2798285264181716,9.69637168950135e-07,0.7194669454757998,25,50,10
28,8881,0.0007096894215258409,0.2798285264182786,9.764319976467283e-07,0.7194608077281981,25,50,10
28,8882,0.0007096912631308379,0.27982852641827943,9.744185185967893e-07,0.7194608079000713,25,50,10
28,8883,0.0007176412786722747,0.2798285264182791,9.752913909918465e-07,0.7194528570116578,25,50,10
28,8884,0.0007300863233790256,0.27981594246628577,1.1139074875498982e-06,0.7194528573028479,25,50,10
28,8885,0.0007300850913685209,0.27981594246628405,1.1136121248715024e-06,0.7194528588302228,25,50,10
28,8886,0.0007180011048650071,0.2798159424662835,1.1135444875415375e-06,0.7194649428843642,25,50,10
28,8887,0.0007037171048424365,0.2798159424652076,1.0310054139131528e-06,0.7194793094245364,25,50,10
28,8888,0.0006975858885406079,0.27981594246518854,1.029655340247452e-06,0.7194854419909308,25,50,10
28,8889,0.0006994205802339122,0.279814101869219,1.0355590675921715e-06,0.7194854419914796,25,50,10
28,8890,0.0007052769220992686,0.27981410186920175,1.034222606986872e-06,0.7194795869860922,25,50,10
28,8891,0.0007052764505576384,0.2798141018692027,1.0337047642245985e-06,0.7194795879754756,25,50,10
28,8892,0.0007111618526551909,0.27981410186920147,1.033660977553445e-06,0.7194737026171661,25,50,10
28,8893,0.0007051736186638763,0.2798141018691852,1.0344226711904695e-06,0.7194796900894802,25,50,10
28,8894,0.000697324913313989,0.2798141018691148,1.028355478230419e-06,0.7194875448620934,25,50,10
28,8895,0.0006929686148698885,0.2798185902996792,8.965099740868755e-07,0.7194875445754773,25,50,10
28,8896,0.0006931037468814891,0.2798185902997168,8.97950085350512e-07,0.7194874080033169,25,50,10
28,8897,0.000687105894236454,0.27982459015705663,8.959598652481133e-07,0.7194874079888421,25,50,10
28,8898,0.0007009086230127916,0.27982459015710726,9.005377691761536e-07,0.719473600682111,25,50,10
28,8899,0.0007008416176268279,0.27982465987949484,8.978307148357743e-07,0.7194736006721637,25,50,10
28,8900,0.0007069405981691835,0.27982465987946037,8.972942290266973e-07,0.7194675022281412,25,50,10
28,8901,0.000702868081260282,0.2798246598794764,8.993531851779783e-07,0.7194715726860775,25,50,10
28,8902,0.0007109607300455066,0.279824659879529,9.071372676226503e-07,0.7194634722531578,25,50,10
28,8903,0.0007110637217089956,0.2798246598795464,9.077920443820635e-07,0.7194633686067,25,50,10
28,8904,0.0011766659561706333,0.27982465988583416,1.4260093380674007e-06,0.718997248148657,25,50,10
28,8905,0.0011628148360313408,0.27982465988578253,1.4162851964975192e-06,0.7190111089929891,25,50,10
28,8906,0.0006913284094770478,0.2798246598795124,9.006109643900686e-07,0.7194831111000457,25,50,10
28,8907,0.0006931849282334414,0.2798227945563011,9.094106502034028e-07,0.7194831111048149,25,50,10
28,8908,0.0006991404641676175,0.27981683627389,9.121472706196992e-07,0.7194831111146713,25,50,10
28,8909,0.0011687607925044896,0.2798168362782267,1.2835781210550853e-06,0.7190131193511475,25,50,10
28,8910,0.001168661400897283,0.2798168362782454,1.2840188116732333e-06,0.7190132183020447,25,50,10
28,8911,0.0011627729422419761,0.2798168362782441,1.283955142723994e-06,0.7190191068243702,25,50,10
28,8912,0.002082071556795947,0.27981683627846965,1.9099865050885632e-06,0.7180991821782284,25,50,10
28,8913,0.002080034562872013,0.27981683627861076,1.922123192294027e-06,0.7181012070353241,25,50,10
28,8914,0.002092014444627541,0.2798168362786279,1.923360315262284e-06,0.7180892259164282,25,50,10
28,8915,0.0020858828362396915,0.2798168362786442,1.9224398463782713e-06,0.7180953584452686,25,50,10
28,8916,0.002085848457976586,0.279816836278626,1.9211007442446336e-06,0.7180953941626523,25,50,10
28,8917,0.0020897732096433973,0.27981290021326943,1.9323907081564687e-06,0.7180953941863782,25,50,10
28,8918,0.0024441408178891544,0.27981290021758115,2.6782959420052924e-06,0.7177402806685872,25,50,10
28,8919,0.002444103204281408,0.27981290021756583,2.6813679570649255e-06,0.7177403152101948,25,50,10
28,8920,0.002450124038530864,0.27980687876941507,2.6819867935569874e-06,0.7177403152052597,25,50,10
28,8921,0.0024502654500562072,0.2798068787695254,2.6900519909709293e-06,0.7177401657284266,25,50,10
28,8922,0.002446309883468757,0.2798108466822908,2.6777297851230054e-06,0.7177401657044545,25,50,10
28,8923,0.0024424605281523405,0.2798108466821488,2.665605756110199e-06,0.7177440271839418,25,50,10
28,8924,0.0015233038558010983,0.2798108466819055,2.0383568976881745e-06,0.7186638111053947,25,50,10
28,8925,0.001525193444648244,0.2798108466820125,2.0470137643127885e-06,0.718661912859574,25,50,10
28,8926,0.0015191701756136085,0.27981687097330604,2.0459913368333126e-06,0.7186619128597426,25,50,10
28,8927,0.0015407107751200333,0.2798168709733926,2.055052865660142e-06,0.7186403631986208,25,50,10
28,8928,0.0015388524001160437,0.27981873859920375,2.0458115080473756e-06,0.7186403631891713,25,50,10
28,8929,0.0015329430791191378,0.27982464513247024,2.0486136687008264e-06,0.7186403631747413,25,50,10
28,8930,0.001532944962739177,0.27982464513243394,2.046976927124421e-06,0.7186403629278989,25,50,10
28,8931,0.001059233269001847,0.279824645128222,1.684648658088262e-06,0.7191144369541171,25,50,10
28,8932,0.001045397982824463,0.2798246451281527,1.6786993868914717e-06,0.7191282781896352,25,50,10
28,8933,0.0010516688309372925,0.279824645128137,1.68152475309656e-06,0.7191220045161718,25,50,10
28,8934,0.0010515207515299895,0.279824794524815,1.680207315595271e-06,0.7191220045163387,25,50,10
28,8935,0.001049547920710871,0.27982677381162524,1.6737474490173394e-06,0.7191220045202141,25,50,10
28,8936,0.001035463922385382,0.27982677381151894,1.6660038983609158e-06,0.7191360962621968,25,50,10
28,8937,0.001023482687057607,0.27982677381153775,1.6668532666127735e-06,0.7191480766481375,25,50,10
28,8938,0.0010154248090047929,0.2798267738115221,1.6617752094269119e-06,0.7191561396042634,25,50,10
28,8939,0.0010213460796262659,0.27982677381157556,1.6656820547887583e-06,0.719150214426743,25,50,10
28,8940,0.0010513003762431911,0.27979680481048486,1.6803814267047585e-06,0.719150214431845,25,50,10
28,8941,0.0010571905845705627,0.27979091468275186,1.6803010829270904e-06,0.7191502144315943,25,50,10
28,8942,0.0010632913515011212,0.2797909146827531,1.6804209914118635e-06,0.719144113544754,25,50,10
28,8943,0.0015032752109457861,0.279350526250354,2.084418983917605e-06,0.719144114119716,25,50,10
28,8944,0.001503207338753836,0.2793505262503511,2.081031866355289e-06,0.7191441853790284,25,50,10
28,8945,0.0014973539721185127,0.2793505262503698,2.0824164560254806e-06,0.7191500373610551,25,50,10
28,8946,0.0015052719595622717,0.2793505262503874,2.0854811065651726e-06,0.7191421163089431,25,50,10
28,8947,0.0014834123797024484,0.279350526250248,2.0765936550232342e-06,0.7191639847763943,25,50,10
28,8948,0.0014834117611938695,0.2793505262502473,2.0752696505156136e-06,0.719163986718908,25,50,10
28,8949,0.001979038534337434,0.2788540299387473,2.9439172522985526e-06,0.7191639876096627,25,50,10
28,8950,0.001983396603845507,0.2788540299408035,3.039344606223015e-06,0.7191595341107444,25,50,10
28,8951,0.0019835361900424936,0.2788538894276692,3.0402715414097347e-06,0.7191595341107465,25,50,10
28,8952,0.001983536021013696,0.27885388963133584,3.040236821604491e-06,0.7191595341108286,25,50,10
28,8953,0.0019899142850598574,0.27885388963133834,3.042449630041454e-06,0.7191531536339714,25,50,10
28,8954,0.001991770128871258,0.2788538896314087,3.0486249549155105e-06,0.7191512916147644,25,50,10
28,8955,0.001521795838961563,0.2793242755635878,2.637562323820232e-06,0.7191512910351261,25,50,10
28,8956,0.00163761956636917,0.2793242755637334,2.886234822580155e-06,0.719035218635074,25,50,10
28,8957,0.0016312096293588506,0.2793242755637167,2.8843227533345576e-06,0.7190416304841705,25,50,10
28,8958,0.001609314872162687,0.279324275563577,2.873293055075147e-06,0.7190635362712048,25,50,10
28,8959,0.001613377844592539,0.2793242755635431,2.869790475876767e-06,0.719059476801388,25,50,10
28,8960,0.0016130953863875033,0.27932427556354184,2.866634613178191e-06,0.719059762415457,25,50,10
28,8961,0.0016189818599219622,0.2793242755635415,2.866630283458441e-06,0.7190538759462527,25,50,10
28,8962,0.001616896875894277,0.2793242755637379,2.881844787089045e-06,0.7190559457155804,25,50,10
28,8963,0.001612756551670616,0.2793242755638067,2.887760783552307e-06,0.7190600801237388,25,50,10
28,8964,0.00160869816602684,0.2793242755641075,2.910612822308824e-06,0.7190641156570429,25,50,10
28,8965,0.001594861396768527,0.279324275564038,2.9037691268218694e-06,0.7190779592700663,25,50,10
28,8966,0.0015948975737211536,0.27932424736651223,2.895794721993645e-06,0.7190779592650444,25,50,10
28,8967,0.001601132843189909,0.27931801093471875,2.8969568852005826e-06,0.7190779592652058,25,50,10
28,8968,0.001607231790744931,0.27931801093475384,2.8975039659570503e-06,0.7190718597705349,25,50,10
28,8969,0.0016012383892914756,0.2793240039163607,2.897914368020322e-06,0.7190718597799794,25,50,10
28,8970,0.0015995185595362152,0.27932400391604334,2.8738427526640293e-06,0.7190736036816672,25,50,10
28,8971,0.001603264415922645,0.2793240039160578,2.8786928248097583e-06,0.7190698529751941,25,50,10
28,8972,0.001609394216197364,0.27931787296244154,2.8798461666828033e-06,0.7190698529751939,25,50,10
28,8973,0.00162370915666804,0.2793035553120629,2.882545696959876e-06,0.7190698529855716,25,50,10
28,8974,0.001513843271317386,0.2793035553118812,2.632220241467011e-06,0.7191799691965594,25,50,10
28,8975,0.0015158389264668649,0.2793035553119347,2.6376681767253735e-06,0.7191779680934214,25,50,10
28,8976,0.0015446785962710938,0.2793035553161171,2.824214081344978e-06,0.7191489418735303,25,50,10
28,8977,0.0015488163867276175,0.27930355531604734,2.8182035140304333e-06,0.7191448100937109,25,50,10
28,8978,0.0015469267641997802,0.2793035553159413,2.809557878876003e-06,0.7191467083619801,25,50,10
28,8979,0.00104537147695794,0.27980597349981023,1.9475517592052435e-06,0.7191467074714727,25,50,10
28,8980,0.0010393805939385185,0.2798059734998446,1.9480943782624576e-06,0.7191526978118385,25,50,10
28,8981,0.001039479249569013,0.2798059734998602,1.948237764204662e-06,0.7191525990128064,25,50,10
28,8982,0.001061162593300866,0.27978427584790655,1.962512420346783e-06,0.719152599046372,25,50,10
28,8983,0.0010512135300193772,0.2797942169951263,1.9704189583705076e-06,0.7191525990558959,25,50,10
28,8984,0.0010571371026795275,0.2797942169951416,1.9674194868119566e-06,0.7191466784826918,25,50,10
28,8985,0.0010570637371974864,0.2797942169951247,1.968196756023437e-06,0.7191467510709215,25,50,10
28,8986,0.0010570632105491062,0.279794216995125,1.968181434417934e-06,0.7191467516128912,25,50,10
28,8987,0.0010550338282765204,0.27979421699507057,1.9612373744440505e-06,0.7191487879392784,25,50,10
28,8988,0.0010591718567905123,0.279794216994983,1.9549725806609915e-06,0.7191446561756457,25,50,10
28,8989,0.0010552984222523694,0.2797942169948218,1.941349597607056e-06,0.719148543233328,25,50,10
28,8990,0.0010771161017201379,0.27979421699496176,1.9533878663133938e-06,0.7191267135154515,25,50,10
28,8991,0.001077362596630223,0.2797942169949452,1.9551968793091684e-06,0.7191264652115451,25,50,10
28,8992,0.0010774327958490385,0.27979415255481305,1.9494379518358746e-06,0.7191264652113858,25,50,10
28,8993,0.0010731925286422618,0.2797983870588095,1.9551916410373677e-06,0.719126465220907,25,50,10
28,8994,0.0010750046929314673,0.27979657444510875,1.9556268753089965e-06,0.7191264652350843,25,50,10
28,8995,0.0010749693088466178,0.2797965744450709,1.9528451409952832e-06,0.7191265034009418,25,50,10
28,8996,0.0010907972810263703,0.2797965744452291,1.9652215711194806e-06,0.7191106630521734,25,50,10
28,8997,0.0010866961976360697,0.2797965744452644,1.9729102658351343e-06,0.7191147564468335,25,50,10
28,8998,0.0010887996396908397,0.27979448490079517,1.9590319770944735e-06,0.7191147564275369,25,50,10
28,8999,0.0010909390619858043,0.2797944849006538,1.9467988223940837e-06,0.7191126292385382,25,50,10
28,9000,0.0010828142145770487,0.2797944849005638,1.9392854839466594e-06,0.7191207615993754,25,50,10
28,9001,0.0010539682874041762,0.27979448489636405,1.7514104955863233e-06,0.7191497954057364,25,50,10
28,9002,0.001057960187458357,0.27979448489627423,1.7439495768079678e-06,0.7191458109666908,25,50,10
28,9003,0.0010520737879530881,0.27979448489633,1.775736752106426e-06,0.7191516655789651,25,50,10
28,9004,0.001083588234180689,0.2797944848966121,1.7979580280236843e-06,0.7191201289111798,25,50,10
28,9005,0.0010855181826988332,0.27979448489669967,1.8032520183275216e-06,0.7191181936685838,25,50,10
28,9006,0.0010895449337895008,0.2797904633279953,1.7980696348150508e-06,0.7191181936685811,25,50,10
28,9007,0.0010835886823807586,0.27979046332797775,1.8009070591535616e-06,0.719124147082583,25,50,10
28,9008,0.00109550275489168,0.2797904633279755,1.7976764728063944e-06,0.7191122362406607,25,50,10
28,9009,0.0007452685670190661,0.2797904633236497,1.049876315793722e-06,0.7194632182330161,25,50,10
28,9010,0.000745161862860779,0.27979046332355845,1.0431562553103497e-06,0.7194633316573261,25,50,10
28,9011,0.0007451643584773271,0.27979046071307434,1.043271119888131e-06,0.7194633316573292,25,50,10
28,9012,0.0007292276294561162,0.27979046071293295,1.0311236323278e-06,0.7194792805339791,25,50,10
28,9013,0.0007132926887327771,0.2798064108658884,1.015945053056146e-06,0.7194792805003264,25,50,10
28,9014,0.0006893481609835774,0.27980641086567304,9.98533749688221e-07,0.7195032424395943,25,50,10
28,9015,0.0006891702095665588,0.2798064108656408,9.992119325487734e-07,0.7195034197128608,25,50,10
28,9016,0.0006830427877284262,0.27980641086565794,9.975009056132281e-07,0.7195095488457084,25,50,10
28,9017,0.0006832563122222747,0.27980641086562263,9.969486826208395e-07,0.7195093358734727,25,50,10
28,9018,0.0006829289272036521,0.2798064108634957,8.954788850556291e-07,0.7195097647304152,25,50,10
28,9019,0.0006831400725505597,0.2798062002685884,8.949378847189519e-07,0.719509764720976,25,50,10
28,9020,0.0007128087215363976,0.2797765146768559,9.118565133835173e-07,0.7195097647450944,25,50,10
28,9021,0.0007125975517282523,0.27977651467690806,9.136467978382827e-07,0.719509974124566,25,50,10
28,9022,0.0006888143755120012,0.27980031564644947,8.958871222414188e-07,0.7195099740909164,25,50,10
28,9023,0.0006749734306107637,0.27980031564639696,8.900065495543681e-07,0.7195238209164428,25,50,10
28,9024,0.0006889869114318754,0.2798003156465015,8.953579227869873e-07,0.7195098020841441,25,50,10
28,9025,0.0007027903827401314,0.27978650697108465,9.005526072294801e-07,0.7195098020935683,25,50,10
28,9026,0.000696692615798646,0.27979260481318713,9.004774460255065e-07,0.7195098020935685,25,50,10
28,9027,0.0007069495211229264,0.2797926048133356,9.155825739372961e-07,0.7194995300829677,25,50,10
28,9028,0.0007049159297724532,0.27979260481349577,9.291061471317327e-07,0.7195015501505848,25,50,10
28,9029,0.0006990300089700369,0.2797984907223264,9.291180306156871e-07,0.719501550150673,25,50,10
28,9030,0.0006992800090439625,0.2797984907223105,9.284806613801591e-07,0.7195013007879842,25,50,10
28,9031,0.0006890287037939792,0.27979849072219815,9.165119832378772e-07,0.7195115640620248,25,50,10
28,9032,0.0006870666320084756,0.2797984907221099,9.101689320044554e-07,0.7195135324769495,25,50,10
28,9033,0.0006791460926908703,0.2797984907220592,9.039777139761898e-07,0.7195214592075361,25,50,10
28,9034,0.0006716167289513822,0.2797984907220619,9.284191401085993e-07,0.7195289641298466,25,50,10
28,9035,0.0006639106285481987,0.27980620175588555,9.234951530203158e-07,0.7195289641204132,25,50,10
28,9036,0.0006718661146944734,0.2798062017559384,9.292866198678881e-07,0.7195210028427474,25,50,10
28,9037,0.0006820922370554387,0.2798062017570284,9.84305665843426e-07,0.7195107217002504,25,50,10
28,9038,0.000681850631625705,0.27980644461870846,9.830495781546953e-07,0.7195107217000876,25,50,10
28,9039,0.0006815701574656697,0.2798064446186541,9.539883826586171e-07,0.7195110312354974,25,50,10
28,9040,0.0006975010311306096,0.2797904428806678,1.0240051976007234e-06,0.7195110320830038,25,50,10
28,9041,0.0006936818710055155,0.27979044288052735,1.0119267008569209e-06,0.7195148633217662,25,50,10
28,9042,0.0006799762961850721,0.2797904428804933,1.0074747028063517e-06,0.7195285733486186,25,50,10
28,9043,0.0011517359619336162,0.27979044288486293,1.383057365547088e-06,0.719056438095838,25,50,10
28,9044,0.0011576199843870505,0.27979044288486227,1.382987143926103e-06,0.7190505541436072,25,50,10
28,9045,0.001157621839428877,0.27979044100641015,1.383010719952296e-06,0.7190505541434413,25,50,10
28,9046,0.001151596335180341,0.2797904410063924,1.381694746720652e-06,0.7190565809636809,25,50,10
28,9047,0.0011513566587424977,0.2797907397295531,1.3234764938593186e-06,0.7190565801352108,25,50,10
28,9048,0.0011513566612993476,0.2797907397295531,1.3234774484896592e-06,0.7190565801316993,25,50,10
28,9049,0.0011410268910596153,0.2797907397283898,1.2363687394109289e-06,0.7190669970118112,25,50,10
28,9050,0.0011411318175363542,0.2797906345610565,1.23660491853823e-06,0.7190669970164886,25,50,10
28,9051,0.0006911882343579591,0.27979063455684544,8.748471386797712e-07,0.719517302361658,25,50,10
28,9052,0.0007032361166661934,0.27979063455902425,1.041733057616889e-06,0.719505087591252,25,50,10
28,9053,0.0007048888931350038,0.2797906345568788,8.792122213179884e-07,0.7195035973377648,25,50,10
28,9054,0.0007047496165716435,0.2797906345568757,8.790790250694684e-07,0.7195037367475279,25,50,10
28,9055,0.0006987918489149399,0.2797906345569464,8.832203746620493e-07,0.7195096903737642,25,50,10
28,9056,0.0007048881939554468,0.279790634557017,8.842207169044848e-07,0.7195035930283106,25,50,10
28,9057,0.000700754887396476,0.27979063455710457,8.905231541890212e-07,0.7195077200323448,25,50,10
28,9058,0.0007008603437841723,0.2797906345571218,8.907870395690072e-07,0.7195076143120545,25,50,10
28,9059,0.0006929142289489007,0.27979063455703457,8.83564337336434e-07,0.7195155676496792,25,50,10
28,9060,0.0006867857801353486,0.27979063455696424,8.795174484066176e-07,0.719521700145452,25,50,10
28,9061,0.0006930873141792588,0.2797843301349518,8.824046608042158e-07,0.7195217001462083,25,50,10
28,9062,0.000698973248955642,0.27978433013495146,9.223575894213886e-07,0.7195157742585038,25,50,10
28,9063,0.0007289252293699365,0.2797543301475374,9.703499717381724e-07,0.7195157742731211,25,50,10
28,9064,0.0007229313794801588,0.2797603238844841,9.704629177451274e-07,0.7195157742731184,25,50,10
28,9065,0.0007165224784772297,0.27976673553797105,9.677111094312112e-07,0.7195157742724427,25,50,10
28,9066,0.0007105013001638101,0.2797727576265898,9.668008827735484e-07,0.7195157742723639,25,50,10
28,9067,0.000718351438969163,0.27977275762689297,9.964334774027484e-07,0.7195078945006604,25,50,10
28,9068,0.000732187371735864,0.27977275762696324,1.0024552005660154e-06,0.7194940525461001,25,50,10
28,9069,0.0007404127938514936,0.27977275762710613,1.013777952408266e-06,0.7194858158010898,25,50,10
28,9070,0.0007404172126496852,0.27977275311334754,1.0138724862875665e-06,0.7194858158015164,25,50,10
28,9071,0.0007406653096335133,0.2797727531133328,1.0123187175180035e-06,0.719485569258316,25,50,10
28,9072,0.0007327158684879689,0.279772753113263,1.0063398677788528e-06,0.719493524678381,25,50,10
28,9073,0.00073278371648602,0.2797727531132655,1.0085870133739479e-06,0.7194934545832347,25,50,10
28,9074,0.0007327830398125296,0.2797727531132632,1.008432108631242e-06,0.7194934554148149,25,50,10
28,9075,0.0007267919102629086,0.2797727531130308,9.848553440143848e-07,0.7194994701213616,25,50,10
28,9076,0.0007209177108390416,0.27977275311303273,9.850866689100118e-07,0.7195053440894589,25,50,10
28,9077,0.0007047087703835009,0.27978897178470324,9.753754390045231e-07,0.7195053440694735,25,50,10
28,9078,0.0008187078899282712,0.2797889717847973,1.2189926295877133e-06,0.7193911013326445,25,50,10
28,9079,0.0008127476265515502,0.2797889717848323,3.4988617676365427e-06,0.719394781726848,25,50,10
28,9080,0.0006967865734927837,0.2797889717847064,3.2491272701239577e-06,0.7195109925145302,25,50,10
28,9081,0.0007006645347586377,0.27978897178482937,3.2670656407078043e-06,0.719507096614771,25,50,10
28,9082,0.0008203454739569198,0.2797889717911248,3.6930348846348215e-06,0.7193869897000331,25,50,10
28,9083,0.0007984521898265483,0.27978897179094914,3.680948254362756e-06,0.7194088950709694,25,50,10
28,9084,0.0008061169156652056,0.27978897179099904,3.6849761162483548e-06,0.7194012263172186,25,50,10
28,9085,0.0008100030989779869,0.2797889717910349,3.7399902296712747e-06,0.719397285119757,25,50,10
28,9086,0.0006826147338564354,0.27978897178467155,3.3091678453253887e-06,0.7195251043136263,25,50,10
28,9087,0.0006844377517949967,0.2797889717847059,1.035291604513002e-06,0.7195255551718942,25,50,10
28,9088,0.0006927760864156372,0.27978057659621447,1.0921304944365868e-06,0.7195255551868753,25,50,10
28,9089,0.0006989025738842053,0.27977444940171997,1.0928376965887418e-06,0.7195255551866991,25,50,10
28,9090,0.0006910606242710348,0.2797822970479212,1.0871505387704475e-06,0.7195255551772688,25,50,10
28,9091,0.0007051421997550661,0.279768203848245,1.098740903286293e-06,0.7195255552110962,25,50,10
28,9092,0.000704862945242105,0.27976820384819034,1.0947178764237976e-06,0.719525838488691,25,50,10
28,9093,0.0007126760453297959,0.27976038548257304,1.0999743054056353e-06,0.7195258384977915,25,50,10
28,9094,0.0007068220864063234,0.27976038548259086,1.1013440685572811e-06,0.719531691086934,25,50,10
28,9095,0.0007113841142983524,0.2797603854898708,1.179628552379714e-06,0.7195270507672781,25,50,10
28,9096,0.0006973321596320582,0.27977444349200026,1.1735904427798682e-06,0.7195270507579246,25,50,10
28,9097,0.0006954775786052309,0.27977630403163745,1.1676413531521521e-06,0.7195270507484038,25,50,10
28,9098,0.000699675443646679,0.27977630403155174,1.2038822019040734e-06,0.7195228166425995,25,50,10
28,9099,0.0006918632725637177,0.279776304031517,1.200450035125223e-06,0.7195306322458841,25,50,10
28,9100,0.0008314565843798424,0.2797763040378426,1.6244362798885692e-06,0.7193906149414977,25,50,10
28,9101,0.0008313492089296556,0.27977641169526085,1.6241590743854411e-06,0.7193906149367352,25,50,10
28,9102,0.0008175457484636244,0.27977641169520895,1.6195053469121766e-06,0.7194044230509806,25,50,10
28,9103,0.0008095627024310029,0.2797764116952258,1.5692387191802316e-06,0.7194124563636239,25,50,10
28,9104,0.0008030807881278533,0.27978294425166167,1.51860212838e-06,0.7194124563580823,25,50,10
28,9105,0.0008089667989096863,0.2797829442516616,1.5185967687014702e-06,0.7194065703526601,25,50,10
28,9106,0.0008089668230437001,0.2797829442516612,1.5185719761549843e-06,0.7194065703533188,25,50,10
28,9107,0.0008186313259891807,0.2797829442516735,1.4679150108582896e-06,0.7193969565073259,25,50,10
28,9108,0.0008428444969430515,0.2797829442538522,1.5984744563967993e-06,0.7193726127747477,25,50,10
28,9109,0.0008368187754623478,0.2797829442538356,1.5977716232431775e-06,0.7193786391990784,25,50,10
28,9110,0.0008370673216485643,0.2797829442537665,1.595791179537256e-06,0.719378392633405,25,50,10
28,9111,0.0008232331072201894,0.2797967846865037,1.5895822977818517e-06,0.7193783926239778,25,50,10
28,9112,0.0008249112151909013,0.2797967846792234,1.5149433913185027e-06,0.7193767891621943,25,50,10
28,9113,0.0008252622591334056,0.2797967846792778,1.515889692707312e-06,0.719376437171896,25,50,10
28,9114,0.0008294308016305312,0.27979262139800637,1.5106378273880596e-06,0.7193764371625357,25,50,10
28,9115,0.0008312841865167945,0.2797907614916015,1.5171447293861149e-06,0.7193764371771523,25,50,10
28,9116,0.000831319090770475,0.2797907255362873,1.5181958736578906e-06,0.7193764371770685,25,50,10
28,9117,0.000804826112918533,0.27979072553424783,1.4007394119013971e-06,0.7194030476134218,25,50,10
28,9118,0.0007909917684847872,0.2797907255341612,1.3935522651168313e-06,0.7194168891450887,25,50,10
28,9119,0.0007892749479818157,0.27979072553414464,1.390404983620427e-06,0.7194186091128902,25,50,10
28,9120,0.0007952660223435548,0.2797907255341446,1.3903773767908752e-06,0.7194126180661354,25,50,10
28,9121,0.0007851422507242245,0.2798008479647629,1.3917330738348873e-06,0.7194126180514394,25,50,10
28,9122,0.0007851397368373299,0.27980084796476257,1.3916898835537037e-06,0.7194126206085172,25,50,10
28,9123,0.0007910565414449816,0.2798008479647456,1.3904798508681427e-06,0.7194067050139591,25,50,10
28,9124,0.0007907048374891203,0.27980084796469146,1.388515287741546e-06,0.7194070586825322,25,50,10
28,9125,0.0007849568508271669,0.27980084796470933,1.3899588234257785e-06,0.7194128052256409,25,50,10
28,9126,0.000790878397930264,0.27980084796468957,1.3884630732086942e-06,0.7194068851743072,25,50,10
28,9127,0.0007908811259155115,0.27980084796469107,1.389287443728233e-06,0.7194068816219499,25,50,10
28,9128,0.0007907377238427989,0.27980084796468985,1.3881517543631696e-06,0.7194070261597134,25,50,10
28,9129,0.0007950094367342899,0.2797965814137645,1.3830035666602947e-06,0.7194070261459352,25,50,10
28,9130,0.0008166916607804316,0.2797965814139218,1.3954474250590528e-06,0.7193853314778734,25,50,10
28,9131,0.0008384801617489743,0.2797965814140624,1.4074614013359266e-06,0.7193635309627878,25,50,10
28,9132,0.0008304889683780065,0.27980460695628084,1.3731125655345883e-06,0.7193635309627764,25,50,10
28,9133,0.0008363063943243322,0.27980460695637094,1.379711634338677e-06,0.719357706937671,25,50,10
28,9134,0.0008143076876933035,0.27982661635509226,1.3690385708615133e-06,0.7193577069186442,25,50,10
28,9135,0.0008143462355573479,0.2798266163550381,1.3660786815073062e-06,0.7193576713307237,25,50,10
28,9136,0.0008143832828897431,0.27982661635505246,1.3640567634033255e-06,0.7193576363052945,25,50,10
28,9137,0.0006808185398035403,0.27982661634874256,9.441073620547184e-07,0.7194916210040919,25,50,10
28,9138,0.0006589974623242722,0.2798266163485656,9.293916916809159e-07,0.7195134567974186,25,50,10
28,9139,0.0006610291690922515,0.2798245973435311,9.167044139536476e-07,0.7195134567829632,25,50,10
28,9140,0.000660783827249238,0.2798248436540158,9.157319404645768e-07,0.719513456786795,25,50,10
28,9141,0.0006607838529973184,0.2798248436540158,9.157304446359975e-07,0.7195134567625427,25,50,10
28,9142,0.0006607875801611385,0.27982483932913377,9.1632790001756e-07,0.7195134567628056,25,50,10
28,9143,0.0006669175324367446,0.27982483932911745,9.171431564803686e-07,0.7195073259952899,25,50,10
28,9144,0.0006612035184004567,0.27982483932918945,9.219288338812492e-07,0.7195130352235768,25,50,10
28,9145,0.0006553544864574727,0.27982483933122426,9.217189168550153e-07,0.7195188844634017,25,50,10
28,9146,0.0006633027353997214,0.27981688559357154,9.271981171804318e-07,0.719518884472912,25,50,10
28,9147,0.0006652677191125549,0.2798168855936773,9.352625212154321e-07,0.7195169114246892,25,50,10
28,9148,0.0006729737839505645,0.27981688559376394,9.405261119995781e-07,0.7195092000961738,25,50,10
28,9149,0.0006750089275227237,0.27981483210895947,9.588335930384979e-07,0.7195092001299251,25,50,10
28,9150,0.0006689878773344762,0.27981483210894137,9.575213543937645e-07,0.7195152224923702,25,50,10
28,9151,0.0006848845199177713,0.279814832109071,9.683867625695991e-07,0.719499314984249,25,50,10
28,9152,0.0006847798584390466,0.27981483210691005,9.594078706755675e-07,0.7194994286267806,25,50,10
28,9153,0.0006685013999775965,0.2798148321067093,9.438251794432848e-07,0.719515722668134,25,50,10
28,9154,0.0006744611204615552,0.2798148321066727,9.422124048668866e-07,0.7195097645604613,25,50,10
28,9155,0.0006722895099836174,0.27981483210676006,9.57000390514325e-07,0.719511921382866,25,50,10
28,9156,0.0006663007919345591,0.27981483210684827,9.614265742078545e-07,0.7195179056746427,25,50,10
28,9157,0.0006643041252787597,0.2798168504174215,9.398165826112333e-07,0.719517905640717,25,50,10
28,9158,0.0006641967400474108,0.279816957667055,9.399520985628528e-07,0.719517905640799,25,50,10
28,9159,0.000664192908443657,0.279816957667054,9.400317310438356e-07,0.7195179093927709,25,50,10
28,9160,0.0006642670490222206,0.2798169576670018,9.36479178750264e-07,0.7195178388047969,25,50,10
28,9161,0.000670294166201609,0.27981695766702247,9.396983560940545e-07,0.7195118084684197,25,50,10
28,9162,0.0006680095610963953,0.27981695766718073,9.503659264381658e-07,0.7195140824057963,25,50,10
28,9163,0.0006663548255866811,0.2798184533751467,1.108835715177466e-06,0.7195140829635513,25,50,10
28,9164,0.0006664571536379941,0.2798184533751636,1.1090938344372553e-06,0.7195139803773637,25,50,10
28,9165,0.0006685955620232198,0.27981845337502337,1.0914358458584793e-06,0.7195118596271073,25,50,10
28,9166,0.0006745143983276305,0.2798184533750603,1.0941013365746164e-06,0.7195059381252755,25,50,10
28,9167,0.0006882204903444465,0.2798184533750406,1.0966940353736793e-06,0.7194922294405796,25,50,10
28,9168,0.0006881159723168466,0.27981845337505784,1.096934291601837e-06,0.7194923337183338,25,50,10
28,9169,0.0006881153811718328,0.2798184533750575,1.0967376400207417e-06,0.7194923345061305,25,50,10
28,9170,0.0007119231811378194,0.279818453376356,1.1191512711967467e-06,0.7194685042912348,25,50,10
28,9171,0.0007197378827237029,0.27981063355733754,1.1242590964104373e-06,0.7194685043008421,25,50,10
28,9172,0.0007198755918733639,0.27981063355737357,1.0868941891233006e-06,0.7194684039565632,25,50,10
28,9173,0.0007218404106841686,0.2798086611366819,1.0944770200721856e-06,0.7194684039756128,25,50,10
28,9174,0.0007277244508541963,0.2798027767331846,1.0948357535204925e-06,0.7194684039802068,25,50,10
28,9175,0.0007216923863547349,0.27980277673314974,1.0946304967646363e-06,0.7194744362499982,25,50,10
28,9176,0.0007197643164846219,0.2798027767330641,1.0914831376499696e-06,0.7194763674673129,25,50,10
28,9177,0.0007160203951067125,0.279802776733155,1.119086271800835e-06,0.7194800837854656,25,50,10
28,9178,0.0007161561705559023,0.2798027767331731,1.1204433819320876e-06,0.7194799466528882,25,50,10
28,9179,0.0007003254500386641,0.2798027767329968,1.1067423713635357e-06,0.7194957910745923,25,50,10
28,9180,0.0007140262276126039,0.27980277673303083,1.111109850378499e-06,0.7194820859295052,25,50,10
28,9181,0.0007141319156389142,0.2798027767341411,1.1144991351815764e-06,0.7194819768510843,25,50,10
28,9182,0.0007080360383906344,0.2798027767341408,1.1144991953413564e-06,0.7194880727282722,25,50,10
28,9183,0.0007060380061811866,0.27980476073219157,1.1285187378828863e-06,0.7194880727428884,25,50,10
28,9184,0.0007120293339993717,0.27979876900607326,1.1289119327801472e-06,0.7194880727479938,25,50,10
28,9185,0.0007120348977089326,0.27979876324970543,1.1291045851007935e-06,0.7194880727479998,25,50,10
28,9186,0.0007120299626020327,0.2797987682809536,1.1290085361781905e-06,0.7194880727479073,25,50,10
28,9187,0.0007121330493549271,0.27979876828097083,1.1292360619971903e-06,0.7194879694336113,25,50,10
28,9188,0.0007200939067352019,0.279790799681693,1.1369731977164e-06,0.7194879694383733,25,50,10
28,9189,0.0007062574307908224,0.27980464186537757,1.1312702949264248e-06,0.7194879694335359,25,50,10
28,9190,0.0007062770148754825,0.27980464186547066,2.6997692521189546e-06,0.719486381350401,25,50,10
28,9191,0.0007003192631141033,0.27980464186550696,2.7014586488719376e-06,0.7194923374127292,25,50,10
28,9192,0.0007001859780091589,0.27980464186547127,2.6988901715189446e-06,0.7194924732663472,25,50,10
28,9193,0.0006923634599771787,0.2798046418654731,2.694993447239941e-06,0.7195002996811019,25,50,10
28,9194,0.0007105620280761879,0.27980464186661963,2.8322658857765177e-06,0.7194819638394178,25,50,10
28,9195,0.0007106005102368906,0.27980460563181153,2.8300185284581736e-06,0.7194819638394226,25,50,10
28,9196,0.0007106306078460765,0.2798045750380656,2.8305192621940553e-06,0.7194819638348257,25,50,10
28,9197,0.0007106312093566363,0.2798045750380662,2.8305889870812305e-06,0.7194819631635896,25,50,10
28,9198,0.0007106305913792483,0.27980457503806716,2.831074060509438e-06,0.7194819632964925,25,50,10
28,9199,0.0007085989911748401,0.2798066148838775,2.8228383107282605e-06,0.7194819632866364,25,50,10
28,9200,0.0007104569045429999,0.2798066148839482,2.828855095326684e-06,0.7194800993564128,25,50,10
28,9201,0.0007065012743557655,0.2798066148827169,2.811693083835004e-06,0.7194840721498429,25,50,10
28,9202,0.0007061788604624183,0.2798066148826419,2.7871291711520416e-06,0.7194844191277237,25,50,10
28,9203,0.0006822944537098791,0.2798066148813778,2.7669758146201222e-06,0.719508323689097,25,50,10
28,9204,0.0006702325262629708,0.27980661488021524,2.6306037400144333e-06,0.7195205219897811,25,50,10
28,9205,0.000670795806169255,0.27980661488145003,2.7865837810485236e-06,0.7195198027285988,25,50,10
28,9206,0.0006708307949117982,0.2798065787491173,2.7877268642902397e-06,0.7195198027291059,25,50,10
28,9207,0.0006708307022382,0.27980657874911635,2.7876612213502158e-06,0.7195198028874233,25,50,10
28,9208,0.0006752859568324677,0.2798065787490679,2.786361120960735e-06,0.7195153489329779,25,50,10
28,9209,0.0006754236510573969,0.27980643858963583,2.788816981478407e-06,0.7195153489423247,25,50,10
28,9210,0.0006695370912182423,0.2798064385896002,2.7862275276249457e-06,0.7195212380916537,25,50,10
28,9211,0.0006573563864244228,0.2798187842872104,2.6218019801370648e-06,0.7195212375243847,25,50,10
28,9212,0.0006553593956001853,0.27981878428710405,2.612715289735641e-06,0.7195232436020058,25,50,10
28,9213,0.000661346458942866,0.27981878428711904,2.6127996304154505e-06,0.7195172564543078,25,50,10
28,9214,0.0006779851971562044,0.27981878434934054,2.685940992287878e-06,0.7195005445125109,25,50,10
28,9215,0.0006899311477925225,0.2798068393066126,2.6850286699919093e-06,0.7195005445169249,25,50,10
28,9216,0.000694099925594696,0.27980683930657774,2.6806605792509236e-06,0.7194963801072483,25,50,10
28,9217,0.0006881812775554466,0.2798068393065428,2.6781390257718633e-06,0.7195023012768759,25,50,10
28,9218,0.0006880752307844831,0.27980694574283677,2.6777544360281273e-06,0.7195023012719426,25,50,10
28,9219,0.0006955970856515345,0.2798069457416901,2.5290961058119093e-06,0.7194949280765526,25,50,10
28,9220,0.0007014854568843279,0.27980105735450617,2.5291121438202e-06,0.719494928076466,25,50,10
28,9221,0.0007074086045308704,0.27980105735455996,2.533023324651474e-06,0.7194890010175847,25,50,10
28,9222,0.0006995666532104432,0.2798010573544543,2.527483286837719e-06,0.7194968485090486,25,50,10
28,9223,0.0007057503448300907,0.2798010573543603,9.569510668350903e-07,0.7194922353497429,25,50,10
28,9224,0.0006892540196501092,0.27980105729233495,8.97126411857358e-07,0.7195087915616033,25,50,10
28,9225,0.0006893670028819658,0.27980094334872013,8.980770929955167e-07,0.7195087915713049,25,50,10
28,9226,0.0006954982871266894,0.27979480632098447,9.038199913517327e-07,0.7195087915718975,25,50,10
28,9227,0.0006897157593274403,0.27979480632098425,9.042927590252468e-07,0.7195145736269294,25,50,10
28,9228,0.000681834100011514,0.27980269119841217,9.010742181188537e-07,0.7195145736273583,25,50,10
28,9229,0.0006835553694287376,0.27980269119849943,9.078606213544559e-07,0.7195128455714505,25,50,10
28,9230,0.0006913990493805583,0.2798026911986048,9.144163652205542e-07,0.719504995335649,25,50,10
28,9231,0.0006914009496242132,0.27980269119860474,9.144161819475814e-07,0.7195049934355887,25,50,10
28,9232,0.0006914005515266544,0.27980269283001497,9.131877164680173e-07,0.7195049934307418,25,50,10
28,9233,0.0006792826501831353,0.27980269283001374,9.13567502992602e-07,0.7195171109523,25,50,10
28,9234,0.0006755695597418673,0.27980269282990866,9.021125443475455e-07,0.719520835497805,25,50,10
28,9235,0.0006695030192404892,0.2798026928299628,9.030163957458195e-07,0.7195269011344007,25,50,10
28,9236,0.000655805759438918,0.2798026928299287,8.995876308447046e-07,0.7195406018230013,25,50,10
28,9237,0.0006599453185705905,0.2798026928298242,8.91669502043014e-07,0.7195364701821029,25,50,10
28,9238,0.000659817147306689,0.279802692831967,9.901202136619844e-07,0.7195364999005125,25,50,10
28,9239,0.0006657699940341915,0.2798026928317705,9.767261637710291e-07,0.7195305604480314,25,50,10
28,9240,0.0007814845285924227,0.2798026928318989,1.2219105179787367e-06,0.7194146007289904,25,50,10
28,9241,0.002117926588547619,0.2784658197985694,1.6528608002268778e-06,0.7194146007520827,25,50,10
28,9242,0.002114111224399804,0.2784658197986086,1.657705612917248e-06,0.7194184112713785,25,50,10
28,9243,0.002119963394338942,0.27846581979857293,1.65606769641709e-06,0.7194125607393913,25,50,10
28,9244,0.0021158182471519124,0.2784658197986417,1.6619263453517693e-06,0.7194167000278605,25,50,10
28,9245,0.0021155229086707882,0.2784658197964783,1.5588280250082579e-06,0.7194170984668256,25,50,10
28,9246,0.0021157681115056975,0.2784658197964601,1.5605892160886333e-06,0.7194168515028178,25,50,10
28,9247,0.00199991293273264,0.2784658197962951,1.3126457758443905e-06,0.7195329546251961,25,50,10
28,9248,0.002003976742585567,0.2784658197962606,1.3082256135297129e-06,0.7195288952355398,25,50,10
28,9249,0.001999849690221633,0.2784699416291076,1.3128641113496642e-06,0.7195288958165591,25,50,10
28,9250,0.002028332381667221,0.27846994163111133,1.4034013818433691e-06,0.7195003225858392,25,50,10
28,9251,0.002028332801557391,0.2784699409808386,1.4036412875107814e-06,0.7195003225763162,25,50,10
28,9252,0.002026471023398285,0.2784718101543786,1.3962603587681916e-06,0.719500322561864,25,50,10
28,9253,0.0020205645870941054,0.2784718101543624,1.3971111768336846e-06,0.7195062281473663,25,50,10
28,9254,0.0020147094908341324,0.27847181015438116,1.3980325303452456e-06,0.7195120823222542,25,50,10
28,9255,0.002148123902836037,0.2784718101587493,1.770118561619774e-06,0.719378295819853,25,50,10
28,9256,0.0021540455619629365,0.27847181015878614,1.7728321658143306e-06,0.7193723714470849,25,50,10
28,9257,0.002042596887013129,0.2784718101546276,1.4138105622290647e-06,0.7194841791477968,25,50,10
28,9258,0.002042461286812969,0.2784718101545925,1.4122269917659293e-06,0.7194843163316026,25,50,10
28,9259,0.0020243038855838114,0.27847181015767564,1.4286093622481574e-06,0.7195024573473782,25,50,10
28,9260,0.00202434862995072,0.27847181015766104,1.4290486024047531e-06,0.7195024121637857,25,50,10
28,9261,0.0020200356621880924,0.2784718101547159,1.4826486018636215e-06,0.719506671534494,25,50,10
28,9262,0.002018170041180993,0.27847368481569407,1.4741804657362779e-06,0.7195066709626592,25,50,10
28,9263,0.0020318699904291666,0.27847368481574625,1.4776281907375171e-06,0.7194929675656339,25,50,10
28,9264,0.0020321507256432936,0.27847368481582135,1.4831130129183343e-06,0.7194926813455228,25,50,10
28,9265,0.0020242703373640324,0.27847368481577073,1.4785791801839768e-06,0.7195005662676853,25,50,10
28,9266,0.00202801415441395,0.2784736848157671,1.4753671050278114e-06,0.7194968256627142,25,50,10
28,9267,0.0020340389620392067,0.2784736848158187,1.4791257642024373e-06,0.7194907970963782,25,50,10
28,9268,0.0020398864188106904,0.27847368481583545,1.4788633995621866e-06,0.7194849499019544,25,50,10
28,9269,0.0020378999616739667,0.2784736848135528,1.3071437977166275e-06,0.7194871080809757,25,50,10
28,9270,0.002031946214700517,0.27847368481349655,1.3030037462537407e-06,0.7194930659680568,25,50,10
28,9271,0.0020319467963148805,0.27847368481349494,1.3029255790494392e-06,0.7194930654646113,25,50,10
28,9272,0.0020182462613156003,0.27847368481342555,1.298243724278522e-06,0.719506770681535,25,50,10
28,9273,0.0020183520711688106,0.2784736848133548,1.2961328710416068e-06,0.7195066669826056,25,50,10
28,9274,0.0020182126370847722,0.27847368481333606,1.294792891357e-06,0.7195068077566882,25,50,10
28,9275,0.0020121154969917152,0.2784736848133546,1.2935601759613983e-06,0.719512906129478,25,50,10
28,9276,0.0020126447995006697,0.2784736848133405,1.2977002129638915e-06,0.7195123726869461,25,50,10
28,9277,0.0020145022948379913,0.27847168474832856,1.4402651232081323e-06,0.7195123726917106,25,50,10
28,9278,0.002000584045458506,0.2784856098979487,1.4333742392820632e-06,0.7195123726823538,25,50,10
28,9279,0.0019942068084003715,0.27848560989783916,1.4273550658688684e-06,0.7195187559386949,25,50,10
28,9280,0.001994422717508347,0.27848560989787613,1.4280366251458683e-06,0.7195185393479907,25,50,10
28,9281,0.0021279205143280903,0.278485609902231,1.802054276203458e-06,0.7193846675291641,25,50,10
28,9282,0.002122034677656849,0.27849149530500794,1.8024834803794313e-06,0.7193846675338545,25,50,10
28,9283,0.002121966832182509,0.27849149530509715,1.8080235910584967e-06,0.7193847298391289,25,50,10
28,9284,0.0021293875756990587,0.27849149530521905,1.8110547070339032e-06,0.7193773060643744,25,50,10
28,9285,0.002135346231886361,0.278485537934191,1.8097696288803846e-06,0.7193773060642934,25,50,10
28,9286,0.0021353531293428324,0.278485537934192,1.809906789689297e-06,0.719377299029675,25,50,10
28,9287,0.000799195500563449,0.2798221238512168,1.3816319880185664e-06,0.7193772990162312,25,50,10
28,9288,0.0008289900049849725,0.27982212385142746,1.3977584841252297e-06,0.7193474883851029,25,50,10
28,9289,0.0008352303797762746,0.2798221238514281,1.3988728619013265e-06,0.7193412468959327,25,50,10
28,9290,0.0008351650512179161,0.27982212385141336,1.3991774100500898e-06,0.7193413119199578,25,50,10
28,9291,0.0008393330239536428,0.27981809791437373,1.2571510789681066e-06,0.7193413119105927,25,50,10
28,9292,0.0008334446768795912,0.2798180979143731,1.2571114329645481e-06,0.7193472002973135,25,50,10
28,9293,0.0008333435369081944,0.2798180979143578,1.256996510482678e-06,0.7193473015522227,25,50,10
28,9294,0.0008391192505115746,0.27981232104907705,1.258143522497084e-06,0.7193473015568881,25,50,10
28,9295,0.0008333689862979243,0.2798123210490959,1.2595001716781118e-06,0.719353050464434,25,50,10
28,9296,0.0008333366941799759,0.2798123547755162,1.2580708754096501e-06,0.719353050459428,25,50,10
28,9297,0.0012975147118323843,0.27981235477566013,1.4386694434532176e-06,0.7188886918430637,25,50,10
28,9298,0.0013032624441597128,0.27981235477564165,1.4373372608708325e-06,0.7188829454429374,25,50,10
28,9299,0.001273495639662065,0.2798123547754317,1.4197725289538722e-06,0.7189127298123769,25,50,10
28,9300,0.001271371022880687,0.2798143895825378,1.509553086842674e-06,0.7189127298414943,25,50,10
28,9301,0.0012774981891894121,0.27981438958258964,1.512337188364546e-06,0.7189065998910322,25,50,10
28,9302,0.0012834817675553077,0.2798143895826061,1.5132459753496234e-06,0.7189006154038629,25,50,10
28,9303,0.0026336108283205066,0.27981438970681294,5.800126088782929e-06,0.7175461993387775,25,50,10
28,9304,0.002633369361398164,0.2798143897068313,5.798463731665615e-06,0.7175464424680379,25,50,10
28,9305,0.002633330835109038,0.27981442631890974,5.800382463267628e-06,0.7175464424635172,25,50,10
28,9306,0.0021748853007599296,0.27981442632097353,5.687665449938643e-06,0.7180050007128159,25,50,10
28,9307,0.002174987313519365,0.2798144263209553,5.687269414383129e-06,0.7180048990961102,25,50,10
28,9308,0.0021933538821134625,0.2797960423729979,5.704633269950525e-06,0.7180048991116181,25,50,10
28,9309,0.0022173697956764313,0.27979604237616934,5.942846181269386e-06,0.7179806449819724,25,50,10
28,9310,0.002213471423345332,0.2798000314471318,5.852176664221431e-06,0.7179806449528582,25,50,10
28,9311,0.0023374089158996613,0.279800031447266,6.13253727429489e-06,0.7178564270995593,25,50,10
28,9312,0.002345114923971287,0.27980003144735355,6.1377834808709465e-06,0.7178487158451936,25,50,10
28,9313,0.002339229529306276,0.27980003144735255,6.137487531529418e-06,0.717854601535809,25,50,10
28,9314,0.0023451598272801006,0.27980003144729876,6.1345549193028475e-06,0.7178486741705012,25,50,10
28,9315,0.002341026480207259,0.279800031447386,6.140852514160064e-06,0.7178528012198919,25,50,10
28,9316,0.002353438074271493,0.2797875969078622,6.16375856599493e-06,0.7178528012592996,25,50,10
28,9317,0.0023536567362211847,0.27978759690783,6.164361707247183e-06,0.7178525819942411,25,50,10
28,9318,0.0010073464624314873,0.2797875967839426,1.9053967341792487e-06,0.7192031513568913,25,50,10
28,9319,0.0010069985654719818,0.27978795010257507,1.8999946520094951e-06,0.7192031513373004,25,50,10
28,9320,0.0009750325285439606,0.2797879500992957,1.6546097285305303e-06,0.7192353627624314,25,50,10
28,9321,0.0009613323033478071,0.27978795009924284,1.6498567053382067e-06,0.7192490677407036,25,50,10
28,9322,0.0018709068982364374,0.2788778686088176,2.156179399486209e-06,0.7192490683135461,25,50,10
28,9323,0.0018489418180001637,0.2788778686086219,2.1400601351025308e-06,0.7192710495132425,25,50,10
28,9324,0.0018450201234673108,0.27887786860830216,2.112118107772862e-06,0.7192749991501224,25,50,10
28,9325,0.0018511171537386791,0.2788778686082843,2.1123738836302947e-06,0.7192689018640931,25,50,10
28,9326,0.0018509735188384604,0.27887786860828306,2.1111987166003907e-06,0.7192690466741616,25,50,10
28,9327,0.0018588982175842337,0.27887786860826325,2.1188346749373717e-06,0.7192611143394774,25,50,10
28,9328,0.0018830756821640118,0.2788535902493198,2.2197089228523206e-06,0.7192611143595933,25,50,10
28,9329,0.001877048951138461,0.27885359024926637,2.216800334775477e-06,0.7192671439992603,25,50,10
28,9330,0.0018773319269632495,0.27885359024926853,2.219004296038745e-06,0.719266858819472,25,50,10
28,9331,0.00096785752349589,0.27976356955321563,1.714681420679654e-06,0.7192668582418679,25,50,10
28,9332,0.0009678568964810756,0.2797635725540836,1.7123076511410808e-06,0.7192668582417844,25,50,10
28,9333,0.0009617866895632326,0.2797635725540832,1.7142868113438873e-06,0.7192729264695421,25,50,10
28,9334,0.0009433843517258067,0.27978199759772093,1.691620081677172e-06,0.7192729264304716,25,50,10
28,9335,0.0009553660278291687,0.2797819975977397,1.6917129862139264e-06,0.7192609446614449,25,50,10
28,9336,0.0008374140503870836,0.27978199759763983,1.412445781917066e-06,0.7193791759061913,25,50,10
28,9337,0.0008375862552128879,0.279781997597694,1.442466907227999e-06,0.7193789736801858,25,50,10
28,9338,0.0008376512152705133,0.2797819975977106,1.442642004285983e-06,0.7193789085450146,25,50,10
28,9339,0.0008238045795116726,0.27978199759765926,1.4298209444708984e-06,0.7193927680018847,25,50,10
28,9340,0.0008237735872074407,0.27978202977687205,1.4286341944999588e-06,0.7193927680017262,25,50,10
28,9341,0.0008237696879949137,0.27978202977687106,1.4285848969493313e-06,0.7193927719502373,25,50,10
28,9342,0.0008376780527191969,0.2797820297769576,1.4327646625936375e-06,0.7193788594056607,25,50,10
28,9343,0.0008374247401932301,0.279782029776973,1.4318162692968086e-06,0.7193791136665648,25,50,10
28,9344,0.0008512630853510221,0.2797820297770245,1.437474902221507e-06,0.7193652696627225,25,50,10
28,9345,0.0008210693947243138,0.2798123262348431,1.3347275631548457e-06,0.7193652696428697,25,50,10
28,9346,0.0008132237030044428,0.2798123262347558,1.3284377076892914e-06,0.7193731216245323,25,50,10
28,9347,0.0010574110005006907,0.27956759400267794,1.8727751098054389e-06,0.7193731222217117,25,50,10
28,9348,0.0010573411303308577,0.2795675940026614,1.8756290434727787e-06,0.7193731892379644,25,50,10
28,9349,0.0010712487955270244,0.27955368151506305,1.880442102905501e-06,0.7193731892473072,25,50,10
28,9350,0.001079214080128482,0.27955368151290527,1.8181669718941843e-06,0.7193652862399944,25,50,10
28,9351,0.0010793875178502367,0.27955350498558873,1.8212418636952914e-06,0.7193652862546973,25,50,10
28,9352,0.0010873052878673092,0.2795455841047624,1.8243577725737602e-06,0.719365286249598,25,50,10
28,9353,0.0010874170817418336,0.27954558410474645,1.824245204389999e-06,0.7193651745683074,25,50,10
28,9354,0.0010873837580872708,0.2795455841047108,1.8225580258031556e-06,0.7193652095791763,25,50,10
28,9355,0.0009481400279723878,0.27954558410042823,1.4538366683354036e-06,0.719504822034931,25,50,10
28,9356,0.0009403258560355157,0.2795455841004301,1.4520836969338695e-06,0.7195126379598374,25,50,10
28,9357,0.000928119944324948,0.27955780344857567,1.4386481646798448e-06,0.7195126379589345,25,50,10
28,9358,0.0009241329244242129,0.279557803448646,1.4738030256509012e-06,0.7195165898239043,25,50,10
28,9359,0.0009380479376078718,0.2795578034487348,1.4771167747653342e-06,0.7195026714968827,25,50,10
28,9360,0.0009437938728113159,0.279557803448716,1.475743567981342e-06,0.7194969269349047,25,50,10
28,9361,0.0009496471889436727,0.2795578034486816,1.4741804310766155e-06,0.7194910751819436,25,50,10
28,9362,0.0009495743456045126,0.27955780344860826,1.443705250509807e-06,0.7194911785005366,25,50,10
28,9363,0.0009557039760771295,0.27955780344866166,1.4466162570648006e-06,0.719485045959004,25,50,10
28,9364,0.0009576637708446749,0.27955583770221426,1.4525588380969023e-06,0.7194850459681028,25,50,10
28,9365,0.0009514229583461839,0.2795558377022478,1.4519930060821072e-06,0.7194912873464,25,50,10
28,9366,0.001637921522004465,0.2788693168895097,1.4742618219248682e-06,0.7194912873266641,25,50,10
28,9367,0.0016420746896925948,0.2788693168907065,1.5660322208917282e-06,0.71948704238738,25,50,10
28,9368,0.0016420398334561857,0.27886931689076283,1.5691804037261547e-06,0.7194870740953767,25,50,10
28,9369,0.0016399866898574003,0.27886931689097805,1.5857891729964934e-06,0.7194891106299912,25,50,10
28,9370,0.001635818143273859,0.27886931689099403,1.5900169658152646e-06,0.7194932749487658,25,50,10
28,9371,0.0016279012992779743,0.2788693168909593,1.5878477687898639e-06,0.7195011939619931,25,50,10
28,9372,0.0016219653687035527,0.2788693168911572,1.6060686166979683e-06,0.7195071116715218,25,50,10
28,9373,0.0016278768003215557,0.27886931689117456,1.6072873455036445e-06,0.7195011990211577,25,50,10
28,9374,0.0016279830910163984,0.27886931689115735,1.6070161342673334e-06,0.7195010930016914,25,50,10
28,9375,0.001632012696634233,0.278869316891106,1.6002709332245053e-06,0.719497070141326,25,50,10
28,9376,0.0016299941619442651,0.2788693168908383,1.5749919065676548e-06,0.7194991139553103,25,50,10
28,9377,0.0016242167654688267,0.27886931689087907,1.5814722797275917e-06,0.7195048848713719,25,50,10
28,9378,0.0016280699310309912,0.27886931689102074,1.5935739839439698e-06,0.7195010196039634,25,50,10
28,9379,0.0016222892161086519,0.2788693168910202,1.5935351847281678e-06,0.7195068003576854,25,50,10
28,9380,0.0016142946939456412,0.2788693168911428,1.6063888014784867e-06,0.7195147820261094,25,50,10
28,9381,0.0016143299715886347,0.2788693168909479,1.587362311504534e-06,0.7195147657751513,25,50,10
28,9382,0.0016142511861550878,0.2788693168909829,1.588891771922204e-06,0.7195148430310893,25,50,10
28,9383,0.0016146081084705125,0.2788693168909491,1.5894533044978324e-06,0.7195144855472749,25,50,10
28,9384,0.0016086509272295604,0.27886931689094985,1.589503246549008e-06,0.7195204426785733,25,50,10
28,9385,0.0006917930534671332,0.2797867361218152,1.0287144153771508e-06,0.7195204421103015,25,50,10
28,9386,0.0006917930844520033,0.27978673612181515,1.0287139697318207e-06,0.7195204420797622,25,50,10
28,9387,0.0006898637927767988,0.27978673612172517,9.922065767764738e-07,0.7195224078789204,25,50,10
28,9388,0.0006897623778358397,0.2797867361217442,9.92626183951507e-07,0.7195225088742351,25,50,10
28,9389,0.000689616381260301,0.2797867361217579,9.891573588577597e-07,0.719522658339622,25,50,10
28,9390,0.0006955781263849692,0.2797867361218323,9.884344532381252e-07,0.7195166973173283,25,50,10
28,9391,0.0016133443888158938,0.2797867361261661,6.9997804205312896e-06,0.7185929197045963,25,50,10
28,9392,0.001613591188055311,0.2797867361262209,0.0001863804299690436,0.7184132922557535,25,50,10
28,9393,0.001621546244163341,0.27978673612627347,0.0001863863211938629,0.7184053313083679,25,50,10
28,9394,0.0017469857799233355,0.2797867361305945,0.00018675654970679123,0.718279521539774,25,50,10
28,9395,0.0017427187546812492,0.27978673612943017,0.000186664199853967,0.7182838809160331,25,50,10
28,9396,0.001756417122752208,0.27978673612942884,0.00018666497816897978,0.7182701817696489,25,50,10
28,9397,0.0017584621826408772,0.2797867361345657,0.00018678853701518876,0.7182680131457773,25,50,10
28,9398,0.001758179283130368,0.27978673613456345,0.00018678633494255092,0.7182682982473629,25,50,10
28,9399,0.0017580392314816057,0.279786736134545,0.00018678497210542828,0.7182684396618675,25,50,10
28,9400,0.0017598689591102772,0.27978673613463345,0.00018679230569795393,0.7182666026005579,25,50,10
28,9401,0.0017539745077925577,0.2797867361293562,0.00018665672287511615,0.7182726326399758,25,50,10
28,9402,0.001758143108531356,0.2797825727646128,0.0001866514960696174,0.7182726326307859,25,50,10
28,9403,0.0017581123481434557,0.2797826043056825,0.0001866507155534814,0.7182726326306202,25,50,10
28,9404,0.0017522295950388985,0.2797826043056819,0.0001866506299045777,0.718278515469374,25,50,10
28,9405,0.001756580877885849,0.27978260430584706,0.000186667079312058,0.7182741477369541,25,50,10
28,9406,0.001750728694916294,0.2797826043058833,0.00018666874672153565,0.7182799982524779,25,50,10
28,9407,0.001758852045460669,0.2797826043060077,0.00018667776758964167,0.7182718658809409,25,50,10
28,9408,0.0017528909523301225,0.27978260430593427,0.0001866785442547341,0.7182778261974794,25,50,10
28,9409,0.0017449706977160726,0.27979052968571216,0.00018667342844458143,0.718277826188126,25,50,10
28,9410,0.001744830724176445,0.27979052968569307,0.00018667203546752397,0.7182779675546617,25,50,10
28,9411,0.0017451089692184863,0.27979024829574867,0.0001866751659097801,0.7182779675691221,25,50,10
28,9412,0.0017469614685322716,0.27979024829580085,0.0001866809331614284,0.7182761093025044,25,50,10
28,9413,0.0019851653041197776,0.27979024830015947,0.00018721715296706582,0.718037369242753,25,50,10
28,9414,0.003330639960751614,0.27979024830441385,0.00018791375043557615,0.7166911979843984,25,50,10
28,9415,0.00333635632516081,0.27978453492143257,0.00018791078354869441,0.7166911979698573,25,50,10
28,9416,0.003342276979862759,0.279784534921451,0.00018791240471558414,0.71668527569397,25,50,10
28,9417,0.0033481997287003722,0.2797845349213787,0.0001879080922020538,0.716679357257718,25,50,10
28,9418,0.0033403529525909493,0.2797923875387557,0.00018790225985906812,0.7166793572487936,25,50,10
28,9419,0.0033541907527892306,0.2797923875388266,0.00018790833504442455,0.716665513373339,25,50,10
28,9420,0.0033544034297048773,0.2797923875387919,0.00018790752732896027,0.7166653015041736,25,50,10
28,9421,0.003356457230972413,0.27979238753857755,0.0001878910043951405,0.7166632642260542,25,50,10
28,9422,0.0033505694779944663,0.2797923875385766,0.0001878909917202815,0.7166691519917079,25,50,10
28,9423,0.003354806474088844,0.27979238753843316,0.00018788369484599486,0.7166649222926312,25,50,10
28,9424,0.0024552044550798222,0.27979238753431496,0.00018189085345791259,0.7175705171571469,25,50,10
28,9425,0.002463047722668015,0.27978453799550423,0.0001818971104870383,0.7175705171713403,25,50,10
28,9426,0.0022249518376114535,0.27978453799111125,0.0001813607054252121,0.7178091494658516,25,50,10
28,9427,0.0027024740095734964,0.27978453799738484,0.0001818176366456474,0.7173311703563955,25,50,10
28,9428,0.002702485141362341,0.2797845240503625,0.00018182045671314968,0.7173311703515616,25,50,10
28,9429,0.002702485733086168,0.2797845240503628,0.00018182046599000967,0.7173311697505607,25,50,10
28,9430,0.002694536281806732,0.27979247948883956,0.00018181448822864377,0.7173311697411247,25,50,10
28,9431,0.0028118168226021613,0.2797924794929798,0.00018217278432202655,0.7172135309000955,25,50,10
28,9432,0.002805823943772111,0.27979247949299607,0.00018217300702444287,0.7172195235562069,25,50,10
28,9433,0.002805546685984971,0.2797927595067525,0.00018217026099932298,0.7172195235462627,25,50,10
28,9434,0.0027993761728297177,0.2797927595066436,2.7856638249803868e-06,0.7174050786567011,25,50,10
28,9435,0.001453861113064807,0.27979275950237253,2.090840183394415e-06,0.7187512885443789,25,50,10
28,9436,0.0014542853399880321,0.2646854113785258,0.015109014741510877,0.7187512885399753,25,50,10
28,9437,0.0014562144606104666,0.2646854113786156,0.015109022727659677,0.7187493514331141,25,50,10
28,9438,0.0014521506405122835,0.26468947004955257,0.015109027867461218,0.7187493514424738,25,50,10
28,9439,0.0014538252357605868,0.26468947004940735,0.015109012788411902,0.7187476919264202,25,50,10
28,9440,0.001447694315991401,0.26468947004942456,0.015109011717376346,0.7187538239172074,25,50,10
28,9441,0.0014334826866189054,0.2646894700493209,0.01510900343248234,0.7187680438315779,25,50,10
28,9442,0.0014414689839555754,0.26468146839509726,0.015109018741516463,0.7187680438794307,25,50,10
28,9443,0.0014413608729925231,0.2646815762392361,0.015109019003498292,0.7187680438842731,25,50,10
28,9444,0.0014413627318710326,0.26468157623923483,0.015109018939433732,0.7187680420894604,25,50,10
28,9445,0.001435228386347442,0.2646815762392523,0.015109016165272337,0.7187741792091277,25,50,10
28,9446,0.0014352283839999215,0.2646815762392523,0.015109016164174602,0.7187741792125729,25,50,10
28,9447,0.0009516429591143645,0.2646815762329796,0.015108560332365836,0.7192582204755398,25,50,10
28,9448,0.0009378051590540194,0.2646815762329096,0.015108554334896713,0.7192720642731397,25,50,10
28,9449,0.000937699670526642,0.26468157623294525,0.015108554934263245,0.7192721691622649,25,50,10
28,9450,0.0009296076975317184,0.2646896838384904,0.015108539349906082,0.7192721691140718,25,50,10
28,9451,0.0009379030796597494,0.2646896838385293,0.015108545547043772,0.719263867534767,25,50,10
28,9452,0.0009321572224110748,0.2646896838386935,0.015108576741492566,0.7192695821974026,25,50,10
28,9453,0.0009321596799198266,0.2646896838386941,0.015108576768896945,0.719269579712489,25,50,10
28,9454,0.0009318039200140057,0.2797969607216119,1.6556315293005112e-06,0.7192695797268444,25,50,10
28,9455,0.0009380679592958423,0.2797969607217345,1.6643750003438704e-06,0.719263306943969,25,50,10
28,9456,0.0009323325107320039,0.2797969607217898,1.666571354689277e-06,0.7192690401961229,25,50,10
28,9457,0.0009523011407653104,0.27979696072186067,1.6736552448390628e-06,0.7192490644821287,25,50,10
28,9458,0.0009524388837587193,0.27979696072187815,1.6749876079837327e-06,0.7192489254067546,25,50,10
28,9459,0.0009505460492046318,0.2797969607218243,1.6696073855291653e-06,0.7192508236215851,25,50,10
28,9460,0.0010574335377339158,0.2797969607217934,1.8104743721607983e-06,0.7191437952661001,25,50,10
28,9461,0.0010494554472674543,0.2797969607217221,1.8053648692787302e-06,0.7191517784661405,25,50,10
28,9462,0.0010496080844794925,0.27979696072174154,1.8064994537721984e-06,0.7191516246943246,25,50,10
28,9463,0.0010553654971305205,0.27979696072172494,6.505275962628498e-06,0.7191411685051812,25,50,10
28,9464,0.0019594337551607144,0.2797969607217723,6.9054465705910115e-06,0.7182367000764959,25,50,10
28,9465,0.0019593969422761763,0.27979696072173593,6.902798051810426e-06,0.7182367395379355,25,50,10
28,9466,0.001959396301563393,0.279796960721735,6.902764302394798e-06,0.7182367402123989,25,50,10
28,9467,0.001959581244096157,0.2797969607216793,7.019623255061794e-06,0.7182364384109691,25,50,10
28,9468,0.001959581368966321,0.27979696072167837,7.019564100344448e-06,0.7182364383452547,25,50,10
28,9469,0.00195955131835003,0.2797969607216609,7.01828045660965e-06,0.7182364696795321,25,50,10
28,9470,0.00195530295738533,0.27979696072176624,6.905975882821298e-06,0.7182408303449652,25,50,10
28,9471,0.0018158625427519913,0.2797969607174984,6.536557295666889e-06,0.7183806401824533,25,50,10
28,9472,0.0018220735093578233,0.2797969607175725,6.5391987629726e-06,0.7183744265743062,25,50,10
28,9473,0.001822108862394587,0.2797969284729664,6.536105043181321e-06,0.7183744265595955,25,50,10
28,9474,0.0018219587405356155,0.279796928472947,6.535008923718741e-06,0.7183745777775932,25,50,10
28,9475,0.0018279504842777584,0.279796928472982,6.535546019577101e-06,0.7183685854967199,25,50,10
28,9476,0.001822087902935265,0.27979692847299886,1.8367721975256936e-06,0.7183791468518677,25,50,10
28,9477,0.001844047421731757,0.279796928473123,1.8496523624408775e-06,0.7183571744527822,25,50,10
28,9478,0.0018422249804320046,0.2797987561823401,1.8443938020775707e-06,0.7183571744434254,25,50,10
28,9479,0.0018204011779871993,0.2797987561822339,1.832801808549914e-06,0.7183790098379699,25,50,10
28,9480,0.0018205155983899177,0.2797986419245638,1.832643574648563e-06,0.7183790098334712,25,50,10
28,9481,0.002314367975602297,0.2797986419299543,5.5300180379928536e-06,0.717881460076405,25,50,10
28,9482,0.0023124765392982007,0.2797986419298671,5.522714280896939e-06,0.7178833588165534,25,50,10
28,9483,0.002312614592416476,0.2797986419299033,5.525325462012615e-06,0.7178832181522179,25,50,10
28,9484,0.002312294879572367,0.2797986419299896,5.650251692710112e-06,0.7178834129387448,25,50,10
28,9485,0.0018471186324619734,0.27979864193094356,2.131721591976457e-06,0.718352107715002,25,50,10
28,9486,0.0022880978724326814,0.27979864192986775,2.3935311240563292e-06,0.7179108666665749,25,50,10
28,9487,0.0022821781545986734,0.27979864192986786,2.4212491557782644e-06,0.717916758666377,25,50,10
28,9488,0.0022881686406720013,0.27979864192986775,2.421237725115078e-06,0.7179107681917345,25,50,10
28,9489,0.0022880623595294934,0.2797986419298483,2.393079297861955e-06,0.7179109026313237,25,50,10
28,9490,0.0020420339056172977,0.2797986419256339,1.885517503134118e-06,0.7181574386512447,25,50,10
28,9491,0.002045816783282896,0.2797986419257237,1.9051910382777348e-06,0.7181536360999542,25,50,10
28,9492,0.00204571246767126,0.279798641925707,1.9040366598516709e-06,0.7181537415699608,25,50,10
28,9493,0.002045814938981008,0.2797986419257237,1.9042180806330422e-06,0.7181536389172136,25,50,10
28,9494,0.0020564283629795695,0.2797986419310086,1.972480328326704e-06,0.7181429572256824,25,50,10
28,9495,0.002056559755439459,0.2797985126953786,1.9703233369584804e-06,0.7181429572258442,25,50,10
28,9496,0.0020621009032026124,0.2797985126955524,1.980511421294017e-06,0.7181374058898231,25,50,10
28,9497,0.0020619637791820353,0.2797985126955349,1.979160853541912e-06,0.7181375443644289,25,50,10
28,9498,0.0020580029411314373,0.2797985126955878,1.9869525706961377e-06,0.7181414974107095,25,50,10
28,9499,0.0020536508860607996,0.2797985126955838,1.990378578557635e-06,0.7181458460397766,25,50,10
28,9500,0.0020555775561483668,0.2797985126956892,1.996012345063191e-06,0.7181439137358171,25,50,10
28,9501,0.0020553333916557646,0.279798760358263,1.992533474649319e-06,0.7181439137166065,25,50,10
28,9502,0.002051375620997803,0.2797987603580862,1.9787943576808148e-06,0.7181478852265581,25,50,10
28,9503,0.0025286779272985283,0.2797987603623104,2.3480507383421774e-06,0.7176702136596524,25,50,10
28,9504,0.0025147269419161207,0.27979876036224094,2.3399982611618375e-06,0.7176841726975814,25,50,10
28,9505,0.0026661973392578496,0.27964658116549673,3.0159998452892475e-06,0.7176842054953998,25,50,10
28,9506,0.0026554814490505896,0.2796465811601952,2.94876685097606e-06,0.717694988623903,25,50,10
28,9507,0.0037057963663236506,0.2796465812893879,6.908213969758809e-06,0.7166407141303188,25,50,10
28,9508,0.0037196319835609798,0.2796465812894564,6.914171386873873e-06,0.7166268725555957,25,50,10
28,9509,0.003719665834681832,0.27964658128947484,6.91545791809457e-06,0.7166268374179247,25,50,10
28,9510,0.003723699598596788,0.27964658128968994,6.988643244979792e-06,0.7166227304684676,25,50,10
28,9511,0.0037236995989807144,0.2796465812895295,6.977957543345196e-06,0.7166227411539456,25,50,10
28,9512,0.0037257707819206916,0.2796465812893875,6.955476135130963e-06,0.7166206924525562,25,50,10
28,9513,0.0037257353454525216,0.2796462308266571,7.3413511066126894e-06,0.7166206924767832,25,50,10
28,9514,0.004616170231467179,0.2796462308267999,7.657873894319569e-06,0.7157299410678379,25,50,10
28,9515,0.004616485063009667,0.2796462308266243,7.526461068201166e-06,0.7157297576492977,25,50,10
28,9516,0.00461255741324824,0.27964623082642986,7.453812763713883e-06,0.715733757947558,25,50,10
28,9517,0.004618551487642236,0.2796462308264834,7.457723731717928e-06,0.7157277599621427,25,50,10
28,9518,0.004624541249599632,0.27964623082646267,7.457180732313179e-06,0.7157217707432052,25,50,10
28,9519,0.00462023450098598,0.27964623082649565,7.460443421506011e-06,0.7157260742290967,25,50,10
28,9520,0.004614488565638677,0.27965197499427386,7.462201467236368e-06,0.7157260742386201,25,50,10
28,9521,0.0037163063116166374,0.27965197499409866,7.033528504715102e-06,0.71662468516578,25,50,10
28,9522,0.0037023282714931435,0.279665959679452,7.026888029373691e-06,0.7166246851610255,25,50,10
28,9523,0.003708318538798558,0.27966595967946867,7.025854630060187e-06,0.7166186959271027,25,50,10
28,9524,0.003244842481547473,0.2796659596752239,6.660896478120922e-06,0.7170825369467504,25,50,10
28,9525,0.003238920133918331,0.2796722670679721,6.275875502455614e-06,0.7170825369226068,25,50,10
28,9526,0.0032389497248548555,0.2796722670679897,6.277145582098653e-06,0.7170825060615732,25,50,10
28,9527,0.003236883807118295,0.27967226706814796,6.290532927035737e-06,0.7170845585918066,25,50,10
28,9528,0.003242805519329742,0.27966634304885374,6.292815525998176e-06,0.7170845586162905,25,50,10
28,9529,0.003242697375204764,0.2796663430488703,6.295072127221639e-06,0.7170846645037975,25,50,10
28,9530,0.0032587398323103917,0.27965028716995827,6.308474900440889e-06,0.7170846645228306,25,50,10
28,9531,0.003101162423865456,0.27980857356340705,5.632288062768155e-06,0.7170846317246645,25,50,10
28,9532,0.0020508098016925034,0.27980857343417687,1.6720718978204754e-06,0.7181389446922328,25,50,10
28,9533,0.0020428618688206296,0.27980857343410703,1.6660271546008264e-06,0.7181468986699179,25,50,10
28,9534,0.002037008486596768,0.2798085734341255,1.6673971347180882e-06,0.7181527506821429,25,50,10
28,9535,0.0020311244492567876,0.27980857343412585,1.6653710834883594e-06,0.7181586367455338,25,50,10
28,9536,0.001126851164437236,0.2798085734339312,1.3431375080232157e-06,0.7190632322641234,25,50,10
28,9537,0.001128884780327987,0.2798085734337556,1.3285037091499092e-06,0.7190612132822071,25,50,10
28,9538,0.0011232826321127569,0.27980857343374005,1.327456968603527e-06,0.7190668164771787,25,50,10
28,9539,0.001121248574631791,0.2798085734338808,1.3395524485744524e-06,0.719068838439039,25,50,10
28,9540,0.0011214938039458546,0.27980832693997304,1.3408170341437556e-06,0.7190688384390471,25,50,10
28,9541,0.0011494423459822217,0.2798083269400981,1.3527856844336937e-06,0.7190408779282355,25,50,10
28,9542,0.0011637656118408798,0.2798083269400668,1.3566737263183699e-06,0.7190265507743661,25,50,10
28,9543,0.0011618369212042657,0.2798083269399801,1.3534812390165411e-06,0.7190284826575762,25,50,10
28,9544,0.0011598771342797493,0.2798083269399275,1.3487609252843718e-06,0.7190304471648671,25,50,10
28,9545,0.0011556053247393744,0.27981259230446043,1.3551868882301103e-06,0.7190304471839116,25,50,10
28,9546,0.0011536423734229034,0.279814562794975,1.3476666545733138e-06,0.7190304471649472,25,50,10
28,9547,0.0011593893215157678,0.27981456279484734,1.3383099948773523e-06,0.7190247095736417,25,50,10
28,9548,0.0011433157048255274,0.27983065036465793,1.3243714830718447e-06,0.7190247095590331,25,50,10
28,9549,0.0011491997226613384,0.27983065036465815,1.3244215702972682e-06,0.71901882549111,25,50,10
28,9550,0.0011550517794427465,0.27983065036464094,1.3231447145110396e-06,0.7190129747112016,25,50,10
28,9551,0.0011530585112146134,0.2798306503645355,1.315521767262878e-06,0.7190149756024823,25,50,10
28,9552,0.001166473061353889,0.27983065036453136,1.317050784943665e-06,0.7190015595233296,25,50,10
28,9553,0.001168470587962275,0.2798306503646374,1.3247524189841254e-06,0.718999554294981,25,50,10
28,9554,0.0011624072936870324,0.2798306503646386,1.3258630630346966e-06,0.7190056164786104,25,50,10
28,9555,0.0011583809756791023,0.27983065036471,1.3319406132958849e-06,0.7190096367189966,25,50,10
28,9556,0.0011523893977428534,0.27983065036469273,1.3306464565519281e-06,0.7190156295911072,25,50,10
28,9557,0.0011564197156075503,0.2798306503646405,1.323883003946137e-06,0.7190116060367476,25,50,10
28,9558,0.001148434458989524,0.27983065036456894,1.3177537242997958e-06,0.7190195974227167,25,50,10
28,9559,0.0011399980569183612,0.27983065036460114,1.31393308728556e-06,0.7190280376453928,25,50,10
28,9560,0.001134250326181047,0.27983065036462057,1.315364751209149e-06,0.7190337839444468,25,50,10
28,9561,0.0011204148248867727,0.2798306503645514,1.3094198997933764e-06,0.7190476253906617,25,50,10
28,9562,0.001120380357940511,0.27983065036453236,1.3080272769993196e-06,0.7190476612502499,25,50,10
28,9563,0.0010908560500932948,0.2798306503644102,1.2953757861668458e-06,0.7190771982097103,25,50,10
28,9564,0.0010908597359148274,0.27983065036440924,1.2953227286235852e-06,0.7190771945769475,25,50,10
28,9565,0.00109712654883024,0.2798243805568222,1.2983029489109378e-06,0.7190771945913988,25,50,10
28,9566,0.0010968486782426579,0.27982466163199743,1.2951129799302938e-06,0.7190771945767801,25,50,10
28,9567,0.0010969931714677889,0.2798246616320201,1.3011515285178855e-06,0.7190770440449837,25,50,10
28,9568,0.0011028771777985764,0.27982466163201936,1.3012166002752177e-06,0.7190711599735816,25,50,10
28,9569,0.0012502569393318637,0.2798246616364631,1.6787643728556173e-06,0.7189234026598317,25,50,10
28,9570,0.0012442325628642047,0.2798246616364262,1.6771003381067977e-06,0.718929428700371,25,50,10
28,9571,0.0012383800030794886,0.27982466163655234,1.6863128541116647e-06,0.7189352720475138,25,50,10
28,9572,0.0010913507071778738,0.2798246616322344,1.313993959739659e-06,0.7190826736666277,25,50,10
28,9573,0.0006278635913874631,0.27982466162703884,8.787101200489604e-07,0.7195465960714525,25,50,10
28,9574,0.0006275847491223589,0.27982466162692965,8.706058351468188e-07,0.7195468830181119,25,50,10
28,9575,0.0006274490355107177,0.2798246616269112,8.693219595958085e-07,0.7195470200156175,25,50,10
28,9576,0.0006211450900400441,0.27982466162681957,8.626075395158888e-07,0.7195533306756,25,50,10
28,9577,0.0006270284290225764,0.2798246616268205,8.627352609235366e-07,0.7195474472088951,25,50,10
28,9578,0.0006328792172727947,0.2798246616266956,8.536014013497123e-07,0.7195416055546293,25,50,10
28,9579,0.0006328081659575559,0.27982466162667935,8.544239628072533e-07,0.719541675783399,25,50,10
28,9580,0.0006468916043058442,0.279824661626786,8.620881200966019e-07,0.7195275846807867,25,50,10
28,9581,0.0006468265224333675,0.2798246616267847,8.599810916604427e-07,0.719527651869689,25,50,10
28,9582,0.0006607379572882522,0.27982466162687136,8.652193191036247e-07,0.7195137351965201,25,50,10
28,9583,0.0006625951769604503,0.2798227987492772,8.70872648941519e-07,0.7195137352011125,25,50,10
28,9584,0.0006687261038283997,0.27982279874936566,8.763194831935187e-07,0.7195075988273217,25,50,10
28,9585,0.0006669009013395358,0.2798227987493121,8.715493903314871e-07,0.7195094287999573,25,50,10
28,9586,0.0006748522262870823,0.2798227987493831,8.776072394415611e-07,0.7195014714170895,25,50,10
28,9587,0.0006747107422503582,0.2798227987493118,8.724060167230567e-07,0.7195016181024202,25,50,10
28,9588,0.0006749564640998712,0.27982279874938404,8.776703582021638e-07,0.719501367116157,25,50,10
28,9589,0.0006749240971477565,0.27982282995717056,8.788346249335086e-07,0.7195013671110563,25,50,10
28,9590,0.000680916689298552,0.2798168373994161,8.78799975038035e-07,0.7195013671113096,25,50,10
28,9591,0.0006790570464103207,0.2798187027049146,8.731421271933746e-07,0.7195013671065473,25,50,10
28,9592,0.0006730996208937068,0.279818702704898,8.738268659231818e-07,0.7195073238473421,25,50,10
28,9593,0.0006933678860319685,0.2798187027049748,8.804405850750479e-07,0.7194870489684082,25,50,10
28,9594,0.0006992519850963929,0.2798187027049748,8.804390534141218e-07,0.7194811648708752,25,50,10
28,9595,0.0011709364962824952,0.27981870271138354,1.61590045072294e-06,0.7190087448918832,25,50,10
28,9596,0.001170794611670638,0.27981884622037523,1.6142857628527195e-06,0.7190087448821914,25,50,10
28,9597,0.001162982203835331,0.2798188462203227,1.6095512123848296e-06,0.7190165620246296,25,50,10
28,9598,0.00115684879217112,0.27981884622034087,1.6078196058601994e-06,0.7190226971678818,25,50,10
28,9599,0.0011568481591315623,0.27981884622033926,1.6076988496655998e-06,0.7190226979216788,25,50,10
28,9600,0.0011568481619167958,0.27981884622034087,1.6083182443500586e-06,0.7190226972994974,25,50,10
28,9601,0.0011570869646170263,0.2798188462203765,1.6099351827478358e-06,0.7190224568798229,25,50,10
28,9602,0.0012592637838543563,0.27981884622050673,1.905273376039895e-06,0.7189199847222618,25,50,10
28,9603,0.0012594063481922145,0.27981870213631016,1.906788215902706e-06,0.7189199847272806,25,50,10
28,9604,0.0012733921760790228,0.27980470326813833,1.9197891992414198e-06,0.7189199847665823,25,50,10
28,9605,0.0012575407626910786,0.2798047032680294,1.9099644595544503e-06,0.718935846004819,25,50,10
28,9606,0.0012535532437837683,0.27980868108455387,1.919371043398913e-06,0.7189358463006181,25,50,10
28,9607,0.0017332912702757036,0.2793287381808954,2.1242385482068556e-06,0.71893584631028,25,50,10
28,9608,0.002197233001375663,0.27932873818627035,2.5723986866084223e-06,0.7184714564136664,25,50,10
28,9609,0.002202975318749803,0.2793287381862158,2.5684113761860135e-06,0.7184657180836573,25,50,10
28,9610,0.002194877311017063,0.27933684897064875,2.5556692190007037e-06,0.7184657180491145,25,50,10
28,9611,0.0022008690166502804,0.27933684897068306,2.5561925413558975e-06,0.7184597258201246,25,50,10
28,9612,0.0017269465354045807,0.27981097654423875,2.351119584162634e-06,0.7184597258007719,25,50,10
28,9613,0.0017314264066946147,0.2798109765504679,2.4196985390644607e-06,0.7184551773442978,25,50,10
28,9614,0.0017321692981874647,0.27981022632470653,2.4270320422217577e-06,0.7184551773450631,25,50,10
28,9615,0.0017359391738902216,0.27981022632673125,2.6245413385246533e-06,0.7184512099580393,25,50,10
28,9616,0.0017395489500320863,0.27981022632059055,2.5633483201131293e-06,0.7184476613810565,25,50,10
28,9617,0.0017336618566541051,0.27981022632058966,2.565262621562603e-06,0.7184535465601346,25,50,10
28,9618,0.0016175416464040179,0.27981022632037233,2.263665550910358e-06,0.7185699683676725,25,50,10
28,9619,0.0016175721100871563,0.27981019534402707,2.264182641271786e-06,0.7185699683632444,25,50,10
28,9620,0.0016177538894131202,0.27981019534408225,2.291939828785353e-06,0.7185697588266755,25,50,10
28,9621,0.001760040004844851,0.27981019534855256,2.843571227534165e-06,0.7184269210753749,25,50,10
28,9622,0.0017599023683739976,0.27981019534853346,2.8421785357145344e-06,0.7184270601045567,25,50,10
28,9623,0.0012861969536875238,0.2798101953411163,2.1962045859220575e-06,0.7189014115006099,25,50,10
28,9624,0.0012803104975803881,0.27981608140127073,2.196595856638328e-06,0.7189014115052922,25,50,10
28,9625,0.0012800321919520428,0.2798160814011804,2.1899715302611263e-06,0.7189016964353372,25,50,10
28,9626,0.0012741108553660427,0.27982200668195584,2.186042045444754e-06,0.7189016964206327,25,50,10
28,9627,0.0012803152453572631,0.27982200668195584,2.1860732100508933e-06,0.7188954919994768,25,50,10
28,9628,0.0012862670223969957,0.2798220066819927,2.1887052804185838e-06,0.7188895375903299,25,50,10
28,9629,0.00127817259703968,0.27982200668190294,2.1812422962388896e-06,0.7188976394787615,25,50,10
28,9630,0.0012783852876313384,0.27982200668186824,2.180707801713377e-06,0.7188974273226991,25,50,10
28,9631,0.0008064546378426222,0.2798220066754206,1.4416248216905525e-06,0.7193700970619153,25,50,10
28,9632,0.0008120192654756529,0.279822006675346,1.4124580972575287e-06,0.7193645616010808,25,50,10
28,9633,0.0007981423310286487,0.27982200667527846,1.408637618505189e-06,0.7193784423560743,25,50,10
28,9634,0.0008119811613879573,0.27982200667540136,1.4184986082609055e-06,0.7193645936646026,25,50,10
28,9635,0.0008139759894702997,0.2798220066754724,1.4256151437453216e-06,0.7193625917199137,25,50,10
28,9636,0.0008139753903556403,0.27982200667547175,1.425538832221854e-06,0.7193625923953405,25,50,10
28,9637,0.0008180673626682041,0.2798179242692114,1.416268579251744e-06,0.7193625920995415,25,50,10
28,9638,0.0008120741347555074,0.27981792426924773,1.417017223992123e-06,0.7193685845787731,25,50,10
28,9639,0.0008279405630236918,0.2798179242693515,1.4264076615788165e-06,0.7193527087599635,25,50,10
28,9640,0.0008279405306166276,0.27981792430338426,1.4264060388383156e-06,0.7193527087599605,25,50,10
28,9641,0.0008420251058537351,0.27981792430345526,1.433567772123795e-06,0.719338617022919,25,50,10
28,9642,0.0008339361246209901,0.2798179243033674,1.426252341080982e-06,0.7193467133196708,25,50,10
28,9643,0.0008340776970724455,0.27981792430333546,1.4239777878022698e-06,0.7193465740218046,25,50,10
28,9644,0.0008343618540903635,0.27981792430349534,1.4767612840741877e-06,0.7193462370811305,25,50,10
28,9645,0.0008481970986884675,0.27980408353612524,1.4822794751291983e-06,0.7193462370857115,25,50,10
28,9646,0.0008402124249227506,0.27980408353605457,1.4762052615406678e-06,0.7193542278337614,25,50,10
28,9647,0.0008540505813274301,0.2798040835361421,1.4814235970784027e-06,0.7193403844589334,25,50,10
28,9648,0.0010845678797863953,0.2798040835404488,2.1314369645145533e-06,0.7191092171428004,25,50,10
28,9649,0.0010708703732848469,0.27980408354043296,2.12939131977513e-06,0.7191229166949625,25,50,10
28,9650,0.0010652652632485607,0.2798040835404702,2.1321900330283056e-06,0.7191285190062483,25,50,10
28,9651,0.0008209144627132278,0.2798040835360928,1.4761545407365595e-06,0.7193735258466534,25,50,10
28,9652,0.0008207811556339607,0.2798040835360734,1.4746871076893446e-06,0.7193736606211851,25,50,10
28,9653,0.0008269424080229206,0.2798040835361281,1.4786512874385267e-06,0.7193674954045616,25,50,10
28,9654,0.0008229126992617739,0.2798040835361788,1.4858219430542689e-06,0.7193715179426166,25,50,10
28,9655,0.0008170611200772949,0.27980408353619723,1.4872200601806375e-06,0.7193773681236648,25,50,10
28,9656,0.0008231885861177927,0.27980408353617997,1.4889681159609382e-06,0.7193712389095858,25,50,10
28,9657,0.0008212607570737905,0.27980408353611114,1.4867371929535032e-06,0.7193731689696216,25,50,10
28,9658,0.0008149518333735831,0.27980408353605446,1.4825145299931564e-06,0.7193794821160414,25,50,10
28,9659,0.0008149174835382983,0.2798040835360523,1.4823560336147166e-06,0.7193795166243753,25,50,10
28,9660,0.0008151632667568323,0.279804083536036,1.4831755907830885e-06,0.7193792700216157,25,50,10
28,9661,0.0008144901941954047,0.27980476386824354,1.4759068541301807e-06,0.7193792700307066,25,50,10
28,9662,0.0008164188990103313,0.27980476386833053,1.4763832063645058e-06,0.7193773408494525,25,50,10
28,9663,0.0008162467252035804,0.279804763868278,1.4722241988444382e-06,0.7193775171823192,25,50,10
28,9664,0.0008161065690960984,0.27980476386835024,1.47554673633301e-06,0.7193776540158169,25,50,10
28,9665,0.0008300542560555513,0.2798047638685267,1.479372871999655e-06,0.719363702502545,25,50,10
28,9666,0.0008159721305390166,0.27980476386845693,1.4723093731424433e-06,0.7193777916916304,25,50,10
28,9667,0.0008160056888274861,0.27980476386847697,1.4737754214451656e-06,0.719377756667274,25,50,10
28,9668,0.0008238513243895796,0.2797969118536752,1.4801402158077439e-06,0.7193777566817192,25,50,10
28,9669,0.0008119054007628845,0.2798088565112622,1.4814061585194705e-06,0.7193777566818162,25,50,10
28,9670,0.0008116582244156004,0.27980885651127946,1.479706653501354e-06,0.7193780055576512,25,50,10
28,9671,0.0008098351481816002,0.27980885651124565,1.474312061886194e-06,0.7193798340285107,25,50,10
28,9672,0.0008099753897986786,0.2798088565111733,1.4710308833177025e-06,0.7193796970681444,25,50,10
28,9673,0.0008159651119307007,0.27980885651115456,1.4706306174264126e-06,0.7193737077462968,25,50,10
28,9674,0.0008141429973027115,0.2798088565111204,1.4672510636944043e-06,0.719375533240513,25,50,10
28,9675,0.0008082897163041899,0.2798088565111368,1.46875117737732e-06,0.7193813850213813,25,50,10
28,9676,0.000812872167350007,0.2798088565143153,1.5333983170252076e-06,0.7193767379200173,25,50,10
28,9677,0.0008049144648591098,0.2798088565141557,1.5271988832875523e-06,0.7193847018221018,25,50,10
28,9678,0.0008069617905374344,0.2798067364425225,1.599934848641752e-06,0.7193847018320914,25,50,10
28,9679,0.0009461806722511198,0.27980673644990095,2.024666429643731e-06,0.7192450582114184,25,50,10
28,9680,0.0009461851871164369,0.27980673182995625,2.0247715888404637e-06,0.7192450582113384,25,50,10
28,9681,0.0009524235820894792,0.27980673182990495,2.0240511806716672e-06,0.7192388205368249,25,50,10
28,9682,0.0009522926412837181,0.2798067318298871,2.023344883281548e-06,0.719238952183946,25,50,10
28,9683,0.0009523651542177473,0.2798067318298518,2.0995235777302803e-06,0.7192388034923528,25,50,10
28,9684,0.0009762858088751526,0.27980673183399085,2.211970939928124e-06,0.719214770386194,25,50,10
28,9685,0.0009760422720332112,0.27980673183400845,2.266627353929858e-06,0.7192149592666044,25,50,10
28,9686,0.0009899889255495916,0.27980673183404337,2.273089206695087e-06,0.7192010061512002,25,50,10
28,9687,0.0008507365064527951,0.27980673182663496,1.8502806822735676e-06,0.7193406813862296,25,50,10
28,9688,0.000856516260283519,0.2798067318265101,1.7970295831759166e-06,0.7193349548836225,25,50,10
28,9689,0.0008564836998386969,0.27980676496194123,1.7964500014060986e-06,0.7193349548882181,25,50,10
28,9690,0.00085641137238648,0.27980676496192464,1.7983426006357488e-06,0.7193350253230874,25,50,10
28,9691,0.0008423576379748351,0.2798067649618167,1.7915726224767802e-06,0.7193490858275854,25,50,10
28,9692,0.0008422162486798557,0.279806764961797,1.7901750586755085e-06,0.7193492286144638,25,50,10
28,9693,0.000848101867101306,0.27980676496180895,1.7869257964379708e-06,0.7193433462452927,25,50,10
28,9694,0.0008540916216495068,0.27980077556418426,1.7865736363025373e-06,0.7193433462405295,25,50,10
28,9695,0.0008480981870623222,0.27980676976968544,1.7858119920265723e-06,0.71934334623126,25,50,10
28,9696,0.0008479899564325813,0.27980676977070035,1.786570375400602e-06,0.7193434537024918,25,50,10
28,9697,0.0007135220576818872,0.2798067697663352,1.2435161203193764e-06,0.7194784646598626,25,50,10
28,9698,0.000707558700536433,0.2798127312331923,1.24541100548731e-06,0.719478464655266,25,50,10
28,9699,0.0006955797927895977,0.2798247101985162,1.2453535911496837e-06,0.7194784646551033,25,50,10
28,9700,0.0006715559487239076,0.27982471019441335,1.1342423424991285e-06,0.7195025996145205,25,50,10
28,9701,0.0006674218543135141,0.27982883619174576,1.142329975164115e-06,0.7195025996239657,25,50,10
28,9702,0.000667387435321266,0.2798288716912633,1.141250039251172e-06,0.7195025996233764,25,50,10
28,9703,0.000667597970195123,0.27982866266716294,1.1397392622888835e-06,0.7195025996233798,25,50,10
28,9704,0.0006676316100495045,0.27982866266718137,1.1409951792484345e-06,0.7195025647275899,25,50,10
28,9705,0.0006596784342360244,0.2798286626671475,1.134573453145125e-06,0.7195105243251636,25,50,10
28,9706,0.0006652859512561274,0.27982866266711126,1.131845668733821e-06,0.7195049195359643,25,50,10
28,9707,0.0006672421598829029,0.2798263922742701,1.4460447138768943e-06,0.7195049195211335,25,50,10
28,9708,0.000667242160861015,0.2798263922742701,1.446059952282197e-06,0.7195049195049169,25,50,10
28,9709,0.0006609789015536209,0.2798263922743071,1.4443511702954163e-06,0.7195111844729694,25,50,10
28,9710,0.000665084577044161,0.2798222886138064,1.4423452723499661e-06,0.7195111844638774,25,50,10
28,9711,0.0006649790362955798,0.2798223932546915,1.4432354464693749e-06,0.7195111844735669,25,50,10
28,9712,0.0006630500137577451,0.2798243292693325,1.4362526210038075e-06,0.7195111844642892,25,50,10
28,9713,0.0006570577993578993,0.2798243292693867,1.4374629209573035e-06,0.7195171754683348,25,50,10
28,9714,0.0006570588603671765,0.2798243261767358,1.4394946422682504e-06,0.7195171754682551,25,50,10
28,9715,0.000665013213254803,0.27982432617678804,1.4451970728466405e-06,0.7195092154128848,25,50,10
28,9716,0.0006789219555820697,0.27982432617687525,1.4504044944047423e-06,0.7194953014630485,25,50,10
28,9717,0.0006927535517761413,0.2798243261769268,1.4554805784657423e-06,0.7194814647907186,25,50,10
28,9718,0.0006865492118629652,0.2798243261769271,1.4554788299245126e-06,0.71948766913238,25,50,10
28,9719,0.0006806652654340445,0.27982432617692643,1.4554704766090437e-06,0.7194935530871629,25,50,10
28,9720,0.0006727123442005102,0.27982432617680414,1.4456511122176607e-06,0.7195015158278832,25,50,10
28,9721,0.0006787076298126618,0.2798243261768022,1.4482573258734977e-06,0.7194955179360595,25,50,10
28,9722,0.0006825292748621492,0.2798204940597231,1.458720003809102e-06,0.7194955179454112,25,50,10
28,9723,0.0006685853968991565,0.27982049405965365,1.452751284445807e-06,0.7195094677921631,25,50,10
28,9724,0.0006608463361034725,0.2798204940596749,1.4762001064710286e-06,0.7195171834041153,25,50,10
28,9725,0.0006609819826980116,0.2798204940597102,1.4777866638102186e-06,0.7195170461709276,25,50,10
28,9726,0.0006689627033604321,0.27981248422366883,1.5069014194593526e-06,0.7195170461715509,25,50,10
28,9727,0.0006834070278315507,0.27981248422367416,1.628121729668778e-06,0.7195024806267645,25,50,10
28,9728,0.0006856030106424319,0.27981248422378374,1.6588835970583347e-06,0.7195002538819765,25,50,10
28,9729,0.00067975092237439,0.27981248422382066,1.6606098943280933e-06,0.7195061042439105,25,50,10
28,9730,0.0006798872671123768,0.27981248422380306,1.6356337540690206e-06,0.7195059928753302,25,50,10
28,9731,0.0006656540125211649,0.27981248422383215,1.5149603525871282e-06,0.7195203468032938,25,50,10
28,9732,0.0006636704040262746,0.279814493368249,1.4894250555898625e-06,0.719520346802669,25,50,10
28,9733,0.0006497289772066353,0.2798144933681608,1.4830876177012367e-06,0.7195342945670149,25,50,10
28,9734,0.0011079876610897666,0.27981449336832254,1.6748469682278927e-06,0.7190758441236191,25,50,10
28,9735,0.0011099144521638752,0.27981256360939544,1.6778054685621076e-06,0.7190758441329718,25,50,10
28,9736,0.0011360584962746985,0.2797865672902498,1.5289466926049402e-06,0.7190758452667824,25,50,10
28,9737,0.0011436581834713786,0.27978656729026463,1.5308025257435191e-06,0.7190682437237378,25,50,10
28,9738,0.0011594868301041947,0.27978656729042184,1.4653340260163195e-06,0.7190524805454475,25,50,10
28,9739,0.0011615189892787798,0.2797845469267743,1.4535528670120708e-06,0.7190524805310797,25,50,10
28,9740,0.0011695786092302063,0.2797845469268443,1.4595902869227512e-06,0.7190444148736386,25,50,10
28,9741,0.0011737164282375995,0.27978041511007695,1.4535974025979155e-06,0.7190444148642829,25,50,10
28,9742,0.0011755713741767825,0.27977855419934494,1.4595574355409862e-06,0.7190444148690429,25,50,10
28,9743,0.001149420307010901,0.27980495168948594,1.2142729599396871e-06,0.7190444137305433,25,50,10
28,9744,0.0011493123245463008,0.2798049516894684,1.2139436997375264e-06,0.7190445220422856,25,50,10
28,9745,0.0011491794939664838,0.2798049516894521,1.212715477619241e-06,0.7190446561011039,25,50,10
28,9746,0.0011496023099360577,0.27980495168954417,1.218327600833758e-06,0.7190442276729192,25,50,10
28,9747,0.0011634340174575938,0.27980495168964575,1.2280335625701789e-06,0.7190303862593349,25,50,10
28,9748,0.0011692895307756697,0.2798049516896289,1.228642980735151e-06,0.7190245301366157,25,50,10
28,9749,0.0011612058368868463,0.279804951689519,1.197860174603661e-06,0.7190326446134203,25,50,10
28,9750,0.0012769737526875538,0.27980495168964753,1.3978768143618876e-06,0.7189166766808514,25,50,10
28,9751,0.0012709765973917414,0.2798109524257091,1.3942960501550106e-06,0.7189166766808498,25,50,10
28,9752,0.0012552876057141818,0.27981095242555215,1.3830410458564397e-06,0.7189323769276883,25,50,10
28,9753,0.00126912880042697,0.2797971034646365,1.3907978123579576e-06,0.7189323769371248,25,50,10
28,9754,0.0013054636205144087,0.2797971034667682,1.5605259172024835e-06,0.7188958723868005,25,50,10
28,9755,0.0013010950887923478,0.2797971034625562,1.4947497671149812e-06,0.718900306698884,25,50,10
28,9756,0.0013069761803673713,0.2797971034625552,1.4946691944715417e-06,0.7188944256878826,25,50,10
28,9757,0.001306937650027483,0.2797971385390326,1.4981228918324674e-06,0.7188944256880475,25,50,10
28,9758,0.0013068643030325333,0.27979713853906796,1.4997510473434117e-06,0.7188944974068516,25,50,10
28,9759,0.0012930270855064274,0.2797971385389973,1.4937339138954573e-06,0.7189083406415822,25,50,10
28,9760,0.0012889647917616767,0.27979713853904986,1.4984164985417888e-06,0.7189123982526897,25,50,10
28,9761,0.0013027776811547374,0.2797971385390827,1.5047690691331243e-06,0.7188985790106931,25,50,10
28,9762,0.0013028102515857465,0.27979713853908367,1.5058791976517362e-06,0.7188985453301325,25,50,10
28,9763,0.0012969857100774062,0.2798029665695697,1.5023953237850177e-06,0.7188985453250288,25,50,10
28,9764,0.001297059686850098,0.27980289335991027,1.501628460125109e-06,0.7188985453247793,25,50,10
28,9765,0.001401867494362058,0.2798028933640863,1.8520237725941636e-06,0.7187933871177787,25,50,10
28,9766,0.0014099594302304363,0.2798028933641742,1.8593807726135486e-06,0.7187852878248222,25,50,10
28,9767,0.001409851332004907,0.27980289336420805,1.8598283401430794e-06,0.7187853954754465,25,50,10
28,9768,0.0014138806281438934,0.27980289336413827,1.8538463153262378e-06,0.7187813721614024,25,50,10
28,9769,0.001877611513344533,0.2798028933694416,2.303151836358958e-06,0.718317191965377,25,50,10
28,9770,0.001407887493310371,0.2798028933641363,1.8518556495504356e-06,0.7187873672869032,25,50,10
28,9771,0.0014019681698540939,0.2798088145441169,1.8499992888059856e-06,0.7187873672867398,25,50,10
28,9772,0.0014020723428126167,0.27980881454413503,1.850342547908321e-06,0.7187872627705036,25,50,10
28,9773,0.0013961130485586047,0.27981477267330834,1.851507545730423e-06,0.7187872627705865,25,50,10
28,9774,0.0013903797472985542,0.2798205014578846,1.856023357425823e-06,0.7187872627714588,25,50,10
28,9775,0.0013903476559163324,0.27980967450031713,1.2715072471658313e-05,0.7187872627712941,25,50,10
28,9776,0.0013901950793715877,0.2798098320652583,1.2710089623978024e-05,0.7187872627657456,25,50,10
28,9777,0.0013901947938431097,0.27980983391323094,1.2708527098153195e-05,0.7187872627658273,25,50,10
28,9778,0.0014040036922053755,0.27979602057371133,1.2712958901612923e-05,0.718787262775181,25,50,10
28,9779,0.002323816653406776,0.27979602057397446,1.3041391573009527e-05,0.717867121381045,25,50,10
28,9780,0.002354992208369547,0.2797960206988531,1.339936620823042e-05,0.7178355877265686,25,50,10
28,9781,0.002214128975670384,0.2797960206935819,1.287963187975938e-05,0.7179769706988677,25,50,10
28,9782,0.0020984980071472956,0.27979602069347087,1.2680889596152348e-05,0.7180928004097855,25,50,10
28,9783,0.0021166950262626926,0.27979602069563236,1.2770669886324466e-05,0.7180745136082183,25,50,10
28,9784,0.0021288161187249352,0.27978389811167265,1.2772161222986446e-05,0.7180745136083795,25,50,10
28,9785,0.0021208570776199225,0.27978389811162296,0.006257892864643569,0.7118373519461134,25,50,10
28,9786,0.0021268487164943493,0.2797838981116055,0.006257892548907451,0.7118313606229925,25,50,10
28,9787,0.002126916520070162,0.27978389811164134,0.006257895230813836,0.7118312901374744,25,50,10
28,9788,0.0021270513442027965,0.27978389811165855,0.006257896592342786,0.7118311539517961,25,50,10
28,9789,0.0021330446327317305,0.27978876507100503,0.006247036344386852,0.7118311539518765,25,50,10
28,9790,0.0021308726185185704,0.27978876507111006,0.006247046865494921,0.7118333154448766,25,50,10
28,9791,0.002117166934952503,0.2798024751751813,0.006247042444646553,0.7118333154452201,25,50,10
28,9792,0.002116883246555228,0.2798024751751073,0.006247038139870006,0.711833603438468,25,50,10
28,9793,0.002085671459401943,0.2798024750501204,0.0062466735709555575,0.7118651799195227,25,50,10
28,9794,0.0020856328430429016,0.2798025119155999,0.006246675321586529,0.7118651799197712,25,50,10
28,9795,0.0011677138777496303,0.2798025119154259,0.0062463543066359675,0.7127834199001889,25,50,10
28,9796,0.0011676442153674956,0.27980251191538896,0.006246351557342248,0.7127834923119016,25,50,10
28,9797,0.0011736697548114293,0.27979592564297917,0.006246912299842631,0.7127834923023671,25,50,10
28,9798,0.0011678527150167945,0.2797959256430161,0.006246915013494798,0.7127893066284727,25,50,10
28,9799,0.0007095921926043729,0.27979592564285327,0.006246667778990729,0.7132478143855517,25,50,10
28,9800,0.0007094545737857757,0.2797960618293165,0.006246669211257323,0.7132478143856409,25,50,10
28,9801,0.0007232259753059031,0.2797960618293318,0.006246672201295373,0.7132340399940673,25,50,10
28,9802,0.0007152735192472967,0.27980402037284785,0.006246666113836309,0.7132340399940691,25,50,10
28,9803,0.0007192863985114594,0.27980402037283547,0.006246721089583446,0.7132299721390701,25,50,10
28,9804,0.0007233149597961077,0.2798040203727816,0.00624671623971547,0.7132259484277073,25,50,10
28,9805,0.0007233174322892012,0.27980401869721033,0.006246715452303094,0.713225948418198,25,50,10
28,9806,0.0007153631560295808,0.27980401869715876,0.006246709863933984,0.7132339082828781,25,50,10
28,9807,0.000715606596095494,0.2798040186971403,1.5822288633007012e-06,0.7194787924779017,25,50,10
28,9808,0.0007097206481806689,0.27980401869714,1.5821442015577085e-06,0.7194846785104787,25,50,10
28,9809,0.0006915236929022271,0.27980401869497956,1.4924832332997204e-06,0.7195029651288855,25,50,10
28,9810,0.0006918056184758224,0.2798040186960515,1.496300231710142e-06,0.7195026793852409,25,50,10
28,9811,0.0006881029967713866,0.2798040186959298,1.4863537964688016e-06,0.7195063919535025,25,50,10
28,9812,0.0008038826750680861,0.27980401869606,1.8139129946720216e-06,0.7193902847158775,25,50,10
28,9813,0.0006898117907631775,0.2798040186959989,1.490518263479946e-06,0.7195046789949745,25,50,10
28,9814,0.0006898118305906317,0.2798040186959989,1.4905851786553307e-06,0.7195046788882319,25,50,10
28,9815,0.0011561468709326247,0.27980401870044075,1.8685232987005083e-06,0.7190379659053279,25,50,10
28,9816,0.001149949088342376,0.27981077661173825,1.308394404599485e-06,0.7190379659055148,25,50,10
28,9817,0.0011495289423301327,0.2798107766106299,1.3027885820508704e-06,0.7190383916584576,25,50,10
28,9818,0.001149531421332142,0.2798107766106302,1.3028195043636125e-06,0.7190383891485327,25,50,10
28,9819,0.0011498496831235966,0.27981045626466344,1.3048844899510602e-06,0.7190383891677224,25,50,10
28,9820,0.0011698138728131642,0.2798104562647162,1.3106998402070077e-06,0.7190184191626298,25,50,10
28,9821,0.001169818808820786,0.27981045626471684,1.3108048273003357e-06,0.7190184141216345,25,50,10
28,9822,0.0007114162727388487,0.2798104562602932,9.377109911173111e-07,0.7194771897559761,25,50,10
28,9823,0.0006994224684842475,0.27981045626032697,9.375602222258364e-07,0.7194891837109658,25,50,10
28,9824,0.0006934311662278492,0.27981644729399496,9.378284568282284e-07,0.7194891837113198,25,50,10
28,9825,0.0007012434015242985,0.2798164472940474,9.424291655611698e-07,0.7194813668752624,25,50,10
28,9826,0.000687164320494351,0.2798164472939426,9.348343175528533e-07,0.7194954535512456,25,50,10
28,9827,0.0007007159632930666,0.27980289375087664,9.367399325173897e-07,0.7194954535458978,25,50,10
28,9828,0.0006988547070528441,0.2798028937507887,9.294447779063072e-07,0.7194973220973806,25,50,10
28,9829,0.0007126982966259173,0.27980289375089695,9.37169163570148e-07,0.7194834707833135,25,50,10
28,9830,0.0007086880302494884,0.2798028937509096,8.823462394435728e-07,0.7194875358726017,25,50,10
28,9831,0.0006947426638084775,0.27980289375078443,8.743579282947467e-07,0.719501489227479,25,50,10
28,9832,0.0006947756670089246,0.2798028937508382,8.781587349763217e-07,0.719501452423418,25,50,10
28,9833,0.0006730219704848301,0.27980289375075323,8.691330001830244e-07,0.7195232151457618,25,50,10
28,9834,0.0006790129297080655,0.27979690263457385,8.692898715102149e-07,0.7195232151458467,25,50,10
28,9835,0.0006789395325674071,0.27979690263455664,8.701042761029683e-07,0.7195232877285997,25,50,10
28,9836,0.0006790112208304985,0.2797969026345738,8.69355868062183e-07,0.7195232167887271,25,50,10
28,9837,0.0006651752719372941,0.27979690263450285,8.633141722488087e-07,0.7195370587793869,25,50,10
28,9838,0.0006712000433291066,0.2797969026345206,8.645826465882702e-07,0.719531032739503,25,50,10
28,9839,0.0006710928300824103,0.27979700756444137,8.6686598399351e-07,0.7195310327394917,25,50,10
28,9840,0.0006670944685195812,0.27979700756449616,8.758420219257855e-07,0.7195350221249623,25,50,10
28,9841,0.0006531906597106802,0.27981090837494066,8.788545624884181e-07,0.7195350221107862,25,50,10
28,9842,0.0006471977908511155,0.2798169009792585,8.791145109755957e-07,0.7195350221153796,25,50,10
28,9843,0.0006471645624843914,0.2798169009792225,8.774776774748902e-07,0.7195350569806156,25,50,10
28,9844,0.000669059230569062,0.2798169009793626,8.884602182698011e-07,0.7195131513298502,25,50,10
28,9845,0.0006689915064762641,0.2798169701975845,8.869615787956999e-07,0.7195131513343607,25,50,10
28,9846,0.0006889225820509665,0.27981697019768864,8.91375239071161e-07,0.7194932158450216,25,50,10
28,9847,0.0006889263128197759,0.27981696646724386,8.91374829260919e-07,0.7194932158451074,25,50,10
28,9848,0.0006890757614721961,0.2798169664672445,8.986673688360131e-07,0.7194930591039147,25,50,10
28,9849,0.000695744731745549,0.27981696646724563,9.04030213054229e-07,0.7194863847707959,25,50,10
28,9850,0.0006956392430143591,0.27981696646722837,9.037266551680818e-07,0.7194864905631023,25,50,10
28,9851,0.000701882675981718,0.27981696647145754,1.125406734552485e-06,0.7194800254458268,25,50,10
28,9852,0.0007078351839598947,0.2798110233725195,1.115997796429307e-06,0.7194800254457248,25,50,10
28,9853,0.0007097977579497454,0.2798110233726071,1.1222963536899954e-06,0.71947805657309,25,50,10
28,9854,0.0007099356583305452,0.2798108826749784,1.1250794943088856e-06,0.7194780565871972,25,50,10
28,9855,0.0007093976921822893,0.27981088267501164,1.1212827457374093e-06,0.7194785983500606,25,50,10
28,9856,0.0007016898578004913,0.2798108826748724,1.1122526666415544e-06,0.719486315214661,25,50,10
28,9857,0.0007017627437159088,0.27981088267489024,1.1104613647572244e-06,0.71948624412003,25,50,10
28,9858,0.0007016572622747921,0.27981099036493184,1.1082529373494177e-06,0.7194862441198567,25,50,10
28,9859,0.0007157388577608797,0.27981099036503726,1.1166388156130074e-06,0.7194721541383867,25,50,10
28,9860,0.0007159102296395491,0.27981099036521695,1.1272467302336357e-06,0.719471972158413,25,50,10
28,9861,0.0007159127592414735,0.27981098389783976,1.1311699259953289e-06,0.7194719721729925,25,50,10
28,9862,0.0007242443260391441,0.27980262310915477,1.1603911750829906e-06,0.7194719721736308,25,50,10
28,9863,0.0007282724514883627,0.279802623109085,1.1544429732458209e-06,0.7194679499964534,25,50,10
28,9864,0.0007242078361597157,0.2798026231090512,1.1591780336708648e-06,0.7194720098767553,25,50,10
28,9865,0.001078079019227496,0.2798026231091883,1.71204786969257e-06,0.7191175858237143,25,50,10
28,9866,0.0010700914014959684,0.2798026231090825,1.7036294571062286e-06,0.7191255818599642,25,50,10
28,9867,0.0010681623839307545,0.2798026231091159,1.698796917150392e-06,0.719127515710036,25,50,10
28,9868,0.001081968341202642,0.2798026231091685,1.703554714745196e-06,0.7191137049949138,25,50,10
28,9869,0.0010837927093111399,0.2798026231092029,1.7069653779707175e-06,0.7191118772161076,25,50,10
28,9870,0.0011938420953501872,0.2796924067936421,1.8738599549479848e-06,0.7191118772510522,25,50,10
28,9871,0.0011941648304867635,0.27969208342197266,1.8744959604435426e-06,0.7191118772515798,25,50,10
28,9872,0.001192304637221574,0.2796920834231147,1.9619703069083726e-06,0.7191136499693564,25,50,10
28,9873,0.0011920890588665287,0.2796923010121061,1.9599504219359633e-06,0.719113649978605,25,50,10
28,9874,0.0011920972174487147,0.27969229071798507,1.9620860317273083e-06,0.7191136499785344,25,50,10
28,9875,0.0011860712200455342,0.279698318193015,1.9606135767613675e-06,0.7191136499733627,25,50,10
28,9876,0.001186066913540112,0.2796983181930141,1.9605593468788145e-06,0.7191136543340988,25,50,10
28,9877,0.0011800418705401141,0.27969831819299595,1.9592051092194383e-06,0.7191196807313546,25,50,10
28,9878,0.0011841008001555143,0.27969831819292634,1.953234553414278e-06,0.7191156277723644,25,50,10
28,9879,0.002994977080993732,0.2796983181928747,2.1771695313685904e-06,0.7173045275566,25,50,10
28,9880,0.0029969534126104945,0.27969633142713074,2.187594197734292e-06,0.7173045275660609,25,50,10
28,9881,0.0029970908845205267,0.2796963314271664,2.1891862158854914e-06,0.7173043885020971,25,50,10
28,9882,0.0029970909050645624,0.2796963314271664,2.1892288516793305e-06,0.7173043884389172,25,50,10
28,9883,0.0029970966129966837,0.2796963314271677,2.190393426434841e-06,0.7173043815664093,25,50,10
28,9884,0.0029972677226759075,0.27969633142725775,2.2439759181922406e-06,0.7173041568741486,25,50,10
28,9885,0.0029889687114095765,0.27970465701526576,2.2173901182917187e-06,0.7173041568832068,25,50,10
28,9886,0.0029831185324289333,0.2797046570153021,2.22000222863564e-06,0.7173100044500406,25,50,10
28,9887,0.002975166593931412,0.27970465701523206,2.2139562249144245e-06,0.7173179624346119,25,50,10
28,9888,0.002865118532968312,0.2798148720420225,2.0470253437472675e-06,0.7173179623996656,25,50,10
28,9889,0.0028651179742501492,0.2798148720420222,2.0469403277940346e-06,0.7173179630434001,25,50,10
28,9890,0.002849292253973112,0.2798148720418465,2.0333260669345983e-06,0.7173338023781137,25,50,10
28,9891,0.0028432906315540457,0.27981487204188216,2.0277028902753964e-06,0.7173398096236737,25,50,10
28,9892,0.0028353077805498787,0.2798148720418109,2.021596380860841e-06,0.7173477985812591,25,50,10
28,9893,0.002835414017879018,0.2798148720417934,2.0213247799426437e-06,0.7173476926155484,25,50,10
28,9894,0.0028351637229911747,0.2798148720416487,2.012205455425891e-06,0.7173479520299053,25,50,10
28,9895,0.0028287858211368646,0.2798148720415579,1.958548621839306e-06,0.717354383588684,25,50,10
28,9896,0.00282691691576733,0.27981675151830343,1.947986702268177e-06,0.7173543835792273,25,50,10
28,9897,0.0028229244445899648,0.2798167515171796,1.86179750116793e-06,0.7173584622407299,25,50,10
28,9898,0.002818788749685586,0.27981675151726626,1.8681106383738045e-06,0.7173625916224105,25,50,10
28,9899,0.0028246065157535253,0.27981675151722707,1.8936754941894823e-06,0.7173567482915258,25,50,10
28,9900,0.002830454864764917,0.2798109096428364,1.8872253136307667e-06,0.7173567482670856,25,50,10
28,9901,0.002826423970464757,0.2798149349238847,1.892833722492873e-06,0.7173567482719286,25,50,10
28,9902,0.00282649604900293,0.27981493492384907,1.8912159901062418e-06,0.717356677811159,25,50,10
28,9903,0.0028324919737161315,0.279814934923849,1.891269218095588e-06,0.7173506818332175,25,50,10
28,9904,0.0028282163220730637,0.2798149349239519,1.8966050620418785e-06,0.7173549521489134,25,50,10
28,9905,0.0028203676227893694,0.27981493492388215,1.8906068093598878e-06,0.7173628068465194,25,50,10
28,9906,0.0028203351209364767,0.27981493492386345,1.8892403116682718e-06,0.717362840714889,25,50,10
28,9907,0.0028202940533053555,0.2798149349239178,1.8922230555151775e-06,0.7173628787997218,25,50,10
28,9908,0.002814410641944531,0.27982081825581795,1.892302510133752e-06,0.7173628787997278,25,50,10
28,9909,0.0028144106457098942,0.27982081825581856,1.892355249373075e-06,0.7173628787432227,25,50,10
28,9910,0.0028128345010047175,0.2798223954202509,1.8913447766960944e-06,0.7173628787339683,25,50,10
28,9911,0.0028188555939003836,0.2798163725836665,1.8930788705691222e-06,0.7173628787435631,25,50,10
28,9912,0.0028130021812641675,0.2798163725836849,1.8660529251862107e-06,0.7173687591821263,25,50,10
28,9913,0.002819065965883846,0.2798163725836849,1.865028503435464e-06,0.7173626964219281,25,50,10
28,9914,0.000765461180749076,0.27981637257949715,1.0798940411097131e-06,0.7194170863457126,25,50,10
28,9915,0.0007593652826040479,0.2798163725794966,1.0798703567126968e-06,0.7194231822675426,25,50,10
28,9916,0.00076549943393373,0.2798102316684822,1.0866390542639426e-06,0.7194231822585297,25,50,10
28,9917,0.0007656449609798243,0.2798100852447747,1.0875399731915061e-06,0.7194231822542718,25,50,10
28,9918,0.0007776259124730822,0.27981008524475776,1.0881983460434271e-06,0.7194112006444225,25,50,10
28,9919,0.0007636743790311476,0.2798240448514978,1.0801343268906253e-06,0.7194112006351439,25,50,10
28,9920,0.0007596122052434531,0.27982404485154877,1.0847755556795052e-06,0.7194152581676516,25,50,10
28,9921,0.0007610492574143103,0.2798240448505288,1.0856652577444184e-06,0.7194138202267986,25,50,10
28,9922,0.0007611574503224044,0.27982404485051154,1.0853461463952227e-06,0.7194137123530193,25,50,10
28,9923,0.0007670420056368453,0.2798240448505118,1.0854034591822834e-06,0.719407827740392,25,50,10
28,9924,0.0007690025389196823,0.279824044850581,1.0924479926327234e-06,0.7194058601625066,25,50,10
28,9925,0.0007729600671499927,0.27982007105360335,1.108678302157862e-06,0.7194058602009444,25,50,10
28,9926,0.0007669746274701453,0.27982007105362117,1.1090243280323008e-06,0.7194118452945806,25,50,10
28,9927,0.0007609829965426023,0.27982007105358614,1.1085268836749386e-06,0.7194178374229874,25,50,10
28,9928,0.0007827714945396745,0.2798200710537274,1.1205716934496009e-06,0.7193960368800392,25,50,10
28,9929,0.0006759943145310046,0.2798200710547465,9.947053271055172e-07,0.719502939925395,25,50,10
28,9930,0.0006743900794276473,0.2798200710557302,9.91755340335732e-07,0.7195045471095014,25,50,10
28,9931,0.0006682561119050299,0.2798200710556939,9.90042695958184e-07,0.7195106827897049,25,50,10
28,9932,0.0006665386483099061,0.27982007105566103,9.846699311569444e-07,0.7195124056260976,25,50,10
28,9933,0.0006668279089071864,0.27982007105566153,9.872722597739517e-07,0.7195121137631711,25,50,10
28,9934,0.0006770536071342667,0.27982007105680873,1.0730376368987895e-06,0.7195018022984194,25,50,10
28,9935,0.0006769815483968924,0.27982007105684525,1.0747242311167563e-06,0.7195018726705261,25,50,10
28,9936,0.0006828692629420761,0.2798200710568459,1.0748540480451588e-06,0.7194959848261634,25,50,10
28,9937,0.0006788389388481108,0.27982007105689816,1.080568667313499e-06,0.7195000094355858,25,50,10
28,9938,0.0008080697519764268,0.27982007106123485,1.4576627791097499e-06,0.719370401524009,25,50,10
28,9939,0.0008139170586053663,0.27981422484630036,1.4565715121204967e-06,0.7193704015235816,25,50,10
28,9940,0.0008197704804116779,0.27981422484626534,1.4549735991051162e-06,0.7193645496997232,25,50,10
28,9941,0.0008197381037273479,0.2798142248462463,1.453576054853492e-06,0.7193645834739708,25,50,10
28,9942,0.0008177755925258609,0.2798142248461583,1.4472330941289763e-06,0.7193665523282213,25,50,10
28,9943,0.0008117857652431972,0.27982021461127676,1.4472950881825854e-06,0.7193665523283914,25,50,10
28,9944,0.0008120299877495644,0.27982021461133066,1.4503595726046123e-06,0.7193663050413468,25,50,10
28,9945,0.0008060710219928703,0.27982021461136536,1.4519078162887343e-06,0.7193722624588251,25,50,10
28,9946,0.0008057607899027744,0.2798205258822664,1.4508688454227685e-06,0.7193722624589851,25,50,10
28,9947,0.0007917099738699412,0.2798205258821616,1.4443581948693818e-06,0.7193863197857732,25,50,10
28,9948,0.0007915336341994445,0.27982071189643987,1.4346889467078982e-06,0.7193863197804136,25,50,10
28,9949,0.0007855420185794725,0.2798267036142198,1.4345867030839227e-06,0.7193863197804973,25,50,10
28,9950,0.0007994660778286971,0.27982670361428835,1.4425189064569928e-06,0.7193723877889756,25,50,10
28,9951,0.0008289806389525908,0.2798267036145001,1.4581390437677552e-06,0.7193428576075026,25,50,10
28,9952,0.0008308681713680657,0.27982480901378415,1.4651979070683902e-06,0.71934285761694,25,50,10
28,9953,0.0008249822058572607,0.27983069540315153,1.4647787257339275e-06,0.7193428576122649,25,50,10
28,9954,0.0008290150411501006,0.27983069540309896,1.4589702887398114e-06,0.7193388305854616,25,50,10
28,9955,0.0008073413381676478,0.27983069540295885,1.4470038732881914e-06,0.7193605162549995,25,50,10
28,9956,0.0008054867701481972,0.2798306954028891,1.4409320670581838e-06,0.7193623768948946,25,50,10
28,9957,0.0007998772069674093,0.27983069540292604,1.4436486753195304e-06,0.7193679837414301,25,50,10
28,9958,0.0007959863249118538,0.2798346004635788,1.4295083434738263e-06,0.7193679837031652,25,50,10
28,9959,0.0007959862822262059,0.2798346004635787,1.4295210445706551e-06,0.7193679837331497,25,50,10
28,9960,0.000799835332836559,0.27983460046370284,1.4414789126902266e-06,0.7193641227245472,25,50,10
28,9961,0.0007999437935814103,0.27983460046372133,1.441830280103309e-06,0.7193640139124164,25,50,10
28,9962,0.0007902648056635237,0.27983460046372644,1.5393659266522906e-06,0.7193735953646826,25,50,10
28,9963,0.0007922292110228469,0.27983460046383185,1.5458983530157965e-06,0.7193716244267915,25,50,10
28,9964,0.0008085432950336384,0.27983460047007225,1.6218929904842679e-06,0.719355234341903,25,50,10
28,9965,0.000798457157407695,0.27983460046896136,1.5387391978961477e-06,0.7193654036344325,25,50,10
28,9966,0.000822402819707781,0.27983460046917386,1.5551391331516167e-06,0.7193414415719843,25,50,10
28,9967,0.0008223645708757975,0.27983460046915887,1.6172692104417671e-06,0.719341417690754,25,50,10
28,9968,0.0008185456159649347,0.2798346004690535,1.6066588538949516e-06,0.7193452472561269,25,50,10
28,9969,0.0008185437609881123,0.27983459889195106,1.610091015164853e-06,0.7193452472560448,25,50,10
28,9970,0.0006892060383241418,0.2798345988876313,1.2332049735539604e-06,0.7194749618690705,25,50,10
28,9971,0.0006951247900287334,0.2798286783978147,1.234943004793819e-06,0.7194749618691515,25,50,10
28,9972,0.0007030748010549298,0.279828678397886,1.2410915765520237e-06,0.7194670057094822,25,50,10
28,9973,0.0006924653082948062,0.2798286783967397,1.1535659787084998e-06,0.7194777027289867,25,50,10
28,9974,0.0006923914183391448,0.27982875111490774,1.1547379342161047e-06,0.7194777027288185,25,50,10
28,9975,0.0006687195027055658,0.27982875111467764,1.138270014860967e-06,0.7195013911126017,25,50,10
28,9976,0.0006725396663790656,0.2798287511148365,1.151723946623745e-06,0.7194975574948375,25,50,10
28,9977,0.0006748166047262698,0.27982646880215045,1.1570881808515267e-06,0.7194975575049422,25,50,10
28,9978,0.0006808453104418386,0.27982043259144507,1.1645934299759779e-06,0.719497557504683,25,50,10
28,9979,0.0006585416850845696,0.27982043258518713,1.0883141475703448e-06,0.7195199374155802,25,50,10
28,9980,0.0006647782718388621,0.27982043258526157,1.0937743234589228e-06,0.7195136953685755,25,50,10
28,9981,0.0006709116259553095,0.27982043258524525,1.0945885326441632e-06,0.7195075612002659,25,50,10
28,9982,0.0006708052356259133,0.2798205487225346,1.0848413192916708e-06,0.7195075612005195,25,50,10
28,9983,0.000680951156045784,0.27981039336780283,1.0942417819290362e-06,0.7195075612343688,25,50,10
28,9984,0.0006788267241006658,0.2798123309621784,1.2810840864101734e-06,0.7195075612296339,25,50,10
28,9985,0.0006768618195137869,0.27981233096207236,1.2744386308232114e-06,0.7195095327797825,25,50,10
28,9986,0.0006851281245651011,0.2798123309621286,1.2824880906623488e-06,0.7195012584252148,25,50,10
28,9987,0.0006909717767365302,0.2798123309610397,1.2788167429024e-06,0.7194954184454798,25,50,10
28,9988,0.0006926907060579783,0.2798123309610741,1.2820991565192709e-06,0.7194936962337108,25,50,10
28,9989,0.0006969316552091193,0.27980809614003904,1.2759805610845202e-06,0.7194936962241906,25,50,10
28,9990,0.0007030299422308404,0.27980809614003893,1.2760297796418975e-06,0.7194875978879502,25,50,10
28,9991,0.0007028923918440389,0.2798080961400205,1.274690017564829e-06,0.7194877367781174,25,50,10
28,9992,0.0007030326583532565,0.27980795374125267,1.2768078266059775e-06,0.719487736792567,25,50,10
28,9993,0.0006847822991446697,0.2798079537412671,1.2748231973023838e-06,0.7195059891363904,25,50,10
28,9994,0.000690658648575615,0.27980795374126743,1.2747949911234421e-06,0.7195001128151657,25,50,10
28,9995,0.0006905203588016317,0.27980795374123274,1.2723490811237343e-06,0.7195002535508844,25,50,10
28,9996,0.0006963855674299966,0.279807953741179,1.2747690827158607e-06,0.719494385922308,25,50,10
28,9997,0.0006903922169901461,0.27980795374121425,1.2753470056669455e-06,0.7195003786947893,25,50,10
28,9998,0.0006941056083902122,0.27980795374131906,1.2858809746666182e-06,0.7194966547693156,25,50,10
28,9999,0.0006959307093810551,0.279807953741371,1.2905674829699082e-06,0.7194948249817641,25,50,10
28,10000,0.0006959282411497271,0.27980795374136974,1.2904603800437544e-06,0.7194948275570998,25,50,10
