run,generation,degenerate,holistic,other,compositional,popsize,turnover_rounds,group_rounds
12,0,0.9987713554999788,1.4267839920713684e-08,0.0012266915175254403,1.9387146567823408e-06,2,20,20
12,1,0.9999999997098676,1.4160558738125477e-53,2.901324428309877e-10,3.845907142865952e-51,2,20,20
12,2,0.5423736526130043,1.814163766852271e-05,0.45760671392248914,1.4918268392274399e-06,2,20,20
12,3,0.4229166019465796,1.0469074335746447e-09,0.5770833963656686,6.408429209368173e-10,2,20,20
12,4,0.4247463972417275,1.0336420644451452e-10,0.5752536021719312,4.829756169494323e-10,2,20,20
12,5,0.9214262862266945,2.0096403236090335e-11,0.07857371365873363,9.447534607749115e-11,2,20,20
12,6,0.988226639152131,4.420385328926762e-09,0.010810210812526266,0.0009631456149573601,2,20,20
12,7,0.9169323236038275,1.1859310284489572e-07,0.08306695072904385,6.070740259073594e-07,2,20,20
12,8,0.8590672146962153,5.593198820051743e-08,0.14093250547969585,2.2389210076453723e-07,2,20,20
12,9,0.9242351348681728,5.589017156637282e-08,0.0757648000531766,9.188479049837456e-09,2,20,20
12,10,0.9241932223888435,5.700639962256042e-08,0.07580671141458196,9.190174966131021e-09,2,20,20
12,11,0.9244876826804627,1.1162559228475505e-09,0.07551231160415661,4.59912478038804e-09,2,20,20
12,12,0.9220711946017426,1.782791849793007e-11,0.07791420385481669,1.4601525612560838e-05,2,20,20
12,13,0.789002245650289,4.095670924636962e-06,0.17999593055245336,0.03099772812633277,2,20,20
12,14,0.4443490811893999,7.667431868826806e-08,0.061629352255796445,0.49402148988048483,2,20,20
12,15,0.04918770998851602,3.0268260062448556e-08,0.4567893951314008,0.49402286461182354,2,20,20
12,16,0.00022020662073088284,2.2420268862498434e-10,0.499780335591073,0.4999994575639937,2,20,20
12,17,1.8997383982277128e-05,1.1601787111384499e-10,0.4999815155268783,0.49999948697312147,2,20,20
12,18,1.8997383982559746e-05,1.1800832789522786e-10,0.6746044239949173,0.3253765785030917,2,20,20
12,19,0.04564437715206784,1.019477937348082e-10,0.4543570897170553,0.499998533028929,2,20,20
12,20,0.023719606798158755,1.0484706046295251e-12,0.47636349614999596,0.4999168970507965,2,20,20
12,21,0.023719606797590356,1.0484703640887836e-12,0.4763629931237517,0.49991740007760926,2,20,20
12,22,0.006105501879725858,3.104363691161954e-09,0.49115543317685306,0.5027390618390573,2,20,20
12,23,0.48111826896184473,8.741740186930682e-09,0.01888320227010169,0.4999985200263135,2,20,20
12,24,0.019918643514112707,3.2841594677116612e-12,0.48014012872654926,0.49994122775605404,2,20,20
12,25,0.00018580218377789117,5.671782208974285e-09,0.49987298659350543,0.4999412055509342,2,20,20
12,26,5.753535175517708e-07,0.00017628816878954373,0.5014421757771793,0.49838096070051313,2,20,20
12,27,5.753535175365167e-07,0.00017628816878951113,0.49982460639317616,0.4999985300845167,2,20,20
12,28,1.536986263098549e-11,3.0589540985859617e-06,0.500079543063124,0.4999173979674074,2,20,20
12,29,9.315398496742107e-09,2.8524205266360024e-06,0.5000559302199616,0.4999412080441126,2,20,20
12,30,3.160472062782978e-05,0.009680493153237888,0.49034644486278745,0.49994145726334677,2,20,20
12,31,4.767072011549116e-06,0.00036333885719441457,0.4009497081193605,0.5986821859514333,2,20,20
12,32,3.391565245528984e-07,3.0919789733084025e-12,0.5000601234119602,0.4999395374284234,2,20,20
12,33,3.3915652419940354e-07,3.454178953813715e-14,0.5001747618353571,0.49982489900808413,2,20,20
12,34,0.49347531943561584,6.388277806472289e-08,0.0065246546833916735,0.49999996199821445,2,20,20
12,35,0.49582030340139566,6.529662908645215e-08,0.004179368796521217,0.5000002625054542,2,20,20
12,36,0.4213916419022469,3.737935940886445e-11,0.07873619074201813,0.4998721673183556,2,20,20
12,37,0.06784201991012005,1.0010989717746055e-06,0.43215874178557084,0.499998237205337,2,20,20
12,38,0.0009539595647549773,1.1414296116264407e-05,0.4959886594733448,0.5030459666657844,2,20,20
12,39,0.00386233321410133,1.1400403679886887e-07,0.4961090558087903,0.5000284969730713,2,20,20
12,40,0.26563125300846613,7.842932803344624e-06,0.23436128004465373,0.4999996240140771,2,20,20
12,41,0.4763140746775166,2.385027512404555e-07,0.023685618938566282,0.5000000678811661,2,20,20
12,42,0.00018514544917204142,1.0832414638018475e-08,0.49973268109803565,0.5000821626203774,2,20,20
12,43,0.4961800913343149,9.7381697603546e-14,0.003820940293664599,0.4999989683719232,2,20,20
12,44,0.4961800913343149,9.736547593978057e-14,0.0038199449300289397,0.4999999637355588,2,20,20
12,45,0.006167359125555902,3.604969607937407e-07,0.4938322863414811,0.4999999940360017,2,20,20
12,46,0.0008275072831844683,1.9509956469615728e-05,0.49930699252276395,0.4998459902375817,2,20,20
12,47,0.0008275072507503339,1.9509782228315435e-05,0.4991544214385319,0.49999856152848954,2,20,20
12,48,0.42548086000864466,5.413422880031106e-08,0.07452054883210506,0.4999985370250217,2,20,20
12,49,5.383869184452257e-06,5.074209939845178e-07,0.49999557628150015,0.49999853242832143,2,20,20
12,50,0.48503996346216255,1.4074575674829552e-05,0.014947387522331263,0.4999985744398313,2,20,20
12,51,0.4850407674755579,0.00026026197847946387,0.5135251757474515,0.001173794798511503,2,20,20
12,52,0.49377723478749114,2.241057121975902e-11,0.4459220979330429,0.06030066725705545,2,20,20
12,53,0.011141099480241593,3.691164753759064e-05,0.9876467289791405,0.0011752598930780385,2,20,20
12,54,0.01998533312046721,8.621981989973946e-08,0.9788393030172474,0.0011752776424651414,2,20,20
12,55,9.410861386616013e-05,3.623919241287642e-12,0.936032430850861,0.0638734605316491,2,20,20
12,56,9.131224603090096e-05,3.2615713295576644e-12,0.4952326607964682,0.5046760269542395,2,20,20
12,57,9.131224603159399e-05,3.3148598604751158e-12,0.49856037104235074,0.5013483167083027,2,20,20
12,58,9.131224603159857e-05,3.315210464983883e-12,0.4952900069302565,0.5046186808203968,2,20,20
12,59,0.020238489863418703,5.870775810838039e-07,0.47975815901678215,0.5000027640422176,2,20,20
12,60,0.00035351015223873537,3.2689761743629076e-12,0.4996465256281955,0.4999999642162964,2,20,20
12,61,0.010197106235868524,9.118231615040413e-11,0.49313220509480926,0.49667068857813984,2,20,20
12,62,6.413238342377406e-06,3.3766339648437292e-12,0.5000523675265355,0.49994121923174495,2,20,20
12,63,7.097678080631311e-11,2.302273748641172e-13,0.500038230269529,0.49996176965926364,2,20,20
12,64,0.00018840978885275737,6.124038135734848e-07,0.4998699546726304,0.4999410231347034,2,20,20
12,65,0.00018840978885205698,6.124007561693088e-07,0.4998095444000351,0.5000014334103571,2,20,20
12,66,0.24940500688959985,0.000361541479391412,0.15198449343148343,0.5982489581995252,2,20,20
12,67,0.49316964462808777,6.579937672456296e-08,0.006830301591038188,0.4999999879814975,2,20,20
12,68,0.0714048727390755,2.7979652976525856e-12,0.42859660795930926,0.499998519298817,2,20,20
12,69,0.4502663380258046,4.783393361298918e-16,0.04973401901330839,0.49999964296088656,2,20,20
12,70,0.44737677203783877,1.622238656602837e-06,0.05262314238252519,0.4999984633409796,2,20,20
12,71,0.4473767720377988,1.6222386556779034e-06,0.052621672199982095,0.4999999335235637,2,20,20
12,72,0.06207142343875651,4.659090607206027e-07,0.1787273900936451,0.7592007205585372,2,20,20
12,73,0.06207142343874878,4.6590684849905315e-07,0.04058589046264294,0.8973422201917596,2,20,20
12,74,1.051366896208347e-15,5.552806703685717e-14,3.5502351430235687e-06,0.9999964497648007,2,20,20
12,75,4.0038794185973367e-14,1.738931876205394e-10,0.0011564288419025803,0.9988435709841642,2,20,20
12,76,3.985319545433662e-14,3.0910823744769706e-12,0.00341202529867306,0.996587974698196,2,20,20
12,77,2.7526826789934357e-11,4.6315838675559335e-14,0.07591682357074099,0.9240831764016861,2,20,20
12,78,2.752683885988392e-11,4.724043715345323e-14,0.07593708558087238,0.9240629143915535,2,20,20
12,79,1.2621471288426237e-17,8.794535014288846e-19,2.4991343936748287e-06,0.9999975008656063,2,20,20
12,80,1.9999926600061087e-16,9.417460483285413e-16,2.1068975363728513e-06,0.9999978931024626,2,20,20
12,81,2.3014384074991554e-12,2.8177110272278785e-15,0.00336116725482834,0.9966388327428675,2,20,20
12,82,7.013570737423406e-16,5.3662570641424796e-14,2.5120561391573028e-06,0.9999974879438063,2,20,20
12,83,1.8297051489914507e-09,5.592261122659765e-14,0.0053307857368412115,0.9946692124333978,2,20,20
12,84,3.672774729867386e-09,9.901321013487327e-09,0.006993389888791108,0.9930065965371129,2,20,20
12,85,4.0652183996145575e-14,5.4581419340941944e-14,6.021658185293751e-05,0.9999397834180519,2,20,20
12,86,7.347889535089643e-09,1.7318325040374357e-10,0.0034023898773832043,0.996597602601544,2,20,20
12,87,7.34784958373131e-09,1.7312961072537225e-10,0.0033432568375600068,0.9966567356414606,2,20,20
12,88,7.009867557828984e-16,9.579618483007579e-16,1.486325614646027e-06,0.9999985136743836,2,20,20
12,89,5.010295781751058e-14,1.0728738962468438e-13,2.184795999035581e-05,0.9999781520398521,2,20,20
12,90,5.010926157251103e-14,1.0728767917984855e-13,5.03421772539982e-05,0.9999496578225884,2,20,20
12,91,7.039548971567426e-16,9.420256471860723e-16,2.5065823098666074e-06,0.9999974934176885,2,20,20
12,92,7.069178885240702e-16,9.420256488597044e-16,1.1083115846954839e-06,0.9999988916884139,2,20,20
12,93,7.130686141505371e-16,3.3322786445894293e-17,2.082453528169862e-06,0.9999979175464712,2,20,20
12,94,2.2767010776999745e-12,9.741571674612186e-16,2.033423384458119e-05,0.9999796657638778,2,20,20
12,95,1.2947740104920933e-10,5.447812143090424e-14,0.0011551008037877417,0.9988448990666801,2,20,20
12,96,1.8757047464538296e-16,9.580862673073594e-16,8.259759939643274e-05,0.9999174024006023,2,20,20
12,97,1.9985703678697695e-16,1.898947006558464e-15,8.404574849682858e-05,0.999915954251501,2,20,20
12,98,4.5214358529684153e-13,1.2614806578559769e-10,0.1382311755621732,0.8617688243112267,2,20,20
12,99,4.101943697079548e-14,6.663546713317148e-17,1.60318177299086e-06,0.999998396818186,2,20,20
12,100,4.031872405273794e-14,1.0072073946690446e-15,1.6103629826105666e-06,0.9999983896369762,2,20,20
12,101,5.673674705293105e-13,3.0488625993002422e-12,0.0016202360325534985,0.9983797639638303,2,20,20
12,102,5.675303671628667e-13,3.0479220173878904e-12,0.001622080006551314,0.9983779199898334,2,20,20
12,103,1.7551445292554392e-16,1.7101152537406372e-17,2.9445461169697887e-06,0.9999970554538828,2,20,20
12,104,1.906171857934804e-16,3.360759672551586e-17,3.282823276321995e-06,0.9999967171767234,2,20,20
12,105,4.768192242497592e-12,1.3647471169138415e-09,0.49879574982286856,0.5012042488076157,2,20,20
12,106,6.531478466074754e-06,6.843287352000077e-08,0.45646973105968025,0.54352366902898,2,20,20
12,107,7.135404309569842e-07,6.842986074348286e-08,0.4407038091124957,0.5592954089172124,2,20,20
12,108,7.135404307816108e-07,6.842986072698181e-08,0.4406226704789805,0.5593765475507281,2,20,20
12,109,3.717627435491971e-05,3.275980997634559e-06,0.4525742300088336,0.5473853177358137,2,20,20
12,110,1.7640252808070786e-11,4.3681514460545635e-06,0.5033248149214554,0.49667081690945836,2,20,20
12,111,0.000647110047199945,0.0008843368747446931,0.49855118080559524,0.4999173722724599,2,20,20
12,112,0.04564280814406517,1.0729578081716719e-10,0.4544382144364697,0.4999189773121692,2,20,20
12,113,0.04564280814349676,1.0724308508930401e-10,0.45435705338133214,0.5000001383679279,2,20,20
12,114,0.04564280817593915,1.0729672760358188e-10,0.454385208645336,0.49997198307142804,2,20,20
12,115,0.0008618558053983769,3.5634775354224036e-07,0.49916741007723203,0.49997037776961567,2,20,20
12,116,0.012005033210061255,3.4824167665311713e-07,0.488022580992375,0.4999720375558867,2,20,20
12,117,0.00038985362952337235,9.510855309085344e-06,0.500720401039695,0.4988802344754727,2,20,20
12,118,0.039094317386867417,1.0035172763203146e-08,0.45651499540966733,0.5043906771682922,2,20,20
12,119,0.02157529054625874,5.514050339098245e-09,0.4783829120462399,0.5000417918934511,2,20,20
12,120,0.493397375155777,4.717106769341914e-09,0.006603141517096456,0.49999947861001964,2,20,20
12,121,0.29431762493886315,8.779071900094668e-13,0.20570268706288938,0.4999796879973699,2,20,20
12,122,0.4993707102633824,7.2732406293005655e-12,0.0006901841169256207,0.49993910561241867,2,20,20
12,123,0.256100882195803,0.0004229258380777618,0.24340548278599597,0.5000707091801239,2,20,20
12,124,0.4348902156267489,8.191349221067548e-10,0.06510940629870288,0.5000003772554135,2,20,20
12,125,0.004002342928787495,6.4045899412198104e-06,0.4959912864641305,0.499999966017141,2,20,20
12,126,0.040626523178264706,5.330136841201379e-09,0.45937491408624187,0.4999985574053566,2,20,20
12,127,0.49845594024547546,1.2357983931767808e-14,0.0015444415851100346,0.499999618169402,2,20,20
12,128,0.499772503741753,1.3738453817631927e-12,0.00022752244647568484,0.4999999738103973,2,20,20
12,129,0.48755520024499327,2.524795320784008e-07,0.012446021300063915,0.499998525975411,2,20,20
12,130,0.487555200277338,2.524795339546057e-07,0.014129609614910209,0.49831493762821794,2,20,20
12,131,0.48755520024503307,2.524825808720373e-07,0.014069015130130058,0.498375532142256,2,20,20
12,132,0.4875261381074518,4.505505393342308e-09,0.012555687087147568,0.49991817029989505,2,20,20
12,133,0.48752613810516543,4.505450831737321e-09,0.01247271835822334,0.5000011390311603,2,20,20
12,134,0.49971510258197716,1.1341085439618018e-10,0.17501534124310666,0.3252695560615052,2,20,20
12,135,0.4997151025804959,2.4530611356562855e-14,0.0002849250514774117,0.49999997236800203,2,20,20
12,136,0.4997151025805059,7.911020510769943e-14,0.0003437185136150408,0.4999411789057998,2,20,20
12,137,0.2072013919172045,1.883090536668468e-09,0.29285741816168703,0.49994118803801757,2,20,20
12,138,0.19116110693854285,2.9152742522564264e-07,0.30733446304213136,0.5015041384919006,2,20,20
12,139,0.49993199765196933,8.928271801378989e-16,6.804630663062241e-05,0.49999995604139935,2,20,20
12,140,0.49993199765196933,1.8171866232702423e-15,6.946948755163946e-05,0.4999985328604775,2,20,20
12,141,0.4998168058097862,8.106243513567864e-11,0.00018466125499221105,0.49999853285415924,2,20,20
12,142,0.4998269248355032,9.713508568429977e-16,0.0001745423105706953,0.49999853285392537,2,20,20
12,143,0.4998893591245177,1.401592731206958e-15,0.00011210802155153155,0.4999985328539295,2,20,20
12,144,0.019982820477606668,5.882965458828783e-14,0.48001864580297215,0.4999985337193619,2,20,20
12,145,0.00036519884842038067,3.3731347316192573e-12,0.4996352941492719,0.4999995069989345,2,20,20
12,146,0.0098600438888557,1.6283432650381263e-05,0.4901233599553793,0.5000003127231145,2,20,20
12,147,0.012254113489812164,8.670418419246758e-16,0.5459816801788413,0.4417642063313458,2,20,20
12,148,7.400835286577224e-06,3.0602102478258097e-09,0.50005138328032,0.49994121282418347,2,20,20
12,149,1.1526498799700931e-09,1.0154044468826445e-10,0.5000010739234728,0.49999892482233627,2,20,20
12,150,0.3348682203528141,7.645548093423494e-10,0.16520402881762739,0.4999277500650037,2,20,20
12,151,0.4966310001014151,1.9459926977829572e-11,0.0033690437126708953,0.4999999561664542,2,20,20
12,152,3.500760648348675e-06,5.783072222006486e-09,0.4999965372846205,0.49999995617165865,2,20,20
12,153,0.2901170140707985,2.684331944602947e-09,0.20991148034922122,0.4999715028956482,2,20,20
12,154,0.49970967196818944,8.137947354619307e-11,0.00037415984588466087,0.49991616810454603,2,20,20
12,155,0.07337978865196206,0.09854372875553948,0.32807174520269405,0.5000047373898041,2,20,20
12,156,0.07337978865196275,0.09854372875553948,0.3280714250115985,0.5000050575808991,2,20,20
12,157,1.942653266023669e-13,0.49943912659859474,0.0005609350197842509,0.4999999383814264,2,20,20
12,158,1.9855303299796784e-06,0.4938414583403212,0.006156613834815861,0.499999942294533,2,20,20
12,159,3.846962040665769e-12,0.1771955746902507,0.32280579457841163,0.4999986307274903,2,20,20
12,160,1.8391288204641917e-13,0.47851601613770317,0.021485429375038445,0.49999855448707425,2,20,20
12,161,2.4660257525080746e-16,0.4999929170822963,8.968295671055979e-05,0.49991739996099277,2,20,20
12,162,1.1414502982197045e-11,0.4995094912685018,0.000550982667966043,0.49993952605211767,2,20,20
12,163,2.711583394846177e-12,0.49946598013528404,0.000562533288793977,0.4999714865732104,2,20,20
12,164,5.557516335010518e-14,0.47851206738172003,0.021546753712584923,0.49994117890563966,2,20,20
12,165,6.147731155657456e-13,0.47851206738166735,0.02149085186044972,0.49999708075726806,2,20,20
12,166,2.7912712691791443e-18,0.499999585036917,4.33831730725383e-07,0.49999998113135224,2,20,20
12,167,1.9090157204778214e-13,0.49971282443267545,0.1749106351662437,0.32537654040088987,2,20,20
12,168,1.567362797422303e-10,0.49931882040659276,0.0040106040293355115,0.4966705754073356,2,20,20
12,169,2.307957478293814e-12,0.4781152586941743,0.025214169852711864,0.49667057145080595,2,20,20
12,170,1.5673644382621321e-10,0.49931916157963957,0.004010266743405598,0.4966705715202185,2,20,20
12,171,1.0643981295390476e-06,0.26473730809950047,0.23529043524182836,0.49997119226054176,2,20,20
12,172,2.7511833327430587e-12,0.4995979231738675,0.005065898468808259,0.49533617835457355,2,20,20
12,173,7.625907021804847e-13,0.14049888509985364,0.3595599273189412,0.4999411875804428,2,20,20
12,174,1.9110499134365096e-13,0.49971250333761474,0.00037007546346677617,0.49991742119872706,2,20,20
12,175,1.904045554194499e-13,0.49971250333761286,0.0002875227244806305,0.49999997393771595,2,20,20
12,176,1.9041970540554148e-13,0.4997125033376665,0.00028998108001633695,0.49999751558212646,2,20,20
12,177,1.9057974444472578e-13,0.4997125033376665,0.0002899810876435072,0.49999751557449956,2,20,20
12,178,2.775544067525404e-07,0.27613352638704364,0.22386157153660022,0.5000046245219495,2,20,20
12,179,0.00011001682555885175,0.4800597291092001,0.019830276451020354,0.49999997761422066,2,20,20
12,180,5.931835053017297e-10,0.4793467623904918,0.020654686445744634,0.4999985505705803,2,20,20
12,181,7.336307951066864e-09,0.4923671861783332,0.011756282378219508,0.49587652410713934,2,20,20
12,182,7.336306321767304e-09,0.49960645569265677,0.004517012863897397,0.4958765241071392,2,20,20
12,183,2.486637933702887e-16,0.49960644583977387,0.000394611641243454,0.49999894251898236,2,20,20
12,184,1.5305771148152652e-15,0.4785190347187992,0.021482023902304047,0.4999989413788951,2,20,20
12,185,2.6274798222442816e-12,0.4840894065260429,0.015910401017356364,0.5000001924539731,2,20,20
12,186,1.971953014909858e-12,0.49958365816411593,0.0785421705180617,0.42187417131585025,2,20,20
12,187,0.0006821346651198235,1.6072439067276322e-05,0.5774276212212469,0.421874171674566,2,20,20
12,188,0.0014532424026584422,1.0548182146627327e-08,0.5766725237772417,0.42187422327191726,2,20,20
12,189,0.452963293894702,1.773811631415858e-11,0.04703790577544664,0.49999880031211325,2,20,20
12,190,0.003711762532917436,8.71280076251074e-05,0.4957874373829561,0.5004136720765013,2,20,20
12,191,7.811988633887852e-13,3.1280601269489995e-12,0.17471052498186698,0.8252894750142235,2,20,20
12,192,1.2675483323895067e-17,3.3327931593487554e-17,9.330445484889955e-08,0.9999999066955452,2,20,20
12,193,1.9104491501906982e-16,3.390211104135525e-17,1.0686503790110412e-07,0.9999998931349621,2,20,20
12,194,3.9942255390211324e-14,3.057454014766217e-12,6.050621245622748e-05,0.9999394937844464,2,20,20
12,195,4.59254267051839e-12,3.0584282611255406e-12,0.00016873758706312166,0.9998312624052857,2,20,20
12,196,5.691983984769088e-13,5.552812114152211e-14,8.583677905752607e-05,0.9999141632203177,2,20,20
12,197,7.284826292818355e-16,1.915219214581948e-15,6.0259378470478997e-05,0.9999397406215269,2,20,20
12,198,1.8759517964727964e-16,9.41911858875637e-16,6.169279314887261e-05,0.9999383072068501,2,20,20
12,199,7.161290346105732e-16,1.8988439632638844e-15,0.0001413774313305893,0.999858622568667,2,20,20
12,200,1.0664147874520466e-14,3.105336063720606e-12,0.001155258943083896,0.9988447410538002,2,20,20
12,201,2.265543292926894e-12,1.0630776726823754e-13,0.0047481014727156845,0.9952518985249126,2,20,20
12,202,1.877626507201506e-16,1.7388764301919348e-17,5.8848732432262704e-05,0.9999411512675678,2,20,20
12,203,1.0161143145845352e-14,5.366257060178202e-14,2.5419604269608053e-06,0.9999974580395095,2,20,20
12,204,3.7508740599070534e-16,3.4191783921717726e-17,1.1562903602051792e-07,0.9999998843709639,2,20,20
12,205,1.0119489016501925e-14,3.0384136842604028e-12,0.003329968892647808,0.9966700311043035,2,20,20
12,206,9.922944416002356e-15,3.0393218075651736e-12,0.0033304823201786614,0.996669517676772,2,20,20
12,207,2.27960139716486e-12,1.7374930564366155e-10,0.0015719207868897687,0.9984280790370813,2,20,20
12,208,2.2796136912547282e-12,1.73748397230647e-10,0.0015718962942347318,0.9984281035297371,2,20,20
12,209,2.2796011852847243e-12,1.737483810038472e-10,0.0015709077103713397,0.9984290921136006,2,20,20
12,210,2.2767164401840165e-12,9.747269972967122e-16,2.0833727626682206e-05,0.9999791662700959,2,20,20
12,211,2.263192147385298e-12,1.725503255156097e-10,0.005158788023887949,0.9948412118012987,2,20,20
12,212,9.985693989966457e-15,5.3675990986514935e-14,2.9989369888224186e-05,0.9999700106300485,2,20,20
12,213,8.857120746656955e-16,1.7313425659500572e-10,0.003350196937116026,0.9966498028897489,2,20,20
12,214,5.700016870784715e-13,1.7324151864362766e-10,0.0033887597548731886,0.9966112400713154,2,20,20
12,215,5.698445364506054e-13,1.073118784609225e-13,0.00011766233308504818,0.9998823376662378,2,20,20
12,216,7.437140783981647e-16,6.634189042221761e-17,5.8868568169464005e-05,0.9999411314318297,2,20,20
12,217,2.2765234149145144e-12,1.8987206412945958e-15,6.146507949397779e-05,0.9999385349182278,2,20,20
12,218,5.691029636380779e-13,3.057311371487243e-12,8.385138795179831e-05,0.9999161486084216,2,20,20
12,219,3.138914329812216e-18,1.738075264626395e-17,6.29601460442935e-08,0.9999999370398538,2,20,20
12,220,3.138914329812194e-18,1.7380752646263953e-17,6.296014604429325e-08,0.9999999370398538,2,20,20
12,221,1.5376278045182426e-17,3.3322817182478854e-17,1.0762757741438844e-06,0.9999989237242259,2,20,20
12,222,3.995748940382789e-17,9.740787973856661e-16,5.9824229312977185e-05,0.9999401757706861,2,20,20
12,223,9.998423398723205e-15,9.74188468610221e-16,2.5656030085408415e-06,0.9999974343969806,2,20,20
12,224,1.0001349827953968e-14,5.4119372614456633e-14,0.0046653507934551735,0.9953346492064806,2,20,20
12,225,2.3264451983363703e-12,9.747608985601247e-16,6.153091409303242e-05,0.9999384690835796,2,20,20
12,226,3.820646819682381e-12,1.1672276920310187e-09,0.44127534508194005,0.5587246537470113,2,20,20
12,227,0.0011307679699558316,2.467009393893247e-08,0.08269783954872552,0.9161713678112248,2,20,20
12,228,4.520491670482867e-12,3.366036301513148e-17,0.003634980225485878,0.9963650197699938,2,20,20
12,229,1.27804471369346e-17,9.417409665602791e-16,2.0889184490970635e-06,0.9999979110815503,2,20,20
12,230,4.00056127877059e-17,1.9150587757491503e-15,0.00014137040249053085,0.9998586295975074,2,20,20
12,231,4.014645147034517e-14,5.461982299707e-14,6.127666262611224e-05,0.999938723337279,2,20,20
12,232,2.316816390693416e-12,3.1113527595667748e-12,2.4230979207966407e-05,0.9999757690153636,2,20,20
12,233,3.986545813331679e-14,1.892511837781232e-15,0.0033578852383670367,0.9966421147615914,2,20,20
12,234,3.967804051229459e-14,9.35196568898645e-16,0.0033293970383608436,0.9966706029615987,2,20,20
12,235,7.038480489902263e-16,9.744638983037384e-16,2.089791509893461e-06,0.9999979102084884,2,20,20
12,236,1.8453527903826306e-17,6.605092573287854e-17,1.4142489150598628e-06,0.9999985857510847,2,20,20
12,237,3.9681293760676775e-14,1.8836286295975347e-15,0.007993184335211607,0.992006815664747,2,20,20
12,238,3.688064782931334e-17,1.738068461446983e-17,5.885625638541422e-05,0.9999411437436146,2,20,20
12,239,1.2780432012999952e-17,4.9820266661873125e-17,5.8835119893414825e-05,0.9999411648801066,2,20,20
12,240,1.7610810913435254e-16,9.906819081178343e-16,5.985713360264471e-05,0.9999401428663965,2,20,20
12,241,2.002650880391551e-16,9.74469138410293e-16,2.098315582897427e-06,0.999997901684416,2,20,20
12,242,3.9956197313522156e-14,9.585376859417394e-16,2.187503239889526e-06,0.9999978124967192,2,20,20
12,243,2.2765203953698463e-12,9.740815982655078e-16,6.0041465856998394e-05,0.9999399585318657,2,20,20
12,244,1.2187512718205235e-10,9.328405991225933e-09,0.030602027082958325,0.9693979634667604,2,20,20
12,245,1.017082242987101e-14,1.0786059841795795e-13,0.0034117852432088694,0.9965882147566728,2,20,20
12,246,6.01933599256216e-13,1.7377652553762094e-10,0.0797394049220669,0.9202605949035547,2,20,20
12,247,1.5587217964048697e-17,9.417401958120646e-16,1.5037879135526255e-06,0.9999984962120856,2,20,20
12,248,2.2765382537565225e-12,5.3656737657764165e-14,5.947670368165317e-05,0.9999405232939882,2,20,20
12,249,2.276701200536152e-12,5.365673765751858e-14,6.234107552204952e-05,0.9999376589221476,2,20,20
12,250,5.690232997949401e-13,1.7424131703330613e-10,0.00015408896466407223,0.9998459108605253,2,20,20
12,251,5.702615347651152e-13,1.7424134618997275e-10,0.058389982089288396,0.9416100177358999,2,20,20
12,252,1.2416898709484793e-15,6.220499177563567e-17,0.058237393825665784,0.9417626061743332,2,20,20
12,253,1.0026127255012885e-14,5.4619644745108956e-14,6.033234841927658e-05,0.9999396676515163,2,20,20
12,254,7.038443638422003e-16,1.738072192630271e-17,1.1013028858241456e-06,0.9999988986971137,2,20,20
12,255,2.8406387016468063e-12,1.7389320334091704e-10,0.0012390152712802146,0.998760984551986,2,20,20
12,256,1.547793996451029e-17,9.41632258397538e-16,6.0266232140281175e-05,0.9999397337678586,2,20,20
12,257,7.010459654900378e-16,1.739081442011321e-17,4.0055258848129464e-07,0.9999995994474108,2,20,20
12,258,4.064460787588019e-14,1.898806916118905e-15,8.39682690870322e-05,0.9999160317308707,2,20,20
12,259,1.875432688024407e-16,1.8826017092261885e-15,2.5246247587265084e-06,0.9999974753752392,2,20,20
12,260,1.8775986022954397e-16,9.582465746152463e-16,1.5115757713946068e-06,0.9999984884242273,2,20,20
12,261,2.4859912028722205e-17,3.360753017907713e-17,8.782740786266705e-08,0.9999999121725922,2,20,20
12,262,7.350613803914983e-09,1.732482620414109e-10,0.0031572062102994953,0.9968427862658383,2,20,20
12,263,3.244475312954898e-11,1.0823265219207818e-13,4.997507531169864e-06,0.9999950024599156,2,20,20
12,264,7.192667509849837e-16,9.744803229191979e-16,1.8377780939933844e-06,0.9999981622219045,2,20,20
12,265,5.790870794204388e-13,5.459479748602062e-14,0.0001668147732109778,0.999833185226155,2,20,20
12,266,7.098668460804971e-16,5.595980810996256e-14,0.0047226095059371,0.995277390494006,2,20,20
12,267,1.398041113701868e-15,3.11151492691285e-12,0.004724280140069569,0.9952757198568174,2,20,20
12,268,2.2722432146457488e-12,3.110959725475831e-12,0.0012142629960633499,0.9987857369985534,2,20,20
12,269,7.125007736438327e-16,3.082461495509797e-12,0.009327867211704133,0.9906721327852129,2,20,20
12,270,7.042327186460683e-16,3.0576272365737566e-12,3.056242889479719e-05,0.9999694375680469,2,20,20
12,271,2.2866446877498036e-12,3.1131543598764327e-12,3.110712755480512e-05,0.9999688928670454,2,20,20
12,272,2.2973482515586356e-12,3.781268408378749e-15,3.0431988461985325e-05,0.9999695680092371,2,20,20
12,273,2.297336385026298e-12,2.8241909202918273e-15,2.9321857449823295e-05,0.9999706781402502,2,20,20
12,274,4.576879607299965e-12,3.051664341540143e-12,0.0016485279428553711,0.998351472049516,2,20,20
12,275,6.079228078613181e-13,3.105224089672695e-12,0.0011553092338790658,0.998844690762408,2,20,20
12,276,3.5298727306033154e-11,1.0866431657715466e-13,0.005058323368232806,0.9949416765963597,2,20,20
12,277,1.8773327293004575e-16,1.9089522049332095e-15,0.0033297239659831543,0.9966702760340147,2,20,20
12,278,1.7552370827297752e-16,9.744651319756334e-16,1.9927912716888415e-06,0.9999980072087273,2,20,20
12,279,5.030904400097934e-13,1.570991834171428e-10,0.05831988475032344,0.9416801150920745,2,20,20
12,280,2.1461152876442076e-11,3.5502502091102054e-14,0.17486402676054275,0.8251359732179605,2,20,20
12,281,3.3507950358896865e-18,4.9544481544768805e-17,1.0759717557076497e-06,0.9999989240282443,2,20,20
12,282,2.491563453209046e-17,1.7390825399576892e-17,1.09369437879448e-06,0.9999989063056212,2,20,20
12,283,8.881845341528393e-16,1.7425907715738363e-10,0.00010313607555961603,0.9998968637501802,2,20,20
12,284,1.0632877080100607e-15,1.7426000164364477e-10,0.00018567822100945002,0.9998143216047294,2,20,20
12,285,8.759991762064803e-16,1.7425906036641353e-10,0.00010311095363375994,0.9998968888721059,2,20,20
12,286,5.700712543466648e-13,1.7431364669202772e-10,0.00010560204661497613,0.999894397778501,2,20,20
12,287,8.819248759345291e-16,1.7425906064591779e-10,0.00018569859850050194,0.9998143012272394,2,20,20
12,288,4.213404248218041e-14,2.625317506136781e-12,0.07812439864544711,0.9218756013518856,2,20,20
12,289,7.161359256841902e-16,9.906849261358937e-16,2.9170696927462663e-06,0.9999970829303055,2,20,20
12,290,1.4045788607599092e-15,5.459709745042206e-14,6.028804601670409e-05,0.9999397119539274,2,20,20
12,291,2.261745552824449e-12,1.7313057035205785e-10,0.003425715898361392,0.9965742839262463,2,20,20
12,292,2.271557910458316e-12,1.7313149512594406e-10,0.0034257439853374034,0.9965742558392594,2,20,20
12,293,5.638891052080822e-13,5.316242539751914e-14,0.004665463563690206,0.9953345364356929,2,20,20
12,294,1.4018029847043812e-15,6.605103735601603e-17,1.12010934199657e-06,0.9999988798906565,2,20,20
12,295,1.9928073917075415e-16,2.817651812440589e-15,0.00162051208854548,0.9983794879114514,2,20,20
12,296,8.879157189313474e-16,1.89301789620975e-15,0.0016204329070287652,0.9983795670929685,2,20,20
12,297,1.900100786791948e-16,1.8930127702418583e-15,0.0016190889098345736,0.9983809110901634,2,20,20
12,298,3.994671285532912e-14,9.744685065652197e-16,1.4570144330053235e-06,0.9999985429855262,2,20,20
12,299,8.846471428963431e-15,1.53995344684424e-10,0.05823601812410444,0.9417639817218914,2,20,20
12,300,1.4169561930297268e-15,5.46034982073071e-14,2.861366304685632e-06,0.9999971386336394,2,20,20
12,301,5.691983036809211e-13,2.823746835080246e-15,3.976283948184771e-06,0.9999960237154799,2,20,20
12,302,5.692073648113615e-13,2.823638127147325e-15,6.171102174569619e-05,0.9999382889776824,2,20,20
12,303,1.069776127335587e-14,3.0583950359395257e-12,0.00011925435723874899,0.9998807456396921,2,20,20
12,304,1.0860797826892622e-14,3.1111096383183965e-12,0.00011928316651075404,0.9998807168303672,2,20,20
12,305,5.0624458893877e-14,3.0583950360779072e-12,0.000119275511326299,0.9998807244855648,2,20,20
12,306,7.50829488268941e-09,1.0947229026081535e-13,0.006108559487023508,0.9938914330045722,2,20,20
12,307,1.210883404633088e-19,5.998541926261206e-19,1.4509575371305375e-06,0.999998549042463,2,20,20
12,308,1.5533277756185807e-17,9.423093807679323e-16,2.9167287848118537e-06,0.9999970832712144,2,20,20
12,309,7.00850586139385e-16,5.3640014879465856e-14,6.027001693404443e-05,0.9999397299830117,2,20,20
12,310,7.130369392119546e-16,5.364001488115632e-14,5.88572280696108e-05,0.9999411427718761,2,20,20
12,311,5.69115200113182e-13,3.057311371487189e-12,8.386903479828993e-05,0.9999161309615753,2,20,20
12,312,2.2766772848125e-12,5.458432709521131e-14,2.8909640367794304e-05,0.999971090357301,2,20,20
12,313,1.2616685286542917e-17,9.740281880324913e-16,8.262195603875956e-05,0.9999173780439604,2,20,20
12,314,5.70043903084851e-13,3.111920198420771e-12,0.0033509507964817747,0.9966490491998364,2,20,20
12,315,8.734156791056955e-16,5.3305524146594944e-14,0.0033292358845429595,0.9966707641154032,2,20,20
12,316,6.421544150657579e-18,1.7385787145316527e-17,1.5092285045854246e-06,0.9999984907714956,2,20,20
12,317,1.3952469686530572e-15,1.1551905059991058e-18,0.003340085736656843,0.9966599142633419,2,20,20
12,318,4.083358940123694e-14,5.3677576151950986e-14,2.2196245689111744e-05,0.9999778037542166,2,20,20
12,319,1.417013070778733e-15,9.426048138808798e-16,1.4465336516817468e-06,0.999998553466346,2,20,20
12,320,5.684022796228705e-13,1.7362382225823404e-10,0.0019291633941543073,0.9980708364316534,2,20,20
12,321,3.233943394538529e-11,5.4446318329597475e-14,0.001678053428555025,0.9983219465390512,2,20,20
12,322,1.8811195170001288e-16,9.581367135056636e-16,5.983328464750367e-05,0.9999401667153514,2,20,20
12,323,7.039013155183791e-16,9.41745064860134e-16,1.5602924345275565e-06,0.9999984397075636,2,20,20
12,324,3.98638937040655e-14,5.3522542090110154e-14,0.001153829056666152,0.9988461709432406,2,20,20
12,325,7.00825663938562e-16,9.417409696321958e-16,1.0835420297390743e-06,0.9999989164579686,2,20,20
12,326,1.2991079674055737e-10,3.1029171348639756e-12,0.001674759116839496,0.9983252407501467,2,20,20
12,327,1.299100990518751e-10,3.1019922154008035e-12,0.0016751515027363711,0.9983248483642516,2,20,20
12,328,2.8148096869255875e-17,3.3897139049923675e-17,1.0776095650752256e-06,0.9999989223904346,2,20,20
12,329,8.882561898963554e-16,1.899103010332863e-15,2.5918888631060486e-06,0.9999974081111345,2,20,20
12,330,1.0107144371974955e-14,3.0393380284945815e-12,0.003330959814949571,0.9966690401820011,2,20,20
12,331,8.759687554957331e-16,3.0574380682511077e-12,6.191200277703446e-05,0.9999380879941646,2,20,20
12,332,1.2617819223403312e-17,3.2025541404993953e-19,1.100557173617495e-06,0.9999988994428262,2,20,20
12,333,5.692778646535352e-13,5.461344832437178e-14,0.0001430225118208092,0.9998569774875551,2,20,20
12,334,8.762115568598894e-16,5.4597665338413843e-14,5.98779438593832e-05,0.9999401220560853,2,20,20
12,335,7.396054728456279e-09,3.110945644851357e-12,8.529897147259327e-05,0.9999146936293618,2,20,20
12,336,9.997911328955159e-15,5.365994038424204e-14,3.06360541019695e-05,0.9999693639458347,2,20,20
12,337,1.2976545283425409e-10,3.164574598270837e-12,0.00011345799226642167,0.9998865418748037,2,20,20
12,338,3.243450944265393e-11,1.7424227505090817e-10,0.0001545822836787755,0.9998454175096445,2,20,20
12,339,3.24343100410849e-11,1.7424224231270033e-10,0.00015507054830518,0.9998449292450184,2,20,20
12,340,3.2434309667483434e-11,1.7424224203310162e-10,0.0001540648591471814,0.9998459349341764,2,20,20
12,341,1.617888511158519e-10,1.772910275871659e-10,0.0017825273611292726,0.9982174722997905,2,20,20
12,342,1.293552454809041e-10,3.102425858537699e-12,0.001687309408562735,0.9983126904589795,2,20,20
12,343,3.5103501003045436e-16,9.74474081583652e-16,1.4393152839657738e-06,0.9999985606847146,2,20,20
12,344,1.0861563459045264e-14,1.8990157318618445e-15,2.8896694685953292e-05,0.9999711033053011,2,20,20
12,345,5.0272220169295824e-14,1.8993863682774305e-15,8.298650929151411e-05,0.999917013490656,2,20,20
12,346,8.761818809888654e-16,3.3607488082433517e-17,1.4319753392077143e-06,0.9999985680246599,2,20,20
12,347,9.534679244620017e-15,2.74907329500998e-12,0.0582369036135338,0.9417630963837078,2,20,20
12,348,8.846389620443755e-15,2.7500077820663982e-12,0.06156503394984079,0.9384349660474005,2,20,20
12,349,3.996217940427951e-14,9.680970634852108e-16,0.0034084399285437997,0.9965915600714153,2,20,20
12,350,4.065213139102162e-14,1.8947722107077737e-15,0.0012329571598871387,0.9987670428400702,2,20,20
12,351,6.693858389486073e-18,3.390210334302448e-17,1.4846747027303847e-06,0.9999985153252974,2,20,20
12,352,3.9944865129112176e-14,5.458465367459802e-14,2.856737273034983e-05,0.9999714326271752,2,20,20
12,353,4.064234372699458e-14,5.460087045485795e-14,2.8914229639928887e-05,0.9999710857702648,2,20,20
12,354,7.041148199385398e-16,9.585319257188504e-16,1.4387257262114364e-06,0.999998561274272,2,20,20
12,355,1.4014566910333679e-15,1.882493808381559e-15,5.984949646253843e-05,0.9999401505035338,2,20,20
12,356,4.0834858171104275e-14,1.9155121650768175e-15,3.0581464412547465e-05,0.9999694185355446,2,20,20
12,357,2.276720838947381e-12,6.605967788373127e-17,2.2780765300071808e-05,0.999977219232423,2,20,20
12,358,1.866078521689951e-17,9.585318519739436e-16,1.101116981457896e-06,0.9999988988830175,2,20,20
12,359,5.691896584403271e-13,9.423201155290784e-16,0.0001761581473225198,0.9998238418521074,2,20,20
12,360,2.0635846931723063e-16,1.899404830448406e-15,1.4640422298559734e-06,0.999998535957768,2,20,20
12,361,5.693216280834428e-13,1.0823668015908278e-13,5.9875900000797594e-05,0.9999401240993218,2,20,20
12,362,5.640798758359517e-13,5.410330337112699e-14,0.004664421149596835,0.995335578849785,2,20,20
12,363,5.639013996139167e-13,5.316215076013636e-14,0.004665046569587051,0.9953349534297959,2,20,20
12,364,5.69114825082818e-13,1.8988059032353987e-15,8.524145314263258e-05,0.9999147585462862,2,20,20
12,365,5.798657667200961e-13,2.8564034031958173e-15,0.00011262046350737571,0.9998873795359099,2,20,20
12,366,1.8134127468222101e-16,9.420197014719483e-16,8.40740987065854e-05,0.999915925901292,2,20,20
12,367,3.5081802027669386e-16,9.744682933913317e-16,2.508377460442619e-06,0.9999974916225383,2,20,20
12,368,9.996637845704729e-15,5.4578603963764506e-14,8.406767195956389e-05,0.9999159323279757,2,20,20
12,369,5.791750717255543e-13,1.9065322885703724e-15,0.004747084857735971,0.9952529151416829,2,20,20
12,370,9.984507295631116e-15,9.41587596262575e-16,8.262576787045722e-05,0.9999173742321184,2,20,20
12,371,9.98450450742909e-15,9.418671961263172e-16,8.263296272466391e-05,0.9999173670372641,2,20,20
12,372,6.367551639197517e-18,9.57962617763717e-16,2.506779989061e-06,0.9999974932200102,2,20,20
12,373,2.2767834733623556e-12,1.0730767876779875e-13,4.291698536615417e-06,0.9999957082990794,2,20,20
12,374,7.069176874063112e-16,9.741830237499312e-16,3.257549549184042e-06,0.9999967424504494,2,20,20
12,375,7.163487511176103e-16,9.744606959943039e-16,6.0599450273528295e-05,0.9999394005497251,2,20,20
12,376,6.35282874670531e-06,7.484051650218497e-08,0.498892715901175,0.5011008564295619,2,20,20
12,377,3.286806669725632e-07,4.414258130621317e-07,0.11030180142929703,0.8896974284642231,2,20,20
12,378,3.286806669602743e-07,4.414258130456323e-07,0.11024302865901822,0.8897562012345017,2,20,20
12,379,3.286807066410843e-07,4.4142885049138347e-07,0.11357243664010731,0.8864267932503357,2,20,20
12,380,3.286807175884475e-07,4.414258158686801e-07,0.11026380744965324,0.8897354224438134,2,20,20
12,381,2.8463698699240567e-12,1.0731849159079639e-13,6.132260175670681e-05,0.9999386773952895,2,20,20
12,382,3.23379044418492e-11,3.2082779812987317e-12,0.001655861881038421,0.9983441380834156,2,20,20
12,383,1.0161160841373016e-14,5.646697683918745e-14,2.1404346246423474e-05,0.9999785956536874,2,20,20
12,384,1.0173216707374263e-14,1.0916514203726604e-13,7.915927478716326e-05,0.9999208407250936,2,20,20
12,385,1.9970225980063392e-14,3.1118792401502594e-12,0.00010417044067019813,0.9998958295561984,2,20,20
12,386,3.4591726039219355e-11,3.0582681863247074e-12,0.002071708536359123,0.9979282914259907,2,20,20
12,387,1.0538772010680424e-07,3.1117388995438862e-12,0.00011517594760546681,0.9998847186615629,2,20,20
12,388,4.0717918814873485e-14,4.8369774708961384e-14,0.05823798031850291,0.9417620196814077,2,20,20
12,389,4.992855828958471e-14,5.553813395893063e-14,6.089604388379137e-05,0.9999391039560106,2,20,20
12,390,5.751609498971089e-16,3.552289389503723e-14,0.17462486624000145,0.8253751337599623,2,20,20
12,391,9.390606505938027e-11,1.261091981635841e-10,0.13831324529666958,0.861686754483315,2,20,20
12,392,1.7854262686695469e-16,1.899101151624111e-15,8.36443437656934e-05,0.9999163556562322,2,20,20
12,393,9.998262304932293e-15,2.823464074065016e-15,2.1395634440027916e-06,0.9999978604365434,2,20,20
12,394,2.5129437734554115e-17,4.983939073061544e-17,9.474628489359519e-08,0.9999999052537151,2,20,20
12,395,1.283811152422748e-17,3.361249125252677e-17,1.076980060796535e-06,0.9999989230199393,2,20,20
12,396,1.2623437067698232e-17,1.7111227577341187e-17,7.11644241181245e-08,0.9999999288355762,2,20,20
12,397,9.986192583131034e-15,9.579627942716165e-16,1.0920188891663557e-06,0.9999989079811001,2,20,20
12,398,1.0701976819232995e-14,1.0696721531588216e-13,0.003331669367852167,0.9966683306320303,2,20,20
12,399,1.7547097064298326e-16,1.711122579490122e-17,7.848621418373726e-08,0.9999999215137859,2,20,20
12,400,4.011232442366337e-14,3.058235865754472e-12,8.385819633561267e-05,0.999916141800566,2,20,20
12,401,1.4048374091233835e-15,9.582006053447474e-16,2.9556322059986904e-05,0.999970443677938,2,20,20
12,402,7.043248179162954e-16,9.579669398059905e-16,2.5078338184988203e-06,0.9999974921661798,2,20,20
12,403,2.7989169646300483e-17,3.389713900458272e-17,1.073242778393107e-06,0.9999989267572219,2,20,20
12,404,5.696729704276414e-13,5.0478005963618075e-12,0.17470728438830863,0.8252927156060739,2,20,20
12,405,1.4910113808919891e-09,8.011721666885889e-09,0.27150925208976107,0.7284907384075058,2,20,20
12,406,3.2092493742900596e-11,9.828902095912388e-09,0.18005400248507675,0.8199459876539286,2,20,20
12,407,2.2769903424720508e-12,2.0977635545583344e-12,0.1747060655584605,0.8252939344371647,2,20,20
12,408,5.852935951954489e-16,2.0436515101406064e-12,0.17928726949618806,0.8207127305017676,2,20,20
12,409,7.951482039545322e-14,1.072483587114361e-13,0.004664896831351944,0.9953351031684613,2,20,20
12,410,3.957117300858884e-14,1.0629071619259819e-13,0.004663823172186524,0.9953361768276676,2,20,20
12,411,3.994836050572728e-14,5.461745627663608e-14,8.067589400705068e-05,0.9999193241058986,2,20,20
12,412,1.045727610001387e-15,3.09111782172338e-12,0.003388245822094659,0.9966117541748133,2,20,20
12,413,1.90585314560345e-16,3.057311084787452e-12,0.00016641042955804303,0.9998335895673844,2,20,20
12,414,1.547879840980445e-17,9.58238718534275e-16,8.404568120278577e-05,0.999915954318796,2,20,20
12,415,1.6014784605286838e-17,9.417509551777775e-16,1.0933629326082207e-06,0.9999989066370663,2,20,20
12,416,3.2340790178820466e-11,1.739466724797866e-10,0.0027775647081125744,0.9972224350856,2,20,20
12,417,4.811537890248854e-13,1.7393830418642012e-10,0.07927528483990182,0.9207247149856789,2,20,20
12,418,4.802833559520997e-13,4.7015914844604665e-14,0.07812095394555263,0.9218790460539201,2,20,20
12,419,2.590527024803747e-12,5.154523797199646e-07,0.04488262202972535,0.9551168625153045,2,20,20
12,420,1.7854226767154877e-16,9.744740048640312e-16,1.114573379502189e-06,0.9999988854266195,2,20,20
12,421,1.8754575245567715e-16,1.8989950369055665e-15,5.9849260621703095e-05,0.9999401507393764,2,20,20
12,422,1.9061896845998361e-16,9.743603859207092e-16,6.074256688901889e-05,0.9999392574331099,2,20,20
12,423,5.693546981882802e-13,6.605984720813465e-17,2.1617488539917162e-05,0.9999783825108909,2,20,20
12,424,3.9817670304043557e-14,5.3489046434127425e-14,0.0016192350094454391,0.9983807649904611,2,20,20
12,425,2.7636361502813965e-19,8.794557093564158e-19,5.225322642117357e-08,0.9999999477467735,2,20,20
12,426,2.276411653569186e-12,3.0582355793493108e-12,8.385846876717895e-05,0.9999161415258982,2,20,20
12,427,3.9941578236434574e-14,9.579101306103693e-16,2.8542173299665666e-05,0.9999714578266595,2,20,20
12,428,7.133055277948095e-16,1.7390772294806028e-17,2.235301678274507e-05,0.9999776469832166,2,20,20
12,429,3.850209762785461e-19,1.7380717735726142e-17,2.4814359496293827e-06,0.9999975185640506,2,20,20
12,430,1.7573450737902599e-16,3.3607550241457106e-17,2.490222858268368e-06,0.9999975097771415,2,20,20
12,431,1.7552371732256998e-16,1.7670407958007994e-17,1.967942654726031e-06,0.9999980320573454,2,20,20
12,432,4.2051468949441923e-07,1.7398794765714304e-10,0.001400115230564152,0.9985994640807584,2,20,20
12,433,1.7549126832561136e-16,9.578115743266977e-16,8.260510792556108e-05,0.9999173948920733,2,20,20
12,434,9.966378438868882e-15,3.0479059675422347e-12,0.0016201170826524712,0.9983798829142894,2,20,20
12,435,5.077498449850507e-14,3.0498044138542606e-12,0.0016393938387877572,0.9983606061581116,2,20,20
12,436,5.791629572048397e-13,3.0488636241490105e-12,0.0016206090378129959,0.9983793909585585,2,20,20
12,437,2.262522572218585e-12,5.4247117897480234e-14,0.003388257863253181,0.9966117421344302,2,20,20
12,438,7.007512515748446e-16,9.4163229446692e-16,5.881113903482553e-05,0.9999411888609632,2,20,20
12,439,7.008868465134622e-16,1.7385817175964643e-17,5.374028702625967e-07,0.9999994625971289,2,20,20
12,440,1.1418170644929101e-14,1.0236080374948941e-15,6.019708475500413e-05,0.9999398029152325,2,20,20
12,441,1.8198684012544346e-12,7.903799262211115e-09,0.10227591440564207,0.8977240776887389,2,20,20
12,442,1.2978632528352654e-10,5.553558372099645e-14,0.004666866589768378,0.9953331332803894,2,20,20
12,443,2.4753825081859135e-17,1.8991023854566026e-15,2.922688346166703e-06,0.9999970773116518,2,20,20
12,444,5.01139854025859e-14,5.461141556430279e-14,0.00010449203787290062,0.9998955079620223,2,20,20
12,445,3.2434497307258574e-11,1.7424412403587538e-10,0.000155104475965029,0.9998448953173565,2,20,20
12,446,3.3003357161954967e-11,3.484835587462412e-10,0.00030807678071921753,0.999691922837794,2,20,20
12,447,5.697360340215929e-13,1.742413500359898e-10,0.0001540997299113904,0.9998459000952775,2,20,20
12,448,5.03483603262435e-13,1.5397380135487114e-10,0.058435073227691016,0.9415649266178318,2,20,20
12,449,7.038944671971111e-16,9.417409688182962e-16,2.531804862564479e-06,0.9999974681951358,2,20,20
12,450,3.2443083022225253e-11,5.5525105753267156e-14,3.068843872601324e-05,0.9999693115287756,2,20,20
12,451,8.882215304304354e-16,3.05823572737771e-12,8.488924463992031e-05,0.999915110752301,2,20,20
12,452,2.79370880513024e-17,1.1790285955010219e-18,1.4199591355186606e-06,0.9999985800408646,2,20,20
12,453,2.480779957940512e-17,1.1690428640908731e-18,1.4135935660341143e-06,0.9999985864064338,2,20,20
12,454,3.214152412411149e-11,1.7266551509122188e-10,0.004736080650258094,0.9952639191449348,2,20,20
12,455,2.0619669649838203e-16,1.883181976232831e-15,1.992007499455768e-06,0.9999980079924986,2,20,20
12,456,3.509670892091213e-18,1.6541906593129582e-17,1.4859494217821876e-06,0.999998514050578,2,20,20
12,457,3.139769853669419e-18,1.7101106336922137e-17,1.4687330811423427e-06,0.999998531266919,2,20,20
12,458,1.8754835231819656e-16,1.7675330283632745e-17,5.695471216727976e-07,0.9999994304528782,2,20,20
12,459,1.2834410820116723e-17,1.7390738408767985e-17,6.907028339089895e-08,0.9999999309297166,2,20,20
12,460,1.0161070646427327e-14,6.604583471978315e-17,2.9702697935431253e-06,0.9999970297301963,2,20,20
12,461,1.017338763564235e-14,9.743155384843636e-16,8.548024644892265e-05,0.99991451975354,2,20,20
12,462,9.985940173794644e-15,3.360243921612045e-17,2.9203227279283555e-06,0.999997079677262,2,20,20
12,463,4.412519320699789e-14,1.5399534417397297e-10,0.05823601250476674,0.9417639873411938,2,20,20
12,464,1.0827177811375221e-14,3.0488302401847716e-12,0.001625936174733073,0.9983740638222076,2,20,20
12,465,5.1202216500993006e-14,3.047905572314336e-12,0.002784233966500279,0.997215766030401,2,20,20
12,466,4.0833663370159296e-14,2.8402007450527576e-15,2.1926297866348228e-05,0.9999780737020901,2,20,20
12,467,1.5798284590183342e-17,5.3640294444591596e-14,5.985245898304459e-05,0.9999401475409633,2,20,20
12,468,7.160970207954108e-16,9.581955583740818e-16,2.8559471258116683e-05,0.9999714405287402,2,20,20
12,469,1.8775621126459561e-16,3.360748272779953e-17,1.499551669028847e-06,0.9999985004483309,2,20,20
12,470,5.691957035544981e-13,5.458692555919585e-14,2.5288302787417507e-06,0.9999974711690973,2,20,20
12,471,2.2822259320860166e-12,1.0810714085151579e-13,0.0011746870268654708,0.9988253129707443,2,20,20
12,472,7.37455358224328e-09,9.901320768712694e-09,0.002844905981208053,0.9971550767429176,2,20,20
12,473,1.0578229967858217e-15,5.516482310357306e-14,0.0033496500513277407,0.9966503499486163,2,20,20
12,474,4.0126948622339943e-14,3.057279439590137e-12,9.208877746919325e-05,0.9999079112194336,2,20,20
12,475,3.9959267955104695e-14,1.899117718761462e-15,2.8643545439826247e-06,0.9999971356454145,2,20,20
12,476,1.7827340479104545e-16,9.579618478297807e-16,2.917323394241592e-06,0.9999970826766047,2,20,20
12,477,1.8749135657393093e-16,9.906855346544872e-16,2.5070910588797907e-06,0.9999974929089401,2,20,20
12,478,3.5346388389371716e-16,9.585368101171204e-16,3.0079607155696103e-06,0.9999969920392832,2,20,20
12,479,1.054352674167703e-15,5.457875098265963e-14,8.45507735991619e-05,0.9999154492263451,2,20,20
12,480,1.8177441120166226e-16,1.7965002537600453e-17,1.9945544021826956e-06,0.9999980054455977,2,20,20
12,481,8.913295955865608e-16,1.4636169029043193e-18,3.0003380353035744e-06,0.9999969996619638,2,20,20
12,482,1.0697350822805917e-14,5.363775320911715e-14,8.365038633862093e-05,0.9999163496135972,2,20,20
12,483,1.0173402957118053e-14,3.0584185067634376e-12,6.220256477838359e-05,0.999937797432153,2,20,20
12,484,3.3508005866024418e-18,3.360241644512327e-17,1.075970628193909e-06,0.999998924029372,2,20,20
12,485,3.562680722095989e-18,9.582422308195306e-16,2.089047146623052e-06,0.9999979109528525,2,20,20
12,486,1.9077853222336015e-16,1.899103007845013e-15,2.5915783433115834e-06,0.9999974084216546,2,20,20
12,487,6.3639078723441306e-18,9.420205670372946e-16,1.1082016502273128e-06,0.9999988917983489,2,20,20
12,488,1.9056032561564408e-16,5.457860384144293e-14,8.406761372832628e-05,0.9999159323862168,2,20,20
12,489,2.4704661965391564e-17,1.7395698572530413e-17,1.0647391898997204e-06,0.9999989352608103,2,20,20
12,490,6.090544190052166e-13,3.0582683535694963e-12,0.00014306885459185805,0.9998569311417408,2,20,20
12,491,6.090402143967115e-13,6.1146215770489605e-12,0.00016766429203919625,0.9998323357012369,2,20,20
12,492,6.848056253903272e-18,3.3893147142637364e-17,6.026584548926161e-05,0.9999397341545109,2,20,20
12,493,1.0686644895982441e-14,5.459709740070544e-14,6.0313200174419754e-05,0.9999396867997603,2,20,20
12,494,7.010123503564644e-16,5.36562365449223e-14,5.9852591705268545e-05,0.9999401474082404,2,20,20
12,495,1.7034651974930084e-19,8.79454060540451e-19,1.4756203129509706e-06,0.9999985243796872,2,20,20
12,496,1.262342860695313e-17,9.417473223544532e-16,4.0785100799272133e-07,0.9999995921489913,2,20,20
12,497,4.0129340451008756e-14,5.552511503023609e-14,2.9986024021526105e-05,0.9999700139758827,2,20,20
12,498,1.0864846578438865e-14,3.08295572470563e-12,0.004722870472096731,0.9952771295248095,2,20,20
12,499,9.387504322046681e-11,1.290804850136533e-10,0.13858820834595253,0.8614117914310919,2,20,20
12,500,4.011027511914574e-14,3.0571594286735943e-12,0.0001123610114744752,0.9998876389854279,2,20,20
12,501,1.9611662972616966e-12,8.217217176222893e-12,0.07823428050608264,0.921765719483739,2,20,20
12,502,1.00018292163277e-14,3.3907137951913523e-17,8.903604708884108e-07,0.9999991096395192,2,20,20
12,503,3.9969693804729496e-14,5.4603108815788e-14,2.3891466172550153e-05,0.9999761085337329,2,20,20
12,504,6.433935128949783e-13,1.7266457520732702e-10,0.004756544877828664,0.9952434549488633,2,20,20
12,505,4.012511153686303e-14,3.362011082841264e-17,7.93117457054535e-05,0.9999206882542546,2,20,20
12,506,9.988997178037411e-15,1.8828821650164887e-15,1.1336837743847214e-06,0.999998866316214,2,20,20
12,507,5.791491778161459e-13,5.461349414620973e-14,8.885407585050048e-05,0.9999111459235159,2,20,20
12,508,1.5480537738179553e-11,3.831035557487334e-06,0.44071100687490816,0.559285162074054,2,20,20
12,509,1.551048726734207e-11,3.8312097442076565e-06,0.4408062238820835,0.5591899448926619,2,20,20
12,510,0.0019095973623956832,5.6365383466950446e-08,0.4538450660584397,0.5442452802137812,2,20,20
12,511,5.702824424311939e-08,0.00024884210297773624,0.49975114483207306,0.4999999560367046,2,20,20
12,512,4.923761304195238e-12,4.3710157308858705e-06,0.4999956728340223,0.49999995614532267,2,20,20
12,513,9.526468408460901e-13,8.698149584633463e-06,0.5000131402552337,0.4999781615942291,2,20,20
12,514,1.2557443820931297e-07,5.271142024893936e-11,0.5000209122149455,0.49997896215790444,2,20,20
12,515,1.4018074837170691e-05,5.997934628607499e-09,0.4998976647764447,0.5000883111507834,2,20,20
12,516,0.0010799080934316184,1.9984479738769802e-12,0.49892154016075974,0.4999985517438101,2,20,20
12,517,1.5424195361265112e-05,6.891602048039978e-14,0.4999859946921191,0.49999858111245127,2,20,20
12,518,0.0001050247746722803,2.6726760690373426e-11,0.46156743997067823,0.5383275352279232,2,20,20
12,519,0.048818692890212505,1.4912956336169227e-08,0.45118317728935914,0.49999811490747087,2,20,20
12,520,0.00021023666405822013,3.334298388036114e-14,0.5044535797359433,0.495336183599965,2,20,20
12,521,0.036159749152285356,1.5146678912757403e-05,0.46848891949964805,0.4953361846691541,2,20,20
12,522,0.49967539924081783,1.3743947060764208e-12,0.0003246373994177093,0.4999999633583901,2,20,20
12,523,0.2085038204231863,1.0415002015989411e-14,0.2914961984672616,0.49999998110954114,2,20,20
12,524,0.1927740750339099,5.789756364564892e-06,0.3072197107273731,0.5000004244823525,2,20,20
12,525,0.1927740750339106,5.789756365506032e-06,0.30722113465178746,0.4999990005579366,2,20,20
12,526,0.29312389262119903,1.53549100549298e-14,0.2068775999925574,0.4999985073862279,2,20,20
12,527,0.28967293187460486,1.4867374939606728e-05,0.21149931528389376,0.49881288546656194,2,20,20
12,528,0.29219444538316525,2.6105091074745397e-09,0.2090284257383907,0.49877712626793497,2,20,20
12,529,1.931598343695588e-06,1.8182614311346546e-07,0.49994854270191,0.5000493438736031,2,20,20
12,530,0.04491220082460663,6.096904691801506e-12,0.4567073013967692,0.4983804977725268,2,20,20
12,531,0.12094850921644473,7.139963807527646e-06,0.3781194790609355,0.5009248717588116,2,20,20
12,532,0.006565161646957914,3.180837693644569e-09,0.4967728541273864,0.49666198104481774,2,20,20
12,533,4.055809220933187e-06,3.568871193200379e-07,0.5000543693481301,0.49994121795552976,2,20,20
12,534,0.0010981345429434749,1.1646884804537442e-10,0.5571431531911037,0.4417587121494835,2,20,20
12,535,0.012047620310467128,7.290306491586035e-09,0.626555570217059,0.3613968021821669,2,20,20
12,536,0.012047620216674973,1.0948832420182746e-10,0.48795343296537125,0.49999894670846545,2,20,20
12,537,3.869727963617205e-06,1.9685333719472676e-12,0.5000787086841745,0.49991742158589286,2,20,20
12,538,0.012210803958849414,3.600942846126883e-07,0.48786969806085184,0.499919137886014,2,20,20
12,539,0.022591024741812144,2.9316362062934917e-09,0.48073864194656946,0.49667033037998193,2,20,20
12,540,0.49185781253737465,2.5054540122685334e-07,0.011470412871418121,0.496671524045806,2,20,20
12,541,0.4999225847417673,2.8224926403688073e-12,7.793328304574784e-05,0.49999948197236427,2,20,20
12,542,0.49971765852822464,5.535906438078707e-14,0.00028482589831831475,0.4999975155734016,2,20,20
12,543,0.49971765852827443,3.060331046311634e-12,0.0003037025897601594,0.49997863887890504,2,20,20
12,544,0.015780748264717093,4.6607575019509354e-07,0.4772693708949648,0.5069494147645671,2,20,20
12,545,0.010185631053762249,3.0064945419174614e-07,0.48983537912361197,0.4999786891731712,2,20,20
12,546,0.010185631054281514,3.006463974566003e-07,0.48981693724953157,0.49999713104978916,2,20,20
12,547,0.00015583129897724364,8.962691080504365e-09,0.4998644447023877,0.4999797150359439,2,20,20
12,548,0.49969575709748715,3.0525075526421604e-12,0.0014637921477071937,0.49884045075175315,2,20,20
12,549,0.49969575712981534,3.048741770204817e-12,0.001928713478829951,0.49837552938830576,2,20,20
12,550,0.4934084754245452,2.35070598888412e-07,0.0066727181240752165,0.4999185713807803,2,20,20
12,551,0.49365402556229065,4.487515380653263e-09,0.006428575713346049,0.4999173942368474,2,20,20
12,552,0.49353409821593097,4.486521200606789e-09,0.006548503429434732,0.49991739386811257,2,20,20
12,553,0.011908942013816712,3.516933689860712e-07,0.48824546655691614,0.49984523973589795,2,20,20
12,554,0.012020698822221548,1.0927593784128759e-10,0.48788558709574753,0.5000937139727551,2,20,20
12,555,3.866378466577806e-06,1.1617796911402348e-10,0.4999979390000054,0.4999981945053501,2,20,20
12,556,0.000436330684836603,6.439186294118138e-09,0.4995637486609482,0.499999914215029,2,20,20
12,557,0.2909986042376082,2.64536556491226e-09,0.20900179194445323,0.4999996011725731,2,20,20
12,558,0.05161973727688945,9.008105081552389e-07,0.44373280363419,0.5046465582784133,2,20,20
12,559,0.05161973727688944,9.008105081393138e-07,0.44367403962737967,0.5047053222852236,2,20,20
12,560,8.946566338972553e-08,2.1048226677927888e-09,0.4982015337262753,0.5017983747032385,2,20,20
12,561,0.4876281303011659,2.293154570070977e-10,0.012431895678001273,0.4999399737915173,2,20,20
12,562,0.49999789047700166,1.5399094704976943e-17,6.210694085605008e-05,0.49994000258214244,2,20,20
12,563,0.034725364335153545,8.127412722481926e-07,0.46522433653507145,0.5000494863885026,2,20,20
12,564,0.03472536433515318,8.127412722647031e-07,0.4651943717619184,0.5000794511616558,2,20,20
12,565,0.0014303639062795898,7.095174756915677e-06,0.4635555640112343,0.5350069769077291,2,20,20
12,566,2.4963217100388505e-10,4.351754618592164e-06,0.500077862914843,0.49991778508090595,2,20,20
12,567,2.496321710895599e-10,4.351754617651746e-06,0.49999534109208765,0.5000003069036626,2,20,20
12,568,2.4963199605667013e-10,4.351754617651456e-06,0.4999953028672311,0.5000003451285191,2,20,20
12,569,6.020017664169123e-07,5.394729999447405e-08,0.49926067369130434,0.5007386703596293,2,20,20
12,570,3.783497579625924e-06,3.5658662065026276e-07,0.5000541572370149,0.49994170267878524,2,20,20
12,571,3.796443520115309e-06,2.2384391572958534e-10,0.49999554884982084,0.5000006544828147,2,20,20
12,572,7.118983799320492e-08,6.381479812481963e-09,0.4999996080855037,0.5000003143431783,2,20,20
12,573,6.392569558549407e-08,9.879915155193755e-11,0.4999137606046538,0.5000861753708512,2,20,20
12,574,3.866437456687518e-06,6.965880231865223e-14,0.49999716544118766,0.4999989681212859,2,20,20
12,575,0.012253731429199805,1.094059133733406e-10,0.4877477177568568,0.49999855070453686,2,20,20
12,576,0.01225373142923351,2.5646984875746905e-10,0.5658662348662211,0.4218800334480756,2,20,20
12,577,3.686249886544073e-06,5.2598989468283315e-12,0.49999734363241566,0.4999989701124379,2,20,20
12,578,3.6862498867159786e-06,5.2598989460583976e-12,0.4999977541758209,0.4999985595690327,2,20,20
12,579,3.6862499264843284e-06,5.312619486891157e-12,0.4999987713290723,0.4999975424156888,2,20,20
12,580,0.012103843984296227,1.9845989346981353e-12,0.4879787555334138,0.49991740048030536,2,20,20
12,581,4.126629585602762e-06,3.6991039885906624e-07,0.4998972282106139,0.5000982752494018,2,20,20
12,582,0.00016466639290518134,0.00017692205090299697,0.5008121062789865,0.49884630527720447,2,20,20
12,583,6.772879142143037e-08,1.2766586590856645e-08,0.5000009768569265,0.49999894264769534,2,20,20
12,584,3.860926212156524e-06,6.495826282089382e-09,0.4999976001626609,0.49999853241530057,2,20,20
12,585,0.03963764286660193,1.6313559892422817e-05,0.46045600762878897,0.4998900359447167,2,20,20
12,586,0.03963764286716044,1.6313556889883035e-05,0.4603471885908092,0.4999988549851409,2,20,20
12,587,0.4116860757465218,2.9874099893678487e-06,0.08831295150601688,0.4999979853374719,2,20,20
12,588,0.0415759138959184,3.002924462595326e-07,0.45949590201446705,0.49892788379716807,2,20,20
12,589,0.0008799397254312542,1.1591864589749218e-10,0.5002737274353061,0.49884633272334367,2,20,20
12,590,0.000879706565493361,3.541181412915691e-14,0.4991217605804965,0.49999853285397455,2,20,20
12,591,0.0008797065654935484,3.542827384803081e-14,0.49914879781179894,0.4999714956226719,2,20,20
12,592,0.0008797065654933579,3.448717508612783e-14,0.49912033696685953,0.4999999564676125,2,20,20
12,593,0.04557038532684449,5.901451692709158e-09,0.45442963341697373,0.49999997535472956,2,20,20
12,594,0.42347748987010614,5.304812460259959e-15,0.07652256242360418,0.4999999477062844,2,20,20
12,595,0.49798508331049285,6.560155915421778e-08,0.00203594492966818,0.49997890615827983,2,20,20
12,596,0.48234888990294456,6.909726270969592e-06,0.017595332984389724,0.5000488673863943,2,20,20
12,597,0.49691102176477236,2.0501247036461533e-11,0.0030893526107151673,0.499999625604011,2,20,20
12,598,0.4999507834421782,7.182341613586433e-15,0.0001080083341236514,0.4999412082236911,2,20,20
12,599,0.0014329648230298163,6.50728063703815e-12,0.498567036666386,0.4999999985040767,2,20,20
12,600,0.0007894203532770634,6.471695185025509e-07,0.5001878658465145,0.4990220666306896,2,20,20
12,601,0.000789420355514064,6.471695721311328e-07,0.4990630406975843,0.5001468917773291,2,20,20
12,602,0.0007894203855763398,6.471695719737736e-07,0.5006550052017066,0.4985549272431443,2,20,20
12,603,0.0007894203532372362,6.471695175476803e-07,0.4990544707454751,0.5001554617317697,2,20,20
12,604,0.000864857234634901,2.1341206561536356e-15,0.5024643265254832,0.4966708162398796,2,20,20
12,605,0.00086685244336009,3.90775402847737e-12,0.4991349231059779,0.4999982244467537,2,20,20
12,606,0.0009706162454017219,0.001297875019101785,0.14502098318019402,0.8527105255553026,2,20,20
12,607,0.0009706162454017344,0.0012978750191017857,0.14502098222436766,0.8527105265111289,2,20,20
12,608,7.194228016333257e-16,9.747523106901027e-16,2.8484771288228404e-06,0.9999971515228694,2,20,20
12,609,5.992829821468584e-14,3.0577079122771345e-12,5.0262171710393037e-05,0.9999497378251719,2,20,20
12,610,8.229083885959968e-16,1.9899046107441355e-12,0.17468226439494175,0.8253177356030674,2,20,20
12,611,4.024085345245586e-14,1.991770401058436e-12,0.174625277628626,0.8253747223693417,2,20,20
12,612,2.7410351723820974e-11,2.5807031112199605e-12,0.07832822406841723,0.9216717759015919,2,20,20
12,613,8.005599061011466e-14,5.6460181779621254e-14,8.442607615723237e-05,0.999915573923706,2,20,20
12,614,9.98919522634797e-15,1.899103086602663e-15,2.5496556157742457e-06,0.9999974503443723,2,20,20
12,615,1.0686690537823997e-14,9.747161557206095e-16,2.854259088100782e-05,0.999971457409107,2,20,20
12,616,5.798715920734788e-13,3.0595700904754774e-12,5.0829092559850244e-05,0.9999491709038005,2,20,20
12,617,1.068658363969467e-14,9.58484383640921e-16,2.9546838035821085e-05,0.9999704531619525,2,20,20
12,618,1.2892017832583995e-10,1.7618708202930977e-10,0.003403602840241761,0.996596396854651,2,20,20
12,619,3.222827346187079e-11,3.0907502822786644e-12,0.003349797615511437,0.9966502023491698,2,20,20
12,620,1.0516391301468445e-15,9.58825721811646e-16,2.3255406624026036e-06,0.9999976744593355,2,20,20
12,621,1.787010441095644e-16,1.8831708948178016e-15,2.5246288982338916e-06,0.9999974753710996,2,20,20
12,622,1.8661712840638047e-17,9.582473347074951e-16,1.43874711139613e-06,0.9999985612528876,2,20,20
12,623,3.07400562816504e-17,5.366228603726857e-14,2.8661243635791096e-06,0.9999971338755825,2,20,20
12,624,2.2724263506572368e-12,3.0517200742948195e-12,0.0011547122103049655,0.998845287784371,2,20,20
12,625,7.162730904095945e-16,3.332598164740267e-17,5.91941335939707e-05,0.9999408058664053,2,20,20
12,626,1.0685665412662077e-14,5.459698754354782e-14,0.00011763352252328194,0.9998823664774115,2,20,20
12,627,9.493067351729231e-18,1.1689457022996443e-18,8.263894258736567e-05,0.9999173610574124,2,20,20
12,628,2.1112896400078382e-11,1.1342114025013973e-10,0.17462885233152683,0.8253711475339389,2,20,20
12,629,7.253599156379722e-16,1.7111104733657346e-17,2.082168864107106e-06,0.9999979178311351,2,20,20
12,630,2.4645863497726442e-17,9.740281554130356e-16,8.361073399333189e-05,0.9999163892660057,2,20,20
12,631,5.698991555882284e-13,5.540448362034279e-14,0.001174040573871966,0.9988259594255028,2,20,20
12,632,9.984525544759915e-15,1.7378102941436623e-17,8.422760613577702e-05,0.9999157723938542,2,20,20
12,633,1.2977150886228792e-10,3.0574704635706938e-12,0.00014467193664688028,0.999855327930524,2,20,20
12,634,3.244281109922593e-11,3.164968547426365e-12,4.3580663966809796e-05,0.9999564193004251,2,20,20
12,635,1.2621461078161908e-17,9.582414586438391e-16,2.4991493391001374e-06,0.99999750085066,2,20,20
12,636,7.010987078885676e-16,9.744651600315112e-16,1.568165028563906e-06,0.99999843183497,2,20,20
12,637,6.954713570271899e-15,1.9899048844896953e-12,0.17462448525952937,0.8253755147384738,2,20,20
12,638,4.064315720804606e-14,1.88278244399741e-15,6.0337108583736636e-05,0.9999396628913737,2,20,20
12,639,7.962034518205629e-14,3.0383871104575916e-12,0.0033882282683509375,0.9966117717285311,2,20,20
12,640,5.64764864898173e-13,3.082923715060378e-12,0.004722873750869638,0.9952771262454825,2,20,20
12,641,5.638891165227989e-13,3.029284574672651e-12,0.004665502591998221,0.9953344974044085,2,20,20
12,642,1.1292973346459435e-12,9.104175092437289e-12,0.007993491163279359,0.992006508826487,2,20,20
12,643,5.638890143543802e-13,3.0292840154745638e-12,0.004664054688356946,0.9953359453080496,2,20,20
12,644,3.9951608484596746e-14,3.360551063131457e-17,6.026192360881803e-05,0.9999397380763514,2,20,20
12,645,7.223414754126451e-16,5.3646740892262505e-14,3.48100737052426e-06,0.9999965189925751,2,20,20
12,646,7.256195772248916e-16,9.581318291863863e-16,6.085795539374515e-05,0.9999391420446048,2,20,20
12,647,7.256195772249015e-16,9.581318291863863e-16,6.0857955393745166e-05,0.9999391420446048,2,20,20
12,648,3.434398838002059e-11,9.82691252092143e-09,0.005430576696795484,0.994569413441948,2,20,20
12,649,2.763636150281381e-19,8.794557093564117e-19,5.225322642117433e-08,0.9999999477467735,2,20,20
12,650,7.0098738957015655e-16,1.7380721901486943e-17,1.0762065244654657e-06,0.9999989237934747,2,20,20
12,651,1.2512838551321217e-17,1.7380752642386492e-17,6.990033051729622e-08,0.9999999300996694,2,20,20
12,652,5.700644191055099e-13,5.411966171177682e-14,0.004665786244598019,0.9953342137547776,2,20,20
12,653,8.85365480850506e-16,1.7680365437823217e-17,8.42576735350301e-05,0.9999157423264637,2,20,20
12,654,1.7372287212557268e-16,9.326819248041797e-16,0.0046638677300684305,0.9953361322699303,2,20,20
12,655,8.743818416094086e-16,1.8741026384632005e-15,0.00466487422900528,0.9953351257709918,2,20,20
12,656,3.214165867836912e-11,5.3177877339747717e-14,0.004676082739967099,0.9953239172278383,2,20,20
12,657,3.2141819558883497e-11,1.0668330104411438e-13,0.005828901771799299,0.9941710981959522,2,20,20
12,658,2.8777295937086975e-11,9.516334723663132e-14,0.056522342118092775,0.9434776578530347,2,20,20
12,659,2.8777295934298604e-11,9.517956893365455e-14,0.056522349313195865,0.943477650657932,2,20,20
12,660,9.98618473266904e-15,1.899103811702136e-15,2.531828493984718e-06,0.9999974681714946,2,20,20
12,661,1.0686732033408341e-14,5.5528061976849444e-14,3.566948288876283e-06,0.9999964330516451,2,20,20
12,662,7.013030949378152e-16,5.3678778384529065e-14,6.127570747779327e-05,0.9999387242924681,2,20,20
12,663,3.509721802321818e-18,9.417409671487496e-16,1.0759104346619544e-06,0.9999989240895643,2,20,20
12,664,3.1369816539304413e-18,1.6821506460594922e-17,1.4759279266135407e-06,0.9999985240720736,2,20,20
12,665,3.5448764447238005e-14,2.7016196223492534e-12,0.058242475624165777,0.9417575243730973,2,20,20
12,666,3.545819915471616e-14,2.701635842072224e-12,0.058301216103228956,0.941698783894034,2,20,20
12,667,3.560647644425561e-14,2.74767730017569e-12,0.1363622087660512,0.8636377912311654,2,20,20
12,668,3.614650768349233e-14,2.7552648021641614e-12,0.05824490888871397,0.9417550911084944,2,20,20
12,669,9.953929938909517e-15,9.389841551215337e-16,0.0016190937295354048,0.9983809062704534,2,20,20
12,670,5.791180455183739e-13,5.552230800031661e-14,0.0016491256110057009,0.9983508743883593,2,20,20
12,671,4.989101331313004e-14,5.551627640648168e-14,0.0017016751488613312,0.9982983248510331,2,20,20
12,672,1.78484429402683e-16,1.8828813085135373e-15,2.524626977572692e-06,0.9999974753730203,2,20,20
12,673,7.732809442554648e-15,2.2513138487423363e-12,0.13822412290986086,0.8617758770878802,2,20,20
12,674,3.721607737175665e-18,9.420205658476484e-16,2.088920667943246e-06,0.9999979110793311,2,20,20
12,675,6.586969537485795e-18,1.1690401483242721e-18,1.0831482218534869e-06,0.9999989168517784,2,20,20
12,676,3.9954687014616966e-14,1.882783342047836e-15,5.9860157138109205e-05,0.9999401398428199,2,20,20
12,677,3.995467979500663e-14,5.457850087921199e-14,0.00014140303440990788,0.9998585969654953,2,20,20
12,678,1.2980157873979449e-10,5.552225253205322e-14,0.00011882981331530322,0.9998811700568275,2,20,20
12,679,1.7546483312134031e-16,9.579618942423927e-16,1.5111177431813367e-06,0.9999984888822558,2,20,20
12,680,3.997307077621497e-14,2.8397213135357283e-15,7.90890770977096e-05,0.9999209109228594,2,20,20
12,681,1.9210797683633397e-12,9.052855395263755e-14,0.07812104395701691,0.9218789560409713,2,20,20
12,682,3.9939072852318765e-14,3.057444650573557e-12,5.929717706267401e-05,0.9999407028198399,2,20,20
12,683,3.993933394761987e-14,3.0574614314230783e-12,6.07449547320777e-05,0.9999392550421705,2,20,20
12,684,7.010402993572405e-16,3.360237168626037e-17,2.499447639124668e-06,0.9999975005523601,2,20,20
12,685,2.7663946430593632e-17,5.364029444579848e-14,5.885722182606597e-05,0.9999411427781203,2,20,20
12,686,3.994385010984195e-14,1.8826010488126993e-15,1.5041736503471398e-06,0.9999984958263077,2,20,20
12,687,3.9946757197563745e-14,1.8826010479944084e-15,2.959757558455213e-06,0.9999970402423995,2,20,20
12,688,4.081985538976843e-14,5.5528428061080096e-14,3.2908187577212685e-06,0.9999967091811459,2,20,20
12,689,5.700719170189006e-13,1.0823275248540561e-13,4.315475386117979e-06,0.9999956845239356,2,20,20
12,690,8.76446147280285e-16,5.3646426868117404e-14,1.8243824043059318e-06,0.9999981756175412,2,20,20
12,691,3.995473287481907e-14,5.4613735405858747e-14,0.00014140530693825622,0.999858594692967,2,20,20
12,692,6.091401992212324e-13,5.368954646556239e-14,5.970954931539304e-05,0.9999402904500218,2,20,20
12,693,3.752453049644825e-16,9.747580598979707e-16,1.5200373910737015e-06,0.9999984799626075,2,20,20
12,694,1.2672695266855204e-17,1.6826633377985945e-17,9.484394916300123e-08,0.999999905156051,2,20,20
12,695,3.995610982437651e-14,5.367878740737491e-14,2.52872902281683e-06,0.9999974712708837,2,20,20
12,696,1.0500505192397876e-07,1.7372993655465507e-10,0.0019307018720446795,0.9980691929491732,2,20,20
12,697,4.995718315288022e-14,1.7677833753471555e-10,0.0032478890037660104,0.9967521108194057,2,20,20
12,698,7.500086599593485e-13,1.7373111222082158e-10,0.17648338536614092,0.8235166144593777,2,20,20
12,699,1.068197444955152e-14,1.7373049034561458e-10,0.001621469382048762,0.9983785304442099,2,20,20
12,700,6.092983200769934e-09,8.185592430039218e-09,0.08816180498917897,0.9118381807322453,2,20,20
12,701,6.09298321284831e-09,8.185593354957859e-09,0.08816322860060581,0.9118367571208174,2,20,20
12,702,7.038944671971112e-16,9.41740968818303e-16,2.53180486256446e-06,0.9999974681951357,2,20,20
12,703,6.2057849124796444e-18,1.6821505646695408e-17,2.9241907594389184e-06,0.9999970758092405,2,20,20
12,704,3.347963251880731e-18,3.3602402422844084e-17,1.493269885098693e-06,0.9999985067301148,2,20,20
12,705,3.2927340210720016e-19,1.7101105494129592e-17,1.4754943410803726e-06,0.999998524505659,2,20,20
12,706,7.133021957733579e-16,9.584231379186423e-16,6.024887924927918e-05,0.9999397511207492,2,20,20
12,707,9.132485301110098e-15,2.529837572276758e-15,0.07817864851570959,0.9218213514842785,2,20,20
12,708,9.129278885176641e-15,1.6212385398350275e-15,0.07811990837269758,0.9218800916272915,2,20,20
12,709,3.997132336400026e-14,9.582525371805601e-16,1.1118331213710316e-06,0.9999988881668377,2,20,20
12,710,1.8770465220290653e-16,5.364633887031012e-14,2.521068390318025e-06,0.999997478931556,2,20,20
12,711,8.760684008818498e-16,1.8991023549536982e-15,2.9410134249095184e-06,0.9999970589865724,2,20,20
12,712,1.9976663304924443e-16,5.367245639148749e-14,5.9852901299420137e-05,0.9999401470986466,2,20,20
12,713,1.0001697300203817e-14,9.906941298899979e-16,3.416790863113423e-06,0.9999965832091259,2,20,20
12,714,4.5530139749682065e-12,5.451221991209773e-14,0.0011617331023257302,0.9988382668930668,2,20,20
12,715,4.994840153164943e-14,9.912734848191106e-16,3.356798882796425e-06,0.999996643201066,2,20,20
12,716,5.791060406196306e-13,5.4611342678724915e-14,8.457753900650386e-05,0.9999154224603595,2,20,20
12,717,5.691199862760575e-13,5.365426089139485e-14,8.264278723643128e-05,0.9999173572121405,2,20,20
12,718,1.2977155954136217e-10,5.4585110688397614e-14,2.1865013162934028e-05,0.999978134857011,2,20,20
12,719,1.298114953596373e-10,5.4601320563356443e-14,8.183001083217948e-05,0.9999181698593019,2,20,20
12,720,1.2977155954135886e-10,5.45851106894053e-14,2.2358268446732398e-05,0.9999776416017273,2,20,20
12,721,1.2977155673364595e-10,5.460133247341978e-14,2.1865012383682362e-05,0.9999781348577904,2,20,20
12,722,7.509054822711136e-09,9.91067123267751e-09,0.00123971093749962,0.9987602716427746,2,20,20
12,723,1.297717314472527e-10,5.5525966589052616e-14,2.331327680778905e-05,0.999976686593365,2,20,20
12,724,1.8161460962245294e-16,9.744630627223354e-16,8.406756385334289e-05,0.9999159324361454,2,20,20
12,725,4.011544194545715e-14,5.459467810515205e-14,8.264423975184731e-05,0.9999173557601535,2,20,20
12,726,4.886835957161137e-13,4.468125262167566e-17,0.07812828256211427,0.921871717437397,2,20,20
12,727,4.0817921661095345e-14,3.111083253055554e-12,6.294710044383304e-05,0.9999370528964038,2,20,20
12,728,5.211800384846815e-14,2.580050587541764e-12,0.07821002943025072,0.921789970567117,2,20,20
12,729,1.2979540935712115e-10,9.905521897823658e-16,8.38014077341684e-05,0.9999161984624694,2,20,20
12,730,7.040623692830156e-16,9.743533164476285e-16,5.984192507315646e-05,0.9999401580749254,2,20,20
12,731,7.98799427211194e-14,1.7732179955461408e-10,0.00017135067966486694,0.9998286491429335,2,20,20
12,732,3.9952466774107585e-14,3.0582519465307525e-12,8.488893858005115e-05,0.9999151110583219,2,20,20
12,733,3.995548382257831e-14,3.1118724397904235e-12,0.00016643203197245292,0.9998335679648758,2,20,20
12,734,1.9054400532364188e-16,5.551924877616582e-14,0.00014139231586086747,0.9998586076840835,2,20,20
12,735,3.9942291563227125e-14,5.363995341679846e-14,5.9458562526288434e-05,0.9999405414373803,2,20,20
12,736,2.771772532560121e-17,1.7111215684210037e-17,1.8489446328726948e-06,0.9999981510553668,2,20,20
12,737,2.863882700977475e-11,8.76933812930743e-09,0.05865659394589772,0.9413433972561254,2,20,20
12,738,1.001195148313553e-14,5.365397498579111e-14,8.29822333471251e-05,0.9999170177665888,2,20,20
12,739,1.8775617296421875e-16,9.579669737354895e-16,1.5108307543754117e-06,0.9999984891692446,2,20,20
12,740,1.865073353699638e-16,3.0374784036781297e-12,0.0033294687369195847,0.9966705312600429,2,20,20
12,741,4.064463989506773e-14,9.744691977078453e-16,2.463148575306435e-06,0.9999975368513832,2,20,20
12,742,3.9962335140192564e-14,9.588257376221845e-16,1.591638685199118e-06,0.999998408361274,2,20,20
12,743,3.995926159896858e-14,9.747528229585668e-16,2.572374725793152e-06,0.9999974276252332,2,20,20
12,744,1.2623811162490358e-17,9.581335228866168e-16,5.982378494413447e-05,0.9999401762150549,2,20,20
12,745,4.995714761952251e-14,5.460361259899042e-14,6.12827908099981e-05,0.9999387172090853,2,20,20
12,746,1.5603243263196645e-09,1.4710329087877646e-10,0.0781358000050448,0.9218641982875277,2,20,20
12,747,1.7551815367814757e-16,1.7380719180601203e-17,3.933018925592079e-06,0.9999960669810742,2,20,20
12,748,3.688064782931299e-17,1.7380684614469823e-17,5.885625638541388e-05,0.9999411437436145,2,20,20
12,749,2.845271643367924e-12,1.742518256984528e-10,0.00012654774604444277,0.9998734520768582,2,20,20
12,750,1.8781804398265315e-16,3.361760451517544e-17,1.0206839347936613e-07,0.9999998979316064,2,20,20
12,751,4.994218327386028e-14,1.9156194849351602e-15,2.608483891925005e-06,0.9999973915160563,2,20,20
12,752,3.244046489708877e-11,5.4580991653558447e-14,6.041079076556402e-05,0.9999395891767398,2,20,20
12,753,1.5423902478529104e-17,5.363746350007491e-14,8.262621826069904e-05,0.9999173737816857,2,20,20
12,754,1.905605182282464e-16,5.459482627776902e-14,8.365750957494664e-05,0.9999163424903705,2,20,20
12,755,5.691182673160703e-13,3.1109479555315125e-12,0.000166432421610471,0.9998335675747095,2,20,20
12,756,4.0321714163870896e-14,1.073161172845539e-13,8.348761229742704e-05,0.999916512387555,2,20,20
12,757,8.024852504781016e-14,5.463658475703663e-14,2.122003069052896e-05,0.9999787799691747,2,20,20
12,758,4.011718084803364e-14,3.0583792136203144e-12,6.193016034486134e-05,0.9999380698365566,2,20,20
12,759,3.995428089983282e-14,3.0574545745758784e-12,6.050641198132939e-05,0.9999394935849213,2,20,20
12,760,3.9945063970270156e-14,3.0574542949295647e-12,6.191231335634964e-05,0.9999380876835464,2,20,20
12,761,7.989809974427418e-14,3.057455153824482e-12,6.084585412154883e-05,0.9999391541427411,2,20,20
12,762,3.994220614043328e-14,3.05743807327895e-12,6.0481443801950585e-05,0.9999395185531006,2,20,20
12,763,3.9945274943268255e-14,3.0583789340190062e-12,6.192972134226857e-05,0.9999380702755593,2,20,20
12,764,9.988233063812585e-15,3.058395144560011e-12,6.151961939901701e-05,0.9999384803775327,2,20,20
12,765,6.58191331315436e-18,1.8989931615586325e-15,5.984882383755981e-05,0.9999401511761605,2,20,20
12,766,1.5853069584865452e-17,3.361249043276399e-17,1.0841983343084426e-06,0.9999989158016658,2,20,20
12,767,3.2442798165423495e-11,3.11134149695611e-12,2.331285862971134e-05,0.999976687105816,2,20,20
12,768,5.697724463274309e-13,1.9154082467574855e-15,0.00011272304987725506,0.9998872769495508,2,20,20
12,769,1.0197463930625077e-14,5.4600775301619706e-14,4.989994299121209e-05,0.9999501000569442,2,20,20
12,770,3.968107618702187e-14,5.422999396591312e-14,0.0033302450224562373,0.9966697549774499,2,20,20
12,771,1.776470764282422e-15,2.839913220963392e-15,2.138783227950647e-05,0.999978612167716,2,20,20
12,772,5.700848295326363e-13,1.915628830688122e-15,3.0346205239005025e-06,0.9999969653789039,2,20,20
12,773,9.007326062078236e-16,1.908961190021985e-15,0.0033302464398005808,0.9966697535601968,2,20,20
12,774,1.2385816978019347e-15,9.747610869232864e-16,8.4232666953952e-05,0.9999157673330437,2,20,20
12,775,1.0863414194719679e-14,1.0800156476672812e-13,0.001154865035505564,0.9988451349643758,2,20,20
12,776,9.93752505803572e-15,1.7312962954400798e-10,0.0034257434363826546,0.9965742563904771,2,20,20
12,777,4.813150593861418e-13,2.6333446420207165e-12,0.0812719273560579,0.9187280726408269,2,20,20
12,778,1.1189022109898581e-10,2.580034723234797e-12,0.1488904417380286,0.8511095581475011,2,20,20
12,779,6.4243386830747854e-18,9.582483616499468e-16,5.624547163702135e-07,0.9999994375452826,2,20,20
12,780,1.0162713175978179e-14,9.586701344041036e-16,8.424561464531723e-05,0.9999157543853435,2,20,20
12,781,9.98738530727496e-15,3.359980000201706e-17,8.424550790087138e-05,0.999915754492089,2,20,20
12,782,7.038163657497088e-16,5.365623657817506e-14,5.8864551612608276e-05,0.9999411354483331,2,20,20
12,783,2.1024583692309034e-15,9.582568797825064e-16,2.2465075235492714e-05,0.9999775349247617,2,20,20
12,784,1.078121784893862e-14,3.0829435200472353e-12,0.004684362119656595,0.9953156378772494,2,20,20
12,785,2.2774910523694694e-12,5.458777899459743e-14,3.887080989613991e-06,0.9999961129166783,2,20,20
12,786,2.277490924258703e-12,1.883072418546783e-15,6.0194800733938106e-05,0.9999398051969866,2,20,20
12,787,2.277487509987826e-12,3.030241809423462e-12,0.004665452367328523,0.9953345476273636,2,20,20
12,788,8.946159490030872e-16,5.461965821241308e-14,3.946483585150871e-06,0.9999960535163593,2,20,20
12,789,1.4076845279640111e-15,5.4603432241129424e-14,3.541883997347802e-06,0.9999964581159466,2,20,20
12,790,3.5910316731022275e-14,4.739767163099076e-14,0.05823978387564804,0.941760216124269,2,20,20
12,791,5.379779854433414e-13,2.7023917893413876e-12,0.05850876723244281,0.9414912327643172,2,20,20
12,792,1.4167900685104512e-15,1.8988000802513027e-15,0.00014139096787268364,0.9998586090321242,2,20,20
12,793,1.5426391453957905e-17,1.6821519439864253e-17,2.506763062950955e-06,0.9999974932369369,2,20,20
12,794,1.0176660448647395e-14,3.418676896376081e-17,3.4197625386215482e-06,0.9999965802374509,2,20,20
12,795,5.691448780971786e-13,3.058395046686146e-12,6.098161737400972e-05,0.9999390183789986,2,20,20
12,796,5.698333218391045e-13,3.059335871300393e-12,8.077614580330271e-05,0.9999192238505676,2,20,20
12,797,7.071053989462048e-16,1.898791573113083e-15,2.178020806898866e-05,0.9999782197919284,2,20,20
12,798,4.049189261169045e-14,9.85288404299823e-09,0.00414376842615321,0.9958562217209223,2,20,20
12,799,1.4048517438387258e-15,9.744371769557077e-16,2.1353749509919722e-05,0.9999786462504877,2,20,20
12,800,5.791921895280041e-13,3.1656766849763616e-12,6.275883857210126e-05,0.9999372411576831,2,20,20
12,801,8.7639160184016305e-16,5.3646348856011956e-14,2.52940252878444e-06,0.9999974705974167,2,20,20
12,802,1.7546817709062505e-16,5.3646338870277056e-14,2.5034215438266694e-06,0.9999974965784023,2,20,20
12,803,3.3507428517685258e-18,9.417401957786082e-16,1.486141067061281e-06,0.999998513858932,2,20,20
12,804,1.910979785603772e-16,6.634010401338081e-17,8.453329479415394e-05,0.9999154667052056,2,20,20
12,805,1.2947898087630008e-10,5.551855011487257e-14,0.001213894043360972,0.9987861058271045,2,20,20
12,806,1.999588504262062e-14,1.0822835725366653e-13,4.2222342648435284e-05,0.9999577776572234,2,20,20
12,807,2.2623209046760687e-12,9.518759428004185e-16,0.0033355815781070295,0.9966644184196297,2,20,20
12,808,6.058558643278299e-13,9.872875341015474e-09,0.007933792365254029,0.9920661977612648,2,20,20
12,809,6.158328975441723e-13,9.869846996969836e-09,0.004423522283317893,0.9955764678462192,2,20,20
12,810,1.2976163969766346e-10,5.4597716502638796e-14,6.105881280277064e-05,0.9999389410573811,2,20,20
12,811,5.704909452799702e-13,3.1108739065379296e-12,9.580285646250309e-05,0.9999041971398561,2,20,20
12,812,1.0862301825492491e-14,1.768535998783131e-17,1.5258237234542196e-06,0.9999984741762655,2,20,20
12,813,7.043318555481789e-16,3.3617510639689474e-17,1.494823535529186e-06,0.9999985051764639,2,20,20
12,814,6.636160970641806e-18,9.74188665089523e-16,2.9169938610779133e-06,0.9999970830061382,2,20,20
12,815,1.642744152627057e-10,1.5488889859633016e-11,0.45720512801480057,0.542794871805436,2,20,20
12,816,2.3389342432070745e-06,1.7258552099318653e-11,0.49914482568919843,0.5008528353592995,2,20,20
12,817,3.0207558638885016e-07,1.6119615254124317e-11,0.4768837501347021,0.5231159477735916,2,20,20
12,818,6.070161161851538e-14,3.1633940134335024e-06,0.4999821289188949,0.500014707687031,2,20,20
12,819,7.333078030736514e-10,3.162128085088892e-06,0.5000039013672554,0.49999293577135195,2,20,20
12,820,7.310311135776966e-10,3.1621250274131094e-06,0.5000405815940383,0.49995625554990325,2,20,20
12,821,7.310312733905526e-10,3.1621249756554797e-06,0.5000405533012608,0.4999562838427323,2,20,20
12,822,7.310311105069247e-10,3.162124973790196e-06,0.49998180485076443,0.5000150322932304,2,20,20
12,823,2.6182340332972945e-07,6.27872062902361e-09,0.49455318269286774,0.5054465492050078,2,20,20
12,824,0.001079847649690761,1.1190828765917366e-10,0.4989201584866293,0.49999999375177073,2,20,20
12,825,7.096137528290222e-06,1.6938937541895032e-07,0.49999420923424737,0.4999985252388487,2,20,20
12,826,7.0961375682339814e-06,1.6938942998877695e-07,0.49999522516284045,0.4999975093101611,2,20,20
12,827,0.42454516863148,1.1354989753124837e-14,0.07878454693488113,0.49667028443362765,2,20,20
12,828,0.44895784033335967,1.0197665430539144e-09,0.05112476891597509,0.49991738973089844,2,20,20
12,829,0.44895784033334984,1.0227703271458453e-09,0.05110262112888146,0.49993953751499803,2,20,20
12,830,0.4983263849903286,1.1170242705026987e-09,0.0017337741081113866,0.4999398397845352,2,20,20
12,831,0.49832638499032883,1.1139687156130645e-09,0.0016752635031413456,0.49999835039256096,2,20,20
12,832,0.4984726534573374,3.504567962512192e-13,0.0015292985060190636,0.499998048036293,2,20,20
12,833,0.4964619234184361,1.1470456730877362e-09,0.003522856527529144,0.500015218906989,2,20,20
12,834,3.6717083906394536e-06,6.170046594159578e-09,0.4999965973312804,0.499999724790282,2,20,20
12,835,1.5254481282584424e-05,6.2781796918709796e-09,0.49998617660613426,0.49999856263440345,2,20,20
12,836,1.5254481322518702e-05,6.278178766949938e-09,0.5000639687571539,0.4999207704833448,2,20,20
12,837,0.03908552160287519,1.5886794652141636e-05,0.46088037298434176,0.5000182186181306,2,20,20
12,838,0.0008636380359800472,3.5708460190562955e-07,0.6805962353298493,0.31853976954956825,2,20,20
12,839,4.125107219241104e-06,1.28637996642718e-08,0.5011495581808322,0.4988463038481488,2,20,20
12,840,4.044223809283917e-06,8.603565934962358e-09,0.5781261549014031,0.4218697922712217,2,20,20
12,841,0.4137259166354618,3.0611550270196664e-06,0.16438695142811896,0.42188407078139195,2,20,20
12,842,0.045633342095000286,1.4295534869812029e-08,0.5324952751541098,0.42187136845535467,2,20,20
12,843,6.936604234813494e-05,6.6523306102825224e-06,0.49992400824175487,0.4999999733852859,2,20,20
12,844,0.0001120025513759433,1.0750880884423668e-10,0.4998872162514579,0.5000007810896572,2,20,20
12,845,1.4034999605964705e-05,5.877770154900298e-09,0.504648206930747,0.4953377521918771,2,20,20
12,846,0.002282386788025566,0.17395995868889166,0.32375311488793107,0.5000045396351511,2,20,20
12,847,1.7386057423437572e-10,0.1404953149172164,0.35950470266430673,0.4999999822446161,2,20,20
12,848,1.7386058938157361e-10,0.14049531491727005,0.3595071682146967,0.4999975166941726,2,20,20
12,849,6.181069837780265e-10,0.49948713918753257,0.0005153406555883086,0.49999751953877203,2,20,20
12,850,2.2773266421822106e-12,0.499985788412634,9.683361308475141e-05,0.49991737797200386,2,20,20
12,851,1.7588695227593393e-10,0.14029308429100978,0.3597895364506508,0.49991737908245243,2,20,20
12,852,4.172063372731508e-15,0.47851399888748325,0.021487468697684513,0.4999985324148281,2,20,20
12,853,1.3787851261638285e-14,0.14049472216529216,0.35950674541988026,0.4999985324148136,2,20,20
12,854,6.796167926351602e-14,0.17719557668286626,0.32280581087014937,0.4999986124469162,2,20,20
12,855,8.304551829223848e-16,0.49971973312315077,0.0003005728134634675,0.49997969406338494,2,20,20
12,856,1.9103232602660922e-13,0.4997128182191386,0.0002882390662080956,0.49999894271446244,2,20,20
12,857,3.690944511700214e-13,0.4845104423124874,0.015491024831101877,0.4999985328560414,2,20,20
12,858,4.761686610705323e-14,0.499326082463724,0.0006753846801864504,0.4999985328560417,2,20,20
12,859,2.3798864558962607e-09,0.13495903984011043,0.3650424249052153,0.4999985328747874,2,20,20
12,860,2.3798866304808627e-09,0.13495903984011043,0.3666600044030645,0.4983809533769381,2,20,20
12,861,1.4550027137678684e-10,0.47030776114043565,0.029692271142727104,0.4999999675713368,2,20,20
12,862,4.833282456617179e-14,0.49960148505289115,0.0003999823345763108,0.49999853261248434,2,20,20
12,863,1.845564928680525e-13,0.4845156203792527,0.0154858466971872,0.49999853292337526,2,20,20
12,864,2.8730787027830982e-05,0.12536713171408553,0.3744202112852354,0.5001839262136512,2,20,20
12,865,2.598562387990346e-12,0.4785135556013593,0.02148850706662832,0.4999979373294139,2,20,20
12,866,1.2998631833956937e-16,0.49971973312315093,0.0002802921107249326,0.49999997476612384,2,20,20
12,867,1.327875638943698e-16,0.4997197331232046,0.00033908745692885984,0.49994117941986643,2,20,20
12,868,1.0846994230358112e-11,0.4996226830758094,0.0003783739516929153,0.4999989429616506,2,20,20
12,869,2.7101799337931913e-12,0.49932370068926446,0.0006773563463758848,0.49999894296164954,2,20,20
12,870,2.830514766368007e-17,0.49999288277957044,8.174259976269628e-06,0.49999894296045316,2,20,20
12,871,1.9033193608478686e-13,0.4997128243192516,0.00028820755941819364,0.4999989681211397,2,20,20
12,872,1.9034401309240018e-13,0.4997128243192516,0.00034596731946365575,0.4999412083610941,2,20,20
12,873,1.9033177432043707e-13,0.4997128243192516,0.00028862498515377797,0.499998550695404,2,20,20
12,874,2.364831270095247e-13,0.4947146669288004,0.005286390764816812,0.49999894230614617,2,20,20
12,875,2.571509682011189e-12,0.013577747688641048,0.48757608406455283,0.49884616824423456,2,20,20
12,876,2.6573399250100944e-10,0.0002470389757261165,0.4997549033772529,0.49999805738128694,2,20,20
12,877,5.124189108189328e-05,3.75099178238311e-10,0.49995065533197064,0.49999810240184805,2,20,20
12,878,2.6085940729908965e-05,1.0783264002629468e-08,0.49997464134814695,0.4999992619278589,2,20,20
12,879,0.49845598562643645,6.117282541981686e-15,0.001544033242176792,0.4999999811313806,2,20,20
12,880,0.49845599302329247,6.070059461618648e-14,0.0015741217150549909,0.4999698852615919,2,20,20
12,881,0.4517129812277673,5.618843489290151e-11,0.04837247969692536,0.4999145390191186,2,20,20
12,882,0.49997067062522815,3.111278538255339e-12,0.00011479052123498449,0.4999145388504253,2,20,20
12,883,0.4999706687762189,3.4144820892587795e-16,2.9375060578802248e-05,0.4999999561632019,2,20,20
12,884,0.0005479518097741932,1.0331839282558251e-05,0.49944003232225354,0.5000016840286899,2,20,20
12,885,0.1325535292316666,7.187054664744096e-06,0.3721024802458892,0.49533680346777953,2,20,20
12,886,0.49632668314614353,5.407890312967455e-14,0.003693628954929846,0.49997968789887276,2,20,20
12,887,0.49632668314655487,1.2606256565096418e-10,0.14215019666212633,0.36152312006525616,2,20,20
12,888,0.49639027874874037,2.47947510963621e-14,0.003631127858283299,0.4999785933929517,2,20,20
12,889,0.19896526699679212,1.013175311230525e-07,0.301089692617216,0.49994493906846066,2,20,20
12,890,0.49999507673453103,3.3282407576221047e-17,8.750131841583585e-05,0.4999174219470531,2,20,20
12,891,0.28266718648064637,1.4659731308834376e-07,0.21742063188819644,0.49991203503384407,2,20,20
12,892,0.09284951048363402,0.12254128820920089,0.2846679313525543,0.4999412699546107,2,20,20
12,893,0.0928495104813575,0.12254128820914725,0.28460914670312815,0.5000000546063673,2,20,20
12,894,0.09284951048136739,0.12254128820920039,0.28927291056134047,0.49533629074809155,2,20,20
12,895,1.0693929563731015e-11,0.49208207449641267,0.01258174644348884,0.49533617904940436,2,20,20
12,896,2.696293833209505e-12,0.49433386561766535,0.010329955329028195,0.49533617905061006,2,20,20
12,897,2.6872769930907547e-12,0.49433386561766585,0.005668618807075778,0.4999975155725712,2,20,20
12,898,1.0919905747377329e-11,0.4942718939167516,0.005730590500941814,0.4999975155713864,2,20,20
12,899,1.919644729639352e-13,0.4995095271162737,0.0004929572427509333,0.49999751564078343,2,20,20
12,900,7.289891553366927e-16,0.4999928827813842,2.8438230037060965e-05,0.4999786789885777,2,20,20
12,901,2.0240473279770107e-16,0.499999585036917,9.421128253865075e-07,0.4999994728502576,2,20,20
12,902,3.597578401254091e-15,0.49971489447649925,0.0002856326732393423,0.4999994728502576,2,20,20
12,903,1.1410247761445992e-11,0.4995966837579432,0.00506728501786296,0.49533603121278347,2,20,20
12,904,1.2979720021256993e-10,0.4993257351934468,0.0007820395535925234,0.49989222512316295,2,20,20
12,905,6.168835193364048e-13,0.49932573519038875,0.0007574277150037638,0.49991683709399004,2,20,20
12,906,5.704526462195426e-13,0.1404989330330287,0.35958423271570167,0.49991683425069844,2,20,20
12,907,6.202020145864003e-13,0.4997127888504348,0.0003703780103206672,0.499916833138624,2,20,20
12,908,3.2808576170759866e-12,0.49958366402540194,0.0004995028326928703,0.49991683313862406,2,20,20
12,909,6.120374174134197e-10,0.49412241393118395,0.0059607484040186615,0.4999168370527597,2,20,20
12,910,5.759720634130563e-13,0.4997195741079214,0.0003635927528781821,0.499916833138624,2,20,20
12,911,2.685333124222489e-12,0.462315865505976,0.03768415348619658,0.49999998100514187,2,20,20
12,912,1.8518823559089326e-07,0.003232283565588666,0.4967643390530044,0.5000031921931716,2,20,20
12,913,0.07654815070395195,2.2205422880346736e-06,0.42344059282849045,0.5000090359252699,2,20,20
12,914,1.3021352883901585e-05,9.937312969451695e-11,0.499988529544856,0.4999984490028869,2,20,20
12,915,0.0011389583801936045,0.001529657989121067,0.49733293324624256,0.4999984503844429,2,20,20
12,916,0.0011389583801536644,0.0015296579891192015,0.4973314345455779,0.49999994908514933,2,20,20
12,917,1.2549663751110077e-08,9.690679319943205e-07,0.5781223878590994,0.4218766305233047,2,20,20
12,918,2.5645830748835282e-05,3.3747741493115294e-12,0.5000575428494508,0.4999168113164252,2,20,20
12,919,2.5645830179719364e-05,3.320212843284343e-12,0.4999743981162111,0.4999999560502889,2,20,20
12,920,5.127581989572513e-05,1.3276492003816995e-11,0.4999487681009808,0.4999999560658458,2,20,20
12,921,8.996005643424015e-07,6.584177181586292e-12,0.5000005679777656,0.49999853241508546,2,20,20
12,922,8.996005650554246e-07,6.583268773066444e-12,0.5000193975750948,0.49997970281775606,2,20,20
12,923,8.996005641825739e-07,6.636881221058787e-12,0.5000015848116126,0.49999751558118555,2,20,20
12,924,0.0014826473006507698,2.0192509212745212e-10,0.4985198369153994,0.4999975155820243,2,20,20
12,925,5.127065526273566e-05,5.643093906688087e-10,0.4999497852305398,0.4999989435498875,2,20,20
12,926,0.41269299986546354,2.993815174176965e-06,0.08728976322509355,0.5000142430942691,2,20,20
12,927,0.4989541227171994,1.1757285241927962e-09,0.001128803346585398,0.4999170727604868,2,20,20
12,928,0.49895412271719886,1.1726721656034972e-09,0.0010469228817767413,0.4999989532283522,2,20,20
12,929,0.4989541227171987,1.1726721656028208e-09,0.001047320943185551,0.4999985551669437,2,20,20
12,930,0.4937026417136955,1.1416977369487253e-09,0.006263235651438128,0.5000341214931685,2,20,20
12,931,0.49903028293550505,1.9401643107192672e-10,0.0024568361362784356,0.4985128807341997,2,20,20
12,932,0.010575687892340096,0.0002536320436196844,0.48915237263759165,0.5000183074264485,2,20,20
12,933,0.11424992407747538,4.805624596946087e-05,0.37297484325162533,0.5127271764249296,2,20,20
12,934,5.635224101309891e-07,1.741601862941164e-09,0.45618207126855415,0.5438173634674334,2,20,20
12,935,1.4721208981062979e-08,5.067790022025626e-05,0.4908408932856528,0.5091084140929177,2,20,20
12,936,1.4721209143969003e-08,5.067790021840831e-05,0.48617855455269193,0.5137707528258803,2,20,20
12,937,1.4721208975139125e-08,5.0677900219332905e-05,0.4862055755026354,0.513743731875936,2,20,20
12,938,3.233883224329377e-11,3.0497620082096037e-12,0.0016540366322487642,0.9983459633323626,2,20,20
12,939,3.2339001073170885e-11,3.0488374149308603e-12,0.001627015682305279,0.998372984282307,2,20,20
12,940,3.2338838176013394e-11,3.0488374149758698e-12,0.0016255847535458275,0.9983744152110665,2,20,20
12,941,3.234881200482397e-11,3.050702919585127e-12,0.0016271004960595704,0.998372899468541,2,20,20
12,942,3.994043416868611e-14,5.551931281838027e-14,8.365745599039818e-05,0.999916342543914,2,20,20
12,943,2.2724234060109027e-12,3.1443708691161863e-12,0.003412029760902487,0.9965879702336806,2,20,20
12,944,1.1466027645790898e-10,2.7025884155640595e-12,0.058262893741027416,0.9417371061416095,2,20,20
12,945,7.163810212371993e-16,6.605482193230087e-17,2.0668897784240257e-05,0.9999793311022149,2,20,20
12,946,4.990479675768091e-14,1.7678761197447701e-10,0.0016807685505526215,0.9983192312726101,2,20,20
12,947,1.9951763710523216e-14,1.7373020751873796e-10,0.0016208494847251042,0.9983791503415249,2,20,20
12,948,3.986393152296155e-14,3.0374181140153217e-12,0.0033350937524388225,0.9966649062444839,2,20,20
12,949,5.6736765556722e-13,9.389830929283534e-16,0.0016202082126727693,0.9983797917867588,2,20,20
12,950,2.1093346161761467e-11,6.459022147162601e-09,0.1749310151570056,0.8250689783628784,2,20,20
12,951,3.5626807220959915e-18,9.582422308195438e-16,2.0890471466230486e-06,0.9999979109528523,2,20,20
12,952,3.779251426540827e-18,9.582485857921057e-16,1.4137928064294835e-06,0.9999985862071928,2,20,20
12,953,5.875562854355715e-13,2.693531841697017e-15,0.07817949923316585,0.9218205007662438,2,20,20
12,954,1.0593820327222199e-14,9.32963941588292e-16,0.004666076346678045,0.9953339236533103,2,20,20
12,955,4.9926778430204135e-14,5.3643431672240044e-14,2.9701320711725012e-05,0.9999702986791849,2,20,20
12,956,8.987256132096222e-14,5.3643711302590256e-14,0.00015720816983488773,0.9998427918300216,2,20,20
12,957,3.21513525701476e-11,3.0838490249247333e-12,0.004752596579590321,0.9952474033851741,2,20,20
12,958,3.5083959749753685e-16,5.3653695271202694e-14,8.405813200149735e-05,0.9999159418679443,2,20,20
12,959,3.6161622367051264e-16,3.0910987660737346e-12,0.003412025241401179,0.9965879747555072,2,20,20
12,960,1.2904110160810675e-10,1.3866518620614395e-10,0.10244991608808536,0.8975500836442085,2,20,20
12,961,4.065067311527039e-14,1.0730813185733944e-13,4.022569629321477e-06,0.999995977430223,2,20,20
12,962,9.13563695826145e-15,5.444051135656869e-14,0.07812147019195262,0.9218785298079839,2,20,20
12,963,5.063147090483789e-14,1.915550487414577e-15,2.0843304045385643e-05,0.9999791566959022,2,20,20
12,964,2.477898997428473e-17,9.678098428642408e-16,0.0033302127898351785,0.996669787210164,2,20,20
12,965,1.4107784728335478e-15,9.5187658336061e-16,0.004484088919743129,0.9955159110802545,2,20,20
12,966,9.9898326560833e-15,1.8826143819107643e-15,2.004848647222041e-06,0.9999979951513409,2,20,20
12,967,9.989671803966944e-15,1.899395231431137e-15,3.4179420456365976e-06,0.9999965820579426,2,20,20
12,968,1.0001699230157157e-14,1.883173581688007e-15,2.005279153073549e-06,0.9999979947208351,2,20,20
12,969,1.2569425317216329e-17,3.332276990667182e-17,2.4816151237087705e-06,0.9999975183848764,2,20,20
12,970,3.8861515253564146e-18,1.7400812804430235e-17,8.232579705219881e-08,0.9999999176742027,2,20,20
12,971,9.998454541277794e-15,5.367879238792121e-14,2.529841622277252e-06,0.9999974701583143,2,20,20
12,972,5.698962934601405e-13,1.0823238488483512e-13,4.994386041905473e-06,0.99999500561328,2,20,20
12,973,5.692147526404222e-13,9.744828413721655e-16,2.3587244328459293e-06,0.9999976412749969,2,20,20
12,974,4.408673538097992e-19,5.998558500056548e-19,3.7737296931805835e-08,0.999999962262703,2,20,20
12,975,3.2438907195181714e-11,5.3653629583898156e-14,8.320758974270024e-05,0.9999167923777647,2,20,20
12,976,1.2518415129073867e-17,8.794557553911972e-19,5.551037323464165e-08,0.9999999444896267,2,20,20
12,977,1.0699005660182803e-14,5.3646628606763906e-14,2.5213256650249283e-06,0.9999974786742705,2,20,20
12,978,7.160236754252459e-16,5.365396220983947e-14,8.263667947706817e-05,0.9999173633204683,2,20,20
12,979,7.219949298045747e-16,1.077311059272001e-13,0.004746413701423276,0.9952535862984679,2,20,20
12,980,3.3479632518807296e-18,3.360240242284444e-17,1.4932698850987002e-06,0.9999985067301148,2,20,20
12,981,8.832103550967264e-08,2.704490969210864e-05,0.08103856179133367,0.9189343049779386,2,20,20
12,982,1.5425535515099222e-17,9.579626647857235e-16,1.1010048351167698e-06,0.9999988989951639,2,20,20
12,983,6.070636999843461e-13,1.736977315328236e-10,0.0017171792304827638,0.9982828205952127,2,20,20
12,984,1.998027121571979e-16,3.0582354477759455e-12,8.48889319012804e-05,0.9999151110650403,2,20,20
12,985,7.396962091503115e-09,1.082282946157047e-13,2.39941348353358e-05,0.9999759984680946,2,20,20
12,986,7.397002196391268e-09,1.6094732690585044e-13,4.482120994364966e-05,0.9999551713928935,2,20,20
12,987,7.396962782956816e-09,1.0822852750928878e-13,5.145272969825781e-05,0.9999485398732311,2,20,20
12,988,2.0608178128162085e-14,5.441403812616211e-14,0.0016202146047771342,0.998379785395148,2,20,20
12,989,7.161393808940431e-16,9.582523398622981e-16,1.1014270374526899e-06,0.9999988985729609,2,20,20
12,990,8.882215304304356e-16,3.0582357273776992e-12,8.488924463992044e-05,0.999915110752301,2,20,20
12,991,1.75629773615831e-16,9.582437440272289e-16,4.3284453408019103e-07,0.9999995671554647,2,20,20
12,992,1.7584353551926335e-16,9.576845442916293e-16,4.4299225032483553e-07,0.9999995570077485,2,20,20
12,993,7.070512254941232e-16,5.3656805770352597e-14,5.8864682124661806e-05,0.9999411353178211,2,20,20
12,994,4.215389241377327e-07,6.170487670325579e-12,0.00018869179861869198,0.9998108866562867,2,20,20
12,995,4.2153664761740117e-07,6.1159237676289086e-12,0.00012948362132769712,0.9998700948359087,2,20,20
12,996,4.2153664761712884e-07,6.1159075358574735e-12,0.00012947768885022238,0.9998701007683863,2,20,20
12,997,4.215366482480122e-07,8.329069797580965e-12,0.13835350390629259,0.8616460745487302,2,20,20
12,998,3.995386758677604e-14,1.8990504697378066e-15,2.998312755459064e-05,0.9999700168724034,2,20,20
12,999,6.090723250093387e-13,3.112041429171385e-12,8.784061066672544e-05,0.999912159385612,2,20,20
12,1000,1.1382351469857872e-12,3.1120251116146627e-12,0.00014193999085601364,0.9998580600048936,2,20,20
12,1001,3.271093919630572e-11,6.140332045818407e-12,0.004731806482825886,0.9952681934783226,2,20,20
12,1002,3.214180866050651e-11,3.029264748474663e-12,0.00467252538828689,0.9953274745765418,2,20,20
12,1003,3.214181453694807e-11,3.0292488062818927e-12,0.004755088369250294,0.9952449115955786,2,20,20
12,1004,9.994555478807186e-15,1.4534906641036003e-18,0.00011263915860882436,0.9998873608413812,2,20,20
12,1005,9.224396918734227e-18,1.7101010722127664e-17,8.405625171807356e-05,0.9999159437482821,2,20,20
12,1006,6.047489048380544e-13,1.7303884327100418e-10,0.0036077055312649067,0.9963922942950918,2,20,20
12,1007,1.163088129996577e-10,2.25989347871191e-12,0.19646398752560837,0.8035360123558226,2,20,20
12,1008,1.146621361856645e-10,4.8353683913993496e-14,0.058240876003518974,0.9417591238817706,2,20,20
12,1009,1.4700064344805422e-10,3.0953446492513655e-12,0.0598598934637691,0.9401401063861348,2,20,20
12,1010,1.285765833573078e-10,6.05952205786061e-12,0.004746881780924347,0.9952531180844395,2,20,20
12,1011,7.284040572499039e-16,3.3620625018675786e-17,5.885650611587489e-05,0.9999411434938834,2,20,20
12,1012,1.5691341578605397e-17,3.3612476246386373e-17,1.4992255458020333e-06,0.9999985007744542,2,20,20
12,1013,7.038163657497088e-16,5.3656236578175643e-14,5.886455161260878e-05,0.999941135448333,2,20,20
12,1014,2.8445963220996597e-12,3.1043064286011907e-12,0.0011745579519399578,0.9988254420421112,2,20,20
12,1015,2.2767358696271278e-12,3.418043004848304e-17,7.95424113242673e-05,0.9999204575863991,2,20,20
12,1016,3.995063909124898e-17,5.363774303191474e-14,0.00014141244809451998,0.9998585875518518,2,20,20
12,1017,3.995467979500649e-14,5.4578500879211793e-14,0.00014140303440990772,0.9998585969654954,2,20,20
12,1018,7.317198147962704e-16,1.9156227988092157e-15,9.241903363224554e-07,0.9999990758096613,2,20,20
12,1019,1.0161292757551707e-14,5.551918665469664e-14,8.368256091005007e-05,0.9999163174390244,2,20,20
12,1020,5.698935801737364e-13,1.0724835811525875e-13,0.004665650690650915,0.9953343493086719,2,20,20
12,1021,8.72508025501667e-16,1.0817278183473745e-13,0.0047226099653735155,0.9952773900345175,2,20,20
12,1022,2.317241252363421e-12,1.915905507003703e-15,4.4695964636515575e-05,0.9999553040330444,2,20,20
12,1023,6.53564480816477e-09,2.702598085353607e-12,0.05832386043277504,0.9416761330288776,2,20,20
12,1024,6.53564479582303e-09,2.7016573799249394e-12,0.05824132581985055,0.9417586676418032,2,20,20
12,1025,3.248296338877775e-11,1.0916289367099821e-13,0.00010506052433234702,0.9998949394430756,2,20,20
12,1026,9.998213238070105e-15,9.741887216835611e-16,2.5249243696532135e-06,0.9999974750756193,2,20,20
12,1027,9.991483958879003e-15,9.58192080261342e-16,3.0084118804684696e-05,0.9999699158811846,2,20,20
12,1028,3.35079446530574e-18,9.420205670206782e-16,1.076036664473434e-06,0.9999989239633345,2,20,20
12,1029,1.7850617716613162e-16,9.579599391530692e-16,8.366356183686432e-05,0.9999163364381619,2,20,20
12,1030,1.0001257637842083e-14,5.3662565546002913e-14,2.5285389412828947e-06,0.9999974714609952,2,20,20
12,1031,3.9946658753226637e-14,4.9824191398980775e-17,2.1105672708069753e-06,0.9999978894326894,2,20,20
12,1032,1.2515626753347818e-17,1.7101152778644264e-17,6.27054763106092e-08,0.9999999372945237,2,20,20
12,1033,7.160738191066386e-16,9.743079644516782e-16,8.26223955882117e-05,0.9999173776044101,2,20,20
12,1034,7.16427744154988e-16,9.905334063089282e-16,0.00010286566626535865,0.9998971343337328,2,20,20
12,1035,2.776727515497145e-17,1.898668093453731e-15,8.363561775962517e-05,0.9999163643822384,2,20,20
12,1036,1.553077600939514e-17,9.580861796572686e-16,8.40280087814777e-05,0.9999159719912176,2,20,20
12,1037,7.00877950485593e-16,9.582414465156837e-16,2.9168875553825174e-06,0.999997083112443,2,20,20
12,1038,2.102407875511023e-15,1.9153361361237816e-15,1.867072559157198e-06,0.9999981329274367,2,20,20
12,1039,3.236394645156601e-11,9.909995384245524e-09,0.001250667561913374,0.9987493224957271,2,20,20
12,1040,7.007757820668574e-16,9.576822484284516e-16,1.4689839141082736e-06,0.9999985310160842,2,20,20
12,1041,5.69868275748917e-13,2.8401505483246583e-15,3.143531605413834e-05,0.999968564683373,2,20,20
12,1042,1.576578807223832e-15,3.058268451946342e-12,8.529935124986524e-05,0.9999147006456902,2,20,20
12,1043,5.697360375745887e-13,1.7424130109343678e-10,0.00015508780873256644,0.9998449120164563,2,20,20
12,1044,2.80932201358032e-17,9.420305544861243e-16,2.1068555181634417e-06,0.9999978931444808,2,20,20
12,1045,5.691651166367389e-13,5.36755971908309e-14,2.964804736526618e-05,0.9999703519520118,2,20,20
12,1046,1.2975564268556182e-10,3.11188912104678e-12,8.538848008199438e-05,0.9999146113870504,2,20,20
12,1047,8.817745123610694e-16,5.503538478404155e-14,0.004665352107937835,0.9953346478920062,2,20,20
12,1048,4.013718852845814e-14,9.744707815754216e-16,8.079398577213408e-05,0.9999192060141868,2,20,20
12,1049,3.995277669235012e-14,3.361003780344827e-17,7.930341448278542e-05,0.9999206965854774,2,20,20
12,1050,8.883335367179286e-16,5.457861468014354e-14,8.366331962263575e-05,0.9999163366803221,2,20,20
12,1051,3.073339629776368e-17,4.982386443735315e-17,8.262250736424348e-05,0.9999173774926357,2,20,20
12,1052,9.005199375575073e-16,9.582552406340043e-16,2.211344257584138e-05,0.999977886557422,2,20,20
12,1053,1.564211235708575e-17,4.9549685071645026e-17,5.619179382219034e-07,0.9999994380820618,2,20,20
12,1054,4.967438770367909e-14,3.0910988390772337e-12,0.0034124373091331153,0.9965875626877261,2,20,20
12,1055,7.132761650148154e-16,9.579618477372615e-16,2.517160770652573e-06,0.9999974828392278,2,20,20
12,1056,7.01036013950064e-16,9.741835453283635e-16,1.5109895179848065e-06,0.9999984890104805,2,20,20
12,1057,3.9690163867634607e-14,3.0384029970194822e-12,0.003412003685126616,0.9965879963117955,2,20,20
12,1058,3.969038159311969e-14,3.037462301756059e-12,0.0033294702363400267,0.9966705297605829,2,20,20
12,1059,1.2947637254690698e-10,5.460121794299134e-14,0.0011622516054027184,0.9988377482650665,2,20,20
12,1060,6.545045480013922e-09,8.790244785169123e-09,0.057691382960119775,0.9423086017045899,2,20,20
12,1061,7.971458448162025e-14,1.913533122664017e-15,0.0012423439791242631,0.9987576560207941,2,20,20
12,1062,4.0118770335299235e-14,5.5527703526562863e-14,8.440206556389586e-05,0.9999155979343406,2,20,20
12,1063,2.6857067560592305e-13,2.0470176011810804e-11,0.4412816976832133,0.5587183022960476,2,20,20
12,1064,9.673659221033933e-10,1.6863692161873482e-05,0.4954017250275729,0.5045814103128988,2,20,20
12,1065,1.523725430347451e-05,3.94784501522519e-12,0.5000673623789982,0.49991740036275045,2,20,20
12,1066,0.27552319677940923,1.427223358812278e-07,0.2244983882700499,0.49997827222820523,2,20,20
12,1067,0.023719867614802163,2.835541716987972e-12,0.47628016891648944,0.49999996346587255,2,20,20
12,1068,0.2744062176444019,1.4454839681134328e-07,0.22559302265412512,0.500000615153076,2,20,20
12,1069,0.34649160232836185,1.7660297706709608e-07,0.15346032354164918,0.5000478975270112,2,20,20
12,1070,0.0036091555790792418,0.27034181365205445,0.22573477350919705,0.5003142572596693,2,20,20
12,1071,1.8319053502977545e-09,0.49960644584290814,0.005100732363457077,0.49529281996172925,2,20,20
12,1072,1.8319052927863153e-09,0.49999288278451975,0.004714295421866365,0.49529281996170865,2,20,20
12,1073,8.550957896959336e-14,0.4785189402770992,0.021482544961337634,0.4999985147614777,2,20,20
12,1074,4.626677463360162e-14,0.4785189402770973,0.02148157806432774,0.4999994816585287,2,20,20
12,1075,1.2308451172484532e-06,0.3061360178546923,0.1938632672816589,0.4999994840185317,2,20,20
12,1076,5.765574365561178e-12,0.2655487493720673,0.23447976892498465,0.49997148169718236,2,20,20
12,1077,3.4823242673864973e-15,0.4845157495032236,0.015543042453928268,0.49994120804284464,2,20,20
12,1078,1.903201853302456e-13,0.49960152572928807,0.00039992403354066847,0.49999855023698087,2,20,20
12,1079,1.0894090649496041e-14,0.4999844850610654,9.810368194090702e-05,0.49991741125698264,2,20,20
12,1080,9.987126615703242e-15,0.4999995850369177,8.300370730839644e-05,0.4999174112557636,2,20,20
12,1081,4.0823648433400556e-14,0.49999958503697045,2.1210606357782627e-05,0.4999792043566308,2,20,20
12,1082,7.096988474382888e-16,0.49999958503697045,1.952794268782101e-06,0.4999984621687599,2,20,20
12,1083,5.680139402080364e-13,0.4999901594323428,0.0011641935442791992,0.49884564702281,2,20,20
12,1084,4.00744176347242e-14,0.48451584033540235,0.015486644192853657,0.49999751547170385,2,20,20
12,1085,1.0159497351186803e-15,0.4845158403354033,0.015542980595504245,0.4999411790690913,2,20,20
12,1086,3.4281046698516284e-08,0.4860040953783919,0.014054691271445477,0.4999411790691158,2,20,20
12,1087,7.570657023528281e-15,0.49999000065939114,6.882027266972428e-05,0.49994117906793145,2,20,20
12,1088,2.712183071709891e-12,0.49970599153905326,0.0002954578193569712,0.49999855063887744,2,20,20
12,1089,1.0387013010293308e-11,0.4784297812913006,0.021652825278631525,0.49991739341968094,2,20,20
12,1090,1.0522807000107556e-11,0.48450707668491355,0.01549294229940033,0.499999981005163,2,20,20
12,1091,2.245368961369761e-13,0.4845104431079621,0.015549554318593955,0.4999400025732194,2,20,20
12,1092,6.08988274918009e-10,0.4920772731202563,0.007922759013309784,0.4999999672574457,2,20,20
12,1093,4.562344614304576e-14,0.4785136778420073,0.021487792818830308,0.4999985293391165,2,20,20
12,1094,3.3561756795273978e-15,0.49960161138510556,0.00039986306742608867,0.4999985255474648,2,20,20
12,1095,2.4776571542022553e-14,0.48451569035857056,0.01548627266784025,0.49999803697356426,2,20,20
12,1096,8.488614492089036e-16,0.49998805238571004,1.1984409737865428e-05,0.4999999632045513,2,20,20
12,1097,1.6884826652717292e-11,0.013576872445537668,0.4864250721931627,0.4999980553444146,2,20,20
12,1098,4.005923141194594e-09,3.49570096743266e-05,0.49996698977197374,0.49999804921242885,2,20,20
12,1099,0.00021990889628204513,1.1389580911419582e-10,0.5044421461225151,0.49533794486730603,2,20,20
12,1100,0.42346489301452545,1.6598031554896815e-11,0.07659389824916754,0.4999412087197091,2,20,20
12,1101,0.4234648930145654,1.6651660599315748e-11,0.07653691821204736,0.4999981887567356,2,20,20
12,1102,0.4234648931434383,1.897321882928103e-10,0.07986520726838518,0.49666989939844436,2,20,20
12,1103,0.4234648931442808,1.659895604976854e-11,0.07661924474944848,0.4999158620896718,2,20,20
12,1104,0.4948688715252092,1.2489573098715283e-07,0.00519803082379932,0.49993297275526055,2,20,20
12,1105,0.4948688713954538,1.248957300464382e-07,0.005172684679380029,0.49995831902943616,2,20,20
12,1106,0.4984302138383879,6.2425897999901585e-15,0.001628577798898829,0.49994120836270695,2,20,20
12,1107,0.04492967322910163,6.179883196071125e-14,0.45512911743670414,0.49994120933413233,2,20,20
12,1108,0.28588024963483577,2.466434754357279e-12,0.21573971424520072,0.4983800361174968,2,20,20
12,1109,0.2858802496342684,2.4129302824825777e-12,0.2141190583483254,0.500000692014993,2,20,20
12,1110,0.019924234440381564,1.0320847757996177e-08,0.48007302581124967,0.5000027294275203,2,20,20
12,1111,6.007598027292709e-08,1.0885667382480244e-08,0.5000505270006984,0.4999494020376538,2,20,20
12,1112,5.822684214295612e-08,1.088255624482054e-08,0.49999994871709186,0.49999998217350977,2,20,20
12,1113,6.007015312974343e-08,1.0882663187304252e-08,0.5016260043250329,0.4983739247221507,2,20,20
12,1114,0.01939364870712365,3.2550717733011447e-12,0.4735152824793275,0.5070910688102932,2,20,20
12,1115,0.01939364686608935,3.1490701143273237e-12,0.47190951558500555,0.5086968375457557,2,20,20
12,1116,0.019393646863853288,3.1490703330754164e-12,0.4719491804567808,0.5086571726762164,2,20,20
12,1117,0.01939364686430193,3.23864050146849e-12,0.550012593849478,0.43059375928298116,2,20,20
12,1118,0.35351051096121067,5.5390849718687966e-11,0.14648986344991027,0.49999962553348826,2,20,20
12,1119,0.4998826177539059,1.1668328644439692e-13,0.07844394551454142,0.42167343673143576,2,20,20
12,1120,0.2510134575679562,0.000211032775964995,0.24879961744445875,0.4999758922116198,2,20,20
12,1121,0.01599190379343946,4.1594004508668295e-09,0.48406576383917105,0.4999423282079891,2,20,20
12,1122,0.015991903793438747,4.15939951010903e-09,0.48400699068639413,0.5000011013607674,2,20,20
12,1123,0.42562941082012945,5.953578997010899e-13,0.07437060817133981,0.4999999810079352,2,20,20
12,1124,0.42562941082012945,5.95374131456786e-13,0.07437111488636548,0.49999947429290975,2,20,20
12,1125,0.4256294108201694,5.963149830201834e-13,0.07437166436257496,0.4999989248166594,2,20,20
12,1126,0.42562941082012967,5.972396386340902e-13,0.07437147050947175,0.49999911866980135,2,20,20
12,1127,0.0002302341108809606,7.177809141238706e-07,0.4996741833119367,0.5000948647962671,2,20,20
12,1128,0.4950028207793826,3.912732207249493e-11,0.004997930841019163,0.4999992483404708,2,20,20
12,1129,0.44575189333321946,2.0257522821506983e-09,0.004174581537914097,0.5500735231031142,2,20,20
12,1130,0.37054613932783687,2.979451524569273e-11,0.12945491367035233,0.49999894697201624,2,20,20
12,1131,0.37054613932783687,2.9793590895551536e-11,0.12945390070329077,0.49999995993907886,2,20,20
12,1132,0.48878476884032107,6.418491330077444e-08,0.01033913368036676,0.5008760332943991,2,20,20
12,1133,0.3890909854061929,7.805539237784444e-10,0.11089952990184611,0.500009483911407,2,20,20
12,1134,0.4024189688457594,3.0225565671285997e-06,0.09756507418867044,0.5000129344090032,2,20,20
12,1135,0.4999018093265836,3.5561190003445126e-13,9.86916937477086e-05,0.4999994989793128,2,20,20
12,1136,0.4999018093265836,3.565362501916004e-13,9.924771259923901e-05,0.49999894296046055,2,20,20
12,1137,0.005586751334327687,9.388089182238382e-06,0.494404903835338,0.49999895674115186,2,20,20
12,1138,0.4961627420577542,7.920283567831045e-11,0.0038371110133363405,0.5000001468497066,2,20,20
12,1139,0.49978004095310824,1.3791121428092083e-15,0.0002210160797957234,0.4999989429670948,2,20,20
12,1140,0.4997800409531479,5.374290010274632e-14,0.003549147020967129,0.4966708120258311,2,20,20
12,1141,0.2909587955187597,1.8553766640094703e-10,0.2090419350306112,0.4999992692650911,2,20,20
12,1142,0.49366250574146203,8.553761952714718e-11,0.006367440499806119,0.49997005367319425,2,20,20
12,1143,0.4936625057414522,8.553852823504864e-11,0.006339448288922149,0.499998045884087,2,20,20
12,1144,0.2899565218211853,2.6358370922894196e-09,0.21004384442472762,0.4999996311182499,2,20,20
12,1145,0.36397750941679663,5.7581540520778025e-11,0.1360925416423017,0.49992994888331993,2,20,20
12,1146,0.42271583861390793,3.2259255105867638e-06,0.0773486481722986,0.4999322872882829,2,20,20
12,1147,4.060032148434804e-08,5.523770920565532e-08,0.4992415879849677,0.5007583161770015,2,20,20
12,1148,4.060032130897421e-08,5.5237655568784974e-08,0.4991590293300124,0.5008408748320109,2,20,20
12,1149,3.625955823431322e-10,5.551391588629735e-08,0.5000825463793445,0.4999173977441438,2,20,20
12,1150,1.7844263944621887e-10,3.164316910532461e-06,0.49999684980849746,0.4999999856961492,2,20,20
12,1151,1.1633554877253966e-06,3.124856256109826e-06,0.49998971185183955,0.5000059999364165,2,20,20
12,1152,1.5406772371677904e-05,1.2737331380671623e-08,0.49998497995156815,0.49999960053872866,2,20,20
12,1153,1.540677238086992e-05,1.2740359706449599e-08,0.5046486302601483,0.4953359502271107,2,20,20
12,1154,0.0009959259198763695,3.352282069263673e-07,0.49891570991775236,0.5000880289341632,2,20,20
12,1155,0.2940863279763544,2.6718049516987193e-09,0.20591443024076928,0.49999923911107125,2,20,20
12,1156,0.4202591518936623,5.629217566766394e-08,0.079789280552062,0.49995151126209986,2,20,20
12,1157,0.024013018575133303,3.149555704682285e-09,0.476035971049504,0.4999510072258067,2,20,20
12,1158,1.5207375957022632e-10,5.519884540988102e-14,0.5000296951608275,0.4999703046870436,2,20,20
12,1159,2.2343937130146312e-11,1.5506547592452974e-15,0.5033293717047925,0.4966706282728622,2,20,20
12,1160,2.2304258372265693e-11,4.011164484813174e-14,0.6382239620224119,0.3617760379552439,2,20,20
12,1161,5.444324106417649e-11,5.378909994215898e-14,0.5047024813436981,0.4952975186018051,2,20,20
12,1162,0.00545901686098392,1.583080281170188e-07,0.49449953342392056,0.500041291407067,2,20,20
12,1163,0.29426093221847943,2.7672151551142646e-09,0.20574082272033065,0.4999982422939743,2,20,20
12,1164,0.48742458174249553,4.431034713259142e-09,0.01419460180691357,0.49838081201955625,2,20,20
12,1165,0.4872638351744074,4.504485814738517e-09,0.012794941107270821,0.49994121921383594,2,20,20
12,1166,0.4996073995809015,8.105467145871046e-11,0.0003940670955878372,0.4999985332424557,2,20,20
12,1167,0.49346417929522074,4.485891693176279e-09,0.0065949955771427765,0.4999408206417445,2,20,20
12,1168,0.49346417929294445,4.485838991549297e-09,0.008154861108339366,0.49838095511287706,2,20,20
12,1169,0.49332048147577595,8.141291465244054e-11,0.008298542692336033,0.49838097575047496,2,20,20
12,1170,0.3992546978280265,2.846420700051703e-06,0.05665202258670543,0.544090433164568,2,20,20
12,1171,0.0008669680193942759,3.873049563886697e-12,0.4935827239007364,0.5055503080759965,2,20,20
12,1172,0.0008669680193944387,3.8730660651523756e-12,0.493582724342207,0.5055503076345256,2,20,20
12,1173,0.49465959920201513,6.628119928656051e-08,0.005341076175460393,0.4999992583413252,2,20,20
12,1174,0.49664909955645753,5.8040141690694704e-11,0.0034335066288921053,0.49991739375661015,2,20,20
12,1175,0.49787390766555145,1.1909047677914245e-09,0.002174281902694292,0.49995180924084953,2,20,20
12,1176,0.4978739076655522,1.193962425861886e-09,0.00211341480128196,0.5000126763392037,2,20,20
12,1177,0.4514449536542121,5.9470564537740233e-08,0.0485560346619371,0.4999989522132862,2,20,20
12,1178,0.451444961002178,5.947061686861512e-08,0.051889662852298436,0.4966653166749068,2,20,20
12,1179,0.03998976883623431,1.682426731862611e-05,0.4600512650585219,0.49994214183792457,2,20,20
12,1180,1.5265162844360392e-05,3.11984872424472e-12,0.5011385665548109,0.49884616827922423,2,20,20
12,1181,1.5977791381341018e-08,3.486558436532793e-05,0.5011188981509637,0.49884622028687897,2,20,20
12,1182,0.44528190316030625,1.0144621846929009e-09,0.05936675360968272,0.49535134221554894,2,20,20
12,1183,0.4452819031580507,1.011379772754166e-09,0.05470274359043833,0.5000153522401312,2,20,20
12,1184,0.4452819031580516,1.0114334150284698e-09,0.05473230379968393,0.49998579203083104,2,20,20
12,1185,0.44528190315805144,1.0114330608975576e-09,0.05803188449983338,0.4966862113306822,2,20,20
12,1186,0.4060081480858711,5.0797305447793294e-08,0.09732050179092151,0.4966712993259019,2,20,20
12,1187,2.3860071986387213e-13,0.49950723877955927,0.003821945965239467,0.4966708152549627,2,20,20
12,1188,7.395067684429345e-09,0.47851894045139204,0.02163512281555079,0.49984592933798916,2,20,20
12,1189,1.8918334598075712e-13,0.4845104424128242,0.015490960219331799,0.4999985973676549,2,20,20
12,1190,8.534560339002476e-09,0.4839789972597715,0.0176398429925644,0.4983811512131035,2,20,20
12,1191,8.534551098112548e-09,0.48397899725672366,0.01607958804470412,0.4999414061640209,2,20,20
12,1192,4.238214667666415e-15,0.49985916922338103,0.004818116247396203,0.4953227145292186,2,20,20
12,1193,3.3737965462204123e-15,0.49985916905071653,0.0001422889484327582,0.49999854200084737,2,20,20
12,1194,4.0712849780840115e-15,0.49985916905077016,0.0001693443077455751,0.4999714866414803,2,20,20
12,1195,3.385871271731489e-15,0.49985916905071653,0.000142280727861966,0.4999985502214181,2,20,20
12,1196,1.8844852884892582e-13,0.49454668878502045,0.005454360917388816,0.49999895029740204,2,20,20
12,1197,3.2530122487940746e-15,0.4845157134378348,0.015484305363455329,0.4999999811987064,2,20,20
12,1198,5.014686920755981e-14,0.4921008705639777,0.007981485226766298,0.4999176442092053,2,20,20
12,1199,1.6705228173711944e-12,0.30702927758708587,0.19297175424744348,0.49999896816380024,2,20,20
12,1200,4.6312967661856694e-14,0.48451558950728707,0.015485891118029511,0.4999985193746369,2,20,20
12,1201,1.295245614974461e-10,0.4845155895073406,0.016638304555825656,0.49884610580730904,2,20,20
12,1202,3.4300874353092155e-15,0.4999877779701774,7.101392106554825e-05,0.49994120810875353,2,20,20
12,1203,1.9033193517255614e-13,0.4997128243192516,0.0002872118917553619,0.49999996378880257,2,20,20
12,1204,1.297799774336237e-10,0.4997195743195797,0.00028299698307184386,0.49999742856756824,2,20,20
12,1205,2.709506473585862e-12,0.49921277185010293,0.0007886774505872389,0.49999855069660015,2,20,20
12,1206,1.324467477036491e-10,0.49921277202434516,0.0009412666869103476,0.4998459611562976,2,20,20
12,1207,1.2973736930046954e-10,0.48451584050959084,0.015638198204409804,0.49984596115626173,2,20,20
12,1208,4.007164615623292e-14,0.4845158403353505,0.015485574169943579,0.4999985854946656,2,20,20
12,1209,7.600836743231286e-13,0.4996015204720056,0.0004901865384728149,0.4999082929887614,2,20,20
12,1210,6.226489428851715e-13,0.14049895897724335,0.35955989090537543,0.4999411501167584,2,20,20
12,1211,1.5287291606502316e-10,0.49414120949347073,0.005860253582132397,0.49999853677152367,2,20,20
12,1212,1.534826741586838e-10,0.4941412094934717,0.00591814776241351,0.49994064259063187,2,20,20
12,1213,1.5287290377846103e-10,0.4941412094934698,0.005858805433032001,0.4999999849206251,2,20,20
12,1214,2.638729081213471e-12,0.478225065171914,0.021833737830193933,0.4999411969952533,2,20,20
12,1215,2.598802065472858e-12,0.47822506517191304,0.02177596713482735,0.4999989676906607,2,20,20
12,1216,4.128852014690199e-15,0.4997180051444353,0.0002823853029454701,0.4999996095526152,2,20,20
12,1217,6.667498204204661e-12,0.3070186925894197,0.19298275670778106,0.49999855069613164,2,20,20
12,1218,1.8455462050575168e-13,0.4845083570041155,0.015493088461143221,0.49999855453455666,2,20,20
12,1219,1.1003117460758172e-15,0.4999857885166179,1.6160879056513187e-05,0.4999980506043245,2,20,20
12,1220,5.707387604893066e-13,0.4999911872309665,0.001627953179714029,0.4983808595887487,2,20,20
12,1221,1.2939222582883804e-10,0.49960474664094007,0.001894675675687026,0.49850057755398053,2,20,20
12,1222,4.2030603724081265e-15,0.49960474664094007,0.00039563516754828783,0.49999961819150734,2,20,20
12,1223,4.1907653556860385e-15,0.49960474664094007,0.00039529732310489784,0.4999999560359509,2,20,20
12,1224,1.4185868177548274e-14,0.4996047466409937,0.00039773793151064694,0.4999975154274814,2,20,20
12,1225,3.0010067742733393e-13,0.013576747305216751,0.4864261537061609,0.49999709898832206,2,20,20
12,1226,9.674921352209026e-05,1.8562392078082532e-06,0.499983820385141,0.499917574162129,2,20,20
12,1227,9.416313475736136e-05,7.752001026618307e-08,0.49990595632864093,0.4999998030165913,2,20,20
12,1228,4.495642480845727e-05,4.238352204959785e-06,0.4987997441788428,0.5011510610441438,2,20,20
12,1229,0.0008797614591438311,5.925166193368492e-12,0.49912063800954165,0.4999996005253897,2,20,20
12,1230,0.041148946424574465,0.0007651516969316725,0.45443941325952447,0.5036464886189688,2,20,20
12,1231,0.4939486214156957,2.3847002778475237e-14,0.006051778068417699,0.49999960051586284,2,20,20
12,1232,0.2602899151737789,1.325475402686425e-07,0.23971114496002,0.4999988073186611,2,20,20
12,1233,0.4982989284099473,3.4144511386962873e-09,0.0017022879046188972,0.4999987802709829,2,20,20
12,1234,0.49992921637804816,8.022925028709897e-15,7.260797032017584e-05,0.4999981756516239,2,20,20
12,1235,0.4999292163757721,3.0638210415637557e-12,9.157012385580027e-05,0.49997921349730845,2,20,20
12,1236,0.42052424824354123,3.103906898851131e-06,0.2179790613098558,0.361493586539704,2,20,20
12,1237,0.4998145575307857,3.950384135951848e-11,0.13870664440571148,0.361478798023999,2,20,20
12,1238,0.4998145575307563,3.9503829792406715e-11,0.00018545601100028724,0.4999999864187396,2,20,20
12,1239,0.49842444251819445,1.1126550397634034e-09,0.0016581574107173264,0.49991739895843323,2,20,20
12,1240,0.4984244425181545,1.112547799030826e-09,0.0016343423481035642,0.4999412140211941,2,20,20
12,1241,1.3678169436526646e-05,1.1357613697628778e-08,0.5000450749163383,0.4999412355566111,2,20,20
12,1242,1.3685542693243097e-05,1.1534390014381077e-08,0.5016115303608222,0.49837477256209456,2,20,20
12,1243,0.029068975241775145,1.0968553131774534e-10,0.4684016349943698,0.5025293896541695,2,20,20
12,1244,3.7889079946902745e-06,6.481668093480636e-09,0.5016156882685898,0.49838051634174746,2,20,20
12,1245,0.0004403750907886065,5.702905163737207e-11,0.49961840099758087,0.4999412238546013,2,20,20
12,1246,0.0434915930871827,6.391684941830653e-07,0.45656653217098797,0.4999412355733354,2,20,20
12,1247,0.00029184407365463825,3.716257065688896e-11,0.4997085375218224,0.49999961836736045,2,20,20
12,1248,0.012029843504316396,1.919862501699014e-12,0.4879715710001192,0.49999858549364445,2,20,20
12,1249,0.01202984350431639,1.9716199102874817e-12,0.4880289774447359,0.49994117904897617,2,20,20
12,1250,0.006198573198636651,1.827626732013468e-14,0.4984654390542321,0.49533598774711285,2,20,20
12,1251,0.019749202280180126,4.092095705461779e-09,0.48491369468850926,0.49533709893921407,2,20,20
12,1252,2.71247988558067e-07,1.5381221988468053e-15,0.5046637415324567,0.4953359872195531,2,20,20
12,1253,2.712496962056419e-07,5.4127977229472004e-14,0.5011535291797847,0.4988461995704651,2,20,20
12,1254,0.4801865396886859,2.3630563734561438e-07,0.019869939966534796,0.49994328403914184,2,20,20
12,1255,0.49978076621408984,4.8628694025395615e-14,0.00022070834212795773,0.49999852544373363,2,20,20
12,1256,0.4345612477984412,2.356162915848458e-09,0.06550598167913568,0.49993276816626037,2,20,20
12,1257,0.4982942168724559,1.2461079418456226e-07,0.0017071206659775547,0.49999853785077225,2,20,20
12,1258,0.405336643503672,3.5884953818970493e-09,0.09465084735660333,0.5000125055512294,2,20,20
12,1259,0.405336643503672,3.5884953659699777e-09,0.0946494304806695,0.5000139224271632,2,20,20
12,1260,0.49690127874827145,7.1301912678003e-13,0.0030987535836410865,0.4999999676673743,2,20,20
12,1261,0.4969012787482715,7.139596929408385e-13,0.003100188298936237,0.4999985329520781,2,20,20
12,1262,0.49828823665885286,4.0134438500161314e-11,0.0017705899998399339,0.4999411733011727,2,20,20
12,1263,0.49999780043392317,3.058345006104415e-12,8.60417875526879e-05,0.4999161577754659,2,20,20
12,1264,0.42539706038925057,9.828578951966098e-10,0.07458827416303483,0.5000146644648569,2,20,20
12,1265,0.49845505892565095,3.5502248075814455e-13,0.0015454845815912057,0.49999945649240285,2,20,20
12,1266,0.4999982711553506,6.066976824746766e-15,8.430689756109105e-05,0.499917421947082,2,20,20
12,1267,0.4999982711553513,6.066983564328916e-15,6.0527922727606886e-05,0.499941200921915,2,20,20
12,1268,0.4952107648288586,2.269584403261476e-09,0.0048480266106751746,0.49994120629088185,2,20,20
12,1269,0.49831436876513174,3.971844413677493e-11,0.0017444196671467477,0.49994121152800314,2,20,20
12,1270,0.4981894424837899,1.1139728982271947e-09,0.0018693448744464135,0.499941211527791,2,20,20
12,1271,0.05388808699603017,3.1284268284573844e-07,0.4461703469061344,0.49994125325515243,2,20,20
12,1272,0.053888086996029455,3.128426828130141e-07,0.4461115740177447,0.5000000261435429,2,20,20
12,1273,0.053888086996029455,3.128426828295154e-07,0.4461129971326383,0.49999860302864924,2,20,20
12,1274,0.00020277416400168497,1.9111036683473025e-05,0.49968749974355325,0.5000906150557614,2,20,20
12,1275,0.0002027741640016847,1.9111036683489238e-05,0.49968803116204136,0.5000900836372734,2,20,20
12,1276,0.0002027741640023856,1.9111036684413767e-05,0.4997457906416442,0.500032324157669,2,20,20
12,1277,0.03840267232497249,2.786747550092092e-07,0.46493106929217665,0.49666597970809595,2,20,20
12,1278,2.6088005826169308e-05,6.6985095902697105e-12,0.49999531874852776,0.4999785932389473,2,20,20
12,1279,0.4059365302316815,5.1663471780813624e-08,0.09406321586522691,0.5000002022396197,2,20,20
12,1280,0.023586003520157852,1.0041905061009962e-05,0.4763591913514472,0.5000447632233338,2,20,20
12,1281,0.023586003520167837,1.0041905008322053e-05,0.47635919279500616,0.5000447617798178,2,20,20
12,1282,0.028822565158272022,5.919784491024899e-09,0.4685702379170383,0.5026071910049054,2,20,20
12,1283,0.01225360886485529,1.025999683590728e-13,0.48774785806124443,0.4999985330737973,2,20,20
12,1284,0.012253608864854606,1.0165911770364246e-13,0.48774742306894114,0.49999896806610256,2,20,20
12,1285,0.00019548395411404367,3.3414983349487634e-07,0.4948045847506078,0.5049995971454447,2,20,20
12,1286,0.0016328857085118101,1.676594905669509e-09,0.4983827580470817,0.4999843545678118,2,20,20
12,1287,5.666602493759454e-07,5.338923631826007e-08,0.49917350289734624,0.5008258770531675,2,20,20
12,1288,1.511626301186846e-13,3.153525520597347e-06,0.49999823131065885,0.4999986151636689,2,20,20
12,1289,3.2551669499711835e-11,3.1535256278592724e-06,0.5000562399615769,0.4999406064802435,2,20,20
12,1290,1.1191976201891946e-13,3.153525520581115e-06,0.4999989080082688,0.4999979384660983,2,20,20
12,1291,6.530708258902364e-10,3.1660965134894377e-06,0.9569294213747896,0.04306741187562625,2,20,20
12,1292,3.290889779659871e-12,9.726914611790279e-10,0.999141190696737,0.0008588083272808249,2,20,20
12,1293,0.4918562424621133,1.0310477535506522e-12,0.5072997127634872,0.0008440447733683953,2,20,20
12,1294,0.49185628927890485,1.651754722398266e-11,0.46372981707404537,0.04441389363053151,2,20,20
12,1295,0.4243308178797975,4.3151860689973225e-06,0.5568345284384414,0.018830338495692198,2,20,20
12,1296,0.49920782336449604,2.3760005824041533e-06,0.5007659787074156,2.3821927505992377e-05,2,20,20
12,1297,0.36627529677944104,5.028850958805785e-06,0.6336841744683885,3.5499901211944284e-05,2,20,20
12,1298,0.01204269649902135,2.371422618936246e-06,0.9878358378441467,0.0001190942342132635,2,20,20
12,1299,1.8929858081984327e-05,3.569482152459422e-07,0.9991120736356958,0.0008686395580072024,2,20,20
12,1300,2.0673697669738775e-06,1.894596554272127e-11,0.9991284097977544,0.0008695228135332511,2,20,20
12,1301,0.0001847216630384923,5.486324527746864e-09,0.9998143390688754,9.337817619725909e-07,2,20,20
12,1302,0.4771746807760764,2.512068836654716e-07,0.5228229874368546,2.080580186007766e-06,2,20,20
12,1303,0.32254637460748603,4.375141002794925e-08,0.6407556425193196,0.03669793912178519,2,20,20
12,1304,0.34580445337823046,5.105157754398585e-06,0.6541895429491467,8.985148690651267e-07,2,20,20
12,1305,0.5179499155241792,6.35621026984607e-08,0.4820469578893222,3.0630243958831714e-06,2,20,20
12,1306,0.5198740241792289,1.7806548858804336e-10,0.48012322001782703,2.7556248785996995e-06,2,20,20
12,1307,0.5000277065958227,4.9821777900127026e-06,0.4995160360039515,0.0004512752224355459,2,20,20
12,1308,0.499955680456235,0.0001793099399719727,0.49986474647348567,2.631303071841059e-07,2,20,20
12,1309,0.826441648425407,1.691212671111428e-07,0.17355737636663057,8.060866951518947e-07,2,20,20
12,1310,0.9446363480448864,3.6865236658734594e-11,0.05536364215531996,9.762928180041182e-09,2,20,20
12,1311,0.9654665469323719,4.786311811158603e-07,0.034404097489964404,0.00012887694648251903,2,20,20
12,1312,0.46728483565596646,4.790582787573305e-07,0.5325823415147873,0.00013234377097033834,2,20,20
12,1313,0.5006413308218107,6.356035500019758e-09,0.49935863303427863,2.9787874634986e-08,2,20,20
12,1314,0.42518195733537534,1.0775793581617197e-09,0.5748180409662568,6.207883050168628e-10,2,20,20
12,1315,0.4249875970686398,1.518458816381297e-09,0.5748496255122061,0.0001627759006948713,2,20,20
12,1316,0.49951294163425575,6.367232022356157e-10,0.5003230498405241,0.00016400788849642843,2,20,20
12,1317,0.3355185870986698,1.4118769311037237e-07,0.6644812244083484,4.730528869244111e-08,2,20,20
12,1318,0.0590705559565554,1.61413421645827e-12,0.9409294207066144,2.3335216348953073e-08,2,20,20
12,1319,0.011578322758694616,3.7587810025579264e-05,0.9883824864168439,1.6030144347458299e-06,2,20,20
12,1320,0.011586895351630263,3.69981707830456e-05,0.9883745043271512,1.6021504352856366e-06,2,20,20
12,1321,0.0003792157669478384,3.7413720668898884e-07,0.9996203502802795,5.981556506153992e-08,2,20,20
12,1322,0.1596406900414825,7.991080496613094e-08,0.8378373371413688,0.002521892906343336,2,20,20
12,1323,0.5038276019194625,1.1807708851236682e-09,0.49367181908348445,0.0025005778162824777,2,20,20
12,1324,0.5054947993224038,5.231673488687697e-11,0.49200462300079373,0.0025005776244859295,2,20,20
12,1325,0.7328318107379719,6.118627302451193e-08,0.26716798476643666,1.4330931983794724e-07,2,20,20
12,1326,0.9998894854164322,3.915749959675691e-11,0.00011051454268648313,1.7235796171957218e-12,2,20,20
12,1327,0.9954292747801028,5.2243287177378224e-08,0.004570423970573787,2.490060357110538e-07,2,20,20
12,1328,0.9960585945705303,1.2697660432457192e-14,0.003941405426121697,3.335180673208117e-12,2,20,20
12,1329,0.5575456136370068,2.3779314152132067e-05,0.0740892699576316,0.36834133709120953,2,20,20
12,1330,0.557545887873508,2.3779314152132104e-05,0.07408899572112992,0.3683413370912101,2,20,20
12,1331,0.5574479419513684,2.378043101322602e-05,0.07418694052141031,0.3683413370962085,2,20,20
12,1332,0.36427133821188806,1.634282447274961e-09,0.13572949335308623,0.4999991668007429,2,20,20
12,1333,0.36427133821188806,1.6342815388517826e-09,0.1357294685981833,0.4999991915556467,2,20,20
12,1334,0.45158148543111476,9.63506976196204e-13,0.048501092532119386,0.4999174220358022,2,20,20
12,1335,0.20568059280568665,9.964846814715166e-08,0.29286019682158576,0.5014591107242589,2,20,20
12,1336,0.20568059280796316,9.982278188478904e-08,0.29288032299960054,0.5014389843696546,2,20,20
12,1337,0.20568059280568665,9.964846905552864e-08,0.29280611448416966,0.5015131930616745,2,20,20
12,1338,0.20568059280568665,9.964846811471362e-08,0.2928602252821541,0.5014590822636911,2,20,20
12,1339,0.49374165669527237,1.5608371897561177e-10,0.0062872689584385555,0.4999710741902052,2,20,20
12,1340,0.4903207633534353,1.5041385362975094e-13,0.009708095160843009,0.4999711414855713,2,20,20
12,1341,0.4903207633533858,9.584605930300623e-14,0.00968026591374534,0.4999989707327729,2,20,20
12,1342,0.4981460661814974,5.888195311461485e-11,0.0018549839019688572,0.4999989498576517,2,20,20
12,1343,0.0007058807196029094,2.8702237303320037e-07,0.49929488238872194,0.4999989498693014,2,20,20
12,1344,0.36184280018987625,2.8347906246498896e-11,0.13824140131765558,0.49991579846412015,2,20,20
12,1345,0.4998953062448551,3.9880566708613267e-11,0.00018889496787374653,0.49991579874739034,2,20,20
12,1346,0.4999723634702672,5.996049699181149e-18,2.7655398381313837e-05,0.4999999811313516,2,20,20
12,1347,0.2189599717946851,1.0787230590859583e-07,0.19524880795813931,0.5857911123748697,2,20,20
12,1348,0.007566652834026064,1.2506433580132926e-05,0.49708473132753095,0.49533610940486283,2,20,20
12,1349,2.2192327392799544e-05,0.006342670369555147,0.4982897297305054,0.49534540757254625,2,20,20
12,1350,2.2192325137244006e-05,0.006342670369448857,0.4936258660116763,0.5000092712937376,2,20,20
12,1351,9.650504378480315e-05,2.8493588007125113e-09,0.4999045388822644,0.49999895322459187,2,20,20
12,1352,0.4902353469196131,2.1895157292041004e-09,0.009765692588620006,0.4999989583022514,2,20,20
12,1353,0.4999249037357879,1.7596435174606385e-12,7.51349190679239e-05,0.4999999613433843,2,20,20
12,1354,0.4999249037358278,1.8132825922472202e-12,0.00013445998176106063,0.4999406362805977,2,20,20
12,1355,0.4964289173244347,3.3252969626426487e-09,0.0036132786675468183,0.49995780068272155,2,20,20
12,1356,0.49642891732439554,3.325243323557758e-09,0.0035549596731440118,0.5000161196772174,2,20,20
12,1357,0.49999723144487124,2.434121814145965e-14,3.8186964312753e-06,0.4999989498586732,2,20,20
12,1358,0.49999723154812603,2.4564903748643755e-12,0.10230723239423689,0.3976955360551803,2,20,20
12,1359,0.49804763928977397,6.466456473667731e-08,0.08041604640849094,0.42153624963717035,2,20,20
12,1360,0.49799894803585815,2.3707939011717227e-09,0.08046509686246402,0.421535952730884,2,20,20
12,1361,0.49799894792644667,2.2238508378573317e-09,0.002002506392619197,0.49999854345708333,2,20,20
12,1362,0.4129874301833058,5.346621456906897e-08,0.08709487257858627,0.4999176437718935,2,20,20
12,1363,0.03359182380934782,1.413250452193517e-05,0.4664092628075573,0.49998478087857245,2,20,20
12,1364,0.033591823811617225,1.4132507569818169e-05,0.4679462376521713,0.49844780602864175,2,20,20
12,1365,0.03359182384148861,1.413267718553514e-05,0.47100397304720437,0.4953900704341215,2,20,20
12,1366,0.4521760333049821,1.1999973582753925e-09,0.052501254431167724,0.49532271106385295,2,20,20
12,1367,0.44994921151420797,1.6620540378650038e-06,0.05004111408963369,0.5000080123421203,2,20,20
12,1368,3.86310450912606e-06,6.379713664655591e-09,0.4999961436224357,0.49999998689334135,2,20,20
12,1369,0.000869071204292433,6.60916854338187e-09,0.4991308989748744,0.5000000232116634,2,20,20
12,1370,0.4843705527624667,1.3799626864817207e-12,0.02029326338916876,0.49533618384698475,2,20,20
12,1371,0.49841918028161286,1.1491893772694538e-15,0.006244636593396048,0.4953361831249901,2,20,20
12,1372,0.49844537130770855,7.287157792238759e-15,0.001556096145986069,0.49999853254629806,2,20,20
12,1373,0.4984453713099845,5.998940763585893e-14,0.0015764418956317034,0.49997818679432365,2,20,20
12,1374,0.49903235145815966,1.8717068501270213e-07,0.3357232622845942,0.1652441990865611,2,20,20
12,1375,0.49914294330550346,0.0005553293728229632,0.5002104567585195,9.12705631532884e-05,2,20,20
12,1376,0.9245535712070717,3.6914443179774366e-11,0.07544642395856438,4.797449928201086e-09,2,20,20
12,1377,0.9249637196400673,5.786369997176617e-15,0.07503628035990062,2.6235132792150474e-14,2,20,20
12,1378,0.4250068331785576,7.42314320777247e-15,0.574993166267955,5.534794495717828e-10,2,20,20
12,1379,1.9256669357429994e-05,6.392078713269683e-09,0.999979000324041,1.7366145231383968e-06,2,20,20
12,1380,0.00042685697220632454,9.461081713432939e-09,0.9995713975011393,1.736065573023533e-06,2,20,20
12,1381,0.028597606393804483,5.238361133574811e-07,0.9713564242002798,4.5445569801834855e-05,2,20,20
12,1382,0.0015249145593330094,2.544662453706343e-05,0.9984489299849452,7.088311846982169e-07,2,20,20
12,1383,0.0132020354808694,9.690263994132876e-06,0.9867878738004834,4.0045465297435164e-07,2,20,20
12,1384,0.4854927976599415,3.6822751571319856e-07,0.5144396377813321,6.71963312102e-05,2,20,20
12,1385,0.5058703990192355,3.5673343354383364e-07,0.49403673951007193,9.250473725821395e-05,2,20,20
12,1386,0.2941418928483351,2.994814388209408e-07,0.7058563802712848,1.427398942038414e-06,2,20,20
12,1387,0.5816310538703902,4.457893132496987e-07,0.41836637516980907,2.1251704869982714e-06,2,20,20
12,1388,0.5005353012046835,0.0006409241304345217,0.4987701653585347,5.360930634773289e-05,2,20,20
12,1389,0.28602053131845834,2.4784815507632e-10,0.7139787203808261,7.480528666687546e-07,2,20,20
12,1390,0.2860057801769603,2.6420412273658475e-06,0.7139908601454634,7.176363482354748e-07,2,20,20
12,1391,0.42655328893377714,2.7721683453197864e-06,0.5734321363369559,1.1802560922282353e-05,2,20,20
12,1392,0.4265530973770769,1.697512006499891e-06,0.5734332715001981,1.1933610717992505e-05,2,20,20
12,1393,0.49840160795896593,7.12423149679073e-07,0.5015976795230057,9.487825736065427e-11,2,20,20
12,1394,0.7253119325390421,1.6633692907340754e-06,0.2746861306236138,2.734680530914956e-07,2,20,20
12,1395,0.4990945934317063,2.4409889379611724e-09,0.5008183418113415,8.706231596266689e-05,2,20,20
12,1396,0.9210662689742618,3.0578202806315385e-06,0.07890155491295374,2.9118292503728834e-05,2,20,20
12,1397,0.8109013252546567,6.650635288234061e-11,0.1890840763378707,1.4598340966235067e-05,2,20,20
12,1398,0.3902728894359607,2.1506495156009152e-08,0.6097241684096845,2.920647859562243e-06,2,20,20
12,1399,0.26395788636314776,1.5065873222686362e-07,0.7340738910089981,0.001968071969121688,2,20,20
12,1400,0.013504980261306624,2.7722202477325793e-08,0.9864920714330802,2.920583410104256e-06,2,20,20
12,1401,0.5014086478611093,2.149046209781039e-08,0.49858840969457463,2.92095385382669e-06,2,20,20
12,1402,0.49995327958659835,2.374871916136117e-13,0.500046719099881,1.313281445720264e-09,2,20,20
12,1403,0.21002669250712477,6.737574462669189e-14,0.7899733064500498,1.0427579984698065e-09,2,20,20
12,1404,0.3580624175271577,0.010681597733116867,0.6303625307120476,0.0008934540276773,2,20,20
12,1405,0.35084924101730697,1.0814772742314753e-12,0.6491507589767742,4.837156325750729e-12,2,20,20
12,1406,0.49388725261870836,0.0006031194712958926,0.5040716543460102,0.001437973563984227,2,20,20
12,1407,0.49653065326437984,0.0006031825978726005,0.5014281902960008,0.00143797384174547,2,20,20
12,1408,0.007859115394095761,0.0006031759766200334,0.940140009841581,0.051397698787703665,2,20,20
12,1409,5.6211866158410994e-05,0.0006031971018413383,0.9979026109684657,0.001437980063534864,2,20,20
12,1410,3.18663630413043e-07,0.00020086666191057085,0.9997819823356967,1.6832338762510167e-05,2,20,20
12,1411,0.001032021124244118,0.000250535659457731,0.998717081788274,3.614280237668664e-07,2,20,20
12,1412,0.04665782794332488,0.0013856639196639289,0.951954902263525,1.6058734872929864e-06,2,20,20
12,1413,0.42439033736862697,0.0013856657077595653,0.5742239967544946,1.6911871639656777e-10,2,20,20
12,1414,0.5724563182747454,8.56406739696188e-12,0.4275436817147938,1.8964160118968923e-12,2,20,20
12,1415,0.994972868353756,1.1479232710378064e-09,0.005027125210783084,5.287537662488364e-09,2,20,20
12,1416,0.8191045758073799,1.160641043155889e-09,0.1808952219625929,2.0106938603588358e-07,2,20,20
12,1417,0.5449838310082218,5.900195218292558e-09,0.4550161349613934,2.8130189854853634e-08,2,20,20
12,1418,0.49843447342676117,1.1216086845980875e-10,0.5015655253919131,1.0691659949058377e-09,2,20,20
12,1419,0.9728910654590338,1.3094393365083494e-05,0.027034466942998252,6.137320460280624e-05,2,20,20
12,1420,0.3886914161669745,5.170036340047146e-07,0.6112690619941434,3.9004835247825115e-05,2,20,20
12,1421,0.9130601716913811,1.89860420689858e-09,0.08693981698589255,9.424121933446434e-09,2,20,20
12,1422,0.2928126629875873,1.7783590079939408e-07,0.7071871442932576,1.4883253420747028e-08,2,20,20
12,1423,0.49994533050117257,2.026493462245302e-05,0.5000344040330617,5.311423241358807e-10,2,20,20
12,1424,0.33948950997084953,2.62365949938306e-09,0.6605104746771533,1.2728336721985861e-08,2,20,20
12,1425,0.8469736287853008,3.2181215824685434e-06,0.15298496257176233,3.8190521354731195e-05,2,20,20
12,1426,0.4690903840135068,3.2004160513447055e-07,0.5309092954546016,4.902862222377257e-10,2,20,20
12,1427,0.4265652861275107,1.2845085776145244e-08,0.5734347004854378,5.419645674010983e-10,2,20,20
12,1428,0.49744920947097904,1.28461214480238e-08,0.5025504706395729,3.070433263895805e-07,2,20,20
12,1429,0.5075309183406336,1.067127867446638e-12,0.4924687751567929,3.065015058982154e-07,2,20,20
12,1430,0.061516332719545944,2.778773116865658e-10,0.9384836540892527,1.2913324927600936e-08,2,20,20
12,1431,0.07139989629071787,4.799527985755164e-10,0.9285976342651737,2.468964155770243e-06,2,20,20
12,1432,0.5697696180820345,4.979330829244902e-10,0.4302279127096761,2.4687103534882077e-06,2,20,20
12,1433,0.8786494945811555,3.365537347422094e-11,0.12135049603318808,9.352001153519023e-09,2,20,20
12,1434,0.9251312301182937,1.1304100519710946e-10,0.07486876485221626,4.916449032090538e-09,2,20,20
12,1435,0.42554222816340553,1.7468088466699342e-10,0.1694876276518629,0.4049701440100509,2,20,20
12,1436,0.4983935687979322,2.0567976712432962e-11,0.0016079055565568808,0.4999985256249428,2,20,20
12,1437,0.49839356879850116,2.05680091492083e-11,0.0016364639752984508,0.49996996720563225,2,20,20
12,1438,0.499062727259757,1.9898088325864153e-11,0.0009673056991203454,0.4999699670212247,2,20,20
12,1439,0.499062727259188,1.995170134850497e-11,0.0009397571461528121,0.49999751557470773,2,20,20
12,1440,0.12331670236780708,1.2158831557743012e-11,0.3766843382619778,0.49999895935805605,2,20,20
12,1441,0.2797013567076987,2.1000401196274326e-06,0.29787117066016033,0.4224253725920216,2,20,20
12,1442,0.49692812297994193,2.9277415675744985e-12,0.08119770384603713,0.42187417317109316,2,20,20
12,1443,0.49844526839280046,2.2921343710058617e-11,0.003173797006844918,0.49838093457743343,2,20,20
12,1444,0.4980376048492608,2.3589705937089374e-11,0.0035645269633558224,0.49839786816379394,2,20,20
12,1445,0.499970183362195,3.060182300031269e-12,0.0016488820573058406,0.4983809345774391,2,20,20
12,1446,0.49997018336220483,1.7425357741540918e-10,0.00018385473759950654,0.4998459617259422,2,20,20
12,1447,0.2805653914864824,0.00011554138987762367,0.218768411511326,0.5005506556123143,2,20,20
12,1448,0.49994471974386867,6.786372023967852e-15,5.5324126413123365e-05,0.49999995612971154,2,20,20
12,1449,0.49994471974386884,6.786377056992683e-15,5.673587598654059e-05,0.49999854438013774,2,20,20
12,1450,0.42265351019136116,2.2395294943802192e-10,0.07750030563262689,0.499846183952059,2,20,20
12,1451,0.4226535083426456,4.971165872788901e-11,0.07736656656240623,0.4999799250452364,2,20,20
12,1452,0.4974434223853081,2.12437690880537e-10,0.005899711926876066,0.496656865475378,2,20,20
12,1453,0.00020764748838444092,1.828750426582223e-05,0.4997754610906238,0.4999986039167253,2,20,20
12,1454,0.0002076474883851386,1.8287504266763372e-05,0.4997754788093873,0.4999985861979603,2,20,20
12,1455,0.00020764761814595373,1.828750732420049e-05,0.4998345141509722,0.49993955072355706,2,20,20
12,1456,0.00019753121411150414,1.8616891158666584e-05,0.4997852741852407,0.49999857770948886,2,20,20
12,1457,0.00019753121411149237,1.8616891158650376e-05,0.49978385700351263,0.4999999948912169,2,20,20
12,1458,0.01204203159944753,1.1137417821501201e-10,0.4890734331016626,0.49888453518751535,2,20,20
12,1459,0.01204203159940715,1.1132068459346307e-10,0.48795803721291187,0.49999993107636004,2,20,20
12,1460,0.012042031599407175,1.1132068488818776e-10,0.48795849542071107,0.49999947286856067,2,20,20
12,1461,0.00021633769020031355,1.7943428138030645e-10,0.5019385061170835,0.4978451560132813,2,20,20
12,1462,0.00021633765790102583,5.924893727316448e-12,0.4997674188873303,0.5000162434488435,2,20,20
12,1463,0.0061966009843723285,3.1544929555044763e-09,0.49388595947397224,0.49991743638716224,2,20,20
12,1464,0.30239492667722023,0.0002522314896793753,0.1974116590864925,0.49994118274660776,2,20,20
12,1465,0.4964984352662488,7.199692913387488e-08,0.06215113481378347,0.44135035792303856,2,20,20
12,1466,0.4999825525701728,1.87648270271951e-17,1.8922195675698405e-05,0.49999852523415145,2,20,20
12,1467,0.4998745612732299,3.6702338821340126e-14,0.00012517939406290183,0.5000002593326706,2,20,20
12,1468,0.4169434579703475,0.00017235266848189158,0.08288422448106586,0.4999999648801048,2,20,20
12,1469,0.001107767687787568,2.0965863055464718e-05,0.4987723686642293,0.5000988977849273,2,20,20
12,1470,0.0010412912551610119,4.821481074375073e-06,0.4989473056812584,0.5000065815825064,2,20,20
12,1471,1.5487876552878488e-08,4.504165192617842e-06,0.49999651223829694,0.49999896810863337,2,20,20
12,1472,1.7341677521032977e-11,0.014013526548408903,0.48598753091521957,0.49999894251902927,2,20,20
12,1473,0.0038437711350162084,1.5898697766570249e-06,0.4961545321570988,0.5000001068381082,2,20,20
12,1474,7.992238931224799e-09,1.073394886865789e-08,0.5000000073373145,0.4999999739364974,2,20,20
12,1475,4.499763032639576e-07,1.1450150991663097e-13,0.5000009994541712,0.4999985505694109,2,20,20
12,1476,4.4997630343922453e-07,1.6813781441105982e-13,0.5000821500606154,0.49991739996291285,2,20,20
12,1477,4.4997631383447947e-07,9.827026092002356e-09,0.505430100452202,0.49456943974445783,2,20,20
12,1478,4.655965623814381e-07,1.0019375332444906e-08,0.5054300846396039,0.49456943974445783,2,20,20
12,1479,4.655965519982592e-07,1.9552103565927843e-10,0.5000833661033179,0.49991616810460887,2,20,20
12,1480,0.41200789506532476,5.5210652805238785e-08,0.08805083646591155,0.49994121325811103,2,20,20
12,1481,0.49997157305020556,1.3325442423416096e-14,8.722502126990644e-05,0.49994120192851105,2,20,20
12,1482,0.4973125898538948,1.1687474675020614e-09,0.002671664968089023,0.5000157440092687,2,20,20
12,1483,0.4973125898538948,1.1687483920311794e-09,0.0027290069863644645,0.4999584019909925,2,20,20
12,1484,0.02064685567584243,5.891112744973429e-07,0.4794086762497627,0.49994387896312076,2,20,20
12,1485,0.02064685567584243,5.891112735403804e-07,0.47934991689678363,0.5000026383161007,2,20,20
12,1486,0.02064685567584244,5.891112744812382e-07,0.47935026612899573,0.5000022890838877,2,20,20
12,1487,0.020646855675853112,5.891143309934945e-07,0.4794103470453665,0.4999422081644497,2,20,20
12,1488,0.016087584391653056,4.7486528140887985e-07,0.4839115217871782,0.5000004189558875,2,20,20
12,1489,1.1445399349071558e-07,1.7390602041901359e-10,0.5016202019437499,0.49837968342835065,2,20,20
12,1490,3.018008622028587e-06,8.426686489097988e-07,0.5016164321315735,0.49837970719115565,2,20,20
12,1491,1.0125874806367731e-08,1.097483145783607e-07,0.501620192154926,0.4983796879708842,2,20,20
12,1492,0.06677042565826381,3.3991255017579906e-08,0.4332293972090428,0.5000001431414378,2,20,20
12,1493,5.718640493058657e-05,0.00437780537860716,0.49519988938648163,0.5003651188299799,2,20,20
12,1494,5.71864049794553e-05,0.004377805551644112,0.49880508825397357,0.49675991978940265,2,20,20
12,1495,5.718640496982929e-05,0.004377805378659881,0.49520131676992124,0.500363691446449,2,20,20
12,1496,6.059049463850231e-14,5.540493865418902e-08,0.4991417481890818,0.5008581964059188,2,20,20
12,1497,3.094718947417578e-12,0.49976020402889393,0.0035689796615198215,0.49667081630649146,2,20,20
12,1498,3.572912154722364e-15,0.49971489447650064,0.0003676844397566728,0.4999174210837393,2,20,20
12,1499,9.087517854027199e-16,0.4997129025097256,0.0003459180009607333,0.49994117948931277,2,20,20
12,1500,1.5941532486858714e-15,0.49971290250967204,0.0002871590394750571,0.4999999384508515,2,20,20
12,1501,4.1019894027900444e-14,0.49971290250967293,0.0003459105263740629,0.49994118696391193,2,20,20
12,1502,9.059505393765746e-16,0.49971290250967204,0.000287141411439454,0.49999995607888753,2,20,20
12,1503,4.8791474606345293e-14,0.4785168328407037,0.021484616940796206,0.4999985502184513,2,20,20
12,1504,4.878856279933931e-14,0.4785168328407037,0.02148421679653092,0.4999989503627166,2,20,20
12,1505,3.3653951106505025e-15,0.49960160528770725,0.00048097306632505807,0.49991742164596414,2,20,20
12,1506,4.329538319014274e-14,0.49960160528776,0.0004187260553635927,0.4999796686568329,2,20,20
12,1507,8.421258353835946e-14,0.013577763880104543,0.48642368808225,0.499998548037561,2,20,20
12,1508,5.2008696597255756e-09,7.606150863931397e-14,0.15447588710665483,0.8455241076923993,2,20,20
12,1509,5.0639914854078336e-14,2.839721431267516e-15,7.914521963649058e-05,0.9999208547803099,2,20,20
12,1510,4.0646149911222264e-14,1.915183236867792e-15,7.913509692756373e-05,0.9999208649030298,2,20,20
12,1511,4.013125302917031e-14,1.899403163365002e-15,2.3250846766660405e-06,0.9999976749152814,2,20,20
12,1512,1.2729257103224346e-17,9.744646078292171e-16,8.309641610650122e-05,0.9999169035838923,2,20,20
12,1513,1.2837776011161577e-10,9.826913451526916e-09,0.010099829111194124,0.9899001609335146,2,20,20
12,1514,1.864707306464689e-16,4.045411978940597e-14,0.1382250200689342,0.8617749799310255,2,20,20
12,1515,7.133316008446706e-16,1.7390689974023503e-17,2.4991629750619336e-06,0.9999975008370241,2,20,20
12,1516,4.0656919658886844e-14,5.3678792396147684e-14,3.0208041372591468e-06,0.9999969791957684,2,20,20
12,1517,7.011413332511551e-16,5.367877681351241e-14,8.506247735928085e-05,0.9999149375225861,2,20,20
12,1518,1.2356699416332002e-17,1.738075265057965e-17,6.28317061220944e-08,0.9999999371682937,2,20,20
12,1519,2.261820413208155e-12,5.42463727225477e-14,0.003388167026224409,0.9966118329714596,2,20,20
12,1520,4.0175947935147016e-14,3.0488056155071352e-12,0.0016872777430909796,0.9983127222538202,2,20,20
12,1521,4.0114353745070414e-14,3.0574542898212204e-12,6.19118757560502e-05,0.9999380881211465,2,20,20
12,1522,4.081473675948437e-14,3.0593194843006326e-12,0.0001430413736275361,0.9998569586232724,2,20,20
12,1523,7.472448843902158e-05,7.042663322937825e-06,0.3909082604296143,0.6090099724186233,2,20,20
12,1524,0.027857949712895687,2.0568281979779694e-07,0.47214221908598253,0.4999996255183021,2,20,20
12,1525,0.044131282323327144,3.243125713616355e-07,0.45578182752276536,0.5000865658413358,2,20,20
12,1526,0.4949794721103544,6.301490378962176e-08,0.0050219339656446356,0.49999853090909696,2,20,20
12,1527,0.40786187113059963,2.9587540827038107e-06,0.09133213163748131,0.5008030384778365,2,20,20
12,1528,0.4244335012655389,2.969942377124143e-13,0.07556726906919844,0.4999992296649659,2,20,20
12,1529,0.000882989167156344,1.1386989415267397e-10,0.49917580036580655,0.49994121035316713,2,20,20
12,1530,0.4063125606231798,3.037612098371855e-06,0.0937152477762984,0.49996915398842334,2,20,20
12,1531,0.02284289156204185,2.947047441430917e-09,0.4771848414611889,0.4999722640297221,2,20,20
12,1532,0.022842891691801374,2.9471010671837187e-09,0.4771860148413927,0.49997109051970523,2,20,20
12,1533,0.4983973372533029,2.0256498486225337e-11,0.001632353277002428,0.49997030944943816,2,20,20
12,1534,0.49685093325139745,5.346415138490669e-08,0.0031646721092489535,0.49998434117520224,2,20,20
12,1535,0.0405490808919162,1.559181069562291e-08,0.4594805495304692,0.49997035398580336,2,20,20
12,1536,0.040549080764416066,1.5594803976192215e-08,0.46107933964002357,0.4983715640007563,2,20,20
12,1537,0.0007873261015909647,5.786385672594728e-09,0.49921269380955624,0.4999999743024672,2,20,20
12,1538,0.039021854146950384,5.056415550078451e-09,0.4642306841490824,0.4967474566475511,2,20,20
12,1539,4.085139909278836e-09,1.0783738276488405e-08,0.5011538546925122,0.49884613043860976,2,20,20
12,1540,0.0012711672342049286,0.00170669827985028,0.6716430812024041,0.32537905328354083,2,20,20
12,1541,0.0012711672342049817,0.0017066982778613335,0.4970210968209228,0.5000010376670116,2,20,20
12,1542,0.0019242110970798462,0.14476470402517985,0.3533087597491401,0.5000023251285995,2,20,20
12,1543,9.126047111662735e-16,0.4998638795022599,0.00013758764270916353,0.4999985328550298,2,20,20
12,1544,3.521384701520544e-08,0.49922847622264105,0.000772955638090874,0.49999853292542085,2,20,20
12,1545,4.6150062905824724e-14,0.4845155895072873,0.015485877569291165,0.49999853292337515,2,20,20
12,1546,4.319232001389059e-14,0.4997196159528221,0.0014340835831032114,0.4988463004640313,2,20,20
12,1547,8.486447985573045e-16,0.4999880523857111,1.3414758246333665e-05,0.4999985328560417,2,20,20
12,1548,9.865855513945668e-14,0.49959919590474444,0.0004833830101785915,0.4999174210849783,2,20,20
12,1549,9.918415443658141e-14,0.49959919590474444,0.00040186144622412476,0.4999989426489323,2,20,20
12,1550,9.849573561830818e-14,0.49959919590474444,0.0004018611334854841,0.4999989429616716,2,20,20
12,1551,9.865999008810033e-14,0.4995991959047435,0.00506481420765266,0.49533598988750516,2,20,20
12,1552,1.0849119305998285e-11,0.49971250914599646,0.0014411890272041596,0.4988463018159502,2,20,20
12,1553,1.1418035926311234e-11,0.49971250914899934,0.00037045728935119923,0.4999170335502315,2,20,20
12,1554,1.0849119493325923e-11,0.4997125091489993,0.000370428791717504,0.49991706204843406,2,20,20
12,1555,3.42825282453211e-15,0.4845157134378348,0.015485767209789,0.4999985193523726,2,20,20
12,1556,4.768410093258833e-14,0.49988947753679197,0.0001693348132257883,0.4999411876499346,2,20,20
12,1557,4.836028290609705e-14,0.499889477536792,0.00011058401228383997,0.4999999384508759,2,20,20
12,1558,1.6921375266340548e-12,0.3108732095370725,0.1891268520790802,0.4999999383821555,2,20,20
12,1559,1.6914493239252172e-12,0.3108732095370725,0.18912681569436174,0.4999999747668744,2,20,20
12,1560,2.192763896984966e-10,0.1771954610793655,0.3228044847328035,0.5000000539685538,2,20,20
12,1561,1.4049054784805083e-10,0.494141672961778,0.0059177745394550455,0.49994055235827595,2,20,20
12,1562,4.76291262006635e-14,0.49932573519038964,0.0006945479187882836,0.4999797168907741,2,20,20
12,1563,1.1987277966134995e-08,0.1681046020845309,0.33195163326807425,0.49994375266011604,2,20,20
12,1564,7.779809142305625e-16,0.4997196987915382,0.00036323915806732264,0.49991706205039327,2,20,20
12,1565,1.014060374155129e-14,0.4997196987884818,0.004944311396304903,0.4953359898152029,2,20,20
12,1566,1.8369601567996284e-09,0.4997196989646487,0.0036236830473439906,0.4966566161510469,2,20,20
12,1567,4.0185609967360904e-14,0.49999291708224475,6.645365530448782e-05,0.4999406292624107,2,20,20
12,1568,7.706165506761632e-16,0.49999291708224286,0.0011608001124805399,0.49884628280527576,2,20,20
12,1569,2.3026136879004793e-13,0.4995999062221396,0.0004015082146941902,0.4999985855629358,2,20,20
12,1570,1.9031774291853523e-13,0.49959990622213774,0.0004001125768684352,0.49999998120080347,2,20,20
12,1571,2.6709753362690382e-12,0.49210074796022224,0.007900496918988606,0.4999987551181179,2,20,20
12,1572,4.767186298734626e-14,0.4998894716741297,0.00011199546858298287,0.4999985328572395,2,20,20
12,1573,2.687519814171142e-12,0.49453745178565756,0.00546258057158974,0.49999996764006505,2,20,20
12,1574,5.755823068693089e-14,0.4995995375077764,0.0004033638200382227,0.4999970986721278,2,20,20
12,1575,4.7613121437808883e-14,0.4998523455841599,0.00023023246752061033,0.4999174219482718,2,20,20
12,1576,4.761587536854891e-14,0.4998523455841599,0.00014769837984131984,0.4999999560359514,2,20,20
12,1577,2.7115912077557234e-12,0.4995947007728679,0.0004053358649266265,0.4999999633594937,2,20,20
12,1578,1.5447467184145387e-10,0.4993188204035555,0.0006815499775159474,0.49999962946445403,2,20,20
12,1579,6.078027079686166e-13,0.49998816997818857,0.0011713797846873248,0.49884045023651635,2,20,20
12,1580,8.887312656011099e-17,0.4999881699750853,1.2887176628600272e-05,0.49999894284828617,2,20,20
12,1581,1.0844391938548455e-11,0.499504692205116,0.0004963648663150742,0.49999894291772445,2,20,20
12,1582,1.8520866640463468e-13,0.48410801452490443,0.01589301778541591,0.49999896768949453,2,20,20
12,1583,5.3529892997395213e-14,0.1404989319617377,0.35950209923542137,0.499998968802787,2,20,20
12,1584,8.576732952022056e-17,0.49960644573464386,0.0003945865746437992,0.4999989676907123,2,20,20
12,1585,9.643899478161586e-13,0.177203820751653,0.32292371088192046,0.4998724683654624,2,20,20
12,1586,5.766694952420991e-12,0.2655558405295871,0.23457169246640486,0.4998724669982412,2,20,20
12,1587,1.461081674877227e-15,0.49999487230702666,0.00013266073162539614,0.4998724669613464,2,20,20
12,1588,7.865020428563233e-16,0.4996064457346448,0.00041386063205587904,0.4999796936332984,2,20,20
12,1589,7.373815130903747e-17,0.49960644573464386,0.0003935977966892296,0.4999999564686666,2,20,20
12,1590,1.2975552866665216e-10,0.4996064457377548,0.0004774082076623207,0.4999161459248272,2,20,20
12,1591,1.449649559959133e-14,0.14049895917560354,0.3595025155704379,0.4999985252539439,2,20,20
12,1592,4.778845019675915e-14,0.49985717359067783,0.0001443011748191488,0.4999985252344552,2,20,20
12,1593,5.72450605154971e-13,0.4845157134378348,0.015485169160670957,0.49999911740092146,2,20,20
12,1594,3.965852860699888e-15,0.4845157134378348,0.015485336353164587,0.4999989502089965,2,20,20
12,1595,4.364477543279861e-15,0.49960156344425005,0.005062253366101589,0.49533618318964395,2,20,20
12,1596,4.363277376111194e-15,0.49960156344430184,0.00041874871259628415,0.49997968784309743,2,20,20
12,1597,4.3508315555092076e-15,0.49971286137195264,0.0003074507849298753,0.4999796878431129,2,20,20
12,1598,1.0835033205584547e-14,0.4997195811228724,0.0002829034496351091,0.49999751542748166,2,20,20
12,1599,1.6810739333188397e-11,0.013517264393634569,0.4864643757182055,0.5000183598713492,2,20,20
12,1600,5.805243250122564e-08,4.367450436112894e-06,0.49999668512015816,0.49999888937697273,2,20,20
12,1601,1.0001706263740762e-14,9.585362010166966e-16,2.5166027332904847e-06,0.9999974833972559,2,20,20
12,1602,7.286149996586444e-16,3.4179845384261307e-17,5.985326293168402e-05,0.9999401467370677,2,20,20
12,1603,1.754650257339426e-16,9.74184330567329e-16,1.1010135898008656e-06,0.9999988989864093,2,20,20
12,1604,1.1615881972080747e-11,3.10381586683325e-11,0.4555647680227523,0.5444352319345935,2,20,20
12,1605,5.2012358588467694e-08,1.6201199514141742e-05,0.500067948323453,0.49991579846467427,2,20,20
12,1606,5.2012918447405586e-08,1.6201199568706778e-05,0.5000327547766583,0.49995099201085513,2,20,20
12,1607,0.0007268800845346065,6.013078385179471e-07,0.49935673324291946,0.4999157853647072,2,20,20
12,1608,0.00030472403926014936,1.0078357072330755e-06,0.4997784845390509,0.49991578358598127,2,20,20
12,1609,0.00030472400682130934,1.0078356545208544e-06,0.49977684658227794,0.4999174215752459,2,20,20
12,1610,6.386839402264877e-06,6.125065276952022e-07,0.499995067256098,0.4999979333979714,2,20,20
12,1611,0.17656576416643469,1.6046040637310605e-09,0.32343630082174973,0.4999979334072111,2,20,20
12,1612,0.01793602819109941,5.912519132733193e-06,0.48539209504623787,0.49666596424352966,2,20,20
12,1613,0.007648380628490335,1.2024617240663763e-05,0.4956721483292298,0.49666744642503885,2,20,20
12,1614,0.007648380628459947,1.2024617241610608e-05,0.4923387004016897,0.5000008943526086,2,20,20
12,1615,6.781060384627547e-08,7.151679663577075e-14,0.500001014178651,0.4999989180106734,2,20,20
12,1616,6.965983237649584e-08,1.7692150584875314e-13,0.5000234160361287,0.49997651430386164,2,20,20
12,1617,6.781059403555326e-08,6.966751692494273e-14,0.5000000005967182,0.4999999315926178,2,20,20
12,1618,0.02681516688041378,1.590414752110134e-07,0.4732010365198381,0.49998363755827424,2,20,20
12,1619,0.045637983090636526,1.873300014117957e-12,0.4543645013316579,0.49999751557583266,2,20,20
12,1620,0.06184757612312585,1.281795868957843e-08,0.4380735067851369,0.5000789042737789,2,20,20
12,1621,0.061847576123085925,1.2817959612633149e-08,0.4427170068907173,0.49543540416823756,2,20,20
12,1622,0.061847576123095896,1.2817959630188452e-08,0.4380551620276764,0.5000972490312686,2,20,20
12,1623,1.5659925883824393e-05,8.267536825555878e-05,0.5015260098841376,0.4983756548217237,2,20,20
12,1624,1.81392262248774e-10,3.1643068259429328e-06,0.49999791069650656,0.4999989248152748,2,20,20
12,1625,1.836288387176052e-10,3.1643068259428303e-06,0.5000568334436986,0.49994000206584666,2,20,20
12,1626,9.380414228688062e-13,0.00017720563941158485,0.499852061231336,0.49997073312831425,2,20,20
12,1627,4.0290328661598864e-08,3.0574893453214204e-06,0.5000115919968978,0.49998531022342774,2,20,20
12,1628,1.2660775471948566e-08,0.17946998754683674,0.3202959048316545,0.5002340949607328,2,20,20
12,1629,4.7586923756102946e-14,0.49971278337906777,0.0002872677112810874,0.4999999489096036,2,20,20
12,1630,3.3568830327125563e-15,0.4997129092121106,0.0002871419477493467,0.49999994884013677,2,20,20
12,1631,2.8714257744599977e-12,0.49432133062519146,0.005680144136318212,0.4999985252356189,2,20,20
12,1632,2.8714243544499308e-12,0.4943213306252446,0.010342486929927903,0.4953361824419561,2,20,20
12,1633,2.8719513490552257e-12,0.4943213306251924,0.0056797267230369085,0.49999894264889894,2,20,20
12,1634,1.2902215288741233e-09,8.88316899327669e-06,0.4999921663753038,0.49999894916548066,2,20,20
12,1635,4.9020547667113425e-12,0.2247077016550751,0.2752933556923108,0.49999894264771194,2,20,20
12,1636,1.4803709292601188e-10,0.47851018058278366,0.021490851818289768,0.49999896745088956,2,20,20
12,1637,1.480372527941631e-10,0.47851018058278366,0.021518315006913875,0.4999715042622653,2,20,20
12,1638,1.8037620527254534e-10,0.47851018058283806,0.023110658161496853,0.49837916107528907,2,20,20
12,1639,1.2357624884167322e-16,0.4997197331231507,0.00028031814616766813,0.49999994873068127,2,20,20
12,1640,1.030919355808106e-15,0.47851906248776516,0.02148240503090497,0.49999853248132897,2,20,20
12,1641,5.105801144878626e-14,0.49932608194123207,0.0006753856438878033,0.49999853241482933,2,20,20
12,1642,2.003314669624732e-13,0.49971477524902663,0.0002870552060325914,0.4999981695447402,2,20,20
12,1643,3.385815587261456e-15,0.4998591691201848,0.00019965145994500837,0.49994117941986704,2,20,20
12,1644,3.4642375654318004e-10,0.2751156439918973,0.2248844054325808,0.49999995022909827,2,20,20
12,1645,2.0288968314625725e-16,0.49999288278261744,0.0016261826416184896,0.49838093457576377,2,20,20
12,1646,4.775922784898223e-14,0.49959953740569796,0.0020195280172933937,0.4983809345769608,2,20,20
12,1647,2.555222364983722e-15,0.17720395958856847,0.3244151058352542,0.49838093457617455,2,20,20
12,1648,1.4774138586091086e-15,0.013577764936603653,0.4864236847997102,0.49999855026368456,2,20,20
12,1649,2.1686208633584494e-15,0.013577764936657714,0.491086052632888,0.495336182430452,2,20,20
12,1650,2.2395600917866172e-07,0.0009774602329986359,0.4990513189736456,0.4999709968373464,2,20,20
12,1651,9.561889375052996e-06,1.8029384817309123e-07,0.49994130241657453,0.5000489554002023,2,20,20
12,1652,0.4226639388488698,1.6846979294918216e-11,0.07733751684635568,0.4999985442879274,2,20,20
12,1653,0.4998908004967859,3.990395965507529e-11,0.00013108357824925706,0.4999781158850607,2,20,20
12,1654,0.499890800496736,3.9850300045767434e-11,0.00010921833183226956,0.49999998113158106,2,20,20
12,1655,0.499890800496736,3.985033276488132e-11,0.00016799074624937314,0.49994120871716413,2,20,20
12,1656,0.49997018160469375,3.439493838918216e-13,2.9879920175398785e-05,0.4999999384747869,2,20,20
12,1657,0.4989757189518747,1.1344113022397706e-09,0.0011068748267026316,0.4999174050870114,2,20,20
12,1658,0.4989757189518348,1.1343576819201137e-09,0.0010830661945497946,0.4999412137192579,2,20,20
12,1659,0.49897571895183496,1.1344103615366296e-09,0.0011068745957545094,0.4999174053180003,2,20,20
12,1660,0.4999987344512451,1.445440548828954e-16,1.33449066916091e-06,0.4999999310580857,2,20,20
12,1661,0.49999873445124493,1.2833241507545708e-16,1.791258629149868e-06,0.4999994742901258,2,20,20
12,1662,0.4968347765008574,1.129126946532872e-09,0.003165977940616659,0.4999992444293992,2,20,20
12,1663,0.453086611191377,6.694949858000136e-15,0.046914441027174694,0.49999894778144166,2,20,20
12,1664,0.18599099460917237,1.9552770274970453e-07,0.31395805822427,0.5000507516388546,2,20,20
12,1665,0.18599099460917234,1.9552770273304368e-07,0.3140401209804957,0.4999686888826292,2,20,20
12,1666,0.18599099460916238,1.9552775509669144e-07,0.3172862240693266,0.49672258579375594,2,20,20
12,1667,0.007147415541323337,3.0447976623660722e-06,0.4961784739361811,0.4966710657248324,2,20,20
12,1668,2.6695561134919895e-06,3.5872309949565663e-06,0.49999429653376515,0.49999944667912616,2,20,20
12,1669,9.393542319088808e-05,2.2519482820749052e-06,0.49990418083582205,0.49999963179270446,2,20,20
12,1670,0.0001871023116638499,4.40847526950779e-06,0.4998091775093761,0.49999931170369,2,20,20
12,1671,3.1391087811814844e-07,2.63993194613307e-08,0.5029268331639115,0.4970728265258899,2,20,20
12,1672,3.1394322101483044e-07,2.6399320402925655e-08,0.5011631496704723,0.49883650998698525,2,20,20
12,1673,2.1857455889269756e-11,8.69815233989279e-06,0.5000517643975917,0.4999395374282107,2,20,20
12,1674,2.1857280721944106e-11,8.698149282488329e-06,0.4999927514388805,0.4999985503899797,2,20,20
12,1675,2.1857268487427762e-11,8.698149282455887e-06,0.49999132082373793,0.49999998100512233,2,20,20
12,1676,1.4259245211222526e-08,4.4273578574597475e-06,0.5033294471721746,0.49666611121072235,2,20,20
12,1677,1.4227027197789252e-08,4.427357751841182e-06,0.500078172532136,0.4999173858830846,2,20,20
12,1678,5.705055786993654e-07,0.00017469616457809527,0.4999070865960732,0.49991764673376965,2,20,20
12,1679,1.0188788840463466e-09,1.368848383431912e-09,0.5000825982914926,0.49991739932078016,2,20,20
12,1680,0.14332409174211147,4.1550507659586205e-06,0.2924308719363143,0.5642408812708076,2,20,20
12,1681,0.49394683517825644,7.788391254495208e-14,0.006135765500917536,0.4999173993207483,2,20,20
12,1682,0.49394683517824634,2.4247333342222753e-14,0.0060531900556229515,0.4999999747661066,2,20,20
12,1683,0.49264997655052506,4.109441365757369e-12,0.007351472674449607,0.4999985507709158,2,20,20
12,1684,0.49988952476436344,2.4360990618641408e-17,0.00011193095047793253,0.4999985442851586,2,20,20
12,1685,0.49988952476436344,7.854613353226132e-18,0.00019467677159941445,0.4999157984640373,2,20,20
12,1686,0.037612795293825545,1.0547461218487858e-06,0.4624615487195365,0.4999246012405166,2,20,20
12,1687,0.010360876939535373,1.7093312842772864e-12,0.4896661611581338,0.49997296190062146,2,20,20
12,1688,1.2601339788454215e-05,3.7186335147491295e-10,0.5000478599823746,0.499939538305973,2,20,20
12,1689,1.2601372219328981e-05,3.68860479158104e-10,0.500040546568047,0.49994685169087316,2,20,20
12,1690,0.3521866782897005,5.37680258655543e-07,0.1478172264572424,0.49999555757279823,2,20,20
12,1691,0.011926383734999768,6.390840555990356e-09,0.48812675853543275,0.49994685133872646,2,20,20
12,1692,0.4999716775728585,5.469654517791387e-14,8.147162288076288e-05,0.49994685080420614,2,20,20
12,1693,0.4919131003157006,3.569578983571876e-06,0.008136468831223652,0.4999468612740921,2,20,20
12,1694,0.4119472519560438,3.318678351084596e-11,0.08810589274439146,0.4999468552663781,2,20,20
12,1695,0.49988447610123576,8.124817924605868e-14,0.00016867272084423549,0.49994685117783866,2,20,20
12,1696,0.4998844760687948,8.032017503983643e-14,0.00019812359255518377,0.4999174003385696,2,20,20
12,1697,2.7619666315347303e-05,4.567505130447925e-08,0.479813644051087,0.5201586906075462,2,20,20
12,1698,2.761966627558202e-05,4.5674997659308495e-08,0.4798396812193742,0.5201326534393526,2,20,20
12,1699,3.576700794162512e-08,4.8890014314187086e-08,0.5000021710759837,0.4999977442669938,2,20,20
12,1700,1.214094642555774e-10,2.3621577444289718e-05,0.13407124968992615,0.8659051286112199,2,20,20
12,1701,2.2715583485559966e-12,3.0507523657431226e-12,0.001153804074073683,0.9988461959206041,2,20,20
12,1702,1.000262370076973e-13,1.0733187673221505e-13,8.524401231073153e-05,0.9999147559874819,2,20,20
12,1703,5.0114884956115e-14,1.0731828343627645e-13,5.805301105601107e-05,0.9999419469887865,2,20,20
12,1704,1.3366802041908951e-09,7.183082446949394e-09,0.13860577395810317,0.8613942175221343,2,20,20
12,1705,4.002661682132956e-14,3.0383592543572615e-12,0.0033355116338257182,0.9966644883630958,2,20,20
12,1706,4.002969039973883e-14,3.037418403599871e-12,0.0033355186114547727,0.9966644813854677,2,20,20
12,1707,1.9363468466495623e-16,5.3640304429867834e-14,6.029514292172803e-05,0.9999397048570245,2,20,20
12,1708,7.161919454080093e-16,5.367274300979549e-14,5.88822014143514e-05,0.9999411177985315,2,20,20
12,1709,4.063978422658972e-14,3.111083243141776e-12,6.294699951786221e-05,0.9999370529973305,2,20,20
12,1710,1.5641248869274737e-17,5.364327159474811e-14,2.8531969358311727e-05,0.999971468030588,2,20,20
12,1711,2.2616451706249042e-12,9.354792631980901e-16,0.003329392366929304,0.9966706076308081,2,20,20
12,1712,2.261820203514722e-12,9.357688487906496e-16,0.003329430591785893,0.9966705694059512,2,20,20
12,1713,2.2766650455491873e-12,5.458404749530245e-14,2.889918836677399e-05,0.999971100809302,2,20,20
12,1714,1.0538676089629192e-07,3.1107541193146925e-12,0.00011746289498796012,0.9998824317151405,2,20,20
12,1715,1.0538732392464427e-07,9.830022345425374e-09,0.0055480117977155,0.9944518729849383,2,20,20
12,1716,1.0538676107147444e-07,3.1107871219099403e-12,0.00011753030998392413,0.9998823643001442,2,20,20
12,1717,4.0134480180274605e-14,6.662524588581659e-17,2.011205493430458e-06,0.9999979887944666,2,20,20
12,1718,8.912349990676208e-16,3.057327598952119e-12,8.52816592935299e-05,0.9999147183376484,2,20,20
12,1719,1.5920008774822247e-15,3.058252523425179e-12,8.488954809681359e-05,0.9999151104488435,2,20,20
12,1720,3.994204747378029e-14,3.0574705066557115e-12,6.14950143095416e-05,0.9999385049825933,2,20,20
12,1721,7.161267231119679e-16,5.459454419232801e-14,8.36572232434206e-05,0.9999163427767013,2,20,20
12,1722,7.191977430382511e-16,1.073067671169665e-13,0.00016518454407123617,0.9998348154558205,2,20,20
12,1723,1.4048141769912023e-15,5.367018902421594e-14,8.364087130578572e-05,0.9999163591286393,2,20,20
12,1724,1.8775704447741028e-16,9.582473334846568e-16,2.515408752926884e-06,0.9999974845912458,2,20,20
12,1725,1.591162768864022e-17,9.582574528895807e-16,1.0977355071367505e-06,0.9999989022644918,2,20,20
12,1726,1.283438575103279e-17,9.57967778592879e-16,1.0841757174354309e-06,0.9999989158242815,2,20,20
12,1727,2.4915112472768526e-17,1.8827784849310966e-15,5.983242274933754e-05,0.9999401675772488,2,20,20
12,1728,2.4648400017980237e-17,9.419118591212078e-16,5.882842130847553e-05,0.9999411715786906,2,20,20
12,1729,1.4047670646388229e-15,1.795954069343075e-17,2.1347251724369475e-05,0.9999786527482744,2,20,20
12,1730,2.276604581279035e-12,1.0823136835019741e-13,0.00011113641656186081,0.9998888635810533,2,20,20
12,1731,1.2565773000054145e-17,9.417409677251297e-16,1.0831030700224563e-06,0.9999989168969288,2,20,20
12,1732,1.851424205065465e-09,3.1130011121007735e-12,6.351067835618633e-05,0.9999364874671068,2,20,20
12,1733,3.2950534238321307e-18,8.79455738563872e-19,7.002851249716598e-08,0.9999999299714875,2,20,20
12,1734,4.0118880208420664e-14,9.582468093006783e-16,4.314062730403502e-06,0.9999956859372285,2,20,20
12,1735,3.52072801816324e-11,3.1049746041356673e-12,0.001225072670738351,0.9987749272909494,2,20,20
12,1736,6.601597546140081e-18,1.8900195323663926e-15,0.004746391912022467,0.9952536080879759,2,20,20
12,1737,3.6203209277286265e-18,4.983415513447785e-17,1.0648674968084214e-06,0.9999989351325032,2,20,20
12,1738,9.9889870414144e-15,9.90684903971097e-16,2.5250530334811795e-06,0.9999974749469557,2,20,20
12,1739,2.2865096883124916e-12,9.743596650429872e-16,6.213778976467218e-05,0.9999378622079479,2,20,20
12,1740,1.6545858786682376e-12,1.2610921358866393e-10,0.1382316541180644,0.8617683457541718,2,20,20
12,1741,2.0005431900879e-14,5.367043644003658e-14,8.31314963607117e-05,0.9999168685035655,2,20,20
12,1742,1.9081916078705184e-16,5.3678505952344353e-14,3.09801567936467e-05,0.9999690198431523,2,20,20
12,1743,7.988720754493758e-14,5.461964903091617e-14,3.55992460347684e-06,0.999996440075262,2,20,20
12,1744,1.4078684003025446e-15,5.365653123093519e-14,5.934538178405972e-05,0.9999406546181612,2,20,20
12,1745,5.677036626176863e-14,5.457838318981602e-14,0.07868364944703783,0.9213163505528508,2,20,20
12,1746,1.9083376434911772e-16,9.582584057951087e-16,5.533298294491623e-07,0.9999994466701696,2,20,20
12,1747,3.27912617915274e-11,3.4585193400789993e-10,0.008007537554467516,0.9919924620668894,2,20,20
12,1748,5.64592452503051e-13,1.7272268138088027e-10,0.00466688076375092,0.9953331190629617,2,20,20
12,1749,1.4075614194377982e-15,3.1109406148173663e-12,8.631631941760579e-05,0.99991368367747,2,20,20
12,1750,2.277244540177406e-12,3.110934569789897e-12,0.0001426602776093734,0.9998573397170025,2,20,20
12,1751,7.041543553848067e-16,3.0572945862172178e-12,8.386810351836579e-05,0.9999161318934235,2,20,20
12,1752,7.997059407336784e-14,1.772787803067328e-10,0.0034832346132958347,0.9965167652093454,2,20,20
12,1753,6.091950632011747e-13,1.7729940909081847e-10,0.00026132591208538283,0.999738673910006,2,20,20
12,1754,7.042978846506092e-16,9.74467792015335e-16,2.134412985927947e-05,0.999978655870139,2,20,20
12,1755,5.691346277570332e-13,1.0822029528599324e-13,5.9906943882788076e-05,0.9999400930554397,2,20,20
12,1756,1.8661692072845124e-17,1.8991088258831334e-15,2.114235121189117e-06,0.999997885764877,2,20,20
12,1757,6.425194206932013e-18,9.579687153406115e-16,1.96822765146826e-06,0.9999980317723474,2,20,20
12,1758,3.617489082618747e-18,1.7675283832933486e-17,1.500573937164756e-06,0.9999984994260627,2,20,20
12,1759,6.494228094942122e-13,3.0586031250096165e-12,2.981770694162126e-05,0.9999701822893503,2,20,20
12,1760,2.0005432888233337e-16,3.3617575908291646e-17,5.460183915929342e-07,0.9999994539816082,2,20,20
12,1761,7.010965523001894e-16,3.361247553268912e-17,1.4990765993261247e-06,0.9999985009234,2,20,20
12,1762,1.0013874135486934e-14,5.461962573812909e-14,3.080185136060276e-05,0.9999691981485745,2,20,20
12,1763,1.8710103858003538e-17,1.899051367034588e-15,2.955262771344658e-05,0.9999704473722846,2,20,20
12,1764,1.7525385691034177e-16,1.7380707641317665e-17,1.4937604655735288e-06,0.9999985062395341,2,20,20
12,1765,4.0131057811782295e-14,3.1109620191682227e-12,8.542268821765686e-05,0.9999145773086313,2,20,20
12,1766,8.898880383989373e-16,3.0591780013762827e-12,0.0012366356603994196,0.9987633643365408,2,20,20
12,1767,3.721556123638495e-18,9.417401946055843e-16,2.4990250705310844e-06,0.9999975009749286,2,20,20
12,1768,1.7875360457139766e-16,5.364663344873858e-14,2.5356959853822303e-06,0.9999974643039609,2,20,20
12,1769,3.832172757218287e-18,3.389314806764623e-17,5.884255238540295e-05,0.9999411574476147,2,20,20
12,1770,7.071902025977994e-16,9.423202273055717e-16,1.1084210404971797e-06,0.9999988915789579,2,20,20
12,1771,5.0491767128180183e-14,5.612570779794991e-14,0.003148144263600215,0.9968518557362933,2,20,20
12,1772,1.0516042793211134e-15,5.5519193978351624e-14,8.441378321832767e-05,0.9999155862167253,2,20,20
12,1773,8.058455009685409e-14,5.5424509062470874e-14,0.0011231583598045024,0.9988768416400597,2,20,20
12,1774,8.79356429104807e-16,1.899108409269812e-15,8.439228340904333e-05,0.9999156077165883,2,20,20
12,1775,1.4015922859719856e-15,9.582473310906113e-16,1.5757602979757005e-06,0.9999984242396995,2,20,20
12,1776,5.682307534084391e-13,9.713800188770256e-16,0.0016196766690468034,0.998380323330384,2,20,20
12,1777,6.07473584915091e-13,1.912236576388628e-15,0.0016202334471681662,0.9983797665522224,2,20,20
12,1778,7.07126121333513e-16,3.0586230376730927e-12,0.004685552728411459,0.9953144472685291,2,20,20
12,1779,6.442696450379944e-18,9.655304401056737e-16,0.004746392023798601,0.9952536079762003,2,20,20
12,1780,1.5480411226746877e-17,1.7385834454446852e-17,1.0093176707547726e-07,0.9999998990682331,2,20,20
12,1781,2.031803499246112e-16,5.3662928341547116e-14,1.855285807272251e-06,0.999998144714139,2,20,20
12,1782,5.69295043470702e-13,1.0729951172931544e-13,8.443402600733178e-05,0.9999155659733159,2,20,20
12,1783,5.692797299296101e-13,5.367020094504386e-14,8.408660707120381e-05,0.9999159133923059,2,20,20
12,1784,1.0160941295004873e-14,5.460147531889339e-14,2.1813305292138933e-05,0.999978186694643,2,20,20
12,1785,1.0173257912622017e-14,5.55259667661142e-14,0.00010291745830411425,0.9998970825416302,2,20,20
12,1786,6.6361704426036745e-18,9.420347742168613e-16,1.501973219220237e-06,0.9999984980267798,2,20,20
12,1787,1.0001307763465612e-14,1.899109770081996e-15,4.374574926081914e-06,0.9999956254250622,2,20,20
12,1788,3.994173995197133e-14,9.579101306147544e-16,2.8534852224383485e-05,0.9999714651477347,2,20,20
12,1789,1.7563251385172704e-16,3.332308266475997e-17,5.62373425933353e-07,0.999999437626574,2,20,20
12,1790,2.612271308530725e-14,1.1342273483363179e-10,0.1746875333402677,0.8253124665462835,2,20,20
12,1791,1.4169513115285383e-15,9.746411782943285e-16,0.0001180278487329724,0.9998819721512646,2,20,20
12,1792,5.976865550104707e-06,1.0056062537909333e-08,0.0026230718239959273,0.9973709412543915,2,20,20
12,1793,1.8876002928527696e-17,9.74642987815035e-16,5.983244783386754e-05,0.9999401675521653,2,20,20
12,1794,5.791162289257486e-13,3.1647430087775946e-12,8.786469236170022e-05,0.9999121353038947,2,20,20
12,1795,7.131720788497953e-16,9.906849246485667e-16,2.9172207421021664e-06,0.9999970827792564,2,20,20
12,1796,3.994351487777928e-14,5.4578177716036825e-14,8.261082785951562e-05,0.9999173891720459,2,20,20
12,1797,2.319524018286341e-12,1.0807170306102443e-13,0.0016572568590946378,0.9983427431384777,2,20,20
12,1798,8.031716409518182e-14,5.5513057128376517e-14,0.003411962808686472,0.9965880371911776,2,20,20
12,1799,5.0358156513033655e-14,1.8764670086022703e-15,0.003411977748697412,0.9965880222512502,2,20,20
12,1800,9.984398490333809e-15,9.41867194477508e-16,8.405632981119337e-05,0.9999159436701779,2,20,20
12,1801,3.60654752048866e-14,2.702491234006267e-12,0.058237278276035226,0.9417627217212263,2,20,20
12,1802,5.638889462812019e-13,5.314620374608519e-14,0.0046654636896620765,0.9953345363097208,2,20,20
12,1803,9.986014263982416e-15,9.416992410691422e-16,2.8551060464011437e-05,0.999971448939525,2,20,20
12,1804,1.7567616845978155e-16,5.998556379498109e-19,2.9372247840823398e-06,0.9999970627752157,2,20,20
12,1805,3.558928777009639e-18,3.2025515985714615e-19,1.510663775491208e-06,0.9999984893362243,2,20,20
12,1806,4.082313440602118e-14,9.744896359786353e-16,9.238152776029227e-07,0.9999990761846804,2,20,20
12,1807,7.010875478453339e-16,5.3662280967674394e-14,2.5279569640280643e-06,0.9999974720429816,2,20,20
12,1808,8.793237087984051e-16,5.457845227292894e-14,8.362508219817344e-05,0.9999163749177464,2,20,20
12,1809,1.0864797327409269e-14,5.553553479368398e-14,8.408581714600445e-05,0.9999159141827878,2,20,20
12,1810,1.0164174488116794e-14,9.906901020087995e-16,3.4434011348902393e-06,0.9999965565988542,2,20,20
12,1811,1.7832726803432099e-16,3.332798255048106e-17,1.9769770290606208e-06,0.9999980230229708,2,20,20
12,1812,2.2672727813304725e-12,5.342200411016513e-14,0.0022440341773347695,0.9977559658203445,2,20,20
12,1813,3.633237069361296e-16,5.040145787975764e-17,5.979220524714477e-05,0.9999402077947527,2,20,20
12,1814,1.2941646836838555e-17,1.7378777408251418e-17,5.982351780895662e-05,0.9999401764821911,2,20,20
12,1815,5.69317206883795e-13,3.0584112684881156e-12,6.053202778815309e-05,0.999939467968584,2,20,20
12,1816,5.699159200064485e-13,3.1531732925784203e-12,0.058296313077456405,0.9417036869188204,2,20,20
12,1817,1.75465371569252e-16,4.982411489639681e-17,1.1009473043191548e-06,0.9999988990526956,2,20,20
12,1818,1.60151885381806e-17,1.7673357032119736e-17,5.881927104409081e-05,0.9999411807289558,2,20,20
12,1819,1.9041297853483888e-16,1.7051904832191308e-17,0.0016201215839587847,0.9983798784160408,2,20,20
12,1820,1.752291550135643e-16,9.41587519986762e-16,8.25979111387347e-05,0.9999174020888604,2,20,20
12,1821,1.2901011857179757e-10,1.8727047479190324e-15,0.011522606026212407,0.9884773938447756,2,20,20
12,1822,1.0861549174864188e-14,5.4587437655181784e-14,3.141185711492334e-05,0.9999685881428196,2,20,20
12,1823,1.0516348641973524e-15,5.367936159057749e-14,2.8748745652716525e-06,0.9999971251253803,2,20,20
12,1824,5.692779328835154e-13,5.552804365338157e-14,8.669356930180564e-05,0.9999133064300735,2,20,20
12,1825,2.2869584273787865e-12,5.461994915907627e-14,3.0461554606549775e-06,0.999996953842198,2,20,20
12,1826,2.27768552570646e-12,5.552825842658341e-14,6.129479383768007e-05,0.9999387052038291,2,20,20
12,1827,8.882240016744481e-16,9.581385073472358e-16,6.026691324244256e-05,0.9999397330867558,2,20,20
12,1828,7.989054428878971e-14,5.3679178626622756e-14,3.604437703264761e-06,0.9999963955621632,2,20,20
12,1829,1.4016407129031204e-15,6.60509204873649e-17,1.5171856456415228e-06,0.9999984828143529,2,20,20
12,1830,5.690890275441858e-13,3.0580926644522653e-12,0.00010732263492014139,0.9998926773614527,2,20,20
12,1831,9.71537345086708e-19,1.1690401677107274e-18,1.0667054705757027e-06,0.9999989332945298,2,20,20
12,1832,1.7525106871060278e-16,1.7101107764990575e-17,1.50095531104473e-06,0.9999984990446886,2,20,20
12,1833,1.9800714164836994e-14,3.3454971406803237e-17,0.004695315533315778,0.9953046844666643,2,20,20
12,1834,1.9809773604501085e-14,3.3740210529548687e-17,0.004676066720182332,0.9953239332797978,2,20,20
12,1835,2.8358618246740477e-14,4.528066292778562e-14,0.0827984371957773,0.917201562804149,2,20,20
12,1836,1.980071416483699e-14,3.3454971406803354e-17,0.004695315533315783,0.9953046844666644,2,20,20
12,1837,1.5592814634043605e-17,5.364613716519594e-14,1.823838305236156e-06,0.999998176161641,2,20,20
12,1838,7.190953289636348e-16,3.11094040312649e-12,8.563686195621894e-05,0.9999143631349322,2,20,20
12,1839,2.2773623928939164e-12,5.367558765557635e-14,8.848776492830523e-05,0.9999115122327408,2,20,20
12,1840,4.282067160418217e-12,2.8023401848932575e-12,0.061568553305109214,0.9384314466878063,2,20,20
12,1841,1.311746515375767e-10,3.090766236160142e-12,0.006658900182518954,0.9933410996832157,2,20,20
12,1842,1.2895355682150498e-10,3.0374786378353467e-12,0.0044845241500024455,0.9955154757180067,2,20,20
12,1843,8.76112248451604e-16,1.0729914193558255e-13,8.508446170347791e-05,0.9999149155381883,2,20,20
12,1844,5.640645600220234e-13,1.067913835743597e-13,0.004666453282716435,0.9953335467166129,2,20,20
12,1845,1.798918338292133e-16,9.578051752008155e-16,0.004665477259923311,0.9953345227400758,2,20,20
12,1846,1.5911649645430456e-17,9.58253442126057e-16,5.624800286212687e-07,0.9999994375199703,2,20,20
12,1847,6.424338683074807e-18,9.582483616499468e-16,5.624547163702133e-07,0.9999994375452826,2,20,20
12,1848,1.5853932998125145e-17,4.98242103387234e-17,2.490118712202138e-06,0.9999975098812877,2,20,20
12,1849,3.995920681245772e-14,1.8991067442527105e-15,2.1772389294718038e-05,0.9999782276106635,2,20,20
12,1850,3.543248927385738e-08,1.903478374587211e-07,0.33195272453471003,0.6680470496849632,2,20,20
12,1851,0.044024613700718376,1.1302445348845135e-08,0.45599563490750716,0.4999797400893292,2,20,20
12,1852,0.49996998729347175,1.8525270349966677e-14,5.0299789125030634e-05,0.4999797129173846,2,20,20
12,1853,0.4999699872934721,1.8525268256809762e-14,0.00011261922755750948,0.49991739347895187,2,20,20
12,1854,0.0015208722255798611,2.893047824759624e-07,0.49415038003213746,0.5043284584375005,2,20,20
12,1855,0.0007426727567679187,5.499522903892659e-14,0.5005772415836663,0.49868008565951066,2,20,20
12,1856,1.2766127336332308e-05,6.014007207289537e-07,0.5013065463637093,0.498680086108234,2,20,20
12,1857,0.49992978268642335,9.61411503855831e-16,9.051321157576187e-05,0.499979704102,2,20,20
12,1858,0.49992978268809685,2.7649825907061987e-17,0.13859142472663785,0.36147879258526516,2,20,20
12,1859,0.044060383812129296,0.003880280851072624,0.43471314083908286,0.5173461944977149,2,20,20
12,1860,2.6895943490514617e-06,7.069413030536495e-06,0.5000725401884996,0.49991770080412057,2,20,20
12,1861,0.05690435459731602,2.3945104594183323e-05,0.4464424684092218,0.49662923188886754,2,20,20
12,1862,0.001457702648825688,3.3689111790508354e-12,0.4985433380348811,0.4999989593129236,2,20,20
12,1863,4.5444113423243783e-07,6.10332399174858e-07,0.49999898637088364,0.4999999488555827,2,20,20
12,1864,0.0006452968552560837,0.0006839409723065452,0.4986712157870006,0.49999954638543687,2,20,20
12,1865,0.0006452968575326095,0.0006839409723075026,0.4986900613163577,0.4999807008538025,2,20,20
12,1866,0.1705634860698031,2.7663643571897244e-11,0.25279528849945193,0.576641225403081,2,20,20
12,1867,0.492311559206745,4.705321676354299e-09,0.007742800433047172,0.49994563565488626,2,20,20
12,1868,0.011652327587712553,0.00026872695767337507,0.4151064290961083,0.5729725163585058,2,20,20
12,1869,0.011652327588084358,0.0002687341385312181,0.5536540421462127,0.43442489612717133,2,20,20
12,1870,1.623296420334017e-08,0.003229969084158388,0.4965013271220978,0.5002686875607797,2,20,20
12,1871,3.708738771459953e-06,1.8943963507652953e-05,0.5000360844403029,0.4999412628574175,2,20,20
12,1872,0.021630594492569294,1.4485017440830295e-10,0.4784274490761051,0.4999419562864755,2,20,20
12,1873,0.4256306098165299,1.696113173241981e-11,0.07442818186907087,0.4999412082974381,2,20,20
12,1874,0.42563060981653056,1.6961131842217857e-11,0.07437085754398563,0.49999853262252264,2,20,20
12,1875,2.095818233349039e-08,0.0003534012409260098,0.4996480450184091,0.49999853278248246,2,20,20
12,1876,0.27538343101365,4.064272579897041e-06,0.2246947490475554,0.4999177556662147,2,20,20
12,1877,0.41384308817299986,0.0001675937411376751,0.09065238585182409,0.49533693223403835,2,20,20
12,1878,0.48589307343951843,2.5138442157345747e-07,0.01412148902375033,0.49998518615230947,2,20,20
12,1879,0.00017319272781667937,0.0008849231560485514,0.4990248098547741,0.49991707426136067,2,20,20
12,1880,0.4879782310010763,4.358233423699968e-09,0.012020648027468824,0.5000011166132213,2,20,20
12,1881,0.027606715989557638,1.6540236263701587e-07,0.46987744178435115,0.5025156768237282,2,20,20
12,1882,0.027606716013519134,1.6540240160916162e-07,0.6069708895661902,0.3654222290178896,2,20,20
12,1883,0.0276067159895578,1.6540236359408906e-07,0.4698784716328839,0.5025146469751945,2,20,20
12,1884,0.4933242638221742,4.487299576993763e-09,0.00660856188731755,0.5000671698032086,2,20,20
12,1885,0.4923278829355541,8.949705786968616e-09,0.007673143889920865,0.49999896422481915,2,20,20
12,1886,0.05465379905042134,1.8079364601212944e-05,0.44532764030162825,0.5000004812833486,2,20,20
12,1887,0.054653799050421864,1.8079364600256156e-05,0.44532695731305755,0.5000011642719202,2,20,20
12,1888,0.00023100967875931588,2.887723255149427e-10,0.5030002048607859,0.49676878517168177,2,20,20
12,1889,1.542796288824234e-05,3.7017462310729125e-07,0.5033140842909075,0.49667011757158186,2,20,20
12,1890,0.4866596923276921,3.309893876966005e-10,0.016670178556137612,0.4966701287851808,2,20,20
12,1891,0.1608791208043972,1.5723243374120857e-07,0.34126518920868193,0.4978555327544869,2,20,20
12,1892,0.49993056164597033,1.7450849627130972e-10,0.0033993515405086627,0.4966700866390123,2,20,20
12,1893,0.4999305616437085,1.3742737647785107e-12,0.00012825076791832588,0.4999411875869987,2,20,20
12,1894,0.4999305616437094,1.4284966150464088e-12,0.0033986230924188893,0.4966708152624429,2,20,20
12,1895,0.4999980115502886,3.303074227480942e-17,6.0779732776743745e-05,0.49994120871693454,2,20,20
12,1896,0.4996865386586046,1.6347868954107352e-10,0.00031447181843161955,0.4999989893594849,2,20,20
12,1897,0.49968653865864454,1.6348055532594908e-10,0.00031485401439946306,0.49999860716347505,2,20,20
12,1898,0.490096655514052,6.738800601148732e-12,0.009904758253259812,0.49999858622594945,2,20,20
12,1899,0.49385996515651576,4.567189552190135e-09,0.009469455175633915,0.49667057510066054,2,20,20
12,1900,0.485976111942353,2.558767892299531e-07,0.014021885708239578,0.5000017464726181,2,20,20
12,1901,0.485976111942363,2.558767901707579e-07,0.01405034928816482,0.49997328289268195,2,20,20
12,1902,0.4998864311830423,1.3005955478730082e-15,0.0001723604556516932,0.4999412083613048,2,20,20
12,1903,0.012041238214169296,1.1131513742402824e-10,0.48801755279171827,0.499941208882797,2,20,20
12,1904,0.01204123821416946,1.1131606206504675e-10,0.4879602287379825,0.4999985329365316,2,20,20
12,1905,0.012041238375498661,1.1739711777403424e-10,0.4907085889399046,0.4972501725671992,2,20,20
12,1906,2.4520473863557753e-10,1.2019433361988439e-11,0.5027498271531939,0.49725017258958193,2,20,20
12,1907,0.042653311530832766,5.621883085982783e-09,0.45261413667854494,0.5047325461687394,2,20,20
12,1908,4.134941061074358e-06,2.0030180199041225e-12,0.5000784132018525,0.49991745185508346,2,20,20
12,1909,0.01224975270766614,2.392318483731391e-10,0.6262270952550407,0.36152315179806127,2,20,20
12,1910,1.899552532634761e-05,1.2565358517431335e-08,0.49997928579221357,0.5000017061171016,2,20,20
12,1911,1.8995525326350952e-05,1.256535853422229e-08,0.4999797852859817,0.5000012066233336,2,20,20
12,1912,0.495213719013648,7.190256730635621e-09,0.14301764440208883,0.3617686293940065,2,20,20
12,1913,0.0002202848942980303,7.300351219035797e-09,0.6380110785085007,0.36176862929684916,2,20,20
12,1914,0.0002202848942902984,1.1214189739016643e-10,0.4998622930463472,0.4999174219472205,2,20,20
12,1915,0.06658736288230434,6.26391945594449e-10,0.40682216075067407,0.5265904757406296,2,20,20
12,1916,1.0455362512956266e-15,5.4262603675402486e-14,0.0033303232129455,0.9966696767869995,2,20,20
12,1917,5.693629012818827e-13,1.915298672431118e-15,2.1381864472873606e-05,0.9999786181349561,2,20,20
12,1918,4.991905104617805e-14,3.0571756515870333e-12,0.00017012029230455925,0.9998298797045885,2,20,20
12,1919,5.00937826962822e-14,3.0571591514451546e-12,0.00019393552928965863,0.9998060644676032,2,20,20
12,1920,6.199593095846089e-13,3.1117428097305208e-12,0.00014094272341703143,0.9998590572728514,2,20,20
12,1921,2.2769620870099638e-12,9.906852969577693e-16,1.4834710810483206e-06,0.9999985165266413,2,20,20
12,1922,6.199432847496944e-13,3.057574209853504e-12,4.902263253082215e-05,0.9999509773637919,2,20,20
12,1923,4.2157488878185665e-07,3.112119345102504e-12,0.00013381418943983286,0.9998657642325595,2,20,20
12,1924,4.2157426971441746e-07,5.646015382928653e-14,0.00016743930134172162,0.9998321391243323,2,20,20
12,1925,2.276786857069034e-12,9.74752873661788e-16,3.00159336585072e-06,0.9999969984043565,2,20,20
12,1926,4.215734041166376e-07,3.110965424433445e-12,8.73354208738235e-05,0.9999122430026112,2,20,20
12,1927,4.901255209803427e-19,1.6821552877604566e-17,6.240120027058914e-08,0.9999999375987998,2,20,20
12,1928,4.081946933194204e-14,3.0582522338020207e-12,8.490708114097891e-05,0.9999150929157601,2,20,20
12,1929,4.1057417161610435e-13,1.1335269015294002e-10,0.1748290279772479,0.8251709719089891,2,20,20
12,1930,7.008749221129884e-16,9.414613697641279e-16,1.1082056751355341e-06,0.9999988917943234,2,20,20
12,1931,3.1853843044996224e-18,1.682155290187587e-17,9.481863691194518e-08,0.9999999051813632,2,20,20
12,1932,3.999211305119738e-14,3.047919881316279e-12,0.0016195087595046512,0.9983804912374077,2,20,20
12,1933,3.1862395388489086e-18,5.998550273228385e-19,1.50064228032256e-06,0.9999984993577196,2,20,20
12,1934,3.967784561703674e-14,5.3288852854609986e-14,0.003329214170393802,0.9966707858295132,2,20,20
12,1935,7.160488357188955e-16,1.0682375976484191e-13,0.0046656227764769,0.9953343772234156,2,20,20
12,1936,6.093023137599671e-09,8.188649724302597e-09,0.08824559335559287,0.911754392362734,2,20,20
12,1937,6.092983200611849e-09,8.18559241409712e-09,0.08816321088721722,0.9118367748342071,2,20,20
12,1938,1.984594327494657e-16,5.422344985494112e-14,0.003329188892768859,0.9966708111071766,2,20,20
12,1939,8.761764130838477e-16,9.906871535585206e-16,4.6840338057805003e-07,0.9999995315966178,2,20,20
12,1940,3.5040886801328637e-16,4.9541823229929444e-17,8.267546199456037e-05,0.999917324538005,2,20,20
12,1941,1.9098944863860571e-16,5.460338539207839e-14,2.2771615324225264e-05,0.9999772283846211,2,20,20
12,1942,1.0013220714246385e-14,5.4600765242245474e-14,4.9891237400218686e-05,0.9999501087625353,2,20,20
12,1943,1.00009848607783e-14,5.4584584564833793e-14,3.105971907986619e-05,0.9999689402808557,2,20,20
12,1944,4.935654826361039e-08,1.1629909215959324e-09,0.44150117144237694,0.5584987780380838,2,20,20
12,1945,8.880229185848532e-08,8.36929212526526e-09,0.07885190276373323,0.9211480000646829,2,20,20
12,1946,5.661088149947923e-13,3.0916750338725363e-12,0.0033882216429671303,0.996611778353375,2,20,20
12,1947,5.698038046912527e-13,3.058251844813669e-12,0.00014262453723090648,0.9998573754591408,2,20,20
12,1948,2.5799668074105158e-12,1.569828087763476e-10,0.058517848385854256,0.9414821514545827,2,20,20
12,1949,1.1387366677853014e-14,5.4619542952101305e-14,6.163539536953187e-05,0.9999383646045646,2,20,20
12,1950,1.8414401234455674e-14,2.633718357853342e-12,0.07812233386133186,0.921877666136016,2,20,20
12,1951,4.081485061806932e-14,3.0574705115673658e-12,6.0524189754338915e-05,0.9999394758071475,2,20,20
12,1952,3.558928777009668e-18,3.2025515985714817e-19,1.5106637754912058e-06,0.9999984893362244,2,20,20
12,1953,1.7880794544881917e-16,1.7400766666732078e-17,1.5071965869491136e-06,0.9999984928034129,2,20,20
12,1954,7.041138797451878e-16,9.420305552317395e-16,1.0897813781476261e-06,0.9999989102186205,2,20,20
12,1955,1.1574946983779436e-14,1.0074870145043373e-15,1.473951960056131e-06,0.999998526048028,2,20,20
12,1956,3.2196962455158336e-11,1.730129318023962e-10,0.003834378502517117,0.9961656212922732,2,20,20
12,1957,4.081485013560644e-14,3.0583789296852935e-12,6.151992344470816e-05,0.9999384800734563,2,20,20
12,1958,6.080108367359151e-13,9.15894927302512e-12,0.0012147713202092921,0.9987852286700237,2,20,20
12,1959,5.680750220960012e-13,6.101544812436169e-12,0.001156259536375888,0.9988437404569545,2,20,20
12,1960,5.016197637580254e-14,1.7570202142366425e-10,0.008006478571697496,0.9919935212525502,2,20,20
12,1961,7.010086496038658e-16,5.3655956978278915e-14,5.886411889664635e-05,0.9999411358810493,2,20,20
12,1962,2.798553509593527e-17,9.581998413366454e-16,2.852321843275841e-05,0.9999714767815662,2,20,20
12,1963,4.330010830409852e-17,9.585483393920116e-16,4.180577628503724e-07,0.999999581942236,2,20,20
12,1964,4.0126448572959095e-14,3.059319714039118e-12,8.077607041919273e-05,0.9999192239264815,2,20,20
12,1965,8.975364229543823e-14,3.111898413881925e-12,0.001214261345925536,0.9987857386508728,2,20,20
12,1966,7.042475676315121e-16,9.414301923207627e-16,2.0350822278119323e-05,0.9999796491777204,2,20,20
12,1967,3.535213744081116e-16,9.744734688050163e-16,3.431480022324179e-06,0.9999965685199763,2,20,20
12,1968,8.761544003641474e-16,5.3688957633946175e-14,5.888220747133369e-05,0.9999411177924742,2,20,20
12,1969,7.131155557867617e-16,9.741843637206666e-16,1.1186581829709893e-06,0.9999988813418155,2,20,20
12,1970,5.691031718235759e-13,3.057327313584355e-12,8.387592562532573e-05,0.999916124070748,2,20,20
12,1971,5.692780809527172e-13,3.059192877163414e-12,0.000142624680397438,0.9998573753159737,2,20,20
12,1972,2.4911712394746496e-17,9.74312868405325e-16,8.262241406697309e-05,0.9999173775859321,2,20,20
12,1973,1.1465309619342993e-10,2.753959302897823e-12,0.05854539153641372,0.9414546083461792,2,20,20
12,1974,8.451521086088298e-15,9.969796639431661e-14,0.07817865939847755,0.9218213406014142,2,20,20
12,1975,1.015995988824497e-14,5.552190812667473e-14,6.0288679445887976e-05,0.9999397113204885,2,20,20
12,1976,8.761786514800673e-16,1.8828864784694205e-15,2.5260536908267446e-06,0.9999974739463064,2,20,20
12,1977,1.7525385941741344e-16,9.417401972104154e-16,1.4937749151252272e-06,0.9999985062250838,2,20,20
12,1978,3.186239538848843e-18,5.998550273228404e-19,1.5006422803225441e-06,0.9999984993577196,2,20,20
12,1979,4.029418518109249e-14,1.915613436747702e-15,3.067707396141988e-06,0.9999969322925618,2,20,20
12,1980,4.011921028087953e-14,9.582506590579711e-16,2.029095006611715e-06,0.9999979709049525,2,20,20
12,1981,1.1470091646843476e-10,4.838447438949017e-14,0.058241953204281965,0.9417580466809687,2,20,20
12,1982,9.984765583824297e-15,3.0573165616757737e-12,8.298197350283879e-05,0.99991701802343,2,20,20
12,1983,4.075198490879444e-14,5.4613709408725756e-14,0.0012126232547261826,0.9987873767451787,2,20,20
12,1984,4.9927778209936067e-14,5.367699756069154e-14,2.2845026808608738e-05,0.9999771549730878,2,20,20
12,1985,1.2782719821758817e-17,3.360044238015371e-17,5.9823644287636466e-05,0.9999401763557124,2,20,20
12,1986,3.2444123644429715e-11,5.4603372682296955e-14,6.177891490349868e-05,0.999938221052598,2,20,20
12,1987,1.1299555016679648e-14,9.852884043309235e-09,0.004123854825714913,0.9958761353213899,2,20,20
12,1988,9.989222559942476e-15,9.741887279773782e-16,2.0106554669051933e-06,0.9999979893445223,2,20,20
12,1989,2.3164701710636327e-12,1.0731509881649502e-13,8.769561706708441e-05,0.9999123043805092,2,20,20
12,1990,5.984440902310331e-06,1.605546486763181e-13,0.0020214471887341095,0.9979725683702028,2,20,20
12,1991,3.99437356629462e-14,1.8828806439533715e-15,2.934735543751331e-06,0.9999970652644146,2,20,20
12,1992,6.0904789294683e-13,5.553569081222226e-14,8.411381705765335e-05,0.9999158861822777,2,20,20
12,1993,1.997055216316778e-14,9.982652075863357e-16,0.004779943443761941,0.9952200565562171,2,20,20
12,1994,1.867715086043757e-17,5.458589556077432e-14,0.00474641351511146,0.9952535864848338,2,20,20
12,1995,1.0022788909337888e-14,1.899112227040733e-15,1.603418098356087e-06,0.9999983965818898,2,20,20
12,1996,1.754127867521419e-16,9.42019797078536e-16,1.4936486940492414e-06,0.9999985063513047,2,20,20
12,1997,8.694804095403896e-16,5.5019163084710226e-14,0.004665285156572071,0.995334714843372,2,20,20
12,1998,6.092055491843457e-13,3.0582043531684157e-12,9.31746627105691e-05,0.9999068253336223,2,20,20
12,1999,6.174588654551737e-13,5.637319289664166e-12,0.07821155607192959,0.921788443921816,2,20,20
12,2000,5.063543096405937e-14,3.0827877835003725e-12,0.006287761613297565,0.9937122383835688,2,20,20
12,2001,5.683600222726136e-14,2.0782757989765267e-12,0.17624711052550152,0.8237528894723631,2,20,20
12,2002,4.36914858542283e-14,4.701590785498604e-14,0.07812138267923024,0.9218786173206794,2,20,20
12,2003,3.3717927984487197e-14,4.699968607465515e-14,0.07812135720937934,0.9218786427905401,2,20,20
12,2004,3.630917595748005e-16,2.8397494700187127e-15,5.9209930014758024e-05,0.9999407900699819,2,20,20
12,2005,1.9078453208967682e-16,1.8991102512284372e-15,1.4639322965592543e-06,0.9999985360677015,2,20,20
12,2006,2.03122936810799e-16,1.899397851717027e-15,2.4604862070583826e-06,0.9999975395137909,2,20,20
12,2007,1.876013919765548e-16,9.420297805656114e-16,1.52423748372624e-06,0.9999984757625149,2,20,20
12,2008,3.371792798448683e-14,4.699968607465484e-14,0.0781213572093793,0.9218786427905398,2,20,20
12,2009,1.030153575144821e-14,1.4668412211496057e-18,0.001712457460261365,0.9982875425397282,2,20,20
12,2010,1.2931207815369043e-10,1.7637799481573652e-10,0.060163962614381235,0.9398360370799285,2,20,20
12,2011,7.161421480440048e-16,9.58247229102703e-16,2.1072942869445255e-06,0.9999978927057113,2,20,20
12,2012,1.2975555844311865e-10,1.0729065223590985e-13,8.35657776880098e-05,0.9999164340924491,2,20,20
12,2013,2.1041677081004795e-09,3.2648246713851283e-12,0.0012786173794789816,0.9987213805130886,2,20,20
12,2014,1.0686439164122316e-14,1.898678677360022e-15,7.910692837816338e-05,0.9999208930716093,2,20,20
12,2015,1.2891948171651854e-10,1.7313058595169502e-10,0.003363455046808496,0.9966365446511415,2,20,20
12,2016,3.9678255186751396e-14,9.516978325738576e-16,0.003330402853997522,0.9966695971459618,2,20,20
12,2017,1.4045016508076762e-15,3.360278455032291e-17,0.00014139096899172415,0.9998586090310071,2,20,20
12,2018,7.194269300858434e-16,9.582578277275125e-16,9.106718134629272e-07,0.9999990893281848,2,20,20
12,2019,1.0691418725856887e-14,5.4594841996613196e-14,8.347455806958503e-05,0.9999165254418649,2,20,20
12,2020,1.4080296143280431e-15,9.741979860607914e-16,5.968645835746499e-05,0.9999403135416403,2,20,20
12,2021,7.19475942076142e-16,1.9151848629769993e-15,8.345245357564959e-05,0.9999165475464217,2,20,20
12,2022,4.065072804049274e-14,5.4619664482420063e-14,3.358768578965613e-06,0.9999966412313257,2,20,20
12,2023,3.994403141147082e-14,5.366256570914686e-14,3.5166173720186164e-06,0.9999964833825343,2,20,20
12,2024,2.0673890333419097e-14,3.0582525217536163e-12,8.532466600654314e-05,0.9999146753309145,2,20,20
12,2025,1.2977341549475068e-10,5.3673646753389655e-14,5.4160679399949714e-05,0.9999458391907732,2,20,20
12,2026,7.038456917753664e-16,4.954450232425905e-17,1.5113568184860678e-06,0.999998488643181,2,20,20
12,2027,1.8661641249948503e-17,4.954461130518826e-17,2.4905522977352983e-06,0.9999975094477022,2,20,20
12,2028,4.022559557752738e-17,4.9829304865894666e-17,2.073279140693169e-06,0.9999979267208592,2,20,20
12,2029,7.989511497827605e-14,5.0114524636792454e-17,9.955711031355654e-05,0.9999004428896068,2,20,20
12,2030,3.248031889836645e-11,3.1110936386144994e-12,0.00012048937035057587,0.9998795105940583,2,20,20
12,2031,6.073060855026973e-13,3.0479519593496484e-12,0.0016795765640716669,0.9983204234322731,2,20,20
12,2032,2.3268882773266662e-12,5.4604268732681075e-14,2.9087812489073766e-06,0.9999970912163696,2,20,20
12,2033,7.163805177881163e-16,3.362191773366083e-17,2.0363028977408602e-05,0.9999796369710219,2,20,20
12,2034,4.063790394725252e-14,1.6092713412203252e-13,0.00016520637800276558,0.9998347936217955,2,20,20
12,2035,5.069989165312167e-14,1.0773367179018668e-13,0.004722649256478992,0.9952773507433628,2,20,20
12,2036,3.065304529980361e-14,5.4094477283228203e-14,0.00665169710218805,0.9933483028977269,2,20,20
12,2037,3.0543448116749305e-14,3.09750575763323e-12,0.004231795603144663,0.995768204393727,2,20,20
12,2038,1.990476510019881e-14,3.327120648459325e-17,0.001988908537629231,0.9980110914623507,2,20,20
12,2039,2.0593119799819468e-14,1.8987452711371225e-15,0.002070455029611671,0.9979295449703658,2,20,20
12,2040,1.537260106636647e-17,3.3602449702967303e-17,8.780209561161141e-08,0.9999999121979044,2,20,20
12,2041,2.2829518498655694e-12,1.7249813261502275e-10,0.010459599488915452,0.9895404003363034,2,20,20
12,2042,2.255742570758942e-12,1.7277581725168703e-10,0.004746997060414913,0.9952530027645536,2,20,20
12,2043,1.8657809526116596e-17,5.459471569448881e-14,0.00014139181058831442,0.999858608189357,2,20,20
12,2044,6.4166886669110084e-18,1.7380609755662928e-17,8.405581813254029e-05,0.9999159441818674,2,20,20
12,2045,2.452766795864673e-17,5.34890640749859e-14,0.0017016501993334027,0.998298349800613,2,20,20
12,2046,5.691955343222774e-13,5.458692547003393e-14,2.5361513534307137e-06,0.9999974638480228,2,20,20
12,2047,1.5327859534953752e-17,5.3305244463940565e-14,0.003329210831878639,0.9966707891680681,2,20,20
12,2048,3.616616263861334e-18,9.579669971397712e-16,1.4992028901281833e-06,0.9999985007971086,2,20,20
12,2049,3.149948252293811e-17,2.647190717762328e-13,0.45672909053133726,0.5432709094683981,2,20,20
12,2050,1.889411172022134e-08,5.076610158388459e-08,0.49927262237629716,0.50072730796349,2,20,20
12,2051,0.015991976037649677,2.109079758414717e-09,0.4868755756489211,0.4971324462043494,2,20,20
12,2052,0.06382857983412593,4.7101320457721744e-07,0.4408327939265895,0.49533815522607955,2,20,20
12,2053,0.0638285798363579,4.7118406662317775e-07,0.43732411508172764,0.49884683389784773,2,20,20
12,2054,0.00012278063542275563,0.00032552676690980435,0.4987822389843041,0.5007694536133628,2,20,20
12,2055,0.0001227806354231056,0.00032552676690978787,0.4989572964438383,0.5005943961538284,2,20,20
12,2056,1.0170676081054888e-09,1.365417217542832e-09,0.5000007007560558,0.4999992968614586,2,20,20
12,2057,0.00013947231523933162,1.77460192241551e-11,0.4489566388638539,0.5509038888031603,2,20,20
12,2058,0.0001394723152293334,1.7745078352456285e-11,0.448955608496625,0.5509049191704006,2,20,20
12,2059,0.00013947231523002207,1.7746019108437584e-11,0.44901435680667257,0.5508461708603516,2,20,20
12,2060,0.0001394723152293334,1.7745078072823765e-11,0.44895659697030355,0.5509039306967222,2,20,20
12,2061,0.00013947231579852957,1.774600356984835e-11,0.4489575166465732,0.5509030110198821,2,20,20
12,2062,0.04474376611123608,6.24305601686637e-14,0.45525818587604433,0.49999804801265635,2,20,20
12,2063,9.796292488620657e-06,0.17098490525435814,0.32908830272262396,0.4999169957305291,2,20,20
12,2064,2.3040443809254197e-13,0.499601520469003,0.0004815623126286311,0.49991691721813797,2,20,20
12,2065,1.8360882165541857e-12,0.4999832623642099,0.13861991815635955,0.3613968194775945,2,20,20
12,2066,3.494946026177889e-12,0.4922774905770443,0.027195651026686262,0.4805268583927743,2,20,20
12,2067,1.0093081001205356e-15,0.4999860971783305,0.004677720380897481,0.4953361824407711,2,20,20
12,2068,1.0109143397616921e-15,0.499986097178331,9.650285873388235e-05,0.499917399962934,2,20,20
12,2069,1.0109143397616933e-15,0.499986097178331,9.650285873388177e-05,0.4999173999629341,2,20,20
12,2070,0.00011623235669566635,4.888996600172062e-08,0.4999663147715933,0.4999174039817447,2,20,20
12,2071,1.0342923907843586e-08,3.218721392071456e-06,0.5000797824109374,0.4999169885247467,2,20,20
12,2072,1.0342923219511001e-08,3.218721340316277e-06,0.5000170843495905,0.499979686586146,2,20,20
12,2073,1.015504418328249e-08,3.1641444117540747e-06,0.500079404236363,0.4999174214641808,2,20,20
12,2074,1.1214672423027686e-09,3.209880828728698e-07,0.4999996964144439,0.49999998147600594,2,20,20
12,2075,0.01806715028294463,2.9872713370586257e-05,0.47378882671021394,0.5081141502934711,2,20,20
12,2076,0.018067150285220986,2.9872713423301044e-05,0.47384619254108135,0.5080567844602745,2,20,20
12,2077,0.018067150286967832,2.987271341705741e-05,0.5320234697223112,0.44987950727730364,2,20,20
12,2078,2.2342490685729407e-07,6.528536637906201e-12,0.5582330333966249,0.44176674317193976,2,20,20
12,2079,0.00033432292871249847,9.70388706056859e-09,0.0699847952732311,0.9296808720941694,2,20,20
12,2080,4.06581661113257e-14,9.58536170658316e-16,2.2874066798492432e-05,0.99997712593316,2,20,20
12,2081,3.221636572487097e-11,9.852884042022314e-09,0.0041245124307382345,0.9958754776841614,2,20,20
12,2082,3.221635365013604e-11,9.852883117662064e-09,0.004124487396531311,0.995875502718369,2,20,20
12,2083,6.428036682374436e-18,3.361247508895894e-17,1.557715264308109e-06,0.9999984422847354,2,20,20
12,2084,3.4634363306951e-11,9.909993536610852e-09,0.0012495556305318416,0.9987504344248405,2,20,20
12,2085,7.133013433891968e-16,4.9540842026225864e-17,5.883537089911959e-05,0.9999411646291001,2,20,20
12,2086,3.616616263861375e-18,9.579669971397915e-16,1.4992028901281907e-06,0.9999985007971088,2,20,20
12,2087,1.934232478926424e-16,9.722663883835605e-16,0.001154224677428476,0.9988457753225701,2,20,20
12,2088,8.880383479022253e-16,9.722562990031406e-16,0.0011547491105463874,0.9988452508894514,2,20,20
12,2089,1.875432688024432e-16,1.882601709226194e-15,2.5246247587265126e-06,0.9999974753752392,2,20,20
12,2090,4.012649920047615e-14,1.8990017917764575e-15,6.070404670887505e-05,0.9999392959532492,2,20,20
12,2091,3.9955895523990325e-14,5.460331343334052e-14,6.127651802650638e-05,0.9999387234818793,2,20,20
12,2092,3.7783381883954664e-18,1.6831610840160814e-17,5.372319347367095e-07,0.9999994627680653,2,20,20
12,2093,1.585055482976973e-17,5.365340469262742e-14,8.262057161408306e-05,0.9999173794283323,2,20,20
12,2094,1.0000183894419306e-14,1.0823385222195978e-13,0.00014140545464967692,0.9998585945452318,2,20,20
12,2095,8.005621284325731e-14,5.459468813631723e-14,8.39897383681619e-05,0.9999160102614971,2,20,20
12,2096,4.9929738128140576e-14,5.3678792344279366e-14,3.874330805989511e-06,0.9999961256690906,2,20,20
12,2097,3.99561964333154e-14,9.579726959511035e-16,2.4465034514316566e-06,0.9999975534965078,2,20,20
12,2098,8.732067047645024e-16,1.7313425659060107e-10,0.00332995381804363,0.9966700460088211,2,20,20
12,2099,4.958278964812731e-14,1.8675679783223177e-15,0.007993725754298159,0.9920062742456505,2,20,20
12,2100,9.908260936924815e-15,9.491897635609085e-16,0.004692505919218992,0.9953074940807701,2,20,20
12,2101,4.05484591374317e-14,1.892831297790608e-15,0.003341510517269624,0.9966584894826882,2,20,20
12,2102,1.299254032130485e-10,1.767774752888536e-10,0.0016272714539618438,0.9983727282393355,2,20,20
12,2103,6.098537541222053e-13,5.461411985231221e-14,6.188302615401437e-05,0.9999381169731818,2,20,20
12,2104,9.98616321494689e-15,5.36787822798595e-14,3.5168722823347133e-06,0.999996483127654,2,20,20
12,2105,9.989412122511887e-15,1.8826060035182036e-15,2.943083139570616e-06,0.9999970569168488,2,20,20
12,2106,2.2767880289963035e-12,5.461934124053071e-14,0.004666319444802056,0.9953336805528665,2,20,20
12,2107,2.2767822060580224e-12,5.460342751901352e-14,3.951942937745588e-06,0.999996048054731,2,20,20
12,2108,2.277485658450767e-12,3.1118811922306586e-12,8.63345306198626e-05,0.9999136654639909,2,20,20
12,2109,3.739355180651765e-14,1.3112662716780756e-10,0.13269141406533974,0.8673085858034963,2,20,20
12,2110,1.9984601833193413e-14,5.646903247726546e-14,2.639597442793268e-06,0.9999973604024809,2,20,20
12,2111,5.791633152465282e-13,1.082458053183464e-13,3.11615883457657e-05,0.9999688384109671,2,20,20
12,2112,6.092815507220681e-13,5.554128498347348e-14,5.812516935481099e-05,0.9999418748299806,2,20,20
12,2113,4.011697346901926e-14,1.8987310425489254e-15,2.8564187093153778e-05,0.9999714358128651,2,20,20
12,2114,7.041095948441992e-16,9.741837220487362e-16,1.510992223667342e-06,0.9999984890077747,2,20,20
12,2115,3.562317031812799e-18,9.740737472874745e-16,5.8835314603168456e-05,0.999941164685396,2,20,20
12,2116,9.987848430542684e-15,1.898844645888354e-15,0.00014137916220248307,0.9998586208377858,2,20,20
12,2117,1.5640752712913204e-17,1.8987135622712637e-15,5.984882161871365e-05,0.9999401511783795,2,20,20
12,2118,8.760323075651393e-16,5.365391051914789e-14,8.310853252789991e-05,0.9999168914674175,2,20,20
12,2119,3.507276498960067e-18,9.418670715356769e-16,8.260448895061418e-05,0.9999173955110484,2,20,20
12,2120,1.569542264734554e-17,9.583784417850083e-16,8.262241602226375e-05,0.9999173775839767,2,20,20
12,2121,8.914395488805926e-16,2.8236625320502185e-15,0.00014138034205258605,0.9998586196579436,2,20,20
12,2122,1.1270724944452602e-12,1.8900018621047314e-15,0.005057715053836201,0.9949422849450347,2,20,20
12,2123,7.163568254513952e-16,1.9153312315087265e-15,1.8667171030314914e-06,0.9999981332828944,2,20,20
12,2124,4.0644614110276747e-14,2.8399653511456693e-15,1.8847664385671362e-06,0.999998115233518,2,20,20
12,2125,3.244108071336328e-11,3.1110774187546275e-12,6.255810510295652e-05,0.999937441859345,2,20,20
12,2126,1.4019887775414335e-15,1.738524351816329e-17,2.237107221957368e-05,0.9999776289277791,2,20,20
12,2127,3.997145510962918e-14,3.3617538921080046e-17,3.0988583730734523e-06,0.999996901141587,2,20,20
12,2128,3.996816692471186e-14,1.7390739128683883e-17,2.1101460697592986e-06,0.9999978898538905,2,20,20
12,2129,1.0686604713384226e-14,9.887669620353898e-16,0.0011552292388358517,0.9988447707611525,2,20,20
12,2130,1.0521811830369157e-15,5.353903358533455e-14,0.0012369503510660177,0.9987630496488793,2,20,20
12,2131,2.3013330620162932e-12,1.8933568894495564e-15,0.003360088731702893,0.996639911265994,2,20,20
12,2132,1.7858853958685032e-16,1.710618498086992e-17,2.9301673977581183e-06,0.999997069832602,2,20,20
12,2133,6.474455212487354e-18,3.33280180138371e-17,1.5267486502202216e-06,0.9999984732513498,2,20,20
12,2134,7.041119905157281e-16,1.1740328010636956e-18,1.8489450234895416e-06,0.9999981510549758,2,20,20
12,2135,1.7522636681382532e-16,9.41307920110435e-16,8.260510598420572e-05,0.9999173948940145,2,20,20
12,2136,1.0159454510627922e-14,1.8822956605273825e-15,0.00016518581548244867,0.9998348141845055,2,20,20
12,2137,3.9952565967130193e-14,5.551931204929993e-14,8.40675582385974e-05,0.9999159324416658,2,20,20
12,2138,3.99435075296728e-14,5.5519159325998826e-14,0.00016517883970786637,0.9998348211601967,2,20,20
12,2139,4.99251980912216e-14,1.6185672543297948e-13,0.0001414298370338043,0.9998585701627543,2,20,20
12,2140,4.01400517872737e-14,5.461118951670493e-14,8.314402851526724e-05,0.99991685597139,2,20,20
12,2141,4.013887850048934e-14,5.367303279077026e-14,5.936456534617415e-05,0.9999406354345604,2,20,20
12,2142,3.7502586759755725e-16,6.634065775364618e-17,6.125561992350717e-07,0.9999993874438005,2,20,20
12,2143,2.677839533700514e-09,6.314429972877619e-11,0.3190954292900897,0.6809045679689261,2,20,20
12,2144,3.4039695187755926e-06,1.8269798271968737e-05,0.5046408082024741,0.4953375180297349,2,20,20
12,2145,0.44717335708840444,4.59210933876366e-07,0.05391432299548789,0.4989118607051737,2,20,20
12,2146,0.3677366508560767,4.9245808435611596e-08,0.13226332203493343,0.49999997786318073,2,20,20
12,2147,0.3677366508560767,4.924580937647311e-08,0.1322643528847771,0.4999989470133363,2,20,20
12,2148,0.49353784285393537,1.1440478829956892e-09,0.06470343853837805,0.4417587174636389,2,20,20
12,2149,0.4515763114796372,3.875277088986142e-11,0.10666496167108475,0.44175872681052547,2,20,20
12,2150,0.4971877800458254,3.329758567437308e-09,0.0027965015275172025,0.5000157150968987,2,20,20
12,2151,0.044068477049208236,3.195927765602383e-07,0.4594782997702643,0.4964529035877506,2,20,20
12,2152,6.007777527400917e-08,3.475232432566678e-12,0.5035449412019468,0.4964549987168014,2,20,20
12,2153,0.37003084451023754,2.976858173371374e-11,0.13360287157589865,0.49636628388409476,2,20,20
12,2154,0.42556275606032934,9.529531521371068e-10,0.07449770141325417,0.4999395415734632,2,20,20
12,2155,0.4949904669840374,6.553326720654975e-09,0.005008979557913236,0.500000546904723,2,20,20
12,2156,0.3409565734003284,5.030105731955952e-06,0.16236725284557815,0.49667114364836107,2,20,20
12,2157,0.49998263729106995,1.4316629788056577e-16,1.8752326591922396e-05,0.4999986103823381,2,20,20
12,2158,0.49999968225100555,3.363715558205749e-17,1.7073666853537564e-06,0.4999986103823089,2,20,20
12,2159,0.4999996822509656,6.1441215358672245e-19,1.3496279159282851e-06,0.4999989681211183,2,20,20
12,2160,0.4965624344490161,2.2211688461585415e-09,0.0035213846547161604,0.49991617867509913,2,20,20
12,2161,0.49995470543273957,1.23950576893816e-14,0.0012050597575610574,0.49884023480968714,2,20,20
12,2162,0.49904598925821547,7.159933680202268e-13,0.000954757633537401,0.4999992531075311,2,20,20
12,2163,0.04960915190338942,5.758081573964549e-07,0.4503908442267566,0.49999942806169656,2,20,20
12,2164,1.0115314187927512e-08,0.00017653942893152541,0.49982541911300726,0.49999803134274623,2,20,20
12,2165,0.01672852019407127,2.8145526193685066e-05,0.48324298858052905,0.500000345699206,2,20,20
12,2166,0.34982480903952506,1.1366232120217495e-10,0.15023562337010166,0.4999395674767109,2,20,20
12,2167,0.49843080496031716,3.0634505794470144e-12,0.0016296576084079753,0.4999395374282111,2,20,20
12,2168,0.4984308049603179,5.948539850389744e-14,0.0031884039441716474,0.4983807910954509,2,20,20
12,2169,0.24723517702061537,1.434346082051364e-05,0.2543696773450304,0.4983808021735332,2,20,20
12,2170,0.24723517715036397,1.4343466881355049e-05,0.2528581443351998,0.4998923350475549,2,20,20
12,2171,0.24723517702061468,1.4343460820684308e-05,0.25277898200036997,0.4999714975181944,2,20,20
12,2172,0.49988943920473716,9.423653428197425e-16,0.00011209520394447874,0.4999984655913173,2,20,20
12,2173,0.49999081023311603,2.721462178198652e-14,9.176832526763366e-05,0.49991742144158874,2,20,20
12,2174,0.49999081023311537,2.7198524957012212e-14,2.9476832316968954e-05,0.4999797129345401,2,20,20
12,2175,0.4999908102331153,2.6273916233984295e-14,1.0221771867694224e-05,0.4999989679949901,2,20,20
12,2176,0.16470244202836112,0.0038649575896294707,0.33111035101338726,0.5003222493686219,2,20,20
12,2177,7.960545985313123e-08,0.0013894369610506214,0.49861151526981573,0.4999989681636731,2,20,20
12,2178,7.960545984062525e-08,0.0013894369610505887,0.4986105089952739,0.49999997443821514,2,20,20
12,2179,7.960545985307638e-08,0.0013894369610505887,0.49861153250935464,0.49999895092413443,2,20,20
12,2180,3.5849644237131e-11,3.6479976827727203e-17,0.5000000188325157,0.499999981131634,2,20,20
12,2181,0.0002623669184152371,2.4697643696499766e-05,0.6742185808648606,0.32549435457302833,2,20,20
12,2182,0.00026236692068552786,2.4697643661934845e-05,0.4995965985037283,0.5001163369319248,2,20,20
12,2183,5.935703119759269e-06,1.4807867761561e-08,0.5000766279051697,0.49991742158384206,2,20,20
12,2184,0.00018556131650164907,1.979383082751444e-15,0.4998154700514148,0.49999896863208165,2,20,20
12,2185,0.000371356117879667,3.778636516497625e-10,0.49962970051166367,0.4999989429925925,2,20,20
12,2186,3.584876082835287e-11,1.9941907971106968e-15,0.5016190468601508,0.4983809531039981,2,20,20
12,2187,4.843636705937942e-09,8.453905777272802e-05,0.4785601619963645,0.521355294102226,2,20,20
12,2188,0.001607613332078804,0.00015151411984641505,0.49985991547377245,0.49838095707430247,2,20,20
12,2189,7.984848321009574e-06,1.881976931194103e-07,0.3354940451225571,0.6644977818314287,2,20,20
12,2190,1.0280505361444366e-08,1.9377907162751566e-09,0.5000017939606605,0.4999981938210436,2,20,20
12,2191,1.0280504660682347e-08,1.9377897913471652e-09,0.5000000316645092,0.49999995611719655,2,20,20
12,2192,5.3766680610185515e-06,1.4437791148727892e-05,0.49998020794796716,0.4999999775928232,2,20,20
12,2193,0.2714029707964183,2.2264962777013123e-12,0.36682118632654737,0.361775842874808,2,20,20
12,2194,6.400605045792614e-06,3.0171672755559397e-07,0.6382174661086613,0.3617758315695654,2,20,20
12,2195,0.019992421081961743,1.8076816357565364e-10,0.6182317476032811,0.361775831133989,2,20,20
12,2196,0.019992421080314366,1.7855569877776987e-10,0.48000762225874216,0.49999995648238804,2,20,20
12,2197,0.019992421080314564,1.7860932837729545e-10,0.4800093924829049,0.4999981862581712,2,20,20
12,2198,0.01999242108031507,1.785566398084438e-10,0.4800663706449971,0.4999412080961313,2,20,20
12,2199,1.084445208956907e-14,5.444604132495239e-14,0.0016778891599158235,0.9983221108400189,2,20,20
12,2200,7.193398230336264e-16,5.459726721682614e-14,0.00011761249890801799,0.9998823875010366,2,20,20
12,2201,3.7206936362211225e-17,5.011895663589847e-17,1.088042791241212e-06,0.9999989119572087,2,20,20
12,2202,2.1581702596949569e-10,1.1597286975077105e-09,0.4416511086836041,0.5583488899408496,2,20,20
12,2203,8.806824501241084e-05,6.470551807777566e-10,0.46799151023198343,0.5319204208759493,2,20,20
12,2204,0.4027284676952305,1.0162527449189844e-07,0.09735401092332555,0.4999174197561696,2,20,20
12,2205,2.6542870780397808e-05,1.0982029607145538e-08,0.5000560348750168,0.49991741127217276,2,20,20
12,2206,0.00021623129093704594,5.786192586456568e-12,0.4998663574383009,0.49991741126497596,2,20,20
12,2207,0.0007750441704022821,3.3162105200941276e-07,0.4993071974455793,0.49991742676296574,2,20,20
12,2208,6.64829475488245e-08,6.367996605612003e-09,0.4999039945025824,0.5000959326464728,2,20,20
12,2209,6.648298747118313e-08,6.3679975464785875e-09,0.49990401969097564,0.5000959074580391,2,20,20
12,2210,6.648351540746061e-08,6.541889772805787e-09,0.5010583296967897,0.4989415972778048,2,20,20
12,2211,0.01887761072256472,1.7461852564112692e-10,0.4812054006571219,0.49991698844569404,2,20,20
12,2212,0.49008971050813593,4.455191132449175e-09,0.00999327535073716,0.4999170096859356,2,20,20
12,2213,0.4999979534325405,3.176020819366909e-17,3.0788779618719885e-06,0.49999896768949775,2,20,20
12,2214,0.3495610978096622,1.6919162129593605e-10,0.153778340638243,0.49666056138290304,2,20,20
12,2215,0.4997111876570084,5.8295411131863245e-12,0.00037264349474433993,0.49991616884241774,2,20,20
12,2216,0.49677325505667896,1.2052838712933427e-09,0.0033099753178682458,0.4999167684201691,2,20,20
12,2217,0.49677325505666825,1.2022266097453453e-09,0.003227599005717498,0.49999914473538776,2,20,20
12,2218,0.4983905487713607,6.342973647304442e-08,0.00160941293758859,0.49999997486131426,2,20,20
12,2219,0.4983905487713607,6.342973647303444e-08,0.0016094388639970759,0.4999999489349058,2,20,20
12,2220,0.4983905487713614,6.342973650547784e-08,0.0016094493227486657,0.4999999384761533,2,20,20
12,2221,0.49938940892837397,7.827412795713574e-11,0.0006116479535600227,0.499998943039792,2,20,20
12,2222,0.17979178972680407,5.218603016292493e-06,0.24078523022931253,0.5794177614408673,2,20,20
12,2223,0.4962214074019384,9.65636553921998e-14,0.0037786250199147893,0.4999999675780501,2,20,20
12,2224,0.4879337828063996,7.929631692534388e-14,0.0167300366318256,0.49533618056169565,2,20,20
12,2225,0.49836224156268877,6.456177326920059e-08,0.0016866197837188323,0.49995107409181927,2,20,20
12,2226,0.4999709144966403,3.069730346782007e-12,8.95480777274752e-05,0.4999395374225625,2,20,20
12,2227,0.4918038194148943,1.1939566464354155e-09,0.008261484742188312,0.4999346946489606,2,20,20
12,2228,0.13080884585262095,6.89030406106163e-08,0.3691898433363831,0.5000012419079548,2,20,20
12,2229,0.13080884585262095,6.890304062684303e-08,0.36919126712133365,0.49999981812300454,2,20,20
12,2230,0.003560932054733741,3.358242351188959e-05,0.49608368968619854,0.5003217958355558,2,20,20
12,2231,0.3465691878113999,1.9056654724044156e-12,0.15343184448357852,0.4999989677031158,2,20,20
12,2232,0.004545015577455455,0.00010665471787995763,0.46693100488917033,0.5284173248154945,2,20,20
12,2233,2.568175944968775e-05,0.11206251930987789,0.3785402967364267,0.5093715021942451,2,20,20
12,2234,2.6275932542871886e-12,0.4841080122474055,0.015950779387713353,0.49994120836225353,2,20,20
12,2235,2.706686663723543e-05,0.008288270920706123,0.49168716104419696,0.49999750116845953,2,20,20
12,2236,3.2118821301514475e-05,0.0003450918482676493,0.4996430719736318,0.49997971735679925,2,20,20
12,2237,0.47875625981589787,4.2073480977785115e-09,0.021198930730570657,0.5000448052461833,2,20,20
12,2238,0.49969358942620884,3.1200532824845733e-10,0.05854958341303488,0.4417568268487509,2,20,20
12,2239,0.0029540725560047677,4.3046278278300195e-08,0.4783185200559856,0.5187273643417327,2,20,20
12,2240,3.355218892474796e-06,1.802466779507943e-05,0.500089849385524,0.499888770727788,2,20,20
12,2241,3.355218322539755e-06,1.8024667794121415e-05,0.49997895078753213,0.4999996693263511,2,20,20
12,2242,3.3552183232310064e-06,1.8024667795046012e-05,0.49999890827463855,0.4999797118392431,2,20,20
12,2243,4.135087701912205e-06,3.518041644274813e-14,0.5000258369565642,0.49997002795569817,2,20,20
12,2244,0.04492006109766994,2.0419660500513054e-10,0.45513873117606324,0.49994120752207016,2,20,20
12,2245,0.0002200932489423765,6.171399850862249e-12,0.5009354603606648,0.4988444463842218,2,20,20
12,2246,0.00022009321649422368,1.2261766217533903e-13,0.4998625068132738,0.4999173999701091,2,20,20
12,2247,1.885640908365942e-05,1.2472654590602415e-08,0.18625196951089135,0.8137291616073704,2,20,20
12,2248,1.8856409082783822e-05,1.2472600954013377e-08,0.18616939553502163,0.8138117355832946,2,20,20
12,2249,5.691057677341546e-13,1.7383182583744163e-17,8.422775540575172e-05,0.999915772244025,2,20,20
12,2250,6.086767469726723e-13,3.030232609815011e-12,0.004748251474107254,0.9952517485222538,2,20,20
12,2251,1.1946449899089357e-13,3.0302818520871085e-12,0.004666116832585374,0.9953338831642651,2,20,20
12,2252,1.0164369008377695e-14,9.906973496775067e-16,3.93971833097588e-06,0.999996060281658,2,20,20
12,2253,7.073424021045126e-14,5.4468828103758575e-14,0.05854449420623391,0.9414555057936409,2,20,20
12,2254,7.054700464284608e-14,8.481761141918916e-16,0.05846292600202594,0.9415370739979027,2,20,20
12,2255,1.0627844549437624e-14,3.038396888116739e-12,0.0033304575894053533,0.9966695424075459,2,20,20
12,2256,4.938259516475664e-19,1.159054420832967e-18,1.050873760024589e-06,0.99999894912624,2,20,20
12,2257,1.2354740824216283e-17,3.3322756960377394e-17,1.4757997446322064e-06,0.9999985242002554,2,20,20
12,2258,1.7642107746678588e-15,1.9156203210287875e-15,2.5300325557520767e-06,0.9999974699674408,2,20,20
12,2259,1.016276372299124e-14,9.90543778310584e-16,8.32360294038607e-05,0.9999167639705849,2,20,20
12,2260,9.999649457780884e-15,9.580952147972726e-16,8.320372726431515e-05,0.9999167962727247,2,20,20
12,2261,2.895867117778932e-12,5.851766655338083e-14,0.45537468145942694,0.544625318537618,2,20,20
12,2262,7.11551879094592e-10,9.723118750679631e-10,0.499158834199364,0.5008411641167715,2,20,20
12,2263,1.2612418782679065e-11,3.109685354199411e-06,0.4999820830608642,0.5000148072411686,2,20,20
12,2264,3.1273618407711395e-05,9.748866883219163e-08,0.4606347566421343,0.5393338722507888,2,20,20
12,2265,1.3477753443001042e-10,6.349329305884509e-10,0.4680460941098538,0.531953905120436,2,20,20
12,2266,9.93385875093907e-10,7.604066731347699e-08,0.4999799346285983,0.5000199883373482,2,20,20
12,2267,1.0224616073329351e-09,0.0002488496029207668,0.49983336262558675,0.49991778674903053,2,20,20
12,2268,1.0224622958866073e-09,0.0002488496029198258,0.49980959663036856,0.49994155274424906,2,20,20
12,2269,0.0346280174566606,0.0008164064427660574,0.24288419994421526,0.721671376156358,2,20,20
12,2270,7.162653037494401e-16,9.417409343516193e-16,6.105445964324881e-05,0.9999389455403551,2,20,20
12,2271,7.1324940822070225e-16,1.7101086723676527e-17,6.102942321747975e-05,0.9999389705767818,2,20,20
12,2272,2.276398367542797e-12,1.7426452194307877e-10,8.855117425330681e-05,0.9999114486492058,2,20,20
12,2273,1.0688284120785194e-14,5.367018900880268e-14,8.363237007491597e-05,0.9999163676298607,2,20,20
12,2274,1.1388836068362078e-14,5.367019410658593e-14,8.311877270647418e-05,0.9999168812272283,2,20,20
12,2275,7.162469900909567e-16,4.983428646542677e-17,1.968172229558199e-06,0.9999980318277698,2,20,20
12,2276,2.276442454929472e-12,1.7424133382455302e-10,0.0001540904055323804,0.9998459094179499,2,20,20
12,2277,2.001074013264587e-14,5.369278774340114e-14,2.9990044357153966e-05,0.9999700099555694,2,20,20
12,2278,1.2568585673122101e-17,3.360241644943849e-17,1.0758421882717073e-06,0.9999989241578118,2,20,20
12,2279,1.294777189576439e-10,5.3555221706151026e-14,0.0011549370493450098,0.998845062821124,2,20,20
12,2280,4.055104672720739e-14,1.8947744256288517e-15,0.0011548345451189497,0.9988451654548386,2,20,20
12,2281,4.125175776872199e-14,2.835637464290988e-15,0.0011542020011952084,0.9988457979987608,2,20,20
12,2282,3.9966663920583606e-14,5.011702558275103e-17,6.144719102680228e-05,0.9999385528089332,2,20,20
12,2283,3.2124334903945955e-11,1.7257690945414062e-10,0.004932941596420384,0.9950670581988783,2,20,20
12,2284,7.163001158502479e-16,9.426010880671235e-16,1.8374708709475935e-06,0.9999981625291274,2,20,20
12,2285,8.91404876194175e-16,9.741974616538224e-16,8.334385136633033e-05,0.9999166561486318,2,20,20
12,2286,2.277488972795369e-12,5.5528348946652504e-14,4.308868190725734e-06,0.9999956911294764,2,20,20
12,2287,2.2769633502732575e-12,2.8402523095467836e-15,2.8819248164985396e-06,0.9999971180729041,2,20,20
12,2288,8.913828739689688e-16,1.9153356767252775e-15,2.1069329603592104e-06,0.999997893067037,2,20,20
12,2289,1.1497737531764074e-10,7.041470846948933e-09,0.14561940560755343,0.8543805872359986,2,20,20
12,2290,4.003863664180285e-14,3.0507641993631923e-12,0.0011543737157121957,0.9988456262811969,2,20,20
12,2291,3.998902294991012e-14,3.0488110171903665e-12,0.001625500474535193,0.998374499522376,2,20,20
12,2292,1.7584456627428452e-16,3.3607617967594685e-17,1.1008227460614754e-06,0.9999988991772538,2,20,20
12,2293,1.0669688351532423e-14,3.048847624421637e-12,0.001620133151103487,0.9983798668458372,2,20,20
12,2294,7.011992654101709e-16,9.420205683354658e-16,2.0892311877376738e-06,0.9999979107688108,2,20,20
12,2295,2.469848704729417e-17,1.882772598338875e-15,6.025892356238045e-05,0.9999397410764357,2,20,20
12,2296,2.0672993701796816e-14,9.747621486136782e-16,1.981896213045728e-06,0.9999980181037653,2,20,20
12,2297,2.068528259534499e-14,9.912614714730319e-16,6.075466649178915e-05,0.9999392453334867,2,20,20
12,2298,2.2624553189919337e-12,9.522599455972164e-16,0.0033415094196366274,0.9966584905781002,2,20,20
12,2299,4.531700231060726e-12,5.534528320168256e-14,0.004959246453288569,0.9950407535421244,2,20,20
12,2300,2.3421582085442543e-12,1.8767912049686353e-15,0.0033988477798686753,0.9966011522177873,2,20,20
12,2301,2.262980890166972e-12,2.817470259157821e-15,0.003341508036328176,0.996658491961406,2,20,20
12,2302,9.443914691489428e-18,9.420305536371258e-16,3.0060204202770997e-06,0.9999969939795788,2,20,20
12,2303,3.3813672708646e-17,4.98392560799701e-17,1.5106719513754594e-06,0.9999984893280488,2,20,20
12,2304,1.844224232820209e-17,1.682155289815469e-17,2.9448449759503065e-06,0.999997055155024,2,20,20
12,2305,5.011104991658028e-14,9.744877208081543e-16,4.727123900913377e-06,0.9999952728760478,2,20,20
12,2306,3.300809020623069e-11,5.461095839984782e-14,0.00011165234517932498,0.9998883476217579,2,20,20
12,2307,7.131305742616436e-16,4.9822442848325754e-17,2.853948857703221e-05,0.9999714605114224,2,20,20
12,2308,1.2976165171571526e-10,5.459771644674976e-14,6.007064427017425e-05,0.9999399292259138,2,20,20
12,2309,7.130615151824417e-16,9.744631452294097e-16,1.5112937940248219e-06,0.9999984887062044,2,20,20
12,2310,9.998615199273962e-15,5.3662285197803843e-14,3.5429401715131242e-06,0.9999964570597648,2,20,20
12,2311,2.276418461697841e-12,5.459462816574196e-14,8.305589944733647e-05,0.9999169440982216,2,20,20
12,2312,2.276418461697841e-12,5.459462816574196e-14,8.305589944733647e-05,0.9999169440982216,2,20,20
12,2313,2.276403448945722e-12,3.05818826189962e-12,9.275729605878538e-05,0.9999072426986065,2,20,20
12,2314,3.967820222783148e-14,9.351965689030366e-16,0.0033293897172855724,0.9966706102826738,2,20,20
12,2315,5.06525575488896e-14,5.369160725280701e-14,6.097481354672211e-05,0.9999390251863489,2,20,20
12,2316,1.2980689207603186e-10,3.112164628824789e-12,6.367405347600245e-05,0.999936325813605,2,20,20
12,2317,1.297762376605689e-10,3.113088640363306e-12,7.230025107874632e-05,0.9999276996160319,2,20,20
12,2318,1.298061913279963e-10,3.1657869138955912e-12,0.00010163642956269214,0.9998983634374654,2,20,20
12,2319,4.038949442085129e-14,5.422401475230282e-14,0.0033293021376374836,0.9966706978622679,2,20,20
12,2320,7.135477676054243e-16,1.739586434302742e-17,1.4155949674664438e-06,0.999998584405032,2,20,20
12,2321,3.2227373448051035e-11,1.731829154771273e-10,0.0033445905224521147,0.9966554092721378,2,20,20
12,2322,3.2227548638507275e-11,1.7318291548720287e-10,0.0033446159853495754,0.9966553838092402,2,20,20
12,2323,3.506533620724965e-16,3.3612432990955866e-17,2.949533102088116e-06,0.9999970504668978,2,20,20
12,2324,2.2774878439760937e-12,1.0732476454131792e-13,2.905291938534986e-06,0.9999970947056767,2,20,20
12,2325,4.064639095833437e-14,9.752242928486847e-16,5.8876265276264615e-05,0.9999411237346822,2,20,20
12,2326,3.271077801076014e-11,6.087677395650339e-12,0.004724709554557619,0.995275290406644,2,20,20
12,2327,2.2695955770235243e-12,5.5367778324529025e-14,0.0016196185821912919,0.9983803814154838,2,20,20
12,2328,2.3097931639428165e-12,5.442709597748403e-14,0.004959246404191445,0.9950407535934442,2,20,20
12,2329,7.38241104452863e-09,1.0887095859316358e-13,0.0027790799194517303,0.9972209126980283,2,20,20
12,2330,6.593876952578744e-14,1.1342271873048589e-10,0.17463027584484425,0.8253697240416674,2,20,20
12,2331,7.161854875676876e-16,1.0729123908450626e-13,4.968843450602381e-06,0.9999950311564416,2,20,20
12,2332,1.0083195508529213e-14,5.994811714101168e-14,0.4412800300045846,0.5587199699953453,2,20,20
12,2333,1.70663009485093e-06,9.16823504244241e-06,0.49994724656815115,0.5000418785667118,2,20,20
12,2334,2.9833898055363483e-07,3.2616807902184777e-07,0.49991226414496254,0.500087111347978,2,20,20
12,2335,0.29401249044369376,1.4962802071631632e-07,0.2059877287612853,0.4999996311670001,2,20,20
12,2336,0.49960765240371874,4.9960189357260614e-14,0.0003927293834465769,0.499999618212785,2,20,20
12,2337,0.4996076524041996,8.382444941403496e-09,0.07852257783012538,0.42186976138323007,2,20,20
12,2338,0.4939437390602653,1.3578487411109412e-12,0.006059162266007435,0.49999709867236947,2,20,20
12,2339,0.49981461688723217,2.7715447406573904e-12,0.00018643243398734603,0.4999989506760088,2,20,20
12,2340,0.4996012135925893,8.10277810940695e-11,0.0003998143900667736,0.49999897193631593,2,20,20
12,2341,0.010906415164978865,1.71269521892321e-05,0.4890566546530903,0.5000198032297415,2,20,20
12,2342,0.48776613021387083,9.830025235084476e-12,0.012294298776363006,0.4999395709999362,2,20,20
12,2343,0.48776613008410935,6.772588376394313e-12,0.012233872372929255,0.49999999753618896,2,20,20
12,2344,0.49488413447758717,9.625355325136418e-10,0.005198430123320013,0.49991743443655723,2,20,20
12,2345,0.023676608745037346,1.0667315857704067e-10,0.47632360413334424,0.49999978701494646,2,20,20
12,2346,8.343868228091707e-08,4.194513280113061e-07,0.4936170474561618,0.5063824496538275,2,20,20
12,2347,1.1348695397030532e-07,3.475116724775305e-05,0.49995634760948465,0.5000087877363136,2,20,20
12,2348,1.1345448971211024e-07,3.4750993006468907e-05,0.49980521640507686,0.5001599191474271,2,20,20
12,2349,0.4925472888915564,2.5166893560140787e-15,0.0074531948848654645,0.49999951622357564,2,20,20
12,2350,0.20859167467072362,6.594931083886533e-11,0.29140884193554084,0.4999994833277859,2,20,20
12,2351,0.4922819963323343,3.1121804560128474e-10,0.0077182474269633025,0.49999975592948415,2,20,20
12,2352,0.020499148784170133,5.754876123498629e-07,0.482532567351522,0.4969677083766956,2,20,20
12,2353,6.8300339437252235e-06,1.0773671156596267e-08,0.5030345809227256,0.49695857826965945,2,20,20
12,2354,6.4110819093922455e-06,1.0603429026912065e-08,0.5016220656012184,0.49837151271344327,2,20,20
12,2355,6.410952594634718e-06,1.0600381163278683e-08,0.49999564471017627,0.49999793373684775,2,20,20
12,2356,0.19659799536738756,9.347283675384176e-11,0.30340406203937126,0.4999979424997681,2,20,20
12,2357,0.23446159667421423,4.225943095909622e-09,0.2655398860211454,0.4999985130786973,2,20,20
12,2358,0.23446159667417432,4.225943112126413e-09,0.2655378694838068,0.5000005296160762,2,20,20
12,2359,0.2344615966741743,4.225943111841732e-09,0.26553786324445555,0.5000005358554274,2,20,20
12,2360,0.4922042707052448,4.470307642968253e-09,0.007796760199152154,0.49999896462529536,2,20,20
12,2361,0.49997260704407365,7.184579778569667e-15,2.844999770467603e-05,0.49999894295821434,2,20,20
12,2362,0.4999726070446435,6.082553920958965e-14,6.860418295983974e-05,0.49995878877233574,2,20,20
12,2363,0.49997260704407365,6.259939964199577e-15,2.7436792746324697e-05,0.49999995616317355,2,20,20
12,2364,0.49987486946289933,2.0292153708764968e-11,0.0001251690306663833,0.49999996148614195,2,20,20
12,2365,0.4990343636402441,1.2263011003616233e-14,0.0009656801965129338,0.4999999561632304,2,20,20
12,2366,0.4974013062121511,1.031282174481228e-12,0.0025984359015289527,0.5000002578852885,2,20,20
12,2367,0.4983272191238146,5.856098875429282e-11,0.0016727962731045614,0.49999998454451994,2,20,20
12,2368,0.045642755034725806,2.0557619635074283e-10,0.45435730588646184,0.49999993887323624,2,20,20
12,2369,0.04564275503472512,2.0557712093297882e-10,0.454385739851076,0.4999715049086216,2,20,20
12,2370,0.04564653117994232,3.60733223258081e-12,0.4543545261602304,0.4999989426562202,2,20,20
12,2371,0.0010399687807686308,6.04280096681501e-09,0.4988675923563703,0.5000924328200596,2,20,20
12,2372,0.0010366235871052576,1.982520670615143e-05,0.49356017566452415,0.5053833755416646,2,20,20
12,2373,0.012208019181960642,3.542425869101636e-07,0.4877916698833327,0.49999995669211983,2,20,20
12,2374,2.3158944737556206e-06,5.432876119744188e-08,0.49915610355213413,0.5008415262246307,2,20,20
12,2375,0.015116929227629347,1.1158606958149017e-07,0.48485369192373456,0.5000292672625666,2,20,20
12,2376,0.00011189542045149582,1.0922363141691731e-10,0.49996988672296516,0.49991821774735984,2,20,20
12,2377,0.0059479743185208815,1.0628224776118962e-10,0.4941108461570734,0.4999411794181235,2,20,20
12,2378,0.005947974318530178,1.0628318879386351e-10,0.4941108467709514,0.49994117880423544,2,20,20
12,2379,0.001070133989636104,7.078871863999978e-07,0.4989879486840588,0.49994120943911846,2,20,20
12,2380,0.00043991686535186264,6.004428757117939e-11,0.4995809401142173,0.4999791429603861,2,20,20
12,2381,0.04488796114213941,6.541033164272368e-07,0.4551330954646196,0.49997828928992405,2,20,20
12,2382,7.071712705732794e-06,1.6667544271980978e-07,0.5000753472635234,0.4999174143483279,2,20,20
12,2383,0.0012505774519086979,4.222744886669706e-07,0.1387347537238705,0.8600142465497321,2,20,20
12,2384,1.05935620638179e-14,5.408679920452395e-14,0.004664878302859867,0.9953351216970757,2,20,20
12,2385,4.037864240600484e-14,3.0374625813428647e-12,0.003329806945579707,0.9966701930513427,2,20,20
12,2386,7.375757243694661e-09,1.896620644194985e-15,0.0014573236557455665,0.9985426689684953,2,20,20
12,2387,7.375796497339201e-09,5.461112592522741e-14,0.001515074215013955,0.9984849184091349,2,20,20
12,2388,7.375757243694661e-09,1.8966206441949922e-15,0.001457323655745567,0.9985426689684955,2,20,20
12,2389,9.986019974149328e-15,9.744270882635458e-16,2.176408883894711e-05,0.9999782359111501,2,20,20
12,2390,3.245236800469834e-11,5.554129062224638e-14,4.9945870641638025e-05,0.9999500540968507,2,20,20
12,2391,3.2442394764606686e-11,5.460046396234071e-14,8.842272534723235e-05,0.9999115772421561,2,20,20
12,2392,9.999661537799822e-15,9.578142542387071e-16,8.363920977612247e-05,0.9999163607902131,2,20,20
12,2393,1.0688398225780064e-14,1.8827386980211733e-15,8.36642542869594e-05,0.9999163357457006,2,20,20
12,2394,1.7566036469924194e-16,5.36727359017571e-14,5.98525942161397e-05,0.9999401474057301,2,20,20
12,2395,1.56939272631288e-17,9.583806693392975e-16,8.262969280678798e-05,0.9999173703071922,2,20,20
12,2396,3.563023620760844e-18,9.58088735342742e-16,8.361043080836932e-05,0.9999163895691907,2,20,20
12,2397,4.9942093956501877e-14,2.840257779196529e-15,2.961351383034431e-06,0.9999970386485644,2,20,20
12,2398,1.0185959344918603e-14,1.9156195437198423e-15,2.5335293951566714e-06,0.9999974664705928,2,20,20
12,2399,2.068404318545746e-14,1.9158047952784127e-15,5.7036457756705446e-05,0.9999429635422208,2,20,20
12,2400,3.536911527131963e-16,4.9829816975565267e-17,0.00011157691125583941,0.9998884230887437,2,20,20
12,2401,4.0292322813300885e-14,3.057454292250008e-12,0.00014354374463928927,0.9998564562522629,2,20,20
12,2402,1.905376049447441e-16,1.7383134246453357e-17,8.31178152253402e-05,0.9999168821847746,2,20,20
12,2403,2.2695958307171844e-12,3.1023183991547563e-12,0.001701747813010332,0.9982982521816178,2,20,20
12,2404,3.645063631394329e-16,3.0374786883133707e-12,0.003330899971889486,0.9966691000250728,2,20,20
12,2405,1.9056474229761223e-16,4.982908931953506e-17,2.924377542633477e-06,0.9999970756224572,2,20,20
12,2406,2.0018947499708358e-16,9.578571142432953e-16,5.985110957022932e-05,0.9999401488904287,2,20,20
12,2407,1.058020691413502e-15,5.518098691454105e-14,0.0033879861498239006,0.9966120138501198,2,20,20
12,2408,4.0481885093726486e-14,5.461802892228969e-14,2.219214093396676e-05,0.999977807858971,2,20,20
12,2409,4.032164136470776e-14,5.460379838205602e-14,3.684884289808718e-06,0.999996315115615,2,20,20
12,2410,4.0318778826659445e-14,9.582610721465831e-16,2.92961843751092e-06,0.9999970703815211,2,20,20
12,2411,4.0112531852663115e-14,1.0823380648931823e-13,0.00014142100305991465,0.9998585789967918,2,20,20
12,2412,3.752206595275552e-16,5.3689252409585384e-14,5.986762065179642e-05,0.9999401323792944,2,20,20
12,2413,9.03676284803229e-16,9.747628363637894e-16,2.581134506862958e-06,0.9999974188654914,2,20,20
12,2414,7.225559653609259e-15,2.251297627134371e-12,0.13822410555270345,0.8617758944450381,2,20,20
12,2415,8.05851368284982e-14,1.0730007547629878e-13,7.915255767136504e-05,0.9999208474421408,2,20,20
12,2416,4.0647653951201495e-14,2.8237314309640515e-15,8.364804345501661e-05,0.9999163519565017,2,20,20
12,2417,1.2623428606953214e-17,9.417473223544663e-16,4.078510079927266e-07,0.9999995921489911,2,20,20
12,2418,1.9185671019713886e-16,9.493116895608987e-16,0.004663868061912247,0.9953361319380869,2,20,20
12,2419,3.995589209886684e-14,5.461948766512976e-14,8.506316192975402e-05,0.9999149368379757,2,20,20
12,2420,3.995252443849297e-14,3.05731165919711e-12,8.386432769622364e-05,0.9999161356692065,2,20,20
12,2421,3.9946481464109746e-14,3.0573278759420822e-12,8.528999397395962e-05,0.9999147100029289,2,20,20
12,2422,8.822838306784639e-16,5.366077387563986e-14,2.3341892994343963e-05,0.9999766581069509,2,20,20
12,2423,4.082080434018933e-14,5.366077806496156e-14,4.945127341133516e-05,0.9999505487264941,2,20,20
12,2424,4.0120506206037204e-14,5.012306463489147e-17,2.860826764731594e-05,0.9999713917323126,2,20,20
12,2425,4.011276775955985e-14,5.461089980325786e-14,8.364120647326785e-05,0.9999163587934321,2,20,20
12,2426,1.2568561048976884e-17,5.998552821109252e-19,1.0758935282210375e-06,0.9999989241064717,2,20,20
12,2427,1.2976538706840552e-10,3.2175085443614253e-12,0.0034130428796102347,0.996586956987407,2,20,20
12,2428,1.05386761784559e-07,3.16439824029262e-12,0.0001377736243021403,0.9998621209857719,2,20,20
12,2429,4.359535919624626e-12,5.367217226301002e-14,0.021220634305098945,0.9787793656904877,2,20,20
12,2430,1.001608224036894e-14,3.112207131594137e-12,8.836068752401023e-05,0.999911639309354,2,20,20
12,2431,9.160223471653873e-16,5.3695945945460535e-14,1.8616506056141296e-06,0.9999981383493397,2,20,20
12,2432,3.243826214434939e-11,3.1654564216615807e-12,9.820322978123902e-05,0.999901796734615,2,20,20
12,2433,3.2438086953182664e-11,3.1118111688507374e-12,9.743598762958372e-05,0.9999025639768206,2,20,20
12,2434,1.289202715282457e-10,5.424602902859703e-14,0.0033685537219432047,0.9966314461490825,2,20,20
12,2435,1.2891029829351661e-10,5.4245511555517424e-14,0.0033410959122654603,0.9966589039587703,2,20,20
12,2436,3.214215848242431e-11,5.4103094191275554e-14,0.004671231463380961,0.9953287685044228,2,20,20
12,2437,5.675303904853944e-13,9.392626931516515e-16,0.0016220595224334512,0.998377940476998,2,20,20
12,2438,1.7551023857562658e-16,1.7105366728749778e-17,2.854694730483111e-05,0.9999714530526951,2,20,20
12,2439,1.7567195411238164e-16,1.7105366733141363e-17,2.853962622954843e-05,0.9999714603737704,2,20,20
12,2440,1.7874080856089365e-16,9.582464780318853e-16,2.9577799367278575e-05,0.9999704222006316,2,20,20
12,2441,4.0039107151476726e-14,5.449423298322427e-14,0.0012125907491171678,0.9987874092507885,2,20,20
12,2442,7.075919790955188e-14,9.708952522542932e-16,0.05824610266604957,0.9417538973338786,2,20,20
12,2443,8.770273556853211e-16,1.8960091471310975e-15,0.0016205221100488408,0.9983794778899484,2,20,20
12,2444,1.4053942286516754e-15,1.9120705511441708e-15,0.0017016247578098794,0.9982983752421868,2,20,20
12,2445,4.380791517831953e-19,8.794557137480004e-19,4.4932151138491826e-08,0.999999955067849,2,20,20
12,2446,3.994385010984238e-14,1.8826010488126926e-15,1.504173650347145e-06,0.9999984958263081,2,20,20
12,2447,4.065987362914775e-14,5.040344689291378e-17,2.8452072934930536e-06,0.9999971547926658,2,20,20
12,2448,3.3516561104596924e-18,3.332277013578121e-17,2.4817435632919524e-06,0.9999975182564368,2,20,20
12,2449,2.839588482091221e-12,9.557448175726325e-16,0.0027740684328914295,0.997225931564268,2,20,20
12,2450,1.8777866014957075e-16,9.740283644630027e-16,8.262213706996013e-05,0.9999173778629288,2,20,20
12,2451,1.1061665649962594e-14,2.856609015416612e-15,8.406913847101751e-05,0.9999159308615153,2,20,20
12,2452,1.0889529102165557e-14,1.915908566790794e-15,2.0090674037739497e-06,0.9999979909325836,2,20,20
12,2453,2.2616603226117515e-12,9.519856261576643e-16,0.0033298920317317454,0.9966701079660056,2,20,20
12,2454,4.9926805487422426e-14,1.7424131759412456e-10,0.00021282974045397287,0.9997871700852548,2,20,20
12,2455,6.191138353311791e-13,1.7424225846143878e-10,0.00015587111606253716,0.999844128709076,2,20,20
12,2456,6.053799805377047e-13,6.074922848511058e-12,0.003358092316077164,0.9966419076772426,2,20,20
12,2457,3.986611288919301e-14,1.7313057046651315e-10,0.003371632509339061,0.9966283673174904,2,20,20
12,2458,2.2767961027018065e-12,1.9153316495732945e-15,3.5413211858486406e-06,0.9999964586765353,2,20,20
12,2459,2.2767840271127992e-12,1.882608748458532e-15,2.1105798134309387e-06,0.9999978894179078,2,20,20
12,2460,6.366567081858569e-18,8.793601071471642e-19,8.26253821636745e-05,0.9999173746178365,2,20,20
12,2461,7.161349284336572e-16,5.365396476626665e-14,8.365017155874323e-05,0.999916349828387,2,20,20
12,2462,3.100874117663436e-17,9.744740828630475e-16,2.0790149224990913e-06,0.9999979209850766,2,20,20
12,2463,1.2617819369251207e-17,9.576830648889862e-16,1.1005721191545529e-06,0.9999988994278799,2,20,20
12,2464,2.0311231140186461e-16,9.582565222577356e-16,3.0052273378674393e-05,0.9999699477266202,2,20,20
12,2465,2.3108606814232543e-12,1.7425909297583166e-10,0.0037370403940197323,0.9962629594294106,2,20,20
12,2466,2.28651113486164e-12,3.1110982611669295e-12,0.00014191343722313616,0.9998580865573794,2,20,20
12,2467,2.2865230593583793e-12,1.7732194985202854e-10,0.0001468218646207392,0.9998531779557709,2,20,20
12,2468,3.9954684863281423e-14,1.7393846577951297e-17,5.884504806364314e-05,0.9999411549518963,2,20,20
12,2469,1.4079533003962915e-15,1.7969966805706697e-17,1.082873231170076e-06,0.9999989171267674,2,20,20
12,2470,4.011437827044723e-14,3.0583951465939005e-12,6.152005806432274e-05,0.9999384799388373,2,20,20
12,2471,3.234861921627807e-11,3.0497600853114487e-12,0.001630007061434165,0.9983699929031676,2,20,20
12,2472,3.23388084723053e-11,3.102439307107914e-12,0.0017111144846041653,0.9982888854799548,2,20,20
12,2473,1.0159800566436415e-14,9.418720511382715e-16,8.548839371628533e-05,0.9999145116062726,2,20,20
12,2474,3.5065143183220467e-16,5.364633887006416e-14,5.3854402307143916e-06,0.9999946145597154,2,20,20
12,2475,2.2716915345775354e-12,3.050716761667454e-12,0.001162450289128663,0.9988375497055489,2,20,20
12,2476,1.2454969757043655e-17,9.575268911324394e-16,8.262927685610004e-05,0.9999173707231427,2,20,20
12,2477,7.008742984205699e-16,9.576822484283118e-16,1.5183103353251641e-06,0.999998481689663,2,20,20
12,2478,4.012637838256154e-14,3.0574542900159584e-12,6.050641198829089e-05,0.9999394935849143,2,20,20
12,2479,1.5712415831001115e-15,5.3321460655951414e-14,0.003388078160176268,0.996611921839769,2,20,20
12,2480,1.4019613912487747e-15,1.1690408991082146e-18,3.098043100807567e-06,0.9999969019568979,2,20,20
12,2481,2.80613540152295e-15,9.585420593266216e-16,3.1296242000038796e-06,0.9999968703757964,2,20,20
12,2482,4.083182015808121e-14,1.0732205310402188e-13,2.2806585828834087e-05,0.9999771934140231,2,20,20
12,2483,4.1513165696069e-14,5.4262864611212537e-14,0.0033506727817605116,0.9966493272181436,2,20,20
12,2484,4.135901327298679e-14,9.915258915162142e-16,2.1790305843070504e-05,0.9999782096941146,2,20,20
12,2485,4.065976983956027e-14,6.662521664089214e-17,2.4498579930902865e-06,0.9999975501419662,2,20,20
12,2486,4.9892913044433735e-14,5.457811968364126e-14,0.0016778956857479634,0.9983221043141476,2,20,20
12,2487,1.0654634754675521e-14,1.89606654770037e-15,0.0016205421916233131,0.9983794578083642,2,20,20
12,2488,1.783260638181888e-16,9.7446115710096e-16,8.363601826210911e-05,0.9999163639817368,2,20,20
12,2489,7.0394858592958e-16,5.3662557794207264e-14,8.506296163633627e-05,0.9999149370383092,2,20,20
12,2490,6.261459856643295e-18,3.359690297246563e-17,0.0001651570744482258,0.9998348429255517,2,20,20
12,2491,1.0171969412733589e-14,5.551924899140439e-14,0.00014139281770402434,0.9998586071822304,2,20,20
12,2492,2.0326121332782065e-16,3.764170589230616e-15,0.00011758422427961183,0.9998824157757167,2,20,20
12,2493,1.8773835365059936e-16,1.8823852226087195e-15,5.881847944688192e-05,0.9999411815205511,2,20,20
12,2494,2.1423767960876285e-17,5.330553405043276e-14,0.003331133620788951,0.9966688663791577,2,20,20
12,2495,3.991040942526564e-17,5.330553402879107e-14,0.003349489078262054,0.9966505109216847,2,20,20
12,2496,1.834376114173097e-17,5.3305524063832946e-14,0.0033292358020189003,0.996670764197928,2,20,20
12,2497,1.9056071941528247e-16,5.366256564050708e-14,2.535733140635124e-06,0.9999974642668055,2,20,20
12,2498,5.691971056340737e-13,1.882885543266177e-15,1.5773579590048855e-06,0.99999842264147,2,20,20
12,2499,9.985969127038432e-15,5.366263593251421e-14,1.849449361367729e-06,0.9999981505505751,2,20,20
12,2500,1.2982735769766238e-10,2.856778695291353e-15,2.9673949882845855e-06,0.9999970324751815,2,20,20
12,2501,7.038409418529207e-16,9.582414481893223e-16,1.5186168302113807e-06,0.9999984813831683,2,20,20
12,2502,7.009867557828984e-16,9.579618483007642e-16,1.4863256146460217e-06,0.9999985136743837,2,20,20
12,2503,7.011750349276166e-16,9.41637331827405e-16,5.88169418319146e-05,0.9999411830581664,2,20,20
12,2504,9.919673482575242e-15,1.065773852096698e-13,0.003329207804227308,0.9966707921956561,2,20,20
12,2505,5.056227714910669e-14,1.0845961110719653e-13,0.0033506043316255426,0.9966493956682155,2,20,20
12,2506,2.2864603519697858e-12,1.0753464753582269e-13,0.0033879993810281817,0.996612000616578,2,20,20
12,2507,3.993931800446089e-14,5.3656516247912816e-14,5.985295645125797e-05,0.9999401470434554,2,20,20
12,2508,1.2838086709167838e-17,4.982921627439282e-17,2.064469626317846e-06,0.999997935530374,2,20,20
12,2509,3.9951531064700956e-14,3.0574705118237655e-12,6.14950393715289e-05,0.9999385049575313,2,20,20
12,2510,2.486074204741472e-17,3.361234256557638e-17,1.4772425263916427e-06,0.9999985227574737,2,20,20
12,2511,2.4591215760509623e-17,4.9824053893407485e-17,1.4934468487283254e-06,0.9999985065531513,2,20,20
12,2512,2.2767996825371804e-12,1.9153320674045553e-15,3.4777062595266776e-06,0.9999965222914617,2,20,20
12,2513,1.9056754522469187e-16,1.8991080559491982e-15,2.5247785263697025e-06,0.9999974752214715,2,20,20
12,2514,1.5484032327027732e-17,9.582473127993298e-16,2.506623924195451e-06,0.9999974933760747,2,20,20
12,2515,1.9060994541984904e-16,5.363774309973871e-14,8.550104210211545e-05,0.9999144989578439,2,20,20
12,2516,5.645888343827274e-13,3.083801406529139e-12,0.004755080264511276,0.9952449197318403,2,20,20
12,2517,5.64576758829413e-13,3.0311055305007327e-12,0.004755058661422272,0.9952449413349822,2,20,20
12,2518,3.51006470098667e-18,9.415874716719611e-16,8.259729409640764e-05,0.9999174027059027,2,20,20
12,2519,1.0685935283901216e-14,3.057508570303701e-12,4.895487970575693e-05,0.9999510451172263,2,20,20
12,2520,3.462874401374183e-11,3.0518929001986493e-12,0.0015124657543480837,0.9984875342079714,2,20,20
12,2521,3.247880722240989e-11,3.0601179770627366e-12,8.534574819398405e-05,0.9999146542162672,2,20,20
12,2522,3.243905108004308e-11,6.115909981616176e-12,0.0001055996872272026,0.9998944002742178,2,20,20
12,2523,8.988484970159385e-16,3.1109792502876946e-12,0.003350923990210669,0.9966490760066775,2,20,20
12,2524,9.898957398901337e-15,1.7241429630391292e-17,0.004675063275185288,0.9953249367248048,2,20,20
12,2525,4.037855322100245e-14,5.4246214847064984e-14,0.003330655437636225,0.9966693445622693,2,20,20
12,2526,3.9852978877869024e-14,5.332157584998981e-14,0.003329256922613938,0.996670743077293,2,20,20
12,2527,2.4805035985269873e-17,1.7101152215141365e-17,1.0935406323171628e-06,0.9999989064593677,2,20,20
12,2528,7.042740060788714e-16,9.57687292144329e-16,1.5693745663755223e-06,0.9999984306254323,2,20,20
12,2529,1.7547046998882005e-16,9.420249419639116e-16,1.50675621968474e-06,0.9999984932437793,2,20,20
12,2530,6.098331509195664e-13,5.4619653248960536e-14,8.664721574363967e-05,0.999913352783592,2,20,20
12,2531,5.691984087076681e-13,1.7424133353187742e-10,0.00023664463134559556,0.9997633551938439,2,20,20
12,2532,1.998591068820754e-16,3.332517203001952e-17,8.363898509649147e-05,0.9999163610149031,2,20,20
12,2533,2.3966441451456987e-05,9.906303180785016e-09,0.0014752329242634884,0.9985007907279818,2,20,20
12,2534,3.9980512094358026e-14,5.0982733454873705e-17,1.9938797662309805e-06,0.9999980061201938,2,20,20
12,2535,2.512937183785488e-17,1.179028619161573e-18,1.4223566521900223e-06,0.999998577643348,2,20,20
12,2536,3.99514114608391e-14,3.058386070512585e-12,6.0762794093419125e-05,0.999939237202808,2,20,20
12,2537,4.011447548130059e-14,3.0574617211273556e-12,5.9814162180269655e-05,0.999940185834722,2,20,20
12,2538,2.3015092215894482e-12,1.731832528450242e-10,0.003401957931298133,0.9965980418932172,2,20,20
12,2539,2.261570178992428e-12,1.7312961314034425e-10,0.0033431631698833493,0.9966568366547255,2,20,20
12,2540,1.7568159713957634e-16,3.3327952022139035e-17,1.0669819928145721e-06,0.999998933018007,2,20,20
12,2541,5.69164905663031e-13,5.365937549379833e-14,2.9630704537210553e-05,0.9999703692948401,2,20,20
12,2542,1.5424683118574307e-17,5.364001484588697e-14,5.884676982504607e-05,0.9999411532301216,2,20,20
12,2543,1.2947689790998076e-10,9.722597946247213e-16,0.0011608173217589584,0.9988391825487634,2,20,20
12,2544,1.294762004871705e-10,9.563327067713943e-16,0.0011598184480569992,0.9988401814224661,2,20,20
12,2545,3.23688056407321e-11,3.0516308191992167e-12,0.001163628247828073,0.9988363717167515,2,20,20
12,2546,4.0162756214270473e-17,5.3555239087966757e-14,0.0011540535713589425,0.9988459464285875,2,20,20
12,2547,4.297048022907603e-17,5.3555239098495115e-14,0.001153740437987372,0.9988462595619589,2,20,20
12,2548,9.946751359728983e-15,1.731296457758733e-10,0.0033431809134486334,0.9966568189134116,2,20,20
12,2549,7.225004531515358e-16,5.367918432637419e-14,1.576018772204717e-06,0.9999984239811736,2,20,20
12,2550,1.5642126942293692e-17,3.3332923106157886e-17,8.752313296790475e-08,0.999999912476867,2,20,20
12,2551,1.9361205859079325e-16,3.361490456962111e-17,8.312516408173476e-05,0.9999168748359181,2,20,20
12,2552,1.7824908345343884e-16,1.6823934468761886e-17,8.308270044849974e-05,0.9999169172995512,2,20,20
12,2553,5.00960788385647e-14,3.1109000865291513e-12,0.000174307600158945,0.9998256923966802,2,20,20
12,2554,4.028682935063545e-14,3.058220297249033e-12,9.225055879835002e-05,0.9999077494381031,2,20,20
12,2555,4.991741621661585e-14,5.35714361198618e-14,0.0011751907190632974,0.9988248092808334,2,20,20
12,2556,1.9907029373894623e-14,1.601154670904915e-13,0.0044832091876400495,0.99551679081218,2,20,20
12,2557,9.932301387796775e-15,1.0657763735988713e-13,0.003330371842984647,0.996669628156899,2,20,20
12,2558,3.994403419965639e-14,5.3662560716317195e-14,3.5166173721165185e-06,0.9999964833825346,2,20,20
12,2559,9.986181013295219e-15,5.367885759631212e-14,2.8624598435173315e-06,0.9999971375400929,2,20,20
12,2560,9.992062264784236e-15,5.36788676882095e-14,2.35616438697145e-06,0.9999976438355492,2,20,20
12,2561,7.069792205380787e-16,9.582573960197133e-16,1.5889897713809387e-06,0.999998411010227,2,20,20
12,2562,4.055266786115306e-14,3.051692955276246e-12,0.001154790415291916,0.9988452095816158,2,20,20
12,2563,1.8627636488916414e-16,3.0293005306905696e-12,0.004664082138833961,0.9953359178581365,2,20,20
12,2564,1.2021946751544665e-09,2.042070505606346e-12,0.17489260414362134,0.8251073946521417,2,20,20
12,2565,7.038373137269318e-16,5.3653682680311086e-14,8.262637339981926e-05,0.9999173736265455,2,20,20
12,2566,7.192002455015893e-16,5.3670194003302415e-14,8.405003174583275e-05,0.9999159499681997,2,20,20
12,2567,2.269442046077675e-12,1.8930275582271057e-15,0.0016205766653257586,0.9983794233324029,2,20,20
12,2568,1.9067449946687498e-16,9.58253397318211e-16,1.9931306811937226e-06,0.9999980068693178,2,20,20
12,2569,3.2910826114339726e-11,3.0482814217909436e-12,0.0015672977962435356,0.9984327021677972,2,20,20
12,2570,2.7399435217748088e-11,2.6905507882197265e-15,0.07839370896708489,0.921606291005513,2,20,20
12,2571,4.074127895031465e-14,5.447987857317077e-14,0.001154804782106972,0.9988451952177978,2,20,20
12,2572,1.2998660734382705e-10,3.0510089224990466e-12,0.0015085073612136786,0.9984914925057486,2,20,20
12,2573,6.09041849042285e-13,1.8988510979905463e-15,0.00014300492883877398,0.9998569950705505,2,20,20
12,2574,1.7848442940268178e-16,1.8828813085135708e-15,2.5246269775727055e-06,0.9999974753730204,2,20,20
12,2575,1.7854206568099516e-16,9.582465286215661e-16,2.9256538319308377e-06,0.999997074346167,2,20,20
12,2576,2.2766180379225707e-12,1.7429497690303173e-10,0.00015552065095439241,0.9998444791724739,2,20,20
12,2577,1.4048755204739532e-15,5.365625120853156e-14,5.884412277957014e-05,0.9999411558771656,2,20,20
12,2578,3.405652086925468e-18,8.8944144076655e-19,5.86187959057211e-08,0.9999999413812038,2,20,20
12,2579,1.5431109478969962e-17,9.417451906473671e-16,1.4934874710346563e-06,0.9999985065125279,2,20,20
12,2580,4.303101068405872e-17,1.8989974753960235e-15,6.0259276750861384e-05,0.9999397407232471,2,20,20
12,2581,7.270582258126247e-11,5.565407838135732e-09,0.4951448186903596,0.5048551756715264,2,20,20
12,2582,0.0001834407060677522,0.0002421200919701962,0.49847887644083,0.5010955627611308,2,20,20
12,2583,0.0006937344604470534,2.8685581749329117e-07,0.49930778662379777,0.4999981920599376,2,20,20
12,2584,7.876944365360998e-09,2.1151525273284788e-08,0.5000024555290682,0.4999975154424612,2,20,20
12,2585,9.126432232693975e-07,1.0755204466712712e-08,0.5000019254540566,0.49999715114751514,2,20,20
12,2586,3.5207367933256746e-08,0.4991366192322228,0.0008662465045866406,0.49999709905582246,2,20,20
12,2587,6.179064828552319e-10,0.49932437110444905,0.0006785292899705378,0.49999709898767375,2,20,20
12,2588,1.6339242662641085e-09,0.48451572183716624,0.07373197550726183,0.44175230102164764,2,20,20
12,2589,7.946651813264949e-07,0.00024291885446172342,0.5580039791646902,0.4417523073156675,2,20,20
12,2590,7.930312579279112e-07,0.00024290992301587315,0.4998150819674174,0.4999412150783093,2,20,20
12,2591,1.0012342971751097e-09,0.00024471643967620215,0.49975633949034787,0.4999989430687414,2,20,20
12,2592,1.0187811581616828e-09,0.0002533719348235145,0.49974667820618796,0.49999994884020693,2,20,20
12,2593,0.0004020802550565266,3.324653098025942e-07,0.4996178935577712,0.4999796937218629,2,20,20
12,2594,0.0007958965593494625,2.0258585502719192e-10,0.4992051080296672,0.4999989952083969,2,20,20
12,2595,0.4000475341232246,5.2715384980511664e-08,0.09837708926287603,0.5015753238985146,2,20,20
12,2596,0.4000475341232249,5.271538499730766e-08,0.09837753193230034,0.5015748812290898,2,20,20
12,2597,0.4130320201504364,5.430740218228272e-08,0.08695514208041977,0.5000127834617417,2,20,20
12,2598,0.4990403447146596,1.1817340393939667e-15,0.0009607211342414714,0.4999989341510975,2,20,20
12,2599,0.49997186681222067,1.1728472298376747e-15,2.919903828770118e-05,0.49999893414949065,2,20,20
12,2600,0.4983332179513449,6.91149587189972e-13,0.001666832901217853,0.4999999491467463,2,20,20
12,2601,0.0008594513728560067,3.553319968083334e-07,0.49904614426313054,0.5000940490320165,2,20,20
12,2602,0.0011011080758313798,6.428480197406104e-08,0.49890130704677704,0.49999752059258934,2,20,20
12,2603,0.0011011080757914518,6.428474832889119e-08,0.4988998547729973,0.49999897286646294,2,20,20
12,2604,3.589578823920049e-13,7.934560115474339e-08,0.5000014059590357,0.4999985146950037,2,20,20
12,2605,1.9656424226559591e-13,0.0070593294236214995,0.492942155825241,0.4999985147509408,2,20,20
12,2606,1.0345412314972293e-09,7.783084056674059e-08,0.5016186485587466,0.49838127257587156,2,20,20
12,2607,1.0345312692588166e-09,7.783083872326306e-08,0.5000821565808877,0.49991776455374193,2,20,20
12,2608,0.001243802968807101,5.143113573129812e-07,0.044810157116951584,0.9539455256028843,2,20,20
12,2609,2.286282992525212e-12,1.7694942945318175e-10,0.0012626590091618568,0.9987373408116023,2,20,20
12,2610,9.978419494634041e-15,1.7389320326882183e-10,0.0011568388406869026,0.99884316098541,2,20,20
12,2611,1.2976152430694902e-10,3.0593198425837303e-12,6.195094391903467e-05,0.9999380489232603,2,20,20
12,2612,6.5784730237594745e-18,1.8823213359633462e-15,2.934292377567776e-06,0.9999970657076205,2,20,20
12,2613,8.762788741894122e-16,5.366256560059595e-14,3.9401392534075175e-06,0.9999960598606922,2,20,20
12,2614,8.760131898911255e-16,5.460342204833653e-14,3.5419054502195547e-06,0.9999964580944943,2,20,20
12,2615,2.6172926201185696e-14,2.0266697676305293e-12,0.17462451941861337,0.8253754805793341,2,20,20
12,2616,2.2764239430936695e-12,3.058252080647787e-12,8.387611587211394e-05,0.9999161238787935,2,20,20
12,2617,3.711083133338572e-13,2.0435226621733667e-12,0.17462601050632057,0.825373989491265,2,20,20
12,2618,3.244055637455738e-11,3.0602602664105907e-12,0.00011926501493734526,0.999880734949562,2,20,20
12,2619,2.788173117250819e-17,9.744670374437433e-16,5.984883226220281e-05,0.9999401511677369,2,20,20
12,2620,1.047037715342268e-07,3.4625224792196293e-10,0.0033581523658538274,0.9966417425841224,2,20,20
12,2621,3.244043841796818e-11,1.0823655618851305e-13,6.107441707705024e-05,0.9999389255503744,2,20,20
12,2622,3.24819786610439e-11,3.0594417088016726e-12,4.971614938974038e-05,0.999950283815069,2,20,20
12,2623,4.411440644320328e-14,2.7490520458796028e-12,0.05824030016485512,0.941759699832352,2,20,20
12,2624,2.0007367883519364e-16,9.418821417713144e-16,8.295338511536141e-05,0.9999170466148838,2,20,20
12,2625,4.0051324269339017e-14,9.746816128408703e-16,0.0011553352410767288,0.9988446647588822,2,20,20
12,2626,1.0150405066791109e-14,5.3538988784813636e-14,0.0011567702371023203,0.998843229762834,2,20,20
12,2627,4.038982955160981e-14,5.3669794029510976e-14,0.0034226346131069727,0.9965773653867991,2,20,20
12,2628,7.009269622725929e-16,1.8987968485814784e-15,8.361080784924542e-05,0.9999163891921482,2,20,20
12,2629,1.0685633762248795e-14,1.0916084930771464e-13,0.00014140822526269891,0.9998585917746173,2,20,20
12,2630,5.97529095977033e-14,1.7383745362698477e-10,0.0016791354013565363,0.9983208644247463,2,20,20
12,2631,4.013522012244331e-14,5.460080374514286e-14,3.115577852161363e-05,0.9999688442213835,2,20,20
12,2632,2.276710900360341e-12,1.9155167116673256e-15,6.147873550297929e-05,0.9999385212622184,2,20,20
12,2633,1.7525684022975348e-16,9.582422334116721e-16,1.0764759162735693e-06,0.9999989235240826,2,20,20
12,2634,3.993953348177973e-14,9.578622431951424e-16,5.88414196388457e-05,0.9999411585803203,2,20,20
12,2635,5.69187334997537e-13,1.8990344277570677e-15,2.1922385361640833e-05,0.9999780776140673,2,20,20
12,2636,5.69166119673983e-13,9.744165134105188e-16,2.9573360048281967e-05,0.9999704266393817,2,20,20
12,2637,9.984769284576725e-15,3.05731684124233e-12,8.397044631146128e-05,0.9999160295506214,2,20,20
12,2638,1.0171991305082835e-14,5.367019678165032e-14,8.26694718862399e-05,0.99991733052805,2,20,20
12,2639,1.582857196060111e-17,2.8272800178517843e-15,0.0034117589192746317,0.9965882410807225,2,20,20
12,2640,1.583199708394473e-17,2.8111057860627345e-15,0.0033879722753713836,0.996612027724626,2,20,20
12,2641,5.693608525093799e-13,3.059553915474045e-12,2.3781720517814122e-05,0.9999762182758534,2,20,20
12,2642,5.69197788880921e-13,3.059553347058387e-12,2.3371172973126135e-05,0.9999766288233982,2,20,20
12,2643,1.2785152629184008e-17,1.7106233250438522e-17,6.285922848386339e-08,0.9999999371407716,2,20,20
12,2644,7.1325446418723e-16,9.57859071995431e-16,5.883613473656608e-05,0.9999411638652619,2,20,20
12,2645,2.5074561861105976e-17,1.7106232686935376e-17,1.0936943844904123e-06,0.9999989063056155,2,20,20
12,2646,7.161267532077813e-16,2.823157187591384e-15,8.363584523215324e-05,0.9999163641547643,2,20,20
12,2647,1.4053942283040904e-15,2.8365595592011535e-15,0.0017016250047143103,0.9982983749952814,2,20,20
12,2648,2.262485227858623e-12,3.0395339001553225e-12,0.003147294480696649,0.9968527055140015,2,20,20
12,2649,7.510883687532988e-14,4.927399618598519e-14,0.05985495705163946,0.9401450429482359,2,20,20
12,2650,3.529454891288008e-14,4.739808466976262e-14,0.058235926874523856,0.9417640731253933,2,20,20
12,2651,2.0304481642663334e-16,5.459472075903587e-14,0.00014140143430270785,0.9998585985656425,2,20,20
12,2652,8.88505612517834e-16,9.905852787091751e-16,5.88630270788113e-05,0.9999411369729193,2,20,20
12,2653,8.8844706034984e-16,9.905801106660502e-16,5.886302438137811e-05,0.9999411369756168,2,20,20
12,2654,2.00244351221342e-16,9.584312931664934e-16,5.883820123596185e-05,0.9999411617987629,2,20,20
12,2655,2.4912846658263732e-17,9.42035546221096e-16,1.0938350375547316e-06,0.9999989061649617,2,20,20
12,2656,9.998262304932293e-15,2.8234640740650022e-15,2.139563444002791e-06,0.9999978604365434,2,20,20
12,2657,3.9946113617086993e-17,9.743871728779306e-16,0.001155163491108806,0.9988448365088899,2,20,20
12,2658,3.072556653430311e-17,3.3246832936593183e-17,0.001155170799686707,0.998844829200313,2,20,20
12,2659,8.890328166670628e-08,1.4699987158898405e-10,0.078304159844874,0.9216957511048447,2,20,20
12,2660,8.890328182933672e-08,1.4700081243973858e-10,0.07830525296354929,0.9216946579861682,2,20,20
12,2661,1.8754320975874642e-16,1.882880536337833e-15,2.9347291700497913e-06,0.9999970652708277,2,20,20
12,2662,2.276959218316617e-12,5.5528146098808297e-14,3.897114810470592e-06,0.9999961028828571,2,20,20
12,2663,4.047953212312206e-14,5.460374236856235e-14,3.0337376067226633e-05,0.9999696626238379,2,20,20
12,2664,9.617062570341774e-15,2.702574806536213e-12,0.05824389203781785,0.9417561079594702,2,20,20
12,2665,3.5043711165192395e-16,1.7380707429183606e-17,4.375779152461249e-06,0.9999956242208472,2,20,20
12,2666,3.995468320046001e-14,5.4601232238473265e-14,2.1388452092840238e-05,0.9999786115478126,2,20,20
12,2667,7.161893869982322e-16,5.460314755738232e-14,3.541568554065811e-06,0.9999964584313907,2,20,20
12,2668,4.0647714672256494e-14,5.461964905346749e-14,3.559715147633552e-06,0.9999964402847572,2,20,20
12,2669,1.0004617757918237e-14,9.74762401959648e-16,1.873389447050053e-06,0.999998126610542,2,20,20
12,2670,1.0690266689756577e-10,8.18311734088974e-09,0.08816178563890328,0.9118382060710769,2,20,20
12,2671,1.0690336787442904e-10,8.183117357396083e-09,0.08816280013680926,0.9118371915731703,2,20,20
12,2672,1.0690285432105e-10,8.183119222820051e-09,0.0881820729444931,0.9118179187654849,2,20,20
12,2673,3.630098764034305e-14,1.2606725341580285e-10,0.1383766585845483,0.8616233412893484,2,20,20
12,2674,7.132712351722772e-16,1.897772176909321e-15,0.00466387511986141,0.9953361248801358,2,20,20
12,2675,2.0116017796562714e-12,2.7025938272457912e-12,0.058240736440254424,0.9417592635550315,2,20,20
12,2676,2.0512884711879912e-12,2.70260395968894e-12,0.06156864014277144,0.9384313598524745,2,20,20
12,2677,2.0116107892898147e-12,2.7016691881701424e-12,0.05824030160457202,0.9417596983907147,2,20,20
12,2678,1.8320330315122592e-09,3.0301961353728008e-12,0.004675308378597318,0.9953246897863393,2,20,20
12,2679,1.0511503331595787e-15,5.4603427042335366e-14,3.5419096394389827e-06,0.9999964580903047,2,20,20
12,2680,1.0162558001634358e-14,1.898955367520295e-15,8.366438030774133e-05,0.9999163356196803,2,20,20
12,2681,1.4121302662618277e-15,3.0374460682693658e-12,0.0033894226219360573,0.9966105773750252,2,20,20
12,2682,7.024662171598678e-16,3.038394500362858e-12,0.00799323869065351,0.9920067613063077,2,20,20
12,2683,3.981493927672853e-14,3.048844061003864e-12,0.001620098934509835,0.9983799010624018,2,20,20
12,2684,5.865853022714148e-13,1.768213764628006e-10,0.07827566266087449,0.9217243371617175,2,20,20
12,2685,1.70369698808931e-14,2.58101711244362e-12,0.07812268203061669,0.9218773179667853,2,20,20
12,2686,1.6861882523317812e-14,2.5800594700660574e-12,0.07812167540294784,0.9218783245944551,2,20,20
12,2687,1.7556898572951657e-16,3.304841373369036e-17,1.531568351213734e-06,0.9999984684316485,2,20,20
12,2688,2.0159109208385136e-14,5.366077878451094e-14,2.3364648874492052e-05,0.9999766353510517,2,20,20
12,2689,1.0436260144054717e-07,3.08198673933932e-12,0.004997256795281363,0.9950026388390352,2,20,20
12,2690,1.0173045466993015e-14,5.460134689245706e-14,2.242728766863004e-05,0.9999775727122667,2,20,20
12,2691,1.0013375691975755e-14,5.3676710962700994e-14,2.291635014543185e-05,0.9999770836497909,2,20,20
12,2692,6.564862281164489e-15,2.0476549451859748e-11,0.44127710142894644,0.5587228985505697,2,20,20
12,2693,1.4200643111626445e-08,0.0002478585129629299,0.5008850918011931,0.49886703548520117,2,20,20
12,2694,3.2455382884935454e-06,4.35986889401994e-06,0.501145726472711,0.4988466681201062,2,20,20
12,2695,0.0019023156255324049,3.2014575543021906e-06,0.45403698150866983,0.5440575014082434,2,20,20
12,2696,5.780534913746971e-08,4.26434306795128e-13,0.49997886311846357,0.5000210790757609,2,20,20
12,2697,0.008242959091778967,0.0001942203550277391,0.4906368986795385,0.5009259218736544,2,20,20
12,2698,0.4932234625706731,2.221161196967581e-09,0.006759537964238829,0.5000169972439269,2,20,20
12,2699,0.4932234626035682,2.2242108165016014e-09,0.008552924042833416,0.4982236111293876,2,20,20
12,2700,0.4932234625706824,2.221214801108353e-09,0.0068420768736040995,0.4999344583344987,2,20,20
12,2701,0.49322346257067246,2.221161164244584e-09,0.006760526049427681,0.5000160091587387,2,20,20
12,2702,0.4249892769565334,5.945520719824938e-13,0.07501177266454538,0.4999989503783267,2,20,20
12,2703,0.4249892769565334,5.945685732799816e-13,0.07501076692600868,0.4999999561168634,2,20,20
12,2704,0.445891758120588,1.030504159988501e-09,0.0540943045013732,0.5000139363475349,2,20,20
12,2705,0.45094662060128726,5.360189073650446e-11,0.049038157182063585,0.5000152221630474,2,20,20
12,2706,0.4096714376294809,5.305316680968315e-08,0.09034285455612485,0.49998565476122736,2,20,20
12,2707,0.49693329143242027,1.1290165971110672e-09,0.0030686654960463966,0.4999980419425168,2,20,20
12,2708,0.44395275523518574,1.008956686643642e-09,0.056033857631019965,0.5000133861248376,2,20,20
12,2709,0.44395275523517574,1.008955746355737e-09,0.05603227941959113,0.5000149643362773,2,20,20
12,2710,0.0005446381716396689,1.8027526486064233e-07,0.4994555566451068,0.49999962490798944,2,20,20
12,2711,0.000503862540752412,3.783092559910261e-09,0.3155537019580765,0.6839424317180778,2,20,20
12,2712,0.0005038625407916549,3.783092576132066e-09,0.3155537197918839,0.6839424138842313,2,20,20
12,2713,0.012026420764243147,1.0092170112262427e-13,0.48797361165480385,0.4999999675808514,2,20,20
12,2714,0.012026420764243147,1.0090546935187891e-13,0.4879735982213896,0.49999998101426596,2,20,20
12,2715,0.3438251211880963,2.030991575606916e-06,0.15617269837682937,0.5000001494434987,2,20,20
12,2716,0.343825121188107,2.030991629948539e-06,0.15841649468938052,0.4977563531308826,2,20,20
12,2717,0.499954109778101,2.0336967513346147e-11,6.619701239936706e-05,0.49997969318916263,2,20,20
12,2718,0.49752621880723874,2.4763853424574536e-12,0.002494087932882062,0.499979693257403,2,20,20
12,2719,0.49752664036146377,8.537038376594241e-12,0.002582405583913228,0.499890954046086,2,20,20
12,2720,0.41192593887305307,1.9101148778578818e-09,0.08818310180750434,0.49989095740932776,2,20,20
12,2721,0.4119255173512719,1.9041078559620384e-09,0.08807841228598269,0.49999606845863753,2,20,20
12,2722,0.06372535220494296,4.684806227804143e-07,0.030013372330527154,0.9062608069839072,2,20,20
12,2723,0.06372535220494417,4.684806218560694e-07,0.030033160638739096,0.9062410186756948,2,20,20
12,2724,1.4016416201389675e-15,1.768484587797446e-17,2.134735612415884e-05,0.9999786526438741,2,20,20
12,2725,4.13408967184064e-14,9.587224690451826e-16,8.013410012632875e-05,0.9999198658998312,2,20,20
12,2726,9.989140427159055e-15,9.744264678428342e-16,2.8565878659410213e-05,0.9999714341213297,2,20,20
12,2727,7.995722548644249e-14,5.366244314729773e-14,0.003949596516359931,0.9960504034835066,2,20,20
12,2728,3.252336754273328e-11,5.4603257236090036e-14,0.003950099367923997,0.996049900599498,2,20,20
12,2729,4.0378634730193396e-14,3.0910912497991016e-12,0.0033319096860518946,0.9966680903108167,2,20,20
12,2730,3.9946875312679614e-14,6.605099119131559e-17,3.099041254397014e-06,0.9999969009587055,2,20,20
12,2731,1.289202700418614e-10,5.3321148602143766e-14,0.003424240415331056,0.9965757594556954,2,20,20
12,2732,7.009789702975506e-16,5.36701837846994e-14,8.363204039835651e-05,0.9999163679595471,2,20,20
12,2733,5.698810511023406e-13,9.909834311238534e-16,0.00017657704648133327,0.9998234229529479,2,20,20
12,2734,4.152029365778722e-14,9.753360865895481e-16,4.2136022275116895e-05,0.9999578639776823,2,20,20
12,2735,1.2975545541396269e-10,3.1109320386059913e-12,8.388000702755098e-05,0.9999161198601061,2,20,20
12,2736,1.0001465407674185e-14,1.0729170949400295e-13,2.995306657101936e-06,0.9999970046932256,2,20,20
12,2737,2.276520555234066e-12,9.581445825054883e-16,6.002399680870535e-05,0.9999399760009139,2,20,20
12,2738,4.553044189984e-12,5.4613755937076686e-14,0.00011917766422287218,0.9998808223311696,2,20,20
12,2739,3.441816878558691e-11,3.0302567202230277e-12,0.004724244403940318,0.9952757555586115,2,20,20
12,2740,5.0341033883921125e-14,9.913030954587461e-09,0.004578623513107525,0.995421366573811,2,20,20
12,2741,1.0660435632144281e-14,9.909993509393836e-09,0.0012502301295112916,0.9987497599604847,2,20,20
12,2742,2.0005081909197775e-16,5.3662860218944695e-14,2.5098071739731584e-06,0.9999974901927721,2,20,20
12,2743,2.276971486314758e-12,2.8398611193186294e-15,6.0883668340052036e-05,0.9999391163293799,2,20,20
12,2744,1.416877207607206e-15,9.744371796838066e-16,2.1363207613458464e-05,0.9999786367923844,2,20,20
12,2745,5.540624553902402e-13,2.6799036816716034e-12,0.07814844354061126,0.9218515564561547,2,20,20
12,2746,3.994486494148375e-14,5.458407967275783e-14,2.855873813007605e-05,0.9999714412617753,2,20,20
12,2747,1.3983603038991776e-15,9.395756397973237e-16,0.0011538285504495446,0.9988461714495481,2,20,20
12,2748,1.4013798492728084e-15,9.557972904166958e-16,0.0011552520989286611,0.998844747901069,2,20,20
12,2749,1.0304725730608174e-14,5.351139217032812e-14,0.0015654734900789895,0.9984345265098573,2,20,20
12,2750,1.0307802301639455e-14,5.347924335152992e-14,0.0015673550278126709,0.9984326449721235,2,20,20
12,2751,3.5346369128111983e-16,9.4231437379221e-16,3.418064868950067e-06,0.9999965819351297,2,20,20
12,2752,1.921392653428967e-12,1.4710934485925235e-10,0.07812148858048586,0.9218785112704836,2,20,20
12,2753,9.990444427148833e-15,5.363775321024051e-14,8.265179732099783e-05,0.9999173482026154,2,20,20
12,2754,4.01140129146174e-14,1.7426003407239622e-10,0.00016188402266690608,0.9998381158030331,2,20,20
12,2755,1.0687616242369738e-14,3.0580839613856957e-12,0.0001701207816618002,0.9998298792152697,2,20,20
12,2756,1.08717796756287e-14,3.1107797969372698e-12,0.00019392903858533148,0.9998060709582931,2,20,20
12,2757,1.7875030547832945e-16,9.582522898583897e-16,2.5151367542960147e-06,0.9999974848632447,2,20,20
12,2758,1.7568145102981745e-16,1.7111178559645786e-17,1.4769636165658684e-06,0.9999985230363834,2,20,20
12,2759,1.298262329625109e-10,1.6093526330802774e-13,2.5406840612324686e-05,0.9999745930294005,2,20,20
12,2760,1.5483164590299626e-17,9.74463343257892e-16,1.499509635260461e-06,0.999998500490364,2,20,20
12,2761,6.2049293886224385e-18,1.7101151956037347e-17,1.5184178243408802e-06,0.9999984815821756,2,20,20
12,2762,3.559841010457791e-18,8.794537306064666e-19,2.5063314383211694e-06,0.9999974936685617,2,20,20
12,2763,1.304906064474125e-17,1.7111225903810004e-17,1.082132097377912e-06,0.9999989178679025,2,20,20
12,2764,1.257134924871569e-17,8.79455158437785e-19,1.0686986827498464e-06,0.9999989313013172,2,20,20
12,2765,2.8093220905219815e-17,1.7111192306940133e-17,2.0821684671505692e-06,0.9999979178315331,2,20,20
12,2766,1.0001332322430742e-14,5.4601485403994425e-14,2.1371004367520925e-05,0.9999786289955681,2,20,20
12,2767,1.910443953493055e-16,3.362251558008306e-17,2.4905596307780656e-06,0.9999975094403691,2,20,20
12,2768,8.762357659174203e-16,1.8993918651234973e-15,2.9350467759171785e-06,0.9999970649532214,2,20,20
12,2769,4.0637989703891725e-14,3.111886502534152e-12,8.542275165197113e-05,0.9999145772451957,2,20,20
12,2770,1.245610383975212e-17,9.411817679889347e-16,1.1078929364949063e-06,0.9999988921070624,2,20,20
12,2771,7.131659835264293e-16,5.458692078265741e-14,3.5414639795732416e-06,0.9999964585359652,2,20,20
12,2772,4.9675631051190314e-14,1.8929672438287985e-15,0.0033577012604510998,0.9966422987394974,2,20,20
12,2773,3.136981653930441e-18,1.6821506460594922e-17,1.4759279266135354e-06,0.9999985240720733,2,20,20
12,2774,1.5431138648607674e-17,1.710621880519459e-17,5.447231746604555e-07,0.9999994552768253,2,20,20
12,2775,5.698033509660701e-13,9.905416109130022e-16,8.565748999511742e-05,0.9999143425094341,2,20,20
12,2776,5.691150424003808e-13,9.743199195353485e-16,8.424591354511498e-05,0.9999157540858847,2,20,20
12,2777,2.716299347581965e-12,9.328406009325454e-09,0.030603622090389436,0.9693963685784881,2,20,20
12,2778,5.699786709583496e-13,1.9154292770706046e-15,0.00010451668859237382,0.9998954833108358,2,20,20
12,2779,5.691055587846204e-13,9.905364708020796e-16,8.523436216899998e-05,0.9999147656372609,2,20,20
12,2780,6.155671503703973e-18,3.3322803389309306e-17,1.493703470631859e-06,0.9999985062965295,2,20,20
12,2781,1.0618834915894135e-14,3.039321527192387e-12,0.003330892425087745,0.9966691075718624,2,20,20
12,2782,6.071614071215249e-13,3.0487895114840115e-12,0.0016299531150278138,0.9983700468813161,2,20,20
12,2783,6.471004549569033e-13,3.0478654410245364e-12,0.0016487923594114527,0.9983512076368936,2,20,20
12,2784,6.471094219442119e-13,3.048805912338517e-12,0.0016877224303565284,0.9983122775659474,2,20,20
12,2785,1.0686889831798383e-14,1.882886377248132e-15,2.5332892567772056e-06,0.9999974667107306,2,20,20
12,2786,3.9942340664274676e-14,1.8988845920069073e-15,0.00011760471572262215,0.9998823952842356,2,20,20
12,2787,4.064282666476955e-14,2.8233282173270545e-15,0.00014139173933606217,0.9998586082606205,2,20,20
12,2788,5.692083945322518e-13,9.58240840150855e-16,2.0052998560794403e-06,0.9999979946995738,2,20,20
12,2789,1.2567673296244324e-17,1.710115278299024e-17,8.017427657342469e-08,0.9999999198257232,2,20,20
12,2790,3.994398512673741e-14,9.579677374306702e-16,1.1068383837562307e-06,0.9999988931615753,2,20,20
12,2791,3.558979969492339e-18,9.57962664176342e-16,1.1005743380007333e-06,0.9999988994256608,2,20,20
12,2792,3.506933600295194e-18,9.420205670124853e-16,1.0831052888686367e-06,0.9999989168947101,2,20,20
12,2793,9.988713078904244e-15,9.58530966897403e-16,2.9579278427448495e-05,0.9999704207215615,2,20,20
12,2794,3.348006265566739e-18,9.417409671443513e-16,1.083231509944632e-06,0.999998916768489,2,20,20
12,2795,2.276785224790894e-12,5.5528067380663756e-14,3.5596801066098942e-06,0.999996440317561,2,20,20
12,2796,9.385716930445677e-09,1.5519975674934434e-11,0.45548206474197994,0.5445179258567832,2,20,20
12,2797,9.385716242244049e-09,1.5519034819287503e-11,0.4554816355298868,0.5445183550688781,2,20,20
12,2798,5.077072259840645e-07,2.6804609801871535e-06,0.5000570501309676,0.4999397617008264,2,20,20
12,2799,3.1136109984393774e-12,3.0936793161172993e-06,0.5000571101212143,0.4999397961963558,2,20,20
12,2800,6.087937206420013e-08,0.00017715307463289518,0.49982280911597116,0.49999997693002346,2,20,20
12,2801,6.087941260954661e-08,0.00017715307463291166,0.5009975221756351,0.49882526387031967,2,20,20
12,2802,6.088101943829452e-08,0.00017715307684537562,0.6380469503609464,0.36177583568118893,2,20,20
12,2803,6.087937223896248e-08,0.00017715307463289518,0.4998256824993473,0.4999971035466469,2,20,20
12,2804,3.1726745824077302e-12,9.88544032259899e-10,0.5000000356500078,0.4999999633582753,2,20,20
12,2805,2.770846384626671e-14,8.941570544765542e-05,0.49996937607657727,0.499941208217948,2,20,20
12,2806,5.108287951339048e-07,5.488474705475638e-06,0.4999950467445737,0.49999895395192573,2,20,20
12,2807,0.006525150186467139,4.733565640811371e-08,0.49349511206691316,0.49997969041096335,2,20,20
12,2808,9.294982742820019e-10,2.846106489485775e-07,0.500020027999843,0.4999796864600093,2,20,20
12,2809,9.294980988319115e-10,2.846107016303104e-07,0.5000591541465689,0.4999405603132317,2,20,20
12,2810,1.953712939625594e-09,1.734921775817223e-05,0.5000414694072206,0.4999411794213088,2,20,20
12,2811,0.019918206248660173,1.0314664694467557e-08,0.48008279089267064,0.499998992544004,2,20,20
12,2812,0.3466850061373662,3.4955734690191e-14,0.15339757226104725,0.4999174216015518,2,20,20
12,2813,0.346685006137366,3.4031248276541164e-14,0.15331644308298972,0.49999855077961053,2,20,20
12,2814,0.34668500613736675,3.403210716931024e-14,0.15331552529074666,0.4999994685718526,2,20,20
12,2815,0.4993598509142096,4.618996555571584e-09,0.0006389474408758683,0.500001197025918,2,20,20
12,2816,0.010009886119628164,1.5208865295199958e-05,0.485843128343295,0.5041317766717827,2,20,20
12,2817,1.1411040847379604e-07,3.314220185343164e-12,0.4999999102200559,0.49999997566622134,2,20,20
12,2818,1.1411040846452096e-07,3.3151605987806588e-12,0.5000824634116063,0.4999174224746698,2,20,20
12,2819,1.141104086366434e-07,3.3142523343916516e-12,0.5000004284909362,0.4999994573953411,2,20,20
12,2820,0.35005988340052463,9.626022557360598e-13,0.14994016055452591,0.49999995604398706,2,20,20
12,2821,0.4937718247730755,1.4058051771544237e-12,0.00622821918419754,0.49999995604132125,2,20,20
12,2822,0.22511700950069027,1.1463703325194036e-07,0.2748838979456228,0.4999989779166535,2,20,20
12,2823,0.49031890122024774,2.1401085085234018e-13,0.009682130411848573,0.4999989683676899,2,20,20
12,2824,0.49031890122024774,2.1399462909292655e-13,0.009763704920003351,0.49991739385953493,2,20,20
12,2825,0.4998798990942158,1.9033950795222697e-13,0.07823994785097364,0.4218801530546197,2,20,20
12,2826,0.4998798991266422,1.7434112837902147e-10,0.00027413938908929964,0.49984596130992737,2,20,20
12,2827,0.49367054463208326,8.009097248054948e-11,0.006330844517280224,0.4999986107705455,2,20,20
12,2828,0.34871146401021336,2.2045317381105503e-10,0.15128989517378966,0.4999986405955439,2,20,20
12,2829,0.05034503621607521,2.7270394907083053e-06,0.4492820712841897,0.5003701654602436,2,20,20
12,2830,1.6556887907161488e-08,7.349103157751663e-05,0.4999853029835327,0.4999411894280019,2,20,20
12,2831,0.007837964062661087,0.010529935349193241,0.4816906419319128,0.4999414586562332,2,20,20
12,2832,8.471828815978635e-14,4.524297511324442e-06,0.5000542881337184,0.4999411875686854,2,20,20
12,2833,5.7825215028242926e-08,4.426684468767017e-06,0.4999969827885109,0.4999985327018045,2,20,20
12,2834,0.00018635154752302095,4.3908510688086155e-06,0.4998107248956032,0.4999985327058044,2,20,20
12,2835,0.002897040118766861,1.0508280171345645e-08,0.4969416444402003,0.5001613049327513,2,20,20
12,2836,0.4999706691122468,7.081042477857664e-15,3.079818588422953e-05,0.4999985327018618,2,20,20
12,2837,0.4999820798775965,1.3115032955493492e-14,0.003347100601661074,0.49667081952072917,2,20,20
12,2838,0.36559794707282767,4.7141939696319346e-08,0.13602662516925354,0.4983753806159795,2,20,20
12,2839,0.3466423449596788,0.0001408223901001367,0.15435995796616694,0.4988568746840541,2,20,20
12,2840,0.455081353260648,4.205816127310651e-07,0.04601407050247783,0.4989041556552614,2,20,20
12,2841,0.15811290912596332,1.55549791736196e-07,0.3418882519940641,0.49999868333018066,2,20,20
12,2842,0.1581129091259234,1.555467340465454e-07,0.3418665400445318,0.5000203952828107,2,20,20
12,2843,0.49383010904415736,2.789379248271493e-12,0.00625305766299958,0.4999168332900536,2,20,20
12,2844,0.49988755765199094,1.4001120806456452e-12,0.004776257513127351,0.4953361848334815,2,20,20
12,2845,0.49525839208082295,1.1060721274949067e-09,0.00938829924308949,0.49535330757001533,2,20,20
12,2846,0.4952583920808235,1.1060712204078298e-09,0.004725957491705615,0.5000156493213995,2,20,20
12,2847,0.4965688581953881,1.206027275726819e-09,0.0034507855921837565,0.49998035500640076,2,20,20
12,2848,0.01284013982791917,1.8014855420637723e-07,0.32830846062850716,0.6588512193950192,2,20,20
12,2849,0.2847862747365553,8.261199593724279e-06,0.2151661136133647,0.5000393504504861,2,20,20
12,2850,0.4998863263536286,1.2989461954690437e-15,0.00011370990811006777,0.49999996373826006,2,20,20
12,2851,0.4848642013564789,2.5966681423046176e-07,0.019799351713680295,0.49533618726302653,2,20,20
12,2852,0.49625836542007773,4.11820985717195e-12,0.008405448042529573,0.4953361865332745,2,20,20
12,2853,0.4962583654200786,4.117310664566097e-12,0.0037424912425152892,0.4999991433332887,2,20,20
12,2854,0.49015690713441656,1.5499776755516678e-10,0.009844149801700676,0.49999894290888514,2,20,20
12,2855,0.4999926305374441,2.5918126865035647e-15,8.419605114036435e-06,0.4999989498574392,2,20,20
12,2856,0.48443548414164517,9.978473927237399e-09,0.017255522789363948,0.49830898309051697,2,20,20
12,2857,0.4625358922123496,0.00019125336461939,0.038947590079107905,0.49832526434392316,2,20,20
12,2858,0.46253589221230057,0.00019124346646190161,0.03731704527145173,0.4999558190497859,2,20,20
12,2859,0.04563697534179151,1.0492560450566467e-10,0.4544234594416324,0.49993956511165005,2,20,20
12,2860,0.4996060484837285,7.362925947597166e-14,0.1386180042991048,0.361775947217093,2,20,20
12,2861,0.0713623310482561,2.6933358469126765e-08,0.4286370055050126,0.5000006365133728,2,20,20
12,2862,0.07136233104820615,2.693330386621053e-08,0.42863520003936906,0.5000024419791208,2,20,20
12,2863,0.07136233105048284,2.6933357522014797e-08,0.42869516209401226,0.4999424799221476,2,20,20
12,2864,8.324076440586747e-05,3.175472834902957e-06,0.4797320119958426,0.5201815717669165,2,20,20
12,2865,2.14606731828126e-08,1.1758223429073654e-07,0.5024545637251415,0.49754529723195046,2,20,20
12,2866,2.1460633407032175e-08,1.0772935123839217e-07,0.49833255797088966,0.5016673128391255,2,20,20
12,2867,0.44603686664118214,3.4950253691387674e-11,0.05394809288603528,0.5000150404378324,2,20,20
12,2868,0.4960339085988005,6.922099999537282e-15,0.003967148660860981,0.4999989427403317,2,20,20
12,2869,0.49894896508655834,3.94451938802558e-11,0.0010520868232793208,0.4999989480507168,2,20,20
12,2870,0.49839890544163234,1.1128747995535286e-09,0.0016599140207211522,0.4999411794247717,2,20,20
12,2871,0.49839890544163307,1.1128211765279652e-09,0.0049304642152373955,0.4966706292303082,2,20,20
12,2872,0.49999892148740094,2.3217166407617055e-16,1.110940834076896e-06,0.4999999675717646,2,20,20
12,2873,0.19382998379071498,5.347823100564763e-06,0.30473644859397386,0.5014282197922104,2,20,20
12,2874,0.35079529477146176,2.5283705298587474e-09,0.14919502585907518,0.5000096768410927,2,20,20
12,2875,0.47932826693392044,1.541351645964879e-10,0.02060547371752481,0.5000662591944194,2,20,20
12,2876,0.4793282669339206,1.5413608951504492e-10,0.02060690887634396,0.500064824035599,2,20,20
12,2877,0.006566553445823105,1.7810515879675223e-07,0.49458704153061356,0.49884622691840397,2,20,20
12,2878,3.731566023955187e-05,0.0002004601598139077,0.4999602890867338,0.4998019350932124,2,20,20
12,2879,1.7607045718988256e-11,8.735924691640165e-06,0.5011450668122509,0.4988461972454503,2,20,20
12,2880,4.057003901201686e-06,1.1195292402465317e-10,0.5011480422784651,0.49884790060568035,2,20,20
12,2881,6.4116959580614284e-06,1.862165000638793e-10,0.5011473909692944,0.4988461971485309,2,20,20
12,2882,1.16431935657559e-07,1.1852521062213453e-13,0.500020189504582,0.49997969406336346,2,20,20
12,2883,8.054201108302652e-05,0.1405784499400203,0.35913510772583607,0.5002059003230606,2,20,20
12,2884,4.8951680361265885e-14,0.4785189451947035,0.02148157331729241,0.49999948148795514,2,20,20
12,2885,2.18920998438818e-10,0.17686240916240856,0.32322052895172193,0.4999170616669485,2,20,20
12,2886,6.867573758971588e-14,0.17719748779885644,0.3228613034837083,0.4999412087173667,2,20,20
12,2887,1.803572509371702e-10,0.47811516238232554,0.021914451029847282,0.49997038640747005,2,20,20
12,2888,3.2446566383089976e-11,0.49932608453103805,0.0007035290955101801,0.4999703863410052,2,20,20
12,2889,1.2978047616913114e-10,0.49932608453109173,0.0006774383982386577,0.4999964769408891,2,20,20
12,2890,4.183210386968637e-15,0.4993260845309844,0.0006749651728150943,0.49999895029619634,2,20,20
12,2891,1.349018485664381e-15,0.14049893303308206,0.35950355028034275,0.4999975166865738,2,20,20
12,2892,1.0569534426014807e-11,0.4844022354322274,0.016761338569369483,0.49883642598783345,2,20,20
12,2893,1.5453629073206617e-10,0.49950722535196856,0.0004942242316553039,0.4999985502618399,2,20,20
12,2894,4.7673781993201774e-14,0.49199144964961455,0.008091128775765228,0.49991742157457264,2,20,20
12,2895,4.876528870627077e-14,0.4785139603659067,0.021568618059472692,0.49991742157457203,2,20,20
12,2896,4.7604527498532955e-14,0.4993260824637232,0.0006739190631557012,0.49999999847307325,2,20,20
12,2897,1.0714133634977087e-15,0.49960161078546306,0.00048099583871571495,0.4999173933758201,2,20,20
12,2898,1.0847144128264727e-11,0.4995999061542527,0.00048267263617320593,0.4999174211987271,2,20,20
12,2899,1.0847319328121322e-11,0.49959990615730826,0.0004605564051005529,0.49993953742674396,2,20,20
12,2900,1.3977989632801828e-08,4.28015147990001e-06,0.5000561683348141,0.49993953753571563,2,20,20
12,2901,5.7799806611095056e-08,0.00025661513669449754,0.4998037831434238,0.4999395439200748,2,20,20
12,2902,5.7799806448302185e-08,0.00025661513363707685,0.49974471003549437,0.49999861703106174,2,20,20
12,2903,0.0014432596091913928,3.4602636777786464e-05,0.498544039754765,0.4999780979992656,2,20,20
12,2904,0.0014432596069548114,3.460263978051246e-05,0.49860596963975373,0.4999161681135106,2,20,20
12,2905,0.0014432596069147022,3.460263672320225e-05,0.4985221889005971,0.49999994885576476,2,20,20
12,2906,0.0014432596069546427,3.4602636723234696e-05,0.4985242043427361,0.4999979334135856,2,20,20
12,2907,4.714233363789581e-08,0.00020202183671666203,0.5044750160143195,0.49532291500663017,2,20,20
12,2908,4.711023269533226e-08,0.0002020216640521563,0.503127007065523,0.49667092416019243,2,20,20
12,2909,1.6099276761357443e-08,4.32305199481378e-06,0.5021502066441919,0.497845454204537,2,20,20
12,2910,0.01180892491592334,4.665508221034899e-06,0.9869170018810666,0.001269407694787739,2,20,20
12,2911,3.881384744564488e-06,4.323052062924779e-06,0.9988169679929498,0.00117482757024088,2,20,20
12,2912,4.6271279037835294e-06,1.0488770353047305e-05,0.998780661180407,0.001204222921335235,2,20,20
12,2913,1.9409976568742634e-05,5.282037020482048e-10,0.9999725794536879,8.010041538533475e-06,2,20,20
12,2914,2.6775892196725653e-07,4.4757748886284434e-13,0.9988155216464247,0.0011842105942056211,2,20,20
12,2915,1.609953303144881e-10,4.1409583349191507e-13,0.9988157892534834,0.001184210585106777,2,20,20
12,2916,9.040748687803471e-08,1.8663123469889815e-11,0.9464810473518462,0.053518862222003534,2,20,20
12,2917,0.07020322349339138,2.4306693280143415e-11,0.876139556334488,0.0536572201478136,2,20,20
12,2918,0.35154476878980184,7.160663662443611e-08,0.6483166309630655,0.0001385286404958936,2,20,20
12,2919,0.018378273140945946,2.610492107804299e-05,0.9815912548765959,4.367061377577121e-06,2,20,20
12,2920,1.279814243293796e-05,3.0669645888346063e-07,0.9999868947107662,4.503421587837653e-10,2,20,20
12,2921,2.6539287461516197e-05,1.893073031310841e-10,0.9999734587192132,1.8040180414910748e-09,2,20,20
12,2922,0.49659787228853886,1.9794849831864266e-11,0.5034021275059525,1.857140620099173e-10,2,20,20
12,2923,0.4984720867054293,2.8174339988518744e-08,0.5010991098894034,0.00042877523082770336,2,20,20
12,2924,0.49847532305729525,9.463449918181133e-11,0.5015246768480646,5.836139559979516e-15,2,20,20
12,2925,0.49992104418206745,9.49902309905172e-11,0.5000789557212414,1.7012625990912971e-12,2,20,20
12,2926,0.2745736814418097,5.0345274548950125e-09,0.7253883861996042,3.792732405815917e-05,2,20,20
12,2927,0.246646775963413,0.009785803180462339,0.7408077733134388,0.002759647542686107,2,20,20
12,2928,0.5052306367800468,6.247799008590489e-09,0.4902661621180595,0.004503194854094328,2,20,20
12,2929,0.49695690911085844,3.253287051792414e-07,0.4933084231220333,0.009734342438402934,2,20,20
12,2930,0.5035010423180268,1.7783882712319495e-07,0.4964979317008465,8.481422992838005e-07,2,20,20
12,2931,0.49386840298055446,2.5313753942493485e-07,0.5061301758825861,1.1679993194667747e-06,2,20,20
12,2932,0.46759690855987573,2.3052878463477843e-08,0.5287326690630244,0.00367039932422114,2,20,20
12,2933,0.02388085024703677,8.11835706008201e-07,0.9761169399088201,1.3980084371994943e-06,2,20,20
12,2934,0.001896885145000508,1.247814190488703e-07,0.9980915531111817,1.1436962398327533e-05,2,20,20
12,2935,0.0016933275950366167,4.02572604671736e-07,0.9939943535307595,0.0043119163015992975,2,20,20
12,2936,0.0015317838077250237,1.2477810303391995e-07,0.9984566526786466,1.1438735526192246e-05,2,20,20
12,2937,0.01643161870803279,1.1252583185064377e-08,0.9835661488473774,2.2211920055970135e-06,2,20,20
12,2938,0.26150956236798995,7.039976134943422e-09,0.7384897849530397,6.456389942898141e-07,2,20,20
12,2939,0.3509646650138147,1.2484954888449842e-08,0.6490327840465904,2.538454638565978e-06,2,20,20
12,2940,0.5001082748250688,5.6117668417745474e-11,0.4998917093480634,1.5770749630856033e-08,2,20,20
12,2941,0.016319130802472964,5.3628188612565955e-09,0.9836330513227683,4.781251193986146e-05,2,20,20
12,2942,3.272403802523476e-06,4.920706445249932e-12,0.9953184000518952,0.004678327539382915,2,20,20
12,2943,0.027138259993496016,6.577560714492886e-06,0.969088161960685,0.003767000485103884,2,20,20
12,2944,0.008326214360505966,2.455840780290033e-07,0.9879366692984612,0.0037368707569558424,2,20,20
12,2945,0.012854574281027752,3.325030814320943e-10,0.9871453358149849,8.957148358715153e-08,2,20,20
12,2946,0.006197059988394286,3.6373925318525367e-07,0.9938025749409437,1.3314083267996323e-09,2,20,20
12,2947,0.1614604934988565,7.673000158056062e-08,0.8385168534942178,2.257627692409754e-05,2,20,20
12,2948,0.012266666614563902,1.115166657729699e-10,0.9877299352126758,3.3980612432386844e-06,2,20,20
12,2949,0.42310746289852963,3.0176770573190144e-07,0.5723903292384559,0.004501906095308602,2,20,20
12,2950,0.4342612447675629,1.0525196091684117e-09,0.5657387249307223,2.9249194573309855e-08,2,20,20
12,2951,0.4169191567538975,0.000172393683964406,0.5829079425975379,5.069645995923364e-07,2,20,20
12,2952,0.4998949818080103,2.3621554350789113e-11,0.5001050179748363,1.9353345438723912e-10,2,20,20
12,2953,0.4737046262928835,5.496933953771176e-10,0.526295368114335,5.043088257558957e-09,2,20,20
12,2954,0.8249150205217967,5.3265341413169407e-11,0.17508497054948308,8.875453984573862e-09,2,20,20
12,2955,0.8236635046639212,1.1601874708465143e-09,0.17633649050091665,3.6749745240068782e-09,2,20,20
12,2956,0.9915944407905246,2.3070126888223203e-09,0.008404949935103533,6.06967359072313e-07,2,20,20
12,2957,0.529897276448123,5.037988643678273e-07,0.47009952868381005,2.6910692034127034e-06,2,20,20
12,2958,0.503858691260773,6.967230833753887e-08,0.49511482620646796,0.001026412860451374,2,20,20
12,2959,0.07523626313167395,1.383177706776262e-05,0.8891578955421752,0.03559200954908219,2,20,20
12,2960,0.0010604690804606601,0.0002672309813653179,0.998649917191648,2.2382746525845258e-05,2,20,20
12,2961,0.0001835929723245319,0.000250938178359122,0.9995448381783613,2.0630670954677482e-05,2,20,20
12,2962,0.0007509736861510105,0.2095930013954087,0.7889227278950063,0.0007332970234329989,2,20,20
12,2963,0.0008837187686702719,0.21066328113675756,0.7881454064166679,0.0003075936779029896,2,20,20
12,2964,2.0483331190021823e-06,0.49998647761876897,0.5000106137235778,8.603245338561777e-07,2,20,20
12,2965,0.012242762393712477,0.49206054977007624,0.4956966839367108,3.899500534807009e-09,2,20,20
12,2966,1.8919986831041375e-05,0.4997285971630506,0.5002507526959908,1.7301541275949048e-06,2,20,20
12,2967,0.49378173908580075,0.4845083191397903,0.02170993793512154,3.839287372118304e-09,2,20,20
12,2968,0.4999949507144434,0.48450831913979037,0.015496726306473469,3.839292730925401e-09,2,20,20
12,2969,0.4937148640353097,0.49990296678528356,0.006382147787664337,2.1391742271668938e-08,2,20,20
12,2970,0.2915385589264874,0.17672095544906039,0.5317359357915225,4.549832929341314e-06,2,20,20
12,2971,0.005830668327564478,0.5002636991822883,0.4939056178516929,1.4638454535938694e-08,2,20,20
12,2972,0.006170390776421966,0.49931916157760453,0.4945104475762354,6.973802258995759e-11,2,20,20
12,2973,3.458374244264498e-07,0.4613505178865644,0.5385386542116679,0.00011048206434344523,2,20,20
12,2974,0.2886777123541881,0.4945372621580575,0.2167843124710469,7.130167077483804e-07,2,20,20
12,2975,0.32846851558842105,0.5001201357364079,0.17136590706103566,4.544161413514868e-05,2,20,20
12,2976,0.48454351875427587,0.4999880454030324,0.015468435841131941,1.5598004533790279e-12,2,20,20
12,2977,0.4845435187651187,0.49962268307723506,0.015833798156087184,1.55890922703076e-12,2,20,20
12,2978,0.0015182584709922066,0.49975423813128184,0.49872730357553724,1.9982218829679542e-07,2,20,20
12,2979,1.4083447490144829e-11,0.49962273860748574,0.5003772613772115,1.219332523624741e-12,2,20,20
12,2980,0.4935969360619795,0.4996226831558387,0.006780359763070706,2.1019110984541407e-08,2,20,20
12,2981,0.49999876242583213,0.49998409290351864,1.7144669408407663e-05,1.240784017859022e-12,2,20,20
12,2982,6.515102102318506e-05,0.4782023511745292,0.5208985525481463,0.0008339452563006644,2,20,20
12,2983,0.009100992397521263,0.47906031262412496,0.5118371982146874,1.4967636659422617e-06,2,20,20
12,2984,0.009100984563887133,0.4849473305143503,0.505950185499187,1.4994225748366383e-06,2,20,20
12,2985,0.00018907296692242975,0.48451584052779373,0.5152950864882826,1.7001085102875353e-11,2,20,20
12,2986,0.46673343653904026,0.48523718072053024,0.04802724713509572,2.135605333728694e-06,2,20,20
12,2987,0.46673343656046695,0.0009642958180110473,0.5322997754923187,2.492129205359669e-06,2,20,20
12,2988,0.5016075542043883,2.996134212802935e-06,0.4983749187868925,1.4530874506110462e-05,2,20,20
12,2989,0.4869243677794299,3.5068078368095366e-06,0.5129905441427348,8.158126999747913e-05,2,20,20
12,2990,0.0018114787843026882,0.010036973461562244,0.9881370168917885,1.453086234550881e-05,2,20,20
12,2991,0.0018114686986943247,0.4999911660007442,0.4981828344383918,1.4530862169599807e-05,2,20,20
12,2992,0.0018114686986984401,0.49454969181832875,0.5036243086220008,1.453086097173022e-05,2,20,20
12,2993,3.3718724034165833e-10,0.25827080761328874,0.7417225430820011,6.6489675227988706e-06,2,20,20
12,2994,1.756564271039648e-11,0.49972398550309494,0.5002760144793378,1.3682984920466208e-15,2,20,20
12,2995,5.5590544760701475e-09,0.02186237369650494,0.9781376185749717,2.1694678429837876e-09,2,20,20
12,2996,0.010187064006268754,4.426547597190551e-06,0.9897965207666299,1.1988679504616794e-05,2,20,20
12,2997,0.02032778308772018,5.9994064779703565e-09,0.979672210428063,4.848101445155573e-10,2,20,20
12,2998,6.7473594328835276e-06,6.080789443377649e-07,0.9999925928328347,5.172878824765398e-08,2,20,20
12,2999,6.6364501293999035e-06,6.053307858395459e-07,0.9999909709481976,1.7872708869588403e-06,2,20,20
12,3000,0.2855307179169829,8.586456187974356e-11,0.7144692811618736,8.352786046510575e-10,2,20,20
12,3001,0.29721898863994495,1.589213370626803e-10,0.7027801232003681,8.88000765877467e-07,2,20,20
12,3002,0.2912484934780207,2.103867583076041e-05,0.7087304380022182,2.98439301387595e-08,2,20,20
12,3003,0.23322980715900649,2.127560203319021e-05,0.7667488771399764,4.009898500501742e-08,2,20,20
12,3004,0.015410334041972977,0.00047389484016453927,0.9840760945228696,3.967659499312239e-05,2,20,20
12,3005,0.02946525816630344,9.73216973394818e-09,0.966239647427164,0.004295084674364601,2,20,20
12,3006,0.9966540358298186,1.946271225643379e-11,0.0033459588631873836,5.287531245773856e-09,2,20,20
12,3007,0.9905187515043994,2.082059921042495e-11,0.009481243180663464,5.294116578873643e-09,2,20,20
12,3008,0.9890395080619971,2.1126837863385832e-11,0.010960486542777505,5.374098811201236e-09,2,20,20
12,3009,0.5454463068848966,2.294046336589818e-08,0.45446252037544593,9.114979919425172e-05,2,20,20
12,3010,0.5213406088908658,2.3470217613248794e-11,0.47865936610555204,2.4980111404737497e-08,2,20,20
12,3011,0.49806696282977164,1.0209737880881063e-05,0.5019228163049154,1.1127433066917742e-08,2,20,20
12,3012,0.3838113697762423,4.887911044610301e-08,0.6161752728156962,1.3308528950914521e-05,2,20,20
12,3013,0.8801327870548371,4.887990481595138e-08,0.11985388549287318,1.3278572384790934e-05,2,20,20
12,3014,0.39977377884602944,0.0035257253074455737,0.5792044330710112,0.017496062775513604,2,20,20
12,3015,0.42289287793604907,9.557896434099804e-10,0.5762634739732484,0.0008436471349126762,2,20,20
12,3016,0.35971428725532356,6.091320045092993e-07,0.14341678037115743,0.4968683232415144,2,20,20
12,3017,0.4999542041278074,1.9596822681719538e-11,4.686262457693379e-05,0.4999989332280189,2,20,20
12,3018,0.4999542041278173,2.2654084219631448e-11,0.00012962766187943488,0.4999161681876491,2,20,20
12,3019,0.0014821985905942032,3.450588594914308e-12,0.49853966210362144,0.49997813930233365,2,20,20
12,3020,0.001482198460822674,3.4496571871680256e-12,0.4986003346479204,0.4999174668878071,2,20,20
12,3021,0.0014821984630844385,3.4502262813563145e-12,0.5018556945629843,0.49666210697048085,2,20,20
12,3022,2.565510730892242e-05,5.82687158416999e-14,0.4999757412546121,0.4999986036380202,2,20,20
12,3023,0.0014530297985559627,1.0728962389571747e-08,0.49846351852337717,0.5000834409491042,2,20,20
12,3024,0.44818284820711846,1.1404395443266603e-07,0.05181885124259254,0.49999818650633465,2,20,20
12,3025,0.04494123947771305,2.0243561628536778e-10,0.4550589930370066,0.49999976728284456,2,20,20
12,3026,9.549857843539465e-05,0.00047938926610490367,0.49950824057473564,0.49991687158072373,2,20,20
12,3027,9.549857847494926e-05,0.000479399104537681,0.5041212532118164,0.49530384910517083,2,20,20
12,3028,9.54987079129435e-05,0.00047938926310114806,0.5005782584156264,0.4988468536133594,2,20,20
12,3029,0.0005226625080623499,3.0351246303404492e-09,0.49947878719849864,0.49999854725831433,2,20,20
12,3030,0.03844940919916332,9.034008653222743e-11,0.46155203443524767,0.49999855627524875,2,20,20
12,3031,0.3469762973896138,4.494761595792291e-08,0.15234022929048346,0.5006834283722869,2,20,20
12,3032,0.4984286872462011,2.530931734734883e-14,0.0015717121204642031,0.49999960063330956,2,20,20
12,3033,0.4984286872462011,2.4368454311203644e-14,0.0015723628020493105,0.4999989499517253,2,20,20
12,3034,0.4984286872462004,2.4351953045011514e-14,0.0015713388487512663,0.4999999739050242,2,20,20
12,3035,0.153392483906885,2.7601489778812648e-09,0.3466278122427415,0.4999797010902239,2,20,20
12,3036,0.153392483904609,2.7601489776282067e-09,0.3466086090589052,0.49999890427633625,2,20,20
12,3037,0.4998923361914883,1.803952352162809e-15,0.0001091312680663058,0.4999985325404435,2,20,20
12,3038,0.49989233619152756,8.471594233556736e-16,0.00012907041552119304,0.49997859339295025,2,20,20
12,3039,0.010194309188971745,5.452976664599465e-09,0.4853293393808964,0.5044763459771551,2,20,20
12,3040,0.05420296042197437,0.005102287607267778,0.4403515316495895,0.5003432203211682,2,20,20
12,3041,6.188968921701223e-13,1.768339156218212e-10,0.0015705400573655353,0.9984294597651814,2,20,20
12,3042,3.99451992617898e-14,5.364030456984106e-14,5.8872220430936614e-05,0.9999411277794755,2,20,20
12,3043,1.8560429779054916e-17,9.420366505628314e-16,5.696324995501559e-07,0.9999994303674994,2,20,20
12,3044,2.8457978583676777e-12,1.0916105870035033e-13,8.738622868426042e-05,0.9999126137683609,2,20,20
12,3045,2.27676152086284e-12,3.1121226836470543e-12,4.9939799398393574e-05,0.9999500601952127,2,20,20
12,3046,2.2765894522550492e-12,3.1648079924315415e-12,7.739541714156847e-05,0.9999226045774169,2,20,20
12,3047,4.992970462470669e-14,5.366257560908541e-14,2.5282165712512243e-06,0.9999974717833252,2,20,20
12,3048,5.010484160361336e-14,1.0729181332661194e-13,4.969110684995812e-06,0.9999950308891576,2,20,20
12,3049,5.0116924176960563e-14,5.4603715952754106e-14,4.019220576562075e-06,0.999995980779319,2,20,20
12,3050,5.691781442628385e-13,9.58194849645097e-16,2.857799641262376e-05,0.9999714220030173,2,20,20
12,3051,1.297893174419549e-10,3.0590496907394576e-12,0.00010837137193202967,0.9998916284952195,2,20,20
12,3052,3.994700377122911e-14,9.744691062223707e-16,2.533254753902194e-06,0.9999974667452054,2,20,20
12,3053,4.011885198810265e-14,1.899103116180413e-15,2.5427713047246635e-06,0.9999974572286534,2,20,20
12,3054,1.907785192736578e-16,9.582515342352373e-16,2.500049854054753e-06,0.9999974999501449,2,20,20
12,3055,1.8657997743320178e-17,1.7390792759000895e-17,1.083624526709372e-06,0.9999989163754734,2,20,20
12,3056,1.9385206235915146e-16,9.58535989219371e-16,2.9827066413792117e-06,0.9999970172933573,2,20,20
12,3057,1.8776263732397906e-16,9.585309227438253e-16,2.5648635489000205e-06,0.9999974351364499,2,20,20
12,3058,4.037860475489799e-14,1.0693431226941022e-13,0.003331672405082265,0.9966683275947704,2,20,20
12,3059,5.793585682028613e-07,3.533050536236704e-13,0.5032989312614443,0.49670048937963335,2,20,20
12,3060,1.4758149044716713e-14,5.374965310366861e-14,0.44135604697110775,0.5586439530288236,2,20,20
12,3061,1.4283044633951622e-08,2.3594953979920358e-11,0.4999598069451927,0.5000401787481673,2,20,20
12,3062,1.4283044634171035e-08,2.3594954269506778e-11,0.49995836492170836,0.5000416207716518,2,20,20
12,3063,7.857739031708333e-14,7.3901512305483e-15,0.4999788341121815,0.5000211658877325,2,20,20
12,3064,7.758306359659789e-09,6.83467067456909e-10,0.4993977659486687,0.5006022256095571,2,20,20
12,3065,0.0001792585524552185,1.3009026819069335e-09,0.4986788814786402,0.5011418586680019,2,20,20
12,3066,9.987456901507394e-15,1.0706069305209147e-13,0.0011538429118616229,0.9988461570880214,2,20,20
12,3067,3.405648950234668e-18,1.711121070762674e-17,5.27210439568054e-07,0.9999994727895604,2,20,20
12,3068,1.0614717056210708e-14,9.867838903933076e-09,0.0033707849788613743,0.9966292051532893,2,20,20
12,3069,2.4862675564657716e-17,3.360755250898403e-17,1.0691059906595877e-06,0.9999989308940094,2,20,20
12,3070,1.2836788436644428e-10,9.826913476090362e-09,0.005513129105211705,0.9944868609395068,2,20,20
12,3071,1.297563688996685e-10,1.0729046601100948e-13,8.408371573405656e-05,0.9999159161544022,2,20,20
12,3072,4.063815356044458e-14,1.8985154066506756e-15,0.00014139845056379736,0.9998586015493939,2,20,20
12,3073,3.533383773018129e-16,1.6821552035686716e-17,0.00017514495735367053,0.9998248550426462,2,20,20
12,3074,3.509727601682142e-18,1.7380751473220712e-17,1.075844149514099e-06,0.9999989241558509,2,20,20
12,3075,2.0122131506677664e-12,2.7016507451043917e-12,0.05824079306264282,0.9417592069326433,2,20,20
12,3076,2.0137858069123037e-12,2.7561111065424646e-12,0.059393460266185104,0.9406065397290451,2,20,20
12,3077,2.0123984554953075e-12,5.730933884969817e-12,0.06290381089430218,0.9370961890979543,2,20,20
12,3078,2.2556836875517655e-12,1.7574696961748323e-10,0.00934133525692602,0.9906586645650712,2,20,20
12,3079,8.764979294246506e-16,3.389704379112245e-17,2.3072581676965435e-06,0.9999976927418315,2,20,20
12,3080,5.698954538562982e-13,5.4619851593993556e-14,3.6578331613935635e-06,0.9999963421662144,2,20,20
12,3081,8.762374038080981e-16,1.9153258643899836e-15,1.4652861272879198e-06,0.9999985347138701,2,20,20
12,3082,1.8796423750103807e-16,5.460122921744234e-14,2.136926586827809e-05,0.999978630734077,2,20,20
12,3083,1.7549405444559487e-16,5.363774981325126e-14,8.260383955757083e-05,0.9999173961603887,2,20,20
12,3084,5.698775086221075e-13,5.458541305001955e-14,2.3339645628094492e-05,0.9999766603537475,2,20,20
12,3085,1.9610017680418436e-12,1.7433182904393065e-10,0.07827403235467631,0.9217259674690309,2,20,20
12,3086,1.921067478954087e-12,9.052855395320043e-14,0.07812001312186108,0.9218799868761274,2,20,20
12,3087,1.7547325819084415e-16,9.41745342100156e-16,1.4995613654780545e-06,0.9999985004386336,2,20,20
12,3088,5.707545810526945e-13,5.369247052675134e-14,3.0321938337575405e-05,0.999969678061038,2,20,20
12,3089,5.692791649844888e-13,9.494652515466282e-16,0.004748018568602342,0.9952519814308272,2,20,20
12,3090,2.011950288871694e-12,4.9161720401725777e-14,0.06289973643616247,0.9371002635617761,2,20,20
12,3091,3.488100370882588e-16,1.874101866041433e-15,0.004665284461890639,0.9953347155381069,2,20,20
12,3092,9.99821106212811e-15,5.458730411091779e-14,1.5937133282646442e-06,0.9999984062866075,2,20,20
12,3093,8.911893852156074e-16,5.457845817136359e-14,8.262155369929946e-05,0.9999173784462454,2,20,20
12,3094,7.253296033700284e-16,1.7668507734487573e-17,5.884923887394906e-05,0.9999411507611253,2,20,20
12,3095,4.0654551140212e-14,9.746991825938443e-16,8.732858072509777e-05,0.9999126714192333,2,20,20
12,3096,4.012653109287573e-14,5.4581160407575626e-14,6.028853820984254e-05,0.9999397114616955,2,20,20
12,3097,4.074127912914665e-14,5.447987702816197e-14,0.0011551767856083782,0.9988448232142964,2,20,20
12,3098,2.356702807564958e-12,1.0722030006504529e-13,0.001281252039490596,0.9987187479580455,2,20,20
12,3099,2.356096057870877e-12,5.371518603550998e-14,0.00012807922071474118,0.9998719207768758,2,20,20
12,3100,2.4915129649224054e-17,9.58143618916031e-16,5.914890353644064e-05,0.9999408510964626,2,20,20
12,3101,3.249122130734634e-11,3.1120549390978422e-12,6.135496275010306e-05,0.9999386450016465,2,20,20
12,3102,3.248194843354331e-11,3.111097866631162e-12,8.118336034284286e-05,0.999918816604064,2,20,20
12,3103,2.7826607351274157e-17,3.389624856314934e-17,2.8539724609061243e-05,0.999971460275391,2,20,20
12,3104,1.2856338615306938e-10,1.7266641474216143e-10,0.004678753959649761,0.9953212457391204,2,20,20
12,3105,1.9097226082302394e-16,1.9151044211200065e-15,0.00011758373922645093,0.9998824162607716,2,20,20
12,3106,1.871455597015947e-17,5.3662286001116794e-14,3.942487678933225e-06,0.9999960575122672,2,20,20
12,3107,1.0689615040648674e-14,3.110978233181992e-12,8.542281468924872e-05,0.9999145771821893,2,20,20
12,3108,1.0685044072988132e-14,3.091107749462525e-12,0.0033319100710009083,0.9966680899258975,2,20,20
12,3109,9.998188692405576e-15,5.367850268059763e-14,3.51717742828468e-06,0.9999964828225083,2,20,20
12,3110,9.996775905684268e-15,3.0573110876035755e-12,8.486421147173205e-05,0.9999151357854611,2,20,20
12,3111,5.691420646294083e-13,3.0593357469598513e-12,0.0001430415074106534,0.999856958488961,2,20,20
12,3112,5.691358722683719e-13,3.058395051648416e-12,6.193764595677551e-05,0.9999380623504157,2,20,20
12,3113,9.960023637518972e-15,9.71380040048054e-16,0.001620521458024331,0.9983794785419648,2,20,20
12,3114,3.7523742214165666e-16,3.1113408309277455e-12,2.2592304396821544e-05,0.9999774076924915,2,20,20
12,3115,3.536799444450552e-16,5.367889464831153e-14,4.433120982213e-06,0.9999955668789638,2,20,20
12,3116,1.0241592807218752e-14,3.329459349567876e-17,0.0046669111740770585,0.9953330888259126,2,20,20
12,3117,4.993721657163784e-14,9.74360374896838e-16,6.171426158229193e-05,0.999938285738367,2,20,20
12,3118,7.010993896349112e-16,3.3612489554967455e-17,1.0817773424213353e-06,0.999998918222657,2,20,20
12,3119,7.04075221638427e-16,1.899000557280646e-15,2.9546700109411188e-05,0.9999704532998881,2,20,20
12,3120,5.69198012039265e-13,1.082324405031874e-13,5.06461072044505e-06,0.9999949353886022,2,20,20
12,3121,6.091385962155369e-13,1.0824894277122727e-13,4.6726506925787594e-06,0.9999953273485902,2,20,20
12,3122,5.698985389630064e-13,1.0823268969947335e-13,2.3912075590863143e-05,0.9999760879237312,2,20,20
12,3123,7.286150287721077e-16,9.747498441982492e-16,5.984899006100592e-05,0.9999401510099372,2,20,20
12,3124,2.787857030341923e-17,9.585318519782662e-16,1.1009885415356992e-06,0.9999988990114573,2,20,20
12,3125,1.298212118537211e-10,3.1649643819093475e-12,0.00010546400103205297,0.9998945358659818,2,20,20
12,3126,5.691287986369036e-13,3.057349405428817e-12,8.399891166798046e-05,0.9999160010847055,2,20,20
12,3127,5.798018847133756e-13,3.111897075097484e-12,0.0001423353754488324,0.9998576646208595,2,20,20
12,3128,2.845903128973774e-12,3.0582740397777957e-12,8.438097653924587e-05,0.9999156190175564,2,20,20
12,3129,1.0446933661691514e-15,5.4078602127669464e-14,0.004663869697787502,0.9953361303021573,2,20,20
12,3130,8.91541778706992e-16,1.9156153356831447e-15,2.1205858482411736e-06,0.999997879414149,2,20,20
12,3131,1.0325449197363065e-10,7.900718872537406e-09,0.1023736504449634,0.8976263415510632,2,20,20
12,3132,4.01192584333307e-14,2.8399706840880134e-15,1.8212875056282286e-06,0.9999981787124516,2,20,20
12,3133,1.1010401529515851e-10,8.425697250107379e-09,0.07595250749787977,0.9240474839663191,2,20,20
12,3134,3.658892210826329e-16,1.740082864902861e-17,0.0001122876262228819,0.9998877123737765,2,20,20
12,3135,4.1345352141696426e-14,9.74757945018686e-16,2.5320961267941556e-06,0.9999974679038308,2,20,20
12,3136,2.2771179781994776e-12,1.0823141523905943e-13,8.409545506544803e-05,0.9999159045425491,2,20,20
12,3137,4.183154448099425e-07,1.0772658248652661e-13,0.005105712357642629,0.9948938693268049,2,20,20
12,3138,1.8308187481728737e-09,1.7255075330180724e-10,0.006315787992328786,0.9936842100043017,2,20,20
12,3139,1.0701751527619907e-14,3.0576602555816943e-12,2.9584757708878564e-05,0.9999704152392228,2,20,20
12,3140,7.192635860628916e-16,1.7960012726005658e-17,1.0489921670997875e-07,0.9999998951007826,2,20,20
12,3141,3.1333378870770733e-18,8.794557341722852e-19,7.73495877798473e-08,0.9999999226504124,2,20,20
12,3142,1.0171800072174696e-14,9.57811734571858e-16,8.261372501396288e-05,0.9999173862749747,2,20,20
12,3143,5.0115398200860345e-14,1.9151746535418615e-15,8.366272140356239e-05,0.9999163372785443,2,20,20
12,3144,3.994393023942248e-14,9.744640384864125e-16,2.107191473775011e-06,0.9999978928084854,2,20,20
12,3145,4.0644423792624216e-14,1.8991038886022064e-15,2.1325384193385142e-06,0.9999978674615384,2,20,20
12,3146,7.161393663114223e-16,9.744691018306346e-16,1.5757376924077127e-06,0.9999984242623061,2,20,20
12,3147,1.2947579642401865e-10,3.1060897788155374e-12,0.0011650800881652463,0.9988349197792528,2,20,20
12,3148,7.13276788707239e-16,9.417409690730908e-16,2.1070561104629424e-06,0.999997892943888,2,20,20
12,3149,8.854186838779239e-16,5.348910394495599e-14,0.0016192527413236748,0.9983807472586221,2,20,20
12,3150,7.132753991018036e-16,1.7380753406090805e-17,2.109998321627485e-06,0.9999978900016778,2,20,20
12,3151,7.31695908248215e-09,9.826964460347173e-09,0.005432620699358334,0.9945673621567184,2,20,20
12,3152,1.297616759775601e-10,3.0584148871061038e-12,6.139115811887504e-05,0.9999386087090609,2,20,20
12,3153,5.130772034858438e-13,1.5391652491343684e-10,0.05861618198464399,0.9413838178609264,2,20,20
12,3154,5.037920192411942e-13,1.5391651631494165e-10,0.05869629715276001,0.9413037026928195,2,20,20
12,3155,1.1382900487612189e-12,3.1118954191735674e-12,0.00010464808693150914,0.9998953519088184,2,20,20
12,3156,6.091261946685739e-13,5.552595968381634e-14,7.962862752924595e-05,0.9999203713718061,2,20,20
12,3157,5.439570767067027e-19,3.3318969728843275e-17,5.881747278931848e-05,0.9999411825272109,2,20,20
12,3158,1.7573806552732147e-16,5.0109894013216626e-17,6.026605057350897e-05,0.9999397339494265,2,20,20
12,3159,1.7854211471618153e-16,9.585318914287252e-16,2.531809294135135e-06,0.9999974681907049,2,20,20
12,3160,2.2617453731008707e-12,1.7312962993126484e-10,0.0033446117476675255,0.9966553880769411,2,20,20
12,3161,2.8073201382188142e-11,3.1183560362512035e-10,0.10555973967861355,0.8944402599814776,2,20,20
12,3162,2.5812332028235967e-11,1.3870694844662808e-10,0.10221807015542021,0.8977819296800605,2,20,20
12,3163,9.00400962023522e-16,5.3653962141720746e-14,0.00014141245777161087,0.9998585875421737,2,20,20
12,3164,8.91183138837081e-16,1.0729886242374495e-13,8.508445725242046e-05,0.9999149155426391,2,20,20
12,3165,7.196658332707676e-16,5.366095362960312e-14,2.032348386997305e-05,0.9999796765160756,2,20,20
12,3166,3.243884417954476e-11,9.743199935251987e-16,8.426272764820149e-05,0.9999157372399119,2,20,20
12,3167,1.5425535515099136e-17,9.57962664785717e-16,1.1010048351167654e-06,0.9999988989951639,2,20,20
12,3168,1.2357587486039615e-17,9.41181767989088e-16,1.0585665152780097e-06,0.9999989414334837,2,20,20
12,3169,1.5377091527293122e-17,5.364550006983812e-14,2.4859459863071675e-06,0.9999975140539601,2,20,20
12,3170,5.691957007652621e-13,5.4586645873266677e-14,2.5114885782061266e-06,0.999997488510798,2,20,20
12,3171,5.692106781724848e-13,1.742422746794183e-10,0.00015584480631203147,0.9998441550188767,2,20,20
12,3172,8.45309686685819e-15,2.5800569562248383e-12,0.07817866141396754,0.921821338583444,2,20,20
12,3173,9.129281156200603e-15,2.5800731779591903e-12,0.07812089913743177,0.9218791008599789,2,20,20
12,3174,4.800164227950443e-14,1.7524461449945447e-10,0.08279713436324941,0.9172028654614578,2,20,20
12,3175,3.958440626415571e-14,1.727040545797732e-10,0.1429012479567362,0.85709875187052,2,20,20
12,3176,5.185121877710429e-16,7.832388750790239e-14,0.2764479267186739,0.7235520732812472,2,20,20
12,3177,1.4017215470491139e-15,1.8827784456139666e-15,5.985542548943931e-05,0.9999401445745074,2,20,20
12,3178,7.988723819206234e-14,9.906858134402901e-16,3.141788116388095e-06,0.9999968582118027,2,20,20
12,3179,1.0686990060200581e-14,3.3622501891746486e-17,2.989058915673052e-06,0.9999970109410736,2,20,20
12,3180,4.0640269384988286e-14,9.5815308266558e-16,6.018915030114249e-05,0.9999398108496573,2,20,20
12,3181,3.243883566205524e-11,3.0592065229167915e-12,0.00014312941498492737,0.999856870549517,2,20,20
12,3182,7.16053826890911e-16,3.0574377836252064e-12,6.04992104137141e-05,0.9999395007865283,2,20,20
12,3183,1.5422688228410158e-17,9.420197948616167e-16,1.518303842704412e-06,0.9999984816961565,2,20,20
12,3184,2.255568313853529e-12,1.0723211933413739e-13,0.0046653670740270155,0.9953346329236101,2,20,20
12,3185,1.2617760325558352e-17,9.579618920006575e-16,1.5106765304778369e-06,0.9999984893234684,2,20,20
12,3186,3.9955893173905985e-14,5.4603421369097735e-14,3.951882421472005e-06,0.999996048117484,2,20,20
12,3187,2.276536200463899e-12,5.459763114940762e-14,6.0646874895512254e-05,0.9999393531227734,2,20,20
12,3188,2.2774942271901128e-12,5.553583052270149e-14,8.399941749057046e-05,0.9999160005801764,2,20,20
12,3189,7.100907961987461e-16,5.459467479469189e-14,8.262885092336815e-05,0.9999173711490214,2,20,20
12,3190,1.8677931500482904e-17,5.458844690658714e-14,0.00472263406667578,0.9952773659332698,2,20,20
12,3191,7.072634485282815e-16,5.458129208925004e-14,0.000141399142304837,0.9998586008576398,2,20,20
12,3192,5.698351726915296e-13,1.9154414133732075e-15,0.00010346776116543185,0.9998965322382628,2,20,20
12,3193,4.063653455752373e-14,5.45885572275348e-14,0.0034117839221408973,0.9965882160777639,2,20,20
12,3194,1.4138273672788744e-15,9.744681949281876e-16,2.5176026994337444e-06,0.9999974823972984,2,20,20
12,3195,7.099550785963611e-09,3.05930533160414e-12,0.020183051436345568,0.9798169414610447,2,20,20
12,3196,3.24390198543631e-11,3.0582819938068855e-12,8.440657487817872e-05,0.9999155933896247,2,20,20
12,3197,1.2833320158723501e-17,3.3317398152308237e-17,8.362775675152936e-05,0.9999163722432485,2,20,20
12,3198,1.564057283714857e-17,1.7098378847732328e-17,8.362824102858456e-05,0.9999163717589712,2,20,20
12,3199,3.370871064593368e-14,4.6075044259092693e-14,0.07820246860262493,0.9217975313972951,2,20,20
12,3200,1.5417057347607437e-17,1.8815475294225467e-15,0.004746392035772249,0.9952536079642256,2,20,20
12,3201,1.2556019263361227e-17,1.8812707028889165e-15,0.004663857031099946,0.995336142968898,2,20,20
12,3202,3.9690317886430174e-14,9.678099557654312e-16,0.003329229943757825,0.9966707700562015,2,20,20
12,3203,3.562317031812892e-18,9.740737472875014e-16,5.8835314603168334e-05,0.999941164685396,2,20,20
12,3204,1.2976153660108887e-10,3.0584117049484596e-12,6.152461182512026e-05,0.9999384752553548,2,20,20
12,3205,1.2976153660108913e-10,3.05839549318064e-12,6.151626239292802e-05,0.9999384836047871,2,20,20
12,3206,1.9104438949843523e-16,3.3622518092016734e-17,2.507232177470092e-06,0.9999974927678221,2,20,20
12,3207,5.69120089490643e-13,5.365397890070435e-14,8.364282088545187e-05,0.9999163571784917,2,20,20
12,3208,1.0686695770623418e-14,1.8828180344901675e-15,2.0809498036642106e-05,0.9999791905019507,2,20,20
12,3209,3.1369813595628738e-18,3.2025515940851445e-19,1.4759795045021242e-06,0.9999985240204952,2,20,20
12,3210,1.0161585385426217e-14,9.744683051591374e-16,2.9586586746500274e-05,0.9999704134132423,2,20,20
12,3211,4.065002100620767e-14,9.42206384300191e-16,0.00014292902497237053,0.9998570709749859,2,20,20
12,3212,4.1338488443643115e-14,5.364663339573019e-14,8.662166980088649e-05,0.9999133783301042,2,20,20
12,3213,7.131682745670695e-16,5.4587091674011666e-14,6.127620399593038e-05,0.999938723795949,2,20,20
12,3214,5.698425609592363e-13,3.0593359023171585e-12,6.193054089001888e-05,0.9999380694554809,2,20,20
12,3215,3.300801806758686e-11,6.1166136881796285e-12,0.00014431515540818426,0.9998556848054672,2,20,20
12,3216,3.2478819818055153e-11,3.1118974288848948e-12,8.633680992714444e-05,0.9999136631544822,2,20,20
12,3217,3.243887956218624e-11,3.059176608450827e-12,8.53192176731295e-05,0.9999146807468287,2,20,20
12,3218,1.2406786621632746e-17,9.417401949686536e-16,1.4933337024217282e-06,0.9999985066662964,2,20,20
12,3219,7.254600729854038e-16,5.364663344879827e-14,3.5342823732256454e-06,0.9999964657175726,2,20,20
12,3220,1.9985910602486148e-16,1.7393006006210224e-17,8.365637801167092e-05,0.9999163436219882,2,20,20
12,3221,1.7543732271762083e-16,1.6818827854332283e-17,8.262538869913454e-05,0.9999173746113007,2,20,20
12,3222,1.8708435576875902e-17,5.459482540379821e-14,8.364140218136149e-05,0.9999163585977638,2,20,20
12,3223,1.1523748875983317e-10,5.00314617114551e-14,0.0583312316007471,0.9416687682839654,2,20,20
12,3224,1.2942855362521306e-10,1.0372117255813678e-15,0.0014994841092537043,0.9985005157613168,2,20,20
12,3225,1.2946849573760392e-10,1.962113651388764e-15,0.0015201524597506554,0.998479847410779,2,20,20
12,3226,2.7519481952751096e-12,5.535401526480249e-14,0.08964156334443704,0.9103584366527555,2,20,20
12,3227,7.166440279922632e-16,5.36727528761723e-14,5.883883878822321e-05,0.9999411611611574,2,20,20
12,3228,1.5856261038868274e-17,4.98273416914823e-17,5.884393502085567e-05,0.9999411560649794,2,20,20
12,3229,4.011892962740063e-14,2.839969908415904e-15,2.094483730685943e-06,0.9999979055162265,2,20,20
12,3230,1.9062557772303106e-16,9.9069202354282e-16,9.252963655139471e-07,0.9999990747036334,2,20,20
12,3231,1.8765890961139506e-16,1.9153260728106745e-15,1.99903102185061e-06,0.9999980009689762,2,20,20
12,3232,5.661210304151683e-13,3.039321410593951e-12,0.0033882188441873525,0.9966117811522073,2,20,20
12,3233,4.9948233471854355e-14,1.915910089962878e-15,2.0766083646662164e-06,0.9999979233915834,2,20,20
12,3234,4.0461407287243767e-14,3.0574707913829554e-12,0.004735491155115218,0.9952645088417871,2,20,20
12,3235,3.5045450206230337e-16,1.7380420666317437e-17,0.004675072521653055,0.9953249274783467,2,20,20
12,3236,7.988070085516907e-14,3.1118974077442513e-12,8.632259043218493e-05,0.9999136774063759,2,20,20
12,3237,8.057980549875578e-14,3.057344388502123e-12,0.00014382949755071276,0.9998561704993114,2,20,20
12,3238,3.994944757821898e-14,3.058251946441865e-12,8.488893853218624e-05,0.9999151110583697,2,20,20
12,3239,1.1231585967567496e-11,4.900232289164638e-08,0.4567349616582545,0.5432649893281909,2,20,20
12,3240,1.7463459559086986e-10,0.14049377381172687,0.35950761216827737,0.49999861384536093,2,20,20
12,3241,3.2240913037487038e-15,0.47851906856859966,0.021482381040250798,0.49999855039114616,2,20,20
12,3242,4.632827993903802e-14,0.47811525868947835,0.021943533092507135,0.49994120821796817,2,20,20
12,3243,2.718395113218427e-12,0.4995881010960399,0.0004944778150663018,0.49991742108617526,2,20,20
12,3244,3.7939348281579157e-06,3.897004082010002e-12,0.500078784977372,0.49991742108390275,2,20,20
12,3245,3.7939353973158554e-06,3.897037718539577e-12,0.5000532881900185,0.49994291787068745,2,20,20
12,3246,1.5223501128588924e-05,3.5735113314226314e-07,0.49998687332551567,0.4999975458222222,2,20,20
12,3247,0.044688936237477585,1.8484442708573527e-05,0.45529103468656607,0.5000015446332476,2,20,20
12,3248,0.04468893623748757,1.848444576602636e-05,0.4553514696320623,0.49994110968468425,2,20,20
12,3249,0.49589397320338324,3.9444815724526887e-13,0.004164847293323414,0.49994117950289896,2,20,20
12,3250,0.0029497678697251164,3.240202813637339e-08,0.49710901847096767,0.4999411812572792,2,20,20
12,3251,0.4737047966642254,5.477271687956123e-10,0.02629666489146765,0.4999985378965798,2,20,20
12,3252,0.49986580516089135,1.174469824438938e-09,0.00019300873566551662,0.4999411849289734,2,20,20
12,3253,1.5260323510707538e-05,1.1024048913175268e-10,0.5000435596209042,0.4999411799453441,2,20,20
12,3254,0.49393798484444496,7.957895486396262e-14,0.006120835722571619,0.49994117943290384,2,20,20
12,3255,0.49960202883193916,2.8448540155753685e-12,0.0003997570307857124,0.49999821413443024,2,20,20
12,3256,0.499602028831949,2.8457948767873294e-12,0.00039950910418736093,0.49999846206101806,2,20,20
12,3257,0.36873725745359764,4.777713662816876e-08,0.13288184365235162,0.49838085111691405,2,20,20
12,3258,0.4989344205591063,6.932419390611291e-13,0.001067035781886987,0.49999854365831325,2,20,20
12,3259,0.499955622928207,6.943419586946529e-13,0.00010318955065627965,0.4999411875204426,2,20,20
12,3260,0.4999567212497223,9.47001459781704e-16,0.0001020913248155018,0.49994118742546145,2,20,20
12,3261,0.4999567212502908,1.8879697007628398e-15,4.619799243936413e-05,0.4999970807572679,2,20,20
12,3262,0.4234235665345615,1.780875607355835e-11,0.07663525387560943,0.4999411795720202,2,20,20
12,3263,0.49996171759861546,1.7742755987871892e-10,0.0017704061224079856,0.4982678761015487,2,20,20
12,3264,0.39691153262863593,8.331829503581459e-05,0.10299149943286932,0.500013649643459,2,20,20
12,3265,0.499942801707377,3.7423236139135247e-13,5.722425907788832e-05,0.4999999740331711,2,20,20
12,3266,0.4999428017102137,3.4230179362651406e-12,0.0016856843201276013,0.4983715139662358,2,20,20
12,3267,0.49994280183713335,1.7468148802368869e-10,0.00017598060892775268,0.4998812173792574,2,20,20
12,3268,0.36378317971564367,4.71355335359027e-08,0.13623843633490737,0.4999783368139154,2,20,20
12,3269,0.44899136300050957,1.0377280734667201e-09,0.05106744681798773,0.4999411891437743,2,20,20
12,3270,0.18907095139017696,9.950738419240161e-08,0.31096018756208116,0.49996876154035735,2,20,20
12,3271,0.2943302987376408,9.384018621685606e-11,0.2057522773759326,0.4999174237925859,2,20,20
12,3272,0.29433029873820005,9.689786017804952e-11,0.20569145470350936,0.49997824646139233,2,20,20
12,3273,0.018247518058889765,2.7859435677678743e-07,0.48177394610600993,0.4999782572407427,2,20,20
12,3274,0.47291749780511844,2.4082402102445054e-07,0.02710365341844144,0.49997860795241905,2,20,20
12,3275,0.2713841727337683,1.3819560405643706e-07,0.22867379878417468,0.49994189028645303,2,20,20
12,3276,0.49977138366076873,7.275451181939203e-14,0.0002874076155612515,0.49994120872359743,2,20,20
12,3277,0.4997713836607694,7.367915469795958e-14,0.00023008378946186197,0.4999985325496951,2,20,20
12,3278,0.4997713836607696,7.460358315591533e-14,0.0002874088607027494,0.4999412074784529,2,20,20
12,3279,0.2892046415254705,8.536509270029867e-06,0.21084560217882237,0.49994121978643696,2,20,20
12,3280,0.48363584440279905,2.136320651571121e-10,0.016422927993452845,0.4999412273901157,2,20,20
12,3281,0.0014903863556323476,2.3828888448288117e-05,0.49854450637291736,0.4999412783830018,2,20,20
12,3282,0.49615548848940816,2.8243285135485636e-12,0.003845543205450685,0.4999989683023164,2,20,20
12,3283,0.044833348595632046,5.70598602468092e-09,0.45524919134626995,0.49991745435211205,2,20,20
12,3284,0.0010959503427399677,3.8149793087705913e-07,0.4989845099525973,0.49991915820673205,2,20,20
12,3285,0.4953124747454273,1.9742849780938755e-11,0.004687894363716095,0.499999630871114,2,20,20
12,3286,0.49999876288780337,2.7016453464337865e-12,0.058244479651420475,0.4417567574580746,2,20,20
12,3287,0.3878120840123589,5.022287413429665e-08,0.11224362599971277,0.4999442397650545,2,20,20
12,3288,0.498457477214573,1.226319015850172e-14,0.0016251008383036697,0.49991742194711136,2,20,20
12,3289,0.027649964202748713,1.633302164709326e-07,0.4723491241086644,0.5000007483583703,2,20,20
12,3290,0.15849873126028077,4.679850998425972e-06,0.3414743269478577,0.5000222619408622,2,20,20
12,3291,0.15849873126028077,4.679850998410325e-06,0.34147431824233676,0.5000222706463837,2,20,20
12,3292,0.4996809907950196,1.6212439936139006e-10,0.0003200584131525219,0.4999989506297035,2,20,20
12,3293,0.076458601013102,4.4365453518155e-06,0.42353800601609237,0.4999989564254534,2,20,20
12,3294,4.4976806411409476e-12,2.7266561043198546e-09,0.5000214038740122,0.4999785933948341,2,20,20
12,3295,4.04227313169774e-06,1.523762089194688e-07,0.49999546102769193,0.5000003443229669,2,20,20
12,3296,3.663456604673531e-05,0.00018374556904729092,0.4997790948983923,0.5000005249665137,2,20,20
12,3297,0.44396642013924265,1.9819536214420415e-09,0.056033591939875185,0.4999999859389285,2,20,20
12,3298,0.44396642013924265,1.9819536379433046e-09,0.05603460507658715,0.4999989728022165,2,20,20
12,3299,0.4439664201392525,1.9819545698741817e-09,0.060697392544013615,0.49533618533477913,2,20,20
12,3300,0.4983898221481837,1.1518279801280482e-09,0.0016112268455364882,0.4999989498544517,2,20,20
12,3301,0.0008514104680220971,3.2500635175343624e-10,0.4936962074491885,0.505452381757783,2,20,20
12,3302,0.0008514104680213996,3.250063355366757e-10,0.4936951921304996,0.5054533970764729,2,20,20
12,3303,0.49394577442696763,4.410396086357057e-16,0.006054260399948898,0.49999996517308326,2,20,20
12,3304,0.49394577442696763,1.397717715069788e-15,0.006113017551922041,0.49994120802110903,2,20,20
12,3305,0.4998863235770138,2.679391675692703e-14,0.00017246840161309218,0.49994120802134623,2,20,20
12,3306,0.4919947203329766,0.00020248973445532447,0.007862956132481627,0.4999398338000865,2,20,20
12,3307,0.4999005067832294,2.2984024239928432e-11,0.00015996714282094838,0.49993952605096575,2,20,20
12,3308,0.49990050678267023,1.9381790788956998e-10,0.0012548648918245095,0.49884462813168734,2,20,20
12,3309,0.4999005067826604,1.9925663161906743e-11,9.955173318246329e-05,0.4999999414642314,2,20,20
12,3310,0.49990050678266096,1.9926587222462196e-11,0.00010055054963236395,0.49999894264778005,2,20,20
12,3311,0.4999714010619359,1.5421257501752638e-10,0.058642296069141765,0.4413863027147094,2,20,20
12,3312,0.1936130395675705,5.704539958255057e-06,0.36347190923462525,0.442909346657847,2,20,20
12,3313,0.19361303956556045,5.70438609634763e-06,0.304859679249185,0.5015215767991594,2,20,20
12,3314,0.423719703645329,1.9664995791514826e-09,0.07545008018551357,0.5008302142026577,2,20,20
12,3315,0.4935337933951441,4.4851393507776985e-09,0.006467669250763753,0.4999985328689528,2,20,20
12,3316,0.4935337933951441,4.485139350498872e-09,0.00646725914635243,0.4999989429733641,2,20,20
12,3317,0.4938603232450252,8.009636899940025e-11,0.006140733714327077,0.4999989429605512,2,20,20
12,3318,0.2013159231802968,1.8616162060582705e-09,0.29868464322947175,0.499999431728615,2,20,20
12,3319,0.26364761633266565,7.1573432529490986e-06,0.2344368433477866,0.5019083829762951,2,20,20
12,3320,0.4996693767080783,7.9666152522682e-11,0.0003320728219275571,0.4999985503903278,2,20,20
12,3321,0.49589130567719625,8.219607591127908e-11,0.007438099611653812,0.496670594628954,2,20,20
12,3322,0.4998895268289537,3.0573019933896458e-12,0.0001943050661030215,0.499916168101886,2,20,20
12,3323,0.12708829803835123,9.459807600074334e-07,0.37299015409635056,0.4999206018845382,2,20,20
12,3324,1.0478831699481647e-08,5.534006463813106e-08,0.49998634932501396,0.5000135848560892,2,20,20
12,3325,7.239294716175224e-10,5.556579961018899e-08,0.5772614552827203,0.42273848842755124,2,20,20
12,3326,7.239287327431278e-10,5.541873645465779e-08,0.4991429391115161,0.5008570047458186,2,20,20
12,3327,1.5903522136344415e-11,5.5513048268039444e-08,0.4999863076267367,0.500013636844311,2,20,20
12,3328,2.890950589387524e-13,5.553214629254168e-08,0.500014885692193,0.49998505877537125,2,20,20
12,3329,0.10242477079689094,0.002414811641036038,0.3949885893673052,0.500171828194768,2,20,20
12,3330,5.064230360499938e-06,8.37103118713424e-09,0.07872948006815372,0.9212654473304547,2,20,20
12,3331,3.244960471353395e-11,5.553542004260455e-14,0.00014200149379977735,0.999857998473695,2,20,20
12,3332,1.8655201490304253e-17,5.45808755859488e-14,6.028772629008107e-05,0.9999397122736555,2,20,20
12,3333,1.0160878606539558e-14,5.3659774415046264e-14,2.99894981848052e-05,0.9999700105017516,2,20,20
12,3334,1.0886721452844667e-14,1.883754654941416e-15,1.5133877166362436e-06,0.9999984866122708,2,20,20
12,3335,1.757311967136601e-16,4.983422200418339e-17,9.65736708260873e-08,0.9999999034263294,2,20,20
12,3336,1.7546167081664837e-16,4.954454825320197e-17,1.1247449569684325e-07,0.9999998875255041,2,20,20
12,3337,1.9061362834915918e-16,9.747527779285976e-16,1.5362401395016155e-06,0.9999984637598596,2,20,20
12,3338,3.9853008853164286e-14,3.0374785133796606e-12,0.0033294942035835625,0.9966705057933394,2,20,20
12,3339,7.963214308251713e-14,3.0374463645299215e-12,0.0033508318687662996,0.9966491681281167,2,20,20
12,3340,3.9969691392663806e-14,5.363803764571667e-14,0.00010400663566358024,0.9998959933642428,2,20,20
12,3341,1.2727488383705074e-17,8.794551502448557e-19,1.0757673071450464e-06,0.9999989242326928,2,20,20
12,3342,5.640763797063731e-13,1.0679167551154959e-13,0.004666498832668391,0.9953335011666609,2,20,20
12,3343,2.276524122087269e-12,5.367271250731216e-14,5.922326346864508e-05,0.9999407767342012,2,20,20
12,3344,2.845688049852656e-12,5.3689217169596346e-14,8.921271247884148e-05,0.999910787284622,2,20,20
12,3345,2.276711306980057e-12,3.110950477218336e-12,0.0001430116232507709,0.9998569883713616,2,20,20
12,3346,1.9980157807449074e-16,3.0582517928990564e-12,0.0001664103158208853,0.9998335896811206,2,20,20
12,3347,1.875133027721732e-16,3.057294586263897e-12,8.385808205767917e-05,0.999916141914885,2,20,20
12,3348,1.9076655115408166e-16,3.0582430183245957e-12,0.004747645378908417,0.9952523546180331,2,20,20
12,3349,1.6218978238986793e-10,1.7735224816124544e-10,0.00023788378611798406,0.9997621158743399,2,20,20
12,3350,1.297654570245039e-10,6.16822608284436e-12,0.00016767738073879127,0.9998323224833274,2,20,20
12,3351,1.2975615678757138e-10,3.111866401853619e-12,0.003413029240022508,0.9965869706271093,2,20,20
12,3352,1.2975616431035874e-10,3.1118729565109727e-12,8.565174115821615e-05,0.9999143481259736,2,20,20
12,3353,1.7564913540658412e-16,5.36536851981429e-14,8.404934165072917e-05,0.9999159506582954,2,20,20
12,3354,5.030812608635488e-13,9.57363080747455e-14,0.05831862832419548,0.9416813716752055,2,20,20
12,3355,1.7573014800063287e-16,5.367877681327053e-14,8.506247961260678e-05,0.9999149375203334,2,20,20
12,3356,3.62874433744723e-16,1.0730169414163406e-13,6.130501745859232e-05,0.999938694982434,2,20,20
12,3357,4.030641954052134e-14,1.0730198387808596e-13,6.130527473352622e-05,0.999938694725119,2,20,20
12,3358,2.2772939951867594e-12,1.609362049611289e-13,8.55891442399022e-05,0.9999144108533219,2,20,20
12,3359,5.738584960107473e-13,1.7266548333421387e-10,0.004759872808287258,0.9952401270184734,2,20,20
12,3360,2.2867760863754296e-12,1.915618998701592e-15,2.9071456713789522e-06,0.9999970928520399,2,20,20
12,3361,9.999915700787933e-15,9.748861930319633e-16,8.45380777233902e-05,0.9999154619222655,2,20,20
12,3362,2.015906154908887e-14,9.74888670258478e-16,0.00016729031578715872,0.9998327096841916,2,20,20
12,3363,8.912910737690527e-16,2.8239290968328835e-15,3.004755293745723e-05,0.999969952447059,2,20,20
12,3364,9.984581291881751e-15,3.359976674848862e-17,8.523354799353103e-05,0.9999147664519965,2,20,20
12,3365,5.69171645732529e-13,3.3900336063082115e-17,3.055700262137321e-05,0.9999694429968093,2,20,20
12,3366,1.138364228551587e-12,5.369558068758922e-14,3.1575790933002485e-05,0.999968424207875,2,20,20
12,3367,1.4044285257073727e-15,3.110947948482311e-12,0.00016643192733737747,0.9998335680695501,2,20,20
12,3368,3.064154534223242e-17,5.426261232267912e-14,0.003330241835489864,0.9966697581644559,2,20,20
12,3369,1.0510347892140093e-15,5.367047074053582e-14,0.00016576674152009017,0.9998342332584251,2,20,20
12,3370,2.2737940563374627e-15,3.104421360901566e-12,0.0012363262316858518,0.9987636737652074,2,20,20
12,3371,7.040525021596337e-16,5.368641059021125e-14,8.404988271022324e-05,0.9999159501172352,2,20,20
12,3372,7.147801362886068e-16,3.0516929555865856e-12,0.0011551924445629986,0.9988448075523845,2,20,20
12,3373,1.0688146370572573e-14,5.366256298712356e-14,8.668607193821959e-05,0.9999133139279972,2,20,20
12,3374,1.99827774898421e-14,9.7475537690021e-16,8.569416021642102e-05,0.9999143058397626,2,20,20
12,3375,2.793271176010705e-11,1.5005895425326735e-10,0.07832194294198204,0.9216780568800264,2,20,20
12,3376,1.5413058487452704e-11,5.331209837742025e-14,0.2699027983821502,0.7300972016023838,2,20,20
12,3377,1.9053866303396684e-16,9.578142548106064e-16,8.363893468591267e-05,0.999916361065313,2,20,20
12,3378,1.8811195524704528e-16,9.581318254090286e-16,5.982383605683378e-05,0.9999401761639419,2,20,20
12,3379,1.9076073882710078e-16,9.905751553773004e-16,5.982439637898955e-05,0.9999401756036195,2,20,20
12,3380,6.159366705594842e-18,4.9544435132150505e-17,2.4821774067679236e-06,0.9999975178225932,2,20,20
12,3381,1.0000874826769787e-14,5.461753607557168e-14,2.2845747938830413e-05,0.9999771542519962,2,20,20
12,3382,1.002243594113318e-14,5.460160408454155e-14,2.2851579941644605e-05,0.9999771484199937,2,20,20
12,3383,9.997803183538837e-15,5.4584533547032235e-14,2.1814835682855603e-05,0.9999781851642524,2,20,20
12,3384,2.286518876241511e-12,3.1120220011970372e-12,8.22760145977022e-05,0.9999177239800038,2,20,20
12,3385,4.011252346070504e-14,1.0821475579972436e-13,0.00016520045123759994,0.999834799548614,2,20,20
12,3386,1.5767452641425168e-15,5.3653693396686104e-14,0.00014259745761660997,0.9998574025423284,2,20,20
12,3387,5.705963762993769e-13,1.899115081307185e-15,6.29166627446082e-05,0.9999370833366831,2,20,20
12,3388,3.503871202498378e-16,9.744631925903907e-16,1.5365271352687895e-06,0.9999984634728636,2,20,20
12,3389,4.9924920489540396e-14,3.059319788180839e-12,6.243121061291049e-05,0.9999375687862779,2,20,20
12,3390,2.3167910997971268e-12,3.0593361973558158e-12,8.939505891407001e-05,0.9999106049357099,2,20,20
12,3391,2.3167958123607392e-12,3.78101476522021e-15,3.041778881044852e-05,0.9999695822088691,2,20,20
12,3392,2.8460504495594268e-12,1.9320312213022687e-15,3.183982924494761e-05,0.9999681601679071,2,20,20
12,3393,6.190120158974708e-13,3.0507413586325538e-12,0.0011664814218416643,0.9988335185744887,2,20,20
12,3394,5.693735084834594e-13,5.011884440737909e-17,4.382111023812379e-06,0.9999956178884067,2,20,20
12,3395,1.787048718502632e-16,9.90580213678586e-16,5.886072591567839e-05,0.9999411392740831,2,20,20
12,3396,8.761019918974766e-16,9.740808580136953e-16,5.886108802086222e-05,0.9999411389119773,2,20,20
12,3397,5.691073435320062e-13,5.365396922222353e-14,8.267967196713502e-05,0.99991732032741,2,20,20
12,3398,6.854958672817941e-16,3.8844240766353494e-14,0.13825248603750667,0.8617475139624535,2,20,20
12,3399,5.692116754043225e-13,9.7447278272835e-16,1.8769797967317346e-06,0.9999981230196332,2,20,20
12,3400,5.692118876273567e-13,1.8989591016259758e-15,8.44114399769072e-05,0.9999155885594522,2,20,20
12,3401,3.5087291388064743e-16,1.899108058461171e-15,2.5250700842768956e-06,0.9999974749299134,2,20,20
12,3402,1.7568159170282774e-16,9.74184419722546e-16,1.1010155104885507e-06,0.9999988989844882,2,20,20
12,3403,5.691647606256479e-13,1.8992997512855683e-15,3.0000287339721184e-05,0.999969999712089,2,20,20
12,3404,5.685947215635812e-13,1.738932008062383e-10,0.0011564057761965793,0.9988435940493419,2,20,20
12,3405,2.8644055538554103e-06,0.00011156276207332048,0.5010407827608259,0.49884479007154686,2,20,20
12,3406,4.662094194027405e-07,4.393952785534839e-08,0.46120589471409557,0.5387935951369575,2,20,20
12,3407,2.216034970061073e-06,0.00966968259545425,0.4895203458411139,0.5008077555284616,2,20,20
12,3408,9.790687011201477e-05,2.8448448335393794e-09,0.5014865694523872,0.49841552083265517,2,20,20
12,3409,9.790687006224776e-05,2.8417969687562692e-09,0.49985813433731846,0.5000439559508228,2,20,20
12,3410,5.753530094747875e-05,7.72899233319943e-05,0.4998654185160526,0.499999756259668,2,20,20
12,3411,5.753530094746953e-05,7.728992333291894e-05,0.49986651706243823,0.49999865771328156,2,20,20
12,3412,6.255503377730857e-12,0.0050460385509860225,0.4982831566338456,0.4966708048089131,2,20,20
12,3413,3.4773773431037545e-09,0.0033977182041950694,0.4966611128048673,0.49994116551355966,2,20,20
12,3414,3.475100829920173e-09,0.003397718204195994,0.49666109916567247,0.4999411791550299,2,20,20
12,3415,1.3479411139139644e-07,0.13399953159699365,0.4628861386501055,0.40311419495878953,2,20,20
12,3416,4.619193954326446e-14,0.484508683332969,0.015491342855526688,0.49999997381145794,2,20,20
12,3417,4.765759631855914e-14,0.4995995368797018,0.0004015201585999533,0.4999989429616505,2,20,20
12,3418,1.9470059258932487e-06,0.4842528531947348,0.09387117121740896,0.42187402858193057,2,20,20
12,3419,3.219698405177356e-14,0.3070294682247259,0.1941243303014571,0.4988462014737846,2,20,20
12,3420,4.757564211043392e-14,0.4995995374026501,0.000401912443756116,0.499998550153546,2,20,20
12,3421,1.3000236024117685e-10,0.4994178874390683,0.0006310683370058656,0.4999510440939235,2,20,20
12,3422,1.90302017966034e-15,0.4996062983826922,0.0004763081373349019,0.4999173934799709,2,20,20
12,3423,3.791744954461106e-10,0.30640602791700616,0.19367657579593986,0.4999173959078792,2,20,20
12,3424,1.0686027094650132e-15,0.499712902509672,0.00036970394091010377,0.4999173935494167,2,20,20
12,3425,1.6751879544291634e-15,0.4998571736954592,0.00014287026858758627,0.49999995603595176,2,20,20
12,3426,6.020596537623661e-10,0.4781312366225645,0.021868806739476748,0.49999995603589875,2,20,20
12,3427,1.0689454790463114e-11,0.49236868150764024,0.007631362445737026,0.49999995603593317,2,20,20
12,3428,2.871717703685419e-12,0.49439436156877004,0.005605664490633904,0.4999999739377242,2,20,20
12,3429,1.8843370480255265e-13,0.4945400440108383,0.005459982052454533,0.49999997393651885,2,20,20
12,3430,9.62609897219477e-16,0.0001742559780153712,0.49982577008548545,0.49999997393649775,2,20,20
12,3431,4.5546311273297487e-07,0.00808914249024654,0.49506293981834965,0.496847462228291,2,20,20
12,3432,4.554630928901624e-07,0.008089142490246545,0.49191185053590397,0.4999985515107565,2,20,20
12,3433,5.856599328911372e-07,0.00017930237232618496,0.5052506678078751,0.49456944415986703,2,20,20
12,3434,0.001527901340649023,2.3719723632981045e-06,0.5039002870192596,0.4945694396677276,2,20,20
12,3435,6.603686411493635e-09,0.0002257728304321199,0.5052047810209289,0.49456943954495236,2,20,20
12,3436,4.6235151427205814e-08,0.0002008677240513512,0.4997833165841602,0.5000157694566373,2,20,20
12,3437,3.29587549896269e-06,1.553150933362735e-07,0.6746199091408731,0.3253766396685343,2,20,20
12,3438,9.621676653865519e-10,0.013576832716707473,0.4864448998985164,0.4999782664226076,2,20,20
12,3439,6.276621944257197e-10,0.0001248879537081886,0.49989666786321546,0.49997844355541365,2,20,20
12,3440,7.420592855809232e-06,3.0712011499416782e-09,0.5000143011653431,0.4999782751705997,2,20,20
12,3441,0.0008797109366089788,3.092139954230611e-12,0.49914202876963565,0.4999782602906631,2,20,20
12,3442,0.00021816204522635458,2.1642458416556136e-05,0.4998628878728315,0.4998973076235259,2,20,20
12,3443,1.207396074874184e-08,1.7928549950086887e-10,0.5001043995546068,0.4998955881921455,2,20,20
12,3444,0.4240298672276356,3.077936038838806e-06,0.07759152335582643,0.4983755314804988,2,20,20
12,3445,0.010790506291334705,1.813219400054259e-05,0.4907308199912731,0.49846054152339164,2,20,20
12,3446,0.00011776020420224937,3.2490035317672454e-09,0.4998826091009554,0.4999996274458392,2,20,20
12,3447,0.00011776020420153625,3.24900259033008e-09,0.49988367079926715,0.4999985657475291,2,20,20
12,3448,0.49206857292486506,3.632219082527058e-06,0.007929975661559521,0.4999978191944931,2,20,20
12,3449,0.4920685729253536,3.632219074186765e-06,0.0860516813081114,0.4218761135474611,2,20,20
12,3450,0.4981486219189739,1.7349617969902117e-10,0.005194515061418782,0.49665686284611116,2,20,20
12,3451,0.3857293963454064,2.847941465873962e-06,0.11608750495774854,0.4981802507553793,2,20,20
12,3452,0.05477330654423185,1.5373345265592395e-05,0.4451393109082303,0.5000720092022718,2,20,20
12,3453,0.05477330654423204,1.537334526745713e-05,0.44980312553416224,0.49540819457633817,2,20,20
12,3454,1.5641895926012763e-07,1.6811232388253805e-07,0.5000584823625316,0.49994119310618507,2,20,20
12,3455,1.564189200220679e-07,1.6811227027584612e-07,0.4999997230327543,0.49999995243605544,2,20,20
12,3456,0.4242657771503306,3.38188620382429e-11,0.07573568074957403,0.4999985420662767,2,20,20
12,3457,0.044682540309754125,1.847040590838294e-05,0.4552993956992614,0.4999995935850763,2,20,20
12,3458,0.0008004386818630759,5.8049212167863255e-09,0.5025287396698799,0.49667081584333556,2,20,20
12,3459,6.963653246122342e-07,2.2887039907042046e-10,0.5762636147718035,0.4237356886340016,2,20,20
12,3460,0.4999264152310764,2.6614226483284615e-12,0.07633789666951148,0.4237356880967507,2,20,20
12,3461,0.49988938629789503,2.2399426958028484e-15,0.00011208084607598656,0.49999853285602647,2,20,20
12,3462,0.49988938629789503,1.3315198995456084e-15,0.00019319175504437094,0.4999174219470589,2,20,20
12,3463,0.49988754781226175,2.4586485404024558e-14,0.00011349926154519452,0.49999895292616825,2,20,20
12,3464,0.35764000065404616,3.19667550522766e-09,0.14568929447908416,0.4966707016701943,2,20,20
12,3465,0.49898280548692564,1.1141247060064863e-09,0.0010186740191359888,0.4999985193798136,2,20,20
12,3466,0.49998348622200256,3.6870114121744884e-17,1.705728725629601e-05,0.49999945649074107,2,20,20
12,3467,0.46702275662453974,2.7036960476598554e-05,0.032979801369830725,0.499970405045153,2,20,20
12,3468,0.4670227566244998,2.7036960423897157e-05,0.0329506448829555,0.49999956153212083,2,20,20
12,3469,0.04098249166429156,1.379057736097315e-05,0.45893944411237203,0.5000642736459754,2,20,20
12,3470,0.00018383699495940032,4.3325845565824225e-06,0.49983996378608075,0.49997186663440313,2,20,20
12,3471,0.0001553279354778581,0.00020770057278660402,0.4996654671323609,0.49997150435937426,2,20,20
12,3472,1.405300605992322e-08,0.013980757418860772,0.48485033743002115,0.5011688910981119,2,20,20
12,3473,1.4053006056637796e-08,0.013980757418859832,0.48484983793545083,0.5011693905926831,2,20,20
12,3474,1.041189951535337e-09,4.443320700200678e-06,0.500077805273241,0.4999177503648684,2,20,20
12,3475,5.692827646574758e-13,5.457889635555718e-14,8.408887776627302e-05,0.9999159111216098,2,20,20
12,3476,5.691229911661159e-13,5.3670484083353783e-14,8.407105681246936e-05,0.9999159289425648,2,20,20
12,3477,4.0112511587587376e-14,3.0573275912959093e-12,8.421373128225269e-05,0.9999157862656204,2,20,20
12,3478,6.449392623325843e-13,5.4240524472126775e-14,0.0033296549917641916,0.9966703450075366,2,20,20
12,3479,3.505909578788437e-16,1.8988914979812388e-15,5.917411964133171e-05,0.9999408258803565,2,20,20
12,3480,8.792282971467799e-16,9.582161582373289e-16,2.069644337661701e-05,0.9999793035566217,2,20,20
12,3481,1.9078455740658875e-16,4.983435408873526e-17,9.002177038320525e-07,0.9999990997822962,2,20,20
12,3482,1.8792146411865853e-16,3.360554475404902e-17,5.9173471244624456e-05,0.9999408265287554,2,20,20
12,3483,1.877081595776449e-16,4.982912300945731e-17,1.831442338298446e-06,0.9999981685576615,2,20,20
12,3484,7.3802109251553e-09,1.0812266732584154e-13,0.001161037219547565,0.9988389554001336,2,20,20
12,3485,1.8491036934447422e-09,1.09160624505497e-13,0.00014252560335426077,0.9998574725474328,2,20,20
12,3486,4.146791071811932e-07,1.0912215540483523e-13,0.010513968664996525,0.9894856166557873,2,20,20
12,3487,1.8491036933980297e-09,1.0729544005646047e-13,5.999114198064992e-05,0.9999400070088084,2,20,20
12,3488,2.3106215999306237e-12,6.59355626097226e-17,0.0013199475201746335,0.9986800524775147,2,20,20
12,3489,1.293658267682697e-10,3.103228862839779e-12,0.0016828837792608818,0.9983171160882702,2,20,20
12,3490,1.2975636883550163e-10,1.6092704741000126e-13,0.00016563360775019277,0.9998343662623326,2,20,20
12,3491,5.698168682627073e-13,5.4595061695534257e-14,8.41403168472773e-05,0.9999158596825284,2,20,20
12,3492,5.691164247941588e-13,5.368663812461347e-14,0.00016566101748834435,0.9998343389818889,2,20,20
12,3493,1.877550603395792e-16,3.0576911068628816e-12,2.277124934819448e-05,0.9999772287475941,2,20,20
12,3494,1.9104849095231401e-16,5.011884868681174e-17,1.422475035053938e-06,0.9999985775249648,2,20,20
12,3495,4.063659035914023e-14,3.030241127172687e-12,0.004722849285389998,0.9952771507115391,2,20,20
12,3496,4.9924506888653084e-14,5.552180906652184e-14,0.00011763153044298981,0.9998823684694514,2,20,20
12,3497,2.3114789152170104e-12,1.8808970455826337e-15,0.0012126037273931967,0.9987873962702934,2,20,20
12,3498,4.064309351081263e-14,1.8988441407002477e-15,0.00014137813339928584,0.999858621866558,2,20,20
12,3499,5.682303591936705e-13,1.9123585954144814e-15,0.0017046764536524652,0.9982953235457772,2,20,20
12,3500,6.091432486724669e-13,5.460189598033187e-14,5.032579452275754e-05,0.9999496742048135,2,20,20
12,3501,6.09128097548583e-13,5.46016122547594e-14,2.18735930398232e-05,0.9999781264062965,2,20,20
12,3502,1.8454896236258765e-09,1.7393519013190416e-10,0.001194068949774532,0.9988059290308007,2,20,20
12,3503,5.647431838471758e-13,1.7266457557633482e-10,0.004677354519902361,0.9953226453068685,2,20,20
12,3504,1.7562429858433043e-16,3.3602449924494847e-17,1.100820825639346e-06,0.9999988991791744,2,20,20
12,3505,7.013869208624605e-16,9.4191693052629e-16,5.982995206519565e-05,0.9999401700479333,2,20,20
12,3506,3.995146269263971e-14,9.416402392049252e-16,6.0016441896641006e-05,0.9999399835580624,2,20,20
12,3507,1.7527560718086577e-16,1.681882784994045e-17,8.263270977441707e-05,0.9999173672902253,2,20,20
12,3508,3.9937203598700566e-14,5.45781717070777e-14,8.262660392795146e-05,0.9999173733959775,2,20,20
12,3509,4.0637798450236325e-14,5.6459867436142784e-14,0.00016517921669302084,0.9998348207832101,2,20,20
12,3510,3.9940272401959114e-14,5.457817170626382e-14,8.407486676077693e-05,0.999915925133145,2,20,20
12,3511,1.8495152965128142e-17,5.364577966889118e-14,3.958871594952981e-06,0.9999960411283513,2,20,20
12,3512,1.7858853290074253e-16,1.711118025328814e-17,2.949220071365951e-06,0.9999970507799285,2,20,20
12,3513,1.877570341861099e-16,4.983408218634244e-17,2.924377535675594e-06,0.9999970756224641,2,20,20
12,3514,2.194585119580391e-17,9.584853240682937e-16,2.9536381313285573e-05,0.9999704636186859,2,20,20
12,3515,4.134477015439626e-14,1.0822200809167487e-13,0.00010291269234613728,0.9998970873075043,2,20,20
12,3516,5.521086058912979e-14,9.415621129446636e-16,0.15441813107132102,0.8455818689286227,2,20,20
12,3517,3.2437093517658696e-11,3.0571429339026296e-12,0.00011134841341995945,0.999888651551086,2,20,20
12,3518,3.243726874874545e-11,3.0571594394135123e-12,0.00013985030235257596,0.999860149662153,2,20,20
12,3519,5.697266059951858e-13,1.7424131731508673e-10,0.0001554878431309597,0.999844511982058,2,20,20
12,3520,5.791174620222755e-13,5.460119963215154e-14,0.00010448101604946126,0.9998955189833169,2,20,20
12,3521,1.8768819661678579e-16,5.4580767826141784e-14,5.883960373078601e-05,0.9999411603962146,2,20,20
12,3522,2.2766089433068864e-12,1.0915858438091467e-13,0.00014183267243787802,0.9998581673251764,2,20,20
12,3523,2.2764216931894212e-12,5.457869601048664e-14,8.303800085823055e-05,0.9999169619968107,2,20,20
12,3524,4.9387497698339774e-14,9.826911607981574e-09,0.00543199985927179,0.9945679903137672,2,20,20
12,3525,3.9864141266152846e-14,3.0507520886915606e-12,0.0011537637771491748,0.9988462362197601,2,20,20
12,3526,3.994541533540438e-14,3.3611787046095707e-17,2.1756128775287945e-05,0.9999782438711851,2,20,20
12,3527,1.8450311108156052e-09,1.7694186514336927e-10,0.0011612648725190461,0.9988387331055081,2,20,20
12,3528,3.9864190278143144e-14,3.05170901572681e-12,0.0012363055589113723,0.9987636944379968,2,20,20
12,3529,5.036099371534058e-13,5.759744854927688e-12,0.05832625835052018,0.9416737416432167,2,20,20
12,3530,2.7931492286701177e-17,9.417451901656015e-16,2.5169602433472175e-06,0.9999974830397556,2,20,20
12,3531,1.7541241264947907e-16,3.3322851225603166e-17,8.781059235806075e-08,0.9999999121894075,2,20,20
12,3532,2.2725256331880203e-12,9.869846089377245e-09,0.0032707928257120545,0.9967291973021695,2,20,20
12,3533,7.130649371717261e-16,3.3602418966382977e-17,1.0939798496375895e-06,0.9999989060201497,2,20,20
12,3534,3.244239455047265e-11,5.4600465936409595e-14,2.9674923247867308e-05,0.9999703250442552,2,20,20
12,3535,9.00507979752743e-16,9.744186321495446e-16,8.731514542308812e-05,0.9999126848545747,2,20,20
12,3536,2.261820209911061e-12,5.42302148455399e-14,0.0033578911363588257,0.996642108861325,2,20,20
12,3537,5.63874372525008e-13,1.7266454262121566e-10,0.0046783173070178855,0.9953216825197541,2,20,20
12,3538,6.527532886636371e-19,8.794545488976897e-19,1.0507475302130919e-06,0.9999989492524701,2,20,20
12,3539,3.9749356898310506e-14,3.083369767714835e-12,0.0047466288041158695,0.9952533711927611,2,20,20
12,3540,1.8751806723948686e-16,1.8823403234806504e-15,0.0001413706958441649,0.999858629304154,2,20,20
12,3541,7.131763989953913e-16,9.743604231182256e-16,5.8853400896761826e-05,0.9999411465991017,2,20,20
12,3542,1.0010494167550024e-14,9.576823754573784e-16,3.5587677306704145e-06,0.9999964412322584,2,20,20
12,3543,5.773563804817742e-13,2.833883437992067e-15,0.0016205911136853999,0.9983794088857347,2,20,20
12,3544,2.2616358251425667e-12,3.0374625646059826e-12,0.0033308761543471765,0.9966691238403536,2,20,20
12,3545,1.1560884849375225e-14,9.751757076881546e-16,0.0001414196739969181,0.9998585803259904,2,20,20
12,3546,7.040313956226949e-16,3.331813764990054e-17,0.00014139096549288402,0.9998586090345063,2,20,20
12,3547,7.038902917115415e-16,5.4594671858398984e-14,0.00016516326816730744,0.9998348367317773,2,20,20
12,3548,1.401529305878498e-15,5.4594674601025496e-14,8.363487396498731e-05,0.9999163651259793,2,20,20
12,3549,2.0117566544992785e-12,1.5399206277612733e-10,0.05824411220356485,0.9417558876404314,2,20,20
12,3550,3.995609118814554e-14,3.332289391115509e-17,3.116305807512518e-06,0.9999968836941525,2,20,20
12,3551,3.994687097626079e-14,9.743105102966201e-16,8.464502745098228e-05,0.999915354972508,2,20,20
12,3552,4.037310975471998e-14,9.35743750230597e-16,0.003341484011304944,0.9966585159886538,2,20,20
12,3553,3.9942333848375956e-14,5.458087572429832e-14,6.0288097279614746e-05,0.999939711902626,2,20,20
12,3554,9.44388059757509e-18,9.57971951474838e-16,1.9928560926650013e-06,0.9999980071439065,2,20,20
12,3555,8.791492402625286e-16,5.4597095467086815e-14,6.028773744383948e-05,0.999939712262501,2,20,20
12,3556,3.9959029271540734e-14,9.744691423743567e-16,1.456891438548101e-06,0.9999985431085205,2,20,20
12,3557,4.0644641315942555e-14,9.58536952584974e-16,1.4496785802635866e-06,0.9999985503213784,2,20,20
12,3558,1.4017507912230277e-15,9.58536026070114e-16,1.8419494330956831e-06,0.9999981580505647,2,20,20
12,3559,1.0517415914684907e-15,1.8828799981045194e-15,8.298122731085334e-05,0.9999170187726861,2,20,20
12,3560,4.102441992993969e-14,1.171844335837768e-18,0.003947486584339023,0.99605251341562,2,20,20
12,3561,6.094892817422029e-13,9.579130604561946e-16,0.003975653446559964,0.9960243465528296,2,20,20
12,3562,5.698788249502887e-13,9.906395343773191e-16,8.735378567557222e-05,0.9999126462137535,2,20,20
12,3563,1.0544379752116999e-15,5.3660351292608075e-14,5.703444990410184e-05,0.9999429655500413,2,20,20
12,3564,2.2769620566319448e-12,5.552528042888809e-14,3.0678356664033065e-05,0.9999693216410034,2,20,20
12,3565,2.7417223406379104e-11,2.580269758846988e-12,0.08155918322617639,0.918440816743826,2,20,20
12,3566,1.2779534752902398e-17,1.6821552314101433e-17,1.0932363562771425e-06,0.9999989067636434,2,20,20
12,3567,5.029306440445172e-13,1.540419221550188e-10,0.05829484467450773,0.9417051551709474,2,20,20
12,3568,5.693488802118765e-13,1.0730388204521939e-13,2.3313170678898598e-05,0.9999766868286446,2,20,20
12,3569,8.789180445435286e-16,5.3670183861853654e-14,8.407480333959607e-05,0.9999159251966059,2,20,20
12,3570,7.936815334404385e-14,1.870367652323709e-15,0.0033293985315660645,0.9966706014683527,2,20,20
12,3571,1.8138608923562082e-16,8.894976337428747e-19,3.142154695539758e-05,0.9999685784530441,2,20,20
12,3572,1.8442592328302417e-17,5.36539647970038e-14,8.264399380471733e-05,0.9999173560061416,2,20,20
12,3573,1.5423902478528904e-17,5.363746350007509e-14,8.262621826069907e-05,0.9999173737816855,2,20,20
12,3574,2.3116694734082328e-12,2.8524983869785034e-15,0.001136886908989251,0.9988631130886962,2,20,20
12,3575,2.311575820545505e-12,1.9275346050127006e-15,0.0022703757443493762,0.997729624253337,2,20,20
12,3576,1.0441897120224319e-07,1.7275915058930636e-10,0.005832667196370563,0.9941672282118992,2,20,20
12,3577,1.070192650830679e-14,3.059562245628406e-12,2.1870405993995515e-05,0.999978129590936,2,20,20
12,3578,2.2562620593919794e-12,3.0311572438700975e-12,0.0046651085106374085,0.9953348914840751,2,20,20
12,3579,2.255558327751868e-12,3.0302163772725547e-12,0.004665500586215981,0.9953344994084982,2,20,20
12,3580,4.055686859561082e-14,3.050768594172471e-12,0.0011537711263319116,0.9988462288705771,2,20,20
12,3581,4.125477139364625e-14,3.050752372476174e-12,0.0011557933225579274,0.9988442066743501,2,20,20
12,3582,4.0566141606186706e-14,3.0516931252789126e-12,0.0012125189406478522,0.99878748105626,2,20,20
12,3583,3.218072318717287e-11,1.7271818501200387e-10,0.004705815196487648,0.9952941845986134,2,20,20
12,3584,3.994204463410225e-14,3.0574540053776707e-12,6.191231330850335e-05,0.9999380876835943,2,20,20
12,3585,1.198060694225179e-13,3.057471087835951e-12,0.00018799562005381197,0.9998120043767691,2,20,20
12,3586,8.056813860837223e-14,6.663215039198653e-17,0.0001285915356745489,0.9998714084642448,2,20,20
12,3587,7.135453993516222e-16,3.332804093324059e-17,2.108194530847907e-06,0.9999978918054684,2,20,20
12,3588,7.255434263001932e-16,9.417098947405053e-16,2.135607172292647e-05,0.9999786439282754,2,20,20
12,3589,8.866104151242688e-16,3.0302413863943865e-12,0.004665517170212803,0.9953344828267561,2,20,20
12,3590,1.4016987748404843e-15,9.906901666214293e-16,1.8669392574497748e-06,0.9999981330607405,2,20,20
12,3591,7.131243769247227e-16,4.954475658525177e-17,1.4317900920841164e-06,0.9999985682099075,2,20,20
12,3592,1.4017261725638274e-15,4.954285041576644e-17,5.9211907854477575e-05,0.9999407880921445,2,20,20
12,3593,5.691149320042465e-13,1.899090617543147e-15,8.425891453930039e-05,0.9999157410848898,2,20,20
12,3594,2.4970485386776968e-17,9.58252460281163e-16,1.090415068674965e-06,0.9999989095849304,2,20,20
12,3595,2.276532690371909e-12,1.8990061269531967e-15,6.103857647082392e-05,0.9999389614212508,2,20,20
12,3596,4.0127945764194265e-14,2.823451948240327e-15,8.362684649187081e-05,0.9999163731534653,2,20,20
12,3597,5.0102711861367326e-14,1.915033495627916e-15,0.0001667878726222964,0.9998332121273258,2,20,20
12,3598,1.0005768994303782e-14,9.905393464987533e-16,0.0001667802738140916,0.999833219726175,2,20,20
12,3599,1.398574978355717e-15,9.560769034725224e-16,0.001154834366086215,0.9988451656339113,2,20,20
12,3600,1.7520919721902876e-15,5.460088097470071e-14,2.9560162462600317e-05,0.999970439837481,2,20,20
12,3601,3.243676949271009e-11,9.577525646594956e-16,0.00011615654794860777,0.9998838434196136,2,20,20
12,3602,2.4699857707072198e-17,5.99854218384664e-19,3.515584490294594e-06,0.9999964844155095,2,20,20
12,3603,5.698391727311495e-13,5.367338806920955e-14,5.563565196423864e-05,0.9999443643474124,2,20,20
12,3604,1.4138870426209453e-15,1.740081035967579e-17,1.0996303397244892e-06,0.9999989003696591,2,20,20
12,3605,1.0855764428677477e-14,3.0374789769408496e-12,0.003357947469880206,0.9966420525270716,2,20,20
12,3606,8.734152576457538e-16,3.0374624665409894e-12,0.0033294763931029847,0.9966705236038589,2,20,20
12,3607,9.989041034039949e-15,9.744633613591275e-16,1.536579131282992e-06,0.9999984634208579,2,20,20
12,3608,3.2927340210719737e-19,1.7101105494129706e-17,1.475494341080372e-06,0.9999985245056588,2,20,20
12,3609,7.1325122886624455e-16,9.419894951677442e-16,2.0332431421126523e-05,0.9999796675685773,2,20,20
12,3610,1.0710670092612952e-14,5.460047792361727e-14,4.998178587880877e-05,0.9999500182140559,2,20,20
12,3611,7.161118469051468e-16,9.579315459189824e-16,2.1756106121318902e-05,0.9999782438938771,2,20,20
12,3612,1.8450684022238323e-17,3.332786942456702e-17,1.968271653776805e-06,0.9999980317283461,2,20,20
12,3613,1.866165702033745e-17,9.579669588662665e-16,1.9856796396957442e-06,0.9999980143203593,2,20,20
12,3614,4.8733731895374645e-19,1.710115274134704e-17,6.959605447727508e-08,0.9999999304039453,2,20,20
12,3615,7.010366376424825e-16,9.57962666664193e-16,1.100884857795184e-06,0.9999988991151405,2,20,20
12,3616,3.5043197399628405e-16,2.8397491584136415e-15,5.933577397827375e-05,0.9999406642260186,2,20,20
12,3617,1.7852574538899544e-16,1.8988914633432893e-15,6.0250355964470886e-05,0.9999397496440334,2,20,20
12,3618,1.000170607094896e-14,9.58536212614427e-16,1.5305069509855006e-06,0.9999984694930383,2,20,20
12,3619,9.989631311549423e-15,9.42034915685788e-16,1.505538771606698e-06,0.9999984944612176,2,20,20
12,3620,7.039823893257476e-16,5.364001991696829e-14,5.8839559177613376e-05,0.9999411604407683,2,20,20
12,3621,3.995283627274397e-14,1.915023745133101e-15,8.361857142618515e-05,0.9999163814285318,2,20,20
12,3622,1.0000139183348921e-14,9.743205481995263e-16,8.361992928227861e-05,0.9999163800707067,2,20,20
12,3623,1.4047165531325044e-15,9.744741203859984e-16,2.5129220406522404e-06,0.9999974870779572,2,20,20
12,3624,2.277939938699073e-12,2.8402351473925535e-15,0.00011882013129280203,0.9998811798664263,2,20,20
12,3625,8.914832244250966e-16,9.583864811349172e-16,0.00014140117560358694,0.9998585988243945,2,20,20
12,3626,2.7520139847406292e-11,4.630239933380871e-14,0.07601778186468784,0.9239822181077458,2,20,20
12,3627,7.132313120967367e-16,1.7680399489269877e-17,8.827053568298293e-07,0.9999991172946425,2,20,20
12,3628,1.9989226129540835e-16,9.420348642525963e-16,1.9686085358254165e-06,0.9999980313914634,2,20,20
12,3629,8.764447822968762e-16,3.38971431943969e-17,1.0194501096096777e-06,0.9999989805498896,2,20,20
12,3630,3.506022410220074e-16,8.894412158985957e-19,2.9198841619054344e-06,0.9999970801158375,2,20,20
12,3631,6.578867535961545e-18,1.8824482117286344e-15,8.404557163672564e-05,0.9999159544283615,2,20,20
12,3632,9.908308396226207e-15,3.030225011686817e-12,0.004746628196285752,0.995253371800674,2,20,20
12,3633,1.2857311362872528e-10,1.7574696847671698e-10,0.0093413392845635,0.9906586604111163,2,20,20
12,3634,1.0605785711000536e-14,3.0302251651847816e-12,0.004665107123143802,0.9953348928738155,2,20,20
12,3635,1.4015059035581975e-15,5.458087639503771e-14,5.987793865083204e-05,0.9999401220612933,2,20,20
12,3636,1.4018025038339075e-15,1.8828870778272103e-15,2.1147073232044643e-06,0.9999978852926739,2,20,20
12,3637,8.766381520243577e-16,2.8235312432487613e-15,5.984964427822281e-05,0.9999401503557183,2,20,20
12,3638,7.133315807195618e-16,9.74468865155385e-16,2.5069650380975866e-06,0.9999974930349603,2,20,20
12,3639,5.0415347365120925e-14,1.7354413495988538e-10,0.0021577555967316185,0.9978422442296737,2,20,20
12,3640,1.4020441295515784e-15,9.582517510813337e-16,2.1362265743004804e-05,0.9999786377342548,2,20,20
12,3641,1.5711657041708064e-15,3.038403328247193e-12,0.003330482562256855,0.9966695174347033,2,20,20
12,3642,4.0817184025066925e-14,3.0374954844600674e-12,0.00332982484509301,0.9966701751518288,2,20,20
12,3643,6.089702456975528e-13,1.7424135061522522e-10,0.00015443774914829456,0.9998455620760014,2,20,20
12,3644,3.995055973793441e-14,3.419176215411721e-17,7.567625075522764e-07,0.9999992432374524,2,20,20
12,3645,4.0660029894555634e-14,3.3902144118178883e-17,6.0397055710421524e-05,0.9999396029442489,2,20,20
12,3646,9.998415781131449e-15,9.579619747404294e-16,2.542317634050657e-06,0.999997457682355,2,20,20
12,3647,4.9925219754629906e-14,1.8989995984667214e-15,6.030554755549693e-05,0.9999396944523926,2,20,20
12,3648,4.01265824103281e-14,3.0517090322513916e-12,0.0012125382331635414,0.9987874617637444,2,20,20
12,3649,9.988956930968573e-15,4.9544489959165446e-17,4.351066052515913e-06,0.9999956489339377,2,20,20
12,3650,6.6123084464552945e-18,1.8865719062581076e-15,0.0034117590330117547,0.9965882409669865,2,20,20
12,3651,2.108254084023643e-15,3.059319371942161e-12,0.00010000338308111591,0.9998999966138578,2,20,20
12,3652,2.7915181705474045e-19,5.998558456140595e-19,4.5058372214487746e-08,0.9999999549416277,2,20,20
12,3653,3.628814137766389e-16,9.58204802245405e-16,2.8524008478822987e-05,0.99997147599152,2,20,20
12,3654,3.994685707194628e-14,5.461071309066954e-14,0.004666298225017326,0.9953337017748883,2,20,20
12,3655,7.071796412146021e-16,5.4603266083684966e-14,8.506307229344882e-05,0.9999149369276515,2,20,20
12,3656,1.1388496089427466e-14,3.058179638402196e-12,9.755527992021077e-05,0.9999024447170104,2,20,20
12,3657,2.0670051973153128e-14,3.0572709354788263e-12,0.0001256964708029767,0.9998743035261193,2,20,20
12,3658,4.0131165807027646e-14,5.4595116028053476e-14,8.367539568174797e-05,0.9999163246042237,2,20,20
12,3659,5.69117845312991e-13,5.460299335599514e-14,8.668634200347554e-05,0.999913313657373,2,20,20
12,3660,1.8498361494750975e-17,5.366227819327147e-14,8.50629562624919e-05,0.999914937043684,2,20,20
12,3661,1.0697529475986625e-14,3.057316850669273e-12,0.00010324437758693703,0.9998967556193452,2,20,20
12,3662,4.081984700508554e-14,3.0488795106170626e-12,0.0016201407838148088,0.9983798592130955,2,20,20
12,3663,8.886994854851046e-16,3.0479386470209563e-12,0.0016778572366286703,0.9983221427603226,2,20,20
12,3664,2.395541337181003e-05,1.0079226397793668e-08,0.0016662147753079694,0.9983098197320939,2,20,20
12,3665,2.3955413371984975e-05,1.0082283675280753e-08,0.001691255028714691,0.9982847794756297,2,20,20
12,3666,2.7790018649370586e-17,5.316229525170557e-14,0.004663845133458514,0.9953361548664883,2,20,20
12,3667,2.4912846888524484e-17,9.417509534622014e-16,1.0846720728578844e-06,0.9999989153279262,2,20,20
12,3668,2.2764350559309063e-12,1.882874093189104e-15,8.416539320171997e-05,0.9999158346045202,2,20,20
12,3669,5.698281664853281e-13,3.057311091942115e-12,0.0001438298109312958,0.9998561701854417,2,20,20
12,3670,1.4138000172531437e-15,1.8826010608934225e-15,6.147080205654021e-05,0.9999385291979402,2,20,20
12,3671,7.014701700259736e-16,3.360855534008081e-17,5.883625892880512e-05,0.9999411637410707,2,20,20
12,3672,3.6114927529420375e-16,3.0302413836082992e-12,0.00466445649157246,0.995335543505397,2,20,20
12,3673,1.616160051774816e-10,1.7571621688406252e-10,0.0058408925913920355,0.9941591070712756,2,20,20
12,3674,2.4591215760509536e-17,4.982405389340735e-17,1.4934468487283188e-06,0.9999985065531513,2,20,20
12,3675,1.0010759191336133e-14,5.3679148884339435e-14,3.2633712362167907e-06,0.9999967366287001,2,20,20
12,3676,3.9943905139183136e-14,9.741889066684757e-16,1.4565817170431176e-06,0.999998543418242,2,20,20
12,3677,1.5690507572086002e-17,3.332697547767458e-17,2.853926658654399e-05,0.9999714607334131,2,20,20
12,3678,1.755230111855186e-16,4.954472344194313e-17,1.1247641633486417e-07,0.9999998875235834,2,20,20
12,3679,1.2564884920518627e-17,3.3322849806243186e-17,8.736937964939235e-08,0.9999999126306202,2,20,20
12,3680,1.8767697589875416e-16,9.57807242974181e-16,0.00014137055518766655,0.9998586294448114,2,20,20
12,3681,1.257083356496872e-17,1.7378778581294875e-17,5.8810633805487024e-05,0.9999411893661944,2,20,20
12,3682,3.995710289603493e-14,9.747010681699274e-16,2.955664935842139e-05,0.9999704433506007,2,20,20
12,3683,9.036421576546219e-16,9.906626563519178e-16,4.0606555509754235e-05,0.9999593934444886,2,20,20
12,3684,3.7205987839545843e-17,9.58216219949144e-16,2.033105638971969e-05,0.9999796689436092,2,20,20
12,3685,2.255673143238447e-12,1.7266549090025597e-10,0.004678760205891092,0.9953212396191876,2,20,20
12,3686,1.0164574845978732e-14,9.747602655224186e-16,4.3820446940258754e-06,0.9999956179552947,2,20,20
12,3687,1.002011779808228e-14,5.462002450464167e-14,4.701081396730439e-06,0.9999952989185386,2,20,20
12,3688,7.469242621195635e-16,5.367944590521913e-14,1.8523381460825609e-06,0.9999981476617996,2,20,20
12,3689,1.0636652434124285e-15,1.8831237800009504e-15,3.0331904320210087e-05,0.9999696680956768,2,20,20
12,3690,8.915997055893751e-16,9.584845083763769e-16,5.7020132415010224e-05,0.9999429798675831,2,20,20
12,3691,4.981472759378951e-14,5.353871433105005e-14,0.001153895551270928,0.9988461044486256,2,20,20
12,3692,1.012849995041089e-14,3.0479056706734936e-12,0.0016191893101742969,0.9983808106867675,2,20,20
12,3693,4.9928080404571115e-14,1.8989537698830797e-15,8.468184885127158e-05,0.9999153181510968,2,20,20
12,3694,1.0685160146595748e-14,9.743156650406544e-16,8.406246625201201e-05,0.9999159375337363,2,20,20
12,3695,3.244109311472986e-11,3.111109867313496e-12,6.19475106406388e-05,0.9999380524538071,2,20,20
12,3696,3.2450376531222426e-11,3.1647140030135095e-12,0.00014309247159150962,0.9998569074927934,2,20,20
12,3697,1.1361810844895353e-09,3.542284001570411e-14,0.18760930111001445,0.812390697753769,2,20,20
12,3698,2.276712858275437e-12,1.0731187739698155e-13,0.00011766233255989858,0.9998823376650561,2,20,20
12,3699,2.2765376884938953e-12,5.365652212565778e-14,5.8878383491624064e-05,0.999941121614178,2,20,20
12,3700,5.69195230049062e-13,1.882605633114147e-15,2.938110809861208e-06,0.9999970618886191,2,20,20
12,3701,3.23478203047089e-11,1.738301047973129e-10,0.0014871386198042466,0.9985128611740178,2,20,20
12,3702,2.287345902229945e-12,3.1108264179920325e-12,0.00013696265286126908,0.9998630373417408,2,20,20
12,3703,1.2978922754823132e-10,3.1116302119737858e-12,0.0012610863127893409,0.9987389135543099,2,20,20
12,3704,1.6475416438395255e-12,3.883235964237697e-14,0.13823212145029623,0.8617678785480176,2,20,20
12,3705,2.84604599277231e-12,5.4601902823425534e-14,2.4722925721652676e-05,0.999975277071378,2,20,20
12,3706,5.691043276303994e-13,5.365368962233038e-14,8.265470182685248e-05,0.9999173452975505,2,20,20
12,3707,4.04446240352675e-14,1.726645587123544e-10,0.004677330344766865,0.9953226694825282,2,20,20
12,3708,2.2442392435469224e-16,9.744895517999152e-16,1.9312079856829143e-06,0.9999980687920131,2,20,20
12,3709,1.3232699447002727e-10,6.101560825951387e-12,0.0011554651153872356,0.9988445347461843,2,20,20
12,3710,5.789998793772277e-13,5.366975701780481e-14,0.004757656960257978,0.9952423430391094,2,20,20
12,3711,5.692900060594105e-13,3.082937109086416e-12,0.004746678222644149,0.9952533217737036,2,20,20
12,3712,2.2774846352783584e-12,5.552817553701474e-14,3.6235853540304376e-06,0.9999963764123132,2,20,20
12,3713,5.700741497265985e-13,3.1122611300275498e-12,2.3298052730514877e-05,0.9999767019435872,2,20,20
12,3714,1.4015136648814026e-15,5.4586919392483673e-14,6.03240183447807e-05,0.9999396759815995,2,20,20
12,3715,1.7874075694735399e-16,9.579661067898147e-16,2.9987903769866467e-05,0.9999700120962292,2,20,20
12,3716,6.051618780899844e-13,9.869846982386333e-09,0.003271209800691739,0.9967287803288563,2,20,20
12,3717,6.152679951641994e-13,9.86989934998621e-09,0.006415951655794496,0.9935840384736909,2,20,20
12,3718,2.8815756937933455e-12,9.86995331497882e-09,0.003352364681334871,0.9966476254458303,2,20,20
12,3719,2.277296091421057e-12,1.0730706902317998e-13,0.00011112647058664976,0.9998888735270288,2,20,20
12,3720,6.527532886636448e-19,8.794545488976922e-19,1.0507475302131012e-06,0.9999989492524699,2,20,20
12,3721,1.8292791349913625e-09,9.826911538781424e-09,0.0054315839893721365,0.9945684043544373,2,20,20
12,3722,8.762478268803719e-16,5.363774809428194e-14,8.363191825410386e-05,0.9999163680816916,2,20,20
12,3723,1.9982612587984538e-14,9.909784816936568e-16,0.0001175972549347183,0.9998824027450445,2,20,20
12,3724,1.8779125981344372e-16,1.8826647799201586e-15,6.025257957255256e-05,0.9999397474204254,2,20,20
12,3725,1.0162758147079383e-14,5.460327502944699e-14,8.565151220509642e-05,0.9999143484877302,2,20,20
12,3726,9.005655774630992e-16,5.460147281214684e-14,2.1845025378766537e-05,0.9999781549745659,2,20,20
12,3727,7.134143529345418e-16,5.36606579631633e-14,2.03618732042002e-05,0.9999796381267415,2,20,20
12,3728,1.0699459285927451e-14,3.3897231389271703e-17,3.084240612943082e-06,0.9999969157593764,2,20,20
12,3729,1.0021902495527705e-14,3.058402187764923e-12,5.933978632186721e-05,0.9999406602106097,2,20,20
12,3730,1.3033084408918853e-10,5.6462938704394174e-14,6.156743981118061e-05,0.9999384324298015,2,20,20
12,3731,5.691969987395937e-13,1.8828804600746427e-15,2.590240041534132e-06,0.9999974097593878,2,20,20
12,3732,1.5643876343747062e-15,1.7318369057443474e-10,0.008006954492966742,0.9919930453338478,2,20,20
12,3733,1.5637356606899805e-17,1.8828813062717823e-15,2.5241857648692006e-06,0.9999974758142331,2,20,20
12,3734,6.3675516391974986e-18,9.579626177637235e-16,2.506779989061001e-06,0.99999749322001,2,20,20
12,3735,7.03896119515034e-16,5.366228092126137e-14,3.934162615088326e-06,0.9999960658373306,2,20,20
12,3736,6.205784912479622e-18,1.682150564669517e-17,2.9241907594389362e-06,0.9999970758092407,2,20,20
12,3737,7.165669040027376e-16,9.582536687487213e-16,1.431933179256121e-06,0.9999985680668194,2,20,20
12,3738,1.5853968989633068e-17,9.420247894280104e-16,2.499135320621962e-06,0.9999975008646786,2,20,20
12,3739,3.995904568394461e-14,2.823746380617577e-15,2.952561393423701e-06,0.9999970474385639,2,20,20
12,3740,7.162455695638201e-16,5.3678894622898734e-14,2.9816384258058277e-06,0.9999970183615201,2,20,20
12,3741,2.2772245152227377e-12,5.459471934672722e-14,0.00014183649695295077,0.9998581635007151,2,20,20
12,3742,8.76112248451609e-16,1.0729914193558293e-13,8.508446170347863e-05,0.9999149155381883,2,20,20
12,3743,5.393836881508844e-19,3.304324990520348e-17,8.706510360937213e-08,0.9999999129348963,2,20,20
12,3744,9.917322246301693e-15,5.317822724146393e-14,0.004664851492528655,0.9953351485074083,2,20,20
12,3745,8.881113551717843e-16,3.0573110925475064e-12,8.4864205534009e-05,0.999915135791408,2,20,20
12,3746,1.2978665600815541e-10,5.646682194407699e-14,2.397762423437807e-05,0.9999760222459225,2,20,20
12,3747,1.0173010612618617e-14,5.460103211890925e-14,0.00010441982878559593,0.9998955801711495,2,20,20
12,3748,1.7543732271762083e-16,1.681882785433227e-17,8.262538869913455e-05,0.9999173746113006,2,20,20
12,3749,6.36748292866391e-18,3.202559695161857e-19,2.9198767965715273e-06,0.9999970801232035,2,20,20
12,3750,6.208555591647833e-18,5.99855841451467e-19,2.9200030263830124e-06,0.9999970799969735,2,20,20
12,3751,1.4888153103987674e-12,2.0247985337185555e-12,0.1746270437075424,0.825372956288944,2,20,20
12,3752,1.3005469824525403e-10,8.083330056862921e-12,0.17929126815539095,0.820708731706471,2,20,20
12,3753,1.4881271076899294e-12,2.0247663849010236e-12,0.17462700732282416,0.8253729926736628,2,20,20
12,3754,1.9970179599573382e-14,1.0729914478498077e-13,8.508539490279863e-05,0.99991491460497,2,20,20
12,3755,1.28563220855444e-10,1.727176853321029e-10,0.004677326155450456,0.9953226735432688,2,20,20
12,3756,1.2857319443613e-10,1.7271771777548652e-10,0.004680190841575339,0.9953198088571338,2,20,20
12,3757,7.989383864888673e-14,1.8994024034686214e-15,2.4466865090486962e-06,0.9999975533134093,2,20,20
12,3758,3.994398981227579e-14,4.9829261105265506e-17,1.4314894597404378e-06,0.9999985685105005,2,20,20
12,3759,1.9104843971719066e-16,9.585379050245462e-16,1.5567564210079954e-06,0.9999984432435779,2,20,20
12,3760,5.693169949213994e-13,3.0593199701263875e-12,6.199594211157116e-05,0.9999380040542598,2,20,20
12,3761,4.013103435015181e-14,5.4603710833198634e-14,4.017596631271883e-06,0.9999959824032743,2,20,20
12,3762,1.5647269459371501e-09,5.161546655571435e-12,0.14889823174797684,0.8511017666821349,2,20,20
12,3763,1.9890185919604575e-12,1.5026094335935027e-17,0.0707945593391374,0.9292054406588738,2,20,20
12,3764,2.2774799337190637e-12,1.0730817002555805e-13,4.2324593854582474e-06,0.9999957675382297,2,20,20
12,3765,2.787677063880764e-17,5.3672738221401196e-14,5.884395333296991e-05,0.9999411560466135,2,20,20
12,3766,2.766115805486774e-17,5.365651614282039e-14,5.886441692914183e-05,0.9999411355830173,2,20,20
12,3767,1.5584824100525045e-17,9.580887686005935e-16,8.262226227578702e-05,0.9999173777377234,2,20,20
12,3768,4.037887601145984e-14,5.3321760697832824e-14,0.003329237752720735,0.9966707622471854,2,20,20
12,3769,1.4018062030635876e-15,1.7390826511620003e-17,2.1159334757771255e-06,0.9999978840665228,2,20,20
12,3770,7.011201898343215e-16,5.3644431182661004e-14,2.1761531890358235e-05,0.9999782384680552,2,20,20
12,3771,4.994363316871763e-14,1.6094153794161665e-13,5.8061727486539744e-05,0.9999419382723029,2,20,20
12,3772,4.01329418325836e-14,1.6092532117141771e-13,5.8061434125217286e-05,0.9999419385656738,2,20,20
12,3773,6.532379058094451e-09,2.7003055176439734e-12,0.058462057387900716,0.9415379360770201,2,20,20
12,3774,1.548404336710851e-17,9.579687155784061e-16,1.968101362308797e-06,0.9999980318986368,2,20,20
12,3775,8.763058639820839e-16,9.74074526798118e-16,7.907939867794297e-05,0.9999209206013202,2,20,20
12,3776,8.758848865122194e-16,1.8824930359597927e-15,6.02597293479248e-05,0.9999397402706492,2,20,20
12,3777,2.766115805486761e-17,5.365651614282078e-14,5.886441692914192e-05,0.9999411355830173,2,20,20
12,3778,1.9056129886829164e-16,5.4597377623581874e-14,5.9878061139293394e-05,0.999940121938806,2,20,20
12,3779,2.277472771222937e-12,9.912622586046619e-16,4.420244859818317e-05,0.9999557975491233,2,20,20
12,3780,1.5484032327027704e-17,9.58247312799336e-16,2.5066239241954544e-06,0.9999974933760747,2,20,20
12,3781,5.691037475304483e-13,5.4578402098791534e-14,8.321488819031076e-05,0.9999167851111861,2,20,20
12,3782,2.121842367107146e-16,1.88306867704646e-15,5.951174056918663e-05,0.9999404882594288,2,20,20
12,3783,3.5387131360240933e-16,1.898891467412912e-15,6.026705678275876e-05,0.999939732943215,2,20,20
12,3784,1.7582023946374184e-16,1.882664734921887e-15,5.8818352763681505e-05,0.9999411816472343,2,20,20
12,3785,7.010355014761318e-16,5.364633887050976e-14,2.5104879148959753e-06,0.9999974895120307,2,20,20
12,3786,8.79206896544953e-16,1.882788951264027e-15,2.853373101016153e-05,0.9999714662689871,2,20,20
12,3787,1.5639581308006577e-17,1.8822956751122484e-15,8.259740475353838e-05,0.9999174025952445,2,20,20
12,3788,2.3070786287712532e-12,1.5137747548172305e-11,0.4589969261481819,0.5410030738343731,2,20,20
12,3789,4.080918447208749e-14,1.513797420685591e-11,0.45672919257117006,0.5432708074136512,2,20,20
12,3790,1.0512970898630406e-15,1.8113595839714667e-11,0.46139169255156703,0.5386083074303184,2,20,20
12,3791,8.658304979717471e-16,1.5084328921500168e-11,0.45672909214564333,0.5432709078392715,2,20,20
12,3792,5.187766510971033e-07,0.009054700007469732,0.44777454054324617,0.5431702406726329,2,20,20
12,3793,0.3563869827407947,4.693412895346579e-08,0.14364388514899878,0.4999690851760774,2,20,20
12,3794,0.49835752210467926,1.1527971920418576e-09,0.0016435211977691574,0.4999989555447543,2,20,20
12,3795,0.49538444491051015,1.1039346390910364e-08,0.006681400868160315,0.4979341431819831,2,20,20
12,3796,0.49997143164770513,1.0982948461657516e-16,0.00011276988822847434,0.4999157984640664,2,20,20
12,3797,0.49897442924477664,7.892749800686129e-11,0.001108160089034017,0.4999174105872617,2,20,20
12,3798,0.369235287595875,2.7142757260365764e-06,0.13076380254267386,0.49999819558572517,2,20,20
12,3799,0.03950385544040649,5.732346328602422e-07,0.46049560794429395,0.4999999633806672,2,20,20
12,3800,3.3174889100692586e-07,2.0679726488201438e-05,0.49997732575464704,0.5000016627699725,2,20,20
12,3801,0.4882412645357893,7.65604133604842e-12,0.011759791135073751,0.49999894432148073,2,20,20
12,3802,0.4996948515604714,1.4522741507178387e-12,0.0036343330735038506,0.49667081536457264,2,20,20
12,3803,0.4935551068190871,2.809859574114482e-12,0.006446346929509147,0.4999985462485938,2,20,20
12,3804,0.49354338446416257,4.4838451234052906e-09,0.006458064442013105,0.49999854660997917,2,20,20
12,3805,0.49383503462355827,1.3583544297923102e-12,0.006166439773683498,0.4999985256013998,2,20,20
12,3806,0.4938351278366272,1.2518951692512016e-07,0.39563004991323664,0.11053469706061864,2,20,20
12,3807,0.029274256659843456,1.2827328126357967e-07,0.8601901083785463,0.11053550668832905,2,20,20
12,3808,0.2901543040064524,7.607153931998071e-08,0.7098242247013764,2.139522063220574e-05,2,20,20
12,3809,0.029701700688290807,6.993667416433003e-09,0.964084392007219,0.006213900310822317,2,20,20
12,3810,0.4862026189630552,4.645827509546601e-09,0.5137973252260436,5.116507455335651e-08,2,20,20
12,3811,0.4938415223203648,1.1023677924431956e-10,0.5061584770439316,5.254666154946464e-10,2,20,20
12,3812,0.4940615995570592,3.97759724955831e-12,0.5059384004293143,9.64838826836931e-12,2,20,20
12,3813,0.2736221494178067,7.07236286579882e-06,0.7263370497604571,3.372845887070407e-05,2,20,20
12,3814,0.503609117247065,6.793574156288406e-06,0.49635168894621146,3.240023256709604e-05,2,20,20
12,3815,0.8451470445718261,5.18719236718036e-07,0.1548515965253329,8.401836042062224e-07,2,20,20
12,3816,0.992033628621611,4.4761156553148905e-09,0.007966366129989261,7.722837748908035e-10,2,20,20
12,3817,0.9924218565292504,4.474694859805858e-09,0.007578138982915654,1.3138831466773961e-11,2,20,20
12,3818,0.5102265427221682,2.999789718523219e-07,0.48977315641846014,8.803985021659018e-10,2,20,20
12,3819,0.422136685702401,3.2734081781669134e-06,0.5770519896794408,0.000808051209980761,2,20,20
12,3820,0.07943089435754634,3.092322117027741e-07,0.9204302373182534,0.00013855909198883496,2,20,20
12,3821,0.6335731598044649,4.747710340655799e-08,0.36642656239216237,2.303262693175574e-07,2,20,20
12,3822,0.3600568471672988,4.7431332981962314e-08,0.6399428869259788,2.184753905655396e-07,2,20,20
12,3823,0.49882750946987525,5.915891373919942e-07,0.5011718987241064,2.1688212306805207e-10,2,20,20
12,3824,0.998461802285949,3.73952343212072e-13,0.0015381975275134026,1.8616345319129188e-10,2,20,20
12,3825,0.9918267004720961,4.587607694511647e-10,0.008173277856258874,2.1212884369766445e-08,2,20,20
12,3826,0.6245327657692413,3.538367428468284e-06,0.37450300711669166,0.0009606887466375743,2,20,20
12,3827,0.1287548651506206,3.538344310113841e-06,0.8702808922957281,0.0009607042093416671,2,20,20
12,3828,0.07085215033958082,4.6150619593078955e-06,0.9263765673196115,0.0027666672788471875,2,20,20
12,3829,0.0005402583755213726,3.6993291567267083e-06,0.9966891150762894,0.002766927219032656,2,20,20
12,3830,0.0005402601331216631,0.14025453275565464,0.8564384765921693,0.002766730519054397,2,20,20
12,3831,4.6124975414210374e-12,0.48450868283856474,0.015540810863917825,0.49995050629290505,2,20,20
12,3832,4.5663767198633715e-12,0.4845157191726245,0.015533774531065083,0.4999505062917441,2,20,20
12,3833,4.6192120218725166e-14,0.4845083564628034,0.015493089002593585,0.49999855453455677,2,20,20
12,3834,4.050351356194528e-14,0.47851903481524033,0.02482099976280746,0.4966599654219117,2,20,20
12,3835,8.29614887322073e-16,0.4785190348152935,0.026144782685691422,0.49533618249901434,2,20,20
12,3836,2.879838099691027e-12,0.4872516072064722,0.017412210290423957,0.4953361825002239,2,20,20
12,3837,4.678698352846743e-09,0.26532048885633447,0.23470139026239623,0.49997811620257077,2,20,20
12,3838,2.395286126203837e-13,0.4995094685369701,0.0005124152596381922,0.4999781162031519,2,20,20
12,3839,2.276876020237532e-13,0.4782069530314922,0.02179286762317556,0.5000001793451045,2,20,20
12,3840,2.709518501012072e-12,0.49921277185010304,0.0007872647876946758,0.4999999633594927,2,20,20
12,3841,2.7103944555461954e-12,0.4992127718501031,0.000788277620508368,0.49999895052667825,2,20,20
12,3842,4.7620707656799805e-14,0.49998126513595764,1.976717328175513e-05,0.49999896769071306,2,20,20
12,3843,4.2611215353647854e-17,0.49960641155538943,0.00039462075509541804,0.4999989676895151,2,20,20
12,3844,1.0846814348573315e-11,0.49950791725650856,0.0005520801492626325,0.499940002583382,2,20,20
12,3845,1.7464711807317952e-10,0.009903576992398735,0.49015565878784634,0.4999407640451079,2,20,20
12,3846,5.773348289319739e-07,3.154890971890884e-06,0.5000804692289395,0.4999157985452592,2,20,20
12,3847,6.477500141272498e-06,3.419819020019926e-05,0.5000435258301654,0.4999157984794924,2,20,20
12,3848,6.390590427463341e-06,1.8543908749830397e-10,0.501612681104283,0.49838092811985013,2,20,20
12,3849,6.522144762565525e-06,3.497026366240767e-12,0.5016125497318948,0.4983809281198454,2,20,20
12,3850,1.1643192817030484e-07,6.7550667624967175e-12,0.5000212901680535,0.499978593393263,2,20,20
12,3851,0.49960790665289795,4.987877577524106e-14,0.0003921122156964149,0.4999999811313558,2,20,20
12,3852,0.49366643194962123,4.488124680346585e-12,0.0064408125905770055,0.49989275545531353,2,20,20
12,3853,0.49685202055379785,1.131893119906125e-09,0.003231810022489314,0.49991616829181956,2,20,20
12,3854,0.4968520205537977,1.1288358424210138e-09,0.0031480219669832296,0.4999999563503833,2,20,20
12,3855,0.49685202055379835,1.1288367832817093e-09,0.0031494455871215648,0.49999853273024336,2,20,20
12,3856,0.4968520205537977,1.128836767060056e-09,0.0031494452741340578,0.49999853304323144,2,20,20
12,3857,0.4908024888413134,8.614358673306015e-09,0.009165177901674992,0.5000323246426528,2,20,20
12,3858,0.49992418673098676,7.285950022933452e-15,0.0001583916011175614,0.4999174216678885,2,20,20
12,3859,0.49808623023320714,1.151828309349583e-09,0.0019963415489377364,0.499917427066027,2,20,20
12,3860,0.48664415011615086,9.064983035808444e-09,0.013436039227925977,0.4999198015909401,2,20,20
12,3861,0.48664415011615086,9.064982095110411e-09,0.013353817927132217,0.5000020228917346,2,20,20
12,3862,0.49377584661630475,2.602929344592089e-14,0.006306732295682754,0.4999174210879863,2,20,20
12,3863,0.4937758466163046,2.6029731445980318e-14,0.006225210528797177,0.4999989428548722,2,20,20
12,3864,0.49972151193863673,9.653517309040418e-16,0.00028002122471129507,0.49999846683665106,2,20,20
12,3865,0.0014820856572633145,1.0754747722309483e-08,0.49851943673502097,0.4999984668529674,2,20,20
12,3866,3.292549551766279e-06,4.423361289848184e-06,0.5000207924490957,0.49997149164006266,2,20,20
12,3867,1.0322701913989357e-09,7.902363828911284e-08,0.5000009582152976,0.49999896172879393,2,20,20
12,3868,1.0322801526465405e-09,7.902369193400306e-08,0.5000024048110128,0.4999975151330151,2,20,20
12,3869,3.558025558274314e-08,0.0070795914601953416,0.4929218191915883,0.4999985537679615,2,20,20
12,3870,1.1485930188955956e-10,3.2864905038731405e-08,0.470983397932601,0.5290165690876346,2,20,20
12,3871,7.256962919417752e-08,4.003178904748885e-12,0.5000013757878096,0.499998551638558,2,20,20
12,3872,7.44096671824895e-08,7.098938881668933e-12,0.5025216920873679,0.49747823349586584,2,20,20
12,3873,7.256962989483222e-08,4.004135987143119e-12,0.5000013938141866,0.49999853361217933,2,20,20
12,3874,1.5590466192765687e-09,8.375171679409308e-09,0.07849536644675514,0.9215046236190264,2,20,20
12,3875,1.7583548816877947e-15,1.73129646169231e-10,0.0033441863961252488,0.9966558134307433,2,20,20
12,3876,9.005995090186722e-16,9.908241747745822e-16,8.362789802619306e-05,0.9999163721019718,2,20,20
12,3877,2.2766583177693424e-12,5.365964250030392e-14,2.9694328826563913e-05,0.999970305668843,2,20,20
12,3878,6.992157569777031e-16,3.0374463479020463e-12,0.0033294441989572734,0.9966705557980045,2,20,20
12,3879,1.0623133893087743e-15,9.714275892979561e-16,0.0016205463097944332,0.9983794536902036,2,20,20
12,3880,1.9982295156906596e-16,3.0585841635962216e-12,0.00011210897577819264,0.9998878910211634,2,20,20
12,3881,1.017360982311741e-14,3.0585843198994926e-12,3.0596381456655044e-05,0.999969403615475,2,20,20
12,3882,1.0173578693468065e-14,3.1112886382090507e-12,3.201541924708371e-05,0.9999679845776318,2,20,20
12,3883,7.073484586913299e-16,9.423192431872923e-16,1.5617348276605712e-06,0.9999984382651709,2,20,20
12,3884,2.9853217179528535e-11,2.6335759388187883e-12,0.07832590893406365,0.9216740910334493,2,20,20
12,3885,1.2955367928626133e-10,1.7323502114412493e-10,0.003040922913355664,0.9969590767838559,2,20,20
12,3886,3.969513859030102e-14,1.74654446213748e-10,0.17930073733551252,0.8206992624897934,2,20,20
12,3887,3.974837562848086e-14,1.7266455870221762e-10,0.004680186382404602,0.9953198134448911,2,20,20
12,3888,7.254393753014989e-16,9.42284073618383e-16,2.0338796601976756e-05,0.9999796612033964,2,20,20
12,3889,1.4201630158210646e-15,9.587904386880623e-16,2.083831387827462e-05,0.9999791616861194,2,20,20
12,3890,7.074028250263774e-16,3.4181662904853725e-17,1.563951320247609e-06,0.9999984360486793,2,20,20
12,3891,1.8433166265541904e-09,3.0497517435618108e-12,0.001626049399942306,0.9983739487536912,2,20,20
12,3892,1.0000984211041719e-14,3.05767589810212e-12,3.098660721198461e-05,0.9999690133897203,2,20,20
12,3893,8.865588095998561e-16,9.84311347651077e-16,0.0033292527284668055,0.9966707472715317,2,20,20
12,3894,3.244297027999483e-11,3.111357718654584e-12,2.3337835305836497e-05,0.9999766621291399,2,20,20
12,3895,9.998185015426726e-15,5.367878231311831e-14,2.528703749752425e-06,0.9999974712961869,2,20,20
12,3896,3.243295237518596e-11,1.9152544011589397e-15,0.00017515121798129354,0.9998248487495838,2,20,20
12,3897,5.700139441136234e-13,1.0731249131498746e-13,0.00011194216003688581,0.9998880578392859,2,20,20
12,3898,6.097757020220812e-13,1.0823442838398285e-13,0.0001357219853853752,0.9998642780138964,2,20,20
12,3899,5.798351107098088e-13,3.110951131700332e-12,0.00013695361902152782,0.9998630463772877,2,20,20
12,3900,5.01081297659124e-14,6.114557208390182e-12,0.00017553911998434722,0.9998244608738509,2,20,20
12,3901,1.8780908666963543e-16,9.582465249222003e-16,2.9228588198573043e-06,0.999997077141179,2,20,20
12,3902,3.6296998649364665e-16,9.74312997384546e-16,8.403431935933942e-05,0.9999159656806396,2,20,20
12,3903,1.2892194864226309e-10,3.0393257374680127e-12,0.003416716457845604,0.9965832834101933,2,20,20
12,3904,3.9681300999837874e-14,3.0374628522767822e-12,0.003330876154354809,0.9966691238425682,2,20,20
12,3905,1.5883070509479164e-10,3.2087051866265457e-13,0.45636280468350676,0.5436371951573422,2,20,20
12,3906,0.0011071366173039366,2.842154095993782e-10,0.09483943499439276,0.9040534281040878,2,20,20
12,3907,0.001107136617871272,2.842688646597255e-10,0.09646391326610174,0.9024289498317581,2,20,20
12,3908,1.8450304111962659e-09,1.769428056015016e-10,0.0012200198566271192,0.9987799781213995,2,20,20
12,3909,1.222199912189121e-09,3.4971021723861005e-07,0.19122459571803374,0.8087750533495492,2,20,20
12,3910,5.780051649291316e-13,9.746557505231368e-16,0.001626575879767885,0.998373424119653,2,20,20
12,3911,1.4018837139364443e-15,3.3326036980884716e-17,6.020039073072927e-05,0.9999397996092683,2,20,20
12,3912,4.012383894352484e-14,1.8992002433457947e-15,0.00010344132784128991,0.9998965586721167,2,20,20
12,3913,7.130861621111857e-16,1.682473884977641e-17,5.920122643999005e-05,0.9999407987735591,2,20,20
12,3914,8.883567659412348e-16,5.365368843136547e-14,0.00014175041010424177,0.9998582495898412,2,20,20
12,3915,8.914297816717676e-16,3.389257737358376e-17,0.0001417570198987007,0.9998582429801004,2,20,20
12,3916,8.824254133793631e-16,5.365709271207983e-14,0.00014142736368475054,0.9998585726362608,2,20,20
12,3917,2.2706763308968947e-12,9.556663266529199e-16,0.0014994589374124298,0.9985005410603158,2,20,20
12,3918,2.2706642533491194e-12,9.553867267475343e-16,0.0014994411643361267,0.9985005588333922,2,20,20
12,3919,2.2706763308968947e-12,9.556663266529199e-16,0.0014994589374124298,0.9985005410603158,2,20,20
12,3920,3.9955954828277404e-14,9.582423747210242e-16,1.1118278381167585e-06,0.9999988881721211,2,20,20
12,3921,4.0553314933406607e-14,9.722924078418393e-16,0.0011607978245281095,0.9988392021754304,2,20,20
12,3922,4.142614131811942e-14,5.459834507993451e-14,0.0011893694313976568,0.9988106305685064,2,20,20
12,3923,8.914908656454165e-16,5.3676166394165e-14,3.064471185595412e-05,0.9999693552880897,2,20,20
12,3924,2.78785708172333e-17,3.389209033380404e-17,1.0845026103484667e-06,0.9999989154973898,2,20,20
12,3925,4.9921576486322705e-14,6.1146053510131925e-12,0.00016766379993019218,0.9998323361939053,2,20,20
12,3926,5.2555477334881735e-16,4.983330387208712e-17,3.0101586647602806e-05,0.999969898413352,2,20,20
12,3927,3.536524254003262e-16,9.580979243184387e-16,0.00011261107015165241,0.9998873889298472,2,20,20
12,3928,5.691169947549582e-13,5.3670189034337175e-14,0.00014142015103103353,0.9998585798483464,2,20,20
12,3929,5.007870387072893e-14,3.106268358572361e-12,0.0012363276586969357,0.9987636723381469,2,20,20
12,3930,5.988229334831442e-14,6.108858115282928e-12,0.0012610145321129572,0.9987389854617186,2,20,20
12,3931,1.0138576781464838e-14,3.0517072879469754e-12,0.0011552018364036068,0.9988447981605347,2,20,20
12,3932,9.963756274485832e-15,3.0516907766213943e-12,0.001154758947777415,0.9988452410491612,2,20,20
12,3933,4.992431673273499e-13,3.142217979181961e-12,0.07927713889901912,0.9207228610973397,2,20,20
12,3934,6.366696115340271e-18,9.582422640730793e-16,1.1010070539629528e-06,0.9999988989929451,2,20,20
12,3935,6.208137918245053e-18,3.35996763355585e-17,8.262250249188019e-05,0.9999173774975082,2,20,20
12,3936,7.010394359393585e-16,3.332281906534387e-17,1.0936755735975695e-06,0.9999989063244258,2,20,20
12,3937,1.5691341758882726e-17,3.333287586452719e-17,1.4933806215666905e-06,0.9999985066193783,2,20,20
12,3938,7.0114297648561495e-16,4.954962165569153e-17,1.4990995818250751e-06,0.9999985009004173,2,20,20
12,3939,1.2617819369251126e-17,9.576830648889793e-16,1.1005721191545525e-06,0.9999988994278799,2,20,20
12,3940,1.695409485962895e-14,2.043525545285911e-12,0.1747060660844245,0.8252939339135148,2,20,20
12,3941,7.658218793719897e-15,1.990845594930073e-12,0.1747060389059153,0.8252939610920864,2,20,20
12,3942,1.0862546162261763e-14,9.905372236099326e-16,0.00019871560697157277,0.9998012843930167,2,20,20
12,3943,1.174940886931467e-16,3.5869615577781855e-14,0.17928717393196353,0.8207128260680006,2,20,20
12,3944,8.764483770672597e-16,9.906860305617025e-16,1.4653301227817464e-06,0.9999985346698756,2,20,20
12,3945,7.164082839911906e-16,5.367687476869216e-14,2.0711250189903922e-05,0.9999792887497556,2,20,20
12,3946,1.887201363360639e-17,5.458501227242175e-14,2.1778916792980684e-05,0.9999782210831525,2,20,20
12,3947,5.794508388315786e-14,9.314029873455925e-14,0.1382443679045786,0.8617556320952702,2,20,20
12,3948,5.691985549523851e-13,5.458720507149125e-14,2.561121494308874e-06,0.9999974388778822,2,20,20
12,3949,2.2767974690713032e-12,5.4603710489750646e-14,3.9578608147932415e-06,0.9999960421368538,2,20,20
12,3950,2.3122421914969003e-12,2.755335664238694e-12,0.0582384118688044,0.9417615881261281,2,20,20
12,3951,2.7660377414822358e-17,5.365396479700793e-14,8.264386536479579e-05,0.9999173561345814,2,20,20
12,3952,3.776681586517134e-19,1.6541953005151875e-17,9.438592094972582e-08,0.9999999056140791,2,20,20
12,3953,3.295053423832151e-18,8.794557385638696e-19,7.002851249716625e-08,0.9999999299714876,2,20,20
12,3954,3.994239802529461e-14,9.41994288098734e-16,2.033226161621679e-05,0.9999796677383428,2,20,20
12,3955,2.80793936203511e-12,8.598033747825262e-10,0.45672879366370595,0.5432712054736826,2,20,20
12,3956,1.418427875411209e-13,1.5084395733557146e-11,0.4578825891511878,0.5421174108335853,2,20,20
12,3957,6.040936335628656e-07,3.032465575859173e-06,0.5000644839154222,0.49993187952536805,2,20,20
12,3958,5.348108411735654e-07,2.8201258322730737e-06,0.4563945715279626,0.5436020735353636,2,20,20
12,3959,4.873070952753169e-09,4.592726475686118e-10,0.47697555684359166,0.5230244378240644,2,20,20
12,3960,5.0263928640118564e-08,0.0008616711643500154,0.49914880559719826,0.49998947297452273,2,20,20
12,3961,0.04559910860262199,1.786241455810042e-12,0.45448189343866396,0.49991899795692696,2,20,20
12,3962,1.0307606911778543e-08,5.5357035497244794e-08,0.5000674692533592,0.49993246508199796,2,20,20
12,3963,1.7919170025096273e-06,4.204966938897526e-08,0.5033273462047384,0.49667081982858946,2,20,20
12,3964,5.98443010257703e-06,6.094018960445245e-12,0.005322679030536626,0.9946713365332666,2,20,20
12,3965,4.001650172995719e-14,5.352127495710327e-14,0.004948394028082464,0.9950516059718242,2,20,20
12,3966,3.982987458868334e-14,3.1024889612190263e-12,0.0016215514746664743,0.9983784485221913,2,20,20
12,3967,6.15481597984679e-18,3.360244969865135e-17,8.793053553381086e-08,0.9999999120694646,2,20,20
12,3968,3.185384304499665e-18,1.6821552901875875e-17,9.481863691194577e-08,0.9999999051813633,2,20,20
12,3969,7.040366791817265e-16,9.416422801901506e-16,5.882457322870496e-05,0.9999411754267696,2,20,20
12,3970,9.990674075793966e-15,1.7677714667578307e-17,8.423397173944899e-05,0.9999157660282505,2,20,20
12,3971,3.244882800082558e-11,9.746018881165784e-16,0.0001684119739037812,0.9998315879936462,2,20,20
12,3972,2.276797303134335e-12,1.0823210608322449e-13,4.987057358792868e-06,0.999995012940256,2,20,20
12,3973,7.161499552441485e-16,1.882555773456851e-15,2.9572673997621844e-05,0.9999704273260002,2,20,20
12,3974,2.0107811379613887e-16,1.8977719920975166e-15,0.0046652647896383145,0.9953347352103593,2,20,20
12,3975,1.0441673943183284e-07,1.7281183978615484e-10,0.004744626380609371,0.9952552690298394,2,20,20
12,3976,4.553201031983494e-12,5.646017981430045e-14,8.469934548144804e-05,0.9999153006499089,2,20,20
12,3977,5.690872686606693e-13,1.8990888178719626e-15,0.00017004737253606208,0.9998299526268929,2,20,20
12,3978,2.276799245449549e-12,1.8989947049480216e-15,6.020630872086359e-05,0.9999397936890007,2,20,20
12,3979,9.960140057328826e-15,1.763109231502695e-17,0.001620700846244449,0.9983792991537455,2,20,20
12,3980,8.762039054059389e-16,9.74468420580441e-16,2.1362391763786914e-05,0.9999786376082345,2,20,20
12,3981,5.843313022219159e-16,1.990490377402444e-12,0.17462348971334976,0.825376510284659,2,20,20
12,3982,2.4911712249472935e-17,9.905346541537746e-16,8.262819507147966e-05,0.9999173718049276,2,20,20
12,3983,3.9942395790030757e-14,1.7390136426723037e-17,2.0332580296171824e-05,0.999979667419664,2,20,20
12,3984,2.286539162378919e-12,3.112058548221656e-12,8.517188653627716e-05,0.9999148281080648,2,20,20
12,3985,1.024425118124516e-14,9.494183301316505e-16,0.006283082066159235,0.9937169179338294,2,20,20
12,3986,1.0066617737463227e-14,9.491879776135608e-16,0.004664053718556724,0.9953359462814322,2,20,20
12,3987,1.2834411207424076e-17,1.7111138478412456e-17,7.116505731270943e-08,0.9999999288349425,2,20,20
12,3988,3.9954595900169074e-14,1.7395698514790183e-17,2.1450139678434657e-05,0.9999785498602817,2,20,20
12,3989,1.1387036863204913e-14,9.907005085806756e-16,3.0347067894729043e-05,0.9999696529320928,2,20,20
12,3990,9.985827629411666e-15,3.360581945655087e-17,3.0979331183499186e-05,0.9999690206688064,2,20,20
12,3991,6.425194158768526e-18,1.7111093067813078e-17,1.975422558820434e-06,0.9999980245774415,2,20,20
12,3992,3.931149268488614e-12,1.3940942106929849e-14,0.43949651395505274,0.5605034860410021,2,20,20
12,3993,0.0014462591510907446,6.062585161533594e-14,0.4982298795191134,0.5003238613297352,2,20,20
12,3994,0.018881396220762302,9.940008243826407e-09,0.4811196673914563,0.49999892644777294,2,20,20
12,3995,6.522174663351442e-06,1.8599526585210962e-10,0.49999352171378725,0.49999995592555313,2,20,20
12,3996,6.500376656019361e-06,3.769930246036983e-10,0.5000142858440076,0.49997921340234297,2,20,20
12,3997,6.500376655327844e-06,3.739353612780971e-10,0.4999945375206058,0.4999989617288031,2,20,20
12,3998,1.1604339090508463e-07,1.0936959611067964e-08,0.4999999170943755,0.4999999559252739,2,20,20
12,3999,0.48221659309681314,1.4233746421794322e-05,0.017769175804585386,0.49999999735217954,2,20,20
12,4000,0.3365321868955978,9.924433340229145e-06,0.1634114311437566,0.5000464575273053,2,20,20
12,4001,0.33653218689567765,9.924433340245935e-06,0.16349552432626185,0.4999623643447197,2,20,20
12,4002,0.4997724264167464,4.991704276777683e-14,0.00022860545541621773,0.49999896812778716,2,20,20
12,4003,0.49977242641674646,4.993355413919101e-14,0.00022761756710879243,0.4999999560160945,2,20,20
12,4004,0.019851103345894277,5.861070515861724e-07,0.4801453050929867,0.5000030054540673,2,20,20
12,4005,0.01985110334817049,5.862805411500757e-07,0.48229951891077505,0.49784879146051325,2,20,20
12,4006,1.121122214641577e-07,1.8537638911867192e-10,0.5000013356990135,0.4999985520033889,2,20,20
12,4007,0.00035964650487330167,3.3915693763871183e-05,0.49960505242836606,0.5000013853729969,2,20,20
12,4008,5.711728954952985e-08,9.615632231703695e-11,0.49999849815998193,0.5000014446265719,2,20,20
12,4009,0.49256872444174793,7.998972653227098e-11,0.00746095464544636,0.49997032083281595,2,20,20
12,4010,0.49256872444118877,7.993608388331096e-11,0.007513861029739048,0.4999174144491361,2,20,20
12,4011,1.479849486292591e-06,0.00011331298027472153,0.4999678112026024,0.49991739596763685,2,20,20
12,4012,1.4894728503857984e-05,6.158424329093242e-09,0.49998562479726594,0.4999994743158056,2,20,20
12,4013,0.26647532474827784,2.383018721951203e-09,0.2335833215879035,0.4999413512808,2,20,20
12,4014,0.2664753247482772,2.3799612779133145e-09,0.2335240539352781,0.5000006189364833,2,20,20
12,4015,0.49343260531844035,4.565502198233388e-09,0.006567375352747353,0.5000000147633098,2,20,20
12,4016,0.30527313071781625,1.7794133487655952e-06,0.1676698209421669,0.527055268926668,2,20,20
12,4017,0.025383876417334392,8.332941000169916e-08,0.4733271124321558,0.5012889278210997,2,20,20
12,4018,0.0008829260957464676,4.4742768660569126e-10,0.49913888630467446,0.4999781871521525,2,20,20
12,4019,0.34738330614455565,1.8619485195555244e-09,0.15263849598520868,0.499978196008287,2,20,20
12,4020,0.49812081778667977,3.7665405962638224e-12,0.0030389769968075455,0.49884020521274625,2,20,20
12,4021,0.49834315138102164,4.412015451597972e-12,0.0063208929104063725,0.4953359557041598,2,20,20
12,4022,0.045646534062886435,3.714205372188505e-12,0.45443608795408463,0.49991737797931346,2,20,20
12,4023,2.6781275761092856e-07,1.9697696560777966e-12,0.5011534309323352,0.4988463012529371,2,20,20
12,4024,0.00021567083078289097,6.367872457462512e-09,0.49984311355372124,0.4999412092476238,2,20,20
12,4025,0.00021567083078273094,6.36787244124272e-09,0.49984311354496685,0.4999412092563786,2,20,20
12,4026,0.2662160960259563,1.3807477993708945e-07,0.23590364591872007,0.49788011998054377,2,20,20
12,4027,0.2930126866894273,2.8366088037468196e-07,0.206987874641145,0.4999991550085478,2,20,20
12,4028,0.4996157561424561,4.461122550460953e-09,0.0003851661672573781,0.4999990732291639,2,20,20
12,4029,1.271930144144216e-06,0.00038852280427461336,0.3940266765968821,0.6055835286686988,2,20,20
12,4030,6.673875416714499e-08,2.0014681852096473e-12,0.4999982700595329,0.5000016631997117,2,20,20
12,4031,0.0013725504347554172,2.158512229945834e-06,0.4986253319602194,0.4999999590927951,2,20,20
12,4032,4.488452285533395e-10,9.087583996643667e-05,0.5045729373338681,0.4953361863773199,2,20,20
12,4033,4.4941440597540893e-10,9.087583996694557e-05,0.49991163363182733,0.49999749007879113,2,20,20
12,4034,0.16496491858985105,4.788319040555309e-06,0.33500998772811613,0.5000203053629919,2,20,20
12,4035,0.19366723678589826,1.123593186696298e-05,0.3064036275475686,0.49991789973466544,2,20,20
12,4036,0.26029641691286387,2.6493862123939895e-07,0.2397858965616493,0.4999174215868661,2,20,20
12,4037,0.49394245486476956,1.8010464289453926e-15,0.00614010253258519,0.4999174426026434,2,20,20
12,4038,0.16420677631284933,1.4201615564020688e-09,0.33587542173944496,0.49991780052754375,2,20,20
12,4039,0.16420677631284933,1.420160599475032e-09,0.3357942927465476,0.49999892952044245,2,20,20
12,4040,6.500422075211019e-06,5.90923998508612e-14,0.4999948977637378,0.49999860181412753,2,20,20
12,4041,0.0007245971168898533,6.476437397745111e-12,0.4993522769363254,0.4999231259403078,2,20,20
12,4042,0.019840442437676183,6.431873021477554e-12,0.48015691151954953,0.5000026460363425,2,20,20
12,4043,0.019840442435399404,6.324582159134244e-12,0.48015408842781676,0.5000054691304594,2,20,20
12,4044,6.636880015524223e-06,1.7680088160411226e-13,0.4999948378395741,0.49999852528023336,2,20,20
12,4045,0.00036410628707757303,1.0562262780874074e-08,0.49963735612081994,0.49999852702983916,2,20,20
12,4046,1.1408386909036202e-07,1.057318539077339e-08,0.5033264323466579,0.49667344299628724,2,20,20
12,4047,0.18782251329932034,5.987261335079534e-11,0.31212657194833265,0.5000509146924744,2,20,20
12,4048,0.012058406174135738,3.894006746445571e-12,0.4879440867572593,0.499997507064711,2,20,20
12,4049,0.023279851159131316,1.7178874974605084e-07,0.4767200353357997,0.49999994171631856,2,20,20
12,4050,0.2901863440598827,2.899654079397058e-14,0.20981401262301114,0.499999643317077,2,20,20
12,4051,0.4962874362053245,4.518201958798669e-16,0.0037410595287057694,0.4999715042659694,2,20,20
12,4052,0.4962874362053245,4.518160702084355e-16,0.003712607631498875,0.49999995616317633,2,20,20
12,4053,0.4919681932201379,1.3319201631680394e-08,0.008030581969574948,0.5000012114910856,2,20,20
12,4054,0.49971762588949575,1.3383620520048844e-15,0.00028244304578468795,0.49999993106471835,2,20,20
12,4055,0.49909870276692025,9.06865687753582e-09,0.0008998981625708387,0.500001390001852,2,20,20
12,4056,0.00011584829489068814,9.475482825284326e-09,0.49706395879117604,0.5028201834384498,2,20,20
12,4057,0.0008735027554455381,6.376587140524428e-09,0.5583029674896575,0.44082352337831,2,20,20
12,4058,0.0008525792489257051,6.3739251370561246e-09,0.49361772861702585,0.5055296857601234,2,20,20
12,4059,0.023355798641602164,0.1254669914709664,0.3406831402689404,0.51049406961849,2,20,20
12,4060,4.18607006402351e-15,0.49932573725583734,0.0006747771729600673,0.4999994855711984,2,20,20
12,4061,2.3229125139222487e-12,0.48451346376229276,0.015515072494189673,0.49997146374119456,2,20,20
12,4062,1.2226510634254608e-13,0.00017425518397494862,0.5009412765774464,0.4988844682384564,2,20,20
12,4063,1.5829824585366646e-11,3.2028539595008733e-06,0.5011123242727437,0.49888447285746673,2,20,20
12,4064,2.5759267992854943e-05,1.4926311016689107e-09,0.499975289475259,0.4999989497641169,2,20,20
12,4065,2.5759267992166475e-05,1.4926301767494615e-09,0.49997526443345935,0.49999897480591815,2,20,20
12,4066,3.2326404656932166e-12,5.5531440675266065e-08,0.5000284734287161,0.4999714710366103,2,20,20
12,4067,0.4934206757214476,8.892382841824322e-09,0.006607822227259295,0.49997149315891,2,20,20
12,4068,0.0037844655741908506,0.0003391381537917381,0.4959347194674773,0.49994167680453966,2,20,20
12,4069,0.0037844655742000424,0.000339138326456263,0.5005531924047182,0.4953232036946243,2,20,20
12,4070,0.02377001152377697,1.7173651103782465e-07,0.47623128406597404,0.49999853267373745,2,20,20
12,4071,0.0042926248710339985,7.330909540454664e-06,0.3859916293428922,0.6097084148765336,2,20,20
12,4072,0.04565958476698989,1.5015930255048338e-15,0.4543418828181984,0.49999853241481035,2,20,20
12,4073,0.00021607072564339166,6.271562491731955e-09,0.4997853900545286,0.4999985329482653,2,20,20
12,4074,0.04075943612381838,0.0009603778645177584,0.4582812117489895,0.4999989742626747,2,20,20
12,4075,0.008177418482059058,0.010934637448186499,0.4809708990140245,0.49991704505573037,2,20,20
12,4076,0.008177418479783347,0.010934637445077444,0.4809164537429902,0.4999714903321494,2,20,20
12,4077,1.5405050798158804e-06,0.00011793047351333514,0.49996473071199393,0.49991579830941246,2,20,20
12,4078,0.42563501761636646,2.92615134946332e-13,0.07444918407441842,0.49991579830892235,2,20,20
12,4079,0.4966029284745479,1.1477233710902623e-09,0.003416736204420322,0.49998033417330867,2,20,20
12,4080,0.4966029284722705,1.1477224134587292e-09,0.003398519681256193,0.49999855069875104,2,20,20
12,4081,0.019281930612438422,0.0004542848314149391,0.35680877548588397,0.6234550090702627,2,20,20
12,4082,0.22537382175501802,9.160599438945484e-05,0.27461826500494096,0.4999163072456514,2,20,20
12,4083,0.044928824346840576,1.792336583260529e-12,0.4550727098111318,0.4999984658402354,2,20,20
12,4084,7.467293990991422e-14,6.852574557984187e-08,0.439496768507726,0.5605031629664532,2,20,20
12,4085,7.379698341347128e-14,6.852574463869644e-08,0.4394952773938452,0.5605046540803363,2,20,20
12,4086,3.4952251988952506e-16,9.549211225416757e-16,0.0016192003788596174,0.9983807996211389,2,20,20
12,4087,1.0860847474915833e-14,3.059326816736706e-12,6.076338093346661e-05,0.9999392366159966,2,20,20
12,4088,4.011731572315413e-14,5.4581160169484114e-14,6.028830205524579e-05,0.9999397116978501,2,20,20
12,4089,1.3036449773348117e-10,1.7732366487493466e-10,0.00017135865685147396,0.9998286410354601,2,20,20
12,4090,1.3202699803781145e-10,3.1117739352778577e-12,0.001237729969560531,0.9987622698953006,2,20,20
12,4091,9.960231478253528e-15,9.551582714886449e-16,0.0016475673029786432,0.9983524326970105,2,20,20
12,4092,8.825526565078435e-16,1.0694464620088697e-13,0.0016475717267916965,0.9983524282731004,2,20,20
12,4093,1.2568561202080746e-17,9.414613678613873e-16,1.0759082158157668e-06,0.9999989240917835,2,20,20
12,4094,6.527532886636449e-19,8.79454548897698e-19,1.0507475302130942e-06,0.99999894925247,2,20,20
12,4095,3.9943844468243505e-14,1.882601045738458e-15,1.5041736030148421e-06,0.9999984958263554,2,20,20
12,4096,4.184130672649189e-07,1.7601678953905497e-10,0.003917338241435452,0.9960822431694807,2,20,20
12,4097,1.93609217038009e-16,3.0573110975876205e-12,8.530645436700721e-05,0.9999146935425756,2,20,20
12,4098,3.9949811479231364e-14,9.744740985347882e-16,2.549748146424809e-06,0.9999974502518126,2,20,20
12,4099,6.586952017744392e-18,1.7390778268073936e-17,2.5064409148239757e-06,0.9999974935590854,2,20,20
12,4100,5.691371211546689e-13,5.4597219350517694e-14,6.084384308242661e-05,0.9999391561562938,2,20,20
12,4101,5.698316562674981e-13,5.5521460865543526e-14,0.00011816142520589776,0.9998818385741688,2,20,20
12,4102,2.4696196006658404e-17,1.882601706984433e-15,2.5241835460230204e-06,0.9999974758164519,2,20,20
12,4103,1.5796200020026396e-15,1.7431272205260367e-10,0.00010557661397200955,0.9998944232117135,2,20,20
12,4104,5.700718752933272e-13,1.7426001772779854e-10,0.00010506074311660432,0.9998949390820531,2,20,20
12,4105,8.885813274849252e-16,5.3655967430150903e-14,5.8836861188259624e-05,0.9999411631387574,2,20,20
12,4106,1.7588293659893559e-16,3.30465386126463e-17,2.8531948974185097e-05,0.9999714680510257,2,20,20
12,4107,1.0161415155270651e-14,9.906883470693086e-16,2.9988351618783967e-05,0.9999700116483698,2,20,20
12,4108,2.276434897003158e-12,1.899375477701377e-15,8.418175127053356e-05,0.9999158182464511,2,20,20
12,4109,5.699240128480987e-13,5.460401119803371e-14,2.5539578121045356e-06,0.9999974460415633,2,20,20
12,4110,5.691163738905366e-13,5.36542078253747e-14,8.312695317410249e-05,0.9999168730462031,2,20,20
12,4111,5.69107046362427e-13,5.3653638505876624e-14,8.453270080264546e-05,0.9999154672985747,2,20,20
12,4112,9.988058622426816e-15,5.459698943751293e-14,6.027083249136454e-05,0.9999397291674441,2,20,20
12,4113,2.276530215697659e-12,5.367271754384299e-14,6.062946917437213e-05,0.9999393705284956,2,20,20
12,4114,7.010457738504735e-16,1.7106217304029728e-17,5.372766404511131e-07,0.9999994627233588,2,20,20
12,4115,4.107469499345348e-14,4.960950316287714e-17,0.003329889230393096,0.996670110769566,2,20,20
12,4116,1.2000602699259453e-13,1.0824897347469833e-13,4.381181492948314e-06,0.9999956188182789,2,20,20
12,4117,1.7546204241452837e-16,3.3322804796981554e-17,1.5182981391008302e-06,0.9999984817018608,2,20,20
12,4118,1.9077572831124313e-16,3.389204532454158e-17,2.5154313697999085e-06,0.9999974845686301,2,20,20
12,4119,1.0001462045195512e-14,5.011377689934365e-17,3.9419936321547244e-06,0.9999960580063577,2,20,20
12,4120,1.068040782118165e-14,5.503538503952448e-14,0.004665310185244096,0.9953346898146901,2,20,20
12,4121,5.673566540374463e-13,1.896141942807477e-15,0.0017032544960821686,0.9982967455033485,2,20,20
12,4122,5.647486643488194e-13,3.0302059036146185e-12,0.004673537863786327,0.9953264621326188,2,20,20
12,4123,4.993292181128236e-14,9.90695165978001e-16,2.3679541164483854e-06,0.9999976320458328,2,20,20
12,4124,2.2815255062704674e-12,1.8972216918593587e-15,0.0011552967665838607,0.9988447032311327,2,20,20
12,4125,4.068280752492596e-14,4.623573810060806e-14,0.0781209634685487,0.9218790365313645,2,20,20
12,4126,7.951485932350563e-14,3.0311734740891133e-12,0.00466512496836484,0.9953348750285245,2,20,20
12,4127,5.680598247382616e-13,3.0497538366896528e-12,0.00628828227093751,0.9937117177254448,2,20,20
12,4128,5.680476463871568e-13,3.04788910793977e-12,0.001624519625758486,0.9983754803706256,2,20,20
12,4129,1.0685209112434951e-14,5.551916434578155e-14,0.00016517933051745894,0.9998348206694163,2,20,20
12,4130,7.989048525386746e-14,1.0824868180571743e-13,4.307890452057168e-06,0.9999956921093598,2,20,20
12,4131,2.276833751077858e-12,1.0824307453167393e-13,3.0165749645951075e-05,0.999969834247969,2,20,20
12,4132,5.640676049535435e-13,5.408720138614827e-14,0.0047465576002700596,0.9952534423991118,2,20,20
12,4133,1.9976556644339238e-16,3.057461421783967e-12,5.933192932435664e-05,0.9999406680676179,2,20,20
12,4134,1.0173590137909813e-14,3.0584185044802398e-12,6.0787901462984364e-05,0.9999392120954684,2,20,20
12,4135,1.0941170331364847e-10,1.4694403778274893e-10,0.07846412655768728,0.9215358731859571,2,20,20
12,4136,1.0873789114578179e-14,5.4584374837480694e-14,2.8545936046091534e-05,0.9999714540638884,2,20,20
12,4137,7.040208327112195e-16,3.0576269569750047e-12,2.954941866151596e-05,0.9999704505782804,2,20,20
12,4138,3.993477921327669e-14,1.7424131731152973e-10,0.0001540816340155119,0.9998459181917033,2,20,20
12,4139,9.969191673853812e-15,5.442665870919408e-14,0.001619090538608747,0.9983809094613268,2,20,20
12,4140,6.460264571466102e-08,6.088530935717852e-09,0.4946251024019213,0.5053748269069019,2,20,20
12,4141,0.0008790543631398405,4.062599889156598e-12,0.49917974648695845,0.4999411991458394,2,20,20
12,4142,0.027506672236242688,1.5967525234862298e-07,0.47250783323921364,0.49998533484929114,2,20,20
12,4143,0.054048428256345815,2.9640276256884845e-10,0.44601031020626747,0.49994126124098437,2,20,20
12,4144,0.0008648024915126794,6.835185787729102e-14,0.499133537092011,0.500001660416408,2,20,20
12,4145,0.0008648024915126796,6.927649769166543e-14,0.4991345501685295,0.5000006473398886,2,20,20
12,4146,0.000864802491512689,6.833593075869364e-14,0.4991335183606406,0.500001679147778,2,20,20
12,4147,0.005572802255184938,1.6170792375636487e-07,0.49307658233687207,0.5013504537000196,2,20,20
12,4148,2.40295720171061e-07,1.9784716871957622e-10,0.5000585267052344,0.49994123280119807,2,20,20
12,4149,2.4029568093299986e-07,1.9779354609538663e-10,0.500000755899863,0.49999900360666216,2,20,20
12,4150,0.49900450555234827,2.0250583973429898e-11,0.0009974395034539779,0.49999805492394694,2,20,20
12,4151,0.499955175886481,1.8417244317782792e-14,4.585611719325589e-05,0.4999989679963074,2,20,20
12,4152,0.4999551758868514,1.1343956484650219e-10,0.17467356681947113,0.32537125718023757,2,20,20
12,4153,0.0004968027165664008,3.7141216993894436e-09,0.3189730991986037,0.6805300943707084,2,20,20
12,4154,7.109912769345635e-08,1.1177879845528089e-10,0.499998285164823,0.5000016436242698,2,20,20
12,4155,0.49842761200621927,1.2173650490886769e-14,0.0015724465256509229,0.49999994146811766,2,20,20
12,4156,0.4999716060250163,6.2598960096791045e-15,2.9843279565087655e-05,0.4999985506954125,2,20,20
12,4157,0.0007871719779863545,2.0127049644346217e-10,0.4992142498569296,0.4999985779638137,2,20,20
12,4158,0.000787171977996328,2.0127049644354455e-10,0.4992157015747583,0.4999971262459748,2,20,20
12,4159,0.1536312120951389,8.097652294010111e-08,0.34636837104575713,0.5000003358825809,2,20,20
12,4160,0.15363121209517885,8.097657750145126e-08,0.34645092792740995,0.49991777900083384,2,20,20
12,4161,0.15363121209517885,8.097657750145126e-08,0.34645092792740995,0.49991777900083395,2,20,20
12,4162,0.00076771583109758,1.4729468739531101e-05,0.5038815620078506,0.495335992692313,2,20,20
12,4163,0.00022022161488945944,8.87724806613664e-14,0.49978226312355445,0.4999975152614667,2,20,20
12,4164,0.3246772957118224,2.564680721357457e-11,0.17538210234951282,0.4999406019130179,2,20,20
12,4165,0.32467729567938197,2.5539528771816654e-11,0.17532272310331737,0.4999999811917611,2,20,20
12,4166,0.3246772956793827,2.559317423123145e-11,0.17532518865908112,0.49999751563594297,2,20,20
12,4167,0.4999999778010403,5.364575996458465e-14,2.5066233726372177e-06,0.49999751557553346,2,20,20
12,4168,1.0305060030591504e-08,3.155525109977558e-06,0.4991417728536386,0.5008550613161913,2,20,20
12,4169,1.0305100152367192e-08,3.155525110919034e-06,0.49914151661835326,0.5008553175514359,2,20,20
12,4170,1.0305059504968789e-08,3.1555250572732387e-06,0.4991407560144181,0.5008560781554654,2,20,20
12,4171,1.0305059516706318e-08,3.1555250572701983e-06,0.5007583350710546,0.499238499098829,2,20,20
12,4172,1.0305059504968981e-08,3.155525057289461e-06,0.49914034591026474,0.5008564882596187,2,20,20
12,4173,3.562435085868858e-11,5.55346357382683e-08,0.5000835401508547,0.4999164042788847,2,20,20
12,4174,1.2439258504011522e-10,0.0001236034340992316,0.4709499274570515,0.5289264689844559,2,20,20
12,4175,7.093746549688645e-10,5.43045811839474e-08,0.49915980661518017,0.5008401383708636,2,20,20
12,4176,2.760873750368415e-05,0.00015091976742083842,0.49982252846634706,0.49999894302872777,2,20,20
12,4177,1.5896663835503472e-11,0.0001802949820850373,0.4998207620423514,0.49999894295966657,2,20,20
12,4178,2.510266035998616e-06,0.0007823981183729758,0.4992727552053909,0.4999423364102,2,20,20
12,4179,0.019997125635813903,3.1892258109805e-12,0.4800043240991901,0.49999855026180673,2,20,20
12,4180,0.019906663653633107,1.840826215340887e-10,0.4801136474996602,0.49997968866262343,2,20,20
12,4181,8.847641798526443e-09,8.068511549092623e-10,0.4633526149885267,0.5366473753569803,2,20,20
12,4182,1.3442757406623767e-05,3.8675776257349285e-10,0.5039278335284417,0.4960587233273937,2,20,20
12,4183,6.522087449619304e-06,3.3222836068949918e-12,0.4999945098826559,0.49999896802657184,2,20,20
12,4184,6.5220874498062994e-06,3.323222260808286e-12,0.5011471768448195,0.4988463010644066,2,20,20
12,4185,6.522088024699821e-06,3.3232340951441413e-12,0.5035332643677113,0.4964602135409397,2,20,20
12,4186,0.0003652027665753371,3.3780673134495133e-12,0.5031745819482554,0.49646021528178996,2,20,20
12,4187,0.010368966451783736,5.372716796707729e-09,0.48968980475530155,0.4999412234201987,2,20,20
12,4188,0.019075339324139663,1.941852145752031e-08,0.4809833959228073,0.499941245334531,2,20,20
12,4189,0.49979690560547874,1.3998263983897048e-12,0.00028567261772345745,0.499917421775398,2,20,20
12,4190,0.026312345735214702,3.107152954657271e-07,0.47140525347570594,0.5022820900737843,2,20,20
12,4191,0.026312345735174943,3.1071529454378996e-07,0.4713814736503575,0.5023058698991736,2,20,20
12,4192,0.00043243013572491067,3.245832863162389e-09,0.4967988850611241,0.5027686815573176,2,20,20
12,4193,0.0004324301357348965,3.24583380430764e-09,0.49680037482107486,0.5027671917973562,2,20,20
12,4194,1.7024113764539593e-05,1.126134960814822e-08,0.4999844979089893,0.4999984667158959,2,20,20
12,4195,1.2075458081392436e-06,1.0641129855217635e-07,0.49841017611799887,0.5015885099248946,2,20,20
12,4196,0.001095499501244955,6.471164163006438e-09,0.4989042710242124,0.5000002230033788,2,20,20
12,4197,0.0010954995012447798,6.471164162851032e-09,0.4989853149111423,0.49991917911644906,2,20,20
12,4198,7.257029191410306e-08,2.189654211219555e-15,0.5000825060774176,0.499917421352288,2,20,20
12,4199,7.260273477697077e-08,1.0851912606765334e-13,0.5000222432146066,0.49997768418254984,2,20,20
12,4200,0.0065633652092551955,1.1145503831505597e-10,0.493424140499443,0.5000124941798464,2,20,20
12,4201,0.4966285294553513,1.9802887656750133e-11,0.0033728796534928975,0.4999985908713529,2,20,20
12,4202,0.43195231094215036,1.3648818742934043e-06,0.04863177447556748,0.519414549700408,2,20,20
12,4203,6.06132193141956e-14,2.872842611185132e-15,8.561641362408507e-05,0.9999143835863126,2,20,20
12,4204,1.7838068064045115e-16,1.1740325367027744e-18,2.000162850402069e-06,0.9999979998371494,2,20,20
12,4205,1.0864735879402962e-14,1.8993049979305565e-15,4.883098440209069e-05,0.9999511690155853,2,20,20
12,4206,3.986737505956751e-14,3.0374625787777724e-12,0.0033497123464401694,0.9966502876504826,2,20,20
12,4207,2.2557270411709755e-12,3.0302056013076015e-12,0.004688799086251811,0.9953112009084624,2,20,20
12,4208,4.202318778378702e-07,1.7686481299944902e-10,0.0017600105512634578,0.9982395690399938,2,20,20
12,4209,4.2023134868056325e-07,1.7686482198596003e-10,0.0016789317720063614,0.99832064781978,2,20,20
12,4210,5.053702517770881e-14,1.5995304612448337e-13,0.0046655153758618315,0.9953344846239276,2,20,20
12,4211,9.988270605797672e-15,5.5521915251581616e-14,5.920288170051415e-05,0.999940797118234,2,20,20
12,4212,2.011614744684805e-12,4.9281885030053266e-14,0.0615651000330441,0.938434899964895,2,20,20
12,4213,9.987414383352981e-15,9.415875954442701e-16,8.408135177856531e-05,0.9999159186482105,2,20,20
12,4214,6.078424767547123e-13,5.5418553009174674e-14,0.0011741693530403126,0.9988258306462967,2,20,20
12,4215,5.678882767928268e-13,5.540207765816312e-14,0.0011553393566878652,0.9988446606426891,2,20,20
12,4216,4.0134563763933494e-14,5.367105542791115e-14,8.298827211530167e-05,0.9999170117277911,2,20,20
12,4217,1.1387275810648145e-14,9.744705534332023e-16,6.077961066841948e-05,0.9999392203893196,2,20,20
12,4218,2.2823969956589625e-12,1.7390836411679202e-10,0.001119234750145636,0.9988807650736637,2,20,20
12,4219,5.645959230192942e-13,3.030241666194816e-12,0.004664909804512727,0.9953350901918927,2,20,20
12,4220,9.797282918075016e-13,2.304788531442413e-12,0.13984547792966037,0.860154522067055,2,20,20
12,4221,1.0717237520814831e-14,5.460204228472805e-14,2.1781473489784192e-05,0.9999782185264452,2,20,20
12,4222,8.823211304347235e-16,9.585370106514438e-16,2.4681299673020233e-06,0.9999975318700309,2,20,20
12,4223,8.946172815316756e-16,1.915618629699579e-15,3.010148742587506e-06,0.9999969898512546,2,20,20
12,4224,1.6811433482035929e-12,4.494655637723573e-12,0.13260473345951074,0.8673952665343135,2,20,20
12,4225,1.6804397761614766e-12,4.493730993764208e-12,0.1326046486614172,0.8673953513324087,2,20,20
12,4226,5.792635120126419e-13,1.0821527995019088e-13,0.00016579755453797253,0.9998342024447746,2,20,20
12,4227,4.214318289949897e-14,1.4706172172905485e-10,0.07812645877881097,0.9218735410740853,2,20,20
12,4228,1.8802573711570123e-16,3.36175575308884e-17,1.5006895415536815e-06,0.9999984993104583,2,20,20
12,4229,1.5695044869218605e-17,9.74464043496539e-16,2.5068055621180966e-06,0.9999974931944369,2,20,20
12,4230,3.995160980374428e-14,9.581385319115294e-16,5.884684270080184e-05,0.9999411531572584,2,20,20
12,4231,1.2782719821758906e-17,3.360044238015361e-17,5.982364428763629e-05,0.9999401763557124,2,20,20
12,4232,1.0686819526555773e-14,5.447773911746242e-14,0.0012125007788697526,0.9987874992210651,2,20,20
12,4233,1.0686608180782862e-14,5.446151939450845e-14,0.0011537457816673138,0.9988462542182677,2,20,20
12,4234,1.0172706206243733e-14,1.0788549620548381e-13,0.0033310151716017893,0.99666898482828,2,20,20
12,4235,3.77668158651713e-19,1.654195300515176e-17,9.438592094972607e-08,0.9999999056140788,2,20,20
12,4236,1.0003830154860121e-14,9.744179029728668e-16,5.8528692975392577e-05,0.9999414713070136,2,20,20
12,4237,1.0001498063701051e-14,9.420348496373221e-16,1.4949158495964061e-06,0.9999985050841396,2,20,20
12,4238,8.881588738059226e-16,5.36724563914383e-14,5.9852901761432604e-05,0.9999401470981841,2,20,20
12,4239,3.2382235623171294e-11,1.0695561564719728e-13,0.0016293881473573547,0.9983706118201536,2,20,20
12,4240,2.4085573206128224e-09,1.1063449155843272e-12,0.5015705581365826,0.49842943945375384,2,20,20
12,4241,0.0036568296914657582,1.0784153721357123e-07,0.49473006030723,0.5016130021597671,2,20,20
12,4242,0.0036568296914650544,1.078415381216945e-07,0.4947307177156632,0.501612344751334,2,20,20
12,4243,0.0014773668863047086,1.108995301041461e-08,0.49852367816936294,0.49999894385437904,2,20,20
12,4244,0.0014773668863054062,1.1089952101996495e-08,0.49852268274619255,0.49999993927754993,2,20,20
12,4245,0.0014773668863047177,1.1089952085774795e-08,0.4985226649644047,0.4999999570593383,2,20,20
12,4246,0.0007412512269233835,3.171606109082656e-07,0.49934098395903553,0.49991744765342944,2,20,20
12,4247,5.101650328339216e-05,1.0732577950940752e-08,0.5000020335146443,0.49994693924949424,2,20,20
12,4248,5.1016503323343366e-05,1.0732577026705113e-08,0.499963886026314,0.4999850867377848,2,20,20
12,4249,0.0006749604677680975,1.6187301243909672e-05,0.4949317648858627,0.5043770873451254,2,20,20
12,4250,1.082172380168758e-06,1.4536160870053399e-06,0.4999915681815793,0.5000058960299536,2,20,20
12,4251,5.766680990799764e-05,7.846300087167537e-05,0.49986531958374886,0.499998550605471,2,20,20
12,4252,5.766680990800081e-05,7.846300087261609e-05,0.49994644857860787,0.49991742161061153,2,20,20
12,4253,2.3672916925916874e-06,0.00018274396816532246,0.4998972035402934,0.4999176851998475,2,20,20
12,4254,2.3672916926129835e-06,0.00018274396816438175,0.4998734375344032,0.4999414512057388,2,20,20
12,4255,0.00011620264067560726,4.8891989120958785e-08,0.499886258429523,0.49999749003781163,2,20,20
12,4256,4.4634946927662505e-10,0.005039730549418104,0.494962649259833,0.4999976197443993,2,20,20
12,4257,8.441872227945423e-12,8.928906524595624e-05,0.4999057523741208,0.5000049585521911,2,20,20
12,4258,7.873377519287085e-12,8.928906519231105e-05,0.49990429976479733,0.500006411162137,2,20,20
12,4259,1.0315256464117465e-08,6.309529195809109e-06,0.5000524673067395,0.49994121284880855,2,20,20
12,4260,1.0315256460886347e-08,6.3095291948521365e-06,0.49999369451956605,0.49999998563598247,2,20,20
12,4261,0.041281401936729856,0.00013651562377263823,0.4586647091635783,0.49991737327591934,2,20,20
12,4262,3.620149909335253e-10,3.1592792209110652e-06,0.49998281010836876,0.5000140302503944,2,20,20
12,4263,1.540118010480741e-10,8.129048157479908e-10,0.4999758902020504,0.5000241088310328,2,20,20
12,4264,0.040136104379550556,5.174977732644289e-09,0.4599213211794418,0.49994256926602926,2,20,20
12,4265,0.01225052355675163,1.953180870144555e-12,0.487832082952194,0.49991739348910075,2,20,20
12,4266,0.42307136864381784,5.0648764777722913e-11,0.07699660641455673,0.499932024890976,2,20,20
12,4267,0.4511076676527256,3.272683608029797e-13,0.048974921091139934,0.499917411255807,2,20,20
12,4268,0.4511076676527354,3.272684625617287e-13,0.04892084719616585,0.4999714851507714,2,20,20
12,4269,0.008468055215310877,3.561846837740801e-06,0.4915871694906297,0.49994121344722137,2,20,20
12,4270,4.712987050509506e-08,1.1296255073158982e-09,0.5000587435200878,0.49994120822041593,2,20,20
12,4271,1.261707928803157e-06,1.7539687723620258e-06,0.5000476971419834,0.4999492871813152,2,20,20
12,4272,5.563231998798029e-09,8.929767336998432e-05,0.49996948624403664,0.4999412105193614,2,20,20
12,4273,5.5632321618801585e-09,8.929767342268015e-05,0.49999327930913223,0.4999174174542129,2,20,20
12,4274,6.081024791103264e-08,6.206929512039197e-06,0.49999410928604504,0.49999962297419503,2,20,20
12,4275,5.765383778626765e-07,0.00017653879027489043,0.49982392543817133,0.49999895923317506,2,20,20
12,4276,2.2626841871674634e-06,0.009872476431372906,0.4901262971923408,0.4999989636920986,2,20,20
12,4277,2.7992173190108613e-13,5.647425110593307e-08,0.5000825219489312,0.4999174215765376,2,20,20
12,4278,7.230209913070172e-10,3.154926943012917e-06,0.5016158899652239,0.4983809543848121,2,20,20
12,4279,5.87702326500499e-07,3.208116363296334e-06,0.5015875725885217,0.49840863159278864,2,20,20
12,4280,3.412797512708002e-12,5.6471890508805534e-08,0.5000014242622777,0.49999851926241917,2,20,20
12,4281,7.111479657251896e-10,2.8648030391080422e-09,0.5000014771602532,0.499998519263795,2,20,20
12,4282,7.238181146795456e-08,1.1575789672092322e-10,0.4999026646621417,0.5000972628402888,2,20,20
12,4283,0.2527767056323987,3.6083925785891417e-07,0.142915362251596,0.6043075712767478,2,20,20
12,4284,0.29556491902296883,7.442429524088437e-09,0.2044635762205128,0.49997149731408863,2,20,20
12,4285,0.29556491902296794,7.442481281314332e-09,0.2044938819382524,0.4999411915962983,2,20,20
12,4286,0.48586276806290246,4.419561235695109e-09,0.018798691386427802,0.49533853613110834,2,20,20
12,4287,0.4858627680628629,4.419454945299172e-09,0.014134895930912928,0.5000023315867691,2,20,20
12,4288,0.49982500053200024,2.4142472104267117e-14,0.00017502565746551637,0.4999999738105101,2,20,20
12,4289,0.4999321689481779,4.305727553232178e-16,6.785724154558995e-05,0.4999999738102763,2,20,20
12,4290,0.4999321689481779,4.470841266519101e-16,6.788814416334745e-05,0.49999994290765826,2,20,20
12,4291,0.4998894517608989,4.621353775194325e-16,0.00011158024445906643,0.4999989679946418,2,20,20
12,4292,0.4998894517609089,5.410440214216193e-14,0.00014022365705899446,0.499970324581978,2,20,20
12,4293,0.499783103778124,5.586870703827172e-14,0.00023798907230586933,0.4999789071495146,2,20,20
12,4294,0.49982496224610146,3.1063497278849558e-12,0.0002588696484497914,0.49991616810234246,2,20,20
12,4295,0.4890580451828842,1.3163052708322408e-08,0.011025731582636263,0.49991621007142684,2,20,20
12,4296,0.4890580451828441,1.3159995430557799e-08,0.010943349536408018,0.4999985921207524,2,20,20
12,4297,0.29199572400446183,4.6594898233313744e-11,0.20800677858945946,0.49999749735948396,2,20,20
12,4298,0.29199572400218504,4.6593951321887174e-11,0.2080630965312395,0.49994117941998173,2,20,20
12,4299,0.4998247801454504,2.548538658955165e-14,0.00023401174043969112,0.4999412081140844,2,20,20
12,4300,0.20360630349959305,1.1816238083466677e-06,0.2975406797646768,0.498851835111921,2,20,20
12,4301,0.00018425127272800315,1.736538550940147e-05,0.500952181455749,0.49884620188601375,2,20,20
12,4302,0.019927898240180437,9.973199527995405e-09,0.4812231809452379,0.49884891084138155,2,20,20
12,4303,0.019927898240179587,9.973145067090703e-09,0.4800714485302979,0.5000006432563773,2,20,20
12,4304,2.2891901570074495e-07,3.4398028027241153e-12,0.5000018362971996,0.49999793478034427,2,20,20
12,4305,2.2891901630888241e-07,3.488031850412327e-12,0.5582355613686956,0.4417642097087994,2,20,20
12,4306,0.4936304879423377,1.5607162452517358e-10,0.06460528211395636,0.4417642297876343,2,20,20
12,4307,0.4936304879423371,1.5602342848515444e-10,0.006370940736231456,0.49999857116540813,2,20,20
12,4308,0.4936304879423471,1.5602339604667063e-10,0.006372392007758909,0.4999971198938706,2,20,20
12,4309,0.29204949979780126,2.6548347861524493e-09,0.20795087889840747,0.49999961864895603,2,20,20
12,4310,0.4775569705077531,8.530333675574458e-09,0.02246381724586995,0.49997920371604304,2,20,20
12,4311,0.34950905300911167,1.6530441452076796e-10,0.15377094516639148,0.4967200016591923,2,20,20
12,4312,0.4877183947870363,1.3877512705942246e-12,0.012364190951133317,0.4999174142604426,2,20,20
12,4313,0.0008658519011914773,2.2518488546678933e-10,0.49916093954617746,0.4999732083274461,2,20,20
12,4314,1.6957800596336191e-07,1.8812605787127026e-14,0.5000008725296993,0.49999895789227583,2,20,20
12,4315,0.4999714345678987,1.6840542382365035e-17,3.004616970751063e-05,0.49999851926239364,2,20,20
12,4316,0.44909612411746014,3.314013957322793e-06,0.050901770019626404,0.4999987918489561,2,20,20
12,4317,0.0380840291658401,3.1487934430783535e-05,0.46188593414608614,0.49999854875364264,2,20,20
12,4318,0.21256573896877418,5.861351906682095e-06,0.2874289022262148,0.4999994974531043,2,20,20
12,4319,0.16504276835797918,1.4994303581410625e-09,0.2608814597968528,0.5740757703457375,2,20,20
12,4320,0.49253102725824593,4.477451913511714e-09,0.007469827933017528,0.49999914033128456,2,20,20
12,4321,0.028922157768692936,0.15537436010894992,0.3157252434075526,0.49997823871480435,2,20,20
12,4322,0.02892215763892156,0.15537436010889533,0.3157063118370272,0.4999971704151558,2,20,20
12,4323,0.028922157671168937,0.15537436010894867,0.3188884156724331,0.49681506654744917,2,20,20
12,4324,1.8850098407997025e-13,0.48451040000235407,0.018818970772034253,0.49667062922542327,2,20,20
12,4325,2.2004368627626648e-10,0.17703843862226779,0.3262909319318747,0.4966706292258138,2,20,20
12,4326,7.25028298655532e-16,0.4999948380053009,0.003334532769295272,0.4966706292254033,2,20,20
12,4327,1.6064174425785736e-15,0.499712902509672,0.0003459098522438497,0.49994118763808243,2,20,20
12,4328,4.1596524747372355e-09,0.2655559400860271,0.729511459120582,0.0049325966337380985,2,20,20
12,4329,0.011680494909052624,0.4999861033367065,0.4883317579886969,1.6437655445835638e-06,2,20,20
12,4330,0.001060183038539357,0.4996014917869347,0.4993366242954187,1.7008791064905324e-06,2,20,20
12,4331,1.9318324517146727e-05,0.4993259980646047,0.5006546526169227,3.099395461942744e-08,2,20,20
12,4332,1.8992370219436796e-05,0.17720392428727086,0.8227770819288258,1.4136838061456496e-09,2,20,20
12,4333,0.0016279139850446322,0.47851897415178024,0.5198402784763034,1.2833386871564878e-05,2,20,20
12,4334,1.4601237360173754e-10,0.49959469477428875,0.05883165069630634,0.4415736543833926,2,20,20
12,4335,1.4330167244576724e-10,0.49971290251237416,0.05871344296091514,0.441573654383409,2,20,20
12,4336,2.3528304165312226e-16,0.4999948723070805,8.772772998502095e-05,0.4999173999629343,2,20,20
12,4337,7.729380448998632e-16,0.4999948723070278,2.5434060870077212e-05,0.4999796936321012,2,20,20
12,4338,2.3409398393454656e-13,0.4845140618437209,0.015487888942168564,0.4999980492138766,2,20,20
12,4339,1.0759584307227546e-14,0.49998816986803424,3.364344147863452e-05,0.4999781866904762,2,20,20
12,4340,1.0070250771792548e-14,0.47851915539594,0.021483337839313513,0.4999975067647365,2,20,20
12,4341,2.719492308386965e-12,0.49921277185015667,0.0007897213823369507,0.49999750676478694,2,20,20
12,4342,3.515243353973142e-11,0.499212771850104,0.0008084631224453284,0.4999787649922982,2,20,20
12,4343,2.7096969782556047e-12,0.49921277185010304,0.0007872866818259993,0.4999999414653613,2,20,20
12,4344,2.709506314658979e-12,0.49921277185010304,0.000788677576559112,0.4999985505706284,2,20,20
12,4345,2.7102100048596413e-12,0.49921277185010493,0.0008157428407188939,0.499971485306466,2,20,20
12,4346,1.94694164535119e-13,0.49970959738403675,0.00031068986904993874,0.4999797127467185,2,20,20
12,4347,5.991392146936016e-17,0.49999487230702666,5.1292198995514365e-06,0.4999999984730733,2,20,20
12,4348,1.0016802112106882e-11,0.46135064538148635,0.03863892705641291,0.5000104275520838,2,20,20
12,4349,1.4961392715779242e-16,0.4999924909127178,8.958824264869302e-06,0.49999855026301687,2,20,20
12,4350,1.4758552870868452e-10,0.11874186415900612,0.3713275144977933,0.509930621195614,2,20,20
12,4351,1.7153307537197281e-15,0.49998805228042037,1.340969561347629e-05,0.49999853802396443,2,20,20
12,4352,4.219508547994403e-15,0.49971961595282116,0.00028184602321072483,0.49999853802396377,2,20,20
12,4353,4.64441207575452e-14,0.4785120667029025,0.021488307787959935,0.4999996255090911,2,20,20
12,4354,3.46891698236399e-08,0.49179010096822273,0.00821023493661081,0.4999996294059967,2,20,20
12,4355,3.468916979905916e-08,0.49179010096822273,0.008209861971482437,0.5000000023711247,2,20,20
12,4356,4.40776539774676e-15,0.4997195512823537,0.00028051765836684513,0.4999999310592751,2,20,20
12,4357,4.235862655286065e-15,0.4997195512823546,0.0002819158626117366,0.4999985328550294,2,20,20
12,4358,5.633941015755828e-15,0.4997195512823537,0.0003404461373960194,0.49994000258024474,2,20,20
12,4359,4.933278996475062e-15,0.49971955128240736,0.0003630487514608819,0.49991739996612683,2,20,20
12,4360,4.420059518442541e-15,0.49971955128240736,0.0002829332896995566,0.49999751542788884,2,20,20
12,4361,6.200926072126835e-13,0.49932573466762387,0.000675819738830417,0.4999984455929255,2,20,20
12,4362,5.106198921606868e-14,0.499325734667622,0.0007568678981314386,0.4999173974341951,2,20,20
12,4363,1.2976159448617246e-10,0.49960644573770224,0.00045403806186767475,0.4999395160706683,2,20,20
12,4364,1.0846990133937951e-13,0.4996023615451597,0.0004001233204773443,0.49999751513425444,2,20,20
12,4365,9.918482937303042e-14,0.49960236154515963,0.00040012287796766004,0.4999975155767733,2,20,20
12,4366,5.2517937452682143e-14,0.4997301883764681,0.00027229597847547575,0.49999751564500383,2,20,20
12,4367,2.3037163318336014e-13,0.49971477524897484,0.0014389352181757855,0.4988462895326189,2,20,20
12,4368,1.5219935478780077e-10,0.49196414210506784,0.00803689465855398,0.4999989630841786,2,20,20
12,4369,3.3543475897580802e-15,0.49971290311018135,0.00028712205380305886,0.4999999748360123,2,20,20
12,4370,1.909926603253733e-13,0.4994391273320231,0.0005623462497753339,0.49999852641801057,2,20,20
12,4371,4.000215165400989e-15,0.47851399888748214,0.021486033541565405,0.4999999675709483,2,20,20
12,4372,4.762842491237975e-14,0.4999812646141086,1.876781369666929e-05,0.4999999675721472,2,20,20
12,4373,2.629270807235555e-12,0.48438689238863947,0.015671709419580963,0.49994139818914995,2,20,20
12,4374,2.3871228907613895e-13,0.4997602664452953,0.001393431195665989,0.49884630235879984,2,20,20
12,4375,7.183891267997032e-16,0.4999928827813861,0.0011608149292868613,0.4988463022893261,2,20,20
12,4376,2.71088229755815e-12,0.4993259631277416,0.0018277345790038738,0.4988463022905435,2,20,20
12,4377,9.498345246085497e-11,0.3070190304181636,0.19413466715484742,0.49884630233200555,2,20,20
12,4378,1.0842019769997546e-11,0.4993260545091931,0.0018276431906178474,0.49884630228934707,2,20,20
12,4379,4.056240478675572e-15,0.49971290311018324,0.0014407945310196306,0.4988463023587929,2,20,20
12,4380,3.357097608526311e-15,0.4997129031101823,0.00028856396653629624,0.49999853292327795,2,20,20
12,4381,9.059505392312945e-16,0.49971290250967193,0.00028714719244395776,0.4999999502978832,2,20,20
12,4382,4.074522959473869e-14,0.4997129025096728,0.0014408176017668157,0.4988462798885193,2,20,20
12,4383,3.992531223377936e-14,0.4996064457346448,0.0015472744450448041,0.4988462798202702,2,20,20
12,4384,2.302580274893613e-13,0.499717347974017,0.001436372206679197,0.4988462798190735,2,20,20
12,4385,2.9308191964992285e-11,0.4999880455487106,0.07814182122662533,0.42187013319535593,2,20,20
12,4386,1.0481346932202961e-11,0.4784311407539104,0.021570393705656415,0.49999846552995175,2,20,20
12,4387,8.752289431904914e-14,0.49971278937406055,0.000346031575817221,0.4999411790500345,2,20,20
12,4388,8.752289374822024e-14,0.4997127833791213,0.000346037502507885,0.49994117911828334,2,20,20
12,4389,4.107145116146428e-15,0.48451567955072433,0.01548437747425781,0.49999994297501366,2,20,20
12,4390,4.8044879275996955e-15,0.4845156795507253,0.015543112526072845,0.4999412079231968,2,20,20
12,4391,3.546955904472859e-15,0.49999118733503845,2.9124891269865136e-05,0.4999796877736881,2,20,20
12,4392,3.3746290310088753e-15,0.49999118733498576,1.0279811157720909e-05,0.4999985328538531,2,20,20
12,4393,3.912565025159943e-15,0.47851906856859966,0.021481981573251607,0.49999894985814464,2,20,20
12,4394,3.254207279126976e-08,0.46135057826656906,0.0386385620458214,0.5000108271455369,2,20,20
12,4395,1.488767870377577e-09,0.14049585925846286,0.4578245944907894,0.40167954476197987,2,20,20
12,4396,3.222887177016244e-10,0.2604202385947113,0.23958081827645025,0.4999989428065496,2,20,20
12,4397,1.0689342800467932e-11,0.49236365472682664,0.007636364062686083,0.4999999811997979,2,20,20
12,4398,3.4391499016837225e-15,0.4999880454037762,1.2987060046669903e-05,0.4999989675361737,2,20,20
12,4399,1.7776281656484712e-16,0.4999995850369167,4.83905026151638e-07,0.49999993105805673,2,20,20
12,4400,1.8311409850299543e-13,0.4782069538213706,0.021792899133560476,0.5000001470448856,2,20,20
12,4401,5.106666030252573e-14,0.49237202733726565,0.007629022298040137,0.4999989503646429,2,20,20
12,4402,1.154728590270311e-09,0.4999948723070602,0.18780248749179587,0.3122026390464148,2,20,20
12,4403,6.123401344607143e-13,0.4997127895466763,0.004951707863688687,0.49533550258902265,2,20,20
12,4404,1.6650366460368784e-08,0.18818181820491578,0.31183997515786616,0.4999781899868511,2,20,20
12,4405,1.6650316708055945e-08,0.18818181820486216,0.3118182310783619,0.4999999340664589,2,20,20
12,4406,4.764574360626963e-14,0.499710523438784,0.0003720549171498281,0.49991742164401837,2,20,20
12,4407,5.76267437524687e-14,0.4997105234388367,0.00037207701968277674,0.4999173995414228,2,20,20
12,4408,6.078616598697916e-10,0.4845029568521804,0.4835411029001512,0.031955939639806794,2,20,20
12,4409,2.0300470189079007e-09,0.4845029640352023,0.1541003290377839,0.36139670489696674,2,20,20
12,4410,1.4304861633957275e-09,0.4996016124707351,0.13900168497149126,0.3613967011272872,2,20,20
12,4411,8.459023036144119e-11,0.4997125034529532,0.17511554373714783,0.3251719527253086,2,20,20
12,4412,7.595065661531726e-13,0.4997147752520318,0.0003069908214205795,0.4999782339257882,2,20,20
12,4413,1.9977487155674264e-13,0.4997147752516748,0.05852764920224422,0.4417575755458813,2,20,20
12,4414,4.282167252346878e-17,0.49960641155538965,0.0004523800835162524,0.49994120836109424,2,20,20
12,4415,7.241378873357622e-17,0.49999487230702666,6.391933187883292e-05,0.4999412083610943,2,20,20
12,4416,2.6723509635459345e-12,0.4923620009645742,0.007696790670479758,0.4999412083622737,2,20,20
12,4417,7.394438193453205e-14,0.0034048694545348447,0.4966539221573387,0.49994120838805256,2,20,20
12,4418,1.1387339212560154e-13,0.0034048694545357854,0.49662364650198754,0.499971484043363,2,20,20
12,4419,2.4510878446671535e-07,0.2438539564481708,0.2594748710139954,0.49667092742904934,2,20,20
12,4420,3.2142483983757944e-11,0.49998609718130665,0.0046781492923347965,0.49533575349421605,2,20,20
12,4421,3.3101992449063256e-11,0.1767209572305056,0.32793873963089865,0.49534030310549304,2,20,20
12,4422,5.812467378040326e-10,0.46966460770983187,0.030324357418523927,0.5000110342903975,2,20,20
12,4423,5.81247076269618e-10,0.469664607709831,0.03032525127575251,0.5000101404331693,2,20,20
12,4424,1.5688428901248174e-11,5.554682058221987e-08,0.5000018953328816,0.499998049104609,2,20,20
12,4425,9.145733148411112e-09,0.00909603235349954,0.4942330966439015,0.4966708618568658,2,20,20
12,4426,0.4463206222791384,5.782934714385592e-08,0.05699325671548517,0.4966860631760295,2,20,20
12,4427,0.446320622279059,5.7829347133721114e-08,0.053664941591532275,0.5000143783000616,2,20,20
12,4428,0.446320622279059,5.782939935398081e-08,0.05832770189837846,0.4953516179931632,2,20,20
12,4429,0.446320622279059,5.78293462253031e-08,0.05366491694655658,0.5000144029450382,2,20,20
12,4430,0.42499544287263014,5.841689861535324e-13,0.0750055896744756,0.4999989674523102,2,20,20
12,4431,0.4249954428726315,5.841687614908735e-13,0.07833427262170194,0.49667028450508266,2,20,20
12,4432,0.49830364158022455,2.3229966144982416e-09,0.0016985330449861037,0.49999782305179274,2,20,20
12,4433,0.49493355933540206,6.197630789533196e-08,0.005068273229725627,0.4999981054585643,2,20,20
12,4434,0.4989335546340828,1.1536997080144534e-09,0.0010674884155633215,0.49999895579665415,2,20,20
12,4435,0.4339245798986277,2.518321144301188e-06,0.06607270981339486,0.5000001919668331,2,20,20
12,4436,0.4339245798986277,2.51832114431741e-06,0.06607272715622294,0.5000001746240051,2,20,20
12,4437,0.49829872101980766,6.345672049346014e-08,0.001701253565433651,0.49999996195803836,2,20,20
12,4438,0.4999450207512841,2.602432170861961e-17,5.5022777935124565e-05,0.4999999564707809,2,20,20
12,4439,0.4999178758282394,6.870369672560993e-13,0.00014091545247287143,0.49994120871860076,2,20,20
12,4440,0.49991790944904096,3.1654799579207247e-09,0.5000812273194292,8.600660500478129e-07,2,20,20
12,4441,0.500138087147468,2.653748525182464e-12,0.49986191283883785,1.1040219808387612e-11,2,20,20
12,4442,0.06267014523641054,4.5133725274686066e-07,0.9372068252477833,0.0001225781785534134,2,20,20
12,4443,0.2210995719065425,2.409591251131557e-06,0.7788699540489669,2.806445323837253e-05,2,20,20
12,4444,0.05013885790666203,2.736691761187455e-06,0.9498566439109812,1.7614905949274655e-06,2,20,20
12,4445,0.0003362010691356961,2.787032060495681e-06,0.9996610112851072,6.136974742710478e-10,2,20,20
12,4446,0.010959797350780993,0.00017062281318374362,0.9888680374046749,1.54243136118039e-06,2,20,20
12,4447,0.010962112064948331,1.8494957679267478e-05,0.9890178505323636,1.542445009461063e-06,2,20,20
12,4448,0.36230325358056226,3.25882899960463e-06,0.6376930480151068,4.395753289047944e-07,2,20,20
12,4449,0.49808553744979717,1.1183114383641886e-07,0.5019143406924267,1.0026632630530028e-08,2,20,20
12,4450,0.4982113491871544,0.30604834762950195,0.19574015951610002,1.4366724290582197e-07,2,20,20
12,4451,0.49814118416469877,0.14025423802093673,0.3616045724198015,5.394562489381841e-09,2,20,20
12,4452,0.4981411848066812,0.009716758104127464,0.4921420473063026,9.782888379788108e-09,2,20,20
12,4453,0.49993782962501543,2.5790692192207727e-07,0.4960668723350022,0.003995040133060792,2,20,20
12,4454,0.49659874257994613,6.593455543200478e-09,0.5034012501993677,6.272325664260391e-10,2,20,20
12,4455,0.9965281333674746,1.0538435285033045e-12,0.003471866350395308,2.8107620467336724e-10,2,20,20
12,4456,0.910212305219277,5.333733912520314e-08,0.08977364191920521,1.399952417882119e-05,2,20,20
12,4457,0.500809289744502,1.9432966072036526e-05,0.49908025177268917,9.102551673678908e-05,2,20,20
12,4458,0.4991720023578091,1.2211978857707063e-08,0.5008263381034042,1.6473268085526483e-06,2,20,20
12,4459,0.4989528882347855,7.125337100213415e-07,0.5010446657668302,1.7334646736133534e-06,2,20,20
12,4460,0.9210766849321893,9.236636936430246e-11,0.07892331445791696,5.175271100330612e-10,2,20,20
12,4461,0.5015377068160513,0.009302663400434822,0.4875874157615174,0.001572214021996982,2,20,20
12,4462,0.42560518232730304,8.123634147881341e-08,0.5743947362707892,1.6556514417545397e-10,2,20,20
12,4463,0.0008813038975242799,7.848473335373042e-08,0.9991185569389311,6.067881025614259e-08,2,20,20
12,4464,0.0008797614938891513,1.599816437832041e-05,0.9991042403180389,2.3694517131300926e-11,2,20,20
12,4465,0.005914365774283712,1.5328044626846204e-10,0.9940825735643167,3.0605081190397734e-06,2,20,20
12,4466,7.0898319416849515e-06,1.6391657813479427e-10,0.9999928795443409,3.0459800350597206e-08,2,20,20
12,4467,0.015108983112867718,3.9915838736660716e-09,0.9831639169461979,0.001727095949349925,2,20,20
12,4468,0.023585771812794,1.0754648949294277e-10,0.9764117520548163,2.4760248442616866e-06,2,20,20
12,4469,0.5234640002325613,5.430802936850726e-11,0.476534347979441,1.6517336902144107e-06,2,20,20
12,4470,0.505902161548396,8.206575834889766e-11,0.49409781733090097,2.1038636892671755e-08,2,20,20
12,4471,0.9952540019359517,1.145591719157175e-09,0.004745985814884573,1.110357177778094e-08,2,20,20
12,4472,0.5000250656453676,2.629555411131183e-06,0.4999595514883179,1.2753310902210609e-05,2,20,20
12,4473,0.36946913896098343,3.855493955887466e-09,0.6293528488702534,0.001178008313268196,2,20,20
12,4474,0.36946906819048986,2.521404488751033e-09,0.13061305737995593,0.4999178719081497,2,20,20
12,4475,0.36946906819048986,2.521403547766095e-09,0.1305305224890208,0.5000004067990856,2,20,20
12,4476,0.49999847197912034,9.469839629720527e-16,8.410644632738352e-05,0.4999174215745511,2,20,20
12,4477,0.4999552248301809,6.2456493331688094e-15,4.480280026230914e-05,0.49999997236955057,2,20,20
12,4478,0.046238016057456914,0.06208054998358713,0.3916798512129665,0.500001582745989,2,20,20
12,4479,2.911240608086152e-08,0.00012484195257647714,0.4998647301594814,0.5000103987755359,2,20,20
12,4480,1.809317861555614e-05,0.0014093762974217326,0.4985685090156574,0.500004021508305,2,20,20
12,4481,1.8093178615568165e-05,0.0014093762974217328,0.49856850931993385,0.500004021204029,2,20,20
12,4482,0.03907015588841859,5.058131145137837e-09,0.46092983477809485,0.5000000042753547,2,20,20
12,4483,5.781257595039026e-06,3.941670433601743e-06,0.50003591796061,0.4999543591113611,2,20,20
12,4484,1.612836884072071e-07,9.877346018781956e-06,0.5046531494470557,0.4953368119232374,2,20,20
12,4485,0.006934342345695789,5.118611056602066e-08,0.4525486388094813,0.5405169676587119,2,20,20
12,4486,3.237526642549639e-06,4.2102136596884353e-13,0.49881767746219735,0.5011790850107393,2,20,20
12,4487,3.2375280849658926e-06,4.665511718389363e-13,0.5570506777572928,0.44294608471415586,2,20,20
12,4488,0.4521845893094622,1.8392784439363314e-11,0.1060510559190956,0.44176435475304926,2,20,20
12,4489,0.4514515675137971,5.7473898103350596e-08,0.10678402044964903,0.44176435456265545,2,20,20
12,4490,0.012014360354823967,1.0932942018238318e-10,0.5461267901517307,0.4418588493841145,2,20,20
12,4491,0.012014360352812706,1.0928202487434117e-10,0.48797347713724687,0.5000121624006569,2,20,20
12,4492,0.012014360352841258,1.0932082375440013e-10,0.6261149247026724,0.36187071483516564,2,20,20
12,4493,2.7126174327740666e-07,5.0840064037418244e-12,0.50466377862398,0.49533595010919285,2,20,20
12,4494,2.71261703890897e-07,2.0025352012060387e-12,0.5000585301418904,0.49994119859440356,2,20,20
12,4495,2.7126170370629566e-07,2.001594165597697e-12,0.5000011784743273,0.49999855026196743,2,20,20
12,4496,8.351825593714595e-11,1.671132712733755e-17,0.5000010322269874,0.49999896768949376,2,20,20
12,4497,6.674294098989839e-08,1.1219010983495722e-10,0.500000964929706,0.4999989682151625,2,20,20
12,4498,7.362130972802847e-05,9.889915291247948e-05,0.49982836676370007,0.49999911277365955,2,20,20
12,4499,4.789766157180996e-12,0.013576695170438824,0.4864820966359659,0.49994120818880533,2,20,20
12,4500,3.1367989819249366e-13,4.5243026230364545e-06,0.5000542676158352,0.4999412080812277,2,20,20
12,4501,1.5856063136494505e-05,0.06916152323672377,0.43097487843037346,0.49984774226976686,2,20,20
12,4502,0.4999973233280417,1.7424775981456626e-10,0.00015671477339299804,0.49984596172431783,2,20,20
12,4503,0.499997323328031,6.475256684764765e-15,3.7089823536750156e-06,0.4999989676896092,2,20,20
12,4504,0.011705953165180145,3.175014180099716e-07,0.4882085309803771,0.5000851983530247,2,20,20
12,4505,0.0008793687864677718,1.1494640685506162e-10,0.5037846504665666,0.49533598063201917,2,20,20
12,4506,1.5194361082553354e-05,3.867042699085503e-12,0.5000448025290781,0.4999400031059718,2,20,20
12,4507,3.858383594579175e-06,2.2384580998843377e-10,0.49999617258572043,0.4999999688068391,2,20,20
12,4508,0.4146527604248808,1.0647815411948169e-07,0.0845157202757888,0.5008314128211764,2,20,20
12,4509,0.41547219458568135,0.0001717436263764235,0.08434418084494734,0.5000118809429946,2,20,20
12,4510,0.04553912605044109,3.303594897903262e-07,0.454463000368152,0.4999975432219167,2,20,20
12,4511,0.00021542504458523114,3.5586772893486136e-07,0.49983729961537215,0.49994691947231384,2,20,20
12,4512,0.005654444018508455,8.166759251247684e-08,0.49442785802522166,0.4999176162886768,2,20,20
12,4513,1.252870706776789e-06,7.672434797086423e-05,0.49999818369299426,0.4999238390883276,2,20,20
12,4514,1.661451517948201e-10,2.8990136065652955e-06,0.5000796792456964,0.4999174215745514,2,20,20
12,4515,9.989341799782555e-11,6.973485562351809e-07,0.5033284914877467,0.49667081106380356,2,20,20
12,4516,0.00023557348688866463,2.260547761027131e-10,0.49976588061377314,0.4999985456732832,2,20,20
12,4517,0.00023557348684889636,2.2610653068561585e-10,0.499846995345852,0.49991743094119223,2,20,20
12,4518,0.00023160804324392006,2.0210413203027022e-12,0.4998509919822835,0.49991739997245155,2,20,20
12,4519,1.273546935104312e-09,8.816857381053651e-14,0.5000825987539053,0.4999173999724589,2,20,20
12,4520,4.777825223903765e-09,2.0551259352853887e-12,0.5000808590491626,0.49991913617095685,2,20,20
12,4521,0.41290465975226126,5.2534764930629743e-08,0.08717763288923099,0.4999176548237431,2,20,20
12,4522,0.4129046597522611,5.2534712234907165e-08,0.08709608989176491,0.49999919782126195,2,20,20
12,4523,0.04491319124528741,1.7438090735036415e-10,0.4602441468165358,0.4948426617637949,2,20,20
12,4524,0.0014511509654185112,6.105546844618353e-07,0.5037026670776031,0.4948455714022929,2,20,20
12,4525,2.6087079803561237e-05,1.8918736347666653e-10,0.499974944689442,0.49999896804156674,2,20,20
12,4526,7.164616676840964e-16,9.744751470293771e-16,1.5683188030275622e-06,0.9999984316811953,2,20,20
12,4527,1.070049617437249e-14,9.744725305862711e-16,8.473785607570446e-05,0.9999152621439127,2,20,20
12,4528,3.214111948344127e-11,9.655292500134955e-16,0.004675074647458655,0.9953249253203994,2,20,20
12,4529,1.9428041661141995e-16,5.366322188880665e-14,1.841392562875242e-06,0.9999981586073834,2,20,20
12,4530,7.069173112766492e-16,9.582465737115564e-16,1.5112213317007756e-06,0.9999984887786669,2,20,20
12,4531,2.2865098431458704e-12,5.458101601134846e-14,0.00014190993513529243,0.9998580900625236,2,20,20
12,4532,5.080701060179409e-14,2.8404049104416592e-15,8.429389158479098e-05,0.9999157061083618,2,20,20
12,4533,9.984766435845245e-15,9.418762853199639e-16,8.411343220571883e-05,0.9999158865677839,2,20,20
12,4534,4.011577285793088e-14,5.457840778737789e-14,8.41231908208239e-05,0.9999158768090848,2,20,20
12,4535,3.243881818768727e-11,3.0582481728080206e-12,8.559468653684322e-05,0.9999144052779663,2,20,20
12,4536,7.098690814114446e-16,3.0572951453213577e-12,0.00016643840581465736,0.9998335615911274,2,20,20
12,4537,1.0688278753361405e-14,3.058235858412729e-12,0.00016641927245056835,0.9998335807244805,2,20,20
12,4538,7.344583370946461e-16,3.0582363029461774e-12,8.421991958875339e-05,0.9999157800773526,2,20,20
12,4539,4.996507223188061e-14,1.814159230268567e-11,0.4568115119703767,0.5431884880114315,2,20,20
12,4540,0.0015886827819663477,2.673751253468023e-06,0.49849247535974317,0.49991616810703665,2,20,20
12,4541,0.009936004438727334,0.0009364524987040418,0.4891300530172724,0.4999974900452965,2,20,20
12,4542,1.1900657846718954e-09,2.0567293314235804e-12,0.5000826076859366,0.49991739112194095,2,20,20
12,4543,0.04478587497134251,3.418581109598809e-07,0.4552122515811383,0.5000015315894081,2,20,20
12,4544,0.0007971710446857417,1.9046616002873873e-12,0.4992042569596973,0.499998571993712,2,20,20
12,4545,0.0007971710447139425,4.1171106406472445e-12,0.6374268803122274,0.36177594863894186,2,20,20
12,4546,0.00010154500037084207,5.570399810354012e-11,0.6381225338613997,0.3617759210825245,2,20,20
12,4547,0.1998951712414723,5.450924183003247e-09,0.43832840839892023,0.361776414908683,2,20,20
12,4548,0.28958253375849674,3.832718570007547e-12,0.3486415326161998,0.36177593362147065,2,20,20
12,4549,0.2895825337584686,1.6676486102584008e-12,0.2686533590655148,0.44176410717434944,2,20,20
12,4550,3.3906456381670454e-06,2.987841492376603e-07,0.5000536788045695,0.4999426317656441,2,20,20
12,4551,0.31999781132893623,8.654295045180285e-10,0.3182217467707819,0.3617804410348524,2,20,20
12,4552,0.49995530445473096,7.196875830446545e-15,4.50950066999313e-05,0.4999996005385623,2,20,20
12,4553,0.49995530445473024,7.180373040125001e-15,4.575258483059523e-05,0.49999894296043224,2,20,20
12,4554,0.4979970410216448,6.4490547090528e-08,0.0020039461330585134,0.49999894835474956,2,20,20
12,4555,0.49791066093768727,1.2778951979661843e-07,0.0020730472435741927,0.5000161640292188,2,20,20
12,4556,0.4763959943581065,2.3477251252432087e-07,0.0236031964944039,0.5000005743749769,2,20,20
12,4557,0.2665032538664279,4.069258759533817e-07,0.23346153573318754,0.5000348034745088,2,20,20
12,4558,0.26650325386870394,4.06925875985829e-07,0.23348087664148884,0.5000154625639314,2,20,20
12,4559,0.47947393577698066,2.48367131303198e-07,0.020607210254506344,0.49991860560138174,2,20,20
12,4560,0.0008355135510906184,6.036521870831493e-09,0.49915360980106316,0.5000108706113235,2,20,20
12,4561,3.77613620387271e-06,3.6169130419123815e-07,0.5000783812461658,0.499917480926326,2,20,20
12,4562,0.49196207512207574,2.505233733126092e-07,0.008066177471773815,0.4999714968827773,2,20,20
12,4563,0.018960385102875375,3.190856812600612e-05,0.48103356337291786,0.4999741429560811,2,20,20
12,4564,9.445624175705275e-08,8.907733264554883e-09,0.5033292674106388,0.49667062922538596,2,20,20
12,4565,0.3466375391815836,1.765726534914023e-07,0.15338369074814714,0.4999785934976158,2,20,20
12,4566,0.4749960321406467,0.0007853795687151697,0.024238802108152453,0.49997978618248584,2,20,20
12,4567,0.474996032140606,0.0007853795687142285,0.02421743017388926,0.5000011581167906,2,20,20
12,4568,0.4999301459546956,2.5386733479865178e-14,6.988887219016462e-05,0.4999999651730886,2,20,20
12,4569,0.001607756724552869,4.6667207586562666e-08,0.4983922314340481,0.4999999651741913,2,20,20
12,4570,2.2708494372017633e-06,3.0507627467855594e-06,0.49999471313632926,0.49999996525148654,2,20,20
12,4571,1.5954289951780962e-11,5.647230408166325e-08,0.49999997833591453,0.4999999651758272,2,20,20
12,4572,7.235222225153672e-10,1.943282190340901e-09,0.5000010546854776,0.4999989426477178,2,20,20
12,4573,3.115821721102041e-12,6.196440299197682e-06,0.49999486090889117,0.49999894264769323,2,20,20
12,4574,7.869715951093122e-16,5.650844816417241e-08,0.5000010008438578,0.4999989426476928,2,20,20
12,4575,0.019898410185738277,5.775738434200196e-07,0.4800992692950433,0.5000017429453746,2,20,20
12,4576,0.010213165000563879,9.44711783190234e-11,0.4897888519374549,0.4999979829675099,2,20,20
12,4577,0.2941136100257332,8.227138193981324e-13,0.20584777967550752,0.5000386102979368,2,20,20
12,4578,0.18716556673446147,5.013747094749236e-09,0.3128095750904065,0.5000248531613848,2,20,20
12,4579,0.4998209547822127,4.907872369723977e-14,0.0001805199766599172,0.4999985252410783,2,20,20
12,4580,0.019992303538185718,1.8800229295820023e-10,0.48000912082903624,0.49999857544477616,2,20,20
12,4581,0.010373138185036398,9.264524491148551e-11,0.48962833604593453,0.49999852567638375,2,20,20
12,4582,0.010373138185036223,9.264522868983182e-11,0.4896283107109366,0.4999985510113819,2,20,20
12,4583,0.28950567163511115,8.398105801615244e-06,0.20828626142945603,0.502199668829631,2,20,20
12,4584,0.4936861299377404,1.2728862456476653e-07,0.006395729696641803,0.49991801307699313,2,20,20
12,4585,0.4999278175980469,1.4741889732697154e-10,0.07819214787408621,0.4218800343804481,2,20,20
12,4586,0.4999278175980561,4.0938697568069044e-13,7.466726518715825e-05,0.49999751513634766,2,20,20
12,4587,0.34022244930046397,6.989812505981294e-08,0.15977038678740718,0.5000070940140039,2,20,20
12,4588,0.4244323442793146,5.4948192406596685e-08,0.07556865781274319,0.4999989429597499,2,20,20
12,4589,0.002693768436553022,0.001472976569568066,0.49589193303628026,0.49994132195759866,2,20,20
12,4590,0.0014575804453180958,3.7089384061096123e-10,0.4985429184367299,0.49999950074705796,2,20,20
12,4591,0.0014779458034043609,6.599888308771509e-12,0.49852209735247904,0.4999999568375163,2,20,20
12,4592,5.028140281117973e-05,2.0787972389612645e-08,0.4999496914668155,0.5000000063424005,2,20,20
12,4593,0.03662802600095321,2.70271252211071e-07,0.4632274286288161,0.5001442750989782,2,20,20
12,4594,0.036628026000953384,2.702712531516428e-07,0.4632284420351299,0.5001432616926638,2,20,20
12,4595,0.4509658931035717,1.024637315383838e-09,0.049036316734869016,0.4999977891369217,2,20,20
12,4596,0.45096589310357243,1.0276413442097808e-09,0.049055571557667606,0.49997853431111844,2,20,20
12,4597,0.4990229268810915,7.071747395303071e-13,0.0010065724502590575,0.4999705006679423,2,20,20
12,4598,0.07124725974393976,3.2090248708678623e-10,0.428750308158745,0.5000024317764117,2,20,20
12,4599,0.36324359571939746,2.6342930288021534e-06,0.09595591933235746,0.5407978506552162,2,20,20
12,4600,0.49994425177743634,3.976646911438251e-13,5.7892645610489474e-05,0.4999978555765554,2,20,20
12,4601,0.49994425177743546,3.4400296329293127e-13,5.576712206279517e-05,0.49999998110015764,2,20,20
12,4602,0.49897769338150566,2.3301091904487225e-11,0.0011058358121516032,0.4999164707830421,2,20,20
12,4603,0.34288256953678725,1.8367790681432182e-07,0.161779371826992,0.4953378749583139,2,20,20
12,4604,0.42456297719280134,9.48009838703971e-10,0.08010083942920926,0.49533618242997957,2,20,20
12,4605,0.4245629771928013,9.479557615606845e-10,0.07543908801932242,0.49999793383992064,2,20,20
12,4606,0.4245629771928107,9.480100044043744e-10,0.07858311993207336,0.4968539019271061,2,20,20
12,4607,0.42456297719284053,9.479557940092255e-10,0.07543742134192795,0.49999960051727593,2,20,20
12,4608,0.4996039557872021,2.8206165963619173e-12,0.0003960954464743676,0.4999999487635029,2,20,20
12,4609,0.4937336705407295,8.89524001075044e-09,0.006266701141681038,0.4999996194223495,2,20,20
12,4610,0.49616532830803023,3.5837073385098205e-06,0.0038137898686011838,0.5000172981160302,2,20,20
12,4611,0.4948015014405907,1.105129060302641e-09,0.0051828536036522595,0.5000156438506281,2,20,20
12,4612,0.49998311808461765,1.2630651015385377e-16,1.692599008373441e-05,0.49999995592529844,2,20,20
12,4613,0.4502060263775622,7.058915033701127e-11,0.04985252104948466,0.49994145250236377,2,20,20
12,4614,0.4256652379515181,1.725989958966116e-11,0.0743358195094714,0.49999894252175037,2,20,20
12,4615,0.4256652395845819,8.790336885353809e-09,0.13280510450513727,0.44152964711994375,2,20,20
12,4616,0.0044073443116192474,2.1701242035634697e-09,0.49559313142354255,0.4999995220947137,2,20,20
12,4617,0.015689009316565347,0.0003696679500333811,0.38348144216568275,0.6004598805677184,2,20,20
12,4618,3.866240682725912e-06,6.3945836959449e-09,0.4999961534186907,0.4999999739460427,2,20,20
12,4619,0.47429214019367055,1.4003702231618012e-05,0.025694217345433996,0.49999963875866366,2,20,20
12,4620,0.4742921401936706,1.4003702231602074e-05,0.025693879610447445,0.49999997649365024,2,20,20
12,4621,0.2912349126645048,1.4587289496304095e-07,0.20876430165108545,0.5000006398115149,2,20,20
12,4622,0.27108469564631693,1.7139061251535082e-10,0.2267408115753505,0.5021744926069419,2,20,20
12,4623,0.44153097467275887,2.3940299004053963e-05,0.05839072477668239,0.5000543602515549,2,20,20
12,4624,0.49988868130475245,3.02970651786367e-12,0.004775368465272086,0.4953359502269457,2,20,20
12,4625,0.49988868130474273,1.3807385375692572e-15,0.00011237617822159536,0.4999989425170343,2,20,20
12,4626,0.4998886813047433,3.0577393277489828e-12,0.00019425664302226547,0.49991706204917663,2,20,20
12,4627,0.29435004366287393,4.9164477579992157e-11,0.2057328947307076,0.49991706155725396,2,20,20
12,4628,0.012253610407114618,5.044070707329452e-12,0.48782929830257005,0.49991709128527045,2,20,20
12,4629,0.02127697163902422,1.570602908014593e-07,0.4788043384112365,0.49991853288944815,2,20,20
12,4630,0.4997743010987642,4.772530206725799e-16,0.00022574867298824693,0.4999999502282473,2,20,20
12,4631,0.3513301483845781,1.8512741388366032e-07,0.1487513915491372,0.4999182749388704,2,20,20
12,4632,0.4980299371443037,1.151686525713858e-09,0.001970100053209123,0.4999999616508005,2,20,20
12,4633,0.49995470683833754,7.125567492593118e-13,6.561315451419773e-05,0.49997968000643583,2,20,20
12,4634,0.014446277053864538,0.0002715214647704966,0.48396642853161564,0.5013157729497502,2,20,20
12,4635,0.4999432296860106,3.782056614811892e-12,0.004720824074943907,0.49533594623526356,2,20,20
12,4636,0.45140275296469434,5.849256536254646e-08,0.04859871333933911,0.49999847520340124,2,20,20
12,4637,0.49446712419712924,4.044969125052083e-11,0.005534104872845627,0.4999987708895757,2,20,20
12,4638,0.4999996444763371,9.491271300398034e-16,1.8899323457800195e-06,0.4999984655913165,2,20,20
12,4639,0.3634665439241257,1.4504976260320928e-11,0.13650838254063605,0.5000250735207334,2,20,20
12,4640,0.0010940472900327523,2.063513149793857e-05,0.4988836135376909,0.5000017040407788,2,20,20
12,4641,0.001094047290032749,2.063513149793801e-05,0.4988835639047748,0.5000017536736947,2,20,20
12,4642,0.0010940472900327523,2.0635131497954515e-05,0.4988850121160297,0.5000003054624399,2,20,20
12,4643,0.0010940472900327644,2.0635131551099696e-05,0.5035473798787792,0.4953379376996367,2,20,20
12,4644,0.31644606984294943,0.00013080953844844245,0.18453974830360173,0.49888337231500035,2,20,20
12,4645,0.4999721575247692,1.7391173113576114e-10,0.001144661999565622,0.4988831803017534,2,20,20
12,4646,0.4947131484354195,1.1439463755752537e-09,0.005269765299784452,0.5000170851208496,2,20,20
12,4647,0.28858990661740486,1.4814046517140604e-05,0.21147542309014844,0.49991985624592966,2,20,20
12,4648,0.27846967684427754,8.08045512793323e-06,0.221542526737113,0.49997971596348184,2,20,20
12,4649,0.19078530993149712,3.4675825198935445e-09,0.30768576666911157,0.5015289199318086,2,20,20
12,4650,0.48977420948447403,3.660488175903623e-06,0.01024776742013064,0.49997436260721945,2,20,20
12,4651,0.07112435442925887,1.1290049188058249e-11,0.4289343946766394,0.49994125088281155,2,20,20
12,4652,0.07033638542463463,2.8571757590282367e-12,0.42974617192236436,0.49991744265014365,2,20,20
12,4653,0.0367218430405903,2.663093935879921e-07,0.4633604907870675,0.49991739986294875,2,20,20
12,4654,1.6149381372443056e-05,5.269889172470724e-09,0.4953361997878347,0.5046476455609038,2,20,20
12,4655,1.5164785201067046e-05,1.984693396379426e-12,0.49998728973774326,0.49999754547507036,2,20,20
12,4656,0.37055915513506293,2.691717480961876e-13,0.12949963263402653,0.4999412122306415,2,20,20
12,4657,0.31789326865703815,8.093423530733906e-08,0.18216545313486088,0.4999411972738656,2,20,20
12,4658,0.49465275880798737,6.517699492682527e-08,0.006500074516872396,0.49884710149814554,2,20,20
12,4659,0.49995574594564374,3.5140281561303734e-13,0.00010348729074963171,0.49994076676325544,2,20,20
12,4660,2.2013780758758485e-05,3.193427486656179e-10,0.5000372191362316,0.4999407667636661,2,20,20
12,4661,0.0014330670458290629,9.65041544305925e-12,0.4985684076945899,0.4999985252499307,2,20,20
12,4662,0.4531085554001806,3.1695348352077746e-13,0.2217554994077729,0.32513594519172917,2,20,20
12,4663,0.4231722123902888,1.6873090650569977e-11,0.07682884463235759,0.49999894296048036,2,20,20
12,4664,0.49616023643805285,1.581877262343511e-10,0.003838578382275988,0.5000011850214836,2,20,20
12,4665,0.01197901391255928,6.3156599865143075e-09,0.48801934141102465,0.5000016383607562,2,20,20
12,4666,3.4174914783097736e-06,3.217942878134096e-07,0.49999625667052394,0.5000000040437089,2,20,20
12,4667,3.866141610755888e-06,1.161742234216364e-10,0.5000787330871133,0.4999174006551016,2,20,20
12,4668,3.866141571694603e-06,1.1617328549560038e-10,0.50005550144574,0.4999406322965152,2,20,20
12,4669,0.0002202904984692211,5.367781209399022e-14,0.49978219402141255,0.4999975154800639,2,20,20
12,4670,0.04195038847614197,1.7645266112497287e-05,0.45331899657517566,0.5047129696825698,2,20,20
12,4671,0.00021127062691285166,3.264267256840229e-07,0.5779066854621026,0.4218817174842589,2,20,20
12,4672,0.023129550846351606,1.7656443980249e-07,0.4042894212709538,0.5725808513182548,2,20,20
12,4673,0.023129550846343168,1.7656439376103972e-07,0.32617103175719436,0.6506992408320686,2,20,20
12,4674,0.023129550846344046,1.7656444739756952e-07,0.32625266492160226,0.650617607667606,2,20,20
12,4675,4.116683358614088e-14,3.057606211538811e-12,0.00012367298372497717,0.9998763270131763,2,20,20
12,4676,1.8661687687110345e-17,3.332785040449521e-17,2.4821589592831864e-06,0.9999975178410407,2,20,20
12,4677,4.083274408964288e-14,5.460031556584967e-14,2.9573338723878373e-05,0.9999704266611809,2,20,20
12,4678,7.008312504351669e-16,1.738072190967977e-17,1.0691379000702746e-06,0.9999989308620991,2,20,20
12,4679,3.217675128056065e-11,9.852936300017e-09,0.004123481804948465,0.9958765083099385,2,20,20
12,4680,2.7915181705474083e-19,5.998558456140617e-19,4.5058372214487865e-08,0.9999999549416277,2,20,20
12,4681,2.2867659344750817e-12,1.0822406754701857e-13,8.516805321334503e-05,0.9999148319443915,2,20,20
12,4682,2.788170818221858e-17,5.3662636488055305e-14,6.059660858397965e-05,0.9999394033913624,2,20,20
12,4683,7.133271832263333e-16,5.3662558593505386e-14,6.12760633394328e-05,0.9999387239366061,2,20,20
12,4684,8.882557450893223e-16,1.9153248027125105e-15,2.524939932851302e-06,0.9999974750600645,2,20,20
12,4685,6.5159410386668035e-15,3.5555617434719e-14,0.17462488304772025,0.8253751169522379,2,20,20
12,4686,1.0574856091952822e-15,1.8992442987790173e-15,8.405250143975479e-05,0.9999159474985574,2,20,20
12,4687,8.790386026670101e-16,1.899108826660884e-15,2.1146327586603914e-06,0.9999978853672389,2,20,20
12,4688,4.0118910768783194e-14,1.8991088180928093e-15,2.1207868699477225e-06,0.9999978792130885,2,20,20
12,4689,3.9946846164821647e-14,9.582445639643011e-16,8.364184305606487e-05,0.999916358156903,2,20,20
12,4690,1.8139944954186745e-16,3.360471176600202e-17,8.405330474586312e-05,0.9999159466952539,2,20,20
12,4691,5.638772871360895e-13,1.7266548348882465e-10,0.004677803917584741,0.995322195909186,2,20,20
12,4692,1.0537877866408337e-07,1.7429634316094737e-10,0.0002141152728537583,0.9997857791740714,2,20,20
12,4693,1.053787793554888e-07,1.773528390327135e-10,0.0002157860619589965,0.9997841083819089,2,20,20
12,4694,3.3470998339987984e-18,3.3322849801927365e-17,8.749781957159128e-08,0.9999999125021806,2,20,20
12,4695,4.994922329623204e-14,9.74433797263115e-16,8.825156822803447e-05,0.9999117484317211,2,20,20
12,4696,4.011776477297031e-14,5.365652857548107e-14,0.00014142747354169675,0.9998585725263647,2,20,20
12,4697,1.2891318157717656e-10,3.0374780956408206e-12,0.0034122221548390456,0.9965877777132104,2,20,20
12,4698,1.0654111480968043e-14,5.4342223018273044e-14,0.0022452969548314924,0.9977547030451035,2,20,20
12,4699,1.3970835845077224e-15,1.876615600560132e-15,0.0033302411125892754,0.9966697588874076,2,20,20
12,4700,4.081308670433531e-14,5.4594527131007105e-14,0.0033588588487908576,0.9966411411511138,2,20,20
12,4701,4.1831480050463924e-07,3.089672004182174e-12,0.007276540774762712,0.9927230409073473,2,20,20
12,4702,4.183147999849252e-07,3.0887534741305444e-12,0.008611367128213972,0.9913882145538975,2,20,20
12,4703,3.985765212517878e-14,5.3305480133253496e-14,0.007993198094864947,0.9920068019050419,2,20,20
12,4704,3.968413063105326e-14,5.332185848262651e-14,0.0033302204203343,0.9966697795795726,2,20,20
12,4705,7.3790695718546214e-09,9.916427859106315e-09,0.0012324356370244877,0.998767547067478,2,20,20
12,4706,2.4701799091714082e-17,1.7390792063777758e-17,2.499288160258592e-06,0.9999975007118398,2,20,20
12,4707,4.011043765219739e-14,3.0571519907507003e-12,0.00010873673828200129,0.9998912632586208,2,20,20
12,4708,5.640746788899518e-13,9.490441161598241e-16,0.004664065008086452,0.9953359349913484,2,20,20
12,4709,1.2947771879222855e-10,5.353844084260721e-14,0.0011539558973537414,0.998846043973115,2,20,20
12,4710,1.694826544650891e-19,5.998558494883472e-19,6.984824742242812e-08,0.9999999301517525,2,20,20
12,4711,3.1853843044996212e-18,1.682155290187564e-17,9.481863691194526e-08,0.9999999051813633,2,20,20
12,4712,5.638919719217115e-13,5.31789339609228e-14,0.0046650466982777385,0.9953349533011053,2,20,20
12,4713,3.51342280357299e-18,3.360238321606205e-17,2.064318085650162e-06,0.9999979356819146,2,20,20
12,4714,1.8448734758243517e-17,5.367850259837719e-14,3.516858242281998e-06,0.9999964831417041,2,20,20
12,4715,3.2227978798121044e-11,3.1443507183765843e-12,0.0033365327050129414,0.9966634672596149,2,20,20
12,4716,7.132515783932832e-16,3.360560239302285e-17,6.0182378431271685e-05,0.9999398176215681,2,20,20
12,4717,5.673707037216299e-13,5.444631928138151e-14,0.0016779406103381237,0.99832205938904,2,20,20
12,4718,5.675425787451158e-13,5.4429775151236435e-14,0.0017017277445472167,0.9982982722548307,2,20,20
12,4719,3.243883032682993e-11,3.1118855932310795e-12,8.547767412025325e-05,0.999914522290329,2,20,20
12,4720,3.995918250260957e-14,5.366257562555862e-14,2.5295040846790723e-06,0.9999974704958218,2,20,20
12,4721,3.9947103022618574e-14,5.367878336771012e-14,6.12758124498792e-05,0.9999387241874567,2,20,20
12,4722,3.5065336207249653e-16,3.361243299095634e-17,2.949533102088115e-06,0.9999970504668976,2,20,20
12,4723,8.791839595085445e-16,3.057311377142376e-12,8.530665981424069e-05,0.9999146933371277,2,20,20
12,4724,1.7568144517894843e-16,1.7111181071579593e-17,1.4936361632578756e-06,0.9999985063638366,2,20,20
12,4725,3.387515768059503e-14,2.625301573208308e-12,0.0781432527776319,0.9218567472197091,2,20,20
12,4726,2.2771123611731356e-12,3.0591929413417116e-12,8.529973600960958e-05,0.9999147002586543,2,20,20
12,4727,1.051174290425264e-15,5.461757566736118e-14,2.2356355206904228e-05,0.9999776436447374,2,20,20
12,4728,4.0644674286219804e-14,4.983934784210524e-17,1.4510851971361213e-06,0.9999985489147625,2,20,20
12,4729,5.692768406915734e-13,3.0581791791636073e-12,0.00017835604488365204,0.9998216439514889,2,20,20
12,4730,1.0453470351760235e-15,3.0374784011110384e-12,0.0034120317272903046,0.9965879682696712,2,20,20
12,4731,8.745752065462244e-16,9.357641293755993e-16,0.0033591308546821004,0.9966408691453159,2,20,20
12,4732,1.0685746590381358e-14,9.525550271371703e-16,0.0033297157325702766,0.9966702842674182,2,20,20
12,4733,4.994384181750649e-14,1.899470892639153e-15,5.933513313286194e-05,0.9999406648668154,2,20,20
12,4734,4.0655181609929724e-14,1.8988916184632915e-15,5.985330386765572e-05,0.9999401466960899,2,20,20
12,4735,7.989806871265968e-14,2.839753271241165e-15,5.987834695921085e-05,0.999940121652958,2,20,20
12,4736,3.995600497435041e-14,1.8988242868269995e-15,2.132225680697886e-06,0.9999978677742775,2,20,20
12,4737,7.010457489687933e-16,9.57963896360717e-16,5.550283166028169e-07,0.9999994449716818,2,20,20
12,4738,1.0596870498347195e-14,1.8903304093961637e-15,0.004664546345297094,0.9953354536546902,2,20,20
12,4739,7.161977066320023e-16,1.9153309696864666e-15,2.003415334482523e-06,0.9999979965846628,2,20,20
12,4740,7.131733837733714e-16,1.899104235483742e-15,2.0033036468100547e-06,0.9999979966963504,2,20,20
12,4741,1.7851770203088447e-16,5.367273316164736e-14,0.00014139912607982508,0.9998586008738661,2,20,20
12,4742,9.989236086293493e-15,5.3678783721928395e-14,8.507177359115359e-05,0.999914928226345,2,20,20
12,4743,1.8551545656332134e-17,3.360380201130535e-17,0.00011107427125885197,0.9998889257287408,2,20,20
12,4744,1.7866678288181212e-16,3.2020866188848833e-19,8.423774718158349e-05,0.9999157622528181,2,20,20
12,4745,1.879708523237647e-16,3.332801304263969e-17,2.5304187865411483e-06,0.9999974695812134,2,20,20
12,4746,7.13065815853671e-16,9.579626340447382e-16,2.0896628123674703e-06,0.9999979103371861,2,20,20
12,4747,1.2569425317216239e-17,3.332276990667157e-17,2.4816151237087692e-06,0.9999975183848764,2,20,20
12,4748,3.471549853976152e-11,3.1131459088423378e-12,0.00011377365784108622,0.9998862263043303,2,20,20
12,4749,3.243902722102414e-11,3.1118783115274885e-12,0.00016716155161706516,0.9998328384128322,2,20,20
12,4750,3.486450851749168e-11,6.941159228281406e-10,0.46515346214547526,0.5348465371255444,2,20,20
12,4751,3.3378873390033206e-05,5.520798562589984e-08,0.5000505264166049,0.4999160395020187,2,20,20
12,4752,5.6800916872081535e-14,9.74287415948845e-10,0.499999777785786,0.500000221239869,2,20,20
12,4753,3.685895498157891e-08,4.949890053995991e-08,0.45629499322947775,0.5437049204126666,2,20,20
12,4754,0.0016217279668184449,9.411601576736919e-08,0.49843696969547535,0.49994120822169036,2,20,20
12,4755,0.045557632322742916,1.1592528552873034e-08,0.4544438058319546,0.4999985502527738,2,20,20
12,4756,0.41569370180870424,9.450115801003834e-10,0.08437425057694749,0.49993204666933666,2,20,20
12,4757,0.4952569882614533,2.0486510820609083e-11,0.004825634956970303,0.49991737676108977,2,20,20
12,4758,0.4999547828320915,1.959027489336584e-11,0.003992329242105826,0.49605288790621255,2,20,20
12,4759,1.9295246227225416e-06,1.8190544901395852e-07,0.5039449851879018,0.49605290338202634,2,20,20
12,4760,0.00022729554994632006,1.0812443101736844e-10,0.4997913170814175,0.49998138726051156,2,20,20
12,4761,0.04493284189483981,5.720354946177133e-09,0.45506862646915114,0.49999852591565397,2,20,20
12,4762,0.00013358224541441463,9.690509701685429e-10,0.4998678913469082,0.4999985254386259,2,20,20
12,4763,8.829299572356758e-10,0.010013873849298015,0.489986146808411,0.499999978459361,2,20,20
12,4764,8.002387220412634e-08,8.595349167900689e-07,0.49999910440628104,0.49999995603492975,2,20,20
12,4765,0.01936008373000027,3.04463905950786e-05,0.4806045083583625,0.5000049615210413,2,20,20
12,4766,0.0007730699865016212,5.113811476135051e-07,0.27357022216465465,0.7256561964676965,2,20,20
12,4767,2.2617441461053707e-12,1.731296131458295e-10,0.0033431631401719735,0.9966568366844369,2,20,20
12,4768,2.2617441461053703e-12,1.7312961314582946e-10,0.0033431631401719753,0.9966568366844368,2,20,20
12,4769,9.984507295631151e-15,9.415875962625885e-16,8.262576787045718e-05,0.9999173742321187,2,20,20
12,4770,2.2765413245095957e-12,5.4597490308511894e-14,0.00011823184478786852,0.9998817681528812,2,20,20
12,4771,8.761323117209905e-16,5.367266963160763e-14,6.0471701692382216e-05,0.9999395282982535,2,20,20
12,4772,7.039963406031802e-16,3.0573113670808035e-12,8.486389765987596e-05,0.9999151360992825,2,20,20
12,4773,7.283084027593712e-16,3.0572951453489685e-12,0.00014264431185701838,0.9998573556850852,2,20,20
12,4774,1.0010708340752876e-14,9.420247952973694e-16,6.028835650835624e-05,0.9999397116434807,2,20,20
12,4775,3.715017370514918e-17,1.7385765086264087e-17,5.8856410137587467e-05,0.9999411435898624,2,20,20
12,4776,2.2868210552907154e-12,5.630885016949935e-14,0.0016479853799069722,0.99835201461775,2,20,20
12,4777,1.9653701156171673e-09,3.1451930457282988e-12,0.005090944938820698,0.9949090530926638,2,20,20
12,4778,1.9664871596723187e-09,3.0926793621828673e-12,0.008474444473306097,0.9915255535571141,2,20,20
12,4779,1.1272004529733481e-12,3.059523110100514e-12,0.005032082982875176,0.9949679170129384,2,20,20
12,4780,1.7848497575819153e-16,9.743533021792452e-16,6.026654763866024e-05,0.9999397334523604,2,20,20
12,4781,9.98776966081671e-15,3.0582521181335554e-12,0.00014262368301671933,0.9998573763139155,2,20,20
12,4782,9.984585011943548e-15,3.057294586339273e-12,8.388275433450044e-05,0.9999161172425983,2,20,20
12,4783,2.27154920133645e-12,1.8785617560329163e-15,0.001155042627844127,0.9988449573698823,2,20,20
12,4784,7.943368821830005e-14,1.7266550941596387e-10,0.008006471780562853,0.9919935280466924,2,20,20
12,4785,4.9729773888705045e-14,1.7266551579049943e-10,0.00467835119852226,0.9953216486287628,2,20,20
12,4786,4.073250961143114e-12,6.626988239562895e-08,0.4414881127673598,0.5585118209586846,2,20,20
12,4787,4.0517174110322795e-10,7.949576201586612e-05,0.47831814635663317,0.5216023574761791,2,20,20
12,4788,2.8778820136443447e-08,0.000125576057271945,0.4998761661301283,0.49999822903377955,2,20,20
12,4789,2.2467434961580798e-10,6.854224090103055e-08,0.43959470228550274,0.5604052289475818,2,20,20
12,4790,1.0150994986131663e-09,1.363729174162839e-09,0.4999813650831134,0.5000186325380578,2,20,20
12,4791,9.733810810410325e-10,0.013799579245932373,0.4862009392323282,0.4999994805483584,2,20,20
12,4792,8.878353500763832e-12,0.0001275177409491875,0.49995506067462825,0.4999174215755441,2,20,20
12,4793,2.4665241802245753e-09,0.0023332131792752836,0.500995968099908,0.4966708162542918,2,20,20
12,4794,2.466524341959624e-09,0.0023332133524030262,0.5010099212572955,0.49665686292377725,2,20,20
12,4795,8.731797741015083e-16,1.7312962965284355e-10,0.0033431808868538016,0.9966568189400159,2,20,20
12,4796,5.690020758820051e-13,4.982274222019741e-17,0.00017514496531921675,0.9998248550341118,2,20,20
12,4797,3.509727601682116e-18,1.7380751473220478e-17,1.075844149514098e-06,0.9999989241558507,2,20,20
12,4798,4.06562641447489e-14,3.0302415195917493e-12,0.004665584273934602,0.9953344157229947,2,20,20
12,4799,9.93214548087249e-15,1.0659388647484085e-13,0.0033302209414457946,0.9966697790584377,2,20,20
12,4800,3.994385571582712e-14,3.360766239608805e-17,2.0855969287714283e-06,0.999997914403031,2,20,20
12,4801,5.132586031116192e-14,5.4597923581914225e-14,7.445721060519539e-05,0.999925542789289,2,20,20
12,4802,3.244024123995143e-11,5.459508421960633e-14,0.00010563020862581957,0.9998943697588796,2,20,20
12,4803,2.277813069710066e-12,3.0582520900919925e-12,0.00010523888577947232,0.9998947611088846,2,20,20
12,4804,2.326330160648141e-12,6.116302631713194e-12,0.00019516138981036157,0.999804838601747,2,20,20
12,4805,2.2764269672423764e-12,3.0591767246841168e-12,8.529957679071606e-05,0.9999147004178739,2,20,20
12,4806,3.2348989533527264e-11,2.834574065064764e-15,0.0017091706259444298,0.998290829341704,2,20,20
12,4807,3.233953053995007e-11,3.758765319453907e-15,0.0017081076897413755,0.9982918922779156,2,20,20
12,4808,8.762275471156733e-16,4.9834190724067647e-17,1.119087670188097e-06,0.9999988809123288,2,20,20
12,4809,1.8490498557329325e-09,3.1118937479912364e-12,0.001240367938694232,0.9987596302091445,2,20,20
12,4810,3.4738435375995717e-14,2.5819155921150986e-12,0.07818461939036415,0.9218153806070193,2,20,20
12,4811,4.3836193062052307e-14,2.6336955531489908e-12,0.07812765737683726,0.9218723426204853,2,20,20
12,4812,3.385055513319777e-14,2.5800500183692254e-12,0.07812587045490597,0.9218741295424802,2,20,20
12,4813,1.568883947517683e-17,1.8985173721398148e-15,8.262206865687722e-05,0.9999173779313412,2,20,20
12,4814,2.7718017686360275e-17,1.8985173395203655e-15,8.36108466114495e-05,0.9999163891533867,2,20,20
12,4815,1.9059796861636403e-16,3.764080951198734e-15,0.000141370823428989,0.9998586291765672,2,20,20
12,4816,1.9104202663052666e-16,1.9150237712887414e-15,8.36193283741385e-05,0.9999163806716238,2,20,20
12,4817,4.012667417428042e-14,9.743060260387679e-16,0.00014258432260165466,0.9998574156773572,2,20,20
12,4818,3.9951718363315364e-14,5.4597391258148514e-14,5.93467445732381e-05,0.9999406532553323,2,20,20
12,4819,5.060114619095367e-14,3.104347228969819e-12,0.001222402319799698,0.9987775976770454,2,20,20
12,4820,2.1022988157322993e-15,1.7390708387955005e-17,3.116307240853243e-06,0.9999968836927572,2,20,20
12,4821,7.253579734227556e-16,1.6821522191197128e-17,3.1162969228851035e-06,0.9999968837030766,2,20,20
12,4822,5.690962682346463e-13,9.577666544601515e-16,0.00011332174681216702,0.9998866782526179,2,20,20
12,4823,2.277110963360111e-12,1.7426450349450627e-10,8.857624592834434e-05,0.9999114235775302,2,20,20
12,4824,2.2764225435825587e-12,1.7426450349448665e-10,0.00010783082367779873,0.9998921689997815,2,20,20
12,4825,5.673799149290582e-13,5.348940509344848e-14,0.001620190266291426,0.9983798097330878,2,20,20
12,4826,2.4808197280338865e-17,3.3320843117508965e-17,5.982394943358617e-05,0.9999401760505666,2,20,20
12,4827,2.269433974550468e-12,3.0488570278696045e-12,0.0016205857357067359,0.9983794142589753,2,20,20
12,4828,6.031165829393115e-13,9.742620977866827e-16,0.005323667923456174,0.9946763320759401,2,20,20
12,4829,8.792535121192714e-16,5.366257563475176e-14,2.5367236141703486e-06,0.9999974632763315,2,20,20
12,4830,3.471630912739347e-11,5.4611184720411143e-14,0.00014309090124719521,0.9998569090639818,2,20,20
12,4831,1.8713925614036584e-09,9.879142618690893e-09,0.0028877040036914743,0.9971122842457733,2,20,20
12,4832,1.5642957420738138e-17,9.579677321802742e-16,2.4903813684956846e-06,0.9999975096186307,2,20,20
12,4833,7.161378596968025e-16,1.7395685913559095e-17,3.5159024015217683e-06,0.9999964840975978,2,20,20
12,4834,1.416838212227784e-15,9.583857393466212e-16,8.465181594553886e-05,0.999915348184052,2,20,20
12,4835,9.007392276168684e-16,1.8829593611538115e-15,6.086931318200701e-05,0.9999391306868153,2,20,20
12,4836,3.508815368233989e-18,1.6821552902471163e-17,8.017648668413859e-08,0.9999999198235134,2,20,20
12,4837,1.5799038944739978e-17,5.3645500069838e-14,2.5206302572962655e-06,0.9999974793696892,2,20,20
12,4838,1.297616398519291e-10,5.458093554994811e-14,6.006301866124645e-05,0.9999399368515227,2,20,20
12,4839,2.255588232943495e-12,3.0833856537121513e-12,0.004722993740475272,0.9952770062541859,2,20,20
12,4840,3.005593768574777e-11,2.647867759620027e-12,0.06719204977752273,0.9328079501897736,2,20,20
12,4841,1.5637415650592685e-17,1.8826024791601245e-15,2.1140813535459045e-06,0.9999978859186447,2,20,20
12,4842,6.578524637296626e-18,1.882601707205424e-15,2.5241879749799118e-06,0.9999974758120234,2,20,20
12,4843,2.7931505109562197e-17,9.423151453006276e-16,2.1068997471983274e-06,0.9999978931002519,2,20,20
12,4844,1.297763087540607e-10,1.0823273666248005e-13,4.57997101421734e-06,0.9999954198991013,2,20,20
12,4845,1.3178635090059402e-10,1.5397014016310799e-10,0.05861722005864737,0.941382779655596,2,20,20
12,4846,1.394829131032384e-15,5.52707928769265e-14,0.13830664527829206,0.8616933547216514,2,20,20
12,4847,4.0820410907480934e-14,5.5535482948995954e-14,0.00011110918689234383,0.9998888908130116,2,20,20
12,4848,9.0571860638393e-14,2.856432680338544e-15,3.0081626374180316e-05,0.9999699183735329,2,20,20
12,4849,2.3114811198505386e-12,1.897169847170187e-15,0.0011823201363301947,0.9988176798613566,2,20,20
12,4850,2.2718899821395892e-12,9.40149157771332e-16,0.0011567051682677175,0.9988432948294593,2,20,20
12,4851,1.0431958427201672e-15,3.0829455492668584e-12,0.00466653414106134,0.9953334658558547,2,20,20
12,4852,1.9968786088483634e-14,9.583854547644481e-16,8.565095439149501e-05,0.9999143490455878,2,20,20
12,4853,1.9981025376130504e-14,9.418842045524294e-16,8.525135357863568e-05,0.9999147486464005,2,20,20
12,4854,7.012578267079551e-16,9.744654218537165e-16,1.431466797112884e-06,0.9999985685332013,2,20,20
12,4855,5.67530197474781e-13,9.71374135703664e-16,0.0016192020441707906,0.9983807979552608,2,20,20
12,4856,5.675301482166138e-13,9.55152438676065e-16,0.001619177380267453,0.9983808226191642,2,20,20
12,4857,9.954089438789821e-15,9.548687163288708e-16,0.0016190657646397231,0.9983809342353495,2,20,20
12,4858,8.71130940504172e-16,3.0302412307025635e-12,0.004665106799104472,0.9953348931978645,2,20,20
12,4859,8.886858246399436e-08,1.4694329171545176e-10,0.07846937937579467,0.9215305316086797,2,20,20
12,4860,4.063823442459107e-14,5.459467805256856e-14,8.364110188153829e-05,0.9999163588980234,2,20,20
12,4861,1.5711379475160055e-15,1.7312962965788865e-10,0.003344177609215755,0.9966558222176531,2,20,20
12,4862,4.901255209803415e-19,1.68215528776048e-17,6.24012002705889e-08,0.9999999375987999,2,20,20
12,4863,1.547879840980432e-17,9.582387185342617e-16,8.404568120278605e-05,0.9999159543187962,2,20,20
12,4864,1.9961667228843106e-16,1.896895371938428e-15,0.0011551661115032617,0.9988448338884948,2,20,20
12,4865,3.994398882749015e-14,9.582473040738651e-16,2.0953111923785352e-06,0.999997904688767,2,20,20
12,4866,2.255681892169013e-12,1.726673503106184e-10,0.0062963303848695236,0.9937036694402074,2,20,20
12,4867,3.2228659589257745e-11,3.1439940694793677e-12,0.00666323298441385,0.9933367669802132,2,20,20
12,4868,2.286770770383887e-12,5.459511525673423e-14,8.415281406565575e-05,0.9999158471835929,2,20,20
12,4869,9.987630162338964e-15,5.3637753161627413e-14,8.407498057152656e-05,0.9999159250193649,2,20,20
12,4870,8.793520448594597e-16,5.366257071600851e-14,3.959094024507481e-06,0.999996040905921,2,20,20
12,4871,1.908541966354294e-16,1.8830224659909946e-15,8.405454184639515e-05,0.9999159454581514,2,20,20
12,4872,2.255562976993792e-12,1.727231376404086e-10,0.004723188813929334,0.9952768110110919,2,20,20
12,4873,6.96375356849455e-16,9.354744867691994e-16,0.003329209950007019,0.9966707900499913,2,20,20
12,4874,7.038605458591177e-16,9.416942614410583e-16,2.854182415402051e-05,0.9999714581758443,2,20,20
12,4875,7.071487583639558e-16,9.419838480482763e-16,2.9041318786227422e-05,0.9999709586812121,2,20,20
12,4876,1.0689707765941518e-14,1.8990563808993823e-15,3.0008248259850128e-05,0.9999699917517275,2,20,20
12,4877,2.2767994597420904e-12,9.744736612823602e-16,1.7716530898899795e-06,0.9999982283446326,2,20,20
12,4878,2.2768176304403493e-12,1.007201835505648e-15,1.473064284709839e-06,0.9999985269334376,2,20,20
12,4879,4.1079654042404126e-13,1.1647860207230815e-10,0.17468920528292234,0.8253107946001883,2,20,20
12,4880,3.7085805929238936e-13,1.1342119760755075e-10,0.17468753399088227,0.8253124658953258,2,20,20
12,4881,4.106022760898275e-13,1.1645046437821648e-10,0.1792927924437064,0.8207072074394326,2,20,20
12,4882,2.0001930405564608e-16,3.057295160442261e-12,8.385712623129939e-05,0.9999161428707114,2,20,20
12,4883,1.5850423274936006e-17,5.367018261396253e-14,0.00014139131160252055,0.9998586086883439,2,20,20
12,4884,2.2872091787548384e-12,3.1113301827028633e-12,8.117976784249154e-05,0.9999188202267593,2,20,20
12,4885,1.8155445211318565e-16,3.361240638537731e-17,2.8589348931283376e-05,0.9999714106510685,2,20,20
12,4886,5.698294206764041e-13,5.367026030701237e-14,0.003411794046101728,0.9965882059532749,2,20,20
12,4887,1.412210585940218e-15,2.8112196581828092e-15,0.003330240915919931,0.9966697590840761,2,20,20
12,4888,4.064448218699909e-14,9.744691362696487e-16,1.5935941053332318e-06,0.9999984064058531,2,20,20
12,4889,5.041507875288385e-14,1.7354413495489034e-10,0.0021577555940203975,0.9978422442323853,2,20,20
12,4890,3.2494900857464975e-11,5.554534221099859e-14,4.940595654252919e-06,0.9999950593717952,2,20,20
12,4891,1.0013842348831152e-14,9.747630127862182e-16,1.5258187856545476e-06,0.9999984741812032,2,20,20
12,4892,1.0177880227341479e-14,9.58379428931472e-16,0.004665486160935667,0.9953345138390532,2,20,20
12,4893,1.287520344144778e-10,9.509742779483451e-16,0.0039471383569563675,0.9960528615142906,2,20,20
12,4894,1.2932122206170767e-10,1.9083103168441103e-15,0.003967436550667496,0.9960325633200094,2,20,20
12,4895,4.063796841699328e-14,1.0823992580581673e-13,8.440568972808381e-05,0.9999155943101232,2,20,20
12,4896,5.738598946808023e-13,1.7266455885292375e-10,0.004679236215838247,0.9953207636109234,2,20,20
12,4897,1.563933083034002e-17,1.7390815438759538e-17,4.08283816765075e-07,0.9999995917161832,2,20,20
12,4898,7.096576887715791e-16,5.409452910630426e-14,0.004664336104831598,0.9953356638951136,2,20,20
12,4899,2.5995607996543248e-14,2.024787764926127e-12,0.17462347979058662,0.8253765202073625,2,20,20
12,4900,7.008250402461384e-16,9.57961848296366e-16,1.4936466899287056e-06,0.9999985063533086,2,20,20
12,4901,2.277396834485884e-12,9.906887774103327e-16,2.287452676126482e-05,0.9999771254709605,2,20,20
12,4902,9.999870239695036e-15,9.583785338177344e-16,8.364756500449463e-05,0.9999163524349848,2,20,20
12,4903,2.2766991492669937e-12,6.604971362674439e-17,2.2439508998987652e-05,0.9999775604887242,2,20,20
12,4904,2.2768716910428016e-12,6.605488113610618e-17,2.244786206415067e-05,0.9999775521356589,2,20,20
12,4905,8.762115485549463e-16,5.459738082268785e-14,5.9883868723212265e-05,0.9999401161312218,2,20,20
12,4906,7.744695109670296e-15,1.2610988296704883e-10,0.13823066539305617,0.8617693344808265,2,20,20
12,4907,7.919863264926852e-15,1.291673036494872e-10,0.1382910841249605,0.8617089157458642,2,20,20
12,4908,7.039789817468307e-16,1.8822134346516647e-15,6.025929034533194e-05,0.9999397407096521,2,20,20
12,4909,1.1386117711163725e-14,3.057328168237657e-12,8.454467422501964e-05,0.9999154553227063,2,20,20
12,4910,1.9985619052339178e-14,1.8988071453800806e-15,8.406822840472322e-05,0.9999159317715736,2,20,20
12,4911,9.594935745142199e-08,5.154522245439554e-07,0.04496096640369125,0.9550384221947267,2,20,20
12,4912,9.594931750506965e-08,5.154522245277361e-07,0.04488173938354839,0.9551176492149094,2,20,20
12,4913,9.594931769246645e-08,5.154522781805353e-07,0.04496430013346467,0.9550350884649392,2,20,20
12,4914,2.272854859407107e-12,1.895851031038994e-15,0.0011740361875535283,0.9988259638101721,2,20,20
12,4915,1.294710167207479e-10,9.911321407415798e-09,0.001182798980404964,0.998817190978803,2,20,20
12,4916,8.792207947146542e-16,1.742780086539653e-10,4.882725813605641e-05,0.9999511725675853,2,20,20
12,4917,4.030755065160939e-14,1.0824583098530664e-13,3.0485693230097435e-05,0.9999695143066216,2,20,20
12,4918,3.3480062655667597e-18,9.417409671443452e-16,1.0832315099446206e-06,0.9999989167684892,2,20,20
12,4919,3.536184996385536e-16,9.585291866561432e-16,8.422374826835668e-05,0.9999157762517303,2,20,20
12,4920,3.7236560675612274e-07,1.539257858443283e-10,0.05959174012117386,0.9404078873592938,2,20,20
12,4921,3.723656454752221e-07,1.5397850676989055e-10,0.05845975078181716,0.941539876698559,2,20,20
12,4922,1.7568057282642524e-16,9.90681747422973e-16,5.984876410356586e-05,0.9999401512358954,2,20,20
12,4923,1.905677378372966e-16,1.915330492274121e-15,2.1146743729892397e-06,0.9999978853256251,2,20,20
12,4924,2.7719397389895523e-17,1.915174349739256e-15,8.363561682194856e-05,0.9999163643831762,2,20,20
12,4925,3.970239506253849e-14,5.4246342187547766e-14,0.0034117664049953234,0.9965882335949104,2,20,20
12,4926,4.9637984788326676e-14,3.0824464724503354e-12,0.0046639489669159356,0.995336051029952,2,20,20
12,4927,1.8760072874496569e-16,9.582465989975784e-16,3.4164310001622096e-06,0.9999965835689987,2,20,20
12,4928,1.7552321552544023e-16,3.360750952304815e-17,3.3985916388208485e-06,0.9999966014083609,2,20,20
12,4929,1.2356699592318812e-17,8.794557509996107e-19,6.283144851732389e-08,0.9999999371685515,2,20,20
12,4930,3.991883108300523e-14,1.7266550714216718e-10,0.004677354312662709,0.9953226455146319,2,20,20
12,4931,3.969206782720181e-14,1.731305700802619e-10,0.0034257153460605125,0.9965742844807692,2,20,20
12,4932,7.130005631183811e-16,2.8395022200655706e-15,0.00016515722597577225,0.9998348427740209,2,20,20
12,4933,4.983660263280598e-14,1.0682369167813297e-13,0.004666305689051171,0.9953336943107921,2,20,20
12,4934,7.988336917996192e-14,1.7431815075062658e-10,9.000351909496494e-05,0.9999099963065072,2,20,20
12,4935,3.994211923161114e-14,5.364029458413096e-14,5.887211095486231e-05,0.9999411278889518,2,20,20
12,4936,3.993915258817879e-14,5.363973538436995e-14,5.887180445997609e-05,0.9999411281954466,2,20,20
12,4937,2.2616479368764445e-12,3.0384036139751713e-12,0.0033579301783320534,0.9966420698163679,2,20,20
12,4938,5.645166042341574e-13,9.852883102285321e-09,0.004123481429087561,0.9958765087174648,2,20,20
12,4939,3.400885239820007e-18,4.9818695640134286e-17,8.262201821482324e-05,0.9999173779817853,2,20,20
12,4940,2.261809857036849e-12,3.037462459291991e-12,0.0033309029969590897,0.9966690969977415,2,20,20
12,4941,1.2185593708306585e-10,9.328405050130711e-09,0.030602026675232794,0.9693979638745063,2,20,20
12,4942,6.416757910578749e-18,9.41460595088388e-16,2.9415987453578646e-06,0.9999970584012537,2,20,20
12,4943,1.2856317655641844e-10,1.727185904116022e-10,0.004678904557793726,0.9953210951409246,2,20,20
12,4944,6.367500025660325e-18,9.576822465216598e-16,2.916884391648859e-06,0.9999970831156074,2,20,20
12,4945,9.987791877452145e-15,5.457861390250294e-14,8.406767420373638e-05,0.9999159323257318,2,20,20
12,4946,1.56362299543472e-17,1.8986672310615723e-15,8.404556967573925e-05,0.9999159544303224,2,20,20
12,4947,6.444542897136412e-13,1.806262481955024e-15,0.058237964992011,0.9417620350073429,2,20,20
12,4948,4.0644530106429815e-14,1.9153249325544965e-15,2.5486143468809026e-06,0.9999974513856107,2,20,20
12,4949,7.145474418619747e-16,3.356884419306231e-17,0.0011537611600126328,0.9988462388399867,2,20,20
12,4950,1.5376278045182343e-17,3.33228171824785e-17,1.076275774143877e-06,0.9999989237242259,2,20,20
12,4951,7.132182890995378e-16,1.8828697632376384e-15,8.260403638618693e-05,0.9999173959636113,2,20,20
12,4952,1.878175439375632e-16,9.423195204271222e-16,1.505926614381451e-06,0.9999984940733847,2,20,20
12,4953,1.878175434414878e-16,9.582567138318967e-16,1.5256674173816946e-06,0.9999984743325816,2,20,20
12,4954,8.882288401379576e-16,9.417453093030458e-16,6.14781105740651e-05,0.9999385218894242,2,20,20
12,4955,4.065229062629212e-14,9.416372021857535e-16,0.00011880042373001001,0.9998811995762285,2,20,20
12,4956,4.817319647711345e-13,9.880077292075455e-14,0.07927390571357767,0.9207260942858421,2,20,20
12,4957,8.740002776844981e-16,5.352252990683928e-14,0.0011538953672892026,0.9988461046326567,2,20,20
12,4958,1.577915417277484e-15,5.446356739400589e-14,0.0012126613248376404,0.9987873386751065,2,20,20
12,4959,9.972052711937881e-15,5.442693553572769e-14,0.0017016255432810593,0.9982983744566544,2,20,20
12,4960,7.041392913830436e-16,5.3660650108008827e-14,0.00010289063852526874,0.9998971093614206,2,20,20
12,4961,1.3980638820348038e-15,5.595971853119674e-14,0.00474640483778087,0.9952535951621619,2,20,20
12,4962,1.4047635448610943e-15,1.8825852293085253e-15,8.263224226343217e-05,0.9999173677577333,2,20,20
12,4963,1.0697538499377386e-14,3.057295164609049e-12,8.387702370358983e-05,0.9999161229732284,2,20,20
12,4964,4.0378801805281407e-14,3.03744607996989e-12,0.0033294702375028587,0.9966705297594193,2,20,20
12,4965,7.13390248970362e-16,9.423212427327809e-16,8.928556263594219e-07,0.999999107144372,2,20,20
12,4966,1.8177471980313735e-16,3.361757442847691e-17,2.8589350851705514e-05,0.999971410649148,2,20,20
12,4967,9.98941217412539e-15,1.882886374760281e-15,2.5329787369827764e-06,0.9999974670212513,2,20,20
12,4968,1.6478899927385636e-12,2.2131790871479324e-12,0.1383067474383614,0.8616932525577778,2,20,20
12,4969,6.420360952403365e-18,9.58085995233171e-16,0.00016515696267205426,0.999834843037327,2,20,20
12,4970,1.815823357872772e-16,4.9816097528536404e-17,0.00016515722958729845,0.9998348427704127,2,20,20
12,4971,1.9381757083738015e-16,5.367273256401041e-14,0.00014139927246448333,0.9998586007274818,2,20,20
12,4972,2.771403345990748e-17,5.458115518501616e-14,6.028772407997023e-05,0.9999397122758655,2,20,20
12,4973,1.9053361365209881e-16,5.4580722910157914e-14,0.00014139949636175485,0.9998586005035837,2,20,20
12,4974,2.2767005581611086e-12,5.4596950590017964e-14,0.00014142065802731348,0.9998585793396414,2,20,20
12,4975,2.286571025084858e-12,3.0582517973553845e-12,0.00016641094553438495,0.9998335890491209,2,20,20
12,4976,2.2872840757645417e-12,3.057344105780119e-12,0.00010412555102110087,0.9998958744436344,2,20,20
12,4977,2.2764157884504084e-12,3.110937038395414e-12,8.297883443177445e-05,0.9999170211601809,2,20,20
12,4978,7.043005053042153e-16,3.057461438699817e-12,5.932291685782455e-05,0.9999406770800842,2,20,20
12,4979,3.995654384695977e-14,1.89912656787128e-15,1.7800009276754296e-06,0.9999982199990308,2,20,20
12,4980,7.04113876608497e-16,9.582523244985995e-16,1.5583730218099662e-06,0.9999984416269767,2,20,20
12,4981,7.996837893074147e-15,2.286309596698991e-12,0.13260406528976154,0.8673959347079444,2,20,20
12,4982,2.787857107020346e-17,4.9829249499679645e-17,1.076385959003566e-06,0.9999989236140411,2,20,20
12,4983,6.090602583502416e-13,3.1109706962013e-12,0.00010571650502992982,0.9998942834912503,2,20,20
12,4984,2.276411868243642e-12,3.0582520806129752e-12,8.486428440385697e-05,0.9999151357102616,2,20,20
12,4985,1.9983256047486657e-14,5.461378551337712e-14,5.922805108046111e-05,0.9999407719488451,2,20,20
12,4986,9.99855001865907e-15,3.361758391299837e-17,4.3314654969835665e-07,0.9999995668534404,2,20,20
12,4987,1.7568038021382046e-16,9.744593110980289e-16,6.025886825694685e-05,0.9999397411317419,2,20,20
12,4988,7.58631533235946e-19,4.982023340402863e-17,5.982328842599719e-05,0.9999401767115741,2,20,20
12,4989,1.564581310513692e-17,3.360748248038065e-17,1.5505388113388584e-06,0.9999984494611887,2,20,20
12,4990,1.0682450503700148e-14,1.892837425199573e-15,0.00333024958944868,0.9966697504105391,2,20,20
12,4991,6.058194471904579e-14,5.357376756554538e-14,0.00579873036458103,0.9942012696353046,2,20,20
12,4992,4.533130452354313e-12,6.088153513434301e-12,0.0044930028556298945,0.9955069971337488,2,20,20
12,4993,2.2616448967364195e-12,3.038403420058512e-12,0.003330884088263341,0.9966691159064367,2,20,20
12,4994,4.53191833635158e-12,1.7607537058064644e-10,0.006935684930720441,0.9930643148886721,2,20,20
12,4995,2.270286115927022e-12,1.7303794162388391e-10,0.003607705691441926,0.9963922941332499,2,20,20
12,4996,2.270473321710293e-12,1.730388662171281e-10,0.003634772454134109,0.9963652273705567,2,20,20
12,4997,2.270286115063604e-12,1.7303794134433127e-10,0.0036062999193763987,0.9963936999053156,2,20,20
12,4998,3.558979969492319e-18,9.579626641763417e-16,1.1005743380007305e-06,0.9999988994256612,2,20,20
12,4999,1.5637356606899605e-17,1.8828813062717827e-15,2.524185764869192e-06,0.9999974758142331,2,20,20
12,5000,1.0689006602025407e-14,5.368642207643897e-14,0.00013959068078482967,0.9998604093191509,2,20,20
12,5001,3.2141679903167044e-11,3.029299954023768e-12,0.004665178056038996,0.9953348219087902,2,20,20
12,5002,4.012964093995057e-14,3.0583791780233715e-12,8.077596169991093e-05,0.9999192240352015,2,20,20
12,5003,2.2769635877349254e-12,5.459484003572128e-14,8.441257474113567e-05,0.9999155874229274,2,20,20
12,5004,2.2768005043478572e-12,9.747572400061095e-16,1.8563745355830208e-06,0.999998143623187,2,20,20
12,5005,3.3511373639706143e-18,9.418670715438767e-16,8.259742032621963e-05,0.9999174025796729,2,20,20
12,5006,7.043252158164814e-16,9.580988084971473e-16,8.361669666151248e-05,0.9999163833033367,2,20,20
12,5007,7.049625345436313e-16,5.441072171571746e-14,0.0016195709763976453,0.9983804290235472,2,20,20
12,5008,3.99470001999752e-14,9.58255867390809e-16,2.332251648909658e-06,0.9999976677483102,2,20,20
12,5009,3.24404645234873e-11,5.458071205485417e-14,5.9405101607565445e-05,0.9999405948658975,2,20,20
12,5010,3.321107368289331e-19,1.71011195164083e-17,1.0581950841755832e-06,0.9999989418049158,2,20,20
12,5011,1.7335275430553063e-09,9.312733811246998e-09,0.031308148653313314,0.9686918403004254,2,20,20
12,5012,7.042749183123095e-16,9.582464907150714e-16,2.5650422292054874e-06,0.9999974349577696,2,20,20
12,5013,1.2730301063927718e-17,1.1590544542832408e-18,1.0685206065159348e-06,0.9999989314793937,2,20,20
12,5014,3.6314064150319324e-16,9.905852725629216e-16,6.02821207478258e-05,0.9999397178792512,2,20,20
12,5015,2.772051997265197e-17,4.954958941955263e-17,2.4820747439499397e-06,0.9999975179252563,2,20,20
12,5016,1.0510542530141772e-15,5.4613531145627146e-14,6.0497177369950874e-05,0.9999395028225747,2,20,20
12,5017,4.0553840713279035e-14,5.459076508099047e-14,0.0033888105449690594,0.9966111894549361,2,20,20
12,5018,1.4015052798657789e-15,5.459709727370186e-14,6.0288043311021906e-05,0.9999397119566331,2,20,20
12,5019,7.038409418529158e-16,9.582414481893093e-16,1.5186168302113822e-06,0.9999984813831682,2,20,20
12,5020,1.7845319989155402e-16,5.3637463548381986e-14,8.265119689742847e-05,0.9999173488030485,2,20,20
12,5021,1.844077193464092e-09,5.446494033613103e-14,0.0015017914586998662,0.9984982066971686,2,20,20
12,5022,1.844077024401847e-09,5.446523271969486e-14,0.0014197106485530789,0.9985802875073155,2,20,20
12,5023,3.2438875793228664e-11,3.058236550051146e-12,8.389287192296028e-05,0.9999161070925798,2,20,20
12,5024,5.791743734138225e-13,5.458507221790533e-14,3.008330920406576e-05,0.9999699166901622,2,20,20
12,5025,3.609118238556931e-14,4.836692413878389e-14,0.05985499147665686,0.9401450085232588,2,20,20
12,5026,5.968698465757263e-19,4.9818662386605715e-17,8.361005830748419e-05,0.9999163899416922,2,20,20
12,5027,7.509469301481957e-09,6.209183967231002e-12,0.0012491809691110773,0.9987508115152105,2,20,20
12,5028,1.0004228529463299e-14,1.0730490826326208e-13,3.149914161143592e-05,0.9999685008582715,2,20,20
12,5029,3.244237029594342e-11,5.5527683392006465e-14,3.253658481064269e-05,0.9999674633826917,2,20,20
12,5030,1.2973742900698644e-10,1.7429496268479528e-10,0.00015652268114047036,0.9998434770148275,2,20,20
12,5031,7.161345773648412e-16,5.4586920783496635e-14,3.541771344369516e-06,0.9999964582286006,2,20,20
12,5032,1.0161098288793039e-14,9.744632272233229e-16,2.9673794168743456e-06,0.9999970326205722,2,20,20
12,5033,1.0161101272112451e-14,1.9153247529936566e-15,2.550094867574389e-06,0.9999974499051206,2,20,20
12,5034,1.0510999583995113e-15,5.554199691697193e-14,8.060515587646391e-05,0.9999193948440671,2,20,20
12,5035,1.579699733205816e-15,1.0731329938695005e-13,0.00010441290676646719,0.9998955870931246,2,20,20
12,5036,3.9940389201844935e-14,3.0573275862684336e-12,8.52812036300322e-05,0.9999147187932726,2,20,20
12,5037,4.9925310650453657e-14,3.1118912567562803e-12,0.00014266385481677058,0.9998573361420213,2,20,20
12,5038,1.3171557634996946e-10,3.1062097358615977e-12,0.0013787449198542918,0.9986212549453242,2,20,20
12,5039,1.0171966280356379e-14,3.0582362957424234e-12,8.536475915382843e-05,0.9999146352377779,2,20,20
12,5040,7.149419107159507e-16,3.0507518152468555e-12,0.0011547750043888032,0.9988452249925599,2,20,20
12,5041,4.118404986597483e-13,1.2614894118068217e-10,0.13823167928054414,0.8617683205928952,2,20,20
12,5042,4.1184028677961283e-13,1.261480165408678e-10,0.13823066620402572,0.8617693336694146,2,20,20
12,5043,3.244239333027068e-11,3.059506038985674e-12,8.886873120982147e-05,0.9999111312332885,2,20,20
12,5044,1.8492780892040891e-09,1.7277184513453406e-10,0.00470076975019323,0.9952992282277567,2,20,20
12,5045,1.8492387035595752e-09,1.0822845646618718e-13,2.529188729373127e-05,0.9999747062633593,2,20,20
12,5046,4.0644480848454644e-14,2.8399640126561978e-15,2.548570312835679e-06,0.9999974514296437,2,20,20
12,5047,7.131248504848389e-16,4.954968416055191e-17,1.0939318194313006e-06,0.9999989060681798,2,20,20
12,5048,9.984525544759985e-15,1.7378102941436512e-17,8.42276061357766e-05,0.9999157723938543,2,20,20
12,5049,1.7531154473091693e-16,1.7390780125596183e-17,1.5009572316876712e-06,0.9999984990427682,2,20,20
12,5050,3.214151513901335e-11,1.7572275189159098e-10,0.004761213137618717,0.9952387866545173,2,20,20
12,5051,4.0384753519395105e-14,6.094740339039764e-12,0.0034132571547774095,0.9965867428390875,2,20,20
12,5052,1.2623437092428864e-17,1.7106233246046937e-17,7.018030376654601e-08,0.9999999298196965,2,20,20
12,5053,1.9210563049951218e-12,5.16007456906891e-12,0.07812295302691656,0.9218770469660021,2,20,20
12,5054,1.0469792830928347e-07,1.0040727983775802e-08,0.003385858715380534,0.9966140265459631,2,20,20
12,5055,3.99439051709965e-14,9.582456276854369e-16,3.5243802184824874e-06,0.9999964756197408,2,20,20
12,5056,8.794654066110814e-16,9.741938209757914e-16,1.5121738104206416e-06,0.9999984878261878,2,20,20
12,5057,1.0874183608640147e-14,1.7424227496339582e-10,0.0001555140640947431,0.9998444857616524,2,20,20
12,5058,8.946167771238833e-16,9.90979119361914e-16,2.1763046931672458e-05,0.9999782369530665,2,20,20
12,5059,1.8773674092968009e-16,3.057454284854837e-12,6.149457409258688e-05,0.9999385054228498,2,20,20
12,5060,3.2437431492303104e-11,5.4592122303943033e-14,0.00011418077894849355,0.9998858191885596,2,20,20
12,5061,3.243725671308682e-11,1.0917200279932674e-13,0.00017008037893410057,0.9998299195885196,2,20,20
12,5062,1.8800838297441722e-16,5.458134411491395e-14,5.8833044182569527e-05,0.9999411669557627,2,20,20
12,5063,1.9973442170085386e-14,3.052648112755838e-12,0.0011740419630689868,0.9988259580338583,2,20,20
12,5064,7.373322459115021e-09,1.7373095347790808e-10,0.0016208357251722406,0.9983791567277746,2,20,20
12,5065,7.373332378230932e-09,1.7676931703313545e-10,0.004950228575271825,0.9950497638746266,2,20,20
12,5066,4.959763692203166e-14,3.0393152631669064e-12,0.0066587961270295985,0.9933412038698817,2,20,20
12,5067,1.9905779131530928e-14,3.0402626723600395e-12,0.003330984857734079,0.9966690151392058,2,20,20
12,5068,3.244727348112696e-11,3.165025106163349e-12,0.0034365019976550547,0.9965634979667326,2,20,20
12,5069,3.50727649896005e-18,9.418670715356834e-16,8.26044889506149e-05,0.9999173955110484,2,20,20
12,5070,5.697848900643588e-13,1.7426000157991314e-10,0.0001856706926836827,0.9998143291324866,2,20,20
12,5071,1.8662011981220434e-17,5.4587124781017884e-14,8.438339510471257e-05,0.9999156166048406,2,20,20
12,5072,2.8467519199772685e-12,2.856552454000163e-15,0.00010347738973000303,0.9998965226074206,2,20,20
12,5073,7.162476844561143e-16,1.7680414342831612e-17,7.992907720214202e-08,0.9999999200709221,2,20,20
12,5074,1.7546853387394396e-16,9.58241460885601e-16,2.4995905518036503e-06,0.999997500409447,2,20,20
12,5075,1.7547359528285681e-16,1.7670409615016643e-17,5.375069438010298e-07,0.9999994624930562,2,20,20
12,5076,7.037844543463896e-16,3.0572951454169726e-12,8.385088717772657e-05,0.9999161491097643,2,20,20
12,5077,7.866898145605763e-16,1.5399456024647625e-10,0.058237024323454165,0.9417629755225505,2,20,20
12,5078,1.8775983538975226e-16,9.74468293968387e-16,2.5000494572674997e-06,0.9999974999505419,2,20,20
12,5079,1.78542075097925e-16,9.423143755492057e-16,1.5188545112096102e-06,0.9999984811454878,2,20,20
12,5080,2.2773932293968326e-12,3.083884634087593e-12,0.00468548186869417,0.9953145181259446,2,20,20
12,5081,8.913458455348188e-16,9.582205296690755e-16,2.1770350668904162e-05,0.9999782296493293,2,20,20
12,5082,1.5890361801373781e-15,5.460367994528396e-14,2.278032252455357e-05,0.9999772196774194,2,20,20
12,5083,1.063439247949003e-15,5.3679076658315804e-14,8.556573123921143e-05,0.9999144342687062,2,20,20
12,5084,1.0664639893259738e-15,9.747624525337077e-16,8.461540953776705e-05,0.9999153845904604,2,20,20
12,5085,8.790379312680963e-16,1.89910784255425e-15,2.5915837487751468e-06,0.9999974084162487,2,20,20
12,5086,2.276590158294814e-12,1.0823159688235753e-13,8.41619417344345e-05,0.9999158380558809,2,20,20
12,5087,1.3032448579421655e-10,5.4610903607945226e-14,0.00016676629544960838,0.9998332335741714,2,20,20
12,5088,2.7663654250495622e-17,5.367850257082481e-14,3.93402905926264e-06,0.9999960659708871,2,20,20
12,5089,5.781728503925871e-14,5.4338390180422875e-14,0.13823166405167153,0.8617683359482167,2,20,20
12,5090,7.010965361325907e-16,3.3602625112896795e-17,1.5110519024724693e-06,0.9999984889480968,2,20,20
12,5091,3.994478537374192e-14,3.0576437500111775e-12,2.9582155501212888e-05,0.9999704178414013,2,20,20
12,5092,4.011706131011906e-14,3.058600538771228e-12,3.0596736718454555e-05,0.9999694032601829,2,20,20
12,5093,3.994451954311308e-14,3.0576758987615107e-12,3.0563325385282925e-05,0.9999694366715173,2,20,20
12,5094,1.5379973247073235e-17,4.954444892531958e-17,2.064749710279945e-06,0.9999979352502898,2,20,20
12,5095,2.4597740110517942e-17,3.304318466630542e-17,2.06462101275396e-06,0.9999979353789875,2,20,20
12,5096,1.4049894567732742e-15,1.7969998347710292e-17,1.1083284908703669e-07,0.9999998891671495,2,20,20
12,5097,1.136496647786556e-14,3.0516913557938802e-12,0.0011537808094032574,0.9988462191875336,2,20,20
12,5098,9.98791415880087e-15,3.0517070083833588e-12,0.0011541015609719746,0.9988458984359662,2,20,20
12,5099,1.575268741046134e-17,9.744734011955814e-16,1.9565650833130305e-06,0.9999980434349158,2,20,20
12,5100,2.7930977139887044e-17,3.361050169628152e-17,6.02414869969714e-05,0.999939758513003,2,20,20
12,5101,4.1706608900342367e-07,1.0002589645428842e-08,0.01010807002392073,0.9898915029074006,2,20,20
12,5102,4.1706608831085094e-07,9.82992512017701e-09,0.005432259421904013,0.9945673136820825,2,20,20
12,5103,1.0634448515420455e-15,9.747586412177022e-16,2.5324610946654892e-06,0.9999974675389034,2,20,20
12,5104,3.6989337368749896e-17,1.88285018167177e-15,2.1754209788374856e-05,0.9999782457902098,2,20,20
12,5105,1.7849051601661276e-16,3.333287641427342e-17,1.5020346933000978e-06,0.9999984979653064,2,20,20
12,5106,3.5103512270062914e-16,9.744741641838998e-16,1.1181470275097537e-06,0.9999988818529713,2,20,20
12,5107,5.001045831162175e-14,3.0829452928318782e-12,0.004685639992572682,0.9953143600042944,2,20,20
12,5108,4.957087428126849e-14,6.066730582014179e-12,0.007993252232843242,0.9920067477610406,2,20,20
12,5109,3.9681106110704294e-14,3.038386651124406e-12,0.0033308924078284444,0.9966691075890936,2,20,20
12,5110,1.580321156477438e-17,9.57925977523845e-16,2.0306057307141913e-05,0.999979693942692,2,20,20
12,5111,1.2975664272868784e-10,5.5552652198356805e-14,9.957855506579197e-05,0.9999004213151221,2,20,20
12,5112,1.8872066013286403e-17,1.8990670888226027e-15,2.1344230444872058e-05,0.9999786557695534,2,20,20
12,5113,7.16321735647655e-16,5.4597061402924965e-14,7.910777500351767e-05,0.9999208922249414,2,20,20
12,5114,1.5644284227758304e-17,9.582055773957803e-16,2.03061835369534e-05,0.9999796938164622,2,20,20
12,5115,2.1945251342883123e-17,1.8990205081869737e-15,4.87829041894579e-05,0.9999512170958087,2,20,20
12,5116,1.0161101079499854e-14,1.89910231666874e-15,2.960199020954847e-06,0.999997039800967,2,20,20
12,5117,1.997109815902732e-14,5.5538129993934687e-14,6.0313708126181624e-05,0.9999396862917984,2,20,20
12,5118,1.0173369286555586e-14,3.05839514571062e-12,6.195518256173789e-05,0.9999380448143697,2,20,20
12,5119,3.5068819867580465e-18,9.41740195770435e-16,1.4932096914564742e-06,0.9999985067903077,2,20,20
12,5120,9.706251193977887e-19,1.6831626756729074e-17,6.384294585116304e-08,0.9999999361570541,2,20,20
12,5121,7.014158764953398e-16,8.944337474976536e-19,4.1070368583280027e-07,0.9999995892963135,2,20,20
12,5122,8.913552926294637e-16,9.909792108682214e-16,2.1362546330819712e-05,0.9999786374536674,2,20,20
12,5123,4.067203169037487e-14,3.390601952854996e-17,2.237137453473812e-05,0.9999776286254247,2,20,20
12,5124,2.4861701707366448e-17,8.894206966840518e-19,2.0323304755650598e-05,0.9999796766952442,2,20,20
12,5125,1.0010390212464844e-14,5.458526363182013e-14,4.064297581202745e-05,0.9999593570241235,2,20,20
12,5126,2.4702774370350367e-17,1.1690205686193311e-18,2.0323430985462096e-05,0.9999796765690145,2,20,20
12,5127,4.922949735793437e-17,6.09820850136695e-19,2.2370590008276913e-05,0.9999776294099919,2,20,20
12,5128,1.759513546346645e-16,3.3617592673275763e-17,4.094640443487627e-07,0.9999995905359556,2,20,20
12,5129,3.994419606456646e-14,9.74474145594199e-16,1.1028178402819607e-06,0.9999988971821189,2,20,20
12,5130,2.8285255754294213e-19,1.6821519648494094e-17,1.0335323083551514e-06,0.9999989664676916,2,20,20
12,5131,7.347838384424611e-09,1.731314519996234e-10,0.0034259062771198633,0.9965740862019106,2,20,20
12,5132,5.691716445612943e-13,5.01219042828974e-17,3.0490047830272045e-05,0.9999695099516004,2,20,20
12,5133,1.1800219322848851e-11,5.292842604579154e-13,0.45675859831094123,0.5432414016767289,2,20,20
12,5134,2.7243250474442077e-12,1.311706600913618e-10,0.13423209992368268,0.8657678999424223,2,20,20
12,5135,4.549288909563242e-13,1.2806933254012578e-10,0.13260908068350125,0.8673909191879745,2,20,20
12,5136,4.064442316893137e-14,1.915324767266363e-15,2.5426430795281205e-06,0.9999974573568782,2,20,20
12,5137,1.1365562374636275e-12,3.102459772424925e-12,0.0016274556432059402,0.9983725443525552,2,20,20
12,5138,4.202150900981127e-07,9.904197186137894e-09,0.0016966488438894538,0.9983029210368235,2,20,20
12,5139,9.987630397858037e-15,9.41872136378113e-16,8.263990409016817e-05,0.999917360095899,2,20,20
12,5140,2.276968529391325e-12,3.390210534323773e-17,8.49396312692591e-05,0.999915060366454,2,20,20
12,5141,2.276965461664495e-12,9.746102169243187e-16,8.331701156705075e-05,0.9999166829861552,2,20,20
12,5142,8.743218993114788e-16,3.03838677636646e-12,0.003412004120339469,0.9965879958766215,2,20,20
12,5143,9.997054660207778e-15,5.367013584838058e-14,0.0001418737540653113,0.999858126245871,2,20,20
12,5144,1.067479558919987e-14,1.910987583833575e-15,0.0012124933692220087,0.9987875066307657,2,20,20
12,5145,7.04109115736606e-16,9.741830701625426e-16,1.851343898123789e-06,0.9999981486561003,2,20,20
12,5146,1.375730972000373e-10,4.802070325859182e-07,0.0806681669670396,0.9193313526883549,2,20,20
12,5147,2.2771274306043863e-12,5.459496704939276e-14,8.313243247007588e-05,0.9999168675651983,2,20,20
12,5148,8.94809067358013e-16,5.3673030742555045e-14,5.9345574960666305e-05,0.9999406544249848,2,20,20
12,5149,3.994974528837388e-14,5.3662281118309984e-14,3.9591910469675234e-06,0.9999960408088594,2,20,20
12,5150,5.675423102474871e-13,3.0479385337339642e-12,0.0016192229839959253,0.9983807770123887,2,20,20
12,5151,2.464693853674205e-17,9.579618593812084e-16,2.499454485050134e-06,0.999997500545514,2,20,20
12,5152,1.2519303732163957e-17,1.6821520258155707e-17,1.0511791548428844e-06,0.9999989488208452,2,20,20
12,5153,2.4594892739325583e-17,4.954442137291855e-17,2.4819205272606036e-06,0.9999975180794728,2,20,20
12,5154,1.4167420182694272e-15,4.9840502809478104e-17,6.018286118284346e-05,0.9999398171388159,2,20,20
12,5155,2.7716383544235822e-17,5.458104724925798e-14,0.00011761235968500465,0.9998823876402605,2,20,20
12,5156,1.8433127987737949e-09,5.4410870405839205e-14,0.0016256463688251452,0.9983743517878078,2,20,20
12,5157,1.8433129705945095e-09,5.5351288884508896e-14,0.001708192856013446,0.9982918053006183,2,20,20
12,5158,4.0306262378371294e-14,1.0822987910043185e-13,3.100438379711263e-05,0.9999689956160545,2,20,20
12,5159,7.132694046920369e-16,5.457817333427289e-14,8.363443474766657e-05,0.999916365565197,2,20,20
12,5160,3.288406565903965e-11,9.873978380133929e-16,0.001960599656541471,0.9980394003105737,2,20,20
12,5161,3.9950877847579176e-14,1.7425907686201092e-10,0.0001031287336744556,0.9998968710920264,2,20,20
12,5162,6.044240298570156e-13,1.5710558916534187e-10,0.05829646447918524,0.9417035353631047,2,20,20
12,5163,5.698306930563496e-13,3.1110772719850213e-12,6.0516414211811356e-05,0.9999394835821072,2,20,20
12,5164,1.4048248343761577e-15,9.42034862394087e-16,1.5122319271690218e-06,0.9999984877680703,2,20,20
12,5165,1.9999580834522062e-16,9.58244599567231e-16,6.025893712978044e-05,0.9999397410628692,2,20,20
12,5166,3.964661172891618e-12,4.767521382126041e-14,0.06630465048195303,0.9336953495140347,2,20,20
12,5167,7.237185117590086e-15,1.2610988314780692e-10,0.13823206996330498,0.8617679299105783,2,20,20
12,5168,6.2089934421022795e-18,3.332003002621679e-17,8.402827542697784e-05,0.9999159717245734,2,20,20
12,5169,9.989212128504523e-15,9.741844448909764e-16,2.5155673682827264e-06,0.999997484432621,2,20,20
12,5170,8.882519461618283e-16,9.582109698809395e-16,2.1364449643614437e-05,0.9999786355503547,2,20,20
12,5171,1.9983262063235638e-16,1.8827421070590172e-15,7.910608620552872e-05,0.9999208939137927,2,20,20
12,5172,4.039423795396593e-14,5.423086141020458e-14,0.0033295820687246737,0.9966704179311805,2,20,20
12,5173,3.968112408624221e-14,5.328941937609096e-14,0.003329245188306959,0.9966707548116,2,20,20
12,5174,3.969347111587316e-14,5.4230285111081485e-14,0.0033306612848818026,0.9966693387150241,2,20,20
12,5175,6.53279219956849e-09,1.5392548362380992e-10,0.058434120259169234,0.9415658730541132,2,20,20
12,5176,7.0125498303183e-16,4.982023592097394e-17,5.984142608736309e-05,0.999940158573912,2,20,20
12,5177,1.2623437067698493e-17,1.711122757734154e-17,7.116442411812462e-08,0.999999928835576,2,20,20
12,5178,7.282474332939903e-16,1.8865746544270812e-15,0.0033302308024934944,0.9966697691975043,2,20,20
12,5179,1.0013623602898798e-14,5.4601485613257565e-14,2.039083828039553e-05,0.9999796091616554,2,20,20
12,5180,3.620326410467403e-18,4.9829282502922564e-17,1.0843014540732441e-06,0.9999989156985459,2,20,20
12,5181,5.692082734554861e-13,1.8828882239639874e-15,2.191116872649551e-06,0.9999978088825561,2,20,20
12,5182,6.964321608645457e-16,5.330563203615467e-14,0.0033302167037997476,0.9966697832961463,2,20,20
12,5183,6.965910878796253e-16,5.3289410371182777e-14,0.0033302165773210672,0.9966697834226251,2,20,20
12,5184,7.084576383231255e-16,5.330535243689204e-14,0.0033302170089456974,0.9966697829910004,2,20,20
12,5185,1.178204149788186e-12,1.0824811124922861e-13,0.000139768144685565,0.999860231854028,2,20,20
12,5186,1.297616394299817e-10,5.458093554994766e-14,6.0028334390257104e-05,0.9999399715357933,2,20,20
12,5187,9.984296321915034e-15,9.413079963902558e-16,8.26084261699195e-05,0.9999173915738189,2,20,20
12,5188,8.743818416094123e-16,1.8741026384632206e-15,0.004664874229005281,0.9953351257709921,2,20,20
12,5189,2.2873769853030695e-12,3.058386876129264e-12,0.004724290643726135,0.9952757093509281,2,20,20
12,5190,1.8872613738856015e-17,1.882891295106328e-15,2.524297902474883e-06,0.9999974757020959,2,20,20
12,5191,8.913988844976357e-16,5.459511330908491e-14,8.365718992773303e-05,0.9999163428100168,2,20,20
12,5192,2.2778556803312494e-12,5.462784691932753e-14,8.348414697971069e-05,0.999916515850688,2,20,20
12,5193,2.276983154112104e-12,1.9159052765909937e-15,1.941150551864691e-06,0.9999980588471695,2,20,20
12,5194,9.998438897532759e-15,1.7424224223093962e-10,0.00015509514328943612,0.9998449046824586,2,20,20
12,5195,1.0010522044502972e-14,1.7424131760119858e-10,0.00015408217623470223,0.9998459176495142,2,20,20
12,5196,1.0019735064160211e-14,1.742413013693602e-10,0.0002128505210608095,0.9997871493046881,2,20,20
12,5197,1.2976645469524349e-10,3.1119086411596335e-12,8.425915071379106e-05,0.9999157407164077,2,20,20
12,5198,3.9848530001634925e-14,9.867838887830553e-09,0.0033707849785714204,0.99662920515355,2,20,20
12,5199,4.056465832670993e-14,9.867838920853294e-09,0.0033721551066334204,0.9966278350254874,2,20,20
12,5200,1.7866769511526155e-16,8.794072326378044e-19,8.523341484441265e-05,0.9999147665851554,2,20,20
12,5201,7.057122084378371e-19,1.738071821969204e-17,2.0638842421742004e-06,0.999997936115758,2,20,20
12,5202,2.2557456385576638e-12,1.7569925553640074e-10,0.004746981494489838,0.9952530183275553,2,20,20
12,5203,2.8249385387153632e-12,1.7569927191950345e-10,0.004666711892595069,0.9953332879288809,2,20,20
12,5204,1.53734306739899e-17,4.9824053889092126e-17,1.4935752886505257e-06,0.9999985064247114,2,20,20
12,5205,1.4137423377300063e-15,9.579618155036338e-16,6.146487482323308e-05,0.9999385351251745,2,20,20
12,5206,7.130347337641631e-16,5.9982304849058595e-19,6.0023607580801545e-05,0.9999399763924186,2,20,20
12,5207,7.0386054718190265e-16,1.8824992936054527e-15,2.8540884472732712e-05,0.9999714591155245,2,20,20
12,5208,3.150356967566507e-11,1.737793661126917e-10,0.024741421935541866,0.9752585778591751,2,20,20
12,5209,7.163525219863958e-16,3.360682055200978e-17,2.133722736196188e-05,0.9999786627726375,2,20,20
12,5210,1.786721125904666e-16,9.418721891013483e-16,8.363850306128267e-05,0.9999163614969375,2,20,20
12,5211,2.2767111574839034e-12,9.74365158212373e-16,0.00014184298468464452,0.9998581570130376,2,20,20
12,5212,4.044710437189733e-14,3.083874881688943e-12,0.004693653828277617,0.995306346168598,2,20,20
12,5213,1.0866435780499783e-14,3.058252877919432e-12,0.00016644854822217816,0.9998335514487087,2,20,20
12,5214,1.0691490043627417e-14,3.0582363792660197e-12,8.419902604850566e-05,0.9999158009708827,2,20,20
12,5215,1.0700280207308693e-14,3.0582688125818955e-12,8.529151141520571e-05,0.9999147084855159,2,20,20
12,5216,6.419966440201408e-18,9.57959119467916e-16,8.404568341289667e-05,0.9999159543165863,2,20,20
12,5217,1.7832308049877586e-16,3.3599631330612326e-17,8.405330281140891e-05,0.9999159466971885,2,20,20
12,5218,1.2856658683301387e-10,6.0585813445196455e-12,0.004746864603688275,0.9952531352616866,2,20,20
12,5219,3.2369064867303224e-11,6.101464408273604e-12,0.0012421572333253994,0.9987578427282042,2,20,20
12,5220,9.996851800795177e-15,9.743154376042967e-16,8.40383542470198e-05,0.999915961645742,2,20,20
12,5221,2.787939991104262e-17,9.747534561644037e-16,2.506761734574617e-06,0.9999974932382645,2,20,20
12,5222,1.9803316983731593e-16,3.0293167422210574e-12,0.00466549932056192,0.9953345006764087,2,20,20
12,5223,1.7853824184792914e-16,1.7395729455001486e-17,1.9940122293781008e-06,0.9999980059877701,2,20,20
12,5224,8.761173110863459e-16,1.0731546594860627e-13,8.413203798407625e-05,0.9999158679619078,2,20,20
12,5225,1.0862012919419466e-14,5.36707630151148e-14,8.455093300448832e-05,0.999915449066931,2,20,20
12,5226,7.041552676182648e-16,3.0572951454158316e-12,8.486377118119569e-05,0.9999151362257609,2,20,20
12,5227,1.7562765350162713e-16,9.582422322386356e-16,2.089359919743362e-06,0.9999979106400794,2,20,20
12,5228,8.881713495138866e-16,9.5796260074262e-16,6.105489889504962e-05,0.9999389451011033,2,20,20
12,5229,9.89311859526935e-15,5.3178375633602606e-14,0.00474639900350094,0.9952536009964359,2,20,20
12,5230,1.0172399834133869e-14,3.1111070911947076e-12,0.0001430626165877157,0.999856937380291,2,20,20
12,5231,5.698032440035345e-13,1.9151755345856478e-15,8.56693799312773e-05,0.9999143306194971,2,20,20
12,5232,7.040556102314204e-16,1.8991029595995082e-15,2.5244987523761735e-06,0.9999974755012448,2,20,20
12,5233,2.7716184681191902e-17,1.7377911247061026e-17,0.00014139095678168223,0.9998586090432184,2,20,20
12,5234,2.4805888429775135e-17,8.793876858310905e-19,5.88312882060353e-05,0.9999411687117938,2,20,20
12,5235,4.922672364013698e-17,9.419893743845432e-16,7.909948536727116e-05,0.9999209005146317,2,20,20
12,5236,1.895607302794105e-16,3.5925930452211424e-13,0.4413323805921252,0.5586676194075155,2,20,20
12,5237,8.612919142358455e-16,3.6019389962120205e-13,0.4446027519328507,0.5553972480667881,2,20,20
12,5238,0.00012718653836123542,2.996765065139802e-06,0.5023845949520931,0.4974852217444799,2,20,20
12,5239,6.632447836912828e-13,0.013577720617912186,0.48642194882324397,0.5000003305581803,2,20,20
12,5240,8.180988602548842e-09,3.855204299710532e-08,0.4994617423516608,0.5005382109153076,2,20,20
12,5241,7.929848428198685e-14,1.0752422586526945e-15,0.5000375874195018,0.4999624125804174,2,20,20
12,5242,0.0009130175853419729,3.776440603455603e-07,0.16585404215719693,0.833232562613401,2,20,20
12,5243,0.0009130175853410066,3.776440972118667e-07,0.2439713963719666,0.755115208398595,2,20,20
12,5244,8.763923341663158e-16,9.58243744790933e-16,2.4729425251903673e-06,0.9999975270574728,2,20,20
12,5245,7.13327199467828e-16,9.580860916323254e-16,8.464458498073819e-05,0.9999153554150176,2,20,20
12,5246,1.4048234748024937e-15,9.420256495985929e-16,3.1233132144469823e-06,0.9999968766867829,2,20,20
12,5247,3.994376847520512e-14,9.58242373030551e-16,2.524616702550423e-06,0.9999974753832567,2,20,20
12,5248,7.129495923599851e-16,1.915018486025447e-15,8.402841250970116e-05,0.9999159715874879,2,20,20
12,5249,7.161359259708072e-16,9.744681779019962e-16,2.9168660848174514e-06,0.9999970831339136,2,20,20
12,5250,2.2772295286585053e-12,1.8827827918831432e-15,6.029105206570821e-05,0.9999397089456552,2,20,20
12,5251,3.2482277609497536e-11,1.8992983254497665e-15,3.177121669210648e-05,0.9999682287508238,2,20,20
12,5252,3.24530204904286e-11,2.8245065815093544e-15,3.18577996339646e-05,0.9999681421679103,2,20,20
12,5253,1.0685539976870387e-14,5.4594832919054735e-14,8.299998946532598e-05,0.9999170000104698,2,20,20
12,5254,2.2767896146673907e-12,1.899107394400697e-15,3.007956389026769e-06,0.9999969920413325,2,20,20
12,5255,2.2774870932498404e-12,9.906851864656203e-16,1.951765636410411e-06,0.9999980482320856,2,20,20
12,5256,9.905143186500901e-15,5.4086798429859845e-14,0.004665288094532544,0.9953347119054035,2,20,20
12,5257,1.5429171673297058e-17,9.744631236402094e-16,2.4995831825761115e-06,0.9999975004168165,2,20,20
12,5258,3.986680831195966e-14,1.7389226272963767e-10,0.0011554155324971413,0.9988445842935707,2,20,20
12,5259,1.0536416254249282e-15,5.409452924626273e-14,0.004663862265295499,0.9953361377346495,2,20,20
12,5260,3.136981653930441e-18,1.68215064605948e-17,1.4759279266135367e-06,0.9999985240720732,2,20,20
12,5261,3.4056520089709345e-18,1.7106233243218445e-17,7.026445406175379e-08,0.9999999297355457,2,20,20
12,5262,7.395884519479816e-09,3.1117999208193037e-12,0.00017837280247118487,0.9998216197985323,2,20,20
12,5263,3.995538826528145e-17,5.3653974860731215e-14,8.297452061324951e-05,0.999917025479333,2,20,20
12,5264,1.0011936013825551e-14,1.0729051219301725e-13,0.00016561207603039586,0.9998343879238523,2,20,20
12,5265,2.277226156834525e-12,5.4613604518203734e-14,6.030919873303574e-05,0.9999396907989351,2,20,20
12,5266,7.987154761834859e-16,4.7428919895993194e-14,0.058236279860949786,0.9417637201390019,2,20,20
12,5267,2.4807849401780393e-17,1.739081636624349e-17,4.00555578971315e-07,0.999999599444421,2,20,20
12,5268,4.0013638575245424e-14,3.1013919225055402e-12,0.0016198549209431165,0.9983801450759153,2,20,20
12,5269,1.4291965730396436e-15,4.9844308103933063e-17,1.4239884540063374e-06,0.9999985760115447,2,20,20
12,5270,1.0023060125862176e-14,9.747679499605982e-16,1.8505385047842342e-06,0.9999981494614841,2,20,20
12,5271,3.688818537907107e-17,1.7390816407886697e-17,4.111338010674646e-07,0.999999588866199,2,20,20
12,5272,1.0611323777341911e-14,1.726645749391652e-10,0.004677659860757026,0.9953223399665677,2,20,20
12,5273,9.99793363368762e-15,1.7389855035162355e-17,2.957194044572466e-05,0.9999704280595443,2,20,20
12,5274,2.2902445311490615e-12,3.111880543294045e-12,0.0016800042213997767,0.9983199957731983,2,20,20
12,5275,2.2797343366301732e-12,1.0806399941332716e-13,0.001702141660399904,0.9982978583372126,2,20,20
12,5276,2.852586029748513e-12,5.444318428553482e-14,0.006921802327168,0.9930781976699251,2,20,20
12,5277,6.12979321577298e-13,3.057327427226855e-12,0.005386092923791516,0.9946139070725383,2,20,20
12,5278,7.008250402461533e-16,9.57961848296373e-16,1.4936466899287103e-06,0.9999985063533086,2,20,20
12,5279,7.373261888057596e-09,6.095788966602079e-12,0.001624978343303365,0.9983750142773389,2,20,20
12,5280,2.2763984917185773e-12,1.7426544327055242e-10,8.756281138384452e-05,0.9999124370120743,2,20,20
12,5281,7.1306629831684e-16,4.9544516117428714e-17,1.0939291219981086e-06,0.9999989060708773,2,20,20
12,5282,1.298014700073329e-10,3.1647332217597274e-12,0.00011604725454444478,0.9998839526124894,2,20,20
12,5283,3.9832825047931506e-14,1.0713433347736913e-13,0.001620740514582081,0.998379259485271,2,20,20
12,5284,3.9820530922082467e-14,5.3504988484878666e-14,0.0016206586841456454,0.9983793413157611,2,20,20
12,5285,3.994512102051434e-14,3.057438073312601e-12,6.05138444457441e-05,0.9999394861524569,2,20,20
12,5286,7.160699414489635e-16,3.058252072452277e-12,0.0001664103157864045,0.9998335896811548,2,20,20
12,5287,3.559322868157265e-18,9.578091686995668e-16,8.262195799974656e-05,0.9999173780419992,2,20,20
12,5288,5.393836881508901e-19,3.304324990520348e-17,8.706510360937241e-08,0.9999999129348962,2,20,20
12,5289,1.754620424145284e-16,3.332280479698108e-17,1.5182981391008304e-06,0.9999984817018606,2,20,20
12,5290,3.9941789210138356e-14,9.741318276423464e-16,2.8559516127721954e-05,0.9999714404838314,2,20,20
12,5291,1.558725089875022e-17,1.7101152210825658e-17,1.0936690722393627e-06,0.9999989063309278,2,20,20
12,5292,2.835615742643162e-12,1.0763254596921005e-13,0.005818336393453719,0.994181663603603,2,20,20
12,5293,4.0126034984686035e-14,2.8307328244111272e-15,0.004746404273666047,0.9952535957262911,2,20,20
12,5294,4.064100874018881e-14,3.059319199817874e-12,0.0001430485909839728,0.9998569514059159,2,20,20
12,5295,6.4158252490290715e-18,1.7101057134746203e-17,8.265004606701314e-05,0.9999173499539331,2,20,20
12,5296,3.994519074526903e-14,5.36402944884988e-14,0.00014142746460603972,0.9998585725353004,2,20,20
12,5297,3.9962179098417005e-14,9.425991807844466e-16,8.400431085522697e-05,0.9999159956891039,2,20,20
12,5298,1.5417057347607415e-17,1.8815475294225463e-15,0.004746392035772271,0.9952536079642258,2,20,20
12,5299,6.684757143161204e-15,5.0273394090357526e-12,0.17795287844839727,0.8220471215465687,2,20,20
12,5300,1.9210554889189824e-12,2.5808304517760213e-12,0.07812587258592488,0.9218741274095733,2,20,20
12,5301,9.998173860531235e-15,4.982413627282309e-17,2.9451646774956645e-06,0.9999970548353126,2,20,20
12,5302,7.039982028886089e-16,5.461093471543907e-14,0.0001413918170892928,0.9998586081828555,2,20,20
12,5303,2.1091926829653038e-11,3.6813629067808693e-07,0.17495528743936625,0.8250443444032513,2,20,20
12,5304,2.7716842814185178e-17,4.9824230224548466e-17,1.4994256836294858e-06,0.9999985005743163,2,20,20
12,5305,5.691964603439793e-13,9.74471824057257e-16,3.758128170503454e-06,0.9999962418712596,2,20,20
12,5306,1.1383912669848017e-12,9.906937326934128e-16,5.216167061826243e-06,0.9999947838317989,2,20,20
12,5307,1.4048219475913371e-15,5.3660657934375005e-14,2.035581063801804e-05,0.9999796441893068,2,20,20
12,5308,1.5920612209428413e-15,5.4601642946982195e-14,0.0001028991739464658,0.9998971008259971,2,20,20
12,5309,5.693427258303204e-13,3.0584824432705423e-12,0.00013144998313577367,0.9998685500132363,2,20,20
12,5310,5.7913952476441e-13,3.0575417352081355e-12,0.00013306462990862584,0.9998669353664547,2,20,20
12,5311,5.697360924355031e-13,1.7424133382435333e-10,0.00015439523524852825,0.9998456045899402,2,20,20
12,5312,3.5989384294365706e-16,9.65543361058898e-16,0.004664174047429311,0.9953358259525694,2,20,20
12,5313,3.598938258274633e-16,9.655383468768309e-16,0.004664855168349605,0.9953351448316492,2,20,20
12,5314,3.776681586517153e-19,1.6541953005151878e-17,9.438592094972623e-08,0.9999999056140789,2,20,20
12,5315,3.2840999148116735e-19,3.202559775530805e-19,6.972201761094322e-08,0.9999999302779824,2,20,20
12,5316,4.992776829357689e-14,5.366076886234552e-14,2.3333216001635074e-05,0.9999766667838946,2,20,20
12,5317,4.992298927304423e-14,3.110972766090236e-12,8.6316765886745e-05,0.9999136832309525,2,20,20
12,5318,7.041246443927316e-16,5.460062862689786e-14,2.95704697395671e-05,0.9999704295302052,2,20,20
12,5319,1.7448429014497304e-15,1.0684301030971146e-13,0.002243887723361974,0.9977561122765295,2,20,20
12,5320,1.581946945161224e-15,1.0684301021545063e-13,0.002245268391438965,0.9977547316084526,2,20,20
12,5321,1.5324575109727187e-09,5.112906265510629e-12,0.08567936930786617,0.9143206291545636,2,20,20
12,5322,2.2616386371132087e-12,3.0374463373722528e-12,0.0034120350574110827,0.9965879649372897,2,20,20
12,5323,2.2723191986576415e-12,3.0911080287199332e-12,0.0033319132695931414,0.9966680867250434,2,20,20
12,5324,1.0690000303025938e-14,5.461982290219708e-14,6.127650774863173e-05,0.9999387234921859,2,20,20
12,5325,1.0861903011728068e-14,5.461993348547694e-14,3.542206735263676e-06,0.9999964577931992,2,20,20
12,5326,3.626716730522173e-16,1.915277902417933e-15,2.9571870767941647e-05,0.9999704281292299,2,20,20
12,5327,5.384747010494324e-16,2.8399901842750003e-15,8.732547289790704e-05,0.9999126745270989,2,20,20
12,5328,7.3964070889896756e-09,3.058391807287106e-12,9.115708602151723e-05,0.9999088355145132,2,20,20
12,5329,3.993970442681803e-14,1.7388902022792596e-17,6.003225333023097e-05,0.9999399677466299,2,20,20
12,5330,9.944166574953959e-15,5.4256443800135795e-14,0.0033307153583873473,0.9966692846415486,2,20,20
12,5331,1.878867906697619e-16,5.459704759301007e-14,0.0033316649059943245,0.9966683350939507,2,20,20
12,5332,4.011870111483538e-14,1.0822363713056675e-13,8.507638610393402e-05,0.9999149236137477,2,20,20
12,5333,2.316494403513414e-12,3.112765270574785e-12,0.00017429939759770025,0.9998257005969731,2,20,20
12,5334,3.994642517401297e-14,5.459467623957401e-14,0.00016517049666249747,0.9998348295032429,2,20,20
12,5335,6.090475633563478e-13,1.08231267482497e-13,0.0001652204715414888,0.9998347795277411,2,20,20
12,5336,5.745044518561259e-13,6.066717635459553e-12,0.007998097153759872,0.992001902839599,2,20,20
12,5337,1.1312443296527631e-12,3.0827565889740453e-12,0.006283193570129359,0.9937168064256567,2,20,20
12,5338,7.99245101226752e-14,3.059018838926178e-12,0.0017303780518781243,0.9982696219449829,2,20,20
12,5339,3.9992645009139e-14,5.3505268086183626e-14,0.0016206837115300826,0.9983793162883763,2,20,20
12,5340,1.413962190574823e-15,9.584283309272795e-16,5.986272025698828e-05,0.9999401372797407,2,20,20
12,5341,5.645952477219582e-13,1.7266906864183013e-10,0.004664446108662064,0.9953355537181043,2,20,20
12,5342,4.064067244581941e-14,3.0920295479426664e-12,0.0033579577497789494,0.9966420422470887,2,20,20
12,5343,1.4001387197548435e-15,3.0374466424799975e-12,0.003329799696545951,0.9966702003004155,2,20,20
12,5344,5.693087092834789e-13,9.743767630548665e-16,5.7205200945295375e-05,0.9999427947984847,2,20,20
12,5345,1.0436486796831953e-07,3.081982780686892e-12,0.0050342013760784335,0.9949656942559718,2,20,20
12,5346,1.0436259145521629e-07,3.0283601523322777e-12,0.0049754169848414374,0.9950244786495388,2,20,20
12,5347,1.999147518888136e-16,5.365425946565526e-14,8.26440303294587e-05,0.9999173559696167,2,20,20
12,5348,2.4700984699706782e-17,3.389212289171876e-17,8.782740216673677e-08,0.9999999121725978,2,20,20
12,5349,7.131727374216758e-16,9.585319397496683e-16,1.101342880312525e-06,0.9999988986571182,2,20,20
12,5350,7.010375010603695e-16,9.582422192851098e-16,2.506656923322286e-06,0.9999974933430753,2,20,20
12,5351,4.0639733316387025e-14,3.0583789248408097e-12,6.151992741162913e-05,0.9999384800694895,2,20,20
12,5352,3.237915102731931e-11,6.10535667410289e-12,0.0016800562441964327,0.9983199437173191,2,20,20
12,5353,3.234990007138249e-11,3.048876996676794e-12,0.0017022077903011408,0.9982977921743001,2,20,20
12,5354,5.693396729283515e-13,1.899293891551382e-15,5.8488616627898014e-05,0.999941511382801,2,20,20
12,5355,2.1505881621662527e-16,5.504429657853813e-14,0.004665291122823614,0.9953347088771212,2,20,20
12,5356,5.691989814583466e-13,5.5544288454952644e-14,3.5507312750338692e-06,0.9999964492681003,2,20,20
12,5357,5.691955343222774e-13,5.4586925470034316e-14,2.5361513534307175e-06,0.9999974638480228,2,20,20
12,5358,1.1375075016757855e-14,3.0526311444245405e-12,0.0011548659551695328,0.9988451340417667,2,20,20
12,5359,1.1036988658698098e-14,3.0526314334037512e-12,0.001155282269547537,0.9988447177273888,2,20,20
12,5360,1.2385879513767055e-15,5.458457711361161e-14,3.11486444558678e-05,0.9999688513554883,2,20,20
12,5361,1.0348539635089078e-14,9.749915561978232e-16,3.142365253989293e-05,0.9999685763474487,2,20,20
12,5362,4.99280562590725e-14,9.747172715929199e-16,2.32147208174021e-05,0.9999767852791318,2,20,20
12,5363,3.606886482783935e-14,9.479592327988412e-14,0.05823591294776433,0.9417640870521048,2,20,20
12,5364,9.986184059858852e-15,9.741887543029966e-16,1.5361464150809216e-06,0.999998463853574,2,20,20
12,5365,1.568883947387097e-17,9.740282784699342e-16,8.262211074407985e-05,0.9999173778892549,2,20,20
12,5366,1.7824591218745487e-16,9.575295707298078e-16,8.402865446332226e-05,0.9999159713455357,2,20,20
12,5367,5.971438395369466e-14,9.58427477093545e-16,0.005361069819494967,0.9946389301804444,2,20,20
12,5368,4.0828352962055476e-14,5.447978733116432e-14,0.001212678121559812,0.998787321878345,2,20,20
12,5369,1.8182383154880554e-16,9.585361149029004e-16,2.925682086851753e-06,0.9999970743179121,2,20,20
12,5370,1.639849271660273e-17,3.553968826122433e-14,0.17462481729105092,0.8253751827089135,2,20,20
12,5371,7.317700721409828e-16,2.8241068654835656e-15,5.917519050236307e-05,0.9999408248094941,2,20,20
12,5372,5.705085692039638e-13,5.5536044046648856e-14,0.00010335475637336508,0.9998966452430005,2,20,20
12,5373,2.2765377386399605e-12,5.459710403776416e-14,5.989878133420545e-05,0.9999401012163346,2,20,20
12,5374,2.276712876993447e-12,5.45973879490862e-14,6.0309328885866506e-05,0.9999396906687827,2,20,20
12,5375,9.004545249589544e-16,9.744196076004118e-16,8.766476280078982e-05,0.9999123352371971,2,20,20
12,5376,9.990919396893291e-15,5.458105737090841e-14,5.887236359461721e-05,0.9999411276363408,2,20,20
12,5377,4.972946678334213e-14,3.0838802575648435e-12,0.004722870830144261,0.9952771291667222,2,20,20
12,5378,1.298015819937356e-10,3.0829556869233977e-12,0.004723315028181151,0.9952766848389343,2,20,20
12,5379,4.039840058476059e-14,1.8867554061663347e-15,0.006658562079595284,0.9933414379203624,2,20,20
12,5380,2.2872111084775275e-12,3.058404996275906e-12,0.0033896525200948317,0.9966103474745597,2,20,20
12,5381,1.8768583728595588e-17,4.983934181905038e-17,1.5021441634082449e-06,0.9999984978558366,2,20,20
12,5382,3.9949443750615814e-14,5.459439337148986e-14,8.363272471057984e-05,0.999916367275195,2,20,20
12,5383,8.004839676172498e-14,3.1117995622544335e-12,0.0001783494239484472,0.9998216505728598,2,20,20
12,5384,1.2835274068962999e-17,4.982926864740362e-17,1.499076201855845e-06,0.9999985009237979,2,20,20
12,5385,2.737569101910496e-11,1.4706195852462732e-10,0.0781245472404879,0.9218754525850745,2,20,20
12,5386,2.2765201843961427e-12,9.578599012335242e-16,6.002412302894257e-05,0.9999399758746936,2,20,20
12,5387,2.2766953176569746e-12,9.905828966135127e-16,6.006687524908619e-05,0.9999399331224733,2,20,20
12,5388,2.287205536532792e-12,3.0584112635815156e-12,0.0001204605109602355,0.9998795394836941,2,20,20
12,5389,2.276520346111679e-12,9.578599012379158e-16,6.001680195365994e-05,0.9999399831957687,2,20,20
12,5390,1.7848442940268299e-16,1.882881308513564e-15,2.524626977572705e-06,0.9999974753730205,2,20,20
12,5391,5.059876385979077e-14,5.461655519968339e-14,0.001621541340503873,0.9983784586593908,2,20,20
12,5392,8.795183387911225e-16,5.460367906252747e-14,6.059729580720369e-05,0.9999394027041376,2,20,20
12,5393,4.0827467972566323e-14,5.4587467251472504e-14,6.18030870040153e-05,0.9999381969129005,2,20,20
12,5394,2.7375857974326773e-11,2.5819112803101944e-12,0.08278980199832818,0.917210197971714,2,20,20
12,5395,3.5376682352114934e-16,9.576832400253067e-16,0.0001761417617312553,0.9998238582382675,2,20,20
12,5396,7.07479711942407e-16,1.8990003279261796e-15,5.9832916917537996e-05,0.9999401670830801,2,20,20
12,5397,3.994249506395973e-14,3.0576905451008003e-12,2.1775792868420814e-05,0.999978224204034,2,20,20
12,5398,1.752291550135643e-16,9.41587519986762e-16,8.259791113873466e-05,0.9999174020888604,2,20,20
12,5399,1.7546817709062628e-16,5.364633887027608e-14,2.5034215438266562e-06,0.9999974965784022,2,20,20
12,5400,1.2571349248715686e-17,8.794551584377848e-19,1.0686986827498346e-06,0.9999989313013171,2,20,20
12,5401,1.2626225292167844e-17,1.738583312237403e-17,6.298545829534856e-08,0.9999999370145416,2,20,20
12,5402,4.9953668254064033e-14,5.461674031843982e-14,3.108846984402237e-05,0.9999689115300516,2,20,20
12,5403,5.69084320057737e-13,3.0571269888158313e-12,0.00011236088777574987,0.9998876391085982,2,20,20
12,5404,4.977243746552762e-14,1.7312962950073475e-10,0.008007147036768457,0.9919928527900524,2,20,20
12,5405,8.953487948007464e-14,1.7318325257128384e-10,0.003401957874124756,0.9965980419526028,2,20,20
12,5406,7.195359001847955e-16,3.418679174482781e-17,9.781408376672635e-08,0.9999999021859156,2,20,20
12,5407,3.5060187835354013e-16,1.7675244492745694e-17,8.523354366227545e-05,0.9999147664563375,2,20,20
12,5408,2.032845522302343e-16,5.0116928484128385e-17,5.885017477621372e-05,0.9999411498252235,2,20,20
12,5409,3.7826446973245313e-16,9.750474088478065e-16,1.5913940374772677e-06,0.9999984086059612,2,20,20
12,5410,3.233942895324235e-11,9.88170035533318e-16,0.0016192960448062762,0.9983807039228533,2,20,20
12,5411,3.233994202061605e-11,1.9125193219247357e-15,0.0016207706723047298,0.9983792292953535,2,20,20
12,5412,1.0685633520922051e-14,3.058394756287501e-12,0.0001192547217693692,0.9998807452751617,2,20,20
12,5413,1.988964445388406e-14,1.7572199547935976e-10,0.004737747946238886,0.9952622518780194,2,20,20
12,5414,3.506027125237871e-18,5.998558667065927e-19,8.737108294849553e-08,0.999999912628917,2,20,20
12,5415,1.5086095705337071e-10,1.4218140753030513e-13,0.17482889726558287,0.825171102583414,2,20,20
12,5416,1.7692095103448332e-09,1.5619773077812687e-13,0.0229595066163045,0.9770404916143298,2,20,20
12,5417,1.7692186917148924e-09,1.0360786687175041e-13,0.02646981854977055,0.973530179680907,2,20,20
12,5418,8.770171905088184e-16,1.738922624560669e-10,0.0011568214021973836,0.9988431784239094,2,20,20
12,5419,8.772858576400257e-16,1.738922465240029e-10,0.0011558973483504742,0.9988441024777563,2,20,20
12,5420,4.012237493753695e-14,9.582615562936349e-16,2.060331244444355e-06,0.9999979396687144,2,20,20
12,5421,4.0377040313451726e-14,3.037463882248326e-12,0.003330736435525141,0.996669263561397,2,20,20
12,5422,1.2976152817675483e-10,3.0584113021014326e-12,6.153510905748204e-05,0.9999384647581226,2,20,20
12,5423,6.178981526259685e-13,5.5371092958240235e-14,0.0015682928043561964,0.9984317071949707,2,20,20
12,5424,3.244039515480699e-11,3.111109862231414e-12,6.194753246495834e-05,0.9999380524319834,2,20,20
12,5425,3.078928130417162e-17,5.3678502747155757e-14,3.9400078941637954e-06,0.9999960599920521,2,20,20
12,5426,1.0700890133468582e-14,3.0584112657726472e-12,6.19183149906028e-05,0.9999380816819404,2,20,20
12,5427,3.99683548058073e-14,9.744653322179064e-16,5.9860882483687504e-05,0.9999401391174754,2,20,20
12,5428,3.9959322090438286e-14,5.011894639673356e-17,7.811907993709446e-07,0.9999992188091608,2,20,20
12,5429,3.995031618548726e-14,9.74758760766832e-16,1.7943957577222803e-06,0.9999982056042013,2,20,20
12,5430,1.4154637083185146e-15,3.05169313727986e-12,0.0012125248752162762,0.9987874751217307,2,20,20
12,5431,4.064148010689421e-14,3.0516928477891873e-12,0.0012125382342555876,0.998787461762652,2,20,20
12,5432,7.343534990788006e-09,6.14053933814009e-12,0.004787918202939679,0.9952120744473847,2,20,20
12,5433,5.785761190873966e-13,3.1052112893830373e-12,0.001161094077033736,0.9988389059192827,2,20,20
12,5434,9.98617933081923e-15,9.74463238974727e-16,2.5246191900052045e-06,0.999997475380799,2,20,20
12,5435,1.7850612555259568e-16,9.576795679110187e-16,8.407366623945215e-05,0.9999159263337596,2,20,20
12,5436,3.6289652047456124e-16,1.8986041537095582e-15,0.00014140966903401805,0.9998585903309638,2,20,20
12,5437,1.9997761288601428e-16,1.882664781610618e-15,5.883979070811861e-05,0.9999411602092899,2,20,20
12,5438,3.1389143298122154e-18,1.7380752646263962e-17,6.296014604429314e-08,0.9999999370398542,2,20,20
12,5439,1.8132495439021876e-16,1.8826646361936713e-15,0.00014139880083912534,0.9998586011991587,2,20,20
12,5440,5.698063175169434e-13,4.982657857927399e-17,8.426331051870027e-05,0.9999157366889115,2,20,20
12,5441,5.691086274966717e-13,3.3604879644324474e-17,8.424565717084604e-05,0.9999157543422601,2,20,20
12,5442,6.492369512883807e-13,2.8404481907344454e-15,2.0941676197769536e-05,0.9999790583231503,2,20,20
12,5443,3.99466225134143e-14,5.3678782326899204e-14,2.528703710565774e-06,0.999997471296196,2,20,20
12,5444,1.426092696686704e-15,9.419268399033546e-16,5.9842006012876524e-05,0.999940157993985,2,20,20
12,5445,1.0872448054666906e-14,9.581409823028832e-16,0.00014299369033624726,0.999857006309652,2,20,20
12,5446,5.430844407545356e-19,3.3322816548398905e-17,1.075537912231686e-06,0.9999989244620877,2,20,20
12,5447,3.9947237308734146e-14,1.8988328416735112e-15,1.5228742155776653e-06,0.9999984771257426,2,20,20
12,5448,4.0822610499661967e-14,5.554177834726866e-14,2.9998900520632157e-05,0.999970001099383,2,20,20
12,5449,4.0647467303344026e-14,2.8237472388595926e-15,2.5424566752131375e-06,0.9999974575432814,2,20,20
12,5450,3.534542174350514e-16,1.8828347670817024e-15,2.998979921823748e-05,0.9999700102007796,2,20,20
12,5451,2.011577040098877e-12,8.777462152634263e-09,0.05824882515333528,0.941751166067191,2,20,20
12,5452,3.214081761485268e-11,1.7266549920695142e-10,0.004678756118429064,0.9953212436767644,2,20,20
12,5453,1.849905736650968e-17,9.585310794773095e-16,1.5112634633763731e-06,0.9999984887365356,2,20,20
12,5454,8.024331851349005e-14,3.112838560462087e-12,8.633109614100336e-05,0.9999136689006659,2,20,20
12,5455,2.7667597025164797e-17,9.582472598435896e-16,1.1009880929963478e-06,0.9999988990119062,2,20,20
12,5456,3.3211073682893205e-19,1.710111951640842e-17,1.0581950841755783e-06,0.9999989418049156,2,20,20
12,5457,1.2022448003866303e-19,8.794557175493447e-19,4.5184602025972376e-08,0.9999999548153982,2,20,20
12,5458,2.3166563308332517e-12,5.4585787505638035e-14,2.0791824698193523e-05,0.9999792081729308,2,20,20
12,5459,4.0645160708045996e-14,5.461654491359602e-14,0.0016215309374923157,0.9983784690624127,2,20,20
12,5460,3.99592151925343e-14,9.906940986319138e-16,3.5247138668530803e-06,0.999996475286092,2,20,20
12,5461,4.9941431478975315e-14,5.460080529419119e-14,3.1678998370822866e-05,0.9999683210015247,2,20,20
12,5462,1.0009936806413668e-14,5.365966078497884e-14,3.063635924791972e-05,0.9999693636406889,2,20,20
12,5463,3.986405541960282e-14,5.3522542090115127e-14,0.0011538217355908627,0.9988461782643158,2,20,20
12,5464,1.5856767312557216e-17,1.710618669325505e-17,2.507772445026648e-06,0.9999974922275547,2,20,20
12,5465,2.5074536876045733e-17,1.7106200804630634e-17,2.0879486775028943e-06,0.9999979120513225,2,20,20
12,5466,3.9854974504242727e-14,9.560792978722373e-16,0.001236298718131492,0.9987637012818278,2,20,20
12,5467,2.2717116303172466e-12,5.355540775697696e-14,0.0011544420050964884,0.9988455579925783,2,20,20
12,5468,2.276417374631717e-12,1.0729027477834755e-13,8.266555938372034e-05,0.9999173344382326,2,20,20
12,5469,9.998063415421978e-15,5.4601034843932515e-14,2.1856841286732195e-05,0.9999781431586487,2,20,20
12,5470,4.995516764431327e-14,3.1122750429700453e-12,4.3552893486213685e-05,0.9999564471033519,2,20,20
12,5471,1.401595275908396e-15,3.389208060785263e-17,1.4318269618082772e-06,0.9999985681730368,2,20,20
12,5472,4.0521355463707785e-14,3.1013947371832943e-12,0.0016194547340321807,0.9983805452628258,2,20,20
12,5473,1.2981147724346126e-10,3.1032598823929624e-12,0.0016405064997141521,0.9983594933673713,2,20,20
12,5474,3.9944144436584507e-14,3.3327899223763205e-17,1.1020458918078364e-06,0.9999988979540682,2,20,20
12,5475,3.994430615211874e-14,1.682660232430689e-17,1.0947245589203837e-06,0.9999989052754013,2,20,20
12,5476,2.265622266770319e-12,1.0629155562640565e-13,0.004663919782013572,0.9953360802156144,2,20,20
12,5477,1.8754786019502616e-16,9.582459679820176e-16,1.8256898953818605e-06,0.9999981743101035,2,20,20
12,5478,1.7525684022975597e-16,9.582422334116794e-16,1.0764759162735672e-06,0.9999989235240825,2,20,20
12,5479,3.5039066777973307e-16,1.915325411229474e-15,2.1149620759923574e-06,0.9999978850379218,2,20,20
12,5480,3.233933338296945e-11,1.7373204707450046e-10,0.0016214770954888062,0.99837852269844,2,20,20
12,5481,1.5642101957142327e-17,3.360749829245669e-17,1.0822101407973476e-06,0.9999989177898594,2,20,20
12,5482,3.3479632518806872e-18,3.360240242284433e-17,1.4932698850986943e-06,0.9999985067301149,2,20,20
12,5483,3.617489208732985e-18,1.7390691093673662e-17,1.4817336894889265e-06,0.9999985182663107,2,20,20
12,5484,1.7567195411237792e-16,1.710536673314113e-17,2.8539626229548444e-05,0.9999714603737702,2,20,20
12,5485,2.0018896273553066e-16,1.898884545472478e-15,0.00011758392865034312,0.9998824160713478,2,20,20
12,5486,4.01174015444945e-14,3.0574542950865513e-12,6.0844407484437694e-05,0.999939155589418,2,20,20
12,5487,1.7541297936474545e-16,9.582422334034662e-16,1.0835445406687667e-06,0.9999989164554584,2,20,20
12,5488,7.161880832775901e-16,1.174032590643214e-18,2.8634844049272833e-06,0.9999971365155944,2,20,20
12,5489,1.542271447514212e-17,1.7101151960353048e-17,1.5182893844186805e-06,0.9999984817106157,2,20,20
12,5490,1.0004395653169055e-14,3.390207335505153e-17,3.4253501257576545e-06,0.9999965746498642,2,20,20
12,5491,9.984528332961942e-15,1.709850307769404e-17,8.422041128156964e-05,0.9999157795887086,2,20,20
12,5492,6.210280654742694e-06,3.1634364773384053e-12,0.49092444143733804,0.5090693482788436,2,20,20
12,5493,0.18805533538000446,9.738410767635945e-08,0.31528459516629526,0.4966599720695926,2,20,20
12,5494,0.4937524798252112,8.971583936355125e-09,0.006331659237317242,0.4999158519658876,2,20,20
12,5495,0.489597930644094,2.492455322647336e-07,0.015702976430772335,0.4946988436796014,2,20,20
12,5496,0.48959792881439,2.4924542516442324e-07,0.010400659450844845,0.50000116248934,2,20,20
12,5497,0.4903280962208998,1.3785164182542672e-15,0.009672422135833142,0.49999948164326574,2,20,20
12,5498,2.558528069215423e-05,3.6789526122810624e-10,0.49997493271403204,0.49999948163737945,2,20,20
12,5499,0.07249769295392887,1.0721049003692116e-13,0.4321661286918615,0.4953361783541023,2,20,20
12,5500,3.9558089721541106e-05,2.702889182457309e-05,0.4999348603972793,0.4999985526211734,2,20,20
12,5501,0.1947712001877423,1.8005417033964458e-09,0.30522977470897955,0.4999990233027361,2,20,20
12,5502,0.36677763549183684,9.456019537007824e-08,0.13322348615382942,0.49999878379413853,2,20,20
12,5503,0.3667776356216084,9.456024995430437e-08,0.13324386930733076,0.499978400510811,2,20,20
12,5504,0.41317995357148724,1.1506477592805182e-12,0.08682009003138952,0.49999995639597256,2,20,20
12,5505,0.4131799535715272,1.2052088298348214e-12,0.08690264660876588,0.4999173998185018,2,20,20
12,5506,0.41317995357148724,1.1506477693538157e-12,0.08682009026929313,0.49999995615806897,2,20,20
12,5507,0.4947760978534289,5.883125038363765e-11,0.005207945610097473,0.5000159564776424,2,20,20
12,5508,0.4990775399999578,6.370514377321678e-15,0.000923909608421004,0.49999855039161484,2,20,20
12,5509,0.0002304852506922803,3.5611246009777387e-07,0.49967383111500746,0.5000953275218399,2,20,20
12,5510,0.00023048525069227437,3.561124610061455e-07,0.49970087722051765,0.500068281416329,2,20,20
12,5511,0.48957520765966495,1.0458574419053933e-07,0.010439206952413318,0.49998548080217725,2,20,20
12,5512,0.49995472679795105,2.5383836604118566e-14,6.55603873498881e-05,0.4999797128146734,2,20,20
12,5513,0.4999831111235018,6.457600641164036e-19,1.694003636221567e-05,0.49999994884013593,2,20,20
12,5514,0.49735421134663493,2.2404943396417037e-09,0.0026466603261674974,0.49999912608670305,2,20,20
12,5515,0.48653825577602705,4.996914798217821e-07,0.013392471353324767,0.5000687731791684,2,20,20
12,5516,0.4999979401968259,5.366295890290244e-14,2.9338125885470995e-06,0.49999912599053203,2,20,20
12,5517,0.4999979401996448,3.0823773595387444e-12,0.004674544179893157,0.4953275156173798,2,20,20
12,5518,0.2941041823347891,4.712978091784939e-12,0.21056830182348135,0.4953275158370167,2,20,20
12,5519,0.4999938336421303,2.2326482922262262e-15,7.223397431577287e-06,0.49999894296043584,2,20,20
12,5520,0.03769023397428927,9.927223214711884e-09,0.46231214751086613,0.49999760858762116,2,20,20
12,5521,7.1618548756768765e-16,1.0729123908450529e-13,4.968843450602386e-06,0.9999950311564417,2,20,20
12,5522,1.0001257453916711e-14,1.0730746083004914e-13,4.969285960286735e-06,0.9999950307139225,2,20,20
12,5523,1.9982947228819752e-14,1.0731791586950472e-13,6.130562462283979e-05,0.99993869437525,2,20,20
12,5524,3.3810623736775104e-17,9.905397055899299e-16,8.309698990445275e-05,0.9999169030100946,2,20,20
12,5525,1.089199627570046e-14,5.463345066085446e-14,0.00011159343738390397,0.9998884065625506,2,20,20
12,5526,7.073472516381852e-16,9.74755081469594e-16,1.8575563979446121e-06,0.9999981424436004,2,20,20
12,5527,1.0686898802126092e-14,1.915331359608315e-15,1.8920752999621309e-06,0.9999981079246876,2,20,20
12,5528,7.014158414895917e-16,9.576845583110724e-16,4.3567265560312206e-07,0.9999995643273429,2,20,20
12,5529,1.001484784409836e-14,1.9908204754710507e-12,0.17928746215185684,0.8207125378461422,2,20,20
12,5530,3.243677251139982e-11,9.742538615882104e-16,0.00011617432349262608,0.9998838256440699,2,20,20
12,5531,7.038471520852015e-16,3.360241896206798e-17,1.0941082895597909e-06,0.99999890589171,2,20,20
12,5532,6.366644501803079e-18,9.57961892831009e-16,1.5111114565507909e-06,0.9999984888885426,2,20,20
12,5533,1.4014777100244544e-15,1.710929348539632e-17,5.92868096367174e-05,0.9999407131903617,2,20,20
12,5534,3.9939156015401643e-14,9.413527977245651e-16,5.8863787040403067e-05,0.9999411362129187,2,20,20
12,5535,1.0670025411743273e-15,3.447628620508917e-17,1.8582337149015054e-06,0.9999981417662842,2,20,20
12,5536,1.4199443397650867e-15,3.0574383627987518e-12,6.084582247312782e-05,0.9999391541744683,2,20,20
12,5537,1.2993286003936264e-10,5.445970820601379e-14,0.0016280886790515162,0.9983719111909612,2,20,20
12,5538,1.0511521247195204e-15,5.364342662027386e-14,3.257599133703865e-05,0.9999674240086084,2,20,20
12,5539,1.2976251532788492e-10,1.0822376231458421e-13,8.970178521420275e-05,0.999910298084915,2,20,20
12,5540,7.268424867832122e-16,5.355527638855357e-14,0.0011540800614293749,0.9988459199385162,2,20,20
12,5541,7.97516802440172e-14,3.0601169546356118e-12,0.00170198737300382,0.9982980126238564,2,20,20
12,5542,4.9800472022176486e-14,2.8338735806573505e-15,0.0016205416596275896,0.9983794583403198,2,20,20
12,5543,3.981785532058519e-14,1.909239441255409e-15,0.0016204988934363676,0.998379501106522,2,20,20
12,5544,9.989252862681348e-15,9.90690044486763e-16,2.9424615018722353e-06,0.9999970575384873,2,20,20
12,5545,9.989236746809079e-15,5.369500908537231e-14,3.93471459420175e-06,0.9999960652853422,2,20,20
12,5546,7.340622876999159e-09,3.200226903917287e-10,0.08195328488637986,0.9180467074529746,2,20,20
12,5547,7.340589171698747e-09,1.7295875500761373e-10,0.003834350477759411,0.9961656420086928,2,20,20
12,5548,2.276602860629013e-12,5.5535442137695806e-14,0.00011152632390951511,0.9998884736737584,2,20,20
12,5549,1.9977236184641645e-16,9.906380258429584e-16,2.9963999750828694e-05,0.999970036000248,2,20,20
12,5550,1.2354740824216283e-17,3.3322756960377394e-17,1.475799744632209e-06,0.9999985242002554,2,20,20
12,5551,1.8754041905193573e-16,9.582414468924295e-16,2.9419095659692776e-06,0.9999970580904329,2,20,20
12,5552,6.092827124915642e-13,1.913051591807313e-15,0.0016495313619647805,0.9983504686374242,2,20,20
12,5553,3.300615724392514e-11,3.059055089436863e-12,0.00019589187106408012,0.999804108092871,2,20,20
12,5554,5.691025856577451e-13,9.575339422624494e-16,8.425277633424172e-05,0.9999157472230957,2,20,20
12,5555,7.041143590716658e-16,4.98342065712911e-17,5.626393314405991e-07,0.999999437360668,2,20,20
12,5556,7.010408208582601e-16,4.982411538007243e-17,1.093623976048126e-06,0.9999989063760233,2,20,20
12,5557,3.7808261712963453e-16,5.3676567194535546e-14,2.9978347621041893e-05,0.9999700216523247,2,20,20
12,5558,3.982993004586124e-14,1.8933022954413474e-15,0.00162050473875806,0.9983794952612002,2,20,20
12,5559,3.2442297650251165e-11,1.0731839123701538e-13,8.992267979982794e-05,0.9999100772876505,2,20,20
12,5560,3.244230051331528e-11,1.0824303724895778e-13,3.259833861990459e-05,0.9999674016288297,2,20,20
12,5561,3.2482224107294526e-11,3.164739075785307e-12,9.159361597825671e-05,0.9999084063483749,2,20,20
12,5562,2.2715397321929312e-12,5.353932256999698e-14,0.00115483243273484,0.9988451675649402,2,20,20
12,5563,2.2715548311812916e-12,1.0716835861567194e-13,0.0011556053970311832,0.9988443946005898,2,20,20
12,5564,4.100273514692096e-14,5.461418756355095e-14,5.923527526022725e-05,0.9999407647246443,2,20,20
12,5565,1.7572208448257986e-16,4.982738813301854e-17,2.9945042372599812e-05,0.9999700549576269,2,20,20
12,5566,1.2948767655910959e-10,9.725924584827383e-16,0.0011175135061269994,0.9988824863643844,2,20,20
12,5567,5.430844407545352e-19,3.332281654839915e-17,1.075537912231681e-06,0.9999989244620877,2,20,20
12,5568,1.2749811763101033e-17,9.678098754836903e-16,0.0033292240118805915,0.9966707759881184,2,20,20
12,5569,2.261819236969795e-12,5.3305634840069514e-14,0.0033294186270025087,0.9966705813706822,2,20,20
12,5570,2.2625197370220465e-12,5.330591440922966e-14,0.003330425237472497,0.9966695747602119,2,20,20
12,5571,9.991126532181121e-15,5.553797459834867e-14,0.0001413997421357365,0.9998586002577985,2,20,20
12,5572,5.692932523700545e-13,1.915470382578876e-15,8.566625769117049e-05,0.9999143337417378,2,20,20
12,5573,2.0306101604118162e-16,2.8227058463052903e-15,0.004665277833274214,0.9953347221667228,2,20,20
12,5574,3.4278663153226784e-14,3.866125653638406e-07,0.1586420943450578,0.8413575190423427,2,20,20
12,5575,8.944999069202476e-16,3.0582742088620957e-12,8.4402282493415e-05,0.9999155977144474,2,20,20
12,5576,1.9083473706042885e-16,9.584263182914878e-16,5.931760275922762e-05,0.9999406823972397,2,20,20
12,5577,1.050047571795837e-07,3.1120095885249486e-12,0.001958006581890174,0.9980418884102409,2,20,20
12,5578,7.19384960891072e-16,3.057649572631888e-12,2.8621970013746002e-05,0.9999713780269281,2,20,20
12,5579,5.698113586800719e-13,3.111286161101444e-12,0.0001112066452890054,0.9998887933510301,2,20,20
12,5580,7.975355300799021e-14,5.551592650046398e-14,0.001677869996854898,0.9983221300030098,2,20,20
12,5581,4.9923388105776225e-14,1.0727688741743626e-13,0.00014143377900805376,0.9998585662208348,2,20,20
12,5582,2.491182414922409e-17,9.582110921972333e-16,2.1736370427033492e-05,0.999978263629572,2,20,20
12,5583,1.7546290583241033e-16,3.3602357417898045e-17,2.9240702046279305e-06,0.9999970759297953,2,20,20
12,5584,1.8754555984307619e-16,1.8827726005806304e-15,6.025936477508426e-05,0.9999397406352231,2,20,20
12,5585,8.884876384867135e-16,5.366089135000633e-14,2.0833085042452378e-05,0.9999791669149032,2,20,20
12,5586,1.2976990294376194e-10,5.461730946721844e-14,3.0740405003946775e-05,0.9999692594651713,2,20,20
12,5587,2.0055520759738648e-14,1.9153135955030042e-15,0.004676997085637746,0.9953230029143401,2,20,20
12,5588,2.005042741031877e-14,4.951811679806408e-17,0.004759229990842545,0.9952407700091375,2,20,20
12,5589,2.2718051823609383e-12,5.424634262375499e-14,0.0034118674003878724,0.9965881325972861,2,20,20
12,5590,3.244312362360957e-11,1.007431518211268e-15,3.050885908741356e-05,0.9999694911084683,2,20,20
12,5591,3.244312362360957e-11,1.0074315182112682e-15,3.050885908741356e-05,0.9999694911084684,2,20,20
12,5592,3.24832423810612e-11,1.9483023824035607e-15,3.059420135857063e-05,0.9999694057661563,2,20,20
12,5593,4.013132319996813e-14,9.744732666194536e-16,1.5784837163335637e-06,0.9999984215162429,2,20,20
12,5594,3.563180449694756e-18,9.743532999084315e-16,6.024108666869547e-05,0.9999397589133304,2,20,20
12,5595,1.7870398219124078e-16,6.605088069369511e-17,2.073231472968947e-06,0.9999979267685266,2,20,20
12,5596,3.749526776955511e-16,1.899009618579779e-15,5.7030457039460397e-05,0.9999429695429582,2,20,20
12,5597,7.041152685549968e-16,9.744691310511335e-16,1.118663099250374e-06,0.9999988813368992,2,20,20
12,5598,1.4015929262279967e-15,9.744691335389911e-16,1.1189736190448143e-06,0.9999988810263788,2,20,20
12,5599,9.986123583697393e-15,9.582415751677015e-16,1.5186773322507983e-06,0.9999984813226569,2,20,20
12,5600,2.271618396918018e-12,3.038403419987417e-12,0.003330921157725426,0.9966690788369648,2,20,20
12,5601,1.0161285338205493e-14,5.3678782253898735e-14,5.385754515200249e-06,0.9999946142454209,2,20,20
12,5602,3.295053464801692e-18,1.7380752638070788e-17,7.002877043949486e-08,0.9999999299712294,2,20,20
12,5603,3.957141452946772e-14,3.0302163856880366e-12,0.004664075845706843,0.9953359241512233,2,20,20
12,5604,1.0442429351053291e-07,1.726728504809502e-10,0.4614103923390072,0.538589503064026,2,20,20
12,5605,2.969781993957072e-06,4.910503788177479e-09,0.5000796015275395,0.49991742377996307,2,20,20
12,5606,3.258936208060669e-05,1.1126185306031893e-08,0.5000498519096326,0.49991754760210116,2,20,20
12,5607,0.00036394867399604166,6.017786192103372e-07,0.49971800523186427,0.4999174443155202,2,20,20
12,5608,0.0002164912432579073,3.9351483441199015e-12,0.49986611512170936,0.4999173936310971,2,20,20
12,5609,0.0002164912432878479,3.988768414505788e-12,0.4998661086325818,0.4999174001201414,2,20,20
12,5610,0.00021649124324792,3.9342070643158694e-12,0.4997845405288282,0.4999989682239897,2,20,20
12,5611,0.00021611365369216744,6.216702238062331e-16,0.4997842429457226,0.4999996434005842,2,20,20
12,5612,0.0002161136536928559,6.378870497527751e-16,0.4997849443124964,0.4999989420338099,2,20,20
12,5613,0.00021611365369216738,6.051588635425345e-16,0.4997849355255745,0.4999989508207323,2,20,20
12,5614,0.06172567086947761,1.5784944612514992e-08,0.044759801983105495,0.8935145113624725,2,20,20
12,5615,5.757845127004182e-13,3.0582618553299853e-12,0.0036236183827159365,0.9963763816136499,2,20,20
12,5616,7.163785854139475e-16,4.9825522396231214e-17,5.883591307762779e-05,0.9999411640869217,2,20,20
12,5617,1.9102656530266776e-16,1.898891559102843e-15,5.8847223713663426e-05,0.9999411527762844,2,20,20
12,5618,1.0334824463829338e-14,1.898808315805246e-15,0.00016574573342099654,0.9998342542665665,2,20,20
12,5619,4.016343594818512e-14,3.0487890712005723e-12,0.0017110647021763555,0.9982889352947347,2,20,20
12,5620,1.4016372392598587e-15,3.3610553691572516e-17,6.144672520054475e-05,0.9999385532747981,2,20,20
12,5621,9.985780644167182e-15,1.7380680693455044e-17,0.00017655029683820355,0.9998234497031517,2,20,20
12,5622,2.2772187147344733e-12,3.1111070938605617e-12,0.00014306297605085687,0.9998569370185607,2,20,20
12,5623,4.288128625365683e-12,1.5705194259934556e-10,0.058296524387568084,0.9417034754510919,2,20,20
12,5624,2.011614097787429e-12,1.5399635866153288e-10,0.06156524194234282,0.9384347579016494,2,20,20
12,5625,3.80505576803029e-18,1.9027909255627104e-15,0.003411758548734705,0.9965882414512637,2,20,20
12,5626,4.563896950288746e-12,3.0848214879822065e-12,0.004723927199385989,0.9952760727929651,2,20,20
12,5627,1.5716285958619594e-15,3.0302574513695992e-12,0.004665857525742106,0.9953341424712259,2,20,20
12,5628,1.3365651500086984e-15,1.8037856010302433e-15,0.05823760147999908,0.9417623985199977,2,20,20
12,5629,7.039009302324194e-16,9.582409730068853e-16,1.8268062245964805e-06,0.9999981731937736,2,20,20
12,5630,1.9060972346524299e-16,9.417097028749094e-16,2.1788759178395542e-05,0.9999782112408205,2,20,20
12,5631,3.2091938968832355e-11,9.82691162291921e-09,0.005430594564572007,0.9945693955764245,2,20,20
12,5632,2.276414994834462e-12,3.058252085728213e-12,8.387635377458311e-05,0.9999161236408911,2,20,20
12,5633,8.762008987914092e-16,5.3489103944952054e-14,0.0016192528697635857,0.9983807471301823,2,20,20
12,5634,6.204929388622395e-18,1.7101151956037344e-17,1.518417824340889e-06,0.9999984815821759,2,20,20
12,5635,6.155671503703972e-18,3.3322803389309417e-17,1.4937034706318617e-06,0.9999985062965296,2,20,20
12,5636,3.996206646988511e-14,9.74473209902754e-16,2.9901075682311217e-06,0.9999970098923912,2,20,20
12,5637,3.996211572777003e-14,9.582515584694813e-16,3.0148219219401372e-06,0.9999969851780371,2,20,20
12,5638,6.091540654024475e-13,9.909747175724442e-16,4.447712874020759e-06,0.9999955522865159,2,20,20
12,5639,1.5483156257281885e-17,3.3607524883337494e-17,1.4687591158503724e-06,0.999998531240884,2,20,20
12,5640,9.984882711648674e-15,5.365398365966192e-14,8.2645256210128e-05,0.9999173547437264,2,20,20
12,5641,1.5960867113788574e-17,9.58256561346399e-16,1.499684731780218e-06,0.9999985003152675,2,20,20
12,5642,5.691956960378122e-13,5.4586925470038147e-14,2.528830278148028e-06,0.9999974711690981,2,20,20
12,5643,5.64580503307837e-13,1.726645426361482e-10,0.004677313060649455,0.9953226867661216,2,20,20
12,5644,5.645802337815501e-13,1.726645588478595e-10,0.004677329264971791,0.9953226705617992,2,20,20
12,5645,7.133307778688528e-16,3.361248960385033e-17,1.0821080414148541e-06,0.999998917891958,2,20,20
12,5646,6.010384011248626e-14,1.7731642234614536e-10,0.00018660305322092566,0.9998133967694027,2,20,20
12,5647,2.312233028799926e-12,1.7431262873631617e-10,0.0012823656282959762,0.9987176341950794,2,20,20
12,5648,2.282108262974231e-12,5.356897157091674e-14,0.0011812243208646285,0.9988187756768,2,20,20
12,5649,2.2723221425813186e-12,5.358576260417936e-14,0.001179332068693493,0.9988206679289809,2,20,20
12,5650,4.099404259114925e-14,3.05848748133788e-12,4.917045242800418e-05,0.9999508295444727,2,20,20
12,5651,2.2767991790830617e-12,2.83997660719293e-15,3.148904499958102e-06,0.9999968510932203,2,20,20
12,5652,1.559004942230657e-17,9.582473144481457e-16,1.0832568376656488e-06,0.9999989167431615,2,20,20
12,5653,9.988984201736333e-15,9.741836259189071e-16,2.9423520324431592e-06,0.9999970576479567,2,20,20
12,5654,7.042717456861105e-16,9.42308742826442e-16,2.838140300733193e-06,0.9999971618596979,2,20,20
12,5655,1.1745271763173524e-12,5.442796259203904e-14,0.003238867659037532,0.9967611323397332,2,20,20
12,5656,5.673677104432633e-13,9.554894708922699e-16,0.0016192024994483006,0.9983807974999834,2,20,20
12,5657,1.88025698861228e-16,9.582566474864712e-16,1.4949299295046558e-06,0.9999985050700693,2,20,20
12,5658,5.693824960965011e-13,2.8237510539720176e-15,4.386540363966032e-06,0.999995613459064,2,20,20
12,5659,2.8459769451181503e-12,5.646893204662914e-14,5.421880481809148e-06,0.9999945781166159,2,20,20
12,5660,6.091371872069985e-13,2.8240000653628544e-15,2.3232635129146447e-05,0.999976767364259,2,20,20
12,5661,2.7375195919619305e-11,4.6205975071816665e-14,0.07812449448734698,0.9218755054852317,2,20,20
12,5662,2.7375021155885406e-11,4.5264555130580014e-14,0.07812306311337452,0.9218769368592054,2,20,20
12,5663,2.7375021263695762e-11,4.5281346101069176e-14,0.07812305933044851,0.9218769406421311,2,20,20
12,5664,1.866025675416656e-17,5.4603031864119913e-14,6.127620108974238e-05,0.9999387237988558,2,20,20
12,5665,3.348375403199934e-18,1.7377979274977693e-17,8.26046007267855e-05,0.999917395399273,2,20,20
12,5666,3.669947671995175e-18,1.738796504135895e-17,8.260377067965925e-05,0.9999173962293204,2,20,20
12,5667,6.071248708005128e-13,3.084626177530312e-12,0.0062836882658816135,0.9937163117304265,2,20,20
12,5668,6.1556715037040166e-18,3.3322803389309417e-17,1.493703470631862e-06,0.9999985062965295,2,20,20
12,5669,1.757020573945234e-16,5.3669901491359615e-14,0.0001651780899804545,0.9998348219099655,2,20,20
12,5670,3.9946622513414436e-14,5.36787823268992e-14,2.528703710565769e-06,0.9999974712961961,2,20,20
12,5671,4.993065921865203e-14,5.369217913008585e-14,3.175520314988006e-05,0.9999682447967465,2,20,20
12,5672,4.012138314851454e-14,5.36758007258858e-14,0.004692863989034751,0.9953071360108716,2,20,20
12,5673,5.691795698611824e-13,9.906940738961724e-16,3.109017489699424e-05,0.9999689098245331,2,20,20
12,5674,8.912798918520535e-16,5.461674331534477e-14,3.066123940844332e-05,0.9999693387605363,2,20,20
12,5675,6.098121978059352e-13,5.5525893011181244e-14,3.143532938662266e-05,0.999968564669948,2,20,20
12,5676,1.420032234806924e-15,9.588266085953668e-16,1.111094363310564e-06,0.9999988889056345,2,20,20
12,5677,5.700560191375339e-13,1.899205800047522e-15,0.00011207066985862785,0.9998879293295695,2,20,20
12,5678,5.705824670644249e-13,3.048880036649264e-12,0.001648557169236673,0.9983514428271438,2,20,20
12,5679,1.0666957026815926e-15,5.460135511939478e-14,2.3345752631520167e-05,0.9999766542473129,2,20,20
12,5680,1.5424683118574328e-17,5.364001484588793e-14,5.884676982504563e-05,0.9999411532301212,2,20,20
12,5681,8.854683310900094e-16,1.7318325256653603e-10,0.0034019575016873468,0.9965980423251286,2,20,20
12,5682,1.0674662851100472e-14,5.3571437407375016e-14,0.0011553190972867738,0.9988446809026491,2,20,20
12,5683,1.5752687553886565e-17,4.983428705982639e-17,1.950784491741525e-06,0.9999980492155081,2,20,20
12,5684,5.064375848495702e-14,9.909527389115804e-16,2.125458794288867e-05,0.9999787454120057,2,20,20
12,5685,5.0816065695880306e-14,1.915476968555996e-15,7.966473540681861e-05,0.9999203352645407,2,20,20
12,5686,1.106125850787964e-14,5.554196302902924e-14,8.685042214485992e-05,0.9999131495777885,2,20,20
12,5687,8.434832012545994e-15,1.291606181366815e-10,0.13938434554001597,0.860615654330815,2,20,20
12,5688,7.75704216258024e-15,1.2610988342763416e-10,0.13823165270447738,0.8617683471694052,2,20,20
12,5689,3.4143098954727466e-12,1.742431833822117e-10,0.00015695734990731584,0.9998430424724353,2,20,20
12,5690,7.0103750106036445e-16,9.58242219285103e-16,2.506656923322288e-06,0.9999974933430753,2,20,20
12,5691,7.012521847349639e-16,9.744600835198158e-16,5.984863537156049e-05,0.9999401513646271,2,20,20
12,5692,1.5852870502986103e-17,5.3678498783593464e-14,6.127570210394909e-05,0.9999387242978426,2,20,20
12,5693,5.692115111593513e-13,5.461993286462519e-14,3.5340124424755874e-06,0.9999964659869339,2,20,20
12,5694,5.692110827131319e-13,5.3679071176635563e-14,2.5372080648907526e-06,0.9999974627913122,2,20,20
12,5695,9.996580289447963e-15,5.3653368948916596e-14,8.301357444137313e-05,0.9999169864254946,2,20,20
12,5696,3.214165684502938e-11,3.029283868428805e-12,0.004664194375678339,0.9953358055891508,2,20,20
12,5697,6.21336222584514e-18,1.7111211413772895e-17,5.518996276296996e-07,0.9999994481003723,2,20,20
12,5698,3.985507113334967e-14,5.3539001345660706e-14,0.0011548304710325594,0.9988451695288743,2,20,20
12,5699,5.69104701231871e-13,5.365396922103368e-14,8.366039098485156e-05,0.9999163396083927,2,20,20
12,5700,3.301334699520635e-11,5.554220835562703e-14,2.3919221185156453e-05,0.9999760807457463,2,20,20
12,5701,4.9573896262949797e-14,3.083885690620897e-12,0.004746662734821014,0.9952533372620455,2,20,20
12,5702,1.297864707093742e-10,5.554422022322032e-14,2.315803638266533e-05,0.9999768418337756,2,20,20
12,5703,1.0771837489094771e-14,9.740401926602113e-16,0.0046760861432137615,0.9953239138567745,2,20,20
12,5704,3.441784710287814e-11,1.0680100650192208e-13,0.004728124426168272,0.9952718755393071,2,20,20
12,5705,4.553045516190446e-12,5.4613502571141083e-14,0.00011883967507204912,0.9998811603203203,2,20,20
12,5706,2.27667675412608e-12,5.3676157981836947e-14,5.8171070689469594e-05,0.9999418289269804,2,20,20
12,5707,8.881044256143775e-16,5.411104049513922e-14,0.004663886730532081,0.9953361132694128,2,20,20
12,5708,8.881042517815177e-16,5.411104055083754e-14,0.004664342326489602,0.9953356576734553,2,20,20
12,5709,1.5889186393548725e-15,5.365675706401255e-14,6.143508090961608e-05,0.9999385649190351,2,20,20
12,5710,7.407746865605249e-16,5.366207942175378e-14,3.871583584128524e-06,0.9999961284163614,2,20,20
12,5711,3.995419430589717e-17,5.363973524604596e-14,6.088673400238926e-05,0.9999391132659438,2,20,20
12,5712,2.75561787583162e-12,1.6867540583591774e-10,0.016124342656858685,0.9838756571717102,2,20,20
12,5713,1.0697323361229637e-14,5.3653974315201013e-14,0.0001029064646167934,0.9998970935353191,2,20,20
12,5714,1.0066390066258567e-14,9.494517331729413e-16,0.004676477754654125,0.9953235222453352,2,20,20
12,5715,1.0066231139376208e-14,9.332300817393517e-16,0.004676477880625996,0.9953235221193631,2,20,20
12,5716,1.9903179758098988e-14,1.726645750935381e-10,0.004678303447745209,0.9953216963795704,2,20,20
12,5717,1.989147863393089e-14,3.0293167599113064e-12,0.004665067849136313,0.9953349321478145,2,20,20
12,5718,7.130560715145638e-16,1.881550272049042e-15,0.004664863641569913,0.9953351363584275,2,20,20
12,5719,1.086099294457845e-14,5.459784833218561e-14,5.9209166026595434e-05,0.9999407908339082,2,20,20
12,5720,5.691764750672563e-13,5.458448290082201e-14,3.00875180733415e-05,0.9999699124813031,2,20,20
12,5721,1.7853399759334696e-16,9.417401955665005e-16,4.368159753948929e-06,0.9999956318402449,2,20,20
12,5722,9.99091937353385e-15,5.458105737179849e-14,6.0770072888592496e-05,0.9999392299270472,2,20,20
12,5723,3.2437784717096076e-11,3.057143490974634e-12,0.00019390774089349678,0.9998060922236114,2,20,20
12,5724,2.2623470091231877e-12,3.091083208968697e-12,0.003412028619756114,0.9965879713748904,2,20,20
12,5725,3.659502557597021e-16,1.883409684002375e-15,2.9579366476437903e-05,0.9999704206335212,2,20,20
12,5726,3.9943507206939557e-14,5.45948237079094e-14,8.365720364382533e-05,0.9999163427962615,2,20,20
12,5727,2.2795001638455165e-12,1.8931326853054544e-15,0.0015923816669533672,0.9984076183307654,2,20,20
12,5728,5.967361710363859e-16,1.6047373948329981e-15,0.07811982945387083,0.921880170546127,2,20,20
12,5729,2.262276960476901e-12,1.7318327507196714e-10,0.003345621616019284,0.9966543782085354,2,20,20
12,5730,2.262508158945019e-12,6.0947561767297994e-12,0.0034133509592109566,0.996586649032432,2,20,20
12,5731,1.402598771020453e-15,5.409441216980284e-14,0.007993188345998237,0.9920068116539462,2,20,20
12,5732,2.2772229993188426e-12,1.0771773106952526e-13,0.004722651882986011,0.995277348114629,2,20,20
12,5733,1.54263497065792e-17,5.364577966970623e-14,2.5106087621276267e-06,0.9999974893911843,2,20,20
12,5734,9.989640673890847e-15,9.582575512966782e-16,1.0369271204977181e-06,0.9999989630728687,2,20,20
12,5735,1.656640554486067e-12,3.038142306898757e-12,0.14185063265472284,0.8581493673405824,2,20,20
12,5736,1.64603137059086e-12,1.6379316552981899e-15,0.13860378607228532,0.8613962139260671,2,20,20
12,5737,3.295908988658896e-18,1.710110632872885e-17,1.4758017055375403e-06,0.9999985241982944,2,20,20
12,5738,6.470543023470196e-13,3.0476049407242964e-12,0.0017336770571441007,0.9982663229391612,2,20,20
12,5739,3.995146361732753e-14,1.7109390089724433e-17,6.0016295444535145e-05,0.9999399837045155,2,20,20
12,5740,3.996666483338837e-14,4.983246753562922e-17,6.145301565185402e-05,0.9999385469843082,2,20,20
12,5741,2.0121228740714407e-16,5.3194728896359195e-14,0.00466527329754276,0.995334726702404,2,20,20
12,5742,1.8903228255875935e-17,1.902796460142816e-15,0.0033306360846434417,0.996669363915355,2,20,20
12,5743,8.839160967461896e-16,1.898774561515732e-15,0.003388163063878577,0.9966118369361188,2,20,20
12,5744,5.699037891068906e-13,5.460331489649574e-14,0.003331880736247249,0.9966681192631283,2,20,20
12,5745,7.083722208974771e-16,1.6989282303228042e-17,0.0033293969643413157,0.9966706030356579,2,20,20
12,5746,5.037996271662527e-13,1.5386287962170074e-10,0.06194306789233938,0.938056931953294,2,20,20
12,5747,1.0515034581653016e-15,9.90592130128188e-16,6.0743040952478304e-05,0.9999392569590455,2,20,20
12,5748,2.2765182295904488e-12,3.0574540111953612e-12,6.048180966139267e-05,0.9999395181850045,2,20,20
12,5749,2.2865164980535336e-12,3.0574873135048364e-12,6.099010373554983e-05,0.9999390098909203,2,20,20
12,5750,2.001043187796693e-16,9.74759110205478e-16,2.305946958630544e-06,0.9999976940530403,2,20,20
12,5751,4.986307708346515e-14,1.084593863995586e-13,0.0033306742405334053,0.9966693257593083,2,20,20
12,5752,9.919776526148304e-15,1.0661010275253597e-13,0.0034117669885259136,0.9965882330113573,2,20,20
12,5753,1.0795578013828815e-14,3.1649624639248215e-12,0.003388484375925826,0.9966115156208983,2,20,20
12,5754,2.2865927250279604e-12,1.7437875483458038e-10,0.003397397188825471,0.9966026026345092,2,20,20
12,5755,5.790836301347027e-13,1.6116098865473662e-13,0.003359239811927429,0.9966407601873324,2,20,20
12,5756,9.931801117379889e-15,1.075185255487932e-13,0.0033306560795575294,0.9966693439203249,2,20,20
12,5757,1.0022851667982727e-14,1.8993977126537897e-15,2.5330830717229317e-06,0.9999974669169164,2,20,20
12,5758,9.905188189678287e-15,1.8738246800838848e-15,0.004665477329162959,0.9953345226708252,2,20,20
12,5759,9.98901278011668e-15,9.74465732204519e-16,2.9512424465627317e-06,0.9999970487575426,2,20,20
12,5760,6.366696115340269e-18,9.582422640730791e-16,1.1010070539629577e-06,0.999998898992945,2,20,20
12,5761,1.5584824100524783e-17,9.580887686005868e-16,8.262226227578629e-05,0.9999173777377234,2,20,20
12,5762,1.5584481201859932e-17,9.582422640773954e-16,1.100878614040758e-06,0.9999988991213852,2,20,20
12,5763,1.7848163869586986e-16,9.58242219068133e-16,2.5318073734921943e-06,0.9999974681926256,2,20,20
12,5764,1.7869595887615563e-16,5.4587200381703296e-14,3.541468451745337e-06,0.9999964585314938,2,20,20
12,5765,1.0862126590195836e-14,9.747226695211763e-16,2.0864055781946935e-05,0.9999791359442064,2,20,20
12,5766,2.2767866666152944e-12,1.8828882515605763e-15,2.183791707220898e-06,0.9999978162060139,2,20,20
12,5767,1.5644884076056617e-17,3.360256056214304e-17,1.0598089731477353e-06,0.9999989401910268,2,20,20
12,5768,9.987845436379027e-15,1.8825800673004118e-15,0.0001651658055990621,0.9998348341943891,2,20,20
12,5769,5.691075582003867e-13,5.4594830733633326e-14,8.368555388930028e-05,0.999916314445487,2,20,20
12,5770,2.7370583635213676e-11,2.5807028071118615e-12,0.07840900514130766,0.9215909948287414,2,20,20
12,5771,3.995139268034555e-14,5.458115532336449e-14,6.028809506950408e-05,0.9999397119048359,2,20,20
12,5772,1.5426331995263416e-17,9.579618455880257e-16,2.916882181538093e-06,0.9999970831178173,2,20,20
12,5773,1.9385331063413625e-16,4.983931123042993e-17,1.974489667319152e-06,0.9999980255103325,2,20,20
12,5774,6.3708887015179964e-18,9.740737008748631e-16,6.0241520254229015e-05,0.9999397584797447,2,20,20
12,5775,3.9946707939678964e-14,1.8988226994277002e-15,2.935043204746186e-06,0.9999970649567534,2,20,20
12,5776,3.9955976669607653e-14,2.8398076839676062e-15,8.406372848883621e-05,0.9999159362714685,2,20,20
12,5777,1.2977631808231633e-10,1.0824880227705771e-13,8.610135271660935e-05,0.9999138985173989,2,20,20
12,5778,1.5636229954347006e-17,1.8986672310615716e-15,8.404556967573905e-05,0.9999159544303223,2,20,20
12,5779,1.5533301252026892e-17,9.417470641451271e-16,1.9928157160178407e-06,0.9999980071842832,2,20,20
12,5780,3.99513721504418e-14,3.0583789309361473e-12,6.098093826508187e-05,0.9999390190586369,2,20,20
12,5781,3.994204463410225e-14,3.0574540053776485e-12,6.191231330850296e-05,0.9999380876835942,2,20,20
12,5782,3.2378893931156016e-11,3.110925763044355e-12,0.0016842030289672127,0.9983157969355432,2,20,20
12,5783,2.3166379514987117e-12,1.0730002443701538e-13,7.962830638340078e-05,0.9999203716911929,2,20,20
12,5784,3.993910333000436e-14,5.364001498423782e-14,5.884714081457984e-05,0.9999411528590919,2,20,20
12,5785,5.693659413234922e-13,9.579358474251267e-16,0.00010452591939754351,0.9998954740800321,2,20,20
12,5786,1.7870487769057207e-16,9.743634202091758e-16,5.884407854179924e-05,0.9999411559214573,2,20,20
12,5787,3.9954547948150834e-14,3.1110934207956564e-12,0.00011926269161076326,0.9998807373052383,2,20,20
12,5788,4.081932384795409e-14,1.7431272204758953e-10,0.00010557682342809313,0.9998944230022185,2,20,20
12,5789,1.0173679688118809e-14,1.89911382409693e-15,2.212276569102204e-06,0.9999977877234189,2,20,20
12,5790,1.0698968666281366e-14,5.3662645917118366e-14,2.880312840820498e-06,0.9999971196870949,2,20,20
12,5791,4.0654092375982995e-14,5.366353613138253e-14,2.0697816600452862e-06,0.9999979302182458,2,20,20
12,5792,3.995004120706707e-14,5.366267723861346e-14,2.9875739030896333e-06,0.9999970124260033,2,20,20
12,5793,1.8424628664738728e-09,3.100978006354785e-12,0.0018677506366394756,0.9981322475177967,2,20,20
12,5794,1.8424229318589976e-09,3.048273290961759e-12,0.001867679944917926,0.9981323182096107,2,20,20
12,5795,2.28454736156461e-12,7.19129106235833e-09,0.14290384782621385,0.8570961449802106,2,20,20
12,5796,9.005117993792748e-14,3.057360622415203e-12,0.00010447666925404057,0.9998955233275986,2,20,20
12,5797,2.6884377753529005e-12,5.36221486933915e-12,0.1383101241297635,0.8616898758621859,2,20,20
12,5798,4.125516949259299e-13,2.2531655918170496e-12,0.13830886469847667,0.8616911352988578,2,20,20
12,5799,4.1186360607567763e-13,2.251284470266316e-12,0.1382263111298852,0.8617736888674518,2,20,20
12,5800,1.2359487792057878e-17,1.1590556273264763e-18,5.563660304612703e-08,0.9999999443633969,2,20,20
12,5801,7.012574044165429e-16,1.6831626012315948e-17,8.598320091157501e-08,0.9999999140167986,2,20,20
12,5802,1.8794187533078595e-16,5.3653969536238496e-14,0.00014137648360650266,0.99985862351634,2,20,20
12,5803,1.7875868976583037e-16,9.585411548433586e-16,1.5246794535438456e-06,0.9999984753205449,2,20,20
12,5804,3.29869719068554e-18,1.682150646498698e-17,1.46860685133086e-06,0.9999985313931485,2,20,20
12,5805,1.0000926140245702e-14,5.46003554999856e-14,0.00011225384340829653,0.9998877461565272,2,20,20
12,5806,1.2977630875739733e-10,1.0824884774559176e-13,6.231471127938514e-05,0.9999376851588362,2,20,20
12,5807,6.370033177660772e-18,9.743533471842053e-16,5.8835747319130774e-05,0.9999411642526802,2,20,20
12,5808,1.1389252114531368e-14,3.1110832529765492e-12,6.294699893671926e-05,0.999937052997941,2,20,20
12,5809,3.244235800657491e-11,1.8987252287613705e-15,3.1501903975128404e-05,0.9999684980635808,2,20,20
12,5810,3.244305591278051e-11,1.8830777559157396e-15,3.0426658239179048e-05,0.9999695733093161,2,20,20
12,5811,1.99710062913086e-14,5.460086872195722e-14,5.705491451598675e-05,0.9999429450854097,2,20,20
12,5812,5.0104430099211704e-14,1.899635025212788e-15,3.0321654372535352e-05,0.9999696783455757,2,20,20
12,5813,1.0686483522298436e-14,9.581985991796503e-16,8.732727751386497e-05,0.9999126727224745,2,20,20
12,5814,7.193388689181332e-16,9.740313316345477e-16,0.00014139103278680557,0.9998586089672113,2,20,20
12,5815,1.0605866947180213e-14,3.0293002477854862e-12,0.004722862346557193,0.9952771376504028,2,20,20
12,5816,5.691034413494736e-13,3.0573113814729355e-12,8.385762652906719e-05,0.9999161423698445,2,20,20
12,5817,8.759425697489014e-16,1.882498180845174e-15,6.0272836873560205e-05,0.9999397271631238,2,20,20
12,5818,7.009260113777765e-16,5.3653682521029366e-14,8.261890368639527e-05,0.9999173810962592,2,20,20
12,5819,3.9681040503707135e-14,3.037446077305536e-12,0.0033294442364250987,0.9966705557604979,2,20,20
12,5820,6.087845523712073e-13,3.0910994006707438e-12,0.0034125285776970622,0.996587471418603,2,20,20
12,5821,3.968394759142893e-14,3.0374460773047177e-12,0.003330899820333209,0.9966691001765897,2,20,20
12,5822,3.9681143547280126e-14,3.0374787948484018e-12,0.0034120034207236927,0.9965879965761991,2,20,20
12,5823,5.79127743726449e-13,1.7313611591395302e-10,0.003331878583947121,0.9966681212423375,2,20,20
12,5824,5.698999364537897e-13,1.91532340941662e-15,3.436117803173361e-06,0.9999965638816251,2,20,20
12,5825,5.693835511354216e-13,3.0582519476483188e-12,8.580055046524096e-05,0.9999141994459071,2,20,20
12,5826,8.88278504278454e-16,3.11094015296181e-12,8.536376652216314e-05,0.9999146362303661,2,20,20
12,5827,6.200137009238454e-13,3.112838624062889e-12,8.587460628042402e-05,0.9999141253899868,2,20,20
12,5828,6.947003686850848e-13,3.2175108896008402e-12,0.0034128493538394845,0.9965871506422486,2,20,20
12,5829,6.447760065774688e-13,1.0751838269945465e-13,0.003388214422486064,0.996611785576762,2,20,20
12,5830,4.029419566231165e-14,1.8827428036893674e-15,8.411347906952771e-05,0.9999158865208883,2,20,20
12,5831,3.5597917738370846e-18,9.579618455551947e-16,2.9164508061156666e-06,0.9999970835491929,2,20,20
12,5832,3.3972128264559997e-18,9.411809960342265e-16,1.5179995579289242e-06,0.9999984820004411,2,20,20
12,5833,1.0164046048858805e-14,1.883128336895362e-15,3.050743359161536e-05,0.9999694925663962,2,20,20
12,5834,2.0146664433045433e-14,5.4604024073630576e-14,3.087074188592183e-05,0.9999691292580395,2,20,20
12,5835,2.2772310427407863e-12,3.0574705218859314e-12,8.076887764883038e-05,0.9999192311170165,2,20,20
12,5836,2.2765335919339016e-12,3.1110975628718865e-12,8.077471161712476e-05,0.9999192252829953,2,20,20
12,5837,2.2763940320280246e-12,3.1113490935316673e-12,0.004755524939050787,0.9952444750555616,2,20,20
12,5838,2.281451015558939e-12,2.8267052461981963e-15,0.005817658159141019,0.9941823418385749,2,20,20
12,5839,3.23420661496997e-11,1.0790853371680293e-13,0.001577159004286235,0.9984228409632641,2,20,20
12,5840,2.7931454353239224e-17,9.579669400823798e-16,2.49961123460671e-06,0.9999975003887646,2,20,20
12,5841,9.984614496251225e-15,9.415925364851497e-16,8.261493394988536e-05,0.9999173850660389,2,20,20
12,5842,5.0175585799079545e-14,1.7266455886201273e-10,0.004736435742141378,0.9952635640851438,2,20,20
12,5843,1.014367614010839e-14,5.4582244185712106e-14,0.0016458304734183135,0.9983541695265169,2,20,20
12,5844,1.0303288504263926e-14,1.879832850561638e-15,0.0016269862880054938,0.9983730137119824,2,20,20
12,5845,1.017484311380674e-14,3.0582582084049666e-12,8.441585413300392e-05,0.9999155841427986,2,20,20
12,5846,1.240571158261749e-17,9.57806491000514e-16,8.260461321070361e-05,0.9999173953867883,2,20,20
12,5847,1.0872695330538872e-14,3.110954643849965e-12,0.00010414425060484053,0.9998958557462737,2,20,20
12,5848,1.0159888932567747e-14,3.0591768687113478e-12,8.489770750693604e-05,0.9999151022894239,2,20,20
12,5849,1.7547061507878283e-16,1.8826026280584896e-15,1.091996265329364e-06,0.9999989080037326,2,20,20
12,5850,8.004950798065174e-14,1.915904577783756e-15,8.520306377842176e-05,0.9999147969361396,2,20,20
12,5851,3.9944141904361625e-14,5.460350683291573e-14,1.855577596344177e-06,0.9999981444223092,2,20,20
12,5852,7.00825663938562e-16,9.417409696321958e-16,1.083542029739078e-06,0.9999989164579688,2,20,20
12,5853,1.017305522360786e-14,2.833873769496028e-15,0.001620537558430227,0.9983794624415567,2,20,20
12,5854,1.1386064424465891e-14,3.059335699265221e-12,0.00014304138014385967,0.9998569586167856,2,20,20
12,5855,6.070967184065995e-13,3.0311706517218115e-12,0.00628956850994256,0.993710431486419,2,20,20
12,5856,1.2518787185943835e-17,1.681957883705358e-17,5.879316587513757e-05,0.9999412068341247,2,20,20
12,5857,2.480452030152308e-17,3.3600475637998234e-17,5.883547575505413e-05,0.9999411645242451,2,20,20
12,5858,3.244412391395251e-11,5.460337285753632e-14,6.177891493744184e-05,0.9999382210525638,2,20,20
12,5859,1.0003167921286421e-14,3.05837825802437e-12,6.336373233177259e-05,0.9999366362646,2,20,20
12,5860,7.396401006139462e-09,3.0593170913910954e-12,0.00011970076253583791,0.9998802918380038,2,20,20
12,5861,1.0862054586496796e-14,1.898964542173713e-15,8.411231869769067e-05,0.9999158876812896,2,20,20
12,5862,5.682519406452954e-13,3.0507328328138933e-12,0.0016789358077092774,0.998321064188672,2,20,20
12,5863,1.1373463428862678e-12,3.0507330807820684e-12,0.0017032929514404658,0.9982967070443716,2,20,20
12,5864,1.0015019984846171e-14,5.459496496851914e-14,0.0001652069319245874,0.9998347930680108,2,20,20
12,5865,2.777097624851193e-17,5.363803767839349e-14,8.263245722047354e-05,0.9999173675427259,2,20,20
12,5866,3.0948562079169445e-17,5.365425443763427e-14,8.364069431945456e-05,0.9999163593056272,2,20,20
12,5867,4.0641476679671345e-14,3.1043912303758546e-12,0.001212546251675162,0.99878745374518,2,20,20
12,5868,7.375300758444139e-09,1.7682828898417432e-10,0.0026408463960292416,0.9973591460518416,2,20,20
12,5869,3.9957541378872035e-14,5.459733037795457e-14,8.731653707274443e-05,0.9999126834628329,2,20,20
12,5870,5.692108964198698e-13,5.554423586992379e-14,3.100554755693255e-05,0.9999689944518186,2,20,20
12,5871,1.2981159689288275e-10,5.6460060199783665e-14,0.0001045162976652841,0.9998954835724668,2,20,20
12,5872,2.3262410759090503e-12,3.165379641432116e-12,0.00019037698156566511,0.9998096230129425,2,20,20
12,5873,2.7671294770480444e-17,3.332788781688779e-17,1.414015831577069e-06,0.9999985859841689,2,20,20
12,5874,2.2775822412313222e-12,1.0824248686175045e-13,6.137997046588823e-05,0.9999386200271483,2,20,20
12,5875,1.8662055739302898e-17,9.580938392306802e-16,8.29601307731419e-05,0.9999170398692256,2,20,20
12,5876,1.2406786621632658e-17,9.417401949686605e-16,1.4933337024217214e-06,0.9999985066662965,2,20,20
12,5877,6.582218785419893e-18,3.3317576472191835e-17,8.260573978479686e-05,0.9999173942602152,2,20,20
12,5878,3.244289878621782e-11,1.0823037402004454e-13,2.3443441544916446e-05,0.9999765565259041,2,20,20
12,5879,7.196632534037552e-08,3.8661448069033624e-07,0.15866102589813094,0.8413385155210631,2,20,20
12,5880,7.106353039488676e-16,9.428954106460191e-16,5.523617922921573e-07,0.9999994476382063,2,20,20
12,5881,4.938262735839903e-19,1.7101119520799998e-17,1.0508740088928995e-06,0.9999989491259912,2,20,20
12,5882,2.0641050354503843e-14,1.080721049245915e-13,0.0016216091926392786,0.9983783908072321,2,20,20
12,5883,1.5856770332846975e-17,4.9824224361002e-17,2.072819455297348e-06,0.9999979271805448,2,20,20
12,5884,3.562629108558799e-18,9.579618595774734e-16,2.4991515492108854e-06,0.9999975008484498,2,20,20
12,5885,3.994381849802105e-14,5.3678782293645466e-14,3.516743803225864e-06,0.9999964832561034,2,20,20
12,5886,3.7792515994694685e-18,1.7390704759614857e-17,1.389130014610569e-06,0.9999986108699853,2,20,20
12,5887,7.132787032792466e-16,9.582474340332587e-16,1.1023053272948028e-06,0.9999988976946712,2,20,20
12,5888,3.995595203990182e-14,9.744640717442704e-16,1.11902294119274e-06,0.999998880977018,2,20,20
12,5889,1.8753829565102242e-16,9.719767298429935e-16,0.0011537425000763847,0.9988462574999222,2,20,20
12,5890,3.996206977358304e-14,9.74752676734562e-16,2.567002387376637e-06,0.9999974329975718,2,20,20
12,5891,4.065967841562618e-14,1.882782586812384e-15,6.032670734002149e-05,0.9999396732926176,2,20,20
12,5892,8.801920709445649e-16,3.0302411219946744e-12,0.004722841536901967,0.9952771584600669,2,20,20
12,5893,1.246204694541064e-17,9.419118574307554e-16,6.0241210172909886e-05,0.9999397587898262,2,20,20
12,5894,7.007976758999302e-16,5.363973528124674e-14,5.884677606859013e-05,0.9999411532238771,2,20,20
12,5895,1.7549028163739504e-16,3.332009152512626e-17,8.363852541109553e-05,0.9999163614745887,2,20,20
12,5896,1.563857693505822e-17,5.365396476374969e-14,8.363203389737777e-05,0.999916367966049,2,20,20
12,5897,2.2764276794829353e-12,5.4594628165746653e-14,8.305577100741499e-05,0.9999169442266619,2,20,20
12,5898,4.0644405346866255e-14,1.9153241323152103e-15,3.539986202527723e-06,0.9999964600137549,2,20,20
12,5899,2.272945720850162e-12,3.1970254596602186e-12,0.007993167791419625,0.9920068322031104,2,20,20
12,5900,9.998254006704035e-15,1.899102314426979e-15,2.9597578082513658e-06,0.9999970402421798,2,20,20
12,5901,8.885760265666593e-16,9.750425061203686e-16,1.9918955086242473e-06,0.9999980081044894,2,20,20
12,5902,5.691148825000984e-13,1.8989540579807144e-15,8.566906694449018e-05,0.9999143309324845,2,20,20
12,5903,7.192672298297499e-16,3.390206496220358e-17,1.5034775563184943e-06,0.9999984965224429,2,20,20
12,5904,8.913843002058364e-16,9.750431920369475e-16,1.111220391449731e-06,0.9999988887796069,2,20,20
12,5905,4.066064004821373e-14,5.4601043126807646e-14,2.9658099370747047e-05,0.9999703419005341,2,20,20
12,5906,1.5692204996487304e-17,3.389202886730296e-17,2.9049976113291198e-06,0.9999970950023885,2,20,20
12,5907,7.163508062553415e-16,6.60509484303132e-17,1.0941677467799915e-06,0.9999989058322527,2,20,20
12,5908,3.094856233213997e-17,5.367019159680088e-14,8.363257766810931e-05,0.9999163674222782,2,20,20
12,5909,1.0107330086373029e-14,1.0659386409113852e-13,0.0033307956789441107,0.9966692043209392,2,20,20
12,5910,4.08159775573644e-14,3.111891144658272e-12,0.00014327169976745795,0.9998567282970799,2,20,20
12,5911,5.686104885761073e-13,3.051706941709227e-12,0.001154776263661221,0.998845223732719,2,20,20
12,5912,7.16457234168991e-16,9.58541119378206e-16,2.505569409179612e-06,0.9999974944305894,2,20,20
12,5913,3.079405332530808e-17,1.8831758896179652e-15,2.524449460761111e-06,0.9999974755505374,2,20,20
12,5914,7.008289346014646e-16,3.36024515812137e-17,8.061349389851819e-08,0.9999999193865055,2,20,20
12,5915,4.0118935487778585e-14,9.585361908956572e-16,1.4925559643161758e-06,0.9999985074439948,2,20,20
12,5916,5.691433083997609e-13,1.0727932062706155e-13,5.939661749837257e-05,0.9999406033818252,2,20,20
12,5917,5.790392920490459e-13,1.0821169433367174e-13,0.004723389181243243,0.9952766108180697,2,20,20
12,5918,5.69143516585265e-13,1.0729526272421721e-13,5.942115517189989e-05,0.9999405788441517,2,20,20
12,5919,5.691558116045043e-13,1.0729555238688981e-13,5.9734746572829024e-05,0.9999402652527509,2,20,20
12,5920,1.8363200921284245e-09,2.843419944204146e-15,0.0035146487694718894,0.9964853493942052,2,20,20
12,5921,8.761783821319368e-16,9.744690564319437e-16,2.4454434999545937e-06,0.9999975545564984,2,20,20
12,5922,1.4018837139364395e-15,3.3326036980884253e-17,6.0200390730728845e-05,0.9999397996092678,2,20,20
12,5923,2.2765270989331536e-12,1.882777792847551e-15,6.029350370121752e-05,0.9999397064940202,2,20,20
12,5924,2.7931445707137495e-17,1.8828863019568783e-15,2.5243380855190526e-06,0.9999974756619125,2,20,20
12,5925,3.9943507549838226e-14,5.459467021243242e-14,0.0001651785873055709,0.9998348214125999,2,20,20
12,5926,3.9952565987295624e-14,5.459482293573351e-14,8.406730583630206e-05,0.9999159326940691,2,20,20
12,5927,1.122730951775651e-11,8.557293172169017e-10,0.460262031353633,0.5397379677794103,2,20,20
12,5928,4.283366873554193e-08,1.404474824591105e-10,0.29683229872175027,0.703167658304133,2,20,20
12,5929,7.285365525036071e-16,9.747580086878767e-16,1.8575918131138197e-06,0.9999981424081854,2,20,20
12,5930,1.0159696447973985e-14,1.0728292303919663e-13,8.508495464644009e-05,0.9999149150452361,2,20,20
12,5931,3.536803000025489e-16,3.390217462693664e-17,3.419630101589099e-06,0.9999965803698981,2,20,20
12,5932,1.56950023503038e-17,9.582465723706564e-16,1.5112187089863152e-06,0.99999848878129,2,20,20
12,5933,2.2764279160852135e-12,3.111878178734515e-12,8.442710976198212e-05,0.9999155728848497,2,20,20
12,5934,1.9055095890927608e-16,9.581947246167537e-16,2.8565549593976484e-05,0.9999714344504049,2,20,20
12,5935,2.2717197710785898e-12,1.7389321937078452e-10,0.00118388792192144,0.9988161119019137,2,20,20
12,5936,2.271532726146806e-12,1.7389226177591577e-10,0.0011554097434104118,0.9988445900804259,2,20,20
12,5937,3.994403049923794e-14,5.366200651057668e-14,2.5209497091886614e-06,0.9999974790501974,2,20,20
12,5938,2.2767873264383614e-12,9.576827017103081e-16,1.4507403560734083e-06,0.9999985492573661,2,20,20
12,5939,3.721038402392391e-18,9.413078718000775e-16,8.261463666685919e-05,0.9999173853633323,2,20,20
12,5940,3.720643890190345e-18,9.411809960348292e-16,1.5033574077011206e-06,0.9999984966425914,2,20,20
12,5941,6.636167156867698e-18,9.417501825095126e-16,1.9928305447393764e-06,0.9999980071694544,2,20,20
12,5942,1.849210182955788e-09,1.0822652852421982e-13,3.2612809605104764e-05,0.9999673853410768,2,20,20
12,5943,7.070678320986766e-16,5.45945434203733e-14,8.406732986485422e-05,0.9999159326700798,2,20,20
12,5944,7.968841747126761e-14,3.0302412358199482e-12,0.004665113041721672,0.9953348869551686,2,20,20
12,5945,3.9947062368674865e-14,9.582574117273589e-16,1.1203981734575546e-06,0.9999988796017858,2,20,20
12,5946,3.994393586857009e-14,9.41746040403058e-16,1.0821744804174519e-06,0.9999989178254789,2,20,20
12,5947,3.3511636052265764e-18,1.7098379411235946e-17,8.25974058725788e-05,0.9999174025941275,2,20,20
12,5948,2.891314634032521e-14,1.6387254211011036e-15,0.1382879713907278,0.8617120286092417,2,20,20
12,5949,1.5857344320825524e-17,9.584262286196046e-16,5.882857752156897e-05,0.9999411714224777,2,20,20
12,5950,3.810300080729466e-13,5.0293782285247926e-12,0.17776971397281394,0.8222302860217757,2,20,20
12,5951,3.993912211049778e-14,3.05744493017348e-12,5.9321839838494915e-05,0.9999406781570642,2,20,20
12,5952,6.087835154063128e-13,5.42624420265783e-14,0.0034135376512121245,0.996586462348125,2,20,20
12,5953,1.7848795907760327e-16,1.9152148279495933e-15,5.9849263089359986e-05,0.9999401507369087,2,20,20
12,5954,9.990623416267612e-15,9.905798233627396e-16,0.0001429934513474204,0.9998570065486417,2,20,20
12,5955,2.915805190524867e-06,1.200860651794082e-09,0.4406971718587014,0.5592999111352475,2,20,20
12,5956,1.4179457483721412e-08,1.5322849899597665e-09,0.5034975025779785,0.49650248171027894,2,20,20
12,5957,1.4177201986472723e-08,1.3596737399080386e-09,0.5021493992576447,0.49785058520547965,2,20,20
12,5958,6.972391732439925e-15,7.798319125161506e-08,0.499999576404451,0.5000003456123505,2,20,20
12,5959,6.972391732439925e-15,7.798319125161506e-08,0.49999957640445125,0.5000003456123504,2,20,20
12,5960,5.682614529587378e-08,1.3389359326116768e-09,0.4999792273463295,0.5000207144885886,2,20,20
12,5961,5.638530649905374e-09,1.3284538631240792e-10,0.1189085648096732,0.8810914294189505,2,20,20
12,5962,1.0935966040529767e-14,5.5520688977490575e-14,0.0047226415065319514,0.9952773584934016,2,20,20
12,5963,7.3960432727869865e-09,6.1164883046117276e-12,0.00011360351059432535,0.999886389087246,2,20,20
12,5964,1.4045692573033287e-15,1.9152222894691108e-15,2.8576313364605412e-05,0.9999714236866325,2,20,20
12,5965,3.9864104716455376e-14,4.9473506645450496e-17,0.0011538459154400635,0.99884615408452,2,20,20
12,5966,5.063102778540517e-14,3.110813114348502e-12,0.00010977184558604461,0.9998902281512526,2,20,20
12,5967,7.989169135627675e-14,1.0728973945495486e-13,2.4297396176645754e-05,0.9999757026036361,2,20,20
12,5968,1.9083582168943524e-16,5.3662860227292736e-14,2.5415209359735225e-06,0.9999974584790102,2,20,20
12,5969,5.799436514541542e-13,3.1062683634240045e-12,0.0012363305914014563,0.9987636694049126,2,20,20
12,5970,5.699806509765299e-13,5.4611183799972284e-14,0.0001651815754528425,0.9998348184239224,2,20,20
12,5971,7.133550994041694e-16,4.982679765875775e-17,0.0001413904843314701,0.9998586095156677,2,20,20
12,5972,1.289110045568191e-10,3.038350670411422e-12,0.003339502464579473,0.9966604974034712,2,20,20
12,5973,8.789409532043732e-16,5.365368247371254e-14,0.0001668015710005955,0.9998331984289451,2,20,20
12,5974,8.820779742040573e-16,9.579668446999327e-16,8.573469931012466e-05,0.9999142653006885,2,20,20
12,5975,1.8131278349342489e-16,1.7101105458068683e-17,8.424550123043329e-05,0.9999157544987696,2,20,20
12,5976,1.0513588663049873e-15,5.347260260071092e-14,0.0017034104404584866,0.9982965895594873,2,20,20
12,5977,1.2729760901984708e-17,1.7099178709359257e-17,5.881050757567535e-05,0.9999411894924245,2,20,20
12,5978,7.012559901196952e-16,3.332804149674289e-17,1.0773593748413357e-06,0.9999989226406246,2,20,20
12,5979,2.2767163328583975e-12,1.899361671292502e-15,2.1389855912725835e-05,0.9999786101418089,2,20,20
12,5980,2.285136903548666e-12,4.6222022072695564e-14,0.07814022351140384,0.9218597764862648,2,20,20
12,5981,2.276875917129844e-12,1.8986390363577016e-15,0.00010291162045949227,0.9998970883772618,2,20,20
12,5982,2.2767012886989063e-12,9.744423427101883e-16,2.036513249194032e-05,0.9999796348652303,2,20,20
12,5983,5.657704474528904e-13,1.7318752802782317e-10,0.003359861373572963,0.9966401384526735,2,20,20
12,5984,5.654200855008827e-13,1.7318751122763795e-10,0.003329950788390406,0.9966700490378566,2,20,20
12,5985,1.5587269577585868e-17,9.42020567054122e-16,1.0936835109647867e-06,0.9999989063164879,2,20,20
12,5986,3.9942603104532706e-14,1.8827785903115196e-15,5.986997551211425e-05,0.9999401300244459,2,20,20
12,5987,3.994260310453271e-14,1.8827785903115118e-15,5.9869975512114256e-05,0.9999401300244458,2,20,20
12,5988,2.1734220308974768e-17,9.743180391140897e-16,8.26227226126868e-05,0.9999173772773863,2,20,20
12,5989,2.2694182488579245e-12,1.7373111259738705e-10,0.0016203587711172442,0.9983796410528822,2,20,20
12,5990,3.270652475495339e-11,6.1199128496567366e-12,0.008010521593351787,0.9919894783678217,2,20,20
12,5991,5.753965012817221e-13,3.090697500364662e-12,0.003339518706338369,0.9966604812899954,2,20,20
12,5992,3.5626807220959646e-18,9.582422308195373e-16,2.089047146623049e-06,0.9999979109528525,2,20,20
12,5993,3.957452742904166e-14,5.409451555015174e-14,0.004664927862589746,0.9953350721373168,2,20,20
12,5994,7.130649371717261e-16,3.360241896638332e-17,1.0939798496375959e-06,0.9999989060201497,2,20,20
12,5995,1.1378358500772121e-14,5.4619430726872354e-14,0.0033318640191014235,0.9966681359808327,2,20,20
12,5996,1.9972218823674672e-14,5.55280670893095e-14,4.301158557178521e-06,0.9999956988413675,2,20,20
12,5997,5.790886333483953e-13,5.554414116183569e-14,8.669514120990667e-05,0.9999133048581557,2,20,20
12,5998,2.287294605640398e-12,5.554450905579097e-14,4.3239237149078895e-05,0.9999567607605082,2,20,20
12,5999,4.9927622086841406e-14,5.5544232669157736e-14,3.1009201820127614e-05,0.9999689907980746,2,20,20
12,6000,3.9941627494609e-14,9.57630530742302e-16,2.8566836945062365e-05,0.9999714331630141,2,20,20
12,6001,1.8481407541143518e-16,9.421666373517396e-16,0.00011110915120656578,0.9998888908487922,2,20,20
12,6002,1.0164357540493338e-14,1.8992392016458903e-15,8.408135804875277e-05,0.9999159186419391,2,20,20
12,6003,7.988677599994941e-14,5.448377625895236e-14,0.0012039333578387468,0.9987960666420267,2,20,20
12,6004,8.040909414177387e-14,5.3559000298798156e-14,0.0011223947566413657,0.9988776052432248,2,20,20
12,6005,2.2765406643168625e-12,1.0696089221372659e-13,0.0033880263839225636,0.9966119736136938,2,20,20
12,6006,2.2775763727430623e-12,5.461374403247175e-14,0.00014142803293107353,0.9998585719647366,2,20,20
12,6007,2.278447531096519e-12,1.915435398009893e-15,0.00010400175350405225,0.9998959982442156,2,20,20
12,6008,2.277399842765436e-12,1.8987997112266508e-15,2.2882608529455073e-05,0.9999771173891914,2,20,20
12,6009,1.5853955439428423e-17,9.579719676384201e-16,1.5121208891534313e-06,0.99999848787911,2,20,20
12,6010,5.698866665302185e-13,1.0732010507793759e-13,8.065083607931999e-05,0.9999193491632435,2,20,20
12,6011,1.0698561000970136e-14,9.906395348418158e-16,8.735352915281968e-05,0.9999126464708356,2,20,20
12,6012,7.00828462235428e-16,1.7101122033352892e-17,1.0763327455414589e-06,0.9999989236672537,2,20,20
12,6013,1.4015360662012717e-15,9.74463114488503e-16,2.5175999879729955e-06,0.9999974824000097,2,20,20
12,6014,7.038938435046925e-16,9.57961847482473e-16,2.9419095227541085e-06,0.9999970580904755,2,20,20
12,6015,4.910380715573881e-19,1.7380719384542235e-17,1.0580688630995805e-06,0.9999989419311368,2,20,20
12,6016,7.116640935466365e-16,3.037446068301643e-12,0.0033304749078835023,0.9966695250890787,2,20,20
12,6017,1.2975624519157782e-10,3.1447196143035515e-12,0.0034129412098639973,0.9965870586572352,2,20,20
12,6018,1.5712988578856328e-10,1.533584659970102e-13,0.07821479938169122,0.9217852004610255,2,20,20
12,6019,3.2451033251810235e-11,3.165492839843886e-12,0.0016258770437873413,0.9983741229205961,2,20,20
12,6020,1.2857767153550809e-10,3.083891303843157e-12,0.004692663895053772,0.9953073359732847,2,20,20
12,6021,1.4170205435234198e-12,3.497102715313235e-07,0.1912520728651964,0.8087475774231152,2,20,20
12,6022,1.446086023042265e-12,3.4971021879667035e-07,0.19128235134451652,0.8087172989438185,2,20,20
12,6023,4.013888172555337e-14,1.8992899469077072e-15,5.9862363753599376e-05,0.9999401376362044,2,20,20
12,6024,7.193428653817984e-16,3.058402179613987e-12,0.00011808717759629026,0.9998819128193448,2,20,20
12,6025,1.5918758635527218e-15,1.742949625693708e-10,0.00015584353101682352,0.9998441562946868,2,20,20
12,6026,3.723506672688098e-18,1.767042582394586e-17,7.013822728185645e-08,0.9999999298617726,2,20,20
12,6027,2.2555532710117756e-12,3.083833988546558e-12,0.004670996391458121,0.9953290036032024,2,20,20
12,6028,4.012026302181709e-14,5.4601344423591554e-14,2.335169714706356e-05,0.9999766483027583,2,20,20
12,6029,1.542917167329706e-17,9.74463123640202e-16,2.4995831825761115e-06,0.9999975004168165,2,20,20
12,6030,5.692074252645678e-13,9.7446335325771e-16,4.3744874873277436e-06,0.9999956255119424,2,20,20
12,6031,5.691981554596e-13,4.954466474965833e-17,4.357081711519549e-06,0.9999956429177191,2,20,20
12,6032,9.988984201736333e-15,9.741836259188943e-16,2.9423520324431677e-06,0.9999970576479564,2,20,20
12,6033,7.039035788056641e-16,9.741855469757124e-16,1.98589787100187e-06,0.9999980141021272,2,20,20
12,6034,8.793058794636107e-16,4.983921216396731e-17,2.1697214534683677e-06,0.9999978302785455,2,20,20
12,6035,1.784568436584074e-16,5.3653405599108394e-14,8.404977523626207e-05,0.9999159502247099,2,20,20
12,6036,1.4046057459985239e-15,1.9153233655857287e-15,3.2752683124992095e-06,0.9999967247316845,2,20,20
12,6037,8.743812179169887e-16,1.8903235171273978e-15,0.004665284333665468,0.9953347156663321,2,20,20
12,6038,8.801154644155456e-16,1.7266548338534105e-10,0.004736077147187706,0.9952639226801463,2,20,20
12,6039,5.692776728227058e-13,1.89895388349971e-15,8.566950815647334e-05,0.9999143304912725,2,20,20
12,6040,1.3030634090665072e-10,1.7424319925765691e-10,0.00023824046390551746,0.9997617592315451,2,20,20
12,6041,5.698064514991116e-13,5.4597233528035534e-14,0.0001430225128085378,0.999856977486567,2,20,20
12,6042,4.01311460915524e-14,1.8993925780386707e-15,2.608044301821061e-06,0.9999973919556563,2,20,20
12,6043,6.090731625234953e-13,3.0593359032421084e-12,6.153827003644628e-05,0.9999384617262954,2,20,20
12,6044,1.0686707678351575e-14,1.0730774043098569e-13,4.969291334131083e-06,0.9999950307085478,2,20,20
12,6045,1.7547364323346986e-16,1.7385821766630447e-17,4.008271956922185e-07,0.9999995991728042,2,20,20
12,6046,1.7525405203001698e-16,9.579626335353454e-16,1.0836707617447654e-06,0.9999989163292372,2,20,20
12,6047,2.8455442732646503e-12,1.7729877072433252e-10,0.00021450105230881578,0.999785498767547,2,20,20
12,6048,5.692107007869351e-13,1.7424227451971698e-10,0.00023661671581308249,0.9997633831093754,2,20,20
12,6049,3.629210964464482e-16,1.9151709557488977e-15,8.298538554956335e-05,0.9999170146144483,2,20,20
12,6050,2.269758317668749e-12,3.1023176954897068e-12,0.0017070561371732873,0.9982929438574548,2,20,20
12,6051,1.0540837499747384e-15,9.74318066380815e-16,8.40621425507538e-05,0.9999159378574471,2,20,20
12,6052,1.0663547477372864e-15,3.058395000549756e-12,0.00014304994569561724,0.9998569500512449,2,20,20
12,6053,4.152334337881502e-14,9.908345631057613e-16,8.39769953936299e-05,0.9999160230045638,2,20,20
12,6054,3.506881986757975e-18,9.417401957704015e-16,1.493209691456474e-06,0.9999985067903078,2,20,20
12,6055,2.2767929582748593e-12,9.744782912529156e-16,2.342490975862534e-06,0.9999976575067466,2,20,20
12,6056,3.6267846009271373e-16,9.744682720834877e-16,1.5362401464628749e-06,0.9999984637598524,2,20,20
12,6057,3.710495193341806e-06,3.498760445422321e-07,0.19589041662831752,0.8041055230004447,2,20,20
12,6058,3.710465328214815e-06,3.497064329925608e-07,0.1912863908024324,0.8087095490258063,2,20,20
12,6059,3.7104630516970753e-06,3.4970337555537116e-07,0.1912259713939713,0.8087699684396015,2,20,20
12,6060,3.710463071600196e-06,3.497033755564643e-07,0.19293785961452634,0.8070580802190265,2,20,20
12,6061,4.011750367973596e-14,5.459716513527914e-14,0.00014201861207963423,0.9998579813878259,2,20,20
12,6062,5.691056088068239e-13,1.710358271560998e-17,8.42278816268275e-05,0.999915772117804,2,20,20
12,6063,9.006005547702845e-16,1.8991132065389257e-15,2.5331044504646922e-06,0.9999974668955468,2,20,20
12,6064,8.793805149457705e-16,5.458738129870573e-14,6.128618829317266e-05,0.9999387138116513,2,20,20
12,6065,7.103366615123793e-16,9.424960615604116e-16,6.027632405131515e-05,0.999939723675947,2,20,20
12,6066,1.4047401663010217e-15,1.8992838766017794e-15,6.026921859380345e-05,0.999939730781403,2,20,20
12,6067,1.2973794231203e-10,1.742949563508408e-10,0.0002128588483908351,0.9997871408475765,2,20,20
12,6068,1.2974722976722016e-10,1.7424134987506318e-10,0.0012694039721480171,0.9987305957238636,2,20,20
12,6069,1.0161540202308753e-14,5.552806206727555e-14,3.5669505760387134e-06,0.9999964330493584,2,20,20
12,6070,8.761729928567284e-16,5.460342126285511e-14,3.9518836317293934e-06,0.999996048116313,2,20,20
12,6071,1.8754092020669378e-16,9.417097036888025e-16,2.0340496345570074e-05,0.9999796595036532,2,20,20
12,6072,3.567367497566291e-18,1.1740341844177354e-18,7.013796829886596e-08,0.9999999298620317,2,20,20
12,6073,1.9867040861939274e-16,1.8700734688246976e-15,0.0033292008436367824,0.9966707991563611,2,20,20
12,6074,3.298697190685498e-18,1.6821506464986507e-17,1.4686068513308451e-06,0.9999985313931486,2,20,20
12,6075,9.284812508571803e-15,9.696397701294556e-16,0.07928193542051058,0.920718064579479,2,20,20
12,6076,4.851692379105894e-14,4.7207542114783756e-17,0.07813030424648394,0.9218696957534674,2,20,20
12,6077,8.00577221548615e-14,3.058411550302618e-12,6.252932640750444e-05,0.999937470670454,2,20,20
12,6078,4.082261536487243e-14,8.256228911077015e-17,3.5309593840123872e-06,0.999996469040575,2,20,20
12,6079,3.9946708866635543e-14,3.3322893656366896e-17,3.5410545596140484e-06,0.9999964589454002,2,20,20
12,6080,2.9603941136903007e-16,2.8443253613786265e-17,0.0781199566284623,0.9218800433715373,2,20,20
12,6081,3.2839696426198625e-11,9.87305391648394e-09,0.004886252709837115,0.9951137373842694,2,20,20
12,6082,5.673766634050865e-13,3.101512629291985e-12,0.001683289203896694,0.9983167107924347,2,20,20
12,6083,2.2764324773603942e-12,1.0730678121351324e-13,8.314041221833333e-05,0.999916859585398,2,20,20
12,6084,2.2764203942280063e-12,1.0821519419261793e-13,8.367906861811217e-05,0.9999163209289972,2,20,20
12,6085,4.125756814326762e-14,5.4495944084177346e-14,0.0012363332401219547,0.9987636667597821,2,20,20
12,6086,7.161290346105631e-16,1.8988439632638643e-15,0.00014137743133058807,0.9998586225686668,2,20,20
12,6087,1.7520181053131805e-16,1.6821507897076253e-17,1.4762925352242904e-06,0.9999985237074644,2,20,20
12,6088,2.2764993251130756e-12,1.7425909303909857e-10,0.00010412423753873148,0.9998958755859257,2,20,20
12,6089,1.2623811162490185e-17,9.581335228866164e-16,5.982378494413424e-05,0.999940176215055,2,20,20
12,6090,3.3479546520295472e-18,9.414605959022944e-16,1.4933359125324786e-06,0.9999985066640867,2,20,20
12,6091,1.2947186028778356e-10,3.2112757502452166e-12,0.001182341069792484,0.9988176587975246,2,20,20
12,6092,1.998332478598399e-16,9.744328379243082e-16,2.035600775359379e-05,0.9999796439922453,2,20,20
12,6093,3.71505961123469e-17,9.582091654080647e-16,7.90787047369109e-05,0.9999209212952622,2,20,20
12,6094,9.996843443458638e-15,9.580960094804259e-16,0.0001418731922511815,0.9998581268077379,2,20,20
12,6095,9.984603808077634e-15,9.578183836486712e-16,8.31250858757769e-05,0.9999168749141132,2,20,20
12,6096,5.393836881508894e-19,3.304324990520384e-17,8.706510360937211e-08,0.9999999129348962,2,20,20
12,6097,1.1397452490311822e-12,5.4630638197081545e-14,8.87888698925291e-05,0.9999112111289133,2,20,20
12,6098,1.139730314473582e-12,9.909436071673717e-16,3.0004501010148895e-05,0.9999699954978495,2,20,20
12,6099,2.2554983832148273e-12,1.7266547411948913e-10,0.004677321651530682,0.9953226781735485,2,20,20
12,6100,5.613922885308186e-13,1.688175258795096e-17,0.006857466474682696,0.993142533524756,2,20,20
12,6101,3.7240325660480394e-18,9.575724503880322e-16,5.8827993270281004e-05,0.9999411720067289,2,20,20
12,6102,4.2155426512165894e-07,6.114346124882411e-12,0.00011069647933514906,0.9998888819602852,2,20,20
12,6103,2.276796154747612e-12,2.8237490875815512e-15,3.5588551436381965e-06,0.9999964411425767,2,20,20
12,6104,2.2767993900568668e-12,1.9153318532987275e-15,3.1325252598353934e-06,0.9999968674724615,2,20,20
12,6105,1.0697347423217564e-14,9.743157600464473e-16,8.399636270860034e-05,0.9999160036372798,2,20,20
12,6106,1.7543820393563164e-16,9.57809169763329e-16,8.402822087778895e-05,0.9999159717791212,2,20,20
12,6107,1.1499369825604816e-10,4.995821183884483e-07,0.058895687885483265,0.9411038124174048,2,20,20
12,6108,1.2836839469464594e-10,9.826913476245578e-09,0.005432017960357272,0.994567972084361,2,20,20
12,6109,1.2840765289826517e-10,9.826912551901179e-09,0.005431597581038668,0.9945683924636411,2,20,20
12,6110,3.9971375756678735e-14,9.744790517641249e-16,2.1041199126286176e-06,0.9999978958800464,2,20,20
12,6111,3.998366889804083e-14,9.747275264514686e-16,2.133414615498042e-05,0.999978665853804,2,20,20
12,6112,4.0662311855819666e-14,9.744376199072735e-16,0.00010442431992306299,0.9998955756800354,2,20,20
12,6113,2.1212736855562262e-16,5.460339602731628e-14,2.277163908630552e-05,0.999977228360859,2,20,20
12,6114,4.994474901759554e-14,9.91228180191224e-16,2.171260341609997e-05,0.9999782873965333,2,20,20
12,6115,4.01176744203015e-14,5.46134256349037e-14,0.00011823158920803387,0.9998817684106974,2,20,20
12,6116,3.994414680539423e-14,9.582425502392024e-16,2.1070650425451904e-06,0.9999978929349167,2,20,20
12,6117,8.915643838686489e-16,5.366118547844658e-14,2.0822812841853306e-05,0.9999791771871036,2,20,20
12,6118,1.5888546187246008e-15,3.1111142337197633e-12,0.0001418955195973624,0.9998581044772901,2,20,20
12,6119,5.680516160228436e-13,5.36704181087025e-14,0.0017081187603206803,0.9982918812390573,2,20,20
12,6120,3.079404106837664e-17,9.579720199138618e-16,1.4904985185807847e-06,0.9999985095014804,2,20,20
12,6121,3.402461105364369e-17,1.89911313121699e-15,2.5213505810282467e-06,0.9999974786494171,2,20,20
12,6122,1.2409633865064584e-17,9.41740967733316e-16,1.0760344456272436e-06,0.9999989239655533,2,20,20
12,6123,1.8775479827591074e-16,5.458692078241535e-14,3.541466232899128e-06,0.9999964585337123,2,20,20
12,6124,1.0669641440985827e-14,5.347261322368727e-14,0.001679154645508073,0.9983208453544278,2,20,20
12,6125,1.0861579228669948e-14,1.7429496249136602e-10,0.00015652296825569513,0.9998434768574385,2,20,20
12,6126,2.2771153734770515e-12,3.0591927861609663e-12,0.00016641083780379598,0.9998335891568599,2,20,20
12,6127,1.0701570940012092e-14,5.460118967765283e-14,0.00010446235977463905,0.9998955376401601,2,20,20
12,6128,5.347905297471247e-09,2.211645379383096e-12,0.13860390111463244,0.8613960935352509,2,20,20
12,6129,5.698820030403916e-13,1.9316272819686843e-15,0.00011123160786567874,0.9998887683915624,2,20,20
12,6130,7.192002754067921e-16,1.8992365942260473e-15,8.404585695597557e-05,0.9999159541430414,2,20,20
12,6131,1.938531745812087e-16,5.3678684928044174e-14,2.331068695680337e-06,0.9999976689312504,2,20,20
12,6132,1.9104460291150348e-16,5.367868497445679e-14,9.248630446200718e-07,0.9999990751369014,2,20,20
12,6133,1.7689986190216664e-16,5.3145935273630257e-14,0.0046652920117535475,0.9953347079881931,2,20,20
12,6134,6.633382538860569e-18,1.7106233662741857e-17,1.5267489682859887e-06,0.9999984732510316,2,20,20
12,6135,1.60705800924407e-17,3.361261188146593e-17,9.62869917299725e-08,0.9999999037130083,2,20,20
12,6136,1.789125318908991e-16,5.3662565649035935e-14,2.536723077261298e-06,0.9999974632768689,2,20,20
12,6137,2.214997744341849e-16,5.367686273999058e-14,2.8575631472616825e-05,0.9999714243684737,2,20,20
12,6138,2.2866986255510763e-12,5.4601768882535367e-14,2.0364349528260102e-05,0.9999796356481305,2,20,20
12,6139,1.2975042528096236e-10,1.7737052461544135e-10,0.00010646405362890731,0.9998935356392502,2,20,20
12,6140,2.8753913240259625e-11,2.7099184505645234e-12,0.05689315171262874,0.943106848255908,2,20,20
12,6141,2.8793149572282057e-11,5.7671962126427344e-12,0.05697692199297796,0.9430230779724621,2,20,20
12,6142,3.994044637511387e-14,3.058252230374181e-12,8.528756930316117e-05,0.9999147124275988,2,20,20
12,6143,1.0685773308422493e-14,1.0822431951390638e-13,7.913319555566727e-05,0.9999208668043258,2,20,20
12,6144,9.985035302229734e-15,5.459726903495863e-14,6.027039887184324e-05,0.9999397296010638,2,20,20
12,6145,1.086095490530305e-14,3.1034239635826893e-12,0.001677886649401879,0.9983221133474841,2,20,20
12,6146,3.808503171421806e-13,1.1347818585739404e-10,0.17468231827670502,0.8253176816094364,2,20,20
12,6147,9.997060769651843e-15,5.461349068642488e-14,6.0270704275395066e-05,0.9999397292956603,2,20,20
12,6148,1.4108114286678647e-15,9.395756392382252e-16,0.0011548520645302636,0.9988451479354674,2,20,20
12,6149,1.8773739066837162e-16,5.459726704145273e-14,0.00011761236843941958,0.9998823876315058,2,20,20
12,6150,7.007484633751007e-16,9.413526945906e-16,5.881833388029666e-05,0.999941181666118,2,20,20
12,6151,1.2022448003866218e-19,8.794557175493364e-19,4.518460202597294e-08,0.9999999548153979,2,20,20
12,6152,7.038145635788918e-16,3.0574375040253946e-12,6.048875841269415e-05,0.9999395112385292,2,20,20
12,6153,1.2973723661179363e-10,1.7429494401512803e-10,0.00015407216226496454,0.9998459275337026,2,20,20
12,6154,1.297372611413048e-10,1.742949437355282e-10,0.00015611212644230823,0.9998438875695254,2,20,20
12,6155,1.2977754290205383e-10,1.742968428247574e-10,0.00015493357108374112,0.9998450661248419,2,20,20
12,6156,1.0693021248470274e-14,5.366286035788667e-14,3.0104359190950853e-06,0.9999969895640165,2,20,20
12,6157,5.982005900624336e-14,1.0680235935285988e-13,0.00472070503671081,0.9952792949631227,2,20,20
12,6158,9.997932761929614e-15,5.3675989059724837e-14,8.733170419810171e-05,0.9999126682957383,2,20,20
12,6159,9.988770368525194e-15,5.366006391519989e-14,2.8591334590725465e-05,0.9999714086653458,2,20,20
12,6160,3.9959045345106144e-14,5.367889188383952e-14,3.0045464178816336e-05,0.9999699545357276,2,20,20
12,6161,7.161287394863207e-16,3.0573113721958484e-12,8.388166420249299e-05,0.9999161183327399,2,20,20
12,6162,3.095040945429867e-17,5.460310579138389e-14,2.277160769705497e-05,0.9999772283922483,2,20,20
12,6163,5.691450884545621e-13,3.0593358664448278e-12,8.07502725817744e-05,0.99991924972379,2,20,20
12,6164,1.5690754202445664e-17,9.57646377651392e-16,2.033804202782101e-05,0.9999796619579712,2,20,20
12,6165,9.999890677172977e-15,9.744246247515332e-16,0.00010448873129178035,0.9998955112686975,2,20,20
12,6166,7.327839533586616e-09,1.001683848145764e-08,0.0629398934832417,0.9370600891720802,2,20,20
12,6167,7.3278440249962395e-09,1.0017194173199818e-08,0.00478130091790473,0.9952186817370572,2,20,20
12,6168,1.1382778621388085e-14,3.0582338417230977e-12,0.001237634261691146,0.9987623657352391,2,20,20
12,6169,1.8751464987795406e-16,3.0573003379064063e-12,8.296413945103621e-05,0.9999170358574915,2,20,20
12,6170,1.543115323578088e-17,1.7111226071338178e-17,7.026445521078823e-08,0.9999999297355449,2,20,20
12,6171,9.999874909420383e-15,5.3653984083886206e-14,8.26529307549983e-05,0.9999173470691816,2,20,20
12,6172,1.2973723891420824e-10,1.7424227476308574e-10,0.00021282982400599047,0.9997871698720145,2,20,20
12,6173,2.2694025240395394e-12,3.1022855138538446e-12,0.0016255260201705035,0.998374473974458,2,20,20
12,6174,1.7867626022797842e-16,5.4597375749385247e-14,5.987763064190879e-05,0.9999401223693034,2,20,20
12,6175,4.0644617462263055e-14,5.4603532727358056e-14,3.6068238175129384e-06,0.9999963931760875,2,20,20
12,6176,8.885035552817183e-16,5.460341892459766e-14,6.0323831363319466e-05,0.9999396761685814,2,20,20
12,6177,1.0861560557902975e-14,5.4603773740601776e-14,3.156483507071602e-05,0.9999684351648639,2,20,20
12,6178,7.038985393933592e-16,5.36464461536261e-14,1.5830340522641095e-06,0.9999984169658936,2,20,20
12,6179,4.9761382068202407e-14,1.7369677449762166e-10,0.0017161733467887484,0.9982838264794649,2,20,20
12,6180,1.7829150878764199e-16,1.70984277428905e-17,8.26576799146996e-05,0.9999173423200853,2,20,20
12,6181,1.756265486555767e-16,9.414605973429435e-16,1.5037964102938836e-06,0.9999984962035888,2,20,20
12,6182,7.396053398088882e-09,1.7731151395047022e-10,0.00018328953544143219,0.9998167028911938,2,20,20
12,6183,1.580105190630466e-17,9.5824861904995e-16,4.256242738471908e-07,0.9999995743757254,2,20,20
12,6184,1.542592300476458e-17,3.3599676339873724e-17,8.262237405195747e-05,0.999917377625948,2,20,20
12,6185,5.69166331520325e-13,9.906343636229404e-16,8.733263775342537e-05,0.9999126673616766,2,20,20
12,6186,5.700420395603433e-13,2.839850644828374e-15,4.88549599588111e-05,0.9999511450394686,2,20,20
12,6187,1.90533356955672e-16,8.794084391313225e-19,8.423817768743482e-05,0.9999157618223125,2,20,20
12,6188,3.240794937273556e-11,1.7393588775231366e-10,0.0011892963442090194,0.9988107034494473,2,20,20
12,6189,6.090745116276939e-13,1.0824238920092568e-13,6.185401949214863e-05,0.9999381459797907,2,20,20
12,6190,7.160732092673009e-16,1.0729886233488922e-13,8.50844540763078e-05,0.9999149155458156,2,20,20
12,6191,1.5906849299757328e-17,5.3646069255329055e-14,2.5192456272075332e-06,0.9999974807543192,2,20,20
12,6192,7.013651981629128e-16,3.361760537121524e-17,9.644790188282938e-08,0.9999999035520977,2,20,20
12,6193,7.133906992365905e-16,6.605618290128455e-17,1.1139289757838063e-07,0.9999998886071018,2,20,20
12,6194,1.0685112842383828e-14,9.743157601649715e-16,8.266852053504579e-05,0.9999173314794534,2,20,20
12,6195,1.0002931894726238e-14,5.457851126516106e-14,0.00011157818653052411,0.9998884218134049,2,20,20
12,6196,7.396979132120405e-09,1.0822214271487303e-13,0.00010554364724562354,0.9998944489556669,2,20,20
12,6197,1.8132495439021755e-16,1.8826646361936716e-15,0.00014139880083912534,0.9998586011991588,2,20,20
12,6198,1.7846805749714363e-16,2.82324587199321e-15,6.0259433512700374e-05,0.9999397405664843,2,20,20
12,6199,1.9077143857842372e-16,1.8825704437498673e-15,2.17814528106054e-05,0.9999782185471874,2,20,20
12,6200,9.389918673865188e-11,2.21339181645359e-12,0.1382298148720736,0.8617701850318138,2,20,20
12,6201,9.389988421706136e-11,2.2124671756061684e-12,0.13822981479061697,0.8617701851132706,2,20,20
12,6202,1.8749331534203612e-16,9.582422334451155e-16,1.094122762764918e-06,0.9999989058772362,2,20,20
12,6203,9.616957157452866e-15,8.777462206568826e-09,0.05824841413406637,0.9417515770884617,2,20,20
12,6204,5.658069800205055e-13,3.039539615070899e-12,0.0031474285252274603,0.9968525714711673,2,20,20
12,6205,4.0441299250104427e-14,1.7615982865777774e-10,0.00800718670379024,0.9919928131200095,2,20,20
12,6206,3.958376160335619e-14,3.0302163956738057e-12,0.004664077414709673,0.9953359225822203,2,20,20
12,6207,1.311343623252232e-10,3.0584216787935326e-12,0.0036944137284133692,0.9963055861373938,2,20,20
12,6208,4.064904169804389e-14,1.0729990869980521e-13,8.07048288125822e-05,0.9999192951710396,2,20,20
12,6209,1.998433876788466e-14,9.906992066146066e-16,4.868508678341885e-06,0.9999951314913007,2,20,20
12,6210,1.069891028960906e-14,4.983223828712978e-17,6.171375923406369e-05,0.9999382862407552,2,20,20
12,6211,1.9971792844861805e-14,1.915325545547812e-15,3.98385172630391e-06,0.9999960161482518,2,20,20
12,6212,1.0161073808732058e-14,9.744631807089788e-16,4.3689130410276285e-06,0.9999956310869479,2,20,20
12,6213,2.4805035985269962e-17,1.7101152215141368e-17,1.0935406323171581e-06,0.9999989064593677,2,20,20
12,6214,1.558482410052489e-17,9.580887686005866e-16,8.262226227578716e-05,0.9999173777377234,2,20,20
12,6215,7.041628989950973e-16,1.8989545461162687e-15,8.404588511968509e-05,0.9999159541148779,2,20,20
12,6216,4.0652127901376576e-14,9.584400268977724e-16,6.007542793053671e-05,0.9999399245720276,2,20,20
12,6217,9.905405410953775e-15,5.408708432101774e-14,0.004665296544011592,0.9953347034559243,2,20,20
12,6218,1.563730499336263e-17,1.8826009350297524e-15,2.934290167457035e-06,0.9999970657098305,2,20,20
12,6219,1.9083326884645152e-16,4.9834359955306683e-17,1.9947778853299973e-06,0.9999980052221146,2,20,20
12,6220,7.252770558518632e-16,3.3326003130379017e-17,6.0182683577221995e-05,0.9999398173164222,2,20,20
12,6221,3.995584029850081e-14,5.3678782326903325e-14,2.5285752706435736e-06,0.9999974714246359,2,20,20
12,6222,2.483089815509153e-16,3.5539394635393186e-14,0.1746234407298106,0.825376559270154,2,20,20
12,6223,5.640670499184569e-13,5.4086637158443804e-14,0.00474659317534771,0.9952534068240342,2,20,20
12,6224,1.754625342345303e-16,4.9824100874118924e-17,1.5182465612239525e-06,0.9999984817534388,2,20,20
12,6225,2.314715920403357e-12,5.461534434545099e-14,0.002590518099654121,0.9974094818979765,2,20,20
12,6226,3.244406455542183e-11,1.6059615060705198e-13,0.003333124997965364,0.9966668749694303,2,20,20
12,6227,1.069621165037654e-14,3.092026236234762e-12,0.0033882462983755813,0.9966117536985217,2,20,20
12,6228,1.000092579734711e-14,5.460050899546237e-14,3.0732459746550864e-05,0.9999692675401887,2,20,20
12,6229,6.213362225845097e-18,1.7111211413772898e-17,5.51899627629696e-07,0.9999994481003723,2,20,20
12,6230,1.2354740824216195e-17,3.3322756960377264e-17,1.4757997446322108e-06,0.9999985242002553,2,20,20
12,6231,1.9056423378020715e-16,3.389693495383631e-17,4.3506255139077136e-06,0.9999956493744859,2,20,20
12,6232,1.8773509962773744e-16,5.4597096150098654e-14,5.987762842306224e-05,0.9999401223715221,2,20,20
12,6233,1.877350996277362e-16,5.45970961500979e-14,5.9877628423062336e-05,0.9999401223715221,2,20,20
12,6234,3.6814195183207024e-14,1.260663122383304e-10,0.13841513723339066,0.8615848626405059,2,20,20
12,6235,4.840830199062494e-13,9.10179675974038e-14,0.07593651611246566,0.9240634838869592,2,20,20
12,6236,3.509721802321818e-18,9.417409671487431e-16,1.0759104346619458e-06,0.9999989240895645,2,20,20
12,6237,1.0001730741757695e-14,9.747636974962e-16,3.958371177687668e-06,0.9999960416288114,2,20,20
12,6238,4.064281168718568e-14,3.0574708014427867e-12,6.052419646653883e-05,0.9999394758004354,2,20,20
12,6239,3.558928777009645e-18,3.2025515985714625e-19,1.5106637754912128e-06,0.9999984893362244,2,20,20
12,6240,1.879403755659054e-16,9.413129551183202e-16,8.261512981818856e-05,0.9999173848701806,2,20,20
12,6241,1.9978461605977166e-16,9.7446410719039e-16,1.101319794515879e-06,0.9999988986802044,2,20,20
12,6242,2.0005411695054767e-16,9.744691557798797e-16,2.0957278397016164e-06,0.9999979042721592,2,20,20
12,6243,7.996494285628741e-14,3.0516734149667827e-12,0.0012183621771764883,0.9987816378196919,2,20,20
12,6244,4.9924937861437255e-14,5.460331355793612e-14,6.12978005931654e-05,0.9999387021993023,2,20,20
12,6245,8.884646198472201e-16,1.0728102029475763e-13,0.00010291228455723496,0.9998970877153346,2,20,20
12,6246,1.2538838059175428e-17,9.515881784516864e-16,0.003329206669052524,0.9966707933309464,2,20,20
12,6247,1.936242604961695e-16,5.4578558069945634e-14,0.00011112224256381186,0.9998888777573813,2,20,20
12,6248,2.7664054393638447e-17,5.365368516448687e-14,8.36323390433279e-05,0.999916367660903,2,20,20
12,6249,1.5476812717978676e-17,5.363774309829364e-14,8.404945912615332e-05,0.9999159505408202,2,20,20
12,6250,3.9943986373120164e-14,1.73858004110903e-17,2.5079439292055437e-06,0.9999974920560308,2,20,20
12,6251,3.536609790440326e-11,1.0825458192853353e-13,5.888842922673515e-05,0.999941111535299,2,20,20
12,6252,4.064771801351771e-14,9.582523953173113e-16,2.1156650606673686e-06,0.9999978843348978,2,20,20
12,6253,1.849655561971899e-17,9.74307878366665e-16,8.262254346004192e-05,0.9999173774565391,2,20,20
12,6254,1.5799079420706485e-17,9.41460595343163e-16,2.5168499932563543e-06,0.999997483150006,2,20,20
12,6255,4.013437326959941e-14,5.460343899113222e-14,3.965461693776854e-06,0.9999960345382117,2,20,20
12,6256,5.679216131652005e-13,5.4461787266947365e-14,0.0011539861726575706,0.9988460138267199,2,20,20
12,6257,3.471538750395756e-11,3.1109503852328425e-12,0.00014328230282981448,0.9998567176593437,2,20,20
12,6258,3.243886505364673e-11,3.0573275328014288e-12,8.48742489523321e-05,0.9999151257155513,2,20,20
12,6259,3.243903997260471e-11,3.0573275327896774e-12,8.531700917920123e-05,0.9999146829553244,2,20,20
12,6260,3.243903997558803e-11,3.058268394315448e-12,8.489972462990128e-05,0.9999151002398726,2,20,20
12,6261,2.2562562479602717e-12,3.0824455512245007e-12,0.004665092127286999,0.9953349078673743,2,20,20
12,6262,1.564578393549943e-17,9.582464543225998e-16,2.4993031077130966e-06,0.9999975006968915,2,20,20
12,6263,3.321107368289351e-19,1.710111951640841e-17,1.0581950841755866e-06,0.9999989418049159,2,20,20
12,6264,1.8804818293666796e-16,9.743179362633816e-16,8.261452758718696e-05,0.9999173854724116,2,20,20
12,6265,2.2615967040642062e-12,9.354640596717791e-16,0.0033410843559184577,0.9966589156418191,2,20,20
12,6266,7.040483078888374e-16,9.740332569256603e-16,8.2629184298686e-05,0.9999173708156994,2,20,20
12,6267,4.082054867825248e-14,5.46006433762524e-14,0.00011226078261161005,0.9998877392172926,2,20,20
12,6268,7.040646250629094e-16,5.011372331149096e-17,2.0825849233577476e-06,0.9999979174150759,2,20,20
12,6269,2.261823211757976e-12,5.328941489529845e-14,0.0033308496318844418,0.9966691503658004,2,20,20
12,6270,2.2616450045446297e-12,5.3289404911195624e-14,0.003329394063942288,0.9966706059337428,2,20,20
12,6271,1.0176679578383495e-14,9.906992140237774e-16,3.4315321905340214e-06,0.9999965684677986,2,20,20
12,6272,1.997019448265268e-14,5.460334407305448e-14,8.443735370508184e-05,0.9999155626462204,2,20,20
12,6273,1.0872112397324148e-14,3.1044297603154057e-12,0.0011555558914773628,0.9988444441054074,2,20,20
12,6274,6.090583494130618e-13,9.58103128484942e-16,8.626823220701175e-05,0.999913731767183,2,20,20
12,6275,5.69277722442508e-13,9.580931417947039e-16,8.71029365302622e-05,0.9999128970628995,2,20,20
12,6276,5.691057669179384e-13,1.898674282191582e-15,8.566906915388101e-05,0.9999143309302752,2,20,20
12,6277,1.2974937748521305e-10,3.111726472445708e-12,0.00010876155948804145,0.9998912383076509,2,20,20
12,6278,8.746730061978348e-16,5.316215503268759e-14,0.004722629987465779,0.9952773700124802,2,20,20
12,6279,8.916650286548871e-16,9.582087387560946e-16,8.733912029466975e-05,0.9999126608797033,2,20,20
12,6280,1.1231225948901557e-11,5.292674613120129e-13,0.45673103276690113,0.5432689672213381,2,20,20
12,6281,4.111921775443043e-08,3.04440591194371e-13,0.4999864193029165,0.5000135395775611,2,20,20
12,6282,5.9431833863471656e-06,9.826780510959065e-09,0.005438107462432013,0.9945559395274013,2,20,20
12,6283,4.055707866104242e-14,2.8194129699930873e-15,0.0011552159978226915,0.9988447840021341,2,20,20
12,6284,5.679126918470787e-13,2.8191288223625453e-15,0.0011552493954041006,0.9988447506040253,2,20,20
12,6285,1.2977155360726903e-10,5.458482101672264e-14,2.185145273922285e-05,0.9999781484174348,2,20,20
12,6286,1.2730276585731677e-17,5.998552865025014e-19,1.068572452938356e-06,0.9999989314275473,2,20,20
12,6287,2.276415936918013e-12,3.0582493594685594e-12,8.535505720466752e-05,0.999914644937461,2,20,20
12,6288,2.2764157250320784e-12,3.0582490798698608e-12,8.434204697138623e-05,0.999915657947694,2,20,20
12,6289,4.408673538097962e-19,5.998558500056545e-19,3.7737296931805835e-08,0.9999999622627033,2,20,20
12,6290,9.382292744614194e-11,3.8784799419777734e-14,0.1385212354729326,0.8614787644332057,2,20,20
12,6291,3.995911544658468e-14,5.518725100386928e-14,0.0033305991486290974,0.9966694008512758,2,20,20
12,6292,2.48050359852697e-17,1.7101152215141124e-17,1.0935406323171573e-06,0.9999989064593676,2,20,20
12,6293,7.132795870041049e-16,1.710112147424134e-17,2.099846826265333e-06,0.9999979001531729,2,20,20
12,6294,8.882258025419773e-16,5.367018886802014e-14,8.365018199668873e-05,0.9999163498179489,2,20,20
12,6295,6.042522346000509e-14,1.7373204520137212e-10,0.0017029736560989588,0.998297026170109,2,20,20
12,6296,1.8499250143223307e-17,9.903770174992838e-16,0.004665272350849159,0.9953347276491502,2,20,20
12,6297,6.099115703576955e-13,1.7429495418665186e-10,0.00023664814599267653,0.9997633516791025,2,20,20
12,6298,1.0346593982294703e-14,5.3670484177591656e-14,0.00019385521096961994,0.9998061447889665,2,20,20
12,6299,4.013452493596677e-14,5.4595126466885865e-14,8.347409557270565e-05,0.9999165259043326,2,20,20
12,6300,3.99471239520158e-14,9.57978227321611e-16,9.249091867146038e-07,0.9999990750907723,2,20,20
12,6301,3.237899815065279e-11,3.04886141425302e-12,0.0016229940910636085,0.9983770058735086,2,20,20
12,6302,4.081603340591965e-14,1.0823125446421217e-13,0.00016520045247396547,0.9998347995473771,2,20,20
12,6303,2.2563707750055863e-12,1.7271912748175564e-10,0.004759885478516721,0.9952401143465077,2,20,20
12,6304,1.0860786385286879e-14,3.1120387589857492e-12,0.00014189583155654233,0.9998581041653204,2,20,20
12,6305,2.0795800722811474e-14,3.0492065841820127e-12,0.0016244524664762235,0.9983755475304541,2,20,20
12,6306,4.0125547430649167e-14,5.518099125013681e-14,0.0033884211767044124,0.9966115788232005,2,20,20
12,6307,3.996667169076504e-14,5.4603041264271487e-14,6.172088055587806e-05,0.9999382791193496,2,20,20
12,6308,5.791498042645201e-13,2.8241673657592265e-15,5.848270829190984e-05,0.9999415172911261,2,20,20
12,6309,5.693424899578101e-13,1.9155165073731274e-15,3.19186463521277e-05,0.9999680813530767,2,20,20
12,6310,3.53729567247085e-16,4.9839305264512785e-17,3.4088822734119994e-06,0.9999965911177262,2,20,20
12,6311,2.2772925117205888e-12,1.0732312186339802e-13,8.535595916427203e-05,0.9999146440384512,2,20,20
12,6312,4.029333421347489e-14,3.0575575166232873e-12,5.0887125765497e-05,0.9999491128711369,2,20,20
12,6313,4.012736085665715e-14,3.0575412897935116e-12,4.898017528802963e-05,0.9999510198216146,2,20,20
12,6314,1.1501922267977807e-10,2.7115555984106255e-12,0.05689315329349605,0.9431068465887734,2,20,20
12,6315,3.995162753644879e-14,9.90578993277457e-16,0.00014181451446455625,0.9998581854854945,2,20,20
12,6316,3.9954469930082614e-14,5.3656240890141896e-14,5.8837532524624745e-05,0.9999411624673818,2,20,20
12,6317,3.2840998422528686e-19,1.6821552873213098e-17,6.972227555327078e-08,0.9999999302777244,2,20,20
12,6318,9.986099101131732e-15,3.3322839344184466e-17,2.920196498116858e-06,0.9999970798034918,2,20,20
12,6319,8.057698317039444e-14,5.368897182639385e-14,0.00014296563552715634,0.9998570343643386,2,20,20
12,6320,4.13460378943171e-14,9.843161165451114e-16,0.0034133270634324397,0.9965866729365251,2,20,20
12,6321,3.9944254652634556e-14,9.582574111816383e-16,1.0909375588854722e-06,0.9999989090624005,2,20,20
12,6322,1.294861460694798e-10,3.103877438487845e-12,0.005823372062341997,0.9941766278050679,2,20,20
12,6323,1.294764287069099e-10,3.104369250610487e-12,0.0012421359564674238,0.9987578639109518,2,20,20
12,6324,1.0690465275431466e-14,6.634576045760901e-17,1.6021094814581322e-06,0.9999983978905079,2,20,20
12,6325,2.2865149387486495e-12,5.367303689953807e-14,5.937200056640419e-05,0.9999406279970934,2,20,20
12,6326,4.9936963731051617e-14,3.0576764831069423e-12,3.00745078774105e-05,0.9999699254890151,2,20,20
12,6327,1.3031640041025112e-10,1.7424321615662448e-10,0.0001840776281984355,0.9998159220672419,2,20,20
12,6328,1.297379391959137e-10,1.7424318318508377e-10,0.00015509589324641152,0.9998449038027729,2,20,20
12,6329,5.084527065827366e-12,1.5083590930680626e-11,0.4567318775098355,0.5432681224699958,2,20,20
12,6330,1.5714489919657335e-10,5.191269214456224e-13,0.5000008027092084,0.49999919713312735,2,20,20
12,6331,9.904109600038673e-09,4.970589512426262e-08,0.4576807972760855,0.5423191431139096,2,20,20
12,6332,3.7346555430147437e-06,4.9471514911382275e-12,0.5015604916938562,0.49843577364565306,2,20,20
12,6333,0.005540983366559946,1.6063640551510133e-07,0.49197260243181995,0.5024862535652145,2,20,20
12,6334,0.4999931040625881,4.466690175849097e-16,7.421621761014341e-06,0.49999947431565017,2,20,20
12,6335,0.012838156912192455,1.2430075944726655e-08,0.48724109082979283,0.4999207398279386,2,20,20
12,6336,7.259177471516046e-08,1.5953838855557318e-15,0.5000825058221622,0.4999174215860609,2,20,20
12,6337,7.259177487820044e-08,5.429381203263677e-14,0.5000587479875309,0.49994117942063937,2,20,20
12,6338,7.259177470308686e-08,6.546785140716393e-16,0.5000009594040355,0.4999989680041884,2,20,20
12,6339,0.2912796780841413,1.5092827428604525e-07,0.2087211777561779,0.49999899323140656,2,20,20
12,6340,0.04302196436351396,1.8016953776332854e-05,0.4569595432028452,0.5000004754798641,2,20,20
12,6341,0.0008671424427895555,6.2631456421295275e-09,0.49915318131167125,0.499979669982393,2,20,20
12,6342,0.2202142723143929,0.0001451824264500252,0.2796546918724984,0.499985853386658,2,20,20
12,6343,0.49992345020570095,6.009995858009231e-14,7.903422138145115e-05,0.49999751557285727,2,20,20
12,6344,0.4999234502057002,6.470431276842716e-15,7.659332681509868e-05,0.49999995646747775,2,20,20
12,6345,0.49754016496079023,1.9495656412032212e-11,0.002459878550607124,0.4999999564691068,2,20,20
12,6346,0.49754016496304576,2.2578068630366974e-11,0.007123888874127621,0.49533594614024856,2,20,20
12,6347,0.37381988980576586,2.7362784976277507e-06,0.1293812125959013,0.49679616131983517,2,20,20
12,6348,0.4487021512619036,1.005591460034514e-09,0.05135715179680689,0.4999406959356982,2,20,20
12,6349,0.49577699888191323,2.2436148512746094e-09,0.004222700702950824,0.5000002981715209,2,20,20
12,6350,0.42318552461990416,1.906210748679772e-09,0.07681549677235153,0.49999897670153365,2,20,20
12,6351,0.2918773093345502,2.002720116104996e-09,0.2075409883315931,0.500581700331137,2,20,20
12,6352,0.49749238219233477,2.2800353187538724e-09,0.0025086425085107363,0.4999989730191193,2,20,20
12,6353,0.35630825053276044,1.3582129887510765e-06,0.12371571807072136,0.5199746731835296,2,20,20
12,6354,0.49999921928087265,9.415137087683522e-16,1.162380411597319e-06,0.4999996183387148,2,20,20
12,6355,0.39965913089738847,1.0262101313276683e-07,0.0995982020170334,0.500742564464565,2,20,20
12,6356,0.05360090251917695,1.8036585153425112e-05,0.4464398002319713,0.4999412606636982,2,20,20
12,6357,1.5522604507616973e-05,2.2422783915139428e-10,0.49998449497118563,0.49999998220007835,2,20,20
12,6358,0.012628681789391572,6.007394924455695e-09,0.48737134411194216,0.4999999680912713,2,20,20
12,6359,0.11412238427623958,0.0001921246062711711,0.3847700808914064,0.5009154102260818,2,20,20
12,6360,0.49977494637657777,8.108129065099547e-11,0.0002250859447134202,0.49999996759762744,2,20,20
12,6361,0.1384677660896918,0.00021769488696960114,0.3613173567394794,0.4999971822838585,2,20,20
12,6362,0.49566203103093137,3.159588829822055e-10,0.008933212714534015,0.49540475593857536,2,20,20
12,6363,0.0003713999704862663,1.192903974620306e-13,0.5042924168747422,0.4953361831546513,2,20,20
12,6364,0.00036397506483590574,3.3076840685451517e-12,0.5042998418082746,0.49533618312358096,2,20,20
12,6365,0.0003639750648357444,3.306768208173254e-12,0.4996360687684035,0.49999995616345366,2,20,20
12,6366,0.0003713749666281117,6.69075542961462e-12,0.49962866794660954,0.49999995708007094,2,20,20
12,6367,0.0003713749666288001,6.744392010982871e-12,0.49971122414481983,0.4999174008818065,2,20,20
12,6368,0.00037137496719791914,6.798012850787577e-12,0.49971171311194923,0.49991691191405435,2,20,20
12,6369,1.1405020050574544e-07,1.0566915513314654e-08,0.5000009315388582,0.4999989438440257,2,20,20
12,6370,1.1405021047950006e-07,1.056696823413439e-08,0.500002359366247,0.4999975160165746,2,20,20
12,6371,1.1405020068107695e-07,1.0566916454238508e-08,0.5000586667890143,0.4999412085938689,2,20,20
12,6372,1.1405020066859265e-07,1.056691552981592e-08,0.5000009319803291,0.49999894340255496,2,20,20
12,6373,0.2692752346500764,8.583746027749798e-11,0.23072621679164068,0.4999985484724454,2,20,20
12,6374,0.2692752346500764,8.589110545731265e-11,0.23072722675812252,0.49999753850590994,2,20,20
12,6375,0.2692752346500764,8.583840113823885e-11,0.2307262094852729,0.49999855577881225,2,20,20
12,6376,0.4874907170081342,2.4794390350557385e-07,0.012536376135395528,0.49997265891256665,2,20,20
12,6377,4.1618863418087716e-14,0.4995995926317685,0.00042893057627002617,0.49997147679191983,2,20,20
12,6378,2.846686304733127e-17,0.4999928827795696,8.166924213392216e-06,0.49999895029621694,2,20,20
12,6379,1.2939130777471618e-10,0.49998817014886104,0.001498949240629127,0.49851288048111897,2,20,20
12,6380,5.995684587592324e-10,0.48450636671072517,0.015576228879138846,0.49991740381056765,2,20,20
12,6381,5.996083884619286e-10,0.48450636671072517,0.015515512962557583,0.49997811972710915,2,20,20
12,6382,4.1891436823951794e-07,0.48450636671376024,0.01944098586508133,0.49605222850679026,2,20,20
12,6383,2.7676504701612035e-12,0.4995813977650893,0.005082424580348152,0.49533617765179466,2,20,20
12,6384,8.434199755824504e-09,0.4782860246310551,0.02174249569065001,0.4999714712440954,2,20,20
12,6385,3.343551932164334e-15,0.49971961595282127,0.00028042801122438215,0.49999995603595104,2,20,20
12,6386,2.5972196791241116e-12,0.4785111086027458,0.021488931568271898,0.499999959826385,2,20,20
12,6387,1.431974235674756e-14,0.14049383863420614,0.3595061418756362,0.5000000194901433,2,20,20
12,6388,4.229328530769099e-09,0.2398353462059437,0.2601661839728269,0.4999984655919004,2,20,20
12,6389,5.355633391998108e-14,0.14049472216529243,0.3595068122433324,0.49999846559132133,2,20,20
12,6390,1.9298108278918223e-13,0.47842987581453456,0.023190797398243184,0.49837932678702923,2,20,20
12,6391,2.607191576177866e-12,0.4783726291812903,0.021709971343021054,0.49991739947308156,2,20,20
12,6392,5.954600238101589e-10,0.4793467568725946,0.020712084209386552,0.4999411583225587,2,20,20
12,6393,4.759984584273902e-15,0.48450868556862353,0.015550127028500891,0.49994118740287075,2,20,20
12,6394,2.712183230636764e-12,0.4997059915390535,0.0002954576933850987,0.4999985507648493,2,20,20
12,6395,1.8825459015285522e-13,0.492100871163625,0.00790035587865099,0.49999877295753553,2,20,20
12,6396,3.9971165471384745e-08,0.4782228703121677,0.10007052948438,0.42170656023228675,2,20,20
12,6397,1.479525121800695e-10,0.47820438536184634,0.021825002553336227,0.49997061193686493,2,20,20
12,6398,1.6100731657683462e-15,0.4998591349212577,0.00014233253568657377,0.499998532543054,2,20,20
12,6399,2.7570325424250142e-12,0.4919689083979821,0.008091554175064158,0.49993953742419683,2,20,20
12,6400,9.493255865829419e-16,0.4996064457377015,0.0004540168352691663,0.49993953742702846,2,20,20
12,6401,8.576365254140546e-17,0.49960644573464413,0.00039359810096526685,0.49999995616439064,2,20,20
12,6402,5.452671712586152e-12,0.47851355560447023,0.021570287655910212,0.49991615673416706,2,20,20
12,6403,1.5086467384303967e-10,0.48703728417963515,0.012963536462824277,0.4999991792066759,2,20,20
12,6404,1.508648591192757e-10,0.4870372841796874,0.017626313299153207,0.4953364023702947,2,20,20
12,6405,5.327664233035295e-12,0.1404988695977708,0.359559948564852,0.4999411818320495,2,20,20
12,6406,2.2782372958286617e-12,0.4996063281933729,0.00045249108559122347,0.4999411807187576,2,20,20
12,6407,1.1523903637968131e-14,0.499606328193372,0.00047627217139452034,0.49991739963522197,2,20,20
12,6408,3.087670914060157e-12,0.14049720423243414,0.3595853961097195,0.4999173996547584,2,20,20
12,6409,2.1192510843258915e-10,0.265550188750292,0.23447972634329503,0.4999700846944878,2,20,20
12,6410,1.300073586023098e-10,0.49960144494756237,0.00042859016505367484,0.4999699647573765,2,20,20
12,6411,2.78571889126303e-13,0.4996014449474552,0.00048269230520141596,0.4999158627470649,2,20,20
12,6412,2.381098346581183e-13,0.4996014449474552,0.00041884230560945007,0.4999797127466972,2,20,20
12,6413,6.114909211755224e-10,0.4941400025098392,0.005860066032950879,0.4999999308457191,2,20,20
12,6414,6.114909179092616e-10,0.4941400025098928,0.005942597087012342,0.49991739979160404,2,20,20
12,6415,3.585253466250499e-15,0.4997148944765532,0.0003677057330646154,0.49991739979037847,2,20,20
12,6416,4.37517022633723e-15,0.499601563444302,0.0004810366958637567,0.49991739985982986,2,20,20
12,6417,1.8784884633316352e-13,0.4842081705031973,0.01587442970621628,0.49991739979039845,2,20,20
12,6418,4.57534587864086e-14,0.4785189458724731,0.02156365433710262,0.49991739979037847,2,20,20
12,6419,2.607987095192926e-16,0.4999881698680333,9.443034036920899e-05,0.49991739979159716,2,20,20
12,6420,2.7149481749262735e-12,0.4922370355895059,0.007821785123535433,0.49994117928424375,2,20,20
12,6421,4.0026265997304466e-14,0.4785191553959401,0.02153966531981029,0.49994117928420956,2,20,20
12,6422,4.00276905208521e-14,0.47851915539594014,0.021483329341389225,0.49999751526263086,2,20,20
12,6423,4.796505061850882e-15,0.4785190293892466,0.021480996607729865,0.49999997400301865,2,20,20
12,6424,3.413985383831796e-15,0.49990296662920825,9.705956049035409e-05,0.49999997381029804,2,20,20
12,6425,3.3435527876881673e-15,0.49971961595282127,0.00028183378415948094,0.49999855026301593,2,20,20
12,6426,1.9035283652285016e-17,0.4999928827795696,8.566958611784731e-06,0.49999855026181855,2,20,20
12,6427,5.1793300843318465e-14,0.49947079050443177,0.0005306592325008823,0.4999985502630157,2,20,20
12,6428,4.562339324139415e-14,0.47851367784200755,0.021486369526137875,0.49999995263180913,2,20,20
12,6429,4.563569104216023e-14,0.4785136778420076,0.02148683675166026,0.49999948540628664,2,20,20
12,6430,3.29772289526497e-15,0.4845157495032228,0.015485700234956077,0.4999985502618179,2,20,20
12,6431,1.2922412108841668e-10,0.49971485290870493,0.0024418455564199438,0.497843301405651,2,20,20
12,6432,4.234435164726849e-15,0.48450868556862525,0.015511627926665408,0.49997968650470503,2,20,20
12,6433,3.28077516074347e-12,0.49959470077286916,0.00040713223580317656,0.49999816698804705,2,20,20
12,6434,1.0559480523699097e-11,0.4842476485971492,0.02041617497519056,0.4953361764171008,2,20,20
12,6435,1.055949456688177e-11,0.48424764859412084,0.01575307135510421,0.49999928004021554,2,20,20
12,6436,1.0689651420524374e-11,0.492368675687615,0.0076320441942353216,0.4999992801074601,2,20,20
12,6437,2.128795560958938e-11,0.48918567943060115,0.015478138051520745,0.49533618249659,2,20,20
12,6438,2.709506742248353e-12,0.49921277185010315,0.0007872533794254594,0.4999999747677621,2,20,20
12,6439,1.3570085980883131e-14,0.14049893175135272,0.3595011360772846,0.49999993217134914,2,20,20
12,6440,1.3398183238422438e-14,0.14049893175135364,0.3595025342815295,0.4999985339671034,2,20,20
12,6441,4.291242688197196e-14,0.49998808718370813,0.004675734460414035,0.4953361783558349,2,20,20
12,6442,3.344390854742399e-15,0.4999880871836018,1.3387267731999913e-05,0.4999985255486629,2,20,20
12,6443,1.3325765974283965e-14,0.49998808718365545,9.451334319037818e-05,0.49991739947314096,2,20,20
12,6444,5.762975083197474e-14,0.4995995368797547,0.00048306364704755295,0.49991739947314034,2,20,20
12,6445,6.180488848246775e-10,0.49943220489598567,0.0006503949446151467,0.49991739954135045,2,20,20
12,6446,1.0894049704607959e-14,0.4999911873353702,9.141319267568594e-05,0.4999173994719433,2,20,20
12,6447,1.6226081088405747e-15,0.49999118733531656,9.862810393987395e-06,0.49999894985428783,2,20,20
12,6448,1.9104456248702476e-13,0.49971281821913766,0.00028823185693767985,0.49999894992373367,2,20,20
12,6449,3.0795196816756884e-07,0.30637535858612075,0.19365271549073565,0.499971617971175,2,20,20
12,6450,1.9084541537261285e-17,0.49999288278138454,8.591671171316966e-06,0.4999985255474442,2,20,20
12,6451,7.197356461687579e-16,0.49999288278138554,8.969577737510918e-05,0.4999174214412387,2,20,20
12,6452,1.617745381546714e-17,0.49999288278138454,7.1360872632088845e-06,0.49999998113135236,2,20,20
12,6453,1.0001862958361185e-14,0.49999288278138554,8.609832444321176e-06,0.49999850738616025,2,20,20
12,6454,3.339035235502921e-08,0.4733765370963055,0.026624918376195673,0.4999985111371465,2,20,20
12,6455,1.977805995929647e-13,0.4845156195857024,0.015485872960585343,0.49999850745351443,2,20,20
12,6456,1.001621828352101e-14,0.4996064115553905,0.00039508105841861904,0.4999985073861809,2,20,20
12,6457,3.074375267669917e-17,0.49960641155538954,0.0003936246558079581,0.49999996378880257,2,20,20
12,6458,2.0846762973631807e-14,0.14049472228308732,0.497735898067768,0.36176937964912376,2,20,20
12,6459,9.098077976078017e-16,0.4999857884125268,1.5660890870166935e-05,0.49999855069660193,2,20,20
12,6460,1.6105458038005613e-15,0.4999857884125804,3.452368755399108e-05,0.499979687899864,2,20,20
12,6461,3.3426228573782917e-13,0.49960641157585867,0.44167381900123465,0.058719769422572454,2,20,20
12,6462,3.344872698820247e-13,0.1404990216056361,0.8007812089711352,0.058719769422893725,2,20,20
12,6463,0.0018655634415192849,0.49960161138540826,0.4985325670799735,2.5809309922464645e-07,2,20,20
12,6464,0.0018655634442291127,0.4998894714466083,0.49824470701486556,2.5809429700858534e-07,2,20,20
12,6465,5.7505804439905856e-08,0.49960156956163976,0.4980471041004246,0.0023512688321312776,2,20,20
12,6466,5.7508353331554925e-08,0.47841143302815375,0.5192372406302161,0.00235126883327667,2,20,20
12,6467,5.750577200954176e-08,0.0034048694949406285,0.994243802629335,0.002351270369951995,2,20,20
12,6468,4.943264205074926e-08,0.0034048706311654627,0.9382500130340237,0.05834506690216796,2,20,20
12,6469,5.3832540643939e-06,2.891061613234683e-05,0.5568284649422622,0.44313724118754105,2,20,20
12,6470,0.00016916942182476755,3.070035645463188e-12,0.5566936314206727,0.4431371991544322,2,20,20
12,6471,0.19952558509439722,7.627751712856151e-08,0.35693878726984457,0.44353555135824124,2,20,20
12,6472,1.5816706341129157e-11,3.705025757367283e-11,0.5000067346530961,0.49999326529403704,2,20,20
12,6473,4.604604386755647e-07,6.611736201183086e-14,0.46176445285902945,0.5382350866804656,2,20,20
12,6474,4.038383736333045e-08,0.00017620252755672785,0.4998104744336073,0.5000132826549981,2,20,20
12,6475,9.391089405342457e-09,8.85348271121491e-10,0.4554575256796108,0.5445424640439511,2,20,20
12,6476,3.1817124500609226e-12,3.1654225883750306e-06,0.49999828379735417,0.4999985507768752,2,20,20
12,6477,0.00021618846079592637,6.280588598358775e-09,0.9565150621993899,0.043268743059225415,2,20,20
12,6478,0.0002161884606088803,6.265559122119789e-09,0.49984317352512864,0.4999406317487035,2,20,20
12,6479,0.013074434722731038,1.1294025381180485e-10,0.48698435628287307,0.4999412088814555,2,20,20
12,6480,3.3890374113671256e-07,6.727440648090986e-09,0.5000583506351052,0.4999413037337127,2,20,20
12,6481,0.04343632767064357,1.9732533137198915e-10,0.45659218688346603,0.499971485248565,2,20,20
12,6482,0.04565803770360128,1.019463804721125e-10,0.45434340178825217,0.49999856040620005,2,20,20
12,6483,1.5437691366971083e-05,1.1588424599640285e-10,0.5000671101819638,0.49991745201078464,2,20,20
12,6484,1.5437691367134357e-05,1.1588332151786387e-10,0.49998557255074616,0.49999898964200334,2,20,20
12,6485,0.030734370744072256,0.16510900860422012,0.3039158071272215,0.5002408135244859,2,20,20
12,6486,0.030734370744072273,0.16510900860422106,0.30399691125525174,0.5001597093964548,2,20,20
12,6487,1.0113689673393208e-14,0.4845158403354023,0.015486644530391402,0.49999751513419616,2,20,20
12,6488,4.35188935367528e-15,0.4998591631860107,0.00016935037265417845,0.4999714864413307,2,20,20
12,6489,4.4131533966396903e-14,0.49960471246187255,0.0003967020445567013,0.49999858549352666,2,20,20
12,6490,4.323849093626876e-14,0.4845157494043503,0.01548566510094076,0.4999985854946656,2,20,20
12,6491,4.259526345550738e-15,0.4999864745582627,3.381896345912013e-05,0.4999797064782737,2,20,20
12,6492,2.881629551204178e-11,0.26555433083988206,0.3125698593216923,0.42187580980960904,2,20,20
12,6493,1.4413503286888847e-12,0.2655543308398368,0.23444569534843396,0.4999999738102879,2,20,20
12,6494,1.0522068040587406e-11,0.4845103196550898,0.015489706524090692,0.4999999738102974,2,20,20
12,6495,1.0532052746616232e-11,0.48451031965514435,0.015548501428621445,0.499941178905702,2,20,20
12,6496,6.179050634033206e-10,0.4993240305894577,0.0006760014777907195,0.4999999673148466,2,20,20
12,6497,6.179050666887172e-10,0.49932403058945773,0.0006769973851971097,0.49999897140744004,2,20,20
12,6498,8.58165870055966e-17,0.499606445839774,0.00039461119977280914,0.4999989429604531,2,20,20
12,6499,4.7381611015893215e-14,0.4945400049721837,0.005462479453282217,0.4999975155744868,2,20,20
12,6500,4.7209551278924164e-14,0.4945400049721301,0.005460052118958173,0.49999994290886446,2,20,20
12,6501,4.721861013676574e-14,0.4945400049721301,0.00546003901719099,0.49999995601063185,2,20,20
12,6502,4.7206474900404435e-14,0.4945400049721301,0.005461444331234,0.4999985506965887,2,20,20
12,6503,5.4819120564674335e-11,0.17719547134593328,0.3228058978718034,0.49999863072744377,2,20,20
12,6504,2.597151736106974e-12,0.4785119784053782,0.021489470896621194,0.4999985506954031,2,20,20
12,6505,1.0071648689332545e-14,0.49960644583982666,0.0003960387338789743,0.49999751542628423,2,20,20
12,6506,4.3241382483913846e-14,0.4845157191756177,0.01710874942306035,0.4983755314012785,2,20,20
12,6507,1.3919739105257583e-08,0.0002430297807427486,0.5013810683738426,0.49837588792567544,2,20,20
12,6508,0.008269195375135286,6.002381867179351e-08,0.49173177150082,0.49999897310022534,2,20,20
12,6509,8.156336021359329e-10,1.1176966736123577e-09,0.5000604606384165,0.49993953742825287,2,20,20
12,6510,3.9799894437821295e-13,1.559173199103772e-07,0.5000019102437407,0.49999793383854135,2,20,20
12,6511,1.4387766525430389e-06,1.924612426805035e-06,0.49948484045887825,0.5005117961520421,2,20,20
12,6512,1.4387766617617139e-06,1.924615465184822e-06,0.5028121995757769,0.49718443703209586,2,20,20
12,6513,1.4387789286270842e-06,1.9246124286867556e-06,0.49948459873845735,0.5005120378701853,2,20,20
12,6514,3.0463170331465903e-06,0.013525826267029827,0.48647081541009635,0.5000003120058403,2,20,20
12,6515,1.3550357162811834e-05,1.819726527625692e-05,0.49988153015519055,0.5000867222223703,2,20,20
12,6516,0.49526143825670743,2.0425531914391957e-11,0.004738598331759403,0.4999999633911076,2,20,20
12,6517,0.4999444715382752,3.497097566213139e-13,5.55651634958346e-05,0.49999996329787927,2,20,20
12,6518,0.0396608259352925,1.5138055563944164e-08,0.4558838213796556,0.5044553375469959,2,20,20
12,6519,0.039660825935292646,1.5138056504362643e-08,0.45596636350042585,0.5043727954262248,2,20,20
12,6520,0.03966082593529317,1.513805559638274e-08,0.45588384620547845,0.5044553127211725,2,20,20
12,6521,0.03966082593529317,1.5138055596381403e-08,0.45590407167223845,0.5044350872544124,2,20,20
12,6522,0.20639414957400778,5.877878127495811e-13,0.29360874234221224,0.49999710808319237,2,20,20
12,6523,0.2063941495740083,3.6454342658301595e-12,0.29363469254664215,0.49997115787570434,2,20,20
12,6524,0.20639414957457664,1.748291042461989e-10,0.29375987943994203,0.49984597081065246,2,20,20
12,6525,0.005863136890136367,9.694497828167508e-06,0.4942795851502794,0.49984758346175523,2,20,20
12,6526,0.0033377041938273118,1.8102729781125974e-07,0.41678049767760406,0.5798816171012702,2,20,20
12,6527,0.006203391768805633,3.154135516086603e-09,0.49379763724780956,0.4999989678292496,2,20,20
12,6528,3.865209911961179e-06,8.86149346483765e-14,0.5016151784755362,0.4983809563144632,2,20,20
12,6529,0.06238914966211397,8.079471766108945e-09,0.4376123348601944,0.4999985073982199,2,20,20
12,6530,0.062389149662104855,8.079523970152719e-09,0.44227465983091063,0.49533618242746064,2,20,20
12,6531,0.06238914966214394,8.079470842047897e-09,0.4376311487911145,0.4999796934672708,2,20,20
12,6532,0.00014882945771034736,1.079718968802174e-09,0.44563032277013476,0.5542208466924367,2,20,20
12,6533,4.727967513575471e-10,1.1196233130666228e-11,0.4681276794535817,0.5318723200624255,2,20,20
12,6534,1.3941078493035597e-08,2.741597829460763e-09,0.67346863140275,0.326531351914573,2,20,20
12,6535,1.3941062417396919e-08,2.6282826292606973e-09,0.50216907890213,0.4978309045285253,2,20,20
12,6536,1.1513211420592393e-08,3.5211561900457876e-06,0.5023687518662112,0.4976277154643872,2,20,20
12,6537,1.7272669666002617e-11,0.0002447348761272982,0.5030844539317583,0.4966708111748415,2,20,20
12,6538,2.690121904388531e-06,3.5982504599781917e-06,0.49999486884072336,0.49999884278691165,2,20,20
12,6539,1.0018930990535963e-09,1.5267930727823533e-07,0.4999791442707086,0.500020702048091,2,20,20
12,6540,1.1728801023121754e-07,0.1879221479349949,0.31834248816639266,0.4937352466106021,2,20,20
12,6541,1.0846533824983834e-11,0.49959668375788996,0.00048592268186275323,0.49991739354940057,2,20,20
12,6542,1.6100210523552465e-15,0.49986387950231276,0.00021872053155830824,0.49991739996612716,2,20,20
12,6543,1.2236316777157476e-06,0.30434352300145856,0.19565666559581832,0.49999858777104533,2,20,20
12,6544,5.805411182004326e-12,0.2655558405326448,0.23446589901210763,0.499978260449442,2,20,20
12,6545,1.3305001688183057e-11,0.3064060619500055,0.19365273606726602,0.49994120196942327,2,20,20
12,6546,9.865484546529177e-09,0.13981949052873105,0.35999672961454643,0.5001837699912375,2,20,20
12,6547,1.0518837320657526e-11,0.48451031966904556,0.015572286833930048,0.4999173934865056,2,20,20
12,6548,3.263073586876524e-11,0.4996230907122475,0.00043740123426064525,0.49993950802086107,2,20,20
12,6549,9.095888672510677e-16,0.4998638795022591,0.0001371525018808066,0.499998967995859,2,20,20
12,6550,2.311424107293848e-13,0.49960152964481236,0.001647678446191825,0.49875079190876465,2,20,20
12,6551,3.00670860254182e-13,0.013577747632398489,0.48650483106220366,0.49991742130509664,2,20,20
12,6552,6.174505565769907e-10,0.494435363687351,0.008894006690714532,0.4966706290044839,2,20,20
12,6553,2.869032010430804e-12,0.4870625437776466,0.012938311419142649,0.4999991448003413,2,20,20
12,6554,4.695575189922481e-14,0.492368986593332,0.007631039596323516,0.49999997381029765,2,20,20
12,6555,6.896872544822134e-09,0.0016858247615640929,0.49831419453105236,0.4999999738105107,2,20,20
12,6556,2.2919101208329507e-05,2.7483116204479853e-07,0.4999778631090464,0.4999989429585831,2,20,20
12,6557,0.41298933385380354,9.385714902257604e-10,0.0870117221673812,0.4999989430402438,2,20,20
12,6558,0.49992777282159623,6.943052892265552e-13,7.369413495648146e-05,0.49999853304275294,2,20,20
12,6559,0.49739221129281774,1.2238934809243251e-14,0.0026095620103971737,0.49999822669677285,2,20,20
12,6560,1.6069979027620704e-05,5.502070269116311e-09,0.49998599907688757,0.4999979254420142,2,20,20
12,6561,0.49835982018249764,5.991816451791019e-11,0.0016422546729218713,0.4999979250846621,2,20,20
12,6562,7.86814462264256e-10,2.7875586432785576e-06,0.49999928265387883,0.49999792900066314,2,20,20
12,6563,8.121806118610112e-09,2.787731511393109e-06,0.5040931281353785,0.495904076011304,2,20,20
12,6564,7.340342110996703e-09,0.000174246046612126,0.5039216746192211,0.49590407199382425,2,20,20
12,6565,1.971971369179646e-10,1.1102294303913335e-07,0.5016195255013841,0.4983803632784748,2,20,20
12,6566,7.126457117017637e-10,3.110590880830578e-06,0.4999983334378571,0.4999985552586161,2,20,20
12,6567,2.907302230677148e-07,9.058721775516669e-05,0.501062819722475,0.4988463023295465,2,20,20
12,6568,3.998529394428497e-14,3.163515062855163e-06,0.49999864438881325,0.49999819209608337,2,20,20
12,6569,5.758512672520178e-07,0.00017633217098376102,0.4989842019829851,0.5008388899947632,2,20,20
12,6570,0.49745309347653893,4.034910694319482e-11,0.0025487082565984263,0.4999981982265136,2,20,20
12,6571,0.2880550241662227,1.588973840218336e-05,0.212011668375451,0.4999174177199242,2,20,20
12,6572,0.0021469735344399527,3.55208614040819e-06,0.4979318058720278,0.49991766850739183,2,20,20
12,6573,6.792142090520629e-07,6.401450540470466e-08,0.500000132793709,0.49999912397757607,2,20,20
12,6574,6.792141990536398e-07,6.40145044470467e-08,0.49999927760657703,0.4999999791647192,2,20,20
12,6575,7.231575858910467e-08,7.796719282376235e-08,0.5046636568045607,0.4953361929124879,2,20,20
12,6576,7.231575875472149e-08,7.796719191357718e-08,0.5016188885681262,0.49838096114892316,2,20,20
12,6577,7.081969368491957e-08,1.5214396573857305e-07,0.5016188158238591,0.49838096121248143,2,20,20
12,6578,0.001819776954674393,0.0001715112189990034,0.5026716471214938,0.4953370647048327,2,20,20
12,6579,0.001819776954664676,0.0001715110463354032,0.498076947888892,0.49993176411010787,2,20,20
12,6580,1.4197498886487513e-08,0.0002478700865744786,0.49978813440012193,0.4999639813158044,2,20,20
12,6581,2.6107133096175725e-10,0.013788052415513338,0.4862484593545716,0.4999634879688431,2,20,20
12,6582,1.645736119876925e-06,8.533360222813889e-10,0.5030039415965647,0.4969944118139791,2,20,20
12,6583,3.366556904540302e-05,0.000180857685579892,0.45069534445034465,0.5490901322950302,2,20,20
12,6584,1.337799000918096e-08,1.1766275714609063e-09,0.4408025879478596,0.5591973974975228,2,20,20
12,6585,1.3375713308541965e-08,1.1766284795862957e-09,0.44078397165558564,0.5592160137920726,2,20,20
12,6586,1.3375713317600805e-08,1.1766275387296564e-09,0.4407839691308133,0.559216016316846,2,20,20
12,6587,8.72729777628044e-05,3.608714232318934e-08,0.498877644808696,0.501035046126399,2,20,20
12,6588,8.727310752471944e-05,3.608714234011034e-08,0.4988162591341856,0.5010964316711475,2,20,20
12,6589,3.3184838023559026e-10,4.362543150304781e-10,0.4780519096647388,0.5219480895671583,2,20,20
12,6590,1.9355326062692415e-06,3.6001123719724096e-08,0.46767458143960405,0.5323234470266659,2,20,20
12,6591,3.9306735072714086e-12,1.2025065067152966e-09,0.4395002505168391,0.5604997482767236,2,20,20
12,6592,3.970610495093723e-12,1.2055638169207724e-09,0.43958263298521505,0.5604173658052507,2,20,20
12,6593,1.4347270695465075e-05,1.0849966843134353e-10,0.5000694563702638,0.4999161962505405,2,20,20
12,6594,0.48700670037530613,8.773974666847097e-09,0.01300734290693895,0.49998594794378026,2,20,20
12,6595,0.4997819135186995,1.4769848622271778e-12,0.004882051951102,0.4953360345287213,2,20,20
12,6596,0.49978191351870926,4.4708104325731716e-12,0.0018376374944170679,0.4983804489824027,2,20,20
12,6597,0.4939458209856249,4.822958933628015e-14,0.06428997023977259,0.441764208774554,2,20,20
12,6598,0.49394582099017803,5.4618484973081314e-14,0.006074718089967474,0.4999794609197998,2,20,20
12,6599,0.49394582098562445,3.047906195846182e-12,0.007673244435585172,0.49838093457574245,2,20,20
12,6600,0.4998867653831457,3.048343718750284e-12,0.001732300037946713,0.4983809345758593,2,20,20
12,6601,0.010203598868711016,4.849929535953194e-12,0.48979637746890126,0.500000023657537,2,20,20
12,6602,0.010203598868711715,4.904152945444335e-12,0.4931255606443089,0.49667084048207505,2,20,20
12,6603,0.010203598868711028,4.85088702218822e-12,0.48987895436544054,0.49991744676099725,2,20,20
12,6604,1.1445981637086255e-07,6.641520775247974e-12,0.500082463956484,0.499917421577058,2,20,20
12,6605,1.1445985629566044e-07,6.69514114046405e-12,0.500082485947201,0.49991739958624715,2,20,20
12,6606,0.48239184841365823,2.541868834583428e-07,0.017608951684379662,0.4999989457150784,2,20,20
12,6607,0.4823918484136185,2.5418688345834265e-07,0.01760893397930431,0.4999989634201937,2,20,20
12,6608,0.49383565019372894,1.3593023569435744e-12,0.006164731592127548,0.499999618212784,2,20,20
12,6609,0.49383565019372894,1.3583774311743308e-12,0.00616439333723335,0.49999995646767914,2,20,20
12,6610,0.0013445985045865655,1.5880968914795052e-08,0.0993469743262111,0.8993084112882332,2,20,20
12,6611,0.0013445985040176234,1.5877964182319064e-08,0.09928899581588253,0.8993663898021355,2,20,20
12,6612,0.0013445985040176113,1.587791055364554e-08,0.09928702975435351,0.899368355863718,2,20,20
12,6613,0.0013445985062938476,1.5880968771834078e-08,0.09937034352133144,0.8992850420914058,2,20,20
12,6614,4.0112340214450424e-14,5.553553448477144e-14,8.365789524219909e-05,0.9999163421046624,2,20,20
12,6615,1.2519303732163867e-17,1.6821520258155593e-17,1.0511791548428822e-06,0.9999989488208453,2,20,20
12,6616,8.763704939736531e-16,5.3673025576881205e-14,5.987073457516725e-05,0.9999401292653702,2,20,20
12,6617,4.012694648902043e-14,5.459731966620968e-14,6.048045032230112e-05,0.9999395195495833,2,20,20
12,6618,7.040589806071678e-16,9.579618620944118e-16,2.517289210576766e-06,0.9999974827107878,2,20,20
12,6619,7.00990177772193e-16,1.7101122037744958e-17,1.0690116702587826e-06,0.999998930988329,2,20,20
12,6620,3.9939268472763985e-14,9.41632397597018e-16,5.8831802319724384e-05,0.9999411681976393,2,20,20
12,6621,7.011050730292757e-16,4.954284294728594e-17,2.8539184300992113e-05,0.9999714608156982,2,20,20
12,6622,7.010558148621053e-16,3.332114591968679e-17,2.8514520397653347e-05,0.9999714854796016,2,20,20
12,6623,5.691738560658807e-13,5.3660199071024427e-14,2.190315356533569e-05,0.999978096845812,2,20,20
12,6624,3.993884955797165e-14,1.7425909280411116e-10,0.00010313562450149089,0.9998968642011996,2,20,20
12,6625,1.8768580382730158e-17,3.3612519898736885e-17,1.981273211740269e-06,0.9999980187267881,2,20,20
12,6626,7.038664791584894e-16,5.363973528043302e-14,6.029503890141551e-05,0.9999397049610443,2,20,20
12,6627,5.229894409408918e-13,8.382638720676629e-09,0.07812132214629743,0.9218786694705409,2,20,20
12,6628,5.329724933692578e-13,8.382640569956497e-09,0.07812137223100403,0.9218786193858227,2,20,20
12,6629,5.629283455444559e-13,8.385696125427122e-09,0.07818075228224702,0.9218192393314941,2,20,20
12,6630,1.298162474504789e-10,3.1647290689742367e-12,6.398550438150533e-05,0.9999360143626375,2,20,20
12,6631,8.826359877957172e-16,5.424021455265907e-14,0.0033293795815337534,0.9966706204184113,2,20,20
12,6632,1.5369812823370436e-17,1.7380752667202608e-17,9.499669187596945e-08,0.9999999050033082,2,20,20
12,6633,1.0174999780788438e-14,9.582496897088892e-16,8.525873678794652e-05,0.9999147412632012,2,20,20
12,6634,1.297623643415471e-10,3.0574740261818187e-12,6.098575677317433e-05,0.999939014110407,2,20,20
12,6635,1.2976185106122611e-10,3.058398671108673e-12,6.099280748328183e-05,0.9999390070596963,2,20,20
12,6636,8.884980196169825e-16,9.744728737586373e-16,2.1344281804983768e-05,0.9999786557181931,2,20,20
12,6637,8.759688699779446e-16,5.364342662048579e-14,2.9693972650150893e-05,0.9999703060272953,2,20,20
12,6638,1.2301267977764103e-19,1.159055593876209e-18,3.7989756554775624e-08,0.9999999620102433,2,20,20
12,6639,5.654084395026038e-13,3.090733903496005e-12,0.003329599522057502,0.9966704004742861,2,20,20
12,6640,5.738703825616318e-13,1.757218368376883e-10,0.004761117478103214,0.9952388823456014,2,20,20
12,6641,5.638982535944842e-13,1.726654837119441e-10,0.004678752721116532,0.995321247105654,2,20,20
12,6642,1.5429171673297058e-17,9.744631236402023e-16,2.499583182576128e-06,0.9999975004168162,2,20,20
12,6643,3.5059902132118666e-16,5.366256052232374e-14,3.959192252845419e-06,0.999996040807693,2,20,20
12,6644,1.0173642099047054e-14,5.3679071944144377e-14,3.959636277673102e-06,0.9999960403636585,2,20,20
12,6645,7.3388659643444706e-09,5.4205237794157295e-14,0.003948591154329713,0.9960514015067501,2,20,20
12,6646,7.01204902793934e-16,1.1740336193549245e-18,3.9336111538147256e-07,0.9999996066388839,2,20,20
12,6647,7.008312504351718e-16,1.7380721909679873e-17,1.0691379000702734e-06,0.9999989308620992,2,20,20
12,6648,5.696997682181085e-13,4.982271148361322e-17,0.00017615114307324172,0.9998238488563571,2,20,20
12,6649,5.69011508316922e-13,3.3321444732371126e-17,0.0001761507038559213,0.999823849295575,2,20,20
12,6650,2.8556904429130673e-12,5.461782469856209e-14,0.00019700302015541673,0.9998029969769343,2,20,20
12,6651,5.692821433223832e-13,1.8992406784283614e-15,8.463467306938993e-05,0.9999153653263595,2,20,20
12,6652,2.8901796955440106e-14,3.8832205217199336e-14,0.13822409762074836,0.8617759023791839,2,20,20
12,6653,7.393655190899453e-16,4.527837009966722e-14,0.07811990715103634,0.9218800928489179,2,20,20
12,6654,7.514430668652097e-16,4.527864969957261e-14,0.07811992492411261,0.9218800750758416,2,20,20
12,6655,1.3923149231982914e-15,9.515931370259328e-16,0.0033293004716448264,0.996670699528353,2,20,20
12,6656,1.8351476806489826e-09,1.730129029308659e-10,0.003853689121806869,0.9961463088700324,2,20,20
12,6657,4.2156480810677554e-07,5.551834316125717e-14,0.00011636661502196664,0.9998832118201145,2,20,20
12,6658,6.090929826827155e-13,5.459828634163326e-14,5.4188233170599314e-05,0.9999458117661655,2,20,20
12,6659,9.984750428225688e-15,3.057311367202827e-12,8.486390632578233e-05,0.999915136090607,2,20,20
12,6660,1.0325543515776017e-14,1.0704448134052817e-13,0.0011567000905472256,0.9988432999093355,2,20,20
12,6661,1.0765478401115209e-14,1.0630778741820569e-13,0.004664337871184373,0.9953356621286986,2,20,20
12,6662,6.140095987838789e-09,8.354369742057916e-09,0.08794602223698382,0.9120539632685503,2,20,20
12,6663,3.9867208958652495e-14,5.457644441854011e-14,0.0012363202094443366,0.9987636797904612,2,20,20
12,6664,4.983742610637584e-14,1.8968961686652162e-15,0.0011822612790724875,0.9988177387208759,2,20,20
12,6665,7.979115682241751e-14,1.896843161656164e-15,0.0012125427318977653,0.9987874572680207,2,20,20
12,6666,1.5645800748410405e-17,9.57968729133774e-16,1.5507999549802842e-06,0.9999984492000442,2,20,20
12,6667,4.064457876368551e-14,9.906900699964664e-16,2.0036856310529087e-06,0.9999979963143276,2,20,20
12,6668,2.277226801888855e-12,5.459760953956933e-14,6.091347055802188e-05,0.9999390865271104,2,20,20
12,6669,1.978789694141479e-09,3.0601145371808732e-12,8.699322592586107e-05,0.9999130047922243,2,20,20
12,6670,2.3561789280825794e-12,5.3695581357292485e-14,0.00011075948939302658,0.9998892405081976,2,20,20
12,6671,4.593017320420222e-12,5.4620226685839157e-14,0.00011077738927147442,0.9998892226060812,2,20,20
12,6672,2.272912200903337e-12,5.033077334125947e-17,0.0011608155540266572,0.9988391844437006,2,20,20
12,6673,6.092190083554643e-13,2.82358000385882e-15,8.320769628805754e-05,0.9999167923031,2,20,20
12,6674,2.7353475155829176e-11,1.4694323947631172e-10,0.07846410952824244,0.9215358902974609,2,20,20
12,6675,2.7353475370840456e-11,1.4694418018432766e-10,0.07854663679382641,0.921453363031876,2,20,20
12,6676,3.2180492234038565e-11,1.7271784659066655e-10,0.008006567321263687,0.9919934324738376,2,20,20
12,6677,6.436707843860129e-11,1.0040556658975539e-08,0.008048051930372366,0.9919519379647038,2,20,20
12,6678,3.776416575058188e-18,1.7675283821281663e-17,1.476936734213393e-06,0.9999985230632659,2,20,20
12,6679,4.9923622784067586e-14,9.581359762548692e-16,0.00014300111727202325,0.9998569988826772,2,20,20
12,6680,1.547564892387498e-17,9.414613670431096e-16,2.5314921239238387e-06,0.9999974685078752,2,20,20
12,6681,5.770567413266945e-13,4.9997874768674995e-17,0.002070482750322937,0.9979295172490997,2,20,20
12,6682,2.2768334731520592e-12,5.367558187243691e-14,0.0001122818539989548,0.9998877181436707,2,20,20
12,6683,2.26250407969247e-12,5.424666212266125e-14,0.003330842655125299,0.996669157342558,2,20,20
12,6684,1.7870100259036568e-16,9.423143755375672e-16,1.4952173082582383e-06,0.9999985047826907,2,20,20
12,6685,1.7827340479104545e-16,9.579618478297876e-16,2.917323394241588e-06,0.9999970826766046,2,20,20
12,6686,1.757311967084848e-16,4.98342218429103e-17,1.0137023679761269e-07,0.9999998986297631,2,20,20
12,6687,3.8861515175972804e-18,3.362259779161377e-17,8.95206344114612e-08,0.9999999104793657,2,20,20
12,6688,7.195344773220004e-16,9.747688671298241e-16,1.1041278475779035e-06,0.9999988958721509,2,20,20
12,6689,7.042475994760513e-16,3.3330985412971234e-17,5.8869520610276706e-05,0.9999411304793888,2,20,20
12,6690,8.760225686092186e-16,9.582466082879081e-16,2.5308357388050403e-06,0.9999974691642595,2,20,20
12,6691,7.347553631282613e-09,3.0400861941278812e-12,0.0033613967073396023,0.9966385959420669,2,20,20
12,6692,7.477314717038796e-09,3.092784408429089e-12,0.0034193901439993723,0.9965806023755933,2,20,20
12,6693,7.347552942864419e-09,3.0400696936474417e-12,0.003360986289940773,0.9966390063594665,2,20,20
12,6694,4.0294092010398316e-14,9.585355539113775e-16,4.707735082387273e-06,0.9999952922648765,2,20,20
12,6695,1.875427425336362e-16,1.1590554151926383e-18,2.9376552899338362e-06,0.99999706234471,2,20,20
12,6696,1.251841512907387e-17,8.79455755391209e-19,5.551037323464194e-08,0.9999999444896267,2,20,20
12,6697,1.5638092806849495e-09,1.4738646271607799e-10,0.07719486306392387,0.9228051352248803,2,20,20
12,6698,1.0144544734391138e-14,5.536779947906988e-14,0.0016201187466356164,0.9983798812532989,2,20,20
12,6699,8.760888998673409e-16,5.3670183873555705e-14,8.363204357446857e-05,0.9999163679563711,2,20,20
12,6700,1.5719742755385333e-15,1.0694221352651824e-13,0.0034117847366533184,0.9965882152632384,2,20,20
12,6701,9.90524587779711e-15,1.8900465314444156e-15,0.004665465729551763,0.9953345342704365,2,20,20
12,6702,5.283434984461049e-16,1.6505822490288924e-15,0.1382255076193434,0.8617744923806546,2,20,20
12,6703,3.9576477801213316e-14,1.7266459115077972e-10,0.00467733766493307,0.9953226621623629,2,20,20
12,6704,6.1492394938544634e-18,1.1590556271220928e-18,1.0231972806252644e-07,0.999999897680272,2,20,20
12,6705,4.901255209803422e-19,1.682155287760457e-17,6.240120027058825e-08,0.9999999375987997,2,20,20
12,6706,1.4049299636601434e-15,9.750432656601503e-16,1.7698150458607153e-06,0.9999982301849517,2,20,20
12,6707,1.5768360094245935e-15,9.912649320511578e-16,1.7702542976608444e-06,0.9999982297456997,2,20,20
12,6708,1.7643202235225505e-15,9.756241258309067e-16,3.6198461371205705e-06,0.99999638015386,2,20,20
12,6709,7.130870262412683e-16,5.4580875620374554e-14,6.0287730323514874e-05,0.9999397122696212,2,20,20
12,6710,8.895210479471085e-16,1.0680114117157991e-13,0.0047226381923191185,0.9952773618075734,2,20,20
12,6711,1.4078963849806993e-15,9.74758774240773e-16,1.5845238761100237e-06,0.9999984154761218,2,20,20
12,6712,2.287253988543415e-12,5.552294475582284e-14,5.318137439180622e-05,0.9999468186232656,2,20,20
12,6713,8.880355496053603e-16,1.896896146601983e-15,0.001154756319830579,0.9988452436801669,2,20,20
12,6714,1.9956747386220703e-16,9.71976697223544e-16,0.0011547312780309659,0.9988452687219682,2,20,20
12,6715,1.906155376207366e-16,9.884831957975173e-16,0.0011537512636182353,0.9988462487363807,2,20,20
12,6716,1.5695061338964315e-17,9.741895308435036e-16,1.1093356609961094e-06,0.999998890664338,2,20,20
12,6717,1.569500229527128e-17,9.74468357955175e-16,1.5194400723193891e-06,0.9999984805599267,2,20,20
12,6718,3.6174890757457325e-18,4.982926848064398e-17,1.5016007109780448e-06,0.9999984983992889,2,20,20
12,6719,3.994678399925782e-14,9.744648043492321e-16,8.438510451706624e-05,0.9999156148954422,2,20,20
12,6720,3.242358307921139e-18,1.737797762616184e-17,8.402796781331456e-05,0.9999159720321867,2,20,20
12,6721,7.040623692830205e-16,9.743533164476214e-16,5.9841925073156754e-05,0.9999401580749254,2,20,20
12,6722,3.008486793139184e-14,2.894783367459418e-17,0.13852225753261152,0.8614777424673585,2,20,20
12,6723,2.939946415227498e-14,5.365186155752918e-14,0.13858002796969085,0.8614199720302262,2,20,20
12,6724,5.273072621478744e-14,2.646384004396728e-13,0.4567287512646989,0.5432712487349837,2,20,20
12,6725,1.272686999877266e-11,9.426478122182724e-17,0.5000007802971052,0.4999992196901674,2,20,20
12,6726,0.00034070314221781227,6.085720081617926e-12,0.0022574766970544914,0.9974018201546421,2,20,20
12,6727,1.289110047185921e-10,3.0374095300717463e-12,0.0033390850244053075,0.9966609148436465,2,20,20
12,6728,1.8664475314812628e-17,1.7111179005679113e-17,2.524265837549244e-06,0.9999974757341623,2,20,20
12,6729,1.0686721421206522e-14,9.582522788531155e-16,3.0081400080934048e-06,0.9999969918599805,2,20,20
12,6730,8.761764148460156e-16,5.366256053659228e-14,3.534569687342175e-06,0.9999964654302583,2,20,20
12,6731,1.0697816646394669e-14,3.057454294946323e-12,6.051234371602846e-05,0.9999394876532162,2,20,20
12,6732,4.2151606151577714e-07,1.7429651596698103e-10,0.0001574795140367966,0.9998420987956053,2,20,20
12,6733,2.776864317699733e-17,9.7459741437366e-16,8.403411648095235e-05,0.999915965883518,2,20,20
12,6734,1.542161318939455e-17,9.580860908934367e-16,8.262958335098629e-05,0.9999173704166481,2,20,20
12,6735,2.261651129585827e-12,3.037462568526072e-12,0.0033497156282441118,0.9966502843664568,2,20,20
12,6736,1.871350781943446e-17,3.3604077925501107e-17,0.00010286562156428191,0.9998971343784356,2,20,20
12,6737,7.209068426362124e-16,9.519858474260732e-16,0.0033295582523595823,0.996670441747639,2,20,20
12,6738,4.081772129695082e-14,1.7680663037007385e-10,0.0015958688328979874,0.9984041309902548,2,20,20
12,6739,1.3179949017803732e-14,3.5555612243324496e-14,0.17462350333032933,0.8253764966696219,2,20,20
12,6740,1.301726688173999e-14,3.552288924738539e-14,0.17462448409218992,0.8253755159077614,2,20,20
12,6741,1.3717818084004044e-14,3.553939559457631e-14,0.1746244845341187,0.825375515465832,2,20,20
12,6742,3.9952623699098314e-14,5.3653972181679635e-14,8.310118327444306e-05,0.9999168988166318,2,20,20
12,6743,8.760484343736596e-16,1.742590765881093e-10,0.00010313561753709837,0.9998968642082026,2,20,20
12,6744,8.88288585438411e-16,1.742590603664117e-10,0.00010414178878976615,0.99989585803695,2,20,20
12,6745,8.864514024531588e-16,5.352252990627979e-14,0.0011549188813699172,0.9988450811185757,2,20,20
12,6746,5.43947991358202e-19,1.1590527638240684e-18,2.4813094709495838e-06,0.9999975186905293,2,20,20
12,6747,7.040589806071627e-16,9.579618620944245e-16,2.517289210576774e-06,0.9999974827107879,2,20,20
12,6748,3.008486793139195e-14,2.894783367459386e-17,0.13852225753261166,0.8614777424673583,2,20,20
12,6749,7.038471520852064e-16,3.3602418962067156e-17,1.0941082895597921e-06,0.9999989058917098,2,20,20
12,6750,1.4015360662012766e-15,9.744631144884968e-16,2.5175999879730053e-06,0.99999748240001,2,20,20
12,6751,4.319842842849905e-14,8.426417477843078e-09,0.07591576222166407,0.9240842293518755,2,20,20
12,6752,4.249776666071834e-14,8.426417461062213e-09,0.07591476293201141,0.9240852286415288,2,20,20
12,6753,4.314535644729064e-19,3.303779884335891e-17,8.262890631620203e-05,0.9999173710936835,2,20,20
12,6754,6.189933513650988e-13,5.461993785535641e-14,0.00011862079611690539,0.9998813792032094,2,20,20
12,6755,1.3207833829293382e-10,5.370570648181732e-14,0.00010012736718716462,0.9998998725006809,2,20,20
12,6756,2.317255549054091e-12,1.9318260078887885e-15,0.0001232452792260199,0.9998767547184548,2,20,20
12,6757,2.3272140290247168e-12,1.0709372217902465e-13,0.0011944655510082692,0.9988055344465576,2,20,20
12,6758,2.3165519908620855e-12,5.0130188158766276e-17,4.0685342209682034e-05,0.9999593146554738,2,20,20
12,6759,4.0815109093195674e-14,5.46137852240647e-14,0.00011839499536943456,0.9998816050045352,2,20,20
12,6760,2.2581952104102104e-12,9.852936741524929e-09,0.00418227595413812,0.995817714190667,2,20,20
12,6761,2.25819501541708e-12,9.85288311861314e-09,0.004123524307226302,0.9958764658376326,2,20,20
12,6762,4.011367295776485e-14,3.057152000738081e-12,0.00010731973676495443,0.9998926802601379,2,20,20
12,6763,1.0081874674821668e-14,5.4078312455298956e-14,0.004663852078955598,0.9953361479209804,2,20,20
12,6764,7.041715187041084e-16,9.423201417721217e-16,1.0897840758277984e-06,0.9999989102159226,2,20,20
12,6765,1.068677870370933e-14,2.8240350100143937e-15,3.0259905109425334e-06,0.9999969740094757,2,20,20
12,6766,1.0164222330048136e-14,1.883178487676498e-15,4.869651000295953e-06,0.9999951303489878,2,20,20
12,6767,1.788074288398118e-16,1.4636194691966942e-18,2.926248948570279e-06,0.9999970737510512,2,20,20
12,6768,5.697239615627268e-13,1.7424133381417283e-10,0.00015508825431672003,0.9998449115708723,2,20,20
12,6769,1.8770815957764615e-16,4.982912300945778e-17,1.8314423382984538e-06,0.9999981685576613,2,20,20
12,6770,2.2775375620854438e-12,5.369295489869644e-14,2.973387257553992e-05,0.9999702661250933,2,20,20
12,6771,9.986417885188191e-15,3.3612424962997734e-17,2.936154438479477e-06,0.9999970638455513,2,20,20
12,6772,1.0686704174324322e-14,6.604607567128132e-17,3.300807435358113e-06,0.999996699192554,2,20,20
12,6773,1.1375123556883026e-14,3.050797638365701e-12,0.0011546763948398263,0.9988453236020979,2,20,20
12,6774,1.154823973325961e-14,3.1052255402314565e-12,0.0023080754840957645,0.9976919245127874,2,20,20
12,6775,1.8770130619765273e-16,4.982217408495618e-17,5.886058087110167e-05,0.9999411394191287,2,20,20
12,6776,1.8754340237135e-16,1.899102972662756e-15,2.524625016669317e-06,0.9999974753749813,2,20,20
12,6777,1.9042063317588915e-16,5.4119368443794485e-14,0.004664874981990998,0.9953351250179548,2,20,20
12,6778,1.7711927428514807e-16,5.316244664577246e-14,0.004663874651538482,0.9953361253484081,2,20,20
12,6779,1.7383105864361502e-16,5.314593527444378e-14,0.004663843748920728,0.9953361562510259,2,20,20
12,6780,8.882479179616406e-16,1.0727688853448861e-13,0.0001414207959132417,0.9998585792039787,2,20,20
12,6781,3.994377513781983e-14,3.332799743007958e-17,4.2567382306203333e-07,0.999999574326137,2,20,20
12,6782,2.7715750726171566e-17,3.202551851670724e-19,3.540606457666167e-06,0.9999964593935422,2,20,20
12,6783,3.626840291306451e-16,5.458720467650971e-14,3.9521587859249404e-06,0.9999960478411593,2,20,20
12,6784,7.068604393412591e-16,9.741559408022883e-16,0.004664874158787634,0.9953351258412109,2,20,20
12,6785,5.680536323332503e-13,5.347316995560623e-14,0.0016192383027459293,0.9983807616966326,2,20,20
12,6786,8.884186232065407e-16,5.4597272037664165e-14,0.0001176127365108584,0.9998823872634335,2,20,20
12,6787,1.7541297936474545e-16,9.582422334034794e-16,1.0835445406687595e-06,0.9999989164554584,2,20,20
12,6788,1.75434534515593e-16,1.7098427718074856e-17,8.263258355334126e-05,0.9999173674164465,2,20,20
12,6789,7.018332480963681e-16,9.551433393349056e-16,0.0016190722625521903,0.9983809277374461,2,20,20
12,6790,2.3451910608570397e-11,7.309829933510726e-09,0.14326723837959995,0.8567327542871184,2,20,20
12,6791,8.711312834028454e-16,3.0302410772071514e-12,0.0047466281827662285,0.9952533718142025,2,20,20
12,6792,1.0461007286461155e-15,3.0293166000056468e-12,0.004692571664047921,0.9953074283329217,2,20,20
12,6793,8.679532807583631e-16,3.0293003691895443e-12,0.004665499187907489,0.9953345008090624,2,20,20
12,6794,1.2459696861082363e-17,9.42019793187978e-16,2.9165745678755317e-06,0.9999970834254311,2,20,20
12,6795,1.8786679430549903e-16,9.420347766853861e-16,1.968608542407456e-06,0.9999980313914565,2,20,20
12,6796,1.75519732162045e-16,9.41745191611838e-16,1.4937768493416014e-06,0.9999985062231496,2,20,20
12,6797,1.1398356971695267e-14,9.747241693275862e-16,0.0011552505971821076,0.9988447494028054,2,20,20
12,6798,1.7827624446907908e-16,9.744631258819578e-16,2.5000243952796143e-06,0.9999974999756036,2,20,20
12,6799,1.06974760432632e-14,3.057295445109333e-12,8.38571349039035e-05,0.9999161428620282,2,20,20
12,6800,3.136981653930441e-18,1.68215064605948e-17,1.4759279266135365e-06,0.9999985240720732,2,20,20
12,6801,3.1361261300731714e-18,1.7101152769936864e-17,7.015499151549001e-08,0.9999999298450084,2,20,20
12,6802,1.5372601066366512e-17,3.3602449702967303e-17,8.780209561161197e-08,0.9999999121979044,2,20,20
12,6803,4.099790164457209e-14,9.747680243786867e-16,3.4984618909061225e-06,0.9999965015380673,2,20,20
12,6804,4.153568063585373e-14,9.909809095027806e-16,6.034101321673202e-05,0.9999396589867409,2,20,20
12,6805,4.0823080391686906e-14,9.579820204823025e-16,1.5853860883342877e-06,0.9999984146138703,2,20,20
12,6806,3.5621373066322786e-18,1.681877953937807e-17,8.261474844302962e-05,0.999917385251557,2,20,20
12,6807,1.7829837860199715e-16,9.578064436760566e-16,0.00016515745348456932,0.9998348425465143,2,20,20
12,6808,9.988956930968608e-15,4.954448995916555e-17,4.3510660525159174e-06,0.9999956489339373,2,20,20
12,6809,2.2765256081579182e-12,5.3656522125617286e-14,5.886780526952821e-05,0.9999411321924003,2,20,20
12,6810,1.2568064040689563e-17,9.419118590795847e-16,5.881784308637946e-05,0.9999411821569127,2,20,20
12,6811,3.471198330566178e-11,3.0508138210863183e-12,0.001213932166403923,0.9987860677958333,2,20,20
12,6812,2.3121829640701516e-12,3.051738142661951e-12,0.001175058998185178,0.9988249409964509,2,20,20
12,6813,4.0821142325732664e-14,1.8993145231786453e-15,4.9209982624366724e-05,0.999950790017333,2,20,20
12,6814,1.7831779429793764e-16,9.416944257125297e-16,2.8548403750609523e-05,0.9999714515962483,2,20,20
12,6815,8.790836526101711e-16,1.8828406103184765e-15,2.9585493894360755e-05,0.999970414506103,2,20,20
12,6816,8.790846079709107e-16,9.584853842870285e-16,2.8903897966876327e-05,0.9999710961020314,2,20,20
12,6817,1.0337906230625382e-14,9.747068716200964e-16,0.0001121635794500309,0.9998878364205387,2,20,20
12,6818,1.086030072414351e-14,1.9153080308138586e-15,0.00016622016791198807,0.9998337798320752,2,20,20
12,6819,7.026580624806539e-16,5.424638573325119e-14,0.0033302418476253673,0.9966697581523197,2,20,20
12,6820,2.2866848645323707e-12,5.365653210748247e-14,0.00014304328046627735,0.9998569567171934,2,20,20
12,6821,2.276703716848341e-12,5.3672748947255394e-14,6.0316509289564165e-05,0.99993968348838,2,20,20
12,6822,9.896110486159572e-15,5.3146219628734945e-14,0.004663839946252821,0.9953361600536842,2,20,20
12,6823,1.0001549713525776e-14,1.9156134393268675e-15,2.574075545062198e-06,0.9999974259244429,2,20,20
12,6824,9.98802487887891e-15,3.0574867263773796e-12,6.149501681672403e-05,0.9999385049801157,2,20,20
12,6825,1.0685711203948683e-14,3.057486726444572e-12,6.0524196228442206e-05,0.9999394758007035,2,20,20
12,6826,4.992410898477251e-14,3.0574705029092667e-12,0.00012046000435422329,0.9998795399925384,2,20,20
12,6827,8.763689131702731e-16,5.5538131929050126e-14,6.0268072465227056e-05,0.9999397319274789,2,20,20
12,6828,1.0632633631227137e-14,3.039338017198284e-12,0.003330895384997694,0.9966691046119528,2,20,20
12,6829,7.010368773679459e-16,9.744630979492664e-16,2.9167615835119156e-06,0.9999970832384152,2,20,20
12,6830,8.915413664807424e-16,9.588206213855073e-16,1.99940408158045e-06,0.9999980005959168,2,20,20
12,6831,1.019151167153318e-14,5.3644419088545735e-14,2.9054602139193073e-05,0.9999709453977967,2,20,20
12,6832,2.0687211964104978e-14,5.552577849410114e-14,4.9313284411969054e-05,0.9999506867155118,2,20,20
12,6833,1.2977152529101582e-10,3.111096925383097e-12,8.899304903756865e-05,0.9999110068180797,2,20,20
12,6834,1.29761539976038e-10,3.0583951102583664e-12,6.193765045265064e-05,0.9999380622167274,2,20,20
12,6835,8.916149283328403e-16,2.8236805858177877e-15,2.178086170983074e-05,0.9999782191382868,2,20,20
12,6836,3.9864052631400226e-14,5.352282168997772e-14,0.0011538289304450725,0.9988461710694614,2,20,20
12,6837,1.2977157490219046e-10,1.0730316736757599e-13,5.033302125274129e-05,0.9999496668488684,2,20,20
12,6838,1.27827381775701e-17,9.419118579147277e-16,5.982365846545429e-05,0.9999401763415341,2,20,20
12,6839,4.06458433166903e-14,5.366077632316531e-14,2.2863009814129264e-05,0.9999771369900918,2,20,20
12,6840,3.9960441204161447e-14,1.0728945487083765e-13,2.4297285830715407e-05,0.9999757027140223,2,20,20
12,6841,3.994857942680428e-14,5.460163804189154e-14,2.2853636437688124e-05,0.999977146363468,2,20,20
12,6842,5.791599730395173e-13,3.0586482819524602e-12,2.230958111505774e-05,0.9999776904152473,2,20,20
12,6843,7.131936610988965e-16,8.794229166245268e-19,6.002348135972512e-05,0.9999399765186394,2,20,20
12,6844,7.255407260908216e-16,9.417472895617342e-16,6.03790791412967e-05,0.9999396209208571,2,20,20
12,6845,8.790941915257207e-16,3.390219774147013e-17,2.9626368060783964e-06,0.9999970373631929,2,20,20
12,6846,1.3572009921797824e-16,2.213163420946237e-12,0.1382240963444965,0.8617759036532904,2,20,20
12,6847,2.2766971685583005e-12,5.3660780226838796e-14,2.1838174133700965e-05,0.9999781618235362,2,20,20
12,6848,2.4808197280338693e-17,3.332084311750919e-17,5.9823949433586695e-05,0.9999401760505664,2,20,20
12,6849,1.1728141207068224e-10,7.180811176186267e-09,0.14326959384635995,0.8567303988555477,2,20,20
12,6850,8.787722567926157e-16,1.8815576908405042e-15,0.004746421453853369,0.995253578546144,2,20,20
12,6851,3.99451550300559e-14,5.367240766327328e-14,6.081887562746411e-05,0.9999391811242789,2,20,20
12,6852,3.617481249694977e-18,3.333287708229388e-17,1.4821664957704073e-06,0.999998517833504,2,20,20
12,6853,1.2357587486039615e-17,9.411817679890882e-16,1.0585665152780075e-06,0.9999989414334836,2,20,20
12,6854,7.067975677534234e-16,3.0572951454170106e-12,8.38830521634799e-05,0.9999161169447788,2,20,20
12,6855,3.994694936448706e-14,1.7385802084722513e-17,1.1096732040344153e-06,0.9999988903267559,2,20,20
12,6856,5.773066332873122e-13,1.9095923412881766e-15,0.0017116840657338405,0.9982883159336869,2,20,20
12,6857,9.985906333854072e-15,9.746963838067855e-16,0.0001110929021921513,0.999888907097797,2,20,20
12,6858,1.564582232490219e-17,3.3896962876884724e-17,1.0692346741078318e-06,0.999998930765326,2,20,20
12,6859,7.236648100790267e-16,9.518729075900257e-16,0.0033292218249242446,0.9966707781750739,2,20,20
12,6860,2.276695321011892e-12,1.9152226789276334e-15,6.105541434318989e-05,0.9999389445833783,2,20,20
12,6861,2.2865060155003527e-12,5.4619541061576626e-14,6.248280022710145e-05,0.9999375171974318,2,20,20
12,6862,1.297644979681768e-10,1.0729777326611562e-13,4.907078058099478e-05,0.9999509290895472,2,20,20
12,6863,1.7529995528715042e-16,3.304325135315047e-17,1.1979531303719697e-07,0.9999998802046868,2,20,20
12,6864,9.232052075618693e-18,3.361250834248704e-17,5.696751716480183e-07,0.9999994303248283,2,20,20
12,6865,6.428036682374387e-18,3.361247508895813e-17,1.5577152643081125e-06,0.9999984422847359,2,20,20
12,6866,3.724944799496167e-18,9.58131648958781e-16,5.9823660933110975e-05,0.9999401763390663,2,20,20
12,6867,1.564579654410734e-17,9.744689782551977e-16,2.089198695420066e-06,0.9999979108013035,2,20,20
12,6868,3.994204377857825e-14,3.0574542850239476e-12,6.050654037340537e-05,0.9999394934565293,2,20,20
12,6869,3.9951261563664767e-14,3.057454285023952e-12,6.050641193348317e-05,0.9999394935849693,2,20,20
12,6870,4.0639733798849905e-14,3.0574705067228827e-12,6.052419372125959e-05,0.999939475803181,2,20,20
12,6871,7.163508054872359e-16,9.744689586931113e-16,1.11881272246702e-06,0.9999988811872761,2,20,20
12,6872,1.563931371414616e-17,1.7385801256691764e-17,1.089404737061702e-06,0.999998910595263,2,20,20
12,6873,1.7163531600884838e-14,3.0834414599909092e-12,0.17624294994185977,0.8237570500550397,2,20,20
12,6874,2.0642502850081215e-14,3.047935675200389e-12,0.0017027197553677264,0.9982972802415637,2,20,20
12,6875,2.2865112038793345e-12,5.3672999390373634e-14,0.00014234643740584322,0.9998576535602539,2,20,20
12,6876,9.987569129376204e-15,1.738803580243411e-17,8.31927699916759e-05,0.9999168072299983,2,20,20
12,6877,3.9681267309758793e-14,5.3305523978802165e-14,0.003329212351317218,0.9966707876485897,2,20,20
12,6878,3.2959089886588724e-18,1.710110632872861e-17,1.4758017055375295e-06,0.9999985241982944,2,20,20
12,6879,1.2515626927047264e-17,1.1590556191335328e-18,6.270522744132826e-08,0.9999999372947725,2,20,20
12,6880,1.0685270372157043e-14,1.8827338775172226e-15,8.366536772144096e-05,0.9999163346322659,2,20,20
12,6881,9.984507295631151e-15,9.415875962625816e-16,8.262576787045678e-05,0.9999173742321188,2,20,20
12,6882,6.155671503703971e-18,3.332280338930953e-17,1.4937034706318538e-06,0.9999985062965293,2,20,20
12,6883,1.5373456590223784e-17,3.332280339362548e-17,1.4935750307096559e-06,0.9999985064249692,2,20,20
12,6884,7.192660797373683e-16,9.582577528750039e-16,2.306402695796807e-06,0.9999976935973025,2,20,20
12,6885,3.995275342570886e-14,3.059198295404271e-12,0.00014173021970514745,0.9998582697771959,2,20,20
12,6886,1.28563406873237e-10,1.757474193274545e-10,0.004678835938269513,0.9953211637574195,2,20,20
12,6887,5.691677668070427e-13,3.058584390439347e-12,2.9601555223790816e-05,0.9999703984411484,2,20,20
12,6888,5.691769854217369e-13,3.0586006120435375e-12,3.1007199976907534e-05,0.9999689927963953,2,20,20
12,6889,9.998201960906654e-15,9.906848764187096e-16,2.9422238504618213e-06,0.9999970577761386,2,20,20
12,6890,3.233900240681684e-11,9.71367695541654e-16,0.0016269951324971092,0.9983730048351629,2,20,20
12,6891,1.4076450964961155e-15,1.8828404545666234e-15,2.957278615093607e-05,0.9999704272138459,2,20,20
12,6892,4.01175630403805e-14,5.461356575479853e-14,7.915303578576475e-05,0.9999208469641192,2,20,20
12,6893,3.1922362682105222e-18,1.7377979283171083e-17,8.25975321023896e-05,0.9999174024678977,2,20,20
12,6894,2.27724745858113e-12,9.74658753929811e-16,6.0963870397731245e-05,0.9999390361273242,2,20,20
12,6895,2.276721884500987e-12,1.8830760110038296e-15,6.10417051136933e-05,0.9999389582926076,2,20,20
12,6896,4.538814511271329e-12,1.9095921568692705e-15,0.003399610480657859,0.9966003895148016,2,20,20
12,6897,1.1367339359602887e-14,5.447747084932459e-14,0.0011551663953634256,0.9988448336045705,2,20,20
12,6898,9.998237949875493e-15,5.460314252820049e-14,3.5419064892575777e-06,0.9999964580934462,2,20,20
12,6899,2.0312299310668436e-16,9.585419810135725e-16,2.057583233066887e-06,0.9999979424167659,2,20,20
12,6900,4.0650814797042435e-14,5.012393464066869e-17,2.8394668830784165e-06,0.9999971605330762,2,20,20
12,6901,5.693732497682951e-13,1.8826056764652693e-15,8.712077812465476e-05,0.999912879221304,2,20,20
12,6902,6.091371919844092e-13,2.824000156030264e-15,2.3232635129739814e-05,0.9999767673642583,2,20,20
12,6903,3.994244728346164e-14,9.582159851263396e-16,2.035692551955578e-05,0.9999796430744397,2,20,20
12,6904,1.5588158180675692e-17,9.579626315568927e-16,2.0893522925730313e-06,0.9999979106477064,2,20,20
12,6905,2.464928862107006e-17,9.578539236239655e-16,5.982409009008448e-05,0.9999401759099091,2,20,20
12,6906,5.697591968928035e-13,1.7425313119499715e-10,0.00012282093211889652,0.999877178893058,2,20,20
12,6907,5.691039504233925e-13,3.0573169518510206e-12,8.298544223926008e-05,0.9999170145541345,2,20,20
12,6908,5.698046552391586e-13,3.0582740342435995e-12,8.443390432716291e-05,0.9999155660920451,2,20,20
12,6909,7.040559531300752e-16,1.8989494641226994e-15,8.404588241412262e-05,0.9999159541175836,2,20,20
12,6910,5.691223023471639e-13,1.8990928434753237e-15,0.0001657527311707059,0.9998342472682582,2,20,20
12,6911,1.5584824100525045e-17,9.5808876860058e-16,8.262226227578717e-05,0.9999173777377234,2,20,20
12,6912,9.004451006343964e-16,9.746481294804534e-16,5.885153619414751e-05,0.9999411484638042,2,20,20
12,6913,1.2856457084760991e-10,6.0594351653774345e-12,0.004673260008347681,0.9953267398570285,2,20,20
12,6914,3.9948151836108796e-14,5.36604967075933e-14,2.32626049952013e-05,0.9999767373949111,2,20,20
12,6915,4.0646109157387415e-14,5.366078639380355e-14,2.2851138005906496e-05,0.9999771488618999,2,20,20
12,6916,1.066436004145722e-14,1.894774560665848e-15,0.0011547402193671182,0.9988452597806204,2,20,20
12,6917,1.0664090778770813e-14,2.8356252162914e-15,0.001155169405119729,0.9988448305948672,2,20,20
12,6918,7.042721763152546e-16,1.9153248332147203e-15,2.5082266115318567e-06,0.9999974917733863,2,20,20
12,6919,3.2141513522879864e-11,1.7570200324555782e-10,0.008006714024312545,0.9919932857678442,2,20,20
12,6920,3.347955075603922e-18,5.998550317144314e-19,1.4933212050398808e-06,0.999998506678795,2,20,20
12,6921,3.214080262357515e-11,1.726645577820595e-10,0.004677307688881894,0.9953226921063127,2,20,20
12,6922,3.9959215192534154e-14,9.90694098631914e-16,3.5247138668530808e-06,0.9999964752860921,2,20,20
12,6923,3.9956141670141935e-14,1.8988275414818924e-15,3.1319891966299562e-06,0.9999968680107615,2,20,20
12,6924,4.0377185636739703e-14,6.074908791526044e-12,0.00665861846398038,0.9933413815299044,2,20,20
12,6925,2.2774876613531295e-12,1.915324294032923e-15,2.8819861033362913e-06,0.9999971180116177,2,20,20
12,6926,4.125100015300075e-14,9.74434319230285e-16,0.0011612328339247646,0.9988387671660334,2,20,20
12,6927,4.28114394667701e-14,1.4700209033320848e-10,0.07830164321742898,0.9216983566355265,2,20,20
12,6928,2.2728782643830126e-12,9.87436792610447e-09,0.0030421910241245735,0.996957799099235,2,20,20
12,6929,6.73332234471427e-09,5.155994356963306e-07,0.1230015471528349,0.8769979305144069,2,20,20
12,6930,3.370907965876985e-14,1.470639852083342e-10,0.07812099896265,0.9218790008902524,2,20,20
12,6931,3.7262879438091716e-18,3.332295975328706e-17,1.0514173177460758e-06,0.9999989485826823,2,20,20
12,6932,1.0477039767354338e-07,1.7627599137731035e-10,0.003042537384139518,0.9969573576691871,2,20,20
12,6933,2.8147497311493687e-17,9.585001558508114e-16,2.031242255604532e-05,0.999979687577443,2,20,20
12,6934,2.2767942343728397e-12,5.4603147933774114e-14,3.5349488267908028e-06,0.9999964650488419,2,20,20
12,6935,2.276785013766298e-12,5.4603147919980944e-14,3.952376523278766e-06,0.9999960476211452,2,20,20
12,6936,9.988992440920793e-15,1.8988242126685946e-15,2.5322620795178714e-06,0.9999974677379084,2,20,20
12,6937,2.1459798067473533e-17,5.350500622134294e-14,0.0016204934240210533,0.9983795065759253,2,20,20
12,6938,1.0703699883587838e-14,3.760277852829526e-15,0.00115566634810717,0.9988443336518782,2,20,20
12,6939,4.9944812882351056e-14,5.554429555712572e-14,4.453375877837991e-06,0.9999955466240167,2,20,20
12,6940,1.5478857453497466e-17,9.57959891422624e-16,8.363557679146292e-05,0.9999163644232076,2,20,20
12,6941,1.2975238028959794e-10,3.0572547171618736e-12,9.678767125104845e-05,0.9999032121959395,2,20,20
12,6942,1.841972911104594e-09,2.833062597275799e-15,0.001988935437540829,0.9980110627204836,2,20,20
12,6943,1.5953805129075273e-15,5.069815233606681e-17,1.777689325869592e-06,0.9999982223106727,2,20,20
12,6944,2.2779299959260634e-12,5.368954486788033e-14,6.023135941757885e-05,0.9999397686382507,2,20,20
12,6945,1.2977244227705017e-10,2.8239267912041385e-15,4.146080728668851e-05,0.9999585390629382,2,20,20
12,6946,1.0714073382082113e-14,1.915465012395053e-15,0.0011744869765183033,0.9988255130234692,2,20,20
12,6947,4.032735874852226e-14,1.0730670683987844e-13,0.0012363113087398236,0.9987636886911128,2,20,20
12,6948,3.240980097966017e-11,3.1589037051173693e-12,0.0012461919401605302,0.9987538080242709,2,20,20
12,6949,8.790051195987884e-16,1.710107472148472e-17,8.525167898445929e-05,0.9999147483210147,2,20,20
12,6950,1.0698753809593995e-14,2.8242195652023583e-15,2.9572313716158558e-05,0.9999704276862704,2,20,20
12,6951,1.4016491612097164e-15,1.8831767407785313e-15,2.1206348711704832e-06,0.9999978793651256,2,20,20
12,6952,7.131225579045524e-16,9.420256403569332e-16,1.0999215922685567e-06,0.9999989000784062,2,20,20
12,6953,7.041715071455349e-16,1.8828932493271726e-15,1.5817693161031257e-06,0.9999984182306814,2,20,20
12,6954,4.0656855254660404e-14,4.9834409151569794e-17,3.116747783747679e-06,0.9999968832521755,2,20,20
12,6955,1.4260946285642574e-15,9.582162419314185e-16,2.135651365170776e-05,0.999978643486346,2,20,20
12,6956,1.7430208959070887e-16,5.422372965557057e-14,0.0033292109049106837,0.996670789095035,2,20,20
12,6957,3.5998051860380755e-16,3.0835071491197316e-12,0.007993234425727982,0.9920067655711883,2,20,20
12,6958,3.6324131023451283e-07,8.561710977727048e-09,0.07392183708315678,0.926077791113822,2,20,20
12,6959,3.6324358674472963e-07,8.558736278851974e-09,0.06927921953055881,0.9307204086671182,2,20,20
12,6960,3.3480123436063198e-18,1.738071940935798e-17,1.0831652244582579e-06,0.9999989168347757,2,20,20
12,6961,6.962174864080164e-16,5.328913077247891e-14,0.0033292108881630253,0.996670789111783,2,20,20
12,6962,9.984829197951661e-15,9.580937151492709e-16,8.361938551154708e-05,0.9999163806144775,2,20,20
12,6963,6.578867535961436e-18,1.8824482117286147e-15,8.40455716367261e-05,0.9999159544283615,2,20,20
12,6964,2.511557694170115e-12,4.995822084131809e-07,0.05897678686891638,0.9410227135463639,2,20,20
12,6965,3.50595469185344e-16,5.3653402920497945e-14,0.00016520655708406583,0.999834793442862,2,20,20
12,6966,3.5347596530806775e-16,3.332924217139068e-17,0.0001111284267803034,0.9998888715732194,2,20,20
12,6967,5.012316310426624e-14,1.9156333685564888e-15,2.9943457863344343e-05,0.9999700565420846,2,20,20
12,6968,1.0687070853034652e-14,5.458116678264351e-14,6.060841268680129e-05,0.999939391587248,2,20,20
12,6969,7.040320058967819e-16,5.365652338465132e-14,5.884443764159997e-05,0.9999411555623042,2,20,20
12,6970,1.997852674113648e-16,9.74752560187781e-16,2.9824682093566627e-06,0.9999970175317894,2,20,20
12,6971,3.585591499198685e-08,0.0350673503744033,0.46493324383269147,0.49999936993698985,2,20,20
12,6972,0.4857118697416493,4.269840111098187e-09,0.015907148279181323,0.49838097770932915,2,20,20
12,6973,0.49961001820407497,7.838455628185669e-11,0.002009025390088716,0.4983809563274517,2,20,20
12,6974,0.49971310578609623,7.967144778944193e-11,0.0002872512515210262,0.49999964288271126,2,20,20
12,6975,0.48996149594529953,8.980790123628782e-09,0.01009726525443436,0.49994122981947625,2,20,20
12,6976,0.012905226232723952,3.4567750189432433e-07,0.4819224139539868,0.505172014135787,2,20,20
12,6977,0.49690996128578113,1.1091550787145085e-09,0.0030900814775291314,0.4999999561275346,2,20,20
12,6978,0.498429252543619,3.4276225711698745e-13,0.0015707914196160869,0.4999999560364222,2,20,20
12,6979,0.03956942189743552,1.493416936291622e-08,0.460429215258003,0.5000013479103915,2,20,20
12,6980,0.03956942189743551,1.493416934669452e-08,0.46043062085176434,0.49999994231663014,2,20,20
12,6981,0.039569421897446194,1.493422300838578e-08,0.460431656104797,0.49999890706353317,2,20,20
12,6982,0.0012618691794372735,9.120307637561255e-09,0.49873818927674557,0.4999999324235093,2,20,20
12,6983,0.4968450234541369,3.537505931998917e-13,0.003156008852732446,0.4999989676927771,2,20,20
12,6984,0.4999723850645075,1.6523365034854404e-17,2.8647245998978934e-05,0.4999989676894937,2,20,20
12,6985,0.4242074653108862,1.9432797489182904e-09,0.07577889764788841,0.5000136350979458,2,20,20
12,6986,0.4242074653108862,1.943280673836965e-09,0.07577933248136068,0.5000132002644723,2,20,20
12,6987,0.498401496436804,2.023297640979131e-11,0.0015999707022546063,0.4999985328407083,2,20,20
12,6988,0.4984302502386022,3.4370199237578025e-13,0.001571217015087754,0.4999985327459663,2,20,20
12,6989,0.4984302502386022,3.4274490490232635e-13,0.0015697687542996863,0.4999999810067552,2,20,20
12,6990,0.49693332669905316,2.0214503367898974e-11,0.0030691471230441685,0.499997526157688,2,20,20
12,6991,0.49604508945251147,3.073479022466702e-08,0.00862413672027967,0.4953307430924186,2,20,20
12,6992,0.45083611485174124,1.1972683193829701e-09,0.05384115973010221,0.49532272422088797,2,20,20
12,6993,0.45217502111585317,5.758334381800997e-08,0.04782609674512503,0.49999882455567807,2,20,20
12,6994,0.49528433430557334,6.524528210456746e-08,0.004715500503106215,0.5000000999460382,2,20,20
12,6995,0.38896812794188884,9.144600471414436e-10,0.11103213193572109,0.49999973920793006,2,20,20
12,6996,0.07660736454018982,9.125053190998312e-09,0.42325988882763,0.5001327375071266,2,20,20
12,6997,0.07660736454022907,9.125054131859432e-09,0.4232598360780407,0.5001327902566762,2,20,20
12,6998,4.499195083942909e-07,1.0783711393294915e-08,0.49999955829111237,0.4999999810056673,2,20,20
12,6999,2.6024888996116617e-05,1.0211000301377509e-08,0.5054045251584787,0.4945694397415247,2,20,20
12,7000,8.034864053117645e-09,6.700863528885802e-12,0.5000020154750493,0.4999979764833857,2,20,20
12,7001,8.037100891259605e-09,6.7544924891256975e-12,0.5000024431637404,0.4999975487924041,2,20,20
12,7002,0.0012830569044748887,3.023163394413098e-05,0.4986891697258648,0.4999975417357163,2,20,20
12,7003,0.0012830569022082676,3.0231633889593894e-05,0.49871570739678184,0.4999710040671205,2,20,20
12,7004,0.00128305690219811,3.023163388956116e-05,0.49868671105281226,0.5000000004111004,2,20,20
12,7005,0.0008486243929700765,1.2309544455399071e-08,0.4991514067389866,0.49999995655849866,2,20,20
12,7006,0.0001157956251888495,3.6409500086474955e-07,0.49983623693547635,0.5000476033443343,2,20,20
12,7007,2.301012629222659e-05,0.00012345889386234656,0.46964551963806744,0.5302080113417778,2,20,20
12,7008,3.61559386215774e-10,5.535649335903377e-08,0.4999869667508533,0.5000129775310934,2,20,20
12,7009,1.8379647944314027e-10,5.5514506063069166e-08,0.5000200067675273,0.4999799375341692,2,20,20
12,7010,1.848755523320009e-09,1.742949675821243e-10,0.00015510248810656675,0.9998448954888429,2,20,20
12,7011,3.9959075994455176e-14,1.915169500407961e-15,8.365376430562266e-05,0.9999163462356524,2,20,20
12,7012,3.958376160292025e-14,3.0302326174599474e-12,0.004664094756904573,0.9953359052400257,2,20,20
12,7013,1.843295974529767e-09,3.102279658533685e-12,0.0016586152876277723,0.998341382865974,2,20,20
12,7014,1.569137098996796e-17,3.360652809859109e-17,2.9945038652070855e-05,0.9999700549613477,2,20,20
12,7015,5.700400108063805e-13,3.0573278817846738e-12,0.00011386487703781117,0.9998861351193347,2,20,20
12,7016,4.09861393729677e-14,6.114446266721997e-12,0.00019111920316860852,0.999808880790676,2,20,20
12,7017,2.1873071959243695e-12,9.331462203223064e-09,0.030626707475117393,0.9693732831912333,2,20,20
12,7018,3.987625782204586e-14,1.731342728138475e-10,0.0033313611084594586,0.9966686387183663,2,20,20
12,7019,4.037882245533911e-14,5.332158104026112e-14,0.003330246471396423,0.9966697535285101,2,20,20
12,7020,2.2661487792526548e-12,3.029316587333018e-12,0.004665101311813917,0.9953348986828909,2,20,20
12,7021,3.3972128264559735e-18,9.411809960342267e-16,1.517999557928924e-06,0.9999984820004412,2,20,20
12,7022,1.0877425451703434e-14,1.9156270543330738e-15,3.898722657848604e-06,0.9999961012773295,2,20,20
12,7023,1.0874409607788233e-14,9.912675779471945e-16,3.4635818294917223e-06,0.9999965364181587,2,20,20
12,7024,7.010979773540119e-16,9.585318198477704e-16,2.0893603640976723e-06,0.9999979106396345,2,20,20
12,7025,8.763858540711491e-16,5.3676868971617164e-14,2.1362369322720995e-05,0.9999786376306229,2,20,20
12,7026,7.038508472871024e-16,4.9824050704908497e-17,2.0825822256958477e-06,0.9999979174177736,2,20,20
12,7027,1.2548605499368683e-10,9.564364966171173e-09,0.018644097105318762,0.9813558932048303,2,20,20
12,7028,1.2837199193256222e-17,1.7390826533971896e-17,6.427345170266958e-08,0.9999999357265483,2,20,20
12,7029,1.591163825409734e-17,4.983935882262669e-17,5.460171133511511e-07,0.9999994539828866,2,20,20
12,7030,2.2618076861210725e-12,3.0383871982093393e-12,0.00333089612908724,0.9966691038656124,2,20,20
12,7031,1.7541557495416975e-16,9.417401972148068e-16,1.4864538398425528e-06,0.9999985135461591,2,20,20
12,7032,6.420146586436421e-18,9.578520494416046e-16,6.026623460793766e-05,0.9999397337653911,2,20,20
12,7033,1.5857344115285984e-17,9.74363421991623e-16,5.883675675173322e-05,0.9999411632432476,2,20,20
12,7034,3.994700806008078e-14,1.8989982348129404e-15,5.985508788331521e-05,0.9999401449120752,2,20,20
12,7035,3.562317031812865e-18,9.740737472874949e-16,5.883531460316836e-05,0.999941164685396,2,20,20
12,7036,3.995626866580629e-14,5.460321733429964e-14,1.8666845600323644e-06,0.9999981333153454,2,20,20
12,7037,3.9943814797268306e-14,5.367850272700228e-14,2.5282709946035356e-06,0.999997471728912,2,20,20
12,7038,7.010403383950913e-16,9.582422333073681e-16,2.0893576664174913e-06,0.999997910642332,2,20,20
12,7039,2.2561987069380514e-12,1.7266641491755567e-10,0.004678345387309387,0.995321654437768,2,20,20
12,7040,7.041138797291361e-16,9.423151479467562e-16,1.0921793364268492e-06,0.9999989078206617,2,20,20
12,7041,8.761790826919907e-16,9.58247335681263e-16,1.43918462340533e-06,0.9999985608153747,2,20,20
12,7042,5.69208058467978e-13,5.460314171856907e-14,3.5502804355530824e-06,0.9999964497189409,2,20,20
12,7043,1.0627795089233864e-14,3.0383748017530106e-12,0.003335101031918224,0.9966648989650332,2,20,20
12,7044,1.9268157467188225e-16,5.425645236723388e-14,0.0034117633857233434,0.9965882366142222,2,20,20
12,7045,2.793065810119643e-17,5.364327159418404e-14,2.956280451431845e-05,0.9999704371954319,2,20,20
12,7046,3.6574930094923436e-16,5.364384571971949e-14,0.00011271463901169441,0.9998872853609343,2,20,20
12,7047,6.028712676982599e-13,1.7249723318903395e-10,0.005157382382900639,0.9948426174439994,2,20,20
12,7048,1.8608161694254373e-09,3.7963502197526575e-13,0.45551135883126714,0.5444886393075362,2,20,20
12,7049,1.602819645909767e-10,1.5083219192703907e-11,0.4568139146213469,0.5431860852032877,2,20,20
12,7050,5.983908807596262e-06,1.00679128528448e-08,0.002039806638101068,0.9979541993851785,2,20,20
12,7051,4.0847246196939606e-14,9.588211147954624e-16,6.0217569106418136e-05,0.9999397824308518,2,20,20
12,7052,7.1306540971375e-16,3.360245161466387e-17,9.826034038986899e-08,0.9999999017396591,2,20,20
12,7053,8.743846399062845e-16,9.494627908643844e-16,0.004664867019721088,0.9953351329802772,2,20,20
12,7054,1.9098805658003014e-16,2.8398931528693142e-15,2.1354264958906197e-05,0.9999786457350384,2,20,20
12,7055,1.2921814302565251e-10,1.7354415104386702e-10,0.0021577556451135337,0.9978422440521242,2,20,20
12,7056,1.2921831004727716e-10,3.462122619163314e-10,0.006821091179433617,0.9931789083451358,2,20,20
12,7057,1.2921831538219752e-10,1.7359668190554542e-10,0.003775907197303368,0.9962240924998819,2,20,20
12,7058,5.691341999157743e-13,1.0822045132794674e-13,6.092467982295633e-05,0.9999390753194997,2,20,20
12,7059,1.908028561575901e-16,3.0582414833507055e-12,8.439362006561087e-05,0.999915606376876,2,20,20
12,7060,1.2298421421783007e-11,2.0978530777599798e-07,0.32759322117879874,0.6724065690235949,2,20,20
12,7061,0.00011341674421018508,1.8724450149873218e-07,0.33471314088103493,0.6651732551302537,2,20,20
12,7062,0.0373664158181639,3.0492353469164015e-05,0.45849601452248034,0.5041070773058864,2,20,20
12,7063,0.060039100345393344,1.2416348678564689e-05,0.4399488947910403,0.49999958851488757,2,20,20
12,7064,0.0014572035852509497,5.913543429528778e-14,0.498544195753357,0.4999986006613324,2,20,20
12,7065,0.001457203617693391,6.1001401207298e-14,0.4985714256044325,0.4999713707778128,2,20,20
12,7066,0.07246603246334801,1.7792392410928944e-15,0.4275354482742524,0.4999985192623979,2,20,20
12,7067,0.06285576994894658,1.5960067807696298e-11,0.43390927139185753,0.5032349586432356,2,20,20
12,7068,0.34533192090585535,7.715286180101305e-10,0.15398873023878293,0.500679348083833,2,20,20
12,7069,0.3453319209059053,7.716358870705705e-10,0.15401615155757878,0.5006519267648799,2,20,20
12,7070,0.49839471259692797,6.467741668643998e-08,0.06021890930523032,0.44138631342042484,2,20,20
12,7071,0.4983947125949184,6.452355453049263e-08,0.13982926425078668,0.3617759586307407,2,20,20
12,7072,0.4984150248756258,4.040605711355533e-11,0.13980902706099088,0.3617759480229773,2,20,20
12,7073,0.498415024875626,4.0459009952767437e-11,0.0015874594104275368,0.49999751567348744,2,20,20
12,7074,0.49669169239192085,6.432218005718562e-08,0.0033079608964055327,0.5000002823894936,2,20,20
12,7075,0.40630581734956017,5.354005743890799e-08,0.09622256421141011,0.49747156489897226,2,20,20
12,7076,0.49904064966724476,3.1111387737769494e-12,0.0010330045041882403,0.4999263458254558,2,20,20
12,7077,0.3627404678990418,0.0002934354365864271,0.13740761398496346,0.49955848267940806,2,20,20
12,7078,0.36274046789904185,0.0002934354335356946,0.13625537952748396,0.5007107171399383,2,20,20
12,7079,0.36423648602867337,8.130184560362024e-10,0.1357523691130332,0.5000111440452749,2,20,20
12,7080,0.01063276316555941,1.6428294323471335e-05,0.4848887870625248,0.5044620214775918,2,20,20
12,7081,0.0106327631655503,1.642829432345512e-05,0.484888786622728,0.5044620219173978,2,20,20
12,7082,2.678221429368569e-07,1.5601900871161214e-13,0.5000022160701352,0.49999751610756515,2,20,20
12,7083,2.6782215274705325e-07,1.0333114923175114e-13,0.5000282466021656,0.4999714855755789,2,20,20
12,7084,0.045947253618990415,7.116733548705439e-06,0.8438051735506167,0.11024045609684503,2,20,20
12,7085,0.4986310099860459,1.1202468477964036e-09,0.5013689589090553,2.998465283233559e-08,2,20,20
12,7086,0.6956874666290351,0.000165898091117821,0.30413275452237953,1.388075746713543e-05,2,20,20
12,7087,0.5153220894993524,0.00024741239046999203,0.4172153268148352,0.06721517129534137,2,20,20
12,7088,0.8631628718407014,1.9761850199310898e-09,0.1368368150898172,3.1109329615032347e-07,2,20,20
12,7089,0.557610827147091,4.5984492069548545e-05,0.4298688638161535,0.012474324544685922,2,20,20
12,7090,0.4188067503207057,5.425229263866947e-08,0.5365582571236468,0.04463493830335537,2,20,20
12,7091,0.4188067145170039,5.425201584638087e-08,0.08467440282130403,0.49651882840967587,2,20,20
12,7092,0.4188067126805648,5.425506556940415e-08,0.08235680692483217,0.4988364261395372,2,20,20
12,7093,0.4999557765184634,3.056724762785606e-12,0.001207797419896819,0.498836426058583,2,20,20
12,7094,0.49995577651845274,6.0340574630593814e-15,4.567291210011867e-05,0.49999855056944115,2,20,20
12,7095,0.001017381980697892,0.0013661666109709546,0.12634838963103637,0.871268061777295,2,20,20
12,7096,3.994365673380397e-14,5.36625606281898e-14,3.934169032001242e-06,0.9999960658308745,2,20,20
12,7097,7.009839675808769e-16,9.582414481645004e-16,1.4935204688527116e-06,0.9999985064795294,2,20,20
12,7098,7.009839675808769e-16,9.582414481645006e-16,1.4935204688527154e-06,0.9999985064795294,2,20,20
12,7099,7.133050198165131e-16,1.882669735193221e-15,0.00011758985276715634,0.9998824101472303,2,20,20
12,7100,1.0689905980783862e-14,9.419269171931622e-16,6.169919238319636e-05,0.9999383008076053,2,20,20
12,7101,1.0872043694157327e-14,1.7426001802347422e-10,0.00010489879163228636,0.9998951010340971,2,20,20
12,7102,2.2802591737724023e-12,1.7431254863705265e-10,0.0017267334917405032,0.9982732663316666,2,20,20
12,7103,1.3004378599899037e-10,3.0535164554222914e-12,0.004492763961607657,0.9955072359052956,2,20,20
12,7104,8.792492681289653e-16,5.4587204479418486e-14,4.018529376328247e-06,0.9999959814705683,2,20,20
12,7105,1.9238469277764475e-16,3.037461902381179e-12,0.003332326212515861,0.9966676737844465,2,20,20
12,7106,3.9943666306786233e-14,9.576831749433125e-16,1.0767130612761783e-06,0.9999989232868978,2,20,20
12,7107,3.995923962394711e-14,5.4601514451330864e-14,2.1386956717544944e-05,0.9999786130431881,2,20,20
12,7108,5.69210659973202e-13,5.3676874690649924e-14,2.3219114112851498e-05,0.9999767808852644,2,20,20
12,7109,1.298054054090376e-10,3.1128303310423835e-12,8.492590607280151e-05,0.9999150739610092,2,20,20
12,7110,7.071053989462048e-16,1.89879157311307e-15,2.1780208068988835e-05,0.9999782197919287,2,20,20
12,7111,1.7527562498825052e-16,9.410283202423674e-16,8.262976962960217e-05,0.9999173702303694,2,20,20
12,7112,8.759373927689523e-16,9.578091863025587e-16,8.362905928225e-05,0.999916370940716,2,20,20
12,7113,1.7845688518555395e-16,1.8821686601714934e-15,8.404606244924101e-05,0.9999159539375488,2,20,20
12,7114,3.9995438600097334e-14,1.0696112879561607e-13,0.001620596902438522,0.9983794030974146,2,20,20
12,7115,6.078723541167408e-13,1.740001283225968e-10,0.002774512272891183,0.9972254875525008,2,20,20
12,7116,6.090921803178694e-13,3.1642550632500667e-12,0.001702979572308646,0.9982970204239181,2,20,20
12,7117,4.0129787222347176e-14,9.42319337253415e-16,2.2874194252222782e-05,0.999977125805707,2,20,20
12,7118,1.757344066185755e-16,9.582464552870239e-16,2.4995924860200173e-06,0.9999975004075128,2,20,20
12,7119,5.693946758235782e-13,5.460392437584937e-14,4.290362721494017e-06,0.9999957096366543,2,20,20
12,7120,5.695695700796551e-13,5.552813117644342e-14,8.583727362152451e-05,0.9999141627257533,2,20,20
12,7121,2.028262680222447e-16,1.898565197242357e-15,0.00014137083506705794,0.9998586291649308,2,20,20
12,7122,4.0118791683240565e-14,2.8233091100032863e-15,8.406422121500637e-05,0.999915935778742,2,20,20
12,7123,4.5178830727255485e-13,4.426844616269145e-12,0.13822567945715863,0.8617743205379629,2,20,20
12,7124,3.99441632523028e-14,1.899112416355766e-15,1.5177332474543888e-06,0.9999984822667108,2,20,20
12,7125,1.866165702489008e-17,9.741887281007132e-16,1.9855315752011163e-06,0.999998014468424,2,20,20
12,7126,1.0001278358735597e-14,9.906901074979733e-16,2.0109992159954303e-06,0.9999979890007731,2,20,20
12,7127,2.766761358945347e-17,4.9829284972685075e-17,5.622222142619313e-07,0.9999994377777859,2,20,20
12,7128,1.2979532149913419e-10,6.63449977627297e-17,8.416383520328191e-05,0.9999158360350014,2,20,20
12,7129,8.73133074240696e-16,5.4410142447583754e-14,0.001619139949990154,0.9983808600499543,2,20,20
12,7130,1.2976337197389292e-10,3.0584183999158757e-12,5.7121888912088215e-05,0.999942877978266,2,20,20
12,7131,2.8457709212272547e-12,1.8989129092037425e-15,0.00011113855045691969,0.9998888614466954,2,20,20
12,7132,5.691166896222723e-13,1.8824540859031303e-15,8.367240333255557e-05,0.9999163275960967,2,20,20
12,7133,2.8406469978924705e-12,5.448000271691959e-14,0.0012364217966443418,0.9987635782004606,2,20,20
12,7134,2.2715551662406324e-12,5.353900999831435e-14,0.001154856136683609,0.9988451438609911,2,20,20
12,7135,2.2715429269529854e-12,5.355551124852637e-14,0.0011552557374964682,0.9988447442601784,2,20,20
12,7136,3.243881171284285e-11,1.7737542512421596e-10,0.00017138154404860564,0.9998286182461372,2,20,20
12,7137,1.8772513989398063e-16,3.057311087513539e-12,8.528119695126194e-05,0.9999147187999913,2,20,20
12,7138,3.214236153866675e-11,3.03024056522249e-12,0.00468455283855302,0.9953154471262745,2,20,20
12,7139,2.675215770094615e-13,6.427901929161996e-15,0.44127507423300627,0.55872492576672,2,20,20
12,7140,0.0029015629504189713,0.003896913681404076,0.49319725288042743,0.5000042704877498,2,20,20
12,7141,7.625579081929965e-13,0.14049383733355456,0.35950754894847514,0.4999986137172077,2,20,20
12,7142,1.1920219628654606e-13,0.3070294611186765,0.19297234435193475,0.49999819452926964,2,20,20
12,7143,2.712357314731152e-12,0.4923683128693457,0.0076911267534666644,0.49994056037447515,2,20,20
12,7144,2.673128275242113e-12,0.49236831286929295,0.0076904866342207895,0.49994120049381297,2,20,20
12,7145,1.2320027056885596e-06,0.30642393346998803,0.1935758918397007,0.49999894268760536,2,20,20
12,7146,7.629897855812503e-16,0.4999929170822437,8.140069456328694e-06,0.4999989428482991,2,20,20
12,7147,1.0048566742261137e-14,0.49999291708224375,8.10171483387192e-06,0.4999989812029122,2,20,20
12,7148,7.451890814422132e-17,0.49999291708224375,8.550173402010086e-06,0.49999853274435424,2,20,20
12,7149,6.56752562391442e-15,0.49999291708423266,0.17463053618115074,0.3253765467346098,2,20,20
12,7150,1.2546941162202647e-11,0.4623158661726474,0.03774328418785709,0.4999408496269487,2,20,20
12,7151,8.941907868652834e-14,0.47851902349298014,0.021539789302387185,0.4999411872045433,2,20,20
12,7152,2.1115132479593375e-11,0.0047693521751643,0.669859896777795,0.3253707510259254,2,20,20
12,7153,1.4246658127762076e-08,4.3570388364411236e-06,0.6746041353676862,0.32539149334681894,2,20,20
12,7154,1.4225545269322115e-08,4.3505738407351495e-06,0.49997635094834914,0.5000192842522646,2,20,20
12,7155,1.841053900461124e-09,3.0974358615744485e-12,0.00225930193502259,0.997740696220826,2,20,20
12,7156,1.8410139447511563e-09,3.098343546848694e-12,0.0023404825412760484,0.9976595156146115,2,20,20
12,7157,1.8410139537567184e-09,3.0974190605298006e-12,0.002257947952655951,0.9977420502032327,2,20,20
12,7158,3.247879722434432e-11,5.646079718141394e-14,0.00010489544533304758,0.9998951045221318,2,20,20
12,7159,2.0010404881554487e-16,5.3679174282736484e-14,2.981417498312259e-06,0.9999970185824479,2,20,20
12,7160,3.560186286039132e-18,9.580887213204701e-16,8.402773006527394e-05,0.9999159722699339,2,20,20
12,7161,3.248881036257491e-11,2.8403781564492276e-15,8.510715820904027e-05,0.9999148928092995,2,20,20
12,7162,9.984345580094325e-15,9.415875962581768e-16,8.263308894573971e-05,0.9999173669110433,2,20,20
12,7163,7.964796633676606e-14,1.7065970216386103e-17,0.00149944847536682,0.9985005515245535,2,20,20
12,7164,3.3211073682893157e-19,1.7101119516408296e-17,1.058195084175586e-06,0.9999989418049158,2,20,20
12,7165,1.7530347922161704e-16,8.79455505415505e-19,2.927203288913687e-06,0.9999970727967107,2,20,20
12,7166,1.404602838580654e-15,2.8234417837871343e-15,8.363616021358254e-05,0.9999163638397822,2,20,20
12,7167,2.3171053729038982e-12,5.458692416923977e-14,0.003949614730193358,0.9960503852674352,2,20,20
12,7168,4.0498688620064116e-14,1.1718440714768236e-18,0.003947637802165943,0.9960523621977939,2,20,20
12,7169,1.4137979633255443e-15,9.906861307487073e-16,6.026653507975296e-05,0.999939733464918,2,20,20
12,7170,1.069909890162402e-14,9.417452306644134e-16,6.147335480784013e-05,0.9999385266451808,2,20,20
12,7171,1.0159737781811003e-14,1.8741069322881575e-15,0.00466529281365007,0.9953347071863379,2,20,20
12,7172,3.30424729310007e-11,9.85594128880704e-09,0.004215162972920638,0.9957848271380956,2,20,20
12,7173,1.5426391038956364e-17,9.576830184763614e-16,2.506777770214807e-06,0.9999974932222286,2,20,20
12,7174,7.008855162731504e-16,9.582415373263535e-16,1.4864545421567307e-06,0.9999985135454561,2,20,20
12,7175,2.0635787624350691e-16,9.909437066898503e-16,2.0677658333302967e-05,0.9999793223416655,2,20,20
12,7176,1.8772899871043545e-16,5.4578216351859244e-14,0.00014139181661710444,0.9998586081833282,2,20,20
12,7177,1.871289876010743e-17,5.365652621721586e-14,5.887767244280295e-05,0.9999411223275037,2,20,20
12,7178,1.576935643090523e-17,1.8924489185127712e-15,0.003330647625517542,0.9966693523744805,2,20,20
12,7179,8.006119863611214e-14,2.8399423260622688e-15,2.181775503358829e-05,0.9999781822448834,2,20,20
12,7180,3.218088924003024e-11,5.504337218532479e-14,0.004676517899235738,0.9953234820685283,2,20,20
12,7181,3.506881986758068e-18,9.417401957704348e-16,1.4932096914564797e-06,0.9999985067903078,2,20,20
12,7182,3.351343327887283e-18,9.578520502554842e-16,5.881797177511217e-05,0.9999411820282238,2,20,20
12,7183,6.581861699617148e-18,1.8987127903165426e-15,6.0258928240147525e-05,0.9999397410717581,2,20,20
12,7184,3.2228398665386024e-11,3.0916377417909868e-12,0.0033969107807918526,0.9966030891838881,2,20,20
12,7185,6.586963697454e-18,1.7390810117056768e-17,1.5575887856283123e-06,0.9999984424112145,2,20,20
12,7186,3.1898918933800348e-18,1.710110467991264e-17,2.899168792067315e-06,0.9999971008312081,2,20,20
12,7187,5.738745150059102e-13,6.086974232271973e-12,0.004685792867841592,0.9953142071254973,2,20,20
12,7188,1.0686546491650784e-14,3.0577076148963153e-12,2.212139037354499e-05,0.999977878606558,2,20,20
12,7189,2.276972593449154e-12,2.831041072948372e-15,0.004665908613214021,0.9953340913845058,2,20,20
12,7190,1.4014753217961498e-15,5.367018378721652e-14,8.365017805972162e-05,0.9999163498218853,2,20,20
12,7191,1.9063197003675825e-16,1.0680746508065988e-13,0.004666301927618562,0.9953336980722746,2,20,20
12,7192,4.06520715278356e-14,4.983223641221106e-17,5.929757489004487e-05,0.9999407024250693,2,20,20
12,7193,1.9077906209085018e-16,5.460342634373048e-14,3.951682331894874e-06,0.9999960483176135,2,20,20
12,7194,2.3450552651479378e-11,7.180860642762988e-09,0.1386046426082023,0.8613953501874868,2,20,20
12,7195,5.690173893503714e-13,1.915291092353543e-15,0.00017656838240243165,0.9998234316170267,2,20,20
12,7196,7.19123477005171e-16,3.1110826838392375e-12,6.294698772732462e-05,0.9999370530091609,2,20,20
12,7197,5.2815816963057516e-14,1.501192229703509e-10,0.07820736724268029,0.9217926326071477,2,20,20
12,7198,4.283188868734188e-14,1.4706194520583695e-10,0.07812492330965948,0.9218750765432357,2,20,20
12,7199,2.276799459749798e-12,9.906904647310604e-16,1.4643007216802173e-06,0.9999985356970005,2,20,20
12,7200,2.2772941318220055e-12,3.9785092797768597e-14,0.13822537865991474,0.8617746213377684,2,20,20
12,7201,5.226559386455438e-16,4.070942617129867e-14,0.13830654266688266,0.8616934573330761,2,20,20
12,7202,1.2976223753305594e-10,3.0583950024596938e-12,0.00011928296855130955,0.9998807168986281,2,20,20
12,7203,1.2976171333647836e-10,3.0593184141585442e-12,0.004724285573631178,0.995275714293548,2,20,20
12,7204,2.2766058870309688e-12,1.0913850231645291e-13,0.0047464372064493195,0.995253562791165,2,20,20
12,7205,2.277291046499401e-12,1.6079598313231326e-13,0.0012364912043973627,0.9987635087931646,2,20,20
12,7206,6.972849343186744e-16,3.0292998100996377e-12,0.004664051237699053,0.9953359487592708,2,20,20
12,7207,1.5591037779539206e-17,9.575725409141932e-16,5.8793419413327884e-05,0.9999412065805855,2,20,20
12,7208,1.2565748338400364e-17,3.3602402427159677e-17,1.4931414451765005e-06,0.9999985068585548,2,20,20
12,7209,7.132787149475381e-16,3.389209157296522e-17,1.093982547299492e-06,0.999998906017452,2,20,20
12,7210,1.2353911216592851e-17,1.7101152774252568e-17,7.002655159329075e-08,0.9999999299734483,2,20,20
12,7211,7.041659098292819e-16,9.905801190379816e-16,6.024734908138444e-05,0.9999397526509172,2,20,20
12,7212,3.9939109545426824e-14,9.4191199746896e-16,5.8831928549534876e-05,0.9999411680714096,2,20,20
12,7213,2.0010323490811693e-16,3.3902116196656284e-17,2.4963661748171266e-06,0.999997503633825,2,20,20
12,7214,3.233900889085707e-11,9.878729820546068e-16,0.0017080990593145939,0.9982919009083453,2,20,20
12,7215,1.8370014467833837e-09,3.09066824356498e-12,0.003343769632349019,0.9966562285275586,2,20,20
12,7216,3.3516561104596905e-18,3.332277013578075e-17,2.4817435632919367e-06,0.9999975182564367,2,20,20
12,7217,9.898942167271177e-15,5.3145378490857066e-14,0.004666721958701987,0.995333278041235,2,20,20
12,7218,9.893064809863494e-15,5.316187978776515e-14,0.004663864483105687,0.9953361355168311,2,20,20
12,7219,8.915392024266198e-16,5.460343145236784e-14,3.951829731793477e-06,0.9999960481702129,2,20,20
12,7220,8.88223359999384e-16,3.057333060902335e-12,8.299956834290866e-05,0.9999170004285991,2,20,20
12,7221,2.269434026098995e-12,3.049781838608551e-12,0.0016783452047840815,0.9983216547898967,2,20,20
12,7222,4.9933662059059396e-14,3.059176613526696e-12,0.00014262378620253575,0.9998573762106885,2,20,20
12,7223,2.2767943942067644e-12,5.4603312880921717e-14,6.128249371389136e-05,0.9999387175039547,2,20,20
12,7224,2.2767853557547203e-12,5.461071253825034e-14,0.0046663042007047,0.995333695796964,2,20,20
12,7225,3.993731161289036e-14,1.8822956484076466e-15,8.261221201877557e-05,0.9999173877879394,2,20,20
12,7226,4.009803951151474e-14,4.794025307473721e-14,0.07820237032404471,0.9217976296758671,2,20,20
12,7227,3.993864137246689e-14,1.742590768620115e-10,0.00010311108682796394,0.9998968887388728,2,20,20
12,7228,5.28598169879746e-16,1.711026118022948e-17,0.00011423418066637649,0.9998857658193329,2,20,20
12,7229,9.389918366511378e-11,2.2124671705083925e-12,0.13823032838798638,0.861769671515902,2,20,20
12,7230,5.691299947294165e-13,3.0583950416760055e-12,6.149508928426347e-05,0.9999385049070882,2,20,20
12,7231,2.2695900776668407e-12,1.7373020740989446e-10,0.0016213381256722599,0.9983786616983281,2,20,20
12,7232,7.010123503564645e-16,5.365623654492152e-14,5.985259170526882e-05,0.9999401474082407,2,20,20
12,7233,5.430844407545341e-19,3.33228165483988e-17,1.0755379122316824e-06,0.9999989244620878,2,20,20
12,7234,1.874940113325265e-16,9.579618616229501e-16,2.4998956977536242e-06,0.9999975001043011,2,20,20
12,7235,1.6762936550144793e-12,3.951296039007478e-14,0.13822516361413556,0.8617748363841486,2,20,20
12,7236,4.9749434662138785e-14,1.7362291349431932e-10,0.0019281439506273804,0.9980718558757001,2,20,20
12,7237,1.8773235914047894e-16,1.882455386623692e-15,8.296057754470143e-05,0.9999170394224531,2,20,20
12,7238,2.8090904787444136e-17,5.3672736247332493e-14,0.0001175917554323349,0.9998824082445139,2,20,20
12,7239,1.997995765605742e-14,9.745464012426023e-16,0.0001749217209205768,0.9998250782790581,2,20,20
12,7240,2.084648174641947e-14,1.9156982713540997e-15,0.00011793688726919594,0.9998820631127078,2,20,20
12,7241,2.2565474927395133e-12,1.7266551606472759e-10,0.0046790921982150045,0.9953209076268631,2,20,20
12,7242,2.2563814909734713e-12,1.7266459113282372e-10,0.004736077231286498,0.9952639225937926,2,20,20
12,7243,7.131432799247309e-16,3.359874321355285e-17,6.0241268936517534e-05,0.9999397587310627,2,20,20
12,7244,7.010086496038658e-16,5.365595697827816e-14,5.886411889664655e-05,0.999941135881049,2,20,20
12,7245,1.8781784697823914e-16,9.744702278452464e-16,1.581731527387514e-06,0.9999984182684714,2,20,20
12,7246,3.5064012511358053e-16,5.461359866456248e-14,5.936407551006921e-05,0.9999406359244347,2,20,20
12,7247,8.76040541778474e-16,5.553793036714605e-14,0.00014139939134453027,0.9998586006085988,2,20,20
12,7248,6.043343156911519e-13,1.0817296356559096e-13,0.004746494707647022,0.9952535052916405,2,20,20
12,7249,7.041132465257794e-16,1.899107292562924e-15,2.9231273045036237e-06,0.999997076872693,2,20,20
12,7250,1.9061714203860835e-16,5.36464167648548e-14,4.705983221935355e-06,0.9999952940167244,2,20,20
12,7251,3.348375403199955e-18,1.7377979274977942e-17,8.260460072678518e-05,0.9999173953992732,2,20,20
12,7252,1.756293788603539e-16,5.3662662883291395e-14,1.5580664488201378e-06,0.9999984419334975,2,20,20
12,7253,2.277399743079785e-12,5.460370966199646e-14,6.07684683600166e-05,0.9999392315293082,2,20,20
12,7254,2.28719949305483e-12,1.0798551813373068e-13,0.0012130355404476548,0.9987869644571572,2,20,20
12,7255,3.2338796561269444e-11,9.902238360128281e-09,0.0016409572660502547,0.9983590327993725,2,20,20
12,7256,2.914702454302139e-16,6.400095844946085e-16,0.17462488737023074,0.8253751126297684,2,20,20
12,7257,2.2766993134136216e-12,5.367299714023372e-14,6.0635445758023685e-05,0.9999393645519117,2,20,20
12,7258,1.2939211884686493e-10,1.7377754065379104e-10,0.0015471174977277511,0.9984528821991027,2,20,20
12,7259,1.293921095937973e-10,1.768348349197851e-10,0.0015709519721701488,0.9984290477216029,2,20,20
12,7260,9.984953235648064e-15,3.0574537238488944e-12,6.046410456074884e-05,0.9999395358923716,2,20,20
12,7261,1.2976179887063338e-10,5.4597037661519935e-14,6.051793319329855e-05,0.9999394819369902,2,20,20
12,7262,1.3024206032430622e-10,2.633706975153679e-12,0.07818241029453638,0.9218175895725877,2,20,20
12,7263,7.135482408233742e-16,3.3897172044759697e-17,1.0941362994727518e-06,0.9999989058636999,2,20,20
12,7264,2.2772190184643176e-12,3.057471050161445e-12,6.151906010720923e-05,0.9999384809345582,2,20,20
12,7265,5.973389429649257e-14,5.44437310085585e-14,0.001620555809611291,0.9983794441902745,2,20,20
12,7266,7.041143526653112e-16,4.9829183116030984e-17,1.5196872561753203e-06,0.9999984803127433,2,20,20
12,7267,5.797108903994286e-13,1.7424224208616823e-10,0.00023664500419783921,0.9997633548209801,2,20,20
12,7268,1.997674504432853e-14,2.8236085537112403e-15,8.552012587258557e-05,0.9999144798741046,2,20,20
12,7269,1.0167650926587816e-14,1.88318999630808e-15,4.863706280413646e-06,0.9999951362937074,2,20,20
12,7270,1.7536494772103762e-16,3.36026246292707e-17,1.5183744537325657e-06,0.999998481625546,2,20,20
12,7271,1.8757497671259807e-16,3.0574380631893375e-12,6.191199932136242e-05,0.9999380879976209,2,20,20
12,7272,1.9077531485505694e-16,3.058386215651817e-12,0.004724276055306689,0.9952757239416348,2,20,20
12,7273,1.0686543392026235e-14,5.554397674524977e-14,8.506366941072509e-05,0.9999149363305229,2,20,20
12,7274,1.0689733090841276e-14,5.4603427211947005e-14,3.5422219325395537e-06,0.9999964577780023,2,20,20
12,7275,9.986160377612275e-15,5.3678782265837615e-14,3.934171539239514e-06,0.9999960658283971,2,20,20
12,7276,3.776414264747734e-18,1.7390690737336267e-17,1.8064292715153725e-06,0.9999981935707286,2,20,20
12,7277,3.726292679695275e-18,8.894410888205078e-19,3.7599330264947525e-07,0.9999996240066975,2,20,20
12,7278,3.297841666828249e-18,1.7101152774328326e-17,6.283391623280844e-08,0.9999999371660839,2,20,20
12,7279,2.2764225499296593e-12,1.8825845075839035e-15,8.416395041996043e-05,0.9999158360473018,2,20,20
12,7280,7.135496505130407e-16,1.4636197838053786e-18,7.020976060445794e-08,0.9999999297902384,2,20,20
12,7281,3.2440084413444344e-11,3.110996901569567e-12,7.611057475483314e-05,0.999923889389694,2,20,20
12,7282,3.995166603458323e-14,5.364087871414392e-14,5.884618503590144e-05,0.9999411538148701,2,20,20
12,7283,2.3115783596391437e-12,5.446181501222731e-14,0.0011538177358091874,0.9988461822618246,2,20,20
12,7284,1.5695912348114753e-17,4.982876894436469e-17,8.262204352821999e-05,0.9999173779564721,2,20,20
12,7285,1.8297446439271307e-09,5.407320502749803e-14,0.008631635883331797,0.9913683622868694,2,20,20
12,7286,1.829704270169106e-09,5.4040981339854136e-14,0.0053037144915198675,0.9946962836787218,2,20,20
12,7287,1.829704297716097e-09,5.407342602456684e-14,0.005361056877449115,0.9946389412927925,2,20,20
12,7288,1.8319658401777517e-09,1.7318365324222823e-10,0.008645402041090258,0.9913545959537601,2,20,20
12,7289,3.9952727246039226e-14,5.367018191947002e-14,0.0001413918007848388,0.9998586081991216,2,20,20
12,7290,9.978363064154385e-15,5.35052786996802e-14,0.0016779300896237932,0.9983220699103128,2,20,20
12,7291,1.4168411097550206e-15,2.8396685420391594e-15,8.36282544104061e-05,0.9999163717455855,2,20,20
12,7292,1.2981269206342613e-10,5.6467421693574184e-14,2.2328327680108027e-05,0.9999776715424509,2,20,20
12,7293,1.8753829565102385e-16,9.71976729843e-16,0.0011537425000763938,0.9988462574999225,2,20,20
12,7294,8.006247722069455e-14,5.458369477025625e-14,0.00012257517800907082,0.9998774248218562,2,20,20
12,7295,2.2557379065372526e-12,3.0824293243345795e-12,0.004746660398553812,0.9952533395961076,2,20,20
12,7296,2.2956754382034674e-12,3.083370190040271e-12,0.004665588293682606,0.9953344117009385,2,20,20
12,7297,1.7875360156082107e-16,5.366257062526694e-14,2.985447381368761e-06,0.9999970145525648,2,20,20
12,7298,3.779250421843575e-18,1.7390809410909774e-17,1.5328995975666662e-06,0.9999984671004025,2,20,20
12,7299,5.691035368549067e-13,3.0573116048323077e-12,8.487264371312922e-05,0.9999151273526606,2,20,20
12,7300,9.997003149098786e-15,5.3653928147487413e-14,8.404392637519256e-05,0.9999159560735613,2,20,20
12,7301,7.987736279937414e-14,1.082312544478422e-13,0.00016520057606183084,0.99983479942375,2,20,20
12,7302,3.627654174175894e-07,8.544984634633992e-09,0.07003708435429667,0.9299625443353015,2,20,20
12,7303,3.702012195038554e-18,1.8700733826969113e-15,0.0033291993644361385,0.9966708006355622,2,20,20
12,7304,3.347955075603898e-18,5.998550317144313e-19,1.4933212050398784e-06,0.999998506678795,2,20,20
12,7305,1.2519302869690804e-17,3.2025541419659875e-19,1.0512307524006002e-06,0.9999989487692477,2,20,20
12,7306,1.294776299528999e-10,5.353953109189814e-14,0.001154266343369226,0.9988457335270999,2,20,20
12,7307,1.2947780350628937e-10,5.4471613160852835e-14,0.005818064225190231,0.9941819356452776,2,20,20
12,7308,1.8754326880244053e-16,1.882601709226175e-15,2.5246247587265164e-06,0.9999974753752394,2,20,20
12,7309,3.5060181202800355e-16,5.458719961176896e-14,3.952011856925924e-06,0.9999960479880883,2,20,20
12,7310,8.760129972785232e-16,5.4587199612011004e-14,3.952009603600031e-06,0.9999960479903409,2,20,20
12,7311,1.7827254926718822e-16,9.582414941391296e-16,1.5115504591435548e-06,0.9999984884495399,2,20,20
12,7312,9.213453774494189e-09,2.8212644850115055e-06,0.4562949111435738,0.5437022583784874,2,20,20
12,7313,3.3365954449470776e-05,3.1446862471932043e-06,0.49994854049936305,0.5000149488599404,2,20,20
12,7314,0.0004226498789783826,1.747108304247063e-07,0.4995763861510629,0.5000007892591279,2,20,20
12,7315,0.0004226498789783799,1.747108304084846e-07,0.49957737406467717,0.49999980134551386,2,20,20
12,7316,0.0004226498789883773,1.7471088405158802e-07,0.4995982259868097,0.4999789494233178,2,20,20
12,7317,0.000132237914213706,0.008211782241618677,0.49167785622624127,0.4999781236179264,2,20,20
12,7318,6.427057318885811e-12,9.018438378471573e-05,0.4999316994108532,0.499978116198935,2,20,20
12,7319,3.276996931590498e-05,0.00017913295603147803,0.499789627026145,0.499998470048507,2,20,20
12,7320,3.2769969275949275e-05,0.00017913295603147773,0.4997891495047481,0.4999989475699442,2,20,20
12,7321,3.276996928511082e-05,0.00017913295861060645,0.5779080040848067,0.4218800929872968,2,20,20
12,7322,4.1318642533289647e-08,3.163057289064754e-06,0.5781167071670713,0.4218800884569971,2,20,20
12,7323,4.134562637402797e-08,3.1651421601257688e-06,0.4999968443641525,0.4999999491480605,2,20,20
12,7324,0.0003652028194129484,5.727574469830954e-14,0.49963479750985385,0.49999999967067554,2,20,20
12,7325,0.00030767679335838116,4.755291022545521e-07,0.08727935704594551,0.9124124906315938,2,20,20
12,7326,0.00030767679335821506,4.755291031629697e-07,0.08719823581820614,0.9124936118593324,2,20,20
12,7327,0.0003076767933582029,4.7552910222182935e-07,0.08719678754287592,0.9124950601346637,2,20,20
12,7328,1.0011990854815195e-14,4.982772775352709e-17,0.00014196428314073887,0.9998580357168493,2,20,20
12,7329,7.008740033528237e-16,1.882295584910684e-15,8.259767113728345e-05,0.9999174023288602,2,20,20
12,7330,2.3985609058905542e-12,8.369252378570768e-09,0.07887440914613217,0.9211255824822169,2,20,20
12,7331,2.269598527678179e-12,3.10139419753005e-12,0.0016192046443733342,0.9983807953502558,2,20,20
12,7332,1.0160233351814598e-14,1.0727972775615779e-13,5.935513306770823e-05,0.9999406448668149,2,20,20
12,7333,1.0160172543143298e-14,1.0729565483057218e-13,6.0304188361176283e-05,0.9999396958115211,2,20,20
12,7334,1.8775704468294177e-16,4.982920452297557e-17,2.5072298531869936e-06,0.9999974927701465,2,20,20
12,7335,2.47018025373945e-17,9.744699660781816e-16,1.967973180327476e-06,0.9999980320268186,2,20,20
12,7336,2.782742977072117e-17,9.74475134124815e-16,1.968127397016846e-06,0.9999980318726022,2,20,20
12,7337,4.804520700114555e-13,2.580051973038046e-12,0.07812585041640413,0.9218741495805354,2,20,20
12,7338,4.802983900296868e-13,2.5800511192602094e-12,0.0781250155548122,0.9218749844421275,2,20,20
12,7339,3.994504946326846e-14,3.05860073371551e-12,0.0001121148934420193,0.9998878851034594,2,20,20
12,7340,4.134917010581398e-14,3.059525558248853e-12,8.834235286484589e-05,0.9999116576440341,2,20,20
12,7341,6.9546351501694235e-15,1.9904849322616746e-12,0.1746269926811706,0.8253730073168319,2,20,20
12,7342,2.0672704865667067e-14,5.4611850265815986e-14,8.423018949080896e-05,0.9999157698104338,2,20,20
12,7343,2.2769590018204002e-12,2.8237490898233523e-15,3.559296356341681e-06,0.999996440701364,2,20,20
12,7344,3.983282029013511e-14,1.0713394664812411e-13,0.0016216933649811634,0.9983783066348719,2,20,20
12,7345,1.7551545622246954e-16,6.604039409140866e-17,8.264699489095037e-05,0.9999173530051092,2,20,20
12,7346,7.00987379475322e-16,9.417409696365805e-16,1.0762209544563855e-06,0.9999989237790439,2,20,20
12,7347,7.596514179920628e-19,1.7111226628586237e-17,4.650037539983359e-08,0.9999999534996247,2,20,20
12,7348,3.993768409830136e-14,5.459468307786028e-14,8.262804593113664e-05,0.9999173719539743,2,20,20
12,7349,1.548689481507793e-17,5.0113754630243796e-17,1.0764297782249948e-06,0.9999989235702216,2,20,20
12,7350,7.038200609515996e-16,5.367245820991847e-14,5.985302554874441e-05,0.9999401469743967,2,20,20
12,7351,1.410929178898585e-15,3.0585683928779077e-12,3.052391439305612e-05,0.999969476082547,2,20,20
12,7352,5.638891016063079e-13,3.029284770817477e-12,0.0046640463435901934,0.9953359536528166,2,20,20
12,7353,5.63888945467173e-13,3.029284770817485e-12,0.004664039274965798,0.9953359607214411,2,20,20
12,7354,2.0590738166038935e-14,3.082939666704806e-12,0.004722870664473689,0.9952771293324225,2,20,20
12,7355,5.700054606759404e-13,3.1120240047321183e-12,6.294751104821853e-05,0.9999370524852699,2,20,20
12,7356,1.8661712837428936e-17,9.744691083644527e-16,1.4388514973529476e-06,0.9999985611485016,2,20,20
12,7357,2.4912779129080193e-17,9.42029781754169e-16,1.8416104947622964e-06,0.9999981583895043,2,20,20
12,7358,8.762373977838932e-16,9.579788744085123e-16,5.378406047957762e-07,0.9999994621593933,2,20,20
12,7359,1.9078464384294738e-16,9.744782991250427e-16,1.5195521567807517e-06,0.9999984804478422,2,20,20
12,7360,1.0758979158094407e-15,2.8400059360000292e-15,7.911286358429713e-05,0.9999208871364116,2,20,20
12,7361,3.986735934941273e-14,1.6711317015924616e-17,0.003424236114031714,0.9965757638859285,2,20,20
12,7362,1.2023563534051891e-09,6.459020501390121e-09,0.17493053756259547,0.8250694547760277,2,20,20
12,7363,5.009250819816168e-14,1.7424135004394418e-10,0.00015458161303219054,0.9998454182126765,2,20,20
12,7364,3.995139662232338e-14,9.416373913982677e-16,5.883912345638989e-05,0.9999411608765028,2,20,20
12,7365,2.281655328980867e-12,1.0705178812861357e-13,0.001121096070584118,0.9988789039270272,2,20,20
12,7366,4.0556863318749033e-14,9.722706503963979e-16,0.0011552523216049196,0.9988447476783537,2,20,20
12,7367,4.0569152686801684e-14,5.4601228813641653e-14,0.0011562870024404337,0.9988437129974644,2,20,20
12,7368,3.2438799449797577e-11,1.7431814764413745e-10,8.900536655513952e-05,0.9999109944266876,2,20,20
12,7369,9.99288282722305e-15,3.752367508629547e-15,0.003331149133215954,0.9966688508667704,2,20,20
12,7370,8.765580534806186e-16,3.0482673866045313e-12,0.0015663440823857975,0.9984336559145651,2,20,20
12,7371,1.287527367878659e-10,2.828637747781366e-15,0.005100809877904699,0.9948991899933397,2,20,20
12,7372,8.819820242738539e-16,3.0573113762314603e-12,0.00011235379902908415,0.9998876461979126,2,20,20
12,7373,1.1390599691575224e-14,3.05825251662011e-12,8.584224481897761e-05,0.9999141577521113,2,20,20
12,7374,2.276417375495143e-12,1.0729055433096961e-13,8.407133144924749e-05,0.999915928666167,2,20,20
12,7375,2.2764173783324774e-12,1.0729055434499189e-13,8.365403219234269e-05,0.9999163459654239,2,20,20
12,7376,2.277284946999009e-12,1.6135147596874854e-13,0.004746439627705041,0.9952535603698562,2,20,20
12,7377,6.152027736850582e-18,1.738075266288679e-17,9.512513179816834e-08,0.9999999048748686,2,20,20
12,7378,9.998304537517809e-15,2.8236367130532404e-15,6.076041509097898e-05,0.9999392395848963,2,20,20
12,7379,1.0689927961896466e-14,2.8398565739932034e-15,6.077128550478297e-05,0.9999392287144817,2,20,20
12,7380,1.9970243896175173e-14,5.551946807847849e-14,8.456916348816303e-05,0.9999154308364364,2,20,20
12,7381,9.984563169819855e-15,5.3653964888311896e-14,8.363253334131817e-05,0.999916367466595,2,20,20
12,7382,1.069591703766885e-14,1.7424133381282856e-10,0.0001540997201188597,0.9998459001056293,2,20,20
12,7383,1.4169549717750346e-15,6.6055945008311e-17,1.1086726338150837e-06,0.9999988913273647,2,20,20
12,7384,1.5920030507841118e-15,5.368641570318374e-14,8.364709223223561e-05,0.9999163529077124,2,20,20
12,7385,8.884238350587118e-16,3.057477368339717e-12,6.032770892402665e-05,0.9999396722880177,2,20,20
12,7386,4.966237214522407e-14,3.038403007202429e-12,0.003412039380511093,0.9965879606164005,2,20,20
12,7387,9.996902264474683e-15,1.9150233091714364e-15,0.00016519254235840793,0.9998348074576293,2,20,20
12,7388,8.445240330954546e-11,2.891411511954934e-10,0.17624914177238596,0.8237508578540205,2,20,20
12,7389,5.678921358685427e-13,3.050708043097812e-12,0.0012461805042057882,0.9987538194921753,2,20,20
12,7390,9.986619103927298e-15,9.906819081592304e-16,5.985711223098759e-05,0.9999401428877585,2,20,20
12,7391,9.989208484737669e-15,9.582423941645597e-16,1.1169890294490346e-06,0.99999888301096,2,20,20
12,7392,5.691985502238822e-13,5.4587205069926514e-14,2.5611214937133824e-06,0.9999974388778825,2,20,20
12,7393,1.905509589092774e-16,9.58194724616747e-16,2.8565549593976674e-05,0.999971434450405,2,20,20
12,7394,8.88243767423931e-16,9.90638120587461e-16,2.857600834556655e-05,0.9999714239916527,2,20,20
12,7395,7.131155557867567e-16,9.741843637206599e-16,1.1186581829709985e-06,0.9999988813418155,2,20,20
12,7396,1.8495176776934776e-17,9.411817679808976e-16,3.9580477154554975e-06,0.9999960419522838,2,20,20
12,7397,1.0070989045115276e-14,5.365325134396307e-14,0.004757628485188233,0.995242371514748,2,20,20
12,7398,7.163665466465164e-16,9.582056331771707e-16,2.856060913064134e-05,0.9999714393908679,2,20,20
12,7399,5.830250919014131e-13,5.366256469998328e-14,0.005304745742805321,0.9946952542565582,2,20,20
12,7400,9.985948540490467e-15,5.366228101618566e-14,2.51105664565629e-06,0.9999974889432908,2,20,20
12,7401,1.766613154574846e-16,1.6944435139750494e-17,0.0046640363034582575,0.9953359636965415,2,20,20
12,7402,3.243882391001174e-11,3.0582644045648904e-12,8.508851755897782e-05,0.9999149114469437,2,20,20
12,7403,1.8754760606249385e-16,5.364634386451603e-14,2.5034234783308704e-06,0.9999974965764679,2,20,20
12,7404,9.987420507151498e-15,5.365396214820233e-14,0.00016517906520500424,0.9998348209347313,2,20,20
12,7405,1.1398504697374089e-14,5.5538138668512825e-14,6.0299415169596035e-05,0.9999397005847633,2,20,20
12,7406,1.4121342612654346e-15,1.9027964640573044e-15,0.003329243760063092,0.9966707562399337,2,20,20
12,7407,4.0644446362462923e-14,1.915324132265195e-15,1.546923617638289e-06,0.9999984530763399,2,20,20
12,7408,7.011997478733446e-16,3.360245040817035e-17,1.0934974973683254e-06,0.9999989065025021,2,20,20
12,7409,9.986174552628867e-15,1.8826043096874173e-15,1.9875041557377555e-06,0.9999980124958324,2,20,20
12,7410,6.090287765285504e-13,3.057270941140312e-12,9.719903551423377e-05,0.9999028009608193,2,20,20
12,7411,6.4215442056894245e-18,3.360752492140094e-17,1.5010075363252843e-06,0.999998498992464,2,20,20
12,7412,7.068304651856642e-16,3.057437783625244e-12,6.051372855297664e-05,0.999939486268389,2,20,20
12,7413,4.038001146469912e-14,5.4224009314674853e-14,0.003329237794280909,0.9966707622056248,2,20,20
12,7414,4.011595196770173e-14,9.49751805257748e-16,0.004684123267271723,0.9953158767326873,2,20,20
12,7415,4.0646438074313985e-14,1.73957445311487e-17,0.0001285653494083272,0.9998714346505513,2,20,20
12,7416,2.4594063131701892e-17,3.3322817186793855e-17,1.076147334221689e-06,0.9999989238526659,2,20,20
12,7417,1.139110719176509e-12,6.168400485970987e-12,0.00014229107940221463,0.9998577089132903,2,20,20
12,7418,7.161049227382099e-16,1.0727915027129269e-13,0.0001176411664461391,0.999882358833446,2,20,20
12,7419,5.0098728987105744e-14,5.365653354161753e-14,0.00014302992011225695,0.999856970079784,2,20,20
12,7420,4.967657110080232e-14,3.13679286399195e-12,0.00799338974682452,0.9920066102499887,2,20,20
12,7421,7.241512888290247e-14,1.1335329148940465e-10,0.17482902798350208,0.8251709719030724,2,20,20
12,7422,3.2474764661264553e-14,1.1335329137868009e-10,0.1748867445794401,0.8251132553071743,2,20,20
12,7423,3.317525065212158e-14,1.1335329133818973e-10,0.17491053844913562,0.8250894614374781,2,20,20
12,7424,4.055562410576095e-14,1.9129717186131854e-15,0.0012362851888934804,0.9987637148110642,2,20,20
12,7425,7.97953905951407e-14,5.4617441188689816e-14,0.0011561842755893996,0.9988438157242763,2,20,20
12,7426,4.002725216046693e-14,5.460121942911874e-14,0.0011561839638121502,0.9988438160360934,2,20,20
12,7427,1.8176948838258893e-16,5.3662565600549944e-14,3.934275118455476e-06,0.999996065724828,2,20,20
12,7428,7.010403383950961e-16,9.58242233307375e-16,2.089357666417487e-06,0.999997910642332,2,20,20
12,7429,1.2572262651938146e-17,3.332278392895006e-17,2.0643158668039796e-06,0.9999979356841333,2,20,20
12,7430,1.817919893808102e-12,7.897821139520835e-09,0.10251897407728935,0.8974810180230717,2,20,20
12,7431,1.3156271383631694e-10,7.897823005409854e-09,0.10264547538824713,0.8973545165823673,2,20,20
12,7432,2.4230758845679903e-12,1.7767825366003315e-08,0.10577972403952123,0.8942202581902305,2,20,20
12,7433,3.995592833867918e-14,9.905295296295444e-16,8.464502548999537e-05,0.999915354974469,2,20,20
12,7434,7.102588307014927e-16,1.899389290622767e-15,8.405207564090894e-05,0.9999159479243563,2,20,20
12,7435,1.4076830364089291e-15,9.747190572665287e-16,0.00010287275576902149,0.9998971272442284,2,20,20
12,7436,4.204746654541374e-14,1.899620146766904e-15,4.0600763261944666e-05,0.9999593992366944,2,20,20
12,7437,1.5645783935499234e-17,9.58246454322573e-16,2.4993031077130826e-06,0.9999975006968911,2,20,20
12,7438,2.276539166583527e-12,3.058382573837328e-12,6.138205498637521e-05,0.9999386179396785,2,20,20
12,7439,1.8719315742550514e-17,9.582515220585316e-16,2.9253663878402754e-06,0.9999970746336111,2,20,20
12,7440,9.989252862626246e-15,9.744683067106858e-16,2.9506824701323994e-06,0.9999970493175189,2,20,20
12,7441,9.988980557969443e-15,9.58241575192491e-16,1.5437736936094727e-06,0.9999984562262958,2,20,20
12,7442,2.0673617703083402e-12,2.7604416064058208e-12,0.05671031015389703,0.9432896898412754,2,20,20
12,7443,3.9746389234563014e-14,3.0302326073400595e-12,0.004665524547791448,0.9953344754491387,2,20,20
12,7444,1.262622558703767e-17,1.174034164380602e-18,5.129733198864992e-08,0.9999999487026681,2,20,20
12,7445,1.57991310342437e-17,9.417409665852397e-16,2.1067455906685103e-06,0.9999978932544085,2,20,20
12,7446,8.789409532043744e-16,5.365368247371293e-14,0.00016680157100059563,0.999833198428945,2,20,20
12,7447,1.9120717851123473e-16,9.58257550658582e-16,2.0499353839073724e-06,0.9999979500646147,2,20,20
12,7448,3.724944799496124e-18,9.581316489587746e-16,5.9823660933111185e-05,0.9999401763390658,2,20,20
12,7449,7.131205332500067e-16,3.360751423266823e-17,5.622448198299189e-07,0.9999994377551794,2,20,20
12,7450,3.2438812793418544e-11,1.7426544245533744e-10,0.00017013621673361238,0.999829863576562,2,20,20
12,7451,1.0162544028802693e-14,9.578136371999467e-16,0.00016680816708903497,0.9998331918328996,2,20,20
12,7452,1.0162522281039242e-14,1.8827350065604063e-15,8.56692322297434e-05,0.9999143307677582,2,20,20
12,7453,7.3957259513290336e-09,1.082100751357633e-13,0.00010795771151679405,0.9998920348926488,2,20,20
12,7454,7.3957259394123735e-09,1.0726865519676842e-13,0.00010652677875703816,0.9998934658254095,2,20,20
12,7455,1.070090067524664e-14,5.459738090228658e-14,5.987790942159615e-05,0.9999401220905133,2,20,20
12,7456,1.0172252740359371e-14,5.461359748685516e-14,5.9878238738928114e-05,0.9999401217611964,2,20,20
12,7457,1.0698037612494857e-14,5.3656514309792877e-14,6.088691919471472e-05,0.9999391130807412,2,20,20
12,7458,3.2673219016887014e-11,2.8047796438998185e-15,0.005384867827185384,0.9946151321401386,2,20,20
12,7459,1.5828652316116928e-15,5.552172074456e-14,0.00014139971960733008,0.9998586002803354,2,20,20
12,7460,1.2091177494527563e-14,3.7811050604324154e-15,8.34615918507895e-05,0.9999165384081334,2,20,20
12,7461,8.758820958054051e-16,9.578539465143688e-16,6.02669097438442e-05,0.9999397330902544,2,20,20
12,7462,1.1538710182703148e-14,9.901268581729256e-09,0.0017498282414642786,0.9982501618572556,2,20,20
12,7463,1.784845704017481e-16,1.898823373596417e-15,2.5246272267800706e-06,0.9999974753727713,2,20,20
12,7464,1.877600528421475e-16,9.744690109401763e-16,1.1014716180141388e-06,0.999998898528381,2,20,20
12,7465,2.5129429599876753e-17,1.739582003155563e-17,4.1845709610711034e-07,0.999999581542904,2,20,20
12,7466,2.4970467247973875e-17,9.582516331146866e-16,1.8300108835826941e-06,0.9999981699891154,2,20,20
12,7467,7.163242615102756e-16,1.898884523521616e-15,0.0001175944295812185,0.9998824055704163,2,20,20
12,7468,1.9101631694236704e-16,4.982893366750177e-17,8.293581631591954e-05,0.9999170641836838,2,20,20
12,7469,1.0162928641487964e-14,3.0573275836572518e-12,0.0001664105933285406,0.9998335894036039,2,20,20
12,7470,4.5437913798678504e-12,3.157570787088536e-12,0.005798489507010809,0.9942015104852878,2,20,20
12,7471,1.3465264468025813e-14,3.64738776245816e-14,0.17795261541708018,0.8220473845828702,2,20,20
12,7472,2.3451254270042062e-14,3.648054603543361e-14,0.17462491098417982,0.8253750890157603,2,20,20
12,7473,1.871456538021776e-17,5.367850783269179e-14,2.5367151320252713e-06,0.9999974632848145,2,20,20
12,7474,3.99559520399021e-14,9.744640717442428e-16,1.1190229411927177e-06,0.9999988809770181,2,20,20
12,7475,1.2353911216592939e-17,1.7101152774252562e-17,7.002655159329164e-08,0.9999999299734486,2,20,20
12,7476,7.008840583137134e-16,1.710621729963779e-17,5.44597715733793e-07,0.9999994554022835,2,20,20
12,7477,1.404641500426775e-15,9.5821615364667e-16,2.083301905118743e-05,0.9999791669809465,2,20,20
12,7478,1.4045482881800599e-15,3.0573113721785653e-12,8.435030029143357e-05,0.9999156496966499,2,20,20
12,7479,1.6463536003288762e-12,1.2602335498045183e-10,0.13847690397969348,0.8615230958926368,2,20,20
12,7480,5.69104332342978e-13,5.365369470196753e-14,8.265470182745043e-05,0.9999173452975496,2,20,20
12,7481,3.189027738587843e-18,8.794549036497004e-19,1.4934474348513586e-06,0.9999985065525652,2,20,20
12,7482,4.0652024054711105e-14,9.416323647999007e-16,0.00011881035152831085,0.9998811896484301,2,20,20
12,7483,2.8085794373207617e-12,2.6557948093315597e-13,0.4567287688228226,0.5432712311741033,2,20,20
12,7484,9.219030714003169e-07,0.18338029264349706,0.31661410099090287,0.5000046844625285,2,20,20
12,7485,1.0522950664874523e-11,0.4845136842995953,0.015486341686029213,0.49999997400385227,2,20,20
12,7486,2.0031762829384384e-13,0.4997128243192528,0.0002887089730386092,0.4999984667075083,2,20,20
12,7487,5.75584197246532e-14,0.4995995375077773,0.0004019957846569126,0.4999984667075083,2,20,20
12,7488,4.2913605392289116e-14,0.49971961623247535,0.004957669309024523,0.49532271445845716,2,20,20
12,7489,4.75735075016409e-14,0.49960148557398915,0.0003985578890629696,0.4999999565369003,2,20,20
12,7490,4.757658474366564e-14,0.49960148557398915,0.00039855843124147805,0.4999999559947218,2,20,20
12,7491,5.088707886637735e-14,0.4993260819409025,0.0006742751836579686,0.49999964287538845,2,20,20
12,7492,1.2978991812191879e-10,0.14049472216539835,0.359508800763917,0.49999647694089433,2,20,20
12,7493,3.012521307120781e-13,0.013577711248278302,0.48642332121379883,0.49999896753762146,2,20,20
12,7494,1.7386019422595183e-08,0.004400094208315516,0.49559991459418573,0.4999999738114786,2,20,20
12,7495,0.000131786980716291,0.0001770338306724031,0.4996909455899403,0.5000002335986705,2,20,20
12,7496,1.0007693469549052e-09,0.00024882606512245697,0.4998350053308055,0.49991616760330226,2,20,20
12,7497,1.0002102300166367e-09,0.00024882606206516297,0.49975265367532834,0.4999985192623961,2,20,20
12,7498,1.0002002563479664e-09,0.00024882606206516297,0.4997512167745598,0.4999999561631745,2,20,20
12,7499,3.1497944681257616e-13,7.936492284875064e-08,0.5000013761771221,0.49999854445764025,2,20,20
12,7500,3.1853103091329683e-06,4.3513757677341415e-06,0.4999924823049036,0.4999999810090191,2,20,20
12,7501,1.527516999377335e-08,0.0002488457580466675,0.49975116498941796,0.49999997397736495,2,20,20
12,7502,1.1174244916494461e-11,2.2235569471945435e-06,0.49999780249437686,0.4999999739375012,2,20,20
12,7503,5.043758511223979e-12,7.937352160267574e-08,0.5000294782150242,0.4999704424064104,2,20,20
12,7504,2.25226171550219e-05,5.399875865315597e-07,0.5000064949752165,0.49997044242004146,2,20,20
12,7505,2.0282657120656613e-09,4.426662757897053e-06,0.500025128902598,0.4999704424063776,2,20,20
12,7506,1.25302823172038e-10,0.00705821817721118,0.4929713392351812,0.49997044246230377,2,20,20
12,7507,2.552210858652987e-10,4.444706814797689e-06,0.5000251125171611,0.4999704425208023,2,20,20
12,7508,3.254906155321585e-06,4.352363757350642e-06,0.5000012058684055,0.49999118686168115,2,20,20
12,7509,2.2908732943630073e-05,0.0070149520996401855,0.492952874326278,0.5000092648411384,2,20,20
12,7510,2.290873294362128e-05,0.00701495209964017,0.4929518696478885,0.5000102695195278,2,20,20
12,7511,2.290873294380526e-05,0.007014952099641111,0.4929536495217116,0.5000084896457038,2,20,20
12,7512,1.228041232323413e-09,0.01373943758885566,0.48626346208588905,0.4999970990972139,2,20,20
12,7513,0.0712565040215198,5.169193207654432e-07,0.43207240356925386,0.4966705754899051,2,20,20
12,7514,0.07125650402150988,5.169162824018879e-07,0.4287434793110707,0.4999994997511368,2,20,20
12,7515,0.03735137436405758,2.8037619189043844e-07,0.4626468289737144,0.500001516286036,2,20,20
12,7516,2.6097023570104633e-05,5.93079654529755e-14,0.4999744213843584,0.4999994815920122,2,20,20
12,7517,2.609702582822362e-05,5.93078377510045e-14,0.5039210150695371,0.496052887904575,2,20,20
12,7518,4.5671704606479803e-07,1.0761160248099748e-08,0.5039466446169467,0.4960528879048471,2,20,20
12,7519,9.154103378184765e-07,6.69796054929405e-12,0.5000816626359064,0.4999174219470582,2,20,20
12,7520,0.41315759121513046,9.389526914655824e-10,0.08684385707204335,0.4999985507738735,2,20,20
12,7521,1.5465306403682037e-05,3.454779222469949e-14,0.4999859839887947,0.4999985507047667,2,20,20
12,7522,0.04563028692697463,4.907570780398577e-12,0.45443017563119287,0.49993953743692443,2,20,20
12,7523,1.92181126170754e-06,0.1911983289077826,0.3088149685759293,0.4999847807050259,2,20,20
12,7524,1.0846174809067706e-11,0.4995788605784317,0.0004414536478961344,0.49997968576282603,2,20,20
12,7525,1.666663117437028e-12,0.3070264479780133,0.19299386628426143,0.4999796857360586,2,20,20
12,7526,9.49179207568871e-09,0.13456615492284577,0.3654541498732779,0.4999796857120839,2,20,20
12,7527,9.63661842159927e-13,0.17719869978928776,0.3228601112339212,0.49994118897582757,2,20,20
12,7528,6.770343173619068e-07,0.1683915303533792,0.3316281253187653,0.499979667293538,2,20,20
12,7529,2.464263737438606e-12,0.4923690155985056,0.007651317104305841,0.4999796672947243,2,20,20
12,7530,2.2767310618264524e-12,0.4996064115553905,0.0004139211487880736,0.49997966729354487,2,20,20
12,7531,1.4616923804822756e-10,0.4724619158169169,0.02762069049128495,0.49991739354562875,2,20,20
12,7532,8.899284866692179e-12,0.30695513677082814,0.19307340457478142,0.49997145864549086,2,20,20
12,7533,8.330131529738017e-12,0.3069551367708272,0.19310365485902084,0.4999412083618217,2,20,20
12,7534,2.84663473635844e-17,0.4999928827795695,6.590885933612886e-05,0.49994120836109424,2,20,20
12,7535,8.60331533873786e-17,0.499606445839774,0.00039459480337108543,0.49999895935685484,2,20,20
12,7536,2.2774546159752422e-12,0.49999487231013784,6.541586944239792e-05,0.4999397118181421,2,20,20
12,7537,1.0562270056366535e-11,0.4842081682289055,0.015813185680214538,0.49997864608031767,2,20,20
12,7538,6.104773423913884e-17,0.49960641155539054,0.0003939788698463831,0.49999960957476314,2,20,20
12,7539,6.509711296556848e-08,0.49960676126548736,0.19161716877651416,0.30877600486088547,2,20,20
12,7540,1.9046146383238722e-13,0.4998914659103393,0.00010857805351894572,0.4999999560359516,2,20,20
12,7541,7.596540777296946e-13,0.49989146591039385,0.00011104404988145677,0.49999749003896504,2,20,20
12,7542,2.00443151171365e-13,0.49989146591039385,0.00016735518250569046,0.4999411789069003,2,20,20
12,7543,1.497657837359588e-10,0.48408683242610484,0.02057695889530919,0.4953362085288203,2,20,20
12,7544,2.1742586569910511e-10,0.17568655099733355,0.32405708861110394,0.5002563601741368,2,20,20
12,7545,1.2498313357483804e-08,0.17718919469248862,0.32281216251817413,0.49999863029102354,2,20,20
12,7546,1.2498816264211262e-08,0.17718919469789188,0.38104998441314075,0.4417608083901507,2,20,20
12,7547,1.2500584906110263e-08,0.17718919469249048,0.3239645169354338,0.49884627587149033,2,20,20
12,7548,2.820321201769073e-12,0.49990296692349345,0.004774318701810738,0.49532271437187525,2,20,20
12,7549,3.346620657579364e-15,0.49971961595282127,0.00036299055947182406,0.49991739348770325,2,20,20
12,7550,7.657245330483477e-09,2.2293758702163146e-06,0.5000803694230047,0.4999173935438792,2,20,20
12,7551,5.7041943900228774e-08,0.00024882628081675874,0.4998337167848188,0.4999173998924201,2,20,20
12,7552,5.70419438971609e-08,0.00024882628081677473,0.49975256000950646,0.4999985566677329,2,20,20
12,7553,5.70419438971609e-08,0.00024882628081677473,0.49975256000950646,0.4999985566677328,2,20,20
12,7554,1.4510321128862875e-08,4.443081245284505e-06,0.4999969920322171,0.49999855037621654,2,20,20
12,7555,1.4510321128859232e-08,4.443081245268563e-06,0.4999955934538784,0.4999999489545556,2,20,20
12,7556,2.66083686590576e-07,6.269008498663738e-09,0.499999748918293,0.49999997872901214,2,20,20
12,7557,0.015719013040130392,2.5527936549745367e-05,0.484255433971893,0.5000000250514268,2,20,20
12,7558,0.26652809684061485,7.226946808434875e-06,0.2334296778033618,0.5000349984092147,2,20,20
12,7559,0.26652809684061557,7.226946862087678e-06,0.2335122266785357,0.4999524495339862,2,20,20
12,7560,0.26652809684061485,7.226946808434875e-06,0.23342964563837607,0.5000350305741998,2,20,20
12,7561,0.4936186732837112,2.5186305749721212e-14,0.006382383867868348,0.4999989428483952,2,20,20
12,7562,0.20575771111740132,2.1284049953677262e-07,0.2941852758975017,0.5000568001445965,2,20,20
12,7563,0.49870793012169645,1.81168009056736e-08,0.0012920106860540945,0.5000000410754485,2,20,20
12,7564,0.00021637623185459618,2.1996495800212913e-10,0.4997836620769973,0.4999999614711824,2,20,20
12,7565,0.35666951311314593,2.587402063117707e-06,0.14270797537501287,0.500619924109778,2,20,20
12,7566,0.0010778234006740613,3.6296752637201316e-07,0.49907245377342685,0.4998493598583728,2,20,20
12,7567,3.207679301547739e-06,0.0009338699875207233,0.49921559078498684,0.4998473315481907,2,20,20
12,7568,3.2075495643126572e-06,0.0009338698132784821,0.4990615846731185,0.5000013379640385,2,20,20
12,7569,0.00021109565629526305,2.0256168260738053e-05,0.4997669873174378,0.5000016608580058,2,20,20
12,7570,0.00021109565629544723,2.0256168261695132e-05,0.4997680123713326,0.5000006358041099,2,20,20
12,7571,0.3699772394873432,8.37428062082772e-10,0.13006979717283954,0.4999529625023887,2,20,20
12,7572,0.4950341022854448,5.919581436532197e-11,0.004967041244326928,0.49999885641103226,2,20,20
12,7573,0.45296395283845026,1.7743423145800487e-11,0.04711862567954576,0.4999174214642602,2,20,20
12,7574,0.4968681725871079,4.0280854210053085e-11,0.0031906403045238976,0.4999411870680871,2,20,20
12,7575,0.42126611170616485,2.9079923078228045e-09,0.07878748793556631,0.49994639745027597,2,20,20
12,7576,0.17135715023938664,1.2814400685013832e-06,0.3283071509484378,0.5003344173721068,2,20,20
12,7577,2.681347596524485e-06,1.4652746905842667e-05,0.4999827099734933,0.49999995593200386,2,20,20
12,7578,2.2885107611766526e-07,3.43776767706534e-12,0.5000019171403516,0.4999978540051339,2,20,20
12,7579,6.410579517769667e-06,2.0843086039618664e-08,0.49999561616253463,0.4999979524148607,2,20,20
12,7580,6.41057947766622e-06,2.08430850984795e-08,0.49999351330847325,0.5000000552689635,2,20,20
12,7581,0.35124209877815726,3.247038798905182e-09,0.14884050434919927,0.4999173936256039,2,20,20
12,7582,0.15677533580326258,7.973872187722999e-08,0.34330643127228844,0.49991815318572635,2,20,20
12,7583,0.4939308723816019,2.9119570031261174e-12,0.007184469978250258,0.49888465763723583,2,20,20
12,7584,0.4999282253029958,1.739112821741453e-10,0.0013891232686512717,0.4986826512544419,2,20,20
12,7585,0.001418354133018242,2.0578307149106233e-08,0.4985775094427818,0.5000041158458927,2,20,20
12,7586,2.5525660851629096e-05,3.3055450901703347e-12,0.49997553091882735,0.4999989434170158,2,20,20
12,7587,2.9606500962507346e-06,0.012862417875817,0.4871356674363835,0.4999989540377029,2,20,20
12,7588,8.24463618556024e-07,1.387151735347599e-09,0.500000231628233,0.4999989425209965,2,20,20
12,7589,2.5434850358658355e-15,0.17720395958552215,0.322797097895082,0.49999894251939314,2,20,20
12,7590,4.9505083153993263e-14,0.4840894086937689,0.015911430143522993,0.4999991611626588,2,20,20
12,7591,1.9057965280685233e-13,0.49971281748503604,0.00028823992634496637,0.4999989425884286,2,20,20
12,7592,5.3921360259052985e-14,0.14049383863782353,0.35950715538775035,0.499999005974372,2,20,20
12,7593,5.699708840670006e-13,0.4845157185416348,0.015567470155703768,0.4999168113020913,2,20,20
12,7594,7.51374589442538e-13,0.47851367843576387,0.02156950647090181,0.49991681509258273,2,20,20
12,7595,2.712282684578524e-12,0.4997105172949556,0.00029051509752741993,0.49999896760480467,2,20,20
12,7596,4.9887470987922275e-12,0.4997105172980128,0.0003967699507045652,0.4998927127462937,2,20,20
12,7597,2.276564143007127e-12,0.4785191553989436,0.021588131920786263,0.4998927126779935,2,20,20
12,7598,8.749234929626927e-17,0.4785191553958864,0.02148088867767675,0.49999995592643676,2,20,20
12,7599,2.5955521449336696e-12,0.478206951664113,0.021793864225344337,0.4999991841079471,2,20,20
12,7600,4.189192180403531e-15,0.49454669558258485,0.005454336295086454,0.49999896812232447,2,20,20
12,7601,4.351915725041061e-15,0.49989629510113687,0.0001862838139011328,0.4999174210849575,2,20,20
12,7602,4.877573608180503e-15,0.499896295101136,0.00010408658158069093,0.4999996183172785,2,20,20
12,7603,7.167267642337774e-16,0.4999928827795695,8.167363430712648e-06,0.4999989498569989,2,20,20
12,7604,4.831383351700196e-14,0.49985234558415986,0.0001487129052999284,0.499998941510492,2,20,20
12,7605,4.762816314489753e-14,0.49985234558421343,0.00023025444311050423,0.4999173999726286,2,20,20
12,7606,7.057483653794243e-13,0.1277865697313953,0.3722960302964893,0.49991739997140966,2,20,20
12,7607,7.057485835723116e-13,0.12778656973134261,0.3722144874620592,0.4999989428058923,2,20,20
12,7608,7.05733058913226e-13,0.12778656973134167,0.3722134564576761,0.4999999738102765,2,20,20
12,7609,7.059081921740585e-13,0.1277865697313417,0.37221349920989627,0.4999999310580564,2,20,20
12,7610,7.556604979130363e-13,0.12778656973139532,0.3722353143830178,0.4999781158848312,2,20,20
12,7611,4.3284098558741155e-14,0.49971961595282305,0.0002818693509111649,0.49999851469622236,2,20,20
12,7612,4.071433143687749e-15,0.49985916905071637,0.00014188102551165866,0.4999989499237679,2,20,20
12,7613,3.4147907284884813e-15,0.49999000066117266,1.004287133298815e-05,0.4999999564674911,2,20,20
12,7614,6.180389005917305e-10,0.49943220489593193,0.0005678379491520021,0.4999999565368773,2,20,20
12,7615,7.594841087729139e-13,0.4996015264612205,0.00040139277953386143,0.49999708075848587,2,20,20
12,7616,1.9030144722601224e-13,0.4996015264612196,0.0003999406813511392,0.4999985328572388,2,20,20
12,7617,1.738605863620099e-10,0.14049531491721778,0.35950615093963634,0.49999853396928495,2,20,20
12,7618,1.738612701727097e-10,0.14049531491727013,0.3628338684940972,0.49667081641477134,2,20,20
12,7619,4.0799438700313175e-14,0.4785190624877652,0.021482012631874266,0.49999892488031966,2,20,20
12,7620,8.765046206783404e-14,0.4923667808562255,0.007635042291883644,0.4999981768518033,2,20,20
12,7621,6.001076158290306e-13,0.26555432087169833,0.2397478200639619,0.4946978590637397,2,20,20
12,7622,5.738760550548012e-13,0.4997195811228188,0.0055826797518450395,0.49469773912476217,2,20,20
12,7623,3.81577193250103e-12,0.4997195811432942,0.441560651503412,0.058719767349478445,2,20,20
12,7624,7.222405121520372e-07,0.4785120669184654,0.461386227291417,0.06010098354960556,2,20,20
12,7625,4.6899470332942795e-12,0.009742410746086241,0.9902363923508675,2.119689835558482e-05,2,20,20
12,7626,0.01756100959930559,2.6759198615469936e-05,0.9647065531061811,0.01770567809589761,2,20,20
12,7627,0.0013826754419808982,5.8351412027507066e-09,0.9809116801123675,0.01770563861050902,2,20,20
12,7628,0.008106774588241467,0.010884188363944126,0.980993060124721,1.597692309393625e-05,2,20,20
12,7629,1.1250950318887707e-07,3.845927768946914e-06,0.9404214294377202,0.05957461212500722,2,20,20
12,7630,1.1297536805670658e-07,0.30690476567534763,0.6930949827317298,1.3861755414284591e-07,2,20,20
12,7631,1.1249415821337565e-07,0.499891465845433,0.5001084215906378,6.977033413408282e-11,2,20,20
12,7632,0.019562453565506222,0.1404989697256029,0.8399358245235433,2.7521853475220213e-06,2,20,20
12,7633,6.522522162552027e-06,0.1404989592491376,0.8594945181967739,3.1926088809378894e-11,2,20,20
12,7634,0.27328418643357993,0.14049895924903352,0.5862168541097084,2.076780692141977e-10,2,20,20
12,7635,1.928895029813609e-05,0.14049932306176205,0.8594813874356648,5.522755965843952e-10,2,20,20
12,7636,0.00022728559777861017,0.14049895935723838,0.8592720514058029,1.7036391798994463e-06,2,20,20
12,7637,0.49967043246713877,0.14019055604042308,0.3601389481736675,6.33187704791577e-08,2,20,20
12,7638,0.49377351572184724,0.3070292937091851,0.19919719013800694,4.3096052191563405e-10,2,20,20
12,7639,0.31392507006135895,0.47835490645261464,0.2077091698628017,1.0853623224900143e-05,2,20,20
12,7640,0.0006777629288252656,0.49504402253485397,0.4999019352568651,0.004376279279455621,2,20,20
12,7641,0.49991910140246526,0.4941416729617251,0.005939225635737524,7.203930834839948e-14,2,20,20
12,7642,0.4980210894982101,0.4997148967764609,0.0022634095724425826,6.041528859808293e-07,2,20,20
12,7643,0.29348869254768933,0.4997148997170517,0.20679500805624734,1.399679011164048e-06,2,20,20
12,7644,5.476408543884111e-06,0.17719799520091245,0.8227941100205384,2.4183700044396567e-06,2,20,20
12,7645,7.0734391088192e-06,0.17719749875085883,0.8226290533021156,0.00016637450791646171,2,20,20
12,7646,0.2663725154562075,0.0002447241054543689,0.7333827427956473,1.7642691305817674e-08,2,20,20
12,7647,0.499715301690878,0.0005039739674859276,0.49978071772695914,6.614676300981911e-09,2,20,20
12,7648,0.2932525544677251,0.0005039813502969806,0.7062434454996716,1.868230622253555e-08,2,20,20
12,7649,0.2932553556026748,3.080450919042017e-06,0.7067412949791475,2.6896725749982526e-07,2,20,20
12,7650,0.48398617207235256,3.327781251687931e-06,0.5160101804596522,3.196867438741057e-07,2,20,20
12,7651,0.4998231921348243,0.00021718757285452242,0.4999596202838741,8.446939602391374e-12,2,20,20
12,7652,0.7041821623655319,6.137928210645037e-06,0.29581120369555497,4.960107013976513e-07,2,20,20
12,7653,0.2102980330484629,6.1380370437897855e-06,0.7896945115165773,1.3173979164365556e-06,2,20,20
12,7654,0.20436277688251364,6.474514165573269e-06,0.7956302249227041,5.236806171508457e-07,2,20,20
12,7655,0.4996733678945935,8.631414168732737e-11,0.5003266311071198,9.119730218326902e-10,2,20,20
12,7656,0.511944678939276,2.170558941524846e-10,0.48805362519735357,1.6956463146755047e-06,2,20,20
12,7657,0.48807525390411605,5.797049034275715e-09,0.5119231658591843,1.5744396506510653e-06,2,20,20
12,7658,0.28978707792976627,1.5566791359536865e-07,0.7102104897462109,2.276656109309357e-06,2,20,20
12,7659,0.7861857300069345,1.4991118138526253e-07,0.21381341229591957,7.077859647122587e-07,2,20,20
12,7660,0.9996159578363355,8.108592131021433e-11,0.00038404132154261014,7.6103570887781e-10,2,20,20
12,7661,0.5122184388195319,1.256516089884755e-08,0.487781548605685,9.62207458532066e-12,2,20,20
12,7662,0.49382168779083135,1.197314519503555e-10,0.5061782727824344,3.930700593157152e-08,2,20,20
12,7663,0.36278491493297077,4.9504173084113664e-08,0.6372145878081159,4.4775473986105945e-07,2,20,20
12,7664,0.4984721226265367,1.1419787172310651e-10,0.5015278767135277,5.457379768096919e-10,2,20,20
12,7665,0.5002960499167814,6.529094347573358e-06,0.4996974112454791,9.743392572263952e-09,2,20,20
12,7666,0.9249674691512131,0.000142560227047222,0.07488974339870097,2.2722303833980177e-07,2,20,20
12,7667,0.9984233556496995,2.0235552061129504e-11,0.001576644326535132,3.5296332080206764e-12,2,20,20
12,7668,0.8747375815977322,5.6733081734481583e-08,0.12526234739041536,1.4278770727308352e-08,2,20,20
12,7669,0.4987763730099731,3.557973553463934e-05,0.5011877394827735,3.077717202599692e-07,2,20,20
12,7670,0.9255908500879166,1.6584161537543385e-14,0.0744091445106456,5.401420992683045e-09,2,20,20
12,7671,0.14941200427153642,4.83546041120587e-06,0.8499987024111946,0.0005844578568573665,2,20,20
12,7672,0.06943978151689549,0.00024363670850254795,0.9303165326416009,4.9133002127920525e-08,2,20,20
12,7673,3.6964864377950187e-06,0.00024363639452267796,0.9997526608447443,6.274296872014792e-09,2,20,20
12,7674,2.608851494773585e-05,0.00024383473117230349,0.999730076641852,1.1202814382175945e-10,2,20,20
12,7675,0.07036512392268249,0.00020195973269276503,0.9294329111321658,5.2124592288032244e-09,2,20,20
12,7676,0.07036254453374466,0.0002533593521333142,0.929384096098705,1.5418007290972468e-11,2,20,20
12,7677,2.8788274729021512e-08,0.007058365530662861,0.9929415520490653,5.363199586662092e-08,2,20,20
12,7678,4.0159178199502334e-05,6.422646750317513e-08,0.9999597209583198,5.563701284665255e-08,2,20,20
12,7679,5.8108141692480935e-08,1.5533128252568082e-07,0.9999997361145592,5.044601606774085e-08,2,20,20
12,7680,0.012195729998421079,0.0005040111753392575,0.9872040886084679,9.617021777126246e-05,2,20,20
12,7681,0.40585182368651745,0.0002020305310000086,0.5931463332731972,0.0007998125092848825,2,20,20
12,7682,0.49901254765000597,5.379847674589824e-09,0.5009874464178465,5.522998751660898e-10,2,20,20
12,7683,0.04061858217899268,1.620250669227148e-05,0.9593638820949508,1.3332193633251444e-06,2,20,20
12,7684,0.4743517643203314,1.486192581149201e-10,0.5256482351545007,3.7654846342700077e-10,2,20,20
12,7685,0.19992393416808346,1.0841683906163662e-05,0.8000651902868414,3.3861168961139894e-08,2,20,20
12,7686,0.5162451678266601,0.00038769557370011744,0.4815187312545664,0.001848405345073118,2,20,20
12,7687,0.5164444975249396,0.0003876955640134103,0.4813194027050063,0.0018484042060403231,2,20,20
12,7688,0.475459060928208,4.432065213757109e-09,0.524475208039908,6.57265998186056e-05,2,20,20
12,7689,0.4998186494671204,4.85140320549841e-12,0.5001813201123192,3.041570787791344e-08,2,20,20
12,7690,0.6638902303245804,1.9039018924485586e-06,0.3361032475071218,4.618266404352964e-06,2,20,20
12,7691,0.3095664152175443,2.0533529325660396e-06,0.6904269005575626,4.630871959924345e-06,2,20,20
12,7692,0.36001937872800327,0.00034659855084838887,0.6379820344075501,0.0016519883135986545,2,20,20
12,7693,0.3449907686580902,3.2678540734079205e-07,0.6550088751852551,2.9371246480262858e-08,2,20,20
12,7694,0.478109864873232,0.0007392562267609773,0.5211486912154941,2.1876845128214966e-06,2,20,20
12,7695,0.9253221305918066,4.251646754575031e-12,0.07467786901729054,3.8665091358053356e-10,2,20,20
12,7696,0.42563946658552776,4.631039848268469e-12,0.5676775229504509,0.006683010459388957,2,20,20
12,7697,0.5199133327576752,9.469099791873873e-12,0.4800839130808714,2.754151984185772e-06,2,20,20
12,7698,0.020631785451124297,1.2068048950394642e-06,0.9793642517900341,2.7559539456583535e-06,2,20,20
12,7699,0.0012740823609470487,0.003036384812374674,0.9956894515384312,8.12882464568556e-08,2,20,20
12,7700,0.0003718011211261279,2.654845182314649e-06,0.9996253211702844,2.2286340805166808e-07,2,20,20
12,7701,0.0001340865157878587,2.710636715749071e-06,0.9998629808027648,2.2204473049729537e-07,2,20,20
12,7702,0.00013386382043176285,0.004905209232165399,0.9949609223958765,4.551525574673744e-09,2,20,20
12,7703,0.12424541813903145,0.005089161689580138,0.8706652671635833,1.5300780602221947e-07,2,20,20
12,7704,2.8989288762903573e-07,0.005221184734437477,0.9947785184557582,6.916916507528668e-09,2,20,20
12,7705,0.0009074864328081821,8.971853716470631e-05,0.9990027909364101,4.093616620172858e-09,2,20,20
12,7706,0.00019356121920091255,3.675485804387321e-05,0.9997666330109948,3.0509117602588357e-06,2,20,20
12,7707,0.5004511129312792,0.000555281096132244,0.49630056413209805,0.0026930418404903216,2,20,20
12,7708,0.4965009153573811,0.000555285602176445,0.5002507568164374,0.0026930422240051396,2,20,20
12,7709,0.01084816602822411,0.0004933377614752955,0.852279628568658,0.13637886764164248,2,20,20
12,7710,0.00010342627047029371,2.4694530562719312e-06,0.9623123764193042,0.03758172785716912,2,20,20
12,7711,0.04565909764226905,9.720110756127441e-10,0.9534826667277848,0.000858234657934443,2,20,20
12,7712,3.1800741871577825e-12,9.720109127819651e-10,0.49922435884550087,0.5007756401793082,2,20,20
12,7713,8.82180623446171e-16,1.89896199907918e-15,8.406161613906997e-05,0.9999159383838583,2,20,20
12,7714,8.82180623446171e-16,1.89896199907918e-15,8.406161613906999e-05,0.9999159383838583,2,20,20
12,7715,3.350742851768525e-18,9.417401957786145e-16,1.4861410670612717e-06,0.999998513858932,2,20,20
12,7716,1.1386593373180612e-14,6.1052351456614154e-12,0.001702485805223316,0.99829751418866,2,20,20
12,7717,9.923163100204861e-15,3.091676580909029e-12,0.003330664584395701,0.996669335412503,2,20,20
12,7718,1.6014184500037324e-17,5.364387193249244e-14,2.0347981823114147e-05,0.9999796520181232,2,20,20
12,7719,7.134649913847341e-16,1.683094653750269e-17,2.034214785481965e-05,0.9999796578521443,2,20,20
12,7720,7.253199114257091e-16,1.881559696420677e-15,0.004684119435184038,0.9953158805648132,2,20,20
12,7721,7.160881551382485e-16,2.8061434114567737e-15,0.004692329132978414,0.9953076708670179,2,20,20
12,7722,9.006599331460115e-16,5.0408568305182463e-17,4.4487394233344584e-07,0.9999995551260569,2,20,20
12,7723,4.802672491992705e-13,4.529763299022817e-14,0.07820261460195939,0.9217973853975151,2,20,20
12,7724,4.314535644729059e-19,3.3037798843359037e-17,8.26289063162024e-05,0.9999173710936837,2,20,20
12,7725,8.762888757842322e-16,6.605121206108203e-17,1.127434590905621e-06,0.9999988725654083,2,20,20
12,7726,8.790694795946482e-16,9.744329627569925e-16,2.038355492373245e-05,0.9999796164450746,2,20,20
12,7727,2.277118483108862e-12,3.059176689287234e-12,0.00010414689010361193,0.9998958531045602,2,20,20
12,7728,3.994960877791888e-14,3.057327584252756e-12,0.00014262353789204704,0.999857376459011,2,20,20
12,7729,7.254853428491031e-16,1.70991459122359e-17,0.00011878905678426168,0.9998812109432152,2,20,20
12,7730,7.133292880271027e-16,1.7395732326177517e-17,2.1096967504615124e-06,0.9999978903032488,2,20,20
12,7731,1.4019362597207122e-15,5.503228671364863e-14,0.006282863799922644,0.993717136200021,2,20,20
12,7732,1.2782738177569922e-17,9.419118579147212e-16,5.982365846545503e-05,0.9999401763415338,2,20,20
12,7733,7.012020637070369e-16,1.738072073663676e-17,2.082021903540077e-06,0.9999979179780957,2,20,20
12,7734,1.5738933583751152e-15,5.442692331364417e-14,0.0016201885660640212,0.9983798114338797,2,20,20
12,7735,2.272241666578469e-12,9.722656660451657e-16,0.0011552538944730772,0.9988447461032536,2,20,20
12,7736,2.2722449511325872e-12,9.725503455765247e-16,0.0011552540047231187,0.9988447459930037,2,20,20
12,7737,4.038329163658612e-14,5.3322037826733643e-14,0.0033307343985299357,0.9966692656013765,2,20,20
12,7738,1.2458394880387538e-17,9.413526593433766e-16,5.884263295285255e-05,0.9999411573670461,2,20,20
12,7739,7.039047748308535e-16,9.420256514798668e-16,1.076349888909236e-06,0.9999989236501095,2,20,20
12,7740,1.0655422523581567e-14,3.047936374882139e-12,0.0016195280316838396,0.9983804719652576,2,20,20
12,7741,2.9603808836754264e-14,1.2616282531301223e-10,0.13828944080366445,0.8617105590701433,2,20,20
12,7742,7.253802266470625e-16,5.458084526795005e-14,7.910765215454362e-05,0.9999208923477902,2,20,20
12,7743,2.0005339702822112e-16,1.8990741308622107e-15,2.069384684110942e-05,0.999979306153157,2,20,20
12,7744,1.7829688184339032e-16,8.794084056810448e-19,8.422053084094384e-05,0.9999157794691589,2,20,20
12,7745,7.007512515748396e-16,9.416322944669403e-16,5.881113903482519e-05,0.9999411888609637,2,20,20
12,7746,8.760165056096052e-16,5.364634386451583e-14,2.503423479720192e-06,0.999997496576466,2,20,20
12,7747,7.038401223846507e-16,9.580911597699906e-16,8.260464662515892e-05,0.9999173953533733,2,20,20
12,7748,7.038902444243614e-16,9.580911581129814e-16,8.4035082336084e-05,0.9999159649176623,2,20,20
12,7749,3.8132022367490066e-19,1.7101151092531058e-17,1.492963141007067e-06,0.999998507036859,2,20,20
12,7750,3.9939435764347235e-14,3.3600566052495086e-17,6.144673135873415e-05,0.9999385532686014,2,20,20
12,7751,9.98519615434605e-15,5.45804881854377e-14,5.885730547342864e-05,0.9999411426944623,2,20,20
12,7752,3.2140957909164514e-11,5.4102511243890946e-14,0.004676499738212392,0.9953235002295926,2,20,20
12,7753,3.214095790808948e-11,5.4118577539922775e-14,0.004757611017720673,0.9952423889500843,2,20,20
12,7754,2.469506192394994e-17,1.898946830127911e-15,8.404556746562801e-05,0.9999159544325326,2,20,20
12,7755,5.68072494238791e-13,1.0704446392907176e-13,0.0011539377390241798,0.9988460622603008,2,20,20
12,7756,1.7546204241452837e-16,3.332280479698107e-17,1.518298139100836e-06,0.9999984817018608,2,20,20
12,7757,3.993926225733909e-14,5.364029458410615e-14,5.8847014593503524e-05,0.9999411529853129,2,20,20
12,7758,4.882007368356546e-19,1.7380705362263763e-17,1.4753681200043758e-06,0.9999985246318799,2,20,20
12,7759,1.874875436468948e-16,3.360240469802125e-17,1.5186024151408384e-06,0.9999984813975846,2,20,20
12,7760,2.7915181705474237e-19,5.9985584561407e-19,4.505837221448736e-08,0.9999999549416279,2,20,20
12,7761,1.2568045365229656e-17,1.7099178704967684e-17,5.881782865095814e-05,0.9999411821713491,2,20,20
12,7762,2.2769571297936623e-12,5.460342761044229e-14,3.97740390854287e-06,0.9999960225937601,2,20,20
12,7763,6.763943930375292e-14,2.0831241369742302e-11,0.44127853107514303,0.5587214689039584,2,20,20
12,7764,7.379110366579867e-09,6.1631283062982364e-12,0.0012880181829119449,0.9987119744318146,2,20,20
12,7765,5.692080403232724e-13,5.458749964839784e-14,2.5467570998870013e-06,0.9999974532422766,2,20,20
12,7766,5.693862501054499e-13,5.5528359736407294e-14,4.465203047464366e-06,0.9999955347963279,2,20,20
12,7767,5.691955343222794e-13,5.458692547003374e-14,2.536151353430718e-06,0.999997463848023,2,20,20
12,7768,4.0647689651356475e-14,1.8990103681723907e-15,5.986733553949138e-05,0.9999401326644182,2,20,20
12,7769,8.789584649214763e-16,9.416422785697753e-16,6.02667069769792e-05,0.9999397332930211,2,20,20
12,7770,1.9061684721170615e-16,9.41750951836151e-16,2.531602387780836e-06,0.999997468397611,2,20,20
12,7771,1.5425535515099136e-17,9.579626647857099e-16,1.1010048351167675e-06,0.999998898995164,2,20,20
12,7772,3.136126130073215e-18,1.710115276993698e-17,7.015499151548971e-08,0.9999999298450086,2,20,20
12,7773,8.794871838081993e-16,4.982891076719595e-17,8.362905934775925e-05,0.9999163709406513,2,20,20
12,7774,5.0601898227887526e-14,9.901214942593683e-09,0.001749819970506349,0.9982501701282281,2,20,20
12,7775,1.1392639909433897e-14,3.0584349468635346e-12,8.514926506315427e-05,0.999914850731867,2,20,20
12,7776,2.280153035776158e-12,1.7377665150495885e-10,0.0014885939636594464,0.9985114058602836,2,20,20
12,7777,1.7525385691034302e-16,1.7380707641317662e-17,1.4937604655735286e-06,0.9999985062395342,2,20,20
12,7778,8.763638204016394e-16,1.7427799215266463e-10,4.8802161516755196e-05,0.9999511976642045,2,20,20
12,7779,2.469506192395038e-17,1.8989468301279517e-15,8.404556746562845e-05,0.9999159544325327,2,20,20
12,7780,7.13117812576761e-16,9.582414611607975e-16,2.517287000466038e-06,0.9999974827129978,2,20,20
12,7781,1.5376278045182254e-17,3.332281718247815e-17,1.0762757741438895e-06,0.9999989237242259,2,20,20
12,7782,1.5427826555734728e-17,9.58133556140172e-16,5.883574485147451e-05,0.9999411642551477,2,20,20
12,7783,2.464586349772627e-17,9.740281554130424e-16,8.361073399333252e-05,0.9999163892660059,2,20,20
12,7784,1.585285244525776e-17,9.58096076243707e-16,8.293554814113904e-05,0.9999170644518577,2,20,20
12,7785,1.585497041535438e-17,9.743534044572932e-16,5.982389782582714e-05,0.9999401761021733,2,20,20
12,7786,7.010397147026626e-16,9.744631119715522e-16,2.49946232660711e-06,0.9999975005376718,2,20,20
12,7787,9.985696827301178e-15,5.3675991000537593e-14,2.95720706313195e-05,0.999970427929305,2,20,20
12,7788,1.068624743633363e-14,5.554149097470737e-14,3.001344947038017e-05,0.9999699865504637,2,20,20
12,7789,3.9958870545870355e-14,1.078915672783432e-13,0.0033316753336222506,0.99666832466623,2,20,20
12,7790,7.988744770966543e-14,5.646892921017375e-14,3.905197941569324e-06,0.9999960948019222,2,20,20
12,7791,3.994390502333003e-14,1.8826063957701616e-15,1.4406961979692084e-06,0.9999985593037604,2,20,20
12,7792,1.2357588195408985e-17,1.6821520253764242e-17,1.0585002301255653e-06,0.99999894149977,2,20,20
12,7793,2.7915181705473886e-19,5.998558456140657e-19,4.505837221448753e-08,0.9999999549416279,2,20,20
12,7794,8.759342916496475e-16,5.459709805894086e-14,5.9878067382837745e-05,0.999940121932562,2,20,20
12,7795,1.1744475716704937e-14,1.0790191039100174e-13,0.0033318267976168545,0.9966681732022635,2,20,20
12,7796,1.4201356795034588e-15,9.747269729109197e-16,2.133656378028094e-05,0.9999786634362176,2,20,20
12,7797,1.416848324446735e-15,9.906589364705233e-16,2.1745508018660833e-05,0.999978254491979,2,20,20
12,7798,1.8662022364195824e-17,1.898954544997705e-15,8.404568111428777e-05,0.9999159543188838,2,20,20
12,7799,1.585246973194486e-17,9.741476745514506e-16,2.033072121048067e-05,0.9999796692787888,2,20,20
12,7800,1.579947393290864e-17,9.415874711084378e-16,8.362812925241462e-05,0.9999163718707467,2,20,20
12,7801,3.995613387747572e-14,1.882601045174928e-15,2.535008759021402e-06,0.9999974649911991,2,20,20
12,7802,1.8759814205027254e-16,3.360748648526562e-17,1.5245374903403533e-06,0.9999984754625098,2,20,20
12,7803,1.875427691362641e-16,9.581335111352065e-16,6.026654517100327e-05,0.9999397334548281,2,20,20
12,7804,1.8755218939670086e-16,4.9544690822494027e-17,1.1012543709071556e-06,0.999998898745629,2,20,20
12,7805,7.133074665804562e-16,4.9548345124741325e-17,2.131939857946055e-05,0.99997868060142,2,20,20
12,7806,8.884845546517956e-16,3.0576596837859554e-12,4.981764036432065e-05,0.9999501823565774,2,20,20
12,7807,7.0737141405210635e-16,5.011760400326935e-17,2.1745183034342307e-05,0.999978254816965,2,20,20
12,7808,7.163762280916266e-16,5.3678506494577016e-14,2.27715071114626e-05,0.9999772284928343,2,20,20
12,7809,3.244308307881589e-11,1.0824571873821734e-13,3.143636194390468e-05,0.9999685636055048,2,20,20
12,7810,2.2766976593487646e-12,3.057691068310105e-12,2.176529046370694e-05,0.9999782347042019,2,20,20
12,7811,6.636170380700824e-18,9.579669733042837e-16,1.511220919097058e-06,0.99999848877908,2,20,20
12,7812,7.989021964701997e-14,1.0732396238089637e-13,4.969476980762848e-06,0.9999950305228321,2,20,20
12,7813,7.365393900170795e-09,1.7354506846582824e-10,0.002157758204276402,0.9978422342567848,2,20,20
12,7814,2.2765205580222763e-12,9.578649826417457e-16,6.001680195449892e-05,0.9999399831957682,2,20,20
12,7815,1.2568502158387626e-17,9.417401949730519e-16,1.4860126271390523e-06,0.9999985139873719,2,20,20
12,7816,1.8710446756668586e-17,1.8988978715577863e-15,0.00011107401137519235,0.9998889259886231,2,20,20
12,7817,7.164043259353954e-16,1.899056536990472e-15,2.95540544267006e-05,0.9999704459455709,2,20,20
12,7818,3.995911134206485e-14,3.361751545093325e-17,2.846100425210212e-06,0.9999971538995348,2,20,20
12,7819,1.3999211964362117e-15,3.038387209415993e-12,0.0033304825563849933,0.9966695174405753,2,20,20
12,7820,5.639017180452399e-13,5.316243050532348e-14,0.004665007100923914,0.9953349928984591,2,20,20
12,7821,5.691154005579768e-13,3.057344048134746e-12,8.529037485226562e-05,0.9999147096215213,2,20,20
12,7822,5.009232429361785e-14,1.742422746417899e-10,0.00017435288797568597,0.9998256469377319,2,20,20
12,7823,1.582741712258946e-15,3.1110963652187325e-12,8.931646571072888e-05,0.9999106835311766,2,20,20
12,7824,8.764477646559703e-16,9.579733061646928e-16,9.014637032041067e-07,0.9999990985362952,2,20,20
12,7825,4.992404358493076e-14,3.1647234838962647e-12,0.00011812507288862649,0.9998818749238969,2,20,20
12,7826,2.2768850077616764e-12,6.116076139736172e-12,8.1054246723046e-05,0.999918945744884,2,20,20
12,7827,1.8795282392778034e-16,3.057493861297923e-12,0.00011808657066515752,0.9998819134262772,2,20,20
12,7828,4.28310598181317e-14,8.382449595084939e-09,0.07813203497633933,0.921867956641168,2,20,20
12,7829,8.790920864367258e-16,5.3662928131163384e-14,3.7557552014556247e-06,0.9999962442447439,2,20,20
12,7830,1.2977718569689774e-10,3.11226089482895e-12,2.4582493950424633e-05,0.9999754173731601,2,20,20
12,7831,5.692766794437989e-13,6.109304268519099e-12,0.0011853133810771322,0.9988146866122445,2,20,20
12,7832,5.692879499663927e-13,3.111212719948933e-12,0.0011756098804910928,0.9988243901158284,2,20,20
12,7833,5.685967005310048e-13,5.353928837075496e-14,0.001153895872551494,0.9988461041268263,2,20,20
12,7834,1.0161109318684384e-14,2.8237429034184217e-15,2.550109068029578e-06,0.9999974498909192,2,20,20
12,7835,1.927107310147647e-15,5.552843124928949e-14,3.2852320991048428e-06,0.9999967147678435,2,20,20
12,7836,3.785338128719583e-14,1.2607861023157938e-10,0.13847869544495545,0.8615213044289283,2,20,20
12,7837,4.819314400149868e-13,5.461484535412769e-14,0.07832821286080846,0.921671787138655,2,20,20
12,7838,5.691027473732726e-13,9.740352391624946e-16,8.424545551690149e-05,0.999915754543913,2,20,20
12,7839,3.9942259099444716e-14,3.057454010417458e-12,6.050610771882668e-05,0.9999394938891839,2,20,20
12,7840,7.011703575384438e-16,3.304131111626929e-17,5.885596082057518e-05,0.999941144039179,2,20,20
12,7841,7.042475995150298e-16,1.7393792423082215e-17,5.8863697588603475e-05,0.9999411363024109,2,20,20
12,7842,3.243956428810245e-11,3.0582521956310698e-12,0.00014267287150820755,0.9998573270929941,2,20,20
12,7843,1.397059433962235e-15,5.330535053072198e-14,0.003387997126708068,0.9966120028732375,2,20,20
12,7844,8.713541021577337e-16,5.424649355017305e-14,0.003330242179477293,0.9966697578204677,2,20,20
12,7845,4.064838243967815e-14,9.909777041854433e-16,2.997074279209559e-05,0.9999700292571664,2,20,20
12,7846,3.2439611025084305e-11,5.4610996656003303e-14,8.465617810816893e-05,0.9999153437893977,2,20,20
12,7847,5.977391762598697e-13,2.63317940784864e-12,0.08278984118142764,0.9172101588153415,2,20,20
12,7848,5.693829648488625e-13,5.552835527326153e-14,4.042819818155159e-06,0.9999959571795568,2,20,20
12,7849,5.791936558281226e-13,1.0824860671953217e-13,4.994828585552878e-06,0.999995005170727,2,20,20
12,7850,5.699068424327621e-13,5.553791892187317e-14,0.0033316951448292024,0.9966683048545453,2,20,20
12,7851,7.148726828937721e-16,9.843164115879344e-16,0.0033302177318688016,0.9966697822681294,2,20,20
12,7852,3.726287943809144e-18,3.3322959753286946e-17,1.0514173177460834e-06,0.9999989485826821,2,20,20
12,7853,3.3206205650435377e-19,8.794540649320168e-19,1.468299237668292e-06,0.9999985317007624,2,20,20
12,7854,7.039029398030512e-16,3.3892111344436236e-17,4.256492077822977e-07,0.9999995743507915,2,20,20
12,7855,1.9055374715227223e-16,9.744164216525252e-16,2.8558354997712162e-05,0.999971441645001,2,20,20
12,7856,9.988983346212476e-15,9.744632722282692e-16,1.536579097345113e-06,0.9999984634208918,2,20,20
12,7857,2.287210238693601e-12,9.909758723841492e-16,6.072876992107719e-05,0.999939271227791,2,20,20
12,7858,2.0672360996291388e-14,3.058632251539814e-12,2.323201109814221e-05,0.9999767679858227,2,20,20
12,7859,1.1466076546090308e-10,1.540467463438128e-10,0.058242569413469135,0.9417574303178233,2,20,20
12,7860,1.1466145107631975e-10,1.5399311767042183e-10,0.05824147295689272,0.9417585267744526,2,20,20
12,7861,1.1470069393957671e-10,1.5399498317053889e-10,0.05824149950090498,0.9417585002303994,2,20,20
12,7862,1.8661671607510834e-17,9.579719661324032e-16,1.5112209202460846e-06,0.9999984887790792,2,20,20
12,7863,6.093032295821524e-13,1.0916967830859534e-13,2.2904215865643946e-05,0.999977095783416,2,20,20
12,7864,5.660740420776541e-13,9.867839837639096e-09,0.003371809006641754,0.9966281811249521,2,20,20
12,7865,5.653735420254028e-13,9.867839837359528e-09,0.0033708023961717655,0.996629187735423,2,20,20
12,7866,1.2834410651081256e-17,4.954971602648736e-17,9.33041363287413e-08,0.9999999066958636,2,20,20
12,7867,1.754865808847914e-16,3.304052488193119e-17,8.265005260247332e-05,0.9999173499473973,2,20,20
12,7868,2.2764187027920162e-12,1.0729018992817759e-13,8.306140858881617e-05,0.9999169385890274,2,20,20
12,7869,1.7546204241452837e-16,3.332280479698108e-17,1.5182981391008266e-06,0.9999984817018608,2,20,20
12,7870,2.8901841742094345e-14,2.2124820886845827e-12,0.1382241151307775,0.8617758848669813,2,20,20
12,7871,7.012011514735939e-16,1.6821522165887203e-17,1.086354240710098e-06,0.9999989136457587,2,20,20
12,7872,4.01179526271937e-14,9.579408983110243e-16,2.0349758371894923e-05,0.9999796502415872,2,20,20
12,7873,3.506027125237873e-18,5.99855866706597e-19,8.737108294849554e-08,0.9999999126289172,2,20,20
12,7874,2.2768868430842727e-12,9.747630313681512e-16,2.2263735051847612e-05,0.9999777362626703,2,20,20
12,7875,2.2768712605143643e-12,4.982803687895701e-17,2.288183538238082e-05,0.9999771181623408,2,20,20
12,7876,1.9994192903100524e-16,1.7400804530332847e-17,4.341059984241646e-07,0.9999995658940013,2,20,20
12,7877,4.3145356447290893e-19,3.303779884335914e-17,8.262890631620264e-05,0.9999173710936838,2,20,20
12,7878,1.0511503331595738e-15,5.460342704233402e-14,3.5419096394389865e-06,0.9999964580903051,2,20,20
12,7879,1.4048470854752253e-15,5.45976715478724e-14,6.0288176528637725e-05,0.9999397118234155,2,20,20
12,7880,4.038858242542697e-14,5.000989383953565e-17,0.0033410671521627226,0.9966589328477968,2,20,20
12,7881,2.78785710702037e-17,4.9829249499680224e-17,1.0763859590035662e-06,0.9999989236140412,2,20,20
12,7882,1.537260106636645e-17,3.3602449702967303e-17,8.780209561161101e-08,0.9999999121979046,2,20,20
12,7883,8.879845993961235e-16,1.7424131731150512e-10,0.00015408193816163183,0.9998459178875962,2,20,20
12,7884,2.317518204965528e-12,2.8564121550631694e-15,2.1885172757677682e-05,0.999978114824922,2,20,20
12,7885,3.995902926733839e-14,9.906909070096722e-16,1.5935714997652482e-06,0.9999984064284594,2,20,20
12,7886,6.5788675359615e-18,1.8824482117286076e-15,8.404557163672602e-05,0.9999159544283616,2,20,20
12,7887,7.163208876158649e-16,1.882497995484526e-15,6.0259293843930064e-05,0.9999397407061537,2,20,20
12,7888,4.06565767565285e-14,5.4603318429552356e-14,6.127688609794509e-05,0.9999387231138068,2,20,20
12,7889,3.233994699395898e-11,5.4429814708710955e-14,0.0016780441704028373,0.998321955797203,2,20,20
12,7890,2.8285255754294377e-19,1.6821519648493976e-17,1.0335323083551425e-06,0.9999989664676916,2,20,20
12,7891,5.0724625097530985e-16,3.8827450752163836e-14,0.13822396565772455,0.8617760343422358,2,20,20
12,7892,1.2108834046330828e-19,5.998541926261141e-19,1.4509575371305394e-06,0.9999985490424629,2,20,20
12,7893,9.442888405157903e-18,9.905295975555098e-16,8.361108708512782e-05,0.9999163889129141,2,20,20
12,7894,3.4024617196873976e-17,1.8991192365329785e-15,1.9918750884204483e-06,0.9999980081249096,2,20,20
12,7895,2.0595226972571145e-16,9.744774684806112e-16,8.313124895030507e-05,0.9999168687510483,2,20,20
12,7896,3.1005072529069694e-17,9.744801935038839e-16,5.682614514412478e-07,0.9999994317385476,2,20,20
12,7897,1.0698890383638722e-14,9.579670244782734e-16,6.149003172032925e-05,0.9999385099682683,2,20,20
12,7898,5.693566207826908e-13,1.899349516108862e-15,3.0496596105637624e-05,0.9999695034033234,2,20,20
12,7899,9.986555936046294e-15,9.57687204330241e-16,1.5695037210811015e-06,0.9999984304962682,2,20,20
12,7900,2.286509934173697e-12,1.8990036299009057e-15,6.0769754417184905e-05,0.9999392302432948,2,20,20
12,7901,8.759644592331584e-16,5.364578466493074e-14,2.485954073048659e-06,0.9999975140458723,2,20,20
12,7902,8.915377771634073e-16,5.366256996331732e-14,2.2771511465289703e-05,0.9999772284884803,2,20,20
12,7903,1.9078414412366276e-16,9.417503445398567e-16,1.4775482045523188e-06,0.9999985224517942,2,20,20
12,7904,1.2919476379736343e-10,3.044099896235979e-12,0.002244110166935047,0.9977558897008261,2,20,20
12,7905,1.291947638494098e-10,3.0441004554357235e-12,0.002244127634865397,0.9977558722328957,2,20,20
12,7906,5.697994119622025e-13,1.7426543014587847e-10,8.753831035746999e-05,0.9999124615148073,2,20,20
12,7907,6.097430073026881e-13,1.7426638722919753e-10,8.859450159254072e-05,0.9999114053235314,2,20,20
12,7908,1.2980972090124332e-10,1.9317933720682414e-15,2.9820817417166668e-05,0.9999701790527713,2,20,20
12,7909,7.254100147488433e-16,9.422064386644151e-16,6.085794378236465e-05,0.999939142056216,2,20,20
12,7910,9.991945673921521e-15,9.425530183503952e-16,2.9989411668785914e-05,0.9999700105883202,2,20,20
12,7911,1.647354994049958e-12,3.881523468675482e-14,0.13822920049065915,0.8617707995076547,2,20,20
12,7912,8.00569362959946e-14,1.742654631274278e-10,0.00011603504851987134,0.9998839647771345,2,20,20
12,7913,4.013425108938774e-14,2.823761955346357e-15,2.8952018960112125e-06,0.9999971047980616,2,20,20
12,7914,5.011656644125669e-14,1.883190610184714e-15,0.00017651550144127365,0.999823484498507,2,20,20
12,7915,1.01606956977816e-14,1.173996120228326e-18,0.00017657544481884872,0.9998234245551709,2,20,20
12,7916,3.968110931555314e-14,9.351965680847592e-16,0.0033308453011936436,0.9966691546987658,2,20,20
12,7917,5.74473507487207e-13,7.345848926485531e-15,0.44460691648329975,0.5553930835161184,2,20,20
12,7918,5.347955844111927e-13,6.4112522134280935e-15,0.4412775718243866,0.5587224281750722,2,20,20
12,7919,0.0002154441287456581,6.4689472914156524e-09,0.4997845750691183,0.49999997433318805,2,20,20
12,7920,0.49364143314486564,7.744246721039276e-11,0.006358571585332196,0.4999999951923598,2,20,20
12,7921,0.49364143314490627,7.744246749991388e-11,0.006418542816978159,0.49994002396067333,2,20,20
12,7922,0.4963926089499506,5.366741829007755e-14,0.003629203918600828,0.4999781871313951,2,20,20
12,7923,0.33849854814392816,9.819413772257174e-06,0.3361142427560253,0.3253773896862735,2,20,20
12,7924,0.005887508214318034,3.4414719830214827e-07,0.49411362189890023,0.4999985257395828,2,20,20
12,7925,0.019603944522103643,1.7821071228126945e-10,0.480397434961514,0.4999986203381711,2,20,20
12,7926,0.01199577935934669,3.7927172250299865e-12,0.4880056948826963,0.4999985257541641,2,20,20
12,7927,1.549108508089611e-05,3.634124799317231e-07,0.49998558987100056,0.49999855563143875,2,20,20
12,7928,1.549108508142166e-05,3.6341253355435726e-07,0.5000429356917575,0.49994120981062706,2,20,20
12,7929,9.053109718571583e-15,0.49998278939671686,7.603118963039524e-05,0.4999411794136436,2,20,20
12,7930,1.0563150830663774e-11,0.47813124022992043,0.02192758034589481,0.4999411794136216,2,20,20
12,7931,1.0602389136317879e-11,0.4781312402299205,0.0219275807106408,0.49994117904883645,2,20,20
12,7932,2.710907149660622e-12,0.4994659801352303,0.0005350697184116621,0.49999895014364704,2,20,20
12,7933,2.7514363521380447e-12,0.4994659801352838,0.001687729059329974,0.4988462908026347,2,20,20
12,7934,1.0400326016806873e-15,0.4995996223356576,0.00040044099680650106,0.49999993666753517,2,20,20
12,7935,4.6515762537185896e-14,0.47811525869113686,0.02188480464130231,0.4999999366675145,2,20,20
12,7936,7.636918045333915e-13,0.49989142407225423,0.0001927777810245981,0.4999157981459576,2,20,20
12,7937,2.484820998878895e-16,0.4999881698679798,1.3304896388104882e-05,0.49999852523563193,2,20,20
12,7938,7.660171583949365e-17,0.4999881698679807,0.0046756436173753324,0.49533618651464395,2,20,20
12,7939,1.5932560442678342e-15,0.4999948380053019,6.397119549155356e-05,0.49994119079920507,2,20,20
12,7940,1.5932560442678342e-15,0.49999483800530187,6.397119549155354e-05,0.49994119079920507,2,20,20
12,7941,1.677630223809378e-17,0.4999948380053009,5.180989555977137e-06,0.49999998100514303,2,20,20
12,7942,2.2765405244409348e-12,0.49999483800530187,6.439845659272125e-05,0.49994076353582884,2,20,20
12,7943,1.7613519265421522e-10,0.14049377513595102,0.35956539769672347,0.49994082699118986,2,20,20
12,7944,3.244048127413866e-11,0.4923651298544998,0.009200367129686433,0.49843450298337355,2,20,20
12,7945,1.0696207440469728e-13,0.4923651300271625,0.01231215551280928,0.4953227144599213,2,20,20
12,7946,1.0017127608065965e-12,0.1771980671209381,0.32286076123493407,0.49994117164312574,2,20,20
12,7947,1.0070059592834532e-14,0.47851915539588835,0.021481927126823123,0.49999891747727876,2,20,20
12,7948,8.768229691252404e-14,0.4995995374057072,0.0005117916021978702,0.4998886709920071,2,20,20
12,7949,5.723178364497083e-13,0.4845157495785897,0.015638288705761484,0.49984596171507645,2,20,20
12,7950,1.830726180676439e-13,0.47851897334618576,0.021563604640056765,0.49991742201357425,2,20,20
12,7951,2.4541803142143566e-12,0.47851898325617925,0.022730224871119756,0.49875079187024673,2,20,20
12,7952,5.20172389386978e-14,0.49985231574716354,0.00023062220434959062,0.4999170620484348,2,20,20
12,7953,5.725130221127474e-13,0.49960636297221633,0.0005687380266142797,0.4998248990005967,2,20,20
12,7954,4.039931523825572e-15,0.49960636297221633,0.0003940115190286623,0.499999625508751,2,20,20
12,7955,5.731923513522774e-13,0.47851399888753676,0.02148851107412349,0.49999749003776645,2,20,20
12,7956,1.270908183960709e-11,0.47839355466717925,0.021627848601462146,0.4999785967186493,2,20,20
12,7957,1.8406825550234857e-09,0.4783935548396765,0.026763783544888065,0.4948426597747528,2,20,20
12,7958,1.0432389060731445e-11,0.4783935546671802,0.02160749857345326,0.49999894674893414,2,20,20
12,7959,1.0472337109372655e-11,0.4783935546671793,0.02166525415065855,0.4999411911716899,2,20,20
12,7960,4.412885260134817e-14,0.49998804550503767,7.076711392772506e-05,0.4999411873809904,2,20,20
12,7961,1.8538260517810595e-13,0.484108014527942,0.01922141067927724,0.49667057479259535,2,20,20
12,7962,5.764031902194431e-14,0.4998523465920252,0.0002302603059652003,0.49991739310195216,2,20,20
12,7963,7.084769155827791e-14,0.49932608194123074,0.0008490190509791056,0.49982489900771904,2,20,20
12,7964,2.330534977494336e-14,0.49971961595282127,0.0004554850382392925,0.499824899008916,2,20,20
12,7965,2.0858261082098546e-14,0.4997129086097883,0.0004621923824720863,0.49982489900771865,2,20,20
12,7966,4.75876676310832e-14,0.49959953750777636,0.0004005064827359097,0.4999999560094403,2,20,20
12,7967,4.774753995706645e-14,0.49959953750777636,0.00040336350571991116,0.49999709898645606,2,20,20
12,7968,1.9037380542939127e-13,0.4993260830743013,0.0006768179390522686,0.49999709898645606,2,20,20
12,7969,2.90948139883764e-12,0.4922399838495186,0.007762913260677379,0.4999971028868944,2,20,20
12,7970,1.9114899911113652e-16,0.49999288278138443,7.186160558635153e-06,0.49999993105805685,2,20,20
12,7971,3.6495068793544695e-16,0.003404872260018931,0.4965951643812316,0.49999996335874863,2,20,20
12,7972,2.7791202327996986e-07,0.27648326201368717,0.22311077127395992,0.5004056888003295,2,20,20
12,7973,1.0061454787151333e-14,0.49998817004188545,0.0011286496551322627,0.4988831803029724,2,20,20
12,7974,1.3328639562008286e-14,0.49971961612672694,0.001397203570288069,0.49888318030297174,2,20,20
12,7975,7.57636442669804e-13,0.4994391273320223,0.0021863913930487344,0.4983744812741714,2,20,20
12,7976,3.387246773389874e-15,0.47851906307137904,0.021509432599851577,0.4999715043287659,2,20,20
12,7977,1.2955855596366284e-11,0.49206298317222047,0.009091922842082842,0.4988450939727408,2,20,20
12,7978,1.0683622533391988e-11,0.49206298317222047,0.007938044923420122,0.49999897189367576,2,20,20
12,7979,4.0003582261128464e-14,0.49999487230702794,6.6621015956261895e-06,0.4999984655913366,2,20,20
12,7980,5.996596784838472e-17,0.499994872307027,5.146687829900668e-06,0.499999981005143,2,20,20
12,7981,1.004933418049721e-14,0.49999487230702705,5.67131170670598e-06,0.4999994563812563,2,20,20
12,7982,4.000356130833373e-14,0.499994872307028,6.202879064971304e-06,0.4999989248138671,2,20,20
12,7983,8.558494240957761e-17,0.49998816997508433,1.1873861742753908e-05,0.49999995616317294,2,20,20
12,7984,6.001243782307343e-17,0.499994872307027,5.178546320768318e-06,0.4999999491466522,2,20,20
12,7985,7.396389050278144e-09,0.4999948723101381,6.680032067324008e-05,0.49993831997279986,2,20,20
12,7986,3.3570980439896873e-15,0.49971290921211164,0.0003696692133332577,0.4999174215745519,2,20,20
12,7987,1.3562422960041874e-13,0.4992128563683043,0.001940843344814565,0.4988463002867456,2,20,20
12,7988,3.457762736379407e-07,0.49999360691827627,0.08997475526796825,0.41003129203748184,2,20,20
12,7989,4.186636091761518e-15,0.49960158107983127,0.0004572106985303331,0.49994120822163424,2,20,20
12,7990,4.756218189569029e-14,0.4992128568924301,0.0008459348870856806,0.4999412082204368,2,20,20
12,7991,4.756234080434956e-14,0.49921285689242917,0.0008459347464291825,0.49994120836109424,2,20,20
12,7992,5.77215610438495e-14,0.4992128568924292,0.0008703099473040292,0.4999168331602092,2,20,20
12,7993,1.2995870028638203e-10,0.4945397886137879,0.005489907111134959,0.4999703041451188,2,20,20
12,7994,4.675687011664803e-09,0.2651435087391838,0.23818567552016634,0.4966708110649627,2,20,20
12,7995,8.285661731488844e-16,0.48451584033534967,0.015485627120435592,0.4999985325442139,2,20,20
12,7996,2.7111754650873446e-12,0.49950949213419155,0.0004905266623062168,0.4999999812007909,2,20,20
12,7997,4.177575157904162e-15,0.4996015635677167,0.00048101478827581207,0.4999174216440032,2,20,20
12,7998,5.322839998061675e-14,0.49989630140914165,0.0012590704749713957,0.4988446281158338,2,20,20
12,7999,3.589293235466834e-15,0.4998963012352494,0.00010421727679105475,0.4999994814879559,2,20,20
12,8000,3.4262281399663338e-15,0.49989630123525036,0.0001862771882124864,0.49991742157653385,2,20,20
12,8001,4.000285201251844e-14,0.4999929170822429,7.619143694974837e-06,0.4999994637740224,2,20,20
12,8002,7.220048419256217e-17,0.49999487230702705,6.5773029725069135e-06,0.49999855039000046,2,20,20
12,8003,4.982701703425065e-14,0.4999948723100749,0.0016336136613910562,0.4983715140284843,2,20,20
12,8004,6.001243782307217e-17,0.499994872307027,5.178546320768328e-06,0.4999999491466522,2,20,20
12,8005,2.2777314693643027e-13,0.4784115551671596,0.021588481043790714,0.4999999637888221,2,20,20
12,8006,2.6011803328662576e-12,0.4785171205869302,0.021484335014286666,0.4999985443961822,2,20,20
12,8007,1.7253333200889682e-07,0.17164639282281569,0.3316826164867342,0.4966708181571182,2,20,20
12,8008,1.08519567661063e-11,0.49985432944745306,0.0001471202786787684,0.49999855026301626,2,20,20
12,8009,4.7611487050258495e-14,0.49998126513595775,2.0184600978243e-05,0.49999855026301654,2,20,20
12,8010,4.8487442800402044e-14,0.4999812651359587,2.020262061417714e-05,0.49999853224337876,2,20,20
12,8011,8.964669345214388e-16,0.4997129086097883,0.00028812382939331216,0.49999896756081746,2,20,20
12,8012,4.770993263062836e-14,0.4923666997999785,0.0076343325707312676,0.49999896762924245,2,20,20
12,8013,4.757537629917629e-14,0.49959953750777636,0.0004014949313586484,0.49999896756081746,2,20,20
12,8014,1.0382390908808106e-11,0.47822510854117173,0.021776340877868828,0.4999985505705771,2,20,20
12,8015,2.161261849761594e-08,0.30640317743268203,0.19359825052211277,0.49999855043258684,2,20,20
12,8016,2.1612618500545217e-08,0.3064031774327352,0.19826061841304476,0.4953361825416016,2,20,20
12,8017,2.161261884796127e-08,0.30640317743268297,0.19365236619871598,0.4999444347559822,2,20,20
12,8018,4.3273321905677417e-11,0.13986848064975532,0.3601518340077331,0.4999796852992382,2,20,20
12,8019,4.328191811367526e-11,0.13986848064975627,0.36015333261574917,0.4999781866912127,2,20,20
12,8020,4.327194496121971e-11,0.13986848064970167,0.36015182374312144,0.499979695563905,2,20,20
12,8021,8.390308559023935e-16,0.47851903471879836,0.02150126971614091,0.49997969556505995,2,20,20
12,8022,5.707853612367548e-13,0.003404870434097444,0.49662516252048333,0.49996996704484853,2,20,20
12,8023,1.5677915284910985e-09,0.003404870434098237,0.5727135543663022,0.423881573631808,2,20,20
12,8024,0.0016465459719256998,2.7225319739398356e-06,0.4983532119276393,0.49999751956846084,2,20,20
12,8025,0.0016465459719355105,2.7225319221763812e-06,0.49835255922456356,0.49999817227157917,2,20,20
12,8026,0.00164654597193621,2.722531973950247e-06,0.49841009638670875,0.49994063510938147,2,20,20
12,8027,0.001646545971926225,2.722531922176072e-06,0.498433306306177,0.49991742518997473,2,20,20
12,8028,0.001646545971942386,2.7225345003641348e-06,0.5764705774325795,0.4218801540609777,2,20,20
12,8029,0.0016465459719654679,2.7225319221763812e-06,0.49835255316021443,0.49999817833589816,2,20,20
12,8030,0.001646545971965468,2.7225319203108826e-06,0.49835178601431407,0.49999894548180035,2,20,20
12,8031,0.0007016547696092327,1.6822585921392038e-05,0.4994355366697225,0.4998459859747467,2,20,20
12,8032,8.810492760200445e-10,0.00017729983307168134,0.49997673308424445,0.4998459662016342,2,20,20
12,8033,5.674816931815843e-07,0.00017382324028851004,0.49997964748371493,0.499845961794303,2,20,20
12,8034,5.674816935068509e-07,0.0001738230661017709,0.4999082170089907,0.4999173924432137,2,20,20
12,8035,5.674816936076348e-07,0.00017382306910464676,0.49988607231568716,0.4999395371335142,2,20,20
12,8036,5.674794171019737e-07,0.00017382306604813447,0.4998270765186529,0.4999985329358815,2,20,20
12,8037,5.674794177857844e-07,0.00017382306610048186,0.5031547940731144,0.496670815381368,2,20,20
12,8038,5.67479417089899e-07,0.00017382306604720984,0.49982664138003463,0.4999989680745007,2,20,20
12,8039,4.192083485026062e-09,5.8272031347000224e-09,0.5000010219778123,0.4999989680029008,2,20,20
12,8040,1.717233963987551e-05,3.29290875291853e-07,0.4999819962851977,0.5000005020842873,2,20,20
12,8041,3.2953277301869614e-06,1.9074486829299218e-10,0.49991207289142187,0.5000846315901024,2,20,20
12,8042,0.010737671756162488,0.0010107636753672457,0.4882515825035981,0.49999998206487223,2,20,20
12,8043,3.8651760370397725e-06,2.056722249744427e-12,0.4999986374531776,0.49999749736872845,2,20,20
12,8044,3.865174329401643e-06,2.1094144751634705e-12,0.5000549738555203,0.4999411609680407,2,20,20
12,8045,0.00010906124652897275,3.219130969554739e-09,0.49989044874847577,0.5000004867858642,2,20,20
12,8046,0.00010906124657796141,3.3926394207907353e-09,0.5021437225609265,0.497747212799856,2,20,20
12,8047,2.6012362958897596e-06,2.7860975539791568e-06,0.45910692248429874,0.5408876901818512,2,20,20
12,8048,2.6012362468979766e-06,2.785924044586489e-06,0.4568543104899245,0.543140302349784,2,20,20
12,8049,6.11813459763481e-12,9.285758259787365e-10,0.4766618086827583,0.5233381903825476,2,20,20
12,8050,8.158302575617059e-08,1.3253457721493467e-10,0.49324760325449457,0.5067523150299456,2,20,20
12,8051,8.158302575013159e-08,1.3253366883794686e-10,0.4933016855919107,0.5066982326925301,2,20,20
12,8052,0.4874385108429055,8.03712051821989e-11,0.01264406711689347,0.49991742195982963,2,20,20
12,8053,0.4998893949233113,5.4944008370728655e-14,0.00011308950109216334,0.49999751557554145,2,20,20
12,8054,0.4082108398398802,1.0479544386226027e-07,0.09185877008246145,0.49993028528221445,2,20,20
12,8055,0.408210839869923,1.0496600852365516e-07,0.09370303795308783,0.49808601721098056,2,20,20
12,8056,0.4082108398376038,1.0479238564378203e-07,0.09177638710803533,0.5000126682619751,2,20,20
12,8057,0.4953728842366219,5.924227286553345e-11,0.004627146977078833,0.49999996872705704,2,20,20
12,8058,0.4953728842366319,5.924415459038738e-11,0.004629078970861342,0.4999980367332627,2,20,20
12,8059,0.49909062293474965,1.2497207049765973e-14,0.0009108162068363976,0.4999985608584015,2,20,20
12,8060,0.49909062293475037,6.611756164578276e-14,0.000991966477636752,0.4999174105875467,2,20,20
12,8061,0.49909062293474965,1.2481269918241587e-14,0.0009104047138055418,0.4999989723514323,2,20,20
12,8062,0.3621011774183569,6.3379810132340375e-06,0.13683484202785492,0.501057642572775,2,20,20
12,8063,0.4999987558293597,5.364121925776993e-14,8.425572730102568e-05,0.49991698844328575,2,20,20
12,8064,0.49948207171267345,8.105801367256524e-11,0.0005189644075497784,0.4999989637987189,2,20,20
12,8065,0.3393184188209093,1.2962158157173584e-07,0.16067068852186164,0.5000107630356476,2,20,20
12,8066,0.4057745112733781,2.9432372780644973e-06,0.09342376254032855,0.5007987829490154,2,20,20
12,8067,0.40577451127563613,2.953090161133276e-06,0.09754616804803991,0.4966763675861629,2,20,20
12,8068,0.49997234113818284,5.96056596787479e-14,0.0016531776688814043,0.4983744811928762,2,20,20
12,8069,0.4967099163611817,6.546670798849998e-08,0.0032904568017002368,0.49999956137040985,2,20,20
12,8070,0.4967099163611817,6.54667079887788e-08,0.0032908669061115603,0.49999915126599853,2,20,20
12,8071,0.49471692122409716,6.628980891822069e-08,0.005324399692822434,0.4999586127932716,2,20,20
12,8072,0.4497130244410361,2.1615314489812717e-11,0.05034742859445329,0.4999395469428952,2,20,20
12,8073,0.45280858147934344,3.341426107875847e-06,0.04724799029669245,0.49994008679785606,2,20,20
12,8074,0.38380129115935696,2.82239062528185e-06,0.11543126744153465,0.5007646190084833,2,20,20
12,8075,0.49840742349448836,3.9059105666971185e-11,0.0016513627066228058,0.4999412137598297,2,20,20
12,8076,0.009869345416341633,0.010603835870571178,0.4786267887045507,0.5009000300085364,2,20,20
12,8077,4.983173490768356e-10,0.007033255518510384,0.4929692255450694,0.4999975184381025,2,20,20
12,8078,4.764740339667957e-12,2.727046240482236e-09,0.5000010294646621,0.4999989678035272,2,20,20
12,8079,2.233667304748458e-11,4.521290183807371e-06,0.5033249037804922,0.4966705749069871,2,20,20
12,8080,0.0001304446333481834,5.55734998221347e-08,0.5031989248429457,0.4966705749502062,2,20,20
12,8081,1.2843365277237047e-06,7.866053556104889e-05,0.4999418234961855,0.49997823163172594,2,20,20
12,8082,1.49256496108419e-08,0.0002431504878578934,0.5767278396656942,0.4230289949207979,2,20,20
12,8083,1.4208659234013725e-08,4.350757073738658e-06,0.49999672668557016,0.49999890834869626,2,20,20
12,8084,1.4208658533252067e-08,4.35075707370621e-06,0.49999672054912975,0.4999989144851378,2,20,20
12,8085,1.4208698476818238e-08,4.350757074647075e-06,0.49999680552718456,0.49999882950704233,2,20,20
12,8086,3.6424975790245894e-06,3.2088681503803045e-07,0.4999975705534075,0.4999984660621983,2,20,20
12,8087,1.5439669138875872e-05,6.496772286462841e-09,0.5000412941686048,0.4999432596654841,2,20,20
12,8088,1.5439539983789944e-05,6.496816475121883e-09,0.5014088590145437,0.4985756949486561,2,20,20
12,8089,1.5439539376558268e-05,6.493714842826576e-09,0.4999856114476191,0.4999989425192896,2,20,20
12,8090,0.2000453454824782,1.4766408145307856e-06,0.30001187708136257,0.4999413007953445,2,20,20
12,8091,5.742279536361896e-07,3.0847604490705202e-06,0.4992021442806415,0.5007941967309552,2,20,20
12,8092,5.742279634146712e-07,3.084763443320253e-06,0.500762391070634,0.49923394993795894,2,20,20
12,8093,3.4237002412595074e-12,4.976114020999201e-08,0.4560663470934464,0.5439336031419898,2,20,20
12,8094,2.8545175305141815e-12,4.9761138344207894e-08,0.45606446016179136,0.5439354900742159,2,20,20
12,8095,1.5902538257047142e-09,1.501619486136082e-10,0.07825713278708996,0.9217428654724944,2,20,20
12,8096,3.9940296679524085e-14,5.365392303432135e-14,8.446098529643748e-05,0.9999155390146099,2,20,20
12,8097,1.9061679119465802e-16,9.744682663761907e-16,2.917349428949622e-06,0.99999708265057,2,20,20
12,8098,1.596086765848031e-17,4.983929578998303e-17,1.477395964506912e-06,0.9999985226040355,2,20,20
12,8099,4.0127637239945226e-14,5.46108520150467e-14,8.453246124042244e-05,0.999915467538665,2,20,20
12,8100,5.0101295692669336e-14,5.459464042314847e-14,8.503363892164173e-05,0.9999149663609739,2,20,20
12,8101,5.69129780054958e-13,3.0583785404123197e-12,6.048927364758529e-05,0.9999395107227251,2,20,20
12,8102,5.691040268170554e-13,5.363741685525667e-14,8.310915232352945e-05,0.9999168908470537,2,20,20
12,8103,3.59953175508242e-14,4.82299356590871e-14,0.058236225624737,0.9417637743751788,2,20,20
12,8104,3.775553041885261e-18,3.361252298780255e-17,8.760727641395335e-08,0.9999999123927235,2,20,20
12,8105,5.69104542304856e-13,5.3670190886005374e-14,8.366051746353165e-05,0.9999163394819137,2,20,20
12,8106,4.938262735839919e-19,1.710111952079965e-17,1.050874008892903e-06,0.9999989491259911,2,20,20
12,8107,7.010444436101714e-16,9.579619374544182e-16,1.4863283123452386e-06,0.9999985136716862,2,20,20
12,8108,4.064292252130446e-14,9.418769927914086e-16,0.0001425758468176464,0.9998574241531409,2,20,20
12,8109,1.8512726588136779e-09,1.7732306719870714e-10,9.069364331907857e-05,0.9999093043280853,2,20,20
12,8110,4.294628177042384e-12,7.041432881801035e-09,0.14561977022282852,0.8543802227314441,2,20,20
12,8111,1.0429308235519853e-07,3.0821831082336507e-12,0.0053035819949130494,0.9946963137089226,2,20,20
12,8112,1.0442163557783343e-07,1.7579798555817028e-10,0.009979788984728373,0.9900201064178382,2,20,20
12,8113,1.2857318368772156e-10,3.466099468607277e-10,0.005832661208223804,0.994167338316593,2,20,20
12,8114,9.975399949966344e-15,1.738922786297788e-10,0.0011554152270499393,0.9988445845990477,2,20,20
12,8115,8.363483381130362e-16,2.214103894185094e-12,0.13828286949377513,0.8617171305040101,2,20,20
12,8116,7.071826173948644e-16,1.68315954679809e-17,3.951153874401579e-06,0.999996048846125,2,20,20
12,8117,1.0515718469098308e-15,5.45785786300937e-14,0.00010292058353722308,0.9998970794164072,2,20,20
12,8118,6.036362279552575e-13,3.030205172055623e-12,0.009332524682052057,0.9906674753143143,2,20,20
12,8119,5.639164741076964e-13,9.33255862850945e-16,0.00466540031010989,0.9953345996893255,2,20,20
12,8120,2.7937084797678235e-17,9.420366518759742e-16,1.906019511964831e-06,0.9999980939804871,2,20,20
12,8121,1.0164056626417972e-14,9.747568232729757e-16,2.957938872509196e-05,0.9999704206112638,2,20,20
12,8122,8.883829942190958e-16,5.4594398470490175e-14,8.363260442796496e-05,0.9999163673955169,2,20,20
12,8123,4.0816302042977994e-14,1.0823125954684289e-13,0.00016520045577921735,0.9998347995440717,2,20,20
12,8124,2.3015727088986166e-12,3.0910991406087244e-12,0.003412028705753492,0.9965879712888538,2,20,20
12,8125,9.384503923993571e-11,1.2602428044646596e-10,0.13855953115611896,0.8614404686240118,2,20,20
12,8126,9.987421020310888e-15,9.58378432500907e-16,8.265086452381903e-05,0.9999173491354653,2,20,20
12,8127,9.98904103403995e-15,9.744633613591135e-16,1.5365791312829914e-06,0.9999984634208579,2,20,20
12,8128,9.998310619492494e-15,1.9151686995896568e-15,8.407103735047117e-05,0.9999159289626376,2,20,20
12,8129,4.992964351076569e-14,1.9153242222150313e-15,2.9660207256540777e-06,0.9999970339792226,2,20,20
12,8130,1.8368515340396551e-09,1.756323115367394e-10,0.06215586933399483,0.9378441286535215,2,20,20
12,8131,5.699431417905087e-13,1.7389226274206255e-10,0.0012715016196159646,0.9987284982059217,2,20,20
12,8132,8.800859762467881e-16,1.7389224595481575e-10,0.001158272672142614,0.9988417271539642,2,20,20
12,8133,3.245036586702212e-11,3.112034502092383e-12,6.155777277459198e-05,0.9999384421916633,2,20,20
12,8134,1.4136661139557977e-15,3.3605557917732286e-17,5.8856268595455956e-05,0.9999411437314032,2,20,20
12,8135,3.22985078115492e-11,3.097403343147316e-12,0.00225786069714632,0.9977421392674577,2,20,20
12,8136,3.2298495783259595e-11,3.097419285244438e-12,0.002257867587973357,0.9977421323766308,2,20,20
12,8137,8.936172369120873e-14,1.7249724998169522e-10,0.005157738179885,0.9948422616475284,2,20,20
12,8138,8.764225402456632e-16,5.367274597758516e-14,5.987073458200818e-05,0.9999401292653634,2,20,20
12,8139,7.01466975521411e-16,1.6831595476612845e-17,1.0863569452131724e-06,0.9999989136430539,2,20,20
12,8140,7.135156880621258e-16,9.680995179545426e-16,0.0033302306250550767,0.9966697693749431,2,20,20
12,8141,1.068665360847763e-14,9.578590267490872e-16,6.02728817528878e-05,0.9999397271182354,2,20,20
12,8142,7.039790333603678e-16,1.8824938058937286e-15,5.9849185942744e-05,0.9999401508140546,2,20,20
12,8143,1.8751609097190952e-16,3.057294865863795e-12,8.385088721220728e-05,0.99991614910973,2,20,20
12,8144,7.010970627826789e-16,3.360764136867829e-17,1.077485604652826e-06,0.9999989225143946,2,20,20
12,8145,7.013089490394693e-16,4.982930516753737e-17,2.090496086802432e-06,0.9999979095039127,2,20,20
12,8146,1.1353018226540687e-14,3.0479218280290417e-12,0.0016255270802680718,0.998374472916673,2,20,20
12,8147,7.135453993516169e-16,3.332804093323989e-17,2.1081945308478976e-06,0.9999978918054686,2,20,20
12,8148,1.8662681010489444e-17,9.90575069453657e-16,5.9824331669302796e-05,0.9999401756683299,2,20,20
12,8149,8.759451430912561e-16,2.8397471243872682e-15,6.025974429009702e-05,0.9999397402557064,2,20,20
12,8150,7.0403659611123e-16,9.579308330563901e-16,2.0331930528670843e-05,0.9999796680694699,2,20,20
12,8151,1.0682113243675981e-14,5.330564208169965e-14,0.003331135486141404,0.9966688645137948,2,20,20
12,8152,7.225771490731118e-15,2.2513141283840395e-12,0.1382255286675975,0.8617744713301441,2,20,20
12,8153,1.2676346885221215e-17,3.389207561159531e-17,1.493295191653818e-06,0.9999985067048084,2,20,20
12,8154,5.638916969154697e-13,9.497463981541161e-16,0.00467507251022071,0.9953249274892144,2,20,20
12,8155,3.994996435318496e-14,5.3662570672778085e-14,3.100514547776041e-05,0.9999689948544285,2,20,20
12,8156,1.8155482371106447e-16,1.7390662929156536e-17,2.9995172574687268e-05,0.9999700048274249,2,20,20
12,8157,9.437092887540042e-18,1.169010898338007e-18,2.8571566851422394e-05,0.9999714284331485,2,20,20
12,8158,3.994853854141899e-14,9.582205277218e-16,4.885285391744361e-05,0.9999511471460416,2,20,20
12,8159,9.992252639982169e-15,5.367878734633524e-14,3.934715374813937e-06,0.9999960652845614,2,20,20
12,8160,1.9712719002796997e-16,5.3676005063017394e-14,2.995182537884367e-05,0.9999700481745672,2,20,20
12,8161,4.215734049842098e-07,3.16411032907644e-12,0.00474970370080242,0.9952498747226288,2,20,20
12,8162,4.2157340412866377e-07,3.1109816460849003e-12,8.733572627737509e-05,0.9999122426972078,2,20,20
12,8163,4.215734049953542e-07,3.1645918846073706e-12,0.0001143997867628552,0.9998851786366677,2,20,20
12,8164,5.995447427060869e-16,1.6047373484203745e-15,0.07812123565952192,0.921878764340476,2,20,20
12,8165,1.83586096174316e-10,9.695404315759488e-10,0.5772639953041808,0.4227360035426925,2,20,20
12,8166,2.1660981511326085e-07,2.908916213835887e-07,0.5780402256976075,0.4219592668009561,2,20,20
12,8167,2.395542352173252e-07,1.4670923600715519e-05,0.49599796242392064,0.5039871270982433,2,20,20
12,8168,4.779190451189689e-09,2.2623180790614598e-10,0.5046749924397792,0.4953250025547982,2,20,20
12,8169,0.49840154765373257,3.750457634535079e-12,0.006262597872305585,0.4953358544702112,2,20,20
12,8170,0.4984015476238677,7.221165064352983e-13,0.0015998549378897923,0.4999985974375204,2,20,20
12,8171,0.36380119666529254,1.6901560764115164e-11,0.2747076035664836,0.3614911997513223,2,20,20
12,8172,0.4142278709115422,9.417233253502698e-10,0.08583094875721899,0.4999411793895153,2,20,20
12,8173,0.4142278709115417,9.41669702436541e-10,0.08577360283421158,0.4999985253125768,2,20,20
12,8174,0.4142278709115415,9.416697024415692e-10,0.08577250255876613,0.49999962558802247,2,20,20
12,8175,0.41422787091155217,9.447269323242672e-10,0.08586383513257735,0.4999082930111434,2,20,20
12,8176,0.4988458737560376,8.189342308983121e-11,0.0012285812332395497,0.4999255449288295,2,20,20
12,8177,0.45182219990406186,3.163691490961447e-13,0.048178318476541505,0.4999994816190802,2,20,20
12,8178,0.4219575654770051,1.9171916615357067e-09,0.07802836241804781,0.5000140701877556,2,20,20
12,8179,0.49900651403683177,1.0411484392051326e-12,0.0009939815791952145,0.49999950438293184,2,20,20
12,8180,0.4225910153867526,5.4742827057822476e-08,0.07740942165864853,0.4999995082117718,2,20,20
12,8181,0.421453176969093,3.0981165564668748e-06,0.07855890998202249,0.49998481493232794,2,20,20
12,8182,0.07119169188331326,5.079804494448341e-07,0.42886579989509077,0.49994200024114666,2,20,20
12,8183,0.07119169188332237,5.079773920244432e-07,0.42880588094242966,0.5000019191968561,2,20,20
12,8184,2.559409308712625e-05,1.8561018107928347e-10,0.49997489889864766,0.49999950682265387,2,20,20
12,8185,2.6537488113979405e-05,3.3794460960285426e-12,0.4999734300883346,0.5000000324201711,2,20,20
12,8186,0.03841556917834376,4.976368289800851e-09,0.4616047335394009,0.49997969230588674,2,20,20
12,8187,4.5661938286908704e-07,2.0305276705162344e-15,0.4999976770351258,0.5000018663454889,2,20,20
12,8188,4.566216592347297e-07,2.0144920486422455e-15,0.5000554433532056,0.4999441000251331,2,20,20
12,8189,0.0015034311984339999,6.107644316588376e-07,0.4983888013918761,0.5001071566452575,2,20,20
12,8190,0.07122790836968225,5.6283561261768335e-12,0.4288308824787788,0.4999412091459097,2,20,20
12,8191,0.0014572198742937865,2.798147375593614e-10,0.49854315336922606,0.49999962647666485,2,20,20
12,8192,0.35059194784223513,5.086187632405056e-06,0.14871225240634398,0.5006907135637887,2,20,20
12,8193,0.4990658585670657,7.971577367956626e-14,0.0009563725371345795,0.49997776889572015,2,20,20
12,8194,0.21446412127683828,1.0744832406002783e-07,0.2855357476120276,0.5000000236628096,2,20,20
12,8195,0.21446412127683828,1.0744832406002783e-07,0.28553717804773854,0.4999985932270988,2,20,20
12,8196,0.49982644103700824,3.0587222474123248e-12,0.00023402153406255202,0.49993953742587044,2,20,20
12,8197,0.493267174289779,8.877329733183416e-09,0.006664678134968288,0.5000681386979229,2,20,20
12,8198,0.30045422423389323,2.8236632123423697e-09,0.19489754656512664,0.5046482263773174,2,20,20
12,8199,0.30045422423385326,2.8236086513194576e-09,0.19481549572244378,0.5047302772200947,2,20,20
12,8200,0.3004542242338822,2.823609315691565e-09,0.3330436433257594,0.36650212961674955,2,20,20
12,8201,0.0003551638286284027,1.1845774905967556e-06,0.63786998234557,0.36177366924831017,2,20,20
12,8202,6.522523364549249e-06,3.436932669853302e-12,0.5000522690962941,0.4999412083769037,2,20,20
12,8203,2.0005251310133897e-09,5.891330060821375e-14,0.5582328710418444,0.4417671269575715,2,20,20
12,8204,0.2665664098844504,2.737420776520044e-07,0.23676184452095098,0.496671471852521,2,20,20
12,8205,0.49376566276896705,8.180529790146488e-11,0.006294799715102774,0.4999395374341247,2,20,20
12,8206,0.4937656627683979,7.874878563520842e-11,0.006235870880344692,0.49999846627250844,2,20,20
12,8207,0.4961154151697,9.790497227885767e-14,0.003886117745595002,0.4999984670846073,2,20,20
12,8208,0.4994564581989426,1.2324145510532304e-13,0.0005445737863408857,0.4999989680145929,2,20,20
12,8209,0.49993052877037797,3.9581568361881354e-17,7.050322831732918e-05,0.4999989680013045,2,20,20
12,8210,0.49971506406297106,7.358322532930575e-14,0.0002859675688913865,0.49999896836806385,2,20,20
12,8211,0.0010774290476451376,1.8862293113617953e-08,0.4990051371286861,0.49991741496137515,2,20,20
12,8212,0.00010056508037166821,1.7211594488680653e-07,0.4999188011915409,0.4999804616121423,2,20,20
12,8213,0.37665195661762046,9.553003538024956e-10,0.12187096197660208,0.5014770804504771,2,20,20
12,8214,0.3766519566176215,9.553534900892847e-10,0.12653372433654614,0.4968143180904791,2,20,20
12,8215,0.361628039248142,2.4367661628918845e-09,0.1430355544396405,0.49533640387545125,2,20,20
12,8216,0.4952403592532947,7.797995532719071e-11,0.009423454796891497,0.4953361858718338,2,20,20
12,8217,0.4999008331390639,2.0287160363442156e-11,9.921027814342182e-05,0.4999999565625054,2,20,20
12,8218,0.4999008331390639,2.0287160643042057e-11,9.921058241946184e-05,0.49999995625822957,2,20,20
12,8219,0.425537239043086,5.4158336707813006e-08,0.0744627505531188,0.49999995624545834,2,20,20
12,8220,0.425537239043086,5.415833669131172e-08,0.0744627329060147,0.4999999738925623,2,20,20
12,8221,0.49642547672396287,1.109126589775814e-09,0.003557088181812671,0.5000174339850979,2,20,20
12,8222,0.018786575684222945,3.558970212569704e-08,0.03934015367664827,0.9418732350494265,2,20,20
12,8223,1.297717726453928e-10,5.459732155711973e-14,6.093683057673536e-05,0.999939063039597,2,20,20
12,8224,1.0161555436185395e-14,1.8989569819426336e-15,8.405485515259903e-05,0.9999159451448354,2,20,20
12,8225,5.680601032893643e-13,3.0488275326098934e-12,0.0016248257496874192,0.9983751742466958,2,20,20
12,8226,1.2947621272361423e-10,9.884866251579982e-16,0.0011607997278683024,0.9988392001426547,2,20,20
12,8227,2.2715671468277847e-12,1.7388224195834263e-10,0.0011868628034308161,0.9988131370204153,2,20,20
12,8228,9.98621419692655e-15,5.4587201992608875e-14,3.942648833412719e-06,0.999996057351102,2,20,20
12,8229,2.2557459334732893e-12,3.083370474153979e-12,0.004666009097490107,0.9953339908971708,2,20,20
12,8230,2.276437863602898e-12,2.823729842390068e-15,8.560505844349823e-05,0.9999143949392773,2,20,20
12,8231,8.915992800066135e-16,1.8834657232075942e-15,2.534533659575932e-06,0.9999974654663376,2,20,20
12,8232,7.284855083949438e-16,9.425999154530393e-16,1.0952643850169892e-06,0.9999989047356135,2,20,20
12,8233,1.2620386039146388e-17,9.743077546756796e-16,8.361042884738231e-05,0.9999163895711518,2,20,20
12,8234,9.998252931665092e-15,1.9151686104587993e-15,8.407103731653352e-05,0.9999159289626717,2,20,20
12,8235,2.469741200827848e-17,1.898838894370709e-15,0.0001413702030706628,0.9998586297969275,2,20,20
12,8236,4.055400761503118e-14,3.0507679808282184e-12,0.0011537953102143663,0.9988462046866946,2,20,20
12,8237,5.029060636886733e-13,1.5404190565238755e-10,0.05823750259619212,0.9417624972492631,2,20,20
12,8238,7.038172212735709e-16,5.3655956931866656e-14,6.027032454770691e-05,0.9999397296753978,2,20,20
12,8239,4.2001867113632145e-07,3.4729885984098695e-10,0.001949840546382616,0.9980497390876475,2,20,20
12,8240,4.200186704235612e-07,3.472988598315601e-10,0.0019305666151071413,0.9980690130189237,2,20,20
12,8241,8.681153146382123e-16,5.317850364439434e-14,0.004664927850616311,0.9953350721493297,2,20,20
12,8242,7.039560701018903e-16,3.3604740865258956e-17,8.309694521609855e-05,0.9999169030547834,2,20,20
12,8243,1.5478857453497553e-17,9.579598914226104e-16,8.363557679146322e-05,0.9999163644232076,2,20,20
12,8244,1.9228795193895405e-16,1.881839970652116e-15,0.004663860227604224,0.995336139772394,2,20,20
12,8245,1.0000060293013616e-14,3.0573278849051072e-12,8.387614811115672e-05,0.9999161238488218,2,20,20
12,8246,9.999901365597489e-15,3.0573276053063213e-12,8.38891657280535e-05,0.9999161108312047,2,20,20
12,8247,5.692073084854384e-13,1.8988272975222966e-15,3.951552667772306e-06,0.9999960484467614,2,20,20
12,8248,8.85420438631247e-16,1.7373019101910432e-10,0.001621338252085025,0.9983786615741841,2,20,20
12,8249,4.9204169298166535e-06,1.7386352384645744e-10,0.09203182949065214,0.9079632499185548,2,20,20
12,8250,4.920416929644349e-06,1.8699510828816183e-13,0.09041400797348571,0.9095810716093977,2,20,20
12,8251,1.8657996972582212e-17,9.420255627223971e-16,1.1083539708771527e-06,0.9999988916460283,2,20,20
12,8252,1.9054445152481266e-16,3.0574705065198333e-12,6.149500793606285e-05,0.9999385049890063,2,20,20
12,8253,1.2261443903989398e-15,5.3654212579932826e-14,0.00016561807943298062,0.9998343819205121,2,20,20
12,8254,7.009873895701665e-16,1.738072190148694e-17,1.076206524465472e-06,0.999998923793475,2,20,20
12,8255,7.3694542454991115e-09,1.7674067165210523e-10,0.001884748824528842,0.9981152436292762,2,20,20
12,8256,2.1097520904873816e-11,3.490150215714468e-14,0.174864100529796,0.825135899449072,2,20,20
12,8257,7.254100312052536e-16,9.4202557228738e-16,5.987569942506913e-05,0.9999401243005734,2,20,20
12,8258,1.5644915382892964e-17,1.4536340655733392e-18,7.146875520509205e-08,0.9999999285312448,2,20,20
12,8259,3.61662577479944e-18,1.7395731187786698e-17,7.83595822410395e-08,0.9999999216404177,2,20,20
12,8260,7.252739970761872e-16,8.794229582677317e-19,6.003405958182161e-05,0.9999399659404175,2,20,20
12,8261,1.4139323062057688e-15,9.581416465088049e-16,0.00011761200290071808,0.999882387997097,2,20,20
12,8262,7.130870852849613e-16,5.458059679326176e-14,5.987762591219193e-05,0.9999401223740327,2,20,20
12,8263,2.2562574080124043e-12,1.7575196946924688e-10,0.004723223664709083,0.995276776157283,2,20,20
12,8264,7.130341508362285e-16,5.365623657817901e-14,5.886442317268678e-05,0.9999411355767732,2,20,20
12,8265,5.698038823377614e-13,3.057311371487933e-12,8.589855456730406e-05,0.9999141014418055,2,20,20
12,8266,1.7546569653922348e-16,9.582414468633229e-16,2.9168898087084413e-06,0.9999970831101903,2,20,20
12,8267,2.011611533661549e-12,4.7428912752854674e-14,0.058237368841874027,0.941762631156067,2,20,20
12,8268,7.536304213082102e-12,4.599267923268778e-10,0.47685423102188407,0.5231457685106523,2,20,20
12,8269,3.749040296140209e-11,1.0998160646707084e-13,0.0016502907584915252,0.9983497092039083,2,20,20
12,8270,1.4823306481911684e-12,3.9797865668150664e-12,0.17462360801766125,0.8253763919768764,2,20,20
12,8271,1.5215735952486891e-12,3.980711206914897e-12,0.17462462158520645,0.8253753784092914,2,20,20
12,8272,1.4816606161113394e-12,3.9816358566420265e-12,0.17462459580673845,0.8253754041877983,2,20,20
12,8273,2.2696567322780593e-12,1.7372286102550026e-10,0.0016451380467248755,0.9983548617772824,2,20,20
12,8274,1.5644912097157113e-17,1.169042358217894e-18,5.623260807242323e-07,0.9999994376739193,2,20,20
12,8275,3.9949658674603536e-14,2.8234428575254982e-15,8.31043854544712e-05,0.9999168956145029,2,20,20
12,8276,1.0064226999066782e-14,1.6636554126168626e-15,0.0582359034205118,0.9417640965794766,2,20,20
12,8277,1.0076524799828311e-14,1.679882175687885e-15,0.05823637079409868,0.9417636292058895,2,20,20
12,8278,5.79165421291577e-13,5.53164655792129e-14,0.05831848077275087,0.9416815192266145,2,20,20
12,8279,5.699804971098678e-13,5.3670770169210096e-14,8.301658387518703e-05,0.9999169834155011,2,20,20
12,8280,5.691075581487691e-13,5.459455036239126e-14,8.409565829188678e-05,0.9999159043410843,2,20,20
12,8281,3.431058441330666e-08,6.237238125661546e-16,0.33720404690371153,0.6627959187857037,2,20,20
12,8282,1.9104807493515767e-16,9.588207838125797e-16,2.5128079488278137e-06,0.9999974871920503,2,20,20
12,8283,2.0312510090428975e-16,1.8833519235076158e-15,6.027258217210843e-05,0.9999397274178259,2,20,20
12,8284,5.691962045271142e-13,9.576816403730031e-16,2.0195115004557377e-06,0.9999979804879293,2,20,20
12,8285,9.988967230340098e-15,5.3678782313112843e-14,2.5288321896745995e-06,0.9999974711677468,2,20,20
12,8286,1.0013512222537904e-14,5.542073043447018e-14,0.0011547789712828638,0.9988452210286515,2,20,20
12,8287,3.244087494321047e-11,5.365714371004008e-14,5.307686439507755e-05,0.9999469231031105,2,20,20
12,8288,5.682306092474908e-13,5.4413648937270997e-14,0.001677957927467087,0.9983220420719101,2,20,20
12,8289,7.132753991017938e-16,1.738075340609106e-17,2.109998321627488e-06,0.9999978900016778,2,20,20
12,8290,5.979358812370096e-19,1.711122662419488e-17,5.382145068251519e-08,0.9999999461785495,2,20,20
12,8291,2.512467249395723e-17,1.739075846441191e-17,5.88400512845033e-05,0.9999411599487158,2,20,20
12,8292,7.3752993333692105e-09,1.7383010109876475e-10,0.0014872143174544299,0.9985127781334163,2,20,20
12,8293,1.7833073148499791e-16,1.7390738366888426e-17,1.0105877281999315e-07,0.9999998989412271,2,20,20
12,8294,3.2441716664591176e-11,6.1151265277232216e-12,4.265303009477285e-05,0.9999573469313485,2,20,20
12,8295,2.0089410897799674e-12,4.99582156585411e-07,0.05889424230289434,0.9411052581129402,2,20,20
12,8296,2.009466602778579e-12,4.995821575424833e-07,0.05889565266635548,0.9411038477494778,2,20,20
12,8297,7.254085390901387e-16,9.585360264526421e-16,2.517314927182401e-06,0.9999974826850713,2,20,20
12,8298,5.691275443487161e-13,3.0573116660655012e-12,8.488225103452328e-05,0.9999151177453391,2,20,20
12,8299,1.2675472127679412e-17,1.711113794676135e-17,5.445539686191216e-07,0.9999994554460312,2,20,20
12,8300,1.2891046116650928e-10,1.0694152031244617e-13,0.003422623717377226,0.9965773761536054,2,20,20
12,8301,1.8778061658718886e-16,5.457861055250238e-14,8.405198865796706e-05,0.9999159480112874,2,20,20
12,8302,2.3070597095398703e-12,1.4133249918457415e-10,0.09479603627374922,0.9052039635826115,2,20,20
12,8303,2.306896625060246e-12,1.4127980345455573e-10,0.09471491857304862,0.9052850812833647,2,20,20
12,8304,9.987844779270989e-15,5.45783293567781e-14,8.406767421742499e-05,0.9999159323257181,2,20,20
12,8305,6.5784730237594545e-18,1.882321335963353e-15,2.9342923775677727e-06,0.9999970657076206,2,20,20
12,8306,1.784812154844539e-16,9.741835912822703e-16,1.5360881326760383e-06,0.9999984639118663,2,20,20
12,8307,1.8655201490304238e-17,5.458087558594861e-14,6.028772629008084e-05,0.9999397122736555,2,20,20
12,8308,1.7848158708233264e-16,9.579618478260492e-16,2.941911776080021e-06,0.9999970580882229,2,20,20
12,8309,2.1785133868752766e-17,9.581011599987297e-16,8.310428887399056e-05,0.9999168957111249,2,20,20
12,8310,3.994380177891375e-14,3.3322894474658346e-17,2.0854706515059715e-06,0.9999979145293085,2,20,20
12,8311,7.437865160218289e-16,5.449638660860094e-14,0.0011540960626105694,0.9988459039373343,2,20,20
12,8312,9.920393163150275e-15,1.066837859631545e-13,0.005817517397960102,0.994182482601923,2,20,20
12,8313,3.2453016148171976e-11,5.4135988503450304e-14,0.0046928805050239705,0.9953071194624687,2,20,20
12,8314,9.917437335003563e-15,5.314623226888944e-14,0.004664870808514891,0.9953351291914219,2,20,20
12,8315,2.2688059307371955e-12,9.581232102495247e-16,0.003948920033484026,0.9960510799642464,2,20,20
12,8316,1.2518415129073956e-17,8.794557553912093e-19,5.55103732346422e-08,0.9999999444896266,2,20,20
12,8317,7.395022819489674e-09,1.7429498442741553e-10,0.0001743502472881131,0.9998256421833941,2,20,20
12,8318,8.747809370286487e-16,5.317866209931493e-14,0.004684104647270099,0.995315895352676,2,20,20
12,8319,4.0638153477085596e-14,5.4610898531948494e-14,0.00010288750227728596,0.9998971124976276,2,20,20
12,8320,1.8492437727005877e-09,5.369344514462428e-14,4.2729316616356346e-05,0.9999572688340864,2,20,20
12,8321,8.445223319664573e-11,1.1541100972473177e-10,0.1746491229188829,0.8253508768812539,2,20,20
12,8322,7.135733069919857e-16,9.744741472254497e-16,2.066874935732759e-05,0.9999793312506411,2,20,20
12,8323,1.278043201300004e-17,4.9820266661873e-17,5.883511989341442e-05,0.9999411648801066,2,20,20
12,8324,7.012279905035476e-16,5.3656523351396635e-14,5.983247773426019e-05,0.9999401675222116,2,20,20
12,8325,7.011750315837734e-16,5.3640022087725846e-14,5.88193410222991e-05,0.9999411806589233,2,20,20
12,8326,7.071007313118221e-16,5.3640301591982985e-14,0.0001414069858890421,0.9998585930140566,2,20,20
12,8327,9.493067273774741e-18,1.7385737504751547e-17,8.265058824552208e-05,0.9999173494117541,2,20,20
12,8328,1.0084596250089235e-07,1.7891306291672917e-10,0.02563934927042746,0.9743605497046972,2,20,20
12,8329,1.0081376692288364e-07,5.9010893566428975e-12,0.021807477424842507,0.9781924217554896,2,20,20
12,8330,9.985832253148018e-15,3.057659396721778e-12,2.9574550908004503e-05,0.9999704254460244,2,20,20
12,8331,1.2564884920518456e-17,3.332284980624342e-17,8.736937964939225e-08,0.9999999126306204,2,20,20
12,8332,2.068097942299426e-14,3.110804466829139e-12,0.00019036978720147636,0.9998096302096671,2,20,20
12,8333,3.61383751238607e-18,1.7111226087750827e-17,9.492809375430736e-08,0.9999999050719062,2,20,20
12,8334,1.876505525612882e-16,1.7385834225690314e-17,2.9507854682093137e-06,0.9999970492145318,2,20,20
12,8335,6.213368065876892e-18,8.89441445040644e-19,7.745906385487958e-08,0.9999999225409362,2,20,20
12,8336,6.091575334407433e-13,5.458779067594452e-14,2.550489523441245e-06,0.9999974495098127,2,20,20
12,8337,6.098644398364003e-13,5.458779067482061e-14,3.5490785410650987e-06,0.9999964509207946,2,20,20
12,8338,6.091637257842601e-13,5.554470772549999e-14,8.507764367029046e-05,0.9999149223556649,2,20,20
12,8339,7.132476591368357e-16,9.740262492435499e-16,0.00014139085175572563,0.9998586091482426,2,20,20
12,8340,1.401606243395245e-15,5.366990227926822e-14,0.00014141246330669923,0.9998585875366381,2,20,20
12,8341,9.999656472783078e-15,5.36539697742453e-14,8.264417484313126e-05,0.9999173558250933,2,20,20
12,8342,1.0697479730487523e-14,5.365368823555964e-14,0.00014141263784413517,0.9998585873620915,2,20,20
12,8343,4.012243245907596e-14,5.368642344862119e-14,8.299967488621473e-05,0.9999170003250197,2,20,20
12,8344,1.7543729828477662e-16,5.3637183948489416e-14,8.262622675714627e-05,0.9999173737731889,2,20,20
12,8345,1.2356699592318812e-17,8.794557509996124e-19,6.283144851732345e-08,0.9999999371685515,2,20,20
12,8346,7.008765741414082e-16,5.364605927064145e-14,2.510614135971955e-06,0.9999974893858098,2,20,20
12,8347,1.7525106871060152e-16,1.710110776499094e-17,1.5009553110447332e-06,0.9999984990446888,2,20,20
12,8348,6.421553567588713e-18,1.4536340729759522e-18,1.0242918386422611e-07,0.9999998975708162,2,20,20
12,8349,1.5588647871803643e-17,9.905749513746455e-16,6.024139207224742e-05,0.9999397586079268,2,20,20
12,8350,1.2780398170784398e-17,1.7101104935018284e-17,2.499008421804256e-06,0.9999975009915784,2,20,20
12,8351,4.1341268646894634e-14,9.428954565962447e-16,0.0001280577685773611,0.9998719422313805,2,20,20
12,8352,3.3008743551872515e-11,1.6093234404327674e-13,0.0001425799999772848,0.9998574199668532,2,20,20
12,8353,1.9985778708109592e-14,5.459825361009453e-14,8.407275299391455e-05,0.9999159272469316,2,20,20
12,8354,1.0012543979030631e-14,5.459773613701495e-14,5.661494331617021e-05,0.9999433850566191,2,20,20
12,8355,7.285076014569974e-16,9.582568078483832e-16,2.169975203513111e-05,0.9999783002479632,2,20,20
12,8356,1.906166775290283e-16,9.420355444387908e-16,3.007519244923313e-06,0.9999969924807539,2,20,20
12,8357,1.601570422192768e-17,1.17403360926288e-18,1.0773359213540539e-06,0.9999989226640786,2,20,20
12,8358,1.2947113708940235e-10,9.565843302515903e-16,0.0011793036680131227,0.9988206962025147,2,20,20
12,8359,1.298019457809053e-10,5.5555379814260015e-14,6.0772924371534734e-05,0.999939226945771,2,20,20
12,8360,1.7849334985433876e-16,6.605094793586654e-17,1.1013830682172372e-06,0.9999988986169315,2,20,20
12,8361,4.029733436402226e-14,9.7504834403611e-16,3.014247301817346e-06,0.9999969857526572,2,20,20
12,8362,5.0103621085160274e-14,1.8995370354978007e-15,8.367757886795783e-05,0.9999163224210801,2,20,20
12,8363,7.253786449875937e-16,9.905257801534998e-16,0.00014137026183426896,0.9998586297381643,2,20,20
12,8364,3.698921099767315e-17,9.745974286418893e-16,8.361669469367129e-05,0.9999163833053056,2,20,20
12,8365,1.4168992999230799e-15,1.9154271688601585e-15,0.00010287264203186252,0.9998971273579653,2,20,20
12,8366,9.998469546361095e-15,1.9151687871833506e-15,8.40710373503506e-05,0.9999159289626379,2,20,20
12,8367,1.0001541700549726e-14,2.8396579712906806e-15,8.407114996846892e-05,0.9999159288500188,2,20,20
12,8368,9.986323002223855e-15,5.4586922394393366e-14,2.5120868926762118e-06,0.999997487913043,2,20,20
12,8369,1.5592854185362817e-17,1.7106218809586287e-17,5.374020993777735e-07,0.9999994625979006,2,20,20
12,8370,2.7667613584901014e-17,3.36075157382249e-17,5.623702787565774e-07,0.9999994376297212,2,20,20
12,8371,9.98429371140596e-15,5.350591694031381e-14,0.0016195991147193503,0.9983804008852173,2,20,20
12,8372,2.793379579146632e-17,1.8827783661996954e-15,5.9848973690553214e-05,0.9999401510263074,2,20,20
12,8373,9.998452349807568e-15,5.461949183352263e-14,8.507165985399581e-05,0.9999149283400814,2,20,20
12,8374,9.98923608629342e-15,5.367878372192897e-14,8.507177359115336e-05,0.9999149282263452,2,20,20
12,8375,1.3988910769792951e-15,3.0302543535831425e-12,0.006283095909800628,0.9937169040871676,2,20,20
12,8376,3.243708143803656e-11,3.0571594301577223e-12,0.00011277884934107474,0.9998872211151649,2,20,20
12,8377,3.968112674292028e-14,3.037463978371697e-12,0.003329240448569823,0.9966707595483533,2,20,20
12,8378,3.9684195468335306e-14,3.037447756579029e-12,0.0034118029968172657,0.9965881970001057,2,20,20
12,8379,7.971666561964104e-14,3.0909696960899834e-12,0.004483066052649859,0.9955169339441796,2,20,20
12,8380,4.0739624856226765e-14,5.35393246581018e-14,0.0011741744800735925,0.9988258255198323,2,20,20
12,8381,1.0590070592377334e-14,3.0824451479344626e-12,0.009327870661305013,0.9906721293356019,2,20,20
12,8382,3.995141973129473e-17,5.3640294377728156e-14,0.00011763299965886734,0.9998823670002878,2,20,20
12,8383,1.0010718986310917e-14,1.882882184557044e-15,5.9894943468059476e-05,0.9999401050565202,2,20,20
12,8384,7.254374309573079e-16,1.8827844645412713e-15,5.931051081459028e-05,0.9999406894891829,2,20,20
12,8385,2.2770168855756016e-12,9.58209826940599e-16,0.00013977834825191815,0.9998602216494703,2,20,20
12,8386,1.983689100334045e-14,1.0738511092035361e-13,0.00799323121428576,0.9920067687855871,2,20,20
12,8387,4.958280734996704e-14,1.0645024287594813e-13,0.00799315344658935,0.9920068465532547,2,20,20
12,8388,6.087822930115411e-13,1.0692572056244833e-13,0.0034117983368928046,0.9965882016623917,2,20,20
12,8389,5.692829577149155e-13,5.4578744790025906e-14,0.00016519910044194826,0.9998348008989344,2,20,20
12,8390,5.691077954007701e-13,5.4578608674982665e-14,8.366739800897003e-05,0.9999163326013674,2,20,20
12,8391,7.10419385296591e-16,9.750433094005394e-16,1.1189603561868986e-06,0.9999988810396421,2,20,20
12,8392,1.1573646503331115e-14,5.554145042893586e-14,8.840608758860784e-05,0.9999115939123443,2,20,20
12,8393,8.820009814474723e-16,5.3691790427776306e-14,0.00469342085255513,0.9953065791473903,2,20,20
12,8394,5.790225671308821e-13,3.1638878823207073e-12,0.003413021328652969,0.9965869786676043,2,20,20
12,8395,2.4698196849546686e-17,6.098415940447109e-19,8.764885961135503e-08,0.9999999123511403,2,20,20
12,8396,1.9210706054510758e-12,9.052884353980327e-14,0.07812051993756822,0.92187948006042,2,20,20
12,8397,7.130016972010894e-16,2.823157096922073e-15,8.363584205616828e-05,0.9999163641579406,2,20,20
12,8398,4.552783797463534e-12,9.911320927209018e-09,0.0011824452015045666,0.9988175448826215,2,20,20
12,8399,2.7375857884218163e-11,9.892332749291824e-14,0.07815306827751807,0.9218469316950072,2,20,20
12,8400,1.875427691362641e-16,9.581335111352257e-16,6.0266545171003436e-05,0.9999397334548279,2,20,20
12,8401,1.8659143993204178e-16,5.516486999469878e-14,0.0033306518591655954,0.996669348140779,2,20,20
12,8402,2.6475567922432336e-12,2.0450534433751206e-12,0.17464919277040378,0.8253508072249034,2,20,20
12,8403,3.7087391476434604e-13,1.9904849245245293e-12,0.17462798273683044,0.8253720172608083,2,20,20
12,8404,7.010394359393586e-16,3.332281906534411e-17,1.0936755735975627e-06,0.9999989063244257,2,20,20
12,8405,5.40247106032803e-19,3.332280252612045e-17,1.4928371691364718e-06,0.9999985071628308,2,20,20
12,8406,3.8132022367490523e-19,1.7101151092531178e-17,1.492963141007075e-06,0.999998507036859,2,20,20
12,8407,9.985303849184334e-15,5.4581047472695464e-14,6.027052488580557e-05,0.9999397294750496,2,20,20
12,8408,1.2975545536185923e-10,3.1109320386043745e-12,8.530337411409854e-05,0.9999146964930195,2,20,20
12,8409,1.2676339463012244e-17,1.7390813765127584e-17,1.806554541936198e-06,0.999998193445458,2,20,20
12,8410,1.22225368376509e-16,1.9898886705857823e-12,0.17462347803017586,0.825376521967834,2,20,20
12,8411,3.9945100972512515e-14,1.7674568322108474e-17,2.7593538880922573e-05,0.999972406461079,2,20,20
12,8412,3.994823026085143e-14,5.012313144048869e-17,2.761977147189625e-05,0.9999723802284882,2,20,20
12,8413,3.599358062292901e-14,1.1342181088758299e-10,0.17462926859892206,0.82537073128762,2,20,20
12,8414,2.5998380962679108e-14,1.1342271844601358e-10,0.17463020858238823,0.8253697913041631,2,20,20
12,8415,2.599843865686038e-14,1.1342271873248239e-10,0.17462925992564804,0.8253707399609032,2,20,20
12,8416,4.064006520989229e-14,1.1689756683519328e-18,6.102930025145222e-05,0.9999389706997083,2,20,20
12,8417,2.317051227741318e-12,3.0582358688703903e-12,0.0001438297004131351,0.9998561702942117,2,20,20
12,8418,3.6010649467920475e-14,2.7016758653156734e-12,0.06156523283382522,0.938434767163437,2,20,20
12,8419,2.012921042152269e-12,4.824533333516164e-14,0.06156912969947943,0.9384308702984593,2,20,20
12,8420,1.409019080458194e-15,5.36700719474862e-14,0.0034119708096554966,0.9965880291902893,2,20,20
12,8421,1.0080322323263311e-14,1.8737941888040463e-15,0.0046843244918060994,0.9953156755081818,2,20,20
12,8422,1.1465928657351426e-14,5.447110505290362e-14,0.005817718144872401,0.9941822818550619,2,20,20
12,8423,8.985713863126609e-14,1.7425455627418e-10,0.00017755947084587825,0.9998224403548097,2,20,20
12,8424,3.459047770666265e-11,3.047241981429196e-12,0.001882449330369043,0.9981175506319934,2,20,20
12,8425,1.887104334116955e-17,5.363775308531829e-14,8.295715319113404e-05,0.9999170428467552,2,20,20
12,8426,1.5853986527966056e-17,9.417509531002017e-16,1.4141642215334292e-06,0.9999985858357776,2,20,20
12,8427,1.2617819369251294e-17,9.576830648889927e-16,1.100572119154543e-06,0.9999988994278799,2,20,20
12,8428,4.0817604805280874e-14,9.741399644156879e-16,8.732856609761587e-05,0.9999126714338608,2,20,20
12,8429,2.0293061000329085e-16,5.367019157298809e-14,8.405562861092133e-05,0.9999159443713352,2,20,20
12,8430,2.2861985130441157e-12,9.90691789353561e-16,0.00012902566275522007,0.9998709743349576,2,20,20
12,8431,9.99750846965435e-15,3.057470509794285e-12,6.15008224858513e-05,0.9999384991744469,2,20,20
12,8432,7.164072913454481e-16,9.582514103826666e-16,2.572347583809412e-06,0.9999974276524146,2,20,20
12,8433,8.790349479486821e-16,9.582463167839153e-16,3.0088682980751074e-06,0.9999969911316999,2,20,20
12,8434,7.071895312470503e-16,9.58251442262143e-16,1.578177441092134e-06,0.999998421822557,2,20,20
12,8435,1.297618559974616e-10,5.4597352550902155e-14,6.0732548784930084e-05,0.9999392673213986,2,20,20
12,8436,3.995638459277991e-14,3.418165103084424e-17,1.832583585395943e-06,0.9999981674163746,2,20,20
12,8437,7.324351934302176e-09,1.7268362282660795e-10,0.004990313575057921,0.9950096789279065,2,20,20
12,8438,7.3243426500607754e-09,1.726826817941023e-10,0.004990313067114266,0.9950096794358603,2,20,20
12,8439,4.013443249282164e-14,5.4603437344521535e-14,3.5597543154535567e-06,0.9999964402455899,2,20,20
12,8440,3.994385776575108e-14,1.683158406740278e-17,1.3909908320099496e-06,0.9999986090091282,2,20,20
12,8441,1.6388979198773682e-09,2.710721465922088e-12,0.05689324794756602,0.9431067504108255,2,20,20
12,8442,5.691070943630823e-13,5.459491962632803e-14,8.308399690511837e-05,0.9999169160024712,2,20,20
12,8443,5.790000659644529e-13,5.5526850470029616e-14,0.004746859504424224,0.9952531404949414,2,20,20
12,8444,3.2121475115333515e-11,5.406038374123431e-14,0.004975191551112704,0.9950248084167116,2,20,20
12,8445,3.530244414058478e-14,1.663091465775875e-15,0.05823591042370503,0.9417640895762578,2,20,20
12,8446,2.4025344754045086e-05,1.7428990771389978e-10,0.00017341898894665075,0.9998025554920094,2,20,20
12,8447,2.501686213118051e-17,5.997878139738116e-19,5.884863077648675e-05,0.9999411513692235,2,20,20
12,8448,1.294073460339043e-17,1.6819578837502214e-17,5.882785014612716e-05,0.9999411721498539,2,20,20
12,8449,1.0686819175921265e-14,3.05078449774131e-12,0.0012125171621959262,0.9987874828347426,2,20,20
12,8450,1.0686660267261996e-14,3.051709030821817e-12,0.001212517302852425,0.9987874826940852,2,20,20
12,8451,2.2722706721999407e-12,6.088160825547992e-12,0.00449175925499985,0.9955082407366398,2,20,20
12,8452,3.244430785225891e-11,1.742413499620125e-10,0.0001545818156568743,0.9998454179776575,2,20,20
12,8453,5.691433145907466e-13,5.5521848365922914e-14,6.0836425028023205e-05,0.9999391635743473,2,20,20
12,8454,5.691166403647943e-13,9.578142382998782e-16,8.364767427158326e-05,0.9999163523251585,2,20,20
12,8455,5.69104561928416e-13,9.415925738917282e-16,8.263423241367219e-05,0.9999173657670163,2,20,20
12,8456,7.039990292636919e-16,5.3653682680315484e-14,8.261905232453677e-05,0.9999173809476211,2,20,20
12,8457,2.0005438446753293e-16,3.36176697232002e-17,4.069400299311313e-07,0.9999995930599698,2,20,20
12,8458,7.010457489687933e-16,9.579638963607107e-16,5.550283166028148e-07,0.9999994449716817,2,20,20
12,8459,8.762038954365139e-16,5.459454798900317e-14,8.313619670153417e-05,0.999916863803243,2,20,20
12,8460,1.1725840585109249e-12,6.087651022787552e-12,0.004728976666975849,0.995271023325764,2,20,20
12,8461,1.1352029134172998e-12,6.147996897844155e-12,0.003421136764616331,0.9965788632281007,2,20,20
12,8462,5.797842083931996e-13,3.0582208743602327e-12,9.272606290394367e-05,0.9999072739334585,2,20,20
12,8463,7.131709130888944e-16,5.4603373188893003e-14,8.411029767518808e-05,0.9999158897022697,2,20,20
12,8464,1.251283855132148e-17,1.7380752642386736e-17,6.990033051729594e-08,0.9999999300996695,2,20,20
12,8465,1.7540962444744873e-16,3.3602451089345613e-17,9.500544656474626e-08,0.9999999049945533,2,20,20
12,8466,1.8488966909002674e-09,5.460322693625235e-14,0.00011862454006472572,0.999881373610984,2,20,20
12,8467,1.8517227775324351e-09,1.7313058641265628e-10,0.0034592770881546725,0.9965407208869921,2,20,20
12,8468,9.454499609145086e-15,2.7490682727704756e-12,0.05823931790718173,0.9417606820900597,2,20,20
12,8469,4.992824196165956e-14,9.747564288752367e-16,2.227356947323097e-05,0.9999777264304761,2,20,20
12,8470,1.86147325292963e-14,1.4783337132931785e-10,0.0759151724483936,0.9240848274037549,2,20,20
12,8471,4.011892929890371e-14,2.8237513681889634e-15,3.0316897933410327e-06,0.9999969683101637,2,20,20
12,8472,4.082270989197688e-14,2.8402570749096568e-15,3.3578023521574748e-06,0.9999966421976043,2,20,20
12,8473,3.9946753882379684e-14,1.8991071788631295e-15,1.594962344095792e-06,0.9999984050376141,2,20,20
12,8474,3.9946757577581576e-14,1.91532881060597e-15,2.5834362802318545e-06,0.9999974165636778,2,20,20
12,8475,1.891142585967021e-16,1.865328687452251e-15,0.004663853521531018,0.9953361464784669,2,20,20
12,8476,1.8658985552287635e-17,5.3672738221396886e-14,5.884408177289212e-05,0.9999411559181739,2,20,20
12,8477,7.010403383950862e-16,9.582422333073677e-16,2.0893576664174875e-06,0.9999979106423323,2,20,20
12,8478,9.988992440920828e-15,1.8988242126686214e-15,2.5322620795178794e-06,0.9999974677379087,2,20,20
12,8479,2.0670657231055684e-14,3.0591289966206166e-12,9.278958976416205e-05,0.999907210407156,2,20,20
12,8480,1.297658324921599e-10,1.0915597770286373e-13,8.411610233120223e-05,0.9999158837677938,2,20,20
12,8481,1.2975654734430463e-10,1.0823133698911086e-13,8.450103542072951e-05,0.9999154988347145,2,20,20
12,8482,1.2975584987060772e-10,1.0823122719106998e-13,0.00014182536050591336,0.99985817450963,2,20,20
12,8483,1.297558588731756e-10,1.0729047629358874e-13,8.30774152823941e-05,0.9999169224548545,2,20,20
12,8484,3.9949440073637145e-14,5.459467300401072e-14,8.264425103204734e-05,0.9999173557488734,2,20,20
12,8485,3.9881840433106876e-14,3.091891067813567e-12,0.0031462333034797266,0.9968537666933884,2,20,20
12,8486,4.057058079806592e-14,3.092815712624829e-12,0.003147246821669096,0.9968527531751975,2,20,20
12,8487,2.9211344405388007e-07,6.8848882127273335e-09,0.15360435784872672,0.8463953431529412,2,20,20
12,8488,7.04113821549271e-16,9.579676146556102e-16,2.5070932200789304e-06,0.9999974929067783,2,20,20
12,8489,3.7053028496155163e-13,3.5538884498407607e-14,0.174626958920752,0.825373041078842,2,20,20
12,8490,1.297372386986616e-10,1.7424225826567072e-10,0.00015408207349222573,0.9998459176225284,2,20,20
12,8491,1.297472227158317e-10,1.7424318303171412e-10,0.0002366454401624127,0.9997633542558473,2,20,20
12,8492,9.989195174734502e-15,1.8988227153606186e-15,2.959760018362102e-06,0.9999970402399699,2,20,20
12,8493,1.0689744409510073e-14,5.46034264593496e-14,3.977143134693017e-06,0.9999960228568,2,20,20
12,8494,2.2773968622997494e-12,5.011760939383338e-17,2.2856377138056637e-05,0.9999771436205847,2,20,20
12,8495,2.2767822079983542e-12,5.46034276081718e-14,3.9519429385785175e-06,0.9999960480547299,2,20,20
12,8496,5.69911605940736e-13,1.0824000847281268e-13,8.511014537199208e-05,0.9999148898539497,2,20,20
12,8497,1.070223512518512e-14,1.0729946819494058e-13,8.474594738825529e-05,0.9999152540524937,2,20,20
12,8498,3.244422610363338e-11,1.0915595523070802e-13,0.004667757235616772,0.9953322427318301,2,20,20
12,8499,1.0685271769707174e-14,9.743107673105467e-16,8.266852053526125e-05,0.999917331479453,2,20,20
12,8500,2.279406221281485e-12,1.7378487023220725e-10,0.0017021033328177733,0.998297896491118,2,20,20
12,8501,1.815483127792303e-16,9.57971010223731e-16,2.9989052918418854e-05,0.9999700109470804,2,20,20
12,8502,2.2769645268192143e-12,9.744723644555822e-16,3.0074192780338253e-05,0.9999699258049416,2,20,20
12,8503,2.2767867000625585e-12,9.582415488374157e-16,2.584164932450454e-06,0.99999741583279,2,20,20
12,8504,3.996208070189986e-14,6.662512609334964e-17,2.4302583983875992e-06,0.9999975697415617,2,20,20
12,8505,4.013419493259792e-14,9.912649751159171e-16,2.4553002324808094e-06,0.9999975446997266,2,20,20
12,8506,4.0479289253987075e-14,5.461711765967899e-14,2.991901268555445e-05,0.9999700809872194,2,20,20
12,8507,3.247919081961286e-11,3.1109705272839987e-12,0.00011278764551046229,0.9998872123188994,2,20,20
12,8508,1.5480653969684574e-17,9.580861813142776e-16,8.259757307055219e-05,0.9999174024269284,2,20,20
12,8509,7.469231969085821e-16,1.8996947428862885e-15,1.381393392568422e-06,0.9999986186066049,2,20,20
12,8510,4.134820626598903e-14,9.750428597952938e-16,2.2396374335044767e-05,0.9999776036256227,2,20,20
12,8511,8.445132357074331e-11,1.154097798582391e-10,0.17463239448994405,0.825367605310195,2,20,20
12,8512,8.445062301815516e-11,1.1540974741466677e-10,0.17463336474751237,0.8253666350526274,2,20,20
12,8513,4.0112550428035234e-14,3.111877627211999e-12,0.00016553836427314473,0.9998344616325747,2,20,20
12,8514,8.943036909494561e-16,3.0574614406402286e-12,5.934675389953965e-05,0.9999406532430422,2,20,20
12,8515,1.5891845974665242e-15,3.0574938792402756e-12,6.035397528580879e-05,0.9999396460216552,2,20,20
12,8516,1.4170088391587502e-15,9.58431517658516e-16,5.8833144875391886e-05,0.9999411668551225,2,20,20
12,8517,8.887909076503498e-16,9.58256563989071e-16,1.5622789387201378e-06,0.9999984377210598,2,20,20
12,8518,3.994239650195513e-14,9.579309725620256e-16,2.03513155785182e-05,0.9999796486843806,2,20,20
12,8519,5.0630108814772456e-14,5.460163052479074e-14,2.29591613241164e-05,0.9999770408385706,2,20,20
12,8520,7.039001266163912e-16,3.3602692065660164e-17,4.5063944973840513e-07,0.9999995493605498,2,20,20
12,8521,7.068304651856642e-16,3.0574377836252335e-12,6.0513728552977063e-05,0.9999394862683889,2,20,20
12,8522,7.071027762488219e-16,3.057454015380206e-12,6.096358940476529e-05,0.999939036407537,2,20,20
12,8523,6.636561834166688e-18,9.580988265339666e-16,8.307944616376145e-05,0.9999169205538352,2,20,20
12,8524,2.763636150281404e-19,8.794557093564075e-19,5.225322642117369e-08,0.9999999477467736,2,20,20
12,8525,1.2856664077285235e-10,6.112209924801042e-12,0.004684449931802216,0.995315549933519,2,20,20
12,8526,1.2856662831759664e-10,6.058566373123709e-12,0.0046656126137545936,0.99533438725162,2,20,20
12,8527,3.5589799694923405e-18,9.579626641763353e-16,1.100574338000738e-06,0.999998899425661,2,20,20
12,8528,2.469524375653665e-17,4.9324671021649114e-17,0.0033292272200917926,0.996670772779908,2,20,20
12,8529,8.789762673479467e-16,3.0573275889877406e-12,8.390083616397842e-05,0.9999160991607781,2,20,20
12,8530,1.4046236137008793e-15,3.057311085575415e-12,0.00014264432056821882,0.9998573556763732,2,20,20
12,8531,1.2976152409613206e-10,3.0583954832297086e-12,6.052776299803239e-05,0.9999394721041823,2,20,20
12,8532,1.849822372250997e-17,9.744115526601602e-16,2.8539551195017355e-05,0.9999714604488043,2,20,20
12,8533,1.2895289358584905e-10,2.82768067452039e-15,0.003358021609511824,0.9966419782615324,2,20,20
12,8534,1.2895287865027227e-10,1.9030893885177876e-15,0.0033883173066501433,0.9966116825643951,2,20,20
12,8535,9.99785244171798e-15,5.4584813146900325e-14,2.1839498458676033e-05,0.9999781605014768,2,20,20
12,8536,1.577677159457691e-17,1.8865746796255224e-15,0.0033292243326154976,0.9966707756673832,2,20,20
12,8537,1.8661679464237065e-17,1.882886301950529e-15,2.5243395334821297e-06,0.9999974756604645,2,20,20
12,8538,1.90775387848022e-16,5.458720537594397e-14,3.541470386249558e-06,0.9999964585295589,2,20,20
12,8539,8.882530455210123e-16,5.458720537843182e-14,3.541780906044003e-06,0.9999964582190385,2,20,20
12,8540,3.244177371717669e-11,1.5399722603662893e-10,0.058411094336603034,0.9415889054769578,2,20,20
12,8541,5.692054917615973e-13,5.0095320870879034e-17,0.0046657735934458495,0.9953342264059846,2,20,20
12,8542,1.28910815393422e-10,3.037441956242029e-12,0.008001944337908464,0.9919980555301431,2,20,20
12,8543,1.0167688436553136e-14,9.588317278705855e-16,3.919812591231544e-06,0.9999960801873976,2,20,20
12,8544,3.537292205110811e-16,3.390219159521004e-17,4.3817304750927954e-06,0.9999956182695245,2,20,20
12,8545,5.692093090277578e-13,9.58256462064053e-16,1.5605406161432158e-06,0.9999984394588138,2,20,20
12,8546,3.994173862885851e-14,5.458407949628881e-14,2.85514143483793e-05,0.9999714485855572,2,20,20
12,8547,6.090431419977063e-13,3.112746439831976e-12,0.00012428207053289723,0.9998757179257455,2,20,20
12,8548,6.090452483319026e-13,3.111824746796927e-12,9.729925497706091e-05,0.9999027007413024,2,20,20
12,8549,3.628749653237126e-16,2.839747959394977e-15,5.986063002134661e-05,0.9999401393699755,2,20,20
12,8550,4.0126864404940104e-14,3.0574870297457836e-12,6.149527468303336e-05,0.9999385047222195,2,20,20
12,8551,1.5829646999616473e-17,2.811213721819964e-15,0.00333064763976634,0.9966693523602309,2,20,20
12,8552,1.8780907998352512e-16,9.582515201946324e-16,2.9419114934651204e-06,0.9999970580885054,2,20,20
12,8553,8.792396375322329e-16,9.743179927446074e-16,8.405332627515842e-05,0.9999159466737231,2,20,20
12,8554,7.191510299789123e-16,1.8989527745879915e-15,8.36357100255181e-05,0.999916364289972,2,20,20
12,8555,5.69201914167532e-13,1.883138888072787e-15,2.2264567592692155e-05,0.9999777354318363,2,20,20
12,8556,1.5642095792797076e-17,9.579676599425627e-16,1.1006838169563293e-06,0.9999988993161821,2,20,20
12,8557,2.7937122901000744e-17,9.582523403153968e-16,1.1011418451696042e-06,0.999998898858154,2,20,20
12,8558,1.25090802210427e-15,4.7428919935731033e-14,0.05823590257021426,0.941764097429737,2,20,20
12,8559,1.4136675507374573e-15,5.457899062984387e-14,0.001212622940827091,0.9987873770591169,2,20,20
12,8560,9.986174973267873e-15,9.417445507621264e-16,1.8341300367167729e-06,0.9999981658699524,2,20,20
12,8561,3.9943696953678796e-14,9.582468095128259e-16,1.4320440435158143e-06,0.9999985679559158,2,20,20
12,8562,4.013008736631564e-14,1.0753475335150982e-13,0.00333059791453101,0.9966694020853215,2,20,20
12,8563,3.994390883993559e-14,9.744684733116845e-16,2.4450545256654183e-06,0.9999975549454335,2,20,20
12,8564,1.2572262651938061e-17,3.332278392895017e-17,2.0643158668039656e-06,0.9999979356841333,2,20,20
12,8565,9.99685245101706e-15,5.365396988190259e-14,8.363253338235261e-05,0.9999163674665541,2,20,20
12,8566,3.784399146523241e-14,4.5957301467262434e-14,0.21634907038881424,0.783650929611102,2,20,20
12,8567,8.451737445231583e-15,4.529741406129306e-14,0.07812093162129984,0.9218790683786464,2,20,20
12,8568,8.460579619407877e-15,4.52971940745969e-14,0.08144907449474496,0.9185509255052015,2,20,20
12,8569,2.269420174355336e-12,5.441013443634287e-14,0.0016192133281078107,0.9983807866695683,2,20,20
12,8570,1.9056376154098742e-16,9.58245846998979e-16,1.8514712077058226e-06,0.9999981485287909,2,20,20
12,8571,9.989031883398034e-15,3.361246199086344e-17,1.994752969869817e-06,0.9999980052470201,2,20,20
12,8572,6.1548159798467675e-18,3.360244969865147e-17,8.793053553381029e-08,0.9999999120694646,2,20,20
12,8573,2.2768428899764623e-12,5.5538311468032485e-14,0.0016479182607564461,0.998352081736911,2,20,20
12,8574,2.2583687813674137e-12,9.852883102630598e-09,0.004151977274643374,0.9958480128702152,2,20,20
12,8575,2.2581938692219563e-12,9.852883102631538e-09,0.004123956388629559,0.9958760337562291,2,20,20
12,8576,6.424338800008242e-18,3.361250763634066e-17,5.449859835863762e-07,0.9999994550140163,2,20,20
12,8577,2.2773641571231377e-12,2.8398612046262067e-15,3.0003780847650245e-05,0.9999699962168724,2,20,20
12,8578,3.8885814125550137e-14,3.975697126058458e-14,0.13830666098741887,0.8616933390125023,2,20,20
12,8579,2.891689965493615e-14,3.9773350593497754e-14,0.13822552134386332,0.8617744786560679,2,20,20
12,8580,5.987917272108686e-13,3.0974338541269283e-12,0.13824534503684552,0.8617546549594586,2,20,20
12,8581,2.8926169481151237e-14,3.8832774457809023e-14,0.1382250923594037,0.8617749076405287,2,20,20
12,8582,6.87653622495218e-14,9.233792575443676e-14,0.13937785695513938,0.8606221430446996,2,20,20
12,8583,2.960218083327195e-14,4.0697679249232696e-14,0.1383066328906858,0.8616933671092439,2,20,20
12,8584,2.890768190768173e-14,3.883249487574017e-14,0.13822457979810085,0.8617754202018314,2,20,20
12,8585,3.217022323962954e-11,9.19607474963415e-14,0.14289333677259838,0.8571066631951396,2,20,20
12,8586,3.218126539225066e-11,5.410272598979971e-14,0.0046707560912635365,0.9953292438765012,2,20,20
12,8587,3.214202555179202e-11,5.408679312029702e-14,0.004671088945820384,0.9953289110219836,2,20,20
12,8588,6.992361762577949e-16,5.330563206940745e-14,0.003329228663707074,0.996670771336239,2,20,20
12,8589,4.134516513036688e-14,4.9832467663239727e-17,6.087903381810548e-05,0.9999391209661403,2,20,20
12,8590,1.0689938683479443e-14,3.0586319725607395e-12,2.3272534339133206e-05,0.9999767274625915,2,20,20
12,8591,1.016153119941872e-14,5.460342621875662e-14,4.0177191677131436e-06,0.9999959822807676,2,20,20
12,8592,6.896767357912665e-14,6.622045063234581e-15,0.43949678523952096,0.5605032147604034,2,20,20
12,8593,7.895138105013263e-14,6.6223312218580525e-15,0.43960659067018715,0.5603934093297273,2,20,20
12,8594,2.352819672375533e-11,1.2824085486896994e-10,0.5779723299326353,0.422027669915596,2,20,20
12,8595,1.2761845918076487e-05,3.0502399242673064e-14,0.49982422955767264,0.5001630085963785,2,20,20
12,8596,0.07201338134557424,5.222565879330694e-07,0.42784454471089656,0.5001415516869411,2,20,20
12,8597,4.579327400509019e-07,5.740964023919452e-14,0.501792647530221,0.49820689453698147,2,20,20
12,8598,4.488907365057298e-07,6.511705303816935e-12,0.5000204229749431,0.4999791281278086,2,20,20
12,8599,0.49225273111145146,3.89628335700015e-11,0.008553203571659108,0.49919406527792676,2,20,20
12,8600,0.4333822354784725,4.6460602833591044e-08,0.06661858632580785,0.4999991317351168,2,20,20
12,8601,0.4990301202532391,2.0247806818433137e-11,0.0009709516289938088,0.4999989280975192,2,20,20
12,8602,0.36946408924830376,4.783158321547958e-08,0.1305942276247067,0.4999416352954061,2,20,20
12,8603,0.49841512231036644,6.225589951412801e-15,0.0015849085966585118,0.4999999690929686,2,20,20
12,8604,0.012249453589014572,1.1128701296816255e-10,0.4877505819891586,0.4999999643105392,2,20,20
12,8605,0.012249453589014575,1.1128795438887372e-10,0.4877516028197263,0.49999894347997126,2,20,20
12,8606,1.7848163869586984e-16,9.582422190681198e-16,2.531807373492189e-06,0.9999974681926254,2,20,20
12,8607,5.691070492021072e-13,5.367013978392879e-14,8.411540180368329e-05,0.9999158845975735,2,20,20
12,8608,8.762025900778933e-16,5.459454603009767e-14,8.406749669727629e-05,0.9999159325032473,2,20,20
12,8609,8.762025900778933e-16,5.459454603009728e-14,8.4067496697276e-05,0.9999159325032472,2,20,20
12,8610,1.0173240530347236e-14,5.552522439977866e-14,8.839633800255146e-05,0.9999116036619319,2,20,20
12,8611,2.0684504540742937e-14,1.0728918826703901e-13,3.208877475675623e-05,0.9999679112251153,2,20,20
12,8612,5.791931182689923e-13,1.0822976473632264e-13,3.21140103718199e-05,0.9999678859889408,2,20,20
12,8613,2.4699986170611564e-17,8.894206922924628e-19,2.0330625830933148e-05,0.9999796693741693,2,20,20
12,8614,1.0009612146046725e-14,3.0583859657965397e-12,7.960022944968475e-05,0.9999203997674819,2,20,20
12,8615,7.040325110539803e-16,5.367274096918063e-14,6.026989368113898e-05,0.9999397301062645,2,20,20
12,8616,1.2891048066350793e-10,3.090721566026217e-12,0.0033408432232977323,0.9966591566447012,2,20,20
12,8617,1.7824591218745485e-16,9.57529570729794e-16,8.402865446332194e-05,0.9999159713455357,2,20,20
12,8618,1.0696674035747863e-14,3.0580677415946846e-12,0.00017012077919414397,0.9998298792177372,2,20,20
12,8619,1.7869590726261718e-16,5.4586920010461226e-14,3.951572854333157e-06,0.9999960484270909,2,20,20
12,8620,5.693719730907369e-13,5.552806027593026e-14,4.042787825336214e-06,0.9999959572115501,2,20,20
12,8621,5.691999133444059e-13,2.823746305637903e-15,3.0140314981104425e-06,0.9999969859679301,2,20,20
12,8622,7.253556575890536e-16,3.3043251862730936e-17,2.127772516713346e-06,0.9999978722274826,2,20,20
12,8623,5.691980611841122e-13,5.36927021891681e-14,0.00335106797245686,0.9966489320269204,2,20,20
12,8624,5.0099288775988877e-14,3.058411224063646e-12,0.000143041688777057,0.9998569583081143,2,20,20
12,8625,4.992407665948032e-14,3.057454012345165e-12,6.0481639223710435e-05,0.9999395183576688,2,20,20
12,8626,3.631343207443239e-14,1.2614971051790246e-10,0.13825693800133218,0.8617430618724815,2,20,20
12,8627,1.137812293333878e-14,5.449633413664619e-14,0.00117418242342041,0.9988258175765135,2,20,20
12,8628,1.1375076514999738e-14,5.3555504425627556e-14,0.0011549195045619982,0.998845080495373,2,20,20
12,8629,1.2919206707551358e-10,3.044032805586511e-12,0.0022588730311217785,0.9977411268366423,2,20,20
12,8630,1.1369929311685543e-12,3.104344865549637e-12,0.0012467470058469155,0.9987532529899118,2,20,20
12,8631,5.678862594269778e-13,3.0507239852905606e-12,0.001163617523242384,0.998836382473139,2,20,20
12,8632,3.61661624780579e-18,3.332788428435746e-17,1.5016011923588811e-06,0.9999984983988075,2,20,20
12,8633,3.994239496349067e-14,9.58138729003764e-16,6.027100231181223e-05,0.9999397289976475,2,20,20
12,8634,3.775550673937177e-18,9.579690191489104e-16,4.253199978071703e-07,0.9999995746800014,2,20,20
12,8635,1.8759383075036983e-16,1.8828097661702767e-15,2.1762925902756815e-05,0.9999782370740953,2,20,20
12,8636,5.69198822538082e-13,5.4587215055633305e-14,2.5423907018392394e-06,0.9999974576086743,2,20,20
12,8637,1.0686132682344913e-14,1.8824627589024023e-15,3.9595510847444034e-05,0.9999604044891405,2,20,20
12,8638,2.9930665935903393e-11,9.724442867672769e-16,0.03859733485113388,0.9614026651189342,2,20,20
12,8639,3.049977777981245e-11,3.0573255688576263e-12,0.03867971125457909,0.9613202887118636,2,20,20
12,8640,1.865914989757347e-16,5.516459116758713e-14,0.0033302417547542906,0.9966697582451906,2,20,20
12,8641,1.7425283141142289e-16,5.422345005570345e-14,0.003329186242134869,0.9966708137578107,2,20,20
12,8642,3.813202236749022e-19,1.710115109253082e-17,1.4929631410070746e-06,0.9999985070368589,2,20,20
12,8643,2.3108781693813123e-16,3.829072453125404e-17,0.1746276273070031,0.825372372692997,2,20,20
12,8644,7.037671532248692e-16,9.578539915193073e-16,5.883610942431473e-05,0.9999411638905741,2,20,20
12,8645,7.038204751632675e-16,9.578512181562145e-16,0.00014137068138066105,0.9998586293186176,2,20,20
12,8646,3.292738544777545e-19,1.1590539286743732e-18,1.4754940918749714e-06,0.999998524505908,2,20,20
12,8647,1.9078448028308207e-16,9.747578830688384e-16,1.985767731869249e-06,0.9999980142322671,2,20,20
12,8648,1.845065485389467e-17,9.741885797907434e-16,2.9169938692105524e-06,0.9999970830061298,2,20,20
12,8649,3.50818917413262e-16,5.3678787433823063e-14,2.553370529863553e-06,0.9999974466294164,2,20,20
12,8650,2.2869581715842145e-12,1.8992606218921767e-15,7.022135835247607e-05,0.9999297786393584,2,20,20
12,8651,1.0510163640521534e-15,1.8988060375571673e-15,0.00011261144719252826,0.9998873885528043,2,20,20
12,8652,1.0675820003357113e-14,1.738932031609199e-10,0.001214163838654673,0.9987858359874413,2,20,20
12,8653,9.981307841835907e-15,1.070444712594194e-13,0.0012364055885489879,0.9987635944113338,2,20,20
12,8654,1.4047722833333366e-15,9.744726672342526e-16,8.297815281708996e-05,0.9999170218471803,2,20,20
12,8655,2.105481456691751e-15,1.8991195646102574e-15,1.8668716569109326e-06,0.999998133128339,2,20,20
12,8656,1.7891775120553848e-16,1.9153257319661757e-15,2.098355210860943e-06,0.9999979016447869,2,20,20
12,8657,1.0173796339827951e-14,1.0730583209865935e-13,2.2796799974444198e-05,0.9999772031999082,2,20,20
12,8658,9.984561192464797e-15,5.363747271365592e-14,8.263504574728505e-05,0.9999173649541888,2,20,20
12,8659,7.068860070115446e-16,5.36394556813712e-14,6.172159449294752e-05,0.9999382784054526,2,20,20
12,8660,7.009566032346637e-16,5.364001488111543e-14,5.884664984751445e-05,0.9999411533500981,2,20,20
12,8661,4.882007368356546e-19,1.738070536226388e-17,1.475368120004381e-06,0.9999985246318799,2,20,20
12,8662,1.0171773342966015e-14,1.8827330195960022e-15,8.40744863410025e-05,0.9999159255136469,2,20,20
12,8663,3.243951711036082e-11,1.0917210487263674e-13,0.0001672139279790643,0.999832786039472,2,20,20
12,8664,2.277396713492565e-12,5.64668399760481e-14,0.0001040109631460277,0.9998959890345201,2,20,20
12,8665,5.786669677277785e-13,3.0918529540655342e-12,0.0049485683656230505,0.9950514316307065,2,20,20
12,8666,2.3963922428530515e-05,3.103367887952557e-12,0.006099727439120597,0.9938763086353474,2,20,20
12,8667,2.396392469498807e-05,6.159876073213136e-12,0.0014903635858589444,0.9984856724832862,2,20,20
12,8668,2.3963922419337396e-05,1.7683260944215482e-10,0.0030507547701984954,0.9969252811305496,2,20,20
12,8669,8.854696370574671e-16,1.7373111593778333e-10,0.001621773085557312,0.9983782267407108,2,20,20
12,8670,7.378818966312397e-09,9.910045636733055e-09,0.0012503584499094689,0.9987496242612259,2,20,20
12,8671,7.988630112715351e-14,3.0582413228253232e-12,0.0002104713688078797,0.999789528628054,2,20,20
12,8672,1.9983755087401253e-16,9.58536811691608e-16,2.107338998998459e-06,0.9999978926609999,2,20,20
12,8673,1.7737089284925806e-16,5.4223729654756696e-14,0.003330659167743488,0.9966693408322022,2,20,20
12,8674,9.991486747121894e-15,9.744137772971136e-16,3.0076924208420184e-05,0.9999699230757809,2,20,20
12,8675,3.987005962946607e-14,5.3555227169561697e-14,0.0011822943261855599,0.9988177056737213,2,20,20
12,8676,4.992305250125882e-14,1.0823992818387325e-13,8.443086868729296e-05,0.9999155691311546,2,20,20
12,8677,3.994949529912609e-14,5.551920411044716e-14,0.00014139219378790993,0.9998586078061168,2,20,20
12,8678,4.0124608228893274e-14,3.112015355442354e-12,0.00014306298293636192,0.9998569370139113,2,20,20
12,8679,6.901002949258036e-18,9.74318039505673e-16,8.26110761741308e-05,0.9999173889238246,2,20,20
12,8680,1.8176845596407985e-16,5.4603266083442924e-14,8.506307454677469e-05,0.9999149369253982,2,20,20
12,8681,4.012246054968207e-14,5.3679361591469845e-14,2.8840645189179765e-06,0.9999971159353873,2,20,20
12,8682,8.761729928567346e-16,5.460342126285532e-14,3.951883631729387e-06,0.9999960481163129,2,20,20
12,8683,1.7589190968729308e-16,5.367877838428778e-14,6.127570973111908e-05,0.9999387242902152,2,20,20
12,8684,1.0685269420123136e-14,5.457861382744765e-14,8.366620832952725e-05,0.9999163337916053,2,20,20
12,8685,3.9949996220520503e-14,9.582565925600007e-16,1.492429727673165e-06,0.9999985075702315,2,20,20
12,8686,5.984224201698718e-14,9.747062787864384e-16,0.0019893497882020627,0.998010650211737,2,20,20
12,8687,3.9953065023355477e-14,1.899117332616681e-15,2.9407072679911483e-06,0.9999970592926903,2,20,20
12,8688,1.0514205152017071e-15,9.747599741640539e-16,1.881656317943535e-06,0.9999981183436801,2,20,20
12,8689,8.88576233112737e-16,1.8993990613677237e-15,1.8740347093205217e-06,0.9999981259652879,2,20,20
12,8690,7.161642287346842e-16,1.882850131315686e-15,2.1781755037875314e-05,0.9999782182449597,2,20,20
12,8691,2.286561273387908e-12,3.059381747535291e-12,5.4529714836110416e-05,0.9999454702798181,2,20,20
12,8692,5.691420561937377e-13,3.11201812273859e-12,6.193858232724945e-05,0.9999380614139916,2,20,20
12,8693,7.130536461823595e-16,5.459482286015222e-14,8.40671790166017e-05,0.9999159328209282,2,20,20
12,8694,5.000482316686147e-14,9.579907677384907e-16,0.004761277294153347,0.9952387227057956,2,20,20
12,8695,4.2155422536554685e-07,6.115254496336047e-12,0.0001371459446416088,0.9998624324950176,2,20,20
12,8696,4.2155650196006e-07,6.168899728258811e-12,0.00011113251565334284,0.9998884459216756,2,20,20
12,8697,4.992856170414999e-14,5.4613490825522594e-14,6.088769629153947e-05,0.9999391123036041,2,20,20
12,8698,7.133831025134105e-16,9.57962013025381e-16,2.52313203800534e-06,0.9999974768679604,2,20,20
12,8699,9.998399665259144e-15,5.366228101562617e-14,3.534570726380173e-06,0.9999964654292101,2,20,20
12,8700,1.0171715273699003e-14,1.7111012839997597e-17,8.523384920483964e-05,0.9999147661507852,2,20,20
12,8701,1.8661041404893293e-17,3.332720497925191e-17,2.173682254303392e-05,0.9999782631774567,2,20,20
12,8702,9.037326620738419e-16,5.45975631534712e-14,7.910795617809349e-05,0.9999208920437663,2,20,20
12,8703,4.064739750549006e-14,9.744328308172982e-16,2.2381213062242326e-05,0.9999776187868963,2,20,20
12,8704,7.191885849684375e-16,9.582161597513784e-16,2.0696316384402346e-05,0.999979303683614,2,20,20
12,8705,1.8450688229001812e-17,3.332787402371858e-17,1.831443528065036e-06,0.9999981685564718,2,20,20
12,8706,2.771570004791204e-17,5.4586920008832904e-14,3.951563017052169e-06,0.999996048436928,2,20,20
12,8707,1.2938804164674825e-10,9.743865728498766e-16,0.0014998041052958905,0.9985001957653153,2,20,20
12,8708,3.56736516975055e-18,9.4202692199324e-16,4.0078232427986956e-07,0.999999599217675,2,20,20
12,8709,1.7551302677536434e-16,1.7384966605076516e-17,2.8539752459359916e-05,0.9999714602475404,2,20,20
12,8710,1.401534374059998e-15,9.744639654958467e-16,1.1189709216116193e-06,0.999998881029076,2,20,20
12,8711,7.133316397053696e-16,1.8828871953518543e-15,2.0979954716212405e-06,0.999997902004526,2,20,20
12,8712,1.1386894984674632e-14,5.461702204607241e-14,3.0661566013286896e-05,0.9999693384339208,2,20,20
12,8713,3.2407573485565665e-11,3.481778250073446e-10,0.001335964801098932,0.9986640348183156,2,20,20
12,8714,3.236763908767261e-11,1.7393652479696599e-10,0.0011833761302244281,0.9988166236634712,2,20,20
12,8715,3.9940097467133943e-14,1.7426450557071364e-10,8.855078601259354e-05,0.9999114490396828,2,20,20
12,8716,3.9952119267613703e-14,1.742645055707469e-10,8.756261748001123e-05,0.9999124372082155,2,20,20
12,8717,3.993988279267741e-14,1.7426448906944996e-10,8.754497037591512e-05,0.9999124548553198,2,20,20
12,8718,9.987795638421057e-15,5.365425459475205e-14,8.264460270549898e-05,0.9999173553972306,2,20,20
12,8719,7.038485314533952e-16,6.604578037644243e-17,1.0940578195240915e-06,0.9999989059421797,2,20,20
12,8720,1.0160618932056026e-14,9.5853019696348e-16,2.9989821832628918e-05,0.9999700101781559,2,20,20
12,8721,2.2673222496481754e-12,1.7354413494821528e-10,0.0021581658276176984,0.9978418339965707,2,20,20
12,8722,2.2671471132250376e-12,1.735431938078739e-10,0.0021567244321500706,0.9978432753920397,2,20,20
12,8723,7.024907859472687e-16,3.0507518152474145e-12,0.0011537514903080743,0.9988462485066406,2,20,20
12,8724,1.5766771077333363e-15,5.3659648286801984e-14,3.0725120793666656e-05,0.9999692748791511,2,20,20
12,8725,5.384940024460993e-16,3.7643983328161535e-15,5.9811064204460915e-05,0.999940188935791,2,20,20
12,8726,3.538889866825772e-16,1.882892565941606e-15,1.0699343453586817e-06,0.9999989300656522,2,20,20
12,8727,7.027017985052112e-16,1.8944850227062606e-15,0.001153741243223937,0.9988462587567736,2,20,20
12,8728,1.0532468069959787e-15,2.8356373377278307e-15,0.0011542413071931536,0.9988457586928029,2,20,20
12,8729,1.2856688844831143e-10,1.7272311041627727e-10,0.004665018924764309,0.9953349807739458,2,20,20
12,8730,1.2891372461692237e-10,3.0907340393853244e-12,0.006658703762159641,0.9933412961058361,2,20,20
12,8731,1.2891374464663812e-10,3.037478526282406e-12,0.0033299095115547693,0.9966700903564942,2,20,20
12,8732,5.691073463202491e-13,5.367019091925873e-14,8.267247737087078e-05,0.9999173275220062,2,20,20
12,8733,5.691288591327942e-13,5.36539792079509e-14,8.266530759357025e-05,0.9999173346917836,2,20,20
12,8734,2.84606145439461e-12,1.073153803170583e-13,8.51192289461851e-05,0.9999148807681004,2,20,20
12,8735,9.987463112280999e-15,1.7388034153618146e-17,8.461613707820553e-05,0.999915383862912,2,20,20
12,8736,9.987410202041548e-15,1.7108435934300177e-17,8.319289621275174e-05,0.9999168071037775,2,20,20
12,8737,3.3530480270457767e-07,1.5026224354261243e-10,0.1784907615468641,0.821508902998071,2,20,20
12,8738,5.5036844429454666e-11,1.4783097964942916e-10,0.07591851829828415,0.9240814814988478,2,20,20
12,8739,8.740484938714408e-11,3.2176578079519063e-10,0.07710430709185817,0.922895692498971,2,20,20
12,8740,5.5046830062000294e-11,1.4783192051028495e-10,0.0759189789067533,0.9240810208903678,2,20,20
12,8741,5.503684442575391e-11,1.4783097936986254e-10,0.07591752982547552,0.9240824699716566,2,20,20
12,8742,5.50368687973301e-11,1.4783096343773035e-10,0.07593779072903091,0.9240622090681011,2,20,20
12,8743,1.2935453995422122e-10,3.1013193202817896e-12,0.0016285209012505894,0.9983714789662936,2,20,20
12,8744,7.284868924212191e-16,3.390205735735096e-17,1.7450585821936134e-06,0.9999982549414173,2,20,20
12,8745,9.988985884212429e-15,5.3678577983256865e-14,3.280192685955277e-06,0.9999967198072506,2,20,20
12,8746,1.297615333129065e-10,3.0583954831405916e-12,6.052763455809536e-05,0.999939472232622,2,20,20
12,8747,8.789543063624758e-16,5.367274097145244e-14,6.029535465110304e-05,0.9999397046452942,2,20,20
12,8748,1.9791565197787482e-13,1.540191502201084e-11,0.4568121314439405,0.5431878685404596,2,20,20
12,8749,2.312768527313165e-10,0.14951433164672434,0.33798071510307404,0.5125049530189247,2,20,20
12,8750,2.3127755344375027e-10,0.14951433164672345,0.33798104752699326,0.5125046205950058,2,20,20
12,8751,5.376475452249702e-14,0.1404988274832679,0.35950221314031333,0.4999989593763648,2,20,20
12,8752,3.400821914038612e-15,0.49971489447649964,0.0002851494887639831,0.49999995603473296,2,20,20
12,8753,1.903014461509753e-13,0.49960152646121947,0.0004810519608594236,0.49991742157773045,2,20,20
12,8754,1.544749865272107e-10,0.49931916157660206,0.0006809071414536295,0.4999999311274693,2,20,20
12,8755,1.7407259445173794e-08,0.24676460251651636,0.25323528749122504,0.500000092584999,2,20,20
12,8756,3.999993089067615e-15,0.4785136799592011,0.02148779070167827,0.4999985293391165,2,20,20
12,8757,4.783561371891732e-14,0.49989626081144367,0.00013225274837554873,0.4999714864401327,2,20,20
12,8758,5.699713330643183e-13,0.47851906808148137,0.02156444664901892,0.4999164852689294,2,20,20
12,8759,1.074856434573018e-14,0.47851906808142775,0.02614494210373606,0.4953359898148253,2,20,20
12,8760,5.791469668209341e-12,0.2651436645653439,0.2395203456140482,0.49533598981481636,2,20,20
12,8761,5.78158917621567e-12,0.2651436645653439,0.23485739246843132,0.4999989429604433,2,20,20
12,8762,6.350660715826272e-12,0.26514366456840005,0.23496766443775796,0.49988867098749157,2,20,20
12,8763,7.593729868956589e-13,0.49960152646427564,0.0005098025462664695,0.4998886709886985,2,20,20
12,8764,1.9028953147714322e-13,0.4996015264612185,0.00039950541625421456,0.4999989681223368,2,20,20
12,8765,1.4683591480478042e-12,0.26555192841128283,0.23444910136193567,0.49999897022531337,2,20,20
12,8766,2.2907914870591356e-12,0.140498931751352,0.35952247391966335,0.49997859432669367,2,20,20
12,8767,1.9031963694772987e-13,0.49960474663858667,0.0003967026646214838,0.4999985506966015,2,20,20
12,8768,2.5018835048939432e-12,0.4996047466385876,0.001549402495598772,0.4988458508633117,2,20,20
12,8769,2.3591686234332516e-12,0.49932573519038986,0.001828409988573202,0.4988458548186776,2,20,20
12,8770,7.377070485644251e-11,0.0010459506182423737,0.4989757973707878,0.49997825193719875,2,20,20
12,8771,7.377069269678984e-11,0.001045950615184716,0.4989560164899563,0.49999803282108835,2,20,20
12,8772,7.376071029776127e-11,0.0010459506151837754,0.4989540933857801,0.49999995592527563,2,20,20
12,8773,0.4256532394545135,1.1215123887230544e-15,0.07434781932155879,0.4999989412239267,2,20,20
12,8774,0.42280577697713173,8.980274646820277e-13,0.08052340354638861,0.4966708194755818,2,20,20
12,8775,0.4228057769771317,8.970770454079622e-13,0.07719459285565608,0.4999996301663153,2,20,20
12,8776,0.422805776977131,8.97076471230193e-13,0.07719423723183763,0.4999999857901345,2,20,20
12,8777,0.49736895560390704,1.2657978746383678e-07,0.002630926002827021,0.4999999918134785,2,20,20
12,8778,0.4999990220737437,1.8479192827267267e-17,2.4276644586519266e-06,0.4999985502617977,2,20,20
12,8779,0.4999990220737836,9.59625543153593e-16,2.053112416464956e-06,0.49999892481379904,2,20,20
12,8780,0.4999990220737437,2.831720535046775e-18,1.0055583726685766e-06,0.4999999723678835,2,20,20
12,8781,1.546398357381672e-05,6.392417878991063e-09,0.49998455724674457,0.4999999723772634,2,20,20
12,8782,0.0008797022031944859,3.508078315259915e-14,0.49912133791956953,0.4999989598772011,2,20,20
12,8783,6.6338246100024e-08,1.1353708805972397e-10,0.4999982533083645,0.5000016802398519,2,20,20
12,8784,0.04378837404685731,1.841826725497971e-05,0.45619311684258196,0.5000000908433048,2,20,20
12,8785,1.5522626531470342e-05,3.987467022287179e-12,0.5000432983019164,0.4999411790675653,2,20,20
12,8786,1.5522755848435305e-05,4.040771299442828e-12,0.5016038519079509,0.4983806253321607,2,20,20
12,8787,1.552262705890175e-05,6.981732943050111e-12,0.5016035963277333,0.4983808810382266,2,20,20
12,8788,4.1192182313888085e-06,1.9095118732414802e-08,0.49999686377289354,0.49999899791375596,2,20,20
12,8789,4.119218271329385e-06,1.909511965705479e-08,0.499996906519803,0.4999989551668057,2,20,20
12,8790,1.1638218581308277e-09,0.0010822342791278626,0.49891883974275353,0.499998924814297,2,20,20
12,8791,2.7231787903517477e-07,6.614444770445069e-09,0.5000025611603097,0.4999971599073667,2,20,20
12,8792,3.7822689583777873e-06,3.6239005374053363e-07,0.499981678484573,0.5000141768564144,2,20,20
12,8793,3.782268959075665e-06,3.623900537405409e-07,0.4999194048580747,0.5000764504829122,2,20,20
12,8794,0.23262823032040533,9.787741971338925e-05,0.26728601276550745,0.499987879494374,2,20,20
12,8795,0.4974522703973431,1.1312256845198373e-09,0.0025484789039617248,0.4999992495674695,2,20,20
12,8796,0.4974522703973431,1.1312783827969231e-09,0.0026062420141786617,0.4999414864571998,2,20,20
12,8797,0.34283958870952536,2.024564408172133e-06,0.15721703500429515,0.4999413517217711,2,20,20
12,8798,0.3428395887095252,2.0245643545167724e-06,0.157158251054765,0.5000001356713553,2,20,20
12,8799,0.3428395887095261,2.0245644079884957e-06,0.15877742331753605,0.4983809634085302,2,20,20
12,8800,0.17872255179720808,4.933909836741699e-06,0.3212500481678641,0.5000224661250917,2,20,20
12,8801,0.48793615490922415,4.663461473793903e-16,0.012064894862897031,0.4999989502278784,2,20,20
12,8802,0.49365883951875217,8.27768231811127e-11,0.00640115708121812,0.4999400033172528,2,20,20
12,8803,0.4752144115412652,4.5351775869173165e-09,0.024867011402792658,0.4999185725207643,2,20,20
12,8804,0.49255564389265627,1.4559707330015601e-12,0.007526955753614502,0.4999174003522732,2,20,20
12,8805,0.34665085382280386,1.79569622040096e-07,0.1533490093497806,0.49999995725779334,2,20,20
12,8806,0.49543859343407576,5.044200885482672e-07,0.004560903116470618,0.4999999990293649,2,20,20
12,8807,0.49977136923226667,5.117971145742709e-14,0.00022867428701913957,0.499999956480663,2,20,20
12,8808,0.019991417995260555,1.816241607887993e-10,0.48000963930415447,0.4999989425189609,2,20,20
12,8809,0.48044625979905475,2.575894669405297e-07,0.01955410611548427,0.4999993764959938,2,20,20
12,8810,0.49988937902623576,7.820831844901042e-14,0.00011245105671989115,0.4999981699169658,2,20,20
12,8811,0.49992824306181594,1.998643596704054e-11,7.35873729730969e-05,0.4999981695452242,2,20,20
12,8812,0.20751207481446013,3.313839235949647e-11,0.2924892519518994,0.49999867320050145,2,20,20
12,8813,0.3413987046101714,1.7684918610872667e-07,0.15866073821879692,0.4999403803218458,2,20,20
12,8814,0.09937437029143188,0.00014910675107846055,0.39983646490279484,0.5006400580546947,2,20,20
12,8815,0.019986597166011737,3.1894516043358316e-12,0.4800721932758364,0.4999412095549626,2,20,20
12,8816,0.0003117294141252412,5.066967972740714e-07,0.499632671229811,0.5000550926592661,2,20,20
12,8817,0.2709481233515473,1.3797500855190215e-07,0.2291343451828431,0.4999173934906011,2,20,20
12,8818,0.20570272023920994,1.901081090252519e-09,0.2943798753160791,0.4999174025436292,2,20,20
12,8819,0.20570272023920977,1.9010810905348433e-09,0.2942973126328565,0.4999999652268523,2,20,20
12,8820,0.20570272023920977,1.9010820151738856e-09,0.2942987359400073,0.49999854191970033,2,20,20
12,8821,0.49376366493579027,1.9945625656225173e-11,0.00623780218332766,0.4999985328609363,2,20,20
12,8822,0.4999547196483446,3.985010775703442e-11,4.674726901292709e-05,0.49999853304279224,2,20,20
12,8823,0.4973125901519821,3.6076704799835454e-06,0.0026835443128777415,0.5000002578646603,2,20,20
12,8824,0.4990938638406892,3.5154959523412325e-16,0.0009075256227686364,0.4999986105365419,2,20,20
12,8825,0.49909386384068866,3.0579928271747887e-12,0.0009278754032697952,0.4999782607529837,2,20,20
12,8826,0.01580443038804199,0.0014895494409384762,0.4827885684167902,0.49991745175422886,2,20,20
12,8827,0.019975500472344025,9.396934102773432e-12,0.4846885475314067,0.4953359519868521,2,20,20
12,8828,0.0001824197708260007,5.385948774640435e-09,0.5044815993352298,0.4953359755079954,2,20,20
12,8829,1.1643233127744328e-07,1.9257117588557597e-10,0.5000587037221571,0.4999411796529401,2,20,20
12,8830,0.010226725673623125,5.209389098737862e-09,0.48977329400058434,0.49999997511640315,2,20,20
12,8831,1.1248010126523388e-07,5.92060962404546e-14,0.5000557983702764,0.49994408914956306,2,20,20
12,8832,1.1248010196109551e-07,3.0956943124924202e-12,0.503326431792304,0.49667345572449806,2,20,20
12,8833,0.00036278993711251495,6.447048920268583e-12,0.5029665842239354,0.4966706258325044,2,20,20
12,8834,2.043454402026046e-09,6.02336027477193e-14,0.500001804523263,0.4999981934332215,2,20,20
12,8835,0.35179591833095986,1.942290918591634e-14,0.14820510574291956,0.4999989759261012,2,20,20
12,8836,0.48793706702786865,4.589562140423574e-16,0.012063965269627155,0.49999896770250374,2,20,20
12,8837,0.34525212250950754,1.0175486629056407e-05,0.15478492327413135,0.4999527787297322,2,20,20
12,8838,0.4731932413164933,2.4096992597955645e-07,0.02683791230917515,0.49996860540440546,2,20,20
12,8839,3.2052688147930128e-06,1.8741362973179678e-10,0.4954923430202847,0.5045044515234867,2,20,20
12,8840,6.5225234604281995e-06,3.433886795949914e-12,0.4999955436111805,0.499997933861925,2,20,20
12,8841,6.390290997342533e-06,3.772456665260274e-10,0.49999541613594467,0.49999819319581235,2,20,20
12,8842,2.2487881379373707e-07,1.0786465068905312e-08,0.5000015711386336,0.49999819319608685,2,20,20
12,8843,0.47808759417985086,2.435315319715647e-07,0.02184706164116692,0.5000651006474506,2,20,20
12,8844,0.4780875941798507,2.435315319556275e-07,0.021847478943859112,0.5000646833447584,2,20,20
12,8845,0.2909762566045916,2.6435496452514373e-09,0.2090251778864892,0.49999856286536964,2,20,20
12,8846,0.4903279756717229,2.492933691181718e-14,0.009673474059914316,0.4999985502683381,2,20,20
12,8847,0.0061970078991573875,6.307442037973557e-09,0.4938044355268118,0.499998550266589,2,20,20
12,8848,0.00022019908078180905,6.389457640104205e-09,0.49983979194728906,0.49994000258247123,2,20,20
12,8849,7.198794927170637e-08,2.0603974436586253e-05,0.49984291393820374,0.5001364100994103,2,20,20
12,8850,7.198794787045039e-08,2.060397443658596e-05,0.4997843659478199,0.5001949580897956,2,20,20
12,8851,0.00022021577800116282,3.727250622984292e-14,0.4997812513564026,0.499998532865559,2,20,20
12,8852,0.0002202157780111043,3.084236733577657e-12,0.5013988515912718,0.4983809326276326,2,20,20
12,8853,0.00022021578027267495,8.986913634359491e-14,0.5009395501056467,0.498840234113991,2,20,20
12,8854,0.04287775830858744,5.438201796885788e-09,0.45718075714317236,0.4999414791100389,2,20,20
12,8855,0.04287775830859603,5.441259233785014e-09,0.45718122230024405,0.4999410139499012,2,20,20
12,8856,0.04287775830862572,5.441239225566868e-09,0.4604501849842288,0.49667205126590663,2,20,20
12,8857,0.499048128615706,3.3805128116415147e-12,0.004281296643966348,0.496670574736947,2,20,20
12,8858,0.49904812861566633,3.4400876857951377e-13,0.0009522530436109468,0.49999961834037865,2,20,20
12,8859,0.4983941654210264,5.926806431353591e-11,0.0016059084817018783,0.4999999260380036,2,20,20
12,8860,0.01688211681316891,9.080260770240038e-07,0.47620736658448753,0.506909608576266,2,20,20
12,8861,6.410852395931341e-06,1.0603423815292182e-08,0.49999642901912755,0.49999714952505214,2,20,20
12,8862,1.2476217430612867e-05,3.680392607374794e-10,0.49966963658249836,0.500317886832031,2,20,20
12,8863,1.2476217440423775e-05,3.6809290591967655e-10,0.4996706622155514,0.5003168611989148,2,20,20
12,8864,0.010202350362670818,5.2848121548667415e-09,0.4897980008325341,0.49999964351998255,2,20,20
12,8865,2.0019570453338054e-09,3.309254889390643e-12,0.5000841987878869,0.4999157992068464,2,20,20
12,8866,0.00036368682620181763,5.521712029641841e-10,0.49955709605274434,0.5000792165688823,2,20,20
12,8867,0.010375409986109566,1.853285261329125e-10,0.4896245853153725,0.5000000045131892,2,20,20
12,8868,0.0199900638029282,1.0533426189876781e-08,0.48000987264774564,0.5000000530159,2,20,20
12,8869,0.02025779340100514,2.062541816914725e-08,0.47974222823921964,0.4999999577343561,2,20,20
12,8870,0.0003639222965386422,6.500466688434119e-12,0.49963037231554924,0.5000057053814114,2,20,20
12,8871,0.4999998583063017,6.056610325752822e-19,1.7412277045161885e-07,0.4999999675709278,2,20,20
12,8872,0.4999998583063017,9.411768154941094e-16,1.6088398870783708e-06,0.49999853285381046,2,20,20
12,8873,0.050007219081974814,1.6547303871627838e-05,0.45005878656005166,0.49991744705410096,2,20,20
12,8874,0.40733287472683777,3.007644913284503e-06,0.09270946905554457,0.4999546485727044,2,20,20
12,8875,0.40733287472679786,3.0076448605862958e-06,0.09265107000483239,0.5000130476235092,2,20,20
12,8876,0.49992821516121744,7.005483085914001e-13,7.282547464107958e-05,0.49999895936344085,2,20,20
12,8877,0.42455717662184506,3.646226461778936e-12,0.07548388993833023,0.49995893343617803,2,20,20
12,8878,0.49842867484722,1.9531623691085536e-11,0.0016538983837689023,0.4999174267494795,2,20,20
12,8879,0.47696964630833627,4.6160125358065935e-07,0.023112413377963874,0.4999174787124462,2,20,20
12,8880,0.48844500219491094,2.529362679645509e-07,0.011574888039681238,0.49997985682913976,2,20,20
12,8881,0.48378545977158205,1.4266761549282391e-05,0.02081069212654884,0.49538958134031946,2,20,20
12,8882,0.48378545977329496,1.4266588885698021e-05,0.016134958987168064,0.5000653146506508,2,20,20
12,8883,0.4837854597710182,1.4266588885681789e-05,0.016134873842391376,0.5000653997977041,2,20,20
12,8884,0.2943536789746235,1.4956037133788238e-14,0.20564779547778148,0.49999852554757973,2,20,20
12,8885,0.4999009979994821,7.005518843343784e-13,0.0034283728435243787,0.49667062915629323,2,20,20
12,8886,0.49990099799944315,7.532703702865038e-13,0.0001816020299251891,0.4999173999698785,2,20,20
12,8887,0.49990099799944937,1.3651093375286205e-09,0.4988942971198776,0.0012047035155630635,2,20,20
12,8888,0.07119131598702534,3.617791069791997e-06,0.9287830235408554,2.2042681050270497e-05,2,20,20
12,8889,0.3551197826722772,3.653775356388289e-06,0.6448591434649336,1.742008743349865e-05,2,20,20
12,8890,0.35513139271617317,3.072614934164029e-05,0.6448376647996269,2.1633485865656472e-07,2,20,20
12,8891,0.3551327988919882,5.059822620390358e-08,0.644865445677044,1.7048327419134681e-06,2,20,20
12,8892,0.8519189068667755,4.633792584962543e-08,0.1480805246082699,5.221870288348663e-07,2,20,20
12,8893,0.40795865056978814,8.014031652242446e-10,0.5920408014936862,5.471351232815256e-07,2,20,20
12,8894,0.23826716232665396,5.620607128894678e-07,0.7598601592718229,0.0018721163408098296,2,20,20
12,8895,0.3249527798956727,3.2539959246095204e-07,0.6749804422036978,6.645250103681223e-05,2,20,20
12,8896,0.5057310142073252,1.6900886986593123e-07,0.49426880264306455,1.4140740273898293e-08,2,20,20
12,8897,0.5023616169534845,1.6900921106133204e-07,0.49763819989488034,1.41424240570251e-08,2,20,20
12,8898,0.5055956650498574,1.6744876847273482e-07,0.49440338292509906,7.845762759521389e-07,2,20,20
12,8899,0.9244391083353629,3.9768893870500484e-11,0.07556089134481785,2.800503870675587e-10,2,20,20
12,8900,0.9911640879339627,2.9108682774058677e-06,0.008832749237884263,2.519598757579191e-07,2,20,20
12,8901,0.9177705377580212,2.9117947609354287e-06,0.08222629398170002,2.564655177822235e-07,2,20,20
12,8902,0.5014752829654743,9.84626710747934e-07,0.49838649332272666,0.00013723908508858783,2,20,20
12,8903,0.4999730957267873,1.043717359456268e-15,0.5000269033552851,9.179258847146555e-10,2,20,20
12,8904,0.49686284173345935,5.105146177507461e-07,0.503136636606883,1.1145039836336083e-08,2,20,20
12,8905,0.9014098187815476,1.3935559852710914e-05,0.0985759391962756,3.064623240713252e-07,2,20,20
12,8906,0.5751527565234734,0.00022868014422879233,0.4240734118784505,0.0005451514538478856,2,20,20
12,8907,0.7936423725487014,1.4218256413553607e-07,0.20635614856659631,1.3367021380206557e-06,2,20,20
12,8908,0.9932909308605031,4.581301330925604e-09,0.006709038039687158,2.651850822429233e-08,2,20,20
12,8909,0.4952342270542509,1.323826104181661e-07,0.5047653044074085,3.361557296003334e-07,2,20,20
12,8910,0.49617744567190225,0.013022704458614148,0.49078040453689714,1.9445332585890405e-05,2,20,20
12,8911,0.4971444776401633,0.0015292948998742563,0.5013262260664052,1.3935569517673683e-09,2,20,20
12,8912,0.5343525909689157,4.967444085898222e-09,0.4655705034499087,7.69006137311082e-05,2,20,20
12,8913,0.5697582580023139,1.4506465967224487e-09,0.43024174054470105,2.3387380441815735e-12,2,20,20
12,8914,0.5007967691624851,1.884870745054373e-08,0.4990636505601202,0.00013956142868697675,2,20,20
12,8915,0.571148735875667,5.162987780512614e-07,0.4288507462969612,1.5285936481616894e-09,2,20,20
12,8916,0.5013566773631987,6.4833678545742664e-12,0.4896757758009591,0.008967546829359038,2,20,20
12,8917,0.9979611741715737,3.9723393742081435e-11,0.0020385184022397563,3.0738646308859026e-07,2,20,20
12,8918,0.5039747767607144,7.553018018022244e-05,0.4955896950477877,0.0003599980113175071,2,20,20
12,8919,0.5013441756483131,0.0004481721653834687,0.4981698586076318,3.7793578672345395e-05,2,20,20
12,8920,0.9837254774481448,5.008386084264295e-07,0.016272472401403743,1.5493118432282733e-06,2,20,20
12,8921,0.5002202158507634,4.002206119622196e-12,0.4997780474749282,1.7366703062766644e-06,2,20,20
12,8922,0.0016758046076631524,1.3809102615920656e-11,0.9983224578097883,1.7375687388643903e-06,2,20,20
12,8923,0.49690076839674996,5.13234552819994e-08,0.5030991750126994,5.267095272856287e-09,2,20,20
12,8924,0.9935664916061846,5.1333502901367426e-08,0.006433452691591728,4.368720445005169e-09,2,20,20
12,8925,0.9195527244974578,9.804233997839533e-10,0.07961233321012431,0.0008349413119944898,2,20,20
12,8926,0.4314602052870604,2.1901172386144768e-07,0.5676454181384568,0.0008941575627569597,2,20,20
12,8927,0.49990124240366385,0.00011856107833984334,0.4999699793857807,1.0217132215491841e-05,2,20,20
12,8928,0.4106806370051171,1.1591797038563793e-07,0.10690519534408444,0.48241405173282786,2,20,20
12,8929,0.41067483975066976,1.0633247940151857e-07,0.08932610252833663,0.4999989513885141,2,20,20
12,8930,0.4106748397529457,1.0633247941770857e-07,0.08934537788022967,0.49997967603434507,2,20,20
12,8931,0.41067483975066904,1.0633247846066704e-07,0.089326432706094,0.4999986212107584,2,20,20
12,8932,0.06966551370937955,1.6105340388088656e-10,0.4303358728917764,0.4999986132377902,2,20,20
12,8933,7.976090582388018e-07,0.1941096372424403,0.30563509844484343,0.5002544667036579,2,20,20
12,8934,1.050050260659623e-07,0.49971290268329577,0.002215252052375954,0.4980717402593022,2,20,20
12,8935,1.0500507281779442e-07,0.49959921979402294,0.0023289349416180587,0.49807174025928636,2,20,20
12,8936,2.6077494994223094e-12,0.4785138745325035,0.026150175208151598,0.49533595025673693,2,20,20
12,8937,2.597337677369099e-12,0.47851387452947514,0.021487182948946026,0.49999894251898147,2,20,20
12,8938,6.180891144748045e-10,0.4994322041866059,0.457295287170778,0.04327250802452628,2,20,20
12,8939,3.454418325263231e-08,0.46231586619524395,0.45576997037005906,0.08191412889051387,2,20,20
12,8940,2.438517314491225e-08,0.49970810816994815,0.3848189728348436,0.11547289461003532,2,20,20
12,8941,0.4999992353165359,0.4997079773875279,0.00029278722646935583,6.946691257005105e-11,2,20,20
12,8942,0.49605995473860365,0.49970797738752815,0.004232067804344427,6.952392392273855e-11,2,20,20
12,8943,0.36604836008818614,0.4997080247914293,0.134243170828478,4.442919066634608e-07,2,20,20
12,8944,0.33386882184190614,0.49970815331319235,0.1663306744220139,9.23504228878301e-05,2,20,20
12,8945,0.3338688218314273,0.48451238984796796,0.18152643796598147,9.235035462331247e-05,2,20,20
12,8946,0.4811268973017097,0.17682937313065075,0.34204368860001283,4.096762670022478e-08,2,20,20
12,8947,0.48112689730865066,0.4995966823344529,0.01927637931983304,4.10370630129993e-08,2,20,20
12,8948,0.48773850043700423,0.49998802264520004,0.012272272349288127,1.2045685071903417e-06,2,20,20
12,8949,0.4934280759665485,0.49971970211262595,0.006851917172780432,3.047480446815357e-07,2,20,20
12,8950,0.36970859037297693,0.14049540599606947,0.48979577544720626,2.2818374693846757e-07,2,20,20
12,8951,0.48973152899534866,0.14049540920768755,0.36880789021909677,0.0009651715778667365,2,20,20
12,8952,0.007822584168828892,0.18379253275590385,0.8082758063561035,0.00010907671916267652,2,20,20
12,8953,0.4937250365107988,0.18376985021723288,0.3225051118158003,1.4561677028197003e-09,2,20,20
12,8954,0.49993423066514214,0.1837698502172091,0.3162959176614808,1.4561677642954715e-09,2,20,20
12,8955,0.4999990043475615,0.18376985021720887,0.31623114397906166,1.4561676931764846e-09,2,20,20
12,8956,0.024644209002385828,0.18377021191607762,0.79158498927475,5.898067847704656e-07,2,20,20
12,8957,3.7729502045180513e-11,0.4785192871020982,0.40519091121114253,0.11628980164902955,2,20,20
12,8958,3.7914607149917734e-11,0.48408954040917745,0.39962043926134766,0.1162900202915603,2,20,20
12,8959,0.4964130172464979,0.4840894729712347,0.018518950360669115,0.0009785594215983573,2,20,20
12,8960,0.496413017246316,0.4999901067096417,0.0026185352661204243,0.000978340777921962,2,20,20
12,8961,0.49838083078484324,0.4999900446676272,0.0016291137538375414,1.0793692043852902e-08,2,20,20
12,8962,0.4983808308282759,0.14039791667826537,0.3612212416997825,1.0793676758664595e-08,2,20,20
12,8963,0.4964160563797054,0.4996065134212635,0.003959957108126699,1.7473090904372127e-05,2,20,20
12,8964,0.49428848890564736,0.4999995850576435,0.00571192077319874,5.26351029036125e-09,2,20,20
12,8965,0.006142565025452109,0.4996030132729278,0.49425442168205175,1.9568060960142172e-11,2,20,20
12,8966,0.006142565025353772,0.4999924909146759,0.4938649440404009,1.9569011016408673e-11,2,20,20
12,8967,4.121638853574113e-06,0.4785193156189554,0.5214748315753617,1.731166829144549e-06,2,20,20
12,8968,3.7391717745233313e-06,0.4996018724465411,0.4949421706310104,0.005452217750673791,2,20,20
12,8969,0.49992931683453856,0.4997128612644567,0.0003578218315367508,6.946810465031502e-11,2,20,20
12,8970,0.49747263833904803,0.49971286126411374,0.0028145003256835202,7.115472210599189e-11,2,20,20
12,8971,0.49995557663045215,0.4997148944746933,0.00032952889316522786,1.689244266344737e-12,2,20,20
12,8972,0.49995557663044965,0.499991187335323,5.323603253757377e-05,1.6896248233357338e-12,2,20,20
12,8973,0.41284575651544536,0.49999293625997715,0.08716128980202595,1.7422551549640215e-08,2,20,20
12,8974,0.492924022488657,0.4999928860427367,0.007083080975581742,1.0493024739344984e-08,2,20,20
12,8975,0.49839533109980705,0.49971278449155043,0.0018915820140864782,3.0239455587160506e-07,2,20,20
12,8976,0.49992380166039074,0.4993260845316895,0.0007501084860659949,5.321853717742196e-09,2,20,20
12,8977,0.045645490304526665,0.49932608453098554,0.45502842515595876,8.528129216546581e-12,2,20,20
12,8978,0.00027226179299700144,0.48450835660847763,0.11822276957348815,0.39699661202503744,2,20,20
12,8979,0.0002722617931411998,0.49971251544464673,0.1030186145763269,0.39699660818588517,2,20,20
12,8980,2.825831878542014e-11,0.47843334527163683,0.4672260072626902,0.054340647437414596,2,20,20
12,8981,2.8208783408135623e-11,0.499606445858716,0.4460529066768069,0.05434064743626843,2,20,20
12,8982,3.757198749036721e-07,0.49972161790929254,0.47106290831342107,0.029215098057411057,2,20,20
12,8983,9.623272703525e-05,0.49992354455877075,0.4999800678353891,1.5487880494507182e-07,2,20,20
12,8984,6.057946990266365e-09,0.4675996437750957,0.532400349609381,5.575765280280191e-10,2,20,20
12,8985,6.965619614838159e-08,0.4923936093998756,0.5020964719962181,0.005509848947709949,2,20,20
12,8986,6.96668509307241e-08,0.48441971877025414,0.5100703625490269,0.005509849013868676,2,20,20
12,8987,6.965615320318851e-08,0.478538971824688,0.5159511095061299,0.005509849013030081,2,20,20
12,8988,0.12228559416059608,0.47854475833596305,0.39916957195753944,7.55459014236168e-08,2,20,20
12,8989,0.0014542063727707164,0.4785190404649584,0.5200267028150762,5.034719431485277e-08,2,20,20
12,8990,0.41364422277830853,0.4785190423934559,0.10620643223709798,0.001630302591137605,2,20,20
12,8991,0.0702265089791559,0.4997344727763629,0.42996979457479517,6.922366968588797e-05,2,20,20
12,8992,0.0014790302219318825,0.13495971787506053,0.8635582858587619,2.966044245427935e-06,2,20,20
12,8993,0.4931109843295421,0.14049388977333002,0.3663777135991363,1.7412297990989427e-05,2,20,20
12,8994,0.40432470699360384,0.14065806851790477,0.455003409458819,1.3815029671644972e-05,2,20,20
12,8995,0.49684176824563403,0.4781312392299208,0.025026981943637186,1.058080800555429e-08,2,20,20
12,8996,0.4215635952593073,0.4785190347359013,0.09990278952479556,1.4580479995450695e-05,2,20,20
12,8997,0.38971504132304036,0.4785190033755221,0.13176595100733732,4.294099960411699e-09,2,20,20
12,8998,0.49660069934503015,0.49999288392830415,0.0034064060610333323,1.0665632626890189e-08,2,20,20
12,8999,0.49660069934503104,0.49985718189020995,0.003542108099126509,1.0665632989832302e-08,2,20,20
12,9000,0.49994598248340455,0.2655472999834026,0.23450671542903376,2.104158735817976e-09,2,20,20
12,9001,0.49345153988775925,0.494539770467921,0.011036186513669832,0.0009725031306497364,2,20,20
12,9002,0.4934515398986053,0.4995306857811221,0.0060452711884046075,0.000972503131867864,2,20,20
12,9003,0.044845151123767774,0.4997128185246792,0.4554420293025568,1.0489963216353978e-09,2,20,20
12,9004,0.019054405588406403,0.49960652217112794,0.4813390628258557,9.41460946080388e-09,2,20,20
12,9005,0.0001014146474825098,0.4996039367692873,0.500294446972635,2.0161059540099117e-07,2,20,20
12,9006,0.00010141465000567613,0.4993281056522146,0.5005702741318179,2.0556596141839724e-07,2,20,20
12,9007,0.00037137493074100776,0.49932569534420645,0.5003029257520988,3.972952708257472e-09,2,20,20
12,9008,3.0293914762553814e-06,0.30643585699882087,0.693559751747555,1.361862147452455e-06,2,20,20
12,9009,0.05942074107352802,0.5055932563957252,0.43497778444347585,8.218087270895375e-06,2,20,20
12,9010,3.3156907926253214e-07,0.4845160750091488,0.5153867793616542,9.681406011751337e-05,2,20,20
12,9011,8.045410903393504e-07,0.47055108974881754,0.5293512879225795,9.681778751239836e-05,2,20,20
12,9012,0.001451293760029083,0.49960392172649976,0.4618641739294269,0.037080610584043834,2,20,20
12,9013,0.001451293762511158,0.49236908341498264,0.46909901223848,0.0370806105840262,2,20,20
12,9014,0.00010573098165593482,0.4843449901117207,0.5155484413088505,8.375977729328474e-07,2,20,20
12,9015,0.00043132605102259066,0.4845089140048251,0.515058894962818,8.64981333728747e-07,2,20,20
12,9016,0.39459792291587836,0.48467456724257035,0.11994965283732491,0.0007778570042262908,2,20,20
12,9017,0.49820791648890433,0.48450868107028006,0.017283391397690185,1.1043125412106364e-08,2,20,20
12,9018,0.07133574044337158,0.47851357391262583,0.45015068182475887,3.819243444299321e-09,2,20,20
12,9019,2.5521221965090864e-05,0.47854724064807236,0.521424416779268,2.8213506931224373e-06,2,20,20
12,9020,0.0006820921188345259,0.48450868900669697,0.5147325947658506,7.662410861804978e-05,2,20,20
12,9021,0.45069446164101734,0.4998592213413352,0.04944631221713591,4.800511240310821e-09,2,20,20
12,9022,0.4947852144462915,0.49985916299724287,0.005355317250075198,3.0530639017567247e-07,2,20,20
12,9023,0.4999442837950002,0.499859162976518,0.00019655322720286687,1.2785846367190896e-12,2,20,20
12,9024,0.4984193103047769,0.4998591652214191,0.0017215188860073248,5.587796480268968e-09,2,20,20
12,9025,0.4282829225387667,0.4998592956613855,0.07118447193604197,0.0006733098638052954,2,20,20
12,9026,0.4999979890603896,0.30702946111862334,0.19297254977666653,4.4320458443203063e-11,2,20,20
12,9027,0.49999798906031817,0.49959792915208945,0.0004040817165020009,7.109036706452086e-11,2,20,20
12,9028,0.44110810362294894,0.4781134177833951,0.07990939086519942,0.000869087728456573,2,20,20
12,9029,0.4411081458870745,0.0008851672385907224,0.5571375991470408,0.0008690877272945481,2,20,20
12,9030,0.49454069181285876,0.0008852116488175352,0.5045599330267105,1.4163511612909113e-05,2,20,20
12,9031,0.0015004069154677295,3.4771617665274566e-07,0.9984975920122167,1.6533561391802568e-06,2,20,20
12,9032,0.42656102051780065,4.3532862763433415e-07,0.573436524333628,2.0198199441417125e-06,2,20,20
12,9033,0.8321919277214551,8.946173352462275e-08,0.1662086416618179,0.0015993411549938606,2,20,20
12,9034,0.5196736353934583,5.105527812923858e-07,0.4776890968480241,0.0026367572057363823,2,20,20
12,9035,0.7898277467248362,8.463385630058934e-11,0.21017223132845608,2.186207318723734e-08,2,20,20
12,9036,0.5024526361689813,3.030654875146474e-07,0.49598251899011253,0.00156454177541871,2,20,20
12,9037,0.5822245125538483,2.652896410206554e-09,0.4177754721424661,1.2650789651804192e-08,2,20,20
12,9038,0.787528900788989,6.330463571408106e-08,0.21247073395679564,3.01949579682032e-07,2,20,20
12,9039,0.6740166633876769,5.48168928867593e-08,0.32221980645510145,0.003763475340329479,2,20,20
12,9040,0.032406427683832756,3.2191169505140678e-06,0.9647174281279632,0.0028729250712531567,2,20,20
12,9041,1.5194180920755811e-05,3.2190006584973304e-06,0.999981556350359,3.046806185651253e-08,2,20,20
12,9042,6.141161225971538e-06,0.00017981749009275813,0.9998140367101475,4.638534097947171e-09,2,20,20
12,9043,0.05586152076695461,6.720294540742889e-07,0.944136179762402,1.6274411881142165e-06,2,20,20
12,9044,0.0455468541202089,0.005039931272898051,0.9494116121228314,1.6024840604483086e-06,2,20,20
12,9045,0.08206348432982848,0.0008613355354143177,0.9170015876990459,7.359243571036903e-05,2,20,20
12,9046,0.043690689069358336,0.0014817683220028407,0.7860166463925758,0.16881089621606205,2,20,20
12,9047,0.04507762905186454,0.00017559631369937887,0.9547465114913986,2.6314303615292e-07,2,20,20
12,9048,0.04504496197892826,0.0001767092150503671,0.9547780685476026,2.602584180617853e-07,2,20,20
12,9049,0.006412006852306792,0.003555952430249575,0.99003203682745,3.889993261999182e-09,2,20,20
12,9050,0.0064120068682603296,0.00015113660914760265,0.9934368526316426,3.8909486661918935e-09,2,20,20
12,9051,0.006412048257904643,0.00015113647671973306,0.9934368112946075,3.9707671312330345e-09,2,20,20
12,9052,0.006412007740276463,0.0003277657016010792,0.9932602225873763,3.970745835933807e-09,2,20,20
12,9053,4.994993239862063e-08,0.00017997757772404658,0.9998197173783301,2.550940127878927e-07,2,20,20
12,9054,0.006135324595081468,6.1993992285659405e-06,0.9938584461436123,2.986207698797784e-08,2,20,20
12,9055,1.59964815517372e-05,0.00015302662574591294,0.999830752335784,2.2455691843078675e-07,2,20,20
12,9056,0.1963386966355115,0.004627630083939552,0.7990336689392329,4.341314762834611e-09,2,20,20
12,9057,9.381504943234871e-08,0.0002094842320100295,0.999790337652317,8.430062405336036e-08,2,20,20
12,9058,9.380227905426899e-08,0.00020348234165987178,0.9997963395568654,8.42991957072084e-08,2,20,20
12,9059,0.011493801761165918,8.627780010644268e-05,0.6940402142037451,0.2943797062349833,2,20,20
12,9060,1.6369111274665006e-10,0.00016004543804431929,0.4998403360099191,0.4999996183883454,2,20,20
12,9061,2.6799903865503773e-05,0.008064985347375106,0.49190859624098293,0.49999961850777597,2,20,20
12,9062,2.6799903874800895e-05,0.008064985347376047,0.49193578074776406,0.4999724340009848,2,20,20
12,9063,1.7453269591551763e-06,1.590119305439234e-06,0.4995995547955066,0.5003971097582288,2,20,20
12,9064,7.262313078732159e-10,3.1549243643761867e-06,0.5000264440798704,0.4999704002695334,2,20,20
12,9065,4.778745907324706e-08,5.133618343531393e-07,0.49999948963384827,0.4999999492168585,2,20,20
12,9066,0.18782271739000647,1.70692268198307e-09,0.486774207860923,0.3254030730421477,2,20,20
12,9067,0.18782271739000667,1.7068871924136843e-09,0.31215188945710176,0.5000253914460042,2,20,20
12,9068,0.486318083776454,4.494404729474152e-09,0.013740682808534695,0.4999412289206066,2,20,20
12,9069,0.48777263149554717,7.774595254125517e-11,0.01222883531248401,0.49999853311422277,2,20,20
12,9070,0.4877726314955474,7.774595253626164e-11,0.012228835641236505,0.49999853278547013,2,20,20
12,9071,0.4877726314955472,7.774596872204196e-11,0.012247655244703804,0.49997971318200285,2,20,20
12,9072,0.49375604456944105,4.095784236228662e-12,0.006326534336024499,0.4999174210904387,2,20,20
12,9073,0.06727505938180532,4.965574223733496e-07,0.42519011686265606,0.5075343271981161,2,20,20
12,9074,0.4981166620220719,1.1122627195542042e-09,0.0018858161172199493,0.49999752074844594,2,20,20
12,9075,0.3436811279881095,7.945244027560728e-10,0.15631889733950724,0.49999997387785866,2,20,20
12,9076,0.49754430147125883,3.620113962136482e-13,0.0024572528128665267,0.4999984457155128,2,20,20
12,9077,0.4438781713654524,1.998954487309567e-09,0.055248581052704214,0.5008732455828888,2,20,20
12,9078,0.49995665395175115,6.241760288637175e-15,4.336504145431818e-05,0.49999998100678794,2,20,20
12,9079,0.4999566539517519,6.257981954952978e-15,4.439618959783367e-05,0.499998949858644,2,20,20
12,9080,0.21950492380319375,0.000666803367084634,0.27821233776866877,0.5016159350610534,2,20,20
12,9081,0.344641314520997,1.786828919554184e-07,0.15531083463373788,0.5000476721623728,2,20,20
12,9082,0.0056350408915197886,9.156931307830349e-06,0.49435580968354736,0.4999999924936249,2,20,20
12,9083,0.49995566143575876,6.562901229357915e-15,4.437338798848849e-05,0.4999999651762462,2,20,20
12,9084,0.31899540439654983,2.3546710960098525e-06,0.1810032948292805,0.49999894610307366,2,20,20
12,9085,0.22767421656726441,0.00034602549976192333,0.27035031912498597,0.5016294388079883,2,20,20
12,9086,0.4984144816774578,3.9048986336770534e-11,0.0016680970119826624,0.49991742127151045,2,20,20
12,9087,0.4716851594761001,4.4896192484844946e-07,0.028315428171621377,0.4999989633903539,2,20,20
12,9088,0.4911687956093586,7.123998900626623e-06,0.008807857232350875,0.50001622315939,2,20,20
12,9089,0.49995364426455075,3.9850226073332674e-11,4.74128595269016e-05,0.49999894283607244,2,20,20
12,9090,0.49634504931056056,6.429698142770064e-08,0.0037371532344629135,0.49991773315799487,2,20,20
12,9091,0.00106704598703974,0.001910774752710153,0.4971045841473354,0.4999175951129149,2,20,20
12,9092,9.019688017607333e-10,5.6207673918133006e-08,0.49999998786337624,0.49999995502698036,2,20,20
12,9093,7.038592937130931e-10,3.11165880372996e-06,0.5033400246545969,0.49665686298274,2,20,20
12,9094,4.5184425019751793e-07,2.42456706619836e-06,0.5033400578981443,0.49665706569053936,2,20,20
12,9095,3.8049846992478176e-05,0.00020440998689647572,0.5031006771681469,0.49665686299796424,2,20,20
12,9096,3.804984698254993e-05,0.00020440981376684705,0.4997590146978361,0.49999852564141467,2,20,20
12,9097,5.7959340866950026e-08,2.2143031813236425e-06,0.500015695713466,0.499982032024012,2,20,20
12,9098,5.795934068896064e-08,2.214303181323354e-06,0.49998721733928836,0.50001051039819,2,20,20
12,9099,5.7959340688749666e-08,2.214303181307132e-06,0.4999871999964603,0.5000105277410181,2,20,20
12,9100,5.795935065452133e-08,2.214476911481323e-06,0.5016074797821833,0.498390247781555,2,20,20
12,9101,5.795934087616691e-08,2.2143062389334893e-06,0.5000167043590276,0.4999810233753927,2,20,20
12,9102,5.795938063375883e-08,2.2143032349667367e-06,0.5000090579186921,0.4999886698186927,2,20,20
12,9103,0.26694131670713855,4.893464029866997e-09,0.2309762546946635,0.5020824237047342,2,20,20
12,9104,0.2669413167070986,4.893410370542369e-09,0.2309554024615895,0.5021032759379018,2,20,20
12,9105,0.499818597056772,2.7729530514089313e-12,0.0002639809925150359,0.49991742194794003,2,20,20
12,9106,0.03618375485771434,0.00034124160787386235,0.3707706150668851,0.5927043884675267,2,20,20
12,9107,6.244942401193896e-08,1.8929462555744343e-15,0.5000013520570871,0.49999858549348664,2,20,20
12,9108,0.015210631761398197,1.9703814731011465e-09,0.4831009291743488,0.501688437093872,2,20,20
12,9109,0.49688018641884435,3.0437714365570602e-12,0.006449238814398416,0.49667057476371335,2,20,20
12,9110,0.42499439579210774,1.724409191260101e-11,0.08635551150798988,0.48865009268265835,2,20,20
12,9111,0.07086459753547567,2.9174673122367733e-05,0.4290496917810776,0.5000565360103243,2,20,20
12,9112,0.45157067071897233,3.6073331025168574e-11,0.048511382095876666,0.4999179471490776,2,20,20
12,9113,0.45157067071896234,3.602063502291181e-11,0.04842983860746319,0.49999949063755383,2,20,20
12,9114,0.4515706707190023,3.602063559725036e-11,0.048429848414286075,0.4999994808306911,2,20,20
12,9115,0.20687186484951461,3.5297040179324415e-11,0.2931281804742349,0.49999995464095337,2,20,20
12,9116,0.20687186484947467,3.5296098743473036e-11,0.2931285880804014,0.49999954703482774,2,20,20
12,9117,0.4794248932800568,4.6559620427989485e-09,0.020576576139545815,0.4999985259244353,2,20,20
12,9118,0.4794248933124997,4.655963924732262e-09,0.020595990848905253,0.4999791111826311,2,20,20
12,9119,0.47942489340940136,1.4557701768124155e-08,0.022242435638595372,0.49833265639430135,2,20,20
12,9120,0.4996077326172415,5.166543949305432e-14,0.0003937132528481679,0.49999855412985866,2,20,20
12,9121,0.3464592146998641,1.0642168489609837e-07,0.15353096836899593,0.5000097105094554,2,20,20
12,9122,0.34645921469986485,1.0642168489609835e-07,0.1535319745467498,0.5000087043317004,2,20,20
12,9123,0.4999459774187604,1.9899377675440182e-15,5.558094296853333e-05,0.4999984416382693,2,20,20
12,9124,0.18832344323353234,9.923176024969015e-08,0.3116771094932639,0.49999934804144364,2,20,20
12,9125,0.36537269135897693,0.00012055260264462323,0.1344974306912318,0.5000093253471473,2,20,20
12,9126,0.3653726913589762,0.0001205526026445905,0.13449600131392556,0.5000107547244541,2,20,20
12,9127,0.006262344286527263,0.00014883665171372995,0.4929740131209066,0.5006148059408525,2,20,20
12,9128,0.006262344288798758,0.00014883665476349642,0.4940550090071929,0.4995338100492449,2,20,20
12,9129,2.2884860394469498e-07,1.9900304892117978e-10,0.5011633452688937,0.4988364256834992,2,20,20
12,9130,0.27703202148989586,9.962165095068913e-09,0.2219147628227478,0.501053205725191,2,20,20
12,9131,0.27703202148762435,9.95911440411267e-09,0.22080998014994085,0.5021579884033204,2,20,20
12,9132,0.2873700953720574,1.4881487336711548e-07,0.21268715249208864,0.4999426033209806,2,20,20
12,9133,0.42929865294561464,4.5204814231332864e-08,0.07007355774837402,0.5006277441011974,2,20,20
12,9134,0.048917273345619385,4.983646155686692e-09,0.45114148873828036,0.4999412329324539,2,20,20
12,9135,0.007300128372527402,0.007953153782558365,0.48478236570641026,0.499964352138504,2,20,20
12,9136,3.6258820464889926e-10,3.219782986468339e-06,0.4999974926262316,0.4999992872281936,2,20,20
12,9137,3.713824779100483e-06,3.561531560768984e-07,0.49999664279516204,0.4999992872269025,2,20,20
12,9138,3.7138253468949388e-06,3.561531570009575e-07,0.4999978986800339,0.49999803134146226,2,20,20
12,9139,0.001095792619863765,3.624839590303579e-07,0.49896262719503137,0.49994121770114575,2,20,20
12,9140,1.5428860308083814e-05,1.2365245926549258e-15,0.5000433832158944,0.4999411879237964,2,20,20
12,9141,1.5428860307821603e-05,1.2361316960043106e-15,0.5033246051749718,0.49665996596471906,2,20,20
12,9142,0.04499400643285754,2.0187753291551583e-10,0.4550034210183108,0.5000025723469546,2,20,20
12,9143,0.013344010227491954,2.2070145129555953e-05,0.4806384762956144,0.5059954433317636,2,20,20
12,9144,0.013344010227491793,2.2070145129571894e-05,0.4806379945759009,0.5059959250514775,2,20,20
12,9145,0.2782298830911755,1.4399075957299487e-07,0.22176933081597985,0.5000006421020854,2,20,20
12,9146,0.47040606580804245,1.2982556196125488e-05,0.02960010761798101,0.49998084401778037,2,20,20
12,9147,0.2930820433994653,4.0569743518852746e-12,0.20693827072401288,0.4999796858724653,2,20,20
12,9148,0.2930820433994655,4.0560662623573085e-12,0.2070021576110358,0.4999157989854426,2,20,20
12,9149,1.2234704481599738e-05,1.6363632737440905e-05,0.4998934655228337,0.500077936139947,2,20,20
12,9150,1.2234833833262708e-05,1.6373535028395164e-05,0.5015329530493615,0.49843843858177783,2,20,20
12,9151,0.008001231498914496,2.15152722329988e-08,0.4936372497531387,0.4983614972326749,2,20,20
12,9152,0.49924302701040896,1.475155127631598e-08,0.00239528069839013,0.4983616775396497,2,20,20
12,9153,0.49373526218983926,3.209355577290577e-11,0.006323549810006497,0.49994118796806086,2,20,20
12,9154,0.4918729650386769,1.1450014766531432e-10,0.008168916201693207,0.49995811864513,2,20,20
12,9155,0.49187296503867617,1.1444744967100024e-10,0.008111152657134564,0.5000158821897417,2,20,20
12,9156,0.4256419232038682,3.3687257426642714e-11,0.07436056162661564,0.4999975151358286,2,20,20
12,9157,0.49830976280830874,6.451246996750371e-08,0.001690217557563928,0.4999999551216574,2,20,20
12,9158,0.4983097628083089,6.451246995099229e-08,0.001774374118826226,0.4999157985603949,2,20,20
12,9159,0.49989518995804477,1.3284611206922106e-09,0.003447940296756001,0.4966568684167383,2,20,20
12,9160,0.4999830250440204,9.61503970958045e-16,1.84424129454349e-05,0.4999985325430333,2,20,20
12,9161,0.4981163755021563,1.9445109653353847e-10,0.002037360899445597,0.4998462634039472,2,20,20
12,9162,0.4999248379767857,3.392572912140719e-16,0.004750190469740064,0.4953249715534739,2,20,20
12,9163,0.06892100940137474,1.4245014641778185e-05,0.42721151737840557,0.503853228205578,2,20,20
12,9164,6.781330412404396e-08,6.906959416672595e-14,0.500058744080148,0.4999411881064786,2,20,20
12,9165,1.5528191794850785e-05,3.5757985128571094e-14,0.5000432842268931,0.49994118758127637,2,20,20
12,9166,1.3209090140799082e-09,3.111706548722755e-12,0.500060906135701,0.4999390925402786,2,20,20
12,9167,0.3196938287353635,1.2203564818598389e-07,0.18038864585327255,0.4999174033757157,2,20,20
12,9168,0.3550306178023213,0.00014674781231126567,0.14490522672547204,0.4999174076598956,2,20,20
12,9169,0.4999721625369063,1.6868033849597923e-17,2.8869468424934574e-05,0.4999989679946689,2,20,20
12,9170,0.4983245443732768,6.340250761822283e-08,0.001757965163545161,0.49991742706067027,2,20,20
12,9171,0.32127255665999216,9.305739873865241e-06,0.254309269678289,0.4244088679218441,2,20,20
12,9172,0.29412551994041586,1.5498037434547886e-07,0.20587434378065872,0.499999981298551,2,20,20
12,9173,0.019379184725333405,5.815056505781814e-07,0.4806202291086513,0.5000000046603639,2,20,20
12,9174,0.2911168402374121,8.452411922770038e-06,0.20887404432050982,0.5000006630301554,2,20,20
12,9175,0.2888058280854544,5.198419427907831e-09,0.21119418590076236,0.4999999808153636,2,20,20
12,9176,0.012027657831008164,1.0930560427622415e-10,0.48797238600667364,0.4999999560530121,2,20,20
12,9177,0.012027657831008875,1.0930652949656123e-10,0.48797273008168784,0.4999996119779965,2,20,20
12,9178,6.79477757403807e-08,6.49893506738725e-09,0.5000956751121483,0.49990425044114106,2,20,20
12,9179,0.00010923685575411579,1.7255203429120042e-10,0.4999856524358684,0.4999051105358257,2,20,20
12,9180,1.2632561546857407e-05,2.9653074177721965e-07,0.4953983513748023,0.5045887195329088,2,20,20
12,9181,1.5030402680900423e-05,2.0538883506760857e-05,0.5032941462647327,0.49667028444907874,2,20,20
12,9182,0.49334760651234144,1.1018814879646358e-09,0.006652412275305339,0.49999998011047164,2,20,20
12,9183,0.42334364557361054,2.534961827474172e-06,0.07669857907728618,0.49995524038727623,2,20,20
12,9184,0.49811979819748253,2.3278369459110658e-11,0.0019368440268120954,0.4999433577524272,2,20,20
12,9185,0.045058236144403914,2.274069040979417e-08,0.4550224702866552,0.49991927082825066,2,20,20
12,9186,0.045058236144403914,2.2737686777282313e-08,0.45494044366987973,0.50000129744803,2,20,20
12,9187,5.945841021811912e-09,6.388365798535938e-09,0.49999827775271843,0.5000017099130745,2,20,20
12,9188,5.945841025042825e-09,6.388366739523553e-09,0.5000808299884433,0.4999191576773493,2,20,20
12,9189,5.945841720907444e-09,6.391403244004384e-09,0.5033276767670744,0.4966723108956811,2,20,20
12,9190,1.4982146706745627e-05,3.84726736604362e-12,0.49451725982404215,0.5054677580254034,2,20,20
12,9191,6.976573938671738e-08,3.5635824049119395e-07,0.5000006052319663,0.49999896864405374,2,20,20
12,9192,6.976573956145272e-08,3.5635824143162244e-07,0.5000821522693448,0.49991742160667385,2,20,20
12,9193,0.4584559129039807,2.3339042663508e-07,0.03793151744588366,0.503612336259709,2,20,20
12,9194,0.48665488005954977,4.572197578290683e-09,0.013424333060683484,0.49992078230756914,2,20,20
12,9195,0.4866548800595098,4.572197594504874e-09,0.013346523375244388,0.49999859199304814,2,20,20
12,9196,0.3495723600160364,2.5801811817006742e-06,0.14972534701316934,0.5006997127896129,2,20,20
12,9197,0.3495723600160364,2.580181234398948e-06,0.14978311055148424,0.500641949251245,2,20,20
12,9198,0.3422488802279211,0.00014151732877373826,0.15761827202671197,0.4999913304165933,2,20,20
12,9199,0.499954639062186,4.094936688139007e-13,4.784526849845567e-05,0.49999751566890593,2,20,20
12,9200,0.0008777758411880657,2.0298762742881906e-12,0.4991205328085359,0.5000016913482452,2,20,20
12,9201,1.5495526163186947e-05,6.710977266998592e-09,0.49988504853593513,0.5000994492269241,2,20,20
12,9202,0.011820563891284915,2.1296162422224308e-10,0.48823822716333354,0.4999412087324204,2,20,20
12,9203,0.011824844998611384,2.1303876351588276e-10,0.4882323111439512,0.4999428436443982,2,20,20
12,9204,0.0008631121598881052,2.0155607254574874e-12,0.4991956588647838,0.49994122897331167,2,20,20
12,9205,0.2852591044782699,8.419958600757077e-06,0.2180751038164133,0.4966573717467158,2,20,20
12,9206,0.35356371148345017,5.6370498068797295e-11,0.14643681416583662,0.49999947429434277,2,20,20
12,9207,0.4938704264757479,2.2759648733653133e-12,0.1443537077137593,0.36177586580821675,2,20,20
12,9208,0.487349836047156,8.781115651338376e-09,0.15087430965216508,0.3617758455195633,2,20,20
12,9209,0.4873498360471488,8.778864371280787e-09,0.012650198404729512,0.49999995676925746,2,20,20
12,9210,0.4937638209293023,1.4045224432831112e-12,0.006237628373794971,0.49999855069549815,2,20,20
12,9211,0.0013351279379667067,2.2891330616446834e-07,0.3003256572660949,0.6983389858826325,2,20,20
12,9212,7.009878619384907e-16,3.33228517092783e-17,8.048726408703329e-08,0.9999999195127354,2,20,20
12,9213,1.069105283567746e-14,5.4594960011950417e-14,0.0001668016818696271,0.9998331983180652,2,20,20
12,9214,4.0132254016075395e-14,9.747048751180486e-16,4.921326963661354e-05,0.9999507867303222,2,20,20
12,9215,6.046846098623261e-13,1.7266549994690203e-10,0.004706211582393656,0.9952937882443362,2,20,20
12,9216,7.011977294843042e-16,9.576822484288946e-16,1.5036681850973607e-06,0.9999984963318131,2,20,20
12,9217,1.297615215569298e-10,3.0583792714292383e-12,6.0518624319078835e-05,0.9999394812428611,2,20,20
12,9218,1.7824505666360013e-16,9.578092170391496e-16,8.262288152822398e-05,0.9999173771184707,2,20,20
12,9219,5.009681242976802e-14,3.0573441008913613e-12,0.00011232764293098674,0.9998876723539617,2,20,20
12,9220,6.678320642164056e-14,3.1033693252923966e-12,0.07820368069912771,0.9217963192977021,2,20,20
12,9221,7.988235347380082e-14,1.7427802447427924e-10,0.00010878107326954642,0.9998912187523727,2,20,20
12,9222,7.162682972608024e-16,5.366199942794871e-14,6.129684730714951e-05,0.9999387031526386,2,20,20
12,9223,1.000128071224237e-14,1.0823220432487299e-13,4.041490641874933e-06,0.9999959585092402,2,20,20
12,9224,9.986182772520016e-15,5.460324620804056e-14,1.6006041553005986e-06,0.9999983993957804,2,20,20
12,9225,6.959855120759009e-14,5.540982413478182e-14,0.0058568989067515525,0.9941431010931236,2,20,20
12,9226,1.9787226673273867e-14,1.8898387369777088e-15,0.004703944869206863,0.9952960551307717,2,20,20
12,9227,5.960139009533025e-14,5.443714497533489e-14,0.006321686668960856,0.993678313330925,2,20,20
12,9228,1.2567427119372282e-17,9.57806491004872e-16,8.259729213542018e-05,0.9999174027078638,2,20,20
12,9229,1.3049958360180967e-17,3.389314806018747e-17,5.881651696293893e-05,0.999941183483037,2,20,20
12,9230,3.99497095999839e-14,5.457874588540845e-14,8.262564810157176e-05,0.9999173743518038,2,20,20
12,9231,2.8148097164414296e-17,1.796497173211862e-17,1.0658996798730557e-06,0.9999989341003201,2,20,20
12,9232,8.979032155418982e-16,9.91274344004559e-16,1.8524026611831697e-06,0.9999981475973373,2,20,20
12,9233,1.908366046955249e-16,3.389718488795292e-17,4.0946455290434543e-07,0.9999995905354472,2,20,20
12,9234,7.284040861996113e-16,9.581486256535897e-16,5.8836222386608623e-05,0.9999411637776118,2,20,20
12,9235,2.0614709256932146e-16,1.915624468971397e-15,2.521528067602981e-06,0.9999974784719303,2,20,20
12,9236,4.133496312390501e-14,5.364674077801072e-14,0.00012906491309018305,0.9998709350868151,2,20,20
12,9237,7.568632159654601e-19,1.7390826492328228e-17,5.3695229606519526e-08,0.9999999463047704,2,20,20
12,9238,1.7877459324458996e-16,1.7111179312326005e-17,8.422916768960048e-05,0.9999157708323103,2,20,20
12,9239,2.5124672493957404e-17,1.739075846441133e-17,5.8840051284503546e-05,0.9999411599487158,2,20,20
12,9240,1.0001488716113699e-14,9.74467673818205e-16,2.177969816974731e-05,0.9999782203018193,2,20,20
12,9241,2.2767963160063395e-12,1.899108071317899e-15,6.088335009217456e-05,0.9999391166476292,2,20,20
12,9242,5.699124348205153e-13,1.899685043608003e-15,2.0007587450174164e-06,0.9999979992406832,2,20,20
12,9243,5.699155064115522e-13,2.8402661838009273e-15,3.4418414311287146e-06,0.9999965581579963,2,20,20
12,9244,5.745936162099297e-13,3.083853186775328e-12,0.0047279555555850795,0.9952720444407566,2,20,20
12,9245,1.8797644697079372e-16,1.8828914892252276e-15,2.5165541649584376e-06,0.999997483445833,2,20,20
12,9246,3.536803030676874e-16,9.423194400873366e-16,3.426390676901133e-06,0.9999965736093218,2,20,20
12,9247,1.908332693671995e-16,1.4636180282102117e-18,1.978112183081462e-06,0.9999980218878166,2,20,20
12,9248,1.9101632514141085e-16,9.418820530108011e-16,8.260655148770343e-05,0.9999173934485113,2,20,20
12,9249,1.9983930647356487e-16,5.458738125933388e-14,6.127620817817499e-05,0.9999387237917672,2,20,20
12,9250,1.0948062948794012e-14,3.0829461203132186e-12,0.004666535866980877,0.9953334641299253,2,20,20
12,9251,1.146429975485933e-14,3.0829534540671847e-12,0.004746651476138707,0.9952533485207669,2,20,20
12,9252,8.911802786050941e-16,3.1109476690179854e-12,0.00016643193008623061,0.999833568066802,2,20,20
12,9253,1.1523061194010674e-10,2.756244886982182e-12,0.05826123010561937,0.9417387697763937,2,20,20
12,9254,1.564211748017342e-17,3.360748418539705e-17,1.5019054683988919e-06,0.9999984980945316,2,20,20
12,9255,1.292373134466388e-10,3.4667282270832793e-10,0.005499835189271447,0.9945001643348184,2,20,20
12,9256,9.934671549818502e-15,1.7313058651669686e-10,0.0034019287049188466,0.9965980711219407,2,20,20
12,9257,9.988875481791841e-15,1.899231035350862e-15,8.73066312964579e-05,0.9999126933686918,2,20,20
12,9258,4.012964093995085e-14,3.058379178023404e-12,8.077596169991134e-05,0.9999192240352017,2,20,20
12,9259,8.883607911824273e-16,5.3646638443117045e-14,2.516855808643262e-06,0.9999974831441367,2,20,20
12,9260,1.262622558703767e-17,1.1740341643806018e-18,5.129733198864963e-08,0.9999999487026678,2,20,20
12,9261,1.297695247685543e-10,5.552510371000431e-14,3.073636942937566e-05,0.9999692635007459,2,20,20
12,9262,3.243903863543358e-11,3.0582524822753084e-12,8.580973026091166e-05,0.999914190234242,2,20,20
12,9263,1.9067431017829012e-16,3.361758286145466e-17,3.3991350912510675e-06,0.9999966008649086,2,20,20
12,9264,1.294762686960108e-10,3.0507488915759776e-12,0.0011610009598578988,0.9988389989076152,2,20,20
12,9265,8.74000277684482e-16,5.3522529906838904e-14,0.0011538953672892028,0.9988461046326564,2,20,20
12,9266,2.26163279229066e-12,5.328912035168372e-14,0.003329401258773071,0.996670598738912,2,20,20
12,9267,5.791820298742301e-13,9.906893723161822e-16,2.512167409432021e-06,0.9999974878320106,2,20,20
12,9268,1.0686623068665443e-14,9.740808266657178e-16,5.933565343466912e-05,0.9999406643465538,2,20,20
12,9269,6.091430895588544e-13,3.1044020557350964e-12,0.0012368890757983647,0.9987631109204882,2,20,20
12,9270,1.0001497555143285e-14,1.9153256668938234e-15,2.1233379715232676e-06,0.9999978766620167,2,20,20
12,9271,9.988022039200877e-15,3.0574702250993602e-12,6.191231581568612e-05,0.9999380876811169,2,20,20
12,9272,3.1369816539304193e-18,1.6821506460595156e-17,1.4759279266135407e-06,0.9999985240720733,2,20,20
12,9273,1.0586980732385848e-14,3.0292570219208414e-12,0.004668538149972753,0.9953314618469875,2,20,20
12,9274,1.0602294449343916e-14,3.029273533291074e-12,0.004668555950830174,0.99533144404613,2,20,20
12,9275,1.0587139659720577e-14,3.0292573015207094e-12,0.004668538023751683,0.9953314619732085,2,20,20
12,9276,9.986107467825195e-15,5.36625606160532e-14,2.5109304245803016e-06,0.9999974890695118,2,20,20
12,9277,6.090499201752226e-13,3.0577234296173924e-12,0.0011755504864767654,0.9988244495098566,2,20,20
12,9278,3.9876131047295643e-14,6.597471073261386e-17,0.0011552519929091374,0.998844748007051,2,20,20
12,9279,1.160679453822083e-16,6.235032545410533e-16,0.17462345784511285,0.8253765421548864,2,20,20
12,9280,3.564579337959639e-18,1.739082595581193e-17,7.026444835785237e-08,0.9999999297355517,2,20,20
12,9281,1.094998675053161e-10,1.5016346729244936e-10,0.07821024999785642,0.9217897497424805,2,20,20
12,9282,3.994705095963363e-14,5.461964401488882e-14,3.525508088150594e-06,0.9999964744918175,2,20,20
12,9283,5.691152010017832e-13,3.057327313551692e-12,8.486470357989791e-05,0.9999151352927939,2,20,20
12,9284,5.691059767514748e-13,3.057311371487172e-12,8.38835529375521e-05,0.9999161164434363,2,20,20
12,9285,1.0689116580011048e-14,3.058497482563335e-12,4.111781960723731e-05,0.9999588821773236,2,20,20
12,9286,7.161342157247722e-16,1.7390848691051197e-17,2.117467942941935e-06,0.9999978825320563,2,20,20
12,9287,8.882272446515206e-16,9.578193130673207e-16,8.464522433936803e-05,0.999915354775659,2,20,20
12,9288,2.2781738170467808e-12,5.458747951299486e-14,0.0033426021020252824,0.9966573978956421,2,20,20
12,9289,1.0885275699083424e-14,5.367366917511204e-14,5.5615430129281634e-05,0.9999443845698063,2,20,20
12,9290,1.1048392758509815e-14,5.367367924813269e-14,5.5623889791872086e-05,0.9999443761101433,2,20,20
12,9291,2.2813139872162027e-12,3.050548348451368e-12,0.0011964824951862514,0.9988035174994818,2,20,20
12,9292,2.06697096849695e-14,5.4594972411334346e-14,8.405282673377553e-05,0.9999159471731909,2,20,20
12,9293,4.882007368356543e-19,1.738070536226365e-17,1.4753681200043873e-06,0.9999985246318799,2,20,20
12,9294,3.995145990443739e-14,9.419198390686678e-16,6.0023636750848186e-05,0.9999399763632082,2,20,20
12,9295,4.1340456900213655e-14,9.582514585738725e-16,6.146488103358404e-05,0.9999385351189244,2,20,20
12,9296,1.2855883025066414e-10,9.841544085921163e-09,0.004698316159980801,0.9953016738699164,2,20,20
12,9297,1.8881541066703038e-16,3.0293002409705895e-12,0.004665499448743927,0.9953345005482267,2,20,20
12,9298,3.6114927529420744e-16,3.030241383608288e-12,0.0046644564915724685,0.995335543505397,2,20,20
12,9299,7.380144956092318e-09,3.052612125143103e-12,0.00116006255775724,0.9988399300590454,2,20,20
12,9300,1.4137554312929438e-15,4.836977784664427e-14,0.05823626536066562,0.9417637346392846,2,20,20
12,9301,8.881436642976998e-16,9.41307887317703e-16,0.00014257633411751043,0.999857423665881,2,20,20
12,9302,9.991698627257492e-15,1.8990535916715277e-15,3.109000072684918e-05,0.9999689099992614,2,20,20
12,9303,5.791867254720168e-13,9.909302170107876e-16,3.294030437716937e-05,0.9999670596950426,2,20,20
12,9304,3.356393891587822e-18,8.94434287881873e-19,3.635397836450241e-08,0.9999999636460217,2,20,20
12,9305,3.969341543147371e-14,1.0692855476624701e-13,0.0033880146085442544,0.9966119853913091,2,20,20
12,9306,1.8133683135069983e-16,1.7111149067014828e-17,3.139683260168857e-05,0.9999686031673979,2,20,20
12,9307,1.0688952068826373e-14,3.0575410245404904e-12,5.0383723169690935e-05,0.9999496162737621,2,20,20
12,9308,5.945581149991288e-06,9.831009638110653e-09,0.00528254085565102,0.9947115037321896,2,20,20
12,9309,7.395926912942901e-09,6.116375820872757e-12,0.00017549620414184465,0.9998244963938149,2,20,20
12,9310,7.395926740856356e-09,6.115467835737159e-12,9.39497270852906e-05,0.9999060428708726,2,20,20
12,9311,8.709227555705804e-16,3.0293328125200074e-12,0.0046650821965221875,0.9953349178004476,2,20,20
12,9312,1.2977183212528623e-10,2.823965951757248e-15,2.290103673402257e-05,0.9999770988334913,2,20,20
12,9313,7.161109919963469e-16,3.3611843333682645e-17,2.034990190366951e-05,0.9999796500980958,2,20,20
12,9314,7.163805178202119e-16,4.9838709391483e-17,2.0358232729548853e-05,0.9999796417672697,2,20,20
12,9315,1.4260095996304464e-15,1.7110513612236498e-17,8.030335449295546e-05,0.9999196966455057,2,20,20
12,9316,7.1626530374944e-16,9.417409343516327e-16,6.105445964324896e-05,0.9999389455403551,2,20,20
12,9317,1.0698883636322634e-14,5.366235629984499e-14,6.182787234014325e-05,0.9999381721275955,2,20,20
12,9318,2.261633711589929e-12,5.330562709130297e-14,0.003330727805639991,0.9966692721920452,2,20,20
12,9319,5.402931720025781e-13,4.76130689650465e-14,0.05652222202240623,0.9434777779770058,2,20,20
12,9320,4.012663890742845e-14,3.0574738623769994e-12,5.9958237035123033e-05,0.9999400417598675,2,20,20
12,9321,7.395779317681969e-09,1.7431255914748695e-10,0.00010361457061916523,0.9998963778592889,2,20,20
12,9322,3.995616993781673e-14,3.3607499124802896e-17,1.1023501678478596e-06,0.9999988976497923,2,20,20
12,9323,3.995924716945229e-14,4.9834343411873035e-17,1.4403230511600506e-06,0.999998559676909,2,20,20
12,9324,3.9956384071965365e-14,3.360552505551776e-17,5.985015226721238e-05,0.999940149847693,2,20,20
12,9325,3.995616993781673e-14,3.360749912480278e-17,1.1023501678478607e-06,0.9999988976497926,2,20,20
12,9326,1.01613753820366e-14,1.8991123930416013e-15,2.96020098886925e-06,0.999997039798999,2,20,20
12,9327,9.986184923276662e-15,9.744683069239128e-16,2.941918480608033e-06,0.9999970580815084,2,20,20
12,9328,1.2565748338400455e-17,3.3602402427159905e-17,1.493141445176494e-06,0.9999985068585548,2,20,20
12,9329,7.237849003950567e-15,2.2522387674734975e-12,0.1382255465069584,0.8617744534907821,2,20,20
12,9330,5.698680232369597e-13,3.764687818428126e-15,5.848255379579996e-05,0.9999415174456309,2,20,20
12,9331,2.255579802579406e-12,3.08244555124837e-12,0.00466442834814975,0.9953355716465122,2,20,20
12,9332,3.688907398216107e-17,3.3332880910651085e-17,1.4068025826756992e-06,0.9999985931974174,2,20,20
12,9333,2.470464990858677e-17,9.579687293715886e-16,1.550673665820837e-06,0.9999984493263333,2,20,20
12,9334,2.470376130549703e-17,9.42026664868824e-16,5.550048842125927e-07,0.9999994449951148,2,20,20
12,9335,4.037871753988593e-14,3.037462010142534e-12,0.0033882376899084317,0.9966117623070136,2,20,20
12,9336,1.9970618777980158e-14,3.0582414853863255e-12,8.441437790182125e-05,0.9999155856190202,2,20,20
12,9337,4.9928152738805705e-14,3.0582577028976793e-12,8.401362706438255e-05,0.9999159863698275,2,20,20
12,9338,1.848678871283325e-09,3.1447667057368904e-12,0.0035043200926817464,0.9964956780554945,2,20,20
12,9339,1.7848462201528407e-16,1.8991037448384813e-15,2.1145228241922308e-06,0.999997885477174,2,20,20
12,9340,3.2479634323736555e-11,1.6187116146964475e-13,0.00014345670877143963,0.9998565432585873,2,20,20
12,9341,5.064128420928181e-14,9.746602223125244e-16,5.9695601509734095e-05,0.9999403043984388,2,20,20
12,9342,2.261630609327497e-12,1.7313423932507963e-10,0.0033299567242392907,0.996670043100365,2,20,20
12,9343,1.2891172685278325e-10,5.330479341184997e-14,0.0033345782038439052,0.9966654216671911,2,20,20
12,9344,3.0840797077910827e-18,5.998558662579586e-19,5.268681195941269e-08,0.9999999473131882,2,20,20
12,9345,1.2947723317475424e-10,1.7389399924183783e-10,0.001157272610774994,0.9988427270858538,2,20,20
12,9346,1.2947862219129234e-10,1.7389396680861024e-10,0.0012350824404841775,0.9987649172561432,2,20,20
12,9347,7.369412363978758e-09,3.0997386908523206e-12,0.0019644377678820326,0.998035554859606,2,20,20
12,9348,2.8089230338042982e-12,2.7930888272485697e-06,0.4567905904573097,0.5432066164510537,2,20,20
12,9349,1.7775021341188175e-08,0.00014990888043072765,0.49913683511318957,0.5007132382313584,2,20,20
12,9350,1.7775021075381014e-08,0.00014990888346629085,0.5024647750698743,0.497385298271638,2,20,20
12,9351,1.7774982098303096e-08,0.0001499088804824848,0.49919417039458,0.5006559029499553,2,20,20
12,9352,1.813459546753744e-10,1.7145130996983774e-11,0.5000437295640076,0.4999562702375011,2,20,20
12,9353,1.648078339205026e-12,2.26612075486203e-12,0.13828298946343576,0.86171701053265,2,20,20
12,9354,6.152883260707852e-18,1.71011063535445e-17,1.5008980668962126e-06,0.9999984991019332,2,20,20
12,9355,9.987365125468027e-15,9.578092468775694e-16,8.405663742485638e-05,0.9999159433625643,2,20,20
12,9356,9.989243763533597e-15,9.58252276365278e-16,3.007829488298955e-06,0.999996992170501,2,20,20
12,9357,1.0699015037287071e-14,1.7685342625469212e-17,3.3398195504562227e-06,0.999996660180439,2,20,20
12,9358,7.254086894040669e-16,9.420355454203166e-16,2.446071415703184e-06,0.9999975539285828,2,20,20
12,9359,2.2765201843961507e-12,9.57859901233524e-16,6.0024123028941825e-05,0.9999399758746936,2,20,20
12,9360,4.011891076878348e-14,1.899108818092802e-15,2.120786869947723e-06,0.9999978792130884,2,20,20
12,9361,1.7848457040174687e-16,1.89882337359641e-15,2.5246272267800528e-06,0.9999974753727714,2,20,20
12,9362,1.7848496491394897e-16,1.8989502493616784e-15,8.36359064859372e-05,0.9999163640935121,2,20,20
12,9363,7.042981924787987e-16,5.4585139200268966e-14,0.0001028905267490967,0.9998971094731957,2,20,20
12,9364,7.012289951316219e-16,5.364415158444702e-14,2.03309699496216e-05,0.999979669029996,2,20,20
12,9365,4.408673538097992e-19,5.998558500056567e-19,3.773729693180582e-08,0.999999962262703,2,20,20
12,9366,1.5733089661319962e-15,5.446123979381593e-14,0.0011537280017667594,0.9988462719981772,2,20,20
12,9367,1.1557643947680296e-14,5.5402232615402476e-14,0.0012363160323813176,0.9987636839675519,2,20,20
12,9368,4.083501345054938e-14,2.824047416168082e-15,2.4060972902544896e-06,0.9999975939026662,2,20,20
12,9369,7.03894467197116e-16,9.41740968818296e-16,2.5318048625644578e-06,0.999997468195136,2,20,20
12,9370,6.442578934019009e-09,4.757281027522483e-14,0.06481319665691691,0.9351867969004566,2,20,20
12,9371,2.2763879772562456e-12,5.366990868057101e-14,0.00021013308592534192,0.9997898669117447,2,20,20
12,9372,6.2662607855851324e-18,1.7390777784108624e-17,2.9239926222791812e-06,0.9999970760073776,2,20,20
12,9373,1.8444228492205193e-17,5.3656236496507506e-14,6.027031830416183e-05,0.9999397296816424,2,20,20
12,9374,1.4015052798657789e-15,5.459709727370132e-14,6.028804331102164e-05,0.9999397119566332,2,20,20
12,9375,1.4015898585388669e-15,5.4619715947037115e-14,3.2727324900623115e-06,0.9999967272674541,2,20,20
12,9376,7.253517768588586e-16,9.582413801365898e-16,6.0279876523749365e-05,0.999939720123475,2,20,20
12,9377,1.2891098650028373e-10,5.426201194736683e-14,0.0033415063296640957,0.9966584935413708,2,20,20
12,9378,9.98639117715907e-15,9.90681089187161e-16,6.028389689514789e-05,0.9999397161030941,2,20,20
12,9379,4.063820749600091e-14,2.8233331243894377e-15,0.00014138409547847605,0.9998586159044782,2,20,20
12,9380,8.762367128982817e-16,1.8993948444904702e-15,1.4641360350782682e-06,0.9999985358639625,2,20,20
12,9381,5.699790143762444e-13,3.058268461257851e-12,8.423917419184621e-05,0.99991576082218,2,20,20
12,9382,4.011874024670177e-14,5.460342137134005e-14,3.952323634175508e-06,0.9999960476762711,2,20,20
12,9383,7.076686501656177e-16,3.419176985136709e-17,5.643742527260595e-07,0.9999994356257466,2,20,20
12,9384,1.7573455162578027e-16,9.744740041570176e-16,1.0899093309016237e-06,0.9999989100906682,2,20,20
12,9385,7.596514128192749e-19,1.7111226467313033e-17,5.129694137135826e-08,0.9999999487030586,2,20,20
12,9386,1.5588065243334067e-17,5.364577966971042e-14,2.503287686844934e-06,0.9999974967122596,2,20,20
12,9387,1.9360921703800896e-16,3.057311097587599e-12,8.530645436700596e-05,0.9999146935425757,2,20,20
12,9388,7.070552981003542e-16,3.3330937807846603e-17,6.028699030184759e-05,0.9999397130096975,2,20,20
12,9389,5.940325118539906e-19,4.9818648364327356e-17,8.402735756438958e-05,0.9999159726424357,2,20,20
12,9390,1.939057743023342e-16,5.040077613194942e-17,8.311048653243204e-05,0.9999168895134674,2,20,20
12,9391,1.5642095791503606e-17,9.741894116119888e-16,1.1007258867977498e-06,0.9999988992741122,2,20,20
12,9392,3.995157379141781e-14,3.333093758053744e-17,5.9279488826228816e-05,0.9999407205111339,2,20,20
12,9393,7.0408384665553e-16,3.0576908273093608e-12,2.1782774388773936e-05,0.9999782172225528,2,20,20
12,9394,4.06409136055054e-14,6.114985090686337e-12,0.00010557114080180681,0.9998944288530425,2,20,20
12,9395,1.2515626753347995e-17,1.7101152778644394e-17,6.270547631060903e-08,0.9999999372945237,2,20,20
12,9396,3.995614349886681e-14,3.3612480868347543e-17,1.4333007119264978e-06,0.9999985666992481,2,20,20
12,9397,1.8388686619290217e-17,4.951612394435259e-17,0.004663860643309523,0.9953361393566906,2,20,20
12,9398,1.8748754364689602e-16,3.360240469802113e-17,1.5186024151408494e-06,0.9999984813975846,2,20,20
12,9399,4.011450616697775e-14,9.581387309321723e-16,6.028769931321432e-05,0.9999397123006459,2,20,20
12,9400,4.083047877622018e-14,2.8565486142704304e-15,6.028904509778774e-05,0.9999397109548585,2,20,20
12,9401,1.907820481710648e-16,1.915215004671628e-15,5.984926501803514e-05,0.9999401507349799,2,20,20
12,9402,5.791135482802586e-13,5.502822779687193e-14,0.004665934651191511,0.9953340653481745,2,20,20
12,9403,6.578576250833795e-18,1.8828820784474807e-15,2.1140835723921097e-06,0.9999978859164259,2,20,20
12,9404,7.041132897545475e-16,2.8237422049893034e-15,2.530425985683706e-06,0.9999974695740108,2,20,20
12,9405,8.790364007503153e-16,5.460342638673667e-14,3.952114178092584e-06,0.9999960478857663,2,20,20
12,9406,1.7709353898983238e-14,8.426443502818748e-09,0.07591491570809616,0.9240850758654424,2,20,20
12,9407,4.011761157825765e-14,1.8989038558027502e-15,5.560426844808366e-05,0.99994439573151,2,20,20
12,9408,4.012709888907473e-14,1.9151307220273097e-15,5.561007476484081e-05,0.9999443899251932,2,20,20
12,9409,4.064617172650592e-14,9.750463860913159e-16,2.286243204863239e-05,0.9999771375679098,2,20,20
12,9410,5.407434600739344e-14,1.5391743314618068e-10,0.05863551039218903,0.9413644894538394,2,20,20
12,9411,5.830369996073685e-13,5.551683752588751e-14,0.00532407418774673,0.9946759258116149,2,20,20
12,9412,6.067447796882939e-13,1.470648845096134e-10,0.0834222272929921,0.9165777725593363,2,20,20
12,9413,1.0010935919112896e-14,9.58536972229642e-16,2.0978179747969803e-06,0.9999979021820145,2,20,20
12,9414,1.0022983719420162e-14,1.909245696136849e-15,0.003330246418421821,0.9966697535815663,2,20,20
12,9415,1.251376793784013e-17,1.7111226090627448e-17,9.484394346707037e-08,0.9999999051560564,2,20,20
12,9416,1.2403169391019367e-17,1.6821552906191813e-17,9.469019698974615e-08,0.999999905309803,2,20,20
12,9417,1.4171729284348619e-15,9.912665648965303e-16,7.827174140110719e-07,0.9999992172825838,2,20,20
12,9418,1.3110424183727475e-10,1.088036904356179e-13,0.0036927736840236813,0.9963072261847633,2,20,20
12,9419,1.3109424812679948e-10,5.42562505722445e-14,0.0036354024373993696,0.9963645974314521,2,20,20
12,9420,1.0160136126257548e-14,3.057470504700665e-12,6.193734320011671e-05,0.9999380626537325,2,20,20
12,9421,1.618861073445954e-10,3.164497019673756e-12,0.0012195431407332582,0.9987804566942163,2,20,20
12,9422,2.7720518865289833e-17,1.898828441187144e-15,2.5242952336954645e-06,0.9999974757047644,2,20,20
12,9423,6.42001805373858e-18,9.582394907099796e-16,8.363557901030813e-05,0.9999163644209887,2,20,20
12,9424,1.2952618759819215e-10,5.4516066742994764e-14,0.0011221463218069297,0.9988778535486122,2,20,20
12,9425,5.69377699259872e-13,5.554218427102986e-14,7.960886689984828e-05,0.9999203911324752,2,20,20
12,9426,5.695651811881593e-13,1.082307626841959e-13,2.2635623735149704e-05,0.9999773643755869,2,20,20
12,9427,5.0948859434959e-16,2.2124941151090613e-12,0.13822409621062393,0.8617759037871631,2,20,20
12,9428,5.095415532693641e-16,2.212510616372732e-12,0.1382251093473359,0.861774890650451,2,20,20
12,9429,1.5856769822334056e-17,9.582472265046396e-16,2.0891994672728925e-06,0.9999979108005319,2,20,20
12,9430,3.095576658847309e-17,5.458731260593776e-14,2.5887627461464823e-06,0.9999974112371993,2,20,20
12,9431,9.985994090266943e-15,9.579644352758113e-16,2.933466902544411e-06,0.9999970665330866,2,20,20
12,9432,8.763533327633134e-16,5.364426255105266e-14,2.2915676914832526e-05,0.9999770843230309,2,20,20
12,9433,9.98434558009436e-15,9.4158759625819e-16,8.263308894573957e-05,0.9999173669110433,2,20,20
12,9434,4.465428034317582e-14,3.664062877842485e-13,0.44129396048202035,0.5587060395175685,2,20,20
12,9435,2.0573978653845337e-06,2.2414406138252575e-06,0.9071370060369095,0.09285869512461087,2,20,20
12,9436,5.424252422735278e-08,2.7682805399347043e-06,0.8983892594481132,0.10160791802882158,2,20,20
12,9437,4.058769150229435e-08,5.522498258776911e-08,0.9412735276035659,0.05872637658375913,2,20,20
12,9438,3.2836877093997036e-06,5.7848751374957015e-08,0.9987978021269232,0.001198856336615786,2,20,20
12,9439,3.2837451493304307e-06,0.1832680037101127,0.815529773433369,0.0011989391113690698,2,20,20
12,9440,4.625678151512115e-08,0.48451213090078477,0.5145420838734971,0.0009457389689361863,2,20,20
12,9441,1.7881347036410228e-11,0.2697670253777497,0.7290485854057225,0.0011843891986455044,2,20,20
12,9442,0.0003441815180952699,0.012040767783894612,0.9828281584077095,0.004786892290300584,2,20,20
12,9443,0.0001869242432023175,2.228649292077496e-06,0.9950237689177808,0.0047870781897248575,2,20,20
12,9444,0.0002023319210999157,5.5351376509924435e-09,0.995009036073255,0.004788626470507629,2,20,20
12,9445,0.49916726240113085,4.646800255346831e-09,0.5008297663913631,2.9665607058289096e-06,2,20,20
12,9446,0.49393196086648644,3.569043308370017e-07,0.5060676814845416,7.446399783179434e-10,2,20,20
12,9447,0.4942073549221803,8.209737274958559e-09,0.10363140973992685,0.40216122712815516,2,20,20
12,9448,0.49284256822102096,8.13236417576913e-09,0.10499617592723753,0.4021612477193773,2,20,20
12,9449,0.4925668477849385,1.3786264283779341e-12,0.007433656588437125,0.49999949562524587,2,20,20
12,9450,0.49256684778493903,1.378642355466617e-12,0.007434181021165089,0.4999989711925173,2,20,20
12,9451,0.49610087263473124,4.4335349289656466e-09,0.003900172327043495,0.4999989506046902,2,20,20
12,9452,0.16478971092328268,9.777105608204022e-11,0.3352113584228543,0.49999893055609174,2,20,20
12,9453,0.485480151160743,1.4070183902912251e-05,0.014508500892422598,0.49999727776293096,2,20,20
12,9454,0.4962193560680988,1.4668211008729496e-12,0.0038632432178591,0.4999174007125749,2,20,20
12,9455,0.4992367047997375,3.1260642622886036e-10,0.0007636340720953625,0.4999996608155605,2,20,20
12,9456,0.246238401686274,1.2971194189396274e-07,0.2537606556914836,0.5000008129103001,2,20,20
12,9457,0.013021205258058532,2.1962272810439685e-10,0.4916392990911115,0.4953394954312078,2,20,20
12,9458,0.01302120528190223,3.4755665834631137e-10,0.6199688187055472,0.3670099756649916,2,20,20
12,9459,0.013021205258058378,2.196218284654397e-10,0.48705806088494863,0.4999207336373718,2,20,20
12,9460,0.0021364811804669057,3.5955188566684893e-06,0.49794220649666787,0.4999177168040078,2,20,20
12,9461,0.002136481180466903,3.595518910281334e-06,0.4978611593947711,0.49999876390585135,2,20,20
12,9462,2.608802185224835e-05,1.1189467674537092e-13,0.49997544354644585,0.49999846843158974,2,20,20
12,9463,0.00014622091908670265,2.766602614142708e-06,0.4577485647618321,0.5421024477164671,2,20,20
12,9464,4.787243493614839e-08,6.401645256511387e-08,0.5000654402869299,0.4999344478241824,2,20,20
12,9465,0.0002502289591375421,4.211347636458919e-07,0.13443397442026878,0.86531537548583,2,20,20
12,9466,2.286132472539802e-12,3.0907684449009963e-12,0.00345673048709887,0.9965432695075241,2,20,20
12,9467,2.2769068839443723e-12,5.411074747542302e-14,0.004791350620272631,0.9952086493773963,2,20,20
12,9468,4.051548716314227e-14,3.0488440610057924e-12,0.0016211332171218744,0.9983788667797888,2,20,20
12,9469,1.5603629080556244e-09,4.529441926629186e-14,0.07812748630591826,0.9218725121336735,2,20,20
12,9470,9.94696170252188e-15,1.731296457702016e-10,0.0033634240072076384,0.9966365758196527,2,20,20
12,9471,1.0542033519087604e-15,1.899007923268346e-15,0.00011112138241236379,0.9998888786175846,2,20,20
12,9472,1.7543453451559424e-16,1.7098427718074505e-17,8.263258355334098e-05,0.9999173674164463,2,20,20
12,9473,1.0172833077635674e-14,5.458457946193625e-14,3.107163393291909e-05,0.9999689283660024,2,20,20
12,9474,3.244045077661731e-11,1.0727903653233285e-13,5.942430452549452e-05,0.9999405756629268,2,20,20
12,9475,2.7717337488718974e-17,9.57857132973151e-16,5.88181085303493e-05,0.9999411818914691,2,20,20
12,9476,3.9681274419342736e-14,1.8924487633129263e-15,0.003388162630688473,0.9966118373692702,2,20,20
12,9477,3.969027977560717e-14,9.35476168808429e-16,0.003329407490361879,0.9966705925095977,2,20,20
12,9478,5.691160302826314e-13,5.3654202820963226e-14,8.313985164519603e-05,0.999916860147732,2,20,20
12,9479,7.130677255474518e-16,1.7380721943130155e-17,1.0867847465616257e-06,0.9999989132152528,2,20,20
12,9480,2.1097517830420018e-11,3.48852703868241e-14,0.1748640930967889,0.8251359068820786,2,20,20
12,9481,1.8665016527851452e-17,1.9152191235856455e-15,6.0259037717709375e-05,0.9999397409622804,2,20,20
12,9482,2.152703542580939e-17,9.744782847439213e-16,1.992965570226705e-06,0.9999980070344288,2,20,20
12,9483,7.162456759816536e-16,9.906949979538492e-16,2.922822696365989e-06,0.9999970771773021,2,20,20
12,9484,1.774870227558862e-06,6.978011551790514e-14,0.3523030659073409,0.6476951592223616,2,20,20
12,9485,5.042184938811249e-13,2.749956999318661e-12,0.058262741300124064,0.941737258696622,2,20,20
12,9486,5.042155509804764e-13,2.749973251540057e-12,0.05824390011729842,0.9417560998794474,2,20,20
12,9487,7.160259736233371e-16,2.839663443645075e-15,8.36359958238115e-05,0.9999163640041727,2,20,20
12,9488,1.9079859930142296e-16,9.905242091221796e-16,0.00016515711585014033,0.9998348428841486,2,20,20
12,9489,1.0173667312968815e-14,9.584281762105558e-16,6.0272627443907155e-05,0.9999397273725448,2,20,20
12,9490,1.1037175937780032e-14,5.365704158805572e-14,6.084962069090532e-05,0.9999391503792444,2,20,20
12,9491,9.98455655379825e-15,9.578092932901673e-16,8.265043177379584e-05,0.9999173495682152,2,20,20
12,9492,8.933981302362601e-14,1.892585165762018e-15,0.0034123225161263857,0.9965876774837825,2,20,20
12,9493,1.5376278045182343e-17,3.332281718247838e-17,1.0762757741438827e-06,0.9999989237242259,2,20,20
12,9494,3.539126172801036e-16,9.581037926315605e-16,8.40536864969872e-05,0.9999159463135018,2,20,20
12,9495,3.994696576251503e-14,2.8237469932375573e-15,2.6080388625249326e-06,0.9999973919610946,2,20,20
12,9496,9.999680303233756e-15,9.582446101426591e-16,8.525869389825521e-05,0.9999147413060907,2,20,20
12,9497,1.2783235505506043e-17,1.7101118957296744e-17,2.081709164899453e-06,0.9999979182908352,2,20,20
12,9498,5.680538225659839e-13,5.350556380839393e-14,0.001620269497138267,0.9983797305022403,2,20,20
12,9499,5.687573050188258e-13,3.1109259667142175e-12,0.0016797000604667858,0.9983202999358534,2,20,20
12,9500,5.645800518362027e-13,3.058369854561491e-12,0.004735491088327508,0.9952645089080493,2,20,20
12,9501,1.4075952693312675e-15,3.0583948655426294e-12,6.227038003526499e-05,0.999937729616905,2,20,20
12,9502,7.161374053446995e-16,9.582409730403356e-16,1.8444530710878223e-06,0.9999981555469273,2,20,20
12,9503,3.9943710462239724e-14,1.8826047603411364e-15,1.8518489641257208e-06,0.9999981481509943,2,20,20
12,9504,3.3211073682893513e-19,1.710111951640853e-17,1.0581950841755802e-06,0.9999989418049162,2,20,20
12,9505,1.8302681229364015e-09,5.409016718135595e-14,0.005303297091620317,0.9946967010780576,2,20,20
12,9506,1.8308758656518287e-09,1.0853378591646673e-13,0.006460784765871183,0.9935392134031443,2,20,20
12,9507,8.760117068798868e-16,9.420205692963889e-16,3.9583658711556004e-06,0.9999960416341269,2,20,20
12,9508,3.2959089886589005e-18,1.7101106328728976e-17,1.4758017055375411e-06,0.9999985241982945,2,20,20
12,9509,1.5640693669220327e-17,1.898992389382955e-15,6.0258926030036863e-05,0.9999397410739678,2,20,20
12,9510,6.090415410737862e-13,3.0584021438597474e-12,0.00014349757307984272,0.9998565024232525,2,20,20
12,9511,5.029032030706398e-13,1.5404188971033514e-10,0.05823607892149204,0.9417639209239632,2,20,20
12,9512,5.029032058588418e-13,1.540418894307353e-10,0.058236071726637834,0.9417639281188175,2,20,20
12,9513,1.2506761096190677e-17,1.8650490058613426e-15,0.00466383236719662,0.9953361676328015,2,20,20
12,9514,1.845981931353505e-16,1.7106138680085644e-17,8.565138441557227e-05,0.9999143486155839,2,20,20
12,9515,8.76176819687482e-16,1.7675285538731666e-17,1.849258054211708e-06,0.9999981507419449,2,20,20
12,9516,7.133348876828402e-16,9.422064369851849e-16,5.916627205062271e-05,0.9999408337279476,2,20,20
12,9517,5.975362844866518e-14,1.8653434388125697e-15,0.004665978283051546,0.9953340217168866,2,20,20
12,9518,1.980104595354164e-14,2.8059145925191968e-15,0.004665379119998421,0.9953346208799788,2,20,20
12,9519,1.0161516768471401e-14,5.646277264280354e-14,5.9883139375699976e-05,0.999940116860558,2,20,20
12,9520,5.778691925115695e-13,1.7389506658728655e-10,0.0011564559892905675,0.9988435438362366,2,20,20
12,9521,1.7565288761023234e-16,9.740270339980555e-16,0.0001413701993260275,0.9998586298006729,2,20,20
12,9522,8.759627989163534e-16,1.742413173114687e-10,0.00015507010669421376,0.9998449297190638,2,20,20
12,9523,1.1388777919573457e-14,1.899242297508134e-15,8.364622984455327e-05,0.9999163537701419,2,20,20
12,9524,1.1401043108973186e-14,9.583908364955584e-16,0.00010390988896088083,0.9998960901110266,2,20,20
12,9525,7.13196449300928e-16,5.998230528821726e-19,6.001628650551826e-05,0.9999399837134938,2,20,20
12,9526,1.2519303732163954e-17,1.682152025815559e-17,1.0511791548428803e-06,0.9999989488208453,2,20,20
12,9527,1.7912873139560676e-16,9.747537643448171e-16,1.1099252616838737e-06,0.9999988900747373,2,20,20
12,9528,1.758433126763314e-16,3.332795202653074e-17,1.059660917531891e-06,0.9999989403390821,2,20,20
12,9529,7.01252184734959e-16,9.744600835198098e-16,5.984863537156051e-05,0.9999401513646269,2,20,20
12,9530,7.130621388748452e-16,9.582422665652193e-16,1.1011891338352e-06,0.9999988988108646,2,20,20
12,9531,1.2515626753347995e-17,1.7101152778644277e-17,6.270547631060957e-08,0.9999999372945237,2,20,20
12,9532,3.98520642079913e-14,9.395807743110077e-16,0.0011537390495558412,0.9988462609504033,2,20,20
12,9533,6.006078632395129e-06,1.772844485087781e-10,0.00019205981262708166,0.9998019339314561,2,20,20
12,9534,9.627672037491206e-15,5.77831896407142e-12,0.06290331784613797,0.9370966821480743,2,20,20
12,9535,4.0300271317421117e-14,3.0311658220229922e-12,0.004719610013721378,0.9952803899832072,2,20,20
12,9536,2.4445771253393725e-10,1.540477538155483e-10,0.058299987381460305,0.9417000122200343,2,20,20
12,9537,1.1469608551450812e-10,1.539941305624417e-10,0.05824141611838545,0.9417585836129245,2,20,20
12,9538,3.995606260342589e-14,1.9153249652991684e-15,2.5307304808415833e-06,0.9999974692694774,2,20,20
12,9539,1.2948251039853517e-10,2.852469416473e-15,0.001137620718749252,0.9988623791517656,2,20,20
12,9540,1.2948251028797165e-10,1.911608522918082e-15,0.0011362090112096038,0.9988637908593061,2,20,20
12,9541,1.9983755087401137e-16,9.585368116916015e-16,2.107338998998456e-06,0.9999978926609998,2,20,20
12,9542,7.162097333973082e-16,5.411936996843787e-14,0.004664216962389695,0.9953357830375557,2,20,20
12,9543,4.553919176776288e-12,5.646799798506821e-14,2.2665175335404836e-05,0.9999773348200542,2,20,20
12,9544,2.2662412854888975e-12,3.1360878129114018e-12,0.004693729276364018,0.9953062707182337,2,20,20
12,9545,2.287100812601885e-12,3.1118945852297356e-12,0.00011351616317185933,0.9998864838314293,2,20,20
12,9546,4.552826333985542e-12,6.116470791701017e-12,0.00016767302192441348,0.9998323269674062,2,20,20
12,9547,8.006871809728477e-14,1.899332291725633e-15,8.087668914274689e-05,0.9999191233107754,2,20,20
12,9548,4.0821449669562866e-14,2.8397954554601052e-15,7.968191235102848e-05,0.9999203180876053,2,20,20
12,9549,4.253977651432233e-13,7.202023201114555e-16,0.1327607136013303,0.8672392863982434,2,20,20
12,9550,1.0667726904037618e-14,1.876811183680666e-15,0.0016190746635797938,0.9983809253364078,2,20,20
12,9551,1.5642127353271828e-17,1.739073837513621e-17,7.159777327492858e-08,0.999999928402227,2,20,20
12,9552,2.276587003688499e-12,3.1109477948040724e-12,8.388176632747596e-05,0.999916118228285,2,20,20
12,9553,6.947175878748847e-16,5.407830234204397e-14,0.00466484945026246,0.9953351505496832,2,20,20
12,9554,4.0578373661708244e-08,5.924524711606425e-14,0.4565299817970926,0.5434699776244747,2,20,20
12,9555,5.884578670179786e-09,4.5031038615259154e-07,0.10706467727113751,0.8929348665338978,2,20,20
12,9556,2.2772266998692474e-12,5.5035282877853934e-14,0.004723815504686991,0.9952761844929812,2,20,20
12,9557,3.994217556048564e-14,9.41632396778713e-16,6.02873862278315e-05,0.9999397126137314,2,20,20
12,9558,7.038330990995707e-16,5.365368252020973e-14,8.407448759450252e-05,0.999915925512351,2,20,20
12,9559,3.247878340039997e-11,5.461129651711695e-14,8.629020389283236e-05,0.9999137097635735,2,20,20
12,9560,1.5592854189915293e-17,3.332798804404623e-17,5.372540348831216e-07,0.9999994627459651,2,20,20
12,9561,7.161902765142589e-16,5.367878740283968e-14,3.0028097986405988e-06,0.9999969971901471,2,20,20
12,9562,7.396389690974085e-09,3.164747639859096e-12,6.415705213380777e-05,0.9999358355483119,2,20,20
12,9563,3.995600133781126e-14,1.899106619911028e-15,3.273711271627288e-06,0.9999967262886863,2,20,20
12,9564,5.674914967198721e-13,3.3797284352905766e-17,0.0016528948298921106,0.9983471051695403,2,20,20
12,9565,1.0816044198478465e-12,1.470627430003542e-10,0.0797764784704058,0.9202235213814497,2,20,20
12,9566,1.0638412073567363e-15,6.634444102556778e-17,2.13343140162397e-05,0.9999786656859827,2,20,20
12,9567,1.6044068226803361e-15,6.691866550547785e-17,2.0676778109656514e-05,0.9999793232218886,2,20,20
12,9568,2.2776701538311415e-12,5.4619942758363684e-14,2.279616006758756e-05,0.9999772038376002,2,20,20
12,9569,3.243886526549296e-11,3.05734375065163e-12,0.0001426335266574751,0.9998573664378465,2,20,20
12,9570,1.0698905454846186e-14,1.772987379939991e-10,0.00021450067019218434,0.9997854991524984,2,20,20
12,9571,4.953025993141527e-14,9.8528840267993e-09,0.0041245124046763535,0.9958754777423897,2,20,20
12,9572,8.915925607214426e-16,5.3686702954922396e-14,8.345671509718692e-05,0.9999165432848481,2,20,20
12,9573,4.013261441926003e-14,5.460160913352517e-14,2.185709575120694e-05,0.9999781429041543,2,20,20
12,9574,9.997535589099535e-15,3.058402187591382e-12,5.965291729523398e-05,0.9999403470796362,2,20,20
12,9575,5.898510924972639e-13,1.9322207198678953e-15,0.0001117029582805067,0.9998882970411274,2,20,20
12,9576,1.1563816459474735e-14,1.7426544657323992e-10,0.00017013289521610896,0.9998298669305068,2,20,20
12,9577,7.238181895963712e-16,5.446340975934924e-14,0.0011547552912855577,0.9988452447086591,2,20,20
12,9578,3.986849979685692e-14,1.8928654850798047e-15,0.0034117751554252024,0.9965882248445329,2,20,20
12,9579,1.787212941148991e-16,9.58098779219584e-16,8.263227677097897e-05,0.9999173677232276,2,20,20
12,9580,1.0264761488486953e-14,3.0906235822895696e-12,0.007993435520554768,0.9920065644763444,2,20,20
12,9581,2.276880294785582e-12,3.0911217938171417e-12,0.0033512384109795727,0.9966487615836527,2,20,20
12,9582,3.24504281151453e-11,5.55383475688375e-14,6.064593047102517e-05,0.9999393540370229,2,20,20
12,9583,1.0632950168931264e-15,6.1149688766262745e-12,0.00010557113904372542,0.9998944288548401,2,20,20
12,9584,1.5889580769854192e-15,5.368698488537242e-14,8.365867992510267e-05,0.9999163413200196,2,20,20
12,9585,1.2166120488537912e-10,9.312788382692509e-09,0.03133666260042931,0.968663327965121,2,20,20
12,9586,1.2165123202666383e-10,9.312734724376806e-09,0.03130814776905579,0.9686918427965581,2,20,20
12,9587,5.691073964336579e-13,5.365368962151631e-14,8.410296465967838e-05,0.9999158970347175,2,20,20
12,9588,5.692900595477302e-13,3.0829545625688597e-12,0.00474645209317493,0.9952535479031728,2,20,20
12,9589,4.5427610135507756e-12,9.870889418164859e-09,0.0045657920373666,0.995434198087201,2,20,20
12,9590,1.8343015203604906e-09,1.7266639486497125e-10,0.004737480103007641,0.9952625178900247,2,20,20
12,9591,1.2512838551321655e-17,1.7380752642386967e-17,6.990033051729517e-08,0.9999999300996694,2,20,20
12,9592,5.691951576689923e-13,5.458743757872867e-14,3.0130829132160503e-06,0.9999969869164629,2,20,20
12,9593,1.2512838551321479e-17,1.7380752642386733e-17,6.990033051729574e-08,0.9999999300996694,2,20,20
12,9594,2.3464275204614263e-12,3.0591855060255574e-12,0.002333702004625259,0.9976662979899693,2,20,20
12,9595,3.994387195973736e-14,5.4603423919896575e-14,3.939996084680468e-06,0.9999960600038205,2,20,20
12,9596,4.0816725018755243e-14,1.0899674486185491e-13,0.0016216291145095866,0.9983783708853402,2,20,20
12,9597,4.994485868837974e-14,1.091732502045397e-13,4.983911646187616e-06,0.9999950160881945,2,20,20
12,9598,4.992789118169865e-14,1.0822378643903992e-13,8.50912194482389e-05,0.9999149087803935,2,20,20
12,9599,1.0680448545491118e-14,1.0692599454127555e-13,0.0034117852264201895,0.9965882147734622,2,20,20
12,9600,7.161344939715228e-16,5.367878724101121e-14,3.934139325998405e-06,0.9999960658606195,2,20,20
12,9601,2.2715428896203772e-12,1.8810006837042028e-15,0.0011548611945404793,0.9988451388031861,2,20,20
12,9602,4.553199190968981e-12,5.64601357614269e-14,8.510364534453515e-05,0.9999148963500456,2,20,20
12,9603,2.2769745817190528e-12,2.8402673544464693e-15,2.63530729059532e-06,0.9999973646904298,2,20,20
12,9604,1.0164182897020629e-14,1.8991088944083737e-15,2.5572913984027858e-06,0.9999974427085898,2,20,20
12,9605,1.906168471387228e-16,9.579677002161805e-16,2.531807089099704e-06,0.99999746819291,2,20,20
12,9606,5.6928074640104e-13,9.743198744896619e-16,8.567669048684644e-05,0.9999143233089429,2,20,20
12,9607,1.196039663638182e-13,9.747186509538335e-16,0.0015004974770328212,0.9984995025228469,2,20,20
12,9608,1.1959487475866275e-13,1.899072331273772e-15,0.0015009075958684556,0.9984990924040101,2,20,20
12,9609,3.995931413347904e-14,2.8398128520578866e-15,8.406373371235031e-05,0.9999159362662449,2,20,20
12,9610,2.4643016126533738e-17,9.90529392119655e-16,8.402803350783862e-05,0.9999159719664913,2,20,20
12,9611,3.993943860168153e-14,3.360058007477392e-17,6.102943210182957e-05,0.9999389705678583,2,20,20
12,9612,3.993943576434708e-14,3.360056605249508e-17,6.14467313587344e-05,0.9999385532686013,2,20,20
12,9613,6.072742518916443e-13,1.7351036676608505e-10,0.002254737081021366,0.9977452627448613,2,20,20
12,9614,1.1007416697492506e-10,1.786694057767868e-10,0.08038298090962138,0.9196170188016353,2,20,20
12,9615,5.675059820169216e-13,1.7356306503794833e-10,0.002312482483763731,0.9976875173421058,2,20,20
12,9616,2.459774011051794e-17,3.304318466630553e-17,2.0646210127539462e-06,0.9999979353789872,2,20,20
12,9617,3.9947052426359323e-14,3.3612582154958517e-17,1.0619103152657722e-06,0.999998938089645,2,20,20
12,9618,0.024707173016348147,1.7928841786044888e-07,0.31708865338394243,0.6582039943112914,2,20,20
12,9619,0.42100903233762665,2.8687272730121438e-09,0.07899201271591073,0.4999989520777353,2,20,20
12,9620,0.42100903418663593,2.871837285741973e-09,0.0790764149738274,0.49991454796769924,2,20,20
12,9621,0.42100903233763665,2.868726348656964e-09,0.07899243641393973,0.4999985283796971,2,20,20
12,9622,0.42100903233762665,2.8687263648787284e-09,0.07899198814060927,0.49999897665303766,2,20,20
12,9623,0.49994502424160936,5.467739392272306e-14,0.0011803149110405165,0.49887466084729526,2,20,20
12,9624,0.39923348590871766,9.687017271693828e-10,0.09928012219468951,0.5014863909278915,2,20,20
12,9625,0.40582090317790676,5.886098014476676e-06,0.09417417400454114,0.4999990367195379,2,20,20
12,9626,0.05037511899996326,2.775678429543848e-06,0.44961553045535935,0.5000065748662479,2,20,20
12,9627,0.05037511899996415,2.775678430482507e-06,0.4507691917253365,0.49885291359626877,2,20,20
12,9628,0.0018408499943702316,5.341661458812995e-08,0.49931254715016604,0.49884654943884865,2,20,20
12,9629,0.0018408499943695208,5.341666728860433e-08,0.4982176625037773,0.4999414340851858,2,20,20
12,9630,3.3651458837161466e-10,0.004769307811932678,0.4952895124397984,0.4999411794117538,2,20,20
12,9631,5.0641823676048664e-08,3.877971711891064e-06,0.500056533958163,0.4999395374283013,2,20,20
12,9632,5.06418236639639e-08,3.877968708090464e-06,0.500078671426464,0.4999173999630039,2,20,20
12,9633,5.702470167343612e-08,0.0002488263092299238,0.49975113644985636,0.4999999802162115,2,20,20
12,9634,5.7024741610522286e-08,0.0002488263092845014,0.49983371067433713,0.49991740599163637,2,20,20
12,9635,5.702697878423612e-08,0.00024882630928450177,0.4998352576372709,0.4999158590264655,2,20,20
12,9636,2.638966331092401e-06,0.00020202038741400918,0.5044591582054765,0.4953361824407783,2,20,20
12,9637,5.805901956127211e-08,4.369129670432592e-06,0.5033250012480585,0.49667057156325134,2,20,20
12,9638,5.710501343853528e-10,1.749120784544613e-07,0.5000000230492038,0.4999998014676675,2,20,20
12,9639,0.02180983376938725,1.5826442397195474e-07,0.4781910404182351,0.49999896754795353,2,20,20
12,9640,0.02180983376995264,1.5843755448633472e-07,0.4815331449508968,0.4966568628415965,2,20,20
12,9641,2.6779635092507835e-07,2.8344708724364364e-10,0.503341161302773,0.4966585706174291,2,20,20
12,9642,2.6779582545939065e-07,1.1037017955073064e-10,0.5000568452569374,0.4999428868368679,2,20,20
12,9643,2.6779578622103575e-07,1.10317480888441e-10,0.5000568164500031,0.49994291564389376,2,20,20
12,9644,2.677958253721383e-07,1.1335400171764076e-10,0.5033274495390855,0.4966722825517362,2,20,20
12,9645,0.0008619893938986879,3.902668871696478e-12,0.49916763479302817,0.4999703758091703,2,20,20
12,9646,4.134931763582041e-06,1.1716791236344019e-10,0.501155413653914,0.4988404512971538,2,20,20
12,9647,4.134931724256914e-06,1.141172133038669e-10,0.49999592602902476,0.49999993892513356,2,20,20
12,9648,4.134934000077229e-06,1.1717461776892121e-10,0.5000563271162716,0.49993953783255307,2,20,20
12,9649,0.2766272050580127,1.432941638207448e-07,0.22343309079461968,0.49993956085320373,2,20,20
12,9650,0.4999979879779397,9.487653939962178e-16,6.080380164402126e-05,0.4999412082204153,2,20,20
12,9651,0.4999961412006463,5.406005294913619e-14,8.645883638687003e-05,0.49991739996291273,2,20,20
12,9652,0.48716665253881114,4.505282652453337e-09,0.016162768150031807,0.49667057480587445,2,20,20
12,9653,0.4999994113949356,3.0374476249416745e-12,0.0033300138091441273,0.4966705747928829,2,20,20
12,9654,0.00023367736344505097,2.0585457670063326e-05,0.4997471431790654,0.49999859399981933,2,20,20
12,9655,0.0002336773634843077,2.0585457669122757e-05,0.4997659902571741,0.4999797469216723,2,20,20
12,9656,0.0017057696404365903,1.762600756736718e-09,0.4547188894968972,0.5435753391000656,2,20,20
12,9657,1.7763715393813032e-09,6.798973905419213e-08,0.4989667489668713,0.5010331812670183,2,20,20
12,9658,5.041132850113138e-12,0.00025328527493854145,0.4997540702253267,0.49999264449469344,2,20,20
12,9659,4.4723173330432685e-12,0.0002532852749376009,0.49980869557712104,0.4999380191434687,2,20,20
12,9660,0.00022250025458306444,0.013626421241284332,0.49081453513923967,0.4953365433648926,2,20,20
12,9661,0.00022250210368266347,0.013626421244393543,0.4862117630662552,0.4999393135856684,2,20,20
12,9662,0.00012673686452308597,0.00017019862117700294,0.4988921485892697,0.5008109159250296,2,20,20
12,9663,0.0001267368650902811,0.0001701986212295502,0.5005107971086008,0.4991922674050794,2,20,20
12,9664,0.00012673686452431212,0.0001701986211760621,0.4989504175343834,0.5007526469799162,2,20,20
12,9665,1.1911289442722879e-08,3.6477977608938717e-06,0.49998145660226867,0.5000148836886809,2,20,20
12,9666,4.998197650174741e-08,9.421609119701824e-10,0.4991706248466216,0.5008293242292406,2,20,20
12,9667,0.00016361555971607493,4.205229482476385e-11,0.49884754306372225,0.500988841334509,2,20,20
12,9668,1.4221963601842887e-08,0.0002479255268244256,0.49983429646338096,0.49991776378783054,2,20,20
12,9669,1.4221963601850127e-08,0.0002479255267708215,0.49975207824455525,0.49999998200671014,2,20,20
12,9670,1.4221963598776572e-08,0.00024792552677080495,0.4997527287453505,0.49999933150591497,2,20,20
12,9671,1.4221964283753177e-08,0.0002479255298000882,0.5044157461455956,0.49533631410264023,2,20,20
12,9672,3.252672140365106e-10,9.307216511414524e-08,0.42248870270164296,0.5775112039009243,2,20,20
12,9673,3.2526651703072803e-10,9.30691358308771e-08,0.41782469652344384,0.5821752100821536,2,20,20
12,9674,0.48630633141306867,2.474910103290465e-07,0.013695909993921231,0.4999975111019996,2,20,20
12,9675,0.4948674334114784,3.5910416389512583e-06,0.005187786011251788,0.49994118953563105,2,20,20
12,9676,0.48208798448200213,0.00019928161161695675,0.018866522233393364,0.4988462116729875,2,20,20
12,9677,0.4526988516174643,1.728801030059879e-06,0.047999192691940404,0.4993002268895652,2,20,20
12,9678,0.4526988516174586,1.7289549701257448e-06,0.10508138701868172,0.4422180324088894,2,20,20
12,9679,0.04244526140135467,5.4896580665981235e-09,0.45271393168063173,0.504840801428355,2,20,20
12,9680,1.374804790340006e-06,0.00010709147418787012,0.4712903729438336,0.5286011607771878,2,20,20
12,9681,1.5475595921865273e-08,1.5537091908848113e-07,0.500001370816918,0.4999984583365664,2,20,20
12,9682,5.142848222405442e-08,3.93578270120925e-06,0.499997498092035,0.49999851469678125,2,20,20
12,9683,5.142844298427028e-08,3.9357827002846115e-06,0.49999748024675245,0.499998532542104,2,20,20
12,9684,7.13480342383222e-08,4.369808252295713e-06,0.49999558490129714,0.4999999739424164,2,20,20
12,9685,9.532286111161159e-10,0.013517087689132278,0.4865655113843176,0.4999173999733215,2,20,20
12,9686,9.532385809435358e-10,0.01351708768908052,0.48654171326054046,0.4999411980971402,2,20,20
12,9687,0.0001807015279265303,0.0002426892965421321,0.49957763469692656,0.49999897447860475,2,20,20
12,9688,0.00018070156006873427,0.00024268946921050848,0.5042456546676882,0.49533095430303237,2,20,20
12,9689,0.00018070152792670508,0.00024268929654307295,0.49957807040323643,0.49999853877229394,2,20,20
12,9690,1.001130609741652e-09,0.0002489347454130593,0.49980991415425624,0.4999411500992003,2,20,20
12,9691,1.0011253643098143e-09,0.0002489349179703225,0.5044283496803101,0.4953227144005942,2,20,20
12,9692,5.796929551593471e-08,0.0002573833580145985,0.5044198442720274,0.4953227144006618,2,20,20
12,9693,8.667452097910451e-13,0.0002447194801044361,0.5044325598202052,0.49532272069882305,2,20,20
12,9694,3.035600694818079e-13,0.00024471930744085176,0.4997567418490216,0.4999985388432341,2,20,20
12,9695,1.4302275294588896e-11,3.5570462549743774e-06,0.5000790361428142,0.49991740679662855,2,20,20
12,9696,3.2458734619540474e-06,7.782045598586617e-08,0.4999984748806589,0.4999982014254232,2,20,20
12,9697,2.388767414518967e-10,0.013529609410984942,0.48647004356263185,0.5000003467875066,2,20,20
12,9698,0.19812131261706134,1.4618916430042494e-06,0.30187698456957957,0.5000002409217159,2,20,20
12,9699,3.4030857316687954e-11,0.0050460226885147,0.4950133561948598,0.4999406210825946,2,20,20
12,9700,1.8970395245098013e-05,3.576934770264719e-07,0.5000400503437722,0.49994062156750524,2,20,20
12,9701,0.0010396205079141927,3.438016043945146e-07,0.49901885930577516,0.49994117638470537,2,20,20
12,9702,3.369722626652781e-07,7.243255468664673e-07,0.5000815376681992,0.49991740103399135,2,20,20
12,9703,0.001079877268904598,1.1191055872536842e-10,0.49892155937104193,0.4999985632481422,2,20,20
12,9704,0.34023893393862004,1.0942770295043977e-10,0.15976250387742016,0.49999856207453225,2,20,20
12,9705,0.0003713243636333008,1.0774853996780782e-08,0.49963013110671556,0.4999985337547965,2,20,20
12,9706,3.3134688904929377e-06,5.573299943137632e-09,0.5011504792139321,0.4988462017438772,2,20,20
12,9707,0.00036520323928614405,9.90121496007304e-09,0.5013258032619174,0.49830898359758113,2,20,20
12,9708,0.00036521063443266155,3.110803998640463e-12,0.49974210673624064,0.49989268262621567,2,20,20
12,9709,0.3535494998426744,6.308922100307043e-16,0.14645155030018497,0.4999989498571401,2,20,20
12,9710,0.499819151087381,7.842381085507815e-11,0.00020974032182454,0.4999711085123703,2,20,20
12,9711,0.28627947011768584,1.4577995313437306e-07,0.21374788618946144,0.49997249791289955,2,20,20
12,9712,0.286279470117076,1.4577989949398626e-07,0.21372147956258564,0.49999890454043905,2,20,20
12,9713,0.2862794701170667,1.457798467896671e-07,0.2137204621526299,0.49999992195045656,2,20,20
12,9714,0.4982533430725573,1.1716843322972041e-09,0.0017666654537422163,0.49997999030201623,2,20,20
12,9715,0.3678213911847842,2.482582373939355e-09,0.13222456787868783,0.4999540384539459,2,20,20
12,9716,0.49998357299047447,7.913792151094054e-15,9.900581308499022e-05,0.4999174211964325,2,20,20
12,9717,0.0015818920521658362,8.055538220056348e-10,0.4977896516646535,0.5006284554776262,2,20,20
12,9718,5.508409763875564e-09,0.005032588549916527,0.49504259975102544,0.49992480619064794,2,20,20
12,9719,5.771420302479397e-07,6.200966363763479e-06,0.5046572716090064,0.49533595028259947,2,20,20
12,9720,0.045371174223178865,1.1745938387008698e-08,0.4546584178826688,0.49997039614821354,2,20,20
12,9721,1.2685963990156681e-09,2.0690258694395143e-05,0.5000624446641657,0.4999168638085432,2,20,20
12,9722,1.2708628287691316e-09,2.069025880071138e-05,0.5000618996054581,0.49991740886487834,2,20,20
12,9723,1.268587112699748e-09,2.0690258693470657e-05,0.49998033606935266,0.4999989724033668,2,20,20
12,9724,1.5232744994548234e-05,1.930776558991832e-12,0.49998624169643135,0.4999985255566432,2,20,20
12,9725,0.06061052729786582,0.00010021882869841835,0.4392893035540955,0.49999995031934036,2,20,20
12,9726,0.06061052729786512,0.00010021882869841834,0.4392892977473813,0.4999999561260552,2,20,20
12,9727,1.6517489968807063e-10,0.000164076582599302,0.45524793285752524,0.5445879903947006,2,20,20
12,9728,2.825522783912845e-07,4.671922657829434e-10,0.4768935843635272,0.5231061326170021,2,20,20
12,9729,5.257616779646096e-09,1.6081396400860758e-06,0.5582268455102761,0.441771541092467,2,20,20
12,9730,1.0316170067347291e-08,1.7057242192628753e-11,0.49915924020049107,0.5008407494662814,2,20,20
12,9731,1.7783420458227163e-06,1.3126901072976743e-11,0.4999897359022054,0.5000084857426215,2,20,20
12,9732,5.55939523466298e-10,1.332853188260781e-11,0.5000012855961755,0.4999987138345562,2,20,20
12,9733,5.559402230527059e-10,1.638505154694347e-11,0.5000564402287052,0.4999435591989695,2,20,20
12,9734,3.93002008898862e-15,9.60745942013995e-16,0.5000674822613426,0.49993251773865216,2,20,20
12,9735,5.923899123046665e-06,1.779245226235276e-10,0.006879034867377912,0.9931150410555744,2,20,20
12,9736,1.2948230883303815e-10,3.038419137655268e-12,0.0033891765466482573,0.9966108233208308,2,20,20
12,9737,1.537712587588064e-17,6.604568563193238e-17,2.482049224786595e-06,0.9999975179507747,2,20,20
12,9738,5.698931941272993e-13,3.0586326393548905e-12,2.2298017800635368e-05,0.999977701978571,2,20,20
12,9739,4.055519022549703e-14,5.3306096330946383e-14,0.0033313229004281264,0.9966686770994779,2,20,20
12,9740,7.009101789118558e-16,9.413526945949983e-16,5.881101280501375e-05,0.9999411889871933,2,20,20
12,9741,1.874913565739324e-16,9.906855346544866e-16,2.507091058879785e-06,0.9999974929089401,2,20,20
12,9742,1.8754320975874893e-16,1.882880536337833e-15,2.934729170049797e-06,0.9999970652708279,2,20,20
12,9743,5.680584734754456e-13,1.738941257249199e-10,0.0011568410506052932,0.9988431587749327,2,20,20
12,9744,8.912965918710958e-16,4.983799546402401e-17,2.174325995003857e-05,0.999978256740049,2,20,20
12,9745,2.7663718266650886e-17,1.7101038300812063e-17,6.026215776043435e-05,0.9999397378422397,2,20,20
12,9746,1.9999212550360768e-16,5.364633880223981e-14,6.129684622311865e-05,0.9999387031537232,2,20,20
12,9747,6.053625150752862e-13,3.091675675466084e-12,0.0033497428917871976,0.9966502571045159,2,20,20
12,9748,3.994726059952869e-14,3.3897175156988796e-17,5.624432161850694e-07,0.999999437556744,2,20,20
12,9749,4.064439427347271e-14,5.3678887727427374e-14,2.599873165869942e-06,0.9999974001267398,2,20,20
12,9750,1.0164365773282241e-14,1.8993908007050024e-15,8.368917070450867e-05,0.9999163108292835,2,20,20
12,9751,8.792185416735755e-16,9.585292082879491e-16,8.366399913384634e-05,0.9999163360008643,2,20,20
12,9752,1.0876176955902704e-14,5.4597498510207476e-14,0.0001420468508479622,0.9998579531490864,2,20,20
12,9753,7.161374075265155e-16,9.423087440329492e-16,1.8429031437547428e-06,0.9999981570968547,2,20,20
12,9754,5.693442379909362e-13,9.909267095679443e-16,0.00011160438370561474,0.9998883956157236,2,20,20
12,9755,2.12343409720713e-16,5.040152118851194e-17,5.885017445817703e-05,0.9999411498255416,2,20,20
12,9756,1.9997691221630206e-16,3.0574776415069205e-12,0.00011808692652679755,0.9998819130704154,2,20,20
12,9757,1.0160384954643849e-14,1.8988864383355735e-15,6.0276670347095965e-05,0.9999397233296408,2,20,20
12,9758,4.410679399399729e-14,1.5392633109411825e-10,0.05843504828355586,0.9415649515624737,2,20,20
12,9759,1.3033276336552638e-10,5.4629799939966203e-14,0.006917243768067366,0.9930827561015452,2,20,20
12,9760,1.2976171063809192e-10,5.553816577589651e-14,0.00014239190414088804,0.999857607966042,2,20,20
12,9761,1.7891811370064445e-16,3.39021959094908e-17,9.637121504441928e-08,0.9999999036287849,2,20,20
12,9762,1.7568280776479202e-16,3.361247544780881e-17,1.5016011077669511e-06,0.9999984983988921,2,20,20
12,9763,1.0160176835910566e-14,5.45975587392024e-14,5.9339606320035515e-05,0.9999406603936155,2,20,20
12,9764,1.5800423362747775e-17,9.582055773875803e-16,2.031325216134871e-05,0.9999796867478375,2,20,20
12,9765,1.9096974999043104e-16,5.461356075976016e-14,7.91077775143886e-05,0.9999208922224306,2,20,20
12,9766,1.7873390291264642e-16,5.367274599294833e-14,5.9321609571532014e-05,0.9999406783903746,2,20,20
12,9767,1.1351451903475711e-14,1.7373110994043448e-10,0.0049494897605503445,0.9950505100657075,2,20,20
12,9768,4.0636776156964297e-14,3.059175917825867e-12,0.0034121220902442297,0.9965878779066559,2,20,20
12,9769,7.989877627102573e-14,3.0585845057713682e-12,8.95284623705027e-05,0.9999104715344911,2,20,20
12,9770,3.9951462692639424e-14,9.416402392049187e-16,6.001644189664099e-05,0.9999399835580625,2,20,20
12,9771,4.066260908758939e-14,1.89263369103956e-15,0.0033891827564476677,0.99661081724351,2,20,20
12,9772,6.091060744537726e-13,3.112202496969534e-12,8.92109020558354e-05,0.9999107890942228,2,20,20
12,9773,4.063978356962386e-14,1.0727915040964297e-13,0.00011764153743567258,0.9998823584624168,2,20,20
12,9774,7.009593914366903e-16,5.363973528125113e-14,5.883945499330766e-05,0.9999411605449525,2,20,20
12,9775,2.2767087633583744e-12,3.333677676896842e-17,2.135002392765386e-05,0.9999786499737957,2,20,20
12,9776,4.0120602323007916e-14,9.90943426850032e-16,2.134598635688062e-05,0.999978654013602,2,20,20
12,9777,2.9408985726004364e-12,2.302545971910356e-17,0.454688937121833,0.5453110628752259,2,20,20
12,9778,3.332006943001288e-05,3.391468614355788e-11,0.4991136409334939,0.5008530389631607,2,20,20
12,9779,0.0007057878316475194,1.6555956854010285e-05,0.4991977193483554,0.5000799368631427,2,20,20
12,9780,4.966449348267455e-09,1.733685140851213e-05,0.49527125568873975,0.5047114024934024,2,20,20
12,9781,4.966458613352345e-09,1.733685146195142e-05,0.49689040346663355,0.5030922547154459,2,20,20
12,9782,0.4920466902997815,4.393898513216961e-09,0.009572504228550507,0.49838080107776933,2,20,20
12,9783,0.00022009511598686588,3.3574012003306726e-10,0.5013990835327072,0.4983808210155653,2,20,20
12,9784,7.150894905058186e-07,3.832137999072605e-06,0.4406352434455386,0.5593602093269721,2,20,20
12,9785,7.150900594964117e-07,3.832138000029346e-06,0.44066325908993265,0.5593321936820078,2,20,20
12,9786,7.150894905059776e-07,3.832137999088542e-06,0.44063477003173523,0.5593606827407753,2,20,20
12,9787,0.0008784189677438033,1.1372134310304935e-10,0.499121633205677,0.4999999477128578,2,20,20
12,9788,0.006135961265628289,1.8116816899480862e-07,0.493863201042556,0.5000006565236462,2,20,20
12,9789,0.006135961265628285,1.811681699131769e-07,0.4971913441152098,0.4966725134509917,2,20,20
12,9790,0.49971385342494956,2.6762625241718453e-14,0.0036153303091197705,0.4966708162659039,2,20,20
12,9791,4.118051464756006e-06,1.2521885926754907e-08,0.49997977780531555,0.5000160916213338,2,20,20
12,9792,0.02275046067786166,2.9985458328681933e-09,0.4772502421353007,0.4999992941882916,2,20,20
12,9793,0.00539919863808204,5.544437091666118e-09,0.49460228796766464,0.49999850784981614,2,20,20
12,9794,0.0002869414362128206,0.0001712781378325432,0.4987251973828919,0.5008165830430625,2,20,20
12,9795,2.0247667324144197e-10,3.529691640621334e-06,0.4990387080819677,0.5009577620239152,2,20,20
12,9796,8.831615633112877e-16,3.031173473585748e-12,0.004665516969314497,0.9953344830276536,2,20,20
12,9797,8.682214915829323e-16,3.0302163861111213e-12,0.0046650815925299025,0.9953349184044392,2,20,20
12,9798,1.2951604649199363e-10,5.447762285321816e-14,0.0011608184094021314,0.9988391814610276,2,20,20
12,9799,1.2951674688321045e-10,1.0813909735325503e-13,0.0011615918060442663,0.9988384080643309,2,20,20
12,9800,1.298020334582459e-13,2.8405149128782095e-15,0.00011805919029561395,0.9998819408095719,2,20,20
12,9801,4.9843961541358275e-14,1.7266548339785986e-10,0.004736098302344993,0.9952639015249397,2,20,20
12,9802,9.908047602616683e-15,1.7266548322120929e-10,0.004678741038964362,0.9953212587883604,2,20,20
12,9803,5.679127495349803e-13,2.819413526568038e-15,0.0011552379195536337,0.9988447620798758,2,20,20
12,9804,7.1610626400454845e-16,3.058378536428688e-12,0.00011925434827265324,0.9998807456486685,2,20,20
12,9805,1.8770694906059052e-16,9.585310804476902e-16,1.5114239398825403e-06,0.9999984885760589,2,20,20
12,9806,1.7684696025039486e-16,5.314621487433729e-14,0.004663868719061046,0.9953361312808854,2,20,20
12,9807,3.244406158426165e-11,1.0729178559886337e-13,3.9769975352744084e-06,0.9999960229699133,2,20,20
12,9808,1.2729388830479677e-17,5.998558835339243e-19,7.285294368597215e-08,0.9999999271470563,2,20,20
12,9809,5.029102371296248e-13,5.40327639952773e-12,0.058239307844388674,0.9417606921497051,2,20,20
12,9810,5.030972734851865e-13,5.4578568470978935e-12,0.05829809236825206,0.9417019076257871,2,20,20
12,9811,5.032056275755567e-13,5.448554453926523e-12,0.13635911748527157,0.8636408825087765,2,20,20
12,9812,1.2939449276973032e-10,3.048786722913372e-12,0.0016498952987763066,0.9983501045687807,2,20,20
12,9813,1.2935471205841783e-10,3.0497185104365612e-12,0.006292305568348972,0.9937076942992467,2,20,20
12,9814,7.312938516330275e-16,2.827404365445739e-15,0.0033494937213519186,0.9966505062786446,2,20,20
12,9815,2.7539195538596086e-17,1.8703529881113045e-15,0.0033291996543499914,0.9966708003456479,2,20,20
12,9816,6.416757910578772e-18,9.41460595088381e-16,2.941598745357853e-06,0.9999970584012537,2,20,20
12,9817,3.5096701887846266e-18,9.414605959066724e-16,1.4860148372497915e-06,0.999998513985162,2,20,20
12,9818,3.994724733118222e-14,3.3617647958440916e-17,7.562208277469406e-07,0.9999992437791324,2,20,20
12,9819,4.380791517831938e-19,8.794557137479921e-19,4.493215113849204e-08,0.9999999550678489,2,20,20
12,9820,5.080469978085474e-14,3.0595291861900516e-12,0.00011154354534783561,0.9998884564515418,2,20,20
12,9821,1.2835657502368117e-17,9.743513730990506e-16,0.00011758306264927744,0.9998824169373499,2,20,20
12,9822,1.0702232239604085e-14,1.899292127864076e-15,6.026819407650136e-05,0.9999397318059109,2,20,20
12,9823,1.0506267196394634e-07,1.7382714108604065e-10,0.0017373059722756716,0.9982625887912253,2,20,20
12,9824,1.5642953377217655e-17,9.744699658403933e-16,1.9680994694869316e-06,0.9999980319005295,2,20,20
12,9825,1.8445003460212704e-17,1.7101024515297227e-17,8.363882402158571e-05,0.9999163611759785,2,20,20
12,9826,1.2923736801531718e-10,1.735432264190985e-10,0.0021586490805730768,0.9978413506166462,2,20,20
12,9827,1.0092508009300067e-14,3.030241386111702e-12,0.004665584307394908,0.9953344156895649,2,20,20
12,9828,7.163776174290084e-16,1.8828199087708917e-15,2.032191777290397e-05,0.9999796780822245,2,20,20
12,9829,2.276540973289557e-12,1.0729979420226803e-13,7.915351237105244e-05,0.9999208464852454,2,20,20
12,9830,1.4049573277070085e-15,5.4581450754682134e-14,5.987918535634466e-05,0.9999401208145876,2,20,20
12,9831,7.163496184496602e-16,5.459482780241201e-14,8.299948997363657e-05,0.9999170005099713,2,20,20
12,9832,1.845349453063432e-17,9.744681193189426e-16,2.499736951189055e-06,0.9999975002630477,2,20,20
12,9833,2.785525822777009e-11,4.609089154767032e-14,0.07812449660220336,0.9218755033698951,2,20,20
12,9834,7.3694736133785695e-09,3.0472581564524117e-12,0.0018820527803994275,0.9981179398470796,2,20,20
12,9835,7.369498907434727e-09,1.1646901863052975e-10,0.17650974407087325,0.8234902484431588,2,20,20
12,9836,7.369472912352461e-09,3.0472413655130408e-12,0.0018810041616210598,0.9981189884658587,2,20,20
12,9837,1.272697269995811e-17,1.737877857310161e-17,5.881770242988212e-05,0.9999411822975701,2,20,20
12,9838,7.396353439596013e-09,3.1129528488455927e-12,8.436485306719298e-05,0.9999156277474666,2,20,20
12,9839,2.2557270411709795e-12,3.0311464217307726e-12,0.004688799190570272,0.9953112008041429,2,20,20
12,9840,5.691900476247812e-13,9.587837511180203e-16,2.1251491052149718e-05,0.9999787485083778,2,20,20
12,9841,1.0161102954588408e-14,5.461971911033146e-14,2.887935521086527e-06,0.9999971120644141,2,20,20
12,9842,7.042775329407337e-16,9.905752213078473e-16,5.8853403364634155e-05,0.9999411465966339,2,20,20
12,9843,7.040595274999234e-16,3.360262678652887e-17,1.1278117730134551e-07,0.999999887218822,2,20,20
12,9844,7.0405957098615445e-16,1.898993164046464e-15,5.9849134357354577e-05,0.9999401508656403,2,20,20
12,9845,3.996978429054925e-14,1.8988967198342713e-15,5.9184866171062915e-05,0.9999408151337869,2,20,20
12,9846,3.995468242109598e-14,1.8988916019240547e-15,6.025246546319462e-05,0.9999397475344947,2,20,20
12,9847,6.535655822725358e-09,2.7035109652653373e-12,0.05830203916445248,0.941697954297188,2,20,20
12,9848,6.535615871660423e-09,2.702570321977788e-12,0.05824375449305524,0.9417562389686265,2,20,20
12,9849,6.53562576110861e-09,2.7547742330038e-12,0.06290705695416053,0.9370929365074587,2,20,20
12,9850,7.162991435752797e-16,9.585371436740594e-16,2.5162543659542596e-06,0.9999974837456324,2,20,20
12,9851,4.013287150430551e-14,1.8993349302847874e-15,2.072413993370489e-05,0.9999792758600243,2,20,20
12,9852,2.2767965012966284e-12,4.983934497818076e-17,2.1185511771849303e-06,0.999997881446546,2,20,20
12,9853,7.133292880271073e-16,1.739573232617739e-17,2.1096967504615188e-06,0.9999978903032488,2,20,20
12,9854,8.882547374602956e-16,9.423143766633662e-16,3.533749390033485e-06,0.9999964662506083,2,20,20
12,9855,1.7546569653922097e-16,9.582414468633089e-16,2.916889808708438e-06,0.9999970831101902,2,20,20
12,9856,7.039780736842918e-16,3.3320911012993287e-17,5.885639353653751e-05,0.999941143606463,2,20,20
12,9857,1.0696050275101741e-14,1.7424131730958725e-10,0.00021285052977201033,0.9997871492959762,2,20,20
12,9858,5.69279675583012e-13,1.0729914903688874e-13,8.51129387686529e-05,0.9999148870605546,2,20,20
12,9859,5.691319275316065e-13,5.461094190707812e-14,0.00014142049110667885,0.9998585795082694,2,20,20
12,9860,5.691166193308271e-13,5.459472202569967e-14,0.00014142029168681114,0.9998585797076895,2,20,20
12,9861,6.015956685680194e-13,1.1546466335606422e-10,0.17471137010483204,0.8252886297791016,2,20,20
12,9862,3.2840998422528647e-19,1.6821552873212978e-17,6.972227555327105e-08,0.9999999302777245,2,20,20
12,9863,4.0642782530841525e-14,3.0583788936633663e-12,8.077718616484073e-05,0.9999192228107364,2,20,20
12,9864,8.626949909837942e-19,4.982876949439172e-17,8.260568467399172e-05,0.9999173943153258,2,20,20
12,9865,1.905574417250204e-16,9.744172783687596e-16,2.954850651341791e-05,0.9999704514934855,2,20,20
12,9866,9.036653048491755e-16,9.58774908198813e-16,2.856980666296851e-05,0.9999714301933353,2,20,20
12,9867,2.0305971576018233e-16,1.8831250489012233e-15,2.9573219023205947e-05,0.9999704267809748,2,20,20
12,9868,5.698312952799624e-13,3.11096673362464e-12,0.00014263880356956074,0.9998573611927497,2,20,20
12,9869,8.790255136353264e-16,9.420306122386026e-16,3.100444670481415e-05,0.9999689955532934,2,20,20
12,9870,7.131150142798901e-16,1.8828813087596264e-15,2.5244962846636433e-06,0.9999974755037128,2,20,20
12,9871,2.276527315506243e-12,9.58427651659006e-16,5.928053663963033e-05,0.9999407194610831,2,20,20
12,9872,9.989395683548126e-15,5.3679071986298535e-14,2.528941646516986e-06,0.99999747105829,2,20,20
12,9873,1.0686301519063756e-14,3.1112823104501186e-12,8.835160470104158e-05,0.999911648392177,2,20,20
12,9874,9.998072404212804e-15,3.0576431750241543e-12,3.05807221606723e-05,0.9999694192747718,2,20,20
12,9875,1.782459121874561e-16,9.575295707298076e-16,8.402865446332181e-05,0.9999159713455357,2,20,20
12,9876,1.2935545590696298e-10,6.097617980595849e-12,0.0016264455331571816,0.9983735543313897,2,20,20
12,9877,3.2443502217634947e-11,3.1113580134753185e-12,2.366852671538528e-05,0.99997633143773,2,20,20
12,9878,1.9372076505212138e-16,5.411074945575068e-14,0.0046923094014262295,0.9953076905985192,2,20,20
12,9879,4.0548013375013316e-14,5.4224291988781286e-14,0.003330726312784062,0.9966692736871212,2,20,20
12,9880,1.2780388093241652e-17,9.420197936719504e-16,2.4990228604203495e-06,0.9999975009771387,2,20,20
12,9881,1.2779475859793523e-17,9.414605951012012e-16,1.5033551975903835e-06,0.9999984966448014,2,20,20
12,9882,2.2865878960146392e-12,1.0822355278977978e-13,8.59872588071408e-05,0.999914012738798,2,20,20
12,9883,3.243884773706162e-11,3.1118944505362086e-12,8.682205197194249e-05,0.9999131779124772,2,20,20
12,9884,1.5585277041307546e-17,5.364605926957322e-14,2.5104825410515936e-06,0.9999974895174053,2,20,20
12,9885,4.978341362925984e-14,1.0805560691369431e-13,0.001621623004826168,0.998378376995016,2,20,20
12,9886,7.932223146732677e-14,5.366245156143848e-14,0.0036364327179198653,0.9963635672819473,2,20,20
12,9887,3.959590978109002e-14,1.0629128535741135e-13,0.004684126081409704,0.9953158739184444,2,20,20
12,9888,3.513422803572987e-18,3.360238321606146e-17,2.0643180856501615e-06,0.9999979356819143,2,20,20
12,9889,7.0384853145340005e-16,6.604578037644173e-17,1.0940578195240915e-06,0.9999989059421796,2,20,20
12,9890,2.277365147465163e-12,3.11133365831572e-12,5.141457849169959e-05,0.9999485854161196,2,20,20
12,9891,2.0008542356807524e-16,9.743634935226746e-16,5.885117766880099e-05,0.9999411488223302,2,20,20
12,9892,1.8811103946656614e-16,9.575775149349345e-16,5.883761698467402e-05,0.9999411623830146,2,20,20
12,9893,2.316530316924753e-12,3.1118974933800577e-12,8.63254813309258e-05,0.9999136745132409,2,20,20
12,9894,7.194232111297655e-16,5.36791742530741e-14,1.5758650188861836e-06,0.9999984241349269,2,20,20
12,9895,3.9959322090438286e-14,5.011894639673404e-17,7.81190799370939e-07,0.9999992188091607,2,20,20
12,9896,4.064790018200338e-14,6.634571824618131e-17,2.192921001546638e-06,0.9999978070789577,2,20,20
12,9897,2.286694677675148e-12,1.8828365581786183e-15,2.1269545027364192e-05,0.999978730452684,2,20,20
12,9898,1.2617303539656168e-17,1.681957883690727e-17,5.8842492296354334e-05,0.9999411575077036,2,20,20
12,9899,8.789182818963668e-16,3.0582522285948016e-12,8.488937333744514e-05,0.9999151106236036,2,20,20
12,9900,1.2975545854325108e-10,3.110932333184439e-12,8.390521284471176e-05,0.9999160946542891,2,20,20
12,9901,2.2774947057434734e-12,5.4587493362703326e-14,3.617383590183782e-06,0.9999963826140779,2,20,20
12,9902,7.28330186977517e-16,5.3305534048421006e-14,0.0033302345005126353,0.9966697654994332,2,20,20
12,9903,8.88253396153166e-16,1.739069224488403e-17,2.524623945026264e-06,0.9999974753760541,2,20,20
12,9904,8.995129614224365e-16,3.0383823755782e-12,0.0033302430771573496,0.9966697569198033,2,20,20
12,9905,1.8699113358339697e-16,3.0383823755793548e-12,0.0033292184522551657,0.9966707815447062,2,20,20
12,9906,7.013651981732583e-16,3.361760538252629e-17,8.685476860051797e-08,0.9999999131452308,2,20,20
12,9907,7.043553801780037e-16,9.582204186865065e-16,2.033829533575112e-05,0.9999796617046628,2,20,20
12,9908,4.0275008684322884e-14,3.031157247288681e-12,0.004665107135027571,0.9953348928619009,2,20,20
12,9909,1.5638186828386677e-17,5.366228091935912e-14,3.933723655710803e-06,0.9999960662762905,2,20,20
12,9910,7.01250761287313e-16,1.7380706125968427e-17,3.515466111114568e-06,0.9999964845338882,2,20,20
12,9911,7.013036832752523e-16,3.3596999343258035e-17,8.464421444083964e-05,0.9999153557855585,2,20,20
12,9912,8.788833513225352e-16,5.3472899769810173e-14,0.001621111776653125,0.9983788882232927,2,20,20
12,9913,1.3952654742884817e-15,5.407830234397231e-14,0.004665883732874482,0.9953341162670701,2,20,20
12,9914,4.0640028245112304e-14,9.419119982244711e-16,6.087909516504061e-05,0.9999391209047936,2,20,20
12,9915,6.091359206253388e-13,1.7426544643083374e-10,8.948743878347695e-05,0.9999105123863421,2,20,20
12,9916,7.162711304719451e-16,3.0574449273284653e-12,6.0344988935363006e-05,0.9999396550080066,2,20,20
12,9917,7.038729159427178e-16,3.0574452069272435e-12,6.0744715720092947e-05,0.9999392552812221,2,20,20
12,9918,1.585395587522836e-17,9.417501815074733e-16,1.4947786942919058e-06,0.9999985052213048,2,20,20
12,9919,1.0091092244445192e-14,5.3162304041858164e-14,0.004663857079315894,0.9953361429206211,2,20,20
12,9920,5.673706971622915e-13,5.4430261614183074e-14,0.001620197602055353,0.9983798023973229,2,20,20
12,9921,1.7133808742397978e-16,2.3817315768567578e-16,0.44127502271020647,0.5587249772897928,2,20,20
12,9922,1.654066772753813e-16,2.2110263452714036e-16,0.4412736008264645,0.5587263991735353,2,20,20
12,9923,2.5463275208408975e-10,1.5732333877713278e-14,0.5000613962817057,0.49993860346364516,2,20,20
12,9924,1.437380826127475e-08,4.2440930068694155e-13,0.49886388093070455,0.5011361046950626,2,20,20
12,9925,1.4373769210361181e-08,4.253501684191255e-13,0.4988054264154098,0.5011945592103957,2,20,20
12,9926,1.4374337517819883e-08,4.780544815770945e-13,0.49880637674483136,0.5011936088803529,2,20,20
12,9927,0.003840400676399015,9.77429423102661e-10,0.49577616995835166,0.5003834283878197,2,20,20
12,9928,0.003840400678768821,9.36249070195307e-09,0.5738438467019424,0.4223157432567987,2,20,20
12,9929,0.0038404006763592476,9.77375799840701e-10,0.4957225617091357,0.5004370366371296,2,20,20
12,9930,5.786129436272351e-08,1.3633335880057887e-09,0.5000009662807752,0.4999989744945976,2,20,20
12,9931,7.843147368173192e-07,0.013689462779206754,0.48629071455223716,0.5000190383538198,2,20,20
12,9932,0.0007976883067970814,3.298420689220635e-07,0.49920303151268297,0.49999895033845043,2,20,20
12,9933,0.0007976883067965587,3.298420689217788e-07,0.4992034561344854,0.4999985257166487,2,20,20
12,9934,4.846830984633074e-07,0.008462103636731206,0.49152501290061956,0.5000123987795506,2,20,20
12,9935,7.337041438684251e-09,0.00025170624098480305,0.4997483052337443,0.4999999811882296,2,20,20
12,9936,7.337041438684251e-09,0.00025170624098480305,0.4997483052337443,0.4999999811882296,2,20,20
12,9937,7.33704145097366e-09,0.00025170624098480305,0.49974933606890026,0.49999895035307346,2,20,20
12,9938,1.124395338699419e-07,1.0783104211537214e-08,0.5033290572566916,0.49667081952067016,2,20,20
12,9939,0.00022947495767204393,3.490496879316951e-07,0.4998289371936004,0.4999412387990398,2,20,20
12,9940,0.011366138166809986,1.756672338091761e-05,0.4886750899037364,0.4999412052060725,2,20,20
12,9941,0.01201049061783716,3.484092682797095e-07,0.48798920389769884,0.4999999570751957,2,20,20
12,9942,0.02186674393727813,1.607529483408262e-07,0.4781331330275053,0.4999999622822681,2,20,20
12,9943,0.0008325474662808122,3.441497875315375e-07,0.49918840109335644,0.4999787072905754,2,20,20
12,9944,0.19233158185436858,5.678683526200826e-06,0.3076622913825229,0.5000004480795821,2,20,20
12,9945,0.4891641762766238,8.89391118449693e-09,0.010919605171330612,0.49991620965813427,2,20,20
12,9946,0.48916417627658404,8.890853906884667e-09,0.010836316654549464,0.49999949817801226,2,20,20
12,9947,0.4891641762766245,8.89085298282663e-09,0.010857179929220175,0.49997863490330213,2,20,20
12,9948,0.00769650512206668,3.9868268166615275e-09,0.49238660930037265,0.49991688159073383,2,20,20
12,9949,1.2894362447606725e-06,6.474782499896882e-06,0.49999227199226914,0.49999996378898637,2,20,20
12,9950,0.4998837035561184,4.951327071431816e-14,0.00011633264826950539,0.49999996379556255,2,20,20
12,9951,0.4998837035561186,4.9530061684139304e-14,0.00011634873354102324,0.49999994771029077,2,20,20
12,9952,0.123468486581404,9.076941459327143e-07,0.3627756692477811,0.5137549364766694,2,20,20
12,9953,0.1234684865814033,9.076941449919615e-07,0.3627169032933483,0.513813702431104,2,20,20
12,9954,7.232276091780767e-10,2.990672576173178e-13,0.4999849967169128,0.5000150025595601,2,20,20
12,9955,6.218844685950349e-09,2.736906752111049e-12,0.07728251069890854,0.92271748307951,2,20,20
12,9956,6.221121386556785e-09,2.6843445763892123e-12,0.07614952211671122,0.923850471659483,2,20,20
12,9957,6.218843987415337e-09,2.7360915864235194e-12,0.07613119655673245,0.9238687972216875,2,20,20
12,9958,7.164052493036459e-16,5.460063589708181e-14,2.8912562146531836e-05,0.999971087437798,2,20,20
12,9959,2.2776609330380653e-12,5.552514702444547e-14,3.149941884469038e-05,0.9999685005788224,2,20,20
12,9960,2.012460014916734e-12,2.7552621250073943e-12,0.05827210211336568,0.9417278978818666,2,20,20
12,9961,8.76144902250619e-16,5.4594545940944364e-14,8.406749399957719e-05,0.999915932505945,2,20,20
12,9962,4.989101331313004e-14,5.551627640648133e-14,0.0017016751488613412,0.9982983248510333,2,20,20
12,9963,2.9921316761401866e-14,1.896151777782854e-15,0.001735204816650507,0.9982647951833177,2,20,20
12,9964,4.0827162850068914e-14,2.8398424908188246e-15,0.00014137855471912003,0.9998586214452373,2,20,20
12,9965,4.03019209178628e-14,5.460368411210663e-14,6.060515587580687e-05,0.9999393948440295,2,20,20
12,9966,4.1531061529266533e-14,1.9157724790036962e-15,7.911447696631521e-05,0.9999208855229902,2,20,20
12,9967,2.2767000685686633e-12,9.747313582168447e-16,2.0703071801052254e-05,0.9999792969259212,2,20,20
12,9968,5.698391189937953e-13,3.1111005083230354e-12,0.0033886954017083772,0.9966113045946109,2,20,20
12,9969,5.698314952362729e-13,3.112024871735323e-12,0.00011811677124735588,0.9998818832250709,2,20,20
12,9970,8.915432375966257e-16,9.582610074391918e-16,2.869534062668859e-06,0.9999971304659354,2,20,20
12,9971,8.915427219128788e-16,9.747603308620489e-16,6.061146918540603e-05,0.9999393885308128,2,20,20
12,9972,1.153001735425717e-14,5.529988417124326e-14,0.0022456423325331086,0.9977543576673998,2,20,20
12,9973,1.5920929906656436e-15,9.747724009551816e-16,3.886138337107072e-06,0.9999961138616604,2,20,20
12,9974,9.990908208163141e-15,9.581004125131056e-16,8.455600782898909e-05,0.9999154439921598,2,20,20
12,9975,1.0702313022991502e-14,9.912691263683195e-16,1.916548492214091e-06,0.9999980834514963,2,20,20
12,9976,2.2622739601772806e-12,1.731305705025116e-10,0.003344604439831452,0.9966553953847757,2,20,20
12,9977,9.998521559969136e-15,2.823752034222687e-15,2.3500867489784365e-06,0.9999976499132383,2,20,20
12,9978,7.115315402119351e-16,1.7347147140675146e-17,0.0011537361896231536,0.998846263810376,2,20,20
12,9979,3.9943606611764256e-14,5.3662560629846806e-14,2.503733321076256e-06,0.9999974962665854,2,20,20
12,9980,7.971458448161968e-14,1.9135331226640503e-15,0.0012423439791242731,0.9987576560207944,2,20,20
12,9981,4.548042508009739e-12,3.1109917816482583e-12,0.001220228834235797,0.9987797711581055,2,20,20
12,9982,2.3663808561832207e-12,3.1111099447137472e-12,0.00011929512197668705,0.9998807048725458,2,20,20
12,9983,9.073294939254437e-14,1.7318326908506383e-10,0.0034019691025498145,0.9965980307241761,2,20,20
12,9984,1.8658212495126145e-17,4.952120441614729e-17,0.004663860797061694,0.9953361392029381,2,20,20
12,9985,8.915493959247473e-16,3.0576437472822892e-12,2.957467538224825e-05,0.9999704253215593,2,20,20
12,9986,3.618175469977262e-16,9.55205802914496e-16,0.0016192008368878374,0.9983807991631106,2,20,20
12,9987,2.3265544110402784e-12,1.0731765856425567e-13,6.919167305557816e-05,0.9999308083245108,2,20,20
12,9988,1.0001143797556219e-14,5.3660230090681263e-14,2.9648123466151858e-05,0.9999703518764704,2,20,20
12,9989,3.72629487471472e-18,1.73908259602034e-17,6.294337307517067e-08,0.9999999370566268,2,20,20
12,9990,4.408673538098009e-19,5.998558500056567e-19,3.7737296931805776e-08,0.999999962262703,2,20,20
12,9991,7.040630323774606e-16,9.579668920161794e-16,1.552031995924195e-06,0.9999984479680024,2,20,20
12,9992,2.3911519904213768e-05,1.0679504270967685e-13,0.0025233884616391255,0.9974527000183496,2,20,20
12,9993,1.2980678352339158e-10,3.0593364471469847e-12,0.00010115774680633877,0.9998988421203278,2,20,20
12,9994,4.0639790947040856e-14,3.0583789299116247e-12,6.152585497313846e-05,0.9999384741419279,2,20,20
12,9995,3.993902508872862e-14,3.0574377837270187e-12,6.048876482938725e-05,0.9999395112320733,2,20,20
12,9996,3.993945160952503e-14,3.0574705028409064e-12,0.00011925385817120847,0.9998807461387317,2,20,20
12,9997,1.8794858726955784e-16,3.0574705027050266e-12,0.00011925385179772977,0.9998807461451447,2,20,20
12,9998,8.761381258065788e-16,1.0729055287855812e-13,0.00016518487971722192,0.9998348151201746,2,20,20
12,9999,3.210042406529825e-11,5.4585539327387006e-14,0.005384845793158152,0.9946151541746865,2,20,20
12,10000,1.0138756502979709e-14,3.105327367380235e-12,0.0012363119135749708,0.9987636880833097,2,20,20
