run,generation,degenerate,holistic,other,compositional,popsize,turnover_rounds,group_rounds
26,0,0.9987713554999793,1.4267839920713722e-08,0.0012266915175253483,1.938714656782331e-06,25,20,20
26,1,0.7851052439814094,1.0413822196332278e-05,0.21472893191020323,0.0001554102862058212,25,20,20
26,2,0.4477106190876515,0.04017351024498025,0.5121111849928673,4.685674497501993e-06,25,20,20
26,3,0.4536610198982054,0.07730051111964506,0.46897656506653845,6.190391561132772e-05,25,20,20
26,4,0.34850246449821454,0.09241482110176948,0.5252823045295708,0.03380040987044604,25,20,20
26,5,0.08102603124638817,0.13822713269861436,0.7102445726555564,0.07050226339944063,25,20,20
26,6,0.06823482375744036,0.1386224959240647,0.7099917993097801,0.0831508810087151,25,20,20
26,7,0.04752536888590618,0.2347777338222167,0.5897773054424406,0.12791959184943594,25,20,20
26,8,0.04179013125042703,0.3392453180968331,0.4605503364213787,0.1584142142313613,25,20,20
26,9,0.005476278596591992,0.3792077602367889,0.4168594876026499,0.19845647356396853,25,20,20
26,10,0.005476259170590284,0.45601972959602544,0.32913819026088353,0.2093658209725005,25,20,20
26,11,1.2782429450227902e-05,0.5321251550593936,0.29853844617293507,0.16932361633822052,25,20,20
26,12,1.317327369069226e-05,0.599943008578117,0.2673064948351938,0.13273732331299837,25,20,20
26,13,1.2988793993961079e-05,0.6317164710121232,0.2836130900780713,0.08465745011581145,25,20,20
26,14,1.2785011451780627e-05,0.7358628218105587,0.21946524680316085,0.04465914637482846,25,20,20
26,15,1.2785060369501336e-05,0.7749806409654012,0.18034742728617062,0.04465914668805855,25,20,20
26,16,3.3169757252419087e-09,0.8156290077160356,0.14437616713661158,0.03999482183037683,25,20,20
26,17,5.362392877683319e-08,0.8304489406877903,0.1695499533872076,1.0523010730373684e-06,25,20,20
26,18,5.436847775729157e-08,0.790494050606476,0.2095048427239664,1.0523010787478223e-06,25,20,20
26,19,2.4230906782965163e-07,0.7722833034438362,0.22771639749437575,5.6752719187718626e-08,25,20,20
26,20,2.4230906782965163e-07,0.7722833057447144,0.2277163951934976,5.6752719187718626e-08,25,20,20
26,21,2.423092325411163e-07,0.7342520558072703,0.26574764512325455,5.676024173099857e-08,25,20,20
26,22,2.4230979847141657e-07,0.7076323959492408,0.2923673049863698,5.6754589721090066e-08,25,20,20
26,23,0.0040633057392439244,0.7076344267346584,0.2883022085237556,5.900234123766503e-08,25,20,20
26,24,2.42816413575156e-07,0.7859234412745354,0.21407625981095144,5.609809912293174e-08,25,20,20
26,25,2.881805494102672e-07,0.7646789642220461,0.23532069150227797,5.6095126255655144e-08,25,20,20
26,26,2.890685640954447e-07,0.712408384424272,0.28759127039702614,5.6110136190916774e-08,25,20,20
26,27,2.958652848415823e-07,0.7625102950912088,0.23748935293954623,5.610395877624707e-08,25,20,20
26,28,2.5432328667585513e-07,0.7625101994070803,0.2374894901424676,5.612716419865651e-08,25,20,20
26,29,2.5432328667585513e-07,0.7625101994070803,0.2374894901424676,5.612716419865651e-08,25,20,20
26,30,2.429785021160428e-07,0.8326322932075696,0.16736742518132675,3.86326007464434e-08,25,20,20
26,31,2.4297689703652146e-07,0.8092792414183382,0.19072047685437354,3.875039011586974e-08,25,20,20
26,32,5.1181405571963445e-08,0.889040473529077,0.11095943656861731,3.8720899747579603e-08,25,20,20
26,33,5.118118865961539e-08,0.8890408096653774,0.11095910043262794,3.872080569388151e-08,25,20,20
26,34,9.316777119479557e-10,0.9376530579047944,0.06234692334214644,1.7821381085024747e-08,25,20,20
26,35,1.594403291439798e-09,0.9344445329366673,0.06555546480943533,6.594935309969955e-10,25,20,20
26,36,1.6018216099145803e-09,0.9152441678148819,0.08475582991829367,6.650024226763754e-10,25,20,20
26,37,1.5606145929018696e-09,0.8482432807828346,0.1517567172943517,3.621989679138797e-10,25,20,20
26,38,1.5527091305285493e-09,0.8605930474688477,0.1394066618506687,2.8912777460927235e-07,25,20,20
26,39,1.5527093802250234e-09,0.8610725832945143,0.13892712603032015,2.891224562209041e-07,25,20,20
26,40,1.5527019059165615e-09,0.875260848136244,0.1247388611866222,2.8912443185812216e-07,25,20,20
26,41,6.483648852760262e-05,0.895691829789441,0.10424303593823302,2.977837985533013e-07,25,20,20
26,42,7.266118219526453e-10,0.8986328079013348,0.10136690237181652,2.8900023681592483e-07,25,20,20
26,43,1.1536301226108808e-09,0.861487977769191,0.13851173208210737,2.889950713690937e-07,25,20,20
26,44,1.1536301226108808e-09,0.861487977769191,0.13851173208210737,2.889950713690937e-07,25,20,20
26,45,1.1547835553038138e-09,0.7964853613374925,0.20351434211547198,2.9539225177258713e-07,25,20,20
26,46,2.3963833611798175e-08,0.7434403333269457,0.2565593257001178,3.170091022991907e-07,25,20,20
26,47,1.2008538417118385e-09,0.8237131928332065,0.1762865169706799,2.8899525961673815e-07,25,20,20
26,48,1.1608211608651062e-08,0.8512879386948589,0.14871198273924813,6.69576807998678e-08,25,20,20
26,49,1.1928643920957618e-09,0.8357842351576464,0.16421492439302487,8.392564641189064e-07,25,20,20
26,50,7.509873754421663e-11,0.8132515118883343,0.18674762054367144,8.674928955840243e-07,25,20,20
26,51,6.138903065779967e-11,0.8799063668346722,0.1200927653025055,8.678014333527101e-07,25,20,20
26,52,6.052475594259344e-11,0.8787215709739056,0.12127756086245776,8.681031118875732e-07,25,20,20
26,53,1.0891982656756755e-10,0.8778055637646369,0.12219356802323768,8.681032054939441e-07,25,20,20
26,54,0.0001302934293271769,0.8103474102094559,0.18952135844865464,9.379125621857832e-07,25,20,20
26,55,0.0001302934287939006,0.8257854630469693,0.17408330561167384,9.379125628099837e-07,25,20,20
26,56,0.00012215836724469964,0.9173037673102218,0.08257403894151304,3.5381019664559135e-08,25,20,20
26,57,0.00012216110052108345,0.8855685281261362,0.11430927539977102,3.537357089648758e-08,25,20,20
26,58,0.00012216109890063508,0.8875514509945552,0.11232635253287801,3.5373665333065166e-08,25,20,20
26,59,0.0001234558448454208,0.8837521666940382,0.11609388795566572,3.0489505449703172e-05,25,20,20
26,60,1.3837618068152338e-06,0.9026378084560153,0.09733034208378558,3.0465698391685623e-05,25,20,20
26,61,1.3810707722577558e-06,0.8922580268265482,0.1077101264041444,3.0465698534354814e-05,25,20,20
26,62,1.381447846418954e-06,0.8813911284088602,0.11857650995848572,3.098018480678699e-05,25,20,20
26,63,1.3814480583839497e-06,0.8805937765765975,0.11937386178509621,3.098019024688754e-05,25,20,20
26,64,8.687066348842407e-08,0.8692772278866931,0.1307221594985509,5.257440916266419e-07,25,20,20
26,65,8.687065985389843e-08,0.8709956617691776,0.12900372561597284,5.257441891521102e-07,25,20,20
26,66,8.72421947552591e-08,0.8419954830366168,0.15800390427947117,5.254417167384445e-07,25,20,20
26,67,1.1904715254049144e-06,0.7793223310640697,0.22067646737746796,1.1086935865016991e-08,25,20,20
26,68,8.883736404341793e-08,0.7645430956616687,0.23545680482161965,1.0679346522464573e-08,25,20,20
26,69,8.767961468855855e-08,0.8029913049129388,0.19700859705095872,1.0356487088627999e-08,25,20,20
26,70,1.272260765324002e-07,0.8216775454548221,0.17832231696862755,1.0350473331721445e-08,25,20,20
26,71,2.5856325131434852e-06,0.7809249980261996,0.17944596719040454,0.039626449150882065,25,20,20
26,72,2.5855932752131217e-06,0.7021657054702992,0.25820526009256356,0.039626448843861385,25,20,20
26,73,2.585387502182832e-06,0.7696944442809123,0.1906765214823336,0.03962644884925167,25,20,20
26,74,2.545468622729293e-06,0.849256773462646,0.15074067101938474,1.0049346063213381e-08,25,20,20
26,75,6.12973741284871e-05,0.7700089912697382,0.2298634910525976,6.62203035358167e-05,25,20,20
26,76,5.871377944834528e-05,0.8108131933309835,0.18912796466636647,1.282232012092865e-07,25,20,20
26,77,0.0036408385843043154,0.8117938094477973,0.18456522157666255,1.3039123562104262e-07,25,20,20
26,78,0.0036408385843005047,0.8118270769915008,0.1845319540386146,1.3038558387107967e-07,25,20,20
26,79,5.625537182989242e-05,0.8900542225784579,0.10988939322379725,1.2882591475246772e-07,25,20,20
26,80,5.6255371613287074e-05,0.8746401122729058,0.12530350353506317,1.288204173260738e-07,25,20,20
26,81,5.373451639124875e-10,0.954578555784795,0.04542142571874825,1.7959111225145428e-08,25,20,20
26,82,5.637306478039708e-10,0.9495090354196105,0.0504909455861992,1.8430459117173123e-08,25,20,20
26,83,5.248929114021239e-10,0.9687505568393129,0.03124944166517231,9.706217127285376e-10,25,20,20
26,84,5.012342980937969e-10,0.9726821730849852,0.027317825448374515,9.654057348815093e-10,25,20,20
26,85,1.657616801437351e-08,0.8716412453510048,0.12835870676950908,3.13033173748993e-08,25,20,20
26,86,1.4188749862684792e-10,0.9075616438500066,0.0924383259096289,3.009847669123774e-08,25,20,20
26,87,1.4155377084106477e-10,0.9323038913249733,0.06769607842977905,3.0103693564001633e-08,25,20,20
26,88,1.1113947151870083e-10,0.9877102028028542,0.012289795504159373,1.5818467709992246e-09,25,20,20
26,89,1.1113973865516384e-10,0.9877192530812385,0.012280745225678891,1.5819425900230825e-09,25,20,20
26,90,3.096498553581386e-10,0.9606578739805742,0.039342118749054536,6.960721024422701e-09,25,20,20
26,91,8.761214866282845e-06,0.9898202584193142,0.010170978175166873,2.190652628485924e-09,25,20,20
26,92,8.761214866282845e-06,0.9898202584193142,0.010170978175166873,2.190652628485924e-09,25,20,20
26,93,8.76121486976614e-06,0.9904288621492243,0.009562374450631574,2.185274392548786e-09,25,20,20
26,94,8.761313253199694e-06,0.9899748212248091,0.010016414957687738,2.5042500031850076e-09,25,20,20
26,95,1.7887174613485746e-10,0.9647171963603829,0.035282801152838265,2.307906825015601e-09,25,20,20
26,96,1.1220164183948195e-10,0.9642604169267476,0.035739562915723416,2.0045327174330736e-08,25,20,20
26,97,1.1220164183948195e-10,0.9642604169267476,0.035739562915723416,2.0045327174330736e-08,25,20,20
26,98,1.1211103907827356e-10,0.9900626464401957,0.009937333402171254,2.0045522051563206e-08,25,20,20
26,99,1.1297827588378148e-10,0.9900183359199296,0.009981643915916919,2.0051175132258145e-08,25,20,20
26,100,1.1296305510345896e-10,0.9900491087196118,0.00995087112180587,2.0045619023774462e-08,25,20,20
26,101,5.145816172425739e-11,0.9230198812268817,0.07698009961482967,1.910682984529483e-08,25,20,20
26,102,5.145816172425739e-11,0.9230198812268817,0.07698009961482967,1.910682984529483e-08,25,20,20
26,103,5.140551214486948e-11,0.9527855295356287,0.04721445130613205,1.9106833251793775e-08,25,20,20
26,104,1.2901122107502122e-06,0.9357866420782948,0.06421205638832621,1.1421167836728163e-08,25,20,20
26,105,1.290113062828476e-06,0.9357556727199342,0.06424302542930958,1.1737692891351983e-08,25,20,20
26,106,1.2901128497497506e-06,0.9357530659815565,0.06424563216234476,1.174324857349202e-08,25,20,20
26,107,1.2901122185055196e-06,0.9768125621666617,0.023186136285482113,1.1435637655705664e-08,25,20,20
26,108,1.2901122971477642e-06,0.9516450177316648,0.048353681032322945,1.1123714721799428e-08,25,20,20
26,109,1.5396321296467431e-06,0.8972906943965476,0.10270775465300108,1.1318321458761088e-08,25,20,20
26,110,1.5379526669306435e-06,0.8727690104595662,0.12722942579895505,2.5788811705697615e-08,25,20,20
26,111,1.5379526669360751e-06,0.871530687901832,0.1284677483565964,2.5788904527009083e-08,25,20,20
26,112,1.2901631061510858e-06,0.8703634021398874,0.1296352819120814,2.5784925049941832e-08,25,20,20
26,113,1.2901128816774544e-06,0.9102884943911428,0.08971020406880506,1.1427170315505769e-08,25,20,20
26,114,1.3114244682477329e-06,0.9148178569275766,0.08518081953344564,1.2114509308032571e-08,25,20,20
26,115,1.3114244655252803e-06,0.9401743924464145,0.05982426616118294,2.9967936721229966e-08,25,20,20
26,116,1.3114238186973015e-06,0.9551482290763029,0.04485042942831337,3.0071564715748266e-08,25,20,20
26,117,1.3114238188874022e-06,0.9534308663477511,0.04656779215154503,3.007688471008411e-08,25,20,20
26,118,2.136718327507248e-08,0.9451302812489014,0.05486967735916709,2.0024747784650226e-08,25,20,20
26,119,1.862895094856042e-06,0.9239539112998368,0.07604336888924543,8.56915822369713e-07,25,20,20
26,120,1.8628950998503934e-06,0.898153391132392,0.10184388906233964,8.569101679975537e-07,25,20,20
26,121,6.448707328248631e-11,0.9344001477735889,0.0655998502704317,1.891491878364597e-09,25,20,20
26,122,1.5315997858705239e-07,0.932478686663008,0.06752114108716002,1.9089853015514967e-08,25,20,20
26,123,1.531611340170715e-07,0.9481571273019347,0.051841053236801146,1.6663001299133397e-06,25,20,20
26,124,1.5316113420798284e-07,0.9481339349963488,0.051864245547848756,1.66629466794395e-06,25,20,20
26,125,1.5316113420798284e-07,0.9481339349963488,0.051864245547848756,1.66629466794395e-06,25,20,20
26,126,1.5315889675164502e-07,0.9853076585857053,0.014692169482429891,1.877296816842305e-08,25,20,20
26,127,1.5317606957119313e-07,0.9424199713921059,0.05757984725467224,2.817715224798749e-08,25,20,20
26,128,1.5317700229312317e-07,0.921824803379981,0.07817501526581344,2.81772031559186e-08,25,20,20
26,129,1.5318899322314586e-07,0.9189294467973407,0.08107037184586167,2.8167804100686752e-08,25,20,20
26,130,1.5318983046849456e-07,0.921082725516468,0.07891707594295962,4.535074190141961e-08,25,20,20
26,131,1.5386407334777257e-07,0.8588977759758438,0.14110203403543836,3.6124644298291235e-08,25,20,20
26,132,1.5386282280843378e-07,0.8693320384503163,0.1306677719245378,3.5762323007097726e-08,25,20,20
26,133,1.5385853937098688e-07,0.8971092513745582,0.10289055911163544,3.5655266917345724e-08,25,20,20
26,134,1.5318466637057333e-07,0.8983053023595805,0.10169450879486414,3.5660889080914634e-08,25,20,20
26,135,1.5319848626711296e-07,0.9086436303190719,0.09135617107703606,4.540540589856037e-08,25,20,20
26,136,0.00025545214952983614,0.8572798616777867,0.14246436465849477,3.215141886018207e-07,25,20,20
26,137,0.00025545214950840466,0.8972277275288593,0.10251649880188751,3.215197447202074e-07,25,20,20
26,138,7.243668933940183e-05,0.8197839435923894,0.1801433066246967,3.13093574260797e-07,25,20,20
26,139,7.243668850664187e-05,0.838516603417272,0.1614106469634269,3.129307943098491e-07,25,20,20
26,140,7.006008154686649e-05,0.8676548160132751,0.1322750780371959,4.586798187640054e-08,25,20,20
26,141,7.006008128433234e-05,0.8905777037353951,0.10935164359776586,5.925855548997157e-07,25,20,20
26,142,7.006008045350313e-05,0.8924753227196266,0.10745402461436514,5.925855549523242e-07,25,20,20
26,143,7.006012005267316e-05,0.8873078336875865,0.11262152305244219,5.83139918520579e-07,25,20,20
26,144,7.006092672186371e-05,0.8464686904390822,0.15346066549416748,5.831400276999109e-07,25,20,20
26,145,7.006092670736634e-05,0.8477062802495478,0.15222307598520166,5.828385425336923e-07,25,20,20
26,146,7.006013154366923e-05,0.886262220980671,0.11366713604397834,5.828438065460306e-07,25,20,20
26,147,7.006013154366923e-05,0.886262220980671,0.11366713604397834,5.828438065460306e-07,25,20,20
26,148,6.990698868740322e-05,0.8640480442047886,0.13588148335207922,5.654544441514284e-07,25,20,20
26,149,6.990699449277192e-05,0.8635794267668693,0.1363506471978171,1.9040820300098973e-08,25,20,20
26,150,2.0714861731106026e-10,0.9376908820738603,0.06230906353312291,5.4185867658748475e-08,25,20,20
26,151,2.5638124140671233e-10,0.9622229152725993,0.0377770300756698,5.439534947938712e-08,25,20,20
26,152,2.4604590226977853e-07,0.9250689108909627,0.07484106896956612,8.977409356864903e-05,25,20,20
26,153,2.4607606055196716e-07,0.9311397483130501,0.06877023152254864,8.977408834053428e-05,25,20,20
26,154,2.460286886034779e-07,0.9328590644823419,0.06705091570405497,8.977378491418063e-05,25,20,20
26,155,1.77968660589694e-10,0.9721828748340591,0.02781707121446022,5.37735117356319e-08,25,20,20
26,156,1.7775205880984008e-10,0.9722024333339992,0.027797512714834164,5.3773414314585596e-08,25,20,20
26,157,1.6539266046062428e-10,0.9722519741215914,0.02774797194515352,5.376786239148564e-08,25,20,20
26,158,1.16709171110625e-10,0.9705716777690016,0.029428268402374908,5.371191432892533e-08,25,20,20
26,159,1.5409003404632159e-10,0.9540487271537963,0.0459505867432916,6.859488218434014e-07,25,20,20
26,160,6.157668095648254e-10,0.9394057293574002,0.060593590506848004,6.795199847768426e-07,25,20,20
26,161,6.157668095648254e-10,0.9394057293574002,0.060593590506848004,6.795199847768426e-07,25,20,20
26,162,6.158035428875397e-10,0.9410073707205912,0.05899194913921233,6.795243928839793e-07,25,20,20
26,163,6.159152509464366e-10,0.9240323227595879,0.07596699709715175,6.795273446951291e-07,25,20,20
26,164,5.858007962412259e-10,0.9562381325440215,0.043761819574587565,4.729558958870472e-08,25,20,20
26,165,5.855869898919279e-10,0.9568591439811241,0.04314080813779472,4.729549357893101e-08,25,20,20
26,166,1.4752302391254988e-07,0.9717238195552583,0.028275985339310902,4.75824061023483e-08,25,20,20
26,167,1.475111809294721e-07,0.9734421436404262,0.02655766156931808,4.72790739456067e-08,25,20,20
26,168,1.4704865267508242e-07,0.9889296085971648,0.011070208132268326,3.6221913484941186e-08,25,20,20
26,169,1.4714270213241784e-07,0.9863603992946753,0.013639434523942489,1.903867925994413e-08,25,20,20
26,170,1.4710715011952372e-07,0.9861617562556018,0.013838077911790479,1.8725456987890904e-08,25,20,20
26,171,1.4706297167130701e-07,0.9300857263857059,0.06991410765771981,1.889360197272298e-08,25,20,20
26,172,1.4768412057890893e-07,0.9633234327261135,0.03667637727413065,4.2315634593237334e-08,25,20,20
26,173,1.4768459139062837e-07,0.9445980943394272,0.05540171565749029,4.2318490416839815e-08,25,20,20
26,174,1.4769630417107092e-07,0.9627110209501759,0.03728878903788776,4.231563147278243e-08,25,20,20
26,175,1.4695310357617149e-07,0.963841336646351,0.03615849158190848,2.4818636549889182e-08,25,20,20
26,176,1.4700252787740915e-07,0.9271240794901336,0.0728757490070541,2.450028408309766e-08,25,20,20
26,177,1.2257576952873258e-09,0.8647767663301836,0.13522320760128323,2.4842775465774644e-08,25,20,20
26,178,4.592388310997401e-06,0.7964133993409865,0.20358197437958092,3.38911197631799e-08,25,20,20
26,179,4.5924005414005894e-06,0.767021841058408,0.23297353265002715,3.389102105259097e-08,25,20,20
26,180,4.592387436996029e-06,0.7952059602704948,0.20478941345104698,3.3891019376833105e-08,25,20,20
26,181,5.578674273645781e-05,0.7871018340774789,0.21283766520058867,4.713979194094221e-06,25,20,20
26,182,5.5789403177996255e-05,0.7710243297958926,0.2289151498956949,4.730905232851053e-06,25,20,20
26,183,5.119824085204879e-05,0.8118042754329384,0.18813980383634013,4.7224898685345805e-06,25,20,20
26,184,0.0007909913168214741,0.8003148049695763,0.19888940230506238,4.801408538551041e-06,25,20,20
26,185,0.0007915644759216106,0.7186672399012325,0.2805363933903995,4.802232444073405e-06,25,20,20
26,186,0.0007915644518995497,0.7174682897443259,0.28173532670491297,4.819098859623615e-06,25,20,20
26,187,0.0007912551949231943,0.7568349808121251,0.24236894458290656,4.819410043828278e-06,25,20,20
26,188,5.1516126125867535e-05,0.7810134508725481,0.21893031593129142,4.7170700333090765e-06,25,20,20
26,189,5.679735214672195e-06,0.933223591295952,0.06677066279645925,6.617237395242327e-08,25,20,20
26,190,5.679686716229505e-06,0.9342535070670367,0.06574074707468491,6.617156200123522e-08,25,20,20
26,191,5.679713084421456e-06,0.9160995830404007,0.08389466140680608,7.583970874896406e-08,25,20,20
26,192,5.6796836426640355e-06,0.973001446861503,0.026992837024717314,3.6430137001186524e-08,25,20,20
26,193,7.516690805822094e-11,0.9873008200969927,0.012699161090314466,1.8737526065005494e-08,25,20,20
26,194,6.317948846825387e-11,0.9743524481610929,0.025647533150706517,1.862502114203265e-08,25,20,20
26,195,7.375821907447994e-10,0.972139360894286,0.027860619447563923,1.892056777593828e-08,25,20,20
26,196,6.242384434797714e-11,0.974320560077612,0.025679421242392832,1.8617571291371003e-08,25,20,20
26,197,6.161857051887489e-11,0.9743720016081753,0.025627980021333836,1.830887226592487e-08,25,20,20
26,198,6.161519179347273e-11,0.9760798832054853,0.023920098727168465,1.8005730967954083e-08,25,20,20
26,199,6.245639994815042e-11,0.9744725602716092,0.02552742134141669,1.832451765277402e-08,25,20,20
26,200,6.305941565223166e-11,0.972374892664004,0.027624520728907104,5.865440294031448e-07,25,20,20
26,201,6.325064111962455e-11,0.9705126575149551,0.02948675557130468,5.868504895952525e-07,25,20,20
26,202,6.345325644050761e-11,0.9704908961777816,0.029508516913635027,5.868451300537534e-07,25,20,20
26,203,7.526216022248258e-11,0.9666874542282868,0.03331195853752194,5.871589288607487e-07,25,20,20
26,204,7.443239408904484e-11,0.9396341199101197,0.06036529307618541,5.86939261907552e-07,25,20,20
26,205,7.387424506926084e-11,0.9575184238142088,0.04248155820186357,1.7910052831477994e-08,25,20,20
26,206,2.680506631715024e-07,0.9169562807419956,0.08304341547253756,3.573480295852071e-08,25,20,20
26,207,2.6805151685254196e-07,0.9451165610561089,0.05488313524125407,3.565111941916988e-08,25,20,20
26,208,2.680523727133367e-07,0.9438628095084873,0.05613688678802282,3.565111639103954e-08,25,20,20
26,209,7.664261930875241e-11,0.9438593601033989,0.05614060373008262,3.608987509326957e-08,25,20,20
26,210,6.649281633283228e-11,0.9418910838960538,0.05810887965479659,3.6382656315341114e-08,25,20,20
26,211,8.262154707264833e-11,0.925642370207961,0.0743575930218296,3.6687587680960274e-08,25,20,20
26,212,3.364481769006474e-11,0.9311678355798487,0.06883212799478292,3.639172327984913e-08,25,20,20
26,213,3.364481769006474e-11,0.9311678355798487,0.06883212799478292,3.639172327984913e-08,25,20,20
26,214,3.343102525307334e-11,0.9334956177659479,0.06650434580898928,3.639163143074094e-08,25,20,20
26,215,3.343611323308193e-11,0.9077030868273801,0.09229687674764903,3.639153455967505e-08,25,20,20
26,216,7.084334487485356e-10,0.945801324149797,0.054198621651086444,5.349068300991588e-08,25,20,20
26,217,7.082164357224074e-10,0.9446165042128675,0.055383441582943685,5.3495972273569324e-08,25,20,20
26,218,7.080061313214359e-10,0.9458237749916178,0.05417616470896936,5.95914065685361e-08,25,20,20
26,219,7.082211207914399e-10,0.9453877265846933,0.054612213115680014,5.959140553426451e-08,25,20,20
26,220,2.0346966989767415e-08,0.9095262923537467,0.0904736275079338,5.979135183178442e-08,25,20,20
26,221,2.03469638678082e-08,0.9107883142990092,0.08921160556267449,5.979135194009508e-08,25,20,20
26,222,3.4070863901309124e-09,0.9316867482447546,0.0683131882590812,6.00890773707014e-08,25,20,20
26,223,3.45638017024266e-09,0.9453805353437497,0.054619401305411576,5.989445822317051e-08,25,20,20
26,224,3.425808557557854e-09,0.958788908476538,0.04121102820662009,5.989103332543213e-08,25,20,20
26,225,3.4266910877445386e-09,0.9582853495833706,0.041714586787936554,6.020200133944067e-08,25,20,20
26,226,3.4266950310373277e-09,0.9587888178363229,0.04121111853497879,6.020200304111494e-08,25,20,20
26,227,1.1810692861584265e-07,0.9203752676141264,0.07962455331321122,6.096573313869261e-08,25,20,20
26,228,1.181064149324322e-07,0.9214840185405868,0.07851580908769015,5.426530752689049e-08,25,20,20
26,229,1.1810590314214738e-07,0.9489947602152238,0.05100506741356489,5.42653076094521e-08,25,20,20
26,230,3.4737613904018166e-09,0.9480458613792342,0.05195408133355027,5.3813453332303257e-08,25,20,20
26,231,3.4737613904018166e-09,0.9480458613792342,0.05195408133355027,5.3813453332303257e-08,25,20,20
26,232,3.4243239757189404e-09,0.9451268563612899,0.05487308640112545,5.3813259954830635e-08,25,20,20
26,233,3.4241139696022057e-09,0.9457220578867773,0.05427790265747376,3.603163414292975e-08,25,20,20
26,234,2.2579384197137793e-08,0.9076342896342152,0.09236564179298369,4.5993416051293e-08,25,20,20
26,235,2.258024315738887e-08,0.8889226394809168,0.11107729178255271,4.6156286344899705e-08,25,20,20
26,236,3.4243239820048877e-09,0.9677067827931616,0.03229319539190824,1.839060588220294e-08,25,20,20
26,237,3.424320182952906e-09,0.9660203522326205,0.03397962595245725,1.839060176922581e-08,25,20,20
26,238,3.425151575182788e-09,0.9835372777342093,0.016462700618369182,1.8222269842014802e-08,25,20,20
26,239,3.425152390748395e-09,0.9547996185428848,0.04520035980803591,1.8223926471042663e-08,25,20,20
26,240,3.4265658354832123e-09,0.9366226415173279,0.06337733666922932,1.8386876584650084e-08,25,20,20
26,241,3.4274187763533855e-09,0.937829540769322,0.06217043741082607,1.8392432641710585e-08,25,20,20
26,242,3.4276411939926363e-09,0.9361420168433776,0.06385796133645472,1.839252604778684e-08,25,20,20
26,243,3.4398387356393496e-09,0.9630293566860739,0.036970621799672095,1.807441478121653e-08,25,20,20
26,244,3.4398387356393496e-09,0.9630293566860739,0.036970621799672095,1.807441478121653e-08,25,20,20
26,245,3.439838732577994e-09,0.9630292183818777,0.0369707601038682,1.8074414781210606e-08,25,20,20
26,246,3.4406698219000557e-09,0.961341817680438,0.03865816079915688,1.807973471996193e-08,25,20,20
26,247,3.40326630460956e-09,0.9329943644164413,0.06700561379338806,1.8386903582395353e-08,25,20,20
26,248,3.452203605872457e-09,0.9342552064062173,0.06574477174907913,1.8392499458104846e-08,25,20,20
26,249,7.918907648764485e-10,0.9610516489543705,0.03894833217667016,1.8077068214125815e-08,25,20,20
26,250,1.2170297959591917e-09,0.9466563242813609,0.053343656538464,1.7963144588177468e-08,25,20,20
26,251,1.2170297959591917e-09,0.9466563242813609,0.053343656538464,1.7963144588177468e-08,25,20,20
26,252,1.408232390677735e-09,0.9081188631126514,0.09187945246941201,1.683009703817881e-06,25,20,20
26,253,1.3949277623874188e-09,0.9102980719089596,0.08970024399974016,1.6826963720109066e-06,25,20,20
26,254,4.520085821099971e-09,0.871959918916582,0.12803837386010633,1.702703225987697e-06,25,20,20
26,255,4.531078029958771e-09,0.8701116909810132,0.12988660178468664,1.7027032221451764e-06,25,20,20
26,256,7.874234531539116e-10,0.9678048989388421,0.03219508281457208,1.7459162144260603e-08,25,20,20
26,257,7.874234531539116e-10,0.9678048989388421,0.03219508281457208,1.7459162144260603e-08,25,20,20
26,258,7.387144656524693e-10,0.9522557920132211,0.04774418979147392,1.74565901117746e-08,25,20,20
26,259,3.460860392021462e-06,0.9268510176191446,0.07314549692290087,2.4597561974678945e-08,25,20,20
26,260,3.460896167994217e-06,0.8974706148490089,0.10252589457519401,2.9679628957932197e-08,25,20,20
26,261,3.4602214216761593e-06,0.8751568660697248,0.1248396665512813,7.15757259867812e-09,25,20,20
26,262,3.4602214216761593e-06,0.8751568660697248,0.1248396665512813,7.15757259867812e-09,25,20,20
26,263,3.4602220516835462e-06,0.8934840635351742,0.10651246877620547,7.4665690248892e-09,25,20,20
26,264,1.4639977869222139e-10,0.9468346867904504,0.053165312117430544,9.457190064468867e-10,25,20,20
26,265,1.4727211319110692e-10,0.9439850040536989,0.056014977559991096,1.8239037684071095e-08,25,20,20
26,266,1.9182160138563476e-10,0.9801839863846511,0.019815045314063223,9.681094637823275e-07,25,20,20
26,267,1.909814453608493e-10,0.9796005433138011,0.020398488385839367,9.681093779843297e-07,25,20,20
26,268,1.4392767877806457e-10,0.9808318445536632,0.0191671871985838,9.681038252098457e-07,25,20,20
26,269,1.441447872580012e-10,0.9808209757321852,0.019178056019745624,9.681039243863516e-07,25,20,20
26,270,1.443665888395548e-10,0.9803764289439526,0.01962258576694703,9.851447336648356e-07,25,20,20
26,271,1.453980671299222e-10,0.979007834279132,0.020991163258212663,1.0023172572181111e-06,25,20,20
26,272,1.4519485344993473e-10,0.9807346127519899,0.01926440206809896,9.850347162176386e-07,25,20,20
26,273,2.2154668939396826e-10,0.9417734944749507,0.05822552026877931,9.85034723086479e-07,25,20,20
26,274,2.2152764945390468e-10,0.9417595572357608,0.05823945750798996,9.850347213413703e-07,25,20,20
26,275,2.475507709285195e-10,0.9224403244557202,0.07755869009941681,9.851973121693938e-07,25,20,20
26,276,3.739328274814287e-08,0.9222214541386718,0.07777659013328052,1.9183347649906963e-06,25,20,20
26,277,3.739394967176481e-08,0.9269455944659042,0.07305244980528673,1.9183348593920838e-06,25,20,20
26,278,3.7394798799838297e-08,0.9280841135963775,0.07191393067380583,1.918335017635212e-06,25,20,20
26,279,4.854945026532647e-08,0.8741323211801175,0.12586571184705503,1.9184233769430516e-06,25,20,20
26,280,3.0935252764314556e-06,0.8050283457424581,0.19496662999626893,1.9307359948680787e-06,25,20,20
26,281,3.0683502608246176e-06,0.7967124948777076,0.20328179850204162,2.638269988529569e-06,25,20,20
26,282,3.0683626221601225e-06,0.7966927074954032,0.20330158586642993,2.638275543127162e-06,25,20,20
26,283,3.0452915809239417e-06,0.8089335114831238,0.19106176040622258,1.6828190718301758e-06,25,20,20
26,284,3.0452907135120708e-06,0.8089357116746265,0.19105956022104567,1.6828136133901988e-06,25,20,20
26,285,4.44565197564787e-06,0.7742754394879586,0.22571780355803406,2.3113020311191543e-06,25,20,20
26,286,4.445664118594383e-06,0.8136268242325184,0.18636641880491656,2.3112984461604122e-06,25,20,20
26,287,4.445664118594383e-06,0.8136268242325184,0.18636641880491656,2.3112984461604122e-06,25,20,20
26,288,4.445676820812223e-06,0.8394281701643033,0.16056507256248304,2.3115963927057356e-06,25,20,20
26,289,4.445498847310351e-06,0.8795193691865123,0.12047552115704516,6.641575952412266e-07,25,20,20
26,290,4.445498847310351e-06,0.8795193691865123,0.12047552115704516,6.641575952412266e-07,25,20,20
26,291,3.045063789591999e-06,0.9316180488437737,0.06837887090327105,3.518916573078442e-08,25,20,20
26,292,3.0450519394093144e-06,0.9075218607412069,0.09247505931889004,3.488796341061922e-08,25,20,20
26,293,3.0450519394093144e-06,0.9075218607412069,0.09247505931889004,3.488796341061922e-08,25,20,20
26,294,3.0450395932059535e-06,0.9071276918547702,0.09286922790973534,3.51959008698837e-08,25,20,20
26,295,3.045038593229057e-06,0.9327747352988576,0.06722220133780754,1.8324742111324763e-08,25,20,20
26,296,3.045039649031087e-06,0.9348896768711308,0.06510726006222878,1.8026991574506605e-08,25,20,20
26,297,1.1395998738679528e-10,0.9622978287036063,0.037702165449696894,5.732736772596811e-09,25,20,20
26,298,1.4378483196289605e-07,0.9035602731684861,0.09643957703190552,6.014776281528232e-09,25,20,20
26,299,1.134819432432475e-10,0.9447446534901459,0.05525534035264001,6.04373213709195e-09,25,20,20
26,300,1.4978706260762693e-08,0.879637638047285,0.11945968960560073,0.000902657368408177,25,20,20
26,301,1.0913188679171791e-08,0.9442947247745701,0.054802612052278814,0.0009026522599621138,25,20,20
26,302,6.608594453519726e-11,0.9711708160106903,0.028829183293521646,6.297021049549937e-10,25,20,20
26,303,6.608594453519726e-11,0.9711708160106903,0.028829183293521646,6.297021049549937e-10,25,20,20
26,304,3.3588530869606412e-06,0.880643786710192,0.11935247667175483,3.7776496644576817e-07,25,20,20
26,305,8.016226727173241e-08,0.8708361513029387,0.1291572515303336,6.5170044608839146e-06,25,20,20
26,306,8.706310056543141e-06,0.8314470316373476,0.16853412306784324,1.0138984751984843e-05,25,20,20
26,307,0.0038328822567095704,0.8323913885672993,0.16341710947219787,0.00035861970379260917,25,20,20
26,308,0.0038328822564957198,0.833017059995031,0.16279143804468194,0.0003586197037909816,25,20,20
26,309,0.0038328822565034783,0.8534584123728459,0.14235008566391893,0.0003586197067316707,25,20,20
26,310,0.003832864419805288,0.8934148082418851,0.10240021729364496,0.00035211004466491824,25,20,20
26,311,4.141512318689115e-11,0.9544342909283182,0.0455657086814458,3.488207570234273e-10,25,20,20
26,312,4.0347454112815666e-11,0.95562763926817,0.044372360343008496,3.484737953560211e-10,25,20,20
26,313,4.036240404569535e-11,0.955608244873907,0.044391754748367894,3.3736243292954237e-10,25,20,20
26,314,1.4453985741609154e-11,0.9745653096001999,0.025434690045497567,3.3984857630700216e-10,25,20,20
26,315,1.789551238663616e-11,0.9479518617969476,0.052048138148616294,3.654051626539335e-11,25,20,20
26,316,1.789551238663616e-11,0.9479518617969476,0.052048138148616294,3.654051626539335e-11,25,20,20
26,317,8.908525089001263e-10,0.9174785268017801,0.08252147197155914,3.3580813800965304e-10,25,20,20
26,318,3.4987659545049665e-09,0.9149297751044315,0.08507022106134836,3.3545408939054075e-10,25,20,20
26,319,5.008976674985059e-07,0.874933606285421,0.12506589248139527,3.355162683358957e-10,25,20,20
26,320,0.0002563711496133366,0.8666892295549262,0.1330543835055124,1.5789947900061724e-08,25,20,20
26,321,0.0002563704752572688,0.837482952726973,0.16226065025387754,2.654389124736886e-08,25,20,20
26,322,0.0002563704752572688,0.837482952726973,0.16226065025387754,2.654389124736886e-08,25,20,20
26,323,0.0002563704752572688,0.837482952726973,0.16226065025387754,2.654389124736886e-08,25,20,20
26,324,0.000256370326678179,0.8270321230592841,0.17271147971960837,2.6894428768400913e-08,25,20,20
26,325,0.00025637032666892614,0.8424688168923289,0.15727478588657237,2.6894429410974345e-08,25,20,20
26,326,0.00025637031534952797,0.8425069557005377,0.15723664710070825,2.688340456200289e-08,25,20,20
26,327,0.00025637031549141317,0.8429663826656106,0.15677720286187932,4.415701867876011e-08,25,20,20
26,328,0.00025295766149077025,0.8679589007649693,0.1317881041220723,3.745146765832541e-08,25,20,20
26,329,0.0002553284155878525,0.8309523588462213,0.1687922749634256,3.777476540311819e-08,25,20,20
26,330,2.3734312979491728e-06,0.8515655103627279,0.14843208718002943,2.902594505703448e-08,25,20,20
26,331,0.038306593914166465,0.8826918361271222,0.07900155230520829,1.7653502924296934e-08,25,20,20
26,332,0.03830659391414857,0.88356163001816,0.07813174092287926,3.5144812217190035e-08,25,20,20
26,333,0.03830422059852051,0.9228302308704,0.038865496542019956,5.1989060089255735e-08,25,20,20
26,334,1.1444171799909124e-10,0.9627970676394283,0.03720288028617501,5.195995550091005e-08,25,20,20
26,335,1.9396546176091684e-11,0.9616846470786087,0.038314367925857795,9.849761374374451e-07,25,20,20
26,336,1.9593736333899298e-11,0.9616297304532196,0.03836928455105302,9.84976133947993e-07,25,20,20
26,337,2.0035280864639595e-11,0.9603528937916676,0.03964612120651155,9.84981785897529e-07,25,20,20
26,338,2.7195439831330965e-09,0.9598627080936916,0.04013630390711276,9.852796519551513e-07,25,20,20
26,339,2.715852293603264e-09,0.9886614283788905,0.011337583625728594,9.85279528914304e-07,25,20,20
26,340,2.716695972302047e-09,0.9869841789078607,0.013014832788875377,9.855865680264528e-07,25,20,20
26,341,2.716695972302047e-09,0.9869841789078607,0.013014832788875377,9.855865680264528e-07,25,20,20
26,342,2.7364210558979933e-09,0.9690259298987576,0.030973081774772523,9.855900487139052e-07,25,20,20
26,343,2.7364210558979933e-09,0.9690259298987576,0.030973081774772523,9.855900487139052e-07,25,20,20
26,344,3.49002482436139e-09,0.9158988407971215,0.08409990142059215,1.254292261138589e-06,25,20,20
26,345,2.7723122882882523e-09,0.9017410064308856,0.09825802249108705,9.68305715020757e-07,25,20,20
26,346,2.8694336117594903e-09,0.8709729817840351,0.12902603729132475,9.780552064687818e-07,25,20,20
26,347,2.896831256016272e-09,0.8741047063325214,0.125892133398278,3.1573723694889075e-06,25,20,20
26,348,2.773633912500047e-09,0.9280590559000567,0.07193996327976955,9.780465396276545e-07,25,20,20
26,349,7.412541056145862e-11,0.929787028206271,0.07021199397631453,9.77743288596673e-07,25,20,20
26,350,7.335667115013888e-11,0.9156190648403439,0.08437995733403886,9.777522605780818e-07,25,20,20
26,351,2.9626523066913445e-06,0.8784959161904432,0.1215001430378236,9.781194266803648e-07,25,20,20
26,352,2.978864168525262e-06,0.8205214571177082,0.17947449433080823,1.0696873139511491e-06,25,20,20
26,353,2.963066492156795e-06,0.8561673793050837,0.14382868907955554,9.685488684438477e-07,25,20,20
26,354,2.963066492156795e-06,0.8561673793050837,0.14382868907955554,9.685488684438477e-07,25,20,20
26,355,2.9630366726705234e-06,0.8813102794801375,0.1186858064309965,9.510521932593751e-07,25,20,20
26,356,2.9630366726705234e-06,0.8813102794801375,0.1186858064309965,9.510521932593751e-07,25,20,20
26,357,2.5662846434622295e-07,0.9193153506354317,0.0806834420510385,9.506850653349644e-07,25,20,20
26,358,2.5662824773254367e-07,0.9165209250138037,0.08347786767834582,9.506796025573408e-07,25,20,20
26,359,2.595860662564588e-07,0.9331267029895769,0.06687206984250964,9.675818472848626e-07,25,20,20
26,360,2.595604596403476e-07,0.9215108167769671,0.07848795608065708,9.675819161404329e-07,25,20,20
26,361,2.595604596403476e-07,0.9215108167769671,0.07848795608065708,9.675819161404329e-07,25,20,20
26,362,5.863907815917782e-05,0.8831073182073217,0.11680687500183293,2.7167712686122332e-05,25,20,20
26,363,5.863907815917782e-05,0.8831073182073217,0.11680687500183293,2.7167712686122332e-05,25,20,20
26,364,2.595602419242248e-07,0.9227516895575498,0.07724708360177393,9.672804345845023e-07,25,20,20
26,365,2.596148749592192e-07,0.9451457530012961,0.05485302010334055,9.672804888389347e-07,25,20,20
26,366,2.596138648241167e-07,0.9482862899544274,0.05171343301791603,1.7413792117374245e-08,25,20,20
26,367,3.417116038111593e-09,0.9584322568466154,0.041567722237327666,1.7498940889824024e-08,25,20,20
26,368,3.4611016335363443e-09,0.9483431181841361,0.051655700934664955,1.1774200970957256e-06,25,20,20
26,369,1.0283698956066265e-06,0.9408130344185435,0.0591859116013297,2.5610231057048708e-08,25,20,20
26,370,1.0283698956066265e-06,0.9408130344185435,0.0591859116013297,2.5610231057048708e-08,25,20,20
26,371,1.028369892062593e-06,0.9408353959387505,0.059163550086681845,2.560467538823513e-08,25,20,20
26,372,3.4045299945041376e-09,0.9646628189880271,0.035337160085079755,1.752236306505215e-08,25,20,20
26,373,3.404534062943712e-09,0.9646241515751623,0.03537582749784625,1.752245713084864e-08,25,20,20
26,374,3.4163803751602545e-09,0.9639914103421334,0.03600856840240953,1.7839076585505112e-08,25,20,20
26,375,4.414135807845367e-09,0.8994130025961264,0.10058584250037017,1.1504893668417748e-06,25,20,20
26,376,4.3964939627792485e-09,0.8851685441666732,0.11483030094750049,1.1504893314628397e-06,25,20,20
26,377,4.3964939627792485e-09,0.8851685441666732,0.11483030094750049,1.1504893314628397e-06,25,20,20
26,378,4.355169818559861e-09,0.8824852403797249,0.11751360508949711,1.1501756075830487e-06,25,20,20
26,379,4.355169818559861e-09,0.8824852403797249,0.11751360508949711,1.1501756075830487e-06,25,20,20
26,380,4.4042268214096896e-09,0.8424845254058124,0.15751379935510587,1.6708348540931816e-06,25,20,20
26,381,3.4736552710625404e-09,0.828493244533683,0.17150508115233343,1.6708403273011639e-06,25,20,20
26,382,3.4614750591193383e-09,0.7860878336601798,0.2139104920436813,1.6708346633327234e-06,25,20,20
26,383,1.2910465622303695e-10,0.759531462821384,0.240466593946255,1.943103256149311e-06,25,20,20
26,384,1.511088919977362e-07,0.7862268676346983,0.21377132749239994,1.6537640095287895e-06,25,20,20
26,385,4.477831385217827e-05,0.8213138410034978,0.17864077098635064,6.096962990774405e-07,25,20,20
26,386,2.7769917365644856e-10,0.8575509805061031,0.14244901825458725,9.616103269455868e-10,25,20,20
26,387,2.77946724363758e-10,0.8568069455642333,0.14319305350698755,6.508324961033098e-10,25,20,20
26,388,8.73472801397199e-10,0.919094703561853,0.08090529491711457,6.475594168186242e-10,25,20,20
26,389,8.734876893131238e-10,0.9190943421518674,0.08090565632718105,6.474636280775393e-10,25,20,20
26,390,8.737184746539004e-10,0.841439996174639,0.15856000230412504,6.475172860196151e-10,25,20,20
26,391,9.474417985131643e-10,0.8634739163668819,0.136526082558485,1.2719147845421885e-10,25,20,20
26,392,9.472344116036332e-10,0.8651984592746522,0.13480153965101513,1.270982806650645e-10,25,20,20
26,393,8.996050302613699e-10,0.8412143390884761,0.15878565987936213,1.325567396185991e-10,25,20,20
26,394,9.00320569491733e-10,0.8565487970184914,0.14345120195695707,1.2423114637177213e-10,25,20,20
26,395,9.030596074943163e-10,0.8518611959388981,0.14813878535706448,1.7800977852978607e-08,25,20,20
26,396,3.900010856841467e-08,0.814929777973535,0.18507012275951015,6.026684602678353e-08,25,20,20
26,397,3.895130546920343e-08,0.8161372854900226,0.18386261529192027,6.026675154803454e-08,25,20,20
26,398,3.812488649325467e-08,0.8561360722671134,0.14386382934125336,6.026674724575831e-08,25,20,20
26,399,3.184928839171227e-07,0.7774983570154086,0.22250113773898927,1.8675271689018367e-07,25,20,20
26,400,3.1734873714068136e-07,0.8044066208904935,0.1955929028618902,1.5889887793897134e-07,25,20,20
26,401,3.1734873714068136e-07,0.8044066208904935,0.1955929028618902,1.5889887793897134e-07,25,20,20
26,402,3.700242089546705e-08,0.8312835024469362,0.16871642744373389,3.310690901740651e-08,25,20,20
26,403,3.697311248163308e-08,0.8467032840376776,0.1532966460713584,3.2917851396527886e-08,25,20,20
26,404,0.039760944263126825,0.7819080615336751,0.1783309504510451,4.3752153150553244e-08,25,20,20
26,405,0.03976093989011391,0.8200506773130734,0.14018833954974508,4.324706807616732e-08,25,20,20
26,406,0.039760939889274,0.8194127591242704,0.14082625774486052,4.324159559094112e-08,25,20,20
26,407,0.03974824853751677,0.8430159914601387,0.11723574210066953,1.7901675342920884e-08,25,20,20
26,408,0.039748459592386653,0.8422211273941231,0.11803039511169965,1.7901790862632395e-08,25,20,20
26,409,3.767944435542698e-07,0.8186237650927892,0.18137583998297974,1.8129787903249772e-08,25,20,20
26,410,1.657520764272978e-07,0.8556169436636359,0.14438287216137127,1.842291641229755e-08,25,20,20
26,411,1.6570413008743872e-07,0.8568410774311032,0.14315873844184732,1.842291945108414e-08,25,20,20
26,412,1.6570413064262622e-07,0.8168729200009024,0.183126895871888,1.842307830285721e-08,25,20,20
26,413,1.1764210140103536e-07,0.84298094871811,0.15701891501012938,1.8629658936544777e-08,25,20,20
26,414,1.1764233596152323e-07,0.824264700249909,0.17573516347524096,1.863251305510885e-08,25,20,20
26,415,1.1764121891765437e-07,0.7851742971805694,0.21482558421578699,9.624236195524583e-10,25,20,20
26,416,1.1764121891765437e-07,0.7851742971805694,0.21482558421578699,9.624236195524583e-10,25,20,20
26,417,1.176402010672896e-07,0.8639093497150256,0.13609053168904117,9.557322779297594e-10,25,20,20
26,418,1.17640197857539e-07,0.8639094878032008,0.13609039368836914,8.682324251716652e-10,25,20,20
26,419,2.8353785326085236e-09,0.8625846627660251,0.13741533358026303,8.183331863997232e-10,25,20,20
26,420,2.8353482611527017e-09,0.8642283618603663,0.13577163448604673,8.182384889799382e-10,25,20,20
26,421,2.8348186680298957e-09,0.8796438893056527,0.12035610703579247,8.237359925211259e-10,25,20,20
26,422,3.662236387157234e-09,0.8172384990190967,0.1826956946805289,6.580263813733653e-05,25,20,20
26,423,3.633802429317562e-09,0.8868007549697532,0.11313343893644592,6.580245999816409e-05,25,20,20
26,424,3.634019180434844e-09,0.886738563963418,0.11319562994246696,6.580246009550537e-05,25,20,20
26,425,3.6330414067038916e-09,0.9266932754392119,0.07330671991995219,1.0077945364578727e-09,25,20,20
26,426,3.6805851814519282e-09,0.9267406879840786,0.0732593073277347,1.007601383805413e-09,25,20,20
26,427,3.6814530912227457e-09,0.9267180989396033,0.07328189637134218,1.0076014123300774e-09,25,20,20
26,428,9.134299378493422e-06,0.9151072484754448,0.08488360217222662,1.5052949495316395e-08,25,20,20
26,429,9.134298513553797e-06,0.9116327166744876,0.08835813397970195,1.5047296328388557e-08,25,20,20
26,430,9.13150618740585e-06,0.9128439295068312,0.08714692424096362,1.4746017306993235e-08,25,20,20
26,431,9.131507055559732e-06,0.9128362020954606,0.08715465165137028,1.47461131582659e-08,25,20,20
26,432,9.13150705228845e-06,0.9128600989943056,0.08713075475262412,1.474601742314579e-08,25,20,20
26,433,6.200156051957988e-05,0.8922715913581414,0.10766640689044739,1.908913078422368e-10,25,20,20
26,434,6.200156053467414e-05,0.8939672527971589,0.10597074545141061,1.9089544282789977e-10,25,20,20
26,435,2.300642922539177e-11,0.9335030843616093,0.06649691558041643,3.496788342649355e-11,25,20,20
26,436,2.703248712196426e-07,0.9039516634864306,0.09604114220669467,6.923982003080716e-06,25,20,20
26,437,2.7032486734350413e-07,0.905199544816713,0.09479326087650886,6.9239819103133835e-06,25,20,20
26,438,1.7152071601687834e-11,0.9450943494575277,0.054905649881209356,6.441106644989494e-10,25,20,20
26,439,5.4927850727239295e-09,0.9444366231616377,0.055563370086450244,1.2591265705354458e-09,25,20,20
26,440,2.7829301644810184e-09,0.9221024918628047,0.07789750469942618,6.54838475707398e-10,25,20,20
26,441,2.7829303231915505e-09,0.9237580047444054,0.07624199181782357,6.548401275478616e-10,25,20,20
26,442,2.782930322151915e-09,0.9237886807851714,0.07621131577696177,6.549359689824631e-10,25,20,20
26,443,2.8314906176387174e-09,0.9237721017796672,0.07622789472835483,6.60486873567956e-10,25,20,20
26,444,2.8316888358027466e-09,0.9242304886013964,0.07576950821955815,3.473560172684427e-10,25,20,20
26,445,2.831689178549344e-09,0.9242850253312492,0.07571497148970324,3.473577301958895e-10,25,20,20
26,446,1.5597018224500458e-07,0.9236320802118158,0.07636776347529876,3.427029243224998e-10,25,20,20
26,447,4.185015495851719e-07,0.8825093889380123,0.11749017472322713,1.7837210795331542e-08,25,20,20
26,448,1.2837857274083252e-06,0.8862730520540255,0.11372553036060977,1.3379963751214243e-07,25,20,20
26,449,4.216615141589949e-07,0.8832989609925543,0.11663484253744263,6.577480848889725e-05,25,20,20
26,450,4.191749739610128e-07,0.9203457467797808,0.07965379871651189,3.5328733332277336e-08,25,20,20
26,451,4.1917497380109634e-07,0.8937598011253217,0.1062397443764965,3.532320812723434e-08,25,20,20
26,452,4.192022807469414e-07,0.8681767736496908,0.13182278922160287,1.7926425616517594e-08,25,20,20
26,453,4.178336535273084e-07,0.8738960425096676,0.12610353910814595,5.485327078871617e-10,25,20,20
26,454,1.559966004420389e-07,0.8838748767611848,0.11612496662273752,6.194773976958865e-10,25,20,20
26,455,1.562454893357018e-07,0.8576862745251447,0.14231356221882266,7.01054329167325e-09,25,20,20
26,456,1.8446054732340078e-07,0.8567949144505127,0.14320474496904012,1.5611989972909277e-07,25,20,20
26,457,1.8445954731621029e-07,0.8850068186451093,0.11499283457843157,1.623169115450075e-07,25,20,20
26,458,1.8445954751647998e-07,0.8849958101313576,0.11500384309208732,1.623170073336728e-07,25,20,20
26,459,1.8445976471056187e-07,0.884964626474622,0.11503502674850981,1.6231710312786377e-07,25,20,20
26,460,1.5794412654798204e-07,0.9523502906902318,0.04764953356470488,1.780093649446733e-08,25,20,20
26,461,1.5794448690442215e-07,0.9124006283274357,0.08759919591824714,1.780982986755877e-08,25,20,20
26,462,1.5764763778924255e-07,0.9352909964493377,0.06470883448442354,1.141860058049289e-08,25,20,20
26,463,1.5764847816424707e-07,0.9361247497945503,0.06387508114382848,1.1413142585546751e-08,25,20,20
26,464,1.5764850632507684e-07,0.9335543917161354,0.06644543922231103,1.141304674162148e-08,25,20,20
26,465,2.3996581493519595e-07,0.910509895896151,0.0894894334190808,4.30718952930204e-07,25,20,20
26,466,1.4103091505194538e-07,0.8716689785389089,0.1283290862969153,1.7941332603617443e-06,25,20,20
26,467,8.407765956401003e-08,0.872080399410557,0.1279190762952071,4.402165760463045e-07,25,20,20
26,468,8.407852726816035e-08,0.8720566326144652,0.12794284308506687,4.4022194055058074e-07,25,20,20
26,469,6.164543405193441e-11,0.8933405870278284,0.10665845289038894,9.600201367381413e-07,25,20,20
26,470,6.146654548461235e-11,0.8921465914970845,0.107852448421313,9.600201355368232e-07,25,20,20
26,471,8.605417585457468e-11,0.8686263750486062,0.13137266449426954,9.603710701386106e-07,25,20,20
26,472,5.914672478489047e-11,0.9108158631015071,0.08918318627854038,9.505608056887969e-07,25,20,20
26,473,5.943268955693544e-11,0.951375012045293,0.04862403733790369,9.505573707127923e-07,25,20,20
26,474,3.4922046480101236e-11,0.9721785860835258,0.02782045229455159,9.615869999878068e-07,25,20,20
26,475,3.405466609530446e-11,0.9709721053012145,0.029026933077898165,9.61586832268361e-07,25,20,20
26,476,3.405466609530446e-11,0.9709721053012145,0.029026933077898165,9.61586832268361e-07,25,20,20
26,477,3.405441401056512e-11,0.9722102506392026,0.027788787745296674,9.615814456140262e-07,25,20,20
26,478,3.2197855565431216e-11,0.973987437286756,0.02601255128264264,1.1398403206258204e-08,25,20,20
26,479,3.156959258153829e-11,0.9764023707456402,0.023597617824383743,1.1398406232594441e-08,25,20,20
26,480,3.156959258153829e-11,0.9764023707456402,0.023597617824383743,1.1398406232594441e-08,25,20,20
26,481,1.2566343300438194e-12,0.992454402911515,0.007545596444297579,6.42930637952526e-10,25,20,20
26,482,1.040772938505715e-12,0.9637263794113493,0.03627361985561728,7.319923523885024e-10,25,20,20
26,483,1.0406031442094017e-12,0.9890585965072652,0.010941402848675565,6.430181472351319e-10,25,20,20
26,484,4.908569759255758e-11,0.9896265742453692,0.010373424760578478,9.449663458883606e-10,25,20,20
26,485,9.798210952788207e-11,0.989790944792933,0.010209053839960349,1.2691245112688238e-09,25,20,20
26,486,5.476117410960917e-11,0.9715033439624254,0.02849665501851747,9.642957959544635e-10,25,20,20
26,487,4.821525818553053e-11,0.9121309629924228,0.08786903599790914,9.6145195064825e-10,25,20,20
26,488,4.821150760772975e-11,0.9127406494237222,0.08725934956661216,9.614534370691715e-10,25,20,20
26,489,4.820328678234636e-11,0.9506406272779627,0.04935937171228682,9.61546784005765e-10,25,20,20
26,490,4.818825506831319e-11,0.9506265024390963,0.04937349655126246,9.614526413144742e-10,25,20,20
26,491,4.8188229952257626e-11,0.9903535434516787,0.009646455538717813,9.614148351232946e-10,25,20,20
26,492,4.8158924485476984e-11,0.9615941972497463,0.03840579666434746,6.037746802606722e-09,25,20,20
26,493,6.570013233540034e-11,0.9203097034638412,0.07969028403561092,1.2434846926887178e-08,25,20,20
26,494,2.9770731452358302e-09,0.9156992953250043,0.08430067787429697,2.382362500002567e-08,25,20,20
26,495,2.9770810219733335e-09,0.9157193777639142,0.08428059543557045,2.3823433448828343e-08,25,20,20
26,496,2.977077945277264e-09,0.8898852015670468,0.11011477154321168,2.391266299066117e-08,25,20,20
26,497,3.773596480113674e-09,0.8774439085684727,0.12255606881002017,1.8847910367018495e-08,25,20,20
26,498,3.8230577757968855e-09,0.8774450505802531,0.12255492675423695,1.8842451707522285e-08,25,20,20
26,499,3.8230485907705465e-09,0.8924465859317375,0.1075533914026662,1.884254712874068e-08,25,20,20
26,500,3.8238744991355985e-09,0.9194848957187797,0.08051506442491872,3.6032426654594154e-08,25,20,20
26,501,3.775818784779802e-09,0.9223698044977056,0.07763015631033793,3.541613748658832e-08,25,20,20
26,502,3.775818784779802e-09,0.9223698044977056,0.07763015631033793,3.541613748658832e-08,25,20,20
26,503,2.9795059155762594e-09,0.9610404410612611,0.03895952054948627,3.540974666066807e-08,25,20,20
26,504,2.9803733876054438e-09,0.9593534821105281,0.04064647980509723,3.510400138404356e-08,25,20,20
26,505,2.980373193067397e-09,0.9593533205304331,0.040646641385288174,3.510390557342907e-08,25,20,20
26,506,2.9804342504938764e-09,0.9293771066486639,0.07062285495986359,3.5411038214574235e-08,25,20,20
26,507,2.9804342504938764e-09,0.9293771066486639,0.07062285495986359,3.5411038214574235e-08,25,20,20
26,508,2.980434253948946e-09,0.9293770843284906,0.07062287727994104,3.5411134025266816e-08,25,20,20
26,509,3.028338383806564e-09,0.9568974248478564,0.04310253640554119,3.5718264064278684e-08,25,20,20
26,510,2.9788771500456946e-09,0.956318051405585,0.04368190989727358,3.571826430269125e-08,25,20,20
26,511,3.0128670677868408e-09,0.9301910717049979,0.0698088891488135,3.613332151287541e-08,25,20,20
26,512,2.8149896153779786e-09,0.9572737918761091,0.04272616917723417,3.61316670076027e-08,25,20,20
26,513,0.00019698468438059073,0.9323967561962025,0.06740621593860763,4.31808086535326e-08,25,20,20
26,514,0.00019698558147915337,0.8663088219993109,0.13349382166131887,3.707578908958022e-07,25,20,20
26,515,0.0001969850554041697,0.8746296503114042,0.12517332158443842,4.304875299060378e-08,25,20,20
26,516,0.00019698510446422606,0.8987520385963523,0.1010509332576379,4.30415453627121e-08,25,20,20
26,517,0.0001969850547061288,0.9162495533091733,0.08355341890049357,4.2735626634923046e-08,25,20,20
26,518,0.00026683261475441897,0.893411521735202,0.10632160066218863,4.4987854513329646e-08,25,20,20
26,519,0.0002668326147546878,0.8950981254440846,0.10463499695330171,4.498785865672189e-08,25,20,20
26,520,0.00026683261391044727,0.8915116194384396,0.10822150266202586,4.5285623786618383e-08,25,20,20
26,521,0.00019821535842089316,0.8930874286401249,0.10671429515190069,6.084955317096854e-08,25,20,20
26,522,0.00019821535842089316,0.8930874286401249,0.10671429515190069,6.084955317096854e-08,25,20,20
26,523,1.2334890340026215e-06,0.9180008370257279,0.08199787568491831,5.3800319129990835e-08,25,20,20
26,524,2.578133396400287e-06,0.8851620180077482,0.1148353674993517,3.6359503426833176e-08,25,20,20
26,525,1.3474708751592682e-06,0.8855535158631311,0.11444511827584321,1.8390150231269412e-08,25,20,20
26,526,6.50871808513195e-11,0.9462164429260634,0.05378353845114417,1.855770462388457e-08,25,20,20
26,527,1.7241841377223378e-11,0.8828170783155678,0.11716490507066248,1.8016596527917572e-05,25,20,20
26,528,1.7238156237513147e-11,0.8840243468221667,0.11595763656945392,1.8016591141233354e-05,25,20,20
26,529,1.6929819493482885e-11,0.9509530102676237,0.04904697176482432,1.795062203300238e-08,25,20,20
26,530,1.3948365855401436e-05,0.8982950230750459,0.10160169649826077,8.933206083797362e-05,25,20,20
26,531,1.6425776140741865e-05,0.8732840701403102,0.12661017189420373,8.93321893452865e-05,25,20,20
26,532,1.6425789001937816e-05,0.8462734135604053,0.15362053943110088,8.962121949160873e-05,25,20,20
26,533,1.6425789001937816e-05,0.8462734135604053,0.15362053943110088,8.962121949160873e-05,25,20,20
26,534,2.480257237129302e-06,0.884722667290834,0.11527454484628509,3.0760564369332353e-07,25,20,20
26,535,2.477478005486982e-06,0.8697751468949653,0.1302220681398292,3.0748720001744837e-07,25,20,20
26,536,2.477484857772511e-06,0.886497683059864,0.113499531968235,3.0748704342951117e-07,25,20,20
26,537,2.6291699049835084e-06,0.9050242448400627,0.09497280116605461,3.2482397801643757e-07,25,20,20
26,538,1.0638515054528032e-05,0.8380676169772343,0.1619213569169263,3.875907853352747e-07,25,20,20
26,539,1.0823793537047324e-05,0.7981357139554209,0.20185307429510543,3.8795593614522355e-07,25,20,20
26,540,1.1272588461219882e-05,0.8388986298226375,0.16108999887551395,9.871338762393943e-08,25,20,20
26,541,1.1272589426912121e-05,0.7996982700452271,0.20029035865135875,9.871398717428261e-08,25,20,20
26,542,8.161126546556166e-06,0.8231636039353387,0.17682776592506488,4.6901304942586274e-07,25,20,20
26,543,1.5178077181936897e-07,0.8589768266248289,0.14102261565787955,4.059365196991817e-07,25,20,20
26,544,1.517727794116544e-07,0.8614281586388498,0.13857129049157513,3.990967953956323e-07,25,20,20
26,545,1.5172737958148552e-07,0.8487500227725576,0.15124941531564726,4.101844155288014e-07,25,20,20
26,546,1.1218853402133204e-06,0.8347065859106426,0.1652922456613181,4.6542698718793415e-08,25,20,20
26,547,1.5189246443013557e-07,0.8847109642785828,0.11528883731554711,4.651340603821174e-08,25,20,20
26,548,1.5189280566476978e-07,0.9001302774286356,0.09986953525321937,3.542533973184903e-08,25,20,20
26,549,1.5207329023876594e-07,0.870322690257809,0.12967712223807917,3.543082193129609e-08,25,20,20
26,550,1.5208465263055516e-07,0.8698857203942362,0.1301140920903486,3.543076287686292e-08,25,20,20
26,551,1.5190524853736896e-07,0.8995563153138889,0.10044349735002639,3.543083652841843e-08,25,20,20
26,552,2.1766476609603777e-07,0.8883642208832663,0.11163552602100195,3.543096587122442e-08,25,20,20
26,553,2.1766476577652037e-07,0.8895726008986606,0.11042714631283579,3.5123737848938443e-08,25,20,20
26,554,2.1766435017234906e-07,0.8895754868617426,0.11042426035036587,3.512354131262215e-08,25,20,20
26,555,2.1765309932819987e-07,0.9067671087407179,0.09323262106521976,5.254096279959548e-08,25,20,20
26,556,6.59611683990367e-08,0.9490374611547122,0.050962437378105116,3.550601388835274e-08,25,20,20
26,557,6.596142396596988e-08,0.9208273739226712,0.0791725418817241,1.8234180373013356e-08,25,20,20
26,558,4.834547983412588e-12,0.960821727830846,0.03917825423582389,1.792849562711891e-08,25,20,20
26,559,4.834547983412588e-12,0.960821727830846,0.03917825423582389,1.792849562711891e-08,25,20,20
26,560,4.815900701959183e-12,0.9625395600934877,0.03746042197852261,1.7923173972001905e-08,25,20,20
26,561,5.3514766416995094e-11,0.9890202559089988,0.010979708624436077,3.541305058284114e-08,25,20,20
26,562,5.3504096630385325e-11,0.9902713623829955,0.009728619641846613,1.792165397168501e-08,25,20,20
26,563,1.3358861133423625e-05,0.8575866232073827,0.1423999995502024,1.8381281630936864e-08,25,20,20
26,564,1.3358812175472798e-05,0.8580009171473004,0.1419857056591848,1.838133922348008e-08,25,20,20
26,565,1.3357079737857272e-05,0.8729499923405839,0.12703663250011585,1.8079562321565374e-08,25,20,20
26,566,1.3357047810625279e-05,0.9354391724382001,0.06454745213031925,1.8383669813668913e-08,25,20,20
26,567,2.752682003253096e-09,0.9714980362212099,0.028501942796339635,1.8229768528468125e-08,25,20,20
26,568,5.5294559939982165e-09,0.9721867870615034,0.027813189179024943,1.8230015431880914e-08,25,20,20
26,569,5.5294521836608904e-09,0.9721770317534764,0.02782294448705745,1.8230013727014674e-08,25,20,20
26,570,5.528582216291704e-09,0.9700866596165334,0.029913316619580063,1.8235304089646713e-08,25,20,20
26,571,2.7511807839348847e-09,0.9694938334882606,0.03050614522359239,1.8536965812214332e-08,25,20,20
26,572,2.8103338599181074e-09,0.9701390077305254,0.02986098790405347,1.5550870206851496e-09,25,20,20
26,573,2.809800421912083e-09,0.9843069022621483,0.015693093367373165,1.5606777511617794e-09,25,20,20
26,574,1.5499779929058482e-07,0.9833986958691858,0.01660113078302655,1.8349987985473483e-08,25,20,20
26,575,1.549981210744471e-07,0.9709022839138739,0.029097542739989827,1.834801500478483e-08,25,20,20
26,576,1.5499813215581073e-07,0.9708908709972603,0.029108955651229774,1.8353377358694114e-08,25,20,20
26,577,1.5498612415747108e-07,0.9708247569255338,0.02917507003723377,1.8051107663580528e-08,25,20,20
26,578,1.5498612415747108e-07,0.9708247569255338,0.02917507003723377,1.8051107663580528e-08,25,20,20
26,579,1.54987476666172e-07,0.9318813077277913,0.06811851923357044,1.8051161192275803e-08,25,20,20
26,580,1.549874916231934e-07,0.931889952967749,0.06810987399359662,1.805116239356766e-08,25,20,20
26,581,1.5498613910630225e-07,0.9707718170300355,0.029228009932716004,1.8051108789272638e-08,25,20,20
26,582,1.5773288358717017e-07,0.9667476158621491,0.03325220803475796,1.8370208756264415e-08,25,20,20
26,583,1.588516069014363e-07,0.9277195418011579,0.07225711994821003,2.3179399024936153e-05,25,20,20
26,584,1.588516069014363e-07,0.9277195418011579,0.07225711994821003,2.3179399024936153e-05,25,20,20
26,585,1.577320269777706e-07,0.9710351846725829,0.02896463923585821,1.835953158667132e-08,25,20,20
26,586,2.630002169705666e-06,0.9418550075769891,0.05814206633276382,2.9608807675471706e-07,25,20,20
26,587,2.627257528969843e-06,0.9151137290193412,0.08486534960937425,1.8294113755313923e-05,25,20,20
26,588,2.629056039286974e-06,0.8950474595438263,0.10489593159772514,5.3979802408954486e-05,25,20,20
26,589,2.629089470565496e-06,0.8575037504530687,0.14243794734079068,5.5673116669333144e-05,25,20,20
26,590,2.6289629901160752e-06,0.8738981226973295,0.12604526853536963,5.397980431017582e-05,25,20,20
26,591,2.6301358420912795e-06,0.9194469911923477,0.08051439720711334,3.598146469664104e-05,25,20,20
26,592,2.6289576864920285e-06,0.9428502241384865,0.05711116544434189,3.5981459484748806e-05,25,20,20
26,593,2.717821579584216e-06,0.8417572843231548,0.15820400700593212,3.5990849332783865e-05,25,20,20
26,594,2.717869852979925e-06,0.8613315635398894,0.13862973865173145,3.5979938525697224e-05,25,20,20
26,595,2.6293799945042267e-06,0.821871940007853,0.1780894509745708,3.5979637580909335e-05,25,20,20
26,596,2.629006714441148e-06,0.8565115947835256,0.14344980614203484,3.597006772473027e-05,25,20,20
26,597,1.5673626301515123e-07,0.9356132328332265,0.06435092417725585,3.568625325440407e-05,25,20,20
26,598,1.5362831002974781e-07,0.9073614674984717,0.09260270971381095,3.566915940688971e-05,25,20,20
26,599,1.5187609301898214e-07,0.9218163706758282,0.07818347648036485,9.67713806628087e-10,25,20,20
26,600,1.4912935708108796e-07,0.9505045307637734,0.049495319149737066,9.571326514879377e-10,25,20,20
26,601,1.4913040738463957e-07,0.9223217920000539,0.07767805792322752,9.463113918310567e-10,25,20,20
26,602,1.4913061332357832e-07,0.9204413626207238,0.07955848729677316,9.5188981950093e-10,25,20,20
26,603,1.4913061332357832e-07,0.9204413626207238,0.07955848729677316,9.5188981950093e-10,25,20,20
26,604,1.4913062766829394e-07,0.9191792888189271,0.0808205610986516,9.517938961182857e-10,25,20,20
26,605,1.4913062766897575e-07,0.9191864403499346,0.08081340988428566,6.351521482153107e-10,25,20,20
26,606,1.4913050427917432e-07,0.9379421233185128,0.06205772691878235,6.322006224870599e-10,25,20,20
26,607,1.493282903941485e-07,0.9103971806714017,0.08960238061413633,2.89386171110028e-07,25,20,20
26,608,1.4875052959793662e-07,0.9563935556224122,0.04360629499790566,6.291526347474255e-10,25,20,20
26,609,1.487513612026066e-07,0.9547864219028237,0.045213428398007724,9.47807374981451e-10,25,20,20
26,610,1.4875172263269643e-07,0.9282680071770153,0.07173184312901051,9.422511209578627e-10,25,20,20
26,611,1.487626577434748e-07,0.9276643745157998,0.07233547546286465,1.2586776137951602e-09,25,20,20
26,612,1.487747131992161e-07,0.9238680783666007,0.07611704375317371,1.4729105512061025e-05,25,20,20
26,613,1.4877451450793193e-07,0.924500182071398,0.07548494004857377,1.4729105513602601e-05,25,20,20
26,614,1.488884623539083e-07,0.896696996645698,0.10328810782797161,1.4746637867601301e-05,25,20,20
26,615,1.4888846573330463e-07,0.8949792799018943,0.10500582457177629,1.474663786338251e-05,25,20,20
26,616,1.4888845120029311e-07,0.923272807065815,0.07671229740770809,1.4746638025232301e-05,25,20,20
26,617,1.4954737438941653e-07,0.9787686058976134,0.02123120816181713,3.639319508689973e-08,25,20,20
26,618,1.4953535833160535e-07,0.9835339097546193,0.016465904308903337,3.640111882197982e-08,25,20,20
26,619,1.4948690870619138e-07,0.9605765877342419,0.03942324390068794,1.8878161252280843e-08,25,20,20
26,620,1.5016966892534772e-07,0.9593265826565311,0.040673230808039564,3.636576026278622e-08,25,20,20
26,621,1.4946416434694325e-07,0.914315689521818,0.08568414215270075,1.8861316564029215e-08,25,20,20
26,622,1.5213292003245217e-07,0.9270840917814581,0.07291573753557073,1.8550050790034046e-08,25,20,20
26,623,1.5213292003245217e-07,0.9270840917814581,0.07291573753557073,1.8550050790034046e-08,25,20,20
26,624,1.5213206113032053e-07,0.9263050211190169,0.07369480820436876,1.8544552992892634e-08,25,20,20
26,625,1.5214959784194976e-07,0.9263043414415556,0.07369548146369963,2.4945146791828163e-08,25,20,20
26,626,2.7667772857228467e-09,0.9022794544449119,0.09772051823913237,2.4549177659360632e-08,25,20,20
26,627,2.768561273172521e-09,0.8927098083828399,0.10729016438312755,2.44654705820444e-08,25,20,20
26,628,2.9667408982226597e-09,0.8640027255843599,0.1359972472999287,2.4148969979822614e-08,25,20,20
26,629,2.6868422232593296e-10,0.86516450145581,0.13483547413740665,2.41380986084204e-08,25,20,20
26,630,0.0001738607507313755,0.8772414456155638,0.12258466318625522,3.044744935045737e-08,25,20,20
26,631,2.2302735223300595e-10,0.8756279943023181,0.12437169228397242,3.1319068190699165e-07,25,20,20
26,632,2.0633805916839208e-10,0.9030746483552438,0.09692504463701299,3.068014053484899e-07,25,20,20
26,633,2.0520811930546075e-10,0.9300747782067169,0.06992491490418916,3.06683886003959e-07,25,20,20
26,634,2.0542491031566924e-10,0.9300289427596153,0.0699707500345521,3.0700040785532485e-07,25,20,20
26,635,6.359090228309671e-12,0.9587993022703337,0.041200391039358714,3.0668394908195835e-07,25,20,20
26,636,6.359090228309671e-12,0.9587993022703337,0.041200391039358714,3.0668394908195835e-07,25,20,20
26,637,6.388479120835815e-12,0.9581699365857471,0.04182975672391748,3.0668394742520764e-07,25,20,20
26,638,2.922545282155415e-12,0.9868996670278755,0.013100314728593711,1.82406087316175e-08,25,20,20
26,639,2.734039014966532e-09,0.9668893634682587,0.03311061508191595,1.8715786495718662e-08,25,20,20
26,640,2.7332716617879856e-09,0.9702352647310828,0.029764713788022333,1.8747623441417015e-08,25,20,20
26,641,2.7332585107834785e-09,0.9306486825382403,0.06935128616385312,2.856464818858568e-08,25,20,20
26,642,2.192291664209817e-12,0.9326929265616974,0.06730704517813942,2.8257971119038634e-08,25,20,20
26,643,2.224895871815131e-12,0.9065263677744179,0.09347360396535832,2.825799849224377e-08,25,20,20
26,644,2.224895871815131e-12,0.9065263677744179,0.09347360396535832,2.825799849224377e-08,25,20,20
26,645,2.2399378912599663e-12,0.8498313431958846,0.1501686281920472,2.8609827765987376e-08,25,20,20
26,646,1.8595760632200678e-12,0.8928310427716459,0.107168929127738,2.8098755728460385e-08,25,20,20
26,647,1.920311601272267e-12,0.8641024915079687,0.13589748038979405,2.8100316487875888e-08,25,20,20
26,648,2.7172851828902986e-12,0.8342047852271084,0.16579518665905157,2.8111122363134293e-08,25,20,20
26,649,2.0071541669696638e-10,0.804940944282774,0.19505902775190934,2.7764600542785025e-08,25,20,20
26,650,2.1447133934942608e-10,0.8022483450587038,0.19775068624966008,9.684771640318909e-07,25,20,20
26,651,2.874098016241772e-11,0.8597432783629501,0.14025575312705305,9.684812557504428e-07,25,20,20
26,652,2.790137841978756e-09,0.8966104490146632,0.10338858007063628,9.681245623289682e-07,25,20,20
26,653,4.5495665803787764e-09,0.8830061899510652,0.11699378725307819,1.8246289632070818e-08,25,20,20
26,654,1.9307462544150612e-08,0.8613181081103786,0.1386815180690844,3.5451307403084814e-07,25,20,20
26,655,6.378647002640904e-06,0.8387867557154429,0.16120651112767453,3.545098795746052e-07,25,20,20
26,656,6.529124031990288e-06,0.7988127424628999,0.201180373915837,3.544972307202558e-07,25,20,20
26,657,6.5291837222314595e-06,0.7540884365889506,0.24590372986278244,1.304364544263122e-06,25,20,20
26,658,6.51442419288548e-06,0.7990682564787858,0.20092427796945458,9.511275662911624e-07,25,20,20
26,659,6.514736424360139e-06,0.7620019907974824,0.2379905435336498,9.509324427742686e-07,25,20,20
26,660,6.361234529728826e-06,0.8288423049515723,0.17115038297598378,9.50837913763394e-07,25,20,20
26,661,6.365585473749642e-06,0.7899563465146688,0.2100363365730227,9.513268337402323e-07,25,20,20
26,662,6.365585473749642e-06,0.7899563465146688,0.2100363365730227,9.513268337402323e-07,25,20,20
26,663,6.365570713411645e-06,0.8299242109899762,0.17006847211249318,9.513268168124526e-07,25,20,20
26,664,6.361219761745273e-06,0.9085459809643157,0.09144670697250752,9.508434147298292e-07,25,20,20
26,665,6.361148688902761e-06,0.9485316164474438,0.05146107157229649,9.508315706118985e-07,25,20,20
26,666,6.3611746016141165e-06,0.9104444281619049,0.08954825982113197,9.508423610131919e-07,25,20,20
26,667,6.361245483861813e-06,0.8708553643083132,0.1291373236036986,9.508425034404355e-07,25,20,20
26,668,6.361164310423118e-06,0.8722449477626922,0.12774659703537272,2.094037624066285e-06,25,20,20
26,669,6.366796230130098e-06,0.8731848365469196,0.12680784604553028,9.50611319238609e-07,25,20,20
26,670,8.948513052185308e-09,0.8712722884485578,0.1287267519853655,9.506175625503225e-07,25,20,20
26,671,8.947924526520778e-09,0.8743349194078206,0.12566507152104647,1.2320728642235483e-10,25,20,20
26,672,6.525111879519731e-09,0.874351912188358,0.12564808117506715,1.1146187814227636e-10,25,20,20
26,673,6.5251118853939084e-09,0.8743521699993986,0.12564782336402638,1.1146190876193423e-10,25,20,20
26,674,5.745900212924886e-09,0.913100916590758,0.08689906006071299,1.7602628159905443e-08,25,20,20
26,675,8.62603617579904e-11,0.9888945631602953,0.011105419234187277,1.7519256822982607e-08,25,20,20
26,676,8.62603617579904e-11,0.9888945631602953,0.011105419234187277,1.7519256822982607e-08,25,20,20
26,677,2.8191777691644198e-09,0.9884957795234286,0.01150418256058437,3.509680921549926e-08,25,20,20
26,678,2.8200642004830404e-09,0.9896810173104672,0.010318944456135183,3.5413333243532525e-08,25,20,20
26,679,2.772142120548562e-09,0.9512797622436304,0.048720216939358775,1.8044868236146616e-08,25,20,20
26,680,2.772127167676082e-09,0.9513180622706053,0.04868191691795234,1.8039314834978677e-08,25,20,20
26,681,8.171655547243945e-07,0.893866795466912,0.10613236904148077,1.8326051859362525e-08,25,20,20
26,682,8.171777389084208e-07,0.9324818230735517,0.0675173415402636,1.8208445454755247e-08,25,20,20
26,683,8.171777281646106e-07,0.934230819304821,0.06576834530882684,1.820862367081124e-08,25,20,20
26,684,3.4455257974382354e-09,0.9372734501202514,0.06272554473404603,1.001700176225625e-06,25,20,20
26,685,3.445514202891722e-09,0.9360660227287245,0.06393297212558757,1.0017001732803613e-06,25,20,20
26,686,3.446469319908176e-09,0.9180455353380447,0.08195345951531476,1.0017001708454544e-06,25,20,20
26,687,2.7855029418007596e-09,0.9587327020221582,0.04126727695374661,1.8238591835335674e-08,25,20,20
26,688,2.7894853985815427e-09,0.9183743556917895,0.08162506815513966,5.733635852127086e-07,25,20,20
26,689,2.789485137142682e-09,0.9183744506341869,0.0816249732127427,5.733635852127127e-07,25,20,20
26,690,2.8336246019767902e-09,0.976035189156914,0.023964772222000174,3.5787461374673145e-08,25,20,20
26,691,2.785034391760317e-09,0.9361029313445214,0.06389704306514049,2.2805303273940413e-08,25,20,20
26,692,4.6367882459732e-08,0.9364891607472378,0.06351049715037281,2.9573450642817796e-07,25,20,20
26,693,4.6418112982899535e-08,0.8971004154316968,0.1028992420941851,2.9605600503387955e-07,25,20,20
26,694,4.641824757157296e-08,0.9205573421452226,0.07944231548739013,2.959491391085463e-07,25,20,20
26,695,4.636780326024988e-08,0.9605560173617823,0.039443640642869524,2.956275444686511e-07,25,20,20
26,696,4.636759295370746e-08,0.9605565905036909,0.039443067506465083,2.956222506847922e-07,25,20,20
26,697,4.636761941946813e-08,0.9609200327660659,0.03907962523835754,2.956279569727346e-07,25,20,20
26,698,2.555494491652548e-11,0.9894745981036063,0.01052540184252503,2.83136738625263e-11,25,20,20
26,699,3.860687606937364e-11,0.9678184845335452,0.03218149756332439,1.7864523320483477e-08,25,20,20
26,700,3.240604678478536e-11,0.8328220702751594,0.1671128495047459,6.508018768805166e-05,25,20,20
26,701,0.028604706430612907,0.776152859152127,0.19517676815637192,6.566626088759362e-05,25,20,20
26,702,5.851176939499971e-11,0.8561291955407578,0.14380515585561052,6.564854511983589e-05,25,20,20
26,703,3.353364020704993e-11,0.8984677789471707,0.10153163466040441,5.863588910218632e-07,25,20,20
26,704,3.352595583896854e-11,0.897230164456024,0.10276924915711616,5.863533335745838e-07,25,20,20
26,705,4.387350175248438e-11,0.8972267029327813,0.10277242191170367,8.751116412297148e-07,25,20,20
26,706,1.0537301739030556e-09,0.8309200985121243,0.16907904253984182,8.578943026514156e-07,25,20,20
26,707,1.0410149155995705e-09,0.8679497084647003,0.1320494322926308,8.582016535623708e-07,25,20,20
26,708,1.027135991682446e-09,0.8679729610298582,0.1320264685012173,5.694417882353353e-07,25,20,20
26,709,1.0320068205876055e-09,0.8421943082030059,0.15780512120671197,5.695582745141846e-07,25,20,20
26,710,2.1661230738417242e-06,0.8310822795882661,0.16891498454451273,5.697441464140063e-07,25,20,20
26,711,2.1668075683621757e-06,0.8316043543602025,0.1683928915624023,5.872698259041076e-07,25,20,20
26,712,1.0742418450307708e-09,0.8883734754490549,0.11162595403248639,5.694442165244827e-07,25,20,20
26,713,1.0742430563337537e-09,0.8486773560173162,0.1513220734621626,5.694462774226663e-07,25,20,20
26,714,2.450005268243944e-07,0.8796165406755755,0.12038258883306381,6.254908329925444e-07,25,20,20
26,715,2.450013831565006e-07,0.8783796120766203,0.12161951743662565,6.254853701264017e-07,25,20,20
26,716,1.487481697461955e-07,0.8412981272679779,0.1587017225294898,1.4543616940635918e-09,25,20,20
26,717,1.4775094907713636e-07,0.8727563322835166,0.12724351865060157,1.3149321928502418e-09,25,20,20
26,718,1.4947998252474101e-07,0.8940770387009671,0.10592279322383108,1.8595218913705715e-08,25,20,20
26,719,1.4948084639753192e-07,0.9210958540141614,0.07890397798795924,1.8517032806309145e-08,25,20,20
26,720,1.4948082955735914e-07,0.9499002642379307,0.05009956776430304,1.851693659834795e-08,25,20,20
26,721,1.4779891341064172e-07,0.9622457416399126,0.03775409174624953,1.8814924343653266e-08,25,20,20
26,722,1.4779331099179698e-07,0.9834971885952168,0.01650266237989781,1.231574324468917e-09,25,20,20
26,723,1.4784124831964854e-07,0.9834901400244889,0.016509710893031496,1.241231278273815e-09,25,20,20
26,724,1.4784125090210768e-07,0.984278207818214,0.015721642780615497,1.5599196996306546e-09,25,20,20
26,725,1.4615765252114232e-10,0.9850750369646818,0.014924962227993568,6.611668645459073e-10,25,20,20
26,726,1.4615373200737348e-10,0.9850450063297091,0.014954992868332533,6.558044072438777e-10,25,20,20
26,727,2.068290932509076e-10,0.9850224480884279,0.014977551043386706,6.613559996333354e-10,25,20,20
26,728,2.068290932509076e-10,0.9850224480884279,0.014977551043386706,6.613559996333354e-10,25,20,20
26,729,2.557590821233868e-10,0.9845627841793785,0.015437214903411333,6.614507210164571e-10,25,20,20
26,730,2.557590821233868e-10,0.9845627841793785,0.015437214903411333,6.614507210164571e-10,25,20,20
26,731,2.5554926306692073e-10,0.9851713096151525,0.014828689462386994,6.669108572682677e-10,25,20,20
26,732,2.0672585456965576e-10,0.9598502935090307,0.04014970593424158,3.500011834844233e-10,25,20,20
26,733,2.7739738082292953e-10,0.9220805770880738,0.07791942227566279,3.588655214458963e-10,25,20,20
26,734,1.965861467373901e-10,0.962135691830333,0.037864307623250014,3.498302478864273e-10,25,20,20
26,735,1.6609472486381934e-10,0.9619290732399814,0.038070926251383856,3.425394416194473e-10,25,20,20
26,736,1.950466191588083e-10,0.984799113089973,0.015200886367123523,3.478563416680809e-10,25,20,20
26,737,2.070235183925159e-10,0.9835347425730399,0.01646523938068608,1.7839250086323267e-08,25,20,20
26,738,1.5968023056483305e-10,0.9852755678172381,0.014724414189053885,1.7834027477558716e-08,25,20,20
26,739,1.5972289263542537e-10,0.9853510743933707,0.014648907916207883,1.753069836420183e-08,25,20,20
26,740,1.4772708697143587e-10,0.987809321863799,0.01219067794917074,3.9302927044754335e-11,25,20,20
26,741,1.468648961871901e-10,0.9620179082677369,0.03798209154968014,3.5717533285880765e-11,25,20,20
26,742,1.468648961871901e-10,0.9620179082677369,0.03798209154968014,3.5717533285880765e-11,25,20,20
26,743,1.468683444505995e-10,0.9615056881853881,0.038494311632120054,3.562305751998642e-11,25,20,20
26,744,2.642713489892428e-07,0.9224144706486793,0.07758526504406409,3.5907151592531456e-11,25,20,20
26,745,9.877234189777624e-11,0.961747557307172,0.03825244255861316,3.54424618462729e-11,25,20,20
26,746,1.4586656813593118e-10,0.9617233742908042,0.03827662522094606,3.423829702383508e-10,25,20,20
26,747,9.793115197932507e-11,0.9241352718463829,0.07586472753529133,5.203946115953159e-10,25,20,20
26,748,1.0889765651882495e-10,0.9612997819756353,0.038700217880363236,3.510356280629854e-11,25,20,20
26,749,1.0921295953821583e-10,0.943796382338421,0.05620361751175491,4.0610831989342215e-11,25,20,20
26,750,1.0921322298971155e-10,0.9437649214645221,0.05623507838565187,4.0612482581341036e-11,25,20,20
26,751,1.369804026506202e-09,0.8689492184441447,0.13105077991742903,2.68621710842363e-10,25,20,20
26,752,4.14585393168252e-09,0.8556318606730051,0.14436813460825929,5.728809483007811e-10,25,20,20
26,753,4.098506978784924e-09,0.8569221204337332,0.14307787490019694,5.675621606755913e-10,25,20,20
26,754,1.951422546546494e-09,0.8542938305264317,0.14570616695905275,5.630924990595716e-10,25,20,20
26,755,1.951422546546494e-09,0.8542938305264317,0.14570616695905275,5.630924990595716e-10,25,20,20
26,756,5.750841423428134e-08,0.8139736458680453,0.18602627214925374,2.4474285982316314e-08,25,20,20
26,757,5.766438440458775e-08,0.7938218358922983,0.20617646206362952,1.6443796864090554e-06,25,20,20
26,758,4.9346314446146115e-05,0.768949963065386,0.23099903974849353,1.6508716729043041e-06,25,20,20
26,759,5.0470628414610696e-05,0.7308090105827632,0.26914036193602014,1.5685280056087822e-07,25,20,20
26,760,5.046938729299803e-05,0.7374163068822231,0.26253305592768084,1.6780280079644179e-07,25,20,20
26,761,5.046938704931048e-05,0.766168100931026,0.2337812619681836,1.6771373912229816e-07,25,20,20
26,762,5.046839240097377e-05,0.7803291507242811,0.21962021316967578,1.677136408417446e-07,25,20,20
26,763,7.216502886685329e-10,0.8933904363104539,0.10660953436301406,2.8604881437438514e-08,25,20,20
26,764,7.698726809880236e-10,0.8937983373210302,0.1062016507955186,1.1113578187492285e-08,25,20,20
26,765,7.818894388689188e-10,0.9184100318748282,0.08158995592239031,1.1420892151838599e-08,25,20,20
26,766,1.539472154295387e-10,0.9587930584119545,0.041206911855863254,2.9578235024941114e-08,25,20,20
26,767,1.2445068891681003e-10,0.9437983525778927,0.05620162374639426,2.3551262118390335e-08,25,20,20
26,768,1.2445068891681003e-10,0.9437983525778927,0.05620162374639426,2.3551262118390335e-08,25,20,20
26,769,1.1055680362999726e-10,0.9713201106524947,0.02867987075672378,1.848022467826194e-08,25,20,20
26,770,1.2805259629774393e-10,0.9196740400591894,0.0803259413285985,1.8484159105678176e-08,25,20,20
26,771,1.2442985452958136e-10,0.8886644414701731,0.11133458466193347,9.737434631654898e-07,25,20,20
26,772,1.2442472073042065e-10,0.9144873283016912,0.08551169783238931,9.73741494156779e-07,25,20,20
26,773,1.1293085163024368e-10,0.9156777070183556,0.08432131943456753,9.734341457806554e-07,25,20,20
26,774,2.3009876194567325e-07,0.845286725516526,0.15471207057257508,9.738121364231237e-07,25,20,20
26,775,6.334400821981085e-05,0.8207714017535896,0.1791642715441062,9.826940833211974e-07,25,20,20
26,776,6.334400821981085e-05,0.8207714017535896,0.1791642715441062,9.826940833211974e-07,25,20,20
26,777,0.0002560504347376027,0.8132642775743086,0.18647869792637523,9.740645774751146e-07,25,20,20
26,778,0.00012735195549357542,0.8189020595499744,0.180969614272371,9.742221602958596e-07,25,20,20
26,779,0.00012712195534613248,0.8594430662053341,0.14042978787205482,2.3967264749321834e-08,25,20,20
26,780,0.0001271219555746317,0.8881799064208146,0.11169295272712543,1.889648510057275e-08,25,20,20
26,781,1.4058275231658583e-10,0.9043826571883681,0.09561730372508663,3.894596244338647e-08,25,20,20
26,782,1.4059417964894528e-10,0.9043856334917956,0.0956143274161869,3.895142276708136e-08,25,20,20
26,783,8.925317928473244e-10,0.8632008325044666,0.13329401893873116,0.0035051476642694646,25,20,20
26,784,1.802296415107981e-09,0.8639668569087742,0.13252797002738223,0.003505171261545917,25,20,20
26,785,1.127678826061984e-09,0.8656790228311492,0.13081582205847622,0.0035051539826945147,25,20,20
26,786,3.525872977646492e-10,0.9156928369423002,0.08430713749765982,2.52074517749741e-08,25,20,20
26,787,1.0281816884243193e-10,0.93977993429307,0.060220046804378084,1.8799732933816532e-08,25,20,20
26,788,1.0006863784325438e-10,0.9835676411259872,0.01643233998404629,1.87898973463815e-08,25,20,20
26,789,7.934460446394082e-10,0.9863025666093687,0.013697414099917305,1.8497267429373514e-08,25,20,20
26,790,7.93243292301005e-10,0.9598884202898457,0.04011156041807163,1.8498838889004085e-08,25,20,20
26,791,7.932435638610775e-10,0.9586348908436813,0.04136508987226786,1.8490807159185715e-08,25,20,20
26,792,8.403896195249293e-10,0.9569206573778986,0.04307932298772628,1.8793985196501735e-08,25,20,20
26,793,8.401718221413962e-10,0.9864994252810386,0.013500555084896892,1.8793892418010202e-08,25,20,20
26,794,8.412301175275448e-10,0.9858997215536168,0.01410025880576612,1.8799386887485255e-08,25,20,20
26,795,1.0182866802273627e-09,0.9268039416998751,0.07319444476268792,1.6125191500686135e-06,25,20,20
26,796,6.963143693887116e-08,0.9477074522655609,0.05229245879661185,1.9306390116755974e-08,25,20,20
26,797,8.403678046345438e-10,0.9864490161002167,0.013550964254378952,1.8805036364004204e-08,25,20,20
26,798,8.40159783084827e-10,0.9876879681843275,0.012312012477610117,1.8497902578750855e-08,25,20,20
26,799,8.410159855390448e-10,0.9881672720147161,0.011832708646298602,1.8497969238287363e-08,25,20,20
26,800,8.410159855390448e-10,0.9881672720147161,0.011832708646298602,1.8497969238287363e-08,25,20,20
26,801,1.2131394361026729e-06,0.9045025052314304,0.09549597363233486,3.0799679817045806e-07,25,20,20
26,802,1.213151143764936e-06,0.9023218893636357,0.09767658948832984,3.0799689028698837e-07,25,20,20
26,803,1.2173174349140918e-06,0.8365591760301236,0.1634392985427242,3.0810971686810644e-07,25,20,20
26,804,1.2172991264917005e-06,0.8737097160674905,0.12628875853208274,3.08101299810395e-07,25,20,20
26,805,1.2130841310400534e-06,0.8850840588060965,0.11491442001215538,3.0809761598215587e-07,25,20,20
26,806,1.214767616521103e-06,0.8701579075365511,0.12984058725274822,2.9044308307346524e-07,25,20,20
26,807,1.214767616521103e-06,0.8701579075365511,0.12984058725274822,2.9044308307346524e-07,25,20,20
26,808,1.2148031468594544e-06,0.9000644329404273,0.09993435115221137,1.1042136620872776e-09,25,20,20
26,809,1.3923565106020892e-06,0.8596404333118511,0.14035817287162855,1.4600086815464904e-09,25,20,20
26,810,1.7941800901588426e-07,0.8395877614521473,0.16041205732365443,1.8061883730218082e-09,25,20,20
26,811,1.7935685866842403e-07,0.8417665057604445,0.1582333130765985,1.8060973315907222e-09,25,20,20
26,812,1.8036633008893575e-09,0.8541758612203287,0.14582413552407184,1.451934803061171e-09,25,20,20
26,813,1.803668625304591e-09,0.8370628140945048,0.16293717155626644,1.2545559536649473e-08,25,20,20
26,814,2.5938066097875773e-09,0.8095362223605137,0.19046376241128438,1.2634394356155491e-08,25,20,20
26,815,2.5938066097875773e-09,0.8095362223605137,0.19046376241128438,1.2634394356155491e-08,25,20,20
26,816,2.5938066097875773e-09,0.8095362223605137,0.19046376241128438,1.2634394356155491e-08,25,20,20
26,817,1.8177731390165672e-09,0.7593801697854804,0.2406197986524339,2.9744311617704214e-08,25,20,20
26,818,4.151925693733107e-08,0.8534396156542795,0.14656031287597293,2.995048971334795e-08,25,20,20
26,819,4.151927213215998e-08,0.8528365389519628,0.14716338927190775,3.025685646132871e-08,25,20,20
26,820,3.6105564927986044e-05,0.8126748010119833,0.1872884207147932,6.727082947814609e-07,25,20,20
26,821,4.259555821771832e-08,0.7644743242663568,0.23552524969623498,3.834418493389939e-07,25,20,20
26,822,4.259557270792288e-08,0.7632336247729054,0.23676594918976776,3.8344175349195176e-07,25,20,20
26,823,4.002375069273765e-05,0.7900378811210643,0.20990412762197302,1.7967506269548713e-05,25,20,20
26,824,5.199648896734082e-05,0.7702931379477751,0.22963689823252792,1.7967330728983533e-05,25,20,20
26,825,5.199475697708373e-05,0.7869109440970327,0.2130190940005104,1.796714547916355e-05,25,20,20
26,826,1.1976743240606245e-05,0.7578137703953047,0.24217324132152004,1.01153993393084e-06,25,20,20
26,827,1.1976745218444749e-05,0.7195331566495837,0.2804538550704242,1.01153477253972e-06,25,20,20
26,828,5.599067377538506e-06,0.7481454118938615,0.25184733471210186,1.6543266587273967e-06,25,20,20
26,829,6.1161287872718215e-06,0.7605387491093611,0.23945510495779396,2.980405750905279e-08,25,20,20
26,830,5.598257455705406e-06,0.8022477562867718,0.1977466336478283,1.180794372565268e-08,25,20,20
26,831,5.598257455705406e-06,0.8022477562867718,0.1977466336478283,1.180794372565268e-08,25,20,20
26,832,0.0005589063070945356,0.7465629062619084,0.25287817560821146,1.182278517496971e-08,25,20,20
26,833,0.0005589065049546613,0.677820788944587,0.3216202927214474,1.1829010104992064e-08,25,20,20
26,834,0.0008151553235598688,0.6742233957748867,0.3249614386143714,1.0287180786213384e-08,25,20,20
26,835,0.0008151553235598688,0.6742233957748867,0.3249614386143714,1.0287180786213384e-08,25,20,20
26,836,0.0008151553235598633,0.6742243089798334,0.32496052540942477,1.0287180786214748e-08,25,20,20
26,837,0.0008151553245819462,0.6731525163027264,0.32603231808554617,1.0287144184798099e-08,25,20,20
26,838,6.17787472902576e-06,0.6801344491741361,0.3198593663641949,6.586939056703391e-09,25,20,20
26,839,6.17787385264517e-06,0.6784792874975949,0.3215145280418434,6.586707596365745e-09,25,20,20
26,840,6.177904039199365e-06,0.6647283942568062,0.3352654212524749,6.586677916448468e-09,25,20,20
26,841,3.853003994197679e-06,0.7163203848636299,0.2836757606348126,1.4975632037022825e-09,25,20,20
26,842,3.7449532073598953e-06,0.773260083619497,0.22673615194049557,1.9486799996449738e-08,25,20,20
26,843,3.7449228130521336e-06,0.7886762974708654,0.21131993811958177,1.9486739703966774e-08,25,20,20
26,844,3.744727400204346e-06,0.7791521683133482,0.22084406747198204,1.9487268851518808e-08,25,20,20
26,845,3.7447259485771268e-06,0.8190982209581326,0.18089801451212234,1.980379563350971e-08,25,20,20
26,846,1.2893060482233858e-11,0.839685887219893,0.16031410113369865,1.1633514898128182e-08,25,20,20
26,847,9.027753482872768e-06,0.8384042587762209,0.1615288954488058,5.781802148993298e-05,25,20,20
26,848,3.228147209751442e-09,0.7996751720102909,0.20032360741528898,1.2173462721286909e-06,25,20,20
26,849,3.2257365892913134e-09,0.7923157624352588,0.20768266307699126,1.571262012526332e-06,25,20,20
26,850,3.273934723861216e-09,0.8331778676339465,0.16682174380692585,3.8528519218936587e-07,25,20,20
26,851,3.26367107415932e-09,0.8470031981515724,0.1529964130008114,3.8558394485991494e-07,25,20,20
26,852,3.3130931368608547e-09,0.8623956414962666,0.13760396960120175,3.8558943822025564e-07,25,20,20
26,853,3.3625252769768873e-09,0.8623198780567496,0.13767973267466696,3.859060579402783e-07,25,20,20
26,854,3.409896967476376e-09,0.8606229835490591,0.13937662683175275,3.862092910431781e-07,25,20,20
26,855,3.4098970776779065e-09,0.8210364023430355,0.17896320803777488,3.862092919137153e-07,25,20,20
26,856,3.4101508211617568e-09,0.8210596253728458,0.17887134355022874,6.902766677412525e-05,25,20,20
26,857,2.0482078194077236e-10,0.9009675267105836,0.09903210722599852,3.6585859666799756e-07,25,20,20
26,858,1.8560175677516687e-07,0.8856102951580073,0.11438951734418272,1.8960525125144724e-09,25,20,20
26,859,1.8560175677516687e-07,0.8856102951580073,0.11438951734418272,1.8960525125144724e-09,25,20,20
26,860,1.855524180041934e-07,0.8705299971701161,0.1294698083731414,8.904324003141525e-09,25,20,20
26,861,5.645355831291835e-06,0.8332332084509548,0.16676025217127807,8.940219354519492e-07,25,20,20
26,862,3.1076077447032455e-05,0.8468983532807932,0.15306968496842693,8.856733325492677e-07,25,20,20
26,863,2.91064967956499e-05,0.9241077278729902,0.07586316498213232,6.480810898103919e-10,25,20,20
26,864,2.9106448358575543e-05,0.8846858584103987,0.11528503449312302,6.481195035523654e-10,25,20,20
26,865,1.1620269495085889e-10,0.9432821487203955,0.05671785052083142,6.425699819082378e-10,25,20,20
26,866,1.1535510548165653e-10,0.9413854933784174,0.05861450586911961,6.371073262173609e-10,25,20,20
26,867,9.474871275797726e-11,0.8854736041339575,0.11452639526913312,5.021602634461174e-10,25,20,20
26,868,9.474845584460104e-11,0.8867117970627298,0.113288202340361,5.021603164408474e-10,25,20,20
26,869,9.485157853373363e-11,0.9053830861787004,0.09461691321881656,5.076307120455621e-10,25,20,20
26,870,1.589994088166907e-07,0.9053577050394412,0.09464213544256701,5.185825402173146e-10,25,20,20
26,871,1.5897091644044526e-07,0.9617670069835894,0.03823283338420948,6.612844718088361e-10,25,20,20
26,872,1.5895415351150748e-07,0.949510775592875,0.05048906479353842,6.594323581650737e-10,25,20,20
26,873,1.5895395321786547e-07,0.922020371101124,0.07797946420924719,5.735674938471202e-09,25,20,20
26,874,1.590018422457835e-07,0.9596304217441955,0.04036939602679408,2.322716772417321e-08,25,20,20
26,875,1.5974665667093562e-07,0.9607203835410132,0.03927943347975866,2.323257107741882e-08,25,20,20
26,876,1.590495514084084e-07,0.9624047852746663,0.037595032448608595,2.3227173253612718e-08,25,20,20
26,877,1.590495514025067e-07,0.9624149422689583,0.03758487545987404,2.3221615931532108e-08,25,20,20
26,878,1.590490519452108e-07,0.960796203455298,0.03920361427939851,2.321625090900692e-08,25,20,20
26,879,6.308642895223736e-07,0.9473137750848873,0.052685572159090095,2.1891732600125363e-08,25,20,20
26,880,1.5906274914741342e-07,0.9588636040951218,0.041136236504988224,3.3714089252042995e-10,25,20,20
26,881,1.5906525900297027e-07,0.986750887619981,0.013248952977424906,3.373349924457905e-10,25,20,20
26,882,1.5907762152573516e-07,0.986733914625418,0.01326592595407199,3.4288835196458976e-10,25,20,20
26,883,1.5907672903077034e-07,0.9898737675601507,0.010126073329039342,3.408099651996522e-11,25,20,20
26,884,1.590767252816095e-07,0.9898648887244541,0.0101349521648373,3.39835272825816e-11,25,20,20
26,885,1.5907671827698875e-07,0.9881392716667969,0.011860569227963373,2.8521191307997652e-11,25,20,20
26,886,1.5908851270279084e-07,0.987347123123225,0.01265271745280355,3.354584582629182e-10,25,20,20
26,887,1.5908851270279084e-07,0.987347123123225,0.01265271745280355,3.354584582629182e-10,25,20,20
26,888,1.5904055984352424e-07,0.9887883244986362,0.011211516125534957,3.352685822543229e-10,25,20,20
26,889,1.5904076737654225e-07,0.9870695752739971,0.012930265349873193,3.3536180724493514e-10,25,20,20
26,890,1.5902754195982615e-07,0.9871408283439151,0.012859012298732063,3.2981029149179006e-10,25,20,20
26,891,1.5902754195982615e-07,0.9871408283439151,0.012859012298732063,3.2981029149179006e-10,25,20,20
26,892,1.5896733321872203e-07,0.9622123926896005,0.03778744801346936,3.29596515258647e-10,25,20,20
26,893,1.6374783222312885e-07,0.9229582110379642,0.07704162458129245,6.329106717799133e-10,25,20,20
26,894,1.6374696167776414e-07,0.895939087104043,0.10406074881239649,3.365980604935084e-10,25,20,20
26,895,1.6374688961441974e-07,0.950455172968488,0.0495446626273091,6.573128933285103e-10,25,20,20
26,896,1.637468933565094e-07,0.9498341764295973,0.05016565916619608,6.573128663097938e-10,25,20,20
26,897,1.6005969455897988e-07,0.9513216462944556,0.048678185988296506,7.657553036488889e-09,25,20,20
26,898,1.6006078156593749e-07,0.9513236016590294,0.048676230611758575,7.668430349883247e-09,25,20,20
26,899,1.5896642994252767e-07,0.9893384796109582,0.01066136075981943,6.627922107599562e-10,25,20,20
26,900,1.589651522580802e-07,0.9644414407492927,0.035558381831127625,1.8454427146749902e-08,25,20,20
26,901,1.589651522580802e-07,0.9644414407492927,0.035558381831127625,1.8454427146749902e-08,25,20,20
26,902,1.58982669044025e-07,0.9373738899640809,0.06262593259362809,1.8459621733824098e-08,25,20,20
26,903,1.589908815425277e-07,0.9208591779710998,0.07914064408591455,1.895210365472451e-08,25,20,20
26,904,1.590034582866736e-07,0.9496289883769451,0.050370833978531634,1.8641064591625533e-08,25,20,20
26,905,1.590285731889088e-07,0.9595955926278736,0.040404229702333774,1.864121901838721e-08,25,20,20
26,906,1.5900300352514377e-07,0.9648274120067444,0.035172410536094885,1.845415705206631e-08,25,20,20
26,907,1.5900648037674674e-07,0.9360748909488308,0.06392492651417589,2.3530512459844735e-08,25,20,20
26,908,1.5900649542668672e-07,0.9365236480394433,0.06347616911650791,2.3837553019984066e-08,25,20,20
26,909,1.59007703312862e-07,0.944872553947383,0.05512728071541212,6.329501230738726e-09,25,20,20
26,910,1.590047671813128e-07,0.9564776590865818,0.04352218046097441,1.4476765904399187e-09,25,20,20
26,911,1.590047671813128e-07,0.9564776590865818,0.04352218046097441,1.4476765904399187e-09,25,20,20
26,912,1.4847705686616806e-10,0.9510569365693349,0.04894304454770278,1.8734485259553113e-08,25,20,20
26,913,1.4848762666446822e-10,0.951590724374912,0.04840925674211837,1.8734482000204455e-08,25,20,20
26,914,1.9590469211874647e-10,0.9675067024019852,0.03249327886748196,1.8534628163671734e-08,25,20,20
26,915,1.8390301494072503e-10,0.9674969780604925,0.032503003528006856,1.822759776770395e-08,25,20,20
26,916,1.838879785191028e-10,0.9658014737325494,0.034198507861429056,1.8222133723560897e-08,25,20,20
26,917,1.8367118097593287e-10,0.9640918415023328,0.0359081400918665,1.822212955348087e-08,25,20,20
26,918,1.838865958093368e-10,0.9465351834383856,0.05346479815554592,1.8222182117869738e-08,25,20,20
26,919,1.8472758070424598e-10,0.9452724062743281,0.054727575318669695,1.8222274879668456e-08,25,20,20
26,920,1.8564245703243342e-10,0.9492500971336674,0.05074988425841781,1.8422272523384036e-08,25,20,20
26,921,1.8510953080636169e-10,0.9646665372025225,0.035333444384615414,1.8227752652787844e-08,25,20,20
26,922,1.7328992921725616e-09,0.9468276376216634,0.05317234242318533,1.8222251971920497e-08,25,20,20
26,923,1.735732688750355e-09,0.8430271820607714,0.15697279798152772,1.8221968821312563e-08,25,20,20
26,924,2.548589826982157e-07,0.8030396743158212,0.19696005210431228,1.8720883272681434e-08,25,20,20
26,925,2.5556177563015474e-07,0.8423654781715973,0.15763424722930375,1.9037323715713238e-08,25,20,20
26,926,3.084711873824033e-07,0.7878117352441281,0.21218793755116314,1.8733521054948407e-08,25,20,20
26,927,3.091134852862751e-07,0.7777789588121509,0.22222071334093496,1.8733428229861866e-08,25,20,20
26,928,5.5986261136137825e-08,0.8944248992020983,0.10557502565399442,1.9157646076132077e-08,25,20,20
26,929,5.4582559355391746e-08,0.8947996269528062,0.10520029992610644,1.853852767642021e-08,25,20,20
26,930,5.4582572525807576e-08,0.9135324978796625,0.08646742899919127,1.8538573363510374e-08,25,20,20
26,931,5.45828198422984e-08,0.9000757834164237,0.09992414356875236,1.8432003536360248e-08,25,20,20
26,932,5.45828198422984e-08,0.9000757834164237,0.09992414356875236,1.8432003536360248e-08,25,20,20
26,933,5.645000235336482e-08,0.859550583820237,0.14041353973857532,3.5819991184955866e-05,25,20,20
26,934,1.9929354608207327e-09,0.8604062963999979,0.13955788162117522,3.581998589135365e-05,25,20,20
26,935,1.1524015841780406e-06,0.8133805958488413,0.18658242292426908,3.5828825305320575e-05,25,20,20
26,936,0.0004971135023793761,0.7910380143045864,0.2084280659197562,3.680627327756445e-05,25,20,20
26,937,0.0004971135150535098,0.7910830411282243,0.2083830390835035,3.680627321871384e-05,25,20,20
26,938,1.1523186689836485e-06,0.8286980363813647,0.17126498217498384,3.582912498225819e-05,25,20,20
26,939,1.1523186390114209e-06,0.8276454229239824,0.17231759594422577,3.582881315273449e-05,25,20,20
26,940,1.1525282962583778e-06,0.8423494298816755,0.1576135887734659,3.5828816561674366e-05,25,20,20
26,941,1.1525315423256633e-06,0.860914938273723,0.1390480914596566,3.581773507732971e-05,25,20,20
26,942,1.1523027309504124e-06,0.9251449471173926,0.0748180892411813,3.5811338695084294e-05,25,20,20
26,943,1.1529632981829958e-06,0.9251033653790094,0.07485967002785504,3.581162983725113e-05,25,20,20
26,944,1.1529641172071893e-06,0.9233862391540687,0.07657679625744271,3.5811624371175896e-05,25,20,20
26,945,1.1512055941875499e-06,0.9102287790987837,0.08977005952851796,1.0167103632505559e-08,25,20,20
26,946,2.461823884823059e-06,0.8705944699438751,0.1294030581841194,1.0048120024821718e-08,25,20,20
26,947,1.3699178060773832e-06,0.9276860060244241,0.07231256461804951,5.943971971393263e-08,25,20,20
26,948,1.3699178062753086e-06,0.9289237959750778,0.07107477467278227,5.943433302966031e-08,25,20,20
26,949,1.3672199280847472e-06,0.9306528731448617,0.06934571747602981,4.2159179710496426e-08,25,20,20
26,950,1.3672199280847472e-06,0.9306528731448617,0.06934571747602981,4.2159179710496426e-08,25,20,20
26,951,1.3665480465236167e-06,0.9321045253386319,0.06789406625614335,4.1857177566426624e-08,25,20,20
26,952,1.1497403040529987e-06,0.9467143660041861,0.053284475086087114,9.169422017564024e-09,25,20,20
26,953,1.149727945316756e-06,0.9467445973243777,0.053254243783711776,9.16396455167618e-09,25,20,20
26,954,1.1497277014807117e-06,0.9744812820869019,0.025517559110546758,9.07484915871728e-09,25,20,20
26,955,1.1497277014807117e-06,0.9744812820869019,0.025517559110546758,9.07484915871728e-09,25,20,20
26,956,1.1497157062522792e-06,0.9461271193524677,0.05387172176785839,9.163967234129093e-09,25,20,20
26,957,1.1497159558869955e-06,0.9069552419703846,0.09304359914958164,9.164077528865331e-09,25,20,20
26,958,1.1497150921117756e-06,0.9052590920597481,0.09473974905562345,9.169535717403537e-09,25,20,20
26,959,1.1501026063760165e-06,0.9131347679975513,0.08686407281358026,9.08626153347628e-09,25,20,20
26,960,1.1501034328560093e-06,0.9102406030883989,0.08975823741318827,9.394979741680838e-09,25,20,20
26,961,1.1501031845634632e-06,0.9236112157633025,0.07638762462631404,9.507198793939821e-09,25,20,20
26,962,1.1747607801815958e-06,0.908071715784865,0.09192709994066303,9.513691331469593e-09,25,20,20
26,963,1.1504231854212091e-06,0.9000527909840176,0.09994561514229887,4.4345049763127435e-07,25,20,20
26,964,1.1500964433173406e-06,0.8975927685089627,0.1024056204557095,4.6093888376726676e-07,25,20,20
26,965,1.150095565761568e-06,0.898007377890414,0.10199101107523162,4.6093878828940267e-07,25,20,20
26,966,1.1500955835104178e-06,0.9233941132549436,0.07660427581751512,4.608319570892839e-07,25,20,20
26,967,1.150095823500613e-06,0.9246103323096864,0.07538805645469228,4.6113979712443953e-07,25,20,20
26,968,1.1518437620432746e-06,0.9089862256450022,0.0910121611751768,4.6133605841562347e-07,25,20,20
26,969,1.1518437830878486e-06,0.8935489038180097,0.1064494719084331,4.7242977368325756e-07,25,20,20
26,970,7.106734957008218e-09,0.9261251592404863,0.07387433559911508,4.980536632489635e-07,25,20,20
26,971,7.106730943307196e-09,0.9267356337475519,0.07326386109205513,4.980536615935704e-07,25,20,20
26,972,6.788612067366343e-09,0.9838813654364469,0.016118574744719113,5.3030221732863534e-08,25,20,20
26,973,6.788615226280308e-09,0.9817639152225319,0.01823602466638014,5.332247236769649e-08,25,20,20
26,974,6.788434698210981e-09,0.9841213568105451,0.01587860025237385,3.6148646123171575e-08,25,20,20
26,975,6.739699467709239e-09,0.9174050738577147,0.08259488266660561,3.673597967611532e-08,25,20,20
26,976,6.73908549576963e-09,0.9190768466830221,0.08092310982866506,3.6749226591815415e-08,25,20,20
26,977,6.73955263730541e-09,0.9408581385286334,0.05914181879856782,3.593324597093453e-08,25,20,20
26,978,6.739567464094547e-09,0.939641816857054,0.06035814046474537,3.5938632656248375e-08,25,20,20
26,979,6.740415884915986e-09,0.9400587917072394,0.059941165926840935,3.562550331970336e-08,25,20,20
26,980,6.6896774996733965e-09,0.9409033295482766,0.05909662846396611,3.529807948190787e-08,25,20,20
26,981,6.6898850113169256e-09,0.9392076682200821,0.06079228978663141,3.530340110684544e-08,25,20,20
26,982,6.689900433576689e-09,0.9392167275675195,0.06078323043917683,3.5303402787354795e-08,25,20,20
26,983,6.690098112444378e-09,0.9379344731529077,0.062065484853629525,3.5303364449431134e-08,25,20,20
26,984,7.605543594587341e-09,0.8199076200133959,0.18009232636464506,4.6016415039331594e-08,25,20,20
26,985,7.567078436744193e-09,0.7940455593750058,0.2059543866938994,4.6364016022543645e-08,25,20,20
26,986,7.566837558962324e-09,0.7963456938012609,0.20365255806059104,1.7405713103995357e-06,25,20,20
26,987,7.566067168016977e-09,0.7968159721783814,0.20318227968423883,1.740571312218814e-06,25,20,20
26,988,7.537342678281673e-09,0.845562689001057,0.15443725000496283,5.345663694290404e-08,25,20,20
26,989,7.537342678281673e-09,0.845562689001057,0.15443725000496283,5.345663694290404e-08,25,20,20
26,990,7.537103420436508e-09,0.8461897653159053,0.15381019119269737,3.5954293360225394e-08,25,20,20
26,991,0.00012500129643545742,0.7932666697914504,0.20660829265004796,3.6262065702218915e-08,25,20,20
26,992,0.0001249927364232942,0.8576991106512583,0.14217584345310288,5.315921502409357e-08,25,20,20
26,993,0.0001249927364129235,0.8177220935883946,0.1821528605159764,5.315921535422688e-08,25,20,20
26,994,4.513641637265358e-08,0.897711518598015,0.10228838341474836,5.2850819689430496e-08,25,20,20
26,995,4.5153498602790435e-08,0.8505490083022805,0.1494508936903178,5.2853902290543636e-08,25,20,20
26,996,4.5154270988486134e-08,0.8892698941775733,0.11073000760479917,5.3063355752295383e-08,25,20,20
26,997,8.759694988572537e-08,0.8493017114213621,0.15069814790885855,5.3072828541476366e-08,25,20,20
26,998,8.760066842266115e-08,0.8222518943353498,0.17774795992356393,5.814041714178654e-08,25,20,20
26,999,8.677730981579065e-08,0.8614307200520421,0.138569135688388,5.74822591466224e-08,25,20,20
26,1000,8.677730981579065e-08,0.8614307200520421,0.138569135688388,5.74822591466224e-08,25,20,20
26,1001,2.748213747823033e-06,0.8514511124622152,0.14854608685335316,5.2470683364855996e-08,25,20,20
26,1002,2.748213747823033e-06,0.8514511124622152,0.14854608685335316,5.2470683364855996e-08,25,20,20
26,1003,2.710632540854407e-06,0.8780604031960343,0.12193685058970649,3.558171826019483e-08,25,20,20
26,1004,4.251754226203611e-08,0.9205745101089176,0.0794254292407012,1.8132838736171213e-08,25,20,20
26,1005,8.423128246919823e-08,0.881215060968087,0.11878483602029798,1.878033237496481e-08,25,20,20
26,1006,8.497794310039837e-08,0.8509344156810255,0.14906546289967926,3.6441352147649206e-08,25,20,20
26,1007,8.148218490046275e-10,0.9166427306608322,0.0833572328052938,3.571905216002973e-08,25,20,20
26,1008,7.544101285769852e-10,0.9174794543673557,0.08252052665602091,1.8222213611719208e-08,25,20,20
26,1009,7.107172337676319e-10,0.9291626406511702,0.07083734032150572,1.8316606798441272e-08,25,20,20
26,1010,7.109609857896985e-10,0.8608771896986833,0.1356190477544105,0.0035037618359455213,25,20,20
26,1011,7.109609892911821e-10,0.8609078867942551,0.1355883506589361,0.0035037618358481036,25,20,20
26,1012,4.3653596959854644e-08,0.7809228427806018,0.21206687287556922,0.007010240690231532,25,20,20
26,1013,4.363990190443649e-08,0.8090721821234039,0.18391753363542734,0.007010240601266455,25,20,20
26,1014,4.361309037849141e-08,0.849690157190267,0.14329955927561003,0.00701023992103268,25,20,20
26,1015,2.3683177431013423e-06,0.809712643571008,0.1832737048744032,0.007011283236845028,25,20,20
26,1016,6.854529503326224e-10,0.8729857947164744,0.12351044286061443,0.0035037617374583103,25,20,20
26,1017,6.856658472570898e-10,0.9029381347355668,0.09355810292490917,0.0035037616538577134,25,20,20
26,1018,6.858648665107932e-10,0.9035662585965392,0.09292997875162567,0.0035037619659700923,25,20,20
26,1019,6.850802127255853e-10,0.9315113942274995,0.06848858695783465,1.812958520606922e-08,25,20,20
26,1020,1.3679713598967818e-09,0.9326670587737709,0.06733292142686524,1.8431392236792157e-08,25,20,20
26,1021,1.3963445337973813e-09,0.8930457351469956,0.10695424532670962,1.812995032843136e-08,25,20,20
26,1022,1.3961465400882429e-09,0.8925605735504104,0.10743940692895096,1.8124492109743755e-08,25,20,20
26,1023,6.752372927393006e-05,0.883179346359706,0.1167531120976835,1.7813336604980097e-08,25,20,20
26,1024,2.1404095900869478e-07,0.8983407233627976,0.1016590204745484,4.212169512299736e-08,25,20,20
26,1025,2.1535414311757447e-07,0.8564680071736521,0.14353171807156767,5.940063718733241e-08,25,20,20
26,1026,2.169127221956362e-07,0.8084415178044324,0.19155668698262254,1.5783002221148968e-06,25,20,20
26,1027,2.16229189966334e-07,0.8354778512486408,0.16452033703742555,1.5954847431934103e-06,25,20,20
26,1028,2.16229189966334e-07,0.8354778512486408,0.16452033703742555,1.5954847431934103e-06,25,20,20
26,1029,2.1335779230011016e-07,0.8231112182563943,0.17688753655014608,1.031835666581939e-06,25,20,20
26,1030,0.0008257908278392241,0.8228241746659735,0.17634900228846073,1.032217726088226e-06,25,20,20
26,1031,0.000825790827824461,0.8228245889113147,0.17634858803774758,1.0322231127958796e-06,25,20,20
26,1032,0.0008264327610862304,0.7957473537963011,0.20342517472989521,1.0387127162260486e-06,25,20,20
26,1033,8.553389813439486e-07,0.8345066829670117,0.16549142305211972,1.0386418864768575e-06,25,20,20
26,1034,8.553389813439486e-07,0.8345066829670117,0.16549142305211972,1.0386418864768575e-06,25,20,20
26,1035,8.553392086680231e-07,0.8597154541152681,0.1402826583010208,1.0322445029487395e-06,25,20,20
26,1036,8.553389644135011e-07,0.8603522359690614,0.13964587645294674,1.0322390278360523e-06,25,20,20
26,1037,7.292658262544808e-11,0.9087142631401913,0.09128471934623533,1.0174406470312284e-06,25,20,20
26,1038,6.635448722030135e-11,0.927438588254785,0.07256040383311183,1.0078457487457954e-06,25,20,20
26,1039,6.627455881486445e-11,0.9573821160274895,0.042616881138784694,1.0027674517524005e-06,25,20,20
26,1040,1.685770774512222e-11,0.9574133062468697,0.04258569128524743,1.0024510255643243e-06,25,20,20
26,1041,3.8836406287846645e-10,0.9402329401730383,0.059765514014460196,1.5454241376749758e-06,25,20,20
26,1042,3.8860758314147825e-10,0.9027461011349888,0.09725236997922523,1.5284971786817283e-06,25,20,20
26,1043,3.8949070949889473e-10,0.8842115179095066,0.11578694166286635,1.5400381364457546e-06,25,20,20
26,1044,3.8950515229454084e-10,0.8842251599082265,0.1157732996774816,1.5400247868872297e-06,25,20,20
26,1045,3.8950515229454084e-10,0.8842251599082265,0.1157732996774816,1.5400247868872297e-06,25,20,20
26,1046,1.7578063206040602e-11,0.8630137596558904,0.13698524328016912,9.970463624745966e-07,25,20,20
26,1047,5.003105380474351e-11,0.8211171035613404,0.17888162674765976,1.2696409680234516e-06,25,20,20
26,1048,5.0459270019866796e-11,0.8588800726372092,0.1411186576713224,1.2696410092533718e-06,25,20,20
26,1049,1.3261255021800157e-06,0.8224507759679246,0.1775475785601063,3.1934646666358684e-07,25,20,20
26,1050,4.235413593647604e-06,0.8026301654963465,0.19736556224273905,3.6847320594302696e-08,25,20,20
26,1051,1.749521573014706e-06,0.8677904508721079,0.13220776340212215,3.6204197062789055e-08,25,20,20
26,1052,1.7495213651144471e-06,0.8695180154287118,0.1304801991488864,3.5901036945091625e-08,25,20,20
26,1053,1.7497042978059846e-06,0.8240803197097997,0.17591789470117586,3.588472596052569e-08,25,20,20
26,1054,1.7497043092806314e-06,0.8240895177004397,0.17590869671052267,3.58847277440486e-08,25,20,20
26,1055,1.7502173598148154e-06,0.822537952822808,0.17744553323404713,1.4763725784569506e-05,25,20,20
26,1056,4.2415440431379573e-07,0.8470952772864743,0.15288953482530682,1.476373381423776e-05,25,20,20
26,1057,4.247895649166112e-07,0.8470843077687263,0.15290050370798575,1.476373372290579e-05,25,20,20
26,1058,4.2480244152812695e-07,0.8465889504971762,0.15339586066344427,1.4764036937933645e-05,25,20,20
26,1059,0.03998606445387667,0.8331256213869399,0.12687355020478738,1.4763954395735325e-05,25,20,20
26,1060,0.03998606470314514,0.8091954701211711,0.15080370110908337,1.4764066599951594e-05,25,20,20
26,1061,0.03998606399542573,0.8385480296800931,0.12146587009897505,3.622550600368228e-08,25,20,20
26,1062,0.03998868174293922,0.7837293084785009,0.17628195460833415,5.5170224953125567e-08,25,20,20
26,1063,3.0510596980930894e-06,0.8122558858055746,0.18774100799426566,5.5140461261912144e-08,25,20,20
26,1064,3.050810178301581e-06,0.8384896523993081,0.1615072417621658,5.5028347921298437e-08,25,20,20
26,1065,4.3484090868136977e-07,0.878612521872499,0.12138702466735234,1.8619239793718873e-08,25,20,20
26,1066,4.3484090868136977e-07,0.878612521872499,0.12138702466735234,1.8619239793718873e-08,25,20,20
26,1067,2.4776055898447552e-09,0.9543232323186266,0.04567672891807562,3.628569218330654e-08,25,20,20
26,1068,9.584151208837327e-10,0.9438642578538732,0.056135717005394346,2.418231691929704e-08,25,20,20
26,1069,2.5932715147958993e-09,0.920334154589158,0.07966580825508118,3.4562489252988905e-08,25,20,20
26,1070,1.910165165756228e-09,0.9215439665857283,0.07845599724855623,3.425555030467983e-08,25,20,20
26,1071,1.911608672479599e-09,0.8823447764929386,0.11759012554659783,6.509604885497614e-05,25,20,20
26,1072,1.7169480070050888e-09,0.8828350643241659,0.11709984298475495,6.509097413117477e-05,25,20,20
26,1073,1.7174192097826075e-09,0.8443154798872701,0.15561942706927,6.509132604070357e-05,25,20,20
26,1074,7.857608731181412e-08,0.9210846367150688,0.07728340810041484,0.0016318766084288357,25,20,20
26,1075,7.857608731181412e-08,0.9210846367150688,0.07728340810041484,0.0016318766084288357,25,20,20
26,1076,7.847718885878889e-08,0.9198845544877104,0.07848349074315909,0.0016318762919413782,25,20,20
26,1077,7.847801947045282e-08,0.9185952044921276,0.07977284073268708,0.0016318762971656011,25,20,20
26,1078,7.917717376870883e-08,0.9019277317947878,0.09644031240894861,0.0016318766190900592,25,20,20
26,1079,2.4565257616077093e-11,0.8880024893973953,0.11199749146621699,1.911182250212824e-08,25,20,20
26,1080,1.819727522477592e-08,0.8656861136773635,0.13431384901407736,1.91112840711621e-08,25,20,20
26,1081,2.457193912028583e-11,0.8876498965066062,0.11235008436003581,1.910878570831427e-08,25,20,20
26,1082,1.7055861863965226e-09,0.846113285799921,0.15388669359685295,1.889764014210561e-08,25,20,20
26,1083,1.7055861863965226e-09,0.846113285799921,0.15388669359685295,1.889764014210561e-08,25,20,20
26,1084,4.3232456540413287e-10,0.8447315503368603,0.15526843017061862,1.9060196677668557e-08,25,20,20
26,1085,3.731115455583953e-09,0.8047434667093298,0.19525651080647177,1.8753082686560728e-08,25,20,20
26,1086,4.411032462103743e-08,0.7375474050646378,0.26245253189632106,1.8928715673469638e-08,25,20,20
26,1087,2.3285905917646746e-06,0.7550788794754753,0.2449187728411435,1.9092788382549096e-08,25,20,20
26,1088,2.3292652703453865e-06,0.7808604021768306,0.21913724915658384,1.940131416557347e-08,25,20,20
26,1089,2.288903915038808e-06,0.7565361654718592,0.2434615085107742,3.7113450849977837e-08,25,20,20
26,1090,2.3187153302929325e-05,0.7565358124197803,0.2429488839228641,0.0004921165040518887,25,20,20
26,1091,4.6907362546901415e-06,0.823215215328537,0.17591105840426413,0.0008690355309430908,25,20,20
26,1092,2.289322622131812e-06,0.8214939929534301,0.17850368037811618,3.734583097419169e-08,25,20,20
26,1093,2.2889590986401406e-06,0.7994699845459309,0.20046134365342155,6.638284154806721e-05,25,20,20
26,1094,5.823797479490057e-09,0.7859119881042059,0.21402002999312053,6.797607887421498e-05,25,20,20
26,1095,2.2492860271275666e-09,0.8176746298406318,0.1823237549260362,1.6129840452343028e-06,25,20,20
26,1096,1.1234710218402664e-09,0.902587876304436,0.0974120856455081,3.692658476398836e-08,25,20,20
26,1097,1.925125075706999e-09,0.835213387948774,0.1647862702201204,3.3990598005271066e-07,25,20,20
26,1098,7.008621812063288e-10,0.8777163562867846,0.12228359175738429,5.125496922887064e-08,25,20,20
26,1099,6.895060523747692e-10,0.9171512199690548,0.08284874262512068,3.671631865799477e-08,25,20,20
26,1100,6.894952588371174e-10,0.9429739570748435,0.057026005521313185,3.6714347997367784e-08,25,20,20
26,1101,8.755192764943758e-10,0.9159451943974598,0.0840547682268446,3.650017644036551e-08,25,20,20
26,1102,8.755190715462482e-10,0.9159365090948052,0.08406345352949929,3.6500176440352464e-08,25,20,20
26,1103,2.0171956447199133e-10,0.9188788719690405,0.08112109163212976,3.619711034049066e-08,25,20,20
26,1104,2.0054849780157855e-10,0.9356576304689875,0.06434233313900482,3.619145909879597e-08,25,20,20
26,1105,2.0089078756700345e-10,0.8578315901221772,0.14216837346826078,3.6208671402666924e-08,25,20,20
26,1106,2.034953082298584e-10,0.7733067239154132,0.22669325744969837,1.8431392473376443e-08,25,20,20
26,1107,2.003902642137537e-10,0.7751764803330521,0.2248234718052475,4.766130978472085e-08,25,20,20
26,1108,2.0005119293610615e-10,0.8399044094642708,0.16009554268300621,4.7652671629292435e-08,25,20,20
26,1109,2.010225285279059e-10,0.8110563121849895,0.18894309363453415,5.939794534387046e-07,25,20,20
26,1110,2.0090295105421996e-10,0.8297659929926156,0.17023395954991194,4.725656933098271e-08,25,20,20
26,1111,2.144854999010275e-10,0.7756193401249029,0.22438062990296895,2.9757642220739386e-08,25,20,20
26,1112,2.1448897080379763e-10,0.7750201159312935,0.22497985409665475,2.9757562008479604e-08,25,20,20
26,1113,2.1537193972158454e-10,0.7749906956104751,0.22500927441649132,2.9757661139464404e-08,25,20,20
26,1114,2.1537229839011942e-10,0.8137512824324403,0.18624868759452406,2.9757662763838207e-08,25,20,20
26,1115,2.1537228983571985e-10,0.8132711475656219,0.1867288224667292,2.9752276006334118e-08,25,20,20
26,1116,5.899645107914109e-10,0.8203376018060233,0.1796623677957422,2.980826958199567e-08,25,20,20
26,1117,2.153709162080255e-10,0.8390626699905772,0.16093730014855012,2.9645501141524934e-08,25,20,20
26,1118,1.720003073148064e-11,0.866583614359992,0.13341635606081004,2.956199748013253e-08,25,20,20
26,1119,4.10710237297102e-11,0.8146827294382392,0.18531698144511222,2.890755771153407e-07,25,20,20
26,1120,3.420011315869902e-06,0.7913247724089082,0.2086707501265444,1.0574532311229463e-06,25,20,20
26,1121,3.4200112550605143e-06,0.8200763949357044,0.17991941635957967,7.686934604637908e-07,25,20,20
26,1122,3.4200233544075534e-06,0.8379762395376562,0.16201957174852463,7.686904637936982e-07,25,20,20
26,1123,5.395074811677304e-11,0.8618139017707439,0.13818609785710806,3.181964843589808e-10,25,20,20
26,1124,5.308732428815851e-11,0.8618446638091612,0.1381553358195541,3.1819655886685916e-10,25,20,20
26,1125,5.20932607394708e-11,0.8827014864075848,0.11729851321668122,3.2364016773570615e-10,25,20,20
26,1126,5.208641587961214e-11,0.8849734380175807,0.11502656160659644,3.237360332632307e-10,25,20,20
26,1127,5.29241141048094e-11,0.8837455196343954,0.11625447998894588,3.2373432792367547e-10,25,20,20
26,1128,7.90746622106634e-11,0.8437435145561822,0.15625645696632856,2.8398413855664087e-08,25,20,20
26,1129,7.532318688197017e-10,0.8437044256647946,0.15629552791117765,4.56707952228055e-08,25,20,20
26,1130,5.7085053422182045e-11,0.8962287696596059,0.10377118438233138,4.590097730610285e-08,25,20,20
26,1131,9.245149507980667e-08,0.8578529822483283,0.14214687921165992,4.608851610925211e-08,25,20,20
26,1132,1.5502778480287647e-07,0.8959941802915392,0.10400561846881816,4.621185751182538e-08,25,20,20
26,1133,1.5502816403706795e-07,0.8972559075596114,0.10274390868639957,2.872582465614545e-08,25,20,20
26,1134,1.5575637897618544e-07,0.9366250837299784,0.06337473177698356,2.8736658528313406e-08,25,20,20
26,1135,1.5575637897618544e-07,0.9366250837299784,0.06337473177698356,2.8736658528313406e-08,25,20,20
26,1136,1.5575636361563726e-07,0.9366122153446114,0.06338760016782663,2.8731197963187635e-08,25,20,20
26,1137,1.557409687907837e-07,0.9590931250001714,0.040906154249908885,5.65008950441239e-07,25,20,20
26,1138,1.556805315358107e-07,0.9720439897137086,0.027955289298714416,5.65307044906696e-07,25,20,20
26,1139,1.5568074845883538e-07,0.9720342476561169,0.02796503135608922,5.653070449357638e-07,25,20,20
26,1140,1.5639331983477398e-07,0.9565012713677166,0.043497978394446815,5.938445160003968e-07,25,20,20
26,1141,1.5639264909827852e-07,0.9477256985522959,0.05227411557745363,2.947760049535284e-08,25,20,20
26,1142,1.4343407858076134e-09,0.9485389838010734,0.05146098558685255,2.9177732456721084e-08,25,20,20
26,1143,2.205304184493043e-08,0.9303964885586551,0.06960346021865345,2.9169649086778863e-08,25,20,20
26,1144,7.279214144336646e-10,0.936645908601275,0.06335406120782962,2.9462973396828654e-08,25,20,20
26,1145,1.4876961121023692e-11,0.9672232694287733,0.03277672964203866,9.143107003128778e-10,25,20,20
26,1146,5.159719404026956e-06,0.9497690486498027,0.05022578084563321,1.0785159962947214e-08,25,20,20
26,1147,5.1597691060103165e-06,0.9751355937696659,0.024859235665074766,1.0796153334398642e-08,25,20,20
26,1148,5.15976913941296e-06,0.9738955576359511,0.02609927179885011,1.0796059224176627e-08,25,20,20
26,1149,5.15976851052883e-06,0.9739922650455891,0.02600256469142328,1.0494476840286231e-08,25,20,20
26,1150,5.159779484635786e-06,0.9739742971408519,0.026020532281892203,1.0797771174919657e-08,25,20,20
26,1151,5.316983959075232e-06,0.9731081265493445,0.026886545364562878,1.110213320821712e-08,25,20,20
26,1152,5.316923287964981e-06,0.9710810110814291,0.02891366058185475,1.1413428252271045e-08,25,20,20
26,1153,5.31692243187061e-06,0.9706660847178376,0.029328586946212338,1.1413518248862344e-08,25,20,20
26,1154,5.316922054428009e-06,0.9359844407557127,0.06401023091430648,1.1407925880947433e-08,25,20,20
26,1155,5.316984820499553e-06,0.8960789157902651,0.10391575581601749,1.1408896867843824e-08,25,20,20
26,1156,5.316988146949458e-06,0.8584573682155476,0.14153730369058462,1.1105720269235795e-08,25,20,20
26,1157,5.316913500458519e-06,0.8987792146528609,0.10121545762643626,1.0807202608907935e-08,25,20,20
26,1158,3.911033334043264e-07,0.8938829844616051,0.10611609984428229,5.245907791970819e-07,25,20,20
26,1159,3.911028708841206e-07,0.9126490671994562,0.08735001710679714,5.245908757730067e-07,25,20,20
26,1160,3.9110288596656723e-07,0.9116258508532973,0.08837323314082529,5.249029915695658e-07,25,20,20
26,1161,3.911028707411793e-07,0.9116331836559786,0.08836590065480092,5.24586349766115e-07,25,20,20
26,1162,3.9115209948449125e-07,0.9126972392869602,0.0873018446622408,5.248986995433747e-07,25,20,20
26,1163,3.911529632023158e-07,0.9143975477971861,0.08560153614578522,5.249040655177231e-07,25,20,20
26,1164,3.911502956963164e-07,0.9532845227398965,0.04671456120579875,5.249040091592673e-07,25,20,20
26,1165,3.9152785353803e-07,0.9353053788761259,0.06469370500109962,5.24594920919525e-07,25,20,20
26,1166,3.123596591738536e-07,0.9562643504507241,0.043735319483549064,1.7706067727188795e-08,25,20,20
26,1167,3.123596591738536e-07,0.9562643504507241,0.043735319483549064,1.7706067727188795e-08,25,20,20
26,1168,3.1239098239454146e-07,0.9051619462048146,0.09483769792139364,4.3482809009429636e-08,25,20,20
26,1169,3.1258918268018775e-07,0.8764237068960071,0.12357593195564513,4.855916442209113e-08,25,20,20
26,1170,3.569090299869767e-07,0.8676572752053443,0.1323423243905938,4.3495031289524543e-08,25,20,20
26,1171,3.569104593694546e-07,0.8421625382962897,0.15783708136027036,2.343297987586573e-08,25,20,20
26,1172,3.5695937837024616e-07,0.8417274457881486,0.1582721738193959,2.3433076271741024e-08,25,20,20
26,1173,3.5658044360132637e-07,0.8967534894089882,0.10324613057519062,2.3435376925742146e-08,25,20,20
26,1174,5.812115968890395e-06,0.8805130038462511,0.119480536979781,6.470579983863196e-07,25,20,20
26,1175,5.812115987293822e-06,0.8422526479570063,0.1577392456617287,2.2942652771326178e-06,25,20,20
26,1176,5.812116816521715e-06,0.8409815749800862,0.15901031863772425,2.2942653728162314e-06,25,20,20
26,1177,5.654912140395045e-06,0.841880513931245,0.1581115372011576,2.2939554566294782e-06,25,20,20
26,1178,1.5550086757107348e-07,0.8680187241734295,0.131979443581467,1.6767442354180851e-06,25,20,20
26,1179,1.5614418560104522e-07,0.8261990887966334,0.17379906674859683,1.688310583348214e-06,25,20,20
26,1180,1.5614418560104522e-07,0.8261990887966334,0.17379906674859683,1.688310583348214e-06,25,20,20
26,1181,1.5614418560104522e-07,0.8261990887966334,0.17379906674859683,1.688310583348214e-06,25,20,20
26,1182,1.588933429010897e-07,0.825035506761499,0.1749626460344823,1.6883106751779962e-06,25,20,20
26,1183,1.5892605370222857e-07,0.8372864917137942,0.16271166742843118,1.6819317199511717e-06,25,20,20
26,1184,4.1506482608364935e-09,0.8000017565145314,0.19999657442618335,1.6649086359701208e-06,25,20,20
26,1185,4.2271957814157505e-09,0.7486657387191564,0.25133256387733555,1.693176311536672e-06,25,20,20
26,1186,4.206816159682435e-09,0.7886790991601859,0.21131920346593364,1.6931670638832106e-06,25,20,20
26,1187,4.207004727682231e-09,0.8660751221434841,0.1339248280590043,4.559050606340186e-08,25,20,20
26,1188,4.130930594212096e-09,0.90376637618452,0.09623360185979485,1.7824753434191193e-08,25,20,20
26,1189,4.1179476141955326e-09,0.9470808685586772,0.052919082037658445,4.528571616677542e-08,25,20,20
26,1190,3.4813704523096575e-09,0.9864940257739744,0.013505953214146438,1.75305087332031e-08,25,20,20
26,1191,3.480517641541387e-09,0.9847539175998388,0.015246061394689349,1.7524954151813002e-08,25,20,20
26,1192,3.4334133821023736e-09,0.9842587853787667,0.015741193359555775,1.782826416950796e-08,25,20,20
26,1193,3.4336168090219115e-09,0.9872268077679355,0.012773170970183349,1.782826425394813e-08,25,20,20
26,1194,3.4336168090219115e-09,0.9872268077679355,0.012773170970183349,1.782826425394813e-08,25,20,20
26,1195,3.4336316898811736e-09,0.9872044901174025,0.012795488304272155,1.8144693559839583e-08,25,20,20
26,1196,2.7509081702769445e-09,0.9850941185925969,0.014905878319727173,3.367678245127436e-10,25,20,20
26,1197,2.750897347086819e-09,0.9868242975031883,0.013175699409050683,3.3686371316905186e-10,25,20,20
26,1198,1.4038668632415696e-08,0.9205761076133279,0.07942387293371718,5.414286146736588e-09,25,20,20
26,1199,2.7514625080060742e-09,0.9327005630123637,0.06729943389059125,3.455822533656949e-10,25,20,20
26,1200,2.5281556387053566e-08,0.8927326834017039,0.1072672909766574,3.4008172599868944e-10,25,20,20
26,1201,2.812275227780742e-09,0.9312513961250984,0.06874860072249177,3.401343779828465e-10,25,20,20
26,1202,2.8609995815001075e-09,0.8933619895286441,0.1066380072569769,3.5337865499757923e-10,25,20,20
26,1203,2.7498614702783917e-07,0.8937994794041104,0.1062002452558134,3.539283985770982e-10,25,20,20
26,1204,2.8727774983348314e-09,0.932939947236656,0.06706004953726015,3.5330588846615706e-10,25,20,20
26,1205,2.8727774983348314e-09,0.932939947236656,0.06706004953726015,3.5330588846615706e-10,25,20,20
26,1206,2.8727774430787686e-09,0.9321301486309075,0.06786984814310344,3.5321108482084823e-10,25,20,20
26,1207,2.8726511958423127e-09,0.9733682176198108,0.026631779159701083,3.4783674206022656e-10,25,20,20
26,1208,2.8240502805248796e-09,0.9496179774184871,0.05038201941497509,3.424870307767313e-10,25,20,20
26,1209,0.0006591166410270263,0.9084365935431112,0.09090426667704411,2.3138817218459714e-08,25,20,20
26,1210,0.0006591166418423277,0.9067264801682405,0.09261438005110385,2.3138813047710067e-08,25,20,20
26,1211,2.763216207223342e-09,0.9462525303593413,0.053747466851450515,2.5991625128637368e-11,25,20,20
26,1212,2.7632123650203103e-09,0.9208656645135601,0.07913433270270102,2.0526323245023828e-11,25,20,20
26,1213,1.5654923370538212e-07,0.9220726555518728,0.07792718757528136,3.2361176649431474e-10,25,20,20
26,1214,1.5662935155465353e-07,0.882095823137604,0.11790401939648565,8.365581444470189e-10,25,20,20
26,1215,1.5665341340154522e-07,0.821822192744692,0.17808122103776566,9.642956412829919e-05,25,20,20
26,1216,1.5665341340154522e-07,0.821822192744692,0.17808122103776566,9.642956412829919e-05,25,20,20
26,1217,0.0006507378089676132,0.7827255499438563,0.2165272822812452,9.642996593036767e-05,25,20,20
26,1218,1.5667367046385725e-07,0.8029954707841572,0.19700272436107505,1.6481810965354008e-06,25,20,20
26,1219,1.565935369430191e-07,0.8054472118003688,0.1945509839378488,1.6476682444468106e-06,25,20,20
26,1220,1.5664052499016886e-07,0.8290758408665333,0.1709223548193837,1.647673557556732e-06,25,20,20
26,1221,1.5664052499483279e-07,0.8290539861555151,0.17094420953040018,1.6476735592077283e-06,25,20,20
26,1222,1.5972503438757644e-07,0.7853242544594771,0.21467390977190487,1.6760435831751075e-06,25,20,20
26,1223,1.5779861637548338e-07,0.8154728275269646,0.18452698517272112,2.95016970403035e-08,25,20,20
26,1224,1.5778641768008967e-07,0.8143834603691787,0.18561635234285906,2.9501543916826263e-08,25,20,20
26,1225,1.5778641768008967e-07,0.8143834603691787,0.18561635234285906,2.9501543916826263e-08,25,20,20
26,1226,1.7894628727527647e-07,0.7965075398078433,0.20349225158562717,2.9660241547615016e-08,25,20,20
26,1227,1.789457517763813e-07,0.8123941161405124,0.18760567526213331,2.9651601674293635e-08,25,20,20
26,1228,1.7892230389308235e-07,0.796142690801321,0.20385710076175023,2.9514624866521715e-08,25,20,20
26,1229,1.7848928911658016e-07,0.8094468320207504,0.19055297106080932,1.842915051046669e-08,25,20,20
26,1230,1.757413805087531e-07,0.8387627286559105,0.16123706013823064,3.54644779548661e-08,25,20,20
26,1231,1.7578973800577255e-07,0.8774521686098667,0.12254763798579185,1.761460283224191e-08,25,20,20
26,1232,1.7583919009663925e-07,0.877445781899696,0.12255402464651058,1.7614602846662938e-08,25,20,20
26,1233,1.7583918175911425e-07,0.91706438202183,0.0829354245244789,1.76145087753901e-08,25,20,20
26,1234,1.7583939702662812e-07,0.9428654021531899,0.05713440438738134,1.762003153339645e-08,25,20,20
26,1235,1.7579432747092656e-07,0.9170524566218282,0.08294734996194295,1.7621900973991604e-08,25,20,20
26,1236,1.7579534730238487e-07,0.8770524986801048,0.12294730788964292,1.763490425942891e-08,25,20,20
26,1237,1.7579534367696053e-07,0.8787934078271684,0.12120639874248557,1.7635001783766322e-08,25,20,20
26,1238,1.5464706563036493e-07,0.8979907266620664,0.10200908393552668,3.475534126050298e-08,25,20,20
26,1239,2.940065282178365e-07,0.8698610138487426,0.12724351658004962,0.002895175564679424,25,20,20
26,1240,1.5484455778165375e-07,0.9091985728482365,0.09080123755775193,3.474945364948663e-08,25,20,20
26,1241,1.5405169833378072e-07,0.9379051407419611,0.06209467054594585,3.466039455271946e-08,25,20,20
26,1242,1.5405341142600452e-07,0.9344106682128528,0.06558914276629918,3.496743656158603e-08,25,20,20
26,1243,1.5425211105102577e-07,0.9056587679733855,0.09434103742027014,4.035423343731875e-08,25,20,20
26,1244,1.5424786265841715e-07,0.9123262910409804,0.08767351436149162,4.0349665346836344e-08,25,20,20
26,1245,1.5405001723332882e-07,0.9410520063712039,0.05894779890859074,4.067018802334184e-08,25,20,20
26,1246,1.5404935721875222e-07,0.9393349455717402,0.06066485971417699,4.066472539433112e-08,25,20,20
26,1247,1.5404935720937596e-07,0.9393344340896942,0.06066537119622299,4.066472536481046e-08,25,20,20
26,1248,1.549030467480714e-07,0.8608804292944141,0.13911937525939275,4.054314638296064e-08,25,20,20
26,1249,1.549030467480714e-07,0.8608804292944141,0.13911937525939275,4.054314638296064e-08,25,20,20
26,1250,1.549030467480714e-07,0.8608804292944141,0.13911937525939275,4.054314638296064e-08,25,20,20
26,1251,1.5559178047440995e-07,0.8391359520299398,0.16086385183276453,4.054551537992331e-08,25,20,20
26,1252,1.5734071972769801e-07,0.946929787338509,0.05307001972029627,3.5600474996220424e-08,25,20,20
26,1253,1.5729698245190414e-07,0.9234363457162782,0.07656347227458375,2.4712155714842345e-08,25,20,20
26,1254,1.5729718170187665e-07,0.9223151846873311,0.07768463361438234,2.440110497025482e-08,25,20,20
26,1255,1.5380708051784005e-07,0.9643395710163634,0.035660251086172635,2.4090383406499144e-08,25,20,20
26,1256,1.538070767760711e-07,0.9643401139963435,0.035659708106292,2.409028756771487e-08,25,20,20
26,1257,1.5381256101501392e-07,0.9431785306046077,0.056821291201943736,2.4380887380768e-08,25,20,20
26,1258,1.5381338377389683e-07,0.9438090447512094,0.056190777054616815,2.4380789712980574e-08,25,20,20
26,1259,1.5381255684476566e-07,0.9450472171639832,0.054952604642669794,2.4380789766523234e-08,25,20,20
26,1260,3.914309509062188e-11,0.9209723021910198,0.07902767338500322,2.43848338571888e-08,25,20,20
26,1261,2.1643285449634e-11,0.9446253563182998,0.05537462536787291,1.8292183986342863e-08,25,20,20
26,1262,5.685456176649763e-08,0.9387660721947225,0.06123348870904881,3.822416668830345e-07,25,20,20
26,1263,5.6933643140519564e-08,0.8987338618180479,0.10126569850265738,3.8274565145148355e-07,25,20,20
26,1264,5.6983424416519e-08,0.8976848751105241,0.10231468484827774,3.8305777359039415e-07,25,20,20
26,1265,5.6983220832934255e-08,0.8980898986795828,0.10190966127951719,3.8305767910757016e-07,25,20,20
26,1266,5.69825777675327e-08,0.8588682404371194,0.14113130224306186,4.0033724092138004e-07,25,20,20
26,1267,5.7029769686350345e-08,0.8815556299714209,0.11844391266128555,4.0033752363857365e-07,25,20,20
26,1268,5.597337758254567e-06,0.8657246991889358,0.13426929222221698,4.112510886548498e-07,25,20,20
26,1269,5.799618828948325e-06,0.7943464587985702,0.20564771189029046,2.9692310335008057e-08,25,20,20
26,1270,5.799618828948325e-06,0.7943464587985702,0.20564771189029046,2.9692310335008057e-08,25,20,20
26,1271,2.593108660622743e-07,0.7689861253874823,0.2310135965284629,1.8773188369336818e-08,25,20,20
26,1272,0.0011832716470617363,0.7690002264680479,0.22981411018098885,2.39170390149339e-06,25,20,20
26,1273,0.0011832716018150378,0.8101977500805401,0.18861658661445527,2.391703189890866e-06,25,20,20
26,1274,0.0011832715942867902,0.8361787729056174,0.16263555257845513,2.402921640719029e-06,25,20,20
26,1275,0.0011832715942943109,0.8396236842082242,0.1591906418824115,2.4023150698418027e-06,25,20,20
26,1276,1.0967578899442066e-10,0.8423545299708539,0.15764541288206868,5.703740171853759e-08,25,20,20
26,1277,1.0969469991684325e-10,0.8423845750834965,0.15761536776940693,5.703740182133012e-08,25,20,20
26,1278,2.8509552079639315e-09,0.8046798269508152,0.19532013018012473,4.001810503147761e-08,25,20,20
26,1279,3.2716137551140036e-09,0.7629909770454845,0.2370089517922742,6.789062708161613e-08,25,20,20
26,1280,3.27159860469456e-09,0.7630135360377217,0.23698639279995617,6.789072290029495e-08,25,20,20
26,1281,4.9394731400657605e-06,0.76132410688336,0.2386708961620859,5.748141324964881e-08,25,20,20
26,1282,4.9367455412343075e-06,0.7613031762336644,0.23869182954993243,5.7470861169878834e-08,25,20,20
26,1283,0.0006662633670962639,0.7201652940615684,0.27916838500931535,5.756201878542949e-08,25,20,20
26,1284,0.0006613267450419878,0.7483801859258667,0.2509581411809376,3.461481527952924e-07,25,20,20
26,1285,2.2654626768114081e-07,0.7599740147397785,0.24002539538645096,3.633275020134395e-07,25,20,20
26,1286,2.2654626768114081e-07,0.7599740147397785,0.24002539538645096,3.633275020134395e-07,25,20,20
26,1287,2.26538096599049e-07,0.8238848424608429,0.1761148843882803,4.6612780306812616e-08,25,20,20
26,1288,3.860629533366754e-08,0.8339391026487618,0.1660608070571283,5.1687814669325626e-08,25,20,20
26,1289,4.979345507266921e-08,0.8858723560601091,0.11412725324730126,3.408991345956924e-07,25,20,20
26,1290,3.857573007760824e-08,0.924985727400786,0.0750141814520795,5.257140436982132e-08,25,20,20
26,1291,3.857573007760824e-08,0.924985727400786,0.0750141814520795,5.257140436982132e-08,25,20,20
26,1292,4.0095352328602504e-08,0.8866397922325345,0.11336010558565313,6.208646011122422e-08,25,20,20
26,1293,4.467118978384719e-08,0.7953791166631062,0.20452495009190869,9.58885737939435e-05,25,20,20
26,1294,4.4640783504794595e-08,0.8108169299035776,0.18908713688525672,9.588857038120309e-05,25,20,20
26,1295,4.4640783504794595e-08,0.8108169299035776,0.18908713688525672,9.588857038120309e-05,25,20,20
26,1296,5.03366256638081e-08,0.7714511164669621,0.22845291539789106,9.591779852003933e-05,25,20,20
26,1297,5.0282501927935424e-08,0.8094324331299408,0.19047274229282896,9.477429472708666e-05,25,20,20
26,1298,4.592829148002904e-08,0.8205852609792236,0.17941460197589046,9.111659328458988e-08,25,20,20
26,1299,4.373145723259656e-08,0.7815260026751268,0.21847388465102824,6.894238704213478e-08,25,20,20
26,1300,4.373145749841542e-08,0.7815256186615042,0.21847426866465067,6.89423870421185e-08,25,20,20
26,1301,4.671060950724728e-08,0.7799415122301855,0.22005839891057508,4.2148629435186324e-08,25,20,20
26,1302,4.6592008821449416e-08,0.7452938513077371,0.2547060599495298,4.215072337644057e-08,25,20,20
26,1303,4.309657659139854e-08,0.7444208020443294,0.2555791127019767,4.215711646389509e-08,25,20,20
26,1304,4.309657659027045e-08,0.7444211821712983,0.25557873257491204,4.215721223084675e-08,25,20,20
26,1305,4.3080750230801655e-08,0.8130753096255801,0.18692460514287465,4.2150794387301764e-08,25,20,20
26,1306,5.7407559539864875e-06,0.7921114031201933,0.20788252528205384,3.308417981668105e-07,25,20,20
26,1307,5.741440965590837e-06,0.8167987539714493,0.1831951562004871,3.4838709742416553e-07,25,20,20
26,1308,5.741440109616415e-06,0.8173028163319204,0.18269109384086957,3.4838709973610067e-07,25,20,20
26,1309,5.741440105726035e-06,0.8190205894476787,0.18097332072511085,3.483871039550294e-07,25,20,20
26,1310,5.7414406810924954e-06,0.8002635727417795,0.19973033742758356,3.4838995520929317e-07,25,20,20
26,1311,5.7414406810924954e-06,0.8002635727417795,0.19973033742758356,3.4838995520929317e-07,25,20,20
26,1312,6.976343139074549e-07,0.801207462424783,0.19879150910400326,3.308368992042063e-07,25,20,20
26,1313,4.308086557845689e-08,0.8677944514306902,0.13220546333424635,4.215419730550076e-08,25,20,20
26,1314,9.090955740569735e-06,0.8290339998448664,0.17095686734674143,4.185265102411439e-08,25,20,20
26,1315,9.086330162591603e-06,0.8820761665999391,0.11791470510513419,4.196476349047971e-08,25,20,20
26,1316,9.086346863746197e-06,0.8574916438578631,0.1424992277235681,4.207170436515891e-08,25,20,20
26,1317,3.848207461228506e-08,0.8399532281339224,0.16004667658006455,5.6803938151274675e-08,25,20,20
26,1318,3.852616529781227e-08,0.8644876671922966,0.13551223757898387,5.670255384996288e-08,25,20,20
26,1319,8.460121368686504e-11,0.8666581262826054,0.13334183420387058,3.942892227461691e-08,25,20,20
26,1320,5.0702784517109415e-11,0.9078735652857719,0.09212640966968673,2.4993838075675578e-08,25,20,20
26,1321,6.642870037900929e-09,0.8662153795458497,0.13378422481197352,3.889993061483175e-07,25,20,20
26,1322,6.791410653861058e-09,0.8744815696997911,0.1255180364981397,3.8701065814002e-07,25,20,20
26,1323,1.0022487983243538e-08,0.8628043385547108,0.13719526415598876,3.87266811980457e-07,25,20,20
26,1324,1.0022487983243538e-08,0.8628043385547108,0.13719526415598876,3.87266811980457e-07,25,20,20
26,1325,6.79176650572331e-09,0.9019575791878758,0.0980420271164747,3.8690388287943016e-07,25,20,20
26,1326,6.793507478135242e-09,0.9014794944842925,0.09852011181818124,3.869040184501184e-07,25,20,20
26,1327,3.988232459256995e-09,0.9355464852088956,0.06445312362883969,3.871740317888905e-07,25,20,20
26,1328,3.790041693682447e-09,0.9355276612936226,0.06447195281858076,3.820977543674737e-07,25,20,20
26,1329,3.790026690154418e-09,0.936790220407578,0.06320939370464013,3.8209775436936017e-07,25,20,20
26,1330,3.790030108948322e-09,0.9366165367672552,0.06338307734633583,3.820963781543991e-07,25,20,20
26,1331,3.789379514970298e-09,0.9366783995601373,0.06332121454864464,3.8210183803375443e-07,25,20,20
26,1332,3.789379514970298e-09,0.9366783995601373,0.06332121454864464,3.8210183803375443e-07,25,20,20
26,1333,1.3764701888360931e-09,0.8986787406917871,0.10132087582110294,3.821106392040304e-07,25,20,20
26,1334,1.376466711296747e-09,0.8986991484139402,0.10130046809895327,3.8211063922433526e-07,25,20,20
26,1335,1.21824480751058e-06,0.8829186512489814,0.11707997646659468,1.54039616555651e-07,25,20,20
26,1336,1.2214953826202639e-06,0.8429562007501751,0.1570424233550144,1.5439942813301993e-07,25,20,20
26,1337,1.243292755931892e-06,0.8654337436028596,0.13456485907012078,1.5403426376661237e-07,25,20,20
26,1338,1.2347843212690388e-06,0.8550288997592559,0.14496971009754792,1.5535887483973785e-07,25,20,20
26,1339,1.8525202540223664e-05,0.8150828129969316,0.18489073703647507,7.92476405115271e-06,25,20,20
26,1340,1.2348273970743104e-06,0.8945004159333594,0.10549819367055666,1.5556868671789667e-07,25,20,20
26,1341,1.6974154079989728e-08,0.9157443738865,0.08425558978091814,1.9358427395821187e-08,25,20,20
26,1342,3.5417545452004006e-09,0.9311373725789294,0.06886260562102692,1.82582889473562e-08,25,20,20
26,1343,4.071789358030826e-08,0.9268922651524154,0.07310767586097101,1.8268719408912765e-08,25,20,20
26,1344,3.591120252607705e-09,0.9180295518391715,0.08197011977782287,3.247918851885586e-07,25,20,20
26,1345,7.736655843703085e-10,0.9259560841944797,0.07404289429465244,1.0207372020589623e-06,25,20,20
26,1346,7.733660976277816e-10,0.9121613270064838,0.0878376515952788,1.0206248710891654e-06,25,20,20
26,1347,7.42360455510034e-10,0.9428668021587382,0.05713217647414609,1.0206247552414147e-06,25,20,20
26,1348,7.423604547834601e-10,0.9674521312863945,0.03254684734123166,1.020630013223014e-06,25,20,20
26,1349,7.430950263425329e-10,0.9883002465408811,0.01169971678553635,3.593048761767479e-08,25,20,20
26,1350,6.950028174743405e-10,0.988016055528573,0.011983925923074115,1.7853350082022244e-08,25,20,20
26,1351,6.958624048106246e-10,0.9898199078450467,0.010180073928704356,1.7530386577828816e-08,25,20,20
26,1352,6.958624048106246e-10,0.9898199078450467,0.010180073928704356,1.7530386577828816e-08,25,20,20
26,1353,1.3779880462857644e-09,0.991468329701003,0.00853165139567922,1.752533004886663e-08,25,20,20
26,1354,6.950953969788979e-10,0.9621333595744688,0.037866622110571437,1.7619864469472423e-08,25,20,20
26,1355,3.410572081432795e-09,0.9898869172063937,0.010113061835963458,1.754707111010892e-08,25,20,20
26,1356,3.4088406816734696e-09,0.9882227548753701,0.011777224174182366,1.7541607165381277e-08,25,20,20
26,1357,3.4088593821950357e-09,0.9886382220514516,0.011361756997980556,1.7541708750366836e-08,25,20,20
26,1358,3.4096857637296145e-09,0.9870054974896745,0.012994481558745084,1.7541894906774795e-08,25,20,20
26,1359,7.436527336761482e-10,0.9499776270211432,0.05002235438125595,1.7853948077375367e-08,25,20,20
26,1360,7.436527336761482e-10,0.9499776270211432,0.05002235438125595,1.7853948077375367e-08,25,20,20
26,1361,7.582434649035199e-11,0.9145790967520686,0.0854208851551271,1.801697994195013e-08,25,20,20
26,1362,1.6115419984234342e-08,0.8467402721259311,0.15325967627064707,3.548800185444069e-08,25,20,20
26,1363,1.947288177188067e-08,0.8102528318168851,0.18974711322117715,3.5489056060857715e-08,25,20,20
26,1364,1.8448455502795548e-08,0.8256729723510692,0.17432698477806496,2.4422410441248136e-08,25,20,20
26,1365,1.8448640497433892e-08,0.863654239841634,0.1363457169863568,2.472336850205282e-08,25,20,20
26,1366,0.0005231022164743223,0.8889413802589484,0.11053549248662103,2.5037956331510883e-08,25,20,20
26,1367,0.0005231049667105678,0.9065709638348852,0.09290592334982567,7.848578750153388e-09,25,20,20
26,1368,3.5348610324494416e-09,0.9061376583399864,0.09386231310257767,2.5022575162958795e-08,25,20,20
26,1369,3.5362654888592987e-09,0.8661799978562925,0.13381997358496447,2.5022477761228216e-08,25,20,20
26,1370,8.077270917527875e-07,0.8689121686471643,0.13108699701794216,2.6607802082250203e-08,25,20,20
26,1371,8.33368815914488e-10,0.8685081666253742,0.13149180760659104,2.4934665927578614e-08,25,20,20
26,1372,3.544426543516648e-09,0.8679448225669643,0.1320551486376709,2.5250938314085348e-08,25,20,20
26,1373,3.544426543516648e-09,0.8679448225669643,0.1320551486376709,2.5250938314085348e-08,25,20,20
26,1374,3.581862870211783e-09,0.9091201565028075,0.09087983267173366,7.243596341009369e-09,25,20,20
26,1375,3.533464999977795e-09,0.9079723296215724,0.09202765992341622,6.921546692046738e-09,25,20,20
26,1376,3.52920053645671e-09,0.9134539468912294,0.08654604875345717,8.261129688062182e-10,25,20,20
26,1377,3.5267454404177663e-09,0.9539938377275015,0.046006157607796486,1.1379564976726353e-09,25,20,20
26,1378,6.668398171823592e-09,0.8972745550304749,0.10272543714786517,1.1532622798829866e-09,25,20,20
26,1379,3.962730819829963e-09,0.8776944234650198,0.12230557142980014,1.1424489864909623e-09,25,20,20
26,1380,3.962716441339354e-09,0.8793906186241852,0.12060937627587336,1.1372248003556178e-09,25,20,20
26,1381,0.01970987759830718,0.7994838875985757,0.18080623362061224,1.1825032357742006e-09,25,20,20
26,1382,0.019709877598318267,0.799493494964719,0.18079662624909407,1.1878672957371379e-09,25,20,20
26,1383,1.7325299935585082e-07,0.7791027877584831,0.22089702947278725,9.515728730267806e-09,25,20,20
26,1384,1.5456128920606138e-07,0.8576163188112814,0.14238352547755914,1.1498696840847633e-09,25,20,20
26,1385,1.5067566274234236e-07,0.9493995959498313,0.05059928444142764,9.689330780442379e-07,25,20,20
26,1386,3.941060116296779e-11,0.9699817642991699,0.030016764894531343,1.4707668879575803e-06,25,20,20
26,1387,3.961430988470785e-11,0.9682558174725721,0.03174271171537541,1.470772438252178e-06,25,20,20
26,1388,6.347408919411207e-11,0.9913391100406362,0.008659939050190144,9.508456993999073e-07,25,20,20
26,1389,6.34750328851213e-11,0.9642980590676576,0.03570098993410586,9.509347612160303e-07,25,20,20
26,1390,6.357179104428629e-11,0.9455437617257377,0.05445527769318859,9.605175013922663e-07,25,20,20
26,1391,6.356017177079004e-11,0.9449661465870534,0.055032892831982,9.60517403846345e-07,25,20,20
26,1392,6.356610992739779e-11,0.9052389449322107,0.09476009448678244,9.605174400000139e-07,25,20,20
26,1393,6.356052833766979e-11,0.9161866574967084,0.08381238192017162,9.605195589808374e-07,25,20,20
26,1394,6.442834037202325e-11,0.9419872280226105,0.05801181138981499,9.605231456477462e-07,25,20,20
26,1395,6.442834037202325e-11,0.9419872280226105,0.05801181138981499,9.605231456477462e-07,25,20,20
26,1396,6.464516390946671e-11,0.9436825064736474,0.05631653262212948,9.60839577588714e-07,25,20,20
26,1397,6.485947632847576e-11,0.9690514161977885,0.030947605648154453,9.780891971524097e-07,25,20,20
26,1398,6.485947632847576e-11,0.9690514161976435,0.030947605648298,9.780891988043414e-07,25,20,20
26,1399,6.172264354951992e-11,0.944751575823845,0.055248389568563885,3.45458679045925e-08,25,20,20
26,1400,6.172772039365033e-11,0.9195691431156149,0.08043082227472473,3.454793278237353e-08,25,20,20
26,1401,6.172767380608785e-11,0.9212872487716283,0.07871271692204326,3.4244600677410224e-08,25,20,20
26,1402,1.1116571243835499e-10,0.8908888283581942,0.10911113760263502,3.39280045928632e-08,25,20,20
26,1403,1.2421954272644487e-10,0.9144259784177078,0.08557396914180741,5.2316265392701294e-08,25,20,20
26,1404,1.2487922584241425e-10,0.9288421930676982,0.07115720299537988,6.038120419059557e-07,25,20,20
26,1405,1.2464571646374034e-10,0.9293748031005786,0.07062459327387317,6.035009019034727e-07,25,20,20
26,1406,1.248625211945557e-10,0.9293436885926725,0.07065570778146521,6.03500999267384e-07,25,20,20
26,1407,2.9123942728237038e-09,0.9058426585215811,0.0941562236825119,1.1148835121405215e-06,25,20,20
26,1408,2.911111979319095e-09,0.9449859443372016,0.05501345884383792,5.939078479238093e-07,25,20,20
26,1409,2.911745497980771e-09,0.9454736908086663,0.05452571206469889,5.942148884164304e-07,25,20,20
26,1410,4.999455246955892e-09,0.8501696283217959,0.14982977308881487,5.935899333338536e-07,25,20,20
26,1411,1.6288573779092117e-05,0.7741705588506517,0.22581259376228438,5.588132836530026e-07,25,20,20
26,1412,1.6288574646303626e-05,0.7741535463889783,0.22582960621753867,5.588188353536601e-07,25,20,20
26,1413,1.628857381597268e-05,0.7764688885749432,0.22351426433415397,5.585170855786712e-07,25,20,20
26,1414,1.6289215936291766e-05,0.8337684783756122,0.16621523171612732,6.923231419730093e-10,25,20,20
26,1415,0.03951883467624462,0.8332593675961562,0.12722179703534764,6.922511049423881e-10,25,20,20
26,1416,0.039518834676290894,0.8421745447440627,0.11830661988754752,6.920984672772524e-10,25,20,20
26,1417,1.6287169691622785e-05,0.8821419927656892,0.11784171936686824,6.977505111291077e-10,25,20,20
26,1418,1.6287129911992088e-05,0.8657732544680506,0.13421045770145337,7.005837984249022e-10,25,20,20
26,1419,1.628712990825212e-05,0.8657842590081752,0.13419945316133075,7.00585476287537e-10,25,20,20
26,1420,1.6334060565914564e-05,0.8258302566583094,0.17415340820963596,1.0714879519780934e-09,25,20,20
26,1421,1.6337299909173247e-05,0.7866364541372322,0.21334720749136588,1.0714921350412822e-09,25,20,20
26,1422,1.6768265101515463e-05,0.7366381856852132,0.2633450449761132,1.0735716266901423e-09,25,20,20
26,1423,2.9751820698431476e-05,0.6856712607798517,0.31429888407489676,1.0332455253758141e-07,25,20,20
26,1424,1.3044507876172659e-05,0.6716696177410644,0.32831720956199234,1.2818906580584555e-07,25,20,20
26,1425,0.0027899340559670266,0.7170044666358845,0.2802054715816995,1.2772644869844246e-07,25,20,20
26,1426,0.002776947729379376,0.7271661296088944,0.27005653334151203,3.8932021362983017e-07,25,20,20
26,1427,1.3522979962935252e-05,0.7671425331858043,0.2328435545144461,3.8931978617208106e-07,25,20,20
26,1428,1.3520713211662249e-05,0.8065461763952874,0.193439928087691,3.748038097210317e-07,25,20,20
26,1429,1.3520713211662249e-05,0.8065461763952874,0.193439928087691,3.748038097210317e-07,25,20,20
26,1430,1.3517474755105352e-05,0.845684630531665,0.15430147686769458,3.7512588487806267e-07,25,20,20
26,1431,5.721387368131283e-09,0.9114993952439404,0.08850058787759611,1.1157075882949901e-08,25,20,20
26,1432,2.8577842590628064e-09,0.9504344495473315,0.04956553643777421,1.1157109609109044e-08,25,20,20
26,1433,4.289628749273601e-09,0.930674195366897,0.06932578871699646,1.1626477406586637e-08,25,20,20
26,1434,4.289625035040063e-09,0.9307073817479204,0.06929260233606996,1.1626384151246047e-08,25,20,20
26,1435,2.239524068335427e-09,0.9706689481935098,0.0293310309558022,1.861116349223779e-08,25,20,20
26,1436,1.6293481757084038e-07,0.9323694100991221,0.0676304255186044,1.4474555108065269e-09,25,20,20
26,1437,2.2386763610569473e-09,0.9710626312627519,0.0289373653677021,1.1308694127129428e-09,25,20,20
26,1438,2.252681306756773e-09,0.9127003521565219,0.08729963495389904,1.0636897076965862e-08,25,20,20
26,1439,2.2512262734927185e-09,0.9291370952319029,0.07086289126034806,1.1256522471533446e-08,25,20,20
26,1440,1.5425457100471186e-09,0.9296079468741832,0.07039204032659463,1.125667609947436e-08,25,20,20
26,1441,1.573199719376504e-09,0.9418750317384703,0.05812496557063244,1.1176972734429466e-09,25,20,20
26,1442,1.573199719376504e-09,0.9418750317384703,0.05812496557063244,1.1176972734429466e-09,25,20,20
26,1443,1.0367874963467928e-10,0.9610543857553983,0.038945613196759724,9.441629985810456e-10,25,20,20
26,1444,1.0363776715039988e-10,0.9610212681264859,0.03897871333431516,1.843556084604876e-08,25,20,20
26,1445,4.775431947478351e-10,0.9405274909673031,0.059472490119496804,1.8435656706381677e-08,25,20,20
26,1446,7.319406803779285e-10,0.9436891684391384,0.0562886262458729,2.2204583047776755e-05,25,20,20
26,1447,4.344501318168883e-10,0.968690889137045,0.031309091998538534,1.842996612364176e-08,25,20,20
26,1448,5.041257733394785e-10,0.9288560536206216,0.07114392713744656,1.873780591263813e-08,25,20,20
26,1449,5.04121969905464e-10,0.9288635655184712,0.07113641523969826,1.873770843801488e-08,25,20,20
26,1450,5.088655716042895e-10,0.9028789164918305,0.09712068582989848,3.9716940485268336e-07,25,20,20
26,1451,5.039133540619553e-10,0.9281790523724385,0.07182092839558851,1.8728059291656184e-08,25,20,20
26,1452,4.342401915903306e-10,0.9656709636905488,0.034329017455134316,1.842007625317405e-08,25,20,20
26,1453,1.0924505973377038e-10,0.9840057754408374,0.015994205716638135,1.8733278925219338e-08,25,20,20
26,1454,1.2093431137158815e-10,0.9406461526255803,0.059353828330723044,1.8922761995051707e-08,25,20,20
26,1455,1.682691056253273e-10,0.9406245368839146,0.05937544402495796,1.8922857708220232e-08,25,20,20
26,1456,1.6586137059298622e-10,0.9710791429979565,0.028920837912993557,1.892318783725087e-08,25,20,20
26,1457,1.5826332564176669e-10,0.9852187566016873,0.014781224511475604,1.8728573000886203e-08,25,20,20
26,1458,1.5825212432008465e-10,0.9856091567982744,0.014390824314804335,1.872866874584396e-08,25,20,20
26,1459,1.5999114216391213e-10,0.9856009808856772,0.014399000220201972,1.873412928404899e-08,25,20,20
26,1460,1.671229805986644e-10,0.9706518534479014,0.029313233143570715,3.491324140435164e-05,25,20,20
26,1461,2.1501362562131315e-10,0.972391543700596,0.02757354283769462,3.4913246695111004e-05,25,20,20
26,1462,5.946097518883032e-10,0.9567161816596494,0.04324829662577581,3.55211199648148e-05,25,20,20
26,1463,2.1588209601658823e-09,0.9388560443672924,0.061108432178205746,3.552129568047656e-05,25,20,20
26,1464,3.159572403220783e-08,0.9070209181336253,0.09294415118080897,3.489908984125224e-05,25,20,20
26,1465,3.154679869729423e-08,0.905762864259281,0.094202205417098,3.489877682183641e-05,25,20,20
26,1466,3.14884630266822e-08,0.906267261344139,0.0936978083870138,3.489878038415219e-05,25,20,20
26,1467,3.144107464742204e-08,0.8669354503611036,0.13302959145543128,3.492674239025205e-05,25,20,20
26,1468,3.1441085735012715e-08,0.8703561428577473,0.12960889895858335,3.4926742583568005e-05,25,20,20
26,1469,1.0677451395486973e-10,0.8768260470164106,0.12313902926088799,3.492361592655721e-05,25,20,20
26,1470,1.0678958309996092e-10,0.9034411547083842,0.09652392165796422,3.492352686217645e-05,25,20,20
26,1471,3.935820288832849e-09,0.7884664633687027,0.21149862262138355,3.491007409112168e-05,25,20,20
26,1472,3.934979056763201e-09,0.7897048719328953,0.21026021436506742,3.490976705601205e-05,25,20,20
26,1473,3.934963759566545e-09,0.7897194086690648,0.21024567762891497,3.4909767054336166e-05,25,20,20
26,1474,3.935095111201744e-09,0.8132405619330718,0.1867245244714533,3.490966037801371e-05,25,20,20
26,1475,3.984174416928104e-09,0.8519410532907962,0.14802403274844034,3.490997658887956e-05,25,20,20
26,1476,1.718635738299429e-09,0.889680425312458,0.11028467749374114,3.4895475165160904e-05,25,20,20
26,1477,1.7154008791905358e-09,0.933995387874275,0.06596971461784128,3.489579248281997e-05,25,20,20
26,1478,5.710550907966043e-08,0.9190216723074517,0.08094336810232551,3.4902484713938114e-05,25,20,20
26,1479,5.9373227998631014e-08,0.8824978496631488,0.11746718878746153,3.490217616173329e-05,25,20,20
26,1480,1.4383502081711138e-09,0.8992319794804451,0.10073311518769396,3.490389351080776e-05,25,20,20
26,1481,1.4383502081711138e-09,0.8992319794804451,0.10073311518769396,3.490389351080776e-05,25,20,20
26,1482,5.608120329153746e-06,0.8820982168337644,0.11784064819036576,5.5526855540326724e-05,25,20,20
26,1483,5.609082894863581e-06,0.8967510046967055,0.10320849054262803,3.4895677771536605e-05,25,20,20
26,1484,1.1536701977429852e-09,0.8975857506635717,0.10237935235003941,3.489583271863787e-05,25,20,20
26,1485,1.513793594127045e-10,0.9387285671786302,0.06127140372462307,2.894536709134037e-08,25,20,20
26,1486,5.089496232052926e-10,0.8970087393272346,0.10299122870090134,3.146291451758709e-08,25,20,20
26,1487,5.100271271272815e-10,0.8961980022052959,0.10380196582157165,3.1463105458725634e-08,25,20,20
26,1488,5.091595601453771e-10,0.8961897432659828,0.10381022476175217,3.1463105438574065e-08,25,20,20
26,1489,5.091483568761277e-10,0.8965836417027098,0.10341632632503533,3.146310639925117e-08,25,20,20
26,1490,1.9655220975251535e-10,0.8827816115837175,0.117218348219093,4.00006371597507e-08,25,20,20
26,1491,1.9286337643235728e-10,0.9103811481367375,0.0896188116700227,4.0000376238851534e-08,25,20,20
26,1492,1.811559635978433e-10,0.9240454945034307,0.07595449357896517,1.173644790650355e-08,25,20,20
26,1493,1.811559635978433e-10,0.9240454945034307,0.07595449357896517,1.173644790650355e-08,25,20,20
26,1494,1.8114085885125974e-10,0.9240239035922955,0.07597608448465734,1.1741906051276246e-08,25,20,20
26,1495,1.4411259502453985e-10,0.8834772187424135,0.11652276968235659,1.1431117532104556e-08,25,20,20
26,1496,1.4497145502104778e-10,0.8830718885329775,0.11692809989093046,1.143112085768906e-08,25,20,20
26,1497,3.08889394538304e-07,0.8498423923872536,0.15015729837211278,3.512394939838166e-10,25,20,20
26,1498,1.1386268278241252e-10,0.8881237610773808,0.11187623845817289,3.505836759873014e-10,25,20,20
26,1499,1.1661061799866005e-10,0.9350776071791082,0.06492239204708106,6.571998800591436e-10,25,20,20
26,1500,6.63624221331973e-11,0.935548309913553,0.06445168936291398,6.571701748239607e-10,25,20,20
26,1501,6.63624221331973e-11,0.935548309913553,0.06445168936291398,6.571701748239607e-10,25,20,20
26,1502,6.760741217776652e-11,0.9603103526828569,0.03968964690303454,3.465013045066802e-10,25,20,20
26,1503,1.974009959832193e-11,0.9608744915622462,0.03912550807688984,3.411239887031294e-10,25,20,20
26,1504,1.8687076352430854e-11,0.9616119233721774,0.038388075964582075,6.445536178280235e-10,25,20,20
26,1505,2.3070740707118828e-11,0.9616023306250132,0.03839766230121228,7.050703895861073e-09,25,20,20
26,1506,2.124623675757422e-06,0.9587174947956301,0.04128037324161662,7.339077710929158e-09,25,20,20
26,1507,2.43460136826482e-06,0.8794042314693842,0.12059329778538787,3.6143859952480946e-08,25,20,20
26,1508,2.4346136659839794e-06,0.8294678845939721,0.170529280679754,4.001126073020556e-07,25,20,20
26,1509,2.4349131207726075e-06,0.8590586615343234,0.14093850970010946,3.9385244625831014e-07,25,20,20
26,1510,2.1758397602013683e-06,0.8874130405741876,0.11258441822916831,3.6535688402438413e-07,25,20,20
26,1511,2.1785581575332775e-06,0.8879601215021797,0.1120373171022173,3.8283744550424586e-07,25,20,20
26,1512,0.014334982929267876,0.8510504750412331,0.13461217661048047,2.3654190186665328e-06,25,20,20
26,1513,0.014334982988248045,0.8510645395483646,0.13459811174117775,2.365722209786661e-06,25,20,20
26,1514,0.014334982999968795,0.8510063789895882,0.13465627228286892,2.365727574106662e-06,25,20,20
26,1515,0.014334982683062564,0.8471798363008419,0.13848281543092278,2.365585172306052e-06,25,20,20
26,1516,0.014334982682213414,0.84657130912065,0.13909134261196365,2.365585172535408e-06,25,20,20
26,1517,0.014334931835790094,0.8843350674340276,0.10132799923742342,2.0014927588287925e-06,25,20,20
26,1518,0.014334931835790094,0.8843350674340276,0.10132799923742342,2.0014927588287925e-06,25,20,20
26,1519,2.1274763804184426e-06,0.9204127838426772,0.07958506975494589,1.8925996203281477e-08,25,20,20
26,1520,2.1275032888832826e-06,0.8808366719544339,0.1191611816162803,1.8925996323638268e-08,25,20,20
26,1521,2.127615105885489e-06,0.8720818692975705,0.12791428895649784,1.7141308254693972e-06,25,20,20
26,1522,2.1287018260958262e-06,0.834882384463366,0.16511377221001763,1.7146247890999078e-06,25,20,20
26,1523,2.12870183949492e-06,0.860096150661271,0.13990000570186076,1.7149350281112382e-06,25,20,20
26,1524,2.173650194818228e-06,0.859818287227845,0.14017782467511725,1.714446842325513e-06,25,20,20
26,1525,1.617771156899128e-07,0.9414031082799867,0.05859671067635534,1.9266541901023144e-08,25,20,20
26,1526,1.6176529592224267e-07,0.9010961516227057,0.09890366734555543,1.9266442899852026e-08,25,20,20
26,1527,1.6170062977171748e-07,0.8957276588474911,0.10427216069638569,1.8755493006112352e-08,25,20,20
26,1528,1.6238355707744614e-07,0.8956939160137399,0.1043058853558989,3.6246803576926773e-08,25,20,20
26,1529,1.6238356095921955e-07,0.8561074600108678,0.14389234136427542,3.624129536918522e-08,25,20,20
26,1530,1.623821717232619e-07,0.8943298471454348,0.10566993695205504,5.352033805067237e-08,25,20,20
26,1531,1.6391726124601507e-07,0.8793230281237503,0.12067675424411109,5.371487686023238e-08,25,20,20
26,1532,1.7750216817336493e-07,0.8895521398415503,0.1104296306166549,1.805203962629173e-05,25,20,20
26,1533,1.7753255944556836e-07,0.8765586745093696,0.12342309622216271,1.8051735907781758e-05,25,20,20
26,1534,1.9606345085538455e-07,0.8966086334391007,0.10337311876659333,1.805173085477741e-05,25,20,20
26,1535,1.933806990082232e-07,0.8973979040503878,0.10258386801635791,1.8034552554980534e-05,25,20,20
26,1536,1.9342961357497777e-07,0.8969620613930526,0.10301971031710262,1.8034860230902858e-05,25,20,20
26,1537,1.9347856812796754e-07,0.8965101286359176,0.10347164302518655,1.803486032733433e-05,25,20,20
26,1538,1.8115057614842675e-07,0.9242545679724321,0.07574521433612745,3.654086358259532e-08,25,20,20
26,1539,1.8194426790862706e-07,0.8997102889934481,0.10028949252472001,3.653756355011122e-08,25,20,20
26,1540,1.8143717200519972e-07,0.9176462991870216,0.08235348269582414,3.667998161127621e-08,25,20,20
26,1541,1.8080091829635258e-07,0.9326095224398646,0.06739027775990103,1.899931535457482e-08,25,20,20
26,1542,1.8077710968478498e-07,0.9299061938910692,0.07009360664468028,1.868714050026039e-08,25,20,20
26,1543,2.2524277724047166e-07,0.8894307425795656,0.11056899349809031,3.867956652859961e-08,25,20,20
26,1544,2.2492579412175432e-07,0.9114547941162406,0.0885449424208327,3.85371319323843e-08,25,20,20
26,1545,2.2493610260093898e-07,0.9127037475527295,0.08729598866690465,3.884426267605366e-08,25,20,20
26,1546,2.2492954919598854e-07,0.9297101767340676,0.07028955949202864,3.8844354174083125e-08,25,20,20
26,1547,5.385231211551902e-05,0.9307169676509034,0.06922313000518394,6.050031796885898e-06,25,20,20
26,1548,1.803675965171709e-07,0.972360565428184,0.027639235367695223,1.8836524021623767e-08,25,20,20
26,1549,3.335235063848486e-07,0.972228922041294,0.02777074287346848,1.5617306500071582e-09,25,20,20
26,1550,2.1502398345865407e-08,0.9591846442615005,0.04081533328934183,9.467588340501374e-10,25,20,20
26,1551,2.145366071809236e-08,0.9596047219779993,0.04039525561612271,9.522167837434151e-10,25,20,20
26,1552,2.145366071809236e-08,0.9596047219779993,0.04039525561612271,9.522167837434151e-10,25,20,20
26,1553,7.493832669936323e-11,0.9776475718398501,0.022352427436792808,6.48418452655251e-10,25,20,20
26,1554,7.494007197740793e-11,0.9392685777683001,0.06073142133600551,8.20753980340038e-10,25,20,20
26,1555,7.6091281268249e-11,0.9534356591804127,0.04656433961011119,1.1333842105024899e-09,25,20,20
26,1556,7.6091281268249e-11,0.9534356591804127,0.04656433961011119,1.1333842105024899e-09,25,20,20
26,1557,7.610033339925649e-11,0.9376244054938974,0.06237558297239303,1.1457608850412855e-08,25,20,20
26,1558,7.629288780075587e-11,0.9359373980930052,0.06406259037318845,1.14575130393075e-08,25,20,20
26,1559,7.681745635582356e-11,0.9604925760815165,0.03950742287724183,9.644239085849193e-10,25,20,20
26,1560,0.00017295665505041697,0.9594634404702379,0.0403632609311428,3.4194356867801846e-07,25,20,20
26,1561,6.43970691176826e-11,0.946504608452529,0.05349539051680411,9.662692467078943e-10,25,20,20
26,1562,6.44003136917202e-11,0.9448489087667009,0.05515109020809035,9.608080914661215e-10,25,20,20
26,1563,4.1767147197498493e-08,0.9161243650606672,0.08387559221002767,9.621578042246356e-10,25,20,20
26,1564,4.1766305691355094e-08,0.9173411158501044,0.08265884142672275,9.568669667161006e-10,25,20,20
26,1565,4.449787059997331e-08,0.9177882749422988,0.08221167960819056,9.516397713943443e-10,25,20,20
26,1566,4.4497989736588525e-08,0.8990266627014003,0.10097274512607983,5.476745294074567e-07,25,20,20
26,1567,4.458486617804951e-08,0.9006882499609713,0.09931115777016475,5.476839973857712e-07,25,20,20
26,1568,2.834570614569677e-09,0.9015733232891191,0.09842612143034594,5.524459642971306e-07,25,20,20
26,1569,1.0300445467438042e-10,0.9298538010673864,0.07014565146016867,5.473694403122173e-07,25,20,20
26,1570,1.0154145871083363e-10,0.9393766481050045,0.06062280412467924,5.476687747520026e-07,25,20,20
26,1571,1.0142586988485217e-10,0.958128982332155,0.041871016620627796,9.457910074035632e-10,25,20,20
26,1572,1.4878558963273595e-10,0.9851071302220497,0.014892851405799778,1.822336477817214e-08,25,20,20
26,1573,1.4856893037739922e-10,0.9851171239251049,0.0148828577085171,1.8217808745040366e-08,25,20,20
26,1574,1.4689274698889692e-10,0.9669683588602441,0.03303162290838394,1.808447891652511e-08,25,20,20
26,1575,1.4667036777773835e-10,0.9499700155522731,0.05002996621686846,1.8084187529569586e-08,25,20,20
26,1576,1.4668828743177477e-10,0.9669968945354844,0.0330030869303811,1.8387446005568194e-08,25,20,20
26,1577,8.406591340951659e-10,0.9833586700401459,0.0166413105937097,1.852548509673832e-08,25,20,20
26,1578,8.406487681999937e-10,0.9869462370155787,0.013053743304721479,1.8839050899985758e-08,25,20,20
26,1579,7.424134560875901e-10,0.9866265842458912,0.013373396495500676,1.851619437481705e-08,25,20,20
26,1580,1.6195482144083693e-09,0.958130488720953,0.041851475323524616,1.803433597408299e-05,25,20,20
26,1581,1.6195665511769278e-09,0.9551738222866516,0.04480814176336208,1.803433041952623e-05,25,20,20
26,1582,7.547043392612397e-10,0.9512169286538489,0.0487830345895758,3.600187065783242e-08,25,20,20
26,1583,7.540855690195832e-10,0.9518376380023905,0.048162325852114746,3.539140954023263e-08,25,20,20
26,1584,7.22168220802397e-11,0.980578554086765,0.019421410755968097,3.5085050162583774e-08,25,20,20
26,1585,7.19881604461315e-11,0.9812121400229262,0.01878782482013164,3.5084954154455344e-08,25,20,20
26,1586,3.5833884908686166e-09,0.92680981436573,0.07319014696563228,3.5085249535988985e-08,25,20,20
26,1587,7.242264311910044e-11,0.965896751511976,0.03410321333049755,3.508510421979241e-08,25,20,20
26,1588,7.319085801292837e-11,0.9453978809148417,0.054602083921405545,3.5090561793442075e-08,25,20,20
26,1589,7.31908534869321e-11,0.945398414357259,0.05460155047898665,3.509056344538112e-08,25,20,20
26,1590,7.297395082640512e-11,0.9166709454662455,0.08332901937038283,3.509039759340461e-08,25,20,20
26,1591,7.290899394460756e-11,0.9029793033386352,0.09702066149799965,3.5090455885189315e-08,25,20,20
26,1592,7.311667738378129e-11,0.9300202751850642,0.0699796893480585,3.539376068954111e-08,25,20,20
26,1593,7.311661517219363e-11,0.9300307312535102,0.06996923327405818,3.539931511932961e-08,25,20,20
26,1594,7.315044416514099e-11,0.8925598200577609,0.1074401444697714,3.539931703878663e-08,25,20,20
26,1595,7.33143274980296e-11,0.8898932666015428,0.11010669793128755,3.539385515659521e-08,25,20,20
26,1596,7.416560234476943e-11,0.8900600397813209,0.10993992475056501,3.539394828745441e-08,25,20,20
26,1597,7.402954185028803e-11,0.9225062416706252,0.07749370557700262,5.267834237141327e-08,25,20,20
26,1598,7.403308810814658e-11,0.9225275354503084,0.07747241179731407,5.267834405285196e-08,25,20,20
26,1599,7.516936668238245e-11,0.8578118556895441,0.14218809185164186,5.2383643908117856e-08,25,20,20
26,1600,1.2372864369266057e-09,0.8165382888006202,0.1834616575762244,5.2385868078192206e-08,25,20,20
26,1601,1.0737363247880494e-09,0.8579626080922738,0.14203733813104732,5.2702941657694193e-08,25,20,20
26,1602,1.074025506555506e-09,0.8717241151312625,0.128275831091733,5.270297836255977e-08,25,20,20
26,1603,1.748397654661919e-09,0.8887685914246143,0.11123135411869269,5.2708294690822396e-08,25,20,20
26,1604,1.7091757733686182e-09,0.874962195207576,0.12503775629890895,4.678433868554467e-08,25,20,20
26,1605,2.1211756761752373e-09,0.8768829063757003,0.12311704470920531,4.679391826409495e-08,25,20,20
26,1606,2.98841986385701e-09,0.8256757023863166,0.17432422666596586,6.79592961834918e-08,25,20,20
26,1607,2.98841986385701e-09,0.8256757023863166,0.17432422666596586,6.79592961834918e-08,25,20,20
26,1608,5.569020485676963e-09,0.8123482372720001,0.1876517098784016,4.728057628311307e-08,25,20,20
26,1609,2.542425298908192e-06,0.8725708986626486,0.12742651194789328,4.6964158119245014e-08,25,20,20
26,1610,2.541994704132019e-06,0.8863227493806392,0.11367465544558404,5.3179071405345925e-08,25,20,20
26,1611,2.5420283327651895e-06,0.9441113373456497,0.055886084900319453,3.572569708077511e-08,25,20,20
26,1612,2.5420283327651895e-06,0.9441113373456497,0.055886084900319453,3.572569708077511e-08,25,20,20
26,1613,2.5420165560953195e-06,0.9432129818537711,0.05678445768563451,1.84440375394657e-08,25,20,20
26,1614,2.542016537880127e-06,0.9449190707360207,0.055078369106563496,1.814087731968902e-08,25,20,20
26,1615,2.692400853543852e-06,0.9451160096050044,0.054881263270168776,3.472397281461237e-08,25,20,20
26,1616,2.7079972338420886e-06,0.9066607480097884,0.09333652675830587,1.7234671462053428e-08,25,20,20
26,1617,2.7079966176167705e-06,0.9072844602350749,0.0927127972601059,3.4508201091798594e-08,25,20,20
26,1618,1.6938453770153907e-07,0.906040374559848,0.09395940427404344,5.178156946043998e-08,25,20,20
26,1619,1.6938480523878614e-07,0.8660489220766762,0.13395085639743165,5.2141085704862756e-08,25,20,20
26,1620,1.6938480523878614e-07,0.8660489220766762,0.13395085639743165,5.2141085704862756e-08,25,20,20
26,1621,4.2996253672916784e-07,0.804981914290805,0.19501760136152554,5.43851309630678e-08,25,20,20
26,1622,4.1436594604272194e-07,0.8447007697297508,0.15529876152126448,5.4383037254587055e-08,25,20,20
26,1623,4.122854284488537e-07,0.8397943335592066,0.16020520166733082,5.2488032034350664e-08,25,20,20
26,1624,4.122646201649742e-07,0.8774958163264759,0.12250371928772008,5.212118229613918e-08,25,20,20
26,1625,1.5377297222351488e-07,0.9557141047858386,0.04428568966825441,5.1772934287157896e-08,25,20,20
26,1626,2.626168890070253e-08,0.9183025004804252,0.08169743836918741,3.4888697736306625e-08,25,20,20
26,1627,1.046061267576709e-07,0.8407270062830239,0.15921574674373148,5.714236711694134e-05,25,20,20
26,1628,2.6875564655930116e-07,0.8007899816511695,0.1991515607332735,5.81888599089804e-05,25,20,20
26,1629,2.4630123482078573e-07,0.8253600095761492,0.1745815441905047,5.819993210998426e-05,25,20,20
26,1630,6.278165325897332e-06,0.8008474365753954,0.19908697915908466,5.9306100192557367e-05,25,20,20
26,1631,2.4585344281810544e-07,0.8808293305911106,0.11911223506053938,5.8188494906283644e-05,25,20,20
26,1632,2.4585344281810544e-07,0.8808293305911106,0.11911223506053938,5.8188494906283644e-05,25,20,20
26,1633,2.4585368942607375e-07,0.8837516654195053,0.1161899002299291,5.818849687527457e-05,25,20,20
26,1634,8.17536234475365e-08,0.8839907693317768,0.1159520069049235,5.7142009675249306e-05,25,20,20
26,1635,8.175331649691447e-08,0.9482910927962673,0.05165168344274504,5.7142007670062864e-05,25,20,20
26,1636,8.175332366303234e-08,0.9476804562173239,0.05226232002168298,5.714200766860232e-05,25,20,20
26,1637,8.175310151912439e-08,0.949401466574851,0.05054132694322673,5.712472881980091e-05,25,20,20
26,1638,7.905422997664607e-08,0.9511437674907611,0.04879904600487629,5.710745013168184e-05,25,20,20
26,1639,7.633737892422915e-10,0.973861996733929,0.026138002279695014,2.230015216265723e-10,25,20,20
26,1640,3.920495274582609e-08,0.973815834750192,0.026184108548313455,1.749654151459764e-08,25,20,20
26,1641,3.9204952744698e-08,0.9738162148771609,0.026183728421248834,1.74966372815493e-08,25,20,20
26,1642,5.048260750795453e-08,0.9450585707492851,0.05494135620395297,2.2564153913098386e-08,25,20,20
26,1643,3.916662395376402e-08,0.9592848742119208,0.040715069231089106,1.7390365965217214e-08,25,20,20
26,1644,3.92773339117655e-08,0.9472537420696838,0.05274618355844811,3.509453355673677e-08,25,20,20
26,1645,3.8602661143164674e-08,0.947300631365911,0.05269929494220737,3.508922003489943e-08,25,20,20
26,1646,3.8588976959327514e-08,0.9614319609829524,0.03856796522652303,3.520154755643219e-08,25,20,20
26,1647,3.9228493231413736e-08,0.9240550907482027,0.07594447065205538,3.99371248061047e-07,25,20,20
26,1648,3.9228493231413736e-08,0.9240550907482027,0.07594447065205538,3.99371248061047e-07,25,20,20
26,1649,3.919198062209088e-08,0.8858828978454983,0.11411666333617308,3.9962634793320105e-07,25,20,20
26,1650,6.051822278409891e-08,0.8542395838803134,0.14575938206287695,9.735385863522671e-07,25,20,20
26,1651,6.060654640733643e-08,0.8986925235178524,0.10130680655799978,6.093176010312098e-07,25,20,20
26,1652,2.6812560332185376e-06,0.8312037719207872,0.1687929168521382,6.299710397322785e-07,25,20,20
26,1653,2.6457008712724475e-06,0.7917095753374537,0.20828715148399546,6.274776781008602e-07,25,20,20
26,1654,2.6457000128143912e-06,0.793402319223323,0.20659440759694692,6.274797157636152e-07,25,20,20
26,1655,2.6453616995469417e-06,0.8117379993363234,0.18825872782492648,6.274770493208518e-07,25,20,20
26,1656,2.624104092250517e-06,0.8292949935319206,0.17070230058036107,8.178362474294149e-08,25,20,20
26,1657,2.621170793206669e-06,0.8705078686997989,0.12948944313143843,6.699796908742584e-08,25,20,20
26,1658,2.6211707933231344e-06,0.8688118222059313,0.1311854896252126,6.69980623911747e-08,25,20,20
26,1659,2.6211707780951515e-06,0.8688017846084735,0.1311955272227814,6.699796659954151e-08,25,20,20
26,1660,2.6208329792522895e-06,0.843967400375714,0.15602991198092833,6.681037800355957e-08,25,20,20
26,1661,2.6217017286283186e-06,0.6986114603868632,0.30136875770577637,1.7160205630957084e-05,25,20,20
26,1662,3.0311809056419684e-06,0.6603302146971849,0.3396482829210602,1.8471200849116198e-05,25,20,20
26,1663,5.97391913879295e-06,0.6918007253894867,0.3081907406524159,2.5600389579780023e-06,25,20,20
26,1664,5.974021197509254e-06,0.6921397028034122,0.3078529216536402,1.401521749762178e-06,25,20,20
26,1665,3.3532969072875406e-06,0.7284982217037325,0.2714179007630671,8.052423629192569e-05,25,20,20
26,1666,2.943020396193713e-06,0.8083905350299166,0.19152730839859772,7.921355108873774e-05,25,20,20
26,1667,2.9430204069886862e-06,0.8070669497928745,0.1928508933324848,7.921385423329302e-05,25,20,20
26,1668,2.944098486102207e-06,0.808784750257018,0.19121223566972315,6.997477234579126e-08,25,20,20
26,1669,2.946830155016647e-06,0.8857247463192798,0.1142722642790222,4.2571542729387534e-08,25,20,20
26,1670,2.9468301550614934e-06,0.885679487857344,0.11431752242999049,4.288251011850325e-08,25,20,20
26,1671,2.946830155126017e-06,0.8856490996670559,0.1143479106201811,4.2882607536041146e-08,25,20,20
26,1672,2.927086640078486e-09,0.9663645118021723,0.03363546558660991,1.9684131080418458e-08,25,20,20
26,1673,2.9271583885134155e-09,0.9363952246743343,0.06360473522307383,3.717543283724596e-08,25,20,20
26,1674,2.976779700179201e-09,0.967451420065461,0.032548540074529654,3.6883229284127485e-08,25,20,20
26,1675,2.9288709403191007e-09,0.9687009236066271,0.03129905407285893,1.939164282081029e-08,25,20,20
26,1676,2.9286574855106967e-09,0.9681094187747218,0.031890558910441215,1.9386179267213527e-08,25,20,20
26,1677,1.126020614443218e-10,0.9682084489405203,0.03179153187685534,1.9070022205000646e-08,25,20,20
26,1678,1.1258075959880458e-10,0.9700542508090088,0.029945747499880944,1.5785295277980536e-09,25,20,20
26,1679,6.312345161718245e-11,0.9700560126732369,0.02994398536877836,1.8948613418901007e-09,25,20,20
26,1680,5.1029541377977464e-11,0.9412909662557698,0.058709031796643794,1.8965566952383804e-09,25,20,20
26,1681,8.038022608987006e-10,0.9679085820511952,0.032091415561283046,1.5837192913061533e-09,25,20,20
26,1682,8.153010231143432e-10,0.9491629363473234,0.050837061253750655,1.5836244257340712e-09,25,20,20
26,1683,8.153022465209275e-10,0.92041132545482,0.0795886670697388,6.660138224988233e-09,25,20,20
26,1684,8.609750647652974e-10,0.9173421853526993,0.0826568569429699,9.568433549866452e-07,25,20,20
26,1685,8.007326031778027e-10,0.9148444750146619,0.08515456734185005,9.568427543815277e-07,25,20,20
26,1686,7.996217412061258e-10,0.915513950775323,0.08448509190429541,9.565207586758404e-07,25,20,20
26,1687,1.4937222424544795e-09,0.9136741807017849,0.08632486066491082,9.571395809074284e-07,25,20,20
26,1688,1.4928550100405768e-09,0.9120096610718967,0.0879893806120996,9.568231475404192e-07,25,20,20
26,1689,1.5054024596484098e-09,0.959354224657304,0.04064480473862174,9.690986715347365e-07,25,20,20
26,1690,8.260140228405453e-10,0.9587777993860747,0.04122122592606492,9.738618461711265e-07,25,20,20
26,1691,0.00013715016033377883,0.9187998493881168,0.08106202625136272,9.742001860186432e-07,25,20,20
26,1692,0.00013715016171304893,0.8794920556017947,0.12036982003624645,9.742002448627776e-07,25,20,20
26,1693,8.326535917950818e-10,0.8825182826457499,0.11748169283834928,2.3683246716264778e-08,25,20,20
26,1694,8.190568564638243e-10,0.8849650269728757,0.11503495359934825,1.8608718744830902e-08,25,20,20
26,1695,8.188580482649282e-10,0.8878684143474866,0.1121315668354022,1.7998252824935632e-08,25,20,20
26,1696,8.058361007962519e-10,0.9279332683940116,0.07206672953397408,1.2661780861187187e-09,25,20,20
26,1697,7.547992922571251e-10,0.9531739730443857,0.04682602461927112,1.5815439048204125e-09,25,20,20
26,1698,7.539587531479918e-10,0.9544442499702438,0.045555747694157586,1.581639799002206e-09,25,20,20
26,1699,4.9918036619178937e-11,0.9526803440081706,0.047319654671240476,1.2706710114654516e-09,25,20,20
26,1700,4.9918036619178937e-11,0.9526803440081706,0.047319654671240476,1.2706710114654516e-09,25,20,20
26,1701,2.8256674980588295e-09,0.9911365957402279,0.008863400475356515,9.587482665919021e-10,25,20,20
26,1702,2.825671774042632e-09,0.9911524435384337,0.008847552671685594,9.642092441002661e-10,25,20,20
26,1703,2.82565665496315e-09,0.9653826825373255,0.034617313670839825,9.66178256334656e-10,25,20,20
26,1704,2.8258656898841264e-09,0.9641577726120113,0.03584222359594777,9.661756739715255e-10,25,20,20
26,1705,2.826170380346133e-09,0.9670914886832099,0.03290850741394566,1.0766742556621438e-09,25,20,20
26,1706,2.826170441354386e-09,0.9670609413321134,0.032939054764944714,1.0767716731997989e-09,25,20,20
26,1707,2.826478235270283e-09,0.9412685011370862,0.05873149495779091,1.0786448816607408e-09,25,20,20
26,1708,2.826285569666702e-09,0.9466409872125072,0.05335900898661852,9.745888401169102e-10,25,20,20
26,1709,2.826285569666702e-09,0.9466409872125072,0.05335900898661852,9.745888401169102e-10,25,20,20
26,1710,3.968082902643152e-09,0.9030980172437728,0.09690195741511441,2.137302935132216e-08,25,20,20
26,1711,3.968393704997443e-09,0.8605999227364478,0.13940005223856464,2.1056593262242943e-08,25,20,20
26,1712,3.9683931230075e-09,0.858904016518246,0.14109595845667516,2.1056684914002704e-08,25,20,20
26,1713,3.9804431749360616e-09,0.8863695097494784,0.11363046490416111,2.1365916662648387e-08,25,20,20
26,1714,3.636302249317563e-09,0.9201533021886804,0.07984667312838796,2.1046629140166427e-08,25,20,20
26,1715,3.637374964443438e-09,0.9194885139258919,0.08051146138444679,2.1052286063722273e-08,25,20,20
26,1716,4.988985331583127e-09,0.8575091161163497,0.1424898351776934,1.0437169707265967e-06,25,20,20
26,1717,2.7908363102099316e-09,0.9357756523094389,0.06422434425153091,6.481935068740581e-10,25,20,20
26,1718,2.795284340175515e-09,0.8833331242858276,0.11666686578443716,7.1344500312139085e-09,25,20,20
26,1719,2.807259914918801e-09,0.9078842510480466,0.09211572151882898,2.4625863816193766e-08,25,20,20
26,1720,2.8034295632315707e-09,0.9331143584209133,0.06688562053614555,1.8239511322091236e-08,25,20,20
26,1721,4.929610470192892e-06,0.8514072753462305,0.14855622947449826,3.156556879999502e-05,25,20,20
26,1722,4.929610669714406e-06,0.8513831095669149,0.14858039526983804,3.156555257658079e-05,25,20,20
26,1723,4.929598688722547e-06,0.8526246528874251,0.14733886945262578,3.154806125966669e-05,25,20,20
26,1724,4.929598688722547e-06,0.8526246528874251,0.14733886945262578,3.154806125966669e-05,25,20,20
26,1725,4.9295976397118065e-06,0.8676755021045913,0.13228802023982064,3.154805794751545e-05,25,20,20
26,1726,4.9295976397118065e-06,0.8676755021045913,0.13228802023982064,3.154805794751545e-05,25,20,20
26,1727,6.184335607601707e-08,0.882156849314578,0.11784270933155108,3.7951051396579803e-07,25,20,20
26,1728,6.185347032459904e-08,0.9216002026180535,0.07839935682045203,3.787080239183497e-07,25,20,20
26,1729,6.184048130880917e-08,0.8941369497111189,0.10586260974798345,3.787004156084186e-07,25,20,20
26,1730,6.1871215892185e-08,0.8508039119928482,0.14919563665476818,3.894811670327259e-07,25,20,20
26,1731,3.256018986424129e-07,0.8383559046262594,0.1616433797764306,3.899954111209676e-07,25,20,20
26,1732,3.2566420599058944e-07,0.7968036525143567,0.19836282244731707,0.004833199374119743,25,20,20
26,1733,3.2566420596952415e-07,0.8226049027585218,0.1725615722050257,0.004833199372246521,25,20,20
26,1734,3.8585813852901825e-07,0.7609446768216954,0.23414463343748168,0.004910303882683433,25,20,20
26,1735,3.35411184263538e-07,0.8000305573650374,0.19513236179217786,0.004836745431599798,25,20,20
26,1736,3.3541116803333266e-07,0.828758798485682,0.16640412067154997,0.004836745431599378,25,20,20
26,1737,3.35411198553802e-07,0.8304478087899405,0.16471511036170475,0.004836745437155588,25,20,20
26,1738,3.35411198553802e-07,0.8304478087899405,0.16471511036170475,0.004836745437155588,25,20,20
26,1739,3.607156585926885e-06,0.8537831475599605,0.14621281895152313,4.2633192956371603e-07,25,20,20
26,1740,3.6071586931046487e-06,0.826351048270394,0.17364491793742462,4.26633487697385e-07,25,20,20
26,1741,3.56261833937647e-06,0.865726928365859,0.1342690827334361,4.2628236489465693e-07,25,20,20
26,1742,0.00013069735075274996,0.8264100294532656,0.17345882935188986,4.438440912442006e-07,25,20,20
26,1743,1.2091976798039852e-06,0.9305875304632134,0.06941124828595435,1.2053152010054004e-08,25,20,20
26,1744,1.209197695494106e-06,0.9041881406458504,0.09581063840507462,1.1751378986730369e-08,25,20,20
26,1745,1.2092010360885985e-06,0.8745062753160517,0.1254925037315353,1.1751376545618829e-08,25,20,20
26,1746,8.442215777649036e-08,0.8525647310322494,0.14574658216948574,0.0016886023761070327,25,20,20
26,1747,8.441295508063307e-08,0.8735464623547843,0.12476485085062841,0.00168860238163195,25,20,20
26,1748,8.441381023543294e-08,0.8729363698349715,0.12537494336949176,0.001688602381726304,25,20,20
26,1749,3.2916666026375006e-07,0.8346563636078151,0.16329782186589384,0.002045485359630571,25,20,20
26,1750,3.294135103115043e-07,0.8374484375559343,0.16050574127421907,0.0020454917563362623,25,20,20
26,1751,3.2915654146912477e-07,0.8620710583528153,0.13588313824317663,0.002045474247466433,25,20,20
26,1752,1.6512901789343233e-07,0.8324100202717125,0.16265526971978417,0.004934544879484729,25,20,20
26,1753,1.650676030328382e-07,0.8719876018800516,0.1230776881703039,0.004934544882040886,25,20,20
26,1754,1.6667789089453768e-07,0.8513570079790518,0.14370828010881798,0.00493454523423875,25,20,20
26,1755,8.59273103574854e-08,0.8743196302952511,0.12399169275800256,0.0016885910194354469,25,20,20
26,1756,8.315077516930807e-08,0.8748995271451646,0.12341179837357014,0.00168859133048964,25,20,20
26,1757,8.303398208186337e-08,0.9159016300657217,0.08240969562190224,0.0016885912783939467,25,20,20
26,1758,1.2147027963093655e-07,0.933559282598148,0.06475200465090816,0.0016885912806639477,25,20,20
26,1759,1.200723392471839e-07,0.9487313555079692,0.0495799328331815,0.0016885915865094375,25,20,20
26,1760,1.201217858884423e-07,0.9504109212916814,0.047900366994468035,0.0016885915920644727,25,20,20
26,1761,1.2080448328525407e-07,0.9491492992694488,0.04916197084771933,0.0016886090783484959,25,20,20
26,1762,1.2083127351622705e-07,0.8910348169059462,0.10727645301087482,0.0016886092519051896,25,20,20
26,1763,8.239367235997041e-08,0.8927930357317622,0.10551827262797266,0.001688609246592506,25,20,20
26,1764,8.244113321855647e-08,0.8669166014956743,0.13139434284237816,0.001688973220814059,25,20,20
26,1765,8.619587833836202e-10,0.8711810025261895,0.12881861355469085,3.8305716043412086e-07,25,20,20
26,1766,1.7925705888476195e-10,0.8712272378714963,0.12877239637827725,3.6557096923290746e-07,25,20,20
26,1767,1.90799325417368e-10,0.8953470172815102,0.10465298092543567,1.6022546968338419e-09,25,20,20
26,1768,1.68194507752063e-10,0.9437037249538568,0.05629626836749888,6.510449896014061e-09,25,20,20
26,1769,1.8035794058155826e-10,0.9430486198421855,0.05695137315518144,6.82227513130858e-09,25,20,20
26,1770,4.188996490557658e-08,0.9409947883206615,0.05900516795602117,1.833352731600379e-09,25,20,20
26,1771,4.188996091288516e-08,0.9397881274904739,0.06021182910274133,1.516824273342866e-09,25,20,20
26,1772,4.188996091288516e-08,0.9397881274904739,0.06021182910274133,1.516824273342866e-09,25,20,20
26,1773,4.187722257136014e-08,0.9121434233306871,0.08785653379607092,9.960194416176456e-10,25,20,20
26,1774,4.1876355142321746e-08,0.912156818351164,0.08784313877646138,9.960194737600524e-10,25,20,20
26,1775,4.185006355688052e-08,0.9284126182291097,0.07158732160164809,1.831917896380277e-08,25,20,20
26,1776,4.183876702878431e-08,0.9273122207175295,0.0726877191275586,1.8316145052670954e-08,25,20,20
26,1777,1.3792176769848542e-10,0.9411517984798501,0.05884818353334876,1.7848879544390687e-08,25,20,20
26,1778,1.3695522978999263e-10,0.9592786394736409,0.04072134254057647,1.7848827896231517e-08,25,20,20
26,1779,1.4362499577704733e-10,0.9663068135368007,0.03369315889544869,2.7424125929959215e-08,25,20,20
26,1780,1.364419827267178e-10,0.982978633184631,0.017021348845123338,1.7833804078080417e-08,25,20,20
26,1781,1.364419827267178e-10,0.982978633184631,0.017021348845123338,1.7833804078080417e-08,25,20,20
26,1782,1.861353736589396e-10,0.9829729125628272,0.017027069406218582,1.7844819417617637e-08,25,20,20
26,1783,1.784472481044787e-10,0.9426642589853903,0.05733537557437995,3.652617825048748e-07,25,20,20
26,1784,2.0472697844865886e-10,0.9426617821958514,0.057337852169473055,3.654299484927097e-07,25,20,20
26,1785,2.0472697844865886e-10,0.9426617821958514,0.057337852169473055,3.654299484927097e-07,25,20,20
26,1786,2.0472697844865886e-10,0.9426617821958514,0.057337852169473055,3.654299484927097e-07,25,20,20
26,1787,2.363274287530307e-10,0.9273577179253547,0.07264191640804746,3.6543027071461325e-07,25,20,20
26,1788,1.9714210068376024e-10,0.9356400784326111,0.06435955578992307,3.655803239580978e-07,25,20,20
26,1789,2.0229491173641165e-08,0.8883719255594462,0.11162767992873056,3.7428233247706587e-07,25,20,20
26,1790,2.0229491173641165e-08,0.8883719255594462,0.11162767992873056,3.7428233247706587e-07,25,20,20
26,1791,1.0833168106967179e-09,0.9081311953862294,0.09186842032365337,3.8320680087840095e-07,25,20,20
26,1792,1.0833167450856637e-09,0.908153215936828,0.0918463997731506,3.8320670509070575e-07,25,20,20
26,1793,1.0833348491065785e-09,0.9068916355148064,0.0931079627037557,4.006981033292595e-07,25,20,20
26,1794,3.764662414717742e-09,0.9310905634313553,0.06890904928688216,3.835171001708457e-07,25,20,20
26,1795,0.033233634669401775,0.8923438420254374,0.07442099070137041,1.5326037903121386e-06,25,20,20
26,1796,5.0007558751043235e-08,0.8930194455960522,0.10698012052041085,3.838759786685356e-07,25,20,20
26,1797,3.751477909877007e-09,0.9076403488134928,0.09235926382173605,3.836132940160257e-07,25,20,20
26,1798,0.0009681753915116726,0.8559035466507374,0.1431282568587398,2.1099011513250727e-08,25,20,20
26,1799,6.311991796746393e-09,0.9624579508202931,0.03754202392963275,1.8938082463444945e-08,25,20,20
26,1800,6.3120106287228366e-09,0.962829293473244,0.037170681276608886,1.8938136807716624e-08,25,20,20
26,1801,6.3120106287228366e-09,0.962829293473244,0.037170681276608886,1.8938136807716624e-08,25,20,20
26,1802,6.31170312142812e-09,0.9874142485887951,0.012585726273694704,1.882580748057366e-08,25,20,20
26,1803,6.262064584772611e-09,0.9890858767759423,0.010914097819398432,1.9142594935723846e-08,25,20,20
26,1804,6.262064584772611e-09,0.9890858767759423,0.010914097819398432,1.9142594935723846e-08,25,20,20
26,1805,6.262064584772611e-09,0.9890858767759423,0.010914097819398432,1.9142594935723846e-08,25,20,20
26,1806,6.262900829124523e-09,0.9897601268887588,0.01023984770593561,1.9142404921066055e-08,25,20,20
26,1807,4.028675807237519e-08,0.9744044715612801,0.025595469047503337,1.9104458538652422e-08,25,20,20
26,1808,4.0274405493150245e-08,0.948635255260315,0.05136468536637314,1.9098906086538833e-08,25,20,20
26,1809,4.03013915682992e-08,0.8798068664005123,0.12019307425481379,1.904328203178974e-08,25,20,20
26,1810,4.0301534355435376e-08,0.906847954081596,0.09315198635931803,1.9257551241256293e-08,25,20,20
26,1811,4.0224895292649745e-08,0.9457694623426309,0.05423047867101829,1.8761455347527654e-08,25,20,20
26,1812,4.295829975979282e-08,0.9462395527126466,0.05376038556750345,1.8761549905973425e-08,25,20,20
26,1813,4.0143101439672337e-08,0.9073887144554524,0.09261122696160663,1.8439839552990198e-08,25,20,20
26,1814,3.459024765525689e-09,0.9309421066703802,0.0690578717147327,1.8155862246849634e-08,25,20,20
26,1815,3.4590214840478016e-09,0.9309571251675949,0.06904285322307688,1.815030660676463e-08,25,20,20
26,1816,6.1924128730981585e-09,0.9463767956293395,0.05362317972103173,1.8457215875491636e-08,25,20,20
26,1817,3.4590123472237e-09,0.9475830072218312,0.05241697086193755,1.8457218781421353e-08,25,20,20
26,1818,3.4603695844976625e-09,0.9327823293583336,0.06721764871885114,1.84624449665737e-08,25,20,20
26,1819,3.4341610066578737e-09,0.9491310061250311,0.050868971978075654,1.84627314334607e-08,25,20,20
26,1820,3.4341610066578737e-09,0.9491310061250311,0.050868971978075654,1.84627314334607e-08,25,20,20
26,1821,7.007628932869309e-10,0.9111588113907899,0.08884116975277591,1.8155671340450773e-08,25,20,20
26,1822,7.517301569170788e-10,0.8906828852621763,0.10931707816528238,3.582081121904918e-08,25,20,20
26,1823,7.505954555135066e-10,0.928880448317302,0.07111951511127301,3.582082909444612e-08,25,20,20
26,1824,7.507251288414775e-10,0.8888473175717893,0.11115263913414633,4.254333942130226e-08,25,20,20
26,1825,4.060733252587323e-09,0.8892676977997529,0.11073225558931306,4.2550200806717764e-08,25,20,20
26,1826,4.071359717431978e-09,0.8892628958684939,0.1107370575100432,4.25501033007327e-08,25,20,20
26,1827,4.07136944766464e-09,0.9138716530542239,0.08612830703829893,3.5836107986799546e-08,25,20,20
26,1828,4.071354452104475e-09,0.9126197211541617,0.08738023893837644,3.583610790404395e-08,25,20,20
26,1829,7.493442432596871e-10,0.9542567323124151,0.04574324890346882,1.803477168717161e-08,25,20,20
26,1830,7.493445816599091e-10,0.9542343314380952,0.04576564977769092,1.8034869156803097e-08,25,20,20
26,1831,1.1234857549810187e-09,0.9354168969365013,0.06458308390499613,1.803501655505519e-08,25,20,20
26,1832,3.482822748952592e-09,0.9696193129130222,0.030380665572412004,1.80317430211158e-08,25,20,20
26,1833,2.785869953783854e-09,0.9518125769850002,0.04818687331524542,5.469138839620584e-07,25,20,20
26,1834,9.354149321363036e-11,0.8605018514851638,0.13949759441152504,5.540097701135878e-07,25,20,20
26,1835,9.383077738007193e-11,0.8347200406479494,0.1652794052485125,5.540097072451247e-07,25,20,20
26,1836,0.03301800476488484,0.7953112017314828,0.17167023913070845,5.543729239362652e-07,25,20,20
26,1837,7.283479340247635e-11,0.8898726063913541,0.11012683976979021,5.537660212312522e-07,25,20,20
26,1838,8.379881161563478e-11,0.9139841193445356,0.0860153336247602,5.469469057432203e-07,25,20,20
26,1839,8.35456320650992e-11,0.9310057185809584,0.06899428111138724,2.2410846872750825e-10,25,20,20
26,1840,2.8722222535794195e-09,0.9563460241300332,0.04365397276261933,2.351248558802799e-10,25,20,20
26,1841,2.8722222535794195e-09,0.9563460241300332,0.04365397276261933,2.351248558802799e-10,25,20,20
26,1842,2.873465964765632e-09,0.8794464428943423,0.12055355399712432,2.350677066743346e-10,25,20,20
26,1843,5.116346044091124e-08,0.8387215961845517,0.16121296277921002,6.53898727776616e-05,25,20,20
26,1844,3.229159745002003e-09,0.8776730731389083,0.12232692311532826,5.166037999749112e-10,25,20,20
26,1845,3.229159745002003e-09,0.8776730731389083,0.12232692311532826,5.166037999749112e-10,25,20,20
26,1846,3.22946850146375e-09,0.851867820578255,0.1481321692788718,6.913404806989642e-09,25,20,20
26,1847,3.2295489601751913e-09,0.7956493919402661,0.20435030350683425,3.0132334973114145e-07,25,20,20
26,1848,2.0627971210957903e-05,0.8228895530332442,0.17708010697251542,9.712023028705636e-06,25,20,20
26,1849,0.0002549276968305663,0.808739698870359,0.18499459259630405,0.006010780836505407,25,20,20
26,1850,0.0002549276848805344,0.808740259995838,0.18499403179460816,0.006010780524672577,25,20,20
26,1851,3.889830938186212e-09,0.8085265911387488,0.19147311513553666,2.898358831771898e-07,25,20,20
26,1852,3.889830938186212e-09,0.8085265911387488,0.19147311513553666,2.898358831771898e-07,25,20,20
26,1853,5.010727406221992e-08,0.7685655691952281,0.23143409049181363,2.902056842103439e-07,25,20,20
26,1854,0.018951873042371385,0.7285397512175524,0.2525083748452853,8.947901508579512e-10,25,20,20
26,1855,0.018951873042287362,0.766549459125087,0.21449866693787098,8.947540025985125e-10,25,20,20
26,1856,0.018951873042287362,0.766549459125087,0.21449866693787098,8.947540025985125e-10,25,20,20
26,1857,5.030442363639818e-08,0.8048460820909635,0.19515386673830673,8.663059591415952e-10,25,20,20
26,1858,5.0353831430040213e-08,0.8048072404563825,0.19519270831802527,8.717605188576646e-10,25,20,20
26,1859,4.264663805098682e-09,0.8857427742786597,0.11425625389358304,9.675630931609478e-07,25,20,20
26,1860,4.215442490317679e-09,0.8833010403919189,0.11669798782961678,9.675630216016387e-07,25,20,20
26,1861,0.003861240719394936,0.8447094647266193,0.15142927649185242,1.806213304385353e-08,25,20,20
26,1862,0.003861240720289493,0.8059588167118388,0.1901799097629484,3.280492244645305e-08,25,20,20
26,1863,0.003861240708392758,0.8449845370830181,0.15115418655317872,3.565540998030762e-08,25,20,20
26,1864,4.85079273443128e-09,0.8857865530088176,0.11421340581837715,3.632201225985905e-08,25,20,20
26,1865,1.3784711965063728e-09,0.8872950004306104,0.11270499665227966,1.5386383697194468e-09,25,20,20
26,1866,7.63122103964857e-10,0.9144118743370528,0.08558812396290529,9.369191338323265e-10,25,20,20
26,1867,7.629269675358175e-10,0.914405288869547,0.08559470973764392,6.298815328497951e-10,25,20,20
26,1868,1.1525147340137783e-09,0.8561318677425418,0.1438675620653674,5.690395753566118e-07,25,20,20
26,1869,1.0088218704326444e-05,0.9030116559203017,0.09697657786440572,1.6779965881597381e-06,25,20,20
26,1870,1.0092192769551225e-05,0.8650242636288845,0.13496280987203918,2.8343063064623584e-06,25,20,20
26,1871,1.0092192769818521e-05,0.8650242536717484,0.13496281982917524,2.8343063064628518e-06,25,20,20
26,1872,1.0088218624536005e-05,0.9342339596113922,0.06575427418417157,1.6779858110017866e-06,25,20,20
26,1873,1.0088206484381748e-05,0.9325464622759226,0.06744177152655646,1.6779910356917945e-06,25,20,20
26,1874,4.3921093887062645e-10,0.9725603330992848,0.027439097728076515,5.68733426986491e-07,25,20,20
26,1875,4.393837451539324e-10,0.9571156163570095,0.042883814275648906,5.689279572802006e-07,25,20,20
26,1876,2.4802073404987807e-10,0.9495866201219587,0.05041337434742612,5.2825939178641784e-09,25,20,20
26,1877,2.4802073404987807e-10,0.9495866201219587,0.05041337434742612,5.2825939178641784e-09,25,20,20
26,1878,2.4803589119455897e-10,0.9508023885841724,0.049197605885290055,5.282501095619819e-09,25,20,20
26,1879,1.0410332821957567e-09,0.9202576280294135,0.07974236025441749,1.0675135167354182e-08,25,20,20
26,1880,1.0412954698654158e-09,0.8422915213121985,0.15770845714857762,2.049792812257099e-08,25,20,20
26,1881,2.582276154275125e-12,0.8961858276067796,0.10378364874447842,3.0523646159639194e-05,25,20,20
26,1882,1.91460899637829e-12,0.8337748117339663,0.16619466426596033,3.052399815848582e-05,25,20,20
26,1883,1.4524900644403145e-11,0.8710737589415974,0.12889570018923957,3.054085463774149e-05,25,20,20
26,1884,2.26111418757133e-11,0.8913898536507219,0.108579604981838,3.054134482879956e-05,25,20,20
26,1885,6.860853084123179e-10,0.889013247672209,0.1109562099877293,3.054165397615614e-05,25,20,20
26,1886,8.747577940177452e-05,0.8493614132481799,0.150520567331882,3.054364053592798e-05,25,20,20
26,1887,8.747577941679331e-05,0.848123079797229,0.15175890078272347,3.05436406304017e-05,25,20,20
26,1888,8.753265394302525e-05,0.8222706579093405,0.17761126579427916,3.054364243636692e-05,25,20,20
26,1889,8.753265346283979e-05,0.8110290081497908,0.18888342864769242,3.0549053770890315e-08,25,20,20
26,1890,8.747577714219001e-05,0.8768749250487963,0.12303756862716683,3.054689463833234e-08,25,20,20
26,1891,8.7475776291406e-05,0.8755833498570178,0.12432914413303292,3.023365776021937e-08,25,20,20
26,1892,0.010333345357671622,0.8136079345740522,0.17605870072233398,1.9345941827975997e-08,25,20,20
26,1893,8.747575666149735e-05,0.839846290530669,0.16006622069282167,1.3019847632574225e-08,25,20,20
26,1894,8.747575666149735e-05,0.839846290530669,0.16006622069282167,1.3019847632574225e-08,25,20,20
26,1895,8.747575666081212e-05,0.8680470113800581,0.13186550024900648,1.2614274175271746e-08,25,20,20
26,1896,8.74757574969901e-05,0.8926206629040394,0.10729184871879967,1.2619663586183803e-08,25,20,20
26,1897,6.589935454882148e-11,0.8537638952002107,0.14623490071472994,1.2040191601102365e-06,25,20,20
26,1898,1.1555311385992898e-10,0.9113906408941566,0.08860815513391287,1.203856377371667e-06,25,20,20
26,1899,3.745266791292134e-06,0.8720377965750218,0.12795725430174548,1.2038564410769617e-06,25,20,20
26,1900,3.745266649893766e-06,0.8322238886902231,0.1677711621902289,1.203852897729688e-06,25,20,20
26,1901,3.745217111788449e-06,0.8597614526370704,0.1402335929108967,1.2092349207715617e-06,25,20,20
26,1902,6.825299525284584e-11,0.8709623141808229,0.12903647143973232,1.2143111914397198e-06,25,20,20
26,1903,6.824935595078788e-11,0.8726689984186027,0.12732978720737356,1.2143057740577039e-06,25,20,20
26,1904,2.536240067220432e-06,0.8076924328821545,0.19223885895446183,6.617192331594464e-05,25,20,20
26,1905,0.03405018764273413,0.789410251017788,0.1765383470241974,1.2143152798939787e-06,25,20,20
26,1906,0.03405018769875157,0.799275688830733,0.16664181599384867,3.230747666602034e-05,25,20,20
26,1907,1.141095882314652e-09,0.8134732671539436,0.1864944181553213,3.231354963847027e-05,25,20,20
26,1908,1.140873596022514e-09,0.8375978546624373,0.16236983064911809,3.231354757038585e-05,25,20,20
26,1909,1.140873596022514e-09,0.8375978546624373,0.16236983064911809,3.231354757038585e-05,25,20,20
26,1910,1.1373371520007006e-09,0.8134375955254797,0.186530094867902,3.2308469280503064e-05,25,20,20
26,1911,1.1703642037376625e-09,0.852211555095525,0.1477573384591004,3.110527501010142e-05,25,20,20
26,1912,1.1712279398594976e-09,0.852165917950325,0.1478029755979795,3.1105280467616364e-05,25,20,20
26,1913,1.171212800126863e-09,0.8129996299417281,0.18696926392300953,3.110496404918006e-05,25,20,20
26,1914,1.170359699870404e-09,0.8124097768134846,0.18755911705766126,3.1104958494168765e-05,25,20,20
26,1915,9.741728535993241e-11,0.8066865912877588,0.19331338723253247,2.138229172698777e-08,25,20,20
26,1916,9.731332725146433e-11,0.8241953002837171,0.175804678242044,2.1376925391794722e-08,25,20,20
26,1917,9.731332725146433e-11,0.8241953002837171,0.175804678242044,2.1376925391794722e-08,25,20,20
26,1918,9.731294724244248e-11,0.863107245832832,0.1368927326927388,2.137711608950444e-08,25,20,20
26,1919,9.731288516503214e-11,0.8631383296438411,0.13686164888172966,2.1377116089550944e-08,25,20,20
26,1920,7.909641806745815e-10,0.864193288000224,0.1358066895200018,2.1688809876009258e-08,25,20,20
26,1921,7.909850889051512e-10,0.848152523401777,0.15184744271286982,3.309436772550929e-08,25,20,20
26,1922,7.909850287990971e-10,0.8464985901897641,0.15350137591932828,3.309992208182863e-08,25,20,20
26,1923,2.6720324123818957e-06,0.8304932018305088,0.16950409321762483,3.291945321001147e-08,25,20,20
26,1924,2.6720324123818957e-06,0.8304932018305088,0.16950409321762483,3.291945321001147e-08,25,20,20
26,1925,1.849193241588313e-09,0.9073297594799036,0.09267020545990617,3.321099678789509e-08,25,20,20
26,1926,1.0938519149562816e-10,0.924454290011697,0.07554567685704007,3.302187761449937e-08,25,20,20
26,1927,1.0937043616136235e-10,0.9256611621009572,0.07433880476233302,3.3027339250190994e-08,25,20,20
26,1928,1.0935620119910835e-10,0.9433311957184123,0.0566687810467188,2.3125512720487606e-08,25,20,20
26,1929,7.780551263349751e-10,0.8956913271131159,0.10430863164800938,4.046081910380848e-08,25,20,20
26,1930,3.4655373296288332e-09,0.8963106097806626,0.10368934658579049,4.016800913247345e-08,25,20,20
26,1931,0.00011526039646448893,0.870490852006689,0.1293938471442468,4.045259941378107e-08,25,20,20
26,1932,0.00011526047435646056,0.8532677430993987,0.14661693868549142,5.7740752833891503e-08,25,20,20
26,1933,0.00011526056550415037,0.8185879660859544,0.18129672669407498,4.665446568905864e-08,25,20,20
26,1934,0.00011526043734771699,0.8728433775665991,0.12704129757273436,6.442331845776318e-08,25,20,20
26,1935,0.00011526038940634516,0.8740672227100097,0.1258174527842452,6.411633847145656e-08,25,20,20
26,1936,0.00011526041945808305,0.9110516265022465,0.08883304926911618,6.380917925363172e-08,25,20,20
26,1937,0.00011526306119972877,0.8737461230501253,0.12613857766982853,3.621884622452482e-08,25,20,20
26,1938,0.0001283436553054332,0.8101777267957619,0.1896938928884901,3.666044166587889e-08,25,20,20
26,1939,1.3086724034970936e-05,0.9030781994197896,0.09690867765593601,3.620023881148475e-08,25,20,20
26,1940,1.3086724031388212e-05,0.9047961493832858,0.09519072799577558,3.589690667834958e-08,25,20,20
26,1941,1.3086723949504909e-05,0.92939907149801,0.07058780557412415,3.620391582449402e-08,25,20,20
26,1942,1.3086729522474822e-05,0.8766356134627441,0.12335125852744312,4.128028969345678e-08,25,20,20
26,1943,1.3086729739017404e-05,0.9034170429949124,0.09656981689896467,5.337638326650179e-08,25,20,20
26,1944,1.3181590243510519e-05,0.882061156584374,0.11792317907784038,2.4827475417730793e-06,25,20,20
26,1945,9.829749978042264e-08,0.8936567930800311,0.10634062623823072,2.4823842379455116e-06,25,20,20
26,1946,3.4479769266322174e-09,0.9336196095334803,0.06638033399724984,5.302129254997966e-08,25,20,20
26,1947,3.4490252056175065e-09,0.932381478248361,0.06761846536851285,5.2934100555585495e-08,25,20,20
26,1948,3.449025257795326e-09,0.9323488697800131,0.06765107384224893,5.292871221851912e-08,25,20,20
26,1949,3.4496645684430978e-09,0.9335865950491644,0.0664133485780082,5.292316243727976e-08,25,20,20
26,1950,3.4486631567231703e-09,0.9244057314541118,0.07559421218100851,5.2916216028105345e-08,25,20,20
26,1951,5.573142716682556e-09,0.9420200500616871,0.057979908178121604,3.618704789948994e-08,25,20,20
26,1952,2.8131924360579707e-09,0.9453607075048888,0.05463925441896587,3.526295239268407e-08,25,20,20
26,1953,2.814022542387506e-09,0.945383610821245,0.05461635110158916,3.526314266107745e-08,25,20,20
26,1954,2.8200657967078824e-09,0.9245182744786071,0.07548168743561418,3.526571239215816e-08,25,20,20
26,1955,2.8317768745569664e-09,0.9521336037856812,0.04786635780185597,3.558068543478332e-08,25,20,20
26,1956,2.7954659552135176e-09,0.9884311692218362,0.01156879239925449,3.5583443191655426e-08,25,20,20
26,1957,2.7605265667238155e-09,0.9911093873246566,0.008890574326104253,3.55887122864779e-08,25,20,20
26,1958,2.748830911773671e-09,0.9515100673932256,0.04848989426898237,3.5588960405889416e-08,25,20,20
26,1959,2.7555387179240247e-09,0.932723352802082,0.06727660885336542,3.558901307312548e-08,25,20,20
26,1960,2.7555301728447982e-09,0.9723112239487398,0.027688737706716662,3.558901311553442e-08,25,20,20
26,1961,2.8042212600334937e-09,0.9733874389699568,0.026612539803840374,1.8421981279241648e-08,25,20,20
26,1962,5.5359720545986545e-09,0.9434318989131443,0.05656807712358842,1.8427294941224908e-08,25,20,20
26,1963,5.5854140024729454e-09,0.9721465586092433,0.02785341737252064,1.8432821844018552e-08,25,20,20
26,1964,5.5730560984547424e-09,0.9721932630231684,0.027806712976504718,1.8427270526847313e-08,25,20,20
26,1965,5.567235010458568e-09,0.9892173903967607,0.010782585603367185,1.8432636942358406e-08,25,20,20
26,1966,5.567018724889143e-09,0.9904739985221742,0.009525977483558186,1.8427248675356792e-08,25,20,20
26,1967,5.5710591109762455e-09,0.9646736363628894,0.03532633293043334,2.5135617692507256e-08,25,20,20
26,1968,3.247776301461788e-06,0.9371478241492851,0.06284890282679065,2.5247622130337894e-08,25,20,20
26,1969,3.2477763167444692e-06,0.9371402228706335,0.06285650410542516,2.5247623734239735e-08,25,20,20
26,1970,3.2478041177776708e-06,0.8783783868232758,0.12161833960940621,2.5763199640041677e-08,25,20,20
26,1971,3.2478041177776708e-06,0.8783783868232758,0.12161833960940621,2.5763199640041677e-08,25,20,20
26,1972,2.3604938980002597e-08,0.8838639244689616,0.11613601818366831,3.374243057363934e-08,25,20,20
26,1973,2.3529340900068705e-08,0.9026594491051053,0.09734049363157889,3.373397433238824e-08,25,20,20
26,1974,2.35291275934916e-08,0.9014524129735281,0.09854752945633445,3.4041009068568336e-08,25,20,20
26,1975,2.352828418972352e-08,0.9018585633605706,0.09814137907013545,3.4041009086251274e-08,25,20,20
26,1976,2.352689295247598e-08,0.940538244877394,0.059461680892137644,5.0703574780566826e-08,25,20,20
26,1977,2.3527107503392594e-08,0.9400923871111989,0.05990753865811651,5.0703576441669044e-08,25,20,20
26,1978,1.0146100798603513e-08,0.9204896566511763,0.07951029006567563,4.313704632761871e-08,25,20,20
26,1979,1.0146100798603513e-08,0.9204896566511763,0.07951029006567563,4.313704632761871e-08,25,20,20
26,1980,1.0146100860743223e-08,0.9204587295400625,0.07954121717679126,4.313704467564053e-08,25,20,20
26,1981,5.531486301746946e-11,0.9337245507338433,0.06627540689976122,4.23110803242522e-08,25,20,20
26,1982,1.3750636716152483e-06,0.8783283424349662,0.12167022927328693,5.322807467740633e-08,25,20,20
26,1983,1.3749700250141801e-06,0.9135900634081833,0.0864084974924085,6.4129382415834e-08,25,20,20
26,1984,1.3749700249074186e-06,0.9131172948150669,0.08688126608552382,6.412938375231242e-08,25,20,20
26,1985,1.374970013945717e-06,0.9143141250067951,0.0856844358938993,6.41292909597281e-08,25,20,20
26,1986,1.3749700104239896e-06,0.9143139707781262,0.08568459012257029,6.412929254068043e-08,25,20,20
26,1987,1.3749700104239896e-06,0.9143139707781262,0.08568459012257029,6.412929254068043e-08,25,20,20
26,1988,1.3749696944645352e-06,0.9287661368156707,0.07123243027058995,5.794404457319997e-08,25,20,20
26,1989,1.3750257004751135e-06,0.9254053183915109,0.07459326004345222,4.653933611633835e-08,25,20,20
26,1990,1.375025700387088e-06,0.9541644573468753,0.04583412117715154,4.645027272102311e-08,25,20,20
26,1991,1.375025700387088e-06,0.9541644573468753,0.04583412117715154,4.645027272102311e-08,25,20,20
26,1992,1.3750259223333672e-06,0.9524449001627331,0.04755367836116746,4.645017688650411e-08,25,20,20
26,1993,1.3750687669134822e-06,0.9711778520052775,0.028820726159498836,4.67664564319534e-08,25,20,20
26,1994,1.3751161048347482e-06,0.9688790780759905,0.03111948275835381,6.404955044592837e-08,25,20,20
26,1995,1.3751158946744631e-06,0.9301271538390934,0.06987140730860178,6.373640949324629e-08,25,20,20
26,1996,1.3750670985105047e-06,0.9295431505062255,0.07045542818020138,4.624647386979884e-08,25,20,20
26,1997,1.375067098917336e-06,0.9299994923016619,0.06999906889849489,6.373274372489923e-08,25,20,20
26,1998,1.3750268640758097e-06,0.8921374142848971,0.10786116405627277,4.6631965671713686e-08,25,20,20
26,1999,1.375027074246337e-06,0.8927995887326345,0.10719900709981763,2.9140473219169563e-08,25,20,20
26,2000,1.375027074246337e-06,0.8927995887326345,0.10719900709981763,2.9140473219169563e-08,25,20,20
26,2001,1.375027074246337e-06,0.8927995887326345,0.10719900709981763,2.9140473219169563e-08,25,20,20
26,2002,1.3749778295395815e-06,0.8922249564061785,0.10777363948107103,2.9134920588680053e-08,25,20,20
26,2003,1.3750415953324966e-06,0.8539149694543708,0.14608362605258607,2.9451447679377758e-08,25,20,20
26,2004,1.3750415953324966e-06,0.8539149694543708,0.14608362605258607,2.9451447679377758e-08,25,20,20
26,2005,1.3750200142511105e-06,0.9322635467209338,0.06773504898973115,2.9269320286964206e-08,25,20,20
26,2006,1.590045182162069e-07,0.9478068991523156,0.052192923717424435,1.812574115275012e-08,25,20,20
26,2007,1.5900470108418847e-07,0.9882238260517038,0.011775996817945505,1.812564937847829e-08,25,20,20
26,2008,1.5900470055195738e-07,0.9882360900747642,0.011763714996610088,3.5923924847465795e-08,25,20,20
26,2009,1.5895905839725166e-07,0.9347499211382017,0.06524987757989428,4.232284491636807e-08,25,20,20
26,2010,1.5895905839725166e-07,0.9347499211382017,0.06524987757989428,4.232284491636807e-08,25,20,20
26,2011,1.5895882576761266e-07,0.9588343914578203,0.04116541366327376,3.59200800089593e-08,25,20,20
26,2012,1.589547317811818e-07,0.9855378748566888,0.01446193027528461,3.591329452387562e-08,25,20,20
26,2013,4.985705369315678e-06,0.971284484598788,0.028710511117811196,1.8578031193348253e-08,25,20,20
26,2014,4.985705369315678e-06,0.971284484598788,0.028710511117811196,1.8578031193348253e-08,25,20,20
26,2015,4.985656113266615e-06,0.9402722346147873,0.059722739039480714,4.068961828706368e-08,25,20,20
26,2016,4.985668481170101e-06,0.9402313542734144,0.05976361904673061,4.1011373204305146e-08,25,20,20
26,2017,4.985656158350805e-06,0.9230270592768384,0.07696791405549729,4.101150539348427e-08,25,20,20
26,2018,4.985655948682729e-06,0.9242651204446333,0.07572985288245232,4.101696525285212e-08,25,20,20
26,2019,4.985655948682729e-06,0.9242651204446333,0.07572985288245232,4.101696525285212e-08,25,20,20
26,2020,5.051579357373989e-06,0.8861005090089533,0.11389439838560737,4.102608102118698e-08,25,20,20
26,2021,5.108972378046078e-06,0.9131416901115749,0.08685316497653962,3.593950682329743e-08,25,20,20
26,2022,5.108972090629107e-06,0.8968635880797674,0.10313127444868027,2.849946102355337e-08,25,20,20
26,2023,5.108972095390955e-06,0.868072167358372,0.13192269517014105,2.8499390858098484e-08,25,20,20
26,2024,1.833155320038068e-05,0.8652293393980905,0.13475132727810032,1.0017706079666023e-06,25,20,20
26,2025,1.8331565046472625e-05,0.8622930814166557,0.13768758494055708,1.0020777400740104e-06,25,20,20
26,2026,5.00891749919427e-05,0.7867764388494568,0.21296908399924838,0.00020438797630189563,25,20,20
26,2027,1.2471533065708152e-07,0.889379492312502,0.11062034522622813,3.7745938482711225e-08,25,20,20
26,2028,1.3990779337247765e-09,0.9293378148799104,0.07066214597385759,3.774715348960771e-08,25,20,20
26,2029,2.093609556350284e-09,0.9362085107634848,0.06379027119341067,1.2159494944493963e-06,25,20,20
26,2030,1.9425874233138157e-08,0.9124672222541385,0.0875315348987671,1.223421219430422e-06,25,20,20
26,2031,1.9426081040786516e-08,0.9323532531903329,0.06764605099229579,6.763912895801318e-07,25,20,20
26,2032,1.9426081042751242e-08,0.9323747312512889,0.06762457293133978,6.763912896325139e-07,25,20,20
26,2033,1.942609875859609e-08,0.9465638135700238,0.053435490607199966,6.763966768776936e-07,25,20,20
26,2034,1.4315019616770867e-09,0.9444902650131471,0.055509064931693795,6.686236565951789e-07,25,20,20
26,2035,1.383123035296862e-09,0.9454061216924355,0.054593208928967914,6.679954727264932e-07,25,20,20
26,2036,7.095262331656978e-10,0.9729291299076269,0.027070201373901336,6.680089449685198e-07,25,20,20
26,2037,7.095381581470605e-10,0.9746642135015656,0.02533513506169681,6.507271987810071e-07,25,20,20
26,2038,7.095381581470605e-10,0.9746642135015656,0.02533513506169681,6.507271987810071e-07,25,20,20
26,2039,7.095381581470605e-10,0.9746642135015656,0.02533513506169681,6.507271987810071e-07,25,20,20
26,2040,7.095384760398989e-10,0.973425828600094,0.02657351965613184,6.510342351525641e-07,25,20,20
26,2041,7.212208423802186e-10,0.9357163943470931,0.06428294429404152,6.606376438219455e-07,25,20,20
26,2042,7.08866199580138e-10,0.9340514900063372,0.0659478489636756,6.603211202194689e-07,25,20,20
26,2043,7.08866199580138e-10,0.9340514900063372,0.0659478489636756,6.603211202194689e-07,25,20,20
26,2044,1.3067015847295738e-08,0.8776145769885874,0.12238473886739384,6.71077002163856e-07,25,20,20
26,2045,1.3067027319105481e-08,0.8777220306365444,0.12227728552655628,6.707698713112328e-07,25,20,20
26,2046,1.3067027319105481e-08,0.8777220306365444,0.12227728552655628,6.707698713112328e-07,25,20,20
26,2047,1.3067027319105481e-08,0.8777220306365444,0.12227728552655628,6.707698713112328e-07,25,20,20
26,2048,1.237318039412338e-08,0.8926759469835811,0.10732337273593616,6.679073016477023e-07,25,20,20
26,2049,1.2373180142571685e-08,0.8943778547982979,0.10562146492121957,6.679073017500461e-07,25,20,20
26,2050,1.474782007892475e-11,0.9313144096062038,0.06868493996358462,6.504154628778461e-07,25,20,20
26,2051,2.0841407462739566e-11,0.9088464686981572,0.09113225607762762,2.1275203373051857e-05,25,20,20
26,2052,3.302161974359409e-11,0.9079822892297698,0.09199641863950397,2.129209770391134e-05,25,20,20
26,2053,2.823283057199219e-10,0.9213405655630597,0.07863777808822091,2.1656066390249273e-05,25,20,20
26,2054,2.836059538951785e-10,0.8956161834803487,0.10436279213868228,2.1024097362306467e-05,25,20,20
26,2055,1.7119392010799508e-11,0.9473799068234409,0.052620057818096776,3.5341342231490956e-08,25,20,20
26,2056,1.6926904442670125e-11,0.9490671186113709,0.0509328460248965,3.534680498189762e-08,25,20,20
26,2057,1.6314849406897463e-11,0.9215550196265693,0.07844494522831233,3.5128803094197015e-08,25,20,20
26,2058,1.5751558374394183e-11,0.9596993820341919,0.040300582518203315,3.543185324430277e-08,25,20,20
26,2059,1.5751825541159594e-11,0.95971054584825,0.040289418704145014,3.543185327204714e-08,25,20,20
26,2060,2.8053409894886227e-09,0.9180477438370817,0.0819522179057952,3.5451781703576475e-08,25,20,20
26,2061,2.8053410549008136e-09,0.9180257016887517,0.08197426005412645,3.545178005290447e-08,25,20,20
26,2062,2.8053379800600416e-09,0.9197132041828021,0.08028675756017221,3.545168725292151e-08,25,20,20
26,2063,4.422534915332091e-09,0.9429872981175557,0.05701228064841927,4.1681149010858236e-07,25,20,20
26,2064,2.8829628640164417e-09,0.9707838699066338,0.02921607386507247,5.334533062707827e-08,25,20,20
26,2065,2.8829701567044396e-09,0.9713722177287889,0.028627726043002746,5.3345237981232346e-08,25,20,20
26,2066,2.85258007060789e-09,0.9850922559643219,0.014907688032385498,5.3150712440434353e-08,25,20,20
26,2067,1.5602413395985898e-07,0.9857947944279271,0.01420499609422391,5.3453715116476747e-08,25,20,20
26,2068,1.5602414894235362e-07,0.9870180666241569,0.012981723897881579,5.345381266655691e-08,25,20,20
26,2069,2.0108993833667206e-07,0.9588442795076823,0.04115546119786614,5.820451317248794e-08,25,20,20
26,2070,2.0108929628932363e-07,0.9594435562523145,0.040556184453893154,5.820449592041083e-08,25,20,20
26,2071,1.587561038319869e-07,0.9594535849222445,0.0405462028671816,5.3454470027586177e-08,25,20,20
26,2072,1.5905120752274185e-07,0.9214792983017034,0.07851904752629672,1.4951207923520994e-06,25,20,20
26,2073,1.5905117910144167e-07,0.9117315892420451,0.0882677312106682,5.204961071986132e-07,25,20,20
26,2074,1.5906342374488488e-07,0.9137694415891326,0.08622986131238544,5.380350581440368e-07,25,20,20
26,2075,1.5594856826702217e-07,0.8940499803512536,0.10594982078942625,4.291075185931098e-08,25,20,20
26,2076,1.5594415900328048e-07,0.9605048405855624,0.03949496745269382,3.601758511791953e-08,25,20,20
26,2077,1.5594415900328048e-07,0.9605048405855624,0.03949496745269382,3.601758511791953e-08,25,20,20
26,2078,1.5594360686315456e-07,0.9914124915875472,0.008587316140347204,3.6328499021295325e-08,25,20,20
26,2079,1.5594360333173564e-07,0.9643821589066153,0.035617648813928426,3.633585297735492e-08,25,20,20
26,2080,1.559313916627312e-07,0.9930640511530001,0.006935756581556951,3.63340512567178e-08,25,20,20
26,2081,1.5593138752569045e-07,0.9930747213673942,0.0069250863727274735,3.632849059791515e-08,25,20,20
26,2082,1.5663250052542413e-07,0.9661555246893014,0.033843918073386436,4.006048113676458e-07,25,20,20
26,2083,1.5836421318349537e-07,0.9518855561393729,0.04811388551003444,3.999863794122915e-07,25,20,20
26,2084,1.5836419802479803e-07,0.9502003550264047,0.04979908662301784,3.9998637931016374e-07,25,20,20
26,2085,1.583641982885821e-07,0.9502005415367217,0.04979890011269885,3.999863809915934e-07,25,20,20
26,2086,1.5836419835209453e-07,0.9489627454220414,0.051036696227284704,3.999864754648204e-07,25,20,20
26,2087,1.583641832769504e-07,0.9202048107362175,0.07979463050753682,4.003920622348132e-07,25,20,20
26,2088,1.583641832769504e-07,0.9202048107362175,0.07979463050753682,4.003920622348132e-07,25,20,20
26,2089,1.5663204455070736e-07,0.9356665771962156,0.06433286609616787,4.000755720399866e-07,25,20,20
26,2090,1.5593530905377855e-07,0.9348950068567322,0.06510443744537286,3.997625860230031e-07,25,20,20
26,2091,1.559326519893509e-07,0.9843270575489054,0.015672733529356126,5.2989086791380844e-08,25,20,20
26,2092,1.539421438180858e-07,0.9855332186310838,0.014466574427404583,5.299936812748889e-08,25,20,20
26,2093,1.5474046880314864e-07,0.9456121105564769,0.05438766125594376,7.344711065172877e-08,25,20,20
26,2094,1.547415273139709e-07,0.9062327889318692,0.09376698287958682,7.34470166220795e-08,25,20,20
26,2095,8.086841468572789e-10,0.9480553741906701,0.051944589209581,3.579106499476519e-08,25,20,20
26,2096,8.086841468572789e-10,0.9480553741906701,0.051944589209581,3.579106499476519e-08,25,20,20
26,2097,8.194420101177868e-10,0.9496435332943594,0.050356429779498196,3.61067003987931e-08,25,20,20
26,2098,3.594177132849255e-09,0.9521455957220516,0.047854381849904655,1.883386662600777e-08,25,20,20
26,2099,8.184243514531479e-10,0.988069993109598,0.011929987251309322,1.8820668702047966e-08,25,20,20
26,2100,8.184242847008729e-10,0.9880804662010243,0.01191951415997889,1.882057288659207e-08,25,20,20
26,2101,8.184242812623683e-10,0.9880588293581735,0.011941151002827919,1.8820574537588806e-08,25,20,20
26,2102,8.065852170066919e-10,0.9897243916626646,0.010275589013503656,1.8517246867814337e-08,25,20,20
26,2103,8.068253857494302e-10,0.9627045335248298,0.03729544714953144,1.8518813475603718e-08,25,20,20
26,2104,7.728278277865124e-10,0.9371767908825358,0.06282316120674598,4.7137890113664807e-08,25,20,20
26,2105,7.728573498011359e-10,0.9371764615222935,0.06282349056695695,4.71378918004129e-08,25,20,20
26,2106,7.734798321744954e-10,0.9502865975969619,0.049713365590849455,3.603870843349333e-08,25,20,20
26,2107,8.100637852183607e-10,0.990678366536103,0.009321614464969678,1.8188863653617723e-08,25,20,20
26,2108,8.100413041003913e-10,0.9894608294294842,0.01053915188266184,1.7877812616726e-08,25,20,20
26,2109,8.108674484071464e-10,0.9894365548822839,0.010563426429130485,1.7877718083221545e-08,25,20,20
26,2110,8.115160647530884e-10,0.9855949087691113,0.014405072541892496,1.787748009966312e-08,25,20,20
26,2111,1.4637149241189313e-09,0.9826340869154455,0.017365893738120503,1.788271891739127e-08,25,20,20
26,2112,1.4637067052600592e-09,0.98811808822907,0.011881892413456854,1.7893766667084837e-08,25,20,20
26,2113,1.4628838369874673e-09,0.9898038763408006,0.010196104307888027,1.7888427708058602e-08,25,20,20
26,2114,1.462707178460961e-09,0.9908897241039141,0.009110274076684917,3.5669393812018673e-10,25,20,20
26,2115,1.4132564383488439e-09,0.9897955894374061,0.010204408803672018,3.45665570284333e-10,25,20,20
26,2116,1.4132564383488439e-09,0.9897955894374061,0.010204408803672018,3.45665570284333e-10,25,20,20
26,2117,1.4132564383488439e-09,0.9897955894374061,0.010204408803672018,3.45665570284333e-10,25,20,20
26,2118,1.4606187431487263e-09,0.9893901287709876,0.010608866293163535,1.0034752302387173e-06,25,20,20
26,2119,1.4610816170507134e-09,0.9706629583888499,0.029336027080985184,1.0130690833169592e-06,25,20,20
26,2120,1.35105589969565e-09,0.9711582080916084,0.02884178064539615,9.911939401649886e-09,25,20,20
26,2121,3.896359992416958e-08,0.971004990780486,0.028994943154838,2.7101075721239495e-08,25,20,20
26,2122,7.215010214173168e-10,0.9679185632572611,0.03208140820271622,2.7818521665941355e-08,25,20,20
26,2123,7.213796029612115e-10,0.9680194546013228,0.03198051716035162,2.751694606795476e-08,25,20,20
26,2124,1.4072433751885062e-09,0.9675554203713547,0.03244453342273653,4.4798665060556634e-08,25,20,20
26,2125,1.4080812292462708e-09,0.9680345613524385,0.03196539213377456,4.510570556091936e-08,25,20,20
26,2126,7.215667899251725e-10,0.9873354487601721,0.012664532589460398,1.792880049975682e-08,25,20,20
26,2127,7.097238709783677e-10,0.9890222759064257,0.01097770544958879,1.7934261668984578e-08,25,20,20
26,2128,7.097238709783677e-10,0.9890222759064257,0.01097770544958879,1.7934261668984578e-08,25,20,20
26,2129,6.997004117652019e-06,0.9503850319529039,0.04960480934033972,3.16170263871884e-06,25,20,20
26,2130,6.997051256440638e-06,0.9503754112183858,0.04961443002772257,3.1617026353908e-06,25,20,20
26,2131,6.996357475358442e-06,0.95014456959798,0.04984525498252406,3.1790620207035524e-06,25,20,20
26,2132,6.9963463841865556e-06,0.9499077256192845,0.05008209897777505,3.1790565563710103e-06,25,20,20
26,2133,0.02302523478751879,0.9094584414293516,0.06750681091600645,9.512867122992131e-06,25,20,20
26,2134,3.109975244692055e-12,0.9872616300223904,0.01273835227008054,1.7704418951614638e-08,25,20,20
26,2135,3.71735370387919e-12,0.9884906132187655,0.011509351799709175,3.49778080231565e-08,25,20,20
26,2136,3.923053230492639e-12,0.9884642806886117,0.011535684324102978,3.4983362395251725e-08,25,20,20
26,2137,6.215899544876892e-10,0.9224518407126838,0.07754814066491898,1.800080689566818e-08,25,20,20
26,2138,6.335839118403979e-10,0.9229001593978644,0.07709983963888106,3.296705443916576e-10,25,20,20
26,2139,1.5842233043908083e-07,0.9219020917483267,0.07809774941054833,4.1879438769141043e-10,25,20,20
26,2140,1.5780476159978232e-07,0.9606606532240743,0.03933918854698124,4.241827771314854e-10,25,20,20
26,2141,1.5786416017775102e-07,0.9597055027335688,0.040294339279534824,1.2273632251927407e-10,25,20,20
26,2142,1.9503946342817742e-07,0.945754459199786,0.05424534572193566,3.8814872104486386e-11,25,20,20
26,2143,1.9500295451490244e-07,0.985289574222815,0.014710230724323427,4.990714016633627e-11,25,20,20
26,2144,1.9500295471526809e-07,0.9852986369180983,0.014701168029040234,4.9907140179942126e-11,25,20,20
26,2145,1.9500295478306775e-07,0.9848633228929145,0.01513648204872558,5.5405381165982936e-11,25,20,20
26,2146,1.3541721942871248e-09,0.9892827312004455,0.010717267400685989,4.4696583093850785e-11,25,20,20
26,2147,1.3532928467247962e-09,0.985900303269234,0.014099695338566795,3.890643503036516e-11,25,20,20
26,2148,1.3989770041117537e-09,0.9815283337314219,0.018470697159779514,9.677098216623467e-07,25,20,20
26,2149,7.46764205047636e-10,0.9832942797358144,0.016704751807496344,9.677099247002115e-07,25,20,20
26,2150,7.475800677585511e-10,0.9828352329558504,0.017163798799289906,9.674972793859423e-07,25,20,20
26,2151,1.7075631599447318e-09,0.9312812395001133,0.06869816010375876,2.0598688564428756e-05,25,20,20
26,2152,7.651207598775547e-10,0.95928183445973,0.04071719087523329,9.7389991527179e-07,25,20,20
26,2153,7.651207598775547e-10,0.95928183445973,0.04071719087523329,9.7389991527179e-07,25,20,20
26,2154,8.299017373886195e-10,0.9198856371074274,0.08011338816254528,9.73900125114499e-07,25,20,20
26,2155,8.772433087744538e-10,0.9181424934101341,0.08185651453367246,9.911789497493983e-07,25,20,20
26,2156,8.885999968554814e-10,0.9180584702047474,0.08194055500117849,9.739054734136997e-07,25,20,20
26,2157,8.404190296840118e-10,0.9198318477168889,0.08016719450507034,9.569376211037055e-07,25,20,20
26,2158,3.5089803849965746e-09,0.9428304312726895,0.05716861468864919,9.505296801971473e-07,25,20,20
26,2159,2.834544591711665e-09,0.9428000395178451,0.057199007123290596,9.505243186887277e-07,25,20,20
26,2160,2.834371006805897e-09,0.9440261255385939,0.055972921102524775,9.505245092745698e-07,25,20,20
26,2161,2.834371006805897e-09,0.9440261255385939,0.055972921102524775,9.505245092745698e-07,25,20,20
26,2162,2.7886951006392557e-09,0.9471403117868301,0.05285968507976696,3.4470669308378504e-10,25,20,20
26,2163,2.7886914629384926e-09,0.948827476845462,0.051172520015584345,3.50261195377376e-10,25,20,20
26,2164,2.789536017232895e-09,0.9482058878907372,0.05179410897485142,3.4487448967955934e-10,25,20,20
26,2165,1.4433190662301178e-11,0.9603888603297986,0.03961113930426481,3.515024351698952e-10,25,20,20
26,2166,5.687787261313127e-08,0.8823613068856219,0.11763862950146015,6.7350446029645696e-09,25,20,20
26,2167,7.102035814738327e-06,0.8131945857127615,0.18679731389616974,9.983552533599204e-07,25,20,20
26,2168,4.906217862039879e-06,0.8124859100995613,0.1875091721269863,1.1555589606943737e-08,25,20,20
26,2169,4.849596542147309e-06,0.8089647090844594,0.19103041837027168,2.294872614084395e-08,25,20,20
26,2170,4.8495962432057055e-06,0.8479190654088942,0.15207606223025813,2.2764603790669295e-08,25,20,20
26,2171,4.849596242806134e-06,0.8233345438753473,0.17666058365147588,2.2876933190866982e-08,25,20,20
26,2172,5.285078607626226e-06,0.8116612648892213,0.18833342715124604,2.2880924532957197e-08,25,20,20
26,2173,5.30064639592722e-06,0.7723691628147544,0.22762550666591916,2.9872930039782236e-08,25,20,20
26,2174,5.300650652552469e-06,0.7881176663939122,0.21187700307479265,2.9880642136287436e-08,25,20,20
26,2175,5.300650652552469e-06,0.7881176663939122,0.21187700307479265,2.9880642136287436e-08,25,20,20
26,2176,5.30044711104444e-06,0.816048090334975,0.18394656184727734,4.737063604259643e-08,25,20,20
26,2177,5.303193656387812e-06,0.7899664430633819,0.21002822356422687,3.017873439553676e-08,25,20,20
26,2178,4.870926307889338e-06,0.7937577196729638,0.2062373788788644,3.0521862896984944e-08,25,20,20
26,2179,4.87092632398067e-06,0.7555275721420673,0.24446752642062258,3.051098517972639e-08,25,20,20
26,2180,2.1585314982350003e-08,0.784911771699641,0.2150881808347232,2.588031949612595e-08,25,20,20
26,2181,2.1585631353550977e-08,0.7695367757935031,0.23046317674610137,2.5874763256406213e-08,25,20,20
26,2182,2.1585615533729703e-08,0.7553610918997431,0.2446388394731012,4.7041539052171466e-08,25,20,20
26,2183,1.891506623988216e-08,0.7158946199482665,0.28403545988884243,6.990124782375667e-05,25,20,20
26,2184,0.0019220797718445405,0.6365787063095929,0.349121985104259,0.012377228814302345,25,20,20
26,2185,0.03926485316517621,0.6365692712648551,0.32409381925113373,7.205631883392686e-05,25,20,20
26,2186,0.03926484993405698,0.7133055440198972,0.24742740425717788,2.201788866952269e-06,25,20,20
26,2187,0.039264834413026445,0.7766315795223023,0.1841013913855478,2.194679122644319e-06,25,20,20
26,2188,2.4299167926189867e-10,0.854846409706735,0.14515358939134637,6.589261309084352e-10,25,20,20
26,2189,2.393952985276272e-10,0.9099398910623955,0.0900601080358824,6.623258257111857e-10,25,20,20
26,2190,3.209421904554196e-10,0.8699232355686156,0.13007676345376376,6.566778779759811e-10,25,20,20
26,2191,3.209421904554196e-10,0.8699232355686156,0.13007676345376376,6.566778779759811e-10,25,20,20
26,2192,3.209421904554196e-10,0.8699232355686156,0.13007676345376376,6.566778779759811e-10,25,20,20
26,2193,2.384083291985646e-10,0.9084761139630594,0.09152388514195253,6.565791115147269e-10,25,20,20
26,2194,2.5328780547300504e-10,0.8805139633152368,0.11948507046160646,9.659698680141077e-07,25,20,20
26,2195,2.522582934724277e-10,0.8800425055743597,0.11995652820357851,9.659698025020948e-07,25,20,20
26,2196,3.0073087428156027e-10,0.9200065117610566,0.07999250449410127,9.834441106742491e-07,25,20,20
26,2197,3.43874957676153e-10,0.945517287034087,0.05448172887462545,9.837474121696497e-07,25,20,20
26,2198,3.43874957676153e-10,0.945517287034087,0.05448172887462545,9.837474121696497e-07,25,20,20
26,2199,3.4387544741865035e-10,0.9167904693353054,0.08320854181348525,9.885073331941253e-07,25,20,20
26,2200,7.070101588847553e-05,0.8768534428354577,0.12307431011588109,1.5460327724667903e-06,25,20,20
26,2201,7.070101588473569e-05,0.8768449264120425,0.12308282654476005,1.5460273125384674e-06,25,20,20
26,2202,7.070104627882006e-05,0.8614376840903476,0.13849006883609738,1.546027274981116e-06,25,20,20
26,2203,7.07010357700652e-05,0.7973420469552087,0.20258570550967092,1.5464993488585123e-06,25,20,20
26,2204,7.083194603876726e-05,0.7985493192117684,0.2013782930426421,1.5557995499277373e-06,25,20,20
26,2205,7.747293057215501e-05,0.7591013532908879,0.24081963271339343,1.541065145490143e-06,25,20,20
26,2206,6.772182122091503e-06,0.7900297471506401,0.2099624973074055,9.833598316219882e-07,25,20,20
26,2207,0.0003838057934969499,0.8024674287535903,0.1971477691083182,9.963445938904093e-07,25,20,20
26,2208,0.00038380579341124656,0.8193974223954069,0.18021777546666107,9.963445199755053e-07,25,20,20
26,2209,4.645984327968946e-08,0.8659965870545148,0.13400236246906677,1.004016574554754e-06,25,20,20
26,2210,4.646069345750125e-08,0.864848147404445,0.13515080181077901,1.0043240817411315e-06,25,20,20
26,2211,4.6459847068755274e-08,0.8947023717978305,0.10529657772586853,1.0040164530849169e-06,25,20,20
26,2212,1.255946117575708e-07,0.857765729557871,0.1422331612548035,9.835927128958149e-07,25,20,20
26,2213,1.2559462635139355e-07,0.8307259761704043,0.169272914640381,9.835945877460926e-07,25,20,20
26,2214,1.2559639240661721e-07,0.857036050109383,0.1429628406902045,9.836040195828398e-07,25,20,20
26,2215,1.9937763357961222e-07,0.8570265956217509,0.14297120495361007,2.0000470049242914e-06,25,20,20
26,2216,9.409077091991065e-10,0.9257537036879914,0.07424531177298609,9.835981144728681e-07,25,20,20
26,2217,1.799891733520386e-10,0.9788878022282382,0.021110246889122986,1.9507026495111395e-06,25,20,20
26,2218,1.799999887158102e-10,0.9789280965446442,0.021069952572709542,1.9507026461718514e-06,25,20,20
26,2219,1.8003017115687578e-10,0.9789278837349019,0.02107016538787993,1.950697187923828e-06,25,20,20
26,2220,1.3304407882044499e-10,0.9799378017485223,0.020060247415949205,1.9507024842209692e-06,25,20,20
26,2221,1.322135308729429e-10,0.9816806448430841,0.01831742160116109,1.933423541291768e-06,25,20,20
26,2222,1.3242757918578893e-10,0.9827884198333507,0.017209646615810082,1.9334184117159495e-06,25,20,20
26,2223,1.1402146634172924e-08,0.9349639032038869,0.0650335964698379,2.4889241285864656e-06,25,20,20
26,2224,1.1396468721029577e-08,0.8818082956209641,0.1181754263111487,1.626667141809658e-05,25,20,20
26,2225,1.13891667737558e-08,0.8594908092114507,0.1404929233669168,1.62560324652015e-05,25,20,20
26,2226,1.13891667737558e-08,0.8594908092114507,0.1404929233669168,1.62560324652015e-05,25,20,20
26,2227,1.1415397122084145e-08,0.8333314754922947,0.16665281231977666,1.570077253042718e-05,25,20,20
26,2228,1.1415412128466353e-08,0.8327290902173944,0.16725519758928378,1.5700777908598833e-05,25,20,20
26,2229,3.741185929772151e-05,0.8042078803958076,0.19573900179285725,1.5705952035842562e-05,25,20,20
26,2230,3.741190220949312e-05,0.8091275254307543,0.1908193565255576,1.570614147734176e-05,25,20,20
26,2231,3.741189911174001e-05,0.8373403413277499,0.1626212684785918,9.782945462768692e-07,25,20,20
26,2232,3.741189911174001e-05,0.8373403413277499,0.1626212684785918,9.782945462768692e-07,25,20,20
26,2233,3.740062467250708e-05,0.8638841414883387,0.13607747991331695,9.779736716763803e-07,25,20,20
26,2234,3.740062119927585e-05,0.8685280730953745,0.13143354839128243,9.778921435595465e-07,25,20,20
26,2235,1.891114391033923e-10,0.89372986689866,0.10626916019438565,9.727178427143155e-07,25,20,20
26,2236,6.217281839661889e-11,0.9329416719167319,0.0670583097960207,1.822507423093752e-08,25,20,20
26,2237,1.9762022124722808e-08,0.8936157384823495,0.10638420623245701,3.5523170976395427e-08,25,20,20
26,2238,1.976202239169029e-08,0.8935931836907399,0.10640676101851064,3.5528726671639395e-08,25,20,20
26,2239,2.809161087257911e-09,0.8910369638802451,0.10896298031046645,5.300012682343454e-08,25,20,20
26,2240,2.8201358108057284e-09,0.8897444323177119,0.11025551186202823,5.300012369881037e-08,25,20,20
26,2241,2.8202732424837196e-09,0.9053150167210454,0.09468492724304428,5.321563680981103e-08,25,20,20
26,2242,2.8205669486894777e-09,0.9429318062046268,0.05706813746120012,5.351360600232765e-08,25,20,20
26,2243,2.80892719734135e-09,0.9452847614882038,0.054715182194494665,5.350837406620954e-08,25,20,20
26,2244,2.762583065379643e-09,0.9488682827820439,0.05113169592973769,1.8525635015893696e-08,25,20,20
26,2245,2.762583065379643e-09,0.9488682827820439,0.05113169592973769,1.8525635015893696e-08,25,20,20
26,2246,3.284755516521449e-10,0.9241270726324469,0.0758729257867071,1.2523700508136305e-09,25,20,20
26,2247,1.0131856466761155e-09,0.9007806427904539,0.09921935482580939,1.3705510482769573e-09,25,20,20
26,2248,1.0146886186641507e-09,0.926033330479148,0.07396666724803715,1.258126020977382e-09,25,20,20
26,2249,5.330929710118288e-11,0.9121603562397208,0.08783964276088063,9.4608981056855e-10,25,20,20
26,2250,6.53214510069594e-11,0.8931152869771252,0.10688471215963306,7.979206519802559e-10,25,20,20
26,2251,5.1148651586023235e-11,0.9323171272599602,0.06768287188552058,8.03370262028371e-10,25,20,20
26,2252,3.780326396670564e-12,0.9327968524822431,0.06720314670680491,8.071715346908066e-10,25,20,20
26,2253,4.104928696240191e-12,0.9506576032863104,0.049342396065152706,6.44431520231634e-10,25,20,20
26,2254,3.3629434840205494e-12,0.9456892956100801,0.05431070374509775,6.414587492150787e-10,25,20,20
26,2255,3.3624195248213765e-12,0.946103135944834,0.05389686341024868,6.415545264098814e-10,25,20,20
26,2256,3.347727446947394e-12,0.947310014230479,0.052689985119062255,6.471106376702129e-10,25,20,20
26,2257,2.723502302611046e-12,0.9485102531017675,0.05148974624830213,6.472064102057266e-10,25,20,20
26,2258,1.552257785822821e-05,0.9087388833421626,0.09124545177829836,1.4230168089177379e-07,25,20,20
26,2259,1.5522577631952196e-05,0.9080555903549542,0.09192876236465879,1.2470275500886583e-07,25,20,20
26,2260,1.5525353577053837e-05,0.9063504810055353,0.09363386893297833,1.247079092632418e-07,25,20,20
26,2261,1.5525353167755434e-05,0.9063216293288161,0.09366272061559867,1.2470241742808654e-07,25,20,20
26,2262,1.552535311873345e-05,0.8963088441610512,0.10367550569986216,1.2478596803004085e-07,25,20,20
26,2263,1.552535311873345e-05,0.8963088441610512,0.10367550569986216,1.2478596803004085e-07,25,20,20
26,2264,2.8452086407135108e-09,0.9104597648720155,0.08954023174160711,5.411685237767294e-10,25,20,20
26,2265,2.8449739344029433e-09,0.9122174169605686,0.08778257965860897,5.358486528209627e-10,25,20,20
26,2266,2.8456759622096317e-09,0.9655084933532483,0.0344915031500922,6.509837728422041e-10,25,20,20
26,2267,2.8400094600978543e-09,0.9896316706224035,0.010368325881282434,6.56304814908673e-10,25,20,20
26,2268,2.838417657426214e-09,0.9649538932281501,0.035046103280480474,6.529520876171519e-10,25,20,20
26,2269,2.826675260205634e-09,0.938736051889376,0.0612639382446304,7.039317992478348e-09,25,20,20
26,2270,2.891642838943421e-09,0.9309940970626992,0.06900534110416558,5.589414920066496e-07,25,20,20
26,2271,2.89248406472572e-09,0.9314635682733416,0.06853586989268186,5.589414920844095e-07,25,20,20
26,2272,4.5845734108015865e-09,0.8912917293904904,0.10870770689980594,5.591251302048195e-07,25,20,20
26,2273,4.584585891318487e-09,0.8608767046691171,0.139122731619511,5.591267859666596e-07,25,20,20
26,2274,4.584593380542836e-09,0.8612914912394056,0.13870794504930697,5.591266941531642e-07,25,20,20
26,2275,4.5587819656838395e-09,0.8787280302448296,0.12127140592124544,5.592751431094334e-07,25,20,20
26,2276,4.6067799676890825e-09,0.8487460938208923,0.15125334229715998,5.592751674930295e-07,25,20,20
26,2277,1.2270648386845485e-05,0.8521183662209504,0.1478687071304065,6.5600025594039e-07,25,20,20
26,2278,1.2270586658999052e-05,0.8923256926715777,0.10766193886770566,9.787405777583517e-08,25,20,20
26,2279,2.175899775094321e-06,0.8784450405752522,0.12155278237221637,1.1527564389685466e-09,25,20,20
26,2280,2.1742430514334575e-06,0.8938901957389372,0.10610762905055159,9.674601332147862e-10,25,20,20
26,2281,4.5930107052591335e-09,0.9717403805600575,0.028259613884805898,9.621258828785496e-10,25,20,20
26,2282,3.273767439893713e-09,0.9726883546266337,0.027311009175453767,6.32924145187123e-07,25,20,20
26,2283,2.840026609985769e-09,0.9879423426914162,0.012057653506402945,9.62154493372544e-10,25,20,20
26,2284,2.8400111315526683e-09,0.9862687449953437,0.01373125120239938,9.622461170963584e-10,25,20,20
26,2285,2.840012913336218e-09,0.9692317025935122,0.030768293601368884,9.65106054669415e-10,25,20,20
26,2286,5.539278133943914e-09,0.9673546504871581,0.032645325800087645,1.8173476062444946e-08,25,20,20
26,2287,5.551633735790188e-09,0.9684009018427636,0.03159907412523575,1.8480366959145922e-08,25,20,20
26,2288,5.551633735790188e-09,0.9684009018427636,0.03159907412523575,1.8480366959145922e-08,25,20,20
26,2289,6.916985350205196e-09,0.9349292815646422,0.0650706845307432,2.6987629591403976e-08,25,20,20
26,2290,4.2242825651104435e-09,0.9207346945340907,0.07926529145424026,9.787387080711345e-09,25,20,20
26,2291,4.225150449585911e-09,0.9207458493319117,0.07925413665545523,9.78748289618202e-09,25,20,20
26,2292,4.225150449585911e-09,0.9207458493319117,0.07925413665545523,9.78748289618202e-09,25,20,20
26,2293,2.8362304534150714e-09,0.9012557928935491,0.09874420330209967,9.681207591866364e-10,25,20,20
26,2294,2.8362410945108696e-09,0.9412185606136603,0.05878143558209087,9.680082332188247e-10,25,20,20
26,2295,2.8469527972751993e-09,0.9080834745082046,0.09191652136771632,1.2771264026669093e-09,25,20,20
26,2296,2.8451240779149967e-09,0.9460437489126806,0.05395624695978922,1.2824064037857608e-09,25,20,20
26,2297,2.827627089070439e-09,0.9460710455693451,0.05392895031865166,1.2843765257601633e-09,25,20,20
26,2298,2.8276348653019955e-09,0.9442880976725374,0.05571189820989577,1.2899324329832194e-09,25,20,20
26,2299,2.827836873308224e-09,0.9448446737656081,0.05515532212200139,1.2845541253337295e-09,25,20,20
26,2300,2.8278347729728744e-09,0.9618817192500936,0.03811827664037793,1.2816941872640511e-09,25,20,20
26,2301,2.7779859945271706e-09,0.9623261726911924,0.037673823259991475,1.2708307696285454e-09,25,20,20
26,2302,2.777971036250719e-09,0.9623172751686684,0.03768272077697562,1.2763852280635357e-09,25,20,20
26,2303,2.7777687923432974e-09,0.9611322259554491,0.03886776998510621,1.2816761690307227e-09,25,20,20
26,2304,2.777543059943114e-09,0.9604795463728355,0.039520449567948944,1.2816727451498182e-09,25,20,20
26,2305,2.7773228176495884e-09,0.962285725444314,0.03771427081867292,9.59690545737274e-10,25,20,20
26,2306,2.8246874408254653e-09,0.9863441534720149,0.013655842436758537,1.2665394862124569e-09,25,20,20
26,2307,2.8331221001224857e-09,0.970282121906181,0.029717874302956474,9.5774065781966e-10,25,20,20
26,2308,2.351010948938225e-06,0.9445283586981026,0.05544584024360037,2.3450047347881157e-05,25,20,20
26,2309,2.350968203371478e-06,0.9331582123979867,0.0668159865008229,2.345013298689599e-05,25,20,20
26,2310,2.348204402153964e-06,0.9624968739019966,0.03747732815599082,2.3449737610622797e-05,25,20,20
26,2311,2.348263586145169e-06,0.9619708453694933,0.03800335631797916,2.3450048941390942e-05,25,20,20
26,2312,2.3483132369118714e-06,0.9619265983150204,0.038047603328259856,2.3450043482847278e-05,25,20,20
26,2313,2.3482346268509075e-06,0.9571437865422672,0.04285383979522171,2.5427884393922873e-08,25,20,20
26,2314,2.348235049879957e-06,0.9577658794043633,0.04223174693827064,2.5422316304382635e-08,25,20,20
26,2315,2.3482352612472457e-06,0.9590240067017828,0.04097360235632966,4.2706626476764075e-08,25,20,20
26,2316,2.348246902730327e-06,0.984817204386135,0.015180411062811434,3.6304151221406475e-08,25,20,20
26,2317,2.348197461631892e-06,0.9694248004986906,0.030572814805165667,3.649868224895443e-08,25,20,20
26,2318,2.348197461631892e-06,0.9694248004986906,0.030572814805165667,3.649868224895443e-08,25,20,20
26,2319,2.34819832944598e-06,0.9693946729546057,0.030602942342826362,3.650423855219522e-08,25,20,20
26,2320,2.3481864735750055e-06,0.9694168528508229,0.030580762458370856,3.650433267485415e-08,25,20,20
26,2321,2.348186474859727e-06,0.9435942824570965,0.05640333285012688,3.6506301683692016e-08,25,20,20
26,2322,2.3481869396073904e-06,0.9243924909285282,0.07560512407194421,3.681258780570931e-08,25,20,20
26,2323,2.348173731578964e-06,0.9232226381561375,0.07677497686864923,3.680148133864469e-08,25,20,20
26,2324,2.3481732696169057e-06,0.9221001074373278,0.07789752536888916,1.9020513313389563e-08,25,20,20
26,2325,2.3481728271645116e-06,0.9408220893008667,0.05917554350864831,1.901765754053975e-08,25,20,20
26,2326,2.3481862609585367e-06,0.9595644111652529,0.04043322119249928,1.945598688216428e-08,25,20,20
26,2327,2.348186245664472e-06,0.9595504827362585,0.04044714962151088,1.945598513708593e-08,25,20,20
26,2328,2.3481908812160913e-06,0.9313016288053063,0.06869600446520734,1.853860466182916e-08,25,20,20
26,2329,2.3481908860984837e-06,0.9553961019639001,0.0446015313086718,1.8536541695849714e-08,25,20,20
26,2330,2.3481898477842614e-06,0.9554600200870279,0.04453761318658236,1.853654175579142e-08,25,20,20
26,2331,2.3481872586280194e-06,0.98708948418515,0.012908149091048206,1.8536543126585275e-08,25,20,20
26,2332,2.348175774577263e-06,0.9871253411857647,0.012872292418181058,1.822027973793622e-08,25,20,20
26,2333,2.3864708025476925e-06,0.9870331202620212,0.012963510190177805,9.830769986100358e-07,25,20,20
26,2334,2.3864697341371135e-06,0.990043384479136,0.009953245974131225,9.830769988001094e-07,25,20,20
26,2335,2.348124778216612e-06,0.9677711248337453,0.03222652578177458,1.2597020132314151e-09,25,20,20
26,2336,2.348124778216612e-06,0.9677711248337453,0.03222652578177458,1.2597020132314151e-09,25,20,20
26,2337,2.348124489469337e-06,0.9814328030932229,0.018564847518902472,1.2633851409359691e-09,25,20,20
26,2338,2.348125357818749e-06,0.9814741171687027,0.018523533442458582,1.2634810303860647e-09,25,20,20
26,2339,2.3481253725108872e-06,0.9814649245147408,0.018532726096405796,1.2634810075732647e-09,25,20,20
26,2340,2.3481253727777005e-06,0.9814121235029574,0.018585527108190607,1.2634793555847807e-09,25,20,20
26,2341,2.3481382328101512e-06,0.9401582047592494,0.059839445966561426,1.13595584395271e-09,25,20,20
26,2342,2.3481384768545193e-06,0.9214064235816273,0.07859068042114663,5.478587489261855e-07,25,20,20
26,2343,2.3481384767899957e-06,0.9213973700162329,0.07859973398663679,5.478586531371603e-07,25,20,20
26,2344,2.3481384653692146e-06,0.9213883068338202,0.07860879716350644,5.478642075942664e-07,25,20,20
26,2345,2.3481375977355223e-06,0.9213887004120466,0.07860840358068787,5.478696675035516e-07,25,20,20
26,2346,2.348137591334181e-06,0.947208084590424,0.05278901940231426,5.478696703182207e-07,25,20,20
26,2347,2.4011465296683546e-06,0.9351775967273018,0.06481945413451419,5.47991654028981e-07,25,20,20
26,2348,5.3023476535175345e-08,0.9356334878730435,0.06436589421666576,5.648868143368857e-07,25,20,20
26,2349,5.30234617802229e-08,0.9356437835954065,0.06435561599117848,5.473899535171081e-07,25,20,20
26,2350,3.971630087810161e-08,0.9795264855429346,0.020473474393903304,3.4686123089719124e-10,25,20,20
26,2351,3.976573618711779e-08,0.9807501795967923,0.01924978028505684,3.524146618347623e-10,25,20,20
26,2352,6.38716925115139e-11,0.9791297866019226,0.02087021330579131,2.8414535233894307e-11,25,20,20
26,2353,6.467922270930814e-11,0.978518804376038,0.021481195525483488,3.3799472729287446e-11,25,20,20
26,2354,6.384218292869146e-11,0.9785093036053314,0.02149067880553293,1.7525293637548816e-08,25,20,20
26,2355,2.845548496800413e-09,0.9772031674919778,0.02279681181536917,1.7847104614748248e-08,25,20,20
26,2356,2.845356034026705e-09,0.9392391768411416,0.06076080246970046,1.7843801497859636e-08,25,20,20
26,2357,2.8081423267192015e-09,0.9785057939265793,0.021494185423786248,1.7841492351939293e-08,25,20,20
26,2358,3.207767329962323e-09,0.9605435147591256,0.03945648168305704,3.500502314339779e-10,25,20,20
26,2359,3.208810075005028e-09,0.9571286001142382,0.0428713963216774,3.55274341423219e-10,25,20,20
26,2360,3.208824653884856e-09,0.9554110737994995,0.044588922631177495,3.6049849467247645e-10,25,20,20
26,2361,3.2088245857857986e-09,0.9566492473894074,0.04335074904665629,3.551118104164182e-10,25,20,20
26,2362,3.2088358033781227e-09,0.9566931776444376,0.04330681911369567,3.303110147646259e-11,25,20,20
26,2363,3.2567733462633993e-09,0.9706046101822672,0.02939538622075597,3.402038790670933e-10,25,20,20
26,2364,2.843507220106028e-09,0.9500017049445048,0.04999826360948429,2.8602503843402023e-08,25,20,20
26,2365,1.1798563700697435e-10,0.9320432738114757,0.06795668787842654,3.819211201936428e-08,25,20,20
26,2366,1.1798251958617392e-10,0.9320434469163671,0.06795651477334923,3.8192301165762073e-08,25,20,20
26,2367,1.665951576430474e-10,0.9725802855662279,0.027419704038764814,1.0228412069833985e-08,25,20,20
26,2368,1.5436157471239158e-10,0.9713179495103832,0.028682040106880045,1.0228375217315765e-08,25,20,20
26,2369,1.543434169339528e-10,0.9730047996098576,0.02699519000742534,1.0228373610640359e-08,25,20,20
26,2370,1.0069101309661141e-10,0.9688517176743981,0.031148281887362104,3.375488093961265e-10,25,20,20
26,2371,1.0066496585294281e-10,0.9676520034098008,0.032347995850406576,6.391275813059907e-10,25,20,20
26,2372,1.0003203077413467e-10,0.9941039488827333,0.005896050679796495,3.374382700893752e-10,25,20,20
26,2373,1.0187066505254768e-10,0.992372231658263,0.0076277506287102045,1.7611156164241235e-08,25,20,20
26,2374,1.018781061702742e-10,0.9936466135802142,0.006353385980106736,3.3780115106649075e-10,25,20,20
26,2375,1.629535045389356e-10,0.967852436471151,0.03214756302606751,3.398277483079551e-10,25,20,20
26,2376,1.629535045389356e-10,0.967852436471151,0.03214756302606751,3.398277483079551e-10,25,20,20
26,2377,4.463298714807893e-08,0.9544607609571913,0.04553919372140155,6.884196533568561e-10,25,20,20
26,2378,4.458190227009534e-08,0.9557645915150482,0.044235363220086546,6.82962717733708e-10,25,20,20
26,2379,1.127505943095646e-10,0.9932388408799271,0.006761158674824887,3.32497462794929e-10,25,20,20
26,2380,1.1274710735109221e-10,0.9915429381206003,0.00845706143971099,3.2694169532304454e-10,25,20,20
26,2381,1.1274710735109221e-10,0.9915429381206003,0.008457061439710997,3.2694169532304454e-10,25,20,20
26,2382,1.1274710735109221e-10,0.9915429381206003,0.008457061439710997,3.2694169532304454e-10,25,20,20
26,2383,1.1298172943252988e-10,0.9930549975895644,0.0069450016488329346,6.486211198507733e-10,25,20,20
26,2384,1.6180499658062114e-10,0.9930964979625088,0.006903501221573234,6.541132148947034e-10,25,20,20
26,2385,2.8213915164494795e-09,0.9912956180599383,0.008704361434801064,1.768386930241349e-08,25,20,20
26,2386,2.7734304212460763e-09,0.9925123842638631,0.00748759527337459,1.7689332149761514e-08,25,20,20
26,2387,2.773220232112845e-09,0.9926325232243829,0.007367455993939243,1.8008457929057174e-08,25,20,20
26,2388,2.7742645440190297e-09,0.9907626011079504,0.009237378422899071,1.7694886048389256e-08,25,20,20
26,2389,2.7746747098381352e-09,0.986287671101433,0.013712308138622389,1.7985269859979675e-08,25,20,20
26,2390,2.7753130142134587e-09,0.9873112543709684,0.012688724873924967,1.797979351329234e-08,25,20,20
26,2391,2.6769806994861726e-09,0.9865853901561014,0.013414589192581934,1.7974336084554585e-08,25,20,20
26,2392,2.675958654964826e-09,0.9711792870493962,0.02882069198391552,1.8290729597394836e-08,25,20,20
26,2393,2.6766066083105294e-09,0.9699494775965607,0.030050501425311498,1.830152127601224e-08,25,20,20
26,2394,2.676621148493097e-09,0.9704201098867656,0.029579869134997633,1.8301615701878675e-08,25,20,20
26,2395,6.602246743440472e-10,0.969225751914257,0.030774246154172527,1.2713459704754971e-09,25,20,20
26,2396,6.602081612211678e-10,0.9688232749489754,0.031176723422802612,9.680138532281776e-10,25,20,20
26,2397,6.604014730136857e-10,0.9829974583571844,0.017002540014463056,9.679509027226208e-10,25,20,20
26,2398,1.7845707663252316e-11,0.9868537143850518,0.013146284330800706,1.2663017256197026e-09,25,20,20
26,2399,1.6263196457918053e-11,0.9614624535479372,0.0385375387617017,7.67409773575679e-09,25,20,20
26,2400,1.5411246320387456e-11,0.9631915447254054,0.03680844759030953,7.668873639256434e-09,25,20,20
26,2401,1.5411384371104225e-11,0.9631801623878886,0.036819829927923646,7.668776142726695e-09,25,20,20
26,2402,1.4985566173291425e-11,0.9501273728893329,0.049872619734330305,7.361350557433221e-09,25,20,20
26,2403,1.2974003407274066e-07,0.8819398515134727,0.11805999658262607,2.2163867297883488e-08,25,20,20
26,2404,1.297400452899158e-07,0.8819208155742799,0.11807903252736329,2.215831158270041e-08,25,20,20
26,2405,1.2983363755732733e-07,0.8564057823330258,0.1435940188470839,6.898625285186192e-08,25,20,20
26,2406,0.0006911865556967112,0.8168757210218004,0.18243302332921543,6.909328743554304e-08,25,20,20
26,2407,0.0006911865747026877,0.8037822382211663,0.19552648465355804,9.055057258952607e-08,25,20,20
26,2408,0.0006911865746303341,0.8302017410303049,0.16910698183884848,9.055621599589475e-08,25,20,20
26,2409,0.0006911865746409082,0.8326742756569999,0.16663444718797224,9.058038648578657e-08,25,20,20
26,2410,0.0006911866100077891,0.8316212403341281,0.16768751016683198,6.288903145754124e-08,25,20,20
26,2411,0.0009803067415542809,0.9086523626946693,0.09036731199622033,1.856755619120316e-08,25,20,20
26,2412,0.0009803067415542809,0.9086523626946693,0.09036731199622033,1.856755619120316e-08,25,20,20
26,2413,0.02351164357350669,0.9103571016915201,0.0661312352043955,1.9530577356661558e-08,25,20,20
26,2414,7.449908439999904e-10,0.9511581849381427,0.04884179578694572,1.8529920330550927e-08,25,20,20
26,2415,7.935454562239376e-10,0.9523715071819384,0.04762847348913767,1.853537820503069e-08,25,20,20
26,2416,7.935454562239376e-10,0.9523715071819384,0.04762847348913767,1.853537820503069e-08,25,20,20
26,2417,6.78825363299116e-10,0.993322624812728,0.006677373212263844,1.2961827726364663e-09,25,20,20
26,2418,6.783942458595611e-10,0.9937684666652291,0.006231531365844662,1.2905319914344338e-09,25,20,20
26,2419,6.786043499580455e-10,0.9925519594485271,0.007448038576948368,1.2959202485529998e-09,25,20,20
26,2420,6.786042733320692e-10,0.9925191083594092,0.007480889666066359,1.2959202983167072e-09,25,20,20
26,2421,4.0239356284817985e-12,0.9941974837474638,0.00580251433974097,1.9087712540593895e-09,25,20,20
26,2422,1.6027058786048213e-11,0.9929564399960432,0.0070435577720169675,2.2159126483240478e-09,25,20,20
26,2423,1.6011971879557203e-11,0.9923776919851816,0.007622305782989379,2.215816886594123e-09,25,20,20
26,2424,1.5997210680831536e-11,0.9936159112544968,0.006384086820821236,1.90868467634944e-09,25,20,20
26,2425,3.7793398994113886e-10,0.9760763982900161,0.023923599732922605,1.5991269381349357e-09,25,20,20
26,2426,3.7796774752934303e-10,0.9478158174368818,0.05218418090638556,1.2787647101060788e-09,25,20,20
26,2427,2.0589631553649708e-05,0.8979205275615815,0.10205887615167636,6.6551885240419015e-09,25,20,20
26,2428,0.03940400176260007,0.8859042416041664,0.07468657070398992,5.1859292434708665e-06,25,20,20
26,2429,0.03940399903781935,0.8831399914752228,0.07745080658627201,5.202900685529355e-06,25,20,20
26,2430,1.3942017504471272e-11,0.9889069014532563,0.011093080301798446,1.8231003062394155e-08,25,20,20
26,2431,1.4998945647245974e-11,0.9877789916684834,0.012220973123211614,3.5193305759265634e-08,25,20,20
26,2432,1.39197627249116e-11,0.9625363630570051,0.03746361902410593,1.7904968881100024e-08,25,20,20
26,2433,1.3934712689444762e-11,0.9625050337716798,0.03749494830932062,1.790506461627786e-08,25,20,20
26,2434,1.4171377582898915e-11,0.960837127601594,0.03916285469733492,1.768689944751171e-08,25,20,20
26,2435,1.41713765792926e-11,0.9608591418477365,0.03914084045119081,1.7686901099460706e-08,25,20,20
26,2436,3.124918976748679e-12,0.9373480606231748,0.06265191498267232,2.4391027417861895e-08,25,20,20
26,2437,3.124792979295171e-12,0.9367199537439668,0.06328002186178766,2.4391120236232567e-08,25,20,20
26,2438,4.760868215345762e-06,0.9187326501226551,0.08126255507060007,3.39385287020244e-08,25,20,20
26,2439,4.763561618861306e-06,0.9169399051630084,0.08305529733665301,3.393871922535163e-08,25,20,20
26,2440,2.7086648220291175e-09,0.9361112061081546,0.0638887664753704,2.4707809492130084e-08,25,20,20
26,2441,1.4049662364528137e-06,0.9205957618343555,0.0794028082976635,2.490174408921971e-08,25,20,20
26,2442,2.6963336255821894e-09,0.9332174312428563,0.0667825416695226,2.4391287054144598e-08,25,20,20
26,2443,2.7454283149016815e-09,0.9578616709151722,0.04213830804307589,1.8296323239059827e-08,25,20,20
26,2444,2.7454320268175382e-09,0.9591437248686882,0.04085625408405806,1.830182147585975e-08,25,20,20
26,2445,2.7629414615219402e-09,0.9357571032831383,0.06424286955647204,2.4397447949393762e-08,25,20,20
26,2446,2.7629414615219402e-09,0.9357571032831383,0.06424286955647204,2.4397447949393762e-08,25,20,20
26,2447,2.746466050602896e-09,0.9606644673066418,0.03933551195200499,1.799488705355636e-08,25,20,20
26,2448,2.746766343141108e-09,0.8944358641428408,0.10556411470169412,1.8408698368278384e-08,25,20,20
26,2449,2.505868336303942e-07,0.8567566488290645,0.14324308199408564,1.8590015912775907e-08,25,20,20
26,2450,3.1202372329691725e-09,0.8646744572376742,0.13532551204897542,2.7593112831109483e-08,25,20,20
26,2451,3.1193248700626973e-09,0.914355016259703,0.08564495303247259,2.7588499322072035e-08,25,20,20
26,2452,4.2675759219265196e-10,0.8994080868905552,0.10059188478558836,2.789709852688425e-08,25,20,20
26,2453,4.2733280004004803e-10,0.9252015933453834,0.07479837844251234,2.778477096113933e-08,25,20,20
26,2454,3.7823667097960144e-10,0.926381297322752,0.07361867482184305,2.7477167801848655e-08,25,20,20
26,2455,3.791672377009045e-10,0.9263938416012,0.07360613034247442,2.7677157952819753e-08,25,20,20
26,2456,9.072028541840494e-12,0.9164078821156382,0.08359209976169049,1.8113599087595665e-08,25,20,20
26,2457,9.072090716326698e-12,0.916428814211972,0.08357116766526064,1.8113694980052994e-08,25,20,20
26,2458,5.816984666612451e-12,0.9164286036820005,0.08357137819299984,1.8119182229065013e-08,25,20,20
26,2459,3.800134809158804e-10,0.9264045210997051,0.07359546023293638,1.828734438142425e-08,25,20,20
26,2460,1.660792565654667e-11,0.9451239597870474,0.05487602237487344,1.7821470581096622e-08,25,20,20
26,2461,1.581975531897232e-07,0.9473795607240496,0.05262026294656358,1.8131833100162823e-08,25,20,20
26,2462,1.5819702239801218e-07,0.9228824174786715,0.07711740588295318,1.8441352215226436e-08,25,20,20
26,2463,1.5819702239801218e-07,0.9228824174786715,0.07711740588295318,1.8441352215226436e-08,25,20,20
26,2464,1.5819637125106635e-07,0.9228809803543101,0.07711884301342462,1.843589333287247e-08,25,20,20
26,2465,6.248784595831083e-11,0.9493777100933996,0.05062228869177585,1.1523362007714872e-09,25,20,20
26,2466,2.5721268873436286e-08,0.891409906659684,0.1085900662849423,1.3341043911457888e-09,25,20,20
26,2467,2.576775759002164e-08,0.889720776755556,0.11027919583925422,1.6374315733573919e-09,25,20,20
26,2468,2.136814198992118e-08,0.9292217033615091,0.07077827332713456,1.943213975727911e-09,25,20,20
26,2469,2.136814198992118e-08,0.9292217033615091,0.07077827332713456,1.943213975727911e-09,25,20,20
26,2470,1.1129733765852973e-10,0.9467406762033066,0.05325932191000542,1.7753905442501958e-09,25,20,20
26,2471,1.1130071660593832e-10,0.9450225946113038,0.054977403502009255,1.7753863540985408e-09,25,20,20
26,2472,1.1131585111437592e-10,0.9444124758198137,0.05558752228810195,1.7807686744259278e-09,25,20,20
26,2473,1.1111920279841862e-10,0.9076114594392792,0.09238853897000539,1.4795961790852316e-09,25,20,20
26,2474,1.1111920279841862e-10,0.9076114594392792,0.09238853897000539,1.4795961790852316e-09,25,20,20
26,2475,1.1113825273421434e-10,0.9873090244424607,0.01269097478934217,6.570594586721976e-10,25,20,20
26,2476,1.1115288836528734e-10,0.9877893085597139,0.012210690666687419,6.624462154583546e-10,25,20,20
26,2477,1.5911831622312308e-10,0.9865499842144568,0.013450014963884547,6.625407218424149e-10,25,20,20
26,2478,1.42469190978788e-10,0.9740190793825131,0.025980902620855034,1.7854162944845266e-08,25,20,20
26,2479,1.1352174756547957e-10,0.9718870518271585,0.028112929892152062,1.8167167874549296e-08,25,20,20
26,2480,1.2514009034429571e-10,0.9701655243442712,0.029834440090125196,3.5440463921192294e-08,25,20,20
26,2481,1.3642900912074353e-10,0.9717832276512748,0.02821673675886859,3.5453427936487905e-08,25,20,20
26,2482,1.2458161623736682e-10,0.9723243254888316,0.027675638933321273,3.545326538686526e-08,25,20,20
26,2483,1.8197915338578333e-10,0.9311407227746454,0.06879216280966861,6.711423370660409e-05,25,20,20
26,2484,1.247681195433982e-10,0.972776797181425,0.027223167235274747,3.545853197589897e-08,25,20,20
26,2485,1.247681195433982e-10,0.972776797181425,0.027223167235274747,3.545853197589897e-08,25,20,20
26,2486,1.2477200699653577e-10,0.9715478483474526,0.02845211606395242,3.546382281133603e-08,25,20,20
26,2487,1.7420686919932394e-10,0.9703183545924615,0.02968160976415057,3.5469180937191315e-08,25,20,20
26,2488,1.742069170902525e-10,0.970286160305817,0.02971380405079513,3.546918093714313e-08,25,20,20
26,2489,1.620678199063798e-10,0.9703450064845213,0.029654957898875046,3.545453590147445e-08,25,20,20
26,2490,1.6216786801655034e-10,0.9522524020575038,0.04774756216293455,3.5617393736876746e-08,25,20,20
26,2491,1.623148238904379e-10,0.9318008334509414,0.06819913093757336,3.544917032072474e-08,25,20,20
26,2492,1.6255808331796716e-10,0.9030401260130515,0.09695954961535172,3.2420903840377634e-07,25,20,20
26,2493,1.6255808331796716e-10,0.9030401260130515,0.09695954961535172,3.2420903840377634e-07,25,20,20
26,2494,4.1834288344204195e-08,0.893534465037549,0.10646545746598556,3.566217736956158e-08,25,20,20
26,2495,4.183422812596727e-08,0.9339581032325975,0.06604181925999353,3.5673180665049575e-08,25,20,20
26,2496,1.5002687140071843e-10,0.9717787477293417,0.028221216436831377,3.568379997038751e-08,25,20,20
26,2497,1.972751343412574e-10,0.9888150160201996,0.011184947795446614,3.5987078744616455e-08,25,20,20
26,2498,1.973697194144258e-10,0.9641999257404636,0.035800055275461096,1.8786705678828126e-08,25,20,20
26,2499,2.403196211207053e-10,0.8895011673178841,0.11049876599019268,6.645160405118407e-08,25,20,20
26,2500,2.403196211207053e-10,0.8895011673178841,0.11049876599019268,6.645160405118407e-08,25,20,20
26,2501,2.4052939632990153e-10,0.8895010281198797,0.11049890519345981,6.644613169395718e-08,25,20,20
26,2502,2.40221138323546e-10,0.9153205443421164,0.08467938897146812,6.64461946531536e-08,25,20,20
26,2503,4.1925416608759865e-10,0.8362141359490457,0.16378539803541917,4.655962801805332e-07,25,20,20
26,2504,4.190221957245205e-10,0.8362617216254994,0.16373781236466015,4.6559081746595116e-07,25,20,20
26,2505,2.1316155073098138e-07,0.8389190696777353,0.16107517962542717,5.537535286499548e-06,25,20,20
26,2506,2.1715524901656557e-07,0.8386045730763705,0.16139005062623146,5.159142148417206e-06,25,20,20
26,2507,7.137727305184105e-09,0.8753816543186619,0.12461828884902258,4.9694588591506265e-08,25,20,20
26,2508,2.8452908867460673e-07,0.8354446293656023,0.16415007093717535,0.00040501516813296295,25,20,20
26,2509,0.003099601843857864,0.8443627546064983,0.1521891317716452,0.00034851177799878646,25,20,20
26,2510,0.0030996018435564994,0.8731451471032193,0.12340702861439067,0.0003482224388335676,25,20,20
26,2511,0.0030996018435564994,0.8731451471032193,0.12340702861439067,0.0003482224388335676,25,20,20
26,2512,0.0031011417594116165,0.8320229899264427,0.16452695393283487,0.00034891438130979236,25,20,20
26,2513,0.0031011377465887647,0.8328023397001532,0.16374762872921989,0.00034889382403674056,25,20,20
26,2514,1.5430127041312577e-06,0.8727708431679965,0.1272269207134171,6.931058818076331e-07,25,20,20
26,2515,1.5429639474613474e-06,0.8715502958371101,0.12844746808783675,6.931111052965925e-07,25,20,20
26,2516,1.5429637341814898e-06,0.8698555511848334,0.13014221275134277,6.931000893612744e-07,25,20,20
26,2517,3.047908704762488e-09,0.9110315499727081,0.08896844581611953,1.1632634439339076e-09,25,20,20
26,2518,7.2364516275391995e-09,0.9133623785505577,0.08663761386082797,3.5216177727683216e-10,25,20,20
26,2519,7.236231155782433e-09,0.886330777852438,0.11366921447565895,4.3567079306804227e-10,25,20,20
26,2520,2.838535264036279e-09,0.9244059442957671,0.0755940524397922,4.2590501518186735e-10,25,20,20
26,2521,2.8382810107600867e-09,0.9431409109081328,0.05685908582768513,4.2590051379209593e-10,25,20,20
26,2522,2.885287723955973e-09,0.9019895281531527,0.09801042353622817,4.542533072877832e-08,25,20,20
26,2523,0.0006726189603054638,0.9094703122584039,0.08985702343773987,4.534354996424652e-08,25,20,20
26,2524,0.0006726189603054638,0.9094703122584039,0.08985702343773987,4.534354996424652e-08,25,20,20
26,2525,0.000672618958203483,0.9077593311545443,0.0915679872646619,6.26225891736585e-08,25,20,20
26,2526,0.0006726161707163687,0.9075990150435423,0.0917283061685513,6.26171889002538e-08,25,20,20
26,2527,0.0006726161707163687,0.9075990150435423,0.0917283061685513,6.26171889002538e-08,25,20,20
26,2528,9.624334160487812e-11,0.9846292962029114,0.015370651563527843,5.213731745155825e-08,25,20,20
26,2529,2.9465499210360447e-10,0.9558160247801993,0.04418392278780226,5.213734350285345e-08,25,20,20
26,2530,2.946594493142843e-10,0.9575117449605608,0.04248820260197236,5.2142807551593474e-08,25,20,20
26,2531,4.6380336073374544e-08,0.9183380506339642,0.08166183016530626,7.282039320351716e-08,25,20,20
26,2532,4.633366113099325e-08,0.9206636371102731,0.07933626077092215,5.578514326204556e-08,25,20,20
26,2533,4.633364583295076e-08,0.9206643954617288,0.07933550241948176,5.578514320309665e-08,25,20,20
26,2534,2.481614741115406e-10,0.9581100812116532,0.041889883438087805,3.5102097646003746e-08,25,20,20
26,2535,2.481614741115406e-10,0.9581100812116532,0.041889883438087805,3.5102097646003746e-08,25,20,20
26,2536,2.480019732801067e-10,0.9293970128995303,0.07060296386270676,2.2989760727614575e-08,25,20,20
26,2537,2.646436810769042e-10,0.9052994486726295,0.09470052765482467,2.3407902012441146e-08,25,20,20
26,2538,2.646437431540428e-10,0.9052989027115604,0.09470107361589372,2.3407902012417935e-08,25,20,20
26,2539,1.5616915133499528e-07,0.9226163156045493,0.07738156075075328,1.967475545736099e-06,25,20,20
26,2540,1.561237124384846e-07,0.8877035695396027,0.11229525734570772,1.0169909768657041e-06,25,20,20
26,2541,1.5617316329454937e-07,0.8589366913811921,0.14106213545320348,1.0169924407536614e-06,25,20,20
26,2542,1.561267127596297e-07,0.890475138298747,0.10952370616019264,9.994143473620998e-07,25,20,20
26,2543,1.5884133283498607e-07,0.9281855259446858,0.07181331579965018,9.994143309462665e-07,25,20,20
26,2544,1.588413368523604e-07,0.9275757238040357,0.07242311794039058,9.994142367944643e-07,25,20,20
26,2545,1.5614398855017898e-07,0.9020282126660486,0.09797063146887654,9.997210860890657e-07,25,20,20
26,2546,1.5696816861916627e-07,0.8234721471942003,0.1765266957455864,1.0000920443932299e-06,25,20,20
26,2547,1.7427376867514616e-06,0.9019435937776963,0.09805309713883573,1.5663457810508892e-06,25,20,20
26,2548,1.742737690557206e-06,0.9019123740509062,0.09808431686562208,1.5663457810047507e-06,25,20,20
26,2549,4.127249384670929e-10,0.9276954742400395,0.07230452471081876,6.364168386865646e-10,25,20,20
26,2550,3.954404650078164e-10,0.954163865830778,0.045836133131804624,6.419767523886915e-10,25,20,20
26,2551,3.954404650078164e-10,0.954163865830778,0.045836133131804624,6.419767523886915e-10,25,20,20
26,2552,3.956878745147624e-10,0.9541689931982912,0.045831005763944985,6.420758933650063e-10,25,20,20
26,2553,3.9568773279034576e-10,0.9547316310345286,0.04526836761106878,9.587147395866296e-10,25,20,20
26,2554,3.895628848916225e-10,0.8990590487083897,0.10094031072763969,6.401744073444958e-07,25,20,20
26,2555,5.609498925169883e-06,0.8389059564959631,0.15764345258475257,0.003444981420358839,25,20,20
26,2556,3.0777013170229455e-09,0.912966473560217,0.08703342488115445,9.848092687376927e-08,25,20,20
26,2557,3.077492426832205e-09,0.9550895589922125,0.04491034010832757,9.78219674981972e-08,25,20,20
26,2558,3.849375475678353e-10,0.9418810912086308,0.058118810586643074,9.781978838947088e-08,25,20,20
26,2559,3.8493728054063175e-10,0.9419034894350732,0.0580964123601995,9.78197900414427e-08,25,20,20
26,2560,5.31687695611764e-11,0.9747370295666816,0.025262969743550717,6.36598879311882e-10,25,20,20
26,2561,5.40209422215259e-11,0.9759222816432565,0.02407771797316191,3.2956069894663834e-10,25,20,20
26,2562,5.4017078546542017e-11,0.975962831259196,0.024037168357226357,3.295607678626159e-10,25,20,20
26,2563,2.164722557076505e-06,0.9727075993011788,0.02729023564682666,3.2943780749207257e-10,25,20,20
26,2564,6.522827323804094e-11,0.9747842335645883,0.025215765744091265,6.260923256697309e-10,25,20,20
26,2565,6.540227359502704e-11,0.9725023481519313,0.027497651151254018,6.314125714175241e-10,25,20,20
26,2566,6.540227359502704e-11,0.9725023481519313,0.027497651151254018,6.314125714175241e-10,25,20,20
26,2567,6.540229477962333e-11,0.9327751481481117,0.06722485115507441,6.314115237484046e-10,25,20,20
26,2568,7.631713039839323e-11,0.9452222033101964,0.05477777849390805,1.8119578396577875e-08,25,20,20
26,2569,1.7441829836126513e-10,0.9064307356476847,0.0935692454347411,1.8743156312167032e-08,25,20,20
26,2570,2.0415077777896704e-10,0.8912485097313724,0.10875147131805477,1.8746422660964105e-08,25,20,20
26,2571,2.019798802599655e-10,0.8495278054158584,0.15047217594279313,1.843936899841881e-08,25,20,20
26,2572,2.0284717141319254e-10,0.8494893646581726,0.1505106166995159,1.8439464775144453e-08,25,20,20
26,2573,2.026486508817858e-10,0.848273579952676,0.1517264014106735,1.8434001976664827e-08,25,20,20
26,2574,2.0245588978236124e-10,0.8896657876567425,0.11033419401003507,1.8130766683095342e-08,25,20,20
26,2575,1.9075968194763295e-09,0.8364796612973953,0.16352030847280197,2.8322206039938622e-08,25,20,20
26,2576,1.9075968194763295e-09,0.8364796612973953,0.16352030847280197,2.8322206039938622e-08,25,20,20
26,2577,2.6249553539214754e-07,0.7965024774826429,0.20349723169970063,2.832212107804871e-08,25,20,20
26,2578,2.623354293525312e-07,0.8364485616966227,0.16355114764582546,2.832212243583711e-08,25,20,20
26,2579,2.623345627703115e-07,0.8376159679294708,0.16238374141931836,2.831664815673047e-08,25,20,20
26,2580,2.651246255562897e-07,0.8370015883211757,0.16299810368843815,4.286576061442099e-08,25,20,20
26,2581,2.635009845099743e-07,0.8676163701794019,0.13238333396511048,3.235450300501756e-08,25,20,20
26,2582,2.635042872230207e-07,0.8395755704852911,0.16042413365981711,3.23506049205704e-08,25,20,20
26,2583,1.4379347752864414e-10,0.7894740868306529,0.21052554815969213,3.648658611677358e-07,25,20,20
26,2584,1.438082397230444e-10,0.7882357494205691,0.2117638855643748,3.64871247850965e-07,25,20,20
26,2585,1.43674790883554e-10,0.8152679112801807,0.18473205593532405,3.26408205018191e-08,25,20,20
26,2586,1.2473046789078267e-10,0.8518064502149508,0.14819351751003731,3.215028155740297e-08,25,20,20
26,2587,6.539269100086437e-11,0.8549535687589916,0.14504641651135955,1.466425641472203e-08,25,20,20
26,2588,7.830519621042516e-11,0.8385335301302522,0.16146645512713673,1.4664305833010907e-08,25,20,20
26,2589,1.3381075400897467e-09,0.8626076373869913,0.1373923467229224,1.4551978892449671e-08,25,20,20
26,2590,1.2901569320198845e-09,0.8626096564941339,0.13739032766382583,1.4551883128866378e-08,25,20,20
26,2591,5.532029506482918e-09,0.8082170253433059,0.19178295409489243,1.5029771239335558e-08,25,20,20
26,2592,4.272592494979324e-09,0.8310108166290173,0.16898914678626606,3.231212304587802e-08,25,20,20
26,2593,1.8443831562962692e-11,0.9016678033938095,0.09833216474810419,3.183964238934449e-08,25,20,20
26,2594,1.5231966902988436e-11,0.9463938474143535,0.053606120730010864,3.184040344419125e-08,25,20,20
26,2595,1.5231966902988436e-11,0.9463938474143535,0.053606120730010864,3.184040344419125e-08,25,20,20
26,2596,1.5231966902988436e-11,0.9463938474143535,0.053606120730010864,3.184040344419125e-08,25,20,20
26,2597,1.523597175090742e-11,0.9463817828663335,0.05361818528358422,3.183484614940791e-08,25,20,20
26,2598,2.1337953429256545e-10,0.9199296708115523,0.08007031126404604,1.771102174818033e-08,25,20,20
26,2599,1.5186097320954883e-11,0.9187229068371913,0.08127707552410048,1.7623521638183947e-08,25,20,20
26,2600,1.5186097320954883e-11,0.9187229068371913,0.08127707552410048,1.7623521638183947e-08,25,20,20
26,2601,1.525467505696257e-11,0.8774766697671468,0.12252331228554877,1.793204961907617e-08,25,20,20
26,2602,4.42988401380023e-10,0.9034790564359209,0.09652031790750991,6.252135806783476e-07,25,20,20
26,2603,4.429885749764407e-10,0.8645993929841118,0.13539998135402528,6.252188737402182e-07,25,20,20
26,2604,4.5496309224008147e-10,0.9022327470673284,0.09776662726761493,6.252100932071181e-07,25,20,20
26,2605,4.5409561198778796e-10,0.9010336020279932,0.09896577262436348,6.248935472696375e-07,25,20,20
26,2606,4.5408472121289657e-10,0.9286930141378122,0.07130636051089269,6.248972101900663e-07,25,20,20
26,2607,4.661553185647776e-10,0.900756217871469,0.09924315677047436,6.248919010514059e-07,25,20,20
26,2608,4.661557261015281e-10,0.9024524405605046,0.09754693408143837,6.24891901153496e-07,25,20,20
26,2609,4.661864381520211e-10,0.9036899789857842,0.09630939565611892,6.248919104462724e-07,25,20,20
26,2610,3.8400251841896544e-11,0.9193881774755096,0.08061182215446269,3.31627944913239e-10,25,20,20
26,2611,6.670448447724206e-11,0.8652506001787874,0.13471450461450887,3.4895139999420785e-05,25,20,20
26,2612,5.551495726284675e-11,0.9044986031009397,0.09546650170363921,3.489513990589549e-05,25,20,20
26,2613,4.8395025008003554e-11,0.8775040821521597,0.12246102235249304,3.489544695205259e-05,25,20,20
26,2614,5.2762048485570723e-11,0.8546054514023234,0.1453596529909565,3.489555395765586e-05,25,20,20
26,2615,1.1068618399660593e-09,0.7965061236648026,0.20345897038976835,3.490483856646777e-05,25,20,20
26,2616,1.0774653063493535e-09,0.8509858153529489,0.14901415576416807,2.7805416583333158e-08,25,20,20
26,2617,1.2227150589152308e-05,0.8397382835687072,0.16024946105255977,2.8228143262727136e-08,25,20,20
26,2618,1.2227120908321187e-05,0.8165379365673915,0.1834497873413529,4.89703470268107e-08,25,20,20
26,2619,1.2227082627353791e-05,0.7980337744013,0.2019539591375912,3.937848149194194e-08,25,20,20
26,2620,1.2227082627353791e-05,0.7980337744013,0.2019539591375912,3.937848149194194e-08,25,20,20
26,2621,1.2228361995099915e-05,0.8133782354033512,0.18660949672171845,3.9512935078661674e-08,25,20,20
26,2622,1.2228375228919581e-05,0.7746065876917468,0.22182894996148733,0.0035522339715367115,25,20,20
26,2623,1.2266444094995999e-05,0.7803513155549527,0.21608322058252077,0.0035531974184312078,25,20,20
26,2624,4.037174742653984e-08,0.8203348621737105,0.17611190045883718,0.003553196995704513,25,20,20
26,2625,4.035768675893233e-08,0.8597512578012604,0.1402477170902124,9.847508398461338e-07,25,20,20
26,2626,3.972436498737022e-08,0.8456047096546522,0.15439426587214353,9.847488384628025e-07,25,20,20
26,2627,3.936127834970359e-08,0.8859187345431201,0.11408026208871341,9.640068870048896e-07,25,20,20
26,2628,3.875344809673565e-08,0.8772220835559489,0.12277691373260957,9.63957992187927e-07,25,20,20
26,2629,3.87526069283058e-08,0.8771917294956055,0.12280726779360364,9.639581825092603e-07,25,20,20
26,2630,1.1469746351302606e-09,0.8778503369915298,0.12214966114745242,7.14042243999722e-10,25,20,20
26,2631,1.1456275374165194e-09,0.8719331602628557,0.12806683787226314,7.192525855391276e-10,25,20,20
26,2632,1.1456152859008733e-09,0.8719414033073298,0.1280585948332208,7.138333480400709e-10,25,20,20
26,2633,1.2392592675271502e-07,0.8629696853009441,0.1370301844262814,6.3468470249786845e-09,25,20,20
26,2634,3.554022933876391e-09,0.9036873460942506,0.09631264963373738,7.179886685452905e-10,25,20,20
26,2635,2.681496657789422e-08,0.8237574287848288,0.176242506084343,3.831586141003714e-08,25,20,20
26,2636,2.6190370735418745e-08,0.8497498693697813,0.15025006590963144,3.853021606210652e-08,25,20,20
26,2637,2.938054190179192e-07,0.8336568705680146,0.16634240883943519,4.2678713099381173e-07,25,20,20
26,2638,0.0006675965714218557,0.8609422109786287,0.13839008924471163,1.0320523752143943e-07,25,20,20
26,2639,0.0006402689877397846,0.8996218552747578,0.0997378254917858,5.024571651608471e-08,25,20,20
26,2640,1.0829048889434973e-10,0.9790008758036284,0.0209991064341269,1.765395400703947e-08,25,20,20
26,2641,5.95376083052512e-11,0.9795830829325327,0.02041689935397399,1.765395539789623e-08,25,20,20
26,2642,5.955255911783113e-11,0.979132122745347,0.020867859839252958,1.7355847445473544e-08,25,20,20
26,2643,1.1340565284925537e-08,0.9224286134272613,0.07757135778177951,1.7450394009911835e-08,25,20,20
26,2644,1.1340577808361687e-08,0.897179676779381,0.10282029442951827,1.745052275398101e-08,25,20,20
26,2645,1.1347053702996905e-08,0.8598641497249809,0.14010408092602422,3.175800194129642e-05,25,20,20
26,2646,9.306357446035655e-06,0.8215559014297199,0.17840301693159602,3.177528123655609e-05,25,20,20
26,2647,9.306357440951224e-06,0.8502935562005929,0.14966536224969496,3.177519227060149e-05,25,20,20
26,2648,9.306357440951224e-06,0.8502935562005929,0.14966536224969496,3.177519227060149e-05,25,20,20
26,2649,9.306357627885671e-06,0.8507447776989305,0.14921414075107478,3.1775192366413366e-05,25,20,20
26,2650,1.1347246827198254e-08,0.8907752297147296,0.10919298375148812,3.177518653512691e-05,25,20,20
26,2651,1.1347251277664452e-08,0.8627997056126148,0.13716850145102805,3.178158910528824e-05,25,20,20
26,2652,1.1366246015566993e-08,0.8488831853336752,0.1510850278081444,3.1775491933702595e-05,25,20,20
26,2653,1.1366246015566993e-08,0.8488831853336752,0.1510850278081444,3.1775491933702595e-05,25,20,20
26,2654,1.5989175585116226e-08,0.8345299915280633,0.16543430487948993,3.56876032699187e-05,25,20,20
26,2655,0.023140401110525528,0.874212385009452,0.10261152676629254,3.568711373003964e-05,25,20,20
26,2656,0.02408580480314745,0.8154942544658706,0.16038370685363337,3.6233877347590937e-05,25,20,20
26,2657,1.1324987969091273e-08,0.8967112597414371,0.10325249513167327,3.62338019019526e-05,25,20,20
26,2658,1.3102459140427269e-08,0.9071834438013466,0.09277967420428862,3.6868891905774564e-05,25,20,20
26,2659,1.8605310583226082e-09,0.836699390312127,0.16326327754639514,3.733028094585268e-05,25,20,20
26,2660,9.780525543185403e-11,0.8229068048105032,0.1770564998997251,3.669519196564986e-05,25,20,20
26,2661,9.780525543185403e-11,0.8229068048105032,0.1770564998997251,3.669519196564986e-05,25,20,20
26,2662,9.791606705044731e-11,0.8399448986355432,0.1600189355104133,3.616575612672756e-05,25,20,20
26,2663,1.6206051306561697e-10,0.8926908325399924,0.10727300123654361,3.616606140307324e-05,25,20,20
26,2664,1.319149773204762e-10,0.8796235014660155,0.12037600182035268,4.965817163933024e-07,25,20,20
26,2665,1.3191126848975327e-10,0.8813419694963629,0.11865753379010086,4.965816247146375e-07,25,20,20
26,2666,1.636657417976349e-10,0.8027992522547125,0.19720025722183304,4.903597879010973e-07,25,20,20
26,2667,1.636657417976349e-10,0.8027992522547125,0.19720025722183304,4.903597879010973e-07,25,20,20
26,2668,2.0670255249771457e-09,0.8905209648556278,0.109477339088816,1.693988530104578e-06,25,20,20
26,2669,2.1229126520025454e-07,0.8325553030291039,0.16744228417626986,2.200503360287697e-06,25,20,20
26,2670,4.779108687325167e-09,0.8673585118373807,0.13263978939670384,1.6939868061946609e-06,25,20,20
26,2671,4.730095758202467e-09,0.8692876775536237,0.1307106240402125,1.6936760676223103e-06,25,20,20
26,2672,0.0003011338183870718,0.9194553549439456,0.08024181720175431,1.6940359122324646e-06,25,20,20
26,2673,0.00030113313430740746,0.90293885109702,0.09675832173252485,1.6940361470380332e-06,25,20,20
26,2674,4.014955799412587e-09,0.9192831837787085,0.08071511853551078,1.693670824356659e-06,25,20,20
26,2675,4.027323250679938e-09,0.9204510622293037,0.07954724007237968,1.6936709928008792e-06,25,20,20
26,2676,1.660798746354741e-08,0.9324313279872901,0.06756862641806141,2.8986660393104938e-08,25,20,20
26,2677,1.3866625250706672e-08,0.9438143983576894,0.05618556983836749,1.7937317596434387e-08,25,20,20
26,2678,1.381693494520789e-08,0.9472844963233303,0.052715471924242224,1.7935492376853498e-08,25,20,20
26,2679,7.070301539654308e-08,0.9226418793686447,0.0773580322998502,1.7628489331307452e-08,25,20,20
26,2680,7.077391057962739e-08,0.8826426935611468,0.11735721767328561,1.7991656521312713e-08,25,20,20
26,2681,8.205226119605434e-08,0.8720086274610577,0.12799126711535008,2.3371330303720932e-08,25,20,20
26,2682,8.205226119605434e-08,0.8720086274610577,0.12799126711535008,2.3371330303720932e-08,25,20,20
26,2683,8.204009778247378e-08,0.8716108000070188,0.12838909458160938,2.3371273319110295e-08,25,20,20
26,2684,8.200810425979587e-08,0.8040757681649663,0.1959233034108946,8.464160343533401e-07,25,20,20
26,2685,8.200810425979587e-08,0.8040757681649663,0.1959233034108946,8.464160343533401e-07,25,20,20
26,2686,1.1906570067606153e-07,0.8797475748390441,0.12025133314279525,9.729524592808269e-07,25,20,20
26,2687,4.847512870145563e-08,0.9297085389586137,0.07029043961026674,9.729559907833651e-07,25,20,20
26,2688,3.719715459921122e-08,0.9884158554136505,0.011583139589780071,9.67799414985753e-07,25,20,20
26,2689,3.789105875044783e-08,0.9882827622159006,0.011716214290505716,9.856025350048392e-07,25,20,20
26,2690,3.789105875044783e-08,0.9882827622159006,0.011716214290505716,9.856025350048392e-07,25,20,20
26,2691,3.7890608188381516e-08,0.9900415868160382,0.009957424469283474,9.508240701523367e-07,25,20,20
26,2692,3.789081189321439e-08,0.9883544253484509,0.011644585931347196,9.508293900406603e-07,25,20,20
26,2693,3.7890797201260094e-08,0.9878849418097094,0.012114069464783281,9.508347100592003e-07,25,20,20
26,2694,3.789163863323882e-08,0.9866775007041368,0.013321510575068828,9.508291555492137e-07,25,20,20
26,2695,3.784284253825956e-08,0.9883969223920264,0.01160208863892777,9.511262032449787e-07,25,20,20
26,2696,2.3138691936027244e-06,0.9423307871793373,0.057666891320125514,7.631343047117074e-09,25,20,20
26,2697,2.3138691936027244e-06,0.9423307871793373,0.057666891320125514,7.631343047117074e-09,25,20,20
26,2698,2.3136698698919454e-06,0.9499039674420596,0.05009371735135021,1.5367194214654904e-09,25,20,20
26,2699,2.471932272685686e-06,0.9498774920295788,0.05012003449595785,1.5421897915270665e-09,25,20,20
26,2700,1.5943178331336262e-07,0.9153357773929475,0.0846640622309295,9.443393534338685e-10,25,20,20
26,2701,1.594385813399468e-07,0.8856402337045942,0.11435960591057574,9.462482274912748e-10,25,20,20
26,2702,1.5948803787218872e-07,0.9349636156648752,0.06503622358423984,1.262846424780576e-09,25,20,20
26,2703,1.5944085388652962e-07,0.9361734322581232,0.06382640735683927,9.441829579956166e-10,25,20,20
26,2704,1.5869866977452595e-07,0.9372147175514453,0.0627851231230005,6.268842061690101e-10,25,20,20
26,2705,1.5869866977452595e-07,0.9372147175514453,0.0627851231230005,6.268842061690101e-10,25,20,20
26,2706,2.2930793038699004e-06,0.9510808454189005,0.04891684360812382,1.7893671452365588e-08,25,20,20
26,2707,2.2927054510182917e-06,0.9415829318136923,0.05841475758730083,1.7893555390976586e-08,25,20,20
26,2708,2.292698878562586e-06,0.9904985080322501,0.00949918137539278,1.7893478484662565e-08,25,20,20
26,2709,0.0013234409847558185,0.9202238877072516,0.07845264984932744,2.1458664281580006e-08,25,20,20
26,2710,0.0013234409839159502,0.9207809929225875,0.07789554431840076,2.177509500040831e-08,25,20,20
26,2711,0.0013234409962200788,0.9224898835007238,0.07618665371708537,2.178597008490127e-08,25,20,20
26,2712,0.0013234409962200788,0.9224898835092921,0.07618665370861456,2.178587259286308e-08,25,20,20
26,2713,0.0013234409962200788,0.9224898835092921,0.07618665370861456,2.178587259286308e-08,25,20,20
26,2714,0.0013234409962200788,0.9224898835092921,0.07618665370861456,2.178587259286308e-08,25,20,20
26,2715,0.0013234409962200788,0.9224898835092921,0.07618665370861456,2.178587259286308e-08,25,20,20
26,2716,0.0013234411942218756,0.8953690476239798,0.10330720093389792,3.1024790002211854e-07,25,20,20
26,2717,2.1735516316023753e-06,0.9329035679547387,0.06709393402588891,3.244677405771955e-07,25,20,20
26,2718,2.1735516316023753e-06,0.9329035679547387,0.06709393402588891,3.244677405771955e-07,25,20,20
26,2719,2.1726792399170666e-06,0.973793922719803,0.026203886171593055,1.8429363886041077e-08,25,20,20
26,2720,2.1726790409695755e-06,0.970813534845003,0.0291842737450171,1.8730938585850253e-08,25,20,20
26,2721,2.1726782005173746e-06,0.9720320117378326,0.02796579685312271,1.8730844172053555e-08,25,20,20
26,2722,2.172678537770494e-06,0.9715504888977098,0.028447319687256115,1.873649613303216e-08,25,20,20
26,2723,2.172678745449427e-06,0.9869368220777308,0.013060986501431665,1.8742091652751322e-08,25,20,20
26,2724,2.172709928187153e-06,0.9203176913784878,0.07968010010218447,3.5809398606002874e-08,25,20,20
26,2725,2.176138344635447e-06,0.9556512091660058,0.04434657859778419,3.609786443530777e-08,25,20,20
26,2726,4.2431395184569056e-08,0.958395289427991,0.04160463233247504,3.580813806376162e-08,25,20,20
26,2727,3.527809548914303e-09,0.921595756365758,0.07840419336249649,4.6743935588523025e-08,25,20,20
26,2728,1.1358454953950974e-06,0.8643610257336414,0.13563613171995595,1.706700906584889e-06,25,20,20
26,2729,1.135828550016176e-06,0.8720554028079652,0.12794120274490803,2.258618575996344e-06,25,20,20
26,2730,1.135828550016176e-06,0.8720554028079652,0.12794120274490803,2.258618575996344e-06,25,20,20
26,2731,1.136381624137438e-06,0.8709137791963147,0.12908285422633697,2.230195723758412e-06,25,20,20
26,2732,1.1358281741140868e-06,0.9083882048029974,0.09160842917321457,2.2301956131596703e-06,25,20,20
26,2733,3.496051378442473e-09,0.9686121568310171,0.031387268956660955,5.70716270259315e-07,25,20,20
26,2734,3.7441226903502315e-09,0.962268442932089,0.037731534717256654,1.860653114238558e-08,25,20,20
26,2735,7.307514679209378e-08,0.9227474511987914,0.07721674114027634,3.573458578466861e-05,25,20,20
26,2736,9.936276318325243e-10,0.9059005251350857,0.0940626074066863,3.6866464599741446e-05,25,20,20
26,2737,9.727872715837665e-10,0.9289401551296723,0.0710245709828325,3.5272914707139815e-05,25,20,20
26,2738,9.720229181373455e-10,0.9043648044621452,0.09559991524855717,3.5279317274044546e-05,25,20,20
26,2739,7.347634179633395e-10,0.9399590858596027,0.06000564040294951,3.527300268365119e-05,25,20,20
26,2740,7.763421346898552e-10,0.9293404306908194,0.07065955003238278,1.850045543406313e-08,25,20,20
26,2741,8.000164411769517e-10,0.9280617685714222,0.07193821122042501,1.9408136005389877e-08,25,20,20
26,2742,1.2902622095717527e-06,0.8869266115858998,0.11307150932620903,5.88825680862075e-07,25,20,20
26,2743,8.862212103560904e-10,0.943530937000071,0.05646904240334656,1.9710361264789618e-08,25,20,20
26,2744,1.5606613579398464e-09,0.9430159754534156,0.05698400297241196,2.0013511011252323e-08,25,20,20
26,2745,1.56066109636957e-09,0.9430231816981487,0.0569767967332327,2.0007957609530328e-08,25,20,20
26,2746,1.5116900512291172e-09,0.9401174581588989,0.05988252043221873,1.989719205743096e-08,25,20,20
26,2747,1.6216766109195177e-08,0.8874531776342376,0.11254678645748875,1.9691506759222736e-08,25,20,20
26,2748,1.6254023860656677e-08,0.8892619196051611,0.11073804474827947,1.9392534765800093e-08,25,20,20
26,2749,1.6253165237881616e-08,0.8892112942514203,0.1107886701081771,1.9387236419421826e-08,25,20,20
26,2750,0.003136307374238996,0.8802601874952196,0.11660347082839469,3.430214573621422e-08,25,20,20
26,2751,0.0031363071851367,0.88026269634024,0.11660094488364844,5.1590974176675555e-08,25,20,20
26,2752,0.003136307186000713,0.8802482185337798,0.11661542268368955,5.159652927414679e-08,25,20,20
26,2753,0.0031363071860196646,0.8802042933936647,0.11665934750735621,5.1912958505320364e-08,25,20,20
26,2754,2.292384406981574e-06,0.8894242883995135,0.11057338247881981,3.6737259228076545e-08,25,20,20
26,2755,2.2923835396180134e-06,0.8882249147834831,0.11177275610127252,3.673170404917141e-08,25,20,20
26,2756,2.3571030807250276e-06,0.7835872166215272,0.21641038941676893,3.685862187280869e-08,25,20,20
26,2757,3.2339350842649793e-06,0.7819859999838148,0.21801037051303257,3.9556806675825205e-07,25,20,20
26,2758,3.233967627364766e-06,0.7457700750841222,0.2542262953736821,3.9557456642324027e-07,25,20,20
26,2759,2.358226686287005e-06,0.7697780801167867,0.23021926460926415,2.9704726114064584e-07,25,20,20
26,2760,6.669246586085636e-08,0.7968723833449393,0.20312725338490634,2.965776867772138e-07,25,20,20
26,2761,6.669246586085636e-08,0.7968723833449393,0.20312725338490634,2.965776867772138e-07,25,20,20
26,2762,2.830163339155685e-07,0.8290747899931897,0.17092488409607412,4.2894401829615236e-08,25,20,20
26,2763,2.183233437893103e-07,0.8272797664940613,0.17271995480580837,6.037678597960795e-08,25,20,20
26,2764,2.189747856294336e-07,0.7472668161917398,0.2527329044565913,6.037688124499747e-08,25,20,20
26,2765,1.2313367378398998e-06,0.7611437556711627,0.23755913948680862,0.0012958735052890843,25,20,20
26,2766,1.231348488899849e-06,0.7223907828469163,0.2763121122939434,0.0012958735106497023,25,20,20
26,2767,1.2307765062092644e-06,0.7611311807415839,0.23757171495697535,0.0012958735249336195,25,20,20
26,2768,1.230751794529226e-06,0.782191378207086,0.21651149974443887,0.0012958912966794295,25,20,20
26,2769,1.2306907057965942e-06,0.7828642426532031,0.21583865314574993,0.001295873510340126,25,20,20
26,2770,1.2361675472324598e-06,0.7469596795486967,0.25174318248515937,0.0012959017985954555,25,20,20
26,2771,1.230591842212477e-06,0.8274880349886922,0.1712148508641734,0.001295883555291505,25,20,20
26,2772,1.012459410787059e-06,0.866232669232341,0.13247045915049901,0.001295859157748782,25,20,20
26,2773,1.0142544480927125e-06,0.8502845574491888,0.14841855741232934,0.0012958708840332686,25,20,20
26,2774,1.0169534424036185e-06,0.8622583022676542,0.13644481008948722,0.0012958706894161504,25,20,20
26,2775,1.0169535253256156e-06,0.8400937231745362,0.15860938918803455,0.0012958706839034146,25,20,20
26,2776,1.0169535253256156e-06,0.8400937231745362,0.15860938918803455,0.0012958706839034146,25,20,20
26,2777,1.0169535253256156e-06,0.8400937231745362,0.15860938918803455,0.0012958706839034146,25,20,20
26,2778,1.0168993041115724e-06,0.86084473256884,0.13785837953174057,0.0012958710001150675,25,20,20
26,2779,4.467397119489369e-09,0.885344478653003,0.11465545870726226,5.817233699355793e-08,25,20,20
26,2780,4.467412142495882e-09,0.8853091843644648,0.1146907526790013,5.8489121425835124e-08,25,20,20
26,2781,4.4671992596975985e-09,0.8670009741907129,0.13299896316632426,5.817576309686768e-08,25,20,20
26,2782,4.459979188381512e-09,0.8879941938889059,0.11200574347539384,5.8175720498917826e-08,25,20,20
26,2783,4.459979188381512e-09,0.8879941938889059,0.11200574347539384,5.8175720498917826e-08,25,20,20
26,2784,4.460114593271406e-09,0.9300947601861094,0.06990517698321062,5.837056474996952e-08,25,20,20
26,2785,8.971732505114862e-07,0.8938881989889432,0.10611084604481898,5.779298670829487e-08,25,20,20
26,2786,8.954458644312241e-07,0.8674255072191818,0.13257355226069392,4.507425943035253e-08,25,20,20
26,2787,1.6287481691965905e-05,0.8292277999591673,0.17075574399471344,1.685644273216528e-07,25,20,20
26,2788,1.539547316363787e-05,0.867504527829527,0.13247990813499108,1.6856231771357063e-07,25,20,20
26,2789,1.539547316363787e-05,0.867504527829527,0.13247990813499108,1.6856231771357063e-07,25,20,20
26,2790,1.541951060404252e-05,0.8462205534007546,0.15376372232536145,3.0476327967101836e-07,25,20,20
26,2791,1.5419510603825713e-05,0.847494099432045,0.15249017629416384,3.0476318700974814e-07,25,20,20
26,2792,3.4120198449968294e-09,0.9252641161801419,0.07473583563490965,4.4772928545382846e-08,25,20,20
26,2793,3.3925426876843035e-09,0.9641372646210493,0.03586268722213035,4.47642778413048e-08,25,20,20
26,2794,3.3925464934754925e-09,0.9641065358898596,0.03589341595341209,4.476418202934366e-08,25,20,20
26,2795,9.635572668009108e-08,0.9472715069400084,0.052728341493772174,5.521049266627185e-08,25,20,20
26,2796,9.636747442384706e-08,0.9440111868784726,0.055988644371226554,7.238282660336973e-08,25,20,20
26,2797,9.636113178797572e-08,0.9625833798185123,0.03741646110812114,6.271223489990218e-08,25,20,20
26,2798,9.655139539485347e-08,0.9333748570947291,0.06662470585390101,3.404999741733848e-07,25,20,20
26,2799,9.655252993627725e-08,0.9096333944265601,0.0903661685134704,3.405074395965295e-07,25,20,20
26,2800,3.6380544653358752e-09,0.9283907989808303,0.07160886731998264,3.300611323073318e-07,25,20,20
26,2801,3.6380542759319666e-09,0.9301013543352513,0.06989831196565742,3.300610365699311e-07,25,20,20
26,2802,8.281213420075675e-10,0.9469260647402432,0.0530738534315418,8.10000932668657e-08,25,20,20
26,2803,8.281212810421835e-10,0.9468956926247526,0.05310422554693675,8.100018903251687e-08,25,20,20
26,2804,7.494247952385943e-10,0.9868768742240417,0.013123072754865356,5.227166777814571e-08,25,20,20
26,2805,7.494244623139821e-10,0.9868772612144241,0.013122685764580911,5.2271570256116196e-08,25,20,20
26,2806,7.494244623139821e-10,0.9868772612144241,0.013122685764580911,5.2271570256116196e-08,25,20,20
26,2807,7.496169910033105e-10,0.9855633235586572,0.014436623425653652,5.2266072077845924e-08,25,20,20
26,2808,7.496021676834393e-10,0.9868020622627138,0.013197884721703003,5.22659808807579e-08,25,20,20
26,2809,7.513234553298113e-10,0.986358207957001,0.013641739020194141,5.227148137224099e-08,25,20,20
26,2810,7.511098598805492e-10,0.9863895287961002,0.013610418488346272,5.196444338044591e-08,25,20,20
26,2811,7.511096055919959e-10,0.9876371855283058,0.012362761756330963,5.1964253169855423e-08,25,20,20
26,2812,7.021979735341515e-10,0.9893131960220682,0.01068676880297493,3.447275846150694e-08,25,20,20
26,2813,6.904581354230538e-10,0.9906220179163284,0.00937796409278916,1.7300424013240176e-08,25,20,20
26,2814,1.0941221884417063e-09,0.944185414166806,0.055814235202665916,3.495364054038778e-07,25,20,20
26,2815,7.203857162495665e-10,0.9629514723185824,0.03704815993308602,3.670279457948717e-07,25,20,20
26,2816,7.894458717576039e-10,0.9399102959303781,0.06008933625502408,3.670251514457842e-07,25,20,20
26,2817,7.734829628748266e-10,0.9411814688050103,0.05881848922442884,4.1197077844166286e-08,25,20,20
26,2818,7.793221790774127e-10,0.9004946662152022,0.09950529769273014,3.531274553421137e-08,25,20,20
26,2819,7.093882001105026e-10,0.9239840479470803,0.07601591603368126,3.5309850096134244e-08,25,20,20
26,2820,5.269182301233444e-09,0.848380199104237,0.1516197369702036,5.865637720764865e-08,25,20,20
26,2821,5.268004573374221e-09,0.8882861780534119,0.11171375802201573,5.8656567741972345e-08,25,20,20
26,2822,6.904539366458997e-10,0.9931161906472602,0.0068837738703380995,3.4791947823936295e-08,25,20,20
26,2823,6.895624359677425e-10,0.9919261791561109,0.008073785054485656,3.509984124223569e-08,25,20,20
26,2824,7.093531203828164e-10,0.954352081980081,0.04564789970206422,1.7608501540238165e-08,25,20,20
26,2825,7.663866950673717e-10,0.9389284447164034,0.06107153689983795,1.761737186032705e-08,25,20,20
26,2826,6.971419145943323e-10,0.9519998610276204,0.048000120663444806,1.7611792798944692e-08,25,20,20
26,2827,7.327089592194329e-10,0.9765625476321763,0.023437434017798214,1.7617316962511334e-08,25,20,20
26,2828,1.890046308025921e-09,0.896117236564278,0.10388274392774101,1.761793469996101e-08,25,20,20
26,2829,7.329101259433543e-10,0.9740328231669675,0.025967140996774104,3.510334838996249e-08,25,20,20
26,2830,7.331347471651265e-10,0.9744763858201797,0.0255235786511771,3.479550846564856e-08,25,20,20
26,2831,5.878109343358748e-11,0.9762575265398777,0.023742455883672818,1.7517668536914232e-08,25,20,20
26,2832,5.87813604658824e-11,0.9762351290131499,0.023764853410302777,1.7517765976553982e-08,25,20,20
26,2833,5.877754906405081e-11,0.9762672624356873,0.0237327199878667,1.7517668559615417e-08,25,20,20
26,2834,5.794069609629447e-11,0.9769293215430918,0.02307067837260189,2.6365885968525508e-11,25,20,20
26,2835,1.0557592593361537e-09,0.9510770023000876,0.048922996617849816,2.6303441050338155e-11,25,20,20
26,2836,1.0000089677602291e-11,0.9764288119374968,0.02357118772309295,3.294103182775665e-10,25,20,20
26,2837,2.606670089116136e-12,0.9918326841729512,0.008167315498442747,3.259992588458056e-10,25,20,20
26,2838,2.3935120010593384e-12,0.9912455473103384,0.008754452366824638,3.204436428711034e-10,25,20,20
26,2839,5.699103176171853e-12,0.9679160671819551,0.03208393237988449,4.324613411088824e-10,25,20,20
26,2840,5.5438945212375316e-11,0.9420397472445162,0.05796025214970295,5.503420206607553e-10,25,20,20
26,2841,5.5438945212375316e-11,0.9420397472445162,0.05796025214970295,5.503420206607553e-10,25,20,20
26,2842,5.524005790377425e-11,0.9426607283958526,0.05733927099866004,5.502473704108707e-10,25,20,20
26,2843,1.0009761196743335e-07,0.9262251739471481,0.07377472012098697,5.834252931744248e-09,25,20,20
26,2844,1.0047839606155884e-07,0.892628367962188,0.10737086669105832,6.64868357048481e-07,25,20,20
26,2845,1.0010439052656884e-07,0.9101776273310652,0.08982161696924543,6.555952981351673e-07,25,20,20
26,2846,1.0010440521821016e-07,0.9089610771946431,0.09103816711111573,6.555898352105375e-07,25,20,20
26,2847,1.0010439040727715e-07,0.9119174148102728,0.08808183010587126,6.549794650535825e-07,25,20,20
26,2848,1.0010460063577663e-07,0.9107204493612735,0.08927879554927363,6.549848516015657e-07,25,20,20
26,2849,1.0006715957293813e-07,0.9090551378401008,0.09094410680631221,6.552864267645334e-07,25,20,20
26,2850,1.0006715956802408e-07,0.9096339141836727,0.0903653304571861,6.552919812177627e-07,25,20,20
26,2851,2.2343543966604417e-10,0.9231130356115669,0.07688630888001483,6.552849827097336e-07,25,20,20
26,2852,2.5115025739436117e-11,0.9518581069192175,0.04814124284905386,6.5020661363579e-07,25,20,20
26,2853,4.0871739477541295e-10,0.9308485632476214,0.06915141840105807,1.7942602831533207e-08,25,20,20
26,2854,4.217785598646648e-10,0.9027144170019593,0.09728557734438886,5.231872502743193e-09,25,20,20
26,2855,4.0785761946667155e-10,0.914415021642096,0.08558497747512703,4.749187774331195e-10,25,20,20
26,2856,3.5989140816865827e-10,0.9173824742813462,0.08261752488374455,4.750172327669986e-10,25,20,20
26,2857,3.555089918275376e-10,0.9415150076098238,0.05848499167167137,3.629954369157104e-10,25,20,20
26,2858,3.5554330447913593e-10,0.9414224725571555,0.05857752671865016,3.686507516316096e-10,25,20,20
26,2859,3.5576360742965363e-10,0.9396729302736665,0.060327069001920884,3.686490208958925e-10,25,20,20
26,2860,3.557633464812697e-10,0.9396951967232253,0.06030480286888723,5.212397642085679e-11,25,20,20
26,2861,3.55767386394025e-10,0.8992372061321661,0.10076279345994742,5.211924964543233e-11,25,20,20
26,2862,3.746772637224872e-10,0.8792889998670552,0.1207109994006414,3.5762675206535174e-10,25,20,20
26,2863,7.985513520747171e-12,0.9136284498960444,0.08637155007583575,2.0134634712007062e-11,25,20,20
26,2864,7.768854570693694e-12,0.9136600772295246,0.08633992274266782,2.003887083955275e-11,25,20,20
26,2865,7.034396004886775e-12,0.9336308681160042,0.0663691222565809,9.620380383854993e-09,25,20,20
26,2866,7.034396004886775e-12,0.9336308681160042,0.0663691222565809,9.620380383854993e-09,25,20,20
26,2867,7.034266927464246e-12,0.9336001459914525,0.06639984438113285,9.62038030944516e-09,25,20,20
26,2868,7.034594720095782e-12,0.9335471513824811,0.06645283867367474,9.936809541959228e-09,25,20,20
26,2869,5.472457190166839e-09,0.9345529479139913,0.06544703667660402,9.936947550145796e-09,25,20,20
26,2870,8.095030502985436e-12,0.9549652153300154,0.0450347747276282,9.934261361393226e-09,25,20,20
26,2871,7.957216849233221e-12,0.9754474407085105,0.024552558949703887,3.338286406344267e-10,25,20,20
26,2872,7.95701312455889e-12,0.9742307244880765,0.025769275170045233,3.339214848104991e-10,25,20,20
26,2873,7.95701312455889e-12,0.9742307244880765,0.025769275170045233,3.339214848104991e-10,25,20,20
26,2874,8.8508671021677e-12,0.9558295131040419,0.04417048623709638,6.500109289436693e-10,25,20,20
26,2875,8.85428981468165e-12,0.9546137275276558,0.04538627180809059,6.553992638014405e-10,25,20,20
26,2876,2.5883062486357596e-10,0.9288525620413273,0.07114743096406173,6.735779913815883e-09,25,20,20
26,2877,2.597765842819666e-10,0.8893698126251932,0.11063018032830024,6.78672992249936e-09,25,20,20
26,2878,2.52980187355109e-10,0.9080314057016943,0.09196858726389605,6.781429670306194e-09,25,20,20
26,2879,2.701157463831966e-09,0.9902802043422945,0.009719774775370544,1.8181178068422567e-08,25,20,20
26,2880,2.701157463831966e-09,0.9902802043422945,0.009719774775370544,1.8181178068422567e-08,25,20,20
26,2881,9.03606063104613e-08,0.9420297279128634,0.057969865345729704,3.163808001422698e-07,25,20,20
26,2882,9.0360259441385e-08,0.9139299532086003,0.0860696579112916,2.9851984842454036e-07,25,20,20
26,2883,9.0360259441385e-08,0.9139299532086003,0.0860696579112916,2.9851984842454036e-07,25,20,20
26,2884,9.027212594110995e-08,0.9443004549061881,0.055699444745131554,1.0076554151615974e-08,25,20,20
26,2885,9.061441037953328e-08,0.9167852368755459,0.08321466263765293,9.872390784516586e-09,25,20,20
26,2886,9.061386124598675e-08,0.944113669802445,0.05588622970574612,9.877947631394819e-09,25,20,20
26,2887,8.961518560991646e-08,0.9687319731506072,0.031267927150881066,1.0083326356578515e-08,25,20,20
26,2888,8.682662694919276e-08,0.9695135496339057,0.030486353450780566,1.0088687072921627e-08,25,20,20
26,2889,9.861690628102923e-08,0.9148980410861605,0.08510185031726318,9.979669609415818e-09,25,20,20
26,2890,1.2473331439316262e-05,0.9004462788103739,0.09954123787896789,9.979218437071905e-09,25,20,20
26,2891,8.408111815295594e-08,0.973039849462099,0.026960056665892136,9.790890866566785e-09,25,20,20
26,2892,8.408088893492691e-08,0.973026963115531,0.026972943012597974,9.790982080330322e-09,25,20,20
26,2893,8.408069839981431e-08,0.934723447216289,0.06527645891735491,9.785657287404735e-09,25,20,20
26,2894,8.408068366659494e-08,0.9353111178336597,0.06468878861211401,9.473542140620495e-09,25,20,20
26,2895,2.692762695052301e-12,0.9920038108216057,0.007996189136545491,3.9156032964386425e-11,25,20,20
26,2896,3.33637302689781e-11,0.975130432794553,0.024869558186410488,8.985672558988175e-09,25,20,20
26,2897,3.336399267972932e-11,0.97511419789829,0.024885793088228844,8.980116891570359e-09,25,20,20
26,2898,5.086002095452031e-11,0.9492833657137777,0.050716625255246166,8.980115796618978e-09,25,20,20
26,2899,9.76221116837271e-11,0.9311640731499128,0.06883591747425162,9.278213240370554e-09,25,20,20
26,2900,2.5933305752728e-07,0.9066016062931165,0.09339812508645944,9.287366287391762e-09,25,20,20
26,2901,8.011462273155286e-11,0.9724118759953658,0.027588114646270943,9.278248610386245e-09,25,20,20
26,2902,3.334146385300528e-11,0.9745924890740666,0.025407501614338118,9.278253899734805e-09,25,20,20
26,2903,3.334146385300528e-11,0.9745924890740666,0.025407501614338118,9.278253899734805e-09,25,20,20
26,2904,2.6481157472414296e-12,0.9935055383258188,0.006494461345355249,3.261778877659529e-10,25,20,20
26,2905,1.0246729809085648e-11,0.9780894848561933,0.02191051480406517,3.2949480848698454e-10,25,20,20
26,2906,1.0261096616934531e-11,0.976369008424934,0.023630973956363596,1.7608441127389946e-08,25,20,20
26,2907,1.0261096616934531e-11,0.976369008424934,0.023630973956363596,1.7608441127389946e-08,25,20,20
26,2908,1.1132826789129635e-11,0.977599627815894,0.022400354247888495,1.7925084565715756e-08,25,20,20
26,2909,1.1763706662334981e-11,0.9792951375079901,0.020704844555084114,1.792516195200068e-08,25,20,20
26,2910,2.4615687931104308e-11,0.9789922033199773,0.021007796003704376,6.517025888966236e-10,25,20,20
26,2911,2.4615687931104308e-11,0.9789922033199773,0.021007796003704376,6.517025888966236e-10,25,20,20
26,2912,2.4631172927482528e-11,0.9789629737475252,0.021037025576139276,6.517042690390831e-10,25,20,20
26,2913,2.3745554995505668e-11,0.9636027288121594,0.036397270512332616,6.517625573087052e-10,25,20,20
26,2914,2.3959148142398247e-11,0.9629702529217736,0.03702974640259883,6.516683439972773e-10,25,20,20
26,2915,2.3133392379556934e-11,0.9641428285773608,0.03585717074774335,6.517625075081875e-10,25,20,20
26,2916,2.3396306487265404e-11,0.9047068497671792,0.09529314986629876,3.431254667105113e-10,25,20,20
26,2917,2.6869050152393422e-09,0.8922130126575452,0.10778600940664561,9.752489040121949e-07,25,20,20
26,2918,0.00046886829549309164,0.8505422429817711,0.14898784712514473,1.0415975908630224e-06,25,20,20
26,2919,8.656521157255232e-09,0.9093175440453414,0.09068147168306163,9.756150760647032e-07,25,20,20
26,2920,5.397411432431448e-09,0.9263475332747879,0.07365148590660132,9.754211994837159e-07,25,20,20
26,2921,5.397426170375653e-09,0.9257598609672694,0.07423915821400885,9.754212954906486e-07,25,20,20
26,2922,5.397224256969861e-09,0.9245289385456913,0.07547008063588452,9.754211996727478e-07,25,20,20
26,2923,1.6422489774839908e-07,0.9624401485635965,0.03755871196633219,9.752451735352885e-07,25,20,20
26,2924,2.025856733246558e-07,0.9319802802501295,0.0672239869339282,0.0007955302302691274,25,20,20
26,2925,2.0258567173695523e-07,0.957802464794092,0.04140180238987026,0.0007955302303660719,25,20,20
26,2926,1.9988185098243956e-07,0.9577429809987517,0.041461288889214985,0.0007955302301823433,25,20,20
26,2927,1.9988184724511386e-07,0.9560565429971507,0.04314772688549965,0.0007955302355023389,25,20,20
26,2928,2.0424844537935299e-07,0.9171406084659504,0.08206365704159359,0.0007955302440105868,25,20,20
26,2929,2.0424844537935299e-07,0.9171406084659504,0.08206365704159359,0.0007955302440105868,25,20,20
26,2930,1.9986986057825028e-07,0.9548777730624797,0.044326479553414073,0.0007955475142454716,25,20,20
26,2931,1.9986985676721395e-07,0.9548477848177851,0.04435646779820824,0.0007955475141496308,25,20,20
26,2932,1.9991760541649404e-07,0.955367232787569,0.043837036752542934,0.0007955305422825439,25,20,20
26,2933,1.5888637833195711e-07,0.987991139072681,0.012008701398497601,6.424431310422368e-10,25,20,20
26,2934,1.5888639704561873e-07,0.989699030079446,0.010300810391287657,6.42869275750246e-10,25,20,20
26,2935,1.595908600362866e-07,0.9913759673482719,0.008623872417904428,6.429634631950159e-10,25,20,20
26,2936,1.5959001073167317e-07,0.9922326162292756,0.0077672235377480294,6.429654942150198e-10,25,20,20
26,2937,1.5958999605665713e-07,0.9922326140421497,0.007767225724983461,6.428711422170055e-10,25,20,20
26,2938,1.595899963846756e-07,0.9921943577486537,0.007805482018477369,6.428728219755328e-10,25,20,20
26,2939,1.595899963846756e-07,0.9921943577486537,0.007805482018477369,6.428728219755328e-10,25,20,20
26,2940,1.5959001180218375e-07,0.9921793086188618,0.007820531148253816,6.428728213204881e-10,25,20,20
26,2941,1.5959000797571005e-07,0.9921357113831221,0.007864128384190932,6.426794288479e-10,25,20,20
26,2942,1.5959002272083908e-07,0.9909955380983009,0.009004301663601385,6.480753926465138e-10,25,20,20
26,2943,1.5959013107140306e-07,0.9747420554943678,0.025257784264568626,6.509325766038832e-10,25,20,20
26,2944,1.5959013107140306e-07,0.9747420554943678,0.025257784264568626,6.509325766038832e-10,25,20,20
26,2945,1.5959013107140306e-07,0.9747420554943678,0.025257784264568626,6.509325766038832e-10,25,20,20
26,2946,5.015924658602548e-11,0.9748261910168853,0.025173808584101627,3.488540106800377e-10,25,20,20
26,2947,5.015924658602548e-11,0.9748261910168853,0.025173808584101627,3.488540106800377e-10,25,20,20
26,2948,5.015592231369656e-11,0.975975583329416,0.02402441627697005,3.434580472760021e-10,25,20,20
26,2949,5.0155549311290864e-11,0.9759553863291431,0.024044613282797663,3.37903843736067e-10,25,20,20
26,2950,5.096263971840488e-11,0.973224310481211,0.02677470017733783,9.892904887293934e-07,25,20,20
26,2951,5.182709385530516e-11,0.97332127796833,0.02667773238583331,9.895940095230666e-07,25,20,20
26,2952,0.0010552857647620822,0.9337770616713915,0.06516666232397476,9.902398713499957e-07,25,20,20
26,2953,0.0010552857648971439,0.9133168158896215,0.08562690780783243,9.905376486013528e-07,25,20,20
26,2954,5.281066306040406e-11,0.9532334147587527,0.046765595302053695,9.898863826792677e-07,25,20,20
26,2955,5.279273237575741e-11,0.9274317086001149,0.07256729668761022,9.946594818191796e-07,25,20,20
26,2956,1.4844231056476786e-07,0.9243929535259012,0.07560495320386507,1.944827922659753e-06,25,20,20
26,2957,1.4846490528328146e-07,0.9144907842920028,0.08550664945507797,2.4177880138349805e-06,25,20,20
26,2958,1.48464920041689e-07,0.9132738769492537,0.08672355649077627,2.418095050257916e-06,25,20,20
26,2959,3.350808758636876e-06,0.8950728467045056,0.10492185699866552,1.9454880706781663e-06,25,20,20
26,2960,1.4848935376450611e-07,0.9209429703215908,0.07905592500950599,9.561795487030884e-07,25,20,20
26,2961,1.4849970017601166e-07,0.9595638087836531,0.04043508654276201,9.561738844979368e-07,25,20,20
26,2962,1.48499889471962e-07,0.9582595571148532,0.041739338200693456,9.561845635465313e-07,25,20,20
26,2963,1.4845191424441886e-07,0.959524124621065,0.04047477104943878,9.558775818077938e-07,25,20,20
26,2964,1.4845274080069227e-07,0.9582853456819737,0.04171354997666337,9.55888621670408e-07,25,20,20
26,2965,1.4845274793797863e-07,0.9570296260963396,0.042969269556642556,9.558942695476664e-07,25,20,20
26,2966,1.4840541581173662e-07,0.9570365572165579,0.042962338172672025,9.562053540208476e-07,25,20,20
26,2967,1.484037102243074e-07,0.959962515826912,0.04003637957486598,9.561945117598573e-07,25,20,20
26,2968,1.484047166709665e-07,0.9577812182969988,0.04221767740531821,9.558929662106464e-07,25,20,20
26,2969,1.484047204023033e-07,0.9577493544017796,0.04224954130062934,9.558928704123712e-07,25,20,20
26,2970,1.484157048603236e-07,0.95895450385778,0.041044397124245,9.506022696461534e-07,25,20,20
26,2971,1.4841571893363098e-07,0.9877680743227536,0.012230826742763191,9.505187639589251e-07,25,20,20
26,2972,1.4841638270510692e-07,0.9649104733772874,0.03508842767662328,9.505297062345594e-07,25,20,20
26,2973,1.4850150630589994e-07,0.9901591595241608,0.009839741450015512,9.505243171429199e-07,25,20,20
26,2974,1.4844059308445372e-07,0.9342808867157852,0.06571799671002188,9.681335994454573e-07,25,20,20
26,2975,1.4844057914935441e-07,0.9696289141562202,0.03036996938202443,9.680211759958856e-07,25,20,20
26,2976,1.4848831007953977e-07,0.9534096004807756,0.046589283020732675,9.68010181274478e-07,25,20,20
26,2977,1.5241350999526074e-07,0.9728671227225053,0.027132689679841063,3.5184143822852164e-08,25,20,20
26,2978,2.370124229658373e-07,0.9550939432354132,0.04490577474800812,4.50041554610658e-08,25,20,20
26,2979,2.370633423906626e-07,0.9259568963721263,0.07404282219332105,4.437120988464317e-08,25,20,20
26,2980,2.3785588828589657e-07,0.924735271121279,0.07526444156998698,4.945284534358881e-08,25,20,20
26,2981,2.3701433257737563e-07,0.9534714907731303,0.0465282278414453,4.437109132560062e-08,25,20,20
26,2982,8.540344265999753e-08,0.9563188523863856,0.04368103487049025,2.7339681284121356e-08,25,20,20
26,2983,8.954711585668505e-07,0.9012439721390525,0.0987550986737322,3.3716056555539284e-08,25,20,20
26,2984,8.954702713161693e-07,0.8995345523867866,0.1004645184216631,3.3721279018395307e-08,25,20,20
26,2985,8.954702765667724e-07,0.8737118265166677,0.12628724428990354,3.3723152187638106e-08,25,20,20
26,2986,8.108746305284429e-07,0.8656505812933184,0.1343485836125436,2.4219507365706137e-08,25,20,20
26,2987,8.062552812428798e-10,0.891449246228703,0.10855073513129695,1.783374476672168e-08,25,20,20
26,2988,8.062585515858637e-10,0.8914397693982056,0.10856021196188691,1.7833648977473794e-08,25,20,20
26,2989,8.062585411395722e-10,0.8914398007477492,0.10856018061234496,1.7833647296044417e-08,25,20,20
26,2990,8.182883964726339e-10,0.9143474717109725,0.08565249205269783,3.541804122079137e-08,25,20,20
26,2991,1.8552164635017588e-09,0.8786947472805169,0.12130521532980022,3.55344663470189e-08,25,20,20
26,2992,0.03970067590695908,0.8566801638803824,0.1036159802776585,3.179934999699128e-06,25,20,20
26,2993,1.8541591014787734e-09,0.9111683786901733,0.08883158381582115,3.5639846463748094e-08,25,20,20
26,2994,6.058003497234926e-07,0.8646802477648282,0.13531912343642302,2.299839937496682e-08,25,20,20
26,2995,1.2057983215898419e-08,0.9029612055853977,0.0970387593536184,2.3003000737422233e-08,25,20,20
26,2996,5.72415888807574e-11,0.8246998215725173,0.1753001604044416,1.7965799812955716e-08,25,20,20
26,2997,1.6962942068694997e-09,0.7893622912882269,0.21063767856048138,2.8454996063239825e-08,25,20,20
26,2998,2.131341464087241e-09,0.8356336556121208,0.16436631363003623,2.862650173930428e-08,25,20,20
26,2999,2.1687625449522476e-09,0.777929054458255,0.22206986751469823,1.0758582837935995e-06,25,20,20
26,3000,2.1687063138402356e-09,0.8191224020348818,0.18087651994473652,1.0758516752905478e-06,25,20,20
26,3001,2.1678908394399913e-09,0.8207867504060339,0.1792121715796258,1.0758464494572328e-06,25,20,20
26,3002,7.181304807071664e-11,0.9326889698551974,0.06731099518770411,3.488528514558329e-08,25,20,20
26,3003,4.5848355341007834e-11,0.9124856119983756,0.08751435275676965,3.5199006277153804e-08,25,20,20
26,3004,4.6068978099564254e-11,0.9141449103947268,0.08585505435464266,3.520456141770317e-08,25,20,20
26,3005,1.595177399972875e-11,0.9275082512427177,0.07249171353141179,3.520991873686926e-08,25,20,20
26,3006,1.5615810221191296e-11,0.9664209880419845,0.03357897673263016,3.520976945753415e-08,25,20,20
26,3007,1.3469401589357834e-11,0.9476530883030406,0.05234687647946168,3.52040282491199e-08,25,20,20
26,3008,2.5428954222976997e-11,0.9471444895438789,0.052855475226653396,3.5204038818734133e-08,25,20,20
26,3009,2.551023957935967e-11,0.925119035893628,0.0748809461476014,1.7933260143215007e-08,25,20,20
26,3010,2.4672711249137092e-11,0.9234545913902291,0.07654539065203564,1.793306270907351e-08,25,20,20
26,3011,7.785552705607799e-09,0.8445586441092895,0.15544132985091122,1.8254245574474237e-08,25,20,20
26,3012,1.4711332637226361e-05,0.80627747163281,0.19370779878546945,1.8249083184732916e-08,25,20,20
26,3013,1.4712466862734713e-05,0.7401502761659958,0.25974062857374425,9.43827933967349e-05,25,20,20
26,3014,1.4777085365706772e-05,0.7413882818804813,0.2585952406688094,1.7003653431294118e-06,25,20,20
26,3015,0.00017482183171831897,0.7536650673910659,0.24615977682816456,3.3394905062913964e-07,25,20,20
26,3016,0.0001759261877759524,0.7915909332152584,0.20823280605019096,3.3454677404748894e-07,25,20,20
26,3017,0.00017592618777614448,0.7903840643047693,0.20943967496058524,3.345468685207683e-07,25,20,20
26,3018,0.00016122438659750798,0.7774518030038082,0.22238663513023949,3.3747935424272016e-07,25,20,20
26,3019,0.0001612243745806009,0.7369827742464002,0.2628556642070844,3.3717193348278566e-07,25,20,20
26,3020,0.00016122501539039895,0.6974201816544036,0.30241825647173853,3.368584666297914e-07,25,20,20
26,3021,0.00016122436064798043,0.7373992515660988,0.26243920721451847,3.1685873359755814e-07,25,20,20
26,3022,0.00016124462763179127,0.7278910917055944,0.27194734499030326,3.1867647017741756e-07,25,20,20
26,3023,1.1303131630784124e-06,0.7927305208887018,0.20726834574706218,3.0510724055460974e-09,25,20,20
26,3024,1.130313575818734e-06,0.8104722302574953,0.1895266363779846,3.0509437663396036e-09,25,20,20
26,3025,1.1521404291146012e-06,0.7717117983511866,0.2282870465924525,2.9159302632309503e-09,25,20,20
26,3026,1.1991494336956084e-06,0.7029635827656102,0.2970340111364461,1.2069485080833436e-06,25,20,20
26,3027,0.0012803580078854329,0.7439749392576422,0.254743495736675,1.2069977954909701e-06,25,20,20
26,3028,1.1991502782909015e-06,0.783800467393571,0.216197126513811,1.2069423382274087e-06,25,20,20
26,3029,9.150392513719214e-08,0.8332015340350978,0.16679716782487422,1.2066361017816481e-06,25,20,20
26,3030,4.449404364225175e-08,0.8736147592471677,0.12638519364980752,2.6089809367659975e-09,25,20,20
26,3031,4.449404364225175e-08,0.8736147592471677,0.12638519364980752,2.6089809367659975e-09,25,20,20
26,3032,4.348676115622038e-08,0.9148045237940297,0.08519543008516006,2.634049158235211e-09,25,20,20
26,3033,4.3486983653210344e-08,0.9130862609845747,0.08691369289439237,2.63404910675903e-09,25,20,20
26,3034,1.1311258700195185e-06,0.9283980660296747,0.071600295459231,5.073852241310383e-07,25,20,20
26,3035,2.395401942042043e-08,0.8781631101381997,0.12183686509129896,8.164814826972558e-10,25,20,20
26,3036,1.571306109995034e-07,0.9165708699904909,0.08342897252681201,3.520861587668967e-10,25,20,20
26,3037,1.571403477089846e-07,0.9028341033724213,0.09716573945178592,3.5444798235674174e-11,25,20,20
26,3038,1.564028599869952e-07,0.9086618763504853,0.09131693083211612,2.103641453841543e-05,25,20,20
26,3039,1.564028599869952e-07,0.9086618763504853,0.09131693083211612,2.103641453841543e-05,25,20,20
26,3040,1.5638531637452627e-07,0.9057259784677113,0.09425282873087254,2.1036416099709447e-05,25,20,20
26,3041,1.5638531752064613e-07,0.9086838756156627,0.09129493159003754,2.103640898207439e-05,25,20,20
26,3042,0.00011902246253309855,0.8982252384686454,0.10158035440762087,7.53846612003811e-05,25,20,20
26,3043,0.00011902252144030118,0.8582533513108161,0.13873792485508876,0.0028897013126543834,25,20,20
26,3044,3.11959755183409e-07,0.8964498556761675,0.10071447897961029,0.0028353533844665047,25,20,20
26,3045,3.1195981011942084e-07,0.8579630325624555,0.13920129508649084,0.00283536039124288,25,20,20
26,3046,8.213499038368702e-07,0.8179639889483922,0.17919982930799003,0.00283536039371311,25,20,20
26,3047,2.264567930101948e-06,0.7776542374715344,0.2202206052447803,0.0021228927157547,25,20,20
26,3048,2.1115771075742226e-06,0.7782823442471404,0.2195926517772186,0.002122892398533005,25,20,20
26,3049,0.00012685877156932374,0.7383346777945582,0.25941557073923943,0.0021228926946323134,25,20,20
26,3050,0.00012780963441293467,0.7799033561391456,0.21784594151688855,0.0021228927095523382,25,20,20
26,3051,0.0001278101395870865,0.7403556669718092,0.2573542809268985,0.0021622419617046986,25,20,20
26,3052,0.0001706576983884302,0.818509467075292,0.17919665164866125,0.0021232235776574657,25,20,20
26,3053,4.429683532826755e-05,0.8766610223997577,0.12117049771341631,0.0021241830514970353,25,20,20
26,3054,4.429688475834305e-05,0.8766277106734333,0.12120380907389551,0.0021241833679120758,25,20,20
26,3055,1.4488301933227358e-06,0.8754267785560078,0.12244887731655375,0.002122895297244408,25,20,20
26,3056,5.697175008592088e-09,0.9136941422889844,0.08628480538601407,2.1046627826399753e-05,25,20,20
26,3057,3.246289753208761e-07,0.8497417348402453,0.15023687164920768,2.106888157111681e-05,25,20,20
26,3058,5.696218614545796e-09,0.8830227027906515,0.11695622731036458,2.1064202764881678e-05,25,20,20
26,3059,2.9713612428709087e-09,0.8475928268316494,0.15238612327008136,2.1046926907870507e-05,25,20,20
26,3060,3.0198076243460664e-09,0.8309059956319861,0.16907295441779144,2.1046930414373358e-05,25,20,20
26,3061,3.0200222685789873e-09,0.8496077270132032,0.15037123263147814,2.1037335296096757e-05,25,20,20
26,3062,3.093755747182542e-09,0.862248499136768,0.13773045567893746,2.1042090538579312e-05,25,20,20
26,3063,3.105381458144384e-09,0.8605514347113608,0.1394275200928163,2.1042090441034974e-05,25,20,20
26,3064,3.238586581280619e-09,0.8583287115460694,0.14165024312350682,2.1042091836876285e-05,25,20,20
26,3065,5.994898273468944e-09,0.8835394628184594,0.11646050748309379,2.3703548296739765e-08,25,20,20
26,3066,1.4270577121725804e-05,0.8741601982625626,0.12582550744590143,2.371441411188225e-08,25,20,20
26,3067,1.4270577121532591e-05,0.8753979852452852,0.12458772046327164,2.371432129056529e-08,25,20,20
26,3068,3.263116249509074e-09,0.9136684828784247,0.08633148984427079,2.4014187883299764e-08,25,20,20
26,3069,3.0651311289054486e-09,0.9406703328244417,0.05932964516173687,1.8948690335053888e-08,25,20,20
26,3070,3.0659690129119767e-09,0.9556713164116188,0.04432866157377867,1.894863379809813e-08,25,20,20
26,3071,8.837397175281539e-08,0.8970794458427526,0.10292042992304391,3.586023151026901e-08,25,20,20
26,3072,8.834449836561418e-08,0.9347481075536339,0.06525176824179883,3.58600685239004e-08,25,20,20
26,3073,3.064481994915457e-09,0.9524273561526306,0.04757260509636379,3.568652351362769e-08,25,20,20
26,3074,2.872167391621854e-09,0.9602693834904309,0.03973059501724388,1.8620157650786707e-08,25,20,20
26,3075,2.8238327112577844e-09,0.9481560396767148,0.05184393887303809,1.8626413972587493e-08,25,20,20
26,3076,5.509451228108183e-09,0.948998214910143,0.051001760618568905,1.896183670785489e-08,25,20,20
26,3077,5.508611328688041e-09,0.924428822472017,0.07557115305565698,1.8963714605512135e-08,25,20,20
26,3078,5.508611022330316e-09,0.8847124794606108,0.11528749594413323,1.9086644476992734e-08,25,20,20
26,3079,6.396075630666418e-09,0.8464752972436639,0.15352467759565602,1.876460431057095e-08,25,20,20
26,3080,1.968867967233163e-08,0.8468043219138751,0.1531950102046456,6.48192799574541e-07,25,20,20
26,3081,0.00048443503833839026,0.8844609779150164,0.11505393990184004,6.471448050437241e-07,25,20,20
26,3082,0.00048459217531425866,0.8452005870756811,0.1543141562683754,6.644806292610242e-07,25,20,20
26,3083,1.7407826298350068e-07,0.8076194226669229,0.19237975553695422,6.477178598370612e-07,25,20,20
26,3084,1.7473999280102846e-07,0.8076383765474847,0.19236078401914242,6.6469338000046e-07,25,20,20
26,3085,1.7474146707822806e-07,0.7946459920178583,0.2053531685490638,6.646916109147385e-07,25,20,20
26,3086,1.7474147216159425e-07,0.7659088764271372,0.23409028414530986,6.646860809202354e-07,25,20,20
26,3087,1.7474147216159425e-07,0.7659088764271372,0.23409028414530986,6.646860809202354e-07,25,20,20
26,3088,4.967756020453832e-08,0.8057289644312953,0.19427034142134417,6.444698004863854e-07,25,20,20
26,3089,4.967756020453832e-08,0.8057289644312953,0.19427034142134417,6.444698004863854e-07,25,20,20
26,3090,4.966287416595744e-08,0.8294907901931612,0.17050851567978684,6.44464177900337e-07,25,20,20
26,3091,4.9861126697202976e-08,0.8403080824985865,0.15969122308729586,6.44552990867951e-07,25,20,20
26,3092,4.9860167424638814e-08,0.8557619428473849,0.14423736273918303,6.445532645160917e-07,25,20,20
26,3093,1.711254051871536e-08,0.8431084371566928,0.156890905093101,6.406376653008177e-07,25,20,20
26,3094,1.6914680041249095e-08,0.8718798090864363,0.1281195334501248,6.405487582874503e-07,25,20,20
26,3095,0.0005603783435051622,0.8571646390285116,0.1422241420392715,5.0840588711237265e-05,25,20,20
26,3096,0.0005603783319936407,0.8315248221827362,0.1678639587732716,5.084071199857035e-05,25,20,20
26,3097,0.0005603783316075367,0.8143555566375139,0.18503318597354204,5.087905733674276e-05,25,20,20
26,3098,0.0005603783316191229,0.8160515915218377,0.18333715108920245,5.087905734088019e-05,25,20,20
26,3099,2.023869412988103e-07,0.829819958712407,0.17017916000123784,6.788994142529408e-07,25,20,20
26,3100,2.023869186816162e-07,0.845268530480233,0.15473059932722596,6.678056223182112e-07,25,20,20
26,3101,2.0238710227360678e-07,0.8464533658273214,0.15354576398524494,6.678003313184019e-07,25,20,20
26,3102,5.311783608459294e-06,0.8000204729894707,0.1999735685047787,6.467221425545819e-07,25,20,20
26,3103,5.311783593499828e-06,0.8000204825778431,0.19997355891642454,6.467221391935821e-07,25,20,20
26,3104,5.3118315376538544e-06,0.8257986015333348,0.174195440001957,6.466331707325358e-07,25,20,20
26,3105,2.0668780576102044e-07,0.803988770765082,0.19601035842251632,6.64124596124967e-07,25,20,20
26,3106,2.066878030385678e-07,0.82934530628392,0.1706538050502536,6.819780235381644e-07,25,20,20
26,3107,2.0457980139250217e-07,0.8419411291753367,0.15805861326558077,5.297928080954036e-08,25,20,20
26,3108,2.0034125478090053e-07,0.8819292940450292,0.11807045263491366,5.297880187942064e-08,25,20,20
26,3109,2.0029331940023733e-07,0.8831920866983372,0.1168076603363856,5.267195736283738e-08,25,20,20
26,3110,6.380251648539851e-11,0.8834262924730513,0.11657365479796107,5.2665185103406085e-08,25,20,20
26,3111,6.400494390324266e-11,0.9104561691012155,0.08954377816429977,5.267047932087653e-08,25,20,20
26,3112,4.845553811939071e-10,0.9570853816967603,0.042914564586302106,5.3232382073871476e-08,25,20,20
26,3113,4.845550668665564e-10,0.9575651190504639,0.04243482723259756,5.323238321515638e-08,25,20,20
26,3114,5.818958363758922e-10,0.9562838959815274,0.04371603240183246,7.103474440380913e-08,25,20,20
26,3115,5.823947758718311e-10,0.9699474616851258,0.03005244961332051,8.811915862952116e-08,25,20,20
26,3116,5.824062381559244e-10,0.9703844328912097,0.029615496262621752,7.02637622357269e-08,25,20,20
26,3117,5.333204976609779e-10,0.9549667921703506,0.04503313703806125,7.025826732681878e-08,25,20,20
26,3118,2.793103690827639e-09,0.9696639654591821,0.030335961370604583,7.037710913726446e-08,25,20,20
26,3119,2.7449572837867024e-09,0.9264414251511032,0.0735585192597343,5.284420484430191e-08,25,20,20
26,3120,3.741943526961936e-09,0.9006327492757591,0.09936683017634201,4.168059550155615e-07,25,20,20
26,3121,2.678054133871897e-06,0.8777949966918677,0.12220190464454785,4.2060945013114883e-07,25,20,20
26,3122,2.717122156782639e-06,0.877082540630697,0.1229143393094136,4.029377319402185e-07,25,20,20
26,3123,4.2809002545667046e-08,0.9170815897968733,0.0829179855387939,3.818553298740143e-07,25,20,20
26,3124,4.280908645327352e-08,0.867933052039294,0.1320665182309207,3.869206980946508e-07,25,20,20
26,3125,4.2839589165308e-08,0.8537539699370847,0.14624560030266076,3.869206645542719e-07,25,20,20
26,3126,4.2839641160446655e-08,0.8637235504080556,0.13627602491333926,3.818389635256369e-07,25,20,20
26,3127,4.2839644963756924e-08,0.863658475428806,0.13634109957605822,3.821554901964823e-07,25,20,20
26,3128,4.015743188172323e-08,0.8657178828083301,0.13428169518014832,3.8185408900154753e-07,25,20,20
26,3129,4.015830943999484e-08,0.8653271863832921,0.13467239159880895,3.8185958883039213e-07,25,20,20
26,3130,3.916112135694016e-08,0.8911811024812495,0.10881884045978973,1.7897838768950688e-08,25,20,20
26,3131,3.913083673710415e-08,0.8761668394594487,0.12383310342287678,1.7986837084506447e-08,25,20,20
26,3132,3.9211372710025466e-08,0.9036490227010363,0.09635092018682051,1.7900769716531784e-08,25,20,20
26,3133,3.926634172588563e-08,0.8644824823848424,0.13551746041266574,1.793614926764318e-08,25,20,20
26,3134,3.926634071292601e-08,0.8902835535335093,0.10971638937623349,1.7823915709360028e-08,25,20,20
26,3135,3.921599287488336e-08,0.9229526804022714,0.07704725636331963,2.4018415587024134e-08,25,20,20
26,3136,3.921683403914375e-08,0.9217359564227471,0.07826398003496653,2.4325451951387856e-08,25,20,20
26,3137,3.921683403914375e-08,0.9217359564227471,0.07826398003496653,2.4325451951387856e-08,25,20,20
26,3138,3.926149860504644e-08,0.88097878744871,0.11902115515875696,1.813103360060046e-08,25,20,20
26,3139,3.9683259283882264e-08,0.9105929956315415,0.08940694624297466,1.8442223643777868e-08,25,20,20
26,3140,3.968412707051327e-08,0.9105610179778942,0.08943892389019785,1.844777976385312e-08,25,20,20
26,3141,3.9684130934327635e-08,0.9101328984795175,0.08986704338857006,1.8447780412515015e-08,25,20,20
26,3142,3.968433493318871e-08,0.9101079393904787,0.08989198520378022,3.572140500904401e-08,25,20,20
26,3143,3.968455218434102e-08,0.9101051729593347,0.08989475194174172,3.541437032877582e-08,25,20,20
26,3144,3.968320181677092e-08,0.9489986489982988,0.051001275904033555,3.541446518533514e-08,25,20,20
26,3145,3.968339943621557e-08,0.9494121343700539,0.05058779052671568,3.5419830224946614e-08,25,20,20
26,3146,3.968361640147342e-08,0.9493894009388348,0.05061052395216046,3.542538749579072e-08,25,20,20
26,3147,3.960388899258073e-08,0.970608583579873,0.02939134138833675,3.542790051891756e-08,25,20,20
26,3148,3.9604756359356234e-08,0.9705648188224005,0.02943510614484765,3.542799457150344e-08,25,20,20
26,3149,3.955682841218933e-08,0.9722414095097078,0.027758532996867008,1.7936595847120023e-08,25,20,20
26,3150,3.9556813143064875e-08,0.9721961737143903,0.027803768797660243,1.7931135527145972e-08,25,20,20
26,3151,3.9134488131505665e-08,0.9910149318112029,0.008985011128873285,1.7925435170072413e-08,25,20,20
26,3152,3.9181812421419166e-08,0.9875747542610217,0.012425188625994068,1.7931171505625867e-08,25,20,20
26,3153,3.918193083512449e-08,0.9216160839170121,0.07838385887240253,1.8028653627069437e-08,25,20,20
26,3154,3.9181934515375316e-08,0.921059516758665,0.0789404263417971,1.7717602572784268e-08,25,20,20
26,3155,7.890400678532444e-08,0.9594923587463465,0.04050754463515704,1.771448928112419e-08,25,20,20
26,3156,7.891595176219463e-08,0.9863718130817886,0.013628107666417562,3.358418323032414e-10,25,20,20
26,3157,7.886615311428002e-08,0.986830109499444,0.013169811304057479,3.303450578041228e-10,25,20,20
26,3158,7.886619623474456e-08,0.9478975396865548,0.0521023633328349,1.8114413531221585e-08,25,20,20
26,3159,7.886702719772532e-08,0.9872891708102167,0.012710732217185034,1.8105570916182605e-08,25,20,20
26,3160,7.905584791822467e-08,0.9562623640655866,0.043722810926437976,1.4745952126861486e-05,25,20,20
26,3161,3.933432173026272e-08,0.9554607914241958,0.044524423294754645,1.4745946727170165e-05,25,20,20
26,3162,1.9476322249358888e-07,0.9841267643018898,0.015873005354568644,3.5580318750924414e-08,25,20,20
26,3163,1.9480923850315859e-07,0.9826222608322864,0.017376533675564153,1.0106829107937497e-06,25,20,20
26,3164,1.948096780339574e-07,0.9461121838841078,0.05388658988193697,1.03142427666753e-06,25,20,20
26,3165,1.9741223692335226e-07,0.9460349561309349,0.053962864849677404,1.9816071501217725e-06,25,20,20
26,3166,1.9480887162138167e-07,0.9490733579565841,0.050925415493734555,1.031740808983401e-06,25,20,20
26,3167,1.9479565896116799e-07,0.9490785317226603,0.05092024142463924,1.0320570408020657e-06,25,20,20
26,3168,1.9479481802523808e-07,0.9479832940470773,0.05201546213308928,1.0490250145454237e-06,25,20,20
26,3169,1.9479459829272245e-07,0.9859387111425875,0.014060065472025563,1.0285907879781997e-06,25,20,20
26,3170,1.9479464428128572e-07,0.9577579177719909,0.04224085884276807,1.0285905961103597e-06,25,20,20
26,3171,1.9482153146592658e-07,0.9165872887261689,0.07989912498105771,0.003513391471241223,25,20,20
26,3172,1.947937832087704e-07,0.9553127350087345,0.04468604160705378,1.0285904278458366e-06,25,20,20
26,3173,2.4175250948688206e-07,0.9175075592891718,0.08249214546396566,5.3494352104475276e-08,25,20,20
26,3174,2.41753307231979e-07,0.9456499663766692,0.05434973837557435,5.349444816549049e-08,25,20,20
26,3175,3.915453037456209e-08,0.9560152470127603,0.04398440912291404,3.0470979477833956e-07,25,20,20
26,3176,7.431983193704322e-11,0.9592696761116474,0.040730019406174336,3.0440785810435835e-07,25,20,20
26,3177,2.698604857948155e-11,0.9334663524511636,0.06653334311947108,3.04402378583021e-07,25,20,20
26,3178,2.675290990368888e-11,0.9311540891799166,0.06884560669780942,3.040955205687242e-07,25,20,20
26,3179,8.244820617115345e-10,0.8840415541817771,0.11595785213553617,5.928582042438811e-07,25,20,20
26,3180,8.244784213405354e-10,0.8857291044500153,0.11427030186720416,5.92858301664012e-07,25,20,20
26,3181,8.124575104654536e-10,0.9433871502622297,0.056612524769096416,3.2415621601498046e-07,25,20,20
26,3182,8.124575104654536e-10,0.9433871502622297,0.056612524769096416,3.2415621601498046e-07,25,20,20
26,3183,8.608878435021871e-10,0.9425339725207627,0.057465702456691144,3.2416165815589884e-07,25,20,20
26,3184,3.6082587600116463e-09,0.9433799918019626,0.056619680428095336,3.2416168314109973e-07,25,20,20
26,3185,3.6017005704039697e-09,0.9615381297372778,0.03846156028316714,3.0637785446403415e-07,25,20,20
26,3186,3.601711557439206e-09,0.9607361789698478,0.03926351104529452,3.063831463691161e-07,25,20,20
26,3187,2.77348135042109e-09,0.9916143235005761,0.008385655799968165,1.792597484023055e-08,25,20,20
26,3188,2.822398796664812e-09,0.9911445264715683,0.008855452466927838,1.823910564284487e-08,25,20,20
26,3189,5.988432501733019e-09,0.9745047564823024,0.025495218788538793,1.8740726602500277e-08,25,20,20
26,3190,5.988433584868032e-09,0.9457758185876787,0.05422415668313575,1.8740752303598918e-08,25,20,20
26,3191,5.988448389627775e-09,0.9457798091397522,0.05422016644191667,1.842988292222217e-08,25,20,20
26,3192,9.324730180255084e-09,0.9176463689973289,0.08235358621893765,3.5459003465247045e-08,25,20,20
26,3193,8.940213692557282e-09,0.9618339751044137,0.03816598069091143,3.5264461576246416e-08,25,20,20
26,3194,8.940228919079663e-09,0.9618121171435825,0.038187838646171576,3.5270017271708065e-08,25,20,20
26,3195,6.577610999669347e-09,0.9452147184458498,0.05478522955402033,4.5422519168611475e-08,25,20,20
26,3196,6.132420577582865e-09,0.9324312170818035,0.06756874113445634,3.565131982976512e-08,25,20,20
26,3197,6.132420577582865e-09,0.9324312170818035,0.06756874113445634,3.565131982976512e-08,25,20,20
26,3198,6.795328533270054e-09,0.9050090816528727,0.09499089349247594,1.805932290551874e-08,25,20,20
26,3199,3.0616910147890786e-06,0.8542300208977813,0.14576689965147505,1.775972882686789e-08,25,20,20
26,3200,3.0616916336206535e-06,0.9200143126532732,0.07998260798441187,1.7670681339096668e-08,25,20,20
26,3201,3.0616916077322164e-06,0.9271096416045708,0.07288727885951309,1.7844308183688865e-08,25,20,20
26,3202,3.0616916076654634e-06,0.9271201124277407,0.07287680803643905,1.7844212368218363e-08,25,20,20
26,3203,3.0617410156228327e-06,0.9282971646430077,0.07169975545539323,1.8160583235718694e-08,25,20,20
26,3204,3.061741000258378e-06,0.9283047050781531,0.07169221502572684,1.8155119656384152e-08,25,20,20
26,3205,3.0590080542995456e-06,0.9295409380023467,0.07045598514139015,1.7848208619176332e-08,25,20,20
26,3206,3.059647407358241e-06,0.9471053573714839,0.052891565614174435,1.7366934473538115e-08,25,20,20
26,3207,3.0596474108385437e-06,0.9471046646003037,0.05289225838525532,1.7367030312338372e-08,25,20,20
26,3208,3.059647327189744e-06,0.9305509143866746,0.06944600858812897,1.737786904070103e-08,25,20,20
26,3209,3.2128370778624236e-06,0.9294449837161899,0.0705517860689541,1.737777787911147e-08,25,20,20
26,3210,3.212149006753419e-06,0.9004649626267627,0.09953180754184202,1.7682388439329987e-08,25,20,20
26,3211,0.00010577911095020575,0.8759066244885189,0.12398756454585433,3.185467697098581e-08,25,20,20
26,3212,0.00010577911041500313,0.8913227179782814,0.1085714710565915,3.1854712467377485e-08,25,20,20
26,3213,1.5725224542305847e-07,0.9292397982190786,0.0707600268429312,1.768574477036346e-08,25,20,20
26,3214,1.572524848433801e-07,0.8896724666223725,0.11032735845051049,1.767463227783991e-08,25,20,20
26,3215,0.045465319078225715,0.7994530311442712,0.15508162894752495,2.0829978300075806e-08,25,20,20
26,3216,5.3904533063412935e-09,0.8394208160404665,0.16057914357858757,3.499049289266553e-08,25,20,20
26,3217,5.391346342864438e-09,0.8402952098024805,0.15970474982175614,3.498441729714231e-08,25,20,20
26,3218,4.014868337674758e-09,0.8785701525436531,0.12142980879749775,3.46439810696965e-08,25,20,20
26,3219,1.205174388174533e-06,0.9529933707823224,0.047005397834153945,2.6209135382935367e-08,25,20,20
26,3220,1.205174388179607e-06,0.9558868455377119,0.04411192307862442,2.6209275372834388e-08,25,20,20
26,3221,1.018975556428352e-07,0.9753840364030966,0.02461584434001358,1.7359334281525125e-08,25,20,20
26,3222,1.0189768857636666e-07,0.935788414138036,0.06421145678791719,2.717635768739948e-08,25,20,20
26,3223,1.0254862211617374e-07,0.9717359148470063,0.02826301506754987,9.675368218130747e-07,25,20,20
26,3224,1.0254862212074087e-07,0.9717139033533556,0.028285026561296275,9.675367259720332e-07,25,20,20
26,3225,1.0254883082217541e-07,0.9721434092994948,0.027855520604126452,9.675475478956266e-07,25,20,20
26,3226,1.0254883799946577e-07,0.9698935600231537,0.03010536988055633,9.675474520607035e-07,25,20,20
26,3227,1.0189778086824834e-07,0.974641460280931,0.025358420765581244,1.7055707217063277e-08,25,20,20
26,3228,1.0467428806814699e-07,0.9561908770921231,0.0438090008660493,1.7367539370788334e-08,25,20,20
26,3229,1.636498528124923e-07,0.9339324064487409,0.0660674292493156,6.520908222216353e-10,25,20,20
26,3230,1.640233065464411e-07,0.9335586691327791,0.06644116618892855,6.549859333737855e-10,25,20,20
26,3231,2.1334761577606982e-07,0.8847722656028405,0.11520952208966836,1.7998959875646197e-05,25,20,20
26,3232,1.6403506037110086e-07,0.9124442058449636,0.0875556294619512,6.580251719847387e-10,25,20,20
26,3233,1.640349471575045e-07,0.9294965325799409,0.07050330272471302,6.603991042823617e-10,25,20,20
26,3234,3.1632153748946953e-09,0.9677561388093298,0.032243857678546324,3.489087959008791e-10,25,20,20
26,3235,3.1632153748946953e-09,0.9677561388093298,0.032243857678546324,3.489087959008791e-10,25,20,20
26,3236,3.1632153138096367e-09,0.9677776259089426,0.03222237057893343,3.4890884830474863e-10,25,20,20
26,3237,3.1632153138096367e-09,0.9677776259089426,0.03222237057893343,3.4890884830474863e-10,25,20,20
26,3238,3.1629834405442776e-09,0.9665712284453758,0.033428768048388555,3.432523270686909e-10,25,20,20
26,3239,3.1627768289196606e-09,0.9478761941136744,0.05212325551381155,5.472097375075059e-07,25,20,20
26,3240,2.7771959992480815e-09,0.9689973914178698,0.031002058609016926,5.471959172852172e-07,25,20,20
26,3241,5.0394116140699426e-11,0.9696295569352997,0.0303698961302664,5.468840398717884e-07,25,20,20
26,3242,5.1253236864927175e-11,0.9657118108345625,0.03428762494588232,5.641683019909437e-07,25,20,20
26,3243,2.1653514606611217e-06,0.8869095130440278,0.11308775714009398,5.644644173498968e-07,25,20,20
26,3244,5.122244200509046e-11,0.988342174266586,0.011657808380206141,1.730198562323466e-08,25,20,20
26,3245,5.2289184039993015e-11,0.9909775338045272,0.009022448522481652,1.7620701982585427e-08,25,20,20
26,3246,2.7407048088619256e-09,0.9891685457409642,0.010831450869298334,6.490328188990312e-10,25,20,20
26,3247,2.7409193163167525e-09,0.9891872838785041,0.010812712731604932,6.489716278222911e-10,25,20,20
26,3248,2.7898683349772874e-09,0.9870403854340861,0.012959611121425494,6.54620063977437e-10,25,20,20
26,3249,2.789879937060901e-09,0.9912146469566201,0.008785349598804277,6.546957273119566e-10,25,20,20
26,3250,2.7898801927524134e-09,0.9917252921832869,0.008274704372230882,6.546023723973542e-10,25,20,20
26,3251,2.7963698655377125e-09,0.9204989286283657,0.07950105716408823,1.1411175950337403e-08,25,20,20
26,3252,1.0736739402474332e-10,0.9223538355380714,0.07764615324545945,1.1109101807324864e-08,25,20,20
26,3253,1.270455469293126e-10,0.882405443235347,0.11759451679967592,3.9837931620260684e-08,25,20,20
26,3254,0.026640509802093232,0.8430368507625068,0.1303216811637624,9.582716376433748e-07,25,20,20
26,3255,0.0004366870596983367,0.8828528959719523,0.11671040372408825,1.3244261207109801e-08,25,20,20
26,3256,0.00043668705971356206,0.88283049095986,0.1167328087361653,1.3244261206160097e-08,25,20,20
26,3257,1.195208927256522e-10,0.9497970275654422,0.05020296089131359,1.1423723324060967e-08,25,20,20
26,3258,1.4575456567286677e-10,0.9310403965971082,0.06895959167089324,1.1586243950449324e-08,25,20,20
26,3259,8.486820960440418e-08,0.8710471549924961,0.12895273985997335,2.027932093114837e-08,25,20,20
26,3260,5.210161103498869e-10,0.9105539846540731,0.08944599456280912,2.0262101389195303e-08,25,20,20
26,3261,0.0002756354798334148,0.8539201701766257,0.1457732030339754,3.099130956558378e-05,25,20,20
26,3262,0.00027561299503346773,0.8729950187851822,0.12669838651666748,3.0981703116825444e-05,25,20,20
26,3263,4.90837069935012e-08,0.872638461404002,0.12736146924815744,2.0264133518154933e-08,25,20,20
26,3264,5.8895837002110824e-08,0.8605759128976714,0.1394240039769541,2.4229537427007312e-08,25,20,20
26,3265,5.8895837002110824e-08,0.8605759128976714,0.1394240039769541,2.4229537427007312e-08,25,20,20
26,3266,5.889583698756458e-08,0.8893045068759562,0.11069541000022985,2.422797661992661e-08,25,20,20
26,3267,4.939278572622245e-10,0.9596750112968334,0.04032496812730312,2.0081935460164644e-08,25,20,20
26,3268,5.419029262482064e-10,0.9571591967363208,0.04284078263973827,2.0082037823786372e-08,25,20,20
26,3269,1.6662693039561895e-10,0.9772414069621689,0.022758581770809503,1.1100394514987467e-08,25,20,20
26,3270,1.1788000886445124e-10,0.9459110269244212,0.054088961548792065,1.1408906715480008e-08,25,20,20
26,3271,1.7092154815657612e-09,0.9267601006493962,0.07323988575052322,1.1890864897072494e-08,25,20,20
26,3272,2.5398076970826935e-09,0.9011382848472794,0.0988617117877274,8.251850251245933e-10,25,20,20
26,3273,2.527447712549625e-09,0.900691907109659,0.09930808985020644,5.126861526692072e-10,25,20,20
26,3274,2.527447712549625e-09,0.900691907109659,0.09930808985020644,5.126861526692072e-10,25,20,20
26,3275,2.5915726388485895e-08,0.8214995319323631,0.17849988201595715,5.601359529751626e-07,25,20,20
26,3276,8.872579604657786e-06,0.7815434928213559,0.21844508684968594,2.547749352201329e-06,25,20,20
26,3277,8.849263676305394e-06,0.7955458505630031,0.204443290805587,2.009367732503135e-06,25,20,20
26,3278,1.0095335462224614e-09,0.8487456219398904,0.15125435528227063,2.176830514953265e-08,25,20,20
26,3279,9.688185301686535e-10,0.8339247170822139,0.16607528030795826,1.6410091587778759e-09,25,20,20
26,3280,9.688185301686535e-10,0.8339247170822139,0.16607528030795826,1.6410091587778759e-09,25,20,20
26,3281,9.688185335608362e-10,0.8339336204228475,0.16606637696186474,1.6464690884159912e-09,25,20,20
26,3282,9.384369970529803e-10,0.8218529594953194,0.17814703811282878,1.453414408876372e-09,25,20,20
26,3283,6.419819059523502e-07,0.7895941426698679,0.2104049264934372,2.8885478825239327e-07,25,20,20
26,3284,8.36562538983411e-07,0.740634658946,0.25936420065893667,3.0383252297584356e-07,25,20,20
26,3285,1.1470168429937008e-06,0.7011369553202216,0.2988615814336467,3.162292870749867e-07,25,20,20
26,3286,9.014258124062466e-07,0.7411685960576919,0.258830185692536,3.168239580706378e-07,25,20,20
26,3287,9.014258068480945e-07,0.7399218976337216,0.2600769120715003,2.888689696543737e-07,25,20,20
26,3288,6.419938752114111e-07,0.8351950941126673,0.1648029920450936,1.2718483633369394e-06,25,20,20
26,3289,6.419924187885803e-07,0.794402201803144,0.2055958845268457,1.2716775901329614e-06,25,20,20
26,3290,6.411780782810709e-07,0.8720845117651135,0.1279135581801871,1.2888766201163041e-06,25,20,20
26,3291,6.42022716113133e-07,0.8731381647650555,0.12685990463269967,1.2885795275831553e-06,25,20,20
26,3292,6.411786036537818e-07,0.8985063798265576,0.10149169041826842,1.2885765698710612e-06,25,20,20
26,3293,1.4588432657397882e-09,0.865304914023529,0.13469405952903105,1.024988595907205e-06,25,20,20
26,3294,4.133224241047688e-09,0.8795638507342768,0.12043610283387164,4.2298626394785844e-08,25,20,20
26,3295,4.1157622215728296e-09,0.9197572022104472,0.08024277519238732,1.8481402282286932e-08,25,20,20
26,3296,4.115880009348603e-09,0.8818572410680169,0.11814273616768506,1.86484176303831e-08,25,20,20
26,3297,4.1145398013772306e-09,0.9207063010583135,0.0792936758623526,1.8964793399812288e-08,25,20,20
26,3298,6.94988362112916e-09,0.9194815224115266,0.08051845199035011,1.8648239449233968e-08,25,20,20
26,3299,6.950094997713729e-09,0.9452630017973783,0.054736972604189804,1.864833629375196e-08,25,20,20
26,3300,4.161631318328181e-09,0.9456921191593703,0.05430785802735825,1.8651639645170723e-08,25,20,20
26,3301,2.832107457231567e-09,0.9322062772690549,0.06779370170345826,1.819537919618359e-08,25,20,20
26,3302,2.831516729381924e-09,0.9497196034125475,0.050280375726802405,1.802913317415155e-08,25,20,20
26,3303,2.832187719275942e-09,0.9879314045584151,0.012068574752694863,1.7856701980185504e-08,25,20,20
26,3304,2.83298820446454e-09,0.9862001991656131,0.01379976285781651,3.514358185986295e-08,25,20,20
26,3305,2.832218947015379e-09,0.9867347408913802,0.013265221127431842,3.514896856653347e-08,25,20,20
26,3306,2.831985360836691e-09,0.9872111945928082,0.012788767739506905,3.4835699189799935e-08,25,20,20
26,3307,2.831154424358353e-09,0.9889138664335606,0.011086113181102735,1.7554181703398716e-08,25,20,20
26,3308,2.8313565406972933e-09,0.9880102484295555,0.011989731184696461,1.7554390904748424e-08,25,20,20
26,3309,2.7819064351113913e-09,0.9880270827021198,0.011972896967040045,1.75489332509499e-08,25,20,20
26,3310,2.7938702525974556e-09,0.9877263364333551,0.012273626056636597,3.471613783879262e-08,25,20,20
26,3311,2.8706592338084874e-09,0.9891465217931072,0.01085342374347217,5.159276145118749e-08,25,20,20
26,3312,3.105415411149831e-09,0.9550712698957808,0.044928590169021475,1.3682978180187713e-07,25,20,20
26,3313,2.82302064034815e-09,0.9929308020262142,0.0070691779335127465,1.7217252730098797e-08,25,20,20
26,3314,2.7750662264799966e-09,0.9924612534455897,0.0075387262641464,1.7515198128896708e-08,25,20,20
26,3315,2.4979187711517104e-08,0.9458573615336274,0.05414202726174935,5.862254356132181e-07,25,20,20
26,3316,2.497918730846996e-08,0.9441616939074032,0.05583769488265404,5.86230755578874e-07,25,20,20
26,3317,2.4979178508855244e-08,0.9424814006359428,0.05751797087518017,6.035096986894528e-07,25,20,20
26,3318,2.4980019499791376e-08,0.9429431844705569,0.0570561873430601,6.032063635940271e-07,25,20,20
26,3319,6.326709145208678e-08,0.9710411744594039,0.028958141873455277,6.204000493357131e-07,25,20,20
26,3320,2.499491193742558e-08,0.9027807541993462,0.09721863488371159,5.85922030510522e-07,25,20,20
26,3321,2.6107621281313713e-08,0.8671487146523529,0.13284903194158154,2.227298444382832e-06,25,20,20
26,3322,2.6109011394284135e-08,0.8282756265347266,0.17172212004907042,2.2273071914291744e-06,25,20,20
26,3323,2.610916338627892e-08,0.8128606522667076,0.1871370832232448,2.2384008837567354e-06,25,20,20
26,3324,2.9544650378009276e-08,0.8015908598611613,0.1943466457241464,0.004062464870041034,25,20,20
26,3325,2.954750769456212e-08,0.7616334938267478,0.23420765674670269,0.004158819879040504,25,20,20
26,3326,2.610699030323342e-08,0.8288966191105266,0.1710047724673234,9.858231515953837e-05,25,20,20
26,3327,2.496826931933926e-08,0.9083635339614281,0.09163587232388876,5.68746414047938e-07,25,20,20
26,3328,2.5324858061480412e-08,0.913192277541509,0.08680712822881635,5.689048168136318e-07,25,20,20
26,3329,5.532835315414385e-09,0.9650881845882266,0.03491082061244913,9.892664890432426e-07,25,20,20
26,3330,8.127299442440344e-08,0.9183667870700938,0.08163214230968202,9.893472299266376e-07,25,20,20
26,3331,1.196463877848761e-07,0.9148470852127507,0.0851518053787397,9.897621222604638e-07,25,20,20
26,3332,1.196472516656891e-07,0.9148090857076917,0.08518980488274158,9.897623154363999e-07,25,20,20
26,3333,1.1687228855190117e-07,0.9414476961046563,0.05855118007639351,1.0069466616236585e-06,25,20,20
26,3334,3.8413950549283654e-08,0.9568990407687035,0.04309991398576536,1.0068315807288948e-06,25,20,20
26,3335,3.9531858230532934e-08,0.8662032865472991,0.13370403412877999,9.26397920632344e-05,25,20,20
26,3336,4.1251709735941527e-08,0.9041527152303606,0.09575461071502799,9.263280290244099e-05,25,20,20
26,3337,4.125152228154636e-08,0.9029279246225106,0.09697940132297242,9.263280299532491e-05,25,20,20
26,3338,4.1239627492940804e-08,0.9044893029884443,0.0954190115726448,9.164419928396747e-05,25,20,20
26,3339,4.123965792446635e-08,0.9044448433316055,0.09546347122945319,9.164419928399505e-05,25,20,20
26,3340,4.5866370408256104e-08,0.8914995478507381,0.10840707363801089,9.333264488111226e-05,25,20,20
26,3341,4.5866370408256104e-08,0.8914995478507381,0.10840707363801089,9.333264488111226e-05,25,20,20
26,3342,4.586634029281302e-08,0.8898258242238642,0.1100807969615803,9.333294821569221e-05,25,20,20
26,3343,4.586634048366074e-08,0.8898258238155647,0.1100807973645858,9.333295350955519e-05,25,20,20
26,3344,4.302855201029807e-08,0.9287898034596813,0.07120844652821628,1.7069835501862648e-06,25,20,20
26,3345,4.340176599681738e-08,0.9111970773187156,0.08880115545384543,1.7238256734950016e-06,25,20,20
26,3346,4.340176599681738e-08,0.9111970773187156,0.08880115545384543,1.7238256734950016e-06,25,20,20
26,3347,4.3401572998402125e-08,0.911221877466913,0.0887763725794656,1.7065520488763862e-06,25,20,20
26,3348,4.341502230441718e-08,0.8878720732355299,0.11212617679110293,1.706558345243383e-06,25,20,20
26,3349,3.8845162993289365e-08,0.8878864179174716,0.11211352445355383,1.878381161252164e-08,25,20,20
26,3350,3.847109931140085e-08,0.8821661735117599,0.11783376939570042,1.8621440237104893e-08,25,20,20
26,3351,3.845874060027251e-08,0.8821742825487665,0.11782566037650978,1.861598267421197e-08,25,20,20
26,3352,3.845874060027251e-08,0.8821742825487665,0.11782566037650978,1.861598267421197e-08,25,20,20
26,3353,3.850818396306071e-08,0.9096723740524714,0.09032756882306422,1.8616280036029502e-08,25,20,20
26,3354,3.847047311540103e-08,0.9325153512992638,0.0674845916822199,1.8548042596884304e-08,25,20,20
26,3355,3.845897489002085e-08,0.932139245225783,0.06786069777046029,1.8544781337113837e-08,25,20,20
26,3356,3.924742928695036e-08,0.8909279976997162,0.10907194444651981,1.860633389862066e-08,25,20,20
26,3357,3.8410381704556344e-08,0.9326411806923971,0.06735876266132895,1.823589178876269e-08,25,20,20
26,3358,3.8402255746101574e-08,0.9456030263809978,0.05439691698423691,1.8232508949701054e-08,25,20,20
26,3359,3.840256646082828e-08,0.9193309958261273,0.08066894753353963,1.8237766101685894e-08,25,20,20
26,3360,3.837758120685817e-08,0.9609978950375992,0.03900204835857236,1.8226246909377354e-08,25,20,20
26,3361,3.8376717495600585e-08,0.9602011465967286,0.03979879679496059,1.823159303542975e-08,25,20,20
26,3362,3.8376732457144635e-08,0.9602156586452066,0.03978428474646409,1.8231596397663064e-08,25,20,20
26,3363,3.8377583074037605e-08,0.9606428970726698,0.039357046318048504,1.823169824268424e-08,25,20,20
26,3364,3.8377583074037605e-08,0.9606428970726698,0.039357046318048504,1.823169824268424e-08,25,20,20
26,3365,3.837671542446715e-08,0.9222247744509094,0.07777516925921127,1.791316322484543e-08,25,20,20
26,3366,3.842491535425331e-08,0.9205500699621907,0.07944987340201078,1.8210882765023044e-08,25,20,20
26,3367,3.847314912890998e-08,0.9194943062018281,0.08050561951519936,3.5809822889547864e-08,25,20,20
26,3368,3.8473190483510875e-08,0.920706813752825,0.07929311164182072,3.613216321496258e-08,25,20,20
26,3369,3.8424971765396516e-08,0.9200161178423734,0.07998380791245052,3.582020364798765e-08,25,20,20
26,3370,3.842496613074304e-08,0.9588980284175028,0.04110189733747625,3.582005435718514e-08,25,20,20
26,3371,3.843605085169408e-08,0.983768513743195,0.016231411689572584,3.613118143798084e-08,25,20,20
26,3372,3.8436054720589694e-08,0.9837066866191004,0.016293238813661414,3.613118304218236e-08,25,20,20
26,3373,3.843629533067234e-08,0.9566412649191338,0.04335837175890772,3.2488566291178335e-07,25,20,20
26,3374,3.843680522744613e-08,0.8815781250763731,0.11842154616708578,2.9031973527612074e-07,25,20,20
26,3375,4.288037800946678e-08,0.840993071318491,0.15900659497941871,2.908217118832198e-07,25,20,20
26,3376,4.288037800946678e-08,0.840993071318491,0.15900659497941871,2.908217118832198e-07,25,20,20
26,3377,4.370247653612614e-08,0.8416388672523535,0.1582922749013498,6.881414381985286e-05,25,20,20
26,3378,4.370414283099661e-08,0.79994102829056,0.1999901133488067,6.881465648956554e-05,25,20,20
26,3379,8.216946597447583e-05,0.7229028869550693,0.27694556276760113,6.938081135372038e-05,25,20,20
26,3380,8.217222734832117e-05,0.7233253529466899,0.2765230943256612,6.938050029968798e-05,25,20,20
26,3381,8.217222732929295e-05,0.7220984324536921,0.27775001481868083,6.938050029666567e-05,25,20,20
26,3382,8.217222732929295e-05,0.7220984324536921,0.27775001481868083,6.938050029666567e-05,25,20,20
26,3383,8.21775264077371e-05,0.6808796876199374,0.3189687516628667,6.938319078719574e-05,25,20,20
26,3384,1.3738208889276155e-06,0.7308582006947377,0.2690713424162336,6.908306813909054e-05,25,20,20
26,3385,8.017312609662772e-06,0.7708200646346967,0.22910249941192085,6.941864077249656e-05,25,20,20
26,3386,8.0173126292505e-06,0.7308275341554085,0.26909499983108404,6.94487008774759e-05,25,20,20
26,3387,9.423604266851147e-06,0.691677133659399,0.3082439936469811,6.944908935155994e-05,25,20,20
26,3388,9.423862779259846e-06,0.7074460712666181,0.29247507890846164,6.942596213957537e-05,25,20,20
26,3389,9.419293444510223e-06,0.7488549983006249,0.25106613953410056,6.944287182859699e-05,25,20,20
26,3390,9.41406895841993e-06,0.7655803124696007,0.2344093546961599,9.187652799554119e-07,25,20,20
26,3391,2.4586955900379676e-05,0.7498010539190961,0.2384794930707477,0.011694866054254889,25,20,20
26,3392,8.009643020553193e-06,0.7942208242874047,0.2057702447298251,9.213397492725349e-07,25,20,20
26,3393,4.515413049819633e-08,0.8486346725013079,0.15136526295079714,1.939376447096134e-08,25,20,20
26,3394,0.00020560509244964647,0.8626162264351855,0.13708578117446923,9.238729789543351e-05,25,20,20
26,3395,0.00020560509244964647,0.8626162264351855,0.13708578117446923,9.238729789543351e-05,25,20,20
26,3396,0.00020560510505963122,0.8955973358682451,0.10410467141212075,9.238761457399939e-05,25,20,20
26,3397,0.00020560510507464544,0.8955658531792904,0.1041361541011545,9.238761447991805e-05,25,20,20
26,3398,0.00020560513489335105,0.8565121352917981,0.1431898893215705,9.237025173756182e-05,25,20,20
26,3399,4.229986240298688e-08,0.8973343185210793,0.10266563686079114,2.3182666198473144e-09,25,20,20
26,3400,4.192558738916337e-08,0.9148919548857518,0.08510800087344472,2.3152154985880594e-09,25,20,20
26,3401,4.192474296627252e-08,0.9173271509071705,0.0826728051598154,2.0082707163449007e-09,25,20,20
26,3402,3.9789151244017134e-08,0.9176524852858406,0.08234747292022199,2.0047856885751844e-09,25,20,20
26,3403,3.9789166397894164e-08,0.9176306255028644,0.08236933270318338,2.0047856347536298e-09,25,20,20
26,3404,2.2078345492016527e-07,0.91919158319114,0.08080819412946962,1.8959352889317664e-09,25,20,20
26,3405,2.2078345492016527e-07,0.91919158319114,0.08080819412946962,1.8959352889317664e-09,25,20,20
26,3406,2.2078425937822373e-07,0.9161222497292799,0.08387657740739986,9.520790607045592e-07,25,20,20
26,3407,5.4927436055275544e-05,0.8954333981153103,0.10450639014748775,5.2843011465904464e-06,25,20,20
26,3408,0.0027009337356807216,0.8313290477149313,0.165964643076231,5.375473156216783e-06,25,20,20
26,3409,5.5175597899181065e-05,0.8288566476406147,0.17108286492165273,5.311839832476636e-06,25,20,20
26,3410,5.5175399171712e-05,0.8713039031185525,0.12863560933112084,5.312151154371307e-06,25,20,20
26,3411,1.0274640996520252e-06,0.8691240113274935,0.13087457139522202,3.8981318440675425e-07,25,20,20
26,3412,1.0274640996520252e-06,0.8691240113274935,0.13087457139522202,3.8981318440675425e-07,25,20,20
26,3413,1.027464321993296e-06,0.8674277393994756,0.13257084332848154,3.898077203408858e-07,25,20,20
26,3414,1.0443309646342242e-06,0.8663779624023411,0.13362063130464288,3.619620508896654e-07,25,20,20
26,3415,1.0443353405162367e-06,0.8410877196313485,0.1589108742754561,3.6175785449164686e-07,25,20,20
26,3416,1.0443353255384394e-06,0.8393705847021654,0.1606280092046585,3.6175785030378626e-07,25,20,20
26,3417,1.0443353255384394e-06,0.8393705847021654,0.1606280092046585,3.6175785030378626e-07,25,20,20
26,3418,1.0443353105791e-06,0.8393924496569357,0.1606061442499032,3.617578503571028e-07,25,20,20
26,3419,1.0443344433518463e-06,0.8394382275137393,0.16056036671049095,3.6144132636055956e-07,25,20,20
26,3420,3.081505014082265e-07,0.8504717848494303,0.14952787752936758,2.947070024800249e-08,25,20,20
26,3421,4.020549268156668e-08,0.9283642876907996,0.07163564269055786,2.941314941360972e-08,25,20,20
26,3422,4.020548894497179e-08,0.928371449908729,0.0716284804726323,2.9413149413921388e-08,25,20,20
26,3423,4.019408769465149e-08,0.8910480209881464,0.10895191001951973,2.879824577787415e-08,25,20,20
26,3424,4.020022016436662e-08,0.913196582427757,0.08680334826032712,2.911169568374545e-08,25,20,20
26,3425,4.2219372425594816e-08,0.9030675483609204,0.09693126782184258,1.141597864407059e-06,25,20,20
26,3426,3.832391203368678e-09,0.8765883906224599,0.12341046425528701,1.141289861680654e-06,25,20,20
26,3427,3.832391203368678e-09,0.8765883906224599,0.12341046425528701,1.141289861680654e-06,25,20,20
26,3428,3.9092371560962996e-09,0.8885791075310366,0.11141974726466441,1.1412950614740263e-06,25,20,20
26,3429,6.622922803182375e-09,0.8658343526861494,0.13416327549423224,2.3651966954724684e-06,25,20,20
26,3430,6.622397029000946e-09,0.9057895179156954,0.09420931678864297,1.1586732643543776e-06,25,20,20
26,3431,3.4980092936986313e-09,0.9441471470495586,0.055852831441852366,1.801057982265446e-08,25,20,20
26,3432,3.498009478783559e-09,0.9728994950905954,0.02710048340093526,1.8010460022065508e-08,25,20,20
26,3433,2.824263966993408e-09,0.9858401081259436,0.014159870730559954,1.8319232457369672e-08,25,20,20
26,3434,3.481955068496932e-09,0.9670740171994177,0.032925960701381464,1.861724543538889e-08,25,20,20
26,3435,3.4697460766518755e-09,0.9857078647641403,0.014292113143256442,1.8622856919174007e-08,25,20,20
26,3436,7.565808779273182e-10,0.968481094115627,0.031518903714952154,1.412839521057139e-09,25,20,20
26,3437,7.893539748654168e-10,0.9696638392986912,0.03033615880669094,1.1052634569452791e-09,25,20,20
26,3438,7.55752777900982e-10,0.9458920609565671,0.05410793756452267,7.231569350594712e-10,25,20,20
26,3439,7.551675008847871e-10,0.9076249134711741,0.0923750853475388,4.2611913262666765e-10,25,20,20
26,3440,2.231240391717684e-12,0.9076370607036444,0.0923629388683686,4.2575562432492807e-10,25,20,20
26,3441,9.055861701997773e-08,0.8923237467652947,0.10767616207401015,6.020777316111633e-10,25,20,20
26,3442,9.058898819589092e-08,0.8769250190120585,0.1230748898024308,5.965224160727467e-10,25,20,20
26,3443,1.0180989555484596e-05,0.8192088874955789,0.18078091106513547,2.0449729767096086e-08,25,20,20
26,3444,1.0181109714794752e-05,0.8032107068409977,0.19606496932252912,0.0007141427267583733,25,20,20
26,3445,0.026967569205602584,0.7638569612654709,0.20846039444105138,0.0007150750878747521,25,20,20
26,3446,1.0181109955978453e-05,0.7748777452532575,0.2243979261415304,0.0007141474952558858,25,20,20
26,3447,1.0181110136222062e-05,0.7273953623912718,0.27188030900889293,0.0007141474896989632,25,20,20
26,3448,1.0070538388586468e-05,0.738946137453996,0.26104375739021457,3.4617400508995234e-08,25,20,20
26,3449,1.0070538151648646e-05,0.76768926885024,0.23230062608400653,3.452760119504219e-08,25,20,20
26,3450,0.008234003355600778,0.7535407538083118,0.2382190085327426,6.234303344409579e-06,25,20,20
26,3451,0.005072921221122231,0.8317578270138796,0.16316922209385415,2.9671143874808667e-08,25,20,20
26,3452,0.005073142738084066,0.8363312023250864,0.15859562526573978,2.967108976465165e-08,25,20,20
26,3453,0.005072921221068334,0.8740823529190388,0.12084469618880711,2.9671085719587042e-08,25,20,20
26,3454,0.005072921221068334,0.8740823529190388,0.12084469618880711,2.9671085719587042e-08,25,20,20
26,3455,0.00507292122023058,0.87471089450463,0.1202161546039609,2.967117846782456e-08,25,20,20
26,3456,0.00507292122023058,0.87471089450463,0.1202161546039609,2.967117846782456e-08,25,20,20
26,3457,0.00507296014397118,0.8104697500413068,0.18445724265748822,4.715723331584922e-08,25,20,20
26,3458,0.005062850686207757,0.8204743527294788,0.17446278637767104,1.0206642404524013e-08,25,20,20
26,3459,0.005065510934734952,0.7985921935710484,0.19245851848577605,0.003883777008440685,25,20,20
26,3460,0.005065510934704741,0.7698542426981321,0.22119646936262125,0.003883777004541362,25,20,20
26,3461,2.6603113380048624e-06,0.8091380339846599,0.1869755289093996,0.003883776794601992,25,20,20
26,3462,2.6602634020657456e-06,0.8091626341581759,0.18695092878391553,0.0038837767945059188,25,20,20
26,3463,7.577618621214686e-13,0.8785749098113633,0.12142413319175357,9.569961249701043e-07,25,20,20
26,3464,4.330814926612849e-10,0.8613720277254094,0.13862700376776474,9.68073743964212e-07,25,20,20
26,3465,4.330085326155928e-10,0.8871734048439547,0.11282563305176392,9.616712728422155e-07,25,20,20
26,3466,4.931152703268731e-10,0.8853071610277374,0.11469187680241033,9.61676736812612e-07,25,20,20
26,3467,4.944506960240519e-10,0.8751877834304412,0.12481125440539088,9.616697167985688e-07,25,20,20
26,3468,4.944506960240519e-10,0.8751877834304412,0.12481125440539088,9.616697167985688e-07,25,20,20
26,3469,5.08109706991035e-10,0.8501561535795917,0.14984383442382004,1.1488477769727653e-08,25,20,20
26,3470,1.364936058659004e-10,0.8627124891856822,0.13728751025589936,4.219242079985327e-10,25,20,20
26,3471,2.774648168662176e-09,0.8866603124000715,0.11333968439815523,4.2712471124444863e-10,25,20,20
26,3472,2.7624673164155964e-09,0.9177683244364385,0.08223167246826658,3.3282735473656405e-10,25,20,20
26,3473,2.7670684933982115e-09,0.9154850753659447,0.08451490439377371,1.7473213075421768e-08,25,20,20
26,3474,8.297661719261004e-08,0.8978794117246096,0.1021199899316042,5.153671685834617e-07,25,20,20
26,3475,8.297661355223903e-08,0.8995669619928479,0.10043243966327214,5.153672660035927e-07,25,20,20
26,3476,8.302503967156651e-08,0.9162110600054706,0.08378835088485728,5.060846319223142e-07,25,20,20
26,3477,8.038759566538871e-08,0.9170565799266255,0.08294283360102303,5.060847553129743e-07,25,20,20
26,3478,8.038759540721127e-08,0.8883283751456778,0.11167103838050624,5.060862203240531e-07,25,20,20
26,3479,8.03876108930193e-08,0.9170654513110099,0.08293396221116184,5.060902169192703e-07,25,20,20
26,3480,8.033919533115177e-08,0.8924973081676475,0.10750210539560248,5.060975541116123e-07,25,20,20
26,3481,8.176014713471012e-08,0.9373401824861989,0.06265922961328084,5.061403728452396e-07,25,20,20
26,3482,8.175964050380718e-08,0.9369310700274095,0.06306832458652725,5.236264225755842e-07,25,20,20
26,3483,8.183539882003435e-08,0.8814401737619129,0.11855922076480419,5.236378837757688e-07,25,20,20
26,3484,8.451967349926618e-08,0.898882226572411,0.10111716518026723,5.237276480041478e-07,25,20,20
26,3485,8.451883877151308e-08,0.8988909966506549,0.10110839510276526,5.237277408702053e-07,25,20,20
26,3486,8.451902408067981e-08,0.9271486634823168,0.07285072805674242,5.239419167112262e-07,25,20,20
26,3487,8.564140455609634e-08,0.8640345702556147,0.13596483732836315,5.067746175969584e-07,25,20,20
26,3488,8.565515032035135e-08,0.8645415235268195,0.1354578840434486,5.067745816653684e-07,25,20,20
26,3489,9.003289627639909e-09,0.8284939683267855,0.17150602145727645,1.2126475413119241e-09,25,20,20
26,3490,1.0478927839885604e-08,0.8523422656421421,0.14765772298719088,8.917398612624824e-10,25,20,20
26,3491,0.005155712419378106,0.8124647029896965,0.18237958364247292,9.484513028459515e-10,25,20,20
26,3492,0.005155711221053894,0.8518671278561708,0.14297715997662844,9.461474596172653e-10,25,20,20
26,3493,9.28060355914578e-09,0.8900271811374201,0.10997280869254515,8.89431828751348e-10,25,20,20
26,3494,9.280612471714413e-09,0.8917343704500333,0.1082656193800143,8.893402494602748e-10,25,20,20
26,3495,9.266005345001001e-09,0.9322072046626272,0.06779278518750964,8.838577018324665e-10,25,20,20
26,3496,7.271847591049443e-09,0.9351430667996945,0.06485692503131217,8.971455535401966e-10,25,20,20
26,3497,7.271847591049443e-09,0.9351430667996945,0.06485692503131217,8.971455535401966e-10,25,20,20
26,3498,5.001490088477131e-09,0.9567689445708706,0.04323103871358324,1.171405574532235e-08,25,20,20
26,3499,5.0027283489231205e-09,0.9305640915405163,0.069435902814896,6.418587448448118e-10,25,20,20
26,3500,5.006049355415263e-09,0.9012735679330323,0.09872642641757265,6.43345655699741e-10,25,20,20
26,3501,2.079894430604816e-08,0.8905753832570269,0.10942457758066025,1.8363368419317538e-08,25,20,20
26,3502,5.903652873204225e-05,0.8074983895174079,0.19244234051372533,2.3344013277204293e-07,25,20,20
26,3503,5.903651651712756e-05,0.8079328114602814,0.1920079182718739,2.3375132602180642e-07,25,20,20
26,3504,5.903746479429475e-05,0.8071677364626133,0.19277264621085843,5.798617326049805e-07,25,20,20
26,3505,1.231598733043734e-08,0.8450098389091552,0.15498979047909758,3.582957594324464e-07,25,20,20
26,3506,1.6976134485936647e-08,0.8040878351444608,0.19591176934684182,3.785325612536517e-07,25,20,20
26,3507,1.1401457925127134e-08,0.8518915825204051,0.1481083737775686,3.230056816288537e-08,25,20,20
26,3508,1.140147594054806e-08,0.8512589511410208,0.14874100484491584,3.2612587412771907e-08,25,20,20
26,3509,7.270457998500924e-05,0.8352363654587172,0.16469032428969826,6.056715992579253e-07,25,20,20
26,3510,7.270458066214788e-05,0.8099923682494098,0.18993432169802005,6.054719073606733e-07,25,20,20
26,3511,7.269836806656507e-05,0.8279579174947195,0.1719687989075274,5.85229686179834e-07,25,20,20
26,3512,7.269836233257695e-05,0.8394248184374643,0.16050190904390604,5.741562971329208e-07,25,20,20
26,3513,7.269836232884229e-05,0.8394352816763854,0.16049144580508617,5.741561997407326e-07,25,20,20
26,3514,7.269837451405009e-05,0.8260596982315349,0.17386702934474524,5.740492052855939e-07,25,20,20
26,3515,2.465104650279585e-09,0.845016295018736,0.15498370153101973,9.851397464409083e-10,25,20,20
26,3516,2.4518699465798763e-09,0.8940813783978031,0.10591861816517184,9.851549228816103e-10,25,20,20
26,3517,2.4516284102719918e-09,0.9228388403714517,0.07716115618614065,9.907790244585893e-10,25,20,20
26,3518,2.9114249844659454e-09,0.9559802116705914,0.04401978422894698,1.1890363712999065e-09,25,20,20
26,3519,1.1824155750159724e-09,0.9702292145084344,0.029770783118133713,1.1910161476631925e-09,25,20,20
26,3520,1.1708075829069195e-09,0.9719227390465,0.0280772585914424,1.1912499910195633e-09,25,20,20
26,3521,1.1708075829069195e-09,0.9719227390465,0.0280772585914424,1.1912499910195633e-09,25,20,20
26,3522,1.0815514996127948e-09,0.9721825620886537,0.027817435843538088,9.862564760421071e-10,25,20,20
26,3523,3.917275651989799e-09,0.9316461593374271,0.06835382905157009,7.693726639209567e-09,25,20,20
26,3524,4.314427832167258e-08,0.9226402444945344,0.07734497715975604,1.4735201430686323e-05,25,20,20
26,3525,4.314427120250977e-08,0.8939099007796075,0.10607532087476051,1.4735201360648413e-05,25,20,20
26,3526,4.314427079480721e-08,0.8926819232892831,0.10730328087359134,1.4752692854761913e-05,25,20,20
26,3527,4.3156624467009346e-08,0.9213877964488791,0.07859740738514613,1.4753009349779957e-05,25,20,20
26,3528,4.315599437475647e-08,0.9191896445718535,0.08079555926286863,1.4753009283094415e-05,25,20,20
26,3529,4.3156882650578845e-08,0.9187563202678324,0.08122888326282528,1.4753312459293581e-05,25,20,20
26,3530,2.227977839320595e-07,0.8778248100908442,0.12209464412439637,8.032298697498115e-05,25,20,20
26,3531,2.227975670156944e-07,0.8784443054727289,0.12147514874818711,8.032298151641424e-05,25,20,20
26,3532,2.2308707825179543e-07,0.8392405565775602,0.14765044760696125,0.013108772728399894,25,20,20
26,3533,2.2303807976534674e-07,0.8391788823402085,0.1477121215823381,0.01310877303937337,25,20,20
26,3534,2.2303721260786747e-07,0.8387759224801509,0.14811508144881677,0.013108773033819118,25,20,20
26,3535,2.230374004268145e-07,0.8399678856406276,0.14692311828814758,0.013108773033823708,25,20,20
26,3536,2.2279646200581124e-07,0.8799670742802411,0.11995237963630374,8.032328699267435e-05,25,20,20
26,3537,2.2279646200581124e-07,0.8799670742802411,0.11995237963630374,8.032328699267435e-05,25,20,20
26,3538,2.2279625426343942e-07,0.8529256187538481,0.1469938351681986,8.032328169840196e-05,25,20,20
26,3539,1.824441239628321e-07,0.8828878865574543,0.11704633554573149,6.559545268980204e-05,25,20,20
26,3540,1.8244412934817444e-07,0.8858236168097019,0.11411059889093719,6.560185523107571e-05,25,20,20
26,3541,1.8244520957356096e-07,0.8992894667866304,0.1006447734079334,6.557736022572689e-05,25,20,20
26,3542,2.711648090007034e-06,0.8721304920167673,0.12780122536782634,6.557096731576869e-05,25,20,20
26,3543,1.824527835806866e-07,0.9113333380831398,0.0886009085030047,6.557096107130983e-05,25,20,20
26,3544,1.8245257212195976e-07,0.8826261158398168,0.11730784172389917,6.585998371103413e-05,25,20,20
26,3545,1.8245257244048713e-07,0.880908627903468,0.11902532935691144,6.58602870472936e-05,25,20,20
26,3546,1.8282706527571242e-07,0.8621454690664749,0.13778848781390157,6.586029255731465e-05,25,20,20
26,3547,3.174718294148209e-09,0.9030541876441928,0.09694551949413384,2.896869545156848e-07,25,20,20
26,3548,3.1739416583213377e-09,0.9168338232557212,0.08316588369041746,2.8987991928522836e-07,25,20,20
26,3549,3.852780460056715e-10,0.8908930236980902,0.1091066860421137,2.898745174430798e-07,25,20,20
26,3550,3.442790320215409e-06,0.8641787990548567,0.1358170643253413,6.938294810790132e-07,25,20,20
26,3551,3.4424155947923865e-06,0.881255692100232,0.11874017166010827,6.938240642023356e-07,25,20,20
26,3552,3.4424154673865674e-06,0.8966933638680683,0.10330250008701977,6.936294439479517e-07,25,20,20
26,3553,3.4804988753895803e-06,0.8663064558304993,0.13368936973744305,6.939331819091555e-07,25,20,20
26,3554,3.480253220354365e-06,0.9196780234030097,0.0803178196973929,6.766463770031915e-07,25,20,20
26,3555,3.480293586903405e-06,0.9338767636667612,0.0661190793965949,6.766430571427094e-07,25,20,20
26,3556,3.480294446409194e-06,0.9626125280364889,0.03738360437043741,3.872986274819021e-07,25,20,20
26,3557,3.480294446409194e-06,0.9626125280364889,0.03738360437043741,3.872986274819021e-07,25,20,20
26,3558,3.795509031305565e-08,0.9591379080471821,0.040861102776182406,9.512215453278597e-07,25,20,20
26,3559,3.793759577555509e-08,0.98456435598448,0.015434654963013576,9.511149106330387e-07,25,20,20
26,3560,3.793759577555509e-08,0.98456435598448,0.015434654963013576,9.511149106330387e-07,25,20,20
26,3561,3.7937421473637136e-08,0.9458820308708182,0.05411658173521833,1.3494565416966617e-06,25,20,20
26,3562,3.793743647216233e-08,0.9446193460529058,0.055379266558575634,1.349451081781422e-06,25,20,20
26,3563,6.32346666214301e-11,0.9075901660389449,0.09240848475073633,1.3491470849652756e-06,25,20,20
26,3564,5.845346464531574e-11,0.90857104924279,0.09142760155146509,1.3491472923592398e-06,25,20,20
26,3565,1.0616350723607799e-10,0.8832134778482055,0.11678517289114485,1.3491544866508555e-06,25,20,20
26,3566,2.289637219999139e-06,0.8694540562609745,0.13054230494909416,1.3491527118982e-06,25,20,20
26,3567,2.289637219999139e-06,0.8694540562609745,0.13054230494909416,1.3491527118982e-06,25,20,20
26,3568,2.289637219999139e-06,0.8694540562609745,0.13054230494909416,1.3491527118982e-06,25,20,20
26,3569,3.2428877859541533e-06,0.8859083026230218,0.11408750394425178,9.505449411119812e-07,25,20,20
26,3570,1.251661593314329e-08,0.8309813009877908,0.16901770717797804,9.79317614582797e-07,25,20,20
26,3571,1.5266760336373304e-08,0.8704590497139597,0.12953998410671008,9.509125701590472e-07,25,20,20
26,3572,1.4385042685507852e-08,0.9098342435950266,0.09016479147162686,9.505483043090952e-07,25,20,20
26,3573,2.5720679261919553e-06,0.8667891288994263,0.13319097072665187,1.7328305995928114e-05,25,20,20
26,3574,2.5720679261919553e-06,0.8667891288994263,0.13319097072665187,1.7328305995928114e-05,25,20,20
26,3575,2.5605750207056277e-06,0.9562461223132622,0.04373398883726409,1.732827445309174e-05,25,20,20
26,3576,2.844063278215659e-09,0.9563148614471204,0.04368418519426477,9.505145515331736e-07,25,20,20
26,3577,1.370901405202638e-08,0.9176331933806848,0.08236584232098736,9.505893139361027e-07,25,20,20
26,3578,2.7065601384784795e-11,0.9468459333894249,0.053153116377376824,9.502061324388839e-07,25,20,20
26,3579,2.705037281371068e-11,0.9468538200502915,0.05314522971662134,9.502060366161938e-07,25,20,20
26,3580,5.326815793962026e-11,0.9280405843021664,0.07195845586950643,9.597750590239867e-07,25,20,20
26,3581,1.0356322984295847e-10,0.9285744555239798,0.07142458428087575,9.600915809142553e-07,25,20,20
26,3582,1.0337044246489935e-10,0.9303393557446156,0.06965968406043593,9.600915779205077e-07,25,20,20
26,3583,1.0337044246489935e-10,0.9303393557446156,0.06965968406043593,9.600915779205077e-07,25,20,20
26,3584,1.0403306518252542e-10,0.9320758674366205,0.06792317236221089,9.600971352178e-07,25,20,20
26,3585,1.0402910175369543e-10,0.9308244928623496,0.06917454693648585,9.600971351345654e-07,25,20,20
26,3586,9.362447504243511e-08,0.9131144288194117,0.08688452702248606,9.505336269567585e-07,25,20,20
26,3587,9.362308822103965e-08,0.9530834211514404,0.04691553469184249,9.505336286483434e-07,25,20,20
26,3588,9.361138060844324e-08,0.9552551457218688,0.044743810138278634,9.505284717482157e-07,25,20,20
26,3589,7.024563606895302e-11,0.9695655500974907,0.030433499614912877,9.502173509607659e-07,25,20,20
26,3590,2.8102348832981353e-09,0.9660394392299229,0.03395860769278552,1.9502670566698295e-06,25,20,20
26,3591,2.810607375077359e-09,0.9433058883836891,0.056693108719898945,1.0000858041402578e-06,25,20,20
26,3592,2.8097546959486302e-09,0.9433057856100392,0.0566932114998614,1.0000803443374628e-06,25,20,20
26,3593,2.7626189663504736e-09,0.9450064559505855,0.05499255847974201,9.82807053006647e-07,25,20,20
26,3594,2.762615160608491e-09,0.9450069947954427,0.05499201963479334,9.828071487441233e-07,25,20,20
26,3595,5.2079298960307955e-08,0.9026708282757562,0.0973101395485745,1.8980096370255544e-05,25,20,20
26,3596,5.2079298960307955e-08,0.9026708282757562,0.0973101395485745,1.8980096370255544e-05,25,20,20
26,3597,5.207691350124071e-08,0.9213205097962516,0.07866045161918729,1.8986507647213776e-05,25,20,20
26,3598,5.20206411892558e-08,0.9353635965783782,0.06461736478831381,1.8986612666271524e-05,25,20,20
26,3599,4.787060087437748e-09,0.8973513783142925,0.10255808472421041,9.053217443711317e-05,25,20,20
26,3600,4.78706008392286e-09,0.8973512194931413,0.10255824354536154,9.053217443711317e-05,25,20,20
26,3601,3.760418338122312e-09,0.9215237395556809,0.07847526077889834,9.959050020067149e-07,25,20,20
26,3602,2.7310287030073754e-09,0.9363871277869569,0.06361187997080844,9.89511205708907e-07,25,20,20
26,3603,4.2709319316788226e-09,0.9215263781375793,0.07847263431140211,9.832800864681858e-07,25,20,20
26,3604,1.5739536787617694e-08,0.8867253777318943,0.11327405947336859,5.470552004578453e-07,25,20,20
26,3605,1.0383303385450649e-10,0.924906349971662,0.07509310286984348,5.470546613296706e-07,25,20,20
26,3606,1.235172726361471e-10,0.926670702448823,0.0733287407983326,5.566293268061314e-07,25,20,20
26,3607,1.22690519998264e-10,0.9266371892504992,0.0733622368131213,5.738136887282003e-07,25,20,20
26,3608,2.47570816024777e-08,0.9124163374755995,0.08758305288416018,5.84883158833215e-07,25,20,20
26,3609,2.4747704082017587e-08,0.9227927107839428,0.07720667939284598,5.850755067916967e-07,25,20,20
26,3610,2.471418769518411e-08,0.9551855957700319,0.04481380359569528,5.759200850968633e-07,25,20,20
26,3611,5.9327871147132014e-08,0.9453490659156766,0.05465030978404779,5.649724040359959e-07,25,20,20
26,3612,9.176956970046396e-11,0.9694271475377088,0.030572287509058032,5.648614633570599e-07,25,20,20
26,3613,9.050567596612086e-11,0.9721685861883905,0.02783084887027939,5.648508241442708e-07,25,20,20
26,3614,5.0612303897904325e-06,0.9571612288927243,0.0428325767842872,1.1330925981300723e-06,25,20,20
26,3615,5.061230367150256e-06,0.9595426302879626,0.04045117570109822,1.1327805717598444e-06,25,20,20
26,3616,1.1529796937731726e-10,0.9685764198769455,0.03142356238089118,1.7626865205344496e-08,25,20,20
26,3617,1.1528229073079335e-10,0.9685587313411724,0.03144125091677594,1.7626769366568882e-08,25,20,20
26,3618,1.1549722866490927e-10,0.968142763337214,0.03185721860711236,1.7940176314872465e-08,25,20,20
26,3619,1.1378800747702884e-08,0.9651833235551025,0.0348166472367579,1.7829338817322978e-08,25,20,20
26,3620,7.191479658777521e-11,0.9878547202032434,0.012145262205259752,1.751958196113187e-08,25,20,20
26,3621,1.0963296922635975e-10,0.9909583049647671,0.00904167740589396,1.751970590566878e-08,25,20,20
26,3622,1.0963176477935025e-10,0.9892665368907032,0.01073344548038987,1.7519275141844658e-08,25,20,20
26,3623,1.0951501437124226e-10,0.9651838257565335,0.03481615660921913,1.752473224785387e-08,25,20,20
26,3624,1.0975012301935935e-08,0.9353741938921075,0.06462577760127206,1.7531607666942366e-08,25,20,20
26,3625,1.0926921920217612e-08,0.896481688985117,0.10351828256165778,1.7526302866988704e-08,25,20,20
26,3626,1.0926921987398986e-08,0.8947637838092658,0.10523618773750909,1.7526302793462207e-08,25,20,20
26,3627,9.848007587762904e-11,0.9495935239292796,0.05040644030243131,3.566980865614075e-08,25,20,20
26,3628,5.055785651926691e-11,0.9508534642911058,0.049146499988618426,3.566971759534067e-08,25,20,20
26,3629,5.057257332611466e-11,0.9131831729217816,0.08681678108889157,4.593875414328902e-08,25,20,20
26,3630,5.0638610176519384e-11,0.8861419639503698,0.11385799005867638,4.594031502968371e-08,25,20,20
26,3631,0.030721659155170868,0.8756259188034358,0.09365131321743146,1.1088239617604627e-06,25,20,20
26,3632,2.700151878724768e-09,0.9352891080396766,0.06471088829204139,9.681295339207946e-10,25,20,20
26,3633,2.71663051700303e-09,0.94574690301151,0.05425309330382419,9.68034926847895e-10,25,20,20
26,3634,2.7166456218104345e-09,0.9457773977484432,0.054222598572332775,9.625780198405637e-10,25,20,20
26,3635,2.6991365065871585e-09,0.9428681031119528,0.057131893226307726,9.62602559078581e-10,25,20,20
26,3636,1.5650971290441157e-07,0.9024057278591306,0.09759411496366836,6.674879432213766e-10,25,20,20
26,3637,2.264884900975599e-07,0.877036419125698,0.12296335349574054,8.900711841068132e-10,25,20,20
26,3638,2.6568424379926867e-07,0.8969613922194624,0.10303832404959694,1.804669665073737e-08,25,20,20
26,3639,1.957311957899253e-07,0.941321066916697,0.05867871952230404,1.7829803031898233e-08,25,20,20
26,3640,1.5683760504896974e-07,0.9696878893030383,0.030311953501094228,3.5826258683537e-10,25,20,20
26,3641,1.585149108626148e-07,0.9381112433668758,0.06185369187518403,3.4906243029444646e-05,25,20,20
26,3642,1.5854279940041127e-07,0.9046066142031384,0.09535832132771921,3.4905926342888504e-05,25,20,20
26,3643,1.5819104748439623e-07,0.872588796294238,0.1273761394488846,3.490606582976724e-05,25,20,20
26,3644,1.5819104748439623e-07,0.872588796294238,0.1273761394488846,3.490606582976724e-05,25,20,20
26,3645,1.5819126049955397e-07,0.874275241479003,0.1256896942690348,3.4906060701326826e-05,25,20,20
26,3646,1.581903973316603e-07,0.8742752172807203,0.1256897181517515,3.490637713066205e-05,25,20,20
26,3647,1.5820510182710854e-07,0.8344558889786657,0.16550905753005904,3.4895286172499804e-05,25,20,20
26,3648,2.3498086916845646e-07,0.8027342685385358,0.1972654959830993,4.974944159378413e-10,25,20,20
26,3649,3.0162561529683805e-07,0.7654017605308664,0.2345965968411193,1.3410023975589137e-06,25,20,20
26,3650,3.0162561529683805e-07,0.7654017605308664,0.2345965968411193,1.3410023975589137e-06,25,20,20
26,3651,9.600218954318209e-06,0.7512249519097978,0.2487641068687827,1.3410024637373563e-06,25,20,20
26,3652,9.603529370024113e-06,0.6886698664938194,0.3113191875125223,1.3424642873082586e-06,25,20,20
26,3653,9.606234306120888e-06,0.7528515126850853,0.2471375386160796,1.3424645279895586e-06,25,20,20
26,3654,3.0494211250527407e-07,0.7911635786833753,0.20883477389962704,1.3424748839796448e-06,25,20,20
26,3655,9.551314700536523e-08,0.8681039065352394,0.13189599567458626,2.2770273555679813e-09,25,20,20
26,3656,9.551228882851207e-08,0.8702193245184656,0.12978057770303447,2.266210947295193e-09,25,20,20
26,3657,8.119719911055836e-08,0.8674385576991626,0.13256136044529984,6.583383918426511e-10,25,20,20
26,3658,1.6827852323710732e-07,0.8267483264278555,0.17325148756676675,1.7726854133976178e-08,25,20,20
26,3659,8.438596746910363e-08,0.7895679740009928,0.21043192353265458,1.8080384152350506e-08,25,20,20
26,3660,8.438201205007616e-08,0.7914643937914809,0.20853550343450122,1.8392004667564925e-08,25,20,20
26,3661,8.438202353363142e-08,0.7914629765190415,0.20853692070137508,1.839755892810467e-08,25,20,20
26,3662,8.11905355859717e-08,0.9491618554243902,0.05083804533897154,1.8046102430861068e-08,25,20,20
26,3663,8.11905355859717e-08,0.9491618554243902,0.05083804533897154,1.8046102430861068e-08,25,20,20
26,3664,2.7259249339480986e-09,0.9696470224594546,0.03035295677127832,1.804334213917625e-08,25,20,20
26,3665,2.156772365697851e-06,0.9660622490058437,0.03393559296972209,1.2520684663305395e-09,25,20,20
26,3666,2.1541416481699217e-06,0.9078625421644709,0.0921352955817939,8.112086752315812e-09,25,20,20
26,3667,7.666965556005364e-11,0.9485460483865118,0.051453949509115804,2.0277024694711416e-09,25,20,20
26,3668,1.2589425079516746e-10,0.9514259703173771,0.04857402782664437,1.730084062881696e-09,25,20,20
26,3669,1.2589425079516746e-10,0.9514259703173771,0.04857402782664437,1.730084062881696e-09,25,20,20
26,3670,1.258941401771511e-10,0.9268416268353302,0.07315837161385434,1.4249208611247834e-09,25,20,20
26,3671,1.258941401771511e-10,0.9268416268353302,0.07315837161385434,1.4249208611247834e-09,25,20,20
26,3672,1.4695778115909902e-10,0.9430450389731609,0.05695494167685175,1.9203029421051392e-08,25,20,20
26,3673,1.9536537087146396e-10,0.9623615052674215,0.03763845772379977,3.68134133562714e-08,25,20,20
26,3674,1.962520053441877e-10,0.9875381842191859,0.01246177876745141,3.6817110655786626e-08,25,20,20
26,3675,1.9627505244204822e-10,0.9887415011843699,0.011258461802142274,3.6817212753415206e-08,25,20,20
26,3676,1.9583311191142596e-10,0.9881240807008221,0.011875882286228111,3.6817116688929955e-08,25,20,20
26,3677,1.0261833523192747e-09,0.9153911048350306,0.0846088703410474,2.3797738224297893e-08,25,20,20
26,3678,1.0375065650466362e-09,0.8677062026340218,0.1322937777313474,1.859712382484387e-08,25,20,20
26,3679,1.0666569066677072e-09,0.8700720077694686,0.12992799051252316,6.513509176732596e-10,25,20,20
26,3680,0.0016437846919354023,0.8049102070970586,0.19344586512334772,1.4308765626360344e-07,25,20,20
26,3681,1.7934430335118502e-10,0.902414311892796,0.097585687274562,6.532976650236069e-10,25,20,20
26,3682,1.7934444411026747e-10,0.9011749900617042,0.09882500910574932,6.532018463532396e-10,25,20,20
26,3683,1.5672850656100412e-10,0.9664790511309909,0.03352093076820694,1.794407347628429e-08,25,20,20
26,3684,2.916822163080164e-09,0.9673537639801247,0.03264621515354103,1.7949511941513687e-08,25,20,20
26,3685,2.9212127934306773e-09,0.9432272451504047,0.056772727576398695,2.4351983622692178e-08,25,20,20
26,3686,1.1372845480240848e-10,0.9613093043317561,0.0386906715091159,2.4045399713327906e-08,25,20,20
26,3687,1.0933390794360869e-10,0.9888666542657727,0.011133327987283044,1.7637610617243186e-08,25,20,20
26,3688,6.316876123265336e-11,0.952351309843807,0.047648671966399575,1.812662456078622e-08,25,20,20
26,3689,5.782411442582609e-06,0.8843132081410316,0.11568097389947797,3.554804770547737e-08,25,20,20
26,3690,5.782363275668876e-06,0.8614652069828541,0.13852897530608393,3.534778589102818e-08,25,20,20
26,3691,5.782363275668876e-06,0.8614652069828541,0.13852897530608393,3.534778589102818e-08,25,20,20
26,3692,5.782359716404186e-06,0.8843336643500679,0.11566052433976731,2.8950448466100646e-08,25,20,20
26,3693,5.782359932760441e-06,0.8589462326159005,0.14104795607358958,2.8950577053909223e-08,25,20,20
26,3694,2.559104882372641e-07,0.9222977219029376,0.07770198716169563,3.502487836262015e-08,25,20,20
26,3695,2.559400533331754e-07,0.8946936077610949,0.10530611134604097,2.4952810916662696e-08,25,20,20
26,3696,2.5589925208415145e-07,0.8536731324388733,0.1463265867126218,2.4949252648286978e-08,25,20,20
26,3697,2.5589948237309835e-07,0.8933464453120203,0.10665328085138348,1.7937113724209166e-08,25,20,20
26,3698,2.558997165580261e-07,0.8524454072579555,0.14755433593719355,9.051344974387858e-10,25,20,20
26,3699,2.558920223820754e-07,0.8680657359461597,0.13193400694036667,1.2214512659686793e-09,25,20,20
26,3700,2.558913163308051e-07,0.9087438490815081,0.0912558762106153,1.8816560428094112e-08,25,20,20
26,3701,2.558913163308051e-07,0.9087438490815081,0.0912558762106153,1.8816560428094112e-08,25,20,20
26,3702,2.5589126804213633e-07,0.9093834982035643,0.09061622709417608,1.881099158418823e-08,25,20,20
26,3703,1.5827508752074908e-07,0.9244269661374004,0.07557285616365808,1.9423853828176854e-08,25,20,20
26,3704,1.4015205401152362e-10,0.9489983192566194,0.05100166149299648,1.9110232468782677e-08,25,20,20
26,3705,1.4016314429979493e-10,0.9490014512644598,0.05099852947968305,1.9115694307301292e-08,25,20,20
26,3706,1.4600511935569883e-10,0.933218710856171,0.06678127019508652,1.8802737529563283e-08,25,20,20
26,3707,1.4018191943455642e-10,0.9789838051735971,0.02101617598475501,1.8701466316743503e-08,25,20,20
26,3708,9.315339571101571e-11,0.9796429563192481,0.020357024895247596,1.869235112087844e-08,25,20,20
26,3709,9.294420578563297e-11,0.9642576597127855,0.03574232130749831,1.8886771920419156e-08,25,20,20
26,3710,9.293986342938167e-11,0.9642655771897966,0.03573440383058748,1.8886676068683488e-08,25,20,20
26,3711,9.272434240386175e-11,0.9242040498978241,0.07579593112842613,1.8881025182659366e-08,25,20,20
26,3712,6.255653540034761e-11,0.9378313720705733,0.06216860917467966,1.8692190212531906e-08,25,20,20
26,3713,6.255166060026928e-11,0.9775806491868273,0.022419331755092576,1.899552824304032e-08,25,20,20
26,3714,6.257378044708044e-11,0.9763102453557032,0.02368973558619426,1.8995528637749624e-08,25,20,20
26,3715,6.236601237934858e-11,0.9780287506921566,0.021971230553280683,1.869219658163188e-08,25,20,20
26,3716,1.1143980698958607e-10,0.962117417851173,0.037882563339885815,1.869750109929425e-08,25,20,20
26,3717,9.871660330696381e-11,0.9600092523453323,0.03999072886965331,1.8686297459502445e-08,25,20,20
26,3718,9.871659870604866e-11,0.9600401673089265,0.03995981390615505,1.8686201693874353e-08,25,20,20
26,3719,1.2518274460035475e-10,0.9412441817189943,0.05875579930145034,1.8854372598187714e-08,25,20,20
26,3720,9.906347334195931e-11,0.9328151047885374,0.06718487642607018,1.868632864192172e-08,25,20,20
26,3721,3.5722118413927643e-10,0.9074353229314843,0.09254318299296603,2.1493718327992563e-05,25,20,20
26,3722,9.910075789089023e-11,0.9485701361305395,0.0514298449619299,1.880842959269882e-08,25,20,20
26,3723,9.963739863220963e-11,0.9752131744947315,0.0247868069097223,1.8495908675146642e-08,25,20,20
26,3724,9.963713136770374e-11,0.9751988838799002,0.024801097524458263,1.849600443368606e-08,25,20,20
26,3725,2.750609374736597e-09,0.9336342981425026,0.0663656801901879,1.8916699923786156e-08,25,20,20
26,3726,2.7535690379072383e-09,0.9455402859543139,0.05445932878391669,3.8250820013833603e-07,25,20,20
26,3727,2.7223344757479928e-09,0.9186107029297331,0.08138891215713198,3.8219080002784663e-07,25,20,20
26,3728,2.704819404864755e-09,0.9438354406009417,0.05616417450353356,3.8219070503510907e-07,25,20,20
26,3729,2.7057694446296516e-09,0.9624262087447784,0.03757338886724923,3.996822025580236e-07,25,20,20
26,3730,2.7057694446296516e-09,0.9624262087447784,0.03757338886724923,3.996822025580236e-07,25,20,20
26,3731,7.037676569995426e-12,0.9371673718311816,0.0628322287828136,3.9937896689206834e-07,25,20,20
26,3732,6.5063143973439866e-12,0.9408958582762875,0.05910375347230203,3.882449038113516e-07,25,20,20
26,3733,1.5775626681271208e-07,0.9009275572812261,0.09907189671750898,3.8824499782065667e-07,25,20,20
26,3734,1.5775711553897802e-07,0.9013559578170505,0.09864349617743726,3.882483962923308e-07,25,20,20
26,3735,1.577567977260468e-07,0.8988146040169306,0.10118485129864671,3.86927624448137e-07,25,20,20
26,3736,1.577567977260468e-07,0.8988146040169306,0.10118485129864671,3.86927624448137e-07,25,20,20
26,3737,7.037597878626025e-12,0.9392077817221859,0.06079183134314738,3.8692762895063123e-07,25,20,20
26,3738,4.21840361311704e-09,0.9357821460403574,0.06421744554038421,4.042008548881065e-07,25,20,20
26,3739,4.21840226011151e-09,0.9256383127890884,0.07436128338303913,3.9960946992759324e-07,25,20,20
26,3740,4.218609963099192e-09,0.9239177181646028,0.07608187800186132,3.99614925697075e-07,25,20,20
26,3741,1.4025350402349946e-09,0.8844072750362645,0.11559232426812657,3.992930740251071e-07,25,20,20
26,3742,1.4025350402349946e-09,0.8844072750362645,0.11559232426812657,3.992930740251071e-07,25,20,20
26,3743,1.0455496869518472e-08,0.9088804944302707,0.09111776025956905,1.7348546635870759e-06,25,20,20
26,3744,1.4113927721727156e-09,0.9494988309546406,0.05050113204440668,3.558955987610955e-08,25,20,20
26,3745,1.592133435494871e-07,0.9095426934290234,0.07732088534058949,0.013136262017043559,25,20,20
26,3746,1.592127311308232e-07,0.910931648331641,0.07593193043848849,0.01313626201713944,25,20,20
26,3747,1.5921271627403383e-07,0.9510948972878355,0.03576869946430796,0.0131362440351405,25,20,20
26,3748,6.978362580042872e-10,0.9910959701580082,0.00890401094926598,1.8194889993121755e-08,25,20,20
26,3749,6.976696299975486e-10,0.9536380439642638,0.04636193679137869,1.8546688050714328e-08,25,20,20
26,3750,6.978584046756867e-10,0.990469518409235,0.009530462692820369,1.8200086428307813e-08,25,20,20
26,3751,1.2128406437880296e-07,0.9531420181863985,0.046854739835165,3.1206943720954208e-06,25,20,20
26,3752,1.2128406437880296e-07,0.9531420181863985,0.046854739835165,3.1206943720954208e-06,25,20,20
26,3753,1.219582538912475e-07,0.9205969081109128,0.07939983176344105,3.1381673923769387e-06,25,20,20
26,3754,6.788804183853281e-10,0.9320803039285644,0.06791965972468939,3.566786557718354e-08,25,20,20
26,3755,7.064716951412238e-10,0.8917378420084487,0.10826212111550991,3.6169569482272215e-08,25,20,20
26,3756,7.064715051013426e-10,0.8934553611535954,0.10654460197568377,3.616424948794305e-08,25,20,20
26,3757,7.06356689598778e-10,0.916330670116795,0.08366929301260004,3.616424816106349e-08,25,20,20
26,3758,6.780924654186134e-10,0.9874717583490785,0.012528205510202908,3.5462626484733806e-08,25,20,20
26,3759,6.772776792969303e-10,0.9887127728885136,0.01128719097158088,3.546262819453103e-08,25,20,20
26,3760,1.5891679313599377e-07,0.9882050840490781,0.011794721566032234,3.546809683473331e-08,25,20,20
26,3761,1.5891681685691426e-07,0.9492989865031588,0.0507008191117779,3.5468246083317975e-08,25,20,20
26,3762,1.5891681677884496e-07,0.9476123864253192,0.05238741918952759,3.546833602635365e-08,25,20,20
26,3763,1.5891599720416425e-07,0.9087214250378751,0.0912783808802722,3.516585551935291e-08,25,20,20
26,3764,1.5892968534604181e-07,0.8817330088356605,0.11826679706733356,3.516732061725398e-08,25,20,20
26,3765,1.5892979398506157e-07,0.9019010100727262,0.09809878623519604,4.4762284001041134e-08,25,20,20
26,3766,1.5894734109292943e-07,0.8508396967702044,0.14915980412060115,3.401618532262054e-07,25,20,20
26,3767,1.5894763503578066e-07,0.8271458485883073,0.17285330618323383,6.862808232890917e-07,25,20,20
26,3768,1.5894784428076547e-07,0.8552668223288326,0.1447326212020789,3.975212444105462e-07,25,20,20
26,3769,1.5921018847243837e-07,0.8155392666567414,0.18446017660647077,3.975265984551887e-07,25,20,20
26,3770,1.5892209646203326e-07,0.8893236822329024,0.11067576794904094,3.908959599447395e-07,25,20,20
26,3771,2.568508363994198e-07,0.8836533674313639,0.11631056539673729,3.58103210619045e-05,25,20,20
26,3772,3.553908620697318e-07,0.8292691552518374,0.17069466747144976,3.58218858499938e-05,25,20,20
26,3773,3.5556917254069577e-07,0.7675106626668335,0.23245316916655423,3.5812597439241954e-05,25,20,20
26,3774,3.555995632954473e-07,0.7537906693647853,0.24617316244353127,3.581259211963917e-05,25,20,20
26,3775,3.555995632954473e-07,0.7537906693647853,0.24617316244353127,3.581259211963917e-05,25,20,20
26,3776,3.5551976046692964e-07,0.7363035900410395,0.26366024184966763,3.581258953143263e-05,25,20,20
26,3777,3.5554261714456977e-07,0.7256557139783958,0.2743081183853716,3.581209361405785e-05,25,20,20
26,3778,3.5552019646134827e-07,0.775136515892684,0.22482731617849297,3.581240862594341e-05,25,20,20
26,3779,0.00012305685969520873,0.7511993776763316,0.24867717248397256,3.929799997181225e-07,25,20,20
26,3780,2.588400307952314e-07,0.7192493148981359,0.28075039717243966,2.9089392917092094e-08,25,20,20
26,3781,2.588400307952314e-07,0.7192493148981359,0.28075039717243966,2.9089392917092094e-08,25,20,20
26,3782,2.588400307952314e-07,0.7192493148981359,0.28075039717243966,2.9089392917092094e-08,25,20,20
26,3783,2.5884657162008965e-07,0.7022003222258326,0.297799390146942,2.8780653070224964e-08,25,20,20
26,3784,2.6120435437050317e-07,0.7026561712128572,0.2973435319173918,3.5665395339095624e-08,25,20,20
26,3785,1.3113144396999474e-06,0.7183291722846465,0.2816689122199307,6.04180981464843e-07,25,20,20
26,3786,1.1233668394766091e-05,0.6493944311926123,0.3505937256465144,6.094924780533276e-07,25,20,20
26,3787,1.1233668394766091e-05,0.6493944311926123,0.3505937256465144,6.094924780533276e-07,25,20,20
26,3788,0.003618644802386533,0.5555317896905829,0.44083862632189935,1.0939185129778542e-05,25,20,20
26,3789,0.0036666148547864433,0.5467389515140312,0.44957856661142137,1.586701975935049e-05,25,20,20
26,3790,9.249747735578883e-05,0.5767184671440402,0.4231800579409942,8.977437608605073e-06,25,20,20
26,3791,9.282965249935136e-05,0.5958739333017838,0.4040246837799276,8.55326578858252e-06,25,20,20
26,3792,1.269544843417448e-05,0.6470211156207302,0.3529656462406144,5.426902211521519e-07,25,20,20
26,3793,1.2730975671625113e-05,0.607672667329599,0.3923140430412149,5.586535148478608e-07,25,20,20
26,3794,4.962921028394207e-07,0.607669212219925,0.39232982894059476,4.6254737690836404e-07,25,20,20
26,3795,4.95861966288391e-07,0.613341761432919,0.3866572794935951,4.6321151881556316e-07,25,20,20
26,3796,4.958619660236847e-07,0.613372971000053,0.3866260699320174,4.632059626706079e-07,25,20,20
26,3797,4.603347286356319e-07,0.6510344286314339,0.3489646637859435,4.4724789320357724e-07,25,20,20
26,3798,6.37706699433604e-05,0.6175991593455127,0.3823366310089529,4.389755907597118e-07,25,20,20
26,3799,6.349968189520378e-05,0.6551775527932593,0.3447586306093982,3.169154469776507e-07,25,20,20
26,3800,3.7839903014031485e-07,0.7092948627908787,0.29070444444777693,3.143623138820278e-07,25,20,20
26,3801,3.7838716910375454e-07,0.7097755933645108,0.29022371418924064,3.140590790080761e-07,25,20,20
26,3802,1.4822122646235297e-07,0.7402226769066356,0.2597768398421947,3.3502994308838885e-07,25,20,20
26,3803,1.4822206414051433e-07,0.779006503946379,0.22099301279634223,3.3503521392078343e-07,25,20,20
26,3804,1.8241831245195255e-09,0.7948663873960764,0.20513329791218238,3.1286755837252044e-07,25,20,20
26,3805,1.0858279526629359e-09,0.8227591187393197,0.17724083453037098,4.564448119355271e-08,25,20,20
26,3806,1.864540785560242e-09,0.8214828140759287,0.17851600136582804,1.1826937021701066e-06,25,20,20
26,3807,1.869153713234058e-09,0.9018786424616734,0.09812018284960398,1.1728195681383398e-06,25,20,20
26,3808,1.8566398934138898e-09,0.8726872297203729,0.12731161310034922,1.15532263723046e-06,25,20,20
26,3809,1.0785474518898903e-09,0.9118785386843239,0.08812144214250878,1.8094619348807435e-08,25,20,20
26,3810,1.0786547365573473e-09,0.8756899597637654,0.12431002852464564,1.0632933823809903e-08,25,20,20
26,3811,1.0784107900799495e-09,0.9056241977880053,0.09437579050040856,1.063317482250893e-08,25,20,20
26,3812,1.0792625998356066e-09,0.9055929971037535,0.09440699086738089,1.0949602317256759e-08,25,20,20
26,3813,1.0792625998356066e-09,0.9055929971037535,0.09440699086738089,1.0949602317256759e-08,25,20,20
26,3814,1.0915125136860933e-09,0.9468730800426505,0.053126917733255216,1.1325814943833197e-09,25,20,20
26,3815,1.7363638340471032e-09,0.9404248942120352,0.05957510291413223,1.1374684425356954e-09,25,20,20
26,3816,1.0791484366769425e-09,0.9468849365568559,0.05311506123706268,1.1269328152818862e-09,25,20,20
26,3817,6.819799537847399e-10,0.9397792435115749,0.06022039087633914,3.6493010555551807e-07,25,20,20
26,3818,7.126735576510901e-10,0.9488498279901277,0.051149806369002106,3.6492819630045825e-07,25,20,20
26,3819,3.802635891293785e-11,0.9505740457083002,0.049425589336159204,3.6491751382804384e-07,25,20,20
26,3820,3.882918003758929e-11,0.9475909995611052,0.052408635482650734,3.6491741449923206e-07,25,20,20
26,3821,5.995665041390167e-11,0.8687346523913148,0.13117135224402732,9.399530470129055e-05,25,20,20
26,3822,3.861734246490229e-11,0.8681314899991058,0.13186814505010513,3.6491217174142715e-07,25,20,20
26,3823,3.860266744890881e-11,0.8681314878038132,0.13186814724541235,3.649121717414218e-07,25,20,20
26,3824,9.639509113938857e-10,0.8549846105565693,0.14501538753630297,9.431764705492256e-10,25,20,20
26,3825,9.642857826695842e-10,0.8538986752205227,0.1461013228722613,9.429297696128213e-10,25,20,20
26,3826,3.4573435570838945e-11,0.8916913818806518,0.10830861775847772,3.262964566856064e-10,25,20,20
26,3827,3.508581856744732e-11,0.9311794330605997,0.06882056626139471,6.429194963372366e-10,25,20,20
26,3828,3.508343400975747e-11,0.9712154345342648,0.02878456478779666,6.428550390873773e-10,25,20,20
26,3829,3.508343400975747e-11,0.9712154345342648,0.02878456478779666,6.428550390873773e-10,25,20,20
26,3830,2.8513344865169e-09,0.9695428650348802,0.03045713147863008,6.351550370532019e-10,25,20,20
26,3831,2.844005889492132e-09,0.9461999340903201,0.05380006243396993,6.3170334428714e-10,25,20,20
26,3832,2.892763842979345e-09,0.9461595625327968,0.053840433937261255,6.371774680426828e-10,25,20,20
26,3833,5.532216065040814e-09,0.9436080825727546,0.05639189436366191,1.7531366711791787e-08,25,20,20
26,3834,2.716713979202002e-09,0.9303334461775722,0.06964853523742166,1.8015868291732988e-05,25,20,20
26,3835,2.7625376488851735e-09,0.9033340849446353,0.0966658947469802,1.7545845196932716e-08,25,20,20
26,3836,2.124327027039942e-06,0.8842757369172185,0.11572212135343068,1.7402322527196595e-08,25,20,20
26,3837,2.1259965621604154e-06,0.922751669172959,0.07721051171839886,3.569311208003074e-05,25,20,20
26,3838,2.654352527191443e-07,0.9096907139980176,0.09027334450454952,3.567606217930513e-05,25,20,20
26,3839,2.636826654994161e-07,0.9266174056372553,0.07338233003680993,6.432689419112689e-10,25,20,20
26,3840,2.1226448921367438e-11,0.9647650436919686,0.03523495534070638,9.46098411251935e-10,25,20,20
26,3841,1.46544733866375e-11,0.9835201949933182,0.016479804045928886,9.4609830501315e-10,25,20,20
26,3842,4.765482557002253e-11,0.9653643842885796,0.0346356147253879,9.383773269142134e-10,25,20,20
26,3843,4.683196459591329e-11,0.9642753106670415,0.035724688044575875,1.2415502713633315e-09,25,20,20
26,3844,1.0398443089532365e-05,0.9239631879470869,0.07602639186334673,2.174647632884253e-08,25,20,20
26,3845,8.587902556295201e-10,0.9248079565640777,0.07519204162721435,9.4991758617877e-10,25,20,20
26,3846,1.7775223680788301e-09,0.9529180938062027,0.0470819034831297,9.331454446840758e-10,25,20,20
26,3847,4.84918810314859e-11,0.9677649360447367,0.0322350629736853,9.330863263696868e-10,25,20,20
26,3848,4.815775968236992e-11,0.9545007264107475,0.04549927291137699,6.297181003427298e-10,25,20,20
26,3849,3.770522225859171e-09,0.9325874036837837,0.06741259150294952,1.0427447850204719e-09,25,20,20
26,3850,3.8183945216426e-09,0.9323995873282722,0.06760040749856,1.3547735640416996e-09,25,20,20
26,3851,3.8202789846374224e-08,0.9856885674624162,0.014310416777276578,9.775575175244152e-07,25,20,20
26,3852,3.838933698344003e-08,0.9569364581583044,0.043062526192856734,9.772595022897757e-07,25,20,20
26,3853,3.838853450195943e-08,0.9599423587402122,0.04005662560619548,9.772650581951062e-07,25,20,20
26,3854,3.8388750628521866e-08,0.9593022810967288,0.040696702636675755,9.778778451486966e-07,25,20,20
26,3855,3.819056720608949e-08,0.9586743909386513,0.04132459330952745,9.775612543849477e-07,25,20,20
26,3856,3.8191411338210915e-08,0.9594658435251695,0.04053314072745715,9.775559625120986e-07,25,20,20
26,3857,4.097969578167583e-08,0.9877555696389241,0.01224341151221824,9.778691623036072e-07,25,20,20
26,3858,1.1304253757267027e-07,0.9485520833357789,0.05144681765716196,9.859645216747436e-07,25,20,20
26,3859,1.1304252307656612e-07,0.949759543686258,0.05023935761382943,9.85657389462744e-07,25,20,20
26,3860,1.1304273984367912e-07,0.9117152680500027,0.0882836332498647,9.85657392519653e-07,25,20,20
26,3861,1.1306684461928019e-07,0.8912236760834683,0.10877472335894996,1.4874907370686337e-06,25,20,20
26,3862,1.1306684461928019e-07,0.8912236760834683,0.10877472335894996,1.4874907370686337e-06,25,20,20
26,3863,0.02889305667209495,0.8120175041897835,0.1590298611945376,5.957794358363012e-05,25,20,20
26,3864,0.029214100509397732,0.8123033034351309,0.1582893450572679,0.00019325099820301353,25,20,20
26,3865,0.05845249788346548,0.7709173544479268,0.17043486825525986,0.00019527941334770768,25,20,20
26,3866,0.0321396585686984,0.7913907431494804,0.17594980495924298,0.0005197933225780582,25,20,20
26,3867,0.003246640400497807,0.7920516168081246,0.20423889277338866,0.00046285001798874363,25,20,20
26,3868,0.0003210821922321782,0.8515452733328095,0.14799782105872758,0.00013582341623065737,25,20,20
26,3869,3.826762104159786e-08,0.9313219191981079,0.0686770375087862,1.005025484848096e-06,25,20,20
26,3870,3.826762104159786e-08,0.9313219191981079,0.0686770375087862,1.005025484848096e-06,25,20,20
26,3871,3.819156256154583e-08,0.9701984008429213,0.029800583700326046,9.77265190422435e-07,25,20,20
26,3872,3.8190492990595825e-08,0.9316468454961033,0.06835213936032525,9.769530783890022e-07,25,20,20
26,3873,3.819047716319503e-08,0.9316701768588957,0.06832880799764789,9.769529792398329e-07,25,20,20
26,3874,1.3525147855183121e-05,0.8917650616285769,0.10821437590866675,7.037314900850554e-06,25,20,20
26,3875,3.81904671963338e-08,0.9718885550476348,0.02811042980891522,9.769529830862135e-07,25,20,20
26,3876,2.6092727515196016e-09,0.9701067703090824,0.029893227053907654,2.7737578512468834e-11,25,20,20
26,3877,3.3078852817295022e-09,0.9324811790460781,0.06751881761821561,2.7821137641385793e-11,25,20,20
26,3878,3.307904369066977e-09,0.9324421677961645,0.06755782886255339,3.3377907830359984e-11,25,20,20
26,3879,3.331806149864481e-09,0.9096639322288711,0.09033556226953157,5.021697912854793e-07,25,20,20
26,3880,3.307682435556981e-09,0.8904435608827218,0.1095564354710878,3.385075674074501e-10,25,20,20
26,3881,6.977560897106353e-10,0.9276644175126436,0.07233558144552688,3.440733982434606e-10,25,20,20
26,3882,6.979635917449885e-10,0.9259566473149918,0.07404335164297522,3.440692037270104e-10,25,20,20
26,3883,6.979663024909624e-10,0.925820983215828,0.07417806555900394,9.50527201877902e-07,25,20,20
26,3884,7.457663703358631e-10,0.9813364304754135,0.01866261794150468,9.508373158129158e-07,25,20,20
26,3885,4.934632687967651e-11,0.9805727357642438,0.019426313360146344,9.508262639481766e-07,25,20,20
26,3886,9.880771379703026e-11,0.9809754275375435,0.019023621531829255,9.508318198692449e-07,25,20,20
26,3887,9.880771379703026e-11,0.9809754275375435,0.019023621531829255,9.508318198692449e-07,25,20,20
26,3888,9.881126552611367e-11,0.9826924037027099,0.017306645371883603,9.508265957136998e-07,25,20,20
26,3889,3.1567060930601937e-09,0.9434167917803431,0.05658225358165086,9.514812999038256e-07,25,20,20
26,3890,3.1567060930601937e-09,0.9434167917803431,0.05658225358165086,9.514812999038256e-07,25,20,20
26,3891,3.156717507515423e-09,0.943386412686364,0.056612632675618606,9.514812998297351e-07,25,20,20
26,3892,3.1558534602817486e-09,0.9416815790095115,0.058317466347688966,9.514869459095954e-07,25,20,20
26,3893,3.156676118949599e-09,0.9416811634049164,0.05831788164971587,9.517886914157433e-07,25,20,20
26,3894,1.4832733708225171e-10,0.964260768319592,0.03573826899562435,9.62536456493575e-07,25,20,20
26,3895,1.478145652399607e-10,0.9634102367215327,0.03658880028399018,9.62846662519381e-07,25,20,20
26,3896,4.087545089133692e-09,0.89550545846316,0.10449357460401537,9.628452793859854e-07,25,20,20
26,3897,4.087577341144415e-09,0.8963000066633944,0.10369902671078425,9.625382436470445e-07,25,20,20
26,3898,4.089168602070084e-09,0.8556014047981013,0.14439661762636274,1.9734863671471097e-06,25,20,20
26,3899,5.213132777963328e-09,0.8171652461545326,0.18283277514605722,1.973486277172194e-06,25,20,20
26,3900,5.212864285853204e-09,0.8476063535999789,0.152391667700971,1.9734861855647397e-06,25,20,20
26,3901,5.261423503116662e-09,0.8636237480483656,0.1363742665149016,1.9801753090397947e-06,25,20,20
26,3902,6.211331145736305e-08,0.8216635821608103,0.178335352280276,1.0034456014002958e-06,25,20,20
26,3903,2.511150259545687e-09,0.8181342691253571,0.18185000346002533,1.5724903466179335e-05,25,20,20
26,3904,2.511150259545687e-09,0.8181342691253571,0.18185000346002533,1.5724903466179335e-05,25,20,20
26,3905,2.4618801010168405e-09,0.8565864314694218,0.1433978694341648,1.5696634532882337e-05,25,20,20
26,3906,2.4618801010168405e-09,0.8565864314694218,0.1433978694341648,1.5696634532882337e-05,25,20,20
26,3907,2.4618799521548367e-09,0.8307636985798942,0.1692206022114588,1.569674676638943e-05,25,20,20
26,3908,2.4618799521548367e-09,0.8307636985798942,0.1692206022114588,1.569674676638943e-05,25,20,20
26,3909,8.787322272985551e-08,0.8296672447795304,0.17031641653122429,1.6250816021846786e-05,25,20,20
26,3910,8.79200903313479e-08,0.8292620016695029,0.17072068449002675,1.7225920378881017e-05,25,20,20
26,3911,8.787064004984214e-08,0.829279202816395,0.1707034833980427,1.722591492128808e-05,25,20,20
26,3912,1.1250678825015148e-07,0.8396134533318937,0.1603691972883786,1.7236872939005778e-05,25,20,20
26,3913,1.1250679600882523e-07,0.8390252110796719,0.1609574395352128,1.723687831890025e-05,25,20,20
26,3914,1.1247820328954944e-07,0.821392057664914,0.17859156809056947,1.626176631217593e-05,25,20,20
26,3915,1.1329276675239401e-07,0.7831224070660457,0.21686121787496876,1.626176621720612e-05,25,20,20
26,3916,1.5269365824993493e-05,0.7732592999275141,0.22672389469045195,1.5360162075637667e-06,25,20,20
26,3917,1.1329255561998011e-07,0.8132274032829495,0.1867709494994657,1.5339250280329369e-06,25,20,20
26,3918,2.6755519449995915e-08,0.8532198260756293,0.14677916731828045,9.798505702681477e-07,25,20,20
26,3919,2.560206850992885e-08,0.8768200032579866,0.12317993132459866,3.981534578041082e-08,25,20,20
26,3920,2.5596290567513877e-08,0.842458350303139,0.15754157322894322,5.087162671631236e-08,25,20,20
26,3921,2.4770020333812633e-08,0.8670518511087961,0.13294807325159994,5.086958266126706e-08,25,20,20
26,3922,2.4769360804533463e-08,0.865417293620174,0.13458263105208662,5.05583775980298e-08,25,20,20
26,3923,2.476947258156742e-08,0.8483355358295421,0.1516643886744637,5.0726520998367765e-08,25,20,20
26,3924,2.4768852534116197e-08,0.8764676302638779,0.12353230559776701,3.936950177772623e-08,25,20,20
26,3925,6.148627540225123e-05,0.8982487928047579,0.10168278531958323,6.935600256182509e-06,25,20,20
26,3926,1.328750265629973e-10,0.9150670150909208,0.08484341992675525,8.956484944895699e-05,25,20,20
26,3927,1.3288999332589733e-10,0.9150294456256505,0.08488098938664784,8.956485481176343e-05,25,20,20
26,3928,7.71790326823874e-11,0.9070609348515914,0.09284952753086298,8.953754036655557e-05,25,20,20
26,3929,1.4213443882234752e-10,0.9212709839807577,0.07872900832924178,7.547866070076405e-09,25,20,20
26,3930,1.2885228945823192e-10,0.9179681053716977,0.08203189336299449,1.1364555284917354e-09,25,20,20
26,3931,1.2885228945823192e-10,0.9179681053716977,0.08203189336299449,1.1364555284917354e-09,25,20,20
26,3932,1.249478628012798e-10,0.9473279472608931,0.0526720517897243,8.244346287202637e-10,25,20,20
26,3933,7.443789627290655e-10,0.9258064085795824,0.07419357287089556,1.7805142621494224e-08,25,20,20
26,3934,0.00010017314645021681,0.8865453134764364,0.11335332668318275,1.186693929899114e-06,25,20,20
26,3935,0.03322308489250404,0.8484116428751303,0.11836406578031758,1.2064520477929541e-06,25,20,20
26,3936,0.03312291180973114,0.8728394592840096,0.09403642226173335,1.2066445252061029e-06,25,20,20
26,3937,2.9609324658271796e-10,0.8828864046661049,0.11711213976017289,1.45527762858223e-06,25,20,20
26,3938,1.2482276939024042e-09,0.87203512182125,0.12796460788101882,2.6904950272828855e-07,25,20,20
26,3939,9.871863751348922e-08,0.8823922305337517,0.11760740161603095,2.6913157895270913e-07,25,20,20
26,3940,1.002820855708708e-07,0.8290124599130003,0.17098717067288732,2.6913202610887827e-07,25,20,20
26,3941,4.363128931523249e-08,0.7744743008794572,0.22552536268595888,2.928032934542107e-07,25,20,20
26,3942,6.602312779090798e-08,0.7975636819893274,0.20243595918675797,2.928007861415174e-07,25,20,20
26,3943,4.206965239696848e-08,0.8125288116820635,0.18747085344547496,2.9280280847425623e-07,25,20,20
26,3944,8.863870963321865e-08,0.8013085233929119,0.1986910897839855,2.981843920963482e-07,25,20,20
26,3945,3.145815546333436e-10,0.842187358365204,0.15781237198180198,2.693384117328799e-07,25,20,20
26,3946,2.6175819980834947e-10,0.9201158339508565,0.07988389654754319,2.692398417610436e-07,25,20,20
26,3947,7.354247613154744e-11,0.973748488508338,0.026251510887688036,5.304312876944585e-10,25,20,20
26,3948,7.354247613154744e-11,0.973748488508338,0.026251510887688036,5.304312876944585e-10,25,20,20
26,3949,3.67900164802288e-11,0.9731010775289302,0.026898921602191542,8.320881943808034e-10,25,20,20
26,3950,8.622536732952755e-11,0.9892416517762689,0.01075834718881376,9.486918908166577e-10,25,20,20
26,3951,1.3254581974515795e-10,0.9685032106011345,0.03149678832296197,9.433575355191522e-10,25,20,20
26,3952,2.8639807288208135e-09,0.9672491085730581,0.03275087012839985,1.8434561040414094e-08,25,20,20
26,3953,1.1421618018006859e-08,0.9572390988181491,0.04276088850430887,1.255923516024182e-09,25,20,20
26,3954,1.1421618018006859e-08,0.9572390988181491,0.04276088850430887,1.255923516024182e-09,25,20,20
26,3955,1.1421614793136804e-08,0.9584772638938217,0.04152272373567448,9.488885170830365e-10,25,20,20
26,3956,1.1421614793136804e-08,0.9584772638938217,0.04152272373567448,9.488885170830365e-10,25,20,20
26,3957,1.1421614793136804e-08,0.9584772638938217,0.04152272373567448,9.488885170830365e-10,25,20,20
26,3958,1.142159985601388e-08,0.9584995536338475,0.04150043399566365,9.488885781210025e-10,25,20,20
26,3959,5.546438506585208e-06,0.938178795965404,0.06181564764574125,9.950347682341616e-09,25,20,20
26,3960,5.5464385031154484e-06,0.9382097396699086,0.06178470394123847,9.95034939363739e-09,25,20,20
26,3961,5.535149214413909e-06,0.9272410282804937,0.07275342661451098,9.955780344358834e-09,25,20,20
26,3962,5.5351494182954435e-06,0.9249414448993636,0.07505299271659001,2.7234627571653185e-08,25,20,20
26,3963,5.535137371232827e-06,0.9141427488943117,0.08585168904725433,2.6921061929053602e-08,25,20,20
26,3964,5.538538967207639e-06,0.8979093971263967,0.10208503741025854,2.6924376624302455e-08,25,20,20
26,3965,5.562058408438775e-06,0.8592185407989262,0.14077530710710184,5.900355623642756e-07,25,20,20
26,3966,5.562059272183795e-06,0.8591804403720822,0.14081340753298657,5.900356581115174e-07,25,20,20
26,3967,5.562127896163984e-06,0.8198464659647086,0.18014739913662559,5.727707685694397e-07,25,20,20
26,3968,5.631887728936313e-06,0.804352752756979,0.19564104258191137,5.727733805599137e-07,25,20,20
26,3969,5.631888851518991e-06,0.7654979601547592,0.23449583518310624,5.72773283252009e-07,25,20,20
26,3970,5.56207089338028e-06,0.7488874314373727,0.2511064337146333,5.727771003013097e-07,25,20,20
26,3971,5.5620717520596986e-06,0.7484588519704459,0.2515350131807009,5.727771003121357e-07,25,20,20
26,3972,5.5621568191588695e-06,0.6913583902388929,0.308635474523261,5.730810249704944e-07,25,20,20
26,3973,5.562072303449889e-06,0.731320645922481,0.2686732189193615,5.730858529731324e-07,25,20,20
26,3974,5.562072303449889e-06,0.731320645922481,0.2686732189193615,5.730858529731324e-07,25,20,20
26,3975,0.0007701187780962691,0.6675085237761942,0.3317202192134176,1.1382322895972053e-06,25,20,20
26,3976,0.0007701205083168014,0.7167752962151837,0.28245344503527264,1.1382412259669407e-06,25,20,20
26,3977,0.000770120507450722,0.6770869231848969,0.3221418180665212,1.1382411291425692e-06,25,20,20
26,3978,9.044127855160616e-05,0.6772636964217403,0.32264472280718,1.1394925262714936e-06,25,20,20
26,3979,9.298931877642819e-05,0.6560273034282079,0.3438660167346535,1.369051836074918e-05,25,20,20
26,3980,9.338129055628681e-05,0.6194726629319544,0.34757076582522956,0.03286318995225845,25,20,20
26,3981,3.19952289976085e-06,0.6194705014617918,0.3076675568153792,0.07285874219992877,25,20,20
26,3982,7.293442931360815e-07,0.7126381988762854,0.25451098227904273,0.03285008950037786,25,20,20
26,3983,4.987774017644284e-07,0.6861909162517743,0.28095852102063756,0.03285006395018629,25,20,20
26,3984,9.119277248395166e-06,0.6468957134419157,0.32024510332019196,0.03285006396064286,25,20,20
26,3985,9.119256049554147e-06,0.6857614670823469,0.2813793497097593,0.03285006395184365,25,20,20
26,3986,9.119256045742934e-06,0.6857749114737572,0.2813659053182585,0.032850063951937764,25,20,20
26,3987,8.724506551175547e-06,0.7637399992968747,0.23625071167831063,5.645182628339249e-07,25,20,20
26,3988,1.6836005705504102e-07,0.777294842956443,0.22270441663169877,5.720518001089971e-07,25,20,20
26,3989,0.0031187211672254705,0.7527995887279956,0.24408111802514124,5.720796368075712e-07,25,20,20
26,3990,0.0031185790190307303,0.7960346175015066,0.20084622146726502,5.820121968675133e-07,25,20,20
26,3991,0.003118577610242201,0.8101818196328749,0.18660463880013003,9.49639567523427e-05,25,20,20
26,3992,0.0032499602737845,0.8352618450418372,0.16139381124019025,9.438344418755228e-05,25,20,20
26,3993,0.003422069916478577,0.7970137472677407,0.19946844258176694,9.574023401302135e-05,25,20,20
26,3994,0.0034229748855175556,0.7727815811238523,0.22369969663673522,9.574735389414698e-05,25,20,20
26,3995,0.003467227128932645,0.7440741783125077,0.2523562465348715,0.00010234802368744123,25,20,20
26,3996,0.003467227813061774,0.7428928813654108,0.25353754279244783,0.00010234802907897777,25,20,20
26,3997,0.003467227813046772,0.7434718866551779,0.2529585375080739,0.00010234802370072377,25,20,20
26,3998,0.0033097988445365306,0.7438603920726453,0.2522569799328394,0.0005728291499779007,25,20,20
26,3999,0.003381868727406972,0.7059879453312936,0.2901094364118467,0.0005207495294520643,25,20,20
26,4000,8.67524633025472e-05,0.7459559151108072,0.2534431909176564,0.0005141415082334011,25,20,20
26,4001,0.00015107394641074713,0.8051921667711096,0.1942369820749842,0.00041977720749496585,25,20,20
26,4002,0.00013639829292307355,0.8233263909205419,0.17649237077412291,4.484001241164542e-05,25,20,20
26,4003,0.00014189572027380028,0.8015032396671223,0.19831001376712468,4.485084547886368e-05,25,20,20
26,4004,0.033844287570420156,0.7010293074313119,0.2650086146608627,0.00011779033740457391,25,20,20
26,4005,8.467547761421826e-05,0.7367904653177765,0.26311703157739563,7.827627213268759e-06,25,20,20
26,4006,0.01613979616483983,0.7541016005939585,0.22974663573421705,1.1967506983960558e-05,25,20,20
26,4007,0.015644620725692268,0.7175419916257166,0.2620434917393208,0.0047698959092705336,25,20,20
26,4008,0.015645903803545854,0.6778494227362504,0.3017337912376054,0.004770882222598106,25,20,20
26,4009,0.01564462535969186,0.6795057932017464,0.3000796958310157,0.004769885607545402,25,20,20
26,4010,0.015627945103846744,0.7195052233401016,0.2601044410594832,0.004762390496567719,25,20,20
26,4011,0.015627945118682346,0.6906889375571145,0.2889207268233714,0.004762390500830912,25,20,20
26,4012,0.0293866492733883,0.6697048252544665,0.2961190130836978,0.004789512388446841,25,20,20
26,4013,0.0293866492733883,0.6697048252544665,0.2961190130836978,0.004789512388446841,25,20,20
26,4014,0.013823130126739705,0.693900469261495,0.287487426510622,0.004788974101142753,25,20,20
26,4015,0.013891710889339241,0.6680737197760306,0.3180070772236894,2.7492110939129686e-05,25,20,20
26,4016,0.013891710889339241,0.6680737197760306,0.3180070772236894,2.7492110939129686e-05,25,20,20
26,4017,0.013891612355970449,0.6568612179723763,0.3292196769407853,2.7492730865993526e-05,25,20,20
26,4018,0.013924001500456347,0.6219465383456934,0.36410220595758297,2.725419626585821e-05,25,20,20
26,4019,0.013924001565460286,0.5825566490790368,0.4034920951593316,2.725419616976224e-05,25,20,20
26,4020,0.013924001565460286,0.5825566490790368,0.4034920951593316,2.725419616976224e-05,25,20,20
26,4021,0.013923997067525425,0.6213990206942578,0.3646497280419516,2.7254196263428202e-05,25,20,20
26,4022,0.013923997067522264,0.6226162445902496,0.3634325044474525,2.7253894774147822e-05,25,20,20
26,4023,0.03614671968856998,0.6266520508832347,0.3372009980055204,2.3142267312533713e-07,25,20,20
26,4024,0.0010709949110489308,0.666618770134785,0.33231000383927767,2.311148868400904e-07,25,20,20
26,4025,0.0010066731033430572,0.6476918189899133,0.35130011448711146,1.3934196303592535e-06,25,20,20
26,4026,0.0009743493435199005,0.703630929791277,0.2953934529406484,1.2679245537410412e-06,25,20,20
26,4027,0.0009611504732727848,0.7274139871850481,0.2716236983704172,1.163971261111912e-06,25,20,20
26,4028,0.0009611504717740002,0.7273887502200652,0.27164891785096107,1.1814571988989935e-06,25,20,20
26,4029,6.660330445416984e-08,0.7549220358010694,0.24507553372658075,2.363869044571929e-06,25,20,20
26,4030,6.660330103825157e-08,0.7561164744765446,0.2438810950564972,2.363863656313247e-06,25,20,20
26,4031,0.039155475513643706,0.7001683164902426,0.26067374919790803,2.458798205348145e-06,25,20,20
26,4032,2.6479856832457205e-07,0.6848302446785499,0.2764567626982556,0.03871272782462596,25,20,20
26,4033,2.6479856832457205e-07,0.6848302446785499,0.2764567626982556,0.03871272782462596,25,20,20
26,4034,2.632726454908012e-07,0.7610798839071569,0.23891983406564454,1.8754552627627698e-08,25,20,20
26,4035,2.479877506790728e-05,0.7630992553886549,0.23687592738876076,1.8447516257893073e-08,25,20,20
26,4036,2.4635181065263352e-05,0.8406202825368063,0.15935506384644355,1.8435684501864817e-08,25,20,20
26,4037,2.4635181056171216e-05,0.8401863347028775,0.1597890116748874,1.8441178466218154e-08,25,20,20
26,4038,2.4636442596672687e-05,0.8395452220779047,0.1604301231612459,1.8318252218799946e-08,25,20,20
26,4039,2.4636421781334427e-05,0.8400043652958589,0.15812232883813856,0.0018486694442210801,25,20,20
26,4040,2.4636421781530315e-05,0.8400265364903948,0.15810015764915808,0.0018486694386653849,25,20,20
26,4041,1.848443235890323e-07,0.8682876768654293,0.12986292328886478,0.0018492150013825024,25,20,20
26,4042,1.8455287922891074e-07,0.8819174186327516,0.11808146885658685,9.279577822582347e-07,25,20,20
26,4043,8.571142594516289e-08,0.8747542771767008,0.12524470915699631,9.279548765107514e-07,25,20,20
26,4044,1.7797678505668767e-07,0.8110749039561597,0.18892397974731767,9.383197374173568e-07,25,20,20
26,4045,6.369268749468848e-05,0.8305196859793166,0.16941567423068743,9.471025010244772e-07,25,20,20
26,4046,6.36925926130284e-05,0.8322445120240151,0.16769084858398134,9.467993902230752e-07,25,20,20
26,4047,6.36925926130284e-05,0.8322445120240151,0.16769084858398134,9.467993902230752e-07,25,20,20
26,4048,6.369258823930983e-05,0.8581058797827309,0.14182984479853764,5.828304918136604e-07,25,20,20
26,4049,9.400019281216377e-08,0.91166353804469,0.08833633947131947,2.8483797293519724e-08,25,20,20
26,4050,9.673383562164577e-08,0.9087401558731111,0.09125971890916064,2.8483892175982345e-08,25,20,20
26,4051,9.400061247614761e-08,0.8841674300735615,0.11583244774894068,2.817688491454502e-08,25,20,20
26,4052,9.133523345517918e-06,0.8553863651215116,0.14460060063698343,3.900718158859643e-06,25,20,20
26,4053,9.133523590494326e-06,0.8266583095003796,0.17332865616880955,3.900807220552576e-06,25,20,20
26,4054,9.133524084192465e-06,0.7866668784081025,0.21332006609310422,3.921974709874401e-06,25,20,20
26,4055,4.437276734973352e-09,0.8902324283415656,0.1097675201949764,4.7026181149975775e-08,25,20,20
26,4056,2.705253854852435e-09,0.9056434463951984,0.09435650387878679,4.702076087517027e-08,25,20,20
26,4057,2.7511616549531244e-09,0.9474987585122642,0.05250119252480715,4.62117672671669e-08,25,20,20
26,4058,2.7029509146007746e-09,0.9466562470450782,0.05334370404687985,4.6205091328321606e-08,25,20,20
26,4059,2.702947377121828e-09,0.9466653162932706,0.053334634793135265,4.6210647024909855e-08,25,20,20
26,4060,2.7035250804170182e-09,0.9078178644191778,0.09218209716338553,3.57139118994977e-08,25,20,20
26,4061,2.7035213433667194e-09,0.9061307315560687,0.09386923002640664,3.5714003552117697e-08,25,20,20
26,4062,5.205564701813767e-12,0.9470262166279961,0.05297376461261197,1.8754186358584926e-08,25,20,20
26,4063,5.328517638768478e-11,0.9478538982603945,0.052146082568515155,1.9117804993335032e-08,25,20,20
26,4064,6.543263066919807e-11,0.9495094477690253,0.050490533345518715,1.8820023046470524e-08,25,20,20
26,4065,6.541847948622918e-11,0.9511826044486704,0.0488173766526299,1.883328089761972e-08,25,20,20
26,4066,1.1488797067847243e-10,0.9168494441631335,0.08315053656676012,1.9155218285070972e-08,25,20,20
26,4067,1.1517188905275467e-10,0.9112070643015773,0.08879291642813318,1.91551174183639e-08,25,20,20
26,4068,2.834809503910267e-09,0.92865318648652,0.07134679121241738,1.9466253261278948e-08,25,20,20
26,4069,2.8354576842316435e-09,0.9283104299969096,0.07168954801802115,1.9149611657680503e-08,25,20,20
26,4070,2.883266645992221e-09,0.9749924821808403,0.025007495780577774,1.9155315161961196e-08,25,20,20
26,4071,1.5149036681862886e-10,0.9763158266613384,0.02368415434282672,1.8844344310125474e-08,25,20,20
26,4072,1.5149062117879413e-10,0.9750780301469268,0.024921950851947195,1.8849635154281618e-08,25,20,20
26,4073,1.0604280340253886e-10,0.9654991640289471,0.03450083478711427,1.077895384980028e-09,25,20,20
26,4074,5.316688833556157e-11,0.9930208464592079,0.006979135640058225,1.7847566964127225e-08,25,20,20
26,4075,7.369435260646181e-10,0.9921764723651262,0.007823491564682199,3.533324797388425e-08,25,20,20
26,4076,7.369435260646181e-10,0.9921764723651262,0.007823491564682199,3.533324797388425e-08,25,20,20
26,4077,7.369435260646181e-10,0.9921764723651263,0.007823491564682202,3.5333247973884256e-08,25,20,20
26,4078,7.370791622737994e-10,0.9771211804865471,0.02287878344325979,3.533311378271654e-08,25,20,20
26,4079,2.232304882079858e-09,0.9712900200469108,0.028709942081516063,3.5639268285742116e-08,25,20,20
26,4080,1.3723295166090174e-09,0.9472224813604245,0.0527774813288213,3.593842487563486e-08,25,20,20
26,4081,0.00011611255135795617,0.9300599969827279,0.06982295666180771,9.338041066713025e-07,25,20,20
26,4082,0.00011611191347226152,0.9839264027009783,0.015956551584593463,9.338009560454455e-07,25,20,20
26,4083,0.00011611191346800577,0.9841088924653973,0.015774061831020626,9.337901139579919e-07,25,20,20
26,4084,0.00011611191517693596,0.9852104597930307,0.014672494498220051,9.33793572394715e-07,25,20,20
26,4085,5.2618974775457556e-11,0.9896465629625161,0.010353418861774035,1.8123091134112634e-08,25,20,20
26,4086,5.2618974775457556e-11,0.9896465629625161,0.010353418861774035,1.8123091134112634e-08,25,20,20
26,4087,5.2618974775457556e-11,0.9896465629625161,0.010353418861774035,1.8123091134112634e-08,25,20,20
26,4088,5.2618974775457556e-11,0.9896465629625161,0.010353418861774035,1.8123091134112634e-08,25,20,20
26,4089,5.1758371529054814e-11,0.9896145887267539,0.01038539308747631,1.8134011412263005e-08,25,20,20
26,4090,6.32684960803854e-11,0.9328344791473911,0.06716550257734884,1.821199111425333e-08,25,20,20
26,4091,6.32710005865912e-11,0.9173972495649407,0.08260273215638399,1.8215403938450203e-08,25,20,20
26,4092,4.529713074161281e-09,0.905370854046414,0.09462909477003631,4.665383652830038e-08,25,20,20
26,4093,9.027457636850563e-09,0.866501650448701,0.13349829386129042,4.6662550993016867e-08,25,20,20
26,4094,4.573156108034684e-09,0.9047633679169402,0.09523660936910128,1.8140802150771606e-08,25,20,20
26,4095,4.584993469878941e-09,0.9043387166149205,0.09566126065396205,1.814612377346464e-08,25,20,20
26,4096,4.584985974831917e-09,0.9049381314361604,0.0950618458328244,1.8146029418979195e-08,25,20,20
26,4097,8.638913427929764e-11,0.9437926356035873,0.05620734585608782,1.8453935786782683e-08,25,20,20
26,4098,2.7239734256282057e-11,0.9421138312045602,0.05788615031475965,1.8453439951376932e-08,25,20,20
26,4099,8.105399941521795e-10,0.9183309587111255,0.08166902202821187,1.8450122062218758e-08,25,20,20
26,4100,8.22398436340318e-10,0.9177425298303906,0.08225745109584562,1.825136471384402e-08,25,20,20
26,4101,8.223854654011902e-10,0.9177762126910755,0.08222378572666798,7.59870548730977e-10,25,20,20
26,4102,8.345614057818768e-10,0.942978800327427,0.057021198184997325,6.530137795285894e-10,25,20,20
26,4103,2.815394675821956e-09,0.9575022175229212,0.04249776123662734,1.8425056663792072e-08,25,20,20
26,4104,2.8291236409877388e-09,0.8778429008035208,0.12215547233632287,1.624031032498773e-06,25,20,20
26,4105,3.303640433244983e-09,0.8378430609049026,0.1621553120637453,1.6237277119111087e-06,25,20,20
26,4106,5.274179515404952e-10,0.823546887723656,0.1764515057985247,1.6059504007051022e-06,25,20,20
26,4107,5.274217306233472e-10,0.824349074943216,0.17564931826547128,1.6062638907083701e-06,25,20,20
26,4108,5.623890398737341e-10,0.8200417283997942,0.1799556973878029,2.5736500139738828e-06,25,20,20
26,4109,5.487787116018635e-10,0.8602489843930617,0.1397488397494432,2.1753087160689337e-06,25,20,20
26,4110,4.9259585024465734e-11,0.9374898241681242,0.0625092077481135,9.680345024064753e-07,25,20,20
26,4111,6.060165695090296e-11,0.9549280651476911,0.04507096643530183,9.683564051493538e-07,25,20,20
26,4112,8.682605869359827e-11,0.9376540284607855,0.06234500278475734,9.686676311476064e-07,25,20,20
26,4113,8.70333889470374e-11,0.9359146756965664,0.06408435555422891,9.686621711366095e-07,25,20,20
26,4114,8.70694989230418e-11,0.9629559628009988,0.03704306844966015,9.686622713694573e-07,25,20,20
26,4115,1.1056896795166485e-10,0.9864322657896626,0.013566765733142671,9.683666254659787e-07,25,20,20
26,4116,1.1056896795166485e-10,0.9864322657896626,0.013566765733142671,9.683666254659787e-07,25,20,20
26,4117,7.432815461704447e-10,0.9858913808937239,0.014107632546284847,9.858167094653232e-07,25,20,20
26,4118,2.746979157276108e-09,0.9847961591821749,0.015202852748898077,9.853219475822132e-07,25,20,20
26,4119,2.750401082664945e-09,0.958435622566132,0.04156338936713719,9.853163293713909e-07,25,20,20
26,4120,2.7469469623193036e-09,0.9866406448043409,0.013359317315447317,3.5133264991262646e-08,25,20,20
26,4121,2.746953319620701e-09,0.9835500697156638,0.016448942220896802,9.853164863300267e-07,25,20,20
26,4122,2.7465944446246283e-09,0.9577451554404856,0.04225385607332857,9.857395917042455e-07,25,20,20
26,4123,2.7007093723360174e-09,0.9671348518188835,0.03286417676375009,9.687166572989502e-07,25,20,20
26,4124,3.343811866173582e-12,0.9689027228725878,0.031096325971766352,9.51152302232164e-07,25,20,20
26,4125,4.186071405021416e-12,0.9383389239538314,0.061660124572249196,9.514697330141589e-07,25,20,20
26,4126,4.204193861234175e-12,0.9383407161608376,0.06165833235822833,9.514767297633532e-07,25,20,20
26,4127,2.1745616090242618e-11,0.9125177131589379,0.08748132894003258,9.578792838863466e-07,25,20,20
26,4128,2.174778023927191e-11,0.8937626004334212,0.10623644166259577,9.578822354750142e-07,25,20,20
26,4129,7.080000760083355e-10,0.8930681009985054,0.1069309404167607,9.578767340537968e-07,25,20,20
26,4130,7.086554773801344e-10,0.8773910992599828,0.12260731678939349,1.5832419679975145e-06,25,20,20
26,4131,7.543443828288213e-10,0.9205157266176702,0.07948173920730955,2.533420675697333e-06,25,20,20
26,4132,7.541515507650176e-10,0.9210294817476712,0.07896798408296182,2.5334152154313244e-06,25,20,20
26,4133,7.374581448910246e-10,0.9462948904429233,0.05370258118771269,2.5276319057780287e-06,25,20,20
26,4134,7.374432550015315e-10,0.9463020734962032,0.05369539813454171,2.527631811717131e-06,25,20,20
26,4135,7.56463887167502e-10,0.8958705932510971,0.10284141674431957,0.001287989248119398,25,20,20
26,4136,1.1301978623595534e-09,0.8787806231763754,0.11993136870191659,0.001288006991509774,25,20,20
26,4137,1.146043093319172e-09,0.852163270693324,0.14654870389556596,0.001288024265066622,25,20,20
26,4138,1.169400866201876e-10,0.8970916244723746,0.10290385960474571,4.515805939294004e-06,25,20,20
26,4139,1.1695214285019493e-10,0.8972973016736241,0.10269819997859164,4.49823083165503e-06,25,20,20
26,4140,5.542146946519682e-10,0.8646617862053451,0.13533371531928756,4.497921152410847e-06,25,20,20
26,4141,5.541460322081602e-10,0.854663163573109,0.14533233795454265,4.4979182021465624e-06,25,20,20
26,4142,5.384811357869206e-10,0.8653715687611032,0.13462393309539364,4.497605021193098e-06,25,20,20
26,4143,1.2056761930778723e-06,0.8651616243141627,0.13483266290707674,4.507102566495557e-06,25,20,20
26,4144,1.3612414939326943e-06,0.9098770778076218,0.09011800372261475,3.5572282691014237e-06,25,20,20
26,4145,1.3612400120041247e-06,0.9244957036612061,0.07550000323018048,2.9318686008780427e-06,25,20,20
26,4146,1.3613155043976323e-06,0.8859272251378101,0.1140684992637049,2.9142829793993493e-06,25,20,20
26,4147,1.3613148268724077e-06,0.8323424195198839,0.1676533048847406,2.914280548343261e-06,25,20,20
26,4148,1.5639921912280238e-07,0.8835958526064464,0.11640201891193099,1.9720824033954796e-06,25,20,20
26,4149,1.5639960167081434e-07,0.8835185342430677,0.11647933727296705,1.972084363298958e-06,25,20,20
26,4150,3.497292717241834e-10,0.9005043872377027,0.09949364094686697,1.9714657004754555e-06,25,20,20
26,4151,5.179845092651859e-11,0.9282535098275975,0.07174552179360756,9.683269961100027e-07,25,20,20
26,4152,7.819982141873964e-11,0.91121372882385,0.0887853026079586,9.684899909228293e-07,25,20,20
26,4153,5.2012194493194346e-11,0.9293398973515299,0.07065913426931034,9.683271471932696e-07,25,20,20
26,4154,5.222868531929097e-11,0.9305702716064792,0.06942876031738308,9.680239089194602e-07,25,20,20
26,4155,9.996028438191909e-11,0.9584851680972786,0.04151481395863535,1.784412540172263e-08,25,20,20
26,4156,1.642453085955652e-09,0.9432493945330314,0.05675057642182173,2.740269341432666e-08,25,20,20
26,4157,1.6415886202289518e-09,0.9440298809042845,0.05597008973491119,2.7719215166721797e-08,25,20,20
26,4158,2.0663422333182334e-07,0.8867652582435401,0.11323449770621753,3.741601829617226e-08,25,20,20
26,4159,5.349889941937478e-06,0.9096661796516243,0.09032842321927774,4.723915565426107e-08,25,20,20
26,4160,2.2489593177586837e-08,0.9250854971604041,0.07491444360242304,3.6747579638826115e-08,25,20,20
26,4161,2.2489593182077687e-08,0.9250743286908526,0.07492561207197461,3.6747579641061376e-08,25,20,20
26,4162,2.2496107200614565e-08,0.8958992638959791,0.10410067686052535,3.674738817412493e-08,25,20,20
26,4163,2.2496110785088886e-08,0.8958988353458358,0.10410110510742437,3.705062865595478e-08,25,20,20
26,4164,2.2495897575349203e-08,0.8942140052149693,0.10578593523873826,3.7050394438772276e-08,25,20,20
26,4165,2.249484563089812e-08,0.9142198323009427,0.08578010815928859,3.704492307850066e-08,25,20,20
26,4166,2.249484569294862e-08,0.9142191302906427,0.0857808101695885,3.704492307847078e-08,25,20,20
26,4167,2.2494851089318155e-08,0.8883958570698722,0.11160408338838428,3.70468920871652e-08,25,20,20
26,4168,2.2494851099554022e-08,0.8884194390389546,0.11158050142485477,3.7041339340882414e-08,25,20,20
26,4169,2.2494854745210273e-08,0.8867327891553404,0.11326715130846367,3.7041340906636634e-08,25,20,20
26,4170,2.118056024179093e-08,0.8740832800430932,0.12591667129879594,2.7477550219198996e-08,25,20,20
26,4171,2.1852460772524604e-08,0.8997053924680672,0.10029455850183179,2.717763995389681e-08,25,20,20
26,4172,2.166384173164307e-08,0.9454949100055134,0.0545050411585376,2.7172107033133392e-08,25,20,20
26,4173,2.1852186276342784e-08,0.898689673726776,0.10131028516289704,1.925813992063044e-08,25,20,20
26,4174,2.1852186276342784e-08,0.898689673726776,0.10131028516289704,1.925813992063044e-08,25,20,20
26,4175,2.1852186276342784e-08,0.898689673726776,0.10131028516289704,1.925813992063044e-08,25,20,20
26,4176,2.1852186276342784e-08,0.898689673726776,0.10131028516289704,1.925813992063044e-08,25,20,20
26,4177,2.1840113077410767e-08,0.9190965155311658,0.08090344336521432,1.9263506455395403e-08,25,20,20
26,4178,2.1791193919397406e-08,0.921250879652711,0.07874907929249274,1.9263601757028538e-08,25,20,20
26,4179,9.93658042954652e-10,0.9004737762421995,0.09952520918684694,1.0135772951725229e-06,25,20,20
26,4180,9.936518010661354e-10,0.9393651929079456,0.06063379301157961,1.0130868225220937e-06,25,20,20
26,4181,9.980337645762193e-10,0.9152288894882535,0.08477009631446633,1.0131992459110022e-06,25,20,20
26,4182,7.998538176157188e-10,0.9440411065977942,0.05595787971956082,1.0128827905794376e-06,25,20,20
26,4183,7.998538176157188e-10,0.9440411065977942,0.05595787971956082,1.0128827905794376e-06,25,20,20
26,4184,7.998538176157188e-10,0.9440411065977942,0.05595787971956082,1.0128827905794376e-06,25,20,20
26,4185,5.17808195044128e-07,0.8765521600626272,0.12344630862541434,1.0135037632632643e-06,25,20,20
26,4186,1.6370026595623382e-05,0.8385219131704941,0.16146069701861643,1.0197842937385865e-06,25,20,20
26,4187,1.1007234149435721e-09,0.9371418330325664,0.0628571561728291,1.0096938807076963e-06,25,20,20
26,4188,1.1007234149435721e-09,0.9371418330325664,0.0628571561728291,1.0096938807076963e-06,25,20,20
26,4189,1.1007234149435721e-09,0.9371418330325664,0.0628571561728291,1.0096938807076963e-06,25,20,20
26,4190,1.402840458161162e-06,0.9216397363053901,0.07835784010988894,1.0207442620783292e-06,25,20,20
26,4191,1.1024492226272508e-09,0.9366119608027356,0.06338702807886692,1.0100159478053289e-06,25,20,20
26,4192,1.101964640147896e-09,0.9361737217988364,0.06382524954148813,1.0275577103036135e-06,25,20,20
26,4193,1.1019643766357645e-09,0.9362050262546074,0.06379394508571742,1.027557710304953e-06,25,20,20
26,4194,1.1019643766357645e-09,0.9362050262546074,0.06379394508571742,1.027557710304953e-06,25,20,20
26,4195,5.488398536694641e-09,0.8972920362500132,0.1027053372113344,2.6210502536052606e-06,25,20,20
26,4196,1.10179439462588e-09,0.9053594306082445,0.09463955350880365,1.014781156890532e-06,25,20,20
26,4197,9.333141070510913e-06,0.8894750148280974,0.11051461944054569,1.0325902853126215e-06,25,20,20
26,4198,9.332191284856032e-06,0.9429887925854059,0.057000836312243924,1.0389110644767178e-06,25,20,20
26,4199,1.4785017933381633e-10,0.9829309228526371,0.01706803872549608,1.038274016261682e-06,25,20,20
26,4200,3.5827116460294577e-10,0.9301357834293578,0.06986317793617426,1.0382761962210175e-06,25,20,20
26,4201,5.60822602627702e-10,0.8916771740986273,0.10832149831001901,1.3270305306938794e-06,25,20,20
26,4202,1.4502321892126116e-05,0.8491441243230327,0.15084000578012677,1.3675749482299762e-06,25,20,20
26,4203,5.601768020328186e-10,0.8899286926545661,0.11006996247555051,1.344309706805512e-06,25,20,20
26,4204,5.606161202938584e-10,0.8779640215958436,0.12203465050156963,1.3273419706418165e-06,25,20,20
26,4205,5.612326157643386e-10,0.8779982409181833,0.12200044867017924,1.3098504046924001e-06,25,20,20
26,4206,5.612326157643386e-10,0.8779982409181833,0.12200044867017924,1.3098504046924001e-06,25,20,20
26,4207,2.409159820686664e-09,0.7965350946440287,0.20346356607808702,1.3368687237060606e-06,25,20,20
26,4208,1.840015468606523e-07,0.8157559772215189,0.18424135636001668,2.4824169169660094e-06,25,20,20
26,4209,1.8380375678774544e-07,0.8445390886128201,0.15545853392621875,2.1936572046265427e-06,25,20,20
26,4210,1.8379524123442101e-07,0.8187015052024806,0.18129611765742623,2.193344851413915e-06,25,20,20
26,4211,1.8198770897779305e-07,0.8051864410402909,0.19481219652618675,1.1804458123853698e-06,25,20,20
26,4212,1.8198770897779305e-07,0.8051864410402909,0.19481219652618675,1.1804458123853698e-06,25,20,20
26,4213,1.8177813428877183e-07,0.8304314889135656,0.16956714887525057,1.180433048684414e-06,25,20,20
26,4214,1.7839907549539197e-10,0.9086919108507681,0.09130807104439208,1.7926440925535957e-08,25,20,20
26,4215,1.464090014028584e-10,0.8666010134266314,0.13339896373767796,2.2689281774045146e-08,25,20,20
26,4216,1.2932533038001723e-10,0.9315370475669293,0.06846292962298803,2.2680756955420654e-08,25,20,20
26,4217,2.2902437860931375e-06,0.9286366127529204,0.07136107355760127,2.344569190123729e-08,25,20,20
26,4218,1.1296814880168232e-10,0.9861393524515836,0.013860629224548815,1.821089926175955e-08,25,20,20
26,4219,1.1296821442885912e-10,0.9861389660115065,0.013861015664528383,1.8210996753774387e-08,25,20,20
26,4220,1.1149402071647817e-10,0.9897269683633709,0.010273013628242138,1.7896892728485736e-08,25,20,20
26,4221,7.483527578272728e-10,0.9650263104396332,0.03497367110546737,1.770654645833214e-08,25,20,20
26,4222,3.565013364562386e-09,0.965010714987586,0.03498926373540018,1.771200025890788e-08,25,20,20
26,4223,2.880908012848077e-09,0.9662251945742321,0.03377478483834814,1.7706511523425142e-08,25,20,20
26,4224,6.361279403902005e-11,0.9662288883833073,0.03377109384665894,1.7706420717402126e-08,25,20,20
26,4225,5.172580262010156e-11,0.9406174007555818,0.05938221657780871,3.8261488346534935e-07,25,20,20
26,4226,5.0860545591191086e-11,0.9664020067094019,0.033597610737184966,3.8250255243804397e-07,25,20,20
26,4227,1.9816604259395652e-08,0.9440324359615424,0.05596716156635575,3.826554972465496e-07,25,20,20
26,4228,2.0977533870386312e-08,0.9057729616142535,0.09422663423096439,3.831772478709346e-07,25,20,20
26,4229,6.784127074177811e-06,0.8669157637718024,0.13307707283966586,3.7926145712327666e-07,25,20,20
26,4230,2.1007719731485717e-08,0.8908582665324903,0.1091413462493493,3.6621044055929993e-07,25,20,20
26,4231,2.1007704999610197e-08,0.891468196994109,0.10853141609986043,3.65898325442967e-07,25,20,20
26,4232,4.064169839533375e-08,0.8518114608780958,0.14818813258183336,3.658983722064411e-07,25,20,20
26,4233,2.0876283137434846e-08,0.8576684178525857,0.14233119533122443,3.6593990655694723e-07,25,20,20
26,4234,1.9715130536609057e-08,0.897660500189277,0.10233911467734233,3.65418250149099e-07,25,20,20
26,4235,1.9715130536609057e-08,0.897660500189277,0.10233911467734233,3.65418250149099e-07,25,20,20
26,4236,9.863591914769078e-11,0.9131588210596499,0.08684081341814495,3.654235692445852e-07,25,20,20
26,4237,1.1047974760812021e-10,0.9131489253889591,0.08685070877905782,3.657215033801942e-07,25,20,20
26,4238,1.2857707696924852e-10,0.9131179499409702,0.08688168389263358,3.66037819274687e-07,25,20,20
26,4239,8.071587049133573e-11,0.9256492615480454,0.07435037232632226,3.6604491636398886e-07,25,20,20
26,4240,9.568623435958171e-11,0.8996327379397878,0.10034889788854098,1.836407598442607e-05,25,20,20
26,4241,9.652779791302207e-11,0.8983938402071666,0.10158779562032075,1.8364075984401638e-05,25,20,20
26,4242,8.004276528065107e-11,0.921252907449227,0.07872909329782832,1.7999172901687323e-05,25,20,20
26,4243,8.004276528065107e-11,0.921252907449227,0.07872909329782832,1.7999172901687323e-05,25,20,20
26,4244,8.004276427704472e-11,0.9212749216869466,0.07870707906001154,1.799917299917938e-05,25,20,20
26,4245,3.574172582046906e-11,0.8813737807262544,0.11860822005944187,1.7999178561497892e-05,25,20,20
26,4246,2.998622645706534e-11,0.9025155374687753,0.09746646300868358,1.7999492554483286e-05,25,20,20
26,4247,2.997593987054228e-11,0.8733511140187198,0.12663088645728698,1.7999494016699254e-05,25,20,20
26,4248,5.869203040242072e-11,0.8740869221859946,0.12589507826426677,1.7999491046259378e-05,25,20,20
26,4249,5.869203040242072e-11,0.8740869221859946,0.12589507826426677,1.7999491046259378e-05,25,20,20
26,4250,5.867660800080046e-11,0.8723986236068099,0.12758337684346885,1.7999491044477444e-05,25,20,20
26,4251,5.87119756313152e-11,0.8336839264737144,0.16629807397662305,1.7999490950056733e-05,25,20,20
26,4252,5.871197640746524e-11,0.8336833495885128,0.16629865086192222,1.7999490852617058e-05,25,20,20
26,4253,7.305724186159749e-11,0.8344425858538799,0.16553941458199514,1.7999491067582422e-05,25,20,20
26,4254,5.874726520922705e-11,0.8621541208836967,0.13784587790079128,1.1567649021050797e-09,25,20,20
26,4255,5.63839093207903e-11,0.8718351252900406,0.12816487350711697,1.1464587979483545e-09,25,20,20
26,4256,1.3117620575591107e-09,0.831877714543898,0.16803060963334526,9.167451099441727e-05,25,20,20
26,4257,1.309576135580189e-09,0.8719984308159212,0.1279098933636592,9.167451084354142e-05,25,20,20
26,4258,4.52208525549421e-11,0.9018889861914532,0.09811101261149383,1.151832045644395e-09,25,20,20
26,4259,7.563398310423172e-11,0.9264667567125321,0.07353324175295954,1.45887434131565e-09,25,20,20
26,4260,1.2561740426194815e-10,0.9452772792665943,0.05472271914098038,1.4668080328586365e-09,25,20,20
26,4261,1.5277897322822746e-10,0.9528791191147805,0.04712087926553744,1.4669030969490216e-09,25,20,20
26,4262,1.4060037622658203e-10,0.9535449663067536,0.046455032403316165,1.1493300210898858e-09,25,20,20
26,4263,1.403994933782916e-10,0.9247947905684493,0.07520520814189136,1.1492599555452375e-09,25,20,20
26,4264,1.2857055547772427e-10,0.9264843375071107,0.07351566120167108,1.1626476242973617e-09,25,20,20
26,4265,1.0044731667155821e-10,0.9463433968936621,0.05365660216538128,8.405091268185316e-10,25,20,20
26,4266,2.985237886473812e-10,0.9192909869464952,0.08070900684279851,5.912182104481391e-09,25,20,20
26,4267,1.0068499447962019e-09,0.9462503314781598,0.053749661280621745,6.23436828676996e-09,25,20,20
26,4268,1.0190220834018942e-09,0.9460809108883202,0.05391908185281874,6.239838898906966e-09,25,20,20
26,4269,8.683775039119617e-10,0.9890285272872245,0.010971470563810561,1.2805874566440586e-09,25,20,20
26,4270,5.222807515279916e-09,0.9506891751312694,0.04931081788027339,1.7656496341445148e-09,25,20,20
26,4271,5.211270397987289e-09,0.926040935322509,0.07395905770076322,1.7654571841397576e-09,25,20,20
26,4272,5.211255330510082e-09,0.9266284495276045,0.0733715434902215,1.770918495772186e-09,25,20,20
26,4273,5.210947565445311e-09,0.9524206568508309,0.04757933616730123,1.7709201849623482e-09,25,20,20
26,4274,8.443320907690988e-10,0.9608999477054706,0.03910005018304706,1.2671501585495287e-09,25,20,20
26,4275,8.446100004579174e-10,0.9351353451994417,0.06486428396547324,3.6999047456332685e-07,25,20,20
26,4276,8.45223751315343e-10,0.9380793850373614,0.0619202492069599,3.649104546533784e-07,25,20,20
26,4277,8.016518851148889e-10,0.8765461718230605,0.12345346232789069,3.6504739628743304e-07,25,20,20
26,4278,4.856377049938034e-09,0.8377264351002073,0.1622731952952434,3.647481715873413e-07,25,20,20
26,4279,4.8680360800700535e-09,0.87542862390563,0.1245709894428183,3.8178351526037196e-07,25,20,20
26,4280,4.8680360800700535e-09,0.87542862390563,0.1245709894428183,3.8178351526037196e-07,25,20,20
26,4281,2.113497764486073e-06,0.9209916262953912,0.07900529310683116,9.671000124217507e-07,25,20,20
26,4282,2.1135095075570957e-06,0.9467755969891027,0.053221322086822946,9.674145661853178e-07,25,20,20
26,4283,2.113509492327164e-06,0.9467670840267246,0.053229835049216384,9.67414566155462e-07,25,20,20
26,4284,2.1135098836233647e-06,0.9616260154333496,0.03837090332488141,9.677318853072985e-07,25,20,20
26,4285,0.004611928282853579,0.883464058738692,0.11192306202231235,9.50956141471066e-07,25,20,20
26,4286,0.004611928281634612,0.8813214567379104,0.11406566401889644,9.509615575689425e-07,25,20,20
26,4287,7.120521102292832e-05,0.8266818523191077,0.17324599163471346,9.508351546306729e-07,25,20,20
26,4288,7.122648751994953e-05,0.7716848443893594,0.22824296872759423,9.603955254272412e-07,25,20,20
26,4289,0.0003337653828006935,0.7691802981749072,0.23048497638620763,9.60056083781481e-07,25,20,20
26,4290,0.0003337654315136492,0.8077655674682007,0.1918997067322811,9.603680034445513e-07,25,20,20
26,4291,0.00033374416036052355,0.8410147753383415,0.15865053025006076,9.502512360235782e-07,25,20,20
26,4292,0.0003337441536955663,0.861822134956673,0.13784316106141728,9.598282131368514e-07,25,20,20
26,4293,0.0003337453485402251,0.8154220379190771,0.18424162875455874,2.5879778234454755e-06,25,20,20
26,4294,0.0003316577778246763,0.7510580644379856,0.2465189201122853,0.0020913576719034854,25,20,20
26,4295,0.00033163266165084896,0.817475883280297,0.18219084497278445,1.6390852670614852e-06,25,20,20
26,4296,6.909200579393828e-05,0.8566962146692974,0.14323305423432783,1.6390905799394537e-06,25,20,20
26,4297,1.5922621890216747e-09,0.897422217622533,0.10257777331420184,7.471002451012512e-09,25,20,20
26,4298,0.0006330347899303171,0.8579284861098501,0.14136735798610683,7.112111411260204e-05,25,20,20
26,4299,0.0006330347893851894,0.8583993196184239,0.1408965247946925,7.112079749822045e-05,25,20,20
26,4300,8.944371343687914e-10,0.8975265756449273,0.10247341600461024,7.456025203513918e-09,25,20,20
26,4301,8.466812838045194e-10,0.857482488206253,0.14251747613617127,3.4810894164454344e-08,25,20,20
26,4302,4.636409151228278e-08,0.9208671753699433,0.0791327395120483,3.87539164514381e-08,25,20,20
26,4303,3.2306157067644174e-07,0.8653585336764974,0.13464098049892126,1.6276301067528947e-07,25,20,20
26,4304,3.2306156129294855e-07,0.8801555388890752,0.11984397528976895,1.6275959474401137e-07,25,20,20
26,4305,3.237559379184964e-07,0.8795635617286909,0.1204359517502119,1.6276515955710703e-07,25,20,20
26,4306,4.7060006479175466e-08,0.8793767932899335,0.12062312090441477,3.8745645517628105e-08,25,20,20
26,4307,4.718415801610281e-08,0.8216604475213535,0.13846744844956232,0.03987205684492621,25,20,20
26,4308,4.718410108168868e-08,0.803463341208113,0.1566645550819314,0.03987205652585452,25,20,20
26,4309,4.823056840896751e-08,0.7640780129030369,0.19604950042632407,0.039872438440068915,25,20,20
26,4310,4.7936357527690195e-08,0.8224469972544759,0.13767990575236133,0.039873049056805325,25,20,20
26,4311,5.0397461198267724e-08,0.8065991485606854,0.193399770689592,1.03035225997667e-06,25,20,20
26,4312,5.039745912342632e-08,0.8353371373216314,0.16466178192857883,1.0303523300561595e-06,25,20,20
26,4313,5.046691865414148e-08,0.7984564480054908,0.2015424508318502,1.0506957392123711e-06,25,20,20
26,4314,1.4328798347909432e-05,0.7516501846004902,0.24833399403313397,1.492568026198181e-06,25,20,20
26,4315,1.4328776271461947e-05,0.754960622471209,0.24502401787119332,1.0308813243917031e-06,25,20,20
26,4316,9.137749909600765e-05,0.8452695397110359,0.15462802844445128,1.1054345416446174e-05,25,20,20
26,4317,4.14255815731479e-09,0.9027282852187534,0.09727070048552258,1.0101531656556055e-06,25,20,20
26,4318,6.134907300005639e-09,0.9404802998264213,0.05951969338108379,6.575872328470629e-10,25,20,20
26,4319,6.074601039777601e-09,0.9213102815174189,0.07868971205768065,3.502992418567625e-10,25,20,20
26,4320,6.074817631074308e-09,0.921309353716948,0.078690639857839,3.503949775670236e-10,25,20,20
26,4321,6.0748161959744204e-09,0.9470912679804345,0.05290872559086748,3.5388153528433246e-10,25,20,20
26,4322,6.048586241363494e-09,0.9833725785787921,0.01662741501079506,3.6182670405478566e-10,25,20,20
26,4323,6.0445406493743815e-09,0.9698295189133789,0.030170474496164147,5.45916339538283e-10,25,20,20
26,4324,6.39220166506822e-08,0.9479112323412832,0.052088315893859115,3.8784284068061796e-07,25,20,20
26,4325,6.392203147659352e-08,0.9483907277466068,0.05160882048322577,3.878481356822192e-07,25,20,20
26,4326,6.392203147659352e-08,0.9483907277466068,0.05160882048322577,3.878481356822192e-07,25,20,20
26,4327,6.392282622822022e-08,0.9448654074505606,0.05513319060054766,1.3380260652456147e-06,25,20,20
26,4328,2.7889949017328977e-09,0.9674134179142471,0.03258562858360043,9.50713157290522e-07,25,20,20
26,4329,2.789211863876123e-09,0.9674027415203764,0.03259630497725402,9.507131572644836e-07,25,20,20
26,4330,5.88022626894308e-11,0.9685880083315039,0.031411041203498476,9.504061950343356e-07,25,20,20
26,4331,5.882044853854562e-11,0.9673805484053283,0.03261850082807821,9.507077727870164e-07,25,20,20
26,4332,7.710143198999473e-07,0.9420875824045066,0.05791034975167657,1.2968294963319851e-06,25,20,20
26,4333,5.127007603141537e-11,0.9535375511840684,0.04646149855707561,9.502075851368375e-07,25,20,20
26,4334,3.058273486504046e-06,0.9269791678944209,0.07301647976525308,1.2940668392693558e-06,25,20,20
26,4335,3.0583228782221947e-06,0.9556625245323044,0.044333123068335006,1.2940764824543585e-06,25,20,20
26,4336,3.0583228599335066e-06,0.9568998343516253,0.0430958132545107,1.294071004047864e-06,25,20,20
26,4337,3.0583229205288723e-06,0.9315685756649659,0.06842706686999807,1.299142115302769e-06,25,20,20
26,4338,1.6215180205387453e-10,0.9407389603550288,0.05926008388668355,9.555961354077992e-07,25,20,20
26,4339,1.1270882929887348e-10,0.9407308739525103,0.05926817034410179,9.555906785689066e-07,25,20,20
26,4340,1.1264789178391189e-10,0.9694598732127363,0.030539176160272633,9.505143432122907e-07,25,20,20
26,4341,1.1244628415360139e-10,0.9683064020880807,0.03169264728007327,9.505193998249395e-07,25,20,20
26,4342,1.1241016681944391e-10,0.969160814148432,0.030838234897423343,9.508417345232118e-07,25,20,20
26,4343,1.1154900153285644e-10,0.9862081321309563,0.013790916915815974,9.508416786593778e-07,25,20,20
26,4344,9.913687474465013e-11,0.9854715717189032,0.014527477653575769,9.505283841094788e-07,25,20,20
26,4345,9.921009680884087e-11,0.9867991023224967,0.013200897233130362,3.451628281925675e-10,25,20,20
26,4346,6.473335198428621e-11,0.9906798661812013,0.009320133403538673,3.505267590540138e-10,25,20,20
26,4347,6.383170057144012e-11,0.9889953424775192,0.011004657424882635,3.376663260833311e-11,25,20,20
26,4348,5.0908983582304884e-11,0.9344916072608741,0.06550838616847154,6.5197453195859905e-09,25,20,20
26,4349,1.0640620646445696e-10,0.9481363276554456,0.05186367219853788,3.961029081444775e-11,25,20,20
26,4350,3.2295120403785306e-09,0.9123386202370576,0.08766137613673085,3.966993860130865e-10,25,20,20
26,4351,1.0573428644060361e-10,0.951561160930609,0.048438838924001415,3.965550473748621e-11,25,20,20
26,4352,4.4350645876378245e-10,0.9733537989716845,0.026646200553497326,3.131189038286556e-11,25,20,20
26,4353,4.432898642309526e-10,0.9733588712382862,0.026641128287115453,3.13085316012027e-11,25,20,20
26,4354,4.432716170329793e-10,0.9334103627115534,0.06658963681396277,3.121206632359346e-11,25,20,20
26,4355,6.933966735897048e-11,0.9325398456368188,0.06746014469143051,9.602410798790588e-09,25,20,20
26,4356,2.7686177117861504e-09,0.9296127549833776,0.070387215372297,2.6875707719827327e-08,25,20,20
26,4357,2.7701122727097035e-09,0.9690786151523791,0.030921354879818508,2.7197690383045997e-08,25,20,20
26,4358,1.202171496932536e-10,0.9708209877672086,0.029179002188093293,9.924481271781906e-09,25,20,20
26,4359,1.1368034837994103e-10,0.9598680275267969,0.04013197200823617,3.512869771444e-10,25,20,20
26,4360,5.1460838237367154e-08,0.9368744211898011,0.06312552699787732,3.514833604831248e-10,25,20,20
26,4361,5.146029774596694e-08,0.9087079490294223,0.09129198198493801,1.7525342509765448e-08,25,20,20
26,4362,5.165710037644335e-08,0.8799130578557507,0.12008687287334695,1.7613802540870504e-08,25,20,20
26,4363,1.24883886316801e-06,0.8243712517267037,0.17562584245558996,1.6569788431825333e-06,25,20,20
26,4364,1.2486415315601948e-06,0.8778014595046763,0.12219563465630982,1.6571974826542582e-06,25,20,20
26,4365,1.2486415295764427e-06,0.8773864315861729,0.12261066226696263,1.6575053352200714e-06,25,20,20
26,4366,1.2486417561974892e-06,0.9043864452243809,0.0956106486282991,1.6575055645739128e-06,25,20,20
26,4367,1.2497090711079114e-06,0.8667788020743208,0.12878355390149387,0.004436394315114565,25,20,20
26,4368,1.3552514584104098e-05,0.7332027751245457,0.2618944823865015,0.004889189974368092,25,20,20
26,4369,1.4656848076935669e-05,0.7131229826788481,0.2819731217988237,0.0048892386742502465,25,20,20
26,4370,1.465682922066878e-05,0.7520476788264991,0.2478160055047083,0.00012165883957135339,25,20,20
26,4371,1.465683261830973e-05,0.7897339450716927,0.21013141836588872,0.00011997972980000944,25,20,20
26,4372,1.1681171789571508e-06,0.9663364423139456,0.033662353859927815,3.570894778277598e-08,25,20,20
26,4373,1.1698503732142209e-06,0.9508640703698308,0.04913474173545602,1.8044340147356325e-08,25,20,20
26,4374,1.8567803639615043e-09,0.9471950116754355,0.052804506451255666,4.800165284766369e-07,25,20,20
26,4375,1.8437200630807113e-09,0.9476191559067877,0.05238036224359327,4.800058992054781e-07,25,20,20
26,4376,1.8434940659089727e-09,0.9480660388644752,0.05193347959944438,4.79692586638597e-07,25,20,20
26,4377,1.890395451244878e-09,0.9413537481316496,0.05864623242203227,1.7555922910059514e-08,25,20,20
26,4378,1.8904103498961967e-09,0.941384557549395,0.058615422998714424,1.756148023842431e-08,25,20,20
26,4379,1.8496283970201247e-09,0.9038625570478529,0.09613742354637013,1.755614862730211e-08,25,20,20
26,4380,1.8456439382676913e-09,0.874961217872562,0.1250387627257976,1.755599694549053e-08,25,20,20
26,4381,1.8456439382676913e-09,0.874961217872562,0.1250387627257976,1.755599694549053e-08,25,20,20
26,4382,1.1372866507511565e-10,0.9113335130710912,0.0886659227308072,5.640843730560926e-07,25,20,20
26,4383,1.1372891613282977e-10,0.9118136734870143,0.08818576261812344,5.63781133744387e-07,25,20,20
26,4384,1.1010160895508761e-10,0.9035815685705991,0.0964178675382572,5.637810423397479e-07,25,20,20
26,4385,3.080803238468013e-10,0.9429601025383009,0.05703933336702112,5.637865976959389e-07,25,20,20
26,4386,3.080734426456152e-10,0.9429692744805274,0.057030161413594585,5.637978048137392e-07,25,20,20
26,4387,1.0987857118321487e-10,0.9717417062622923,0.028257729835604973,5.637922242185983e-07,25,20,20
26,4388,1.0987856641434083e-10,0.9717324468577294,0.028266989245723576,5.637866684719831e-07,25,20,20
26,4389,1.1333153526500317e-10,0.9429188243429115,0.057080611755632574,5.637881245605118e-07,25,20,20
26,4390,1.1333153526500317e-10,0.9429188243429115,0.057080611755632574,5.637881245605118e-07,25,20,20
26,4391,1.1116079185136316e-10,0.9699075430264638,0.030091892451170596,5.644112047091181e-07,25,20,20
26,4392,1.1116465082921244e-10,0.9715939497828282,0.028405485694892315,5.644111147369402e-07,25,20,20
26,4393,1.6031109688799873e-10,0.9699086986489793,0.03009073615512659,5.650355829460087e-07,25,20,20
26,4394,1.1272916618134304e-10,0.9721837909607761,0.027815644202786604,5.647237080008144e-07,25,20,20
26,4395,7.8618224944435e-10,0.9749796684386609,0.025020284711114636,4.606404193053312e-08,25,20,20
26,4396,7.858467674742796e-10,0.9921467002744309,0.007853263967151313,3.497257086589225e-08,25,20,20
26,4397,7.858465635953092e-10,0.9921374785033086,0.007862485738273944,3.49725708658784e-08,25,20,20
26,4398,7.856485029396543e-10,0.9915522975376239,0.008447666708721125,3.4968006629297035e-08,25,20,20
26,4399,8.483199409268206e-10,0.9891033108352787,0.010896635856806414,5.2459595028826346e-08,25,20,20
26,4400,8.483199409268206e-10,0.9891033108352787,0.010896635856806414,5.2459595028826346e-08,25,20,20
26,4401,8.485108103264135e-10,0.9903336303107492,0.009666316381047335,5.245969250359617e-08,25,20,20
26,4402,8.476543798132496e-10,0.9898976113333117,0.010102352840055394,3.497897823553211e-08,25,20,20
26,4403,8.476695335703855e-10,0.9898757737178405,0.010124190450051519,3.498443808968889e-08,25,20,20
26,4404,8.600088146290702e-10,0.9904393278867073,0.009560636580808154,3.4672475519454175e-08,25,20,20
26,4405,8.722509734129859e-10,0.9609918951763785,0.03900806898673192,3.4964638184368e-08,25,20,20
26,4406,1.9119557678447044e-10,0.938727008216322,0.06127299082400261,7.684792625917921e-10,25,20,20
26,4407,1.9099357897685433e-10,0.9368876108691805,0.06311237039046985,1.8549355557723226e-08,25,20,20
26,4408,1.8662173989621367e-10,0.9638874336626,0.03611254771364896,1.843712878921437e-08,25,20,20
26,4409,1.498394388887195e-10,0.9345406039820696,0.06545937763703184,1.8231058551462043e-08,25,20,20
26,4410,4.0186211925339176e-08,0.8964876183128112,0.1035123232697246,1.8231251238742334e-08,25,20,20
26,4411,4.0187049360049215e-08,0.8952563087855552,0.10474363279623912,1.8231155449492383e-08,25,20,20
26,4412,4.018680540828692e-08,0.9235358321832996,0.07646410940036699,1.822952799384003e-08,25,20,20
26,4413,4.018680507462335e-08,0.9236018825108359,0.0763980590729286,1.8229430527013026e-08,25,20,20
26,4414,4.011987661231383e-08,0.908048569439693,0.09195137221994733,1.8220483057012304e-08,25,20,20
26,4415,4.011987661231383e-08,0.908048569439693,0.09195137221994733,1.8220483057012304e-08,25,20,20
26,4416,4.0119861785675856e-08,0.9092563904525071,0.09074355120714805,1.8220483080112914e-08,25,20,20
26,4417,4.0105953210982265e-08,0.9379941132337151,0.06200582852890823,1.813142362104767e-08,25,20,20
26,4418,5.733585401543404e-11,0.9472908135170632,0.052709168913604026,1.751199695459253e-08,25,20,20
26,4419,5.695024483060822e-11,0.9443997573482696,0.055600207283207824,3.5311572187625555e-08,25,20,20
26,4420,4.0307350374076164e-08,0.9198700406622387,0.08012986562803649,5.340237440696504e-08,25,20,20
26,4421,4.032485927264539e-08,0.8957375038892934,0.1042624023887592,5.339708782407712e-08,25,20,20
26,4422,4.030651638750382e-08,0.9205893142615419,0.07941059204027544,5.339166602394222e-08,25,20,20
26,4423,3.0282015527364816e-10,0.9060464490785146,0.09395352112023726,2.9498427309537743e-08,25,20,20
26,4424,3.02797468941321e-10,0.9064751016134777,0.09352486858539301,2.949833143846744e-08,25,20,20
26,4425,3.025529837206413e-10,0.9340110475290934,0.06598892773970931,2.4428644158217703e-08,25,20,20
26,4426,2.6657171158025282e-08,0.865155160572298,0.13484381749339938,9.952771311201611e-07,25,20,20
26,4427,2.639299544772509e-08,0.9181795283001104,0.08181945665207158,9.886548223248416e-07,25,20,20
26,4428,2.638201158069183e-08,0.9180288437508259,0.08197014121228442,9.886548776976964e-07,25,20,20
26,4429,2.6370037015632158e-08,0.8946892419355242,0.10530976053105161,9.711633870774228e-07,25,20,20
26,4430,2.705982864943139e-09,0.9733079462872536,0.026691079835663243,9.711711001023964e-07,25,20,20
26,4431,2.6748338002694586e-09,0.9888200743831332,0.011177968773818405,1.954168214561363e-06,25,20,20
26,4432,2.6748332687239534e-09,0.9888334569564272,0.011164586200523461,1.9541682162120375e-06,25,20,20
26,4433,2.6748332687239534e-09,0.9888334569564272,0.011164586200523461,1.9541682162120375e-06,25,20,20
26,4434,1.4864272659083655e-11,0.9910905958690415,0.008908420787781361,9.833283128531438e-07,25,20,20
26,4435,1.4237318569073615e-08,0.9652102792441386,0.03478871679937335,9.89719169318008e-07,25,20,20
26,4436,1.4237318569073615e-08,0.9652102792441386,0.03478871679937335,9.89719169318008e-07,25,20,20
26,4437,4.577973083299864e-11,0.975937191012545,0.024061825615463616,9.833262116358025e-07,25,20,20
26,4438,4.653029608727731e-11,0.9608994641708378,0.03909955245636442,9.833262673954431e-07,25,20,20
26,4439,4.5776532955216666e-11,0.9363148582316763,0.06368415828395191,9.834385949616482e-07,25,20,20
26,4440,4.5776532955216666e-11,0.9363148582316763,0.06368415828395191,9.834385949616482e-07,25,20,20
26,4441,2.7190424861086033e-11,0.9731857446511767,0.026813271993310354,9.833283226584199e-07,25,20,20
26,4442,2.7800312632390535e-11,0.9464636446352352,0.05353537166309951,9.83673864751169e-07,25,20,20
26,4443,2.7799052668690638e-11,0.9641377407177429,0.03586127622749827,9.83026959944441e-07,25,20,20
26,4444,6.648784383053039e-10,0.9625199287192355,0.037478137410763473,1.9332051229886138e-06,25,20,20
26,4445,7.14141469889891e-10,0.9608190974312681,0.039178968654832544,1.933199758215214e-06,25,20,20
26,4446,1.0023810672712789e-05,0.9096491298105626,0.09033889324303145,1.9531357331586483e-06,25,20,20
26,4447,7.139062728510229e-10,0.964296990572291,0.03570107551936188,1.933194441189421e-06,25,20,20
26,4448,6.298971681741084e-11,0.9902689651942862,0.009730051734066632,9.830086580840998e-07,25,20,20
26,4449,5.1625539886538005e-11,0.9496963391784989,0.05030366075281869,1.705708025743083e-11,25,20,20
26,4450,5.162553410414059e-11,0.949674515816974,0.05032548411443934,1.6961208356700964e-11,25,20,20
26,4451,5.164428987136332e-11,0.9496428787777421,0.05035712114254074,2.8073010793562602e-11,25,20,20
26,4452,6.635811173643074e-08,0.9266314296377967,0.07336807957325293,4.24430838898855e-07,25,20,20
26,4453,9.95885679732167e-11,0.9213784853778997,0.0786215144945828,2.7929231203323207e-11,25,20,20
26,4454,8.776747896018337e-06,0.9346675211590656,0.06532370146366556,6.293728786525026e-10,25,20,20
26,4455,8.776748763659887e-06,0.9346453708263774,0.06534585179548587,6.293729071957051e-10,25,20,20
26,4456,1.0108358754438929e-05,0.895012418450862,0.10497692321277358,5.499776103946419e-07,25,20,20
26,4457,1.0108359606927886e-05,0.8950033854802167,0.10498595618256754,5.499776091394497e-07,25,20,20
26,4458,1.3316630345063864e-06,0.8954447738082782,0.1045533442309746,5.50297713054025e-07,25,20,20
26,4459,1.5627873244457988e-06,0.8842932531655825,0.11570452998989417,6.540571991271839e-07,25,20,20
26,4460,0.00012466341570198462,0.8192634744898319,0.18056094609996426,5.091599450149523e-05,25,20,20
26,4461,0.00012466336643060695,0.8171467595725947,0.18267766076323838,5.091629773604873e-05,25,20,20
26,4462,0.00011203913959774461,0.8942316290435187,0.10560598712318146,5.0344693702279584e-05,25,20,20
26,4463,0.00011203913959774461,0.8942316290435187,0.10560598712318146,5.0344693702279584e-05,25,20,20
26,4464,0.00011203915195295898,0.9229286045091315,0.07690901164514337,5.0344693772268534e-05,25,20,20
26,4465,1.6691119416639e-11,0.9240365041133842,0.07596349430149896,1.5684258965171427e-09,25,20,20
26,4466,9.33193513814614e-11,0.8851764837252888,0.11482351492948537,1.2519070579589395e-09,25,20,20
26,4467,1.8328046271446852e-11,0.9870476646205932,0.012952334110864964,1.2502141194018826e-09,25,20,20
26,4468,7.707407053892376e-11,0.9849466552922188,0.015053343058899651,1.5718079566817468e-09,25,20,20
26,4469,1.0760931956029417e-09,0.9597415261713391,0.0402584711861995,1.566368631933608e-09,25,20,20
26,4470,1.0399945904708296e-09,0.9579956528107246,0.04200434427946112,1.8698201350230187e-09,25,20,20
26,4471,1.0397866129362883e-09,0.9579827929037191,0.04201720418667598,1.869818474867695e-09,25,20,20
26,4472,1.0280605845735515e-09,0.9592463292574959,0.0407536684480093,1.2664343815691306e-09,25,20,20
26,4473,1.0162334036341011e-09,0.9410095988319332,0.058990398713129756,1.4387039527385884e-09,25,20,20
26,4474,1.0153996482415066e-09,0.9139684106794984,0.08603158678265693,1.522445759199226e-09,25,20,20
26,4475,2.1982210315404453e-11,0.898113782343333,0.10188621601585672,1.6188283248980396e-09,25,20,20
26,4476,1.4281300584505785e-05,0.8598342755673191,0.14015144151274256,1.6193537130669437e-09,25,20,20
26,4477,1.4590598813448863e-05,0.8593926953757101,0.14059271259583,1.4296463704653384e-09,25,20,20
26,4478,3.0931935145489105e-07,0.9455795624395352,0.05442010949048046,1.8750632556035485e-08,25,20,20
26,4479,3.093193556893476e-07,0.9151065796384621,0.0848930922865183,1.875566394872699e-08,25,20,20
26,4480,3.093193247513053e-07,0.9442653590723908,0.05573431284156691,1.8766717399407048e-08,25,20,20
26,4481,1.3775362013809828e-11,0.9842336839307759,0.015766297288728092,1.8766720819522e-08,25,20,20
26,4482,2.6122103314853868e-11,0.9872145366235918,0.012785444578009543,1.8772276655058352e-08,25,20,20
26,4483,5.643721632361468e-06,0.9722993544054274,0.0276949830992215,1.877371884276587e-08,25,20,20
26,4484,5.643721443407755e-06,0.9734074848299228,0.026586852978152487,1.8470481169522154e-08,25,20,20
26,4485,4.2582477755283305e-08,0.961693862775751,0.03830607618352738,1.84582438994279e-08,25,20,20
26,4486,4.258352890067456e-08,0.9614637257052548,0.03853621325834113,1.8452875045918457e-08,25,20,20
26,4487,2.183225044203603e-08,0.9524765432088523,0.04752340701492976,2.7943967190924176e-08,25,20,20
26,4488,2.1832048479127653e-08,0.9537086300285202,0.04629132049714002,2.7642290993599704e-08,25,20,20
26,4489,2.1832276720852926e-08,0.9249636765161676,0.07503598524949141,3.1640206390157813e-07,25,20,20
26,4490,2.6985666347983288e-11,0.9667850441077434,0.03321464926648086,3.0659878987011354e-07,25,20,20
26,4491,2.6772604472451496e-11,0.9672354272238478,0.03276426616160246,3.065877770693721e-07,25,20,20
26,4492,7.464077507430699e-10,0.927956247961226,0.07204344470478025,3.065875857508205e-07,25,20,20
26,4493,7.224934363213711e-10,0.925686989896884,0.07431270250081505,3.068798069100961e-07,25,20,20
26,4494,3.0520250326034226e-12,0.9649702704050799,0.035029422712062955,3.068798048932224e-07,25,20,20
26,4495,1.4305949548781152e-11,0.9941406338664106,0.0058593479963419395,1.812294170795973e-08,25,20,20
26,4496,1.9850763872047347e-12,0.9689436593214796,0.031056322757560813,1.7918974643885738e-08,25,20,20
26,4497,1.9850763872047347e-12,0.9689436593214796,0.031056322757560813,1.7918974643885738e-08,25,20,20
26,4498,1.1560839323679856e-12,0.9964122531092852,0.0035877293860542294,1.7503504790574072e-08,25,20,20
26,4499,4.9331931334891247e-11,0.9934448553893158,0.006555127057849493,1.7503503009970454e-08,25,20,20
26,4500,4.933573712607982e-11,0.9934141266498642,0.0065858557972973235,1.7503502965020646e-08,25,20,20
26,4501,5.017888298735796e-11,0.96303813939898,0.036961843040354624,1.7510486443609388e-08,25,20,20
26,4502,5.017888298735796e-11,0.96303813939898,0.036961843040354624,1.7510486443609388e-08,25,20,20
26,4503,5.017888298735796e-11,0.96303813939898,0.036961843040354624,1.7510486443609388e-08,25,20,20
26,4504,5.018334602032345e-11,0.9630162333702337,0.03698374898150127,1.7598081434501795e-08,25,20,20
26,4505,5.017906594997693e-11,0.9917759058537188,0.008224076587082485,1.7509019691802246e-08,25,20,20
26,4506,5.019415421078221e-11,0.9930166889060206,0.0069833110207052984,2.3080041748479195e-11,25,20,20
26,4507,5.0190343832975304e-11,0.9930477946783993,0.006952205248426119,2.2984246592456895e-11,25,20,20
26,4508,5.103731058993519e-11,0.9921989976085653,0.0078010020071370674,3.3326035955159686e-10,25,20,20
26,4509,5.101884819787322e-11,0.9940477874851669,0.0059522121358433775,3.2797100597241144e-10,25,20,20
26,4510,5.756347869608204e-11,0.9752972502956964,0.024702749318814818,3.2792526223777233e-10,25,20,20
26,4511,6.211052916393225e-11,0.9908182473812566,0.009181734737281512,1.7819351279946134e-08,25,20,20
26,4512,5.6908811945395985e-11,0.9744494700934944,0.025550519952617763,9.896979010620712e-09,25,20,20
26,4513,3.9782963896400963e-08,0.9677708794887273,0.03222908008708,6.412284699306629e-10,25,20,20
26,4514,3.978296251875107e-08,0.9935940781043514,0.006405881471490276,6.411956089922647e-10,25,20,20
26,4515,3.978296613944761e-08,0.9924086825609738,0.0075912770147698524,6.412900814278991e-10,25,20,20
26,4516,3.978191208087364e-08,0.9930351852266383,0.0069647740337286605,9.577209601914768e-10,25,20,20
26,4517,3.978279459798985e-08,0.994238121135932,0.005761838123451919,9.578213714505404e-10,25,20,20
26,4518,8.231755883887377e-11,0.977140728814249,0.022859270285042536,8.183906379754099e-10,25,20,20
26,4519,5.455543231946361e-11,0.9670619569296838,0.03293804235858673,6.571736714018492e-10,25,20,20
26,4520,6.343874463294471e-11,0.9957525004882516,0.0042474984762549016,9.720544662561136e-10,25,20,20
26,4521,6.342440071114953e-11,0.9958073333858664,0.004192665895177842,6.555311053554857e-10,25,20,20
26,4522,2.851526219882888e-09,0.995796347079193,0.004203649413752876,6.55527779083802e-10,25,20,20
26,4523,2.80500376937697e-09,0.9938433631093188,0.006156633430244062,6.554332862247678e-10,25,20,20
26,4524,3.6793698023932696e-12,0.9656083142947264,0.03439168536797616,3.3361762080730804e-10,25,20,20
26,4525,3.6793698023932696e-12,0.9656083142947264,0.03439168536797616,3.3361762080730804e-10,25,20,20
26,4526,2.438581947351815e-08,0.9507496626697278,0.049249688387405906,6.245570462835146e-07,25,20,20
26,4527,2.438664352539139e-08,0.9502656601599082,0.04973369089639989,6.245570478795379e-07,25,20,20
26,4528,2.800264247630558e-12,0.9659979469486376,0.034002053030585074,1.7976690109565282e-11,25,20,20
26,4529,3.1519933400639545e-11,0.9551706169691911,0.04482938297813907,2.114918457820175e-11,25,20,20
26,4530,3.152297894291669e-11,0.9534604621543354,0.04653953778767373,2.6467466744353074e-11,25,20,20
26,4531,4.704859524632827e-11,0.8947284014379261,0.10527159812587138,3.891537592449539e-10,25,20,20
26,4532,2.600837540492269e-07,0.8931166983055735,0.10688304119359085,4.170812898649383e-10,25,20,20
26,4533,3.4386028626506094e-12,0.9472580504785362,0.052741584591697546,3.649263272741933e-07,25,20,20
26,4534,3.240320199024522e-12,0.9451743448154507,0.054825290255138694,3.6492616987781275e-07,25,20,20
26,4535,5.2156740783868656e-11,0.918901130683147,0.08109850433309364,3.649316020237159e-07,25,20,20
26,4536,5.215693317586539e-11,0.9192924202055811,0.08070721481596442,3.649262971186561e-07,25,20,20
26,4537,5.128928916875629e-11,0.9193014604020243,0.08069817462048473,3.6492620135281914e-07,25,20,20
26,4538,5.129466474985203e-11,0.9193009418425955,0.08069869317990816,3.649262013515576e-07,25,20,20
26,4539,3.722624642440462e-08,0.9162938706319569,0.08370572692254133,3.652192548865613e-07,25,20,20
26,4540,3.72261311214219e-08,0.9350491593693628,0.06495043818525176,3.652192540057384e-07,25,20,20
26,4541,3.722583322222612e-08,0.9862399492951142,0.013760013162796085,3.162565783712397e-10,25,20,20
26,4542,3.7226898840695116e-08,0.9854213448075569,0.014577616563822218,1.0014017222391392e-06,25,20,20
26,4543,5.225198871995448e-11,0.9596766454206308,0.040322353418614065,1.0011085032226605e-06,25,20,20
26,4544,1.4073347792085063e-05,0.9207757260728471,0.07920919898445389,1.001594906855948e-06,25,20,20
26,4545,1.4073347792085063e-05,0.9207757260728471,0.07920919898445389,1.001594906855948e-06,25,20,20
26,4546,1.4073347472304926e-05,0.9493396905322041,0.050645234525347554,1.0015949760383984e-06,25,20,20
26,4547,1.407334733143269e-05,0.9188989373171117,0.08108598743578821,1.0018997684988049e-06,25,20,20
26,4548,1.407334733143269e-05,0.9188989373171117,0.08108598743578821,1.0018997684988049e-06,25,20,20
26,4549,1.5829150424971542e-07,0.9571387233163666,0.04286011697339026,1.001418738543703e-06,25,20,20
26,4550,1.5824279215428433e-07,0.9546586805772592,0.045340159454353116,1.0017255953420557e-06,25,20,20
26,4551,1.5824279215428433e-07,0.9546586805772592,0.045340159454353116,1.0017255953420557e-06,25,20,20
26,4552,1.5824620736802855e-07,0.9250537833055849,0.07494505672826676,1.001719940919696e-06,25,20,20
26,4553,1.5824619326840318e-07,0.9262917795823978,0.07370706045136725,1.0017200414905164e-06,25,20,20
26,4554,1.5824619326840318e-07,0.9262917795823978,0.07370706045136725,1.0017200414905164e-06,25,20,20
26,4555,1.5824272810351297e-07,0.9830021417542403,0.0169966982737635,1.0017292682171057e-06,25,20,20
26,4556,1.5824303994387066e-07,0.9571496599465218,0.04284918007939855,1.0017310396690842e-06,25,20,20
26,4557,5.2391089594264163e-11,0.9549154241638259,0.045083574359854744,1.0014239281413243e-06,25,20,20
26,4558,5.2391089594264163e-11,0.9549154241638259,0.045083574359854744,1.0014239281413243e-06,25,20,20
26,4559,1.0068973989282913e-10,0.9537950780850757,0.04620392008220106,1.0017320334465525e-06,25,20,20
26,4560,1.557564987176983e-07,0.9544057227575559,0.04559312006683663,1.001419108702119e-06,25,20,20
26,4561,1.5575511475442112e-07,0.9564346596062498,0.04356516620576184,1.8432873583005405e-08,25,20,20
26,4562,1.557071070780579e-07,0.956392100537924,0.043607725327486344,1.8427482585984273e-08,25,20,20
26,4563,1.557109769047228e-07,0.8889489559519892,0.1110013784328566,4.950990417685898e-05,25,20,20
26,4564,1.5570868147012877e-07,0.9186721102111417,0.08127822417592726,4.950990424937255e-05,25,20,20
26,4565,1.5570776647889068e-07,0.9580794668051632,0.04192035906471566,1.842235425249063e-08,25,20,20
26,4566,1.5570736359900756e-07,0.9580906986843627,0.04190912719124312,1.8417030224367955e-08,25,20,20
26,4567,5.049090015905484e-11,0.9306486751741214,0.06935130636217521,1.8413212141511395e-08,25,20,20
26,4568,5.047561158616705e-11,0.9306712351453976,0.06932874639647163,1.8407654794141263e-08,25,20,20
26,4569,5.047601853981271e-11,0.9319092036719054,0.06809077786996501,1.840765321865701e-08,25,20,20
26,4570,1.1363809491953204e-10,0.9180185649171146,0.0819814155872287,1.938201792248098e-08,25,20,20
26,4571,1.8750464611276494e-07,0.8360421610091994,0.1639576324045761,1.90815770712907e-08,25,20,20
26,4572,3.4768901861724185e-07,0.82503100588963,0.1749675844692929,1.0619520572199067e-06,25,20,20
26,4573,1.9016903571449983e-07,0.8073118399753509,0.1926879508668027,1.898880945944131e-08,25,20,20
26,4574,2.778846436535697e-09,0.7973275345708624,0.2026724264759709,3.6174320400021725e-08,25,20,20
26,4575,1.610813228087928e-09,0.8370848165487972,0.16291514617800787,3.566238098142551e-08,25,20,20
26,4576,7.379426761364474e-08,0.8495641974132159,0.1504356930373784,3.575513776958711e-08,25,20,20
26,4577,7.379481385549003e-08,0.8748001658511771,0.12519972459536116,3.575864763267117e-08,25,20,20
26,4578,7.229624255534343e-08,0.8847210662835497,0.11527884314725782,1.827294954875481e-08,25,20,20
26,4579,7.224881538998189e-08,0.9133660261816624,0.08663388359571947,1.7973802384717702e-08,25,20,20
26,4580,7.224881538998189e-08,0.9133660261816624,0.08663388359571947,1.7973802384717702e-08,25,20,20
26,4581,7.224934881966038e-08,0.8996261023727793,0.10037380740938967,1.7968481719453874e-08,25,20,20
26,4582,7.292384457390303e-08,0.9001608886696499,0.09983902073603851,1.767046671602738e-08,25,20,20
26,4583,7.292179055920663e-08,0.9248875373029058,0.075112371485659,1.8289643938098593e-08,25,20,20
26,4584,7.292261781225687e-08,0.924887103018355,0.07511280547137082,1.8587656021366125e-08,25,20,20
26,4585,7.296887727421818e-08,0.9223681219091288,0.07763178685067898,1.8271314643203282e-08,25,20,20
26,4586,7.291941611911301e-08,0.9223984093836587,0.07760149942005551,1.8276869175011208e-08,25,20,20
26,4587,7.4647922274474e-08,0.9377668554882895,0.062233051590333155,1.8273454694297703e-08,25,20,20
26,4588,7.469771019396989e-08,0.9379167037586563,0.06208320327017644,1.827345678070626e-08,25,20,20
26,4589,7.465250512064545e-08,0.9404557922134308,0.059544114860601134,1.8273463049660142e-08,25,20,20
26,4590,7.465164530208348e-08,0.9008605586331185,0.09913934843894308,1.8276293171763348e-08,25,20,20
26,4591,7.465210644655288e-08,0.8821275087679844,0.11787238870850242,2.787140687691506e-08,25,20,20
26,4592,7.5083201939517e-08,0.8395212948315066,0.1604785909071341,3.9178158022276615e-08,25,20,20
26,4593,7.508404337553888e-08,0.8382830681690588,0.16171681726160833,3.9485290174440214e-08,25,20,20
26,4594,7.355191823722904e-08,0.8004165689220127,0.19958331194511447,4.558095541926325e-08,25,20,20
26,4595,7.42265862930117e-08,0.7832843328581365,0.21671554733417092,4.558110684938243e-08,25,20,20
26,4596,2.0394335217828975e-09,0.7805589138549887,0.2194404471049462,6.370006320617053e-07,25,20,20
26,4597,2.0391411241989645e-09,0.805162632792773,0.1948367282688336,6.368992525875291e-07,25,20,20
26,4598,2.0396222249276005e-09,0.7547777217563569,0.24522163930873953,6.368952814750122e-07,25,20,20
26,4599,1.4109373572648306e-09,0.7979797286743404,0.20201964391175672,6.260029653400886e-07,25,20,20
26,4600,1.4590466029328524e-09,0.8368564439463959,0.16314292858604038,6.260085176231318e-07,25,20,20
26,4601,5.7382595121533066e-08,0.826250322661305,0.1737492264738364,3.9348226375492706e-07,25,20,20
26,4602,5.535352892641752e-08,0.881636791527861,0.11836276910131976,3.840172904231701e-07,25,20,20
26,4603,1.4514913745807488e-09,0.946770319481978,0.05322966030672514,1.8759805389328452e-08,25,20,20
26,4604,7.759085191470737e-10,0.93306030396922,0.06693967649165049,1.876322076087706e-08,25,20,20
26,4605,7.755865438882305e-10,0.9070347243011824,0.09296527365150498,1.2717261190234345e-09,25,20,20
26,4606,0.00010230603618415067,0.8676457657316645,0.13225172533526122,2.0289688999057397e-07,25,20,20
26,4607,7.754108367533467e-10,0.907636645410545,0.09236335254241089,1.2716334579792548e-09,25,20,20
26,4608,7.754108367533467e-10,0.907636645410545,0.09236335254241089,1.2716334579792548e-09,25,20,20
26,4609,7.75083362069475e-10,0.9741276375132497,0.025872360437557914,1.2741090903782088e-09,25,20,20
26,4610,7.821860528998117e-10,0.8755628671585032,0.12443713123248715,8.268237556820715e-10,25,20,20
26,4611,7.821825040993235e-10,0.8743359370510331,0.12566406134551797,8.212664556177176e-10,25,20,20
26,4612,9.943879841786034e-10,0.8073266707084256,0.1926733012189903,2.7078195610972808e-08,25,20,20
26,4613,2.2577403708665843e-06,0.7861220848761492,0.21387461640737404,1.0409761053530625e-06,25,20,20
26,4614,2.2577401200782564e-06,0.8260991030620869,0.173897619396877,1.0198009158497585e-06,25,20,20
26,4615,1.988175832042916e-08,0.8265363872593532,0.17306947480958204,0.0003941180493064725,25,20,20
26,4616,1.988175832042916e-08,0.8265363872593532,0.17306947480958204,0.0003941180493064725,25,20,20
26,4617,2.0707255970678153e-07,0.7890764306186361,0.21052922419428252,0.0003941381145211731,25,20,20
26,4618,3.100375465754234e-08,0.8177693131306009,0.1818365228092878,0.0003941330563565307,25,20,20
26,4619,1.9058056147076858e-08,0.8577365742999232,0.1418692736047376,0.00039413303728337573,25,20,20
26,4620,7.587604153979962e-08,0.9079315348727726,0.09167427566712565,0.0003941135840604114,25,20,20
26,4621,7.587604153979962e-08,0.9079315348727726,0.09167427566712565,0.0003941135840604114,25,20,20
26,4622,1.899488637639019e-08,0.9150592842432829,0.08454658317971976,0.000394113582111008,25,20,20
26,4623,1.9025423169541402e-08,0.9183762208578442,0.08122964653125914,0.0003941135854736386,25,20,20
26,4624,1.9075281586729102e-08,0.9195579801432302,0.08004788718655124,0.0003941135949368515,25,20,20
26,4625,1.0830949121206346e-09,0.9317545668917433,0.06824508451643325,3.4750872819682193e-07,25,20,20
26,4626,1.0830949121206346e-09,0.9317545668917433,0.06824508451643325,3.4750872819682193e-07,25,20,20
26,4627,4.792062970271015e-06,0.9396613811437083,0.06033381606886661,1.0724454333153323e-08,25,20,20
26,4628,8.052958952944398e-11,0.9724878132564412,0.027512185391589016,1.2714401417140914e-09,25,20,20
26,4629,9.942939584649451e-11,0.9638037305493893,0.03619626807769574,1.273485578884871e-09,25,20,20
26,4630,9.964088579227164e-11,0.9753113924686038,0.02468860646573688,9.660183823242414e-10,25,20,20
26,4631,1.8452715714537804e-09,0.9627614249681399,0.03723857221098247,9.756056652157251e-10,25,20,20
26,4632,1.8452783985325834e-09,0.9621201082688647,0.03787988891025261,9.756039558796598e-10,25,20,20
26,4633,1.843770509681921e-09,0.9608542891489988,0.03914569054568923,1.8461541302103872e-08,25,20,20
26,4634,1.8440779993224635e-09,0.9350308881495305,0.06496908514237848,2.486401236446553e-08,25,20,20
26,4635,1.87369070248462e-09,0.9166384027155806,0.0833615708632313,2.4547497054752313e-08,25,20,20
26,4636,8.762003435599048e-09,0.8537951027474565,0.1462040089888684,8.795016715840919e-07,25,20,20
26,4637,8.762003435599048e-09,0.8537951027474565,0.1462040089888684,8.795016715840919e-07,25,20,20
26,4638,6.506238271047013e-05,0.8140000178988995,0.18593391200781412,1.0077105747635053e-06,25,20,20
26,4639,6.506235341867835e-05,0.8307027624500237,0.16923116748048359,1.0077160731777457e-06,25,20,20
26,4640,7.001328026588607e-09,0.88363967035563,0.11635944313589597,8.795071457487362e-07,25,20,20
26,4641,7.0013281344270665e-09,0.8464443672225399,0.15355474627430307,8.795018284029272e-07,25,20,20
26,4642,7.014865920732906e-09,0.8927925723726392,0.10720653760142836,8.830110660148643e-07,25,20,20
26,4643,7.014652809862153e-09,0.891136644851992,0.10886246481905258,8.833143024586384e-07,25,20,20
26,4644,2.362569860769589e-09,0.909423183927001,0.09057596960701535,8.441034135305483e-07,25,20,20
26,4645,1.0003955191426602e-10,0.9489723360414861,0.05102764526822527,1.859024825147854e-08,25,20,20
26,4646,1.0026306155675785e-10,0.9870247222900248,0.012975258835261993,1.8774449506667406e-08,25,20,20
26,4647,1.585677182158057e-09,0.9287245437292689,0.07127543605886695,1.862618608596269e-08,25,20,20
26,4648,1.5377417379869549e-09,0.9294035950550955,0.07059640196590494,1.4412571098337342e-09,25,20,20
26,4649,1.565451825870622e-09,0.91144472777045,0.08855526922828984,1.4358083134380368e-09,25,20,20
26,4650,3.149127318841219e-11,0.9493442940749965,0.05065570415437133,1.739140297553838e-09,25,20,20
26,4651,2.8383536376046834e-09,0.9096208185675977,0.09037917649284383,2.1012046887311795e-09,25,20,20
26,4652,4.275549549770797e-08,0.8696317411524197,0.13036821368153365,2.410550929337682e-09,25,20,20
26,4653,4.2698736735032486e-08,0.9093777655091858,0.09062219035348326,1.4385943056197572e-09,25,20,20
26,4654,2.7840644618318564e-09,0.9531239358863052,0.04687606052435371,8.052761367063796e-10,25,20,20
26,4655,3.154464566768623e-11,0.9724971949717316,0.02750280467289337,3.2382968325541234e-10,25,20,20
26,4656,9.868422951502192e-08,0.9378666624234684,0.062132691651256206,5.47241045297515e-07,25,20,20
26,4657,9.868499950085181e-08,0.9531947035040256,0.04680519728730623,5.236679535402738e-10,25,20,20
26,4658,9.865461022561885e-08,0.9673641619077987,0.032635738917240864,5.203493438898103e-10,25,20,20
26,4659,9.870334868696033e-08,0.9667775674814066,0.033222333289517236,5.25726602009298e-10,25,20,20
26,4660,9.870316530986265e-08,0.9272147564640639,0.07278514431237994,5.203901834170588e-10,25,20,20
26,4661,2.614264198017675e-09,0.8786019638392178,0.12139421873972787,3.8148067894376215e-06,25,20,20
26,4662,2.614264198017675e-09,0.8786019638392178,0.12139421873972787,3.8148067894376215e-06,25,20,20
26,4663,2.626462529456989e-09,0.878003316249318,0.12199286631195821,3.814812260682704e-06,25,20,20
26,4664,6.969659177868935e-10,0.9431289424372534,0.05687105654155301,3.2422740561288515e-10,25,20,20
26,4665,6.971858389938647e-10,0.9250031461403918,0.07499685266992999,4.924919672981003e-10,25,20,20
26,4666,7.231921296117308e-10,0.899140087855627,0.10085991110084955,3.2033108864713113e-10,25,20,20
26,4667,7.492599062028645e-10,0.9506718965449581,0.04932810238407452,3.217070144161242e-10,25,20,20
26,4668,7.492906238639452e-10,0.9506858133112126,0.04931418561797907,3.215171772919348e-10,25,20,20
26,4669,7.483766647832505e-10,0.9478701015398407,0.052129897385201136,3.2658134649295204e-10,25,20,20
26,4670,7.483766647832505e-10,0.9478701015398407,0.052129897385201136,3.2658134649295204e-10,25,20,20
26,4671,7.220594419145509e-10,0.9641015983438258,0.0358984006131378,3.209766176831694e-10,25,20,20
26,4672,7.715393231087013e-10,0.9644416847194993,0.03555829690882491,1.76001358294546e-08,25,20,20
26,4673,7.4459473029422e-10,0.9811671403287826,0.018832841329394084,1.759722778473874e-08,25,20,20
26,4674,7.4459473029422e-10,0.9811671403287826,0.018832841329394084,1.759722778473874e-08,25,20,20
26,4675,7.437919781492184e-10,0.9841499999438141,0.015849981715165152,1.759722791191877e-08,25,20,20
26,4676,7.406775115418644e-11,0.9852838373643352,0.014716144954723329,1.76068731379573e-08,25,20,20
26,4677,7.318437087520664e-11,0.9852684714764588,0.014731510843485021,1.7606871401225957e-08,25,20,20
26,4678,7.318468663758304e-11,0.983582021384456,0.016417960935395864,1.7606963054357868e-08,25,20,20
26,4679,7.321252050433864e-11,0.9463771029288331,0.053622878900579145,1.8097374540582707e-08,25,20,20
26,4680,7.321252050433864e-11,0.9463771029288331,0.053622878900579145,1.8097374540582707e-08,25,20,20
26,4681,6.170391953708356e-11,0.946482745466116,0.05351723668609896,1.7786080615387952e-08,25,20,20
26,4682,5.04166110914603e-11,0.9345222228418386,0.06547775932332613,1.778441789654347e-08,25,20,20
26,4683,5.04166110914603e-11,0.9345222228418386,0.06547775932332613,1.778441789654347e-08,25,20,20
26,4684,9.862782557549556e-11,0.934129798480149,0.06587018363671163,1.7784511243664214e-08,25,20,20
26,4685,1.0210805066155177e-10,0.8878533929404216,0.11214657957618387,2.7381286037469595e-08,25,20,20
26,4686,5.326748758903287e-11,0.9276664387930347,0.07233353396119364,2.719250376452356e-08,25,20,20
26,4687,4.9792835681893264e-11,0.9541293081770212,0.04587066457677273,2.719641288368667e-08,25,20,20
26,4688,6.242129031719861e-11,0.9403555631059453,0.0596444272125087,9.61912442274222e-09,25,20,20
26,4689,6.262827179345935e-11,0.9409952376337709,0.05900475267924858,9.624351736864866e-09,25,20,20
26,4690,1.1034277034523174e-10,0.9545530295790524,0.04544696069485988,9.615744624399672e-09,25,20,20
26,4691,1.4434681992223558e-10,0.9527779491170706,0.04722204112813138,9.610450857452893e-09,25,20,20
26,4692,1.5392210942621392e-07,0.926783652855228,0.07321618300344762,1.0219214762491046e-08,25,20,20
26,4693,1.5392232641590574e-07,0.9664264243581642,0.0335734114968012,1.022270826676923e-08,25,20,20
26,4694,1.539223110489868e-07,0.9664269803461697,0.03357285550861908,1.0222899792876626e-08,25,20,20
26,4695,1.539231367221957e-07,0.9651719638287898,0.03482787202517524,1.0222898057641307e-08,25,20,20
26,4696,1.539471709067881e-07,0.9628211771494039,0.037178658669560875,1.023386405176778e-08,25,20,20
26,4697,1.539356454128034e-07,0.9638808125779318,0.03611902294528601,1.0541136525134444e-08,25,20,20
26,4698,1.6522493275899734e-07,0.9351124227529672,0.06488741090781752,1.114282224487011e-09,25,20,20
26,4699,1.6524246500223078e-07,0.9280443590085374,0.07195547480304793,9.459492551646353e-10,25,20,20
26,4700,1.6524891035427089e-07,0.9105964554239805,0.08940337838120188,9.459067178103615e-10,25,20,20
26,4701,1.5396018661976448e-07,0.9250027208631425,0.07499712391563187,1.2610388821341802e-09,25,20,20
26,4702,6.834073141623337e-08,0.8996584683513565,0.10034145650341074,6.804500748851467e-09,25,20,20
26,4703,7.116617308124662e-08,0.9266510389808056,0.07334888303369981,6.819321501900176e-09,25,20,20
26,4704,2.9582638779724157e-09,0.9135179921384988,0.08648200374713376,1.1561030853035413e-09,25,20,20
26,4705,2.9582791043413255e-09,0.9135076715955698,0.08649232429014343,1.1560072742310672e-09,25,20,20
26,4706,2.789098922675278e-06,0.8757178082553349,0.12427825164922096,1.1509965210543398e-06,25,20,20
26,4707,2.789098393561316e-06,0.891123298560353,0.1088727613481447,1.1509931083117463e-06,25,20,20
26,4708,2.5252576593872224e-06,0.931091056333241,0.06890526741034056,1.150998759035888e-06,25,20,20
26,4709,5.73112213503902e-09,0.9692019563152309,0.03079801974761698,1.8206030014164804e-08,25,20,20
26,4710,6.730183562061631e-09,0.942114514842529,0.057885442735187705,3.569209976838535e-08,25,20,20
26,4711,6.730837563715791e-09,0.9392133349228554,0.060786622358093234,3.5988213758772375e-08,25,20,20
26,4712,6.730837563715791e-09,0.9392133349228554,0.060786622358093234,3.5988213758772375e-08,25,20,20
26,4713,6.743273693601385e-09,0.9370773579393158,0.0629225990160684,3.630134193717175e-08,25,20,20
26,4714,6.743061954516613e-09,0.9403864346900848,0.05961352227091863,3.6295934324714555e-08,25,20,20
26,4715,6.743061954516613e-09,0.9403864346900848,0.05961352227091863,3.6295934324714555e-08,25,20,20
26,4716,6.742841405124342e-09,0.9146479773887569,0.08535197957252982,3.6295871425172514e-08,25,20,20
26,4717,6.7428562188623435e-09,0.9145857975599578,0.08541415940140976,3.629577569187821e-08,25,20,20
26,4718,5.742943953253346e-09,0.9159318687432301,0.08406808921249155,3.630133405593462e-08,25,20,20
26,4719,5.743772658781118e-09,0.9184102579374297,0.08158971750880797,1.880998941634774e-08,25,20,20
26,4720,5.737331560988721e-09,0.8975905791766118,0.10240939627611619,1.880994052836988e-08,25,20,20
26,4721,5.737331560988721e-09,0.8975905791766118,0.10240939627611619,1.880994052836988e-08,25,20,20
26,4722,8.426366819547017e-09,0.8568408708563285,0.14315749114484821,1.6295724563175815e-06,25,20,20
26,4723,5.639541861698172e-09,0.856721618310732,0.143276764316522,1.6117332041215964e-06,25,20,20
26,4724,5.6386779631634875e-09,0.8821477286864566,0.11785065394715433,1.6117277109567973e-06,25,20,20
26,4725,5.637334287808129e-09,0.9210609923335066,0.07893898385558974,1.817356908975188e-08,25,20,20
26,4726,5.972909048733525e-09,0.8801899544723035,0.11980953145390619,5.081008814099361e-07,25,20,20
26,4727,5.625219585090168e-09,0.8761060740771367,0.1238939024247358,1.787290785730467e-08,25,20,20
26,4728,1.3388501772192746e-05,0.812517768035428,0.18746882658012698,1.688267145835916e-08,25,20,20
26,4729,1.3388456752028255e-05,0.8807388643910566,0.11924773027107527,1.6881116173144216e-08,25,20,20
26,4730,9.009244788228805e-08,0.9207679673182138,0.07923192574105338,1.684828506233018e-08,25,20,20
26,4731,9.009246199137533e-08,0.9190715190911252,0.08092837396290359,1.685350921280597e-08,25,20,20
26,4732,9.009244741478635e-08,0.9207583711764326,0.07924152188293078,1.6848189272765818e-08,25,20,20
26,4733,1.051993886060985e-09,0.9604535538817884,0.039546444725307,3.40910352331881e-10,25,20,20
26,4734,5.401100880709846e-09,0.9198402227316295,0.08015977152620915,3.410601371756606e-10,25,20,20
26,4735,5.401104319407766e-09,0.9180903964520994,0.08190959780583165,3.409642221854906e-10,25,20,20
26,4736,5.401104319407766e-09,0.9180903964520994,0.08190959780583165,3.409642221854906e-10,25,20,20
26,4737,6.073822863488368e-09,0.9179575356654209,0.08204244063554897,1.7625207202645347e-08,25,20,20
26,4738,1.7360236006001238e-09,0.9585724123416002,0.041427568297033736,1.7625342380580384e-08,25,20,20
26,4739,7.361439901996896e-10,0.9843965011837353,0.015603480454813336,1.7625307251800518e-08,25,20,20
26,4740,7.869060206316526e-08,0.9613627291094637,0.03863716582843978,2.6371494332443558e-08,25,20,20
26,4741,7.869058736567873e-08,0.9625705406469406,0.03742935429097761,2.637149433424805e-08,25,20,20
26,4742,7.869145392183262e-08,0.9637039889803379,0.036295905956710346,2.6371497702104963e-08,25,20,20
26,4743,7.869144358325346e-08,0.9671111768036489,0.03288871813350125,2.637140608338123e-08,25,20,20
26,4744,7.372066577206454e-10,0.9864182407844189,0.013581723372584684,3.510578981792159e-08,25,20,20
26,4745,7.371971112976941e-10,0.9676457846329002,0.032354179518701016,3.511120163982966e-08,25,20,20
26,4746,7.363370014546132e-10,0.9676148206500201,0.0323851435025369,3.511110590174247e-08,25,20,20
26,4747,7.361206096442991e-10,0.9676391044792477,0.032360859673621345,3.511101016704891e-08,25,20,20
26,4748,7.361206096442991e-10,0.9676391044792477,0.032360859673621345,3.511101016704891e-08,25,20,20
26,4749,7.363457622431526e-10,0.9463761513366764,0.05362381281056277,3.5116414911072444e-08,25,20,20
26,4750,6.362424307532264e-11,0.9477195962169702,0.05228038588704575,1.7832359595870704e-08,25,20,20
26,4751,6.361689766377643e-11,0.9465438252413156,0.05345615686270765,1.78323595160855e-08,25,20,20
26,4752,6.360774486834143e-11,0.9877392102772642,0.012260771826766484,1.7832361524225898e-08,25,20,20
26,4753,7.120149902824477e-11,0.9740142806039265,0.025985690401311393,2.8923560502209494e-08,25,20,20
26,4754,2.840388587045115e-09,0.9751860783957345,0.024813889518502937,2.9245373664234695e-08,25,20,20
26,4755,2.431766518575286e-11,0.9752310124961118,0.02476895855054524,2.8929025011602484e-08,25,20,20
26,4756,1.8894036692137528e-11,0.9219935902528035,0.07800539998765674,1.0097406454679298e-06,25,20,20
26,4757,7.086332873925731e-10,0.9230017298648511,0.07699725951119707,1.009915318282598e-06,25,20,20
26,4758,7.08647866639636e-10,0.9213143112152767,0.0786846778574248,1.0102186504174165e-06,25,20,20
26,4759,7.088698186312217e-10,0.9195732728753754,0.0804257161971044,1.0102186503716183e-06,25,20,20
26,4760,7.097060307346832e-10,0.8792681575614438,0.12073083119612343,1.0105327273893223e-06,25,20,20
26,4761,0.00040918485381678354,0.8401778711350835,0.15941194928309832,9.947280018815587e-07,25,20,20
26,4762,3.107996426270998e-11,0.8829338800604474,0.11706512735050069,9.925579724599616e-07,25,20,20
26,4763,2.7015134359719077e-09,0.8807830970839231,0.11921590765659838,9.925579656034484e-07,25,20,20
26,4764,1.515439342230622e-07,0.879262619329674,0.12073623512064234,9.940057497405799e-07,25,20,20
26,4765,1.0624969207435595e-05,0.8294010372952116,0.17058734372883852,9.940067415912651e-07,25,20,20
26,4766,1.0624969207435051e-05,0.8293480526352757,0.17064032807224966,9.943232666344028e-07,25,20,20
26,4767,1.0622296843822302e-05,0.8137214218944553,0.18626696180313687,9.940055635413677e-07,25,20,20
26,4768,0.03903213965859297,0.7741810992445552,0.18678576708395273,9.940128987762e-07,25,20,20
26,4769,1.0622249227481278e-05,0.8124889339551541,0.1874994499122018,9.938834163342275e-07,25,20,20
26,4770,2.5345323111881152e-05,0.7896286892216925,0.21034497274382136,9.927113737524277e-07,25,20,20
26,4771,2.534531121081636e-05,0.8283208153857806,0.17165382071374746,1.8589260382461798e-08,25,20,20
26,4772,0.03942211359004646,0.7904443906114069,0.17013347704341417,1.8755131712021686e-08,25,20,20
26,4773,0.0394221136032598,0.8288211579323547,0.13175670987602367,1.85883616879086e-08,25,20,20
26,4774,0.00016704352207352918,0.8686747949510638,0.13115814280224602,1.8724616521042296e-08,25,20,20
26,4775,5.346818777131172e-09,0.9055137204621697,0.09448625547396321,1.8717048533272247e-08,25,20,20
26,4776,5.3352622676083644e-09,0.9270457560584399,0.07295422019664728,1.8409650113347952e-08,25,20,20
26,4777,1.575202140767963e-08,0.8858603377603046,0.11413962777026823,1.871740504525635e-08,25,20,20
26,4778,1.653387519617555e-08,0.8466382126786782,0.1532966919738258,6.507881361980539e-05,25,20,20
26,4779,6.117957495473289e-09,0.886606728341553,0.11332818672758752,6.507881290123792e-05,25,20,20
26,4780,6.791881519214776e-09,0.9237465110820042,0.07618838572354075,6.509640257275966e-05,25,20,20
26,4781,6.009123165567795e-09,0.9223374892465906,0.07766246843240729,3.631187827390024e-08,25,20,20
26,4782,6.010238804761158e-09,0.8918326438101589,0.10816729658745187,5.359214933242841e-08,25,20,20
26,4783,6.009676910877656e-09,0.9057193757965362,0.09428056490877072,5.3285015716421776e-08,25,20,20
26,4784,3.4008813474385446e-09,0.8687349048473059,0.13126503811298332,5.363882821155129e-08,25,20,20
26,4785,3.4008813474385446e-09,0.8687349048473059,0.13126503811298332,5.363882821155129e-08,25,20,20
26,4786,3.5337646847592208e-06,0.8288927894520431,0.17110362307693236,5.37063383588034e-08,25,20,20
26,4787,3.5338116582539914e-06,0.8544288371758029,0.14556757530610503,5.3706432606732264e-08,25,20,20
26,4788,3.533810791070043e-06,0.8532345457971666,0.14676186668560842,5.370643252614119e-08,25,20,20
26,4789,3.533810791070043e-06,0.8532345457971666,0.14676186668560842,5.370643252614119e-08,25,20,20
26,4790,3.533810790600389e-06,0.8949314439586558,0.10506498616192132,3.6068631484933875e-08,25,20,20
26,4791,3.5337639989090243e-06,0.8779912642031352,0.12200516596137458,3.6071489995150257e-08,25,20,20
26,4792,8.250594240051279e-08,0.8967908273606384,0.10320855203748187,5.38095936356673e-07,25,20,20
26,4793,1.3050079357938235e-06,0.8781361980872923,0.12186195863970711,5.382650636828136e-07,25,20,20
26,4794,1.3050079353568453e-06,0.8510944355595464,0.1489037211727485,5.382597693891058e-07,25,20,20
26,4795,4.138058920663552e-09,0.8256801741168972,0.17431857868175357,1.243063289571464e-06,25,20,20
26,4796,4.114635447782077e-09,0.8184841715684098,0.18151457199207674,1.2523248772690678e-06,25,20,20
26,4797,2.431996202071822e-05,0.8004362326446863,0.19953819511830329,1.2522749874531184e-06,25,20,20
26,4798,2.4319961789182485e-05,0.8011203678863068,0.19885407766333937,1.2344885629574058e-06,25,20,20
26,4799,2.431928716813364e-05,0.8022628149699265,0.19771164822107765,1.2175218267876313e-06,25,20,20
26,4800,2.4319290533279034e-05,0.7829566024047787,0.21701786078269428,1.2175219929784693e-06,25,20,20
26,4801,2.4319286406152096e-05,0.7679157389200978,0.2320587242660197,1.217527475218195e-06,25,20,20
26,4802,5.645456646253729e-09,0.7976804665441324,0.20231831033839487,1.217472015036838e-06,25,20,20
26,4803,8.312396514028481e-09,0.7950557621785191,0.20494301202641285,1.2174826705765531e-06,25,20,20
26,4804,8.312407146597025e-09,0.8349964718039766,0.16500230240094443,1.2174826702756826e-06,25,20,20
26,4805,2.2779855371785977e-08,0.8757970862169974,0.12420287415288811,1.6850258520919563e-08,25,20,20
26,4806,2.277329315340974e-08,0.894586009464648,0.10541396049197418,7.2700840900288665e-09,25,20,20
26,4807,2.2085320658987237e-08,0.8955673904274974,0.10443257991140581,7.575775857321632e-09,25,20,20
26,4808,5.331567335286174e-09,0.9190899304621014,0.08091006306912198,1.1372087112847681e-09,25,20,20
26,4809,4.86421335474712e-09,0.8830349396909135,0.1169650449543817,1.0490491533239394e-08,25,20,20
26,4810,3.350875461955791e-09,0.9222511614789884,0.07774882468571524,1.048442040965095e-08,25,20,20
26,4811,3.350885117540049e-09,0.8603965243980173,0.1396034616486413,1.0602456441944044e-08,25,20,20
26,4812,4.138926645707127e-08,0.8193806299785643,0.18061834328846021,9.853437082015467e-07,25,20,20
26,4813,4.2181366345153746e-08,0.7839800910217621,0.21601888172460998,9.850722600693784e-07,25,20,20
26,4814,1.7507459411572035e-06,0.7824351228010161,0.21756214106748165,9.853855596641663e-07,25,20,20
26,4815,4.496683821075529e-08,0.8607215457515781,0.1392774243813963,9.84900187057887e-07,25,20,20
26,4816,4.496683821075529e-08,0.8607215457515781,0.1392774243813963,9.84900187057887e-07,25,20,20
26,4817,4.4273143882969436e-08,0.859652564774509,0.14034640605762985,9.848947167517203e-07,25,20,20
26,4818,0.00012692612203272702,0.725988156177837,0.27388390141976243,1.0162803667518983e-06,25,20,20
26,4819,0.00012692614034752944,0.7256036825058291,0.27426836878322247,1.0225705996025732e-06,25,20,20
26,4820,0.00012105896992191898,0.7243211655133597,0.2755567620612876,1.0134554294505577e-06,25,20,20
26,4821,0.0001220779456821673,0.7025436364048158,0.2973328143194594,1.4713300416289955e-06,25,20,20
26,4822,0.00012207784916629268,0.6773689469836509,0.32250748335156504,1.4918156164001919e-06,25,20,20
26,4823,1.3292060203055503e-06,0.6919937295996774,0.30800343533570623,1.5058585948965695e-06,25,20,20
26,4824,1.3292646273680441e-06,0.6898706965023628,0.3101254932649998,2.4809680089872872e-06,25,20,20
26,4825,1.3286503295525215e-06,0.6507091723061857,0.34921975479072787,6.974425275566624e-05,25,20,20
26,4826,1.3649640067872379e-06,0.6470809915113168,0.3528478825935812,6.976093109402113e-05,25,20,20
26,4827,5.090157112316617e-07,0.7341952926583918,0.2657328971925123,7.130113338382565e-05,25,20,20
26,4828,5.090165407676505e-07,0.7324027679903828,0.2675254218596869,7.130113338866982e-05,25,20,20
26,4829,8.199036819216153e-08,0.7857717238283064,0.21415793738951208,7.025679181268345e-05,25,20,20
26,4830,8.199234285429548e-08,0.7478956775780903,0.24857569463959842,0.0035285457899676374,25,20,20
26,4831,0.015611894584202727,0.7074821189735785,0.2769038915102933,2.0949319252396846e-06,25,20,20
26,4832,1.911890364273546e-07,0.7234832363806887,0.27651546121724846,1.111213026177004e-06,25,20,20
26,4833,1.6594196611496015e-06,0.7427557778263387,0.2572425019571438,6.079685615476044e-08,25,20,20
26,4834,1.7507110790318094e-06,0.6852482629918373,0.3147487322212143,1.2540758692452626e-06,25,20,20
26,4835,4.1471991118089097e-07,0.7485532353665849,0.2514451274198688,1.2224936350131485e-06,25,20,20
26,4836,1.351734980432849e-07,0.7597388059805118,0.2402434243798492,1.763446614042916e-05,25,20,20
26,4837,1.34414657347032e-07,0.7470680283581701,0.25293061694147423,1.220285697741687e-06,25,20,20
26,4838,1.3441467257056299e-07,0.7470843957866624,0.25291424951852215,1.2202801421110413e-06,25,20,20
26,4839,1.3497915008323686e-07,0.7269804886156783,0.2730181735971339,1.2028080366956426e-06,25,20,20
26,4840,1.3492745715806232e-07,0.7257501088273902,0.27424855318208236,1.2030630693043804e-06,25,20,20
26,4841,1.3492745715806232e-07,0.7257501088273902,0.27424855318208236,1.2030630693043804e-06,25,20,20
26,4842,1.3493006956651286e-07,0.7115737563794409,0.28842490562546447,1.2030650238805437e-06,25,20,20
26,4843,1.348886137761836e-07,0.7515243797809599,0.24847428252618287,1.2028042423328862e-06,25,20,20
26,4844,1.348894816239039e-07,0.7515024927467846,0.24849616955949042,1.2028042423614407e-06,25,20,20
26,4845,1.348894816696614e-07,0.7773252088907653,0.22267345341738282,1.2028023691920732e-06,25,20,20
26,4846,1.3664048937809474e-07,0.763291829175632,0.236706831372711,1.202811166577249e-06,25,20,20
26,4847,9.634073296123773e-08,0.7689752344270001,0.2310234755520133,1.1936802525082486e-06,25,20,20
26,4848,9.634073296123773e-08,0.7689752344270001,0.2310234755520133,1.1936802525082486e-06,25,20,20
26,4849,9.722179136225891e-08,0.6889997016673631,0.31099900742419234,1.1936866522918524e-06,25,20,20
26,4850,7.3087088510357676e-09,0.7299258802822269,0.2700741002603778,1.2148685609277409e-08,25,20,20
26,4851,7.308693298264022e-09,0.7299587719920972,0.2700412085505264,1.2148682219216411e-08,25,20,20
26,4852,7.306921714829615e-09,0.769935312616737,0.2300646679312544,1.2145085969345381e-08,25,20,20
26,4853,7.306921714829615e-09,0.769935312616737,0.2300646679312544,1.2145085969345381e-08,25,20,20
26,4854,7.306921714829615e-09,0.769935312616737,0.2300646679312544,1.2145085969345381e-08,25,20,20
26,4855,0.0013176386447816433,0.7700479068311415,0.22863444268253919,1.1841536267248295e-08,25,20,20
26,4856,0.0013176385956808559,0.8204920857884233,0.17819026414020678,1.1475688001834865e-08,25,20,20
26,4857,7.255423835181729e-09,0.8603445398278012,0.13965544149709494,1.1419679335412773e-08,25,20,20
26,4858,2.659649014692435e-07,0.7984758538100174,0.20152386837433106,1.1850749865812888e-08,25,20,20
26,4859,2.6589583842384645e-07,0.8093050389525631,0.19069468321190564,1.1939692909949822e-08,25,20,20
26,4860,3.1125293320638994e-07,0.732333346279979,0.26766631044982386,3.201726378490151e-08,25,20,20
26,4861,3.129077314045661e-07,0.7211243977769218,0.2788752335296578,5.578568883632582e-08,25,20,20
26,4862,8.231898538349792e-07,0.7193240744110977,0.2806741201680422,9.822310064785032e-07,25,20,20
26,4863,8.231864417335198e-07,0.7193006527668468,0.2806972531448993,1.2709018123791463e-06,25,20,20
26,4864,3.0954778955965123e-07,0.7593188687683913,0.2406795504680663,1.2712157533575435e-06,25,20,20
26,4865,3.09498833487215e-07,0.759742605481854,0.24025581411618738,1.270903125611341e-06,25,20,20
26,4866,3.4256913212930657e-07,0.7197356966850418,0.28026267469825705,1.286047569195493e-06,25,20,20
26,4867,3.425689316314912e-07,0.721588902538027,0.2784104190286006,3.358644407911839e-07,25,20,20
26,4868,5.0175305310729926e-08,0.7904793843712886,0.20952053325287004,3.2200536110808224e-08,25,20,20
26,4869,4.776872606797137e-09,0.8954709861973549,0.10452899731797842,1.1707794016377687e-08,25,20,20
26,4870,0.0003010628054368528,0.8797565760253652,0.11994234927882234,1.1890375570252453e-08,25,20,20
26,4871,0.0003010628054369862,0.8797254901114183,0.11997343519276894,1.1890375598398108e-08,25,20,20
26,4872,4.7780896490397255e-09,0.8575012738907938,0.1424987099343786,1.1396737733128339e-08,25,20,20
26,4873,6.3276385343758414e-09,0.8799559214428008,0.12004406065837453,1.1571185773221296e-08,25,20,20
26,4874,2.61336432299646e-06,0.8404121873550531,0.15958518770227031,1.1578353418573627e-08,25,20,20
26,4875,2.6144193727780983e-06,0.8401850928087431,0.1259534827457738,0.03385881002611017,25,20,20
26,4876,2.61441937297848e-06,0.840194153040716,0.12594442251370472,0.033858810026205964,25,20,20
26,4877,2.6144556121380054e-06,0.8131716583379887,0.15296691717250843,0.03385881003389047,25,20,20
26,4878,2.3321936797716566e-09,0.8427090524736701,0.12337059954472519,0.03392034564941089,25,20,20
26,4879,2.3321936797716566e-09,0.8427090524736701,0.12337059954472519,0.03392034564941089,25,20,20
26,4880,3.3336668831711995e-07,0.7918911877577024,0.17399941202505492,0.03410906685055453,25,20,20
26,4881,3.333666885468446e-07,0.8206503188500089,0.1452402809326776,0.03410906685062467,25,20,20
26,4882,3.3113966658608056e-07,0.8761266120038281,0.12362163374667309,0.00025142310983166207,25,20,20
26,4883,3.3113623931047935e-07,0.9140911030869334,0.0857198439278526,0.0001887218489745059,25,20,20
26,4884,3.311362239318367e-07,0.9116117566484493,0.08819919036106291,0.00018872185426373756,25,20,20
26,4885,3.310867678975853e-07,0.9099320155744618,0.08987893147928219,0.00018872185948795288,25,20,20
26,4886,2.6743492565081843e-07,0.9494952200245775,0.050408603638440186,9.590890205633447e-05,25,20,20
26,4887,5.141323674099985e-11,0.9877532226498864,0.012246776647382133,6.513181231649482e-10,25,20,20
26,4888,5.142864933052942e-11,0.9877219219128175,0.012278077691470657,3.4428327509937906e-10,25,20,20
26,4889,5.225519200248764e-11,0.9865139469663511,0.013486052637112394,3.442815728924184e-10,25,20,20
26,4890,5.225519200248764e-11,0.9865139469663511,0.013486052637112394,3.442815728924184e-10,25,20,20
26,4891,5.225143426854742e-11,0.9865368945371518,0.013463105077068858,3.3352781061358526e-10,25,20,20
26,4892,5.310501937370439e-11,0.9882702020253897,0.011729797587881348,3.336237069000974e-10,25,20,20
26,4893,1.0190810996656753e-10,0.9870159185551622,0.012984081004018412,3.3891114823065765e-10,25,20,20
26,4894,1.002193545873902e-10,0.9612119112526051,0.03878808323697503,5.410200648503867e-09,25,20,20
26,4895,1.0021222006548645e-10,0.9916347916109222,0.00836520794952841,3.3933707926112294e-10,25,20,20
26,4896,1.0021229332657144e-10,0.9520478519329894,0.047952147455221326,5.115767606423157e-10,25,20,20
26,4897,9.999880219932814e-11,0.9507760978566566,0.04922390153186659,5.114776745634407e-10,25,20,20
26,4898,1.1090737995200139e-10,0.9500966678244791,0.04990331438070372,1.7683909541446527e-08,25,20,20
26,4899,1.583750822352364e-10,0.908383377214638,0.09161658766422986,3.496275645478287e-08,25,20,20
26,4900,1.462767216713782e-10,0.8629274794943989,0.13707221380631707,3.065530062717704e-07,25,20,20
26,4901,1.460425509956993e-10,0.9299840225108886,0.07001595955538525,1.7787683394579633e-08,25,20,20
26,4902,5.847979006553863e-10,0.9148654702755411,0.08513451134861494,1.7791045688108617e-08,25,20,20
26,4903,1.6482113959938086e-07,0.8728521373578849,0.12714767045869174,2.7362283037279377e-08,25,20,20
26,4904,3.813003030585482e-08,0.884715145634916,0.11528478895581717,2.7279236269350305e-08,25,20,20
26,4905,3.813002752528763e-08,0.8560486195062805,0.14395131508442993,2.7279261971833643e-08,25,20,20
26,4906,3.663398167361477e-08,0.87478481993712,0.12521512073113006,2.2697768082113533e-08,25,20,20
26,4907,3.665765169978528e-08,0.8743192087757181,0.1256807318635401,2.2703089948711265e-08,25,20,20
26,4908,3.665873468034321e-08,0.9030163795385672,0.09698356110499656,2.2697701305758826e-08,25,20,20
26,4909,2.2032346103244194e-10,0.9406272324760069,0.05937274460614351,2.2697526116199405e-08,25,20,20
26,4910,2.2033488998945238e-10,0.940657929898466,0.059342047183672905,2.2697526191066125e-08,25,20,20
26,4911,2.2033488998945238e-10,0.940657929898466,0.059342047183672905,2.2697526191066125e-08,25,20,20
26,4912,2.2011814934557853e-10,0.940710896916327,0.05928908016602845,2.269752631972006e-08,25,20,20
26,4913,1.709081897238819e-10,0.9399303917624884,0.060069585375263454,2.269134000164043e-08,25,20,20
26,4914,2.1776354495889973e-10,0.9386716364338826,0.061328323165570554,4.018278344517005e-08,25,20,20
26,4915,2.1773552672081737e-10,0.9561867082303622,0.043813251366736,4.0185166528302495e-08,25,20,20
26,4916,2.1793971283011864e-10,0.9532771446822339,0.046722797627760056,5.7472066335699983e-08,25,20,20
26,4917,2.670251056307219e-10,0.9537302652885112,0.046269681436951086,5.3007512491391425e-08,25,20,20
26,4918,2.187907378442823e-10,0.9540612619062983,0.04593868486878763,5.300612338127867e-08,25,20,20
26,4919,1.4718496536754439e-10,0.9557687664984158,0.04423119784523246,3.550916641985898e-08,25,20,20
26,4920,9.988315050991593e-11,0.9591888399861646,0.04081114167261222,1.8241340531022623e-08,25,20,20
26,4921,1.0074203164225845e-10,0.9875344971910883,0.012465484466760489,1.8241409591247012e-08,25,20,20
26,4922,1.007484039489006e-10,0.9880297132596846,0.011970285679408516,9.601586590794288e-10,25,20,20
26,4923,1.0074486018573071e-10,0.986853942242096,0.013146056697000913,9.60158608747146e-10,25,20,20
26,4924,1.0074506064472078e-10,0.9868541014549721,0.013145897484220395,9.60062768654536e-10,25,20,20
26,4925,1.0074532773255992e-10,0.9868318596465128,0.013168139292681234,9.600611166893983e-10,25,20,20
26,4926,5.2797596850869265e-11,0.9880510230352065,0.011948975957508934,9.54486924643225e-10,25,20,20
26,4927,6.993500717509217e-12,0.9601206373124476,0.039879356655255535,6.025303413384661e-09,25,20,20
26,4928,4.3839339222970926e-12,0.9888420330697437,0.011157965971371147,9.54501406156152e-10,25,20,20
26,4929,4.380460012761776e-12,0.9888208138755354,0.011179184848964512,1.271119826908249e-09,25,20,20
26,4930,5.2564387007146495e-11,0.9913649147274571,0.008635084878896892,3.41082045686899e-10,25,20,20
26,4931,5.2349889167648585e-11,0.9938828939296661,0.006117105671441002,3.4654332296211457e-10,25,20,20
26,4932,5.2551592352497903e-11,0.9938823478745981,0.006117651726307349,3.4654332214747283e-10,25,20,20
26,4933,2.991939979638579e-11,0.9754244943251973,0.024575505290055304,3.5482788407021114e-10,25,20,20
26,4934,2.9678610568373163e-11,0.9495814594227334,0.0504181762349714,3.643126159824365e-07,25,20,20
26,4935,4.16834124798302e-11,0.9093976840782684,0.09060195156190104,3.64318147405227e-07,25,20,20
26,4936,1.5367580946991895e-07,0.8912449258589388,0.10875392386637621,9.965988754502331e-07,25,20,20
26,4937,1.5366383613339091e-07,0.9171383289361923,0.082860884468152,6.329318190988985e-07,25,20,20
26,4938,4.61953800661548e-10,0.919014039425655,0.08098532748257503,6.326298157146085e-07,25,20,20
26,4939,4.6181636597771844e-10,0.9199080503750362,0.08009131641577301,6.327473738746134e-07,25,20,20
26,4940,3.122272331568359e-09,0.9164189641588387,0.08358038293087916,6.497880093936731e-07,25,20,20
26,4941,3.122265319831715e-09,0.8768206992459696,0.12317864784370489,6.49788060251723e-07,25,20,20
26,4942,4.736825744976083e-10,0.8773765376637678,0.12262282910451529,6.327580344223857e-07,25,20,20
26,4943,4.745200895723358e-10,0.8965798590742269,0.10341950812883809,6.323224147811801e-07,25,20,20
26,4944,4.745682404671705e-10,0.8944017586722977,0.10559760853052946,6.323226045263714e-07,25,20,20
26,4945,4.745683662892163e-10,0.8652283927425181,0.13477097445478342,6.323281300646355e-07,25,20,20
26,4946,4.747725688856999e-10,0.8652514711964572,0.13474789569739964,6.326313705196671e-07,25,20,20
26,4947,4.747725688856999e-10,0.8652514711964572,0.13474789569739964,6.326313705196671e-07,25,20,20
26,4948,4.2292529120346096e-08,0.858699338359489,0.14128471929762762,1.5900050354209555e-05,25,20,20
26,4949,4.229374964964974e-08,0.8203778264993525,0.17960621035218177,1.592085471561619e-05,25,20,20
26,4950,4.229395520470386e-08,0.8201929939595642,0.17979104290272122,1.5920843758745615e-05,25,20,20
26,4951,4.229458728972537e-08,0.8214437626880734,0.17854027416922924,1.5920848109555465e-05,25,20,20
26,4952,1.1719297771801107e-05,0.7969358467737273,0.20305177968876367,6.54239736278902e-07,25,20,20
26,4953,1.1719297771801107e-05,0.7969358467737273,0.20305177968876367,6.54239736278902e-07,25,20,20
26,4954,4.916445485780616e-10,0.8251564723244326,0.17302806820435912,0.001815458979562679,25,20,20
26,4955,5.180301944893508e-10,0.8075728776870189,0.19061165322041596,0.0018154685745336405,25,20,20
26,4956,4.907829226838917e-10,0.8267654757727151,0.17141906507008262,0.00181545866641825,25,20,20
26,4957,4.907673699524547e-10,0.8267984710350988,0.17138606980781199,0.0018154586663207493,25,20,20
26,4958,3.074473670969808e-07,0.8431597504309183,0.15683928900300645,6.53118707772239e-07,25,20,20
26,4959,3.10111567823966e-07,0.8392785393434197,0.1607205974879312,5.530570809296547e-07,25,20,20
26,4960,3.151773502312137e-09,0.8788073194807674,0.12119212430475189,5.530627069160368e-07,25,20,20
26,4961,3.807748697643723e-09,0.9160624045420437,0.08393705939207136,5.322581359273569e-07,25,20,20
26,4962,3.8065818330282065e-09,0.8801111516156003,0.11988831262145343,5.319563639985081e-07,25,20,20
26,4963,3.8057139357733985e-09,0.8801339467911775,0.11986551745229974,5.319508083575112e-07,25,20,20
26,4964,1.119153296808782e-09,0.9389907202845345,0.061008746650853214,5.319454583717936e-07,25,20,20
26,4965,1.9145857236474618e-07,0.8467273606080542,0.15327123977350687,1.2081598654792389e-06,25,20,20
26,4966,3.678482558108411e-09,0.8466525678919268,0.15334742266435455,5.765235057354119e-09,25,20,20
26,4967,3.678482558108411e-09,0.8466525678919268,0.15334742266435455,5.765235057354119e-09,25,20,20
26,4968,3.6145816121627895e-09,0.8562071310879554,0.14379285982021814,5.477243828462029e-09,25,20,20
26,4969,3.4164060085882682e-09,0.8975440217604194,0.10245595693077307,1.7892401013009302e-08,25,20,20
26,4970,3.465838092044599e-09,0.8974902555166486,0.10250972280858994,1.8208922988854896e-08,25,20,20
26,4971,2.082707956300128e-06,0.9442390556090805,0.055757362503327954,1.4991796345960342e-06,25,20,20
26,4972,2.0834918669220042e-06,0.9342719510114299,0.0657247242799558,1.2412167470040117e-06,25,20,20
26,4973,2.083491012346979e-06,0.9347312048498534,0.06526547044247978,1.2412166539824037e-06,25,20,20
26,4974,0.0005085255765820856,0.8783627655983415,0.12112773331589292,9.755091825683835e-07,25,20,20
26,4975,0.0005085255389926949,0.8508967475857818,0.14859375168262695,9.75192597607521e-07,25,20,20
26,4976,0.0005085255392092827,0.8508869358127171,0.14860356345001657,9.751980562008878e-07,25,20,20
26,4977,0.0005085255541793441,0.8129863695332162,0.18650357189553532,1.5330170682213848e-06,25,20,20
26,4978,0.0005085255663651228,0.8123762488230113,0.1871136925935559,1.533017066763463e-06,25,20,20
26,4979,0.0005085257769836482,0.7498863378142485,0.2496036030212809,1.5333874851841111e-06,25,20,20
26,4980,0.0005085258073594461,0.7356869999537493,0.2638029406621721,1.5335767174469786e-06,25,20,20
26,4981,0.000508526427317746,0.7925391054157592,0.20695137509955347,9.930573686539984e-07,25,20,20
26,4982,3.3780784897761993e-09,0.8146372184365205,0.1853627377949624,4.039043737488968e-08,25,20,20
26,4983,3.4504185511113003e-09,0.7758600350366777,0.22413873551335428,1.225999548392907e-06,25,20,20
26,4984,4.1197727926329735e-08,0.8317787670736345,0.16822115104292173,4.068571464251673e-08,25,20,20
26,4985,4.1198571846241206e-08,0.8920612186192989,0.10793869918435023,4.099777821651757e-08,25,20,20
26,4986,4.1198571846241206e-08,0.8920612186192989,0.10793869918435023,4.099777821651757e-08,25,20,20
26,4987,4.0531505130892504e-08,0.893672372146546,0.1063275466359652,4.068598271769452e-08,25,20,20
26,4988,4.053268728053156e-08,0.8537898001621983,0.14621011861902186,4.068609140644254e-08,25,20,20
26,4989,4.141454270743846e-08,0.8138227293551625,0.1861771881792773,4.1051015745850524e-08,25,20,20
26,4990,4.149875128689041e-08,0.7583060529129506,0.24169328391012257,6.216781736841246e-07,25,20,20
26,4991,4.334988085152924e-08,0.7970597752881386,0.20293955944379596,6.219181831940337e-07,25,20,20
26,4992,4.334935492684843e-08,0.8158265899625857,0.18417274446654208,6.222215161748765e-07,25,20,20
26,4993,1.971477417359991e-07,0.8362677337589788,0.16373142929517173,6.397981068409983e-07,25,20,20
26,4994,1.9714917349718566e-07,0.7801880049260006,0.21981115775632848,6.401684956412839e-07,25,20,20
26,4995,1.9714917349718566e-07,0.7801880049260006,0.21981115775632848,6.401684956412839e-07,25,20,20
26,4996,1.9444079417576718e-07,0.7835439642419679,0.21645521894031106,6.223769254889918e-07,25,20,20
26,4997,1.9513957528043808e-07,0.785200851272559,0.2147983318628428,6.21725021642534e-07,25,20,20
26,4998,1.9513976823859628e-07,0.784754656848072,0.21524454377862942,6.042335290952961e-07,25,20,20
26,4999,1.9447445286011796e-07,0.8028835314214889,0.19711568716002958,5.869440273094694e-07,25,20,20
26,5000,1.944475417839821e-07,0.842493473945742,0.15750630453745865,2.706925685890899e-08,25,20,20
26,5001,1.5662720580140007e-07,0.8717733671665862,0.1282264545112267,2.169498075205382e-08,25,20,20
26,5002,1.5661536292330055e-07,0.8734918682134125,0.1265079534762391,2.1694984914501886e-08,25,20,20
26,5003,1.5661534753202477e-07,0.8447766527283114,0.15522316887229387,2.178404663029626e-08,25,20,20
26,5004,1.566153437009534e-07,0.8452262249492073,0.15477357914934348,3.9286104986577706e-08,25,20,20
26,5005,1.5661617419832824e-07,0.8722443189898587,0.12775548519683189,3.919713483763968e-08,25,20,20
26,5006,1.5659161580947168e-07,0.846603257044975,0.15337549839366305,2.1087969745244013e-05,25,20,20
26,5007,1.5659161580947168e-07,0.846603257044975,0.15337549839366305,2.1087969745244013e-05,25,20,20
26,5008,1.5664192981782732e-07,0.8448695361874108,0.1551092192007208,2.1087969937698775e-05,25,20,20
26,5009,1.5662692686347511e-07,0.8627138634448717,0.1372648920146929,2.1087913507844652e-05,25,20,20
26,5010,1.5662608538285067e-07,0.824334374374725,0.17564438108265906,2.1087916529619943e-05,25,20,20
26,5011,1.5391189463627254e-07,0.8649391678460373,0.13503959062446091,2.1087617606494368e-05,25,20,20
26,5012,1.5388744290877042e-07,0.858307102953573,0.1416716555503492,2.1087608634229512e-05,25,20,20
26,5013,1.4160492626638158e-05,0.8060155215910971,0.19126206421179762,0.002708253704478315,25,20,20
26,5014,1.4256424384922636e-05,0.7677698514710021,0.2295076193452281,0.0027082727593847776,25,20,20
26,5015,1.4256424165570813e-05,0.7529496769106029,0.24432779390603734,0.0027082727591937507,25,20,20
26,5016,1.4256374701324503e-05,0.7529574209256001,0.24432004994050602,0.0027082727591920593,25,20,20
26,5017,2.497664188949839e-07,0.8070473227986095,0.19293083054580992,2.159688916186996e-05,25,20,20
26,5018,7.326345174858793e-10,0.8458361630757407,0.15414225835290218,2.1577838722319217e-05,25,20,20
26,5019,7.326380572861747e-10,0.8458269344762586,0.15415148695237912,2.1577838723999317e-05,25,20,20
26,5020,7.558865854240389e-10,0.899335063277961,0.10064335812750537,2.1577838647008078e-05,25,20,20
26,5021,7.43168326692212e-10,0.9663014413612571,0.03369853914187552,1.8753698691142565e-08,25,20,20
26,5022,1.4064164359232834e-09,0.9656445739378308,0.03435540590716712,1.8748585528011462e-08,25,20,20
26,5023,1.3845458711770848e-09,0.9674465874581046,0.03255339241387246,1.8743476822898994e-08,25,20,20
26,5024,1.384535538555625e-09,0.9387909366184851,0.06120904325357422,1.8743405104319702e-08,25,20,20
26,5025,1.3836821427988503e-09,0.9370952886268717,0.06290469124595102,1.874349504563489e-08,25,20,20
26,5026,1.3758513064560896e-09,0.9168410827521721,0.08315889711158571,1.876039054176668e-08,25,20,20
26,5027,4.109092649150113e-09,0.9443407085290374,0.05565926829992294,1.906194681908837e-08,25,20,20
26,5028,3.4336472823423194e-09,0.9323594306715283,0.06764054724866309,1.8646161037183614e-08,25,20,20
26,5029,3.4402048179552804e-09,0.9223530970770807,0.07764688083422293,1.8648491298738684e-08,25,20,20
26,5030,1.6381406464509696e-07,0.8719954756137368,0.12800397846050077,3.821116971402615e-07,25,20,20
26,5031,1.6381406559121297e-07,0.8432588494210603,0.15674060465880235,3.82106071275397e-07,25,20,20
26,5032,1.631298383228036e-07,0.8186555893507094,0.18134386572432842,3.817951239445681e-07,25,20,20
26,5033,1.6313005033475552e-07,0.8427353393130445,0.1572644797306874,1.7826217453068722e-08,25,20,20
26,5034,1.6313005033475552e-07,0.8427353393130445,0.1572644797306874,1.7826217453068722e-08,25,20,20
26,5035,1.6317884050192857e-07,0.8698075527075393,0.13019226628733369,1.7826286189528994e-08,25,20,20
26,5036,2.8026264817297115e-09,0.8857029406024648,0.11429703877413601,1.7820772742261743e-08,25,20,20
26,5037,5.59265870854638e-09,0.885290899111975,0.11470907747449706,1.7820869162892872e-08,25,20,20
26,5038,5.591802439615984e-09,0.8865846034046618,0.11341537318276243,1.7820773069093803e-08,25,20,20
26,5039,5.591585964049809e-09,0.8866302299702171,0.11336974661751911,1.7820677386835885e-08,25,20,20
26,5040,5.585867580250658e-09,0.9045442344982695,0.09545574209269567,1.7823166793509534e-08,25,20,20
26,5041,2.871307116738071e-09,0.8647897546464932,0.13521022465883267,1.7823366242213592e-08,25,20,20
26,5042,3.652443363135074e-09,0.8519022511143528,0.1480977274116849,1.782151841708931e-08,25,20,20
26,5043,3.652443363135074e-09,0.8519022511143528,0.1480977274116849,1.782151841708931e-08,25,20,20
26,5044,2.310885397387555e-07,0.813153514055264,0.18684623733521225,1.7520983475145037e-08,25,20,20
26,5045,2.310888328405397e-07,0.788569131964108,0.2114306194241036,1.7522954137084814e-08,25,20,20
26,5046,2.3110020911600946e-07,0.7889436346404202,0.21105609888671764,3.5372651652948225e-08,25,20,20
26,5047,2.3089814604441918e-09,0.7757368860077645,0.22426307602961365,3.565363911487845e-08,25,20,20
26,5048,2.3103872951496754e-09,0.735759322368773,0.2642406391543842,3.616645437153167e-08,25,20,20
26,5049,4.375610783788504e-08,0.8064265949789601,0.19357332458411305,3.668081831014673e-08,25,20,20
26,5050,4.375610783788504e-08,0.8064265949789601,0.19357332458411305,3.668081831014673e-08,25,20,20
26,5051,4.528834842849309e-10,0.8647671041285439,0.13523285936136678,3.60572051934472e-08,25,20,20
26,5052,4.7173676035562975e-09,0.8232647134903999,0.17673527098294536,1.0809286305137602e-08,25,20,20
26,5053,1.946847813794388e-08,0.7979515590203516,0.20204841069981028,1.0811359386447172e-08,25,20,20
26,5054,1.9468477962631606e-08,0.7984204445012378,0.20157952521336614,1.0816917878520774e-08,25,20,20
26,5055,2.3528695744119606e-08,0.7290969542328376,0.2709029851263256,3.711214015634534e-08,25,20,20
26,5056,2.3528695744119606e-08,0.7290969542328376,0.2709029851263256,3.711214015634534e-08,25,20,20
26,5057,1.1501884876027108e-06,0.6890915087937607,0.31090602244683657,1.3185709133123311e-06,25,20,20
26,5058,1.1818683208572483e-06,0.6709090724592951,0.3290884534008617,1.29227151969796e-06,25,20,20
26,5059,1.3502503534138931e-06,0.6321611271169612,0.36433321405148983,0.003504308581193652,25,20,20
26,5060,8.468134576248441e-06,0.6351192592413645,0.36136438702380214,0.0035078856002548576,25,20,20
26,5061,2.2218692557068196e-07,0.7190454464760885,0.2774501489990093,0.0035041823379753866,25,20,20
26,5062,2.2218692557068196e-07,0.7190454464760885,0.2774501489990093,0.0035041823379753866,25,20,20
26,5063,2.2977129162557367e-07,0.7309691397412608,0.26552760367804884,0.003503026809397395,25,20,20
26,5064,2.287357496000388e-06,0.6922189261332362,0.3042757594153925,0.003503027093873968,25,20,20
26,5065,4.381957129127451e-06,0.6519002491488167,0.3480944690793894,8.998146639012386e-07,25,20,20
26,5066,2.0724583654766226e-06,0.7522060321917803,0.2477730073704615,1.888797939171491e-05,25,20,20
26,5067,2.0724963628115683e-06,0.7921611027587869,0.20781882578487643,1.7998959972719233e-05,25,20,20
26,5068,2.072462124960548e-06,0.7925816666067975,0.2073982446895049,1.8016241571732126e-05,25,20,20
26,5069,2.073481676739878e-06,0.7713374908206678,0.22864239505762898,1.8040640025365138e-05,25,20,20
26,5070,2.073481676739878e-06,0.7713374908206678,0.22864239505762898,1.8040640025365138e-05,25,20,20
26,5071,2.0734322509698826e-06,0.7313935130250213,0.26858637290174064,1.8040640986312273e-05,25,20,20
26,5072,0.00017729174900141628,0.6914047823358145,0.3083998852796228,1.8040635560468393e-05,25,20,20
26,5073,0.00017523416409254413,0.7076589411718922,0.29216577225515156,5.240886225077343e-08,25,20,20
26,5074,0.00017523417078245878,0.7289552627274005,0.27086946077895563,4.232285999983493e-08,25,20,20
26,5075,1.897430724630887e-08,0.6900756837248848,0.3099242550123941,4.2288412619192546e-08,25,20,20
26,5076,1.7959777532733866e-08,0.72408153587402,0.275918428578944,1.758725734328766e-08,25,20,20
26,5077,3.35319182563501e-05,0.6853650995617095,0.31460128517077357,8.334925945215765e-08,25,20,20
26,5078,3.47445750007565e-05,0.6460057912074535,0.3539592446108265,2.1960671917122747e-07,25,20,20
26,5079,3.486559824642846e-05,0.6060158128752512,0.39394908861206085,2.3291444125844074e-07,25,20,20
26,5080,3.486561044956078e-05,0.6054257075390915,0.39453919394128434,2.3290917473134488e-07,25,20,20
26,5081,0.02335756485032552,0.663817388185923,0.3128248921095785,1.5485417202516345e-07,25,20,20
26,5082,1.2789331742457308e-06,0.6761623493551713,0.32383585389538166,5.178162722269598e-07,25,20,20
26,5083,9.144555840987517e-05,0.6773942123343136,0.3225137804689829,5.616382932575021e-07,25,20,20
26,5084,9.144656130633094e-05,0.7020762442675443,0.2978317475310619,5.616400857425931e-07,25,20,20
26,5085,9.142943158397732e-05,0.7773275850728,0.22258042373300174,5.61762612833701e-07,25,20,20
26,5086,4.810788827427755e-08,0.8408967954301625,0.159103138573723,1.7888226545663873e-08,25,20,20
26,5087,4.8108729142502335e-08,0.8785472276526,0.12145270635059399,1.788807720306051e-08,25,20,20
26,5088,4.8108931036498556e-08,0.8785572423742494,0.1214426916341995,1.7882620251300087e-08,25,20,20
26,5089,4.9447311744399835e-09,0.9032096641187894,0.09679031285513609,1.808134346186954e-08,25,20,20
26,5090,4.943902113624788e-09,0.9032096288611396,0.09679034811361514,1.8081343456968172e-08,25,20,20
26,5091,4.991780257067272e-09,0.9307447368955883,0.06925524010949151,1.8003139817048696e-08,25,20,20
26,5092,4.9926212283620666e-09,0.9295134125523364,0.07048656445190515,1.8003136842183425e-08,25,20,20
26,5093,2.778215077290151e-09,0.9441683929659338,0.055831586451559376,1.7804291620229862e-08,25,20,20
26,5094,2.7779358772189955e-09,0.9077790507605293,0.09222089975888556,4.670264935241501e-08,25,20,20
26,5095,2.7654476851165602e-09,0.9089065187423695,0.09109344907120714,2.942097567292768e-08,25,20,20
26,5096,2.765447543994658e-09,0.9276520178842851,0.07234795009753198,2.925273501256787e-08,25,20,20
26,5097,2.7640581372238074e-09,0.868094311491218,0.13190565650279668,2.924192715378436e-08,25,20,20
26,5098,2.7631273035225864e-09,0.9243557902919264,0.07564418932266748,1.7622278719347614e-08,25,20,20
26,5099,2.763721108060983e-09,0.9606009354882445,0.039399043822598345,1.792543615473661e-08,25,20,20
26,5100,2.7637940730734704e-09,0.9348088976065896,0.0651910815918529,1.8037763640731928e-08,25,20,20
26,5101,2.745476260014752e-09,0.9592993232498251,0.04070065627217176,1.773252702968475e-08,25,20,20
26,5102,1.948298123858471e-08,0.8982516307045962,0.10174790390735257,4.4590507059693393e-07,25,20,20
26,5103,1.9483018582092674e-08,0.89997171271462,0.10002783917068062,4.2863168162782596e-07,25,20,20
26,5104,1.948301480021493e-08,0.9388934243409394,0.06110612754460969,4.286314365729863e-07,25,20,20
26,5105,2.0984142659549e-08,0.9196380548760917,0.0803614782376704,4.45902095303225e-07,25,20,20
26,5106,2.0984131545413978e-08,0.9190098005567715,0.08098973255161512,4.459074819831664e-07,25,20,20
26,5107,1.9486916091899578e-08,0.9606233798975354,0.039376137530813406,4.6308473484843554e-07,25,20,20
26,5108,1.948690074691125e-08,0.9601544060056117,0.039845111724564584,4.6278292263627233e-07,25,20,20
26,5109,2.7613756258934317e-09,0.9812209571879426,0.018779005440344793,3.4610336782491913e-08,25,20,20
26,5110,5.5505454178508945e-09,0.9832465435158313,0.01675341631232545,3.4621297474068394e-08,25,20,20
26,5111,2.900392892318283e-09,0.9434908419698966,0.056509137787464365,1.734224576892268e-08,25,20,20
26,5112,2.8500102788645666e-09,0.9828421865989894,0.017157793219877343,1.7331122970958576e-08,25,20,20
26,5113,3.524325070958046e-09,0.9828230896112353,0.017176889230226665,1.7634213019111928e-08,25,20,20
26,5114,3.4766239718521286e-09,0.98491856964251,0.015081426538896148,3.419699418657241e-10,25,20,20
26,5115,3.47729342298684e-09,0.9674268693629472,0.03257312682303311,3.367262263973078e-10,25,20,20
26,5116,4.152842670005566e-09,0.9681695186418595,0.03183047625422433,9.510734323401776e-10,25,20,20
26,5117,4.152004582951647e-09,0.9677044843641087,0.03229551052724315,9.56643535617431e-10,25,20,20
26,5118,6.795863813593575e-09,0.9335667872083511,0.0664332056387464,3.570385510543092e-10,25,20,20
26,5119,6.795389196029652e-09,0.9523347751859614,0.04766521766165923,3.5699019192808955e-10,25,20,20
26,5120,3.497593109473463e-09,0.9923359154685636,0.0076640806834467464,3.5039681331720783e-10,25,20,20
26,5121,3.410049880937963e-09,0.9907428389878341,0.009257156944788755,6.573274996132711e-10,25,20,20
26,5122,2.773892170128759e-09,0.9547595079944164,0.04524048857993589,6.517554774343322e-10,25,20,20
26,5123,2.773892170128759e-09,0.9547595079944164,0.04524048857993589,6.517554774343322e-10,25,20,20
26,5124,2.8001803034399967e-09,0.9366129494598872,0.0633870469253229,8.146097176217974e-10,25,20,20
26,5125,2.8481227724619803e-09,0.9359692322025923,0.06403074663789929,1.831138574580439e-08,25,20,20
26,5126,2.8214421156830532e-09,0.927615252628885,0.07238472640474561,1.814492726593978e-08,25,20,20
26,5127,2.7629698606773027e-09,0.9454534769303816,0.05454649224987834,2.805677007413592e-08,25,20,20
26,5128,2.8184365023602984e-09,0.9455530269055273,0.054446951808898546,1.846713770872175e-08,25,20,20
26,5129,2.818432995456545e-09,0.9214787579626499,0.07852122075730113,1.846161618815886e-08,25,20,20
26,5130,2.816544989679253e-09,0.9239035909744621,0.07609638804877417,1.8160218650485674e-08,25,20,20
26,5131,1.0330123808941995e-08,0.883917272528775,0.11608269899095794,1.8150142642799843e-08,25,20,20
26,5132,1.033014225921825e-08,0.8826686408941568,0.11733131312331009,3.5652390372018815e-08,25,20,20
26,5133,1.0330138438539215e-08,0.8814520737208177,0.11854788029674905,3.565229450154623e-08,25,20,20
26,5134,2.8052096014265995e-09,0.9456607575208047,0.05433920402460137,3.5649384237547214e-08,25,20,20
26,5135,2.8051943034247288e-09,0.9444450195858282,0.055554941965057544,3.564391965785941e-08,25,20,20
26,5136,1.4092469453395492e-08,0.941487124952353,0.05851282531133124,3.564384576580401e-08,25,20,20
26,5137,1.4085917548616981e-08,0.9619676798311972,0.03803227043903646,3.564384817553161e-08,25,20,20
26,5138,1.5539261303466648e-07,0.9219697627176063,0.07803002872217346,5.31676067200317e-08,25,20,20
26,5139,1.5539279334333616e-07,0.9509053685123331,0.04909442270516788,5.3389705258137035e-08,25,20,20
26,5140,1.6035941688350414e-10,0.9649704304615383,0.03502953342277482,3.595532727574162e-08,25,20,20
26,5141,2.0686333796173473e-10,0.9885965449149003,0.011403418917720702,3.596051574989088e-08,25,20,20
26,5142,1.589151029528463e-10,0.9640122022021147,0.0359877615661221,3.607284803615326e-08,25,20,20
26,5143,1.5870260464925353e-10,0.9623242305419137,0.037675733542980906,3.5756402517612115e-08,25,20,20
26,5144,4.386144156271389e-09,0.9215361912764841,0.07846279349148168,1.010845889725891e-06,25,20,20
26,5145,0.0002809040132301394,0.884770563046535,0.1149474832331224,1.0497071116636176e-06,25,20,20
26,5146,0.0002809004541744816,0.9238189966150813,0.07589905322343982,1.049707304244089e-06,25,20,20
26,5147,8.279575938019299e-10,0.962658521087908,0.03734046723804667,1.0108460873385126e-06,25,20,20
26,5148,8.279425731503879e-10,0.9644143199618298,0.03558466836423485,1.0108459923276305e-06,25,20,20
26,5149,8.39314603020152e-10,0.962771804650128,0.03722718397560088,1.0105349559192147e-06,25,20,20
26,5150,8.401478888710456e-10,0.9868490859238439,0.013149902807927947,1.0104280799555624e-06,25,20,20
26,5151,8.386291658869921e-10,0.9868680108470244,0.013130977880905184,1.0104334409312952e-06,25,20,20
26,5152,8.388303682769173e-10,0.986868383633813,0.01313060509391541,1.0104334408568048e-06,25,20,20
26,5153,2.940156732840752e-09,0.9512105041608934,0.04878947423928587,1.865966360689597e-08,25,20,20
26,5154,2.9271310306218767e-09,0.9543587170208528,0.045641278586675035,1.4653408406741878e-09,25,20,20
26,5155,2.9264741965459562e-09,0.9927854488228784,0.007214547275809644,9.748380669155566e-10,25,20,20
26,5156,2.914259909699303e-09,0.9920074397569019,0.007992538773323178,1.855551535078711e-08,25,20,20
26,5157,4.657721573093587e-09,0.9766293768087357,0.02337060029328818,1.8240254660046948e-08,25,20,20
26,5158,1.9395429472469636e-09,0.9774799895313536,0.022519990594143738,1.793495981308535e-08,25,20,20
26,5159,1.946101684385452e-09,0.9591511282089281,0.04084885190725121,1.7937719011345326e-08,25,20,20
26,5160,1.9463270751884005e-09,0.9579129650846754,0.042087015031182326,1.7937815142543643e-08,25,20,20
26,5161,1.9463270751884005e-09,0.9579129650846754,0.042087015031182326,1.7937815142543643e-08,25,20,20
26,5162,1.8909626092438954e-09,0.9500220441463167,0.0499779359212735,1.8041446580865015e-08,25,20,20
26,5163,1.6028204783619312e-10,0.8704653680047275,0.12953347505134427,1.1567836457968625e-06,25,20,20
26,5164,1.6028204783619312e-10,0.8704653680047275,0.12953347505134427,1.1567836457968625e-06,25,20,20
26,5165,0.026408621749400837,0.7769013589448198,0.19668839071645647,1.6285893222300696e-06,25,20,20
26,5166,0.0593654472648999,0.7384302101434053,0.20219996612251268,4.376469181080716e-06,25,20,20
26,5167,0.05948086513476661,0.7672282522106838,0.17328650633583198,4.376318716858173e-06,25,20,20
26,5168,0.033075421313731104,0.807216245271967,0.15970442885919894,3.904555102250041e-06,25,20,20
26,5169,0.00011857725811098141,0.8467616920098954,0.15311698062310608,2.7501088870956964e-06,25,20,20
26,5170,0.03306706839354933,0.8457069386577478,0.1212248359186619,1.1570300405778565e-06,25,20,20
26,5171,0.03306706839324061,0.8848926106514106,0.08204029627001427,2.4685334356716464e-08,25,20,20
26,5172,0.032948495575369365,0.9248696337711593,0.042181845971803564,2.468166767614114e-08,25,20,20
26,5173,0.032948495575387544,0.9248355264516802,0.0422159357997703,4.217316181571004e-08,25,20,20
26,5174,3.3770632312462506e-09,0.959932487334576,0.040067467768497476,4.1519863172931375e-08,25,20,20
26,5175,3.365236912147955e-09,0.9853837497947845,0.014616211717027101,3.5122951611771264e-08,25,20,20
26,5176,3.3652511200455323e-09,0.9845286217489102,0.015471339441070174,3.544476855816868e-08,25,20,20
26,5177,3.365254698417737e-09,0.9828110927886443,0.01718886839610825,3.544999271104148e-08,25,20,20
26,5178,2.6711380310487195e-09,0.982199841705209,0.017800120173851963,3.5449800868401695e-08,25,20,20
26,5179,2.671342497889927e-09,0.9614406110088574,0.03855935118652483,3.513327492070596e-08,25,20,20
26,5180,2.6713424967441716e-09,0.9614715287166653,0.03852843347881271,3.5133179155077983e-08,25,20,20
26,5181,2.6711308224101723e-09,0.9823222854571292,0.01767767674411326,3.5127626660533566e-08,25,20,20
26,5182,2.6719723996879794e-09,0.9835429861394949,0.01645697606619654,3.5122336087038124e-08,25,20,20
26,5183,2.6728348271889234e-09,0.9831284661611829,0.016871496038243564,3.512773847445521e-08,25,20,20
26,5184,5.26414273220358e-09,0.9813365305449502,0.018663428462012414,3.5728894629520466e-08,25,20,20
26,5185,5.264144723399384e-09,0.9581493949129988,0.04185058137616147,1.8446694454564603e-08,25,20,20
26,5186,5.26353058779655e-09,0.9598141665915795,0.040185809995974625,1.8148914890321894e-08,25,20,20
26,5187,5.262481984156478e-09,0.9352590802964709,0.06474088988966224,2.455138455257738e-08,25,20,20
26,5188,5.261402461433996e-09,0.9069562764611474,0.09304369373709,2.4540359101882677e-08,25,20,20
26,5189,5.2622419564820855e-09,0.9602754636038443,0.03972450659545601,2.453845721375415e-08,25,20,20
26,5190,5.2622419564820855e-09,0.9602754636038443,0.03972450659545601,2.453845721375415e-08,25,20,20
26,5191,2.6239150055669493e-09,0.9611653195627676,0.0388346532800566,2.453326047246541e-08,25,20,20
26,5192,1.3504207151623373e-06,0.8744514017844076,0.12554722356651718,2.422835944600451e-08,25,20,20
26,5193,1.350420260635473e-06,0.9128001926494279,0.08719843269630269,2.4234008419042177e-08,25,20,20
26,5194,1.353208308302394e-06,0.9301772933334665,0.06982132891100193,2.4547223502015195e-08,25,20,20
26,5195,5.4266893853311585e-09,0.9642754285452966,0.03572454148151111,2.454650319442482e-08,25,20,20
26,5196,5.425865578338889e-09,0.9759128098007932,0.02408716662052788,1.8152813410548853e-08,25,20,20
26,5197,5.4395459811896915e-09,0.9758964573503041,0.02410351874544523,1.84647048996254e-08,25,20,20
26,5198,2.8305177039048533e-09,0.9925813529667923,0.007418625752002032,1.8450688271558952e-08,25,20,20
26,5199,3.524900526115407e-09,0.9931697505740534,0.006830244941756141,9.592902235226831e-10,25,20,20
26,5200,3.524900526115407e-09,0.9931697505740534,0.006830244941756141,9.592902235226831e-10,25,20,20
26,5201,6.218290206440484e-09,0.9913544851446072,0.008645507672411547,9.646914831189628e-10,25,20,20
26,5202,6.2306458499243586e-09,0.9660028371370405,0.033997155654812414,9.775013630799024e-10,25,20,20
26,5203,6.2306509162059795e-09,0.9402330678021429,0.05976692498970457,9.775019098608054e-10,25,20,20
26,5204,6.2426286459969975e-09,0.9393984983561526,0.060601494731826355,6.693927333866202e-10,25,20,20
26,5205,6.243497129454623e-09,0.8999609193335643,0.10003905929474953,1.512818884451744e-08,25,20,20
26,5206,6.243496729507068e-09,0.8999303203062569,0.1000696583165045,1.5133741591132904e-08,25,20,20
26,5207,6.243496729507068e-09,0.8999303203062569,0.1000696583165045,1.5133741591132904e-08,25,20,20
26,5208,3.7655248535178316e-09,0.8738405535102782,0.12614144372050687,1.799900368964931e-05,25,20,20
26,5209,3.730018605174558e-09,0.8616260808077655,0.1383739142745907,1.1876244134481029e-09,25,20,20
26,5210,3.03562108772751e-09,0.8626297058359423,0.13737028994090766,1.18752838977254e-09,25,20,20
26,5211,3.03562108772751e-09,0.8626297058359423,0.13737028994090766,1.18752838977254e-09,25,20,20
26,5212,4.0189549197309385e-09,0.8368070164999198,0.1631926143209686,3.6516015613603355e-07,25,20,20
26,5213,3.0225830547302214e-09,0.8592662927033899,0.14073370308194538,1.192081126949503e-09,25,20,20
26,5214,3.0224479105794913e-09,0.8570892661426965,0.14291072964797308,1.186882220604666e-09,25,20,20
26,5215,3.022446949838488e-09,0.8836930069839761,0.11630698881395718,1.17961965606969e-09,25,20,20
26,5216,2.8423016395004345e-09,0.9248587819310492,0.07514121455984533,6.668037660172805e-10,25,20,20
26,5217,4.1279646476368004e-08,0.9489467248256966,0.05105323322243532,6.722216727373894e-10,25,20,20
26,5218,2.1953366878005175e-06,0.9448251036746993,0.05517270001848241,9.70130611181956e-10,25,20,20
26,5219,8.509442874176318e-06,0.9437113765060597,0.056280096684485165,1.7366580999442495e-08,25,20,20
26,5220,8.509442873843654e-06,0.9437113783277548,0.056280094862696556,1.7366675085937102e-08,25,20,20
26,5221,8.47100596880195e-06,0.9846046514020318,0.015386860225088067,1.736691172517704e-08,25,20,20
26,5222,8.471005965586851e-06,0.9858866611663082,0.014104850460906437,1.7366820056111696e-08,25,20,20
26,5223,8.471006173437354e-06,0.9841916083961165,0.01579990323079874,1.7366911687492797e-08,25,20,20
26,5224,8.471005342528805e-06,0.9846799414280468,0.015311570199698078,1.7366912849739123e-08,25,20,20
26,5225,8.471005462398431e-06,0.9462700126145319,0.05372149932072281,1.7059283007423633e-08,25,20,20
26,5226,8.471005462398431e-06,0.9462700126145319,0.05372149932072281,1.7059283007423633e-08,25,20,20
26,5227,2.8544338959151406e-09,0.9493187182487527,0.0506812785318895,3.649240120980705e-10,25,20,20
26,5228,7.191691610660843e-09,0.8870946952120525,0.11290529722281294,3.734428098341946e-10,25,20,20
26,5229,7.191663712114814e-09,0.8579942040158444,0.1420057884286957,3.6379583305522877e-10,25,20,20
26,5230,7.191663971000976e-09,0.8567558740504471,0.1432441183887061,3.6918251731051e-10,25,20,20
26,5231,2.9424373934510217e-09,0.8848828098436379,0.1151171868549043,3.5902018668093194e-10,25,20,20
26,5232,2.9424301065228818e-09,0.886612430131324,0.11338756656731878,3.5892691152124316e-10,25,20,20
26,5233,2.9293402893616527e-09,0.8876925105386477,0.11230748618411689,3.4789454120581296e-10,25,20,20
26,5234,0.0009066839173146317,0.8754731753946292,0.12362014029600076,3.9205487946400586e-10,25,20,20
26,5235,0.0009066839173146317,0.8754731753946292,0.12362014029600076,3.9205487946400586e-10,25,20,20
26,5236,0.0009066839296759334,0.8720278352476256,0.12706548010879926,7.138983725444495e-10,25,20,20
26,5237,0.0009066839296759334,0.8720278352476256,0.12706548010879926,7.138983725444495e-10,25,20,20
26,5238,3.109494988733056e-09,0.9221237502248214,0.0778762460031564,6.625268410286559e-10,25,20,20
26,5239,3.239559399266078e-10,0.9067080561959309,0.09329194262278988,8.573226646303432e-10,25,20,20
26,5240,2.541917289251362e-10,0.9422589875320427,0.057740035938275334,9.76275489707072e-07,25,20,20
26,5241,6.89646616870282e-11,0.970887568403446,0.029111455248295996,9.762792927504497e-07,25,20,20
26,5242,6.89646616870282e-11,0.970887568403446,0.029111455248295996,9.762792927504497e-07,25,20,20
26,5243,2.6090935054597485e-11,0.9863839201800114,0.01361510402574744,9.75768149878034e-07,25,20,20
26,5244,2.607626289208692e-11,0.9480353215761326,0.05196370262661604,9.75771174678613e-07,25,20,20
26,5245,2.607626289208692e-11,0.9480353215761326,0.05196370262661604,9.75771174678613e-07,25,20,20
26,5246,2.607618801015912e-11,0.9480355093602485,0.05196351484250025,9.75771174649122e-07,25,20,20
26,5247,1.0005479052703114e-07,0.8797686421960964,0.12023027074737401,9.870017388415224e-07,25,20,20
26,5248,1.0013570210725029e-07,0.8781375925972736,0.1218613202535999,9.870134240220542e-07,25,20,20
26,5249,1.0744192588169631e-10,0.946821656738676,0.053177367059951776,9.760939299838613e-07,25,20,20
26,5250,3.8950501687149805e-10,0.9706367718209744,0.029363227130592823,6.589273019150761e-10,25,20,20
26,5251,1.500733697809745e-11,0.9876913177258234,0.012308681297055027,9.621138504519863e-10,25,20,20
26,5252,1.502221180135397e-11,0.9884932437398954,0.011506755288260178,9.56821972958e-10,25,20,20
26,5253,1.5242821266793113e-11,0.9891418928089416,0.010858106229744225,9.460712021844785e-10,25,20,20
26,5254,1.5260912946113837e-11,0.987485308785267,0.012514689946356466,1.2531154311528832e-09,25,20,20
26,5255,2.604387022889475e-11,0.9880622253513964,0.011937773375003012,1.2475564283813699e-09,25,20,20
26,5256,2.604012357230641e-11,0.9868460982177076,0.013153900508698566,1.2475534619002392e-09,25,20,20
26,5257,6.155933165602947e-11,0.9868691552250455,0.013130843763946035,9.494488554392437e-10,25,20,20
26,5258,9.185453649349332e-11,0.9713508447088762,0.028649143192612043,1.2006657091934123e-08,25,20,20
26,5259,6.155932820085623e-11,0.9868691524807625,0.013130846508227665,9.494505073774947e-10,25,20,20
26,5260,1.4415018325861208e-11,0.9627633569534981,0.03723664208236464,9.497221305217184e-10,25,20,20
26,5261,1.9526029322940664e-09,0.9245997974983784,0.07308757720440394,0.0023126233446142805,25,20,20
26,5262,1.9526065486899615e-09,0.9503916000652477,0.0472957746375642,0.002312623344581417,25,20,20
26,5263,3.09879858895805e-06,0.9116007079990281,0.08608356985593751,0.002312623346445087,25,20,20
26,5264,3.1414684371659296e-06,0.8299394818862424,0.16774474696812405,0.0023126296771950523,25,20,20
26,5265,3.1143878834741538e-06,0.869930769623644,0.12775349117859386,0.002312624809878272,25,20,20
26,5266,3.1143878834250987e-06,0.8716265539557395,0.1260577068465903,0.0023126248097866194,25,20,20
26,5267,3.0991472688015007e-06,0.8741379446761252,0.1235458710054682,0.002313085171137325,25,20,20
26,5268,3.10011158922532e-06,0.8358722115904154,0.1617366194194134,0.002388068878581261,25,20,20
26,5269,3.0981612521363413e-06,0.8745710367954372,0.12535041855406992,7.544648924042501e-05,25,20,20
26,5270,3.0981614414182975e-06,0.8891750388065206,0.11074641653750637,7.544649453129286e-05,25,20,20
26,5271,3.098162278527847e-06,0.8480206095983003,0.15190084543775836,7.544680166244095e-05,25,20,20
26,5272,3.0981637234329953e-06,0.7919277460813372,0.20799370895331531,7.544680162314714e-05,25,20,20
26,5273,6.709611410507674e-06,0.7673220209154304,0.23255323281759183,0.00011803665556703839,25,20,20
26,5274,7.492721817800874e-08,0.7822464471142091,0.21767803116155837,7.544679701407129e-05,25,20,20
26,5275,7.587654106681988e-08,0.7956911059711855,0.20423337135338904,7.544679888365642e-05,25,20,20
26,5276,1.25072949622161e-07,0.7782579832658796,0.22166644485763573,7.544680353437537e-05,25,20,20
26,5277,0.0006723290848703475,0.6995467788367735,0.2694429257781607,0.030337966300194828,25,20,20
26,5278,0.0006741326740727805,0.7773369676846882,0.22198839915623267,5.00485005879149e-07,25,20,20
26,5279,2.596528654048923e-06,0.7886061930858242,0.21139073307110245,4.773144188289791e-07,25,20,20
26,5280,2.596529521819771e-06,0.788605798809039,0.21139112734146334,4.773199749142218e-07,25,20,20
26,5281,2.5396563915871293e-06,0.7744599642173158,0.22553701881370447,4.773125872426742e-07,25,20,20
26,5282,2.664114980344255e-06,0.7139518976168914,0.28604495989441875,4.7837370835291e-07,25,20,20
26,5283,2.664114980344255e-06,0.7139518976168914,0.28604495989441875,4.7837370835291e-07,25,20,20
26,5284,2.664114980344255e-06,0.7139518976168914,0.28604495989441875,4.7837370835291e-07,25,20,20
26,5285,7.676754441680392e-07,0.7553517391464648,0.2446470292429127,4.639351779243483e-07,25,20,20
26,5286,1.2482731567598813e-07,0.810651089048172,0.18934832228143872,4.638430731367803e-07,25,20,20
26,5287,1.2323076432731418e-09,0.907224503400035,0.09277549390389543,1.4637613170713118e-09,25,20,20
26,5288,1.2314497599054411e-09,0.9059762253814039,0.09402377223129119,1.1558546113191737e-09,25,20,20
26,5289,1.2806759429661116e-09,0.9059629679275851,0.09403702963042698,1.1613114503687574e-09,25,20,20
26,5290,1.280983733009642e-09,0.8801394649795511,0.11986053257815364,1.1613109516704276e-09,25,20,20
26,5291,1.3022854859189093e-09,0.897225530932865,0.10277445879679943,8.96804976218587e-09,25,20,20
26,5292,1.3286288860349385e-09,0.9191851352895939,0.08081486220689575,1.1748806815163208e-09,25,20,20
26,5293,1.3283361695355653e-09,0.9445727858274755,0.055427211669211926,1.1749759591440265e-09,25,20,20
26,5294,1.2530674409445923e-10,0.983376273979159,0.016623725230980813,6.645533080670192e-10,25,20,20
26,5295,7.652445960627918e-11,0.9842148879758483,0.01578511128322512,6.644021419705262e-10,25,20,20
26,5296,2.873878055086411e-11,0.9842578859316342,0.015742113077307596,9.623193934769042e-10,25,20,20
26,5297,4.263590848087132e-11,0.9565685706489349,0.043431428257270734,1.051157904136997e-09,25,20,20
26,5298,6.245377609677205e-11,0.9590086709988279,0.04099132157909675,7.359621200289443e-09,25,20,20
26,5299,2.16466027447375e-06,0.9826417539169432,0.017356045910174433,3.551260769423994e-08,25,20,20
26,5300,2.164708239543531e-06,0.9814029462742604,0.01859485319776342,3.5819736510792155e-08,25,20,20
26,5301,2.16752342941943e-06,0.9830821007988608,0.01691569553754787,3.6140161642859487e-08,25,20,20
26,5302,2.1675234147041398e-06,0.984759716356808,0.01523808027739491,3.584238228631573e-08,25,20,20
26,5303,0.0005006598799215525,0.9056185704754124,0.09388073320240865,3.644225702137091e-08,25,20,20
26,5304,0.0005006598971118029,0.9209854730969625,0.07851383056371616,3.644220930701701e-08,25,20,20
26,5305,0.0005006598971118029,0.9209854730969625,0.07851383056371616,3.644220930701701e-08,25,20,20
26,5306,0.0004984952992743788,0.9219651602658087,0.07753632505147462,1.93834421045625e-08,25,20,20
26,5307,0.0005109150875309582,0.8820141058591482,0.11747495924600726,1.980731295412919e-08,25,20,20
26,5308,0.0005109158837139834,0.8416151153360141,0.15787394896666937,1.9813601989074513e-08,25,20,20
26,5309,0.0005109158485888158,0.8428764516170584,0.15661263051398833,2.0203640891592103e-09,25,20,20
26,5310,0.000510915849231883,0.8412402384905276,0.15824884395668565,1.703554491706069e-09,25,20,20
26,5311,0.0005109150530375963,0.8812255768390969,0.11826350610895099,1.9989138080042207e-09,25,20,20
26,5312,0.0005111460062592578,0.841225742247427,0.15826308905774422,2.2688568763072504e-08,25,20,20
26,5313,0.0004987262192757678,0.8806206412807148,0.11888061023538857,2.22646198132085e-08,25,20,20
26,5314,0.0004984952660622047,0.9210749783461761,0.07842652481250732,1.575253945355469e-09,25,20,20
26,5315,0.0005038136128722216,0.906782747184548,0.09271282503754628,6.141650325218829e-07,25,20,20
26,5316,0.0005038136227894345,0.9063351227314418,0.09316044917756025,6.144682076715992e-07,25,20,20
26,5317,0.000503815606278166,0.84008734447664,0.15940824324282168,5.966742591548757e-07,25,20,20
26,5318,0.0005038156126905665,0.8223645706635199,0.17713101735661,5.963671788976231e-07,25,20,20
26,5319,0.0004984972486549626,0.8602932956588696,0.1392082052192582,1.873216311324637e-09,25,20,20
26,5320,5.612485939484714e-09,0.9249236516904331,0.07507634113317212,1.5639080282362385e-09,25,20,20
26,5321,3.6770717702307232e-09,0.964485656708687,0.03551433804785908,1.5663811971148986e-09,25,20,20
26,5322,4.476438032481396e-09,0.9169933458799789,0.08300664799379524,1.6497866380202928e-09,25,20,20
26,5323,4.476438032481396e-09,0.9169933458799789,0.08300664799379524,1.6497866380202928e-09,25,20,20
26,5324,7.3194325366415085e-09,0.8785768655999064,0.12142199278273386,1.1342979253222538e-06,25,20,20
26,5325,1.1053518841573287e-06,0.8865163005199277,0.11348096601294363,1.6281152428134828e-06,25,20,20
26,5326,1.1052853959562855e-06,0.9251355857898105,0.07486281315410685,4.957706860095102e-07,25,20,20
26,5327,1.1052855295929103e-06,0.90969826960149,0.09030012933887978,4.957740988226955e-07,25,20,20
26,5328,1.105274774609735e-06,0.9094656915788413,0.09053270737379968,4.957725827557469e-07,25,20,20
26,5329,6.412963560258959e-09,0.9306696044193903,0.06933038730147743,1.8661679502291e-09,25,20,20
26,5330,6.474567419837023e-09,0.91674773776256,0.08325225388328414,1.8795874701692972e-09,25,20,20
26,5331,6.476224220784204e-09,0.8929311107767112,0.10706886271651542,2.0030547631848214e-08,25,20,20
26,5332,6.476224220784204e-09,0.8929311107767112,0.10706886271651542,2.0030547631848214e-08,25,20,20
26,5333,6.80224448447369e-09,0.8736179613491329,0.12638201211856015,1.9730061693022603e-08,25,20,20
26,5334,6.7962058084908e-09,0.8768925915630733,0.12310738190178755,1.9738932604451725e-08,25,20,20
26,5335,0.014132528789575338,0.8177551897084909,0.16811222869944117,5.280249221823411e-08,25,20,20
26,5336,0.014132528789028886,0.8545668338830318,0.13130058464847663,5.2679462224132356e-08,25,20,20
26,5337,0.013694609017920679,0.8951132119251846,0.09119212690325026,5.215364374034009e-08,25,20,20
26,5338,0.013694609017920904,0.8968002139367047,0.08950512489172814,5.215364542297224e-08,25,20,20
26,5339,0.013694609020863864,0.8822511413218969,0.10405419751255945,5.214467898634698e-08,25,20,20
26,5340,0.013694843298496294,0.8364230862606388,0.14988201846438856,5.1976475698421365e-08,25,20,20
26,5341,0.013694843298496294,0.8364230862606388,0.14988201846438856,5.1976475698421365e-08,25,20,20
26,5342,0.014271169917243613,0.7964553547817118,0.18927340339148852,7.19095551320988e-08,25,20,20
26,5343,0.013695281346056416,0.795837379396652,0.19046728727333456,5.198395602039142e-08,25,20,20
26,5344,0.013694852464068269,0.7958563752640998,0.19044872028998294,5.198184814772373e-08,25,20,20
26,5345,0.03222009658989423,0.7644913552238297,0.20328792638276286,6.218035118720872e-07,25,20,20
26,5346,0.05821473129493609,0.7540926773470364,0.18769198997696418,6.013810625721856e-07,25,20,20
26,5347,0.09770698051857937,0.7546526296225043,0.14763979485366405,5.950052511968382e-07,25,20,20
26,5348,0.058214731930144314,0.7941931890447161,0.14759148405580405,5.949693344748238e-07,25,20,20
26,5349,0.05821473260475526,0.7924719856165322,0.14931266953068564,6.122480258079404e-07,25,20,20
26,5350,0.01852548261261316,0.834308314420355,0.14716560768404843,5.95282982957273e-07,25,20,20
26,5351,2.4328938398141297e-07,0.8613671607796476,0.1386314437177867,1.1522131809076427e-06,25,20,20
26,5352,2.432640069102797e-07,0.8777076930799181,0.12229145408566006,6.095704141949071e-07,25,20,20
26,5353,6.9189515688233006e-09,0.9572388891896415,0.042761096214238,7.677168414285325e-09,25,20,20
26,5354,6.919800429388946e-09,0.9564462850041524,0.043553700706468475,7.369578302446521e-09,25,20,20
26,5355,4.185195377318456e-09,0.9434918420007335,0.056508146562476415,7.251594091962373e-09,25,20,20
26,5356,4.21448273767683e-09,0.9413532258561912,0.0586467518051259,1.81241994220578e-08,25,20,20
26,5357,4.232634590888657e-09,0.9263833681992983,0.07361660944386805,1.812419815893426e-08,25,20,20
26,5358,1.4436823787921345e-09,0.9268114566617615,0.07318852377585024,1.811870499100354e-08,25,20,20
26,5359,1.4436823787921345e-09,0.9268114566617615,0.07318852377585024,1.811870499100354e-08,25,20,20
26,5360,1.4014537330817652e-09,0.9422210291547901,0.05777896828737405,1.156381110913783e-09,25,20,20
26,5361,1.4022846851574523e-09,0.9405335191355504,0.05946647800254741,1.459616711211178e-09,25,20,20
26,5362,1.3803817032012883e-09,0.9663302569786818,0.033669740183097166,1.4578387225993852e-09,25,20,20
26,5363,1.3797574206227014e-09,0.9276088940824839,0.07239110339011391,1.1476440581637222e-09,25,20,20
26,5364,1.3796854454577135e-09,0.9135225308520988,0.08647746663575702,1.1324578458267412e-09,25,20,20
26,5365,1.3796284534039622e-09,0.9416510670277678,0.05834893046170603,1.1308970897817051e-09,25,20,20
26,5366,2.064571351329299e-09,0.8767524658061489,0.12324752420048585,7.928792926073108e-09,25,20,20
26,5367,2.066298397196821e-09,0.9044423004443697,0.09555768965515225,7.834178841618967e-09,25,20,20
26,5368,2.67431926094058e-06,0.8177383003503554,0.18225900046091906,2.4869464151318748e-08,25,20,20
26,5369,4.03366298950431e-09,0.8712214697743614,0.12877850170364355,2.4488330939663306e-08,25,20,20
26,5370,4.03366298950431e-09,0.8712214697743614,0.12877850170364355,2.4488330939663306e-08,25,20,20
26,5371,3.3800837755061185e-09,0.8915927265032846,0.10840724532420057,2.4792429797314203e-08,25,20,20
26,5372,3.3800837755061185e-09,0.8915927265032846,0.10840724532420057,2.4792429797314203e-08,25,20,20
26,5373,3.3619020984714926e-09,0.9152456813247548,0.0847542906367339,2.4676608474635346e-08,25,20,20
26,5374,7.136779567488655e-10,0.9567870094501764,0.043212989201619895,6.345252597727519e-10,25,20,20
26,5375,7.130138489591158e-10,0.9272806880408996,0.07270458307727201,1.4728168814122016e-05,25,20,20
26,5376,7.240407254876774e-10,0.926063834876849,0.07392143623039163,1.472816871829758e-05,25,20,20
26,5377,7.223239726699874e-10,0.9271340496151196,0.0728512214882869,1.4728174269400816e-05,25,20,20
26,5378,7.223239726699874e-10,0.9271340496151196,0.0728512214882869,1.4728174269400816e-05,25,20,20
26,5379,7.222777273154343e-10,0.9546311285951065,0.04535414250990896,1.4728172706958837e-05,25,20,20
26,5380,3.870171697648133e-08,0.9436773210081085,0.056322639656164186,6.34010250538198e-10,25,20,20
26,5381,1.3325630193792222e-07,0.9036637453652479,0.09633551794162018,6.034368294035627e-07,25,20,20
26,5382,1.332563342047562e-07,0.9016833937695453,0.09831491934877432,1.5536253457687794e-06,25,20,20
26,5383,1.3592235478871262e-07,0.9007192805968457,0.09927902955577451,1.5539250246627433e-06,25,20,20
26,5384,0.0002888688614741239,0.857919492544413,0.14178971807414886,1.9205199633717917e-06,25,20,20
26,5385,0.00028879829031147754,0.8448424443490898,0.15486719345466649,1.563905931743289e-06,25,20,20
26,5386,1.3592258678330232e-07,0.8615057740421354,0.1384925361047539,1.5539305234914207e-06,25,20,20
26,5387,1.3592256948443327e-07,0.864589426507429,0.13540983382269897,6.037473022134468e-07,25,20,20
26,5388,1.3592256921740098e-07,0.8646118240255973,0.13538743630453076,6.037473022134803e-07,25,20,20
26,5389,2.9475793333600505e-07,0.90283293896245,0.09716616221948422,6.04060132076305e-07,25,20,20
26,5390,2.9249900639905157e-07,0.8887191998847386,0.11127989442688657,6.131893680433646e-07,25,20,20
26,5391,2.9212121394150127e-07,0.8912212878156534,0.10877781661352669,6.034496058045772e-07,25,20,20
26,5392,2.9216974550048723e-07,0.8661041146135038,0.13389498335925634,6.098574938737477e-07,25,20,20
26,5393,2.921413065080724e-07,0.8815770151955455,0.1184220828087943,6.098543531863039e-07,25,20,20
26,5394,1.9758776398485603e-07,0.9215446973461279,0.07845509770899124,7.357116508377453e-09,25,20,20
26,5395,1.9763645962896146e-07,0.9215554491300346,0.07844434650073108,6.732774311616852e-09,25,20,20
26,5396,1.9763645969262703e-07,0.9198373843444937,0.08016241128095204,6.738094305916323e-09,25,20,20
26,5397,4.053254497850686e-08,0.9048827322456005,0.09511722079326711,6.428587071415631e-09,25,20,20
26,5398,4.053254497850686e-08,0.9048827322456005,0.09511722079326711,6.428587071415631e-09,25,20,20
26,5399,8.708917604604422e-06,0.9030991851106985,0.09689210564594143,3.257550661130509e-10,25,20,20
26,5400,8.673823064828362e-06,0.8931233511328641,0.10686797471816087,3.2591028338094795e-10,25,20,20
26,5401,8.673775707935526e-06,0.8941028328607168,0.10588849272646109,6.371142915132867e-10,25,20,20
26,5402,8.67375744027968e-06,0.8553701621902734,0.14462116341330103,6.389851587940492e-10,25,20,20
26,5403,8.673678528866999e-06,0.8930130287433451,0.10697829693375524,6.443707795590526e-10,25,20,20
26,5404,8.683834835406262e-06,0.8530646060832986,0.14683280139932436,9.390868254164531e-05,25,20,20
26,5405,8.681018137034372e-06,0.851302807746733,0.14859361956658113,9.489166854902149e-05,25,20,20
26,5406,8.681047914900204e-06,0.8283061989767911,0.17149674129916573,0.00018837867612811837,25,20,20
26,5407,8.680969081811511e-06,0.864239284989258,0.13565714237848048,9.489166318002088e-05,25,20,20
26,5408,0.007833633540949647,0.8359871824908331,0.15608402174937258,9.516221884476872e-05,25,20,20
26,5409,0.008496668596940234,0.7603191468115128,0.23108902267889347,9.516191265306866e-05,25,20,20
26,5410,0.0006633287013426953,0.7767394083805987,0.22209102941942344,0.000506233498634745,25,20,20
26,5411,0.0006633287013426953,0.7767394083805987,0.22209102941942344,0.000506233498634745,25,20,20
26,5412,0.035496058161557924,0.7767235118845417,0.1872741745534449,0.0005062554004551994,25,20,20
26,5413,0.036444814931098725,0.7354801519011609,0.22756879554293474,0.0005062376248048983,25,20,20
26,5414,0.0009487687213621453,0.8359088509660986,0.1630474892564086,9.489105613097527e-05,25,20,20
26,5415,0.0019121266473203266,0.8159278517375462,0.18206513055841822,9.489105671511678e-05,25,20,20
26,5416,0.0009672558502092565,0.8142074352951195,0.18472265500390783,0.0001026538507634068,25,20,20
26,5417,0.0009672558502092565,0.8142074352951195,0.18472265500390783,0.0001026538507634068,25,20,20
26,5418,0.0009672558492539113,0.8325022970339959,0.16642779326893578,0.0001026538478140262,25,20,20
26,5419,0.030451106608662883,0.8050042624141082,0.1644497392883918,9.489168883658015e-05,25,20,20
26,5420,0.0009487612029519373,0.8843367328463071,0.11471352261936106,9.833313795274228e-07,25,20,20
26,5421,0.0009487612029518718,0.884337119650652,0.1147131358150146,9.833313811780783e-07,25,20,20
26,5422,4.483780778472169e-09,0.8570631119425635,0.14293491962310612,1.96395054910366e-06,25,20,20
26,5423,4.533228769976931e-09,0.8849301609725775,0.1150678705435899,1.963950603490006e-06,25,20,20
26,5424,4.5332181332126755e-09,0.8872465561084374,0.11275147540783005,1.963950514034857e-06,25,20,20
26,5425,2.8016271772114784e-09,0.940652221454495,0.05934581148966255,1.964254215005571e-06,25,20,20
26,5426,2.801630528218972e-09,0.9400419792276448,0.05995605371660681,1.9642541175327345e-06,25,20,20
26,5427,2.801630528218972e-09,0.9400419792276448,0.05995605371660681,1.9642541175327345e-06,25,20,20
26,5428,2.763345689436357e-09,0.9563993767362058,0.04359963923576893,9.81264679407759e-07,25,20,20
26,5429,2.716460600976239e-09,0.9573986005637072,0.0426013909976,5.722232300188229e-09,25,20,20
26,5430,3.1611265060031027e-07,0.9292387991228643,0.07076087493337567,9.831109232471981e-09,25,20,20
26,5431,3.252667909045599e-07,0.8704835979481642,0.12951605728663818,1.949840617230315e-08,25,20,20
26,5432,1.1856906619846223e-08,0.8795818176838097,0.12041815983284501,1.0626438459692014e-08,25,20,20
26,5433,3.961274940259333e-06,0.8587243775854309,0.14127165996658841,1.1730401980309842e-09,25,20,20
26,5434,3.952169373592127e-06,0.8836207185768278,0.11637531736308604,1.1890712566436612e-08,25,20,20
26,5435,6.329119245229799e-11,0.9188800283901704,0.08111997088823919,6.582991900349842e-10,25,20,20
26,5436,6.331169748395326e-11,0.9468338756921658,0.05316612327908536,9.654369992301157e-10,25,20,20
26,5437,4.207660606776681e-07,0.9069636553303737,0.09303592293709077,9.664745713966409e-10,25,20,20
26,5438,2.5616522136805204e-06,0.9197271445347185,0.08025389184923938,1.640196382825054e-05,25,20,20
26,5439,2.5616522136805204e-06,0.9197271445347185,0.08025389184923938,1.640196382825054e-05,25,20,20
26,5440,2.5616522136805204e-06,0.9197271445347185,0.08025389184923938,1.640196382825054e-05,25,20,20
26,5441,6.311118531782034e-11,0.9473118124625501,0.05268818650864137,9.65697020261064e-10,25,20,20
26,5442,6.399756889369044e-11,0.9654256355177249,0.034574363455342344,9.629353485156578e-10,25,20,20
26,5443,5.214977254020891e-11,0.96835395629116,0.03164604237732316,1.2793672219925328e-09,25,20,20
26,5444,5.214977254020891e-11,0.96835395629116,0.03164604237732316,1.2793672219925328e-09,25,20,20
26,5445,2.90732018437762e-12,0.9946525119730317,0.0053474867501893085,1.2738717442123138e-09,25,20,20
26,5446,5.09558748598752e-11,0.9941728954128294,0.005827103257037823,1.2791768222843788e-09,25,20,20
26,5447,5.1849721979579336e-11,0.964770237200172,0.035211746172071054,1.8016575907235724e-05,25,20,20
26,5448,4.478291481321311e-09,0.9258467212222372,0.07413525722848284,1.801707098820645e-05,25,20,20
26,5449,4.487847680515448e-09,0.9257707322142962,0.07421126351102378,1.7999786831960713e-05,25,20,20
26,5450,4.487776779898934e-09,0.9541416964681114,0.045858297285055104,1.759056336225928e-09,25,20,20
26,5451,4.487780631922043e-09,0.9528845708459603,0.04711542290730122,1.758957526360892e-09,25,20,20
26,5452,4.4880273138800905e-09,0.9270398259580963,0.07296016747634237,2.0775335529241425e-09,25,20,20
26,5453,4.48803099379693e-09,0.9288346075239471,0.07116538621714019,1.7708811961059657e-09,25,20,20
26,5454,4.48803099379693e-09,0.9288346075239471,0.07116538621714019,1.7708811961059657e-09,25,20,20
26,5455,4.487376406727485e-09,0.9282437194179376,0.07175625717589512,1.891879053164083e-08,25,20,20
26,5456,4.627089678030191e-09,0.8217869705993343,0.1782130057713779,1.9002197576056067e-08,25,20,20
26,5457,4.628780505854681e-09,0.8087109566661297,0.19128901970485696,1.9000232303021004e-08,25,20,20
26,5458,2.737472383859439e-07,0.8072113575665589,0.19278834917279228,1.9513409902638895e-08,25,20,20
26,5459,2.737470059372252e-07,0.8055043865588974,0.1944953204973908,1.919670540769599e-08,25,20,20
26,5460,4.639086046419373e-09,0.882549677272201,0.11745029939421206,1.8694500367786926e-08,25,20,20
26,5461,4.638879620390401e-09,0.8825496875578639,0.11745028911404928,1.8689206583065772e-08,25,20,20
26,5462,4.638875835334724e-09,0.8428303762536867,0.1571696002952048,1.8812232240844737e-08,25,20,20
26,5463,4.658950361803603e-09,0.8057974925203701,0.19420081821237037,1.6846083087843377e-06,25,20,20
26,5464,4.658740341156957e-09,0.8461101644838009,0.15388816415314124,1.666704317000098e-06,25,20,20
26,5465,4.660277212050102e-09,0.8072566740202052,0.19274165492227907,1.6663972383372972e-06,25,20,20
26,5466,1.2035723687882633e-05,0.7280962654435527,0.27188885018108944,2.848651668807868e-06,25,20,20
26,5467,1.4355552248495435e-05,0.7544656999851569,0.24551603445479364,3.910007799846473e-06,25,20,20
26,5468,1.435645300788744e-05,0.7289543409542302,0.27102739258324815,3.9100095128720175e-06,25,20,20
26,5469,1.4356500958577036e-05,0.7277134083786863,0.2722683251107487,3.910009605692379e-06,25,20,20
26,5470,1.435561138444627e-05,0.7266542128832119,0.2733275144718215,3.9170335815591464e-06,25,20,20
26,5471,0.00010304280104176582,0.7868090321199425,0.20668133749432122,0.006406587584693713,25,20,20
26,5472,2.324635640845429e-06,0.8636327527421203,0.12995951703745556,0.0064054055847828865,25,20,20
26,5473,2.3245403588862108e-06,0.9211518179832358,0.07884478817127011,1.0693051348404651e-06,25,20,20
26,5474,4.531859299241187e-06,0.9034855570884451,0.09650883043544312,1.0806168119757084e-06,25,20,20
26,5475,4.4681729880195975e-06,0.9429623941396934,0.05703205757237387,1.080114944647841e-06,25,20,20
26,5476,4.468161021789351e-06,0.9442108308433745,0.055783621181981984,1.0798136216732133e-06,25,20,20
26,5477,4.469827585488999e-06,0.9297901857358284,0.07016861390120138,3.673053538466788e-05,25,20,20
26,5478,7.037008847478029e-06,0.8992627321006579,0.10072916879597721,1.062094516764478e-06,25,20,20
26,5479,4.89685946810347e-06,0.8612426203683468,0.13875142006274685,1.062709437746396e-06,25,20,20
26,5480,2.3283369042108136e-06,0.8617774256473207,0.13821918308654269,1.0629292316130213e-06,25,20,20
26,5481,2.3306561456182803e-06,0.8622672058930835,0.1376635988234019,6.686462736856978e-05,25,20,20
26,5482,2.3274959182119695e-06,0.8879979932395078,0.11199859853484334,1.0807297299908249e-06,25,20,20
26,5483,2.327495936718695e-06,0.887997307959719,0.11199928381461208,1.080729731654394e-06,25,20,20
26,5484,3.86627160783113e-09,0.8887689490983677,0.11122987840961411,1.1686257463793074e-06,25,20,20
26,5485,3.865292225544397e-09,0.928752786575625,0.07124604093334673,1.1686257351547046e-06,25,20,20
26,5486,3.865288350395962e-09,0.9299792390935522,0.07001960591776496,1.1511233935387334e-06,25,20,20
26,5487,3.0905367584864907e-09,0.970391187933139,0.02960879050481374,1.8471509940543436e-08,25,20,20
26,5488,5.112494607211128e-06,0.9264718507120442,0.07352300046178419,3.6331563482068315e-08,25,20,20
26,5489,1.9820914049027694e-07,0.9054132863554725,0.09458647941316846,3.6022217843206313e-08,25,20,20
26,5490,2.7761997190647594e-09,0.9616003125671111,0.038399648338139275,3.631854953957007e-08,25,20,20
26,5491,2.776177267324767e-09,0.9586366804716581,0.04136328043917218,3.631299210374781e-08,25,20,20
26,5492,2.7753021066098534e-09,0.9586754142817722,0.04132454694657397,3.599635113324043e-08,25,20,20
26,5493,2.773144923430052e-09,0.9276603828329765,0.0723395787088158,3.568506195227558e-08,25,20,20
26,5494,2.773144923430052e-09,0.9276603828329765,0.0723395787088158,3.568506195227558e-08,25,20,20
26,5495,2.7722598069830654e-09,0.8981308830023087,0.10186907823321294,3.5992218161523074e-08,25,20,20
26,5496,2.760626138926117e-09,0.8998187461435998,0.10018121478703353,3.6308740190639225e-08,25,20,20
26,5497,2.7379610110437556e-09,0.8802903787645258,0.11970960004399776,1.8453515231750387e-08,25,20,20
26,5498,2.737950212039374e-09,0.9061142795154905,0.09388569929501443,1.845154460593977e-08,25,20,20
26,5499,2.700307114734073e-09,0.8972037291707003,0.10279596122089664,3.069080955063361e-07,25,20,20
26,5500,2.7159349216661197e-09,0.8188610220652047,0.18113866831059325,3.069082658354688e-07,25,20,20
26,5501,2.7159349216661197e-09,0.8188610220652047,0.18113866831059325,3.069082658354688e-07,25,20,20
26,5502,2.7158228675579345e-09,0.8589362800930913,0.14106339278062618,3.244104591617011e-07,25,20,20
26,5503,2.7158228675579345e-09,0.8589362800930913,0.14106339278062618,3.244104591617011e-07,25,20,20
26,5504,2.7149589944441223e-09,0.8589234447568589,0.14107622812308404,3.2440509739694254e-07,25,20,20
26,5505,1.4649772964770333e-11,0.9014267799600393,0.0985728956256108,3.2439969975040373e-07,25,20,20
26,5506,3.958222912013831e-08,0.9020408282341594,0.09795882527521432,3.0690839661613054e-07,25,20,20
26,5507,6.099890426450566e-05,0.8249433489235173,0.1749952253686011,4.2680361564024893e-07,25,20,20
26,5508,0.0037285052864730393,0.7652705391692247,0.2310005238561423,4.3168815853802375e-07,25,20,20
26,5509,0.0036675064029156436,0.7644875418642927,0.23184464057651383,3.111562764916214e-07,25,20,20
26,5510,0.0036066076591732806,0.7363730695913351,0.2600200110126497,3.1173684026642117e-07,25,20,20
26,5511,0.0036174905970940002,0.7405488275101786,0.25582850343849545,5.178454230250871e-06,25,20,20
26,5512,0.0036174905970940002,0.7405488275101786,0.25582850343849545,5.178454230250871e-06,25,20,20
26,5513,0.0036175122325861403,0.6609973929061056,0.3353797778093028,5.317052003755006e-06,25,20,20
26,5514,0.003663861454866347,0.6586227791994775,0.33697484380457676,0.0007385155410776108,25,20,20
26,5515,5.725401605917226e-05,0.7373517963746843,0.2618524390316706,0.0007385105775848253,25,20,20
26,5516,0.0004886108874353029,0.7058058831074854,0.29225317000560075,0.0014523359994772934,25,20,20
26,5517,0.0004886109021199056,0.6759746363479466,0.32208441723297976,0.0014523355169538032,25,20,20
26,5518,5.455721793803469e-05,0.7348949351007014,0.2598503127689402,0.005200194912418905,25,20,20
26,5519,5.4565544651874644e-05,0.7344766795512502,0.2602685173413572,0.005200237562740071,25,20,20
26,5520,5.45659177035468e-05,0.7161616126960595,0.2785835836555754,0.005200237730660765,25,20,20
26,5521,5.789999895445152e-05,0.7960204266934809,0.19872685239196464,0.005194820915598545,25,20,20
26,5522,0.0017381930497922954,0.7560325510641681,0.2370344339328494,0.005194821953189099,25,20,20
26,5523,0.0017381943400759314,0.7494459971893795,0.2436209863748742,0.005194822095669528,25,20,20
26,5524,5.790196358799314e-05,0.7876801423895006,0.20706713426687892,0.0051948213800310705,25,20,20
26,5525,0.003996670580386945,0.7514619762773997,0.23631668623393062,0.00822466690828122,25,20,20
26,5526,0.004006506262848971,0.6845686133142425,0.3031505264517318,0.00827435397117507,25,20,20
26,5527,0.004006503444285675,0.6845776689280788,0.30314147366201183,0.008274353965621862,25,20,20
26,5528,0.03979766762255478,0.7051425127137734,0.24678546932194514,0.008274350341725358,25,20,20
26,5529,0.03979766762255478,0.7051425127137734,0.24678546932194514,0.008274350341725358,25,20,20
26,5530,5.947859432329047e-05,0.7051565970075495,0.2865095745395141,0.008274349858611472,25,20,20
26,5531,0.005579952783409794,0.7363480899821758,0.25356565413235094,0.0045063031020619645,25,20,20
26,5532,2.8296399461144706e-05,0.8038373187896292,0.19162809518085033,0.004506289630057958,25,20,20
26,5533,2.8358336456992138e-05,0.7654070522864421,0.23005829291538962,0.0045062964617095256,25,20,20
26,5534,1.5899156188510613e-05,0.7805687005608763,0.21495879094693124,0.004456609336002721,25,20,20
26,5535,1.589915640512995e-05,0.7805297410246288,0.21499775048286615,0.0044566093360984965,25,20,20
26,5536,1.659900582704275e-05,0.7624321916824661,0.2330945950504937,0.004456614261211716,25,20,20
26,5537,1.6598979791290204e-05,0.8169931969912018,0.17853358977141934,0.004456614257586839,25,20,20
26,5538,0.0001267432708437379,0.8221123268271542,0.1733043187258065,0.004456611176194742,25,20,20
26,5539,0.00012674153713895163,0.8362071005111109,0.15920952968197702,0.004456628269772679,25,20,20
26,5540,0.00011427736599972462,0.7965616488311569,0.20328579142932235,3.8282373519582747e-05,25,20,20
26,5541,1.2230025251666809e-05,0.8364343931200324,0.1635331081969748,2.0268657740221944e-05,25,20,20
26,5542,1.2216146374400823e-05,0.8626186510400057,0.13736913214561294,6.680064727621096e-10,25,20,20
26,5543,1.221619533424573e-05,0.8868769498577845,0.11311083328046692,6.664137857064172e-10,25,20,20
26,5544,7.775546598689143e-11,0.9250371467008459,0.0749628352965338,1.792486475297932e-08,25,20,20
26,5545,6.50693271392213e-11,0.9267352235026108,0.07326477578989961,6.424201192051774e-10,25,20,20
26,5546,6.904829116977852e-10,0.8885278727303882,0.11147209768039051,2.889873797685614e-08,25,20,20
26,5547,1.4798152552453867e-09,0.8985523096979522,0.10144768282691084,5.99532128636526e-09,25,20,20
26,5548,1.5389035641508745e-09,0.917641883724205,0.08235809115029769,2.3586593526083082e-08,25,20,20
26,5549,1.5434100606669522e-09,0.9062414255813347,0.09375851458839472,5.82868601705019e-08,25,20,20
26,5550,1.8606406920511545e-09,0.863776221287828,0.1362237102920984,6.655943229248507e-08,25,20,20
26,5551,2.2345865785222124e-09,0.9139698182429469,0.08603012106726331,5.845520312322458e-08,25,20,20
26,5552,7.587315694687135e-09,0.9301751474759683,0.0698247692795532,7.565716241227373e-08,25,20,20
26,5553,8.517758848284886e-09,0.8527194934786401,0.1472804194253678,7.85782329175921e-08,25,20,20
26,5554,9.53629339627781e-09,0.8667487228754289,0.13325117959273675,8.799554053885011e-08,25,20,20
26,5555,7.59095922275887e-09,0.8947199704299592,0.10527995470329092,6.727578989830217e-08,25,20,20
26,5556,9.335250497005826e-09,0.8809575567407822,0.11904236633181829,6.759214870457358e-08,25,20,20
26,5557,9.334412537286726e-09,0.8821648435874547,0.11783507948042912,6.759770318515439e-08,25,20,20
26,5558,6.583450138091031e-05,0.851158347319861,0.14877527101208254,5.471666749540361e-07,25,20,20
26,5559,8.262976796844411e-05,0.8101711665215825,0.1897455390348901,6.646755584461012e-07,25,20,20
26,5560,6.583489789534227e-05,0.8101874351072508,0.18974620004672926,5.299481239872573e-07,25,20,20
26,5561,6.583488553367344e-05,0.8085115531576378,0.19142208200347965,5.299533482718705e-07,25,20,20
26,5562,6.583607657973905e-05,0.8104729291925892,0.18946070507838186,5.296524486391211e-07,25,20,20
26,5563,2.4664144840426257e-09,0.8836388557666072,0.11636113107110793,1.0695869862877847e-08,25,20,20
26,5564,2.466414419614908e-09,0.8824012274044741,0.11759875942785447,1.0701256517658695e-08,25,20,20
26,5565,2.4487510647049376e-09,0.8879963168887582,0.11200367012641613,1.0536074527191668e-08,25,20,20
26,5566,2.4221276686507013e-09,0.912836979786948,0.08716299896692176,1.8824002520654885e-08,25,20,20
26,5567,2.422660087809141e-09,0.9148908911350527,0.08510908730190683,1.9140380026470835e-08,25,20,20
26,5568,2.425737727719219e-09,0.8958309148219099,0.10415328227196506,1.5800480386912393e-05,25,20,20
26,5569,5.186107817712455e-09,0.9258094045730992,0.07417477246781708,1.5817772975408993e-05,25,20,20
26,5570,5.290357230591752e-09,0.8689158006518922,0.131068358440431,1.583561731961358e-05,25,20,20
26,5571,5.308323518866807e-09,0.841057872972121,0.15894208512498093,3.6594574490073425e-08,25,20,20
26,5572,4.41513457113285e-09,0.8436896458848451,0.15631004220464878,3.074953714835705e-07,25,20,20
26,5573,4.356850013919602e-09,0.819674513245899,0.18032517521531807,3.071819315823434e-07,25,20,20
26,5574,3.5954052801532734e-09,0.8324643700902458,0.16753560788860716,1.8425740983042833e-08,25,20,20
26,5575,1.5725046716957818e-07,0.858877383004632,0.14112242405785552,3.56870450749912e-08,25,20,20
26,5576,0.00015756670488260423,0.7919400545678986,0.20790235993694697,1.879027061624524e-08,25,20,20
26,5577,0.00015818523890193594,0.7386274659813127,0.26121430931750167,3.946228241214546e-08,25,20,20
26,5578,0.00015818536727365336,0.7396767718363022,0.26016497444087167,6.83555517588547e-08,25,20,20
26,5579,0.00015818536727365336,0.7396767718363022,0.26016497444087167,6.83555517588547e-08,25,20,20
26,5580,0.00015818466529001138,0.7581365577453976,0.2417051895314628,6.805784924532384e-08,25,20,20
26,5581,0.00015818466531067815,0.7575649844947163,0.24227678006900888,5.077096372833349e-08,25,20,20
26,5582,0.0002813274655599932,0.7320925980662021,0.2676250479899167,1.0264783208212268e-06,25,20,20
26,5583,0.00012376430767075937,0.7720590912092135,0.2278161183746587,1.0261084568594595e-06,25,20,20
26,5584,6.232960107112436e-07,0.824785185227654,0.1752131548225254,1.0366538095517261e-06,25,20,20
26,5585,6.28563019958093e-07,0.7986889089680047,0.20130942551436667,1.036954608499078e-06,25,20,20
26,5586,6.267924106936802e-07,0.7985786703911408,0.2014196768102623,1.0260061859844652e-06,25,20,20
26,5587,6.267924106936802e-07,0.7985786703911408,0.2014196768102623,1.0260061859844652e-06,25,20,20
26,5588,6.267800529854716e-07,0.7973944247191141,0.2026039228111674,1.025689665213518e-06,25,20,20
26,5589,6.267800529854716e-07,0.7973944247191141,0.2026039228111674,1.025689665213518e-06,25,20,20
26,5590,4.032681975265467e-09,0.865991181524187,0.13400779361821566,1.0208249149980744e-06,25,20,20
26,5591,4.032471674428954e-09,0.868289031339598,0.13170994380311102,1.0208248190651478e-06,25,20,20
26,5592,8.441058251805882e-08,0.829878502216506,0.17012038351866582,1.0298542452284761e-06,25,20,20
26,5593,1.8755894804820651e-06,0.7904806364770965,0.20951565419034732,1.8337430752058955e-06,25,20,20
26,5594,1.362320809889725e-05,0.7319969648335468,0.2646020157870153,0.0033873961713388073,25,20,20
26,5595,1.3623290047284672e-05,0.6931931693792919,0.30330944312996366,0.00348376420069605,25,20,20
26,5596,1.4064714531023982e-05,0.6999576219065647,0.29654917492096633,0.0034791384579368036,25,20,20
26,5597,1.406471460806073e-05,0.6741350331294987,0.3223717635856233,0.003479138570267736,25,20,20
26,5598,2.0452730347279816e-05,0.7508859798314049,0.24561521553965143,0.0034783518985956135,25,20,20
26,5599,2.045272948004826e-05,0.7509396465491812,0.24556154913926784,0.003478351582069936,25,20,20
26,5600,2.0452728630477507e-05,0.7119748129226473,0.28452638277206593,0.003478351576655179,25,20,20
26,5601,2.0372362683167767e-05,0.7509975428693714,0.24550374221533844,0.003478342552605717,25,20,20
26,5602,8.628313055960474e-06,0.7909526680850115,0.20894201317339295,9.669042853945171e-05,25,20,20
26,5603,5.334428480229323e-05,0.8046056577518697,0.19534028107965823,7.168836696920396e-07,25,20,20
26,5604,0.0007259715581732292,0.829426473478361,0.16984633056072831,1.2244027362057073e-06,25,20,20
26,5605,0.0006726088808975171,0.9020043146205101,0.09732177125751919,1.3052410725809584e-06,25,20,20
26,5606,9.38960876280128e-10,0.9607200831119203,0.039278643545642956,1.272403475836322e-06,25,20,20
26,5607,9.27831964854869e-10,0.9602009102132317,0.039797816139014446,1.2727199215962829e-06,25,20,20
26,5608,9.951381182274153e-08,0.9459244763650512,0.05407415171190046,1.2724092361287676e-06,25,20,20
26,5609,9.951423883882401e-08,0.9447276461607126,0.0552709822267687,1.2720982792825281e-06,25,20,20
26,5610,9.951337996734222e-08,0.9046145326520609,0.09538409573639342,1.272098164816746e-06,25,20,20
26,5611,9.951337996734222e-08,0.9046145326520609,0.09538409573639342,1.272098164816746e-06,25,20,20
26,5612,9.951338016307368e-08,0.9046145974881875,0.09538403090026487,1.2720981664391955e-06,25,20,20
26,5613,9.951338016307368e-08,0.9046145974881875,0.09538403090026487,1.2720981664391955e-06,25,20,20
26,5614,9.951314400927188e-08,0.904635980305337,0.09536264808890776,1.2720926103779134e-06,25,20,20
26,5615,9.951310310416616e-08,0.9029272982519443,0.09707133014234541,1.2720926061806625e-06,25,20,20
26,5616,9.872160730272549e-08,0.9224441431644163,0.07755446824248867,1.2898714872340805e-06,25,20,20
26,5617,2.1285528806760262e-05,0.8504045179054479,0.14953951968060797,3.467688513722399e-05,25,20,20
26,5618,2.1169861695920818e-05,0.8712464936567292,0.12873130508545863,1.0313961159619308e-06,25,20,20
26,5619,8.364723658534743e-05,0.8050173697481108,0.19489797004410694,1.0129711950602049e-06,25,20,20
26,5620,8.364725251222017e-05,0.7776773945558937,0.22223794522039855,1.0129711938793806e-06,25,20,20
26,5621,8.365748271756308e-05,0.7382765992099611,0.26163873002159616,1.0132857238402928e-06,25,20,20
26,5622,6.728338606698859e-05,0.7191196794784959,0.2808120238440386,1.013291397240189e-06,25,20,20
26,5623,7.969698905246177e-05,0.7020716313479655,0.297847658319882,1.013343099386964e-06,25,20,20
26,5624,7.969698905246177e-05,0.7020716313479655,0.297847658319882,1.013343099386964e-06,25,20,20
26,5625,6.277428262468921e-05,0.8296081766937807,0.17032805643978985,9.925838043603455e-07,25,20,20
26,5626,6.277428262468921e-05,0.8296081766937807,0.17032805643978985,9.925838043603455e-07,25,20,20
26,5627,6.267568688677714e-05,0.815076437709552,0.18485989393081367,9.926727470411387e-07,25,20,20
26,5628,6.290592588136514e-05,0.7923191994632799,0.2076169019316657,9.92679172166912e-07,25,20,20
26,5629,6.290592644794032e-05,0.7548844557480355,0.2450516452997282,9.93025787518944e-07,25,20,20
26,5630,6.289568243490524e-05,0.8316021494196423,0.1683339622277893,9.92670133410611e-07,25,20,20
26,5631,6.289630871110104e-05,0.8311460959155604,0.1687900148081884,9.929675400121632e-07,25,20,20
26,5632,6.289630780745848e-05,0.8564975600411546,0.14343855068352782,9.929675101612534e-07,25,20,20
26,5633,1.8866781368044e-07,0.8897948980174015,0.11020392899444116,9.843203433973174e-07,25,20,20
26,5634,1.886684131249598e-07,0.8803240321496792,0.11967577793107415,1.2508329528734214e-09,25,20,20
26,5635,1.893420300829508e-07,0.8786267337178292,0.1213730753863254,1.5538149689681747e-09,25,20,20
26,5636,1.893430555425457e-07,0.8764244907364598,0.12357531836657873,1.5539054952311483e-09,25,20,20
26,5637,1.9196642768739482e-07,0.866324542849961,0.13360661191959206,6.86532640186147e-05,25,20,20
26,5638,1.91455112070608e-07,0.8691770526532104,0.13082275461902845,1.2726482692904257e-09,25,20,20
26,5639,1.914550968439765e-07,0.8691987184217074,0.1308010888506441,1.2725508295745919e-09,25,20,20
26,5640,1.9145650809270165e-07,0.8810448544150675,0.1189369545214685,1.7999606955374762e-05,25,20,20
26,5641,3.5289091124206493e-09,0.9193257119829383,0.0806562848876931,1.799960045921661e-05,25,20,20
26,5642,3.5288998946141853e-09,0.9227011936558175,0.0772808032147275,1.7999600555024362e-05,25,20,20
26,5643,3.571084125442595e-09,0.9869393155941211,0.013060679252029705,1.5827651560732866e-09,25,20,20
26,5644,7.838550756990532e-10,0.9705876628263177,0.02941233461519156,1.7746355997941013e-09,25,20,20
26,5645,7.847113805506475e-10,0.9701720190951656,0.02982797865651751,1.4636053700699116e-09,25,20,20
26,5646,8.454782386766703e-10,0.9681215082184045,0.031878488855385134,2.0807321142848876e-09,25,20,20
26,5647,3.577813237116987e-09,0.9820255435398073,0.017974450697252776,2.185126747018318e-09,25,20,20
26,5648,3.458935846359145e-09,0.9465136187460358,0.05348637622799589,1.5670321592734211e-09,25,20,20
26,5649,3.4587343181389374e-09,0.9465541622437053,0.0534458327306236,1.5669364993791698e-09,25,20,20
26,5650,3.4582651012907913e-09,0.983697679475157,0.016302315503441415,1.563136454667879e-09,25,20,20
26,5651,3.949341920555079e-08,0.9828207260930836,0.017179233769616286,6.438807495795383e-10,25,20,20
26,5652,3.9493404896990293e-08,0.9845314922733749,0.015468467892671289,3.4054864525391373e-10,25,20,20
26,5653,3.9492641053294654e-08,0.9552213544118099,0.04477860575490742,3.4064148447587223e-10,25,20,20
26,5654,3.9492641053294654e-08,0.9552213544118099,0.04477860575490742,3.4064148447587223e-10,25,20,20
26,5655,4.2230150744099535e-08,0.9844255915577339,0.015574348041729493,1.8170385406434622e-08,25,20,20
26,5656,4.2230150744099535e-08,0.9844255915577339,0.015574348041729493,1.8170385406434622e-08,25,20,20
26,5657,3.949358961071866e-08,0.9856383563975502,0.014361603461180766,6.47679192524362e-10,25,20,20
26,5658,3.949253117729049e-08,0.9860554933340482,0.013944466531141939,6.42278429498648e-10,25,20,20
26,5659,3.98608705707156e-08,0.9687085703761892,0.03126066953281036,3.072023012958768e-05,25,20,20
26,5660,3.984338893190941e-08,0.8932217400130029,0.1067474997416853,3.0720401922376434e-05,25,20,20
26,5661,3.984338893190941e-08,0.8932217400130029,0.1067474997416853,3.0720401922376434e-05,25,20,20
26,5662,3.982840512198399e-08,0.9319756896870787,0.06799355024913524,3.072023538027517e-05,25,20,20
26,5663,4.096124474114135e-08,0.9322911527002617,0.06770880600045422,3.380386441257344e-10,25,20,20
26,5664,4.096123029307213e-08,0.9318114116564069,0.06818854674108416,6.41277958303939e-10,25,20,20
26,5665,4.1012220913882185e-08,0.9159254811406548,0.0840744676178692,1.0229254555866826e-08,25,20,20
26,5666,3.8330504454585286e-08,0.918772757880147,0.08122720343847831,3.508697754423486e-10,25,20,20
26,5667,3.8528364993028e-08,0.8899936381645449,0.11000632286731475,4.397751070502258e-10,25,20,20
26,5668,3.858289633813014e-08,0.8889053228437207,0.11109461773269962,2.084068331076297e-08,25,20,20
26,5669,3.843213254292339e-08,0.9164224432598851,0.08357749755074882,2.0757233200546674e-08,25,20,20
26,5670,3.8432132340233116e-08,0.9164108993880198,0.08358904142251868,2.075732895919901e-08,25,20,20
26,5671,3.6929491178417935e-08,0.9351364936754274,0.06486344864065618,2.075442499869632e-08,25,20,20
26,5672,3.6800652369235527e-08,0.9372007941651432,0.06279916900299916,3.120507156168493e-11,25,20,20
26,5673,3.937912619717099e-08,0.9307996041840437,0.06920035640904143,2.778831354647489e-11,25,20,20
26,5674,3.937912619717099e-08,0.9307996041840437,0.06920035640904143,2.778831354647489e-11,25,20,20
26,5675,2.4002738855850176e-08,0.875579063880354,0.12442091209432794,2.257928794397539e-11,25,20,20
26,5676,2.4002738592133412e-08,0.8755649384313863,0.12443503754329618,2.2579257846001158e-11,25,20,20
26,5677,1.1354432573488379e-07,0.8079554950888612,0.19204438067082552,1.0695987127711124e-08,25,20,20
26,5678,8.597453770306225e-10,0.825738144339074,0.17426185445669465,3.444854793085656e-10,25,20,20
26,5679,8.597453462043108e-10,0.9037053132426223,0.0962946855532538,3.4437859445495177e-10,25,20,20
26,5680,8.597412781804819e-10,0.9037348863271402,0.09626511247419986,3.389187413996417e-10,25,20,20
26,5681,7.627196762975245e-10,0.9050313283397138,0.09496867055314777,3.4441890314399713e-10,25,20,20
26,5682,7.004130795281019e-10,0.8968583150848035,0.1031416838694594,3.453240677455452e-10,25,20,20
26,5683,7.022016811968819e-10,0.8195703326071009,0.18034012995449702,8.95367361998405e-05,25,20,20
26,5684,7.036326588691109e-10,0.8157351765168421,0.18417359065134462,9.123212818041562e-05,25,20,20
26,5685,3.956528076841558e-12,0.8557037177345639,0.14420505013881388,9.123212266544488e-05,25,20,20
26,5686,2.662297151624476e-12,0.8540626367690581,0.1459356674931232,1.695735156006402e-06,25,20,20
26,5687,1.0255025353955794e-11,0.8778400677771164,0.12215823628906214,1.695923565957493e-06,25,20,20
26,5688,1.0456470396009455e-11,0.8778936528688105,0.12210465119707241,1.695923660073667e-06,25,20,20
26,5689,1.0458454002492699e-11,0.8966956983103919,0.1033026057553909,1.6959237583957718e-06,25,20,20
26,5690,2.325935792939493e-09,0.8566911511596068,0.14325896406880761,4.9882445649496236e-05,25,20,20
26,5691,2.325920591476467e-09,0.8550197209164716,0.1449303943119609,4.9882445646510364e-05,25,20,20
26,5692,2.325920591476467e-09,0.8550197209164716,0.1449303943119609,4.9882445646510364e-05,25,20,20
26,5693,2.7573436391478547e-09,0.8795774231434058,0.12037438716236565,4.818693688452485e-05,25,20,20
26,5694,2.9923707183987483e-09,0.8924241618826844,0.10752667328764756,4.9161837296892924e-05,25,20,20
26,5695,2.9921777330304175e-09,0.8535338223447123,0.1464170128312189,4.916183189055125e-05,25,20,20
26,5696,2.9921537437881613e-09,0.8924472723448571,0.10750356283124735,4.916183174127349e-05,25,20,20
26,5697,0.002764002446196032,0.8284789001408482,0.16839198984055695,0.00036510757239778703,25,20,20
26,5698,7.622001614562463e-09,0.8671308565958153,0.132819973838043,4.916194413956937e-05,25,20,20
26,5699,1.1202919558628985e-08,0.8149641617899717,0.18108112591296702,0.00395470109414061,25,20,20
26,5700,9.37425801740132e-09,0.7889171533348899,0.20712777193006265,0.003955065360788126,25,20,20
26,5701,7.162877702951661e-09,0.8418408244735244,0.15420410319805927,0.003955065165538372,25,20,20
26,5702,0.00045167456446310164,0.8035722665149717,0.1920209305066235,0.003955128413941229,25,20,20
26,5703,0.0004516712292378433,0.8824697361614249,0.11707816465273556,4.279566020242528e-07,25,20,20
26,5704,1.0948478428692653e-09,0.9190447308804299,0.08095490362879466,3.643959276973448e-07,25,20,20
26,5705,1.094543367935869e-09,0.9449053159330818,0.05509468253989277,4.324824162279219e-10,25,20,20
26,5706,1.1008997507814513e-09,0.928509869851372,0.07149012830764877,7.400796279797525e-10,25,20,20
26,5707,1.1009033530958234e-09,0.9284478491556171,0.07155214900349603,7.399838151978422e-10,25,20,20
26,5708,7.513739022059648e-12,0.9052799919431436,0.09472000694187507,1.107467664472334e-09,25,20,20
26,5709,9.504969569373965e-13,0.9887346369448247,0.011265362437330999,6.16893823164021e-10,25,20,20
26,5710,9.504969569373965e-13,0.9887346369448247,0.011265362437330999,6.16893823164021e-10,25,20,20
26,5711,9.806776494446632e-13,0.9904356644211681,0.009564334638757993,9.39093024349484e-10,25,20,20
26,5712,9.620399856985656e-13,0.9910365182203406,0.008963480839412586,9.392846281165778e-10,25,20,20
26,5713,1.3815367677002342e-12,0.9892530119007316,0.010746987158411471,9.394753248542037e-10,25,20,20
26,5714,3.9718961474028284e-12,0.9222119650552834,0.07778803400126806,9.394761188095974e-10,25,20,20
26,5715,3.979135828351569e-12,0.9226920406590069,0.07730795838669174,9.503215657388674e-10,25,20,20
26,5716,3.3298834752526446e-12,0.9636043536906321,0.03639564535571235,9.503254762098223e-10,25,20,20
26,5717,4.212751127686259e-12,0.963551383884394,0.03644861515551142,9.558815600214779e-10,25,20,20
26,5718,1.4146156274550721e-08,0.9642748414704542,0.03572513676824073,7.615148423478251e-09,25,20,20
26,5719,1.4164940692848733e-08,0.9406620673700362,0.05933791116087695,7.30414561111247e-09,25,20,20
26,5720,2.7074518729837902e-09,0.9850651670445475,0.014934829294486432,9.535141584541116e-10,25,20,20
26,5721,2.706860930232022e-09,0.9452911537902052,0.054708842202888616,1.3000447260865785e-09,25,20,20
26,5722,2.7068456451275835e-09,0.945322621996127,0.05467737400253817,1.2944886170859097e-09,25,20,20
26,5723,3.518489391351265e-09,0.8753075245754428,0.12469247060722204,1.2988454472552862e-09,25,20,20
26,5724,9.326517052171677e-06,0.8365121919586977,0.16347841152776232,6.999648730695699e-08,25,20,20
26,5725,9.326517052171801e-06,0.8365338260692228,0.1634567774172358,6.99964889589119e-08,25,20,20
26,5726,3.5062436749312493e-09,0.914514483600649,0.08548551194624882,9.468580051335467e-10,25,20,20
26,5727,2.695260908738942e-09,0.9537087665399828,0.04629122982420794,9.405480716193848e-10,25,20,20
26,5728,2.7934183244499976e-09,0.9208975941858603,0.07910240203690672,9.838143906288676e-10,25,20,20
26,5729,2.991857724883128e-09,0.893278418974868,0.10672157696936223,1.0639114122322558e-09,25,20,20
26,5730,1.6697945596407443e-08,0.8184205827923513,0.18157937939799162,2.111171067395865e-08,25,20,20
26,5731,1.6757145501800608e-08,0.8314753922541733,0.1685245698714623,2.111721833252546e-08,25,20,20
26,5732,1.6757452942431132e-08,0.8073697845715874,0.19263017785510644,2.0815852661894827e-08,25,20,20
26,5733,0.01047489278803986,0.7302221715569754,0.2593029032473575,3.240762691850235e-08,25,20,20
26,5734,0.010475542692788964,0.7422340923444013,0.24728675587221757,3.6090905920287424e-06,25,20,20
26,5735,0.010475531896468502,0.7206867347801454,0.2688341242086593,3.609114726333626e-06,25,20,20
26,5736,0.010475531896468502,0.7206867347801454,0.2688341242086593,3.609114726333626e-06,25,20,20
26,5737,0.010475439359011178,0.8018299523087846,0.18769100925868912,3.5990735146893123e-06,25,20,20
26,5738,0.010510495605879761,0.7634084373450989,0.22607352072225523,7.546326765863625e-06,25,20,20
26,5739,0.010515132860677224,0.7874832797835984,0.20199760232318995,3.9850325343333e-06,25,20,20
26,5740,0.010515132868646868,0.813244105850263,0.176236782645646,3.978635443813971e-06,25,20,20
26,5741,4.025682563734674e-05,0.8270536836910013,0.17290171638787943,4.343095481660355e-06,25,20,20
26,5742,4.0253970906010865e-05,0.866212867304936,0.1337425359520261,4.342772132125358e-06,25,20,20
26,5743,4.025397090558142e-05,0.8657915332037806,0.1341638700476852,4.342777628578755e-06,25,20,20
26,5744,5.197803842668285e-06,0.9061741310750786,0.09382026735907571,4.0376200262258454e-07,25,20,20
26,5745,5.291343926736621e-06,0.8894401425320866,0.1105541623619275,4.03762058634849e-07,25,20,20
26,5746,5.291344794472762e-06,0.891127913716966,0.10886639117617662,4.0376206275212997e-07,25,20,20
26,5747,5.2775325878681135e-06,0.8434309501832951,0.15656335941125923,4.128728577471987e-07,25,20,20
26,5748,5.280251504615457e-06,0.8328365049312134,0.16715778453754382,4.3027973800797213e-07,25,20,20
26,5749,5.2802515044137505e-06,0.8328056110767309,0.16718867838647228,4.3028529243596054e-07,25,20,20
26,5750,5.277544760678405e-06,0.8714796867197399,0.12851462254684232,4.1318865717662115e-07,25,20,20
26,5751,7.983238295619529e-08,0.9147543550511031,0.0852451910772335,3.7403928046178427e-07,25,20,20
26,5752,1.181287980189422e-10,0.959102334572044,0.04089766476480992,5.450176884866628e-10,25,20,20
26,5753,9.014198887691052e-10,0.9199040465306448,0.08009595167094749,8.969875943835026e-10,25,20,20
26,5754,9.189446409021176e-10,0.894066687097024,0.10593331108704343,8.969881510798802e-10,25,20,20
26,5755,5.545438385830851e-09,0.8541086894638592,0.1458913035740032,1.4166995958088179e-09,25,20,20
26,5756,5.545221469768227e-09,0.8529032635686549,0.14709672946942734,1.416696625942947e-09,25,20,20
26,5757,5.545206111360315e-09,0.851206758045256,0.14879323499830577,1.4112324116605335e-09,25,20,20
26,5758,5.593477093991979e-09,0.8110990380466532,0.18889929024649912,1.666113370867048e-06,25,20,20
26,5759,1.0298668213730595e-07,0.8112105061489008,0.18675417247315326,0.0020352183912640417,25,20,20
26,5760,1.582381614987001e-07,0.8748279768273942,0.12516921663031236,2.6483041321647457e-06,25,20,20
26,5761,1.5819023753262477e-07,0.876077985276588,0.12391922571492422,2.630818250330991e-06,25,20,20
26,5762,2.5547079916663916e-07,0.8991426820438394,0.1008560786882824,9.837970789149034e-07,25,20,20
26,5763,2.5351326378645556e-07,0.9358363310911821,0.0641624320010665,9.833944876369205e-07,25,20,20
26,5764,1.5623275509015748e-07,0.9544904173874342,0.04550844318858945,9.831912214081943e-07,25,20,20
26,5765,1.5624994034667805e-07,0.9440742400997891,0.05592462016097117,9.834892996369332e-07,25,20,20
26,5766,1.5624995900600742e-07,0.9594977963746223,0.040501063880620344,9.834947983763062e-07,25,20,20
26,5767,1.5624898135518267e-07,0.9210186755143365,0.07897919284424577,1.9753924365813368e-06,25,20,20
26,5768,1.5624898135518267e-07,0.9210186755143365,0.07897919284424577,1.9753924365813368e-06,25,20,20
26,5769,1.5621913527892246e-07,0.9444275408004917,0.055570326979259,1.9760011140342085e-06,25,20,20
26,5770,1.5621913527892246e-07,0.9444275408004917,0.055570326979259,1.9760011140342085e-06,25,20,20
26,5771,1.562191537777408e-07,0.9468077760797031,0.053190092003264924,1.975697878322991e-06,25,20,20
26,5772,1.5621913908023565e-07,0.948045995293636,0.05195187309647888,1.975390746112308e-06,25,20,20
26,5773,1.561706283741247e-07,0.9901622519112669,0.00983660843582598,9.834822789345432e-07,25,20,20
26,5774,1.5617064633237034e-07,0.9896739163643818,0.010324943982691452,9.834822805507314e-07,25,20,20
26,5775,1.5617064633237034e-07,0.9896739163643818,0.010324943982691452,9.834822805507314e-07,25,20,20
26,5776,1.561706465337428e-07,0.9896735390197249,0.01032532132734661,9.834822822013697e-07,25,20,20
26,5777,1.5621859844940588e-07,0.9884239964628909,0.011574863836134082,9.83482376680691e-07,25,20,20
26,5778,2.772202022054977e-09,0.9902273226118399,0.009772673671026246,9.449320043533814e-10,25,20,20
26,5779,3.4294459338297567e-09,0.9728268742364305,0.02717312169072501,6.433986531735053e-10,25,20,20
26,5780,7.304153933110764e-10,0.9745307110920716,0.02546928783175917,3.457540905490717e-10,25,20,20
26,5781,7.301849562921875e-10,0.9933036184395099,0.00669638048469808,3.4560741266894167e-10,25,20,20
26,5782,7.301849537143601e-10,0.993325494843034,0.006674504081173839,3.4560741360525807e-10,25,20,20
26,5783,7.301848881069453e-10,0.9933169779021724,0.006683021022035367,3.4560741324057223e-10,25,20,20
26,5784,7.301924414513004e-10,0.9933372878425586,0.006662711087098705,3.4015048096474134e-10,25,20,20
26,5785,7.301780324470331e-10,0.9950560642856794,0.004943934643897925,3.4024474046160093e-10,25,20,20
26,5786,7.496127981473415e-10,0.9812530411985246,0.01874695739475941,6.571033208196861e-10,25,20,20
26,5787,2.4913669976787597e-09,0.9669949584841495,0.033005038358582324,6.659012152329872e-10,25,20,20
26,5788,2.4913850372745216e-09,0.9281235766615972,0.07187482663146723,1.5942155503739885e-06,25,20,20
26,5789,2.4913812399455515e-09,0.9281457667456151,0.07185263655301054,1.5942099930281283e-06,25,20,20
26,5790,2.4913814886408475e-09,0.926939009648783,0.07305939364993998,1.5942098954844185e-06,25,20,20
26,5791,2.4913814886408475e-09,0.926939009648783,0.07305939364993998,1.5942098954844185e-06,25,20,20
26,5792,7.709699931858026e-10,0.8964664908865906,0.10353190387650663,1.6044659323622105e-06,25,20,20
26,5793,7.709699931858026e-10,0.8964664908865906,0.10353190387650663,1.6044659323622105e-06,25,20,20
26,5794,7.709699931858026e-10,0.8964664908865906,0.10353190387650663,1.6044659323622105e-06,25,20,20
26,5795,7.370943706798773e-10,0.9118828536199621,0.08811554126441026,1.6043785328768636e-06,25,20,20
26,5796,7.370909492549729e-10,0.9124619903240299,0.08753640456034444,1.604378534318771e-06,25,20,20
26,5797,7.370906203308827e-10,0.9125153647101424,0.08748303049075741,1.6040620092461511e-06,25,20,20
26,5798,7.372627144348446e-10,0.9514075112607635,0.04859247749507567,1.0506898049834148e-08,25,20,20
26,5799,7.298034159345278e-10,0.9688793243629021,0.0311206745653535,3.419412789394176e-10,25,20,20
26,5800,2.0323028941983483e-08,0.9753917547296288,0.024607722770020685,5.021773217439976e-07,25,20,20
26,5801,2.0323021389617242e-08,0.9732369926869927,0.026762484818218957,5.021717672230775e-07,25,20,20
26,5802,2.0323021389617242e-08,0.9732369926869927,0.026762484818218957,5.021717672230775e-07,25,20,20
26,5803,7.302747341255533e-10,0.9749790168088068,0.025020981952210454,5.087081274153544e-10,25,20,20
26,5804,7.302747341255533e-10,0.9749790168088068,0.025020981952210454,5.087081274153544e-10,25,20,20
26,5805,7.350756798633183e-10,0.8963915949248221,0.10360837586728162,2.8472820442848312e-08,25,20,20
26,5806,7.350612309812844e-10,0.8981330940315576,0.10186687676055667,2.8472824616554574e-08,25,20,20
26,5807,7.495304644083332e-10,0.8966459611089352,0.10335403726920343,8.723308108322366e-10,25,20,20
26,5808,2.6717300372000817e-06,0.8566683868754977,0.1433289194660201,2.1928444888330888e-08,25,20,20
26,5809,2.674486805822664e-06,0.85578365473302,0.14421364854213958,2.2238034265026052e-08,25,20,20
26,5810,2.6744820210004784e-06,0.8954887790110182,0.10450852426892313,2.2238037650650078e-08,25,20,20
26,5811,3.5126745677437593e-09,0.9350501553253,0.06494982286035153,1.830167402022021e-08,25,20,20
26,5812,3.5137103712298377e-09,0.8941298930109651,0.10587006768225266,3.5793072111457126e-08,25,20,20
26,5813,3.5137103712298377e-09,0.8941298930109651,0.10587006768225266,3.5793072111457126e-08,25,20,20
26,5814,4.211834499117646e-06,0.8722262266230545,0.12776893107348858,6.30468957707607e-07,25,20,20
26,5815,3.5089970932563775e-09,0.85874245272285,0.1412574034763536,1.4029179960541022e-07,25,20,20
26,5816,3.506081969289674e-09,0.8937781040010839,0.10622175225248631,1.402403481517618e-07,25,20,20
26,5817,3.504734919874646e-09,0.9043372023765008,0.09566265387841608,1.402403485272352e-07,25,20,20
26,5818,3.498855440108498e-09,0.944253409619511,0.05574656843356712,1.8448066641116712e-08,25,20,20
26,5819,3.498942100822251e-09,0.991395379953999,0.008604598093492658,1.845356676064387e-08,25,20,20
26,5820,3.4989507314867587e-09,0.9522806593796364,0.04771931867107626,1.8450336744083045e-08,25,20,20
26,5821,3.497900029541286e-09,0.9535525559901457,0.046447439553110745,9.588436528740522e-10,25,20,20
26,5822,3.4982025188452797e-09,0.9659342239026681,0.034065493859986466,2.7873914329313437e-07,25,20,20
26,5823,3.4982025188452797e-09,0.9659342239026681,0.034065493859986466,2.7873914329313437e-07,25,20,20
26,5824,7.423016589798263e-10,0.966805992477701,0.033193728344889706,2.7843510789763097e-07,25,20,20
26,5825,7.305227122482855e-10,0.9663309553470625,0.0336687654909097,2.784315055142384e-07,25,20,20
26,5826,7.411955811006292e-10,0.9933457786142352,0.006654219692785537,9.517839980619318e-10,25,20,20
26,5827,3.5576624196404233e-09,0.989856711264829,0.010143283909470795,1.2680382249483578e-09,25,20,20
26,5828,2.8536563637270233e-09,0.9711354591103583,0.02886452686330451,1.1172680933804108e-08,25,20,20
26,5829,4.973418879433498e-08,0.9019217002184335,0.09807823878551904,1.1261858240468393e-08,25,20,20
26,5830,4.973484041823976e-08,0.9315209140570311,0.06847902535422748,1.0853901168453829e-08,25,20,20
26,5831,4.971103486380298e-08,0.9316243404033828,0.06837559934349113,1.0542091542236865e-08,25,20,20
26,5832,4.974592279887337e-08,0.9316775502857075,0.06832238912303969,1.0845330513556688e-08,25,20,20
26,5833,9.3125848580454e-08,0.8647444461775315,0.13525517208490104,2.8861171890865764e-07,25,20,20
26,5834,6.19045199902674e-11,0.9134919196257171,0.08650806978336112,1.0529017046836136e-08,25,20,20
26,5835,6.198870559021816e-11,0.9129849058851591,0.08701508352178494,1.0531066996913033e-08,25,20,20
26,5836,6.198502736306902e-11,0.9129535575654261,0.0870464318416192,1.0530969579080697e-08,25,20,20
26,5837,6.16773237608276e-11,0.9901812820208952,0.00981871698252793,9.34899569325839e-10,25,20,20
26,5838,6.170295195080451e-11,0.9492653061459931,0.050734692207609025,1.58469456919892e-09,25,20,20
26,5839,8.90505662217845e-10,0.8857396151592722,0.114260382545777,1.4044450953962534e-09,25,20,20
26,5840,8.90505662217845e-10,0.8857396151592722,0.114260382545777,1.4044450953962534e-09,25,20,20
26,5841,8.90505662217845e-10,0.8857396151592722,0.114260382545777,1.4044450953962534e-09,25,20,20
26,5842,1.2306476053239904e-09,0.8896901165996429,0.11030988087890156,1.2908078252792592e-09,25,20,20
26,5843,2.7543040022264805e-06,0.8256049491598461,0.17437430303770424,1.7993498447290318e-05,25,20,20
26,5844,3.0323458542449554e-06,0.7873366520049631,0.20920098988715907,0.00345932576202306,25,20,20
26,5845,2.7948339858264706e-06,0.7473905932247491,0.17539879008287604,0.07720782185838845,25,20,20
26,5846,2.7541453784333464e-06,0.825097860499008,0.13488301692625335,0.04001636842936024,25,20,20
26,5847,2.7674707065311104e-06,0.9033780747057114,0.09658207543298919,3.7082390592764595e-05,25,20,20
26,5848,2.767126805641738e-06,0.9221444080856096,0.07781574239984627,3.7082387738252145e-05,25,20,20
26,5849,2.7671377155806075e-06,0.9217346599613089,0.07822549020639454,3.7082694580956785e-05,25,20,20
26,5850,2.7779699469158717e-06,0.8817350874689015,0.11822498250569112,3.7152055460185414e-05,25,20,20
26,5851,2.5082280483650564e-08,0.8946801436465384,0.1053003014439434,1.952982723713739e-05,25,20,20
26,5852,2.508314868925481e-08,0.894661557695523,0.10531888707740145,1.953014392621235e-05,25,20,20
26,5853,2.4417163946152927e-08,0.8577515347099377,0.1422289110273347,1.9529845563339255e-05,25,20,20
26,5854,2.44207595139976e-08,0.7917581152385518,0.20820433178922482,3.7528551463585446e-05,25,20,20
26,5855,1.3618936968435258e-08,0.818022937950293,0.18193958954010458,3.745889066492298e-05,25,20,20
26,5856,1.3618936968435258e-08,0.818022937950293,0.18193958954010458,3.745889066492298e-05,25,20,20
26,5857,2.9353720085179584e-10,0.8447135422435749,0.1552684527434869,1.8004719400607057e-05,25,20,20
26,5858,2.9353720085179584e-10,0.8447135422435749,0.1552684527434869,1.8004719400607057e-05,25,20,20
26,5859,1.2899057411804663e-09,0.8197556586372893,0.18022597138493812,1.8368687866377662e-05,25,20,20
26,5860,2.9268402721432756e-10,0.8451812021536373,0.15480079283446824,1.8004719209434957e-05,25,20,20
26,5861,6.135957317190116e-09,0.8312093514924139,0.1686946720210399,9.597035058834514e-05,25,20,20
26,5862,2.586917422372741e-10,0.8849216891869394,0.11507828688034322,2.3674024869576655e-08,25,20,20
26,5863,6.6583984005599555e-06,0.8449222563786755,0.1526409436537652,0.0024301415691579922,25,20,20
26,5864,6.6583984005599555e-06,0.8449222563786755,0.1526409436537652,0.0024301415691579922,25,20,20
26,5865,6.661352046617627e-06,0.8435105334927938,0.1512968474103595,0.005185957744799231,25,20,20
26,5866,7.393270603277292e-10,0.8404366184567651,0.15956332835211426,5.245179225056305e-08,25,20,20
26,5867,1.4962984594143087e-05,0.7505534078926075,0.24943158152439962,4.7598399060557005e-08,25,20,20
26,5868,1.4962984594143087e-05,0.7505534078926075,0.24943158152439962,4.7598399060557005e-08,25,20,20
26,5869,5.29175103043067e-10,0.8139999478690426,0.1860000043278328,4.7273948908646905e-08,25,20,20
26,5870,5.243878020239627e-10,0.8919581239732709,0.10804182822814612,4.7274194898404535e-08,25,20,20
26,5871,4.94742347557511e-10,0.9069183471249239,0.09308160529520433,4.708512932043267e-08,25,20,20
26,5872,4.94742347557511e-10,0.9069183471249239,0.09308160529520433,4.708512932043267e-08,25,20,20
26,5873,4.9575954410082e-10,0.8686518020536869,0.13134815036530864,4.7085243952139237e-08,25,20,20
26,5874,4.947463036887127e-10,0.9461032777229798,0.053896657424278065,6.435799579261906e-08,25,20,20
26,5875,4.947463036887127e-10,0.9461032777229798,0.053896657424278065,6.435799579261906e-08,25,20,20
26,5876,4.947057354829616e-10,0.97142338974846,0.028576545394943566,6.43618907018351e-08,25,20,20
26,5877,4.944920114512505e-10,0.9696582989014986,0.030341636553256814,6.405075237689048e-08,25,20,20
26,5878,4.455625876223883e-10,0.971992894642056,0.02800707593488144,2.8977500203401283e-08,25,20,20
26,5879,4.335894540084978e-10,0.9698089985996502,0.030190972285747998,2.86810123274409e-08,25,20,20
26,5880,2.736451715021486e-12,0.9865196137690069,0.01348038588318605,3.450705227700177e-10,25,20,20
26,5881,2.9517773366526777e-12,0.989520837082685,0.010479162563641849,3.507211732198655e-10,25,20,20
26,5882,3.308943792076031e-11,0.973325010470431,0.026674989151351785,3.451276453882308e-10,25,20,20
26,5883,3.3307646607886415e-11,0.9450909933180769,0.05490900630201967,3.465955515190319e-10,25,20,20
26,5884,2.928263494509116e-12,0.9592906019986976,0.04070939764644994,3.5192402650040844e-10,25,20,20
26,5885,2.928263494509116e-12,0.9592906019986976,0.04070939764644994,3.5192402650040844e-10,25,20,20
26,5886,3.8665215256044124e-10,0.9684880882785165,0.031511910984323974,3.5050731567271393e-10,25,20,20
26,5887,3.8702059704128906e-10,0.944351956720492,0.05564767857839751,3.6431408946030494e-07,25,20,20
26,5888,7.616595705637889e-10,0.9113939920553272,0.0886056330942779,3.7408873465011695e-07,25,20,20
26,5889,7.621055646802224e-10,0.8926611508554096,0.10733847429079806,3.74091686237115e-07,25,20,20
26,5890,7.617229700488265e-10,0.8897633900371871,0.11023659907674435,1.0124344921406423e-08,25,20,20
26,5891,4.1545383482414034e-10,0.9219036363921572,0.07809633539670091,2.7795687944669177e-08,25,20,20
26,5892,4.0697943107844326e-11,0.9693471028012393,0.030652878949423853,1.8208638845464373e-08,25,20,20
26,5893,1.9636033863135995e-08,0.950577181195221,0.049422780962810844,1.82059341654314e-08,25,20,20
26,5894,2.923520907415058e-11,0.8930162119441295,0.10698376982283059,1.820380402200484e-08,25,20,20
26,5895,2.9226332750996594e-11,0.9318851252105221,0.06811485655644836,1.8203803035678893e-08,25,20,20
26,5896,6.034539185434965e-05,0.9090566579068833,0.09088296971392434,2.6987337356241243e-08,25,20,20
26,5897,6.0345391026907535e-05,0.9090566654256476,0.09088296220130902,2.6982015764310543e-08,25,20,20
26,5898,6.03454132093332e-05,0.8870348654367604,0.11290430048126021,4.886687693381641e-07,25,20,20
26,5899,7.645965192414532e-11,0.9040198228927232,0.09598017637906155,6.517550309594459e-10,25,20,20
26,5900,4.1555948624527426e-09,0.8652199304761308,0.13478006471005816,6.582157100640176e-10,25,20,20
26,5901,4.150838543954892e-09,0.9137396480368046,0.0862603471510047,6.613517072667778e-10,25,20,20
26,5902,4.150184630414675e-09,0.9131487578242088,0.08685121958884298,1.8436762910851263e-08,25,20,20
26,5903,4.3956595327032745e-09,0.8740758591317356,0.12592413582023268,6.523717399520666e-10,25,20,20
26,5904,4.3890893157489464e-09,0.8928157637829754,0.10718423117005833,6.578764279150581e-10,25,20,20
26,5905,4.3882781210928354e-09,0.8933796750776563,0.10662031955966056,9.744046559779082e-10,25,20,20
26,5906,4.3882781210928354e-09,0.8933796750776563,0.10662031955966056,9.744046559779082e-10,25,20,20
26,5907,5.0345233599284036e-09,0.8928028629959186,0.10719713129130407,6.782535768978001e-10,25,20,20
26,5908,5.0345083458345e-09,0.89285600758582,0.10714398701794295,3.617285056462469e-10,25,20,20
26,5909,4.776794476642174e-09,0.9063344282484093,0.0936655666206568,3.5413865802852245e-10,25,20,20
26,5910,6.472787548440215e-06,0.8687567232273834,0.13123679719668224,6.788385622524876e-09,25,20,20
26,5911,6.47278739574458e-06,0.8616613752145098,0.13833214521262718,6.785466842885566e-09,25,20,20
26,5912,6.472786525677003e-06,0.8236750415501579,0.1763184788811078,6.782207727760111e-09,25,20,20
26,5913,6.4744235609241935e-06,0.8082980540836698,0.19169546032406198,1.1168706540919468e-08,25,20,20
26,5914,6.47209235624607e-06,0.8103133720064137,0.18968013515709561,2.074413377916891e-08,25,20,20
26,5915,4.0820037445401515e-09,0.8753486559877861,0.12465133891031911,1.0198906186442187e-09,25,20,20
26,5916,1.522738221294492e-11,0.9140790871263063,0.08592091184496495,1.0135007527164013e-09,25,20,20
26,5917,9.860912340302087e-08,0.9366726721191283,0.063327227959081,1.3126670615693226e-09,25,20,20
26,5918,9.866986629978104e-08,0.936018121371257,0.06398177863516195,1.323714648071373e-09,25,20,20
26,5919,3.4896874532035647e-07,0.897116753153935,0.1028826719350989,2.2594222043037186e-07,25,20,20
26,5920,3.4896876085872326e-07,0.8983755950964943,0.10162383029576144,2.2563898304745191e-07,25,20,20
26,5921,2.1473632654507456e-06,0.8380302606974442,0.1612532368112272,0.0007143551280629642,25,20,20
26,5922,2.1473622508257356e-06,0.8780294389035282,0.12125405897644846,0.0007143547577722669,25,20,20
26,5923,2.1577895094166867e-06,0.8466252848800919,0.15265820288360485,0.0007143544467938574,25,20,20
26,5924,6.980539360464031e-06,0.8066259263483954,0.19265271965023156,0.0007143734620124612,25,20,20
26,5925,6.970113971062539e-06,0.836253822197558,0.16302483422792582,0.0007143734605453596,25,20,20
26,5926,6.970113971062539e-06,0.836253822197558,0.16302483422792582,0.0007143734605453596,25,20,20
26,5927,1.90925997229669e-07,0.8777213234212208,0.12227819685390952,2.8879887245047883e-07,25,20,20
26,5928,1.909121423363496e-07,0.8649097374128096,0.1350900542558811,1.7419166737985425e-08,25,20,20
26,5929,9.23182414391576e-08,0.8803555674417624,0.11964432281868324,1.7421312872772787e-08,25,20,20
26,5930,1.1457400432457228e-05,0.8008187868209875,0.1991697361886561,1.958992436781074e-08,25,20,20
26,5931,1.9439460877841895e-08,0.8804131920233982,0.11958677931239393,9.224747252675252e-09,25,20,20
26,5932,1.9442934958667505e-08,0.8804040251713022,0.11959594616092137,9.224841713887687e-09,25,20,20
26,5933,1.9442953203190206e-08,0.8797777165260642,0.12022225481169617,9.219286739655532e-09,25,20,20
26,5934,6.39227433947157e-11,0.9463810209974238,0.05361897158050895,7.358144785946003e-09,25,20,20
26,5935,6.372353814824588e-11,0.947640011836118,0.0523599810546048,7.04555404491528e-09,25,20,20
26,5936,6.956186480476359e-11,0.902578135577399,0.09742185744596954,6.9070697329953604e-09,25,20,20
26,5937,0.0002912555079874067,0.842764180974757,0.15694342505378625,1.1384634693044875e-06,25,20,20
26,5938,0.00014773941715935163,0.8435300449906387,0.1563221887909129,2.680128894930119e-08,25,20,20
26,5939,0.0001477783543375317,0.8581740179553394,0.14167818320261238,2.0487710403559515e-08,25,20,20
26,5940,0.00014777835452406206,0.8199565336874518,0.1798956466612683,4.129675479424348e-08,25,20,20
26,5941,3.8999224708978736e-08,0.9527565365363283,0.04724340405712179,2.0407325047037556e-08,25,20,20
26,5942,3.899879057186458e-08,0.9924255664775865,0.007574394175837754,3.4778520214908995e-10,25,20,20
26,5943,3.9046960278839394e-08,0.98946687030066,0.01053309029918492,3.5319475503359417e-10,25,20,20
26,5944,8.337611019708731e-07,0.9221630835544109,0.0778360823328577,3.516294503817184e-10,25,20,20
26,5945,8.3371459932832e-07,0.9226417359406185,0.07735742999837672,3.4640545934356424e-10,25,20,20
26,5946,8.337156346364442e-07,0.9230151231524762,0.07698404279088603,3.410029397483014e-10,25,20,20
26,5947,8.337156346364442e-07,0.9230151231524762,0.07698404279088603,3.410029397483014e-10,25,20,20
26,5948,8.337156346364442e-07,0.9230151231524762,0.07698404279088603,3.410029397483014e-10,25,20,20
26,5949,8.329723305536266e-07,0.954285658267684,0.045713508722239116,3.774622739779311e-11,25,20,20
26,5950,8.329715034788641e-07,0.9542941704550054,0.045704996535839246,3.765174535485751e-11,25,20,20
26,5951,8.329719513714886e-07,0.935559550193053,0.06443961663457047,2.0042484110665149e-10,25,20,20
26,5952,7.93984289534209e-07,0.9379662374462348,0.062032968374177704,1.9529770532771603e-10,25,20,20
26,5953,7.939848248451384e-07,0.9225287265256749,0.07747047929078957,1.9871043380931006e-10,25,20,20
26,5954,1.0699862992435922e-06,0.8467781721241506,0.15322074945365396,8.435895837055466e-09,25,20,20
26,5955,5.398439049007165e-06,0.8086487450918121,0.19134585000869916,6.460439021791702e-09,25,20,20
26,5956,7.962506973904677e-07,0.8718483037075373,0.12814991850444174,9.815373231256919e-07,25,20,20
26,5957,2.9337116523195512e-09,0.873430374230564,0.1265132834161179,5.6339419606106436e-05,25,20,20
26,5958,2.945936808466438e-09,0.8741983774046562,0.1257452802243023,5.633942510443437e-05,25,20,20
26,5959,1.4434547762204445e-11,0.8946612321759945,0.10533779248471038,9.753248600234933e-07,25,20,20
26,5960,2.7460650312974488e-11,0.8942766949434907,0.10552371033338602,0.00019959469566214514,25,20,20
26,5961,2.7460650312974488e-11,0.8942766949434907,0.10552371033338602,0.00019959469566214514,25,20,20
26,5962,1.6407244663644152e-11,0.8688587192605204,0.13094168591502106,0.0001995948080510403,25,20,20
26,5963,1.5621336244659206e-11,0.9087946293879681,0.0912043950149731,9.755814376454316e-07,25,20,20
26,5964,3.4712240913915166e-12,0.9075989940920569,0.09240003063964519,9.752648268007141e-07,25,20,20
26,5965,1.856100394228721e-11,0.8876853395357859,0.11231368518637842,9.75259274523604e-07,25,20,20
26,5966,3.783096235403087e-12,0.9246812191038597,0.07531780532453053,9.755678265569216e-07,25,20,20
26,5967,1.0027555621420644e-11,0.9317884209450789,0.06821060348256905,9.755623241502888e-07,25,20,20
26,5968,2.1851573721852934e-11,0.9471767747337467,0.052822249679937795,9.75564463374388e-07,25,20,20
26,5969,2.893709115550602e-11,0.9342500643082181,0.06574896020761761,9.754552268020216e-07,25,20,20
26,5970,2.893709115550602e-11,0.9342500643082181,0.06574896020761761,9.754552268020216e-07,25,20,20
26,5971,1.0597422573460409e-09,0.9441142012365888,0.055884815289588295,9.824140802439467e-07,25,20,20
26,5972,1.0589149567261887e-09,0.919942249097747,0.08005676742931636,9.824140212626715e-07,25,20,20
26,5973,1.0595716874185937e-09,0.9444820237027572,0.05551699282534357,9.824123271942573e-07,25,20,20
26,5974,2.1555110709405447e-11,0.9460902384702753,0.053909760738701996,7.694670998050582e-10,25,20,20
26,5975,2.134523884876587e-11,0.9467209177275809,0.05327908148698001,7.640933117355985e-10,25,20,20
26,5976,1.5897445598967765e-07,0.949147003342598,0.050852836913129765,7.698157622499757e-10,25,20,20
26,5977,1.5896789376342548e-07,0.9679567079177653,0.03204313234447828,7.69862282197146e-10,25,20,20
26,5978,1.5898023294846645e-07,0.9691634097468349,0.03083643049368101,7.792507614464103e-10,25,20,20
26,5979,1.5893167506349565e-07,0.9937850927218171,0.006214747684944022,6.61563446256144e-10,25,20,20
26,5980,1.5891931093334532e-07,0.9934434719887547,0.006556351208122056,1.7883812236010702e-08,25,20,20
26,5981,1.5891843953202264e-07,0.9900388499690057,0.009960973223848861,1.7888705948874128e-08,25,20,20
26,5982,1.589359916545425e-07,0.9384027541180953,0.06159706265836418,2.4287548447410995e-08,25,20,20
26,5983,1.5893686973765745e-07,0.9388363032502908,0.061163513208794956,2.4604044302527347e-08,25,20,20
26,5984,1.5893686980449613e-07,0.9388289566576539,0.06117085980133573,2.460414012524268e-08,25,20,20
26,5985,1.5891895878278097e-07,0.9634268637964896,0.036572959088203724,1.8196347559979064e-08,25,20,20
26,5986,5.0112519014585116e-11,0.9382485694684405,0.06175141217837855,1.830306791600936e-08,25,20,20
26,5987,3.176264758414897e-09,0.9006686948509209,0.09933128365247323,1.8320341019268773e-08,25,20,20
26,5988,4.118922817287809e-08,0.8613404746030692,0.13865946588210984,1.8325593038300448e-08,25,20,20
26,5989,4.1189232244387223e-08,0.8613077366336264,0.1386922038459943,1.8331147296210308e-08,25,20,20
26,5990,1.3037838377652716e-05,0.7839049588180884,0.21608198493508313,1.8408449498681254e-08,25,20,20
26,5991,1.3034712460359254e-05,0.8226907138400066,0.17729623303974487,1.8407787289779646e-08,25,20,20
26,5992,1.8660482173157717e-06,0.8625868743410622,0.1374112415954621,1.8015258056262922e-08,25,20,20
26,5993,2.8453545706398033e-09,0.9680879260379307,0.031912035433209855,3.5683504848951534e-08,25,20,20
26,5994,4.331956395023851e-10,0.8736127095172285,0.12636524689078515,2.204315879059105e-05,25,20,20
26,5995,1.1955438050911197e-10,0.8581574837371394,0.14184249783285338,1.831045232750079e-08,25,20,20
26,5996,5.4953577186214705e-09,0.8435830140239474,0.15641696228641955,1.819427469367975e-08,25,20,20
26,5997,0.0023066119270234737,0.803072738012293,0.1944133360602346,0.00020731400044786768,25,20,20
26,5998,7.776802925843505e-05,0.862730641632551,0.13719157210842636,1.822976369274992e-08,25,20,20
26,5999,7.776794725665926e-05,0.9020769501192102,0.09784526370408826,1.8229444421506812e-08,25,20,20
26,6000,7.776794640299016e-05,0.8632036293298542,0.13671855652496104,4.619878112205164e-08,25,20,20
26,6001,7.776797692408442e-05,0.8480675547147453,0.1518546311061944,4.620213561639961e-08,25,20,20
26,6002,3.280515032170938e-11,0.8820596032696839,0.11794035054327871,4.615423171145733e-08,25,20,20
26,6003,3.2804964004655626e-11,0.8837155375416065,0.11628441657469026,4.585089792497981e-08,25,20,20
26,6004,3.365683312040808e-11,0.8855852869460566,0.11441466717461012,4.584567580660878e-08,25,20,20
26,6005,3.389466587296915e-08,0.8307524150448944,0.16643319308410726,0.0028143579763316683,25,20,20
26,6006,3.3894604652844e-08,0.859490613792208,0.1376949943367848,0.0028143579764017563,25,20,20
26,6007,3.3894604652844e-08,0.859490613792208,0.1376949943367848,0.0028143579764017563,25,20,20
26,6008,3.3894604652844e-08,0.859490613792208,0.1376949943367848,0.0028143579764017563,25,20,20
26,6009,3.389654407360604e-08,0.7430134727073474,0.21417687206582145,0.042809621330285284,25,20,20
26,6010,3.389687581548857e-08,0.7160388161659043,0.24105512214978447,0.04290602778743348,25,20,20
26,6011,1.2218261876273734e-05,0.7259184776758538,0.23390070110035027,0.04016860296191786,25,20,20
26,6012,1.2218261866559145e-05,0.7001174109509134,0.2597017678234265,0.04016860296379108,25,20,20
26,6013,0.0006522311306375663,0.7114846302270782,0.2478678570115019,0.03999528163078066,25,20,20
26,6014,0.0006576433083504175,0.7512245395964989,0.24811555356438297,2.2635307665113013e-06,25,20,20
26,6015,1.348252946139681e-05,0.710865756859297,0.2890674533651624,5.3307246077642214e-05,25,20,20
26,6016,2.1484370824505135e-05,0.7484743383138234,0.24917644244580586,0.0023277348695451435,25,20,20
26,6017,2.1484370824570662e-05,0.7484737946115184,0.2491769861426507,0.0023277348750050508,25,20,20
26,6018,1.9891633248956175e-05,0.8274787543726538,0.17250061378374715,7.402103499154524e-07,25,20,20
26,6019,5.412274014123732e-06,0.8674466949447922,0.13254726657539415,6.262057991819483e-07,25,20,20
26,6020,5.4122740088789386e-06,0.8932622342953711,0.10673172722678922,6.262038302016075e-07,25,20,20
26,6021,5.412289677257897e-06,0.8659362571892253,0.1340577043227257,6.261983711282865e-07,25,20,20
26,6022,5.412243489406506e-06,0.9067047407637041,0.09328922079779448,6.261950113527884e-07,25,20,20
26,6023,5.412243489157084e-06,0.908391346824122,0.09160261474269835,6.261896897067998e-07,25,20,20
26,6024,1.5420384317148977e-07,0.9473873114562467,0.052612498510202076,3.5829707602141183e-08,25,20,20
26,6025,1.5420299956632463e-07,0.9495187999714481,0.050481010001165075,3.582438698370936e-08,25,20,20
26,6026,2.1623930859844817e-07,0.8841697969904578,0.11582995090567212,3.5864560279789815e-08,25,20,20
26,6027,1.593543889514352e-07,0.8795434025534644,0.12045640222949316,3.5862652248195625e-08,25,20,20
26,6028,1.5416646176287187e-07,0.9177556393827231,0.08224417062115234,3.582966169850827e-08,25,20,20
26,6029,7.747567102131363e-11,0.8940863446378025,0.10591363676838009,1.8516340916053888e-08,25,20,20
26,6030,8.976026140856363e-11,0.8940260127091709,0.10597396360294661,2.35981213542156e-08,25,20,20
26,6031,9.32320244034378e-11,0.8664886238086595,0.13351135249998733,2.3598120192311984e-08,25,20,20
26,6032,7.779928838949059e-11,0.9216442625608959,0.07835571376487821,2.359642587083875e-08,25,20,20
26,6033,7.792672271247301e-11,0.8741043148666222,0.12589565638254055,2.867290975368254e-08,25,20,20
26,6034,7.817308736956382e-11,0.891607262932036,0.1083927083168106,2.8672979828366073e-08,25,20,20
26,6035,7.817309323018004e-11,0.8916074160018184,0.10839255524702646,2.8672981539292125e-08,25,20,20
26,6036,7.729337973547871e-11,0.9182532150566568,0.08174676126959517,2.3596454198538138e-08,25,20,20
26,6037,7.725505930244635e-11,0.8927269418239924,0.10727144591886015,1.6121798917541922e-06,25,20,20
26,6038,7.733983776521228e-11,0.9097883475687297,0.09021003987082077,1.6124831089129966e-06,25,20,20
26,6039,6.498900985783694e-11,0.908593842232184,0.09140454521987999,1.6124829459059065e-06,25,20,20
26,6040,6.357726346666691e-11,0.9492106044999511,0.050789376822983796,1.861348708870583e-08,25,20,20
26,6041,6.334501486128321e-11,0.9491201369395887,0.0508798622444247,7.526412224387759e-10,25,20,20
26,6042,6.248081923915362e-11,0.9485401758422662,0.051459823342707045,7.525454273061719e-10,25,20,20
26,6043,7.470034162924999e-11,0.9639038117780184,0.036096187075971245,1.0713096146291269e-09,25,20,20
26,6044,7.470433921392512e-11,0.9643822530485694,0.03561772830325927,1.8573466682363035e-08,25,20,20
26,6045,7.494190488297578e-11,0.9257504992751006,0.07424948207022053,1.857973650836418e-08,25,20,20
26,6046,3.4577636804216025e-09,0.8899467318988727,0.11005324603704797,1.8606314847536735e-08,25,20,20
26,6047,7.702822409213861e-10,0.9135132780071903,0.08648670232712785,1.889539889690084e-08,25,20,20
26,6048,7.699840434949942e-10,0.9645491500844254,0.035450830357045465,1.878854466090836e-08,25,20,20
26,6049,3.99881260763081e-08,0.9451492477097249,0.05485067666516516,3.5636983426352685e-08,25,20,20
26,6050,3.99881260763081e-08,0.9451492477097249,0.05485067666516516,3.5636983426352685e-08,25,20,20
26,6051,3.9988174671681076e-08,0.9065520493820469,0.0934478746349508,3.599482709529628e-08,25,20,20
26,6052,1.0038653586138462e-07,0.8289733358510886,0.11316540511719728,0.05786115864517764,25,20,20
26,6053,3.930547584108825e-08,0.8418087894474655,0.1183972340077482,0.039793937239309775,25,20,20
26,6054,4.827442797220512e-08,0.8018317890744038,0.1583742254161533,0.03979393723501418,25,20,20
26,6055,4.790163800195063e-08,0.8070164349150005,0.15133541589906782,0.041648101284293186,25,20,20
26,6056,4.939602601780811e-08,0.788834592156435,0.1695172653752001,0.04164809307233842,25,20,20
26,6057,4.939576363034723e-08,0.8280417293658461,0.130310128523897,0.041648092714493094,25,20,20
26,6058,4.043496749471301e-08,0.8784420345884153,0.12047344351849272,0.0010844814581242562,25,20,20
26,6059,4.043498226125492e-08,0.8772034394066407,0.12171203870015984,0.0010844814582170765,25,20,20
26,6060,4.0434964177759426e-08,0.8776836024037405,0.12123187569239581,0.0010844814688992792,25,20,20
26,6061,0.01519269738023816,0.9250057937473689,0.05980148963955579,1.9232836941545236e-08,25,20,20
26,6062,0.015192697380237903,0.9250159783808749,0.05979130500595416,1.9232932783206555e-08,25,20,20
26,6063,0.015192698054829373,0.9491507037138764,0.03565657911069129,1.9120602720169926e-08,25,20,20
26,6064,7.234054509216179e-08,0.9050814331464465,0.09491847579869438,1.871431385575035e-08,25,20,20
26,6065,8.386343037199362e-08,0.9052062049464498,0.09479255891860533,1.1522715144196658e-06,25,20,20
26,6066,3.959594802714255e-08,0.9444325924328325,0.05556734952049758,1.8450721596660736e-08,25,20,20
26,6067,3.891180826280022e-08,0.9186359097622798,0.08136403318868121,1.813723057002924e-08,25,20,20
26,6068,3.890833535520786e-08,0.9186048754533539,0.08139506242455187,2.3213758727350442e-08,25,20,20
26,6069,3.893782866716999e-08,0.902490684089915,0.09750925407171022,2.2900545949883915e-08,25,20,20
26,6070,3.9107362910785686e-08,0.9139885608318982,0.0860113771599382,2.2900800886656914e-08,25,20,20
26,6071,3.910695465233647e-08,0.9150556499622331,0.08494428803542885,2.2895383532197664e-08,25,20,20
26,6072,3.910781791056256e-08,0.9437768780257382,0.05622306504193812,1.782450579272075e-08,25,20,20
26,6073,3.910781791056256e-08,0.9437768780257382,0.05622306504193812,1.782450579272075e-08,25,20,20
26,6074,3.8909608168283354e-08,0.9707202566550219,0.029279686616351924,1.781901798046236e-08,25,20,20
26,6075,3.89408508186047e-08,0.9552456075285263,0.044754335706028915,1.782459408178174e-08,25,20,20
26,6076,3.891486158015011e-08,0.9449141883430052,0.05508574851510299,2.4227030312356256e-08,25,20,20
26,6077,2.7323983028033032e-11,0.9037833575578421,0.09621663523290619,7.1819276167949125e-09,25,20,20
26,6078,2.7323983028033032e-11,0.9037833575578421,0.09621663523290619,7.1819276167949125e-09,25,20,20
26,6079,6.66500152223554e-11,0.9728760744884123,0.027123924769636428,6.753014307881648e-10,25,20,20
26,6080,6.640752134618675e-11,0.9910125336439735,0.008987465617176654,6.724426517340941e-10,25,20,20
26,6081,6.6643753624272e-11,0.9529462507917715,0.04705374847461328,6.669709178700819e-10,25,20,20
26,6082,6.577646540962245e-11,0.9529844335934813,0.0470155656792285,6.615133284435126e-10,25,20,20
26,6083,6.579122285029649e-11,0.951736393525687,0.04826360574710392,6.614174640161544e-10,25,20,20
26,6084,1.5689050449938613e-11,0.9511439816487898,0.048856017367725386,9.677955108118494e-10,25,20,20
26,6085,4.6067496931836064e-11,0.936368693096496,0.06363130570058108,1.156854968590738e-09,25,20,20
26,6086,5.201294265688259e-11,0.9165441909378181,0.08345579826476167,1.0745407677941707e-08,25,20,20
26,6087,9.877468676450555e-11,0.9143621479147156,0.0856378412464709,1.0740039459580951e-08,25,20,20
26,6088,1.0555535869662602e-10,0.8677870987059977,0.13221289044557535,1.0742872412811715e-08,25,20,20
26,6089,1.0078215671164058e-10,0.852358382958284,0.14764160619474728,1.0746186951533361e-08,25,20,20
26,6090,1.0554533810897296e-10,0.8677547425649412,0.13224524627021844,1.1059295631809657e-08,25,20,20
26,6091,8.478316542693306e-08,0.8440085624364267,0.15599132459117657,2.8189231424555213e-08,25,20,20
26,6092,5.327763400148307e-06,0.7495124395147569,0.25048163286201214,5.998598308026329e-07,25,20,20
26,6093,5.327756832544913e-06,0.7682397669066043,0.23175431507022634,5.902663364654956e-07,25,20,20
26,6094,0.003389966375774033,0.76985819725743,0.2267512458609094,5.905058865832205e-07,25,20,20
26,6095,5.327757479743522e-06,0.7898241796139713,0.21016990218934878,5.904392000741721e-07,25,20,20
26,6096,5.32775765180934e-06,0.8275208133751124,0.17247326861142484,5.902558107293972e-07,25,20,20
26,6097,5.3277517277075e-06,0.8471162111939842,0.152877870484795,5.905694924115085e-07,25,20,20
26,6098,0.0013432578161226133,0.7952267600764555,0.20339326069553532,3.672141188608831e-05,25,20,20
26,6099,0.0004895936838947494,0.8445953481754203,0.15487833668141324,3.6721459270960336e-05,25,20,20
26,6100,0.0004895090531465136,0.8677132975799792,0.1317604721688559,3.672119801783065e-05,25,20,20
26,6101,0.0004895089847913473,0.8818213407516667,0.11765242906553244,3.672119800879696e-05,25,20,20
26,6102,0.00048427577351250334,0.8600213607783183,0.13945823091887918,3.613252928988908e-05,25,20,20
26,6103,0.0004842757431212734,0.8600227883448568,0.13945680357393403,3.613233808717448e-05,25,20,20
26,6104,0.0004842757431212734,0.8600227883448568,0.13945680357393403,3.613233808717448e-05,25,20,20
26,6105,0.0004842660060056331,0.9120292691008527,0.08745033336192952,3.613153121146342e-05,25,20,20
26,6106,0.00048426665931507044,0.9127703733202466,0.08670921204217448,3.6147978263043364e-05,25,20,20
26,6107,0.00048426663671577414,0.9119407811232628,0.08757493485813184,1.7381888927808544e-08,25,20,20
26,6108,7.508012721641861e-10,0.9028009777978131,0.0971990043741071,1.707727798652248e-08,25,20,20
26,6109,7.507973279910032e-10,0.9328196616526172,0.06718032051923233,1.707735282440739e-08,25,20,20
26,6110,7.402041132481277e-10,0.9235642046652314,0.07643463400694783,1.1605876165985466e-06,25,20,20
26,6111,7.524515823944671e-10,0.949852937729693,0.050145900930048636,1.1605878066214462e-06,25,20,20
26,6112,7.516897340904426e-10,0.9890728900638679,0.010927092096052398,1.7088389782614307e-08,25,20,20
26,6113,7.513037186472862e-10,0.9885671377587021,0.011432844396145845,1.7093848221027595e-08,25,20,20
26,6114,7.033681028411815e-10,0.9910363996025479,0.008963582594771046,1.709931290693564e-08,25,20,20
26,6115,7.10306860298489e-10,0.9797768349413374,0.020223147054511226,1.7293844437693283e-08,25,20,20
26,6116,7.10104048414624e-10,0.9793691127453105,0.020630869261686165,1.728289928513397e-08,25,20,20
26,6117,7.101043212220394e-10,0.9793465863455003,0.020653395661398594,1.728299672498573e-08,25,20,20
26,6118,4.3632725617749285e-11,0.9815184866812884,0.01848151306260883,2.1247027994361978e-10,25,20,20
26,6119,4.3621886002853776e-11,0.9831947708106421,0.016805228933357588,2.1237862796186698e-10,25,20,20
26,6120,4.3610340334475374e-11,0.9836536174531897,0.016346382290916107,2.1228389933564482e-10,25,20,20
26,6121,5.596823947268581e-11,0.983610392305491,0.016389607115293553,5.232472952316455e-10,25,20,20
26,6122,5.596823947268581e-11,0.983610392305491,0.016389607115293553,5.232472952316455e-10,25,20,20
26,6123,5.596823947268581e-11,0.983610392305491,0.016389607115293553,5.232472952316455e-10,25,20,20
26,6124,2.5648583840891793e-11,0.9732253464102508,0.026774653123142818,4.409576777267551e-10,25,20,20
26,6125,1.3294595785915575e-11,0.9715601630374678,0.028439836824800634,1.2443691567752342e-10,25,20,20
26,6126,1.4956627494476677e-11,0.9973118790550454,0.002688120912337002,1.766104531668147e-11,25,20,20
26,6127,1.4942883708207383e-11,0.9715199444939648,0.02848005536665822,1.244342890715235e-10,25,20,20
26,6128,3.011333619733479e-11,0.9425901726178555,0.05739182889329419,1.7998458736806384e-05,25,20,20
26,6129,3.011333619733479e-11,0.9425901726178555,0.05739182889329419,1.7998458736806384e-05,25,20,20
26,6130,1.7017288993115474e-08,0.917634848628022,0.08234712797306061,1.8006381628359902e-05,25,20,20
26,6131,1.7016440080130484e-08,0.9172311239984248,0.0827508519829789,1.8007002156207744e-05,25,20,20
26,6132,1.695553494881425e-08,0.9168406912097541,0.08314128514448887,1.8006690221972384e-05,25,20,20
26,6133,1.6955538749639582e-08,0.9168402739146457,0.08314170243959351,1.8006690221971368e-05,25,20,20
26,6134,3.0088898838946785e-11,0.9670319502640552,0.03295005073901581,1.7998966840160537e-05,25,20,20
26,6135,1.9788452827984343e-11,0.9676031924224009,0.03239680723680348,3.2100730867335235e-10,25,20,20
26,6136,1.5168084226199867e-11,0.9641157074770813,0.03588429218849302,3.192576642964144e-10,25,20,20
26,6137,1.5168084226199867e-11,0.9641157074770813,0.03588429218849302,3.192576642964144e-10,25,20,20
26,6138,1.5107233402966553e-11,0.9928729349727492,0.0071270646928160465,3.1932779900096444e-10,25,20,20
26,6139,7.13338161523039e-10,0.9947496699542362,0.005250329007445944,3.2498003172622665e-10,25,20,20
26,6140,7.140023284150079e-10,0.9943587399265766,0.0056412590235750855,3.3584632981866306e-10,25,20,20
26,6141,7.140060760768166e-10,0.9960689180139839,0.003931080936255622,3.357547076923106e-10,25,20,20
26,6142,7.148662063573637e-10,0.9964894320036918,0.0035105669510901694,3.3035233002231634e-10,25,20,20
26,6143,7.617453213563679e-10,0.9947969488393287,0.005203050068576469,3.303498510786406e-10,25,20,20
26,6144,7.600378586559734e-10,0.9548401174028293,0.04515988151218376,3.249488548606953e-10,25,20,20
26,6145,7.593996322583588e-10,0.9536996333418442,0.046300365271701616,6.270542791531546e-10,25,20,20
26,6146,6.290507240692989e-11,0.9541550653134084,0.045844933996534894,6.271513853119453e-10,25,20,20
26,6147,6.28805596054818e-11,0.9924373831404695,0.007562616169846914,6.268030754784992e-10,25,20,20
26,6148,6.201284629326253e-11,0.9907577728964649,0.00924222642027409,6.212479614617341e-10,25,20,20
26,6149,1.1120120406560085e-10,0.9477443087333276,0.052255672678852866,1.8476618003838096e-08,25,20,20
26,6150,1.1091104458085812e-10,0.9764063464116113,0.023593635001290116,1.8476187376034486e-08,25,20,20
26,6151,1.1175255683510065e-10,0.9751678103286691,0.02483217108339088,1.8476187351619532e-08,25,20,20
26,6152,1.112333667266558e-10,0.9104861211587234,0.0895138602504872,1.8479555216584602e-08,25,20,20
26,6153,1.1088568596976592e-10,0.9206125839739733,0.07938739743745753,1.8477682989571724e-08,25,20,20
26,6154,1.5896693265786737e-10,0.9194650543112776,0.08053490956048198,3.5969273516844927e-08,25,20,20
26,6155,1.5898214265466213e-10,0.9194425975165834,0.08055736603873168,3.628570282292338e-08,25,20,20
26,6156,1.5835445241809817e-10,0.9200324674674019,0.07996749608835063,3.6285893006879384e-08,25,20,20
26,6157,2.1298129820213886e-10,0.8820774032525774,0.1179225605556681,3.5978772866721144e-08,25,20,20
26,6158,2.1365446085271922e-10,0.8666625534728983,0.13333741014716538,3.616628162222081e-08,25,20,20
26,6159,1.0436587491994507e-08,0.8441559611968805,0.15584399218725564,3.617927620306455e-08,25,20,20
26,6160,2.0321049839845993e-07,0.8354198079413651,0.16457995232568873,3.652244718024546e-08,25,20,20
26,6161,1.0390142876166746e-08,0.8532886036866763,0.1467113494274064,3.649577442874796e-08,25,20,20
26,6162,1.0390350910144283e-08,0.8707708614751649,0.1292290741472165,5.398726759731616e-08,25,20,20
26,6163,2.9814715888009362e-09,0.8673273804646258,0.1326725622562532,5.4297649193211615e-08,25,20,20
26,6164,2.9815681200901556e-09,0.896499721236793,0.10350022116765857,5.461397999454428e-08,25,20,20
26,6165,9.203930322183314e-06,0.881984422143613,0.1180063193065507,5.461951369018154e-08,25,20,20
26,6166,9.204777995705052e-06,0.8588618176061169,0.14112892228413682,5.533175015201941e-08,25,20,20
26,6167,1.0464794159076993e-05,0.8192596873276233,0.1807297926740459,5.5204170808591684e-08,25,20,20
26,6168,1.046394658529792e-05,0.8583969411726681,0.14159252289721316,7.198353322969684e-08,25,20,20
26,6169,1.0463897674413287e-05,0.8600972014765078,0.13989229798573186,3.664008562770336e-08,25,20,20
26,6170,1.2628956812112978e-06,0.898833851944694,0.10116484852511841,3.663450604301771e-08,25,20,20
26,6171,1.2600337760184256e-06,0.9400742749317113,0.059924446207539284,1.8826973522821328e-08,25,20,20
26,6172,6.590087064859632e-11,0.9774121403628709,0.0225878409362091,1.8635019049450707e-08,25,20,20
26,6173,1.1447773142489464e-10,0.9761570204350781,0.023842960804582956,1.8645861102493116e-08,25,20,20
26,6174,1.1447773142489464e-10,0.9761570204350781,0.023842960804582956,1.8645861102493116e-08,25,20,20
26,6175,1.1447784532022118e-10,0.9773418716696292,0.02265810956986577,1.8646027223790352e-08,25,20,20
26,6176,5.039845197091629e-09,0.8953631133097075,0.10463673688479429,1.4476565295805368e-07,25,20,20
26,6177,5.989322336347879e-09,0.8843661487111083,0.11561394788927018,1.9897410298932473e-05,25,20,20
26,6178,5.486427548317472e-09,0.8993646139407574,0.10061560878542121,1.977178739416693e-05,25,20,20
26,6179,5.485751696098857e-09,0.9135945862481155,0.08638563667346083,1.9771592671891217e-05,25,20,20
26,6180,4.536288454924495e-09,0.9533574821582331,0.046642494357356935,1.8948121336680496e-08,25,20,20
26,6181,4.487558957313354e-09,0.9544403073971561,0.045559669164325245,1.895095924782896e-08,25,20,20
26,6182,6.548350500035327e-11,0.9916212692803898,0.00837871189665466,1.87574718507401e-08,25,20,20
26,6183,6.37785757426898e-11,0.9918023765845746,0.008197604293001183,1.905864564792917e-08,25,20,20
26,6184,1.4355680590600201e-11,0.993073363493164,0.0069266177465165234,1.8745963755014007e-08,25,20,20
26,6185,2.6534544571747166e-11,0.9924410251408752,0.007558956086530452,1.8746059734539425e-08,25,20,20
26,6186,2.676350372187423e-11,0.9659870628654879,0.03401291857918499,1.8528563261873745e-08,25,20,20
26,6187,2.7648656006717583e-10,0.940218372927864,0.05978160219258321,2.460306588219213e-08,25,20,20
26,6188,2.7628023585413053e-10,0.9414604193975807,0.05853957321446973,7.1116692939551575e-09,25,20,20
26,6189,2.6305420445782247e-11,0.9942873772607831,0.0057126220813329,6.315786438841502e-10,25,20,20
26,6190,2.659202469479538e-11,0.9701924672471968,0.02980753198221102,7.440000649146218e-10,25,20,20
26,6191,2.658809819487506e-11,0.9702088924651443,0.029791106764267324,7.440000887080512e-10,25,20,20
26,6192,2.659177461452409e-11,0.9667486403755109,0.03325135855056662,1.0473305099730762e-09,25,20,20
26,6193,2.663973034336804e-11,0.9276128116640803,0.07238718755979862,7.494811950607673e-10,25,20,20
26,6194,2.685670721069472e-11,0.9275827370406688,0.07241726218290072,7.495736240673628e-10,25,20,20
26,6195,1.4495091334644688e-11,0.9685019794763554,0.03149802007044261,4.3870688672878174e-10,25,20,20
26,6196,1.4495091334644688e-11,0.9685019794763554,0.03149802007044261,4.3870688672878174e-10,25,20,20
26,6197,1.4278432259824737e-11,0.9685119726993108,0.03148802684780127,4.386094709014375e-10,25,20,20
26,6198,2.1145979631253868e-11,0.9529475499486597,0.04705244017106832,9.85912579685556e-09,25,20,20
26,6199,3.790138229135943e-11,0.9271540767350249,0.07284591336794119,9.859131894550772e-09,25,20,20
26,6200,4.8881243726938546e-11,0.8967175077780927,0.10328248200919521,1.0163830460593627e-08,25,20,20
26,6201,4.887715235586176e-11,0.8954778072866618,0.10452218250072934,1.0163731286739882e-08,25,20,20
26,6202,7.197194670114802e-10,0.8441216231745711,0.15587734422130714,1.0318844024329424e-06,25,20,20
26,6203,7.084001600588316e-10,0.8836234203941715,0.11637554701311646,1.0318843114773098e-06,25,20,20
26,6204,7.083998962148281e-10,0.8836231790137055,0.11637578839358469,1.0318843097958844e-06,25,20,20
26,6205,7.083998962148281e-10,0.8836231790137055,0.11637578839358469,1.0318843097958844e-06,25,20,20
26,6206,7.09191454376977e-10,0.8806647980218959,0.11933416949527195,1.0317736406956911e-06,25,20,20
26,6207,7.026002267468208e-10,0.8984918772542585,0.10150710000020234,1.0220429387651507e-06,25,20,20
26,6208,0.01620973525834065,0.8186436286791455,0.16514561398099453,1.0220815181678358e-06,25,20,20
26,6209,0.016210971817158196,0.7798945117897904,0.20389349419794164,1.0221951089594702e-06,25,20,20
26,6210,0.016210971817158196,0.7798945117897904,0.20389349419794164,1.0221951089594702e-06,25,20,20
26,6211,0.016210971817158196,0.7798945117897904,0.20389349419794164,1.0221951089594702e-06,25,20,20
26,6212,0.016210971893619006,0.7422417261401951,0.24154627928153705,1.0226846484400124e-06,25,20,20
26,6213,0.0009807258365973667,0.6841181406141544,0.3149001003789888,1.0331702590652096e-06,25,20,20
26,6214,0.04014557539632325,0.6452060052766988,0.31464736238991864,1.05693705928208e-06,25,20,20
26,6215,0.04014557539631987,0.6469026091702393,0.31295075849637727,1.0569370634198506e-06,25,20,20
26,6216,0.04014557539631987,0.6469026091702393,0.31295075849637727,1.0569370634198506e-06,25,20,20
26,6217,0.04014561904046879,0.632726295243118,0.32712701056627913,1.0751501339226532e-06,25,20,20
26,6218,0.04014561904066133,0.6310074307045794,0.32884587479573923,1.0754590199107428e-06,25,20,20
26,6219,0.0009830381111236193,0.6309933139788465,0.36802257836065605,1.0695493727169501e-06,25,20,20
26,6220,0.0009830373345900746,0.7081463038875753,0.29087061173668805,4.704114688182021e-08,25,20,20
26,6221,0.000981800788231689,0.7643665199061098,0.23465162148231758,5.782334107632369e-08,25,20,20
26,6222,0.000981800788231689,0.7643665199061098,0.23465162148231758,5.782334107632369e-08,25,20,20
26,6223,0.000981800788231689,0.7643665199061098,0.23465162148231758,5.782334107632369e-08,25,20,20
26,6224,0.0009663720261596513,0.8185120856972329,0.18052151159870333,3.0677904468402425e-08,25,20,20
26,6225,0.0009663723756138287,0.8129159960250076,0.18611709086594636,5.407334321543839e-07,25,20,20
26,6226,2.5233444197884487e-06,0.8716590962439448,0.12833783968117937,5.407304566222352e-07,25,20,20
26,6227,2.523344419459041e-06,0.8716668292200496,0.12833010670517084,5.407303607995363e-07,25,20,20
26,6228,2.5471423740280223e-07,0.8966324763716795,0.10336674604816695,5.228659164387616e-07,25,20,20
26,6229,3.70381717858482e-10,0.9340808849124649,0.06591859323825729,5.214788959425569e-07,25,20,20
26,6230,3.70385096868996e-10,0.9323842810182131,0.06761519713250552,5.214788959400184e-07,25,20,20
26,6231,3.703788044868201e-10,0.9432230557213538,0.0567764224293717,5.214788954896643e-07,25,20,20
26,6232,3.7038228471731983e-10,0.9443994155847814,0.0556000628730728,5.211717632753399e-07,25,20,20
26,6233,3.7015467034014947e-10,0.9449004560990764,0.05509902204641315,5.214843558844771e-07,25,20,20
26,6234,3.7016544530704267e-10,0.9432140110378232,0.05678546710243129,5.2148958011352e-07,25,20,20
26,6235,4.682471225937595e-10,0.943997694281785,0.05600178406192796,5.21188039923533e-07,25,20,20
26,6236,4.683080362844372e-10,0.9181722706594183,0.0818272026075309,5.262647429467945e-07,25,20,20
26,6237,4.684748091146136e-10,0.9747771656655133,0.025222312677683722,5.211883282115735e-07,25,20,20
26,6238,4.684784493488079e-10,0.9730807067574172,0.026918771585777965,5.211883265580061e-07,25,20,20
26,6239,4.67625305451253e-10,0.9698263336015559,0.03017314506466939,5.208661496334725e-07,25,20,20
26,6240,4.5526331241995193e-10,0.9694298528722726,0.030569625800912107,5.208715521283828e-07,25,20,20
26,6241,3.2711201010165427e-09,0.9704202592850532,0.029579216261424842,5.211824024241657e-07,25,20,20
26,6242,9.839117994362227e-11,0.9885269409369586,0.011473058629375135,3.3527531461641983e-10,25,20,20
26,6243,9.927620637095901e-11,0.9697798251261831,0.030220164838685663,9.935855041392813e-09,25,20,20
26,6244,9.927620637095901e-11,0.9697798251261831,0.030220164838685663,9.935855041392813e-09,25,20,20
26,6245,1.0155118990398676e-10,0.9320231914241266,0.06797679853310337,9.941218559955387e-09,25,20,20
26,6246,1.4951622524648287e-10,0.9308154867107394,0.06918450319852859,9.941215613635102e-09,25,20,20
26,6247,1.472561342346343e-10,0.9690081909692584,0.030991798942172265,9.94131306653545e-09,25,20,20
26,6248,8.499970655840647e-10,0.938175260658376,0.061824738137189514,3.5443697529596764e-10,25,20,20
26,6249,8.989118200595832e-10,0.9394331365250899,0.06056686222138571,3.5461186859261044e-10,25,20,20
26,6250,1.087819537658951e-05,0.9068351235781307,0.09315391180907527,8.641741681404541e-08,25,20,20
26,6251,8.997407809526683e-10,0.9423890285723523,0.057610969865232835,6.626733379725654e-10,25,20,20
26,6252,8.99740579657057e-10,0.9423984666391613,0.05760153180388272,6.572146681892264e-10,25,20,20
26,6253,8.519539159877361e-10,0.9719977587745545,0.02800223941049833,9.629928210630461e-10,25,20,20
26,6254,8.519539159877361e-10,0.9719977587745545,0.02800223941049833,9.629928210630461e-10,25,20,20
26,6255,2.3497225717327876e-09,0.9544710860399144,0.04552890136101149,1.0249350906197193e-08,25,20,20
26,6256,2.3490769113960116e-09,0.9565715138086496,0.04342847389530077,9.946972360829318e-09,25,20,20
26,6257,2.343579720561346e-09,0.9732389263100036,0.026761061083347557,1.0263068919080542e-08,25,20,20
26,6258,8.503407308920997e-10,0.9627247817685519,0.03727521670057306,6.805340826532354e-10,25,20,20
26,6259,8.503407308920997e-10,0.9627247817685519,0.03727521670057306,6.805340826532354e-10,25,20,20
26,6260,8.505538484180003e-10,0.9631223415391134,0.03687765724328997,3.670427562427984e-10,25,20,20
26,6261,8.629117605805561e-10,0.9630793000059235,0.03692069875857062,3.7259407358241784e-10,25,20,20
26,6262,8.73633096908262e-10,0.9518896291832513,0.04811034887624434,2.106687122870025e-08,25,20,20
26,6263,1.5630656114486738e-09,0.951454677622907,0.04854529974721646,2.106681082216802e-08,25,20,20
26,6264,2.3455747465322004e-09,0.9519345705612297,0.04806542672610076,3.6709475180705363e-10,25,20,20
26,6265,5.57741658944356e-09,0.9119497850247282,0.08805018833653895,2.1061316133382782e-08,25,20,20
26,6266,4.7822764829635e-09,0.9130309037530883,0.08696907040327904,2.1061356236806255e-08,25,20,20
26,6267,4.10416432239759e-09,0.913254114293682,0.0867458605407664,2.1061387237695554e-08,25,20,20
26,6268,8.725244399830349e-10,0.9531857850138843,0.04681421374096674,3.7262425267837713e-10,25,20,20
26,6269,8.601847096770656e-10,0.9507855345648454,0.049214464207972916,3.6699668901170654e-10,25,20,20
26,6270,8.607505936458066e-10,0.9729702901133398,0.027029691167604085,1.7858305493739477e-08,25,20,20
26,6271,7.618427748069511e-10,0.9746528407159758,0.025347140669466386,1.785271523621274e-08,25,20,20
26,6272,7.599570287032571e-10,0.9504169195813784,0.04958307929133041,3.6733404911750195e-10,25,20,20
26,6273,8.114210186988449e-10,0.8824784118071601,0.11752158691908898,4.623295852935242e-10,25,20,20
26,6274,8.289631292148396e-10,0.8566540818905589,0.14334591041558345,6.864894044871174e-09,25,20,20
26,6275,7.7815459650317e-10,0.927497619927405,0.07250237253528952,6.759150872198421e-09,25,20,20
26,6276,8.26908658575625e-10,0.92797911702085,0.07202085789619815,2.4256043327486048e-08,25,20,20
26,6277,6.432390039665654e-11,0.9532849649858472,0.046715016755819815,1.8194009178791202e-08,25,20,20
26,6278,2.6988428797684884e-09,0.9902563360188439,0.009743643440518479,1.784179513508859e-08,25,20,20
26,6279,2.6997176584974634e-09,0.9913972073216882,0.008602772131242267,1.7847352301504462e-08,25,20,20
26,6280,2.712076536152433e-09,0.9930759079440665,0.006924071496407641,1.7847449702436878e-08,25,20,20
26,6281,2.759335635714372e-09,0.9920170657211946,0.00798291335849139,1.8160979042165965e-08,25,20,20
26,6282,2.8072630845631614e-09,0.9895647273838477,0.01043525133714128,1.8471748170745263e-08,25,20,20
26,6283,2.782736371532056e-09,0.9902032784379267,0.009796700313156197,1.8466181455063616e-08,25,20,20
26,6284,2.7945636882506722e-09,0.9884922655137401,0.01150771323098139,1.84607153871065e-08,25,20,20
26,6285,2.794569047962551e-09,0.9609814205010846,0.03901855824378454,1.846056226282202e-08,25,20,20
26,6286,7.773167395121267e-10,0.9608949505380622,0.03910503025173666,1.8432884775083732e-08,25,20,20
26,6287,7.772934030381824e-10,0.9637966616407558,0.036203318837830505,1.874412068047886e-08,25,20,20
26,6288,7.772877188293873e-10,0.989640016962446,0.010359963516276452,1.8743990429745004e-08,25,20,20
26,6289,7.774979124181125e-10,0.9883675796998219,0.011632383287194436,3.6235486115133935e-08,25,20,20
26,6290,7.775128474014879e-10,0.9878110991089263,0.012188863872505517,3.6241055973118375e-08,25,20,20
26,6291,8.269369150630425e-10,0.9877771328903012,0.012222830036155556,3.6246606867178376e-08,25,20,20
26,6292,8.275482104624846e-10,0.9586473814622297,0.041352593886647776,2.3823574586431206e-08,25,20,20
26,6293,8.2754339295717e-10,0.9873630047663096,0.012636975659005744,1.874714178493869e-08,25,20,20
26,6294,8.268837869131976e-10,0.9885928054056591,0.01140717534229304,1.84251646018501e-08,25,20,20
26,6295,7.836175715790505e-10,0.9357540277749102,0.06422795487779102,1.8016563681410703e-05,25,20,20
26,6296,8.81690106839931e-10,0.9217959877954938,0.07806600319532558,0.00013800812749075798,25,20,20
26,6297,9.173916654283284e-10,0.9205714882358059,0.07929050271401535,0.00013800813278729132,25,20,20
26,6298,8.157600494512699e-10,0.9574184654368117,0.04256351729078059,1.8016456647786274e-05,25,20,20
26,6299,8.161542142778556e-10,0.9575967768528484,0.0424032042124881,1.811850946112856e-08,25,20,20
26,6300,8.005762830821496e-10,0.9405032747590112,0.05949607425677476,6.501836378741446e-07,25,20,20
26,6301,7.971145787548876e-10,0.96923022083232,0.030769128275988447,6.500945771961005e-07,25,20,20
26,6302,7.969048946103198e-10,0.943854042648449,0.05614530646553472,6.500891116872242e-07,25,20,20
26,6303,7.96912393451417e-10,0.9432440813203741,0.05675526778812822,6.500945856841572e-07,25,20,20
26,6304,1.0084317432193789e-10,0.9601828553419657,0.03981712674528368,1.7811908074045904e-08,25,20,20
26,6305,1.7816785660034258e-09,0.9413942419089342,0.05860572122413366,3.508525350196899e-08,25,20,20
26,6306,1.7936740926188438e-09,0.8848114245439284,0.11518852690867183,4.675372600463182e-08,25,20,20
26,6307,2.860584958354773e-09,0.850291687387316,0.14970788317358158,4.2657851783734116e-07,25,20,20
26,6308,2.836193995320058e-09,0.8895587142876162,0.11044085629758037,4.2657860982860816e-07,25,20,20
26,6309,0.0019461843974872947,0.7820590601333823,0.21599330947733392,1.445991795854488e-06,25,20,20
26,6310,0.02318438548607162,0.782470133451611,0.1943439952940645,1.4857682527325122e-06,25,20,20
26,6311,0.0001356528620376976,0.8629538359680236,0.13690904861352451,1.4625564137660358e-06,25,20,20
26,6312,0.0001356528608446728,0.8756309459947019,0.12423194963994953,1.451504503158916e-06,25,20,20
26,6313,8.572067910401142e-06,0.8928881734206436,0.10710282685998022,4.276514651801821e-07,25,20,20
26,6314,8.587153255904757e-06,0.8679058401100179,0.13206312026573142,2.2452470994124332e-05,25,20,20
26,6315,8.58616053085725e-06,0.89442374583136,0.10554559565800313,2.2072350105473443e-05,25,20,20
26,6316,8.147841434285222e-05,0.9022373343823957,0.097681156471293,3.0731968081231515e-08,25,20,20
26,6317,8.147568033055196e-05,0.8842697706313996,0.11564872326879821,3.0419471477977076e-08,25,20,20
26,6318,8.147464448775293e-05,0.9095526391370611,0.09036586242619475,2.379225606853947e-08,25,20,20
26,6319,8.147480191778771e-05,0.8695944417696556,0.13032405963601493,2.3792411203844925e-08,25,20,20
26,6320,8.147480193230599e-05,0.845476448571134,0.1544420530310808,2.3595852181776378e-08,25,20,20
26,6321,8.57159663140393e-06,0.7979801788931359,0.20201122535886287,2.4151368956794412e-08,25,20,20
26,6322,8.610490207066548e-06,0.7978987178435157,0.20209263003816708,4.162810917877015e-08,25,20,20
26,6323,8.610608695246787e-06,0.7766120430616289,0.22337928732295723,5.9006717506146185e-08,25,20,20
26,6324,8.610607633871906e-06,0.7774168257072904,0.222574522343854,4.13412207962984e-08,25,20,20
26,6325,8.61060763387276e-06,0.7757298424801898,0.22426150557095859,4.134121668198261e-08,25,20,20
26,6326,8.60643617575493e-06,0.8132865916388173,0.18670381040347217,9.91521534027395e-07,25,20,20
26,6327,8.620579558746984e-06,0.7732054013707139,0.22678463067723487,1.347372492074814e-06,25,20,20
26,6328,8.620499401064043e-06,0.7890991116333769,0.21089092050381783,1.3473634040196768e-06,25,20,20
26,6329,8.620548773874003e-06,0.8286583978207375,0.17133161639964595,1.3652308431389234e-06,25,20,20
26,6330,8.814698797221716e-06,0.8247464415764315,0.1752446814404706,6.228430047011993e-08,25,20,20
26,6331,8.814699055873345e-06,0.8356025479710225,0.16438857504032517,6.228959657545902e-08,25,20,20
26,6332,8.814591264933726e-06,0.8504719761815857,0.14951914693761104,6.228953850481356e-08,25,20,20
26,6333,1.2985378895323575e-05,0.8283759362864275,0.17161100796996923,7.036470797405849e-08,25,20,20
26,6334,0.0003456099755886584,0.8030731389309461,0.19654286897554307,3.838211792101355e-05,25,20,20
26,6335,0.0003454016807662615,0.9076791776064307,0.09193703871454043,3.838199826237423e-05,25,20,20
26,6336,4.209830796848317e-06,0.947603783642952,0.05239195284586568,5.368038539924428e-08,25,20,20
26,6337,4.209830796848317e-06,0.947603783642952,0.05239195284586568,5.368038539924428e-08,25,20,20
26,6338,4.209857199332687e-06,0.9476630255984928,0.052332188541545616,5.760027621712961e-07,25,20,20
26,6339,0.006283174281545691,0.8694125661094536,0.12141096050773141,0.0028932991012691465,25,20,20
26,6340,1.2916557998001745e-07,0.913665366637323,0.08625863266190438,7.5871535192601e-05,25,20,20
26,6341,1.2562755280333392e-07,0.9340093770082047,0.06598892336783486,1.5739964071388396e-06,25,20,20
26,6342,1.4884590919609569e-09,0.9361979012911412,0.06380108688223013,1.0103381689727655e-06,25,20,20
26,6343,1.4884629029972864e-09,0.9362278895358382,0.06377109863743342,1.010338264842872e-06,25,20,20
26,6344,1.545325164986304e-09,0.8962505617445338,0.10374842637176593,1.010338375197141e-06,25,20,20
26,6345,2.8821246790159997e-09,0.8813336070664137,0.1186653797086211,1.010342840291711e-06,25,20,20
26,6346,2.8810477179002164e-09,0.8821774282607219,0.11782155882549449,1.0100327356511097e-06,25,20,20
26,6347,2.1769298572541082e-09,0.8822257468457176,0.11777324095016568,1.0100271865663728e-06,25,20,20
26,6348,2.862476556949531e-09,0.8504576537194797,0.14874675044590843,0.0007955929721349596,25,20,20
26,6349,8.812198540339557e-08,0.8316858062205877,0.16751850310751645,0.0007956025499092474,25,20,20
26,6350,2.8985048649996087e-09,0.9084586657327424,0.09154030376144386,1.0276073085204265e-06,25,20,20
26,6351,1.8319213518564134e-09,0.908397206080116,0.09160176448065405,1.0276073082211367e-06,25,20,20
26,6352,2.0297858986579733e-09,0.8796607196325833,0.12033825064141342,1.0276962169759714e-06,25,20,20
26,6353,1.3551940310154168e-09,0.879683733394801,0.12031525452910805,1.0107208965241295e-06,25,20,20
26,6354,1.3062509405652063e-09,0.8800618151505085,0.11993717282784329,1.0107153967215722e-06,25,20,20
26,6355,1.3067023757295729e-09,0.8496155076976458,0.15038348028434423,1.0107113071321252e-06,25,20,20
26,6356,1.307247716871965e-09,0.8753062158612925,0.12469182193839709,1.960893062302098e-06,25,20,20
26,6357,1.258671632214864e-09,0.8736231968405421,0.12637388376529168,2.9181354942778864e-06,25,20,20
26,6358,1.0616487776958008e-09,0.901133560291754,0.09886352060001004,2.918046587079668e-06,25,20,20
26,6359,1.2342745280889349e-09,0.8220100048007098,0.17798707591790555,2.9180471095191926e-06,25,20,20
26,6360,1.6452627796825987e-09,0.8599782119315751,0.14001886867920116,2.9177439606018705e-06,25,20,20
26,6361,1.6452627796825987e-09,0.8599782119315751,0.14001886867920116,2.9177439606018705e-06,25,20,20
26,6362,1.559864436349028e-07,0.8230239080304639,0.17697396811237354,1.9678707185913223e-06,25,20,20
26,6363,1.559864436349028e-07,0.8230239080304639,0.17697396811237354,1.9678707185913223e-06,25,20,20
26,6364,1.4655667826115205e-05,0.7839856034814422,0.21562725485834772,0.0003724859923827896,25,20,20
26,6365,1.4658399947067961e-05,0.8224295339828661,0.17718332132375103,0.0003724862934354268,25,20,20
26,6366,0.005352131000547136,0.8220154480595109,0.17263070499487182,1.715945069814053e-06,25,20,20
26,6367,1.550868616732202e-07,0.8748379844494223,0.12516088462403266,9.758396830270922e-07,25,20,20
26,6368,1.5508687318273185e-07,0.8765245864367028,0.12347428263673674,9.758396871399918e-07,25,20,20
26,6369,1.5528875377710864e-07,0.9289297133081881,0.07106915523553538,9.761675226302795e-07,25,20,20
26,6370,1.5531889877735524e-07,0.8786216745433244,0.12137719317677403,9.76961002995043e-07,25,20,20
26,6371,1.7707305482252738e-09,0.8402478525654525,0.1597511690069784,9.766568389042911e-07,25,20,20
26,6372,7.28967554670017e-05,0.8014935772506486,0.19843254915722436,9.768366597211075e-07,25,20,20
26,6373,7.289674328952584e-05,0.8021134418440538,0.19781268488780004,9.76524856111649e-07,25,20,20
26,6374,7.289648364411005e-05,0.8273813965313611,0.17254473057662328,9.76408371059405e-07,25,20,20
26,6375,7.293524384199089e-05,0.9064087174898642,0.0935173706691142,9.765971794885717e-07,25,20,20
26,6376,7.293524384200836e-05,0.9064543339676158,0.0934717541912668,9.765972753135424e-07,25,20,20
26,6377,4.02593392160198e-08,0.926485040303205,0.07351394301175389,9.7642570154949e-07,25,20,20
26,6378,3.9575669276173015e-08,0.8871740749586847,0.11282489175175708,9.937138882782132e-07,25,20,20
26,6379,4.3333317072798756e-08,0.848415717006323,0.15158324625358635,9.934067729838217e-07,25,20,20
26,6380,3.956039295736592e-08,0.9683651198983547,0.0316338474942166,9.930470351309889e-07,25,20,20
26,6381,3.1768320657017575e-12,0.9425783363138451,0.05742067094232791,9.927406493946123e-07,25,20,20
26,6382,3.773116070346266e-10,0.9267835663879292,0.07321543090576178,1.0023289965742094e-06,25,20,20
26,6383,3.773116070346266e-10,0.9267835663879292,0.07321543090576178,1.0023289965742094e-06,25,20,20
26,6384,3.773000291158326e-10,0.9251037899480536,0.07489520735111081,1.0023235347940016e-06,25,20,20
26,6385,3.1077431881593017e-09,0.9253262507099912,0.07467371895792586,2.722433924596489e-08,25,20,20
26,6386,3.75408400402257e-10,0.9248713392557878,0.07512863314975561,2.721904760427491e-08,25,20,20
26,6387,3.89913386458355e-10,0.884883746421279,0.1151150195126245,1.23367618282828e-06,25,20,20
26,6388,3.9075489059492984e-10,0.8836456770902805,0.1163530888372957,1.233681668522519e-06,25,20,20
26,6389,3.907698547526791e-10,0.8848525420735969,0.11514622385925534,1.2336763776034518e-06,25,20,20
26,6390,3.909831070334972e-10,0.9024116979923726,0.09758705041718237,1.2511994614562653e-06,25,20,20
26,6391,6.560919128485455e-10,0.8874648568704845,0.11253388444577762,1.2580276453169234e-06,25,20,20
26,6392,1.0883272562634485e-09,0.8831785025050319,0.11682024470228593,1.251704354178887e-06,25,20,20
26,6393,7.13961756312911e-10,0.8886306826896048,0.11136807468000995,1.241916422756056e-06,25,20,20
26,6394,2.1965850022149306e-09,0.8966278147157947,0.10337040217557204,1.7809120475903042e-06,25,20,20
26,6395,6.783280252631478e-10,0.9179300452918046,0.08206991795296444,3.6076902416758846e-08,25,20,20
26,6396,6.93969969896551e-10,0.8906325856399399,0.10936737790568339,3.576040650005374e-08,25,20,20
26,6397,1.543541414183876e-07,0.8929309695977184,0.10706884053551667,3.5512623145862916e-08,25,20,20
26,6398,1.543386922278783e-07,0.9173560823626936,0.08264372778602094,3.551259261093377e-08,25,20,20
26,6399,1.543857562624547e-07,0.8616093096543598,0.1383905004568101,3.550307303774303e-08,25,20,20
26,6400,1.5446288503927642e-07,0.886990515725836,0.11300929430796178,3.550331657057862e-08,25,20,20
26,6401,1.56247223880001e-07,0.906953569293632,0.09304622945344235,4.5005701395976336e-08,25,20,20
26,6402,1.543856854214785e-07,0.9259130399959045,0.07408677011514478,3.550326449756131e-08,25,20,20
26,6403,1.5439995952840506e-07,0.8871658931636907,0.11283391723392583,3.5202423340519877e-08,25,20,20
26,6404,1.8533506345419132e-09,0.91420350428774,0.0857964756074894,1.825141943083694e-08,25,20,20
26,6405,2.2651835023057425e-08,0.8691408692762224,0.1308590898285316,1.824341051249599e-08,25,20,20
26,6406,1.4199985938121952e-09,0.8504473846095607,0.1495525957407735,1.8229666656495713e-08,25,20,20
26,6407,1.4197651732872575e-09,0.8474482011100349,0.15255177924603538,1.8224164203480562e-08,25,20,20
26,6408,1.4199787572750722e-09,0.8472500365389422,0.1527499438184848,1.822259397612611e-08,25,20,20
26,6409,1.4200043853252082e-09,0.8772134089148007,0.12278658841234952,1.2528452691835052e-09,25,20,20
26,6410,1.3128456120481592e-07,0.8397754671343456,0.1602244006355406,9.455518927485525e-10,25,20,20
26,6411,0.01600062878323048,0.7998139592394012,0.18418540132600728,1.0651360738926405e-08,25,20,20
26,6412,0.016003235141941807,0.7768202038769333,0.20717655053226136,1.0448862999177406e-08,25,20,20
26,6413,0.016003235139365295,0.8164183440740602,0.16757841033820728,1.0448366875463063e-08,25,20,20
26,6414,1.700978075029383e-05,0.7765113757396545,0.2234652213384317,6.393141163365253e-06,25,20,20
26,6415,1.700978075029383e-05,0.7765113757396545,0.2234652213384317,6.393141163365253e-06,25,20,20
26,6416,1.7605699634526286e-05,0.7479918138754134,0.25198418259131017,6.397833641960093e-06,25,20,20
26,6417,1.4868108558979257e-05,0.7607223367273248,0.2392563974294725,6.397734643375828e-06,25,20,20
26,6418,1.4821099721291084e-05,0.797742145833156,0.20223663569759784,6.397369524705738e-06,25,20,20
26,6419,1.4857809812515194e-05,0.8348762669856501,0.1651024778574487,6.3973470886431016e-06,25,20,20
26,6420,1.4857809812515194e-05,0.8348762669856501,0.1651024778574487,6.3973470886431016e-06,25,20,20
26,6421,9.568857899294182e-07,0.8348004072468427,0.1651984920260419,1.4384132570442416e-07,25,20,20
26,6422,9.568857899294182e-07,0.8348004072468427,0.1651984920260419,1.4384132570442416e-07,25,20,20
26,6423,6.326792180039492e-07,0.8352874523303285,0.16471131152468954,6.034657642088182e-07,25,20,20
26,6424,0.0005940900313561597,0.7969974627793992,0.2024069074639166,1.5397253277621127e-06,25,20,20
26,6425,3.671303889525205e-08,0.8620724437003245,0.1379269035398648,6.160467715190431e-07,25,20,20
26,6426,3.6713038902863905e-08,0.8637898063174139,0.13620954092286708,6.160466798972294e-07,25,20,20
26,6427,3.6713038902863905e-08,0.8637898063174139,0.13620954092286708,6.160466798972294e-07,25,20,20
26,6428,3.740793866535804e-08,0.9031351464320099,0.0968642001086398,6.160514113538992e-07,25,20,20
26,6429,3.740879121338976e-08,0.9031472050732781,0.0968521414610621,6.160568683414661e-07,25,20,20
26,6430,1.3595968710379077e-07,0.927620991556813,0.07237885457364517,1.790985448109982e-08,25,20,20
26,6431,1.3595894798695032e-07,0.9691470218492888,0.03085284092695522,1.2648074647938964e-09,25,20,20
26,6432,1.3596332180847242e-07,0.9416539047852954,0.058345958295909994,9.55471820944883e-10,25,20,20
26,6433,1.3596592436641709e-07,0.9116643246098961,0.08833524971430476,2.897098739786804e-07,25,20,20
26,6434,9.925107355103437e-08,0.945663289009783,0.054336611390630264,3.4851249912865936e-10,25,20,20
26,6435,9.925086584950667e-08,0.9473592112481988,0.05264068914686642,3.5406826741294884e-10,25,20,20
26,6436,1.6335622967704215e-11,0.9629592047651657,0.03704079486427976,3.542186602472243e-10,25,20,20
26,6437,1.239211217772303e-11,0.988735340836393,0.011264658793402127,3.5781246704031444e-10,25,20,20
26,6438,1.322650498388932e-11,0.9869615909905514,0.013038408632996917,3.63224982943657e-10,25,20,20
26,6439,1.2399717954088629e-11,0.9869760147873836,0.013023984847670771,3.525456719013091e-10,25,20,20
26,6440,7.191014805367337e-11,0.987210283326164,0.012789715944534954,6.573906031815436e-10,25,20,20
26,6441,1.6814538336027967e-10,0.9470160100693257,0.05298301398989905,9.757726290425062e-07,25,20,20
26,6442,7.193186379746304e-11,0.9857033394874151,0.014295684673384736,9.757672681900834e-07,25,20,20
26,6443,8.410765001376936e-11,0.9850817503101225,0.014917273526747918,9.760790217828796e-07,25,20,20
26,6444,8.410765001376936e-11,0.9850817503101225,0.014917273526747918,9.760790217828796e-07,25,20,20
26,6445,8.389103044406198e-11,0.9851118498190219,0.01488717401797091,9.7607911586431e-07,25,20,20
26,6446,8.389491233490103e-11,0.9833381955210373,0.01666081103700702,9.933580604705685e-07,25,20,20
26,6447,8.389491233490103e-11,0.9833381955210373,0.01666081103700702,9.933580604705685e-07,25,20,20
26,6448,8.389147815547636e-11,0.9850661663838663,0.01493284017418144,9.93358060473154e-07,25,20,20
26,6449,3.338345283272492e-10,0.9604935597132898,0.03950544019316321,9.99759712355838e-07,25,20,20
26,6450,3.503000959562981e-06,0.9226757348579756,0.07731976219323056,9.999478336879031e-07,25,20,20
26,6451,3.651434109047472e-06,0.9084967620564892,0.09146681867613647,3.2767833265177405e-05,25,20,20
26,6452,1.490706496581885e-07,0.9292602937604362,0.0707067901377077,3.276703120649728e-05,25,20,20
26,6453,1.4907085633717126e-07,0.9284483424090155,0.07151971659887194,3.179192125621077e-05,25,20,20
26,6454,1.4907086541497456e-07,0.9294710321957119,0.07049704408556187,3.1774647860660746e-05,25,20,20
26,6455,2.3282946199366034e-07,0.9113825235176946,0.08858546915580832,3.1774497035302894e-05,25,20,20
26,6456,3.3376847355023037e-06,0.9263774347387295,0.07361919337693414,3.419960076932162e-08,25,20,20
26,6457,0.038523386431390944,0.888095914615469,0.07338066472383868,3.4229301177566854e-08,25,20,20
26,6458,3.337801498982512e-06,0.8489578412803873,0.15103878669632584,3.4221787762187505e-08,25,20,20
26,6459,2.3254580628561563e-07,0.8577002805263255,0.14229945232698035,3.460088770660842e-08,25,20,20
26,6460,1.4878717155611602e-07,0.875049526330687,0.1249493402714566,9.846106849469624e-07,25,20,20
26,6461,3.043372110667296e-07,0.9418203345564735,0.05817837630565406,9.84800661338787e-07,25,20,20
26,6462,3.043371773618865e-07,0.9424515046084515,0.05754720625380742,9.848005636710323e-07,25,20,20
26,6463,3.0433716266215717e-07,0.9441692695821048,0.055829441285488786,9.847952436255523e-07,25,20,20
26,6464,1.5561417708413876e-07,0.931831128600416,0.068167747607128,9.681782788167126e-07,25,20,20
26,6465,2.2229775291586793e-12,0.959490621889398,0.040509360414740625,1.7693638356130605e-08,25,20,20
26,6466,2.2115877157352073e-12,0.9607543621976542,0.039245620111788095,1.7688346398996266e-08,25,20,20
26,6467,1.3810293219874573e-12,0.9624973930581298,0.037502606531087446,4.094017883719244e-10,25,20,20
26,6468,1.841998034265099e-12,0.9437632866359009,0.056236712784525196,5.777318665981042e-10,25,20,20
26,6469,1.469398451866417e-09,0.9540590461033169,0.045910438772114086,3.051365517038226e-05,25,20,20
26,6470,1.469398200079128e-09,0.9552971107858075,0.04467237408971676,3.0513655077560733e-05,25,20,20
26,6471,3.6983543607531455e-08,0.9589712773099487,0.04102868502000567,6.865020898528449e-10,25,20,20
26,6472,4.833024938539257e-11,0.9898004540924239,0.010199545246414652,6.1283104199154e-10,25,20,20
26,6473,4.8312330749260044e-11,0.989353092104111,0.010646907234842913,6.127335256534725e-10,25,20,20
26,6474,9.407139984418985e-11,0.9491621063976248,0.05083789319371063,3.145928412821931e-10,25,20,20
26,6475,7.784697852769725e-10,0.9118078370152881,0.08819216188332639,3.229151861392247e-10,25,20,20
26,6476,7.800613469515072e-10,0.9147905022620022,0.08520949633681063,6.211255993305808e-10,25,20,20
26,6477,7.801212536891522e-10,0.8851852083192934,0.11481479027955707,6.210281152668114e-10,25,20,20
26,6478,7.801246775905748e-10,0.8839779464420989,0.11602205215145713,6.263190325472202e-10,25,20,20
26,6479,7.810190505002464e-10,0.8847622892496537,0.11523770903166661,9.376600348330715e-10,25,20,20
26,6480,7.814895758888817e-10,0.8451435296447594,0.1548564686360922,9.376583237164845e-10,25,20,20
26,6481,1.9977436943960258e-08,0.7897174612112439,0.21028239530373885,1.2350758002811938e-07,25,20,20
26,6482,4.565345641328691e-09,0.826359645860552,0.17364034875829937,8.15802527218091e-10,25,20,20
26,6483,4.565291997662634e-09,0.8176526095236873,0.18234571920891782,1.6667021020908175e-06,25,20,20
26,6484,4.535347767432939e-09,0.8331648872354701,0.16683343543077878,1.67279840327376e-06,25,20,20
26,6485,4.534826316238984e-09,0.8497953366647486,0.1502029861911782,1.6726092466146113e-06,25,20,20
26,6486,4.5582142111569424e-09,0.8525079510592009,0.1474915646986121,4.796839724302443e-07,25,20,20
26,6487,2.886867639655951e-09,0.8554315556678573,0.14456843472787217,6.71740195641356e-09,25,20,20
26,6488,5.547309101694351e-09,0.8531601934702191,0.1468397772297242,2.375274663093593e-08,25,20,20
26,6489,8.168273835334547e-09,0.8747038337228618,0.12529614046227114,1.7646592275236002e-08,25,20,20
26,6490,8.167692011497716e-09,0.9330477235518301,0.06695225031179956,1.796867752702504e-08,25,20,20
26,6491,1.0791598993152574e-08,0.9326469376100677,0.06735301682815423,3.4770178495941884e-08,25,20,20
26,6492,7.971930994124337e-09,0.9720103142608049,0.027989643002736528,3.4764527441774334e-08,25,20,20
26,6493,3.446751174976661e-09,0.9387840782536928,0.06121590093018708,1.736936844574962e-08,25,20,20
26,6494,3.4462021061925084e-09,0.9526642486952555,0.047335730489139624,1.7369402279047097e-08,25,20,20
26,6495,4.152119298413065e-09,0.9508549464697192,0.049145031389714273,1.7988446691183655e-08,25,20,20
26,6496,3.457949172815093e-09,0.9514428438251572,0.04855713504026913,1.7676624055401718e-08,25,20,20
26,6497,3.4579719204124724e-09,0.9129654731641714,0.08703450521635542,1.816150086118542e-08,25,20,20
26,6498,2.6757105777374594e-09,0.9495110166890854,0.05048801229049588,9.683447074229813e-07,25,20,20
26,6499,2.69578621550808e-09,0.9098152689465918,0.09018375989544633,9.68462174721023e-07,25,20,20
26,6500,2.6767662513981583e-09,0.9484028533256406,0.05159617565825216,9.683393403512035e-07,25,20,20
26,6501,6.25996512823194e-11,0.9848545517028249,0.015144480142118269,9.680924568402229e-07,25,20,20
26,6502,6.34318179493618e-11,0.9556323426174886,0.04436666554520657,9.91773872557839e-07,25,20,20
26,6503,6.236584282060475e-11,0.9568829312205851,0.043116076624418326,9.920926306036488e-07,25,20,20
26,6504,7.422052643486963e-11,0.9643481992122053,0.03565081533404682,9.853795271110048e-07,25,20,20
26,6505,3.897565272818067e-08,0.9835768901830123,0.016422085262396982,9.855789378704651e-07,25,20,20
26,6506,6.0288830983776e-08,0.966522965945109,0.0334759881841759,9.855818839350659e-07,25,20,20
26,6507,3.898959759171737e-08,0.9288934207540969,0.07110555427472469,9.859815802600042e-07,25,20,20
26,6508,3.8989597657232975e-08,0.9288928776165183,0.07110609741230324,9.859815802599812e-07,25,20,20
26,6509,3.9023223471093976e-08,0.9819827611403871,0.018015263745720038,1.936090669155417e-06,25,20,20
26,6510,3.907945089974478e-08,0.9783114660542387,0.021685608597945147,2.88626836501689e-06,25,20,20
26,6511,6.910113902077927e-08,0.8968708684805468,0.10311240639898836,1.665601932485094e-05,25,20,20
26,6512,2.2132897914141314e-08,0.9116735050092823,0.08830981043613362,1.666242168520235e-05,25,20,20
26,6513,2.212124275110901e-08,0.890880559319504,0.10910275629114535,1.6662268106993126e-05,25,20,20
26,6514,2.212124689765581e-08,0.8896168075415082,0.11036649057773891,1.667975950533877e-05,25,20,20
26,6515,6.584234376490383e-05,0.8728636759226829,0.127054751994694,1.572973885736036e-05,25,20,20
26,6516,6.584234376490383e-05,0.8728636759226829,0.127054751994694,1.572973885736036e-05,25,20,20
26,6517,6.584234376114868e-05,0.8734733687198998,0.12644505919757518,1.5729738762976356e-05,25,20,20
26,6518,2.2064353619747976e-08,0.892469496497636,0.1075147693532473,1.5712084762336637e-05,25,20,20
26,6519,2.384593610553694e-08,0.8773485916808871,0.12263503335568067,1.6351117495139638e-05,25,20,20
26,6520,1.570476789333233e-07,0.8526771552464432,0.1473069753076425,1.5712398234492344e-05,25,20,20
26,6521,1.5704756970702305e-07,0.8768399839819903,0.1231441535990277,1.57053714112821e-05,25,20,20
26,6522,2.4781942608394968e-08,0.8773094769046241,0.12267479244810918,1.570586532286299e-05,25,20,20
26,6523,2.478183956729387e-08,0.8402231601911224,0.15976203938758457,1.4775639452185279e-05,25,20,20
26,6524,4.962347629386792e-05,0.8485880056402201,0.15134718079765277,1.5190085832401928e-05,25,20,20
26,6525,2.5482574837508208e-08,0.9333886444116914,0.06659655748027314,1.4772625460440574e-05,25,20,20
26,6526,4.729601241057036e-08,0.9459121531069767,0.05408775481675189,4.478025898073483e-08,25,20,20
26,6527,3.041149071318069e-08,0.92515734109684,0.07484257608223786,5.2409431705111556e-08,25,20,20
26,6528,3.041149071318069e-08,0.92515734109684,0.07484257608223786,5.2409431705111556e-08,25,20,20
26,6529,5.9495706171122625e-09,0.9380534560602495,0.0619464855939578,5.239622232516701e-08,25,20,20
26,6530,1.5981013225523425e-09,0.9735112335279859,0.02648871247785328,5.239605950452781e-08,25,20,20
26,6531,1.550535789706156e-09,0.9408707018131058,0.05912926132574842,3.531060916188902e-08,25,20,20
26,6532,1.550535789706156e-09,0.9408707018131058,0.05912926132574842,3.531060916188902e-08,25,20,20
26,6533,1.5505351288931938e-09,0.9390672323407264,0.060932730792561916,3.5316176000965776e-08,25,20,20
26,6534,1.5505444160729995e-09,0.9787629759667162,0.021236987289490878,3.5193248187072596e-08,25,20,20
26,6535,1.5640572612287092e-09,0.9494230452014378,0.05057691795227342,3.5282231024330845e-08,25,20,20
26,6536,7.968640218439888e-10,0.9358207268178621,0.06417925422013465,1.8165138928795223e-08,25,20,20
26,6537,1.1704902046348117e-09,0.9100014073561422,0.0899985904503467,1.023020299074493e-09,25,20,20
26,6538,1.1705054215999129e-09,0.9099880218839326,0.09001197592263693,1.0229245315595625e-09,25,20,20
26,6539,1.1705197829221696e-09,0.9087912665391126,0.09120873096031033,1.3300566850503599e-09,25,20,20
26,6540,1.2006319378343392e-09,0.8930188085672317,0.10698118890207706,1.330058716717322e-09,25,20,20
26,6541,1.1649181868220335e-09,0.891814100792388,0.10818589641091524,1.631778291587043e-09,25,20,20
26,6542,1.031726567818472e-09,0.883641717590276,0.11635827974623746,1.6317595263309423e-09,25,20,20
26,6543,9.843264485459651e-10,0.9136530276731795,0.08634697010293396,1.23955950582414e-09,25,20,20
26,6544,9.843264485459651e-10,0.9136530276731795,0.08634697010293396,1.23955950582414e-09,25,20,20
26,6545,1.541328473739202e-07,0.9389625029332166,0.06103734149651868,1.4374171106996254e-09,25,20,20
26,6546,1.541329289909755e-07,0.9114391851226159,0.08856065290501254,7.839442282300871e-09,25,20,20
26,6547,1.541328605426684e-07,0.938078262826782,0.06192158128437979,1.7559774707127713e-09,25,20,20
26,6548,1.5413286054158327e-07,0.9381093369525725,0.061890507158684945,1.7558817050914888e-09,25,20,20
26,6549,1.5417998449191562e-07,0.9522188959345419,0.047780948313529865,1.5719433094706064e-09,25,20,20
26,6550,1.5417996973343084e-07,0.9534572809636509,0.04654256359147183,1.2649069389163044e-09,25,20,20
26,6551,1.5417996973343084e-07,0.9534572809636509,0.04654256359147183,1.2649069389163044e-09,25,20,20
26,6552,1.5405606201889392e-07,0.8962051403014551,0.10379470418747108,1.4550112975051519e-09,25,20,20
26,6553,1.5405606201889392e-07,0.8962051403014551,0.10379470418747108,1.4550112975051519e-09,25,20,20
26,6554,1.539990291033709e-07,0.9607328573862288,0.039266986851052774,1.7636888841519705e-09,25,20,20
26,6555,7.29357211084051e-10,0.9167272803815313,0.0832727173087023,1.5804086366004054e-09,25,20,20
26,6556,7.792495143190075e-10,0.9142242437787793,0.04589098826938133,0.03988476717258933,25,20,20
26,6557,7.720904745668146e-10,0.9800074461463832,0.01999253422790747,1.8853618481383818e-08,25,20,20
26,6558,7.723963002067793e-10,0.9559479309710436,0.04405204940290559,1.8853654289063374e-08,25,20,20
26,6559,1.0721175244369186e-10,0.9425573973014627,0.05744258403647077,1.8554854533589358e-08,25,20,20
26,6560,9.623638049606353e-11,0.92017477825353,0.07982519638711588,2.526311770051724e-08,25,20,20
26,6561,9.623612498090887e-11,0.9201964518339006,0.079803522806841,2.526302194229926e-08,25,20,20
26,6562,9.695080817380267e-11,0.9188460120047014,0.08115396276233304,2.5136014353842775e-08,25,20,20
26,6563,9.792901323194244e-11,0.9000603090912486,0.09993966568021766,2.5130604537317704e-08,25,20,20
26,6564,1.1645187231047268e-06,0.8138466716021392,0.1861223144969358,2.9849382200285643e-05,25,20,20
26,6565,1.1645187231047268e-06,0.8138466716021392,0.1861223144969358,2.9849382200285643e-05,25,20,20
26,6566,9.754695224415674e-11,0.8533664377696526,0.14663353714626257,2.4986537481285287e-08,25,20,20
26,6567,9.75510145891975e-11,0.8516883340221157,0.14831164089379414,2.498653864691449e-08,25,20,20
26,6568,9.7551659547762e-11,0.8533843962606297,0.14661557865527544,2.49865427833731e-08,25,20,20
26,6569,9.75513252271037e-11,0.8533613373250727,0.14663863759083448,2.498654102758852e-08,25,20,20
26,6570,9.756201920657305e-11,0.8521451438725807,0.1478548310488732,2.4980983678494433e-08,25,20,20
26,6571,2.446412373788206e-09,0.8121768107892814,0.1878223228905912,8.638737136633398e-07,25,20,20
26,6572,6.382938204142726e-05,0.7462930678435196,0.25363506662824015,8.036146197523902e-06,25,20,20
26,6573,0.02198637761629388,0.7567570800465421,0.2212484420102029,8.100326959880249e-06,25,20,20
26,6574,0.021986375274281867,0.8361171603015385,0.14188920333696303,7.261087216366337e-06,25,20,20
26,6575,1.5546022606552388e-10,0.8885631151655596,0.11143684894544269,3.573353706608039e-08,25,20,20
26,6576,2.729574461465331e-10,0.8655107592211815,0.13448920507674345,3.5429117365490296e-08,25,20,20
26,6577,3.166496954682314e-10,0.8855163735219921,0.11448359103547631,3.5125881491580373e-08,25,20,20
26,6578,1.0197824061439776e-09,0.886048408969393,0.11395155488477124,3.51260530216748e-08,25,20,20
26,6579,1.047679621394264e-07,0.8654677113112748,0.1345321480424556,3.587830704310861e-08,25,20,20
26,6580,1.0476797767324481e-07,0.8559616162113847,0.14403824278902128,3.623161560553866e-08,25,20,20
26,6581,4.68061897768766e-08,0.8796145713361203,0.12038534542538545,3.6432303641230615e-08,25,20,20
26,6582,3.666186583265056e-09,0.9196229609063251,0.08037701712418324,1.8303304441645916e-08,25,20,20
26,6583,9.344366141028693e-10,0.9208938016807957,0.07910617908138773,1.830337935501539e-08,25,20,20
26,6584,9.344313836542517e-10,0.945479262617145,0.05452071814507667,1.8303346441213132e-08,25,20,20
26,6585,1.6382820112313435e-09,0.9870873201078243,0.012912659998615688,1.82552778931485e-08,25,20,20
26,6586,1.9632597856357035e-09,0.9675825342128153,0.0324174455606746,1.8263249998302592e-08,25,20,20
26,6587,1.9632337911286067e-09,0.9696874435730075,0.030312536189490945,1.8274267425585786e-08,25,20,20
26,6588,1.962375596782472e-09,0.9701546176617727,0.02984536210158298,1.8274268505627836e-08,25,20,20
26,6589,1.9155654215328783e-09,0.9564586926221224,0.04354128719335999,1.8268952143012997e-08,25,20,20
26,6590,1.566633681273022e-09,0.9375570041385062,0.06244297603388214,1.8260977689053706e-08,25,20,20
26,6591,8.621120350441822e-10,0.9909717359719025,0.009028244910369514,1.8255615863692277e-08,25,20,20
26,6592,8.621121670490908e-10,0.9880465747492775,0.011953406127677339,1.8260932913578038e-08,25,20,20
26,6593,1.1119591918326235e-09,0.9479364085628117,0.0520632080922965,3.8223293231603985e-07,25,20,20
26,6594,1.0638155223014802e-09,0.9320737176542684,0.06792589905463625,3.8222727966028556e-07,25,20,20
26,6595,1.1110101314074247e-09,0.9457666571551887,0.05423294247467201,3.992591288577373e-07,25,20,20
26,6596,1.1112320810647457e-09,0.9440359323842371,0.05596366725095913,3.9925357148900627e-07,25,20,20
26,6597,1.1112320810647457e-09,0.9440359323842371,0.05596366725095913,3.9925357148900627e-07,25,20,20
26,6598,1.0982250962536845e-09,0.943602405984859,0.05639719365801955,3.992588960807056e-07,25,20,20
26,6599,1.0980598996788353e-09,0.9265437416320884,0.07345585801332372,3.992565276907191e-07,25,20,20
26,6600,1.0631527773024341e-09,0.8893559438796496,0.11064367252842079,3.825287761414839e-07,25,20,20
26,6601,5.86439197530527e-08,0.8629090555411785,0.13709086148556118,2.4329340014173288e-08,25,20,20
26,6602,5.8643919776017635e-08,0.8231818553173502,0.17681806158636337,2.445236570110801e-08,25,20,20
26,6603,5.8643919776017635e-08,0.8231818553173502,0.17681806158636337,2.445236570110801e-08,25,20,20
26,6604,5.860859977916854e-08,0.8214136852091456,0.1785862317377425,2.444451149071069e-08,25,20,20
26,6605,6.635219032684111e-08,0.7814364049098782,0.18483327683345938,0.03373025190447153,25,20,20
26,6606,5.860860303671533e-08,0.8197174919949834,0.18028242464857105,2.474784189351394e-08,25,20,20
26,6607,5.8609243229885755e-08,0.8581949354809104,0.14180498128503266,2.4624813212249305e-08,25,20,20
26,6608,5.8609243229885755e-08,0.8581949354809104,0.14180498128503266,2.4624813212249305e-08,25,20,20
26,6609,5.8620451440679267e-08,0.8750210912742189,0.12497882549284137,2.4612487756805124e-08,25,20,20
26,6610,1.7448838326278878e-09,0.9008563734287756,0.09914360021385012,2.4612489957538913e-08,25,20,20
26,6611,8.036947464354828e-10,0.9659224019195662,0.03407757874461806,1.8532120764032515e-08,25,20,20
26,6612,8.042278689075299e-10,0.9504901105831348,0.04950987008266156,1.8529975461920924e-08,25,20,20
26,6613,8.216997433587043e-10,0.9261268185877364,0.07387279810242714,3.8248813617635744e-07,25,20,20
26,6614,9.839665795649006e-08,0.9091458166072693,0.09085370231211157,3.8268396068066064e-07,25,20,20
26,6615,9.839665795649006e-08,0.9091458166072693,0.09085370231211157,3.8268396068066064e-07,25,20,20
26,6616,1.7041470748925685e-07,0.8987418014263119,0.10125765595296671,3.7220601340290055e-07,25,20,20
26,6617,1.7041470748925685e-07,0.8987418014263119,0.10125765595296671,3.7220601340290055e-07,25,20,20
26,6618,9.838502076753063e-08,0.9245996993200959,0.07539983658653257,3.657083503768696e-07,25,20,20
26,6619,9.839839623664523e-08,0.9112799117648013,0.08871962404280465,3.657939974017072e-07,25,20,20
26,6620,2.5724638252647125e-06,0.9125320036891914,0.08746505327127307,3.705757099896048e-07,25,20,20
26,6621,2.5724745031513545e-06,0.9132693223218612,0.0867277346225597,3.705810757015212e-07,25,20,20
26,6622,2.572474437394047e-06,0.9160809850389668,0.08391605500507436,3.874815212007311e-07,25,20,20
26,6623,2.5759905241244396e-06,0.9154420370951974,0.08455499881494682,3.880993314024722e-07,25,20,20
26,6624,2.4784044229714685e-06,0.9310436009281606,0.06895355056365748,3.7010375857414195e-07,25,20,20
26,6625,2.478403581474195e-06,0.9322598016658828,0.06773734982677831,3.701037569465945e-07,25,20,20
26,6626,2.478403787249411e-06,0.933457050812967,0.06654010067922161,3.701040237712576e-07,25,20,20
26,6627,4.324671726860534e-09,0.9609106660905127,0.03908896405353171,3.655312837719219e-07,25,20,20
26,6628,4.325483395737468e-09,0.9604321724673325,0.039567457670679394,3.655365045799026e-07,25,20,20
26,6629,4.326648495904079e-09,0.941222737706433,0.05877637274157793,8.852253401904811e-07,25,20,20
26,6630,4.31463547750929e-09,0.9423741624832244,0.057624948284382256,8.849177576300539e-07,25,20,20
26,6631,7.983463179575949e-10,0.9418282316316297,0.05817088327563233,8.842943913928787e-07,25,20,20
26,6632,8.795051801152032e-10,0.9035467063641405,0.0964524084620559,8.842942981280918e-07,25,20,20
26,6633,8.795051801152032e-10,0.9035467063641405,0.0964524084620559,8.842942981280918e-07,25,20,20
26,6634,8.965014184963275e-10,0.8969545463488204,0.10304507029382287,3.824608546639031e-07,25,20,20
26,6635,8.807020113558809e-10,0.8957791229246749,0.10422047594729086,4.0024733154709234e-07,25,20,20
26,6636,3.676326908627797e-09,0.8540169937729429,0.14598158982640405,1.4127243255510782e-06,25,20,20
26,6637,3.6280060517549743e-09,0.8252936507355898,0.17470493290505967,1.4127313440106066e-06,25,20,20
26,6638,3.6401203698571147e-09,0.853999738604861,0.14599884470871108,1.4130463067820773e-06,25,20,20
26,6639,3.6401203698571147e-09,0.853999738604861,0.14599884470871108,1.4130463067820773e-06,25,20,20
26,6640,1.4084354324881255e-10,0.8787423193734959,0.12125728051694623,3.9996871348143075e-07,25,20,20
26,6641,1.224790837696144e-10,0.9045894217606736,0.0954105596744803,1.8442366198925524e-08,25,20,20
26,6642,3.984838316815919e-08,0.8770695468993277,0.12293039480001067,1.8452277683985588e-08,25,20,20
26,6643,3.98567341005092e-08,0.9052725976133327,0.09472732648395005,3.6045982483044055e-08,25,20,20
26,6644,3.992313334882003e-08,0.9052754691766741,0.09472445517088707,3.572930494160231e-08,25,20,20
26,6645,8.722127722835779e-08,0.9466881664451755,0.053311728507434035,1.782611292244898e-08,25,20,20
26,6646,1.612625099730789e-09,0.9410966934869088,0.058902712835589316,5.920648762858722e-07,25,20,20
26,6647,1.2887185452378212e-08,0.9135453744978789,0.08645373179360961,8.808213257259081e-07,25,20,20
26,6648,1.2936416815842232e-08,0.8791462470573134,0.12085285885990472,8.811463646932864e-07,25,20,20
26,6649,1.2936416752693997e-08,0.8791778670550231,0.120821238862195,8.811463646933336e-07,25,20,20
26,6650,1.6636111127052148e-09,0.9079165259225587,0.09208288001835435,5.923954752079244e-07,25,20,20
26,6651,1.663616181249743e-09,0.934925845898047,0.06507356013192296,5.923064135288305e-07,25,20,20
26,6652,1.676653024205697e-09,0.9577404110967451,0.042258994728778004,5.924978233495565e-07,25,20,20
26,6653,1.6642754183645903e-09,0.9721217007539189,0.027877704956803008,5.926250023450954e-07,25,20,20
26,6654,1.6642754183645903e-09,0.9721217007539189,0.027877704956803008,5.926250023450954e-07,25,20,20
26,6655,4.469005225160932e-08,0.9311656503432789,0.06883430395553926,1.0111292002733294e-09,25,20,20
26,6656,4.469035021731513e-08,0.9053650321243941,0.09463491577127281,7.4139819918246236e-09,25,20,20
26,6657,8.999340745647325e-11,0.904520601895129,0.09547937346196379,2.455291304894379e-08,25,20,20
26,6658,1.3916347343679334e-10,0.9041074961884106,0.09589247880599369,2.4866431430117207e-08,25,20,20
26,6659,1.3916347343679334e-10,0.9041074961884106,0.09589247880599369,2.4866431430117207e-08,25,20,20
26,6660,3.066972962269157e-10,0.8645382720911647,0.13536700982812686,9.471777401016268e-05,25,20,20
26,6661,1.0124413499977657e-09,0.8871662405077804,0.11273902963461074,9.472884516651448e-05,25,20,20
26,6662,1.0600367410802135e-09,0.9258371650637988,0.07406810503088906,9.472884527528308e-05,25,20,20
26,6663,1.0903594008129214e-09,0.8851773232458505,0.11472628106050965,9.639460327942137e-05,25,20,20
26,6664,1.3896130583185589e-09,0.8642917795821035,0.13561348955076083,9.472947752211825e-05,25,20,20
26,6665,1.395965576986746e-09,0.8648257720619377,0.13507949722746754,9.472931462888525e-05,25,20,20
26,6666,1.079002894690168e-09,0.8451132127064763,0.15479207487596386,9.471133855650773e-05,25,20,20
26,6667,1.1368740795150707e-06,0.8449043109126972,0.1549998408674345,9.471134578808676e-05,25,20,20
26,6668,1.136861170503453e-06,0.8542496454861069,0.14565450595778193,9.471169493989921e-05,25,20,20
26,6669,1.140807993485006e-06,0.8761231929856702,0.12378085373039543,9.481247594031697e-05,25,20,20
26,6670,1.140772488353878e-06,0.8369554621820035,0.16294858488002997,9.481216547772468e-05,25,20,20
26,6671,4.827785636943194e-09,0.8800066726955231,0.11999318603300523,1.3644368489966534e-07,25,20,20
26,6672,8.847321548775837e-10,0.8754967624954993,0.1245022474539787,9.891657890170614e-07,25,20,20
26,6673,8.856145418231299e-10,0.8754528391570908,0.12454617079150342,9.891657907247508e-07,25,20,20
26,6674,8.847395687977713e-10,0.8788896065129213,0.12110940373978442,9.88862554328586e-07,25,20,20
26,6675,8.744494306454459e-10,0.8891205142380687,0.11087849094787923,9.93939602156558e-07,25,20,20
26,6676,8.707454735712625e-10,0.9189730756235684,0.08102593432729913,9.891783867536903e-07,25,20,20
26,6677,2.0886369049949104e-10,0.8796361513103278,0.12036287628995579,9.72190852408055e-07,25,20,20
26,6678,3.995042910030844e-05,0.906956887871788,0.0929842590488923,1.8902650219135268e-05,25,20,20
26,6679,3.9950422247657793e-05,0.9465310131298523,0.05341013397711074,1.8902470789145633e-05,25,20,20
26,6680,3.995042138033687e-05,0.9461392144928396,0.05380193261499272,1.8902470787448478e-05,25,20,20
26,6681,2.0082824625569138e-10,0.9340518975799013,0.06594715106802151,9.511512485716787e-07,25,20,20
26,6682,1.7057857062009164e-10,0.934061059231189,0.0659379894503366,9.511478953075237e-07,25,20,20
26,6683,1.7060921624127913e-10,0.9340696177569722,0.06592943092442527,9.511479928055776e-07,25,20,20
26,6684,1.5058759141234805e-07,0.9724165747203086,0.027582306648153067,9.68043946421438e-07,25,20,20
26,6685,1.5058759141234805e-07,0.9724165747203086,0.027582306648153067,9.68043946421438e-07,25,20,20
26,6686,1.5053862895366814e-07,0.9728610486338399,0.02713783309700551,9.677305254610677e-07,25,20,20
26,6687,1.5056460871073585e-07,0.9333041265443925,0.06669474567833916,9.772126592551494e-07,25,20,20
26,6688,1.5056534294610006e-07,0.9487103242293982,0.05128854798710305,9.772181554679332e-07,25,20,20
26,6689,1.5053872611230776e-07,0.9872301622741059,0.012768719450961854,9.677362062389163e-07,25,20,20
26,6690,1.5053872611230776e-07,0.9872301622741059,0.012768719450961854,9.677362062389163e-07,25,20,20
26,6691,1.5047950911617025e-07,0.9893806823673229,0.010618199427777418,9.677253906836363e-07,25,20,20
26,6692,1.5052822981243329e-07,0.9908420052532118,0.009156876799590175,9.674189682709428e-07,25,20,20
26,6693,1.8723854353316582e-07,0.9873438292471749,0.012655015805922043,9.67708359517926e-07,25,20,20
26,6694,1.8723937468704153e-07,0.9856254857797763,0.01437335896915591,9.680116932474412e-07,25,20,20
26,6695,3.6971416137273065e-08,0.9587686742460698,0.0412300489073494,1.2398751647149582e-06,25,20,20
26,6696,3.6971400976373915e-08,0.9587810859702508,0.041217637183185,1.239875163035368e-06,25,20,20
26,6697,3.692348033246187e-08,0.9599903222079267,0.04000840098787229,1.239880720489278e-06,25,20,20
26,6698,3.761787852775121e-08,0.9614226019108781,0.038576409350234445,9.511210086499525e-07,25,20,20
26,6699,3.7664599604179226e-08,0.9597583199221886,0.040240691292435835,9.511207758034887e-07,25,20,20
26,6700,3.766459954400261e-08,0.9410105668511668,0.058988444363501785,9.511207317025457e-07,25,20,20
26,6701,3.766459954400261e-08,0.9410105668511668,0.058988444363501785,9.511207317025457e-07,25,20,20
26,6702,1.051158089607047e-05,0.9282479556272051,0.07174058165947927,9.511324190043237e-07,25,20,20
26,6703,3.952963654505926e-08,0.9684796252891842,0.03151938434741554,9.508337635474132e-07,25,20,20
26,6704,3.9558127325083423e-08,0.9231014137388018,0.07689759588270992,9.508203606739702e-07,25,20,20
26,6705,3.9584949010513314e-08,0.9072655109465302,0.09273349865898077,9.508095401571141e-07,25,20,20
26,6706,3.94996274292806e-08,0.9286949898484896,0.0713049700255475,6.263355845135743e-10,25,20,20
26,6707,4.02048211609588e-08,0.9371679982826444,0.06283196058791972,9.246147777329769e-10,25,20,20
26,6708,4.020482115801885e-08,0.9371373270603928,0.06286263181546352,9.193226552156626e-10,25,20,20
26,6709,4.022237758210991e-08,0.9300532079501863,0.06994638693947552,3.648879604448819e-07,25,20,20
26,6710,1.9654023002007772e-08,0.8960733483315895,0.10392626834944509,3.636649424755882e-07,25,20,20
26,6711,1.8014719213379963e-08,0.9117029872072656,0.08829662472162862,3.7005638665824623e-07,25,20,20
26,6712,1.8014719078797248e-08,0.9105089331414944,0.08949067848026444,3.703635221007713e-07,25,20,20
26,6713,1.8014734446976997e-08,0.9101039716592864,0.08989564026964877,3.7005633039410447e-07,25,20,20
26,6714,8.410463915481273e-07,0.8983569735790461,0.10164146962985937,7.157447029928876e-07,25,20,20
26,6715,8.410463915481273e-07,0.8983569735790461,0.10164146962985937,7.157447029928876e-07,25,20,20
26,6716,8.410532061360601e-07,0.8842026049562915,0.11579582074754909,7.332429532184927e-07,25,20,20
26,6717,1.8062429520581567e-08,0.8704054458315053,0.12952696519280374,6.757091326133054e-05,25,20,20
26,6718,1.8061536578500118e-08,0.8450297645804077,0.15490264645378338,6.757090427226853e-05,25,20,20
26,6719,1.5304570466128275e-08,0.8460689431743953,0.15386347062766736,6.757089336695606e-05,25,20,20
26,6720,2.0812675767864818e-07,0.8443737315025459,0.15555847208321588,6.758828748061591e-05,25,20,20
26,6721,3.935989199398579e-06,0.7905793201450781,0.20934915557984077,6.758828588125193e-05,25,20,20
26,6722,3.936043889611988e-06,0.7909756809969767,0.20895279466714647,6.75882919867533e-05,25,20,20
26,6723,5.2955926450657534e-05,0.7147917459006604,0.28508761331184646,6.768486104177443e-05,25,20,20
26,6724,7.153868259487844e-05,0.7244404535546574,0.27541282535320255,7.518240954495552e-05,25,20,20
26,6725,7.134585956485941e-05,0.7265815200078417,0.27327196911716095,7.516501543235337e-05,25,20,20
26,6726,7.134578853072063e-05,0.7257400346788326,0.27418063723746255,7.982295173918762e-06,25,20,20
26,6727,7.28288740168685e-05,0.725708778064951,0.2742104060982831,7.986962748880732e-06,25,20,20
26,6728,7.28288740168685e-05,0.725708778064951,0.2742104060982831,7.986962748880732e-06,25,20,20
26,6729,5.22854945813549e-06,0.7644613329794268,0.2355330455248808,3.929462348470402e-07,25,20,20
26,6730,5.226192670512094e-06,0.8043153138324112,0.1956790498565818,4.101183368355382e-07,25,20,20
26,6731,3.747669134142418e-06,0.8301076566247652,0.16988818986434606,4.0584175484927515e-07,25,20,20
26,6732,3.7476693599380857e-06,0.8013801752898133,0.19861567119760712,4.0584321974018055e-07,25,20,20
26,6733,3.7476693599380857e-06,0.8013801752898133,0.19861567119760712,4.0584321974018055e-07,25,20,20
26,6734,3.746676932408821e-06,0.8084613072574618,0.19153454645075527,3.9961485044925064e-07,25,20,20
26,6735,9.944554198335538e-06,0.7776067625853003,0.22238258807553632,7.047849647532328e-07,25,20,20
26,6736,9.939965023584601e-06,0.8355318192104454,0.1644575365463873,7.042781438897836e-07,25,20,20
26,6737,6.392651221708449e-06,0.8784005870914453,0.12159231597783758,7.042794952118426e-07,25,20,20
26,6738,3.3339499547148417e-07,0.9164212210272946,0.08357841009810629,3.5479603505458216e-08,25,20,20
26,6739,3.3339499498732813e-07,0.8764633293208203,0.12353630180458133,3.5479603162017835e-08,25,20,20
26,6740,1.5283859587430942e-07,0.9164730453199286,0.08352676637185909,3.546961629952754e-08,25,20,20
26,6741,0.005699035636816695,0.8765179157193007,0.11778301317211881,3.547176354240198e-08,25,20,20
26,6742,0.005699035636805959,0.877170343209378,0.11713060317354312,1.7980272741114356e-08,25,20,20
26,6743,0.005699035636805959,0.877170343209378,0.11713060317354312,1.7980272741114356e-08,25,20,20
26,6744,0.005699035636790748,0.8759708205584665,0.11833012614101891,1.7663723763781572e-08,25,20,20
26,6745,1.5283857341607857e-07,0.877169888299145,0.12282994119524215,1.766703941835102e-08,25,20,20
26,6746,1.5283212233247506e-07,0.886540175685568,0.11345965388893443,1.7593375431137968e-08,25,20,20
26,6747,1.5730662002483513e-07,0.8865457537862923,0.1134540430937234,4.581336419580092e-08,25,20,20
26,6748,1.5732162092587994e-07,0.8402701216049471,0.1597296752709139,4.580251779620172e-08,25,20,20
26,6749,1.5732162092587994e-07,0.8402701216049471,0.1597296752709139,4.580251779620172e-08,25,20,20
26,6750,1.5351889193449001e-07,0.9059917067723311,0.09400810514940026,3.4559376821825544e-08,25,20,20
26,6751,1.5350653033197907e-07,0.9060338607269074,0.09396595120718691,3.4559375244481306e-08,25,20,20
26,6752,1.5350651609688322e-07,0.9072278620583422,0.09277194987576809,3.455937361688818e-08,25,20,20
26,6753,4.125447046640151e-07,0.867228964838545,0.13277058806283476,3.4553915505563535e-08,25,20,20
26,6754,1.5350673510094705e-07,0.9442698214557109,0.055729990483550956,3.455400303559073e-08,25,20,20
26,6755,1.5283233138231513e-07,0.9442637946767743,0.05573603459581958,1.7895074694979432e-08,25,20,20
26,6756,1.5283146721439942e-07,0.9442863838442723,0.05571344544020143,1.7884059094945004e-08,25,20,20
26,6757,1.528314853767122e-07,0.9421328797015802,0.05786694957225077,1.7894683806988337e-08,25,20,20
26,6758,1.5283124959690762e-07,0.9685409959721666,0.03145883338554774,1.781103640606349e-08,25,20,20
26,6759,3.982506939768714e-09,0.9264863228369407,0.07351268938439703,9.837961549508026e-07,25,20,20
26,6760,6.101611594896715e-07,0.8354028380657001,0.16459653230074797,1.9472391912398387e-08,25,20,20
26,6761,7.573311258330595e-07,0.8453767175152228,0.15462250575048675,1.9403164300117694e-08,25,20,20
26,6762,7.573311258331198e-07,0.8453768739333506,0.15462234933236052,1.9403162648186018e-08,25,20,20
26,6763,7.147876914298291e-07,0.8353569250956767,0.1646423407149639,1.9401667243782545e-08,25,20,20
26,6764,1.504558192927535e-07,0.9401771547867201,0.059822659043094195,3.571436582516125e-08,25,20,20
26,6765,1.5045667812001902e-07,0.9397551873160325,0.06024462650752001,3.571976884143206e-08,25,20,20
26,6766,1.5045647061884e-07,0.9414512689116495,0.05854854491211041,3.5719768913520696e-08,25,20,20
26,6767,1.50455733328062e-07,0.9661675403947396,0.0338322734314713,3.571805534602906e-08,25,20,20
26,6768,1.508362735803421e-07,0.9477482217575579,0.05225159168521035,3.572095771761819e-08,25,20,20
26,6769,1.5083714821452872e-07,0.9477049912015676,0.05229482192387456,3.6037409044044286e-08,25,20,20
26,6770,1.5083714804647325e-07,0.908000189423472,0.09199962369981364,3.603956571016927e-08,25,20,20
26,6771,1.50445188070597e-07,0.8855970544710661,0.11440182646825686,9.686154882430671e-07,25,20,20
26,6772,1.5044518803198406e-07,0.9236061874686905,0.07639269347269749,9.686134232291828e-07,25,20,20
26,6773,1.5044518803198406e-07,0.9236061874686905,0.07639269347269749,9.686134232291828e-07,25,20,20
26,6774,1.7209131058628935e-07,0.8846953573726738,0.11530350175205457,9.68783960389076e-07,25,20,20
26,6775,1.720919667107966e-07,0.8864232631236306,0.11357559630913579,9.684752657016074e-07,25,20,20
26,6776,1.7209050995381333e-07,0.8707807060886695,0.12921910383681623,1.79840033282383e-08,25,20,20
26,6777,1.7214076410987714e-07,0.9090685149326784,0.09093129431722655,1.8609330025168738e-08,25,20,20
26,6778,1.7214076410987714e-07,0.9090685149326784,0.09093129431722655,1.8609330025168738e-08,25,20,20
26,6779,2.4538368214250862e-08,0.9135265714627452,0.08647336814176386,3.5857122278149805e-08,25,20,20
26,6780,2.918213820603266e-09,0.9302977309440108,0.06970222983080963,3.630696537917092e-08,25,20,20
26,6781,2.9173007771833797e-09,0.9695063012324024,0.030493659537850742,3.63124458857949e-08,25,20,20
26,6782,3.5921709482691464e-09,0.96779876498711,0.03220119510817815,3.6312540798557776e-08,25,20,20
26,6783,4.5902054439197975e-09,0.9623977560887808,0.03760220332396284,3.599705090744105e-08,25,20,20
26,6784,3.6409481708836082e-09,0.9875726238225393,0.012427336533987874,3.600252468780185e-08,25,20,20
26,6785,3.640944571512744e-09,0.9904844882372171,0.009515472113761098,3.600807717057293e-08,25,20,20
26,6786,4.068685952359182e-09,0.9306406568487747,0.06935930261402659,3.646851192976819e-08,25,20,20
26,6787,3.6769620927993365e-09,0.9905955382249425,0.009404421797552978,3.63005424285635e-08,25,20,20
26,6788,3.6769767365525054e-09,0.9918113094796841,0.008188650542889465,3.630044957722984e-08,25,20,20
26,6789,3.628752035577234e-09,0.9935615318989215,0.006438428475304558,3.599702156716562e-08,25,20,20
26,6790,3.646503992848201e-09,0.9263509013922053,0.0736484813450509,6.136162390273279e-07,25,20,20
26,6791,0.0002161399953047309,0.8316693402283956,0.16809582637298648,1.8693403312732504e-05,25,20,20
26,6792,0.0001557797741473387,0.8529136858350692,0.1469118430751063,1.8691315677056965e-05,25,20,20
26,6793,0.000155779823148539,0.8799351299193988,0.11989068770154318,1.8402555909204355e-05,25,20,20
26,6794,1.1724517474359448e-10,0.9626614806458109,0.03733753092610178,9.883108419143032e-07,25,20,20
26,6795,1.1724517474359448e-10,0.9626614806458109,0.03733753092610178,9.883108419143032e-07,25,20,20
26,6796,8.345138030846059e-11,0.9434977675893222,0.0565012268810217,1.0054462044036146e-06,25,20,20
26,6797,4.42599949702633e-09,0.8650106515497265,0.1349883380903116,1.0059339621125704e-06,25,20,20
26,6798,4.413704369843466e-09,0.8671464484583419,0.13285254626710455,1.0008608486911402e-06,25,20,20
26,6799,4.413704369843466e-09,0.8671464484583419,0.13285254626710455,1.0008608486911402e-06,25,20,20
26,6800,4.413704523223934e-09,0.8929473224331247,0.10705167229235635,1.0008608141771052e-06,25,20,20
26,6801,2.598542364701522e-07,0.8523134204982603,0.14768531847470784,1.0011727949924785e-06,25,20,20
26,6802,2.598280651848928e-07,0.8553828586031927,0.1446158803989598,1.001169781716255e-06,25,20,20
26,6803,2.598273497230034e-07,0.8954041324960272,0.1045946065068423,1.00116978036648e-06,25,20,20
26,6804,4.435460747434931e-09,0.9326821381549442,0.06731685653840387,1.0008711909267052e-06,25,20,20
26,6805,6.926295416853023e-11,0.969902130131629,0.03009688639392223,9.83405186033658e-07,25,20,20
26,6806,7.361429445015889e-11,0.9843527957129758,0.0156462040160119,1.0001973979873392e-06,25,20,20
26,6807,7.339435646585651e-11,0.9838736673008388,0.016125332428601615,1.000197165256643e-06,25,20,20
26,6808,7.337998023686315e-11,0.9855607988840447,0.014438200850634382,1.0001919410494155e-06,25,20,20
26,6809,7.421995308943478e-11,0.9591361197476196,0.04086287998618799,1.0001919724724808e-06,25,20,20
26,6810,8.080608011770367e-11,0.9272574799651504,0.07274151018178146,1.0097722616783526e-06,25,20,20
26,6811,6.873859379669339e-11,0.9002702463028127,0.09972876113921465,9.924892330376166e-07,25,20,20
26,6812,6.837538883315383e-11,0.9225242933486086,0.07747566980801397,3.677500173365863e-08,25,20,20
26,6813,6.219102435676381e-05,0.8426092956807818,0.15732729372740029,1.2195674606778712e-06,25,20,20
26,6814,6.219102435681533e-05,0.8409222866809719,0.15901430272721007,1.2195674606056672e-06,25,20,20
26,6815,6.222815194598124e-05,0.8396560437194224,0.16028050827333548,1.2198552958784791e-06,25,20,20
26,6816,2.2191500669356663e-07,0.8808619723134504,0.11913658591135068,1.219860192175828e-06,25,20,20
26,6817,2.21915870470336e-07,0.909577142978102,0.090421415545219,1.219560808406921e-06,25,20,20
26,6818,2.2190403502289463e-07,0.9113196372687544,0.08867893854524916,1.2022819612153425e-06,25,20,20
26,6819,2.2190403902827503e-07,0.9130151348981755,0.08698344091558835,1.202282196915485e-06,25,20,20
26,6820,2.2190404233237675e-07,0.9113032832769216,0.08869529254239654,1.202276639583972e-06,25,20,20
26,6821,2.219040233030309e-07,0.911304403539369,0.08869417228006533,1.2022765420623973e-06,25,20,20
26,6822,2.2560223520073962e-07,0.9076716541196866,0.09232689615658832,1.224121489214497e-06,25,20,20
26,6823,3.710295485118487e-09,0.8961240197768503,0.10387594570447416,3.080837934137565e-08,25,20,20
26,6824,3.710295485118487e-09,0.8961240197768503,0.10387594570447416,3.080837934137565e-08,25,20,20
26,6825,3.710523637632507e-09,0.8977691177463772,0.10223084772915798,3.0813940654418086e-08,25,20,20
26,6826,3.545446977224696e-10,0.9017308401244173,0.09826905003266759,1.0948837007877642e-07,25,20,20
26,6827,4.635343282868265e-06,0.9252798716596216,0.07471548600437654,6.992718205058307e-09,25,20,20
26,6828,5.793232922502043e-11,0.9459349884749549,0.054064472559793374,5.38907318551408e-07,25,20,20
26,6829,5.785529057538959e-11,0.9182856848770024,0.081713782788645,5.322764964591554e-07,25,20,20
26,6830,5.785529057538959e-11,0.9182856848770024,0.081713782788645,5.322764964591554e-07,25,20,20
26,6831,5.143650001094859e-11,0.9756590285711405,0.024340971013047635,3.6437501010709496e-10,25,20,20
26,6832,5.091528730795178e-11,0.9490639980407858,0.0509356366354131,3.652728846624349e-07,25,20,20
26,6833,5.0900072510689526e-11,0.9490863718562724,0.050913262825401706,3.6526742483908456e-07,25,20,20
26,6834,1.4215729299890198e-08,0.9086039311003506,0.09139173609108239,4.31859283755404e-06,25,20,20
26,6835,6.771788868560337e-10,0.9461000267787891,0.05389960667188442,3.658721469611817e-07,25,20,20
26,6836,6.780058139831683e-10,0.945595912363418,0.05440370411461717,3.82843958422805e-07,25,20,20
26,6837,6.780058139831683e-10,0.945595912363418,0.05440370411461717,3.82843958422805e-07,25,20,20
26,6838,3.1066693429535073e-06,0.9053071204428365,0.09468939065614192,3.822316784058652e-07,25,20,20
26,6839,3.1066849299219866e-06,0.8781408341978734,0.12185567688567951,3.822315168349616e-07,25,20,20
26,6840,3.107353399027939e-06,0.9017529867069694,0.09824291352184573,9.92417785933771e-07,25,20,20
26,6841,3.1073651117904497e-06,0.9142776899330185,0.08571820998596451,9.927159050709996e-07,25,20,20
26,6842,3.1073487031160215e-06,0.9419886796462147,0.058007237255462474,9.757496194516504e-07,25,20,20
26,6843,3.1073487031160215e-06,0.9419886796462147,0.058007237255462474,9.757496194516504e-07,25,20,20
26,6844,7.194915151132482e-10,0.9656161123755328,0.03438290190082998,9.850041457508193e-07,25,20,20
26,6845,1.0145892922131111e-10,0.9723650712417168,0.02763492799094813,6.658757217867665e-10,25,20,20
26,6846,1.0209259484868258e-10,0.9747842211557947,0.0252157780776205,6.64491949122314e-10,25,20,20
26,6847,2.870171140162169e-09,0.9730514199214292,0.02694857685489065,3.5350902065390114e-10,25,20,20
26,6848,2.9132193485355704e-09,0.9317365205931141,0.06826284682943207,6.29664234247012e-07,25,20,20
26,6849,2.882002416222798e-09,0.952584170986325,0.04741582546817674,6.634958213751094e-10,25,20,20
26,6850,2.8820321515599597e-09,0.9534380293166642,0.046561967143126035,6.581775084691615e-10,25,20,20
26,6851,2.8330919759975893e-09,0.953242380025538,0.04675761647771942,6.636508532259117e-10,25,20,20
26,6852,2.8331035120401907e-09,0.968813010446356,0.03118698575226959,9.682711026150816e-10,25,20,20
26,6853,2.8331035120401907e-09,0.968813010446356,0.03118698575226959,9.682711026150816e-10,25,20,20
26,6854,2.833446269469149e-09,0.9488260773687823,0.051173918837687,9.600845970311597e-10,25,20,20
26,6855,9.336655695748297e-08,0.9334182235838898,0.06658167222627794,1.0823275669184353e-08,25,20,20
26,6856,9.336737205500213e-08,0.932174525824073,0.0678253533362711,2.747228402037176e-08,25,20,20
26,6857,4.08322338508628e-07,0.8921082076235792,0.10789135655600132,2.749808098437058e-08,25,20,20
26,6858,4.0835169927267007e-07,0.8506721858508124,0.1493273779985432,2.7798944761870976e-08,25,20,20
26,6859,4.0835169927267007e-07,0.8506721858508124,0.1493273779985432,2.7798944761870976e-08,25,20,20
26,6860,1.2080413035053269e-06,0.8104034301292654,0.18959531643722907,4.539220105147254e-08,25,20,20
26,6861,4.0839440672883126e-07,0.7961394548231178,0.20386006227719766,7.450527662758785e-08,25,20,20
26,6862,4.083940767684483e-07,0.8360659360152265,0.16393358076904754,7.482164828064053e-08,25,20,20
26,6863,4.083926868168716e-07,0.8760548188329945,0.1239447270543414,4.5719977083048415e-08,25,20,20
26,6864,4.083926868168716e-07,0.8760548188329945,0.1239447270543414,4.5719977083048415e-08,25,20,20
26,6865,4.087906973640035e-07,0.8778294652128277,0.12217008028130703,4.571516771162711e-08,25,20,20
26,6866,4.0879103121301436e-07,0.8590626386380344,0.1409369068472588,4.57236750162222e-08,25,20,20
26,6867,0.0002416742049542981,0.783275161458106,0.21648204818217529,1.1161547622338158e-06,25,20,20
26,6868,0.0002416742044213053,0.7974742934976499,0.20228291614316402,1.1161547628231036e-06,25,20,20
26,6869,0.0002416737279244846,0.8093177041345412,0.19043950630049478,1.1158370376902225e-06,25,20,20
26,6870,0.00024135595614061106,0.8377293176823116,0.16202821086848804,1.1154930596229655e-06,25,20,20
26,6871,0.004651278478639449,0.8278148646574433,0.16752405014968136,9.806714235375854e-06,25,20,20
26,6872,0.004409925347964225,0.9494426232350702,0.04613876017147908,8.691245486569646e-06,25,20,20
26,6873,1.6470440199493472e-12,0.9525407229167893,0.047459277058978164,2.2585287783254113e-11,25,20,20
26,6874,2.8097914786874515e-11,0.9720810637980979,0.027918918491450714,1.768235385053492e-08,25,20,20
26,6875,2.808275503131215e-11,0.9732972227480711,0.026702759541419256,1.768242702235106e-08,25,20,20
26,6876,2.8072090131450694e-11,0.9733533377941852,0.02664666198132748,1.9641543605388095e-10,25,20,20
26,6877,2.7650859364891826e-11,0.975039195409371,0.02496080437221178,1.9076625211861539e-10,25,20,20
26,6878,2.7650859364891826e-11,0.975039195409371,0.02496080437221178,1.9076625211861539e-10,25,20,20
26,6879,1.3532968531788477e-12,0.9954028645900412,0.004597135385916521,2.2689041306832974e-11,25,20,20
26,6880,2.220973088250489e-12,0.9941473162751935,0.005852683387209265,3.3537628948471383e-10,25,20,20
26,6881,1.3944856982303842e-12,0.9941477474951665,0.005852252173356653,3.30082486546266e-10,25,20,20
26,6882,2.2468626788439345e-12,0.9953949169892061,0.004605082678560099,3.29986831773447e-10,25,20,20
26,6883,2.450544682002204e-12,0.9936401413776211,0.006358875298479787,9.833214485355017e-07,25,20,20
26,6884,1.9767806623541625e-11,0.9696192475614421,0.030380752086931837,3.318580216800745e-10,25,20,20
26,6885,8.202959613280168e-11,0.9305622741938114,0.06943641215560901,1.3135685495313528e-06,25,20,20
26,6886,0.00024145769587458857,0.8178754757886285,0.18188174107956834,1.325435927322023e-06,25,20,20
26,6887,0.00024145769587825158,0.8365676516111425,0.16318956525154638,1.325441431677544e-06,25,20,20
26,6888,0.0002414576816985059,0.8752282885184376,0.1245302415896243,1.2210239612969415e-08,25,20,20
26,6889,0.0009047426405465608,0.8193487720873253,0.17974644981410925,3.54580178002482e-08,25,20,20
26,6890,0.0009047426405627737,0.8363547173269289,0.16274050458290362,3.544960340253289e-08,25,20,20
26,6891,0.0009047426232518124,0.8615826474141195,0.13751257450951773,3.545311046293938e-08,25,20,20
26,6892,2.5893083517203616e-07,0.9132100648241743,0.08678962887867224,4.7366318331317166e-08,25,20,20
26,6893,2.58930849923845e-07,0.9119720715979178,0.08802762209952734,4.7371704985062254e-08,25,20,20
26,6894,2.5893084982142435e-07,0.9102663296521795,0.0897333643617936,4.705517702142701e-08,25,20,20
26,6895,2.7798164563218467e-09,0.9491482112776819,0.05085173939221037,4.6550290840692664e-08,25,20,20
26,6896,2.7798426908845493e-09,0.9491564073586857,0.05084354331673675,4.6544734703030556e-08,25,20,20
26,6897,6.972807127561167e-11,0.9246569778585387,0.07534298660763901,3.546409387498382e-08,25,20,20
26,6898,8.536602630439141e-06,0.9210183212175944,0.0789720996157905,1.0425639841092026e-06,25,20,20
26,6899,8.536602873795774e-06,0.8635219483777687,0.13646847245936913,1.042559987978506e-06,25,20,20
26,6900,8.536513928097637e-06,0.9276270996427511,0.07236332129612132,1.0425471993291426e-06,25,20,20
26,6901,5.203810704607937e-11,0.9306849973747506,0.06931496711849067,3.545472028503714e-08,25,20,20
26,6902,5.203810704607937e-11,0.9306849973747506,0.06931496711849067,3.545472028503714e-08,25,20,20
26,6903,5.097376795052601e-11,0.9623402623363407,0.037659719127236216,1.848544907155052e-08,25,20,20
26,6904,5.098545671207093e-11,0.946901617769528,0.05309836349941985,1.868006638372465e-08,25,20,20
26,6905,5.098555531356567e-11,0.9485988641401741,0.05140111712877367,1.8680066287674882e-08,25,20,20
26,6906,5.2656205661596795e-11,0.9743581564092171,0.025641807063308857,3.647481757870067e-08,25,20,20
26,6907,5.2656205661596795e-11,0.9743581564092171,0.025641807063308857,3.647481757870067e-08,25,20,20
26,6908,9.949756743345854e-11,0.9583034862093044,0.04169646640578382,4.72854141286952e-08,25,20,20
26,6909,9.948318995284713e-11,0.9599989965901453,0.04000095602505053,4.728532082494645e-08,25,20,20
26,6910,1.4746892457826908e-10,0.9380087201992768,0.061991232521774096,4.713147998135967e-08,25,20,20
26,6911,1.596793963533292e-10,0.9522130756320734,0.04778687695869985,4.7249547159026373e-08,25,20,20
26,6912,1.720378485110585e-10,0.9522272080269386,0.04777274454601846,4.7255004775653835e-08,25,20,20
26,6913,4.0473219219831774e-09,0.8772733144112125,0.12272665004535821,3.149610719110938e-08,25,20,20
26,6914,4.047306641742571e-09,0.8773266862281449,0.12267327854496639,3.117958211985813e-08,25,20,20
26,6915,2.2721727449538602e-10,0.9337909777692472,0.0662089927108129,2.9292722295933797e-08,25,20,20
26,6916,1.795017368342422e-10,0.9323270931137396,0.06767285990371945,4.6803039029976014e-08,25,20,20
26,6917,2.445528949152015e-05,0.9067422935003312,0.09323321580195007,3.5408227094075044e-08,25,20,20
26,6918,2.445528864631956e-05,0.8798818484709617,0.12009367296420624,2.3276185590806873e-08,25,20,20
26,6919,2.445533575380738e-05,0.8781730730505646,0.12180244834296175,2.3270719604928203e-08,25,20,20
26,6920,2.445533575380738e-05,0.8781730730505646,0.12180244834296175,2.3270719604928203e-08,25,20,20
26,6921,2.4455289243914788e-05,0.9087781613920395,0.0911973823273463,9.913703081434527e-10,25,20,20
26,6922,2.4455234033588586e-05,0.92217532711356,0.07780021701115294,6.412533856152199e-10,25,20,20
26,6923,2.4455185754200177e-05,0.9225888376528087,0.07738670652012614,6.413108411403444e-10,25,20,20
26,6924,6.263249752555433e-11,0.9632297599032716,0.036770239696137,3.3795898636708896e-10,25,20,20
26,6925,4.4643045001850935e-08,0.9240782664506904,0.0759216882224218,6.838428417728687e-10,25,20,20
26,6926,4.732486935315962e-08,0.9233381173302181,0.07666181779577395,1.7549138729279696e-08,25,20,20
26,6927,4.732486935315962e-08,0.9233381173302181,0.07666181779577395,1.7549138729279696e-08,25,20,20
26,6928,2.8397121879083063e-09,0.9354582874111191,0.06454169224826875,1.7500899884378732e-08,25,20,20
26,6929,2.7931927477010074e-09,0.9350428438754693,0.0649571358359834,1.7495354599945055e-08,25,20,20
26,6930,2.7931927477010074e-09,0.9350428438754693,0.0649571358359834,1.7495354599945055e-08,25,20,20
26,6931,2.7931927477010074e-09,0.9350428438754693,0.0649571358359834,1.7495354599945055e-08,25,20,20
26,6932,2.841701880922179e-09,0.9029078991535442,0.09708829928283141,3.7987219227830534e-06,25,20,20
26,6933,5.5025058234617375e-09,0.9603154718392307,0.03968448787888488,3.477937865831149e-08,25,20,20
26,6934,2.8317803245293913e-09,0.9610317502988582,0.03896821177647392,3.509288747864678e-08,25,20,20
26,6935,2.8302649833950677e-09,0.9324325702470113,0.06756739173554915,3.5187174256080386e-08,25,20,20
26,6936,2.7830000613968163e-09,0.9346765737552565,0.06532338827446926,3.5187274166846966e-08,25,20,20
26,6937,2.7901046227531057e-09,0.9262670168930741,0.07373294513342091,3.518339984035453e-08,25,20,20
26,6938,2.7901198513241795e-09,0.9262591302322075,0.07374083179417637,3.518349566304452e-08,25,20,20
26,6939,2.8029744212358303e-09,0.9238586297473251,0.07614133226090884,3.5188791224561134e-08,25,20,20
26,6940,2.8029744212358303e-09,0.9238586297473251,0.07614133226090884,3.5188791224561134e-08,25,20,20
26,6941,2.798960357828495e-09,0.8669251049051967,0.13307485710395459,3.519188782133656e-08,25,20,20
26,6942,2.7989600171842967e-09,0.8669106175070089,0.1330893445022403,3.519179028716336e-08,25,20,20
26,6943,2.7989600171842967e-09,0.8669106175070089,0.1330893445022403,3.519179028716336e-08,25,20,20
26,6944,2.799207515119334e-09,0.8668994955161747,0.13310046649272972,3.5191887784997494e-08,25,20,20
26,6945,2.7987719593757048e-09,0.89236965793837,0.10763030387634316,3.5386514482747266e-08,25,20,20
26,6946,1.2962039348241736e-09,0.8997481579225679,0.10025181514079082,2.5640437316127274e-08,25,20,20
26,6947,1.2953662386844226e-09,0.9009557110578648,0.09904426200633155,2.5640437338724403e-08,25,20,20
26,6948,4.021723128580523e-09,0.933000440597718,0.0669995297379613,2.5642597075493844e-08,25,20,20
26,6949,4.021702507973327e-09,0.9471682409814777,0.05283172954339048,2.545342882535498e-08,25,20,20
26,6950,4.022025522986736e-09,0.9213227426384347,0.078677227886113,2.5453426018892143e-08,25,20,20
26,6951,4.022036939406691e-09,0.9213138416054114,0.07868612891912476,2.5453425997183764e-08,25,20,20
26,6952,4.022040745077553e-09,0.9213046446598818,0.07869532586465193,2.5453424748672182e-08,25,20,20
26,6953,4.021192939638335e-09,0.8966893336618731,0.10331063675666478,2.5560268367741374e-08,25,20,20
26,6954,4.021174656645162e-09,0.8966897528312843,0.10331021758727371,2.5560266730324933e-08,25,20,20
26,6955,4.021174656645162e-09,0.8966897528312843,0.10331021758727371,2.5560266730324933e-08,25,20,20
26,6956,4.021174656645162e-09,0.8966897528312843,0.10331021758727371,2.5560266730324933e-08,25,20,20
26,6957,4.023655996939512e-09,0.9137618388808545,0.08623813184157608,2.525391308077739e-08,25,20,20
26,6958,4.012058126095095e-09,0.876120833495329,0.1238791547300373,7.76257541233522e-09,25,20,20
26,6959,4.031126857303141e-09,0.8730699840252717,0.12692999289187176,1.9051729035371124e-08,25,20,20
26,6960,3.94208048479382e-09,0.8910958984806883,0.10890408962428047,7.952950395999423e-09,25,20,20
26,6961,3.439815018041693e-09,0.8750793402781005,0.1249206554623503,8.197337449688716e-10,25,20,20
26,6962,3.439974366624326e-09,0.9002388593043859,0.09976113624145491,1.0141846377138267e-09,25,20,20
26,6963,3.439974366624326e-09,0.9002388593043859,0.09976113624145491,1.0141846377138267e-09,25,20,20
26,6964,3.4400290653992144e-09,0.9103923546877494,0.08960764134711065,5.251104418638582e-10,25,20,20
26,6965,2.4744361997109983e-06,0.8657916213199477,0.13420590344420621,7.996459402389566e-10,25,20,20
26,6966,2.471704393945604e-06,0.8653201192027785,0.13467740829847508,7.943520746075664e-10,25,20,20
26,6967,3.950595222386569e-06,0.8265167859652248,0.17347926265375233,7.857997220196705e-10,25,20,20
26,6968,3.950595143882382e-06,0.851872831458507,0.14812321716045485,7.858938986327247e-10,25,20,20
26,6969,1.671798241964406e-06,0.8606009051293504,0.1393974223612902,7.111170164610528e-10,25,20,20
26,6970,1.6722324247001843e-06,0.8447681654086691,0.15523016145853344,9.003728499280512e-10,25,20,20
26,6971,1.4769217441918666e-06,0.8792536321167003,0.12074487256429547,1.8397259797127767e-08,25,20,20
26,6972,1.9335249710463493e-07,0.9155407682956818,0.08445902012964852,1.8222172541492064e-08,25,20,20
26,6973,1.9222577371890178e-07,0.9299260627927586,0.07007372726000773,1.7721459707673552e-08,25,20,20
26,6974,1.9221713301005136e-07,0.8922544358038621,0.10774366054862729,1.711430377647446e-06,25,20,20
26,6975,1.9221713301005136e-07,0.8922544358038621,0.10774366054862729,1.711430377647446e-06,25,20,20
26,6976,1.764730043789948e-11,0.8910411578045213,0.1089571307528615,1.71142497011335e-06,25,20,20
26,6977,2.9468270308718926e-11,0.8898024249658505,0.11019586328195763,1.711722723455824e-06,25,20,20
26,6978,6.414507524615345e-11,0.8536186871640246,0.14637960064237499,1.7121294559728522e-06,25,20,20
26,6979,6.389673612115302e-11,0.8921248966281216,0.10787339085127601,1.7124567053592933e-06,25,20,20
26,6980,6.387815373516572e-11,0.9200556604443618,0.07994262715810771,1.7123336519768895e-06,25,20,20
26,6981,6.162895731631566e-11,0.9208147689726962,0.07918521234084512,1.8624829362361884e-08,25,20,20
26,6982,6.323794842239055e-11,0.9583748687777326,0.04162511252856229,1.8630467091838027e-08,25,20,20
26,6983,7.314431354442733e-11,0.9578821690754675,0.04211781222638724,1.8625000813150954e-08,25,20,20
26,6984,7.315881239257503e-11,0.9566826264617364,0.04331735484001097,1.8625093607114306e-08,25,20,20
26,6985,7.315879353616005e-11,0.9549861822701493,0.04501379903169403,1.862499774535722e-08,25,20,20
26,6986,7.314411630722275e-11,0.9549953310490115,0.045004649951363176,1.8926481064782726e-08,25,20,20
26,6987,7.342253490831047e-11,0.9313043547549661,0.06869562624522448,1.8926386656380595e-08,25,20,20
26,6988,7.342279033930183e-11,0.9300660225042096,0.0699339584959809,1.8926386603379907e-08,25,20,20
26,6989,7.38196302452782e-11,0.9435786541683342,0.056421326519504315,1.9238341531261023e-08,25,20,20
26,6990,6.19802516687344e-11,0.9448714696209265,0.05512851138200472,1.8935088389378226e-08,25,20,20
26,6991,6.19802516687344e-11,0.9448714696209265,0.05512851138200472,1.8935088389378226e-08,25,20,20
26,6992,6.177252014654088e-11,0.9465963021379848,0.05340367886515406,1.8935088406259715e-08,25,20,20
26,6993,6.181822521982026e-11,0.9178765486266507,0.0821234326932288,1.8618302023845442e-08,25,20,20
26,6994,4.4667081544652935e-06,0.8802856558606555,0.11970935674726783,5.206839215475847e-07,25,20,20
26,6995,4.4667080793592226e-06,0.9054911662997411,0.0945038285210763,5.384711031286827e-07,25,20,20
26,6996,4.474506924495125e-06,0.8946663692035873,0.1053174760492321,1.168024025550881e-05,25,20,20
26,6997,4.4667550965250096e-06,0.9352440446865202,0.06475093290789716,5.556504860242414e-07,25,20,20
26,6998,4.466743278834975e-06,0.9369925920493593,0.06300238555687178,5.556504902407922e-07,25,20,20
26,6999,4.466743275592175e-06,0.9394166995690254,0.06057827803320424,5.556544947670149e-07,25,20,20
26,7000,9.899609272832174e-11,0.9064439687039308,0.0935201927222553,3.583847481747252e-05,25,20,20
26,7001,9.8981611244121e-11,0.9076628749880155,0.09230130361315257,3.582129985008547e-05,25,20,20
26,7002,4.613791174021608e-09,0.8320241420779325,0.16794000349136898,3.584981690713115e-05,25,20,20
26,7003,4.71704976806981e-09,0.7920247211838831,0.20793942428199735,3.584981706883544e-05,25,20,20
26,7004,2.537380958980065e-09,0.8693867024630818,0.13052813568560873,8.515931392829767e-05,25,20,20
26,7005,2.5373997960722217e-09,0.8689502860058111,0.13096455214276395,8.515931402476801e-05,25,20,20
26,7006,7.2396448682046405e-09,0.8484919594439685,0.15142150708387012,8.652623251615732e-05,25,20,20
26,7007,8.878282181173922e-08,0.8651505640352037,0.13476421701451974,8.513016745435498e-05,25,20,20
26,7008,8.710420116613795e-08,0.9140582380185162,0.0859058366547908,3.5838222491133154e-05,25,20,20
26,7009,9.251031405750857e-08,0.9265681288094187,0.07339590565158463,3.58730286818521e-05,25,20,20
26,7010,8.206469129022851e-07,0.8968296135224333,0.10313336560951074,3.6200221142840834e-05,25,20,20
26,7011,8.206474297998512e-07,0.8818279757271813,0.11813500340092943,3.6200224459098856e-05,25,20,20
26,7012,0.0009865878027506309,0.8540930948819052,0.14491264924597097,7.66806937298267e-06,25,20,20
26,7013,0.0009865877554708319,0.8311730879683266,0.16783265650818874,7.667768013086153e-06,25,20,20
26,7014,0.0009865877554556066,0.8306393315342302,0.16836641325882545,7.667451488017453e-06,25,20,20
26,7015,0.004412704565203268,0.8162237319290704,0.17934947945403634,1.4084051688903914e-05,25,20,20
26,7016,1.7439537361799158e-07,0.8907831442603887,0.10921659275605206,8.858818533204254e-08,25,20,20
26,7017,1.7439537361799158e-07,0.8907831442603887,0.10921659275605206,8.858818533204254e-08,25,20,20
26,7018,8.590159662271424e-08,0.9557620131828283,0.04423782990296224,7.101261233460599e-08,25,20,20
26,7019,8.59015966286191e-08,0.9558066859323866,0.044193157153401955,7.101261409021092e-08,25,20,20
26,7020,8.590190379269281e-08,0.93057830505179,0.06942153803378885,7.101251652652248e-08,25,20,20
26,7021,8.885877769114565e-08,0.9067527468031977,0.09324707635117688,8.798684686241652e-08,25,20,20
26,7022,8.89371464619952e-08,0.8900430930931833,0.10995609746600046,7.205036691772072e-07,25,20,20
26,7023,5.682614522552638e-06,0.9043859463661797,0.09560766784950997,7.031697874419166e-07,25,20,20
26,7024,5.6816195262625e-06,0.8904317287829879,0.10956188642782651,7.03169658809995e-07,25,20,20
26,7025,5.681618695682959e-06,0.8921730150948912,0.10782060011674957,7.031696630862612e-07,25,20,20
26,7026,8.520327455159965e-08,0.9077211421400402,0.09227806967842035,7.029782644561646e-07,25,20,20
26,7027,8.520286128594976e-08,0.9215876364191606,0.07841157496518968,7.03412787241888e-07,25,20,20
26,7028,8.520286128594976e-08,0.9215876364191606,0.07841157496518968,7.03412787241888e-07,25,20,20
26,7029,8.519913052991652e-08,0.9536864687372854,0.04631271568200408,7.303815791452003e-07,25,20,20
26,7030,8.51989281507934e-08,0.9543036072610623,0.045695594945612,7.125943969025677e-07,25,20,20
26,7031,8.51984851840216e-08,0.9537474774318497,0.046251724474183034,7.128954814652448e-07,25,20,20
26,7032,8.246683696787801e-08,0.9550197816102842,0.04497944051869604,6.954041821636857e-07,25,20,20
26,7033,4.474787596644806e-08,0.9575056824762982,0.04249359485327741,6.779225477645933e-07,25,20,20
26,7034,4.7356574730014824e-08,0.9736077029029976,0.02639158140777309,6.683326544586726e-07,25,20,20
26,7035,4.2018922868676435e-08,0.991590627100946,0.008409311732145326,1.9147985701672325e-08,25,20,20
26,7036,4.19944946082349e-08,0.9889862654309336,0.011013673733713788,1.8840858195830243e-08,25,20,20
26,7037,4.206836692189473e-08,0.9507786865253016,0.04922125286822448,1.8538106875552862e-08,25,20,20
26,7038,4.206836692189473e-08,0.9507786865253016,0.04922125286822448,1.8538106875552862e-08,25,20,20
26,7039,4.199469205110252e-08,0.9907115896033594,0.00928835017541323,1.8226535648759907e-08,25,20,20
26,7040,4.1994265906718615e-08,0.9893829013849634,0.010616088216766231,9.684040045594526e-07,25,20,20
26,7041,4.198289346811473e-08,0.9636983034917257,0.03630163630469006,1.822069059842763e-08,25,20,20
26,7042,4.198356930755734e-08,0.9620616863970164,0.03793825308533117,1.853408313922767e-08,25,20,20
26,7043,2.850718802867e-09,0.9626185242484,0.037381471647435334,1.2534456732867118e-09,25,20,20
26,7044,2.84077548084917e-09,0.9775284325729195,0.02247155223370879,1.2352596028963582e-08,25,20,20
26,7045,9.651959838085059e-07,0.9143448563996337,0.08565381571789024,3.626864916725714e-07,25,20,20
26,7046,9.624080559467844e-07,0.9148501233514694,0.08514855155407726,3.6268639697758606e-07,25,20,20
26,7047,7.796995529025083e-07,0.888865848041935,0.11113300960098141,3.6265753049074027e-07,25,20,20
26,7048,6.128129541250202e-06,0.8747184955958083,0.12527501361885865,3.6265579153332114e-07,25,20,20
26,7049,6.128088172751388e-06,0.9236789445466514,0.07631457549945506,3.5186572058195597e-07,25,20,20
26,7050,0.040844831671185036,0.8437645827131065,0.1153902333193076,3.522964005784738e-07,25,20,20
26,7051,0.0009919370782254082,0.8453992174963925,0.15360849385020278,3.515751787144657e-07,25,20,20
26,7052,0.0009919370782254082,0.8453992174963925,0.15360849385020278,3.515751787144657e-07,25,20,20
26,7053,0.0009919370782986256,0.8195749638775369,0.1794327474670168,3.5157714744189063e-07,25,20,20
26,7054,0.0009632274007454972,0.8425688876765675,0.1564675333467562,3.515759305092676e-07,25,20,20
26,7055,0.0009632273999403966,0.9253834986134608,0.07365292241254351,3.515740553168153e-07,25,20,20
26,7056,7.797716635522962e-10,0.9517158060425949,0.04828416286567504,3.031195825158925e-08,25,20,20
26,7057,7.797716635522962e-10,0.9517158060425949,0.04828416286567504,3.031195825158925e-08,25,20,20
26,7058,7.797716635522962e-10,0.9517158060425949,0.04828416286567504,3.031195825158925e-08,25,20,20
26,7059,7.797716635522962e-10,0.9517158060425949,0.04828416286567504,3.031195825158925e-08,25,20,20
26,7060,7.806070571285007e-10,0.9905117294622074,0.009488268175858397,1.5813271723242009e-09,25,20,20
26,7061,7.814711038931216e-10,0.9921573107370502,0.007842687203388005,1.2780908066601352e-09,25,20,20
26,7062,8.309293042406953e-10,0.9913156785888642,0.00868431929112248,1.28908409587802e-09,25,20,20
26,7063,8.664513534255661e-10,0.9899580895374415,0.010041908931369753,6.647376519385256e-10,25,20,20
26,7064,8.664513582922051e-10,0.9899816647117207,0.01001833375153282,6.702953886696788e-10,25,20,20
26,7065,8.686891761859182e-10,0.9600475604028275,0.039937710216908534,1.4728511575145532e-05,25,20,20
26,7066,8.540717976506545e-10,0.9762591163660009,0.02374088241861549,3.6131199874062624e-10,25,20,20
26,7067,4.321910829741122e-09,0.9463188144795679,0.05368089464361643,2.865549049477574e-07,25,20,20
26,7068,4.321910829741122e-09,0.9463188144795679,0.05368089464361643,2.865549049477574e-07,25,20,20
26,7069,4.334085453591484e-09,0.9461206759572944,0.05387903284729229,2.8686132791102693e-07,25,20,20
26,7070,3.597868496370659e-09,0.9739650848997902,0.02603489334865594,1.81536857012605e-08,25,20,20
26,7071,3.6366251021991794e-09,0.9338897157202313,0.06611025266698731,2.7976156314343253e-08,25,20,20
26,7072,1.069163250213965e-06,0.8573464480826543,0.14264554127447404,6.9414796212433086e-06,25,20,20
26,7073,8.082559573680205e-09,0.8973548917484151,0.10264507218725293,2.79817724609165e-08,25,20,20
26,7074,3.572960308146011e-09,0.9762923678798068,0.023707610086663177,1.846056990962859e-08,25,20,20
26,7075,3.578897975893814e-09,0.9555106830676716,0.044489294892861325,1.8460569034575637e-08,25,20,20
26,7076,3.5294696691059143e-09,0.955532929527621,0.04446704848233714,1.8460572097717703e-08,25,20,20
26,7077,3.5243886884937465e-09,0.9767775815767833,0.023222396432697395,1.8466130812096577e-08,25,20,20
26,7078,3.5134923860071815e-09,0.9217213114431303,0.07827866636763108,1.8675746221011926e-08,25,20,20
26,7079,2.8093782592976465e-09,0.9217690772672893,0.07823090125303937,1.867029292307998e-08,25,20,20
26,7080,2.8085412066691034e-09,0.9223989707812944,0.0776010077344079,1.8675756271227103e-08,25,20,20
26,7081,2.8164666760782552e-09,0.922406656131234,0.07759332218185787,1.887044138904181e-08,25,20,20
26,7082,2.8826786013331155e-09,0.8858768452741308,0.11412313327226287,1.857092721163786e-08,25,20,20
26,7083,2.885397326635771e-09,0.8816906268456173,0.11830935151783391,1.8751151132123917e-08,25,20,20
26,7084,2.8253267030355332e-09,0.9223754258028033,0.0776235701348336,1.0012370360494326e-06,25,20,20
26,7085,2.825340673255922e-09,0.9382701603588717,0.061728835471557365,1.0013442299837973e-06,25,20,20
26,7086,4.633437655664791e-07,0.9379539267311471,0.06204460857699051,1.0013480965812677e-06,25,20,20
26,7087,0.0004476657590864662,0.7748457931317349,0.224705503561295,1.0375478832948805e-06,25,20,20
26,7088,0.0016921164482154695,0.7528020487584467,0.24550475394804339,1.080845294332637e-06,25,20,20
26,7089,0.0004476678232076348,0.79199159023292,0.2075590068892481,1.7350546240604098e-06,25,20,20
26,7090,9.892543983750361e-09,0.8319009311515565,0.16809733348685182,1.7254690473877385e-06,25,20,20
26,7091,7.502334836909882e-09,0.8718692250372542,0.12812973998060906,1.0274798016992132e-06,25,20,20
26,7092,1.0300131932170758e-05,0.8718777854229028,0.12811088674497736,1.0277001873038363e-06,25,20,20
26,7093,7.513856463687776e-09,0.9091107918099419,0.090888176088438,1.0245877635807257e-06,25,20,20
26,7094,8.091403731473158e-09,0.9321730933252149,0.06782588035297388,1.0182304075107284e-06,25,20,20
26,7095,8.091600613505559e-09,0.9424104980029934,0.0575884758590326,1.018046373779991e-06,25,20,20
26,7096,8.09158959054762e-09,0.944885923173583,0.055113050699133234,1.0180356945993352e-06,25,20,20
26,7097,8.140740894408214e-09,0.9156807354195423,0.08431794905952261,1.3073801942797745e-06,25,20,20
26,7098,2.862593739317749e-09,0.9146866078298485,0.08531208195585713,1.3073517007978253e-06,25,20,20
26,7099,2.862594006350044e-09,0.9146642103031207,0.08533447948248708,1.3073517982374649e-06,25,20,20
26,7100,2.862594006350044e-09,0.9146642103031207,0.08533447948248708,1.3073517982374649e-06,25,20,20
26,7101,2.862594006350044e-09,0.9146642103031207,0.08533447948248708,1.3073517982374649e-06,25,20,20
26,7102,2.862193338436508e-09,0.9174956583611616,0.08250303143007245,1.3073465726318382e-06,25,20,20
26,7103,2.850430327150939e-09,0.9194521418556298,0.08054656512544633,1.2901684935132491e-06,25,20,20
26,7104,2.850430327150939e-09,0.9194521418556298,0.08054656512544633,1.2901684935132491e-06,25,20,20
26,7105,2.7962905152241295e-09,0.9581059770631651,0.04189272998332774,1.2901572163132518e-06,25,20,20
26,7106,2.7960605898745344e-09,0.986866357693568,0.01313263868679733,1.0008235738919893e-06,25,20,20
26,7107,5.584207517375631e-09,0.9887654733601688,0.01123352022683742,1.000828785880153e-06,25,20,20
26,7108,5.583999798941807e-09,0.9909632581678374,0.009035735117566068,1.001130596533144e-06,25,20,20
26,7109,2.7954401366650417e-09,0.9741313000652077,0.025867695801288768,1.001338063099174e-06,25,20,20
26,7110,2.7476054973143613e-09,0.9758598933384739,0.024139102899074057,1.001014846062769e-06,25,20,20
26,7111,2.7484596499991974e-09,0.931272612890211,0.06872637827228713,1.0060890414849174e-06,25,20,20
26,7112,2.748488428650242e-09,0.95878663134481,0.041212364888536614,1.0010181646333001e-06,25,20,20
26,7113,3.0924919681190205e-09,0.9189037009315761,0.0810952949626359,1.0010132953541257e-06,25,20,20
26,7114,2.749191796627093e-09,0.9437215556070107,0.056277440316584534,1.0013272124895354e-06,25,20,20
26,7115,2.748362332720455e-09,0.9449418827794935,0.05505711314511675,1.0013270269002324e-06,25,20,20
26,7116,2.8031870924424023e-09,0.9057206878847482,0.09427828797369014,1.0213383737165732e-06,25,20,20
26,7117,2.8025025413875466e-09,0.9208414482777043,0.07915752758493688,1.021334855234753e-06,25,20,20
26,7118,2.802700883037505e-09,0.9345534738156317,0.06544550205012807,1.0213315381827136e-06,25,20,20
26,7119,2.770949213127157e-09,0.9500347990191484,0.04996419658643097,1.0016234705182616e-06,25,20,20
26,7120,4.0147898203362644e-11,0.9524709033844675,0.047529077653722905,1.8921661005880655e-08,25,20,20
26,7121,9.03931918700974e-11,0.8774649120965531,0.12253505161052652,3.6202526066857506e-08,25,20,20
26,7122,3.739087746903386e-08,0.8756602398017435,0.12433968692189225,3.588548583616767e-08,25,20,20
26,7123,3.7387533730414745e-08,0.888982139880651,0.11101778665170701,3.608010732469655e-08,25,20,20
26,7124,3.731839716898371e-08,0.8864477142111314,0.11355222997625897,1.8494211532947186e-08,25,20,20
26,7125,3.731825620276706e-08,0.842584256455831,0.1574145444271089,1.1617988026879745e-06,25,20,20
26,7126,3.736545345205775e-08,0.8805925582061275,0.11940624232632285,1.1621020954136565e-06,25,20,20
26,7127,3.736545345205775e-08,0.8805925582061275,0.11940624232632285,1.1621020954136565e-06,25,20,20
26,7128,3.736717028933238e-08,0.880132901344716,0.11986589918592112,1.1621021918263408e-06,25,20,20
26,7129,3.7367579782764067e-08,0.9542616858392605,0.0457077450046192,3.053178853963921e-05,25,20,20
26,7130,3.732029603829348e-08,0.9325807872038164,0.06741915717523349,1.8300653135023287e-08,25,20,20
26,7131,2.1392690658253223e-07,0.9346846878662481,0.06531506045360146,3.775324302129846e-08,25,20,20
26,7132,3.732623190847231e-08,0.9513857170698844,0.04861422760426451,1.7999618429323172e-08,25,20,20
26,7133,1.8715102665862235e-11,0.975015357819263,0.024984624161910322,1.8000110937594336e-08,25,20,20
26,7134,4.562805750429937e-11,0.9354289353428551,0.064571046611405,1.8000110910527256e-08,25,20,20
26,7135,3.339892864782672e-11,0.9341240166623795,0.0658759652988846,1.8005336062988453e-08,25,20,20
26,7136,3.693507989455052e-11,0.8289667925842548,0.1710331604765765,4.690223241443753e-08,25,20,20
26,7137,3.5968136391876424e-11,0.8667246295391542,0.13327532321612667,4.720875008566503e-08,25,20,20
26,7138,3.526397106482637e-11,0.8824961642585412,0.1175037890060626,4.670013106952493e-08,25,20,20
26,7139,4.979071298064859e-12,0.9483791387024907,0.05162081457199992,4.672052978424782e-08,25,20,20
26,7140,5.4376873022401416e-11,0.986053185379408,0.013946779165356672,3.540085798760816e-08,25,20,20
26,7141,5.333270784854423e-11,0.9489788362346425,0.051021145595973094,1.811605142501867e-08,25,20,20
26,7142,5.1230799051238846e-11,0.9501181073602258,0.04988187446712547,1.812141789554589e-08,25,20,20
26,7143,6.112952241237479e-11,0.9123565704192015,0.0876434193399935,1.0179674928796777e-08,25,20,20
26,7144,6.134322405514572e-11,0.9506463725453638,0.04935360955555649,1.7837736505101065e-08,25,20,20
26,7145,1.339059136735428e-11,0.9260476311483826,0.07395235130767891,1.753054769864229e-08,25,20,20
26,7146,1.3375610400490766e-11,0.9460349059071149,0.05396507654340791,1.7536101345368104e-08,25,20,20
26,7147,1.3375610400490766e-11,0.9460349059071149,0.05396507654340791,1.7536101345368104e-08,25,20,20
26,7148,7.943715767706679e-10,0.9272856698154023,0.07271431185412193,1.7536104003500813e-08,25,20,20
26,7149,7.943715767706679e-10,0.9272856698154023,0.07271431185412193,1.7536104003500813e-08,25,20,20
26,7150,7.954566709570755e-10,0.9260302555475353,0.07396972611005768,1.7546950035697484e-08,25,20,20
26,7151,7.954895297855882e-10,0.8872160113276787,0.11271531082534933,6.86770514825203e-05,25,20,20
26,7152,0.03622190707090044,0.8484744913914875,0.11517117381913143,0.00013242771848050847,25,20,20
26,7153,8.365212829608977e-10,0.8880165655865211,0.11185100555440756,0.00013242802254979734,25,20,20
26,7154,8.370480350262679e-10,0.8749351415172382,0.12493242962827443,0.00013242801743904985,25,20,20
26,7155,8.361886761128245e-10,0.8749282547727539,0.12493931668995005,0.0001324277011071874,25,20,20
26,7156,1.5881345682536232e-11,0.9141343901604988,0.08579695027390867,6.865954971101989e-05,25,20,20
26,7157,1.5895661232060474e-11,0.9124776190457307,0.08745372108542603,6.865985294747557e-05,25,20,20
26,7158,1.6526815950327856e-11,0.9125029037553851,0.0874284363698473,6.865985824042748e-05,25,20,20
26,7159,1.6508972528967323e-11,0.952470866733534,0.04752913258510861,6.648480108419971e-10,25,20,20
26,7160,1.6508972528967323e-11,0.952470866733534,0.04752913258510861,6.648480108419971e-10,25,20,20
26,7161,1.775532262104205e-11,0.9216045563700515,0.0783954432748328,3.3736023045429664e-10,25,20,20
26,7162,1.6246279353233725e-11,0.9617656116312314,0.038234388015308395,3.3721404498086e-10,25,20,20
26,7163,1.5393594523368694e-11,0.9617572419826397,0.0382427573483219,6.536450425938926e-10,25,20,20
26,7164,1.5393594523368694e-11,0.9617572419826397,0.0382427573483219,6.536450425938926e-10,25,20,20
26,7165,2.0760036125759593e-11,0.903350747623147,0.09664885289656748,3.994595249381945e-07,25,20,20
26,7166,2.075178373062054e-11,0.874012376436951,0.12598722408667107,3.99455625265214e-07,25,20,20
26,7167,9.55258317288275e-10,0.8335778606899502,0.16642173889912182,3.9945566825180094e-07,25,20,20
26,7168,6.02457019525008e-09,0.8638212692187615,0.1361783252717972,3.994848701286482e-07,25,20,20
26,7169,3.203793580049826e-11,0.9136288756450238,0.08637112350310532,8.198322929559549e-10,25,20,20
26,7170,7.995553318559808e-11,0.8992902916269933,0.10070970747504093,8.18009526934925e-10,25,20,20
26,7171,7.315349949998567e-11,0.919758137118357,0.08024186215871162,6.497773524407312e-10,25,20,20
26,7172,7.315349949998567e-11,0.919758137118357,0.08024186215871162,6.497773524407312e-10,25,20,20
26,7173,1.1074578602877848e-10,0.9603566935739911,0.039643300590760336,5.724502510761366e-09,25,20,20
26,7174,1.2240800780191424e-10,0.989395062817837,0.010604918504884599,1.8554870163513074e-08,25,20,20
26,7175,1.2239347837775592e-10,0.9903547764255579,0.009645204887989929,1.8564058595534302e-08,25,20,20
26,7176,1.2345071788709536e-10,0.9890336920963491,0.010966289518659694,1.8261540526661824e-08,25,20,20
26,7177,1.2366187123916892e-10,0.9873374921927267,0.01266248941684351,1.8266767890662836e-08,25,20,20
26,7178,4.976263351561036e-10,0.9385743806479842,0.06142560058477259,1.82696161397852e-08,25,20,20
26,7179,1.0455479282360057e-10,0.9705907502787126,0.029409230845051048,1.8771681298527027e-08,25,20,20
26,7180,1.3070584738411643e-10,0.953561642796288,0.046438338306541566,1.8766464045078686e-08,25,20,20
26,7181,8.007451534209837e-10,0.9165858319780024,0.0834141660540577,1.1671940607867208e-09,25,20,20
26,7182,8.005280220652831e-10,0.9165773445921006,0.0834226534456387,1.1617320842026012e-09,25,20,20
26,7183,1.57890841404222e-07,0.9548516698034527,0.04514817082872567,1.4769799060155347e-09,25,20,20
26,7184,8.005278415680025e-10,0.9557870444651333,0.044212953572604005,1.1617346976122895e-09,25,20,20
26,7185,1.1762241741987902e-10,0.9566153946710707,0.04338460435635074,8.549558818278042e-10,25,20,20
26,7186,7.949210898713225e-10,0.9749561128849478,0.025043885161767206,1.1583635814264055e-09,25,20,20
26,7187,7.949247974930285e-10,0.973259499396254,0.02674049865036555,1.1584552332834982e-09,25,20,20
26,7188,7.949247974930285e-10,0.973259499396254,0.02674049865036555,1.1584552332834982e-09,25,20,20
26,7189,7.949249846011362e-10,0.9737396594245734,0.026260338919991452,8.605097846677988e-10,25,20,20
26,7190,9.932202416208925e-10,0.9208846011331755,0.07911539692409471,9.495089555275048e-10,25,20,20
26,7191,9.932202416208925e-10,0.9208846011331755,0.07911539692409471,9.495089555275048e-10,25,20,20
26,7192,7.466364874210821e-07,0.8716130226809535,0.1283858538798711,3.7680268766216673e-07,25,20,20
26,7193,7.494532706109578e-07,0.8715698842065485,0.12842898953749726,3.768026834038901e-07,25,20,20
26,7194,7.494534631628512e-07,0.869874177775013,0.13012469596352202,3.768080016611141e-07,25,20,20
26,7195,3.5824655835619804e-09,0.9497456368677976,0.050254358219003495,1.330733084483949e-09,25,20,20
26,7196,7.540434746829742e-10,0.9502763105104548,0.04972368740469639,1.3308051174582841e-09,25,20,20
26,7197,7.540434746829742e-10,0.9502763105104548,0.04972368740469639,1.3308051174582841e-09,25,20,20
26,7198,7.533932390709847e-10,0.9515412792071024,0.048458718713990045,1.3255142753815906e-09,25,20,20
26,7199,2.5844062735347242e-08,0.9115397706301168,0.08842656314258171,3.364038323866801e-05,25,20,20
26,7200,2.5844062735347242e-08,0.9115397706301168,0.08842656314258171,3.364038323866801e-05,25,20,20
26,7201,2.5851203784839616e-08,0.8927989567885,0.10716737680867686,3.3640551619276844e-05,25,20,20
26,7202,2.5146737873278507e-08,0.8928393914260268,0.10712694288116975,3.3640546065431164e-05,25,20,20
26,7203,2.5152771309939517e-08,0.9102279945240928,0.08973834024807227,3.364007506355329e-05,25,20,20
26,7204,1.396112185048373e-11,0.9897062708156501,0.010293727879649828,1.2907385029746732e-09,25,20,20
26,7205,6.294228864240292e-11,0.9873096573460513,0.01269032380534749,1.8785658615990047e-08,25,20,20
26,7206,6.19514709528732e-11,0.9349762627589775,0.06502371831496051,1.8864110341765742e-08,25,20,20
26,7207,7.833211045600867e-10,0.8957361823227863,0.10426379833506827,1.8558823302505245e-08,25,20,20
26,7208,4.1029749562583615e-09,0.8845636162601989,0.1154363613998465,1.823697908982134e-08,25,20,20
26,7209,3.382469730612504e-09,0.923828606529429,0.07617137185680353,1.823129744232435e-08,25,20,20
26,7210,3.3811606923155493e-09,0.9559151248946246,0.04408485418127788,1.754293677043202e-08,25,20,20
26,7211,3.430128024709673e-09,0.9567088076102988,0.04329117110859717,1.78509760168888e-08,25,20,20
26,7212,3.4301128028616966e-09,0.956731215366529,0.043268763352382056,1.785097601783862e-08,25,20,20
26,7213,7.53300408229066e-11,0.9966726954710055,0.003327304106106498,3.47558106277722e-10,25,20,20
26,7214,7.531462951963195e-11,0.9966707819523286,0.0033292176192459906,3.531108836141119e-10,25,20,20
26,7215,7.564895563752632e-11,0.9720745426336636,0.02792545693767004,3.5301750907713693e-10,25,20,20
26,7216,7.584688044596898e-11,0.968483545682339,0.03151645388353756,3.5827627389812825e-10,25,20,20
26,7217,7.584688044596898e-11,0.968483545682339,0.03151645388353756,3.5827627389812825e-10,25,20,20
26,7218,7.748168899788195e-11,0.9670908643065141,0.032909135263018786,3.529851894806891e-10,25,20,20
26,7219,7.79653081582489e-11,0.9281986440153376,0.07180135555602452,3.506717501576878e-10,25,20,20
26,7220,3.261340652944836e-10,0.9022723638871937,0.09772762907958096,6.707090687736915e-09,25,20,20
26,7221,3.2613786802673076e-10,0.9022932891949919,0.09770670377177908,6.707090738780044e-09,25,20,20
26,7222,3.261492940946531e-10,0.9022934483987863,0.09770654456797315,6.707090739168319e-09,25,20,20
26,7223,2.9216098878196886e-11,0.9274077481399801,0.07259225178261301,4.819057447657147e-11,25,20,20
26,7224,2.0825474214884677e-07,0.8874834394592006,0.11251635223612463,4.9932033013361875e-11,25,20,20
26,7225,2.9201096243577793e-11,0.927482714379947,0.07251728523169212,3.591596373054721e-10,25,20,20
26,7226,2.7481478107657126e-11,0.9531822734888554,0.046817726119001674,3.6466111922889327e-10,25,20,20
26,7227,2.5284079791297218e-11,0.9914724013054779,0.008527598308016106,3.6122201341043137e-10,25,20,20
26,7228,2.588880628364357e-11,0.9420834993017452,0.05791648751104583,1.3161319960801882e-08,25,20,20
26,7229,1.017273812958782e-09,0.9161608381434845,0.08381852289873011,2.0637940511092186e-05,25,20,20
26,7230,1.017069292996631e-09,0.9419460223892138,0.05803334506152228,2.0631532194532146e-05,25,20,20
26,7231,1.0848431249160738e-09,0.8733009946628459,0.12667834342194573,2.0660830364245285e-05,25,20,20
26,7232,1.0053724913133833e-09,0.9078415734131834,0.09213779369741125,2.0631884032149902e-05,25,20,20
26,7233,1.2846709005599138e-06,0.8902781181521882,0.10969996529214975,2.063188476075259e-05,25,20,20
26,7234,1.006243524469348e-09,0.9068493529416053,0.09313001449019812,2.0631561952572427e-05,25,20,20
26,7235,1.4832680234847524e-11,0.9310556662543139,0.06894432694263039,6.78822285444386e-09,25,20,20
26,7236,6.123468175623602e-12,0.9041332187452312,0.09586677446596417,6.782680550571362e-09,25,20,20
26,7237,6.10823931247504e-12,0.9041030739893315,0.09589691922187926,6.782680477043288e-09,25,20,20
26,7238,5.417100509783917e-11,0.9228950493586381,0.0771049439936661,6.593524764103447e-09,25,20,20
26,7239,9.446089537616786e-07,0.881759930076882,0.1178943728599319,0.0003447524542317346,25,20,20
26,7240,7.172784086578023e-11,0.8962462851205683,0.10375370748379005,7.3239132978636535e-09,25,20,20
26,7241,1.344861020886988e-07,0.8696854620711786,0.13031439622194818,7.22077084493438e-09,25,20,20
26,7242,0.0008912288300148101,0.9108845377515823,0.08822422644689819,6.97150433365808e-09,25,20,20
26,7243,0.0008912288300148101,0.9108845377515823,0.08822422644689819,6.97150433365808e-09,25,20,20
26,7244,0.0008912288300148101,0.9108845377515823,0.08822422644689819,6.97150433365808e-09,25,20,20
26,7245,5.0709097096546286e-11,0.9513320728708211,0.048667920177784166,6.9006855650943446e-09,25,20,20
26,7246,4.253015394256968e-10,0.9326075724596934,0.06739242004608997,7.068915123741825e-09,25,20,20
26,7247,3.1701268594664302e-09,0.9141428899164553,0.08585709984461898,7.068798680936374e-09,25,20,20
26,7248,4.698908417423565e-08,0.8726953522635705,0.12730459306522202,7.682123196892501e-09,25,20,20
26,7249,4.698923881928233e-08,0.8469742106556214,0.15302573466768557,7.687453611622991e-09,25,20,20
26,7250,4.1771454200278446e-05,0.7746735043138132,0.22528438771132844,3.365206574141016e-07,25,20,20
26,7251,4.177145402267337e-05,0.8132263751576474,0.18673150010414893,3.53284180326312e-07,25,20,20
26,7252,4.177145402276139e-05,0.7844977741415182,0.2154601010313122,3.5337314630406685e-07,25,20,20
26,7253,4.177144299717968e-05,0.8103675387244698,0.18959034285662896,3.4697590357961026e-07,25,20,20
26,7254,4.1771442997442186e-05,0.8103669959228738,0.18959088565822305,3.469759052315255e-07,25,20,20
26,7255,4.176871066296996e-05,0.8116295962267437,0.1883282880920711,3.4697052196757534e-07,25,20,20
26,7256,4.176937312546278e-05,0.8092545669637069,0.1907032997028887,3.6396027885922047e-07,25,20,20
26,7257,4.17693729298221e-05,0.8099083828854102,0.19004948346955244,3.642721072142357e-07,25,20,20
26,7258,4.195553653048494e-05,0.7699092011948437,0.23004847863122332,3.6463740240745314e-07,25,20,20
26,7259,4.195119127840632e-05,0.7982378457332451,0.20171983852159894,3.645538777920849e-07,25,20,20
26,7260,4.1950767239008155e-05,0.8153070605104182,0.18465062434224613,3.643800967110631e-07,25,20,20
26,7261,4.3186017594235716e-05,0.8403884138200094,0.15956747869652305,9.214658734795517e-07,25,20,20
26,7262,0.00017511673231082793,0.8544666689930586,0.14535727971998244,9.345546482203058e-07,25,20,20
26,7263,0.00017511678027676877,0.8532277078267007,0.14659624083298767,9.345600348468019e-07,25,20,20
26,7264,0.00017511682972289898,0.8532051183786539,0.14661883023149408,9.345601289345091e-07,25,20,20
26,7265,0.00017511683626603045,0.8398591024467632,0.15996484616414955,9.345528208809495e-07,25,20,20
26,7266,0.00017511683626603045,0.8398591024467632,0.15996484616414955,9.345528208809495e-07,25,20,20
26,7267,1.4266988235159234e-06,0.8671662445077897,0.13283173694537787,5.918480086358041e-07,25,20,20
26,7268,1.4267076150155033e-06,0.7866884530234148,0.21330952786028246,5.924086867514493e-07,25,20,20
26,7269,1.4267076150155033e-06,0.7866884530234148,0.21330952786028246,5.924086867514493e-07,25,20,20
26,7270,0.0027703217977008894,0.7879184243352318,0.20931066195502163,5.919120444495177e-07,25,20,20
26,7271,0.002769082031523821,0.8275459752535074,0.16968490788898347,3.482598464199341e-08,25,20,20
26,7272,7.707918803127312e-10,0.9051403348470509,0.09485962963976456,3.474239237556729e-08,25,20,20
26,7273,7.71868769939784e-10,0.9051201339641821,0.09487983051600202,3.474794706583008e-08,25,20,20
26,7274,7.893392490006968e-10,0.9192883624527645,0.08071160201001128,3.4747884714593977e-08,25,20,20
26,7275,7.934001874834411e-10,0.9586373069356574,0.041362656960575166,3.531036729102547e-08,25,20,20
26,7276,7.640770596766787e-10,0.9690635054834504,0.030936458747441845,3.5005030613303865e-08,25,20,20
26,7277,7.640770596766787e-10,0.9690635054834504,0.030936458747441845,3.5005030613303865e-08,25,20,20
26,7278,1.0007984490665569e-10,0.98565278560769,0.014347196280636776,1.8011593653360586e-08,25,20,20
26,7279,1.7933706713669084e-09,0.9427717295343092,0.05722825066497262,1.8007347421818254e-08,25,20,20
26,7280,1.7933706243987116e-09,0.9685724481379319,0.03142753217367946,1.789501807367388e-08,25,20,20
26,7281,3.2894909822159625e-09,0.9497838820695742,0.05021606967848645,4.496244847110843e-08,25,20,20
26,7282,6.679328961109748e-05,0.9507091808506578,0.049223990311079546,3.554865157997283e-08,25,20,20
26,7283,6.679331312039959e-05,0.9462441146192195,0.05368902219700456,6.987065563993487e-08,25,20,20
26,7284,6.679607515523134e-05,0.9458671955077044,0.054065938546268,6.987087248581067e-08,25,20,20
26,7285,6.68197367311732e-05,0.9025833291309746,0.09734976468871742,8.644357677079409e-08,25,20,20
26,7286,6.681972359930877e-05,0.8568933018121108,0.1430398087582843,6.970600572990493e-08,25,20,20
26,7287,6.68187359371388e-05,0.9108207425774146,0.08911237537730454,6.330934382337336e-08,25,20,20
26,7288,6.681872453166367e-05,0.9102058076621689,0.08972732697076807,4.664253167897572e-08,25,20,20
26,7289,6.68211087182731e-05,0.886878508701485,0.11305462218655958,4.800323721708474e-08,25,20,20
26,7290,6.682110848836745e-05,0.8781217146403856,0.12181141624613652,4.800498948895488e-08,25,20,20
26,7291,2.96126603887339e-08,0.8986126931265627,0.10138724648857236,3.077220452698762e-08,25,20,20
26,7292,2.6245135155535228e-08,0.8610599852376494,0.13893995929201966,2.9225195619158557e-08,25,20,20
26,7293,2.624513511432924e-08,0.8897881922704642,0.11021175225521096,2.92291892709227e-08,25,20,20
26,7294,2.6197169505386626e-08,0.8897889737543531,0.11021097081928742,2.9229189358181094e-08,25,20,20
26,7295,2.6196958403104964e-08,0.891516514753652,0.10848342982020126,2.9229187794588088e-08,25,20,20
26,7296,2.6196958399574412e-08,0.8915379897018066,0.10846195487204832,2.9229186143591e-08,25,20,20
26,7297,2.6196958399574412e-08,0.8915379897018066,0.10846195487204832,2.9229186143591e-08,25,20,20
26,7298,2.346593105066897e-08,0.8752659271401424,0.12473402016493462,2.9228991540005874e-08,25,20,20
26,7299,2.2787556216744097e-08,0.8780677366234273,0.12193218290186936,5.768714674738173e-08,25,20,20
26,7300,2.278796653923562e-08,0.8780685756118405,0.12193134421105611,5.738913637786266e-08,25,20,20
26,7301,2.278796653923562e-08,0.8780685756118405,0.12193134421105611,5.738913637786266e-08,25,20,20
26,7302,0.001589232322470146,0.8505070968840879,0.14790364209386553,2.8699575668392215e-08,25,20,20
26,7303,0.001589232338965079,0.810524445531586,0.18788629342996996,2.8699478197670714e-08,25,20,20
26,7304,2.356291285327938e-08,0.7900417083751081,0.20995823914920592,2.891277230074862e-08,25,20,20
26,7305,2.356290857666421e-08,0.8188013836028765,0.1811985640105054,2.8823708906110825e-08,25,20,20
26,7306,1.5339941495559494e-07,0.8570114790006058,0.1429883391349108,2.846506778892358e-08,25,20,20
26,7307,2.2752929672006727e-08,0.8711772668370631,0.12882268194502028,2.8464986365281916e-08,25,20,20
26,7308,0.0002022284471745875,0.8672085904789004,0.13258875414301907,4.2693090523878317e-07,25,20,20
26,7309,0.00020222844717478338,0.8672395090786885,0.13255783554868938,4.269254466213945e-07,25,20,20
26,7310,2.722782304255018e-07,0.8113045600598197,0.18869513863824072,2.902370847926906e-08,25,20,20
26,7311,0.05317667717695802,0.7700493049496677,0.17677398865814944,2.921522435319359e-08,25,20,20
26,7312,0.05340828057040881,0.7689632199549069,0.17762846267216303,3.680252028119684e-08,25,20,20
26,7313,0.019463145963725968,0.8089626490026476,0.17157416859235147,3.6441274196203056e-08,25,20,20
26,7314,2.2761086309805972e-08,0.9275849549031675,0.07241499403902077,2.8296725067148054e-08,25,20,20
26,7315,2.2754295938647718e-08,0.940080404935586,0.05991954370647552,2.860364189316837e-08,25,20,20
26,7316,2.370435214267926e-08,0.9139410035982942,0.08605894409547359,2.86018792841797e-08,25,20,20
26,7317,2.2753670990988275e-08,0.9406370139064508,0.059362934433923334,2.89059543190127e-08,25,20,20
26,7318,2.272414137399867e-08,0.9676160488105253,0.032383899549891224,2.8915441480697788e-08,25,20,20
26,7319,2.271233804474496e-08,0.9684748695738318,0.031525096289876556,1.142395319142981e-08,25,20,20
26,7320,4.238188401543783e-08,0.9314258337046081,0.06857411245539917,1.1458108088508898e-08,25,20,20
26,7321,2.271211637788263e-08,0.9730878930433502,0.026912072514568144,1.1729965049307295e-08,25,20,20
26,7322,2.2663123803693354e-08,0.9743490797467191,0.025650885860189057,1.1729967750141908e-08,25,20,20
26,7323,2.266312380482481e-08,0.9743486999781464,0.025651265628763395,1.1729966098209434e-08,25,20,20
26,7324,1.6131545674226373e-12,0.991767599918267,0.008232398520527104,1.5595928088033816e-09,25,20,20
26,7325,7.625529386068958e-10,0.935549880273096,0.06444983983711422,2.7912723635746645e-07,25,20,20
26,7326,8.109170431026252e-10,0.9342818043570387,0.0657178982114898,2.9662055417348957e-07,25,20,20
26,7327,4.9745144884806115e-11,0.9922883796598625,0.007711601540712928,1.8749679536793518e-08,25,20,20
26,7328,4.9745144884806115e-11,0.9922883796598625,0.007711601540712928,1.8749679536793518e-08,25,20,20
26,7329,4.973371707071634e-11,0.994025932668003,0.00597404852702824,1.875523516524854e-08,25,20,20
26,7330,4.976719503764626e-11,0.9910387455715994,0.008961235617758698,1.8760874814068918e-08,25,20,20
26,7331,4.976719503764626e-11,0.9910387455715994,0.008961235617758698,1.8760874814068918e-08,25,20,20
26,7332,4.976719503764626e-11,0.9910387455715994,0.008961235617758698,1.8760874814068918e-08,25,20,20
26,7333,4.979264219925686e-11,0.9893749663450699,0.010624998198367925,3.540676933339434e-08,25,20,20
26,7334,3.580040108685472e-10,0.9709039155381519,0.02909606618758108,1.7916262600951517e-08,25,20,20
26,7335,4.871231263082958e-11,0.99155432907772,0.008445635418135563,3.545543204074266e-08,25,20,20
26,7336,4.847841968105527e-11,0.9920592405773424,0.007940741774141823,1.7600037181019e-08,25,20,20
26,7337,4.847841485866615e-11,0.9920283472830106,0.00797163506857123,1.7599939659373813e-08,25,20,20
26,7338,6.064975892107433e-11,0.9925061964601366,0.007493785869816873,1.7609396680885575e-08,25,20,20
26,7339,7.263373328481422e-11,0.9912669146086438,0.00873306740784227,1.7910880095917427e-08,25,20,20
26,7340,6.113707063199423e-11,0.9912674885330433,0.008732493500493764,1.7905325944903927e-08,25,20,20
26,7341,6.133598831983386e-11,0.9918343647701019,0.008165617257956854,1.7910605160414094e-08,25,20,20
26,7342,6.791017611025507e-11,0.9730780426367608,0.02692192978982368,2.750550509524123e-08,25,20,20
26,7343,1.2718765383913226e-11,0.9643563557688256,0.03564362599352477,1.8224930549428097e-08,25,20,20
26,7344,2.7448135691208445e-09,0.963734674026575,0.03626530500367112,1.8224939917700294e-08,25,20,20
26,7345,2.7448133018735326e-09,0.9637420235394941,0.036257955496311695,1.821938053037634e-08,25,20,20
26,7346,2.780795432158125e-09,0.962475859375588,0.037524119931372106,1.791224400635692e-08,25,20,20
26,7347,2.7807966475081204e-09,0.9366220465053527,0.06337793268918093,1.8024669089044578e-08,25,20,20
26,7348,2.8233176001548695e-09,0.9469908685575987,0.053009093217052376,3.5402030906028314e-08,25,20,20
26,7349,2.8235539432244125e-09,0.9286162268724373,0.0713834462511231,3.240528850264762e-07,25,20,20
26,7350,3.859480184186586e-09,0.9050199522121012,0.09497971324808409,3.3068033489725045e-07,25,20,20
26,7351,1.118156614666768e-09,0.9106387374589304,0.0893609305171102,3.3090580281332835e-07,25,20,20
26,7352,1.1452673430327356e-09,0.9359388426891384,0.06406082505943635,3.3110615728224105e-07,25,20,20
26,7353,3.63153219282148e-10,0.9090722850918189,0.09092738995972105,3.245853068838511e-07,25,20,20
26,7354,1.0141521775144745e-09,0.890052909503792,0.10994581482622456,1.2746558312597111e-06,25,20,20
26,7355,1.0141521775144745e-09,0.890052909503792,0.10994581482622456,1.2746558312597111e-06,25,20,20
26,7356,1.0141521775144745e-09,0.890052909503792,0.10994581482622456,1.2746558312597111e-06,25,20,20
26,7357,1.0956322274174598e-10,0.9606012254733849,0.03939846722086242,3.0719618928897005e-07,25,20,20
26,7358,9.75109320449689e-11,0.9906548207048105,0.009345178253242662,9.444357386394702e-10,25,20,20
26,7359,9.729946273895325e-11,0.9523774663289253,0.04762253262931804,9.444569702501336e-10,25,20,20
26,7360,9.729946273895325e-11,0.9523774663289253,0.04762253262931804,9.444569702501336e-10,25,20,20
26,7361,1.0077374736584348e-10,0.9635938914580788,0.03640610749677289,9.443743866079263e-10,25,20,20
26,7362,1.0078892033118984e-10,0.9665053286502845,0.033494670304643655,9.44282786411517e-10,25,20,20
26,7363,1.0078872804219749e-10,0.9273072817043717,0.07269271725055623,9.442829467288515e-10,25,20,20
26,7364,1.0086549755478856e-10,0.9014839742922048,0.09851602455032053,1.0566089809509398e-09,25,20,20
26,7365,1.0247300772382346e-10,0.9256216783068163,0.0743783203332007,1.2575095948939018e-09,25,20,20
26,7366,9.814042931878343e-11,0.9940489432860301,0.005951055671576144,9.442532361472968e-10,25,20,20
26,7367,9.814042931878343e-11,0.9940489432860301,0.005951055671576144,9.442532361472968e-10,25,20,20
26,7368,9.814042931878343e-11,0.9940489432860301,0.005951055671576144,9.442532361472968e-10,25,20,20
26,7369,9.825567110025246e-11,0.9752945129909949,0.024705485963544604,9.472048225044276e-10,25,20,20
26,7370,9.845856685107227e-11,0.9769942654665678,0.023005733785544543,6.494289451555216e-10,25,20,20
26,7371,9.871084085935767e-11,0.9191147178437999,0.08088528140753715,6.499519119938009e-10,25,20,20
26,7372,5.2065836327008027e-11,0.841143243281561,0.15885675497271387,1.6936596841784002e-09,25,20,20
26,7373,5.211678039245469e-11,0.8649557110479773,0.1350442870177044,1.8822016200465783e-09,25,20,20
26,7374,5.211678039245469e-11,0.8649557110479773,0.1350442870177044,1.8822016200465783e-09,25,20,20
26,7375,5.1967961531888516e-11,0.8862395559957277,0.11376044243232161,1.5199832245659516e-09,25,20,20
26,7376,5.204119477446551e-11,0.860447742322149,0.13955225599349746,1.6323125065074114e-09,25,20,20
26,7377,5.161215881195622e-11,0.8729666553031162,0.12703334321284987,1.4324219685042116e-09,25,20,20
26,7378,9.925354861108912e-11,0.9375510276087301,0.062448971328537634,9.634786407965375e-10,25,20,20
26,7379,1.4848230425083187e-10,0.9778835782824363,0.022116420597534145,9.715473501165512e-10,25,20,20
26,7380,1.4848230425083187e-10,0.9778835782824363,0.022116420597534145,9.715473501165512e-10,25,20,20
26,7381,1.4881637139666732e-10,0.9361920906834061,0.06380790800744611,1.160331182620762e-09,25,20,20
26,7382,1.528696306519522e-07,0.9342198705637957,0.06577995824477842,1.8321794950370147e-08,25,20,20
26,7383,1.5286952184134184e-07,0.9506600656720907,0.04933976283083487,1.8627552344159395e-08,25,20,20
26,7384,1.5286921383721604e-07,0.9764435782738105,0.02355625022932835,1.8627647553331188e-08,25,20,20
26,7385,1.5288157180879048e-07,0.9763891171031416,0.023610711071116956,1.894416992321566e-08,25,20,20
26,7386,1.6710386236238413e-07,0.9247459289498289,0.07525387860077443,2.534553440782127e-08,25,20,20
26,7387,1.671038622662047e-07,0.9401752653343788,0.05982454241085163,2.5150907505398296e-08,25,20,20
26,7388,1.6807013690705332e-07,0.8740218284165965,0.1259779782588456,2.5254421533376764e-08,25,20,20
26,7389,1.5293634204031097e-07,0.9007662715216411,0.09922865387559182,4.9216664253820825e-06,25,20,20
26,7390,5.736762302278384e-07,0.862411040719967,0.13758348111115648,4.904492646763922e-06,25,20,20
26,7391,5.743752980989357e-07,0.8990264545623061,0.10097295186264965,1.9199746522379683e-08,25,20,20
26,7392,5.743761395296544e-07,0.9265473579716225,0.07345204844866553,1.9203572341343e-08,25,20,20
26,7393,5.743287170246753e-07,0.9123486151782606,0.08765079159316633,1.889985626581678e-08,25,20,20
26,7394,2.109486600615784e-07,0.9264766615956549,0.07352309153655205,3.591913299288856e-08,25,20,20
26,7395,2.1368758926648368e-07,0.9252769014787774,0.07472284859778436,3.62358489376896e-08,25,20,20
26,7396,6.086814360556037e-08,0.9153841319197236,0.08461578814187565,1.9070257517679555e-08,25,20,20
26,7397,6.085685391390286e-08,0.9148036648789304,0.0851962551985581,1.9065657981020278e-08,25,20,20
26,7398,6.085634420737308e-08,0.9400135468120537,0.05998637326602638,1.9065575779512742e-08,25,20,20
26,7399,1.0601467656563701e-07,0.9293753855220799,0.07062448904281254,1.9420431239552974e-08,25,20,20
26,7400,1.0601380866844286e-07,0.9293983371156397,0.07060153745567618,1.9414875598562776e-08,25,20,20
26,7401,6.106453939596683e-08,0.9376124871444844,0.0623874273660937,2.442488260712225e-08,25,20,20
26,7402,6.111515138572157e-08,0.9077597097779874,0.09224020470610989,2.4400751351503762e-08,25,20,20
26,7403,6.112646281713426e-08,0.9071711452246021,0.09282876924818508,2.4400749945610894e-08,25,20,20
26,7404,6.11372745518143e-08,0.9183667064967578,0.08163320810413971,2.4261827724652095e-08,25,20,20
26,7405,6.164080433498359e-08,0.8808386955857215,0.11916119806320392,4.471027011851613e-08,25,20,20
26,7406,5.772307474828875e-08,0.9034148348249152,0.09658508379613487,2.3655875178163405e-08,25,20,20
26,7407,1.970502296115135e-08,0.9228816393158839,0.0771183392783358,1.7007572490001684e-09,25,20,20
26,7408,1.9704816115640198e-08,0.9240969711995929,0.07590300770752227,1.388068497345395e-09,25,20,20
26,7409,7.376250915418851e-08,0.926302318127778,0.07369760073615848,7.3735542530359734e-09,25,20,20
26,7410,7.380956197142071e-08,0.9251148482149166,0.07488505311593388,2.4859587282573417e-08,25,20,20
26,7411,1.9751811744143134e-08,0.9510589286758864,0.048941032787262084,1.8785039834116716e-08,25,20,20
26,7412,1.9751815817967165e-08,0.9510571383636046,0.04894282309953797,1.8785041540333043e-08,25,20,20
26,7413,1.975095239042514e-08,0.9510778074127684,0.04892215436766679,1.8468612283781614e-08,25,20,20
26,7414,1.975094870680002e-08,0.9523165381687616,0.04768342391871363,1.8161575944429965e-08,25,20,20
26,7415,1.975094876208993e-08,0.9511002261498334,0.048899735932350766,1.81668668400442e-08,25,20,20
26,7416,1.9757274071847082e-08,0.92132356193892,0.07867640013693784,1.8166867670152603e-08,25,20,20
26,7417,1.9756443852664433e-08,0.921356308974881,0.07864365310180671,1.816686783698509e-08,25,20,20
26,7418,1.1590526132987914e-10,0.9587770870320627,0.04122289501061014,1.7841421417650747e-08,25,20,20
26,7419,1.1590538783128929e-10,0.9587461916296606,0.041253790413107956,1.784132557483787e-08,25,20,20
26,7420,4.902764947344713e-10,0.969728667016417,0.03027131447850172,1.8014804252624936e-08,25,20,20
26,7421,1.6476159453776566e-10,0.947607318322031,0.05239152015730739,1.161355899511964e-06,25,20,20
26,7422,1.6477659890665735e-10,0.9477492889641839,0.05224954920190092,1.16166913814418e-06,25,20,20
26,7423,1.0981110899963205e-10,0.9869380092793649,0.013061972445481405,1.8165341931148372e-08,25,20,20
26,7424,1.0981110899963205e-10,0.9869380092793649,0.013061972445481405,1.8165341931148372e-08,25,20,20
26,7425,9.728218286581747e-11,0.959470880663859,0.04052909600819947,2.323065898556756e-08,25,20,20
26,7426,2.7957809398775616e-09,0.9860090379891041,0.013990940763034412,1.8452080205295618e-08,25,20,20
26,7427,2.7970559562545027e-09,0.9456195190512569,0.054379827705371475,6.504463149630197e-07,25,20,20
26,7428,2.7970559562545027e-09,0.9456195190512569,0.054379827705371475,6.504463149630197e-07,25,20,20
26,7429,2.7481570708664726e-09,0.9235837961899556,0.07641620009593451,9.659523860479495e-10,25,20,20
26,7430,4.9817780430098925e-11,0.9253156777709186,0.07468432151626499,6.629982347045212e-10,25,20,20
26,7431,7.695629916361485e-11,0.9343577260135034,0.06564226366371193,1.0245828012404441e-08,25,20,20
26,7432,7.693728832216747e-11,0.9348004792262752,0.0651995107586405,9.938146669170103e-09,25,20,20
26,7433,5.0569309410098326e-11,0.9535967096951922,0.04640328989106836,3.6316991385697157e-10,25,20,20
26,7434,4.948431030790191e-11,0.9933232527160822,0.006676746873517613,3.6091574827930403e-10,25,20,20
26,7435,4.9738961233145136e-11,0.9125298455657718,0.08747015402903591,3.554521886766865e-10,25,20,20
26,7436,4.65495766130208e-09,0.9126903335158798,0.08730964677114537,1.5058016244059812e-08,25,20,20
26,7437,4.654959355957394e-09,0.9372324386033705,0.06276754168023936,1.5061430729986602e-08,25,20,20
26,7438,4.655812490684861e-09,0.9389189131647516,0.061081067123229256,1.505620650153272e-08,25,20,20
26,7439,5.599893427782035e-08,0.9110837933659585,0.0889161355771827,1.5057923853109757e-08,25,20,20
26,7440,1.3790151179027816e-12,0.9774971641828775,0.022502835472768278,3.4297535115361793e-10,25,20,20
26,7441,3.17363019339623e-11,0.9774917051996959,0.02250829411462513,6.539428800215089e-10,25,20,20
26,7442,7.977858916370275e-11,0.977047440611518,0.022952558347227873,9.614756059139172e-10,25,20,20
26,7443,7.957638250365353e-11,0.9758325774976118,0.02416742146689358,9.559183111652845e-10,25,20,20
26,7444,3.153047081861899e-11,0.9762771586228266,0.023722840697350898,6.482920542614522e-10,25,20,20
26,7445,3.175130260822968e-11,0.9774376873382563,0.022562311976332294,6.536601560282815e-10,25,20,20
26,7446,7.912331835319918e-11,0.9757190408484359,0.024280958115449988,9.569910936760307e-10,25,20,20
26,7447,7.950941205192349e-11,0.9565164065739625,0.043483592700787305,6.457404261570639e-10,25,20,20
26,7448,1.0752579143834398e-09,0.9300203684918597,0.0699590053176243,2.0625115257910227e-05,25,20,20
26,7449,1.797060331053852e-09,0.9294985626901707,0.07048081039219314,2.062512057575272e-05,25,20,20
26,7450,1.7970490561395705e-09,0.928266048135834,0.07171332494644718,2.0625120669830807e-05,25,20,20
26,7451,1.7675156225700535e-09,0.9430446893250161,0.056934683468296055,2.062543917203799e-05,25,20,20
26,7452,1.7672847728829328e-09,0.9630469216321228,0.03693245116702534,2.0625433566902053e-05,25,20,20
26,7453,1.7672997951270141e-09,0.9618085990629299,0.03817077373610882,2.062543366140401e-05,25,20,20
26,7454,7.731305842958222e-10,0.9756973150199285,0.024302683858744137,3.4819675648111385e-10,25,20,20
26,7455,7.743806910561787e-10,0.9357300313436531,0.0642699671109723,7.70993854230641e-10,25,20,20
26,7456,7.729360999778649e-10,0.9756978221388402,0.024302176740025282,3.4819842784105864e-10,25,20,20
26,7457,5.089527581760821e-06,0.9579030754483066,0.04209182447093245,1.0553179080104613e-08,25,20,20
26,7458,5.0895409585905826e-06,0.944558386934985,0.05543651288523073,1.063882565056673e-08,25,20,20
26,7459,5.089498069521325e-06,0.8953916745245719,0.10460322533869004,1.0638668774321163e-08,25,20,20
26,7460,5.088807027640335e-06,0.8820343690520589,0.1179605313104427,1.0830470998436554e-08,25,20,20
26,7461,3.562936044578891e-11,0.9168544043453606,0.08314559507542657,5.435838422745761e-10,25,20,20
26,7462,3.646004004614848e-11,0.91515738237414,0.08484261674265645,8.467440840397784e-10,25,20,20
26,7463,3.6475342417901836e-11,0.9151353891536789,0.08486460995754784,8.522985017863976e-10,25,20,20
26,7464,3.680901889457448e-11,0.9039114083493895,0.09608859025205624,1.361745665200327e-09,25,20,20
26,7465,3.438462972261435e-11,0.9314180995224561,0.0685818815807277,1.8862431622296963e-08,25,20,20
26,7466,3.4039393760415703e-11,0.9726252695774185,0.027374712030218004,1.8358324413041623e-08,25,20,20
26,7467,3.6529832856899455e-08,0.9074788619637517,0.09252107837012342,2.3136292302084345e-08,25,20,20
26,7468,3.723047355038335e-08,0.9361686182360711,0.06383132646804227,1.8065412934995412e-08,25,20,20
26,7469,7.375247098672595e-10,0.976131889759877,0.023868091758498057,1.77441005840803e-08,25,20,20
26,7470,7.381714072605633e-10,0.9761189978542191,0.02388098365805233,1.7749557415205378e-08,25,20,20
26,7471,7.063003605525698e-10,0.9899931347431794,0.010006829512240537,3.503827976976811e-08,25,20,20
26,7472,7.080225822694438e-10,0.9895751312341904,0.010424833024964341,3.50328227464342e-08,25,20,20
26,7473,7.080225822694438e-10,0.9895751312341904,0.010424833024964341,3.50328227464342e-08,25,20,20
26,7474,7.08890011244865e-10,0.9895526759694065,0.010447288288880793,3.503282269219513e-08,25,20,20
26,7475,7.08889740559361e-10,0.9895294848087501,0.010470479455095298,3.5027264955480254e-08,25,20,20
26,7476,4.979651678603429e-12,0.9878811857537323,0.012118779219572239,3.502171582686372e-08,25,20,20
26,7477,4.98243772578641e-12,0.9883802800467804,0.01161968493188448,3.501635286443761e-08,25,20,20
26,7478,2.299517181135533e-10,0.9607455565758203,0.03925440807665718,3.511757068313234e-08,25,20,20
26,7479,2.1573190557139973e-08,0.8695094619524495,0.13047018419703604,2.033227732420926e-05,25,20,20
26,7480,2.1622861818554296e-08,0.8711547619630268,0.12882488413113377,2.0332282978093426e-05,25,20,20
26,7481,3.1019096054455727e-10,0.8899513614870693,0.11002830609323366,2.033210950628132e-05,25,20,20
26,7482,3.904094254867647e-08,0.9175679924373984,0.08241163587948869,2.0332642169921393e-05,25,20,20
26,7483,3.904093862672842e-08,0.9175681670960429,0.0824114609044205,2.033295859759005e-05,25,20,20
26,7484,3.881571337541142e-08,0.9431559899535203,0.05682363838102319,2.0332849742910335e-05,25,20,20
26,7485,3.87865563314915e-08,0.9704428040633544,0.029557121205492226,3.594459716077922e-08,25,20,20
26,7486,5.575241614547308e-11,0.9731675315007904,0.026832450295302773,1.8148154271780637e-08,25,20,20
26,7487,5.6583501485161164e-11,0.9714495650590055,0.028550416432922693,1.8451488001296246e-08,25,20,20
26,7488,7.148664257329818e-12,0.9456883357671623,0.05431164577972113,1.8445967543627914e-08,25,20,20
26,7489,7.510965143278361e-12,0.9631808346308638,0.036819146918705116,1.8442920086819685e-08,25,20,20
26,7490,2.7959547550491066e-09,0.9248507455983674,0.07514921596923418,3.563644344749672e-08,25,20,20
26,7491,0.0008576712404827987,0.8451869445153839,0.1538999501976796,5.543404645385282e-05,25,20,20
26,7492,0.0008576712404745187,0.8848044531901276,0.11428244152294421,5.543404645389652e-05,25,20,20
26,7493,2.802900051283741e-09,0.8905137899869381,0.10948617798979524,2.9220367112073398e-08,25,20,20
26,7494,2.802900051283741e-09,0.8905137899869381,0.10948617798979524,2.9220367112073398e-08,25,20,20
26,7495,2.805072751275243e-09,0.916779460375416,0.08322050759352503,2.9225986632790186e-08,25,20,20
26,7496,3.2580339399252386e-06,0.8545520840650525,0.14544377790675886,8.799942494253907e-07,25,20,20
26,7497,3.2580349784455262e-06,0.8515042936763141,0.14849058529751377,1.8629911945129193e-06,25,20,20
26,7498,4.398889879517381e-06,0.8502455633932706,0.14974804653615442,1.9911806960403907e-06,25,20,20
26,7499,4.398326819597385e-06,0.8630573297738425,0.13693710782264754,1.1640766910068318e-06,25,20,20
26,7500,3.2574867041268523e-06,0.8635374852108768,0.13645822142072128,1.0358816983515193e-06,25,20,20
26,7501,3.254696501367072e-06,0.8335123295687284,0.16648337984638,1.0358883899210285e-06,25,20,20
26,7502,3.2546930243427125e-06,0.861033959989284,0.13896174942920825,1.0358884839648166e-06,25,20,20
26,7503,3.2546788921039848e-06,0.9010014499715406,0.09899425945553206,1.0358940362030013e-06,25,20,20
26,7504,0.0008953852061328186,0.7941007954688046,0.20500280077982036,1.018545241870272e-06,25,20,20
26,7505,0.0008953852061328186,0.7941007954688046,0.20500280077982036,1.018545241870272e-06,25,20,20
26,7506,0.0008953852090347621,0.7836043636616357,0.21549923258026082,1.0185490690773596e-06,25,20,20
26,7507,0.0008953852090347621,0.7836043636616357,0.21549923258026082,1.0185490690773596e-06,25,20,20
26,7508,0.0009129601035299578,0.7386033173678525,0.2604825655444248,1.1569841926101641e-06,25,20,20
26,7509,0.0009129646393190549,0.7003419238816931,0.29874395398183723,1.1574971499593267e-06,25,20,20
26,7510,0.0009129602288841366,0.6761299429523259,0.32295692282107746,1.7399771166789803e-07,25,20,20
26,7511,0.0009133478366888328,0.6562752273390522,0.34281089530733316,5.295169238364376e-07,25,20,20
26,7512,2.1222770041306277e-05,0.6423196876935894,0.3576585429651584,5.465712090640818e-07,25,20,20
26,7513,2.122277005141554e-05,0.6235635629905146,0.37641466749989233,5.46739539144197e-07,25,20,20
26,7514,9.37682405295581e-05,0.6034083513548071,0.396497472379005,4.080256558842316e-07,25,20,20
26,7515,0.00010220924858494741,0.599741678450429,0.4001557042548398,4.0804614318484566e-07,25,20,20
26,7516,0.00010220552841112432,0.6634888531114634,0.3364085160436425,4.2531648110371785e-07,25,20,20
26,7517,0.00010220552841112432,0.6634888531114634,0.3364085160436425,4.2531648110371785e-07,25,20,20
26,7518,0.039968872902416665,0.6794872643292625,0.280543461750327,4.010179927214275e-07,25,20,20
26,7519,0.03996887290240223,0.6806721947488001,0.2793585310196655,4.0132913112713184e-07,25,20,20
26,7520,9.897555174959518e-05,0.7413498158536587,0.25855080758194265,4.010126490574638e-07,25,20,20
26,7521,9.864477641589672e-05,0.7967632674074367,0.20313768923787542,3.985782721178562e-07,25,20,20
26,7522,8.523365203854467e-06,0.8738183821573269,0.1261726955977517,3.988797177226945e-07,25,20,20
26,7523,1.2035359359417982e-07,0.8904926090707722,0.10950687171855755,3.9885707697736304e-07,25,20,20
26,7524,6.351322440391178e-08,0.8763682542264019,0.12363161761471614,6.464565773541216e-08,25,20,20
26,7525,1.2013162638412262e-09,0.8915242435633293,0.10847570767446124,4.7560893548592244e-08,25,20,20
26,7526,1.1520987182332417e-09,0.8911114389729486,0.10888851231951602,4.7555436913544646e-08,25,20,20
26,7527,4.858606602141026e-10,0.8675034674828602,0.13249648448120946,4.755006994267478e-08,25,20,20
26,7528,4.848008124738747e-10,0.8692684064416841,0.13073156280248738,3.027102796682326e-08,25,20,20
26,7529,1.48500976648334e-09,0.9491165627314841,0.05088343527046348,5.130425040736582e-10,25,20,20
26,7530,1.435214256543707e-09,0.9495208984778194,0.05047909925758732,8.293787369346356e-10,25,20,20
26,7531,1.435406627765167e-09,0.9473408456161656,0.05265915211895579,8.294717303231047e-10,25,20,20
26,7532,1.500612146746152e-11,0.9885314465045023,0.011468552839974762,6.405166146047743e-10,25,20,20
26,7533,6.427144118920151e-11,0.992003478411489,0.00799652056164144,9.625977964885572e-10,25,20,20
26,7534,1.4006199695057296e-11,0.993265838122279,0.006734160906572363,9.571422228974905e-10,25,20,20
26,7535,1.4524368367818309e-11,0.977858875215412,0.022141123807601595,9.624616165357918e-10,25,20,20
26,7536,1.407183456212021e-11,0.9691901551613782,0.030809843860114438,9.644353715637821e-10,25,20,20
26,7537,6.191553413532027e-11,0.9689976569421213,0.031002341719597835,1.276364977285765e-09,25,20,20
26,7538,1.4260276123336447e-10,0.9486410185193498,0.05135869407518191,2.872628654743508e-07,25,20,20
26,7539,1.4260301837210485e-10,0.9498789546878317,0.050120757906792573,2.8726277265302295e-07,25,20,20
26,7540,1.3938793929893897e-10,0.976474634911954,0.023525346081031694,1.8867626166237512e-08,25,20,20
26,7541,1.5877570473872122e-10,0.9913916119154481,0.008608368748328371,1.917744791255712e-08,25,20,20
26,7542,1.585836029845887e-10,0.9920391912133479,0.007960789450532994,1.9177535117393865e-08,25,20,20
26,7543,1.1008257937076057e-10,0.9932233339829714,0.006776647036459272,1.8870486420333654e-08,25,20,20
26,7544,1.0921238738624981e-10,0.9457933946781628,0.054206586255776366,1.895684782628966e-08,25,20,20
26,7545,9.685723159483545e-11,0.9458248890963361,0.05417509184995395,1.8956852173982422e-08,25,20,20
26,7546,9.687950794896419e-11,0.9257011213583612,0.07429885959085977,1.8953899017820157e-08,25,20,20
26,7547,9.688379922697576e-11,0.9252962054716827,0.07470377547743921,1.895399382694599e-08,25,20,20
26,7548,1.454386716219716e-10,0.9629264662177996,0.03707351467726913,1.8959492181703492e-08,25,20,20
26,7549,2.0323907101779521e-10,0.9236039409364879,0.07639604052911406,1.8331158593998158e-08,25,20,20
26,7550,1.558871079911152e-10,0.9253077098639951,0.07469228893150295,1.0486146294025083e-09,25,20,20
26,7551,1.5587194850426663e-10,0.9253080871778555,0.07469191161775364,1.0485188429991377e-09,25,20,20
26,7552,8.529469565062491e-10,0.924902341151588,0.07509765695023697,1.0452279415607954e-09,25,20,20
26,7553,1.0512854857374758e-09,0.8944602594751296,0.10553973833954941,1.134035082377929e-09,25,20,20
26,7554,8.042505677759662e-10,0.950749246790969,0.04925075145481177,9.49968642310555e-10,25,20,20
26,7555,8.042507681422877e-10,0.9507519968941639,0.04924800135161669,9.499686424304447e-10,25,20,20
26,7556,8.33362261920943e-11,0.9723319228504534,0.027668076258751877,8.074580566003432e-10,25,20,20
26,7557,9.494517744526493e-11,0.9463522976049599,0.05364768371751943,1.8582575329521256e-08,25,20,20
26,7558,9.408651905253085e-11,0.9455507647887391,0.05444921653460083,1.8582573373662266e-08,25,20,20
26,7559,9.408651905253085e-11,0.9455507647887391,0.05444921653460083,1.8582573373662266e-08,25,20,20
26,7560,8.191074535581051e-11,0.9444340888923616,0.05556591021854932,8.071781782964687e-10,25,20,20
26,7561,9.432793676343637e-11,0.9161889784274944,0.083796292829391,1.4728648786112525e-05,25,20,20
26,7562,9.429070524097797e-11,0.9167749959291811,0.08321027563979992,1.4728336727991346e-05,25,20,20
26,7563,9.426835430819865e-11,0.9162618797554487,0.08372339212068855,1.4728029594102173e-05,25,20,20
26,7564,9.426835430819865e-11,0.9162618797554487,0.08372339212068855,1.4728029594102173e-05,25,20,20
26,7565,1.0587664400400251e-09,0.9092967136655221,0.09068855741692178,1.4727858789591818e-05,25,20,20
26,7566,1.4328796016588677e-09,0.8911233434141401,0.10886192713155304,1.4728021427406784e-05,25,20,20
26,7567,1.4326756056471007e-09,0.889916094601508,0.11006917593891069,1.4728026905844074e-05,25,20,20
26,7568,1.0760565131640083e-09,0.8828489565466004,0.11713631451855028,1.4727858792913734e-05,25,20,20
26,7569,1.0760671127696227e-09,0.8640934125777703,0.13589185848971022,1.472785645228531e-05,25,20,20
26,7570,1.891061361747067e-07,0.8522498400434615,0.14774997083559463,1.4807618473372526e-11,25,20,20
26,7571,1.8908868833630007e-07,0.8493407356917557,0.15065907520472155,1.483443166052502e-11,25,20,20
26,7572,1.89100650798097e-07,0.8480807720882249,0.1519190387910052,2.011908383157734e-11,25,20,20
26,7573,1.9170758799720916e-07,0.8234925933450903,0.17650719460366254,2.0343659698765356e-08,25,20,20
26,7574,1.9173600634957302e-07,0.7835249601490905,0.21647482776486018,2.0350042907750016e-08,25,20,20
26,7575,2.094743031130417e-06,0.8429454089755329,0.1570524754737761,2.080765989542473e-08,25,20,20
26,7576,2.094746512229805e-06,0.8204460810029175,0.17955180349897457,2.075159576125992e-08,25,20,20
26,7577,2.0947439074655786e-06,0.8504160908550609,0.1495817936495278,2.0751504190737827e-08,25,20,20
26,7578,2.0947439074655786e-06,0.8504160908550609,0.1495817936495278,2.0751504190737827e-08,25,20,20
26,7579,2.0947657805817564e-06,0.9149603217058391,0.08503756258290325,2.094547720611436e-08,25,20,20
26,7580,2.0947186997053665e-06,0.9320359344752193,0.06796194955476133,2.1251319689123664e-08,25,20,20
26,7581,2.2289790971629517e-08,0.9165046916044157,0.0834952654469232,2.065887014184187e-08,25,20,20
26,7582,2.2289253499171084e-08,0.9307264912529744,0.06927346579905956,2.065871273153721e-08,25,20,20
26,7583,2.227861964232994e-08,0.9265253400170578,0.07347409022721686,5.474771052982178e-07,25,20,20
26,7584,2.227861964232994e-08,0.9265253405049948,0.07347408974483605,5.474715491887606e-07,25,20,20
26,7585,2.2278158557255902e-08,0.9452569133682606,0.054743063605017774,7.485628434841957e-10,25,20,20
26,7586,2.2290506400639353e-08,0.9458361617300038,0.05416381522537681,7.541129696992543e-10,25,20,20
26,7587,2.843280130135919e-09,0.9935104981680923,0.006489498346930603,6.416965813294089e-10,25,20,20
26,7588,2.842230503982276e-09,0.9938648240115868,0.006135172806298986,3.3988348868374146e-10,25,20,20
26,7589,2.8422306894720094e-09,0.9921782201944602,0.0078217766181038,3.4520513497514227e-10,25,20,20
26,7590,3.5243196170540273e-09,0.9913651610719378,0.00863483505315518,3.505872427471535e-10,25,20,20
26,7591,4.571210311214033e-09,0.9788247572599786,0.02117523762905403,5.397567264328947e-10,25,20,20
26,7592,4.571210311214033e-09,0.9788247572599786,0.02117523762905403,5.397567264328947e-10,25,20,20
26,7593,4.572039304191031e-09,0.9770414261951842,0.022958568693017965,5.397583575688181e-10,25,20,20
26,7594,2.8431224599583235e-09,0.991215454562059,0.008784542238532353,3.5628625687724316e-10,25,20,20
26,7595,2.8431224599583235e-09,0.991215454562059,0.008784542238532353,3.5628625687724316e-10,25,20,20
26,7596,6.529655870413713e-11,0.9935666525368145,0.0064333473587596625,3.9129444256244237e-11,25,20,20
26,7597,6.551367716319045e-11,0.9935243289869125,0.0064756709083487705,3.922517906082203e-11,25,20,20
26,7598,6.551341003271156e-11,0.993524331798371,0.006475668091334966,4.478084578100156e-11,25,20,20
26,7599,6.469138471985148e-11,0.9947103319650296,0.00528966760900769,3.6127155706177346e-10,25,20,20
26,7600,5.368063418898927e-11,0.955859783531801,0.04414018809462389,2.8319894450320372e-08,25,20,20
26,7601,5.2813056853341753e-11,0.9541730170785967,0.04582695455415422,2.831443574044328e-08,25,20,20
26,7602,5.281747280895919e-11,0.9157816856100301,0.08421828571577786,2.862137478031292e-08,25,20,20
26,7603,2.6075961571153663e-09,0.9138840595611301,0.08611495902309863,9.78808175214608e-07,25,20,20
26,7604,2.686394469642587e-09,0.9127380750043504,0.08716745648360014,9.446582565470953e-05,25,20,20
26,7605,2.6986553965036002e-09,0.885869122501334,0.11403640951290976,9.446528710067843e-05,25,20,20
26,7606,2.6050163208198285e-09,0.9510748337041273,0.048924185515766175,9.781750901748226e-07,25,20,20
26,7607,7.21853586135064e-09,0.9123147223938975,0.08758831241995742,9.695796760870578e-05,25,20,20
26,7608,7.267467210699246e-09,0.9494549006011342,0.05044816212793526,9.693000346301542e-05,25,20,20
26,7609,7.267467210699246e-09,0.9494549006011342,0.05044816212793526,9.693000346301542e-05,25,20,20
26,7610,7.316743212057804e-09,0.9486093506743778,0.05129371199987874,9.693000900013623e-05,25,20,20
26,7611,2.6537495235962804e-09,0.9611288283505753,0.038870218779346266,9.502163284076484e-07,25,20,20
26,7612,2.6531442137137102e-09,0.9622691011916729,0.037729945626182176,9.50529000237989e-07,25,20,20
26,7613,2.6650019113160057e-09,0.9601006012688331,0.039898445239128916,9.508270354072209e-07,25,20,20
26,7614,2.665007138872274e-09,0.9445012957579447,0.05549775063239005,9.509446575522803e-07,25,20,20
26,7615,2.665010937830342e-09,0.9444626131435305,0.05553643324124875,9.509502092757438e-07,25,20,20
26,7616,2.665010937830342e-09,0.9444626131435305,0.05553643324124875,9.509502092757438e-07,25,20,20
26,7617,2.6157384391011152e-09,0.9436111655606823,0.056387880873583526,9.509499954222592e-07,25,20,20
26,7618,2.615717086238369e-09,0.9440908252182483,0.055908221216223956,9.50949810355892e-07,25,20,20
26,7619,2.6157278298263037e-09,0.9428586975922876,0.05714034884772898,9.509442552676666e-07,25,20,20
26,7620,2.615728024300595e-09,0.9428370240219557,0.05716202241796507,9.509443510258847e-07,25,20,20
26,7621,2.6167971621632345e-09,0.9423998202037001,0.05759922592723308,9.512522695773968e-07,25,20,20
26,7622,1.4480108441878049e-11,0.9827013880095534,0.01729764571594848,9.662600177210464e-07,25,20,20
26,7623,1.4464984708195366e-11,0.9845277980036435,0.015471235727442125,9.662544492272892e-07,25,20,20
26,7624,1.4459245711511548e-11,0.9835337130919413,0.01646532094628123,9.659473181019968e-07,25,20,20
26,7625,4.995636517744265e-11,0.9822808669219435,0.017718167384350458,9.656437494456356e-07,25,20,20
26,7626,4.9971588157765084e-11,0.9822583030241919,0.017740731282083422,9.656437528065886e-07,25,20,20
26,7627,4.997518660745928e-11,0.9822165435004506,0.017782490805821158,9.656437528047707e-07,25,20,20
26,7628,4.981423375607606e-11,0.9488395478647164,0.05116045174989238,3.3557654936383703e-10,25,20,20
26,7629,4.981423375607606e-11,0.9488395478647164,0.05116045174989238,3.3557654936383703e-10,25,20,20
26,7630,4.9814239553962305e-11,0.9488393881017086,0.05116061151280421,3.356723899727853e-10,25,20,20
26,7631,5.0677168021259905e-11,0.9879846421300853,0.012015357483565102,3.3567228688674907e-10,25,20,20
26,7632,6.019694245077049e-11,0.986197531779935,0.013801517954217577,9.502056502282041e-07,25,20,20
26,7633,6.017640415988897e-11,0.9871519437525249,0.012847105981556951,9.502057415344629e-07,25,20,20
26,7634,2.180939663679941e-06,0.9852710388835498,0.014725812778540666,9.673982456795321e-07,25,20,20
26,7635,2.185306132921581e-06,0.9463762466267398,0.053620600665835225,9.67401291794315e-07,25,20,20
26,7636,2.1852473748963993e-06,0.9494600439579242,0.05053775357652624,1.7218174331057287e-08,25,20,20
26,7637,2.1808808901692445e-06,0.9883317717778854,0.011666029815130532,1.752609384321123e-08,25,20,20
26,7638,2.1808851865034895e-06,0.9613509772456521,0.03864682434313086,1.7526030404597163e-08,25,20,20
26,7639,2.180941595643922e-06,0.9857393150696765,0.01425848644601143,1.7542716401068975e-08,25,20,20
26,7640,2.1809296243718056e-06,0.9576001999382963,0.04239760119366769,1.7938411442129338e-08,25,20,20
26,7641,0.01598658914705124,0.8980461618334791,0.08596721342173431,3.5597735625578265e-08,25,20,20
26,7642,2.180941485489448e-06,0.9409658885038575,0.059031888813327466,4.174132918595621e-08,25,20,20
26,7643,2.180941485489448e-06,0.9409658885038575,0.059031888813327466,4.174132918595621e-08,25,20,20
26,7644,2.180942140696212e-06,0.9604993170551162,0.03949846026426478,4.173847805523975e-08,25,20,20
26,7645,2.1809007625705798e-06,0.9455615269268024,0.054436267731027034,2.444140754593743e-08,25,20,20
26,7646,2.180900762313695e-06,0.9467693383367781,0.05322845632105329,2.444140594697717e-08,25,20,20
26,7647,2.1815840556959704e-06,0.9455286055063681,0.054469188488770144,2.4420805719413955e-08,25,20,20
26,7648,2.180912818123556e-06,0.9467690023818816,0.053228792602217495,2.4103082429227263e-08,25,20,20
26,7649,2.1809601448487975e-06,0.9468998850119871,0.053097909933667295,2.4094200336713386e-08,25,20,20
26,7650,2.249068818306685e-06,0.9209403538052012,0.07764028189652572,0.0014171152294540346,25,20,20
26,7651,2.1809197494027313e-06,0.9055838307074872,0.09441396429228796,2.4080474959665115e-08,25,20,20
26,7652,2.1809188752314197e-06,0.9318328539938037,0.06816494740960692,1.7677713959283715e-08,25,20,20
26,7653,2.1811622435091074e-06,0.9457830035212134,0.05421479794899197,1.7367550897548757e-08,25,20,20
26,7654,1.5408249404553366e-09,0.9243528655170998,0.07564713262570522,3.1636968417543975e-10,25,20,20
26,7655,1.5410329020883867e-09,0.9226258455376488,0.07737415230171202,6.196058998315531e-10,25,20,20
26,7656,1.5410329020883867e-09,0.9226258455376488,0.07737415230171202,6.196058998315531e-10,25,20,20
26,7657,8.680706181334315e-08,0.9038873848469585,0.0961125181478742,1.019810499849758e-08,25,20,20
26,7658,4.208535533240963e-06,0.9080016306121473,0.09199415050625487,1.0346064239637447e-08,25,20,20
26,7659,4.208521909493e-06,0.9094077500371138,0.09058803139833882,1.0042637373902223e-08,25,20,20
26,7660,4.208521909750418e-06,0.9088085478434503,0.09118723359200212,1.0042637347823296e-08,25,20,20
26,7661,4.208525845164687e-06,0.8815973318211318,0.11839844961591232,1.0037110459155267e-08,25,20,20
26,7662,4.12325959951148e-06,0.9003580253195179,0.09963785096236814,4.585139970056787e-10,25,20,20
26,7663,4.123259600990387e-06,0.8606309758410233,0.13936490044086305,4.5851229668433834e-10,25,20,20
26,7664,4.172613174724589e-06,0.851665498597028,0.1483303284978855,2.919109803567187e-10,25,20,20
26,7665,4.172613156673062e-06,0.8511949701012606,0.14880085699376389,2.9181810844280627e-10,25,20,20
26,7666,4.12325585092043e-06,0.9061005283387614,0.09389534811524132,2.9014593067318765e-10,25,20,20
26,7667,1.27125275095969e-09,0.9298215585977347,0.07017843998352334,1.4748910771765301e-10,25,20,20
26,7668,1.4487736869826753e-08,0.9650976992195278,0.034901939743511357,3.4654922414368054e-07,25,20,20
26,7669,1.4487736869826753e-08,0.9650976992195278,0.034901939743511357,3.4654922414368054e-07,25,20,20
26,7670,1.2353028473569127e-11,0.9916397954777202,0.008360204503763685,6.1633038571670705e-12,25,20,20
26,7671,1.2352936306217278e-11,0.9899533526067152,0.010046647374677095,6.25495697282151e-12,25,20,20
26,7672,1.2413747926377686e-11,0.9612154154401766,0.038784584541251915,6.15794677653684e-12,25,20,20
26,7673,5.94989610111625e-11,0.9899815528028413,0.01001844682275207,3.1490802387561783e-10,25,20,20
26,7674,1.2985086706772557e-11,0.9911172146917555,0.008882785278164442,1.7095231703536053e-11,25,20,20
26,7675,1.2992425428952455e-11,0.991921748670099,0.008078251299597683,1.7311066843149054e-11,25,20,20
26,7676,1.3993260761955574e-11,0.9764811539712548,0.023518845802826795,2.1192503382431625e-10,25,20,20
26,7677,1.334108024481089e-11,0.9756899395564382,0.024310059916654535,5.135661925344278e-10,25,20,20
26,7678,1.1346118471229878e-10,0.9753916219763035,0.02460837675186638,1.1583687590340791e-09,25,20,20
26,7679,1.1325446996199725e-10,0.9749227274535751,0.02507727158174768,8.514226619285989e-10,25,20,20
26,7680,1.1242777321146021e-10,0.9731494780428356,0.02685052099861228,8.461243588416808e-10,25,20,20
26,7681,1.1242798694480052e-10,0.9743900064223658,0.02560999261898443,8.462217994335438e-10,25,20,20
26,7682,1.1316026395923037e-10,0.9351925596529463,0.06480743938705474,8.468384996758259e-10,25,20,20
26,7683,1.0205208485613917e-10,0.9522958334620278,0.047704165783692944,6.522269604210856e-10,25,20,20
26,7684,1.0108793377731533e-10,0.9914625002156398,0.00853749872069457,9.625779539143088e-10,25,20,20
26,7685,1.0108400222468249e-10,0.9924666083789652,0.007533390250332518,1.2696186178187622e-09,25,20,20
26,7686,1.010877885861322e-10,0.9906870848419073,0.009312913787482485,1.2695226427252304e-09,25,20,20
26,7687,1.010877885861322e-10,0.9906870848419073,0.009312913787482485,1.2695226427252304e-09,25,20,20
26,7688,1.0139149179953074e-10,0.9661027984355579,0.03389720019901157,1.2640390685793035e-09,25,20,20
26,7689,1.4934494088627047e-10,0.9671231110653846,0.032875894423907204,9.943613631296264e-07,25,20,20
26,7690,1.4934494088627047e-10,0.9671231110653846,0.032875894423907204,9.943613631296264e-07,25,20,20
26,7691,1.4864261784523695e-10,0.9937279530682437,0.006271052094072808,9.946890407413919e-07,25,20,20
26,7692,1.0175752206426933e-10,0.995812170474495,0.004187810050917676,1.937282966204328e-08,25,20,20
26,7693,2.834160579698917e-09,0.9916786955807751,0.008321282529005743,1.9056058367335472e-08,25,20,20
26,7694,1.0240732538689561e-10,0.9912544649360074,0.008745516222019599,1.873956530795387e-08,25,20,20
26,7695,1.0326657105653874e-10,0.9633055918897397,0.03669438948549676,1.852149652819023e-08,25,20,20
26,7696,1.033669710005954e-10,0.9428945273314606,0.057105453745898316,1.88192734380671e-08,25,20,20
26,7697,1.0339701958548207e-10,0.94246633468604,0.05753364639119271,1.8819369840620957e-08,25,20,20
26,7698,1.5671737921734927e-07,0.9613739905038635,0.03862583395380487,1.882495234308144e-08,25,20,20
26,7699,1.6006105629837925e-07,0.922289348990101,0.07770926883575746,1.2221130849224754e-06,25,20,20
26,7700,1.5676228624938007e-07,0.9599149210603146,0.04008492113872747,1.0386715647286007e-09,25,20,20
26,7701,1.5676206546018192e-07,0.9886714906045987,0.011328351689185388,9.441506406880077e-10,25,20,20
26,7702,1.567127457981115e-07,0.9882422527381288,0.011757589910044835,6.390808371995681e-10,25,20,20
26,7703,1.5666480175981698e-07,0.9654779562798578,0.034521886416227214,6.391136074849179e-10,25,20,20
26,7704,1.5666480177725284e-07,0.9913009881182308,0.00869885487580333,3.411644455790892e-10,25,20,20
26,7705,1.5666502424208828e-07,0.989115109121026,0.010884733872881063,3.410691328848101e-10,25,20,20
26,7706,1.5667687943865902e-07,0.9873575976440098,0.01264224503486885,6.442420597901177e-10,25,20,20
26,7707,1.566760224501282e-07,0.9637823888010111,0.03621745388198435,6.409821021962417e-10,25,20,20
26,7708,6.973497771556092e-11,0.9493245320927922,0.05067483490226797,6.329352046012039e-07,25,20,20
26,7709,6.973497771556092e-11,0.9493245320927922,0.05067483490226797,6.329352046012039e-07,25,20,20
26,7710,3.1994366164774285e-10,0.950572540944553,0.049426819399778214,6.393357248293196e-07,25,20,20
26,7711,3.1994366164774285e-10,0.950572540944553,0.049426819399778214,6.393357248293196e-07,25,20,20
26,7712,3.0810321549006776e-10,0.9522766840272614,0.04772267662662161,6.390380134070471e-07,25,20,20
26,7713,3.005031904776246e-10,0.9677055307585108,0.0322944618859879,7.054998382795299e-09,25,20,20
26,7714,5.141016177139707e-11,0.9255072041154331,0.07449279011315635,5.7200000102532884e-09,25,20,20
26,7715,5.139118887150427e-11,0.9254958932882907,0.0745041009348597,5.725458180013744e-09,25,20,20
26,7716,5.075856298321946e-11,0.9651993067519244,0.0348006924555134,7.418036013092699e-10,25,20,20
26,7717,5.028150227619569e-11,0.993160139222008,0.006839860069676601,6.580339252648562e-10,25,20,20
26,7718,5.0403335964871515e-11,0.9535635582929985,0.04643644099554214,6.610555411770735e-10,25,20,20
26,7719,1.577890920218462e-12,0.9906615688190108,0.00933843082929766,3.501138018335074e-10,25,20,20
26,7720,1.5778285999597191e-12,0.9906470599865109,0.009352939661893316,3.5001797818276613e-10,25,20,20
26,7721,1.5782905584983113e-12,0.9906473690052584,0.009352630643336933,3.498262979747596e-10,25,20,20
26,7722,1.5782905584983113e-12,0.9906473690052584,0.009352630643336933,3.498262979747596e-10,25,20,20
26,7723,1.5782905584983113e-12,0.9906473690052584,0.009352630643336933,3.498262979747596e-10,25,20,20
26,7724,1.3550244767524674e-11,0.9894711665488864,0.0105288327862611,6.513021555214379e-10,25,20,20
26,7725,6.29783817856219e-11,0.9906881897663788,0.009311809202818567,9.678241857388627e-10,25,20,20
26,7726,6.274255512567002e-11,0.9906989477595731,0.009301051215510569,9.62173771764043e-10,25,20,20
26,7727,6.274790533697224e-11,0.9649062684641764,0.03509372410833479,7.3647407178892475e-09,25,20,20
26,7728,2.4957892448538408e-11,0.9615104044232726,0.038489588498137176,7.05363201284428e-09,25,20,20
26,7729,2.4958103219224324e-11,0.9644559298784339,0.035544063048295514,7.04831213007046e-09,25,20,20
26,7730,7.31117340835818e-11,0.987291063586416,0.012708935387683282,9.527885334367694e-10,25,20,20
26,7731,6.146300278927311e-11,0.9878014862803548,0.012198513016624866,6.415568227201408e-10,25,20,20
26,7732,6.22421070998168e-11,0.9897865053287547,0.010213494274129013,3.348735358712936e-10,25,20,20
26,7733,1.2468379791605015e-11,0.9234201901570508,0.07657980950112045,3.293595013995878e-10,25,20,20
26,7734,1.2678431887269779e-11,0.9239506841022213,0.076049315555689,3.2941038450093775e-10,25,20,20
26,7735,1.9053638864353875e-11,0.905226507252916,0.09477349239852723,3.2950221540597884e-10,25,20,20
26,7736,1.2712778164562986e-11,0.9526868948040988,0.047313104853492556,3.2969491907026856e-10,25,20,20
26,7737,1.270146488091233e-11,0.9135205982359377,0.08647940142095242,3.3040741630109535e-10,25,20,20
26,7738,7.102291685548618e-13,0.9148218229356223,0.08517817704038526,2.3281338838577775e-11,25,20,20
26,7739,4.9496491168346145e-11,0.8891250078920439,0.11087499191878197,1.396767822809902e-10,25,20,20
26,7740,4.941366850270748e-11,0.9326904142526938,0.06730958537125126,3.2664093449769995e-10,25,20,20
26,7741,1.319363013597821e-12,0.9031128668539432,0.09688711532463651,1.7820100315295325e-08,25,20,20
26,7742,1.319363013597821e-12,0.9031128668539432,0.09688711532463651,1.7820100315295325e-08,25,20,20
26,7743,1.3154028415472445e-12,0.9423323024329623,0.057667679751893165,1.78138287907892e-08,25,20,20
26,7744,1.3154028415472445e-12,0.9423323024329623,0.057667679751893165,1.78138287907892e-08,25,20,20
26,7745,1.31566646261854e-12,0.9423325507061068,0.057667431478652505,1.7813924579651177e-08,25,20,20
26,7746,1.3154695292911767e-12,0.9423182321980321,0.057681749986729425,1.7813922589163555e-08,25,20,20
26,7747,1.3154695292911767e-12,0.9423182321980321,0.057681749986729425,1.7813922589163555e-08,25,20,20
26,7748,2.7970657531720615e-09,0.9030612015708911,0.09693876031425112,3.5317791367984314e-08,25,20,20
26,7749,2.813236908691809e-09,0.9269060565003615,0.07309390486924355,3.581715773427434e-08,25,20,20
26,7750,2.8123866316377065e-09,0.9016935329625082,0.09830642871478401,3.551032057043512e-08,25,20,20
26,7751,2.812812743214984e-09,0.8999113009460546,0.10008866072004931,3.552108255181959e-08,25,20,20
26,7752,2.7445621669089016e-09,0.9380514246084531,0.06194853732896017,3.531802417458092e-08,25,20,20
26,7753,2.7936672180618562e-09,0.9655741234891481,0.03442582055147302,5.3165711411136774e-08,25,20,20
26,7754,2.7936674382582795e-09,0.926711489764311,0.07328845427625777,5.316576331279645e-08,25,20,20
26,7755,2.7945572051588557e-09,0.9685154508816259,0.0314844931525509,5.317126550795316e-08,25,20,20
26,7756,2.8429288024557523e-09,0.9662371160051445,0.03376284514196231,3.600996414920237e-08,25,20,20
26,7757,2.8429324876097594e-09,0.9649993095677207,0.03500065157399412,3.601535248402724e-08,25,20,20
26,7758,2.8427399478421493e-09,0.9666953524922326,0.033304608654898815,3.601012838439359e-08,25,20,20
26,7759,2.7569432831144038e-08,0.9530360273822714,0.04696390903474689,3.6013548649276564e-08,25,20,20
26,7760,2.7616669983219476e-08,0.9512512529707275,0.048748683399249426,3.601335265433137e-08,25,20,20
26,7761,2.7567747459548456e-08,0.9293402279347006,0.07065972622707688,1.827047446227908e-08,25,20,20
26,7762,6.652309426820147e-08,0.9298002802089749,0.0701996349973624,1.827056781877878e-08,25,20,20
26,7763,6.652025235126737e-08,0.9188656431325363,0.08113427166566334,1.868154714414039e-08,25,20,20
26,7764,6.378184449795334e-08,0.9149438380373002,0.08505609711395419,1.0669007376916143e-09,25,20,20
26,7765,3.92184095845211e-08,0.8791661177337895,0.1208338419788368,1.0689640276583571e-09,25,20,20
26,7766,3.92184095845211e-08,0.8791661177337895,0.1208338419788368,1.0689640276583571e-09,25,20,20
26,7767,3.923644495689866e-08,0.8391318852156473,0.16086807437233352,1.1755738752821572e-09,25,20,20
26,7768,1.1079898374331912e-06,0.7904505643207439,0.20954829636623612,3.132318195395802e-08,25,20,20
26,7769,1.1077919803960609e-06,0.8192287316116128,0.18077012927315472,3.1323251660176466e-08,25,20,20
26,7770,8.156455764216793e-07,0.861546819268005,0.138451379298287,9.857881314404495e-07,25,20,20
26,7771,8.149734536247366e-07,0.7975761172476267,0.20242306496725937,2.811659605683238e-09,25,20,20
26,7772,8.149734536247366e-07,0.7975761172476267,0.20242306496725937,2.811659605683238e-09,25,20,20
26,7773,8.149988254312318e-07,0.7780266120951537,0.22197257009451796,2.8115018625413537e-09,25,20,20
26,7774,1.821299850643593e-05,0.7486886292841518,0.25126343803218204,2.9719685158706546e-05,25,20,20
26,7775,1.4596377480786784e-05,0.7970131467987338,0.20296569509886656,6.561724918400345e-06,25,20,20
26,7776,1.5582558262364431e-07,0.8493538442442017,0.15064599885886842,1.0713473255460134e-09,25,20,20
26,7777,1.5582529040209414e-07,0.8756111160624336,0.12438872704623362,1.0660424555226884e-09,25,20,20
26,7778,2.797177809961037e-07,0.8766594892352706,0.12334022997789942,1.0690486649147316e-09,25,20,20
26,7779,3.674525962684425e-07,0.8389203086662499,0.16107879088921606,5.329919368546272e-07,25,20,20
26,7780,3.825229658026329e-07,0.8150448401828796,0.18495378989106975,9.874030842366723e-07,25,20,20
26,7781,3.632068660961117e-07,0.7991088437078738,0.2008902600799951,5.330052641965526e-07,25,20,20
26,7782,3.2460664772408566e-05,0.7584273397498886,0.2415396567896836,5.427956537379389e-07,25,20,20
26,7783,1.7146610224594444e-06,0.6839696014228501,0.31598556939996086,4.311451616607982e-05,25,20,20
26,7784,1.596351745713452e-06,0.7617846295957531,0.23821363278143382,1.41271066723499e-07,25,20,20
26,7785,1.5963519534296494e-06,0.7594098512480307,0.24058841112886006,1.4127115511824657e-07,25,20,20
26,7786,1.5963258448935785e-06,0.736050672959624,0.26394758945281205,1.4126171781939354e-07,25,20,20
26,7787,1.6532776904772237e-06,0.7240029434221088,0.275995255339426,1.479607735395906e-07,25,20,20
26,7788,2.5958527847186944e-07,0.748602812379938,0.25139688942026583,3.861451699698902e-08,25,20,20
26,7789,2.5523571027205227e-07,0.682403010035846,0.31759669724913786,3.747930524569306e-08,25,20,20
26,7790,1.477764907305101e-06,0.7075661762952911,0.2924312956777241,1.0502620770346768e-06,25,20,20
26,7791,5.0943653070975345e-06,0.7227327144853948,0.27723798303366914,2.4208115628252222e-05,25,20,20
26,7792,3.83244820655406e-06,0.722750541295548,0.277220835733201,2.4790523043901655e-05,25,20,20
26,7793,3.832448423044851e-06,0.7226886450788952,0.2772827319495416,2.4790523139561525e-05,25,20,20
26,7794,6.784141358450003e-06,0.7052230622685873,0.2947456234563626,2.4530133691157338e-05,25,20,20
26,7795,2.1579390478127199e-07,0.7311649404563577,0.2688347881116336,5.5638103017048406e-08,25,20,20
26,7796,2.1579377910332169e-07,0.7707528337655425,0.22924690460124103,4.5839436280585796e-08,25,20,20
26,7797,6.110173818595564e-08,0.7525245659837927,0.24747534529548587,2.761898226647786e-08,25,20,20
26,7798,2.767811766744808e-06,0.6753660530953859,0.3246305595494915,6.195433554379699e-07,25,20,20
26,7799,2.767811766744808e-06,0.6753660530953859,0.3246305595494915,6.195433554379699e-07,25,20,20
26,7800,2.783145522956002e-06,0.6391799446156746,0.36081665306612876,6.191726728818879e-07,25,20,20
26,7801,2.7678725155235063e-06,0.5966562463209266,0.40334033763136334,6.481751937135832e-07,25,20,20
26,7802,1.4239544009210514e-05,0.6654753395499017,0.33450979119574237,6.297103456913917e-07,25,20,20
26,7803,1.4239599960795297e-05,0.6255087500129457,0.37441001389429723,6.699649279593444e-05,25,20,20
26,7804,1.424037741385e-05,0.5825375345522851,0.38345897420424874,0.03398925086605182,25,20,20
26,7805,1.4150815932262395e-05,0.6208476056172205,0.3451485197262037,0.03398972384064224,25,20,20
26,7806,7.71195051118505e-05,0.6197601885546197,0.34615881559729067,0.03400387634297663,25,20,20
26,7807,0.0009044711178399227,0.6351640808444431,0.3299286187412209,0.03400282929649502,25,20,20
26,7808,0.03430510072273998,0.5956011669833445,0.33609088238199314,0.034002849911921235,25,20,20
26,7809,0.0008942000796542616,0.6811058278960945,0.2839966083008773,0.034003363723371954,25,20,20
26,7810,0.0008312323955402213,0.6694693083903939,0.29571024147865016,0.033989217735413836,25,20,20
26,7811,0.0008561824602483722,0.6544853848561647,0.3107353890329713,0.03392304365061444,25,20,20
26,7812,0.0008549728751521726,0.712151222422061,0.25307130237573994,0.03392250232704583,25,20,20
26,7813,0.002448926924189096,0.6721980023295199,0.29143056061545297,0.033922510130836955,25,20,20
26,7814,0.002448926942110173,0.6468260235454872,0.3167811022223042,0.03394394729009729,25,20,20
26,7815,2.7618277596780688e-05,0.7054198446812476,0.2945308430002133,2.1694040941721126e-05,25,20,20
26,7816,2.6287492902407296e-05,0.7054268564141232,0.29452516241010046,2.1693682873166824e-05,25,20,20
26,7817,1.34127246316569e-06,0.7305909915900609,0.26938614950273165,2.1517634743240652e-05,25,20,20
26,7818,1.34127246316569e-06,0.7305909915900609,0.26938614950273165,2.1517634743240652e-05,25,20,20
26,7819,6.230516243274313e-08,0.7776644463748243,0.22231397410531592,2.1517214696458702e-05,25,20,20
26,7820,5.595751473240477e-06,0.7618490772347645,0.23812380961323779,2.1517400523741805e-05,25,20,20
26,7821,5.595738563131965e-06,0.777028512161077,0.222944392186068,2.149991429077759e-05,25,20,20
26,7822,5.538809504887083e-06,0.7770434721827442,0.2229294959778199,2.1493029929698845e-05,25,20,20
26,7823,5.541170528674921e-06,0.7382816293669778,0.2616913361730184,2.1493289473629504e-05,25,20,20
26,7824,3.96578245680047e-05,0.7617605318298192,0.2381783448750888,2.1465470522380785e-05,25,20,20
26,7825,3.417157202144293e-05,0.7614665890201766,0.23844285961276782,5.637979503337017e-05,25,20,20
26,7826,3.4353152870428204e-05,0.72148183234598,0.27842743469982506,5.637980132385176e-05,25,20,20
26,7827,3.4353152870428204e-05,0.72148183234598,0.27842743469982506,5.637980132385176e-05,25,20,20
26,7828,3.801134242119632e-05,0.6060456367893727,0.3938599723697781,5.637949842670973e-05,25,20,20
26,7829,3.801134242119632e-05,0.6060456367893727,0.3938599723697781,5.637949842670973e-05,25,20,20
26,7830,3.8011324263887306e-05,0.6314359477808658,0.36849109887250364,3.494202236500776e-05,25,20,20
26,7831,3.801129093207757e-05,0.5873953277073009,0.4125317443720412,3.491662972457421e-05,25,20,20
26,7832,0.002076809055845486,0.6257726001779542,0.3721156032923653,3.498747383377847e-05,25,20,20
26,7833,7.302972643568654e-05,0.6657344870346955,0.3341575650846768,3.491815419086332e-05,25,20,20
26,7834,7.302966095283513e-05,0.6666651311699384,0.3332269210204962,3.4918148611968455e-05,25,20,20
26,7835,7.302966095283513e-05,0.6666651311699384,0.3332269210204962,3.4918148611968455e-05,25,20,20
26,7836,3.77648645442357e-05,0.7441301794335747,0.2557971414945823,3.491420729761248e-05,25,20,20
26,7837,4.103250219620382e-06,0.7838898016752429,0.21607118164790148,3.4913426634581934e-05,25,20,20
26,7838,5.787578974330636e-07,0.664653968064935,0.33531053944053474,3.491373663161821e-05,25,20,20
26,7839,2.69544837218824e-07,0.7565797533096585,0.24338506341767163,3.491372783085707e-05,25,20,20
26,7840,2.3078660227923023e-07,0.8863119085840354,0.11365294700946034,3.491361990107921e-05,25,20,20
26,7841,2.3013442191468667e-07,0.8900883967294861,0.10987645982846482,3.491330762646565e-05,25,20,20
26,7842,2.5504481253450434e-07,0.852330834179972,0.14762670965550692,4.2201119707771613e-05,25,20,20
26,7843,1.527803855853897e-07,0.9322071793534116,0.06775775487969325,3.491298650887476e-05,25,20,20
26,7844,3.163516810934963e-11,0.9668283331481689,0.03317166637878272,4.4141285951263413e-10,25,20,20
26,7845,1.946820360173846e-11,0.9674408447699742,0.03255915508116162,1.2939592275952396e-10,25,20,20
26,7846,1.9471583561478197e-11,0.9657762731832089,0.03422372666260173,1.3471756772931116e-10,25,20,20
26,7847,1.9471583561478197e-11,0.9657762731832089,0.03422372666260173,1.3471756772931116e-10,25,20,20
26,7848,3.1865338813791975e-12,0.9509214996604358,0.049078483029485094,1.7306892514177758e-08,25,20,20
26,7849,2.763600458245686e-09,0.9483695100616064,0.051630469559319964,1.7615473312693582e-08,25,20,20
26,7850,2.763600458245686e-09,0.9483695100616064,0.051630469559319964,1.7615473312693582e-08,25,20,20
26,7851,2.8096670593060774e-09,0.9597290475073899,0.040270931949826734,1.7733116511177106e-08,25,20,20
26,7852,2.8092279941066566e-09,0.9603498080260833,0.039650171437141085,1.772754798288882e-08,25,20,20
26,7853,2.8092129645238876e-09,0.962076776567348,0.0379232028959827,1.7727456354090858e-08,25,20,20
26,7854,1.5341399962228178e-07,0.9197923456459278,0.080207466167968,3.4772104230929e-08,25,20,20
26,7855,1.534156515331421e-07,0.943876158728523,0.05612365308559831,3.4770226754880586e-08,25,20,20
26,7856,1.516833762305078e-07,0.9593374035931869,0.04066240995677662,3.4766660285120475e-08,25,20,20
26,7857,1.5168380893558555e-07,0.9418230721302531,0.05817673214799293,4.403794494570108e-08,25,20,20
26,7858,1.5446222021753868e-07,0.9394917428040105,0.060508058695634775,4.403813426598714e-08,25,20,20
26,7859,1.5446370692092108e-07,0.9401449155942945,0.0598548859048144,4.403718448721862e-08,25,20,20
26,7860,1.544645571049585e-07,0.9384258918370356,0.06157390966103225,4.403737528685098e-08,25,20,20
26,7861,1.544645571049585e-07,0.9384258918370356,0.06157390966103225,4.403737528685098e-08,25,20,20
26,7862,1.5451458413332008e-07,0.9393015756608,0.06069820791924735,6.190536898839696e-08,25,20,20
26,7863,1.5452633760309402e-07,0.9633832924375231,0.03661649124300821,6.179313151755746e-08,25,20,20
26,7864,1.5452633766403698e-07,0.9633218197362595,0.0366779639443656,6.179303738438832e-08,25,20,20
26,7865,1.5452633796828619e-07,0.9241023229498815,0.07589744066563157,8.185814905780573e-08,25,20,20
26,7866,1.548734584154106e-07,0.8590537562748249,0.14091894649311953,2.7142358596790027e-05,25,20,20
26,7867,1.5487345804905026e-07,0.8982737986535205,0.10169892417953648,2.7122293485116637e-05,25,20,20
26,7868,1.5488537186033914e-07,0.9245627428833209,0.07540998634046456,2.7115890842832757e-05,25,20,20
26,7869,1.5488537186033914e-07,0.9245627428833209,0.07540998634046456,2.7115890842832757e-05,25,20,20
26,7870,1.5476983966038138e-07,0.9390049263523323,0.0609948743566045,4.452122386023846e-08,25,20,20
26,7871,1.5453637913438757e-07,0.9447634367665146,0.055236373766393294,3.493071318835439e-08,25,20,20
26,7872,4.0102776547378674e-07,0.8678939316327943,0.13210563192604863,3.541339143974027e-08,25,20,20
26,7873,4.010279895905142e-07,0.9095121781042202,0.09048738514970513,3.571808502247656e-08,25,20,20
26,7874,4.010280651680288e-07,0.883691402196986,0.11630816105140644,3.5723541976261964e-08,25,20,20
26,7875,4.010280651680288e-07,0.883691402196986,0.11630816105140644,3.5723541976261964e-08,25,20,20
26,7876,2.506407465293153e-07,0.8459389659064963,0.1540607647533458,1.8699410927729173e-08,25,20,20
26,7877,2.5062860666910694e-07,0.8722548709244348,0.12774485975290703,1.8694050969600657e-08,25,20,20
26,7878,2.506266867546985e-07,0.8874245886125247,0.11257514207408809,1.868669985151422e-08,25,20,20
26,7879,2.506332196544955e-07,0.8685153872283142,0.13148380047833383,5.616601317431347e-07,25,20,20
26,7880,3.6028767327202572e-06,0.8452731040673871,0.15472272481858557,5.68237293936943e-07,25,20,20
26,7881,3.6028767327202572e-06,0.8452731040673871,0.15472272481858557,5.68237293936943e-07,25,20,20
26,7882,3.6057253456229394e-06,0.8140068893673863,0.18598893635021227,5.68557054908796e-07,25,20,20
26,7883,3.3579918097751335e-06,0.8941878971220325,0.10580817650530577,5.683808515118401e-07,25,20,20
26,7884,2.9228737217658407e-09,0.9166632627757042,0.08333617250874954,5.617926721659325e-07,25,20,20
26,7885,2.9225806903372614e-09,0.9412381163686367,0.05876131891075635,5.617980259628487e-07,25,20,20
26,7886,2.9217173286061668e-09,0.902341032330788,0.09765840295487728,5.617926168848184e-07,25,20,20
26,7887,2.9217173286061668e-09,0.902341032330788,0.09765840295487728,5.617926168848184e-07,25,20,20
26,7888,2.921907126886849e-09,0.9406225504574731,0.05937688482815038,5.617924692531283e-07,25,20,20
26,7889,1.585345155517145e-07,0.9375044875594756,0.062494756534491186,5.973715171947054e-07,25,20,20
26,7890,1.5853450033252112e-07,0.9375045113667123,0.0624947330436991,5.970550878784279e-07,25,20,20
26,7891,1.7347688921707144e-07,0.900839237852015,0.09915998958044657,5.990906487460082e-07,25,20,20
26,7892,1.5853306221840598e-07,0.9414231945410663,0.05857604920033311,5.977255378287952e-07,25,20,20
26,7893,1.5574133873152733e-07,0.943284889072414,0.05671435746601457,5.977202323230186e-07,25,20,20
26,7894,1.5574158350047563e-07,0.9145563939355064,0.0854428526066711,5.977162386314853e-07,25,20,20
26,7895,1.557544759680557e-07,0.9128288378619664,0.08717040836415914,5.980193975494199e-07,25,20,20
26,7896,1.557544759680557e-07,0.9128288378619664,0.08717040836415914,5.980193975494199e-07,25,20,20
26,7897,1.558087899270285e-07,0.9195282639882133,0.08047152480650924,5.539648669866726e-08,25,20,20
26,7898,5.7071402532326046e-08,0.9359082001345009,0.06409168166058692,6.113350891834771e-08,25,20,20
26,7899,5.7071402532326046e-08,0.9359082001345009,0.06409168166058692,6.113350891834771e-08,25,20,20
26,7900,5.707183329198536e-08,0.9610517834162567,0.03894809837481545,6.113709406204119e-08,25,20,20
26,7901,5.7071484478618333e-08,0.9034348076613056,0.09656507443689949,6.083030988797741e-08,25,20,20
26,7902,8.0403205493353e-07,0.8182317754821444,0.17863241423625895,0.003135006249540087,25,20,20
26,7903,7.637190545941081e-07,0.8581998935071542,0.14179898225724705,3.6051654313792826e-07,25,20,20
26,7904,7.637190545941081e-07,0.8581998935071542,0.14179898225724705,3.6051654313792826e-07,25,20,20
26,7905,7.636910798188406e-07,0.8360096454734761,0.16398924810538243,3.427300603926183e-07,25,20,20
26,7906,7.067573368421923e-07,0.8599760510296726,0.14002290556149877,3.3665149126999545e-07,25,20,20
26,7907,7.067568992876761e-07,0.9008612540412427,0.09913770254334887,3.366585085197387e-07,25,20,20
26,7908,7.067562616206019e-07,0.9004707895337255,0.09952816704610329,3.3666390924589196e-07,25,20,20
26,7909,7.067617598906061e-07,0.8821520491888009,0.11784690769901672,3.3635042243669653e-07,25,20,20
26,7910,7.073867985816898e-07,0.8808985920409416,0.1191003820844311,3.1848782868160434e-07,25,20,20
26,7911,7.073867983369174e-07,0.8521303826080207,0.14786859142829079,3.1857689034350625e-07,25,20,20
26,7912,7.07386798595864e-07,0.8508922090605365,0.14910676497038614,3.1858227867969994e-07,25,20,20
26,7913,3.748837119146329e-06,0.8297035787976346,0.17029232980979236,3.425554531489082e-07,25,20,20
26,7914,2.6865670183339728e-09,0.8834054279459125,0.1165945295280958,3.9839424259548696e-08,25,20,20
26,7915,6.045946337494398e-09,0.8297337022676124,0.17026625184050156,3.98459387433787e-08,25,20,20
26,7916,5.212971573433473e-08,0.7891848529585616,0.21081503435822874,6.05534935596994e-08,25,20,20
26,7917,5.094971104028295e-08,0.7843854473513316,0.2156144523675825,4.933137434820933e-08,25,20,20
26,7918,4.188422375638511e-05,0.8050361410810558,0.19465403565438272,0.0002679390408045127,25,20,20
26,7919,4.188421693817609e-05,0.8237686421546297,0.17592153458212095,0.0002679390463108188,25,20,20
26,7920,4.1884190094028694e-05,0.8039461069638023,0.1957440968088195,0.0002679120372834586,25,20,20
26,7921,4.188351504915453e-05,0.7769159726684307,0.22277423169026214,0.00026791212625770766,25,20,20
26,7922,0.00047566476384908554,0.6980685437219171,0.3011878786329011,0.0002679128813316627,25,20,20
26,7923,0.0004756186944944146,0.7267609091212315,0.27249557968770705,0.00026789249656604565,25,20,20
26,7924,0.0005132631138083743,0.7120357777502707,0.2870449294694078,0.00040602966651155366,25,20,20
26,7925,0.0005132631138083743,0.7120357777502707,0.2870449294694078,0.00040602966651155366,25,20,20
26,7926,0.000472827055366456,0.7071372346192328,0.2922516549086811,0.00013828341671880392,25,20,20
26,7927,0.0014358470039240023,0.7238925935860852,0.2745334193707776,0.00013814003921234868,25,20,20
26,7928,0.037548769768313804,0.7132581267417131,0.2490537148374325,0.00013938865253970592,25,20,20
26,7929,3.8100700663410256e-07,0.8018544281000796,0.19800704579878287,0.00013814509412999443,25,20,20
26,7930,3.46842418364857e-09,0.8705838419650527,0.12941520276047322,9.518060501660136e-07,25,20,20
26,7931,3.480019053171114e-09,0.9080773392348002,0.09192170552788197,9.5175729904104e-07,25,20,20
26,7932,3.7467002640868494e-06,0.9469575798022305,0.05303772174876016,9.517487453440209e-07,25,20,20
26,7933,3.744098188792217e-06,0.9499949224988931,0.050001314861550725,1.8541367573170045e-08,25,20,20
26,7934,6.606123347659577e-11,0.986750191338171,0.013249790058496564,1.8537271147398823e-08,25,20,20
26,7935,5.423548489542115e-11,0.987238381497664,0.012761599906961045,1.8541139495015188e-08,25,20,20
26,7936,5.337395954080738e-11,0.9877029377837883,0.012297043935104866,1.822773286769882e-08,25,20,20
26,7937,5.3374029603897965e-11,0.9864405802768207,0.013559401134938693,1.8534866620036863e-08,25,20,20
26,7938,4.547737550266795e-12,0.9865850913554791,0.01341489072961565,1.791035739164527e-08,25,20,20
26,7939,5.201627724964865e-11,0.9871999801727341,0.012800019133043428,6.422064321907315e-10,25,20,20
26,7940,0.0003807286575230867,0.909581501093448,0.09003702201083671,7.482381925097829e-07,25,20,20
26,7941,0.0003807286575230867,0.909581501093448,0.09003702201083671,7.482381925097829e-07,25,20,20
26,7942,0.0003807286575230867,0.909581501093448,0.09003702201083671,7.482381925097829e-07,25,20,20
26,7943,0.00038086597461930516,0.8378255797721863,0.1617928187618991,7.354912958664229e-07,25,20,20
26,7944,0.0003808659746218456,0.8382639590078292,0.1613544395261626,7.354913870210627e-07,25,20,20
26,7945,5.197854212596184e-07,0.8394631748576235,0.16053630390285048,1.454105192579884e-09,25,20,20
26,7946,5.19807244006805e-07,0.7995161784758937,0.20048330025379552,1.4630660762478255e-09,25,20,20
26,7947,5.1982069855996e-07,0.7984020120746764,0.20159746663685774,1.4677668237121214e-09,25,20,20
26,7948,5.198329775657716e-07,0.827121556518881,0.1728779222693397,1.3788007941258915e-09,25,20,20
26,7949,0.03315332550773047,0.7728658940841394,0.19397963220042488,1.1482077046030962e-06,25,20,20
26,7950,6.163339660957378e-07,0.8108053767428792,0.18919400504376863,1.8793856909908773e-09,25,20,20
26,7951,3.582267158481926e-07,0.888833615123659,0.11116602498919054,1.6604350083327954e-09,25,20,20
26,7952,3.583045695061156e-07,0.8505850755864508,0.14941456444854387,1.6604361171402648e-09,25,20,20
26,7953,9.937723140800377e-08,0.8713133297225042,0.12868655967991968,1.1220345038841112e-08,25,20,20
26,7954,9.923029920222178e-08,0.9478426135709104,0.05215727648761715,1.0711173687145119e-08,25,20,20
26,7955,9.920562834588455e-08,0.9073973328513105,0.09260255115193024,1.6791131214970513e-08,25,20,20
26,7956,2.7028263335099112e-09,0.9447371672651602,0.05526282013879189,9.893221804422975e-09,25,20,20
26,7957,5.536022872174823e-09,0.9592807060624133,0.04071927789239035,1.050917373879455e-08,25,20,20
26,7958,2.123586235075906e-06,0.9601683304722683,0.03982953514462627,1.0796870511485238e-08,25,20,20
26,7959,1.4077334036000922e-06,0.9100677420889284,0.08993083947982981,1.0697838135624808e-08,25,20,20
26,7960,8.431044232944643e-06,0.8323530598585189,0.16763848439526008,2.4701987322890383e-08,25,20,20
26,7961,7.025244838241987e-06,0.8515033530656189,0.14848959759163513,2.409790768602648e-08,25,20,20
26,7962,7.067682064502708e-06,0.8270199158847117,0.17297298786585458,2.856736814816671e-08,25,20,20
26,7963,7.067682086493368e-06,0.8641165434520903,0.1358763599797396,2.888608361878845e-08,25,20,20
26,7964,1.081282172213657e-05,0.8629839957097132,0.13700516226578702,2.9202777476060474e-08,25,20,20
26,7965,7.022558648485373e-06,0.9259966890697372,0.0739962642379164,2.413369785845024e-08,25,20,20
26,7966,7.0226344271703705e-06,0.8883147014359626,0.11167825179576402,2.413384551816922e-08,25,20,20
26,7967,7.022934588433686e-06,0.8470252481810701,0.1529677050639824,2.3820358544356747e-08,25,20,20
26,7968,7.022934588433686e-06,0.8470252481810701,0.1529677050639824,2.3820358544356747e-08,25,20,20
26,7969,7.022935012341603e-06,0.8483009899374099,0.15169196330703205,2.3820545037221247e-08,25,20,20
26,7970,7.022934994388888e-06,0.8183673309636643,0.18162562260138468,2.3499955416295446e-08,25,20,20
26,7971,7.0229358581453945e-06,0.8183524038737556,0.18164054968487592,2.350550934755276e-08,25,20,20
26,7972,7.022859778047274e-06,0.8619119631772696,0.13808100002291485,1.3940037436373216e-08,25,20,20
26,7973,1.1353282152052237e-06,0.8811209890364112,0.11887786638526043,9.250113204335497e-09,25,20,20
26,7974,1.1353282117335046e-06,0.8811445705759836,0.11885428484559583,9.250209057850647e-09,25,20,20
26,7975,1.1353284231191456e-06,0.8813077498047802,0.11869110530318111,9.563615796088892e-09,25,20,20
26,7976,1.1353284231191456e-06,0.8813077498047802,0.11869110530318111,9.563615796088892e-09,25,20,20
26,7977,0.00025847338786582914,0.803786823214018,0.19595414908577394,5.543123420594376e-07,25,20,20
26,7978,0.00025843457524138446,0.8452870342306502,0.1544539765699301,5.546241782992868e-07,25,20,20
26,7979,0.00025726270754571664,0.8248182317455168,0.17492448676391956,1.8783017950775126e-08,25,20,20
26,7980,0.0002572618239270039,0.866523716408416,0.13321900334987158,1.8417785572906812e-08,25,20,20
26,7981,0.0002572618239270039,0.866523716408416,0.13321900334987158,1.8417785572906812e-08,25,20,20
26,7982,0.00025762046489738645,0.8060039678132239,0.16273179677938923,0.031006614942489595,25,20,20
26,7983,1.4939684934768482e-06,0.8722505677028767,0.0967413322521718,0.03100660607645811,25,20,20
26,7984,1.4939989030387642e-06,0.8568248339044533,0.11216706602018522,0.031006606076458505,25,20,20
26,7985,3.0018730618820924e-09,0.9217259241458613,0.07827404668826064,2.6164004615402027e-08,25,20,20
26,7986,1.5661778918500153e-07,0.9479919275009937,0.05200789447957907,2.140163786006963e-08,25,20,20
26,7987,1.5662018695112278e-07,0.9197883422366337,0.0802114797542482,2.1388930795072007e-08,25,20,20
26,7988,1.5662019184600008e-07,0.8927726124019767,0.10722720989223379,2.1085597401324162e-08,25,20,20
26,7989,1.5731000642055926e-07,0.8552037029047216,0.14479613817057335,1.6146984689308689e-09,25,20,20
26,7990,9.44767411532345e-06,0.8547233224846532,0.14526722856740304,1.273828153886015e-09,25,20,20
26,7991,9.447673898402999e-06,0.8547548000122621,0.14523575104001096,1.2738282301289567e-09,25,20,20
26,7992,1.5731057302945172e-07,0.8785474472067567,0.12145239421127245,1.2713978627033877e-09,25,20,20
26,7993,1.5660638410935734e-07,0.9173053338214899,0.08269450861213844,9.599875872599106e-10,25,20,20
26,7994,1.5985687128847812e-07,0.8790530803916066,0.12094675879131132,9.602106971128811e-10,25,20,20
26,7995,1.598568557553278e-07,0.8686696404300233,0.13133019875632584,9.567950649435183e-10,25,20,20
26,7996,1.0196086005962496e-06,0.8437283809881726,0.15624857799009362,2.202141313345716e-05,25,20,20
26,7997,1.0196086005962496e-06,0.8437283809881726,0.15624857799009362,2.202141313345716e-05,25,20,20
26,7998,1.5989558754461045e-07,0.8786051205170198,0.12139415022332317,5.693640695566906e-07,25,20,20
26,7999,1.5664487468827155e-07,0.9185821173894071,0.08141715659631585,5.693694022489365e-07,25,20,20
26,8000,1.5664488918702295e-07,0.9173607946023737,0.0826384793780454,5.693746914125837e-07,25,20,20
26,8001,1.566769448834088e-07,0.9568433330030475,0.043156509340589254,9.794182910143626e-10,25,20,20
26,8002,1.5733065131366445e-07,0.9858824708078495,0.014117370247954276,1.6135447482943174e-09,25,20,20
26,8003,1.5735690178445628e-07,0.9671661484214799,0.032833692439995114,1.7816228282486035e-09,25,20,20
26,8004,2.4862736609690164e-08,0.9501204702828615,0.0498795033730627,1.481338734035007e-09,25,20,20
26,8005,3.531705416590841e-09,0.954760395403533,0.045239599283868684,1.78089253350811e-09,25,20,20
26,8006,3.531705416590841e-09,0.954760395403533,0.045239599283868684,1.78089253350811e-09,25,20,20
26,8007,4.208518785312382e-11,0.9529092736551514,0.047089742165139704,9.841376238472515e-07,25,20,20
26,8008,2.774470654968744e-09,0.9413259376640353,0.05867307511485602,9.844466378357741e-07,25,20,20
26,8009,2.7742612486314597e-09,0.9384003732491508,0.06159863952440023,9.844521874424982e-07,25,20,20
26,8010,2.7494662891079298e-09,0.9571049220872997,0.04289407304431868,1.0021189151787172e-06,25,20,20
26,8011,2.749791490090191e-09,0.9429057128415715,0.057093282100488446,1.002308148450277e-06,25,20,20
26,8012,2.749255919921518e-09,0.956625770177553,0.04337322495957096,1.0021136202248762e-06,25,20,20
26,8013,2.7663097964168758e-09,0.9312261726565251,0.06877282277660361,1.0018005611289965e-06,25,20,20
26,8014,2.2610020344256294e-06,0.889729341432576,0.11026737767857892,1.0198868105364952e-06,25,20,20
26,8015,2.2610020344256294e-06,0.889729341432576,0.11026737767857892,1.0198868105364952e-06,25,20,20
26,8016,2.259266951723939e-06,0.8651309882494347,0.13486573279171796,1.0196918956861868e-06,25,20,20
26,8017,2.2592670633820857e-06,0.8480941694171633,0.1519025516209246,1.0196948489055279e-06,25,20,20
26,8018,2.2592670638725966e-06,0.8768678067642643,0.1231289142682942,1.019700377665361e-06,25,20,20
26,8019,1.4426085005021683e-09,0.8602718491818186,0.1397271474554171,1.0019201557294888e-06,25,20,20
26,8020,1.4426085079781806e-09,0.8990191759759211,0.10097982066122237,1.0019202483248605e-06,25,20,20
26,8021,1.991583033783203e-09,0.9054092493444904,0.09458973223468524,1.016429241580275e-06,25,20,20
26,8022,1.9907248336607475e-09,0.9058570154645449,0.09414196642861972,1.016116110668269e-06,25,20,20
26,8023,1.4245969349043979e-09,0.9444924853190108,0.05550651197102117,1.0012853711144738e-06,25,20,20
26,8024,1.4245969349043979e-09,0.9444924853190108,0.05550651197102117,1.0012853711144738e-06,25,20,20
26,8025,1.3764202682942643e-09,0.8793626348524363,0.12063698150739438,3.822637487933007e-07,25,20,20
26,8026,1.0018707496420424e-09,0.8980905084167322,0.10190910831214449,3.822692522347165e-07,25,20,20
26,8027,2.9305190952997697e-06,0.8819169776968415,0.11807968622204018,4.0556202308663587e-07,25,20,20
26,8028,2.9305190953608103e-06,0.88191696829826,0.1180796956207175,4.0556192724651373e-07,25,20,20
26,8029,1.463915645562455e-11,0.9218309366896476,0.07816869837353424,3.649221791686565e-07,25,20,20
26,8030,1.3520049690587362e-11,0.9476708751050937,0.052329124231254104,6.501323788123234e-10,25,20,20
26,8031,1.3357173298919383e-11,0.9209059143517007,0.07909408499139318,6.435490575810685e-10,25,20,20
26,8032,1.552369909645582e-12,0.9226091736479026,0.07739082601013028,3.404147088404912e-10,25,20,20
26,8033,1.3265448900761705e-12,0.9267635071738496,0.07323649248459341,3.4023039367059603e-10,25,20,20
26,8034,1.4396784878662095e-11,0.9262060045624336,0.07379395946339716,3.5959772446108754e-08,25,20,20
26,8035,6.417811894283963e-11,0.9662088672381465,0.033791096732247644,3.5965427854634425e-08,25,20,20
26,8036,6.439163905183604e-11,0.9656066281688699,0.03439333579583671,3.5970901840082026e-08,25,20,20
26,8037,5.099081982969192e-11,0.993644786709128,0.006355195124048959,1.8115832380915323e-08,25,20,20
26,8038,5.013238805108444e-11,0.967821897987169,0.03217808384686723,1.8115831329129485e-08,25,20,20
26,8039,5.013225104727126e-11,0.9678601751668345,0.03213980666720182,1.8115831299996796e-08,25,20,20
26,8040,4.9928556345742435e-11,0.9942703369328189,0.00572964490124274,1.8116009954733035e-08,25,20,20
26,8041,4.993188841308893e-11,0.9948319707516683,0.005168028546814541,6.515853932522338e-10,25,20,20
26,8042,7.711789791896152e-11,0.9772153192807326,0.022784679982148223,6.600013589859147e-10,25,20,20
26,8043,7.71223105275232e-11,0.9755413048681326,0.024458694389355357,6.653897057260987e-10,25,20,20
26,8044,5.201362505180309e-11,0.972933384904599,0.027066614204555625,8.38831735202309e-10,25,20,20
26,8045,7.171226644747765e-10,0.9419640039524108,0.05803599450928711,8.211795452198385e-10,25,20,20
26,8046,7.161526210168915e-10,0.9586537302327778,0.04134626839543818,6.55631404295477e-10,25,20,20
26,8047,7.244275728407391e-10,0.9049391271949923,0.09506087142616643,6.544134360033551e-10,25,20,20
26,8048,2.2013606024162265e-09,0.863462357113857,0.1365376400250219,6.597600716065389e-10,25,20,20
26,8049,0.0008740503148847984,0.8635447958245337,0.13558115316936667,6.912145977581876e-10,25,20,20
26,8050,0.0008740503192699821,0.8377430221791995,0.16138292040776447,7.093765436120154e-09,25,20,20
26,8051,0.000874049517658754,0.9023732984436841,0.09675265135584311,6.828140411352816e-10,25,20,20
26,8052,0.000874049517658754,0.9023732984436841,0.09675265135584311,6.828140411352816e-10,25,20,20
26,8053,4.4946183490835926e-08,0.9280859031722538,0.07191377328403498,2.785975277973939e-07,25,20,20
26,8054,4.495273282678431e-08,0.909325869263826,0.09067379761022228,2.881732187949637e-07,25,20,20
26,8055,4.4952714007130926e-08,0.9097939660860412,0.09020570078812223,2.8817312241395476e-07,25,20,20
26,8056,4.4952729157248234e-08,0.909777723763007,0.09022194280005526,2.884842085173618e-07,25,20,20
26,8057,4.494637784553639e-08,0.9285204048060446,0.07147927134998003,2.7889759769146556e-07,25,20,20
26,8058,4.494638149897718e-08,0.956041736084246,0.04395794006641404,2.7890295867376047e-07,25,20,20
26,8059,4.494639263601079e-08,0.9560411815144163,0.04395849464161939,2.788975719664441e-07,25,20,20
26,8060,6.82152436350188e-08,0.9261541860296628,0.07382905679030614,1.668896478744841e-05,25,20,20
26,8061,9.361551666820758e-06,0.8210303637638067,0.1789435670284302,1.6707656096333852e-05,25,20,20
26,8062,9.341128409800833e-06,0.8360835071364798,0.16390685381919787,2.9791591206100903e-07,25,20,20
26,8063,9.341128647270341e-06,0.7972983266627128,0.20269203429250243,2.97916136441189e-07,25,20,20
26,8064,9.340304710823473e-06,0.8372879561640836,0.16270240599077743,2.9754042743041155e-07,25,20,20
26,8065,9.340304710823473e-06,0.8372879561640836,0.16270240599077743,2.9754042743041155e-07,25,20,20
26,8066,4.782465781681042e-08,0.9601159716814738,0.03988370095269675,2.795411712569213e-07,25,20,20
26,8067,4.7824657174432995e-08,0.9584293674955352,0.041570305133411735,2.7954639548557613e-07,25,20,20
26,8068,4.2413151682420805e-09,0.9559971120814863,0.043988154239421776,1.4729437776210425e-05,25,20,20
26,8069,4.226617512110405e-09,0.9864172909140083,0.0135827029666094,1.89276436136468e-09,25,20,20
26,8070,7.0161016071921426e-09,0.9705892374370632,0.029410753970770566,1.5760640384410686e-09,25,20,20
26,8071,7.016116772373206e-09,0.9705785396284444,0.029421451779374178,1.576064013394447e-09,25,20,20
26,8072,7.016125782689094e-09,0.9722473086204865,0.027752682781863273,1.5815242914178718e-09,25,20,20
26,8073,6.338333415547895e-09,0.9750156402870053,0.02498435179848023,1.5761809749432086e-09,25,20,20
26,8074,1.0576759582159372e-08,0.9314424332838988,0.06855755424500802,1.8943334621661008e-09,25,20,20
26,8075,1.057656683185975e-08,0.9314206271388491,0.06857936039025031,1.89433351006087e-09,25,20,20
26,8076,1.0522094689487117e-08,0.9494109654614988,0.05058902212513321,1.89127299602133e-09,25,20,20
26,8077,1.0521227011838149e-08,0.9494442436556483,0.0505557439374055,1.885718790438867e-09,25,20,20
26,8078,1.0521227019894695e-08,0.9494222352650763,0.050577752327977496,1.885718789496907e-09,25,20,20
26,8079,1.0521113494980086e-08,0.9032087583895284,0.09679122935332451,1.7360332134895732e-09,25,20,20
26,8080,3.31840610836107e-08,0.8857781901415364,0.1142217749382608,1.73614149497139e-09,25,20,20
26,8081,7.997550527319806e-09,0.8350992523425498,0.16490073315925904,6.500640085757663e-09,25,20,20
26,8082,1.0701019340509166e-06,0.7807438910112858,0.21922013727309547,3.490161368427307e-05,25,20,20
26,8083,0.0009605330430389902,0.7625565910729787,0.236447841529955,3.503435402719133e-05,25,20,20
26,8084,0.0009605330430389902,0.7625565910729787,0.236447841529955,3.503435402719133e-05,25,20,20
26,8085,0.0009605287062577485,0.8329733691409974,0.16603107304637446,3.502910637015834e-05,25,20,20
26,8086,0.0009605286756942205,0.8489956024318471,0.15000883978605145,3.502910640748322e-05,25,20,20
26,8087,0.0009594640507328601,0.8879176016967921,0.11108788838314004,3.5045869334775716e-05,25,20,20
26,8088,0.000959509460290779,0.8378821040597398,0.1611402377050277,1.814877494159724e-05,25,20,20
26,8089,4.626541842650482e-08,0.8766372878536005,0.12334464967646809,1.8016204512538372e-05,25,20,20
26,8090,4.626541488227065e-08,0.8766172285492551,0.12336470897535845,1.8016209971181726e-05,25,20,20
26,8091,3.038160118659977e-06,0.882599801796196,0.11737914359069858,1.8016452986480145e-05,25,20,20
26,8092,3.0373794831528485e-06,0.8314942120815675,0.16850111252721478,1.638011734186731e-06,25,20,20
26,8093,4.545757103213606e-08,0.8705316982218123,0.1294666187281374,1.6375924789869385e-06,25,20,20
26,8094,1.1855416282725508e-06,0.8335578717592915,0.1664393046646703,1.6380344095431391e-06,25,20,20
26,8095,1.1854937074271975e-06,0.8313910252901,0.16860613390299867,1.655313193549614e-06,25,20,20
26,8096,1.188281999230629e-06,0.8068404379606349,0.19315671843867568,1.6553186897333048e-06,25,20,20
26,8097,1.1883794843546686e-06,0.8311284602053586,0.1688687133591243,1.6380560324992543e-06,25,20,20
26,8098,1.1882979855906739e-06,0.8686193057348581,0.13137786790599304,1.6380611627512517e-06,25,20,20
26,8099,1.1882490378551926e-06,0.867315968087278,0.13268120560233365,1.6380613501472364e-06,25,20,20
26,8100,1.1507491887602936e-06,0.8391849869552476,0.16081222387913524,1.6384164280494275e-06,25,20,20
26,8101,2.9242223756684753e-09,0.8775997160843516,0.12239908034036276,1.2006510623535693e-06,25,20,20
26,8102,2.9242222175305665e-09,0.8505890208905693,0.14940977545586237,1.2007293454857533e-06,25,20,20
26,8103,2.9250665926917417e-09,0.8876293348237212,0.11237064378172475,1.8469486952153694e-08,25,20,20
26,8104,2.9252987100430453e-09,0.889294445645848,0.1107055329592667,1.846958602728447e-08,25,20,20
26,8105,2.9178267961439266e-09,0.9368214185594304,0.06317856040365522,1.8119087195522302e-08,25,20,20
26,8106,2.9180323644082054e-09,0.9347011113863803,0.06529886757659564,1.811899129131888e-08,25,20,20
26,8107,5.485020309953296e-09,0.8963239549023783,0.10367595604370203,8.356889848471632e-08,25,20,20
26,8108,2.8809631523009126e-09,0.935527611476519,0.06447236752906735,1.8113450112403372e-08,25,20,20
26,8109,9.36470558829396e-11,0.9342812884816781,0.06571869331139923,1.8113275134369793e-08,25,20,20
26,8110,9.365483092236941e-11,0.9359772015270805,0.0640227802604351,1.8118829264787813e-08,25,20,20
26,8111,8.678312697070224e-11,0.9306005713887373,0.06939941041383793,1.8110641421069664e-08,25,20,20
26,8112,2.838145283758787e-10,0.9028917684989957,0.09710821310661748,1.8110571572705867e-08,25,20,20
26,8113,8.589514234485998e-11,0.9316570757978543,0.06834290600570495,1.8110545452730087e-08,25,20,20
26,8114,8.582817119099992e-11,0.9486509434279989,0.05134903815348322,1.8332689452977212e-08,25,20,20
26,8115,5.49390456361926e-11,0.9208512539742446,0.07818437102430009,0.0009643749465156001,25,20,20
26,8116,5.4912379780395204e-11,0.9594632138258677,0.039572411167230384,0.0009643749519893625,25,20,20
26,8117,3.729701298658576e-11,0.9844805415714102,0.01551942309608705,3.529520564229887e-08,25,20,20
26,8118,3.708014939043027e-11,0.9850781754978296,0.014921789175457376,3.528963260550948e-08,25,20,20
26,8119,3.7083531780390384e-11,0.9833817259548006,0.016618238718482965,3.5289632602971285e-08,25,20,20
26,8120,2.407056460861195e-11,0.9871006669583877,0.012899298342011001,3.467553048619384e-08,25,20,20
26,8121,2.4269462938549348e-11,0.987528592723297,0.012471389850526418,1.7401906825329636e-08,25,20,20
26,8122,3.607731440513641e-11,0.9833775133645972,0.016622468890386186,1.770893889846295e-08,25,20,20
26,8123,3.607849184300512e-11,0.9575848499020526,0.042415132352992595,1.7708875993772865e-08,25,20,20
26,8124,3.607849184300512e-11,0.9575848499020526,0.042415132352992595,1.7708875993772865e-08,25,20,20
26,8125,3.690874249573627e-11,0.925277323928119,0.07472170804842239,9.679865494683733e-07,25,20,20
26,8126,2.5082248673463663e-11,0.925278806206369,0.07472022577667609,9.679918719256248e-07,25,20,20
26,8127,3.1901516512715093e-09,0.9070271066875232,0.09297193905912776,9.510631968374135e-07,25,20,20
26,8128,3.191532053744187e-09,0.8686593465449878,0.13133969919164984,9.510718300641348e-07,25,20,20
26,8129,3.191532053744187e-09,0.8686593465449878,0.13133969919164984,9.510718300641348e-07,25,20,20
26,8130,4.3945102583370105e-10,0.8287210734251844,0.17127797506908554,9.510662780143576e-07,25,20,20
26,8131,1.8144227816448199e-07,0.7912299293394153,0.2087689381509807,9.510673244615137e-07,25,20,20
26,8132,2.0138580403151778e-07,0.7860583820757405,0.21394141602357042,5.148844733635467e-10,25,20,20
26,8133,2.013199502632537e-07,0.8265232493155916,0.17347654884933575,5.151218739613697e-10,25,20,20
26,8134,2.0131858523886568e-07,0.8641034538791552,0.13589634429603703,5.062221486797005e-10,25,20,20
26,8135,2.013186029523734e-07,0.8893977198933883,0.11060207827071164,5.172969542733781e-10,25,20,20
26,8136,2.0131862896846984e-07,0.8886287465096246,0.11137105164900753,5.227388360718277e-10,25,20,20
26,8137,1.8287339601991343e-07,0.9109799740628779,0.08901984256994144,4.93784390666183e-10,25,20,20
26,8138,2.0417970334044824e-07,0.8921781662476913,0.10782162891090273,6.617023497405417e-10,25,20,20
26,8139,2.3249883580080104e-08,0.8914091700399406,0.10859080575309214,9.570832980135795e-10,25,20,20
26,8140,2.2818207932217227e-08,0.9324675462680748,0.06753242979497301,1.1187440454058817e-09,25,20,20
26,8141,1.1542641419772373e-07,0.9155097617992571,0.08449012164927718,1.1250514753489958e-09,25,20,20
26,8142,1.13928459555225e-07,0.934241452975982,0.06575843197345824,1.1221000961426692e-09,25,20,20
26,8143,1.139770245937126e-07,0.916016174960292,0.08398371025003719,8.126458637879332e-10,25,20,20
26,8144,2.1368737936345077e-08,0.9229839322818302,0.0770160455432398,8.061917410082798e-10,25,20,20
26,8145,6.239495564081128e-11,0.9268452247256519,0.07315477468239043,5.295625439252519e-10,25,20,20
26,8146,5.0190815515108905e-11,0.9257278413245374,0.07427215809580505,5.294664076786698e-10,25,20,20
26,8147,4.963712166815776e-11,0.9277382736240573,0.07226172610007861,2.2622668968352382e-10,25,20,20
26,8148,2.866233414521041e-09,0.927693666998906,0.07230632927568267,8.591778499383251e-10,25,20,20
26,8149,2.8725251051189835e-09,0.9361606265227681,0.06383936974547724,8.592296411862913e-10,25,20,20
26,8150,2.866995144648775e-09,0.9538126530388358,0.04618734292701667,1.1671524117618224e-09,25,20,20
26,8151,2.867836542368188e-09,0.9546063394029712,0.045393656567483856,1.1617082803470704e-09,25,20,20
26,8152,2.89326555663915e-09,0.9383126440412957,0.06168735190096645,1.1644724837031014e-09,25,20,20
26,8153,2.908200704238832e-09,0.8999927333055967,0.10000726262174071,1.1644616963933288e-09,25,20,20
26,8154,9.16038081031186e-11,0.8924498945820288,0.10755010436902754,9.573397959207944e-10,25,20,20
26,8155,5.112950947336949e-07,0.8441651266126002,0.15583436106171072,1.0305939841806233e-09,25,20,20
26,8156,5.107178445357454e-11,0.9224207225845796,0.07757925943654077,1.7927807298827468e-08,25,20,20
26,8157,5.108202989994367e-11,0.9207666281903962,0.07923335383617668,1.7922344695025735e-08,25,20,20
26,8158,1.5371155465199391e-07,0.963169583957164,0.03683022733650176,3.499477909533324e-08,25,20,20
26,8159,1.5371135266757168e-07,0.9609491522872535,0.039050659012213156,3.4989180378648636e-08,25,20,20
26,8160,1.5372522153182672e-07,0.9597138071430227,0.04028600425857021,3.4873185402144595e-08,25,20,20
26,8161,1.5441939892706537e-07,0.9607990504227543,0.039200760284656695,3.487318973377064e-08,25,20,20
26,8162,1.5527222888901896e-07,0.9348716656916851,0.06512814416295887,3.487312694334968e-08,25,20,20
26,8163,1.5527222897109508e-07,0.9349050624154495,0.06509474744465414,3.486766710248674e-08,25,20,20
26,8164,1.6119203972810165e-09,0.9347962336863219,0.06520374678908224,1.7912675591444265e-08,25,20,20
26,8165,1.596956188542369e-09,0.9395460362920474,0.06045396147888993,6.321062953391158e-10,25,20,20
26,8166,9.027796098270545e-10,0.9659579422009389,0.03404205625865258,6.376289333338818e-10,25,20,20
26,8167,2.020007442148789e-12,0.9919488634961325,0.008051135864058402,6.377892161389071e-10,25,20,20
26,8168,2.082033636807123e-12,0.9673885155158771,0.03261148373192064,7.501201505679675e-10,25,20,20
26,8169,1.4360576855385383e-11,0.9943870446907909,0.005612954657053367,6.37795478580132e-10,25,20,20
26,8170,1.4360576855385383e-11,0.9943870446907909,0.005612954657053367,6.37795478580132e-10,25,20,20
26,8171,1.3541541877144157e-11,0.9954701924675158,0.004529807183759629,3.351832934793088e-10,25,20,20
26,8172,1.238133315403482e-10,0.9924518973091179,0.007548084718866401,1.784820238512161e-08,25,20,20
26,8173,1.5743134701053065e-07,0.9916064619053331,0.008393362815229915,1.784808994867059e-08,25,20,20
26,8174,1.5743135084209525e-07,0.9898945119547703,0.010105295486842554,3.512703626722185e-08,25,20,20
26,8175,1.5744358592362537e-07,0.9897177205834966,0.010282086538658681,3.5434258808588975e-08,25,20,20
26,8176,1.5739888162198528e-07,0.9225175076058079,0.07748231693851738,1.8056792868659463e-08,25,20,20
26,8177,1.5738689761436404e-07,0.9220411699566619,0.07795865490658654,1.774985385150476e-08,25,20,20
26,8178,1.5738827619012568e-07,0.8811652788491168,0.11883454601285376,1.774975229694084e-08,25,20,20
26,8179,1.6020568631317132e-07,0.921331897314585,0.07866794150838034,9.713479831995982e-10,25,20,20
26,8180,1.60188466141997e-07,0.9875630011400384,0.012436837696386554,9.751088628469462e-10,25,20,20
26,8181,1.6026483232884528e-07,0.9701413309627628,0.02985849705207011,1.1720334376061903e-08,25,20,20
26,8182,1.6026482824702956e-07,0.9689257485344979,0.03107407948589656,1.1714776943523196e-08,25,20,20
26,8183,1.6156721064527084e-07,0.9466989859986199,0.053300823535088,2.889908118577106e-08,25,20,20
26,8184,1.6156803632397248e-07,0.9454590747247491,0.05454073480823033,2.8898983635526935e-08,25,20,20
26,8185,1.6157698426415126e-07,0.9318986303150489,0.06810117921103676,2.8896929422481745e-08,25,20,20
26,8186,1.615697804602773e-07,0.9324869066073878,0.06751292041005534,1.1412775806534537e-08,25,20,20
26,8187,1.615697804602773e-07,0.9324869066073878,0.06751292041005534,1.1412775806534537e-08,25,20,20
26,8188,1.6156978806869798e-07,0.9291684490401511,0.07083137780900893,1.1581051139385652e-08,25,20,20
26,8189,1.6156957507847438e-07,0.9291584975551045,0.07084132929417146,1.1581148613474229e-08,25,20,20
26,8190,1.630485803466445e-07,0.9455090052849675,0.054490831006123626,6.60328092773965e-10,25,20,20
26,8191,1.638458623747903e-07,0.9097165251281554,0.09028331037084313,6.551386630125365e-10,25,20,20
26,8192,1.6379956263062577e-07,0.912301224844431,0.08769861038431634,9.716895328156977e-10,25,20,20
26,8193,1.6379934880151558e-07,0.9116960982175523,0.0883037370061165,9.769818609967285e-10,25,20,20
26,8194,1.6368622362042923e-07,0.949104836748497,0.050894998894397775,6.708815040373105e-10,25,20,20
26,8195,1.6368604012708868e-07,0.9119638485829633,0.08803598656970209,1.1612942213272994e-09,25,20,20
26,8196,1.6368604012708868e-07,0.9119638485829633,0.08803598656970209,1.1612942213272994e-09,25,20,20
26,8197,1.6368604393524182e-07,0.9119099405952409,0.08808989424089378,1.4778209445777908e-09,25,20,20
26,8198,1.6086924003268354e-07,0.9119839769124519,0.08801586105135993,1.1669477469545967e-09,25,20,20
26,8199,1.62312947546234e-07,0.9290422794948974,0.0709575222353271,3.595682768397859e-08,25,20,20
26,8200,1.6236191381251205e-07,0.9285972531610561,0.07140254820678107,3.627024867302634e-08,25,20,20
26,8201,1.5966402190635703e-07,0.9421538925278764,0.057845946505993895,1.3021078098534008e-09,25,20,20
26,8202,1.5966424798846298e-07,0.939654347845964,0.060345491182290656,1.3074972678415722e-09,25,20,20
26,8203,1.5966445358427705e-07,0.9408249148363936,0.05917492449859424,1.0005582652872206e-09,25,20,20
26,8204,1.6245099223530319e-07,0.9650234299452449,0.034976406295634,1.3081285871153479e-09,25,20,20
26,8205,1.6245077193298966e-07,0.9656739860959442,0.034325850150639076,1.302644513786425e-09,25,20,20
26,8206,1.602949824376981e-07,0.9569663393633491,0.04303349873548946,1.6061788341282346e-09,25,20,20
26,8207,3.058646627512181e-06,0.9296903772242351,0.07030656274479079,1.384346458756705e-09,25,20,20
26,8208,1.6019609590900568e-07,0.9834200079966419,0.016579830221627543,1.5856344578095499e-09,25,20,20
26,8209,1.5735918804224529e-07,0.9697621422167474,0.03023769977505063,6.490136195422778e-10,25,20,20
26,8210,1.5735977045469402e-07,0.9239007984475451,0.07609904354384989,6.488339020114884e-10,25,20,20
26,8211,1.5755787335250203e-07,0.8968496536084194,0.10315018810120614,7.325005732109671e-10,25,20,20
26,8212,2.0061945612446692e-10,0.9252427369029853,0.07475726186229227,1.034102686420182e-09,25,20,20
26,8213,2.008229505464911e-10,0.9258703998017459,0.07412959895768517,1.0397456388383986e-09,25,20,20
26,8214,2.0080953302534436e-10,0.8988292167451313,0.10117078231608499,7.379743097957415e-10,25,20,20
26,8215,1.19320339014701e-09,0.8712845195058919,0.12871518980794605,2.8949295851790624e-07,25,20,20
26,8216,4.635461585357347e-09,0.8683221405214657,0.13167756502773484,2.898153377943313e-07,25,20,20
26,8217,4.654672704092823e-09,0.8573543506518856,0.1426449551822722,6.895111693154398e-07,25,20,20
26,8218,9.025539637480259e-06,0.8026956090607384,0.1972950582391798,3.071604443005635e-07,25,20,20
26,8219,1.119502738629582e-05,0.7413085477132413,0.25867994940121297,3.078581590501928e-07,25,20,20
26,8220,1.1214921285856378e-05,0.7381399024760051,0.2313165498691772,0.030532332733531554,25,20,20
26,8221,1.119390255625767e-05,0.749473729922704,0.21998328481626916,0.030531791358470256,25,20,20
26,8222,1.1206210395273068e-05,0.7126423670827237,0.25681463532870963,0.030531791378170678,25,20,20
26,8223,1.1206210395273068e-05,0.7126423670827237,0.25681463532870963,0.030531791378170678,25,20,20
26,8224,1.1194324916686097e-05,0.7525902468821417,0.21686676740955171,0.03053179138338975,25,20,20
26,8225,1.1194324916423593e-05,0.7526121109639362,0.21684490332775572,0.0305317913833914,25,20,20
26,8226,1.1194332420343298e-05,0.7151307621786728,0.2543262519370995,0.030531791551806808,25,20,20
26,8227,0.02787361688460574,0.6938891851279013,0.24770540660403978,0.030531791383452606,25,20,20
26,8228,0.027864633466098073,0.7695194627965894,0.1720841126349227,0.03053179110238946,25,20,20
26,8229,2.2108580652476895e-06,0.8635441939321693,0.13645328788972183,3.073200435300703e-07,25,20,20
26,8230,0.003681951124977385,0.7842028370442745,0.2121147940978286,4.1773291974978194e-07,25,20,20
26,8231,0.003681951124977385,0.7842028370442745,0.2121147940978286,4.1773291974978194e-07,25,20,20
26,8232,0.0001535309334641568,0.8254314450189669,0.17441461117253293,4.1287503594576604e-07,25,20,20
26,8233,0.0001535309334641568,0.8254314450189669,0.17441461117253293,4.1287503594576604e-07,25,20,20
26,8234,0.00015353093347880123,0.823713380329666,0.17613267585649925,4.128803559402017e-07,25,20,20
26,8235,0.00015353093347973462,0.7949853274758801,0.20486072862122282,4.1296941765463627e-07,25,20,20
26,8236,0.00015353093326928786,0.7962266936086947,0.20361937998011131,3.954779249692955e-07,25,20,20
26,8237,0.0011335496326696933,0.7579958391547532,0.24087021574018025,3.954723974411084e-07,25,20,20
26,8238,0.0011335496326696933,0.7579958391547532,0.24087021574018025,3.954723974411084e-07,25,20,20
26,8239,0.0011014322842873903,0.7979720826408239,0.20092608962238048,3.9545250865909476e-07,25,20,20
26,8240,0.0009800572907208013,0.8392090755161133,0.15981057815387392,2.890392915903205e-07,25,20,20
26,8241,3.754949674131055e-08,0.906762743261963,0.0932372185916649,5.968750650916215e-10,25,20,20
26,8242,3.7564487594603707e-08,0.8984682470965097,0.10153167937193107,3.596707078280462e-08,25,20,20
26,8243,3.761235427635272e-08,0.899074838040324,0.10092508810493728,3.624238395781557e-08,25,20,20
26,8244,4.054411205778933e-08,0.859086328423885,0.13745247957704967,0.0034611514549530652,25,20,20
26,8245,6.618645284312363e-07,0.8084861686771716,0.1751382880416136,0.01637488141668634,25,20,20
26,8246,6.649986379886787e-07,0.7679235029136546,0.21570000014113316,0.01637583194657365,25,20,20
26,8247,6.792622099942638e-07,0.7292007178859514,0.25442278839478616,0.016375814457051722,25,20,20
26,8248,6.784374739530073e-07,0.7691780439976852,0.21444546311428833,0.016375814450551904,25,20,20
26,8249,6.610408368584661e-07,0.8237164600905895,0.15990670079368305,0.01637617807489017,25,20,20
26,8250,6.610416672442411e-07,0.8220063378308795,0.16161682305802563,0.016376178069427306,25,20,20
26,8251,6.610885455621618e-07,0.8225189980071654,0.1611041628351237,0.01637617806916487,25,20,20
26,8252,6.610883380457865e-07,0.8225191341322887,0.16110402640687574,0.01637617837249705,25,20,20
26,8253,6.61165460147996e-07,0.7451953361647042,0.23842636317014182,0.016377639499692957,25,20,20
26,8254,6.607939139055601e-07,0.7240733667532229,0.2559779904073374,0.019947982045524768,25,20,20
26,8255,6.58608737400604e-07,0.8136292334630794,0.17345479076210477,0.012915317166077118,25,20,20
26,8256,6.58608737400604e-07,0.8136292334630794,0.17345479076210477,0.012915317166077118,25,20,20
26,8257,3.8078856620880094e-08,0.8136222159589529,0.18637615543718247,1.590525006966123e-06,25,20,20
26,8258,2.1367755903276165e-06,0.7062484112038567,0.29068528987686404,0.0030641621436880845,25,20,20
26,8259,2.1367756065868357e-06,0.6662713830468087,0.32709191681527783,0.00663456336230474,25,20,20
26,8260,2.1367756065868357e-06,0.6662713830468087,0.32709191681527783,0.00663456336230474,25,20,20
26,8261,2.1367910662391843e-06,0.6662717611923398,0.33059445115876,0.0031316508578317324,25,20,20
26,8262,2.1367765798176548e-06,0.7062712125933427,0.29059620381502105,0.0031304468150552766,25,20,20
26,8263,2.1367765798176548e-06,0.7062712125933427,0.29059620381502105,0.0031304468150552766,25,20,20
26,8264,2.368362943395349e-06,0.7463644157828366,0.250570610194951,0.0030626056592675905,25,20,20
26,8265,2.3683629151142363e-06,0.7447000200422,0.2522350059489061,0.003062605645977154,25,20,20
26,8266,2.137955461693934e-06,0.8058667687154607,0.1910685093055313,0.003062584023545595,25,20,20
26,8267,7.530868177667393e-09,0.8430816419786098,0.1319421344291313,0.024976216061390243,25,20,20
26,8268,5.96439002727495e-07,0.8556164369933075,0.14438293659283458,2.9974854428841705e-08,25,20,20
26,8269,1.1421961543062944e-06,0.8168994237574213,0.182900212183344,0.00019922186307955533,25,20,20
26,8270,1.142015886632998e-06,0.84664446129264,0.15315517482832097,0.00019922186315166196,25,20,20
26,8271,3.385751600880532e-05,0.8175405532333511,0.18222623600810486,0.0001993532425347152,25,20,20
26,8272,0.03877506775974638,0.7783745063271897,0.18265106937762887,0.00019935653543443077,25,20,20
26,8273,0.06224922664573748,0.7126121119170707,0.22493920977223567,0.0001994516649544108,25,20,20
26,8274,0.06860444074539562,0.6738132246717659,0.25738270125817175,0.0001996333246660494,25,20,20
26,8275,0.06860444074518517,0.6750855062115538,0.25611043721008847,0.00019961583317188887,25,20,20
26,8276,0.06221591697034617,0.7550864764274174,0.18249830431755787,0.00019930228467754212,25,20,20
26,8277,0.04034096876274762,0.8138554009832092,0.1456044339828417,0.0001991962712002985,25,20,20
26,8278,0.04034096876241897,0.7741507344350234,0.18530910009745727,0.000199196705099507,25,20,20
26,8279,0.040340970107697334,0.7528812472692562,0.20657858589761507,0.00019919672543048167,25,20,20
26,8280,0.0403409706093162,0.7518796684471993,0.20758016428164505,0.00019919666183918844,25,20,20
26,8281,0.04034097061018031,0.7522931070300041,0.2071667260113718,0.0001991963484436202,25,20,20
26,8282,0.001599214093504444,0.8457630394053317,0.1526377386162335,7.884930327298153e-09,25,20,20
26,8283,0.0015992140934847166,0.8415205872524447,0.15688019109116355,7.562906965712114e-09,25,20,20
26,8284,0.0015992140450558864,0.8798469250976092,0.11855385312118136,7.736153345089119e-09,25,20,20
26,8285,2.8694314978418136e-09,0.9614007620074128,0.03859922807426402,7.048891682023604e-09,25,20,20
26,8286,2.8207067004330746e-09,0.9638497884039555,0.036150202038671975,6.7366657916084284e-09,25,20,20
26,8287,2.8447372347045353e-09,0.9084599608845224,0.0915400353190477,9.51692386721437e-10,25,20,20
26,8288,2.854867188186028e-09,0.909674482664974,0.0903255133467116,1.1334471069265101e-09,25,20,20
26,8289,2.8549245831270993e-09,0.8809458981465994,0.11905409786512822,1.1333479662385354e-09,25,20,20
26,8290,2.624433739514214e-06,0.9096212503746721,0.09037612373823029,1.4533581490224407e-09,25,20,20
26,8291,3.5440658545716015e-09,0.9494016670615446,0.050598328298245426,1.096144098865879e-09,25,20,20
26,8292,3.5440658545716015e-09,0.9494016670615446,0.050598328298245426,1.096144098865879e-09,25,20,20
26,8293,4.248333314159572e-09,0.9841134043609538,0.015886590418138846,9.725743712962686e-10,25,20,20
26,8294,4.247078454287302e-09,0.9876053431864924,0.012394651583165255,9.832643841577597e-10,25,20,20
26,8295,4.24728562113349e-09,0.9870407648065769,0.012959229968248852,9.77889086673769e-10,25,20,20
26,8296,3.5712835824433368e-09,0.9670973359409917,0.032902649622779646,1.086494546573584e-08,25,20,20
26,8297,4.3106131015032334e-08,0.9835434811956754,0.0164564744332248,1.2649692668269183e-09,25,20,20
26,8298,4.310593383402476e-08,0.9865261749006988,0.0134737807283982,1.2649693940089145e-09,25,20,20
26,8299,4.348071705101752e-08,0.9672480616033866,0.0327518934772844,1.4386122109782645e-09,25,20,20
26,8300,5.05799576436541e-08,0.9108152137465191,0.08909519796407711,8.953770944606757e-05,25,20,20
26,8301,5.0604592831591945e-08,0.8906589599311648,0.10925145160329658,8.953786094566683e-05,25,20,20
26,8302,5.0598060098062996e-08,0.8943279851428926,0.10558242639800358,8.953786104350372e-05,25,20,20
26,8303,5.457545537162397e-09,0.8542455811491233,0.14566487583329799,8.95375600328553e-05,25,20,20
26,8304,4.754741782454908e-09,0.8542766660846075,0.14563379160036954,8.953756028074661e-05,25,20,20
26,8305,0.001351257852484888,0.9037907385297654,0.0948579820307996,2.1586949784110774e-08,25,20,20
26,8306,1.537932008486009e-07,0.8658064720101645,0.09432452032282164,0.039868853873812664,25,20,20
26,8307,1.5380584546899453e-07,0.8658278394227261,0.09430315290687624,0.03986885386455176,25,20,20
26,8308,1.5379549766585232e-07,0.90521736723058,0.09478246073732771,1.823659434978941e-08,25,20,20
26,8309,1.5379530501886785e-07,0.9065184846212918,0.09348134334140586,1.8241996843029774e-08,25,20,20
26,8310,1.5379436642170865e-07,0.9432875959739967,0.0567122319937505,1.823788623108195e-08,25,20,20
26,8311,2.7065805712393022e-11,0.9444060923929507,0.05559388934731799,1.8232665187346106e-08,25,20,20
26,8312,2.7050706062909742e-11,0.9444229985934582,0.05557698314692327,1.8232567675727974e-08,25,20,20
26,8313,2.7624128297986516e-11,0.9819113422417651,0.018088639194967303,1.853564339206385e-08,25,20,20
26,8314,7.729925057491778e-11,0.9841887069134269,0.015811274473528564,1.8535745025844973e-08,25,20,20
26,8315,7.731763770334697e-11,0.9829716961325369,0.017028267752153988,3.603799149154344e-08,25,20,20
26,8316,0.00012071582034215773,0.9812065851172771,0.018672680233647293,1.882873341289084e-08,25,20,20
26,8317,0.00012071581867319363,0.982390154572915,0.017489111088057917,1.8520353811267768e-08,25,20,20
26,8318,0.00012071581867319363,0.982390154572915,0.017489111088057917,1.8520353811267768e-08,25,20,20
26,8319,0.00012071581888043728,0.9842822594986507,0.015597006156802797,1.8525666015709122e-08,25,20,20
26,8320,0.00012071581846122754,0.9822877150214181,0.01759155032096782,1.8839152862899972e-08,25,20,20
26,8321,6.453816220344515e-11,0.9869571723402096,0.013042809346757292,1.8248494988858633e-08,25,20,20
26,8322,6.371470478094519e-11,0.987566158304366,0.012433823081776048,1.855014318242633e-08,25,20,20
26,8323,6.371470478094519e-11,0.987566158304366,0.012433823081776048,1.855014318242633e-08,25,20,20
26,8324,6.350621050303486e-11,0.9483644637680959,0.051635534899942395,1.268455154012342e-09,25,20,20
26,8325,6.350640485600954e-11,0.9483342140092194,0.0516657846587229,1.2685508901456718e-09,25,20,20
26,8326,6.350640485600954e-11,0.9483342140092194,0.0516657846587229,1.2685508901456718e-09,25,20,20
26,8327,6.371948347781144e-11,0.9878701372855752,0.012129861700150813,9.5055473062052e-10,25,20,20
26,8328,6.287046553445454e-11,0.9861969564072649,0.013803042276138487,1.2537261841894009e-09,25,20,20
26,8329,6.266389553949995e-11,0.9874042607568033,0.012595738233842867,9.466898159034416e-10,25,20,20
26,8330,2.8797337663455826e-09,0.9869001713638212,0.01309884969992951,9.760565152581688e-07,25,20,20
26,8331,2.8677475898140783e-09,0.9623286340153367,0.03767038736546182,9.75751453621409e-07,25,20,20
26,8332,2.8690997818685764e-09,0.9251464680163921,0.07485255304634937,9.76068158264309e-07,25,20,20
26,8333,2.818520227408093e-09,0.9636543796476189,0.03634462361040451,9.939234561014336e-07,25,20,20
26,8334,2.8185241779069257e-09,0.9619265842484246,0.03807240145322814,1.0114798226373758e-06,25,20,20
26,8335,2.8184382087143472e-09,0.9237161632505172,0.07628282245141071,1.0114796335153392e-06,25,20,20
26,8336,2.8299434463145387e-09,0.9639758545077294,0.03602410628691226,3.6375414630639084e-08,25,20,20
26,8337,2.829958575481001e-09,0.963570514978096,0.03642944581112835,3.6380817028070154e-08,25,20,20
26,8338,2.8308630686600432e-09,0.9576765008125043,0.042323454906907906,4.1449724399091056e-08,25,20,20
26,8339,2.880038936480737e-09,0.9194167710665098,0.08058320210144458,2.3952006264486448e-08,25,20,20
26,8340,5.628259429136575e-09,0.9195924652273613,0.08040750519206191,2.3952317458060165e-08,25,20,20
26,8341,5.629096589161684e-09,0.9200718771537483,0.07992809834124294,1.8875912185762238e-08,25,20,20
26,8342,2.81339665412117e-09,0.9207760097484897,0.07922396887474922,1.8563364429391324e-08,25,20,20
26,8343,2.8241917315677385e-09,0.9386868735742049,0.061313122946718514,6.54884981711771e-10,25,20,20
26,8344,2.8121347333481683e-09,0.9587462220253813,0.04125377388573139,1.276752769034725e-09,25,20,20
26,8345,2.8123336535393295e-09,0.9587294009527463,0.04127057745026911,1.8784650998502456e-08,25,20,20
26,8346,2.812123726697812e-09,0.9587518632339621,0.04124811547110606,1.8482808111031516e-08,25,20,20
26,8347,2.7623566487173797e-09,0.9335119630319398,0.06648801571980907,1.8485894388946617e-08,25,20,20
26,8348,1.1221059717823283e-06,0.9122298442454279,0.08776852130269579,5.123459047527813e-07,25,20,20
26,8349,1.205866637544965e-06,0.8930949547171886,0.10690332706732406,5.123488499461681e-07,25,20,20
26,8350,8.657012232733205e-08,0.9126712472665295,0.08732864736743277,1.879591529461995e-08,25,20,20
26,8351,1.3187930445987828e-07,0.9039718033695786,0.09602804559948117,1.915163587949989e-08,25,20,20
26,8352,1.3187930767199728e-07,0.9052165610358641,0.09478328825512378,1.8829704693442225e-08,25,20,20
26,8353,8.989909087254521e-08,0.8308496545740369,0.16915021192650911,4.360036211436041e-08,25,20,20
26,8354,8.990016257274024e-08,0.8050090493364808,0.19499081716308805,4.360026683722946e-08,25,20,20
26,8355,0.0005139943974843005,0.7445746933969274,0.2548110847500384,0.00010022745554776684,25,20,20
26,8356,0.0005139944296482977,0.7235497909510977,0.27583545524639924,0.0001007593728530604,25,20,20
26,8357,2.0948223512278418e-07,0.757369347386466,0.23870318386769437,0.003927259263602735,25,20,20
26,8358,2.062066393619576e-07,0.7943320478736257,0.2056247148519455,4.303106778787395e-05,25,20,20
26,8359,1.616478439510582e-07,0.8524247512233084,0.1475326076738477,4.24794550001987e-05,25,20,20
26,8360,1.1637628632589632e-07,0.8916013989685406,0.10835600555163817,4.247910353540923e-05,25,20,20
26,8361,2.5965025089037217e-06,0.8460385103061021,0.1539154637923196,4.342939906954254e-05,25,20,20
26,8362,2.5966628127237094e-06,0.8189321850676385,0.18102178886892262,4.342940062569185e-05,25,20,20
26,8363,2.3877185423553373e-06,0.8496858062490101,0.1502683565844266,4.3449448021174295e-05,25,20,20
26,8364,2.38771906031791e-06,0.8342395358528606,0.1657146269801541,4.344944792471003e-05,25,20,20
26,8365,2.3877353121501796e-06,0.7926501584960184,0.20730400463459056,4.344913407787843e-05,25,20,20
26,8366,5.797055327311689e-06,0.809256322930565,0.19073688643252926,9.935815774306386e-07,25,20,20
26,8367,4.07948823173585e-07,0.8084730406854643,0.19152649004474165,6.132096994654116e-08,25,20,20
26,8368,4.0482943052876874e-07,0.8088528448641078,0.19114670944080814,4.086565276681332e-08,25,20,20
26,8369,4.0482963983311145e-07,0.7908857874761049,0.20911376666921971,4.102503456569545e-08,25,20,20
26,8370,1.559741156911655e-07,0.804376281703737,0.19562352153862547,4.078352060307957e-08,25,20,20
26,8371,1.566249418884537e-07,0.8017211664841585,0.19827768592992898,9.909609695752706e-07,25,20,20
26,8372,1.5598633024390304e-07,0.8055441594258923,0.19445564350190203,4.10858743729261e-08,25,20,20
26,8373,1.559559553523379e-07,0.820982981858929,0.1790168210992411,4.108587398378697e-08,25,20,20
26,8374,1.559559553523379e-07,0.820982981858929,0.1790168210992411,4.108587398378697e-08,25,20,20
26,8375,1.5598631619997703e-07,0.8261013010052979,0.17389851958402447,2.342436111795694e-08,25,20,20
26,8376,0.03978793305025169,0.8017996731097625,0.15841237499438157,1.8845603822821812e-08,25,20,20
26,8377,0.039787933876365485,0.7630528351080664,0.19715921217523774,1.8840329680926098e-08,25,20,20
26,8378,1.6134074229378457e-07,0.7924847010758076,0.2075151187444938,1.8838955590716218e-08,25,20,20
26,8379,1.6481066110976e-07,0.8312142272046614,0.1687855888303805,1.9154295898779648e-08,25,20,20
26,8380,0.00012890950559273299,0.7929657554409617,0.20684748006801396,5.7854985429851236e-05,25,20,20
26,8381,0.00014387583862641705,0.7929518857347236,0.20684635393463804,5.788449201036686e-05,25,20,20
26,8382,0.00014389132552058623,0.729727565704667,0.2666088042787326,0.0035197386910779736,25,20,20
26,8383,0.00014389132631785048,0.726676740565142,0.2696586792397934,0.003520688868744795,25,20,20
26,8384,1.501712102744318e-05,0.842452481005315,0.1575293889522523,3.1129214042921247e-06,25,20,20
26,8385,0.0035801774508923017,0.8289941499130622,0.16742243651497735,3.236121066822897e-06,25,20,20
26,8386,1.5019570249553613e-05,0.8235327582076057,0.17644741337552555,4.80884661757542e-06,25,20,20
26,8387,1.5019570249553613e-05,0.8235327582076057,0.17644741337552555,4.80884661757542e-06,25,20,20
26,8388,1.5019570249553613e-05,0.8235327582076057,0.17644741337552555,4.80884661757542e-06,25,20,20
26,8389,1.501963142409265e-05,0.8226589219549219,0.17732124956694206,4.808846711193931e-06,25,20,20
26,8390,8.539690597845455e-08,0.8235323662742421,0.1451704164229826,0.031297131905868844,25,20,20
26,8391,0.0005372864501470752,0.7628499115779245,0.2053156703758255,0.03129713159610269,25,20,20
26,8392,0.0005372864501470752,0.7628499115779245,0.2053156703758255,0.03129713159610269,25,20,20
26,8393,5.0995948396002685e-08,0.8421585320890027,0.15783662012085004,4.796794197912212e-06,25,20,20
26,8394,4.207206567940334e-07,0.802160849660706,0.19783326610484062,5.463513795472692e-06,25,20,20
26,8395,2.3511839749691853e-07,0.8639375740103872,0.1360578899840683,4.300887146353211e-06,25,20,20
26,8396,2.3511760155293348e-07,0.8412058398074493,0.1587905743710244,3.3507039240178027e-06,25,20,20
26,8397,2.3581175459262682e-07,0.8663939979989145,0.13360241517348836,3.3510158418429053e-06,25,20,20
26,8398,2.358117695916518e-07,0.864667139570074,0.13532927360786814,3.3510102877238023e-06,25,20,20
26,8399,2.357639943490416e-07,0.9045250857805116,0.09547132743974215,3.351015751299906e-06,25,20,20
26,8400,2.3576377741689056e-07,0.904516288106668,0.09548012510834596,3.351021208234409e-06,25,20,20
26,8401,2.3639878524228762e-07,0.8638978540717025,0.1360976922427759,4.217286735431462e-06,25,20,20
26,8402,2.3639878524228762e-07,0.8638978540717025,0.1360976922427759,4.217286735431462e-06,25,20,20
26,8403,1.4140029015919355e-09,0.9803123999843393,0.019686629077997994,9.695236593465586e-07,25,20,20
26,8404,7.334302920060561e-10,0.9839621612546605,0.01603783612441916,1.8874895278297658e-09,25,20,20
26,8405,7.329997609189113e-10,0.9845829740941806,0.01541702329078852,1.882030689494594e-09,25,20,20
26,8406,7.262536140413823e-10,0.9424586423178948,0.05754076413536684,5.928204840131541e-07,25,20,20
26,8407,7.142316178934474e-10,0.9412083084233551,0.05879109835516732,5.925072454104585e-07,25,20,20
26,8408,7.074035551560112e-10,0.9574065350276928,0.04259344047427489,2.379062858749218e-08,25,20,20
26,8409,7.073883925344989e-10,0.9557110319259563,0.04428894357602839,2.379062680494408e-08,25,20,20
26,8410,7.073885952990358e-10,0.9557312592031033,0.0442687162934195,2.3796088361768872e-08,25,20,20
26,8411,7.073917747106896e-10,0.9591142060765228,0.040885769717683026,2.3498402480903663e-08,25,20,20
26,8412,1.3744844575143773e-11,0.9568320344416059,0.04316795981265511,5.731994149973254e-09,25,20,20
26,8413,3.30953641936246e-09,0.94731701916034,0.05268297687444825,6.556752978748279e-10,25,20,20
26,8414,3.3106530966046102e-09,0.8774383126437616,0.12256168339000383,6.555809557470742e-10,25,20,20
26,8415,0.005724812687057591,0.838001173181259,0.1562739856951584,2.8436524304623715e-08,25,20,20
26,8416,0.005724812687057921,0.8373916395430934,0.15688351933322944,2.8436618659600645e-08,25,20,20
26,8417,0.005724815462691213,0.8775409200647202,0.11673423635248666,2.8120101379449352e-08,25,20,20
26,8418,6.086302032893839e-09,0.9141002421813603,0.08589975170990055,2.2437177581387607e-11,25,20,20
26,8419,6.103757814578644e-09,0.8818959454408879,0.11810404831853205,1.368217416006298e-10,25,20,20
26,8420,2.808390518444943e-09,0.9596836165533736,0.040316380498201874,1.4003376076155172e-10,25,20,20
26,8421,2.838755746851191e-09,0.9471879357478908,0.05281206126982911,1.4352384137689484e-10,25,20,20
26,8422,2.814728470062493e-09,0.9468399627869231,0.05316003425809107,1.4025711791509068e-10,25,20,20
26,8423,3.4957464796031176e-05,0.9182167586082605,0.08174827866016318,5.266779977458253e-09,25,20,20
26,8424,2.8147446381970475e-09,0.9456867204100806,0.054313276337231195,4.3794343740602866e-10,25,20,20
26,8425,2.8147446381970475e-09,0.9456867204100806,0.054313276337231195,4.3794343740602866e-10,25,20,20
26,8426,2.8153959116795387e-09,0.9457610075602604,0.05423898918630374,4.3803960050224535e-10,25,20,20
26,8427,2.814525491692512e-09,0.9491333821905903,0.050866614865400804,1.294832606155171e-10,25,20,20
26,8428,2.8147396679311093e-09,0.948523784627529,0.05147621242267647,1.3505469479286102e-10,25,20,20
26,8429,2.8152345045403975e-09,0.8718959583153669,0.12810403861815645,2.5124188920226753e-10,25,20,20
26,8430,2.8159952752686206e-09,0.8964648934712003,0.10353510316200966,5.507946434211673e-10,25,20,20
26,8431,2.7991138040804107e-09,0.9070320979860819,0.09296788761122617,1.1603578388149566e-08,25,20,20
26,8432,2.79911406903405e-09,0.9070322505235717,0.09296773507363852,1.160367588017202e-08,25,20,20
26,8433,5.52993061983786e-09,0.9104009893019337,0.08959899355905547,1.160908020391746e-08,25,20,20
26,8434,6.528952163840311e-09,0.8871104680223567,0.11288951414646614,1.1302224574540188e-08,25,20,20
26,8435,6.528967384543256e-09,0.8871100772148232,0.11288990495388887,1.1302320340540997e-08,25,20,20
26,8436,1.226108427291671e-07,0.8395462144466862,0.16043049083184,2.31721106308443e-05,25,20,20
26,8437,1.226108427291671e-07,0.8395462144466862,0.16043049083184,2.31721106308443e-05,25,20,20
26,8438,0.00124220988212555,0.7794574113480324,0.21926605580211025,3.432296773129104e-05,25,20,20
26,8439,0.00124210968334498,0.8159727323260326,0.18275083462682354,3.432336379823619e-05,25,20,20
26,8440,1.4828871552684756e-05,0.8565114599026346,0.14345898069680962,1.473052900214869e-05,25,20,20
26,8441,5.942583220118531e-09,0.9280595739579249,0.07194041946762089,6.318704536291133e-10,25,20,20
26,8442,6.626053856748835e-09,0.9080459404122719,0.09195405200911645,9.525567560694198e-10,25,20,20
26,8443,1.9933689499453105e-08,0.8810883944897334,0.11891158441789038,1.1586855215214709e-09,25,20,20
26,8444,1.656232950246559e-08,0.8830854002156521,0.11691458237550545,8.465116883338237e-10,25,20,20
26,8445,1.6562329510905288e-08,0.8836730691600856,0.11632691343107038,8.465131510573817e-10,25,20,20
26,8446,4.4893269579985045e-08,0.953203243496779,0.04679671081198721,7.979634813851582e-10,25,20,20
26,8447,4.489294904905501e-08,0.9719353544995254,0.028064599807147393,8.003776544296769e-10,25,20,20
26,8448,4.498883402907892e-08,0.9678777809707638,0.03212217293703211,1.1033693998875645e-09,25,20,20
26,8449,4.2200032389016925e-08,0.9666191753446808,0.033380781352013306,1.1032729424151477e-09,25,20,20
26,8450,4.220004514666314e-08,0.968294223196543,0.03170573349458595,1.1088255967560752e-09,25,20,20
26,8451,1.4629993282371267e-10,0.9903344568109579,0.009665542076001258,9.667408682707122e-10,25,20,20
26,8452,1.4607058574740299e-10,0.9895425556987328,0.010457443501505457,6.536908610620285e-10,25,20,20
26,8453,1.460448640351778e-10,0.9919659873883504,0.008034011812004855,6.535996922956827e-10,25,20,20
26,8454,1.4627702854999526e-10,0.9890613679464405,0.010938630940897462,9.6638451579033e-10,25,20,20
26,8455,9.893009721409527e-11,0.9895873004207612,0.010412698822536919,6.577717996129062e-10,25,20,20
26,8456,2.8423296136127087e-11,0.8920586058496616,0.10794139346151331,6.604013346186573e-10,25,20,20
26,8457,4.0289908300770964e-11,0.9561220327546607,0.043877966539178186,6.658710950392171e-10,25,20,20
26,8458,4.027030959994418e-11,0.9748551198752609,0.025144879424203907,6.602648837038126e-10,25,20,20
26,8459,4.025514986335235e-11,0.9748769820377767,0.025123017261703233,6.602649370134904e-10,25,20,20
26,8460,4.045656817192785e-11,0.9736838981533351,0.026316101456917863,3.492902797149788e-10,25,20,20
26,8461,1.3066804208101946e-09,0.9516970383594141,0.04830295998457361,3.4933145175025e-10,25,20,20
26,8462,1.9452759671792556e-09,0.9694081587010039,0.030591821972239957,1.7381479984119382e-08,25,20,20
26,8463,1.9452759671792556e-09,0.9694081587010039,0.030591821972239957,1.7381479984119382e-08,25,20,20
26,8464,6.792535236165433e-10,0.96264336318669,0.037356618436165875,1.7697890555206875e-08,25,20,20
26,8465,1.7649561900878655e-09,0.896701888472879,0.10329771333455903,3.964276052166503e-07,25,20,20
26,8466,1.7032263175832407e-09,0.9391467232476448,0.060852879594262,3.954548663905467e-07,25,20,20
26,8467,1.7032263175832407e-09,0.9391467232476448,0.060852879594262,3.954548663905467e-07,25,20,20
26,8468,1.9111230576344026e-08,0.9065407738420564,0.09345918946718904,1.7579523572170113e-08,25,20,20
26,8469,1.9111245796521726e-08,0.9065024918289204,0.09349747147485225,1.758498116557073e-08,25,20,20
26,8470,1.7381271611449813e-08,0.9232037789078518,0.07679618632558644,1.7385289823941776e-08,25,20,20
26,8471,1.7381510493239523e-08,0.8844707406373693,0.11552922459496295,1.7386156750706022e-08,25,20,20
26,8472,1.669011239885017e-08,0.9016971460757793,0.09830271743853823,1.1979556950794323e-07,25,20,20
26,8473,1.7616059637489194e-05,0.8600089857583206,0.13997327351857133,1.2466346997448193e-07,25,20,20
26,8474,1.7615441620553752e-05,0.898824067749037,0.10115820918226143,1.076270807499519e-07,25,20,20
26,8475,1.7615441620553752e-05,0.898824067749037,0.10115820918226143,1.076270807499519e-07,25,20,20
26,8476,1.759945412216747e-05,0.8865854053083885,0.11339698987742645,5.360062844204862e-09,25,20,20
26,8477,8.502148453934174e-11,0.9265624301877067,0.07343756922964945,4.976221596313648e-10,25,20,20
26,8478,1.2110331421231727e-09,0.9235807372035092,0.07641926091689763,6.685598580686354e-10,25,20,20
26,8479,4.953811474291826e-11,0.9635574046875067,0.03644259459430369,6.686517191096701e-10,25,20,20
26,8480,4.8616683838050425e-11,0.8972225402954892,0.10277744690087603,1.2755017660601826e-08,25,20,20
26,8481,6.436325452146255e-05,0.8588061460188122,0.14112947781292806,1.2913737988041496e-08,25,20,20
26,8482,1.100028503585263e-10,0.9064353851129151,0.09356458646656299,2.831051900770328e-08,25,20,20
26,8483,1.100028503585263e-10,0.9064353851129151,0.09356458646656299,2.831051900770328e-08,25,20,20
26,8484,1.3077028157843777e-10,0.8689552386335321,0.13104471291373965,4.83219577754922e-08,25,20,20
26,8485,2.815915024185118e-09,0.9517735888517858,0.04822637037700685,3.795529255954581e-08,25,20,20
26,8486,2.8157133603486757e-09,0.9500884867423883,0.0499114727922536,3.764964463561971e-08,25,20,20
26,8487,3.442782815258231e-09,0.9874815786828008,0.012518383101486025,3.4772930286276206e-08,25,20,20
26,8488,3.395264224857001e-09,0.9862945100523784,0.01370545147761458,3.5074742699315396e-08,25,20,20
26,8489,3.395260585458491e-09,0.9879815100413564,0.012018451488542836,3.507484011944554e-08,25,20,20
26,8490,4.099345234826206e-09,0.989150105090839,0.010849856036558638,3.477325704185541e-08,25,20,20
26,8491,4.0993454996698186e-09,0.9891392488358874,0.01086071229151001,3.477325707089089e-08,25,20,20
26,8492,4.0993453041889486e-09,0.9891699834942004,0.010829977638655897,3.4767798483071915e-08,25,20,20
26,8493,4.0993453041889486e-09,0.9891699834942004,0.010829977638655897,3.4767798483071915e-08,25,20,20
26,8494,4.099345621213552e-09,0.9896491459080194,0.010350815224928325,3.476770677874179e-08,25,20,20
26,8495,4.099364437705635e-09,0.990856307942162,0.009143653195993872,3.4762479832458754e-08,25,20,20
26,8496,3.416100506537135e-09,0.9733522061196352,0.026647756005763096,3.445850127716312e-08,25,20,20
26,8497,3.403540692305092e-09,0.977277487685781,0.022722491290486348,1.7620191868353428e-08,25,20,20
26,8498,3.4035297344233905e-09,0.9772874406389964,0.022712538653972422,1.7303501354605705e-08,25,20,20
26,8499,3.4035297344233905e-09,0.9772874406389964,0.022712538653972422,1.7303501354605705e-08,25,20,20
26,8500,3.4058365914525835e-09,0.9562612161873162,0.043738763106388384,1.7300458492099037e-08,25,20,20
26,8501,3.4058365914382866e-09,0.956291754117983,0.04370822517572148,1.730045856657677e-08,25,20,20
26,8502,3.405669412765869e-09,0.9954002274162477,0.004599751877532775,1.730055001566725e-08,25,20,20
26,8503,4.9100656494326005e-09,0.9558177919810867,0.04418218563368899,1.7475158103424314e-08,25,20,20
26,8504,3.837909494073197e-09,0.9512557085622838,0.04874427010473955,1.7495066739086532e-08,25,20,20
26,8505,1.8192671975636334e-07,0.9019092955436087,0.09808933610913688,1.1864205341803087e-06,25,20,20
26,8506,1.814944892437144e-07,0.955568561849858,0.04443009931932976,1.1573363225912334e-06,25,20,20
26,8507,3.4553504577120722e-09,0.9563461585907453,0.04365382063696553,1.7316938120541377e-08,25,20,20
26,8508,3.455312072892827e-09,0.9958470600066309,0.004152919226591235,1.7311465764670965e-08,25,20,20
26,8509,3.905983854119303e-09,0.9529429544034845,0.047057024184548525,1.7505983062053256e-08,25,20,20
26,8510,2.623321350163606e-07,0.9131484933085319,0.08685122633519818,1.8024134796701948e-08,25,20,20
26,8511,2.6162803237629434e-07,0.9131962619275751,0.08680345842580664,1.801858571195093e-08,25,20,20
26,8512,2.6163741761692057e-07,0.9006181871558486,0.09938153317703705,1.8029696570768985e-08,25,20,20
26,8513,2.612042912359955e-07,0.9160253963131686,0.08397432464745774,1.7835082335270848e-08,25,20,20
26,8514,2.77729683072501e-09,0.9555835324412107,0.044416447464467226,1.7317025094872346e-08,25,20,20
26,8515,2.778149501558076e-09,0.9555829891410235,0.04441699076370759,1.7317119201802295e-08,25,20,20
26,8516,2.778149764128448e-09,0.955582602751626,0.04441737715310321,1.7317120853724287e-08,25,20,20
26,8517,2.7782265336410384e-09,0.9297592953394591,0.07024068445286717,1.7429446887946372e-08,25,20,20
26,8518,2.7847606184054457e-09,0.910220765617092,0.08977921417415949,1.7423987468562887e-08,25,20,20
26,8519,2.622074276508976e-07,0.8894265446206444,0.11057317574787807,1.7424049503874622e-08,25,20,20
26,8520,2.668503256535113e-07,0.8494280496434424,0.15056997202761652,1.7114786151897037e-06,25,20,20
26,8521,2.6413785690057045e-07,0.8514259566572759,0.1485720850037488,1.6942011183780253e-06,25,20,20
26,8522,2.641378570414846e-07,0.8501883470543844,0.14980969460654742,1.6942012111703375e-06,25,20,20
26,8523,4.659094919462302e-09,0.9159596826125198,0.08403861862880763,1.6940995776403553e-06,25,20,20
26,8524,7.464624412096119e-09,0.9146355753077053,0.08536272282480324,1.6944028671948508e-06,25,20,20
26,8525,7.464643160825115e-09,0.914188343440155,0.085809954384664,1.6947105381995272e-06,25,20,20
26,8526,7.476268851334107e-09,0.9125023839663011,0.08749591385235635,1.6947050739338307e-06,25,20,20
26,8527,2.8793941340939025e-09,0.9891736679649816,0.01082632820204721,9.535771569465201e-10,25,20,20
26,8528,2.87939054116136e-09,0.9892383270271046,0.01076166914538633,9.48118554687255e-10,25,20,20
26,8529,2.8796095452020646e-09,0.9896341195147018,0.010365876955158003,6.505306469844463e-10,25,20,20
26,8530,2.878771349518772e-09,0.9875245971007053,0.01247539936476883,6.557548363138087e-10,25,20,20
26,8531,2.878771349518772e-09,0.9875245971007053,0.01247539936476883,6.557548363138087e-10,25,20,20
26,8532,1.6174474809390846e-07,0.9870707362886315,0.012929101305371367,6.61249264995342e-10,25,20,20
26,8533,1.6174556089032156e-07,0.9892095167969092,0.01079032078694141,6.705887405853876e-10,25,20,20
26,8534,1.6174552690449283e-07,0.9892269009205379,0.010772936668902465,6.650326212867486e-10,25,20,20
26,8535,1.6179787341514037e-07,0.9604842894092819,0.03951554142918759,7.363656732967838e-09,25,20,20
26,8536,1.6179700569624432e-07,0.960484270046973,0.0395155607979202,7.358100612844717e-09,25,20,20
26,8537,1.6179302408667053e-07,0.9651431742837265,0.03485666294907388,9.741750556637248e-10,25,20,20
26,8538,1.6179280716622086e-07,0.9651746518113353,0.03482518542168183,9.741751319066667e-10,25,20,20
26,8539,1.6440736456289103e-07,0.9621455377301862,0.037853346708764446,9.511536843507086e-07,25,20,20
26,8540,1.6158964591009555e-07,0.9621314967254121,0.037867390214611864,9.5147032949025e-07,25,20,20
26,8541,2.7129317863253068e-09,0.9637208051588405,0.03627824035567269,9.517725543493468e-07,25,20,20
26,8542,2.7129315318212404e-09,0.9625141031248486,0.03748494239512663,9.517670927131866e-07,25,20,20
26,8543,2.7131443863832375e-09,0.9629320675935352,0.037066977610542715,9.520827773063792e-07,25,20,20
26,8544,9.858547283259615e-11,0.9655051165296382,0.034494881779691955,1.5920839100152635e-09,25,20,20
26,8545,1.976421242382275e-10,0.8883600952547148,0.111639873537273,3.1010369067938626e-08,25,20,20
26,8546,1.9725382480947791e-10,0.9103720452356633,0.08962792355921018,3.1007871774802865e-08,25,20,20
26,8547,3.0661107517689804e-06,0.8854255888875003,0.11457130796235235,3.703939450483574e-08,25,20,20
26,8548,3.0661107517689804e-06,0.8854255888875003,0.11457130796235235,3.703939450483574e-08,25,20,20
26,8549,3.0672298160857254e-06,0.8610177914899034,0.13897910424090595,3.7039373651901995e-08,25,20,20
26,8550,3.066011792338147e-06,0.9202959798570808,0.07970094633981434,7.791311558726962e-09,25,20,20
26,8551,4.268427373608072e-06,0.9051419847646883,0.09485373887031828,7.93761882178413e-09,25,20,20
26,8552,4.268457570349921e-06,0.9119645841012713,0.0880311394494772,7.99168010198171e-09,25,20,20
26,8553,1.2025587098802663e-06,0.88120436748264,0.11879440683599984,2.312264906964194e-08,25,20,20
26,8554,1.2025587098802663e-06,0.88120436748264,0.11879440683599984,2.312264906964194e-08,25,20,20
26,8555,1.4362541847315846e-10,0.898507508575412,0.1014924681642391,2.3116722441400057e-08,25,20,20
26,8556,1.4362541847315846e-10,0.898507508575412,0.1014924681642391,2.3116722441400057e-08,25,20,20
26,8557,9.560725516212539e-11,0.8843331618698679,0.11566681522133089,2.2813193036618024e-08,25,20,20
26,8558,7.728447711345959e-10,0.8813714210961261,0.11862855532215695,2.2808871660584926e-08,25,20,20
26,8559,7.594191799852263e-10,0.881432366937417,0.11856761059827496,2.1704888058927972e-08,25,20,20
26,8560,8.151870228930579e-11,0.8843615368621508,0.1156384416656388,2.1390691033034302e-08,25,20,20
26,8561,8.245389504359868e-11,0.8985596251159845,0.10144035340334215,2.1398218846665865e-08,25,20,20
26,8562,5.1762455447736935e-11,0.9137590797394769,0.08624089900695227,2.1201807950498364e-08,25,20,20
26,8563,6.226822045870817e-05,0.8773745652871265,0.12256313652991734,2.99624970341393e-08,25,20,20
26,8564,0.00011746971211047518,0.8077907260688986,0.1920917746261893,2.959279952357469e-08,25,20,20
26,8565,0.00011763077913117243,0.7682278424403903,0.23165449718208703,2.959838919486467e-08,25,20,20
26,8566,0.00011762168799577709,0.809889561761744,0.18999278701807237,2.9532185663464727e-08,25,20,20
26,8567,6.242925090554639e-05,0.8488599800949254,0.15107754418735556,4.6466813053406226e-08,25,20,20
26,8568,0.00305323761095103,0.8501314716205252,0.1468151405783675,1.5019015597672087e-07,25,20,20
26,8569,0.03955443873248731,0.849336917826473,0.11110861703782172,2.640321707452e-08,25,20,20
26,8570,6.242930996070853e-05,0.8888765401027041,0.11106100387115149,2.6716183107350006e-08,25,20,20
26,8571,6.242930996424539e-05,0.8888978497556057,0.11103969421815042,2.671627894706957e-08,25,20,20
26,8572,6.242933723906246e-05,0.8399287829024558,0.16000875146950283,3.6290801996449205e-08,25,20,20
26,8573,6.24293365883496e-05,0.8381671873884667,0.16177034697882509,3.6296119147567543e-08,25,20,20
26,8574,6.242933658797263e-05,0.8381671970292203,0.1617703373380718,3.6296119147095455e-08,25,20,20
26,8575,6.24293485833927e-05,0.8427456440966091,0.15719189026191346,3.629289353557163e-08,25,20,20
26,8576,6.245049143413464e-05,0.7941308589138039,0.20580665461253392,3.5982227096949135e-08,25,20,20
26,8577,1.8231131952734298e-07,0.8174412881570866,0.18255850262321655,2.6908376400084785e-08,25,20,20
26,8578,2.808920585809309e-07,0.7882731837812986,0.2117265082288395,2.709780216172422e-08,25,20,20
26,8579,2.8088022324240026e-07,0.7887782590203553,0.2112214502803969,9.819023635209807e-09,25,20,20
26,8580,2.8088145442148306e-07,0.780945280108686,0.21905442938546207,9.624396630665812e-09,25,20,20
26,8581,2.808814509464664e-07,0.7808928656602881,0.21910684383396103,9.62429913988636e-09,25,20,20
26,8582,2.808876409224845e-07,0.7893180302485635,0.2106816792283749,9.635420368346205e-09,25,20,20
26,8583,1.6532076161693177e-07,0.8257270766546075,0.17427175647076645,1.001553863872496e-06,25,20,20
26,8584,1.6532076161693177e-07,0.8257270766546075,0.17427175647076645,1.001553863872496e-06,25,20,20
26,8585,6.674319940708169e-08,0.8453370683549289,0.15466187273368606,9.921681854912333e-07,25,20,20
26,8586,2.6697553429921593e-08,0.882159764232999,0.11783921752735144,9.915420958093828e-07,25,20,20
26,8587,5.653002542258647e-09,0.8765734292603418,0.12342555593771945,1.0091489360763688e-06,25,20,20
26,8588,6.645918042519175e-09,0.8938711548225694,0.106127829390015,1.0091414970772681e-06,25,20,20
26,8589,3.7834712617581666e-06,0.8319312767759756,0.16806391212412852,1.0276286335602228e-06,25,20,20
26,8590,3.7825834389763874e-06,0.8283609617055073,0.1716342230058032,1.0327052498550994e-06,25,20,20
26,8591,5.709916775534102e-09,0.9189831471017424,0.08101582717460758,1.0200137330508247e-06,25,20,20
26,8592,0.002717624629208086,0.798189614741529,0.19878768525889734,0.00030507537036478347,25,20,20
26,8593,0.00271762467714352,0.7969490298859979,0.20002827006666557,0.00030507537019235315,25,20,20
26,8594,0.0027176246776548407,0.7592741195088234,0.23770317995285709,0.0003050758606634135,25,20,20
26,8595,0.002717645989197871,0.7683647521784951,0.22861254028452854,0.00030506154777724156,25,20,20
26,8596,0.002717645985483648,0.821711204597079,0.17526608787128267,0.00030506154615409507,25,20,20
26,8597,0.0027176459328486402,0.8508961222352842,0.14608117038027352,0.0003050614515932639,25,20,20
26,8598,0.0027176462680750858,0.78511427058106,0.2118630215142554,0.0003050616366085169,25,20,20
26,8599,1.571353343400724e-05,0.8373411963740541,0.1626419537393112,1.1363532002107938e-06,25,20,20
26,8600,1.578722237074803e-05,0.8319740169291007,0.16800906246190156,1.1333866260503862e-06,25,20,20
26,8601,1.579923766654172e-05,0.7922936494107659,0.2076904070276347,1.443239318232256e-07,25,20,20
26,8602,1.5781841816467313e-05,0.7930956090097636,0.20688846673454286,1.4241387589263094e-07,25,20,20
26,8603,2.1606631509951923e-05,0.7935098525185192,0.2064677579582246,7.828917451959689e-07,25,20,20
26,8604,5.8991476462871275e-06,0.8257569951940614,0.17423645603994176,6.496183495855136e-07,25,20,20
26,8605,5.825402866009797e-06,0.8190496044058783,0.18094392868381204,6.415074427946938e-07,25,20,20
26,8606,5.825403312281903e-06,0.8015211470943724,0.19847183912854113,1.1883737735153911e-06,25,20,20
26,8607,5.825403312281903e-06,0.8015211470943724,0.19847183912854113,1.1883737735153911e-06,25,20,20
26,8608,6.066727805288241e-08,0.8260938840833809,0.17390550663669863,5.486126414171206e-07,25,20,20
26,8609,6.022941854905009e-08,0.8949227766940793,0.10507661435098052,5.487255211654404e-07,25,20,20
26,8610,6.365073028769023e-07,0.852180639878346,0.14781817375767206,5.498566780046094e-07,25,20,20
26,8611,5.74461822750581e-08,0.9334397249741242,0.06655966966269694,5.479169956648104e-07,25,20,20
26,8612,5.7445721307656366e-08,0.9521749388971805,0.04782500260643069,1.0506665969298238e-09,25,20,20
26,8613,5.7445103471894e-08,0.9539126773174449,0.04608726418678199,1.0506690940394064e-09,25,20,20
26,8614,5.74329231146334e-08,0.9543933295393227,0.045606612284209584,7.435441388308471e-10,25,20,20
26,8615,4.03856124676606e-06,0.9154628108334036,0.08453312185606046,2.874928838232986e-08,25,20,20
26,8616,5.7433763893107116e-08,0.9530782815101613,0.046921642815481626,1.8240592619066106e-08,25,20,20
26,8617,5.7433566252894945e-08,0.9513754083022663,0.04862449874462789,3.55195390349995e-08,25,20,20
26,8618,9.778249067040872e-11,0.9902662633611304,0.009733701451407511,3.508967948171938e-08,25,20,20
26,8619,1.0977115992559788e-10,0.9924248361491946,0.0075751284386165515,3.530241759639285e-08,25,20,20
26,8620,1.6437532729959976e-09,0.9528291902578782,0.0471707726237234,3.5474644607324315e-08,25,20,20
26,8621,1.1006758938630947e-10,0.9516496491281718,0.04835031545411991,3.530764013168827e-08,25,20,20
26,8622,1.4602721194134023e-10,0.9533392403753812,0.046660741351331476,1.812725985971123e-08,25,20,20
26,8623,2.848504026929902e-09,0.9665849444770306,0.03341503423819873,1.8436266533021935e-08,25,20,20
26,8624,2.8570684088222215e-09,0.9736899852274193,0.026309993478261087,1.8437251161867648e-08,25,20,20
26,8625,3.520477461065129e-09,0.9737004179998663,0.026298592745100886,9.857345555661206e-07,25,20,20
26,8626,3.520488879346668e-09,0.9737315412129668,0.026267469848513837,9.854180304938582e-07,25,20,20
26,8627,3.5692219083342413e-09,0.9731616593899513,0.026837351617419562,9.854234074338384e-07,25,20,20
26,8628,2.857926866375198e-09,0.9372697061501764,0.06273027286010144,1.8131795137458254e-08,25,20,20
26,8629,2.8579267950118078e-09,0.9372702451333588,0.0627297338769224,1.813179177647193e-08,25,20,20
26,8630,2.8166700325381647e-09,0.878418670075208,0.12158130911403886,1.7994083062887027e-08,25,20,20
26,8631,2.809960411495988e-09,0.9162101298737524,0.0837898494945322,1.7821755078518658e-08,25,20,20
26,8632,2.810832526075854e-09,0.87645073186436,0.12354924750284628,1.782196137114474e-08,25,20,20
26,8633,1.6356698351778136e-07,0.8552375650028047,0.14476225329442693,1.8135784641996498e-08,25,20,20
26,8634,3.5638691148528447e-06,0.855087611345812,0.1449087784007116,4.63843611414069e-08,25,20,20
26,8635,3.5638691148528447e-06,0.855087611345812,0.1449087784007116,4.63843611414069e-08,25,20,20
26,8636,3.563870793645448e-06,0.8295220878812073,0.17047430186359244,4.63844067799402e-08,25,20,20
26,8637,2.8349430148744443e-09,0.9415267750281999,0.05847316953979744,5.259705896346091e-08,25,20,20
26,8638,2.83495870396956e-09,0.9415062757903179,0.05849366877756821,5.259715481450879e-08,25,20,20
26,8639,2.859837929716258e-09,0.8841382753588651,0.11586168159386398,4.0187432601798234e-08,25,20,20
26,8640,1.0725390852920206e-05,0.8447626901992349,0.15522654353327364,4.087663770589065e-08,25,20,20
26,8641,1.0725415578890602e-05,0.8250925739735284,0.17489665113475716,4.9476135305561616e-08,25,20,20
26,8642,1.0725379298436274e-05,0.8057878731804159,0.19420137805513768,2.3385147477580788e-08,25,20,20
26,8643,1.0725379298436274e-05,0.8057878731804159,0.19420137805513768,2.3385147477580788e-08,25,20,20
26,8644,1.0764045414675329e-05,0.7946102811850351,0.20537891938518663,3.5384363111255436e-08,25,20,20
26,8645,3.5374997951208924e-05,0.6760062901042977,0.3239582788424713,5.6055277091365566e-08,25,20,20
26,8646,3.537498507111673e-05,0.678349102838522,0.3216154661209832,5.605542142187069e-08,25,20,20
26,8647,2.3813769138493892e-05,0.7188362138699947,0.28113991859438975,5.37664757069373e-08,25,20,20
26,8648,2.381583960177728e-05,0.7600321666828291,0.23994396419223618,5.328533207836506e-08,25,20,20
26,8649,2.381583960177728e-05,0.7600321666828291,0.23994396419223618,5.328533207836506e-08,25,20,20
26,8650,2.381583960177728e-05,0.7600321666828291,0.23994396419223618,5.328533207836506e-08,25,20,20
26,8651,5.1171705812408826e-08,0.7878539215739191,0.17243006839303074,0.039715958861343756,25,20,20
26,8652,5.151575437112579e-08,0.7675097356354773,0.19277425399010745,0.03971595885865975,25,20,20
26,8653,1.4663880700290604e-05,0.853575696937106,0.14640958050555508,5.867663793936809e-08,25,20,20
26,8654,5.183847237282867e-08,0.7999179385225126,0.20008195297787792,5.666113632104214e-08,25,20,20
26,8655,1.3195411155373418e-08,0.8580079068497465,0.14199203498474003,4.4970101669807206e-08,25,20,20
26,8656,2.91183854602887e-09,0.9224714867036657,0.07752846952218592,4.086230979997643e-08,25,20,20
26,8657,1.0975051767431785e-06,0.8503367809954198,0.14806053403067596,0.0016015874687265166,25,20,20
26,8658,1.0985327476358664e-06,0.8781497620624502,0.12024755702389948,0.0016015823809016584,25,20,20
26,8659,1.1031923730968483e-06,0.798700069877349,0.19969724404445144,0.0016015828858256355,25,20,20
26,8660,1.1031740959871782e-06,0.797902288121398,0.200495026186152,0.0016015825183531048,25,20,20
26,8661,2.3626927095477266e-06,0.8385259660453148,0.15983827111832646,0.0016334001436482198,25,20,20
26,8662,2.3626927001543417e-06,0.8539626724178804,0.14440156474918478,0.001633400140233745,25,20,20
26,8663,2.3642602024917473e-06,0.8365934829235,0.16177075267304342,0.0016334001432533442,25,20,20
26,8664,2.3669601922375787e-06,0.8728470793091709,0.12551715370508673,0.0016334000255490255,25,20,20
26,8665,1.1018195874234728e-06,0.8723086079573967,0.1260887078319887,0.0016015823910260748,25,20,20
26,8666,1.101775364783079e-06,0.8332234306099007,0.1651738854225864,0.0016015821921469913,25,20,20
26,8667,1.2003355898616087e-06,0.7400452224965064,0.25835200093495336,0.0016015762329486766,25,20,20
26,8668,1.2003355898616087e-06,0.7400452224965064,0.25835200093495336,0.0016015762329486766,25,20,20
26,8669,1.2003497812295724e-06,0.7000820129369113,0.298315210480342,0.0016015762329630854,25,20,20
26,8670,1.0465711232956631e-07,0.7623893656485019,0.2376098872614391,6.424329447493871e-07,25,20,20
26,8671,1.0471211301442929e-07,0.7237909691251169,0.2762082837236593,6.424391090240782e-07,25,20,20
26,8672,1.0471127242227656e-07,0.765008241914898,0.2349910109346232,6.424392045938496e-07,25,20,20
26,8673,6.0355772685566815e-09,0.8600845419551518,0.1399148209091822,6.311000887131796e-07,25,20,20
26,8674,9.372038192969757e-08,0.8598122818367101,0.14015513016467573,3.249427823198372e-05,25,20,20
26,8675,2.4947951797499514e-07,0.8597385233812236,0.1402287322376237,3.2494901634426914e-05,25,20,20
26,8676,2.4789327073526984e-07,0.8964449756234888,0.10352228158757228,3.2494895667956595e-05,25,20,20
26,8677,1.585051478821876e-07,0.9358661217577425,0.0641337190907379,6.463718203408735e-10,25,20,20
26,8678,1.5851816383360075e-07,0.9334437282289342,0.06655611167551857,1.5773836432602584e-09,25,20,20
26,8679,1.5849502132637883e-07,0.9082011580147353,0.091798671832618,1.1657625309239722e-08,25,20,20
26,8680,1.5849481095715736e-07,0.907099910494728,0.0928999193615618,1.1648899182385131e-08,25,20,20
26,8681,1.5849394758762745e-07,0.9070908869427822,0.09290894323089433,1.1332375869662513e-08,25,20,20
26,8682,1.5847456117996982e-07,0.9244702361208573,0.07552960476889525,6.356860934488277e-10,25,20,20
26,8683,1.5846037087668632e-07,0.9356957855358465,0.06430405536664602,6.371367018026231e-10,25,20,20
26,8684,1.5846037087668632e-07,0.9356957855358465,0.06430405536664602,6.371367018026231e-10,25,20,20
26,8685,1.584756930840919e-07,0.8969558889853154,0.10304395159596946,9.430215838475975e-10,25,20,20
26,8686,1.5850040035448609e-07,0.8985505076128542,0.10144933293261815,9.541269991599625e-10,25,20,20
26,8687,1.5848848796912687e-07,0.8601181676065408,0.1397616812798579,0.00011999262511269671,25,20,20
26,8688,1.5848848996486096e-07,0.8430811177509813,0.156798730967079,0.00011999279344918446,25,20,20
26,8689,1.5848871112495956e-07,0.8031088886937985,0.19677096001753164,0.00011999279995871727,25,20,20
26,8690,1.5856308882897277e-07,0.7913229244422876,0.20855692452717073,0.00011999246745235917,25,20,20
26,8691,1.5854895255354793e-07,0.8585830299808405,0.14141681076279863,7.074077391301665e-10,25,20,20
26,8692,1.5854982941227454e-07,0.8373393761824118,0.16266046419824234,1.0695156192005568e-09,25,20,20
26,8693,1.5847243544270382e-07,0.9144698942410738,0.08552994627884969,1.007640646572418e-09,25,20,20
26,8694,1.612501799133485e-07,0.9326282396601745,0.06737159824486848,8.447770197072493e-10,25,20,20
26,8695,1.6131030658439196e-07,0.8998040862919452,0.10019575154971568,8.480322002010067e-10,25,20,20
26,8696,5.5523369973701444e-09,0.8752396994464875,0.12476029446008038,5.410947977198184e-10,25,20,20
26,8697,0.00020563597764303304,0.8536006750672894,0.146193681030366,7.924701715307312e-09,25,20,20
26,8698,2.9791672506829465e-09,0.8929358634862595,0.10706413297198841,5.625849625229109e-10,25,20,20
26,8699,3.128931057443733e-09,0.8874463069752133,0.11255275194443971,9.379514159462538e-07,25,20,20
26,8700,3.124571977137148e-09,0.9115897409320074,0.08840968196081117,5.739826091871475e-07,25,20,20
26,8701,3.1364214843392094e-09,0.8710870072917224,0.1289124152319128,5.743399433608058e-07,25,20,20
26,8702,4.3729631697689337e-10,0.8728204168771502,0.12717900834561166,5.743399418272224e-07,25,20,20
26,8703,4.3729631697689337e-10,0.8728204168771502,0.12717900834561166,5.743399418272224e-07,25,20,20
26,8704,4.063807345335989e-10,0.9040897982066045,0.09590962693060981,5.744564052206938e-07,25,20,20
26,8705,2.547668398182596e-11,0.9063128334748173,0.09368716517844938,1.321256925342165e-09,25,20,20
26,8706,2.6110444201032495e-11,0.9068175385942034,0.09318246005304368,1.326642693927447e-09,25,20,20
26,8707,3.810156513970672e-11,0.9072746593767372,0.09272533925472459,1.3304365806863968e-09,25,20,20
26,8708,5.0437839846145015e-06,0.8887970782208312,0.11119787600687549,1.9883085305463693e-09,25,20,20
26,8709,8.063343698082204e-06,0.801152072149062,0.19883986215299804,2.3542401459556927e-09,25,20,20
26,8710,8.063343681298305e-06,0.8403410041723507,0.15965093048164997,2.0023172599560796e-09,25,20,20
26,8711,8.063343666542163e-06,0.8415724042330085,0.15841953042110007,2.002224468867606e-09,25,20,20
26,8712,8.06334450750946e-06,0.8403168173679858,0.1596751172798986,2.0076077042670645e-09,25,20,20
26,8713,8.06334450750946e-06,0.8403168173679858,0.1596751172798986,2.0076077042670645e-09,25,20,20
26,8714,8.063357929894371e-06,0.8527528204208129,0.1472391142025672,2.0186892523031938e-09,25,20,20
26,8715,8.06334605581825e-06,0.8135941664866769,0.18639776846491096,1.7023546785131002e-09,25,20,20
26,8716,8.063344689057855e-06,0.8526145012489518,0.14737743427549835,1.1308598010002552e-09,25,20,20
26,8717,8.063344208286321e-06,0.891837236007953,0.10815469951708444,1.1307535551436768e-09,25,20,20
26,8718,5.047015550290665e-06,0.890905121102248,0.10908983080535455,1.0768464973246944e-09,25,20,20
26,8719,5.04698913726624e-06,0.905597408120126,0.09439754371216731,1.1785685067979464e-09,25,20,20
26,8720,7.481871139228868e-06,0.8758402376445004,0.12413668817816652,1.5592306193295456e-05,25,20,20
26,8721,5.043748440124571e-06,0.9422182380010805,0.057776717728047024,5.224320802405829e-10,25,20,20
26,8722,1.2034289858210891e-05,0.8937407262485086,0.10624591039692069,1.3290647117551878e-06,25,20,20
26,8723,1.1685049231495565e-10,0.9334546027421147,0.06654539634344143,7.975928660324715e-10,25,20,20
26,8724,8.572320594261996e-11,0.9079642700864159,0.09203572902632562,8.0153479692826e-10,25,20,20
26,8725,3.978781776686571e-08,0.8891350540858024,0.11086490501195671,1.1144222673768607e-09,25,20,20
26,8726,1.430249074819368e-05,0.8382780131373773,0.1613423752470296,0.00036530912484420216,25,20,20
26,8727,3.986578911599222e-08,0.8399645901128372,0.16003536890309122,1.118282083665121e-09,25,20,20
26,8728,3.9866626814069524e-08,0.840474824073161,0.15952513493663695,1.1235753501308458e-09,25,20,20
26,8729,3.978513783133514e-08,0.8804738648095821,0.11952609429076133,1.1145186533451144e-09,25,20,20
26,8730,3.9785184092307594e-08,0.8529523693052218,0.1470475898004363,1.1091576704603143e-09,25,20,20
26,8731,2.9882936593744965e-07,0.8275117308099452,0.17211070921397917,0.00037726114670914304,25,20,20
26,8732,3.109130025464682e-07,0.76080483692395,0.23881759101930172,0.00037726114374522427,25,20,20
26,8733,8.628455552641328e-05,0.7500397150325508,0.2494955576814275,0.00037844273049452684,25,20,20
26,8734,8.628450634868721e-05,0.7101084748035784,0.28942679827610124,0.00037844241397090995,25,20,20
26,8735,8.628450582459623e-05,0.7243739360845978,0.27516133699026935,0.0003784424193075774,25,20,20
26,8736,4.054309119661909e-08,0.8043168263995915,0.19568195072255684,1.1823347604163493e-06,25,20,20
26,8737,4.319258580373652e-08,0.7338163337289159,0.2661824401809441,1.182897553851544e-06,25,20,20
26,8738,5.3499014697053925e-08,0.7299121870244357,0.270086576608773,1.182867775926206e-06,25,20,20
26,8739,4.317354802045084e-08,0.8645967141174231,0.1354032411782228,1.530806220277678e-09,25,20,20
26,8740,4.235470389877961e-08,0.9054976724760604,0.0945022833230358,1.846199340025889e-09,25,20,20
26,8741,4.2367807371016426e-08,0.9062674344590346,0.09373252132085691,1.852300572748529e-09,25,20,20
26,8742,4.241807283027408e-08,0.8961733370132456,0.10382661872779692,1.8408843480963957e-09,25,20,20
26,8743,4.2402633718927014e-08,0.9361410549895613,0.06385890114280442,1.4649996367706588e-09,25,20,20
26,8744,4.240283535177564e-08,0.936544219640723,0.06345573649144001,1.4650006104201125e-09,25,20,20
26,8745,2.697765995541018e-09,0.9659428222599395,0.034057173884535816,1.1577584727297925e-09,25,20,20
26,8746,3.344683947365581e-09,0.9661347488304385,0.03386524696877963,8.560977714809347e-10,25,20,20
26,8747,3.3571058709052663e-09,0.934981845668823,0.06501815065841123,3.1565974888387904e-10,25,20,20
26,8748,2.9674432675521618e-09,0.9196173283376942,0.0803826683686247,3.262380203219965e-10,25,20,20
26,8749,2.9663173128629796e-09,0.9191986957361149,0.080801300977047,3.2052070281647436e-10,25,20,20
26,8750,2.9544744982759197e-09,0.9196794006768293,0.08032059604817426,3.2052184645338254e-10,25,20,20
26,8751,3.0075114401406835e-09,0.9084397143406399,0.08799125375698552,0.0035690288948630727,25,20,20
26,8752,3.5208807122776617e-09,0.9632205201336292,0.036779475998594775,3.4689536557022806e-10,25,20,20
26,8753,2.538573776859596e-08,0.8951561278443966,0.1048438464237627,3.4610283990921694e-10,25,20,20
26,8754,2.32827262923898e-08,0.8704678393951076,0.12953213034478192,6.9773841444332046e-09,25,20,20
26,8755,2.32827262923898e-08,0.8704678393951076,0.12953213034478192,6.9773841444332046e-09,25,20,20
26,8756,2.333143657601616e-08,0.8298621487536425,0.17013782063430294,7.280616484393785e-09,25,20,20
26,8757,2.333842133184785e-08,0.810953318659233,0.18904610774851582,5.502538286125719e-07,25,20,20
26,8758,2.33390725618301e-08,0.8109740889531998,0.18902533745389788,5.502538286632279e-07,25,20,20
26,8759,4.830366749204514e-05,0.7703124516389991,0.2296383135326555,9.31160851964998e-07,25,20,20
26,8760,4.828110947040251e-05,0.8086101372791109,0.19134065045391502,9.311575023070654e-07,25,20,20
26,8761,4.8281123755304114e-05,0.7961233762077435,0.20382741151171088,9.311567888206762e-07,25,20,20
26,8762,8.696847424578143e-10,0.8647378332331283,0.13526161485283172,5.510443551969582e-07,25,20,20
26,8763,8.626855837283563e-10,0.8456151393539264,0.15438485171197291,8.071414924954234e-09,25,20,20
26,8764,8.626818511957229e-10,0.8456462391774321,0.15435375188291645,8.076969385094437e-09,25,20,20
26,8765,8.971288892098869e-10,0.9096478363623532,0.09035216129890838,1.4416095122837082e-09,25,20,20
26,8766,8.962607377072164e-10,0.9096590797912643,0.09034091787096285,1.4415120458331502e-09,25,20,20
26,8767,8.962606713638408e-10,0.8700725160545446,0.12992748161318562,1.436008919580738e-09,25,20,20
26,8768,1.112677335112056e-09,0.8680499484634879,0.13174474632162445,0.0002053041022098776,25,20,20
26,8769,0.03999778887367293,0.8280836396758586,0.1317132673538155,0.00020530409665229225,25,20,20
26,8770,0.07992041027450596,0.8281139635061534,0.0919656243582587,1.861081740262035e-09,25,20,20
26,8771,0.07992041027393826,0.8263881981891958,0.09369138997734139,1.5595244992099126e-09,25,20,20
26,8772,0.03999778865671597,0.8654976691872254,0.09450454101593922,1.1401197989231944e-09,25,20,20
26,8773,0.039997789014964355,0.846423552959332,0.11357865750063598,5.250679768647033e-10,25,20,20
26,8774,0.04009808481490273,0.8070696961973263,0.1528322116159422,7.3718285829180865e-09,25,20,20
26,8775,0.00010029700593773782,0.8487641675442975,0.15113552776149822,7.688266279182074e-09,25,20,20
26,8776,0.00010029700593773782,0.8487641675442975,0.15113552776149822,7.688266279182074e-09,25,20,20
26,8777,1.2839598046721539e-08,0.8610269066868466,0.13895508131277926,1.7999160776083563e-05,25,20,20
26,8778,1.2989855009255184e-08,0.8335294265139802,0.16645255626449493,1.800423166898162e-05,25,20,20
26,8779,0.0006976128786739268,0.7938725904325753,0.2054117886990117,1.800798973808637e-05,25,20,20
26,8780,0.0007611625177048526,0.7380752278667815,0.2611384245620771,2.5185053435472945e-05,25,20,20
26,8781,0.0007611625177217017,0.7110334829930965,0.2881801694464998,2.5185042681300724e-05,25,20,20
26,8782,1.8699966142949308e-08,0.7045250530398585,0.2954569145701401,1.8013690034157748e-05,25,20,20
26,8783,1.869996460949755e-08,0.7303172505318762,0.26966471707999706,1.8013688160914448e-05,25,20,20
26,8784,2.0412037971568952e-08,0.7682341599047932,0.23174778903997534,1.803064319244667e-05,25,20,20
26,8785,2.0412037971568952e-08,0.7682341599047932,0.23174778903997534,1.803064319244667e-05,25,20,20
26,8786,2.0398589808046285e-08,0.8132656840204104,0.1867162792392931,1.8016341705646775e-05,25,20,20
26,8787,8.071196794018268e-09,0.8391327903715678,0.16086716632680756,3.5230427074304594e-08,25,20,20
26,8788,7.295033689435621e-09,0.8782899352052864,0.12171002226371579,3.5235963998385225e-08,25,20,20
26,8789,0.005460117398966771,0.8771824336176433,0.11731435706695718,4.309191643271496e-05,25,20,20
26,8790,0.005460117376809698,0.8575507139209411,0.1369460767830809,4.3091919168565904e-05,25,20,20
26,8791,0.005460117391093116,0.8159088607378512,0.17851925412036068,0.00011176775069392348,25,20,20
26,8792,0.0054601227041931166,0.7567650051104411,0.2376631020436376,0.00011177014172691789,25,20,20
26,8793,0.005666028064225393,0.7067249439775675,0.28747412705846326,0.00013490089974271309,25,20,20
26,8794,0.005666028075499199,0.7471573353654323,0.24704173602949597,0.00013490052957110257,25,20,20
26,8795,0.0056660280609947015,0.7875479610162769,0.20671978653042547,6.622439230163529e-05,25,20,20
26,8796,0.005666028048157551,0.7892320704051415,0.20503567715439555,6.622439230404829e-05,25,20,20
26,8797,0.00024445319944322783,0.7792441550920715,0.22048810414271725,2.3287565766819386e-05,25,20,20
26,8798,0.0002444531996602155,0.7792364250335138,0.22049583420096205,2.3287565862640784e-05,25,20,20
26,8799,0.0002444531996564752,0.7775194488216584,0.2222128104075969,2.3287571086796324e-05,25,20,20
26,8800,0.0002444531996564752,0.7775194488216584,0.2222128104075969,2.3287571086796324e-05,25,20,20
26,8801,0.00024453254126010086,0.7585597458366057,0.24117242693792956,2.3294684204059665e-05,25,20,20
26,8802,0.000244532505539168,0.7988123506949362,0.20091982211242398,2.3294687100758872e-05,25,20,20
26,8803,3.862706617829741e-05,0.8633893025736415,0.13657190644574316,1.6391443658739346e-07,25,20,20
26,8804,8.73211117507808e-08,0.9121202602050072,0.08787960841187542,4.4062005244811004e-08,25,20,20
26,8805,0.0001283953343066941,0.8156515699644881,0.18378271346883243,0.0004373212323722156,25,20,20
26,8806,0.0001283953343066941,0.8156515699644881,0.18378271346883243,0.0004373212323722156,25,20,20
26,8807,0.0001283953343066941,0.8156515699644881,0.18378271346883243,0.0004373212323722156,25,20,20
26,8808,0.00012807480869401065,0.8551649142846598,0.14470696652868667,4.437795917220853e-08,25,20,20
26,8809,0.00012825475505033146,0.8178917738250481,0.1819799236809675,4.773893354985373e-08,25,20,20
26,8810,0.0001282547249032773,0.8620404044835,0.1378312927376687,4.805392784909315e-08,25,20,20
26,8811,0.00012807616879718952,0.8568699335491697,0.14300195377849595,3.650353692497983e-08,25,20,20
26,8812,0.0001279915664286504,0.9045548682706871,0.0953171131647816,2.6998102424150177e-08,25,20,20
26,8813,0.00012799156804248093,0.8646628216126389,0.13520903432587686,1.5249344122655588e-07,25,20,20
26,8814,0.0001279915664286596,0.9045546873633289,0.09531729407213979,2.6998102424226374e-08,25,20,20
26,8815,0.00012799086847910019,0.9082871361885198,0.0915848546622893,1.8280711371583954e-08,25,20,20
26,8816,3.4194187091345416e-09,0.9214831762508368,0.07851680246894671,1.7860797292714468e-08,25,20,20
26,8817,4.601866509182843e-09,0.9083872008366387,0.09161274849840628,4.606308843182261e-08,25,20,20
26,8818,4.093030988828187e-09,0.9455362226353452,0.0544637555287171,1.7742906438214456e-08,25,20,20
26,8819,4.092834800058445e-09,0.9301615015414516,0.06983847662284483,1.774286829069055e-08,25,20,20
26,8820,4.094019224889334e-09,0.9063786789422441,0.09362129922082081,1.774291573803935e-08,25,20,20
26,8821,4.09251646978035e-09,0.9713985288533423,0.028601448994839754,1.8059301359161193e-08,25,20,20
26,8822,4.09251646978035e-09,0.9713985288533423,0.028601448994839754,1.8059301359161193e-08,25,20,20
26,8823,4.09251646978035e-09,0.9713985288533423,0.028601448994839754,1.8059301359161193e-08,25,20,20
26,8824,4.09251646978035e-09,0.9713985288533423,0.028601448994839754,1.8059301359161193e-08,25,20,20
26,8825,4.465599259344158e-09,0.9538425673102683,0.04615741016197744,1.8062154539285257e-08,25,20,20
26,8826,3.803354315011892e-09,0.9563402170607305,0.043659760760710126,1.8375204638855284e-08,25,20,20
26,8827,3.8033586398344445e-09,0.9546227554660497,0.045377222355195715,1.8375395440468972e-08,25,20,20
26,8828,3.850800621385941e-09,0.9269267461470533,0.07307321442380048,3.557834512321693e-08,25,20,20
26,8829,3.4770770959251988e-09,0.9286524445226977,0.07134751641641404,3.5583810736959304e-08,25,20,20
26,8830,7.899306507221406e-10,0.892248015625698,0.10775196471845978,1.886591112731588e-08,25,20,20
26,8831,1.1885597697709477e-05,0.8515212096403226,0.14846685690319447,4.785878490315389e-08,25,20,20
26,8832,1.188556701660662e-05,0.8767616061915179,0.12322646057382718,4.766763805318831e-08,25,20,20
26,8833,1.1885567209311548e-05,0.8754795691876681,0.124508497572259,4.767286324141104e-08,25,20,20
26,8834,0.0001760288736827294,0.8085815746796697,0.19124202518047936,3.7126616800385843e-07,25,20,20
26,8835,0.00017602890920337437,0.8474667334539261,0.1523568953454872,3.422913831634615e-07,25,20,20
26,8836,0.0001641686411651528,0.8966693561772537,0.10316610624263464,3.689389459100473e-07,25,20,20
26,8837,0.00016416800131290244,0.9465681752154704,0.05326730455216937,3.522310466940487e-07,25,20,20
26,8838,0.00016416800217153557,0.9461315004088705,0.05370397935241418,3.522365431795909e-07,25,20,20
26,8839,2.4741370657516047e-08,0.9752383534365511,0.024761593193137994,2.8628939968385946e-08,25,20,20
26,8840,2.474282936243273e-08,0.9365020132828898,0.06349793299998614,2.8974293991207463e-08,25,20,20
26,8841,8.823105027982277e-11,0.9535707251919797,0.046429256493832886,1.8225956182982688e-08,25,20,20
26,8842,1.0238529249936965e-09,0.9662743943170891,0.03372558678414009,1.7874917653134545e-08,25,20,20
26,8843,1.02471219297079e-09,0.9642240892519774,0.035775891848502404,1.7874807647341546e-08,25,20,20
26,8844,7.464463327721295e-11,0.9661246428232713,0.033875332840740305,2.4261343522818985e-08,25,20,20
26,8845,7.219903376140007e-08,0.9471815409803441,0.0528183797651605,7.0554612228033296e-09,25,20,20
26,8846,7.219903376140007e-08,0.9471815409803441,0.0528183797651605,7.0554612228033296e-09,25,20,20
26,8847,7.219903376140007e-08,0.9471815409803441,0.0528183797651605,7.0554612228033296e-09,25,20,20
26,8848,7.219903349883072e-08,0.9471819273638125,0.052817993381692706,7.055461222819707e-09,25,20,20
26,8849,7.219903349883072e-08,0.9471819273638125,0.052817993381692706,7.055461222819707e-09,25,20,20
26,8850,7.218684708719896e-08,0.9219971846500815,0.07800273610770564,7.05536577840909e-09,25,20,20
26,8851,2.8230294720193247e-09,0.9250968975236975,0.07490309259575238,7.0575205436069556e-09,25,20,20
26,8852,5.426394443520533e-09,0.9226304267924539,0.07736861055160443,9.572295468704622e-07,25,20,20
26,8853,2.694288721599804e-09,0.9238823406554967,0.07611669972751052,9.569227037789279e-07,25,20,20
26,8854,2.6819380835101944e-09,0.9238514079867535,0.07614763241405986,9.569172481873035e-07,25,20,20
26,8855,2.681725276732814e-09,0.8846426126053041,0.11535642779581977,9.569171506662173e-07,25,20,20
26,8856,2.6817063645274376e-09,0.9238496786606999,0.07614936174053684,9.569170565766085e-07,25,20,20
26,8857,2.6815141643436347e-09,0.9234141038617021,0.0765849365582142,9.568985691701068e-07,25,20,20
26,8858,2.681923559752878e-09,0.9100185457461388,0.08996074841630432,2.070315563319791e-05,25,20,20
26,8859,0.00014369538842478856,0.8677016572237247,0.1320693712675514,8.527612029921926e-05,25,20,20
26,8860,0.00014369982732693288,0.8126065789437213,0.18716441649356547,8.53047353851099e-05,25,20,20
26,8861,0.00014381211388305378,0.8109218345979033,0.18884906651447964,8.528677373285918e-05,25,20,20
26,8862,0.0001436980980004682,0.8491829585341053,0.15058806675535322,8.527661254069013e-05,25,20,20
26,8863,0.0001436980980004682,0.8491829585341053,0.15058806675535322,8.527661254069013e-05,25,20,20
26,8864,5.4027847089275325e-09,0.9179100350278985,0.08208900235658488,9.572127319438885e-07,25,20,20
26,8865,5.391406507049846e-09,0.9185078112178805,0.0814912261779779,9.572127352359479e-07,25,20,20
26,8866,5.39268181930227e-09,0.9425665114396042,0.05743253204111706,9.511265964136383e-07,25,20,20
26,8867,5.392489698434127e-09,0.9443162869546952,0.055682756526025085,9.511267897052663e-07,25,20,20
26,8868,5.577740255797423e-08,0.9064348750992616,0.09349055954994256,7.450957339321452e-05,25,20,20
26,8869,5.601631243939075e-08,0.8804108536371709,0.11951457438206005,7.45159644559346e-05,25,20,20
26,8870,5.576884073279204e-08,0.9145760921187603,0.08534933324750163,7.45188648974329e-05,25,20,20
26,8871,5.383260805114749e-09,0.9519698496147939,0.04802918458371783,9.604182272248643e-07,25,20,20
26,8872,5.4044165951903885e-09,0.9321631336085829,0.06783588219029203,9.78796708147438e-07,25,20,20
26,8873,5.405275344300099e-09,0.9315460208817032,0.06845299491621866,9.787968025134927e-07,25,20,20
26,8874,5.384595413536272e-09,0.9415570362135103,0.0584420075674666,9.508344276137345e-07,25,20,20
26,8875,5.383737256902783e-09,0.9420987016434264,0.05790034213860228,9.508342340729923e-07,25,20,20
26,8876,3.170402469980851e-09,0.9086065282386564,0.0913934677713758,8.195650856330464e-10,25,20,20
26,8877,3.169551426679978e-09,0.9342954398443714,0.06570360629974424,9.506863325094142e-07,25,20,20
26,8878,3.3603091029072434e-09,0.9238549606807906,0.07614408056110071,9.553977993048266e-07,25,20,20
26,8879,2.779543270806943e-09,0.9690726632492154,0.030926383129922547,9.508413186508456e-07,25,20,20
26,8880,2.779543270806943e-09,0.9690726632492154,0.030926383129922547,9.508413186508456e-07,25,20,20
26,8881,2.8280678412894886e-09,0.9697569712863499,0.03024207504948421,9.50836098049129e-07,25,20,20
26,8882,2.798536084950604e-09,0.9851561986379642,0.014842847730718698,9.50832780769818e-07,25,20,20
26,8883,2.7996010263157367e-09,0.9855283921260388,0.014470654246945092,9.508274149031831e-07,25,20,20
26,8884,2.799770681889611e-09,0.9867593883067891,0.013240608249342211,6.440977806006583e-10,25,20,20
26,8885,1.0121452270142183e-10,0.9884937061117003,0.011506293446038634,3.410462582331499e-10,25,20,20
26,8886,1.0125187758486179e-10,0.948085957467924,0.05191404127446821,1.156355638419448e-09,25,20,20
26,8887,1.0163322921662105e-10,0.9221729119160834,0.07780646203271407,2.062594956888473e-05,25,20,20
26,8888,1.00192515804287e-10,0.991047397511678,0.008952601735783716,6.523455478766589e-10,25,20,20
26,8889,1.0040257882408087e-10,0.9910477541913578,0.00895224535763941,3.5059998828270813e-10,25,20,20
26,8890,1.0039791101360852e-10,0.9922239380634479,0.007776061490940377,3.452133133671047e-10,25,20,20
26,8891,1.0039809963816168e-10,0.9909655466591067,0.009034452895451912,3.450426742482617e-10,25,20,20
26,8892,1.0121400783501273e-10,0.9892170184355775,0.010782963831188007,1.763202000055612e-08,25,20,20
26,8893,1.0168665107054453e-10,0.9598803338529666,0.04011964841857156,1.76267743636977e-08,25,20,20
26,8894,1.0168665107054453e-10,0.9598803338529666,0.04011964841857156,1.76267743636977e-08,25,20,20
26,8895,9.973579676470449e-11,0.9199865247333748,0.0800134403763465,3.479054227836013e-08,25,20,20
26,8896,9.951858855276001e-11,0.92055760952598,0.07944235558395735,3.47905437636331e-08,25,20,20
26,8897,5.1549315937658355e-11,0.9481305678322012,0.05186939701859902,3.5097650324591074e-08,25,20,20
26,8898,5.510168284770649e-11,0.9234968421207148,0.07650275875791573,3.9906626753586914e-07,25,20,20
26,8899,0.000478445620502981,0.9218577671277512,0.07766338891925006,3.983324954971545e-07,25,20,20
26,8900,6.427318961671134e-12,0.92542567580965,0.07457394239916931,3.817847531765226e-07,25,20,20
26,8901,3.8099488272029606e-10,0.9477959635540342,0.052203654106525145,3.819584456093259e-07,25,20,20
26,8902,3.81208836466535e-10,0.9471939851327167,0.05280563222125305,3.8226482123106143e-07,25,20,20
26,8903,3.768296819163562e-10,0.9730548264891368,0.026945154838019993,1.8296013342185496e-08,25,20,20
26,8904,3.768298785713812e-10,0.9742931526118368,0.02570682872061073,1.8290722424871517e-08,25,20,20
26,8905,4.034727455501024e-10,0.8965946911999458,0.10340529070815734,1.7688424244758682e-08,25,20,20
26,8906,4.030574233248138e-10,0.9218698029422455,0.07813017896640279,1.768829363900468e-08,25,20,20
26,8907,4.025084644611868e-10,0.8983370474949912,0.10166293441110398,1.7691396022178542e-08,25,20,20
26,8908,6.251059154806968e-07,0.7995062292423101,0.2004931018150055,4.383676828544508e-08,25,20,20
26,8909,6.496392455346376e-07,0.7988382498748355,0.201161056658824,4.382709460669669e-08,25,20,20
26,8910,6.496394629681813e-07,0.7965096865910806,0.20348961994226666,4.38271895673034e-08,25,20,20
26,8911,6.496398341612512e-07,0.7435693227433415,0.25642884009040495,1.1875264183676684e-06,25,20,20
26,8912,6.713019420050572e-07,0.7795265926949093,0.22047154867128144,1.187331866422958e-06,25,20,20
26,8913,6.706407027763415e-07,0.8167559002679734,0.1832422420717375,1.1870195853877946e-06,25,20,20
26,8914,6.706523044026647e-07,0.8542575643526691,0.14574172148014586,4.3514880539406904e-08,25,20,20
26,8915,4.826200993358668e-07,0.8925717932671653,0.10742769778871784,2.6324017802536398e-08,25,20,20
26,8916,4.609459240980093e-07,0.8818106104868931,0.11818890215693516,2.641024747014706e-08,25,20,20
26,8917,4.4171829278039876e-10,0.9229561502875565,0.07704384805036409,1.2203604264411646e-09,25,20,20
26,8918,4.417335546283092e-10,0.9225424522518962,0.07745754609156488,1.2148047417096622e-09,25,20,20
26,8919,6.718283092549987e-11,0.9395624438782011,0.06043755532477935,7.298363251185903e-10,25,20,20
26,8920,1.0564461320822533e-10,0.9257539528473318,0.07424604631349215,7.335311021204705e-10,25,20,20
26,8921,1.0585812930705146e-10,0.9251658995839365,0.07483409958213524,7.280697104511945e-10,25,20,20
26,8922,1.1317011172563951e-10,0.9377581963298356,0.06224180291792603,6.390680693320588e-10,25,20,20
26,8923,7.4678445545917e-11,0.9528499213218988,0.04715007796231804,6.411043107554256e-10,25,20,20
26,8924,1.0849930128725313e-08,0.9240068328172915,0.07599315561222872,7.205493582098423e-10,25,20,20
26,8925,1.0797504893456298e-08,0.8635893787272466,0.1364106097529197,7.223280359452403e-10,25,20,20
26,8926,1.0796407660237169e-08,0.8720475759574227,0.12795241243477926,8.113896287835738e-10,25,20,20
26,8927,3.9176564775396745e-06,0.8446267977551254,0.15536764376295775,1.6408254382891107e-06,25,20,20
26,8928,3.960054027260203e-06,0.8287587946019159,0.17123560451516137,1.6408288941227114e-06,25,20,20
26,8929,4.245363462657942e-08,0.8704958293527534,0.1295041277535159,4.400952010449838e-10,25,20,20
26,8930,2.08914317398803e-11,0.9255789689918003,0.07442103024734666,7.3996149907207e-10,25,20,20
26,8931,2.087611047555217e-11,0.8968209595336899,0.10317903970535111,7.400829887294553e-10,25,20,20
26,8932,6.631888692896273e-11,0.8417364750976701,0.158263506460655,1.83753551673675e-08,25,20,20
26,8933,2.3407295181089306e-07,0.8864037244335975,0.11352769266123969,6.834883221062194e-05,25,20,20
26,8934,1.0820078859879465e-09,0.9004910589903148,0.09950854168291201,3.982447651393654e-07,25,20,20
26,8935,1.0340653420195485e-09,0.8982663272197672,0.10173327380843379,3.9793773317334266e-07,25,20,20
26,8936,1.0026239778452422e-09,0.9133857240284462,0.08661387703471238,3.979342172254279e-07,25,20,20
26,8937,8.949101545838565e-12,0.9662819519629597,0.03371801284072521,3.518736571776533e-08,25,20,20
26,8938,9.787784521564439e-12,0.9654615282504564,0.03453843623674958,3.5503005936450326e-08,25,20,20
26,8939,9.586229375530355e-12,0.9296263928037227,0.0703719957107555,1.611475935118873e-06,25,20,20
26,8940,9.986292869616281e-12,0.9676716672697004,0.03232829700475676,3.571555629164157e-08,25,20,20
26,8941,2.613356658814868e-12,0.9821213185325515,0.017878645749336324,3.5715498787811374e-08,25,20,20
26,8942,9.758878626960788e-08,0.9676410688132674,0.032358815370604185,1.8227341988737253e-08,25,20,20
26,8943,5.231564697064498e-07,0.9277517276477505,0.07224773096296178,1.8232817614948153e-08,25,20,20
26,8944,9.874226115304754e-08,0.9272409064328494,0.07275897657943213,1.824545674869002e-08,25,20,20
26,8945,9.762033591661823e-08,0.924318239473827,0.07568164498172698,1.7924109441357e-08,25,20,20
26,8946,9.762004622285496e-08,0.9522928957686371,0.047706988687114975,1.7924201344673102e-08,25,20,20
26,8947,9.761919584833067e-08,0.9518967221383942,0.048103162628391614,1.761401803642117e-08,25,20,20
26,8948,9.761919569953182e-08,0.9260954704455058,0.07390441432134279,1.761395511078243e-08,25,20,20
26,8949,9.762023506532392e-08,0.9244923380644055,0.07550754669230574,1.762305317891609e-08,25,20,20
26,8950,9.83260987858279e-08,0.9255921577037773,0.07440774361522362,3.548996338678887e-10,25,20,20
26,8951,9.832696702670805e-08,0.9272961585161081,0.07270374280193034,3.5499384360845773e-10,25,20,20
26,8952,9.829677966679875e-08,0.9410163065707254,0.05898359477746205,3.5503197760565974e-10,25,20,20
26,8953,9.855577979814597e-08,0.9436254239614967,0.056374477313085355,1.6963730517939023e-10,25,20,20
26,8954,0.0003013580188048981,0.9052304691267058,0.09446817269019073,1.6429782468665364e-10,25,20,20
26,8955,0.0003013580188048981,0.9052304691267058,0.09446817269019073,1.6429782468665364e-10,25,20,20
26,8956,0.0003013580690294731,0.9434045780659094,0.05629406368995716,1.7510312292348398e-10,25,20,20
26,8957,0.00030135806818200843,0.9438301667973613,0.055868474964755145,1.6970074954002634e-10,25,20,20
26,8958,0.0003013580681822064,0.9450679562971463,0.05463068546506285,1.696079282290962e-10,25,20,20
26,8959,0.0003013580681822064,0.9450679562971463,0.05463068546506285,1.696079282290962e-10,25,20,20
26,8960,0.0003118482808411962,0.9050826116829452,0.09460436143022641,1.178605986883496e-06,25,20,20
26,8961,0.00031184753740418514,0.9056866860366122,0.09400028783101735,1.1785949660096818e-06,25,20,20
26,8962,0.00030135732474519534,0.9456721870687962,0.05402645544787113,1.5858705442153283e-10,25,20,20
26,8963,0.00030135737435799256,0.905606861442261,0.09409178071720359,4.661772861653814e-10,25,20,20
26,8964,0.0003013573730173877,0.8768719724198071,0.1228266692544547,9.527206298835494e-10,25,20,20
26,8965,0.0003013574108628209,0.9002817629183454,0.0994168681568949,1.151389670999021e-08,25,20,20
26,8966,1.0238875683759984e-09,0.9120890293793995,0.08791095747201255,1.2124700530044368e-08,25,20,20
26,8967,2.1175085501149427e-07,0.8730262551703063,0.12697351466275136,1.8416087268097775e-08,25,20,20
26,8968,2.1171298642665337e-07,0.8885220805874496,0.11147770034065348,7.358910498799751e-09,25,20,20
26,8969,5.856044800702175e-08,0.8849951762331546,0.11500376158761769,1.003618779882292e-06,25,20,20
26,8970,5.8607597698065294e-08,0.885443927034485,0.11455501073897509,1.0036189423069896e-06,25,20,20
26,8971,5.9301611737665855e-08,0.8561021568130558,0.14389678026099104,1.0036243416977094e-06,25,20,20
26,8972,5.9301611737665855e-08,0.8561021568130558,0.14389678026099104,1.0036243416977094e-06,25,20,20
26,8973,5.935104390723129e-08,0.8560710738231155,0.14392786320140172,1.0036244390613106e-06,25,20,20
26,8974,5.9351704465919194e-08,0.8577740912402066,0.14222484577809344,1.003629995825391e-06,25,20,20
26,8975,5.935181698981352e-08,0.9279003538754038,0.0720986043072218,9.824655575134915e-07,25,20,20
26,8976,0.0004536186542572861,0.8879436568231108,0.1116008518072695,1.8727153626337464e-06,25,20,20
26,8977,2.927298036262684e-09,0.9537851466410487,0.04621387404307841,9.76388574526513e-07,25,20,20
26,8978,2.2585246103808797e-09,0.9158794338280944,0.0841205622786372,1.6347438892323431e-09,25,20,20
26,8979,2.262070819642201e-09,0.9263086644105744,0.07369132665163067,6.675723906677103e-09,25,20,20
26,8980,2.2620670059028135e-09,0.9246441311226526,0.07535586025598973,6.359290486984198e-09,25,20,20
26,8981,2.214567847511097e-09,0.8580951054769479,0.14190488594677114,6.361713165440485e-09,25,20,20
26,8982,2.214567847511097e-09,0.8580951054769479,0.14190488594677114,6.361713165440485e-09,25,20,20
26,8983,2.214565482178756e-09,0.8323099645224126,0.16769002081538337,1.2447638363782807e-08,25,20,20
26,8984,2.2145528551860585e-09,0.8611147414062988,0.13888524424950002,1.2129648356446241e-08,25,20,20
26,8985,2.2145680138858014e-09,0.8611239536477779,0.13887603200800558,1.2129648356849598e-08,25,20,20
26,8986,1.5277962633394782e-09,0.8448075723759507,0.15519241365759823,1.2438654331580249e-08,25,20,20
26,8987,5.657451229427889e-06,0.8449802449840006,0.1550140851381235,1.2426646178651816e-08,25,20,20
26,8988,5.657365729362306e-06,0.8343312005253911,0.1656631296735009,1.2435378081532068e-08,25,20,20
26,8989,1.5680970140822262e-07,0.8749871955817526,0.12501263517363173,1.2434913858664058e-08,25,20,20
26,8990,1.5761541576568197e-07,0.8487545768971827,0.1512452357833073,2.9704094026844042e-08,25,20,20
26,8991,1.5762696433823883e-07,0.9138792400570633,0.08612057272426718,2.959170476315182e-08,25,20,20
26,8992,5.161207699049309e-06,0.8654945916104972,0.13450022266551945,2.4516283609145647e-08,25,20,20
26,8993,2.2355388559311613e-07,0.8917144159850313,0.10828534265524624,1.780583613673217e-08,25,20,20
26,8994,2.2425795392799353e-07,0.8887577373983443,0.11124202022158727,1.8122113736209143e-08,25,20,20
26,8995,2.2424611801284739e-07,0.8917374917361773,0.1082622658957765,1.812192763982895e-08,25,20,20
26,8996,2.2424611807844225e-07,0.8917065673692771,0.1082931902626782,1.812192598785089e-08,25,20,20
26,8997,6.809356210234678e-08,0.9482249873882692,0.05177494355076475,9.674037639998016e-10,25,20,20
26,8998,6.809356210234678e-08,0.9482249873882692,0.05177494355076475,9.674037639998016e-10,25,20,20
26,8999,6.81048943391237e-08,0.9066325701973821,0.09336736072668966,9.71033870602875e-10,25,20,20
26,9000,1.4886931761173154e-09,0.9859399071249563,0.0140600901166099,1.2697411415515447e-09,25,20,20
26,9001,1.4886931761173154e-09,0.9859399071249563,0.0140600901166099,1.2697411415515447e-09,25,20,20
26,9002,1.4884855680606143e-09,0.9864407981990579,0.013559199042646046,1.2698107437281805e-09,25,20,20
26,9003,1.501081988708055e-09,0.9864655137937048,0.013534483122603651,1.5826100955972425e-09,25,20,20
26,9004,1.5010671343659158e-09,0.9864868458075695,0.01351315111395164,1.5774120737128638e-09,25,20,20
26,9005,1.50042244470938e-09,0.9859575397429894,0.014042456564866402,2.191721842467064e-09,25,20,20
26,9006,1.4884499236207298e-09,0.9888610545520858,0.011138942074678837,1.884785825210729e-09,25,20,20
26,9007,7.677081916964522e-10,0.9892965882917811,0.010703409364003958,1.576506955188325e-09,25,20,20
26,9008,7.677149406584657e-10,0.9905863040838144,0.00941369386973289,1.278737875279684e-09,25,20,20
26,9009,7.67725871895294e-10,0.9913690737965724,0.008630923843133274,1.5925687419787448e-09,25,20,20
26,9010,7.182858574933995e-10,0.9926863939866287,0.007313604024691578,1.2703941150051395e-09,25,20,20
26,9011,1.05575073656066e-09,0.9389840284008583,0.061015969275495394,1.2678955880981945e-09,25,20,20
26,9012,1.0559593224086259e-09,0.9564672462315145,0.04353275144767969,1.2648465567542572e-09,25,20,20
26,9013,1.0559555393310517e-09,0.9564893513240237,0.0435106466532821,9.6673865910839e-10,25,20,20
26,9014,1.0909919976911226e-09,0.9575902309978709,0.042409749914464806,1.7996672787510933e-08,25,20,20
26,9015,1.0909927351678489e-09,0.9288414174339088,0.07115856347852274,1.7996575741154788e-08,25,20,20
26,9016,1.9369889790809378e-09,0.8896604680609435,0.11033951165627671,1.834579080769009e-08,25,20,20
26,9017,1.9371835291816143e-09,0.8849774010149087,0.11502257870221122,1.8345696441741016e-08,25,20,20
26,9018,1.9939039202346037e-09,0.8296907969632802,0.17030918284162005,1.8201195105030565e-08,25,20,20
26,9019,1.14872804633468e-09,0.8667012821195195,0.1332986988797773,1.785197469943368e-08,25,20,20
26,9020,1.8316376554937028e-09,0.8654286183498613,0.13457134447528935,3.5343211357262224e-08,25,20,20
26,9021,1.8314207893535053e-09,0.8654595680838497,0.1345403947415178,3.534321132910225e-08,25,20,20
26,9022,1.8049445493107112e-09,0.9321277747379375,0.0678721879825547,3.547456293691723e-08,25,20,20
26,9023,1.8163514031121772e-09,0.9329084012526063,0.06709156145628777,3.5474754179234864e-08,25,20,20
26,9024,1.8170049876419477e-09,0.9311725533606708,0.06882740934775963,3.5474564209284634e-08,25,20,20
26,9025,1.8170049876419477e-09,0.9311725533606708,0.06882740934775963,3.5474564209284634e-08,25,20,20
26,9026,1.8172412554115579e-09,0.9311509553749915,0.0688490070167083,3.57910588409071e-08,25,20,20
26,9027,2.4566222051080438e-09,0.9181025148559735,0.08189744680734115,3.588006260930202e-08,25,20,20
26,9028,2.102861522686583e-09,0.9405849960222653,0.05941496577165271,3.61032200498533e-08,25,20,20
26,9029,0.0027303918969172965,0.879823493600635,0.11744573145994938,3.83042498398264e-07,25,20,20
26,9030,2.0701059048557027e-09,0.9193630745008962,0.0806365403810192,3.830479785176336e-07,25,20,20
26,9031,2.0702209878774963e-09,0.85732612095586,0.14267348429968216,3.9267423662784766e-07,25,20,20
26,9032,0.051682663802768494,0.7286257061057188,0.21969084609651493,7.839949962760783e-07,25,20,20
26,9033,0.03986623961129315,0.7927660110367469,0.16736772377645365,2.5575505929844766e-08,25,20,20
26,9034,0.0005206443896214135,0.8315481927049916,0.16793113764666356,2.5258723161286216e-08,25,20,20
26,9035,0.0005206443896214089,0.8315487261559774,0.16793060419577396,2.525862732118708e-08,25,20,20
26,9036,0.0005206443900336978,0.858579848838244,0.14089948791546875,1.885625356123874e-08,25,20,20
26,9037,0.0005206446524751815,0.8159631697666383,0.18351615716657638,2.8414308940895746e-08,25,20,20
26,9038,0.0331812325975562,0.8142505529302646,0.1525016271961466,6.658727603213169e-05,25,20,20
26,9039,0.03318123259754065,0.814851056596637,0.1519011413105726,6.656949524931175e-05,25,20,20
26,9040,0.03318123260939751,0.8673998896973124,0.0993523083050359,6.656938825418696e-05,25,20,20
26,9041,0.00011861458306570692,0.8479483269873951,0.15193305740453555,1.0250037609547818e-09,25,20,20
26,9042,0.00011861368519376753,0.8748009342011431,0.12508045107974794,1.0339152580800367e-09,25,20,20
26,9043,7.012127599628693e-10,0.8747844336631432,0.12046652035698507,0.0047490452786587865,25,20,20
26,9044,5.884244348236685e-07,0.7693220516724356,0.22592455150800383,0.00475280839512426,25,20,20
26,9045,0.033243661366777616,0.7702851639025851,0.19172097985862493,0.004750194872011097,25,20,20
26,9046,0.03324366134782016,0.8499666520576361,0.11678853615795466,1.1504365894471772e-06,25,20,20
26,9047,0.03324366134762901,0.8483101787516351,0.11844500916627233,1.1507344639412065e-06,25,20,20
26,9048,0.03324366172725615,0.8871763568807244,0.07957882823688653,1.153155132895838e-06,25,20,20
26,9049,0.03324366214991406,0.8729871457911037,0.09376790261838716,1.2894405955106942e-06,25,20,20
26,9050,0.0818977305149905,0.7942105771804263,0.12388978347897303,1.908825610430715e-06,25,20,20
26,9051,0.07323492430338273,0.8454133490106511,0.0813505687484133,1.1579375530537196e-06,25,20,20
26,9052,4.4707459376868043e-10,0.8937128061089501,0.10628718529362688,8.150348520406113e-09,25,20,20
26,9053,6.566624180822265e-11,0.9032387865036281,0.09676091895561488,2.944750909761796e-07,25,20,20
26,9054,6.566630495645602e-11,0.9032071665059185,0.09679253895332439,2.944750909748264e-07,25,20,20
26,9055,2.138638998457535e-05,0.8637165587279988,0.13626176008659205,2.9479542497062923e-07,25,20,20
26,9056,6.52340517758179e-11,0.9324275088154588,0.06757248509695205,6.022355120239038e-09,25,20,20
26,9057,6.545619472351215e-11,0.95822951175364,0.041770482165479815,6.0154242789779716e-09,25,20,20
26,9058,6.544091200327735e-11,0.9582520852777222,0.04174790864131511,6.015521770689194e-09,25,20,20
26,9059,1.602795384665474e-11,0.9323893802050649,0.0676106188337392,9.45168051613244e-10,25,20,20
26,9060,1.5374884403477858e-11,0.9337955970770144,0.06620438411269391,1.8794916561753548e-08,25,20,20
26,9061,1.5378262378354662e-11,0.9320780653244942,0.06792191585998672,1.880014071461953e-08,25,20,20
26,9062,7.033080690617872e-11,0.9314970058338895,0.06850297580871695,1.8287062688638223e-08,25,20,20
26,9063,5.166138086673997e-11,0.9318787067945302,0.06812125810462054,3.504918792655492e-08,25,20,20
26,9064,5.164247875584293e-11,0.9473257442693271,0.052674220624284646,3.505474591647095e-08,25,20,20
26,9065,5.217587379817796e-11,0.9318876498917734,0.06811231500124508,3.505480577690913e-08,25,20,20
26,9066,5.6137192561894045e-11,0.9044396239520702,0.09556034093494839,3.505684386143644e-08,25,20,20
26,9067,5.7001105205241445e-11,0.9061188438844333,0.09388112100148803,3.505707729820896e-08,25,20,20
26,9068,5.6143841417916506e-11,0.8765367387064639,0.12346322640448296,3.483290919001897e-08,25,20,20
26,9069,6.950537698606379e-11,0.8473344262708917,0.15266553882519213,3.483441049814426e-08,25,20,20
26,9070,8.607814126103653e-10,0.8236006867569526,0.17639927743344533,3.49488197218933e-08,25,20,20
26,9071,1.7669272955725726e-11,0.8661870283192487,0.13381295378499514,1.787808678810803e-08,25,20,20
26,9072,3.021727541356223e-11,0.8746374449154544,0.12536253716951218,1.7884816041565087e-08,25,20,20
26,9073,3.000980421789712e-11,0.8763621083190108,0.12363787376616148,1.7884817769336897e-08,25,20,20
26,9074,2.979052295939883e-11,0.9069457365326279,0.09305426267693903,7.606424889863341e-10,25,20,20
26,9075,3.4899158426385473e-09,0.8847351432398992,0.11526485230818567,9.619990807109128e-10,25,20,20
26,9076,2.6042910955041587e-08,0.8655060929255174,0.13449387957547607,1.456095321720022e-09,25,20,20
26,9077,2.6042368900922107e-08,0.9095351837194605,0.0904647888985226,1.3396478582125862e-09,25,20,20
26,9078,2.6029402627190483e-08,0.9353242901859906,0.06467568213933053,1.6452761709153928e-09,25,20,20
26,9079,2.602940229345201e-08,0.9353553410772261,0.06464463124819274,1.6451787531697285e-09,25,20,20
26,9080,2.8694027920174117e-08,0.934371058860147,0.06562891110252853,1.3432963952590197e-09,25,20,20
26,9081,3.146967664665271e-08,0.8849755986898405,0.11502436849153136,1.348951154301776e-09,25,20,20
26,9082,3.146946532801567e-08,0.8998563028348181,0.10014366466315802,1.0325581610106529e-09,25,20,20
26,9083,3.146949497504429e-08,0.9008973971749341,0.09910256970011959,1.6554511914335001e-09,25,20,20
26,9084,3.151607520684153e-08,0.9385385024378866,0.06146144689924578,1.9146792623013653e-08,25,20,20
26,9085,3.151607888605891e-08,0.9402248152374025,0.059775134099722134,1.9146796736233518e-08,25,20,20
26,9086,3.151627143579126e-08,0.9385377780479951,0.06146217099115913,1.9444574335806976e-08,25,20,20
26,9087,3.151627143579126e-08,0.9385377780479951,0.06146217099115913,1.9444574335806976e-08,25,20,20
26,9088,2.8908286843604295e-08,0.9392052706853639,0.0607946639945074,3.64118419388798e-08,25,20,20
26,9089,2.847500932123875e-08,0.954653970783172,0.045345981797917496,1.89439010275313e-08,25,20,20
26,9090,2.8462047482815952e-08,0.9253074592890609,0.07469249329970143,1.8949189982074385e-08,25,20,20
26,9091,2.846205663267519e-08,0.9269847642259619,0.0730151886604735,1.865150804438395e-08,25,20,20
26,9092,2.846184004663544e-08,0.9269942403544965,0.07300571253771146,1.8645952042525383e-08,25,20,20
26,9093,2.8462026211250026e-08,0.9251874959890803,0.07481245690286965,1.8646023869255976e-08,25,20,20
26,9094,5.487953306778277e-09,0.914798833861292,0.0852011424926471,1.815810747951952e-08,25,20,20
26,9095,5.4870950033563625e-09,0.899422745860183,0.1005772304112,1.8241521010172123e-08,25,20,20
26,9096,5.4870490177042414e-09,0.9269367732765406,0.07306320308395099,1.8152459289750986e-08,25,20,20
26,9097,5.487045584334e-09,0.9298781074792544,0.07012186888114295,1.8152556808125926e-08,25,20,20
26,9098,6.119836732260978e-09,0.9294156973349417,0.07058427838767595,1.8157545420381982e-08,25,20,20
26,9099,7.2140854771636676e-09,0.8609829724898752,0.13901699513120475,2.516483378450513e-08,25,20,20
26,9100,0.0027056115050019523,0.863961911180961,0.1333323585732372,1.1874079966245203e-07,25,20,20
26,9101,0.0027056104107531583,0.9324473439232104,0.06484693393252129,1.1173351463042232e-07,25,20,20
26,9102,6.128191744673577e-09,0.957120149164834,0.04287982654366469,1.8163309093329483e-08,25,20,20
26,9103,6.080357040483211e-09,0.9328085552932719,0.0671914379545166,6.718534718584613e-10,25,20,20
26,9104,2.525869672060187e-07,0.9014475236365301,0.09855217814011771,4.563638430715228e-08,25,20,20
26,9105,6.099240880602433e-09,0.9403631885564959,0.05963680467131833,6.729442033787674e-10,25,20,20
26,9106,6.891485251838747e-09,0.9115965582768016,0.08840342908598975,5.7457227228723305e-09,25,20,20
26,9107,6.092081297317015e-09,0.9682772193319316,0.03172277391396782,6.620187945484936e-10,25,20,20
26,9108,3.4158508493575576e-09,0.9739144096330835,0.026085585988404922,9.626601474829439e-10,25,20,20
26,9109,3.4158631320176034e-09,0.9741418060205027,0.02585818989730564,6.663280310533424e-10,25,20,20
26,9110,3.408403669657165e-09,0.9893847313834013,0.010615264225347594,9.828468614040548e-10,25,20,20
26,9111,3.4092694859752015e-09,0.9887995399307357,0.011200455365283864,1.2947105616318228e-09,25,20,20
26,9112,8.868667443671935e-08,0.970049207872805,0.029950692877878708,1.0562641428289299e-08,25,20,20
26,9113,8.868667443671935e-08,0.970049207872805,0.029950692877878708,1.0562641428289299e-08,25,20,20
26,9114,2.7639480981929917e-09,0.9916616938330672,0.008338285156975916,1.8246008400355753e-08,25,20,20
26,9115,2.763922051429823e-09,0.9904619524222202,0.00953802657735558,1.8236501793720908e-08,25,20,20
26,9116,1.3232544166024434e-11,0.9637504937750697,0.03624948756517396,1.864652346661616e-08,25,20,20
26,9117,1.3898860935722355e-12,0.9642840264858205,0.035715955485928375,1.802686102484882e-08,25,20,20
26,9118,4.873821606622471e-11,0.9637967119752316,0.03620325266775999,3.530826992767969e-08,25,20,20
26,9119,6.628056877142556e-11,0.9379729585180294,0.06202700610741892,3.5308270484997805e-08,25,20,20
26,9120,1.795517402449658e-09,0.9483025840932349,0.051697378909730404,3.520151663617801e-08,25,20,20
26,9121,6.627580597391921e-11,0.9638418123431385,0.03615815270561571,3.488496963818862e-08,25,20,20
26,9122,6.627626847354523e-11,0.9638199100054926,0.03618005504326262,3.4884967987149115e-08,25,20,20
26,9123,6.7115388506825e-11,0.9624165060166244,0.03758345871936336,3.519689638074695e-08,25,20,20
26,9124,5.061078392002136e-11,0.9624744098838611,0.0375255547506453,3.531488231004492e-08,25,20,20
26,9125,5.06158904827456e-11,0.9349530521908974,0.0650469073670869,4.039139913973402e-08,25,20,20
26,9126,5.061991660899643e-11,0.936725087964826,0.06327487159315195,4.039140186369163e-08,25,20,20
26,9127,2.4880506949506145e-10,0.9037548208154407,0.09624484988841576,3.2904733829544544e-07,25,20,20
26,9128,2.4509182426468844e-10,0.9325160649030866,0.06748389456434886,4.0287472836647443e-08,25,20,20
26,9129,1.55764797991857e-09,0.9045768075924353,0.09542315007052561,4.0779390747670175e-08,25,20,20
26,9130,1.5576581034955035e-09,0.9333140872942374,0.06668587544522747,3.570287688397082e-08,25,20,20
26,9131,1.5576581034955035e-09,0.9333140872942374,0.06668587544522747,3.570287688397082e-08,25,20,20
26,9132,1.6070648677250643e-09,0.9756907277271645,0.02430925193434622,1.8731424415094822e-08,25,20,20
26,9133,4.273686513439478e-09,0.9358396837677339,0.06416029353975192,1.8418827628783952e-08,25,20,20
26,9134,4.2615006604360465e-09,0.9363944040280916,0.06360557298055852,1.872984916821425e-08,25,20,20
26,9135,6.993237841564587e-09,0.8958509389249251,0.10414903566015445,1.8421681865802855e-08,25,20,20
26,9136,5.515542232130813e-09,0.9265971756576806,0.07340279392283197,2.4903944782007304e-08,25,20,20
26,9137,1.7640641249597496e-07,0.8901123211754808,0.10988749446976387,7.948342760116962e-09,25,20,20
26,9138,5.474786105628913e-09,0.9105672642136017,0.08940532032044053,2.740999117134292e-05,25,20,20
26,9139,5.474801270993917e-09,0.9118046675958152,0.08816791694350275,2.740998588049782e-05,25,20,20
26,9140,5.4738788801871104e-09,0.8969844493319117,0.10298813502482991,2.7410169379186353e-05,25,20,20
26,9141,5.5216760141513016e-09,0.9099180092325136,0.090054557774078,2.742747173217912e-05,25,20,20
26,9142,1.1284400721837292e-06,0.9295121293620007,0.07048621883608817,5.23361838358029e-07,25,20,20
26,9143,5.5105917889286344e-09,0.9490916851770514,0.05090829054126513,1.877109109128374e-08,25,20,20
26,9144,5.498457351350842e-09,0.9499639560409833,0.050036019689658595,1.877090024390345e-08,25,20,20
26,9145,5.498453607867753e-09,0.9499748022092785,0.0500251738379601,1.8454307240976777e-08,25,20,20
26,9146,5.499072975284368e-09,0.9505543959615039,0.049445580090493726,1.8448928934327493e-08,25,20,20
26,9147,5.499298389582957e-09,0.9902675683425786,0.009732407703678262,1.8454444537122525e-08,25,20,20
26,9148,5.497977856220915e-09,0.965719217595368,0.03428077593647007,9.701836168871341e-10,25,20,20
26,9149,5.4982153098647846e-09,0.9641423996689764,0.03585759386243486,9.703730587733956e-10,25,20,20
26,9150,5.451969196016081e-09,0.9624402021240418,0.037559791453520563,9.70468072846328e-10,25,20,20
26,9151,5.451969196016081e-09,0.9624402021240418,0.037559791453520563,9.70468072846328e-10,25,20,20
26,9152,5.499065243361167e-09,0.9594557340977528,0.04054425913511711,1.2680643959467172e-09,25,20,20
26,9153,5.5105762687255545e-09,0.9190128642028867,0.08092206711757939,6.506316895716207e-05,25,20,20
26,9154,4.3933371839023e-08,0.9460065759397496,0.05392831674945349,6.506337742469432e-05,25,20,20
26,9155,1.922621830713264e-07,0.985050228806567,0.014948627504551715,9.514266980168838e-07,25,20,20
26,9156,4.38727806490961e-08,0.9693477164218198,0.030652237965623563,1.7397755854666885e-09,25,20,20
26,9157,4.3873172732711776e-08,0.9874414818289726,0.01255847272641209,1.5714422861612144e-09,25,20,20
26,9158,5.498817432967091e-09,0.9879822731062267,0.012017719819586024,1.5753696940785993e-09,25,20,20
26,9159,5.498817766776086e-09,0.9879597136231217,0.01204027930268721,1.5753730550320239e-09,25,20,20
26,9160,5.4494008606065855e-09,0.988043796147261,0.011956197144295173,1.2590427603213714e-09,25,20,20
26,9161,5.4493947813560734e-09,0.9876614567717839,0.012338536830807052,9.480142262236617e-10,25,20,20
26,9162,8.975742082094439e-09,0.9295780160792593,0.07042197368152472,1.263473551873864e-09,25,20,20
26,9163,8.97574208437022e-09,0.9295679230456403,0.07043206671514357,1.2634735809330573e-09,25,20,20
26,9164,8.97574208437022e-09,0.9295679230456403,0.07043206671514357,1.2634735809330573e-09,25,20,20
26,9165,8.981547973687987e-09,0.9241863406908797,0.07581364906387072,1.2637011769628008e-09,25,20,20
26,9166,8.29012164384704e-09,0.9622472655773415,0.03775272487749347,1.2550432315603666e-09,25,20,20
26,9167,8.290121447931456e-09,0.9622240658230407,0.03777592463169874,1.255138968505529e-09,25,20,20
26,9168,8.290323539331478e-09,0.9609543422806587,0.03904564785735676,1.5716609691698685e-09,25,20,20
26,9169,5.557194717888892e-09,0.9298700763389818,0.07012991652665447,1.5771688582122453e-09,25,20,20
26,9170,5.557194717888892e-09,0.9298700763389818,0.07012991652665447,1.5771688582122453e-09,25,20,20
26,9171,5.556414748127229e-09,0.905238707446887,0.09476092176321922,3.6523347895400777e-07,25,20,20
26,9172,5.556414748127229e-09,0.905238707446887,0.09476092176321922,3.6523347895400777e-07,25,20,20
26,9173,5.5564033299657226e-09,0.9052077403165775,0.09479188857701461,3.65550004026277e-07,25,20,20
26,9174,5.5564033299657226e-09,0.9052077403165775,0.09479188857701461,3.65550004026277e-07,25,20,20
26,9175,5.557285640363863e-09,0.9057620391531885,0.09423758973396758,3.65555557953262e-07,25,20,20
26,9176,0.0001222294316244121,0.8818705484125137,0.11800685629850893,3.658573525855423e-07,25,20,20
26,9177,5.558946733576434e-09,0.9316152761638637,0.06838471668698869,1.5902003538135471e-09,25,20,20
26,9178,5.545992665017235e-09,0.9428305198127673,0.05716947295152082,1.6897188866259115e-09,25,20,20
26,9179,5.593006349152494e-09,0.9696907774138239,0.030309215387127025,1.6060423713066275e-09,25,20,20
26,9180,5.592787215456268e-09,0.9701735795077624,0.02982641329872938,1.6007207524459787e-09,25,20,20
26,9181,5.592787215456268e-09,0.9701735795077624,0.02982641329872938,1.6007207524459787e-09,25,20,20
26,9182,5.592780528777253e-09,0.9694513295645298,0.030548663247471325,1.5952182222247047e-09,25,20,20
26,9183,5.604403322689515e-09,0.9829110238958632,0.01708896890802297,1.5917104246131138e-09,25,20,20
26,9184,5.616238961953545e-09,0.9811699757551784,0.018830017036780416,1.5918020472647404e-09,25,20,20
26,9185,5.652948496638413e-09,0.9819925091760626,0.018007483889612583,1.2813760218474215e-09,25,20,20
26,9186,5.652948814595898e-09,0.9802861420996272,0.019713850966050283,1.2813735140437268e-09,25,20,20
26,9187,5.60523163184902e-09,0.9810085854440562,0.01899139049023708,1.8460474975995226e-08,25,20,20
26,9188,5.605227824766789e-09,0.9810619572513359,0.018938018999487983,1.814394825274393e-08,25,20,20
26,9189,5.604191753453048e-09,0.9519075745924183,0.04809241885325668,9.501329243697248e-10,25,20,20
26,9190,2.9994088614319828e-09,0.9506341576768975,0.04936583835755763,9.66135628751075e-10,25,20,20
26,9191,2.999201135919281e-09,0.9530085809424196,0.046991415092237615,9.661413631598767e-10,25,20,20
26,9192,2.878312295589875e-09,0.9353822076663068,0.06461777152103487,1.7934345609949e-08,25,20,20
26,9193,2.8783084604366963e-09,0.9370782589804187,0.06292172021215087,1.792912140419759e-08,25,20,20
26,9194,2.8674407415219108e-09,0.9575526980236887,0.042447281174283986,1.7934586164283157e-08,25,20,20
26,9195,1.2335788360034824e-06,0.9389799549139487,0.061018793095885454,1.8411329287749468e-08,25,20,20
26,9196,1.2342641163037772e-06,0.9376410874797192,0.06235667656649377,1.0016896703208377e-06,25,20,20
26,9197,1.2361993807621558e-06,0.9497427733249967,0.050255971562624374,1.891299784326978e-08,25,20,20
26,9198,1.2361673470144592e-06,0.9239248996587663,0.07607386254085,1.6330365970010878e-09,25,20,20
26,9199,1.2361675507022442e-06,0.9228160955480873,0.07718266696344246,1.3209194353983974e-09,25,20,20
26,9200,1.2361642315796436e-06,0.9492937425111916,0.05070500296986873,1.8354707852787792e-08,25,20,20
26,9201,1.238922538173398e-06,0.9114505450310937,0.08854819817854544,1.7867822635449362e-08,25,20,20
26,9202,1.2389225275910918e-06,0.9081335169604824,0.09186522624621492,1.7870774866080448e-08,25,20,20
26,9203,1.2389080070519621e-06,0.9480872040253036,0.05191153919613953,1.787054963831362e-08,25,20,20
26,9204,1.2389080221412866e-06,0.9480564407476103,0.05194230247372192,1.787064537351594e-08,25,20,20
26,9205,1.2389082621037785e-06,0.9193353367358534,0.08066340639627514,1.7959609289601423e-08,25,20,20
26,9206,1.283410007068325e-06,0.8975535442188817,0.10244515440316565,1.7967945269392124e-08,25,20,20
26,9207,1.2834091551732866e-06,0.8970981845273998,0.10290051379755226,1.8265892508033108e-08,25,20,20
26,9208,1.2834091518045393e-06,0.8988296844429335,0.10116901417979784,1.7968116677835154e-08,25,20,20
26,9209,5.010404510000111e-08,0.8915753546335462,0.10842457716256623,1.8099842014667427e-08,25,20,20
26,9210,5.3610555990819864e-08,0.8527847047653221,0.1472141963455372,1.04527858416319e-06,25,20,20
26,9211,5.361055607248211e-08,0.8544807433824224,0.14551815772843268,1.0452785883295907e-06,25,20,20
26,9212,5.009116725861047e-08,0.9020299187639665,0.09797001312583241,1.8019033380192818e-08,25,20,20
26,9213,5.009116345793551e-08,0.9020523475377472,0.09794758435761132,1.8013477715243842e-08,25,20,20
26,9214,5.009116345793551e-08,0.9020523475377472,0.09794758435761132,1.8013477715243842e-08,25,20,20
26,9215,5.984240661431031e-09,0.8640558038975282,0.13594417210769527,1.8010535066502597e-08,25,20,20
26,9216,5.971654023036656e-09,0.9040565640965724,0.09594341192689722,1.8004875716259317e-08,25,20,20
26,9217,2.8609129838374557e-09,0.9032745828185088,0.09672436655333921,1.0477672386880136e-06,25,20,20
26,9218,2.844352604635831e-09,0.972543231500037,0.02745674704430574,1.8611304722930704e-08,25,20,20
26,9219,2.8564880035088262e-09,0.9935403099736998,0.006459685596716634,1.573095789306501e-09,25,20,20
26,9220,3.9938539012333615e-11,0.9943896786710407,0.005610320339271356,9.497499850136e-10,25,20,20
26,9221,3.90785512481136e-11,0.9926617693392206,0.00733822998292173,6.387794198558694e-10,25,20,20
26,9222,2.593430027762363e-11,0.9943752921133182,0.005624707536150321,3.2459766719670523e-10,25,20,20
26,9223,2.5056539958738465e-11,0.9948022820191228,0.005197717631224227,3.2459700780045253e-10,25,20,20
26,9224,2.5056539958738465e-11,0.9948022820191228,0.005197717631224227,3.2459700780045253e-10,25,20,20
26,9225,1.5775050866787508e-09,0.9768961608345605,0.023103837265738614,3.221960280971427e-10,25,20,20
26,9226,1.5775050866787508e-09,0.9768961608345605,0.023103837265738614,3.221960280971427e-10,25,20,20
26,9227,1.5893622297786616e-09,0.9372750426307864,0.06272439763829024,5.581415612347682e-07,25,20,20
26,9228,1.5885820659895668e-09,0.9743825889487789,0.025617409140698957,3.2194036042016554e-10,25,20,20
26,9229,1.577007744704894e-09,0.9744772388129057,0.025522759287962583,3.2212424307856605e-10,25,20,20
26,9230,2.800330633460161e-11,0.9394218731424947,0.06056012817603734,1.7998653464675565e-05,25,20,20
26,9231,1.2697949595125033e-11,0.9958934811671177,0.004106518501116534,3.190679578800625e-10,25,20,20
26,9232,1.2926301102210729e-11,0.9971011483406119,0.0028988516345246217,1.1937455377717534e-11,25,20,20
26,9233,1.2399527564021882e-11,0.9941566694477987,0.005843330533324297,6.477800036140085e-12,25,20,20
26,9234,2.6170803732383153e-10,0.9653829842052309,0.03461665155251215,3.6398054908806145e-07,25,20,20
26,9235,2.7385718349677506e-10,0.9666274052006103,0.03337223023304723,3.642924854240326e-07,25,20,20
26,9236,2.475025940469462e-11,0.9918779131093928,0.008122086536673956,3.2918334804889045e-10,25,20,20
26,9237,2.4319734306302872e-11,0.9890922279814207,0.010907771665143229,3.2911649491480375e-10,25,20,20
26,9238,2.430450322660219e-11,0.9891150128230389,0.010884986823637706,3.29019055693191e-10,25,20,20
26,9239,2.4319244972033573e-11,0.9891152799356027,0.010884719705735268,3.3434316315290615e-10,25,20,20
26,9240,2.8542934122501163e-09,0.9907386509505872,0.009261345855030384,3.4008926055985716e-10,25,20,20
26,9241,2.8542975460985973e-09,0.9908417661020309,0.009158212853853386,1.8189818402598116e-08,25,20,20
26,9242,6.246584554527279e-08,0.9714189259889846,0.02858099305052503,1.849464464641387e-08,25,20,20
26,9243,6.246584592396897e-08,0.9726044581359077,0.027395460592367596,1.880587884983427e-08,25,20,20
26,9244,6.249589711725595e-08,0.9463461667637119,0.05365373486507084,3.5875320060901184e-08,25,20,20
26,9245,6.247835488159659e-08,0.9721694203532237,0.027830481293004854,3.587541638924662e-08,25,20,20
26,9246,4.115316436382737e-08,0.9614567223302946,0.03852849065268195,1.4745863859209587e-05,25,20,20
26,9247,4.115314887031939e-08,0.9614795009229735,0.038505712060020215,1.4745863857529126e-05,25,20,20
26,9248,4.115453408778745e-08,0.9740857574322355,0.025914183391056587,1.802217385758565e-08,25,20,20
26,9249,4.4652209340827925e-08,0.9749618933277999,0.025038043687561747,1.833242899248305e-08,25,20,20
26,9250,4.4653076506038375e-08,0.9749090823173863,0.02509085438067917,1.8648858170653546e-08,25,20,20
26,9251,4.465251019952098e-08,0.9600809207117841,0.039919015976191685,1.8659514075761585e-08,25,20,20
26,9252,4.4652297352520925e-08,0.9704909867291175,0.02950894995909664,1.865948854716157e-08,25,20,20
26,9253,4.46522968388116e-08,0.969305735582411,0.030694201105710986,1.8659581340250036e-08,25,20,20
26,9254,4.4652296711633576e-08,0.9722615969249326,0.027738339773800184,1.8648970501800338e-08,25,20,20
26,9255,4.116580616726789e-08,0.9330296198560944,0.06697032046218428,1.8515914875984098e-08,25,20,20
26,9256,3.1279435069973793e-07,0.8762138220121963,0.12378584698357578,1.8209876359445392e-08,25,20,20
26,9257,7.359750146328289e-11,0.9161740386555073,0.0838259427555265,1.8515368219859103e-08,25,20,20
26,9258,6.175703375096587e-11,0.9178919173869385,0.08210806403593311,1.8515370801417837e-08,25,20,20
26,9259,8.736215018712594e-08,0.867988033774313,0.13201185071504268,2.814849383196637e-08,25,20,20
26,9260,8.735085748127055e-08,0.8681572520299388,0.13184263278246122,2.783674227378043e-08,25,20,20
26,9261,8.735085748127055e-08,0.8681572520299388,0.13184263278246122,2.783674227378043e-08,25,20,20
26,9262,2.1994748784697008e-11,0.9059002818032963,0.09409970825937047,9.915338274538264e-09,25,20,20
26,9263,2.1994748784697008e-11,0.9059002818032963,0.09409970825937047,9.915338274538264e-09,25,20,20
26,9264,2.1979851366527173e-11,0.9054860525109782,0.09451393755170337,9.915338256512822e-09,25,20,20
26,9265,2.4589320262216507e-11,0.8767643168628547,0.12323567319731374,9.9152417380191e-09,25,20,20
26,9266,2.1113612507709236e-11,0.9246188155119371,0.07538117423518081,1.0231768325497775e-08,25,20,20
26,9267,2.1128111023519234e-11,0.9233881756077151,0.07661181413939133,1.0231765294639378e-08,25,20,20
26,9268,1.4109472285145031e-11,0.9387077919227935,0.0612922074115062,6.515907365133858e-10,25,20,20
26,9269,6.205744609811161e-11,0.9375325532396218,0.062467446363256365,3.350643567667835e-10,25,20,20
26,9270,6.316193773418317e-11,0.8876127073998417,0.11238729219708216,3.399138221379763e-10,25,20,20
26,9271,2.7944542838345418e-09,0.9051037736078635,0.0948962232524344,3.452474701873747e-10,25,20,20
26,9272,3.586120811793393e-09,0.8762961309334518,0.12370386504615201,4.34274881889469e-10,25,20,20
26,9273,2.7946640824566767e-09,0.9180045064402251,0.08199549011097405,6.541359967743248e-10,25,20,20
26,9274,2.7952150346113745e-09,0.939248203114515,0.06075179327052534,8.19744000604099e-10,25,20,20
26,9275,0.00011799980063647989,0.9645459048733762,0.03533516460303916,9.307229481813069e-07,25,20,20
26,9276,0.00011799979979328945,0.9649498143073718,0.03493125516988572,9.307229491382398e-07,25,20,20
26,9277,0.00011799980063466098,0.9636810563784987,0.03620001279078541,9.310300812890964e-07,25,20,20
26,9278,0.00011799980063466098,0.9636810563784987,0.03620001279078541,9.310300812890964e-07,25,20,20
26,9279,0.0001179998606092695,0.9241373687854325,0.07574369996343379,9.313905241101852e-07,25,20,20
26,9280,3.0468186891054432e-09,0.9177067444033109,0.08229325190189436,6.479755526839199e-10,25,20,20
26,9281,3.0468244180729408e-09,0.9324117823916802,0.0675882139136513,6.478438309110534e-10,25,20,20
26,9282,2.8741185778150436e-09,0.9217578060003986,0.0782421907774001,3.480823456116486e-10,25,20,20
26,9283,2.8090121172830123e-09,0.963375866263367,0.03662413058819301,3.394277837714844e-10,25,20,20
26,9284,2.8076454202840073e-09,0.937100666546463,0.0628993299955738,6.503176976509733e-10,25,20,20
26,9285,2.796332996110702e-09,0.8946659737898011,0.10533402256901957,8.448464996676924e-10,25,20,20
26,9286,2.860096513102619e-09,0.8692515034987764,0.13074846493634568,2.870478129210246e-08,25,20,20
26,9287,2.8598833805565482e-09,0.8703532168363897,0.12964675159902392,2.8704702776006534e-08,25,20,20
26,9288,2.810709048267788e-09,0.8823641558126777,0.11763581286140198,2.851521112530764e-08,25,20,20
26,9289,2.810076057280813e-09,0.8812804540423622,0.11871951463763235,2.8509929255817995e-08,25,20,20
26,9290,2.8402575047330546e-09,0.9007807923778117,0.09921917626935148,2.8512579193170327e-08,25,20,20
26,9291,2.8402575047330546e-09,0.9007807923778117,0.09921917626935148,2.8512579193170327e-08,25,20,20
26,9292,2.8402575047330546e-09,0.9007807923778117,0.09921917626935148,2.8512579193170327e-08,25,20,20
26,9293,2.840252703684934e-09,0.9278845826183428,0.0721153860287342,2.8512670426098534e-08,25,20,20
26,9294,2.834616177734497e-09,0.9477681173126824,0.052231851342597946,2.8510103570843536e-08,25,20,20
26,9295,5.717348864083115e-08,0.9077999936609048,0.09219992064798543,2.8517620910134657e-08,25,20,20
26,9296,5.717348825690983e-08,0.9089300869463871,0.09106982735712517,2.852299927079675e-08,25,20,20
26,9297,5.717348825690983e-08,0.9089300869463871,0.09106982735712517,2.852299927079675e-08,25,20,20
26,9298,5.7173300868179384e-08,0.8950873764012486,0.10491253789393362,2.853151673337415e-08,25,20,20
26,9299,6.295521566513614e-09,0.8577114336584382,0.14228853116040394,2.888563641993273e-08,25,20,20
26,9300,2.533643064438694e-07,0.8319379493810799,0.1680617687818379,2.847277426691876e-08,25,20,20
26,9301,1.344132627025055e-05,0.7959845495664198,0.2040019806340598,2.847324814177729e-08,25,20,20
26,9302,1.3241994759932364e-05,0.7962633825729074,0.20365757978045843,6.579565187210797e-05,25,20,20
26,9303,8.988222066777022e-09,0.8552819234059531,0.14471708378696418,9.8381886046561e-07,25,20,20
26,9304,8.98776228213886e-09,0.8805976986313836,0.11940130856193097,9.83818923149988e-07,25,20,20
26,9305,2.9934715549323035e-09,0.9212219937797799,0.07877701977272276,9.834540257481687e-07,25,20,20
26,9306,2.795404000605735e-09,0.9499888048293442,0.050010208921247426,9.83454004173817e-07,25,20,20
26,9307,2.7962682806986567e-09,0.9517143097413557,0.04828568699428442,4.680913640573745e-10,25,20,20
26,9308,2.804005008609227e-09,0.930161857616049,0.06983304722227845,5.092357667092889e-06,25,20,20
26,9309,2.803138022647802e-09,0.9301767829008237,0.06981812225479823,5.0920412395183925e-06,25,20,20
26,9310,2.803138285665469e-09,0.9306569172297549,0.06933798792048006,5.0920466262758135e-06,25,20,20
26,9311,2.803138409665575e-09,0.9300282800651162,0.06996662509059288,5.09204115214797e-06,25,20,20
26,9312,2.8388976383597687e-09,0.9294058473822243,0.07058905774310087,5.0920357767703204e-06,25,20,20
26,9313,2.823176061729152e-09,0.9547222954200462,0.04527259222950542,5.109527271951014e-06,25,20,20
26,9314,2.478716421534668e-06,0.9387474217228529,0.0612500771807142,2.2380010970523832e-08,25,20,20
26,9315,2.827501869630637e-09,0.9691501538229969,0.030849825854413503,1.749508753012998e-08,25,20,20
26,9316,2.8275590667045653e-09,0.9404127083202074,0.05958727135568048,1.749655250182002e-08,25,20,20
26,9317,2.8277303254394283e-09,0.9691759571587621,0.03082402251860951,1.7494897639844777e-08,25,20,20
26,9318,6.810507126234985e-11,0.9546019325636719,0.045398049870198756,1.7498023750871636e-08,25,20,20
26,9319,1.1423738089177783e-10,0.9677257705895624,0.032274194766239925,3.452996012943019e-08,25,20,20
26,9320,1.1506413382570168e-10,0.9406698764491113,0.05933008879344222,3.4642382179489196e-08,25,20,20
26,9321,1.1506413382570168e-10,0.9406698764491113,0.05933008879344222,3.4642382179489196e-08,25,20,20
26,9322,1.1506413382570168e-10,0.9406698764491113,0.05933008879344222,3.4642382179489196e-08,25,20,20
26,9323,1.0270263900288038e-10,0.9394736301492524,0.06052633510027751,3.4647767156400136e-08,25,20,20
26,9324,1.0270239929907092e-10,0.9365255392655948,0.063474425984036,3.464766665793143e-08,25,20,20
26,9325,5.6042758151191016e-11,0.9382977944022817,0.061702187929262235,1.761241325766443e-08,25,20,20
26,9326,5.60439129233595e-11,0.909538495040508,0.09046148729100743,1.7612440618625236e-08,25,20,20
26,9327,9.845083272813978e-11,0.9317010511562838,0.06829891363829542,3.510696974561409e-08,25,20,20
26,9328,9.856740205636392e-11,0.9191439289776758,0.08085603575678085,3.516697582443174e-08,25,20,20
26,9329,5.063774770608631e-11,0.9469306297518771,0.05306935251639131,1.7681093656211417e-08,25,20,20
26,9330,5.053545709565181e-11,0.9864972129563726,0.013502769484236064,1.7508855810417978e-08,25,20,20
26,9331,5.053515588700222e-11,0.9894223819909159,0.010577600455075655,1.7503473269008333e-08,25,20,20
26,9332,5.055032372388913e-11,0.9894219982147301,0.010577984231150346,1.7503569108180878e-08,25,20,20
26,9333,5.0548787459133824e-11,0.949400829444251,0.05059915282939111,1.7675808726474573e-08,25,20,20
26,9334,4.529458607849233e-09,0.9106956270883794,0.08930435069752585,1.7684635300698323e-08,25,20,20
26,9335,4.529455208658026e-09,0.9106953394447491,0.08930463834125207,1.7684542955557186e-08,25,20,20
26,9336,1.7728960051355857e-12,0.9514863338664261,0.04851366531765937,8.141411250224761e-10,25,20,20
26,9337,1.7725868116630952e-12,0.9227340209137129,0.0772659782649829,8.195309104772168e-10,25,20,20
26,9338,9.427477721682426e-13,0.9256617823813703,0.07433821679814902,8.195372695100119e-10,25,20,20
26,9339,1.8030224759499747e-12,0.9248481066630642,0.0751518928234362,5.116959331153292e-10,25,20,20
26,9340,8.404458554409425e-07,0.8995707673346354,0.10042839170420505,5.153033060553725e-10,25,20,20
26,9341,8.404458701258571e-07,0.8983543094593172,0.10164484957951142,5.153003097867666e-10,25,20,20
26,9342,8.404459879542819e-07,0.8829468285461857,0.11705233048911415,5.187114235963887e-10,25,20,20
26,9343,4.943819306896534e-06,0.8362803194288783,0.16371473609180667,6.600067853920631e-10,25,20,20
26,9344,4.943818446919728e-06,0.8626824032955485,0.137312652231374,6.546296377965619e-10,25,20,20
26,9345,4.943848822458252e-06,0.8489587276756536,0.15103632782274126,6.52781752548763e-10,25,20,20
26,9346,4.943722387299822e-06,0.9175815023782483,0.0824135531170663,7.822976283397624e-10,25,20,20
26,9347,4.947266988666495e-06,0.8776428730418204,0.12235217890841245,7.827779935087278e-10,25,20,20
26,9348,4.104276356837071e-06,0.9440633238051488,0.055932571132413456,7.860801026443841e-10,25,20,20
26,9349,4.10427635303462e-06,0.9440948314798903,0.05590106377410359,4.696525004345022e-10,25,20,20
26,9350,4.923220168228132e-11,0.9628132162438361,0.037186765441857915,1.8265073303354628e-08,25,20,20
26,9351,4.981900915705822e-11,0.9902897303109215,0.009710251463329848,1.8175929136216554e-08,25,20,20
26,9352,5.069072838603652e-11,0.9723886181106419,0.027611363664916726,1.8173750121583888e-08,25,20,20
26,9353,5.068351655830406e-11,0.9735643998783869,0.026435581897271906,1.8173657252141563e-08,25,20,20
26,9354,5.0698684350691324e-11,0.9735854938032327,0.026414487972411055,1.817365730359577e-08,25,20,20
26,9355,2.2310162689155523e-08,0.9368957108715802,0.06310424812036436,1.869789211565289e-08,25,20,20
26,9356,2.2310162428820668e-08,0.9372896369389464,0.0627103220474426,1.870344782809406e-08,25,20,20
26,9357,5.096389760161877e-11,0.9547442804903902,0.04525570093036183,1.8528283328759602e-08,25,20,20
26,9358,5.092844258583752e-11,0.9956389352355711,0.0043610468403760105,1.787312412248973e-08,25,20,20
26,9359,4.75885760152697e-10,0.9775703841325951,0.02242958734798365,2.804353489509414e-08,25,20,20
26,9360,4.760961379316501e-10,0.9763532704861784,0.023646700687059426,2.8350665501122512e-08,25,20,20
26,9361,4.760846451004052e-10,0.9762921850719802,0.02370778610692099,2.8345013963125507e-08,25,20,20
26,9362,4.760846451004052e-10,0.9762921850719802,0.02370778610692099,2.8345013963125507e-08,25,20,20
26,9363,1.2555976937923712e-09,0.9353506700626595,0.06458443411098087,6.489457076109645e-05,25,20,20
26,9364,1.2559869858294932e-09,0.8957769411348483,0.10412378852379592,9.926908536869673e-05,25,20,20
26,9365,1.26757862683082e-09,0.9327919777916932,0.06714312637025784,6.489457046953347e-05,25,20,20
26,9366,1.1563686125498108e-05,0.8483307265015929,0.15151846681958497,0.00013924299269591422,25,20,20
26,9367,1.1563734075498576e-05,0.8309487316174571,0.1689004444892096,0.0001392601592560848,25,20,20
26,9368,3.603966470227794e-08,0.8122003661467551,0.18768370584380117,0.00011589196977758303,25,20,20
26,9369,3.603966470227794e-08,0.8122003661467551,0.18768370584380117,0.00011589196977758303,25,20,20
26,9370,1.3173304077251088e-09,0.8521671744061685,0.14776762339824398,6.520087825648689e-05,25,20,20
26,9371,1.2522640799569867e-10,0.9082549276602109,0.0917447474238524,3.2479070987362546e-07,25,20,20
26,9372,1.254318396740446e-10,0.9252911464316895,0.07470852865502259,3.2478785568390783e-07,25,20,20
26,9373,1.252429614788536e-10,0.9275936524333871,0.07240603992699392,3.0751437569415215e-07,25,20,20
26,9374,1.2525072948881624e-10,0.9292916658424896,0.07070802651242333,3.075198359897684e-07,25,20,20
26,9375,1.4047976063270712e-10,0.90200365603495,0.09797803797033539,1.830585423430056e-05,25,20,20
26,9376,1.4846347981849363e-10,0.8848065631799996,0.11517461792675376,1.8818744782604826e-05,25,20,20
26,9377,1.9820874338825447e-10,0.8997433355802916,0.1002378456658382,1.8818555660728e-05,25,20,20
26,9378,3.458658812478555e-09,0.835383212300828,0.16459798727282426,1.8796967688780568e-05,25,20,20
26,9379,1.0251458444686238e-05,0.8003909387242375,0.19951440291888922,8.440689842826156e-05,25,20,20
26,9380,2.9750287054172987e-09,0.8608543027265432,0.13912739947962546,1.8294818801958606e-05,25,20,20
26,9381,2.985545484123853e-09,0.8502593869178361,0.14972260441054083,1.8005686076960012e-05,25,20,20
26,9382,2.9663501104445724e-09,0.889986115189273,0.10999588316420499,1.799868017144771e-05,25,20,20
26,9383,2.9654789779242473e-09,0.8899980964642286,0.10998390189567141,1.799867462033572e-05,25,20,20
26,9384,2.9160506631118164e-09,0.8883339197721237,0.11164807863188018,1.799867994465648e-05,25,20,20
26,9385,5.500037507975201e-06,0.8740884361406819,0.12588806464082206,1.7999180987314357e-05,25,20,20
26,9386,5.497175548379337e-06,0.8853087711822535,0.11466773246121091,1.7999180986477678e-05,25,20,20
26,9387,5.5129076637348686e-06,0.8436169047698692,0.1563595830177495,1.7999304716655908e-05,25,20,20
26,9388,5.512906933710316e-06,0.7890728295564426,0.21090365183489695,1.800570172610864e-05,25,20,20
26,9389,5.2983944065718494e-11,0.8038189290277203,0.19616306533672032,1.8005582574779187e-05,25,20,20
26,9390,2.8429215893105948e-09,0.8309534235340499,0.16902856772772548,1.8005895302714647e-05,25,20,20
26,9391,2.8429215893105948e-09,0.8309534235340499,0.16902856772772548,1.8005895302714647e-05,25,20,20
26,9392,2.5179780746317583e-07,0.7718162159679031,0.22816506371230846,1.8468521979824276e-05,25,20,20
26,9393,2.5179783311961306e-07,0.7706165322515566,0.22936474712714905,1.8468823460591517e-05,25,20,20
26,9394,2.533197225501457e-07,0.7703141776081516,0.22966710024861092,1.846882351450117e-05,25,20,20
26,9395,2.5053029993578017e-07,0.79942824591653,0.20055303492070733,1.8468632462276077e-05,25,20,20
26,9396,2.5053031814392333e-07,0.7976857485700921,0.2022955149881809,1.8485911408570996e-05,25,20,20
26,9397,2.5051593793776026e-07,0.8254340035273948,0.1745652583740101,4.875826571892843e-07,25,20,20
26,9398,6.877198243472312e-08,0.8502039556428862,0.14979548849558255,4.870895487042996e-07,25,20,20
26,9399,6.87840828794061e-08,0.8510674879809244,0.1489319731143805,4.7012061202681407e-07,25,20,20
26,9400,2.827291911034578e-09,0.8536119653131827,0.14638756175507628,4.7010444894107583e-07,25,20,20
26,9401,2.827074260812401e-09,0.8519478261217622,0.14805170126860653,4.6978255685586546e-07,25,20,20
26,9402,2.0002312588983874e-09,0.917530362899313,0.08246916561395588,4.694864994395252e-07,25,20,20
26,9403,2.0012125364163088e-09,0.9420743258610352,0.057925191546020646,4.805917310517798e-07,25,20,20
26,9404,2.000594318372937e-09,0.9248668961085975,0.07513263863072699,4.6326008064794585e-07,25,20,20
26,9405,2.000594318372937e-09,0.9248668961085975,0.07513263863072699,4.6326008064794585e-07,25,20,20
26,9406,2.000590689896397e-09,0.9260747338384835,0.07392480120788114,4.629530442032342e-07,25,20,20
26,9407,4.042143490642779e-08,0.934295217836521,0.06570427848772648,4.6325431713202566e-07,25,20,20
26,9408,4.047956428979893e-08,0.8943321729243658,0.10559869234869751,6.909424737240904e-05,25,20,20
26,9409,3.9154295053837704e-08,0.9546359223248199,0.04536403740206137,1.1188236020232058e-09,25,20,20
26,9410,3.916933089456754e-08,0.9361276765375288,0.06387174111183425,5.431813059426525e-07,25,20,20
26,9411,3.916836035457492e-08,0.9540588875424251,0.045940530107974095,5.431812401088596e-07,25,20,20
26,9412,3.914228804443523e-08,0.972960197944855,0.027039762098551398,8.143053856926488e-10,25,20,20
26,9413,3.9143644694529227e-08,0.9524971031053869,0.04750285709328579,6.576823666694422e-10,25,20,20
26,9414,2.0287356892111727e-07,0.8481056666450354,0.1434838719745704,0.008410258506824813,25,20,20
26,9415,1.2418051991698648e-05,0.8481059432589579,0.14339448890942944,0.008487149779620796,25,20,20
26,9416,1.241805239240852e-05,0.8470197247048357,0.14448064840953806,0.008487208833233532,25,20,20
26,9417,1.2215905592659312e-05,0.8864020852736636,0.11350874813937524,7.695068136867566e-05,25,20,20
26,9418,1.2215914987489449e-05,0.925739608352906,0.0741712838049736,7.689192713213726e-05,25,20,20
26,9419,1.2215914132687666e-05,0.9257471356980964,0.07416375645526,7.689193251019082e-05,25,20,20
26,9420,1.2215195819411683e-05,0.9274749069259215,0.07243598625929641,7.689161896206608e-05,25,20,20
26,9421,2.708886570601688e-09,0.9903618752055248,0.009637138765038952,9.833205497239881e-07,25,20,20
26,9422,3.3034387668158552e-12,0.9921649893463909,0.007835010309872353,3.404334739757572e-10,25,20,20
26,9423,1.5318654204155546e-11,0.9921647749229188,0.007835224408092123,6.536706166123562e-10,25,20,20
26,9424,1.5314980887319036e-11,0.9950460445069319,0.004953954829472423,6.482807027838525e-10,25,20,20
26,9425,1.564343943048189e-11,0.9757051815370665,0.02429480851573044,9.931559740224448e-09,25,20,20
26,9426,1.552866820039521e-11,0.9944212539633992,0.00557874568471944,3.363528739505285e-10,25,20,20
26,9427,1.5222496142274632e-11,0.9777170138615304,0.022282985592372212,5.308750667624797e-10,25,20,20
26,9428,1.5005878181784653e-11,0.9777490344095106,0.02225096505006636,5.254175615536366e-10,25,20,20
26,9429,1.5292613138321012e-11,0.96408489059626,0.03591510886858039,5.198670036056363e-10,25,20,20
26,9430,2.4647609324204234e-08,0.9445694862598434,0.05543047701433319,1.2078213776479853e-08,25,20,20
26,9431,2.4648138782448274e-08,0.9600099522470152,0.03999001091949768,1.2185348067978627e-08,25,20,20
26,9432,2.463525406765493e-08,0.9461976685848811,0.05380229478913866,1.1990725561929426e-08,25,20,20
26,9433,2.4635254083724393e-08,0.9478935835025364,0.052106379871479286,1.1990729698554672e-08,25,20,20
26,9434,3.281217860735328e-11,0.9621779093839271,0.03782208964755015,9.357105438867414e-10,25,20,20
26,9435,7.268190700983253e-10,0.9456975409672844,0.054302457364756196,9.411396470400605e-10,25,20,20
26,9436,7.147305455279331e-10,0.891551079425805,0.10844891891300149,9.464626987320563e-10,25,20,20
26,9437,6.974522850541799e-10,0.9185473632849848,0.08145263538787738,6.296851738315818e-10,25,20,20
26,9438,6.979912826305188e-10,0.9048284388563321,0.09517155981593159,6.297450388661461e-10,25,20,20
26,9439,6.979303500489329e-10,0.9335570319191762,0.06644296675305057,6.298424999433402e-10,25,20,20
26,9440,6.979151190390946e-10,0.9335796186925911,0.06642037997974656,6.297467125854711e-10,25,20,20
26,9441,1.5085174259478293e-07,0.9567355513954167,0.043264296828950825,9.238896124397987e-10,25,20,20
26,9442,1.5153379181263935e-07,0.989119053521364,0.010880776524451286,1.842039299833403e-08,25,20,20
26,9443,1.5153378782062673e-07,0.988588403275754,0.011411426775539182,1.8414918799174415e-08,25,20,20
26,9444,1.5085085241220623e-07,0.989830416757982,0.01016943176549525,6.256700567845325e-10,25,20,20
26,9445,1.5085085241220623e-07,0.989830416757982,0.01016943176549525,6.256700567845325e-10,25,20,20
26,9446,1.508502067228968e-07,0.9881262149310394,0.011873633593416586,6.253369774632583e-10,25,20,20
26,9447,1.508804989654741e-07,0.9729720299816941,0.02699213155279382,3.5687585012730904e-05,25,20,20
26,9448,1.5088136658594935e-07,0.9729396812276425,0.0270244803005194,3.568759047114912e-05,25,20,20
26,9449,1.5088136658594935e-07,0.9729396812276425,0.0270244803005194,3.568759047114912e-05,25,20,20
26,9450,1.50188361157672e-07,0.91922390782961,0.08074024687694413,3.569510508414045e-05,25,20,20
26,9451,1.5020071248272582e-07,0.9208791607231477,0.07908499397082484,3.56951053142754e-05,25,20,20
26,9452,4.6794269171325076e-11,0.9627810615210803,0.037183268126458204,3.5670305666918726e-05,25,20,20
26,9453,4.4966123061463415e-11,0.9375696883336704,0.06239464101233458,3.567060902848682e-05,25,20,20
26,9454,4.4966123061463415e-11,0.9375696883336704,0.06239464101233458,3.567060902848682e-05,25,20,20
26,9455,4.4751751277002453e-11,0.937985983649437,0.06197834601000902,3.567029580185978e-05,25,20,20
26,9456,4.475555047116371e-11,0.9379234224162691,0.06204090724317303,3.567029580185712e-05,25,20,20
26,9457,1.4832559837254147e-11,0.9284326664160271,0.0715673321289325,1.440207258209101e-09,25,20,20
26,9458,0.000592502911196022,0.8468002460093393,0.15260724927461078,1.8048536359764249e-09,25,20,20
26,9459,2.8197347784813485e-11,0.8669511793912413,0.13295185160615453,9.696897440657257e-05,25,20,20
26,9460,2.8197347784813485e-11,0.8669511793912413,0.13295185160615453,9.696897440657257e-05,25,20,20
26,9461,0.003526654814093499,0.8299890467102944,0.16599210412520438,0.0004921943504075839,25,20,20
26,9462,1.1206460766534724e-10,0.9314383038765878,0.06846567848248261,9.601752886451018e-05,25,20,20
26,9463,6.29310822847366e-11,0.9708636310928296,0.029136368493935236,3.503043216887012e-10,25,20,20
26,9464,6.333415703027461e-11,0.9895874682516467,0.010412531334439163,3.5058028408943185e-10,25,20,20
26,9465,6.246097359081282e-11,0.987235592434258,0.012764407474770437,2.8510899544359712e-11,25,20,20
26,9466,6.250479508810089e-11,0.9889044483683744,0.011095551535145748,3.39754632737634e-11,25,20,20
26,9467,6.250864024110869e-11,0.9871697791756922,0.012830220411560846,3.502385529637291e-10,25,20,20
26,9468,6.250870583449843e-11,0.9871782961972931,0.012821703389959574,3.502385533284182e-10,25,20,20
26,9469,6.250870583449843e-11,0.9871782961972931,0.012821703389959574,3.502385533284182e-10,25,20,20
26,9470,6.253181277979954e-11,0.9885008026492502,0.011499197259796312,2.8421653810030843e-11,25,20,20
26,9471,1.1170701986204662e-10,0.98937593495724,0.010624064902356846,2.8696132344942947e-11,25,20,20
26,9472,2.6436269534450143e-11,0.986188554576788,0.013811445362718453,3.4057071553141284e-11,25,20,20
26,9473,2.643246410308085e-11,0.9862109625289733,0.013789037416094267,2.8499725693164905e-11,25,20,20
26,9474,1.4080847001410257e-11,0.9862517051624813,0.013748294800392217,2.3045378788768337e-11,25,20,20
26,9475,1.4080847001410257e-11,0.9862517051624813,0.013748294800392217,2.3045378788768337e-11,25,20,20
26,9476,6.803728076359482e-12,0.9120824427088493,0.08791755690948032,3.748660540172938e-10,25,20,20
26,9477,4.386898220279065e-05,0.8850963274898885,0.11485945701337064,3.465145375550538e-07,25,20,20
26,9478,4.386897738915991e-05,0.9248151475413008,0.07514063696667303,3.4651463670247876e-07,25,20,20
26,9479,4.386897717517009e-05,0.9254348583938307,0.07452092611445318,3.465145407178292e-07,25,20,20
26,9480,4.386897717931417e-05,0.9254136869415538,0.07454209756662672,3.465146398702198e-07,25,20,20
26,9481,4.413057070746518e-05,0.9233947927806665,0.07656073049565275,3.461529729902428e-07,25,20,20
26,9482,4.413065245163707e-05,0.8660000438782146,0.1339554694092952,3.560600381343342e-07,25,20,20
26,9483,2.6238750527146105e-07,0.8547507299642882,0.1452489974033412,1.0244864250081989e-08,25,20,20
26,9484,7.838177291226289e-10,0.9117611695708743,0.08823882869658645,9.487203180060145e-10,25,20,20
26,9485,7.829370585519722e-10,0.9104892857035028,0.08951071257033551,9.432234882682647e-10,25,20,20
26,9486,7.82604713112786e-10,0.9481227222805841,0.051877275993832545,9.429783655433864e-10,25,20,20
26,9487,7.01138557560661e-10,0.9881113747400094,0.01188862361593499,9.429169726612543e-10,25,20,20
26,9488,7.016665575972231e-10,0.9743924082742673,0.025607590384480888,6.395852489120227e-10,25,20,20
26,9489,7.009196766745759e-10,0.9883226092283438,0.011677389130032965,9.4070356754946e-10,25,20,20
26,9490,2.6103081093207184e-11,0.9587993006296743,0.04120069839039763,9.538250642772795e-10,25,20,20
26,9491,2.2411062600484454e-10,0.9295592793501329,0.07044043070136015,2.8972439593419913e-07,25,20,20
26,9492,4.699020666552118e-08,0.916250105136,0.08374984690269677,9.710962170521349e-10,25,20,20
26,9493,2.811366154181928e-10,0.9016900054300531,0.09829199010456847,1.8004184241854116e-05,25,20,20
26,9494,2.3318542241588274e-10,0.9042418813962269,0.09574011419714984,1.8004173437856236e-05,25,20,20
26,9495,2.6265245045580923e-11,0.9129536809160341,0.08702831976960533,1.799928809530537e-05,25,20,20
26,9496,2.6265245045580923e-11,0.9129536809160341,0.08702831976960533,1.799928809530537e-05,25,20,20
26,9497,4.609979577344265e-08,0.8915406909587348,0.10844124605435175,1.801688711790997e-05,25,20,20
26,9498,1.5718018384804555e-11,0.9136676945042457,0.08631428859915237,1.8016880883808603e-05,25,20,20
26,9499,1.5718018384804555e-11,0.9136676945042457,0.08631428859915237,1.8016880883808603e-05,25,20,20
26,9500,1.652186917715898e-11,0.9607514168334359,0.039230566570599416,1.8016579442583455e-05,25,20,20
26,9501,1.458095599132328e-11,0.9710976308657381,0.028902368169573207,9.501074989632275e-10,25,20,20
26,9502,1.7774798740469154e-11,0.9443957641694412,0.05560423516600951,6.467741568614923e-10,25,20,20
26,9503,3.6221818786328583e-09,0.933724032367229,0.06627596336902745,6.415612289113407e-10,25,20,20
26,9504,3.978758478112775e-09,0.916390307906063,0.08360968746417136,6.510072680511051e-10,25,20,20
26,9505,3.978989332832045e-09,0.8767475637861517,0.1232524315831169,6.517421822461933e-10,25,20,20
26,9506,3.978130261844042e-09,0.8776048334461395,0.12239516192939201,6.463382366227296e-10,25,20,20
26,9507,3.979560327620673e-09,0.9144923933880986,0.08550760230316849,3.291726097857407e-10,25,20,20
26,9508,4.029018346935271e-09,0.9156752328221295,0.08432476281412095,3.3473124406351843e-10,25,20,20
26,9509,4.0301511783395475e-09,0.8768115730278265,0.12318842212240184,8.196201137636966e-10,25,20,20
26,9510,4.209315779635662e-08,0.9203637002745824,0.07963624034448172,1.7287777798526184e-08,25,20,20
26,9511,4.2093099066956817e-08,0.933779450996867,0.0662204893112072,1.7598826461476482e-08,25,20,20
26,9512,3.847314778256893e-08,0.9728834790411625,0.027116464875997073,1.7609692470651873e-08,25,20,20
26,9513,3.850347360081999e-08,0.9761514842547353,0.023848459632090428,1.7609700459296277e-08,25,20,20
26,9514,3.8503271787417876e-08,0.9761696876082994,0.023830256589729478,1.729869919879414e-08,25,20,20
26,9515,5.512116621005274e-06,0.9568480519587221,0.04314640153923208,3.438542447459466e-08,25,20,20
26,9516,1.889382257710156e-07,0.9735977416375744,0.026402035226016897,3.4198182991892335e-08,25,20,20
26,9517,1.5051755899891605e-07,0.9757673989005591,0.024232433648023882,1.6933858019397987e-08,25,20,20
26,9518,9.803523868093882e-11,0.9489572645944095,0.051042735273157856,3.4397058412399166e-11,25,20,20
26,9519,9.810489888724707e-11,0.948558565222107,0.051441156868587655,2.7781120013599663e-07,25,20,20
26,9520,8.59299791013699e-11,0.9479206502983178,0.052079071804646056,2.778111057540229e-07,25,20,20
26,9521,8.593724730633389e-11,0.9485087642965156,0.05149095780643961,2.7781110712878047e-07,25,20,20
26,9522,8.59299757639966e-11,0.9485172438913313,0.05148247821153541,2.778112029903019e-07,25,20,20
26,9523,8.321614995413803e-11,0.9758782214488422,0.024121778131975982,3.359657933061954e-10,25,20,20
26,9524,8.354567613488133e-11,0.9554578376829802,0.04454216190020678,3.3326709511599193e-10,25,20,20
26,9525,8.270574849879026e-11,0.9560381908762936,0.04396180871311157,3.278888463900223e-10,25,20,20
26,9526,4.768822467944315e-06,0.93802091604807,0.0619743052825552,9.846906380727112e-09,25,20,20
26,9527,4.768822467944315e-06,0.93802091604807,0.0619743052825552,9.846906380727112e-09,25,20,20
26,9528,4.771527190131945e-06,0.9392731050258094,0.06072211390179784,9.54520247319924e-09,25,20,20
26,9529,4.771527189603236e-06,0.9375771976263606,0.0624180213012511,9.545198336601254e-09,25,20,20
26,9530,4.7715518032429265e-06,0.8721647441571757,0.12783047474950707,9.541513618469993e-09,25,20,20
26,9531,4.825730573767304e-06,0.8329697317074267,0.16702506610497486,3.764570236011409e-07,25,20,20
26,9532,4.825730543049286e-06,0.8330130516845649,0.1669817461277736,3.7645711773224203e-07,25,20,20
26,9533,4.771660439204114e-06,0.8583041269669097,0.14169107113178211,3.024086879938926e-08,25,20,20
26,9534,4.7689564385762265e-06,0.8607350907597856,0.1392601100427746,3.024100082125861e-08,25,20,20
26,9535,4.768879826742308e-06,0.8996408132589095,0.1003543876287712,3.0232491989670235e-08,25,20,20
26,9536,5.030952897465556e-06,0.9137343455849154,0.08626061391109303,9.551093399130683e-09,25,20,20
26,9537,5.030952897794708e-06,0.9137036717267523,0.08629128776925601,9.551093324838722e-09,25,20,20
26,9538,5.245744213403724e-06,0.872458926328888,0.12753581837021755,9.556680411560755e-09,25,20,20
26,9539,4.98365462515095e-06,0.9101550001579308,0.08984000662015372,9.567290108905243e-09,25,20,20
26,9540,4.76886503443497e-06,0.9489251485598053,0.051070055226032446,2.7349128137370708e-08,25,20,20
26,9541,4.768865037272181e-06,0.9089378490415537,0.09105735474078752,2.7352621752892787e-08,25,20,20
26,9542,7.584040452526141e-11,0.9281881999024951,0.07181178219342467,1.782823992424664e-08,25,20,20
26,9543,7.584040452526141e-11,0.9281881999024951,0.07181178219342467,1.782823992424664e-08,25,20,20
26,9544,7.584040452526141e-11,0.9281881999024951,0.07181178219342467,1.782823992424664e-08,25,20,20
26,9545,7.474365596058895e-11,0.911181911593834,0.08881807019328238,1.8138140166812917e-08,25,20,20
26,9546,9.523426872144343e-11,0.9122787335192872,0.08772124825333748,1.8132141170650744e-08,25,20,20
26,9547,1.1196614113500692e-10,0.8882032223654985,0.11179675939055085,1.8131984743319882e-08,25,20,20
26,9548,1.1628752325509809e-10,0.8488366453476395,0.14642775728153087,0.004735597254542239,25,20,20
26,9549,1.1570877280015133e-10,0.8675585489002219,0.12770585373247934,0.004735597251589748,25,20,20
26,9550,1.1562946351416523e-10,0.85793228012936,0.13733211743649648,0.004735602318513917,25,20,20
26,9551,9.29252254404895e-11,0.9224668558250264,0.07753313867318608,5.4088621920619e-09,25,20,20
26,9552,9.076674311016713e-11,0.935689727474508,0.06430990337260421,3.6906212076067716e-07,25,20,20
26,9553,5.662951537905201e-08,0.8426524864299941,0.15734689400894467,5.629315459157145e-07,25,20,20
26,9554,5.6629713569582365e-08,0.8432250722448225,0.15677430788304536,5.632424187813728e-07,25,20,20
26,9555,5.658384270642365e-08,0.8817806588445548,0.11821927915364354,5.417959348596404e-09,25,20,20
26,9556,3.3886681119286893e-12,0.9252110181956312,0.07478897638423458,5.41674538892786e-09,25,20,20
26,9557,3.4038341771589947e-12,0.9269066461327675,0.07309334844726896,5.416559657084964e-09,25,20,20
26,9558,1.5759315446947142e-12,0.9655610575947433,0.03443893699339095,5.410289826345863e-09,25,20,20
26,9559,1.58026674485353e-12,0.9655605297483997,0.0344394648342715,5.415748499200736e-09,25,20,20
26,9560,2.5959798178504573e-12,0.992351225308078,0.007648757177579654,1.7511746281232696e-08,25,20,20
26,9561,2.596035397733477e-12,0.9923314737663712,0.007668508719286268,1.7511746263055045e-08,25,20,20
26,9562,2.409809102581812e-12,0.9906213525588191,0.009378629927025364,1.7511745595494483e-08,25,20,20
26,9563,2.2097193392027877e-12,0.993535301574289,0.006464680916880723,1.750662092161837e-08,25,20,20
26,9564,2.7001901999277024e-09,0.9930144702546579,0.006985509235544764,1.780960742809887e-08,25,20,20
26,9565,1.5830629175063563e-07,0.991935875384942,0.00806393101881993,3.528994671670721e-08,25,20,20
26,9566,2.7018841654279634e-09,0.9927746322349875,0.007225347253678211,1.7809450552733906e-08,25,20,20
26,9567,4.1329888074432495e-08,0.9534892262986548,0.04651071456191293,1.7809544326927575e-08,25,20,20
26,9568,3.863193442813188e-08,0.9566083648181367,0.04339159620487934,3.4504969168207196e-10,25,20,20
26,9569,3.895628094431312e-08,0.909624813603653,0.09037467413941411,4.733006518977548e-07,25,20,20
26,9570,3.863192080775218e-08,0.9295341540645506,0.07046580695838857,3.451399889033076e-10,25,20,20
26,9571,5.187255330685322e-11,0.9934662753338482,0.006533723973149328,6.411299854067771e-10,25,20,20
26,9572,5.1872304733058487e-11,0.9951539695713167,0.0048460297300290545,6.467819566145242e-10,25,20,20
26,9573,7.383733148081649e-10,0.95528366317271,0.04471633543701082,6.519055799039712e-10,25,20,20
26,9574,7.383476406982301e-10,0.9540893676490857,0.04591063095536982,6.571964411670311e-10,25,20,20
26,9575,7.385684771108178e-10,0.9521112506742732,0.047888730757435216,1.7829722835349827e-08,25,20,20
26,9576,7.322338814424891e-10,0.943330929065053,0.05666904272036925,2.7482343790922012e-08,25,20,20
26,9577,7.322338814424891e-10,0.943330929065053,0.05666904272036925,2.7482343790922012e-08,25,20,20
26,9578,6.849266788439935e-10,0.9752371233989224,0.02476286599677851,9.91937237766755e-09,25,20,20
26,9579,6.851522892389508e-10,0.9765376035118578,0.023462385878158947,9.924830859957115e-09,25,20,20
26,9580,6.851672259684361e-10,0.9752966930394852,0.02470329635061246,9.924735017705566e-09,25,20,20
26,9581,6.89753870449822e-10,0.9924755297388442,0.0075244689164265886,6.54975483673355e-10,25,20,20
26,9582,6.897541316881096e-10,0.9924755231094398,0.0075244755457350865,6.550712506086215e-10,25,20,20
26,9583,3.4279025980552886e-09,0.9900531403621671,0.009946837755869938,1.845406049198974e-08,25,20,20
26,9584,4.11958551422739e-09,0.9906101747494657,0.009389802360705543,1.8770243263200847e-08,25,20,20
26,9585,4.119570766144661e-09,0.990603863220647,0.009396113884056532,1.8775725767128905e-08,25,20,20
26,9586,4.120221195165745e-09,0.9906038937791913,0.009396083641290959,1.8459296482304496e-08,25,20,20
26,9587,7.07095576373411e-10,0.954136670688253,0.0457737740673354,8.955453731577696e-05,25,20,20
26,9588,7.067701639737076e-10,0.9736399586609608,0.02636002248597389,1.814629488615245e-08,25,20,20
26,9589,7.067592397322578e-10,0.9748095489207199,0.025190449717629643,6.548908708181847e-10,25,20,20
26,9590,7.74983294740895e-07,0.9449459277153615,0.05505293137549089,3.659258526640711e-07,25,20,20
26,9591,7.74983294740895e-07,0.9449459277153615,0.05505293137549089,3.659258526640711e-07,25,20,20
26,9592,8.014065220578408e-10,0.9718484463745992,0.028151534579419123,1.824457507355609e-08,25,20,20
26,9593,8.561381814910517e-10,0.9719110453059865,0.028088935122718546,1.8715156598364842e-08,25,20,20
26,9594,3.5245253344028633e-09,0.9455302534566435,0.05446972450127543,1.851755534977142e-08,25,20,20
26,9595,3.5063166105641326e-09,0.9218011084623052,0.07819886967925158,1.835212638531077e-08,25,20,20
26,9596,3.505485542850927e-09,0.9235257796202534,0.07647419852745511,1.8346805702265398e-08,25,20,20
26,9597,0.03942803261665992,0.8693518056399064,0.09122011367092497,4.807250787063958e-08,25,20,20
26,9598,0.03942803261687171,0.9083594512400377,0.052212468068130055,4.807496013079432e-08,25,20,20
26,9599,0.0394280319130128,0.9084219392492553,0.05214998107895429,4.775877718982717e-08,25,20,20
26,9600,6.898556490105401e-08,0.8815031606871999,0.11849672301032822,4.73169062190537e-08,25,20,20
26,9601,2.9250470573482505e-09,0.958533929576256,0.041466014799831516,5.26988650624606e-08,25,20,20
26,9602,2.925043412881556e-09,0.9597355441193643,0.04026440025691705,5.269867486859321e-08,25,20,20
26,9603,5.741885737159946e-09,0.9464752234084972,0.05352471782076293,5.302885340067287e-08,25,20,20
26,9604,5.7402117755727495e-09,0.9456616228236797,0.05433831841370122,5.302240650101966e-08,25,20,20
26,9605,5.740020073715857e-09,0.9852583855454351,0.014740572702637294,1.03601190759871e-06,25,20,20
26,9606,7.469037142124746e-09,0.9703480481830462,0.029651891329720823,5.301819580506313e-08,25,20,20
26,9607,7.4210991034526156e-09,0.9698282317814622,0.03017172556735727,3.523008145834484e-08,25,20,20
26,9608,1.8746549803585437e-09,0.956216226908584,0.04378373631367396,3.490308665013923e-08,25,20,20
26,9609,1.828133912804691e-09,0.9558184212952641,0.04418155895707506,1.791952664575216e-08,25,20,20
26,9610,1.8281449338401472e-09,0.9546116157518424,0.04538836449519478,1.7924817533658134e-08,25,20,20
26,9611,1.8355079729763915e-09,0.9328955014781762,0.06710447859326556,1.8093049836599464e-08,25,20,20
26,9612,1.7866391071394303e-09,0.9059766251890055,0.09402335493295459,1.8091400512641067e-08,25,20,20
26,9613,1.7859800283280223e-09,0.9347009906742634,0.06529898913741444,1.840234191905044e-08,25,20,20
26,9614,1.7903655494864202e-09,0.9088770130471872,0.09112296664778129,1.851466569296646e-08,25,20,20
26,9615,1.7903655448998022e-09,0.9088773900716912,0.09112258962327731,1.851466569296702e-08,25,20,20
26,9616,1.7430240987606867e-09,0.9106132220275679,0.08938677499352446,1.2358834085155224e-09,25,20,20
26,9617,1.7495956439000251e-09,0.8918373935326567,0.10816260347901142,1.2387361658733555e-09,25,20,20
26,9618,1.74916409754809e-09,0.8624816500469028,0.13751834687632541,1.3276074402755203e-09,25,20,20
26,9619,1.742669751571139e-09,0.8514458764161319,0.14855412068024665,1.1609513099694678e-09,25,20,20
26,9620,1.7443715169259805e-09,0.8167135558085199,0.1832847941648347,1.6482822731453165e-06,25,20,20
26,9621,1.793318905922413e-09,0.7904962884104512,0.209502061508554,1.6482876746420492e-06,25,20,20
26,9622,1.7875481702311637e-09,0.8061788775713029,0.19381852217310364,2.5984680446789692e-06,25,20,20
26,9623,1.7876371410262085e-09,0.7802515717401203,0.2197458213642955,2.6051079464571124e-06,25,20,20
26,9624,1.7876319201165117e-09,0.8060674768139735,0.19392991629044634,2.6051079475915284e-06,25,20,20
26,9625,1.788469719370005e-09,0.8067116682818122,0.19328572514370226,2.604786014926434e-06,25,20,20
26,9626,1.788469719370005e-09,0.8067116682818122,0.19328572514370226,2.604786014926434e-06,25,20,20
26,9627,1.8364135904318114e-09,0.8867961389903918,0.11320126071373043,2.5984594638128973e-06,25,20,20
26,9628,1.8660737802177047e-09,0.8866335045165568,0.11336389515457221,2.598462796767726e-06,25,20,20
26,9629,1.8660737802177047e-09,0.8866335045165568,0.11336389515457221,2.598462796767726e-06,25,20,20
26,9630,6.246849635297933e-09,0.8336050785410518,0.1663923171693028,2.598042795078662e-06,25,20,20
26,9631,4.517837180166389e-09,0.8491021020417062,0.15089529540087768,2.5980395782650893e-06,25,20,20
26,9632,4.516447567185723e-09,0.8879790285853233,0.11202001606900286,9.508292258872095e-07,25,20,20
26,9633,6.678596395173705e-09,0.9268135566277703,0.07318546800560145,9.686880314159809e-07,25,20,20
26,9634,2.9314570822599504e-09,0.9650718312686065,0.034927197112000444,9.686879355350473e-07,25,20,20
26,9635,2.9320458748735666e-09,0.9294557556741898,0.07054327271121456,9.686825489340562e-07,25,20,20
26,9636,5.524933330664485e-09,0.9251840348033169,0.07481500853546401,9.511362851764488e-07,25,20,20
26,9637,5.525800561807956e-09,0.9251309319687452,0.07486811136371277,9.511417407413105e-07,25,20,20
26,9638,5.497947538150955e-09,0.9445387983145939,0.05546022759305866,9.68594399245364e-07,25,20,20
26,9639,5.467642640370032e-09,0.978366408361455,0.021632617748128635,9.684227734847415e-07,25,20,20
26,9640,2.730733156353887e-09,0.9819055917208666,0.018093454717354275,9.508310461432201e-07,25,20,20
26,9641,2.7317959625838387e-09,0.9794075232578544,0.020591523168555156,9.508417944423406e-07,25,20,20
26,9642,2.731818407488561e-09,0.9793645018301802,0.020634544590650714,9.508473505227626e-07,25,20,20
26,9643,1.5312608384711387e-07,0.9763498259676904,0.023649069746542864,9.511596825943674e-07,25,20,20
26,9644,1.5313069420243748e-07,0.9383414169981716,0.06165747840979849,9.514613348387951e-07,25,20,20
26,9645,1.504584404539923e-07,0.9578409522993523,0.042157946083986986,9.511582200474777e-07,25,20,20
26,9646,1.531419315529065e-07,0.9295820749821216,0.07041682061626237,9.512596841180734e-07,25,20,20
26,9647,1.531419315529065e-07,0.9295820749821216,0.07041682061626237,9.512596841180734e-07,25,20,20
26,9648,1.531417213814972e-07,0.9307984381629878,0.06920045773718286,9.509581076510004e-07,25,20,20
26,9649,1.531487433452861e-07,0.8938028644070576,0.10619603117491154,9.512692874932705e-07,25,20,20
26,9650,1.532198198130559e-07,0.8509302780615633,0.14906861807854196,9.506400746633902e-07,25,20,20
26,9651,1.5321260283579038e-07,0.8909936806900862,0.10900521545190348,9.506454070857688e-07,25,20,20
26,9652,1.5321274292351568e-07,0.916816095358843,0.083182800889778,9.505386356047493e-07,25,20,20
26,9653,1.5322480878365028e-07,0.9408929436643352,0.05910595256681018,9.505440457211748e-07,25,20,20
26,9654,1.53224011251345e-07,0.9439528296034483,0.05604701680616143,3.663789219658098e-10,25,20,20
26,9655,2.8189510686517536e-09,0.948241400915885,0.051758595898613174,3.665505998817524e-10,25,20,20
26,9656,2.81873822021161e-09,0.9482316142790483,0.05176838254121708,3.60996177727576e-10,25,20,20
26,9657,3.2564518688204856e-09,0.933117231621139,0.06688276476690665,3.5550209478700196e-10,25,20,20
26,9658,3.370590955617206e-09,0.8967125240385719,0.10328747224018446,3.506527224028973e-10,25,20,20
26,9659,3.299286212787936e-09,0.936688569222673,0.06331142712192975,3.5611080169494335e-10,25,20,20
26,9660,3.2347855125882128e-09,0.9734064201648525,0.026593576244458926,3.5590322421060554e-10,25,20,20
26,9661,2.796859175002254e-09,0.9856154106061177,0.014384586235858947,3.611642615870569e-10,25,20,20
26,9662,2.785890988738681e-09,0.9873556852414775,0.012644311611463139,3.611684248349356e-10,25,20,20
26,9663,2.736975595767862e-09,0.9865747107888961,0.013425285800365085,6.737632039958557e-10,25,20,20
26,9664,2.7940765256778386e-09,0.8955489760070793,0.10445102053060255,6.682412375305833e-10,25,20,20
26,9665,2.7750752029803404e-09,0.9334922557029982,0.06650774085911725,6.62809143376339e-10,25,20,20
26,9666,2.7747473700251213e-09,0.8803859994415631,0.11961399713711718,6.46571931216902e-10,25,20,20
26,9667,2.7744901955806106e-09,0.8948737864127939,0.10512620985960221,9.531131302288252e-10,25,20,20
26,9668,1.7579490636014312e-05,0.8555178243132109,0.14445669749457202,7.898701580762305e-06,25,20,20
26,9669,2.7749306629148775e-09,0.8942790813369836,0.10572091524164813,6.464370044192101e-10,25,20,20
26,9670,2.774060143390461e-09,0.8926451478730562,0.10735484902287934,3.3000371202956723e-10,25,20,20
26,9671,2.746591562676612e-09,0.9332633069980278,0.06673668991972626,3.3565404202774547e-10,25,20,20
26,9672,2.8078072814527735e-09,0.9328367857803476,0.06716321107615356,3.3569126607046617e-10,25,20,20
26,9673,2.8080398883727826e-09,0.9464861248497681,0.05351387200100361,3.4118799453408737e-10,25,20,20
26,9674,2.7470407073180945e-09,0.9056558370871325,0.09434415982452533,3.4130100170882084e-10,25,20,20
26,9675,2.7645792147981145e-09,0.8818314070074375,0.11816858348424156,6.743741210866114e-09,25,20,20
26,9676,2.752230351772453e-09,0.8801678945143604,0.11983209598990163,6.743507078031183e-09,25,20,20
26,9677,6.04062290173889e-09,0.8618081194224374,0.13819186742108003,7.115859124520371e-09,25,20,20
26,9678,0.0015942858660575384,0.7818625500041658,0.21654315671628388,7.413491371375102e-09,25,20,20
26,9679,4.802143068943569e-06,0.7931461486655794,0.20684904179826058,7.393090094059899e-09,25,20,20
26,9680,0.00013955896649870534,0.8299062059736361,0.1699542343647648,6.95099851460239e-10,25,20,20
26,9681,2.5826235077379752e-06,0.8616022099164437,0.13839520675425002,7.057981811145732e-10,25,20,20
26,9682,1.9683300402064915e-05,0.8058177306608927,0.19416258529677094,7.41933703940273e-10,25,20,20
26,9683,2.5798902885782757e-06,0.8457459109217416,0.15425150848753294,7.004371741430607e-10,25,20,20
26,9684,2.579918935329225e-06,0.8245087352245528,0.17548868415896993,6.975413291839845e-10,25,20,20
26,9685,2.5803769362358894e-06,0.7929387139053038,0.20705869534461702,1.0373141745044276e-08,25,20,20
26,9686,2.580384173370015e-06,0.7099436427121074,0.29005376652776926,1.0375948880141511e-08,25,20,20
26,9687,1.3071115634113693e-05,0.7028888986368464,0.2970980134625751,1.6784942920314958e-08,25,20,20
26,9688,1.3071124524791112e-05,0.7662755688573484,0.23371134293332027,1.708480588428219e-08,25,20,20
26,9689,1.3074443703010757e-05,0.726287093221961,0.27369981487190326,1.7462432062415254e-08,25,20,20
26,9690,1.332697855593429e-05,0.6091714196264061,0.39081523580427285,1.759076180148233e-08,25,20,20
26,9691,1.332697855593429e-05,0.6091714196264061,0.39081523580427285,1.759076180148233e-08,25,20,20
26,9692,1.3327025633005556e-05,0.6108530056286348,0.3891336497602617,1.758546763580889e-08,25,20,20
26,9693,1.3327025633005556e-05,0.6108530056286348,0.3891336497602617,1.758546763580889e-08,25,20,20
26,9694,5.098090021327508e-06,0.6490949007033266,0.3508999834244548,1.7782196167336732e-08,25,20,20
26,9695,5.134256636743704e-06,0.6337165160243586,0.36627832055813137,2.9160872061737304e-08,25,20,20
26,9696,2.8329007034969895e-06,0.7916257773556624,0.20837134406342853,4.568020457631663e-08,25,20,20
26,9697,2.832874240333167e-06,0.8311771536592795,0.16881998498502945,2.8481450323146586e-08,25,20,20
26,9698,2.833241499257198e-06,0.8609615363368729,0.13903560653544855,2.3886179199556046e-08,25,20,20
26,9699,2.833241499257198e-06,0.8609615363368729,0.13903560653544855,2.3886179199556046e-08,25,20,20
26,9700,2.8334305411896583e-06,0.8316821746792613,0.1683149680040188,2.388617796234714e-08,25,20,20
26,9701,7.347012656036261e-05,0.7935917168551002,0.2063347891367915,2.3881547305501858e-08,25,20,20
26,9702,2.5809677381928012e-06,0.8155544947992784,0.18444290826031082,1.5972671582051985e-08,25,20,20
26,9703,3.919408880330971e-09,0.8554470918736458,0.14455288827498614,1.593195917934125e-08,25,20,20
26,9704,5.445211802503953e-09,0.8529971675972793,0.1470028002825253,2.66749837606081e-08,25,20,20
26,9705,5.306258689117935e-09,0.8938343647540085,0.10616560834227727,2.1597455453911762e-08,25,20,20
26,9706,2.486270919930741e-09,0.9028008424518085,0.09719913378634573,2.1275574773737715e-08,25,20,20
26,9707,2.486270919930741e-09,0.9028008424518085,0.09719913378634573,2.1275574773737715e-08,25,20,20
26,9708,5.609022677762469e-09,0.8406517709154165,0.1593481761361742,4.7339386637994654e-08,25,20,20
26,9709,8.778902246892046e-06,0.7957479457014662,0.20424224212986275,1.0332664228373955e-06,25,20,20
26,9710,8.778902235537019e-06,0.7957284034226114,0.204261784408823,1.0332663287579848e-06,25,20,20
26,9711,8.782867495298547e-06,0.7574838456414023,0.24250633822975107,1.0332613499935936e-06,25,20,20
26,9712,5.005330373121696e-08,0.8360891584008247,0.1639107435343308,4.801154058114308e-08,25,20,20
26,9713,1.8937701706584367e-08,0.7721240185875766,0.22787585979565822,1.0267906221578055e-07,25,20,20
26,9714,1.8937701706584367e-08,0.7721240185875766,0.22787585979565822,1.0267906221578055e-07,25,20,20
26,9715,1.1301407148694804e-10,0.9154489950461643,0.08455099424224788,1.0598573926154693e-08,25,20,20
26,9716,4.80022628557374e-08,0.8866678298182245,0.11333210620122715,1.597828526905739e-08,25,20,20
26,9717,4.805878511084123e-08,0.8071647046972614,0.19283523088821913,1.6355733395854593e-08,25,20,20
26,9718,4.8045591538124344e-08,0.7689619384117208,0.23103799719226406,1.635042277609923e-08,25,20,20
26,9719,8.417992152709015e-08,0.8248754717606956,0.17512443796492616,6.094456489634491e-09,25,20,20
26,9720,8.412339960744361e-08,0.8648222738030382,0.13517763597984658,6.093715577534175e-09,25,20,20
26,9721,4.0614649514384885e-08,0.873563252827278,0.12643667392057376,3.263749892461253e-08,25,20,20
26,9722,4.0614649514384885e-08,0.873563252827278,0.12643667392057376,3.263749892461253e-08,25,20,20
26,9723,4.0614649514384885e-08,0.873563252827278,0.12643667392057376,3.263749892461253e-08,25,20,20
26,9724,4.1397691624322206e-08,0.8343845186822095,0.16561540727641444,3.264368443089048e-08,25,20,20
26,9725,4.554262014631948e-08,0.81277022198924,0.187229699820515,3.264762483760335e-08,25,20,20
26,9726,4.5570556740908833e-08,0.7952403996895889,0.2047595220976383,3.2642215987930526e-08,25,20,20
26,9727,4.629463663143937e-08,0.7935732110671962,0.2064267103465236,3.2291642775833284e-08,25,20,20
26,9728,4.6579927832570995e-08,0.8348987482439977,0.16510119372569526,1.1450379073267913e-08,25,20,20
26,9729,4.2456810177302756e-08,0.8072964326622067,0.1927035134298135,1.1451168792854827e-08,25,20,20
26,9730,4.2080700678033504e-08,0.8472578832915764,0.15274206334000281,1.1287720192978161e-08,25,20,20
26,9731,4.1297682958272866e-08,0.8560223331367313,0.14397761398088477,1.1584700964885026e-08,25,20,20
26,9732,3.969785897663744e-08,0.8728618328729496,0.12713812626234483,1.1668464144673451e-09,25,20,20
26,9733,3.9698726612770986e-08,0.8728699625047273,0.12712999662969923,1.1668464353379104e-09,25,20,20
26,9734,3.9698726612770986e-08,0.8728699625047273,0.12712999662969923,1.1668464353379104e-09,25,20,20
26,9735,7.051602123873421e-10,0.8916470208017077,0.10835297112366965,7.3694619153561445e-09,25,20,20
26,9736,7.056305918115059e-10,0.8531415363342948,0.1468584555908046,7.369269619732922e-09,25,20,20
26,9737,1.0470916276619692e-05,0.8525791178815999,0.1474104031588767,8.043246320775245e-09,25,20,20
26,9738,1.065247970942552e-05,0.8143690245509412,0.1856203152169124,7.752436017539477e-09,25,20,20
26,9739,1.0673904913816474e-05,0.7491864989250578,0.2508028020263083,2.5143718062680226e-08,25,20,20
26,9740,1.067395434595232e-05,0.7491642924614059,0.25082500812400393,2.5460242055304467e-08,25,20,20
26,9741,1.067395434595232e-05,0.7491642924614059,0.25082500812400393,2.5460242055304467e-08,25,20,20
26,9742,1.0673954349695483e-05,0.7491639058562725,0.2508253947290381,2.5460337894612842e-08,25,20,20
26,9743,1.0492414589678793e-05,0.7727618553859685,0.22722761182310972,4.037633131832332e-08,25,20,20
26,9744,1.0492449887589458e-05,0.838546742131276,0.1614427634608149,1.9580214422573693e-09,25,20,20
26,9745,1.0492436144425546e-05,0.877766286337653,0.1222232192743565,1.9518460434039204e-09,25,20,20
26,9746,1.0515506892311377e-05,0.8407051059508056,0.1592843569416013,2.1600700596435927e-08,25,20,20
26,9747,1.051550631296709e-05,0.8031566128806483,0.1968328500177256,2.159531226100511e-08,25,20,20
26,9748,1.0562579205565459e-05,0.8031566068830268,0.1968328089423383,2.1595428481814773e-08,25,20,20
26,9749,1.0515506917610591e-05,0.8427055121734182,0.15728395072425522,2.1595408715134386e-08,25,20,20
26,9750,1.0472649006911504e-05,0.8635835427579898,0.13640598308025642,1.5127462277225639e-09,25,20,20
26,9751,1.0472645551151808e-05,0.8923183308965301,0.10767119494663391,1.5112838989636566e-09,25,20,20
26,9752,1.0472645551151808e-05,0.8923183308965301,0.10767119494663391,1.5112838989636566e-09,25,20,20
26,9753,1.0472645551151808e-05,0.8923183308965301,0.10767119494663391,1.5112838989636566e-09,25,20,20
26,9754,1.0472645551091314e-05,0.8923712941536774,0.10761823200591604,1.1948546963892854e-09,25,20,20
26,9755,1.0475382713137869e-05,0.9124229898955116,0.08756653369460814,1.0271665362463935e-09,25,20,20
26,9756,1.0622046471592465e-05,0.8741416471816322,0.12584772974446698,1.027429139759225e-09,25,20,20
26,9757,2.23948965554548e-07,0.8920998148025376,0.10789996057830285,6.701945406554332e-10,25,20,20
26,9758,2.2394810663127328e-07,0.8912977579768417,0.10870201740485955,6.701925840301677e-10,25,20,20
26,9759,1.5183469983972396e-07,0.8863091827756128,0.11369066503542155,3.5426616441317e-10,25,20,20
26,9760,5.170697473781654e-09,0.9250539224885332,0.07494607199241268,3.483567585506225e-10,25,20,20
26,9761,5.170064252629773e-09,0.9525747916452463,0.04742520283646148,3.4822838628378585e-10,25,20,20
26,9762,5.1700681272298985e-09,0.9525861426158909,0.04741385186571548,3.483258827373258e-10,25,20,20
26,9763,5.170908086054006e-09,0.9531914319636258,0.0468085622105942,6.548722395832868e-10,25,20,20
26,9764,5.1216788930107925e-09,0.9526019007733314,0.04739809314374927,9.612408396534993e-10,25,20,20
26,9765,3.476960464892029e-09,0.9918202981217248,0.00817969745281858,9.484967007641759e-10,25,20,20
26,9766,3.476971870135145e-09,0.9930198982161127,0.006980097358513013,9.484026647710394e-10,25,20,20
26,9767,3.4769915478251735e-09,0.9532398604235475,0.046760135140048835,9.594121635283708e-10,25,20,20
26,9768,3.476232014400729e-09,0.9667383358399563,0.033261659612166074,1.071645733827481e-09,25,20,20
26,9769,3.482066694068619e-09,0.9472372995692443,0.052762140774089694,5.561745989223124e-07,25,20,20
26,9770,3.482066694068619e-09,0.9472372995692443,0.052762140774089694,5.561745989223124e-07,25,20,20
26,9771,3.485754925892945e-09,0.9179070883027421,0.08209234696964313,5.612418591485159e-07,25,20,20
26,9772,3.478875804180087e-09,0.908161566034961,0.09183813620046516,2.942856980355352e-07,25,20,20
26,9773,3.98457452534514e-09,0.851832503272999,0.14816719840556308,2.943368630135699e-07,25,20,20
26,9774,3.981115021486219e-09,0.8801641294983851,0.11983557725645029,2.892640492103992e-07,25,20,20
26,9775,3.981112797603778e-09,0.9075683115948497,0.09243168391985356,5.041837236305042e-10,25,20,20
26,9776,3.981101535866817e-09,0.9063617068493837,0.0936382886707944,4.987204369390807e-10,25,20,20
26,9777,6.831459277082622e-13,0.945133173613125,0.05486682625138803,1.3480364120834456e-10,25,20,20
26,9778,6.789316237603828e-13,0.9621394117163652,0.03786058814264948,1.4030634316570777e-10,25,20,20
26,9779,2.6419136872504133e-06,0.9349816776203858,0.06405142814593284,0.0009642523199938497,25,20,20
26,9780,2.6419136911274394e-06,0.9349718650851362,0.06406124067571987,0.000964252325452469,25,20,20
26,9781,2.790303227505009e-06,0.9319237670577895,0.06710823985263475,0.000965202786348112,25,20,20
26,9782,2.790303227573877e-06,0.9319458244411984,0.06708618246922579,0.0009652027863481423,25,20,20
26,9783,2.790350365871544e-06,0.9310855474557911,0.06794645909870041,0.0009652030951425944,25,20,20
26,9784,2.7903030093981097e-06,0.9327513851664747,0.06628062173324518,0.0009652027972706509,25,20,20
26,9785,2.7903029944410783e-06,0.9327824386960052,0.06624956820928407,0.0009652027917162111,25,20,20
26,9786,1.4843941784745588e-07,0.9599386751226789,0.040060225509259334,9.509286437857511e-07,25,20,20
26,9787,1.4845314182159437e-07,0.9588600022792844,0.041138898025411486,9.512421624028175e-07,25,20,20
26,9788,1.4845314182159437e-07,0.9588600022792844,0.041138898025411486,9.512421624028175e-07,25,20,20
26,9789,1.4845314180903925e-07,0.957173147547199,0.042825752762959704,9.512366995610893e-07,25,20,20
26,9790,1.4840380377205016e-07,0.9090048079789896,0.0909940862980429,9.573191633802457e-07,25,20,20
26,9791,1.484113698822109e-07,0.8940640406667059,0.10593484253066138,9.683912626243094e-07,25,20,20
26,9792,1.4842878234566175e-07,0.894047543016568,0.1059509763070233,1.3322476262278922e-06,25,20,20
26,9793,1.4843278762609056e-07,0.8481625207649874,0.15183599856009475,1.3322421297560537e-06,25,20,20
26,9794,1.4843279462803378e-07,0.8481637696288615,0.15183474969631144,1.3322420322382146e-06,25,20,20
26,9795,1.4843279496077445e-07,0.8481413688298346,0.15185715048978063,1.3322475895850781e-06,25,20,20
26,9796,1.484327808070631e-07,0.8194132911347262,0.18058522818889583,1.3322435959502388e-06,25,20,20
26,9797,1.484327808070631e-07,0.8194132911347262,0.18058522818889583,1.3322435959502388e-06,25,20,20
26,9798,2.2738832227683356e-07,0.8273513071617326,0.17264662764568847,1.8378042559919132e-06,25,20,20
26,9799,2.2807251032363358e-07,0.826299862577851,0.17369807124250167,1.8381071362050394e-06,25,20,20
26,9800,2.3271888249951103e-07,0.7738524055012463,0.2260491257571622,9.823602270747637e-05,25,20,20
26,9801,2.5366954132980895e-07,0.7558058963688248,0.24409560483079795,9.824513083497859e-05,25,20,20
26,9802,1.7471086860215147e-07,0.7842676662199233,0.21563441950053786,9.773956866892614e-05,25,20,20
26,9803,1.7471086860215147e-07,0.7842676662199233,0.21563441950053786,9.773956866892614e-05,25,20,20
26,9804,1.74731165006058e-07,0.7700923821554845,0.2298097099472464,9.773316610317452e-05,25,20,20
26,9805,1.8280076572990575e-07,0.7183687460111676,0.2815332014537971,9.786973426847149e-05,25,20,20
26,9806,4.391743790952152e-07,0.7748082181373096,0.22518997870849053,1.3639798196779196e-06,25,20,20
26,9807,4.3917436430221557e-07,0.7754393076697723,0.22455888917604264,1.3639798196753787e-06,25,20,20
26,9808,4.3917436430221557e-07,0.7754393076697723,0.22455888917604264,1.3639798196753787e-06,25,20,20
26,9809,4.4235008844089583e-07,0.7754383991681124,0.22455977373411923,1.3847476791058672e-06,25,20,20
26,9810,3.0146018565633267e-06,0.7468466637867701,0.25314801928470626,2.3023266661154742e-06,25,20,20
26,9811,2.9941380460252263e-06,0.785884565551474,0.2140785252659708,3.391504450891451e-05,25,20,20
26,9812,2.7341120900350805e-06,0.8442827042049769,0.1556806959424626,3.3865740470022377e-05,25,20,20
26,9813,2.734159461847117e-06,0.8438027668933263,0.1561606332015143,3.386574569711557e-05,25,20,20
26,9814,2.7348268246423097e-06,0.8835340361253686,0.11643036721813395,3.2861829672444275e-05,25,20,20
26,9815,2.7355695296822533e-06,0.885725827106903,0.11423857487020532,3.2862453361849796e-05,25,20,20
26,9816,2.736259475332548e-06,0.847390494520133,0.15257388909528383,3.2880125107734994e-05,25,20,20
26,9817,6.2127408168709655e-06,0.9163647647649877,0.08362708755663022,1.9349375650170128e-06,25,20,20
26,9818,6.212740817333514e-06,0.9163117279103115,0.08368012440575194,1.9349431191205956e-06,25,20,20
26,9819,6.2004795932726745e-06,0.9158332234715065,0.08415862431012924,1.9517387702653175e-06,25,20,20
26,9820,6.2004795899038195e-06,0.9175538656004274,0.08243799946005886,1.934459923118414e-06,25,20,20
26,9821,6.2004787649574545e-06,0.89743889379667,0.10255297127279697,1.934451767560075e-06,25,20,20
26,9822,6.20047875751481e-06,0.9344814937931356,0.06551037127654749,1.9344515589917046e-06,25,20,20
26,9823,6.200478990247237e-06,0.9338905482330745,0.06610131683090344,1.934457031413293e-06,25,20,20
26,9824,6.2004316341183815e-06,0.8723040273362638,0.1276878377837406,1.9344483607351193e-06,25,20,20
26,9825,1.5266737440914614e-07,0.8912085311640611,0.1087893822146585,1.9339539052836197e-06,25,20,20
26,9826,1.5266784991806948e-07,0.8757176968142911,0.12428021656299792,1.9339548604261027e-06,25,20,20
26,9827,1.5266783037038508e-07,0.9155124910142755,0.08448542236284182,1.9339550518025444e-06,25,20,20
26,9828,1.5334230226981534e-07,0.9532283259198769,0.04676956899059835,1.9517472222006056e-06,25,20,20
26,9829,1.526801553702248e-07,0.982446269025572,0.017551626542990154,1.9517512822972575e-06,25,20,20
26,9830,1.5267994486296312e-07,0.9836958089085583,0.016302086660211303,1.951751285315623e-06,25,20,20
26,9831,1.5267992977874552e-07,0.98552153313064,0.014476380222465151,1.9339669648288866e-06,25,20,20
26,9832,1.4994761047082165e-07,0.9867763962775726,0.013221519802295937,1.933972520936679e-06,25,20,20
26,9833,1.5460169271636289e-09,0.973308337601613,0.026690677059165356,9.837932044112291e-07,25,20,20
26,9834,7.345405402484355e-10,0.9756870305874652,0.024312968019811875,6.581824490357103e-10,25,20,20
26,9835,7.347660052801315e-10,0.9757008836775382,0.024299114940361285,6.473345399191675e-10,25,20,20
26,9836,6.852141568590361e-10,0.9511101859400729,0.04888981305030521,3.2440745671689743e-10,25,20,20
26,9837,7.341336717818392e-10,0.9665434219907919,0.03345657694507638,3.299979117210371e-10,25,20,20
26,9838,1.0047135895844376e-10,0.9661044593698058,0.0338955227312178,1.7798505551569314e-08,25,20,20
26,9839,1.0025451061813923e-10,0.966130272892158,0.033869709209181684,1.7798406431093768e-08,25,20,20
26,9840,2.982757151353579e-10,0.9373923800520433,0.06260760185680266,1.779287861252804e-08,25,20,20
26,9841,2.982570189769124e-10,0.9374455032498139,0.06255447865895503,1.7792974454883008e-08,25,20,20
26,9842,4.2700546749104034e-05,0.8618214802523011,0.13804626353545177,8.95556654982669e-05,25,20,20
26,9843,1.1963687639828534e-10,0.9485650075929207,0.051434963411577286,2.8875865121392653e-08,25,20,20
26,9844,1.0803525147081585e-10,0.9110635506534934,0.08893642036781975,2.8870651889181385e-08,25,20,20
26,9845,1.2346467844985546e-10,0.9240318817485585,0.07596808925195873,2.8876018127054018e-08,25,20,20
26,9846,1.0782013544469857e-10,0.9513330490698327,0.0486669219407716,2.888157557255105e-08,25,20,20
26,9847,1.080273891879549e-10,0.9763885853217715,0.02361138569406208,2.8876139054551553e-08,25,20,20
26,9848,1.080273891879549e-10,0.9763885853217715,0.02361138569406208,2.8876139054551553e-08,25,20,20
26,9849,1.0885427731090047e-10,0.9764300716951848,0.02356989932014691,2.8875814325130086e-08,25,20,20
26,9850,1.0797543149467777e-10,0.9764210377686132,0.023578933247694646,2.8875716879819606e-08,25,20,20
26,9851,1.5688872975523536e-10,0.9747638330768867,0.02523613788492069,2.888130356368414e-08,25,20,20
26,9852,1.5688872975523536e-10,0.9747638330768867,0.02523613788492069,2.888130356368414e-08,25,20,20
26,9853,1.5688820132633532e-10,0.9747551605252557,0.025244810436648134,2.888120774558179e-08,25,20,20
26,9854,1.5687329844223888e-10,0.9735386733424137,0.02646129761950503,2.8881207693506994e-08,25,20,20
26,9855,1.5015263180397274e-10,0.9890076129572902,0.010992369083448401,1.7809108448553966e-08,25,20,20
26,9856,2.0981449196216626e-10,0.9896401531269183,0.010359828848596406,1.7814670437961474e-08,25,20,20
26,9857,2.0981075132971763e-10,0.9879537129115156,0.012046269064003058,1.781467036577245e-08,25,20,20
26,9858,2.0982544345990097e-10,0.987953933200469,0.012046048769480719,1.782022440911778e-08,25,20,20
26,9859,2.221297318452972e-10,0.9869839154633903,0.013016066189189107,1.8125290467771574e-08,25,20,20
26,9860,2.2193065412012509e-10,0.9882212262193211,0.01177875542799433,1.8130753422609734e-08,25,20,20
26,9861,1.7335294334045953e-10,0.9582751999991862,0.0417247817022667,1.8125193444588328e-08,25,20,20
26,9862,1.3120462919724427e-10,0.9401289100286558,0.059871089401182534,4.389562793342849e-10,25,20,20
26,9863,1.452046860087403e-10,0.9009093170923034,0.09909068232342444,4.390667022094033e-10,25,20,20
26,9864,3.669371859264132e-10,0.8760573485277732,0.12394265047707856,6.282102481760843e-10,25,20,20
26,9865,3.6695274282571925e-10,0.8760350603363856,0.1239649386683533,6.283077171726549e-10,25,20,20
26,9866,1.6903784275546971e-10,0.902294112372306,0.09770588683040278,6.282526523205949e-10,25,20,20
26,9867,8.948857278092666e-11,0.9172295149175747,0.08277048456517702,4.277595692691514e-10,25,20,20
26,9868,8.950345456984989e-11,0.9172252990018654,0.08277470048077726,4.278535278399844e-10,25,20,20
26,9869,9.034675348870752e-11,0.9168253885035782,0.08317461098377801,4.222968037833591e-10,25,20,20
26,9870,7.63499954230105e-11,0.955512562358541,0.04448743682117055,7.439385955569849e-10,25,20,20
26,9871,8.951481831236935e-11,0.959334102334751,0.04066589652663776,1.049096285566326e-09,25,20,20
26,9872,9.036222045307995e-11,0.9191824209110889,0.08081754967281544,2.93257331731878e-08,25,20,20
26,9873,9.036222045307995e-11,0.9191824209110889,0.08081754967281544,2.93257331731878e-08,25,20,20
26,9874,1.4876650691693015e-10,0.902914102096072,0.09708586873302005,2.9022141139586323e-08,25,20,20
26,9875,1.3572917973416855e-10,0.9316193501019003,0.06838062082363877,2.893873192676337e-08,25,20,20
26,9876,1.0128438826098069e-10,0.9094062913120825,0.09059367964514622,2.8941486612905133e-08,25,20,20
26,9877,1.0276439967794471e-10,0.9502748513630153,0.049725119604111516,2.8930108860341188e-08,25,20,20
26,9878,1.3287594334303795e-10,0.938290022446442,0.0617099487904281,2.8630253867288275e-08,25,20,20
26,9879,1.3357425465565455e-06,0.9304864080030719,0.06951166263109348,5.936232877155706e-07,25,20,20
26,9880,4.263377211114349e-10,0.9416663842339555,0.05833314171981687,4.736198896468808e-07,25,20,20
26,9881,4.2633772796463103e-10,0.9416666422136916,0.058332883740080936,4.73619889682753e-07,25,20,20
26,9882,1.0241399325615843e-10,0.9631471275686713,0.036852871669761034,6.59153528393387e-10,25,20,20
26,9883,1.1710968857154988e-10,0.9239597347321004,0.07604026449152758,6.592620907890394e-10,25,20,20
26,9884,1.1624201416718954e-10,0.922271957041477,0.07772804218857328,6.537073664626789e-10,25,20,20
26,9885,1.6406021615132426e-10,0.8953765762478446,0.10462340565608771,1.793200707204139e-08,25,20,20
26,9886,1.6319266242772567e-10,0.8954154033947826,0.10458457851011288,1.7931911295332122e-08,25,20,20
26,9887,1.6319266242772567e-10,0.8954154033947826,0.10458457851011288,1.7931911295332122e-08,25,20,20
26,9888,2.1362433540010575e-08,0.9035550913043364,0.09644486939828129,1.7934948181461564e-08,25,20,20
26,9889,2.136243358896247e-08,0.9310764266478972,0.06892353405089481,1.793877405996008e-08,25,20,20
26,9890,2.1362445008894828e-08,0.9310765855263087,0.068923375172568,1.7938678272631165e-08,25,20,20
26,9891,2.1362462073327713e-08,0.891856388575678,0.10814357211700701,1.794485235655186e-08,25,20,20
26,9892,2.1397120676348058e-08,0.9283060092233838,0.07169300125770484,9.68121790687774e-07,25,20,20
26,9893,2.180173867849133e-08,0.9356118954266697,0.06438711464334962,9.681282421918672e-07,25,20,20
26,9894,6.511427475984741e-10,0.9539257922844997,0.04607323893909203,9.681252656141442e-07,25,20,20
26,9895,2.768569857608852e-10,0.9714619889638244,0.028537042636910877,9.68122407727898e-07,25,20,20
26,9896,3.252331047755055e-10,0.9705770107681079,0.029422020784157805,9.681225013365466e-07,25,20,20
26,9897,3.250156363208963e-10,0.9711565553865171,0.028842476477980914,9.678104864069091e-07,25,20,20
26,9898,2.755674645950939e-10,0.9694791598488642,0.03051987207054353,9.678050248499246e-07,25,20,20
26,9899,2.757746818507211e-10,0.9694468585317761,0.030552173387424376,9.678050247429134e-07,25,20,20
26,9900,2.580024825322603e-10,0.9566109920638407,0.043388039867610396,9.678105463830215e-07,25,20,20
26,9901,2.580024825322603e-10,0.9566109920638407,0.043388039867610396,9.678105463830215e-07,25,20,20
26,9902,2.580024825322603e-10,0.9566109920638407,0.043388039867610396,9.678105463830215e-07,25,20,20
26,9903,1.6166124146133132e-10,0.947175633639892,0.052823398379795355,9.678186511794027e-07,25,20,20
26,9904,1.1431960489124882e-10,0.9477234657407487,0.05227558359993429,9.505449974177036e-07,25,20,20
26,9905,1.1431960489124882e-10,0.9477234657407487,0.05227558359993429,9.505449974177036e-07,25,20,20
26,9906,1.6323447358805392e-10,0.9472391420662329,0.0527599069035897,9.50866943015498e-07,25,20,20
26,9907,1.0089505179783939e-10,0.9709943065323331,0.029004714135777723,9.79230993794364e-07,25,20,20
26,9908,1.0526276648274694e-08,0.9034552057594119,0.09654380511501551,9.785992954506534e-07,25,20,20
26,9909,1.0526518055656641e-08,0.8642264804440096,0.13577253043552812,9.785939438418588e-07,25,20,20
26,9910,1.0526518055656641e-08,0.8642264804440096,0.13577253043552812,9.785939438418588e-07,25,20,20
26,9911,1.0526316355986794e-08,0.8642360868898804,0.1357629239954132,9.785883894597576e-07,25,20,20
26,9912,1.0526316355986794e-08,0.8642360868898804,0.1357629239954132,9.785883894597576e-07,25,20,20
26,9913,1.0526340902115517e-08,0.8659325703403078,0.1340664405394967,9.785938539188936e-07,25,20,20
26,9914,1.0575051557779942e-08,0.904695738225235,0.09530327260046853,9.785992442403607e-07,25,20,20
26,9915,1.0575051557779942e-08,0.904695738225235,0.09530327260046853,9.785992442403607e-07,25,20,20
26,9916,1.1323744241795642e-08,0.9186090685416315,0.08138995262139728,9.67513226468347e-07,25,20,20
26,9917,8.983441994786288e-10,0.9469982503049503,0.05300078128485122,9.67511853838024e-07,25,20,20
26,9918,1.0027854836851085e-10,0.9718656494919525,0.028133382698760468,9.677090079699034e-07,25,20,20
26,9919,9.032966345328879e-10,0.9611803753239907,0.038819601368653506,2.2404058774027143e-08,25,20,20
26,9920,9.031089037803057e-10,0.959974450952043,0.040025525740957676,2.2403890059404798e-08,25,20,20
26,9921,9.028989180243882e-10,0.9324182128331899,0.06758176386385328,2.240005763981467e-08,25,20,20
26,9922,9.028681973762957e-10,0.9630654910588642,0.03693448563959835,2.2398668838541334e-08,25,20,20
26,9923,9.297439055662178e-10,0.922228003589474,0.07777197308757984,2.2393202017290516e-08,25,20,20
26,9924,1.3858658034637782e-10,0.948908388311868,0.05109159422618471,1.7323360277699932e-08,25,20,20
26,9925,1.2538743948314856e-10,0.950189805147549,0.04981017740369504,1.7323368017171496e-08,25,20,20
26,9926,1.25391041682183e-10,0.9501587282692924,0.04984125428194969,1.7323366334398334e-08,25,20,20
26,9927,1.2579741209409024e-10,0.9068317472948589,0.0931682351516401,1.7427702839556055e-08,25,20,20
26,9928,1.2550471809482835e-10,0.9326473916728898,0.06735259088603807,1.73155671092599e-08,25,20,20
26,9929,7.655628977894813e-11,0.9313857983325187,0.06861418428076288,1.731016176933639e-08,25,20,20
26,9930,7.655234123282479e-11,0.9326236048103662,0.06737637780821021,1.7304870926547715e-08,25,20,20
26,9931,2.4988050934811096e-09,0.8777522407705236,0.12224773918210799,1.7548562808023e-08,25,20,20
26,9932,2.4988210236443657e-09,0.8774456071587554,0.12255437279679535,1.754562782145874e-08,25,20,20
26,9933,7.728355862896944e-10,0.8829554156752428,0.11702983816572515,1.474538619604358e-05,25,20,20
26,9934,7.728320782648634e-10,0.8846427751511028,0.11534247868995871,1.4745386106101918e-05,25,20,20
26,9935,7.028297407729548e-10,0.9237846907121156,0.07620056319917239,1.4745385882321473e-05,25,20,20
26,9936,6.75920345016476e-10,0.9633488205888828,0.03663643303279086,1.4745702405832407e-05,25,20,20
26,9937,6.761093030272491e-10,0.9616742390322573,0.0383110146024965,1.474568913671945e-05,25,20,20
26,9938,6.761237413419299e-10,0.9621306373081617,0.03785461633180501,1.4745683909518092e-05,25,20,20
26,9939,4.480207891100953e-12,0.9669013894139507,0.03308388210022872,1.4728481340396083e-05,25,20,20
26,9940,4.4766858370021605e-12,0.9515168294829569,0.04846844183660552,1.4728675960665982e-05,25,20,20
26,9941,3.804494341030128e-12,0.9623555893423579,0.03762968156236629,1.4729091471393154e-05,25,20,20
26,9942,4.221061749172906e-12,0.9618988568705065,0.0380864137205624,1.4729404710032355e-05,25,20,20
26,9943,1.3251320284368565e-12,0.9900896580822411,0.009910340353189153,1.5632445496320526e-09,25,20,20
26,9944,1.310488456524036e-11,0.9923288219312798,0.007671176790238381,1.2653768497160943e-09,25,20,20
26,9945,2.5061132119587934e-11,0.9631062016097293,0.036893780032867134,1.833234205869008e-08,25,20,20
26,9946,5.345781140487447e-11,0.922962897941457,0.07703708366426312,1.834082146177827e-08,25,20,20
26,9947,5.346161036014619e-11,0.9229258707910322,0.07707411082024172,1.833526416678523e-08,25,20,20
26,9948,5.3419088258123654e-11,0.9504248094048525,0.04957517220263959,1.8339088377318077e-08,25,20,20
26,9949,5.341946775155663e-11,0.9513113380934759,0.048688643519496484,1.8333607598349247e-08,25,20,20
26,9950,5.321397815284467e-11,0.950127050806143,0.04987293081249746,1.8328144876669548e-08,25,20,20
26,9951,2.8138223136295555e-09,0.9905511476120139,0.009448831547048423,1.80271151875545e-08,25,20,20
26,9952,2.813822044523228e-09,0.990589792760843,0.009410186398221533,1.802711350646062e-08,25,20,20
26,9953,2.8140495589024317e-09,0.9909816999471365,0.009018279525098045,1.7713716084212735e-08,25,20,20
26,9954,2.814038341203946e-09,0.9910256099574555,0.008974369514790213,1.771371608609209e-08,25,20,20
26,9955,3.7665560860712266e-11,0.9901686463810451,0.009831335878434348,1.7702855052656905e-08,25,20,20
26,9956,3.7448472411881804e-11,0.9902069526903352,0.009793029569361256,1.770285505591647e-08,25,20,20
26,9957,3.7438519717211816e-11,0.9660277436832275,0.03397223857647684,1.7702856884530014e-08,25,20,20
26,9958,7.51060959533991e-10,0.9493795754744794,0.05062038838593765,3.5388521752782165e-08,25,20,20
26,9959,7.571849921401193e-10,0.9394453106094969,0.060554670392522096,1.8240795640878365e-08,25,20,20
26,9960,7.572073999798343e-10,0.9656282417651408,0.034371739040197254,1.84374540931658e-08,25,20,20
26,9961,7.457561706276759e-10,0.9517372363080835,0.04826210425973545,6.586864243010968e-07,25,20,20
26,9962,7.53629719768638e-10,0.9497372517731577,0.05026175392786345,9.935453489560095e-07,25,20,20
26,9963,7.547385652384405e-10,0.9105158657700438,0.08948313992986642,9.93545350921247e-07,25,20,20
26,9964,1.2131614266661696e-10,0.8719844464543576,0.12791827922985402,9.727419447221218e-05,25,20,20
26,9965,1.2151300419047338e-10,0.8700326790847902,0.12986909671378183,9.822407991482241e-05,25,20,20
26,9966,1.6089700242334873e-10,0.9399097358405865,0.0600893128384602,9.511600563606028e-07,25,20,20
26,9967,1.617329426787336e-10,0.964463556551925,0.03553549181918986,9.514671527358841e-07,25,20,20
26,9968,2.8014108759912267e-09,0.9891848435090176,0.010814202233740817,9.514558307786482e-07,25,20,20
26,9969,1.1410790220921808e-10,0.9611835866988082,0.03881545664556833,9.565415159071405e-07,25,20,20
26,9970,1.1385242983778873e-10,0.9882421781653212,0.011756870566966915,9.51153859808801e-07,25,20,20
26,9971,6.539075367802632e-11,0.9758793506606502,0.024120637231221185,1.2042738068518358e-08,25,20,20
26,9972,2.792087500528907e-09,0.9885476118332625,0.011452384096114954,1.2785354505651197e-09,25,20,20
26,9973,2.7920870005894372e-09,0.9885041804615188,0.011495816082675643,6.637189913793187e-10,25,20,20
26,9974,2.7914689853861366e-09,0.9468705609704048,0.05312943556288643,6.752401129255104e-10,25,20,20
26,9975,2.791219493025932e-09,0.9868132499657967,0.013186746573943121,6.69041246303182e-10,25,20,20
26,9976,2.791634995543612e-09,0.9839849223532816,0.01601507418613955,6.689443183582851e-10,25,20,20
26,9977,2.7916350047169054e-09,0.9839841683046714,0.016015828234749598,6.689443183571589e-10,25,20,20
26,9978,2.7918594936758934e-09,0.9862684048488903,0.013731591695447068,6.638034678022312e-10,25,20,20
26,9979,2.7916463065179963e-09,0.9863006170402222,0.013699379509884112,6.582474342761323e-10,25,20,20
26,9980,2.7916463065179963e-09,0.9863006170402222,0.013699379509884112,6.582474342761323e-10,25,20,20
26,9981,2.7924978809031655e-09,0.9880243636560998,0.0119756328983817,6.53020823741783e-10,25,20,20
26,9982,2.744170082736462e-09,0.9414651634097818,0.05852010518079042,1.4728665257743404e-05,25,20,20
26,9983,2.7441855617730557e-09,0.9414482603105845,0.058537007963427215,1.4728981802792198e-05,25,20,20
26,9984,2.7441855617730557e-09,0.9414482603105845,0.058537007963427215,1.4728981802792198e-05,25,20,20
26,9985,1.1272624854269097e-08,0.9351088821179063,0.06489110586244012,7.470285392916784e-10,25,20,20
26,9986,0.00251994514987776,0.8469021300322522,0.15057783724284707,8.757502254275661e-08,25,20,20
26,9987,0.0025199338632502766,0.9014413380302517,0.09603864030382066,8.780267693603537e-08,25,20,20
26,9988,0.002519933864102289,0.9014103646342797,0.0960696133879713,8.811364626004109e-08,25,20,20
26,9989,3.247891348425552e-11,0.9380471743786487,0.06195282430357007,1.2853022478162452e-09,25,20,20
26,9990,1.9765113720165148e-11,0.9127792507943131,0.0872207482155817,9.703397631676629e-10,25,20,20
26,9991,8.104454366804878e-10,0.9090572631076949,0.09094273005871893,6.023140524733939e-09,25,20,20
26,9992,8.097286986519704e-10,0.9361017247877822,0.0638982733748854,1.0276037885420073e-09,25,20,20
26,9993,7.920127985303988e-10,0.9602990466443333,0.03970095122285558,1.3407983827460405e-09,25,20,20
26,9994,7.925851988841075e-10,0.9139712149870429,0.08602849411970775,2.901006638605633e-07,25,20,20
26,9995,3.5358615757450295e-09,0.8747240674066558,0.12527562146636503,3.0759111709200063e-07,25,20,20
26,9996,7.923797184779941e-10,0.9140222543161802,0.08597745479058581,2.90100853795278e-07,25,20,20
26,9997,7.470614177632298e-13,0.9421800944434884,0.05781961522636969,2.903293948591024e-07,25,20,20
26,9998,7.295335991665114e-13,0.9547231878379715,0.04527681089629129,1.2650077007453407e-09,25,20,20
26,9999,7.106583787773165e-13,0.9552411548745892,0.04475884417243739,9.522627823889354e-10,25,20,20
26,10000,4.8657424448735655e-11,0.9546366451031862,0.04536335420781484,6.40341553892e-10,25,20,20
