run,generation,degenerate,holistic,other,compositional,popsize,turnover_rounds,group_rounds
48,0,0.9860029303731893,1.8924609784139772e-06,0.01393184327289863,6.333389293373571e-05,25,20,20
48,1,0.6620215851943422,2.9447430329638112e-05,0.337851738668131,9.722870719686492e-05,25,20,20
48,2,0.317037508591871,0.0003730012822794268,0.6457156532664725,0.03687383685937858,25,20,20
48,3,0.24452008729478059,0.00044296069297942574,0.6987223023994473,0.0563146496127883,25,20,20
48,4,0.3018414375554903,0.0009737059722098169,0.590118786134073,0.10706607033822452,25,20,20
48,5,0.2737486558686118,4.705075433609009e-05,0.580724070482193,0.14548022289485854,25,20,20
48,6,0.2395286494882593,0.004385326567457843,0.5963221860194037,0.1597638379248761,25,20,20
48,7,0.15500585503366177,0.03964989751858947,0.6235648065841604,0.18177944086358722,25,20,20
48,8,0.15537276035765635,0.07018990899068775,0.5584407268982737,0.21599660375338156,25,20,20
48,9,0.16421680162312174,0.07390334063362883,0.5150084511507578,0.24687140659249174,25,20,20
48,10,0.08918550827967874,0.08232034874640679,0.5830051082414449,0.24548903473246714,25,20,20
48,11,0.11047884807146907,0.08230640394483038,0.47183802173776707,0.3353767262459323,25,20,20
48,12,0.05055342325120204,0.0793829629310331,0.45161128466665235,0.41845232915111497,25,20,20
48,13,0.042921376064701526,0.07972482538018065,0.43298825435218175,0.4443655442029354,25,20,20
48,14,0.04686136141427974,0.07933300745423427,0.4034969282132054,0.47030870291827914,25,20,20
48,15,0.02137064341197806,0.07887088286566221,0.4185854027032102,0.48117307101914814,25,20,20
48,16,0.031418140239845176,0.02273250123139597,0.5059364173854985,0.4399129411432559,25,20,20
48,17,0.06754094451276715,0.06184589758719823,0.4839455017321764,0.38666765616785526,25,20,20
48,18,0.08398607196607022,0.04163203828444104,0.4559840197859114,0.4183978699635734,25,20,20
48,19,0.0708505757965094,0.001170099705707177,0.509040580410672,0.4189387440871102,25,20,20
48,20,0.0893725133630434,9.265137911045607e-05,0.47077546073684046,0.4397593745210051,25,20,20
48,21,0.09537498362826335,1.4256855881984104e-05,0.4627903932562475,0.44182036625960536,25,20,20
48,22,0.09294222831902431,7.994855748281946e-05,0.46522021192681684,0.44175761119667456,25,20,20
48,23,0.06049278351380366,0.02365201232293041,0.47524218312864946,0.4406130210346145,25,20,20
48,24,0.09162209879880351,0.03934533552410523,0.42481736699936623,0.44421519867772224,25,20,20
48,25,0.1320376590130635,0.039998341320963395,0.38235855892330134,0.4456054407426695,25,20,20
48,26,0.09677530138685571,0.04001668764728741,0.4166603745845398,0.446547636381315,25,20,20
48,27,0.0895919190771942,0.10032700663600135,0.36634704129501194,0.4437340329917885,25,20,20
48,28,0.12131338342880747,0.04292980185807054,0.3566974253526138,0.4790593893605058,25,20,20
48,29,0.11752844093397533,0.04042146761742612,0.36118296861627747,0.4808671228323197,25,20,20
48,30,0.09576896213476865,0.04222431088951873,0.3088496222902822,0.5531571046854299,25,20,20
48,31,0.0843984774204915,0.06268288394558401,0.3074438648369242,0.5454747737970005,25,20,20
48,32,0.07518425297843115,0.06521747187200921,0.29885870195464986,0.5607395731949094,25,20,20
48,33,0.0571242659885984,0.0793522850580572,0.31102745526940523,0.5524959936839379,25,20,20
48,34,0.03150202959891856,0.06597423252406202,0.34749577538902593,0.5550279624879904,25,20,20
48,35,0.010553274454509556,0.06597335002357416,0.3609700430435659,0.5625033324783493,25,20,20
48,36,0.04415555585224278,0.07946221790481063,0.3025264402991317,0.5738557859438133,25,20,20
48,37,0.049406558456314024,0.03995795431190626,0.4254199924603755,0.48521549477140347,25,20,20
48,38,0.0850347508079497,0.03992104405416142,0.39015634746744043,0.4848878576704467,25,20,20
48,39,0.07714370818934002,0.04030397745822154,0.3851337565067305,0.49741855784570665,25,20,20
48,40,0.09604996956701582,0.04207583941813714,0.3660913067233267,0.49578288429151923,25,20,20
48,41,0.0771726003295516,0.042532083915171395,0.3552617723782163,0.5250335433770591,25,20,20
48,42,0.09846539254212279,0.04059618836566359,0.27661808772313856,0.5843203313690748,25,20,20
48,43,0.11787965192975997,0.069562097262801,0.2129005242325938,0.5996577265748446,25,20,20
48,44,0.10354811852051522,0.05296821335643358,0.24367547986017282,0.599808188262876,25,20,20
48,45,0.11121415218472343,0.05302906321775083,0.2363843813030742,0.5993724032944505,25,20,20
48,46,0.07515027495746535,0.04201865758980437,0.2835693583282408,0.5992617091244881,25,20,20
48,47,0.0811752409658132,0.04019219249904748,0.28735236159284033,0.5912802049422987,25,20,20
48,48,0.08995944473028535,0.06793722898982361,0.2515056623894712,0.5905976638904189,25,20,20
48,49,0.053065292719384025,0.06659836525928332,0.2815395358795587,0.598796806141773,25,20,20
48,50,0.02393906050744267,0.029149353697730248,0.33069968234698943,0.6162119034478366,25,20,20
48,51,0.0527958553073645,0.022926415103135735,0.3328419571493278,0.591435772440171,25,20,20
48,52,0.011163165922202596,0.029498311362915645,0.3775562488964862,0.5817822738183946,25,20,20
48,53,0.0077551708793675445,0.025854871687582746,0.37483767777525545,0.5915522796577921,25,20,20
48,54,0.0002810594504476255,0.002983055969959773,0.36519648435795415,0.6315394002216363,25,20,20
48,55,0.0009226152739350187,0.0003916861869459897,0.4067893734943604,0.5918963250447566,25,20,20
48,56,0.0006851304733842703,0.0004846677508531549,0.37689151791228975,0.6219386838634718,25,20,20
48,57,0.012325238359053891,0.0028151170520936564,0.3633212922402477,0.6215383523486028,25,20,20
48,58,0.007816623828645916,0.003326622760091314,0.3518319675613239,0.6370247858499384,25,20,20
48,59,0.020929128203451688,0.000485571713699973,0.3887423641579689,0.5898429359248779,25,20,20
48,60,0.11260814455171182,0.00048575540288670586,0.3324122000018443,0.554493900043556,25,20,20
48,61,0.05541125465691384,0.0004715620409480465,0.37404766023207164,0.5700695230700653,25,20,20
48,62,0.0856770164995042,0.0423304127381043,0.29523671144528757,0.5767558593171029,25,20,20
48,63,0.114041633334049,0.03986985806783914,0.27016249646730195,0.5759260121308085,25,20,20
48,64,0.04789052172970239,0.039823493427426776,0.30939218869858176,0.6028937961442888,25,20,20
48,65,0.00014206845939285505,0.04255329233485317,0.3147354962043066,0.6425691430014462,25,20,20
48,66,0.010042650489621042,0.08167678596183657,0.2688842824724469,0.6393962810760933,25,20,20
48,67,0.03832823155726656,0.040707016605659924,0.2629213568801703,0.6580433949569026,25,20,20
48,68,0.03991829586528993,0.03998546425408309,0.2955226654030519,0.6245735744775726,25,20,20
48,69,0.0007348791600380271,0.06286880005943646,0.2893680140784517,0.6470283067020717,25,20,20
48,70,0.04737249665050846,0.07198928629843465,0.23459408271976617,0.6460441343312887,25,20,20
48,71,0.053128347030240546,0.11912340056155396,0.2260427121999822,0.6017055402082218,25,20,20
48,72,0.008208212844591509,0.11922804758413258,0.2701364505419075,0.6024272890293667,25,20,20
48,73,0.007537615647630221,0.1212046984777939,0.25589658642971524,0.6153610994448592,25,20,20
48,74,0.007587225885227893,0.06286943806120145,0.29072305655197356,0.6388202795015957,25,20,20
48,75,0.007610656800520557,0.07948938924857626,0.23307707819359666,0.6798228757573048,25,20,20
48,76,0.001693912035668838,0.08042806265964378,0.23530301796183029,0.6825750073428563,25,20,20
48,77,0.0015555366671116367,0.07999390365259672,0.20891539458307137,0.7095351650972193,25,20,20
48,78,0.0015555359613020445,0.07981389793958835,0.19867929817174168,0.7199512679273667,25,20,20
48,79,0.009103804904348561,0.042550005203915706,0.24965908554044597,0.6986871043512886,25,20,20
48,80,9.860954789849702e-06,0.04252698215769009,0.23805637528680976,0.719406781600709,25,20,20
48,81,0.00017307221270028764,0.03999038426001805,0.2763959843151801,0.6834405592121009,25,20,20
48,82,0.00047338243490711027,0.0393329017484311,0.2551545918347226,0.7050391239819385,25,20,20
48,83,0.004166920561688726,0.039331528978517966,0.2362075202072706,0.7202940302525223,25,20,20
48,84,0.00417255042701877,0.0399910177867174,0.23640834130739488,0.7194280904788687,25,20,20
48,85,0.038731866660908304,0.06449197312624783,0.17798095460811234,0.718795205604731,25,20,20
48,86,0.04076024517534289,0.06215313278122326,0.1777345515126643,0.7193520705307691,25,20,20
48,87,0.047389449648009244,0.06233213108926647,0.1707405997215312,0.7195378195411922,25,20,20
48,88,0.046715320714643765,0.04070308865935541,0.1941152297217748,0.7184663609042257,25,20,20
48,89,0.0398474043432105,0.04165104547880604,0.21587134365461602,0.7026302065233668,25,20,20
48,90,0.03991117289040693,0.04068371726251573,0.21455456276077992,0.704850547086297,25,20,20
48,91,0.04111798553362078,0.04000128334799073,0.20510572017716552,0.713775010941221,25,20,20
48,92,0.047864050990828556,0.03981932048526409,0.19817282486028406,0.7141438036636216,25,20,20
48,93,0.04224400019646511,0.03999612271325635,0.20329489671529802,0.7144649803749794,25,20,20
48,94,0.08163488373725175,0.03999692476652413,0.17177930270879554,0.7065888887874289,25,20,20
48,95,0.04275314066268336,0.0399961903687578,0.16330333338326006,0.7539473355852985,25,20,20
48,96,0.0033468193623602416,0.040030721956014155,0.20412921973102097,0.7524932389506038,25,20,20
48,97,0.0006677316887933486,0.03933373104397344,0.21665861680803292,0.7433399204591999,25,20,20
48,98,1.1987981117436608e-05,0.04002949998388571,0.20928766955901168,0.7506708424759841,25,20,20
48,99,0.0004687107088309293,0.04006769316926537,0.2003752214514829,0.7590883746704192,25,20,20
48,100,0.03904234336392683,0.040015298729470974,0.19494319813284847,0.7259991597737531,25,20,20
48,101,0.00941671413243198,0.04001563540372619,0.248574663198864,0.7019929872649765,25,20,20
48,102,0.0003746585584259542,0.022383068825516658,0.26882933390150776,0.7084129387145481,25,20,20
48,103,0.03642099427214232,0.041491479226773695,0.20404690712266368,0.7180406193784192,25,20,20
48,104,0.06151621297848336,0.03200227230267512,0.20357491522159116,0.7029065994972495,25,20,20
48,105,0.05297396701979409,0.03067128672187229,0.2154839832411621,0.7008707630171713,25,20,20
48,106,0.05866863798094798,0.04172458239921735,0.18113644130507725,0.7184703383147566,25,20,20
48,107,0.036191471009254336,0.04102196762861527,0.20301128087245757,0.7197752804896723,25,20,20
48,108,0.0002589410451903444,0.04104125355446622,0.20840117872696973,0.7502986266733731,25,20,20
48,109,0.07350884541031297,0.04104291630093224,0.13528964201162966,0.7501585962771246,25,20,20
48,110,0.07346194792566556,0.0018355182478290947,0.14167410299889996,0.7830284308276053,25,20,20
48,111,0.0734349252874265,3.6278897782821854e-05,0.12821190798421855,0.7983168878305718,25,20,20
48,112,0.07833322360951558,0.0007087533976416686,0.13081103205724504,0.7901469909355976,25,20,20
48,113,0.075365799971146,1.9220525175585002e-05,0.12595410289507167,0.7986608766086062,25,20,20
48,114,0.07446411067986101,1.9279070610141767e-05,0.12670157033169727,0.7988150399178318,25,20,20
48,115,0.06348200808487266,1.933075053650818e-05,0.1468806725951846,0.789617988569405,25,20,20
48,116,0.0568169160374619,1.258540658062919e-08,0.1452484030289978,0.7979346683481329,25,20,20
48,117,0.05628027256277179,2.756974564018513e-07,0.15225041458113142,0.7914690371586395,25,20,20
48,118,0.03983570320559178,0.0009019818320351343,0.15993978827869074,0.7993225266836818,25,20,20
48,119,0.035614041051163406,3.74583715626106e-05,0.122730527480696,0.8416179730965778,25,20,20
48,120,0.03858899688528274,9.055036514513192e-06,0.10608624711958148,0.8553157009586211,25,20,20
48,121,0.006460592630592449,0.0003176433303661181,0.1296077577765856,0.8636140062624555,25,20,20
48,122,0.006460592603787724,0.0003177678934684157,0.144328386390404,0.8488932531123397,25,20,20
48,123,0.00196173920521163,0.00033457354317487813,0.14027103718832173,0.8574326500632914,25,20,20
48,124,0.041839808307437526,0.00031754286268388557,0.0902470215436534,0.8675956272862251,25,20,20
48,125,0.012178706052155833,4.924636589682122e-05,0.12034190450519525,0.8674301430767515,25,20,20
48,126,0.01217870605789268,4.9118652937586465e-05,0.10919474760271702,0.8785774276864529,25,20,20
48,127,0.00020188769416044631,3.6260698781474255e-05,0.16129213299027026,0.8384697186167874,25,20,20
48,128,0.00020437070897295385,6.884391149914696e-07,0.1280894871401298,0.8717054537117825,25,20,20
48,129,0.010544648074571356,6.876245561960098e-07,0.11924790650051252,0.8702067578003596,25,20,20
48,130,0.010547704660404287,1.037167561032524e-06,0.119850834039359,0.8696004241326756,25,20,20
48,131,0.023586821971352884,6.856700939302513e-07,0.09719873163707052,0.8792137607214822,25,20,20
48,132,0.02346826346554555,1.2015180901521049e-05,0.10818845908261769,0.8683312622709345,25,20,20
48,133,0.010767171588547257,0.024005583357251954,0.10898507391259926,0.8562421711416011,25,20,20
48,134,0.011795983712511044,0.039988091249208726,0.08026428788974879,0.8679516371485312,25,20,20
48,135,0.011795971584229398,0.03981191386553896,0.07490318668286755,0.873488927867364,25,20,20
48,136,0.011783426422973748,0.03981177046966598,0.02891217172114274,0.9194926313862173,25,20,20
48,137,0.011783426422743236,0.03999980205036257,0.03024368002027184,0.9179730915066223,25,20,20
48,138,5.720648909003676e-06,0.013884125515200754,0.12415989267228295,0.8619502611636072,25,20,20
48,139,4.4672232057736295e-06,2.290223369885106e-08,0.17760753232631413,0.8223879775482459,25,20,20
48,140,0.00018340841705012008,4.786183731383685e-07,0.1967497863579469,0.8030663266066297,25,20,20
48,141,0.0003541618390410176,3.279783217429344e-06,0.18492362821916583,0.8147189301585752,25,20,20
48,142,0.0002581860008007777,2.510004738963655e-05,0.16843852059967726,0.8312781933521316,25,20,20
48,143,0.0019512253164924147,0.0028169630386809664,0.17050355089766533,0.8247282607471612,25,20,20
48,144,0.03901287514868134,0.00034598845400823604,0.12985961304929405,0.8307815233480159,25,20,20
48,145,9.926665299563123e-06,3.858702861082857e-05,0.21607454130348183,0.7838769450026065,25,20,20
48,146,1.0559374365503419e-05,7.340185058159382e-05,0.18490269355249417,0.8150133452225582,25,20,20
48,147,0.000296770819833646,0.000986782316335426,0.18629234909681316,0.8124240977670165,25,20,20
48,148,0.00036015794165063583,0.0010104724821623891,0.16645560068564233,0.8321737688905441,25,20,20
48,149,0.0003241195314668745,4.7131940964234224e-05,0.16042729449515228,0.8392014540324158,25,20,20
48,150,0.0001743756742890831,0.03176819532962703,0.10433066271584909,0.8637267662802346,25,20,20
48,151,0.0021110483739574626,0.03177382509861231,0.086987327220791,0.8791277993066392,25,20,20
48,152,0.03992096835607424,0.052558534495206505,0.028444464541850522,0.8790760326068684,25,20,20
48,153,0.03992095411099319,0.07947054123432724,0.02107725786834734,0.859531246786332,25,20,20
48,154,0.03992095411068776,0.07947054118146368,0.020066284876370754,0.8605422198314774,25,20,20
48,155,0.039981232785033044,0.07930097640065976,0.01824021098391212,0.862477579830395,25,20,20
48,156,0.039930910484937,0.0788110026044328,0.03578592223840906,0.8454721646722207,25,20,20
48,157,0.03993091048528946,0.07933097348818967,0.011098086722039822,0.869640029304481,25,20,20
48,158,0.00018262150771778494,0.07999157497732966,0.05808126483014708,0.8617445386848053,25,20,20
48,159,0.00018262170269498363,0.059951342195386025,0.09661630939308022,0.8432497267088386,25,20,20
48,160,0.00018262203574593498,0.05972745126548369,0.07138786255626083,0.8687020641425097,25,20,20
48,161,0.0004973451564853405,0.07932495551321679,0.07808098165041313,0.8420967176798846,25,20,20
48,162,0.037715323489267406,0.07997824591064705,0.025895174566563903,0.8564112560335216,25,20,20
48,163,0.005179196573230511,0.08012091726159488,0.04472173955091448,0.8699781466142597,25,20,20
48,164,0.03992958527577391,0.0798067501417033,0.02578045464169479,0.854483209940828,25,20,20
48,165,0.028714439709148856,0.0791397191969484,0.06090270049882575,0.8312431405950766,25,20,20
48,166,0.03980947471351645,0.07997864812309703,0.05971531471852879,0.8204965624448575,25,20,20
48,167,2.7523766833697275e-09,0.07176796485003856,0.11094994093444223,0.8172820914631421,25,20,20
48,168,5.3730810750036245e-08,0.07975447555781102,0.07236959214386807,0.8478758785675095,25,20,20
48,169,0.03462771581204848,0.02031541097389221,0.06785985558736826,0.8771970176266906,25,20,20
48,170,0.034627664838139456,0.020315233171592686,0.06714142853308576,0.8779156734571819,25,20,20
48,171,0.03462767815779256,0.023916894869855244,0.06388357676091268,0.8775718502114396,25,20,20
48,172,0.034627664858105464,0.04002586281773624,0.06098341921509074,0.864363053109067,25,20,20
48,173,0.011824719342687386,0.040023733598458976,0.0782522786655881,0.8698992683932655,25,20,20
48,174,3.0102292802798257e-06,0.039999739706885876,0.0814148000143283,0.8785824500495049,25,20,20
48,175,0.036020516046632305,0.03933153720616531,0.0451267614444789,0.879521185302723,25,20,20
48,176,0.0003039440713406934,0.039331863670853597,0.09975043046881751,0.8606137617889875,25,20,20
48,177,0.0006156290820728917,0.039369244816166556,0.139456986017658,0.8205581400841025,25,20,20
48,178,0.000369515330366454,0.03933186380001965,0.1585501647683398,0.8017484561012735,25,20,20
48,179,5.937188486290244e-07,0.0420410341038239,0.15680643978828437,0.8011519323890428,25,20,20
48,180,5.939000812694416e-07,0.04204180398940567,0.18921855645132965,0.7687390456591825,25,20,20
48,181,3.599994336822964e-07,0.04205181003587939,0.19055493035463997,0.7673928996100464,25,20,20
48,182,2.496953152754066e-07,0.04205102655436635,0.12402247670619868,0.8339262470441193,25,20,20
48,183,3.165821060886003e-07,0.04205038084552895,0.1256023386679217,0.832346963904443,25,20,20
48,184,3.6020704026144973e-09,0.06663005560269271,0.07383464489702998,0.8595352958982068,25,20,20
48,185,1.7331089265003955e-09,0.06661224148717576,0.04546725218107277,0.8879205045986422,25,20,20
48,186,4.1587992774027724e-11,0.07955522986890838,0.020993870107893716,0.8994508999816098,25,20,20
48,187,2.525889554861149e-11,0.07955522981236086,0.045958179420605524,0.8744865907417744,25,20,20
48,188,7.839625258525497e-10,0.039505493182436784,0.09073739579646029,0.8697571102371399,25,20,20
48,189,4.675707569821216e-09,0.03979142271778639,0.10217215003981081,0.8580364225666949,25,20,20
48,190,6.668857432781883e-10,0.03979140936902595,0.10313655217712261,0.8570720377869656,25,20,20
48,191,0.0001704727989733712,0.07974521379564121,0.041135280338993815,0.8789490330663913,25,20,20
48,192,0.00017047280965047635,0.07974521368538696,0.04104049027371553,0.8790438232312467,25,20,20
48,193,0.00017047278240294784,0.04002596284526934,0.08170449720563314,0.8780990671666943,25,20,20
48,194,0.00017047278269371904,0.04002596284721431,0.08995066067232865,0.8698529036977632,25,20,20
48,195,2.417898761449874e-12,0.04002682532608657,0.08080375202465419,0.8791694226468411,25,20,20
48,196,2.057866026863936e-09,0.003308954539191706,0.1285145909386587,0.8681764524642831,25,20,20
48,197,3.2833222976817913e-09,0.0013068457566590922,0.12122325221167422,0.8774698987483437,25,20,20
48,198,0.0002668533163017943,0.0013064527882975846,0.0893570479579608,0.9090696459374393,25,20,20
48,199,1.458013497563955e-07,0.0010752695443519038,0.12020179193684351,0.8787227927174547,25,20,20
48,200,1.8002115081985545e-09,0.0010475432001520047,0.12886423816741518,0.8700882168322213,25,20,20
48,201,6.709397312571445e-08,0.00313057676566192,0.1183102878450986,0.878559068295266,25,20,20
48,202,7.682179077818699e-06,0.02763585553760422,0.111115769478462,0.8612406928048554,25,20,20
48,203,5.877281186742472e-07,0.02656951157880182,0.1280371836684118,0.8453927170246679,25,20,20
48,204,5.896935856348075e-07,0.026570776488592057,0.12004417543061036,0.8533844583872121,25,20,20
48,205,3.351192625817754e-09,0.03933137403317819,0.0883387055385198,0.8723299170771089,25,20,20
48,206,9.711118044717444e-08,0.03934036322086363,0.12499857258669161,0.8356609670812639,25,20,20
48,207,1.7351307758579127e-07,0.0397667036638658,0.13595215907929029,0.8242809637437662,25,20,20
48,208,1.7351297685675857e-07,0.039987932944145196,0.12432335013517264,0.8356885434077053,25,20,20
48,209,0.012904801608720326,0.04002681178504731,0.10886160815452732,0.8382067784517048,25,20,20
48,210,0.012904802846332164,0.040400236911930947,0.1221813492837572,0.8245136109579793,25,20,20
48,211,0.0001173059892445772,0.041673334118895865,0.1572318504700267,0.8009775094218324,25,20,20
48,212,2.2049136089390924e-06,0.031126677189010857,0.20245854423797457,0.7664125736594051,25,20,20
48,213,0.005733689891976577,0.02943905430175064,0.17302411984827326,0.7918031359579988,25,20,20
48,214,0.0061887962021425595,0.022375413327329143,0.18824323297288603,0.783192557497642,25,20,20
48,215,0.017237885218659064,0.023018526534688978,0.22856050713414983,0.7311830811125013,25,20,20
48,216,0.006438999935819594,4.3731526008778674e-05,0.2517829978714197,0.7417342706667513,25,20,20
48,217,1.060395336706083e-05,3.740375500418588e-05,0.2075676581581949,0.7923843341334333,25,20,20
48,218,1.093208747294212e-05,3.6337015113749114e-05,0.2006920705437888,0.799260660353623,25,20,20
48,219,0.0007758753004618366,1.8814842040861106e-05,0.22771388212806634,0.7714914277294299,25,20,20
48,220,0.001032082519274253,7.049814955473184e-07,0.19957681297349386,0.7993903995257357,25,20,20
48,221,0.001054502953811788,8.100815636566504e-05,0.199661313212547,0.7992031756772756,25,20,20
48,222,9.335986326373542e-05,0.0003557613609897566,0.19998201087930947,0.7995688678964364,25,20,20
48,223,9.335991669606206e-05,0.0003189696913659007,0.19662528471701748,0.8029623856749204,25,20,20
48,224,8.597515141127065e-05,0.0019931192801916557,0.15888716116161988,0.8390337444067769,25,20,20
48,225,8.601408553347317e-05,0.001993122645995266,0.15830412212480258,0.8396167411436686,25,20,20
48,226,3.1609150765980185e-06,0.001993105882826808,0.15820004039020918,0.8398036928118867,25,20,20
48,227,0.005631996989981462,0.00044678104811636353,0.15415076549268528,0.8397704564692167,25,20,20
48,228,0.005628976000903809,0.004375572093557512,0.15005758736741737,0.8399378645381209,25,20,20
48,229,5.1835454712019334e-05,0.03207227936439079,0.12905594708655366,0.8388199380943425,25,20,20
48,230,5.4850167888877454e-05,0.028646488732269694,0.13215238368888563,0.8391462774109555,25,20,20
48,231,0.020505246551456566,0.03999036752428566,0.1402639612898575,0.7992404246343997,25,20,20
48,232,1.5605181021236037e-05,0.04122294658558693,0.12478740724387256,0.8339740409895181,25,20,20
48,233,0.0004287964022934951,0.003739435640624795,0.1551478047231491,0.8406839632339316,25,20,20
48,234,0.037659262815141384,8.708180295250744e-11,0.0990513065011226,0.8632894305966541,25,20,20
48,235,0.03765926250083316,8.329916400211552e-11,0.08257910890208497,0.8797616285137826,25,20,20
48,236,0.00017373190397971627,9.29212033566251e-09,0.12029019609356632,0.8795360627103334,25,20,20
48,237,7.1263409950370285e-06,0.0022213728211840627,0.11615537581550713,0.8816161250223137,25,20,20
48,238,6.552436964363333e-06,4.817277459054109e-05,0.09971482120108571,0.900230453587359,25,20,20
48,239,3.104285050030065e-06,3.84496232024811e-10,0.08046771539106407,0.9195291799393894,25,20,20
48,240,3.1043050104614447e-06,6.74091371613592e-11,0.08080000211556422,0.9191968935120158,25,20,20
48,241,1.2087626925618403e-10,1.3130069365810501e-06,0.08182512186455398,0.9181735650076331,25,20,20
48,242,4.802463250094298e-09,6.606675049591539e-07,0.08005516557489639,0.9199441689551346,25,20,20
48,243,2.645219026283618e-05,1.9720364403756433e-08,0.11002667474999572,0.8899468533393766,25,20,20
48,244,2.5654478414491767e-06,2.4597170134904376e-05,0.1334899535442754,0.8664828838377479,25,20,20
48,245,0.03997321102781727,4.224974521091604e-07,0.08495256664185209,0.8750737998328785,25,20,20
48,246,0.007855614495883711,8.13041838789383e-07,0.11957378642970974,0.872569786032567,25,20,20
48,247,0.007972608036543715,3.493560164777915e-07,0.13142488661605767,0.8606021559913809,25,20,20
48,248,0.012161840055463955,1.3444722212486985e-06,0.15801879898751056,0.8298180164848038,25,20,20
48,249,0.03619441813605125,1.9905302926586755e-05,0.16409149025229908,0.7996941863087221,25,20,20
48,250,0.027300332883021024,3.409147789243274e-06,0.1713128180590403,0.801383439910148,25,20,20
48,251,0.02730033363235536,3.412471535957618e-06,0.17061363146348638,0.8020826224326213,25,20,20
48,252,0.0003176131644271481,2.5922536838699456e-06,0.21702609970753525,0.7826536948743525,25,20,20
48,253,0.0001416588149701866,3.792106521830063e-05,0.17789506077064438,0.8219253593491661,25,20,20
48,254,0.0002607021336909782,3.771346061909113e-05,0.17742276283835604,0.8222788215673337,25,20,20
48,255,0.006033597277683814,0.0007483116884261137,0.16234374830584375,0.8308743427280457,25,20,20
48,256,0.005912940524037077,7.886749290481247e-05,0.1549411739578581,0.8390670180251995,25,20,20
48,257,6.998373982627254e-06,5.232868499459818e-05,0.1697052873378238,0.8302353856031983,25,20,20
48,258,9.916045625512648e-06,0.0012872779693627223,0.20149409282997777,0.7972087131550338,25,20,20
48,259,0.0007000055759056946,0.0023804099023306967,0.1758840673324896,0.8210355171892739,25,20,20
48,260,0.00465779523545321,4.225457547606717e-05,0.16281120473747074,0.8324887454515998,25,20,20
48,261,0.0006032356624979516,0.001560481781442654,0.20277592171436237,0.7950603608416971,25,20,20
48,262,1.1017397492225567e-06,0.0018935358718074897,0.15990054807275864,0.8382048143156839,25,20,20
48,263,3.223601907926858e-06,0.0027691807214558057,0.2113088768756386,0.7859187188009971,25,20,20
48,264,1.710853155309092e-05,0.0018945531228732396,0.2102513053953315,0.7878370329502415,25,20,20
48,265,0.0003322516776811809,0.0018935218247830773,0.15802467157144576,0.8397495549260898,25,20,20
48,266,2.4291056277693482e-08,2.738380751372991e-05,0.17581515341417936,0.8241574384872498,25,20,20
48,267,0.00023756436905271298,1.5935637089489798e-05,0.14849255589554333,0.8512539440983145,25,20,20
48,268,0.0003276653357947011,1.5418278831810235e-05,0.1333939689337462,0.8662629474516272,25,20,20
48,269,0.007401729086930693,0.02629170021342689,0.08705657296622504,0.879249997733417,25,20,20
48,270,0.0373165996078021,0.039987627550207246,0.07550678255555873,0.8471889902864317,25,20,20
48,271,0.007822298212432676,0.029977476172277022,0.12350073648713275,0.8386994891281571,25,20,20
48,272,0.0002782672895106373,0.06997729301361477,0.10557230471172914,0.8241721349851449,25,20,20
48,273,0.00027826941637569845,0.04139313333339837,0.1566629539939265,0.8016656432562993,25,20,20
48,274,0.04766106408204836,0.041858189930198714,0.11655178647039786,0.7939289595173549,25,20,20
48,275,0.0028620291109751257,2.9339424858493345e-05,0.2064339183084396,0.7906747131557256,25,20,20
48,276,0.0028620267835475673,2.933649334473328e-05,0.21820655148317963,0.7789020852399269,25,20,20
48,277,3.4116474544308515e-05,6.322012253596207e-05,0.2094660233527156,0.7904366400502029,25,20,20
48,278,0.009101355862250351,5.066985102291257e-05,0.21023765014338833,0.7806103241433371,25,20,20
48,279,0.03187864446933743,4.674012221854723e-05,0.16906813837398846,0.7990064770344547,25,20,20
48,280,0.001496520757304826,1.073469557995319e-06,0.19859995226693036,0.7999024535062058,25,20,20
48,281,0.0021248270481968564,0.0003605529827898861,0.18321751679483733,0.8142971031741757,25,20,20
48,282,0.004418221384535441,7.637821411246771e-05,0.1946032264172967,0.8009021739840557,25,20,20
48,283,0.009744062137398018,6.698173959131993e-07,0.16916545867397606,0.8210898093712293,25,20,20
48,284,0.0034285096824965473,3.467314866738465e-05,0.17717303881367763,0.8193637783551582,25,20,20
48,285,0.0003983595289586789,3.809141639978569e-05,0.1791680386083248,0.8203955104463166,25,20,20
48,286,0.00045986368361401964,3.402722912231268e-05,0.17642100141616981,0.8230851076710941,25,20,20
48,287,0.0002669723463900438,1.2297574921204937e-07,0.18843871526451889,0.8112941894133416,25,20,20
48,288,0.01740666815708538,8.811078733154632e-08,0.13596781017724346,0.8466254335548836,25,20,20
48,289,0.02185836737589426,3.023573634730993e-09,0.12237751195432506,0.8557641176462073,25,20,20
48,290,0.00013182658112262383,8.589282392789417e-06,0.1193767511991039,0.8804828329373808,25,20,20
48,291,5.515694333911561e-06,9.955371714899728e-06,0.13954278360505584,0.860441745328895,25,20,20
48,292,1.1270122049688617e-06,1.1883169028579023e-08,0.12922922432575115,0.8707696367788746,25,20,20
48,293,0.006031296415702088,1.4860221258614649e-05,0.08378848299551926,0.9101653603675195,25,20,20
48,294,0.005911076757781496,0.0006465008529155256,0.1188542284851132,0.8745881939041891,25,20,20
48,295,1.2160927080783097e-05,1.887398898706088e-05,0.12941148282211193,0.8705574822618197,25,20,20
48,296,1.2184303150899985e-05,1.8953724150919492e-05,0.11269095409264446,0.8872779078800532,25,20,20
48,297,0.003987952148918049,6.329334151154884e-07,0.10110002614272785,0.8949113887749388,25,20,20
48,298,0.003987952148798493,6.296879372228311e-07,0.11869426362775375,0.8773171545355107,25,20,20
48,299,0.003987970019328832,6.264620593899183e-07,0.11057874406920759,0.8854326594494044,25,20,20
48,300,0.005272403970353464,4.590614631117726e-06,0.09033991784254322,0.9043830875724721,25,20,20
48,301,0.004164027842277394,6.265653610338546e-07,0.09895201430008567,0.8968833312922756,25,20,20
48,302,0.00017778536867245765,3.3206694832742617e-09,0.1476291655069155,0.8521930458037423,25,20,20
48,303,0.00017746044012853645,2.255383265725065e-07,0.1386854079281332,0.8611369060934122,25,20,20
48,304,2.0198079680047716e-06,2.254469021370335e-07,0.11907273043823392,0.8809250243068958,25,20,20
48,305,2.0198080188426836e-06,2.254018738632428e-07,0.1309794461570968,0.8690183086330099,25,20,20
48,306,0.00032956814687362174,3.477228670601027e-07,0.11572782190338562,0.8839422622268733,25,20,20
48,307,0.0003295649391207459,3.477767897943603e-07,0.11807411551200285,0.8815959717720862,25,20,20
48,308,0.0004267992131146041,3.52956367982558e-07,0.08040977117810218,0.9191630766524146,25,20,20
48,309,0.0004267982771273523,3.5289939752078643e-07,0.08006489686386875,0.9195079519596062,25,20,20
48,310,0.00032961940983218025,3.477213470137283e-07,0.0798893311261099,0.9197807017427109,25,20,20
48,311,0.0003296194262646885,3.5086673037991086e-07,0.08105063837896141,0.9186193913280433,25,20,20
48,312,0.0019082289314557635,4.319097482004421e-07,0.07982906698500504,0.9182622721737905,25,20,20
48,313,0.01205490815246959,1.8970833507800875e-05,0.06759794744803505,0.920328173565987,25,20,20
48,314,0.07724495331537495,6.802972153699916e-12,0.0038271003238027125,0.9189279463540195,25,20,20
48,315,0.07987924924666732,1.4078463940674374e-11,0.00038812561299394213,0.9197326251262602,25,20,20
48,316,0.07987849806107623,3.469095030537434e-09,0.008231152908592883,0.9118903455612358,25,20,20
48,317,0.0798784980612173,3.411548243388759e-09,0.0013722886423585615,0.9187492098848759,25,20,20
48,318,0.04034138381007933,5.147665819634333e-07,0.049208514493880244,0.910449586929458,25,20,20
48,319,0.03600567093378291,3.227538725788542e-09,0.04545761966495545,0.9185367061737231,25,20,20
48,320,0.07198416627174044,2.3596396733879687e-08,0.012173040507212402,0.9158427696246503,25,20,20
48,321,0.03599692305953448,3.705577887441061e-05,0.06992309822835564,0.8940429229332348,25,20,20
48,322,0.03599673821369722,8.625351437535358e-05,0.08484499820600133,0.8790720100659258,25,20,20
48,323,0.03599673821782473,4.96121662196516e-05,0.09207506579848834,0.8718785838174665,25,20,20
48,324,0.03599673952894656,4.895838192994439e-05,0.10773512999090068,0.8562191720982223,25,20,20
48,325,0.004550285447971173,4.966300762475528e-05,0.1351162996291769,0.8602837519152271,25,20,20
48,326,3.1121924232131852e-06,8.592807518169349e-07,0.14952311572795246,0.850472912798872,25,20,20
48,327,0.0001694875413244176,6.946527227695868e-07,0.18238406541077548,0.8174457523951767,25,20,20
48,328,1.5903381000710964e-07,1.857926224459827e-05,0.18116211870540655,0.8188191429985388,25,20,20
48,329,0.00016979641218495614,1.8878361360770636e-05,0.20843588856476672,0.791375436661687,25,20,20
48,330,4.265302427803006e-06,1.8379961782454867e-07,0.19663862826786427,0.8033569226300894,25,20,20
48,331,0.03574793247185621,9.671603305649394e-09,0.15093146033102087,0.8133205975255193,25,20,20
48,332,0.04017260703189299,6.2892028874503585e-09,0.1387868693283358,0.8210405173505678,25,20,20
48,333,0.040206552019202285,6.238864719195195e-09,0.12044080760171604,0.8393526341402168,25,20,20
48,334,0.00014284335162907986,1.881084353411238e-05,0.16016669167025882,0.8396716541345772,25,20,20
48,335,0.00012896154789954,7.532389026158918e-07,0.19154846471156073,0.8083218205016364,25,20,20
48,336,7.374560905222342e-05,1.3050073919828738e-06,0.1725235482394344,0.8274014011441208,25,20,20
48,337,0.0001821109014970863,1.0666297674960235e-06,0.15921912896500454,0.8405976935037309,25,20,20
48,338,0.04162096088486242,6.351411936273609e-05,0.19523722848463101,0.763078296511144,25,20,20
48,339,0.04227270366355192,6.143293883287424e-05,0.19669566411097225,0.7609701992866422,25,20,20
48,340,0.036300654737203265,4.8267353756101964e-05,0.21744920850104932,0.7462018694079903,25,20,20
48,341,0.01553356772669669,5.1034243022423087e-08,0.29955221117528674,0.6849141700637719,25,20,20
48,342,0.013159305088076372,0.026461821790608308,0.28578116903809153,0.6745977040832233,25,20,20
48,343,0.01460060383705236,0.040000619369403294,0.27479047973844073,0.6706082970551033,25,20,20
48,344,0.04965565444765322,0.03999969421345992,0.17618982735400698,0.7341548239848795,25,20,20
48,345,0.05476697959472394,0.03998702925493363,0.1684133264995176,0.7368326646508245,25,20,20
48,346,0.04760669244342067,0.04008171242914629,0.19332949635959915,0.7189820987678339,25,20,20
48,347,0.0767583336199154,0.04005981021846432,0.16401103847357973,0.7191708176880398,25,20,20
48,348,0.03631630350664433,0.03989128957248835,0.2028319989411074,0.720960407979758,25,20,20
48,349,0.04001599495566637,0.039331851366527795,0.21102980214564632,0.7096223515321601,25,20,20
48,350,0.04020848648398332,0.07996441217413607,0.17600658893055499,0.7038205124113248,25,20,20
48,351,0.03987571880853048,0.0793104593400178,0.17774043020150107,0.7030733916499499,25,20,20
48,352,0.0423328171928182,0.07980863354942537,0.15714761805000163,0.7207109312077548,25,20,20
48,353,0.04427962121977514,0.08177633732720127,0.20044560375239523,0.6734984377006279,25,20,20
48,354,0.01066134449975687,0.08062240230406538,0.22670460756241367,0.6820116456337635,25,20,20
48,355,0.010661344562168037,0.06686615885107612,0.2803621711425077,0.6421103254442471,25,20,20
48,356,0.03997357705917129,0.10632169120643532,0.23351806237033376,0.6201866693640595,25,20,20
48,357,0.015586494364469218,0.10636457796746558,0.20803953001670825,0.6700093976513561,25,20,20
48,358,0.015586217722022651,0.12001892552428503,0.18450021869809816,0.6798946380555931,25,20,20
48,359,0.0531453464123517,0.11983257550408273,0.1476541153431515,0.6793679627404136,25,20,20
48,360,0.04012206963695476,0.1198219921125696,0.1190320870237298,0.7210238512267455,25,20,20
48,361,0.03999319240450685,0.12087718853841539,0.12030947139930694,0.7188201476577705,25,20,20
48,362,0.03812102917509304,0.09309356706078929,0.14982556864245666,0.7189598351216607,25,20,20
48,363,0.07479439670087425,0.08289668263466099,0.12313194230482923,0.7191769783596347,25,20,20
48,364,0.09499203708590154,0.0800101639649361,0.11591475115256897,0.7090830477965926,25,20,20
48,365,0.07160257481039521,0.05997053037099776,0.18688669342961628,0.6815402013889904,25,20,20
48,366,0.007770318656640597,0.06927449402451628,0.21291432187468584,0.7100408654441566,25,20,20
48,367,0.0005252368553029242,0.01676484176124061,0.2731099700023999,0.7095999513810564,25,20,20
48,368,0.03867373663702339,0.002555355945082559,0.25488299604844,0.7038879113694538,25,20,20
48,369,0.040942635556340035,3.870307301333349e-05,0.23875774262732566,0.7202609187433197,25,20,20
48,370,0.043169167570965374,0.04001670007821653,0.16514427989083186,0.7516698524599854,25,20,20
48,371,0.04978992855067714,0.03938004598745157,0.15878079308775084,0.75204923237412,25,20,20
48,372,0.09056342947498434,0.03180634166277576,0.11852623203459142,0.7591039968276482,25,20,20
48,373,0.03744302189464864,0.041845220926211193,0.16209385668315668,0.758617900495983,25,20,20
48,374,0.009138300993161489,0.04201834119389928,0.1897779850586163,0.7590653727543222,25,20,20
48,375,9.116568108243537e-06,0.0818273070325761,0.1774156472521851,0.7407479291471303,25,20,20
48,376,0.0716893590024629,0.08003199753166712,0.13846957385640932,0.7098090696094606,25,20,20
48,377,0.071698289397254,0.0799952458646473,0.13774926746404434,0.7105571972740536,25,20,20
48,378,0.034196878350172134,0.08247010739323724,0.14220628167315502,0.7411267325834346,25,20,20
48,379,0.0363488549843231,0.08068286969729987,0.13086796446258164,0.7521003108557953,25,20,20
48,380,0.03657645377125438,0.07950380022059009,0.12519474047158446,0.7587250055365703,25,20,20
48,381,0.04317321343659643,0.07977394367638124,0.17034858529805763,0.7067042575889627,25,20,20
48,382,0.03604867099909397,0.08211290769142982,0.12339306680420246,0.7584453545052732,25,20,20
48,383,0.0011832737701104048,0.05980743315927411,0.1798702493467809,0.7591390437238349,25,20,20
48,384,0.004364324948449544,0.040482679987262626,0.19562533209041355,0.759527662973874,25,20,20
48,385,3.249268002338418e-06,0.04107502220609155,0.22189350086926585,0.7370282276566396,25,20,20
48,386,6.709229028014578e-06,0.0430557258841308,0.25233798813678116,0.7045995767500592,25,20,20
48,387,0.030804007955214083,0.03933263797796622,0.22284650874225645,0.7070168453245632,25,20,20
48,388,0.031130300562658995,0.04002509173102196,0.221538961367397,0.7073056463389217,25,20,20
48,389,0.040258467951866043,8.645821162552824e-05,0.2548659401279371,0.7047891337085708,25,20,20
48,390,0.07677330033368292,8.732865571323721e-05,0.17847911240543385,0.7446602586051693,25,20,20
48,391,0.03822925869600796,4.916006082131732e-05,0.18007881931162528,0.7816427619315449,25,20,20
48,392,0.038229239852355976,0.0009131223562060942,0.21940777920731003,0.7414498585841267,25,20,20
48,393,0.001613112457117204,2.138219476077067e-07,0.24864911333742434,0.7497375603835097,25,20,20
48,394,0.0003980256737137535,0.0013288307721390905,0.24048654217531737,0.7577866013788288,25,20,20
48,395,0.0002786310383553516,0.0013096776252561654,0.28927206860557986,0.7091396227308067,25,20,20
48,396,0.012769429253071514,1.1729763983439434e-05,0.24627175624917894,0.7409470847337642,25,20,20
48,397,0.012774513717227614,1.0874704476942765e-05,0.22911162217700642,0.7581029894012883,25,20,20
48,398,0.009957098128001263,0.0344215111165558,0.19715850979418917,0.7584628809612532,25,20,20
48,399,0.00012193637042127713,0.07296742340469979,0.1360076694007084,0.7909029708241703,25,20,20
48,400,0.050959423267584326,0.07300277301784223,0.07627431298735553,0.7997634907272176,25,20,20
48,401,0.05155051409435414,0.0596832432496489,0.10392106190157423,0.7848451807544227,25,20,20
48,402,0.05071151010371291,0.061452067819302174,0.08611519200864372,0.8017212300683404,25,20,20
48,403,0.03771729009021925,0.02036878115776386,0.14227642475445634,0.7996375039975595,25,20,20
48,404,0.03212610987161349,0.020409945044998944,0.14733148296631973,0.8001324621170675,25,20,20
48,405,0.016533866647740564,0.02106696417053947,0.16025129264765595,0.8021478765340625,25,20,20
48,406,0.0380849251103718,0.02035610859368031,0.15537010971555487,0.7861888565803922,25,20,20
48,407,0.038575516100697864,1.469513245630334e-07,0.137055312232846,0.8243690247151311,25,20,20
48,408,0.07576336429843362,1.7797592507917905e-07,0.11428595452380874,0.8099505032018313,25,20,20
48,409,0.04541735270217674,1.5551917407253647e-05,0.12664912308036638,0.8279179723000485,25,20,20
48,410,0.0005592893664008035,4.2726736230537625e-05,0.17654518897769575,0.8228527949196726,25,20,20
48,411,0.043099929282600515,6.983944693060433e-11,0.13947987824859845,0.8174201923989609,25,20,20
48,412,0.03616641262151834,1.9308810595561718e-05,0.1297667595186062,0.8340475190492792,25,20,20
48,413,0.036751764255877596,6.518280676864371e-07,0.12234894685436767,0.8408986370616859,25,20,20
48,414,0.036751654978755335,9.75556116192776e-07,0.12191788749737968,0.8413294819677475,25,20,20
48,415,0.036166294335092046,3.896326294357885e-05,0.16255995801713244,0.8012347843848316,25,20,20
48,416,0.03616307509805655,0.0022635298247889067,0.14656526771400102,0.8150081273631521,25,20,20
48,417,0.009228706091168997,0.00025073590851644017,0.17289438307864494,0.8176261749216688,25,20,20
48,418,0.036199575426497224,4.600203354535209e-05,0.09400437379438223,0.8697500487455752,25,20,20
48,419,0.03619957544612972,4.612344743334556e-05,0.09448802595194565,0.8692662751544905,25,20,20
48,420,0.03619957363859663,4.6980542600993536e-05,0.10060970423108824,0.8631437415877136,25,20,20
48,421,0.007814197385985638,6.47554562845379e-05,0.12008738060293186,0.8720336665547979,25,20,20
48,422,0.007814197391024614,6.475545510111363e-05,0.12906313107405726,0.8630579160798164,25,20,20
48,423,0.00781395498145202,1.655836614798964e-05,0.1349819150985425,0.8571875715538568,25,20,20
48,424,6.04920985647371e-06,1.6555825645370615e-05,0.11925979903337611,0.8807175959311211,25,20,20
48,425,6.049210129344287e-06,1.6555710615553627e-05,0.08867828250216919,0.9112991125770855,25,20,20
48,426,6.049209433611072e-06,1.655576177631781e-05,0.08854893404724494,0.911428460981545,25,20,20
48,427,0.0015176283455466122,1.663668828708201e-05,0.08011718297763379,0.918348551988532,25,20,20
48,428,2.8004091284564765e-05,0.015460833786324764,0.08445613479480507,0.900055027327586,25,20,20
48,429,1.0000371011544393e-07,0.0019141568469528629,0.07992932837284167,0.9181564147764948,25,20,20
48,430,0.00011933260409246728,0.0019141531232723967,0.08675917390274272,0.9112073403698918,25,20,20
48,431,2.2734035000124506e-06,0.0019141661911053407,0.09640596633996673,0.9016775940654276,25,20,20
48,432,2.1749599363829684e-06,4.058474228544421e-05,0.08821737228623851,0.9117398680115397,25,20,20
48,433,0.00314093520097726,9.035683483433913e-06,0.10094924519540184,0.8959007839201371,25,20,20
48,434,0.0029697636347091267,9.87506073181918e-06,0.14103923639777524,0.8559811249067839,25,20,20
48,435,0.032495317939590714,1.8976227663165489e-07,0.08872952781025122,0.8787749644878808,25,20,20
48,436,0.04028539804737018,2.4341901320071135e-07,0.08831106296610404,0.871403295567512,25,20,20
48,437,8.982220085876473e-05,6.423978509215299e-09,0.08964745231417831,0.9102627190609841,25,20,20
48,438,0.03484207929151,3.944183361983096e-08,0.06252643549362946,0.9026314457730268,25,20,20
48,439,0.013040638095094856,1.5368735841390233e-07,0.08360589529793547,0.9033533129196107,25,20,20
48,440,0.013040638430291528,1.5180625068856434e-07,0.08658093184196021,0.9003782779214969,25,20,20
48,441,0.00021396634155432438,1.365084607104833e-05,0.10495299820688357,0.8948193846054903,25,20,20
48,442,3.130919102431089e-06,1.4712058493349676e-05,0.10631672416406301,0.8936654328583404,25,20,20
48,443,3.105027126641099e-06,1.5481855791445195e-08,0.10831476380468696,0.8916821156863299,25,20,20
48,444,3.158474195401189e-06,8.625858161368224e-07,0.1326100877156577,0.8673858912243305,25,20,20
48,445,3.158474020238354e-06,8.625002423507087e-07,0.09565858862894226,0.9043373903967953,25,20,20
48,446,3.1585039321817997e-06,8.683640565882759e-07,0.08843727453516353,0.9115586985968475,25,20,20
48,447,3.1787058211946846e-06,1.1380548945891633e-05,0.11865769651913081,0.8813277442261014,25,20,20
48,448,0.03984953461826174,1.1377476047213337e-05,0.1056134199218723,0.8545256679838183,25,20,20
48,449,0.039969914033726975,6.476873122633191e-09,0.08845026946967333,0.8715798100197264,25,20,20
48,450,0.03984951945966412,6.010527945849555e-07,0.04933030657755645,0.9108195729099847,25,20,20
48,451,3.672200795278158e-06,1.7457303588825159e-06,0.07919164350019336,0.9208029385686521,25,20,20
48,452,3.6671380330108524e-06,2.0022995178426116e-05,0.08620248359933141,0.9137738262674566,25,20,20
48,453,4.915387511353336e-13,3.679169601427347e-05,0.057009337954594626,0.942953870348899,25,20,20
48,454,1.3738293713000214e-13,3.67890541634456e-05,0.04146068347366962,0.9585025274720295,25,20,20
48,455,0.0029392364760830263,0.03958168076412147,0.040385276983165026,0.91709380577663,25,20,20
48,456,0.0001134115379002992,0.03980606701259179,0.04256473916267136,0.9175157822868363,25,20,20
48,457,0.00011341153154191834,0.03979553866759948,0.0409867491512816,0.9191043006495768,25,20,20
48,458,0.0031648461327378925,0.039795197489898834,0.08038726677652644,0.8766526896008364,25,20,20
48,459,1.0653866524368263e-07,0.0397951941901358,0.11707174909514771,0.8431329501760508,25,20,20
48,460,2.3731322027183533e-06,0.03975346486113422,0.09859734140501906,0.8616468206016437,25,20,20
48,461,2.3210233954441068e-08,0.03999971685554657,0.08050820359132675,0.8794920563428924,25,20,20
48,462,2.073869604920772e-06,0.03999971715657523,0.08088704302697568,0.879111165946844,25,20,20
48,463,0.038027942109672225,0.02031471156380428,0.07115582148240701,0.8705015248441161,25,20,20
48,464,0.03802794212743226,3.679560255417531e-05,0.08360432990887905,0.8783309323611346,25,20,20
48,465,0.03816089759340693,3.693611130346049e-05,0.09144859268704873,0.8703535736082406,25,20,20
48,466,0.038030002530339994,3.679236236646386e-05,0.09860540027934145,0.8633278048279514,25,20,20
48,467,0.038030002529318256,6.537837631669624e-07,0.0822242794081433,0.8797450642787753,25,20,20
48,468,0.03803666080439504,1.1896217569342898e-06,0.08398998564913494,0.8779721639247126,25,20,20
48,469,1.584848979583268e-07,6.580897696906826e-07,0.13582112113750802,0.8641780622878241,25,20,20
48,470,0.00016930701931130258,1.2557121057207292e-06,0.15773039800292868,0.8420990392656538,25,20,20
48,471,0.005807200643900956,4.937299586859181e-07,0.13002871163804183,0.8641635939880982,25,20,20
48,472,0.03707329264963784,8.977673024498221e-07,0.12079890313594317,0.8421269064471167,25,20,20
48,473,0.03707328881454845,8.848880290738051e-07,0.09906646677966503,0.8638593595177568,25,20,20
48,474,0.010791636042323149,2.036550633124013e-07,0.11035028264549746,0.8788578776571156,25,20,20
48,475,0.010456191601992886,2.1159913322859648e-07,0.11096328035760022,0.8785803164412738,25,20,20
48,476,0.0004890223452229604,8.44867543430673e-07,0.16549965849071666,0.8340104742965163,25,20,20
48,477,1.0878304203018345e-07,8.32977400101517e-07,0.16150527785391983,0.8384937803856373,25,20,20
48,478,0.004972105173532605,0.00020462377427322927,0.13661074022135,0.8582125308308436,25,20,20
48,479,0.00011799541559910217,0.0002046233594733618,0.13590974883483195,0.8637676323900949,25,20,20
48,480,0.00011799845418178401,0.0002046210174763756,0.11742942115951056,0.8822479593688312,25,20,20
48,481,0.00011889463628564103,8.712409304976487e-06,0.11837569171921106,0.881496701235198,25,20,20
48,482,0.00012118470295662989,1.0930189542078688e-05,0.17772694061250496,0.8221409444949964,25,20,20
48,483,1.0826556570588195e-05,1.1614584405732643e-05,0.16908689139459823,0.8308906674644249,25,20,20
48,484,0.03731436067434637,1.463253732212505e-05,0.1262285360478797,0.8364424707404509,25,20,20
48,485,0.03731283365831178,1.5463639974229933e-06,0.12365296806233726,0.8390326519153526,25,20,20
48,486,0.00018931182599549602,1.1402665554299583e-05,0.17961892347484987,0.8201803620335997,25,20,20
48,487,0.00018905314440652432,4.6536848904403535e-05,0.1672486459898474,0.8325157640168408,25,20,20
48,488,0.03055185881389475,0.0009186894407134037,0.14688577465885527,0.8216436770865363,25,20,20
48,489,0.03055199989337138,0.002445625850719862,0.13493165334550333,0.832070720910405,25,20,20
48,490,0.00021516744171235186,1.3707775037349445e-05,0.15092992537640895,0.848841199406841,25,20,20
48,491,0.000215157877210823,5.848338210428709e-05,0.12827073650450907,0.8714556222361751,25,20,20
48,492,6.014961599795324e-06,4.563236087067904e-05,0.19418153400172725,0.8057668186758015,25,20,20
48,493,0.03992433753224036,8.617395008272662e-07,0.15426376679958595,0.8058110339286726,25,20,20
48,494,0.00011662998921661423,2.2332974150423441e-07,0.171435945122217,0.8284472015588239,25,20,20
48,495,0.00022805051154815734,5.621878149301867e-07,0.13740807026223473,0.8623633170384015,25,20,20
48,496,0.05722654055677341,2.3170667465322495e-09,0.06277659883646247,0.879996858289697,25,20,20
48,497,0.037318650735296596,0.0004767986154190879,0.0893870918907115,0.8728174587585725,25,20,20
48,498,0.03731664342258807,1.8846039018953466e-05,0.08362895034698072,0.879035560191412,25,20,20
48,499,1.8762653773171889e-06,5.7092986892614174e-05,0.18046883505433045,0.8194721956933998,25,20,20
48,500,1.2297473954651138e-06,0.038776097317177696,0.19990494492349176,0.7613177280119351,25,20,20
48,501,1.2353344557547851e-06,0.038788101473532045,0.1621957761708304,0.7990148870211813,25,20,20
48,502,4.991123080704736e-05,0.03876631167294516,0.1631427077005734,0.7980410693956737,25,20,20
48,503,0.00012292715476579856,0.050486654034436314,0.1512121046789389,0.7981783141318587,25,20,20
48,504,0.0001304184151696865,0.05121665425606995,0.11922691252846004,0.8294260148002995,25,20,20
48,505,0.01045403316714547,0.03936868384732224,0.12731267621569423,0.8228646067698374,25,20,20
48,506,0.00012665178875233686,0.03999054896466527,0.15130259498581536,0.808580204260767,25,20,20
48,507,0.03739559431908339,0.039990549089858794,0.09861499083628114,0.8239988657547765,25,20,20
48,508,0.07765402326328537,0.04029206984005501,0.04202162586744811,0.840032281029211,25,20,20
48,509,0.03592472133642359,0.03999055908498937,0.08417178982616283,0.8399129297524243,25,20,20
48,510,0.03564916711655409,0.039479821410770534,0.1324050753475249,0.7924659361251503,25,20,20
48,511,0.039125951977010055,0.04000095757417551,0.12088244843891417,0.7999906420098999,25,20,20
48,512,0.04700132646446308,0.040005174882960216,0.09663449576194875,0.8163590028906276,25,20,20
48,513,0.03855965957248363,0.04006574228686551,0.08898366498588814,0.8323909331547624,25,20,20
48,514,0.038557972811415084,0.0394798499792793,0.08436542224336695,0.8375967549659386,25,20,20
48,515,0.03855494557672721,0.039479843638620976,0.09867330227421783,0.8232919085104335,25,20,20
48,516,0.03855494635122085,0.03947982876312659,0.10411818550238998,0.8178470393832624,25,20,20
48,517,0.03988972481784206,0.039467863930454705,0.15339096204029068,0.767251449211412,25,20,20
48,518,0.005401598649841037,0.03970069367786455,0.1295093516331462,0.8253883560391477,25,20,20
48,519,0.005227474441943088,0.030462315671477277,0.09890579279145661,0.8654044170951223,25,20,20
48,520,0.034189823344999384,0.0019949274775484457,0.1052510570235906,0.8585641921538604,25,20,20
48,521,0.00025822334360890156,0.0019942883821883247,0.15850675014534552,0.8392407381288565,25,20,20
48,522,0.007479080903309723,0.022839857266132822,0.1382895825446547,0.8313914792859021,25,20,20
48,523,5.890306757123506e-06,0.039815552272477725,0.09929001671253715,0.860888540708228,25,20,20
48,524,5.890291688270436e-06,0.002512185384829879,0.13792255063805867,0.8595593736854229,25,20,20
48,525,3.451181246094723e-09,6.810315034754441e-07,0.13989140475961506,0.8601079107577001,25,20,20
48,526,1.9233779610330116e-07,3.671495265681403e-05,0.12105225296577618,0.8789108397437704,25,20,20
48,527,1.3114505388938053e-06,4.8418626427980394e-05,0.12114622995845467,0.8788040399645783,25,20,20
48,528,3.74571106529357e-08,0.039999798869058016,0.08109733727947706,0.8789028263943538,25,20,20
48,529,0.03985733380454749,0.03999978740378273,0.04157449315554723,0.8785683856361222,25,20,20
48,530,0.039864234623534146,0.039999796716354334,0.04165021673434057,0.8784857519257705,25,20,20
48,531,0.00577191669913309,0.039764046067931914,0.08494563316805731,0.8695184040648773,25,20,20
48,532,2.0408132323407408e-06,0.03976403410587934,0.08174489600698735,0.8784890290739003,25,20,20
48,533,4.777652938701255e-09,0.022843668013747143,0.13549065465527899,0.8416656725533203,25,20,20
48,534,0.0041821638483987835,0.002527221448988242,0.1519699284383176,0.8413206862642947,25,20,20
48,535,0.004186921355577652,0.0013495353298799547,0.15776020605703361,0.8367033372575081,25,20,20
48,536,0.00046336755450748204,0.0016164595473393908,0.1970742415459261,0.8008459313522266,25,20,20
48,537,0.0001360709629934505,8.33881034668539e-06,0.1618794809154732,0.8379761093111858,25,20,20
48,538,0.005144532554226524,0.016524732576898217,0.13954091889607567,0.8387898159727994,25,20,20
48,539,0.00014816273793995073,0.01654406109136541,0.18121889534861504,0.8020888808220793,25,20,20
48,540,0.00014816062368442907,0.018536889303677778,0.18213075575431323,0.7991841943183239,25,20,20
48,541,3.6132829980014644e-08,0.0248876446409725,0.23707297236827624,0.7380393468579204,25,20,20
48,542,3.690357238994726e-08,0.025900983579654518,0.19884885516850428,0.7752501243482677,25,20,20
48,543,0.03622121336929942,0.024869014659060856,0.14739852401322456,0.7915112479584144,25,20,20
48,544,0.029677833766247542,0.03158720757379808,0.1476354001767855,0.791099558483168,25,20,20
48,545,0.035135956586366104,0.030093469578402837,0.15839662801876567,0.7763739458164653,25,20,20
48,546,0.04086846144161585,0.03998578943337853,0.11198125867936548,0.8071644904456395,25,20,20
48,547,0.040867779002980394,0.039979172903711654,0.09788299237814639,0.8212700557151612,25,20,20
48,548,0.007641798634843299,0.04001560534772572,0.11425700986600808,0.8380855861514227,25,20,20
48,549,0.005731848082457165,0.06371104326506712,0.13590570743615024,0.794651401216325,25,20,20
48,550,0.009720105821761619,0.042623740831800525,0.14446992037016376,0.8031862329762732,25,20,20
48,551,0.009720177598090345,0.04258696860537152,0.10500705031374923,0.8426858034827888,25,20,20
48,552,0.00041811055552978176,3.781838996192795e-05,0.1775312543080922,0.8220128167464155,25,20,20
48,553,0.03989549790509075,0.0009136623871014111,0.1536619562583667,0.8055288834494406,25,20,20
48,554,0.0014924828649032682,1.946351889805521e-05,0.15745577346014167,0.8410322801560564,25,20,20
48,555,2.3728497621720462e-06,7.33897962771799e-05,0.13926194025000455,0.8606622971039559,25,20,20
48,556,0.010559089058677166,4.904338989517677e-05,0.1561397308556251,0.8332521366958028,25,20,20
48,557,0.0002462728378381695,5.153563935271375e-07,0.16592768922777934,0.8338255225779885,25,20,20
48,558,0.00024627387212228843,3.563749081583086e-05,0.16758614602818434,0.8321319426088771,25,20,20
48,559,0.00732250018124058,7.858428744916847e-07,0.12284991928179215,0.8698267946940923,25,20,20
48,560,0.007322427004879216,1.148873719098569e-06,0.13816100268198805,0.8545154214394135,25,20,20
48,561,0.029724404589612025,6.564371726339614e-06,0.16593034644000018,0.8043386845986603,25,20,20
48,562,0.027477780884074775,0.039422640232220564,0.08526773532462893,0.8478318435590753,25,20,20
48,563,0.0274777111643469,3.681817103767019e-05,0.10231361301221023,0.870171857652405,25,20,20
48,564,0.0045456974815789334,3.676702988211061e-05,0.11543081790226087,0.8799867175862777,25,20,20
48,565,0.03484540070720306,3.676766035116643e-05,0.08606695509686485,0.8790508765355802,25,20,20
48,566,0.03484720984680411,3.5145807427287455e-05,0.10421355174027085,0.8609040926054975,25,20,20
48,567,0.03484334666074929,3.514573458036026e-05,0.10417754375830399,0.860943963846366,25,20,20
48,568,0.039854641345666325,0.020089489791504964,0.08864192427477771,0.851413944588051,25,20,20
48,569,0.03985402408125263,0.013166394618229075,0.04784034705553985,0.899139234244978,25,20,20
48,570,0.02803823142093083,0.020391715858300324,0.03380133538831943,0.9177687173324495,25,20,20
48,571,0.028038232005911067,0.0021429973201070747,0.051053174775848066,0.9187655958981337,25,20,20
48,572,6.161485802218233e-05,1.8864656839578585e-05,0.0610322799044084,0.9388872405807295,25,20,20
48,573,9.7128757751971e-08,1.8861423523244573e-05,0.040789846918090636,0.9591911945296283,25,20,20
48,574,3.069282137587928e-11,0.029438610466612766,0.05017286421510735,0.9203885252875866,25,20,20
48,575,1.6419190144490967e-11,0.03999583349106264,0.0399384692112904,0.920065697281228,25,20,20
48,576,4.614296538196433e-13,0.03999582977424204,0.034818391634646916,0.9251857785906494,25,20,20
48,577,1.0389796440404512e-13,0.039996828142471276,0.019726738389346247,0.9402764334680785,25,20,20
48,578,5.017293689467229e-13,0.03999664407518958,0.007743574922205934,0.952259781002103,25,20,20
48,579,2.2978938632801725e-16,0.03999664407315123,0.000826398695868462,0.9591769572309802,25,20,20
48,580,2.0031898022825742e-09,0.001934600888187432,0.03894205752289432,0.959123339585728,25,20,20
48,581,1.085904636116612e-09,0.0019345303874418532,0.07187001150536579,0.9261954570212878,25,20,20
48,582,3.6611591829996275e-11,0.0007033885341708636,0.07223179580809261,0.927064815621125,25,20,20
48,583,0.00020363892072272898,1.3170552939659235e-07,0.06667441080548452,0.9331218185682637,25,20,20
48,584,0.00020363967644889644,2.1424993492440275e-08,0.07154076731527642,0.928255571583281,25,20,20
48,585,3.754386572562563e-06,3.5846903065299646e-05,0.09577352495796125,0.9041868737524008,25,20,20
48,586,8.054243181064745e-08,3.5846961040597385e-05,0.09687359379980132,0.903090478696726,25,20,20
48,587,1.7826228323688562e-08,5.40513760891424e-05,0.09823601743630897,0.9017099133613735,25,20,20
48,588,3.028758732651932e-11,1.3067111871595716e-06,0.09798333242873877,0.9020153608297865,25,20,20
48,589,1.8508452361529558e-06,1.8620332084145042e-05,0.09793247903919208,0.902047049783487,25,20,20
48,590,1.942016105047133e-06,5.529883783401854e-05,0.12969378080892102,0.8702489783371393,25,20,20
48,591,0.0005945000075794354,4.338343368961087e-06,0.12155424607976816,0.8778469155692828,25,20,20
48,592,6.281591220786823e-05,0.0007517740548346213,0.0948117933322073,0.9043736167007497,25,20,20
48,593,6.281499815300574e-05,0.0007451044015516077,0.07985066181547895,0.9193414187848163,25,20,20
48,594,0.0003982299991535766,4.0010291802613916e-07,0.08013766464564616,0.9194637052522823,25,20,20
48,595,8.644607876220511e-05,6.766723708503538e-08,0.08867534572344402,0.911238140530557,25,20,20
48,596,0.008017483704895667,1.5382433061389517e-07,0.0724553003250017,0.9195270621457722,25,20,20
48,597,0.00033025549214816397,5.044597703917649e-09,0.0992239575751379,0.900445781888116,25,20,20
48,598,0.00033025549081643524,4.9859039967730724e-09,0.09843815382365233,0.9012315856996267,25,20,20
48,599,0.00033025572828308906,1.839893424508454e-07,0.11736495549422664,0.8823046047881477,25,20,20
48,600,0.00033025550785477787,8.184074823391091e-07,0.08261883003800491,0.9170500960466572,25,20,20
48,601,0.00023972599441690883,5.995331308104641e-07,0.08093892628440572,0.9188207481880457,25,20,20
48,602,0.00023307938499854189,0.0010319554327822918,0.08294722274666283,0.9157877424355563,25,20,20
48,603,0.00023693241979850832,1.283820397713166e-06,0.08125511145657402,0.9185066723032292,25,20,20
48,604,3.853100865007567e-06,1.8442383318615973e-06,0.11622508184424213,0.8837692208165612,25,20,20
48,605,3.854517593448819e-06,1.8444230713982415e-06,0.11520943129440181,0.8847848697649332,25,20,20
48,606,3.854531114918852e-06,1.272991093750349e-06,0.08110875795344415,0.9188861145243472,25,20,20
48,607,4.731392261107383e-06,1.2595332891939912e-06,0.08174655325238972,0.9182474558220597,25,20,20
48,608,1.1254357084064672e-07,6.692181440552267e-07,0.08104236873673129,0.9189568495015534,25,20,20
48,609,4.466212308406641e-08,2.8184243268847327e-09,0.04885655600278427,0.951143396516668,25,20,20
48,610,4.46459986888259e-08,2.818417425270675e-09,0.10535956535068548,0.8946403871848984,25,20,20
48,611,0.036175834489065216,6.459440410665261e-07,0.05375704946063833,0.910066470106255,25,20,20
48,612,1.9198671780142265e-06,1.9587972679817987e-05,0.12543706802585924,0.8745414241342825,25,20,20
48,613,1.2069852524247436e-09,7.54317875994789e-05,0.0925208738201587,0.907403693185256,25,20,20
48,614,1.0162009893519043e-07,1.8732489884563992e-05,0.13724270044487163,0.8627384654451447,25,20,20
48,615,3.0842753735480016e-10,0.029863082443764403,0.09821895958487356,0.8719179576629341,25,20,20
48,616,5.3152135094476717e-08,0.029863079302571406,0.09829300451113729,0.8718438630341556,25,20,20
48,617,1.145637495790457e-12,0.04002225425872459,0.040763687539619765,0.9192140582005094,25,20,20
48,618,1.146739471344241e-12,0.04002225420212327,0.05311679389679431,0.9068609518999355,25,20,20
48,619,1.5483225484236204e-12,0.04002289790912029,0.04110190026908647,0.9188752018202447,25,20,20
48,620,6.33272232603034e-12,0.031760216862554556,0.05049622657052484,0.9177435565605873,25,20,20
48,621,3.2080681149927085e-09,0.040000298855382914,0.03868789282288463,0.9213118051136641,25,20,20
48,622,2.2382167634427227e-11,0.03999967211389255,0.04148693345572608,0.9185133944079987,25,20,20
48,623,6.88730056333108e-08,0.03999967210883129,0.04163153885213477,0.9183687201660281,25,20,20
48,624,6.887873901212759e-08,0.039999672107756144,0.04075581627646972,0.9192444427370349,25,20,20
48,625,6.887318811171947e-08,0.03999967210752381,0.05750263262752235,0.9024976263917656,25,20,20
48,626,6.887319159712419e-08,0.039987907850521934,0.0488834083964618,0.9111286148798249,25,20,20
48,627,6.889218309564821e-08,0.039252014500648025,0.06003788064077562,0.900710035966393,25,20,20
48,628,5.2495831128793025e-08,0.03933135153500217,0.08129775847937787,0.8793708374897884,25,20,20
48,629,5.249603930018476e-08,0.03933135148307443,0.09078908985791173,0.8698795061629743,25,20,20
48,630,6.036143772933563e-06,0.039331348439693284,0.04217615403800597,0.9184864613785271,25,20,20
48,631,0.00013476724110553307,0.03935324575094462,0.08183981501031777,0.8786721719976317,25,20,20
48,632,6.036166280104827e-06,0.039331348442408175,0.042287920164430816,0.918374695226881,25,20,20
48,633,6.035223829593148e-06,0.03999975906048823,0.040784710710930164,0.919209495004752,25,20,20
48,634,3.6590074509698366e-08,0.03947966347819443,0.04205583617399574,0.9184644637577349,25,20,20
48,635,3.659007435236717e-08,0.031768007787944724,0.05613122004335039,0.9121007355786303,25,20,20
48,636,0.003145725147549603,2.1010491097847302e-08,0.10068182020780571,0.8961724336341534,25,20,20
48,637,0.03609832524441344,4.858583284541584e-08,0.044347554567717926,0.919554071602036,25,20,20
48,638,0.03609832526047958,4.864441293013723e-08,0.05420873607020221,0.9096928900249052,25,20,20
48,639,0.0004245199595175911,2.5965180297652502e-08,0.0997606618480734,0.8998147922272283,25,20,20
48,640,0.0004245199653244146,2.9236013051065636e-08,0.11758393504218512,0.8819915157564772,25,20,20
48,641,0.00011182964007145243,3.1358607925474826e-05,0.10062517832687078,0.8992316334251322,25,20,20
48,642,1.4771400893224268e-05,4.372171857737705e-05,0.09780043482917562,0.9021410720513536,25,20,20
48,643,5.114627572779644e-07,1.6255374434980095e-05,0.0965793730371,0.9034038601257075,25,20,20
48,644,4.24096734061041e-06,9.884835561092435e-06,0.11717914003726772,0.8828067341598307,25,20,20
48,645,6.420444417817188e-06,3.76691553980933e-07,0.12167995056763611,0.878313252296392,25,20,20
48,646,0.0015637280646127018,4.837790386835802e-06,0.12867697034343914,0.8697544638015612,25,20,20
48,647,0.0002486072921422641,5.727654681638635e-07,0.12868542798581628,0.8710653919565725,25,20,20
48,648,0.003411646554956715,3.737807734728715e-07,0.1347009239144973,0.8618870557497722,25,20,20
48,649,1.1391122362486418e-10,1.3107885698983822e-05,0.14613696053141415,0.8538499314689757,25,20,20
48,650,0.001810718697806464,3.6584653487112107e-07,0.1256536668437727,0.8725352486118859,25,20,20
48,651,0.0018107195612331434,1.05784597622804e-05,0.12633898589155615,0.871839716087448,25,20,20
48,652,0.012677641975013547,1.0226949162568273e-05,0.06810150521034929,0.9192106258654743,25,20,20
48,653,0.0003245306482768017,1.0218694952452756e-05,0.0968425490310298,0.9028227016257406,25,20,20
48,654,0.009370942707114088,1.7067146322860124e-07,0.10308064944086,0.887548237180562,25,20,20
48,655,0.00020310775469021124,0.0004568623091584244,0.12966465846751196,0.869675371468639,25,20,20
48,656,0.0003229667989872403,2.1183406977584137e-05,0.11514175506267176,0.8845140947313633,25,20,20
48,657,0.00032222787300837497,2.0073999496473163e-08,0.09091718987679373,0.9087605621761977,25,20,20
48,658,0.00034117651768250114,0.0009130597799901245,0.0886991932529508,0.910046570449376,25,20,20
48,659,0.00035355692721826017,1.2991569269340957e-08,0.09524902134471168,0.9043974087365004,25,20,20
48,660,0.0003411765167815101,2.7013513191915387e-10,0.08710965878755854,0.9125491644255245,25,20,20
48,661,0.0003411765173711379,2.912615949974283e-08,0.10400438763951447,0.8956544067169547,25,20,20
48,662,0.0003411765172711104,2.912645994695614e-08,0.0974908753367749,0.9021679190194934,25,20,20
48,663,1.4472643888486234e-08,0.02857650503646421,0.06130815156170227,0.9101153289291897,25,20,20
48,664,1.5062678458285144e-12,0.03176790453273703,0.10662828089097015,0.8616038145747861,25,20,20
48,665,9.136831468885657e-11,0.039988807058747626,0.0908691505375252,0.8691420423123588,25,20,20
48,666,6.723168255570019e-06,0.022867540967467702,0.09876669741257488,0.8783590384517014,25,20,20
48,667,7.817515928839917e-11,0.0007130169654307149,0.12012849750961768,0.879158485446776,25,20,20
48,668,3.265166343602642e-08,0.003928225973072786,0.11728815638187476,0.8787835849933888,25,20,20
48,669,2.578252214211954e-06,0.002598354626698619,0.11806885463969928,0.8793302124813874,25,20,20
48,670,0.012659663012212581,8.561709924037325e-07,0.12447599877917054,0.8628634820376243,25,20,20
48,671,0.00800813737439116,1.2470457574423488e-05,0.11247451735911256,0.8795048748089213,25,20,20
48,672,0.007938941765998683,3.502416757256577e-07,0.1126074176105314,0.8794532903817938,25,20,20
48,673,9.361040000945375e-05,0.0004923584865701706,0.1214632002562621,0.8779508308571582,25,20,20
48,674,0.004229877080824308,1.2836423901097726e-05,0.11649720285265114,0.8792600836426224,25,20,20
48,675,0.004225987637489164,6.541419182524107e-05,0.11691402242004557,0.8787945757506397,25,20,20
48,676,5.957919212701399e-05,3.8059580523097715e-05,0.13213803993105575,0.8677643212962933,25,20,20
48,677,5.981700764339981e-05,3.804449637213008e-05,0.13795982717520222,0.8619423113207819,25,20,20
48,678,6.1014971242008486e-05,1.014881294198389e-05,0.08233420145988073,0.9175946347559352,25,20,20
48,679,0.0001326887703269431,1.9670646050843126e-05,0.13853699755278537,0.8613106430308362,25,20,20
48,680,0.00013132279332512091,5.487601013756769e-06,0.13720806492902593,0.8626551246766345,25,20,20
48,681,0.001214558427279896,0.00020699071460455527,0.15684466492227675,0.8417337859358388,25,20,20
48,682,3.7755168525995676e-05,1.9706912569174335e-05,0.1602946489539438,0.8396478889649605,25,20,20
48,683,3.786683080169732e-05,0.0007565631227905588,0.1758029125324962,0.8234026575139111,25,20,20
48,684,0.036528003357033496,1.8811737112062004e-08,0.14799062491807255,0.815481352913157,25,20,20
48,685,0.05230988169355281,1.5922645609900587e-08,0.14926371049837908,0.7984263918854224,25,20,20
48,686,0.040292099894189776,5.412909714341733e-07,0.1894137709100485,0.7702935879047896,25,20,20
48,687,0.0008275935865089,5.441413451855663e-07,0.20695792037837538,0.79221394189377,25,20,20
48,688,0.016652785227759835,1.503874406313105e-08,0.1905521314899149,0.7927950682435809,25,20,20
48,689,0.013379764384046757,2.4410140443068482e-05,0.1749089573812935,0.8116868680942159,25,20,20
48,690,0.012699578150992643,6.815464109509485e-09,0.17505132879255794,0.812249086240985,25,20,20
48,691,0.005193456512114581,5.160233810047047e-07,0.18058076327687286,0.8142252641876309,25,20,20
48,692,0.004008405802734584,3.525113428812429e-07,0.21178236501465453,0.7842088766712665,25,20,20
48,693,0.04183826344012272,0.00032684353360941875,0.18473395463803263,0.7731009383882343,25,20,20
48,694,0.03849823335310285,1.40818229316263e-05,0.1899731774293426,0.7715145073946225,25,20,20
48,695,0.03918291273008643,5.236392535642909e-06,0.13280644782685858,0.8280054030505184,25,20,20
48,696,0.039148822272493985,1.1721523512828165e-05,0.13051888375918774,0.8303205724448052,25,20,20
48,697,0.0007215041176804415,1.2474808536109004e-05,0.16144978943274924,0.8378162316410339,25,20,20
48,698,5.938482825783515e-06,0.019704077119884963,0.17051313399383453,0.8097768504034542,25,20,20
48,699,0.0003182087707123284,0.019703613189700424,0.15650885221096356,0.8234693258286231,25,20,20
48,700,2.8194356100777993e-08,0.024222589742084844,0.12468298087260164,0.8510944011909573,25,20,20
48,701,2.7761079332517454e-10,0.02421780770492107,0.17301903344920957,0.8027631585682583,25,20,20
48,702,1.746917767226348e-06,0.0020266425308026015,0.208851417353355,0.7891201931980747,25,20,20
48,703,1.780983812704685e-06,4.293040178769003e-07,0.15875791336454656,0.8412398763476229,25,20,20
48,704,3.6796471006096204e-08,1.272817563047009e-07,0.12238016224619805,0.8776196736755741,25,20,20
48,705,1.0743999921995285e-07,1.1795501853440154e-08,0.09831269798926963,0.901687182775229,25,20,20
48,706,3.3027462206249333e-11,1.1737908452183041e-08,0.10759874577131867,0.8924012424577451,25,20,20
48,707,3.946507508505104e-11,1.8882840357749e-05,0.09900618431216535,0.9009749328080118,25,20,20
48,708,3.891090635443308e-08,9.959335278210945e-07,0.09916237562000262,0.9008365895355633,25,20,20
48,709,3.293478494433224e-11,4.6905067282786354e-11,0.0764620832774575,0.9235379166427022,25,20,20
48,710,4.154150083127643e-11,1.6939649474506976e-08,0.11091081761969632,0.8890891653991126,25,20,20
48,711,0.0005945690881844273,2.643219735359403e-05,0.11466478185085331,0.8847142168636084,25,20,20
48,712,5.941898848244086e-06,3.619566383048497e-07,0.1060560907730134,0.8939376053714997,25,20,20
48,713,6.0053533245667775e-06,3.6496855010384555e-07,0.13420292670130762,0.8657907029768169,25,20,20
48,714,6.0053528394903e-06,3.617858268019396e-07,0.13282355643553992,0.8671700764257931,25,20,20
48,715,4.372820805896181e-06,1.0251824984364265e-08,0.11861015703569333,0.8813854598916749,25,20,20
48,716,0.010526102739150283,1.7390976604386025e-08,0.09645219321388064,0.893021686655992,25,20,20
48,717,0.00021137314958246872,6.271686968367746e-07,0.08456572917367082,0.9152222705080496,25,20,20
48,718,0.0017881911491945558,3.7394813795016646e-05,0.07947362585228757,0.9187007881847228,25,20,20
48,719,0.0017881841960786056,9.36811351689149e-08,0.07850586854945191,0.9197058535733339,25,20,20
48,720,4.146950374491408e-06,7.88035662239694e-11,0.08087250900987236,0.9191233439609493,25,20,20
48,721,4.1477079179529366e-06,7.880358625222026e-11,0.08815077238078223,0.9118450798324961,25,20,20
48,722,0.0003169159573942972,6.8014063561520024e-09,0.10919363665091893,0.8904894405902805,25,20,20
48,723,0.00031933481778557743,1.8891852129204153e-05,0.09933583338233945,0.9003259399477456,25,20,20
48,724,6.688016404448953e-06,1.958483097478725e-05,0.14593940081994886,0.854034326332672,25,20,20
48,725,2.489471546887364e-06,6.635802319957016e-05,0.14020615870778952,0.8597249937974634,25,20,20
48,726,0.00025858424274949104,8.139339691396056e-05,0.14913186755716445,0.8505281548031719,25,20,20
48,727,0.0018593361602568925,4.2344370394733446e-05,0.16858377375885417,0.8295145457104934,25,20,20
48,728,0.032937227088795054,9.954182089691806e-07,0.13836190075931806,0.8286998767336772,25,20,20
48,729,0.033240828121312106,1.842650841537311e-06,0.13739771604756165,0.8293596131802847,25,20,20
48,730,0.032146959653136166,0.0007126079217505324,0.14055008018204243,0.8265903522430708,25,20,20
48,731,8.584774819085087e-06,1.898367305821822e-06,0.16110866752279132,0.8388808493350833,25,20,20
48,732,9.205206993916933e-10,4.9923418245386874e-05,0.1605018348447045,0.8394482408165289,25,20,20
48,733,0.00012362360891721822,0.001207958466426924,0.20487305298322211,0.7937953649414335,25,20,20
48,734,4.62575632727751e-06,0.0008962046605336715,0.20201486077350517,0.7970843088096324,25,20,20
48,735,0.030661790967633357,0.0006700557459609767,0.17809082544477586,0.7905773278416298,25,20,20
48,736,0.00020653039963989907,6.364837117039718e-06,0.1843991863865368,0.8153879183767055,25,20,20
48,737,0.0075131489391872695,1.2053873578287016e-05,0.16946574351585889,0.823009053671376,25,20,20
48,738,0.0008260333795650997,0.006571889133625447,0.16883535753137507,0.823766719955434,25,20,20
48,739,0.0007270101871619407,0.00660219171197291,0.19292621674650332,0.7997445813543625,25,20,20
48,740,3.86041275653615e-06,0.026304189955471922,0.17644387439866993,0.7972480752331015,25,20,20
48,741,0.00022075989234336454,0.04002585672697346,0.20043963002976667,0.7593137533509161,25,20,20
48,742,0.00022058655459271267,0.03999192919229358,0.1986795643670538,0.7611079198860594,25,20,20
48,743,0.0002210986659883156,0.03999171834851354,0.22088207918635624,0.7389051037991413,25,20,20
48,744,0.00022793624456359706,0.04003808533827499,0.2675611428689944,0.6921728355481663,25,20,20
48,745,0.00018483417220424263,0.0399938990585724,0.1985199650999068,0.7613013016693158,25,20,20
48,746,0.008175485717321582,0.04000358323478293,0.20851801559270036,0.7433029154551939,25,20,20
48,747,0.041134750796389105,0.039500566006011414,0.12200795453734063,0.7973567286602586,25,20,20
48,748,0.04776039823111018,0.03950066288656601,0.0923183847444289,0.8204205541378947,25,20,20
48,749,1.2138159232722025e-06,9.660972979189344e-05,0.19932333086574378,0.8005788455885401,25,20,20
48,750,1.853148900178212e-06,0.030143419834585523,0.149120190609285,0.8207345364072293,25,20,20
48,751,0.005627027215486437,0.03176400471152282,0.12297930479147562,0.8396296632815142,25,20,20
48,752,3.080830846700055e-05,0.03176370470053868,0.12930970550511942,0.8388957814858738,25,20,20
48,753,0.0026275596965921826,0.031645917636066355,0.12864556518741488,0.8370809574799261,25,20,20
48,754,0.0027661644192254493,0.039990754399911774,0.1199437255047122,0.8372993556761501,25,20,20
48,755,0.0058090834214400075,0.039990763264663116,0.1139891164426312,0.8402110368712654,25,20,20
48,756,0.00019098066536954998,0.04025942696449669,0.1266220171701179,0.8329275752000153,25,20,20
48,757,0.0001909806582579876,0.0026171195078273425,0.16388637849070112,0.8333055213432132,25,20,20
48,758,4.823786972717549e-05,0.0027820259474275024,0.1798433847302776,0.817326351452567,25,20,20
48,759,3.606679669591136e-05,4.221406092193564e-05,0.15847819190915127,0.8414435272332306,25,20,20
48,760,0.000500887308668247,2.330470888267657e-05,0.16020126836750267,0.8392745396149458,25,20,20
48,761,2.244903662650744e-06,9.84552890811562e-07,0.16093941407995208,0.8390573564634937,25,20,20
48,762,3.7015189585983324e-08,1.6704381593916606e-06,0.15879717855648892,0.8412011139901623,25,20,20
48,763,2.1343002453698933e-06,1.3421843783636182e-06,0.16064187188123075,0.8393546516341445,25,20,20
48,764,0.00012011830115365136,2.249031095824146e-06,0.15994430916759397,0.8399333235001564,25,20,20
48,765,0.00012005064595107619,2.0944178297270305e-08,0.10429723366869942,0.8955826947411706,25,20,20
48,766,5.6818145544267085e-06,4.538323678317058e-05,0.14430680154123854,0.8556421334074236,25,20,20
48,767,1.0762856395892432e-06,8.430742879400159e-06,0.1054948589105189,0.8944956340609619,25,20,20
48,768,0.03506021468210609,5.594468230785033e-07,0.08720191246632672,0.8777373134047441,25,20,20
48,769,0.03505682323913334,3.4233830766600974e-08,0.065557831893671,0.8993853106333647,25,20,20
48,770,0.0350568232390204,3.41400001498725e-08,0.061826366608061234,0.9031167760129182,25,20,20
48,771,0.002780573332371195,4.2655401599651785e-06,0.0945138795225432,0.9027012816049255,25,20,20
48,772,6.064530123464261e-06,3.7848027929685394e-05,0.1356830125108359,0.8642730749311105,25,20,20
48,773,6.064530231865013e-06,3.7853576050394836e-05,0.16621420429099656,0.8337418776027203,25,20,20
48,774,0.0004776204756216224,3.785461473924244e-05,0.19881952273381628,0.8006650021758229,25,20,20
48,775,0.04636650553999824,2.5507534252362153e-05,0.12217180123608853,0.8314361856896599,25,20,20
48,776,0.042020381083236386,2.6936659539637088e-05,0.13343000802867502,0.8245226742285482,25,20,20
48,777,0.018142050806927747,1.2658532483326646e-06,0.1874847832661323,0.794371900073691,25,20,20
48,778,0.010535691516800554,0.0007941413472085576,0.23466448188274883,0.7540056852532406,25,20,20
48,779,0.0011041593612775933,0.011032528871492291,0.2295196303993074,0.7583436813679212,25,20,20
48,780,0.03718074009191754,0.0019069387325340906,0.19959753672998673,0.7613147844455608,25,20,20
48,781,0.03717112283415243,0.0019908510607099354,0.23701851792175369,0.7238195081833834,25,20,20
48,782,0.05381603616429686,0.04185721608356427,0.18475100018719623,0.7195757475649419,25,20,20
48,783,0.02066245362325527,0.041955914159789394,0.21830155107580793,0.7190800811411474,25,20,20
48,784,0.02086845133468294,4.981465768878847e-05,0.26042202721786273,0.718659706789766,25,20,20
48,785,0.004767011707448979,0.025303503533785382,0.25808908842585326,0.7118403963329121,25,20,20
48,786,0.039818467534452714,0.0013101648798039872,0.20748846364648943,0.7513829039392534,25,20,20
48,787,0.07998998203986457,0.0007082731583039194,0.16831823492838688,0.7509835098734441,25,20,20
48,788,0.10831099071625055,6.269664456505093e-08,0.10110948345711236,0.7905794631299916,25,20,20
48,789,0.0699146083153205,4.1050001417656876e-07,0.13922327130808024,0.7908617098765844,25,20,20
48,790,0.09914303698923713,4.726158454088848e-06,0.10242719179523307,0.7984250450570758,25,20,20
48,791,0.08401604685326468,4.40403405725401e-06,0.1264928548735811,0.7894866942390969,25,20,20
48,792,0.07485921615980506,4.764021834501462e-05,0.13254806804356042,0.7925450755782889,25,20,20
48,793,0.04709735460756176,2.5166096175247673e-05,0.16124660974254762,0.7916308695537143,25,20,20
48,794,0.07593489271229782,8.400112574916625e-07,0.18113620511277184,0.7429280621636726,25,20,20
48,795,0.0759350157745645,8.400610556558016e-07,0.16506117393220626,0.7590029702321732,25,20,20
48,796,0.03155953894245418,1.0027569145913306e-06,0.2177036460851104,0.7507358122155197,25,20,20
48,797,0.03053208814963727,1.5859519197001996e-07,0.22717182613242504,0.7422959271227447,25,20,20
48,798,0.07017784716286658,2.8907892814909095e-07,0.13851507789518508,0.7913067858630195,25,20,20
48,799,0.039800529577082806,3.5777397120418153e-05,0.19816403049455747,0.7619996625312386,25,20,20
48,800,0.03971029765210774,0.020786764441485483,0.17810017376403484,0.7614027641423716,25,20,20
48,801,0.03496152031131124,0.02075831701570025,0.1897749638970886,0.7545051987758994,25,20,20
48,802,0.03993753286424964,0.0009824488986069156,0.20477969830517917,0.7543003199319638,25,20,20
48,803,0.03994300738299991,0.00098281012156791,0.19732409481583169,0.7617500876795993,25,20,20
48,804,0.04591569270801209,0.0010150254413250708,0.19032397520864436,0.7627453066420173,25,20,20
48,805,0.07853822014832845,0.003310891024716534,0.13576177776206771,0.782389111064887,25,20,20
48,806,0.0011450235054898078,0.00264804216764925,0.16546620895994382,0.8307407253669168,25,20,20
48,807,0.028252954570909705,0.0026226302069700135,0.13163978312625135,0.8374846320958688,25,20,20
48,808,0.02828502946612781,0.0003222293279749728,0.13485231548803223,0.8365404257178642,25,20,20
48,809,0.022123028229454812,9.885453640440127e-05,0.1480028711166413,0.8297752461174995,25,20,20
48,810,0.010538292385164736,8.61489365529349e-05,0.1501327440099312,0.8392428146683504,25,20,20
48,811,0.01652552278208544,8.614562613664436e-05,0.14342339874818746,0.8399649328435903,25,20,20
48,812,0.016525522782927578,3.953660827975737e-05,0.14455101250122226,0.83888392810757,25,20,20
48,813,0.05465027585981226,1.9171954945201145e-05,0.10798523916696867,0.8373453130182734,25,20,20
48,814,0.04896944834533464,1.9187348071851728e-05,0.11360516388965179,0.8374062004169417,25,20,20
48,815,0.03909453328943971,1.9531675561983212e-05,0.1212533116369748,0.8396326233980231,25,20,20
48,816,0.004822587976123703,1.973627885003447e-05,0.19484193182935616,0.8003157439156695,25,20,20
48,817,0.004995835727163682,0.0026374301945730244,0.2116986379376295,0.780668096140633,25,20,20
48,818,0.00480782023991158,4.989024569242955e-07,0.20044575296985168,0.7947459278877796,25,20,20
48,819,0.00033778898499190336,3.039288252604776e-08,0.15887050587544674,0.8407916747466784,25,20,20
48,820,0.00034324969541391125,0.014101453930178509,0.14715286640354797,0.8384024299708589,25,20,20
48,821,0.00033290260465904846,0.0010893115336018397,0.16135367619560426,0.8372241096661341,25,20,20
48,822,0.00031285311461623456,0.0010446538854423121,0.1609965839563973,0.8376459090435441,25,20,20
48,823,0.013142916288073852,4.298156008255912e-05,0.16426224474852646,0.8225518574033172,25,20,20
48,824,0.013062580369595162,3.759529347383839e-05,0.15543199672835964,0.8314678276085707,25,20,20
48,825,0.06905722212935031,1.2820307067332673e-06,0.09089210300236665,0.8400493928375754,25,20,20
48,826,0.012859099702184235,1.9132300142827512e-05,0.11677198262760025,0.8703497853700723,25,20,20
48,827,0.012838605588408936,1.4362601470367878e-05,0.18731581307149447,0.7998312187386263,25,20,20
48,828,0.012829119669923658,1.378394759372517e-05,0.16403797625386768,0.823119120128615,25,20,20
48,829,0.00033770477304754647,7.2345924771285126e-06,0.134661963046097,0.864993097588378,25,20,20
48,830,4.248129611422619e-08,2.3478802374608596e-05,0.12127722219827328,0.8786992565180556,25,20,20
48,831,0.00014311741155082657,0.00048788858560719773,0.11298630764780385,0.886382686355038,25,20,20
48,832,0.00014311742809730457,0.0004877424376076231,0.11701499358609238,0.8823541465482024,25,20,20
48,833,3.842539405415544e-08,1.2639287030881478e-08,0.09624291275861134,0.9037570361767073,25,20,20
48,834,0.035284241582581324,0.00029785119570163287,0.05391693795938193,0.9105009692623348,25,20,20
48,835,0.0384064231924467,5.635117482251907e-06,0.05223076157514996,0.9093571801149212,25,20,20
48,836,0.03840642319244866,5.635310880509038e-06,0.0889777205216764,0.8726102209749941,25,20,20
48,837,1.0991875939277011e-07,6.778150425237371e-07,0.12074033750696685,0.8792588747592305,25,20,20
48,838,1.0994836935494933e-07,1.904936923040259e-05,0.13108667033803892,0.8688941703443611,25,20,20
48,839,5.613914373831283e-08,1.9040000699439114e-05,0.202847375159297,0.7971335287008594,25,20,20
48,840,3.116959309425869e-06,6.912013032750289e-07,0.19237742168428074,0.8076187701551063,25,20,20
48,841,2.0448515471234608e-06,3.7815917575211196e-05,0.1752208210283613,0.8247393182025156,25,20,20
48,842,2.5726163794619365e-09,3.6636561208954376e-05,0.1607030979767129,0.8392602628894613,25,20,20
48,843,0.00021410741053071576,3.776550343221115e-05,0.1609816777008351,0.8387664493852014,25,20,20
48,844,1.4646154526787216e-08,0.0019946123619261134,0.13464614408693476,0.863359228904984,25,20,20
48,845,5.969151621396473e-06,0.001994236076929641,0.13656145780661508,0.8614383369648329,25,20,20
48,846,5.969152136733424e-06,0.001994239321500328,0.1451685282815661,0.852831263244796,25,20,20
48,847,5.969152833355639e-06,5.1445014273690596e-09,0.15620798452982243,0.8437860411728418,25,20,20
48,848,0.03293244140087983,1.983900041221123e-09,0.12307441541360725,0.8439931412016122,25,20,20
48,849,3.0456869334237285e-06,4.8626610088622576e-06,0.10923795710370283,0.8907541345483544,25,20,20
48,850,0.03621773155278554,1.1908284075478344e-08,0.09223293340573915,0.8715493231331903,25,20,20
48,851,0.03621779939551809,1.1863408551930008e-08,0.08439278188940304,0.8793894068516697,25,20,20
48,852,7.279354535630755e-06,1.9238321563464134e-07,0.12184949806717237,0.878143030195076,25,20,20
48,853,0.0003417835103691854,1.5685846242110167e-10,0.1533862193778818,0.8462719969548901,25,20,20
48,854,3.15783376843474e-06,1.1849700618242169e-08,0.1215478563485829,0.8784489739679473,25,20,20
48,855,0.001914885141865874,0.02965533596017164,0.06570065701500828,0.9027291218829535,25,20,20
48,856,2.4192092659133473e-07,3.8847732853055336e-05,0.08112412888190407,0.9188367814643159,25,20,20
48,857,7.943233111894577e-11,4.22090099851923e-08,0.12673229598889324,0.8732676617226636,25,20,20
48,858,3.88254488566938e-10,2.433722066495945e-05,0.09959460125294478,0.9003810611381355,25,20,20
48,859,2.228476627325891e-06,2.979585047284662e-07,0.08107986621353604,0.918917607351331,25,20,20
48,860,3.7515653035766357e-06,1.9696326516283728e-10,0.13666080486670976,0.8633354433710229,25,20,20
48,861,7.197804131774875e-05,1.0609144011829125e-07,0.09929106467063092,0.9006368511966109,25,20,20
48,862,1.09133037198838e-06,0.0005887421272623906,0.0832121626379168,0.9161980039044486,25,20,20
48,863,1.0910143247881168e-06,0.0005885674681656308,0.08071989097372745,0.9186904505437817,25,20,20
48,864,1.93368711321134e-06,1.5459693840538518e-06,0.08902199213916562,0.9109745282043368,25,20,20
48,865,1.933704188428351e-06,0.0020245423709833554,0.09648245684686031,0.9014910670779679,25,20,20
48,866,2.0110813301089894e-06,0.0020245537729755543,0.1165388283499185,0.881434606795776,25,20,20
48,867,2.0110219885566874e-06,9.027602375240272e-07,0.1187857204405842,0.8812113657771893,25,20,20
48,868,0.03503714556277984,4.6395467855906854e-08,0.08395130066441425,0.8810115073773376,25,20,20
48,869,0.04269500631562778,7.1977096682075295e-06,0.0876513316569171,0.8696464643177869,25,20,20
48,870,0.034919500342622145,7.191674160350544e-06,0.10362994168367454,0.8614433662995428,25,20,20
48,871,0.029516739525394846,1.5796259969202146e-06,0.10803175385472955,0.8624499269938785,25,20,20
48,872,0.03426841885626539,3.282112846788883e-08,0.1052629880800144,0.860468560242592,25,20,20
48,873,0.05014179697382392,2.9568858187475865e-05,0.08619601125574677,0.8636326229122421,25,20,20
48,874,0.016679506662386746,3.19778274930875e-07,0.12036958030860617,0.8629505932507325,25,20,20
48,875,8.348238238276366e-05,1.6853003966745553e-08,0.1431444129171999,0.8567720878474125,25,20,20
48,876,2.047360481147077e-06,3.572839269442231e-07,0.0986552604795401,0.9013423348760515,25,20,20
48,877,2.047344847805339e-06,3.5421862726254983e-07,0.08782026184434563,0.912177336592179,25,20,20
48,878,0.004494888331216656,5.206293334557784e-07,0.08449600644974238,0.9110085845897065,25,20,20
48,879,0.00017981976389116246,5.352995619934263e-07,0.08916903302954132,0.9106506119070046,25,20,20
48,880,0.0021212012526202854,6.388106297854308e-07,0.1124153881242571,0.8854627718124927,25,20,20
48,881,0.002181045103552789,1.095612417006027e-05,0.08043384342131325,0.9173741553509632,25,20,20
48,882,0.03608055455482096,3.666642697304146e-05,0.1028571859222303,0.8610255930959753,25,20,20
48,883,0.03607750687884523,7.799100544898622e-07,0.05961316177604626,0.9043085514350534,25,20,20
48,884,2.040941909525704e-08,7.929509808550452e-07,0.1094906082641804,0.8905085783754191,25,20,20
48,885,1.3367095005505122e-05,1.4711977274893846e-06,0.1359191824223142,0.864065979284952,25,20,20
48,886,1.0239366717823543e-12,1.5156566393658144e-06,0.15622824961367798,0.8437702347286588,25,20,20
48,887,1.3633680800432882e-06,1.1597843125925146e-05,0.1730309087465225,0.8269561300422709,25,20,20
48,888,1.3041951742061522e-06,1.853193494541737e-08,0.13361302348367546,0.8663856537892157,25,20,20
48,889,1.3041939295091435e-06,3.3351560159367335e-08,0.13502996654839308,0.8649686959061165,25,20,20
48,890,1.3041938473542355e-06,2.1941589973200087e-08,0.16494265447019213,0.8350560193943696,25,20,20
48,891,3.8048181829117374e-06,2.4287310358207327e-05,0.20453188316389018,0.7954400247075675,25,20,20
48,892,4.741476452770276e-08,0.0013087796794087722,0.20283305561761164,0.7958581172882141,25,20,20
48,893,2.0527139129779429e-07,0.0013455468397638767,0.1654604540723745,0.8331937938164699,25,20,20
48,894,0.015908755562175258,0.0013274331514526486,0.16302332929488705,0.8197404819914841,25,20,20
48,895,0.01604476710987416,0.0004892612404107742,0.18198222388265678,0.8014837477670583,25,20,20
48,896,0.00019239740614108633,5.08767736977511e-05,0.20013427161878294,0.7996224542013773,25,20,20
48,897,0.0004331494520520183,1.6618790449283262e-06,0.2196112880146108,0.7799539006542912,25,20,20
48,898,0.005647848713600376,1.6766780107540286e-06,0.25903151411825814,0.7353189604901305,25,20,20
48,899,0.03596646351153125,8.597140659829488e-07,0.21977116765677324,0.7442615091176293,25,20,20
48,900,0.03596646349795866,3.1425944791769564e-05,0.20363892314776202,0.7603631874094874,25,20,20
48,901,0.00838795390470645,5.158119266549113e-06,0.23276735155262285,0.7588395364234038,25,20,20
48,902,0.016822812855310655,0.025200405748779745,0.24458940285188405,0.7133873785440248,25,20,20
48,903,0.006358004186082554,0.02521671770872195,0.22369437847979903,0.7447308996253957,25,20,20
48,904,0.05531117233631236,0.02521281206948778,0.1602429443458775,0.7592330712483217,25,20,20
48,905,0.01606854891357651,0.02521331319017928,0.15909518868581185,0.7996229492104326,25,20,20
48,906,0.0325525339595371,0.04001312341902929,0.13754621335455083,0.7898881292668828,25,20,20
48,907,0.04959330315242574,0.03933134208933789,0.11965881295571364,0.7914165418025223,25,20,20
48,908,0.03357621414554342,0.0394023312900531,0.13370409151077797,0.7933173630536251,25,20,20
48,909,0.03368576479703022,0.03942174742406949,0.13504845898319878,0.7918440287957016,25,20,20
48,910,0.008018500851881329,0.0393512377674152,0.16056833375053192,0.7920619276301722,25,20,20
48,911,0.0004927106915633855,0.03935081551028634,0.18707151507115927,0.7730849587269902,25,20,20
48,912,0.0003770987037962105,0.0394803260788781,0.18764643786593216,0.7724961373513932,25,20,20
48,913,0.002982583566313647,0.04003742531210576,0.18586110083106774,0.7711188902905132,25,20,20
48,914,6.199825656414065e-06,0.02573793855001842,0.20206632541284783,0.772189536211477,25,20,20
48,915,3.1176582201503787e-06,0.025828528125932455,0.21162489605965354,0.7625434581561932,25,20,20
48,916,9.958598700319787e-05,0.025785063335264598,0.19810417337045463,0.7760111773072771,25,20,20
48,917,9.954543410136204e-05,0.04003856447731211,0.16035927710944584,0.7995026129791403,25,20,20
48,918,9.963965710146234e-05,0.039988553547932286,0.1605447719368039,0.7993670348581623,25,20,20
48,919,0.007281408054360973,0.03932912723140311,0.14905177343972328,0.8043376912745123,25,20,20
48,920,0.007437597459884191,0.03935760758783162,0.14744675115708797,0.805758043795196,25,20,20
48,921,0.00024226113397901394,0.04001830781671223,0.13901133183073722,0.8207280992185713,25,20,20
48,922,0.007640563411353143,0.020314573041250627,0.17147768572870908,0.800567177818687,25,20,20
48,923,0.02174495399304891,0.031067888376949314,0.1821860776261666,0.7650010800038344,25,20,20
48,924,0.021744953656756404,0.031067871396419502,0.15937985281387904,0.7878073221329441,25,20,20
48,925,0.01343539724209401,0.0404722054543691,0.15846159555837838,0.7876308017451578,25,20,20
48,926,0.027656161802456013,0.04004777161370106,0.15954654855262873,0.7727495180312135,25,20,20
48,927,0.005666917687810941,0.03997883119468185,0.21894201756817377,0.7354122335493335,25,20,20
48,928,0.04162328563220361,0.03997887192980834,0.13845572235455741,0.7799421200834302,25,20,20
48,929,0.03719747609947531,0.042547626963351785,0.14150243402711718,0.7787524629100553,25,20,20
48,930,0.037195908427790456,0.03952654902011415,0.1680538785317277,0.7552236640203686,25,20,20
48,931,0.035324077099928734,0.03952624633060523,0.17344811105162758,0.7517015655178382,25,20,20
48,932,0.010552691507472102,0.06383095389021695,0.16596007663174345,0.759656277970567,25,20,20
48,933,0.04210759769652921,0.06943241023741437,0.12944390628448071,0.7590160857815748,25,20,20
48,934,0.005258461491762523,0.0638669061023422,0.2100249555422951,0.7208496768635997,25,20,20
48,935,0.016408613067062528,0.06430215517417776,0.15886107233006497,0.7604281594286946,25,20,20
48,936,0.01699074719171949,0.0011049038895633637,0.26357674826260263,0.7183276006561141,25,20,20
48,937,0.04056399579372132,2.4860868946284263e-05,0.2602167665819174,0.6991943767554142,25,20,20
48,938,0.035894483389692235,2.1322352722480462e-05,0.2847201612464056,0.6793640330111791,25,20,20
48,939,0.0009534849713091534,0.0026352237814303027,0.3167462519560829,0.6796650392911768,25,20,20
48,940,6.408979463088788e-05,3.6026679318832574e-05,0.25895813543327284,0.7409417480927765,25,20,20
48,941,3.1036366078401726e-06,3.622669102370637e-05,0.2457385495820168,0.7542221200903508,25,20,20
48,942,0.004401332257549175,4.602820660468006e-07,0.24410788461362457,0.7514903228467595,25,20,20
48,943,0.003111136192158455,1.8195136167160786e-05,0.28055609467915515,0.7163145739925194,25,20,20
48,944,0.03373919055267572,0.03905710745864412,0.20625781262760104,0.7209458893610781,25,20,20
48,945,0.01569684081395899,0.038821318669758256,0.22467607064283393,0.720805769873447,25,20,20
48,946,0.011801105026342724,0.04031034153266459,0.22992375471381482,0.717964798727177,25,20,20
48,947,0.01018077276962693,0.040195397170646546,0.23175606253562595,0.7178677675240995,25,20,20
48,948,0.018391389939825902,0.041131184428117126,0.2618872701059161,0.6785901555261401,25,20,20
48,949,0.007023827087670802,0.04112586007651513,0.30843212794175845,0.6434181848940544,25,20,20
48,950,0.007023951166574583,0.042697133486595346,0.32250912702955375,0.6277697883172753,25,20,20
48,951,0.007040871681848323,0.04246828976555938,0.31229797543437127,0.6381928631182204,25,20,20
48,952,0.007048741193336071,0.040454778622131905,0.2790439741859698,0.6734525059985613,25,20,20
48,953,0.00025424986634270603,0.04001768345500638,0.30290021420365715,0.6568278524749924,25,20,20
48,954,0.044928775241992965,0.04109362187662347,0.2415310584231115,0.6724465444582717,25,20,20
48,955,0.044045627482544834,0.04139993351446512,0.24269580900881166,0.6718586299941771,25,20,20
48,956,0.03947973669328239,0.041084402592894434,0.24014137712755818,0.6792944835862634,25,20,20
48,957,0.04038405111041536,0.039817885042483216,0.23997818986796715,0.6798198739791347,25,20,20
48,958,0.04038018792201834,0.040014137758557,0.23661463575209274,0.682991038567332,25,20,20
48,959,0.03999879443822608,0.08083697541207488,0.19586316344092483,0.6833010667087729,25,20,20
48,960,6.167289012959819e-06,0.040747865153789815,0.22110537642068434,0.7381405911365115,25,20,20
48,961,0.039880564588936504,0.06653995554921951,0.11252150095070189,0.7810579789111419,25,20,20
48,962,0.004228899186738767,0.0696247535916793,0.15522089080002402,0.7709254564215577,25,20,20
48,963,0.003332791801188918,0.0395067808970474,0.1771270340524009,0.7800333932493634,25,20,20
48,964,0.0038877662797316597,0.02490978226571878,0.19193977537646575,0.7792626760780833,25,20,20
48,965,0.002216969478676898,0.039363621638838414,0.1644513603768016,0.7939680485056829,25,20,20
48,966,4.560220119601397e-06,0.03999157441882166,0.16270239351492802,0.7973014718461298,25,20,20
48,967,0.03849840843276389,0.04003913258788701,0.21397374128319988,0.7074887176961488,25,20,20
48,968,9.689872757053652e-06,0.0399904165649296,0.2305012549897433,0.7294986385725692,25,20,20
48,969,1.2607145592894945e-05,0.03951695237951927,0.2326130128556985,0.7278574276191886,25,20,20
48,970,0.00012573866687646157,0.03998886812957394,0.2187897987049375,0.7410955944986105,25,20,20
48,971,0.00012324355384134937,0.04002596462980593,0.2754528322151248,0.6843979596012271,25,20,20
48,972,0.03717119768521133,0.039329212534426096,0.2572758023270323,0.6662237874533291,25,20,20
48,973,0.037329594653283706,0.039310688171834314,0.2522258091049304,0.6711339080699513,25,20,20
48,974,0.03985781440420326,0.03931039733730318,0.25064903947707495,0.6701827487814181,25,20,20
48,975,0.05567240482518044,0.03952718800655846,0.23695918846744587,0.667841218700815,25,20,20
48,976,0.042688345599092986,0.04003127287792438,0.2074538627126688,0.709826518810313,25,20,20
48,977,0.04471175827426603,0.030074353075984016,0.21448222229876293,0.7107316663509861,25,20,20
48,978,0.0048992122559586935,0.04001855637943004,0.21837301174708024,0.7367092196175301,25,20,20
48,979,0.004894919816967082,0.03951079150029507,0.288325208805997,0.6672690798767386,25,20,20
48,980,3.944430880592641e-05,0.039489930794196555,0.2715412779973257,0.6889293468996707,25,20,20
48,981,1.969875063779836e-06,0.04149530460002997,0.25177464334809846,0.7067280821768074,25,20,20
48,982,0.030534004871395477,0.0020946819067506556,0.293091689817835,0.674279623404019,25,20,20
48,983,0.07000668529032734,0.0021126262374838406,0.2728621080412652,0.655018580430923,25,20,20
48,984,0.03320398420637618,3.840208695784302e-05,0.3215529469933902,0.6452046667132746,25,20,20
48,985,0.04270204429339703,4.783557378049256e-05,0.3028538744586861,0.654396245674135,25,20,20
48,986,0.044568163787765916,0.029980447073320766,0.262796198027639,0.6626551911112728,25,20,20
48,987,0.0032652616709899058,0.04095873702110569,0.3034833456125181,0.6522926556953849,25,20,20
48,988,0.005884973822992306,0.041011287573633044,0.2842762131989464,0.6688275254044265,25,20,20
48,989,0.003184612179332637,0.04091753679715917,0.2817390326620596,0.6741588183614462,25,20,20
48,990,0.0031846121821140962,0.04090376223290559,0.2733179201067171,0.6825937054782614,25,20,20
48,991,0.012795938601608521,0.022845911226866012,0.2592168000377916,0.7051413501337325,25,20,20
48,992,0.018948923776360347,0.03206798750575359,0.2441800650492926,0.7048030236685928,25,20,20
48,993,0.057084089580099376,0.040001260245904974,0.1809958534519257,0.7219187967220689,25,20,20
48,994,0.007830998513354295,0.03998546862409393,0.2298731094575759,0.7223104234049749,25,20,20
48,995,0.004269322327793079,0.039485846985372046,0.23747068530538012,0.718774145381454,25,20,20
48,996,0.01235534623379955,0.0397099634691925,0.22796911113525367,0.7199655791617533,25,20,20
48,997,0.05209154291224049,0.022839504624479832,0.21392780396301145,0.7111411485002678,25,20,20
48,998,0.08534633171184408,0.04012200211836502,0.12375303523775841,0.7507786309320318,25,20,20
48,999,0.07088738169623811,0.04000460904700312,0.1572441950072073,0.731863814249551,25,20,20
48,1000,0.03245788987303533,0.02880237803257232,0.1494168307633226,0.7893229013310696,25,20,20
48,1001,0.0042024008437359745,0.03999197475252423,0.1669217309814308,0.7888838934223088,25,20,20
48,1002,0.031101859813098362,0.04006117114615403,0.15273220660345196,0.7761047624372948,25,20,20
48,1003,0.024002028444398475,0.042197319763172834,0.15017894882098223,0.7836217029714463,25,20,20
48,1004,0.00010157429669921918,0.039510699694364035,0.14736352666061966,0.8130241993483166,25,20,20
48,1005,0.03502313047097525,0.03925279937285741,0.08960116684844581,0.8361229033077212,25,20,20
48,1006,0.03490309864848477,0.039275673865442305,0.1630962855925114,0.762724941893561,25,20,20
48,1007,0.0025096922287707285,0.03967868988205486,0.2104150359805087,0.7473965819086646,25,20,20
48,1008,0.0746437960755456,0.03933306047229888,0.14012307055423034,0.7459000728979248,25,20,20
48,1009,0.018741652039070678,0.03933586404551119,0.15349079575308655,0.788431688162331,25,20,20
48,1010,0.017326746293511205,0.03933198590204626,0.15319532999148647,0.7901459378129555,25,20,20
48,1011,0.01733703079907247,0.039331906941107754,0.1518607151988925,0.7914703470609267,25,20,20
48,1012,0.057280370534976636,0.039331906700058504,0.1131467329094466,0.7902409898555176,25,20,20
48,1013,0.025218688992023428,0.03933191603030968,0.15369398014702457,0.7817554148306415,25,20,20
48,1014,0.0008670202501255983,0.06426601898703942,0.1539829769770174,0.7808839837858171,25,20,20
48,1015,0.022076503451343054,0.07980898461769725,0.12056568331887339,0.7775488286120855,25,20,20
48,1016,0.04368796403981148,0.03246085898724052,0.1622997564853685,0.7615514204875788,25,20,20
48,1017,0.04369772002013608,0.040682013904815593,0.15751143294144154,0.7581088331336051,25,20,20
48,1018,0.007687962556839473,0.0032433015326692695,0.23002182766528215,0.7590469082452083,25,20,20
48,1019,0.03275849945728849,4.944572647355779e-05,0.2087907356935411,0.7584013191226966,25,20,20
48,1020,0.03260883553747319,3.894424504002069e-05,0.2332951233020312,0.7340570969154541,25,20,20
48,1021,0.07591360106992154,4.897037109306086e-06,0.20987279938336034,0.7142087025096074,25,20,20
48,1022,0.050021738524770834,2.3730521737042043e-05,0.23727272714312003,0.7126818038103707,25,20,20
48,1023,0.03903738983402202,7.82160706116064e-07,0.24042859713681064,0.7205332308684602,25,20,20
48,1024,0.07269123005578287,5.602269194773745e-10,0.17742222120118295,0.749886548182807,25,20,20
48,1025,0.036476906391636484,7.703688751212481e-07,0.2449676503567307,0.7185546728827571,25,20,20
48,1026,0.03990766912183247,0.0001202057762682928,0.23287738552608941,0.7270947395758085,25,20,20
48,1027,0.03634046637051018,5.267538850969361e-07,0.22027907128874927,0.7433799355868538,25,20,20
48,1028,0.0032775498080919855,0.00027671395105278377,0.23666537175610816,0.7597803644847467,25,20,20
48,1029,0.00916771817060374,9.676900165890249e-09,0.23454199435279738,0.7562902777996989,25,20,20
48,1030,0.005986954908069383,9.163279610736967e-09,0.2305740649610854,0.7634389709675646,25,20,20
48,1031,0.000902310858492933,5.4951072209952464e-05,0.21396564026117285,0.7850770978081236,25,20,20
48,1032,0.000404354923546158,0.0006373538325004782,0.1698068842294567,0.8291514070144962,25,20,20
48,1033,9.10076408006473e-05,0.0006051747727152938,0.19491237790701746,0.804391439679466,25,20,20
48,1034,0.00011582216291013603,1.786337322513894e-10,0.18274438863691983,0.8171397890215353,25,20,20
48,1035,0.012090335108759606,4.7295148178906353e-07,0.16357699177279594,0.824332200166962,25,20,20
48,1036,0.00014035503620508035,2.644649085824077e-07,0.1964929967398731,0.8033663837590126,25,20,20
48,1037,0.004213231728211576,0.018102550324490613,0.2299105876554484,0.7477736302918483,25,20,20
48,1038,0.00014267582254165413,0.031579467059058494,0.2240709321004534,0.7442069250179452,25,20,20
48,1039,0.006572713793423259,0.03950584118902002,0.2293058522468502,0.7246155927707062,25,20,20
48,1040,0.05073716670546045,0.03953856087519182,0.17462382542311378,0.7351004469962334,25,20,20
48,1041,0.018910984103572812,0.039545112821324405,0.19048760226512823,0.7510563008099733,25,20,20
48,1042,0.01009416446118222,0.039997021658848546,0.1927904332673356,0.757118380612633,25,20,20
48,1043,0.006226724261003482,0.0006363936756115103,0.25500932912749447,0.7381275529358902,25,20,20
48,1044,0.005885623739678444,2.6086391487236452e-05,0.2235609633057659,0.7705273265630683,25,20,20
48,1045,0.010409943109662785,1.6734836146071308e-06,0.24017282433298623,0.7494155590737348,25,20,20
48,1046,0.0002054201636161988,2.2340527475736242e-05,0.25596483621728655,0.7438074030916204,25,20,20
48,1047,0.00030611553332765193,1.8361734920531361e-06,0.27389042740639613,0.7258016208867845,25,20,20
48,1048,0.01051745664011327,0.024067514450833136,0.23972327083210043,0.7256917580769516,25,20,20
48,1049,0.005927152692983104,9.57634412456599e-05,0.24949233574315044,0.7444847481226203,25,20,20
48,1050,0.0029462515933688766,0.00016972886288786068,0.2337113081449327,0.7631727113988105,25,20,20
48,1051,6.541515372312381e-05,7.155517915984728e-05,0.26419944224677466,0.7356635874203434,25,20,20
48,1052,0.0001736315833924942,8.732610477371393e-05,0.2567906068524741,0.7429484354593583,25,20,20
48,1053,0.000173594174279808,8.731580126963776e-05,0.2629508966977811,0.736788193326669,25,20,20
48,1054,3.2935978853118686e-06,4.1215487442501026e-05,0.25580387434522484,0.7441516165694471,25,20,20
48,1055,0.00011960445370282123,1.4653119387896369e-05,0.2003080377018015,0.7995577047251069,25,20,20
48,1056,0.08266009184587762,1.4733228455840603e-05,0.11754160284612966,0.7997835720795365,25,20,20
48,1057,0.04530967660447829,0.0004791401991611919,0.1684055515439561,0.7858056316524038,25,20,20
48,1058,0.037336636959489064,0.0017756621969466605,0.1842301179774287,0.7766575828661353,25,20,20
48,1059,0.0027592491435207466,0.0017753650551232097,0.1881950518832687,0.8072703339180862,25,20,20
48,1060,0.0008269641701177047,0.0007388835408336195,0.22104735138852497,0.7773868009005236,25,20,20
48,1061,0.012646377683292315,0.0007034281003090374,0.18835458587108672,0.7982956083453118,25,20,20
48,1062,0.012641726650384122,1.4226826684512909e-06,0.19729801509552278,0.790058835571424,25,20,20
48,1063,0.0007342066134614173,0.10883793492069956,0.08475639916383047,0.8056714593020087,25,20,20
48,1064,9.842213897038548e-06,0.10883716747376262,0.07668284938139343,0.8144701409309469,25,20,20
48,1065,2.6856564697936325e-05,0.1191348717780213,0.06008176520926746,0.8207565064480129,25,20,20
48,1066,1.2036379576026939e-09,0.11931928034467898,0.05975629960075345,0.8209244188509294,25,20,20
48,1067,5.731155537642279e-07,0.12008003342837956,0.05909624477624208,0.8208231486798242,25,20,20
48,1068,5.731154437395885e-07,0.11983492829560785,0.05955487449768034,0.820609624091268,25,20,20
48,1069,5.731154442158017e-07,0.11989011710028719,0.04104128681951967,0.8390680229647487,25,20,20
48,1070,0.007694166792808604,0.07986710751137671,0.11013348279762047,0.8023052428981936,25,20,20
48,1071,1.1236435855327456e-06,0.08068977557629775,0.16543269307879527,0.7538764077013207,25,20,20
48,1072,5.9276309843174006e-06,0.10971648766981755,0.13853441481151754,0.7517431698876804,25,20,20
48,1073,0.03995632102538491,0.09006807474921084,0.11795887669819953,0.7520167275272044,25,20,20
48,1074,0.04067382930738247,0.07951714810410448,0.12024190199258049,0.759567120595932,25,20,20
48,1075,1.7657340681548065e-06,0.08144712916433652,0.17767985916459036,0.7408712459370044,25,20,20
48,1076,0.008160947243580808,0.08195521778713173,0.1505146225596297,0.7593692124096573,25,20,20
48,1077,1.6715750255695184e-06,0.08177649612622258,0.1597717668223411,0.7584500654764104,25,20,20
48,1078,8.080903218363224e-06,0.0793364428131417,0.16070644794581093,0.7599490283378283,25,20,20
48,1079,0.03208415123794028,0.07958079007296423,0.08986246397322445,0.7984725947158706,25,20,20
48,1080,0.006032348218828372,0.04000049388330043,0.15464689853389915,0.7993202593639716,25,20,20
48,1081,0.00481781265169577,0.040010109668376925,0.1675932177892613,0.7875788598906652,25,20,20
48,1082,0.00470776085190523,0.03998878800500872,0.18451417735438905,0.7707892737886963,25,20,20
48,1083,0.004499436590463177,0.04000458238466881,0.2074162156769081,0.74807976534796,25,20,20
48,1084,0.009395031437972821,0.03998796399679585,0.2083219123427284,0.7422950922225029,25,20,20
48,1085,0.01300128630854579,0.06492432775396276,0.21106011752512552,0.7110142684123653,25,20,20
48,1086,0.0036039403673480013,0.06492416839018861,0.2125912668234521,0.7188806244190111,25,20,20
48,1087,0.06667867425293858,0.06492487199207969,0.15072908403712448,0.7176673697178567,25,20,20
48,1088,0.034077183043082056,0.04257212955784202,0.17084314794404976,0.7525075394550254,25,20,20
48,1089,0.0340771842963545,0.02545391122849437,0.19850888083368504,0.7419600236414652,25,20,20
48,1090,0.012555692816969383,0.022850326544145726,0.22327141277406345,0.7413225678648208,25,20,20
48,1091,0.012555693364843565,0.022850332061898803,0.20498173172763326,0.7596122428456237,25,20,20
48,1092,0.00023279363222600323,0.022861418828420473,0.24480893454512245,0.7320968529942307,25,20,20
48,1093,0.0346127607904128,0.00454032736150426,0.24816717056604362,0.7126797412820381,25,20,20
48,1094,0.012283035029960166,0.004540695857324773,0.2407166235556387,0.7424596455570753,25,20,20
48,1095,0.03715204365536881,0.004540388151164979,0.18549751529996622,0.772810052893499,25,20,20
48,1096,0.03887266422121322,1.495977012902531e-07,0.1800567006050053,0.7810704855760793,25,20,20
48,1097,0.04000059651260651,2.030324985254587e-05,0.16065292707606418,0.7993261731614757,25,20,20
48,1098,0.0400036057433021,0.0006214702250784812,0.16115660223035472,0.7982183218012642,25,20,20
48,1099,0.03978044217657355,6.523370212144593e-05,0.16090241936251476,0.799251904758788,25,20,20
48,1100,0.039439311710145426,3.8056107146671055e-05,0.1788090132014376,0.7817136189812698,25,20,20
48,1101,0.022438648555288633,4.322241796427726e-05,0.21993736193399413,0.7575807670927525,25,20,20
48,1102,0.00018213748883653006,0.024188790464510893,0.19989519644384401,0.7757338756028088,25,20,20
48,1103,0.008064509595477077,0.023797710251348105,0.17012505899861835,0.7980127211545563,25,20,20
48,1104,0.007893959182410254,0.039566211250909214,0.15417151434187365,0.7983683152248066,25,20,20
48,1105,0.03909913831630674,0.04002374330280131,0.1219018146894916,0.7989753036913999,25,20,20
48,1106,0.044432986649795156,0.04049063751160844,0.16474268665138783,0.7503336891872088,25,20,20
48,1107,0.004568191781393824,0.04049023892446626,0.1959726613002392,0.7589689079938996,25,20,20
48,1108,0.08013700628778601,0.04031827709234155,0.13661440725500362,0.7429303093648683,25,20,20
48,1109,0.07741360445989857,0.03982536711829323,0.1960006336977453,0.6867603947240609,25,20,20
48,1110,0.1029178609121124,0.040715691908980264,0.16212173562832446,0.694244711550582,25,20,20
48,1111,0.09082388808539157,0.04021628955582572,0.16669810945681132,0.7022617129019716,25,20,20
48,1112,0.08867751908430721,0.03971253896640161,0.1604399859647502,0.7111699559845401,25,20,20
48,1113,0.07708040055490374,0.039722215147878444,0.1711111089776441,0.7120862753195735,25,20,20
48,1114,0.11246638462482325,0.03951852568545752,0.09818793094676913,0.7498271587429497,25,20,20
48,1115,0.10555114190764824,0.03938855130187511,0.105517469319469,0.7495428374710074,25,20,20
48,1116,0.07617918089522477,0.040030888073629894,0.08269462797923201,0.8010953030519132,25,20,20
48,1117,0.019358341805846623,0.040000928542550024,0.15090618169203474,0.7897345479595681,25,20,20
48,1118,0.019358570552946177,0.04002135573687331,0.1493893340685748,0.7912307396416054,25,20,20
48,1119,0.019358289047119708,0.0400751813440689,0.1526498167594753,0.7879167128493356,25,20,20
48,1120,0.032131325057476665,0.040028896524659546,0.13665849999220522,0.791181278425658,25,20,20
48,1121,0.001465136332006296,0.040027473486054205,0.15824964894012614,0.8002577412418129,25,20,20
48,1122,0.03512808973797091,0.039986920513420544,0.21459866073059497,0.710286329018013,25,20,20
48,1123,0.035122581444696446,0.04003517559062114,0.20530865313323018,0.7195335898314519,25,20,20
48,1124,0.034180421506058004,0.04003911003741157,0.20573293513277066,0.7200475333237593,25,20,20
48,1125,0.04002831239337237,0.03999646892896838,0.1726019740007915,0.7473732446768675,25,20,20
48,1126,0.003110013222550937,0.04007019632984265,0.2093122936369512,0.7475074968106549,25,20,20
48,1127,0.03933276536965955,0.03999787998288188,0.1677880561715283,0.7528812984759301,25,20,20
48,1128,0.03933381214103083,0.039997918475777265,0.20946404675548394,0.7112042226277069,25,20,20
48,1129,0.039550394977946025,0.039999808430571326,0.2362230312148502,0.6842267653766307,25,20,20
48,1130,0.07156257323061573,0.04053463943511654,0.1627225074242518,0.7251802799100152,25,20,20
48,1131,0.07175690611122061,0.0007681376758252628,0.1942132523357812,0.7332617038771722,25,20,20
48,1132,0.03641928953913296,9.204600731170903e-06,0.1881694312240085,0.7754020746361264,25,20,20
48,1133,0.03625668359435857,0.03176146065471606,0.1411218540920043,0.7908600016589205,25,20,20
48,1134,0.03978455592227379,0.0007935912837625503,0.21869428231400878,0.7407275704799542,25,20,20
48,1135,0.0020557228312709547,0.002380137464552226,0.28328810376376873,0.712276035940407,25,20,20
48,1136,0.0005581405840011288,5.028501919758864e-05,0.2939122115618444,0.7054793628349565,25,20,20
48,1137,0.0005582127032466811,0.0010636369787326877,0.24773498058193574,0.7506431697360832,25,20,20
48,1138,0.00044609573972154127,8.195851647863159e-07,0.2155900743523366,0.7839630103227762,25,20,20
48,1139,0.004258391866678109,7.362360685097117e-08,0.18167903256229187,0.8140625019474227,25,20,20
48,1140,0.000400581847413246,1.778826151746973e-07,0.20020680177366285,0.799392438496308,25,20,20
48,1141,0.0002854125413886911,0.0007101441730133512,0.19989189703047366,0.7991125462551238,25,20,20
48,1142,0.0006203607470197617,0.0007101443906243096,0.20002797284858814,0.7986415220137674,25,20,20
48,1143,0.017479949551225404,0.00010184821602120856,0.18955891724904167,0.7928592849837116,25,20,20
48,1144,0.00010950680705841579,8.44900209237774e-06,0.1999284786079915,0.799953565582857,25,20,20
48,1145,1.2017850291594757e-05,3.6814600288163785e-05,0.20207938030861425,0.7978717872408059,25,20,20
48,1146,0.00010173582162009344,3.681932656741976e-05,0.2008131523501155,0.7990482925016963,25,20,20
48,1147,0.038584633719808234,3.3488013702041086e-07,0.13720286948589108,0.8242121619141634,25,20,20
48,1148,0.03867906169438447,8.803543776086558e-05,0.1399641057927552,0.8212687970750988,25,20,20
48,1149,0.03876539958937279,6.655486784180481e-05,0.12227708523210618,0.8388909603106782,25,20,20
48,1150,0.038682159047593534,1.6185026724355918e-05,0.12183643221397239,0.8394652237117094,25,20,20
48,1151,0.00027262199579967917,0.003190550966490519,0.17112934246641792,0.8254074845712909,25,20,20
48,1152,0.013001386699712413,0.0024244977585808044,0.1609545894866757,0.8236195260550301,25,20,20
48,1153,0.0004971879769932918,0.0024726901322197426,0.1759430434844132,0.8210870784063729,25,20,20
48,1154,0.039984924204341826,0.0025586400550954786,0.16218936177648505,0.7952670739640771,25,20,20
48,1155,0.039984697450015774,4.9145051525642956e-05,0.16243617470317376,0.797529982795284,25,20,20
48,1156,6.298498948628428e-05,5.085783258917381e-05,0.20186823041930432,0.7980179267586194,25,20,20
48,1157,0.00011066732096182003,0.0005123960548595937,0.24045028622834708,0.758926650395831,25,20,20
48,1158,6.153015599480731e-05,0.0005095594263777828,0.23964021692534043,0.7597886934922858,25,20,20
48,1159,0.008115058483748473,0.00047150519741168926,0.23962141117020103,0.7517920251486382,25,20,20
48,1160,0.008105298403036658,0.0018243892668487797,0.28368495424143025,0.7063853580886829,25,20,20
48,1161,0.00014860158723915931,0.03168103595651338,0.25426961479795546,0.7139007476582917,25,20,20
48,1162,1.2088371801148648e-07,0.03947947852656361,0.23706321715189044,0.7234571834378272,25,20,20
48,1163,0.000407788823247483,0.03983772006322083,0.21835686843484922,0.7413976226786816,25,20,20
48,1164,0.001464185124908368,8.201974127346629e-05,0.217521994718339,0.780931800415479,25,20,20
48,1165,0.0003309152956847419,3.972728374152876e-05,0.23186079041963173,0.7677685670009421,25,20,20
48,1166,5.841820914957603e-05,1.5015920236597172e-06,0.22325425665920545,0.7766858235396211,25,20,20
48,1167,0.00039792899717953163,3.897560028583217e-07,0.1835694388743806,0.8160322423724363,25,20,20
48,1168,0.016170876602835237,1.2362611735903525e-06,0.12610479712208597,0.8577230900139052,25,20,20
48,1169,0.01649200937784023,9.883902809893756e-07,0.13015814872327502,0.8533488535086036,25,20,20
48,1170,0.008818214279168686,9.64718518817685e-06,0.12094575038102477,0.8702263881546186,25,20,20
48,1171,3.7995075716424244e-05,0.00038767845134238894,0.15687669420264588,0.842697632270295,25,20,20
48,1172,0.005806384885616349,1.8635668434955848e-05,0.13944726361660587,0.8547277158293427,25,20,20
48,1173,0.04076459473295648,3.6606358596032055e-06,0.1530150496461071,0.8062166949850768,25,20,20
48,1174,0.0034811452968352137,3.850171966000921e-06,0.2064948221631974,0.7900201823680005,25,20,20
48,1175,0.043380271399499265,3.6601339193024206e-06,0.14859367184099367,0.8080223966255876,25,20,20
48,1176,0.009078497956038425,5.1266746939690356e-05,0.19157073179795328,0.7992995034990682,25,20,20
48,1177,0.016659816627441607,4.501072292312622e-06,0.20033553113055205,0.7830001511697132,25,20,20
48,1178,0.04935318910442978,0.0023437490189818395,0.2047115447910847,0.7435915170855038,25,20,20
48,1179,0.0723397986708367,0.0028682230715512845,0.13985808607632952,0.7849338921812818,25,20,20
48,1180,0.07313594318023704,0.0023396391377579397,0.14557221074025667,0.7789522069417478,25,20,20
48,1181,0.03321464977763027,0.031619905348868015,0.16075917329961065,0.7744062715738903,25,20,20
48,1182,0.006905712746029711,0.002822324260290379,0.19436575528475988,0.7959062077089188,25,20,20
48,1183,0.006903945087889713,1.114710890661352e-06,0.1899372384475527,0.8031577017536661,25,20,20
48,1184,0.008117805192087732,9.58077766615553e-07,0.19048033003651263,0.8014009066936325,25,20,20
48,1185,0.00811780518034375,9.55035855549423e-07,0.19179274000259983,0.8000884997812006,25,20,20
48,1186,0.04163057888058364,1.2295779903220098e-06,0.15633451488792802,0.8020336766534978,25,20,20
48,1187,0.041624326424577515,1.0199877657580824e-06,0.15690399905414243,0.8014706545335143,25,20,20
48,1188,0.044337020302663524,5.0919794497137416e-05,0.1645833128642622,0.7910287470385766,25,20,20
48,1189,0.04093333482550404,0.002008092122186088,0.1649469732747648,0.7921115997775451,25,20,20
48,1190,0.04423131982521314,3.1740810890179166e-05,0.17996720002101804,0.7757697393428784,25,20,20
48,1191,0.05397979555827615,3.2092261482372135e-05,0.1736126775999447,0.7723754345802962,25,20,20
48,1192,0.08143888713011185,1.2873203041198953e-05,0.11968396802406288,0.7988642716427833,25,20,20
48,1193,0.10947663823851411,3.059870337377005e-08,0.05180929977003275,0.8387140313927499,25,20,20
48,1194,0.11138750191226875,0.03933306332507432,0.018398042693364078,0.830881392069293,25,20,20
48,1195,0.002831911067480123,0.04000011117236463,0.09655517221291259,0.8606128055472421,25,20,20
48,1196,0.03463065922587214,0.03953840195761968,0.04790364076121744,0.8779272980552907,25,20,20
48,1197,0.013139014671027793,0.03953898783934681,0.14886555279185795,0.7984564446977669,25,20,20
48,1198,0.006478043551258837,0.029705120142591915,0.20325767021779648,0.7605591660883516,25,20,20
48,1199,0.0069867101429691505,0.029684981586034626,0.22001609397920824,0.7433122142917867,25,20,20
48,1200,0.0007148320539507868,0.02970530078419477,0.22666569308674173,0.7429141740751115,25,20,20
48,1201,0.0010014672350416318,0.029684461428456866,0.2109506313557296,0.7583634399807712,25,20,20
48,1202,0.03780699736903269,0.029694399143618863,0.1729369870052583,0.7595616164820891,25,20,20
48,1203,0.037412124319235074,0.03061905641020241,0.1914184441667802,0.740550375103781,25,20,20
48,1204,0.037412120141236065,0.030619875069206028,0.186756032655799,0.7452119721337579,25,20,20
48,1205,0.012950753427539376,0.03022255268341618,0.23682813656922166,0.7199985573198221,25,20,20
48,1206,9.568351967804434e-05,0.04092026584456442,0.24059570470423824,0.7183883459315176,25,20,20
48,1207,0.0032849464429779416,0.021240044002393745,0.2565456066269087,0.7189294029277181,25,20,20
48,1208,0.03487756003133369,0.021917715842748372,0.22987566580352825,0.713329058322389,25,20,20
48,1209,0.001930092692093063,0.02123307562900163,0.25446381396952994,0.7223730177093747,25,20,20
48,1210,0.04582404948539123,9.756104997013204e-06,0.23218531135193796,0.7219808830576728,25,20,20
48,1211,0.07848385003537464,1.309181771237561e-06,0.2010638682334692,0.7204509725493838,25,20,20
48,1212,0.07880962545953006,3.772896808217096e-05,0.24694359007363664,0.6742090554987492,25,20,20
48,1213,0.07851615280319764,3.6995303506566756e-05,0.202723953359299,0.7187228985339961,25,20,20
48,1214,0.08436555984054349,1.2409263012444309e-05,0.20407566816132572,0.7115463627351165,25,20,20
48,1215,0.050803805388829774,2.1958773261715468e-06,0.22734216216720837,0.7218518365666354,25,20,20
48,1216,0.040484517417527816,1.861869426908036e-08,0.24987187585965628,0.7096435881041208,25,20,20
48,1217,0.00013663967826408395,0.03304984452006872,0.25668701502690616,0.7101265007747598,25,20,20
48,1218,0.017370368130936963,0.04143537130400393,0.22085670166514504,0.7203375588999132,25,20,20
48,1219,0.01772431727045913,0.04056945737805144,0.22086295896028033,0.7208432663912085,25,20,20
48,1220,0.033531264364035265,0.07960110880572775,0.16682107191339746,0.7200465549168384,25,20,20
48,1221,0.037487311331789536,0.04069543972210869,0.1645036804499982,0.7573135684961033,25,20,20
48,1222,0.029509946271413526,0.04070900023607999,0.1757281001325748,0.754052953359931,25,20,20
48,1223,0.05116585359504037,0.040005137837415286,0.14553709245749524,0.7632919161100485,25,20,20
48,1224,0.03840389574583353,0.040001404760980935,0.1233061446602685,0.7982885548329165,25,20,20
48,1225,0.0001734380329463689,1.1836046150276722e-05,0.2015088564174861,0.7983058695034169,25,20,20
48,1226,6.368569627261153e-05,3.253027173444919e-05,0.20090481521533257,0.7989989688166595,25,20,20
48,1227,1.1197947233189365e-07,7.777744004682297e-05,0.20359787225227907,0.7963242383282008,25,20,20
48,1228,7.604202257030224e-06,6.877217965606704e-05,0.2027685775146831,0.7971550461034036,25,20,20
48,1229,0.00017411900314266804,6.529725934064145e-05,0.20153236992143242,0.7982282138160831,25,20,20
48,1230,0.007970766469024478,5.632670641574104e-05,0.194587620193644,0.797385286630915,25,20,20
48,1231,0.037605492697566,5.599583751419306e-05,0.16443189427170826,0.7979066171932112,25,20,20
48,1232,0.025827450765126728,9.269398698062305e-05,0.17522385228122192,0.7988560029666707,25,20,20
48,1233,0.026197247702222516,0.00011216640089334498,0.17540558373578746,0.7982850021610952,25,20,20
48,1234,0.01680589197741529,0.0007492365451692429,0.1923501831008344,0.7900946883765806,25,20,20
48,1235,0.016731532679605435,3.8193278885085495e-05,0.1920609665775638,0.7911693074639452,25,20,20
48,1236,0.04450176017598133,4.001938695894709e-05,0.1642802330338255,0.7911779874032334,25,20,20
48,1237,0.05317246586684738,0.03954892614651324,0.11590293207379472,0.7913756759128442,25,20,20
48,1238,0.019302207654514285,0.04231046720857162,0.2162271907581149,0.7221601343787987,25,20,20
48,1239,0.007624950592511253,0.07934837286538239,0.19176718260528403,0.7212594939368221,25,20,20
48,1240,0.007624950591691644,0.11177004688851691,0.15873181659326036,0.7218731859265304,25,20,20
48,1241,0.007624950597785167,0.10173411773209738,0.16837500592915816,0.7222659257409583,25,20,20
48,1242,0.007624950612672727,0.07916314845658581,0.19095499856511083,0.722256902365629,25,20,20
48,1243,0.006657533313391688,0.02296913350305076,0.2509891561813445,0.7193841770022121,25,20,20
48,1244,0.0049616339686369085,0.022902926144517815,0.2612028549911693,0.7109325848956755,25,20,20
48,1245,0.0031354124759149626,0.04136236738459437,0.21370248550179166,0.7417997346376977,25,20,20
48,1246,0.012332732166245872,0.039365029296413535,0.24701942333459045,0.7012828152027497,25,20,20
48,1247,0.012223761032652493,3.645401130405418e-05,0.32618031073216597,0.6615594742238771,25,20,20
48,1248,1.5715278668679845e-05,4.206065555428371e-05,0.3390126971795644,0.6609295268862101,25,20,20
48,1249,0.044273076875574684,3.995476318468001e-05,0.283867060537657,0.6718199078235828,25,20,20
48,1250,0.03799448474604769,4.82891002458911e-05,0.2825881796541667,0.6793690464995394,25,20,20
48,1251,0.0855680364214953,0.00010740236334908504,0.24429411780770685,0.6700304434074481,25,20,20
48,1252,0.05460372272822858,0.0001053100295448852,0.2783683516777367,0.666922615564489,25,20,20
48,1253,0.04726608488085851,0.002640668806674435,0.28673125244658426,0.663361993865883,25,20,20
48,1254,0.03675931694375238,0.002356001192846423,0.2973414739942316,0.6635432078691688,25,20,20
48,1255,0.0004770553865480851,4.974249847146562e-05,0.32023515188831975,0.6792380502266597,25,20,20
48,1256,0.023658654493975546,0.0010356362138581017,0.2960547584321225,0.6792509508600433,25,20,20
48,1257,0.010667502454942818,0.0010353971051437298,0.2698150794254528,0.7184820210144608,25,20,20
48,1258,0.03857400310135493,0.0007529820821086069,0.2582534156818864,0.7024195991346488,25,20,20
48,1259,0.009523149863215848,0.0010731882549255987,0.2885027604989716,0.7009009013828853,25,20,20
48,1260,0.001334839338209915,0.0012818860240549402,0.27832756249478463,0.7190557121429498,25,20,20
48,1261,0.03262309988724146,4.7767654719660125e-05,0.28439232278112475,0.6829368096769141,25,20,20
48,1262,0.042471041558929626,2.5358885899367797e-05,0.25566665548695516,0.7018369440682148,25,20,20
48,1263,0.04587426600317233,2.429584076465297e-05,0.288595258983705,0.6655061791723564,25,20,20
48,1264,0.03227988946630275,5.9849523863502744e-05,0.28388923459345117,0.6837710264163814,25,20,20
48,1265,0.04013746154610245,0.0004634999930478967,0.2397616304081063,0.719637408052742,25,20,20
48,1266,0.005371336315805636,0.00044493476623288586,0.27127367202747193,0.7229100568904893,25,20,20
48,1267,0.005132542632394503,3.811715721264814e-05,0.27558533242153,0.7192440077888618,25,20,20
48,1268,0.0033559783639211128,1.9291917183206184e-08,0.28546167111393556,0.7111823312302259,25,20,20
48,1269,0.005776954553053142,8.42272521278655e-08,0.3200632424783257,0.6741597187413677,25,20,20
48,1270,0.03247958265379999,1.3236984341942623e-06,0.2843047576666844,0.6832143359810806,25,20,20
48,1271,0.037548060789401885,1.3859949578850168e-06,0.27755661732240205,0.6848939358932374,25,20,20
48,1272,0.004863975650559698,0.000545476490789022,0.3303477217674528,0.6642428260911981,25,20,20
48,1273,0.0763319511379513,6.420305912756059e-06,0.2442231978540913,0.6794384307020432,25,20,20
48,1274,0.04496217711432029,6.512024966612689e-06,0.27913386316231,0.6758974476984014,25,20,20
48,1275,0.012704201536095987,1.5152079728643594e-05,0.2962505989049181,0.6910300474792561,25,20,20
48,1276,0.03595372561044972,3.9615931423251955e-05,0.2641474465280959,0.69985921193003,25,20,20
48,1277,0.0006759540982503856,2.8272197964285172e-05,0.2794908710091738,0.7198049026946103,25,20,20
48,1278,0.03284455531199993,6.627035234062811e-05,0.251565261298443,0.7155239130372157,25,20,20
48,1279,0.0393438773526074,2.28631203655614e-05,0.23351140919256497,0.7271218503344602,25,20,20
48,1280,7.582670224812605e-07,2.0188853554604902e-05,0.2221613869716651,0.7778176659077566,25,20,20
48,1281,0.004848757923793971,1.9778635327911143e-05,0.20976758781588153,0.785363875624996,25,20,20
48,1282,0.0046222135681099384,2.328847979987988e-05,0.1768882794790471,0.8184662184730427,25,20,20
48,1283,0.0046645897358293794,6.687574581290746e-05,0.22044773209463556,0.7748208024237212,25,20,20
48,1284,0.004318016912688796,1.939412113414936e-05,0.19729081671873877,0.7983717722474378,25,20,20
48,1285,0.013770743205784274,0.0005022364185436042,0.14204534675295413,0.8436816736227175,25,20,20
48,1286,0.012762130143520001,0.00049921961195958,0.11482397806587129,0.8719146721786488,25,20,20
48,1287,0.012790012332488878,1.872665726643546e-05,0.10829417343227593,0.8788970875779683,25,20,20
48,1288,0.004051760503872289,1.8730208126998612e-05,0.1576961235120355,0.8382333857759644,25,20,20
48,1289,0.0010164286025481563,1.761021867685106e-05,0.15930191682983114,0.839664044348943,25,20,20
48,1290,0.011459427754133347,0.0020144492202792165,0.18517137726621105,0.8013547457593764,25,20,20
48,1291,0.011956860444820576,5.0359447018931206e-05,0.19542744657468458,0.7925653335334757,25,20,20
48,1292,0.01196579090935694,5.035965262435707e-05,0.1893826701098752,0.7986011793281425,25,20,20
48,1293,0.011705649697332348,5.0615804298152834e-05,0.1889364330380856,0.7993073014602827,25,20,20
48,1294,0.04860469500903194,2.2712124847340327e-05,0.18269578786409915,0.7686768050020212,25,20,20
48,1295,0.04366647753986401,1.0444515328692264e-05,0.1761518048412245,0.7801712731035824,25,20,20
48,1296,0.04319889134941584,1.8526849475476885e-06,0.1649301591333834,0.7918690968322533,25,20,20
48,1297,0.09557220891401037,1.458054064110463e-05,0.10270272617472243,0.8017104843706261,25,20,20
48,1298,0.041442614472278906,1.1943756229096628e-06,0.09767437624246025,0.860881814909638,25,20,20
48,1299,0.04096288970159427,6.801026205380557e-07,0.13570611033355467,0.8233303198622302,25,20,20
48,1300,0.044987856305744714,8.256597906489839e-09,0.09403400585918449,0.8609781295784725,25,20,20
48,1301,0.010597611210569709,1.8031352038278924e-07,0.12809993050042748,0.8613022779754823,25,20,20
48,1302,0.010597611210175504,1.8668106937002e-07,0.12891124444715693,0.8604909576615981,25,20,20
48,1303,0.008616600401102383,1.7830915338943794e-07,0.12761982950771583,0.8637633917820284,25,20,20
48,1304,0.00179282066398296,4.414811361178928e-06,0.12082930275427631,0.8773734617703788,25,20,20
48,1305,0.00032174514274040355,1.1873588312544979e-08,0.12977311974147349,0.8699051232421978,25,20,20
48,1306,0.03489656272327006,2.7446206802763165e-05,0.10186866482410223,0.8632073262458252,25,20,20
48,1307,0.03457482043366858,2.8075018500827272e-05,0.09007945272598912,0.8753176518218413,25,20,20
48,1308,0.03457482046886995,2.811551413851057e-05,0.0865730986290637,0.8788239653879275,25,20,20
48,1309,5.893989039598495e-05,1.0189327581302211e-05,0.12021441038904179,0.8797164603929805,25,20,20
48,1310,5.874529134755736e-05,1.0912306985139022e-05,0.15137834780983808,0.8485519945918284,25,20,20
48,1311,0.0001748895094884395,8.594858606093843e-07,0.12190349005902966,0.8779207609456204,25,20,20
48,1312,1.7494662084059477e-06,6.691240216402152e-07,0.12113739412537747,0.8788601872843916,25,20,20
48,1313,1.7494660956300016e-06,0.03999075235703898,0.08223769282961697,0.8777698053472476,25,20,20
48,1314,1.557218842947629e-08,0.039996018233196026,0.08228446410076863,0.8777195020938461,25,20,20
48,1315,1.5603791400473592e-08,0.002544781985050049,0.11915813089732781,0.8782970715138306,25,20,20
48,1316,1.1949278408992206e-09,1.9918329689236557e-07,0.12288585675822962,0.8771139428635449,25,20,20
48,1317,5.877203833990865e-06,1.0348912279667478e-06,0.12934239369027667,0.870650694214661,25,20,20
48,1318,0.00030456314756836995,1.1914163011289037e-06,0.16064420361096612,0.8390500418251637,25,20,20
48,1319,0.0003272679481842216,4.375540153483351e-05,0.19287973265766298,0.8067492439926168,25,20,20
48,1320,0.000327518333771314,5.095749459877454e-05,0.207032642910915,0.7925888812607143,25,20,20
48,1321,0.000327080985258699,2.9115410427418185e-09,0.13479762916645152,0.8648752869367481,25,20,20
48,1322,0.0003378886667816006,5.7901309119289695e-11,0.12324273592410329,0.8764193753512133,25,20,20
48,1323,3.1093317011438776e-06,1.0588065741662913e-06,0.1667170239285477,0.833278807933176,25,20,20
48,1324,0.03157605786209047,5.506067632184718e-10,0.16444834936991182,0.8039755922173906,25,20,20
48,1325,0.04000384059954851,1.3361321727294673e-06,0.1549236719439533,0.8050711513243253,25,20,20
48,1326,0.007608399092754701,8.751034805736685e-07,0.17241452469804433,0.81997620110572,25,20,20
48,1327,8.498953379404672e-06,8.526049504134868e-07,0.15908625556722136,0.8409043928744486,25,20,20
48,1328,0.03849683617577505,0.01662531191213017,0.10295148328913958,0.8419263686229548,25,20,20
48,1329,0.03849874820851074,0.0006585052070475053,0.15690328127409323,0.8039394653103481,25,20,20
48,1330,0.03859955404098139,0.0008965411852194299,0.1947348883621321,0.7657690164116662,25,20,20
48,1331,0.0006851495421583377,1.1820444517975788e-06,0.24573319037946587,0.7535804780339229,25,20,20
48,1332,0.0003542385551732342,0.0005408120550390152,0.23644896004643765,0.7626559893433499,25,20,20
48,1333,0.005906740229253404,0.0005770589901190065,0.1821880251355932,0.8113281756450336,25,20,20
48,1334,0.00012414131793604409,0.0005871607438395672,0.21312785767964343,0.7861608402585796,25,20,20
48,1335,0.00012023436429955852,0.0005736338992048946,0.19788715735002427,0.8014189743864703,25,20,20
48,1336,0.003140870053969692,7.323348889014081e-05,0.17632570110773021,0.8204601953494095,25,20,20
48,1337,0.003136952323731376,0.004563160277524193,0.20810674852507877,0.7841931388736652,25,20,20
48,1338,2.030494674414605e-06,0.001992433180405998,0.202928023204489,0.79507751312043,25,20,20
48,1339,0.04005810143024683,8.482710552368177e-09,0.08740307225819972,0.8725388178288425,25,20,20
48,1340,0.0003241777409477287,6.171682852080926e-07,0.1268364917457202,0.8728387133450471,25,20,20
48,1341,0.0031653979916375424,5.972526619611617e-09,0.1275698044669337,0.8692647915689024,25,20,20
48,1342,0.006317615619427357,1.9005634596811042e-05,0.12289692817208321,0.8707664505738929,25,20,20
48,1343,0.03613170743975365,0.000749995443347661,0.09220433853880147,0.8709139585780968,25,20,20
48,1344,0.00010949051945305433,0.0007375937986503354,0.12827931594244765,0.8708735997394486,25,20,20
48,1345,2.99326318401207e-09,0.0009124767746474571,0.12652674160999638,0.8725607786220924,25,20,20
48,1346,0.00011922188928574859,0.0009124830148982281,0.14420501914697376,0.8547632759488419,25,20,20
48,1347,2.1402608274041414e-09,4.6570607864996357e-08,0.13945272434291417,0.8605472269462172,25,20,20
48,1348,4.923908578093774e-05,1.6627679197457033e-05,0.1378825654759104,0.862051567759111,25,20,20
48,1349,6.638356530346325e-05,0.0006426011647198781,0.1907380180018584,0.8085529972681169,25,20,20
48,1350,7.231699339310401e-05,0.0018421036127816287,0.12198263351886279,0.8761029458749618,25,20,20
48,1351,0.00013488337300679679,0.0007982539922554102,0.12216389575508418,0.8769029668796526,25,20,20
48,1352,0.00016231121880829448,0.0006962200400356808,0.12065817955458195,0.878483289186573,25,20,20
48,1353,0.015378490840226548,0.03863394412846638,0.07456986250736165,0.8714177025239449,25,20,20
48,1354,0.03998190507655271,3.8885899965755406e-05,0.08746683660987642,0.8725123724136047,25,20,20
48,1355,0.03997302112789381,3.9068277740688696e-05,0.08176303164427975,0.8782248789500852,25,20,20
48,1356,0.039973021111797416,3.9068219977426675e-05,0.0811337482224219,0.8788541624458028,25,20,20
48,1357,0.04000936055777129,1.3104150423315289e-05,0.11744639197927319,0.8425311433125318,25,20,20
48,1358,0.03997481101244987,0.0019945270683091555,0.13358399465575943,0.8244466672634806,25,20,20
48,1359,0.034577556255330294,0.0020086607245277115,0.13125930214809764,0.8321544808720438,25,20,20
48,1360,0.018140785638908766,1.9338908211572405e-05,0.14493679215528424,0.8369030832975952,25,20,20
48,1361,0.007615493309753172,4.306032278793177e-05,0.15007256385525616,0.8422688825122023,25,20,20
48,1362,1.1364766840463103e-05,4.550710518505506e-06,0.16072918546243325,0.839254899060207,25,20,20
48,1363,0.00019613155056044746,4.956100089947143e-05,0.1783668001561181,0.8213875072924216,25,20,20
48,1364,0.00021066648830286923,4.987268361953006e-05,0.17803714537797533,0.8217023154501022,25,20,20
48,1365,0.01841393720134367,4.945186133282361e-05,0.15789978307673944,0.8236368278605839,25,20,20
48,1366,0.0003097396926848438,1.9610986492620797e-05,0.1613565033929708,0.8383141459278508,25,20,20
48,1367,0.0003118753915705896,1.828570915964919e-05,0.16915101671848976,0.8305188221807791,25,20,20
48,1368,0.00362613075791268,3.363792657201154e-08,0.15791620884979868,0.8384576267543612,25,20,20
48,1369,0.003771599411429255,9.416989523065716e-06,0.15787325843011066,0.8383457251689366,25,20,20
48,1370,0.03680428255963758,2.1383639026478937e-08,0.12430783827132565,0.8388878577853971,25,20,20
48,1371,0.07252969356793415,9.631457976849114e-07,0.08935643349674352,0.8381129097895235,25,20,20
48,1372,0.07244429594578883,9.711635825183367e-07,0.0875428955189418,0.840011837371686,25,20,20
48,1373,0.09032269414427034,1.2348961175130399e-08,0.030149376312967647,0.8795279171938006,25,20,20
48,1374,0.08640554966591153,2.7342438770298187e-07,0.035036757732473,0.8785574191772275,25,20,20
48,1375,0.0059922372737176285,2.6186622301539277e-07,0.1152754214564837,0.878732079403575,25,20,20
48,1376,0.03460835362301988,0.00010725747343152134,0.14222479307142927,0.8230595958321186,25,20,20
48,1377,0.015775558089022625,2.698146949878252e-05,0.20610615582395547,0.7780913046175222,25,20,20
48,1378,0.0157755580894924,2.6871146009656697e-05,0.19045721435357216,0.7937403564109252,25,20,20
48,1379,0.0002604498615114971,2.7009911410121815e-08,0.20685505199115742,0.792884471137419,25,20,20
48,1380,0.03547733568882481,6.944475305211128e-07,0.15548534016403692,0.8090366296996072,25,20,20
48,1381,0.03533671403939778,0.014266506223888973,0.15972463997653472,0.7906721397601779,25,20,20
48,1382,0.035337592375290654,0.014266506328350722,0.16052139141438942,0.7898745098819694,25,20,20
48,1383,0.035336777664523866,3.852179648410538e-05,0.17245198522098426,0.7921727153180075,25,20,20
48,1384,0.05286523849140057,1.0894731318306013e-06,0.1472209289273943,0.799912743108073,25,20,20
48,1385,0.013122098373737724,6.588521054696224e-07,0.26314317470118587,0.7237340680729699,25,20,20
48,1386,0.00022872020185884034,1.1146823385043647e-06,0.2959842718835998,0.7037858932322019,25,20,20
48,1387,0.00021959929210397044,1.2777697490653076e-06,0.3204724326282333,0.6793066903099136,25,20,20
48,1388,0.03985883895882101,0.002083606736965157,0.2793224998593682,0.6787350544448448,25,20,20
48,1389,0.05646340761434072,0.002035703789081378,0.25317100164974077,0.6883298869468364,25,20,20
48,1390,0.00953098069395913,2.8200447326551886e-05,0.25168160411336415,0.7387592147453487,25,20,20
48,1391,0.06599420930813593,1.8277624843671983e-05,0.17191789255535517,0.7620696205116638,25,20,20
48,1392,0.03633199702957634,1.819718293568885e-05,0.18637773877564712,0.77727206701184,25,20,20
48,1393,0.03774612975234452,1.8612338172623877e-05,0.162446487857633,0.7997887700518482,25,20,20
48,1394,0.05001531830249059,0.0010625426249837617,0.16696422284934315,0.7819579162231818,25,20,20
48,1395,0.04167400628926293,0.0010683868148211166,0.18320518238473396,0.7740524245111804,25,20,20
48,1396,0.04828530521457468,0.0010666469816238235,0.1594437738163381,0.791204273987463,25,20,20
48,1397,0.05690757589266291,4.739739230348231e-05,0.16014579155208256,0.7828992351629502,25,20,20
48,1398,0.051103608478157356,2.476057319320832e-05,0.1508930632786866,0.7979785676699623,25,20,20
48,1399,0.04977582252473698,0.002540965113849876,0.1828682109342295,0.7648150014271837,25,20,20
48,1400,0.013005222736366054,0.00013943355727404056,0.20328369690781703,0.7835716467985425,25,20,20
48,1401,0.00033097795806154165,0.0019929234941890093,0.20555989934396876,0.7921161992037802,25,20,20
48,1402,0.05226955735836876,0.03222162267518228,0.08440287871843824,0.8311059412480103,25,20,20
48,1403,0.07997411710374264,0.04180208704529773,0.04890265300958632,0.8293211428413728,25,20,20
48,1404,0.07997413671080125,0.03947978699183392,0.07073879877081281,0.8098072775265516,25,20,20
48,1405,0.040744549323720826,0.0491491424666542,0.09671473090454566,0.8133915773050788,25,20,20
48,1406,0.03582670192533439,0.07007026757044138,0.0802814608625763,0.8138215696416473,25,20,20
48,1407,0.0007567882377287298,0.040020180339786576,0.15187890233599008,0.8073441290864939,25,20,20
48,1408,0.0005083284533539459,0.040021443399504995,0.11950967676856544,0.8399605513785747,25,20,20
48,1409,0.0014632368494036532,0.04002537083324764,0.12642594091574907,0.8320854514015994,25,20,20
48,1410,0.0014613152308832868,0.03948084864810202,0.12743065931691386,0.8316271768041001,25,20,20
48,1411,0.006104731679036345,0.03948046459361756,0.1152104542754483,0.8392043494518974,25,20,20
48,1412,0.00034575620865317787,0.039480467497631254,0.13894618240870427,0.8212275938850113,25,20,20
48,1413,0.0003370490265857118,0.039999787841966485,0.1199157708141143,0.839747392317333,25,20,20
48,1414,0.010804685528062201,0.04000005840028582,0.1181179151602692,0.8310773409113825,25,20,20
48,1415,0.006729256286745703,0.03999996008988392,0.12230330808701938,0.8309674755363501,25,20,20
48,1416,0.0064149854266348175,0.03998677934534949,0.1147664171585413,0.8388318180694742,25,20,20
48,1417,0.000230370595307872,0.03999979309495834,0.1739520440823995,0.7858177922273343,25,20,20
48,1418,3.109177478107335e-06,0.0399885728842568,0.1582982354523194,0.8017100824859456,25,20,20
48,1419,3.1526928004863443e-06,0.040012598263385345,0.16161216807219134,0.798372080971622,25,20,20
48,1420,3.4178316580887656e-06,0.0326695299575926,0.18585526147114254,0.7814717907396063,25,20,20
48,1421,3.419378604528723e-06,0.039357574384314684,0.1793011063237269,0.7813378999133532,25,20,20
48,1422,0.0038371707036719475,0.039983622824177834,0.15815665337072657,0.7980225531014229,25,20,20
48,1423,0.0038368642172286215,0.03997428967135333,0.16527082067487697,0.790918025436541,25,20,20
48,1424,0.02145691905821319,0.020967246069219122,0.1989282845030176,0.7586475503695493,25,20,20
48,1425,0.019728103799393548,0.04012480127027109,0.19412816805233288,0.7460189268780019,25,20,20
48,1426,0.00011869391673718279,0.06929144857755537,0.1455585988845513,0.785031258621156,25,20,20
48,1427,1.2391215862016303e-05,0.06995205829692065,0.13809940651411823,0.7919361439730987,25,20,20
48,1428,0.0051848988694449885,0.07999164553629606,0.11542312438446511,0.7994003312097938,25,20,20
48,1429,0.0051849523782998485,0.07948517912257767,0.1163776382265638,0.7989522302725587,25,20,20
48,1430,0.020189520522636027,0.07951692710462255,0.10154172330934064,0.7987518290634005,25,20,20
48,1431,0.005175350329077494,0.08004083715732825,0.1176156712115114,0.7971681413020825,25,20,20
48,1432,0.005432432084841392,0.07999587327560438,0.11611657485351383,0.7984551197860402,25,20,20
48,1433,0.005669594672588866,0.07999587297430676,0.11629418107068208,0.7980403512824219,25,20,20
48,1434,0.005669594693837001,0.07999651029241955,0.11473666272643221,0.7995972322873108,25,20,20
48,1435,0.005175418048052761,0.0794672878498448,0.1550748727236525,0.7602824213784494,25,20,20
48,1436,2.4527446353000115e-06,0.06288023394428302,0.17856747065318906,0.7585498426578918,25,20,20
48,1437,1.0495448965668564e-07,0.07965141137849295,0.12921714221410888,0.7911313414529078,25,20,20
48,1438,0.00016727067867846002,0.07950509836185017,0.12943902757762243,0.7908886033818483,25,20,20
48,1439,0.004308702173858588,0.06242923883946563,0.13112515362153773,0.8021369053651375,25,20,20
48,1440,0.004308872481617727,0.044583309915076405,0.15056521012379176,0.8005426074795133,25,20,20
48,1441,8.256075852243921e-06,0.03255967874640072,0.18193991893574213,0.7854921462420045,25,20,20
48,1442,0.000260878463785929,0.03434759954667593,0.16673483747596482,0.7986566845135736,25,20,20
48,1443,0.03902188221253629,0.031822569423858756,0.1369621602993286,0.7921933880642762,25,20,20
48,1444,0.016595707529784932,0.031789205194982434,0.20613176347711598,0.745483323798116,25,20,20
48,1445,0.00010982385278661489,0.04058083335261895,0.21606004184672797,0.7432493009478652,25,20,20
48,1446,0.00010982898615077541,0.04056447755256794,0.22267666111138376,0.7366490323498971,25,20,20
48,1447,0.00746894148781667,0.03987423452503915,0.2154715400718213,0.7371852839153219,25,20,20
48,1448,0.0005914163141578573,0.03981896642428263,0.15947366708581265,0.8001159501757457,25,20,20
48,1449,0.0006010266327133653,0.03981897903932333,0.18679846576495127,0.7727815285630107,25,20,20
48,1450,0.0002626972775490334,0.03981947435012438,0.1840456918948425,0.775872136477484,25,20,20
48,1451,0.03996400482742449,0.039990558731841576,0.14350681930884662,0.7765386171318874,25,20,20
48,1452,0.08990274012810412,0.03999124036136238,0.10051568813950539,0.7695903313710276,25,20,20
48,1453,0.05319675164422257,0.03999069539661845,0.1313931808669676,0.7754193720921903,25,20,20
48,1454,0.000744999121503783,0.054162066116701046,0.16265843076516467,0.7824345039966303,25,20,20
48,1455,0.0004984744663282958,0.05478915549234598,0.1535077175411676,0.7912046525001573,25,20,20
48,1456,0.03643917005483411,0.05426029121735125,0.10946602384120556,0.7998345148866083,25,20,20
48,1457,6.326700002364707e-06,0.06186255691124967,0.15940542549205067,0.7787256908966973,25,20,20
48,1458,2.6239284349858443e-06,0.0791195076195452,0.1465779686174659,0.7742998998345537,25,20,20
48,1459,1.449270002826064e-07,0.07814510690437258,0.13271661085365088,0.7891381373149758,25,20,20
48,1460,0.0001712748546187684,0.07814511012491944,0.09269140933962144,0.8289922056808406,25,20,20
48,1461,1.6685719063089112e-09,0.07814510678659155,0.11048337902234313,0.8113715125224931,25,20,20
48,1462,1.6631372408500582e-09,0.07834942353923206,0.0911293128454375,0.8305212619521931,25,20,20
48,1463,7.760656642298977e-06,0.06301939684665943,0.11337679519400311,0.8235960473026946,25,20,20
48,1464,1.4867748085260615e-08,0.06419325299059055,0.07395024566653322,0.861856486475128,25,20,20
48,1465,0.00034091864877424456,0.059794380455955524,0.09901372852405294,0.8408509723712169,25,20,20
48,1466,0.00034091864334878484,0.05029197436752736,0.16283524590983298,0.7865318610792897,25,20,20
48,1467,2.828097432290047e-09,0.07879906991278678,0.08146973529061356,0.8397311919685019,25,20,20
48,1468,1.1570251068625284e-09,0.07931007479964673,0.08012392852659382,0.8405659955167337,25,20,20
48,1469,4.4836739584310234e-10,0.07953197808268045,0.0973135426159013,0.8231544788530505,25,20,20
48,1470,5.35308177592307e-09,0.08146058054647608,0.08043630961675202,0.8381031044836896,25,20,20
48,1471,2.5865123302623666e-09,0.07865352329971581,0.08314616760983622,0.8382003065039355,25,20,20
48,1472,1.1689424603499196e-09,0.07922583070069222,0.08174761170032785,0.8390265564300374,25,20,20
48,1473,1.3188986795237485e-09,0.07948653775846401,0.0968279455751134,0.8236855153475239,25,20,20
48,1474,4.860041481516025e-05,0.07936400996436328,0.11998783764134105,0.8005995519794803,25,20,20
48,1475,4.85992067733738e-05,0.0793266671408361,0.1230529861714504,0.7975717474809398,25,20,20
48,1476,0.028978310975207918,0.07941757359387545,0.09349571936672069,0.7981083960641956,25,20,20
48,1477,0.03248123555531193,0.07933293377461681,0.10610192769486745,0.7820839029752036,25,20,20
48,1478,8.533828646755732e-05,0.08001926179505274,0.15329794511968425,0.766597454798795,25,20,20
48,1479,8.533440162009225e-05,0.04010565975274722,0.1702302043597545,0.7895788014858782,25,20,20
48,1480,2.7069604875839944e-07,0.04079672403201011,0.20455835707044132,0.7546446482014989,25,20,20
48,1481,2.477296883370213e-07,0.04007402798128359,0.17495704540529014,0.7849686788837374,25,20,20
48,1482,0.0002211674510643921,0.020366319894613006,0.2106128027448574,0.7687997099094646,25,20,20
48,1483,4.577335397001e-06,0.026900964102315142,0.24142657417764504,0.7316678843846421,25,20,20
48,1484,0.01345117977579433,0.02819113462298489,0.22515126134282973,0.7332064242583907,25,20,20
48,1485,0.01795978240297278,0.028190843759143776,0.2020419470026627,0.7518074268352204,25,20,20
48,1486,0.007791913082117964,0.042319370581844,0.18974846250159622,0.7601402538344414,25,20,20
48,1487,0.04427679908734158,0.04207649672081212,0.15192562564551562,0.7617210785463301,25,20,20
48,1488,0.044276800013996816,0.042052145278040305,0.13276325272385606,0.7809078019841063,25,20,20
48,1489,0.07170016758206668,0.07934706437179467,0.08696098164560276,0.7619917864005358,25,20,20
48,1490,0.04514591481043987,0.06977595175378744,0.1490773080413943,0.7360008253943778,25,20,20
48,1491,0.07533510966177172,0.06976519972906423,0.0954830873355288,0.7594166032736349,25,20,20
48,1492,0.0005680812907505786,0.07901602386473053,0.15966387028452825,0.7607520245599899,25,20,20
48,1493,0.038701962868575204,0.07901692101690959,0.1311437282739445,0.7511373878405698,25,20,20
48,1494,0.03858199933848468,0.07901653858333567,0.13146831184454508,0.7509331502336333,25,20,20
48,1495,0.07845399448950664,0.07945925016445454,0.1061679571864197,0.7359187981596189,25,20,20
48,1496,0.04162387506855904,0.07965101505175938,0.13618318380897104,0.7425419260707096,25,20,20
48,1497,0.01800189580580491,0.07297610951187211,0.15735910840679293,0.7516628862755295,25,20,20
48,1498,0.01799615693535371,0.06224392742786532,0.16966836205992228,0.7500915535768583,25,20,20
48,1499,0.0179673313715053,0.06140761461912827,0.17040630989964886,0.7502187441097167,25,20,20
48,1500,0.042997373084375144,0.04017179317478563,0.1676479529557664,0.7491828807850726,25,20,20
48,1501,0.07351593022633884,0.03999474204622504,0.1368656995130949,0.7496236282143406,25,20,20
48,1502,0.04209399352860761,0.05228932358407177,0.168636161968967,0.7369805209183531,25,20,20
48,1503,0.04466806427943262,0.03198002874564581,0.18625570074285466,0.7370962062320666,25,20,20
48,1504,0.052603748177339586,0.03001626811788468,0.18750764881727378,0.7298723348875014,25,20,20
48,1505,0.008067918909485175,0.029995501904075454,0.2500141184715721,0.7119224607148663,25,20,20
48,1506,0.04801701963328984,0.039840303336579244,0.17679305440181953,0.7353496226283106,25,20,20
48,1507,0.039701777422461657,0.06368900222606091,0.15252699076236756,0.7440822295891093,25,20,20
48,1508,0.040855837772223194,0.06367444723952778,0.15096644666512365,0.7445032683231254,25,20,20
48,1509,0.0458315760737828,0.039888497687736287,0.1699804882370861,0.744299438001395,25,20,20
48,1510,0.046832956665659786,0.03999851994363959,0.1440416685340212,0.7691268548566791,25,20,20
48,1511,0.014889380897104662,0.039998524276906165,0.19088604981344237,0.7542260450125454,25,20,20
48,1512,0.00817157588430438,0.040010740368765896,0.20788733339115764,0.7439303503557716,25,20,20
48,1513,0.005928970071283663,0.04038212256838091,0.19373144285921395,0.7599574645011209,25,20,20
48,1514,0.009479608593509834,0.04002407121013531,0.1911171754477362,0.7593791447486179,25,20,20
48,1515,0.06732009492838018,0.03978585254414992,0.1339405685542169,0.7589534839732521,25,20,20
48,1516,0.07163325433783074,0.039322313030548284,0.1667811393418171,0.7222632932898027,25,20,20
48,1517,0.09352029029091892,0.03932803732075066,0.14823339221721588,0.7189182801711147,25,20,20
48,1518,0.02546603376681945,0.039345984094612436,0.2161298314695148,0.7190581506690532,25,20,20
48,1519,0.03557450767839217,0.0020664631726053156,0.28264812330930306,0.6797109058396994,25,20,20
48,1520,0.04003133801267238,0.0012453537122162496,0.23988702687709748,0.7188362813980131,25,20,20
48,1521,0.036239838323315,0.001342044511040399,0.22500990718266514,0.7374082099829791,25,20,20
48,1522,8.787819427019432e-05,9.14120231027193e-05,0.2929646186866673,0.7068560910959585,25,20,20
48,1523,9.299071970185969e-05,0.0010962534617564622,0.292533064908125,0.706277690910416,25,20,20
48,1524,0.00012013080522462175,0.001022283047663551,0.2916844995560648,0.7071730865910459,25,20,20
48,1525,0.001343933522266096,1.9419688492312175e-05,0.26492351348603504,0.7337131333032054,25,20,20
48,1526,0.00854509891511213,0.00135648513821163,0.27555557217534454,0.714542843771331,25,20,20
48,1527,1.9282274488852935e-05,0.0013503976008739172,0.27266480557500933,0.7259655145496277,25,20,20
48,1528,0.038324166142799314,0.04142802316181124,0.16017354472235565,0.7600742659730334,25,20,20
48,1529,0.038322396464224466,0.041432819671094995,0.11045336970709087,0.8097914141575892,25,20,20
48,1530,0.003018916802301795,0.03187004664099101,0.1497652472107603,0.8153457893459461,25,20,20
48,1531,0.012455103248387564,0.031884534786322805,0.12443143554308649,0.8312289264222025,25,20,20
48,1532,0.003086875701425559,0.040902529530478536,0.16192427743017318,0.7940863173379223,25,20,20
48,1533,7.457758479614781e-05,0.0009275096021466148,0.23225398006994596,0.7667439327431096,25,20,20
48,1534,2.9800079239987292e-05,1.7471067305321228e-05,0.19876806177413314,0.8011846670793203,25,20,20
48,1535,2.2201564490506816e-06,0.002536429166513893,0.1818201193181225,0.8156412313589142,25,20,20
48,1536,0.00020982721939525578,0.002572450257862211,0.18360435287747684,0.8136133696452658,25,20,20
48,1537,8.548676039971691e-11,0.02284538373451582,0.162983650534348,0.8141709656456492,25,20,20
48,1538,4.334688244358245e-09,2.541303571976806e-06,0.19506043752646485,0.8049370168352743,25,20,20
48,1539,0.006712667794490809,0.034054539938991824,0.13948658903572428,0.8197462032307924,25,20,20
48,1540,0.006844189763225986,0.02175953695985327,0.15752169251567186,0.8138745807612484,25,20,20
48,1541,0.006857228487908298,0.010421448298887161,0.1429512685170938,0.8397700546961103,25,20,20
48,1542,0.009796470640595283,0.010952798430781554,0.13893563523976657,0.8403150956888561,25,20,20
48,1543,0.0031223501003591757,0.02603010536857452,0.17058783544192535,0.8002597090891403,25,20,20
48,1544,3.7171130801634274e-06,0.039644953581018993,0.1987319842847189,0.7616193450211814,25,20,20
48,1545,3.720329720262612e-06,0.03968875875538467,0.20640039791976839,0.7539071229951259,25,20,20
48,1546,6.692792360943171e-05,0.039687715848649045,0.19739959952187802,0.762845756705863,25,20,20
48,1547,0.0001484713155105651,0.04006794944699604,0.20069798609357115,0.7590855931439215,25,20,20
48,1548,3.197834833002121e-06,0.03933327101731308,0.19155197916319844,0.7691115519846545,25,20,20
48,1549,4.455667996260855e-05,0.07109164185138594,0.1434969506451964,0.7853668508234546,25,20,20
48,1550,5.254710390924998e-06,0.0793234583323325,0.1362135234687883,0.784457763488488,25,20,20
48,1551,0.00011919359404220952,0.07945748083656123,0.1361429377784034,0.7842803877909929,25,20,20
48,1552,0.0003016989512671669,0.041496144547782804,0.1593164400878109,0.7988857164131384,25,20,20
48,1553,0.00018833676792218517,0.041995709401291575,0.19261465124551133,0.765201302585275,25,20,20
48,1554,5.036678431809014e-05,0.04201917056529728,0.23675733606910043,0.7211731265812834,25,20,20
48,1555,0.0010734691817116371,0.042195723397590854,0.30679280639002005,0.649938001030676,25,20,20
48,1556,0.03148057244105877,0.0421958337651726,0.2955983391025537,0.6307252546912138,25,20,20
48,1557,0.0011079344666342,0.04020449679149425,0.28182457417439816,0.6768629945674729,25,20,20
48,1558,0.0010733017966417303,0.0401893811197445,0.27160641407603014,0.687130903007584,25,20,20
48,1559,6.008095223031439e-06,0.0025593065918281793,0.3290831290316462,0.6683515562813018,25,20,20
48,1560,0.00019856458867239932,0.00010060571225878391,0.3817200555717492,0.61798077412732,25,20,20
48,1561,0.00037964651716592345,0.00010946056259614586,0.3453084290668523,0.654202463853384,25,20,20
48,1562,0.022543808044514314,6.897645627498313e-05,0.32153238508802834,0.6558548304111805,25,20,20
48,1563,0.059580994770263566,0.0023240375311712968,0.22625428633703654,0.7118406813615279,25,20,20
48,1564,0.046512321654142125,7.006363892334465e-05,0.23474569400606135,0.7186719207008723,25,20,20
48,1565,0.07453800380247926,9.512707813978249e-05,0.165895270928678,0.7594715981907022,25,20,20
48,1566,0.07904608288702204,0.00027671497724466047,0.17887166240395222,0.74180553973178,25,20,20
48,1567,0.0791338776228405,1.170969682663349e-05,0.17261264299747023,0.7482417696828624,25,20,20
48,1568,0.0046091223991191164,1.2038003564884457e-05,0.2359596255852838,0.7594192140120322,25,20,20
48,1569,0.02251938752364172,1.367721214171784e-05,0.21847406209731082,0.7589928731669047,25,20,20
48,1570,0.014273331307107546,0.0009751671727966802,0.16648402795830886,0.818267473561786,25,20,20
48,1571,0.012473127738527807,0.001361225755558265,0.15690953056440476,0.8292561159415086,25,20,20
48,1572,0.02148664935795996,0.0005337752859761505,0.15573601231100553,0.8222435630450587,25,20,20
48,1573,0.020403834259714017,8.476765546516124e-06,0.15787472563032687,0.8217129633444124,25,20,20
48,1574,0.0002008664465011341,0.0005696201177842982,0.18717627115362415,0.8120532422820901,25,20,20
48,1575,1.2304362276855348e-05,0.0007532583989645386,0.1400128776082988,0.8592215596304597,25,20,20
48,1576,0.03581746219543473,1.543104114788815e-05,0.14233343721984,0.821833669543577,25,20,20
48,1577,0.02990218671476912,5.339567759908232e-05,0.19493645163192905,0.7751079659757028,25,20,20
48,1578,0.03762849884031342,5.3398052488019525e-05,0.20263498460032767,0.7596831185068699,25,20,20
48,1579,0.05836528011881526,0.0007011686527185547,0.1803235974231103,0.760609953805355,25,20,20
48,1580,0.03947448251568547,0.026025317455203503,0.17594295658469375,0.7585572434444167,25,20,20
48,1581,0.012423518821527089,0.03934109714627072,0.18562517401482967,0.7626102100173716,25,20,20
48,1582,0.03960194814591631,0.039764728454340814,0.13402218752168785,0.7866111358780543,25,20,20
48,1583,0.028669397368540975,0.03976166385061923,0.13829335513913107,0.7932755836417082,25,20,20
48,1584,0.05104229722021362,0.03948601564618329,0.11079003176496417,0.7986816553686384,25,20,20
48,1585,0.07881260723853203,0.039480066653513966,0.08191272573604821,0.7997946003719053,25,20,20
48,1586,0.04038563257396029,0.002037740198518059,0.15751321232218912,0.8000634149053321,25,20,20
48,1587,0.0002803246557039852,0.0007441519340594524,0.21526141750064023,0.7837141059095962,25,20,20
48,1588,1.2965689334804257e-05,0.026334726215044752,0.15823408462252692,0.8154182234730933,25,20,20
48,1589,0.0019688298760931052,0.031769045615901916,0.17253827851023612,0.7937238459977679,25,20,20
48,1590,0.0016753209105756757,0.03948070855781555,0.16772214217986264,0.7911218283517454,25,20,20
48,1591,1.0502781522874785e-07,0.03947971979375689,0.17187435057447073,0.7886458246039564,25,20,20
48,1592,1.0524599077193602e-07,0.03948072147181399,0.16589324349811485,0.7946259297840795,25,20,20
48,1593,4.454343701811303e-08,0.05833676257769085,0.14802490700835746,0.7936382858705143,25,20,20
48,1594,5.739317428757328e-06,0.042348836582491556,0.114699024522079,0.8429463995780004,25,20,20
48,1595,5.739317819285745e-06,0.04235591155993472,0.11471620761814934,0.8429221415040967,25,20,20
48,1596,5.7392953127272695e-06,0.04001105794951492,0.11910935201439589,0.8408738507407763,25,20,20
48,1597,2.25370534119923e-11,0.03999138417815576,0.1370880468749705,0.8229205689243366,25,20,20
48,1598,3.7789420443980974e-11,0.07975242762191066,0.09002871922321525,0.8302188531170844,25,20,20
48,1599,5.262364403418037e-05,0.0399853289073297,0.17400058703705765,0.7859614604115781,25,20,20
48,1600,5.2623950055404763e-05,0.03999640972235462,0.1274906833214991,0.8324602830060899,25,20,20
48,1601,0.010359425788636769,0.03998776570046896,0.11806699143218795,0.8315858170787049,25,20,20
48,1602,0.010359428727677249,0.03999099249530308,0.16964190524742917,0.7800076735295902,25,20,20
48,1603,0.0003112083213908483,0.039991114982996984,0.176647793328282,0.7830498833673287,25,20,20
48,1604,0.0003112624987488714,0.03937481183563456,0.17667967149565,0.7836342541699662,25,20,20
48,1605,8.154369141378037e-05,0.03932731332122452,0.19501666409806614,0.765574478889295,25,20,20
48,1606,0.004061081150756412,0.04007114870632908,0.19295361451074414,0.7629141556321699,25,20,20
48,1607,0.009066848530921795,0.04001372714449348,0.20142815654111682,0.7494912677834678,25,20,20
48,1608,0.03628427128380824,0.03999867714492755,0.17540812491101307,0.7483089266602508,25,20,20
48,1609,0.03672025058411427,0.04001592469181243,0.17444969127813312,0.7488141334459408,25,20,20
48,1610,0.039556577060055394,0.040018593221737155,0.17972846534928658,0.7406963643689203,25,20,20
48,1611,0.039635378078863956,0.039999820149183754,0.1606655498088113,0.7596992519631398,25,20,20
48,1612,0.0004991477425046405,0.04211723521950135,0.1940083886299552,0.7633752284080383,25,20,20
48,1613,8.682851840579993e-05,0.04050092608871091,0.19874913472893785,0.7606631106639449,25,20,20
48,1614,0.008129608318054054,0.03951422621536623,0.19430406660639998,0.7580520988601782,25,20,20
48,1615,0.008006729733855657,0.03953138098112242,0.1942006634886149,0.758261225796406,25,20,20
48,1616,6.499779402425484e-05,0.040077531299225824,0.21757002020062818,0.742287450706121,25,20,20
48,1617,6.468280473169918e-06,0.040047634355271845,0.16685173237364812,0.7930941649906059,25,20,20
48,1618,6.4690705278856745e-06,0.040047634294171554,0.18333435699611286,0.7766115396391866,25,20,20
48,1619,6.031143887368266e-06,0.042015719114739065,0.20576247574519207,0.7522157739961802,25,20,20
48,1620,6.031232659498314e-06,0.02587312101293164,0.2130899457931247,0.7610309019612831,25,20,20
48,1621,0.03596797681940749,0.023848180125819542,0.18116274335826238,0.7590210996965098,25,20,20
48,1622,0.036195475160450984,0.02386279625364649,0.1982231195812354,0.7417186090046662,25,20,20
48,1623,0.03620097732631722,1.5696228605719091e-06,0.2196491518177966,0.7441483012330252,25,20,20
48,1624,0.04384928797965407,2.066871049995478e-06,0.16345281761021094,0.792695827539085,25,20,20
48,1625,0.006348376127841765,3.659912880844431e-05,0.23882536053705397,0.7547896642062949,25,20,20
48,1626,0.009363244250394682,6.866443873347503e-07,0.26432680527912145,0.7263092638260958,25,20,20
48,1627,0.039670383845988075,3.9594517889332677e-07,0.2655198273053707,0.6948093929034616,25,20,20
48,1628,0.045425564984812275,1.8076924071539942e-08,0.25244903890740106,0.7021253780308615,25,20,20
48,1629,0.03975110603281753,6.312108679534995e-07,0.25566506246994697,0.7045832002863663,25,20,20
48,1630,0.031480837394697855,0.00010106213991092444,0.3037940667462589,0.6646240337191309,25,20,20
48,1631,0.03834377140719977,0.002637196084054092,0.2958027699617873,0.6632162625469584,25,20,20
48,1632,0.057499820148494585,7.429828381636571e-05,0.21876701933251122,0.7236588622351774,25,20,20
48,1633,0.00894834385475273,0.0014024344743533979,0.2825243577086475,0.7071248639622465,25,20,20
48,1634,0.0059654395150577355,0.03939624686749028,0.20763598385629561,0.7470023297611564,25,20,20
48,1635,0.012620991145745043,0.039365384425014006,0.18770222697678793,0.7603113974524532,25,20,20
48,1636,2.9733616339681943e-05,0.04116809922770906,0.18453461740936386,0.7742675497465865,25,20,20
48,1637,0.01612427413146181,0.06031025913645708,0.14910000949227262,0.7744654572398082,25,20,20
48,1638,0.00010153433656332103,0.059646578058686235,0.16612180382996591,0.7741300837747841,25,20,20
48,1639,0.004622299388150147,0.06283641133192994,0.11421530478196815,0.8183259844979516,25,20,20
48,1640,8.605914671008443e-05,0.06265704394541442,0.10675290510255474,0.8305039918053209,25,20,20
48,1641,0.0399374500475047,0.02928710620633919,0.0984332651915714,0.8323421785545841,25,20,20
48,1642,0.03993744975633268,0.03931956331249058,0.08071853771708139,0.8400244492140952,25,20,20
48,1643,0.04317571404605884,0.03999677402253821,0.05271882366982974,0.8641086882615733,25,20,20
48,1644,0.04004670994091574,0.020311839539991224,0.07782759271617853,0.8618138578029145,25,20,20
48,1645,0.012541785306219879,0.020311850956561375,0.10588868548490048,0.8612576782523186,25,20,20
48,1646,0.01236815480034145,1.9484255861211482e-05,0.1443745593951606,0.8432378015486368,25,20,20
48,1647,0.00023324065041082257,0.000984407233278827,0.15466296859533066,0.8441193835209796,25,20,20
48,1648,7.199188729500065e-05,0.0005949052747943017,0.14787357490083686,0.8514595279370732,25,20,20
48,1649,1.3569193802786573e-05,2.8788929396536185e-05,0.1399005947368876,0.8600570471399129,25,20,20
48,1650,0.03966765503416134,1.1699852072368259e-05,0.10395905396699354,0.8563615911467731,25,20,20
48,1651,0.03966705680628066,1.1969504755679097e-08,0.09801063136857001,0.8623222998556449,25,20,20
48,1652,0.012224075552759416,6.673445140676832e-07,0.1170336445252142,0.8707416125775125,25,20,20
48,1653,3.907378789257543e-08,4.029644533227104e-10,0.13040514115438234,0.869594819368865,25,20,20
48,1654,3.482374371838367e-08,2.1186375612647912e-10,0.12147080470578116,0.8785291602586115,25,20,20
48,1655,0.006042516128737027,0.0003613963396816106,0.11507197478502534,0.8785241127465561,25,20,20
48,1656,0.04056911134613687,7.318870132391572e-05,0.08058245238405753,0.878775247568481,25,20,20
48,1657,0.00025597935975099834,0.0010151057441853523,0.12006116683678587,0.878667748059277,25,20,20
48,1658,1.0634464809837795e-05,0.0017416249593722637,0.119437591363964,0.8788101492118535,25,20,20
48,1659,9.015795754653912e-07,1.5918296722264085e-07,0.11781270364836796,0.8821862355890886,25,20,20
48,1660,2.075264131147718e-06,7.864820341159162e-07,0.11847916480198675,0.8815179734518478,25,20,20
48,1661,2.0752644140343994e-06,7.833480046128402e-07,0.11846374276606703,0.8815333986215141,25,20,20
48,1662,9.642283497426325e-06,3.385351040888762e-05,0.11913792721067112,0.8808185769954224,25,20,20
48,1663,1.0065563069962737e-05,6.12216810038354e-07,0.12181704269860133,0.8781722795215181,25,20,20
48,1664,0.00035138893246080736,6.119344854307028e-07,0.12153435427541243,0.8781136448576405,25,20,20
48,1665,0.012652225183898462,2.1232801938730993e-10,0.0680271782534417,0.9193205963503317,25,20,20
48,1666,0.006391072884577345,6.038890751934038e-12,0.03566015657565784,0.9579487705337256,25,20,20
48,1667,0.006391072884085323,5.965289838033124e-11,0.03516846197627582,0.9584404650799858,25,20,20
48,1668,0.00032959372691586755,6.537468297444253e-11,0.04248473577298567,0.9571856704347238,25,20,20
48,1669,3.0359688077117926e-06,3.2444119264948557e-09,0.04960657536487077,0.9503903854219096,25,20,20
48,1670,3.0359878058164855e-06,5.9991005871774195e-09,0.04860559891693405,0.951391359096159,25,20,20
48,1671,6.074838654805327e-05,2.7022223631364753e-09,0.048663269947080284,0.9512759789641495,25,20,20
48,1672,6.074837504349937e-05,2.7493623132837464e-09,0.05649498559449955,0.9434442632810947,25,20,20
48,1673,0.03321700548979743,2.6941825966419597e-09,0.060623951852742455,0.9061590399632773,25,20,20
48,1674,0.036201793048958965,5.2285254608783624e-12,0.04344162070790935,0.9203565862379028,25,20,20
48,1675,0.03620180899038738,1.338988897896131e-05,0.05389614384235899,0.9098886572782746,25,20,20
48,1676,0.036201838963526176,2.0560781428253234e-05,0.08865507147386936,0.8751225287811749,25,20,20
48,1677,0.03620179562374232,6.468565751778667e-09,0.09055858176191527,0.8732396161457762,25,20,20
48,1678,0.03620179489713864,6.849857766930621e-09,0.10554878902641766,0.8582494092265851,25,20,20
48,1679,0.0013673724683659744,0.013241123685184944,0.10345217455188863,0.88193932929456,25,20,20
48,1680,6.896528011996694e-10,0.020352743349075504,0.1371718641675027,0.8424753917937686,25,20,20
48,1681,1.4861132496213152e-05,3.151238278681009e-07,0.1610581849609891,0.838926638782686,25,20,20
48,1682,4.187029762022697e-05,4.3588206196098136e-05,0.1610039502458081,0.8389105912503748,25,20,20
48,1683,0.0003264330715323507,9.10624608187706e-05,0.19874584064551437,0.8008366638221331,25,20,20
48,1684,0.00364239411227198,0.0025121958665361233,0.19463493939149049,0.7992104706297006,25,20,20
48,1685,0.0004303766242553329,2.6889937430474684e-06,0.20052751418988013,0.7990394201921205,25,20,20
48,1686,0.00033741270691759015,1.6339742827325116e-06,0.2006111823249613,0.7990497709938367,25,20,20
48,1687,0.00013099707207813816,0.039807417548285054,0.15848513903395037,0.8015764463456858,25,20,20
48,1688,0.00013099938015647685,0.03980677229355498,0.15846700719069914,0.8015952211355883,25,20,20
48,1689,0.00013102836506430912,0.039759749771380186,0.13733427902877765,0.8227749428347767,25,20,20
48,1690,2.2460358452453437e-09,0.0007358835120260806,0.16128981940124,0.8379742948406971,25,20,20
48,1691,0.001825469520295341,0.0007166796374822341,0.17471779306730398,0.8227400577749175,25,20,20
48,1692,0.005559516652081331,0.0007637944088803882,0.1687133280280366,0.8249633609110011,25,20,20
48,1693,0.0040033078966878145,8.155954553960718e-05,0.201790954004977,0.7941241785527943,25,20,20
48,1694,0.004003281455511332,3.509996076643358e-05,0.16342227243010995,0.8325393461536109,25,20,20
48,1695,5.294227370095594e-06,1.7609407176625447e-06,0.17583062433261382,0.8241623204992973,25,20,20
48,1696,6.676142569343071e-06,1.1187540369750161e-06,0.1680548301781962,0.8319373749251967,25,20,20
48,1697,1.9888808241980003e-06,0.0005185046552719375,0.16758677614448592,0.8318927303194169,25,20,20
48,1698,1.9855130143360598e-06,0.0005186001058764226,0.16125300719603866,0.8382264071850699,25,20,20
48,1699,6.075662483980238e-06,0.04003910051101513,0.12185197281861448,0.8381028510078862,25,20,20
48,1700,6.07567856078288e-06,0.04000169940996933,0.08155567057524162,0.8784365543362281,25,20,20
48,1701,1.66946990401861e-09,0.022076550075188658,0.0994541680455556,0.8784692802097858,25,20,20
48,1702,1.6692024652878455e-09,0.03998776984190541,0.08121645240984306,0.8787957760790485,25,20,20
48,1703,1.6681552042886108e-09,0.03924518196430169,0.04267979244797429,0.9180750239195686,25,20,20
48,1704,2.615117963629602e-09,0.040000116507132526,0.051491188161412266,0.9085086927163368,25,20,20
48,1705,1.6697922462590366e-09,0.03998839373156894,0.0806862891214921,0.8793253154771462,25,20,20
48,1706,1.6701446757012126e-09,0.03936374474179097,0.08960668721313808,0.8710295663749257,25,20,20
48,1707,1.951849476995242e-05,0.0393634164341658,0.12312512099464187,0.8374919440764218,25,20,20
48,1708,0.01245800064851565,0.039987726525042906,0.12338948488606913,0.8241647879403721,25,20,20
48,1709,0.012466730282241253,0.03999106180812504,0.13176022545525617,0.8157819824543775,25,20,20
48,1710,0.00016555495414351566,0.0399914792753124,0.17675269786872128,0.7830902679018227,25,20,20
48,1711,0.005616092180823144,0.04033403943352556,0.1555068880493153,0.7985429803363361,25,20,20
48,1712,0.005604710114687432,0.04033274885215769,0.19137586917672983,0.7626866718564255,25,20,20
48,1713,2.6305940365156446e-07,0.06030910727588594,0.17749923430800232,0.7621913953567077,25,20,20
48,1714,0.005867863934629453,0.05988724890156195,0.1753685166697088,0.7588763704941001,25,20,20
48,1715,2.1357531637579115e-06,0.07113470340251617,0.16983914641791248,0.7590240144264075,25,20,20
48,1716,2.1357894193489164e-06,0.07181484810741492,0.1666614706912891,0.7615215454118761,25,20,20
48,1717,0.008804776014411602,0.08000859075736289,0.14876380396350194,0.762422829264723,25,20,20
48,1718,0.04021562625295712,0.06421319776986988,0.19280402248800063,0.7027671534891716,25,20,20
48,1719,0.04565480232396573,0.07997574386741783,0.19232494148857093,0.6820445123200443,25,20,20
48,1720,0.046258707664105086,0.07913907294371746,0.19508832577809446,0.679513893614082,25,20,20
48,1721,0.053623436077095674,0.07910595675445718,0.18467741541773247,0.6825931917507141,25,20,20
48,1722,0.0032207595584603332,0.040045737032879336,0.2736768588010246,0.6830566446076354,25,20,20
48,1723,9.973890466975858e-05,0.07938677834340215,0.248577839042329,0.671935643709598,25,20,20
48,1724,0.03273336465289027,0.07952403636358969,0.20891827126385423,0.6788243277196652,25,20,20
48,1725,0.009058420418995536,0.07934391774555233,0.2398301998107043,0.6717674620247481,25,20,20
48,1726,0.009058687883046196,0.02038716664540342,0.2903495602968574,0.6802045851746931,25,20,20
48,1727,0.016877053611230958,0.05981861574193993,0.28420071201000996,0.6391036186368191,25,20,20
48,1728,0.01569770489896808,0.08000012633105051,0.26435646867699175,0.6399457000929886,25,20,20
48,1729,0.054850902973718973,0.07948549622921802,0.22528245705607639,0.6403811437409866,25,20,20
48,1730,0.026750797991376873,0.08125051962144518,0.2929218088631722,0.5990768735240066,25,20,20
48,1731,0.0018945778649440631,0.04193055822569086,0.3249767520986035,0.6311981118107606,25,20,20
48,1732,0.0006639401128362194,0.06427322376149966,0.29581659620799705,0.6392462399176654,25,20,20
48,1733,0.033203288895294183,0.07915626033084373,0.26724815148375675,0.6203922992901034,25,20,20
48,1734,0.04026513298300267,0.07852580385198911,0.2404744197394949,0.6407346434255119,25,20,20
48,1735,0.04960931882810428,0.07913715838479944,0.27113379003657395,0.6001197327505207,25,20,20
48,1736,0.07842919438566136,0.0798221553695421,0.25307701160501256,0.5886716386397821,25,20,20
48,1737,0.07440724882606316,0.08236605746207402,0.25433655307586334,0.5888901406359992,25,20,20
48,1738,0.08193231795386177,0.081673323019978,0.26965156061840834,0.5667427984077511,25,20,20
48,1739,0.04696502685663097,0.07945715388157322,0.23288698198584032,0.6406908372759555,25,20,20
48,1740,0.046278665493372034,0.03176143653206142,0.28037608133351344,0.6415838166410529,25,20,20
48,1741,0.01018631459862643,0.03976799714804546,0.282770533853436,0.6672751543998914,25,20,20
48,1742,0.0023078651327317298,0.039994923327714094,0.2928614682038556,0.6648357433356974,25,20,20
48,1743,0.0059063613519135,0.03999755137176396,0.2751488017659754,0.6789472855103456,25,20,20
48,1744,0.005965255398185301,0.07932344081253571,0.23474923104185444,0.6799620727474232,25,20,20
48,1745,0.043698193338007035,0.08045793048941649,0.20474435545297826,0.6710995207195968,25,20,20
48,1746,0.08214488767914073,0.07933165518496434,0.21286293607445608,0.6256605210614381,25,20,20
48,1747,0.0764994941281514,0.08183846705931634,0.20170106609356592,0.639960972718966,25,20,20
48,1748,0.04258013598307775,0.08208852455349559,0.2507119759259777,0.6246193635374477,25,20,20
48,1749,0.000318793357681538,0.11115696438703555,0.26376302916078437,0.6247612130944976,25,20,20
48,1750,0.000603790222147005,0.08017221440816531,0.2944752663307263,0.6247487290389605,25,20,20
48,1751,8.105598199476906e-05,0.04011761918100332,0.321261185623397,0.6385401392136033,25,20,20
48,1752,0.005494401364678487,0.03945955697181814,0.33218186048878834,0.6228641811747142,25,20,20
48,1753,0.0001945239760975443,0.040052223271375614,0.32034439010083987,0.6394088626516856,25,20,20
48,1754,0.036804882581849906,0.04003937986977474,0.2855223508805879,0.6376333866677866,25,20,20
48,1755,0.0368048899003723,0.02376998476012926,0.29115259067559507,0.6482725346639018,25,20,20
48,1756,0.0035903956765111654,0.0009742940617057937,0.3519155049788889,0.643519805282893,25,20,20
48,1757,0.01983259600735832,0.00011221814500257574,0.3355074957847777,0.6445476900628596,25,20,20
48,1758,0.034157412131067176,0.00028190764980227413,0.3216267552889303,0.6439339249301989,25,20,20
48,1759,0.0886218281084445,1.210638578540913e-05,0.2712535670365085,0.6401124984692599,25,20,20
48,1760,0.08826840206325956,0.026261208409943042,0.24725279167072603,0.6382175978560702,25,20,20
48,1761,0.05636813340384034,0.02289460633271163,0.2484473801626081,0.6722898801008383,25,20,20
48,1762,0.0458533301734064,0.02289546776764171,0.2584501198789416,0.6728010821800089,25,20,20
48,1763,0.09437862061611606,0.02289545377946358,0.20368338589099963,0.6790425397134204,25,20,20
48,1764,0.09752306665288493,0.023731416873363168,0.20007841605597265,0.6786671004177782,25,20,20
48,1765,0.10403386252458775,0.0228346998100621,0.1935213411470696,0.6796100965182788,25,20,20
48,1766,0.07427149910045769,0.022834631721678274,0.1938818982942873,0.7090119708835756,25,20,20
48,1767,0.04683811636527776,0.039376086943929994,0.21352470210570595,0.7002610945850859,25,20,20
48,1768,0.0343290689077363,0.03975794277707064,0.21984570361188305,0.7060672847033078,25,20,20
48,1769,1.6522296142816174e-05,0.04102998282707908,0.25232677224258543,0.7066267226341916,25,20,20
48,1770,0.03894686534551413,0.04102964478283468,0.21203982782761086,0.7079836620440405,25,20,20
48,1771,0.00039001646307913523,0.017391120311560947,0.22423879874244215,0.757980064482917,25,20,20
48,1772,0.04689187188086363,0.02613226550856994,0.18444732655065835,0.7425285360599077,25,20,20
48,1773,0.04689211065175072,0.023558195059206775,0.17966477166204572,0.7498849226269958,25,20,20
48,1774,0.046891858717450136,0.039804043506179033,0.15424003601337627,0.7590640617629938,25,20,20
48,1775,0.04722733667809957,0.04221184853714616,0.15156599319473701,0.7589948215900164,25,20,20
48,1776,0.03892417393880721,0.04153964213196449,0.16090152008713496,0.7586346638420929,25,20,20
48,1777,0.040157769959345585,0.040476344943392625,0.17798180371598946,0.7413840813812714,25,20,20
48,1778,0.003025499191723898,0.040477642707612,0.21286571590137715,0.7436311421992873,25,20,20
48,1779,0.003338744474895376,0.03998891833877957,0.17478926855987972,0.7818830686264452,25,20,20
48,1780,0.0076970063476175824,0.03998795159897333,0.15271721051941134,0.7995978315339974,25,20,20
48,1781,0.008014698493678044,0.03998828539697734,0.15076517542508355,0.8012318406842605,25,20,20
48,1782,0.00032386684922214694,0.040047420414760754,0.1674372168121093,0.7921914959239075,25,20,20
48,1783,0.008253797862713897,0.040047904527087674,0.17950574063003508,0.772192556980163,25,20,20
48,1784,0.00825376914805138,0.06267213317518999,0.17582352831576542,0.7532505693609928,25,20,20
48,1785,0.002738334299069335,0.05588135621491246,0.20315213076708408,0.7382281787189339,25,20,20
48,1786,0.0001190046573276605,0.0915859555412673,0.12411457232560259,0.784180467475802,25,20,20
48,1787,0.03860004952163964,0.07910044848822832,0.08336606593295448,0.7989334360571771,25,20,20
48,1788,0.012655881749078494,0.07846360086781373,0.10995219259128376,0.7989283247918236,25,20,20
48,1789,0.012647907304573193,0.07907984823619706,0.12540688420241095,0.7828653602568181,25,20,20
48,1790,0.039936510613859715,0.07866227443192972,0.08292766498819043,0.7984735499660195,25,20,20
48,1791,0.045818275059654995,0.07933772974362711,0.07509796347763077,0.7997460317190866,25,20,20
48,1792,0.03851244183464479,0.07934935786273589,0.08239176842959837,0.7997464318730205,25,20,20
48,1793,0.04565870884252745,0.040629137779108086,0.11500623977460143,0.798705913603763,25,20,20
48,1794,0.03803065359252798,0.020327411533016534,0.1271097935248406,0.8145321413496147,25,20,20
48,1795,0.0002059258817739879,3.745334338315786e-05,0.1838138811524661,0.8159427396223761,25,20,20
48,1796,0.0001923066469608294,3.6494071562846015e-05,0.16799888863726506,0.831772310644211,25,20,20
48,1797,0.0004902891032633716,2.3520633015196631e-07,0.16895497359094758,0.8305545020994585,25,20,20
48,1798,7.824902019917577e-06,1.2117330990059765e-08,0.207505870353683,0.792486292626966,25,20,20
48,1799,0.04164147287250033,1.7845641056187266e-07,0.1604471390684433,0.7979112096026454,25,20,20
48,1800,0.0032487531661736513,0.0002846117349739515,0.1767094470376019,0.8197571880612492,25,20,20
48,1801,2.7412567476644317e-05,4.641686184696536e-05,0.1608909777540674,0.8390351928166083,25,20,20
48,1802,2.8247222547469345e-07,0.002040473485701566,0.15392889726100872,0.8440303467810639,25,20,20
48,1803,6.555573139243513e-05,5.681586246263308e-05,0.13320380409456242,0.8666738243115814,25,20,20
48,1804,0.0008167435556828604,3.4704038911405746e-05,0.12894987063350527,0.8701986817718996,25,20,20
48,1805,0.008705042007470711,0.0010404984556555343,0.13619725096047303,0.8540572085764002,25,20,20
48,1806,0.0003299598185032899,2.1215350044203966e-05,0.13684603461927758,0.8628027902121748,25,20,20
48,1807,0.00032995985073322595,0.03949266199899968,0.09776731618974659,0.8624100619605208,25,20,20
48,1808,0.0003299598507431941,0.03949266194346574,0.09656142006648775,0.863615958139303,25,20,20
48,1809,2.4019251686494494e-06,0.03980959792459835,0.09555547588069575,0.8646325242695366,25,20,20
48,1810,2.4019253979345936e-06,0.04031597904229379,0.07918174300119923,0.8804998760311088,25,20,20
48,1811,1.0587889807832698e-07,0.07997855673212602,0.05906194265168792,0.8609593947372877,25,20,20
48,1812,9.737744977721724e-08,0.0797577618485609,0.05996329978490797,0.860278840989081,25,20,20
48,1813,9.737738336406038e-08,0.06199335211613938,0.05935341493419747,0.8786531355722798,25,20,20
48,1814,9.737694453928385e-08,0.07866289369773602,0.0868995707592867,0.8344374381660324,25,20,20
48,1815,8.771771795364295e-05,0.0795484057411906,0.11965513442315846,0.800708742117697,25,20,20
48,1816,0.03733867364345173,0.07997892789627352,0.12328199802077393,0.7594004004395007,25,20,20
48,1817,8.955967708446268e-05,0.07998398448474828,0.14318832536407503,0.776738130474092,25,20,20
48,1818,1.967058580823074e-06,0.07998388356877997,0.1221049223569016,0.7979092270157373,25,20,20
48,1819,2.9241136101757443e-08,0.07998764640069729,0.09620904937335176,0.8238032749848149,25,20,20
48,1820,0.0043698205360367445,0.0798186741923589,0.08514005714949585,0.8306714481221082,25,20,20
48,1821,5.62074560919708e-08,0.0798184415162107,0.08062000519180114,0.8395614970845316,25,20,20
48,1822,4.801145547304608e-06,0.07981844104988349,0.08092778715610349,0.8392489706484654,25,20,20
48,1823,2.939304861354818e-10,0.0813243013490909,0.13393513515397562,0.7847405632030027,25,20,20
48,1824,5.497360267399866e-08,0.08199319495545992,0.15608596987919537,0.7619207801917416,25,20,20
48,1825,0.039808333275628736,0.07999016869691095,0.12630841025471048,0.7538930877727491,25,20,20
48,1826,1.1161120825368682e-05,0.0810391122976248,0.15955904563818357,0.7593906809433656,25,20,20
48,1827,0.011788077376209278,0.0799877010312788,0.1491555114120836,0.7590687101804278,25,20,20
48,1828,2.3957601360817918e-05,0.0800033217123466,0.1674433026012595,0.7525294180850327,25,20,20
48,1829,0.00012269841407188688,0.08003764788790514,0.20560992149023388,0.714229732207788,25,20,20
48,1830,0.000150157176368261,0.07977625150937447,0.16148312130373352,0.7585904700105232,25,20,20
48,1831,1.3622113614227282e-06,0.07947666867790852,0.16112642612629735,0.7593955429844327,25,20,20
48,1832,1.3621727014580877e-06,0.0794798560944525,0.16081141117208705,0.7597073705607591,25,20,20
48,1833,2.009234781860742e-05,0.08120376242300076,0.19921538246727072,0.7195607627619093,25,20,20
48,1834,0.0021206650278618473,0.08055057717024892,0.19846908737623056,0.7188596704256577,25,20,20
48,1835,0.004170452681951777,0.0800047746472794,0.20462543663286323,0.7111993360379049,25,20,20
48,1836,5.935080382905485e-06,0.08319613175549442,0.19745843492218293,0.719339498241939,25,20,20
48,1837,5.966418535656656e-06,0.06392407233785578,0.23406291456542952,0.7020070466781786,25,20,20
48,1838,7.1526676386980245e-06,0.06288401708434421,0.25478911472005644,0.6823197155279601,25,20,20
48,1839,0.00012490323285468328,0.0800540721256871,0.2516507812274943,0.6681702434139629,25,20,20
48,1840,1.547420361576657e-05,0.08004261318027188,0.2611189986978692,0.658822913918242,25,20,20
48,1841,0.020199080875076745,0.041030425420108506,0.25855490591585306,0.680215587788961,25,20,20
48,1842,0.020199082050306537,0.040000601061229574,0.2590660368270108,0.6807342800614525,25,20,20
48,1843,0.00045991279120367374,0.047074456260504306,0.25144492741222996,0.7010207035360608,25,20,20
48,1844,0.01307643581420357,0.03297457774207325,0.2533350319184644,0.7006139545252575,25,20,20
48,1845,0.0003335787179717701,0.031661900685019846,0.274296301610872,0.6937082189861357,25,20,20
48,1846,0.03628753808204115,0.03935223490391676,0.2410339425516948,0.6833262844623459,25,20,20
48,1847,0.03885988334029339,0.0026017018902207527,0.2776986590892165,0.6808397556802693,25,20,20
48,1848,0.039132550052655576,1.9407886121649176e-06,0.28826850819691935,0.672597000961812,25,20,20
48,1849,0.07667577964254199,4.714301022478139e-08,0.24393205281131058,0.6793921204031365,25,20,20
48,1850,0.12959934125681977,4.7559884607411236e-07,0.21451298045360268,0.6558872026907303,25,20,20
48,1851,0.10254912622655132,3.46462511217174e-07,0.1922922755155791,0.7051582517953574,25,20,20
48,1852,0.11307925492673737,0.020599278963512487,0.1556667532245501,0.7106547128851984,25,20,20
48,1853,0.07584990226021783,0.020254106287981046,0.1930596954813561,0.710836295970444,25,20,20
48,1854,0.0778708126553769,0.040024047616517594,0.20462709549134747,0.6774780442367571,25,20,20
48,1855,0.05335700642573485,0.03949430589384174,0.15636371179745942,0.7507849758829636,25,20,20
48,1856,0.025595860436506586,0.03998476331665502,0.1837199785154352,0.7506993977314028,25,20,20
48,1857,0.05226594380912032,0.039985588230123624,0.1963747980797291,0.7113736698810262,25,20,20
48,1858,0.07600088958542699,0.03982026507828716,0.17335243185236443,0.7108264134839211,25,20,20
48,1859,0.0003380457396868115,0.04003355163922469,0.2153419085387289,0.7442864940823593,25,20,20
48,1860,0.000321052378496186,0.040029982453189276,0.20014073778743677,0.7595082273808776,25,20,20
48,1861,5.718234610304262e-07,0.02285781039035302,0.2644398533800534,0.7127017644061325,25,20,20
48,1862,0.00945534557531267,0.022856112731951084,0.2869380738518992,0.6807504678408364,25,20,20
48,1863,0.005997815748537482,0.022844979894095126,0.298323487097144,0.6728337172602232,25,20,20
48,1864,9.097232901929718e-05,0.06341432971858167,0.2569680074185187,0.6795266905338796,25,20,20
48,1865,0.0024134507861143647,0.06288769782704104,0.26798372273432197,0.6667151286525217,25,20,20
48,1866,0.03633030329888782,0.0400444722654187,0.22784615212859768,0.6957790723070957,25,20,20
48,1867,0.035608766731453495,0.03948470542415852,0.20170654464424248,0.7231999832001448,25,20,20
48,1868,0.03695208624752685,0.040889958685137576,0.21935284822429224,0.7028051068430421,25,20,20
48,1869,0.002886443312031581,0.03002501806418655,0.2572217498668364,0.7098667887569451,25,20,20
48,1870,0.039166169273196536,0.020348874418819322,0.23987239834864355,0.7006125579593389,25,20,20
48,1871,0.039141230591112366,0.030178022850928098,0.22090010344455152,0.7097806431134063,25,20,20
48,1872,0.005219347861958808,0.030257472227181,0.26842531301079076,0.6960978669000681,25,20,20
48,1873,3.9660610872573335e-08,0.03942073940104991,0.26846280556335633,0.6921164153749813,25,20,20
48,1874,0.0001243599349757791,0.0007818927652207111,0.28967774257907797,0.7094160047207245,25,20,20
48,1875,1.607898617445461e-06,7.520750577198754e-05,0.29711043860475345,0.7028127459908563,25,20,20
48,1876,0.004578357228323903,3.795541111500779e-05,0.28468636086923005,0.7106973264913304,25,20,20
48,1877,0.004486541211407665,1.9900773618005767e-06,0.2844992887301085,0.7110121799811217,25,20,20
48,1878,0.021284003733730565,0.004142538776316644,0.25399179358783774,0.7205816639021152,25,20,20
48,1879,0.03402372161848692,0.0436917586235512,0.20094260321469137,0.7213419165432708,25,20,20
48,1880,0.02954144376197295,0.03963030559665261,0.18563757515447765,0.7451906754868968,25,20,20
48,1881,6.297302240683787e-05,0.0415742537308766,0.20536965757420972,0.7529931156725064,25,20,20
48,1882,0.030937085370880246,0.0319208311813296,0.19619715722163977,0.7409449262261498,25,20,20
48,1883,0.038562436591848,0.03185844238280804,0.14883264609539856,0.7807464749299449,25,20,20
48,1884,0.03855396689249766,0.03185815178489889,0.13749365279207093,0.7920942285305321,25,20,20
48,1885,0.0005909477011183011,0.03573049270084593,0.1643919798264312,0.7992865797716041,25,20,20
48,1886,0.012087179327816968,0.03171680465254741,0.15625610995624079,0.7999399060633947,25,20,20
48,1887,0.05278416060868187,0.033723276234838354,0.1143041987003274,0.7991883644561519,25,20,20
48,1888,0.0003438955665361456,0.04139228955379206,0.15914639969972044,0.7991174151799512,25,20,20
48,1889,0.004037522984030198,0.04140397637580455,0.15462143093954944,0.799937069700616,25,20,20
48,1890,0.0003284731197544779,0.039328741868434026,0.1622600120958893,0.7980827729159213,25,20,20
48,1891,3.4374502399446024e-07,0.039328339739198685,0.1601336772568475,0.8005376392589291,25,20,20
48,1892,7.364779172314443e-08,0.04138765457723937,0.12089887387580482,0.8377133978991635,25,20,20
48,1893,1.0962797048720188e-06,0.04135147507217933,0.13784850724276315,0.820798921405352,25,20,20
48,1894,1.2765879670587537e-06,0.03932954263855549,0.1748342964377515,0.7858348843357257,25,20,20
48,1895,0.001571722780326695,0.07154992686758903,0.16220242691701225,0.7646759234350717,25,20,20
48,1896,0.034012949645372936,0.0034833014801386986,0.20390865571443648,0.758595093160051,25,20,20
48,1897,2.861158914794452e-06,0.004458612046600146,0.1898088381741303,0.8057296886203541,25,20,20
48,1898,0.03580393751546348,0.0026805141206042225,0.1637456921437933,0.7977698562201386,25,20,20
48,1899,0.03813671857735958,0.0013419471343108075,0.13636151970031773,0.8241598145880115,25,20,20
48,1900,0.03995572679013481,0.0013423037731980227,0.11892400906506766,0.8397779603715992,25,20,20
48,1901,0.070606415793184,2.651707428802812e-06,0.08943216806267663,0.8399587644367109,25,20,20
48,1902,0.11972295709832734,6.309965993851264e-07,0.05956344007647895,0.8207129718285944,25,20,20
48,1903,0.11605403491395089,6.322283361321502e-07,0.05709941357619103,0.8268459192815222,25,20,20
48,1904,0.07989954065042146,2.3194172765729757e-05,0.10305270974843479,0.8170245554283773,25,20,20
48,1905,0.02743492803057574,1.2628233072255428e-06,0.18093926451918194,0.7916245446269339,25,20,20
48,1906,0.007822652308680641,1.6465117939460512e-06,0.20824280442111512,0.7839328967584094,25,20,20
48,1907,0.03220916530640682,2.1471066568096642e-07,0.16624972603760774,0.8015408939453191,25,20,20
48,1908,1.578495476510309e-07,0.00045168788899527945,0.22472074084704236,0.7748274134144136,25,20,20
48,1909,0.00010651496135505168,0.02078804976011158,0.21103540475489638,0.7680700305236364,25,20,20
48,1910,0.009400333090118083,0.020787852033537925,0.1686540241710511,0.8011577907052927,25,20,20
48,1911,4.691925654827046e-05,3.8064617989747734e-05,0.19903514091781058,0.8008798752076509,25,20,20
48,1912,0.0001873434004412045,1.5654333757241526e-07,0.18862640061813182,0.8111860994380891,25,20,20
48,1913,0.003928601625164738,3.045463904449994e-05,0.18338721671129604,0.8126537270244946,25,20,20
48,1914,4.562218978384135e-05,3.332217438775245e-05,0.20736577495280822,0.7925552806830198,25,20,20
48,1915,6.0300379379132495e-06,1.223460237849762e-06,0.20941807128424794,0.7905746752175762,25,20,20
48,1916,4.2144571786430377e-07,1.7240543337581576e-07,0.18392686229450997,0.8160725438543386,25,20,20
48,1917,5.929268120186218e-06,9.922020472838591e-09,0.20632103578689187,0.793673025022968,25,20,20
48,1918,0.007655804030242805,0.0009024660666506804,0.17856847290840722,0.8128732569946991,25,20,20
48,1919,0.007655804101431172,0.0009278117348152525,0.1135612890261191,0.877855095137634,25,20,20
48,1920,0.04713114251658245,1.9904355093803399e-07,0.07591059264842932,0.8769580657914368,25,20,20
48,1921,0.007565349991120932,1.8450153486114964e-08,0.07388460345975012,0.9185500280989757,25,20,20
48,1922,0.007554614668810225,0.00046941242432491385,0.08764611232086658,0.9043298605859981,25,20,20
48,1923,8.768956487330717e-08,0.001076861436450502,0.10090257971570459,0.8980204711582793,25,20,20
48,1924,3.023062296477685e-06,1.915711654768555e-05,0.08788025935458071,0.9120975604665742,25,20,20
48,1925,3.061996864170358e-06,1.8904795981162883e-05,0.08828153077568446,0.91169650243147,25,20,20
48,1926,3.0609287891793244e-06,1.8886622723159603e-05,0.08002877536316938,0.919949277085318,25,20,20
48,1927,0.00017612273973558422,1.8877334532303188e-05,0.08016802234193607,0.9196369775837954,25,20,20
48,1928,0.00017618960721793738,6.541895549691002e-07,0.08962722900293225,0.9101959272002945,25,20,20
48,1929,3.536588775133963e-06,3.4271596266506985e-05,0.09377825173341064,0.9061839400815473,25,20,20
48,1930,1.3698147077275977e-12,6.804374785483904e-07,0.1264658619765251,0.8735334575846262,25,20,20
48,1931,1.863145415986871e-09,2.9263188637080685e-05,0.12628489165074636,0.8736858432974709,25,20,20
48,1932,3.0627213125688573e-06,1.1893632627280384e-08,0.11960613396071951,0.880390791424335,25,20,20
48,1933,0.03514617852841034,3.8478328227745065e-07,0.08632111193624199,0.8785323247520651,25,20,20
48,1934,0.011417813727941477,7.62385894450528e-07,0.1067628702464839,0.8818185536396799,25,20,20
48,1935,0.00011541061860541527,3.392412827433681e-07,0.0807329441991239,0.9191513059409883,25,20,20
48,1936,2.8931017993579676e-07,3.1593189986300385e-10,0.07888582137080304,0.9211138890030849,25,20,20
48,1937,2.9726570403495953e-07,3.181822561578061e-10,0.0806840828024359,0.9193156196136778,25,20,20
48,1938,0.034954535659585506,4.4843012457305516e-05,0.052961037156988945,0.9120395841709678,25,20,20
48,1939,0.034954535643069315,4.484301044596177e-05,0.06200896309847139,0.902991658248013,25,20,20
48,1940,0.03495430121847558,1.2425136146911298e-07,0.03465263069931872,0.9303929438308436,25,20,20
48,1941,0.03495430088470743,1.1782301846575935e-07,0.019784412098187293,0.9452611691940865,25,20,20
48,1942,0.03282404334466673,1.719092785553149e-06,0.008768668694789716,0.9584055688677579,25,20,20
48,1943,0.036048758865999495,7.247501761044178e-10,0.005963970381018732,0.9579872700282316,25,20,20
48,1944,0.02757461703436411,9.505732825764263e-13,0.02277922895929683,0.9496461540053882,25,20,20
48,1945,0.027574617783908895,1.8802025119349301e-10,0.0515525369078714,0.9208728451201991,25,20,20
48,1946,5.9020345061976646e-05,0.0005297268334894516,0.04055923369407112,0.9588520191273772,25,20,20
48,1947,4.946276221715133e-10,2.629982260235893e-07,0.04201885633410235,0.9579808801730435,25,20,20
48,1948,2.118338046129924e-06,1.7423953313958615e-10,0.06679735523613518,0.9332005262515786,25,20,20
48,1949,4.3106283850489314e-05,4.63346648572957e-08,0.057013214540949306,0.9429436328405347,25,20,20
48,1950,0.005654042353456473,5.348976688057705e-09,0.06050605385118144,0.9338398984463849,25,20,20
48,1951,0.005654043287979569,5.404626699053364e-09,0.05181879868326848,0.9425271526241247,25,20,20
48,1952,2.97057742680123e-06,1.1900328926352328e-10,0.09794886018801413,0.9020481691155556,25,20,20
48,1953,4.069005659646078e-06,8.565458949900441e-09,0.12567811138132295,0.8743178110475582,25,20,20
48,1954,0.013004547917233232,2.2263088064596e-09,0.08914948787067203,0.8978459619857856,25,20,20
48,1955,0.01300454793092809,8.623406375535563e-07,0.08212170461166975,0.904872885116764,25,20,20
48,1956,4.722382247125525e-09,4.8950079578803796e-05,0.07840234499724769,0.921548700200791,25,20,20
48,1957,8.232944287501366e-08,0.0008995809920198365,0.07936068415787542,0.9197396525206617,25,20,20
48,1958,1.5181735858537486e-06,9.234304304784807e-07,0.08102485883049822,0.9189726995654846,25,20,20
48,1959,4.748768357236743e-06,1.235996726127335e-06,0.08126884593363078,0.9187251693012851,25,20,20
48,1960,1.1914889534382634e-10,4.9085454622924865e-05,0.08845063632646295,0.9115002780997643,25,20,20
48,1961,1.8528616837722603e-08,4.908224040445485e-05,0.08998283447994052,0.909968064751038,25,20,20
48,1962,1.9645022014684036e-08,0.03185933212421311,0.05725517704216317,0.9108854711886015,25,20,20
48,1963,1.1939439833144627e-09,0.03185928742769316,0.0828308280359411,0.8853098833424211,25,20,20
48,1964,6.592739698048431e-12,0.02460021628746391,0.08216859506933333,0.8932311886366098,25,20,20
48,1965,6.716743047622205e-12,0.02460021452183292,0.05814734997439653,0.9172524354970535,25,20,20
48,1966,8.72827060529426e-06,0.0245994326908692,0.13286228418916318,0.8425295548493621,25,20,20
48,1967,8.728270310148913e-06,0.024599432732929177,0.14056793899585363,0.8348239000009069,25,20,20
48,1968,9.294459017213454e-06,0.024599856304683185,0.12094921080980381,0.8544416384264953,25,20,20
48,1969,8.170885048154594e-07,0.03981910384473473,0.09744983474111375,0.8627302443256464,25,20,20
48,1970,1.5479266605415236e-07,0.03999084361301161,0.11606319029102034,0.8439458113033018,25,20,20
48,1971,1.547760815738743e-07,0.0007116627222757178,0.1377332798264082,0.8615549026752339,25,20,20
48,1972,8.714344616035105e-06,0.00013300784845513821,0.12908694399409126,0.870771333812837,25,20,20
48,1973,0.008666711031818077,8.56693608509097e-06,0.12036813871993508,0.8709565833121609,25,20,20
48,1974,0.04615796899033217,9.428904042231652e-10,0.07484607515683916,0.8789959549099382,25,20,20
48,1975,0.000477251560232508,1.531826908716942e-08,0.11957908068059403,0.879943652440904,25,20,20
48,1976,0.03850254070854215,7.340362214954907e-07,0.08200811605290312,0.879488609202333,25,20,20
48,1977,0.01250700948320025,1.3439007834771671e-05,0.10843943020828073,0.879040121300684,25,20,20
48,1978,0.018993208916872464,1.4178015620764814e-07,0.11050091025181936,0.8705057390511519,25,20,20
48,1979,0.01649969190231804,1.6522236021633453e-06,0.10393319500549049,0.8795654608685893,25,20,20
48,1980,7.272090580499099e-05,6.755173259307357e-05,0.12114754420779347,0.8787121831538084,25,20,20
48,1981,0.0001240610273488249,6.426810199944036e-07,0.12909253334215418,0.8707827629494761,25,20,20
48,1982,0.0001240610271624988,6.400202645537313e-07,0.15518679484335884,0.8446885041092141,25,20,20
48,1983,5.3799826858933385e-06,0.0007877463343643296,0.1526087167823176,0.846598156900632,25,20,20
48,1984,4.653371187155495e-09,0.029977254989570375,0.14706651076747132,0.822956229589587,25,20,20
48,1985,0.005773630548575964,0.029971744881372202,0.140975806015251,0.8232788185548005,25,20,20
48,1986,0.012634866497464266,2.4867852027171716e-07,0.1568778534677383,0.8304870313562767,25,20,20
48,1987,0.012624241359707694,0.0010440371049306903,0.19013808564875692,0.7961936358866042,25,20,20
48,1988,0.012742151556557738,0.0010443889175417614,0.1842243829453954,0.801989076580505,25,20,20
48,1989,0.012626457388913735,1.1823105502259883e-05,0.18717892964277266,0.8001827898628113,25,20,20
48,1990,0.0005907184083544257,1.8985255372536487e-05,0.19797555988013052,0.8014147364561411,25,20,20
48,1991,0.0005885021707147974,1.8978899604197274e-05,0.19837731992849292,0.8010151990011868,25,20,20
48,1992,0.012601987487551376,4.958277831859936e-07,0.18805418509383853,0.7993433315908267,25,20,20
48,1993,0.002644663664773092,3.506471832307469e-05,0.2083554078164693,0.788964863800433,25,20,20
48,1994,0.037615589963415116,1.679853070181725e-05,0.16044782941693458,0.8019197820889478,25,20,20
48,1995,0.0009965943628542557,4.57483665739475e-05,0.20665836376651112,0.7922992935040594,25,20,20
48,1996,0.0003862954840959635,6.447146923004044e-05,0.19950596983347627,0.8000432632131961,25,20,20
48,1997,0.051820667884068736,4.8803053229363286e-05,0.18696594414019227,0.7611645849225088,25,20,20
48,1998,0.03889356958752108,0.03131400729922371,0.18867563494016107,0.7411167881730938,25,20,20
48,1999,0.00035878088376652595,0.030163084451909534,0.21055650962363628,0.7589216250406874,25,20,20
48,2000,0.010625137693165159,0.03982041844325288,0.20884772160135806,0.7407067222622223,25,20,20
48,2001,0.04320478313630673,0.039811435154604134,0.21488333988463612,0.702100441824452,25,20,20
48,2002,0.08994968906972087,0.020360370307906637,0.16971510661530265,0.719974834007069,25,20,20
48,2003,0.11357977031995209,0.002658804300954853,0.16092325161985246,0.7228381737592382,25,20,20
48,2004,0.03961542109451602,6.264627056823115e-05,0.19758855353496446,0.7627333790999503,25,20,20
48,2005,0.007431220443610807,6.547743271349536e-05,0.23105194896224396,0.7614513531614305,25,20,20
48,2006,0.00359873439754845,0.02551687370376489,0.2175032865690659,0.7533811053296199,25,20,20
48,2007,0.04008401731381093,0.027188887069306604,0.15039655824691656,0.782330537369965,25,20,20
48,2008,0.04131161107954423,0.027188242734255512,0.15968546819241342,0.7718146779937861,25,20,20
48,2009,0.041315405727089936,0.0006124306400185682,0.2147100941967907,0.743362069436101,25,20,20
48,2010,0.01049368908836609,1.2140015338078595e-06,0.2607624323697609,0.7287426645403384,25,20,20
48,2011,0.0006032905447173555,1.1962732301628611e-06,0.18511204323879787,0.8142834699432534,25,20,20
48,2012,0.010517194841269497,4.384112715957279e-09,0.18305642055359506,0.8064263802210219,25,20,20
48,2013,0.010276034218532348,4.9088524027857614e-05,0.18454205058119208,0.805132826676247,25,20,20
48,2014,0.00022117937476086636,8.191214797607597e-07,0.17332019483478495,0.8264578066689743,25,20,20
48,2015,0.00013424312036356401,2.7554616912519835e-08,0.13676653943059844,0.8630991898944208,25,20,20
48,2016,1.081337397757126e-05,6.97976325870094e-05,0.1219486146036892,0.877970774389746,25,20,20
48,2017,0.0044388763835702585,4.653667356939457e-05,0.11622262959069536,0.8792919573521645,25,20,20
48,2018,0.004434271120204671,2.665288237033763e-07,0.1328218640868971,0.8627435982640743,25,20,20
48,2019,0.004470084947936712,0.0004925505355735936,0.15072797539777905,0.8443093891187102,25,20,20
48,2020,0.03998213977585908,0.000492299122076799,0.1517728057563602,0.8077527553457038,25,20,20
48,2021,0.00018349501673738046,4.780488995747688e-07,0.1950964190892059,0.8047196078451563,25,20,20
48,2022,0.010112803165394767,4.940661676525973e-05,0.20193331587067725,0.7879044743471617,25,20,20
48,2023,0.03743405176707078,5.1491882166146066e-05,0.12297243321180235,0.8395420231389606,25,20,20
48,2024,0.00026711819980278906,2.6025705743768884e-08,0.17656530903251602,0.823167546741975,25,20,20
48,2025,0.04407622027011976,4.7457433596942296e-05,0.11593782799443142,0.8399384943018512,25,20,20
48,2026,0.04068174843944328,5.024459247986097e-05,0.09761876798743781,0.8616492389806389,25,20,20
48,2027,0.008596162094084701,4.057199456821504e-06,0.10406475918604283,0.8873350215204155,25,20,20
48,2028,0.007866164992919476,1.268433662849528e-06,0.15149522034755866,0.8406373462258587,25,20,20
48,2029,0.00048668906688132985,3.5600657003077326e-07,0.161186696836155,0.8383262580903925,25,20,20
48,2030,0.0001757894854840002,4.503696497903294e-05,0.173713879695505,0.8260652938540315,25,20,20
48,2031,0.03000597048339125,2.4361703393089243e-05,0.14422030059156832,0.8257493672216469,25,20,20
48,2032,0.030005974740097655,2.4361700741497586e-05,0.16830006305964745,0.8016696004995132,25,20,20
48,2033,0.03247751297781104,2.4717968401048073e-05,0.12839960819982194,0.8390981608539657,25,20,20
48,2034,3.7024422583552735e-05,2.4367433353499612e-05,0.14930682945208437,0.8506317786919783,25,20,20
48,2035,3.7024499508301105e-05,2.1807090624558152e-08,0.1404421425890413,0.8595208111043595,25,20,20
48,2036,0.03305083863715439,0.014666884442720785,0.11075486418705363,0.8415274127330713,25,20,20
48,2037,0.028603745140449298,0.03947359372518057,0.13550570997620098,0.7964169511581689,25,20,20
48,2038,9.236018959093699e-05,0.04000041785545661,0.16285252332569564,0.7970546986292549,25,20,20
48,2039,0.014748820558098287,0.040886954297102124,0.1444541361238286,0.7999100890209703,25,20,20
48,2040,0.01300192262058591,0.039999975132812705,0.14804467025960288,0.7989534319869982,25,20,20
48,2041,0.01299887311067074,0.03933153433895931,0.16620306061043297,0.7814665319399361,25,20,20
48,2042,8.993685969353415e-05,0.026373184603006902,0.19213258787091828,0.7814042906663811,25,20,20
48,2043,9.18593454517846e-05,0.023622582069548634,0.19242490056674458,0.7838606580182547,25,20,20
48,2044,9.80305695561509e-05,0.029340672810773308,0.223212935761664,0.7473483608580059,25,20,20
48,2045,0.00803314482700613,7.597593638807827e-05,0.2397481682788009,0.7521427109578043,25,20,20
48,2046,0.008031576211424923,3.845252688204378e-05,0.23196592423825643,0.759964047023436,25,20,20
48,2047,0.0005545218002056079,2.5321894022505693e-06,0.31483368552479746,0.6846092604855929,25,20,20
48,2048,0.0005553399503404156,3.708726864122654e-05,0.31774143632803187,0.6816661364529852,25,20,20
48,2049,0.00021777687918550886,0.0318716007151558,0.2889351672337478,0.6789754551719099,25,20,20
48,2050,3.7561173736072732e-06,0.04004542938901857,0.27881309861984194,0.6811377158737654,25,20,20
48,2051,0.0001995043350276454,0.04192961546826347,0.25792966427782527,0.6999412159188821,25,20,20
48,2052,0.0003885150405829742,0.022243230504419866,0.3328251569163559,0.6445430975386407,25,20,20
48,2053,0.00037113605927186866,0.02220863035340225,0.3334371519365377,0.6439830816507872,25,20,20
48,2054,0.0003761805919433044,0.02220963210334814,0.3362561368739689,0.6411580504307384,25,20,20
48,2055,0.004658418719652643,0.02228560196144069,0.31577417333968005,0.6572818059792254,25,20,20
48,2056,0.0005414036497388198,0.02224423068797529,0.30491072862229945,0.6723036370399851,25,20,20
48,2057,0.0005378556596041711,0.024235616839629492,0.26347188056613335,0.7117546469346321,25,20,20
48,2058,0.035499565243522296,0.02423561030064746,0.24545689537890167,0.6948079290769276,25,20,20
48,2059,0.03496335758923938,0.04359733795229521,0.21113259622720837,0.7103067082312556,25,20,20
48,2060,0.037273650076600974,0.04449283911160189,0.19845616295815585,0.7197773478536403,25,20,20
48,2061,0.00010158958275420349,0.0421430519553017,0.23867363897266203,0.7190817194892815,25,20,20
48,2062,0.04773351628651959,0.04228673193838145,0.2441095091396586,0.6658702426354401,25,20,20
48,2063,0.04644367423585937,0.06207889053136622,0.2109832619939167,0.6804941732388572,25,20,20
48,2064,0.038400305073931953,0.06197434904131304,0.21855415720293686,0.681071188681817,25,20,20
48,2065,0.03998212116924947,0.0806312263946401,0.2072181132821864,0.672168539153923,25,20,20
48,2066,0.03998218334047524,0.08003670351426448,0.17878933978558004,0.7011917733596791,25,20,20
48,2067,0.0149190730145258,0.08005250323206116,0.18690487367315275,0.7181235500802602,25,20,20
48,2068,0.038997497702663725,0.10510817271536005,0.13705906530187514,0.7188352642801008,25,20,20
48,2069,0.03861876653785162,0.1049281589094265,0.1359513833302252,0.720501691222496,25,20,20
48,2070,0.043746376981137924,0.11948218286158108,0.11936138481616963,0.7174100553411111,25,20,20
48,2071,0.04321886806992495,0.1200030700854093,0.11691478808173096,0.7198632737629349,25,20,20
48,2072,0.03612478154496358,0.08207325668460105,0.162011446205065,0.7197905155653698,25,20,20
48,2073,0.0026226718098383184,0.06616228375669214,0.22570178308960884,0.7055132613438596,25,20,20
48,2074,0.000572686275084602,0.07978613048420403,0.23532700427914388,0.6843141789615664,25,20,20
48,2075,0.002752306643677916,0.09767900194492993,0.20864394968345099,0.6909247417279402,25,20,20
48,2076,0.002173949656290723,0.11183509676402555,0.1936152772282197,0.6923756763514635,25,20,20
48,2077,0.0022465690561509445,0.10624212924468751,0.18780958532692488,0.7037017163722363,25,20,20
48,2078,0.0024651496638881105,0.0887329877438103,0.1979053631961287,0.7108964993961725,25,20,20
48,2079,0.002404009044891431,0.06534452679713458,0.21318944675273738,0.7190620174052361,25,20,20
48,2080,0.01349795780177351,0.06386209569314232,0.2642951927957504,0.6583447537093334,25,20,20
48,2081,0.040608592686496046,0.06217680092794292,0.218123028822523,0.6790915775630375,25,20,20
48,2082,0.061449665695981884,0.059696872362962665,0.16996669646101423,0.7088867654800408,25,20,20
48,2083,0.06745354204812519,0.04256723990195492,0.15273483946217123,0.7372443785877484,25,20,20
48,2084,0.004730636503117774,0.043237158017180866,0.24839136190062372,0.7036408435790763,25,20,20
48,2085,0.039767699379641995,0.040081080959668274,0.21921052307735533,0.7009406965833329,25,20,20
48,2086,0.042303590218727434,0.04242398999881239,0.1958960389039639,0.7193763808784958,25,20,20
48,2087,0.04011839992062716,0.02294236154872728,0.21731785916408847,0.7196213793665567,25,20,20
48,2088,0.040104474634606355,0.02289244181159338,0.19370722688098,0.7432958566728192,25,20,20
48,2089,0.045468974638905986,0.022843839628867865,0.2169270698697166,0.7147601158625082,25,20,20
48,2090,0.039985845448562915,0.02661959205430815,0.22591681679373427,0.7074777457033937,25,20,20
48,2091,0.03826320914014196,2.3280173782572138e-05,0.2408080038691141,0.7209055068169603,25,20,20
48,2092,0.04032377178554056,1.2320376452698511e-05,0.2390400937523064,0.7206238140856998,25,20,20
48,2093,0.05596000816211288,1.2999664880578395e-05,0.23139988580451135,0.7126271063684955,25,20,20
48,2094,0.052686549007850685,0.0012891901593205426,0.20192525974805328,0.7440990010847748,25,20,20
48,2095,0.03655733069820339,0.0038630238787989413,0.16246698548182623,0.7971126599411714,25,20,20
48,2096,0.07306403215056123,0.03492471495798452,0.14981837969441952,0.742192873197035,25,20,20
48,2097,0.07594192238843657,0.0026230679827429866,0.18049808484726934,0.7409369247815505,25,20,20
48,2098,0.047491778096032305,0.0025933897508522864,0.1912951712307374,0.7586196609223773,25,20,20
48,2099,0.04069637842224241,6.67894874635948e-05,0.21780046868157357,0.7414363634087195,25,20,20
48,2100,0.040589179245205935,0.00011428096411824368,0.2600277048025131,0.6992688349881607,25,20,20
48,2101,0.03226576489955252,0.0008601330943966493,0.24572295654399506,0.7211511454620552,25,20,20
48,2102,9.462755850811415e-05,0.0007142664358642794,0.25454626167384176,0.744644844331786,25,20,20
48,2103,0.008474992469165497,0.0007412868748424468,0.2775602598228501,0.713223460833141,25,20,20
48,2104,6.992294433458048e-05,0.0007322320857871239,0.23111866124417768,0.7680791837257004,25,20,20
48,2105,0.00023704120562199383,0.000732994680636051,0.20799086204095527,0.7910391020727867,25,20,20
48,2106,0.0005187519102638574,0.03984379296731834,0.1665480744852721,0.793089380637145,25,20,20
48,2107,0.03656070563713718,0.039349249551657584,0.1315365525823845,0.7925534922288202,25,20,20
48,2108,0.040338685813746084,0.0395766084678933,0.10446598896670835,0.815618716751652,25,20,20
48,2109,0.03644028427092278,0.0400135022371398,0.1014412920741599,0.8221049214177768,25,20,20
48,2110,0.0004027668715997142,0.040335431068906386,0.1383550199839436,0.8209067820755499,25,20,20
48,2111,4.48502935632075e-05,0.04002888571694887,0.15448725841356986,0.8054390055759175,25,20,20
48,2112,0.00021573002650866126,0.04001983502183581,0.18113176918090837,0.7786326657707463,25,20,20
48,2113,0.00017606322693905464,0.03999120622777855,0.21382389571172197,0.7460088348335604,25,20,20
48,2114,0.00015736094210030852,0.040383389287468804,0.2073900476470865,0.7520692021233437,25,20,20
48,2115,0.00015736093678237349,0.040383540354263635,0.16615065548350214,0.7933084432254504,25,20,20
48,2116,0.0009801013153985078,0.04185904513031308,0.19248197323745586,0.7646788803168316,25,20,20
48,2117,1.1609565725925973e-05,0.04149266209534552,0.15950416105473247,0.798991567284195,25,20,20
48,2118,1.1643351053854636e-05,0.04000125115844593,0.1623942877463386,0.7975928177441609,25,20,20
48,2119,9.147694764605935e-05,0.039804578400849985,0.17961123610568566,0.7804927085458173,25,20,20
48,2120,2.7426921456339967e-05,0.03976662544715779,0.18302855112664754,0.7771773965047377,25,20,20
48,2121,8.526917145424817e-07,0.03998916238754146,0.16062416121964113,0.7993858237011028,25,20,20
48,2122,3.01768966238207e-06,0.03934960234852672,0.17024290192950658,0.7904044780323036,25,20,20
48,2123,7.998691926265535e-06,0.04055603560418097,0.1606962428926331,0.7987397228112587,25,20,20
48,2124,0.00028092030419431095,0.03179877359948282,0.16807361779175664,0.7998466883045655,25,20,20
48,2125,0.0004001230733587633,0.03178046546497386,0.17319750560635963,0.7946219058553068,25,20,20
48,2126,0.000587018875018155,0.03176799373412977,0.22270033458091681,0.7449446528099348,25,20,20
48,2127,0.0030770405463844824,0.031770972783470616,0.21027287946372353,0.7548791072064204,25,20,20
48,2128,0.04445029234196165,0.07939644142580515,0.12613334002959886,0.7500199262026337,25,20,20
48,2129,0.013286448106417537,0.07981003787541374,0.1717207999981264,0.735182714020042,25,20,20
48,2130,0.052590184506953255,0.07983280912358717,0.1257546405936757,0.7418223657757832,25,20,20
48,2131,0.039781732428396256,0.041865782306384894,0.1752157136175742,0.7431367716476445,25,20,20
48,2132,0.0002612724796025914,0.04000152072703807,0.20739758087669183,0.7523396259166666,25,20,20
48,2133,0.006759477366720849,0.04002125368610309,0.20110482069726138,0.7521144482499141,25,20,20
48,2134,0.015162536910586204,0.04000242443859753,0.18531204898948583,0.7595229896613295,25,20,20
48,2135,0.039226123069905326,0.04039046214300401,0.138013310749599,0.7823701040374915,25,20,20
48,2136,0.04454320791272175,0.040391030804981715,0.14031994250371382,0.7747458187785825,25,20,20
48,2137,0.037152036741407046,0.04037960395352476,0.10610625367982038,0.8163621056252469,25,20,20
48,2138,0.03734221905276539,0.04102984167049981,0.08270447097497376,0.8389234683017609,25,20,20
48,2139,0.03770790149824315,0.04104631112338799,0.08221170630843201,0.8390340810699365,25,20,20
48,2140,0.04026024214248615,0.06996213192037465,0.051176071354200846,0.8386015545829381,25,20,20
48,2141,0.006489142274731579,0.040005402911826,0.11538314447304054,0.838122310340402,25,20,20
48,2142,0.00048282607824492687,0.039348615812060415,0.12016424923763128,0.8400043088720637,25,20,20
48,2143,0.00011709231802947101,0.03936542514404083,0.12169637017319113,0.8388211123647383,25,20,20
48,2144,0.07105064548261097,0.00199433790625079,0.0878369531058949,0.8391180635052438,25,20,20
48,2145,0.0721096043044858,0.0005836100377774758,0.08740087344785563,0.839905912209881,25,20,20
48,2146,0.07210680881446006,3.7444119667094175e-05,0.09771195203254067,0.8301437950333316,25,20,20
48,2147,0.04573152934493353,4.504897327613029e-05,0.1145012160719597,0.83972220560983,25,20,20
48,2148,0.07841274891294367,6.69208140269585e-07,0.06416304844515573,0.8574235334337601,25,20,20
48,2149,0.04438921228934177,7.783042645507472e-07,0.09546995565807037,0.860140053748323,25,20,20
48,2150,0.03849947208200638,3.6769422367715936e-05,0.11062523305842645,0.8508385254371992,25,20,20
48,2151,0.038490715823311275,3.67843102559033e-05,0.1504619460293968,0.8110105538370361,25,20,20
48,2152,0.007766199936357642,1.3434991777236664e-06,0.20510832536634296,0.7871241311981216,25,20,20
48,2153,0.007766196773231466,1.3241128574104137e-05,0.23477936158885984,0.7574412005093346,25,20,20
48,2154,0.016985104677781446,4.960590013848269e-10,0.19911047426967557,0.7839044205564837,25,20,20
48,2155,0.03504428486156603,2.1435752830752058e-07,0.15703430596405762,0.8079211948168473,25,20,20
48,2156,0.04779864658668315,2.1710815669194217e-07,0.13241943212313032,0.8197817041820298,25,20,20
48,2157,0.052166554003741046,2.7553498798130023e-07,0.11567997315097203,0.8321531973102988,25,20,20
48,2158,0.01789841313700632,2.2502064549855294e-05,0.20380626124627707,0.7782728235521665,25,20,20
48,2159,0.010554904016418978,4.024786642033767e-05,0.19317167373396343,0.7962331743831964,25,20,20
48,2160,3.0057413685571923e-06,5.045134948907381e-05,0.1923100616496306,0.8076364812595114,25,20,20
48,2161,0.033084504758661676,3.682465670535076e-05,0.13190285774005167,0.8349758128445809,25,20,20
48,2162,9.717063583994122e-05,1.955130228782865e-05,0.1691546269769252,0.8307286510849465,25,20,20
48,2163,9.717291498393794e-05,1.2713763775365678e-06,0.15785798520937802,0.8420435704992603,25,20,20
48,2164,5.141170789720538e-09,2.308600300718775e-06,0.15878790413297753,0.8412097821255508,25,20,20
48,2165,0.03308093266585369,0.0005989096839050906,0.12873437024030507,0.8375857874099352,25,20,20
48,2166,0.035805107400455574,1.3239946951512262e-06,0.12657849474170862,0.8376150738631403,25,20,20
48,2167,0.04141316152915921,1.324081147125923e-06,0.12703306869535555,0.8315524456943376,25,20,20
48,2168,0.041413163758948476,6.910739702040721e-07,0.12828662001413,0.8302995251529509,25,20,20
48,2169,0.04141316034919453,1.4151250559384332e-05,0.12033369989446277,0.838238988505783,25,20,20
48,2170,0.04366934825453203,0.040009082231074765,0.08523370839148033,0.8310878611229124,25,20,20
48,2171,0.038371057821354755,0.04000911533290612,0.09215434348690228,0.8294654833588372,25,20,20
48,2172,0.036112636656115804,0.03999624126970919,0.10280971682176261,0.8210814052524118,25,20,20
48,2173,0.03611329969719916,0.002036527009761206,0.18633431910939574,0.7755158541836441,25,20,20
48,2174,0.03610963598297613,0.0010477617712108497,0.17995483835660983,0.7828877638892031,25,20,20
48,2175,0.04845448227108706,0.002030269454559211,0.16935832897540695,0.7801569192989471,25,20,20
48,2176,0.01267700351356659,0.003920841432475858,0.20120435400963757,0.7821978010443198,25,20,20
48,2177,0.012345793415314442,0.002030199734961046,0.20325575095481313,0.7823682558949108,25,20,20
48,2178,0.000721021747046016,0.002037203028899927,0.20723388095697481,0.7900078942670791,25,20,20
48,2179,0.00021050734686487796,0.022696654298191263,0.19273575432895118,0.784357084025992,25,20,20
48,2180,0.00020624117890617603,0.03178485102856044,0.16865685570487743,0.7993520520876554,25,20,20
48,2181,0.0041708066269465684,0.0025948131497465663,0.2121184047975698,0.7811159754257365,25,20,20
48,2182,0.00020627814853588087,0.0026330630938886535,0.2067414196971114,0.7904192390604634,25,20,20
48,2183,5.631820255101994e-08,0.006446217817221966,0.20338382883575398,0.7901698970288207,25,20,20
48,2184,0.03225004316318535,0.0025654542182458762,0.16651649782664635,0.7986680047919221,25,20,20
48,2185,0.03230276056036488,0.0025692992061916455,0.16793170872561292,0.7971962315078309,25,20,20
48,2186,0.006071399125823127,9.69820548906838e-07,0.16875045169337138,0.8251771793602556,25,20,20
48,2187,0.0022391770237330526,1.0851063408694545e-06,0.16394786287189184,0.8338118749980342,25,20,20
48,2188,0.002210783295706889,9.194006958403154e-07,0.15594368175389076,0.8418446155497058,25,20,20
48,2189,0.00018487250145387467,2.37739031794523e-05,0.17896164322746458,0.820829710367902,25,20,20
48,2190,4.835378614933119e-08,3.6357737392679045e-07,0.18229307678879728,0.8177065112800419,25,20,20
48,2191,0.0003080639688325412,0.0009141566634117238,0.17771044930225266,0.8210673300655026,25,20,20
48,2192,0.0034857157049479667,3.394235130410325e-05,0.20931946442547303,0.7871608775182741,25,20,20
48,2193,0.00318227984676959,3.356424433023898e-05,0.24798290813727086,0.7488012477716285,25,20,20
48,2194,0.024558294293768,0.0025603777405668405,0.18026944259432015,0.7926118853713444,25,20,20
48,2195,0.03715548573224148,0.001010845557101694,0.18775623093816296,0.7740774377724938,25,20,20
48,2196,0.03715193427642791,3.778254795699053e-05,0.2093695159406555,0.7534407672349593,25,20,20
48,2197,0.02462219646842954,1.0659847371205046e-09,0.21308277821771351,0.7622950242478713,25,20,20
48,2198,0.00013713290587909763,4.4612365898397214e-07,0.2476823127033794,0.7521801082670813,25,20,20
48,2199,1.737046939315403e-07,7.140238493132734e-05,0.1452803859452113,0.854648037965163,25,20,20
48,2200,1.50707616077967e-07,7.107334005191255e-05,0.12108675407604157,0.8788420218762899,25,20,20
48,2201,6.365058926826031e-10,3.4304209066750256e-07,0.16487845600570045,0.8351212003157025,25,20,20
48,2202,4.5057301779124195e-11,0.004048794575575941,0.1558378281426933,0.8401133772366731,25,20,20
48,2203,4.074079273961441e-06,0.001352967606618966,0.15903673142767935,0.8396062268864277,25,20,20
48,2204,4.032319222243695e-06,3.861662656681092e-05,0.17685583039117925,0.8231015206630303,25,20,20
48,2205,0.006412218097748617,0.00032636805358999854,0.1751362476450698,0.8181251662035914,25,20,20
48,2206,9.666710463050398e-05,0.0003263632292333123,0.1688637745211525,0.830713195144983,25,20,20
48,2207,0.00015854345318414505,0.0003257062513110612,0.17084538257141332,0.8286703677240905,25,20,20
48,2208,0.00015190602058793489,0.0005121779550660867,0.09845530821720841,0.9008806078071371,25,20,20
48,2209,0.0001518410229701569,0.000512099507961789,0.12682883759244437,0.8725072218766232,25,20,20
48,2210,8.180538569288014e-06,2.7573036016613965e-05,0.11724679245510698,0.8827174539703071,25,20,20
48,2211,3.790683108014093e-11,1.5245570431659913e-06,0.1550793359687952,0.8449191394362543,25,20,20
48,2212,0.016819709097820934,7.540281148303109e-06,0.14989448201552946,0.8332782686055005,25,20,20
48,2213,0.0168197091024358,0.0013494209277181233,0.17344901220851183,0.8083818577613335,25,20,20
48,2214,0.04058761553253263,0.001343444623944006,0.11364515692167616,0.8444237829218473,25,20,20
48,2215,0.03713854201436849,2.4449633911652275e-06,0.09264453387239198,0.8702144791498481,25,20,20
48,2216,0.03730810185178271,1.9658988007175e-06,0.08452299794920114,0.8781669343002152,25,20,20
48,2217,0.016294143523185877,3.0570005962983273e-07,0.14164924771818588,0.8420563030585682,25,20,20
48,2218,0.03818877923170555,8.06889963554713e-06,0.061722813616717505,0.9000803382519413,25,20,20
48,2219,0.010425762229529562,1.148775340931852e-05,0.08150327149765467,0.908059478519406,25,20,20
48,2220,0.00033590411077404276,3.4447222882192085e-07,0.08145366217531119,0.9182100892416857,25,20,20
48,2221,0.038616791371673745,1.8176388479628905e-05,0.041736503549546784,0.9196285286902994,25,20,20
48,2222,0.0386168060336276,1.817962206608066e-05,0.050670486211291055,0.9106945281330151,25,20,20
48,2223,0.009828676889323255,4.2251006674023014e-05,0.0807445964025672,0.9093844757014352,25,20,20
48,2224,0.039926812961206155,3.198753845173321e-05,0.0968187249675334,0.8632224745328084,25,20,20
48,2225,0.03254194749742313,3.88243535639286e-05,0.07231907177217392,0.8951001563768389,25,20,20
48,2226,0.03263800679429336,5.774295378611448e-08,0.055824691239367154,0.9115372442233856,25,20,20
48,2227,0.04006882815586835,5.284368697814362e-09,0.048322652397040526,0.9116085141627224,25,20,20
48,2228,0.00429239864806331,7.92022443877536e-09,0.0774879392233879,0.9182196542083239,25,20,20
48,2229,0.030097484094426582,1.098403059029484e-09,0.08976131336603942,0.8801412014411304,25,20,20
48,2230,0.005805071120751198,0.0003880833455960397,0.11523927564213539,0.8785675698915173,25,20,20
48,2231,0.0006756527896957143,0.0007075487087009019,0.12685437535115018,0.8717624231504527,25,20,20
48,2232,0.0030888935077083785,1.6196826605526352e-07,0.11752752030493871,0.8793834242190863,25,20,20
48,2233,0.0071770132831901765,0.007973978441274798,0.10458092603505527,0.8802680822404794,25,20,20
48,2234,3.1144638121226826e-06,0.0024371212497046766,0.11917185251128112,0.8783879117752015,25,20,20
48,2235,2.6252137271903245e-07,0.0012982532229803237,0.11930170708130845,0.8793997771743379,25,20,20
48,2236,6.266702933864909e-05,4.939530061263684e-05,0.12976116059419024,0.8701267770758581,25,20,20
48,2237,1.8130601342961912e-06,4.904975191372753e-05,0.12070475347397823,0.8792443837139727,25,20,20
48,2238,1.720736751264957e-06,4.9045568179002215e-05,0.08769400087285364,0.9122552328222159,25,20,20
48,2239,3.6863543118962034e-08,4.9047915974146365e-05,0.08943780888268388,0.9105131063377983,25,20,20
48,2240,1.3289592930469528e-05,8.236737476743084e-07,0.08121837537663984,0.9187675113566814,25,20,20
48,2241,1.328959322044299e-05,8.236733224184848e-07,0.09989773362205889,0.9000881531113977,25,20,20
48,2242,2.1361306256188264e-06,8.277853746165538e-07,0.0818504780448299,0.9181465580391693,25,20,20
48,2243,0.03650523409452435,6.494655319976721e-11,0.04590039709200196,0.9175943687485268,25,20,20
48,2244,0.03636037895012251,0.001163419994532922,0.0441098262625816,0.9183663747927627,25,20,20
48,2245,0.012369548281110436,0.0011636446532956736,0.06816590146516038,0.9183009056004332,25,20,20
48,2246,5.752335027193771e-06,0.0011634081057551047,0.08046379095723079,0.9183670486019864,25,20,20
48,2247,8.777893506335888e-06,2.9898275049662944e-08,0.08152390412465307,0.9184672880835653,25,20,20
48,2248,0.00010844337291150606,1.7551236770713446e-05,0.0806279865111494,0.9192460188791683,25,20,20
48,2249,6.393677531132787e-07,3.3920655574115095e-07,0.05835974507138598,0.9416392763543047,25,20,20
48,2250,3.381420925143238e-08,3.415559314073831e-07,0.06104832462984286,0.9389513000000165,25,20,20
48,2251,6.380887815140574e-08,6.079594409897075e-07,0.06037207082919918,0.9396272574024817,25,20,20
48,2252,6.338467778565517e-12,5.599922498106276e-11,0.01894410372006121,0.9810558962176011,25,20,20
48,2253,2.2614136036776834e-11,1.1468856495832973e-10,0.0018717852429431631,0.9981282146197542,25,20,20
48,2254,2.998987588326748e-09,3.237194354135462e-09,0.04249970683700648,0.9575002869268116,25,20,20
48,2255,2.9986924775658986e-09,6.023305120436573e-11,0.04116089542090377,0.9588391015201704,25,20,20
48,2256,2.9826996272267077e-09,6.200788679177082e-12,0.05129239981520683,0.9487075971958926,25,20,20
48,2257,2.161576401141028e-11,1.1580948181318191e-10,0.027069958521806985,0.9729300413407674,25,20,20
48,2258,1.6118136690078207e-12,3.26082363908952e-09,0.05320543282961536,0.9467945639079488,25,20,20
48,2259,1.7808127580132552e-11,8.50789495105752e-07,0.04963914878590664,0.9503600004067897,25,20,20
48,2260,2.433944963959948e-12,8.135606706495763e-07,0.07991204315218374,0.9200871432847113,25,20,20
48,2261,1.6946018055493057e-07,2.3835194240523047e-05,0.1381175536342503,0.8618584417113283,25,20,20
48,2262,1.7016630697785315e-07,3.169979478706615e-05,0.12985429431850493,0.8701138357204008,25,20,20
48,2263,5.84593296055662e-06,2.3835106919096818e-05,0.12187805811908964,0.8780922608410306,25,20,20
48,2264,3.8069617124624696e-06,0.000753147848689326,0.17665956155763973,0.8225834836319583,25,20,20
48,2265,0.015107017821733251,2.4229796153360115e-05,0.14508576716872534,0.8397829852133876,25,20,20
48,2266,0.01256316547835161,0.025968952940952722,0.08070980312624897,0.880758078454446,25,20,20
48,2267,0.012567357265469412,0.039990660474835696,0.10337338769861307,0.8440685945610811,25,20,20
48,2268,0.005552015104319531,0.039538762463036545,0.1385387863217352,0.8163704361109086,25,20,20
48,2269,0.004752016511552678,0.04049807422004476,0.1405397672457693,0.8142101420226332,25,20,20
48,2270,0.0029257776743088658,0.04248915587216007,0.18950654354836083,0.7650785229051696,25,20,20
48,2271,0.03711690992628638,0.039986438630124854,0.16740179891018944,0.7554948525333991,25,20,20
48,2272,0.03711698787503376,0.039986438683893274,0.20759690992687888,0.7152996635141935,25,20,20
48,2273,1.5787395296480407e-06,0.002426078573919554,0.26563453195625947,0.7319378107302894,25,20,20
48,2274,1.5078197710340154e-06,1.4057203376226308e-06,0.27946842446112014,0.7205286619987697,25,20,20
48,2275,8.949693679402495e-05,1.292244099846797e-06,0.271162462044247,0.7287467487748571,25,20,20
48,2276,0.06910478558723938,1.337488091294238e-06,0.1718744808622574,0.7590193960624102,25,20,20
48,2277,0.07206136771791863,2.855817623759439e-05,0.2061828126170327,0.7217272614888103,25,20,20
48,2278,0.0485064146458698,2.185967295732949e-06,0.23028034879597595,0.7212110505908582,25,20,20
48,2279,0.04018088299808475,2.969763428166381e-05,0.2529185189669377,0.7068709004006944,25,20,20
48,2280,0.0075699299645679945,2.2626340992275987e-05,0.2813715739972614,0.7110358696971778,25,20,20
48,2281,0.0350703361374221,1.4584787980914066e-05,0.16557617328561683,0.7993389057889799,25,20,20
48,2282,0.030917080561277357,4.3412698822031414e-05,0.1789718890908175,0.7900676176490841,25,20,20
48,2283,0.03076390685241711,0.03130251826263779,0.14801288698622456,0.7899206878987205,25,20,20
48,2284,0.012417400372139486,0.040029042036028785,0.18840259319180241,0.7591509644000287,25,20,20
48,2285,0.007712226599959391,0.04006744457959217,0.20053884992174356,0.7516814788987044,25,20,20
48,2286,3.1718853160861913e-06,0.020308621255652075,0.19623916619614526,0.7834490406628858,25,20,20
48,2287,5.746321196293288e-06,0.020308767611458584,0.18870872053274815,0.7909767655345966,25,20,20
48,2288,5.931230524634343e-05,0.06987510399391816,0.13098034011258797,0.7990852435882466,25,20,20
48,2289,0.005821015595915615,0.08000775245120834,0.11544903605827102,0.7987221958946038,25,20,20
48,2290,0.00017484650249734615,0.060311850771442896,0.2150027477409175,0.7245105549851418,25,20,20
48,2291,5.968056921992065e-08,0.0991961765515018,0.1824401652611609,0.7183635985067675,25,20,20
48,2292,0.008177996003412095,0.07998612687887914,0.19373319948588333,0.7181026776318249,25,20,20
48,2293,0.008293709716803556,0.07998647057828653,0.19386584856263372,0.7178539711422753,25,20,20
48,2294,0.008390285279966554,0.07997270078019798,0.19132307623910816,0.7203139377007264,25,20,20
48,2295,0.04444912991628397,0.07932848863596748,0.15666200655624019,0.7195603748915077,25,20,20
48,2296,0.040225346289503985,0.0791066712479677,0.1708396690216023,0.7098283134409253,25,20,20
48,2297,0.04000971688328552,0.07910667163500994,0.20083636624384482,0.6800472452378585,25,20,20
48,2298,0.00023214468891187125,0.06031376068971621,0.2418554336875552,0.6975986609338167,25,20,20
48,2299,0.0007073683551131921,0.07946424293925455,0.21508116470326943,0.7047472240023623,25,20,20
48,2300,0.0009075574740192581,0.07947538329544333,0.1851359445265428,0.7344811147039946,25,20,20
48,2301,9.892491203170739e-05,0.05027140135920465,0.21350661326276832,0.7361230604659954,25,20,20
48,2302,0.00900412768510018,0.0699554994177959,0.17909406155719296,0.7419463113399105,25,20,20
48,2303,0.03960581695886137,0.0699645701640502,0.14012419323118416,0.7503054196459038,25,20,20
48,2304,0.007801608255928586,0.06929630346792787,0.1870608519529319,0.735841236323211,25,20,20
48,2305,0.041912885087059204,0.06930716180926728,0.1437418853007749,0.7450380678028986,25,20,20
48,2306,0.041912885082373785,0.07933263651378432,0.12500586961382718,0.7537486087900149,25,20,20
48,2307,0.03003949258935314,0.07932921646665914,0.11327888241894528,0.7773524085250421,25,20,20
48,2308,0.03735130006688852,0.04033078903763356,0.15263110327151527,0.769686807623962,25,20,20
48,2309,0.037461992297861145,0.03949831574960776,0.1330504025023669,0.789989289450164,25,20,20
48,2310,0.06453542510970157,0.041138054814100794,0.09518139545248488,0.799145124623712,25,20,20
48,2311,0.04768846496312726,0.04112789293275064,0.11260577188199085,0.7985778702221316,25,20,20
48,2312,0.03984383185243399,0.0018505783132845399,0.15888628557705775,0.7994193042572237,25,20,20
48,2313,9.624927316392432e-05,0.0007194366632158803,0.20031174216118267,0.7988725719024373,25,20,20
48,2314,0.03605424600372275,2.237879846444459e-06,0.16183558656965932,0.8021079295467709,25,20,20
48,2315,0.03600399359467165,1.762019653267853e-05,0.1641011270402849,0.7998772591685086,25,20,20
48,2316,0.043653371437013366,1.7284769398963394e-05,0.1934858326070477,0.7628435111865386,25,20,20
48,2317,0.037917022491441854,4.2899717836434754e-05,0.19976785669966798,0.7622722210910515,25,20,20
48,2318,0.0085794250936043,2.3691403396308288e-05,0.20088688750732808,0.790509995995671,25,20,20
48,2319,0.013275815869129631,5.516826061181106e-05,0.2123581162994686,0.7743108995707899,25,20,20
48,2320,0.0001275308596583793,9.514419963856812e-06,0.21540932051145942,0.7844536342089183,25,20,20
48,2321,0.00012753037323930477,1.016113111654544e-05,0.20666129555964477,0.7932010129359999,25,20,20
48,2322,4.368625903409913e-06,1.3394768381022923e-05,0.24457335041998277,0.7554088861857313,25,20,20
48,2323,0.0019327786757163993,0.003002975305609697,0.2225569447790467,0.7725073012396263,25,20,20
48,2324,0.0019347125679590688,0.0010662480078365325,0.24062435976576052,0.7563746796584441,25,20,20
48,2325,4.305211191012808e-06,0.0010803763410596504,0.18581091670634384,0.8131044017414049,25,20,20
48,2326,0.0058190958470661905,3.707017571846866e-05,0.15523486455854305,0.838908969418672,25,20,20
48,2327,0.03143707349205072,5.104986765440234e-07,0.13596433720183984,0.8325980788074329,25,20,20
48,2328,0.0390543784415229,5.040762581640143e-07,0.13963385113581708,0.8213112663464011,25,20,20
48,2329,0.04277351007821777,1.3365139118019528e-05,0.11708746208373608,0.8401256626989272,25,20,20
48,2330,0.06883050100554514,1.7180230800300754e-06,0.10788480365704597,0.823282977314328,25,20,20
48,2331,0.040510792442759465,0.0019966151535500934,0.15854522947487346,0.7989473629288163,25,20,20
48,2332,0.06725371759381346,0.001995920982964316,0.15023427324099228,0.7805160881822287,25,20,20
48,2333,0.1096386179233257,0.0019960302027140562,0.10662459345540237,0.7817407584185575,25,20,20
48,2334,0.07165807074764731,8.224265287757087e-07,0.1550170345160253,0.7733240723097979,25,20,20
48,2335,0.06723329417443653,4.400688387690268e-05,0.1564962202513059,0.7762264786903805,25,20,20
48,2336,0.07586345853452708,4.7408939827170295e-05,0.16204405021597343,0.7620450823096718,25,20,20
48,2337,0.07555146611315795,8.775797593813878e-05,0.14135729154279195,0.783003484368112,25,20,20
48,2338,0.03586587921821226,4.825442672726071e-06,0.13025163327651154,0.8338776620626035,25,20,20
48,2339,0.004241720520057452,0.0006170949348226313,0.17373872108805066,0.8214024634570687,25,20,20
48,2340,7.8034387131516e-06,0.000616877162082367,0.179066382781081,0.8203089366181231,25,20,20
48,2341,0.00787594347305022,0.0006102329947193889,0.16512370690018727,0.8263901166320425,25,20,20
48,2342,0.0002158446537026927,2.3320954901317595e-05,0.18903279712234167,0.8107280372690536,25,20,20
48,2343,0.03254883351596237,7.878216832121548e-05,0.19349858661138505,0.773873797704331,25,20,20
48,2344,0.04561739147153066,4.565959302173155e-05,0.1707708954087109,0.7835660535267359,25,20,20
48,2345,0.04012230893516623,0.001236734453564557,0.15874566378594104,0.7998952928253279,25,20,20
48,2346,0.00705522994091475,5.549881810167198e-07,0.20313209027384002,0.789812124797064,25,20,20
48,2347,0.04704695440980486,2.191197363609551e-06,0.16946105972052516,0.7834897946723064,25,20,20
48,2348,0.047372461167107846,0.0023428480672401087,0.1879920938813032,0.762292596884349,25,20,20
48,2349,0.047975732091967316,2.794290793028436e-07,0.15345507775825476,0.7985689107206982,25,20,20
48,2350,0.032009979115961665,1.1580138955626961e-06,0.16888634975815292,0.7991025131119901,25,20,20
48,2351,0.031492502835168704,1.4329928124954046e-06,0.1833644184164976,0.7851416457555215,25,20,20
48,2352,0.031499548200388784,0.0002306546073324587,0.17570844894620172,0.7925613482460762,25,20,20
48,2353,0.0013861958041696137,3.790941409499017e-05,0.18154225029199333,0.8170336444897417,25,20,20
48,2354,0.023470396371079484,3.8959514871863464e-05,0.14917703193764395,0.8273136121764041,25,20,20
48,2355,0.034264952180669245,2.8934199058097147e-07,0.11501585639810517,0.8507189020792342,25,20,20
48,2356,0.03407082445042557,8.392979415669504e-07,0.13739207527603428,0.8285362609755981,25,20,20
48,2357,2.46501717762342e-06,8.373179582784119e-07,0.13163007761879564,0.8683666200460679,25,20,20
48,2358,1.7826275715307039e-06,6.814199466415379e-07,0.15591290432370783,0.8440846316287743,25,20,20
48,2359,0.0073038811213498025,5.767847236215596e-07,0.15222017179363717,0.8404753703002882,25,20,20
48,2360,0.03857824975445068,3.3997535399028464e-09,0.10275957230589458,0.8586621745399011,25,20,20
48,2361,0.03864820503225795,2.785651727785336e-09,0.07996534686705074,0.8813864453150393,25,20,20
48,2362,0.03864822010531592,7.840281805101415e-09,0.0829688154389824,0.8783829566154197,25,20,20
48,2363,0.03896157388760237,1.4192222204501355e-08,0.11951499748118971,0.8415234144389853,25,20,20
48,2364,0.038578250370940356,7.683779289764597e-12,0.11919455322713106,0.8422271963942444,25,20,20
48,2365,0.03892119853315451,7.119902468891875e-07,0.11857217316004326,0.8425059163165551,25,20,20
48,2366,0.01291849638055252,1.2640910995336791e-06,0.19271151647676366,0.7943687230515846,25,20,20
48,2367,0.012918403016043684,1.0089174206948176e-06,0.19203185932514658,0.7950487287413895,25,20,20
48,2368,0.01424075063502087,0.00022599831191944967,0.17865211829565097,0.8068811327574084,25,20,20
48,2369,0.012969279964109348,1.961064012650809e-05,0.15506387226582027,0.8319472371299436,25,20,20
48,2370,0.013219481658168912,1.9278994488625317e-08,0.12413000721597026,0.8626504918468655,25,20,20
48,2371,0.013101813358133992,8.248753550673551e-07,0.11550267660903853,0.8713946851574719,25,20,20
48,2372,0.0009208772160722444,0.008504713147524852,0.12666190564471347,0.863912503991689,25,20,20
48,2373,0.0025951196366235992,0.008504167345702269,0.10997330462870995,0.8789274083889638,25,20,20
48,2374,0.0012949859718872005,0.00852706699007362,0.11162272054118477,0.8785552264968541,25,20,20
48,2375,0.0003743789177757472,0.0009359887143986219,0.11977610706505311,0.8789135253027718,25,20,20
48,2376,0.0001954324629404609,2.7603515580856656e-07,0.12103218181694242,0.8787721096849614,25,20,20
48,2377,0.00021241225118861162,6.440095997353943e-07,0.1210302466862183,0.8787566970529936,25,20,20
48,2378,0.00019328879227461623,3.84578822315212e-05,0.13945315775819536,0.860315095567298,25,20,20
48,2379,0.013329795410603175,4.6533286080178185e-07,0.12651210154671455,0.8601576377098209,25,20,20
48,2380,0.00346339357556249,0.000747886866592831,0.14380452407836755,0.8519841954794763,25,20,20
48,2381,0.005966087982012956,0.0007358882006085403,0.132489208824527,0.8608088149928519,25,20,20
48,2382,0.005954011718564192,0.0007468644892937278,0.2035039554114954,0.7897951683806462,25,20,20
48,2383,0.03622201072670803,1.1732833414362701e-05,0.13340388185396512,0.8303623745859123,25,20,20
48,2384,0.03630917520825498,1.255703769079828e-06,0.13167993520362292,0.8320096338843527,25,20,20
48,2385,0.00010410498755688499,0.0008930479626480932,0.1779012380599651,0.8211016089898294,25,20,20
48,2386,1.0526509625281232e-05,0.0009721112008075552,0.16813930477476507,0.8308780575148015,25,20,20
48,2387,1.1930531927390443e-05,4.811550408045435e-05,0.16932992052158322,0.8306100334424079,25,20,20
48,2388,3.254276484088296e-06,4.9089477691811167e-05,0.22461825446785902,0.7753294017779647,25,20,20
48,2389,0.006107021815418494,1.6953225893907608e-06,0.15569346221331762,0.8381978206486744,25,20,20
48,2390,0.004062511424648655,6.0330632899732866e-05,0.17703641721915936,0.8188407407232918,25,20,20
48,2391,0.008040233670702602,0.0005104421120063221,0.15118430623547185,0.8402650179818187,25,20,20
48,2392,0.003981113855839211,0.0024142736707827533,0.14572599136894432,0.8478786211044329,25,20,20
48,2393,0.0001738367152968107,0.0004761702672430313,0.12110398374810673,0.878246009269352,25,20,20
48,2394,0.03831698435665287,1.0535262955207056e-08,0.09028946476502595,0.8713935403430577,25,20,20
48,2395,0.03831415690888214,4.1121430054852364e-09,0.1568102556496928,0.8048755833292816,25,20,20
48,2396,0.051059687622876666,4.9598877114485635e-09,0.15352009589069845,0.7954202115265369,25,20,20
48,2397,0.07580529499213257,7.116556859155629e-07,0.11305037183932796,0.8111436215128535,25,20,20
48,2398,0.03859453368295121,3.0730565899591854e-05,0.1794345690749703,0.7819401666761777,25,20,20
48,2399,0.08093849615358502,0.0007054249592961162,0.13769432498606585,0.7806617539010529,25,20,20
48,2400,0.08305234498555558,4.672448635929354e-08,0.1388137242934305,0.7781338839965263,25,20,20
48,2401,0.07835727630573737,1.0830088499627368e-05,0.16122925181064218,0.7604026417951201,25,20,20
48,2402,0.07835332854278482,1.0841628525398668e-05,0.17968360570957265,0.7419522241191153,25,20,20
48,2403,0.00015396931044081523,1.1462392445162035e-05,0.2667429953466397,0.7330915729504729,25,20,20
48,2404,3.812727584108617e-05,1.1767404661887558e-05,0.26611860799128667,0.7338314973282095,25,20,20
48,2405,3.8128560775207755e-05,0.0010766804391252904,0.2986177437822444,0.7002674472178545,25,20,20
48,2406,0.0006279863120314368,1.0713801084452236e-05,0.25807209326218755,0.7412892066246964,25,20,20
48,2407,0.004505853637175003,0.0012400530787899965,0.25186857605694507,0.7423855172270895,25,20,20
48,2408,0.00012367733846160517,0.039758452457840314,0.20370561117264807,0.7564122590310489,25,20,20
48,2409,0.00013245759440384645,0.03975845635746442,0.1972485883179618,0.7628604977301698,25,20,20
48,2410,9.019178204228419e-05,0.03976545961917493,0.170044307598094,0.7901000410006881,25,20,20
48,2411,9.057292368949895e-06,0.03979696144448774,0.160726170423493,0.7994678108396497,25,20,20
48,2412,0.0006814722649838216,0.039480758933386276,0.16044218970653407,0.7993955790950953,25,20,20
48,2413,9.719043459019956e-05,0.03948132865071342,0.1739192017903001,0.7865022791243956,25,20,20
48,2414,9.717656628247628e-05,0.034238473882446996,0.1669820885464047,0.7986822610048651,25,20,20
48,2415,1.1388904721672293e-07,0.04131385014020219,0.1604262486523612,0.7982597873183884,25,20,20
48,2416,0.038648665490842844,0.039716471225510606,0.1531828969216898,0.7684519663619561,25,20,20
48,2417,0.0486214642445305,0.03999975435117819,0.13122023225967167,0.7801585491446188,25,20,20
48,2418,0.06875261405262817,0.040003257656373775,0.09343323478491579,0.7978108935060818,25,20,20
48,2419,0.06413467099744126,0.03999995352329858,0.1337886948668864,0.7620766806123727,25,20,20
48,2420,0.0628948498075477,0.06415321360019305,0.1145525383389616,0.7583993982532964,25,20,20
48,2421,0.07751065056988696,0.08129520045625468,0.0822536773294286,0.7589404716444291,25,20,20
48,2422,0.007316301865013972,0.0810364235904367,0.17122545068080675,0.7404218238637421,25,20,20
48,2423,0.00030171358567085725,0.08112094908741296,0.17534713680515826,0.7432302005217576,25,20,20
48,2424,1.4326205895597785e-05,0.04979023471080527,0.1991833338748089,0.7510121052084898,25,20,20
48,2425,1.4364211274075995e-05,0.048743462309112785,0.23104657149298435,0.7201956019866277,25,20,20
48,2426,0.0002458305300633517,0.039999093367222224,0.24089859175795345,0.7188564843447593,25,20,20
48,2427,0.012219362020098722,0.040022514101344,0.18891225656846217,0.7588458673100945,25,20,20
48,2428,8.762719771066217e-05,0.04003018432020587,0.1608841288578158,0.7989980596242668,25,20,20
48,2429,1.7395515339875623e-05,0.03988897475723143,0.16080799039717097,0.7992856393302571,25,20,20
48,2430,6.776688503123022e-08,0.03988820621765815,0.16046033295069845,0.7996513930647577,25,20,20
48,2431,3.203723220255241e-05,0.04003555505085718,0.19907594090469927,0.7608564668122404,25,20,20
48,2432,3.204001035587154e-05,0.07357377701825098,0.1646723975731771,0.7617217853982158,25,20,20
48,2433,3.204011791797722e-05,0.07158229843178268,0.16896834443042139,0.7594173170198774,25,20,20
48,2434,1.049677463403205e-07,0.07083437126989542,0.18472297131241447,0.7444425524499431,25,20,20
48,2435,7.580658055002607e-05,0.07930339574926823,0.18502285569226606,0.7355979419779156,25,20,20
48,2436,1.5644987422010606e-07,0.08088910867260067,0.19492160709291467,0.7241891277846095,25,20,20
48,2437,0.013010632648062974,0.08088694061160755,0.189640191482369,0.7164622352579589,25,20,20
48,2438,0.03996948249152324,0.08106185486816114,0.146625293728369,0.7323433689119466,25,20,20
48,2439,0.0035948079233668524,0.05986470487907842,0.1853914828928378,0.7511490043047162,25,20,20
48,2440,0.0035954793773270853,0.059873682990438624,0.17676025423786804,0.7597705833943654,25,20,20
48,2441,0.009282436417028533,0.07947162022938173,0.1515922842504821,0.7596536591031078,25,20,20
48,2442,0.003128173660556687,0.04101471056557363,0.19692446258948365,0.7589326531843852,25,20,20
48,2443,6.281644783734363e-05,0.0400392610840478,0.23905390548125094,0.7208440169868635,25,20,20
48,2444,0.06708078272624497,0.039989487772499756,0.17093440914894614,0.7219953203523084,25,20,20
48,2445,0.07029330086407372,0.04274448767520161,0.16523566281785704,0.721726548642867,25,20,20
48,2446,0.08638010622054139,0.040092674343935736,0.16099950853716632,0.7125277108983562,25,20,20
48,2447,0.084298292019151,0.039364754057640436,0.1621233082640628,0.7142136456591444,25,20,20
48,2448,0.013413560934348048,0.03998170500042921,0.23457957556253067,0.7120251585026898,25,20,20
48,2449,0.0009680288002155151,0.03998218008753197,0.23983130720257187,0.7192184839096798,25,20,20
48,2450,0.040071704460747225,0.04252443009685037,0.197886292942649,0.7195175724997525,25,20,20
48,2451,0.00016562487406831663,0.0400079275565198,0.22969531948867686,0.7301311280807339,25,20,20
48,2452,0.0024728565635687275,0.0670252579768984,0.19081484667468357,0.7396870387848484,25,20,20
48,2453,0.04043344076442661,0.06610604750847766,0.1726920610139826,0.7207684507131124,25,20,20
48,2454,0.07537308938170371,0.07982007281682177,0.13251925172215848,0.7122875860793151,25,20,20
48,2455,0.03951243876311533,0.060297344142055,0.17659732981705709,0.7235928872777719,25,20,20
48,2456,0.039512757801027795,0.0799607412766179,0.15030010278469047,0.7302263981376632,25,20,20
48,2457,0.03950397621560879,0.0799607411590919,0.14958525388850596,0.7309500287367932,25,20,20
48,2458,0.00730801574436272,0.08001862286642825,0.20224124291044532,0.7104321184787625,25,20,20
48,2459,0.03488658421999193,0.059806512758993804,0.14567764969305483,0.7596292533279589,25,20,20
48,2460,0.00013088683038305985,0.03587459729770157,0.22103193311606364,0.7429625827558505,25,20,20
48,2461,0.00012938526124643647,0.0793635048338139,0.1339122160059858,0.7865948938989537,25,20,20
48,2462,5.342362275556978e-09,0.07936807468002029,0.19408084117232127,0.7265510788052958,25,20,20
48,2463,0.002419800706648977,0.07931186314407584,0.1667531466495752,0.7515151894996986,25,20,20
48,2464,0.0024197995300389496,0.079300310268097,0.14127034652894338,0.7770095436729203,25,20,20
48,2465,0.0006955185170625889,0.07976015240971845,0.09592538527905071,0.8236189437941677,25,20,20
48,2466,3.148509742130595e-07,0.07931752049131427,0.09813331843006187,0.8225488462276493,25,20,20
48,2467,3.148507069196237e-07,0.07931751720439403,0.09560536615310004,0.825076801791799,25,20,20
48,2468,7.518492653700281e-08,0.07931834003855044,0.09647349473370259,0.8242080900428203,25,20,20
48,2469,3.73007672792614e-08,0.039332516933861146,0.11289993491614818,0.8477675108492229,25,20,20
48,2470,7.649791654285228e-06,0.04097040355545183,0.10073760371576125,0.8582843429371322,25,20,20
48,2471,7.650124092343719e-06,0.04074907175300484,0.09439912542591213,0.8648441526969904,25,20,20
48,2472,0.0058237469969648304,0.03999868314442549,0.051432523208941434,0.9027450466496681,25,20,20
48,2473,3.743453865387538e-08,0.04000792341481061,0.051291429771942176,0.908700609378708,25,20,20
48,2474,3.74342114080128e-08,0.039999784138477025,0.04106645058717013,0.9189337278401412,25,20,20
48,2475,1.8951206054239942e-06,0.03933765170168837,0.04208920176251864,0.918571251415187,25,20,20
48,2476,0.03861784565912846,0.0393311933730279,0.011444662828925234,0.9106062981389182,25,20,20
48,2477,0.0386178456547473,0.03933119344036924,0.0029098198917312064,0.9191411410131524,25,20,20
48,2478,0.03861784565463642,0.03947965708682786,0.009370958313235492,0.9125315389453001,25,20,20
48,2479,0.03861784566024604,0.020314583753158956,0.028723986178906223,0.9123435844076888,25,20,20
48,2480,0.012501732152715876,9.063802989082261e-06,0.07786846276048383,0.9096207412838107,25,20,20
48,2481,0.03706208513075115,3.627497673785147e-05,0.04512115913052044,0.91778048076199,25,20,20
48,2482,0.037061907068002074,7.047801277421075e-07,0.04468002636803621,0.9182573617838332,25,20,20
48,2483,0.015382038147782209,1.6145840259980727e-05,0.06670907186373407,0.9178927441482232,25,20,20
48,2484,0.039922209098149544,6.1942623979423196e-09,0.07824402521295576,0.8818337594946322,25,20,20
48,2485,0.039923736491501424,1.5767733677924226e-08,0.08798444405123033,0.8720918036895337,25,20,20
48,2486,0.07984491176066698,3.0965802408603765e-09,0.08552270828110169,0.8346323768616503,25,20,20
48,2487,0.07984491176173672,1.1092311340954454e-10,0.08228054218519654,0.8378745459421428,25,20,20
48,2488,0.07987014167284047,5.8107711012484e-09,0.08950823061111288,0.8306216219052744,25,20,20
48,2489,0.04040017163693341,3.6730559112099666e-07,0.12101924693369939,0.8385802141237751,25,20,20
48,2490,0.0006421922800044059,3.703011816424973e-07,0.1607543160732618,0.8386031213455517,25,20,20
48,2491,0.000661428471269871,8.373260483064545e-05,0.21833685927284271,0.7809179796510555,25,20,20
48,2492,0.0010165737878633416,3.7564911841525804e-05,0.21977298490758274,0.7791728763927123,25,20,20
48,2493,0.03956810378532284,1.0875755969335032e-05,0.17840324620506923,0.7820177742536377,25,20,20
48,2494,0.03870826235530719,5.909748223831314e-05,0.16263306935756205,0.7985995708048919,25,20,20
48,2495,0.000895770161864036,1.2638525071089648e-05,0.19994488882957506,0.7991467024834893,25,20,20
48,2496,0.0015971751600801854,1.4330415116818344e-05,0.19783541764621515,0.8005530767785874,25,20,20
48,2497,0.0008742574770138485,1.2774421876255194e-05,0.16802609847083727,0.8310868696302716,25,20,20
48,2498,0.03616455052743998,4.718383487240564e-05,0.12484611351702063,0.8389421521206661,25,20,20
48,2499,0.03728735006468447,2.847683043347103e-05,0.08339830280770508,0.8792858702971758,25,20,20
48,2500,0.0637686205510633,3.8473663528629245e-08,0.05733559518897319,0.8788957457863,25,20,20
48,2501,0.049506174947426734,2.375578089119713e-08,0.09033760730609625,0.8601561939906958,25,20,20
48,2502,0.03795125770448495,4.992233036693509e-08,0.1014045916268918,0.8606441007462929,25,20,20
48,2503,0.05360187620990284,1.6849983882219123e-05,0.08615606377667337,0.8602252100295413,25,20,20
48,2504,0.07978642386596903,6.250733330746444e-09,0.05935730051124701,0.8608562693720505,25,20,20
48,2505,0.07978642386596946,6.194140199110172e-09,0.041243896080072666,0.8789696738598181,25,20,20
48,2506,0.045719964699005834,1.7052154313509716e-05,0.07531753535570788,0.8789454477909725,25,20,20
48,2507,0.03907940788663743,7.369996030413507e-07,0.09159713729213624,0.8693227178216226,25,20,20
48,2508,0.03909967722718739,1.2828518563228989e-08,0.10732319577207662,0.8535771141722168,25,20,20
48,2509,0.0391675474840483,2.0360469213857056e-07,0.08325670495336285,0.8775755439578958,25,20,20
48,2510,0.03916258167836897,2.0672799139180572e-07,0.08340679828119354,0.8774304133124456,25,20,20
48,2511,0.11890123156976042,2.449543764895386e-10,0.0024792944848752037,0.8786194737004096,25,20,20
48,2512,0.07898547358351739,3.58400220224968e-10,0.04185571726307049,0.8791588087950116,25,20,20
48,2513,0.07896954722727584,0.038341132438709645,0.027399616312136183,0.8552897040218781,25,20,20
48,2514,0.04567360297636546,0.03854711681031603,0.06071217360711837,0.8550671066062,25,20,20
48,2515,0.04296902222190746,0.040205622276448395,0.03770665467304866,0.8791187008285956,25,20,20
48,2516,0.045738308465972,0.03996076474126568,0.03552967581961934,0.8787712509731429,25,20,20
48,2517,0.04456197471618854,0.040004169183313884,0.03766220828413922,0.8777716478163581,25,20,20
48,2518,0.039997327162465776,4.8233373297433096e-05,0.0816082655667092,0.8783461738975267,25,20,20
48,2519,8.429527068110919e-05,0.002535098447773923,0.10453546397947872,0.8928451423020657,25,20,20
48,2520,0.005534059644169302,0.0025481140807242135,0.0911178819086189,0.900799944366487,25,20,20
48,2521,9.89478902132298e-05,0.03933883825530302,0.0492051130660103,0.9113571007884735,25,20,20
48,2522,9.647411102782578e-05,0.039339636680834324,0.12064604540056996,0.8399178438075678,25,20,20
48,2523,7.225020971841263e-08,0.0399990661677237,0.09110128771304607,0.8688995738690202,25,20,20
48,2524,2.771826645117347e-08,0.03999967820408199,0.05797213246205729,0.902028161615594,25,20,20
48,2525,2.859279895237436e-08,0.03931653390978869,0.04237588892291273,0.9183075485744994,25,20,20
48,2526,0.0003302268695770165,0.04082691793863424,0.0383416465513637,0.9205012086404247,25,20,20
48,2527,5.838232918013893e-12,0.0399887388265274,0.041252451707054424,0.9187588094605794,25,20,20
48,2528,6.878732592147642e-08,0.04002607393402664,0.07969421255457909,0.880279644724068,25,20,20
48,2529,1.6543314125760872e-09,0.03999120004037287,0.08959637638780839,0.8704124219174872,25,20,20
48,2530,6.50830933583386e-09,0.0399912021694535,0.1108442408392352,0.8491645504830017,25,20,20
48,2531,6.508214187467967e-09,0.03976718832919525,0.0958298699837547,0.8644029351788356,25,20,20
48,2532,9.558871828831079e-11,0.04168405067894721,0.07628599649493718,0.8820299527305265,25,20,20
48,2533,3.4252955513059164e-10,0.039989411899692705,0.09722415632741616,0.8627864314303609,25,20,20
48,2534,0.00032928833656876267,0.039646869079817654,0.11566049123073861,0.8443633513528745,25,20,20
48,2535,3.746620520624857e-08,0.03964686908217686,0.09718473487822696,0.8631683585733902,25,20,20
48,2536,3.7466106479939264e-08,0.039646867058829,0.08180509738594935,0.8785479980891148,25,20,20
48,2537,3.7466115649395405e-08,0.03979365744678711,0.08024611946768644,0.8799601856194101,25,20,20
48,2538,0.00011948338267655057,0.04193718826377554,0.07899775764407878,0.8789455707094689,25,20,20
48,2539,3.74456949621535e-08,0.04001169488242178,0.08106828923770905,0.8789199784341739,25,20,20
48,2540,3.7445706653020126e-08,0.0400116980841781,0.08265618187536702,0.8773320825947478,25,20,20
48,2541,6.13948150393382e-06,0.040060320059433094,0.1410232171121116,0.8189103233469512,25,20,20
48,2542,1.2894520669997291e-07,0.040051793370044456,0.1298595036589657,0.8300885740257826,25,20,20
48,2543,7.916664513738735e-05,0.039492638044353594,0.12148383318245229,0.8389443621280555,25,20,20
48,2544,0.013391494177396572,0.04000002749258782,0.10850204853520416,0.8381064297948114,25,20,20
48,2545,0.003612508855879178,0.0399996439142907,0.12558875538784905,0.8307990918419802,25,20,20
48,2546,0.00032917336016718426,0.039987870680287474,0.0891708929138149,0.87051206304573,25,20,20
48,2547,0.0004964075189456897,0.04000014252168335,0.0998452300446062,0.8596582199147643,25,20,20
48,2548,0.000496407513014115,0.04000013940076518,0.08933472733329216,0.8701687257529283,25,20,20
48,2549,0.0005687394580570223,0.03999541397436867,0.08854766872714391,0.8708881778404305,25,20,20
48,2550,0.0004975587973851884,1.3556557895626467e-05,0.13781642334744204,0.8616724612972768,25,20,20
48,2551,0.04000328879013995,4.873000371275345e-07,0.11282457210025364,0.8471716518095687,25,20,20
48,2552,0.048731351226991085,3.5511679591244193e-09,0.08713217345997258,0.8641364717618683,25,20,20
48,2553,0.010208430384770355,1.1538305450776917e-08,0.09420090483579688,0.8955906532411274,25,20,20
48,2554,0.012079160356743574,1.3735083536963627e-05,0.13743331462134534,0.8504737899383743,25,20,20
48,2555,0.03998217281689077,8.42471140987865e-07,0.10644693902880636,0.8535700456831615,25,20,20
48,2556,0.0401495550915216,8.568894762547505e-07,0.08192361264808815,0.8779259753709137,25,20,20
48,2557,0.03520265235451509,3.78048437416402e-05,0.09218605735353132,0.8725734854482121,25,20,20
48,2558,0.03947372064102532,3.667401310510558e-05,0.08168922137010924,0.8788003839757611,25,20,20
48,2559,6.127638741347348e-05,3.68823856364721e-05,0.13016122480398576,0.869740616422964,25,20,20
48,2560,5.744151994616733e-05,1.744785582699666e-07,0.12129071374379942,0.8786516702576961,25,20,20
48,2561,5.744031384176009e-05,0.0010484859313008347,0.14257499094204645,0.8563190828128103,25,20,20
48,2562,1.2159893748975113e-08,3.778065880994208e-05,0.13973097177613317,0.860231235405163,25,20,20
48,2563,1.2101518881636325e-09,3.904712414749269e-05,0.12339067520929381,0.8765702764564064,25,20,20
48,2564,1.7766397438833173e-09,4.39104692947961e-05,0.11874519297168754,0.8812108947823778,25,20,20
48,2565,1.79296514172438e-09,4.391311303308372e-05,0.14593348981811077,0.854022595275891,25,20,20
48,2566,6.912455336161432e-08,5.814583061387067e-06,0.14260064299814637,0.8573934732942383,25,20,20
48,2567,5.855842244284093e-06,4.354495882440639e-05,0.15154826571734012,0.8484023334815906,25,20,20
48,2568,5.8558276406265285e-06,0.0007544462238608627,0.14349474953779123,0.8557449484107067,25,20,20
48,2569,1.3432788041627168e-06,0.0007626165107096235,0.13677449238077918,0.8624615478297061,25,20,20
48,2570,1.3432608959826146e-06,0.024718871146156625,0.11339215658808861,0.8618876290048579,25,20,20
48,2571,1.3435551452247546e-06,0.030683486085894694,0.09937375558844005,0.8699414147705196,25,20,20
48,2572,0.0021284306460996397,0.06911653262639227,0.12963401459943827,0.799121022128069,25,20,20
48,2573,0.0021284303372450016,0.07914075634475107,0.11751793662552769,0.8012128766924753,25,20,20
48,2574,0.013389040279919337,0.07997037836555129,0.10554058937968015,0.8010999919748488,25,20,20
48,2575,0.013389040273854989,0.07931802130554125,0.11792102434760636,0.7893719140729968,25,20,20
48,2576,0.01304784804544548,0.07948024744548224,0.12728513370481512,0.7801867708042565,25,20,20
48,2577,0.05154900503652968,0.07948023921960817,0.08093879233180618,0.7880319634120555,25,20,20
48,2578,0.03642942222688302,0.0794648929262255,0.12509959736089735,0.7590060874859939,25,20,20
48,2579,0.04228078806830595,0.07998405320583088,0.12591528944622815,0.751819869279635,25,20,20
48,2580,0.04575488501947527,0.07980637199404994,0.07432266635790909,0.8001160766285654,25,20,20
48,2581,0.03990081242973691,0.052446756391203275,0.1074968637956755,0.800155567383384,25,20,20
48,2582,1.1896940849050826e-05,0.07123847739386825,0.1283640403361581,0.8003855853291238,25,20,20
48,2583,0.03675262005015838,0.07123841518938892,0.0717625790167229,0.8202463857437293,25,20,20
48,2584,0.005900699250226678,0.07946983216307504,0.07680334710804049,0.8378261214786575,25,20,20
48,2585,0.005900642193036792,0.07980651839593621,0.07570217100526339,0.8385906684057634,25,20,20
48,2586,0.0059092758430839,0.08001426130896196,0.08390184844157911,0.8301746144063742,25,20,20
48,2587,0.00590942046381996,0.07997844817885263,0.08421950095197862,0.8298926304053482,25,20,20
48,2588,0.00032511357594368546,0.07996959283168208,0.09920479417601864,0.820500499416355,25,20,20
48,2589,0.00020257737092206404,0.07996958121050216,0.11612502648278018,0.803702814935795,25,20,20
48,2590,0.00020257703854120087,0.0799786585724016,0.14244174178204394,0.7773770226070124,25,20,20
48,2591,0.00020252865555424562,0.07945844494475261,0.10855214640791833,0.8117868799917741,25,20,20
48,2592,8.7990369252472e-06,0.07928892547888762,0.08177802482544974,0.8389242506587371,25,20,20
48,2593,8.732649937706844e-06,0.07916199821568695,0.11993680634425688,0.8008924627901182,25,20,20
48,2594,8.732651289342536e-06,0.07984697039791257,0.12123211444548093,0.7989121825053169,25,20,20
48,2595,0.00025307653215573986,0.0815051860844642,0.11828515962841041,0.7999565777549692,25,20,20
48,2596,0.0026903816565341365,0.08151426394868705,0.11733042330187579,0.7984649310929028,25,20,20
48,2597,0.0043997755132398515,0.07993263802339917,0.07691385691862485,0.8387537295447359,25,20,20
48,2598,0.0016824848178902856,0.07993263813864704,0.08006327581621216,0.8383216012272503,25,20,20
48,2599,0.03599998720698206,0.07991204513626946,0.04485891298514919,0.8392290546715988,25,20,20
48,2600,0.0006585945442914987,0.08020932500053729,0.07706231905438235,0.8420697614007888,25,20,20
48,2601,0.010326697607145078,0.07880882088653035,0.07042215939701185,0.8404423221093122,25,20,20
48,2602,0.036701517984512905,0.07880930253917659,0.044744890390730666,0.8397442890855794,25,20,20
48,2603,0.05263199178084596,0.07932069860866506,0.06801611864250869,0.8000311909679805,25,20,20
48,2604,0.052631991782665644,0.0799916141107614,0.10467090071580053,0.7627054933907716,25,20,20
48,2605,0.07782058201012218,0.07972438162037626,0.08977888207694745,0.7526761542925534,25,20,20
48,2606,0.07749989377225507,0.07973464105799793,0.10039844982772812,0.7423670153420185,25,20,20
48,2607,0.05260878020962388,0.07973464058832117,0.10858267524723121,0.7590739039548233,25,20,20
48,2608,0.03136446896301656,0.042422773904821895,0.16707827424263932,0.7591344828895217,25,20,20
48,2609,0.006035013220038125,0.02529542522547785,0.2560931765669008,0.7125763849875826,25,20,20
48,2610,0.006037383844037015,0.02538271175814578,0.24602934241650384,0.7225505619813127,25,20,20
48,2611,1.128733494869351e-07,0.022892560306721498,0.2703403572701588,0.7067669695497694,25,20,20
48,2612,1.056663856538691e-07,0.04003537422500597,0.2355420423937889,0.7244224777148189,25,20,20
48,2613,4.0395133460792733e-07,0.04004823841978198,0.247326172270209,0.7126251853586731,25,20,20
48,2614,0.032003206903166964,0.040191671219893116,0.20657721270672874,0.7212279091702097,25,20,20
48,2615,0.029154124016080418,0.0789902186201528,0.17171781964632576,0.7201378377174403,25,20,20
48,2616,0.040434569858665254,0.07886063633064476,0.17640346923269123,0.7043013245779991,25,20,20
48,2617,0.006265610292897732,0.07836977095127842,0.20440724013772527,0.7109573786180969,25,20,20
48,2618,0.003465576758320427,0.0783327600522719,0.2058081402689359,0.7123935229204704,25,20,20
48,2619,0.0032854633511027248,0.07830043583550096,0.1822578368087539,0.7361562640046412,25,20,20
48,2620,0.002478879434887014,0.11136353153638995,0.19362550029401182,0.6925320887347106,25,20,20
48,2621,9.2733252862737e-05,0.08002820110211743,0.20997261975566225,0.7099064458893561,25,20,20
48,2622,0.00017542911924913883,0.0404596271418559,0.2194585727912096,0.7399063709476834,25,20,20
48,2623,0.0002736913331173992,0.040318802544341545,0.21676244621138324,0.7426450599111569,25,20,20
48,2624,0.0002701540196337128,0.039813099705384165,0.21736035035335127,0.7425563959216299,25,20,20
48,2625,0.0004182957171445633,0.04018984161753543,0.23893073799960227,0.7204611246657171,25,20,20
48,2626,0.006752372273116313,0.04115663886045141,0.23247417943849324,0.7196168094279385,25,20,20
48,2627,0.0045443208285997445,0.020323197978090048,0.2625303510773157,0.7126021301159939,25,20,20
48,2628,0.004449143433312056,0.033419658880120655,0.22015957503814032,0.7419716226484261,25,20,20
48,2629,0.03740766759517433,0.014153555451946995,0.20497030384414067,0.7434684731087376,25,20,20
48,2630,0.07688572956569868,0.01865109054756443,0.20238720653168646,0.70207597335505,25,20,20
48,2631,0.04434144088986936,0.02389098432852532,0.22121856393604722,0.7105490108455571,25,20,20
48,2632,0.04367296947843247,0.02306600211577705,0.2318124665159853,0.701448561889803,25,20,20
48,2633,0.03173153140829258,0.04004279613109825,0.25442893547979456,0.6737967369808139,25,20,20
48,2634,0.03173154711283686,0.04022037667469871,0.22657271142485672,0.7014753647876067,25,20,20
48,2635,0.022169102679154017,0.040035567608657126,0.1815980353475015,0.7561972943646871,25,20,20
48,2636,0.0053563013575914035,0.03950371448221265,0.15062002136278138,0.8045199627974141,25,20,20
48,2637,0.005688038491430157,0.039467943657501274,0.09645822378465335,0.8583857940664142,25,20,20
48,2638,0.0005335707273393963,0.041801622095052525,0.09828117993648398,0.8593836272411235,25,20,20
48,2639,0.0003506847448525817,0.019990397566260643,0.16812892446860903,0.8115299932202776,25,20,20
48,2640,0.013054671473780421,0.0011203795981211736,0.1556143311945015,0.8302106177335965,25,20,20
48,2641,0.00010374429722975834,0.001120482006371103,0.19944173944119886,0.7993340342551999,25,20,20
48,2642,0.010352568129864077,6.640660138592874e-05,0.1899372654396859,0.7996437598290638,25,20,20
48,2643,0.010353942353577138,5.008763403899494e-05,0.20117011272914195,0.7884258572832411,25,20,20
48,2644,0.005748350580084673,0.02286999466588441,0.22624551892688263,0.7451361358271478,25,20,20
48,2645,0.0005226991767232517,0.02282485321508403,0.22360931207023035,0.7530431355379618,25,20,20
48,2646,0.0002999476356600146,5.93588980463654e-05,0.22654410838890626,0.7730965850773868,25,20,20
48,2647,0.00013498640933951394,1.0236694766640125e-05,0.16098209449393475,0.8388726824019592,25,20,20
48,2648,0.0399395567469771,9.455250774345215e-06,0.12024392352817515,0.8398070644740732,25,20,20
48,2649,0.03647707512215677,3.4838543749404377e-05,0.12407897587020081,0.8394091104638925,25,20,20
48,2650,0.036274072757793714,6.39444145564513e-07,0.12252969806797986,0.8411955897300804,25,20,20
48,2651,0.005510140174557948,0.020310963565428556,0.18224352414225772,0.7919353721177553,25,20,20
48,2652,0.0032620720383784605,0.024131970655026445,0.15013671482851523,0.8224692424780795,25,20,20
48,2653,0.03709936876647935,0.024132025157282015,0.10010570060942817,0.8386629054668103,25,20,20
48,2654,0.0701488689936859,0.03999081543220007,0.06702877706035934,0.8228315385137545,25,20,20
48,2655,0.07614984405024582,0.03975738459048905,0.058001259649788334,0.8260915117094766,25,20,20
48,2656,0.0761498432601673,0.039757384542830704,0.041851333041083724,0.842241439155918,25,20,20
48,2657,0.0761537519956048,7.5307429325369774e-06,0.10129323019477617,0.8225454870666862,25,20,20
48,2658,0.03609566719383952,3.9004839152818076e-05,0.1323257195414518,0.8315396084255552,25,20,20
48,2659,0.00013097264477256296,3.874891869213008e-05,0.1846794321168863,0.8151508463196484,25,20,20
48,2660,0.00034594468002227514,3.830722822506544e-05,0.2054164242471727,0.7941993238445797,25,20,20
48,2661,1.1061212360858102e-05,3.8316831244410154e-05,0.19647055221375306,0.8034800697426412,25,20,20
48,2662,5.295888985591382e-06,0.0005059713380157416,0.2415818653464172,0.7579068674265811,25,20,20
48,2663,4.295985644117474e-06,3.831365755119252e-05,0.19865122627482917,0.8013061640819753,25,20,20
48,2664,6.32686383426494e-06,3.8476362636357116e-05,0.158163147143998,0.8417920496295301,25,20,20
48,2665,0.004504594106284488,4.321378431457681e-05,0.1706242602090491,0.8248279319003506,25,20,20
48,2666,0.047480684860681376,1.9883089421592746e-05,0.12144986637493015,0.8310495656749665,25,20,20
48,2667,0.06575710699561524,1.987871197265636e-05,0.09418301924286246,0.8400399950495492,25,20,20
48,2668,0.034977311624606926,0.0010495580321919855,0.14708067415254072,0.8168924561906595,25,20,20
48,2669,7.265537410249349e-06,4.2419683666464077e-07,0.18199743624545686,0.8179948740202958,25,20,20
48,2670,3.303207454907626e-06,3.652970791682366e-07,0.1728286473777742,0.8271676841176917,25,20,20
48,2671,0.00034118647667869624,1.1436327025178723e-08,0.16891783997650855,0.830740962110485,25,20,20
48,2672,0.037306578758677156,0.0020171094323072243,0.13024535024252498,0.8304309615664899,25,20,20
48,2673,0.03730651244871611,0.002017751569149507,0.12342963667555874,0.8372460993065751,25,20,20
48,2674,0.0004960649428709024,0.029887223211858126,0.14001786960882565,0.8295988422364451,25,20,20
48,2675,0.03989514371907602,0.02988622287057861,0.05246558789100303,0.8777530455193421,25,20,20
48,2676,0.002970230406467862,0.02991295632841899,0.14342601552265763,0.8236907977424557,25,20,20
48,2677,0.00019387439330365066,0.039494846245736764,0.1473891403380206,0.8129221390229386,25,20,20
48,2678,9.50583356159393e-06,0.03952766896287014,0.13809608899575415,0.8223667362078138,25,20,20
48,2679,3.5740328058139833e-06,0.042656060151683724,0.15257811107184854,0.8047622547436614,25,20,20
48,2680,3.6387449233902078e-06,0.042656060214609666,0.1537363449820477,0.8036039560584186,25,20,20
48,2681,7.425615735243751e-06,0.02999822636458146,0.1732617004501058,0.7967326475695771,25,20,20
48,2682,3.0613529234153507e-06,0.04072424223048101,0.16226599633576733,0.7970067000808271,25,20,20
48,2683,2.9868785882859596e-06,0.1100650905981967,0.08949918313501874,0.8004327393881953,25,20,20
48,2684,0.0001704488468973086,0.09955691207957905,0.0989106992607336,0.8013619398127894,25,20,20
48,2685,0.00017044884689213058,0.09977306928057322,0.10491643680323325,0.795140045069301,25,20,20
48,2686,5.5442109363768867e-08,0.09912548244691285,0.10137894893489596,0.7994955131760811,25,20,20
48,2687,1.612852295111889e-06,0.08986876421120556,0.11834024114062638,0.7917893817958724,25,20,20
48,2688,0.04539692635068966,0.04000062083808265,0.11044021785857419,0.8041622349526533,25,20,20
48,2689,1.5131281761410762e-06,0.020319136680810784,0.15352623540997828,0.8261531147810337,25,20,20
48,2690,8.259546367330056e-05,4.1043457850110154e-05,0.18243596296130363,0.8174403981171718,25,20,20
48,2691,7.979829260451908e-06,0.02523490791658136,0.1752032235918765,0.7995538886622807,25,20,20
48,2692,0.007271973777871608,0.07981587536868485,0.14646233101551537,0.7664498198379279,25,20,20
48,2693,0.007270780701000503,0.0798549878544873,0.12316755117370919,0.7897066802708029,25,20,20
48,2694,0.012538043086867068,0.07985653097323206,0.11923615596094192,0.7883692699789587,25,20,20
48,2695,1.575044110240341e-05,0.08160595381870764,0.13007409851852003,0.7883041972216697,25,20,20
48,2696,1.0267760761587419e-05,0.0818074919427096,0.12871319303171583,0.7894690472648124,25,20,20
48,2697,0.005633364020143694,0.08147550483770688,0.12289010793250982,0.790001023209639,25,20,20
48,2698,7.576280472603127e-05,0.05981160118725227,0.1419072949863065,0.7982053410217148,25,20,20
48,2699,1.2938296058781067e-07,0.05988063262992616,0.1195716365548842,0.8205476014322288,25,20,20
48,2700,1.3017704252755227e-07,0.06959436390280223,0.10986510228590692,0.8205404036342481,25,20,20
48,2701,7.729888795426858e-07,0.06995881610570645,0.09278888629521263,0.8372515246102016,25,20,20
48,2702,1.0803858341609624e-05,0.07932354489363004,0.08231352871893778,0.83835212252909,25,20,20
48,2703,6.424104270243876e-08,0.12002538359168004,0.04142155623314677,0.8385529959341299,25,20,20
48,2704,9.854677564142382e-09,0.11894929910969367,0.04218082495616352,0.8388698660794646,25,20,20
48,2705,1.0166234749249884e-08,0.11929803922435558,0.06303274141789729,0.8176692091915118,25,20,20
48,2706,1.6070484293351128e-06,0.11979706653030206,0.05114552374098175,0.8290558026802863,25,20,20
48,2707,1.6070647224281836e-06,0.11946735224013917,0.06279313142785692,0.817737909267281,25,20,20
48,2708,1.6070651092316815e-06,0.11931884431626365,0.06251930737721165,0.8181602412414152,25,20,20
48,2709,5.546351501238179e-08,0.11947187685868427,0.09439237759770432,0.7861356900800957,25,20,20
48,2710,5.549647295262247e-08,0.11996525971132949,0.10116272991829568,0.7788719548739016,25,20,20
48,2711,9.178458834387784e-08,0.10175117798092571,0.09934249827759294,0.7989062319568926,25,20,20
48,2712,9.176889248058148e-08,0.10175117822762468,0.14396282065369412,0.7542859093497881,25,20,20
48,2713,9.011381296563584e-08,0.11756843877814832,0.1725263218340854,0.709905149273953,25,20,20
48,2714,3.192486799858601e-06,0.11759704528555943,0.14591622719579453,0.7364835350318458,25,20,20
48,2715,3.192542397770158e-06,0.09924414543703829,0.1413989120464393,0.759353749974124,25,20,20
48,2716,3.5046662335795246e-06,0.10071280971861862,0.2061281040582636,0.6931555815568834,25,20,20
48,2717,4.987160522212115e-08,0.10762917516539332,0.21069706878194602,0.6816737061810549,25,20,20
48,2718,0.003158376710622176,0.0855704723348456,0.23758470110819968,0.6736864498463321,25,20,20
48,2719,3.8637245989724205e-06,0.10227312944625105,0.22657553139890332,0.6711474754302462,25,20,20
48,2720,0.03866721283335792,0.10165597907268899,0.21754732903238203,0.6421294790615703,25,20,20
48,2721,0.03986767863216623,0.15997223597087637,0.15739220791879757,0.6427678774781591,25,20,20
48,2722,0.10741590112512632,0.15877771766935508,0.09105106235527285,0.6427553188502452,25,20,20
48,2723,0.08593319636213458,0.08256885080152251,0.2289250876407052,0.6025728651956375,25,20,20
48,2724,0.07302853910529622,0.08291524520013917,0.24164132765118201,0.6024148880433822,25,20,20
48,2725,0.06815170185560217,0.0811212467767214,0.24876085293858977,0.6019661984290862,25,20,20
48,2726,0.06886386075577046,0.07946860258696374,0.22512947667629343,0.626538059980971,25,20,20
48,2727,0.0690372540882397,0.08187789192085307,0.24959928053258448,0.5994855734583209,25,20,20
48,2728,0.04885455220117609,0.09188770024085884,0.2840330485447605,0.5752246990132036,25,20,20
48,2729,0.04653169071000965,0.08594220350896611,0.29494974885029696,0.5725763569307258,25,20,20
48,2730,0.03834426821689295,0.1243526371759957,0.2972232343724657,0.5400798602346443,25,20,20
48,2731,0.011038173061323535,0.13495386201320908,0.32205108716423714,0.5319568777612295,25,20,20
48,2732,0.004347721082622578,0.16040193904920996,0.35079089765495053,0.4844594422132144,25,20,20
48,2733,0.02663467929145784,0.16167528654210217,0.25017731625194783,0.5615127179144915,25,20,20
48,2734,0.003309692539885685,0.16047925702879784,0.2745163682516934,0.5616946821796222,25,20,20
48,2735,0.014208280216447506,0.1431831634357087,0.25886538459983083,0.5837431717480112,25,20,20
48,2736,0.014756156433880303,0.12205163739210761,0.28201565303550136,0.5811765531385107,25,20,20
48,2737,0.011419141676304645,0.12257593754341746,0.30339887891740475,0.5626060418628716,25,20,20
48,2738,0.018793183292529488,0.1137488913164988,0.3072359853642095,0.5602219400267621,25,20,20
48,2739,0.009558432540148484,0.12078066980725577,0.317508040248673,0.5521528574039207,25,20,20
48,2740,0.011461108380187308,0.08093607860765462,0.355621768664099,0.5519810443480583,25,20,20
48,2741,0.05731084469422309,0.08241889867382014,0.3147646462556486,0.5455056103763072,25,20,20
48,2742,0.1452111760691424,0.08296655509688146,0.23515448670011416,0.5366677821338609,25,20,20
48,2743,0.12927512748461292,0.0831233986051832,0.2349198375463631,0.55268163636384,25,20,20
48,2744,0.10903252755761214,0.07887033291058339,0.2598730368619577,0.552224102669845,25,20,20
48,2745,0.07937558926110481,0.11882323247073096,0.24304550690375012,0.5587556713644137,25,20,20
48,2746,0.0809542514179199,0.11881696199819179,0.2569634734578538,0.5432653131260338,25,20,20
48,2747,0.04766986852246405,0.12031052871652312,0.28740947354163326,0.5446101292193778,25,20,20
48,2748,0.040279795198142565,0.159534605256926,0.27667969908232565,0.523505900462605,25,20,20
48,2749,0.06993326859863358,0.1417182710229707,0.2658058423988112,0.5225426179795839,25,20,20
48,2750,0.06990321018553278,0.15376450594636926,0.2564945421479865,0.5198377417201093,25,20,20
48,2751,0.07689974632903757,0.15135726810199457,0.25252778145416394,0.5192152041148026,25,20,20
48,2752,0.040521516786276496,0.11162388394104061,0.32671858547681454,0.5211360137958674,25,20,20
48,2753,0.039937371861658216,0.11242483940104936,0.33729622671845233,0.5103415620188387,25,20,20
48,2754,0.0734559136669556,0.12043948192170481,0.33493406270853343,0.471170541702805,25,20,20
48,2755,0.019411373042132366,0.1200614318035265,0.38138561070942656,0.4791415844449127,25,20,20
48,2756,0.06990658530627879,0.10733624842206063,0.34259058289413324,0.48016658337752643,25,20,20
48,2757,0.10398712930725706,0.08081189649495987,0.3345548896461504,0.48064608455163055,25,20,20
48,2758,0.12068457592616458,0.08411165970202657,0.3176607844064952,0.47754297996531264,25,20,20
48,2759,0.053851474139669925,0.048715204158435894,0.37478709833225365,0.5226462233696383,25,20,20
48,2760,0.05553710502261023,0.0404064029512352,0.35312478162837146,0.5509317103977805,25,20,20
48,2761,0.010966332216473846,0.000775510479502547,0.4292932822298204,0.558964875074202,25,20,20
48,2762,0.002940797043127177,0.00017403092014956872,0.43792576332382693,0.5589594087128946,25,20,20
48,2763,0.09516948659134451,3.945440276187454e-05,0.34469103787400385,0.5601000211318887,25,20,20
48,2764,0.1017036439020573,3.9789848465867594e-05,0.3129234586824268,0.5853331075670503,25,20,20
48,2765,0.05424068070552014,4.008361263503862e-05,0.3428739033372804,0.6028453323445643,25,20,20
48,2766,0.051387309162495315,0.02415245391920492,0.3407102111666569,0.5837500257516407,25,20,20
48,2767,0.07594154868688109,0.04028124665229042,0.29338665713645956,0.5903905475243679,25,20,20
48,2768,0.06002936015401035,0.041608730721626436,0.30704875253086933,0.5913131565934929,25,20,20
48,2769,0.06033119142380708,0.039502541818398934,0.31727430294753356,0.5828919638102594,25,20,20
48,2770,0.11511376070819618,0.04004236453454545,0.26304324582652333,0.5818006289307343,25,20,20
48,2771,0.061874655246269915,0.03999178698109752,0.298262316253317,0.5998712415193147,25,20,20
48,2772,0.05528058176873145,0.03999183393537804,0.30466211681870425,0.6000654674771847,25,20,20
48,2773,0.0951028251801768,0.040913406071328984,0.26426806696612337,0.5997157017823705,25,20,20
48,2774,0.015974488371391805,0.04070145211598224,0.35017624153376015,0.5931478179788647,25,20,20
48,2775,0.0384979553286502,0.04237195632165019,0.2803044572598394,0.6388256310898588,25,20,20
48,2776,0.041820662569621414,0.07962632376408643,0.23669862983783083,0.641854383828461,25,20,20
48,2777,0.0798237164779136,0.07947971174266867,0.1977867030666015,0.6429098687128149,25,20,20
48,2778,0.07575332063874882,0.07925051224371031,0.20502115103563956,0.6399750160819,25,20,20
48,2779,0.07556038317439079,0.07925080379369448,0.20463521753734068,0.6405535954945737,25,20,20
48,2780,0.08265381482985658,0.07881079170403703,0.20496617178924084,0.6335692216768662,25,20,20
48,2781,0.10533835183259317,0.07933436481007043,0.1775832610595954,0.6377440222977407,25,20,20
48,2782,0.110693784748772,0.07980031488601258,0.17280744601769002,0.6366984543475245,25,20,20
48,2783,0.166172523655292,0.07979115793127732,0.11005373035445204,0.6439825880589776,25,20,20
48,2784,0.15942244729759258,0.07979762919255784,0.08081035988772743,0.6799695636221217,25,20,20
48,2785,0.07920166353866329,0.07947037093871095,0.16182279277942416,0.6795051727432011,25,20,20
48,2786,0.040832661938380185,0.0795757227618779,0.2007086084725059,0.6788830068272351,25,20,20
48,2787,0.008465075844589127,0.04015461505289669,0.2707694019712373,0.6806109071312748,25,20,20
48,2788,0.03272590653368873,0.0233346615875452,0.2716243358770909,0.6723150960016728,25,20,20
48,2789,0.02488844402090221,0.0022864947475574084,0.2933239954348135,0.6795010657967266,25,20,20
48,2790,0.005421433668093753,0.0004970283775780839,0.31576044564499023,0.6783210923093371,25,20,20
48,2791,0.012944397845301023,0.0005573100844240684,0.3165153832957861,0.6699829087744891,25,20,20
48,2792,0.04903091896956374,0.0010881053095768724,0.279218737280053,0.6706622384408065,25,20,20
48,2793,0.08635092804040534,0.0010581140017263805,0.2419763182771351,0.6706146396807333,25,20,20
48,2794,0.10100307819561591,0.0010499803130820961,0.23698135426877948,0.6609655872225215,25,20,20
48,2795,0.05851133077629059,0.0007251741483007651,0.33732958080165887,0.6034339142737492,25,20,20
48,2796,0.07911843802638659,0.0007008704566481892,0.317152614499335,0.6030280770176293,25,20,20
48,2797,0.12197426293567602,0.0014118274283271678,0.2693844026029835,0.6072295070330127,25,20,20
48,2798,0.11105449687947305,0.0008982499230631,0.2625294887088472,0.6255177644886161,25,20,20
48,2799,0.10841531508190387,0.0007006611602559548,0.26393377646463356,0.626950247293206,25,20,20
48,2800,0.11103369155496318,0.0006921008838015329,0.24514163587377397,0.6431325716874601,25,20,20
48,2801,0.07545166081177532,0.0006884262932628811,0.2896743756987783,0.6341855371961808,25,20,20
48,2802,0.006306358169342738,0.0007639067308252856,0.350610388029685,0.6423193470701442,25,20,20
48,2803,0.0018015547919706574,0.0006945805267208133,0.3579399426611154,0.6395639220201916,25,20,20
48,2804,0.010680186512479116,0.0010559003908441823,0.39949582815745677,0.588768084939219,25,20,20
48,2805,0.009387588240870244,2.086715179637226e-05,0.413382757923085,0.5772087866842477,25,20,20
48,2806,0.016587070643452592,2.106539811333782e-05,0.39693884176970345,0.5864530221887302,25,20,20
48,2807,0.000408715286045783,0.021012724001211923,0.4146247069197779,0.5639538537929619,25,20,20
48,2808,0.007527897014000517,0.0008051339306602132,0.4277300837674084,0.5639368852879294,25,20,20
48,2809,0.03624765495622001,7.328296992155394e-05,0.43835981093884213,0.5253192511350129,25,20,20
48,2810,0.0004926477650316867,0.001326092343701564,0.4342907135825533,0.5638905463087134,25,20,20
48,2811,0.05524004625373264,0.0016252713528046414,0.34123329624104914,0.6019013861524131,25,20,20
48,2812,0.030356537573468477,0.001346735995138805,0.3733251166558641,0.5949716097755273,25,20,20
48,2813,0.03888570312058265,6.980404464870435e-05,0.33527174478954413,0.6257727480452236,25,20,20
48,2814,0.04273692349483012,0.0003857687294487308,0.2570346041649678,0.6998427036107527,25,20,20
48,2815,0.075161983661267,3.75503738097343e-05,0.206078717284098,0.7187217486808244,25,20,20
48,2816,0.07511076751169196,3.7535116909927755e-05,0.24223919800447416,0.6826124993669224,25,20,20
48,2817,0.026824471514265338,1.4982772325689122e-05,0.2604426122197043,0.7127179334937046,25,20,20
48,2818,0.010730927583318207,1.5080352018110419e-05,0.27349812520515193,0.7157558668595118,25,20,20
48,2819,0.01601327257647471,5.847108883270952e-07,0.25937840168441384,0.7246077410282226,25,20,20
48,2820,0.040269579164346966,1.1241791147038276e-06,0.23183067529864096,0.7278986213578967,25,20,20
48,2821,0.037326977200922845,0.025971989274846664,0.2155361115870402,0.7211649219371897,25,20,20
48,2822,0.06103626666283917,0.02034003099992975,0.23722322906024432,0.6814004732769865,25,20,20
48,2823,0.03992578655801074,0.029992056713091728,0.23708470171081708,0.6929974550180809,25,20,20
48,2824,0.00017315628256665914,0.0626304864337989,0.25550253602287937,0.6816938212607546,25,20,20
48,2825,9.392153718897485e-06,0.07182877957724174,0.22395806833588522,0.704203759933154,25,20,20
48,2826,0.019069657733055852,0.039886948948421576,0.22241062738357203,0.7186327659349498,25,20,20
48,2827,0.006240199540779867,0.03981891087801208,0.2341074878090435,0.719833401772164,25,20,20
48,2828,0.03925066796484724,0.04005131668061026,0.22030333196856694,0.700394683385975,25,20,20
48,2829,0.01964939270716645,0.03982717777217741,0.20731262080837443,0.7332108087122813,25,20,20
48,2830,0.0031888048516509455,0.039988088110582076,0.20640715013130315,0.7504159569064629,25,20,20
48,2831,1.5347052114848184e-05,0.03998829208755803,0.21016317172234408,0.7498331891379827,25,20,20
48,2832,0.03730479952545181,0.03932818530336943,0.1725770794210495,0.7507899357501286,25,20,20
48,2833,0.039772006642514575,0.039468511989207755,0.1730474422405809,0.7477120391276963,25,20,20
48,2834,0.0003425617310434968,0.04001862555310853,0.18508965337028183,0.7745491593455657,25,20,20
48,2835,0.015009178119429785,0.04000038248084877,0.17897241744568093,0.7660180219540399,25,20,20
48,2836,0.015100001441349107,0.039475742500985816,0.20650218901939998,0.7389220670382656,25,20,20
48,2837,0.0014041404632307687,0.0399848013305682,0.19901117839881663,0.7595998798073835,25,20,20
48,2838,0.0014042143158376854,0.04000024055645093,0.20603164855321396,0.7525638965744962,25,20,20
48,2839,0.011519740366613932,0.02008163978756221,0.2090300576717119,0.7593685621741116,25,20,20
48,2840,0.0008291611955883149,0.012807019265867253,0.22755444373716638,0.7588093758013779,25,20,20
48,2841,0.0008282086762640086,0.02639402669396166,0.2526858563447643,0.7200919082850088,25,20,20
48,2842,0.0047851253046960465,0.04000254751250771,0.1932137932333516,0.7619985339494448,25,20,20
48,2843,0.005070551217111614,0.040989205597009956,0.18470950365352032,0.7692307395323578,25,20,20
48,2844,0.012540690808654371,0.04275974977714037,0.20551510935469938,0.7391844500595047,25,20,20
48,2845,0.012645739378977386,0.04002811210045918,0.1691300129360262,0.7781961355845363,25,20,20
48,2846,0.00479031754696711,0.039985540936230954,0.18526237239552873,0.7699617691212723,25,20,20
48,2847,8.732622415639721e-06,0.04103770718165151,0.20037974020936614,0.7585738199865663,25,20,20
48,2848,0.0003333797932214822,0.04104291468972266,0.19805833585814933,0.7605653696589062,25,20,20
48,2849,0.0012643792679689504,0.040238277710384275,0.18367964626271382,0.7748176967589316,25,20,20
48,2850,0.0012643167586168778,0.040238327221099615,0.20803693095221987,0.750460425068062,25,20,20
48,2851,0.0012643155377194688,0.04128639852444462,0.20617112365986423,0.7512781622779702,25,20,20
48,2852,0.0004887108822281689,0.07049080505684704,0.13667387614619506,0.7923466079147293,25,20,20
48,2853,0.0004887108608838602,0.08037713612977475,0.12245662812962786,0.796677524879713,25,20,20
48,2854,1.567286136440953e-07,0.10276972268707339,0.11914331743501017,0.7780868031493021,25,20,20
48,2855,0.00049082813206752,0.10285391964623024,0.09916101869681293,0.7974942335248888,25,20,20
48,2856,0.00012119361146476137,0.06447369979381018,0.17641957906798628,0.7589855275267374,25,20,20
48,2857,0.00022045414679516177,0.08040857292073594,0.21519453639456876,0.7041764365378992,25,20,20
48,2858,0.000263467140151266,0.08003288395801941,0.18372956504604654,0.7359740838557823,25,20,20
48,2859,4.514895125403661e-06,0.07952528106681901,0.21570816037120136,0.7047620436668535,25,20,20
48,2860,0.007808932568486654,0.080742389306401,0.2056949377989397,0.7057537403261714,25,20,20
48,2861,0.007218403036315312,0.07123681384748505,0.21008868280625112,0.7114561003099469,25,20,20
48,2862,0.04122476294492542,0.07176824910533615,0.16901468522626886,0.7179923027234687,25,20,20
48,2863,0.04534895572270558,0.07364710613169988,0.16217421962186587,0.7188297185237282,25,20,20
48,2864,0.04125909815979776,0.07158174874983912,0.20601631891322442,0.681142834177138,25,20,20
48,2865,0.038225405139766064,0.10905302032962277,0.17504627037091233,0.6776753041596983,25,20,20
48,2866,0.07775772715256969,0.10901250466936363,0.1367793921395991,0.6764503760384667,25,20,20
48,2867,0.08067989000064005,0.08256893210666127,0.16121162643167164,0.6755395514610266,25,20,20
48,2868,0.017750116776755653,0.0712159494616631,0.23406293708969403,0.6769709966718866,25,20,20
48,2869,0.040849062611711756,0.07156315334208713,0.20249197269390037,0.6850958113523002,25,20,20
48,2870,0.044349084940285194,0.03172425504105298,0.20591609088499152,0.7180105691336698,25,20,20
48,2871,0.04423035865846929,0.039998474415872565,0.19667289882387542,0.7190982681017825,25,20,20
48,2872,0.012282870798428842,0.04070909119286753,0.236776576555737,0.7102314614529658,25,20,20
48,2873,0.012428754417827616,0.03998943120733578,0.2276331794335758,0.7199486349412603,25,20,20
48,2874,0.001732707221400087,0.041837377252327376,0.2624927627225506,0.6939371528037199,25,20,20
48,2875,0.07143395260824549,0.04002678208784442,0.2034995054324531,0.6850397598714566,25,20,20
48,2876,0.046715732024287,0.041050035892256746,0.23309310392065086,0.6791411281628044,25,20,20
48,2877,0.06546560803915132,0.07981894995808746,0.17564290631082474,0.6790725356919362,25,20,20
48,2878,0.09836170623212262,0.07997929183767803,0.14239032777969005,0.67926867415051,25,20,20
48,2879,0.05477673312190744,0.0415463688659268,0.2772973774943517,0.6263795205178141,25,20,20
48,2880,0.007702495831847663,0.040001589411209064,0.3143112778266327,0.6379846369303106,25,20,20
48,2881,0.03872117760421927,0.04047035681768876,0.28162092114475873,0.6391875444333326,25,20,20
48,2882,0.043897778582233496,0.04055712915589167,0.21213612688219644,0.7034089653796777,25,20,20
48,2883,0.038887970752638695,0.030834069254348808,0.23506007635035275,0.6952178836426589,25,20,20
48,2884,0.0005321254471409839,0.022835198345473165,0.27261061725331626,0.7040220589540697,25,20,20
48,2885,0.002549799245022513,0.04027537985257958,0.25331374155118214,0.7038610793512156,25,20,20
48,2886,0.00013008154562146293,0.029977762226755283,0.2599218554122439,0.709970300815378,25,20,20
48,2887,0.001203971014446933,0.039480384236892097,0.2411853310344491,0.7181303137142101,25,20,20
48,2888,0.0397862523912881,0.04000594796108973,0.2010109256810597,0.7191968739665613,25,20,20
48,2889,0.047178457296979275,0.03999759566364395,0.20864847116575289,0.7041754758736226,25,20,20
48,2890,0.047140118732775724,0.03999589993043058,0.19314250759578463,0.7197214737410087,25,20,20
48,2891,0.008524285357655996,1.4243587428504264e-05,0.272562029382411,0.7188994416725045,25,20,20
48,2892,0.013776326479472151,2.6112511390246288e-05,0.2746936407940784,0.7115039202150575,25,20,20
48,2893,0.0003309888311727155,3.1629492273005296e-05,0.2808037435054896,0.718833638171064,25,20,20
48,2894,0.0007739521837286323,3.1364984596296915e-06,0.2808583053602083,0.7183646059576021,25,20,20
48,2895,0.007708846537801308,6.430163164339814e-05,0.2720183125508368,0.7202085392797173,25,20,20
48,2896,0.04836807276062496,4.602875800049295e-05,0.20601223361236723,0.7455736648690068,25,20,20
48,2897,0.048466177000043124,3.709137103458127e-05,0.193153738921936,0.7583429927069852,25,20,20
48,2898,0.04825069683544804,0.0019953682266024854,0.2374785948350229,0.7122753401029261,25,20,20
48,2899,0.0720180036633551,0.003987133633630839,0.20192317858233896,0.7220716841206734,25,20,20
48,2900,0.03294014541592006,0.0020965388022805317,0.17321302557895,0.7917502902028491,25,20,20
48,2901,0.03235593161998294,0.0020960460711161085,0.164767922312475,0.8007800999964261,25,20,20
48,2902,0.035941732686717624,0.00039674491201372196,0.13768960880760225,0.8259719135936663,25,20,20
48,2903,0.03235604087798607,4.060092909848732e-06,0.12952752885364988,0.838112370175454,25,20,20
48,2904,0.001986731837037007,0.002855412891847349,0.1657644966299485,0.829393358641166,25,20,20
48,2905,0.013157678211564083,0.0020583395204129685,0.16207009667339814,0.8227138855946237,25,20,20
48,2906,0.03860236696165014,6.691089215507923e-07,0.12883899727983286,0.8325579666495948,25,20,20
48,2907,4.422462448999256e-06,7.82820236060743e-06,0.13059944164256093,0.869388307692629,25,20,20
48,2908,0.0011330660483268669,7.824071851784176e-06,0.12980191284737852,0.8690571970324421,25,20,20
48,2909,6.243730526856817e-06,7.833234333791987e-06,0.1462792401769267,0.8537066828582128,25,20,20
48,2910,0.00019129663936916233,0.0007292713958403542,0.13089072633003915,0.8681887056347509,25,20,20
48,2911,9.617936565666574e-12,4.7456904131405934e-05,0.07632959843675735,0.923622944649493,25,20,20
48,2912,9.642763118466669e-12,4.745686079022473e-05,0.07506805430603274,0.9248844888235341,25,20,20
48,2913,1.0317257465655719e-10,8.499743901875501e-07,0.07735150096412187,0.9226476489583151,25,20,20
48,2914,1.4525885031844211e-12,8.479448627350181e-07,0.04154655481023666,0.9584525972434476,25,20,20
48,2915,5.263914329289058e-09,4.8194662456981896e-05,0.08075013087128027,0.9192016692023479,25,20,20
48,2916,1.0512478239135394e-07,2.8437030165208127e-10,0.08914883717840462,0.9108510574124421,25,20,20
48,2917,5.932065575243064e-06,1.1913269833328213e-10,0.08931372508909476,0.9106803427261966,25,20,20
48,2918,1.8452950492188765e-09,2.3143322063748384e-10,0.0962572380176106,0.9037427599056603,25,20,20
48,2919,0.00021065297154008544,0.0007175832955263296,0.09464610676793449,0.9044256569649987,25,20,20
48,2920,0.00021065271475582777,0.0007657903756280225,0.07964293490392226,0.9193806220056936,25,20,20
48,2921,1.3083519396057865e-09,2.556173804431454e-07,0.08123224632258066,0.9187674967516868,25,20,20
48,2922,1.341295410958287e-09,2.557856579739834e-07,0.10847299967591274,0.8915267431971334,25,20,20
48,2923,1.3441555686064575e-09,2.557796627430797e-07,0.09012546397953834,0.9098742788966432,25,20,20
48,2924,4.735134655379045e-06,1.4770963480042645e-08,0.08324792515150882,0.9167473249428714,25,20,20
48,2925,3.981557849599565e-06,1.4671486282165213e-05,0.07857364970068094,0.9214076972551871,25,20,20
48,2926,3.648116322052667e-07,4.441368335265895e-06,0.06505194233890459,0.9349432514811276,25,20,20
48,2927,0.004721761795785174,8.050957688094644e-07,0.07151535022190417,0.9237620828865418,25,20,20
48,2928,1.5794782373498846e-06,7.965143263127656e-07,0.07718719675087468,0.9228104272565613,25,20,20
48,2929,1.5836262720787501e-06,4.972520980599296e-10,0.08070464918073741,0.9192937666957378,25,20,20
48,2930,8.953092418177654e-05,0.0001966214822076105,0.10833208188376471,0.8913817657098454,25,20,20
48,2931,3.535869338536497e-06,0.00019661228339961382,0.10785247834189776,0.8919473735053639,25,20,20
48,2932,0.007936180683280374,8.585926796472402e-07,0.1259264954919741,0.8661364652320656,25,20,20
48,2933,0.004353743009889552,1.058328599601732e-06,0.13851681152090456,0.8571283871406058,25,20,20
48,2934,2.8901107364924673e-05,1.6507487047466217e-07,0.11957590008693572,0.8803950337308284,25,20,20
48,2935,0.0057978858046817,0.00034721669407188744,0.1507835157774359,0.8430713817238101,25,20,20
48,2936,0.005770564641214877,0.0003470517926428363,0.11222756895348182,0.8816548146126602,25,20,20
48,2937,0.028110570383576127,5.2741392823222866e-05,0.09001874996698729,0.8818179382566129,25,20,20
48,2938,0.02797132662974262,1.8392623645872506e-05,0.09716607318700822,0.8748442075596029,25,20,20
48,2939,0.034376625221088974,1.839286028391829e-05,0.08693024849262128,0.878674733426006,25,20,20
48,2940,0.03437674972568088,1.839306720690435e-05,0.08724250607933776,0.8783623511277745,25,20,20
48,2941,2.769255871296495e-07,0.039762921951760996,0.12807925371897833,0.8321575474036732,25,20,20
48,2942,2.159220369228933e-06,0.0399884343236954,0.16557668258873798,0.7944327238671967,25,20,20
48,2943,2.8236193666601314e-07,0.03998844926653915,0.15865597657100594,0.8013552918005176,25,20,20
48,2944,2.813729848947724e-07,0.0019351638358307188,0.1602843046562242,0.8377802501349594,25,20,20
48,2945,3.2079813440329655e-07,1.0395213659803069e-05,0.17482719644403028,0.8251620875441745,25,20,20
48,2946,4.286645397747814e-07,5.25592293939308e-07,0.1835016992653729,0.8164973464777933,25,20,20
48,2947,4.643783978323099e-08,8.622028422221492e-07,0.1892688365040978,0.8107302548552204,25,20,20
48,2948,2.8861774374276395e-07,4.7057333176282855e-05,0.16931346929074412,0.8306391847583359,25,20,20
48,2949,0.00024793079593224795,0.024340709607955296,0.1514371114667478,0.8239742481293644,25,20,20
48,2950,0.0003263162340414084,0.02434054000105312,0.14348790397911493,0.8318452397857904,25,20,20
48,2951,1.8959171279053657e-07,0.03980973945911252,0.13584524636443362,0.8243448245847403,25,20,20
48,2952,0.0003371962154615518,0.042546343057757084,0.16188223363642362,0.7952342270903575,25,20,20
48,2953,6.620093966502342e-06,0.04000136942608077,0.17579857019400563,0.7841934402859475,25,20,20
48,2954,0.0003377386278090655,0.03999221146973189,0.23197718614416435,0.7276928637582943,25,20,20
48,2955,0.03409070703786685,2.6231129981732917e-05,0.2748127892994665,0.6910702725326853,25,20,20
48,2956,0.003920139123169506,3.958997440939882e-05,0.2529837628370346,0.743056508065386,25,20,20
48,2957,0.003923289633195277,1.5856625177590059e-06,0.23808583441545564,0.7579892902888301,25,20,20
48,2958,7.823405041670978e-08,1.4944330918977077e-06,0.27655598398495096,0.7234424433479063,25,20,20
48,2959,4.283919539280982e-09,1.0666118232481974e-05,0.27895130190320616,0.7210380276946405,25,20,20
48,2960,1.727030233335812e-06,1.5046435514139898e-05,0.27741299442638423,0.722570232107867,25,20,20
48,2961,0.00608050058265806,1.3961171274102737e-05,0.31022488193142905,0.683680656314638,25,20,20
48,2962,0.0003407214910167042,1.9751298849174453e-05,0.3123763758577141,0.6872631513524192,25,20,20
48,2963,0.006595685035013546,0.002032222516801367,0.2824114923467543,0.70896060010143,25,20,20
48,2964,0.006604451889518566,2.9110708568867864e-05,0.24948125497841478,0.743885182423498,25,20,20
48,2965,0.007180234074800706,7.502527156579453e-05,0.2492186894294935,0.74352605122414,25,20,20
48,2966,0.04303622955457405,4.722384673262673e-05,0.2216417593483363,0.7352747872503573,25,20,20
48,2967,0.0005292342218823317,3.545323266074413e-05,0.29536780348974034,0.7040675090557161,25,20,20
48,2968,6.699556282174595e-05,0.00032110114964295137,0.2245040346816576,0.7751078686058765,25,20,20
48,2969,0.0002608404036486037,0.0029654810085727457,0.25493002429270695,0.7418436542950707,25,20,20
48,2970,0.03992748640986433,0.0010267225360453926,0.1296854922540818,0.8293602988000082,25,20,20
48,2971,0.0009569462896924534,3.120962672495846e-05,0.17452285828169178,0.8244889858018903,25,20,20
48,2972,0.0008060856104966423,2.3767499339259267e-05,0.16605749521483054,0.8331126516753333,25,20,20
48,2973,0.0006739548021996839,3.82753264982165e-07,0.16436021845981075,0.8349654439847244,25,20,20
48,2974,5.42751564563853e-06,0.00050016314998502,0.16547016994234337,0.8340242393920255,25,20,20
48,2975,1.0609359916973872e-05,1.6980068152703593e-06,0.16827549172422207,0.8317122009090453,25,20,20
48,2976,1.3225072544778147e-05,0.0006932540134581905,0.20133713319336974,0.7979563877206257,25,20,20
48,2977,0.01612758973418777,0.03179680363125101,0.1508806905322957,0.8011949161022646,25,20,20
48,2978,0.0032690435019809157,0.039836912397364525,0.19620329139278145,0.7606907527078728,25,20,20
48,2979,0.0034977850068004203,0.03947063247619264,0.15554135895038879,0.8014902235666179,25,20,20
48,2980,0.024117297689527778,0.03947075638073711,0.1384439057088884,0.797968040220847,25,20,20
48,2981,7.813542658020954e-06,0.03924075473378819,0.20068816050857893,0.760063271214974,25,20,20
48,2982,0.03999054712206111,0.04000003939077458,0.15627046565137784,0.7637389478357858,25,20,20
48,2983,0.0032641529045159385,0.0393285660406577,0.19866119690752104,0.7587460841473046,25,20,20
48,2984,0.04084876762659083,0.04003909723640722,0.19071346132368533,0.728398673813316,25,20,20
48,2985,0.037818573646129484,0.03948572792264765,0.17897716758597493,0.743718530845247,25,20,20
48,2986,5.883044157426658e-06,0.04002657450913127,0.2009252214211071,0.7590423210256029,25,20,20
48,2987,0.03733711287143136,0.040000161714515675,0.13757034973660315,0.7850923756774496,25,20,20
48,2988,0.0005433305007227321,0.041796311497124414,0.14669107103216902,0.8109692869699832,25,20,20
48,2989,0.0005379889491153318,0.04179603005732045,0.10654130932533974,0.851124671668224,25,20,20
48,2990,0.0005364237751759436,0.04178695033582203,0.09432477796656707,0.8633518479224351,25,20,20
48,2991,6.526333456703771e-08,9.191797067419393e-06,0.1937372950145711,0.8062534479250257,25,20,20
48,2992,1.0967349988698763e-07,3.434180652560921e-07,0.16607019429066594,0.833929352617768,25,20,20
48,2993,1.0627536017004835e-07,3.8387055773637875e-05,0.16084533414889926,0.8391161725199671,25,20,20
48,2994,0.07372932180101469,0.001988700822060172,0.08539290719889707,0.8388890701780275,25,20,20
48,2995,0.005906868533320625,2.581474318644774e-08,0.15975959210359314,0.8343335135483427,25,20,20
48,2996,0.0059069530446176684,1.9760819150715066e-08,0.1775209830695069,0.8165720441250558,25,20,20
48,2997,0.00017167002547512552,1.5230424533612216e-07,0.15740212150045263,0.8424260561698261,25,20,20
48,2998,3.5071781025373836e-06,1.097397706048307e-05,0.18028909063668624,0.8196964282081503,25,20,20
48,2999,8.990951207284846e-05,1.2200413423614309e-08,0.12084213084652534,0.8790679474409884,25,20,20
48,3000,0.004482790016074847,0.0007614823027979367,0.15314145454274797,0.8416142731383787,25,20,20
48,3001,0.03597262351551842,3.302524908475905e-07,0.1253772161197214,0.8386498301122692,25,20,20
48,3002,0.002136889813935597,4.410272895895828e-07,0.11921560903233602,0.8786470601264381,25,20,20
48,3003,0.004830063658642352,3.3050674621971914e-07,0.1120382336717313,0.88313137216288,25,20,20
48,3004,2.6709576741002803e-05,3.286224486042193e-07,0.1036328866863921,0.8963400751144183,25,20,20
48,3005,0.03497965438892434,1.4197269460416917e-09,0.0546088791541844,0.9104114650371643,25,20,20
48,3006,0.03487243690982542,3.317817338962441e-07,0.055333684333387874,0.9097935469750525,25,20,20
48,3007,0.03487243696598979,5.900132774091571e-10,0.053274720987559636,0.9118528414564366,25,20,20
48,3008,0.034872520674244505,1.6376759947825616e-05,0.07136954175163375,0.8937415608141732,25,20,20
48,3009,8.307360964658269e-07,7.124438540971548e-07,0.13067912690526198,0.8693193299147873,25,20,20
48,3010,0.00011514227833096952,8.372978144018254e-07,0.10669839413549816,0.8931856262883557,25,20,20
48,3011,0.0218489062912716,2.018263751978467e-09,0.08279347299270626,0.8953576186977579,25,20,20
48,3012,0.01257945787769746,4.331940657215807e-06,0.08395746912831409,0.9034587410533307,25,20,20
48,3013,0.043487569231237096,1.3519664474176646e-06,0.04855308407567004,0.9079579947266455,25,20,20
48,3014,0.012406665269904051,1.940895369221353e-07,0.07765696751910066,0.909936173121458,25,20,20
48,3015,0.012406665269388885,1.9600232122568667e-07,0.10256399115573434,0.8850291475725551,25,20,20
48,3016,0.03997637906994809,5.290863037230544e-07,0.08238888456364091,0.8776342072801069,25,20,20
48,3017,0.039975233576465645,1.1170965490523896e-05,0.06344255228731638,0.8965710431707269,25,20,20
48,3018,0.039974137184855936,1.8052098263432158e-07,0.05448074283087295,0.9055449394632882,25,20,20
48,3019,0.039974137789863265,1.8472413237601871e-07,0.016890577077005607,0.9431351004089984,25,20,20
48,3020,0.03997413759389786,1.8192244732664257e-07,0.02455839884216174,0.9354672816414924,25,20,20
48,3021,0.004938216610991719,4.1711297149417335e-06,0.037894167937778334,0.9571634443215146,25,20,20
48,3022,2.8347444492825737e-05,4.466341077987875e-06,0.024926531431495095,0.9750406547829334,25,20,20
48,3023,9.654403138402911e-10,2.0873763240110218e-10,0.04419686345261825,0.9558031353732036,25,20,20
48,3024,0.00016561719362445833,9.960150076089603e-06,0.054512977133540676,0.9453114455227588,25,20,20
48,3025,0.00016561623374683934,9.960055929388096e-06,0.046450757227191365,0.9533736664831328,25,20,20
48,3026,0.0001656162337398184,9.960055963451185e-06,0.046456854381502974,0.9533675693287935,25,20,20
48,3027,0.0045471103376833934,6.215356766530878e-11,0.05074478633495269,0.9447081032652104,25,20,20
48,3028,0.004547110337395858,1.1868821581592262e-10,0.043800787875897945,0.9516521016680177,25,20,20
48,3029,0.00011772026426127392,1.8219551558162604e-08,0.04058842230568429,0.9592938392105025,25,20,20
48,3030,2.1639618902911853e-06,1.7867318284890336e-09,0.07804450070728101,0.9219533335440966,25,20,20
48,3031,5.571803626379772e-11,1.8240217877933136e-07,0.0427380768265029,0.9572617407156,25,20,20
48,3032,1.8192958152067406e-11,3.7785005376679973e-10,0.06902920382856392,0.9309707957753929,25,20,20
48,3033,2.1118769424493003e-11,1.153482269450025e-08,0.085757719442879,0.9142422690011794,25,20,20
48,3034,1.2387011095233763e-09,1.631975021620341e-08,0.09665541184081737,0.9033445706007308,25,20,20
48,3035,6.247108895120338e-12,6.718567634640747e-07,0.08089018285952643,0.9191091452774627,25,20,20
48,3036,3.7942918242003506e-06,3.679998286458248e-05,0.12597460846969968,0.8739847972556117,25,20,20
48,3037,3.805993034441603e-06,3.678861072072631e-05,0.1388951226382544,0.8610642827579901,25,20,20
48,3038,1.2789694506396046e-08,3.7930397247618596e-07,0.1442620331490091,0.8557375747573235,25,20,20
48,3039,4.095108187370128e-08,1.0695285503669485e-05,0.15928085010527768,0.8407084136581363,25,20,20
48,3040,0.037310784803372,2.1064351097586667e-09,0.09867600936747262,0.8640132037227197,25,20,20
48,3041,0.037427604802790795,3.6420555199306165e-07,0.09851095094095459,0.8640610800507019,25,20,20
48,3042,5.625708362888401e-06,1.914640225803831e-05,0.12922928217731994,0.8707459457120585,25,20,20
48,3043,6.898950619173718e-05,0.0006688485588278017,0.12046670585645014,0.8787954560785294,25,20,20
48,3044,0.002260753193150378,4.195103919211069e-05,0.13368570377668335,0.8640115919909742,25,20,20
48,3045,0.007902353759956557,6.614604136778111e-06,0.12114784300890796,0.8709431886269985,25,20,20
48,3046,0.0021693710789163273,6.353900931218942e-06,0.12652232973548824,0.8713019452846634,25,20,20
48,3047,0.012505118073763167,2.5424546642081953e-07,0.11515818292071264,0.8723364447600575,25,20,20
48,3048,7.840902548206354e-05,8.42182387232193e-06,0.12760937767337255,0.8723037914772723,25,20,20
48,3049,0.040759432633252476,0.000196772876401154,0.06827063307084677,0.890773161419499,25,20,20
48,3050,0.04097488552964424,2.9911601975441685e-06,0.02768874966250039,0.9313333736476578,25,20,20
48,3051,0.007185390885138758,2.4074875996824896e-09,0.07435451019956588,0.9184600965078075,25,20,20
48,3052,0.03617862553704289,3.399301273611065e-05,0.044908729524074646,0.9188786519261458,25,20,20
48,3053,0.03617862553705111,3.399615108672824e-05,0.05745954272249199,0.9063278355893699,25,20,20
48,3054,0.03616543483775512,0.02976684476491009,0.02735107683809669,0.9067166435592376,25,20,20
48,3055,0.036165434546570646,0.030018039521831675,0.023931475343664653,0.9098850505879329,25,20,20
48,3056,0.03616543456853294,0.03001803963601115,0.022728170435827373,0.9110883553596283,25,20,20
48,3057,0.0016162450527187754,0.03029304150233082,0.05032183563150479,0.9177688778134452,25,20,20
48,3058,4.431036346295183e-09,9.275318046420523e-09,0.08167099557509086,0.9183289907185546,25,20,20
48,3059,1.0773308526309624e-07,9.22713848466444e-09,0.08160425927328746,0.9183956237664884,25,20,20
48,3060,7.793467542202812e-05,0.0007071978250391046,0.08085866164496724,0.9183562058545711,25,20,20
48,3061,7.995846517026808e-05,0.0007072041778310441,0.07940380858037177,0.9198090287766266,25,20,20
48,3062,7.8017343673975e-05,0.0007072236379991521,0.09635477988700294,0.9028599791313233,25,20,20
48,3063,2.1068365027674173e-06,1.8280702154413556e-06,0.1045762820445041,0.895419783048778,25,20,20
48,3064,2.1771516881093784e-06,1.8228760720652804e-06,0.10077425336062351,0.899221746611616,25,20,20
48,3065,7.104481186597357e-08,1.6988212135095317e-06,0.12108186323696041,0.878916366897014,25,20,20
48,3066,0.003157509482892158,0.0005863491975476451,0.1248544803265593,0.8714016609930008,25,20,20
48,3067,0.015996403928827695,0.00053810427958761,0.11211278429066449,0.8713527075009201,25,20,20
48,3068,0.012840682736091694,0.020158659719120314,0.10489101784474608,0.8621096397000416,25,20,20
48,3069,0.01285553673621685,0.001842842446107921,0.1493977121972935,0.8359039086203817,25,20,20
48,3070,0.0030547778093965913,1.0038626383429017e-05,0.2355821967132652,0.7613529868509535,25,20,20
48,3071,0.0030699561038968755,5.5061532657867555e-05,0.2227005075381849,0.7741744748252597,25,20,20
48,3072,0.003058722131312043,0.020733793361718,0.1523528886122136,0.8238545958947557,25,20,20
48,3073,0.006032090759457878,0.020325953543771504,0.16067186775050024,0.8129700879462699,25,20,20
48,3074,4.566757681131831e-06,0.02032157319560603,0.18971289464029734,0.7899609654064156,25,20,20
48,3075,0.03993165538229366,0.00045376160333920066,0.16884714795138644,0.7907674350629803,25,20,20
48,3076,0.04518081589019264,0.0003326173323724961,0.15566762347500815,0.7988189433024263,25,20,20
48,3077,0.0769503191109069,3.611439396511671e-07,0.1310232850003666,0.7920260347447858,25,20,20
48,3078,0.07582647809445225,1.997438049627098e-05,0.16973729311227037,0.7544162544127814,25,20,20
48,3079,0.08130517805646942,2.004445505148744e-05,0.22146382978933563,0.6972109476991427,25,20,20
48,3080,0.07055103696148286,1.7038007996475276e-07,0.25463607077827366,0.6748127218801631,25,20,20
48,3081,0.04752242463265329,1.0363090522112139e-05,0.2953013443631832,0.6571658679136405,25,20,20
48,3082,0.08174368064804323,0.00010968790450613481,0.25347903757835566,0.6646675938690945,25,20,20
48,3083,0.07517457255573494,0.00010497649084883747,0.17206844033240562,0.7526520106210097,25,20,20
48,3084,0.08220361709693692,1.451290050441071e-05,0.15831642273835916,0.7594654472641991,25,20,20
48,3085,0.03358257074710039,2.8563845514084918e-05,0.16503766218814042,0.8013512032192448,25,20,20
48,3086,0.012208316346896968,1.448985845422975e-05,0.18876269053117956,0.7990145032634676,25,20,20
48,3087,0.003275346273030744,8.960673529359096e-07,0.19874093279388544,0.7979828248657297,25,20,20
48,3088,0.04368040435105543,1.818813770000035e-05,0.1575435172855553,0.7987578902256888,25,20,20
48,3089,0.04296937494571403,5.122483389566989e-07,0.1659180461202351,0.7911120666857115,25,20,20
48,3090,0.0006136848264340803,0.030035760097867174,0.1947606975035001,0.7745898575721988,25,20,20
48,3091,0.00012436754153034285,0.040048034148430306,0.24768836008578052,0.712139238224258,25,20,20
48,3092,0.03997606124143759,0.04005037667354479,0.18499942743712786,0.7349741346478893,25,20,20
48,3093,0.04000159569356958,4.993399049868841e-05,0.2090391557803453,0.7509093145355855,25,20,20
48,3094,0.0390426265790241,5.2685106479024993e-05,0.19199733449673378,0.7689073538177622,25,20,20
48,3095,0.009139758007412103,4.146886026975822e-05,0.23156866816748292,0.7592501049648341,25,20,20
48,3096,0.009139694113411926,4.149482447131153e-05,0.22185346715166737,0.7689653439104486,25,20,20
48,3097,0.006710884350661207,0.04036440842967917,0.209251525219871,0.7436731819997885,25,20,20
48,3098,5.200755710403574e-06,0.04035371886281402,0.23504922135961873,0.7245918590218566,25,20,20
48,3099,0.00015501592765261606,0.034392186924689205,0.24072782278488422,0.7247249743627735,25,20,20
48,3100,1.2965024184484216e-09,0.06037775111368546,0.1994288714383826,0.740193376151429,25,20,20
48,3101,2.111840856443148e-06,0.05035069664302046,0.20867145363824632,0.7409757378778768,25,20,20
48,3102,4.870121631891677e-06,0.07071223146957024,0.15875859073717882,0.7705243076716193,25,20,20
48,3103,0.0001164222033952968,0.061091595703442206,0.16430885796225095,0.7744831241309114,25,20,20
48,3104,5.91510633378189e-05,0.061044710484055714,0.15751031831591236,0.7813858201366937,25,20,20
48,3105,2.1282703653191348e-07,0.06104550782170991,0.19291364191328572,0.7460406374379674,25,20,20
48,3106,2.160550831187251e-07,0.06421347116645411,0.21483511739650718,0.7209511953819552,25,20,20
48,3107,0.00013087347480156153,0.0794735918434027,0.1759278296847354,0.7444677049970604,25,20,20
48,3108,0.000130873480609915,0.08000200502168035,0.1656165894475876,0.754250532050122,25,20,20
48,3109,0.0001599888620475077,0.08153246196423075,0.16817677336880202,0.7501307758049194,25,20,20
48,3110,0.004339880352106116,0.0816686581064271,0.1548129041402956,0.759178557401171,25,20,20
48,3111,0.004339880427733853,0.07418259603705527,0.16955564226249387,0.7519218812727168,25,20,20
48,3112,0.02066212281689357,0.06286278704699949,0.16975169768986667,0.7467233924462401,25,20,20
48,3113,4.857869168126326e-06,0.0528761001198458,0.20635312267632192,0.7407659193346635,25,20,20
48,3114,1.2240860452588825e-08,0.06036428756633051,0.18982869123770044,0.7498070089551078,25,20,20
48,3115,1.0577554337210509e-05,0.05947890238166248,0.23551854163877578,0.7049919784252229,25,20,20
48,3116,0.036114735046759244,0.07849981862223704,0.19300285952074045,0.6923825868102627,25,20,20
48,3117,0.07227288582350506,0.07711726499321542,0.14566640839653056,0.7049434407867491,25,20,20
48,3118,0.07227493216463095,0.09426202814379885,0.15253642914306936,0.6809266105485001,25,20,20
48,3119,0.07228325906437408,0.07935541782624682,0.16922199184445647,0.679139331264922,25,20,20
48,3120,0.03611647343462815,0.08003289095602993,0.21253002008490596,0.6713206155244348,25,20,20
48,3121,0.052496145891317694,0.07352108715512895,0.20285721130507706,0.6711255556484745,25,20,20
48,3122,0.040117746917153,0.030103857475852237,0.2503626684788579,0.6794157271281358,25,20,20
48,3123,0.04008308060010313,0.022790652490224127,0.27075254917362784,0.6663737177360443,25,20,20
48,3124,0.039923229970988156,0.041160031904775754,0.25264028448153303,0.6662764536427019,25,20,20
48,3125,0.03992337347399291,0.04121739859847212,0.24855135245261503,0.6703078754749184,25,20,20
48,3126,0.04888042124049567,0.039441615192143106,0.24152204126953639,0.670155922297824,25,20,20
48,3127,0.00932816683544452,0.04070226286657421,0.23747153710853708,0.7124980331894436,25,20,20
48,3128,0.012743747296036114,0.04073069127448039,0.22869656306471015,0.7178289983647729,25,20,20
48,3129,0.009087828667515327,0.040460302166710746,0.26979484077697735,0.6806570283887957,25,20,20
48,3130,0.00888743450145363,0.040746408461054616,0.2335647743094584,0.7168013827280331,25,20,20
48,3131,0.03577949055146454,6.197558717020107e-05,0.2456735563006689,0.718484977560696,25,20,20
48,3132,0.0359524987130471,5.0085457199532654e-05,0.2457893782142189,0.7182080376155343,25,20,20
48,3133,0.021130751429126227,6.782251081536196e-07,0.22121977716767496,0.7576487931780902,25,20,20
48,3134,0.0523022260841741,1.1095144536110944e-05,0.171663547443659,0.7760231313276303,25,20,20
48,3135,0.04562947893464602,1.0964532834395596e-05,0.18533376512933797,0.7690257914031811,25,20,20
48,3136,0.023645297930108188,1.1136108009267784e-05,0.18518965992239506,0.7911539060394872,25,20,20
48,3137,0.01328409332922086,3.2031511126940704e-05,0.16369297810197217,0.8229908970576796,25,20,20
48,3138,0.013173860454526896,3.2025673147433376e-05,0.19524535757643785,0.7915487562958871,25,20,20
48,3139,0.00016975165600428518,3.414937527229126e-07,0.2047748889511058,0.7950550178991365,25,20,20
48,3140,0.038349556716666934,1.1926099861539237e-08,0.11991037159047309,0.8417400597667597,25,20,20
48,3141,0.03835132338467523,0.03999108204040783,0.12521067516893392,0.7964469194059823,25,20,20
48,3142,0.03857769625099829,0.03999077969702598,0.15031849948776718,0.7711130245642082,25,20,20
48,3143,0.039973256618425775,0.03933117191630946,0.12277791642156619,0.7979176550436986,25,20,20
48,3144,0.04017042755702389,0.039335903107895975,0.13925759364868356,0.7812360756863961,25,20,20
48,3145,0.039979716570840484,0.03933116924135271,0.16557305639993264,0.7551160577878733,25,20,20
48,3146,0.0025002975241880093,0.03934536483107929,0.1821024525141272,0.7760518851306046,25,20,20
48,3147,2.552674280889498e-06,0.04038620112381557,0.1454706217798994,0.8141406244220035,25,20,20
48,3148,2.5526741932328464e-06,0.04038619797136619,0.13933424178011297,0.8202770075743271,25,20,20
48,3149,1.985593545730521e-06,0.04000711019024495,0.14665201403592273,0.813338890180286,25,20,20
48,3150,3.0023365358421874e-07,0.03948087489250633,0.12005025191828723,0.8404685729555526,25,20,20
48,3151,1.664760629565744e-07,0.03998930448654639,0.12106397957284752,0.8389465494645425,25,20,20
48,3152,1.245477828354425e-07,0.02997370248880431,0.14730939680780786,0.8227167761556047,25,20,20
48,3153,3.6239775253359827e-08,8.69559517519137e-05,0.16985510896459188,0.8300578988438804,25,20,20
48,3154,0.03660333573027201,3.9604018642081465e-05,0.14294206538878376,0.8204149948623016,25,20,20
48,3155,0.0003070950262803364,7.353460144866071e-05,0.207729942016687,0.7918894283555826,25,20,20
48,3156,5.935944839846474e-06,0.0006839861006700244,0.22579322435433596,0.7735168536001535,25,20,20
48,3157,5.852671304059219e-06,0.001558973101863961,0.2039314211372173,0.794503753089614,25,20,20
48,3158,1.3466803565037354e-05,4.1871757338981363e-07,0.18020702631612365,0.8197790881627368,25,20,20
48,3159,0.0037675645406719197,0.0016862957169752502,0.17453040060310027,0.8200157391392533,25,20,20
48,3160,1.0994838591410809e-05,1.4328381842747089e-05,0.16870829580539556,0.8312663809741696,25,20,20
48,3161,0.0030082704382272552,0.018776174722552018,0.1863860752626223,0.7918294795765984,25,20,20
48,3162,0.003007195894118304,0.0400122226813962,0.15497038471486188,0.8020101967096231,25,20,20
48,3163,0.003010548482787245,0.040031283658774376,0.1572776408438675,0.7996805270145707,25,20,20
48,3164,0.003242231276141134,0.023723852285472632,0.17175497016002164,0.8012789462783644,25,20,20
48,3165,0.00012170266387809042,0.0033912230602270083,0.19479537725098503,0.8016916970249096,25,20,20
48,3166,0.0042728021925927916,0.0008324662397901693,0.19521958715828994,0.7996751444093261,25,20,20
48,3167,0.015960781602097195,2.0455504574823143e-05,0.15533598165597978,0.8286827812373475,25,20,20
48,3168,0.01595868692443188,1.3991255187813587e-07,0.1549874238043903,0.8290537493586253,25,20,20
48,3169,0.037938053322820305,3.687496156135421e-05,0.1567312370397885,0.8052938346758293,25,20,20
48,3170,0.009241941315352095,3.725131933508972e-05,0.17819980948765926,0.8125209978776534,25,20,20
48,3171,8.25177748855091e-08,0.000709072164810849,0.1070821365132968,0.8922087088041176,25,20,20
48,3172,2.214784332312355e-08,0.0020247484380128988,0.09555223439243418,0.9024229950217094,25,20,20
48,3173,1.953031112402408e-08,6.360199463950665e-07,0.09869145382972301,0.9013078906200188,25,20,20
48,3174,0.0001212135110918154,6.362946749831349e-07,0.08731527408448186,0.9125628761097511,25,20,20
48,3175,0.0001212135101166687,3.955748108618487e-10,0.0985479063725899,0.9013308797217181,25,20,20
48,3176,0.00012123237831359022,5.118400188536872e-10,0.08100778840116572,0.9188709787086803,25,20,20
48,3177,3.076792465228133e-07,2.7408953799658192e-08,0.09968224773908739,0.9003174171727121,25,20,20
48,3178,4.0348485715577647e-08,3.994350185976748e-07,0.09794914103297542,0.9020504191835199,25,20,20
48,3179,4.067349687438219e-08,3.9796832404300446e-07,0.11644843548669198,0.8835511258714868,25,20,20
48,3180,2.2380201874561737e-07,3.980845529157031e-07,0.11995585762274462,0.8800435204906835,25,20,20
48,3181,4.034332199347085e-08,3.99985374023246e-07,0.11140045596645737,0.8885991037048468,25,20,20
48,3182,4.036011832542903e-08,3.9790763445677023e-07,0.07672160300027803,0.923277958731969,25,20,20
48,3183,1.6514349947019955e-09,1.3694063950589741e-08,0.0502579554766545,0.9497420291778461,25,20,20
48,3184,4.494849679509932e-08,2.4324454173368415e-05,0.04071407918269054,0.9592615514146391,25,20,20
48,3185,1.3487508432189247e-05,1.6220922160532003e-06,0.04007464565594691,0.9599102447434045,25,20,20
48,3186,7.592752649153089e-11,4.288746249502347e-07,0.040624889325411695,0.959374681724036,25,20,20
48,3187,0.0003412272602934527,1.1920535957744739e-12,0.05875899104247665,0.9408997816960377,25,20,20
48,3188,0.00034122927406684655,2.4439419191696416e-10,0.08687368962487847,0.9127850808566607,25,20,20
48,3189,0.000119167994790756,1.897413437199823e-05,0.11869008167897574,0.881171776191861,25,20,20
48,3190,0.00032721555623919056,6.267425236506039e-09,0.08856590072825954,0.9111068774480755,25,20,20
48,3191,0.025066562628179148,0.0017678900975842704,0.07201498930309205,0.9011505579711441,25,20,20
48,3192,0.00017659799524660764,0.020569237233751158,0.06084723566429539,0.9184069291067063,25,20,20
48,3193,0.0001749042050960855,0.03165452472572987,0.05890507751529452,0.9092654935538793,25,20,20
48,3194,0.0001749039345509927,0.041683902622301996,0.0499725034419519,0.9081686900011952,25,20,20
48,3195,0.00020668518960771613,0.03998790843674386,0.05037924965473982,0.9094261567189084,25,20,20
48,3196,1.6821810915066983e-11,0.03998792331314699,0.04087933789439094,0.91913273877564,25,20,20
48,3197,0.00031613046721907655,0.04001951350940686,0.04134914699637525,0.9183152090269986,25,20,20
48,3198,0.00031613045013006004,0.040019467191905925,0.04055963050895839,0.9191047718490055,25,20,20
48,3199,0.0058203276509955085,0.0020263265720183578,0.11141954298048662,0.8807338027964992,25,20,20
48,3200,0.0072748992134586896,4.557107657408037e-05,0.11363122517693158,0.8790483045330356,25,20,20
48,3201,0.0016766317368498457,3.753833982415946e-05,0.11882478272449287,0.8794610471988329,25,20,20
48,3202,2.848593649562105e-06,1.054847093116025e-06,0.12121832953510595,0.878777767024151,25,20,20
48,3203,2.8485771210012155e-06,1.0547894899386484e-06,0.1373695831948666,0.8626265134385224,25,20,20
48,3204,0.0040120538828935445,1.490452465644484e-07,0.11834911507551502,0.8776386819963442,25,20,20
48,3205,0.0032019233599949693,3.836404270093233e-05,0.11886371503405371,0.87789599756325,25,20,20
48,3206,0.0003149654023239632,0.0004642553814650354,0.10575198272868384,0.8934687964875265,25,20,20
48,3207,9.418086644933076e-05,3.603164236767647e-05,0.11580199047182793,0.8840677970193553,25,20,20
48,3208,3.65085469745291e-06,8.797804492593164e-06,0.12669307136736274,0.8732944799734469,25,20,20
48,3209,8.49634437674691e-08,8.807183972152183e-06,0.14636717220778497,0.8536239356447984,25,20,20
48,3210,1.8497815480294845e-11,6.739458597587801e-07,0.13827490088247119,0.8617244251531713,25,20,20
48,3211,1.3390659386496853e-08,2.5564362294432953e-08,0.10239057787130205,0.8976093831736759,25,20,20
48,3212,1.285955865585479e-08,1.3598970863324812e-08,0.11370562079162477,0.8862943527498456,25,20,20
48,3213,5.544453738460835e-07,3.585804029303e-05,0.11307265137174463,0.8868909361425882,25,20,20
48,3214,8.391376028638453e-05,4.987609093820306e-05,0.0995596231620063,0.9003065869867685,25,20,20
48,3215,0.00011469623923621224,0.0006079205948199972,0.08953451884408879,0.9097428643218549,25,20,20
48,3216,0.00011467596835273847,8.662523629500739e-07,0.08917897720172695,0.9107054805775572,25,20,20
48,3217,3.634914357035474e-08,1.6680622625329278e-07,0.11304482650850803,0.8869549703361223,25,20,20
48,3218,0.007201602717280736,4.580441316203864e-07,0.09977881663405648,0.8930191226045311,25,20,20
48,3219,0.009652555258555021,6.763293206943462e-07,0.08994067667096023,0.9004060917411633,25,20,20
48,3220,0.009656821609658063,3.638566139432208e-07,0.10851593742860163,0.8818268771051259,25,20,20
48,3221,0.038001635782382845,6.888955875083819e-09,0.08705844797773413,0.8749399093509272,25,20,20
48,3222,0.04322910834207158,2.7543111182940167e-07,0.08347804513999824,0.8732925710868181,25,20,20
48,3223,0.046153742040761454,1.2100738801871355e-07,0.12856798149190318,0.8252781554599463,25,20,20
48,3224,0.01571673385446596,7.277647718082901e-09,0.12835530308802942,0.8559279557798567,25,20,20
48,3225,0.005359802982223506,4.022214208075666e-06,0.1255467031542051,0.8690894716493631,25,20,20
48,3226,0.0018156829397814702,4.027638574135566e-06,0.13462303607291864,0.8635572533487261,25,20,20
48,3227,0.0018156829497241545,2.28952425674403e-05,0.15106023543175534,0.8471011863759533,25,20,20
48,3228,0.0018156829382072498,4.039152805768447e-06,0.12616302132379956,0.8720172565851878,25,20,20
48,3229,0.03531450594677901,3.7393084079471364e-05,0.11058041141858692,0.8540676895505546,25,20,20
48,3230,0.03851316106691339,3.0183029643383376e-08,0.12537896652336028,0.8361078422266972,25,20,20
48,3231,0.03851316106721052,3.5395995948113535e-08,0.1410587470400522,0.8204280564967418,25,20,20
48,3232,0.03861238564582493,0.0003438950711260972,0.15711979201703563,0.8039239272660129,25,20,20
48,3233,0.03349340375658486,1.0718669855376335e-06,0.1451574896945289,0.8213480346818995,25,20,20
48,3234,0.03856206446119348,1.0554475514498972e-06,0.12510174902048526,0.8363351310707692,25,20,20
48,3235,0.02044514710398146,1.877847821023495e-06,0.15612954130524132,0.8234234337429552,25,20,20
48,3236,0.00020626127530503334,3.4629434592955004e-05,0.18199447351573853,0.8177646357743628,25,20,20
48,3237,9.01579227802636e-05,1.5021247969093092e-05,0.19024970781874073,0.8096451130105095,25,20,20
48,3238,0.0002737009276239598,0.0009249543991756358,0.174730810666276,0.8240705340069239,25,20,20
48,3239,0.0399164595593673,1.6578901819263598e-08,0.13619576505831718,0.8238877588034133,25,20,20
48,3240,0.040001920946493554,2.737348423307227e-07,0.1852122128255801,0.7747855924930827,25,20,20
48,3241,0.040001919086893566,2.7625755566830543e-07,0.18668335730602112,0.7733144473495293,25,20,20
48,3242,0.006004393605882956,2.636948608144258e-07,0.16305307452149684,0.8309422681777591,25,20,20
48,3243,0.03987333352562578,0.00025062725093529117,0.12706255215874868,0.8328134870646896,25,20,20
48,3244,0.04663186728780509,2.366583866522065e-05,0.13650607950111573,0.8168383873724135,25,20,20
48,3245,0.026653908592664477,8.302635582328344e-06,0.15871797704695895,0.8146198117247946,25,20,20
48,3246,0.034364966439129986,5.671915035633142e-05,0.14125830853887725,0.8243200058716365,25,20,20
48,3247,0.034321225921955606,2.0649866899836792e-05,0.14050413498550532,0.8251539892256388,25,20,20
48,3248,0.03856866665259966,4.674556733739492e-08,0.14533831672038294,0.8160929698814499,25,20,20
48,3249,0.0059073695099475495,0.0007149085102419846,0.1768063564081908,0.8165713655716189,25,20,20
48,3250,0.026235228898807646,0.00012482673543256546,0.1341036553854761,0.8395362889802834,25,20,20
48,3251,0.03729793738433796,4.34061361156392e-05,0.1316734890843811,0.8309851673951653,25,20,20
48,3252,3.6192546149061378e-06,4.338266228598366e-05,0.16099988211475413,0.8389531159683448,25,20,20
48,3253,6.192990952788706e-06,5.31631330574698e-06,0.17634560656841852,0.8236428841273218,25,20,20
48,3254,2.745212513459789e-07,5.307718531060187e-06,0.17434662363733494,0.825647794122882,25,20,20
48,3255,4.747513198127433e-05,5.715088122796045e-05,0.12911495711584264,0.8707804168709479,25,20,20
48,3256,0.005629770709894799,4.908679496134966e-05,0.13395822162405085,0.8603629208710925,25,20,20
48,3257,7.090560021250636e-05,3.034055735250596e-07,0.12169488114679851,0.8782339098474152,25,20,20
48,3258,0.003123180081941292,0.03867523722099564,0.09556771311107795,0.8626338695859846,25,20,20
48,3259,0.030847309743532465,0.03866594024297215,0.06675439630580782,0.8637323537076876,25,20,20
48,3260,0.034874542639398674,0.039992576211845425,0.06279572919203953,0.8623371519567161,25,20,20
48,3261,0.03487454265562219,0.03999237056185765,0.05254285412743929,0.872590232655081,25,20,20
48,3262,0.040030021642132804,0.03999283235279055,0.041603378215838316,0.8783737677892378,25,20,20
48,3263,0.004679768173929993,0.03999206026308501,0.11488346063952305,0.8404447109234612,25,20,20
48,3264,0.0001676915275570725,0.04000093034137306,0.11964644884601164,0.8401849292850576,25,20,20
48,3265,5.826682482771345e-06,0.03925359367275213,0.13598691276434982,0.8247536668804145,25,20,20
48,3266,0.02137540463518405,0.03924486261340515,0.11803154509088623,0.8213481876605236,25,20,20
48,3267,0.034122579526276994,0.039244856332430876,0.1405571082257247,0.7860754559155668,25,20,20
48,3268,0.028278708124905773,0.07982341625783876,0.12438191212990747,0.7675159634873475,25,20,20
48,3269,0.035462488783642464,0.07882257403126296,0.1648754725502942,0.7208394646348006,25,20,20
48,3270,0.04143657487730635,0.07998762612547557,0.16003656902715138,0.7185392299700669,25,20,20
48,3271,0.014409886881936894,0.07996710940797032,0.18340004723172348,0.7222229564783685,25,20,20
48,3272,0.0015189741668564724,0.0800187455916428,0.23837376838274757,0.6800885118587533,25,20,20
48,3273,0.0002580829265015924,0.080014503307813,0.23703937050987084,0.6826880432558139,25,20,20
48,3274,0.0002284631632729607,0.08001640935608176,0.19993836046527824,0.719816767015366,25,20,20
48,3275,0.02733435692866981,0.060328170330960704,0.19237316232322393,0.719964310417145,25,20,20
48,3276,0.0032527774505975017,0.12120884507077305,0.15519005754276038,0.7203483199358692,25,20,20
48,3277,0.0092940894460187,0.12269100788666427,0.14798437843891377,0.7200305242284031,25,20,20
48,3278,0.04394391374325428,0.099525595316323,0.1712005148558093,0.6853299760846133,25,20,20
48,3279,0.04394391373249125,0.10009109571071476,0.1777976561413711,0.6781673344154229,25,20,20
48,3280,0.0006790029132898543,0.0993728638404231,0.17132046718854066,0.7286276660577458,25,20,20
48,3281,0.000679197641729771,0.1186079366641202,0.19250731423970852,0.6882055514544412,25,20,20
48,3282,0.03435974191835851,0.11795057867489772,0.12775840919478487,0.7199312702119589,25,20,20
48,3283,0.0003448577321482362,0.11997898294902633,0.1597380416677534,0.7199381176510716,25,20,20
48,3284,6.180623506268617e-07,0.11930980975234455,0.1691098472303671,0.7115797249549364,25,20,20
48,3285,3.6372922555855893e-06,0.08177114128341595,0.2083476726535358,0.709877548770792,25,20,20
48,3286,1.775647944622636e-06,0.06949508020447681,0.19792034841899211,0.7325827957285861,25,20,20
48,3287,5.1370541787253185e-06,0.07068106359722036,0.17139057829813684,0.7579232210504631,25,20,20
48,3288,5.161305204409038e-06,0.07066013094179066,0.17172659069437557,0.757608117058629,25,20,20
48,3289,0.0017328871326851318,0.07955620995597752,0.1478287699919302,0.7708821329194067,25,20,20
48,3290,0.03770876460402175,0.0621423623554678,0.11064747535249218,0.7895013976880181,25,20,20
48,3291,0.000566507590265729,0.0621319830037296,0.14729971706330117,0.7900017923427031,25,20,20
48,3292,6.16724108262796e-05,0.06259542120577338,0.14778806150578425,0.7895548448776156,25,20,20
48,3293,0.00021307748335012988,0.07923300319690696,0.12997115188200264,0.7905827674377397,25,20,20
48,3294,0.00020762269167296586,0.07996690580205068,0.197106287485361,0.7227191840209138,25,20,20
48,3295,1.8305209958584663e-06,0.08022818016846425,0.16825845545438503,0.7515115338561543,25,20,20
48,3296,0.006214312130205671,0.07931979511259984,0.15579943732377988,0.758666455433414,25,20,20
48,3297,0.00045902093754826155,0.062762655907478,0.18675120789552926,0.7500271152594439,25,20,20
48,3298,0.03368166772932282,0.06278470198487689,0.18168770833093237,0.7218459219548682,25,20,20
48,3299,0.03082436342887317,0.03984907813055791,0.21758430429825776,0.7117422541423112,25,20,20
48,3300,0.04051957070631522,0.03979133574720415,0.2248335265217486,0.694855567024731,25,20,20
48,3301,0.04018331903954298,0.040013304255873246,0.20055623698696476,0.7192471397176183,25,20,20
48,3302,0.00042596675644067573,0.040044762073876056,0.2541611981627658,0.705368073006918,25,20,20
48,3303,1.0440126085705497e-07,0.040024972550390114,0.25076142516250965,0.7092134978858387,25,20,20
48,3304,0.0005046317087518896,0.0400197599989264,0.23875499457943483,0.7207206137128866,25,20,20
48,3305,0.013666687733987349,0.022382480288340487,0.2783514623077637,0.6855993696699083,25,20,20
48,3306,0.0005125147308441851,0.03998596738422,0.2849110405039512,0.6745904773809842,25,20,20
48,3307,1.9773390053005206e-05,0.04006128953411331,0.32400838701015794,0.6359105500656742,25,20,20
48,3308,0.0022207619417253855,0.04108914051070904,0.31447511421764196,0.6422149833299226,25,20,20
48,3309,0.016250839119171884,0.039340282687982404,0.3033422197621681,0.6410666584306773,25,20,20
48,3310,0.014262292876384213,0.0393404207076696,0.30624479415943956,0.6401524922565051,25,20,20
48,3311,0.04354030163731856,0.07211469161207,0.24480212299494916,0.6395428837556613,25,20,20
48,3312,0.007970777182064546,0.033839242470511406,0.2798394002975386,0.6783505800498851,25,20,20
48,3313,1.0785991747556809e-05,0.07293738485516615,0.25793267275191945,0.6691191564011659,25,20,20
48,3314,0.04043770758930683,0.07012702109063634,0.18138818289139697,0.7080470884286589,25,20,20
48,3315,0.02057825908978792,0.039351262153556346,0.205573750280426,0.7344967284762295,25,20,20
48,3316,0.02311552875790049,0.039509267332267124,0.20977949629098075,0.7275957076188511,25,20,20
48,3317,0.021756968717288067,0.04022588393283147,0.23166244327593713,0.706354704073942,25,20,20
48,3318,0.05932113818088522,0.03135249942409797,0.20833217604490742,0.7009941863501082,25,20,20
48,3319,0.01934714132538373,0.039713488258602284,0.23957817830975903,0.7013611921062541,25,20,20
48,3320,0.019347217800307487,0.03964223120927725,0.23710058045683027,0.7039099705335845,25,20,20
48,3321,1.863298841127598e-07,0.039382487095834605,0.26375567585031506,0.696861650723966,25,20,20
48,3322,1.8341917337589483e-07,0.04008287506054674,0.21697929102496594,0.7429376504953134,25,20,20
48,3323,0.00015588334954192755,0.0031880773278108758,0.29324902411185794,0.7034070152107879,25,20,20
48,3324,2.3163151917727443e-05,0.0025951488961295584,0.2385755446041748,0.7588061433477766,25,20,20
48,3325,5.97204261257165e-06,0.002544844819569778,0.2445389747402288,0.7529102083975878,25,20,20
48,3326,8.133615652599088e-06,0.002585508747984358,0.21749104426271829,0.7799153133736441,25,20,20
48,3327,1.8445154748659396e-05,4.981734421039536e-05,0.2439725204647495,0.7559592170362902,25,20,20
48,3328,8.330295885247735e-05,4.9704493321697576e-05,0.20709756948695543,0.7927694230608693,25,20,20
48,3329,0.00012550125986957538,2.785935117091942e-08,0.20030671114224075,0.7995677597385372,25,20,20
48,3330,0.004795717173053579,9.241877566670851e-06,0.2077808641697942,0.7874141767795841,25,20,20
48,3331,4.283648404174247e-05,0.02078471273569926,0.18943571579823165,0.7897367349820269,25,20,20
48,3332,0.003169108509018786,0.020832080687514014,0.18627431038424244,0.789724500419224,25,20,20
48,3333,0.0055167450262910474,0.020784828275857026,0.18144791722747342,0.7922505094703781,25,20,20
48,3334,0.03360806027528521,0.04042593303113581,0.12690424791911273,0.7990617587744666,25,20,20
48,3335,0.03356789327360476,0.019641024819512878,0.14774854852496877,0.7990425333819132,25,20,20
48,3336,0.03356791887681317,0.019640545729755834,0.12850218627921722,0.8182893491142132,25,20,20
48,3337,0.039114432953445195,0.001062851339019831,0.14257912404278408,0.8172435916647504,25,20,20
48,3338,0.0395632423089206,0.0009694710552825495,0.17684499538188853,0.7826222912539075,25,20,20
48,3339,0.03929537550756224,0.0007545583796992498,0.19273654510363855,0.7672135210090991,25,20,20
48,3340,0.07596325972751204,4.382171661761274e-05,0.1845962894146581,0.7393966291412113,25,20,20
48,3341,0.07430747936216565,0.039991501540334595,0.10108225093475669,0.7846187681627425,25,20,20
48,3342,0.0782642669946184,0.039991489419905976,0.1196895227021097,0.7620547208833658,25,20,20
48,3343,0.05011146787796408,0.03999078927555513,0.07853974198446154,0.8313580008620189,25,20,20
48,3344,0.01347992626626853,0.04003338892971049,0.11297138567900479,0.8335152991250161,25,20,20
48,3345,0.04204429447653654,0.04003646779743663,0.09321257853726783,0.8247066591887586,25,20,20
48,3346,0.03901597528139809,0.04002733176391384,0.08254614324143338,0.8384105497132545,25,20,20
48,3347,0.009580501783219196,0.040002630766465305,0.15004432729043127,0.8003725401598838,25,20,20
48,3348,0.009643464134171805,0.020326121841378195,0.2180437331214631,0.7519866809029868,25,20,20
48,3349,0.001768169910642439,0.020952132153782315,0.20670650106439636,0.7705731968711781,25,20,20
48,3350,0.0005306103868784782,0.02997783607132357,0.1969676069471247,0.7725239465946727,25,20,20
48,3351,0.0005062314521407641,0.03997450644482799,0.2096045992479315,0.7499146628550989,25,20,20
48,3352,1.774733201074094e-05,0.0399904915645578,0.16934099572235567,0.7906507653810755,25,20,20
48,3353,0.008163100106959224,0.03999984137277804,0.16075009920247896,0.7910869593177837,25,20,20
48,3354,0.0015123458968773903,0.04001497033908415,0.14652844375143664,0.8119442400126016,25,20,20
48,3355,0.003984092976629003,0.04001184258986921,0.11602143690089553,0.8399826275326062,25,20,20
48,3356,0.0004991153767405945,0.03999979770201547,0.12058272994940383,0.83891835697184,25,20,20
48,3357,0.01632181409645203,0.0007132920857744307,0.14342797169850002,0.8395369221192732,25,20,20
48,3358,0.00028726907271082135,2.895123838314787e-05,0.20481555193844092,0.7948682277504642,25,20,20
48,3359,0.0064541062179138756,8.634937267512168e-07,0.20093782759518522,0.7926072026931728,25,20,20
48,3360,0.024421653300451287,1.9259257682337693e-05,0.2569337410235993,0.7186253464182657,25,20,20
48,3361,0.004640653369197862,4.9665919812382036e-05,0.2720849999303359,0.7232246807806529,25,20,20
48,3362,0.014515135450018337,5.955984331097708e-05,0.2807790016411945,0.7046463030654762,25,20,20
48,3363,0.04738298508811647,5.963674787936787e-05,0.22776846510794527,0.7247889130560572,25,20,20
48,3364,0.04975304140902225,0.00010801751696501116,0.25870231356632273,0.6914366275076899,25,20,20
48,3365,0.014267455267676898,0.00011772258592597784,0.26641266048793755,0.719202161658458,25,20,20
48,3366,0.015890410246650864,0.0399981292953348,0.2251904165810268,0.7189210438769874,25,20,20
48,3367,0.0188080897727323,0.04000804692097412,0.22034721237430793,0.7208366509319848,25,20,20
48,3368,0.04956521584441751,0.016430400631773073,0.22870464238888058,0.7052997411349277,25,20,20
48,3369,0.049399985908746835,0.016429929203931454,0.26840340148822234,0.6657666833990987,25,20,20
48,3370,0.011799172277196757,0.04191940881792313,0.2815463966026165,0.6647350223022626,25,20,20
48,3371,0.0003897958170278405,0.003238238385022417,0.319401958776713,0.6769700070212354,25,20,20
48,3372,0.009390278970226176,0.0032469888256948963,0.35321927543944176,0.6341434567646356,25,20,20
48,3373,0.006172507840053525,6.774263818280385e-05,0.3146589105623611,0.6791008389594027,25,20,20
48,3374,0.020829029923955987,2.0566295064454e-05,0.23844341333755203,0.7407069904434266,25,20,20
48,3375,0.012582377673717957,6.29125407775214e-06,0.2623760176766669,0.7250353133955376,25,20,20
48,3376,0.0031366431108000524,0.0004675837160925086,0.2671177924785911,0.7292779806945152,25,20,20
48,3377,0.00013205742746658615,4.507721082822638e-05,0.25665518566532897,0.7431676796963742,25,20,20
48,3378,0.001619445467542576,0.00010004099353523936,0.2767157345864989,0.7215647789524222,25,20,20
48,3379,0.011639745733651095,0.0025455499011510356,0.23575722587254344,0.7500574784926535,25,20,20
48,3380,0.05893150885546869,2.0814307053980438e-05,0.182423662521089,0.7586240143163876,25,20,20
48,3381,0.028537626977912182,0.00027189346689337297,0.21115883572070007,0.7600316438344938,25,20,20
48,3382,0.012012772646617128,0.0027912826932925032,0.22484326154579673,0.7603526831142934,25,20,20
48,3383,5.2873468692014455e-06,0.00266611891422407,0.23695680626251808,0.7603717874763884,25,20,20
48,3384,0.010265612503218806,0.041478022601041636,0.22614776337052153,0.722108601525217,25,20,20
48,3385,0.06890681534949566,0.020307763883510955,0.1981650420626363,0.7126203787043568,25,20,20
48,3386,0.07334497003487243,0.04114764040676648,0.17411636500112768,0.7113910245572326,25,20,20
48,3387,0.07351148340777211,0.060790645151136705,0.16305480880670573,0.702643062634384,25,20,20
48,3388,0.07345879034854412,0.0426174027392393,0.17898256096842213,0.7049412459437926,25,20,20
48,3389,0.07353001596727221,1.9179137842410718e-05,0.21310971158029965,0.7133410933145845,25,20,20
48,3390,0.09916009032992891,4.609870752280095e-06,0.1884625364200928,0.7123727633792248,25,20,20
48,3391,0.05259090871292172,4.0339325028821994e-05,0.23516231769493368,0.7122064342671153,25,20,20
48,3392,0.08042034026823192,8.331122612915433e-05,0.20580292239810416,0.713693426107535,25,20,20
48,3393,0.03289897358732997,0.0011446027735735082,0.2615821325248917,0.7043742911142055,25,20,20
48,3394,0.03289454113497645,8.85388984695582e-05,0.21700285740139136,0.7500140625651623,25,20,20
48,3395,0.061686583054943116,8.752832773192208e-05,0.18558928643120776,0.7526366021861157,25,20,20
48,3396,0.07142164099723546,7.195113113579054e-05,0.16887142952717457,0.7596349783444526,25,20,20
48,3397,0.07142220361660087,4.653739483095187e-05,0.12914609957466336,0.7993851594139049,25,20,20
48,3398,0.03814398055910305,9.936159405799363e-06,0.16255954949869225,0.7992865337827983,25,20,20
48,3399,0.03780612707487453,2.728811752823947e-07,0.2033480987590814,0.7588455012848686,25,20,20
48,3400,0.07543056461779091,0.001073235405643067,0.12414374259042507,0.7993524573861402,25,20,20
48,3401,0.08442924877615125,3.886226221980661e-05,0.1161641273221346,0.7993677616394934,25,20,20
48,3402,0.05544883653775088,1.3578207990970688e-06,0.16361025883777544,0.7809395468036735,25,20,20
48,3403,0.04741469075311443,0.0010325490781886374,0.15919956890728268,0.792353191261414,25,20,20
48,3404,0.03927314041593914,3.7298642872578406e-07,0.17575623208643307,0.784970254511199,25,20,20
48,3405,0.044097063767111866,9.060092728622241e-07,0.15580874392864857,0.8000932862949661,25,20,20
48,3406,0.06752002422552882,3.7336965028274816e-05,0.13294305141681848,0.7994995873926246,25,20,20
48,3407,0.03650407950274717,3.752081455678923e-05,0.12238171929128365,0.8410766803914121,25,20,20
48,3408,0.03195424026901925,1.7912308584324387e-06,0.09003958374998336,0.8780043847501389,25,20,20
48,3409,0.03195294586126073,0.03199991099084978,0.057880677555682825,0.8781664655922065,25,20,20
48,3410,0.03195294475479394,0.03999058791751116,0.04899355608574142,0.879062911241953,25,20,20
48,3411,0.027455532064997547,0.020317865208222066,0.0730247021985597,0.8792019005282202,25,20,20
48,3412,9.277825695364093e-05,0.029970108442877275,0.09069523255423008,0.8792418807459386,25,20,20
48,3413,8.923834480776318e-05,0.039360082796847516,0.09708177882433772,0.8634689000340063,25,20,20
48,3414,8.923713584063083e-05,0.04198227754405466,0.09359830372432278,0.8643301815957817,25,20,20
48,3415,0.0001760532049500099,0.03999056052160139,0.09583512102722005,0.8639982652462291,25,20,20
48,3416,0.00017811389435319765,0.02031504001062946,0.11031332058692238,0.8691935255080944,25,20,20
48,3417,2.2428342094967232e-06,0.020315675054586937,0.10918162822109215,0.8705004538901112,25,20,20
48,3418,0.005865429164063134,0.03934949808308542,0.08304017139762467,0.8717449013552266,25,20,20
48,3419,0.000541834438177444,0.022021145443513385,0.10586801602143256,0.8715690040968758,25,20,20
48,3420,0.004249223089073208,0.021998590266994893,0.10353987271985154,0.8702123139240798,25,20,20
48,3421,0.03857707460973693,0.021987605858670413,0.06039074687941245,0.8790445726521802,25,20,20
48,3422,0.009784026246252577,0.04047473112479196,0.07172181128313918,0.8780194313458161,25,20,20
48,3423,0.0097840262665511,0.03976342521520335,0.07873951607540172,0.8717130324428439,25,20,20
48,3424,0.03724403733415948,0.03976342539591722,0.05112694233468076,0.8718655949352422,25,20,20
48,3425,0.03998215308829561,0.03978076907871183,0.06177414856943208,0.85846292926356,25,20,20
48,3426,0.00017078162885099494,0.039780769180549874,0.09454705547014591,0.8655013937204525,25,20,20
48,3427,8.491850591698797e-05,0.04000007799718773,0.0805920914269538,0.8793229120699412,25,20,20
48,3428,0.0004559150755470475,0.04003627363380251,0.0862740850058663,0.8732337262847839,25,20,20
48,3429,0.030468436159363597,0.02284431405298083,0.08747031224847587,0.8592169375391798,25,20,20
48,3430,0.03055682177656371,0.022844410478617735,0.07539043040798382,0.8712083373368344,25,20,20
48,3431,0.038141206110255205,0.022843839520715205,0.08852982205568123,0.8504851323133482,25,20,20
48,3432,0.00014761975565151536,0.023555320523404186,0.1259312525401287,0.8503658071808151,25,20,20
48,3433,2.5435390914848297e-09,0.023555044032867324,0.10805615638280484,0.8683887970407888,25,20,20
48,3434,5.934557082248633e-09,0.022844310206060692,0.09878695243803043,0.8783687314213513,25,20,20
48,3435,8.726749568484234e-05,0.022919777969998334,0.18426107723401966,0.7927318773002965,25,20,20
48,3436,5.184973753412587e-06,0.022920124927075593,0.21209263287186902,0.7649820572273014,25,20,20
48,3437,7.825009019197963e-06,3.637362090208973e-07,0.23755313310120837,0.7624386781535626,25,20,20
48,3438,1.8970233943674987e-06,0.020800235456082217,0.2197654786996448,0.7594323888208782,25,20,20
48,3439,0.00018291931011580681,0.03951145335009781,0.20994593670629566,0.7503596906334897,25,20,20
48,3440,0.0005872293358226056,0.04003150332199594,0.2474231385496939,0.7119581287924868,25,20,20
48,3441,8.19333803996124e-05,0.0222169487595422,0.24642832738102188,0.7312727904790354,25,20,20
48,3442,0.03855060011535887,0.04104997804609295,0.21547827616546528,0.7049211456730832,25,20,20
48,3443,0.03863070907828864,0.0028474336013866964,0.24698804755662998,0.7115338097636941,25,20,20
48,3444,0.06824520984519145,0.0028104701035780028,0.2238763024439891,0.7050680176072401,25,20,20
48,3445,0.0419152302354118,0.0028106776149546364,0.27230781623993633,0.6829662759096962,25,20,20
48,3446,0.03416071168273649,0.001966210662171494,0.2809325476173972,0.6829405300376936,25,20,20
48,3447,0.059684833951315366,3.6305306184605494e-07,0.17945879647210755,0.7608560065235147,25,20,20
48,3448,0.030096462410453252,1.856975116079617e-05,0.18570102544109826,0.784183942397287,25,20,20
48,3449,0.06387228861559122,1.8564526662212133e-05,0.1448237723084449,0.7912853745493016,25,20,20
48,3450,0.07340183997015848,3.607262649934091e-05,0.14661951636709242,0.7799425710362498,25,20,20
48,3451,0.012556116883237031,2.1110419115631587e-05,0.20645741269561582,0.7809653600020305,25,20,20
48,3452,0.050663204722176884,2.093251615381168e-05,0.15067600473091652,0.798639858030752,25,20,20
48,3453,0.04708937358736745,1.3319959646519857e-06,0.1549503536127478,0.7979589408039199,25,20,20
48,3454,0.034596458351791114,1.9270559305695002e-06,0.1829976366616427,0.7824039779306343,25,20,20
48,3455,0.044103579249223535,4.963660972318434e-07,0.15545840313532985,0.800437521249349,25,20,20
48,3456,0.039974930085518896,1.3288248727103685e-06,0.17888100956435313,0.7811427315252546,25,20,20
48,3457,0.031586688294030066,0.025787606452040236,0.14287084196726588,0.7997548632866632,25,20,20
48,3458,0.07635328094753473,0.025754426942645656,0.1055825125317354,0.7923097795780839,25,20,20
48,3459,0.07646558587128358,0.0019508598979349626,0.12239504651139313,0.799188507719387,25,20,20
48,3460,0.07423060631543896,0.0040597888513973545,0.1305575792306259,0.7911520256025371,25,20,20
48,3461,0.07423060301393193,0.004059807237544448,0.14202175068314984,0.7796878390653732,25,20,20
48,3462,0.03821098061780445,0.0020014847195920183,0.19055250068410817,0.7692350339784945,25,20,20
48,3463,0.0005902287265420534,3.475734089719011e-05,0.19986819765256061,0.7995068162800005,25,20,20
48,3464,0.0005903270455902476,4.8927041658572724e-05,0.22587412926091888,0.7734866166518313,25,20,20
48,3465,3.5594110468714082e-06,0.013612001868863745,0.1864587425920774,0.7999256961280118,25,20,20
48,3466,0.0004890385408178033,0.0019662083593996534,0.20542543940295946,0.7921193136968222,25,20,20
48,3467,0.000500345389387104,0.001966985554405463,0.19575188436786456,0.8017807846883422,25,20,20
48,3468,1.1644884360174251e-05,1.5183515042797311e-06,0.29473219470763945,0.7052546420564945,25,20,20
48,3469,5.342718757218308e-06,3.525129966244511e-05,0.263453732453313,0.7365056735282658,25,20,20
48,3470,9.715926271032713e-05,7.232021387036479e-05,0.25371804787264207,0.7461124726507765,25,20,20
48,3471,8.354083197379813e-05,0.002546095674310392,0.2350504613894165,0.7623199021042982,25,20,20
48,3472,2.8849205020760862e-08,0.05463719650606625,0.1832722601204933,0.7620905145242347,25,20,20
48,3473,5.218881629514592e-06,0.06285397868205019,0.17517705842581882,0.761963744010501,25,20,20
48,3474,8.660423491051563e-05,0.06929638606428569,0.14920252693847552,0.7814144827623279,25,20,20
48,3475,8.200644208022737e-05,0.06930396255757115,0.13889446847459788,0.7917195625257508,25,20,20
48,3476,1.3828184285536576e-05,0.06933896805476909,0.15404701023146314,0.7766001935294821,25,20,20
48,3477,1.3760525291904016e-05,0.08376773602247095,0.12422479034361139,0.7919937131086258,25,20,20
48,3478,1.5308458577446233e-06,0.10596090493543096,0.13264272612308844,0.7613948380956229,25,20,20
48,3479,1.5838938210604906e-06,0.04205934999181535,0.19955390215635194,0.7583851639580113,25,20,20
48,3480,0.03740145866276602,0.04200644565326129,0.1855646084694503,0.7350274872145222,25,20,20
48,3481,0.03723536473089128,0.041785327198293254,0.22597579350637612,0.6950035145644391,25,20,20
48,3482,0.03740755430337109,0.04198676558639652,0.17134212666725093,0.7492635534429811,25,20,20
48,3483,0.00034516576765989104,0.0025370837995647953,0.27677269411219074,0.7203450563205837,25,20,20
48,3484,0.04012309971586378,3.234973995885975e-06,0.2388075987193912,0.7210660665907487,25,20,20
48,3485,0.07490232079690125,3.5496127083218698e-06,0.21064769072333128,0.714446438867058,25,20,20
48,3486,0.03995950051842079,1.7397025217655005e-06,0.23970486707165203,0.7203338927074053,25,20,20
48,3487,0.049737376703618844,0.0034409352015576196,0.2456445142408342,0.7011771738539889,25,20,20
48,3488,0.04765810243914283,0.0020980676721458666,0.24847928032188993,0.7017645495668207,25,20,20
48,3489,0.047657984863719687,0.0026534980407579966,0.2706087361578851,0.6790797809376349,25,20,20
48,3490,0.08632146340634068,1.541401757912963e-05,0.24161375135493868,0.6720493712211397,25,20,20
48,3491,0.08563055125807911,4.178244858885737e-07,0.236094225765382,0.6782748051520513,25,20,20
48,3492,0.05901858630060147,1.912213056799287e-07,0.2615542636793975,0.6794269587986937,25,20,20
48,3493,0.0843833126481414,1.2074889807883129e-08,0.2695415321693058,0.6460751431076619,25,20,20
48,3494,0.0372724721480644,8.774497426987439e-06,0.2975495116989628,0.6651692416555447,25,20,20
48,3495,0.037320205933966434,4.636956255060441e-05,0.251517361276176,0.7111160632273064,25,20,20
48,3496,0.07379608806365495,0.0002719250839932671,0.20695086218628428,0.7189811246660665,25,20,20
48,3497,0.04432879958723059,0.02421896347297281,0.2492034668633484,0.6822487700764485,25,20,20
48,3498,0.06588236055851311,0.04180046176504582,0.21233463530531466,0.6799825423711263,25,20,20
48,3499,0.047572983937161986,0.07309514996083359,0.2150790197691167,0.6642528463328872,25,20,20
48,3500,0.04102592228963492,0.08065587753391307,0.15976964214433237,0.7185485580321189,25,20,20
48,3501,0.04120841612130276,0.0791242628841832,0.12127313801169741,0.7583941829828162,25,20,20
48,3502,0.03833863717476012,0.08956858443333077,0.08110652231658198,0.7909862560753268,25,20,20
48,3503,0.00033740243568203374,0.1113777530404181,0.1040780757248336,0.7842067687990663,25,20,20
48,3504,0.005428266957748224,0.06121016832265897,0.21113660420509298,0.7222249605145002,25,20,20
48,3505,0.005417810622115995,0.07184791303306218,0.2365308998102905,0.6862033765345308,25,20,20
48,3506,0.0003141417155680787,0.07094250516216952,0.23322800302079064,0.695515350101472,25,20,20
48,3507,0.000314141975054088,0.0715990617932353,0.21745254438166225,0.7106342518500489,25,20,20
48,3508,0.00017754259693860335,0.0344708432882569,0.2204628651150902,0.7448887489997148,25,20,20
48,3509,8.197191296517258e-05,0.047611005202383365,0.21020326235496734,0.7421037605296832,25,20,20
48,3510,0.004279316639635366,0.03958923789924115,0.19763940314544626,0.7584920423156767,25,20,20
48,3511,0.004045091618708733,0.039980207209838234,0.15724714863180073,0.7987275525396518,25,20,20
48,3512,0.019976611836542087,0.04000573123903165,0.13803246797982166,0.801985188944604,25,20,20
48,3513,0.018896159704319154,0.040002568101700345,0.1394893314757576,0.8016119407182228,25,20,20
48,3514,0.018983795872966412,0.04000275338778667,0.13784340638076117,0.8031700443584855,25,20,20
48,3515,0.00566143946773348,0.03999156235368265,0.19251093301005928,0.7618360651685238,25,20,20
48,3516,0.005742127516109836,0.03999292417979119,0.19289473201328644,0.7613702162908116,25,20,20
48,3517,0.0057709063787194795,0.03917002000508869,0.20552060347678416,0.7495384701394072,25,20,20
48,3518,0.040214340299662955,0.03964912056805401,0.13907746205796206,0.781059077074321,25,20,20
48,3519,0.08003507254700994,0.03947598182877468,0.11655544301763604,0.7639335026065792,25,20,20
48,3520,0.040199222842487,0.03999670891686416,0.12217425703872081,0.7976298112019274,25,20,20
48,3521,0.012655432772871789,0.039991420640156136,0.13598028583450217,0.8113728607524693,25,20,20
48,3522,1.0808397317662116e-05,0.03975118409491961,0.13483063457977987,0.8254073729279828,25,20,20
48,3523,6.051561278202888e-10,0.04023401613054935,0.12133236362981842,0.8384336196344756,25,20,20
48,3524,0.00016272769237755068,0.03914994272408737,0.12170804766621063,0.8389792819173243,25,20,20
48,3525,0.0001636477141865181,0.06845356431532396,0.10051046027936322,0.8308723276911258,25,20,20
48,3526,0.00016272800718057073,0.07904446742621338,0.08184920704849581,0.8389435975181101,25,20,20
48,3527,1.7130409261494673e-09,0.07956172415300344,0.10639021010707296,0.8140480640268826,25,20,20
48,3528,8.772834008501826e-05,0.07947972024717814,0.08885006321169467,0.8315824882010417,25,20,20
48,3529,0.034954348943339396,0.07951586927883728,0.054749102333206505,0.8307806794446164,25,20,20
48,3530,0.005862744190296842,0.08003326594690809,0.09028049195999813,0.8238234979027971,25,20,20
48,3531,1.9188141870135097e-11,0.0798312980445112,0.09845952106420684,0.8217091808720933,25,20,20
48,3532,5.845371965822905e-06,0.07983144684911833,0.09062431775876437,0.8295383900201513,25,20,20
48,3533,5.833061894545052e-06,0.07981860583315893,0.08102202746072022,0.8391535336442262,25,20,20
48,3534,0.0005620343741595515,0.07035719673520506,0.08969300033370718,0.839387768556928,25,20,20
48,3535,0.0005620468121568269,0.05504898900988547,0.10449188127788663,0.8398970829000709,25,20,20
48,3536,5.327062756426753e-06,0.05504870000214992,0.12151283924462625,0.8234331336904671,25,20,20
48,3537,1.4355106964548542e-08,0.06401382157562378,0.1176539831698705,0.8183321808993985,25,20,20
48,3538,1.3709601575468505e-08,0.02601742687974506,0.18302351524700552,0.7909590441636476,25,20,20
48,3539,0.0002530566374427498,0.041759295281621756,0.11678804695341198,0.8411996011275229,25,20,20
48,3540,0.00011538571013372963,0.04198214847633294,0.13558338390234903,0.8223190819111841,25,20,20
48,3541,0.00011533348871378782,0.04000943586697293,0.1386080077476681,0.8212672228966444,25,20,20
48,3542,8.018028887993834e-06,0.04002438304990517,0.12058135873239388,0.8393862401888126,25,20,20
48,3543,8.019664748377062e-06,0.04000112255289059,0.12975159549600102,0.8302392622863597,25,20,20
48,3544,0.010112823844710343,0.020314958349133203,0.13076089384266926,0.8388113239634866,25,20,20
48,3545,0.000502355838688905,0.04002626226058878,0.12022344903156373,0.839247932869158,25,20,20
48,3546,0.006010785662870355,0.040018835096068094,0.11625092567519876,0.8377194535658617,25,20,20
48,3547,0.0060107420411566635,0.039480496853300656,0.1151689823371624,0.8393397787683797,25,20,20
48,3548,0.0003322306795153286,0.04018877060461246,0.10682639484753187,0.8526526038683402,25,20,20
48,3549,0.0003365186464647901,0.02999015301336414,0.13145200957375672,0.8382213187664135,25,20,20
48,3550,0.027201712262932786,0.03998753520713652,0.10352144383191415,0.8292893086980161,25,20,20
48,3551,0.02720171225637175,0.04000475546164575,0.13318225715834953,0.799611275123633,25,20,20
48,3552,0.05001864001521486,0.0399868454840306,0.11151246724841153,0.7984820472523423,25,20,20
48,3553,0.07632693112943471,0.039973644282275095,0.05471861831366342,0.828980806274627,25,20,20
48,3554,0.042428698856003734,0.03997409281581807,0.12498922115776773,0.7926079871704103,25,20,20
48,3555,0.03663133945203219,0.04016499049581514,0.14171688226056187,0.7814867877915904,25,20,20
48,3556,0.0035275554070723306,0.04003939229430302,0.18895669692512373,0.7674763553734993,25,20,20
48,3557,3.844085984072894e-06,0.040033823288885134,0.2094876767831931,0.7504746558419364,25,20,20
48,3558,3.842344108021421e-06,0.07980350793445007,0.14576275199369604,0.7744298977277455,25,20,20
48,3559,0.0024042106206175287,0.06598155510831175,0.14038336208000238,0.7912308721910677,25,20,20
48,3560,0.00584531589131266,0.06597561903078013,0.17349497028235614,0.7546840947955505,25,20,20
48,3561,2.42430463899968e-05,0.04092733006151597,0.1680930587651589,0.7909553681269351,25,20,20
48,3562,5.4277054135228996e-08,0.04095459372580234,0.16873000274480376,0.7903153492523387,25,20,20
48,3563,8.422630721633291e-08,0.040018302380379234,0.15322929749996964,0.8067523158933427,25,20,20
48,3564,1.8218907134182665e-06,0.040985119360174724,0.12000655897321952,0.8390064997758918,25,20,20
48,3565,2.00713646601355e-06,0.04046982654556773,0.12954255467885392,0.8299856116391117,25,20,20
48,3566,2.00713692346889e-06,0.0029845715360973806,0.1811304159227064,0.8158830054042723,25,20,20
48,3567,1.9779195267199565e-06,0.0030072498579628982,0.1653992977265186,0.8315914744959915,25,20,20
48,3568,0.0001751164458298488,0.0010503622724076147,0.19663504008387156,0.8021394811978907,25,20,20
48,3569,0.00016848488993128914,3.851171309069729e-05,0.20783632894902507,0.7919566744479525,25,20,20
48,3570,1.6943905685319542e-06,0.0019239541711124043,0.20398032655934603,0.7940940248789725,25,20,20
48,3571,0.004402257087908351,0.0019240860516618428,0.20800556689612537,0.7856680899643037,25,20,20
48,3572,0.013051332460752367,6.68168367496749e-07,0.16221282587359498,0.8247351734972846,25,20,20
48,3573,1.7539303550767725e-08,0.030229575776110802,0.17644610735811703,0.7933242993264684,25,20,20
48,3574,0.03999774779530652,0.030229617388931297,0.1427003110091628,0.7870723238065992,25,20,20
48,3575,0.02198520587745826,0.03936732426883582,0.16159848117458842,0.7770489886791168,25,20,20
48,3576,0.0002784232708340206,0.03937722319257384,0.17655919185953625,0.7837851616770547,25,20,20
48,3577,0.0002816404944554849,0.0797715194467058,0.12605343989078935,0.7938934001680491,25,20,20
48,3578,0.00013088361991023674,0.10510788354128969,0.09372790014922083,0.8010333326895785,25,20,20
48,3579,0.0001307339330152657,0.06734006220920775,0.13856319448767798,0.7939660093700983,25,20,20
48,3580,0.005195910752952132,0.11089185317951389,0.08188400370698651,0.8020282323605474,25,20,20
48,3581,4.123694623549201e-06,0.11875984156864766,0.04290685940505814,0.8383291753316704,25,20,20
48,3582,1.4839180736381012e-06,0.11844015749627847,0.04218524372235226,0.8393731148632955,25,20,20
48,3583,1.4838730004269654e-06,0.11929934619284255,0.04178705519192158,0.8389121147422353,25,20,20
48,3584,1.555357195660677e-06,0.060086095187406326,0.10131497850214018,0.8385973709532574,25,20,20
48,3585,0.03966306955139143,0.06012403329043651,0.07130681039539655,0.8289060867627757,25,20,20
48,3586,0.00012292151083890342,0.07918710131400179,0.08313891825676979,0.8375510589183891,25,20,20
48,3587,0.00012292042767278146,0.07999055222093462,0.09710921177609483,0.8227773155752974,25,20,20
48,3588,0.0001229130140252081,0.0799880138637687,0.09760415009189112,0.8222849230303148,25,20,20
48,3589,0.00012288423263666847,0.07998759172770183,0.08106824832101835,0.8388212757186428,25,20,20
48,3590,0.00012288307092933286,0.07946837207762618,0.08252076676379935,0.837887978087645,25,20,20
48,3591,1.316854493317323e-11,0.07948000069986695,0.0821999991651954,0.8383200001217689,25,20,20
48,3592,0.037141279346225985,0.0797566916883476,0.060466532568881105,0.8226354963965451,25,20,20
48,3593,0.00024311916475250081,0.07973791113754086,0.05108515463904709,0.8689338150586589,25,20,20
48,3594,0.0004101461358478561,0.07934336296076241,0.041528002815671504,0.8787184880877177,25,20,20
48,3595,0.0004101470784046195,0.07934923283329931,0.05053152088696277,0.8697090992013332,25,20,20
48,3596,0.012932489297838664,0.04241343329183086,0.07528972004762818,0.869364357362702,25,20,20
48,3597,6.832853144924628e-05,0.04986083427548725,0.07875052308609164,0.8713203141069712,25,20,20
48,3598,8.124400827071138e-05,0.05585293750572754,0.08800430234269437,0.8560615161433069,25,20,20
48,3599,4.374476346169737e-06,0.0400109204549811,0.10484862306391657,0.8551360820047555,25,20,20
48,3600,0.00014380849473971994,0.040014903537273945,0.09377244524178245,0.8660688427262033,25,20,20
48,3601,0.00014380857067174596,6.33842420429337e-05,0.16310137059980379,0.836691436587481,25,20,20
48,3602,0.02021750300815793,0.023554048875398137,0.1191447724369959,0.8370836756794473,25,20,20
48,3603,8.757090470058783e-06,0.023548184448863783,0.13678313697585712,0.8396599214848088,25,20,20
48,3604,0.001376991422932827,0.07003852066469901,0.09681782539134273,0.831766662521025,25,20,20
48,3605,0.0013769094331408955,0.08304991042399319,0.08260731557496662,0.8329658645678986,25,20,20
48,3606,0.00709620876594921,0.0835582685173324,0.0947691042161261,0.8145764185005919,25,20,20
48,3607,0.0070962078286388895,0.08309402133064843,0.10176562301855668,0.8080441478221553,25,20,20
48,3608,0.03497845973326838,0.061737303749388045,0.1045014486418579,0.7987827878754858,25,20,20
48,3609,0.036257612752760425,0.07175146496385726,0.0778359251956247,0.8141549970877575,25,20,20
48,3610,0.040074321206419565,0.060304711806671206,0.07674847195361643,0.8228724950332926,25,20,20
48,3611,0.03999660944414189,0.06009478613817906,0.09059846302584855,0.8093101413918302,25,20,20
48,3612,0.03999660944048546,0.06031616325592427,0.06760901311599975,0.8320782141875905,25,20,20
48,3613,0.03649901796032641,0.07997586086770245,0.04477033300228014,0.8387547881696904,25,20,20
48,3614,4.609594457396304e-06,0.07999184702952139,0.08130034665825728,0.8387031967177633,25,20,20
48,3615,9.362642291205915e-06,0.07975434059627,0.08230335188997669,0.8379329448714619,25,20,20
48,3616,7.381903149781467e-06,0.09494664890661625,0.0676404269796918,0.8374055422105419,25,20,20
48,3617,0.00021488389696525532,0.08010484775060167,0.1562032281771408,0.7634770401752915,25,20,20
48,3618,2.630315754794075e-07,0.07997547698986678,0.20938902108362292,0.7106352388949351,25,20,20
48,3619,0.00011460566238190678,0.07978167265979194,0.20490352610997253,0.7152001955678537,25,20,20
48,3620,1.6729179180229193e-06,0.0796757273219706,0.22072205408916548,0.6996005456709448,25,20,20
48,3621,0.09764446467207467,0.07883870975812682,0.10258894377659715,0.7209278817932007,25,20,20
48,3622,0.03861681088549468,0.08003007786058623,0.08202915025655833,0.7993239609973607,25,20,20
48,3623,0.038616810888685044,0.058113300824484196,0.10499412169129049,0.7982757665955401,25,20,20
48,3624,0.006704433136221537,0.058149855735645684,0.1359268046852693,0.7992189064428632,25,20,20
48,3625,0.02206298517749145,0.039513416026876455,0.16246806346096337,0.7759555353346677,25,20,20
48,3626,0.00047561474864714316,0.039468964834898174,0.17678042213593617,0.7832749982805176,25,20,20
48,3627,0.0006485004786230448,0.039467947916357334,0.17598862387287717,0.7838949277321422,25,20,20
48,3628,0.04799753303302756,1.1415915788434868e-06,0.17892132467315391,0.7730800007022397,25,20,20
48,3629,0.04755451616433648,7.423413812090005e-07,0.1699683229456312,0.7824764185486508,25,20,20
48,3630,0.03866199197950157,5.788054896047619e-07,0.143612858711233,0.8177245705037757,25,20,20
48,3631,0.038653318219336916,1.3884122839623142e-05,0.16031843046000457,0.8010143671978186,25,20,20
48,3632,0.0030812311032644758,5.322850278577612e-07,0.21618402676550283,0.7807342098462051,25,20,20
48,3633,0.013890162224720982,0.0004299689830620133,0.1855353656290924,0.8001445031631242,25,20,20
48,3634,0.0006179426688993808,0.032675438777169497,0.14360348502132125,0.8231031335326093,25,20,20
48,3635,0.00023090003794760415,0.03267509537151378,0.1518345917152177,0.8152594128753207,25,20,20
48,3636,1.7234827990207596e-07,1.8100738408044163e-08,0.22308744079816492,0.7769123687528163,25,20,20
48,3637,3.389843321077913e-07,0.0045077441234637056,0.2289653556828678,0.7665265612093352,25,20,20
48,3638,5.9912985159282544e-06,0.020061564779277265,0.18237959757849836,0.7975528463437074,25,20,20
48,3639,0.00029877951889064567,0.020061558421554642,0.21944494766680558,0.7601947143927485,25,20,20
48,3640,0.0024786879440682687,0.020089501063408698,0.20551322373509742,0.7719185872574247,25,20,20
48,3641,1.5912935712328692e-06,0.0200660710610603,0.17755599776037848,0.8023763398849895,25,20,20
48,3642,0.00031072933655528623,0.02008049074174559,0.19625580742943677,0.7833529724922615,25,20,20
48,3643,0.037601833630297815,0.020079698109620375,0.169884302896883,0.7724341653631984,25,20,20
48,3644,0.03782507113755347,0.039095958794531406,0.13724759947272916,0.785831370595186,25,20,20
48,3645,0.07680454806569553,0.03909595814376807,0.0629393702998859,0.8211601234906506,25,20,20
48,3646,0.055250871088819015,0.039096256870099724,0.06717009846291622,0.8384827735781648,25,20,20
48,3647,0.0008388168408025511,0.039988863594355904,0.12214375368572529,0.8370285658791162,25,20,20
48,3648,0.0007216617773994266,0.039989225081456616,0.12043375856858785,0.8388553545725557,25,20,20
48,3649,2.413428479145629e-07,0.039988216238484225,0.08870943195876785,0.8713021104598997,25,20,20
48,3650,1.0608802447791269e-07,0.04004373178691306,0.08088776474736148,0.8790683973777004,25,20,20
48,3651,9.438555227155748e-08,0.040037521427049,0.09126614830347174,0.868696235883927,25,20,20
48,3652,1.12154657181585e-06,0.0247495412559701,0.10828773394539107,0.8669616032520665,25,20,20
48,3653,1.1224992698908608e-06,0.04132851923269734,0.09824840471917876,0.8604219535488535,25,20,20
48,3654,8.166988941811031e-05,0.04003520790184531,0.11978262184299869,0.8401005003657376,25,20,20
48,3655,0.00372025255865715,0.04261749783672816,0.11354105931518249,0.8401211902894322,25,20,20
48,3656,0.0037202522272203552,0.042617497834748164,0.11412688155321676,0.8395353683848148,25,20,20
48,3657,1.441952238226631e-05,0.04004764773295981,0.1123406838047564,0.8475972489399008,25,20,20
48,3658,7.054998509394926e-07,0.029977306720121402,0.1299839585181923,0.8400380292618348,25,20,20
48,3659,7.054657148220701e-07,0.02997728607455669,0.13787222686484413,0.832149781594884,25,20,20
48,3660,0.0380802508813079,0.0019945973569471514,0.17933119882739473,0.7805939529343502,25,20,20
48,3661,1.0514452053490611e-07,2.4547791570841877e-06,0.21857630581770537,0.7814211342586163,25,20,20
48,3662,1.0515770095542732e-07,4.9720724705902776e-05,0.1677279025310585,0.8322222715865341,25,20,20
48,3663,2.0281959001366644e-06,0.03001315862182112,0.13781762303731954,0.8321671901449587,25,20,20
48,3664,1.3663460583203436e-06,7.055207868751546e-07,0.1441562109675485,0.8558417171656059,25,20,20
48,3665,0.03723560452789431,7.158933859899447e-07,0.12061110363309582,0.8421525759456236,25,20,20
48,3666,0.029605179333574774,1.0932360904240594e-06,0.10711412121552893,0.8632796062148054,25,20,20
48,3667,0.02960517861761468,3.90645429402748e-08,0.08346662232784915,0.8869281599899936,25,20,20
48,3668,0.052483223936586304,1.097896696397131e-08,0.06997238484622591,0.8775443802382209,25,20,20
48,3669,0.05248322367918762,2.082281013399258e-09,0.05179255572871981,0.8957242185098113,25,20,20
48,3670,0.04904561124696013,2.4370123974526555e-08,0.032558922490986804,0.9183954418919291,25,20,20
48,3671,0.01618194106579071,1.915465956997051e-07,0.07210101376874357,0.9117168536188696,25,20,20
48,3672,0.000247881980705949,9.395760003385099e-06,0.08566247988934048,0.9140802423699498,25,20,20
48,3673,0.00019660637642460088,2.8297901568163874e-08,0.08653396822031235,0.9132693971053611,25,20,20
48,3674,0.006352548688808358,1.887830192545858e-05,0.09131974332378982,0.9023088296854759,25,20,20
48,3675,6.902582449780551e-06,6.077889188533897e-05,0.09747720926631168,0.9024551092593529,25,20,20
48,3676,1.1491510775999132e-05,2.8830260709334353e-05,0.08135954385766576,0.9186001343708483,25,20,20
48,3677,8.460018066122968e-06,2.933724578165838e-05,0.08949029909181012,0.9104719036443416,25,20,20
48,3678,0.005785847331504944,2.8835482054243786e-05,0.07500482134955055,0.91918049583689,25,20,20
48,3679,0.005777442384178388,5.499838509906544e-09,0.0764945844174179,0.917727967698565,25,20,20
48,3680,0.00577749816057896,2.0971056624218343e-07,0.07601647329379768,0.9182058188350573,25,20,20
48,3681,0.012788565561211435,5.803725510693082e-06,0.06817622441795035,0.9190294062953273,25,20,20
48,3682,0.036692519127311286,2.8826984182090437e-05,0.05297505025822014,0.9103036036302861,25,20,20
48,3683,0.010223365851073116,0.00015313764582515293,0.07120512141633834,0.9184183750867632,25,20,20
48,3684,0.04565777430202206,1.0852315525065525e-06,0.03598061139211405,0.918360529074311,25,20,20
48,3685,0.03406709202301578,6.353948584842413e-07,0.05362895481083739,0.9123033177712883,25,20,20
48,3686,0.03372875299833698,6.352878840068053e-07,0.05413906958231102,0.9121315421314677,25,20,20
48,3687,0.03990101810249412,1.4033676484968994e-07,0.10699113372025428,0.8531077078404864,25,20,20
48,3688,0.015875495964394144,1.666730391478367e-05,0.1122048025070525,0.8719030342246384,25,20,20
48,3689,0.0005812418422207786,2.2950908943095694e-08,0.1338427796019518,0.8655759556049181,25,20,20
48,3690,0.004826418159685313,1.0264933944888126e-06,0.1308161591287504,0.8643563962181696,25,20,20
48,3691,0.03738497651270262,7.75405140402519e-07,0.08426326118567548,0.8783509868964812,25,20,20
48,3692,2.2142399471589114e-05,7.799828642762181e-07,0.19494977141992254,0.805027306197741,25,20,20
48,3693,0.04395677325791707,3.424751790229152e-05,0.15063147001816837,0.805377509206012,25,20,20
48,3694,0.07312593814806136,8.864577298682227e-07,0.0924189233235797,0.8344542520706291,25,20,20
48,3695,0.07992535932759719,0.0023836969616612257,0.1257825972744282,0.7919083464363128,25,20,20
48,3696,0.05170753893341168,0.0023837005741721845,0.18857079362130386,0.7573379668711117,25,20,20
48,3697,0.04923851291965333,0.002382919615884863,0.18766327788322928,0.7607152895812317,25,20,20
48,3698,0.051832438345874504,1.6802017331909177e-06,0.21770508308546183,0.7304607983669298,25,20,20
48,3699,0.03998113970858615,4.987792282300985e-05,0.23086076774056266,0.7291082146280273,25,20,20
48,3700,0.03997397731041434,0.0010561733089675097,0.2720008563288956,0.686968993051722,25,20,20
48,3701,0.0402087586789109,0.001055990554544621,0.2633698324888968,0.695365418277647,25,20,20
48,3702,0.06080480649993473,4.9312325126790845e-05,0.19638495052037147,0.7427609306545659,25,20,20
48,3703,0.05324847504206462,0.000474036778128677,0.19903877979675244,0.7472387083830541,25,20,20
48,3704,0.036967058962848964,0.0004737336927365119,0.20033350725190818,0.762225700092506,25,20,20
48,3705,0.030860932842579673,4.908645146078341e-05,0.2286608902678289,0.7404290904381301,25,20,20
48,3706,0.07025570246387729,4.9014046334862103e-05,0.17740851430001586,0.7522867691897719,25,20,20
48,3707,0.04300280778358976,8.561756870365791e-05,0.1954234711677225,0.7614881034799836,25,20,20
48,3708,0.016826421335521077,5.015649104288049e-05,0.18289465608720384,0.8002287660862311,25,20,20
48,3709,0.09090293547925228,2.0050974015645966e-05,0.10931011845574373,0.7997668950909876,25,20,20
48,3710,0.11402220873249774,0.00045527938948568264,0.12172812342467662,0.7637943884533389,25,20,20
48,3711,0.07878833780832994,0.0004354802936772683,0.17852890163561055,0.7422472802623815,25,20,20
48,3712,0.03602277738595177,0.000296760888803766,0.19169156525264697,0.771988896472597,25,20,20
48,3713,0.0063185296108897735,9.900698251759433e-07,0.20064365370835746,0.7930368266109272,25,20,20
48,3714,0.006419875915622697,8.825046309153345e-07,0.2227404919574406,0.7708387496223048,25,20,20
48,3715,0.000135317732109273,8.42032108935315e-07,0.2131432002959159,0.7867206399398637,25,20,20
48,3716,0.035100370426687316,5.648913142579999e-07,0.16465229993862324,0.8002467647433744,25,20,20
48,3717,0.06557943694682822,6.70953754286474e-07,0.14321045973634017,0.7912094323630764,25,20,20
48,3718,0.029570445627180506,6.94552566620925e-07,0.19316217868792843,0.7772666811323238,25,20,20
48,3719,0.033447442607289476,6.804179173980565e-07,0.17445252030261968,0.7920993566721727,25,20,20
48,3720,0.06071939588599301,1.0776302698136916e-07,0.13720851537207465,0.8020719809789051,25,20,20
48,3721,0.06026011035423992,2.0393157137183642e-05,0.13806983369549033,0.8016496627931327,25,20,20
48,3722,0.050163741877067236,2.063160378048264e-05,0.1669980388849589,0.7828175876341927,25,20,20
48,3723,0.03754320026373293,6.815870691369297e-08,0.18119251971890749,0.7812642118586518,25,20,20
48,3724,0.01889129385930459,2.005537616570476e-07,0.19979143570272345,0.7813170698842097,25,20,20
48,3725,0.009013721647842,4.4562251009725795e-07,0.2104429299977046,0.7805429027319417,25,20,20
48,3726,0.008934855777489674,0.03946793607306443,0.16175863080082725,0.7898385773486177,25,20,20
48,3727,0.026343828796446127,0.039999628069458185,0.13299922829568062,0.8006573148384147,25,20,20
48,3728,0.04016774378256865,0.0404022398201825,0.12945438806001522,0.7899756283372329,25,20,20
48,3729,0.07898651542109192,0.020707903054973224,0.10148711394213661,0.7988184675817978,25,20,20
48,3730,0.07651800634275072,0.022226462465795627,0.11110246190031031,0.7901530692911425,25,20,20
48,3731,0.049276426682023616,0.02034302797795939,0.1315005413218519,0.7988800040181644,25,20,20
48,3732,0.022166462034984707,0.039387027536690204,0.13967866932879316,0.798767841099531,25,20,20
48,3733,0.009038094546937863,0.039807246455389016,0.16142972889926924,0.789724930098404,25,20,20
48,3734,0.0037563371529270883,0.030985395898491183,0.2047180233113643,0.7605402436372163,25,20,20
48,3735,0.0080047778320653,0.000804509519760316,0.23664235315550886,0.7545483594926644,25,20,20
48,3736,1.8114684934076898e-06,0.04029474037874053,0.20791531103076985,0.7517881371219943,25,20,20
48,3737,4.244088483034204e-05,0.039515577877606727,0.22790688265391382,0.7325350985836475,25,20,20
48,3738,8.54128194305906e-06,0.0395169086293775,0.2014851612025527,0.7589893888861263,25,20,20
48,3739,0.00013512020504329996,0.032296287682241756,0.21655002665769152,0.7510185654550233,25,20,20
48,3740,0.01273258119472236,0.0395588855386831,0.16647726650882866,0.7812312667577659,25,20,20
48,3741,0.012732581194727135,0.03955888540645792,0.15610452616756293,0.7916040072312519,25,20,20
48,3742,0.01273259937976464,0.03952212203186356,0.157368841276838,0.7903764373115334,25,20,20
48,3743,0.00034544206020721563,0.03952188037615126,0.16068490374062874,0.7994477738230122,25,20,20
48,3744,0.0038704046951373167,0.039477406102494526,0.1584879778481447,0.7981642113542229,25,20,20
48,3745,0.012637969414060844,0.03998913105551175,0.15061110763187713,0.7967617918985493,25,20,20
48,3746,0.009607602397348453,0.04055688357985995,0.15889230529458018,0.790943208728211,25,20,20
48,3747,0.008955622740520686,0.0399886955573898,0.08827826734036819,0.8627774143617214,25,20,20
48,3748,0.00026794852257804193,0.039988227116733374,0.11241863474887857,0.8473251896118099,25,20,20
48,3749,0.0002659922909899283,0.03999998452316256,0.0906015577467749,0.8691324654390723,25,20,20
48,3750,0.00026599229048485974,0.039479810816101434,0.09028411320960311,0.8699700836838111,25,20,20
48,3751,0.013098023333624167,0.03933139165312228,0.06827366474011118,0.8792969202731423,25,20,20
48,3752,0.013098023333723237,0.03933139488842641,0.06836089791791167,0.8792096838599387,25,20,20
48,3753,9.855827266133877e-05,0.03933139475576325,0.11132646308821632,0.8492435838833591,25,20,20
48,3754,0.003115827219074589,0.039479660228476196,0.10701900605475047,0.8503855064976987,25,20,20
48,3755,7.972726362452886e-06,0.039480067268847015,0.08174954804108202,0.8787624119637084,25,20,20
48,3756,7.972726079387753e-06,0.03947088436545359,0.08816347378235559,0.8723576691261115,25,20,20
48,3757,7.576626517328082e-06,0.03981912484599445,0.09039495085222127,0.8697783476752666,25,20,20
48,3758,0.012344468006840104,0.0398318106013415,0.08437626874621922,0.8634474526455987,25,20,20
48,3759,0.032157741170820583,0.039818922367058265,0.03553787851553825,0.8924854579465827,25,20,20
48,3760,0.03215774115791609,0.039479565854871196,0.027059095490913357,0.9013035974962995,25,20,20
48,3761,1.4339138504944648e-07,0.0019931470777171225,0.13671765973637443,0.861289049794523,25,20,20
48,3762,3.892337833667306e-06,6.686539116073516e-07,0.13925782026043468,0.8607376187478195,25,20,20
48,3763,3.963016081721437e-06,6.537877433811806e-07,0.12738215692428617,0.8726132262718884,25,20,20
48,3764,4.927813092996531e-06,0.002638295368015431,0.1170014648943859,0.8803553119245051,25,20,20
48,3765,2.0380821485547817e-05,0.0005748595421440966,0.14425498303751028,0.85514977659886,25,20,20
48,3766,0.000184851473925852,3.2379577870093095e-05,0.13937393435943748,0.8604088345887659,25,20,20
48,3767,3.262415871046376e-06,1.7149024527536155e-10,0.0815737677290051,0.9184229696836337,25,20,20
48,3768,6.363484971568932e-05,1.0797159999321355e-05,0.08087641989358088,0.9190491480967037,25,20,20
48,3769,0.008168368321522712,6.139770259690137e-11,0.07291637182086524,0.9189152597962138,25,20,20
48,3770,1.9032996134748244e-09,1.5762043513139762e-07,0.08801120680256957,0.9119886336736956,25,20,20
48,3771,5.6322257251663665e-08,1.8602726393404548e-08,0.08916112520176664,0.9108387998732494,25,20,20
48,3772,1.747551974758016e-06,9.658543334294437e-09,0.08993264854499933,0.9100655942444824,25,20,20
48,3773,1.2841426216202096e-06,0.03869414424093685,0.04193393007413342,0.9193706415423079,25,20,20
48,3774,0.032147431091405276,0.03869413483807747,0.009815995487734595,0.919342438582783,25,20,20
48,3775,0.03953702881673298,0.039999823624521355,0.01718148652983053,0.9032816610289152,25,20,20
48,3776,0.03953702881731735,0.0009131098792755212,0.041070866574968494,0.9184789947284385,25,20,20
48,3777,0.03953702882286564,0.0009131099914969622,0.04851448351516308,0.9110353776704742,25,20,20
48,3778,4.4858554849632675e-09,0.0009137181560525695,0.08006428065710752,0.9190219967009842,25,20,20
48,3779,1.37915574273182e-06,0.0007624098377488222,0.08229354667589689,0.9169426643306113,25,20,20
48,3780,2.1050312044343553e-11,0.0009602877522707541,0.04283973778746697,0.9561999744392119,25,20,20
48,3781,1.1375832881365758e-08,0.020046452201672046,0.05981550635430631,0.9201380300681886,25,20,20
48,3782,5.8584872104427695e-12,0.0399905439132371,0.0032805188762396868,0.9567289372046648,25,20,20
48,3783,2.0351421865149698e-07,0.03999980882898268,0.03883966271549994,0.9211603249412981,25,20,20
48,3784,5.0430648488702287e-11,0.0413518959003659,0.06423235464489943,0.8944157494043036,25,20,20
48,3785,3.429752771661722e-11,0.04135189609182406,0.08522918347955857,0.8734189203943195,25,20,20
48,3786,3.6466313989049834e-08,0.04135175901135677,0.0787221959941943,0.8799260085281349,25,20,20
48,3787,3.716984044247531e-08,0.04001617616409457,0.09033939554840761,0.8696443911176572,25,20,20
48,3788,3.643184565492974e-08,0.0400039555783333,0.08196719086105606,0.8780288171287648,25,20,20
48,3789,0.005362052314313807,0.03933115996274968,0.08679127270252734,0.8685155150204086,25,20,20
48,3790,0.005362052314499957,0.0393311599073455,0.10146859552381954,0.8538381922543347,25,20,20
48,3791,0.0001872457350102898,0.0399880189115374,0.11254146833352323,0.8472832670199292,25,20,20
48,3792,6.829067380632306e-05,0.000711313159078308,0.13614010181353867,0.8630802943535767,25,20,20
48,3793,0.039911290589564365,2.829629646485944e-07,0.11843406075742396,0.8416543656900469,25,20,20
48,3794,0.003060892135840135,3.7226977527803255e-07,0.1579028423061511,0.8390358932882326,25,20,20
48,3795,0.0029555024856656896,2.0848443091148102e-08,0.16714539413530766,0.8298990825305829,25,20,20
48,3796,0.00011351143448311576,3.6054674114936336e-09,0.10429928289954951,0.8955872020604997,25,20,20
48,3797,0.0003161603790755432,6.183312222998566e-09,0.10626922617164611,0.8934146072659653,25,20,20
48,3798,0.0003160917812901535,3.38738910585615e-07,0.10050863967412202,0.8991749298056771,25,20,20
48,3799,0.00031607305087448333,3.354931304962076e-07,0.09878044986274569,0.9009031415932494,25,20,20
48,3800,3.704201119672335e-08,3.3588166954348745e-07,0.1162166104295917,0.8837830166467271,25,20,20
48,3801,8.911430199775469e-05,9.852080144376839e-08,0.12338334567606749,0.8765274415011329,25,20,20
48,3802,0.024345426423101727,1.3627124240689723e-06,0.08158473451618578,0.8940684763482882,25,20,20
48,3803,0.017742846348134424,1.4113758819726364e-07,0.09771016856280332,0.8845468439514735,25,20,20
48,3804,0.039878908644309104,9.934615588784108e-09,0.06419083531392633,0.8959302461071484,25,20,20
48,3805,0.04710218636548351,1.1564015643686124e-10,0.043407044485634205,0.909490769033242,25,20,20
48,3806,0.039960576888268456,6.102585377575712e-07,0.10313835272425101,0.8569004601289428,25,20,20
48,3807,9.729026524156948e-05,6.600463689402314e-07,0.13693073787830937,0.8629713118100804,25,20,20
48,3808,8.653794421088784e-05,3.694240828497763e-05,0.16528367435414343,0.8345928452933608,25,20,20
48,3809,0.03861781235308771,0.0020254231766813793,0.11935862207771379,0.8399981423925166,25,20,20
48,3810,0.040792179351147345,0.022167014545721342,0.17543080209385814,0.7616100040092725,25,20,20
48,3811,0.04470989612907953,0.02017854180864723,0.1761755036655922,0.7589360583966811,25,20,20
48,3812,0.04543029964993152,0.04131072949756492,0.190212875180173,0.72304609567233,25,20,20
48,3813,0.0002167207339449216,0.03187219612865308,0.2326652487616418,0.7352458343757597,25,20,20
48,3814,1.0208061531987518e-05,0.04006375603840115,0.22351646351531249,0.7364095723847527,25,20,20
48,3815,1.1530150854539845e-05,0.06414122214897121,0.2084319114361795,0.7274153362639934,25,20,20
48,3816,0.0052444988781860215,0.06410401409508854,0.18257119768218655,0.7480802893445374,25,20,20
48,3817,0.008880442512490065,0.08229074913377643,0.11869042797540036,0.7901383803783326,25,20,20
48,3818,0.008880322107183022,0.06284803070822655,0.14752672855262178,0.7807449186319688,25,20,20
48,3819,0.00673880604351544,0.040651681419203466,0.20005514060771154,0.7525543719295689,25,20,20
48,3820,4.381501032997876e-05,0.06008813332581294,0.20652595523050354,0.7333420964333532,25,20,20
48,3821,0.00017878531658363465,0.022269122582831233,0.22638828467235764,0.751163807428227,25,20,20
48,3822,0.0036981815577563954,0.04001321817931836,0.20430453090105236,0.7519840693618727,25,20,20
48,3823,0.01308911707698747,0.039766862520037194,0.1276130673818288,0.8195309530211458,25,20,20
48,3824,0.0013842151695886169,0.039999630150561606,0.12776311618814382,0.8308530384917053,25,20,20
48,3825,0.001384160720891242,0.03999984482604103,0.12740271556506388,0.8312132788880033,25,20,20
48,3826,0.0013841619733616682,0.04004537725906891,0.1662667306870131,0.7923037300805558,25,20,20
48,3827,0.015357790227765115,0.03932248240338144,0.16159908235989678,0.783720645008956,25,20,20
48,3828,0.0003068381125852422,0.03133179208503665,0.19407500967229863,0.7742863601300789,25,20,20
48,3829,0.012642814762347597,0.03133178600105291,0.20474672497860666,0.7512786742579928,25,20,20
48,3830,0.029048605206108587,0.03145603111635358,0.1470886954629196,0.7924066682146179,25,20,20
48,3831,0.0006091375762360455,0.031331614198105345,0.1683779160388851,0.7996813321867725,25,20,20
48,3832,0.0001341884837124306,0.03973540244529363,0.16037049911301282,0.7997599099579807,25,20,20
48,3833,0.007143493254336854,0.04005778359395733,0.1534168535979406,0.7993818695537647,25,20,20
48,3834,0.020363794418358217,0.03974354292524049,0.14069701695437606,0.7991956457020245,25,20,20
48,3835,0.0029244481216379047,0.0393126712557572,0.15874901330542474,0.7990138673171795,25,20,20
48,3836,0.012843393206642238,0.04042661625907918,0.14795462908847953,0.7987753614457987,25,20,20
48,3837,0.012841512134714638,0.0409373867941592,0.14721056849079936,0.7990105325803265,25,20,20
48,3838,0.029946164604864815,0.040937387924554675,0.13057002346425534,0.7985464240063247,25,20,20
48,3839,0.07096910366600044,0.04089050412144926,0.08982933240811265,0.798311059804437,25,20,20
48,3840,0.07108038605267196,0.07180695255952046,0.05777104363615582,0.7993416177516512,25,20,20
48,3841,0.04306749094575956,0.07185701535623393,0.08715002274727464,0.7979254709507317,25,20,20
48,3842,0.030731124351468596,0.062196922965364554,0.15989126768502498,0.7471806849981416,25,20,20
48,3843,4.10428826825302e-06,0.10165282825516186,0.13838036777502202,0.7599626996815475,25,20,20
48,3844,4.0936979557121774e-06,0.11979785774615982,0.13001704136994843,0.7501810071859353,25,20,20
48,3845,6.326252723775576e-06,0.11882208110758649,0.12040181543463731,0.760769777205052,25,20,20
48,3846,6.292907346930168e-06,0.07999444364324378,0.1590656827959747,0.7609335806534346,25,20,20
48,3847,6.408721431110818e-06,0.08002321705132137,0.16785305140815904,0.7521173228190879,25,20,20
48,3848,0.00045655310037303205,0.08155370491828927,0.1579206375599077,0.7600691044214293,25,20,20
48,3849,1.2415812018598266e-07,0.09960101525289171,0.10931071388936205,0.7910881466996257,25,20,20
48,3850,0.0016893391147159015,0.09959734340766531,0.11596726399635983,0.7827460534812584,25,20,20
48,3851,0.00169307529049683,0.07951153196464276,0.19079534080896782,0.7280000519358925,25,20,20
48,3852,0.0016834145006061052,0.04315924041769361,0.2008906036480911,0.7542667414336093,25,20,20
48,3853,4.741603288029243e-05,0.04315936071594884,0.2798174421823294,0.6769757810688405,25,20,20
48,3854,0.007245697575980299,0.052746409682927604,0.2742824927281479,0.6657254000129436,25,20,20
48,3855,0.00034955745498740817,0.06946363677121886,0.2581744999911412,0.6720123057826518,25,20,20
48,3856,0.0006665522554116495,0.07953302753987973,0.25273457003323807,0.6670658501714699,25,20,20
48,3857,6.358066810357677e-06,0.0642178591380054,0.24454600440717544,0.6912297783880089,25,20,20
48,3858,0.008103029895607466,0.06445287287554682,0.2223738090731072,0.7050702881557388,25,20,20
48,3859,0.0007619529574772139,0.06232367815402668,0.2504078708344562,0.6865064980540396,25,20,20
48,3860,4.2836023950063844e-05,0.07918364211856413,0.2620114857319692,0.6587620361255151,25,20,20
48,3861,1.0042708071836325e-05,0.07950351598203724,0.22110010874218436,0.699386332567706,25,20,20
48,3862,0.009552577117293164,0.04198668261600513,0.23075201633992296,0.7177087239267772,25,20,20
48,3863,0.00020067796662438266,0.026605075796229175,0.27018386630386376,0.7030103799332815,25,20,20
48,3864,0.00020731905466979901,0.02658506583485552,0.27566555690655925,0.6975420582039145,25,20,20
48,3865,0.0003479444745325048,0.026578279126900774,0.2740706196119481,0.6990031567866168,25,20,20
48,3866,0.03392011262259443,0.02657751309377411,0.22022262008659382,0.7192797541970368,25,20,20
48,3867,0.03403886973797666,0.00199533470797363,0.2439440086982879,0.7200217868557606,25,20,20
48,3868,6.730384801283224e-05,0.02606820535477819,0.23254816706946305,0.7413163237277451,25,20,20
48,3869,0.012421556353376478,0.04147191980033416,0.20366860161889158,0.7424379222273967,25,20,20
48,3870,0.005902632168955393,0.0393513939649045,0.19676359823872244,0.757982375627417,25,20,20
48,3871,0.01224837718221651,0.0398359441491544,0.20505995081544257,0.7428557278531861,25,20,20
48,3872,0.012248377200455693,0.04002864238964446,0.21186641285580055,0.7358565675540989,25,20,20
48,3873,0.0360786950723107,0.03950714270350763,0.1812805820257462,0.7431335801984349,25,20,20
48,3874,0.040032738963818704,0.06542562024731746,0.15062467827422973,0.7439169625146337,25,20,20
48,3875,0.03607873180545097,0.06517982185888842,0.16613275982922604,0.7326086865064344,25,20,20
48,3876,0.005365035030926699,0.07949914508656335,0.18352533461661222,0.7316104852658968,25,20,20
48,3877,3.722165468832608e-08,0.07947526568386029,0.17066646194200266,0.7498582351524816,25,20,20
48,3878,0.0025581966666883196,0.07988019943557007,0.13597672852578202,0.7815848753719592,25,20,20
48,3879,0.005958684717551759,0.07946483184600606,0.15700079560878188,0.75757568782766,25,20,20
48,3880,0.03738541557860484,0.07946485544973143,0.1414913806713642,0.741658348300299,25,20,20
48,3881,3.669729975094983e-11,0.08000525150215304,0.1451258546024481,0.774868893858701,25,20,20
48,3882,4.099474962496265e-06,0.0807765356036349,0.14341676288219946,0.7758026020392024,25,20,20
48,3883,4.099593903490568e-06,0.07254900566156597,0.15988559212773182,0.7675613026167983,25,20,20
48,3884,2.2317568025842343e-08,0.07176607715720908,0.15237980843853285,0.7758540920866897,25,20,20
48,3885,5.302974429340339e-06,0.03533287839153821,0.1885771162367913,0.7760847023972413,25,20,20
48,3886,5.28129168255466e-06,0.04355617559270316,0.209898705106451,0.7465398380091627,25,20,20
48,3887,0.003973710483762539,0.04105604956675921,0.18580647230416633,0.7691637676453117,25,20,20
48,3888,0.0040627546839155015,5.4326055939337765e-05,0.21591827619871498,0.7799646430614304,25,20,20
48,3889,0.003968500079377944,5.931267696824432e-05,0.19432816500962147,0.8016440222340323,25,20,20
48,3890,1.7088537392767455e-07,6.865044817560007e-05,0.19856121411986527,0.8013699645465843,25,20,20
48,3891,4.926230676469649e-06,2.3359750778191713e-05,0.19904460579486316,0.8009271082236812,25,20,20
48,3892,4.871108339238932e-06,2.3883822957754343e-05,0.19832858192170064,0.8016426631470017,25,20,20
48,3893,1.0797194135871345e-05,0.03965974692216257,0.16079230341238712,0.7995371524713142,25,20,20
48,3894,0.03957127289043397,0.04080993881005072,0.10348611482734985,0.8161326734721651,25,20,20
48,3895,0.039571272890432156,0.04133019640258308,0.10398019719492185,0.8151183335120626,25,20,20
48,3896,0.032141905613433386,0.03935594630441499,0.12207347528124421,0.8064286728009066,25,20,20
48,3897,0.03980534928272538,0.03998880194373792,0.11303253780657561,0.8071733109669609,25,20,20
48,3898,0.04416708189390868,0.039997240869645456,0.12478349477084617,0.7910521824655993,25,20,20
48,3899,0.039927949720739056,0.03967279010462554,0.13723760891780443,0.7831616512568309,25,20,20
48,3900,0.040050721458730336,0.039481493081823874,0.13612802159315723,0.7843397638662886,25,20,20
48,3901,0.041817541624917166,0.0042037974631325805,0.16290402227564388,0.7910746386363045,25,20,20
48,3902,0.007582793336437157,1.0754850788763361e-05,0.20131254485299255,0.7910939069597807,25,20,20
48,3903,0.0018167627141043835,6.18795873501014e-06,0.16796287693761708,0.8302141723895429,25,20,20
48,3904,0.0018484993288487117,6.4489809823894e-06,0.21474910532759656,0.7833959463625709,25,20,20
48,3905,0.001840478969180648,6.432313662420574e-06,0.1969746533233517,0.8011784353938046,25,20,20
48,3906,0.0018544022685425383,3.540899334014338e-05,0.19853564479373717,0.7995745439443794,25,20,20
48,3907,0.05282054076377005,1.0003430841597042e-06,0.147592099180893,0.7995863597122521,25,20,20
48,3908,0.042131665133826005,0.0020556121198027494,0.16502216587621416,0.7907905568701572,25,20,20
48,3909,0.005409739812041342,1.2746906536235881e-06,0.21784189050449804,0.7767470949928069,25,20,20
48,3910,0.005653948481674963,0.002612048537459155,0.20004725198567327,0.7916867509951925,25,20,20
48,3911,1.4344041321362327e-05,3.416809116040326e-07,0.16245480988302582,0.8375305043947412,25,20,20
48,3912,5.130006835657387e-05,2.580961329272453e-07,0.16184444671357162,0.8381039951219382,25,20,20
48,3913,0.005792957267422568,2.6365388948719834e-08,0.15563902569650714,0.8385679906706812,25,20,20
48,3914,0.005797057729869462,4.899456258787498e-05,0.19459653540569982,0.7995574123018424,25,20,20
48,3915,8.637498011238929e-06,4.899393924514061e-05,0.1286112663346819,0.8713311022280606,25,20,20
48,3916,0.038040325326626906,4.916146158425155e-05,0.08592157945732536,0.875988933754463,25,20,20
48,3917,0.038727384363416044,4.944761869612006e-07,0.08617475949128378,0.8750973616691127,25,20,20
48,3918,0.032609566936705726,7.852536544068022e-07,0.09157810252858697,0.8758115452810523,25,20,20
48,3919,0.07819273716316628,2.1420123606478074e-07,0.04609834558109399,0.8757087030545035,25,20,20
48,3920,4.791948201752921e-06,0.023350598418515053,0.10134226760550097,0.8753023420277816,25,20,20
48,3921,1.0605971797571453e-07,0.018286002429302683,0.09016396539078844,0.8915499261201902,25,20,20
48,3922,1.0588119031160315e-07,0.03999069627615858,0.04166675167750054,0.9183424461651505,25,20,20
48,3923,4.404969123569936e-08,0.039990996757851394,0.08338063294069205,0.8766283262517648,25,20,20
48,3924,0.03848534270936782,0.04003813265395873,0.04366616442320281,0.87781036021347,25,20,20
48,3925,1.7342047896948175e-05,0.040047751543127126,0.10097039248624361,0.8589645139227322,25,20,20
48,3926,1.9094682799828024e-05,0.039491415605653744,0.1223656876332271,0.838123802078319,25,20,20
48,3927,1.909468269523596e-05,0.03948207719872133,0.1764617852454891,0.784037042873094,25,20,20
48,3928,0.004382143672218018,0.020331776056156815,0.23248652747311815,0.7427995527985065,25,20,20
48,3929,0.004374236627653672,0.03009772999476977,0.17904371162461946,0.7864843217529567,25,20,20
48,3930,0.031117069292468335,5.7877244087354666e-05,0.20824173781168306,0.7605833156517606,25,20,20
48,3931,0.031118073336805677,2.0973138492097524e-06,0.24516453301165123,0.7237152963376928,25,20,20
48,3932,0.03095885375323601,3.621481163876181e-07,0.1799112522922834,0.7891295318063639,25,20,20
48,3933,0.031019828892040892,2.2467899553582058e-07,0.17029637987976784,0.7986835665491955,25,20,20
48,3934,0.06823317192762823,2.2164176700840235e-07,0.14096827301696457,0.7907983334136397,25,20,20
48,3935,0.07278680463819183,4.196835624646259e-08,0.12838521685697535,0.798827936536476,25,20,20
48,3936,0.03242623776860336,5.170333066935299e-07,0.18063069480057836,0.7869425503975103,25,20,20
48,3937,0.06969861114421898,1.1067971291777918e-06,0.1297234024185786,0.8005768796400733,25,20,20
48,3938,0.008300032475053194,0.0010217069439309194,0.19117841409263017,0.7994998464883848,25,20,20
48,3939,0.01383555050310896,3.276917811832849e-05,0.1874575604552564,0.7986741198635154,25,20,20
48,3940,0.008558679346303649,0.029435526986069126,0.20383149153674368,0.7581743021308824,25,20,20
48,3941,0.008558670092482195,0.05214514102746111,0.18089716114267432,0.758399027737382,25,20,20
48,3942,0.009056657463952207,0.0891555843176736,0.15009027738148634,0.7516974808368879,25,20,20
48,3943,0.036949608000411874,0.04209181271923175,0.1690550442348826,0.7519035350454726,25,20,20
48,3944,0.0364552758961434,0.040018013847691394,0.17992679426361152,0.7435999159925527,25,20,20
48,3945,0.08491123351522029,0.06655387789320119,0.09468043743018811,0.7538544511613907,25,20,20
48,3946,0.07605078807066705,0.042432763885142624,0.12154478590715233,0.7599716621370383,25,20,20
48,3947,0.041375906755094276,0.040002089347948425,0.15910419480536558,0.7595178090915918,25,20,20
48,3948,0.041743153265857834,0.03999657791348897,0.15911725733114657,0.7591430114895062,25,20,20
48,3949,0.04582609877780633,0.040011126099168515,0.19525766640723777,0.7189051087157875,25,20,20
48,3950,0.04548781053885062,0.04008324206356306,0.19484744974385507,0.7195814976537313,25,20,20
48,3951,0.04755102941640395,0.0425463519073497,0.19730866906259273,0.7125939496136526,25,20,20
48,3952,0.05335931161128976,0.040014014072853314,0.1968104574493862,0.7098162168664701,25,20,20
48,3953,0.025728973358692425,0.061175321701562056,0.20231979556782387,0.7107759093719208,25,20,20
48,3954,0.039818192202496695,0.0419835581196584,0.20584563398558064,0.7123526156922629,25,20,20
48,3955,0.00013279896253980854,0.039988906997947084,0.24834834309123316,0.7115299509482792,25,20,20
48,3956,0.005421268790378142,0.04024550539309442,0.2804436169716479,0.6738896088448787,25,20,20
48,3957,6.10683280358013e-06,0.041819706027962845,0.2780580435251296,0.6801161436141032,25,20,20
48,3958,1.9148129757257094e-07,0.03980917897139176,0.2888336884685742,0.6713569410787349,25,20,20
48,3959,0.0005947738752571249,0.004876673450077791,0.29789111018169334,0.6966374424929701,25,20,20
48,3960,0.0016019793726111742,0.020372007832966364,0.25693677439982604,0.721089238394595,25,20,20
48,3961,0.006064204820134605,0.0017627936011685888,0.24842692457804147,0.7437460770006549,25,20,20
48,3962,5.2900366458835375e-06,4.516395096774449e-05,0.2522524243215754,0.7476971216908096,25,20,20
48,3963,0.034307810355543096,5.574546291197681e-05,0.21800665501016453,0.7476297891713792,25,20,20
48,3964,0.03447439312397178,0.012914699904045743,0.25822550035364544,0.694385406618336,25,20,20
48,3965,0.04194438209641331,0.012885148103402681,0.2529532438124949,0.6922172259876876,25,20,20
48,3966,0.034296223926168296,0.013896078735009521,0.2292631335166185,0.7225445638222026,25,20,20
48,3967,0.05631223331068782,0.029561073154746032,0.19113222809395047,0.7229944654406155,25,20,20
48,3968,0.007867497614004714,0.04002040179064377,0.23638029622985995,0.7157318043654912,25,20,20
48,3969,0.011576064590205675,0.03978705883244463,0.23523283796746913,0.7134040386098814,25,20,20
48,3970,0.030264561225699683,0.040854927975361346,0.2045557387358496,0.7243247720630882,25,20,20
48,3971,0.003503494511980674,0.04090380371770975,0.2090422733493671,0.7465504284209418,25,20,20
48,3972,0.036228204455495086,0.06403262434168601,0.15352985001462477,0.7462093211881938,25,20,20
48,3973,0.039271394943688545,0.03951650005360186,0.21774278856611975,0.7034693164365885,25,20,20
48,3974,0.018968712030191962,0.039530132068648915,0.27748378698909126,0.6640173689120672,25,20,20
48,3975,0.024916445099453205,0.03949396206110853,0.26306745342042,0.6725221394190177,25,20,20
48,3976,0.041494052012834584,0.03948506328270149,0.24779589505365796,0.6712249896508053,25,20,20
48,3977,0.03302271281356259,0.03949866143767072,0.25814066286997767,0.6693379628787881,25,20,20
48,3978,0.05819316361265472,0.03949813185824767,0.19160900552111254,0.7106996990079837,25,20,20
48,3979,0.01837338191809211,0.040000335339614564,0.19163197162547127,0.7499943111168206,25,20,20
48,3980,0.018445344778825867,0.03925253229035407,0.19037522224108508,0.7519269006897331,25,20,20
48,3981,0.018594959909964986,1.3270099188558019e-05,0.22281728397358214,0.7585744860172626,25,20,20
48,3982,0.08610734538376567,9.572995431795607e-05,0.15436429236881735,0.7594326322930985,25,20,20
48,3983,0.0469726095246199,7.379353951343867e-06,0.20275885776744723,0.7502611533539805,25,20,20
48,3984,0.04101681797366247,2.539333647411816e-05,0.207887947611956,0.7510698410779071,25,20,20
48,3985,0.005988522008987185,2.7416007826802814e-05,0.24437511195406672,0.7496089500291181,25,20,20
48,3986,0.0003886741709621542,2.936887036757697e-05,0.25695902350999794,0.7426229334486715,25,20,20
48,3987,0.00027132961231502106,1.5848210847066533e-05,0.24761483605194354,0.7520979861248941,25,20,20
48,3988,0.013160147923337327,1.4152862789124402e-06,0.2281979020168914,0.7586405347734911,25,20,20
48,3989,0.05955690931626962,0.0010602323093195406,0.18702265013703326,0.752360208237377,25,20,20
48,3990,0.07990474438198417,0.0013559818021253683,0.16936370400364134,0.7493755698122484,25,20,20
48,3991,0.07881150782421724,0.001131539031461735,0.17885158295598505,0.7412053701883352,25,20,20
48,3992,0.08636218390707322,0.0007941453274916629,0.15362815082367162,0.7592155199417625,25,20,20
48,3993,0.04091485115674161,0.023141990341694407,0.17680870382116773,0.759134454680396,25,20,20
48,3994,0.00011770037506848342,0.028773815806534046,0.22141385476239456,0.7496946290560018,25,20,20
48,3995,0.005743481575361008,0.041176092910853085,0.23226640612842736,0.7208140193853577,25,20,20
48,3996,0.003201034254878136,0.041175605430229044,0.23841406963430142,0.7172092906805897,25,20,20
48,3997,0.008133161029441031,0.02305985769193438,0.2339606992589971,0.734846282019626,25,20,20
48,3998,0.020852058547197662,0.0023073078163431925,0.23660738934702416,0.7402332442894338,25,20,20
48,3999,0.03640976486366442,5.345276886086532e-05,0.20896072120217493,0.7545760611652991,25,20,20
48,4000,0.005911871797643838,0.0030004757293213852,0.26962331393233774,0.7214643385406965,25,20,20
48,4001,0.005820019356940742,0.0007614659339599376,0.2746323002687097,0.7187862144403884,25,20,20
48,4002,0.07024333394206138,0.025227177239339146,0.19056547861638243,0.7139640102022173,25,20,20
48,4003,0.0708382268392528,0.02519399663270702,0.20145396407755875,0.7025138124504818,25,20,20
48,4004,0.07071433353242372,0.032181693791074266,0.24061964286213156,0.656484329814372,25,20,20
48,4005,0.09618629707920485,0.032180102207235904,0.20858548777558897,0.6630481129379703,25,20,20
48,4006,0.06462996053953537,0.0421176559609862,0.2216796962220541,0.6715726872774238,25,20,20
48,4007,0.048087684828931464,0.042105642964840984,0.2500394870188359,0.6597671851873915,25,20,20
48,4008,0.04835368905018813,0.040732480661611385,0.22573056493752486,0.6851832653506748,25,20,20
48,4009,0.049668707954948745,0.040021417140998106,0.20616430793551108,0.704145566968542,25,20,20
48,4010,0.014465759256506202,0.04001292355895789,0.2084135962163122,0.7371077209682229,25,20,20
48,4011,0.012935365490235804,0.040372267731863934,0.18698253003404827,0.7597098367438514,25,20,20
48,4012,0.014607803371274741,0.04036898632496585,0.18504638258266776,0.7599768277210912,25,20,20
48,4013,0.01297310220056516,0.04013353909812,0.1863731753242635,0.7605201833770507,25,20,20
48,4014,0.00028591552383532606,0.030329639851577547,0.25863748702576667,0.7107469575988203,25,20,20
48,4015,0.07292498167548493,0.029964986897314208,0.15009413078016476,0.747015900647036,25,20,20
48,4016,0.008511783093882364,0.030284605481437302,0.24412873674111307,0.717074874683567,25,20,20
48,4017,0.07141296573651275,0.039636675884114736,0.17901780709288748,0.7099325512864836,25,20,20
48,4018,0.036487736258058706,0.03963725648626629,0.22487082354434984,0.6990041837113244,25,20,20
48,4019,0.04440593864353059,0.0399763834448865,0.23091858407346433,0.6846990938381174,25,20,20
48,4020,0.08825264414884725,0.03935409871940485,0.1888182084470625,0.6835750486846847,25,20,20
48,4021,0.053297266064850725,0.04030644443125673,0.21195490208930604,0.694441387414585,25,20,20
48,4022,0.10044182130707656,0.039996650551591274,0.14117381197073342,0.7183877161705978,25,20,20
48,4023,0.09646117525334637,0.03999055264786723,0.16448057795650464,0.6990676941422811,25,20,20
48,4024,0.07081851375327815,0.04103293029127216,0.18933857890682482,0.6988099770486244,25,20,20
48,4025,0.03352827114614985,0.040788650587334364,0.23389323000775505,0.6917898482587621,25,20,20
48,4026,0.03347258744086973,0.04125223433727902,0.23353963337533923,0.6917355448465115,25,20,20
48,4027,0.00012273157630358602,0.04018684398139594,0.2481966031982645,0.7114938212440346,25,20,20
48,4028,0.05078397035258546,0.039678650481292696,0.21630018311019886,0.693237196055922,25,20,20
48,4029,0.00017904317365672335,0.0401994092247629,0.2402295319255153,0.719392015676064,25,20,20
48,4030,4.85115829234065e-05,0.04023991486627488,0.27046447141622465,0.6892471021345762,25,20,20
48,4031,4.97743335456364e-06,0.040200166755429534,0.2608116715085021,0.6989831843027134,25,20,20
48,4032,0.040042771228613286,0.04000937109907838,0.22630498007093017,0.693642877601378,25,20,20
48,4033,0.04102105061216164,0.04103757249131446,0.2162687795064791,0.7016725973900446,25,20,20
48,4034,0.011903431367585055,0.030018254652401266,0.23818650719323867,0.7198918067867747,25,20,20
48,4035,0.008844670520916899,0.030042123430690265,0.23920068600524233,0.7219125200431489,25,20,20
48,4036,0.039421648242319224,0.029977235299993906,0.2060277840361268,0.7245733324215595,25,20,20
48,4037,0.03593480558934659,0.030024707815276296,0.19301004241008612,0.741030444185291,25,20,20
48,4038,0.035924416822437855,0.0009228908983199693,0.259842660948487,0.7033100313307543,25,20,20
48,4039,0.03614466775955783,0.021020677993983355,0.2224081471037424,0.7204265071427146,25,20,20
48,4040,0.03881588479242932,0.04185064897097158,0.21731826509806915,0.7020152011385293,25,20,20
48,4041,0.0002079005462418914,0.04184285253154187,0.2572699366941563,0.7006793102280595,25,20,20
48,4042,0.0002079007385943081,0.03198558362372013,0.2631888855344469,0.704617630103238,25,20,20
48,4043,8.684021161737954e-06,0.04009554106166915,0.254867006738223,0.7050287681789452,25,20,20
48,4044,0.05149934315180102,0.03976350345967168,0.23163723843093398,0.677099914957592,25,20,20
48,4045,0.05131519095112338,0.04241314744394661,0.23442039026072872,0.6718512713442004,25,20,20
48,4046,0.05131519525495773,0.040154308023511394,0.23867764401546615,0.6698528527060631,25,20,20
48,4047,0.008340329020427447,0.04002295546092076,0.23282584078155671,0.7188108747370936,25,20,20
48,4048,0.0025560125038699196,0.040091662217290915,0.23864590162584257,0.7187064236529954,25,20,20
48,4049,0.00012324690785084507,0.039515580137550424,0.2069447291876408,0.7534164437669569,25,20,20
48,4050,3.950884090161336e-06,0.04004079781626126,0.19788412697275237,0.7620711243268956,25,20,20
48,4051,0.00012656487413446573,0.04247318478126094,0.20278722982857125,0.7546130205160325,25,20,20
48,4052,0.00022402071860556594,0.07396864986857446,0.1635650840886581,0.7622422453241607,25,20,20
48,4053,0.0005454043080660949,0.07107407714281556,0.16949037507030312,0.7588901434788151,25,20,20
48,4054,0.03985907514082176,0.06043081157334887,0.17954909284962872,0.7201610204362002,25,20,20
48,4055,0.039856118203857434,0.030035369534926644,0.17224807106860318,0.7578604411926123,25,20,20
48,4056,0.04465315689846196,0.04517974789328462,0.15304457368076232,0.75712252152749,25,20,20
48,4057,0.04801798240804914,0.04252250979407166,0.15014554393502036,0.7593139638628582,25,20,20
48,4058,0.00585478761134513,0.04005021000842162,0.1964268571320861,0.7576681452481465,25,20,20
48,4059,0.00019169433105531268,0.04001225180407736,0.16334792635001755,0.7964481275148492,25,20,20
48,4060,0.0003085588237660169,0.04000359636131634,0.13527753302875736,0.8244103117861598,25,20,20
48,4061,0.00696754556353096,0.07096206012904256,0.09039764173108153,0.8316727525763443,25,20,20
48,4062,2.817799475686767e-09,0.08135723449919877,0.08060352412025681,0.8380392385627446,25,20,20
48,4063,3.890197667493991e-09,0.08122813297892671,0.07997205996803211,0.8387998031628434,25,20,20
48,4064,0.00023451445883478095,0.06525873786273728,0.09499515920633689,0.8395115884720906,25,20,20
48,4065,9.0197717128257e-06,0.05947824224942175,0.10345422388221684,0.8370585140966482,25,20,20
48,4066,9.019768073182849e-06,0.06030511342186071,0.1396364600104963,0.8000494067995693,25,20,20
48,4067,8.780629132707567e-06,0.0410484042304542,0.16061373400175757,0.7983290811386548,25,20,20
48,4068,0.003318870968358446,0.0400098002434118,0.12742202969224395,0.8292492990959852,25,20,20
48,4069,1.2982185264760434e-05,0.04000551194248981,0.11004802747924308,0.8499334783930018,25,20,20
48,4070,0.012846772405344294,0.039986641041019566,0.06873694820296952,0.878429638350666,25,20,20
48,4071,0.012619648495449188,0.03999962845524921,0.07065049720288746,0.8767302258464135,25,20,20
48,4072,3.260004828754006e-09,0.03998807067451689,0.04955611538745655,0.9104558106780217,25,20,20
48,4073,1.042795261993199e-05,0.02943860707368215,0.058023333498050576,0.9125276314756473,25,20,20
48,4074,1.0427905306204727e-05,0.03953868035570992,0.04126614744902743,0.9191847442899566,25,20,20
48,4075,3.1781109047861413e-13,0.03998806792835516,0.017979424952935284,0.9420325071183916,25,20,20
48,4076,3.0372625720745244e-13,0.03998790851882231,0.008220582857461575,0.9517915086234123,25,20,20
48,4077,1.3594296956713943e-11,0.03998790857483471,0.016462065645683983,0.943550025765887,25,20,20
48,4078,1.715311478865757e-11,0.03998791055202828,0.031231908982548642,0.9287801804482698,25,20,20
48,4079,2.363613991095785e-14,0.03997960693639701,0.0461565302455738,0.9138638628180054,25,20,20
48,4080,0.03813732300612696,0.039999625754062566,0.017264848492044318,0.9045982027477664,25,20,20
48,4081,0.038990181554466534,0.03976421063125502,0.04014517468015894,0.8811004331341193,25,20,20
48,4082,0.03994787147055006,0.03976359398852255,0.04207406412319284,0.8782144704177343,25,20,20
48,4083,0.03994787147074318,2.4349695282980505e-05,0.10653619786233802,0.8534915809716354,25,20,20
48,4084,0.03843739790601701,8.601869483892876e-07,0.06873920473360787,0.8928225371734269,25,20,20
48,4085,0.04460560259264476,1.3395891793333846e-09,0.07088082679188985,0.884513569275876,25,20,20
48,4086,0.04460769728535429,1.305288900945847e-09,0.0887252144641111,0.8666670869452457,25,20,20
48,4087,0.03992305208259877,3.5527629612330825e-07,0.11339648193111032,0.8466801107099938,25,20,20
48,4088,0.008228077616959496,9.96646642993821e-06,0.15791404926055827,0.8338479066560518,25,20,20
48,4089,0.04808676340079681,4.532861907193726e-05,0.10685879595716381,0.8450091120229672,25,20,20
48,4090,0.076702384638582,6.567424187479051e-07,0.057833373627894265,0.865463584991105,25,20,20
48,4091,0.0766060043035412,5.810144821862058e-07,0.05845552878485021,0.864937885897126,25,20,20
48,4092,0.007981362414821794,1.1418044236013287e-06,0.12701031688239947,0.8650071788983545,25,20,20
48,4093,0.040157986525979836,7.618600779640201e-07,0.0637356326665829,0.8961056189473592,25,20,20
48,4094,0.040009044809751704,0.0198674415184279,0.04578096772787336,0.8943425459439465,25,20,20
48,4095,0.039973096366188836,0.02976668915955882,0.036413588029307005,0.8938466264449452,25,20,20
48,4096,0.012673417195671737,0.03997867727951667,0.052951515692996304,0.8943963898318151,25,20,20
48,4097,0.03852380950417567,0.03933120949859989,0.018813840813300727,0.9033311401839238,25,20,20
48,4098,0.0004906660564557771,0.03947048694838204,0.04116433324219089,0.918874513752971,25,20,20
48,4099,0.0004906660565788036,0.03932203566255476,0.05674119471014797,0.9034461035707183,25,20,20
48,4100,1.8128169007080492e-07,0.040001362990483916,0.09751921934843746,0.8624792363793884,25,20,20
48,4101,1.317612024693894e-07,0.040433968679258296,0.07989369961834746,0.8796721999411916,25,20,20
48,4102,1.5318029630630544e-07,0.04000202439810632,0.07877754741401416,0.881220275007583,25,20,20
48,4103,3.5849535727531885e-08,0.039991415213912786,0.07604555041488073,0.8839629985216704,25,20,20
48,4104,5.8752780162446814e-12,0.03933119958602663,0.043245276366652624,0.9174235240414451,25,20,20
48,4105,6.45204946289615e-13,0.0399996283750522,0.03771174730249422,0.9222886243218084,25,20,20
48,4106,3.5183672141357233e-13,0.0399996243758198,0.03861286613605561,0.9213875094877728,25,20,20
48,4107,1.6719210875571865e-11,0.04001850573858837,0.04174661449526511,0.918234879749427,25,20,20
48,4108,1.9006945200773683e-13,0.040002841232185365,0.04027018241749644,0.9197269763501283,25,20,20
48,4109,9.210131280323259e-15,0.04199092365909052,0.07872670425625505,0.879282372084645,25,20,20
48,4110,6.897548186266088e-13,0.03976658889096454,0.09431643747672303,0.8659169736316226,25,20,20
48,4111,9.51139149575178e-10,0.039987918892380604,0.09630069895037771,0.8637113812061028,25,20,20
48,4112,0.0003384528975983006,0.03999958402805902,0.09918862618605744,0.860473336888285,25,20,20
48,4113,5.984457431284395e-06,0.04201130248203822,0.09813283455790135,0.8598498785026287,25,20,20
48,4114,6.152223939640925e-11,0.039984674422536184,0.09656515472126234,0.8634501707946793,25,20,20
48,4115,1.4404484383143197e-08,0.039999830777973464,0.12341382575005243,0.8365863290674891,25,20,20
48,4116,0.00023137899886448233,0.04079084782179652,0.1387601111396415,0.8202176620396971,25,20,20
48,4117,3.2788721068807752e-06,0.04001815407078195,0.14691111567130913,0.8130674513858019,25,20,20
48,4118,1.0592468872814863e-06,0.002555270540402313,0.17705386337917026,0.82038980683354,25,20,20
48,4119,6.032080074466745e-06,0.002555264362853021,0.2612634330784616,0.7361752704786103,25,20,20
48,4120,0.00011063124899527049,0.00028486842136898877,0.22950751463641253,0.7700969856932225,25,20,20
48,4121,0.0013402260767186147,0.0013239513257947955,0.1669627685530346,0.8303730540444519,25,20,20
48,4122,0.03839516434278258,0.0010522212337029837,0.1551041012276163,0.8054485131958979,25,20,20
48,4123,0.07461099152455043,0.0010488902868882888,0.13203635205695957,0.7923037661316017,25,20,20
48,4124,0.046941440213329445,0.02175715892361457,0.11669425804588794,0.8146071428171673,25,20,20
48,4125,0.04435247232407722,0.02070974123245549,0.11944108338427897,0.815496703059188,25,20,20
48,4126,0.044099078691271484,0.030228994368013306,0.12846119441152007,0.7972107325291949,25,20,20
48,4127,0.0431656093704532,0.040686772301178314,0.12381213174038173,0.7923354865879869,25,20,20
48,4128,0.03961340717760606,0.04069639023638962,0.1032724194364109,0.8164177831495927,25,20,20
48,4129,0.0005880809040578512,0.04006361214363913,0.1197189081656762,0.8396293987866259,25,20,20
48,4130,0.005826610569970002,0.04005252714328453,0.1262209437706089,0.8278999185161363,25,20,20
48,4131,0.0058184149543544835,0.039998329684178595,0.15353018403251967,0.8006530713289466,25,20,20
48,4132,0.0020909171055206394,0.039997282513974684,0.14239336201462438,0.8155184383658799,25,20,20
48,4133,1.9354403614293213e-07,0.042088707504416345,0.16347340854636788,0.7944376904051791,25,20,20
48,4134,0.00032029499405662255,0.04000030220466555,0.14281278227708774,0.8168666205241899,25,20,20
48,4135,0.00040185116720446517,0.040790374957983724,0.12835624284664215,0.8304515310281689,25,20,20
48,4136,0.03634831360064765,0.04194856114392274,0.09060472788870187,0.8310983973667271,25,20,20
48,4137,0.03634954027254347,0.04001343935821299,0.14017376129790463,0.7834632590713378,25,20,20
48,4138,0.003923920261211208,0.039999093642829664,0.17404100710127024,0.7820359789946884,25,20,20
48,4139,0.003918201286296825,0.04005105294174391,0.17276545613646643,0.7832652896354921,25,20,20
48,4140,0.00034122496576480276,0.03999651648915177,0.17704439326324534,0.782617865281837,25,20,20
48,4141,8.730165189482893e-05,0.04010237309348171,0.176469224514901,0.7833411007397217,25,20,20
48,4142,8.731831455913001e-05,0.04010876293868573,0.18841455067734472,0.77138936806941,25,20,20
48,4143,8.829667719439149e-05,0.06910072264634941,0.17608942124162186,0.7547215594348341,25,20,20
48,4144,0.00319559668149899,0.0690974513522755,0.1491309051978143,0.7785760467684106,25,20,20
48,4145,0.042002583322680836,0.07907918730176128,0.10231966969123729,0.7765985596843206,25,20,20
48,4146,0.05921729136217196,0.08139176079456975,0.07195709211603055,0.7874338557272273,25,20,20
48,4147,0.06599769861693533,0.06537456059814012,0.08372304678077148,0.784904694004153,25,20,20
48,4148,0.029554099477436653,0.040097686200143104,0.13773645863840436,0.7926117556840154,25,20,20
48,4149,0.030034540388041524,0.0400973516526121,0.12764358173103835,0.8022245262283078,25,20,20
48,4150,0.03861856752610229,0.04130140443292718,0.0969070597422791,0.8231729682986905,25,20,20
48,4151,0.038450354712382076,0.0009132844477800257,0.16084656099802142,0.7997897998418153,25,20,20
48,4152,0.07652517376712785,0.002598036688078082,0.17572277685068574,0.7451540126941076,25,20,20
48,4153,0.05406652773142661,2.9033123472884943e-05,0.203193049166758,0.7427113899783413,25,20,20
48,4154,0.05046254098264864,1.963355567536251e-06,0.18127815103857592,0.7682573446232068,25,20,20
48,4155,0.01697506603978636,4.863110683836966e-07,0.19873355534914863,0.784290892299995,25,20,20
48,4156,2.1086370048036248e-05,0.0025251207051692885,0.22129160110731147,0.7761621918174703,25,20,20
48,4157,0.01638229506689868,0.002479322315611097,0.18310516676547642,0.7980332158520135,25,20,20
48,4158,0.039968208630252355,4.024589207397009e-06,0.17664253829559431,0.7833852284849455,25,20,20
48,4159,0.03869908695901015,9.437107908353434e-07,0.12254093916424955,0.8387590301659488,25,20,20
48,4160,0.03857928900161959,7.686532061842219e-07,0.08442358042792514,0.876996361917248,25,20,20
48,4161,0.00037704253207877206,1.6603565324683137e-05,0.14769891736349045,0.8519074365391057,25,20,20
48,4162,0.0001154002504606096,8.268921212168052e-07,0.15341327858592033,0.8464704942714976,25,20,20
48,4163,0.012841611796374483,1.0092389663276937e-06,0.19430117003356684,0.7928562089310917,25,20,20
48,4164,5.735245583667146e-05,0.00041852212596482695,0.20867106394888144,0.7908530614693167,25,20,20
48,4165,5.51191364904609e-05,0.0003700268381030514,0.18795809957233703,0.8116167544530682,25,20,20
48,4166,0.010650151057226949,2.555466248227175e-05,0.21034018971040475,0.7789841045698859,25,20,20
48,4167,0.010647168654556975,2.467086805325292e-05,0.18801656948197412,0.801311590995415,25,20,20
48,4168,0.01841011230318221,8.921204761600719e-05,0.1805817451498763,0.8009189304993244,25,20,20
48,4169,0.0054315076142448,2.094348113675137e-06,0.16277247099938433,0.8317939270382572,25,20,20
48,4170,0.005431507799289022,4.758901995655823e-07,0.16493045330896397,0.8296375630015471,25,20,20
48,4171,0.03992327302590351,1.336078261896854e-06,0.13813834465996272,0.8219370462358718,25,20,20
48,4172,0.00015563536353571628,1.3383178577296984e-06,0.18408101910901223,0.8157620072095939,25,20,20
48,4173,0.00696971814329728,9.110373726093888e-07,0.16939178088244994,0.8236375899368799,25,20,20
48,4174,0.034607537748628604,9.98110446783443e-07,0.1593494108631605,0.8060420532777632,25,20,20
48,4175,0.034603593695953186,0.031106281806235092,0.11437874503212452,0.819911379465687,25,20,20
48,4176,0.00020536987661089187,0.040362544490733086,0.15942204047154593,0.8000100451611099,25,20,20
48,4177,3.986544042812488e-05,0.0428794337130181,0.15785648240559236,0.7992242184409608,25,20,20
48,4178,4.013905485248746e-05,0.020663008494782864,0.21906290478063795,0.7602339476697252,25,20,20
48,4179,5.922284151730273e-05,0.0011407297529022358,0.1997779435782067,0.7990221038273727,25,20,20
48,4180,0.03582092711381117,0.0019528088906640125,0.1638316114207466,0.7983946525747772,25,20,20
48,4181,0.03853871142108036,0.0019521666884208166,0.15979195111043829,0.7997171707800607,25,20,20
48,4182,0.0059065003079385925,1.9054825790806942e-05,0.19528915684202292,0.798785288024248,25,20,20
48,4183,0.00010816480621634117,1.9709040556892446e-05,0.20095147180147432,0.7989206543517519,25,20,20
48,4184,0.01584633948087737,0.0019483440056984906,0.1900222960309316,0.792183020482492,25,20,20
48,4185,0.01569737742285273,5.582539210530255e-05,0.18459968750346184,0.7996471096815791,25,20,20
48,4186,0.015524485373525014,3.6792746940841186e-05,0.1863873962374067,0.7980513256421266,25,20,20
48,4187,0.0340976709646243,0.0002986466805255324,0.16693490111320675,0.7986687812416429,25,20,20
48,4188,0.03760292316094653,0.0009971088875311953,0.16145859173137303,0.799941376220149,25,20,20
48,4189,0.04726784845411716,0.003663583031463049,0.1869472635937152,0.7621213049207043,25,20,20
48,4190,0.020411172912977404,0.0036642092723092614,0.23261137984262015,0.7433132379720924,25,20,20
48,4191,0.008246602269498818,0.002724379829617253,0.2279960063093728,0.7610330115915103,25,20,20
48,4192,0.008256550595035914,0.000736717169092865,0.27129059687391543,0.7197161353619542,25,20,20
48,4193,0.008682945228171209,0.0011182248723091521,0.2678036196717071,0.7223952102278111,25,20,20
48,4194,0.0002978267854821519,9.007782836420144e-05,0.27730582434245205,0.7223062710437012,25,20,20
48,4195,0.007849909717663962,9.007319157897495e-05,0.2889702260248555,0.7030897910659014,25,20,20
48,4196,0.00038400841296277305,6.783183648265569e-05,0.27720531934315135,0.722342840407403,25,20,20
48,4197,0.0001881738516534362,1.7227834482734476e-06,0.25794261141991454,0.7418674919449834,25,20,20
48,4198,0.00017929859848707808,1.1979907271749463e-05,0.21823810987820316,0.7815706116160374,25,20,20
48,4199,0.00017954979310294802,0.026606506378929477,0.2102477179007855,0.762966225927181,25,20,20
48,4200,3.3647375026769293e-06,0.039468467962591396,0.13212875848665942,0.8283994088132454,25,20,20
48,4201,0.000105364681408853,0.06265147558216627,0.09115901921933148,0.8460841405170929,25,20,20
48,4202,8.688984100961064e-06,0.07981860223197262,0.05095243958211428,0.8692202692018118,25,20,20
48,4203,8.68898502754353e-06,0.03985556261895021,0.09117813134610929,0.8689576170499123,25,20,20
48,4204,7.892153809186451e-06,0.061780380739644,0.07328948120145883,0.8649222459050878,25,20,20
48,4205,0.038552142760281315,0.039479777224973575,0.0501158113374715,0.871852268677273,25,20,20
48,4206,0.038552143091483713,0.03998809867031411,0.050242324791159476,0.8712174334470423,25,20,20
48,4207,0.03704575871917888,0.040029664210662286,0.08932183079841183,0.8336027462717458,25,20,20
48,4208,0.0398757262108383,0.03999984456831738,0.08177963407577613,0.8383447951450671,25,20,20
48,4209,0.012632129571655843,5.0089370479662323e-05,0.15048400530244493,0.8368337757554184,25,20,20
48,4210,0.002201722694193606,2.639519562060311e-06,0.15918165160963438,0.8386139861766092,25,20,20
48,4211,0.044115834892753274,2.5202732616697334e-06,0.11638258141339668,0.839499063420588,25,20,20
48,4212,0.04783887170668597,0.024603822660763504,0.0881752773493033,0.8393820282832472,25,20,20
48,4213,0.04234581947288706,0.024604794290587834,0.09308834380390596,0.8399610424326188,25,20,20
48,4214,0.03226568130028523,0.030264983739124986,0.10606593930578694,0.8314033956548025,25,20,20
48,4215,0.01419569774709395,0.03046158661902167,0.11616711083137785,0.8391756048025065,25,20,20
48,4216,0.046254747852073945,0.039145455420847367,0.0834429846923504,0.8311568120347284,25,20,20
48,4217,0.03320485412338336,0.03948656226195248,0.08774082196803884,0.8395677616466247,25,20,20
48,4218,0.012998074516155282,0.04003821437644665,0.10721468080842586,0.8397490302989721,25,20,20
48,4219,5.867005832037459e-06,0.03982816792748114,0.1283522563040514,0.8318137087626346,25,20,20
48,4220,0.00026587938832599035,0.03950172093109941,0.17676780298098355,0.7834645966995906,25,20,20
48,4221,0.00030666979952291107,0.040406704928298495,0.18486067122135608,0.774425954050822,25,20,20
48,4222,0.0002388433124824032,0.022907086522777703,0.19283797932826446,0.784016090836475,25,20,20
48,4223,0.00017190226967975786,0.02289658388109865,0.20136673129529567,0.7755647825539258,25,20,20
48,4224,0.013119946779482538,6.102484628564869e-05,0.18806543848180418,0.798753589892427,25,20,20
48,4225,0.07734020080158024,1.1721069669216033e-05,0.12456119289909749,0.798086885229653,25,20,20
48,4226,0.1157596879573614,0.0002889527053766288,0.10324501225091277,0.7807063470863491,25,20,20
48,4227,0.0521370473679596,0.0007444112311994473,0.1859012008850903,0.7612173405157496,25,20,20
48,4228,0.05480139750199164,0.0003981098484241274,0.24243161967970955,0.7023688729698739,25,20,20
48,4229,0.013575385458397093,0.0005223437175546515,0.2857801861506807,0.7001220846733677,25,20,20
48,4230,0.0012188569243783193,1.0780602187975502e-05,0.2946865005732866,0.7040838619001468,25,20,20
48,4231,0.0007447744914988685,5.732603439915425e-05,0.3175040890676483,0.6816938104064534,25,20,20
48,4232,0.0009773520336824578,3.8058857295820915e-05,0.2552089930775178,0.7437755960315041,25,20,20
48,4233,0.005373654185357488,4.221581790075218e-05,0.3058910406625029,0.688693089334237,25,20,20
48,4234,0.04487036264086555,9.564866834892364e-07,0.3005736147275725,0.6545550661448768,25,20,20
48,4235,0.0005100064466619546,1.7983173112662322e-06,0.32101450951808863,0.6784736857179371,25,20,20
48,4236,0.021608947693805766,2.3247811479591167e-06,0.30517222153584017,0.6732165059892056,25,20,20
48,4237,0.03708861588968364,0.0010014771255659831,0.2907897442513882,0.6711201627333616,25,20,20
48,4238,0.03510008688694846,0.0014135586939747645,0.3083922869503415,0.6550940674687348,25,20,20
48,4239,0.036141208709303256,0.003984583266328242,0.2413317689095387,0.7185424391148291,25,20,20
48,4240,0.03613976071168826,0.0014114687939542445,0.24119748482708173,0.7212512856672758,25,20,20
48,4241,0.04750590285689296,0.00011771545859367521,0.2041677988794893,0.7482085828050238,25,20,20
48,4242,0.0313451893178581,9.144738071480675e-05,0.2162744760045469,0.7522888872968798,25,20,20
48,4243,0.0026404753002167297,0.00040509331001274907,0.23490111286347395,0.7620533185262963,25,20,20
48,4244,0.0026335482042772044,0.03145104440220001,0.19210053774485314,0.7738148696486692,25,20,20
48,4245,0.0005990253332991003,0.0395622493122594,0.204700932232999,0.7551377931214421,25,20,20
48,4246,0.036728755219627596,0.04003903513592595,0.1705522097526438,0.7526799998918017,25,20,20
48,4247,0.04043342078243819,0.0400361788081852,0.15917553976716634,0.7603548606422098,25,20,20
48,4248,0.040597749214716615,0.04000103667448826,0.16069408403446636,0.7587071300763274,25,20,20
48,4249,0.07865795998244768,0.03999875182198589,0.12343381925959931,0.7579094689359666,25,20,20
48,4250,0.04613737829821113,0.0402600264692365,0.17008947003737226,0.7435131251951799,25,20,20
48,4251,0.009594408135965616,0.07997553822465531,0.12767487973941483,0.7827551738999639,25,20,20
48,4252,6.006926252784451e-05,0.08007377716775346,0.09808930329448998,0.821776850275228,25,20,20
48,4253,1.7764859808539045e-07,0.07954895137291641,0.11235700133663185,0.8080938696418529,25,20,20
48,4254,0.012422600376813132,0.0663952225560322,0.06833729498833609,0.8528448820788179,25,20,20
48,4255,0.012522270060140388,0.06657336269314938,0.07663803339763839,0.8442663338490718,25,20,20
48,4256,0.012422599391516654,0.03999077185394161,0.09331197183106324,0.8542746569234778,25,20,20
48,4257,0.012422599119247247,0.03999076911950747,0.08572389813882308,0.8618627336224222,25,20,20
48,4258,0.016565315014475907,0.022843806428229415,0.08156350569670087,0.8790273728605935,25,20,20
48,4259,0.016565315025545847,0.0316861185357785,0.0733783288311853,0.8783702376074902,25,20,20
48,4260,0.004756704495658666,0.03978510993788431,0.08267576383073177,0.872782421735725,25,20,20
48,4261,0.03762699628544053,0.04002528921635918,0.08847556465027838,0.8338721498479217,25,20,20
48,4262,0.00038010619169872776,0.04138614575139579,0.12636006152378582,0.8318736865331195,25,20,20
48,4263,1.484242881534233e-06,0.04134176361669719,0.1207511461117865,0.8379056060286351,25,20,20
48,4264,0.00012039062038108378,0.03976757817520105,0.1222463279935016,0.8378657032109161,25,20,20
48,4265,0.00012047818062589333,0.03935151654010855,0.12098737240311243,0.8395406328761527,25,20,20
48,4266,0.003715753158582052,0.03933127739009397,0.11657376771113881,0.8403792017401844,25,20,20
48,4267,0.03947823801880343,3.233543566337907e-05,0.1283741880994316,0.8321152384461007,25,20,20
48,4268,0.03947823801870471,3.233554942843317e-05,0.1300499543488376,0.8304394720830288,25,20,20
48,4269,0.005649860959630599,0.0008788804037674427,0.16454178371872277,0.8289294749178788,25,20,20
48,4270,3.4127278104415805e-06,0.0018244796646389402,0.16783992386380026,0.8303321837437498,25,20,20
48,4271,3.3022498116144537e-06,0.03123237502060021,0.1374906956273046,0.8312736271022828,25,20,20
48,4272,3.3255263847509673e-06,0.031233654309618605,0.1302558869624937,0.8385071332015029,25,20,20
48,4273,6.506399447213439e-08,0.03026032966758242,0.14940027154120933,0.8203393337272133,25,20,20
48,4274,9.934841487192075e-08,0.022594412256208795,0.18563519343720108,0.7917702949581746,25,20,20
48,4275,0.005508862948248769,0.04002768064587694,0.15533881984144424,0.7991246365644296,25,20,20
48,4276,8.800887516708533e-06,0.03983878157376711,0.17040557539331228,0.7897468421454035,25,20,20
48,4277,1.264106177084384e-05,0.03949913925298743,0.18533447624524604,0.7751537434399951,25,20,20
48,4278,6.275122056595676e-06,0.04000126964543718,0.1690597669549799,0.7909326882775254,25,20,20
48,4279,1.5008076525446268e-05,0.04000074008496279,0.1609645888285018,0.7990196630100093,25,20,20
48,4280,0.033242676415130304,0.040000030065409434,0.11023726838584741,0.8165200251336122,25,20,20
48,4281,0.00018524545515685018,0.039547693605014214,0.1596690255381341,0.8005980354016944,25,20,20
48,4282,0.00032039906606426687,0.039479824578438454,0.13951875558603272,0.8206810207694641,25,20,20
48,4283,0.03920205550527514,0.039480072463112775,0.13704479096136304,0.7842730810702487,25,20,20
48,4284,0.03641209837451746,0.03948327993728844,0.1218330383517757,0.802271583336418,25,20,20
48,4285,0.033461334356491214,0.03998270128275064,0.12699801852096082,0.7995579458397972,25,20,20
48,4286,0.004333219303716936,0.039979609793339206,0.17807193877622565,0.7776152321267183,25,20,20
48,4287,0.020101850786013686,0.039988884305987835,0.16551633478281771,0.7743929301251807,25,20,20
48,4288,9.327940854698875e-05,1.5360008533765056e-05,0.1872214111264101,0.8126699494565084,25,20,20
48,4289,9.596194467846577e-05,5.506369289902755e-06,0.18250859509172712,0.8173899365943029,25,20,20
48,4290,5.8990172328338715e-05,3.7939421316667633e-07,0.16586600035598945,0.8340746300774684,25,20,20
48,4291,0.03696987461003928,6.895410414376183e-07,0.16171320589825564,0.8013162299506628,25,20,20
48,4292,0.016609928410362917,9.577170948218737e-09,0.1349794405220872,0.8484106214903783,25,20,20
48,4293,0.036894602463430765,3.9355071390817776e-05,0.12395847273316613,0.8391075697320125,25,20,20
48,4294,7.978771199027113e-05,0.0007810508253403504,0.1535778843852882,0.8455612770773806,25,20,20
48,4295,5.6413716793707767e-05,3.7558349710061204e-05,0.13709626781929185,0.8628097601142037,25,20,20
48,4296,5.641371604628213e-05,3.755824758045282e-05,0.136046605198554,0.863859422837819,25,20,20
48,4297,0.00011646972110401267,3.841182957673482e-05,0.12147207777459162,0.8783730406747273,25,20,20
48,4298,0.00011481653609580748,3.806380851270011e-05,0.1576662586932283,0.8421808609621625,25,20,20
48,4299,9.386221408647015e-05,1.9444622878139446e-09,0.15742130020552042,0.8424848356359306,25,20,20
48,4300,2.4076943849200076e-07,4.742618462447937e-05,0.199951882004316,0.8000004510416204,25,20,20
48,4301,0.013006080587800822,4.7779556589706485e-05,0.18785395495267834,0.7990921849029309,25,20,20
48,4302,1.057526534809977e-05,4.861169692530219e-05,0.2018174045428773,0.798123408494849,25,20,20
48,4303,1.2054154259408773e-05,4.6049688779282395e-05,0.2089563910978815,0.7909855050590793,25,20,20
48,4304,1.179107986310612e-05,2.3969941277731513e-05,0.2011674327308046,0.7987968062480537,25,20,20
48,4305,0.037673022696704174,2.5286419524995152e-05,0.18005019763910426,0.782251493244666,25,20,20
48,4306,0.04762262678845796,5.1775073789334673e-05,0.16910372439818164,0.7832218737395708,25,20,20
48,4307,0.04852085157446151,7.567147109003673e-05,0.15962183969458865,0.791781637259859,25,20,20
48,4308,0.008930333183329307,4.094867112445847e-05,0.22453491090744085,0.7664938072381048,25,20,20
48,4309,0.009144358052029105,6.423619281610098e-06,0.20306836310928233,0.787780855219406,25,20,20
48,4310,0.00902532516296773,3.428512904371773e-05,0.1941653003393169,0.796775089368671,25,20,20
48,4311,0.009026942696176451,0.002599069854038356,0.19877923643315915,0.7895947510166259,25,20,20
48,4312,0.009027121501305057,2.2455862935691045e-05,0.23118937031537212,0.759761052320386,25,20,20
48,4313,0.005550495713044884,1.754002145564153e-06,0.22717568986418857,0.7672720604206205,25,20,20
48,4314,0.0054590082324420105,1.7800144883629493e-05,0.21846184148104292,0.7760613501416319,25,20,20
48,4315,0.04010884853173285,1.89130816284196e-05,0.20110042628680855,0.7587718120998292,25,20,20
48,4316,0.04011082610782186,1.864105017458669e-05,0.19987093256125502,0.759999600280748,25,20,20
48,4317,0.040231240140620364,1.8549930299878543e-05,0.23776338518604045,0.721986824743039,25,20,20
48,4318,0.040328038286466146,1.7267179413567437e-07,0.20851013640031194,0.7511616526414265,25,20,20
48,4319,0.04011385796473988,8.074633036609749e-07,0.14807190808791446,0.8118134264840415,25,20,20
48,4320,0.04115290538852679,4.273696947376392e-06,0.13801459825159426,0.8208282226629312,25,20,20
48,4321,0.06485331458078719,3.0205325994536682e-06,0.16306536725494902,0.772078297631664,25,20,20
48,4322,0.03248982553050147,0.00049289312544829,0.20313412117779325,0.7638831601662568,25,20,20
48,4323,0.040561736392057186,0.0004999162560904907,0.22879920349656793,0.730139143855284,25,20,20
48,4324,0.08093515677043352,0.0004924379942900555,0.15795359731749198,0.760618807917784,25,20,20
48,4325,0.07484935874799796,9.653767210186106e-05,0.24212226842986453,0.6829318351500346,25,20,20
48,4326,0.04841169185958021,9.651537586873018e-05,0.27189582479234337,0.6795959679722076,25,20,20
48,4327,0.04449169205822349,4.780797229603504e-06,0.2525381606929457,0.702965366451601,25,20,20
48,4328,0.07768049659672743,6.5568071080043135e-06,0.20125089180356084,0.721062054792603,25,20,20
48,4329,0.07675934676945126,5.3239157249152864e-05,0.18557093882245657,0.7376164752508417,25,20,20
48,4330,0.07626480411746797,5.352617239050547e-06,0.204849147933316,0.7188806953319762,25,20,20
48,4331,0.056018126680138225,1.9400118702583045e-05,0.19359414261085447,0.7503683305903042,25,20,20
48,4332,0.11823011714099035,1.906987917104764e-05,0.12215396426386324,0.7595968487159752,25,20,20
48,4333,0.06946869042249812,2.32501754524453e-05,0.1705583950702421,0.7599496643318068,25,20,20
48,4334,0.04408444873412635,1.3140981058058093e-05,0.19714860854078142,0.7587538017440336,25,20,20
48,4335,0.07219316535816998,2.691601041462804e-07,0.16918358664607056,0.7586229788356539,25,20,20
48,4336,0.07392292758121742,2.1189328699318187e-07,0.17595999548479363,0.7501168650407019,25,20,20
48,4337,0.03037437358201153,9.419257668512629e-07,0.23224747272010834,0.7373772117721127,25,20,20
48,4338,0.011633402224737325,0.02373965667107336,0.21955459005414363,0.7450723510500452,25,20,20
48,4339,0.01180179370293088,0.04000570501013094,0.20180741369412541,0.746385087592812,25,20,20
48,4340,0.011840729565552934,0.04000562127157806,0.19542428266752507,0.7527293664953432,25,20,20
48,4341,0.019381207135310677,0.04000562381614516,0.20358684648409697,0.737026322564446,25,20,20
48,4342,0.019921023327313145,0.03999717928156882,0.19709135504799297,0.7429904423431241,25,20,20
48,4343,0.06624090327939638,0.04003172297459929,0.09406608266570453,0.7996612910802989,25,20,20
48,4344,0.05468264610331574,0.04001363210891989,0.13229799227146166,0.7730057295163025,25,20,20
48,4345,0.016831235281013827,0.02284483571719449,0.1935319354525692,0.7667919935492218,25,20,20
48,4346,0.05644400070208345,0.059639343754706156,0.0861750339739798,0.7977416215692297,25,20,20
48,4347,0.02955550497290527,0.03986783275654702,0.14749219804494984,0.7830844642255965,25,20,20
48,4348,0.04634277664504546,0.03983238623329429,0.11467347475390134,0.7991513623677576,25,20,20
48,4349,0.0393827927869855,0.03984737658539171,0.12135427978788214,0.7994155508397401,25,20,20
48,4350,0.007912243481520538,0.04000633900820017,0.11270443668182799,0.8393769808284504,25,20,20
48,4351,0.009965943816690083,0.040001813476378684,0.10942606159494676,0.840606181111984,25,20,20
48,4352,5.436089614409595e-06,0.03949809255651307,0.12170036528937982,0.8387961060644923,25,20,20
48,4353,0.016124656237246012,0.03998953302046095,0.12165453330767723,0.822231277434615,25,20,20
48,4354,0.01695229492015544,0.04000636729959946,0.10337878706101553,0.8396625507192291,25,20,20
48,4355,0.011210259668481892,0.04000657641004733,0.10778104171999688,0.8410021222014734,25,20,20
48,4356,0.011028132176954267,0.03981953636792074,0.13588502372849406,0.8132673077266308,25,20,20
48,4357,0.03895373404957957,0.04000152256374828,0.08900517208139266,0.8320395713052787,25,20,20
48,4358,0.02930999211945148,0.0410486941873633,0.14612675623185242,0.7835145574613323,25,20,20
48,4359,0.02941377806889155,0.040001397159111066,0.15674507135730362,0.7738397534146929,25,20,20
48,4360,0.04012038640560671,0.03346606997443097,0.15073171869712496,0.7756818249228374,25,20,20
48,4361,0.03999507851233006,0.04953005928922053,0.11290427884017591,0.7975705833582736,25,20,20
48,4362,0.03999693834815128,0.031350013864364715,0.1297079403357805,0.7989451074517032,25,20,20
48,4363,0.010408870728507073,0.039354420868341206,0.15133778645359064,0.7988989219495608,25,20,20
48,4364,0.040048457388189025,0.04000421000752186,0.12241460813758763,0.7975327244667008,25,20,20
48,4365,0.04004060927351604,0.024199074776979804,0.1370419077468887,0.7987184082026145,25,20,20
48,4366,0.04404925995480644,0.02734466525500596,0.13033844436565192,0.7982676304245352,25,20,20
48,4367,0.011921949419893026,0.040000335785868354,0.14878682697822948,0.799290887816009,25,20,20
48,4368,0.017279515103384355,0.031119284394839162,0.15222383344420695,0.7993773670575689,25,20,20
48,4369,0.03622170941714874,0.03223704761275757,0.1412279324195413,0.7903133105505519,25,20,20
48,4370,0.04290670694122344,0.033677021328339746,0.14040988646137856,0.783006385269057,25,20,20
48,4371,0.0025060935919608944,0.00046341416944738374,0.19646144786015962,0.8005690443784309,25,20,20
48,4372,0.003826293849995076,2.479330010627182e-05,0.19707619645551258,0.7990727163943848,25,20,20
48,4373,0.005435349516335984,1.1027870263962325e-06,0.17706697913300024,0.8174965685636367,25,20,20
48,4374,0.013197845577800729,4.7032692214865715e-05,0.16917390828406279,0.8175812134459212,25,20,20
48,4375,0.04501870419359321,4.7696257553104005e-05,0.1311638994405689,0.823769700108284,25,20,20
48,4376,0.0013179770112316973,0.010476099814205197,0.1565834824196293,0.8316224407549327,25,20,20
48,4377,0.0002129925750168046,0.03948006634449816,0.08113623827458438,0.8791707028059003,25,20,20
48,4378,0.00021299257501519319,0.03948006634353557,0.08183817791638882,0.8784687631650603,25,20,20
48,4379,0.00021299892331983538,0.02470187310796755,0.09662744039060352,0.8784576875781085,25,20,20
48,4380,0.00025424237669423576,0.000711317937915933,0.12015672743909293,0.8788777122462968,25,20,20
48,4381,0.0002542424405427283,0.002347054247719898,0.13512290184661752,0.862275801465119,25,20,20
48,4382,0.01612127324435504,1.214171510409893e-05,0.11572222643995751,0.8681443586005827,25,20,20
48,4383,0.05207755930612249,1.2142259395993837e-05,0.0697491913279406,0.8781611071065406,25,20,20
48,4384,0.0011744313378461908,2.9945744859662746e-06,0.13746616779018372,0.8613564062974838,25,20,20
48,4385,3.0869373431456055e-06,3.262227117044893e-05,0.13196779900560665,0.8679964917858792,25,20,20
48,4386,0.02779715946494744,3.5529565147397623e-06,0.11828914050877236,0.8539101470697649,25,20,20
48,4387,0.027797091647093885,1.914511501017843e-05,0.10957252458538325,0.8626112386525117,25,20,20
48,4388,0.006328339712698089,1.4171337384885062e-07,0.13227470996107335,0.8613968086128545,25,20,20
48,4389,0.0049639900217570195,1.6852431894031687e-07,0.11302810280133563,0.8820077386525884,25,20,20
48,4390,4.998129187839196e-08,2.096343573555292e-08,0.13784341283454402,0.862156516220728,25,20,20
48,4391,2.013861648778032e-06,1.8485483480821578e-05,0.15083593915316448,0.8491435615017054,25,20,20
48,4392,0.00444503489711372,0.0004469888013773339,0.17347026625198686,0.8216377100495216,25,20,20
48,4393,0.0044442265845104495,6.113718023059502e-07,0.1408810671045539,0.8546740949391329,25,20,20
48,4394,0.004444226685013103,1.631469263809246e-07,0.09113477135937409,0.9044208388086861,25,20,20
48,4395,0.004446308848160501,3.4146226393559507e-09,0.0938074192348833,0.9017462685023331,25,20,20
48,4396,0.03733763821500926,2.7190621816484813e-09,0.050540479630300957,0.9121218794356273,25,20,20
48,4397,0.035994443872167756,9.508181872140299e-09,0.05999648447154256,0.9040090621481075,25,20,20
48,4398,0.03600080584179588,7.770786260426152e-07,0.05323612788836469,0.9107622891912134,25,20,20
48,4399,0.035994407506075105,1.56955798483098e-08,0.08295358603179875,0.881051990766546,25,20,20
48,4400,0.008167102953207177,1.0468166776559153e-06,0.12182718118020283,0.870004669049912,25,20,20
48,4401,0.008167102956598237,4.842003747262597e-05,0.12087850049678409,0.8709059765091447,25,20,20
48,4402,0.008169155181541798,5.364575084636709e-07,0.12667828035012818,0.8651520280108211,25,20,20
48,4403,2.1803514109928667e-06,1.8378668975645435e-06,0.1344176896261158,0.865578292155575,25,20,20
48,4404,3.1702919950273742e-06,7.62387508116763e-07,0.14965184927588468,0.850344218044612,25,20,20
48,4405,1.5126357652883403e-05,1.5422174922984374e-06,0.16426946000050155,0.8357138714243527,25,20,20
48,4406,2.9812780928709585e-06,5.0003064127503426e-05,0.1374225835730503,0.8625244320847284,25,20,20
48,4407,0.007773244260904439,5.560441597384817e-05,0.14999641534169372,0.8421747359814274,25,20,20
48,4408,1.5551898941507398e-07,4.998696040006653e-05,0.12922875675722312,0.8707211007633869,25,20,20
48,4409,1.551367166035838e-07,4.912722702080613e-05,0.12751150140875572,0.8724392162275061,25,20,20
48,4410,2.0658703815239494e-07,4.9127172949866924e-05,0.12165407348588968,0.8782965927541221,25,20,20
48,4411,0.004358290799415045,0.0028769614383801264,0.1453757114040075,0.8473890363581974,25,20,20
48,4412,0.00435829405742112,0.0028782283173797185,0.1505321379990204,0.8422313396261788,25,20,20
48,4413,0.004596514743719313,0.04025160080624704,0.12158299505952773,0.8335688893905059,25,20,20
48,4414,4.854656908870376e-06,0.029938948047230275,0.13318955319044087,0.8368666441054193,25,20,20
48,4415,0.00012156361196810186,0.029958812614618916,0.09992781201469939,0.8699918117587131,25,20,20
48,4416,0.00011773713902341793,0.026585096780014708,0.11410074983906364,0.8591964162418978,25,20,20
48,4417,0.00011773748233778424,0.040627322527959725,0.13015386850748434,0.8291010714822172,25,20,20
48,4418,3.910638316408544e-06,0.043131979450522266,0.12004821390369912,0.8368158960074616,25,20,20
48,4419,4.747401354886201e-05,0.04056223993994278,0.13294272518792016,0.8264475608585878,25,20,20
48,4420,0.03866201824667377,0.039366308854955026,0.05542376611652899,0.8665479067818422,25,20,20
48,4421,0.008993913425562137,0.04002403360838817,0.08165962019925793,0.8693224327667909,25,20,20
48,4422,0.00845868809002954,0.04000002306544727,0.08245126141144589,0.8690900274330766,25,20,20
48,4423,0.016486362406077978,0.039999692565036,0.06527709178028915,0.8782368532485967,25,20,20
48,4424,0.017063626368738857,0.03999709049311329,0.08610689298815992,0.8568323901499874,25,20,20
48,4425,0.03802468517680955,0.03999578415392095,0.11574013258808627,0.8062393980811828,25,20,20
48,4426,0.03798778344860294,0.039995687468227736,0.06818893150557569,0.8538275975775932,25,20,20
48,4427,0.03798778499402272,0.039995687184128624,0.044018802454242986,0.8779977253676055,25,20,20
48,4428,0.012709303224885855,0.03999568705091135,0.10175632511876614,0.845538684605436,25,20,20
48,4429,0.0399810815366174,0.03999567232870635,0.07646483288225803,0.8435584132524179,25,20,20
48,4430,0.03998108153653351,0.03998791149595227,0.08060885332857838,0.8394221536389354,25,20,20
48,4431,1.996190120755436e-11,0.03998792240507533,0.09342780449791777,0.8665842730770444,25,20,20
48,4432,2.2076055575789416e-11,0.0399879114085068,0.08045408047909605,0.879558008090321,25,20,20
48,4433,1.4706980518631684e-09,0.022880766178625528,0.11376968176564592,0.8633495505850302,25,20,20
48,4434,7.380496112825723e-10,0.04034840436755234,0.09509705222204942,0.864554542672348,25,20,20
48,4435,3.709352971683538e-06,0.03999749386344365,0.06805429969736487,0.8919444970862194,25,20,20
48,4436,5.466206176068145e-08,0.029975086664347034,0.06623700372546916,0.903787854948122,25,20,20
48,4437,0.034948201394378625,0.03998794321776665,0.0059164110034284215,0.9191474443844263,25,20,20
48,4438,0.00016272040489463829,0.02997737594388926,0.07338455795660583,0.89647534569461,25,20,20
48,4439,0.00016277345309526192,0.03975842570296921,0.04162754574902996,0.9184512550949058,25,20,20
48,4440,3.019575572932933e-08,0.039766771508956654,0.041885185845153224,0.918348012450134,25,20,20
48,4441,3.020103985962131e-08,0.03948809259589607,0.04206866034075822,0.9184432168623059,25,20,20
48,4442,3.0195228400719263e-08,0.03948809565513693,0.044062021443283125,0.9164498527063516,25,20,20
48,4443,3.0195224906173084e-08,0.03948809559818504,0.042339983107999635,0.9181718910985904,25,20,20
48,4444,1.1188971882225998e-09,0.03999076348503338,0.04775408348871672,0.9122551519073522,25,20,20
48,4445,4.49531708456987e-11,0.041472406374823176,0.05314980951552033,0.905377784064703,25,20,20
48,4446,5.807940222060411e-12,0.03947976685771389,0.06462973898196664,0.895890494154511,25,20,20
48,4447,6.741981959615462e-13,0.03948026469543882,0.04224279806596286,0.9182769372379237,25,20,20
48,4448,6.648696747193556e-13,0.03933200907379662,0.04262841910178866,0.9180395718237497,25,20,20
48,4449,6.768715878559973e-08,0.0317681279373279,0.05069727750585023,0.9175345268696627,25,20,20
48,4450,1.3248257194099252e-06,0.03177246255080873,0.048758497352140155,0.9194677152713316,25,20,20
48,4451,1.3260843143889981e-06,0.03177246271917296,0.04950738802610057,0.9187188231704123,25,20,20
48,4452,0.036509949563847684,0.03933193278655047,0.013484920447721892,0.91067319720188,25,20,20
48,4453,0.03650989559697115,0.03933192937993745,0.01242768453457348,0.9117304904885176,25,20,20
48,4454,0.039980652883410545,0.03976258443691629,0.0011053514646162355,0.9191514112150568,25,20,20
48,4455,0.003765629231920495,0.05266968052346015,0.04177795620135158,0.9017867340432673,25,20,20
48,4456,7.006087821175666e-12,0.07954289304415511,0.01902497577006632,0.9014321311787724,25,20,20
48,4457,1.064952222641182e-13,0.06997288139857219,0.02902498189548351,0.9010021367058375,25,20,20
48,4458,5.716477638487526e-15,0.07932794900351603,0.001384659148413974,0.9192873918480641,25,20,20
48,4459,7.250728566539531e-10,0.0597943598022784,0.08305735048729321,0.8571482889853554,25,20,20
48,4460,2.0964309592564326e-07,0.059794161969243975,0.0829656556601799,0.85723997272748,25,20,20
48,4461,1.2308650071349843e-05,0.004399441808293512,0.1567001067682382,0.8388881427733967,25,20,20
48,4462,0.0001494978535849781,5.706282248169168e-08,0.18341631424331495,0.8164341308402767,25,20,20
48,4463,5.967811449070621e-08,4.308750183125184e-08,0.17844637148921674,0.8215535257451666,25,20,20
48,4464,8.421973704701606e-05,3.3667774368279015e-08,0.1600791899940182,0.83983655660116,25,20,20
48,4465,0.0004022789235986648,3.6410496285990704e-07,0.14245440600542905,0.8571429509660091,25,20,20
48,4466,0.00025280912631521973,0.0007312542509063503,0.14216351273990357,0.856852423882874,25,20,20
48,4467,0.0005131306357354526,1.1678396041140498e-06,0.20369042087527725,0.7957952806493829,25,20,20
48,4468,0.00017638006137800193,1.2668150991354693e-05,0.20752206371723414,0.7922888880703957,25,20,20
48,4469,0.039999090597908675,1.2844606902505293e-05,0.0984954924272651,0.8614925723679235,25,20,20
48,4470,6.0777005941794234e-05,3.2803737816976635e-07,0.14717983853622765,0.852759056420452,25,20,20
48,4471,0.03997220616485759,7.988343037273495e-09,0.12063342307392984,0.8393943627728692,25,20,20
48,4472,0.0002986347130815787,3.446495077006919e-07,0.14604848814303817,0.853652532494372,25,20,20
48,4473,0.012788117206181835,4.5602743961769567e-07,0.08376278173197703,0.903448645034401,25,20,20
48,4474,0.012801994900786474,0.00036859170386270785,0.0834486625977882,0.9033807507975624,25,20,20
48,4475,0.012768335337850444,9.961984266628894e-07,0.08524603814820546,0.9019846303155173,25,20,20
48,4476,5.325077444060877e-08,3.2396236097275e-09,0.003236916734838426,0.9967630267747636,25,20,20
48,4477,5.2936065419494056e-08,5.964611180587882e-11,0.005020146369024121,0.9949798006352641,25,20,20
48,4478,3.313357434999167e-11,6.258240384215597e-11,0.0016733739663025657,0.9983266259379815,25,20,20
48,4479,9.59946595928709e-10,4.872245698432479e-12,0.008236684965893241,0.991763314069288,25,20,20
48,4480,1.216216583195921e-09,5.023582981886198e-11,0.016753441008708857,0.9832465577248388,25,20,20
48,4481,2.7317827730744627e-10,1.8056389672872078e-07,0.01683732135394181,0.9831624978089831,25,20,20
48,4482,2.7257296075172114e-10,5.024847472958202e-11,0.009458491183228408,0.9905415084939498,25,20,20
48,4483,1.662591956806132e-11,3.588085059484801e-11,0.027832983459402775,0.9721670164880903,25,20,20
48,4484,9.532701199672003e-10,6.393967538014312e-11,0.020430749612213552,0.9795692493705767,25,20,20
48,4485,9.53159317627795e-10,3.2072436088918815e-09,0.01142933771279733,0.9885706581268,25,20,20
48,4486,9.378761559860493e-10,3.239014238901136e-09,0.02633690670378774,0.9736630891193218,25,20,20
48,4487,2.2415067505139e-11,6.3848136653383645e-09,0.0020879776456773145,0.9979120159470939,25,20,20
48,4488,5.898628586103807e-12,3.2374734946886215e-09,0.0018075272705744706,0.9981924694860534,25,20,20
48,4489,1.2826718743379638e-13,3.238463833420187e-09,0.0034281341250743808,0.9965718626363335,25,20,20
48,4490,8.77783866050666e-15,4.613226146535315e-11,0.011217403334759237,0.9887825966190998,25,20,20
48,4491,5.340527801414506e-13,4.8087716608865294e-11,0.03574375010759208,0.9642562498437861,25,20,20
48,4492,6.141304624524513e-12,9.484442447508203e-11,0.06639432212503305,0.9336056777739807,25,20,20
48,4493,1.7993994319113986e-12,3.2376924687508335e-09,0.06637312111788998,0.933626875642618,25,20,20
48,4494,4.075998212181687e-13,3.102126856835237e-10,0.06989397928474407,0.9301060204046351,25,20,20
48,4495,9.427093800585562e-10,1.5220773084615728e-08,0.0692781794348422,0.9307218044016752,25,20,20
48,4496,1.8709698067341984e-08,1.1289697924349567e-10,0.0020455832016197557,0.997954397975785,25,20,20
48,4497,1.4602338761501607e-12,2.1614438859997532e-12,0.03844197804581469,0.9615580219505635,25,20,20
48,4498,6.725243233376938e-05,2.0439828218298547e-07,0.04160193908200534,0.9583306040873784,25,20,20
48,4499,1.5327485772721494e-09,1.2552109095303198e-05,0.04152331308539929,0.958464133272757,25,20,20
48,4500,2.4633676710677972e-09,1.255214242449136e-05,0.05991571236363538,0.9400717330305726,25,20,20
48,4501,1.532468898479819e-09,1.2552144999770892e-05,0.09671650440931213,0.9032709419132189,25,20,20
48,4502,0.03610219008685918,3.447233225621891e-08,0.043712006896563266,0.9201857685442453,25,20,20
48,4503,0.03610219067329413,1.8994237849891727e-05,0.046134233342826854,0.9177445817460291,25,20,20
48,4504,0.007931445342895324,1.9134930386595413e-05,0.09367896209034159,0.8983704576363759,25,20,20
48,4505,5.717840153752301e-08,2.738846524061778e-10,0.09959583375308735,0.900404108794626,25,20,20
48,4506,5.5553692905499764e-05,8.806665070683965e-06,0.13008977811021671,0.8698458615318068,25,20,20
48,4507,0.0005221544385888841,1.4643051727838449e-05,0.12998643963431547,0.8694767628753668,25,20,20
48,4508,0.00018423158050245923,2.7532216264163634e-05,0.12977268943317774,0.8700155467700549,25,20,20
48,4509,0.00019021718474154857,1.4636841452051605e-05,0.1672882576057457,0.8325068883680605,25,20,20
48,4510,1.2711672221976645e-05,0.0009545087726981825,0.1665446200123272,0.8324881595427517,25,20,20
48,4511,0.03486143940016499,0.0009545126209837429,0.12009633392141286,0.8440877140574379,25,20,20
48,4512,9.747648050834854e-05,0.0013405037479664102,0.14769513182757948,0.8508668879439449,25,20,20
48,4513,2.693323092754139e-06,0.0025775975248192562,0.13634914385609984,0.8610705652959877,25,20,20
48,4514,2.587585932885347e-06,0.002576865495270212,0.16892360568863257,0.8284969412301644,25,20,20
48,4515,4.9473919967529584e-05,1.47527057167292e-08,0.21934467119077167,0.780605840136554,25,20,20
48,4516,0.04026340277098275,3.9082395164847755e-08,0.16699719990752218,0.7927393582391002,25,20,20
48,4517,0.00562701076503794,1.375460278118019e-07,0.19470801642112787,0.7996648352678056,25,20,20
48,4518,0.03774279609241919,1.97026801516439e-06,0.16297902868593944,0.7992762049536252,25,20,20
48,4519,0.04065935518221037,8.077654743541661e-07,0.1600084727506651,0.7993313643016492,25,20,20
48,4520,0.04009631373823897,3.899235193533677e-07,0.16039748247141886,0.7995058138668221,25,20,20
48,4521,0.010571543728594226,0.015808335439032355,0.17444157293393092,0.7991785478984414,25,20,20
48,4522,0.0004073881513860025,0.016518456267332525,0.1997424027301145,0.7833317528511664,25,20,20
48,4523,0.035395884903703656,1.5510572109258096e-05,0.1645707234115665,0.8000178811126201,25,20,20
48,4524,0.07406147428833056,1.6728936371536244e-05,0.15224638133441082,0.7736754154408869,25,20,20
48,4525,0.03457434173894873,1.181103241892661e-05,0.1722149648178296,0.7931988824108018,25,20,20
48,4526,0.03457363245912735,0.025345020052838913,0.1390221170060156,0.8010592304820174,25,20,20
48,4527,0.056218105746471764,0.025356817366652233,0.15285680665283358,0.7655682702340421,25,20,20
48,4528,0.056243148248492345,0.03981553268301338,0.14011061391302929,0.763830705155465,25,20,20
48,4529,0.0009773087921813451,0.039815535142659446,0.1994221780593015,0.7597849780058574,25,20,20
48,4530,0.00048547268329938005,0.0019944603312559185,0.23173598467076567,0.7657840823146771,25,20,20
48,4531,0.04037023361677749,0.00202034019313736,0.21178230711671206,0.7458271190733727,25,20,20
48,4532,0.0006154953784713043,3.0604204280092666e-05,0.2409379433854523,0.7584159570317952,25,20,20
48,4533,0.00026680076721771127,0.0005157171574011344,0.27752667395530733,0.7216908081200738,25,20,20
48,4534,0.0019632290929187377,0.002034494665381041,0.3140494400516911,0.6819528361900083,25,20,20
48,4535,0.0018103311286396383,0.0020502344178313977,0.3142766498174275,0.6818627846361006,25,20,20
48,4536,0.03809105729224128,0.0004372961769346291,0.27497379217422746,0.6864978543565963,25,20,20
48,4537,0.051187788966515456,8.413318456828168e-05,0.24595130594523495,0.7027767719036798,25,20,20
48,4538,0.007456404597120636,0.0003683731047170051,0.27265048849088486,0.7195247338072762,25,20,20
48,4539,0.018259827443097648,1.2974223894908813e-06,0.26036936808159916,0.7213695070529136,25,20,20
48,4540,0.01327376159153952,3.958210788570628e-05,0.2726640773130557,0.7140225789875191,25,20,20
48,4541,0.005485042735627575,0.015875267946757997,0.25937673385139826,0.7192629554662159,25,20,20
48,4542,0.04013578171775243,0.01587494393271745,0.26139247970378215,0.6825967946457476,25,20,20
48,4543,0.05272859036898813,0.001342142187866789,0.26389920677725404,0.6820300606658897,25,20,20
48,4544,0.008465675955334038,0.002497759666010889,0.2767898680163919,0.7122466963622629,25,20,20
48,4545,0.012988962229810703,0.0025228359291054893,0.27223239160629287,0.7122558102347897,25,20,20
48,4546,1.6473039662308495e-05,0.0025222918364981987,0.32393168813115286,0.6735295469926854,25,20,20
48,4547,1.0000396743298398e-05,1.2236172399982328e-06,0.320390738381745,0.67959803760427,25,20,20
48,4548,0.0012414062012297898,4.281736087204821e-06,0.2843049430051463,0.7144493690575361,25,20,20
48,4549,0.03899987037475375,0.0002714206843889922,0.2587094964819693,0.7020192124588871,25,20,20
48,4550,0.039001413618873035,0.0028041142692448832,0.23145999845370915,0.7267344736581727,25,20,20
48,4551,0.07437596116477636,0.03167406834678963,0.1488899161554641,0.7450600543329695,25,20,20
48,4552,0.10585589020347888,0.05824648868648861,0.07382005471242682,0.7620775663976055,25,20,20
48,4553,0.10585588988888267,0.042614293028900636,0.09649474878474243,0.7550350682974738,25,20,20
48,4554,0.06451785577942475,0.042612288489554714,0.14123142908949812,0.7516384266415216,25,20,20
48,4555,0.014215588127305445,0.0399983078490822,0.15353152740167025,0.7922545766219422,25,20,20
48,4556,7.148714187003539e-05,0.04132104878696702,0.16332930467130555,0.7952781593998571,25,20,20
48,4557,0.00010075368909327592,0.04135966754633169,0.12509052896893424,0.8334490497956404,25,20,20
48,4558,1.9267141090277452e-10,0.040083104908310636,0.14226877449200254,0.8176481204070148,25,20,20
48,4559,1.7025498763013396e-10,0.04007386133097365,0.14049897398913605,0.8194271645096353,25,20,20
48,4560,2.651435954493068e-05,0.0541287639681199,0.08481598441443157,0.8610287372579036,25,20,20
48,4561,1.4106212386538222e-08,0.06570876267872972,0.05466135032529087,0.879629872889767,25,20,20
48,4562,1.4106312376468284e-08,0.06319241292944312,0.05691860541503664,0.8798889675492079,25,20,20
48,4563,3.8215583933697695e-11,0.08000472421991256,0.0777661076340876,0.842229168107784,25,20,20
48,4564,1.0078950746399496e-07,0.06031432913229171,0.08002646676434946,0.8596591033138513,25,20,20
48,4565,3.0814524961579496e-05,0.05946359672625703,0.08852980649469011,0.8519757822540914,25,20,20
48,4566,0.00417517089242734,0.07931031528135685,0.04518659053922582,0.8713279232869899,25,20,20
48,4567,0.00417517089301562,0.039988469845154986,0.08684750311717147,0.8689888561446577,25,20,20
48,4568,0.0011491897820756168,0.04195338876094056,0.08887604531307272,0.8680213761439106,25,20,20
48,4569,0.00012030066396251763,0.04425678486239834,0.11588109187480936,0.8397418225988293,25,20,20
48,4570,0.00525255891761641,0.04181036909696439,0.15511813445400335,0.7978189375314154,25,20,20
48,4571,0.00525239705153491,0.04031451352428779,0.15617763002764526,0.7982554593965319,25,20,20
48,4572,0.00537151644386253,0.014101483680483888,0.18999460639432628,0.7905323934813272,25,20,20
48,4573,0.00558626054646028,3.669767344433687e-05,0.2034676773786191,0.7909093644014757,25,20,20
48,4574,0.03588562276533962,3.63113966310015e-05,0.13477025207093848,0.8293078137670901,25,20,20
48,4575,6.85080140423191e-06,3.627764636469697e-05,0.20461852572934422,0.7953383458228862,25,20,20
48,4576,0.03310762531393078,1.2556748343914287e-05,0.14417615915532234,0.8227036587824023,25,20,20
48,4577,0.03311551580940838,3.66759052212617e-07,0.13456165395261788,0.8323224634789207,25,20,20
48,4578,0.00049149843668327,3.654427153550044e-07,0.159762169151764,0.839745966968837,25,20,20
48,4579,2.1595968352847492e-05,5.82749854044225e-07,0.1605793490809346,0.839398472200858,25,20,20
48,4580,2.1595968349395907e-05,5.828046652965767e-07,0.16053016994538769,0.8394476512815976,25,20,20
48,4581,0.00018911543222342172,5.971457414455667e-07,0.16697934492750083,0.8328309424945336,25,20,20
48,4582,1.0983431797679855e-05,4.302728351390656e-06,0.16791065052469611,0.8320740633151543,25,20,20
48,4583,2.7368287845713547e-06,0.0005175712781553822,0.16144328029031427,0.8380364116027448,25,20,20
48,4584,8.063040682812544e-08,4.450388212192839e-05,0.17618726007253754,0.8237681554149328,25,20,20
48,4585,0.007391759203302928,2.8913149537415283e-05,0.20273199241275092,0.7898473352344076,25,20,20
48,4586,8.175114360259536e-05,1.5278510741084352e-06,0.19550141288602366,0.8044153081192984,25,20,20
48,4587,6.885615593817394e-06,6.977279866233509e-07,0.16047752759204925,0.8395148890643692,25,20,20
48,4588,0.021362207129783956,1.0969980711280427e-06,0.15804071597507385,0.8205959798970704,25,20,20
48,4589,0.01585774703660111,6.088937022833659e-07,0.19968605480518584,0.78445558926451,25,20,20
48,4590,0.00028930653066923026,3.4582021587060714e-05,0.19864151668618987,0.8010345947615533,25,20,20
48,4591,0.037167936999591325,0.0019840539810821248,0.16189608836253455,0.7989519206567912,25,20,20
48,4592,0.03855546020664656,0.02589453948441692,0.13757497857546386,0.7979750217334718,25,20,20
48,4593,0.03865183071324589,0.025926624464567193,0.136433891963457,0.7989876528587296,25,20,20
48,4594,0.03855769883973307,0.041939395934573014,0.12089747716974152,0.798605428055952,25,20,20
48,4595,0.038555350125056724,0.0399881032044451,0.12344695525643137,0.798009591414067,25,20,20
48,4596,0.03855534742677292,0.03933148077178214,0.08598946470929195,0.8361237070921536,25,20,20
48,4597,0.0070084187171219215,0.04190119878997905,0.14823496065809602,0.8028554218348024,25,20,20
48,4598,1.3201630593082049e-05,0.043170419042280576,0.16168485004758715,0.795131529279539,25,20,20
48,4599,2.7420329813566646e-09,0.020162880320386913,0.1521721785029797,0.8276649384346,25,20,20
48,4600,4.9473679254910546e-08,0.02016234598387842,0.15238777983224192,0.8274498247102001,25,20,20
48,4601,1.992967829792507e-08,5.7501091210240224e-05,0.1887544596308023,0.8111880193483088,25,20,20
48,4602,2.9268087781339936e-08,9.244336732800951e-06,0.20755663376765665,0.7924340926275226,25,20,20
48,4603,0.03999798906451436,9.73055027684438e-06,0.16709650243734384,0.7928957779478643,25,20,20
48,4604,0.0397828735644137,1.0498352464762157e-05,0.1797554434367936,0.7804511846463273,25,20,20
48,4605,0.0025253684670162708,0.0013505352854974392,0.21279856365068567,0.7833255325967993,25,20,20
48,4606,0.008007193362535647,4.9825909976871265e-05,0.22456556421939194,0.7673774165080949,25,20,20
48,4607,9.383014172806311e-05,0.0010495329290225838,0.24743671772994258,0.7514199191993063,25,20,20
48,4608,5.455336325989581e-05,2.7848608773930082e-05,0.2552524057993827,0.7446651922285826,25,20,20
48,4609,0.014555088028764263,5.473488183980469e-05,0.20892606888552362,0.7764641082038718,25,20,20
48,4610,0.0004946179561608557,3.9719449910242034e-05,0.1697314717241351,0.8297341908697934,25,20,20
48,4611,0.005688518780785785,0.001992633204895613,0.1398340168352981,0.8524848311790197,25,20,20
48,4612,0.00019321582864923321,0.0019924213079232605,0.09559093403996405,0.9022234288234631,25,20,20
48,4613,2.2611862704222586e-06,0.0019924236078091577,0.07920894494563341,0.918796370260287,25,20,20
48,4614,2.2868274605113232e-06,7.400678601295567e-06,0.08138021664337475,0.918610095850563,25,20,20
48,4615,0.0003290993608051028,1.5361735245532023e-07,0.08879286926444328,0.9108778777573987,25,20,20
48,4616,0.00011725740438485379,1.995131824942835e-05,0.0822263417748741,0.9176364495024915,25,20,20
48,4617,0.00012077246701941982,1.9611713053271728e-05,0.08025881573432389,0.9196008000856031,25,20,20
48,4618,0.00012077247274406357,1.9614899949380855e-05,0.08108647446898991,0.9187731381583168,25,20,20
48,4619,0.0004900747033632405,1.9618668172539424e-05,0.08198200538306201,0.9175083012454021,25,20,20
48,4620,0.00011529439936016489,1.9611722305439126e-05,0.09010365893977694,0.909761434938557,25,20,20
48,4621,1.1988799179362738e-07,9.772405732614758e-06,0.0863437171310481,0.9136463905752268,25,20,20
48,4622,5.075424866844536e-08,9.916069444909883e-06,0.07111502182433047,0.9288750113519758,25,20,20
48,4623,2.4103117416720614e-08,1.0846042352161698e-06,0.0881017360181599,0.9118971552744868,25,20,20
48,4624,2.4103403717560312e-08,1.084605371065074e-06,0.08155140527360323,0.9184474860176219,25,20,20
48,4625,2.513776880049423e-08,7.725369640041512e-07,0.08984516777266675,0.9101540345525998,25,20,20
48,4626,5.453851931451104e-06,1.8840942294120698e-05,0.1191177801303585,0.8808579250754154,25,20,20
48,4627,3.136431734645226e-06,1.0907558510688297e-05,0.0816180994200451,0.9183678565897094,25,20,20
48,4628,3.136431738398564e-06,1.0907504320617056e-05,0.08020691242641607,0.919779043637525,25,20,20
48,4629,3.3639205144126175e-06,1.1509094364930586e-05,0.09011852857425412,0.9098665984108664,25,20,20
48,4630,3.3639364590490224e-06,1.1509038069462145e-05,0.08264147202231499,0.917343655003156,25,20,20
48,4631,4.7416783012336195e-09,8.464709111339038e-07,0.11582402973314113,0.8841751190542688,25,20,20
48,4632,1.5178021740932233e-06,4.8388333855891166e-05,0.10855272773669075,0.8913973661272793,25,20,20
48,4633,4.241678419697814e-09,0.05941758919609621,0.08639325199440952,0.8541891545678159,25,20,20
48,4634,4.241960802480615e-09,0.0594175891981021,0.08723739236885274,0.8533450141910842,25,20,20
48,4635,1.8643199894919487e-10,0.07238948685629165,0.09484671808637048,0.8327637948709058,25,20,20
48,4636,1.2526800871468517e-09,0.0797513070745529,0.12297934615768179,0.7972693455150849,25,20,20
48,4637,1.9127420166448846e-07,0.08001697095482083,0.1254228330108657,0.7945600047601115,25,20,20
48,4638,1.21535343468741e-05,0.08232934507299787,0.1431362455494479,0.774522255843207,25,20,20
48,4639,1.561037598451691e-05,0.08166959808544437,0.1353145794497574,0.7830002120888133,25,20,20
48,4640,4.851359363605314e-06,0.0793192601085799,0.1396361128845677,0.7810397756474887,25,20,20
48,4641,2.1188651180690256e-08,0.07895647932597945,0.13630730874624825,0.7847361907391207,25,20,20
48,4642,8.052231267614985e-08,0.07990665014652974,0.09555173540404245,0.8245415339271145,25,20,20
48,4643,1.2941034018735138e-09,0.07881284278233351,0.12240777273438316,0.7987793831891793,25,20,20
48,4644,0.003121707067405729,0.07837511276233544,0.1293489988844683,0.7891541812857902,25,20,20
48,4645,0.003120328203398365,0.07914746360365578,0.12784419606863737,0.789888012124308,25,20,20
48,4646,0.0031203281692907137,0.07998902183846171,0.13663368992509933,0.7802569600671476,25,20,20
48,4647,0.00010510148255590856,0.08001114098481532,0.1202055882740863,0.7996781692585421,25,20,20
48,4648,5.328438204577782e-06,0.04004514338668945,0.19838519058987905,0.7615643375852262,25,20,20
48,4649,0.005339071902683029,0.04007352235093227,0.19100780657334113,0.7635795991730435,25,20,20
48,4650,0.00510525779912629,0.04032056762898535,0.19583723390691216,0.7587369406649758,25,20,20
48,4651,0.00033771901888385606,0.0004606493364363647,0.21566980510584824,0.7835318265388314,25,20,20
48,4652,0.00044941559931981176,1.0131886636202665e-06,0.24838986622003106,0.7511597049919851,25,20,20
48,4653,0.0007450580459568097,0.0007787648424876256,0.21522914668360546,0.7832470304279495,25,20,20
48,4654,0.0003341236818954542,5.010990888447788e-05,0.20186032412732519,0.7977554422818937,25,20,20
48,4655,0.00033626930209462404,0.02934395134884266,0.19180382989569028,0.7785159494533712,25,20,20
48,4656,0.03867832008333557,0.022868166638673682,0.14814032366833846,0.7903131896096519,25,20,20
48,4657,0.03868796166666076,2.498573686105229e-05,0.16304788465809186,0.7982391679383858,25,20,20
48,4658,0.035767871777393496,2.5028916021523504e-05,0.16586066112074768,0.7983464381858368,25,20,20
48,4659,0.035767874221722486,6.724044825298643e-07,0.16257215523716728,0.801659298136627,25,20,20
48,4660,0.0006370583514646463,3.940093140220498e-05,0.19723729058374098,0.8020862501333913,25,20,20
48,4661,4.830824588238909e-06,1.8986658979138242e-06,0.16141518148795675,0.8385780890215565,25,20,20
48,4662,7.646274639653619e-05,8.54367866985242e-07,0.1605097988065096,0.8394128840792265,25,20,20
48,4663,7.646225378839176e-05,1.6873546676559323e-06,0.20055728788772587,0.7993645625038179,25,20,20
48,4664,0.04002345632220652,2.4350334458259447e-05,0.1269863810474227,0.8329658122959123,25,20,20
48,4665,0.03994703971254303,9.362635650808603e-07,0.05481834960891809,0.9052336744149738,25,20,20
48,4666,8.18888912139898e-08,4.618858027051517e-08,0.09416106670054676,0.9058388052219812,25,20,20
48,4667,8.188867079952337e-08,4.8031319388045296e-05,0.08646734108785313,0.9134845457040873,25,20,20
48,4668,8.06959144546769e-08,4.802862344532171e-05,0.07776911172314808,0.922182778957492,25,20,20
48,4669,2.4515379923294233e-09,4.5330728644966956e-05,0.08616154951066264,0.9137931173091541,25,20,20
48,4670,0.009291948686497587,0.0006040902614034809,0.09049418683510452,0.8996097742169938,25,20,20
48,4671,0.009291948710165851,0.0005587572686221061,0.07920905896157561,0.910940235059636,25,20,20
48,4672,0.00740646436499379,3.950717134033827e-07,0.09025615512837386,0.9023369854349187,25,20,20
48,4673,9.894333096399192e-10,9.5236457293413e-09,0.0917316023672015,0.9082683871197191,25,20,20
48,4674,9.673177536831338e-10,9.247688806669454e-09,0.06668894465582585,0.9333110451291676,25,20,20
48,4675,9.136896299453163e-05,2.2948959629640839e-10,0.058816621172679516,0.941092009634836,25,20,20
48,4676,0.004479402187217737,1.324128351386583e-10,0.036178182734531404,0.9593424149458377,25,20,20
48,4677,0.0017992083067516899,1.0926868560258741e-05,0.0575020474598639,0.9406878173648233,25,20,20
48,4678,0.0077112309439105395,2.5433511928318244e-10,0.05897666560368494,0.9333121031980692,25,20,20
48,4679,0.03993048720967437,1.2826459188492519e-08,0.06392638371599423,0.8961431162478718,25,20,20
48,4680,0.03778854130856993,6.590999389125988e-06,0.06290570682451918,0.8992991608675213,25,20,20
48,4681,0.037607975967690964,8.091516352218393e-07,0.048503594796929346,0.9138876200837442,25,20,20
48,4682,0.02893511711633464,1.8833193387506115e-06,0.05226852897201249,0.9187944705923133,25,20,20
48,4683,0.008333376930667902,9.546067149629174e-07,0.07265587684733996,0.9190097916152764,25,20,20
48,4684,1.3420402048289006e-05,8.005687837211237e-07,0.08121325726621423,0.9187725217629534,25,20,20
48,4685,1.1648200762752285e-07,0.031984890154894134,0.04881440036514409,0.9192005929979539,25,20,20
48,4686,1.5515591065716078e-07,0.002126148080394285,0.11323213762515964,0.8846415591385349,25,20,20
48,4687,0.0004792957815877377,0.002226851540682283,0.11497506321807827,0.8823187894596513,25,20,20
48,4688,0.00047917157393965125,0.002274268845042153,0.11616495801945881,0.8810816015615589,25,20,20
48,4689,0.0002496921029452742,4.8255319402250326e-05,0.12127892945983046,0.8784231231178216,25,20,20
48,4690,0.0002496927218507521,4.82550953555245e-05,0.09542320155225636,0.904278850630537,25,20,20
48,4691,2.0134515727667338e-07,2.929889458801954e-09,0.07237882194395882,0.9276209737809944,25,20,20
48,4692,1.1713990982183331e-07,8.399451610771316e-07,0.14534580753153267,0.8546532353833957,25,20,20
48,4693,0.0006114161211190214,8.500040617705714e-07,0.15605245520339214,0.8433352786714268,25,20,20
48,4694,0.0006113723615074695,0.0013404494193448423,0.14763535765515334,0.8504128205639939,25,20,20
48,4695,0.04004214518989457,4.9045495899405594e-05,0.12107080301113132,0.8388380063030741,25,20,20
48,4696,0.039847386033836384,8.474036086084967e-07,0.12685687397878867,0.833294892583766,25,20,20
48,4697,0.03984738605105359,8.473879339767651e-07,0.17398388360579947,0.786167882955212,25,20,20
48,4698,0.03990024179656001,0.0026201062010094834,0.2422120598709668,0.7152675921314617,25,20,20
48,4699,0.038987732213183225,5.636136738892748e-07,0.24687126603169285,0.714140438141449,25,20,20
48,4700,0.09762021517446114,8.3084559905633e-07,0.1789854439711422,0.7233935100087969,25,20,20
48,4701,0.050979225491677355,0.000897886345429501,0.19553409518956424,0.7525887929733284,25,20,20
48,4702,0.07690770648047289,0.0008968976510460139,0.20229932049671692,0.7198960753717643,25,20,20
48,4703,0.0388384712842795,0.03866671106626738,0.14132915022542689,0.7811656674240254,25,20,20
48,4704,0.0033250869837176456,0.04119292476002359,0.15628631138253232,0.7991956768737256,25,20,20
48,4705,2.408670307785291e-05,0.06277448681933472,0.13799379077500235,0.7992076357025845,25,20,20
48,4706,2.195853083489023e-05,0.08000680533173936,0.12061320161885648,0.7993580345185688,25,20,20
48,4707,0.03527570515141684,0.08001252253973218,0.09313808479143965,0.7915736875174104,25,20,20
48,4708,0.039950148893259464,0.07998231572067836,0.09125381492936104,0.7888137204567006,25,20,20
48,4709,0.004371245336895177,0.07933709080300853,0.07722479565158531,0.8390668682085106,25,20,20
48,4710,0.03652093148268163,0.07975433600597354,0.04483155116887648,0.838893181342468,25,20,20
48,4711,0.03652093148200061,0.07999032463183992,0.06029272802320676,0.8231960158629525,25,20,20
48,4712,0.03652093148200257,0.07998784105299477,0.051572816396815144,0.8319184110681874,25,20,20
48,4713,0.0033859392976103575,0.02285734117077027,0.15061757280059415,0.8231391467310243,25,20,20
48,4714,0.003385939572949226,0.04102503050826677,0.13992552000156733,0.815663509917216,25,20,20
48,4715,0.00567479853066411,0.04000971950066279,0.1231369509717559,0.8311785309969164,25,20,20
48,4716,0.0033527007063583244,0.02031470589141901,0.15230860227606333,0.8240239911261591,25,20,20
48,4717,9.782208561944961e-05,0.020314696855572866,0.14753512886360098,0.832052352195206,25,20,20
48,4718,0.0005409568857580097,0.001993180137490785,0.15661131193826897,0.840854551038482,25,20,20
48,4719,0.033230129595452094,1.8857814020947246e-05,0.1279440339699126,0.8388069786206142,25,20,20
48,4720,0.033134972201360344,0.01567755764134596,0.11253065533825896,0.838656814819035,25,20,20
48,4721,8.830619577252626e-05,0.0020744702729749006,0.192861537183385,0.8049756863478676,25,20,20
48,4722,8.830491846635504e-05,1.8881669667015062e-05,0.16895462606846223,0.8309381873434041,25,20,20
48,4723,0.00025547111038279287,4.0686135018768377e-07,0.1614467252866834,0.838297396741583,25,20,20
48,4724,0.03933325534163248,0.0006940589636142276,0.12186185754082675,0.8381108281539261,25,20,20
48,4725,0.0391372066691325,0.0019903889173580437,0.12013277416891005,0.8387396302445993,25,20,20
48,4726,0.03896339246909035,1.2820739515223854e-06,0.12179933727434761,0.8392359881826101,25,20,20
48,4727,0.038955782230931574,9.345704981623264e-07,0.1207905272077706,0.8402527559907987,25,20,20
48,4728,0.03895578051734367,5.997856850290128e-07,0.11974255389388641,0.8413010658030842,25,20,20
48,4729,0.03895575830656191,5.860420190166818e-07,0.12000269028797307,0.8410409653634454,25,20,20
48,4730,0.038616464461249285,1.9230360005762503e-05,0.12047391370420757,0.8408903914745371,25,20,20
48,4731,0.03861646042215351,1.9230406441634262e-05,0.08288963537290257,0.8784746737985022,25,20,20
48,4732,0.0224812616524749,8.298248586868474e-05,0.09750396664567652,0.8799317892159796,25,20,20
48,4733,0.03624823417864767,2.3271334928614012e-05,0.09150696740618879,0.872221527080235,25,20,20
48,4734,0.01712558612594572,3.259667049313336e-05,0.10167862876947564,0.8811631884340856,25,20,20
48,4735,0.00031896340587381314,1.3338996018121985e-06,0.15178219524193903,0.8478975074525849,25,20,20
48,4736,0.008481418610473683,8.473594183943574e-06,0.1544593031233756,0.8370508046719665,25,20,20
48,4737,8.663165988864159e-05,1.889167453622035e-05,0.16738621042563742,0.8325082662399368,25,20,20
48,4738,0.016134788974887838,0.0010660754046061486,0.18091329786952573,0.8018858377509795,25,20,20
48,4739,2.1148632214768505e-06,0.0029614753019624627,0.15804207139706355,0.838994338437752,25,20,20
48,4740,0.01864676371294709,0.0010490387060844704,0.16705900580975325,0.8132451917712141,25,20,20
48,4741,0.01864762556521303,0.0004769412283204178,0.14263093045883368,0.838244502747632,25,20,20
48,4742,0.01864762556549617,0.00047693801664229566,0.14154293699446802,0.839332499423393,25,20,20
48,4743,0.0473057275971198,2.504514806762688e-07,0.12378244946818903,0.8289115724832098,25,20,20
48,4744,0.004419075805053238,8.839683110171247e-08,0.15605561860011752,0.8395252171979978,25,20,20
48,4745,0.004421152589091326,9.437118243512567e-08,0.16409125589877033,0.8314874971409548,25,20,20
48,4746,1.1065014652666269e-05,3.6547559636025913e-07,0.16880123889304932,0.831187330616701,25,20,20
48,4747,0.003280011314066633,1.012312513786523e-05,0.1652359451537777,0.8314739204070172,25,20,20
48,4748,0.033315633617316015,9.804508684730783e-06,0.12835328660939527,0.8383212752646035,25,20,20
48,4749,0.008184331614897802,0.04000938210687173,0.11503574290191838,0.8367705433763115,25,20,20
48,4750,0.007938238082965664,0.03934118230383131,0.12274796487493816,0.8299726147382644,25,20,20
48,4751,0.003472161540698702,0.03949466561708759,0.12741348253986,0.8296196903023535,25,20,20
48,4752,1.0307247911294738e-06,0.03999348323825096,0.12145874570763604,0.8385467403293215,25,20,20
48,4753,0.0003315998828726432,0.0399935749123067,0.08155629872378277,0.8781185264810379,25,20,20
48,4754,0.00033072881526106273,0.039991099908962636,0.08199650489153328,0.877681666384242,25,20,20
48,4755,0.00311595035739869,0.02986947669649931,0.09393023141259549,0.8730843415335059,25,20,20
48,4756,0.005863874119137854,0.039999635834631266,0.08963660101094387,0.8644998890352865,25,20,20
48,4757,0.005863877711060937,0.039996205760009944,0.0851942466681109,0.8689456698608182,25,20,20
48,4758,4.2509981502751574e-11,0.040036948234915964,0.08150736134979336,0.8784556903727805,25,20,20
48,4759,4.3023609794172106e-11,0.04005672839494404,0.08892294882348016,0.8710203227385521,25,20,20
48,4760,2.3400793080997128e-08,0.04000006186918084,0.09484675471822568,0.8651531600118,25,20,20
48,4761,3.799096981240287e-08,2.8507651255163218e-05,0.12675241335244947,0.8732190410053248,25,20,20
48,4762,0.0002492361346403988,2.5997066038778505e-07,0.11943039040096462,0.8803201134937342,25,20,20
48,4763,0.0002491840178657447,2.596956958672061e-07,0.12011152023329584,0.8796390360531418,25,20,20
48,4764,0.0002491840178732584,2.597505880598226e-07,0.15900908154372023,0.8407414746878179,25,20,20
48,4765,0.00025682771549890996,9.039030413431477e-07,0.17623029547659352,0.823511972904865,25,20,20
48,4766,1.5797730497663654e-07,3.680200682944189e-05,0.17509869272016437,0.8248643472957002,25,20,20
48,4767,0.03997382649829234,2.1220381481162926e-06,0.133525831951255,0.8264982195123044,25,20,20
48,4768,0.03997384636317695,6.202913943370391e-05,0.13376913635994395,0.8261949881374444,25,20,20
48,4769,0.038616743237472884,2.4004479385715734e-05,0.1435106624420489,0.8178485898410921,25,20,20
48,4770,0.03843812179866153,6.1726072846983116e-09,0.07461890483516513,0.8869429671935657,25,20,20
48,4771,2.83920734968302e-06,0.031278758578442124,0.05781290315985719,0.9109054990543504,25,20,20
48,4772,2.9332200984274392e-08,0.03998472708463818,0.04168006084469827,0.9183351827384624,25,20,20
48,4773,2.9331614852078958e-08,0.039999631524007276,0.09330616184692034,0.8666941772974568,25,20,20
48,4774,2.006838372699284e-05,0.03967779229450848,0.09306165009653158,0.8672404892252328,25,20,20
48,4775,0.0009591319434252961,0.03999572584829549,0.09084085463520979,0.8682042875730689,25,20,20
48,4776,3.162930906588213e-11,0.039818699982855484,0.06374065508514498,0.8964406449003698,25,20,20
48,4777,4.979937570678888e-10,0.039996651332367364,0.05790182864625222,0.9021015195233865,25,20,20
48,4778,5.174087653179153e-10,0.03999665391993203,0.06515357196304784,0.8948497735996113,25,20,20
48,4779,1.18640281404423e-07,0.042052577978518704,0.04625555394401589,0.9116917494371836,25,20,20
48,4780,3.130812064237461e-13,0.041389698496631475,0.040316450435150024,0.9182938510679051,25,20,20
48,4781,1.2087934705600169e-09,0.03999963674295438,0.041287768274677596,0.9187125937735741,25,20,20
48,4782,7.237967899449692e-06,0.0006959887696906966,0.07969619292467928,0.9196005803377303,25,20,20
48,4783,3.778260712060387e-06,0.003100825678132103,0.07812004726045964,0.9187753488006959,25,20,20
48,4784,2.803304422801434e-07,0.0024404616310069347,0.08792125423100706,0.9096380038075431,25,20,20
48,4785,2.5741223012386265e-11,3.738373057072335e-05,0.09904654178498948,0.9009160744586983,25,20,20
48,4786,6.028084599054266e-10,3.4078139319528205e-07,0.11316693628716243,0.8868327223286352,25,20,20
48,4787,0.00924695721407064,1.6893066656755828e-05,0.0810799916498165,0.9096561580694558,25,20,20
48,4788,0.00011049964424058098,1.6734553136553504e-05,0.0903133138140853,0.9095594519885368,25,20,20
48,4789,0.007256839262102628,6.946591955097916e-09,0.08326995317098436,0.9094732006203208,25,20,20
48,4790,0.00806538142106191,7.468419093005047e-09,0.08249058250539218,0.9094440286051261,25,20,20
48,4791,0.02266664843984673,1.2491858034440218e-06,0.059505127488807805,0.9178269748855417,25,20,20
48,4792,0.0005029499432227994,9.434109090038623e-09,0.08057820292396042,0.9189188376987077,25,20,20
48,4793,0.04173531244072906,2.0679695994100144e-07,0.055151804995178015,0.9031126757671329,25,20,20
48,4794,0.038267402669074996,9.832672391296772e-06,0.058672064706297426,0.9030506999522365,25,20,20
48,4795,0.014462607714535048,7.839752330754193e-07,0.09771613794888356,0.8878204703613488,25,20,20
48,4796,0.010658232607334681,6.017751509472258e-09,0.07850543225736147,0.9108363291175517,25,20,20
48,4797,0.0016828450673819892,9.759311906885476e-06,0.0963093425340113,0.9019980530866997,25,20,20
48,4798,0.03578916133071284,1.1630476992728927e-05,0.06350243756113166,0.9006967706311626,25,20,20
48,4799,0.0357961150682594,2.9021553340694688e-05,0.09280323388877727,0.8713716294896223,25,20,20
48,4800,0.03675755394992777,9.920155125849449e-06,0.0908794067529789,0.8723531191419671,25,20,20
48,4801,0.04028272033898119,1.2709031943919754e-08,0.14290649203014352,0.8168107749218424,25,20,20
48,4802,0.040283811776866726,1.1095210482233808e-05,0.16847333264419156,0.7912317603684584,25,20,20
48,4803,0.06389203863691777,1.9036795831904558e-06,0.14400239793225345,0.7921036597512449,25,20,20
48,4804,0.032769493600001316,2.040042412216764e-06,0.16818544117378384,0.7990430251838017,25,20,20
48,4805,0.03849828108797219,2.1247595548164673e-06,0.1296824804897899,0.8318171136626831,25,20,20
48,4806,0.04278153539996214,1.3314494688808378e-05,0.13548434912733265,0.8217208009780157,25,20,20
48,4807,0.037700804722256086,1.2333882853277567e-05,0.13937404849694301,0.8229128128979472,25,20,20
48,4808,0.03803203265285401,6.263120584485425e-09,0.1201441508322396,0.841823810251785,25,20,20
48,4809,0.0003362875310742524,1.2535175269563306e-08,0.1582674050346899,0.8413962948990603,25,20,20
48,4810,1.3852255003114412e-07,0.0010308205247177658,0.15724791527279527,0.8417211256799365,25,20,20
48,4811,5.902960568252876e-06,0.0010308143299063107,0.16661704928043433,0.832346233429091,25,20,20
48,4812,0.00011548095600776515,0.001031083162865279,0.11696174120506524,0.8818916946760613,25,20,20
48,4813,0.0031817461850780875,4.816642981914227e-05,0.13372909946065728,0.8630409879244451,25,20,20
48,4814,0.0031817461855561707,4.81664312215359e-05,0.15750404206777968,0.8392660453154426,25,20,20
48,4815,6.513435218570394e-05,0.002088382145024693,0.14359266686205552,0.8542538166407343,25,20,20
48,4816,6.512905849888769e-05,0.00035821273497986967,0.16291618297990096,0.8366604752266196,25,20,20
48,4817,0.0014218818145883799,1.539064821603006e-07,0.16114324947421924,0.8374347148047093,25,20,20
48,4818,0.02868897790137042,1.5513948673161019e-06,0.11010269923158711,0.861206771472175,25,20,20
48,4819,0.028688826388034983,2.1870045335502993e-06,0.11024569634684953,0.8610632902605811,25,20,20
48,4820,0.003824418195906812,0.0006611587880563245,0.13924984498285903,0.8562645780331777,25,20,20
48,4821,3.913071775862125e-06,8.304529846608974e-07,0.13433044977445865,0.8656648067007802,25,20,20
48,4822,3.882367374824688e-05,4.464434235353529e-05,0.1387887308687112,0.8611278011151863,25,20,20
48,4823,3.882129511397788e-05,0.024223074531247165,0.07482846853058409,0.9009096356430549,25,20,20
48,4824,3.882130893274903e-05,0.020318430364688153,0.0612498510560573,0.9183928972703215,25,20,20
48,4825,3.8856818907068453e-05,0.02255578920858873,0.05903383495731661,0.9183715190151875,25,20,20
48,4826,0.03658284648403642,0.03997290237950391,0.031173530968822482,0.892270720167637,25,20,20
48,4827,0.03997468197788215,0.03999978420519835,0.055803339101951815,0.8642221947149673,25,20,20
48,4828,5.437076133858289e-05,0.039996871385555056,0.0592241601707879,0.9007245976823183,25,20,20
48,4829,8.627814401780993e-05,0.03999594168542735,0.07476886104084911,0.8851489191297055,25,20,20
48,4830,8.627814303300412e-05,0.039484840765331874,0.10882014187746936,0.8516087392141654,25,20,20
48,4831,0.03643336333014686,0.0399997840539651,0.06018169926158162,0.863385153354306,25,20,20
48,4832,0.03643336333010203,0.02030917235420415,0.07363706065178482,0.8696204036639089,25,20,20
48,4833,0.005928514916447788,0.0007071864461449608,0.11457426396508262,0.8787900346723245,25,20,20
48,4834,0.005928492669828239,0.03977275004179151,0.07549773977664524,0.878801017511735,25,20,20
48,4835,3.0656631605842104e-06,0.038666455535446974,0.1400217227999976,0.8213087560013939,25,20,20
48,4836,0.009823051226482256,0.03866645530465362,0.11217059065385396,0.8393399028150099,25,20,20
48,4837,0.00044655668832601524,0.03870316131087442,0.12135124511128811,0.8394990368895106,25,20,20
48,4838,0.03710932581212168,0.03868015529687392,0.10346477556613605,0.8207457433248679,25,20,20
48,4839,0.03710932804952026,0.039512064465462446,0.10292743820660659,0.8204511692784107,25,20,20
48,4840,0.03808530856111948,0.03936362130092855,0.12003061475213901,0.8025204553858123,25,20,20
48,4841,0.03848648053651027,0.04002318239623656,0.11979062219837104,0.8016997148688813,25,20,20
48,4842,0.07580488168851923,0.020314715528566927,0.10219935843513403,0.8016810443477799,25,20,20
48,4843,0.07611208338658529,3.711328555120377e-05,0.0832335797078548,0.8406172236200085,25,20,20
48,4844,0.04950171808845893,3.779230976230612e-05,0.11165852756641538,0.8388019620353627,25,20,20
48,4845,0.004073939208835526,2.1413182290268007e-05,0.15627012965184325,0.8396345179570303,25,20,20
48,4846,0.00040635898207734637,3.618812841342191e-07,0.14692473874817902,0.8526685403884593,25,20,20
48,4847,0.0065074523139693075,1.7541952774810294e-07,0.1293689295704598,0.8641234426960422,25,20,20
48,4848,0.006415246998929745,3.4405228840404795e-07,0.13297319275762004,0.8606112161911612,25,20,20
48,4849,8.619632506975923e-06,1.67368487286976e-07,0.12392216384039136,0.8760690491586145,25,20,20
48,4850,8.598034689109925e-06,2.033553832384607e-05,0.09031032564329157,0.9096607407836953,25,20,20
48,4851,0.012574215327062314,2.5402907278337676e-08,0.08605517198624785,0.901370587283782,25,20,20
48,4852,0.03995657839298895,1.8805805059779175e-08,0.040291702300084734,0.9197517005011211,25,20,20
48,4853,0.015496756980023427,3.1931211935215244e-05,0.06522383153938555,0.9192474802686553,25,20,20
48,4854,0.01712358524019751,3.2018021262095983e-05,0.0705484103715672,0.9122959863669726,25,20,20
48,4855,0.015487987926137734,3.1930992010410246e-05,0.047659467098317095,0.9368206139835348,25,20,20
48,4856,0.0001607788098406327,2.560622794343279e-07,0.04818997981444269,0.951648985313437,25,20,20
48,4857,6.625531189418425e-09,4.817077404865421e-05,0.06384123612547621,0.9361105864749437,25,20,20
48,4858,5.854158619612976e-09,4.816751331248224e-05,0.056383724916483954,0.9435681017160448,25,20,20
48,4859,1.0495049528081684e-10,8.615400710794807e-07,0.05923905972878355,0.9407600786261945,25,20,20
48,4860,3.50411411031342e-08,0.0007805317280901715,0.058012078986258375,0.94120735424451,25,20,20
48,4861,3.5041137405018746e-08,0.0007805317876145198,0.05856216102756199,0.9406572721436859,25,20,20
48,4862,3.50650228835911e-08,0.0011756758938998974,0.062306986060189196,0.9365173029808876,25,20,20
48,4863,3.081203034199591e-08,2.1824354229037633e-07,0.06702387775016402,0.932975873194263,25,20,20
48,4864,0.0012959946324523415,1.9472375120665803e-09,0.0772386953208457,0.921465308099464,25,20,20
48,4865,0.0012959945509072792,4.3627115797208166e-10,0.10761775127939645,0.8910862537334246,25,20,20
48,4866,0.0012959944864391747,1.4567091396164844e-10,0.08596950535149354,0.9127345000163958,25,20,20
48,4867,1.3727877089223754e-05,2.8934782734680503e-08,0.10646836642849367,0.8935178767596339,25,20,20
48,4868,1.3545003689972125e-05,2.8842099882542854e-08,0.11866513257463424,0.8813212935795756,25,20,20
48,4869,1.3544911155721656e-05,2.8839038395391777e-08,0.10319358684592304,0.8967928394038824,25,20,20
48,4870,5.1235262783001546e-09,1.6368630238156586e-06,0.08544063711843833,0.9145577208950115,25,20,20
48,4871,2.7796226074660536e-07,1.696706234391369e-06,0.1196093915376645,0.8803886337938402,25,20,20
48,4872,6.168549461284912e-06,8.587815519317571e-07,0.12155573719572196,0.8784372354732648,25,20,20
48,4873,0.005785575748829996,0.0008633239065294912,0.11350880288353488,0.8798422974611058,25,20,20
48,4874,0.07759827672996546,3.0290955016472032e-09,0.06141955447055773,0.860982165770381,25,20,20
48,4875,0.10676954753255068,2.5431499338813136e-09,0.021751711698680468,0.871478738225619,25,20,20
48,4876,0.03622046266878987,7.583807572261364e-09,0.09104513365427822,0.8727343960931242,25,20,20
48,4877,0.000532792562518399,9.261392753972336e-06,0.08983553814311092,0.9096224079016157,25,20,20
48,4878,0.027387741350153812,6.215108714603082e-08,0.06283645473749534,0.9097757417612633,25,20,20
48,4879,0.0059093271209608835,6.370836554973798e-09,0.07437422269658933,0.9197164438116129,25,20,20
48,4880,0.005909404196964008,4.21522116966317e-12,0.07248074087223236,0.9216098549265879,25,20,20
48,4881,0.00029301828621374203,1.0997967019684369e-08,0.08069791601452851,0.9190090547012901,25,20,20
48,4882,0.00029301828592678993,1.0995977938181781e-08,0.08667749475242009,0.9130294759656751,25,20,20
48,4883,0.013067834207087453,4.49789868213659e-09,0.07493701196904728,0.9119951493259658,25,20,20
48,4884,0.013067830793023885,4.497332868769267e-09,0.07761783866682173,0.9093143260428207,25,20,20
48,4885,9.547894628759784e-05,0.0009243520476010028,0.08028611252554625,0.9186940564805649,25,20,20
48,4886,5.936129013975681e-12,0.02996498861306014,0.019600165465472958,0.9504348459155305,25,20,20
48,4887,3.0948723725804245e-11,0.039578419081470265,0.017521972217376024,0.9428996086702048,25,20,20
48,4888,5.9221576713510775e-12,0.03999941924887426,0.02417845131979176,0.9358221294254118,25,20,20
48,4889,6.481603861681957e-13,0.03998807182298817,0.015942222581637175,0.9440697055947267,25,20,20
48,4890,8.370899312888576e-12,0.03932215401990822,0.056746367957032494,0.9039314780146878,25,20,20
48,4891,2.96410083897823e-11,0.022862370588509765,0.0587168534814929,0.9184207759003559,25,20,20
48,4892,1.2621937791677669e-06,0.0032323342068338087,0.09554563857140407,0.901220765027983,25,20,20
48,4893,6.636957137048139e-10,0.0025345876863472182,0.10479170290413961,0.892673708745817,25,20,20
48,4894,6.783993590595798e-10,0.0025354359750697597,0.12719925569774027,0.8702653076487903,25,20,20
48,4895,0.03673072655657514,4.560786837921143e-08,0.08610575156445671,0.8771634762710997,25,20,20
48,4896,0.03731254237533343,3.517137081822758e-07,0.09097645006754401,0.8717106558434138,25,20,20
48,4897,0.037312696530083594,3.3696695998215324e-07,0.08205371939925325,0.8806332471037027,25,20,20
48,4898,9.345808466736978e-05,3.746966287789983e-05,0.12139682351664628,0.8784722487358071,25,20,20
48,4899,0.03844923583407257,3.5785999959850717e-09,0.06027282032469617,0.9012779402626314,25,20,20
48,4900,0.00043425276383132777,1.8666682688677725e-10,0.08983350201991083,0.9097322450295909,25,20,20
48,4901,0.0004342527641224077,1.2916032975436393e-10,0.08928701273928924,0.9102787343674278,25,20,20
48,4902,0.015013192158471255,1.5809455890240164e-05,0.065738902952377,0.9192320954332612,25,20,20
48,4903,0.01600757843944331,3.1869416237941704e-07,0.10224315293292381,0.8817489499334704,25,20,20
48,4904,0.024234883925440823,1.712663156397551e-05,0.14335062752012742,0.8323973619228673,25,20,20
48,4905,0.04829950132596401,6.299484884976546e-07,0.1117094275268944,0.8399904411986533,25,20,20
48,4906,0.040065114850885646,9.024466649317424e-06,0.15183546673597012,0.8080903939464943,25,20,20
48,4907,0.03210406954374562,0.0010566114097788088,0.16961770909645624,0.7972216099500189,25,20,20
48,4908,0.032104070955366645,0.0010552560225683574,0.12767365220661323,0.8391670208154514,25,20,20
48,4909,0.035119335988138996,4.974216570299307e-05,0.1396538629741243,0.8251770588720326,25,20,20
48,4910,0.010419717821694565,0.03176447834712103,0.13361135893293954,0.8242044448982441,25,20,20
48,4911,0.01042196767292827,0.0007296299341351815,0.16532987650760153,0.8235185258853346,25,20,20
48,4912,0.030211175415217034,0.0007294900691803407,0.1456263353993354,0.8234329991162664,25,20,20
48,4913,0.01060608537686402,0.0007295046941207235,0.21012703950800427,0.7785373704210105,25,20,20
48,4914,8.890871817079252e-06,4.7657575138179243e-05,0.20894733658441855,0.7909961149686258,25,20,20
48,4915,0.00012691204779066308,4.8010088794008946e-05,0.24871506710942495,0.7511100107539902,25,20,20
48,4916,0.01041481845203852,0.0024188136238182095,0.21340635027987542,0.7737600176442672,25,20,20
48,4917,0.042944919979680855,4.246768083974635e-06,0.21924732511250636,0.7378035081397277,25,20,20
48,4918,0.09018436065398162,8.352620478176342e-07,0.15720829239014894,0.752606511693821,25,20,20
48,4919,0.08662299019708555,0.0005996786020258206,0.15114861278210381,0.7616287184187841,25,20,20
48,4920,0.05012148656376989,0.000613744652893009,0.2049226091984369,0.7443421595848995,25,20,20
48,4921,0.058172567848421626,8.56071965833471e-07,0.2007708118080417,0.74105576427157,25,20,20
48,4922,0.015906388842660876,0.012082971944489963,0.2303387785495179,0.7416718606633309,25,20,20
48,4923,0.00032488700612154137,9.619833480683828e-05,0.26534003685441704,0.7342388778046539,25,20,20
48,4924,2.6981013805192573e-05,1.3751177654879078e-05,0.23563187363507648,0.7643273941734634,25,20,20
48,4925,0.005824793635829734,6.410131887571182e-07,0.2623399139423427,0.7318346514086373,25,20,20
48,4926,0.05438222196180175,3.11722203656519e-07,0.16028608434196365,0.7853313819740302,25,20,20
48,4927,0.012208994428224833,8.625256382786111e-07,0.2019167731137631,0.7858733699323733,25,20,20
48,4928,0.05879618121978652,1.7763508360759113e-06,0.156040824017974,0.7851612184114025,25,20,20
48,4929,0.03366228740543045,8.37807487700685e-07,0.17531436087098157,0.7910225139160986,25,20,20
48,4930,0.045135956134258304,8.423869352729734e-09,0.1669489703106159,0.7879150651312554,25,20,20
48,4931,0.02784011711848468,1.8302000118332617e-06,0.17925965907705865,0.7928983936044451,25,20,20
48,4932,0.006310215658281975,4.5815323066638385e-06,0.2111344156666936,0.7825507871427166,25,20,20
48,4933,0.0504299497362954,0.0010348295123652899,0.15092940853046222,0.7976058122208769,25,20,20
48,4934,0.05042994876176061,2.1925014637051617e-08,0.1509330865712549,0.7986369427419696,25,20,20
48,4935,0.010624254229150308,2.1930906724692365e-08,0.19692794445808218,0.7924477793818596,25,20,20
48,4936,1.2449684140814347e-07,8.53895611290131e-07,0.20937835316335054,0.7906206684441968,25,20,20
48,4937,0.036181254254585994,3.8834298359637765e-05,0.19091748195199965,0.7728624294950545,25,20,20
48,4938,0.03084539479099142,0.03999740947684001,0.1311573718041932,0.7979998239279753,25,20,20
48,4939,0.03070127627946547,0.03975579599649837,0.1312449131780212,0.7982980145460146,25,20,20
48,4940,0.09909077604831638,0.020316504773985528,0.08817804821242844,0.7924146709652689,25,20,20
48,4941,0.00016947461174876316,0.03979091678630637,0.17002189700934228,0.7900177115926027,25,20,20
48,4942,0.00016102837688168752,0.04178519238461857,0.15998709338710076,0.7980666858513988,25,20,20
48,4943,0.00016079571304959038,0.044544280525643604,0.1573834171290334,0.7979115066322734,25,20,20
48,4944,0.03960381824494027,0.04452513355977029,0.14989533314321812,0.7659757150520708,25,20,20
48,4945,0.03942470591164237,0.11197619927105987,0.09575545542888156,0.7528436393884163,25,20,20
48,4946,0.03295999370023377,0.10998403215252724,0.0800811535023402,0.7769748206448988,25,20,20
48,4947,0.004048286633525277,0.09365336888592606,0.13628972900664008,0.7660086154739083,25,20,20
48,4948,7.556509129778082e-10,0.0858973373813908,0.11470680654291719,0.7993958553200409,25,20,20
48,4949,0.00023925582033427987,0.08704285245289661,0.12247368785826794,0.7902442038685007,25,20,20
48,4950,0.00023925649430833344,0.10419469560101546,0.10463227217338274,0.7909337757312932,25,20,20
48,4951,0.00031376910296382907,0.08002423548176134,0.13293657961050798,0.7867254158047663,25,20,20
48,4952,0.0015170390331279329,0.08002489616425783,0.12647032077351117,0.7919877440291024,25,20,20
48,4953,7.482772108529682e-10,0.08000805284582255,0.12120313711776799,0.7987888092881319,25,20,20
48,4954,4.3716325520374206e-07,0.061359157983411045,0.1469341481067981,0.7917062567465356,25,20,20
48,4955,0.03987009199422476,0.06032202522453017,0.10044702384663833,0.7993608589346066,25,20,20
48,4956,0.0033027321506524806,0.06010082689694934,0.1372454291890921,0.799351011763306,25,20,20
48,4957,0.0004966908229386799,0.0838486516282393,0.17471270272770145,0.7409419548211195,25,20,20
48,4958,0.0005899492819883944,0.06233070958014482,0.1760252443313635,0.7610540968065027,25,20,20
48,4959,0.03743531447575563,0.06998998944488609,0.11428634677372827,0.7782883493056295,25,20,20
48,4960,0.03726018289788737,0.06929796270989272,0.14117804189943797,0.7522638124927816,25,20,20
48,4961,0.039980905053281945,0.06909042479926256,0.12101979934513431,0.769908870802321,25,20,20
48,4962,0.03281328367039114,0.061527584176066234,0.12904414282337942,0.776614989330163,25,20,20
48,4963,0.0328141767849867,0.07005133297396562,0.11281298370041204,0.7843215065406355,25,20,20
48,4964,0.0382653686201637,0.0687960056191023,0.10840088910121351,0.7845377366595201,25,20,20
48,4965,0.03999147142328243,0.07908726433553649,0.14061195825561326,0.7403093059855672,25,20,20
48,4966,0.03605279952621821,0.07866212774937364,0.1009937398089359,0.7842913329154717,25,20,20
48,4967,6.889837711035062e-08,0.07934884846763852,0.14510570703022221,0.7755453756037619,25,20,20
48,4968,1.4419387122648203e-07,0.0793358093599442,0.14123375864948629,0.7794302877966982,25,20,20
48,4969,2.0007504289286703e-07,0.07997881334031497,0.1299313799817771,0.7900896066028652,25,20,20
48,4970,0.029586090819076885,0.0799786916244751,0.1009647058893821,0.7894705116670657,25,20,20
48,4971,1.9044833200594053e-07,0.07945907680596918,0.12046689210407696,0.800073840641621,25,20,20
48,4972,2.7640791636127927e-05,0.07956882716267182,0.11167084999746088,0.8087326820482308,25,20,20
48,4973,0.030041242800870952,0.07945453451726218,0.0717762890306579,0.8187279336512086,25,20,20
48,4974,0.02777699983580494,0.07174580843049327,0.060567693550394264,0.8399094981833073,25,20,20
48,4975,0.02789701312432612,0.060234543343815866,0.08953788296253083,0.8223305605693265,25,20,20
48,4976,0.00013023984116300474,0.059587989891773295,0.1289413829696416,0.8113403872974219,25,20,20
48,4977,0.010721117430169926,0.04969605070428274,0.10823430311902409,0.8313485287465227,25,20,20
48,4978,0.010724618388011552,0.06943071067694231,0.07858890863128896,0.8412557623037568,25,20,20
48,4979,0.003035321223515286,0.04191892042584988,0.16404431190894317,0.7910014464416915,25,20,20
48,4980,0.0030350871279973494,0.039983900647438154,0.15796905448706,0.7990119577375041,25,20,20
48,4981,0.00021635519086288444,0.022835277155300357,0.17870505926977193,0.798243308384064,25,20,20
48,4982,0.00021635519086105978,0.022835277267177267,0.17741180475463275,0.7995365627873283,25,20,20
48,4983,7.697093369174514e-05,0.03933137219233415,0.13308279884980195,0.8275088580241716,25,20,20
48,4984,0.0001253681163818298,0.039999917401379835,0.1252981139477487,0.8345766005344895,25,20,20
48,4985,0.00012229947974625374,0.03954771358942863,0.13008792617964476,0.8302420607511805,25,20,20
48,4986,0.01059650213650318,0.03954778051737019,0.1105828605801062,0.8392728567660198,25,20,20
48,4987,0.010596642007491656,0.001994294872466234,0.14664161599771963,0.840767447122322,25,20,20
48,4988,0.037701970674549855,0.001994104754756294,0.12081655669485976,0.8394873678758334,25,20,20
48,4989,0.038321436239983235,0.000983029213323583,0.13932314041795407,0.821372394128739,25,20,20
48,4990,0.042699195706398504,3.813591681256854e-05,0.12664063992649188,0.830622028450297,25,20,20
48,4991,0.04109128687772401,3.812641544018571e-05,0.12813499284151883,0.8307355938653167,25,20,20
48,4992,2.434122797565097e-06,2.2228673929426626e-08,0.17586222190561632,0.8241353217429114,25,20,20
48,4993,0.006866538129402617,0.001994218193425013,0.1758439528321733,0.8152952908449987,25,20,20
48,4994,0.0011848477409615,6.738288655001467e-07,0.22458794945163607,0.774226528978537,25,20,20
48,4995,0.012970415612885785,0.028927126664155745,0.1741344171820221,0.7839680405409362,25,20,20
48,4996,0.01245449914731528,0.03975762421015391,0.18656232882487023,0.7612255478176606,25,20,20
48,4997,0.012238456982281754,0.03933600118688936,0.2015906469472904,0.7468348948835374,25,20,20
48,4998,0.012231934768954305,0.03998023193508426,0.18694993806847285,0.7608378952274876,25,20,20
48,4999,0.00028230608575186147,0.06898067730490576,0.17096779394727268,0.7597692226620687,25,20,20
48,5000,0.00028230534715317,0.068996972315073,0.19057936871209238,0.7401413536256808,25,20,20
48,5001,2.419617714392594e-06,0.08665431921954368,0.18144313152306538,0.731900129639676,25,20,20
48,5002,0.00022180772074561873,0.06264523768851339,0.19674817125452979,0.7403847833362106,25,20,20
48,5003,0.00011644065307753404,0.06440727167088442,0.19037378695822504,0.7451025007178118,25,20,20
48,5004,9.797366691773616e-08,0.07911912475240596,0.15855959664142907,0.7623211806324975,25,20,20
48,5005,4.1211991176061336e-07,0.06161205870359418,0.17982177072592823,0.758565758450565,25,20,20
48,5006,2.390571465721519e-07,0.07975382901481959,0.13944859102156643,0.7807973409064671,25,20,20
48,5007,0.00018335806548054961,0.0790125514860241,0.12106073255797163,0.7997433578905231,25,20,20
48,5008,1.4704382477855247e-10,0.0793798365621107,0.1218491801219527,0.7987709831688923,25,20,20
48,5009,1.0613300062043807e-05,0.07938069071519671,0.1397399928886381,0.7808687030961028,25,20,20
48,5010,4.1215838384221933e-07,0.06288699842591783,0.13857506713692733,0.7985375222787704,25,20,20
48,5011,1.8737948552177604e-07,0.06419480382779438,0.15474069326492115,0.7810643155277984,25,20,20
48,5012,1.8618031769573937e-07,0.07951741385373062,0.1390370563399859,0.7814453436259654,25,20,20
48,5013,1.1383607400860567e-06,0.07989097066473809,0.1223275560298127,0.7977803349447089,25,20,20
48,5014,0.01701473799962076,0.08187217996599594,0.10293610635415922,0.7981769756802238,25,20,20
48,5015,0.017014741072439565,0.042370704538383396,0.14186657895795443,0.798747975431222,25,20,20
48,5016,0.001072463318490724,0.04486208815600328,0.12449206947789503,0.8295733790476106,25,20,20
48,5017,9.976940160859031e-08,0.04251696989215459,0.13801094202136943,0.8194719883170736,25,20,20
48,5018,2.4023832395781315e-07,0.04003769524632893,0.16612015770928296,0.7938419068060639,25,20,20
48,5019,1.0031253259268788e-08,0.00014210120643999203,0.21224823698014098,0.7876096517821655,25,20,20
48,5020,4.4830435026002945e-06,6.624665949618892e-05,0.20316407027105973,0.7967652000259413,25,20,20
48,5021,5.520437893720586e-06,0.04003352732762254,0.13841474892433744,0.8215462033101453,25,20,20
48,5022,5.67292595784325e-06,0.039990846776780956,0.12052122977273762,0.8394822505245232,25,20,20
48,5023,0.00018977215567956982,0.04000532453918614,0.12075694153204962,0.8390479617730838,25,20,20
48,5024,6.386203162523335e-08,0.039349821450244245,0.11911033946460009,0.8415397752231238,25,20,20
48,5025,6.08466692570564e-08,0.039331980804531534,0.136551341177479,0.8241166171713199,25,20,20
48,5026,1.310977183647874e-05,0.03936718902810925,0.12103080117856749,0.8395889000214863,25,20,20
48,5027,1.3109778292190265e-05,0.04002398192608989,0.12003228811720917,0.8399306201784086,25,20,20
48,5028,9.95502895022838e-08,0.03998877875070281,0.11937897829728067,0.8406321434017271,25,20,20
48,5029,1.0057564607306785e-07,0.00202224574079053,0.15577575622014764,0.8422018974634156,25,20,20
48,5030,1.0057565761491946e-07,0.0020222456832448086,0.15691345647527055,0.8410641972658272,25,20,20
48,5031,2.3604539527091044e-07,3.823287809384123e-05,0.15825246168443624,0.8417090693920742,25,20,20
48,5032,8.811379756726839e-06,3.835442553826206e-05,0.20789239497794315,0.7920604392167607,25,20,20
48,5033,0.00020205745431396715,1.677178549229036e-06,0.1683075034677728,0.8314887618993636,25,20,20
48,5034,1.0623995616651985e-05,1.923690160994318e-05,0.15545497599769978,0.8445151631050734,25,20,20
48,5035,0.015047590636300163,0.02628408592817457,0.09964442151244811,0.8590239019230766,25,20,20
48,5036,0.01504758156077208,3.7659759394312305e-05,0.1443165645976914,0.8405981940821416,25,20,20
48,5037,0.012012313830053167,1.975566164210673e-06,0.14739492590170447,0.8405907847020775,25,20,20
48,5038,0.011959220509634758,1.447596993389325e-05,0.17025494911207312,0.8177713544083579,25,20,20
48,5039,0.011959221162225838,1.4472983190558403e-05,0.16525729042356357,0.8227690154310197,25,20,20
48,5040,0.044740198775255945,7.650378510093518e-07,0.1402146353315048,0.8150444008553878,25,20,20
48,5041,0.04015512021215144,1.8202803991105226e-08,0.20054954295721714,0.7592953186278266,25,20,20
48,5042,0.04008933070201414,6.589249447738735e-06,0.1603991902745927,0.7995048897739447,25,20,20
48,5043,0.051094836884798586,2.3770318735352345e-07,0.1481361115472571,0.8007688138647563,25,20,20
48,5044,0.04510935012351219,1.2491004086131055e-07,0.16923741090383193,0.7856531140626148,25,20,20
48,5045,0.04052282018469895,1.274972257539035e-06,0.15338010027580876,0.8060958045672346,25,20,20
48,5046,0.043167455316806526,7.437441417359088e-09,0.16538721267577472,0.7914453245699771,25,20,20
48,5047,0.039999019934196085,3.2577058249385454e-07,0.15277805121714155,0.8072226030780791,25,20,20
48,5048,0.07972965772594559,1.1629297110130359e-05,0.09922311205513858,0.821035600921805,25,20,20
48,5049,0.07617122080698156,1.4094348911851322e-07,0.07095824224534045,0.8528703960041892,25,20,20
48,5050,0.04026103942779681,1.7310914136354935e-08,0.09822981983462553,0.8615091234266634,25,20,20
48,5051,0.04042902295838914,0.00039304992466327696,0.09481471632472012,0.8643632107922276,25,20,20
48,5052,0.00879906564909496,0.0008928259430169037,0.18387736057151638,0.8064307478363711,25,20,20
48,5053,0.006631452305012586,0.0013061138714192838,0.16800540803443353,0.8240570257891339,25,20,20
48,5054,0.016362585810710626,0.001353047908136506,0.15810071290537014,0.8241836533757824,25,20,20
48,5055,2.3977309296105572e-06,9.277126456850909e-06,0.1900114027874765,0.8099769223551366,25,20,20
48,5056,1.9445540007169124e-09,8.426517702343976e-06,0.22895562471694858,0.7710359468207945,25,20,20
48,5057,1.1733735776052671e-06,7.808278307175581e-05,0.1964643489334378,0.8034563949099117,25,20,20
48,5058,3.183136724499092e-07,8.196439850946951e-05,0.20030362211041794,0.7996140951773992,25,20,20
48,5059,0.0040488820521619555,0.0006062695271283176,0.16494576153778573,0.8303990868829233,25,20,20
48,5060,0.0004963006292120936,2.0752101567361325e-07,0.1527635808290541,0.8467399110207182,25,20,20
48,5061,0.0030584638816928615,0.0007280882183491366,0.1508902680917522,0.8453231798082048,25,20,20
48,5062,0.003058464515906178,0.0007281097740712221,0.16539631672126362,0.8308171089887582,25,20,20
48,5063,0.041592209488804543,0.0007281416781303063,0.14886426314341572,0.8088153856896484,25,20,20
48,5064,0.049958381960439946,2.1425079948031463e-07,0.12696604556537103,0.8230753582233887,25,20,20
48,5065,0.008972397758694142,0.0005385642034342478,0.18669328354062428,0.8037957544972465,25,20,20
48,5066,1.3298092014584386e-05,3.980308304586491e-07,0.20661921349215923,0.7933670903849942,25,20,20
48,5067,0.0003056244219208722,5.4555280027390456e-08,0.2652655556255064,0.7344287653972909,25,20,20
48,5068,0.00186819894550072,1.561939932313107e-07,0.2329818243029272,0.7651498205575769,25,20,20
48,5069,8.957289427432462e-05,2.978729661567371e-06,0.2459139672975526,0.7539934810785103,25,20,20
48,5070,2.6336358741321723e-06,4.383024488995467e-06,0.26210099388709124,0.7378919894525453,25,20,20
48,5071,0.00031887773367743973,0.0019971207269180937,0.23628535648474347,0.76139864505466,25,20,20
48,5072,0.010978317637820995,2.16984608454054e-05,0.22583238791976662,0.7631675959815669,25,20,20
48,5073,0.08211054062605537,0.0007133307815952717,0.15747643625747115,0.7596996923348774,25,20,20
48,5074,0.022094957662796132,0.0007216450943394355,0.21708045510178245,0.7601029421410809,25,20,20
48,5075,0.0527511554664222,6.940435450630314e-07,0.229663908067311,0.7175842424227207,25,20,20
48,5076,0.039957167972576604,1.3554489227767936e-05,0.2616987382569895,0.6983305392812049,25,20,20
48,5077,0.041837835837627936,0.026025048372799918,0.21345603472104535,0.7186810810685255,25,20,20
48,5078,0.040516955194141904,0.024643625191720614,0.21679194270264646,0.7180474769114896,25,20,20
48,5079,0.025326974857146044,0.039468695909055516,0.13727240033781457,0.7979319288959833,25,20,20
48,5080,0.012337343399439309,0.04000798909454086,0.15085343276032565,0.7968012347456938,25,20,20
48,5081,0.007471431410121797,0.040008735334186474,0.15526869852745653,0.7972511347282346,25,20,20
48,5082,0.007467612668686559,0.040008757231496814,0.17116249368016095,0.7813611364196551,25,20,20
48,5083,0.007467614405517045,8.558550699862277e-06,0.20945789354099847,0.7830659335027849,25,20,20
48,5084,0.00018849944165397585,5.60571872166235e-05,0.22742384395264406,0.7723315994184852,25,20,20
48,5085,0.045195653405343726,4.470257135852803e-05,0.2029312527622533,0.7518283912610435,25,20,20
48,5086,0.037524780194430264,1.3362261757651065e-05,0.20943255113201878,0.7530293064117931,25,20,20
48,5087,0.044677807151446015,0.002010776350325742,0.19378854992865022,0.7595228665695771,25,20,20
48,5088,0.020521434454544272,0.0020119423361932977,0.2167033636368087,0.7607632595724537,25,20,20
48,5089,0.048606297189871424,1.8298207771981175e-06,0.21088210462982132,0.7405097683595291,25,20,20
48,5090,0.075733515996386,0.001035168376125093,0.14251310134486092,0.7807182142826272,25,20,20
48,5091,0.07573351518353878,1.2471923222437565e-05,0.10236814777595704,0.8218858651172812,25,20,20
48,5092,0.04188347198073717,4.817915130613142e-07,0.1669021775740061,0.7912138686537432,25,20,20
48,5093,0.042045024017708856,1.0020008153145329e-07,0.15584611849832694,0.8021087572838822,25,20,20
48,5094,0.052183382613128916,2.155440374375998e-06,0.14629272348132508,0.8015217384651708,25,20,20
48,5095,0.03503231102436205,0.03187722585770318,0.14031330900180744,0.7927771541161271,25,20,20
48,5096,0.03503231920687945,0.039990900732415804,0.13506107769949843,0.7899157023612061,25,20,20
48,5097,0.035036162618704715,0.03925245264747739,0.1358533193505178,0.7898580653832991,25,20,20
48,5098,0.07180035310862226,0.03946777381025259,0.09979837022322485,0.7889335028578999,25,20,20
48,5099,0.03868674945622133,0.05221744808685923,0.11409770871469656,0.7949980937422222,25,20,20
48,5100,0.04009257274650157,0.05234189297029356,0.10838263424250862,0.7991829000406959,25,20,20
48,5101,0.11664751992124772,0.040691067859540186,0.04362741911078978,0.7990339931084217,25,20,20
48,5102,0.044352800684763605,0.039480164094704576,0.12883703708583602,0.7873299981346953,25,20,20
48,5103,0.005475608498057969,0.0393323516619128,0.1360966060757138,0.8190954337643148,25,20,20
48,5104,0.004521165183234748,0.039507858915664905,0.11728521926927765,0.8386857566318224,25,20,20
48,5105,0.004521163995144953,0.022844476954251576,0.13370570639012455,0.8389286526604784,25,20,20
48,5106,0.002010925432977838,0.022844169448617325,0.13633002318013177,0.8388148819382718,25,20,20
48,5107,0.03438370766595234,0.02284387051924405,0.10393273449793936,0.8388396873168636,25,20,20
48,5108,0.0012720407997594283,0.022851072602960674,0.1368875821399319,0.8389893044573478,25,20,20
48,5109,0.001379652772474944,0.03981442518615367,0.11855728279539753,0.8402486392459738,25,20,20
48,5110,0.011517112706491299,0.03981477592384054,0.11043052217489155,0.8382375891947761,25,20,20
48,5111,0.03999922863803996,0.03997878576387619,0.08127892556850355,0.8387430600295793,25,20,20
48,5112,2.0583946349092906e-06,0.03997879519344672,0.1297643178143325,0.8302548285975856,25,20,20
48,5113,2.0583934393753322e-06,0.03999682100870574,0.1212424820367636,0.8387586385610908,25,20,20
48,5114,0.039965251789952416,0.031903109554635815,0.0896692648645939,0.8384623737908167,25,20,20
48,5115,0.04017012571215618,0.03975769345669188,0.1026924799351424,0.8173797008960083,25,20,20
48,5116,0.036803605681325215,0.03999668770380718,0.11187485792554916,0.8113248486893179,25,20,20
48,5117,0.09151140971682546,0.03980756307201518,0.0492673313590085,0.8194136958521507,25,20,20
48,5118,0.053452454475431975,0.040013507706712505,0.10232885418445678,0.8042051836333981,25,20,20
48,5119,0.03701656135475512,0.04002543398597332,0.09933534102547008,0.8236226636338013,25,20,20
48,5120,0.08137661433783688,0.04000090307340625,0.06876577592698016,0.8098567066617762,25,20,20
48,5121,0.03862574540313422,0.04000573921133085,0.07526891325784572,0.8460996021276886,25,20,20
48,5122,0.039929221260859314,0.03999618569569417,0.07501713885097253,0.8450574541924731,25,20,20
48,5123,0.03739808631510202,0.0397611110229511,0.0799246951164388,0.8429161075455075,25,20,20
48,5124,0.02657050681590122,0.03999986438918461,0.0806638517716794,0.8527657770232345,25,20,20
48,5125,0.026669876439861497,0.039999963363828536,0.06221157663892844,0.8711185835573813,25,20,20
48,5126,0.026564830517854698,0.039999817920419074,0.07040815680881046,0.8630271947529153,25,20,20
48,5127,4.4410133342303125e-05,0.04042156212783283,0.08165688149091814,0.8778771462479069,25,20,20
48,5128,2.6264871128977016e-09,0.040000224856073595,0.08950922276865068,0.8704905497487885,25,20,20
48,5129,6.114916717941489e-08,0.04001601961188164,0.13395168047625075,0.8260322387627005,25,20,20
48,5130,5.5120758737711966e-06,0.03999987284761339,0.13479465947609184,0.8251999556004209,25,20,20
48,5131,7.2636993365588754e-06,0.002523876940515481,0.183216818314087,0.8142520410460606,25,20,20
48,5132,0.03501377812183865,0.0025245340660995453,0.11481499730850274,0.8476466905035588,25,20,20
48,5133,0.00043408269259106997,0.002550564783169066,0.15793731682968776,0.8390780356945519,25,20,20
48,5134,0.0004341511771727337,2.6696347319834602e-05,0.0885917806189464,0.910947371856561,25,20,20
48,5135,0.010249044143773861,3.3589153995906356e-10,0.0799601493771099,0.9097908061432244,25,20,20
48,5136,0.0013411399089474077,1.3693727263490965e-09,0.07920804299715019,0.9194508157245295,25,20,20
48,5137,0.0021069127673750284,0.0007105789391535153,0.07742499634753677,0.9197575119459345,25,20,20
48,5138,0.002106888696307515,3.741164684167071e-05,0.07883387218617627,0.9190218274706744,25,20,20
48,5139,0.039798854415357195,3.3761018074857107e-07,0.0783115721727894,0.8818892358016721,25,20,20
48,5140,0.039804427589690466,0.00040209517132118634,0.09724102639320042,0.8625524508457876,25,20,20
48,5141,0.0021578127037153506,2.5744288456374435e-07,0.10093387331102747,0.8969080565423719,25,20,20
48,5142,0.003266853387494818,1.9151651687611722e-05,0.07757481116603039,0.9191391837947868,25,20,20
48,5143,9.648821274485834e-05,1.8649174618395966e-05,0.09633808294888592,0.9035467796637506,25,20,20
48,5144,0.00017329929096813294,1.8641876398912328e-05,0.09867213890720439,0.9011359199254284,25,20,20
48,5145,0.00017719047316000066,4.461308428848998e-09,0.09858671408275928,0.9012360909827721,25,20,20
48,5146,0.00017329889082682976,4.8258704356878444e-05,0.11709112791295097,0.8826873144918652,25,20,20
48,5147,9.697956357692479e-05,4.530342715071699e-05,0.09865800309427064,0.9011997139150012,25,20,20
48,5148,9.69789753936323e-05,8.859248311077547e-05,0.08883428199146763,0.9109801465500279,25,20,20
48,5149,7.827841855586743e-05,1.355190048711089e-05,0.08878601367899334,0.9111221560019629,25,20,20
48,5150,1.1046396580657635e-08,8.658423293374017e-07,0.08197354949264596,0.9180255736186272,25,20,20
48,5151,0.02550616129297798,2.220632108997811e-06,0.07925885605429826,0.8952327620206145,25,20,20
48,5152,0.0058521004373026176,4.6044270964911175e-05,0.09254829998854505,0.901553555303187,25,20,20
48,5153,0.005852100420981444,4.604423736925911e-05,0.07661904953098714,0.9174828058106619,25,20,20
48,5154,0.005905134505694953,0.0013413055778251897,0.1107599354228937,0.8819936244935859,25,20,20
48,5155,0.005905134510861994,0.001341308778764782,0.11176922976502553,0.8809843269453472,25,20,20
48,5156,0.005909792093135873,0.0006011829401299755,0.11398676834979744,0.8795022566169363,25,20,20
48,5157,0.000491904957457511,5.315485053731074e-07,0.14796165704853306,0.851545906445503,25,20,20
48,5158,0.0008058757946776331,1.9934311141813973e-05,0.14733544364914397,0.8518387462450356,25,20,20
48,5159,0.00049104603236927,2.078827514732728e-05,0.15444814292703513,0.8450400227654477,25,20,20
48,5160,0.00019268096129020358,1.8163389075583687e-05,0.1653916874282242,0.8343974682214094,25,20,20
48,5161,0.019025454237290736,0.000443241828465328,0.18477484514231826,0.7957564587919249,25,20,20
48,5162,0.007263183625857614,0.00041850355984854456,0.211768278269599,0.7805500345446942,25,20,20
48,5163,0.006957299535806064,0.00041818436130022237,0.2326887954646739,0.7599357206382199,25,20,20
48,5164,0.02011776157693286,0.000418863383112483,0.14739703071902904,0.8320663443209252,25,20,20
48,5165,0.027815490510240317,2.3776145159523356e-05,0.13363075601812485,0.8385299773264749,25,20,20
48,5166,0.027436831595237,8.163072669753017e-06,0.14910794748511724,0.8234470578469752,25,20,20
48,5167,0.07375849234115885,7.945151134271616e-06,0.12628367955502173,0.7999498829526847,25,20,20
48,5168,0.0631248682761876,8.752213893176222e-06,0.13203792699014216,0.8048284525197765,25,20,20
48,5169,0.029438610762056866,2.7461263481126233e-06,0.17446635301802374,0.7960922900935707,25,20,20
48,5170,0.03474294113933267,0.0024876272923120423,0.16902849681176035,0.7937409347565949,25,20,20
48,5171,0.03317019470761989,9.114743706643748e-07,0.20997974179069823,0.7568491520273102,25,20,20
48,5172,0.0293485985793452,1.27483967926686e-06,0.1930141993110037,0.7776359272699704,25,20,20
48,5173,0.03767671548403601,0.001343453755789645,0.2035402702904732,0.7574395604697003,25,20,20
48,5174,0.008298982394886084,0.031667355501043944,0.19726683205294912,0.7627668300511208,25,20,20
48,5175,0.003401639509692502,0.07165041951735322,0.16515418127710826,0.7597937596958461,25,20,20
48,5176,0.037347869476133236,0.0741722775927027,0.12914162349569824,0.7593382294354655,25,20,20
48,5177,0.03996338393286576,0.07113383056872757,0.12951549392346828,0.759387291574938,25,20,20
48,5178,0.0021193292137322143,0.09529399129293864,0.15807369938413274,0.7445129801091962,25,20,20
48,5179,0.0021178677584811284,0.09582135503492889,0.1435173845592521,0.7585433926473373,25,20,20
48,5180,0.0017576983581632907,0.1197901686598766,0.11890666072188434,0.7595454722600752,25,20,20
48,5181,6.307488982025155e-10,0.12057286337470575,0.11966683240451884,0.7597603035900261,25,20,20
48,5182,6.5629177517834825e-09,0.10532066018708608,0.13550006430025183,0.7591792689497445,25,20,20
48,5183,1.2660656503958823e-07,0.10532056326994206,0.1738056776990324,0.7208736324244599,25,20,20
48,5184,2.1561479731314379e-07,0.10477945731679773,0.17678895579509965,0.7184313712733049,25,20,20
48,5185,0.00272334211660191,0.10424404990828164,0.16324927297362005,0.7297833350014957,25,20,20
48,5186,0.00033529485761147097,0.08708613264109102,0.16846110985968465,0.7441174626416124,25,20,20
48,5187,0.00033529410116825116,0.09229113760156891,0.1485953475968688,0.7587782207003936,25,20,20
48,5188,0.004287188122222558,0.10466625464731878,0.13238469434632644,0.7586618628841318,25,20,20
48,5189,0.003951895555998888,0.11968984728389018,0.15603047937965855,0.7203277777804514,25,20,20
48,5190,0.003951894757172548,0.08024308226334206,0.20236796281469693,0.713437060164788,25,20,20
48,5191,0.0030950479253782632,0.07087577617881094,0.16715339282327885,0.7588757830725313,25,20,20
48,5192,0.016820833716206435,0.07091037400783853,0.19899400865046651,0.7132747836254884,25,20,20
48,5193,0.01682083395120759,0.04072575302159311,0.20839505684059972,0.7340583561865991,25,20,20
48,5194,0.006892010440159532,0.040947368734861635,0.1999873592117745,0.7521732616132042,25,20,20
48,5195,0.006879169883294136,0.0409062258121853,0.24574276667932413,0.706471837625196,25,20,20
48,5196,0.07742364076946329,0.019957110514829273,0.19449532534663777,0.7081239233690692,25,20,20
48,5197,0.040299945287727804,0.03187303946714918,0.2214683584660772,0.7063586567790439,25,20,20
48,5198,0.005883846182117774,0.0010410356614997294,0.29003383954092465,0.703041278615456,25,20,20
48,5199,0.0007595899430400591,2.892160227181362e-06,0.29490160111618524,0.7043359167805461,25,20,20
48,5200,0.00016656568724553547,0.002019068227228424,0.2866276222223789,0.7111867438631454,25,20,20
48,5201,0.005725390979290823,3.9422326565238294e-05,0.2818806274682482,0.7123545592258946,25,20,20
48,5202,0.03646910980317822,2.036365404324723e-06,0.26166656666489546,0.701862287166521,25,20,20
48,5203,0.034602395620381615,2.361299305389649e-06,0.2642632734835939,0.7011319695967185,25,20,20
48,5204,0.07604996004825759,2.3588290189442306e-06,0.22238665690788303,0.7015610242148398,25,20,20
48,5205,0.0494795141824023,1.0339797815597539e-06,0.24892340344863859,0.7015960483891766,25,20,20
48,5206,0.08140870575108046,1.2628620652693161e-05,0.19636512958585367,0.7222135360424129,25,20,20
48,5207,0.06391480781679884,0.0213068546054627,0.15526174103554866,0.7595165965421894,25,20,20
48,5208,0.07503258376377038,1.030955697053238e-05,0.13422310661047976,0.790734000068779,25,20,20
48,5209,0.052859646143136735,8.472711381773009e-06,0.1628589427079336,0.7842729384375474,25,20,20
48,5210,1.4900266678781032e-06,0.02997731298669737,0.16998005884021702,0.8000411381464171,25,20,20
48,5211,1.730055402118033e-06,0.029977188758342502,0.13781178675262182,0.832209294433633,25,20,20
48,5212,6.228653293335997e-06,0.02997693342655984,0.1178628031785739,0.8521540347415727,25,20,20
48,5213,6.2286352906980024e-06,0.0397665793483101,0.08100057844314146,0.8792266135732578,25,20,20
48,5214,6.819181793286545e-06,0.06594850668262014,0.10246400906323744,0.8315806650723485,25,20,20
48,5215,2.0542331061134433e-06,0.08019478089148939,0.12780162674071877,0.7920015381346849,25,20,20
48,5216,0.011939653555844913,0.04188095952138563,0.1549787244125995,0.7912006625101691,25,20,20
48,5217,0.046217930910189595,0.04187037782934013,0.11254667316658437,0.7993650180938856,25,20,20
48,5218,0.03502465465060954,0.04016994427949954,0.13064516915306298,0.7941602319168274,25,20,20
48,5219,0.035152804733279516,0.0400205158722463,0.10175557665003161,0.823071102744442,25,20,20
48,5220,0.03495457208060765,5.728288325299314e-05,0.1405126194226354,0.8244755256135035,25,20,20
48,5221,2.960095764692438e-06,2.03672581351329e-05,0.16838029284214806,0.8315963798039513,25,20,20
48,5222,6.352934968821825e-09,3.779787792374407e-05,0.17681564043938822,0.8231465553297523,25,20,20
48,5223,1.1963672934031607e-06,1.2749346300674771e-05,0.16116211409568218,0.8388239401907233,25,20,20
48,5224,0.03500213495384933,0.0010489605721376927,0.1257233071998676,0.8382255972741447,25,20,20
48,5225,8.774633035044673e-05,0.0024864044653830387,0.15806435905949656,0.8393614901447692,25,20,20
48,5226,0.00017816305213641406,0.0027584122851965908,0.15710371618765612,0.83995970847501,25,20,20
48,5227,0.0008175195937227223,0.0022071421665824293,0.1671429938670188,0.8298323443726755,25,20,20
48,5228,0.0028432009393754786,0.0022082391485283744,0.18098860739710973,0.8139599525149854,25,20,20
48,5229,0.015246147035736391,0.002216021516921852,0.15342521150055702,0.8291126199467849,25,20,20
48,5230,0.014602477983822446,9.135619347249075e-07,0.1543622234698532,0.8310343849843901,25,20,20
48,5231,0.014603346193746347,0.0025541686013093256,0.15183073756802476,0.8310117476369198,25,20,20
48,5232,0.01460334617532229,1.776229106691922e-05,0.1529614852297823,0.8324174063038279,25,20,20
48,5233,0.006690990905968927,3.0945976714046775e-05,0.15960340257871836,0.8336746605385986,25,20,20
48,5234,0.004650269950903271,0.0008584784416489074,0.1620303939613039,0.8324608576461435,25,20,20
48,5235,0.04960896807261116,4.861580168429627e-05,0.11137823361393155,0.8389641825117728,25,20,20
48,5236,0.043903552851445496,1.9503921182653763e-06,0.1348172685149697,0.821277228241466,25,20,20
48,5237,0.04260625520566979,1.6217818301852207e-05,0.13679179029395522,0.8205857366820724,25,20,20
48,5238,0.04564117071648071,4.430982498081086e-08,0.15628437534783043,0.7980744096258632,25,20,20
48,5239,0.008235681121616056,0.0010272149294344736,0.20869295220399947,0.7820441517449488,25,20,20
48,5240,0.0010326481565624836,0.0010270381393306023,0.2164077238981001,0.7815325898060063,25,20,20
48,5241,0.01336293926901772,2.107421873065723e-05,0.20605654397366055,0.7805594425385901,25,20,20
48,5242,0.009481681559040934,1.1548824487794749e-06,0.19178534591674076,0.7987318176417681,25,20,20
48,5243,0.0016512629537525786,8.639887149274594e-05,0.214463577506529,0.7837987606682248,25,20,20
48,5244,0.0016500103078118697,8.6395354773747e-05,0.20078087344616916,0.797482720891244,25,20,20
48,5245,0.00032604297777032913,1.0151499351178288e-05,0.20005129356590584,0.7996125119569726,25,20,20
48,5246,2.4292156809645283e-05,1.0154728381712151e-05,0.2083890122282956,0.7915765408865117,25,20,20
48,5247,0.050464375787874306,6.039469672745984e-07,0.16031576653992605,0.7892192537252314,25,20,20
48,5248,0.040159763464342906,6.017690391811442e-09,0.17381064209655783,0.7860295884214081,25,20,20
48,5249,0.029925941895537572,5.95678844959595e-09,0.20804247143863214,0.7620315807090405,25,20,20
48,5250,0.02504978281110234,1.579674804837587e-07,0.17664576365616924,0.798304295565247,25,20,20
48,5251,0.024856707694467926,5.06988468433219e-07,0.13712828612820263,0.8380144991888602,25,20,20
48,5252,0.01991952849598476,3.563656635190453e-05,0.14172293062478883,0.8383219043128739,25,20,20
48,5253,0.021643044266682024,1.8622796192793278e-06,0.19711708576943487,0.7812380076842635,25,20,20
48,5254,0.03198746064717712,0.001815911174269291,0.18636216520761434,0.779834462970939,25,20,20
48,5255,0.021646250222825184,0.0018508461967955282,0.1955245271814988,0.7809783763988796,25,20,20
48,5256,0.010163733442542913,0.004253248738701894,0.18564708725537102,0.7999359305633834,25,20,20
48,5257,0.03481237039904393,0.0024416194943882633,0.16377143941570335,0.7989745706908635,25,20,20
48,5258,0.003729698318537315,0.002472460823263768,0.2117959280482087,0.7820019128099892,25,20,20
48,5259,0.006026838942981712,0.024883174716934034,0.18370830195346538,0.7853816843866182,25,20,20
48,5260,0.005906921831793585,0.039331987364615795,0.13585962235082633,0.8189014684527636,25,20,20
48,5261,0.0059066940615275865,0.03933119299652867,0.11706919939701979,0.8376929135449234,25,20,20
48,5262,2.1686824437107629e-07,0.022843764832604956,0.1377711992104599,0.8393848190886902,25,20,20
48,5263,3.914157505798434e-06,0.03999920572190163,0.12078949083888361,0.8392073892817082,25,20,20
48,5264,5.76978163814145e-06,0.04001983873285703,0.12082920218376625,0.8391451893017381,25,20,20
48,5265,0.0003134531965771531,0.039351856225313536,0.11826664422855197,0.8420680463495569,25,20,20
48,5266,0.012423501463535935,0.03999947837755372,0.12351086090573964,0.82406615925317,25,20,20
48,5267,0.0003412282811349627,0.0007113167263247692,0.1201163658606591,0.8788310891318806,25,20,20
48,5268,0.012818219409348679,0.0007113136046841336,0.1081801670492405,0.8782902999367266,25,20,20
48,5269,0.056500286684896324,0.0010007579403908194,0.0784212318860072,0.8640777234887053,25,20,20
48,5270,0.04018126938214582,1.024765343238729e-05,0.11791679364589278,0.8418916893185279,25,20,20
48,5271,0.040181362388989,1.0566433876510093e-05,0.11898279901009687,0.8408252721670365,25,20,20
48,5272,0.03996160409039533,3.451326992650191e-05,0.1604329172667305,0.7995709653729471,25,20,20
48,5273,0.04007494064321919,2.464113355789175e-05,0.16126507690204128,0.7986353413211809,25,20,20
48,5274,0.0033181757093771304,8.432044500217707e-05,0.23702424211384243,0.7595732617317773,25,20,20
48,5275,0.00024799125388973587,8.308386865789326e-05,0.24874701887689696,0.7509219060005549,25,20,20
48,5276,0.005981091525792864,4.607965163727922e-05,0.2493078057067437,0.7446650231158248,25,20,20
48,5277,0.00046082744658126765,6.973208045651518e-07,0.25653761530992486,0.7430008599226877,25,20,20
48,5278,0.00017314511253412862,0.040040014760250896,0.21647488806281523,0.7433119520643987,25,20,20
48,5279,0.005013825116083029,0.05288718965830875,0.16611244559692767,0.7759865396286798,25,20,20
48,5280,0.0002911917853682776,0.061385562875246505,0.13745509918806748,0.8008681461513174,25,20,20
48,5281,0.005992567654475799,0.06090034736976202,0.14890496364211883,0.7842021213336433,25,20,20
48,5282,0.0059925676472420706,0.06112615718912462,0.10945530587384866,0.823425969289785,25,20,20
48,5283,9.13243540490372e-05,0.07918483716959178,0.08858732999610702,0.832136508480252,25,20,20
48,5284,0.0004824130504647247,0.07896803087593483,0.08179150068168983,0.8387580553919106,25,20,20
48,5285,2.237061860350822e-06,0.03980422920288569,0.1396328423937222,0.8205606913415313,25,20,20
48,5286,0.00018061834061197226,0.04119598229902243,0.11925084763461484,0.8393725517257503,25,20,20
48,5287,0.04005893942447068,0.041059395910619995,0.0883689846304774,0.8305126800344317,25,20,20
48,5288,0.04005681509750212,0.04177495394653425,0.12650538305254713,0.7916628479034155,25,20,20
48,5289,2.603061336423187e-08,0.022891337779714954,0.1848326891703247,0.7922759470193468,25,20,20
48,5290,0.01656441677573102,0.03998551031549995,0.10963703896157813,0.8338130339471903,25,20,20
48,5291,0.00015238027741009246,0.039349673649878354,0.12225305760792975,0.8382448884647813,25,20,20
48,5292,8.534892584901246e-06,1.6689044925975824e-06,0.1676346186110107,0.8323551775919111,25,20,20
48,5293,1.153983471939379e-05,1.6690564415013608e-06,0.1682779470843003,0.8317088440245383,25,20,20
48,5294,0.03491236955114768,4.4523049469169877e-07,0.09444197681960151,0.8706452083987557,25,20,20
48,5295,0.03491236736299575,2.4798585624116275e-08,0.086317038196156,0.8787705696422625,25,20,20
48,5296,0.03491236736327847,2.4797626743909893e-08,0.08614473946699013,0.8789428683721048,25,20,20
48,5297,0.039880129660156,9.596661575664017e-09,0.08089248540844432,0.8792273753347378,25,20,20
48,5298,0.039931649315865875,8.396339071716453e-07,0.1068664133535378,0.8532010976966886,25,20,20
48,5299,0.0039366229984483464,0.022598203763383628,0.11010123478741728,0.8633639384507505,25,20,20
48,5300,0.003936587425117107,0.03946957842746299,0.0997400806502349,0.856853753497185,25,20,20
48,5301,0.0001695867830418226,0.039999570664540324,0.09704728325333602,0.8627835592990813,25,20,20
48,5302,0.0037459631190080644,0.002567238832943047,0.13905159902315847,0.8546351990248898,25,20,20
48,5303,3.427038248315411e-06,0.0018932843746247803,0.11942109470673014,0.8786821938803964,25,20,20
48,5304,3.4480721418467226e-06,0.001893499758716305,0.12066981321011416,0.8774332389590279,25,20,20
48,5305,3.4480887858448056e-06,0.0018934997586948516,0.12128209838332467,0.8768209537691944,25,20,20
48,5306,2.3578821860387297e-08,6.944229607360533e-06,0.09480966407700561,0.9051833681145652,25,20,20
48,5307,2.2323135095956284e-08,8.82967358918612e-07,0.09593010622749741,0.9040689884820083,25,20,20
48,5308,6.66314921709217e-08,1.1528497777912991e-08,0.09577169094668589,0.9042282308933239,25,20,20
48,5309,7.57029281369421e-10,7.23211958713664e-07,0.08045416197185001,0.9195451140591615,25,20,20
48,5310,0.003834183262525441,0.0011427124776259491,0.08503048535859971,0.9099926189012486,25,20,20
48,5311,0.0003257100787033896,1.6819152617510026e-05,0.10737503405824043,0.8922824367104377,25,20,20
48,5312,0.0003257100784117681,1.6819140243072244e-05,0.11610374226534491,0.8835537285160003,25,20,20
48,5313,1.7739951026022173e-09,5.357621237338198e-05,0.09089567604463428,0.9090507459689967,25,20,20
48,5314,9.788907210914328e-10,2.451151680753588e-07,0.09719640649162478,0.9028033474143159,25,20,20
48,5315,8.636378785788815e-05,2.268529591367744e-07,0.12100703921056512,0.8789063701486169,25,20,20
48,5316,8.746575733614177e-05,1.9100437956075255e-07,0.1304678636230145,0.8694444796152695,25,20,20
48,5317,0.026860805187131635,1.4273248818373052e-06,0.09372393001622656,0.8794138374717599,25,20,20
48,5318,0.0002625357950385295,3.73698419470298e-05,0.12076044725475152,0.8789396471082632,25,20,20
48,5319,1.569730464280776e-06,3.775304519737697e-05,0.12122151526185254,0.8787391619624852,25,20,20
48,5320,0.00023868263902577204,0.01806969908353426,0.10379700601143942,0.8778946122660003,25,20,20
48,5321,0.0013286176047986433,0.040027880753145215,0.08051878950940417,0.8781247121326516,25,20,20
48,5322,0.0013286160475585679,0.0025373106069448027,0.11669385241320089,0.8794402209322959,25,20,20
48,5323,4.0506585383291796e-05,0.0025379356520896924,0.12850197617085296,0.868919581591674,25,20,20
48,5324,0.00012007471646190483,2.213076082973896e-05,0.12224195746701615,0.8776158370556919,25,20,20
48,5325,0.00012007377055379079,2.1950195351985546e-05,0.1295327618469324,0.8703252141871619,25,20,20
48,5326,0.00012030391426784484,2.1112898906897255e-05,0.16788454608239675,0.8319740371044279,25,20,20
48,5327,0.00012030385880797678,2.1101503912171468e-05,0.12064885530218633,0.879209739335093,25,20,20
48,5328,0.005162881520019838,0.002548075330935467,0.1689940779703525,0.8232949651786915,25,20,20
48,5329,0.0051629008456287925,0.0025482626946085394,0.18940784300676763,0.8028809934529945,25,20,20
48,5330,9.832541240514472e-06,0.0025299090881148816,0.1796494220164494,0.8178108363541945,25,20,20
48,5331,0.0387261325756262,2.7468374550614327e-07,0.12254997086576201,0.8387236218748658,25,20,20
48,5332,0.00029804776321365386,1.893447446359533e-07,0.12747310514858845,0.8722286577434534,25,20,20
48,5333,0.01471613380840785,7.207847014623466e-07,0.11924919776544779,0.8660339476414429,25,20,20
48,5334,0.014657182716504968,5.448367881073953e-07,0.10491384744096129,0.8804284250057457,25,20,20
48,5335,0.0039269561933230794,4.141601749245832e-05,0.12441305335899314,0.8716185744301912,25,20,20
48,5336,0.003409384411530608,2.1449637474029666e-05,0.13266231703352546,0.8639068489174693,25,20,20
48,5337,6.720770434418107e-06,1.319718947320895e-05,0.13169954734240055,0.8682805346976913,25,20,20
48,5338,0.012709549231636405,1.270034633659153e-05,0.09379239376663381,0.8934853566553926,25,20,20
48,5339,0.01270954919558781,1.5916916532146294e-08,0.06928407538538008,0.9180063595021153,25,20,20
48,5340,0.012995990345048992,4.738959629181319e-05,0.07617200656675631,0.9107846134919025,25,20,20
48,5341,0.012995788655529153,0.001200710664819333,0.06722135994161553,0.9185821407380352,25,20,20
48,5342,4.244870674095904e-06,3.567090094202622e-07,0.09873710555610411,0.9012582928642117,25,20,20
48,5343,2.1201348226293583e-06,1.1411096601670893e-10,0.08084557492041432,0.9191523048306516,25,20,20
48,5344,0.00017742306498105966,1.9459501109213234e-06,0.0806309094562147,0.9191897215286925,25,20,20
48,5345,0.0006169082874323906,3.205890558278016e-09,0.08201016915841729,0.9173729193482596,25,20,20
48,5346,0.0006169082874356717,5.734980550985338e-09,0.09748141500201106,0.9019016709755726,25,20,20
48,5347,0.01580261852738851,9.500344178354348e-07,0.12640304533793714,0.8577933861002559,25,20,20
48,5348,0.015329153514859755,5.842981742801243e-07,0.08908478340844185,0.895585478778524,25,20,20
48,5349,0.01532915350891835,5.811167163137863e-07,0.07393949391553385,0.9107307714588313,25,20,20
48,5350,0.01532915826191893,6.515369213920561e-07,0.10492349012744048,0.8797467000737192,25,20,20
48,5351,0.04523386901009361,3.822577163220515e-07,0.07618361742032709,0.8785821313118626,25,20,20
48,5352,0.04003286024381441,9.279654775337415e-08,0.10356824536767402,0.8563988015919632,25,20,20
48,5353,0.042382707420655634,0.0002228765149358934,0.11656869286391519,0.8408257232004926,25,20,20
48,5354,0.004493548618033379,1.3421313131629147e-05,0.15445260867168015,0.8410404213971537,25,20,20
48,5355,0.01256046610562155,9.248815773231842e-06,0.13414920640613487,0.8532810786724699,25,20,20
48,5356,0.052254656780105664,9.065412506320696e-06,0.07718241011251031,0.8705538676948775,25,20,20
48,5357,0.02766814748512731,2.5679557413241777e-05,0.11583933873589698,0.856466834221562,25,20,20
48,5358,0.027668147490944657,1.699561554496433e-05,0.1306148093684171,0.841700047525093,25,20,20
48,5359,0.001822201040191337,0.0001482774801912943,0.17425014433074465,0.8237793771488721,25,20,20
48,5360,0.003395151698796934,0.00014793173382223813,0.1665441255211262,0.8299127910462535,25,20,20
48,5361,0.0075545467780785995,9.581168997445167e-07,0.16368525066883957,0.8287592444361814,25,20,20
48,5362,0.002872476834854743,6.407098623023835e-07,0.16774870181329515,0.8293781806419871,25,20,20
48,5363,0.010107903506220334,1.9055669716901286e-05,0.17258526697539656,0.8172877738486655,25,20,20
48,5364,0.031316511519940506,1.28147381836234e-05,0.11450254932769369,0.8541681244141819,25,20,20
48,5365,0.038518836396474875,2.5131304014892183e-05,0.11349358451822572,0.8479624477812838,25,20,20
48,5366,0.03836833548931824,2.167763332141903e-06,0.10587539062189676,0.8557541061254524,25,20,20
48,5367,0.0004884971395948951,3.0127383698334807e-08,0.16106518780085935,0.8384462849321617,25,20,20
48,5368,0.0002957888513539814,6.183470795576185e-05,0.15095846472076324,0.8486839117199273,25,20,20
48,5369,0.0006095571745881298,1.8040669591654123e-05,0.21430825619283878,0.7850641459629812,25,20,20
48,5370,0.00032285324307276716,3.5466055807689263e-07,0.2180931347099674,0.7815836573864017,25,20,20
48,5371,1.2072921034643534e-05,6.719804320591414e-07,0.23450557316212398,0.7654816819364092,25,20,20
48,5372,0.030760592234258644,6.59010130761884e-05,0.1674261347388784,0.8017473720137858,25,20,20
48,5373,0.030760592233197995,6.657814873811019e-05,0.18218809668389052,0.7869847329341723,25,20,20
48,5374,0.03058729019423908,3.126593332543569e-05,0.18442772335568244,0.7849537205167515,25,20,20
48,5375,0.030813906432902768,3.957280981905188e-05,0.19997741602945365,0.7691691047278235,25,20,20
48,5376,0.039984185719132245,3.957758083863843e-05,0.18456281993506626,0.775413416764962,25,20,20
48,5377,0.052062170181166684,0.00018165060035488353,0.17247028945752713,0.7752858897609507,25,20,20
48,5378,0.010437200706968096,2.5915925481502742e-08,0.2651583609177663,0.7244044124593383,25,20,20
48,5379,0.04751790287757322,7.559328990247644e-07,0.23796125712538804,0.7145200840641378,25,20,20
48,5380,0.04290465952871506,0.00012475271312327278,0.24059953061361786,0.7163710571445424,25,20,20
48,5381,0.08113866881443553,0.000124949075178262,0.2085418755866021,0.7101945065237838,25,20,20
48,5382,0.07720104586745707,2.6123211380005624e-07,0.2001975542673087,0.7226011386331196,25,20,20
48,5383,0.04048007619080002,1.3326538950379928e-05,0.23730370142035903,0.7222028958498892,25,20,20
48,5384,0.05544389837123586,5.6281320029983205e-05,0.24004795232248555,0.7044518679862479,25,20,20
48,5385,0.06366829709391815,4.8132938192451556e-05,0.2349922969521315,0.7012912730157572,25,20,20
48,5386,0.05342150632005209,0.00020434666469147718,0.24506779727418135,0.7013063497410744,25,20,20
48,5387,0.05989329101899623,0.00040303392133955436,0.23187606818643988,0.7078276068732235,25,20,20
48,5388,0.052265209852470684,5.824043690120072e-05,0.24420341831615616,0.7034731313944712,25,20,20
48,5389,0.14375386676565483,3.727355386030204e-05,0.1087528864008469,0.7474559732796376,25,20,20
48,5390,0.0856821169276073,2.712849010808577e-08,0.17167955289074655,0.7426383030531555,25,20,20
48,5391,0.047419203318958346,0.001118578652174252,0.21800810387663502,0.7334541141522315,25,20,20
48,5392,0.047588184967449695,1.3765041613289501e-05,0.21459083799059356,0.7378072120003424,25,20,20
48,5393,0.03288916280591857,1.1365147104079627e-05,0.23319336109549482,0.7339061109514824,25,20,20
48,5394,0.007751479976679445,3.412080962960115e-05,0.29644411318351815,0.6957702860301729,25,20,20
48,5395,0.007798107416098314,6.846130911682597e-05,0.2483931108378058,0.7437403204369778,25,20,20
48,5396,0.009344109991248023,0.0003058743870114802,0.23075127975012258,0.7595987358716164,25,20,20
48,5397,0.004702245035221538,0.00028924174776791636,0.2429925822878073,0.7520159309292015,25,20,20
48,5398,0.005642420083613743,0.0003014435560803922,0.24208664513331207,0.7519694912269925,25,20,20
48,5399,0.0003039662926817325,0.0005736011933777528,0.2630513893672577,0.7360710431466813,25,20,20
48,5400,0.0022967629907931306,0.00017040006016513958,0.23438503583754935,0.763147801111491,25,20,20
48,5401,0.005171569211021624,0.026575219338658616,0.17319658623582035,0.7950566252144984,25,20,20
48,5402,0.03316226863353444,0.03936850097201571,0.1250947592954158,0.8023744710990333,25,20,20
48,5403,0.03977834525473249,0.039323397683823466,0.1199837270045375,0.800914530056906,25,20,20
48,5404,0.039778345249031434,0.03933240511724795,0.1297570732419805,0.7911321763917399,25,20,20
48,5405,0.005903087082596629,0.039331988542243936,0.16206882716193344,0.7926960972132256,25,20,20
48,5406,0.005972605751018263,0.03936819937175696,0.16352862884440897,0.7911305660328151,25,20,20
48,5407,0.04563720588244319,0.020314568370789307,0.11294409882820462,0.8211041269185623,25,20,20
48,5408,0.04748208094670885,0.039988591916662826,0.07036450430346947,0.8421648228331585,25,20,20
48,5409,0.0075821826504644495,0.039490846270835836,0.11259627276652917,0.8403306983121702,25,20,20
48,5410,0.0061102244306972505,0.040228317455445056,0.1306294909514145,0.8230319671624425,25,20,20
48,5411,0.0021166238844352323,0.03998802243782364,0.0956885373231208,0.8622068163546198,25,20,20
48,5412,1.890517686064626e-08,0.03999967576960527,0.04142210666216651,0.9185781986630513,25,20,20
48,5413,3.8047006491196004e-12,0.020314441747389236,0.06991566754290819,0.9097698907058975,25,20,20
48,5414,3.803599569890973e-12,0.020314441801398762,0.07069904060055458,0.908986517594243,25,20,20
48,5415,3.70326036909105e-10,0.02031445001135044,0.04711561323888052,0.9325699363794427,25,20,20
48,5416,1.3749609874881927e-09,0.01830901231434481,0.03954478176966277,0.9421462045410312,25,20,20
48,5417,2.99491419380862e-13,0.03999361325953708,0.01900517108057725,0.941001215659586,25,20,20
48,5418,1.2363966483085731e-14,0.03999664411644983,0.027143578563070286,0.9328597773204672,25,20,20
48,5419,2.943237780507111e-13,0.0025363867912343192,0.06620755537090037,0.9312560578375708,25,20,20
48,5420,1.6975265139093466e-11,0.002536386748624106,0.038967496663452915,0.9584961165709476,25,20,20
48,5421,6.7117701852965475e-12,0.0025363899625018334,0.0554232798146913,0.9420403302160952,25,20,20
48,5422,3.9678296369384674e-13,0.002536389988101701,0.041029582667754215,0.956434027343747,25,20,20
48,5423,8.32631231960964e-08,4.461191459357667e-05,0.05427286022006439,0.9456824446022186,25,20,20
48,5424,2.3185821279154296e-07,4.5301677240991266e-05,0.04211151002282183,0.957842956441724,25,20,20
48,5425,9.08081195194871e-11,0.0024693521315222525,0.04529300096285325,0.9522376468148166,25,20,20
48,5426,9.080968134726044e-11,0.002469352186927753,0.038520131952199534,0.959010515770063,25,20,20
48,5427,9.138941694689419e-11,0.002469352190904301,0.05533368784344864,0.9421969598742577,25,20,20
48,5428,1.4310262348111376e-12,4.693777828988736e-05,0.05009673796283147,0.9498563242574474,25,20,20
48,5429,3.9810895564810337e-07,6.891160935814101e-08,0.049753011195007295,0.9502465217844273,25,20,20
48,5430,4.066451061310177e-06,1.4334117070009623e-07,0.11857604160119196,0.8814197486065756,25,20,20
48,5431,0.0031406948038809833,1.98801129752515e-08,0.11470813371462697,0.8821511516013788,25,20,20
48,5432,0.0031406947870898155,6.010959787558866e-09,0.07408546474672241,0.9227738344552279,25,20,20
48,5433,4.0494807506688e-06,1.834333037681088e-07,0.07872763694621666,0.9212681301397286,25,20,20
48,5434,0.00033636710481923355,1.831400448092509e-07,0.08047475569681793,0.919188694058318,25,20,20
48,5435,4.251903891757642e-06,1.0772456190322381e-05,0.06432459072745983,0.9356603849124577,25,20,20
48,5436,2.130518241303093e-06,2.1974691065104675e-10,0.08842154614581643,0.911576323116195,25,20,20
48,5437,1.8415376999823675e-07,0.0020240269613806426,0.08008035607477082,0.9178954328100781,25,20,20
48,5438,4.991360992991262e-06,0.03976413130278405,0.04161317206446726,0.9186177052717551,25,20,20
48,5439,7.524582035315492e-11,0.03937865957895073,0.04211453708046203,0.9185068032653412,25,20,20
48,5440,7.524214275965575e-11,0.03986623931883376,0.040339931018930894,0.9197938295869926,25,20,20
48,5441,0.005821106341757868,0.03981877095402455,0.044594374256728894,0.9097657484474883,25,20,20
48,5442,0.005821106359068134,0.03999962451838047,0.056210682872570826,0.8979685862499807,25,20,20
48,5443,0.00012125816057526398,0.03999976868504401,0.05778094868149799,0.9020980244728826,25,20,20
48,5444,0.0001212581875642804,0.03997877209061966,0.08914272995461178,0.8707572397672039,25,20,20
48,5445,0.00010276480941133644,0.039990755021690444,0.04935035490510435,0.9105561252637938,25,20,20
48,5446,0.00010272053323971326,0.039990752327092836,0.07399649674744813,0.885910030392219,25,20,20
48,5447,1.1624222235086835e-11,0.03931948362709058,0.057394983854761,0.9032855325065238,25,20,20
48,5448,0.012981710142764245,3.676907010428254e-05,0.06808226710212839,0.918899253685003,25,20,20
48,5449,0.03994746232109516,3.676878411399386e-05,0.05935295853902251,0.9006628103557679,25,20,20
48,5450,1.3946118889617116e-06,6.486223696049792e-07,0.10620461219783618,0.8937933445679046,25,20,20
48,5451,0.012236069031452352,6.750257668318373e-07,0.0938503669050665,0.8939128890377138,25,20,20
48,5452,5.749837252739514e-05,8.333760153648523e-07,0.14085246074019317,0.8590892075112636,25,20,20
48,5453,5.749878006693253e-05,0.0025199187641736683,0.12802084285074586,0.8694017396050137,25,20,20
48,5454,1.1254466625424513e-06,0.0025355733800472508,0.1267770544103432,0.8706862467629467,25,20,20
48,5455,1.1216376497334887e-06,0.003424625645031517,0.14066989715443012,0.8559043555628881,25,20,20
48,5456,1.361818537797204e-06,8.654780086554203e-07,0.12980596862160285,0.87019180408185,25,20,20
48,5457,0.00033197412747585725,8.743291454092272e-07,0.12061235818912752,0.8790547933542507,25,20,20
48,5458,3.503255081050279e-06,8.484249343641325e-07,0.12004715999069479,0.8799484883292891,25,20,20
48,5459,3.3600904889821445e-06,4.713676446980969e-08,0.11938221404436876,0.8806143787283773,25,20,20
48,5460,3.3424404180651947e-06,3.789163785302388e-08,0.12110067685919755,0.8788959428087465,25,20,20
48,5461,6.811626269071383e-08,1.0726519822022024e-06,0.08141265655658637,0.9185862026751682,25,20,20
48,5462,2.157660243858624e-11,6.833473760938528e-07,0.08070819784339614,0.919291118787651,25,20,20
48,5463,4.0613227380839727e-07,8.115424503526516e-08,0.08096142076585856,0.9190380919476222,25,20,20
48,5464,0.0399966065340051,4.0502671858857215e-07,0.056516095008527945,0.9034868934307484,25,20,20
48,5465,6.095134867745101e-09,7.01224184354228e-12,0.08110522191905885,0.9188947719787938,25,20,20
48,5466,0.03899934890442166,6.381576123059922e-11,0.041709128853521765,0.9192915221782411,25,20,20
48,5467,1.1683245020039675e-06,3.507338454350196e-07,0.10016744059956215,0.8998310403420899,25,20,20
48,5468,1.0677471886115201e-06,1.833248334427493e-09,0.09969042312982772,0.9003085072897344,25,20,20
48,5469,0.0006601880108266789,1.2323941900505546e-07,0.1316051003217818,0.8677345884279717,25,20,20
48,5470,0.0006595088105554464,7.646584070859776e-09,0.11558431024857764,0.8837561732942827,25,20,20
48,5471,0.003110243510908502,9.125815663996755e-07,0.15051865771078662,0.846370186196738,25,20,20
48,5472,0.0031102476649980076,1.2983242328972743e-08,0.12329114961012336,0.873598589741636,25,20,20
48,5473,1.2359506125947026e-06,1.2974448932250481e-06,0.12717437072428192,0.8728230958802119,25,20,20
48,5474,0.0003314760001813232,8.877412847065681e-07,0.1650166299487061,0.8346510063098271,25,20,20
48,5475,0.012486596419688016,8.907176645900595e-07,0.14450725960395494,0.8430052532586921,25,20,20
48,5476,0.012486662941022275,4.822333761414478e-05,0.1621557815453436,0.8253093321760191,25,20,20
48,5477,0.0002174647549578221,4.912402228257265e-05,0.1609623423936139,0.8387710688291449,25,20,20
48,5478,0.021539035443645174,2.5145475862151708e-06,0.13403070214998586,0.8444277478587826,25,20,20
48,5479,0.04980746364528398,0.031755886681453876,0.06561474790299203,0.8528219017702697,25,20,20
48,5480,6.426536821851493e-05,0.04000121965127788,0.11999054474368272,0.83994397023682,25,20,20
48,5481,1.1021989637857253e-06,0.040295115151687454,0.11959002011627888,0.840113762533069,25,20,20
48,5482,0.03515143122756179,0.03997919821823292,0.07383923557561899,0.8510301349785859,25,20,20
48,5483,4.856352553248718e-06,0.039978974178407636,0.08820084099610696,0.8718153284729321,25,20,20
48,5484,3.1168138975876895e-06,0.04001472390960721,0.08063542281413781,0.8793467364623571,25,20,20
48,5485,2.200245425882907e-05,0.03948422544417494,0.07506081874405754,0.8854329533575082,25,20,20
48,5486,0.00021104480414155805,0.03948083953035682,0.11859335655801548,0.8417147591074855,25,20,20
48,5487,2.036255258510226e-11,0.004634897492045793,0.124231848680739,0.8711332538068522,25,20,20
48,5488,0.009241962634413464,0.002001859696664401,0.10956803399782586,0.879188143671096,25,20,20
48,5489,0.009241959481872963,2.8634379874861904e-05,0.11144038147766215,0.8792890246605897,25,20,20
48,5490,2.4061759913863556e-06,0.0035316526263417386,0.11765437171332527,0.8788115694843411,25,20,20
48,5491,2.811283701659542e-07,4.708408915043818e-05,0.12306460697597979,0.876888027806499,25,20,20
48,5492,3.979006168457251e-08,1.6094613668022792e-05,0.13876084618480988,0.8612230194114601,25,20,20
48,5493,4.8866287383713865e-06,0.030099008290207684,0.12784999959191234,0.842046105489141,25,20,20
48,5494,4.88781532387074e-06,0.039320348073657176,0.14834589371068638,0.8123288704003322,25,20,20
48,5495,0.00011369049294591094,0.03932015481304253,0.13950237665570106,0.8210637780383098,25,20,20
48,5496,2.1848024771299135e-06,0.020851250561050083,0.173379373636904,0.8057671909995677,25,20,20
48,5497,0.0003288414137654669,0.0020264212051716453,0.17351766062618057,0.8241270767548814,25,20,20
48,5498,0.005914978721151912,7.841020935550766e-06,0.2510622319815963,0.7430149482763164,25,20,20
48,5499,0.027052963123167285,6.546015053831101e-05,0.181925573741754,0.7909560029845388,25,20,20
48,5500,0.00470564784717882,2.4736850387439985e-05,0.17571890609289764,0.8195507092095353,25,20,20
48,5501,0.04000931730811899,2.4690556854350797e-05,0.19895723310328592,0.7610087590317406,25,20,20
48,5502,0.013155363354026634,0.02401513138750554,0.21740620945944109,0.7454232957990251,25,20,20
48,5503,0.013155438608674137,0.044543829920239524,0.18094493137696407,0.7613558000941216,25,20,20
48,5504,0.013041501672843452,0.002604880588215617,0.23691091676394666,0.7474427009749934,25,20,20
48,5505,0.00033104758089838674,0.0025307316654113467,0.2815957524184244,0.7155424683352649,25,20,20
48,5506,0.0003310465234198472,0.0025307318015023706,0.27020325559796404,0.7269349660771129,25,20,20
48,5507,0.007088107434771446,0.0025300320633465908,0.2664634571591846,0.7239184033426966,25,20,20
48,5508,0.007460766677636644,5.2455737507102784e-05,0.20479380280348383,0.7876929747813715,25,20,20
48,5509,0.014807711689035967,4.454794156004927e-05,0.18215896784299448,0.8029887725264083,25,20,20
48,5510,0.03430988787573932,6.076730884980167e-05,0.16504427101237712,0.8005850738030333,25,20,20
48,5511,0.04706338797848709,0.0004180043323208385,0.11401739114165642,0.8385012165475352,25,20,20
48,5512,0.04490795582575726,0.0013432879194689715,0.13004651881010496,0.8237022374446681,25,20,20
48,5513,0.03515423170397965,0.0013439654641682886,0.12394299504104545,0.8395588077908058,25,20,20
48,5514,0.035145733915440715,1.5254167177219501e-06,0.1263783615421041,0.8384743791257379,25,20,20
48,5515,0.035149855284489655,1.5134822191484904e-05,0.125603634889971,0.8392313750033478,25,20,20
48,5516,0.0837152654913172,8.800650769101879e-07,0.05408399040227842,0.8621998640413273,25,20,20
48,5517,0.08087560526118269,2.259424188956871e-05,0.07880287957617484,0.8402989209207528,25,20,20
48,5518,0.05671661484001084,3.5615107816369734e-07,0.08378325313205648,0.8594997758768532,25,20,20
48,5519,0.00323796988404432,7.888690129382945e-06,0.11819800189033884,0.8785561395354875,25,20,20
48,5520,0.03616069170899143,2.83666759669042e-07,0.09130145611682887,0.8725375685074197,25,20,20
48,5521,0.03615211547554163,2.7606925372525497e-07,0.10090041823693899,0.862947190218265,25,20,20
48,5522,0.0007471654645541241,3.335530532963301e-07,0.12675439528599872,0.8724981056963937,25,20,20
48,5523,0.0007975677566672695,4.67926669346407e-07,0.13980909060899677,0.8593928737076664,25,20,20
48,5524,0.0002473562188026288,1.4103793415322835e-08,0.12063566387067373,0.87911696580673,25,20,20
48,5525,0.04026179044100333,1.6043027845938328e-08,0.08769318082775474,0.8720450126882133,25,20,20
48,5526,0.04047178129675036,0.000963868903503217,0.08826541395995362,0.8702989358397925,25,20,20
48,5527,0.005848076057893153,1.0949518721703519e-06,0.13394374688039043,0.8602070821098436,25,20,20
48,5528,1.4684742328765973e-06,0.0010161933408998547,0.13659043434706516,0.8623919038378015,25,20,20
48,5529,0.01042109223598998,2.395274318281499e-05,0.12728281969053287,0.8622721353302932,25,20,20
48,5530,0.03703762999053671,3.9431103827308664e-05,0.10287243391977303,0.8600505049858629,25,20,20
48,5531,0.037350882399701454,3.909582625066479e-05,0.1394030899825255,0.8232069317915226,25,20,20
48,5532,0.03735089783027927,0.020353681925242006,0.11069722175544079,0.8315981984890375,25,20,20
48,5533,0.04029827017941202,0.031397690025840835,0.08914578360541121,0.8391582561893353,25,20,20
48,5534,0.037044547795935516,0.0410721760090985,0.08229919128414713,0.8395840849108184,25,20,20
48,5535,0.0004723157965507127,0.030717788039953963,0.13011536535804855,0.8386945308054465,25,20,20
48,5536,0.0005011423922808943,0.030717769899287414,0.14636505089061042,0.8224160368178209,25,20,20
48,5537,1.4526511340352688e-06,0.029731229943667333,0.1598935033834308,0.8103738140217672,25,20,20
48,5538,0.04323552000530233,0.029684467314023785,0.12174331324593606,0.8053366994347374,25,20,20
48,5539,0.005861091800746669,0.039992259045164485,0.1519063076186928,0.8022403415353958,25,20,20
48,5540,0.005821910904030951,0.039990561244864886,0.16377618609311637,0.7904113417579872,25,20,20
48,5541,2.3501575782491954e-06,0.040018458849449906,0.16956992275636742,0.7904092682366035,25,20,20
48,5542,0.00020448370876667164,0.04001210386864654,0.18690017684440488,0.7728832355781807,25,20,20
48,5543,0.0035164647451344146,0.04006890029751821,0.15858264025355495,0.7978319947037914,25,20,20
48,5544,8.248176101582436e-05,0.03976442932383714,0.16397587823043383,0.7961772106847124,25,20,20
48,5545,0.004197167649720758,0.04024776795361645,0.1670244947079941,0.7885305696886684,25,20,20
48,5546,0.03986611211778372,0.039981886328514925,0.1463417438931523,0.7738102576605482,25,20,20
48,5547,0.03845045318491289,0.03981962797198489,0.13812058715463357,0.7836093316884678,25,20,20
48,5548,0.07996811120578451,0.04198521259633171,0.08869703161525395,0.7893496445826301,25,20,20
48,5549,0.07515017128969849,0.03999308605910121,0.09349166414031958,0.7913650785108808,25,20,20
48,5550,0.07540623220164652,0.04003868893928969,0.13285676172334443,0.7516983171357192,25,20,20
48,5551,0.03826735030083144,0.040050152075525675,0.16293190259716436,0.7587505950264779,25,20,20
48,5552,0.04633959106133515,0.039879603511759745,0.15532732901879914,0.7584534764081056,25,20,20
48,5553,0.04985715257814836,0.04003240860262794,0.1492801215960451,0.7608303172231788,25,20,20
48,5554,0.04468312296968386,0.0400113343927626,0.191727794787741,0.7235777478498123,25,20,20
48,5555,0.051375309397615226,0.04002417039764988,0.2128711756240765,0.695729344580658,25,20,20
48,5556,0.0775534247790019,0.04197462246237554,0.16986149442818665,0.7106104583304352,25,20,20
48,5557,0.11065265800035176,0.06419171644379743,0.08085876460703939,0.7442968609488111,25,20,20
48,5558,0.04988728392953881,0.060821974081586516,0.08997056214370514,0.799320179845169,25,20,20
48,5559,0.07219981290858943,0.06187176916091405,0.10616141146905969,0.7597670064614367,25,20,20
48,5560,0.0657116341144238,0.041327907164988714,0.1331971561409645,0.7597633025796223,25,20,20
48,5561,0.039959073005955935,0.04199372330881139,0.15861043501046024,0.7594367686747724,25,20,20
48,5562,0.04038989453674875,0.03999116252196861,0.1757109883092905,0.743907954631992,25,20,20
48,5563,0.040405226723663354,0.039991153885891174,0.13490263605067304,0.7847009833397719,25,20,20
48,5564,0.047807889464377154,0.04000907273061797,0.12901691894999254,0.7831661188550112,25,20,20
48,5565,0.040168763105195154,0.03976690722918268,0.1372895111516539,0.782774818513968,25,20,20
48,5566,0.04016883390558015,8.498171173571811e-06,0.17010972978340608,0.7897129381398392,25,20,20
48,5567,0.018423580686178706,1.625009480044342e-05,0.18937116054148678,0.7921890086775327,25,20,20
48,5568,0.012948508113209101,2.5067527279993344e-07,0.15921666784031918,0.8278345733711984,25,20,20
48,5569,0.018072358031962558,0.00023855435838726193,0.11015028958195211,0.8715387980276974,25,20,20
48,5570,8.426660429234812e-05,0.0007314635650875116,0.12812701981633576,0.8710572500142844,25,20,20
48,5571,0.0001916033224177965,0.0011965932746921474,0.1199005880222129,0.8787112153806766,25,20,20
48,5572,0.00012163475269781839,0.00047533415165792873,0.1195729698520473,0.8798300612435962,25,20,20
48,5573,0.04638272655114022,4.139010835610151e-08,0.07282147777438555,0.8807957542843657,25,20,20
48,5574,0.04621212912052248,4.413447377594828e-08,0.09241696709435487,0.8613708596506489,25,20,20
48,5575,0.0031573501216770076,1.9831367904124985e-05,0.1732771424789986,0.82354567603142,25,20,20
48,5576,0.00325773305062944,1.9794854408301858e-05,0.1954311413592807,0.8012913307356814,25,20,20
48,5577,5.447301878924573e-09,0.02988592975124905,0.17429732764001077,0.7958167371614376,25,20,20
48,5578,1.2105151249698753e-08,0.040011869260932385,0.1060298801276414,0.8539582385062746,25,20,20
48,5579,5.1510037833830975e-09,0.04001180490709217,0.08078549211835241,0.8792026978235513,25,20,20
48,5580,5.138493677413838e-09,0.039343083997824956,0.09373483265656934,0.8669220782071116,25,20,20
48,5581,1.8195201734006673e-07,0.03999979733291021,0.10940542106549596,0.8505945996495763,25,20,20
48,5582,4.547305610315726e-06,0.03998808690559818,0.13389927645376556,0.8261080893350254,25,20,20
48,5583,7.475643179267555e-06,0.04170600247525345,0.12369702852909907,0.8345894933524672,25,20,20
48,5584,4.418610933511244e-06,0.06954453459105506,0.08958709379997867,0.8408639529980322,25,20,20
48,5585,5.2589448854016025e-08,0.0695444895925841,0.12684436339348223,0.8036110944244841,25,20,20
48,5586,6.153248095153206e-06,0.06954459208837124,0.11616915384130667,0.8142801008222268,25,20,20
48,5587,0.0002521376804914625,0.06996781634954924,0.14241859366749846,0.7873614523024601,25,20,20
48,5588,0.003525726124054884,0.07866266554577449,0.0975046317218365,0.8203069766083337,25,20,20
48,5589,0.0035208698875438494,0.07933084419053343,0.07871584404486741,0.8384324418770552,25,20,20
48,5590,0.0032736425147349827,0.07999032589816354,0.07865331352798399,0.8380827180591168,25,20,20
48,5591,0.0032763431034304293,0.07997595193066238,0.07794858266449887,0.8387991223014079,25,20,20
48,5592,5.6454033511508745e-06,0.07931948001658255,0.04918593880055715,0.8714889357795088,25,20,20
48,5593,4.966205140701078e-06,0.07931936674352552,0.05762559547687298,0.8630500715744605,25,20,20
48,5594,1.966227350088006e-08,0.07931936672826151,0.06805622665090405,0.8526243869585606,25,20,20
48,5595,0.005982289306671131,0.07931920940885501,0.07626797682108474,0.8384305244633888,25,20,20
48,5596,0.03985474278026961,0.07109894748507715,0.009706596465291907,0.8793397132693616,25,20,20
48,5597,0.0019880833654722244,0.04176091429164301,0.07748786446271101,0.8787631378801738,25,20,20
48,5598,0.001487383251739071,0.041994290614957734,0.07746099215153592,0.8790573339817671,25,20,20
48,5599,7.728445447322421e-10,0.03932216377564032,0.04976648323076954,0.910911352220745,25,20,20
48,5600,2.49098591992908e-11,0.03935765923349217,0.04328990571265868,0.917352435028939,25,20,20
48,5601,3.1997835707041723e-10,0.040029373016631,0.044721988892925724,0.9152486377704647,25,20,20
48,5602,1.9460847603744878e-07,0.04002849574677286,0.04326019897387329,0.9167111106708774,25,20,20
48,5603,1.9581678712268463e-07,3.868918948190932e-05,0.08177729696814617,0.918183818025584,25,20,20
48,5604,0.002903097911517535,0.001194196080885781,0.08618607082170429,0.9097166351858921,25,20,20
48,5605,5.535812931732919e-06,2.5376179094503884e-07,0.08218533495639202,0.9178088754688852,25,20,20
48,5606,5.5171256602734955e-06,2.539636053588053e-07,0.09762770339138138,0.9023665255193528,25,20,20
48,5607,0.004467139709351113,9.964392490832577e-11,0.05194786799367661,0.9435849921973279,25,20,20
48,5608,0.0001906481475384105,2.974214838167268e-07,0.04078456348173056,0.9590244909492468,25,20,20
48,5609,2.2484707132537197e-11,1.189267589321537e-10,0.01953611580138336,0.980463884057205,25,20,20
48,5610,6.250424556791545e-12,3.2810171615030385e-09,0.04352566454048773,0.9564743321722442,25,20,20
48,5611,9.415152588901402e-10,1.5148415465744693e-10,0.018720468427825397,0.981279530479175,25,20,20
48,5612,9.577515639290341e-10,2.0340128983932477e-10,0.01094761707111521,0.9890523817677318,25,20,20
48,5613,1.6874362922962033e-11,2.200976522883262e-10,0.062486094666258006,0.9375139050967692,25,20,20
48,5614,1.9791339292417363e-11,1.8122027146980328e-09,0.07263619275816405,0.9273638054098418,25,20,20
48,5615,3.5821494963015274e-12,1.816000076432794e-09,0.06440953671008919,0.9355904614703288,25,20,20
48,5616,5.976343973613448e-10,6.622253731510699e-07,0.08664405024424131,0.9133552869327509,25,20,20
48,5617,1.1815643199174046e-09,1.145964540200939e-08,0.0800170540593153,0.9199829332994753,25,20,20
48,5618,7.055960539921208e-10,5.78420801272231e-09,0.06661776501640441,0.933382228493791,25,20,20
48,5619,1.040936657004759e-05,6.368569995519844e-07,0.07445299630997375,0.9255359574664561,25,20,20
48,5620,1.0409257293885299e-05,6.36855377646243e-07,0.0480475078867261,0.9519414460006022,25,20,20
48,5621,1.0409270375981608e-05,6.394579956067087e-07,0.057968117668029014,0.9420208336035993,25,20,20
48,5622,1.0409276216551994e-05,6.395156034454026e-07,0.05679533361058363,0.9431936175975965,25,20,20
48,5623,6.88605980243368e-08,1.4380303525403143e-08,0.0573059901115719,0.9426939266475262,25,20,20
48,5624,4.0259328084809274e-13,6.798601500447326e-07,0.05922446581278745,0.9407748543266595,25,20,20
48,5625,6.979028468113213e-13,6.799017181491601e-07,0.07082658026495832,0.929172739832625,25,20,20
48,5626,5.302982134036933e-08,0.0007110324429035153,0.05248504546470814,0.9468038690625665,25,20,20
48,5627,5.336094355377855e-08,0.03011763480564678,0.020768618906592394,0.9491136929268174,25,20,20
48,5628,9.587399453936426e-14,0.030117634747499337,0.026406911441466854,0.9434754538109383,25,20,20
48,5629,6.044233261914054e-10,0.024208834368485994,0.04707018322168354,0.9287209818054066,25,20,20
48,5630,6.042167514844666e-10,0.039992577271276024,0.03058558123532708,0.9294218408891802,25,20,20
48,5631,1.0457231364587813e-13,0.03998390104771618,0.016531732549910808,0.9434843664022685,25,20,20
48,5632,5.816867036629051e-10,0.039987910101547,0.04111210927686432,0.9188999800399017,25,20,20
48,5633,1.129021837552738e-12,0.039990554010221585,0.05404077544029195,0.905968670548357,25,20,20
48,5634,3.743625610448179e-06,0.039331366176734134,0.06675872355116637,0.8939061666464887,25,20,20
48,5635,3.827917307221195e-08,0.04001104883992241,0.08038470911480083,0.8796042037661037,25,20,20
48,5636,6.980087612061777e-06,0.04001146957926624,0.0970636596793854,0.8629178906537359,25,20,20
48,5637,6.76446607578006e-08,0.040000058325052566,0.13765259773885805,0.8223472762914287,25,20,20
48,5638,0.017863795665987767,0.039331210568045,0.12717995886797426,0.8156250348979929,25,20,20
48,5639,0.03599843015948156,0.0010873515553305765,0.16324382884799568,0.7996703894371922,25,20,20
48,5640,0.005650270978215905,7.452226849728886e-05,0.17142096862361375,0.8228542381296728,25,20,20
48,5641,5.2930496940998966e-06,0.00012956723437094166,0.17685770459644265,0.8230074351194918,25,20,20
48,5642,4.257192945000154e-08,0.0007200028291407354,0.17588572298627128,0.8233942316126582,25,20,20
48,5643,1.2197318816188247e-09,0.0004688096609093046,0.14960402787473215,0.8499271612446262,25,20,20
48,5644,1.1889343243334216e-09,0.0020607516377335435,0.11909894164195212,0.8788403055313799,25,20,20
48,5645,1.2477435242919973e-09,1.3272499073902053e-06,0.14070211563958657,0.8592965558627622,25,20,20
48,5646,1.4565617497781813e-09,1.4633138431299604e-06,0.2287087907501048,0.77128974447949,25,20,20
48,5647,1.541471393822078e-09,2.119632952105943e-06,0.21994177622757616,0.7800561025979998,25,20,20
48,5648,1.7194506604043028e-06,1.8886074714397648e-05,0.19740651354550842,0.8025728809291165,25,20,20
48,5649,1.8078529444765654e-09,4.049933696019488e-05,0.17689656177408825,0.823062937081098,25,20,20
48,5650,1.7876684507441691e-09,0.024220089290857352,0.13737768846876758,0.8384022204527062,25,20,20
48,5651,1.0505500643236906e-09,0.04047190299634251,0.16002448243151426,0.7995036135215929,25,20,20
48,5652,0.00024851799383566455,0.03977122534565191,0.17099647396056228,0.7889837826999505,25,20,20
48,5653,0.00024774129674106347,0.03977192495485145,0.18026275288237778,0.7797175808660297,25,20,20
48,5654,0.003194005017004564,0.04000120768600796,0.16639841328992,0.7904063740070673,25,20,20
48,5655,0.003126657882573473,0.06373097608067865,0.13261674372889837,0.8005256223078493,25,20,20
48,5656,0.0001610130910159387,0.07981559167435982,0.12871692159537187,0.7913064736392527,25,20,20
48,5657,6.1620542566569e-05,0.0800081055712398,0.12929123542923046,0.7906390384569626,25,20,20
48,5658,0.00014399397451278156,0.0793418599859948,0.13938089028002124,0.7811332557594709,25,20,20
48,5659,0.0001439939677197301,0.0800081016628569,0.12903686702344244,0.790811037345981,25,20,20
48,5660,6.173689192770358e-05,0.0814019188671128,0.15864192671093624,0.7598944175300234,25,20,20
48,5661,0.002735739162384995,0.11177846475120441,0.1288953463607173,0.756590449725693,25,20,20
48,5662,0.0027415533534226534,0.11996936422207645,0.1213292628249433,0.7559598195995573,25,20,20
48,5663,0.03511652406779697,0.12001446304154544,0.08909509340677223,0.755773919483885,25,20,20
48,5664,9.68303197457048e-05,0.12004001988307066,0.12178936919278113,0.7580737806044023,25,20,20
48,5665,0.005487149272823761,0.1003759835586645,0.1358901748383492,0.7582466923301621,25,20,20
48,5666,0.005399273270902467,0.10031410598755379,0.1514611526174517,0.7428254681240918,25,20,20
48,5667,0.005396224358211546,0.0996457686551917,0.1439823956959306,0.750975611290666,25,20,20
48,5668,0.00539622436005802,0.10878373197785608,0.12705045658268857,0.7587695870793969,25,20,20
48,5669,0.005396267783426187,0.11947013582330462,0.1161603015267167,0.7589732948665519,25,20,20
48,5670,0.005396225287358122,0.11947194284039028,0.13972174615196567,0.7354100857202858,25,20,20
48,5671,0.005714292486306974,0.11829320800048508,0.1254776343540299,0.7505148651591779,25,20,20
48,5672,0.0355970744752269,0.08131619981522378,0.12129130711674677,0.7617954185928022,25,20,20
48,5673,0.0003288254490595523,0.07935899715453011,0.16051068333386326,0.7598014940625464,25,20,20
48,5674,6.275846382709836e-06,0.07933090533226515,0.13075773597628473,0.7899050828450668,25,20,20
48,5675,0.0035271432103913653,0.07953433975305998,0.07843778106271655,0.8385007359738319,25,20,20
48,5676,4.1749011267080664e-08,0.07879003931023658,0.08368108713708279,0.8375288318036693,25,20,20
48,5677,4.032014497500975e-08,0.07944915306209525,0.08848857519969394,0.8320622314180658,25,20,20
48,5678,0.03491916413171467,0.05964617017750754,0.0877332469163827,0.817701418774395,25,20,20
48,5679,0.03485233696199299,0.04185362000066384,0.14556470803914184,0.777729334998201,25,20,20
48,5680,0.035602020760266195,0.0718309329256068,0.1297559582721865,0.7628110880419399,25,20,20
48,5681,6.35851131556397e-05,0.08114968706786357,0.17515792341383488,0.743628804405145,25,20,20
48,5682,0.0001643904825048715,0.07240004834279738,0.18417856994273152,0.7432569912319655,25,20,20
48,5683,0.00013004819277332282,0.0792724566254188,0.18070279708552628,0.739894698096281,25,20,20
48,5684,4.226189385704353e-05,0.08019280946081024,0.16152099949257562,0.7582439291527566,25,20,20
48,5685,2.6631324670710386e-08,0.060320322663163506,0.18951086200895134,0.7501687886965598,25,20,20
48,5686,0.035839210249336714,0.06037896843461312,0.1637706484769617,0.7400111728390876,25,20,20
48,5687,0.03857716172074385,0.06033951622223563,0.14887074980386808,0.752212572253152,25,20,20
48,5688,0.0385829914025333,0.07999681978489226,0.11995024987741991,0.7614699389351535,25,20,20
48,5689,0.05151688948262474,0.08000477666943545,0.11781242969365914,0.7506659041542801,25,20,20
48,5690,0.038745259792141995,0.08001883358029244,0.08241416974574228,0.7988217368818228,25,20,20
48,5691,5.565394764788039e-06,0.06283230258720894,0.138737325855693,0.7984248061623334,25,20,20
48,5692,0.010651054373309564,0.05634009540395825,0.13468772966502637,0.7983211205577052,25,20,20
48,5693,0.004793077842350057,0.026424031455010426,0.18831422018251145,0.7804686705201278,25,20,20
48,5694,8.961356686193976e-06,0.026443872297519322,0.21452461510831372,0.7590225512374806,25,20,20
48,5695,0.03902172495274164,0.026370412904413422,0.17639303228660072,0.758214829856244,25,20,20
48,5696,0.07299116514268507,0.031555966404779874,0.1371576243749528,0.7582952440775813,25,20,20
48,5697,0.040637205675949806,0.031593426672355845,0.17566001556082209,0.7521093520908719,25,20,20
48,5698,0.0504514700968779,0.04003846140313428,0.1562225213134283,0.7532875471865591,25,20,20
48,5699,0.04979551160417082,0.041993608210671225,0.15811772776398864,0.7500931524211686,25,20,20
48,5700,0.03798548877847123,0.040584540276702004,0.19745605523043164,0.7239739157143942,25,20,20
48,5701,0.0367192417407274,0.040071145584363525,0.20772606303484564,0.7154835496400628,25,20,20
48,5702,0.0750880525414806,0.0394805480685442,0.127103080459587,0.7583283189303878,25,20,20
48,5703,0.07443907189400044,0.02969179805645317,0.13639308214390475,0.7594760479056417,25,20,20
48,5704,0.09420713576893569,7.851029726258094e-05,0.144567523268672,0.7611468306651296,25,20,20
48,5705,0.007863759835789422,6.324619648451956e-05,0.24851903451286678,0.7435539594548591,25,20,20
48,5706,0.008081031478732528,4.4753594042981475e-05,0.2562243530720125,0.7356498618552118,25,20,20
48,5707,0.03929205892665045,1.6699723174249145e-06,0.18035101239773435,0.7803552587032972,25,20,20
48,5708,0.03895975355446935,1.669969295598587e-06,0.14090086201090823,0.8201377144653265,25,20,20
48,5709,0.03683931260820885,8.432810978686389e-07,0.10958185272671449,0.8535779913839779,25,20,20
48,5710,0.0371765300256591,6.927569874947499e-07,0.12473139118296103,0.8380913860343914,25,20,20
48,5711,0.07446074785438522,6.927568661232803e-07,0.0864059129511905,0.8391326464375578,25,20,20
48,5712,0.07406308410826946,7.041115460011941e-07,0.08758540507884267,0.8383508067013412,25,20,20
48,5713,0.04532338650453933,0.0020270079670292106,0.11175914736206254,0.8408904581663686,25,20,20
48,5714,0.04060157020655666,0.0020596366220747646,0.09938866634751138,0.8579501268238567,25,20,20
48,5715,6.7278503150194325e-06,6.031791861129276e-07,0.1593808738643849,0.8406117951061137,25,20,20
48,5716,3.6937717261942325e-06,3.717898929472726e-05,0.13773948115268111,0.8622196460862981,25,20,20
48,5717,4.582977784702592e-06,0.00078853401130673,0.15696851507219609,0.8422383679387129,25,20,20
48,5718,0.004378694314089036,4.0906746093105025e-07,0.16873447780318446,0.8268864188152649,25,20,20
48,5719,0.004375258997023307,1.41218567614578e-08,0.15068502819862797,0.8449396986824914,25,20,20
48,5720,0.0001541083966511111,4.102914379516984e-06,0.16666878680943673,0.8331730018795318,25,20,20
48,5721,0.0027160568690312676,4.239303940577197e-06,0.16465132398894042,0.8326283798380877,25,20,20
48,5722,0.002716056869051924,4.23610148633487e-06,0.188686090917712,0.8085936161117497,25,20,20
48,5723,0.006682481550175708,1.4241041562187149e-07,0.18980463034203848,0.8035127456973697,25,20,20
48,5724,0.00031975728502548644,1.345806158961751e-08,0.19480067743161514,0.8048795518252967,25,20,20
48,5725,0.054923121778417974,2.70156715059532e-07,0.11525778139697324,0.8298188266678934,25,20,20
48,5726,0.039023645589221424,1.4944908097082493e-05,0.10313688140653797,0.8578245280961432,25,20,20
48,5727,0.040124990351849604,1.4894881110489556e-05,0.09740794150740228,0.8624521732596375,25,20,20
48,5728,0.003239974697695882,1.8434296842850414e-07,0.11241434382789534,0.88434549713144,25,20,20
48,5729,0.0032399747344139767,1.8410438117735303e-07,0.11270772591132497,0.8840521152498798,25,20,20
48,5730,0.04005496422227841,0.0020597926369745486,0.0786081625230941,0.8792770806176529,25,20,20
48,5731,0.0349236042221856,0.0020597930621213197,0.09134519504257221,0.8716714076731208,25,20,20
48,5732,0.03481577840361006,0.0020262901856377994,0.11716057269870182,0.8459973587120498,25,20,20
48,5733,0.0720252847854102,0.0020262836543344766,0.060864346180338605,0.8650840853799169,25,20,20
48,5734,0.03724889218537873,0.002026400661229581,0.12080362575751274,0.8399210813958787,25,20,20
48,5735,0.036946503254003955,0.0021030092402908305,0.15964835753899703,0.8013021299667078,25,20,20
48,5736,0.04496742282583779,0.0025131832910001346,0.15119280080142394,0.8013265930817384,25,20,20
48,5737,0.0012436886450529817,8.27959035750952e-08,0.18752604219071334,0.8112301863683296,25,20,20
48,5738,0.0014705262305264332,3.816609231860159e-05,0.15941294449756804,0.8390783631795865,25,20,20
48,5739,0.012446718165886501,3.075632484056451e-05,0.1479739763234703,0.8395485491858022,25,20,20
48,5740,0.012450072414440632,1.3105367354327226e-05,0.14901381235297936,0.8385230098652252,25,20,20
48,5741,2.3738400773495247e-05,0.002565885766867805,0.17363085530789552,0.8237795205244626,25,20,20
48,5742,2.4662742507156433e-06,0.0025434706057824385,0.1711149764146027,0.8263390867053638,25,20,20
48,5743,0.0004939115912227727,0.0025439856341327536,0.218987695574425,0.7779744072002197,25,20,20
48,5744,0.000493911588006088,0.0025913426669256627,0.2188535031995335,0.778061242545535,25,20,20
48,5745,0.03804957256352284,0.00013325370803973208,0.18045643410605242,0.7813607396223838,25,20,20
48,5746,0.03805105240245343,0.015960622587544944,0.14709487404751617,0.7988934509624839,25,20,20
48,5747,0.03804969599226094,0.00201860343642938,0.19499675611232437,0.7649349444589849,25,20,20
48,5748,0.03619317678480413,0.0020192754286706585,0.16171056790356936,0.8000769798829556,25,20,20
48,5749,0.03725433294653511,0.0003891093572137955,0.18463742381435125,0.7777191338818998,25,20,20
48,5750,0.04537593536385641,8.614290811047033e-07,0.15504996132565535,0.7995732418814068,25,20,20
48,5751,0.0374286705061178,4.465930792407309e-05,0.16279271918696472,0.7997339509989922,25,20,20
48,5752,0.06912279406564911,3.029779157052809e-08,0.1198642486484173,0.8110129269881413,25,20,20
48,5753,0.07618251272083264,1.6616844350218133e-07,0.12434787036098457,0.7994694507497386,25,20,20
48,5754,0.008987330771621534,1.3021014424777363e-06,0.19677461938305293,0.7942367477438828,25,20,20
48,5755,0.012121802363224726,1.3019876861129482e-06,0.18722113254535824,0.8006557631037313,25,20,20
48,5756,0.011301409155926931,0.0019085603995364275,0.18948878670733968,0.797301243737196,25,20,20
48,5757,0.00028226755398955567,0.0019271885666713052,0.1968389428486736,0.8009516010306644,25,20,20
48,5758,0.00033242604832659997,8.418855645069869e-07,0.20646731236045018,0.7931994197056581,25,20,20
48,5759,0.03886129693950219,1.880876286858849e-07,0.17883102869997902,0.7823074862728895,25,20,20
48,5760,0.03832262143158956,3.649678492310113e-07,0.1651442633822025,0.7965327502183582,25,20,20
48,5761,0.03833383140913868,6.361354431201899e-06,0.1511893738806701,0.8104704333557596,25,20,20
48,5762,0.003122906097969254,6.341476563868619e-06,0.2090673720381693,0.7878033803872964,25,20,20
48,5763,0.010969845171041276,6.438045449769357e-06,0.20579094548751287,0.7832327712959956,25,20,20
48,5764,0.04784379282584227,6.4366532762412156e-06,0.12984158381014757,0.8223081867107337,25,20,20
48,5765,0.010663355102995802,0.0017686373387674785,0.16416397325264204,0.8234040343055944,25,20,20
48,5766,0.03997442257158222,1.0342955425413063e-06,0.1208935612190389,0.8391309819138353,25,20,20
48,5767,0.000342171780773976,1.020519039664939e-06,0.12082633429789912,0.8788304734022867,25,20,20
48,5768,0.0003412479166868444,1.4779353669631068e-06,0.16167732374727892,0.8379799504006675,25,20,20
48,5769,0.0003414969673757183,8.429659308260722e-05,0.17824184146135647,0.8213323649781848,25,20,20
48,5770,0.0003407553946104238,1.7565740022781933e-10,0.11252722170841527,0.8871320227213162,25,20,20
48,5771,4.1992853298767976e-05,1.2533245115639875e-07,0.05936594693515075,0.940591934879099,25,20,20
48,5772,4.199285319452956e-05,1.2536696912726697e-07,0.0747600530470079,0.9251978287328284,25,20,20
48,5773,0.03855022890833508,2.5354599708086343e-08,0.01067868106525698,0.9507710646718083,25,20,20
48,5774,7.518181469949835e-05,5.269544718501744e-09,0.03989363101290021,0.9600311819028555,25,20,20
48,5775,8.901955990707336e-10,0.02399568323184265,0.03631115624822685,0.9396931596297345,25,20,20
48,5776,9.599472021493198e-10,0.001994284608629795,0.03952147804754216,0.9584842363838807,25,20,20
48,5777,1.889113257593208e-13,0.001994281392786668,0.06970209770014014,0.9283036209068841,25,20,20
48,5778,5.906762290701199e-13,0.0019942846059206503,0.05430337734076744,0.9437023380527212,25,20,20
48,5779,6.586881215290812e-10,6.927214129323437e-05,0.06896994018916253,0.930960787010856,25,20,20
48,5780,4.74983950170951e-06,0.0006888801900684945,0.05293124635896512,0.9463751236114644,25,20,20
48,5781,6.351273328930822e-10,1.887187470880438e-05,0.04183710784027452,0.9581440196498892,25,20,20
48,5782,7.12516306724991e-10,1.887198693131614e-05,0.0781313719900683,0.9218497553104841,25,20,20
48,5783,3.4592831626854544e-06,0.000922368242406824,0.1554564197665914,0.8436177527078386,25,20,20
48,5784,3.4592830585394916e-06,0.0009223682413969457,0.15508132456020207,0.8439928479153421,25,20,20
48,5785,1.7913103647049745e-08,0.029548740964440663,0.11542482196951416,0.8550264191529412,25,20,20
48,5786,3.3645960076015445e-10,3.796560416915432e-05,0.13486219530525914,0.8650998387541119,25,20,20
48,5787,0.0011431503227622682,0.029791996366039516,0.0923926467202152,0.8766722065909829,25,20,20
48,5788,0.0011431502816444373,0.02981068397236899,0.0775259162159148,0.8915202495300715,25,20,20
48,5789,6.06121748069163e-06,0.02980727270451307,0.09223394361604774,0.8779527224619582,25,20,20
48,5790,6.037107875188789e-06,6.460121849586411e-07,0.08069008188122302,0.9193032349987164,25,20,20
48,5791,4.428253937969142e-05,0.0004397898274680415,0.08089701394725887,0.9186189136858927,25,20,20
48,5792,3.1385319434293767e-06,0.0004540377198191152,0.13484299428896251,0.8646998294592746,25,20,20
48,5793,2.828555724843421e-05,1.9093207596993532e-07,0.13527008960103326,0.8647014339096419,25,20,20
48,5794,0.026553832796017255,3.12676861734918e-06,0.12459813306078256,0.8488449073745821,25,20,20
48,5795,0.0003232834669222411,5.567028440561512e-07,0.1350888814761895,0.8645872783540436,25,20,20
48,5796,0.016974852473009866,2.2821113229521808e-05,0.15440460627071384,0.8285977201430466,25,20,20
48,5797,0.02490564594377928,9.209578361033391e-06,0.18026714389447676,0.7948180005833824,25,20,20
48,5798,0.0003909223565521431,1.9720565581620512e-07,0.1980948455296067,0.8015140349081836,25,20,20
48,5799,0.0002739677838078429,0.0007358187612795831,0.19798626215548606,0.801003951299426,25,20,20
48,5800,4.4022469675927695e-06,0.002318865174833843,0.15792690675673185,0.839749825821466,25,20,20
48,5801,4.48880764436171e-06,0.0023318889725798013,0.16688937285581204,0.8307742493639628,25,20,20
48,5802,0.00013140284987848584,4.604496319051777e-05,0.18792156122940418,0.8119009909575263,25,20,20
48,5803,0.00012323572908055235,2.563347592728525e-05,0.16146346322098878,0.8383876675740022,25,20,20
48,5804,0.009671827184409683,0.024318808958100138,0.1266587018874652,0.8393506619700247,25,20,20
48,5805,0.01287072838536482,0.00035670819485744297,0.15928419478611483,0.8274883686336624,25,20,20
48,5806,0.009354697368766398,0.0011421200631491235,0.15101851809858396,0.8384846644695003,25,20,20
48,5807,0.011365605247262336,7.113099459402665e-06,0.1500992547379053,0.8385280269153726,25,20,20
48,5808,0.0017370493931052238,2.4047936688449752e-08,0.12315317616466716,0.8751097503942905,25,20,20
48,5809,0.0016784393066345954,8.628499951708852e-07,0.12041877154660825,0.8779019262967616,25,20,20
48,5810,0.0016797217087389919,2.580339163007628e-10,0.08649139184269927,0.9118288861905274,25,20,20
48,5811,0.0016797222370594144,1.9801621982424143e-09,0.09609120177398343,0.9022290740087949,25,20,20
48,5812,0.00167843611167198,1.4233700578476617e-10,0.047766246054646085,0.9505553176913449,25,20,20
48,5813,0.0016784361112818118,9.0328378714316e-11,0.048843555212195265,0.9494780085861947,25,20,20
48,5814,2.981290066860225e-09,3.3210360933801796e-05,0.05029024287509748,0.9496765437826784,25,20,20
48,5815,1.8193311733853192e-08,1.7640141585270462e-07,0.04941501030541505,0.9505847950998572,25,20,20
48,5816,0.0006315509065324609,1.0018544102377275e-06,0.06837352335832789,0.9309939238807294,25,20,20
48,5817,0.0006315509034967124,1.001852206601052e-06,0.03984487305279543,0.959522574191501,25,20,20
48,5818,6.372856689822125e-05,1.2203507179027383e-10,0.041706050828022576,0.9582302204830438,25,20,20
48,5819,3.3820623955044e-09,2.0540111836225372e-10,0.05659331469150515,0.9434066817210308,25,20,20
48,5820,5.254320099441545e-08,6.529041438406678e-07,0.04257145936309694,0.9574278351895577,25,20,20
48,5821,1.1576844930852875e-09,3.646872929826277e-05,0.06514155002420959,0.9348219800888076,25,20,20
48,5822,8.322243976880467e-07,3.64655924817258e-05,0.08028629055624455,0.9196764116268754,25,20,20
48,5823,8.321650763246334e-07,6.073153327750986e-07,0.09313003774908492,0.9068685227705053,25,20,20
48,5824,8.310880188520659e-07,6.568145754697123e-07,0.13159549366378287,0.8684030184336226,25,20,20
48,5825,0.004428386509337577,2.4316316886239657e-10,0.10195389495372238,0.8936177182937768,25,20,20
48,5826,0.022652566176740753,2.4343996077277664e-06,0.08526124702315142,0.8920837524004996,25,20,20
48,5827,0.0044944060949353125,2.359817875258648e-10,0.12760982324975512,0.8678957704193273,25,20,20
48,5828,2.5550098362132547e-08,3.6088577844910373e-07,0.1384820460764596,0.8615175674876631,25,20,20
48,5829,2.5525971530671532e-08,8.13084944932075e-09,0.13819818752872032,0.8618017788144584,25,20,20
48,5830,5.1557201732047216e-08,9.675703242593201e-08,0.10915845762719487,0.8908413940585709,25,20,20
48,5831,5.093984948695673e-08,1.0162543571837256e-07,0.07840195377234434,0.9215978936623703,25,20,20
48,5832,1.3014394063929542e-07,9.38625089022419e-08,0.0778806628099649,0.9221191131835853,25,20,20
48,5833,1.3014167647093244e-07,9.203695211129492e-08,0.061922767989070496,0.938077009832301,25,20,20
48,5834,1.925396873764514e-08,1.504458649896735e-08,0.04975118892114672,0.950248776780298,25,20,20
48,5835,3.3925689648295254e-08,3.3186600648327204e-07,0.06183278498717935,0.9381668492211246,25,20,20
48,5836,3.3908959407845087e-08,3.3182611260929426e-07,0.094319419628807,0.9056802146361207,25,20,20
48,5837,3.800313749664882e-08,1.1317990294004415e-06,0.08194586481856231,0.9180529653792704,25,20,20
48,5838,3.815555686005443e-08,1.1618365961479576e-06,0.08238333964915827,0.9176154603586885,25,20,20
48,5839,7.580491840463531e-05,8.623555162540269e-07,0.08159263639000726,0.9183306963360717,25,20,20
48,5840,0.024640875945118344,8.622897749244789e-07,0.06619326360251493,0.9091649981625914,25,20,20
48,5841,1.8189317292109219e-06,1.728162198572036e-06,0.13390930505968507,0.8660871478463866,25,20,20
48,5842,1.845639094760773e-06,1.1951857573159585e-08,0.11322031669969741,0.8867778257093499,25,20,20
48,5843,1.8465838180064398e-06,7.385256064069266e-09,0.08787873555158891,0.9121194104793363,25,20,20
48,5844,4.24501417758818e-05,4.5782938638689096e-09,0.08175500625110126,0.9182025390288285,25,20,20
48,5845,9.801445415319042e-05,0.030695939783995915,0.06878621751420194,0.9004198282476485,25,20,20
48,5846,0.028458579844638315,0.03949864612842193,0.020749198066870353,0.9112935759600692,25,20,20
48,5847,1.5204371102989296e-06,0.03981876873120144,0.06762275863784595,0.8925569521938423,25,20,20
48,5848,1.4560638616235787e-06,0.039818770615501674,0.07310001023996064,0.8870797630806758,25,20,20
48,5849,1.4558607638852098e-06,0.03981877177752288,0.0665755023196542,0.8936042700420588,25,20,20
48,5850,1.4558561570725587e-06,0.03981896793296897,0.04848819633811714,0.9116913798727563,25,20,20
48,5851,4.4816499760465536e-09,0.03976759552053438,0.08291422806746901,0.877318171930346,25,20,20
48,5852,6.559074348394212e-07,0.039479761617067975,0.12294530833943003,0.8375742741360667,25,20,20
48,5853,0.00019814724524938346,0.041398181890048465,0.11678880355616887,0.8416148673085327,25,20,20
48,5854,3.0465321225992786e-06,0.03950900527738649,0.08163197130801468,0.8788559768824763,25,20,20
48,5855,3.017783402170461e-06,0.039665825241122575,0.08229867930494592,0.8780324776705289,25,20,20
48,5856,0.0035319297017920082,3.7008158809706937e-07,0.12435709532537384,0.8721106048912458,25,20,20
48,5857,0.004492182858795759,8.209046608043513e-08,0.12543754201806268,0.8700701930326749,25,20,20
48,5858,0.01279995621758543,1.8743101883101405e-05,0.1081587441724985,0.8790225565080324,25,20,20
48,5859,0.00040527637812214426,0.0019424249347266289,0.11881902283201388,0.8788332758551368,25,20,20
48,5860,0.0003251247823709012,0.0019387736184237046,0.15387118826727111,0.8438649133319336,25,20,20
48,5861,0.0031658214695586954,0.002060614464126127,0.1318269021819199,0.8629466618843946,25,20,20
48,5862,0.03632298473713828,3.805439798137692e-05,0.09996421776994914,0.8636747430949311,25,20,20
48,5863,3.826050985200383e-08,3.8054344677309445e-05,0.15498558719502173,0.8449763201997905,25,20,20
48,5864,1.0715646667748883e-07,1.470719865613241e-08,0.12813512477265943,0.871864753363675,25,20,20
48,5865,1.0712699020190055e-07,1.1304285241481122e-10,0.0802328298376329,0.9197670629223333,25,20,20
48,5866,0.00017623486077806162,7.107647424268969e-10,0.0995469455753267,0.90027681885313,25,20,20
48,5867,3.263554021128611e-06,1.5177085606184574e-07,0.08753713321276024,0.912459451462362,25,20,20
48,5868,0.0025581167150792693,2.896746541738401e-07,0.1174569777059136,0.8799846159043527,25,20,20
48,5869,0.0006800352097787631,1.0631874937480674e-06,0.08720476546670555,0.9121141361360224,25,20,20
48,5870,0.0006800352097813465,1.063246495731744e-06,0.08798238656485567,0.9113365149788675,25,20,20
48,5871,0.038555732493012466,0.0009064912560165829,0.05766155498976651,0.9028762212612044,25,20,20
48,5872,0.002948235418703302,8.272943872296234e-08,0.09519081828520753,0.9018608635666502,25,20,20
48,5873,0.005264454083329222,1.2770327400251897e-07,0.09156046932205156,0.903174948891345,25,20,20
48,5874,0.005264454342188736,1.2770493575615814e-07,0.10272515835629782,0.8920102595965775,25,20,20
48,5875,0.0023950207528777396,1.2548761749046215e-05,0.09631104903333045,0.9012813814520423,25,20,20
48,5876,1.7448981922171212e-06,0.0009253778366607766,0.09001758694771735,0.9090552903174292,25,20,20
48,5877,2.98995881160993e-07,3.5657466622506586e-05,0.08150353677197027,0.9184605067655259,25,20,20
48,5878,2.989958987315952e-07,3.565751389802197e-05,0.11451166953177205,0.8854523739584311,25,20,20
48,5879,5.437757968448627e-08,3.711458488534379e-05,0.09973814681562969,0.9002246842219056,25,20,20
48,5880,5.5520416000789776e-08,4.901987373869731e-05,0.0822047834827326,0.9177461411231126,25,20,20
48,5881,2.2582323517894844e-08,0.0007488363881319416,0.0807747623620444,0.9184763786674999,25,20,20
48,5882,1.2163757594751503e-06,0.00027566049675723225,0.08106790981887237,0.9186552133086107,25,20,20
48,5883,3.981810294881682e-08,6.79938512615035e-09,0.0798109041568391,0.9201890492256727,25,20,20
48,5884,0.00010483237642475702,6.526981585939942e-06,0.04087233087166319,0.9590163097703259,25,20,20
48,5885,1.353228393892121e-06,1.3206555836765228e-05,0.059765817613522565,0.940219622602247,25,20,20
48,5886,0.0003119146498403475,1.0667338078810981e-07,0.059632286826931405,0.9400556918498469,25,20,20
48,5887,5.287198656040714e-08,2.84080665802285e-07,0.05893993712548307,0.941059725921864,25,20,20
48,5888,0.009516436429764802,2.8346999721191793e-07,0.0880576056294474,0.9024256744707901,25,20,20
48,5889,0.009516533087513187,1.8277927358413196e-07,0.07744295504196558,0.9130403290912474,25,20,20
48,5890,6.900674758831041e-08,1.7156693676644548e-08,0.08692043968910962,0.9130794741474483,25,20,20
48,5891,0.03992572932769159,7.4172902819443035e-09,0.06932413785048172,0.8907501254045358,25,20,20
48,5892,0.00471767601816318,1.4318764700382912e-09,0.10407622916097253,0.891206093388987,25,20,20
48,5893,0.031022681980152848,0.0006442163025076137,0.06199106507944805,0.9063420366378913,25,20,20
48,5894,6.061204618311537e-05,1.779499629771254e-07,0.1026559422610223,0.8972832677428313,25,20,20
48,5895,1.5803574517955762e-06,6.469747333787805e-07,0.10788995284837476,0.8921078198194395,25,20,20
48,5896,0.0013512942250300157,0.00023056777268687433,0.09213235060629316,0.9062857873959893,25,20,20
48,5897,0.0058667860687384365,1.4323515887227649e-08,0.07432732898221968,0.9198058706255254,25,20,20
48,5898,0.005866786068744296,1.1260888931167785e-08,0.11159266013151176,0.8825405425388546,25,20,20
48,5899,0.005966880744194534,3.263858122157125e-05,0.1137327273752959,0.8802677532992875,25,20,20
48,5900,0.00010236762740533675,3.257959623921328e-05,0.10120047979842241,0.8986645729779326,25,20,20
48,5901,0.033941181974951655,3.672697839363612e-05,0.0548817425993284,0.911140348447326,25,20,20
48,5902,0.039997610577021406,6.301756233757415e-07,0.04222147143729757,0.9177802878100573,25,20,20
48,5903,0.010770675983577362,0.00064764913068895,0.06832728178350894,0.9202543931022242,25,20,20
48,5904,4.306295745836431e-09,8.303109949902178e-07,0.09068186023151786,0.909317305151191,25,20,20
48,5905,2.652015021622526e-09,8.274732276008405e-07,0.08946243792643083,0.9105367319483263,25,20,20
48,5906,5.1445452184656775e-06,0.015837081861069236,0.10356089457322262,0.8805968790204897,25,20,20
48,5907,1.455569230496382e-06,0.015856458122213833,0.11448127015203222,0.8696608161565231,25,20,20
48,5908,1.4555657667270312e-06,0.015856458007500396,0.10552577296281815,0.8786163134639147,25,20,20
48,5909,1.4566352170139927e-06,0.017857643707628882,0.13555467986005817,0.8465862197970955,25,20,20
48,5910,5.600285179880901e-10,0.039827142864163875,0.11294582103922711,0.8472270355365801,25,20,20
48,5911,2.1240396624569128e-08,0.039826900433732056,0.09553482074161541,0.8646382575842554,25,20,20
48,5912,0.00016608643782985562,0.029977889761752224,0.09206612762644355,0.8777898961739737,25,20,20
48,5913,8.894481152417531e-08,0.03976735714297779,0.08060203523393993,0.8796305186782704,25,20,20
48,5914,1.1524058910564249e-07,0.040000125686665174,0.08011568453479075,0.8798840745379544,25,20,20
48,5915,0.03498456805062049,0.03999075285992197,0.05513836327991121,0.8698863158095462,25,20,20
48,5916,0.004666493965391952,0.040005159972935814,0.0833920783238972,0.8719362677377746,25,20,20
48,5917,0.0001747877909820706,0.03998811709606413,0.08022757229275645,0.8796095228201973,25,20,20
48,5918,1.1314105393669729e-06,0.03947999822840977,0.08959723377958563,0.870921636581465,25,20,20
48,5919,0.012253483982958809,0.03948004822744555,0.07853526221302318,0.8697312055765721,25,20,20
48,5920,0.017056844461583332,0.020329168415048456,0.09375576123796346,0.868858225885405,25,20,20
48,5921,0.033155052080212646,1.679481295210972e-05,0.10597206882561597,0.860856084281219,25,20,20
48,5922,0.019342867112621346,0.0011213714972502674,0.1625127447055743,0.8170230166845535,25,20,20
48,5923,0.04939432283897374,5.875503545458977e-05,0.1271390358356378,0.8234078862899339,25,20,20
48,5924,0.006021413455388178,9.349153606175933e-09,0.1698195029724174,0.8241590742230399,25,20,20
48,5925,0.018869456345086688,1.6330413249420023e-06,0.15824197475593496,0.8228869358576526,25,20,20
48,5926,0.018755085393391827,8.767788072619734e-07,0.14274218664076244,0.8385018511870377,25,20,20
48,5927,0.03316084514869691,1.6662678445766656e-06,0.1271178395933469,0.8397196489901111,25,20,20
48,5928,0.03250195534760556,1.195798867224677e-06,0.12968366924161553,0.8378131796119114,25,20,20
48,5929,0.00012406017779636018,1.8727537265078976e-06,0.16015106791207867,0.8397229991563977,25,20,20
48,5930,0.009918028505477922,0.007051561495847078,0.14308986812748895,0.8399405418711856,25,20,20
48,5931,0.0020930008246804847,0.0070515829673775095,0.16417105107650337,0.8266843651314382,25,20,20
48,5932,0.03588113865402811,0.026570570999893288,0.07863953242585742,0.8589087579202213,25,20,20
48,5933,1.3617092530889164e-05,0.002582108449313856,0.11785339024152776,0.879550884216627,25,20,20
48,5934,3.526405308321011e-08,0.0025414635872294633,0.12513254621573783,0.8723259549329794,25,20,20
48,5935,0.00011129808045944293,6.713959037523995e-07,0.1276199091824867,0.8722681213411498,25,20,20
48,5936,7.816364527265977e-07,1.3225355454716503e-07,0.13733078237226282,0.8626683037377293,25,20,20
48,5937,5.639522686631181e-06,1.290768483469052e-07,0.13882683829287887,0.8611673931075857,25,20,20
48,5938,5.641633199964122e-06,2.445430286665114e-05,0.12115231570317526,0.8788175883607577,25,20,20
48,5939,0.00018938107902371888,3.298089941275396e-05,0.12160679412990084,0.878170843891662,25,20,20
48,5940,0.01586600303388072,0.03177083786016305,0.0733910487128083,0.8789721103931478,25,20,20
48,5941,0.01586600303377692,0.031770834665537845,0.07435331588608177,0.8780098464146032,25,20,20
48,5942,0.01586522181481997,0.03177070590809684,0.04669915019422142,0.9056649220828616,25,20,20
48,5943,0.015865221941311073,0.04001626965409571,0.060757991967764574,0.8833605164368286,25,20,20
48,5944,0.036032805232986936,0.02259894157473229,0.044186339817216355,0.8971819133750641,25,20,20
48,5945,0.039928018652624846,0.022598943353776543,0.03657422138156196,0.9008988166120365,25,20,20
48,5946,5.08303168703964e-06,0.0317687238657559,0.04888602636263604,0.9193401667399205,25,20,20
48,5947,6.770198013977009e-06,0.041145540950706626,0.047576936715146234,0.911270752136133,25,20,20
48,5948,1.098837365411267e-08,0.0403469241140695,0.10316743030795196,0.8564856345896047,25,20,20
48,5949,1.2238155108641202e-08,0.04010449707670458,0.11012562841769592,0.8497698622674438,25,20,20
48,5950,6.244792760892266e-05,0.04002086853643669,0.05005743849140965,0.9098592450445444,25,20,20
48,5951,6.244759475226765e-05,0.04002086848059736,0.058713815265574905,0.9012028686590753,25,20,20
48,5952,1.4988051191317617e-06,0.0025314898438105787,0.11322969418291594,0.884237317168154,25,20,20
48,5953,9.399675839530356e-05,9.477710715829306e-09,0.09825523797981287,0.9016507557840808,25,20,20
48,5954,0.00021255080414390732,0.00043592111031671787,0.0892929528733654,0.9100585752121734,25,20,20
48,5955,8.537370357944358e-05,0.0013061358095849732,0.08737083658895234,0.911237653897883,25,20,20
48,5956,4.2571445769788285e-09,0.03947213750953797,0.05902821783125435,0.9014996404020629,25,20,20
48,5957,4.825324752412313e-09,0.03947213632858631,0.07319620999257931,0.8873316488535096,25,20,20
48,5958,3.44476508787959e-11,0.03947048490296236,0.08066980360456247,0.8798597114580272,25,20,20
48,5959,8.188752891837348e-12,0.03947130744351497,0.08091068158191012,0.8796180109663857,25,20,20
48,5960,2.132806095671134e-06,0.03996773999790752,0.09735859116111373,0.862671536034883,25,20,20
48,5961,2.132782747473291e-06,0.03999158474030078,0.10798393778383836,0.8520223446931132,25,20,20
48,5962,2.132888849754156e-06,0.020315395213010484,0.13968859737656278,0.8399938745215764,25,20,20
48,5963,0.03997165974803167,0.0010600320767119018,0.12081860846734509,0.838149699707911,25,20,20
48,5964,0.0005338106232644104,0.0010921218597716186,0.16045416648155142,0.8379199010354121,25,20,20
48,5965,1.2556371946946403e-07,5.0133846122298e-05,0.16217853535519897,0.8377712052349588,25,20,20
48,5966,2.3694329214601286e-06,1.9339308348802437e-05,0.18583072070356235,0.8141475705551668,25,20,20
48,5967,7.063551196294837e-06,8.351839334194986e-06,0.1836778888164917,0.8163066957929782,25,20,20
48,5968,1.894998887361363e-08,1.7020146558383908e-05,0.1622518710759303,0.8377310898275222,25,20,20
48,5969,1.8922918835546317e-08,2.3143627071981497e-05,0.13532246368094078,0.864654373769068,25,20,20
48,5970,7.951758173920543e-08,6.79595387485637e-06,0.11711569719578518,0.8828774273327578,25,20,20
48,5971,2.998865708214215e-06,9.409435088402776e-11,0.10299087572304216,0.8970061253171547,25,20,20
48,5972,1.4325062311214343e-07,2.5227359893705532e-09,0.10296276055670636,0.8970370936699341,25,20,20
48,5973,3.746210176495259e-08,2.5417421371587053e-09,0.09014976836209053,0.9098501916340652,25,20,20
48,5974,1.8846405235329333e-06,0.020987533627663604,0.10321928175560913,0.8757912999762035,25,20,20
48,5975,6.966142612528115e-08,0.04361597060563344,0.07223535756502725,0.8841486021679131,25,20,20
48,5976,9.452724843296888e-05,0.041024441778118426,0.09399167973346585,0.8648893512399823,25,20,20
48,5977,2.442214075255522e-06,0.0029605259577536276,0.12412550462938407,0.8729115271987866,25,20,20
48,5978,5.03403438334804e-06,0.021151185259392996,0.14919694986046805,0.8296468308457545,25,20,20
48,5979,5.3478220866087936e-05,0.020756182775991224,0.15328613275375647,0.8259042062493855,25,20,20
48,5980,0.0001910333557970398,0.04185941532399852,0.12396491950662611,0.8339846318135778,25,20,20
48,5981,0.00019106864589562368,0.04133159492513211,0.11619448167917482,0.8422828547497967,25,20,20
48,5982,0.00019316726859752294,0.040805432360228495,0.10282448035000614,0.8561769200211671,25,20,20
48,5983,0.0007131450719574003,0.043640733219873745,0.11005807173665479,0.8455880499715129,25,20,20
48,5984,0.00019103195909932967,0.026559925492905593,0.1770819697264966,0.7961670728214986,25,20,20
48,5985,0.00019109247437110549,0.0265919283310602,0.18414443291933633,0.7890725462752323,25,20,20
48,5986,0.00019260969566297972,0.041839539875394786,0.1524182538923217,0.8055495965366201,25,20,20
48,5987,0.04004730844126986,0.04184018730735366,0.15343994929699692,0.7646725549543786,25,20,20
48,5988,0.03985637015053353,0.04000200751773366,0.12159675758800313,0.7985448647437293,25,20,20
48,5989,0.03985630127177359,0.07949393322462715,0.08827086990458266,0.7923788955990162,25,20,20
48,5990,0.03527979296191707,0.07937633594826225,0.08570014198413613,0.7996437291056842,25,20,20
48,5991,0.039957398750726056,0.07932169562709088,0.06219528052879905,0.8185256250933837,25,20,20
48,5992,0.012722529319512912,0.07928672957031135,0.07525427173376327,0.8327364693764123,25,20,20
48,5993,0.01272252933585967,0.07947950293016191,0.08328732079328446,0.8245106469406938,25,20,20
48,5994,0.012722528745392946,0.0787973201457197,0.06953468582322235,0.8389454652856643,25,20,20
48,5995,0.012724422568831361,0.08000850900889203,0.06864877076785998,0.8386182976544159,25,20,20
48,5996,0.012809467097176485,0.04252491772645051,0.11435766436007427,0.8303079508162984,25,20,20
48,5997,0.03590184900679756,0.04004170617956358,0.09265108846966816,0.831405356343971,25,20,20
48,5998,0.03598851865827207,0.042607283380243895,0.13811049615998774,0.7832937018014958,25,20,20
48,5999,0.04014612694328909,0.0052347307522633306,0.15418565451382998,0.8004334877906171,25,20,20
48,6000,0.0039669210794850505,0.005239116583754057,0.2145277171057199,0.7762662452310397,25,20,20
48,6001,0.009209818038338704,1.161288738739507e-05,0.19827730041113414,0.7925012686631397,25,20,20
48,6002,0.00034619363617528575,8.542125709830102e-07,0.2002627756146072,0.7993901765366467,25,20,20
48,6003,0.00034645830631587437,0.04003695773530365,0.15926203451406762,0.8003545494443126,25,20,20
48,6004,7.700417540969608e-06,0.04133386462913057,0.15966824761864812,0.7989901873346799,25,20,20
48,6005,2.818676321388e-06,0.07096758923618406,0.12984399361936352,0.7991855984681309,25,20,20
48,6006,1.665866836343693e-08,0.06985356133064761,0.10921157909809288,0.820934842912591,25,20,20
48,6007,1.7001139910644356e-08,0.06985089208757117,0.17345807716959594,0.7566910137416919,25,20,20
48,6008,7.083661280743464e-06,0.06174610550699919,0.17773227259989238,0.7605145382318274,25,20,20
48,6009,7.117073327378632e-06,0.07176214597976519,0.1459341757652851,0.7822965611816222,25,20,20
48,6010,7.117098800001041e-06,0.042553452781132324,0.22326268451804446,0.7341767456020221,25,20,20
48,6011,7.15321027922826e-06,0.03890465402288326,0.2258921089735143,0.7351960837933216,25,20,20
48,6012,7.737611677191095e-06,0.040680614380134525,0.21533224441275262,0.7439794035954351,25,20,20
48,6013,1.432326436353915e-05,0.04242168059060086,0.20747397631529438,0.7500900198297409,25,20,20
48,6014,1.3411609463256329e-05,0.04245674655157261,0.21312706644637072,0.744402775392593,25,20,20
48,6015,0.0003285805107762111,0.07242100157719923,0.18518742396912347,0.7420629939429009,25,20,20
48,6016,1.0565099383239783e-05,0.04400974351399265,0.21330259693532866,0.7426770944512952,25,20,20
48,6017,0.001249867611916298,0.04413386481698441,0.17869438303106197,0.7759218845400365,25,20,20
48,6018,0.0013443771470927895,0.007037208424107711,0.2507576248733199,0.7408607895554786,25,20,20
48,6019,0.02900673130451755,0.004074319278633529,0.22386775889949537,0.743051190517352,25,20,20
48,6020,0.0033614349143142775,0.017009519846852443,0.24982454415782226,0.7298045010810092,25,20,20
48,6021,6.747444539747807e-05,0.016832264858153048,0.25992349070813214,0.7231767699883175,25,20,20
48,6022,6.559800567591016e-07,0.018262611273090316,0.2688890344065475,0.712847698340305,25,20,20
48,6023,0.007617564904116704,0.003565743824447596,0.26893721089180145,0.7198794803796338,25,20,20
48,6024,0.041167062728424915,4.087776653750237e-05,0.2583825783554012,0.7004094811496354,25,20,20
48,6025,0.0006272573548865572,5.317287515933837e-05,0.2845923517001664,0.7147272180697856,25,20,20
48,6026,0.00013769825524888852,1.3583603576420416e-05,0.32966202591174215,0.6701866922294306,25,20,20
48,6027,0.0005771699244522037,1.4703635649830599e-05,0.30723600860490136,0.6921721178349959,25,20,20
48,6028,0.01388273661567044,7.20987536394385e-07,0.28630343749234544,0.6998131049044471,25,20,20
48,6029,0.030743677217459568,4.1167320440516055e-05,0.30971248108496724,0.659502674377132,25,20,20
48,6030,0.03310723035827922,4.1351833660285265e-05,0.3032880026162482,0.6635634151918122,25,20,20
48,6031,0.007998595939751949,1.386644711934418e-05,0.3075120482604486,0.6844754893526794,25,20,20
48,6032,0.008615714777580932,0.000766847661855224,0.31075173576454496,0.6798657017960177,25,20,20
48,6033,0.0336047732995667,0.0007668412711201393,0.28585250002988755,0.6797758853994254,25,20,20
48,6034,0.013015626776149165,0.0008273555563736731,0.2688375657363503,0.7173194519311262,25,20,20
48,6035,2.1627341096213474e-05,1.8855295963275638e-05,0.28146855476425725,0.7184909625986833,25,20,20
48,6036,0.011890993505354764,0.0007832585040253332,0.2670382585750956,0.7202874894155248,25,20,20
48,6037,2.0281309337005197e-05,2.477384471578355e-07,0.2792943314679766,0.7206851394842378,25,20,20
48,6038,0.000340707544334927,6.988885103798819e-05,0.28079923125024037,0.7187901723543859,25,20,20
48,6039,0.042656068225235766,3.6551477047902764e-05,0.24545249914420142,0.7118548811535141,25,20,20
48,6040,0.07438433501405944,6.510155697673867e-06,0.28667702529622663,0.6389321295340143,25,20,20
48,6041,0.09224908864528623,0.0032088554010072956,0.26108603004792774,0.6434560259057756,25,20,20
48,6042,0.08388566106495186,3.7493016115451165e-05,0.2854493417505786,0.6306275041683513,25,20,20
48,6043,0.04579636059010227,0.0012384953844096697,0.3139184473849392,0.6390466966405465,25,20,20
48,6044,0.043622536715432314,0.00042670486715030856,0.35465821264783043,0.601292545769585,25,20,20
48,6045,0.04341824803242319,0.00022005714561424997,0.33249370844733744,0.6238679863746256,25,20,20
48,6046,0.013089194735233314,0.00021484511211030183,0.36115929441214123,0.6255366657405124,25,20,20
48,6047,0.028281991045628327,0.00032472377844482565,0.2834862278156024,0.6879070573603243,25,20,20
48,6048,0.01840237459295756,0.00010689765354852478,0.27014598781745197,0.7113447399360404,25,20,20
48,6049,0.061412782130488744,3.878455227564387e-05,0.22782746862517297,0.7107209646920621,25,20,20
48,6050,0.0827239409860952,0.0004998641991088981,0.2072789099511433,0.7094972848636517,25,20,20
48,6051,0.1053445924607438,0.002106622442421856,0.18881027312861223,0.70373851196822,25,20,20
48,6052,0.07327809745438726,0.028842967335355282,0.18627783865202968,0.7116010965582262,25,20,20
48,6053,0.06935792583796471,0.016623218360895087,0.19438575467332114,0.719633101127818,25,20,20
48,6054,0.04895184692788382,0.03980884623193601,0.20671117280775483,0.7045281340324239,25,20,20
48,6055,0.02904863518012051,0.021335110675664067,0.23002922478431842,0.7195870293598955,25,20,20
48,6056,0.05763643817418743,0.000724049002101224,0.22078348997878236,0.7208560228449286,25,20,20
48,6057,0.0722851065878084,0.0006897587534043337,0.2051237175619248,0.7219014170968617,25,20,20
48,6058,0.1165816744040813,0.001993605555809261,0.16370368815401917,0.7177210318860905,25,20,20
48,6059,0.11698525552754817,7.671755673423263e-05,0.1718038796249507,0.7111341472907662,25,20,20
48,6060,0.06331464719586359,3.0438445109901305e-05,0.22490472967603242,0.7117501846829926,25,20,20
48,6061,0.052851707274498325,0.0010781469514385162,0.22780615736866633,0.7182639884053964,25,20,20
48,6062,0.040370717724452276,2.585738173627612e-05,0.24908272913177143,0.7105206957620396,25,20,20
48,6063,0.04649597369971951,2.5347901365848107e-05,0.24184656466309018,0.711632113735824,25,20,20
48,6064,0.053905363276253296,3.785034634486807e-05,0.25975403730725266,0.6863027490701478,25,20,20
48,6065,0.037660119288384204,1.540843487476848e-06,0.29070255109137566,0.6716357887767508,25,20,20
48,6066,0.08140334825232426,0.0024339528858060883,0.30509363230596287,0.6110690665559053,25,20,20
48,6067,0.04754266640807986,0.002434451055899221,0.3334666062867468,0.6165562762492737,25,20,20
48,6068,0.050067449033957975,7.398064994755272e-05,0.32568387481220185,0.6241746955038919,25,20,20
48,6069,0.07942372604567038,0.0020440398725934893,0.2611320939367927,0.657400140144942,25,20,20
48,6070,0.036795028211225725,0.04202444361511284,0.24215497212947099,0.67902555604419,25,20,20
48,6071,0.036631295147387936,0.041956711576895483,0.24515832709898458,0.676253666176731,25,20,20
48,6072,0.03662250062653065,0.040001063347639,0.24372042933961746,0.6796560066862127,25,20,20
48,6073,0.040471826837276285,0.03235901004195988,0.20975282035377812,0.7174163427669853,25,20,20
48,6074,0.0790869170794643,0.03933024725027714,0.17136369985869038,0.7102191358115683,25,20,20
48,6075,0.038888053991510414,0.0328160672339099,0.24818519025626348,0.6801106885183144,25,20,20
48,6076,0.04426190410681853,0.06176437915003196,0.22120103817418127,0.6727726785689669,25,20,20
48,6077,0.08326072661725352,0.07061784508126596,0.24708392391906242,0.599037504382417,25,20,20
48,6078,0.11550550666582993,0.081807990134176,0.2031696990827341,0.59951680411726,25,20,20
48,6079,0.04466418705166835,0.04460489721622964,0.320302069988471,0.5904288457436296,25,20,20
48,6080,0.009134120414634763,0.043392759533259814,0.3214031970296206,0.6260699230224835,25,20,20
48,6081,0.009644230631114777,0.04266214945175685,0.32885667707178406,0.6188369428453441,25,20,20
48,6082,0.009247773835211725,0.024273602952874302,0.2835164432057606,0.6829621800061529,25,20,20
48,6083,0.007914491720948776,0.03200099933590565,0.26777071939781694,0.6923137895453274,25,20,20
48,6084,0.007822827670681605,0.0012608702154497603,0.3303104084642918,0.6606058936495759,25,20,20
48,6085,0.0008145379765117009,0.0029178899263843654,0.33647371428184164,0.6597938578152613,25,20,20
48,6086,0.0007960827405108285,0.0023687882164315694,0.31680013882925195,0.6800349902138055,25,20,20
48,6087,0.0001380284898621657,0.0023546195791393893,0.32633233939460693,0.6711750125363907,25,20,20
48,6088,0.05573943842087388,0.0025962539414138407,0.27772525582316987,0.6639390518145415,25,20,20
48,6089,0.06788656636981825,1.3341587385726707e-05,0.2521421266865197,0.6799579653562752,25,20,20
48,6090,0.05191559754115721,1.4588182380462532e-05,0.24647929253789577,0.7015905217385665,25,20,20
48,6091,0.010762365910517246,0.0007822103415685651,0.27006705308426243,0.7183883706636516,25,20,20
48,6092,0.026899416600582496,0.0007821075368718577,0.24463783402447212,0.7276806418380732,25,20,20
48,6093,0.00041193780917648555,0.0013014848380091407,0.3153785586675695,0.6829080186852441,25,20,20
48,6094,0.014090468936762877,0.052704434136837314,0.25096560842328386,0.6822394885031149,25,20,20
48,6095,0.03578593196500798,0.053649637929538974,0.23274291119038723,0.6778215189150661,25,20,20
48,6096,0.0004139935276274367,0.040022030291599744,0.2797041093840596,0.6798598667967116,25,20,20
48,6097,0.008983431350224782,0.040608512960702364,0.2745691531307314,0.6758389025583404,25,20,20
48,6098,0.0036493336812560766,0.04063093619955417,0.27924951647696916,0.6764702136422193,25,20,20
48,6099,0.0037417311274828683,0.040747314504917254,0.20366458166515677,0.7518463727024423,25,20,20
48,6100,5.624935858182468e-06,0.04297505576472172,0.19880206442248735,0.7582172548769327,25,20,20
48,6101,9.905094929970068e-06,0.04281621782362284,0.21734579149058894,0.7398280855908572,25,20,20
48,6102,0.004752052044197166,0.04000198377184466,0.2357636014169783,0.7194823627669784,25,20,20
48,6103,0.004757129798473657,0.029474683235855177,0.24672211190229132,0.7190460750633789,25,20,20
48,6104,0.022753179646653975,0.042022745705860655,0.22874667195896298,0.7064774026885208,25,20,20
48,6105,0.03862965827514418,0.04194412866520835,0.21807972214287166,0.7013464909167727,25,20,20
48,6106,0.0003222201680605892,0.041933256718635376,0.23966543391890183,0.7180790891944002,25,20,20
48,6107,0.007614296354838981,0.040075077895598284,0.23377124158151577,0.7185393841680451,25,20,20
48,6108,0.010748590201920556,0.04010354368204065,0.24586788722306882,0.703279978892969,25,20,20
48,6109,0.00554855637064357,0.042065526904128195,0.2507962926335432,0.7015896240916841,25,20,20
48,6110,0.005721181388119995,0.03935483909895039,0.25281183196988694,0.702112147543042,25,20,20
48,6111,0.014887953965706264,0.03933239693134115,0.24454752360736823,0.7012321254955836,25,20,20
48,6112,0.01291012791948046,0.03866689671093573,0.2442034034364244,0.7042195719331591,25,20,20
48,6113,2.5957941039390576e-05,0.038667057185115546,0.2808692437384293,0.6804377411354146,25,20,20
48,6114,9.879023168504529e-05,0.040014617893768784,0.25861499993531223,0.7012715919392329,25,20,20
48,6115,0.0022252412878880643,0.040344169458478844,0.25791675013842075,0.6995138391152121,25,20,20
48,6116,0.0021495540081300684,0.04038094133394247,0.25862200253745,0.6988475021204779,25,20,20
48,6117,2.2811353498938657e-05,0.04002042617252633,0.24287285888860072,0.7170839035853726,25,20,20
48,6118,1.5650268482860768e-05,0.015220365753206472,0.2659800810491238,0.7187839029291855,25,20,20
48,6119,2.050217937874873e-06,0.00239786151348533,0.2782497892229142,0.7193502990456616,25,20,20
48,6120,0.04422258161972446,0.0029283323469011403,0.24976819568787284,0.7030808903455007,25,20,20
48,6121,0.045928411408149385,0.0026464881866147174,0.24064617689320916,0.7107789235120253,25,20,20
48,6122,0.07888493056235679,0.0020383626970268136,0.20670942978958778,0.7123672769510282,25,20,20
48,6123,0.03119398595683022,6.320201420234435e-05,0.24968242874368496,0.7190603832852819,25,20,20
48,6124,0.013599739909977659,0.0407007230698159,0.2266603374510834,0.7190391995691232,25,20,20
48,6125,0.05252085884015247,0.04069823912494485,0.20583311481935493,0.7009477872155477,25,20,20
48,6126,0.05228878323307125,0.03951412384956202,0.21401088539833363,0.6941862075190324,25,20,20
48,6127,0.04916650903563557,0.03880752100070978,0.21276774418358488,0.699258225780069,25,20,20
48,6128,0.016747761340578097,0.038825812819438726,0.2499217006433123,0.6945047251966685,25,20,20
48,6129,0.024665376903375735,0.039512928517394595,0.25309610256800946,0.6827255920112196,25,20,20
48,6130,0.047800831947153864,0.04208505063492911,0.22609128833949121,0.6840228290784257,25,20,20
48,6131,0.0357636734092869,0.0037376250884995797,0.29311783829885757,0.6673808632033547,25,20,20
48,6132,0.05516452184239529,0.0030294611140418226,0.26714362010973003,0.674662396933832,25,20,20
48,6133,0.055167418510241636,0.003384357517062623,0.25922705844488286,0.6822211655278118,25,20,20
48,6134,0.05899195308382561,0.00394974311240554,0.2745733522496221,0.6624849515541459,25,20,20
48,6135,0.08291874544078888,0.0013171272625226774,0.24303246315319865,0.6727316641434895,25,20,20
48,6136,0.0738646154449224,0.0007330591029973939,0.2458791755583545,0.6795231498937242,25,20,20
48,6137,0.09093188991704558,0.0007139472476499575,0.22836320177621203,0.6799909610590915,25,20,20
48,6138,0.054359595490054174,0.0007297318035462312,0.26553224965658273,0.6793784230498158,25,20,20
48,6139,0.008314552604851085,3.114154253230815e-05,0.30908566788363956,0.682568637968976,25,20,20
48,6140,0.03758133937039044,0.0006693065661022874,0.2796829172965189,0.6820664367669874,25,20,20
48,6141,0.03740457600365787,2.9348203570946047e-05,0.2397846029409123,0.7227814728518587,25,20,20
48,6142,0.07122467809567702,1.261733462429683e-06,0.18785212296789194,0.7409219372029686,25,20,20
48,6143,0.11580316337014564,1.7931342621532306e-08,0.14328247652856085,0.7409143421699501,25,20,20
48,6144,0.0711392792161471,2.7488877787342893e-07,0.18773960323498012,0.7411208426600935,25,20,20
48,6145,0.0168118381501426,6.912359547327108e-07,0.22826759019359294,0.754919880420308,25,20,20
48,6146,0.008290308651658387,6.892902998029957e-07,0.23084238757916264,0.7608666144788782,25,20,20
48,6147,0.05141362959892981,2.2215879223350063e-07,0.16531050208446518,0.7832756461578121,25,20,20
48,6148,0.08268924673293059,3.077195430439257e-07,0.12375719054132105,0.7935532550062047,25,20,20
48,6149,0.08154474893396277,3.444702307213712e-07,0.13151484972545074,0.786940056870355,25,20,20
48,6150,0.0815448042942987,1.136149678238498e-05,0.08683404077222517,0.8316097934366934,25,20,20
48,6151,0.04188851406531494,1.722710002010856e-05,0.14235512131172098,0.8157391375229435,25,20,20
48,6152,0.019041602949951688,8.967446782471687e-06,0.18794752019146363,0.7930019094118017,25,20,20
48,6153,0.006533480530050828,9.56123152384522e-06,0.20368332893958951,0.7897736292988355,25,20,20
48,6154,0.040135072978774076,5.975973109206015e-07,0.170364889458011,0.7894994399659037,25,20,20
48,6155,0.00864185287299234,0.002128332373490049,0.17409851854157465,0.8151312962119427,25,20,20
48,6156,0.008604984170724184,7.556421685172177e-07,0.1735864461337118,0.817807814053395,25,20,20
48,6157,0.013064156505047372,2.862317526737807e-07,0.14554059699259686,0.8413949602706022,25,20,20
48,6158,0.0027463895837377223,3.7988882293211175e-07,0.1525370212205604,0.8447162093068787,25,20,20
48,6159,0.001927996817748747,1.1117262859931956e-07,0.11608038170318968,0.881991510306433,25,20,20
48,6160,9.815197004509102e-05,8.988799449429906e-09,0.1180539686893621,0.8818478703517928,25,20,20
48,6161,0.00759398015332641,0.0013424277340335035,0.08938708667758305,0.9016765054350567,25,20,20
48,6162,9.934005659864394e-10,4.898792185888827e-05,0.09754995206502837,0.9024010590197116,25,20,20
48,6163,1.0465026469043864e-09,6.733224234588315e-07,0.13528455321247937,0.8647147724185942,25,20,20
48,6164,3.5701445754949944e-09,8.80722621493133e-07,0.13821527100835795,0.861783844698875,25,20,20
48,6165,2.1144706394045266e-06,1.305795997447585e-06,0.13924672668133606,0.860749853052026,25,20,20
48,6166,2.1138504441261656e-06,6.372033455683246e-07,0.1593725327086283,0.8406247162375816,25,20,20
48,6167,9.262516829265878e-08,0.0010113442277371767,0.16864584404083427,0.83034271910626,25,20,20
48,6168,1.84681719069714e-07,0.0010113774047230668,0.17461362388305113,0.8243748140305062,25,20,20
48,6169,4.702113630286806e-09,0.02030986077492201,0.10178593060916638,0.8779042039137979,25,20,20
48,6170,4.366808117222433e-09,0.02030953082578234,0.10127027436710243,0.8784201904403068,25,20,20
48,6171,5.399782749673549e-10,0.02030980199024174,0.1001900097753124,0.8795001876944671,25,20,20
48,6172,3.0140923620955145e-06,0.03947221125931409,0.09710699718701074,0.8634177774613128,25,20,20
48,6173,0.03992575382774134,0.03190194476161574,0.08385244513273081,0.8443198562779116,25,20,20
48,6174,0.0003449525700899599,0.03949001471458315,0.11394006256760077,0.8462249701477262,25,20,20
48,6175,0.03234776885140209,2.3433925439305972e-05,0.12238020805241907,0.8452485891707391,25,20,20
48,6176,0.00034203136638340427,2.4558554062559814e-05,0.19421905513386772,0.8054143549456859,25,20,20
48,6177,0.00017862322047792096,4.827060004629635e-05,0.16493950634399013,0.8348335998354851,25,20,20
48,6178,2.7580912926921776e-06,0.0009550295973779839,0.17677669656737585,0.8222655157439529,25,20,20
48,6179,2.7581476316831833e-06,2.4281295051257007e-05,0.1702979711177191,0.8296749894395977,25,20,20
48,6180,0.012295979089789515,1.3259839524472026e-05,0.14835770257886405,0.8393330584918219,25,20,20
48,6181,0.010481006368692836,8.461883192304568e-07,0.1902995614352755,0.7992185860077128,25,20,20
48,6182,0.054689010632279135,4.142844625604459e-07,0.145322492833285,0.7999880822499731,25,20,20
48,6183,0.05240633992274607,7.038924450793508e-06,0.17052779769591314,0.7770588234568886,25,20,20
48,6184,0.05604610468337773,7.0210133150219105e-06,0.15973312262764094,0.7842137516756656,25,20,20
48,6185,0.04007165895734205,9.536685487469914e-06,0.15956400100030596,0.800354803356864,25,20,20
48,6186,0.033037596615911685,6.714571256115584e-07,0.14625893393044373,0.8207027979965181,25,20,20
48,6187,0.033039602896091085,3.873791145214215e-05,0.12880914204856928,0.8381125171438866,25,20,20
48,6188,0.033041165965415134,7.481276713222852e-05,0.13752573878908886,0.8293582824783634,25,20,20
48,6189,0.05247445439800564,3.6777532508679896e-05,0.12482256820636473,0.8226661998631205,25,20,20
48,6190,0.07401524476661804,3.6440935371267424e-05,0.08731146702084891,0.838636847277161,25,20,20
48,6191,0.07401257336147549,0.0005685416064878334,0.08708303849609342,0.8383358465359432,25,20,20
48,6192,0.07586160194694817,1.2832193725934447e-05,0.08485099324993946,0.8392745726093855,25,20,20
48,6193,0.08375133465961417,6.907060468841195e-07,0.07778394224163382,0.8384640323927046,25,20,20
48,6194,0.0360040134651305,5.541064197895143e-05,0.12585587975046553,0.8380846961424243,25,20,20
48,6195,0.0359055661570711,3.4377364545300275e-07,0.12516457664416614,0.8389295134251171,25,20,20
48,6196,0.0022525786139421474,0.0019916901718014268,0.19405288124005624,0.8017028499741999,25,20,20
48,6197,0.0021313562519063717,5.5354251318128315e-05,0.21166834378387175,0.786144945712903,25,20,20
48,6198,3.048051859290045e-05,1.9558566081986514e-05,0.23442386689074304,0.7655260940245815,25,20,20
48,6199,3.0512717707579777e-05,0.00094448616353289,0.24171280569483142,0.7573121954239284,25,20,20
48,6200,4.093833638983744e-06,1.700300032367078e-06,0.2092653236948236,0.7907288821715046,25,20,20
48,6201,0.00799109710452195,0.0017837295297396677,0.22104899571530923,0.7691761776504282,25,20,20
48,6202,0.007810971522774785,0.03959050265079678,0.1674958972380792,0.7851026285883487,25,20,20
48,6203,0.0004888215400057269,0.04003937175024408,0.20484887286680373,0.7546229338429457,25,20,20
48,6204,0.000576361208535802,0.03951781869717265,0.17449383980792446,0.7854119802863666,25,20,20
48,6205,8.780199787699686e-05,0.07997861687942297,0.08811218953206473,0.8318213915906348,25,20,20
48,6206,1.5196655362719896e-05,0.07997871537256543,0.11567680254113942,0.8043292854309323,25,20,20
48,6207,0.001786340438250387,0.06996543815277026,0.1237370952413448,0.8045111261676339,25,20,20
48,6208,1.24620204577643e-09,0.07976615947763079,0.11700553731996466,0.8032283019562024,25,20,20
48,6209,2.948491738637671e-11,0.07977536341451483,0.12610966522725614,0.7941149713287438,25,20,20
48,6210,1.2272468863139598e-09,0.07153463909424661,0.12742822176623642,0.8010371379122694,25,20,20
48,6211,5.53926837654517e-11,0.07976220868666603,0.15611647105884463,0.7641213201990961,25,20,20
48,6212,7.796956735634538e-06,0.0799747484827338,0.21966447452255902,0.7003529800379714,25,20,20
48,6213,0.0003281262945696309,0.0799930186842298,0.23574723568831854,0.6839316193328809,25,20,20
48,6214,0.03529661886397184,0.07932844750872502,0.22903559843498972,0.6563393351923115,25,20,20
48,6215,0.07306268762348758,0.07865154730009584,0.1448956896279415,0.7033900754484742,25,20,20
48,6216,0.042071984158996226,0.07896779851474668,0.16686456412161468,0.7120956532046417,25,20,20
48,6217,0.0006265732361091927,0.080010440749005,0.20806074399728447,0.7113022420176004,25,20,20
48,6218,0.0018143050482396007,0.08026972692259748,0.1741181116624138,0.7437978563667484,25,20,20
48,6219,4.124962920301529e-06,0.08001312013373976,0.1621148024001458,0.7578679525031937,25,20,20
48,6220,2.0485616004748494e-06,0.08002960348732265,0.2052671026342763,0.7147012453167992,25,20,20
48,6221,1.1094960489949018e-07,0.07166342108068885,0.20913201406380685,0.7192044539058989,25,20,20
48,6222,7.639331185765522e-05,0.0697740046838485,0.22313287999866518,0.7070167220056277,25,20,20
48,6223,0.001854917145628979,0.06997496757576047,0.22331547231345514,0.704854642965156,25,20,20
48,6224,0.034477876495370936,0.0799901687269194,0.16697999686382736,0.7185519579138824,25,20,20
48,6225,0.03431300057020905,0.07998752838513548,0.12736889252368264,0.7583305785209725,25,20,20
48,6226,0.03685589941112572,0.08000211117225485,0.12431599418932773,0.7588259952272912,25,20,20
48,6227,0.042025827508392385,0.06285837274817406,0.136338547181525,0.758777252561908,25,20,20
48,6228,0.042565667440119206,0.04252549009428341,0.1642393606322394,0.7506694818333574,25,20,20
48,6229,0.048352141056614055,0.04003602489373142,0.13678046795754473,0.7748313660921091,25,20,20
48,6230,0.07253295186267805,0.04003577778747431,0.09728820110852539,0.7901430692413218,25,20,20
48,6231,0.04005482536695228,0.03998772476386226,0.09895094348768443,0.8210065063815005,25,20,20
48,6232,0.04011235666961432,0.03976263079823578,0.08283859799071731,0.8372864145414315,25,20,20
48,6233,0.010399438304972097,0.039763890934778445,0.12025934678557242,0.829577323974677,25,20,20
48,6234,0.03119644541369493,0.04000107634360964,0.08778653581247743,0.841015942430218,25,20,20
48,6235,0.03998548695888371,0.03975669152805096,0.08963993001129276,0.8306178915017726,25,20,20
48,6236,0.03998363802689863,0.03933233245064802,0.08103653540932386,0.8396474941131289,25,20,20
48,6237,0.03998161990234905,0.039988769832806505,0.0950249987568297,0.8250046115080142,25,20,20
48,6238,0.0399977341786012,0.03963717667706607,0.09455627827432173,0.8258088108700109,25,20,20
48,6239,0.04172489198703927,0.031767888159217536,0.09528884448949652,0.831218375364246,25,20,20
48,6240,0.003484130134619992,0.03178804520036818,0.12700766195905033,0.8377201627059612,25,20,20
48,6241,0.038398348666062385,0.03980394490602478,0.0918350492112533,0.8299626572166592,25,20,20
48,6242,0.0067402721493349,0.04204562134385582,0.12133002228734964,0.8298840842194593,25,20,20
48,6243,0.0068290052308815985,0.04204562142243673,0.1390025941791769,0.8121227791675036,25,20,20
48,6244,0.04661866810948912,0.04204562139843641,0.09093316022550209,0.8204025502665724,25,20,20
48,6245,0.04401998813123111,0.039988041566056225,0.11149594245335168,0.8044960278493604,25,20,20
48,6246,0.043003361521701075,0.03998804146693312,0.09458270556379972,0.8224258914475658,25,20,20
48,6247,0.07489614709870504,0.03998820610789904,0.04660477932861804,0.8385108674647777,25,20,20
48,6248,0.04795842155476995,0.04024068198048778,0.0736520749523586,0.8381488215123835,25,20,20
48,6249,0.011599292203345865,0.04003631644311457,0.11246241277341384,0.8359019785801255,25,20,20
48,6250,0.008356962365903345,0.03999913189899433,0.11994723696492889,0.8316966687701732,25,20,20
48,6251,0.0018010938747734142,0.0399779923168883,0.11700448794765332,0.8412164258606849,25,20,20
48,6252,0.0016820602581553992,0.03998866916014526,0.08032775484460487,0.8780015157370942,25,20,20
48,6253,0.0016785797917030737,0.04000743286593852,0.08131782032873497,0.8769961670136232,25,20,20
48,6254,0.0354308276454658,0.04000875937985888,0.1016272120544549,0.82293320092022,25,20,20
48,6255,0.012847416298959656,0.03947989794554894,0.11759436547608842,0.8300783202794021,25,20,20
48,6256,0.036020280451203056,0.03934233627743631,0.10176538240642165,0.8228720008649387,25,20,20
48,6257,0.02498884510465528,0.03933121496940281,0.10394245955205932,0.8317374803738824,25,20,20
48,6258,8.869181187684994e-06,0.039331212487345085,0.08855493295568989,0.8721049853757772,25,20,20
48,6259,9.837171743451382e-06,0.029969737727888336,0.09086776470724937,0.8791526603931185,25,20,20
48,6260,1.779926995633372e-05,0.03998143822402513,0.08096455129176049,0.8790362112142576,25,20,20
48,6261,0.01610161734802136,0.03998792896487162,0.06496104821847774,0.878949405468629,25,20,20
48,6262,0.03204474446000494,0.03999153054179908,0.06610052851826032,0.8618631964799355,25,20,20
48,6263,0.03997278177333662,0.03976657684634385,0.02744681845865847,0.8928138229216604,25,20,20
48,6264,0.038510134069245486,0.03999058345333134,0.02867963704754157,0.8928196454298813,25,20,20
48,6265,0.03851013379396377,0.03999058331991099,0.010955016386184416,0.9105442664999406,25,20,20
48,6266,0.00017131005946424197,0.03999054562882513,0.047791974443102625,0.9120461698686073,25,20,20
48,6267,5.321372673474877e-06,0.03998823141110163,0.09420683741227796,0.865799609803947,25,20,20
48,6268,5.490049115259659e-11,0.04146126157249631,0.07743983260346207,0.8810989057691407,25,20,20
48,6269,9.761401859598132e-10,0.04146126145912993,0.07718849457181379,0.8813502429929158,25,20,20
48,6270,2.5374616382779933e-08,0.041981522367705894,0.07854324743159363,0.8794752048260835,25,20,20
48,6271,7.996775095925217e-08,0.03982942609396316,0.09101483433556208,0.8691556596027232,25,20,20
48,6272,1.5436560109612386e-06,0.029971313896224826,0.09841074454916089,0.8716163978986026,25,20,20
48,6273,1.5436509673104275e-06,0.0007123838744950496,0.14192577829439634,0.8573602941801411,25,20,20
48,6274,5.301509994509466e-07,0.002536890919151338,0.1079239103081121,0.8895386686217367,25,20,20
48,6275,6.008682538672127e-06,0.0025362431831126232,0.13459177723648574,0.8628659708978625,25,20,20
48,6276,5.900716222527799e-06,0.002536243218535961,0.1189922404592568,0.878465615605984,25,20,20
48,6277,0.033222021348945904,8.627335951603363e-07,0.0889091831125704,0.8778679328048878,25,20,20
48,6278,0.03325694224030704,2.036034058676728e-08,0.08957485449217746,0.8771681829071746,25,20,20
48,6279,0.010816780927786176,0.0005794120677188827,0.06962479634710866,0.9189790106573855,25,20,20
48,6280,0.010816780927387188,0.0005794120117070021,0.07777205018890843,0.9108317568719968,25,20,20
48,6281,7.816424952717037e-06,0.00057941848427259,0.08923967443443664,0.9101730906563372,25,20,20
48,6282,2.9685362180715865e-06,0.0006255606440206313,0.09792104435677151,0.9014504264629895,25,20,20
48,6283,4.238598705110929e-09,4.659340358108503e-05,0.09314993704744134,0.9068034653103783,25,20,20
48,6284,9.158698422950237e-11,4.495653479624259e-07,0.08118957815683274,0.9188099721862321,25,20,20
48,6285,4.498532434753883e-09,1.296109279730362e-06,0.09579839234035642,0.9042003070518314,25,20,20
48,6286,6.099988938707117e-10,5.4164918864306114e-05,0.06359646732256223,0.9363493671485742,25,20,20
48,6287,2.484936478089837e-07,0.0025100584936066372,0.0606765728708306,0.9368131201419143,25,20,20
48,6288,6.773871274368263e-08,7.930743150187819e-08,0.031058655554810785,0.9689411973990448,25,20,20
48,6289,0.00013251794573680023,4.639202523919631e-11,0.06558814253878356,0.9342793394690869,25,20,20
48,6290,5.8671063902391435e-12,5.018553019127415e-11,0.0635665472543375,0.9364334526896095,25,20,20
48,6291,2.2701672022506175e-11,5.043245914846256e-11,0.06137880647088542,0.9386211934559805,25,20,20
48,6292,6.262838851324802e-12,4.849903997985575e-11,0.04737973981939374,0.9526202601258443,25,20,20
48,6293,7.582683603042093e-12,2.1185626587724568e-10,0.09776546016859065,0.9022345396119702,25,20,20
48,6294,0.0121251897305353,3.426205034488385e-09,0.11753139551513424,0.8703434113281253,25,20,20
48,6295,4.568122449747012e-07,2.9936378080975804e-05,0.12979027248522398,0.8701793343244497,25,20,20
48,6296,3.128089272743059e-07,3.0594979731264404e-05,0.1366493381164439,0.863319754094897,25,20,20
48,6297,1.0781445624833282e-05,3.0912466586024054e-05,0.13632159525992038,0.8636367108278681,25,20,20
48,6298,0.016296530768153905,2.9936360244853902e-05,0.11375910563005835,0.8699144272415426,25,20,20
48,6299,0.016296526232081485,2.1107632807552005e-08,0.10492566893215542,0.87877778372813,25,20,20
48,6300,0.0036602948367301523,3.8392636885327535e-06,0.11688787427539774,0.8794479916241837,25,20,20
48,6301,0.03858011193371497,1.2603250439997019e-08,0.0892511919441154,0.8721686835189187,25,20,20
48,6302,9.06821719559508e-06,3.4914880893297364e-07,0.12159592620242493,0.87839465643157,25,20,20
48,6303,0.01034434571171951,1.0059935239864174e-06,0.15019521232548053,0.8394594359692756,25,20,20
48,6304,0.03423501222032792,0.03117576944593596,0.08980352322802472,0.8447856951057113,25,20,20
48,6305,0.041001132716725744,0.039471878995664504,0.08973155299752313,0.8297954352900863,25,20,20
48,6306,0.030688234706755805,0.03997886485880497,0.059608924334380094,0.8697239761000591,25,20,20
48,6307,0.00012136447007768354,0.03998390132667566,0.08962004152956765,0.8702746926736785,25,20,20
48,6308,0.00012136447018544773,0.03998390127026963,0.09084294882642457,0.8690517854331198,25,20,20
48,6309,0.00012136235587431634,0.03999050322841714,0.08328904548073009,0.8765990889349783,25,20,20
48,6310,0.00012136235530926424,0.03998801084917826,0.082531726675445,0.8773589001200669,25,20,20
48,6311,0.00012136235541439843,0.039988010901541735,0.08154417047395558,0.8783464562690881,25,20,20
48,6312,0.001662393477736292,0.03990015783683241,0.07963087543973411,0.8788065732456967,25,20,20
48,6313,0.0016699813879206193,0.03990160280699321,0.07950048620377954,0.8789279296013065,25,20,20
48,6314,4.020573204620899e-10,0.04198307779936037,0.08432727135738988,0.8736896504411921,25,20,20
48,6315,6.623791353864896e-11,0.03998650676914826,0.09498403548862194,0.8650294576759916,25,20,20
48,6316,1.029544054190221e-11,0.03999059343239639,0.06798731596639913,0.8920220905909088,25,20,20
48,6317,1.0293874919855663e-11,0.0399905904392941,0.11962846448623475,0.8403809450641766,25,20,20
48,6318,0.0003319052187518018,0.03999059286410991,0.11204318036244468,0.8476343215546933,25,20,20
48,6319,0.0016261066182809386,0.03999084154310457,0.11860784983024879,0.8397752020083654,25,20,20
48,6320,0.007143384664485536,0.03999085144517139,0.09038432842719539,0.8624814354631473,25,20,20
48,6321,0.0071433846643733714,0.03999972492213943,0.09125568651967136,0.8616012038938152,25,20,20
48,6322,0.007143384685621093,0.02015657466073674,0.10991273084942614,0.8627873098042155,25,20,20
48,6323,0.005519493409189791,0.020156676450047695,0.13060357381894191,0.8437202563218203,25,20,20
48,6324,8.184610684383387e-06,0.02016711923003569,0.15423285616419646,0.8255918399950829,25,20,20
48,6325,0.00017968028236357744,0.039113142668119744,0.1271482367561431,0.8335589402933732,25,20,20
48,6326,0.005830545528792468,0.039990396182921634,0.10253694223001464,0.851642116058271,25,20,20
48,6327,0.005664142903353383,3.2307676579413063e-07,0.12442296405903862,0.8699125699608414,25,20,20
48,6328,0.002568125102205861,0.0024070162143377235,0.12470275200780012,0.8703221066756549,25,20,20
48,6329,0.0025678937273418095,0.0008612651768687925,0.12381334085467754,0.8727575002411114,25,20,20
48,6330,2.8405665227966052e-05,0.000754591296506595,0.0638380594741193,0.9353789435641459,25,20,20
48,6331,9.951724546240765e-10,1.6916687470054986e-08,0.09674731852073551,0.9032526635674042,25,20,20
48,6332,0.012198704547405454,2.297334358661254e-08,0.06563295076712991,0.922168321712121,25,20,20
48,6333,0.0054843401966432745,1.2923866138285088e-08,0.07272534878489621,0.9217902980945942,25,20,20
48,6334,1.0424544574062553e-05,3.0719658838107436e-10,0.11731174874645038,0.8826778264017792,25,20,20
48,6335,1.4433027841911034e-10,2.8151735060906722e-08,0.12436639376423103,0.8756335779397035,25,20,20
48,6336,6.1921358833634006e-12,1.4282739253522317e-08,0.076081279955946,0.9239187057551227,25,20,20
48,6337,2.666825410511651e-09,6.493919598586846e-07,0.08188850815246453,0.9181108397887502,25,20,20
48,6338,1.0152384009297405e-08,6.493869460392271e-07,0.11935766902245691,0.880641671438213,25,20,20
48,6339,1.0147764554856898e-08,1.442700996142962e-06,0.1554899247752502,0.8445086223759884,25,20,20
48,6340,7.85391173089883e-10,0.023786002155731536,0.13623972504219353,0.8399742720166833,25,20,20
48,6341,4.264211866093191e-09,0.00206908357833407,0.159218097272504,0.8387128148849495,25,20,20
48,6342,2.876959504595437e-12,0.0020363180072507482,0.19754055443986904,0.8004231275500026,25,20,20
48,6343,0.029280925954125993,1.581301181094416e-05,0.1776779273887926,0.79302533364527,25,20,20
48,6344,0.029276093203654884,0.00010967421888726374,0.21761842361440556,0.7529958089630523,25,20,20
48,6345,0.029983532146343004,5.719326501463502e-05,0.20367856926558636,0.7662807053230557,25,20,20
48,6346,0.07283166089392921,8.556227921892122e-05,0.13577198297198734,0.7913107938548637,25,20,20
48,6347,0.06808499851275975,2.730203135657352e-06,0.1374645261713735,0.7944477451127304,25,20,20
48,6348,0.042469594499961245,1.9357323594826934e-05,0.17852939054097458,0.7789816576354676,25,20,20
48,6349,0.0063480317608592095,4.2243036158347894e-08,0.223618165741276,0.7700337602548288,25,20,20
48,6350,0.00023782124359042044,5.536252392434702e-05,0.2312358864997469,0.7684709297327376,25,20,20
48,6351,1.2987475708483232e-05,5.1546775892246405e-05,0.18822949082494417,0.8117059749234552,25,20,20
48,6352,0.005575005320851933,0.029431355295596914,0.17411838508067304,0.7908752543028776,25,20,20
48,6353,0.00557500555115695,0.02956461387424653,0.16616392280049205,0.7986964577741033,25,20,20
48,6354,0.00028365508489336876,0.029431809671429443,0.17773974752014773,0.792544787723529,25,20,20
48,6355,0.010515291772780244,0.029431354662182975,0.16156847269291888,0.7984848808721168,25,20,20
48,6356,0.010629065101620752,0.03979543194807932,0.15780525029845702,0.7917702526518423,25,20,20
48,6357,0.00017933757495860854,0.0394968759363658,0.1687956647529003,0.7915281217357744,25,20,20
48,6358,0.00133930059077229,0.040016430752279446,0.1736117692231711,0.785032499433777,25,20,20
48,6359,0.02662338375480531,0.040026560824831685,0.15588665347603328,0.7774634019443291,25,20,20
48,6360,0.02695155443273332,0.03951663278652891,0.16428130011704797,0.7692505126636897,25,20,20
48,6361,6.75654977905803e-07,0.023551164681664263,0.1919254543932513,0.7845227052701058,25,20,20
48,6362,1.2233345167247008e-05,0.02363500544577441,0.1931177426388562,0.783235018570202,25,20,20
48,6363,0.0103358697007329,0.0001350788498519326,0.2036375114182828,0.7858915400311315,25,20,20
48,6364,0.022013265512352408,5.6478378290218964e-05,0.23472880961818823,0.7432014464911683,25,20,20
48,6365,0.048425325872668186,1.003936121949815e-05,0.19857069420136286,0.7529939405647488,25,20,20
48,6366,0.04879277305555524,7.962337341922569e-06,0.24487656346297482,0.7063227011441277,25,20,20
48,6367,0.07768949554907416,0.0007041070463665602,0.24134696908858977,0.680259428315967,25,20,20
48,6368,0.03366469729425294,0.0007618851095972558,0.2435159588729167,0.722057458723232,25,20,20
48,6369,0.04955966184516512,0.001826663512148902,0.2431537789813526,0.7054598956613326,25,20,20
48,6370,0.04955949933696033,5.889506206516429e-05,0.24338770668738186,0.7069938989135935,25,20,20
48,6371,0.04238573737937493,4.452554203080561e-05,0.27918130123459006,0.6783884358440032,25,20,20
48,6372,0.0038371872307649147,0.00014294716918096124,0.33041055129106633,0.6656093143089873,25,20,20
48,6373,0.0038493448518355853,0.04102984993979014,0.25146056674781314,0.7036602384605601,25,20,20
48,6374,0.00024680884674055853,0.03981719491130378,0.20904488838442276,0.7508911078575324,25,20,20
48,6375,0.00023361319482396794,0.039339963767854404,0.20087423970017965,0.759552183337142,25,20,20
48,6376,0.00013822656255996365,0.039357297237643835,0.20089417531076983,0.7596103008890269,25,20,20
48,6377,0.00025262891796876797,0.04002046443799825,0.19975120936593263,0.7599756972781008,25,20,20
48,6378,6.480107320587264e-06,0.04016398623095294,0.18954511584126968,0.7702844178204566,25,20,20
48,6379,1.1447789077257624e-07,0.06930727791061372,0.17724978946418557,0.7534428181473096,25,20,20
48,6380,1.4625543614221455e-06,0.06031391849075292,0.18651262125716486,0.7531719976977206,25,20,20
48,6381,0.0003223917115917421,0.06029976373818293,0.17981512209065095,0.7595627224595741,25,20,20
48,6382,0.012659730952989024,0.060300853078471384,0.22508854220548585,0.7019508737630527,25,20,20
48,6383,0.012659721745935128,0.039997709450343484,0.23057000883634957,0.7167725599673715,25,20,20
48,6384,7.868369061880406e-06,0.030362511542949666,0.2507590768754024,0.7188705432125849,25,20,20
48,6385,0.0016362943429419996,0.029965627318983324,0.24669439076916358,0.7217036875689108,25,20,20
48,6386,0.0016669380820129069,0.040118160904917065,0.1995948621486159,0.7586200388644534,25,20,20
48,6387,0.003291121694430047,0.03177216759988643,0.2150515154322164,0.7498851952734665,25,20,20
48,6388,6.284427648101502e-06,0.04116514634411352,0.16926130411330753,0.7895672651149301,25,20,20
48,6389,0.007709298887056111,0.06234938603006558,0.130816486417225,0.7991248286656526,25,20,20
48,6390,0.007713617789163078,0.04183128344096082,0.16072749581244788,0.7897276029574275,25,20,20
48,6391,0.00819685503063548,0.0395026661929655,0.16478572644894868,0.7875147523274495,25,20,20
48,6392,0.033322822535416484,0.06265326924414541,0.14083369378588573,0.763190214434552,25,20,20
48,6393,0.04055248248590514,0.05475041854064305,0.1388272641160682,0.7658698348573832,25,20,20
48,6394,0.040160652755606124,0.07404582945964072,0.09976082601076774,0.7860326917739845,25,20,20
48,6395,0.038358010384876136,0.08226787027976795,0.09351086156019245,0.7858632577751625,25,20,20
48,6396,0.07353624623476702,0.08225412662450267,0.07407225941023685,0.7701373677304935,25,20,20
48,6397,0.03493741685650968,0.08226905813977747,0.11253900615642352,0.7702545188472893,25,20,20
48,6398,0.00031874832617079284,0.07916569343239337,0.07670113194676093,0.8438144262946746,25,20,20
48,6399,0.0003187639039589276,0.07915390958724874,0.06921349122795532,0.851313835280837,25,20,20
48,6400,0.0002872900922350112,0.07949370176238577,0.057103305932283084,0.8631157022130961,25,20,20
48,6401,0.013157938891283853,0.042535807386208456,0.0732216761961067,0.8710845775264004,25,20,20
48,6402,0.00023615676444358017,0.005095953708876278,0.1628912433645927,0.8317766461620867,25,20,20
48,6403,0.0002936845570427761,0.0027482018688856965,0.1561593296446101,0.8407987839294608,25,20,20
48,6404,0.0002362790035672144,1.4453428348331543e-05,0.16491525362371193,0.8348340139443726,25,20,20
48,6405,7.088072278497312e-07,3.8395004405250695e-10,0.16094582838009852,0.8390534624287233,25,20,20
48,6406,6.785959191041111e-06,2.2635636289443398e-10,0.21866556174214313,0.7813276520723094,25,20,20
48,6407,2.491664990300143e-06,6.253511125311945e-06,0.22995332569790178,0.7700379291259817,25,20,20
48,6408,0.001936581661484213,7.694572433276008e-06,0.2753373295796859,0.7227183941863957,25,20,20
48,6409,0.04052803329553649,9.723051703297776e-07,0.22968873348757163,0.7297822609117199,25,20,20
48,6410,0.04190836801726236,1.7365845438686267e-06,0.19946198143483648,0.758627913963356,25,20,20
48,6411,0.04333665079499637,1.1120418560032852e-05,0.1834090299606492,0.7732431988257928,25,20,20
48,6412,0.040162472058804556,0.016705628519206844,0.17488466313641746,0.7682472362855698,25,20,20
48,6413,0.00022480978895206605,0.016705400672883335,0.25459178369729046,0.7284780058408724,25,20,20
48,6414,0.00022548888872947901,0.038671102548188424,0.2472586552537218,0.7138447533093586,25,20,20
48,6415,0.006953470694753094,0.03993591324439422,0.28866983800366264,0.6644407780571882,25,20,20
48,6416,0.00862722103812295,0.04000479713560953,0.24695038920349627,0.704417592622771,25,20,20
48,6417,0.00016477040782608007,0.040037479441286834,0.24646788668448696,0.7133298634663997,25,20,20
48,6418,6.447316997512157e-06,0.04103815659055662,0.21181615776116086,0.7471392383312845,25,20,20
48,6419,0.00018945093739305405,0.04006018739465067,0.20058685012280414,0.7591635115451509,25,20,20
48,6420,0.005270874701246641,0.040008418759745874,0.17188622892305858,0.7828344776159482,25,20,20
48,6421,0.04422299080391283,0.040014702368148816,0.13402122585531512,0.7817410809726231,25,20,20
48,6422,0.038422417542283774,0.040014380604729734,0.1291921976150488,0.792371004237937,25,20,20
48,6423,0.02867383624960489,0.03999662025526316,0.1323200215261148,0.7990095219690171,25,20,20
48,6424,0.013708756510768562,0.039339412905488945,0.14811283253375937,0.7988389980499824,25,20,20
48,6425,0.0004510450294310812,0.03949999431934329,0.16125111941326842,0.7987978412379563,25,20,20
48,6426,0.00045096621032541,0.03949973610139266,0.1618788704445225,0.7981704272437595,25,20,20
48,6427,0.01330203400135013,0.039487830523631924,0.16460065527047632,0.7826094802045409,25,20,20
48,6428,0.026121217231099267,0.04003346444260451,0.1344861014852939,0.799359216841002,25,20,20
48,6429,0.05289054675035412,0.03935782957944504,0.1173623747360351,0.7903892489341656,25,20,20
48,6430,0.0036778241904793763,0.03961520724819047,0.19391187966159698,0.762795088899733,25,20,20
48,6431,0.0036778699645744523,0.034857650727422786,0.20646357459533074,0.7550009047126707,25,20,20
48,6432,4.150248431224607e-06,0.029978811652266377,0.21947398488990164,0.7505430532094002,25,20,20
48,6433,1.3628056790196137e-06,0.03914610035106363,0.20991338978597046,0.7509391470572858,25,20,20
48,6434,0.0005473057163620451,0.022845366991067997,0.22785534720362435,0.7487519800889448,25,20,20
48,6435,5.9668250285799515e-06,0.03946955204589065,0.21670358292712227,0.7438208982019574,25,20,20
48,6436,3.980230040948077e-06,0.040012950499032224,0.1754126739188084,0.7845703953521179,25,20,20
48,6437,2.5904750396156847e-06,0.04000109575159281,0.16496697702366891,0.7950293367496981,25,20,20
48,6438,1.0561926797439626e-06,0.03936554944457984,0.1376389910362175,0.8229944033265225,25,20,20
48,6439,7.963435095367025e-05,0.039365791960907406,0.14794606039167055,0.8126085132964685,25,20,20
48,6440,4.896013108493117e-08,0.07191369036014027,0.09608936289441736,0.8319968977853107,25,20,20
48,6441,1.7542950812776984e-09,0.07975598720180259,0.08132948451696363,0.8389145265269383,25,20,20
48,6442,1.9602122403584056e-09,0.07999764386029365,0.057165468233475965,0.8628368859460177,25,20,20
48,6443,1.6947405927580328e-09,0.08001846013481309,0.04125192501341256,0.8787296131570338,25,20,20
48,6444,3.4388819077144334e-09,0.07176409227541859,0.05019659853486097,0.8780393057508378,25,20,20
48,6445,3.4719559940002614e-09,0.07176409545611763,0.04989748153886835,0.8783384195330579,25,20,20
48,6446,0.0001763165095032007,0.039999631614675256,0.08211100634543043,0.8777130455303905,25,20,20
48,6447,0.00017631647713011605,0.039990546623112994,0.11495117700299519,0.8448819598967613,25,20,20
48,6448,1.5793855014173898e-06,0.03929352522277193,0.08165640495131722,0.8790484904404091,25,20,20
48,6449,6.909567116536794e-05,0.03998153497516566,0.09722129364121977,0.8627280757124486,25,20,20
48,6450,0.004313832451382486,0.04018806328350047,0.11348722399614529,0.8420108802689716,25,20,20
48,6451,0.03840831564068415,0.041805351616004544,0.06744761482585718,0.8523387179174542,25,20,20
48,6452,0.03857796987611786,0.04061534420303878,0.05826502487345346,0.8625416610473897,25,20,20
48,6453,0.0359591224230945,0.039569712940475406,0.05325521546927436,0.8712159491671556,25,20,20
48,6454,0.03992442698840049,0.03191502935197471,0.07237693988891097,0.8557836037707135,25,20,20
48,6455,2.6287736606859867e-07,0.0400230338980099,0.08624703225986811,0.8737296709647553,25,20,20
48,6456,2.79841614433631e-07,0.0508048381437587,0.07741295449864262,0.871781927515984,25,20,20
48,6457,0.0001697774932249335,0.039984776830127126,0.0863614694247902,0.8734839762518573,25,20,20
48,6458,0.00016977750540376018,0.03997472312985899,0.1270444699695876,0.8328110293951493,25,20,20
48,6459,0.00016977843660987438,0.039974720051868626,0.12041909237386923,0.8394364091376518,25,20,20
48,6460,0.005632400121916717,0.03999721521158777,0.1141306951642009,0.840239689502294,25,20,20
48,6461,0.005632360914781901,0.03999720972070093,0.11518008399819418,0.8391903453663225,25,20,20
48,6462,5.367812121094627e-08,0.03999720984680545,0.12127663272837857,0.8387261037466942,25,20,20
48,6463,0.0070655613855451094,0.03999661075962749,0.08466794380104359,0.8682698840537836,25,20,20
48,6464,0.007065546866641344,0.03947967824798626,0.08222233596170224,0.8712324389236702,25,20,20
48,6465,2.1695188323888676e-06,0.0414053372001365,0.08697343827283406,0.8716190550081966,25,20,20
48,6466,6.0832527043438504e-05,0.03998835026736921,0.081529542442754,0.8784212747628329,25,20,20
48,6467,0.03961219083582809,0.039988521694481347,0.07516098197238938,0.8452383054973008,25,20,20
48,6468,0.00017673636389445405,0.0007562798432125162,0.16881438367543575,0.8302526001174564,25,20,20
48,6469,0.0001767219121108509,0.0007562773418298746,0.19204098742029208,0.8070260133257665,25,20,20
48,6470,0.00013129611635975656,9.295503544691398e-05,0.20603372061665476,0.7937420282315385,25,20,20
48,6471,0.0008249914238117141,8.235017141008134e-05,0.15482505375487973,0.8442676046498986,25,20,20
48,6472,0.00011980120288119082,5.804365431672496e-05,0.16770233223660255,0.8321198229061991,25,20,20
48,6473,0.0012431393674383372,4.144960789275635e-05,0.18302333121173198,0.8156920798129365,25,20,20
48,6474,0.0012363420373295718,0.0013285773688153342,0.12732242884189718,0.8701126517519578,25,20,20
48,6475,0.002600821054403564,0.0014813806044460297,0.12524628121809042,0.87067151712306,25,20,20
48,6476,0.03144641625409632,0.0013248906881459693,0.08841179391399315,0.8788168991437644,25,20,20
48,6477,0.0314464162387563,0.0013249047133049266,0.09726338633273962,0.8699652927151983,25,20,20
48,6478,0.03144660407601719,0.0013255363236959112,0.12809293439376196,0.8391349252065241,25,20,20
48,6479,0.03144683426057351,2.236966091231099e-06,0.1290912227820364,0.839459705991298,25,20,20
48,6480,0.03901450055768577,2.3788140882321047e-06,0.16654817512261544,0.7944349455056107,25,20,20
48,6481,0.03716028534498472,4.891099589910139e-05,0.12365532365161913,0.8391354800074964,25,20,20
48,6482,0.03981020575816928,0.025047197476793185,0.0942668988721459,0.8408756978928912,25,20,20
48,6483,0.005612861257803845,0.022890780086746797,0.13084423346633756,0.8406521251891118,25,20,20
48,6484,0.00788854608056397,0.06881112934030673,0.0890668853760996,0.8342334392030298,25,20,20
48,6485,0.007703676970116812,0.06877968879211224,0.08338960271726371,0.8401270315205075,25,20,20
48,6486,0.0077036777522742185,0.07980265568646679,0.07702231045249758,0.8354713561087611,25,20,20
48,6487,0.00011780158105832092,0.07999534336819923,0.1063114870471118,0.8135753680036301,25,20,20
48,6488,0.040077750468643904,0.04039213392820439,0.099787675612716,0.8197424399904351,25,20,20
48,6489,0.00045584401803348373,0.04000005994918541,0.13793833512192452,0.8216057609108565,25,20,20
48,6490,0.00033516598790953836,0.04000686798982921,0.1577681627923489,0.8018898032299123,25,20,20
48,6491,0.0004959462595837143,0.022859534086099535,0.20102077552097267,0.7756237441333438,25,20,20
48,6492,0.0054094408367924675,0.03880791931270965,0.17049024013142575,0.7852923997190718,25,20,20
48,6493,0.005408680611626531,0.03880761616054214,0.1558215921046238,0.799962111123207,25,20,20
48,6494,6.599397300850497e-06,0.038807148085115414,0.16181401573926735,0.7993722367783158,25,20,20
48,6495,2.7651224585607263e-05,0.03999246862290396,0.1616979740893791,0.798281906063131,25,20,20
48,6496,0.006165133382508467,0.03998803405042789,0.15502002483442476,0.7988268077326385,25,20,20
48,6497,0.006321573318176061,0.04036101962575187,0.1541441896918549,0.799173217364217,25,20,20
48,6498,0.013229121194663325,0.03933154498620991,0.15530623697224705,0.7921330968468796,25,20,20
48,6499,0.012925835536154512,0.039335712362925525,0.15530942115840257,0.7924290309425175,25,20,20
48,6500,0.03619438035279653,0.03895405552007741,0.14897483359342312,0.7758767305337025,25,20,20
48,6501,0.03381588736148702,0.038959775357886334,0.16487818943484847,0.7623461478457777,25,20,20
48,6502,0.0669605590643764,0.03932221764715336,0.10268709400152273,0.791030129286947,25,20,20
48,6503,0.03854294681934367,0.0393387260294109,0.13903628184432903,0.7830820453069157,25,20,20
48,6504,0.04922745582863426,0.040000531573575436,0.10314048935930434,0.8076315232384852,25,20,20
48,6505,0.07487300496293134,4.782659150592201e-05,0.11727202600920891,0.8078071424363533,25,20,20
48,6506,0.07487304552963629,6.880340297713599e-05,0.11781634353298516,0.8072418075344011,25,20,20
48,6507,0.07987821832527921,0.000666316663381672,0.12179341119031659,0.797662053821022,25,20,20
48,6508,0.08074458608258102,7.906889911817273e-07,0.1189785017247732,0.8002761215036536,25,20,20
48,6509,0.047930602042596124,4.357632248022959e-05,0.1306667120009748,0.8213591096339482,25,20,20
48,6510,0.03343078724492012,6.636539299677341e-05,0.1764369729284464,0.7900658744336359,25,20,20
48,6511,0.06896131750144395,4.912322025534883e-05,0.15053001808719965,0.7804595411911002,25,20,20
48,6512,0.07243932165740888,1.0528551984977782e-06,0.12761767808704477,0.7999419474003474,25,20,20
48,6513,0.040632312786304754,1.7630244529726534e-05,0.16540200303788644,0.7939480539312791,25,20,20
48,6514,0.027196386573733414,5.5681868003906054e-05,0.18090371385112072,0.7918442177071414,25,20,20
48,6515,0.03865529379825065,3.7357609533067555e-05,0.12194564141478366,0.8393617071774324,25,20,20
48,6516,0.0004736591465814042,1.4953652388203903e-08,0.1596128694959182,0.8399134564038484,25,20,20
48,6517,0.0004736591875477493,1.469296440815173e-08,0.16738736447629077,0.8321389616431965,25,20,20
48,6518,0.0004597412039316564,0.0025644967483218232,0.1339813325761352,0.862994429471611,25,20,20
48,6519,2.120361676674214e-06,3.309904601464148e-09,0.12715266038682035,0.8728452159415981,25,20,20
48,6520,5.726613723103741e-06,3.3666979850920113e-07,0.12078932012905728,0.879204616587421,25,20,20
48,6521,0.00015887439515395351,0.0005405980682331485,0.09506685122224143,0.9042336763143708,25,20,20
48,6522,0.0001588622935089072,0.0005405973543412965,0.13489267323982904,0.8644078671123203,25,20,20
48,6523,0.0031912858050281217,0.00036241407255875645,0.12415924351793052,0.8722870566044825,25,20,20
48,6524,0.0031913337165939333,0.00037178103951333077,0.12416403925282246,0.8722728459910702,25,20,20
48,6525,0.007608152920265091,9.367206730636523e-06,0.11420620857356434,0.8781762712994399,25,20,20
48,6526,0.03646228571155955,3.050365972454365e-08,0.06383358299857593,0.8997041007862048,25,20,20
48,6527,0.028870963306455447,2.3599184596777163e-06,0.13993130273062018,0.8311953740444642,25,20,20
48,6528,0.060568355837510406,1.5701316054978049e-06,0.0873882362964475,0.8520418377344364,25,20,20
48,6529,0.06056368253387873,1.7848286148370687e-06,0.12696675530187732,0.8124677773356288,25,20,20
48,6530,0.07218662139282628,2.1545470695037082e-07,0.08499839882920295,0.8428147643232633,25,20,20
48,6531,0.005733663019109093,2.1490815552587523e-07,0.12172719350781441,0.8725389285649203,25,20,20
48,6532,9.369247949623823e-07,8.128720429666319e-07,0.12190418391246784,0.8780940662906933,25,20,20
48,6533,0.0015325244021712299,3.0118293522233763e-07,0.08774740751620741,0.9107197668986856,25,20,20
48,6534,0.0015333801405541703,8.205431573314056e-06,0.04881356760680656,0.9496448468210658,25,20,20
48,6535,0.0015333801405453928,8.199058365655295e-06,0.04825404717280469,0.9502043736282836,25,20,20
48,6536,0.00011494119313715629,7.870710054692591e-11,0.049276951901417176,0.9506081068267386,25,20,20
48,6537,0.0004429225813730629,1.6734916129349713e-08,0.04763514915719558,0.9519219115265152,25,20,20
48,6538,0.000442925813968326,1.692834908557344e-08,0.1136136285442257,0.8859434287134565,25,20,20
48,6539,4.309149510445083e-10,5.078501088090168e-11,0.05165058416574261,0.9483494153525568,25,20,20
48,6540,0.010512723943535626,1.2124220918394916e-10,0.031787789141575,0.9576994867936469,25,20,20
48,6541,0.03896308884454682,1.4974522092919742e-11,0.002907899853396958,0.9581290112870815,25,20,20
48,6542,0.03834525574555168,2.7829901361189275e-08,0.012761101806907099,0.9488936146176397,25,20,20
48,6543,0.03834525574922313,2.5350267116620966e-08,0.002631972103799947,0.9590227467967094,25,20,20
48,6544,0.03853370088426598,2.2762033135546957e-10,0.004065177813686989,0.9574011210744264,25,20,20
48,6545,0.038533700884095023,2.2859780281622331e-10,0.010226977012639037,0.951239321874668,25,20,20
48,6546,0.005507684380953725,6.120456884739269e-09,0.04499256196832215,0.9494997475302671,25,20,20
48,6547,1.65266154366613e-05,7.380617312271839e-07,0.04106976517657951,0.958912970146252,25,20,20
48,6548,4.395360839916127e-08,2.7996292262780316e-09,0.016949163339873796,0.9830507899068885,25,20,20
48,6549,4.3953366036085484e-08,2.7002844008576377e-09,0.009920366819898739,0.9900795865264507,25,20,20
48,6550,7.980783059593112e-13,1.164915784315001e-10,0.0014413846723182674,0.9985586152103921,25,20,20
48,6551,3.071657406382684e-13,4.0791637940509775e-12,0.0008452446665565857,0.9991547553290572,25,20,20
48,6552,9.976846471857283e-14,2.656420732915178e-12,0.016890306316075635,0.983109693681168,25,20,20
48,6553,1.6199456964258346e-11,3.1481028777443623e-09,0.03327768691770745,0.9667223099179901,25,20,20
48,6554,3.00378054161812e-13,6.06274983775298e-11,0.0018664297292964982,0.9981335702097754,25,20,20
48,6555,2.9520666790716027e-13,5.965100689629103e-11,0.0008686403903070797,0.9991313595497465,25,20,20
48,6556,5.809104917545729e-12,5.972449378132888e-11,0.0012922383066643762,0.9987077616278022,25,20,20
48,6557,4.041988468395105e-15,3.324712339228517e-09,0.0016146899624912777,0.9983853067127921,25,20,20
48,6558,9.384051079250997e-13,2.2373924204604615e-05,0.05494091077582705,0.9450367152990298,25,20,20
48,6559,1.7740980697160908e-11,2.2263601784843508e-05,0.03952685133456843,0.9604508850459059,25,20,20
48,6560,2.5222178372983156e-08,7.481918083189421e-09,0.040756700259814954,0.959243267036088,25,20,20
48,6561,2.520581501283577e-08,4.162331055276312e-09,0.09694043925573861,0.9030595313761149,25,20,20
48,6562,4.077110269418301e-06,2.514461512199759e-07,0.09084432008292102,0.9091513513606578,25,20,20
48,6563,0.039902613372493435,6.0739008138502304e-09,0.05171196792332691,0.9083854126302784,25,20,20
48,6564,0.03990261337250015,6.130405532964253e-09,0.04153077837001347,0.9185666021270804,25,20,20
48,6565,0.07852361635209414,7.876297610314213e-12,0.001768311477565309,0.9197080721624644,25,20,20
48,6566,0.04861668482629437,1.5594304334229594e-05,0.049524657145508126,0.9018430637238631,25,20,20
48,6567,0.07842395424650095,4.692839644481118e-11,0.021243915659171754,0.9003321300473986,25,20,20
48,6568,0.06919684433025909,4.789978286561254e-06,0.06639286555203505,0.8644055001394192,25,20,20
48,6569,0.07010963759234076,3.27265157402438e-06,0.06531616764247865,0.8645709221136063,25,20,20
48,6570,0.06493516256170392,7.898607261063755e-05,0.04367124666056456,0.8913146047051211,25,20,20
48,6571,0.06493516256141248,7.898603981025376e-05,0.015998882091719974,0.9189869693070577,25,20,20
48,6572,0.06493516256140727,7.898603972471663e-05,0.014966735835173394,0.920019115563695,25,20,20
48,6573,0.07901316848299533,5.513821191722259e-09,0.05042977732514437,0.870557048678039,25,20,20
48,6574,0.008752692432160213,2.6088690671084132e-05,0.12071347885629333,0.8705077400208745,25,20,20
48,6575,0.04814691714929146,2.6090989448485346e-05,0.0966859761299649,0.8551410157312938,25,20,20
48,6576,0.03940752911792292,2.6361543762905047e-09,0.05812301904850003,0.9024694491974228,25,20,20
48,6577,0.014479510223534641,2.1673889470471252e-09,0.07648699804017454,0.9090334895689017,25,20,20
48,6578,0.014479510223249892,2.112448531466952e-09,0.0756992850564032,0.9098212026078982,25,20,20
48,6579,0.0002184269810554347,1.4554733900855057e-07,0.0980858221131818,0.9016956053584227,25,20,20
48,6580,0.00021842697323667932,2.561206566161534e-10,0.08785309384255478,0.9119284789280876,25,20,20
48,6581,0.0024613999425162035,1.6446925687527528e-10,0.1411224437183267,0.8564161561746876,25,20,20
48,6582,0.04431893672130489,9.701854493483125e-10,0.08314370691712171,0.8725373553913875,25,20,20
48,6583,0.005906412339112687,2.126136482928993e-09,0.1294552696832491,0.8646383158515012,25,20,20
48,6584,1.0594992264068267e-07,1.2190393389461554e-08,0.16567936596980848,0.8343205158898749,25,20,20
48,6585,0.01219765466887694,3.67291359787034e-08,0.14848823913693998,0.839314069465047,25,20,20
48,6586,0.00014953357698486983,0.0005123461759109402,0.1691954313681451,0.8301426888789588,25,20,20
48,6587,2.3796481138728332e-07,2.0259873730245856e-05,0.16286243728341276,0.8371170648780449,25,20,20
48,6588,1.7662459261615583e-06,1.9094833926972524e-05,0.14258358638520657,0.85739555253494,25,20,20
48,6589,3.3961434498201404e-06,1.707515864903027e-05,0.1230666027597791,0.8769129259381213,25,20,20
48,6590,0.0058655000603714145,1.2269546900087001e-06,0.11464394122056401,0.8794893317643739,25,20,20
48,6591,0.00012976905243229124,0.0022906185047470444,0.11905825713579762,0.8785213553070228,25,20,20
48,6592,9.023647748075661e-13,1.577098963448426e-08,0.0819433090407214,0.9180566751873863,25,20,20
48,6593,5.975255790569707e-06,0.0310102958717898,0.09081894585550412,0.8781647830169154,25,20,20
48,6594,4.1517075136423e-09,0.03931882521945199,0.042052433350389024,0.9186287372784508,25,20,20
48,6595,8.641875257958364e-13,0.03931804746956767,0.043444768641736166,0.9172371838878318,25,20,20
48,6596,2.005264883117586e-08,0.03999966069752439,0.041738385935028176,0.9182619333147981,25,20,20
48,6597,7.457969782901123e-05,0.039765377348829,0.04255599103429899,0.9176040519190428,25,20,20
48,6598,7.775505798442404e-05,0.03975472442289424,0.06306225976903296,0.8971052607500879,25,20,20
48,6599,7.775504138582047e-05,0.039331282252041015,0.09202495124338596,0.8685660114631867,25,20,20
48,6600,1.1849394138323213e-07,0.03933191926385854,0.08555282681376739,0.8751151354284323,25,20,20
48,6601,2.800698851856303e-05,0.03999231660575328,0.06166465015884638,0.8983150262468813,25,20,20
48,6602,1.2288497867186363e-12,1.2589763892053957e-07,0.09910703767584715,0.9008928364252852,25,20,20
48,6603,8.599840248112035e-13,0.0020607131704722687,0.09720199385420722,0.9007372929744603,25,20,20
48,6604,6.713066040296021e-12,1.1894663520125917e-08,0.04265241994623674,0.9573475681523865,25,20,20
48,6605,0.036019145157030315,1.8865128376819968e-06,0.05151038683929447,0.9124685814908371,25,20,20
48,6606,1.5101620675020862e-09,0.03947154384607973,0.041165444284485646,0.9193630103592725,25,20,20
48,6607,2.0031466262316664e-09,0.04000269292562214,0.04043987939831326,0.919557425672918,25,20,20
48,6608,1.089029048828996e-09,0.056809521246919695,0.023779112969837226,0.9194113646942143,25,20,20
48,6609,6.293684404335635e-12,0.07980535121170057,0.0018543113766360765,0.9183403374053698,25,20,20
48,6610,6.187865400123077e-12,0.0798055803773695,0.0034415041312787775,0.9167529154851638,25,20,20
48,6611,1.2288609089025941e-14,0.07931877005371085,0.003367502528210738,0.9173137274180657,25,20,20
48,6612,1.1057765558772086e-08,0.05984234019341896,0.020952696812600216,0.9192049519362148,25,20,20
48,6613,0.004022079192625264,0.039712438902489426,0.0373490278722782,0.9189164540326067,25,20,20
48,6614,3.88819446079776e-08,0.0646660915356857,0.032721467461763874,0.9026124021206055,25,20,20
48,6615,3.888222633986374e-08,0.04752163179129462,0.03408507400166833,0.9183932553248105,25,20,20
48,6616,7.49465354880253e-13,0.0420943801366373,0.04756235145000889,0.910343268412604,25,20,20
48,6617,1.03315822873454e-11,0.06607491300985187,0.023751638676929504,0.9101734483028868,25,20,20
48,6618,7.402369540499684e-05,0.03999434868054642,0.07636199424566263,0.8835696333783858,25,20,20
48,6619,7.402369528214546e-05,0.04000356610981732,0.07430712756599647,0.8856152826289038,25,20,20
48,6620,9.304082115399332e-06,0.039976659437856554,0.04985641142501434,0.9101576250550133,25,20,20
48,6621,9.305279674357945e-06,0.03997665951114747,0.09616049061463432,0.8638535445945433,25,20,20
48,6622,9.305285622444397e-06,3.862518689833709e-05,0.1356515868134141,0.8643004827140643,25,20,20
48,6623,0.01565969072680946,6.19459260705212e-05,0.12115844973000602,0.8631199136171134,25,20,20
48,6624,0.015659054692858956,1.8677691687460286e-05,0.10583282271194239,0.8784894449035108,25,20,20
48,6625,0.01566028468372919,0.0020235788079032064,0.1405994023998142,0.841716734108553,25,20,20
48,6626,0.01566035688803866,6.7498264158731e-05,0.23851200358887684,0.7457601412589248,25,20,20
48,6627,0.01566268159542433,4.5319263429028514e-05,0.23997203379384804,0.7443199653472974,25,20,20
48,6628,0.01566142127174857,7.500745383281223e-05,0.22430485856647642,0.7599587127079412,25,20,20
48,6629,0.0005043212872252926,2.0162789950828852e-05,0.2389734492104085,0.7605020667124148,25,20,20
48,6630,1.0992157704794421e-05,6.692783523999265e-07,0.23866789727359808,0.7613204412903438,25,20,20
48,6631,0.0033115534620259904,1.829148287446792e-06,0.2373221086151772,0.7593645087745093,25,20,20
48,6632,0.00864496682184939,1.1869941475756079e-06,0.24789069015544393,0.7434631560285578,25,20,20
48,6633,0.008630729014972048,6.959987838365119e-07,0.23179280950429562,0.7595757654819478,25,20,20
48,6634,0.0767189724312209,0.021243255199318675,0.15810724301147794,0.7439305293579827,25,20,20
48,6635,0.07378001001306916,0.03977188012385011,0.1337897558026133,0.752658354060467,25,20,20
48,6636,0.07571172690633986,0.02031613155525474,0.20049196430743596,0.7034801772309689,25,20,20
48,6637,0.03891689916178806,2.6669521222854413e-05,0.20239247554214373,0.7586639557748447,25,20,20
48,6638,0.05079165544138154,2.620583388524371e-05,0.19057049799059597,0.7586116407341364,25,20,20
48,6639,0.011082054343718204,4.021695465783933e-06,0.24267755488668066,0.7462363690741352,25,20,20
48,6640,0.000623021739303967,1.1343516637371801e-05,0.227938942805702,0.7714266919383556,25,20,20
48,6641,0.032595769964781876,0.028453800987175946,0.15183785824282905,0.7871125708052124,25,20,20
48,6642,0.032389676605442015,0.026498119056527297,0.1547297205367044,0.7863824838013254,25,20,20
48,6643,2.1420024532753906e-06,0.026479363167309467,0.14612687192660348,0.827391622903633,25,20,20
48,6644,1.1123221805470733e-07,0.033553405972921946,0.1392435895484369,0.8272028932464227,25,20,20
48,6645,1.4424422799966178e-07,0.00042757294412701575,0.16060009538955394,0.8389721874220902,25,20,20
48,6646,0.0013603332423800252,0.0020625193081223094,0.142364814121079,0.8542123333284185,25,20,20
48,6647,6.039662087327409e-06,0.009435773123838214,0.12701153131023477,0.8635466559038395,25,20,20
48,6648,4.205372224146137e-06,1.0686437109661466e-05,0.13626272916622323,0.8637223790244428,25,20,20
48,6649,0.03706721011184968,1.7496642469325512e-05,0.09891381192893918,0.8640014813167416,25,20,20
48,6650,0.046121095550363325,1.749613956380094e-05,0.07429425333058874,0.8795671549794841,25,20,20
48,6651,0.03988013401736709,9.392820893191658e-07,0.09405631201336925,0.8660626146871745,25,20,20
48,6652,0.0003663121786295543,0.0012783289329270512,0.13416225884669475,0.8641931000417487,25,20,20
48,6653,5.74419172152489e-07,7.838228632932771e-07,0.13430009998952028,0.865698541768444,25,20,20
48,6654,0.0003318621575338948,1.5329471642686396e-06,0.1271449970262247,0.872521607869077,25,20,20
48,6655,0.00033186208034577164,1.5318687973411799e-06,0.12803073908041687,0.8716358669704395,25,20,20
48,6656,0.0003318627251150515,1.5315071276091954e-06,0.15097257162631753,0.8486940341414391,25,20,20
48,6657,2.3274019043372084e-07,0.0019024485787188618,0.15001806273349927,0.8480792559475908,25,20,20
48,6658,0.004415154602830438,0.02030885895269031,0.11771392291394892,0.85756206353053,25,20,20
48,6659,0.022102629569792472,0.03936913843822364,0.0592570739510258,0.8792711580409583,25,20,20
48,6660,0.02210262958551133,0.0399798041663691,0.06283904730990311,0.8750785189382166,25,20,20
48,6661,0.02222296338863642,0.039980143120593545,0.05895367382674543,0.8788432196640246,25,20,20
48,6662,0.004491920156430951,0.03997909368301432,0.08429971868803315,0.8712292674725209,25,20,20
48,6663,0.004491920155912672,0.029970880162983257,0.08733893759707229,0.8781982620840314,25,20,20
48,6664,0.00449190598655952,0.0394812919828114,0.10093926015356787,0.8550875418770605,25,20,20
48,6665,0.0055718783512115795,0.039471996403177737,0.12989419708512767,0.8250619281604825,25,20,20
48,6666,0.006880398344439343,0.00019837201212631283,0.16403928657988473,0.8288819430635486,25,20,20
48,6667,0.06899115299327291,2.8633836084922924e-09,0.12358773477933765,0.8074211093640057,25,20,20
48,6668,0.04296224840188509,3.5060896079886436e-06,0.16029089883170006,0.7967433466768062,25,20,20
48,6669,0.03652219634855782,3.710827656047436e-06,0.14088520778989624,0.8225888850338905,25,20,20
48,6670,0.037448632713719655,3.586638005860572e-05,0.1367003842371804,0.8258151166690414,25,20,20
48,6671,0.07913466219211736,1.348747684405349e-07,0.08323157124627395,0.8376336316868402,25,20,20
48,6672,0.037259195779233284,6.177027121415188e-09,0.12437554739692402,0.8383652506468151,25,20,20
48,6673,0.03497389263641987,0.00022511881629429432,0.13295137912993563,0.8318496094173503,25,20,20
48,6674,0.033063474161658966,2.699394189790843e-07,0.1771505640106588,0.7897856918882633,25,20,20
48,6675,0.03301321094539301,6.477022273341455e-09,0.1662666618000511,0.8007201207775325,25,20,20
48,6676,0.03304317328288872,1.4556261337077945e-07,0.14345285385720297,0.8235038272972952,25,20,20
48,6677,0.036567346020576555,9.081213759891117e-07,0.12874965218250126,0.8346820936755462,25,20,20
48,6678,0.041278224136554346,1.7691489025318518e-05,0.11166368852617609,0.8470403958482444,25,20,20
48,6679,0.041324412011571096,1.7678288728929287e-05,0.11314303381142367,0.8455148758882767,25,20,20
48,6680,0.04129309810041233,3.73032467861988e-09,0.12315069015445847,0.8355562080148041,25,20,20
48,6681,0.036052185818683295,1.3045567464964073e-05,0.17536989421875104,0.7885648743951004,25,20,20
48,6682,0.03999950691630363,2.6329617158179123e-05,0.20756869427780006,0.7524054691887377,25,20,20
48,6683,0.04010381921168529,0.0007416301599901001,0.18214843143271614,0.7770061191956082,25,20,20
48,6684,0.07633154428186044,0.00033673586191963127,0.14608233572902185,0.7772493841271978,25,20,20
48,6685,0.07953645267221175,1.5162862350410947e-05,0.1380163187383575,0.7824320657270799,25,20,20
48,6686,0.03812658138841147,7.893382772588808e-07,0.16792327182274294,0.7939493574505677,25,20,20
48,6687,0.043562453188350156,8.833690687630459e-07,0.15512917084770936,0.8013074925948712,25,20,20
48,6688,0.036841599168450485,9.797927057192099e-05,0.16995973875211953,0.7931006828088576,25,20,20
48,6689,0.03336145455603776,5.811900972196759e-07,0.2117657461797091,0.7548722180741546,25,20,20
48,6690,0.007700141968946561,2.2120946571811663e-06,0.2671977727113828,0.7250998732250131,25,20,20
48,6691,0.007701018823201638,2.5494608681111488e-06,0.26953381278575667,0.722762618930174,25,20,20
48,6692,0.03982010054428452,5.1085111687701123e-05,0.24066652994209053,0.7194622844019363,25,20,20
48,6693,0.07407442316949674,0.002021930705878268,0.20433641434211203,0.7195672317825117,25,20,20
48,6694,0.07987351007050413,0.001986109734597949,0.19859458682669234,0.7195457933682045,25,20,20
48,6695,0.08026444643123325,0.0022679926284908496,0.20460338018926322,0.7128641807510114,25,20,20
48,6696,0.11631472333019639,7.461418442103285e-05,0.1746711424146081,0.7089395200707733,25,20,20
48,6697,0.11631660408304968,0.023858309201928725,0.18172846706839682,0.6780966196466237,25,20,20
48,6698,0.08294883322831831,0.04072106441246646,0.17493914787232134,0.7013909544868934,25,20,20
48,6699,0.06833794109818317,0.04004266676943275,0.17373862604509324,0.7178807660872902,25,20,20
48,6700,0.07699744781184224,0.04204154386619629,0.16866584691571135,0.7122951614062488,25,20,20
48,6701,0.11565354047467565,0.04006575670061462,0.13204958342549747,0.7122311193992119,25,20,20
48,6702,0.08005454274040907,0.02970876986705157,0.19492890257812498,0.6953077848144144,25,20,20
48,6703,0.03176449729763825,0.07123679399908761,0.18468288563578217,0.7123158230674909,25,20,20
48,6704,0.03175973616800726,0.07178441831870656,0.15587181067417677,0.7405840348391088,25,20,20
48,6705,0.012635682282052672,0.07999136465630102,0.14730224270251985,0.7600707103591258,25,20,20
48,6706,0.0004123537964438711,0.06999370571781945,0.17055973538391986,0.7590342051018156,25,20,20
48,6707,0.0012797599315939284,0.07247221743603323,0.17937473058649375,0.7468732920458783,25,20,20
48,6708,0.00019520163581723013,0.06451168796238013,0.17542680036921446,0.7598663100325873,25,20,20
48,6709,0.0001825000137402106,0.06569260154878295,0.1736419062496482,0.7604829921878279,25,20,20
48,6710,0.00020141049128746927,0.07928026377249094,0.18440707199311582,0.7361112537431046,25,20,20
48,6711,1.6705961813319853e-07,0.04002626292649966,0.21485998537927425,0.7451135846346074,25,20,20
48,6712,0.00048206387833400554,0.03999058421762162,0.20072780712740557,0.758799544776638,25,20,20
48,6713,0.0004822121272808735,0.04409748272949298,0.2146333806666189,0.7407869244766071,25,20,20
48,6714,0.00048456960838760214,0.040000468617280405,0.2151669450459818,0.7443480167283496,25,20,20
48,6715,0.007950093964806688,0.001999299929308162,0.23111340208341716,0.7589372040224671,25,20,20
48,6716,0.007950094045361582,0.0020440094404222857,0.2395971627799445,0.7504087337342713,25,20,20
48,6717,0.041024587694632075,0.002429974409223531,0.22270434856763244,0.7338410893285111,25,20,20
48,6718,0.038489553733952075,2.4097234660765445e-05,0.2004472135480635,0.7610391354833235,25,20,20
48,6719,0.03860057613841526,5.131379869982367e-05,0.20203501406097352,0.759313096001911,25,20,20
48,6720,1.5515090471451514e-06,0.017242738700074235,0.22069338870225985,0.7620623210886178,25,20,20
48,6721,1.6047072106154278e-06,0.017242735541978513,0.22197879807996623,0.7607768616708434,25,20,20
48,6722,0.000419614354626779,0.03998808593405608,0.20032284622191715,0.7592694534893998,25,20,20
48,6723,3.848121175127802e-06,0.03032789547497984,0.2461026570787387,0.7235655993251061,25,20,20
48,6724,0.00017081497478519398,0.020315032403430043,0.2568415935870267,0.7226725590347585,25,20,20
48,6725,6.67486034808658e-05,0.020351547898721907,0.29618685506057946,0.6833948484372179,25,20,20
48,6726,0.01255778671426318,0.0025906485396267214,0.3097004884801396,0.6751510762659696,25,20,20
48,6727,0.0003679426774258868,0.0025371058479445306,0.27475296284337725,0.7223419886312519,25,20,20
48,6728,0.0005648184985846923,0.0004608468352065332,0.2391511311256011,0.7598232035406075,25,20,20
48,6729,0.00021825103492120572,1.6184114608701364e-05,0.20209859918794695,0.7976669656625229,25,20,20
48,6730,0.00017487240317131918,0.0006455774919149502,0.2373035501539446,0.7618759999509686,25,20,20
48,6731,0.00033313811340200076,2.466512864662942e-06,0.20109432855710987,0.7985700668166227,25,20,20
48,6732,0.03509316644353426,1.427146557328079e-06,0.1649188826659846,0.799986523743923,25,20,20
48,6733,0.001880202371624098,4.8163190976245695e-05,0.1665495760375751,0.8315220583998237,25,20,20
48,6734,0.0018802023712219495,4.8163190958407344e-05,0.16654917878473952,0.8315224556530793,25,20,20
48,6735,7.038633579326867e-05,1.4778380717219277e-06,0.1782630312848314,0.8216651045413031,25,20,20
48,6736,0.04059431472395546,1.0749995437329064e-05,0.12036976283453793,0.8390251724460689,25,20,20
48,6737,0.06602056375052245,2.8581795112687563e-06,0.12653912724965954,0.8074374508203068,25,20,20
48,6738,0.07700576585349891,3.821131043078831e-05,0.09977564444290662,0.8231803783931637,25,20,20
48,6739,0.03594376973019971,3.7596768406043124e-05,0.14121437275654503,0.822804260744849,25,20,20
48,6740,0.0055709885575224265,2.546048012615548e-07,0.16302890364517725,0.8313998531924988,25,20,20
48,6741,0.005670246391636253,1.5845831048506014e-05,0.16411170838794686,0.8302021993893676,25,20,20
48,6742,0.05055976751971051,1.2489480119767977e-05,0.11956060815392776,0.8298671348462414,25,20,20
48,6743,0.0493260724160512,2.4376368082074086e-05,0.11890753858457892,0.8317420126312872,25,20,20
48,6744,0.04932607362443297,2.437630439902147e-05,0.11111980270633644,0.8395297473648313,25,20,20
48,6745,0.043178609916524203,5.864984994390825e-07,0.07573238748562415,0.881088416099352,25,20,20
48,6746,0.04304147012685586,0.0006217232576969867,0.07797711343107232,0.8783596931843742,25,20,20
48,6747,0.00012892014465176938,5.441963988922848e-07,0.09588023850459328,0.9039902971543556,25,20,20
48,6748,6.021799914276095e-06,3.2926825680215495e-10,0.11000975083471705,0.8899842270361004,25,20,20
48,6749,6.0203581201679765e-06,5.090951249487367e-10,0.049078393140875025,0.9509155859919096,25,20,20
48,6750,6.039038368297889e-06,1.8402715427009468e-07,0.048765655410170645,0.9512281215243068,25,20,20
48,6751,1.0507470019212505e-07,1.808478375018545e-07,0.042096653149708334,0.9579030609277533,25,20,20
48,6752,0.005727652254595494,5.5614278603437794e-09,0.035833175481254254,0.9584391667027218,25,20,20
48,6753,0.005727651910188414,5.508352933565883e-09,0.053736487966020076,0.9405358546154384,25,20,20
48,6754,0.005727651910095876,5.450780401244547e-09,0.0537024562571439,0.9405698863819798,25,20,20
48,6755,6.5627111636992e-08,0.002021521332717499,0.06396471438137437,0.9340136986587959,25,20,20
48,6756,6.601779503324991e-08,0.002021661570774244,0.09489231206653553,0.9030859603448954,25,20,20
48,6757,4.026343945954619e-09,1.5335349989124586e-07,0.1790040299957324,0.8209958126244239,25,20,20
48,6758,4.407313108267315e-09,3.3315667859405726e-07,0.15403008422045156,0.8459695782155562,25,20,20
48,6759,1.0163839937419171e-07,1.1662458183919587e-05,0.12928129982106332,0.8707069360823535,25,20,20
48,6760,6.08238126581177e-05,1.1477931094641489e-05,0.14353411201040805,0.8563935862458386,25,20,20
48,6761,0.04935916283590047,0.00020301478538681922,0.07557131620862587,0.8748665061700867,25,20,20
48,6762,0.0020116476897858553,3.074673522804273e-06,0.11475719068213469,0.8832280869545565,25,20,20
48,6763,0.002932418172787991,0.0009129454465044071,0.10068624930988027,0.8954683870708265,25,20,20
48,6764,0.002859259027593478,8.862992535124006e-06,0.03807061769609859,0.9590612602837726,25,20,20
48,6765,0.00013274126107296432,5.043198855337592e-09,0.0561476761619297,0.9437195775337983,25,20,20
48,6766,0.00013274126125998754,5.129797988926638e-09,0.05836703592070982,0.9415002176882322,25,20,20
48,6767,0.00013274126125962268,5.098180257104e-09,0.04075888979787922,0.9591083638426808,25,20,20
48,6768,0.00011919111976223716,1.2812835347073404e-13,0.04054442485183112,0.9593363840282788,25,20,20
48,6769,8.23584539786397e-05,3.193628632318777e-09,0.04177276261507743,0.9581448757373151,25,20,20
48,6770,4.3975814705401714e-09,1.0581691742197585e-10,0.059084527545210735,0.9409154679513909,25,20,20
48,6771,3.0273084150630404e-13,4.51310198158084e-11,0.049820623432583,0.9501793765219826,25,20,20
48,6772,2.7465697552813674e-11,3.213877584910811e-09,0.04128776931284726,0.9587122274458092,25,20,20
48,6773,1.6688475263408384e-11,6.541030683180965e-09,0.03804255317512053,0.9619574402671599,25,20,20
48,6774,5.289375803675001e-10,5.050181220603716e-09,0.040529151421075715,0.959470842999805,25,20,20
48,6775,2.3472892643164485e-10,0.0003917395578409477,0.014182227411309638,0.9854260327961205,25,20,20
48,6776,1.6279849424241983e-11,5.877577123217637e-11,0.0018968630914293755,0.9981031368335147,25,20,20
48,6777,1.6284156551135836e-11,5.884786565713929e-11,0.009248915569814773,0.990751084355053,25,20,20
48,6778,5.845668310758231e-13,5.846000759499606e-11,0.0017514818751677968,0.9982485180657875,25,20,20
48,6779,7.493999633650351e-13,4.9665394948864955e-09,0.03838657043445785,0.961613424598253,25,20,20
48,6780,3.040437708529436e-13,3.2300226682074972e-09,0.037806286692198994,0.9621937100774742,25,20,20
48,6781,1.634027821267318e-11,5.710676543943273e-11,0.001116399856529379,0.9988836000700239,25,20,20
48,6782,1.0922951435024183e-11,9.504911894869713e-11,0.015415717988070825,0.9845842819059571,25,20,20
48,6783,3.3953754174976306e-05,1.8387472682329889e-09,0.019106135610034845,0.9808599087970425,25,20,20
48,6784,1.6904729982996063e-11,7.029031977843328e-12,0.002335204823359761,0.9976647951527063,25,20,20
48,6785,1.6811700528911104e-11,2.1811055230186984e-10,0.01888168335321933,0.9811183164118582,25,20,20
48,6786,1.7375128733199574e-11,1.0568637987443328e-10,0.03572768128585588,0.9642723185910823,25,20,20
48,6787,5.006583271418546e-13,6.066844254191135e-11,0.002147902599766725,0.9978520973390641,25,20,20
48,6788,3.999367635415556e-13,1.13498066635413e-10,0.0019059806407376334,0.998094019245364,25,20,20
48,6789,3.069685896517198e-13,1.13047873099692e-12,0.0007188823444629433,0.9992811176541,25,20,20
48,6790,1.8974132837929392e-14,2.071479897187921e-12,0.0007371049666214481,0.9992628950312883,25,20,20
48,6791,1.6529363749073263e-11,6.234007819274401e-11,0.0016236593945225676,0.9983763405266083,25,20,20
48,6792,1.6898590748912442e-11,5.7380523914808344e-11,0.0013044912148476924,0.9986955087108734,25,20,20
48,6793,5.836782566211698e-12,5.765450092649531e-11,0.0008559041241968919,0.9991440958123118,25,20,20
48,6794,6.402998763377945e-11,6.482035299834904e-07,0.055980510384263354,0.9440188413481763,25,20,20
48,6795,6.703578522270225e-12,2.505510198740724e-09,0.052488705762387726,0.9475112917253984,25,20,20
48,6796,6.509402903631185e-12,2.644884942345844e-10,0.040133677587363845,0.9598663221416381,25,20,20
48,6797,2.6832342855359358e-11,1.3085168664667982e-05,0.058393905509631,0.9415930092948719,25,20,20
48,6798,5.839082314368998e-06,2.0247933066374945e-05,0.059086477654781915,0.940887435329837,25,20,20
48,6799,5.839076191824693e-06,2.024787369514416e-05,0.05047158491172963,0.9495023281383833,25,20,20
48,6800,5.839092619736145e-06,2.024793045708526e-05,0.04101524532933125,0.9589586676475919,25,20,20
48,6801,5.839076211724703e-06,2.024787516535818e-05,0.042157872217660985,0.9578160408309614,25,20,20
48,6802,5.839076393346165e-06,2.0247816879788125e-05,0.041127651282239296,0.9588462618244874,25,20,20
48,6803,0.0007292692522128757,1.1740397668265712e-12,0.03992541157720453,0.9593453191694082,25,20,20
48,6804,2.321462362998481e-07,1.945343383878504e-07,0.060364870151757566,0.9396347031676676,25,20,20
48,6805,3.0818825156269045e-11,9.756378047651812e-11,0.06861928633920654,0.9313807135324107,25,20,20
48,6806,4.7197785960037584e-11,1.480192222769981e-10,0.06821258670217736,0.9317874131026056,25,20,20
48,6807,1.6189378645321567e-09,1.5259261693325318e-08,0.04962821727958661,0.9503717658422137,25,20,20
48,6808,1.5727968830827517e-09,1.5201114966517484e-08,0.04871555871474922,0.9512844245113389,25,20,20
48,6809,8.358271731252251e-08,2.8549369379359615e-08,0.050084581594753805,0.9499153062731593,25,20,20
48,6810,8.962640028079887e-08,1.1147182151451527e-06,0.07388671930401153,0.9261120763513727,25,20,20
48,6811,8.962610663392098e-08,1.1147729794194196e-06,0.06500023447851475,0.9349985611223989,25,20,20
48,6812,4.138877147445358e-06,1.4198207214887973e-05,0.05520208328031125,0.944779579635326,25,20,20
48,6813,0.035943312255571104,6.200441989033613e-10,0.020492807290427763,0.9435638798339566,25,20,20
48,6814,0.03594331224958811,6.388166999177631e-10,0.011675157639589796,0.9523815294720052,25,20,20
48,6815,0.03594331319063701,6.391038197307948e-10,0.03067927950815094,0.9333774066621079,25,20,20
48,6816,0.035943331206968174,6.97417275360679e-10,0.019073889934436327,0.9449827781611779,25,20,20
48,6817,1.6817660339000291e-06,1.0226987823659979e-07,0.05619100914734791,0.9438072068167398,25,20,20
48,6818,2.1611338005648124e-08,1.5139154207497246e-07,0.06014265172271567,0.939857175274404,25,20,20
48,6819,1.7210987983268957e-12,2.3277556110491043e-08,0.04283069634075459,0.9571692803799676,25,20,20
48,6820,2.7304171958373214e-10,2.3222963679433086e-08,0.050152371016012734,0.9498476054879817,25,20,20
48,6821,1.6958137773918388e-11,3.418515081790754e-07,0.058538517885581134,0.9414611402459524,25,20,20
48,6822,9.51020576936709e-08,1.8592929339755207e-05,0.06774014387729924,0.932241168091303,25,20,20
48,6823,0.00010113569180619387,1.887534767260087e-05,0.08102686548654615,0.9188531234739743,25,20,20
48,6824,8.707137376886745e-08,2.736880473727965e-09,0.08947453129104004,0.9105253789007057,25,20,20
48,6825,0.0003186990243915003,1.0171588698819959e-08,0.08714482803904781,0.9125364627649715,25,20,20
48,6826,0.00031868004651796375,6.27339473030922e-09,0.08792607578576911,0.9117552378943174,25,20,20
48,6827,0.00031867792357353374,6.167641705481335e-09,0.07994480516982738,0.9197365107389572,25,20,20
48,6828,0.009273800921007132,4.1024819136790464e-07,0.07232855811395603,0.9183972307168449,25,20,20
48,6829,1.5941430002735243e-08,0.039366471617687915,0.0685692399001057,0.8920642725407758,25,20,20
48,6830,1.178256914795601e-09,0.039366369222867535,0.040847536215485925,0.9197860933833892,25,20,20
48,6831,0.003178277884809982,0.03936613948464035,0.0771869235906369,0.880268659039912,25,20,20
48,6832,0.014609535770612192,0.0394955061710962,0.07124400585139455,0.8746509522068969,25,20,20
48,6833,0.014609599888979499,0.03949551182590587,0.06508081148936315,0.8808140767957512,25,20,20
48,6834,0.012936510813732389,0.03964868593108846,0.06879468248384585,0.8786201207713329,25,20,20
48,6835,8.063320706339256e-06,0.03238821328293752,0.08871153271308514,0.8788921906832708,25,20,20
48,6836,0.0003376410506018418,0.0320004225261354,0.0889948409742688,0.8786670954489937,25,20,20
48,6837,0.012944140559985256,2.018204208427462e-05,0.11655232424314735,0.8704833531547826,25,20,20
48,6838,2.053707059174275e-09,6.438212251204552e-05,0.12539598751921086,0.8745396283045698,25,20,20
48,6839,0.00010894232201183046,4.385685159236208e-05,0.13903249515504204,0.8608147056713533,25,20,20
48,6840,2.056315480559526e-06,0.04037785599491889,0.1709649174694751,0.7886551702201242,25,20,20
48,6841,0.00033850175347369213,0.03933136107494403,0.126482760149174,0.8338473770224074,25,20,20
48,6842,0.0004485084123354885,0.03999762056643459,0.12719842722523703,0.8323554437959921,25,20,20
48,6843,0.00015929802912810302,0.06137792591917313,0.09859444425449743,0.8398683317972016,25,20,20
48,6844,0.007846817160854695,0.06137087724467829,0.09140694841390204,0.8393753571805646,25,20,20
48,6845,0.03351108174211514,0.04132238627210001,0.08352472128619279,0.8416418106995914,25,20,20
48,6846,0.038639919236043756,0.0393762197340812,0.09701180118167706,0.8249720598481978,25,20,20
48,6847,0.03864000797478859,0.023880512105742224,0.0990256425524027,0.8384538373670658,25,20,20
48,6848,0.038639919214271075,0.06284123458337755,0.061179584260529746,0.8373392619418213,25,20,20
48,6849,0.03863991921642929,0.062316470098737975,0.06134858853337771,0.8376950221514547,25,20,20
48,6850,0.006952275404511421,0.06140368268817053,0.09465907681462961,0.8369849650926882,25,20,20
48,6851,3.7330648438747804e-06,0.0695919832654779,0.10169523528816832,0.8287090483815096,25,20,20
48,6852,4.212940881784261e-06,0.06938571532921893,0.09887866667043299,0.8317314050594657,25,20,20
48,6853,0.00010976307267182007,0.06975409447972225,0.0984222663568482,0.8317138760907575,25,20,20
48,6854,4.477337706768905e-05,0.07889932308324812,0.08881989563233633,0.8322360079073475,25,20,20
48,6855,0.0004415497353774875,0.0787021671121513,0.08815416530332527,0.8327021178491456,25,20,20
48,6856,0.03987842374926226,0.07870143995897011,0.06352264703209486,0.8178974892596722,25,20,20
48,6857,0.07360208519357879,0.078701439560991,0.029272590583953505,0.8184238846614769,25,20,20
48,6858,0.04661490816879061,0.07866286316794198,0.10564486087241537,0.7690773677908512,25,20,20
48,6859,0.03725127501336474,0.07862588503355034,0.11509476404863829,0.7690280759044457,25,20,20
48,6860,9.199160997337707e-05,0.07862552930805922,0.11543270277948033,0.8058497763024864,25,20,20
48,6861,9.198744441765532e-05,0.07862550100608517,0.10115051373128266,0.8201319978182137,25,20,20
48,6862,0.0032829519093923645,0.042408693157096486,0.1372617412859965,0.8170466136475141,25,20,20
48,6863,0.003282720118190177,0.04240869309604265,0.13815723930149099,0.8161513474842756,25,20,20
48,6864,0.00012118571508522369,0.041884663386037385,0.12841859967828734,0.829575551220589,25,20,20
48,6865,4.762259174346027e-06,0.04244288474296367,0.1347489206321206,0.8228034323657405,25,20,20
48,6866,4.76493141634218e-06,4.784987877851086e-05,0.15740309232314356,0.8425442928666611,25,20,20
48,6867,6.3430784132542015e-09,0.0013432481553600586,0.12117324200796023,0.8774835034936005,25,20,20
48,6868,2.2076976191140055e-09,5.036280957352624e-05,0.14416301847537244,0.8557866165073555,25,20,20
48,6869,3.7167700248864366e-09,2.924363960273596e-06,0.12807505494648025,0.8719220169727887,25,20,20
48,6870,0.005118300882093447,2.2560336122372639e-07,0.10649662988903472,0.8883848436255106,25,20,20
48,6871,0.005118304639291964,9.59287365054138e-07,0.07530763122653428,0.9195731048468087,25,20,20
48,6872,0.0004937295105508882,4.804235110669711e-10,0.08172561822831775,0.9177806517807078,25,20,20
48,6873,4.959717654668991e-06,1.4364322277509686e-08,0.1591245991444569,0.8408704267735652,25,20,20
48,6874,2.382185642149838e-07,1.4319121051466813e-08,0.17151595504945605,0.8284837924128585,25,20,20
48,6875,0.0003344904312461036,3.742283602364147e-07,0.16956960570868634,0.8300955296317062,25,20,20
48,6876,0.0003322691992998241,4.3453620882183994e-07,0.1599041660422724,0.8397631302222179,25,20,20
48,6877,3.244057574226859e-05,2.557525601261948e-07,0.14050467873371714,0.8594626249379798,25,20,20
48,6878,3.2440621143094446e-05,2.5574708213616944e-07,0.15463829439844315,0.8453290092333309,25,20,20
48,6879,2.4386432014672122e-08,0.0004439158878809129,0.13020200565841303,0.8693540540672738,25,20,20
48,6880,1.9992743536544136e-08,0.00044392829952905164,0.1292040633841949,0.8703519883235318,25,20,20
48,6881,0.03993059657928664,0.00044392848851759975,0.08939562369247366,0.8702298512397216,25,20,20
48,6882,0.011579788355685516,0.000444131538955515,0.08295479391881179,0.9050212861865464,25,20,20
48,6883,1.232020453021733e-06,0.039480840667819775,0.05114530235566981,0.909372624956057,25,20,20
48,6884,1.232019590430129e-06,0.03948084066687311,0.050006177535814,0.9105117497777221,25,20,20
48,6885,1.2320195893499765e-06,0.0394808406649436,0.049858841641064355,0.9106590856744026,25,20,20
48,6886,1.2320191512803727e-06,0.039988151528099355,0.0509843129768325,0.9090263034759168,25,20,20
48,6887,1.6389362630116788e-09,0.04076587428596916,0.04953143907297946,0.909702685002115,25,20,20
48,6888,1.6585533776120131e-09,0.04076999324643469,0.11673710092146486,0.8424929041735467,25,20,20
48,6889,3.6442162289000516e-08,0.02031522042807043,0.08734780740457673,0.8923369357251905,25,20,20
48,6890,1.077125160969254e-06,0.03901857405838238,0.0424557020535413,0.918524646762915,25,20,20
48,6891,7.078680616928509e-06,0.03901790791650227,0.06055796638640255,0.9004170470164782,25,20,20
48,6892,0.00012053621615612681,0.029996048868903148,0.06846076427716981,0.9014226506377709,25,20,20
48,6893,8.733515546930052e-08,0.029975372977959956,0.060026217556578984,0.909998322130305,25,20,20
48,6894,4.584250792364273e-09,0.029977335534706207,0.05947890317299571,0.9105437567080465,25,20,20
48,6895,4.5249568711115355e-09,0.020110717582612018,0.05989125781909734,0.9199980200733339,25,20,20
48,6896,2.2679646024439354e-10,0.020110717588490683,0.02832493832487454,0.9515643438598381,25,20,20
48,6897,1.966074463707963e-10,0.020110720771408953,0.02154318519599296,0.9583460938359907,25,20,20
48,6898,0.004539339032904696,0.02012032442774727,0.05681138562520794,0.9185289509141396,25,20,20
48,6899,0.004539339032906712,0.02012032437410554,0.057651459577543133,0.9176888770154445,25,20,20
48,6900,5.075454706856006e-09,3.7717283943607e-05,0.08814704076799401,0.9118152368726073,25,20,20
48,6901,3.3945101537143062e-09,3.7400741702271074e-05,0.09694091217901978,0.9030216836847679,25,20,20
48,6902,3.466385255712966e-09,3.7979272107727406e-05,0.07883597336957031,0.9211260438919366,25,20,20
48,6903,1.0690418254984498e-09,0.0018841860079521014,0.07640894696136895,0.9217068659616366,25,20,20
48,6904,1.069040413960601e-09,0.0018841827377018374,0.08349373482011985,0.9146220813731378,25,20,20
48,6905,1.0690375671510833e-09,0.0018841827365390937,0.09180757116252661,0.9063082450318967,25,20,20
48,6906,2.7460606777029414e-10,6.58167674126256e-05,0.0960775130093277,0.9038566699486534,25,20,20
48,6907,1.4485937148365722e-08,6.567802039112727e-05,0.09713390493592515,0.9028004025577464,25,20,20
48,6908,1.016370987771301e-12,6.793402858527118e-07,0.08731776923541242,0.912681551423285,25,20,20
48,6909,1.8895035159582466e-08,6.792901896725463e-07,0.07842675471212802,0.9215725471026468,25,20,20
48,6910,1.8901178317831854e-08,1.0878610154965462e-05,0.07925157783487678,0.9207375246537893,25,20,20
48,6911,3.588605339708677e-06,0.0019839911600378467,0.08519656633767367,0.9128158538969485,25,20,20
48,6912,3.5886052451887495e-06,0.001983847995631088,0.07755088584059783,0.9204616775585258,25,20,20
48,6913,6.518860930113716e-06,0.001984029840041107,0.11635665561531322,0.8816527956837149,25,20,20
48,6914,2.952804654993096e-06,0.0007110034746292079,0.12558737679568466,0.8736986669250311,25,20,20
48,6915,0.00031993367214562036,3.8057712666146734e-07,0.12662927688621595,0.8730504088645114,25,20,20
48,6916,0.03729071708103102,3.649496725778115e-05,0.09358617033670147,0.8690866176150096,25,20,20
48,6917,0.03729071705470592,3.647745878003378e-05,0.10096856885091642,0.8617042366355971,25,20,20
48,6918,1.6185647285001118e-07,3.798508966749989e-05,0.14574632010063027,0.8542155329532288,25,20,20
48,6919,0.00010486429819953975,1.7134457298447582e-05,0.12032883752856999,0.8795491637159316,25,20,20
48,6920,0.03645310500152057,3.9111810603052874e-07,0.09270790221059971,0.8708386016697734,25,20,20
48,6921,0.03648640278314688,9.317310362958733e-06,0.09259776697800713,0.8709065129284826,25,20,20
48,6922,4.255701864118509e-06,1.4782367834701847e-05,0.16525129510212916,0.8347296668281716,25,20,20
48,6923,0.03638304464696328,2.1267973401957034e-08,0.10072467358542982,0.8628922604996331,25,20,20
48,6924,0.03638309807157503,2.1269807085041485e-08,0.10336011756015002,0.8602567630984673,25,20,20
48,6925,0.036262265475281226,2.8227410174190905e-10,0.09462453180025814,0.8691132024421862,25,20,20
48,6926,0.0030853691097866803,1.0270533591864195e-05,0.13652799478598424,0.860376365570637,25,20,20
48,6927,0.0397085761359309,4.827226338421499e-05,0.09254543901201627,0.8676977125886688,25,20,20
48,6928,6.898736830849351e-05,4.8280860496896e-05,0.13127113524611964,0.8686115965250744,25,20,20
48,6929,0.00031678410502344775,4.1940511198904404e-08,0.13046881018055984,0.869214363773905,25,20,20
48,6930,0.013068298231589512,2.108252563951993e-07,0.16747957783002299,0.8194519131131307,25,20,20
48,6931,6.037942848479778e-06,4.7449696929229366e-05,0.1798381850610269,0.8201083272991945,25,20,20
48,6932,2.7266770887198176e-08,0.026445538601146113,0.15281855798046984,0.8207358761516129,25,20,20
48,6933,0.007696177280185773,0.039985320896367964,0.12876337279555514,0.8235551290278912,25,20,20
48,6934,0.007700713839918243,0.03998488219920672,0.09904237645000355,0.853272027510871,25,20,20
48,6935,0.04000383106229943,0.03999054687730115,0.04101796067210908,0.8789876613882902,25,20,20
48,6936,9.060294856675506e-05,0.03142333512414612,0.10213085223905917,0.8663552096882273,25,20,20
48,6937,0.029606920604680575,0.03985185489359426,0.05995273501974594,0.8705884894819792,25,20,20
48,6938,0.029606925719736315,0.03975714402695684,0.05257336920989261,0.8780625610434137,25,20,20
48,6939,0.029606924782992282,0.04138977024831006,0.05054168612488312,0.8784616188438141,25,20,20
48,6940,0.029932126607715933,0.04139046243991601,0.08991342210609883,0.8387639888462689,25,20,20
48,6941,0.03632167295267775,0.0393689563896345,0.08683513462348082,0.8374742360342071,25,20,20
48,6942,0.03657142802413563,0.040037001861664784,0.08341442405161592,0.8399771460625834,25,20,20
48,6943,0.036559786858270577,0.03999957885819392,0.10939288511773078,0.8140477491658038,25,20,20
48,6944,1.0810386720970947e-05,0.04000162362674271,0.17659320295505318,0.7833943630314829,25,20,20
48,6945,0.0023853357665557465,0.019901086886345686,0.20091688632071925,0.7767966910263792,25,20,20
48,6946,3.499344835628348e-05,0.0242683377893618,0.23150509025793314,0.7441915785043481,25,20,20
48,6947,0.015531028445698312,0.02425559768882871,0.20176687846253943,0.7584464954029326,25,20,20
48,6948,0.01682327184830956,0.03958206420057151,0.1438240353306573,0.7997706286204612,25,20,20
48,6949,0.03868301122572893,0.0395553075503143,0.12208000534682491,0.7996816758771321,25,20,20
48,6950,0.00010438259617213593,0.03933944832085413,0.12111880317190618,0.8394373659110679,25,20,20
48,6951,0.00010444780079380758,0.03934006877366781,0.12174420751281337,0.8388112759127248,25,20,20
48,6952,6.641234059451699e-05,0.03934326710649405,0.13142465374227108,0.8291656668106399,25,20,20
48,6953,0.005803650555355171,0.039348978223541456,0.12392406694948481,0.8309233042716176,25,20,20
48,6954,0.027414025027457524,0.03997517152867866,0.10184874272219649,0.8307620607216667,25,20,20
48,6955,0.029781040382630714,0.03976355640538223,0.09969279195239789,0.8307626112595888,25,20,20
48,6956,0.02724038741819517,0.040026787894553745,0.09339096087593121,0.8393418638113195,25,20,20
48,6957,0.024900019917561238,0.0400317455062576,0.09575009037132039,0.8393181442048604,25,20,20
48,6958,6.566848682223948e-05,0.04002675573603272,0.120307304583083,0.8396002711940622,25,20,20
48,6959,6.56685031514506e-05,0.04002655286388085,0.13850468973656882,0.8214030888963987,25,20,20
48,6960,3.108666056015108e-06,0.03999088297875784,0.15333632673027686,0.8066696816249092,25,20,20
48,6961,3.296507018258976e-06,0.04002729382362692,0.14554255953778458,0.8144268501315701,25,20,20
48,6962,3.1095243651029363e-06,0.04198504390604985,0.14459596677880904,0.8134158797907755,25,20,20
48,6963,3.109518062105894e-06,0.04197580636830391,0.11911401447780558,0.8389070696358284,25,20,20
48,6964,0.03973407559762853,0.03999054993521381,0.12077918843218642,0.799496186034971,25,20,20
48,6965,0.044970374053752274,0.0394724639163578,0.11430657483771797,0.8012505871921711,25,20,20
48,6966,0.044970374486200455,0.039987931927895536,0.11461913478733177,0.8004225587985714,25,20,20
48,6967,0.04088908162507899,0.03998564524813892,0.12667330837583696,0.7924519647509439,25,20,20
48,6968,0.07709522076673991,0.040034254826759756,0.09080067276871708,0.7920698516377823,25,20,20
48,6969,0.07709531082200677,0.041209841726284335,0.08413966178893215,0.7975551856627758,25,20,20
48,6970,0.08002452036315613,0.000913080761483163,0.11977906565844097,0.7992833332169178,25,20,20
48,6971,0.08415863450492533,0.0019393883773795703,0.15209465439350806,0.7618073227241868,25,20,20
48,6972,0.08116667755534512,0.017796032541702613,0.1568772717796789,0.7441600181232729,25,20,20
48,6973,0.004643881029252267,0.01779664035947802,0.22572686426408872,0.7518326143471807,25,20,20
48,6974,0.0005688148207625936,0.043913035030574345,0.2188855226912157,0.7366326274574476,25,20,20
48,6975,0.00022770338636967147,0.040005678789354446,0.21440969730124887,0.7453569205230266,25,20,20
48,6976,0.03480531732574592,0.03989735956167761,0.2363814009015098,0.688915922211066,25,20,20
48,6977,0.03481330611930482,0.042021765460709654,0.21843591444637336,0.7047290139736119,25,20,20
48,6978,0.04014306836947487,0.03982826779432187,0.2294355515039459,0.6905931123322568,25,20,20
48,6979,0.06947619343760471,0.04002878214355536,0.17142740014009494,0.7190676242787446,25,20,20
48,6980,0.039536439711350777,0.04072290465525973,0.19995350220083555,0.7197871534325532,25,20,20
48,6981,0.07502181854891311,0.040007474988468246,0.16255424244607578,0.7224164640165422,25,20,20
48,6982,0.04652228784371072,0.044741359581176254,0.1939400345993025,0.7147963179758101,25,20,20
48,6983,0.05534326408753928,0.024427945065124138,0.20542735217013777,0.714801438677197,25,20,20
48,6984,0.04887732762090931,0.024158004190530078,0.2234267517259228,0.7035379164626377,25,20,20
48,6985,0.07395110389375695,0.024156898009007114,0.14318658328267564,0.7587054148145603,25,20,20
48,6986,0.1465670435376464,0.023995043323925647,0.08696967520217819,0.7424682379362497,25,20,20
48,6987,0.12242117242336047,0.023995257074277087,0.09716247965247193,0.7564210908498902,25,20,20
48,6988,0.09384825280933416,0.02399501411809487,0.12182795254582907,0.7603287805267417,25,20,20
48,6989,0.074753503476215,0.024004793863124995,0.14020748814155787,0.7610342145191014,25,20,20
48,6990,0.052892379600371076,4.70616456371025e-05,0.20339089151710876,0.7436696672368827,25,20,20
48,6991,0.1147730115366736,4.152970421386369e-06,0.1242994581514127,0.7609233773414924,25,20,20
48,6992,0.11477304913969259,0.00031118188754451634,0.123893457038636,0.7610223119341271,25,20,20
48,6993,0.08568966036895084,9.828634561904915e-07,0.18684806003492732,0.7274612967326648,25,20,20
48,6994,0.016230403437200617,1.5570335818755316e-05,0.20063988531133548,0.7831141409156447,25,20,20
48,6995,0.01387892109059568,3.395741935523496e-05,0.2112384096259556,0.7748487118640927,25,20,20
48,6996,0.026102999017979873,7.00655476356877e-07,0.2106802063366953,0.763216093989847,25,20,20
48,6997,0.013074825415447298,4.0544515185866085e-05,0.2106903552574039,0.7761942748119627,25,20,20
48,6998,0.010148399435942748,1.190116768256556e-05,0.20386615983348247,0.7859735395628921,25,20,20
48,6999,0.0053942906564902835,4.086670037009337e-05,0.21906021801324457,0.7755046246298946,25,20,20
48,7000,0.0057271620637862385,5.8030112381959565e-05,0.21616318073309304,0.7780516270907382,25,20,20
48,7001,0.02857780151281948,1.9056683108583176e-05,0.21145302190876136,0.7599501198953098,25,20,20
48,7002,0.0318029855026195,4.895334570399533e-05,0.17725696140656638,0.7908910997451093,25,20,20
48,7003,0.04072897491927074,8.938117866988081e-05,0.1687469245605768,0.7904347193414822,25,20,20
48,7004,0.04000345701639998,4.537203696041147e-05,0.16920143911231442,0.790749731834324,25,20,20
48,7005,0.0029763293209565563,0.0025193577646764566,0.15437334382438928,0.840130969089977,25,20,20
48,7006,0.0004274948512690833,4.992129773967789e-05,0.1688575563398302,0.8306650275111603,25,20,20
48,7007,0.00011346990262296542,1.9635232713634182e-07,0.1720206650081813,0.8278656687368681,25,20,20
48,7008,0.00011042836291293596,0.0007700978406756877,0.1594598555688683,0.8396596182275426,25,20,20
48,7009,0.00011597310119958853,0.0007695341055955314,0.17516365949634957,0.8239508332968548,25,20,20
48,7010,1.2084420366849792e-05,3.734526283946248e-05,0.1600126012272056,0.8399379690895872,25,20,20
48,7011,6.738583983822424e-05,3.7371241287903874e-05,0.16803712737010856,0.8318581155487648,25,20,20
48,7012,0.005781142224833441,3.736069207100731e-05,0.16292752788663087,0.8312539691964643,25,20,20
48,7013,0.00566273859306838,0.0019929904237865528,0.15284462936451024,0.8394996416186342,25,20,20
48,7014,2.285324665678449e-06,0.0009756668469568015,0.1765046197638449,0.8225174280645318,25,20,20
48,7015,0.007552013326104244,0.0019995708378829796,0.16712478647390797,0.8233236293621041,25,20,20
48,7016,1.0264193273226071e-05,0.0020307581683007914,0.1404985290809478,0.8574604485574774,25,20,20
48,7017,0.007961041395403051,3.6900373761499834e-05,0.11266703239368914,0.8793350258371454,25,20,20
48,7018,0.007950777417084687,1.7722229412425704e-06,0.1134518524696165,0.8785955978903571,25,20,20
48,7019,0.03844801082596324,1.4743642437399746e-05,0.08248511161701563,0.8790521339145836,25,20,20
48,7020,5.395515153780208e-05,0.014079106087461917,0.1448046029515503,0.8410623358094493,25,20,20
48,7021,0.03744008110944437,0.0009152678878772329,0.09466801015741245,0.8669766408452658,25,20,20
48,7022,0.04017608362646639,0.0009152281026976462,0.10088245605354969,0.8580262322172858,25,20,20
48,7023,0.03997417637091851,0.0009152176727866114,0.0636404274184975,0.895470178537797,25,20,20
48,7024,0.03997425732117763,0.0009151406046656823,0.09603044084604552,0.8630801612281105,25,20,20
48,7025,0.03804102151260552,0.0009151531617314529,0.11414811996806538,0.8468957053575972,25,20,20
48,7026,0.003577538469549663,0.0011302594869495826,0.14840597762922353,0.8468862244142766,25,20,20
48,7027,0.003575889979712306,0.00021546820073260528,0.1346699299055146,0.8615387119140395,25,20,20
48,7028,0.03723774060458504,1.8483998611933263e-08,0.10028725782868907,0.8624749830827269,25,20,20
48,7029,0.03723774109212233,4.9105925086670026e-05,0.05855637877509921,0.9041567742076918,25,20,20
48,7030,0.038615163591846385,4.495412151534253e-07,0.0764678655432287,0.8849165213237093,25,20,20
48,7031,0.03861810041602005,6.267458379175852e-07,0.0707911993586963,0.8905900734794459,25,20,20
48,7032,0.0386151628387186,4.46874703945119e-07,0.0693823792114356,0.8920020110751419,25,20,20
48,7033,0.038615164562206046,4.587709264233723e-07,0.09150854721688008,0.8698758294499873,25,20,20
48,7034,0.00014903482947358754,3.887141186075448e-06,0.12598900225050896,0.8738580757788312,25,20,20
48,7035,0.0128071554669507,8.205039402441288e-08,0.07674248933592227,0.9104502731467327,25,20,20
48,7036,3.4172693019565987e-05,5.445601176043382e-06,0.09094369266995331,0.9090166890358503,25,20,20
48,7037,1.588847218800821e-06,1.2380023065363413e-05,0.09917083575631831,0.9008151953733968,25,20,20
48,7038,1.525577242667635e-06,0.0010483894343378865,0.09755382027213942,0.9013962647162799,25,20,20
48,7039,6.444404997971714e-10,0.0010482999112881117,0.08851338762418758,0.9104383118200835,25,20,20
48,7040,0.004841817365007684,2.6013746048334643e-07,0.07668125813636274,0.9184766643611688,25,20,20
48,7041,0.037148628758243485,1.425102015901236e-08,0.06339359715045843,0.8994577598402776,25,20,20
48,7042,0.03714864508608678,2.336889163830203e-08,0.05655157738611056,0.9062997541589106,25,20,20
48,7043,0.03714881175092854,1.2503433796081745e-08,0.04408056646311481,0.9187706092825222,25,20,20
48,7044,0.007594859853336749,7.9692892389646e-06,0.0733617343887001,0.9190354364687241,25,20,20
48,7045,0.03852944586367542,1.2629557384842889e-08,0.04209969670031722,0.9193708448064498,25,20,20
48,7046,0.03852926287031588,6.812847674422737e-07,0.06687089132492036,0.8945991645199963,25,20,20
48,7047,0.03852926288717511,6.813437544103984e-07,0.06541176840931544,0.8960582873597547,25,20,20
48,7048,0.03862880708944865,1.2609538142362396e-08,0.04232120051508287,0.9190499797859301,25,20,20
48,7049,0.038553270395426296,0.00023260258231169045,0.08014147428527797,0.8810726527369838,25,20,20
48,7050,0.04056091038330197,1.354890889632025e-08,0.06926687968469057,0.8901721963830981,25,20,20
48,7051,0.03869305072395973,1.884237206655598e-07,0.0801681429742389,0.8811386178780802,25,20,20
48,7052,0.0024637263326462737,0.00037241518594147144,0.0958623709177528,0.9013014875636591,25,20,20
48,7053,0.008212066872176283,0.0003666032925935025,0.11143940244562277,0.879981927389607,25,20,20
48,7054,0.007330986615693114,1.2375992787160602e-05,0.20717619973988502,0.7854804376516346,25,20,20
48,7055,0.016207446663275664,2.2731855005142044e-05,0.19139038441731834,0.7923794370643995,25,20,20
48,7056,0.01611916791075034,5.5761045567048206e-05,0.21890010058814202,0.7649249704555404,25,20,20
48,7057,0.00048408230230679303,3.9657905060583936e-05,0.2607736163794272,0.7387026434132052,25,20,20
48,7058,0.0038147117008677472,0.001430995878431231,0.258402858929668,0.7363514334910327,25,20,20
48,7059,0.005169317039493697,0.001342695727830101,0.3251716244314288,0.6683163628012465,25,20,20
48,7060,0.03999658814590093,0.0008182972119381549,0.2791150228926414,0.6800700917495185,25,20,20
48,7061,0.010923147895706505,0.0008515181976898501,0.2696236327967346,0.7186017011098681,25,20,20
48,7062,0.0005074122950797553,0.0002463396024439522,0.28016291383461395,0.719083334267861,25,20,20
48,7063,0.03901866168617716,0.00331111817212849,0.24690537885089214,0.7107648412908013,25,20,20
48,7064,0.04560869575876607,1.7748745804554155e-05,0.23488445889852458,0.7194890965969042,25,20,20
48,7065,0.04660105745188701,8.428973959259722e-06,0.2846344338428251,0.6687560797313284,25,20,20
48,7066,0.008190176960894061,3.661394271155095e-05,0.3065495700898206,0.6852236390065737,25,20,20
48,7067,0.08525993236083669,0.0003989681840282453,0.26263008568884255,0.6517110137662924,25,20,20
48,7068,0.041131992119179464,0.000770482443459047,0.2878263996486094,0.6702711257887525,25,20,20
48,7069,0.031335262185936935,0.00012456982992759444,0.3274610862480322,0.6410790817361023,25,20,20
48,7070,0.03133055009819468,0.0025875317600933846,0.29676315812231396,0.6693187600193976,25,20,20
48,7071,0.03133483677063001,0.003832872245499528,0.28582798220399785,0.6790043087798731,25,20,20
48,7072,0.009216943327258828,0.0019044681530253982,0.3077915269414448,0.6810870615782696,25,20,20
48,7073,0.012064473392013607,0.0019043767080414305,0.306006011120977,0.6800251387789669,25,20,20
48,7074,0.04502088097433564,9.262935289079094e-05,0.2717350916127875,0.6831513980599859,25,20,20
48,7075,0.03594291504551762,0.00011990528048822565,0.32204244058410386,0.6418947390898876,25,20,20
48,7076,0.009104814830079076,7.290306136458024e-05,0.2483211981011208,0.7425010840074334,25,20,20
48,7077,9.113904345268861e-06,1.5744658996586075e-06,0.21809761821278442,0.7818916934169694,25,20,20
48,7078,0.012058718705859253,0.0006834255778263186,0.18763167630768915,0.7996261794086249,25,20,20
48,7079,0.0007857793499216821,1.1731563806865073e-06,0.17368539751956732,0.8255276499741306,25,20,20
48,7080,0.005872331166243464,6.6296338847642945e-06,0.15618214533994984,0.8379388938599215,25,20,20
48,7081,0.0220653257345272,6.095939024431076e-06,0.1399278851503423,0.8380006931761058,25,20,20
48,7082,0.00600337600268828,5.94451304647801e-06,0.1551520830633218,0.8388385964209436,25,20,20
48,7083,0.03815883306091377,4.390453298485641e-05,0.12245781025502747,0.8393394521510733,25,20,20
48,7084,0.00014353430811879476,0.0008810925320214532,0.1604905021849849,0.8384848709748741,25,20,20
48,7085,0.0001236062248732844,0.022842346314989118,0.14566799156888335,0.8313660558912532,25,20,20
48,7086,8.194134439552137e-06,0.040798758484791156,0.1208471228915384,0.8383459244892297,25,20,20
48,7087,1.6332591855725587e-07,0.040000459905851764,0.1272886906361536,0.8327106861320759,25,20,20
48,7088,2.1546701241183342e-08,0.04000068452678049,0.14044049241335885,0.8195588015131591,25,20,20
48,7089,0.000512016110675151,0.04003591018920429,0.13191111943163006,0.8275409542684904,25,20,20
48,7090,0.00806977509343858,0.040035431939026166,0.11297951073942275,0.8389152822281122,25,20,20
48,7091,0.008070486359493971,0.06162088369662601,0.09192613573090677,0.8383824942129731,25,20,20
48,7092,0.04703925948672252,0.07175516299346035,0.043446030751176215,0.8377595467686412,25,20,20
48,7093,0.008078661944349632,0.04002670557905689,0.1136371766095462,0.8382574558670474,25,20,20
48,7094,0.005525219631445191,0.039527593004787705,0.11696227988304607,0.8379849074807207,25,20,20
48,7095,0.005525126449725099,0.039989118385251494,0.11611355089768914,0.838372204267334,25,20,20
48,7096,0.0002831423453419572,0.06092055739907085,0.09941343860895202,0.8393828616466351,25,20,20
48,7097,3.750505996868652e-06,0.05021245617815709,0.11127105939969749,0.8385127339161484,25,20,20
48,7098,1.540645415424585e-07,0.07128936904548738,0.12683961380057515,0.8018708630893956,25,20,20
48,7099,0.0004941934899399302,0.07999700608692034,0.08660246808898917,0.8329063323341502,25,20,20
48,7100,2.5579144550557924e-07,0.07999018708499651,0.08114579562266001,0.8388637615008976,25,20,20
48,7101,1.1579045769354194e-06,0.08018884073198829,0.11967932947142407,0.8001306718920105,25,20,20
48,7102,0.000160340104816157,0.07965402526842397,0.11956869137850333,0.8006169432482564,25,20,20
48,7103,9.853540181307423e-07,0.07947161466083925,0.16698298126295558,0.7535444187221869,25,20,20
48,7104,9.850210992133173e-07,0.07881200214009346,0.17681507491098197,0.744371937927825,25,20,20
48,7105,0.00794761670586704,0.07930458555230555,0.16049407065548768,0.7522537270863395,25,20,20
48,7106,0.00041511641593003313,0.0799818601360223,0.13693789185226155,0.7826651315957857,25,20,20
48,7107,5.3268802311814986e-06,0.06283518507567443,0.15529544437679785,0.7818640436672958,25,20,20
48,7108,3.995614975951911e-06,0.043023808910248665,0.18436486452929837,0.7726073309454763,25,20,20
48,7109,0.00023005769138797916,0.04187423681593839,0.1932933199639017,0.7646023855287717,25,20,20
48,7110,0.00023395249845957586,0.02354382736632313,0.20260048433804798,0.7736217357971689,25,20,20
48,7111,0.00634535762005392,0.032455821564155926,0.18612609024858404,0.7750727305672052,25,20,20
48,7112,0.006114097808279545,0.039594414193253685,0.18126049083090248,0.7730309971675637,25,20,20
48,7113,0.010646253681413469,0.039354560499728054,0.20581118374654742,0.7441880020723098,25,20,20
48,7114,0.04023499249299494,0.04008128119214741,0.16061518320642165,0.759068543108435,25,20,20
48,7115,0.03684386589041131,0.039480739197965006,0.19265341392708016,0.731021980984543,25,20,20
48,7116,0.0002618632098606886,0.07949212542228676,0.1832032717806088,0.7370427395872429,25,20,20
48,7117,8.730839263783296e-06,0.07949085603339613,0.21830705971347547,0.7021933534138637,25,20,20
48,7118,2.04153608264623e-07,0.07975198811219357,0.16923162765640723,0.7510161800777905,25,20,20
48,7119,1.0712602159998644e-05,0.06219141209017589,0.13848692240154936,0.7993109529061142,25,20,20
48,7120,1.0713645115622303e-05,0.062190714341004406,0.13920874351188398,0.7985898285019958,25,20,20
48,7121,0.03390385103306475,0.07949805988565914,0.10230101841215285,0.7842970706691229,25,20,20
48,7122,0.036402686874059946,0.07932672919551444,0.0851663129397963,0.7991042709906289,25,20,20
48,7123,0.08209209093070932,0.07947565400157561,0.07707478707945939,0.7613574679882553,25,20,20
48,7124,0.08361029894150818,0.05460210588120163,0.061347321322925225,0.8004402738543649,25,20,20
48,7125,0.11630308883629707,0.07923676247366447,0.005906772347415184,0.7985533763426234,25,20,20
48,7126,0.08196651404419995,0.09034544921930225,0.0364183131734764,0.7912697235630209,25,20,20
48,7127,0.08138984544183195,0.09033975691640186,0.03709108110698369,0.7911793165347821,25,20,20
48,7128,0.005070537961558256,0.08031266682739323,0.12405327948178112,0.7905635157292669,25,20,20
48,7129,0.004671364480544522,0.07964493429570677,0.12577220193926,0.7899114992844879,25,20,20
48,7130,0.004100916843666376,0.05031198502418203,0.14684012368612467,0.7987469744460265,25,20,20
48,7131,1.4534918155136274e-07,0.02036212807977663,0.18780137155274057,0.7918363550183006,25,20,20
48,7132,9.042340359178088e-06,3.810896557008541e-05,0.2086633422948934,0.7912895063991765,25,20,20
48,7133,8.5492548605516e-05,5.1476123744318814e-05,0.20821363361846806,0.7916493977091821,25,20,20
48,7134,8.546299192455378e-05,5.152027567061279e-05,0.22390279533157034,0.7759602214008336,25,20,20
48,7135,1.0410606332000437e-06,0.0008346741229748326,0.2129063739903555,0.786257910826036,25,20,20
48,7136,1.4790314184239461e-06,4.144243216306547e-05,0.1567223629482062,0.8432347155882118,25,20,20
48,7137,0.0001135227535093687,5.0375798336375195e-05,0.16113759775330252,0.8386985036948508,25,20,20
48,7138,0.0004774638795294511,3.617374300043132e-05,0.1587190870992836,0.8407672752781863,25,20,20
48,7139,0.0004774984055495398,3.6172404097477734e-05,0.1580506960422945,0.8414356331480579,25,20,20
48,7140,3.949285849268968e-06,3.67988171805741e-05,0.15003452326073657,0.8499247286362328,25,20,20
48,7141,3.7627237440797754e-06,0.024248923628551182,0.1411865611693755,0.834560752478329,25,20,20
48,7142,3.449446207703156e-08,0.02414731734912382,0.0855130818362761,0.8903395663201377,25,20,20
48,7143,1.227154750606981e-08,0.024147313199090237,0.08120490178306511,0.8946477727462969,25,20,20
48,7144,2.6928723915203135e-11,0.03159576735182039,0.058938034137879444,0.9094661984833712,25,20,20
48,7145,9.678122236131358e-10,0.031595624388506265,0.017938479739475387,0.9504658949042062,25,20,20
48,7146,1.5270807271673332e-12,0.002532772684479497,0.03848220090479877,0.9589850264091944,25,20,20
48,7147,2.7667563540064754e-11,8.624651043459657e-07,0.0486198325684012,0.9513793049388264,25,20,20
48,7148,3.75148684583116e-10,8.657013419537386e-07,0.053011784262081765,0.9469873496614273,25,20,20
48,7149,9.257297704948147e-11,1.7949413028914393e-08,0.04277589354606882,0.9572240884119446,25,20,20
48,7150,9.297213172641357e-11,1.492628442997999e-08,0.04022128658133071,0.9597786983994125,25,20,20
48,7151,1.8909525605196029e-06,3.3293423533038347e-07,0.041078889030669474,0.9589188870825345,25,20,20
48,7152,0.00024290228887907908,0.0020248140149903425,0.07961259839913416,0.9181196852969958,25,20,20
48,7153,0.00024290226881378923,3.389942586959117e-07,0.08101291491431993,0.9187438438226071,25,20,20
48,7154,1.28848026139998e-05,4.431493779335673e-05,0.07969940736155529,0.9202433928980372,25,20,20
48,7155,6.034181826649695e-06,6.480334603920602e-09,0.09691370403168281,0.9030802553061555,25,20,20
48,7156,2.657067508143263e-05,3.974188478013916e-09,0.10114766426586132,0.8988257610848684,25,20,20
48,7157,0.0036919575576007794,9.07271128504976e-07,0.1476782357142226,0.8486288994570482,25,20,20
48,7158,0.039853182629068944,7.689948594278619e-10,0.06968639076918604,0.8904604258327501,25,20,20
48,7159,2.7961436592220373e-05,1.1946877360196817e-08,0.14719237309511551,0.852779653521414,25,20,20
48,7160,0.00011959978526084884,3.6810894423816785e-05,0.16848442536404715,0.8313591639562677,25,20,20
48,7161,1.43576903794108e-06,9.428639979290564e-06,0.16592245842725642,0.8340666771637258,25,20,20
48,7162,0.00011648562900135269,3.685192293246408e-07,0.1694237251785318,0.8304594206732366,25,20,20
48,7163,0.03307891639195912,7.071951229080328e-07,0.13755400420019728,0.8293663722127202,25,20,20
48,7164,0.03296268422122979,4.062075141429548e-09,0.14668338900032943,0.8203539227163646,25,20,20
48,7165,0.03301939957476677,1.6801684272800197e-07,0.12801439337954615,0.8389660390288435,25,20,20
48,7166,0.03312955023764737,6.857821948361108e-06,0.15043928524947814,0.8164243066909256,25,20,20
48,7167,0.03309568786504404,1.1681569241534984e-06,0.1373600699514596,0.8295430740265718,25,20,20
48,7168,0.0005991333748226324,1.2101735735329534e-06,0.20596818435571687,0.793431472095887,25,20,20
48,7169,0.0004791043786263547,5.333485607895407e-05,0.18701009327563567,0.8124574674896589,25,20,20
48,7170,0.007994987195845049,0.0013515701134573879,0.17668723075104217,0.8139662119396549,25,20,20
48,7171,0.008274038202470036,0.0016981464583407922,0.17375187422640828,0.8162759411127802,25,20,20
48,7172,0.00047706879563703285,0.01662599075565002,0.18389338488998416,0.7990035555587285,25,20,20
48,7173,9.001593115368382e-06,0.002004504153912222,0.19900663711895544,0.7989798571340165,25,20,20
48,7174,1.1824104537867202e-05,0.0019912759007355636,0.2883262991982253,0.7096706007965004,25,20,20
48,7175,0.00054926307994816,0.014712598393607617,0.28171778594389696,0.7030203525825462,25,20,20
48,7176,0.001093556104805288,0.0002722040823186951,0.30675840778880287,0.6918758320240721,25,20,20
48,7177,0.00048097295125973583,1.195588175683773e-06,0.2339706715685238,0.7655471598920398,25,20,20
48,7178,0.023556113408145552,1.3543384902707059e-05,0.19286017002944775,0.7835701731775033,25,20,20
48,7179,6.322975648048326e-05,0.022834271206264627,0.1780306858035904,0.7990718132336636,25,20,20
48,7180,0.03980898826681612,0.0013433561584188592,0.17822122540488372,0.7806264301698806,25,20,20
48,7181,0.0399239197290985,8.538022601616159e-07,0.19314638568281114,0.7669288407858297,25,20,20
48,7182,0.008041908588608326,8.214478378321817e-06,0.18607657802678346,0.8058732989062293,25,20,20
48,7183,0.004877569920612187,6.540333582185558e-07,0.17142500122547677,0.8236967748205528,25,20,20
48,7184,0.0005472770181199487,1.256965458882557e-06,0.1894654210564397,0.8099860449599808,25,20,20
48,7185,0.0004816400254188096,8.343085251898594e-07,0.19096606915044262,0.8085514565156126,25,20,20
48,7186,1.7617138897095178e-05,8.338859849979922e-07,0.16613822243701953,0.8338433265380977,25,20,20
48,7187,3.4609042476014053e-06,7.856862039710686e-07,0.11243665002548693,0.8875591033840611,25,20,20
48,7188,3.425512128960468e-06,6.872851844083789e-07,0.08256179649558439,0.9174340907071016,25,20,20
48,7189,6.046290274572355e-06,6.893753487232451e-07,0.12160654055511866,0.8783867237792574,25,20,20
48,7190,4.650835929493842e-06,9.99553616122783e-06,0.1584964829747741,0.8414888706531343,25,20,20
48,7191,4.631559128761054e-06,1.0563824619424724e-05,0.1191273276279382,0.8808574769883135,25,20,20
48,7192,6.7469458443165544e-06,9.312838023365565e-06,0.12007579847945349,0.8799081417366788,25,20,20
48,7193,2.116538656606548e-06,0.0019138435917754287,0.12780689598815462,0.8702771438814125,25,20,20
48,7194,2.1151757713177297e-06,0.001913843392709443,0.11948649330520843,0.8785975481263104,25,20,20
48,7195,2.1140640938115697e-06,1.2706403372890306e-05,0.14511326158098636,0.8548719179515462,25,20,20
48,7196,2.21576421395692e-09,1.2844498735420463e-05,0.15512172352587383,0.8448654297596258,25,20,20
48,7197,4.897921163429341e-06,4.591809934097641e-05,0.14601015181670485,0.8539390321627899,25,20,20
48,7198,5.450730265979558e-08,2.5026512802774186e-05,0.1693141217820988,0.8306607971977955,25,20,20
48,7199,5.458241132380332e-08,2.5871148098326486e-05,0.1618603148602798,0.8381137594092104,25,20,20
48,7200,0.031182384705524528,2.520836230509263e-05,0.12427701802170567,0.8445153889104643,25,20,20
48,7201,0.031895363580804525,2.5206917254764157e-05,0.12286114812874402,0.845218281373196,25,20,20
48,7202,5.478088187253575e-07,2.5283661468698725e-05,0.1262880709415564,0.8736860975881556,25,20,20
48,7203,3.11545325352568e-08,5.222931509499464e-06,0.09637796483325463,0.9036167810807031,25,20,20
48,7204,6.650625658165778e-08,0.021264187110411687,0.06025170366588859,0.9184840427174428,25,20,20
48,7205,6.650625533010638e-08,0.021264186998036318,0.059311625781848454,0.9194241207138596,25,20,20
48,7206,0.00023844563601670948,0.020523883912878252,0.0684348377243084,0.9108028327267964,25,20,20
48,7207,2.135151239969121e-06,0.020523638565527098,0.06012045748346947,0.9193537687997635,25,20,20
48,7208,3.0010352844300785e-07,0.020553478470411238,0.06045616856564716,0.9189900528604127,25,20,20
48,7209,3.000932286829296e-07,0.04002967376560061,0.059005464232425024,0.9009645619087456,25,20,20
48,7210,3.004131100922036e-06,0.03999973717931823,0.011044863241190911,0.9489523954483897,25,20,20
48,7211,5.9913932869606365e-12,0.022312790660433207,0.07277506333577127,0.9049121459978039,25,20,20
48,7212,4.107750268624939e-09,0.03929758540001922,0.04177186168269628,0.9189305488095337,25,20,20
48,7213,4.107470391182558e-09,0.02221590316328172,0.10836154064080841,0.8694225520884389,25,20,20
48,7214,6.480923292683631e-12,0.022264183407633188,0.06576437558720144,0.9119714409986841,25,20,20
48,7215,1.7375329077122237e-12,0.022264183359679227,0.05911364456458186,0.9186221720740012,25,20,20
48,7216,2.5495722085166104e-11,0.0421622765040395,0.039325999321059533,0.918511724149405,25,20,20
48,7217,2.5248065032741768e-11,0.029151249017175855,0.06976828660102105,0.9010804643565545,25,20,20
48,7218,1.0474747414699026e-10,0.02657655277171517,0.07347475756286469,0.8999486895606721,25,20,20
48,7219,1.2856018657306967e-14,0.02289126234831683,0.07656709527049435,0.9005416423811756,25,20,20
48,7220,4.1440574102737364e-08,0.022844211212792863,0.07445905356310055,0.9026966937835322,25,20,20
48,7221,0.0001216267959823626,0.03998827764020209,0.040508963252149116,0.9193811323116661,25,20,20
48,7222,0.00012162680836933697,0.03998827769983029,0.07920115960895659,0.8806889358828432,25,20,20
48,7223,0.0001216268083745825,0.039990915863156576,0.07934322750810249,0.880544229820366,25,20,20
48,7224,0.00012162772457808467,0.04002929313020448,0.08609567619549584,0.8737534029497211,25,20,20
48,7225,0.00012472948345964067,0.03999600380896563,0.10383165270066876,0.8560476140069053,25,20,20
48,7226,3.332913830019956e-07,0.03999561647834801,0.09342214896942769,0.8665819012608407,25,20,20
48,7227,6.665842412632945e-10,0.03999059652865526,0.06870875359125873,0.8913006492135015,25,20,20
48,7228,5.718889778088929e-08,0.03999074164780706,0.05327660177618379,0.9067325993871109,25,20,20
48,7229,1.0871775481180181e-09,0.03931974260484251,0.042683472779892116,0.9179967835280876,25,20,20
48,7230,3.0119948730262136e-06,0.039375474276573307,0.041851686183361186,0.9187698275451923,25,20,20
48,7231,8.575618984025294e-08,0.0007121449937532462,0.08062979316072763,0.9186579760893291,25,20,20
48,7232,1.2319677132688882e-06,8.35259673182606e-07,0.08805516130511158,0.9119427714675016,25,20,20
48,7233,0.007935010212893875,1.4280233471429065e-08,0.07650968715939033,0.9155552883474821,25,20,20
48,7234,7.592856630402123e-12,8.741892358310558e-07,0.08785889866675642,0.9121402271364143,25,20,20
48,7235,1.8804385523877428e-13,1.879889909440961e-05,0.07902180187091182,0.9209593992298051,25,20,20
48,7236,0.005673939991735791,2.8133257312056303e-10,0.07156449566349404,0.9227615640634373,25,20,20
48,7237,1.2420982167579378e-05,2.837348053684627e-05,0.08895645098756796,0.9110027545497265,25,20,20
48,7238,0.020779798577047634,1.0797866930009338e-06,0.07103879312839542,0.9081803285078636,25,20,20
48,7239,4.621723646412801e-05,2.2041308700602256e-09,0.07124709140814806,0.9287066891512569,25,20,20
48,7240,3.760404786598209e-05,0.031284767386948714,0.04081722213589572,0.9278604064292898,25,20,20
48,7241,1.7429097222187927e-08,0.03128476534849057,0.010488294484089522,0.9582269227383226,25,20,20
48,7242,1.742999728771622e-08,0.031284765532358705,0.04890488025771637,0.9198103367799277,25,20,20
48,7243,2.084058652804977e-08,0.03128476535463721,0.06822008990311648,0.9004951239016598,25,20,20
48,7244,1.3479706965368044e-12,0.039999500365273694,0.04114964502430925,0.9188508546090689,25,20,20
48,7245,1.30750958216316e-11,0.039999469529879664,0.04183354853034305,0.9181669819267018,25,20,20
48,7246,7.45921872658542e-12,0.03999054661413445,0.05662863197758786,0.9033808214008183,25,20,20
48,7247,6.907064851516345e-12,0.039988245270210984,0.04215175397491098,0.9178600007479705,25,20,20
48,7248,4.0449241063769934e-13,0.03999946635476952,0.04897138002327951,0.9110291536215462,25,20,20
48,7249,8.106964160173351e-12,0.0007111275565655317,0.06500128770178643,0.9342875847335409,25,20,20
48,7250,0.03076154156833753,1.6105172700926743e-06,0.06250532703251556,0.9067315208818763,25,20,20
48,7251,0.005722782941758521,1.3311273792026692e-07,0.04657328198613075,0.9477038019593728,25,20,20
48,7252,0.00011681160295613605,1.3393164456691874e-07,0.05268545927258202,0.9471975951928172,25,20,20
48,7253,0.0001168109494653146,6.17429488450699e-09,0.06121669035554777,0.9386664925206917,25,20,20
48,7254,6.029614330848282e-06,1.0449702340816358e-11,0.06128668048304317,0.9387072898921761,25,20,20
48,7255,3.858823860099678e-10,6.484621932588598e-07,0.05351725364199218,0.9464820975099318,25,20,20
48,7256,2.501994776697427e-09,8.496556641305644e-09,0.08848491066699542,0.9115150783344536,25,20,20
48,7257,7.548249837885897e-09,0.00021664152313843307,0.04293200812199055,0.956851342806621,25,20,20
48,7258,1.6848961143200842e-09,0.001339951565053988,0.05525957960302169,0.9434004671470277,25,20,20
48,7259,1.7378680409304366e-09,2.4025511291361918e-05,0.07850051934327665,0.9214754534075635,25,20,20
48,7260,0.037161632493186346,2.4809441640980303e-05,0.08427968796324897,0.8785338701019235,25,20,20
48,7261,0.03716163169397727,0.0025280320699383736,0.10902387562511526,0.8512864606109689,25,20,20
48,7262,0.02338086848738319,8.7696408508453e-07,0.10833794584779188,0.868280308700739,25,20,20
48,7263,0.054829712999813075,3.974133373263786e-07,0.09878567402195099,0.8463842155648981,25,20,20
48,7264,0.038717741917705856,1.2266788030347683e-06,0.11447049087942576,0.8468105405240648,25,20,20
48,7265,0.007706471327610823,4.864443716275382e-05,0.18498776916944393,0.8072571150657815,25,20,20
48,7266,0.007261074885284052,4.86543585057591e-05,0.23089219109047276,0.7617980796657366,25,20,20
48,7267,0.007368244918346371,0.022807646365912322,0.189534535647891,0.7802895730678492,25,20,20
48,7268,0.007377509614353333,0.03251475945546744,0.18672316829035515,0.7733845626398232,25,20,20
48,7269,0.012970849836578001,0.03176798472029017,0.15633433443265557,0.7989268310104759,25,20,20
48,7270,0.011092169245729293,0.03926314466318618,0.18697687659786144,0.7626678094932225,25,20,20
48,7271,0.005225886929781696,0.03976687442570312,0.19631053016273778,0.7586967084817766,25,20,20
48,7272,0.014679316795201498,0.040000151822952246,0.18632665878383853,0.7589938725980073,25,20,20
48,7273,0.036381893171704406,0.040033486245344044,0.16225111849487747,0.7613335020880742,25,20,20
48,7274,0.06873427391031232,0.04002040079099509,0.13679967405322074,0.7544456512454716,25,20,20
48,7275,0.009304318082764558,0.03999981682168581,0.15297419458898842,0.7977216705065605,25,20,20
48,7276,0.00908905062004819,0.04187509210957807,0.1497143915609009,0.7993214657094722,25,20,20
48,7277,0.007746536922873097,0.039348427361261984,0.12341041579095696,0.8294946199249076,25,20,20
48,7278,0.00021439250406972134,0.03998810490242917,0.14191858882937994,0.8178789137641204,25,20,20
48,7279,0.00021637063181219795,0.03998810728714707,0.14193335473801386,0.8178621673430267,25,20,20
48,7280,0.03638306869763563,0.031529880503123726,0.11379079697137855,0.8182962538278618,25,20,20
48,7281,0.008125240436071747,0.039990464653776675,0.12114087887812408,0.8307434160320264,25,20,20
48,7282,0.0002391481317043585,0.0399904648099761,0.12166927851922264,0.8381011085390966,25,20,20
48,7283,0.012664587646132909,0.0399991925127668,0.14756646404065932,0.79976975580044,25,20,20
48,7284,0.008118180140749458,0.040001926097870406,0.15197070446949212,0.799909189291887,25,20,20
48,7285,0.011441061894635984,0.04002123582628975,0.15162099578527136,0.7969167064938024,25,20,20
48,7286,0.011878242147482914,0.0603175496572588,0.13060012957925973,0.7972040786159978,25,20,20
48,7287,0.01219357063701859,0.08000267675859028,0.10855256194017958,0.7992511906642108,25,20,20
48,7288,0.008369483990409838,0.0793163924903989,0.13233208776418823,0.779982035755002,25,20,20
48,7289,0.00040350264193820905,0.022871770501759033,0.2068806042244214,0.7698441226318803,25,20,20
48,7290,0.00031136488932364555,0.022851791478983186,0.17726905012777328,0.7995677935039196,25,20,20
48,7291,0.022956250199015007,0.022888351364018497,0.15531278575112345,0.7988426126858428,25,20,20
48,7292,9.066771734744367e-05,0.0006622759227829679,0.20008307854987553,0.7991639778099934,25,20,20
48,7293,0.00016550417394638593,0.0006113061468460311,0.19971647036060636,0.7995067193186002,25,20,20
48,7294,0.0028276913907734737,0.022097150536538938,0.17520398198279694,0.79987117608989,25,20,20
48,7295,0.0002522333934986566,0.002385114113219658,0.19764161605381667,0.7997210364394636,25,20,20
48,7296,0.0024655541289167913,0.0023976849095570423,0.19595523096124787,0.7991815300002773,25,20,20
48,7297,0.002465554128921186,0.0023976850225637353,0.21004893351417586,0.7850878273343393,25,20,20
48,7298,1.2142663529837764e-05,0.002365580246391138,0.20660158445383864,0.7910206926362394,25,20,20
48,7299,0.007413293123353089,0.002347162699689408,0.20764411645086567,0.7825954277260914,25,20,20
48,7300,0.004886394372208048,0.03983035373292812,0.15546639031354711,0.799816861581316,25,20,20
48,7301,0.0003125831660670073,0.03998903901839643,0.16109245235835865,0.7986059254571775,25,20,20
48,7302,0.016883832814141634,0.039989035164711875,0.14484912961251462,0.7982780024086317,25,20,20
48,7303,6.605450381685259e-05,0.03948043047521619,0.1607501110756865,0.7997034039452803,25,20,20
48,7304,0.003203077779999879,1.969419752806847e-05,0.19705310860086023,0.7997241194216116,25,20,20
48,7305,6.882588503645484e-05,3.227613295766663e-05,0.2003076754156609,0.7995912225663446,25,20,20
48,7306,0.008750903953413791,6.904323129077922e-07,0.20082645049227107,0.7904219551220021,25,20,20
48,7307,0.11565161492381801,3.4689576284900136e-09,0.10945745349103357,0.7748909281161903,25,20,20
48,7308,0.0809195376138754,3.364684143034064e-07,0.157980449583561,0.7610996763341495,25,20,20
48,7309,0.018383489738246373,1.72787720126849e-05,0.18992563039716204,0.791673601092579,25,20,20
48,7310,0.03859899190884039,1.0395464500702058e-05,0.18040144977707956,0.7809891628495788,25,20,20
48,7311,0.0030180777694589767,1.3392125246506127e-05,0.20237141921247617,0.7945971108928176,25,20,20
48,7312,0.00404035644337989,2.0967711029238503e-05,0.22654753238648723,0.7693911434591029,25,20,20
48,7313,0.0024604561877604007,0.0004101137579815084,0.1865075052731243,0.8106219247811327,25,20,20
48,7314,0.03995141850628325,3.368299229647225e-07,0.16904101829131882,0.791007226372474,25,20,20
48,7315,0.0059063216414009245,0.0007025284157790694,0.20094275074414283,0.7924483991986772,25,20,20
48,7316,0.016788874109825686,0.0006956937089412953,0.2471202978158472,0.7353951343653844,25,20,20
48,7317,8.330037603657424e-05,0.00027594978340182973,0.25764452164402707,0.741996228196533,25,20,20
48,7318,4.63168695620459e-06,0.039821130007312466,0.20085474354629823,0.7593194947594324,25,20,20
48,7319,0.038542559533707804,0.06365872766873674,0.13863079054528155,0.7591679222522737,25,20,20
48,7320,0.03858362962030107,0.043248300096806344,0.15914500576263418,0.7590230645202581,25,20,20
48,7321,0.038703603120013634,0.0398100437783594,0.1699897963798566,0.7514965567217696,25,20,20
48,7322,0.047177732848022715,0.04036492289219692,0.16144189923252444,0.7510154450272553,25,20,20
48,7323,0.008860364519678608,0.04055851229250292,0.23443530394412754,0.7161458192436896,25,20,20
48,7324,0.008868819676329558,0.03226689707343106,0.2202050937549581,0.7386591894952812,25,20,20
48,7325,0.012693661903175717,0.03175691342342563,0.20634202979484237,0.7492073948785556,25,20,20
48,7326,0.07898495616997694,0.03175677875251812,0.14740704822400466,0.7418512168535,25,20,20
48,7327,0.007899796001110829,0.03177455243954456,0.2399075927296957,0.7204180588296485,25,20,20
48,7328,0.0004106057820105671,0.039997427765622914,0.20055602097190026,0.7590359454804659,25,20,20
48,7329,0.0021329489746258266,0.039997333424167725,0.1981263510470109,0.7597433665541954,25,20,20
48,7330,2.0844529484789736e-07,0.03946850737636575,0.20129557888608798,0.759235705292251,25,20,20
48,7331,0.0025074118949924224,0.040141190366813954,0.19898817732709984,0.7583632204110927,25,20,20
48,7332,4.111770792155712e-07,0.04131851454272713,0.19753345091823404,0.7611476233619592,25,20,20
48,7333,9.686061991893039e-05,0.03935863367808509,0.2215764249136704,0.7389680807883248,25,20,20
48,7334,9.656638945697045e-05,0.04002861996141415,0.166206500220832,0.793668313428296,25,20,20
48,7335,9.656702707057287e-05,0.04001525891472328,0.15882858306833084,0.8010595909898744,25,20,20
48,7336,1.1792966617785049e-07,0.02286474735759089,0.17572462699076807,0.8014105077219738,25,20,20
48,7337,6.323522253776816e-06,0.022874514915600126,0.1831051471388714,0.794014014423274,25,20,20
48,7338,0.0004938798268515176,0.002204523343202846,0.19544007075022168,0.801861526079723,25,20,20
48,7339,0.001067778426752426,1.811732346091993e-08,0.1600061564240376,0.8389260470318856,25,20,20
48,7340,0.0005409033687526379,1.82574291659413e-05,0.16061918715745796,0.8388216520446221,25,20,20
48,7341,0.02044626532172724,0.0022177184676865557,0.1387943737200201,0.8385416424905656,25,20,20
48,7342,0.015269664068858655,0.0022178083442911754,0.15340716484500652,0.8291053627418435,25,20,20
48,7343,0.0399490400519815,0.002218077352249052,0.14169606669802756,0.8161368158977418,25,20,20
48,7344,0.0399578538202575,9.550114989768357e-06,0.0959574595110387,0.8640751365537136,25,20,20
48,7345,0.012386948485952232,9.776204016239687e-06,0.10883040996191212,0.878772865348119,25,20,20
48,7346,0.03616341849234314,9.548267896548994e-06,0.12293614297580428,0.8408908902639557,25,20,20
48,7347,3.231839177929572e-06,9.550972665863973e-06,0.19540489521853896,0.804582321969617,25,20,20
48,7348,0.0003018504121132664,0.03902442062261442,0.13598048097747736,0.8246932479877942,25,20,20
48,7349,0.00025352968483658436,0.03933135120896682,0.12756439381415086,0.832850725292045,25,20,20
48,7350,0.01064385416424418,0.020306341670873057,0.13812131628610563,0.8309284878787766,25,20,20
48,7351,0.00011756470830420571,0.04000262547655202,0.1123130428007242,0.8475667670144191,25,20,20
48,7352,0.003585255743152075,0.0402118120725336,0.10908836636927834,0.8471145658150355,25,20,20
48,7353,0.03780414543769984,0.03999970623076535,0.0662244598988401,0.8559716884326946,25,20,20
48,7354,0.0535282838279353,0.039999797761504904,0.0653006051015526,0.8411713133090066,25,20,20
48,7355,0.028495950679573827,0.03998780875380706,0.1319004395652136,0.7996158010014054,25,20,20
48,7356,0.015833087902051277,0.040043636203145716,0.1519109287218246,0.7922123471729781,25,20,20
48,7357,0.07474941671743118,0.04002549845452081,0.10452039014060523,0.7807046946874427,25,20,20
48,7358,0.038712579783458684,0.04002520880938151,0.18076708930882263,0.7404951220983367,25,20,20
48,7359,0.012614563657720785,0.03933177769603468,0.19848488268584472,0.7495687759603985,25,20,20
48,7360,0.00011359187160934684,0.03933201872373646,0.21149590359215936,0.7490584858124939,25,20,20
48,7361,0.0001143792033038818,0.023755353658021686,0.23623789352479801,0.739892373613876,25,20,20
48,7362,0.01662761048953063,0.024556632658244856,0.21804136385974524,0.7407743929924784,25,20,20
48,7363,0.03066541178920059,0.04011738937106503,0.15494938814848389,0.7742678106912497,25,20,20
48,7364,0.038962122651883466,0.0400476457105549,0.15195446502437526,0.7690357666131855,25,20,20
48,7365,0.03735108119138304,0.039031609636472446,0.1630560545788906,0.7605612545932529,25,20,20
48,7366,0.0002850985390026442,0.040144424053032465,0.15873039184542198,0.8008400855625419,25,20,20
48,7367,0.0004939406405415823,0.03903142841323424,0.16077583825133257,0.7996987926948904,25,20,20
48,7368,0.0003350925172974522,0.07879358842733349,0.13576268378096554,0.7851086352744031,25,20,20
48,7369,0.013195272307577293,0.039031939522808645,0.16373834721629943,0.7840344409533142,25,20,20
48,7370,0.025192876825550714,0.04261961098169621,0.15516668406322592,0.7770208281295267,25,20,20
48,7371,0.005399318314223637,0.08001527242883419,0.1776549788227131,0.7369304304342286,25,20,20
48,7372,0.00204335133084373,0.07999943554561562,0.11717083658420027,0.8007863765393402,25,20,20
48,7373,0.00011073037551774756,0.039820083206457885,0.14244503447882242,0.8176241519392019,25,20,20
48,7374,0.00011073037559938496,0.039820076255787276,0.1429687684054414,0.817100424963172,25,20,20
48,7375,5.262843205440353e-05,0.039993207931574,0.16206583679962402,0.7978883268367466,25,20,20
48,7376,0.006284649198863508,0.03999285210709767,0.19722495522860672,0.7564975434654313,25,20,20
48,7377,0.040467665787361815,0.026587691727386283,0.1992836953426582,0.7336609471425924,25,20,20
48,7378,0.033055518585121034,1.302370213045036e-05,0.2084005035350856,0.7585309541776623,25,20,20
48,7379,0.017690207707644737,1.3043344895965054e-06,0.2476863915722204,0.7346220963856449,25,20,20
48,7380,0.0012061895477835326,9.08200292199277e-07,0.2000284436677622,0.7987644585841619,25,20,20
48,7381,0.010145782664492318,0.03958117264120585,0.1653049059896744,0.7849681387046266,25,20,20
48,7382,0.010145781570086478,0.07174492832126718,0.14391389409061786,0.7741953960180272,25,20,20
48,7383,0.010380544493796969,0.07997356530500153,0.12666457608483392,0.7829813141163676,25,20,20
48,7384,0.010380544598202274,0.07997676328401244,0.10986193473960744,0.7997807573781773,25,20,20
48,7385,0.0380857394803408,0.0789589717220579,0.08320396093562278,0.799751327861978,25,20,20
48,7386,0.036708638278326336,0.07948885520317424,0.06631188101557772,0.8174906255029213,25,20,20
48,7387,0.03670856605028809,0.06961305993475965,0.07657505650161268,0.8171033175133392,25,20,20
48,7388,0.03670716887184586,0.07946907937612263,0.06294975558353498,0.8208739961684962,25,20,20
48,7389,0.03670718758943198,0.0794581981805283,0.02141092698835662,0.8624236872416832,25,20,20
48,7390,0.004951576934656271,0.07923323235321943,0.036491994747849886,0.879323195964274,25,20,20
48,7391,7.483693447300684e-11,0.07947114479475799,0.04999940764580625,0.8705294474845986,25,20,20
48,7392,8.860047050282329e-11,0.04000082061373496,0.08034418753343883,0.8796549917642256,25,20,20
48,7393,7.853125122641185e-11,0.04004960341108956,0.13185079238159322,0.8280996041287856,25,20,20
48,7394,4.218158576010654e-10,0.04003787687051206,0.1210464210675035,0.8389157016401679,25,20,20
48,7395,1.1384741977955395e-09,0.039332064606677625,0.08242370592101551,0.878244228333832,25,20,20
48,7396,5.195321022655313e-06,0.03935017572767032,0.08125517299482697,0.8793894559564798,25,20,20
48,7397,6.274858179450225e-06,0.04055725491490378,0.09574435401568764,0.8636921162112288,25,20,20
48,7398,1.0127710359391644e-08,0.05885769690371232,0.08631405516493444,0.8548282378036425,25,20,20
48,7399,9.627805077338872e-05,0.05818102898079764,0.07108954172500867,0.87063315124342,25,20,20
48,7400,9.627106279526626e-05,0.04198063443301007,0.11598445817426314,0.841938636329931,25,20,20
48,7401,9.626792813859376e-05,0.06420029814894193,0.15951009780016517,0.7761933361227542,25,20,20
48,7402,8.599006672174313e-06,0.06419429511838748,0.09477205839185476,0.8410250474830856,25,20,20
48,7403,0.00011358075291679608,0.06459279949176752,0.10259469078106458,0.8326989289742509,25,20,20
48,7404,0.02746275333906252,0.06419674219029783,0.06780454395266043,0.840535960517979,25,20,20
48,7405,0.0274627533343455,0.04197820157334703,0.08954120201454538,0.841017843077762,25,20,20
48,7406,0.00020209678487814143,0.04071697188563646,0.1572403490928901,0.8018405822365948,25,20,20
48,7407,0.0008163268352395829,0.0400581765131956,0.1879152153674426,0.7712102812841221,25,20,20
48,7408,0.0008163925550783067,0.04002323214253853,0.2279993766540325,0.7311609986483499,25,20,20
48,7409,0.033146525655193354,0.02286306580599786,0.20097349959754593,0.7430169089412634,25,20,20
48,7410,0.040865127046521926,1.9691209619840154e-05,0.1999002977932988,0.7592148839505589,25,20,20
48,7411,0.043677585218076735,1.455768477867674e-06,0.15866002077408134,0.797660938239364,25,20,20
48,7412,0.0384196916204397,9.159592169749542e-07,0.16314675728198694,0.798432635138356,25,20,20
48,7413,0.03841599281628635,0.000315760303688878,0.1625628740548552,0.798705372825169,25,20,20
48,7414,0.01730646701010763,2.0048676731605007e-05,0.18351614253449508,0.7991573417786654,25,20,20
48,7415,0.009688429729237199,2.0040284293357994e-05,0.19138850783081238,0.7989030221556566,25,20,20
48,7416,0.01984384692912744,5.055973898230814e-06,0.18060561256544724,0.7995454845315265,25,20,20
48,7417,0.04675582831999435,7.229400732805157e-07,0.1539380251626321,0.7993054235773002,25,20,20
48,7418,0.010074468369841343,0.0004299131359853043,0.19790576072801558,0.7915898577661573,25,20,20
48,7419,0.04074489346370736,0.0029069678102404246,0.1651318179055538,0.7912163208204978,25,20,20
48,7420,0.042266195444359625,0.0004825727552254107,0.15856812314060473,0.7986831086598104,25,20,20
48,7421,0.03744296271900731,0.02089688796151622,0.1422619271120798,0.7993982222073964,25,20,20
48,7422,0.00021044875418762838,9.702469600015612e-05,0.20147158432880974,0.7982209422210012,25,20,20
48,7423,0.0002835533260370498,1.499966230768406e-05,0.20586791101228147,0.7938335359993732,25,20,20
48,7424,0.0005307857135471777,2.449825538487522e-05,0.20670207968544774,0.79274263634562,25,20,20
48,7425,0.03579377288875293,2.5899730730386316e-05,0.16205279238203554,0.8021275349984804,25,20,20
48,7426,0.038068771441537606,8.890611787130139e-07,0.15656038865208025,0.8053699508452027,25,20,20
48,7427,0.07390699271648014,6.348639827735462e-06,0.10243572583877075,0.8236509328049213,25,20,20
48,7428,0.0033785691908490194,7.17545299658012e-06,0.16372214923109674,0.8328921061250574,25,20,20
48,7429,8.426937764953632e-05,3.485838418207389e-05,0.13042007070986986,0.8694608015282982,25,20,20
48,7430,8.895180158327217e-05,2.9368767855521023e-05,0.16355236178299784,0.8363293176475638,25,20,20
48,7431,0.006769430748539766,3.737819073690297e-05,0.15288088722083631,0.8403123038398869,25,20,20
48,7432,0.00668753783531409,2.9958543088390784e-05,0.18068933433361856,0.8125931692879785,25,20,20
48,7433,0.0323035805387392,2.9767395671196623e-07,0.15371286678411025,0.8139832550031937,25,20,20
48,7434,4.33132298096633e-06,4.8086074309687906e-05,0.1781297295796845,0.8218178530230243,25,20,20
48,7435,2.4412912095603475e-07,4.8641616783560183e-05,0.1678380765040431,0.8321130377500516,25,20,20
48,7436,2.202963765519472e-06,4.863916051519906e-05,0.19823655342991678,0.8017126044458018,25,20,20
48,7437,0.00011001614401222697,1.8304954619237038e-08,0.19871656509076385,0.8011734004602685,25,20,20
48,7438,0.00011001614430874929,4.747297669365199e-05,0.20634680833928276,0.793495702539714,25,20,20
48,7439,0.00011016715009399006,1.887908258531179e-07,0.24303876799923244,0.7568508760598472,25,20,20
48,7440,0.0002543382669894849,8.167587356186146e-07,0.23682599886489933,0.7629188461093745,25,20,20
48,7441,0.016639832525265935,1.2960319373836889e-06,0.24619028293189849,0.737168588510897,25,20,20
48,7442,0.01592324477136222,3.064653408288462e-07,0.20706621070563977,0.7770102380576565,25,20,20
48,7443,0.0006954495979007064,2.9181001644695542e-08,0.2351264030282938,0.7641781181928033,25,20,20
48,7444,0.05113892513406928,5.548125802374886e-08,0.15787901589116618,0.7909820034935059,25,20,20
48,7445,0.010045099265289221,3.743476589636295e-05,0.1905641485462371,0.799353317422577,25,20,20
48,7446,0.03696340907994387,0.0010545706406618102,0.16235808505986984,0.7996239352195244,25,20,20
48,7447,0.03187273415533279,0.026084731936900335,0.11905308166945254,0.8229894522383142,25,20,20
48,7448,0.03188126741302833,0.0025370589938479254,0.1271664496958195,0.838415223897304,25,20,20
48,7449,0.03657806887344903,0.02657474797535001,0.09881481001904754,0.8380323731321535,25,20,20
48,7450,0.035187601133749524,0.029977903198609414,0.07903730829617871,0.8557971873714624,25,20,20
48,7451,6.475815652067811e-07,0.02379979429679967,0.13685778005721583,0.8393417780644192,25,20,20
48,7452,7.843573838353383e-05,0.023799878292700333,0.16994678623207107,0.8061748997368444,25,20,20
48,7453,0.00010035542355733989,1.1478815502331376e-06,0.19754221612612874,0.8023562805687638,25,20,20
48,7454,0.00409558636967354,3.763610265335645e-05,0.19366161660636083,0.8022051609213112,25,20,20
48,7455,0.03490822035945078,2.438493989051453e-05,0.16594607568351402,0.7991213190171443,25,20,20
48,7456,0.07476751329251798,1.0162025770977049e-06,0.12718212905443466,0.7980493414504686,25,20,20
48,7457,0.0346022039890135,8.36153435016643e-07,0.16352271106533664,0.8018742487922155,25,20,20
48,7458,0.0389467381529001,5.342867834371102e-08,0.1613665387645999,0.7996866696538217,25,20,20
48,7459,0.03477126595991649,8.829906467273412e-07,0.17383114971924354,0.7913967013301938,25,20,20
48,7460,0.04049851460178517,1.7351536664625652e-05,0.16124842225009545,0.7982357116114533,25,20,20
48,7461,0.04551965685903501,1.238155164592007e-06,0.1393142763913872,0.8151648285944126,25,20,20
48,7462,0.02936916660374965,0.0019143971606407997,0.1291149402873551,0.8396014959482543,25,20,20
48,7463,0.0886312498255075,3.7105042018933185e-05,0.07900095132614655,0.8323306938063272,25,20,20
48,7464,0.015406246500077731,1.355359907570093e-05,0.15531406978578396,0.8292661301150622,25,20,20
48,7465,8.354829364614778e-05,3.340456775875003e-05,0.14573761062723117,0.854145436511363,25,20,20
48,7466,0.036266498458732754,9.369519496549634e-09,0.10106076240291975,0.8626727297688274,25,20,20
48,7467,0.07248034444048294,1.3127680717901683e-08,0.06496058721477056,0.8625590552170657,25,20,20
48,7468,0.06534087908743737,2.8057896223079415e-06,0.02349858981970021,0.9111577253032402,25,20,20
48,7469,0.03992270881624927,1.114445875578872e-08,0.07177399052144277,0.8883032895178488,25,20,20
48,7470,0.0021033867323544315,4.487932892545333e-06,0.10245104324760479,0.8954410820871481,25,20,20
48,7471,0.00017287569736170448,0.0003007517171006441,0.04718766333694664,0.9523387092485909,25,20,20
48,7472,0.0001671675509741503,1.0052417818478244e-05,0.047258733339412294,0.9525640466917945,25,20,20
48,7473,0.0003353241624694689,2.2366143982721372e-10,0.039934755301615624,0.9597299203122533,25,20,20
48,7474,0.029349989513112015,1.0993509079150288e-06,0.011415987585806973,0.9592329235501729,25,20,20
48,7475,0.03160106333697854,6.055117101715222e-07,0.01777439089931022,0.9506239402520013,25,20,20
48,7476,0.0026632610502733585,1.4673191746455796e-07,0.03821226814961959,0.9591243240681894,25,20,20
48,7477,0.0026632610667803613,1.467329807202373e-07,0.03767513949847476,0.9596614527017642,25,20,20
48,7478,6.677812087667723e-05,4.014501919601646e-07,0.05003502095285753,0.9498977994760732,25,20,20
48,7479,0.00793416925968945,1.9025472541136317e-10,0.042802603315055324,0.9492632272350001,25,20,20
48,7480,0.007934169259407842,1.9104186779039578e-10,0.03417021785977113,0.957895612689779,25,20,20
48,7481,0.010132476449755654,8.012324920901103e-06,0.030463484531678083,0.959396026693645,25,20,20
48,7482,0.01429177631815352,1.0415329048745843e-08,0.02677183827110869,0.9589363749954086,25,20,20
48,7483,0.01429177631825807,1.3594149415700965e-08,0.026932050788634518,0.9587761592989581,25,20,20
48,7484,0.014291776318251681,1.0411238463159572e-08,0.04817942714797075,0.937528786122539,25,20,20
48,7485,0.03709156960097238,3.9134657104912795e-05,0.018640335178876265,0.9442289605630466,25,20,20
48,7486,0.003143180213714222,1.705701343518741e-07,0.061408405955148335,0.935448243261003,25,20,20
48,7487,0.003143180207544351,1.6996186246605383e-07,0.06442295600842747,0.9324336938221651,25,20,20
48,7488,0.003143273115310485,1.7884338336721845e-07,0.093728437335943,0.9031281107053623,25,20,20
48,7489,0.0003297807333738477,1.4378079366602912e-08,0.09577641593159525,0.9038937889569509,25,20,20
48,7490,0.00032968821362059855,6.560252502239287e-09,0.1236793571354958,0.875990948090631,25,20,20
48,7491,0.028564227718966093,4.736371159980873e-05,0.09790517170723528,0.8734832368621988,25,20,20
48,7492,0.02856422856799409,4.736667115640786e-05,0.06812043608381184,0.9032679686770377,25,20,20
48,7493,5.196411274147184e-06,0.0020076533034100947,0.15318062874437477,0.8448065215409406,25,20,20
48,7494,5.195633658212019e-06,0.002016201207030773,0.1039560754993282,0.8940225276599825,25,20,20
48,7495,1.1815639460182874e-08,0.0020028063691588716,0.07967966114578023,0.9183175206694212,25,20,20
48,7496,3.840270391333323e-13,0.0020028062781814442,0.06401359856582267,0.9339835951556117,25,20,20
48,7497,1.0738768630658866e-05,2.6227912478013775e-10,0.04091988646235476,0.9590693745067352,25,20,20
48,7498,1.0905961363509086e-09,0.0019218279199562597,0.05700820101545613,0.9410699699739912,25,20,20
48,7499,2.3246285295055478e-11,6.685800607669888e-07,0.06658311566556978,0.9334162157311229,25,20,20
48,7500,2.2888714912720942e-11,0.020314696271393783,0.022812284817471096,0.9568730188882458,25,20,20
48,7501,1.9626829159298594e-10,0.020045624817296822,0.02252741570823826,0.9574269592781964,25,20,20
48,7502,1.1208203844760746e-09,0.001975942979132415,0.042572326047625085,0.955451729852422,25,20,20
48,7503,6.670898938190269e-13,3.8066682199156375e-05,0.04168965310446775,0.9582722802126661,25,20,20
48,7504,5.234962763022783e-08,1.0411240345922525e-05,0.08616882744255928,0.9138207089674671,25,20,20
48,7505,5.379076485098378e-08,1.041144182606748e-05,0.08936001253032702,0.9106295222370818,25,20,20
48,7506,0.0360935678594866,1.2138329721575694e-10,0.01373982074433757,0.9501666112747924,25,20,20
48,7507,0.013934000313030452,5.727247624173997e-07,0.04238464306260199,0.943680783899605,25,20,20
48,7508,0.029932572002583792,6.426033728080558e-05,0.02016953929864018,0.9498336283614951,25,20,20
48,7509,1.5679229985493888e-07,2.8573363964258588e-12,0.06557034144086316,0.9344295017639793,25,20,20
48,7510,0.03995508999038724,6.696036358650815e-11,0.016008613644771838,0.9440362962978803,25,20,20
48,7511,0.03855769782162424,1.2534833641531381e-08,0.0018027917286222704,0.95963949791492,25,20,20
48,7512,1.3675431467089144e-12,5.989278653086481e-12,0.04184027415478234,0.9581597258378605,25,20,20
48,7513,8.929921938033135e-13,5.939063729158533e-11,0.042076179314691584,0.9579238206250246,25,20,20
48,7514,0.00011263751060263705,1.1798076546397699e-08,0.04147570121327035,0.9584116494780501,25,20,20
48,7515,0.005560372217208518,1.035781239245725e-08,0.05424063097912085,0.9401989864458582,25,20,20
48,7516,0.005560372217028148,1.041654450905774e-08,0.08170664008818308,0.9127329772782441,25,20,20
48,7517,0.012788335237874895,6.631278355701178e-11,0.11454823625082171,0.8726634284449902,25,20,20
48,7518,0.0030048656591819393,3.4602840833908447e-07,0.11594007365571311,0.8810547146566965,25,20,20
48,7519,2.168332315399518e-06,1.807478980799728e-07,0.12637244472931713,0.8736252061904688,25,20,20
48,7520,4.224451413478319e-06,0.0009733033478285221,0.15803304506505533,0.8409894271357019,25,20,20
48,7521,0.03448556240895293,0.0009245329022400434,0.10117246499067177,0.8634174396981353,25,20,20
48,7522,0.040028067825532705,1.9355288368300206e-05,0.08037490356711578,0.8795776733189825,25,20,20
48,7523,0.00016915537969117492,3.4242230844281117e-07,0.11821931660493191,0.8816111855930683,25,20,20
48,7524,0.0004315067672742073,3.428576844509388e-07,0.11910165121126111,0.8804664991637803,25,20,20
48,7525,0.00027778160492561503,2.4329286080282544e-05,0.11826463906599702,0.8814332500429972,25,20,20
48,7526,1.0038553060256503e-05,3.739477809762256e-05,0.1281970648442392,0.8717555018246026,25,20,20
48,7527,1.7918058079808895e-10,4.9657667825947147e-05,0.0891166173660221,0.9108337247869716,25,20,20
48,7528,8.998028078386418e-07,5.2074384275256e-05,0.06865118264597468,0.9312958431669415,25,20,20
48,7529,8.49741784034254e-09,4.9070079749248495e-05,0.1118766063803191,0.8880743150425131,25,20,20
48,7530,8.486209804743305e-09,4.907330330340457e-05,0.0877171543860693,0.9122337638244176,25,20,20
48,7531,8.480391090109561e-09,0.002585515720034152,0.16179672466022807,0.8356177511393461,25,20,20
48,7532,0.036243670338596316,0.0025458536153082755,0.11866591678973423,0.8425445592563608,25,20,20
48,7533,0.00013371810706685835,0.014319354039234735,0.15828506594457065,0.8272618619091273,25,20,20
48,7534,0.012497006394263786,0.014318898694334227,0.11246097922711376,0.860723115684288,25,20,20
48,7535,0.04002096476686838,0.000695026659870691,0.09589152563792852,0.863392482935332,25,20,20
48,7536,0.03628200531409759,7.014942129354647e-07,0.10927726624877428,0.8544400269429151,25,20,20
48,7537,0.036279751204246286,7.006532295442777e-07,0.12422637516658672,0.8394931729759368,25,20,20
48,7538,0.0005065481098906659,6.92086083863576e-05,0.15933371594202536,0.8400905273396976,25,20,20
48,7539,0.02491957516919585,2.450568970944805e-07,0.15354926773242927,0.8215309120414779,25,20,20
48,7540,0.03631611928209846,0.0004998698123134721,0.17634879216751811,0.7868352187380689,25,20,20
48,7541,0.07131260668310917,3.779033337161765e-06,0.16255013079854405,0.7661334834850095,25,20,20
48,7542,0.07574877987347983,1.9364431271463724e-06,0.11982847404553487,0.8044208096378577,25,20,20
48,7543,0.04231275096455864,4.006152277266347e-07,0.13630407535589198,0.8213827730643214,25,20,20
48,7544,0.011006372513707579,3.097609358328692e-05,0.1883573412089924,0.800605310183717,25,20,20
48,7545,0.007588205070589886,1.2313825173486321e-05,0.1904015579505699,0.8019979231536662,25,20,20
48,7546,0.034508354513715596,0.02005308692408625,0.14093493754927955,0.8045036210129183,25,20,20
48,7547,0.0636863052269408,0.02008837257150193,0.11503467509684338,0.8011906471047138,25,20,20
48,7548,0.010556687525040045,0.020053293179131723,0.1453887757862773,0.8240012435095511,25,20,20
48,7549,0.010336342140329328,0.04137012703625819,0.1151507424982139,0.8331427883251985,25,20,20
48,7550,0.004230615867537436,0.03999624059313529,0.13327426961232974,0.8224988739269974,25,20,20
48,7551,0.00021856130673659905,0.040002162849671334,0.119600418832508,0.8401788570110839,25,20,20
48,7552,0.036623252571476785,0.03998918425283731,0.09046738693401613,0.8329201762416699,25,20,20
48,7553,0.03662747259711376,0.03187062456229905,0.09475468007018253,0.8367472227704046,25,20,20
48,7554,0.03411355494011901,0.03998859330415146,0.0873702518383503,0.8385275999173792,25,20,20
48,7555,0.03411355527619677,0.03999953863696338,0.08700441578951258,0.8388824902973269,25,20,20
48,7556,0.02396347778614275,0.04001878426032529,0.09221344726737664,0.8438042906861548,25,20,20
48,7557,1.8625692713528115e-05,0.040171567829853136,0.12157952828314478,0.838230278194288,25,20,20
48,7558,0.000238742897434757,0.05277681934104992,0.10805353365996449,0.8389309041015504,25,20,20
48,7559,0.00032760081187804054,0.039988527508435574,0.12927925664363282,0.8304046150360531,25,20,20
48,7560,0.0002101131224000329,0.040023812225256125,0.12084402220598235,0.838922052446361,25,20,20
48,7561,0.00021011312240735248,0.04002918204830532,0.13897618370055703,0.8207845211287298,25,20,20
48,7562,2.0453257171949532e-08,0.07918744958000948,0.09979442166562022,0.8210181083011122,25,20,20
48,7563,3.501561644121136e-08,0.07917553068473128,0.06909250210546172,0.8517319321941899,25,20,20
48,7564,1.9293897267424005e-08,0.07996937708468915,0.04143179656614421,0.8785988070552694,25,20,20
48,7565,1.0316273167031891e-05,0.07996753082461278,0.04778098714125251,0.8722411657609674,25,20,20
48,7566,6.306112542975287e-08,0.08002246722353851,0.08534589712034114,0.8346315725949945,25,20,20
48,7567,3.182103852313507e-13,0.07998770146506243,0.04739977647638414,0.8726125220582348,25,20,20
48,7568,2.8263687255158153e-07,0.04265703922727051,0.09462734596173761,0.862715332174119,25,20,20
48,7569,0.002137510524109742,0.023102214034172182,0.15290805470926477,0.8218522207324529,25,20,20
48,7570,0.0021375117122602347,0.039818582564878545,0.11942895620253897,0.8386149495203215,25,20,20
48,7571,4.425519785239348e-06,0.03998793533240001,0.1363675001108707,0.8236401390369436,25,20,20
48,7572,0.012484739445220695,0.03998793147190441,0.1177746780402003,0.829752651042674,25,20,20
48,7573,0.00016934818579318522,0.020308959061074248,0.1711564559962452,0.8083652367568871,25,20,20
48,7574,4.027536499295178e-06,9.527747614873077e-07,0.19025697801241528,0.8097380416763234,25,20,20
48,7575,7.830136361418212e-10,0.0007305211724641788,0.18245444447341957,0.8168150335711023,25,20,20
48,7576,5.44853876203839e-08,0.0006224471625247867,0.19345216338565746,0.8059253349664292,25,20,20
48,7577,2.4549858491263684e-06,0.027583396570392348,0.17435234003609779,0.7980618084076597,25,20,20
48,7578,0.006237710382851401,0.001084028760769083,0.19356950586292462,0.7991087549934539,25,20,20
48,7579,0.00035764829849836656,5.616374160453076e-05,0.23936693296867598,0.7602192549912203,25,20,20
48,7580,0.0005064364279997245,1.8437965582168312e-05,0.24606725668775364,0.7534078689186642,25,20,20
48,7581,5.2150094605661196e-05,9.994824507891953e-06,0.26450399194702146,0.7354338631338645,25,20,20
48,7582,3.1684199050483682e-06,0.0005225657038649566,0.24076304771312454,0.7587112181631048,25,20,20
48,7583,6.069182350903869e-06,0.00024497186261612314,0.24289249549679737,0.7568564634582353,25,20,20
48,7584,6.434800289700652e-06,0.002128738502700105,0.24531439899367316,0.7525504277033366,25,20,20
48,7585,0.05685931399756102,0.0021610540204962726,0.1814830435267953,0.7594965884551472,25,20,20
48,7586,0.031239403415824256,0.03210835661497893,0.18473512292948524,0.7519171170397112,25,20,20
48,7587,0.044871445635694014,0.002166672266191324,0.2100412381073472,0.7429206439907677,25,20,20
48,7588,0.04651786553494374,3.95667509072894e-05,0.2039426767835974,0.7494998909305512,25,20,20
48,7589,0.044996984022115216,0.00016900911501759006,0.1871107482404633,0.7677232586224031,25,20,20
48,7590,0.04363541005761783,0.00017922491153711526,0.18652760172758281,0.7696577633032611,25,20,20
48,7591,0.04487025169359844,3.897991464236382e-05,0.15578554217662405,0.7993052262151342,25,20,20
48,7592,0.07763690741516865,3.866754394534909e-05,0.12400375072216305,0.7983206743187218,25,20,20
48,7593,0.022714808334055047,0.0005880875876908368,0.2162417348948797,0.7604553691833738,25,20,20
48,7594,0.009779743567908072,0.0005845426785957572,0.19065990836704727,0.7989758053864481,25,20,20
48,7595,0.0010613520024242583,3.7168868697462047e-06,0.20042627747428857,0.798508653636417,25,20,20
48,7596,1.6925709496672626e-05,5.834339813904894e-05,0.21525445458201614,0.7846702763103479,25,20,20
48,7597,0.0029043713136141566,0.01826332652869691,0.20513266980734796,0.7736996323503409,25,20,20
48,7598,0.0389989888804906,6.880241365513118e-05,0.1627985922102535,0.7981336164956003,25,20,20
48,7599,0.0003296017260256933,6.853125383581094e-05,0.19590192297772216,0.8036999440424162,25,20,20
48,7600,2.0202968042616466e-05,3.146905909588463e-05,0.19566121284650478,0.8042871151263563,25,20,20
48,7601,0.015780673796397623,1.9466634778948623e-05,0.18341165912184423,0.8007882004469786,25,20,20
48,7602,0.07210385973988773,1.0060664461366095e-07,0.1456500924416192,0.7822459472118477,25,20,20
48,7603,0.06456344095346674,8.424876492850196e-09,0.12715473932972307,0.8082818112919334,25,20,20
48,7604,0.07306447776375515,8.120572447499214e-09,0.08737923838789209,0.8395562757277801,25,20,20
48,7605,0.03411688835604853,4.986195185259349e-09,0.12477053239379454,0.8411125742639619,25,20,20
48,7606,0.013080043705932038,4.7422383581626425e-09,0.14520623419359072,0.8417137173582383,25,20,20
48,7607,0.006812551819186095,0.000307987486086176,0.15117060555738626,0.8417088551373407,25,20,20
48,7608,0.01254552590668051,0.000307986386287201,0.17211897560746783,0.8150275120995636,25,20,20
48,7609,0.007329095741193502,0.00030898798228180623,0.15506577281376677,0.837296143462757,25,20,20
48,7610,0.0296611200877509,1.0759373225440754e-09,0.13054850753913733,0.8397903712971737,25,20,20
48,7611,0.06896573730817669,0.002057827851576526,0.12696014961636462,0.8020162852238812,25,20,20
48,7612,0.06577670574229147,0.0021061596230781848,0.14034078785996107,0.791776346774669,25,20,20
48,7613,0.030687319794059413,0.0020584900454301033,0.18462872611337355,0.7826254640471368,25,20,20
48,7614,0.00017909161522012477,0.0020586860431968186,0.20925130801545822,0.7885109143261242,25,20,20
48,7615,0.0001808423980163405,1.3345596486037192e-05,0.21885478021997115,0.7809510317855262,25,20,20
48,7616,0.00011880342234137557,1.552712214831694e-05,0.20106385376878816,0.7988018156867216,25,20,20
48,7617,0.03304220615894296,2.895502530159129e-05,0.16799946724457915,0.798929371571176,25,20,20
48,7618,0.04345388068080555,1.5703990378594743e-08,0.16376713366800627,0.7927789699471977,25,20,20
48,7619,0.05026497140796997,4.3177275727922034e-07,0.1856585926779938,0.764076004141278,25,20,20
48,7620,0.05026497879632986,1.5290849451597746e-06,0.15155526480254886,0.7981782273161754,25,20,20
48,7621,0.11975734274637889,1.8575553767233557e-05,0.08170021048969497,0.798523871210158,25,20,20
48,7622,0.11944463595484728,4.378010912622596e-05,0.09738657544831092,0.7831250084877149,25,20,20
48,7623,0.040032787317517186,6.912519167601506e-07,0.16428897351585214,0.7956775479147135,25,20,20
48,7624,2.5755496703818998e-06,4.593391519699738e-05,0.1947853345741693,0.8051661559609626,25,20,20
48,7625,2.3442402446949213e-06,1.2485833489681076e-06,0.18001697757164362,0.8199794296047629,25,20,20
48,7626,8.204560082839968e-06,2.9594036139371375e-08,0.16045499052017312,0.8395367753257075,25,20,20
48,7627,1.8083478160344723e-05,4.287445334204951e-07,0.1607580677171022,0.8392234200602036,25,20,20
48,7628,1.2118732867644512e-05,0.000790091067533496,0.16713846549458442,0.8320593247050138,25,20,20
48,7629,2.4108731573691373e-05,4.3895641911858725e-07,0.16992693255909597,0.8300485197529112,25,20,20
48,7630,0.0009604017530529191,4.9092948521255724e-05,0.1606568459365684,0.8383336593618566,25,20,20
48,7631,8.933930868321616e-06,5.8629704880433926e-05,0.1641736246123423,0.8357588117519086,25,20,20
48,7632,0.007871847376663346,4.90780161138483e-05,0.15916583568211895,0.8329132389251032,25,20,20
48,7633,0.016392571621746743,4.909280800471403e-05,0.17925881067947738,0.8042995248907714,25,20,20
48,7634,0.016392644401831517,4.690135664655695e-05,0.20081216685376954,0.7827482873877526,25,20,20
48,7635,0.03902862038837407,0.0002336691560874902,0.12282131739429802,0.837916393061241,25,20,20
48,7636,0.0390286203555106,0.00023366909672907187,0.12267823332507218,0.8380594772226879,25,20,20
48,7637,0.0015571187384439212,0.00026512907205606653,0.23837782504217206,0.7597999271473265,25,20,20
48,7638,0.03769216230810678,1.722545746172174e-06,0.18525873071219248,0.777047384433954,25,20,20
48,7639,0.03996057167533246,1.1808006708736843e-06,0.21568166704158145,0.7443565804824148,25,20,20
48,7640,0.0002850726654836651,4.7809905779301636e-05,0.2419189713976849,0.7577481460310507,25,20,20
48,7641,0.0003706892954472378,0.00253522420883249,0.2365765236969844,0.7605175627987344,25,20,20
48,7642,0.00037068151265085556,1.4426986950337816e-06,0.26042996678518565,0.7391979090034674,25,20,20
48,7643,0.010187474827765528,1.5086859904554306e-06,0.2435076852771826,0.746303331209061,25,20,20
48,7644,0.013166832396894217,7.230758757187012e-07,0.23020937130225314,0.756623073224976,25,20,20
48,7645,0.013166832396361263,9.462712665459283e-08,0.18899915010094348,0.7978339228755685,25,20,20
48,7646,0.00032214423316142285,3.219091811943111e-05,0.20737956926241355,0.792266095586305,25,20,20
48,7647,1.0691211181907465e-05,3.428753363098599e-05,0.19791397592870172,0.8020410453264855,25,20,20
48,7648,0.006092709522546718,0.00038556937948294035,0.19895638255366074,0.7945653385443093,25,20,20
48,7649,0.028880602204422262,4.825604837706784e-05,0.16941857705419017,0.8016525646930099,25,20,20
48,7650,0.03568032263538448,0.0012749349112413804,0.18871656996407166,0.7743281724893021,25,20,20
48,7651,0.03567825531023587,6.01209380110786e-05,0.16107431746023962,0.8031873062915131,25,20,20
48,7652,0.01891979149425038,0.0010496636875009745,0.14020407826961903,0.839826466548629,25,20,20
48,7653,0.01891978535904354,0.0407037805276048,0.11558728325613123,0.8247891508572203,25,20,20
48,7654,0.00945476780009863,0.029968966833700393,0.1351619340060325,0.8254143313601686,25,20,20
48,7655,0.01489180221862141,0.02208139264328073,0.14509873333304546,0.8179280718050521,25,20,20
48,7656,1.006272609041898e-06,8.280498465505844e-06,0.1755839307142425,0.8244067825146818,25,20,20
48,7657,0.005848684650524505,1.7659293211913105e-05,0.16651018916132845,0.8276234668949347,25,20,20
48,7658,0.00013127089403459457,8.677266089350301e-07,0.1749345980523724,0.8249332633269836,25,20,20
48,7659,1.4723553123715885e-07,9.048935766985461e-07,0.21342810600995318,0.7865708418609385,25,20,20
48,7660,0.006804329929623622,0.00041273919896116717,0.23149075890847118,0.7612921719629435,25,20,20
48,7661,0.006985916215115925,0.012052083131993125,0.22734669265930887,0.7536153079935808,25,20,20
48,7662,0.0005342525872888146,8.499704031680152e-06,0.2423579691492727,0.757099278559406,25,20,20
48,7663,0.01647771474092394,0.00204393440030306,0.22172455771804553,0.7597537931407262,25,20,20
48,7664,0.01643673682923178,0.0020439732670491815,0.22168982195484602,0.7598294679488711,25,20,20
48,7665,0.0004936491482055077,2.6631031563994825e-07,0.27772197921746317,0.7217841053240146,25,20,20
48,7666,0.0007893814483288092,6.024521263426195e-06,0.279995060183403,0.7192095338470038,25,20,20
48,7667,0.01301288046696273,2.5148769762454846e-07,0.22641613722579496,0.7605707308195435,25,20,20
48,7668,0.020617112368280316,1.292086958656638e-06,0.22897193250926454,0.7504096630354954,25,20,20
48,7669,0.01475165922313906,0.000496363493101376,0.2079765181889215,0.776775459094837,25,20,20
48,7670,0.054538696204152054,9.768615858147945e-07,0.1961624899840824,0.749297836950179,25,20,20
48,7671,0.004926022337719638,0.0019556991902656205,0.21587479301443385,0.7772434854575804,25,20,20
48,7672,0.006401831831409679,0.0007055584238051684,0.21755815686419172,0.7753344528805922,25,20,20
48,7673,0.0071766857658268415,0.0028055342087108916,0.23649634071806205,0.7535214393074005,25,20,20
48,7674,0.039814848646897036,0.001353898552195975,0.2036141480107527,0.7552171047901534,25,20,20
48,7675,0.03981399590410664,0.0010502326992916891,0.20710411325655825,0.7520316581400415,25,20,20
48,7676,0.047508767129081246,0.0010493444666931982,0.20072931878436548,0.7507125696198592,25,20,20
48,7677,0.007844946732330207,0.020311611553997518,0.21332478759282925,0.758518654120843,25,20,20
48,7678,0.0001602373591934442,0.0022659824496219106,0.21567945409593706,0.7818943260952474,25,20,20
48,7679,0.03571242462629349,0.001868421918533473,0.1426973613908344,0.8197217920643383,25,20,20
48,7680,0.00021003136962126503,0.0018677867197828572,0.1365141352551113,0.861408046655484,25,20,20
48,7681,0.039779507199416385,3.67876499977018e-05,0.08115334706733185,0.879030358083254,25,20,20
48,7682,0.03983699172713862,1.6032272110013202e-07,0.08150586253680606,0.8786569854133341,25,20,20
48,7683,0.028758897872636392,2.001049694151197e-07,0.13079848356636142,0.8404424184560326,25,20,20
48,7684,0.07021236828289651,7.092961899443175e-09,0.05786499098883267,0.8719226336353088,25,20,20
48,7685,0.08027035103237182,3.535353571655945e-07,0.04797165548985423,0.8717576399424166,25,20,20
48,7686,0.11582660643827276,3.9530570260865384e-09,0.013459748728010201,0.8707136408806596,25,20,20
48,7687,0.07590610603749409,1.2940549977908747e-08,0.0969999901062921,0.827093890915663,25,20,20
48,7688,0.03985507766498236,1.2355032277549442e-08,0.14869972547724522,0.8114451845027395,25,20,20
48,7689,0.040161331594077636,1.8899417222353766e-09,0.16022275895867705,0.7996159075573036,25,20,20
48,7690,0.00013459669686111017,1.6078336889184966e-05,0.10615202795590814,0.8936972970103412,25,20,20
48,7691,1.6628970345075517e-07,1.6082758917872017e-05,0.08198067882269534,0.9180030721286827,25,20,20
48,7692,1.6689840977390048e-07,1.6272862665040875e-05,0.10140705303991501,0.8985765071990097,25,20,20
48,7693,1.4955270448758312e-09,1.5617108702989914e-08,0.08890192588017713,0.9110980570071867,25,20,20
48,7694,1.5229959129603024e-09,1.5617306633681003e-08,0.12045576044343236,0.8795442224162645,25,20,20
48,7695,0.03141400743648607,7.952527057642445e-06,0.13870669884641637,0.8298713411900396,25,20,20
48,7696,0.03140524715387779,8.148839295761426e-06,0.14801919703106292,0.8205674069757637,25,20,20
48,7697,0.03141004123615444,2.5480003070138605e-05,0.14229628130639801,0.8262681974543766,25,20,20
48,7698,0.057244372120925195,3.1542578696168005e-07,0.11196241006844057,0.8307929023848463,25,20,20
48,7699,0.06035424183512937,0.0011277990907893368,0.1000619745601748,0.8384559845139056,25,20,20
48,7700,0.08701887029872843,2.59032620698658e-07,0.11316559091352366,0.7998152797551263,25,20,20
48,7701,0.04874533013936291,1.0461096614393313e-05,0.15266365116933175,0.7985805575946903,25,20,20
48,7702,0.033102980326039935,6.103557447280579e-07,0.13828880059348989,0.8286076087247247,25,20,20
48,7703,0.0399508378231483,4.3390535019275205e-07,0.12435790153214922,0.835690826739352,25,20,20
48,7704,0.03995245956760538,2.477108091532624e-05,0.10894104638319808,0.8510817229682804,25,20,20
48,7705,0.008607330598835436,8.633020979716958e-07,0.12158883926634177,0.8698029668327244,25,20,20
48,7706,0.009325494438019024,4.987364899964101e-05,0.12959912600462867,0.8610255059083525,25,20,20
48,7707,0.0380839695368109,3.21262795711448e-05,0.08248714140325751,0.87939676278036,25,20,20
48,7708,0.04003351065121656,3.212627439004162e-05,0.08088994035139806,0.8790444227229947,25,20,20
48,7709,0.03997369200828367,1.6796083110988735e-06,0.0815548953905662,0.8784697329928384,25,20,20
48,7710,0.004846186450968673,0.0007624160002493715,0.15232235489133575,0.842069042657446,25,20,20
48,7711,0.03995510520928843,1.864942365002939e-08,0.1004619363212555,0.859582939820032,25,20,20
48,7712,0.00638216146951911,6.372377339227457e-05,0.1625236362975252,0.831030478459563,25,20,20
48,7713,1.712492330730363e-05,1.7652636989258096e-05,0.17934213717129416,0.8206230852684083,25,20,20
48,7714,0.0004941483908880266,0.0007114239086103103,0.22308127608910552,0.7757131516113948,25,20,20
48,7715,0.0005001872382527662,3.4747128631245037e-07,0.19719866400673028,0.80230080128373,25,20,20
48,7716,0.04881081382386679,0.0026185266245175452,0.1202652831207264,0.828305376430889,25,20,20
48,7717,0.009704358393818297,0.0026191676304600808,0.1497380897175628,0.8379383842581583,25,20,20
48,7718,0.031753957156865374,1.8636117560482842e-06,0.13035004504205988,0.837894134189318,25,20,20
48,7719,0.03175238487772449,1.6823975916903473e-06,0.12819605514932453,0.8400498775753588,25,20,20
48,7720,0.04172677373370247,0.0024857239431128973,0.08572369037764829,0.8700638119455355,25,20,20
48,7721,0.04482732943646118,0.002475013936511472,0.08278445128469646,0.8699132053423305,25,20,20
48,7722,0.018850109801653425,8.534593487483662e-07,0.11046262333899161,0.8706864134000059,25,20,20
48,7723,4.912932392046347e-08,1.7833229102140986e-06,0.07093091859958021,0.9290672489481855,25,20,20
48,7724,8.364856141734306e-10,1.6940396227229004e-06,0.06521478813127009,0.9347835169926215,25,20,20
48,7725,1.6363898277605888e-11,2.4364093649795305e-05,0.08881017788566074,0.9111654580043251,25,20,20
48,7726,5.324748181614893e-13,2.436421504361351e-05,0.08792117417817881,0.912054461606245,25,20,20
48,7727,1.4532819873602534e-11,2.4366795800535997e-05,0.09009717709656671,0.9098784560930995,25,20,20
48,7728,4.2507093546217e-06,4.500904981658947e-05,0.09007356848436184,0.9098771717564671,25,20,20
48,7729,0.00031207273193434136,5.929985474854561e-05,0.08886368281360633,0.9107649445997109,25,20,20
48,7730,0.03498455168162937,4.825717218168309e-05,0.05467001784373163,0.9102971733024572,25,20,20
48,7731,0.03498455165208483,4.3544996391e-07,0.053492712338170774,0.9115223005597802,25,20,20
48,7732,0.006702217085709471,4.344555530834194e-07,0.08239952086796513,0.9108978275907722,25,20,20
48,7733,0.006702455070479571,4.569619752892124e-05,0.076134805254373,0.9171170434776179,25,20,20
48,7734,4.6606919735378275e-06,4.569604470283338e-05,0.12899983231025972,0.8709498109530631,25,20,20
48,7735,0.0019485416797379734,0.0003614343095577839,0.08704061695650844,0.9106494070541955,25,20,20
48,7736,1.185921269030702e-07,6.087083722318144e-09,0.08816464787468316,0.911835227446106,25,20,20
48,7737,1.1706632761342676e-07,6.086051263408721e-09,0.06842916805741166,0.9315707087902091,25,20,20
48,7738,1.1706607715023293e-07,6.087970139880419e-09,0.05185400007248608,0.9481458767734666,25,20,20
48,7739,1.1712669564971012e-07,5.5476826542476155e-09,0.11907515734934276,0.8809247199762786,25,20,20
48,7740,0.01183020274825203,1.2708431990489225e-05,0.10065360002305751,0.8875034887966998,25,20,20
48,7741,2.1345536294038163e-06,1.761829683523781e-10,0.09460140876112304,0.9053964565090641,25,20,20
48,7742,2.1345655897302464e-06,2.3269440435960706e-10,0.07927529770524851,0.920722567496467,25,20,20
48,7743,0.00018142506399594077,1.414396335079435e-07,0.09023627372064148,0.9095821597757283,25,20,20
48,7744,0.0023186645780788103,3.997642010408172e-09,0.07932201757712601,0.9183593138471529,25,20,20
48,7745,0.0003196125676934943,3.741075138885121e-05,0.0911962389046605,0.9084467377762567,25,20,20
48,7746,1.932260518972998e-12,1.1313830432992466e-08,0.05123923474631922,0.9487607539379177,25,20,20
48,7747,2.0311816592708113e-12,1.4504871448232482e-08,0.04150920534312559,0.9584907801499716,25,20,20
48,7748,1.843587899550456e-12,1.4390970488247774e-08,0.04068411874748896,0.9593158668596974,25,20,20
48,7749,7.1864013535976025e-12,1.4390993346256685e-08,0.041670731411106825,0.9583292541907137,25,20,20
48,7750,3.12609161938553e-09,3.5207625693089046e-05,0.0419448154729178,0.9580199737752974,25,20,20
48,7751,1.850993792799914e-09,5.20694316401622e-07,0.042161366582199794,0.95783811087249,25,20,20
48,7752,4.293669554974999e-05,1.282718602131971e-07,0.041053774933013994,0.958903160099576,25,20,20
48,7753,6.072354156634122e-05,1.701519150176862e-10,0.04095920890813212,0.9589800673801493,25,20,20
48,7754,0.03992901645429462,7.555794167286516e-11,0.0007728408677011575,0.9592981426024463,25,20,20
48,7755,0.03995594572677291,3.424504597729619e-10,0.009778920927919434,0.9502651330028571,25,20,20
48,7756,0.03995594572675763,2.8532771456069393e-10,0.0011488080212331143,0.9588952459666815,25,20,20
48,7757,0.03995594572704976,3.2997339899565694e-10,0.009267366350873447,0.9507766875921035,25,20,20
48,7758,0.039971438521210795,1.050654244077014e-11,0.001409588702158761,0.9586189727661236,25,20,20
48,7759,1.0077412679345922e-07,1.969223450139769e-05,0.07884490320415584,0.9211353037872158,25,20,20
48,7760,1.007741098426621e-07,1.9695367485819322e-05,0.07802297197227398,0.9219572318861305,25,20,20
48,7761,1.007743929294162e-07,1.9692294305668175e-05,0.07867010684087135,0.9213101000904301,25,20,20
48,7762,1.0515953253411504e-07,1.9706999855118134e-05,0.0800594427448467,0.9199207450957653,25,20,20
48,7763,3.846131373426694e-08,9.873293138468402e-07,0.15276371692760848,0.8472352572817635,25,20,20
48,7764,5.045957092639968e-08,2.3153655309733042e-05,0.1615333561325256,0.838443439752593,25,20,20
48,7765,0.000174252411247032,6.367448314939457e-09,0.0900510692018655,0.9097746720194393,25,20,20
48,7766,0.007072035896580609,5.065230585842254e-09,0.0758990595182501,0.9170288995199384,25,20,20
48,7767,0.005434220098611813,8.211181088633052e-09,0.07807840831230375,0.9164873633779033,25,20,20
48,7768,7.179794321997479e-06,1.8880439869218658e-07,0.10076852415621791,0.8992241072450615,25,20,20
48,7769,0.00033698437609378244,1.1001820874648323e-08,0.06195503168869718,0.9377079729333879,25,20,20
48,7770,0.00033698342894173625,8.49006700496486e-09,0.06179359485369299,0.9378694132272984,25,20,20
48,7771,0.015774309760694372,5.370724892524129e-09,0.02645479222411978,0.9577708926444609,25,20,20
48,7772,0.004712486651485933,1.2233686426886942e-09,0.06015216856787996,0.9351353435572654,25,20,20
48,7773,0.03987505730393767,1.775402756903474e-09,0.03619031988426163,0.9239346210363979,25,20,20
48,7774,0.03987504249963294,1.0735447692385055e-08,0.05639544700492537,0.9037294997599937,25,20,20
48,7775,0.039875042504684294,7.696871120646994e-07,0.06405492431911593,0.8960692634890877,25,20,20
48,7776,0.03985412718055822,7.728514653589548e-07,0.05509336386348124,0.9050517361044951,25,20,20
48,7777,8.789677848806382e-06,2.966808498543012e-11,0.08066954818317475,0.9193216621093078,25,20,20
48,7778,0.003951380754358396,8.338095497720946e-06,0.07753182360382734,0.9185084575463165,25,20,20
48,7779,0.003951380759813216,8.341272717711222e-06,0.08396732893554519,0.9120729490319236,25,20,20
48,7780,0.016750400962082607,0.0007261368252289064,0.11568196260949609,0.8668414996031918,25,20,20
48,7781,7.307956982205998e-08,0.04001996504978203,0.0930199748916718,0.8669599869789762,25,20,20
48,7782,0.008441809605332867,0.04000048704630563,0.07215364695717472,0.8794040563911867,25,20,20
48,7783,2.8398010013179503e-05,0.04238931860387557,0.10584032420436093,0.8517419591817499,25,20,20
48,7784,2.567211860688174e-07,0.039814827469695786,0.1301716636214273,0.8300132521876903,25,20,20
48,7785,2.5670825691736416e-07,0.03998778448295466,0.11740182773339583,0.8426101310753923,25,20,20
48,7786,3.619235468804542e-08,0.04269888455402248,0.10996998546218446,0.8473310937914381,25,20,20
48,7787,0.004433416482641402,0.04230762838876858,0.10173060216399193,0.8515283529645977,25,20,20
48,7788,0.004433415566286136,0.04230763030219706,0.10037320175080078,0.8528857523807156,25,20,20
48,7789,0.004433415550946482,0.03953259340690563,0.12129191692837367,0.8347420741137735,25,20,20
48,7790,1.582339163638962e-12,0.0021076492666794694,0.15746478845355175,0.8404275622781858,25,20,20
48,7791,3.1297588153656006e-08,0.0021159909421865374,0.1677458257107732,0.8301381520494515,25,20,20
48,7792,0.03848037149021097,0.001054586720915376,0.12810802768373603,0.8323570141051378,25,20,20
48,7793,0.03917393675599992,9.138626818916747e-05,0.12289207939425088,0.8378425975815604,25,20,20
48,7794,0.00035478137418638194,4.8684213353231414e-05,0.16039361962754062,0.839202914784919,25,20,20
48,7795,0.01300095908679203,9.745476589598853e-07,0.19485577258627607,0.7921422937792724,25,20,20
48,7796,0.013000959081329762,7.936060295311913e-07,0.19416385747158074,0.7928343898410595,25,20,20
48,7797,0.013110756246923679,0.020559909243165336,0.17434300345366308,0.791986331056247,25,20,20
48,7798,0.028521212713767605,0.0205613860433484,0.14873155956056486,0.8021858416823185,25,20,20
48,7799,0.03633245125184781,0.02059730915886683,0.1525330268287603,0.7905372127605256,25,20,20
48,7800,0.0002869512910769267,0.02990254869523728,0.14305226192669404,0.8267582380869908,25,20,20
48,7801,5.933212446570137e-06,0.029864957934024276,0.14068304818305544,0.8294460606704729,25,20,20
48,7802,0.0002593658581047162,0.02975681060007781,0.1309938443830371,0.8389899791587798,25,20,20
48,7803,1.8537052827644954e-09,0.029757354322007025,0.13180954259070446,0.8384331012335826,25,20,20
48,7804,5.261539923948923e-07,0.08553418194105389,0.07587939714272193,0.8385858947622311,25,20,20
48,7805,0.03621544131443213,0.03937005620251679,0.12624397336301585,0.7981705291200352,25,20,20
48,7806,0.03565445154647288,0.04009568131358011,0.12486420805576756,0.7993856590841791,25,20,20
48,7807,0.009446117623470583,0.03934603963658092,0.17548332730875632,0.7757245154311915,25,20,20
48,7808,0.009111007407675436,0.041069689365446665,0.1534769078028845,0.7963423954239928,25,20,20
48,7809,0.009715736535882626,0.04121148132362599,0.12469914370301609,0.8243736384374744,25,20,20
48,7810,0.008758126275706362,0.040382013547312405,0.1039466298117783,0.8469132303652027,25,20,20
48,7811,3.195583282197059e-11,0.03998950532405734,0.05952908607528236,0.9004814085687042,25,20,20
48,7812,4.9552710596242384e-11,0.03998950532391535,0.06762511671013088,0.8923853779164007,25,20,20
48,7813,0.03729086173109228,0.03999054803160785,0.0308411125354038,0.8918774777018963,25,20,20
48,7814,0.03628375808736911,0.03998874322767964,0.041228256327732186,0.8824992423572191,25,20,20
48,7815,0.036283758100981424,0.04000045576402279,0.02962524968859583,0.8940905364463998,25,20,20
48,7816,0.03628375810097929,0.02996566182914421,0.039361085919055065,0.8943894941508216,25,20,20
48,7817,5.431065441577023e-11,1.9724613931050958e-05,0.14279092763278625,0.857189347698972,25,20,20
48,7818,5.735505885920498e-09,4.889473413811274e-05,0.1275586627831095,0.8723924367472463,25,20,20
48,7819,7.474888654410468e-09,0.0013165523706250074,0.15732331237059094,0.8413601277838951,25,20,20
48,7820,1.2428135050716293e-06,0.0006564833837355992,0.19933650271840203,0.8000057710843564,25,20,20
48,7821,5.6641969281639654e-05,0.011468201425581658,0.18987341217751438,0.798601744427622,25,20,20
48,7822,0.0018559511175921485,0.020192304209669526,0.21054865706584228,0.7674030876068954,25,20,20
48,7823,0.03460523620180391,8.737982474229242e-05,0.23134131540304467,0.7339660685704085,25,20,20
48,7824,0.06663769258646655,0.0006224795107984305,0.19048619338076234,0.7422536345219722,25,20,20
48,7825,0.030361707305159396,0.0006224685338267313,0.25607424655815114,0.7129415776028619,25,20,20
48,7826,0.03463466813759871,1.9517228201754964e-05,0.2520175416096527,0.7133282730245455,25,20,20
48,7827,0.04346606072443743,0.002940223245679859,0.24715980683691846,0.7064339091929641,25,20,20
48,7828,0.03632659757808227,0.02675906871248157,0.23905686625634856,0.6978574674530867,25,20,20
48,7829,0.00018005622519598786,0.06473462417720074,0.2127804581807634,0.7223048614168388,25,20,20
48,7830,0.0058421414033517,0.03909630709419101,0.2360569030084028,0.7190046484940535,25,20,20
48,7831,0.0059325022717863045,0.031208775378417215,0.2406785757034815,0.7221801466463144,25,20,20
48,7832,0.0005407768143561024,0.050814764190465204,0.2453171036273811,0.7033273553677963,25,20,20
48,7833,0.0005488885187127126,0.059550632195015704,0.24636409075050753,0.693536388535763,25,20,20
48,7834,0.013242081148066269,0.059625995661856154,0.23321675753841198,0.6939151656516646,25,20,20
48,7835,0.016407443994997644,0.039361114985881664,0.25857679022653435,0.6856546507925856,25,20,20
48,7836,0.007978711501047264,0.04002081253070072,0.2636421126329403,0.6883583633353106,25,20,20
48,7837,0.0003179285497729809,0.03975776978531961,0.2414721369994794,0.7184521646654263,25,20,20
48,7838,0.0071991429395965026,0.0019934566187725087,0.2805995160913951,0.7102078843502362,25,20,20
48,7839,0.0004461541454908484,0.001993135344755136,0.2565369638509622,0.7410237466587912,25,20,20
48,7840,1.1713595739039249e-05,0.0019931384437429094,0.2389465567931983,0.7590485911673199,25,20,20
48,7841,0.00021718710304308392,0.018275888758537428,0.22286012982699696,0.7586467943114215,25,20,20
48,7842,0.03272466430300235,0.00035746186754408263,0.21634232382070948,0.7505755500087429,25,20,20
48,7843,0.0001741721166390341,1.9175824375232803e-05,0.2500914242045408,0.7497152278544434,25,20,20
48,7844,0.02090277285291797,4.214515958748612e-05,0.23479317275071454,0.7442619092367786,25,20,20
48,7845,0.012862911033812699,1.2005413334778542e-05,0.23520604513955048,0.7519190384133019,25,20,20
48,7846,0.005787934677017267,3.186851078161155e-07,0.2112233545502545,0.7829883920876197,25,20,20
48,7847,0.046867968852844034,5.6262052932679454e-08,0.1638454461289457,0.7892865287561561,25,20,20
48,7848,0.045864744660223285,5.018993420429996e-09,0.13679842405900017,0.8173368262617822,25,20,20
48,7849,0.011367767786317998,0.00021253704891923328,0.18042552324720873,0.8079941719175534,25,20,20
48,7850,0.07385283380534102,1.8036573363760852e-07,0.09347613179899372,0.8326708540299308,25,20,20
48,7851,0.03496075217607528,2.9607510475866682e-08,0.1256076765290258,0.8394315416873873,25,20,20
48,7852,0.040271538941745115,3.627594029209349e-09,0.12109342232071162,0.8386350351099489,25,20,20
48,7853,0.03995491241541364,1.2632176492280797e-06,0.15303182836338908,0.807011996003548,25,20,20
48,7854,0.04236665531064489,2.6004255995922377e-06,0.16508682424036306,0.792543920023392,25,20,20
48,7855,0.03532686525206901,0.0018696631468216238,0.12473506542171121,0.8380684061793983,25,20,20
48,7856,0.0796812954515704,1.3134800734969896e-06,0.08115529333555198,0.8391620977328037,25,20,20
48,7857,0.050007774276383504,0.0009222043031030799,0.11026860960910032,0.8388014118114129,25,20,20
48,7858,0.03664540337538898,0.000922771680439623,0.16096885216895276,0.8014629727752188,25,20,20
48,7859,0.01398581665390994,4.181213182571631e-06,0.2217856654979542,0.7642243366349527,25,20,20
48,7860,0.013547098520226912,0.039989219359642655,0.21357613010063617,0.7328875520194935,25,20,20
48,7861,0.013547094665503754,0.03999205550126066,0.23576131741986436,0.7106995324133706,25,20,20
48,7862,0.03952174913061329,0.02978640968322762,0.22040037514785316,0.7102914660383058,25,20,20
48,7863,0.040859366759976916,0.029791683294858883,0.2431410681900244,0.6862078817551385,25,20,20
48,7864,0.027290096998934015,0.020308989310429765,0.2712476776635655,0.6811532360270696,25,20,20
48,7865,0.02332905523779405,0.002058747463157754,0.29625895941651254,0.678353237882535,25,20,20
48,7866,0.005653395923174602,0.00028119133188489204,0.3388973359634316,0.6551680767815075,25,20,20
48,7867,0.012915411385893433,0.00223386345467966,0.3329634487725954,0.6518872763868305,25,20,20
48,7868,0.06553502501844673,3.7237098652220564e-05,0.21040084483309723,0.7240268930498033,25,20,20
48,7869,0.03455665422748075,2.4767824208899837e-07,0.2530471782656951,0.7123959198285819,25,20,20
48,7870,0.009172407007862605,8.371244200453108e-07,0.26887585723215107,0.7219508986355655,25,20,20
48,7871,0.0086525756035439,4.822135970699576e-05,0.2499544902577679,0.7413447127789802,25,20,20
48,7872,0.0003254770953002988,1.4781097945393083e-05,0.19023269392136669,0.8094270478853872,25,20,20
48,7873,0.002054710315759894,2.9559057535574737e-05,0.19416241066865494,0.8037533199580487,25,20,20
48,7874,0.00033881426627787274,2.770730799140318e-09,0.1684520047243757,0.8312091782386151,25,20,20
48,7875,0.00033290852789528654,1.1494574902205253e-08,0.1613953028593307,0.8382717771181983,25,20,20
48,7876,0.00036688094153276585,5.891616706272675e-06,0.17858069456843167,0.8210465328733285,25,20,20
48,7877,0.00033590274725725343,8.950303110200465e-09,0.17620001853845477,0.8234640697639842,25,20,20
48,7878,3.0366819702092685e-06,4.55956546123187e-05,0.17555657353709697,0.82439479412632,25,20,20
48,7879,3.080891651414554e-06,0.0020718722667522112,0.17388193230450122,0.8240431145370947,25,20,20
48,7880,9.25630434574482e-05,8.586744562905947e-05,0.20964318951789557,0.7901783799930167,25,20,20
48,7881,5.858197940835125e-09,1.866297695659839e-05,0.21801059365424277,0.7819707375106026,25,20,20
48,7882,0.040044818458229464,0.0009147733770733396,0.15971442575236444,0.7993259824123318,25,20,20
48,7883,0.03999962336698551,0.010836874719893681,0.14884602414538667,0.8003174777677333,25,20,20
48,7884,0.039983558510369915,2.6743558307172584e-06,0.14639196373239197,0.8136218034014062,25,20,20
48,7885,0.05286515167117708,8.398906706789569e-07,0.14941492950879054,0.7977190789293607,25,20,20
48,7886,0.05305433814645457,8.956242349103517e-07,0.18587606632944453,0.7610686998998649,25,20,20
48,7887,0.051743365740805444,5.727316480455297e-07,0.19572874181901642,0.7525273197085295,25,20,20
48,7888,0.07478329858277752,0.03044409946966737,0.13262480108180993,0.7621478008657451,25,20,20
48,7889,0.07848285944269798,0.039755648274402734,0.14010856219807566,0.7416529300848237,25,20,20
48,7890,0.0463582623414073,0.04006674075154512,0.13165561898247827,0.7819193779245698,25,20,20
48,7891,0.038603112422933294,0.0394883420973955,0.13985415378923852,0.7820543916904326,25,20,20
48,7892,0.07396036369112324,0.039479619043285875,0.12987355431178743,0.7566864629538034,25,20,20
48,7893,0.07584388637271357,0.03947963991359351,0.10813485898037077,0.7765416147333221,25,20,20
48,7894,0.03992903025422947,0.039331961165728034,0.09802411079242017,0.8227148977876222,25,20,20
48,7895,0.012999845094601845,0.039351775643204634,0.10741073406424972,0.8402376451979425,25,20,20
48,7896,0.07427820320265031,0.05381078964286103,0.04133753701900265,0.8305734701354855,25,20,20
48,7897,0.051464004111105105,0.05552980301308015,0.07748867715108652,0.8155175157247279,25,20,20
48,7898,0.005578106529434843,0.05553018266646999,0.1310202746371283,0.8078714361669662,25,20,20
48,7899,0.038463805198345774,0.06411141040313639,0.08943352161600689,0.8079912627825105,25,20,20
48,7900,0.03846380519898139,0.07962131084225976,0.09515498497902497,0.7867598989797338,25,20,20
48,7901,0.00017920788888656374,0.0792736421895315,0.13368122934407983,0.7868659205775015,25,20,20
48,7902,1.0796812667826008e-09,0.07983465111890324,0.11808676231311199,0.802078585488303,25,20,20
48,7903,2.2448724248663994e-09,0.04377170695026092,0.15674893079733576,0.7994793600075303,25,20,20
48,7904,2.0790231868608887e-06,0.04392754024838582,0.15652106332101356,0.7995493174074135,25,20,20
48,7905,5.316658899780646e-06,0.022326338432220094,0.17862250449255992,0.7990458404163191,25,20,20
48,7906,5.506717521182923e-06,5.654913014321504e-05,0.2371246009417632,0.7628133432105717,25,20,20
48,7907,0.0004208133799987493,5.316991475431352e-06,0.23741316223175726,0.7621607073967672,25,20,20
48,7908,4.952588657784875e-06,0.0023405998446899973,0.2141339953918386,0.7835204521748138,25,20,20
48,7909,0.00020069502878281755,0.000296047643951671,0.2305459485213409,0.7689573088059241,25,20,20
48,7910,0.010403911773849528,1.0716552964663906e-05,0.22152709112971142,0.768058280543474,25,20,20
48,7911,0.04748444366965631,1.2013116628921115e-05,0.1667270264146732,0.7857765167990409,25,20,20
48,7912,0.047511493183834935,6.505373535073666e-05,0.1613992382825785,0.7910242147982354,25,20,20
48,7913,0.04750924673427316,5.827865572229509e-05,0.12088260341577244,0.8315498711942317,25,20,20
48,7914,0.010296787072224372,5.8103892036653334e-05,0.15082818021670163,0.8388169288190371,25,20,20
48,7915,0.004084468750249355,2.4580284255141972e-05,0.15823097905215433,0.837659971913341,25,20,20
48,7916,0.004086574841502603,6.68068907913342e-07,0.15719967321127856,0.8387130838783108,25,20,20
48,7917,0.016491187895834966,1.809864063491321e-08,0.18296286222151306,0.800545931784011,25,20,20
48,7918,0.016818017535178503,1.809911195386151e-08,0.18129300976796528,0.8018889545977437,25,20,20
48,7919,0.047183022480112156,0.0006706565319127981,0.14855992931646317,0.8035863916715111,25,20,20
48,7920,0.010831067450645146,2.987753720323265e-06,0.16932042805690403,0.8198455167387299,25,20,20
48,7921,0.010890650817634802,2.9789386011684703e-06,0.17869990753237874,0.8104064627113847,25,20,20
48,7922,0.0034415948708911804,5.298440401239096e-07,0.17154916416991672,0.8250087111151515,25,20,20
48,7923,0.0006972886892036377,1.0255285168758952e-06,0.13720256775863093,0.8620991180236482,25,20,20
48,7924,0.011753967766677816,2.0362408678607363e-05,0.1382120229655034,0.8500136468591393,25,20,20
48,7925,0.03900770082532895,2.0142000857671154e-05,0.08615024613078842,0.8748219110430244,25,20,20
48,7926,0.0035293810523256753,7.173110830501367e-08,0.11918003026432084,0.8772905169522447,25,20,20
48,7927,0.0035295209801385974,6.559443492811601e-08,0.1564349318639722,0.8400354815614537,25,20,20
48,7928,0.038772559881155584,2.3198074608592425e-10,0.12235314221973598,0.8388742976671275,25,20,20
48,7929,0.03877268193923109,4.348276468574595e-10,0.12857594417219437,0.8326513734537463,25,20,20
48,7930,0.07729062244674788,1.1595126434013049e-10,0.09160220272748154,0.8311071747098187,25,20,20
48,7931,0.077290622456799,2.532566748240782e-09,0.05254129976662217,0.8701680752440119,25,20,20
48,7932,0.0005371436391343224,0.0005358716232731573,0.12010961036236888,0.8788173743752232,25,20,20
48,7933,0.0005371436334498216,0.0005358716263058321,0.1575107176823231,0.8414162670579214,25,20,20
48,7934,0.04267886042078621,2.8216791150299098e-05,0.1330846934518405,0.8242082293362222,25,20,20
48,7935,0.04399093731743434,1.315270190370127e-05,0.1236812732906876,0.8323146366899743,25,20,20
48,7936,0.04545026371128209,1.2923569379404756e-05,0.11458940190519284,0.8399474108141455,25,20,20
48,7937,0.045574453963762904,5.399489602996001e-07,0.11700787779915921,0.837417128288117,25,20,20
48,7938,0.04994334911459401,4.651405688507584e-07,0.1416951755286973,0.8083610102161397,25,20,20
48,7939,0.07217370742783501,2.723055744337173e-08,0.09464544108184318,0.8331808242597638,25,20,20
48,7940,0.04540296292231507,1.0465771943669374e-06,0.11584192279633436,0.838754067704156,25,20,20
48,7941,0.012644567684935083,2.4960840674329784e-07,0.14853915562381664,0.8388160270828412,25,20,20
48,7942,0.03425239627007779,6.750264550308044e-05,0.14411263277337905,0.8215674683110398,25,20,20
48,7943,0.034253355853264715,6.739980189573174e-05,0.12669276129486742,0.8389864830499717,25,20,20
48,7944,0.04427888394122489,5.364032630165841e-05,0.12169559544092859,0.8339718802915441,25,20,20
48,7945,0.00033362336947032555,4.820041647032594e-05,0.19095676572775713,0.8086614104863018,25,20,20
48,7946,0.004087108369046431,0.011009644321293723,0.2229447632631353,0.7619584840465247,25,20,20
48,7947,4.078977302846093e-05,0.02123465113048069,0.2188572400465684,0.7598673190499209,25,20,20
48,7948,8.504170038568122e-05,0.0268848949131821,0.2501664754796165,0.722863587906814,25,20,20
48,7949,0.00012988228182451682,0.08159832902019545,0.15138743160586995,0.7668843570921097,25,20,20
48,7950,1.936742171760946e-05,0.08158660006885268,0.13358267155236095,0.7848113609570687,25,20,20
48,7951,9.493917885541607e-06,0.040533987974082926,0.16031864474847823,0.7991378733595531,25,20,20
48,7952,0.0014417326496359972,0.04115424951285836,0.1593818030680263,0.7980222147694791,25,20,20
48,7953,0.0014692442842406733,0.05447613611892935,0.14566226714976385,0.7983923524470652,25,20,20
48,7954,0.001403678149885399,0.054453836291846434,0.15395603213340855,0.7901864534248595,25,20,20
48,7955,0.020980145744331637,0.00581383557747737,0.2121157401870175,0.7610902784911731,25,20,20
48,7956,0.01397612400751702,0.0016007330596534705,0.22319904127690723,0.7612241016559217,25,20,20
48,7957,0.013182805129454033,0.014361357784492395,0.2160603537701987,0.7563954833158546,25,20,20
48,7958,0.04363826247225949,0.013005489346671457,0.15333360934193893,0.7900226388391303,25,20,20
48,7959,0.05527920882486745,0.013061049749640145,0.11705732228582147,0.8146024191396714,25,20,20
48,7960,0.05269601552185846,5.6427480103618726e-05,0.10407469176113729,0.8431728652369007,25,20,20
48,7961,0.03457114997428754,2.404763778568325e-05,0.12630347958257993,0.8391013228053459,25,20,20
48,7962,0.03997504773172242,0.00014783407389986692,0.1286346335511053,0.831242484643272,25,20,20
48,7963,0.0046771476408022815,0.0023315527913809614,0.18565168028523188,0.8073396192825852,25,20,20
48,7964,0.004677026544772413,0.002331552691009475,0.1662918868594485,0.8266995339047695,25,20,20
48,7965,0.00012392947626706883,0.0023317192255152878,0.17078876939717605,0.826755581901041,25,20,20
48,7966,0.004539978664867019,1.9553596720147695e-07,0.17583851800238784,0.8196213077967778,25,20,20
48,7967,0.003799541435340329,2.1769358839450703e-07,0.16485463571372164,0.8313456051573492,25,20,20
48,7968,0.004937155380765007,7.096317182400884e-05,0.16247991086899527,0.8325119705784146,25,20,20
48,7969,0.00488906560703682,7.701288536412017e-05,0.13909785965953161,0.8559360618480674,25,20,20
48,7970,0.004885642956331719,4.382854288130558e-05,0.13250797188354876,0.8625625566172377,25,20,20
48,7971,0.00032889839640357896,3.8026033424072705e-05,0.12900734949649925,0.8706257260736733,25,20,20
48,7972,0.0025917518750536383,8.781616789260616e-06,0.14881507820703685,0.8485843883011204,25,20,20
48,7973,0.0025970312072630913,8.491235157248531e-06,0.14616056587683596,0.8512339116807446,25,20,20
48,7974,0.03526871642569748,1.8925154529325384e-05,0.13381915867258606,0.8308931997471865,25,20,20
48,7975,0.03538431892671597,4.963550249116537e-08,0.13111044950784184,0.833505181929939,25,20,20
48,7976,0.035265460773479,0.00014785672244951251,0.13844747174157712,0.8261392107624935,25,20,20
48,7977,0.03898551442175102,7.962461378554119e-06,0.1352401373628241,0.8257663857540455,25,20,20
48,7978,5.8187606594659035e-06,1.706271639812931e-08,0.15647323263683446,0.8435209315397891,25,20,20
48,7979,3.4377290277511828e-06,8.295293981647696e-10,0.16068116115596515,0.8393154002854771,25,20,20
48,7980,0.00021818654755348187,0.00043412928503619766,0.19985348257284016,0.7994942015945696,25,20,20
48,7981,0.004232323055371534,8.667771785646468e-06,0.196977025474163,0.7987819836986795,25,20,20
48,7982,0.03999786433458867,0.00023752812885492904,0.16907883247440916,0.7906857750621471,25,20,20
48,7983,0.042655991947804506,0.00024053417003855727,0.16239745133767636,0.7947060225444806,25,20,20
48,7984,0.042729847591335475,0.00024053435172692518,0.17318734207856687,0.7838422759783703,25,20,20
48,7985,0.03744354261230399,0.0002563780454626037,0.17702252132627688,0.7852775580159562,25,20,20
48,7986,0.037375784693838725,1.8877075065543275e-05,0.17272378325894155,0.7898815549721528,25,20,20
48,7987,0.04005399754127689,2.1978703485593706e-07,0.1699610328649056,0.7899847498067826,25,20,20
48,7988,0.04005399764268432,3.824986262897729e-05,0.18548152270544457,0.7744262297892422,25,20,20
48,7989,0.040053770470594816,8.505769008884454e-05,0.2375449634530991,0.7223162083862168,25,20,20
48,7990,0.04129292978712966,0.0009782835679326286,0.2790563240047298,0.6786724626402078,25,20,20
48,7991,0.0014227149183999818,5.343086961176656e-05,0.3057429982935434,0.6927808559184433,25,20,20
48,7992,0.004602125844991646,4.641156168580961e-06,0.2731148219736584,0.7222784110251803,25,20,20
48,7993,0.03623606083104067,0.0026481088315507668,0.250300172501959,0.7108156578354484,25,20,20
48,7994,0.0371648369714254,3.761044440654631e-05,0.281588995010809,0.6812085575733583,25,20,20
48,7995,2.4403268049737893e-06,1.1165142449263155e-06,0.3271973455902885,0.6727990975686602,25,20,20
48,7996,0.00032254501901601563,0.00011766975069987302,0.33001580691119614,0.6695439783190872,25,20,20
48,7997,0.0007428803438302815,0.00010727633225215098,0.3404294402825969,0.65872040304132,25,20,20
48,7998,0.00788690617137901,0.04008653165227112,0.28389950245309475,0.6681270597232546,25,20,20
48,7999,0.008563559910126172,8.480655531600482e-05,0.3119897599426287,0.6793618735919276,25,20,20
48,8000,0.038546123396172145,6.312881973883487e-05,0.2995352486792385,0.6618554991048504,25,20,20
48,8001,0.03585940142249069,4.831506310362786e-05,0.25364474615123705,0.7104475373631682,25,20,20
48,8002,0.04758230011340924,1.0341325979957258e-08,0.2573787190035144,0.6950389705417496,25,20,20
48,8003,0.05475926004291511,9.933082764521793e-06,0.22526737752607484,0.7199634293482444,25,20,20
48,8004,0.04576287404959109,2.1182661142990216e-08,0.2901261683014383,0.6641109364663087,25,20,20
48,8005,0.07259817141294896,0.0007113448405129494,0.20579292032151092,0.7208975634250266,25,20,20
48,8006,0.07300928441240986,1.3080038360337947e-05,0.17751174375913967,0.7494658917900895,25,20,20
48,8007,0.07424479736458997,5.910443109721524e-05,0.20380076243028902,0.721895335774023,25,20,20
48,8008,0.003937335790794127,0.002276442479863588,0.3115337946287496,0.6822524271005931,25,20,20
48,8009,0.003942119193464827,0.004581574236612223,0.3194659376226653,0.6720103689472567,25,20,20
48,8010,0.005751004145908519,0.004574538864008396,0.31033315930061867,0.6793412976894632,25,20,20
48,8011,0.041785141687899596,0.00474805780969525,0.2735603678737347,0.6799064326286691,25,20,20
48,8012,0.036186295897033906,0.0001465338516260263,0.2841597857102706,0.6795073845410683,25,20,20
48,8013,0.03685063649766848,0.03159462336778979,0.2524860696890793,0.6790686704454609,25,20,20
48,8014,0.036844711488728366,0.03947853194307585,0.24264059208293456,0.6810361644852599,25,20,20
48,8015,0.006379190323581384,0.04193305147187165,0.26856925785728897,0.683118500347257,25,20,20
48,8016,0.00017811044643370054,0.04343436052195039,0.2154214059032264,0.7409661231283892,25,20,20
48,8017,4.484045584170607e-06,0.041179660372359025,0.21150895410602327,0.747306901476033,25,20,20
48,8018,0.010572071915861354,0.04074336545048516,0.1896994760281834,0.7589850866054694,25,20,20
48,8019,0.03803409691822147,0.04003742593264688,0.16214746796517585,0.7597810091839553,25,20,20
48,8020,0.08198391845504105,0.04003744982442087,0.1263483228243472,0.7516303088961904,25,20,20
48,8021,0.06905962813969066,0.04012570565935466,0.17256498239195983,0.718249683808994,25,20,20
48,8022,0.118385974218441,0.04000013485273727,0.12397999168701145,0.7176338992418099,25,20,20
48,8023,0.0799898508183087,0.04056559393970764,0.16036505939701992,0.7190794958449628,25,20,20
48,8024,0.008722927003280414,0.028681954336612216,0.23907098302810315,0.7235241356320029,25,20,20
48,8025,0.030780674519647194,0.028635087758730866,0.18819081556331635,0.7523934221583045,25,20,20
48,8026,0.0006930042512154904,0.027544064751033773,0.24200189051040982,0.7297610404873405,25,20,20
48,8027,0.0004004655626380274,0.057023792005055834,0.2017062398437343,0.7408695025885714,25,20,20
48,8028,0.00013813856402163628,0.055681928596761764,0.1902554716154966,0.7539244612237195,25,20,20
48,8029,6.114608246293994e-07,0.05593071895537398,0.184636607885986,0.7594320616978145,25,20,20
48,8030,0.0005063465081566672,0.04332111447651925,0.19761358226906645,0.7585589567462568,25,20,20
48,8031,0.005602121462247399,0.03560755591099008,0.23553950820687256,0.7232508144198895,25,20,20
48,8032,0.07386772042795302,0.07364302299006456,0.11607736945344739,0.736411887128535,25,20,20
48,8033,0.03975361095770849,0.08001694598684914,0.22266708340831326,0.6575623596471286,25,20,20
48,8034,0.03305488287388957,0.08005427466517746,0.26298761615450006,0.6239032263064318,25,20,20
48,8035,0.012349235945530574,0.12006690257078143,0.2353940206121069,0.6321898408715796,25,20,20
48,8036,0.033259474883747295,0.11994980799107058,0.18367266523091716,0.6631180518942641,25,20,20
48,8037,0.000596713956416578,0.11995887846562918,0.21030696627335677,0.669137441304597,25,20,20
48,8038,1.3311169057770978e-05,0.10067416641513902,0.2616423890369943,0.6376701333788075,25,20,20
48,8039,0.039932281886088467,0.10328560257986082,0.22465062570950597,0.6321314898245438,25,20,20
48,8040,0.039932696520160134,0.080065965955316,0.24787536282069453,0.6321259747038281,25,20,20
48,8041,0.01480921550153718,0.08123300335868314,0.3254774894562843,0.5784802916834939,25,20,20
48,8042,0.036813534408478225,0.06607728545515817,0.30492198081847344,0.5921871993178895,25,20,20
48,8043,2.5376939309178883e-07,0.0806938660954575,0.3279907500898289,0.5913151300453188,25,20,20
48,8044,0.00017953098956959753,0.10188704904209922,0.30620599949410965,0.59172742047422,25,20,20
48,8045,2.083415169658105e-06,0.10188580998639012,0.29910365909444303,0.5990084475039965,25,20,20
48,8046,0.003419147838378525,0.1589261559643236,0.23574222891773583,0.6019124672795615,25,20,20
48,8047,0.04108900276771433,0.1598319307247227,0.1688337581696401,0.6302453083379222,25,20,20
48,8048,0.04812348805822062,0.1198289238835792,0.19283769842049736,0.6392098896377025,25,20,20
48,8049,0.01568455604894676,0.1087847298039827,0.2369925471575505,0.638538166989519,25,20,20
48,8050,0.040309271527298136,0.07871558516884697,0.24167355329338758,0.639301590010467,25,20,20
48,8051,0.005687207667291104,0.0781951028174484,0.27614414997966535,0.639973539535595,25,20,20
48,8052,0.03917566320898706,0.07999836271230013,0.2186504780930848,0.6621754959856263,25,20,20
48,8053,0.04198691984571989,0.04000546683750006,0.2644647336512576,0.6535428796655204,25,20,20
48,8054,0.04465180775609493,0.04192509934293791,0.2343337280763617,0.679089364824605,25,20,20
48,8055,0.04332797121345733,0.04129241903243153,0.23631573362231573,0.6790638761317944,25,20,20
48,8056,0.04355188558989169,0.04035446438630944,0.2347761053065022,0.6813175447172967,25,20,20
48,8057,0.03996888899999287,0.004641309452357769,0.27331619238199256,0.6820736091656556,25,20,20
48,8058,0.037026098479996966,0.00269699856209276,0.3143048293532006,0.6459720736047087,25,20,20
48,8059,0.03147494496203801,0.0003669356406431838,0.3651555014354363,0.6030026179618806,25,20,20
48,8060,0.034299316157626,0.002062325525734514,0.36796004519958303,0.5956783131170541,25,20,20
48,8061,0.07251771746853822,0.0010660399832415047,0.3437285079294468,0.5826877346187728,25,20,20
48,8062,0.07758969842084286,2.0205197249080426e-05,0.32761941222549856,0.5947706841564087,25,20,20
48,8063,0.05398480760943131,0.0005756272740446643,0.3293752494130681,0.616064315703455,25,20,20
48,8064,0.034316095105054976,0.0020043796630991517,0.3385264325402083,0.6251530926916358,25,20,20
48,8065,0.06327218835395454,0.019947429970054747,0.29414950612601515,0.6226308755499761,25,20,20
48,8066,0.07349661107706268,0.02811966882617072,0.27076432233894127,0.6276193977578256,25,20,20
48,8067,0.07194192651462449,0.0009144497774426062,0.25836022205096393,0.6687834016569697,25,20,20
48,8068,0.03291649218457285,5.961873653324618e-05,0.3229745059656966,0.6440493831131964,25,20,20
48,8069,0.052260382161419025,5.97242651875627e-05,0.35306813907727624,0.594611754496116,25,20,20
48,8070,0.11816932663271223,6.375584375351872e-05,0.26435224928331735,0.6174146682402166,25,20,20
48,8071,0.12392072101408155,0.0020127519138629928,0.29570517270842883,0.5783613543636242,25,20,20
48,8072,0.059014984920429815,0.0020173420105134977,0.41501877815918037,0.5239488949098764,25,20,20
48,8073,0.0408433219969325,3.5028347816770315e-08,0.4369548509766238,0.5222017919980952,25,20,20
48,8074,0.040867654037314266,5.186512429265168e-05,0.434074351486299,0.5250061293520918,25,20,20
48,8075,0.008146930062571918,0.03935066011932378,0.4294665849789099,0.5230358248391923,25,20,20
48,8076,0.00977803575032745,0.0027550874827413476,0.426748598386127,0.5607182783808031,25,20,20
48,8077,0.010503602590512187,0.0025720426018683083,0.38676583701213074,0.6001585177954875,25,20,20
48,8078,0.03959697036637264,1.1034207445193368e-06,0.31987058707207683,0.6405313391408046,25,20,20
48,8079,0.05693650571740098,0.00032512176381964327,0.3341012721975034,0.6086371003212738,25,20,20
48,8080,0.0351271594011703,6.68571462746891e-07,0.3669612995089481,0.5979108725184178,25,20,20
48,8081,0.03927264757493141,2.8982495348958595e-08,0.3177828822993838,0.6429444411431878,25,20,20
48,8082,0.05295982573556946,2.3323576886279767e-08,0.30475422743789066,0.6422859235029622,25,20,20
48,8083,0.047238017234720556,6.175400042179802e-06,0.31281733871469725,0.6399384686505389,25,20,20
48,8084,0.049285891769363134,1.1398785527917746e-05,0.3174216386172642,0.6332810708278429,25,20,20
48,8085,0.0638181650871318,7.263294107455946e-07,0.31903992504167805,0.6171411835417788,25,20,20
48,8086,0.06116060766050766,0.0026457951530129385,0.33445328466771024,0.6017403125187668,25,20,20
48,8087,0.06104516186484817,1.321176259167089e-05,0.3197224355285167,0.6192191908440428,25,20,20
48,8088,0.012988905505532292,4.626776622112911e-05,0.3550518044470367,0.6319130222812099,25,20,20
48,8089,0.0024247253818940255,1.05216184685175e-05,0.3493537323587915,0.6482110206408451,25,20,20
48,8090,0.00590999485215068,6.89834613098066e-07,0.31722679464515885,0.6768625206680771,25,20,20
48,8091,0.0027862329951979215,3.840753401100365e-05,0.3138681191292683,0.6833072403415227,25,20,20
48,8092,0.004866755568938826,7.525837500445876e-05,0.32009306379381103,0.6749649222622449,25,20,20
48,8093,3.3042480975936386e-07,2.19111973315859e-05,0.3186019334015427,0.6813758249763149,25,20,20
48,8094,1.8019898665240607e-07,0.07152647615283264,0.28304381304391574,0.6454295306042642,25,20,20
48,8095,0.03547642355365624,0.08176662950391553,0.23166890868888212,0.6510880382535453,25,20,20
48,8096,0.032991555748437415,0.08177898966705613,0.2032884210300501,0.6819410335544562,25,20,20
48,8097,0.04008162219945163,0.08199708944167879,0.20202568932493623,0.6758955990339333,25,20,20
48,8098,0.04003365159833001,0.07925969942414722,0.1781933789587566,0.7025132700187665,25,20,20
48,8099,0.005563423802413938,0.05591708154616479,0.2547543936660508,0.6837651009853704,25,20,20
48,8100,0.03729715267426082,0.08667811396588694,0.17584697179411854,0.7001777615657332,25,20,20
48,8101,0.036220762652909466,0.09694524795866187,0.179794921037115,0.687039068351313,25,20,20
48,8102,0.03414067729289693,0.12443892299838018,0.15197990738906647,0.689440492319656,25,20,20
48,8103,0.03566407996943596,0.1013939356172056,0.15815522358972461,0.7047867608236337,25,20,20
48,8104,0.035235954892944316,0.10116418857603883,0.15120332945874085,0.7123965270722755,25,20,20
48,8105,0.0009347849447649597,0.09028556708377003,0.1943378849675406,0.7144417630039238,25,20,20
48,8106,0.0004483726919379442,0.08143211197416905,0.16766633664537273,0.7504531786885204,25,20,20
48,8107,0.00044836684016848297,0.07999166299837926,0.16849433493019494,0.7510656352312572,25,20,20
48,8108,0.006627429756492639,0.06659746284221076,0.16817695840184893,0.7585981489994467,25,20,20
48,8109,0.0451624449174282,0.040810442971611634,0.16958210112264346,0.7444450109883163,25,20,20
48,8110,0.03940130161637654,0.040018926674750474,0.16875729627767339,0.7518224754311993,25,20,20
48,8111,0.005578027411826798,0.026365758549845807,0.20960638035198528,0.758449833686341,25,20,20
48,8112,0.03843164468773772,0.025625486996832033,0.2152419977795255,0.7207008705359037,25,20,20
48,8113,0.0462434369153397,0.04023326522453412,0.2007667241538568,0.7127565737062688,25,20,20
48,8114,0.04173783635041632,0.0002464024755873038,0.23490814864539022,0.723107612528605,25,20,20
48,8115,0.08878608456883724,0.0020769468865757265,0.18030827123930762,0.7288286973052786,25,20,20
48,8116,0.08892825144145648,0.0001972135884021126,0.18211126893246615,0.7287632660376748,25,20,20
48,8117,0.024910609893916517,1.2995138639641403e-06,0.2316396611943223,0.743448429397897,25,20,20
48,8118,0.040617061304339265,4.7561667969768536e-07,0.19935802379223688,0.7600244392867442,25,20,20
48,8119,0.011827356097468737,0.0002724315302952334,0.23597989874729916,0.7519203136249363,25,20,20
48,8120,0.0025735077848573723,0.00010465067502921954,0.25417600920166955,0.7431458323384423,25,20,20
48,8121,0.00012693828670237435,0.00038241719659521956,0.20870205051299504,0.790788594003706,25,20,20
48,8122,0.0005347895426272773,3.3523950751024776e-07,0.2091286521723442,0.7903362230455205,25,20,20
48,8123,0.0005347895425432138,3.352404522598871e-07,0.20941278001736582,0.7900520951996377,25,20,20
48,8124,0.005643424108730187,6.502299710418661e-09,0.2022068631946488,0.7921497061943199,25,20,20
48,8125,0.022821943384624507,3.3808146561482525e-06,0.22117568389054454,0.7559989919101737,25,20,20
48,8126,0.045914870759491445,2.3788537959469085e-05,0.16431871030949646,0.7897426303930516,25,20,20
48,8127,0.020119762088630876,0.00011076969804328603,0.17981751285329386,0.7999519553600314,25,20,20
48,8128,0.03485897079892705,2.1322986275508146e-06,0.16561839259143915,0.7995205043110056,25,20,20
48,8129,0.06288163320659437,3.910385872138431e-07,0.13758217126874311,0.7995358044860756,25,20,20
48,8130,0.04053917614797279,0.002024745531292868,0.17698551018214964,0.780450568138584,25,20,20
48,8131,0.039510641693633046,0.0020271779963120682,0.17749557780777475,0.7809666025022797,25,20,20
48,8132,0.06751181007082925,4.175379606349641e-05,0.1334804055896453,0.7989660305434612,25,20,20
48,8133,0.06683132209579544,0.00021200582895018305,0.13370049365041395,0.7992561784248398,25,20,20
48,8134,0.08041539477094892,3.131303462824845e-05,0.1207094939805931,0.7988437982138289,25,20,20
48,8135,0.04719246786648381,3.286152344220714e-05,0.15362338536236855,0.7991512852477046,25,20,20
48,8136,0.00781514367821352,2.3085945815606614e-05,0.21123533602174124,0.7809264343542288,25,20,20
48,8137,0.03756656362957126,1.3677890925724379e-05,0.15933899881313882,0.8030807596663638,25,20,20
48,8138,0.01825910965367407,3.561397084751386e-05,0.14277780139834167,0.8389274749771366,25,20,20
48,8139,0.039349073535319995,1.3486694220568727e-05,0.12172210705142619,0.8389153327190335,25,20,20
48,8140,0.01663929627157844,3.0704474044920266e-07,0.18179860055868796,0.8015617961249926,25,20,20
48,8141,0.0002972366595671682,7.600438257551527e-07,0.18457763392940923,0.8151243693671971,25,20,20
48,8142,0.0002965954615253407,5.522130421076237e-07,0.16859739585675762,0.8311054564686742,25,20,20
48,8143,0.008997207613033333,0.0005556079380793555,0.16944525057913,0.8210019338697563,25,20,20
48,8144,3.8964793518446435e-06,1.4589670145245029e-05,0.12079936491513149,0.8791821489353707,25,20,20
48,8145,2.1241593995563127e-06,1.4922524221688788e-06,0.12002264479825554,0.8799737387899222,25,20,20
48,8146,0.039931071492876155,1.492260117457146e-06,0.08110738035643701,0.8789600558905691,25,20,20
48,8147,0.03993099508454534,7.580459431549865e-07,0.08913113522205318,0.8709371116474585,25,20,20
48,8148,0.03997513691589814,4.9001743705930296e-05,0.10393595410180877,0.856039907238587,25,20,20
48,8149,0.03997513690060027,4.9025001439359386e-05,0.0959491141114635,0.8640267239864969,25,20,20
48,8150,0.03395684312411073,3.6420785178778915e-05,0.09431053010469087,0.8716962059860195,25,20,20
48,8151,0.03603021354698457,7.926591648314813e-07,0.08494543680746328,0.8790235569863873,25,20,20
48,8152,0.00015169575823264126,0.0004016412444771703,0.13632295150529206,0.863123711491998,25,20,20
48,8153,0.0001516957521641751,0.000401641211447709,0.11757956960345398,0.881867093432934,25,20,20
48,8154,3.805898631837472e-08,1.1519054972105182e-05,0.13036185186257684,0.8696265910234645,25,20,20
48,8155,3.800556041276421e-08,4.835103765400122e-05,0.13931804729166877,0.8606335636651161,25,20,20
48,8156,4.595411977787364e-06,7.502163446730416e-05,0.12038229253402465,0.8795380904195297,25,20,20
48,8157,8.370993697853693e-06,5.679253685993265e-05,0.12797627275481424,0.8719585637146278,25,20,20
48,8158,0.031095528323499946,4.717273443111308e-05,0.08979691944401774,0.8790603794980508,25,20,20
48,8159,8.767745648083627e-07,8.198783031223209e-07,0.14625702130905202,0.85374128203808,25,20,20
48,8160,7.520789742489882e-06,8.330744124448976e-07,0.15952545740091628,0.8404661887349282,25,20,20
48,8161,0.0003212573007937355,8.302068199321399e-07,0.1677793448090783,0.8318985676833069,25,20,20
48,8162,0.00417811625771446,0.03221015349065669,0.12272259725903206,0.8408891329925966,25,20,20
48,8163,1.296266874152389e-06,9.409734569191355e-05,0.16004142549651218,0.839863180890921,25,20,20
48,8164,0.03737590084713796,8.434640002195227e-05,0.12317184964783624,0.8393679031050033,25,20,20
48,8165,0.037375715477392615,0.002007894620331657,0.12155293498221793,0.8390634549200573,25,20,20
48,8166,0.03737571545969716,0.00012077376054332349,0.12300285878336294,0.8395006519963958,25,20,20
48,8167,0.029960461268026425,6.838743997987291e-05,0.13099810007814214,0.8389730512138505,25,20,20
48,8168,4.30167715826946e-05,2.154090313460929e-05,0.14126502586879147,0.8586704164564903,25,20,20
48,8169,0.03045276919801184,8.545888891685287e-07,0.13768367026567194,0.8318627059474271,25,20,20
48,8170,0.029741581590825347,8.81896960796941e-07,0.16549066895846096,0.8047668675537517,25,20,20
48,8171,6.868641211354667e-06,7.604148511411281e-07,0.18841607867174506,0.8115762922721917,25,20,20
48,8172,3.2014480583643595e-05,4.3742889744261824e-05,0.14871037203128482,0.8512138705983868,25,20,20
48,8173,3.9897121315875756e-05,1.6072828774803522e-08,0.13225596270145965,0.8677041241043959,25,20,20
48,8174,8.603918853943652e-08,2.2423694821365795e-10,0.09891556316799868,0.9010843505685757,25,20,20
48,8175,8.830581038086875e-05,1.5257885173105277e-07,0.09051859068317811,0.9093929509275891,25,20,20
48,8176,8.830555132358461e-05,9.466444165876629e-09,0.08067773300921786,0.9192339519730146,25,20,20
48,8177,0.00017202811275522585,9.440597177906834e-09,0.08985711790263202,0.9099708445440156,25,20,20
48,8178,0.0001690719637011067,2.445611612561737e-05,0.14114042069842375,0.8586660512217489,25,20,20
48,8179,5.987907226891457e-06,2.4452934142466497e-05,0.12930502705124913,0.8706645321073812,25,20,20
48,8180,0.008929842875078468,3.958589443785531e-05,0.14565278687895813,0.8453777843515259,25,20,20
48,8181,0.015968481567169113,8.591974414406312e-09,0.09923672496495078,0.8847947848759051,25,20,20
48,8182,0.038564392285357914,7.698851277966385e-07,0.11431093205666348,0.8471239057728505,25,20,20
48,8183,0.006071967769214431,5.241758001945965e-05,0.11781352484670833,0.876062089804058,25,20,20
48,8184,0.006071967232154931,5.241534872644932e-05,0.13776170529332105,0.8561139121257978,25,20,20
48,8185,0.0007015112781360712,7.361171412549621e-07,0.11698183763406776,0.8823159149706548,25,20,20
48,8186,9.565148326520267e-10,4.8260740584917795e-05,0.08915842117785067,0.9107933171250496,25,20,20
48,8187,8.634140428824613e-06,4.8271794810296374e-05,0.10510859049116351,0.8948345035735968,25,20,20
48,8188,1.6125403956107391e-07,2.059138140960564e-08,0.10640143267348463,0.8935983854810943,25,20,20
48,8189,1.6076899677814398e-07,4.38054123357633e-05,0.0869439253401368,0.9130121084785308,25,20,20
48,8190,1.5684655505096574e-07,1.52708342086239e-08,0.103911013398639,0.8960888144839713,25,20,20
48,8191,0.038978964789684795,1.542554966873552e-08,0.05861329119529195,0.9024077285894735,25,20,20
48,8192,0.012940959705292824,2.3644228931159247e-08,0.10626566372515013,0.8807933529253276,25,20,20
48,8193,1.0369254015548411e-07,1.7640195787667e-08,0.06404035994147286,0.9359595187257908,25,20,20
48,8194,0.00018154526997216558,0.03176799216494559,0.05581768330475298,0.9122327792603288,25,20,20
48,8195,6.444565544707377e-13,0.002536986281814868,0.07894563882101116,0.9185173748965292,25,20,20
48,8196,1.5527822488324809e-13,0.002536986278842039,0.07886952121783025,0.9185934925031723,25,20,20
48,8197,9.829563996038008e-05,0.0007371799977344393,0.08059757079548056,0.9185669535668244,25,20,20
48,8198,7.472094163232684e-05,2.105055159418973e-05,0.06397199180814116,0.935932236698632,25,20,20
48,8199,7.472095418316002e-05,2.1053026910693817e-05,0.08848200485349601,0.9114222211654099,25,20,20
48,8200,3.153444728825109e-06,5.868722119392588e-09,0.06668898910712574,0.9333078515794232,25,20,20
48,8201,8.851469324785364e-05,1.6309222830515092e-07,0.0749167571416402,0.9249945650728835,25,20,20
48,8202,3.0296917163976676e-06,1.543588701008333e-07,0.026917281221994337,0.973079534727419,25,20,20
48,8203,6.93948488897939e-11,7.709799902698829e-07,0.07042941903215062,0.9295698099184636,25,20,20
48,8204,6.969175456084908e-11,7.709799679415942e-07,0.06325178205329168,0.9367474468970484,25,20,20
48,8205,1.3278200090276214e-06,7.722882884572507e-07,0.06198286574324288,0.938015034148459,25,20,20
48,8206,1.3278196359734462e-06,7.754771681626743e-07,0.06814823827180154,0.9318496584313943,25,20,20
48,8207,1.7655982088585665e-11,1.7491877117301645e-08,0.08726507772767629,0.9127349047627904,25,20,20
48,8208,4.4627639101416885e-11,4.82415852791035e-05,0.07856086754207885,0.9213908908280142,25,20,20
48,8209,2.7844545687812203e-12,4.74548451445477e-05,0.08249520494238524,0.9174573402096853,25,20,20
48,8210,0.008498166325552014,4.7460804811961727e-05,0.07523696618053875,0.9162174066890971,25,20,20
48,8211,1.5954817908264147e-07,3.245799968985102e-09,0.08085169077190278,0.919148146434118,25,20,20
48,8212,1.5951076720954002e-07,4.106308458266963e-12,0.04139255925081402,0.9586072812343125,25,20,20
48,8213,0.035625532345309276,1.164466511335648e-08,0.006020798298712127,0.9583536577113133,25,20,20
48,8214,0.0032195083351667553,1.664282913461347e-07,0.011711208672648427,0.9850691165638936,25,20,20
48,8215,5.7600642978122014e-12,1.568994083175992e-10,0.01071604710480672,0.9892839527325336,25,20,20
48,8216,6.051438599024545e-12,5.886779084989017e-11,0.002783790707499022,0.9972162092275816,25,20,20
48,8217,1.7096436460638147e-11,5.865216143882015e-11,0.0004974846974674727,0.9995025152267837,25,20,20
48,8218,4.871359356387445e-13,5.768535354078436e-11,0.009715909975652817,0.9902840899661747,25,20,20
48,8219,7.66791351585934e-13,3.246549243316935e-09,0.010183155169311427,0.9898168415833727,25,20,20
48,8220,5.865806381559992e-13,3.248477720950393e-09,0.0017610121166843225,0.9982389846342515,25,20,20
48,8221,6.807225695401538e-13,3.0824454942150577e-12,0.0009796614029245513,0.9990203385933121,25,20,20
48,8222,3.062995501893985e-13,4.5129527818026114e-12,0.02584729740120653,0.9741527025939745,25,20,20
48,8223,1.2497796612903388e-13,2.1802369550430983e-12,0.0011620117761628273,0.9988379882215322,25,20,20
48,8224,1.2247573168145187e-14,2.128776839650155e-12,0.0006982418838168657,0.9993017581140424,25,20,20
48,8225,1.4128440691128228e-14,2.080328833133477e-12,0.001227992479619817,0.9987720075182861,25,20,20
48,8226,5.30167019081448e-08,2.6333071401379518e-09,0.011532532927539554,0.9884674114224516,25,20,20
48,8227,1.668072471891851e-11,2.6334436543779087e-09,0.010262982469366251,0.9897370148805095,25,20,20
48,8228,1.6909431320253857e-11,5.090403372322684e-09,0.03429158563702945,0.9657084092556575,25,20,20
48,8229,2.977971925838286e-06,5.199602278763945e-09,0.028548177593749613,0.971448839234722,25,20,20
48,8230,6.624195974008382e-12,5.0786353132452625e-09,0.02570122848522532,0.9742987664295147,25,20,20
48,8231,3.180927430545612e-07,3.0866561913401354e-06,0.037773013814694945,0.9622235814363701,25,20,20
48,8232,5.863269041809846e-06,8.699992598422477e-09,0.05023581509782984,0.9497583129331353,25,20,20
48,8233,0.00021777275390111648,2.2991274485914382e-07,0.08067709044976958,0.9191049068835829,25,20,20
48,8234,0.00015115369840724925,1.5887446957765918e-10,0.05763277444360531,0.9422160716991124,25,20,20
48,8235,2.1109760043242374e-06,6.353043162303329e-09,0.0578960306967582,0.9421018519741942,25,20,20
48,8236,2.110976285911526e-06,6.353104635132375e-09,0.04987655782819956,0.9501213248424102,25,20,20
48,8237,2.110992600644944e-06,6.352622355057636e-09,0.04980549150337977,0.9501923911513975,25,20,20
48,8238,3.825878854454117e-06,2.3268345604141417e-07,0.04139907430030797,0.9585968671373816,25,20,20
48,8239,3.825878747554485e-06,2.3268049249653744e-07,0.04119488490578428,0.9588010565349755,25,20,20
48,8240,0.002363964726340233,1.3204646166513532e-07,0.07196330426965165,0.9256725989575465,25,20,20
48,8241,0.03840192221097401,5.64823126490591e-10,0.009746527381805103,0.9518515498423981,25,20,20
48,8242,0.038401922206182035,6.040484856479959e-10,0.021319466902082928,0.9402786102876864,25,20,20
48,8243,0.0361346645444622,0.00012072786235969213,0.0373723187586393,0.9263722888345383,25,20,20
48,8244,0.04192833997635553,0.00012071626138707151,0.03121108599607636,0.9267398577661808,25,20,20
48,8245,0.03994511552696326,8.069583891780844e-07,0.05579957508041419,0.904254502434233,25,20,20
48,8246,6.595426638902175e-06,0.01770223433421415,0.11905970207457804,0.8632314681645685,25,20,20
48,8247,1.7617222872325004e-05,0.040033350156529215,0.18748727898674722,0.77246175363385,25,20,20
48,8248,0.003194150364720608,0.03950611644644292,0.1418856760308351,0.8154140571580005,25,20,20
48,8249,3.716062791587472e-06,0.04000936151129923,0.14423057854513463,0.8157563438807744,25,20,20
48,8250,3.715486160414887e-06,0.03998851726922452,0.14280109282997253,0.8172066744146421,25,20,20
48,8251,0.00013974024444117264,0.0399881948955432,0.08111261096238455,0.8787594538976309,25,20,20
48,8252,0.00013958318573903503,0.04000000559053678,0.08104896862196548,0.8788114426017585,25,20,20
48,8253,0.00013958682095207954,0.04000000585289814,0.08152072340829569,0.8783396839178537,25,20,20
48,8254,0.004178264327684737,0.040000556144765075,0.0789164845331734,0.8769046949943763,25,20,20
48,8255,0.004178289569688206,0.040001447084425656,0.1370276479669966,0.8187926153788887,25,20,20
48,8256,7.414979509702677e-08,0.07933127357803374,0.10115373329007425,0.8195149189820967,25,20,20
48,8257,5.652130529092213e-08,0.08002632304053088,0.09901104037408731,0.8209625800640762,25,20,20
48,8258,2.089659597287836e-09,0.07896031099596348,0.08197828892134267,0.839061397993034,25,20,20
48,8259,2.861036804886944e-09,0.062324308503953985,0.10584187421802886,0.8318338144169801,25,20,20
48,8260,2.300020847955561e-09,0.06040827879484533,0.1073210247053984,0.8322706941997354,25,20,20
48,8261,0.004272577605834623,0.039999173117111965,0.08899708200549199,0.866731167271561,25,20,20
48,8262,0.004272573741274866,0.03977932054616613,0.09232014917985663,0.8636279565327019,25,20,20
48,8263,0.004272569387878354,1.3378304870881495e-05,0.09350849217021816,0.9022055601370323,25,20,20
48,8264,5.5871302822044464e-06,3.3796787127074445e-07,0.12889563649552527,0.871098438406321,25,20,20
48,8265,5.591461228116647e-06,1.1870634953402286e-06,0.12931726604079707,0.8706759554344792,25,20,20
48,8266,0.0384016340682948,3.810053695907394e-05,0.12303700296996593,0.8385232624247796,25,20,20
48,8267,0.038486067308147694,3.814989438544488e-05,0.1219773022388983,0.839498480558568,25,20,20
48,8268,0.0387278746226274,3.1280557739480996e-09,0.09128665579182588,0.8699854664574903,25,20,20
48,8269,0.040300086567163086,2.263161805989325e-08,0.0884654714695527,0.8712344193316656,25,20,20
48,8270,0.012188680991051115,2.4915796450233227e-07,0.12554769529035545,0.8622633745606286,25,20,20
48,8271,6.022495384649872e-06,5.976981910826212e-07,0.12238800153597935,0.8776053782704437,25,20,20
48,8272,0.0075982423530418,6.04853056164191e-07,0.11389119291183526,0.8785099598820664,25,20,20
48,8273,0.007598352339638312,0.0017163379908524895,0.1116687179898423,0.8790165916796658,25,20,20
48,8274,0.0075984673526268256,0.001706503681789495,0.11073635193324817,0.8799586770323348,25,20,20
48,8275,0.007933610884358127,0.0017071676228114189,0.1500320665343535,0.8403271549584765,25,20,20
48,8276,0.00019629315119117088,1.6533325113130688e-05,0.13012648451420258,0.8696606890094928,25,20,20
48,8277,0.00010344533037840959,1.667615661516896e-05,0.08993353544628312,0.9099463430667231,25,20,20
48,8278,0.007815620402682492,4.0660375729029304e-07,0.07323412042986056,0.9189498525636992,25,20,20
48,8279,0.00781562040259323,4.0347944432307775e-07,0.07275826898059522,0.9194257071373668,25,20,20
48,8280,5.6410910205749635e-06,1.9895594420793653e-09,0.07981307057056833,0.9201812863488513,25,20,20
48,8281,2.8663839125317947e-05,4.648766729531736e-06,0.09466910380311777,0.9052975835910267,25,20,20
48,8282,0.03617155679612041,2.087691320281738e-09,0.09179368858777444,0.8720347525284136,25,20,20
48,8283,0.036171556479878395,1.9301271455989927e-09,0.05145571086760115,0.912372730722393,25,20,20
48,8284,0.00012061833101167822,1.1792802386066123e-07,0.11291480812570986,0.8869644556152545,25,20,20
48,8285,6.403152638459557e-06,1.146415565555689e-07,0.0796161911709711,0.9203772910348337,25,20,20
48,8286,0.0004852189562188058,1.1415976426731923e-06,0.11768993150998117,0.8818237079361572,25,20,20
48,8287,2.7217939117394267e-06,1.1506411413030944e-07,0.14495426836596134,0.8550428947760124,25,20,20
48,8288,2.6059409439668046e-06,0.0007988519203100376,0.14388578765452337,0.8553127544842224,25,20,20
48,8289,0.013077435539608676,7.904345469327571e-07,0.12359126877153011,0.8633305052543134,25,20,20
48,8290,0.013077439699251672,7.905517179491683e-07,0.1342458242230841,0.8526759455259452,25,20,20
48,8291,0.013064529366624967,0.0012879743924257905,0.11829944778311942,0.8673480484578293,25,20,20
48,8292,0.013064586607064079,0.0012886025067120302,0.11058265228898087,0.8750641585972423,25,20,20
48,8293,7.558655795530969e-06,0.002316596770670606,0.11802804054390753,0.8796478040296263,25,20,20
48,8294,4.034843837649831e-06,0.0003598299547920435,0.12004749149688251,0.8795886437044874,25,20,20
48,8295,0.017017075180392867,0.0007876669974535536,0.11045916674769359,0.8717360910744593,25,20,20
48,8296,0.002024620083334751,5.129736379908795e-06,0.10625880087223427,0.8917114493080505,25,20,20
48,8297,0.005907009488997364,9.947516383033314e-08,0.06280658767627785,0.9312863033595604,25,20,20
48,8298,0.005907009460446806,1.021629618996319e-07,0.08090361935908007,0.9131892690175109,25,20,20
48,8299,0.039848094296261974,1.0196310544219589e-07,0.03566834553270219,0.9244834582079302,25,20,20
48,8300,5.32072081730812e-05,2.8468783480375536e-09,0.04080325587380486,0.9591435340711439,25,20,20
48,8301,1.6069382455925381e-07,2.3404195856572746e-05,0.04930321656561694,0.950673218544702,25,20,20
48,8302,1.6102271617999784e-07,2.3407328115547524e-05,0.049513063261697125,0.9504633683874714,25,20,20
48,8303,4.879907124476498e-10,2.6971128736600967e-07,0.05631688083971831,0.9436828489610031,25,20,20
48,8304,3.9760655422940036e-13,1.1495847680421466e-10,0.010315549603500195,0.9896844502811433,25,20,20
48,8305,1.3411222429364136e-11,8.312030457181327e-08,0.059423209344183686,0.9405767075221001,25,20,20
48,8306,0.007779793408859591,8.133449694474893e-06,0.0866372103772238,0.905574862764222,25,20,20
48,8307,0.010073001520423038,1.0817625485971978e-05,0.040432893184529986,0.9494832876695611,25,20,20
48,8308,0.010073001520446226,1.0817826750271996e-05,0.07169004428371122,0.9182261363690917,25,20,20
48,8309,0.010073044041654983,1.911165527867426e-05,0.07178179952362063,0.9181260447794451,25,20,20
48,8310,2.242554296411254e-07,4.352779565967848e-05,0.07177493571539878,0.9281813122335117,25,20,20
48,8311,2.876156275593821e-07,4.350905538727933e-05,0.0876392197869697,0.9123169835420155,25,20,20
48,8312,1.9588069135694304e-07,6.790032361583672e-07,0.06539869443462826,0.9346004306814442,25,20,20
48,8313,5.571168352985382e-08,1.92218257085499e-08,0.060209951403678144,0.9397899736628125,25,20,20
48,8314,5.535960650113651e-08,1.1843842037192156e-07,0.0775662411385864,0.9224335850633865,25,20,20
48,8315,5.536072318537682e-08,6.475363317696271e-07,0.1436874604270506,0.856311836675894,25,20,20
48,8316,9.230707198154686e-08,2.1407921255162296e-08,0.1017705047617058,0.8982293815233008,25,20,20
48,8317,2.6042469658219945e-07,5.659618729036547e-07,0.10944902942901345,0.8905501441844169,25,20,20
48,8318,1.6947647883300335e-09,3.312215460940146e-07,0.05690170245295874,0.9430979646307301,25,20,20
48,8319,6.474820375901168e-08,2.553011225047972e-10,0.041594704097562385,0.9584052308989327,25,20,20
48,8320,4.12878013027781e-13,3.678947539465783e-05,0.050409083165981444,0.9495541273582109,25,20,20
48,8321,1.9202585173589598e-11,0.03898401625101583,0.002818165010748734,0.9581978187190328,25,20,20
48,8322,3.581322075651538e-10,0.03898402216716592,0.024527111954992607,0.9364888655197094,25,20,20
48,8323,1.9392486077917894e-11,0.03898401624589499,0.05321994109802382,0.9077960426366883,25,20,20
48,8324,6.667908181050458e-10,0.0389840131202741,0.022362716245877583,0.9386532699670576,25,20,20
48,8325,1.9359626566567873e-11,0.03898401316345267,0.019976321604684873,0.9410396652125028,25,20,20
48,8326,1.9345639924230443e-11,0.038984013162375424,0.01870908856788515,0.9423068982503938,25,20,20
48,8327,5.958535649497266e-12,0.039990594257726046,0.02847144448913557,0.9315379612471795,25,20,20
48,8328,0.005734310236788538,0.03998783916958999,0.036927758145463875,0.917350092448157,25,20,20
48,8329,0.0057343102370054225,0.039999672665682946,0.05943008344435576,0.8948359336529554,25,20,20
48,8330,0.005734310236902503,0.0399996746293513,0.07320510629916781,0.8810609088345782,25,20,20
48,8331,4.093551991143711e-06,0.03999969534194638,0.06251847716915333,0.8974777339369092,25,20,20
48,8332,4.093621904908719e-06,0.0025345833367444626,0.07785673323652152,0.919604589804829,25,20,20
48,8333,4.0935890967194125e-06,0.001342739623399274,0.07941968616867595,0.9192334806188278,25,20,20
48,8334,5.133713514499062e-06,2.7756214915083967e-08,0.08162029484402494,0.9183745436862454,25,20,20
48,8335,1.0402394474757914e-06,8.648979254327732e-07,0.11561814080745898,0.8843799540551681,25,20,20
48,8336,1.0402097226458755e-06,4.9104039053553024e-05,0.15081909937385382,0.8491307563773698,25,20,20
48,8337,0.006928750811042061,0.0026162642731533707,0.14464007384129407,0.8458149110745107,25,20,20
48,8338,0.006928750791722353,3.97753976071807e-05,0.11862744545929144,0.874404028351379,25,20,20
48,8339,0.006928750671928976,8.884492798379193e-05,0.10234752625783887,0.8906348781422477,25,20,20
48,8340,4.011057332242965e-05,0.020755948232104665,0.08764817376215295,0.8915557674324197,25,20,20
48,8341,4.011057343129072e-05,0.020755948121157518,0.08686976601317196,0.8923341752922392,25,20,20
48,8342,4.009206887016744e-05,0.020745969602093274,0.059716670948120436,0.9194972673809161,25,20,20
48,8343,2.1348562670710063e-06,0.03947573978250569,0.048015788386419914,0.9125063369748071,25,20,20
48,8344,5.3793574913644663e-05,0.03952819611430389,0.063054819509799,0.8973631908009829,25,20,20
48,8345,1.1950022041776303e-05,0.03903201906690612,0.0723967135281842,0.8885593173828678,25,20,20
48,8346,3.5233259516850315e-08,0.06139819999717016,0.028861156895788387,0.9097406078737817,25,20,20
48,8347,1.0958659432122576e-09,0.06224938727194588,0.02742917147790039,0.9103214401542878,25,20,20
48,8348,1.0963864591657326e-09,0.0793931323540955,0.0008543214987756872,0.9197525450507423,25,20,20
48,8349,6.316966144439353e-13,0.07997794866604292,0.00912369601917558,0.9108983553141496,25,20,20
48,8350,2.95762099799276e-13,0.07947020401983271,0.007963493844240133,0.9125663021356316,25,20,20
48,8351,5.839977920008291e-10,0.0405276806915687,0.048967142771836294,0.9105051759525967,25,20,20
48,8352,3.2421803448721198e-09,0.04204614390808626,0.04597955996095438,0.9119742928887788,25,20,20
48,8353,3.2636796085538477e-09,0.04204614707782885,0.04638534408532807,0.9115685055731636,25,20,20
48,8354,3.2424727079477514e-09,0.0415382279562724,0.04244339443223624,0.9160183743690188,25,20,20
48,8355,3.2421762528076898e-09,0.04153805000475442,0.039308584320264905,0.9191533624328041,25,20,20
48,8356,4.765981446580905e-13,0.019955304963477125,0.06277888772470085,0.9172658073113449,25,20,20
48,8357,1.5611609303567315e-12,0.020314568627853302,0.07102335904175629,0.9086620723288287,25,20,20
48,8358,1.1677463514660654e-09,0.020315213500332992,0.06169035267180597,0.9179944326601144,25,20,20
48,8359,1.1680210282125666e-09,0.020315210310339334,0.06201086175921763,0.9176739267624217,25,20,20
48,8360,3.5970694024205777e-06,0.04002343504431778,0.0571589110832714,0.9028140568030077,25,20,20
48,8361,8.05459495473197e-09,0.042426427052482646,0.0848447270866109,0.8727288378063107,25,20,20
48,8362,3.788470331457608e-09,0.0423860008342114,0.08580714183166792,0.87180685354565,25,20,20
48,8363,2.2738442710494204e-11,0.03999789179427036,0.11394578491783544,0.8460563232651555,25,20,20
48,8364,0.011105233531570842,0.040011078413479846,0.12960638934821125,0.8192772987067375,25,20,20
48,8365,0.011105233531148485,0.04001107842006009,0.07056318019670928,0.8783205078520818,25,20,20
48,8366,4.924912389460342e-09,0.03998227938161829,0.08180677377159029,0.8782109419218785,25,20,20
48,8367,2.11913266774276e-06,0.039981311193112025,0.08075838713977708,0.8792581825344428,25,20,20
48,8368,0.00012116393114475652,0.03947956095909658,0.05014270371580935,0.9102565713939492,25,20,20
48,8369,0.00011918604645394924,0.0007109546656827221,0.08808834079767486,0.9110815184901879,25,20,20
48,8370,8.275049571212957e-06,0.0007109608187603787,0.0807979027189336,0.918482861412734,25,20,20
48,8371,8.461379390065356e-06,3.635138016455892e-05,0.08118992465703517,0.9187652625834103,25,20,20
48,8372,8.8010539965089e-13,6.574394846305408e-07,0.08244035104655499,0.9175589915130797,25,20,20
48,8373,1.567253207194903e-07,6.720355633260007e-07,0.08200315308877296,0.9179960181503428,25,20,20
48,8374,1.7250407600097967e-05,6.777961240747208e-07,0.09663123832347399,0.9033508334728013,25,20,20
48,8375,1.7250407876628894e-05,3.277551090938921e-08,0.09645758233552515,0.9035251344810865,25,20,20
48,8376,0.016372461432719972,0.002025530042671964,0.0633764804969499,0.9182255280276572,25,20,20
48,8377,1.9129676268966254e-07,3.7369298865402005e-05,0.08115076505403379,0.9188116743503381,25,20,20
48,8378,4.763728402606757e-08,0.030207759705532532,0.05040911342512561,0.9193830792320579,25,20,20
48,8379,1.90966229942069e-07,0.040009408956470566,0.0410362167967301,0.9189541832805692,25,20,20
48,8380,1.5501101986601106e-07,0.039991283586680776,0.04067197167621572,0.9193365897260836,25,20,20
48,8381,8.930497702555102e-06,0.03997875804884811,0.08038164068209863,0.8796306707713505,25,20,20
48,8382,0.010202483274164993,0.0399787615210391,0.048716999069079676,0.9011017561357163,25,20,20
48,8383,0.010544560611729781,0.026570780783273157,0.0619765055672381,0.900908153037759,25,20,20
48,8384,0.0002516658521784848,0.03999970206644918,0.09905741584926182,0.8606912162321099,25,20,20
48,8385,0.00036246109626039745,0.04002501604273032,0.13729439207322733,0.8223181307877813,25,20,20
48,8386,0.05023109132333652,0.04001030606825946,0.07909106095024106,0.8306675416581625,25,20,20
48,8387,0.05638228799351829,0.039999787761333214,0.07417020579889434,0.829447718446254,25,20,20
48,8388,0.05446942244733168,0.0019765738503451213,0.10203011928999103,0.8415238844123314,25,20,20
48,8389,0.017547592406600296,0.00018545722379519896,0.1428358562321257,0.8394310941374782,25,20,20
48,8390,0.005327939852428048,7.506523911484411e-07,0.15554364924734174,0.8391276602478384,25,20,20
48,8391,0.005658340224926211,3.545626936156558e-07,0.1555301406369956,0.8388111645753837,25,20,20
48,8392,0.033162107887964705,9.721730275476524e-07,0.12925486375092732,0.8375820561880802,25,20,20
48,8393,0.004520687375162493,2.807072682166962e-05,0.1576167763502034,0.8378344655478116,25,20,20
48,8394,0.0003126284668638075,2.4709114665828597e-05,0.12156499072214005,0.8780976716963299,25,20,20
48,8395,3.019561862337574e-06,2.621022408968069e-05,0.12962099576873953,0.8703497744453083,25,20,20
48,8396,0.007740009452302278,0.0007863001482909913,0.12139939080998635,0.87007429958942,25,20,20
48,8397,0.00785197858777442,2.1741995431281875e-08,0.14092430994658622,0.851223689723643,25,20,20
48,8398,0.004465845734807858,1.886293692197733e-08,0.12521098938813058,0.870323146014124,25,20,20
48,8399,0.0351860306640404,2.4373848293907004e-08,0.10426685665672364,0.8605470883053872,25,20,20
48,8400,0.03529961383523759,2.6828617440800492e-05,0.08588276950161473,0.8787907880457059,25,20,20
48,8401,0.0014952993587368033,0.0002318364138775818,0.10696699285780843,0.8913058713695772,25,20,20
48,8402,4.934983546242257e-05,6.579583531993135e-07,0.1380367342304884,0.8619132579756951,25,20,20
48,8403,9.853483620508658e-05,5.201246702584694e-07,0.16079278740931163,0.8391081576298126,25,20,20
48,8404,2.294138574918389e-06,5.200559720619704e-07,0.20041022503831513,0.7995869607671376,25,20,20
48,8405,0.0003415981297029434,0.0011611309685228962,0.17557135070428845,0.8229259201974854,25,20,20
48,8406,0.0003384406481413551,0.0011983698111950952,0.15897989905841547,0.8394832904822473,25,20,20
48,8407,0.00010670455168431809,0.0002651383807850093,0.1533246009371586,0.8463035561303718,25,20,20
48,8408,9.75103110344082e-06,0.0010307499531498018,0.15302079010757016,0.845938708908176,25,20,20
48,8409,0.0020043497445057425,0.0010302191156843269,0.1621174400585816,0.8348479910812279,25,20,20
48,8410,0.03587307826369137,0.0010297652628700443,0.11314120942066488,0.8499559470527734,25,20,20
48,8411,0.005593985937439625,0.02445150513860777,0.15936113943372196,0.8105933694902301,25,20,20
48,8412,0.04028749389664606,0.03934808875681513,0.16472256006511718,0.755641857281421,25,20,20
48,8413,0.012742812848177383,0.01749538178117067,0.2473592037328996,0.7224026016377515,25,20,20
48,8414,0.012682196759098692,0.040296497638052514,0.2334741934672866,0.7135471121355618,25,20,20
48,8415,0.04866436693515367,0.040048543015350574,0.2296019459263341,0.6816851441231612,25,20,20
48,8416,0.03575883948423578,0.042557938135597384,0.2111027169023615,0.7105805054778037,25,20,20
48,8417,0.03576007063533345,0.042299514546213245,0.19407820197882322,0.7278622128396292,25,20,20
48,8418,0.03576017666571048,0.03939158772488025,0.21144903473104038,0.7133992008783682,25,20,20
48,8419,0.03575766922056708,0.000711771647713718,0.17242568948297993,0.7911048696487383,25,20,20
48,8420,0.00027663605684911225,0.0004454878799911215,0.20707719423075574,0.7922006818324033,25,20,20
48,8421,0.03033911485618522,3.7468575567914294e-05,0.1763614219512286,0.7932619946170181,25,20,20
48,8422,0.034123263803118434,9.350750255071853e-08,0.18144817637598706,0.7844284663133919,25,20,20
48,8423,0.03432213017907796,7.248892580740686e-07,0.2169759442190777,0.7487012007125865,25,20,20
48,8424,0.0031821259340584513,1.5445872759371767e-05,0.1808672181080053,0.8159352100851757,25,20,20
48,8425,0.0031761738217636133,6.319316048722136e-05,0.19037845031352968,0.8063821827042187,25,20,20
48,8426,8.719281559396953e-06,4.9587391285826654e-05,0.20608696345179495,0.7938547298753587,25,20,20
48,8427,1.2505380032238078e-05,0.0024333945839744154,0.20339344890347114,0.794160651132521,25,20,20
48,8428,8.187955230387236e-05,0.0031373815218977722,0.23280484627268005,0.7639758926531174,25,20,20
48,8429,0.03858210440828853,1.3967404182962423e-06,0.20968571550945816,0.7517307833418336,25,20,20
48,8430,0.038580558112122,8.925577761646601e-07,0.21821437698060667,0.7432041723494934,25,20,20
48,8431,0.03858045020297719,8.717435130642521e-07,0.2253878384150234,0.7360308396384846,25,20,20
48,8432,0.04350108134356224,1.4886286370151903e-06,0.22022100056732674,0.7362764294604724,25,20,20
48,8433,0.04000047331154695,3.8782315908784885e-05,0.2227329120570861,0.7372278323154575,25,20,20
48,8434,0.04000046989114425,0.039625239363748,0.17188100488071278,0.7484932858643946,25,20,20
48,8435,0.07253252172676741,0.03958800507574333,0.09721389713456041,0.7906655760629288,25,20,20
48,8436,0.07994038762628733,0.07134223539458139,0.06906457791015959,0.7796527990689716,25,20,20
48,8437,0.0773699100980744,0.07916279497764547,0.046365579469339044,0.7971017154549407,25,20,20
48,8438,0.04772308291207597,0.07981951024821513,0.07371812209601343,0.798739284743695,25,20,20
48,8439,0.07374168837414716,0.07998445754080792,0.05600875543250665,0.7902650986525379,25,20,20
48,8440,0.03765501127117341,0.08147368239139274,0.09752800954910977,0.7833432967883235,25,20,20
48,8441,9.444409008362947e-05,0.04499268683656995,0.18692430647692618,0.7679885625964199,25,20,20
48,8442,9.438468064451843e-05,0.043000310542115484,0.1891512902493067,0.7677540145279329,25,20,20
48,8443,1.410145609352166e-05,0.04233126458941401,0.1747840330587861,0.7828706008957055,25,20,20
48,8444,3.352328033783618e-06,0.039778468693389864,0.16237472103336764,0.7978434579452083,25,20,20
48,8445,0.007843693748054681,0.040001821993518163,0.15352692643731441,0.7986275578211124,25,20,20
48,8446,0.03934227462503828,0.040199247210383524,0.11937291860428342,0.8010855595602944,25,20,20
48,8447,0.00035376472996577577,0.039500445074226634,0.12897024494288267,0.8311755452529249,25,20,20
48,8448,0.0003536960270888236,0.07162689318820985,0.12355847144571394,0.804460939338987,25,20,20
48,8449,0.0016260164434658544,0.04000829251960207,0.14512004751764215,0.8132456435192901,25,20,20
48,8450,0.0035801301556701902,0.04056076863898099,0.1616152287321671,0.7942438724731812,25,20,20
48,8451,2.141973924301306e-08,0.06285686464844113,0.15235842805576094,0.7847846858760578,25,20,20
48,8452,0.00014944872415520856,0.06217512703466897,0.157371368869694,0.780304055371481,25,20,20
48,8453,6.912302240757052e-05,0.08302768623404845,0.12749659896625096,0.7894065917772926,25,20,20
48,8454,6.815951725126743e-06,0.11114402143468542,0.10797808956396909,0.7808710730496199,25,20,20
48,8455,6.752647731087678e-06,0.08136232483699032,0.08951068634746624,0.8291202361678123,25,20,20
48,8456,0.03996320805333752,0.06208065445692781,0.06785479394873796,0.8301013435409966,25,20,20
48,8457,0.040241412824139386,0.040223132031325895,0.08740432383986606,0.8321311313046686,25,20,20
48,8458,0.04024141241361254,0.040967785979561466,0.046854101288889644,0.8719367003179367,25,20,20
48,8459,0.039956464415649234,0.041899512472665726,0.09665358028556101,0.8214904428261239,25,20,20
48,8460,3.681319708507277e-10,0.040052522502630465,0.14590733922115384,0.8140401379080835,25,20,20
48,8461,1.552187028380895e-10,0.022871698399249903,0.14596526117840591,0.8311630402671253,25,20,20
48,8462,1.4580077295295975e-12,0.02291911742493935,0.13772411361491446,0.839356768958688,25,20,20
48,8463,9.915028664956836e-09,0.0395587616807474,0.16117739169466097,0.7992638367095626,25,20,20
48,8464,3.2449206719463206e-06,0.0400234786057603,0.1580954285312771,0.8018778479422906,25,20,20
48,8465,0.00017375471188351606,0.039854404517078154,0.16492357668633098,0.7950482640847062,25,20,20
48,8466,0.004488252216007591,0.06602360383280464,0.13123437236451255,0.7982537715866748,25,20,20
48,8467,0.007944344427227851,0.07915615019917932,0.11488052445269298,0.7980189809208993,25,20,20
48,8468,3.1904915913510734e-06,0.07984171205464441,0.12116845127334912,0.7989866461804147,25,20,20
48,8469,3.1904910262896764e-06,0.0797579276477546,0.12031115123710262,0.7999277306241158,25,20,20
48,8470,0.029722719362247386,0.08181371481129865,0.08016077113665032,0.8083027946898034,25,20,20
48,8471,0.012864513990824302,0.07909849273326137,0.14525491129199486,0.7627820819839194,25,20,20
48,8472,2.7291265388051248e-08,0.07998827172187044,0.15806008382960954,0.7619516171572546,25,20,20
48,8473,0.0008186199368587116,0.04253086182684969,0.19719652748442246,0.7594539907518687,25,20,20
48,8474,0.0010296293327925804,0.04004201911290898,0.2054977308280056,0.7534306207262924,25,20,20
48,8475,0.003201994703414623,0.033683878729650625,0.2043290746295166,0.7587850519374176,25,20,20
48,8476,0.00015468310468398855,0.04186211149493338,0.19723458816240652,0.7607486172379764,25,20,20
48,8477,0.0007598484623185838,0.04000635568559749,0.20796489018772182,0.7512689056643614,25,20,20
48,8478,0.004445329095514621,0.039830334616807225,0.17703792035192736,0.7786864159357498,25,20,20
48,8479,0.00805327640709307,0.04070056326634832,0.15884072192068163,0.7924054384058767,25,20,20
48,8480,0.00035912215769817854,6.907248062280985e-05,0.17684824690285833,0.8227235584588197,25,20,20
48,8481,0.00019314617387940577,3.609922113510712e-05,0.19934118402547216,0.8004295705795127,25,20,20
48,8482,0.0001960960267504622,1.1632684351571417e-05,0.20178235145491766,0.7980099198339781,25,20,20
48,8483,0.00011832663171238679,4.54308056808257e-05,0.19562936963947372,0.8042068729231322,25,20,20
48,8484,0.00011826831820392321,4.543061548216684e-05,0.22905710629189752,0.7707791947744158,25,20,20
48,8485,0.00011527449630469802,0.020314575900013475,0.20633465472527093,0.77323549487841,25,20,20
48,8486,2.512629521973582e-07,0.020316244511338906,0.2065613447824897,0.7731221594432185,25,20,20
48,8487,0.0384893348113551,0.020360733892655504,0.1863085339561798,0.7548413973398095,25,20,20
48,8488,0.06686087238351669,0.04003969207083236,0.11526544811294222,0.7778339874327083,25,20,20
48,8489,0.04152597762808683,0.039525993061588445,0.13449455349652775,0.7844534758137967,25,20,20
48,8490,0.07417947613491878,0.031769869596901035,0.1397424179129206,0.7543082363552588,25,20,20
48,8491,0.07456854090902927,0.03176196394894458,0.12023107954568689,0.7734384155963387,25,20,20
48,8492,0.036315285535285326,0.04239725234842224,0.13076552483877896,0.7905219372775126,25,20,20
48,8493,0.03619203798555784,0.040000693438126095,0.12564820750774508,0.7981590610685702,25,20,20
48,8494,0.007421977677298923,0.04001212220070869,0.15298017919791188,0.7995857209240798,25,20,20
48,8495,0.04722231456204549,0.040040062740305436,0.11736369181661754,0.7953739308810319,25,20,20
48,8496,0.0021786058076257706,0.040363858594526285,0.16529248834155205,0.7921650472562947,25,20,20
48,8497,0.005910290508091997,0.02998835695927475,0.1715493406272031,0.7925520119054292,25,20,20
48,8498,0.005980729087156875,0.030063939368820666,0.20282718770893418,0.7611281438350883,25,20,20
48,8499,0.0004905683399048696,0.0010978489752297544,0.23370577388120353,0.7647058088036621,25,20,20
48,8500,9.59848399935951e-05,0.001064841706454811,0.23218201052899481,0.7666571629245563,25,20,20
48,8501,0.035349335818900436,1.3831895154975523e-05,0.18443544881914314,0.780201383466801,25,20,20
48,8502,0.07262738988433752,9.964263538459715e-06,0.12892582390111929,0.7984368219510043,25,20,20
48,8503,0.06994201776219325,1.304406483298233e-05,0.1711162898973899,0.7589286482755837,25,20,20
48,8504,0.06221557011059194,9.931476500731573e-06,0.1792800492305956,0.7584944491823117,25,20,20
48,8505,0.05015560715565493,2.9493239747448775e-05,0.19161914632668203,0.7581957532779147,25,20,20
48,8506,0.04248316337880891,3.2006930966321636e-05,0.21682229659262522,0.7406625330975984,25,20,20
48,8507,0.0016530819149903747,0.0019430042554076938,0.2765955611602219,0.7198083526693793,25,20,20
48,8508,0.00024222438429294445,0.0019906808345727276,0.27668130039852845,0.7210857943826053,25,20,20
48,8509,0.03606704257422005,0.03953767470074463,0.16506363690535125,0.7593316458196828,25,20,20
48,8510,0.025951486808435013,0.040050025207864465,0.17945895549876656,0.7545395324849334,25,20,20
48,8511,0.04399538672210994,0.039394031328139505,0.157244895200788,0.7593656867489621,25,20,20
48,8512,0.07624151824243738,0.06344559654517179,0.10092934554336765,0.7593835396690227,25,20,20
48,8513,0.11608975087240264,0.07997622889529446,0.05898551372969727,0.7449485065026054,25,20,20
48,8514,0.03622047375248973,0.04160152191765637,0.17662299369807205,0.7455550106317816,25,20,20
48,8515,0.004335156003297428,0.04179280809106306,0.21571439351388308,0.738157642391755,25,20,20
48,8516,9.11105641539128e-06,0.04323673173520947,0.22194217534641109,0.7348119818619626,25,20,20
48,8517,0.001282363969700258,0.04071416260093395,0.21402422820369424,0.7439792452256704,25,20,20
48,8518,0.005315152021756732,0.04271461427706114,0.20029247140450998,0.7516777622966709,25,20,20
48,8519,0.03639536724084494,0.040044665004097126,0.21176073961687134,0.7117992281381875,25,20,20
48,8520,0.04923964327269477,0.041899672668547015,0.1902132292390347,0.7186474548197233,25,20,20
48,8521,0.03619439890405904,0.04004373441252062,0.20585561675405756,0.7179062499293609,25,20,20
48,8522,0.06417771642017372,0.039510781707382425,0.17768216518692323,0.7186293366855184,25,20,20
48,8523,0.0459252464381116,0.04169572822975317,0.17790564526588074,0.7344733800662531,25,20,20
48,8524,0.04184508377238159,0.03895423105756335,0.22646518042880445,0.6927355047412486,25,20,20
48,8525,0.07521126347887289,0.03998837815024853,0.21107882141723588,0.6737215369536409,25,20,20
48,8526,0.08080864341996043,0.039988474188061944,0.20619359762025424,0.6730092847717221,25,20,20
48,8527,0.07009061352704152,0.03998067420993979,0.15997440556415476,0.7299543066988636,25,20,20
48,8528,0.031549178371940066,0.03132659039564511,0.21437122335120937,0.7227530078812058,25,20,20
48,8529,0.03143532325245165,0.031319374402551906,0.22348669762683693,0.7137586047181597,25,20,20
48,8530,0.03143509190882594,0.040039598294707705,0.19788482269518545,0.7306404871012814,25,20,20
48,8531,0.03633010475151337,0.04273901669794356,0.1620380616724828,0.7588928168780593,25,20,20
48,8532,0.04160634749897543,0.04230856904111995,0.114154990531546,0.8019300929283579,25,20,20
48,8533,0.007942955974832147,0.0408148218649053,0.17564712590720627,0.7755950962530551,25,20,20
48,8534,0.007942946680624112,0.04049198430174485,0.19362774745740366,0.7579373215602261,25,20,20
48,8535,0.04553333360021613,0.03999115663955359,0.16050699777313246,0.7539685119870972,25,20,20
48,8536,0.06900762658075923,0.040000492160357455,0.13831936910486628,0.7526725121540161,25,20,20
48,8537,0.07546024848101796,0.03999067186417304,0.16042302963949356,0.7241260500153153,25,20,20
48,8538,0.06960394133153003,0.042047860643140804,0.16692788211036916,0.7214203159149598,25,20,20
48,8539,0.03858085847116879,0.0420479972457308,0.19802700258921682,0.7213441416938826,25,20,20
48,8540,5.811358363634167e-06,0.04204797781603821,0.23631805841417539,0.7216281524114219,25,20,20
48,8541,0.00527942624275378,0.040005035632978185,0.21815636513084433,0.7365591729934223,25,20,20
48,8542,0.0709587022306766,0.03998803562854086,0.1474786465217557,0.7415746156190269,25,20,20
48,8543,0.04257214322930006,0.04029437920089601,0.15653095312422638,0.7606025244455776,25,20,20
48,8544,0.07992029537206365,0.040323518776717956,0.12031021846724341,0.7594459673839744,25,20,20
48,8545,0.07376776169861497,0.00037529289352892034,0.21449057863288856,0.7113663667749678,25,20,20
48,8546,0.042763058773485706,0.00034254790142047956,0.237195234770995,0.7196991585540985,25,20,20
48,8547,0.04211520566650248,0.000307494601486145,0.23715812209212334,0.7204191776398868,25,20,20
48,8548,0.09822268758368974,0.001989041533436593,0.17657186068959888,0.7232164101932738,25,20,20
48,8549,0.0400623149484141,0.00034203105371893763,0.2653915961155636,0.6942040578823017,25,20,20
48,8550,0.04697034741599244,3.573583767085198e-05,0.259805456532551,0.693188460213785,25,20,20
48,8551,0.07462441174057904,0.02991023686832379,0.21659959531215534,0.6788657560789413,25,20,20
48,8552,0.10847447569663891,0.030042551080939294,0.15056128740902766,0.710921685813394,25,20,20
48,8553,0.12038807419153119,0.0026149333101311077,0.140071322440794,0.7369256700575433,25,20,20
48,8554,0.07807764049756809,0.009617053748301222,0.16717894672878017,0.7451263590253496,25,20,20
48,8555,0.06454239355332696,0.02627908800361862,0.15080459755678738,0.7583739208862668,25,20,20
48,8556,0.04922916001889413,0.039629891048426256,0.15319308339855667,0.7579478655341227,25,20,20
48,8557,0.051493735819184844,0.0400424801909385,0.15665696583237068,0.7518068181575055,25,20,20
48,8558,0.0698550556203726,0.0393525640645633,0.13748385305015584,0.7533085272649075,25,20,20
48,8559,0.006304090590307505,0.03933647373559649,0.24733840023122242,0.7070210354428724,25,20,20
48,8560,0.0513441573476616,0.03934767431537995,0.2266431678955554,0.6826650004414013,25,20,20
48,8561,0.08936722577841753,0.03937394315700828,0.15918313754498337,0.7120756935195902,25,20,20
48,8562,0.04189844692796352,0.024000478419677354,0.1934109355139879,0.740690139138371,25,20,20
48,8563,0.012487267873645368,0.0009018268681497303,0.2447596505172384,0.7418512547409655,25,20,20
48,8564,0.012778274128280327,0.0210626566782472,0.2312634248140677,0.734895644379404,25,20,20
48,8565,0.013152497909502611,0.04005658451648547,0.1971332569184979,0.7496576606555135,25,20,20
48,8566,0.013158315828570733,0.00205552525534899,0.23404464601908426,0.7507415128969968,25,20,20
48,8567,1.1635408230918712e-07,0.03953232277882434,0.23169147428268208,0.728776086584412,25,20,20
48,8568,8.849900261856866e-06,0.0242278786939303,0.2557572219417716,0.720006049464036,25,20,20
48,8569,0.004637792588555713,0.0247120024489799,0.2506908894460502,0.7199593155164132,25,20,20
48,8570,0.00019988482186144747,0.031143007993977442,0.2405919211435883,0.7280651860405718,25,20,20
48,8571,0.0001138052462820324,0.031127489407701422,0.25669868408171753,0.7120600212642981,25,20,20
48,8572,0.06916976839205527,0.029904853050942287,0.1933914012724552,0.7075339772845467,25,20,20
48,8573,0.021252861528797875,0.03910623233777815,0.25700472083461817,0.6826361852988058,25,20,20
48,8574,0.006155156950183965,0.03941698367401321,0.29710697756446536,0.6573208818113366,25,20,20
48,8575,0.07058508992032253,0.03937943660097756,0.23973167173360724,0.6503038017450923,25,20,20
48,8576,0.07448259597855535,0.03937917568072082,0.23651799355243555,0.6496202347882878,25,20,20
48,8577,0.0795308549597114,0.03933255196442564,0.22045894648750422,0.6606776465883576,25,20,20
48,8578,0.045409408032835864,0.03999697526163596,0.2444624428043286,0.6701311739011995,25,20,20
48,8579,0.08719155751889617,0.04000958254863806,0.1899293620828777,0.6828694978495872,25,20,20
48,8580,0.055625816516528134,0.04000994256579659,0.21045067808962645,0.6939135628280475,25,20,20
48,8581,0.050151708362268774,0.0025364734656809318,0.2355649646192639,0.7117468535527857,25,20,20
48,8582,0.039738657550479034,0.0025458548124746684,0.208890402794022,0.7488250848430242,25,20,20
48,8583,0.03519087943029639,0.0012862485890159175,0.18048206248291748,0.7830408094977696,25,20,20
48,8584,0.0001873053793738263,5.702262432210902e-07,0.2358239213377736,0.7639882030566093,25,20,20
48,8585,0.00785000348812618,6.199511305635708e-07,0.24371394062396556,0.7484354359367772,25,20,20
48,8586,0.007850002408909422,0.0007398396759262813,0.24751909103798123,0.7438910668771834,25,20,20
48,8587,0.007926574383118043,0.0026788791618798284,0.24539869514669618,0.7439958513083067,25,20,20
48,8588,0.00013228799145971137,0.0007749050546185879,0.20892954296391417,0.7901632639900075,25,20,20
48,8589,1.7837908015987133e-06,0.04051888858675679,0.16699159276065928,0.7924877348617817,25,20,20
48,8590,8.751624325142841e-07,0.03273326336174657,0.19585536055039932,0.7714105009254211,25,20,20
48,8591,0.0003243121687178589,0.04022243819637325,0.16113352223475466,0.7983197274001533,25,20,20
48,8592,0.004032539268556841,0.03948304055107434,0.17589030132937622,0.7805941188509918,25,20,20
48,8593,0.07660068142490419,0.03947681578363878,0.0928671201335494,0.7910553826579069,25,20,20
48,8594,0.07114409687334038,0.04071394955044525,0.06326719652065785,0.8248747570555556,25,20,20
48,8595,0.034072332255676414,0.04069216048502966,0.08636573104842964,0.8388697762108633,25,20,20
48,8596,0.03407233226144499,0.040192991581412006,0.08680820449965744,0.8389264716574851,25,20,20
48,8597,0.005425211196207996,0.04032688655739097,0.11603020185611664,0.8382177003902836,25,20,20
48,8598,0.008926305411568986,0.03967938030540111,0.1520731296293448,0.7993211846536841,25,20,20
48,8599,0.008924559144054925,0.039332110180866735,0.1915222866927462,0.7602210439823317,25,20,20
48,8600,0.0044321785122444736,0.039482238496421435,0.19337888158727887,0.7627067014040547,25,20,20
48,8601,1.9338497022620912e-05,0.04132809346479473,0.19500179899389733,0.7636507690442852,25,20,20
48,8602,0.015094792630010226,0.04170339502833124,0.184205561516308,0.75899625082535,25,20,20
48,8603,5.383011221043117e-05,0.039808557447842306,0.21616851562629122,0.7439690968136555,25,20,20
48,8604,5.767145851912972e-05,0.020352898950474443,0.2362498252864486,0.743339604304557,25,20,20
48,8605,2.1975456707655276e-06,0.0007657715609049879,0.25507825087552205,0.7441537800179006,25,20,20
48,8606,1.9442802507659028e-06,0.001111003401784736,0.242103126554837,0.7567839257631261,25,20,20
48,8607,3.841829028211309e-06,0.0010817884347014003,0.24041588995508337,0.7584984797811862,25,20,20
48,8608,0.044404861326032156,0.0010518366581704507,0.1709682135137287,0.783575088502068,25,20,20
48,8609,0.030577385535577314,0.0001004559996362383,0.18980825529715364,0.7795139031676315,25,20,20
48,8610,0.03841445204164529,5.835738029019775e-07,0.18621914825464103,0.7753658161299097,25,20,20
48,8611,0.03856688832064839,4.601523188362955e-07,0.17409661525019474,0.7873360362768369,25,20,20
48,8612,0.05142581108527113,0.001295950933407389,0.1465996053879506,0.8006786325933704,25,20,20
48,8613,0.05147836835005113,0.001296238760508319,0.14780885809513478,0.7994165347943052,25,20,20
48,8614,0.03980146510473671,0.0008812789658826926,0.16004956694147146,0.799267688987908,25,20,20
48,8615,0.039993168187739854,0.0007692938394842075,0.15939406037382275,0.7998434775989522,25,20,20
48,8616,0.03661367765231711,3.875021529200728e-07,0.16405610270216953,0.7993298321433595,25,20,20
48,8617,0.03662289068753342,0.014480334554308314,0.1566144358541304,0.7922823389040274,25,20,20
48,8618,0.03263858929180905,0.04032890918589927,0.12571457129493954,0.801317930227352,25,20,20
48,8619,0.07360512079650192,0.040037406673479596,0.08838456385687499,0.7979729086731429,25,20,20
48,8620,0.0016177033982051107,0.03939152016071968,0.14313478880874134,0.8158559876323332,25,20,20
48,8621,0.0016165474495159911,0.07056897382085606,0.1125475090393806,0.8152669696902467,25,20,20
48,8622,5.457085306961042e-06,0.04135884720994707,0.12055488924836212,0.8380808064563832,25,20,20
48,8623,1.912892896443146e-07,0.04006303140670144,0.14040994439159163,0.8195268329124168,25,20,20
48,8624,1.2698722294326654e-05,0.026140467483046582,0.1746553973842531,0.7991914364104055,25,20,20
48,8625,0.00021630306454355403,0.02496107349072482,0.1757414958264096,0.7990811276183216,25,20,20
48,8626,1.621150921843929e-05,0.020362645764287063,0.1880950924503738,0.7915260502761199,25,20,20
48,8627,1.9160301268826986e-05,0.039585963629473093,0.16219499360277367,0.7981998824664833,25,20,20
48,8628,5.916090352845439e-06,0.03976723940912689,0.20638160803571862,0.753845236464801,25,20,20
48,8629,2.1829481439117702e-05,0.011442168366246501,0.25813535872205046,0.7304006434302626,25,20,20
48,8630,0.04965993340023364,1.091924558551846e-06,0.2367495347143929,0.7135894399608145,25,20,20
48,8631,0.0523719660840133,1.2041400581990677e-06,0.26526818810257535,0.6823586416733515,25,20,20
48,8632,0.05237187505241818,1.529187054918268e-06,0.2667608955173569,0.6808657002431683,25,20,20
48,8633,0.04677704291676863,1.988686175050288e-05,0.2719790927635325,0.6812239774579468,25,20,20
48,8634,0.05085081681475227,0.0026124776582829344,0.3031560215306488,0.6433806839963145,25,20,20
48,8635,0.049271541616387894,0.0007687889895647793,0.28619092792949496,0.6637687414645512,25,20,20
48,8636,0.00554059520606326,0.000767750678810285,0.31460297564717427,0.6790886784679518,25,20,20
48,8637,0.11882476273510707,2.0092120775573877e-08,0.20172427867381754,0.6794509384989533,25,20,20
48,8638,0.07889419600014222,7.43933447479734e-05,0.279692818026684,0.641338592628424,25,20,20
48,8639,0.07889810524369277,0.0008083463337967364,0.2824449534842446,0.6378485949382633,25,20,20
48,8640,0.0016507038595240536,0.0034637835000712824,0.32496552698578784,0.669919985654616,25,20,20
48,8641,0.0016424708126783563,0.002483212224515898,0.33804750855978755,0.6578268084030168,25,20,20
48,8642,0.0380902358959589,0.027179242362011607,0.30418446169424385,0.6305460600477855,25,20,20
48,8643,0.037195172657533956,0.0009274395630923258,0.29939667927645336,0.6624807085029186,25,20,20
48,8644,0.03719238722588075,0.0007038788911426254,0.2826526299656078,0.6794511039173667,25,20,20
48,8645,0.03719822125380204,4.844343360574716e-05,0.2616711177239093,0.7010822175886818,25,20,20
48,8646,0.03734329067058763,0.0013451650501216366,0.24154814276425335,0.7197634015150364,25,20,20
48,8647,0.08063576332694826,0.0013443449323817247,0.1696631573419214,0.7483567343987474,25,20,20
48,8648,0.0851149041416529,0.004084826857044038,0.147130355213156,0.7636699137881471,25,20,20
48,8649,0.08613760949356425,0.0010442943975559143,0.11440013726469145,0.7984179588441884,25,20,20
48,8650,0.048210682969496974,0.0028727685829778816,0.19504947228546005,0.7538670761620635,25,20,20
48,8651,0.039938482214361734,3.71098962370201e-08,0.2163687995921355,0.7436926810836048,25,20,20
48,8652,1.0446009252612853e-05,3.582566270948542e-05,0.2473713843845478,0.7525823439434882,25,20,20
48,8653,0.0009487985854606183,0.000937723435280565,0.2537672359070505,0.7443462420722069,25,20,20
48,8654,0.005866672660872937,0.0009122780948081064,0.21277205962112875,0.7804489896231892,25,20,20
48,8655,0.0025267857326765355,0.0009136295655755181,0.15899447229930458,0.8375651124024429,25,20,20
48,8656,0.0425213709106834,8.801944623134735e-07,0.1182584247394039,0.8392193241554504,25,20,20
48,8657,1.2281198788192256e-07,8.585932032666272e-07,0.16440451875640658,0.8355944998384011,25,20,20
48,8658,1.220376048229069e-05,1.5910832371418183e-06,0.17022488720224338,0.8297613179540363,25,20,20
48,8659,1.5631587305484497e-06,0.0009127720408247902,0.17795063538764094,0.8211350294128035,25,20,20
48,8660,0.005367337629013948,0.016272208711341097,0.14000740857325172,0.8383530450863933,25,20,20
48,8661,0.005365879007920373,4.629255757717979e-05,0.1562753938213514,0.838312434613151,25,20,20
48,8662,0.040107149017845775,4.7467982337989054e-05,0.13632035222028407,0.823525030779531,25,20,20
48,8663,0.05305581914641209,2.2721459690570066e-06,0.10614668049208403,0.8407952282155341,25,20,20
48,8664,0.025325857399430864,1.6888799476651352e-06,0.13316983457671022,0.8415026191439106,25,20,20
48,8665,0.013151394847029683,1.4741653278838252e-06,0.10844563194543529,0.8784014990422071,25,20,20
48,8666,0.013149626534118249,1.9267154405320324e-05,0.10823587427839136,0.8785952320330849,25,20,20
48,8667,0.013149509313538208,6.512854750850779e-05,0.10857322632803473,0.878212135810918,25,20,20
48,8668,0.013149492240649312,4.6931526464154106e-05,0.10822396480184412,0.8785796114310418,25,20,20
48,8669,5.272692211511733e-09,6.187130361784687e-05,0.15797558680735924,0.8419625366163305,25,20,20
48,8670,2.1238947308324346e-06,0.02257921454079789,0.19818622828101518,0.7792324332834559,25,20,20
48,8671,5.9534046450491585e-08,6.143323488131017e-05,0.21342863706215467,0.7865098701689167,25,20,20
48,8672,0.00014902022069809308,0.0005448099231821932,0.2132554805857691,0.7860506892703494,25,20,20
48,8673,0.00025214915550028324,0.0003137509215872007,0.18176017440365755,0.8176739255192544,25,20,20
48,8674,9.794734855121608e-09,0.0021315462453703714,0.15722727355869165,0.8406411704012023,25,20,20
48,8675,1.0036785115036161e-07,0.0018341072100287975,0.1218817806041454,0.8762840118179739,25,20,20
48,8676,0.00010079134370968837,2.9775251277912454e-05,0.12472242819274725,0.8751470052122642,25,20,20
48,8677,0.002081212954651561,1.312516648252764e-05,0.12890299483013612,0.8690026670487287,25,20,20
48,8678,0.0019082249357997598,1.3115940286129448e-05,0.13584142343676375,0.8622372356871497,25,20,20
48,8679,0.001908254624005857,2.9520991443922215e-05,0.14202333163443823,0.8560388927501115,25,20,20
48,8680,0.001911900200356058,3.573353687872254e-05,0.17340151457766304,0.824650851685102,25,20,20
48,8681,9.114911193111359e-06,0.020364153490511988,0.17827395584662373,0.80135277575167,25,20,20
48,8682,6.560912275066566e-06,0.03167532332586654,0.1687307597977778,0.7995873559640794,25,20,20
48,8683,6.793957482616233e-06,0.04000248579522486,0.1884407282904187,0.7715499919568733,25,20,20
48,8684,0.00011518950846072925,0.05001822753049038,0.18217678428269088,0.7676897986783576,25,20,20
48,8685,0.00011934511578030681,0.04055229101935917,0.21462117408647768,0.744707189778382,25,20,20
48,8686,9.908705223241612e-06,0.04072649029151304,0.27270342289460126,0.6865601781086614,25,20,20
48,8687,6.485672906971201e-07,0.04006238842528606,0.27467035318378025,0.6852666098236422,25,20,20
48,8688,0.008020065521721693,0.03999012702426772,0.27088479854426584,0.6811050089097438,25,20,20
48,8689,0.00835403375062918,0.001895497464826431,0.3472650737165779,0.6424853950679658,25,20,20
48,8690,0.005750570061480022,0.0046039953329103335,0.36425348787239253,0.6253919467332164,25,20,20
48,8691,0.005750612554495477,0.0018575566596905795,0.3569397216742849,0.6354521091115277,25,20,20
48,8692,0.00012301213368617748,0.0021754531090300015,0.3414583876251233,0.6562431471321587,25,20,20
48,8693,0.000177540940579516,0.0022109582592687023,0.32866787918455537,0.6689436216155942,25,20,20
48,8694,0.0056864316693809895,0.02139152701251043,0.30030734684745913,0.6726146944706486,25,20,20
48,8695,0.005686491544952302,0.04259322846945533,0.3188817381696977,0.6328385418158935,25,20,20
48,8696,0.00011734481410982959,0.03951867971298759,0.3346425996172313,0.6257213758556711,25,20,20
48,8697,0.0004543444844943843,0.040029713859770916,0.334095985301373,0.6254199563543598,25,20,20
48,8698,0.03721759962178783,0.040066879771899905,0.29716217786376864,0.6255533427425433,25,20,20
48,8699,0.03863300462356781,0.03936942068737266,0.24155844461734882,0.6804391300717093,25,20,20
48,8700,0.03847497559001605,0.03933216324433859,0.2424362810123951,0.6797565801532492,25,20,20
48,8701,0.03727932510913475,0.04010913036880174,0.24989432226799596,0.6727172222540646,25,20,20
48,8702,0.07481126658306693,0.0016950475825350622,0.24382435718800255,0.6796693286463951,25,20,20
48,8703,0.17717776314616082,0.00080146926476916,0.120035913454554,0.7019848541345155,25,20,20
48,8704,0.14036286202305054,0.002271150830550855,0.13546053092300345,0.7219054562233944,25,20,20
48,8705,0.07190892294967285,0.0022908891882377387,0.2045502048633622,0.7212499829987261,25,20,20
48,8706,0.07190861739443935,0.00023036771987713914,0.20858063445287742,0.7192803804328044,25,20,20
48,8707,0.07190522126492867,1.1168688435842344e-05,0.21038673993811763,0.7176968701085167,25,20,20
48,8708,0.09638420311705462,3.892638387397603e-05,0.16574754465126154,0.7378293258478105,25,20,20
48,8709,0.06525316496981164,6.867230311099592e-06,0.1753608360380449,0.7593791317618321,25,20,20
48,8710,0.07239986416549049,1.8592587808308518e-06,0.16893383755873845,0.7586644390169891,25,20,20
48,8711,0.10658534352949407,0.0007662277629929969,0.13192647329754162,0.7607219554099709,25,20,20
48,8712,0.07198337942948818,0.0006953950105241877,0.16800985982328065,0.7593113657367063,25,20,20
48,8713,0.08016707742068711,0.04015925655430015,0.1362825039028417,0.7433911621221704,25,20,20
48,8714,0.04788431852212626,0.039988486108951525,0.1657536605953754,0.7463735347735464,25,20,20
48,8715,0.012849494885041314,0.0399893549775071,0.19512580683416528,0.7520353433032849,25,20,20
48,8716,0.005064885450302996,0.041908075843109814,0.19432032876025127,0.758706709946335,25,20,20
48,8717,0.006550399876983209,0.03240107720825424,0.20258746190138052,0.7584610610133811,25,20,20
48,8718,0.00655039748969501,5.206542380240183e-05,0.23515475249739956,0.7582427845891025,25,20,20
48,8719,0.0016798754705528265,0.001048745494288579,0.23901444343078132,0.7582569356043756,25,20,20
48,8720,0.03791556042113784,1.3996180265303534e-06,0.20017544611780066,0.7619075938430345,25,20,20
48,8721,0.03794836751618444,0.02987640004752691,0.1705016895148434,0.7616735429214443,25,20,20
48,8722,0.04060557921807043,0.0022454861575220797,0.24812746428617202,0.7090214703382343,25,20,20
48,8723,0.043217801408284934,0.0022449273590930572,0.2461143732885172,0.7084228979441043,25,20,20
48,8724,0.04158140299557564,3.8702836603772075e-05,0.26548929690308926,0.6928905972647306,25,20,20
48,8725,0.00524879542725069,3.790472854160245e-05,0.2702645604663625,0.7244487393778448,25,20,20
48,8726,0.027967805268827278,5.352567145636215e-05,0.25260687128633,0.7193717977733859,25,20,20
48,8727,0.012777662998288818,0.000731781791437071,0.2268518386669622,0.7596387165433122,25,20,20
48,8728,0.04433836257784666,2.386380016479734e-08,0.19237390354481348,0.7632877100135387,25,20,20
48,8729,0.00615296686327182,0.000392992012773276,0.2129497385153611,0.7805043026085927,25,20,20
48,8730,0.023781719885586763,3.7076191708111144e-07,0.24374301993182335,0.7324748894206716,25,20,20
48,8731,0.020539959814787418,0.00020186613259700635,0.22799073800463007,0.7512674360479845,25,20,20
48,8732,0.05716996268859,0.00019846545027365134,0.11279342725400379,0.829838144607132,25,20,20
48,8733,0.07766733041276157,8.925977527326686e-06,0.07278398398639933,0.8495397596233119,25,20,20
48,8734,0.06981263754492129,8.116130638454156e-07,0.0737514248070207,0.8564351260349946,25,20,20
48,8735,0.037383641920522515,0.021063591027491307,0.08523918260516035,0.8563135844468256,25,20,20
48,8736,0.03995456990237395,0.02106359252843141,0.07107968569082206,0.8679021518783724,25,20,20
48,8737,0.03995077568122521,0.039475673065336524,0.03412448335270065,0.8864490679007379,25,20,20
48,8738,0.001351178736651283,0.02030828601084782,0.101431901892057,0.8769086333604439,25,20,20
48,8739,1.276690849825484e-08,0.0203082843829478,0.07304719877023595,0.9066445040799082,25,20,20
48,8740,1.2012118526646732e-08,0.020308281704623638,0.05435959629264823,0.9253321099906096,25,20,20
48,8741,1.2012402438496107e-08,0.03946784595454757,0.016129265415211848,0.9444028766178384,25,20,20
48,8742,1.2017950316223136e-08,0.039996441805935354,0.023044440814795238,0.9369591053613192,25,20,20
48,8743,1.2011550806474342e-08,0.03999643859006796,0.02286616373100407,0.9371373856673774,25,20,20
48,8744,1.1122898224223524e-13,0.039996438612319204,0.023627084662196304,0.9363764767253733,25,20,20
48,8745,1.6664892525675035e-15,0.03999643855299542,0.025412785313071447,0.9345907761339312,25,20,20
48,8746,1.352831243619071e-11,0.039987864016692874,0.06231120293238383,0.8977009330373948,25,20,20
48,8747,5.224974270024491e-08,0.03999075216953797,0.018643203405470668,0.9413659921752487,25,20,20
48,8748,5.226607805732628e-08,0.03999075541712629,0.019169430867013754,0.9408397614497818,25,20,20
48,8749,1.6344217011418786e-11,0.03999075536044223,0.017474310485659304,0.9425349341375542,25,20,20
48,8750,7.341460461816445e-13,0.03999075545478047,0.04709189315423841,0.9129173513902465,25,20,20
48,8751,1.0312476188323442e-12,0.039999834509323234,0.03908850311291663,0.920911662376729,25,20,20
48,8752,4.1506570439011635e-09,0.00039183481283883956,0.08690618205113955,0.9127019789853638,25,20,20
48,8753,4.131970382208371e-09,1.7601018657903628e-08,0.049938751064911475,0.9500612272020994,25,20,20
48,8754,5.2036324208934475e-08,5.771838259401065e-11,0.002047637556558955,0.9979523103493984,25,20,20
48,8755,3.3277605917925324e-10,4.0949654544842245e-12,0.0014303487691026855,0.9985696508940265,25,20,20
48,8756,3.3266315019855435e-10,5.6723076644696676e-11,0.00045205965367553285,0.999547939956938,25,20,20
48,8757,1.0506392522123915e-13,1.354759848768138e-08,0.05615525367282826,0.9438447327794678,25,20,20
48,8758,1.3090351901946734e-11,4.756844699459923e-05,0.04987986839582453,0.9500725631440905,25,20,20
48,8759,2.865748896883259e-10,8.196465138738053e-06,0.0533888324227057,0.9466029708255809,25,20,20
48,8760,9.371930622682286e-10,3.4591009900827952e-09,0.03970337107184729,0.9602966245318585,25,20,20
48,8761,1.207945957989698e-09,1.4697013694191459e-08,0.04048484601598283,0.9595151380790575,25,20,20
48,8762,0.0002182247323898768,0.002039589562793241,0.09162211222083083,0.9061200734839859,25,20,20
48,8763,6.323055904368078e-10,1.0096481084563647e-06,0.108622380645307,0.8913766090742786,25,20,20
48,8764,1.347796930695979e-07,0.0393805552723219,0.0647228101887742,0.8958964997592106,25,20,20
48,8765,1.3479615433085857e-07,0.03938055337521804,0.05757403061287794,0.9030452812157495,25,20,20
48,8766,1.3476389369366046e-07,0.039380550239205114,0.04197108091645684,0.9186482340804442,25,20,20
48,8767,0.036199639987148376,0.039361254854347244,0.0055621358314932945,0.918876969327011,25,20,20
48,8768,0.03619963889948551,0.03999962838675156,0.011562162197011519,0.9122385705167513,25,20,20
48,8769,1.6469351931456606e-11,0.03998786418451719,0.01646470287071038,0.9435474329283031,25,20,20
48,8770,1.6461822035134124e-11,0.03998396060788992,0.01759459786362657,0.9424214415120215,25,20,20
48,8771,1.3877524185452832e-11,0.039997463646404795,0.07120573855287385,0.8887967977868434,25,20,20
48,8772,3.909157927988737e-06,0.03165895894076021,0.058098373614277395,0.9102387582870339,25,20,20
48,8773,3.909174355542087e-06,0.031658955713017224,0.09494951473052561,0.8733876203821012,25,20,20
48,8774,4.7864896975011323e-05,0.0027273784720279683,0.14500029355696253,0.8522244630740338,25,20,20
48,8775,2.1218674038438007e-06,0.0025613535868954022,0.12710717275597389,0.8703293517897265,25,20,20
48,8776,1.9978572985613294e-06,0.00253712492807341,0.0925239555382731,0.9049369216763552,25,20,20
48,8777,1.273939151625086e-08,0.0025364457598304243,0.0921886675704317,0.9052748739303463,25,20,20
48,8778,8.698449814175928e-09,0.002584591205601359,0.09906812338294775,0.8983472767130009,25,20,20
48,8779,6.109984454742404e-08,0.0026142352386694465,0.13854279621396537,0.8588429074475201,25,20,20
48,8780,5.538922581138056e-06,0.0025349139720641694,0.11608065847923553,0.881378888626119,25,20,20
48,8781,0.0017636153011001637,0.0025398494908627266,0.13169873686505745,0.8639977983429791,25,20,20
48,8782,0.001763615227846917,6.110633436736058e-06,0.14126720093294964,0.856963073205766,25,20,20
48,8783,1.151492972885937e-07,9.9110250924847e-07,0.12529195279620267,0.8747069409519901,25,20,20
48,8784,1.1513608646086655e-07,9.910018401364683e-07,0.11788948417497302,0.8821094096871002,25,20,20
48,8785,1.1506418952039087e-07,9.910563935915774e-07,0.09968128965998883,0.9003176042194277,25,20,20
48,8786,1.1528878199944232e-07,9.950954228897394e-07,0.10287645114646639,0.8971224384693284,25,20,20
48,8787,2.200606871954098e-06,2.3687851677855497e-05,0.08807937241060328,0.9118947391308463,25,20,20
48,8788,0.00014292745022562983,1.5393368585596068e-07,0.10506196864633102,0.8947949499697572,25,20,20
48,8789,0.0001422313989910162,2.4936182193482224e-07,0.12459157490651654,0.8752659443326698,25,20,20
48,8790,1.4229563084938724e-06,7.251720311171524e-07,0.1052412374358421,0.894756614435818,25,20,20
48,8791,0.038590931201090625,6.40793646596207e-07,0.05193094204202533,0.9094774859632371,25,20,20
48,8792,0.04019272527495403,8.085047688261845e-07,0.09968736633185818,0.8601190998884184,25,20,20
48,8793,0.040192725275445686,8.085632932105764e-07,0.10043635288708236,0.8593701132741782,25,20,20
48,8794,0.039999103750128426,1.168675378328969e-08,0.10002511469735363,0.8599757698657637,25,20,20
48,8795,0.07512515023758644,1.982644604447706e-05,0.12706843174743943,0.797786591568929,25,20,20
48,8796,0.03471785857286043,6.205856458458879e-05,0.18282002937794417,0.78240005348461,25,20,20
48,8797,0.014578007374365242,3.763161834336772e-05,0.16458431016447464,0.820800050842816,25,20,20
48,8798,0.00033879536330393476,6.452903675006266e-05,0.1743486320264338,0.8252480435735114,25,20,20
48,8799,0.00033849306863679014,3.761259877265394e-05,0.1602545035527236,0.8393693907798664,25,20,20
48,8800,0.03995636685624375,1.889036276756177e-05,0.1278426180291288,0.832182124751859,25,20,20
48,8801,0.03572078592432955,1.9244404427611833e-05,0.15002304432009925,0.8142369253511429,25,20,20
48,8802,0.03572078850449415,0.0010320029722377254,0.13938973233572172,0.8238574761875451,25,20,20
48,8803,0.03605041591260916,6.657234828138878e-07,0.14708055183935387,0.8168683665245539,25,20,20
48,8804,0.0004634695912069351,3.3484810274637744e-05,0.1584774204910665,0.841025625107452,25,20,20
48,8805,0.07567174994243485,2.667058589043309e-08,0.10037149025724508,0.8239567331297342,25,20,20
48,8806,0.07735295292489276,1.8556004558313674e-05,0.09983645408453538,0.8227920369860131,25,20,20
48,8807,0.037946721419541724,1.863996632082042e-05,0.1322689806855167,0.8297656579286202,25,20,20
48,8808,0.055624737032566055,7.654294130641218e-07,0.113866113038027,0.8305083844999934,25,20,20
48,8809,0.03862480413670512,8.459485328758525e-07,0.16259613563521355,0.7987782142795475,25,20,20
48,8810,0.05578460945305846,1.4158776559512863e-05,0.17556456312345448,0.7686366686469267,25,20,20
48,8811,0.1148002538012466,2.8555549510312313e-08,0.1236997152847061,0.7615000023584977,25,20,20
48,8812,0.06525702219504413,3.1841268082752317e-07,0.14147867674392015,0.7932639826483541,25,20,20
48,8813,0.06525528606741555,3.3526738134412504e-08,0.1309223409908686,0.803822339414977,25,20,20
48,8814,0.06525528564355715,1.5957474226314752e-05,0.1424149240262415,0.792313832855975,25,20,20
48,8815,0.03970201260273014,5.274443742931026e-07,0.15982251664330024,0.8004749433095951,25,20,20
48,8816,0.051560037001704334,2.938809043855716e-05,0.16157006226975767,0.7868405126380975,25,20,20
48,8817,0.04605344772662499,6.539591167340138e-06,0.12263168511046418,0.8313083275717432,25,20,20
48,8818,0.035944660639727094,6.542070710250625e-06,0.1011077982774955,0.8629409990120671,25,20,20
48,8819,0.044676539127616335,4.371317860440725e-09,0.07689564923952422,0.8784278072615411,25,20,20
48,8820,0.052337479032903964,2.395454596344601e-07,0.06808830794637194,0.8795739734752641,25,20,20
48,8821,0.0798719046071833,3.2874637220708256e-07,0.049389901892737696,0.8707378647537064,25,20,20
48,8822,0.10679469763977228,2.2939894873838558e-10,0.013694041423910895,0.8795112607069175,25,20,20
48,8823,0.04566225388244234,7.386402020496851e-06,0.07437299521926796,0.879957364496269,25,20,20
48,8824,0.0479836070248945,7.776927127778609e-06,0.07948860200989655,0.8725200140380812,25,20,20
48,8825,0.07449024364889094,7.41486915648713e-06,0.046339321279336064,0.8791630202026167,25,20,20
48,8826,0.03583906853667877,1.040467523343606e-07,0.07810489066879826,0.8860559367477702,25,20,20
48,8827,0.0400418986296226,6.439290212539511e-09,0.050044528593568664,0.9099135663375181,25,20,20
48,8828,0.00017174036486033872,2.004472624545074e-05,0.09765936009161524,0.9021488548172786,25,20,20
48,8829,0.0001697613081837531,1.2282647957840168e-08,0.14458285388974942,0.8552473725194178,25,20,20
48,8830,1.9506588277054996e-08,1.5175764154941646e-08,0.12094835417008548,0.8790516111475617,25,20,20
48,8831,1.947918315721298e-08,0.03976352127060452,0.04909669827738958,0.9111397609728226,25,20,20
48,8832,1.9473642702214203e-08,0.03976352127431444,0.04822694939125089,0.9120095098607919,25,20,20
48,8833,1.9473395602584538e-08,0.03976352116957129,0.04164373984488225,0.9185927195121509,25,20,20
48,8834,0.03625430767631385,0.03976488230235665,0.021221606239840148,0.9027592037814892,25,20,20
48,8835,0.000493843314981648,0.039244870878479415,0.05401809467881523,0.9062431911277231,25,20,20
48,8836,0.000493843316591799,0.039244884818625515,0.07800858469309288,0.8822526871716893,25,20,20
48,8837,6.613616857547731e-05,0.04000636840196562,0.08164369558124246,0.8782837998482161,25,20,20
48,8838,2.701006350425998e-11,0.03999566178336249,0.04153991744529171,0.9184644207443352,25,20,20
48,8839,2.990194750712297e-06,0.039996497778085,0.11844935991967814,0.8415511521074858,25,20,20
48,8840,2.9922649844935985e-06,0.03999648363251109,0.12165928289857013,0.8383412412039342,25,20,20
48,8841,0.0003286571999141584,0.03999683399147773,0.13649788842346447,0.8231766203851434,25,20,20
48,8842,0.005099036693651413,0.03998480352908168,0.13286974956295988,0.8220464102143071,25,20,20
48,8843,0.005104135024364793,0.039988176884596084,0.11524175028337208,0.8396659378076672,25,20,20
48,8844,0.005099037069956498,0.03177864557484107,0.12359061855239703,0.8395316988028051,25,20,20
48,8845,0.005099056331520915,0.03177681470300916,0.16239946891779083,0.8007246600476785,25,20,20
48,8846,0.01151890244628762,0.040222316046545886,0.14773138508581943,0.8005273964213466,25,20,20
48,8847,0.011518902446544022,0.04022231610493155,0.15569788771931928,0.7925608937292047,25,20,20
48,8848,0.059753097596869614,0.0400003415479844,0.10432823246238332,0.7959183283927622,25,20,20
48,8849,0.059912352073697404,0.039990654082577896,0.10300791806023117,0.7970890757834933,25,20,20
48,8850,0.001333572442501918,0.0397811671498936,0.14719574273422176,0.8116895176733818,25,20,20
48,8851,0.036089382376846835,0.042338914134687516,0.0824615061377494,0.839110197350716,25,20,20
48,8852,0.03608937832718545,0.04039295449701369,0.09225798274649735,0.8312596844293028,25,20,20
48,8853,4.1177923229240254e-08,0.04118706861342916,0.12018305609995959,0.8386298341086881,25,20,20
48,8854,6.764406844714554e-08,0.04169151950451213,0.12012039457919087,0.8381880182722281,25,20,20
48,8855,2.7600230081571678e-08,0.03998882735485304,0.12295525532524686,0.8370558897196697,25,20,20
48,8856,3.196665180882037e-06,0.04135186235596462,0.1598754797867661,0.7987694611920879,25,20,20
48,8857,8.72261105939399e-07,0.07986340945947051,0.12060301704227872,0.7995327012371444,25,20,20
48,8858,8.721696992647691e-07,0.07981536376533555,0.13382958951054655,0.7863541745544179,25,20,20
48,8859,0.0004312340805210289,0.07980672848689858,0.1435714622022388,0.7761905752303412,25,20,20
48,8860,0.002013994930826741,0.06029158377744969,0.1529873163737615,0.784707104917961,25,20,20
48,8861,0.016257095192028958,0.0605972953583467,0.13202410916796184,0.7911215002816622,25,20,20
48,8862,1.4344930039646637e-05,0.06064871367581184,0.13958257282385278,0.7997543685702957,25,20,20
48,8863,1.858508444220973e-06,0.10576185631563857,0.10137387850915697,0.7928624066667597,25,20,20
48,8864,8.116787719138953e-10,0.10580146520045294,0.064073786781491,0.8301247472063767,25,20,20
48,8865,7.773502686716531e-11,0.060394189774312365,0.10852575702458894,0.8310800531233632,25,20,20
48,8866,7.782596545874566e-11,0.039368787365296205,0.10269638448759418,0.8579348280692831,25,20,20
48,8867,0.03860234966363154,2.6242216100761262e-05,0.0888938240344521,0.8724775840858157,25,20,20
48,8868,0.03860501677278407,0.0005419321402116446,0.08937253308997363,0.8714805179970305,25,20,20
48,8869,0.03860506203603947,0.0005420380399561766,0.12028065955643495,0.840572240367569,25,20,20
48,8870,0.00045024466978700584,0.0007512607848666027,0.16658333521171817,0.8322151593336273,25,20,20
48,8871,0.0006239805304126705,0.0007512631413951709,0.17585052074061608,0.8227742355875755,25,20,20
48,8872,0.0002696887883524397,1.4684792647216305e-05,0.19065228398058434,0.8090633424384157,25,20,20
48,8873,3.544752217972763e-05,8.244417914044661e-07,0.14735264168487117,0.852611086351157,25,20,20
48,8874,0.0045263527726941725,1.9363696959602233e-08,0.1242432144943262,0.8712304133692825,25,20,20
48,8875,0.028626249953766943,2.2336223092715618e-07,0.1109993916033179,0.8603741350806843,25,20,20
48,8876,1.7230539505309737e-06,0.0024409124577778937,0.1349270511693428,0.8626303133189285,25,20,20
48,8877,1.7229017586456728e-06,0.0024408976186996697,0.12762847486308493,0.869928904616456,25,20,20
48,8878,0.00020340511626897165,0.002524491968012149,0.11498243928322677,0.8822896636324918,25,20,20
48,8879,5.8712574399619604e-08,0.0025244777478113578,0.124507545520921,0.8729679180186927,25,20,20
48,8880,0.003047055111442343,0.004557788839100696,0.11246134997203992,0.8799338060774166,25,20,20
48,8881,0.012934192794840498,0.0045490440928219215,0.15837884822256273,0.8241379148897746,25,20,20
48,8882,0.012934443796401296,0.0020239097066872703,0.11525884324072123,0.8697828032561901,25,20,20
48,8883,4.410692808324888e-09,2.7107412870389856e-08,0.11044091532767031,0.8895590531542231,25,20,20
48,8884,4.7569353816032775e-09,3.7344864280023424e-05,0.09357424629388576,0.906388404084898,25,20,20
48,8885,6.358228565980397e-09,3.735895073826464e-05,0.12271682961824848,0.8772458050727839,25,20,20
48,8886,5.947614458302293e-06,2.509505396486621e-05,0.09613978600026814,0.9038291713313079,25,20,20
48,8887,2.401780489922281e-07,2.4787665837639963e-05,0.11546232290798836,0.8845126492481247,25,20,20
48,8888,9.589235174467037e-12,8.499968106354311e-07,0.07479281411349117,0.9252063358801083,25,20,20
48,8889,5.770505685694148e-10,4.7460670547295e-05,0.11314186695609399,0.8868106717963077,25,20,20
48,8890,5.370929597143549e-08,4.747042129266021e-05,0.09044573557563006,0.9095067402937808,25,20,20
48,8891,1.4817460206278768e-08,5.568952270853952e-07,0.10703578292425768,0.8929636453630545,25,20,20
48,8892,1.4771030389023431e-08,1.7032210456460123e-07,0.10917054237070024,0.8908292725361642,25,20,20
48,8893,8.580904591890739e-08,1.1991253211438633e-08,0.11994898048046082,0.8800509217192398,25,20,20
48,8894,7.748553892753425e-09,0.013097047275157455,0.10555929775223344,0.8813436472240552,25,20,20
48,8895,4.762412393885326e-06,0.002507167666501506,0.09322352261596092,0.9042645473051434,25,20,20
48,8896,2.7161098129659544e-08,2.511456900512066e-07,0.08312839605618441,0.9168713256370272,25,20,20
48,8897,4.108356719076634e-09,2.0873164168631237e-08,0.08338041529122166,0.9166195597272571,25,20,20
48,8898,1.1870035771636659e-09,6.698868004972874e-07,0.08211564826141543,0.91788368066478,25,20,20
48,8899,9.51793973874943e-10,3.739039535692659e-05,0.09620656665644113,0.9037560419964078,25,20,20
48,8900,9.860863841730665e-11,3.739071583608038e-05,0.09514847642320978,0.9048141327623452,25,20,20
48,8901,4.391752361471537e-08,0.0021991158960590882,0.13201698314255755,0.8657838570438592,25,20,20
48,8902,4.699014348886715e-08,0.00221635639640758,0.13259089860147444,0.8651926980119738,25,20,20
48,8903,0.007269846849661449,0.0022164934610498705,0.11930195662789134,0.8712117030613972,25,20,20
48,8904,5.653339157897128e-06,6.208077230923989e-05,0.12975552771347276,0.8701767381750599,25,20,20
48,8905,7.1487638857661254e-06,3.73367065780435e-05,0.12045918579983272,0.8794963287297031,25,20,20
48,8906,5.652192476393687e-06,3.807359293157424e-05,0.12119511813160522,0.8787611560829864,25,20,20
48,8907,0.03984807257110471,6.529409619696542e-07,0.09904754398660723,0.8611037305013259,25,20,20
48,8908,0.0004482061325746887,1.3963816946913855e-06,0.13553212744293916,0.8640182700427913,25,20,20
48,8909,0.00030976194576153655,1.0833747677401998e-06,0.14330907662736952,0.8563800780521005,25,20,20
48,8910,0.002961428306290905,0.0008792803744148395,0.15537677245045226,0.8407825188688411,25,20,20
48,8911,0.00041558738077633774,6.316125583898412e-07,0.12422574947881665,0.875358031527848,25,20,20
48,8912,1.1085879360538357e-05,4.0657775703227433e-07,0.0940417115512738,0.9059467959916079,25,20,20
48,8913,0.04000596207619132,3.796782384337978e-07,0.046534689143720914,0.9134589691018489,25,20,20
48,8914,0.039999652924037045,5.5671421229698194e-11,0.0007269807655418504,0.9592733662547497,25,20,20
48,8915,9.545877930052309e-05,2.1218892564961604e-10,0.07151286561319463,0.9283916753953158,25,20,20
48,8916,9.54587694317713e-05,1.7705257049287536e-10,0.042087924328305534,0.9578166167252102,25,20,20
48,8917,9.545877988414429e-05,6.657457317822621e-11,0.04979915378500736,0.9501053873685333,25,20,20
48,8918,9.545970429845813e-05,1.7924295163487288e-10,0.040972786284827346,0.9589317538316311,25,20,20
48,8919,3.257581729049125e-09,3.4039278073638076e-07,0.03970345069047775,0.9602962056591593,25,20,20
48,8920,0.002239630499277797,2.0338728941951337e-09,0.05356662228499763,0.9441937451818512,25,20,20
48,8921,0.03993043445044628,2.7572486500027635e-10,0.034239567181239945,0.9258299980925889,25,20,20
48,8922,0.03997449411095093,1.1783841273252715e-10,0.0016807377267682665,0.9583447680444422,25,20,20
48,8923,0.039974440877110745,2.46961225349273e-10,0.039407716544631106,0.9206178423312967,25,20,20
48,8924,0.03990528718965877,1.9939119185497333e-10,0.038141300485236826,0.9219534121257135,25,20,20
48,8925,0.03990528719534838,1.9842826273772312e-10,0.039301610435717824,0.9207931021705054,25,20,20
48,8926,0.039905291594481855,6.355357924843744e-07,0.04230519661710631,0.9177888762526196,25,20,20
48,8927,0.03990529159447812,6.354239965571783e-07,0.042355871633862716,0.9177382013476624,25,20,20
48,8928,0.03990532545765058,6.363711249424067e-09,0.050811045118733515,0.9092836230599045,25,20,20
48,8929,0.06485200987209007,5.772147162649604e-10,0.05595454233333388,0.8791934472173608,25,20,20
48,8930,0.024946716763344718,5.346123594810108e-10,0.1082276882609444,0.8668255944410983,25,20,20
48,8931,0.025034138376066686,2.689234928563326e-07,0.0947769124005503,0.8801886802998898,25,20,20
48,8932,0.016684367750312852,2.5683208401842444e-07,0.10524705582031083,0.8780683195972923,25,20,20
48,8933,0.04770404219067742,1.2631519123591225e-10,0.07345862425210017,0.8788373334309071,25,20,20
48,8934,0.05861271066845083,8.86048722229105e-07,0.06257663694344229,0.8788097663393848,25,20,20
48,8935,0.051902894179270624,7.991958398475758e-07,0.09077606440742388,0.8573202422174659,25,20,20
48,8936,0.03670245376625313,6.887123669485892e-07,0.08465290546776999,0.8786439520536092,25,20,20
48,8937,0.006549740023614636,2.443798873247783e-07,0.11370544074400309,0.8797445748524945,25,20,20
48,8938,0.045935329642449244,2.274743060765339e-07,0.07430376866821832,0.8797606742150262,25,20,20
48,8939,0.04465101966998206,2.301948703003473e-07,0.07602564058672169,0.8793231095484257,25,20,20
48,8940,0.03990530263667056,1.4813781622352903e-05,0.08128631731072213,0.8787935662709853,25,20,20
48,8941,0.03990915724990729,3.4173767329983793e-09,0.07895036671858398,0.8811404726141316,25,20,20
48,8942,0.03990915724981507,3.41928475252914e-09,0.04140645397160094,0.9186843853592994,25,20,20
48,8943,0.03990915725009611,3.4244369656367147e-09,0.048031458525700545,0.9120593807997665,25,20,20
48,8944,0.03990915725593191,2.356037555397359e-10,0.041378825539318854,0.9187120169691457,25,20,20
48,8945,0.00012217561395918018,6.421696188837018e-11,0.09779486690051771,0.9020829574213058,25,20,20
48,8946,3.070218482498915e-06,1.395546359373278e-08,0.09663679154478812,0.9033601242812659,25,20,20
48,8947,0.03856221832294594,1.8872335693414308e-05,0.04197486647110257,0.9194440428702577,25,20,20
48,8948,0.004460512443341811,3.195779536217787e-05,0.07668998918303575,0.9188175405782605,25,20,20
48,8949,0.004460512443678819,3.1961040075945696e-05,0.08692378866429934,0.9085837378519459,25,20,20
48,8950,8.983052226881896e-05,1.9847082251382953e-08,0.1248181563319543,0.8750919932986939,25,20,20
48,8951,0.03139218208819421,0.02047795668014482,0.08232546567335236,0.8658043955583083,25,20,20
48,8952,0.03139218208102547,0.020477956294618717,0.04486860620451403,0.9032612554198418,25,20,20
48,8953,0.0313921706886219,0.03880679931517408,0.011648332257442084,0.9181526977387616,25,20,20
48,8954,0.03139217068281444,0.03880679876604638,0.05869901339857254,0.8711020171525665,25,20,20
48,8955,0.03139217067654884,1.3381079423009093e-06,0.09030862811499135,0.8782978631005165,25,20,20
48,8956,0.0044644004909228825,1.4459505475193619e-08,0.10330380854693828,0.8922317765026334,25,20,20
48,8957,0.03985774327149397,6.177109838198249e-09,0.06670650661647509,0.8934357439349212,25,20,20
48,8958,0.013091243247344713,0.0016294170182639734,0.06508859131342298,0.9201907484209682,25,20,20
48,8959,0.013091243252622895,0.0016294137502207656,0.0673457931706535,0.9179335498265033,25,20,20
48,8960,0.01309124323053228,0.0016294137482590766,0.0803884691969165,0.9048908738242922,25,20,20
48,8961,0.012911863190219565,4.2741263217813005e-09,0.0683912467606097,0.918696885775044,25,20,20
48,8962,0.0002918952615277634,0.0007517126272296075,0.11841083011584869,0.8805455619953935,25,20,20
48,8963,0.00029189526118875766,0.0007517126272452468,0.10696337103618818,0.8919930210753777,25,20,20
48,8964,0.012639560667866591,0.0007517128375454716,0.06700842675824634,0.9196002997363416,25,20,20
48,8965,0.012347771306852875,0.026456421309216337,0.042170081202459374,0.9190257261814715,25,20,20
48,8966,0.012422933649072826,0.03976651154390771,0.05121789017527683,0.8965926646317426,25,20,20
48,8967,6.098594551033676e-07,0.039766533284584515,0.11713783171367136,0.8430950251422888,25,20,20
48,8968,1.443075767700593e-05,0.03976653333335696,0.1343890394926374,0.8258299964163287,25,20,20
48,8969,0.00033515096259779676,0.040477483195381234,0.15680539923516734,0.8023819666068525,25,20,20
48,8970,0.00033764573168585955,0.04047748589703409,0.14306518933187337,0.8161196790394062,25,20,20
48,8971,0.005635907234048557,0.03976747616478042,0.1330185432744622,0.8215780733267083,25,20,20
48,8972,0.005639396785026924,0.04002416728575446,0.11655702546367742,0.837779410465541,25,20,20
48,8973,9.65715667792233e-06,0.039675222467118076,0.12097151747328891,0.8393436029029151,25,20,20
48,8974,4.0459106490606453e-05,0.03976242822276236,0.12133545366987958,0.8388616590008668,25,20,20
48,8975,0.012268338798509824,0.040006350133224344,0.10823093130638367,0.8394943797618818,25,20,20
48,8976,0.012268337300460744,0.020321468028113507,0.1734641340578465,0.7939460606135786,25,20,20
48,8977,0.012268371581718444,0.03999453462621597,0.14505989519150103,0.8026771986005644,25,20,20
48,8978,0.012931543887045508,0.039988280707999584,0.16212234382639587,0.7849578315785581,25,20,20
48,8979,0.012715417563860775,0.039819100091807134,0.20082897354183474,0.7466365088024963,25,20,20
48,8980,0.058060307665884006,0.03933276751054884,0.20584067653904006,0.6967662482845266,25,20,20
48,8981,0.012832020894750176,0.04000881890543366,0.23478217603168677,0.7123769841681302,25,20,20
48,8982,0.00012262228446259296,0.05280291062538962,0.18574249175312663,0.7613319753370205,25,20,20
48,8983,0.00011757133442456397,0.052803535851285416,0.14520103788643468,0.8018778549278548,25,20,20
48,8984,0.00011748592061952279,0.05280273296870511,0.149141763503044,0.7979380176076308,25,20,20
48,8985,0.004865741644560317,0.0627409003019612,0.13262202107389773,0.7997713369795802,25,20,20
48,8986,0.0003469211977913615,0.040073772116145406,0.16068511747286052,0.798894189213202,25,20,20
48,8987,0.00033348883805163753,0.039363061971856614,0.16884886838373053,0.7914545808063602,25,20,20
48,8988,0.0003321399374609892,0.022845313958719603,0.17798410351024174,0.7988384425935764,25,20,20
48,8989,0.0003322541584396308,0.0262868879377537,0.21345525933796833,0.7599255985658366,25,20,20
48,8990,0.012993210253586119,0.039379642686012246,0.185774772838784,0.7618523742216173,25,20,20
48,8991,0.012993211330978076,0.040036526010998635,0.18644838583727524,0.7605218768207479,25,20,20
48,8992,0.012997076924334217,0.030264328024994413,0.21692205783521246,0.7398165372154588,25,20,20
48,8993,0.01714788089281174,0.0400166948580574,0.19819668881687288,0.7446387354322573,25,20,20
48,8994,0.017284365644495366,0.040016168930576426,0.2116521479375801,0.7310473174873471,25,20,20
48,8995,0.006632309311088514,0.0400008054842212,0.1912000006516582,0.7621668845530307,25,20,20
48,8996,0.00213137866517463,0.07414932892286805,0.14607988444487854,0.7776394079670781,25,20,20
48,8997,0.04108649362830217,0.0813408237691248,0.0854133646744778,0.7921593179280948,25,20,20
48,8998,0.07958739888877246,0.11158631857584991,0.009912339703007164,0.7989139428323707,25,20,20
48,8999,0.07750339955854915,0.11998279264219086,0.03774022408341206,0.7647735837158478,25,20,20
48,9000,0.07838948903204565,0.1195299041502272,0.020231519953028968,0.7818490868646978,25,20,20
48,9001,0.03999863799024834,0.11975410821321804,0.057102528838334436,0.7831447249581991,25,20,20
48,9002,0.03999863800658892,0.11908182102167011,0.04144787823817817,0.7994716627335628,25,20,20
48,9003,0.006222731267590087,0.11866400688350448,0.09293447367910915,0.7821787881697957,25,20,20
48,9004,0.00032392046896351565,0.11996523325901882,0.07967904505094307,0.8000318012210742,25,20,20
48,9005,0.0003239204576847405,0.12077280265545605,0.10417695162411482,0.774726325262744,25,20,20
48,9006,1.4349410607161408e-06,0.11941506183591331,0.10047794530833777,0.7801055579146876,25,20,20
48,9007,9.712300940685934e-05,0.0831157144345355,0.1189266057410126,0.7978605568150442,25,20,20
48,9008,6.327449326763918e-05,0.04260783996232843,0.15841895165082398,0.7989099338935798,25,20,20
48,9009,6.357734774816101e-05,0.04259831255303634,0.15826776759751157,0.799070342501704,25,20,20
48,9010,8.669803472255223e-05,0.00257340242048414,0.23600219113205945,0.7613377084127321,25,20,20
48,9011,0.016207795169244574,1.6144915515060318e-06,0.2338862675104423,0.749904322828761,25,20,20
48,9012,0.0002725869034390973,1.2080076918856671e-05,0.26854419787516565,0.731171135144475,25,20,20
48,9013,0.007817448953850909,4.267389148280288e-05,0.24369993937125384,0.7484399377834114,25,20,20
48,9014,0.02094563387711788,0.0007243548044833995,0.2805331852172273,0.6977968261011707,25,20,20
48,9015,1.3188302882816275e-05,0.001435107496143302,0.29279993491032774,0.7057517692906445,25,20,20
48,9016,0.007882632605998932,2.025564778948636e-05,0.3095793050352137,0.6825178067109958,25,20,20
48,9017,0.00034017998111971815,2.4852517015882308e-05,0.3238129304837722,0.6758220370180891,25,20,20
48,9018,0.0003305289563745007,1.7061761907342533e-05,0.3803174192764256,0.6193349900052937,25,20,20
48,9019,0.006186357055475563,8.814589085249004e-06,0.33197181389877106,0.6618330144566675,25,20,20
48,9020,0.08050755258292593,1.8191692994997195e-05,0.2399545067853487,0.6795197489387291,25,20,20
48,9021,0.023327131874161692,1.8234460125143426e-05,0.27329244738440467,0.7033621862813072,25,20,20
48,9022,0.018739630225235972,0.0017593128133584768,0.29215701800418886,0.6873440389572152,25,20,20
48,9023,0.015076401338926343,0.0036030409152133297,0.30137045758461356,0.6799501001612459,25,20,20
48,9024,0.022040660482072275,3.564611503187128e-05,0.22535480419868442,0.7525688892042104,25,20,20
48,9025,0.015944178442920887,1.763024168735966e-05,0.2417992649595674,0.7422389263558239,25,20,20
48,9026,0.00018011494911518953,7.148280179420664e-05,0.23061640206566597,0.7691320001834235,25,20,20
48,9027,7.714214130564947e-05,0.00010429354902171062,0.1901958466781442,0.8096227176315288,25,20,20
48,9028,3.684049237812424e-06,7.024338182803651e-05,0.23681966382666272,0.7631064087422709,25,20,20
48,9029,2.065570394099677e-06,5.415823622425344e-05,0.21586239311152444,0.7840813830818568,25,20,20
48,9030,0.0002511672230655931,5.476639415102359e-05,0.2044053946906838,0.7952886716920999,25,20,20
48,9031,0.0002960695320994549,6.207214462366284e-05,0.17737117982916165,0.8222706784941153,25,20,20
48,9032,0.010471645253086912,3.7207306551790616e-05,0.1514080816708729,0.8380830657694883,25,20,20
48,9033,0.01047331301097272,1.2604338618130792e-05,0.11882730588187872,0.8706867767685301,25,20,20
48,9034,0.03719272183917566,1.1762480351918325e-05,0.10745295291205177,0.8553425627684202,25,20,20
48,9035,0.040163847334879196,5.071826129099538e-08,0.09509715612588451,0.8647389458209743,25,20,20
48,9036,0.040163803414386516,5.062036141559165e-08,0.11695697639747225,0.8428791695677796,25,20,20
48,9037,0.11552377201570437,4.011522543316114e-08,0.042609612233176046,0.841866575635894,25,20,20
48,9038,0.03850034276725615,6.468796773952846e-07,0.11948990809212585,0.8420091022609398,25,20,20
48,9039,0.00034931953980523573,6.54550765820889e-07,0.16025171611418995,0.8393983097952384,25,20,20
48,9040,0.007792712961264476,4.3242501843612953e-07,0.1449720735405543,0.8472347810731623,25,20,20
48,9041,1.1660743059924843e-05,1.6399472746656865e-08,0.10453635927105674,0.8954519635864103,25,20,20
48,9042,1.654056932134069e-05,2.8359286732944663e-05,0.08802714498568666,0.9119279551582588,25,20,20
48,9043,0.0044239591671853705,6.896279416567008e-07,0.08411715651001012,0.9114581946948629,25,20,20
48,9044,0.037688307961853094,9.695383264539697e-09,0.04289016530115802,0.9194215170416055,25,20,20
48,9045,0.03099157462913995,3.327927644540053e-05,0.049833003112814495,0.9191421429815999,25,20,20
48,9046,0.0035574702790673197,2.772082797828656e-06,0.09275709481024633,0.9036826628278881,25,20,20
48,9047,0.003548791680882731,2.7721331997835084e-06,0.10226471462935338,0.8941837215565639,25,20,20
48,9048,3.039150168897601e-07,9.325608139076238e-09,0.09895806376306057,0.9010416229963143,25,20,20
48,9049,0.04962307251763708,3.5169234920712105e-09,0.041487583005889866,0.9088893409595492,25,20,20
48,9050,0.04962305413108232,3.513065948305091e-09,0.05855067657765965,0.8918262657781919,25,20,20
48,9051,0.00033285991069349416,1.408629076049581e-08,0.08057130944814955,0.9190958165548657,25,20,20
48,9052,5.952910144591189e-06,8.282581176712082e-07,0.08129103982102093,0.9187021790107168,25,20,20
48,9053,5.952904055648208e-06,0.0020602462298389018,0.12745681559997604,0.8704769852661289,25,20,20
48,9054,5.952904057424476e-06,0.002060246226910375,0.12760828509534297,0.8703255157736888,25,20,20
48,9055,2.1822492768866276e-06,0.00205979884026034,0.1263083334328626,0.8716296854775996,25,20,20
48,9056,2.1822489850814936e-06,0.0020598020096443347,0.11951813115573988,0.8784198845856305,25,20,20
48,9057,2.115489558608531e-06,0.002060455696344264,0.11952669091440596,0.8784107378996907,25,20,20
48,9058,1.1829830364229518e-09,0.0020603181227469274,0.11818268631965681,0.8797569943746126,25,20,20
48,9059,1.0469330323655585e-07,0.002060095863318607,0.13468120992694513,0.8632585895164325,25,20,20
48,9060,0.0003354142536360111,1.4696649880023587e-08,0.13018590045290554,0.8694786705968083,25,20,20
48,9061,0.00033541424806353133,3.468861920084189e-08,0.15710845623785386,0.8425560948254632,25,20,20
48,9062,0.00033541317490140305,2.3425444286547016e-08,0.14387358046087345,0.8557909829387803,25,20,20
48,9063,0.00033869966497970474,2.3826542588892846e-08,0.13584274676075805,0.8638185297477193,25,20,20
48,9064,8.986790490359956e-07,8.501878655982517e-06,0.1038310814939203,0.8961595179483746,25,20,20
48,9065,9.168941021149749e-07,8.488672281823295e-06,0.1031179689836703,0.8968726254499455,25,20,20
48,9066,4.280909903667838e-08,2.775690456415106e-08,0.17064905124868615,0.8293508781853101,25,20,20
48,9067,2.8057590411280314e-06,1.9419634696606526e-05,0.12719830323908235,0.8727794713671796,25,20,20
48,9068,2.811360091615395e-06,1.9419737936555674e-05,0.12064547421613325,0.8793322946858377,25,20,20
48,9069,0.00021224071241955796,3.1999927603038655e-05,0.14719041510471695,0.85256534425526,25,20,20
48,9070,4.899020010819493e-06,3.618049516191537e-05,0.12944816348819424,0.8705107569966323,25,20,20
48,9071,4.89902000899462e-06,3.618049610266375e-05,0.12871504664977387,0.8712438738341141,25,20,20
48,9072,4.8990200139317e-06,3.61804961359768e-05,0.12914395653557223,0.8708149639482774,25,20,20
48,9073,2.0939431180038933e-06,1.6775919740233116e-05,0.12086871450707067,0.8791124156300704,25,20,20
48,9074,2.078802536601631e-06,6.654284339338832e-07,0.12310871214940661,0.8768885436196229,25,20,20
48,9075,8.360679552472116e-05,0.001896245428960284,0.1205262102044146,0.8774939375711004,25,20,20
48,9076,1.266304295059637e-06,0.0018960036046451467,0.1323289085873535,0.8657738215037056,25,20,20
48,9077,0.0014733651838513063,4.2503300619890414e-05,0.14157096583004436,0.8569131656854841,25,20,20
48,9078,0.0081628539618891,4.474533149724269e-06,0.12347270704866663,0.8683599644562945,25,20,20
48,9079,0.006753341832274559,7.999150212285681e-09,0.1252997310240802,0.8679469191444947,25,20,20
48,9080,0.0004977800157667226,6.384158887428156e-10,0.13766199429536408,0.8618402250504528,25,20,20
48,9081,0.0004942745667811519,0.0010295274552713232,0.12933626813849688,0.8691399298394505,25,20,20
48,9082,0.0005031427410490351,1.2907601105501976e-05,0.13874348801974032,0.8607404616381045,25,20,20
48,9083,0.04399079079201816,1.9746717317410297e-06,0.11238173786207648,0.8436254966741734,25,20,20
48,9084,0.01301538915235127,1.4836651029617604e-05,0.12062417416676506,0.8663456000298531,25,20,20
48,9085,3.1485805622018698e-06,0.026645667335434067,0.15130624914649948,0.8220449349375039,25,20,20
48,9086,0.03535928359234849,0.04048332071290375,0.04648754092205659,0.877669854772691,25,20,20
48,9087,2.1323665423904425e-06,0.03882346969542779,0.08298809083189232,0.8781863071061369,25,20,20
48,9088,2.1323827054063267e-06,0.038823469750133406,0.08161081614618476,0.8795635817209767,25,20,20
48,9089,2.193662007418201e-06,1.2184748688870607e-05,0.127835408261572,0.8721502133277318,25,20,20
48,9090,2.1989235193846293e-06,1.3104498030628097e-06,0.12137167253587024,0.8786248180908071,25,20,20
48,9091,0.002133186134871346,1.1767221507053218e-05,0.11931845597866486,0.8785365906649564,25,20,20
48,9092,6.665169394179324e-08,1.1772827707894937e-05,0.1534310961762155,0.8465570643443822,25,20,20
48,9093,8.064103266242208e-10,0.0003819697945953589,0.06957034733500152,0.9300476820639924,25,20,20
48,9094,3.253363982807539e-11,6.5744763400245016e-09,0.05625580686449358,0.9437441865284965,25,20,20
48,9095,6.672927887617567e-10,1.5800582444326944e-08,0.12622444245044315,0.8737755410816814,25,20,20
48,9096,2.126338230424795e-09,1.5033652560955748e-08,0.14685015516729316,0.8531498276727159,25,20,20
48,9097,1.936327763572498e-09,1.1325660796258797e-08,0.15324316187881618,0.8467568248591951,25,20,20
48,9098,5.9243384753505176e-06,4.767889405028832e-09,0.13780284470894433,0.8621912261846905,25,20,20
48,9099,0.0030905093944403592,4.747529064643933e-06,0.12162729960936769,0.8752774434671263,25,20,20
48,9100,0.00034112490551534765,2.2380806053304983e-09,0.12036769937781296,0.8792911734785904,25,20,20
48,9101,0.0003411248897925528,1.082844010802991e-11,0.133285523511551,0.866373351587828,25,20,20
48,9102,0.00034112501231577086,1.4573100280714802e-08,0.11798648973991169,0.8816723706746724,25,20,20
48,9103,3.3303906108714683e-07,8.328490734031494e-07,0.08812488553789351,0.9118739485739721,25,20,20
48,9104,1.0531184607852483e-09,8.259070999445825e-07,0.09385777272915348,0.9061414003106275,25,20,20
48,9105,9.690161383934771e-10,8.476618110844829e-07,0.08006881834093153,0.9199303330282409,25,20,20
48,9106,9.68587050180402e-10,8.47634908260209e-07,0.09692803732285035,0.9030711140736539,25,20,20
48,9107,8.654997694915774e-10,3.2021132872964165e-12,0.0396313965696206,0.9603686025616776,25,20,20
48,9108,5.448451641040815e-08,4.255951158819424e-12,0.0588224271579248,0.9411775183533024,25,20,20
48,9109,5.44846326712566e-08,2.7194852736135876e-09,0.047932385873348596,0.9520675569225332,25,20,20
48,9110,0.03988010288146628,2.7192587868608522e-09,0.02694083641739166,0.9331790579818835,25,20,20
48,9111,0.003255207645949833,0.00016625935704935965,0.07815548128656062,0.9184230517104404,25,20,20
48,9112,0.0003407694177981304,6.39331128998116e-09,0.08060482982765221,0.9190543943612378,25,20,20
48,9113,0.0010967216216793583,0.00026212348231532967,0.08268183516227344,0.9159593197337315,25,20,20
48,9114,0.000937143779286599,0.00026212356413361825,0.08276986800665377,0.9160308646499254,25,20,20
48,9115,0.0007637831881753003,0.00026212340237381895,0.08287267310411445,0.9161014203053355,25,20,20
48,9116,0.000467709092000849,0.0006933810678650497,0.11839454236254648,0.8804443674775871,25,20,20
48,9117,1.0078959459976867e-07,1.1544160792769304e-05,0.13710169314353193,0.8628866619060805,25,20,20
48,9118,1.0171217006794675e-07,1.1544380284495844e-05,0.1464235269626376,0.8535648269449078,25,20,20
48,9119,1.0171206083600459e-07,1.1541085425567775e-05,0.16013231354271884,0.8398560436597944,25,20,20
48,9120,2.578421097316372e-06,1.840965065236599e-05,0.1981470099544148,0.8018320019738354,25,20,20
48,9121,1.9206534282472482e-07,8.622788529335623e-07,0.178974300681534,0.82102464497427,25,20,20
48,9122,0.000180187872978801,4.321691766692612e-05,0.21710700663658344,0.7826695885727696,25,20,20
48,9123,0.0003500496974032578,4.31160689802631e-05,0.20683103151127863,0.7927758027223366,25,20,20
48,9124,0.0001699741261693133,0.022834631857498285,0.18441000018540854,0.7925853938309234,25,20,20
48,9125,0.0001308577473253795,0.03999148939666496,0.14569041875893693,0.8141872340970719,25,20,20
48,9126,0.029452181253065993,0.03998592487421384,0.09502037035410733,0.8355415235186122,25,20,20
48,9127,0.023486912618259508,0.03981944573132057,0.09307737225897174,0.8436162693914477,25,20,20
48,9128,0.023486912618442442,0.04000030159928461,0.09288843436580267,0.8436243514164701,25,20,20
48,9129,4.775423910956846e-06,0.05176572115726473,0.10871020227258832,0.8395193011462356,25,20,20
48,9130,2.493309860155237e-08,0.04267359760303187,0.15486520161711348,0.8024611758467556,25,20,20
48,9131,2.1046972669862888e-11,0.0400091105789719,0.16698871257892606,0.7930021768210552,25,20,20
48,9132,5.162554156174847e-05,0.03956420396304816,0.18682686559662323,0.7735573048987667,25,20,20
48,9133,7.94490269767861e-06,0.039856800677566084,0.17541257853407521,0.7847226758856602,25,20,20
48,9134,1.7308272954223434e-05,0.039857457572921244,0.17903676045468045,0.7810884736994436,25,20,20
48,9135,0.00010493202511028237,0.03987012382031417,0.2270601031874536,0.7329648409671209,25,20,20
48,9136,7.165528169607728e-06,0.04003643064378354,0.23736023613975452,0.7225961676882915,25,20,20
48,9137,3.537305380136066e-06,0.04053743539593695,0.2356368730796159,0.7238221542190663,25,20,20
48,9138,0.0014668784563565765,0.04027035208225394,0.2549425737015952,0.703320195759793,25,20,20
48,9139,0.0004554556445717345,0.039999774523758205,0.20176861115959566,0.7577761586720736,25,20,20
48,9140,0.00027704390855791335,0.039331935265077604,0.20682591227962593,0.753565108546738,25,20,20
48,9141,0.008108854247620902,0.03933228784862406,0.20806183541490725,0.7444970224888472,25,20,20
48,9142,0.0024960106433718782,0.03978942442010665,0.21169550866527198,0.746019056271249,25,20,20
48,9143,0.0028120085319039085,0.0404857234031525,0.2092848131075904,0.7474174549573519,25,20,20
48,9144,1.2874895906360413e-05,0.03982956421203324,0.2255740750979963,0.7345834857940636,25,20,20
48,9145,7.802491323384984e-06,0.039793468843386685,0.20719163546625122,0.7530070931990384,25,20,20
48,9146,0.03272922582645956,0.027618612194107682,0.1809553163111894,0.7586968456682426,25,20,20
48,9147,0.03509108241624542,0.060922940821497074,0.12074097510452303,0.7832450016577346,25,20,20
48,9148,0.00033529720852351207,0.07985712560515196,0.14042705770981986,0.7793805194765042,25,20,20
48,9149,6.8506322713883055e-09,0.060306158965374515,0.22044990515949295,0.7192439290245,25,20,20
48,9150,6.049961767485432e-05,0.06984849940560638,0.22312337127191598,0.7069676297048025,25,20,20
48,9151,1.2409875506355401e-05,0.11075394298162036,0.18549654967295606,0.7037370974699168,25,20,20
48,9152,0.010732736177662388,0.0695710940614389,0.17696290057856856,0.742733269182329,25,20,20
48,9153,0.0008262565548438006,0.06920619125737697,0.20556236845953474,0.7244051837282446,25,20,20
48,9154,0.0001972981759913341,0.004000553057039207,0.23817460022935083,0.7576275485376178,25,20,20
48,9155,0.0001827576423499663,0.002029253642928842,0.23966256825686955,0.7581254204578508,25,20,20
48,9156,1.0574595462469955e-05,0.0020290616347675293,0.23982305948288865,0.7581373042868804,25,20,20
48,9157,7.501313433061933e-07,0.0015021918951148572,0.22479175187067224,0.7737053061028686,25,20,20
48,9158,0.03746935150261502,0.0011348786345073433,0.18826168259089587,0.7731340872719812,25,20,20
48,9159,0.07644972109373074,3.886549080212141e-05,0.12443763647433506,0.7990737769411318,25,20,20
48,9160,0.007280312033244569,3.884799208186209e-05,0.19199656825497693,0.8006842717196965,25,20,20
48,9161,0.007280355883285529,8.642818490762875e-07,0.1777766576985842,0.8149421221362814,25,20,20
48,9162,0.0003610488754174334,1.9280149455191052e-07,0.13895031150047374,0.8606884468226138,25,20,20
48,9163,2.322647126770812e-06,1.0857232671387082e-05,0.11181257819180879,0.8881742419283927,25,20,20
48,9164,2.325683264276118e-06,1.085735763693016e-05,0.16876136820026955,0.831225448758829,25,20,20
48,9165,2.4065384299378e-06,1.0857492024751623e-05,0.13200776308816684,0.8679789728813784,25,20,20
48,9166,9.644430223113392e-05,1.115810611934982e-05,0.12819935017678985,0.8716930474148594,25,20,20
48,9167,2.298991346465757e-06,1.1598950885419385e-05,0.12071818516049715,0.8792679168972708,25,20,20
48,9168,0.000358792918218084,5.235849011924959e-07,0.13797945502345266,0.861661228473428,25,20,20
48,9169,0.00019239366170553963,1.830105235671367e-08,0.12941360175639813,0.8703939862808443,25,20,20
48,9170,0.009085664422493261,3.6163132225479175e-05,0.1296101954116737,0.8612679770336077,25,20,20
48,9171,0.03985089227803638,0.0013253498339110181,0.20859800362930894,0.7502257542587436,25,20,20
48,9172,0.006796285472256033,2.4220216198081904e-08,0.22766888585522782,0.765534804452299,25,20,20
48,9173,0.006796523065849887,1.3384817602547359e-08,0.20020080854404065,0.7930026550052921,25,20,20
48,9174,0.00013715947471386512,3.8846198603442205e-05,0.18336785651925103,0.8164561378074313,25,20,20
48,9175,0.0037468293179415122,0.0020667946783556063,0.2092217018629988,0.7849646741407043,25,20,20
48,9176,0.005763127575444379,0.002013153217890584,0.1926551943144412,0.7995685248922233,25,20,20
48,9177,0.0059091540594295115,0.002030413343855956,0.2551216049296647,0.7369388276670498,25,20,20
48,9178,0.00015960911202434925,0.00016895272524223187,0.2552635856625581,0.7444078525001749,25,20,20
48,9179,0.00014603299320466203,0.00016051393911840046,0.25589114458219103,0.7438023084854851,25,20,20
48,9180,6.065031739307648e-08,0.0001248514567365691,0.24105141315915904,0.7588236747337861,25,20,20
48,9181,2.348304312695429e-07,0.00019186712848494027,0.2525091267942157,0.7472987712468673,25,20,20
48,9182,6.698358813404482e-08,0.04166840873102558,0.22929642481518442,0.7290350994702013,25,20,20
48,9183,1.2821199457894717e-07,0.0398743100403183,0.20217509086455404,0.7579504708831319,25,20,20
48,9184,0.0007855557200527626,0.03201349959941964,0.20026444425351397,0.7669365004270129,25,20,20
48,9185,0.010690084414704816,0.04202805816939495,0.18837800683137676,0.7589038505845228,25,20,20
48,9186,0.00020860785007761635,0.04197258927431546,0.1595970792057574,0.7982217236698491,25,20,20
48,9187,0.0005359170803681907,0.0404691481748247,0.16037053571176316,0.7986243990330434,25,20,20
48,9188,0.000535917003569673,0.03221207259044648,0.1354528198062824,0.8317991905997011,25,20,20
48,9189,1.409607011597697e-08,0.040119705726543865,0.12791509731117542,0.83196518286621,25,20,20
48,9190,1.649994260485184e-09,0.03969626340888159,0.12874216841859654,0.8315615665225272,25,20,20
48,9191,0.00012129019383873246,0.03881380447796567,0.12192571156286741,0.8391391937653274,25,20,20
48,9192,7.327372027306815e-07,0.03881380649380391,0.12211730687786028,0.8390681538911329,25,20,20
48,9193,0.007720637092072895,0.03999656125107818,0.12152910909968971,0.8307536925571583,25,20,20
48,9194,0.005655636822200137,0.04003574089481376,0.14842617990740975,0.805882442375576,25,20,20
48,9195,0.0006736885220087695,0.030009304168325826,0.15842679914389138,0.8108902081657735,25,20,20
48,9196,0.0006703237952890123,0.02997746090241967,0.12719766084888037,0.8421545544534106,25,20,20
48,9197,1.6259071483056588e-09,0.03258231233487648,0.12851661908346254,0.8389010669557537,25,20,20
48,9198,8.576286821335923e-11,0.039649176280692394,0.11840114366234067,0.8419496799712037,25,20,20
48,9199,9.619069334493248e-10,0.04004629102227278,0.13302132287476803,0.8269323851410516,25,20,20
48,9200,3.446822678747318e-05,0.0020587687759854585,0.17357760731916627,0.8243291556780599,25,20,20
48,9201,3.459358805233289e-05,0.00038560387499574674,0.1800952903523655,0.8194845121845856,25,20,20
48,9202,0.03645962380126253,0.0020239964966935475,0.14157263023380492,0.8199437494682384,25,20,20
48,9203,0.07359002332329018,0.002023926316133849,0.09237987355296993,0.832006176807606,25,20,20
48,9204,0.03847185693265459,0.000841400943808857,0.1282810662860543,0.8324056758374823,25,20,20
48,9205,0.03663339564246322,3.418658171199242e-05,0.12444003252096124,0.8388923852548635,25,20,20
48,9206,0.036320166982748495,0.0008504282965633808,0.1238782611898109,0.8389511435308767,25,20,20
48,9207,8.950810715761249e-05,0.00021238221903792623,0.15974153360520765,0.8399565760685966,25,20,20
48,9208,1.6380444103067724e-07,0.00019628775965433695,0.1959632606696745,0.8038402877662297,25,20,20
48,9209,0.040490017408470254,2.452711705012475e-07,0.1932591394817867,0.7662505978385716,25,20,20
48,9210,0.00658493350025391,0.0001438435691837088,0.229607304217742,0.7636639187128195,25,20,20
48,9211,0.0022184382247860237,0.00014426458059809403,0.22316448085893362,0.7744728163356815,25,20,20
48,9212,0.00222154264691093,2.2792836718217727e-05,0.21438172058395386,0.783373943932416,25,20,20
48,9213,0.0022150187424109596,2.5325625674329487e-05,0.19834438461461112,0.7994152710173026,25,20,20
48,9214,0.010020366820373418,3.467878124645092e-05,0.19202575426221677,0.7979192001361624,25,20,20
48,9215,0.009698958572303877,0.042059801457281505,0.16073953834262433,0.7875017016277895,25,20,20
48,9216,0.009698991444677318,0.040019027780560365,0.18540274161541193,0.76487923915935,25,20,20
48,9217,0.03597713086222627,0.04005628720789651,0.2187526581049504,0.7052139238249268,25,20,20
48,9218,0.03742723702938511,0.040001091759103866,0.23801222356210228,0.6845594476494079,25,20,20
48,9219,0.037427234238096685,0.040036821239846664,0.23965574922882454,0.6828801952932305,25,20,20
48,9220,0.038990521613285575,0.04004573176347349,0.2038886224762728,0.7170751241469661,25,20,20
48,9221,0.03768085631139001,0.03998650589897047,0.20115269504097089,0.7211799427486685,25,20,20
48,9222,0.030852079468389845,0.000711977238317815,0.2512197232923476,0.7172162200009439,25,20,20
48,9223,0.012644720444231388,8.55050468997488e-05,0.26890181750814385,0.7183679570007243,25,20,20
48,9224,0.039939550059730614,0.00012169959815564787,0.24175295397809138,0.7181857963640218,25,20,20
48,9225,0.0388632015670613,0.002002091166463731,0.24022690168697422,0.7189078055795001,25,20,20
48,9226,0.03855561100454509,3.895688065146721e-05,0.24203550053890346,0.7193699315758991,25,20,20
48,9227,0.07474300472075003,0.000914467866129388,0.20541241823460674,0.7189301091785125,25,20,20
48,9228,0.0461774446195857,0.0009563663288653653,0.23325418614686427,0.7196120029046829,25,20,20
48,9229,0.046451594521932205,1.6890081762019317e-05,0.23461885728409917,0.7189126581122052,25,20,20
48,9230,0.042304176774375285,0.0007631244133130126,0.23815292552350237,0.7187797732888082,25,20,20
48,9231,0.03871150045729224,0.0007153240485780776,0.2492406633979883,0.7113325120961399,25,20,20
48,9232,0.07257125833367695,0.0013515438789961334,0.23424815136398322,0.691829046423341,25,20,20
48,9233,0.040008323231780565,0.0025338651102515923,0.26466099767780205,0.6927968139801639,25,20,20
48,9234,0.039905765093962466,0.05020908318805369,0.20657069124122934,0.7033144604767536,25,20,20
48,9235,0.0006291225984779812,0.07118599436695265,0.2629949829639754,0.6651899000705934,25,20,20
48,9236,0.0006327818791800424,0.07131803030771787,0.2918683732997481,0.6361808145133522,25,20,20
48,9237,0.01351599963850849,0.0713820691137613,0.24010841211485975,0.6749935191328689,25,20,20
48,9238,0.037582397468565724,0.07976684127285447,0.1843055026533402,0.698345258605239,25,20,20
48,9239,0.04743176618800159,0.08001284174261747,0.19367983944037348,0.6788755526290065,25,20,20
48,9240,0.050091971270368144,0.0807220052806391,0.156662733260106,0.7125232901888858,25,20,20
48,9241,0.004036756988805583,0.08004078173712541,0.20320079898542429,0.7127216622886436,25,20,20
48,9242,0.009778399749828682,0.04074985532881535,0.23399731876471055,0.7154744261566447,25,20,20
48,9243,0.003923121655113449,0.04071089380792595,0.24124791752084587,0.7141180670161152,25,20,20
48,9244,7.307061101942564e-07,0.03998788628766419,0.24303182300445259,0.716979560001773,25,20,20
48,9245,0.01898332009216615,0.03998809291890849,0.19977466299160157,0.7412539239973236,25,20,20
48,9246,0.05106447861614669,0.04002813387480125,0.15057236460713452,0.758335022901917,25,20,20
48,9247,0.004383794331863815,0.03948059176924708,0.17424077734838067,0.7818948365505075,25,20,20
48,9248,0.00010962352414324639,0.03948050953165898,0.1628212073456823,0.7975886595985148,25,20,20
48,9249,1.4222308330471912e-06,0.03948028386474901,0.17654114958363398,0.7839771443207827,25,20,20
48,9250,0.00019848755656773503,0.001803219028381882,0.23991800596451993,0.7580802874505287,25,20,20
48,9251,0.00017210522010187437,0.0008352195419254976,0.21840035066387345,0.7805923245740988,25,20,20
48,9252,0.0018382770721322723,0.008928546656322584,0.22510798703262747,0.7641251892389173,25,20,20
48,9253,0.0018383277560797583,0.0089553012505768,0.22967667599682975,0.7595296949965135,25,20,20
48,9254,0.0018338456916727722,0.00889070363252949,0.23647876562834166,0.7527966850474566,25,20,20
48,9255,5.981189207609334e-06,0.02996664792089988,0.1862338450412553,0.7837935258486367,25,20,20
48,9256,0.029392884680786557,0.03998919905336342,0.14791119620292412,0.7827067200629253,25,20,20
48,9257,0.03059683625871308,0.03999286965504977,0.13520975496511364,0.7942005391211236,25,20,20
48,9258,0.005981296892327442,0.039995215300984925,0.12065600124728451,0.833367486559403,25,20,20
48,9259,0.0012071676460583686,0.03999482860476125,0.08601993156592525,0.8727780721832551,25,20,20
48,9260,0.029556471589989905,0.030064827634113632,0.06939838628565767,0.8709803144902379,25,20,20
48,9261,0.007790805392524109,0.029977540122589172,0.09055098140871165,0.8716806730761752,25,20,20
48,9262,0.0004893739144690022,0.029996168412445554,0.10462580416018374,0.8648886535129015,25,20,20
48,9263,0.00011777594943076513,0.0010475102942643973,0.13374424477074093,0.8650904689855633,25,20,20
48,9264,0.00011774269676577196,0.039327149370740624,0.08251137729926607,0.8780437306332268,25,20,20
48,9265,0.035088965484879844,0.03932718296761126,0.05447462441216935,0.8711092271353396,25,20,20
48,9266,0.03813709996307415,0.02031489736298673,0.07026056988183273,0.8712874327921064,25,20,20
48,9267,7.540665239914369e-07,0.03998654669353207,0.08823535081778754,0.8717773484221557,25,20,20
48,9268,7.169908852584766e-07,0.039999778888602115,0.08970540544657102,0.8702940986739415,25,20,20
48,9269,7.169915360724316e-07,0.03999977888540735,0.09621396015663032,0.8637855439664257,25,20,20
48,9270,0.01486085771598334,0.039999785483101596,0.03411492805216118,0.9110244287487532,25,20,20
48,9271,0.014860857715898188,0.039766586631045604,0.04411159242569282,0.9012609632273629,25,20,20
48,9272,0.0001406835690294049,0.03999054691837923,0.028760309793090813,0.9311084597195008,25,20,20
48,9273,5.881377679690182e-13,0.03999054676843139,0.0026911646564201806,0.9573182885745602,25,20,20
48,9274,3.3681211056081965e-10,0.039990546826091454,0.02005273686737384,0.9399567159697224,25,20,20
48,9275,1.9491415408530058e-07,0.03999054589266064,0.09697820226169124,0.8630310569314937,25,20,20
48,9276,3.187850643619532e-09,0.039987279225720124,0.11310687153213865,0.8469058460542895,25,20,20
48,9277,3.7756256860196936e-11,0.039999631797118684,0.13583157630193413,0.8241687918631898,25,20,20
48,9278,0.00031643066965616193,0.02284149593043909,0.14311659656705047,0.833725476832854,25,20,20
48,9279,0.000316430379183078,0.0399888011177876,0.09601249697992456,0.8636822715231045,25,20,20
48,9280,0.00029496373579482294,0.039999584134478704,0.11686537981104328,0.8428400723186832,25,20,20
48,9281,6.045892879982345e-05,0.039979425309756594,0.1429645660019548,0.8169955497594882,25,20,20
48,9282,0.011995380765904805,0.039979183192495514,0.08752910021953583,0.8604963358220634,25,20,20
48,9283,0.00012794360631739312,0.039979198687126224,0.09952613137275008,0.860366726333806,25,20,20
48,9284,0.00011744073846063352,0.031788513867287274,0.09808384425697987,0.8700102011372717,25,20,20
48,9285,0.00526647435992032,0.039488756204223895,0.0847965080310483,0.8704482614048067,25,20,20
48,9286,1.5224767445388997e-06,0.03948310802056591,0.10269050329813798,0.8578248662045511,25,20,20
48,9287,1.4701765909282884e-09,0.022879098646526045,0.1489357079361968,0.8281851919471004,25,20,20
48,9288,0.008111221956462255,0.013070012207453949,0.1763246584793008,0.8024941073567827,25,20,20
48,9289,0.00983700757523809,0.026574607517448872,0.1457671344983872,0.817821250408926,25,20,20
48,9290,0.0482388964320359,4.7316037255641476e-05,0.11311341213528751,0.8386003753954208,25,20,20
48,9291,0.07442413936326246,2.1493480541939156e-05,0.16311993132572092,0.7624344358304733,25,20,20
48,9292,0.06989239818976374,0.0007110605816225894,0.20560164041255088,0.7237949008160622,25,20,20
48,9293,0.030392593755965976,0.0020423663236283553,0.24525618290406626,0.7223088570163385,25,20,20
48,9294,0.01885095930232157,0.0017878128086481302,0.2578134895976352,0.7215477382913942,25,20,20
48,9295,0.05195303567112612,0.001992968493269133,0.22520913849497537,0.7208448573406284,25,20,20
48,9296,0.07491847142621072,0.002029132289662603,0.17332483700497572,0.7497275592791507,25,20,20
48,9297,0.04304925337549617,0.0020467793926316367,0.19165993557048672,0.7632440316613845,25,20,20
48,9298,0.03985951394193936,1.2056053152240708e-06,0.17663242372689658,0.7835068567258474,25,20,20
48,9299,0.0025088481009267073,0.018468911186755095,0.2141426988192026,0.7648795418931151,25,20,20
48,9300,0.03514710396713693,0.01845357059202549,0.19112628065127385,0.7552730447895629,25,20,20
48,9301,0.0388496830315916,0.002583006446312216,0.23317066097992423,0.7253966495421702,25,20,20
48,9302,0.090166923219832,0.002585754795534487,0.18511017177763414,0.7221371502069985,25,20,20
48,9303,0.08742341220251527,0.0025857553048485547,0.15214410362419944,0.7578467288684358,25,20,20
48,9304,0.031013135949600125,0.05414553847874815,0.15479034255896804,0.7600509830126836,25,20,20
48,9305,0.038591063022228665,0.06463145954016238,0.13827961500918698,0.758497862428422,25,20,20
48,9306,0.038802845387684214,0.07927054039377722,0.16337723812608515,0.7185493760924528,25,20,20
48,9307,0.0006583744936895833,0.041698384020145876,0.25431370951421767,0.7033295319719451,25,20,20
48,9308,0.00015654709745917286,0.039865479012731415,0.2582279382051318,0.7017500356846763,25,20,20
48,9309,0.0007897922900087195,0.07934694016902868,0.2741245942592934,0.6457386732816687,25,20,20
48,9310,0.0007897703659912553,0.07882144209231462,0.22447327803890388,0.6959155095027886,25,20,20
48,9311,0.07662812796926083,0.03982039334885091,0.1806543930879196,0.702897085593968,25,20,20
48,9312,0.07663520323432144,0.06628839528166681,0.169932136913434,0.6871442645705763,25,20,20
48,9313,0.07456812614881017,0.06905349899314403,0.18565917634943196,0.6707191985086127,25,20,20
48,9314,0.04593579103919496,0.06234005560605599,0.17196470517813428,0.7197594481766139,25,20,20
48,9315,0.06093234898787653,0.04335506079456114,0.17778378010170046,0.7179288101158612,25,20,20
48,9316,0.02532925603560216,0.0559797199861938,0.2160156628047565,0.7026753611734468,25,20,20
48,9317,0.029337456388982268,0.04204787852676053,0.2473048112844191,0.6813098537998374,25,20,20
48,9318,0.004362220399679753,0.0419916965824767,0.2747802855868157,0.678865797431027,25,20,20
48,9319,0.005713855925687961,0.0019933485844092396,0.31720867776942047,0.6750841177204826,25,20,20
48,9320,0.009040388635852157,3.0955309597638756e-05,0.30837150493452425,0.6825571511200266,25,20,20
48,9321,0.04880844328537444,3.1504386363306155e-07,0.19401865818567832,0.7571725834850835,25,20,20
48,9322,0.0509241092512364,6.042479782971869e-07,0.17120740572446538,0.7778678807763199,25,20,20
48,9323,0.050926819583310357,0.0012055445536820462,0.16114730378669379,0.7867203320763142,25,20,20
48,9324,0.04002414324673646,0.03963166539653873,0.08056311576956164,0.8397810755871633,25,20,20
48,9325,0.01628844757709322,0.04030585421800886,0.10386933183630592,0.8395363663685914,25,20,20
48,9326,0.0031572662246198576,0.0396713044230046,0.11766368186104492,0.8395077474913296,25,20,20
48,9327,0.04175854144794616,0.03967315385510759,0.11893717702379472,0.7996311276731515,25,20,20
48,9328,0.04210574245579741,0.039369796010774526,0.12001917964782122,0.7985052818856064,25,20,20
48,9329,0.0356927720404929,0.03981098407706598,0.12573336902656287,0.7987628748558784,25,20,20
48,9330,0.0356816001080855,0.04001186872501638,0.12576840337254125,0.798538127794356,25,20,20
48,9331,0.010228667106180088,0.04048115009123444,0.15008652126184624,0.7992036615407385,25,20,20
48,9332,0.0028340251343248668,0.04004883026238133,0.15737264696348072,0.7997444976398129,25,20,20
48,9333,5.826833394903931e-06,3.8785852143372855e-05,0.21848605335158708,0.7814693339628738,25,20,20
48,9334,0.0001086023378886962,7.543408283407253e-06,0.21802961963993453,0.7818542346138928,25,20,20
48,9335,0.0007665108858107141,3.194912610877815e-05,0.19655478918187483,0.8026467508062047,25,20,20
48,9336,0.0003080568516757755,2.8869913611394635e-06,0.19923988131762488,0.8004491748393376,25,20,20
48,9337,0.0005077728130882829,0.00011221190540246075,0.23530050513469125,0.7640795101468165,25,20,20
48,9338,0.0008432956366785836,0.05919542172991332,0.13873169302767166,0.8012295896057353,25,20,20
48,9339,0.00034234292207078174,0.05884659969954921,0.11301804249540327,0.8277930148829765,25,20,20
48,9340,1.2461263016592153e-06,0.07999407931917257,0.10257275479695421,0.8174319197575715,25,20,20
48,9341,1.238953511492615e-06,0.07962948200199739,0.08142693334883389,0.8389423456956571,25,20,20
48,9342,1.2863297010351588e-06,0.07999263033435292,0.08751945139140745,0.8324866319445384,25,20,20
48,9343,6.162519834269931e-08,0.054611530521739955,0.12821404789301302,0.8171743599600484,25,20,20
48,9344,6.16316135716956e-08,0.06232345950329493,0.10649793393595468,0.8311785449291368,25,20,20
48,9345,3.561048922518133e-08,0.08194144589401413,0.08901290297136616,0.82904561552413,25,20,20
48,9346,1.0462591166465668e-07,0.04506342426340539,0.12640337724069114,0.8285330938699912,25,20,20
48,9347,3.5696242744756618e-06,0.0450638667663062,0.20666018433287303,0.7482723792765456,25,20,20
48,9348,3.575908652856163e-06,0.04201698712796833,0.16574227606223424,0.7922371609011439,25,20,20
48,9349,2.131170875774361e-06,0.042146860575426714,0.15892249238799472,0.7989285158657021,25,20,20
48,9350,1.1233446893570959e-10,0.07124461440992425,0.14595173634747355,0.7828036491302676,25,20,20
48,9351,7.353364950696197e-07,0.07974875804342234,0.16854571655929576,0.7517047900607859,25,20,20
48,9352,0.00028418446727432637,0.04124517519783497,0.20666884753213235,0.7518017928027567,25,20,20
48,9353,0.005087673070112486,0.04031525298223657,0.17605915505081826,0.7785379188968318,25,20,20
48,9354,2.1687755857145233e-06,0.040554042607798435,0.17540679919686916,0.7840369894197459,25,20,20
48,9355,0.025713850916914,0.04003997190002214,0.1026083858401698,0.8316377913428938,25,20,20
48,9356,1.9765565557167895e-05,0.07951622924561173,0.14875917809236178,0.771704827096469,25,20,20
48,9357,1.7602904391189863e-08,0.06998543604221542,0.12586096139285716,0.8041535849620227,25,20,20
48,9358,0.007699581983529499,0.07996926781181758,0.08160972158434268,0.8307214286203096,25,20,20
48,9359,0.036807991557846996,0.040190853957907925,0.08177829502545013,0.8412228594587944,25,20,20
48,9360,0.00952770204941835,0.04070233159982763,0.1278259852843469,0.8219439810664069,25,20,20
48,9361,0.00998360610222488,0.018310487292928238,0.14000684865919977,0.8316990579456472,25,20,20
48,9362,0.00998547025391955,0.0016309844280795712,0.15539745233176788,0.8329860929862325,25,20,20
48,9363,1.841823774485751e-05,0.0010322112256030852,0.14399022081837684,0.854959149718275,25,20,20
48,9364,2.3434841528853497e-07,1.4950782697019868e-05,0.17449872290886645,0.8254860919600207,25,20,20
48,9365,0.00011951154556042662,4.964807220084885e-05,0.23656090881675915,0.7632699315654788,25,20,20
48,9366,0.03760586463053657,4.868778340129016e-05,0.19961129223401045,0.7627341553520514,25,20,20
48,9367,0.03762791382481371,4.97546519850265e-05,0.21208079542720873,0.7502415360959909,25,20,20
48,9368,0.03770189443430043,8.518345953096817e-05,0.21191716434200145,0.7502957577641662,25,20,20
48,9369,0.04128525718225509,4.9327617610013835e-05,0.20776790198637485,0.75089751321376,25,20,20
48,9370,0.06491606343013828,0.00012796785506318623,0.17622862875945297,0.758727339955345,25,20,20
48,9371,0.04126495203903194,7.942878825425953e-05,0.2203436653777316,0.7383119537949822,25,20,20
48,9372,0.02625718020704253,0.00012234622112027358,0.1911599598659354,0.7824605137059006,25,20,20
48,9373,0.03988711142099313,4.850984276213575e-05,0.1791081367887906,0.780956241947453,25,20,20
48,9374,0.06298140805373106,0.000720879662113334,0.1707533760441455,0.7655443362400098,25,20,20
48,9375,0.1003476507017724,1.0682139012960421e-05,0.13958650749279097,0.7600551596664231,25,20,20
48,9376,0.013894985455392053,2.2118564863008863e-05,0.14559485952251838,0.8404880364572263,25,20,20
48,9377,0.005707659019983829,0.0003189248682583843,0.19393695302661443,0.8000364630851426,25,20,20
48,9378,0.005357778662729249,0.00032693196769312575,0.18788617107886185,0.8064291182907145,25,20,20
48,9379,0.039895525102150185,0.002434279182725909,0.18912988412264692,0.7685403115924759,25,20,20
48,9380,0.0006719881121835937,5.62275537479373e-09,0.20719975365778173,0.7921282526072781,25,20,20
48,9381,0.0009349952435080475,2.523926136667435e-07,0.2085297688501873,0.7905349835136899,25,20,20
48,9382,0.012975283977718667,9.054524539605529e-07,0.1972708300103297,0.7897529805594974,25,20,20
48,9383,0.01254927534087883,9.205117550712962e-07,0.1973568218982138,0.790092982249151,25,20,20
48,9384,0.0066061527652339315,6.696030176166875e-07,0.20179115855163718,0.7916020190801109,25,20,20
48,9385,0.008110334653291947,0.0010475134026720818,0.19984248257880083,0.7909996693652335,25,20,20
48,9386,0.009377972481316544,0.0026684542156799967,0.19836013903040103,0.7895934342726021,25,20,20
48,9387,8.67172174814177e-07,5.3005576076418805e-05,0.1435930860831781,0.8563530411685701,25,20,20
48,9388,8.665808740568137e-07,1.4653737659060234e-05,0.14198946280581567,0.8579950168756509,25,20,20
48,9389,9.859689456060649e-05,3.4562627090984364e-07,0.13643643689281137,0.8634646205863571,25,20,20
48,9390,1.9598713763715108e-06,1.919754759347127e-07,0.17524261295352925,0.8247552351996181,25,20,20
48,9391,2.1477420186987543e-06,5.630487704353645e-10,0.17484701438158448,0.8251508373133478,25,20,20
48,9392,2.4582857738697367e-07,6.034567347957095e-10,0.17488804581929648,0.8251117077486693,25,20,20
48,9393,3.0204025303729554e-06,1.2330996263102208e-08,0.1441698974212667,0.8558270698452067,25,20,20
48,9394,3.021375595795528e-06,0.0010319213976189717,0.15358771698032084,0.8453773402464639,25,20,20
48,9395,3.1845806205205887e-09,0.0010319211527307173,0.111438754517036,0.887529321145652,25,20,20
48,9396,2.8308603836657635e-06,1.3369586786122052e-06,0.09316945246617797,0.9068263797147595,25,20,20
48,9397,0.03973338983686142,1.3371561637014534e-06,0.056444315160186116,0.9038209578467885,25,20,20
48,9398,5.445129921029028e-08,1.3397050370764348e-06,0.09524571938189513,0.9047528864617685,25,20,20
48,9399,1.86130190358439e-09,1.3370781768518226e-06,0.1257194098695812,0.8742792511909399,25,20,20
48,9400,0.03214185915216014,8.275298531528884e-07,0.10259971302232121,0.8652576002956656,25,20,20
48,9401,0.0321417095842186,0.024174394847072213,0.1309660537649161,0.8127178418037928,25,20,20
48,9402,0.004398951404359686,0.024126961665765577,0.1496727303907849,0.8218013565390894,25,20,20
48,9403,0.004398953355022636,0.03998833293629354,0.13295259171826604,0.8226601219904173,25,20,20
48,9404,3.142129770308997e-06,0.0399880187646558,0.14600272150234286,0.8140061176032308,25,20,20
48,9405,5.486576839564431e-05,2.5969965908168615e-08,0.18678635900973112,0.8131587492519065,25,20,20
48,9406,5.251097437895324e-06,1.6335801436644784e-08,0.186975393127465,0.8130193394392952,25,20,20
48,9407,6.787344708417283e-06,5.156703278630089e-06,0.20061737308804767,0.799370682863965,25,20,20
48,9408,0.0031215953904381514,0.00012513861287571104,0.19604862426651903,0.8007046417301664,25,20,20
48,9409,0.00924183305314737,0.013900734483238092,0.17622210494980048,0.8006353275138138,25,20,20
48,9410,0.049128209680124775,5.046721886931902e-06,0.15067321545929593,0.8001935281386919,25,20,20
48,9411,0.039992142429243455,6.501267758448827e-07,0.13041216047996054,0.8295950469640198,25,20,20
48,9412,0.040466337224977715,0.03022935247440528,0.08989828273665326,0.8394060275639633,25,20,20
48,9413,0.0004942842604361649,0.03977215689412401,0.16066609651895855,0.7990674623264798,25,20,20
48,9414,0.0004824866566416443,0.040074911346586486,0.18476605884011169,0.7746765431566593,25,20,20
48,9415,0.010431193896977,0.040049176525040184,0.21468273731596108,0.7348368922620203,25,20,20
48,9416,0.03677030750033427,0.040007985044515644,0.1791842356424418,0.7440374718127077,25,20,20
48,9417,0.07269247237322136,0.04007960579283253,0.13414261336983477,0.7530853084641113,25,20,20
48,9418,0.012696401888999126,5.2012824001168225e-05,0.2022898900715645,0.7849616952154348,25,20,20
48,9419,0.04722573647984509,3.7278462275740336e-05,0.1799760985794061,0.7727608864784719,25,20,20
48,9420,0.030890175509880952,7.025266463980004e-06,0.1710678981949635,0.7980349010286908,25,20,20
48,9421,0.023083833245414683,1.622336909806022e-05,0.2178144857304434,0.7590854576550434,25,20,20
48,9422,0.05330155847635047,0.0010585580962213877,0.20192099581323322,0.743718887614194,25,20,20
48,9423,0.06199230923898954,0.001057705349653972,0.19165447237769886,0.7452955130336568,25,20,20
48,9424,0.019233571785608278,0.0010790473966044436,0.22121525995545138,0.7584721208623351,25,20,20
48,9425,0.04254861435330909,0.0203308562203306,0.2184538230845394,0.7186667063418206,25,20,20
48,9426,0.054820582895934306,0.020351914224861753,0.2067551811957048,0.7180723216834977,25,20,20
48,9427,0.05220224276415246,0.020352738442306065,0.20803994134814124,0.7194050774453993,25,20,20
48,9428,0.033081301902253606,0.002123475713149617,0.24558468685835827,0.7192105355262374,25,20,20
48,9429,0.000369356182499657,0.0009349453724354496,0.27836834425663354,0.7203273541884304,25,20,20
48,9430,0.00037899666971594664,0.0019430419870244025,0.2827947753384371,0.7148831860048216,25,20,20
48,9431,0.0003699334819854601,4.825035721183097e-05,0.27982830791675317,0.7197535082440482,25,20,20
48,9432,0.03507018753905964,1.2397979701038628e-08,0.24567112053591145,0.7192586795270469,25,20,20
48,9433,0.07298085163900307,2.5770240628134294e-08,0.22261954172510878,0.7043995808656461,25,20,20
48,9434,0.04578346171065731,4.8451928858854586e-05,0.26706823177195166,0.687099854588531,25,20,20
48,9435,0.041333047610112444,0.0013696721330877597,0.23628875729243362,0.7210085229643649,25,20,20
48,9436,0.04563483004551237,0.0006420001587152977,0.23234631711171247,0.7213768526840592,25,20,20
48,9437,0.04563841740638695,0.0005944341491064422,0.23157430497195555,0.7221928434725521,25,20,20
48,9438,0.03710996293505893,0.0014726989128196867,0.24821102015573357,0.7132063179963876,25,20,20
48,9439,0.03709526660674856,0.002860934910105819,0.2075017287466715,0.752542069736473,25,20,20
48,9440,0.03714047088390203,0.0007977826106575632,0.22534564444060914,0.7367161020648305,25,20,20
48,9441,0.031231658111277167,0.0020268416353837306,0.2073429145651999,0.7593985856881386,25,20,20
48,9442,0.03441420056235187,0.03142325363573133,0.19106844111644097,0.7430941046854751,25,20,20
48,9443,0.03123472661553218,0.039814271419697525,0.16895518972701676,0.7599958122377528,25,20,20
48,9444,0.0002584685983165462,0.03998880587961574,0.1702933699447118,0.7894593555773552,25,20,20
48,9445,0.0005021817493745802,0.03998846356637222,0.16791061543240748,0.7915987392518449,25,20,20
48,9446,2.2987661504440755e-05,0.04001666502383765,0.16020340864071728,0.7997569386739403,25,20,20
48,9447,2.2988951769620488e-05,0.04006347573118298,0.17014895644844624,0.7897645788686005,25,20,20
48,9448,2.2151436803863094e-05,0.0400287845274463,0.16788443788838228,0.7920646261473675,25,20,20
48,9449,1.618352781567646e-05,0.02228993293564669,0.18545714792324453,0.7922367356132923,25,20,20
48,9450,0.008518439173429421,0.02271498725497961,0.212167685305093,0.7565988882664975,25,20,20
48,9451,1.6170253835360418e-05,1.2099575862791255e-06,0.25715015581425427,0.7428324639743229,25,20,20
48,9452,0.003688754281427389,1.0784295424941155e-06,0.2560470688853193,0.7402630984037097,25,20,20
48,9453,0.038437483239913826,1.4711289011605906e-05,0.17935958195446453,0.7821882235166093,25,20,20
48,9454,0.04285545266737345,0.0024709469441276098,0.1685714763222929,0.7861021240662057,25,20,20
48,9455,0.04034609638384457,0.0024908231740862962,0.1671626818109767,0.7900003986310918,25,20,20
48,9456,0.03250117440130212,0.002471475582764561,0.13575175705768208,0.8292755929582506,25,20,20
48,9457,0.0326055765710666,0.04000979128959444,0.08722454835919834,0.8401600837801405,25,20,20
48,9458,0.008144686192688084,0.039999638492828254,0.159294076105751,0.792561599208732,25,20,20
48,9459,0.008267059767300548,0.022843853604042813,0.1555367406027137,0.8133523460259423,25,20,20
48,9460,0.0033655472701006744,0.02284364186105168,0.13589513700848874,0.8378956738603587,25,20,20
48,9461,0.00026642792781653624,0.03965345393033689,0.15987756194924835,0.800202556192598,25,20,20
48,9462,0.00031051559342810546,0.0010535483270268612,0.15940751989580787,0.839228416183737,25,20,20
48,9463,0.0002844378640585723,0.0010493213539849288,0.17641930578895962,0.8222469349929966,25,20,20
48,9464,0.00016788172467516679,0.0010489757310012237,0.20778846007651272,0.7909946824678105,25,20,20
48,9465,0.00011781787142975229,3.588960370028384e-05,0.2005790929028352,0.7992671996220341,25,20,20
48,9466,0.00025296515450883554,3.828993976997703e-05,0.17012415114197377,0.8295845937637465,25,20,20
48,9467,0.009682532425935492,3.8226214561360496e-05,0.16085617973089694,0.829423061628605,25,20,20
48,9468,0.00967775322512702,1.3576183410696644e-05,0.19010169809271008,0.8002069724987514,25,20,20
48,9469,0.00011417117555646366,1.6743119108895049e-06,0.21488324169364087,0.7850009128188907,25,20,20
48,9470,0.00011509601112474789,0.03948008257267288,0.1856762271461696,0.7747285942700327,25,20,20
48,9471,0.07592259324952255,0.04003181716781654,0.10172294414362802,0.7823226454390331,25,20,20
48,9472,0.07583987343480585,0.041973043417197806,0.10306794712544164,0.779119136022555,25,20,20
48,9473,0.07854826869214397,0.04194861470118953,0.1501447721052579,0.7293583445014085,25,20,20
48,9474,0.08302323479264198,0.039984920384084036,0.09718763338881412,0.7798042114344597,25,20,20
48,9475,0.04604146691854874,0.0393322058530174,0.10762393684458442,0.8070023903838487,25,20,20
48,9476,0.03266832058946829,0.03178321348114438,0.10499113556923141,0.8305573303601558,25,20,20
48,9477,0.03266997053602114,0.04001619257203219,0.08896525480293725,0.8383485820890094,25,20,20
48,9478,0.000908883725920183,0.0001955618863231183,0.1474316293578929,0.8514639250298636,25,20,20
48,9479,0.038584423440373494,5.2983653353404945e-05,0.13512189893855434,0.826240693967718,25,20,20
48,9480,0.03995210877667896,3.8065258003005884e-05,0.12818484853427184,0.8318249774310459,25,20,20
48,9481,0.004216394774670475,9.60901275112838e-06,0.16539582338666764,0.8303781728259105,25,20,20
48,9482,0.004218492858825551,4.6392397902441253e-05,0.1752678352811265,0.8204672794621455,25,20,20
48,9483,0.004216600161942059,1.1026342796023173e-05,0.17454183712107307,0.8212305363741881,25,20,20
48,9484,0.00012042245315216407,1.5601706722070613e-06,0.17884054085203555,0.8210374765241397,25,20,20
48,9485,0.05207294320178162,4.561792216190609e-08,0.17019105850630287,0.7777359526739933,25,20,20
48,9486,0.05207356462069952,0.00030492437067290083,0.10900373420008103,0.8386177768085465,25,20,20
48,9487,0.03480194675558501,1.8274516980453076e-06,0.12586504672310445,0.8393311790696116,25,20,20
48,9488,0.04214734236143073,2.7714798467938506e-05,0.12522937479068846,0.8325955680494119,25,20,20
48,9489,0.008210353634883576,3.922121660350168e-06,0.1534346833955569,0.8383510408478984,25,20,20
48,9490,0.00016251475284226953,3.934624614954063e-06,0.1598262804912644,0.840007270131278,25,20,20
48,9491,0.00016071109340651553,4.103770164906304e-06,0.13649535429037982,0.8633398308460484,25,20,20
48,9492,0.00038252934817436987,3.7674940502811296e-07,0.13699150512689556,0.8626255887755245,25,20,20
48,9493,0.0008412548196354172,3.711060507825927e-05,0.12036928140160878,0.8787523531736764,25,20,20
48,9494,0.006793388239387185,3.7104010726079566e-05,0.12951453429813514,0.863654973451751,25,20,20
48,9495,0.00017083981972185118,1.037494253905736e-05,0.1206429897544103,0.8791757954833284,25,20,20
48,9496,1.264338983373126e-05,1.1578796921935821e-07,0.19695845326854594,0.8030287875536506,25,20,20
48,9497,3.724300335978586e-06,1.7048860194190573e-05,0.21152797189730296,0.7884512549421656,25,20,20
48,9498,0.00012177325932579845,1.6853610837636692e-06,0.20860166187677995,0.7912748795028095,25,20,20
48,9499,3.6443600904440118e-06,1.2237973127750333e-06,0.17614579293322963,0.8238493389093666,25,20,20
48,9500,6.625813323197143e-06,1.232329678986842e-06,0.1753380698220389,0.8246540720349579,25,20,20
48,9501,6.6258133072517435e-06,1.2323742165082264e-06,0.13254096654548456,0.8674511752669908,25,20,20
48,9502,9.95340533625762e-06,1.1696953473517702e-08,0.1366782526049715,0.8633117822927382,25,20,20
48,9503,0.0016589747336193386,0.00023693579068738725,0.13554922634772523,0.8625548631279678,25,20,20
48,9504,0.03861815432401071,1.4809173182065342e-08,0.04425979435066177,0.9171220365161545,25,20,20
48,9505,0.03204175922993834,6.567783173139257e-07,0.05658816134299118,0.9113694226487532,25,20,20
48,9506,0.03204169322451163,3.866708349562756e-05,0.06356604075502714,0.9043535989369649,25,20,20
48,9507,0.032041694796832845,3.870046504995282e-05,0.09465362666509812,0.873265978073019,25,20,20
48,9508,0.0002475031825445055,8.035682827784439e-07,0.1451760416079535,0.8545756516412196,25,20,20
48,9509,0.000247435119419478,7.808110234988163e-09,0.080237171380926,0.9195153856915439,25,20,20
48,9510,0.00024741662250961035,4.721136417977584e-09,0.04875631021737231,0.9509962684389819,25,20,20
48,9511,0.03811682608586617,5.7030496110027653e-11,0.011963037500316364,0.9499201363567872,25,20,20
48,9512,0.03136416280008453,6.013416832292849e-07,0.009291284878652332,0.95934395097958,25,20,20
48,9513,8.207670242779677e-06,9.896338310264812e-07,0.04183807154060393,0.9581527311553221,25,20,20
48,9514,2.6806118196632384e-09,9.17039747816862e-09,0.04107511086428811,0.9589248772847025,25,20,20
48,9515,2.1433275507221724e-09,7.3525907978646084e-09,0.041113311528567585,0.958886678975514,25,20,20
48,9516,4.024038453740479e-09,1.6181954203074833e-06,0.08641276419168502,0.9135856135888563,25,20,20
48,9517,0.03616261257165056,8.469175117197042e-07,0.053751006579629126,0.910085533931209,25,20,20
48,9518,1.5375521609351563e-06,1.52972795494355e-05,0.11907912535303102,0.8809040398152582,25,20,20
48,9519,0.001549642964971,9.269410999191238e-07,0.08071067687643979,0.9177387532174892,25,20,20
48,9520,3.680236243578881e-08,0.00023836464990773025,0.07651704335123151,0.9232445551964982,25,20,20
48,9521,5.778831279072227e-06,1.3178398087291136e-07,0.05391395198555716,0.9460801373991826,25,20,20
48,9522,0.012982905801549472,1.3933988395692415e-05,0.029503912888266436,0.9574992473217881,25,20,20
48,9523,0.00022264566126748933,2.655267265342721e-05,0.041868752719242265,0.9578820489468366,25,20,20
48,9524,0.012281863526383035,8.246022559624049e-09,0.029055088471136956,0.9586630397564571,25,20,20
48,9525,2.7896704537942433e-05,4.9075053160077e-06,0.0416439434494366,0.9583232523407085,25,20,20
48,9526,8.845622142915966e-07,1.4612293412924965e-07,0.041967182315170125,0.9580317869996811,25,20,20
48,9527,4.97455690837371e-08,0.03157623007379784,0.00909513684694755,0.9593285833336855,25,20,20
48,9528,2.0643726076988358e-13,0.03999054665711043,0.0008575807371299495,0.9591518726055532,25,20,20
48,9529,5.05169568410615e-13,0.03976673766082288,0.0026561617654901047,0.9575771005731819,25,20,20
48,9530,1.0798880904313526e-13,0.039766737660331584,0.009086881022961252,0.9511463813165989,25,20,20
48,9531,1.1280244964618348e-08,0.031547025207632834,0.04286341645909166,0.9255895470530302,25,20,20
48,9532,1.1280245267672916e-08,0.031547025205987775,0.04359569466872627,0.9248572688450405,25,20,20
48,9533,1.1296589608699424e-08,0.031547025148449474,0.028450816926585333,0.9400021466283757,25,20,20
48,9534,9.148831914562701e-10,0.03154692463914119,0.04943895873008636,0.919014115715889,25,20,20
48,9535,3.1331187753027196e-13,0.03176789393031047,0.06694914831876825,0.9012829577506077,25,20,20
48,9536,9.684937813536792e-11,1.4527140138629866e-08,0.09874202290934285,0.9012579624666671,25,20,20
48,9537,2.4133658364288505e-07,8.4125493734288e-07,0.10542756110867073,0.8945713562998081,25,20,20
48,9538,2.4115443868221586e-07,9.916997255979937e-07,0.08788879765804156,0.9121099694877938,25,20,20
48,9539,6.172375644326804e-06,8.41176693441612e-07,0.08060125770210907,0.9193917287455525,25,20,20
48,9540,2.571363210642728e-07,3.755782023635845e-05,0.08967166301674119,0.9102905220267011,25,20,20
48,9541,3.085345362163515e-07,1.494536037282061e-06,0.08105264913621771,0.9189455477932087,25,20,20
48,9542,7.292447462175457e-08,4.549436624052672e-05,0.08096406748758789,0.9189903652216965,25,20,20
48,9543,7.2952169810773e-08,4.646915751872878e-05,0.13382030260230585,0.8661331552880054,25,20,20
48,9544,6.893323920759922e-08,8.747086279472352e-07,0.12235172444849077,0.8776473319096418,25,20,20
48,9545,6.976157701631509e-08,0.029987953816776627,0.10102510405060734,0.8689868723710387,25,20,20
48,9546,4.7946428116278124e-08,0.059835739334455684,0.10712520317459509,0.8330390095445207,25,20,20
48,9547,8.977465650315643e-08,0.023545142732530548,0.14468495581306795,0.8317698116797442,25,20,20
48,9548,4.328842839360531e-09,0.039648465488372,0.08095463770010394,0.8793968924826808,25,20,20
48,9549,3.291617325188931e-10,0.039479413892129236,0.049944113043897016,0.9105764727348118,25,20,20
48,9550,9.544535250137833e-08,0.03948015015652325,0.06048198584535176,0.9000377685527718,25,20,20
48,9551,1.0857192778626135e-06,0.0311952483273846,0.06509510962758648,0.903708556325751,25,20,20
48,9552,1.0251727928810133e-06,0.03121299490244706,0.049452065896236075,0.9193339140285235,25,20,20
48,9553,3.208021032531616e-09,0.03999992087255445,0.08178162392803508,0.878218451991389,25,20,20
48,9554,6.668102235620605e-10,0.0399998933476257,0.07959924203539465,0.880400863950169,25,20,20
48,9555,6.728096812157074e-10,0.03998824838898572,0.08073256645164943,0.8792791844865547,25,20,20
48,9556,6.502473712688745e-10,0.03998824833377156,0.08887454616624194,0.871137204849739,25,20,20
48,9557,0.00021335047189811434,0.03998791550008633,0.06517186131572349,0.8946268727122919,25,20,20
48,9558,2.095002437127984e-06,0.03998807963286495,0.06600043257123302,0.8940093927934647,25,20,20
48,9559,0.0040610515070454364,0.03947975403689813,0.06069760051755206,0.8957615939385042,25,20,20
48,9560,1.863618329946796e-09,0.03947974783265343,0.0675623182315598,0.8929579320721682,25,20,20
48,9561,1.8593413537599866e-09,0.03933181074901453,0.07897695140710458,0.881691235984539,25,20,20
48,9562,1.869553616895839e-09,0.03933181069655987,0.1253298342323484,0.8353383532015374,25,20,20
48,9563,1.6874790135700239e-06,0.03933129250252745,0.13903254872229465,0.8216344712961637,25,20,20
48,9564,0.03424498792385986,0.03933122134877839,0.08650781330491719,0.839915977422444,25,20,20
48,9565,0.033216641497189815,0.03933119466328777,0.08796658149761359,0.8394855823419083,25,20,20
48,9566,0.037187941906971174,0.039390510217003204,0.09671688272632671,0.8267046651496986,25,20,20
48,9567,8.84792035746674e-05,0.04003499456430968,0.13185700908714196,0.8280195171449733,25,20,20
48,9568,5.902626559412545e-07,0.03999973828924895,0.08884337006529006,0.871156301382805,25,20,20
48,9569,0.005661860126691368,0.0400074276000933,0.09063173022005885,0.8636989820531558,25,20,20
48,9570,4.423646065383344e-06,0.002001046412028353,0.11822055598367065,0.879773973958235,25,20,20
48,9571,3.667992290663223e-06,3.8264001840891593e-05,0.12146093851347756,0.8784971294923904,25,20,20
48,9572,3.664580001769663e-06,1.9135595822694987e-05,0.1203265575623517,0.8796506422618233,25,20,20
48,9573,8.056235562682337e-06,1.9237343165342692e-05,0.12143911756546309,0.8785335888558086,25,20,20
48,9574,8.62147008178738e-08,6.513391787717805e-07,0.13857183164659467,0.8614274307995251,25,20,20
48,9575,2.354726006907939e-07,3.635966415902984e-05,0.12158526656100614,0.8783781383022335,25,20,20
48,9576,1.0623785572667195e-07,0.039996584748202196,0.11827329205706767,0.8417300169568737,25,20,20
48,9577,1.0469396680661942e-07,0.039981522648173035,0.09572694361805498,0.8642914290398046,25,20,20
48,9578,1.0469406013513379e-07,0.03998152264813868,0.08806006606034067,0.8719583065974602,25,20,20
48,9579,0.0013492183069630475,0.039981512906813926,0.04789856950285391,0.9107706992833687,25,20,20
48,9580,4.0747120998809025e-06,0.039981437960652386,0.04805280162289824,0.9119616857043491,25,20,20
48,9581,0.001051069315651627,0.05016633834416206,0.03629742787243478,0.9124851644677513,25,20,20
48,9582,2.172842766306056e-09,0.04101609014389366,0.04761291256174552,0.9113709951215179,25,20,20
48,9583,2.1743064377811413e-09,0.001017152112342095,0.11882360992022954,0.8801592357931214,25,20,20
48,9584,6.51433239512692e-06,0.0013094498379843408,0.16493018364720946,0.8337538521824102,25,20,20
48,9585,6.513189718961838e-06,0.0012733127225348195,0.19633297855192663,0.802387195535819,25,20,20
48,9586,6.392133300491645e-06,0.00353386112604828,0.17496003331939555,0.8214997134212552,25,20,20
48,9587,1.1852194615443136e-09,0.000970277315467824,0.16949578578069208,0.8295339357186202,25,20,20
48,9588,3.1012701848063685e-09,1.6368601058511576e-05,0.17834959760888697,0.8216340306887843,25,20,20
48,9589,6.871746841362958e-08,3.461351817018956e-05,0.15944774153518507,0.8405175762291762,25,20,20
48,9590,1.0878063910180397e-06,1.9486103786944086e-05,0.1576403584013865,0.8423390676884357,25,20,20
48,9591,1.3785143010500045e-06,1.7269055741058595e-06,0.1772063375698467,0.8227905570102777,25,20,20
48,9592,4.595762796075753e-06,0.0019299444531515105,0.1757703675802141,0.8222950922038379,25,20,20
48,9593,8.808026283311905e-05,0.02378097815060067,0.20819895042670183,0.7679319911598629,25,20,20
48,9594,0.00029021733756035077,3.794690956190853e-05,0.22466891906985648,0.7750029166830201,25,20,20
48,9595,0.00010116807885890563,4.245749639613247e-05,0.21588623403162358,0.7839701403931209,25,20,20
48,9596,0.0001058617389628872,0.039539127727386686,0.19492029139573702,0.7654347191379129,25,20,20
48,9597,0.000542574236387333,0.04001393911848801,0.1899609646726931,0.7694825219724308,25,20,20
48,9598,0.03972895976478449,0.04001369137739564,0.17862689552418232,0.7416304533336371,25,20,20
48,9599,0.04756458859400717,0.03999970148427754,0.1370302477995952,0.7754054621221195,25,20,20
48,9600,0.04756344426504917,0.04000043899558395,0.12698713390806446,0.7854489828313025,25,20,20
48,9601,0.007836761058829524,0.04001800737071509,0.1718339464635557,0.7803112851068993,25,20,20
48,9602,2.873327613155526e-07,0.04002010811179976,0.1623187597091519,0.797660844846286,25,20,20
48,9603,0.03583628792934548,0.04000049917187409,0.13340190230350726,0.7907613105952725,25,20,20
48,9604,0.007739666720402169,0.03999989137817463,0.16179325701442443,0.7904671848869984,25,20,20
48,9605,0.01658327450240639,0.05000903901549801,0.14211211358946543,0.7912955728926296,25,20,20
48,9606,2.084446344471732e-05,0.001993356104012908,0.20723747617710447,0.7907483232554374,25,20,20
48,9607,0.01657894592071365,0.001943536881598643,0.19095403576697834,0.7905234814307083,25,20,20
48,9608,0.08592672556474018,7.031259738447502e-07,0.1149193868514772,0.799153184457808,25,20,20
48,9609,0.042182232342655654,9.540525927020648e-06,0.15911737438570353,0.7986908527457135,25,20,20
48,9610,0.07424719293354622,6.0794704784853065e-06,0.10375877978279581,0.8219879478131793,25,20,20
48,9611,0.07771987648260945,5.688445638914107e-07,0.12203770535329772,0.8002418493195286,25,20,20
48,9612,0.07874769945001729,6.721558788678524e-07,0.10786932428785986,0.8133823041062436,25,20,20
48,9613,0.07827994631696096,1.1355405346058236e-06,0.11788136800983423,0.8038375501326692,25,20,20
48,9614,0.048327231149084895,0.009966763260610646,0.1286197026157528,0.8130863029745516,25,20,20
48,9615,0.04183684917192609,0.00996662124021178,0.1263450053999518,0.8218515241879097,25,20,20
48,9616,0.013056354277446844,0.0023244473694192906,0.1499746263589534,0.8346445719941801,25,20,20
48,9617,0.006260407737846015,0.0023244432774772437,0.1894436172046085,0.801971531780067,25,20,20
48,9618,1.4379402989057265e-06,9.024978245387011e-05,0.20087093419568197,0.7990373780815645,25,20,20
48,9619,1.3685661917213339e-06,1.6368597940298637e-05,0.20167462543153725,0.7983076374043301,25,20,20
48,9620,0.0034273110274765555,0.0007770682860825117,0.19177275790229223,0.8040228627841485,25,20,20
48,9621,0.003204485619130885,0.016626321828151477,0.17696732668097448,0.8032018658717429,25,20,20
48,9622,0.0032039572291225203,0.0400368884848524,0.1529277273235814,0.8038314269624433,25,20,20
48,9623,0.00033356914400704514,0.039996257505827,0.12045358020272529,0.83921659314744,25,20,20
48,9624,9.930000294828348e-11,0.039995753055467195,0.11843963776989364,0.8415646090753387,25,20,20
48,9625,9.899986919750751e-11,0.03999574986679638,0.1183488712019667,0.841655378832237,25,20,20
48,9626,2.3826615451428043e-11,0.039995732289351514,0.11783053193589443,0.8421737357509272,25,20,20
48,9627,2.1144474242387944e-06,0.03999994628502312,0.11842898605300707,0.841568953214545,25,20,20
48,9628,5.308397793555456e-09,0.03997962660947068,0.1147711399566108,0.8452492281255206,25,20,20
48,9629,4.443546387973355e-08,0.03997926389762635,0.059147679600226634,0.9008730120666827,25,20,20
48,9630,3.164516195365061e-10,0.039322149352985614,0.05904186713612673,0.9016359831944356,25,20,20
48,9631,1.3063082285836474e-13,0.03932195705197448,0.05666973140974092,0.9040083115381534,25,20,20
48,9632,2.3747894910321956e-11,0.041737232197321186,0.046616298675006364,0.9116464691039243,25,20,20
48,9633,2.6827172677311193e-08,0.03962067919458554,0.040911238606624316,0.9194680553716172,25,20,20
48,9634,2.682717388208188e-08,0.03962067919512295,0.0390639233606065,0.9213153706170962,25,20,20
48,9635,0.01303900609697351,0.039321961417062457,0.09003201721210882,0.8576070152738547,25,20,20
48,9636,0.01309312017576552,0.03932521574919619,0.11153037990165916,0.8360512841733787,25,20,20
48,9637,0.013039079194264955,0.040028150557804655,0.12220866736239691,0.8247241028855327,25,20,20
48,9638,0.013039079214069209,0.04002815228855709,0.1362768893016076,0.8106558791957658,25,20,20
48,9639,0.034143191656282906,0.04006418292842212,0.13093746918748173,0.7948551562278131,25,20,20
48,9640,0.03415361959271581,0.039556018945056406,0.09087651394357911,0.835413847518648,25,20,20
48,9641,0.013151930999629946,0.039757271580593445,0.10770883939115597,0.8393819580286199,25,20,20
48,9642,0.0332005250191704,0.03976972902476511,0.10296341341881181,0.824066332537252,25,20,20
48,9643,0.03320053868365168,0.040393254099592275,0.13620059425914813,0.7902056129576074,25,20,20
48,9644,0.03559518916049251,0.04017404901286344,0.13679236452032956,0.7874383973063139,25,20,20
48,9645,0.010562404487862699,0.039988752524425505,0.11022646402245398,0.8392223789652572,25,20,20
48,9646,0.010564445005549592,0.03998881528985339,0.08356028918873643,0.8658864505158606,25,20,20
48,9647,0.010562343628038484,0.02997836123828488,0.08043282502988214,0.8790264701037945,25,20,20
48,9648,0.010554987587587921,0.02997737450659564,0.08261034191265543,0.8768572959931611,25,20,20
48,9649,0.045776354303734175,0.0020232631788410296,0.07481823850303657,0.8773821440143876,25,20,20
48,9650,0.03993116977453164,3.6616110634119586e-07,0.08129317787507714,0.8787752861892841,25,20,20
48,9651,0.003547078817609935,0.00021281650670978598,0.10941999351480344,0.8868201111608772,25,20,20
48,9652,0.003547078151638997,0.00021280988864147933,0.10336570260366575,0.892874409356054,25,20,20
48,9653,0.03256058625913866,0.03176533684070487,0.025010929774860732,0.9106631471252956,25,20,20
48,9654,0.0002254730166224011,0.029977214768471813,0.0587154017057074,0.9110819105091982,25,20,20
48,9655,3.474494531345366e-08,0.03999976119105404,0.042566312114981096,0.9174338919490194,25,20,20
48,9656,0.021107602062007395,0.04000190229910717,0.021574392552895456,0.9173161030859899,25,20,20
48,9657,0.03839767260743975,0.039999759523141123,0.040293011942405844,0.8813095559270131,25,20,20
48,9658,0.00010278885035786174,0.0020110204282429256,0.11474142054602711,0.8831447701753722,25,20,20
48,9659,0.00010278885005932861,0.0020110204271455885,0.11539070569109791,0.8824954850316971,25,20,20
48,9660,0.00010278891895721636,0.0020110337315697667,0.11486559540536755,0.8830205819441054,25,20,20
48,9661,3.2636767788866517e-06,0.0008725433385707453,0.1172603358114962,0.8818638571731539,25,20,20
48,9662,3.186990465058911e-06,3.868001686390608e-05,0.13428008193216984,0.8656780510605006,25,20,20
48,9663,3.1870017781488542e-06,0.0013793312060761229,0.14004668301760723,0.858570798774538,25,20,20
48,9664,3.3814381576828807e-06,0.0013420370853170888,0.1519477433225021,0.8467068381540226,25,20,20
48,9665,0.0006828407822310595,6.13148637841772e-05,0.11314868304783122,0.8861071613061534,25,20,20
48,9666,1.198680081631717e-09,6.484447511610308e-07,0.06424995982584725,0.9357493905307217,25,20,20
48,9667,1.0136427751116547e-10,1.2923296915969641e-08,0.07284838819015035,0.9271515987851884,25,20,20
48,9668,9.350343096767101e-11,1.3423561861120626e-08,0.07432529309658499,0.9256746933863497,25,20,20
48,9669,6.716313328223173e-12,3.807825993693954e-05,0.05833115700816666,0.9416307647251798,25,20,20
48,9670,5.991664720857464e-13,3.80782588810201e-05,0.05918506336388376,0.9407768583766359,25,20,20
48,9671,1.2535772543676978e-11,1.8986726492398145e-05,0.0929852735163966,0.9069957397445748,25,20,20
48,9672,2.6209874216987333e-12,1.887617507220391e-05,0.08786399649566384,0.912117127326643,25,20,20
48,9673,3.9526639987873205e-09,1.6880479084162685e-07,0.17472921976452063,0.8252706074780243,25,20,20
48,9674,5.416125054100653e-08,0.002308078444782481,0.1798831633759673,0.8178087040179993,25,20,20
48,9675,4.4174909809184284e-05,0.0023449516626433938,0.14823084491355593,0.8493800285139912,25,20,20
48,9676,2.9623310031248136e-06,1.6898824169205592e-05,0.10580359924987404,0.8941765395949528,25,20,20
48,9677,1.3771658133404727e-05,8.253318560695923e-07,0.10720446398096808,0.892780939029042,25,20,20
48,9678,0.00437883995514268,1.4784099866570823e-08,0.13832051431732384,0.8573006309434332,25,20,20
48,9679,0.004378934020031883,4.357639286899003e-09,0.1274213113647456,0.868199750257583,25,20,20
48,9680,9.616114116530351e-08,6.783519331699714e-07,0.12577440469684442,0.8742248207900809,25,20,20
48,9681,8.825700370737658e-06,1.3908247535389575e-08,0.1328428590151583,0.8671483013762235,25,20,20
48,9682,0.03596776929581082,1.8841623513352086e-06,0.05976309597296768,0.9042672505688698,25,20,20
48,9683,0.07365128055161692,3.8652480531420995e-08,0.022176333544525126,0.9041723472513773,25,20,20
48,9684,0.03781812589279024,1.7704261560218864e-07,0.05377940413901248,0.908402292925581,25,20,20
48,9685,0.04017277194908113,1.7644889295578396e-07,0.06517613231460409,0.8946509192874217,25,20,20
48,9686,0.040118199094713765,3.411105006683665e-09,0.07984594597876121,0.88003585151542,25,20,20
48,9687,0.03997651420054905,0.001993126659873208,0.0814687730950398,0.8765615860445373,25,20,20
48,9688,0.0364131218296915,4.880878750105627e-07,0.08489330390999913,0.8786930861724342,25,20,20
48,9689,0.035970087807002386,4.5866882943224026e-08,0.05420647416984816,0.9098233921562664,25,20,20
48,9690,0.035971058366059655,8.39563994935839e-06,0.05329375654908899,0.9107267894449016,25,20,20
48,9691,0.03596694154983576,0.0018150512512158418,0.061570731710352794,0.9006472754885952,25,20,20
48,9692,0.0012976171676246575,3.890709159280938e-06,0.09866352216728844,0.9000349699559272,25,20,20
48,9693,5.4126414435055806e-08,1.8410307808637185e-08,0.04973159912468537,0.9502683283385922,25,20,20
48,9694,3.1010350910745325e-06,1.8501616415097157e-08,0.05959215604898903,0.940404724414303,25,20,20
48,9695,0.000340896058058873,8.495914515555839e-09,0.06574264086830989,0.9339164545777165,25,20,20
48,9696,0.024845476449338894,2.6370399012521134e-08,0.03199175564887969,0.9431627415313822,25,20,20
48,9697,9.751246993908545e-13,4.055441879738795e-07,0.04060037040664817,0.9593992240481888,25,20,20
48,9698,3.724502693001887e-11,1.9014194480722634e-10,0.04017715279314182,0.9598228469794712,25,20,20
48,9699,1.8210037866797782e-09,3.507034672159792e-07,0.04097593323897905,0.9590237142365494,25,20,20
48,9700,0.0016573533583055958,1.7509182930899575e-07,0.04784489424126129,0.9504975773086035,25,20,20
48,9701,0.03842840815941179,1.2719378587121469e-08,0.011137223486365764,0.9504343556348437,25,20,20
48,9702,1.83988489271299e-09,6.308391877703147e-09,0.04139828257206231,0.9586017092796607,25,20,20
48,9703,3.527292970639555e-11,0.0025253705358642383,0.06594428885318053,0.9315303405756822,25,20,20
48,9704,3.819695554072703e-06,0.0013769750827248182,0.13615553595342159,0.8624636692682992,25,20,20
48,9705,3.7537225844884186e-06,0.03178709399349878,0.12753976492646169,0.8406693873574546,25,20,20
48,9706,6.73503473020252e-08,0.03178927180890111,0.12842301231725572,0.8397876485234955,25,20,20
48,9707,6.7367746697125e-08,0.03967721296230947,0.15475048548200704,0.8055722341879368,25,20,20
48,9708,9.467416649184324e-05,0.04027005381972522,0.13008785990800564,0.829547412105777,25,20,20
48,9709,0.003373577942331108,0.03990538151635665,0.11770821050681571,0.8390128300344963,25,20,20
48,9710,1.1746694631106125e-07,0.03975285631771878,0.1615600515751695,0.7986869746401648,25,20,20
48,9711,4.27385810927622e-06,0.052531522412046484,0.14870295734402908,0.7987612463858146,25,20,20
48,9712,1.5227090082170326e-08,0.06259378230163161,0.1380255011143504,0.7993807013569277,25,20,20
48,9713,1.2304930904632641e-08,0.07885191535099394,0.1588372301389645,0.7623108422051107,25,20,20
48,9714,9.146985723510703e-07,0.10208958621396694,0.18673751639486227,0.7111719826925974,25,20,20
48,9715,1.750921533159976e-06,0.10982221767178116,0.12231993201566617,0.7678560993910193,25,20,20
48,9716,0.039994951547859044,0.1092487790411487,0.10746850265970524,0.7432877667512863,25,20,20
48,9717,0.03999411526668537,0.0799736041872511,0.1066183004008551,0.773413980145208,25,20,20
48,9718,0.03303132278649279,0.0799736057980041,0.09611982554256632,0.7908752458729366,25,20,20
48,9719,0.0330313227865902,0.07997904153947673,0.10142641798789102,0.7855632176860416,25,20,20
48,9720,0.046450369247441003,0.042535218803061874,0.15232885625681022,0.7586855556926863,25,20,20
48,9721,0.03136517509113846,0.04000232941858478,0.17091655187493385,0.7577159436153417,25,20,20
48,9722,0.0005061063072651838,0.040054129035415116,0.23928332120173582,0.7201564434555827,25,20,20
48,9723,0.005908797209828851,0.06965193635357478,0.21942465437249734,0.7050146120640981,25,20,20
48,9724,0.005895501665668356,0.06967246582118908,0.25819114147113675,0.6662408910420048,25,20,20
48,9725,0.005879002382275742,0.04262273629373218,0.3120676323028512,0.6394306290211403,25,20,20
48,9726,9.279311472384882e-06,0.04010024515843646,0.29573734890725706,0.6641531266228335,25,20,20
48,9727,0.004547034245971716,0.060113655131785154,0.2773834269030491,0.6579558837191931,25,20,20
48,9728,0.0003381007218543403,0.06985783316679788,0.2895043099903891,0.6402997561209571,25,20,20
48,9729,0.009870779994219665,0.0791873545876022,0.26464327593625103,0.6462985894819256,25,20,20
48,9730,0.009872157897047073,0.07894156347287476,0.24801041189393985,0.6631758667361367,25,20,20
48,9731,0.009872863484336669,0.04009012188188707,0.28721169692998466,0.6628253177037904,25,20,20
48,9732,0.03867510180042663,0.0411285031860479,0.2457052021411785,0.6744911928723457,25,20,20
48,9733,0.03929437750272485,0.03917598516420333,0.26216221533925715,0.659367421993813,25,20,20
48,9734,0.08016370060851732,0.03976890154119339,0.22907686515274825,0.65099053269754,25,20,20
48,9735,0.0416053784659058,0.041800883029802754,0.2692988366821061,0.6472949018221854,25,20,20
48,9736,0.04193641870698021,0.04084865062242831,0.25692381429862693,0.6602911163719645,25,20,20
48,9737,0.07250094078245128,0.0239674910749591,0.25735243648003736,0.6461791316625519,25,20,20
48,9738,0.03642032072622389,0.06261019668678014,0.24018732189211245,0.660782160694882,25,20,20
48,9739,0.11692132109632743,0.07397494393384668,0.12916935689823983,0.6799343780715857,25,20,20
48,9740,0.04567161321838251,0.07948047903575524,0.2345050696950126,0.6403428380508496,25,20,20
48,9741,0.07866982473715824,0.0801650341050178,0.2017533294979314,0.6394118116598922,25,20,20
48,9742,0.11977725725895201,0.08007692322865494,0.16069248927837432,0.639453330234019,25,20,20
48,9743,0.07870022821680413,0.0401108261685891,0.25875874372920465,0.6224302018854022,25,20,20
48,9744,0.07088471158799836,0.039512469701296654,0.28077444277639,0.6088283759343147,25,20,20
48,9745,0.08013687105907195,0.041321357605592475,0.19846719066164714,0.6800745806736868,25,20,20
48,9746,0.056198113116549375,0.002571193881765159,0.27009613921823983,0.6711345537834461,25,20,20
48,9747,0.00017338366139687552,0.046547828696070416,0.2905905261237815,0.6626882615187502,25,20,20
48,9748,0.03596006906837377,0.03450881483704718,0.25009567796928955,0.6794354381252891,25,20,20
48,9749,0.039982298565530726,0.039827850434843895,0.22745150755172566,0.6927383434478993,25,20,20
48,9750,0.045801097888950634,0.03999161227240538,0.1943503549871244,0.7198569348515192,25,20,20
48,9751,0.011963653370244257,0.03998889081483708,0.23563731308029393,0.712410142734624,25,20,20
48,9752,0.0347806359637959,0.04002549173713977,0.21396675351473418,0.711227118784329,25,20,20
48,9753,0.00024064464198312945,0.03999842589701191,0.2864546898142245,0.6733062396467795,25,20,20
48,9754,0.016669592330778103,0.03998950697437084,0.2614453596800938,0.6818955410147567,25,20,20
48,9755,0.00125578113531728,0.03932977965511138,0.2797196752654604,0.6796947639441097,25,20,20
48,9756,0.0013114115688471167,0.04090825021457582,0.28811762157240206,0.6696627166441738,25,20,20
48,9757,0.0006343531637192061,0.022872830748579577,0.31016622666081556,0.6663265894268839,25,20,20
48,9758,0.040500853223109375,0.04317774259148051,0.278835298305401,0.6374861058800085,25,20,20
48,9759,0.0455569787251543,0.020326833794310998,0.30454099713152777,0.6295751903490057,25,20,20
48,9760,0.02333830170958164,0.02034806172603749,0.3162836019317675,0.6400300346326142,25,20,20
48,9761,0.017319820700644084,0.0558594847443933,0.2697455678564503,0.6570751266985129,25,20,20
48,9762,0.04057844683297109,0.08000594336279412,0.22671507935075877,0.6527005304534758,25,20,20
48,9763,0.040579373560215445,0.07998474725325702,0.24376726645690877,0.6356686127296189,25,20,20
48,9764,0.020670612094767265,0.07953729166207507,0.23825658657123333,0.6615355096719242,25,20,20
48,9765,0.035885223480346715,0.11910708527203463,0.13796820074190733,0.7070394905057111,25,20,20
48,9766,0.07214895570916458,0.08112247921181263,0.16447031439365414,0.6822582506853668,25,20,20
48,9767,0.06701120959179561,0.09619168683780192,0.15441628217735012,0.6823808213930513,25,20,20
48,9768,0.10235599691463712,0.11153387968228336,0.06693761335288212,0.7191725100501968,25,20,20
48,9769,0.07847525070785587,0.11191686463789022,0.09092272117032182,0.7186851634839313,25,20,20
48,9770,0.0705961322218069,0.11116745335917046,0.09877841088735925,0.719458003531663,25,20,20
48,9771,0.06575107279934705,0.0792460600550446,0.13583425930211196,0.7191686078434961,25,20,20
48,9772,0.06575377917192154,0.07973894827741795,0.11672179064739209,0.7377854819032683,25,20,20
48,9773,0.049863427452542186,0.08000849818857247,0.17019031939006993,0.6999377549688154,25,20,20
48,9774,0.04537619771152264,0.07877491749467155,0.14023927721592583,0.7356096075778783,25,20,20
48,9775,0.037182380236019906,0.07866275176252442,0.14796493996539586,0.7361899280360586,25,20,20
48,9776,0.05068179944445332,0.07998764070475821,0.13342402014807575,0.7359065397027119,25,20,20
48,9777,0.019823533723334993,0.07980520630642772,0.18304076810611358,0.7173304918641229,25,20,20
48,9778,0.010443275029023204,0.023142046791064807,0.19127879462049324,0.7751358835594186,25,20,20
48,9779,0.010787336165157473,0.04028002623755667,0.15017224439972376,0.7987603931975613,25,20,20
48,9780,0.0004907455999223559,0.029975997719499756,0.13908618725808763,0.8304470694224898,25,20,20
48,9781,0.0004898203399165204,0.03997934898476865,0.09101434774547203,0.8685164829298422,25,20,20
48,9782,1.2010745246375795e-10,0.03998837072297479,0.12149164866813159,0.8385199804887854,25,20,20
48,9783,8.416645557949461e-08,0.03997942438072307,0.12242274487214128,0.83759774658068,25,20,20
48,9784,0.00015858674233359488,0.03998234882652225,0.14602269689345407,0.8138363675376897,25,20,20
48,9785,3.210427561401348e-05,0.04259704405952602,0.12802108212978897,0.8293497695350709,25,20,20
48,9786,0.028662539439484203,0.042597097098341766,0.1080244577874543,0.8207159056747197,25,20,20
48,9787,0.028662664715128686,0.08031611590539292,0.11050999567007448,0.7805112237094032,25,20,20
48,9788,0.028662603083975804,0.07965117122871221,0.1189474155038971,0.7727388101834144,25,20,20
48,9789,3.6543822351533673e-06,0.06222199586370334,0.13831320618122514,0.7994611435728358,25,20,20
48,9790,4.902929308204756e-06,0.07932847849435826,0.12080064938656447,0.7998659691897686,25,20,20
48,9791,1.4857182584581468e-06,0.08001599841340713,0.1203043776730143,0.7996781381953197,25,20,20
48,9792,6.166256093010598e-10,0.08001607949744866,0.12885701499197635,0.7911269048939488,25,20,20
48,9793,6.0813123133996816e-05,0.07933014974517631,0.13831554232963814,0.7822934948020511,25,20,20
48,9794,1.7397638181949286e-07,0.11311722263664097,0.09582524732089359,0.7910573560660832,25,20,20
48,9795,0.03721705598621511,0.11167664041300435,0.06131998764924956,0.7897863159515307,25,20,20
48,9796,0.005481047355773415,0.082555681769994,0.19788896878962742,0.7140743020846044,25,20,20
48,9797,0.0054810473843060524,0.08256086267660866,0.19147374972289563,0.7204843402161896,25,20,20
48,9798,0.04000582196687308,0.07947155536892819,0.16163272782149207,0.7188898948427059,25,20,20
48,9799,0.038253278722311594,0.11946667780747251,0.12163621349061093,0.7206438299796041,25,20,20
48,9800,0.008596631522658958,0.11935502065461724,0.15109602973114916,0.7209523180915745,25,20,20
48,9801,0.00595551287533365,0.11797749456617376,0.17116615588036502,0.7049008366781265,25,20,20
48,9802,0.0059555128749372065,0.10030218888429811,0.18752563962897834,0.7062166586117858,25,20,20
48,9803,0.00892539060450957,0.11946692085504564,0.1663089734668584,0.7052987150735859,25,20,20
48,9804,4.704876639703682e-06,0.1208610983092424,0.17572590871715113,0.7034082880969663,25,20,20
48,9805,4.704816869452016e-06,0.12086109810845456,0.13591093052770176,0.7432232665469737,25,20,20
48,9806,4.63385635762065e-06,0.12085853894038706,0.12849692519585312,0.7506399020074008,25,20,20
48,9807,1.7323675103286615e-05,0.11267420320622773,0.13682068344991352,0.7504877896687542,25,20,20
48,9808,7.28019690293346e-07,0.09287002960848532,0.15652610997093602,0.7506031324008879,25,20,20
48,9809,0.005327672627197905,0.06285453357267264,0.1733594450654515,0.758458348734677,25,20,20
48,9810,0.005208183250814818,0.06288277534091533,0.2499831505457789,0.6819258908624893,25,20,20
48,9811,0.006882914479801847,0.06218689926410802,0.2574699207686798,0.6734602654874091,25,20,20
48,9812,0.013209947961732138,0.06285063674878416,0.24092771577621122,0.6830116995132716,25,20,20
48,9813,0.0023935696784741396,0.0657594385218196,0.25305982295732293,0.6787871688423831,25,20,20
48,9814,6.838858875499783e-06,0.08203133055089765,0.2388662572082937,0.6790955733819323,25,20,20
48,9815,0.00017999567699427055,0.07020405287134786,0.2500886630341817,0.6795272884174747,25,20,20
48,9816,0.005606657181868595,0.09583594188901394,0.2185418324164581,0.6800155685126584,25,20,20
48,9817,0.0072871447336635585,0.08144617277437231,0.22959382227600178,0.6816728602159614,25,20,20
48,9818,0.04541550594800193,0.07945587825034985,0.19162851285155422,0.6835001029500937,25,20,20
48,9819,0.03754845099816063,0.07997155098300036,0.198512386473985,0.6839676115448532,25,20,20
48,9820,0.03571438967043979,0.07001910867909722,0.23881461775488083,0.6554518838955816,25,20,20
48,9821,0.03978381411992791,0.04202709578621204,0.2795186017958455,0.6386704882980131,25,20,20
48,9822,0.06948401321335541,0.04205655176294819,0.20866105769966206,0.6797983773240341,25,20,20
48,9823,0.039888130405721894,0.07979439896621089,0.20083164356675431,0.679485827061312,25,20,20
48,9824,0.0081521362415598,0.05291613588145646,0.2599347454145787,0.6789969824624031,25,20,20
48,9825,0.004060446607313555,0.05300990037069338,0.2636353479176989,0.6792943051042929,25,20,20
48,9826,0.006185587550573408,0.052796919481249906,0.26718121953706336,0.6738362734311122,25,20,20
48,9827,0.00031240517191280157,0.04066458256204279,0.2792815255363678,0.679741486729676,25,20,20
48,9828,0.008069817520899723,0.02288962485074706,0.3262665297926031,0.6427740278357493,25,20,20
48,9829,0.008075939009701476,0.019975122713909117,0.32956155783184327,0.6423873804445449,25,20,20
48,9830,0.008082872981590035,0.031766040656501154,0.3204925028499608,0.6396585835119462,25,20,20
48,9831,0.0864612821810931,0.04000781647968897,0.2610346884856805,0.6124962128535372,25,20,20
48,9832,0.07944064683695988,0.04044600458352719,0.24928486153570625,0.6308284870438043,25,20,20
48,9833,0.0758698083082471,0.04044845515852504,0.24446854696523895,0.6392131895679868,25,20,20
48,9834,0.03623499652825637,0.02228442780910199,0.30169459728040926,0.6397859783822314,25,20,20
48,9835,0.06346696573154122,0.04021276496070133,0.27461995485398427,0.6217003144537729,25,20,20
48,9836,0.07557716428468433,0.040664820331315965,0.25396431387315455,0.6297937015108436,25,20,20
48,9837,0.07815036582505336,0.03999167410923571,0.24157982251256857,0.6402781375531417,25,20,20
48,9838,0.05128308907255383,0.04000215707806316,0.2681960463092927,0.6405187075400893,25,20,20
48,9839,0.04919935549971791,0.039780735958044856,0.2696545545202016,0.6413653540220332,25,20,20
48,9840,0.0006406548991552636,0.06656239406288933,0.29397135589762885,0.6388255951403263,25,20,20
48,9841,0.009260251419688092,0.06253571212281854,0.297587288344385,0.6306167481131074,25,20,20
48,9842,0.002095897902224362,0.06204768270129851,0.2968290415762359,0.6390273778202402,25,20,20
48,9843,0.07775856576064678,0.07931126777504159,0.20172008457664523,0.6412100818876659,25,20,20
48,9844,0.1278976791190109,0.07948136649085033,0.15309993545818446,0.6395210189319538,25,20,20
48,9845,0.07681123489478885,0.08013085170410181,0.18457677123691016,0.6584811421641976,25,20,20
48,9846,0.04576421451776452,0.08091240979295229,0.20181922088810986,0.6715041548011723,25,20,20
48,9847,0.04572168207101687,0.0800337725876284,0.2045863921540321,0.6696581531873221,25,20,20
48,9848,0.06456435907184953,0.0793677005287182,0.18756976360881963,0.6684981767906122,25,20,20
48,9849,0.0369616544718657,0.07919871713998396,0.20481206384982034,0.6790275645383289,25,20,20
48,9850,0.00016814008258675853,0.07936675676252163,0.20942333398982071,0.711041769165069,25,20,20
48,9851,2.504462134071909e-06,0.06288163573203163,0.2274807518100657,0.7096351079957676,25,20,20
48,9852,0.028105275257026302,0.06755631939676476,0.2145481310792443,0.6897902742669645,25,20,20
48,9853,0.02821545964587946,0.0807432798757892,0.15099446693781077,0.74004679354052,25,20,20
48,9854,0.028215431668951532,0.07915079340470425,0.17199002090532123,0.720643754021022,25,20,20
48,9855,0.028097158164052498,0.07915397298624659,0.17919534016294011,0.7135535286867595,25,20,20
48,9856,0.00017808269551020033,0.07159775492938021,0.2092037897276671,0.7190203726474417,25,20,20
48,9857,0.047797888215939416,0.07157775614270649,0.16044800997635048,0.7201763456650033,25,20,20
48,9858,0.04032992129538544,0.07176830167990687,0.19705875445260543,0.6908430225721015,25,20,20
48,9859,0.007694114320244058,0.054603749273833824,0.23843126289985267,0.6992708735060695,25,20,20
48,9860,0.007694114111585715,0.04566990001910863,0.2280382819160473,0.7185977039532587,25,20,20
48,9861,0.007953957544562662,0.07521346250081318,0.23758511896519405,0.6792474609894306,25,20,20
48,9862,0.04634849015751571,0.06933621811888441,0.24215627878936452,0.6421590129342348,25,20,20
48,9863,0.04043294325354339,0.07933161635413376,0.23936436047204904,0.6408710799202734,25,20,20
48,9864,0.07260112278021863,0.07879997721143672,0.18730771056433337,0.6612911894440109,25,20,20
48,9865,0.06994371742735432,0.041752185460282816,0.2653891099715133,0.6229149871408479,25,20,20
48,9866,0.0738266152621325,0.04000020896764956,0.2547572488712089,0.6314159268990082,25,20,20
48,9867,0.08684670761389837,0.040000952775439205,0.22389107917545922,0.6492612604352023,25,20,20
48,9868,0.0507825493247836,0.03176948112805197,0.2607936527582502,0.6566543167889131,25,20,20
48,9869,0.05150980645156124,0.07900500126121304,0.19724821823434457,0.6722369740528797,25,20,20
48,9870,0.016581843608890468,0.07174795068158049,0.20410255081074127,0.7075676548987867,25,20,20
48,9871,0.04755562625830752,0.07997375101211184,0.15770157375170574,0.7147690489778751,25,20,20
48,9872,0.03629787491867737,0.07814556390745396,0.1651450897472756,0.7204114714265922,25,20,20
48,9873,0.04776107303607479,0.07934165690171135,0.19060292057513667,0.6822943494870769,25,20,20
48,9874,0.03644976761570897,0.08000195554793235,0.19877576262593702,0.684772514210421,25,20,20
48,9875,0.03645193135655967,0.06031659757334648,0.22232825586577132,0.6809032152043214,25,20,20
48,9876,0.06863690359920754,0.07371486317749787,0.17757720093028392,0.6800710322930101,25,20,20
48,9877,0.06829586627587797,0.0521237386976997,0.1778917607412797,0.701688634285142,25,20,20
48,9878,0.07594053206668414,0.061749795536421216,0.1434057656685005,0.7189039067283934,25,20,20
48,9879,0.036585759422209006,0.0712429660339175,0.21552953902056468,0.6766417355233081,25,20,20
48,9880,0.03627333271847589,0.07130827196364385,0.2073597176585612,0.685058677659319,25,20,20
48,9881,0.03627618771472836,0.05978299505423364,0.22766708814466952,0.676273729086369,25,20,20
48,9882,0.04911206411878429,0.07997335326011586,0.15437657068765887,0.7165380119334399,25,20,20
48,9883,0.05262878303640393,0.0793602065837026,0.13468282586069433,0.733328184519198,25,20,20
48,9884,0.06922564269977081,0.07980723019056478,0.10045496516925874,0.7505121619404052,25,20,20
48,9885,0.06284105866009373,0.0712476597458211,0.11469499682062326,0.7512162847734614,25,20,20
48,9886,0.01232035417557018,0.09215200506364964,0.11816102676899198,0.7773666139917873,25,20,20
48,9887,0.03431991991011716,0.07532990712121979,0.13794173025667797,0.7524084427119854,25,20,20
48,9888,0.0005193574765081316,0.06397552378118894,0.1870170799697013,0.7484880387726007,25,20,20
48,9889,9.11068986910242e-05,0.11100807615694175,0.1307972799350347,0.7581035370093321,25,20,20
48,9890,0.007368413698543471,0.11132037603697591,0.14673307349506232,0.734578136769418,25,20,20
48,9891,0.0072720317163153525,0.11975602870758212,0.13880601333015352,0.7341659262459486,25,20,20
48,9892,0.0072704294370016355,0.10262800678446864,0.17686398322121488,0.7132375805573138,25,20,20
48,9893,0.004379345834990124,0.08003680595837778,0.20226800878095286,0.7133158394256786,25,20,20
48,9894,0.032440292896858784,0.08013217682820169,0.13687989581614693,0.7505476344587929,25,20,20
48,9895,0.003741377661469597,0.040702349399856244,0.2425859626824043,0.7129703102562681,25,20,20
48,9896,0.006739851816039587,0.039991781033603624,0.271218427883293,0.6820499392670624,25,20,20
48,9897,0.04341736836325614,0.03999830486622745,0.232674103508147,0.6839102232623679,25,20,20
48,9898,0.07251316343000065,0.040028932919849,0.18709261805447291,0.7003652855956762,25,20,20
48,9899,0.037211153452660656,0.04004631718633154,0.209312194993456,0.7134303343675502,25,20,20
48,9900,0.03732827613079721,0.03936965455945728,0.24793348258121273,0.6753685867285312,25,20,20
48,9901,0.037343947013715725,0.040041741471857246,0.2608364522132489,0.6617778593011764,25,20,20
48,9902,0.013108655984896881,0.04005378210135152,0.26468121860836374,0.6821563433053867,25,20,20
48,9903,0.02258146376472235,0.0393501407166679,0.26019233433432565,0.677876061184283,25,20,20
48,9904,0.022912791624736008,0.0024526800130156593,0.26436132450786765,0.7102732038543803,25,20,20
48,9905,0.010065462620355231,0.002638712905623877,0.3171353683331117,0.6701604561409086,25,20,20
48,9906,9.59743699625945e-05,0.003927217905489482,0.29472757600195226,0.7012492317225952,25,20,20
48,9907,0.00019522280553182182,0.0012866347087190227,0.280063746064789,0.71845439642096,25,20,20
48,9908,0.00017912982592504582,2.4085702019889798e-05,0.30041023944194695,0.6993865450301072,25,20,20
48,9909,6.299054943109654e-05,0.0010121720782197321,0.2856928312988829,0.7132320060734648,25,20,20
48,9910,5.9401367041155976e-05,0.0009754755351769408,0.316679051569457,0.6822860715283241,25,20,20
48,9911,6.238697628230231e-05,0.00016485537424690736,0.33278613414912855,0.6669866235003417,25,20,20
48,9912,0.03765381530490417,9.305437045941746e-05,0.33508410511751086,0.6271690252071248,25,20,20
48,9913,0.04009830615574225,4.833647505705818e-05,0.29504678003135504,0.6648065773378445,25,20,20
48,9914,0.018362063977549227,0.011612962320115288,0.30560444266041786,0.6644205310419176,25,20,20
48,9915,0.03448317436695413,0.010965031694239478,0.2438303013865303,0.7107214925522755,25,20,20
48,9916,0.0396786217633846,5.904608288423489e-05,0.24841583564958863,0.7118464965041424,25,20,20
48,9917,0.0007048256805161789,0.0027195158154381615,0.27349818538278003,0.7230774731212635,25,20,20
48,9918,0.0006120641255875462,0.025329287151883328,0.25391475331303165,0.7201438954094957,25,20,20
48,9919,0.0005412163308649116,0.024625365193899088,0.25381863076621214,0.721014787709022,25,20,20
48,9920,0.002877361537843188,0.024625307062419166,0.2420646444822836,0.7304326869174537,25,20,20
48,9921,0.0019093403213250619,0.029975136480284034,0.2552956458166712,0.7128198773817189,25,20,20
48,9922,0.0021177545315869354,0.03998385701269811,0.24350052207480363,0.7143978663809111,25,20,20
48,9923,0.007283502692272489,0.040315206190725705,0.2402549142605707,0.7121463768564298,25,20,20
48,9924,0.0020668736041639445,0.03997900258014847,0.24708930826995665,0.7108648155457294,25,20,20
48,9925,0.09355530143327988,0.039332880213390965,0.19120619305286118,0.6759056253004673,25,20,20
48,9926,0.06664413303398399,0.04000642511060335,0.22404426444844294,0.6693051774069687,25,20,20
48,9927,0.05142728652958718,0.022854966543848453,0.2136966781655483,0.7120210687610158,25,20,20
48,9928,0.0530193452615385,0.002596622726536218,0.22424985351711502,0.7201341784948095,25,20,20
48,9929,0.00029241636298491815,0.0025940363160752815,0.3093924477553359,0.6877210995656025,25,20,20
48,9930,0.005508378878401261,9.982247552204487e-05,0.27534325606569526,0.71904854258038,25,20,20
48,9931,0.00029156952346023283,4.28283406501721e-05,0.2781963935356787,0.72146920860021,25,20,20
48,9932,0.00042383643193361477,2.0799392222765776e-05,0.23961138343711424,0.7599439807387287,25,20,20
48,9933,0.0006610120806236154,2.811390403588752e-07,0.23984944014122941,0.7594892666391051,25,20,20
48,9934,1.4160712276895427e-07,1.4562107666601858e-08,0.20720328744539707,0.7927965563853715,25,20,20
48,9935,0.000382709472086072,0.0002239689818168205,0.1967378390006867,0.8026554825454102,25,20,20
48,9936,7.673973945660399e-05,0.00022452029937246605,0.23521115088489356,0.7644875890762772,25,20,20
48,9937,0.00461009294069304,2.6130020715244745e-08,0.2704729083699792,0.7249169725593047,25,20,20
48,9938,0.0037034848917042846,4.721784491058915e-06,0.2406196644291505,0.7556721288946535,25,20,20
48,9939,0.00012545654381278465,5.578807607194074e-06,0.19230064789511256,0.8075683167534662,25,20,20
48,9940,5.445044199035836e-06,1.6598310252573184e-07,0.16887098282774982,0.8311234061449477,25,20,20
48,9941,5.445314447278138e-06,2.990110530884106e-09,0.1291754486703454,0.8708191030250967,25,20,20
48,9942,0.006507185462795221,1.1141920397901582e-07,0.08987160015082488,0.9036211029671753,25,20,20
48,9943,0.004181635976728998,3.041907611962747e-09,0.09649899619562152,0.8993193647857416,25,20,20
48,9944,0.004181636727836607,5.600668624204719e-09,0.11374651028437949,0.8820718473871153,25,20,20
48,9945,0.004181636727471016,4.793131648284963e-09,0.13120135343829822,0.864617005041099,25,20,20
48,9946,5.317457128763269e-07,1.6207957857381365e-08,0.13250622173830578,0.8674932303080232,25,20,20
48,9947,5.273202055617727e-07,2.936075196388157e-08,0.12244649224225973,0.8775529510767828,25,20,20
48,9948,5.273202173193556e-07,2.936350101373177e-08,0.13134029196353175,0.8686591513527498,25,20,20
48,9949,7.840763434915102e-11,1.5495718888238276e-08,0.15160635120117477,0.8483936332246987,25,20,20
48,9950,1.9231277809688277e-10,0.0013427315688605312,0.12796587465743264,0.8706913935813931,25,20,20
48,9951,4.583221064624996e-06,7.968281618135868e-07,0.14313456300692845,0.8568600569438449,25,20,20
48,9952,4.3225995217571696e-08,9.031648958398433e-07,0.10708173036753056,0.892917323241578,25,20,20
48,9953,0.035827088790163025,1.6372908069742354e-05,0.04537306581563182,0.9187834724861349,25,20,20
48,9954,0.038437339393917365,1.6372767565008354e-05,0.041708010259395675,0.9198382775791216,25,20,20
48,9955,0.038587958735860475,4.8270312273869005e-05,0.0420163627111462,0.9193474082407194,25,20,20
48,9956,3.0104494690837015e-14,7.28334923925438e-05,0.09717100153742196,0.9027561649701547,25,20,20
48,9957,2.981388649943679e-14,2.4575781725024527e-05,0.100652850219896,0.8993225739983487,25,20,20
48,9958,3.50905551351793e-13,2.4570793568727072e-05,0.08774815344336184,0.9122272757627183,25,20,20
48,9959,2.5280981090256906e-08,2.477688761016717e-07,0.10033716805996215,0.8996625588901804,25,20,20
48,9960,0.0003489875294651959,1.1070370393539295e-06,0.06109148852165396,0.9385584169118409,25,20,20
48,9961,4.449088270988615e-09,1.5806846957343285e-06,0.06168449615303038,0.9383139187131855,25,20,20
48,9962,1.2082581124808685e-07,1.6714187400262895e-08,0.05111491646802959,0.9488849459919717,25,20,20
48,9963,1.2082580273155774e-07,1.445675315019114e-08,0.039495041647487655,0.9605048230699564,25,20,20
48,9964,1.2049321614879702e-07,1.4401678119974705e-08,0.05781039566253261,0.942189469442573,25,20,20
48,9965,1.204931254224335e-07,1.4403478318175871e-08,0.06402516112248326,0.9359747039809126,25,20,20
48,9966,2.9777395115864265e-06,0.02413790201494695,0.027546477561140908,0.9483126426844004,25,20,20
48,9967,2.3423282410985356e-13,1.888301017085038e-05,0.060147423044328026,0.939833693945267,25,20,20
48,9968,1.67611142566002e-11,1.9181501241808082e-07,0.042249125962054684,0.9577506822061714,25,20,20
48,9969,1.6834138062566083e-11,1.917025607378653e-07,0.04054479492045432,0.9594550133601508,25,20,20
48,9970,1.6833958025937814e-11,1.9176056395596694e-07,0.041556621096532805,0.9584431871260689,25,20,20
48,9971,1.0827330403943919e-14,1.1439260440122446e-10,0.001277444749723648,0.9987225551358729,25,20,20
48,9972,1.63312794562103e-11,5.7247851718740824e-11,0.00958308332741084,0.9904169165990102,25,20,20
48,9973,1.095204382580864e-13,2.0272369162093477e-09,0.016434709316676684,0.9835652886559771,25,20,20
48,9974,1.1216232199725012e-13,7.210482295651433e-09,0.038711986363438096,0.9612880064259671,25,20,20
48,9975,4.7040586481193466e-11,5.766841058243618e-11,0.048769768812689046,0.9512302310826017,25,20,20
48,9976,0.008475015093143006,3.083908869336554e-07,0.03972843440049961,0.9517962421154701,25,20,20
48,9977,0.008475015076826431,3.08391183644506e-07,0.032413530716259784,0.9591111458157299,25,20,20
48,9978,0.00847501507690573,3.0854570907440765e-07,0.108929795927997,0.8825948804493882,25,20,20
48,9979,0.033973400785241865,4.169635392955015e-05,0.06470155617172699,0.9012833466891012,25,20,20
48,9980,0.033973419295898116,3.6654689014962325e-05,0.045576811563977374,0.9204131144511096,25,20,20
48,9981,1.2327586082903227e-06,1.6269103631790866e-10,0.0859362364769641,0.9140625306017361,25,20,20
48,9982,5.504173613772704e-07,2.591696226235097e-07,0.08619846118109488,0.9138007292319211,25,20,20
48,9983,0.00010724467717337467,4.881508343689552e-06,0.08617114415341078,0.913716729661072,25,20,20
48,9984,2.139426850726294e-06,1.9752478067756877e-05,0.07727848953249421,0.9226996185625873,25,20,20
48,9985,2.4064150524297646e-09,7.037124575644114e-07,0.07751900481662209,0.9224802890645054,25,20,20
48,9986,2.4786467445673103e-09,7.039654010776184e-07,0.09627516115900905,0.9037241323969427,25,20,20
48,9987,2.4371464166109927e-07,6.283106281715016e-07,0.12111449245868633,0.8788846355160433,25,20,20
48,9988,6.603128159430945e-05,4.585806490305984e-06,0.10677414643517244,0.8931552364767421,25,20,20
48,9989,6.578917662451921e-05,0.0008194255490391918,0.13873941467361053,0.8603753706007257,25,20,20
48,9990,6.591588272900726e-05,5.199960156038726e-05,0.13962426495074362,0.8602578195649664,25,20,20
48,9991,6.632574136088041e-05,5.801814174798139e-05,0.13942371107965856,0.8604519450372322,25,20,20
48,9992,1.9988096676512478e-07,6.602912757764059e-07,0.12115194403422397,0.8788471957935329,25,20,20
48,9993,1.85075227642681e-06,1.1516607019848857e-07,0.13975606000584684,0.8602419740758057,25,20,20
48,9994,0.005582587605859263,3.6436112083194723e-05,0.13423044470867448,0.8601505315733823,25,20,20
48,9995,0.005894034564704728,1.1015234232819328e-07,0.13218187427947,0.8619239810034821,25,20,20
48,9996,0.005582754966547877,9.083741679973358e-07,0.1530192824917024,0.8413970541675809,25,20,20
48,9997,0.005582763449687384,8.378621593739028e-07,0.12228791213522303,0.8721284865529297,25,20,20
48,9998,0.0055827634875092805,8.494438103253733e-07,0.12245565621114951,0.8719607308575307,25,20,20
48,9999,0.00558252343310493,1.7085804951038792e-06,0.15000158901337246,0.8444141789730266,25,20,20
48,10000,0.005583062448267761,1.8698652528984125e-06,0.16164531806746862,0.8327697496190101,25,20,20
