run,generation,degenerate,holistic,other,compositional,popsize,turnover_rounds,group_rounds
47,0,0.9987713554999793,1.4267839920713722e-08,0.0012266915175253483,1.938714656782331e-06,25,30,20
47,1,0.7682139375681263,0.00031618900803264115,0.21587803489275173,0.015591838531089428,25,30,20
47,2,0.7601425289290635,0.000495576303416384,0.23203122997849446,0.00733066478902507,25,30,20
47,3,0.6757048955272551,7.585756673156112e-07,0.2962717056756973,0.028022640221381002,25,30,20
47,4,0.6216390494989436,3.1419094326250646e-05,0.35037238172090374,0.02795714968582717,25,30,20
47,5,0.607069355946288,5.204365049453931e-05,0.36467443124515453,0.028204169158063643,25,30,20
47,6,0.5619921129701811,8.764369978501199e-05,0.4378419688674823,7.827446255458673e-05,25,30,20
47,7,0.5981785248932526,5.03059742679487e-06,0.39861572708033566,0.003200717428983337,25,30,20
47,8,0.6140893379368068,2.068554607011667e-05,0.3826865728998794,0.0032034036172431325,25,30,20
47,9,0.5578525522634847,1.7438927535291135e-05,0.390605061347529,0.0515249474614507,25,30,20
47,10,0.6188890456893659,0.04126017401081971,0.32722614020963187,0.012624640090182817,25,30,20
47,11,0.663200000384886,0.04128409860002586,0.28439855945414566,0.01111734156094296,25,30,20
47,12,0.631630703420138,0.041616313070513895,0.3243699150098282,0.002383068499519689,25,30,20
47,13,0.6407175374809482,0.021707364795566945,0.33590676194232844,0.0016683357811555367,25,30,20
47,14,0.6777282638826654,0.021353527727605955,0.3007230094020685,0.00019519898766162083,25,30,20
47,15,0.5389650405689542,0.10012373131887312,0.36072337108834673,0.00018785702382555092,25,30,20
47,16,0.5307644860860666,0.061303898352110996,0.40783417110048076,9.744446134307801e-05,25,30,20
47,17,0.5885049870244362,0.06131077706546521,0.35005592746798236,0.00012830844211533397,25,30,20
47,18,0.4911055649997914,0.06137283644662299,0.44741639469573036,0.00010520385785657038,25,30,20
47,19,0.4395743051869261,0.12974601496784474,0.43057423620383406,0.00010544364139496473,25,30,20
47,20,0.5769812534908779,0.0621892333707704,0.36056712593315265,0.0002623872051955328,25,30,20
47,21,0.6176036926542767,0.1015249554335375,0.28009180888271473,0.000779543029470012,25,30,20
47,22,0.5457765116035556,0.14109829278064578,0.3123087813577113,0.0008164142580866884,25,30,20
47,23,0.5294005210029978,0.10124833958412362,0.36923212312390363,0.0001190162889755366,25,30,20
47,24,0.613780822507066,0.061315865053909,0.32478423744307894,0.00011907499594618582,25,30,20
47,25,0.5993238193957131,0.061376834520054706,0.3065831444542622,0.03271620162997048,25,30,20
47,26,0.565302799637983,0.10123143440626435,0.29927909089895555,0.0341866750567981,25,30,20
47,27,0.5531365619530448,0.13877902662477462,0.27389397579002694,0.03419043563215628,25,30,20
47,28,0.5270456309220641,0.06133396108103175,0.37970144824856567,0.031918959748337715,25,30,20
47,29,0.6302242701611098,0.06133122818406931,0.27652382209773985,0.03192067955708131,25,30,20
47,30,0.6603301733406672,0.061311683010935925,0.2463644777432412,0.03199366590515695,25,30,20
47,31,0.6676805205520178,0.06131101799892937,0.19906416179730418,0.0719442996517496,25,30,20
47,32,0.6160159226652185,0.06131144834427324,0.2906808538954564,0.031991775095053396,25,30,20
47,33,0.5277364569637133,0.10125431108632023,0.3390170128378851,0.03199221911208452,25,30,20
47,34,0.5626263832147873,0.10125414675592989,0.28208649238144434,0.05403297764783892,25,30,20
47,35,0.6174494433480769,0.061310240353351746,0.26965750497273716,0.051582811325834574,25,30,20
47,36,0.5323018312421703,0.061358155284108824,0.3485939116686796,0.05774610180504161,25,30,20
47,37,0.4917589023560312,0.061393737165096336,0.349157693931855,0.09768966654702003,25,30,20
47,38,0.5366715651451394,0.10466684431893214,0.3185738274685468,0.04008776306738296,25,30,20
47,39,0.5647559601517472,0.10466797880305428,0.29044707104326106,0.04012899000193799,25,30,20
47,40,0.5957136916271323,0.10474281187137244,0.259195615518481,0.040347880983014985,25,30,20
47,41,0.5672266910491413,0.14321125626454395,0.24951013968000804,0.040051913006306936,25,30,20
47,42,0.6160292080876972,0.10474105147417982,0.23917764299717664,0.040052097440946906,25,30,20
47,43,0.5699112247360544,0.10474854252240476,0.2852837475087105,0.04005648523283067,25,30,20
47,44,0.5294693185188458,0.1047501468041033,0.325708633287675,0.0400719013893762,25,30,20
47,45,0.5656255925223058,0.10535227399273688,0.28897291069844866,0.04004922278650819,25,30,20
47,46,0.5662607115298727,0.10535284178049797,0.2883383606716156,0.04004808601801316,25,30,20
47,47,0.5149127200864976,0.10535268777514376,0.3396800211206015,0.04005457101775575,25,30,20
47,48,0.4858918226573664,0.10591154520623285,0.3681408560490489,0.0400557760873509,25,30,20
47,49,0.4865854606125381,0.14530362343844963,0.3280616885141695,0.04004922743484195,25,30,20
47,50,0.5190723529379206,0.1453033868727309,0.2955623342047393,0.04006192598460794,25,30,20
47,51,0.46948852639005234,0.11515182204615124,0.3752332519038497,0.04012639965994647,25,30,20
47,52,0.5139205190093546,0.10545650058252835,0.34049702602940507,0.040125954378710665,25,30,20
47,53,0.53687780048403,0.10545644914696153,0.31753994644730127,0.04012580392170596,25,30,20
47,54,0.5027587344061244,0.10546682196737046,0.35164861332272673,0.040125830303776464,25,30,20
47,55,0.5002122053150682,0.10545686239020347,0.35420452514697537,0.04012640714775061,25,30,20
47,56,0.46301116538427634,0.1594907210920276,0.33737257691777883,0.04012553660591567,25,30,20
47,57,0.46303334577467004,0.12143610636067717,0.37540489641153374,0.04012565145311673,25,30,20
47,58,0.4938783125637968,0.12143610943496405,0.3445691688778199,0.040116409123418156,25,30,20
47,59,0.4647993595660656,0.12143745584830182,0.3344802532035164,0.07928293138211566,25,30,20
47,60,0.4612130894947611,0.11988229369091734,0.2996646579077275,0.11923995890659195,25,30,20
47,61,0.5002902726240918,0.11988229532470097,0.2997521812587722,0.08007525079243331,25,30,20
47,62,0.5034264144754257,0.1198822915364184,0.3365812216226704,0.040110072365483716,25,30,20
47,63,0.5459287662070731,0.11988264970228175,0.2941571484285215,0.040031435662121966,25,30,20
47,64,0.5459197756643005,0.11988264970233528,0.2941615906672287,0.04003598396613382,25,30,20
47,65,0.5088786119434543,0.11988299282173755,0.32540594679865736,0.0458324484361487,25,30,20
47,66,0.475769069118048,0.11988125208307934,0.358509581741743,0.045840097057128465,25,30,20
47,67,0.5107087893107193,0.11988090887370151,0.32942559421130296,0.039984707604274534,25,30,20
47,68,0.5107144132233703,0.11988090887551904,0.32942117293702516,0.03998350496408394,25,30,20
47,69,0.4778997927186986,0.11988095284042269,0.3622297799150829,0.039989474525793406,25,30,20
47,70,0.4736605324049377,0.1198809566913227,0.3664965847129345,0.03996192619080294,25,30,20
47,71,0.4734834603234419,0.11988056707173209,0.3666757352449991,0.039960237359824055,25,30,20
47,72,0.4726620272546916,0.11988057179446544,0.36749518361241923,0.03996221733842102,25,30,20
47,73,0.4806153655723802,0.1198727583825054,0.359543829359176,0.039968046685937335,25,30,20
47,74,0.45594225183419046,0.11987275786186587,0.38417835746264184,0.04000663284130171,25,30,20
47,75,0.4489931656307467,0.11987271177581019,0.39113346913600006,0.04000065345744247,25,30,20
47,76,0.44314996604113316,0.11987264726513186,0.39698328219596396,0.039994104497775435,25,30,20
47,77,0.4629042905556192,0.1198726647763638,0.37725971858976526,0.03996332607825472,25,30,20
47,78,0.4401517322727277,0.11987267874759254,0.4000121658035421,0.03996342317614144,25,30,20
47,79,0.4352795534692119,0.11987159015598418,0.40488474555976567,0.039964110815042315,25,30,20
47,80,0.43743508193718883,0.1198738151942184,0.40272074342864556,0.03997035943995122,25,30,20
47,81,0.4250229120284392,0.11987378238818872,0.41513207157275317,0.039971234010623455,25,30,20
47,82,0.42501408946985963,0.11987378238989126,0.4151408939798682,0.039971234160384894,25,30,20
47,83,0.4212959111916188,0.11987376745734869,0.41886039157427246,0.039969929776764196,25,30,20
47,84,0.4212959017501509,0.11987416775214614,0.4188600007208186,0.039969929776886695,25,30,20
47,85,0.42018834124878496,0.11987391217996224,0.39469842118094633,0.06523932539030895,25,30,20
47,86,0.42017206816566366,0.11987391253551057,0.38134556019968985,0.07860845909913695,25,30,20
47,87,0.418934273865787,0.15981923867969594,0.38126637236195526,0.03998011509256414,25,30,20
47,88,0.4083356036339814,0.1598372462789692,0.39184697400655943,0.03998017608049248,25,30,20
47,89,0.4215005211724713,0.11987381477900123,0.4186437701859112,0.039981893862617815,25,30,20
47,90,0.45667894731651076,0.11987159185318508,0.383473741424568,0.039975719405735854,25,30,20
47,91,0.46127542127756704,0.1198715996420056,0.3788713028129203,0.03998167626750694,25,30,20
47,92,0.43894536132656065,0.11987159963486489,0.4012013775374538,0.03998166150112203,25,30,20
47,93,0.4693895467394975,0.11987159218204602,0.37075751571972376,0.03998134535873454,25,30,20
47,94,0.4822031764502283,0.11987211273909816,0.35794336321986253,0.03998134759081349,25,30,20
47,95,0.4828951246738128,0.1198721127212596,0.3572515508282867,0.039981211776641004,25,30,20
47,96,0.46313400583986725,0.11987159249945108,0.3657589895469126,0.05123541211377028,25,30,20
47,97,0.44367929701522335,0.11987161820108015,0.3897705135108943,0.046678571272802324,25,30,20
47,98,0.4394881116454205,0.1198715911826721,0.4006146887036095,0.04002560846829786,25,30,20
47,99,0.4395688777879505,0.11987159119219547,0.4005261757662976,0.0400333552535564,25,30,20
47,100,0.4395658289309435,0.11987462221775064,0.40052619356918506,0.040033355282121603,25,30,20
47,101,0.44755952736966653,0.11987462685058828,0.39219720226815674,0.04036864351158952,25,30,20
47,102,0.43494260514648403,0.11987462314176131,0.40520025925680364,0.03998251245495279,25,30,20
47,103,0.4348389137120307,0.11987462278424213,0.4053039526294722,0.03998251087425724,25,30,20
47,104,0.4358969764412888,0.11987462277408657,0.4042458655942894,0.039982535190337544,25,30,20
47,105,0.4358879421924246,0.11871223691218347,0.40541728536200977,0.03998253553338383,25,30,20
47,106,0.435887684780855,0.11871249447246153,0.4054172852132916,0.03998253553339366,25,30,20
47,107,0.4227048972198746,0.11871251493930837,0.41859953178162,0.0399830560591987,25,30,20
47,108,0.42269774905594093,0.11871252052791384,0.4186092581287192,0.03998047228742785,25,30,20
47,109,0.4226871248410663,0.11871870676741064,0.4186182232819369,0.039975945109587664,25,30,20
47,110,0.3889763651955855,0.11871870711366306,0.4523289873070423,0.0399759403837104,25,30,20
47,111,0.4138101331984462,0.11871870691443459,0.42749526464673215,0.03997589524038818,25,30,20
47,112,0.4120178516304119,0.11873890920535728,0.4292698775550859,0.039973361609146434,25,30,20
47,113,0.4496928893051118,0.14293533747909865,0.367398366124584,0.0399734070912075,25,30,20
47,114,0.4620311834783437,0.11874191299372132,0.37915070531227746,0.04007619821566048,25,30,20
47,115,0.46424561866254743,0.11872169504748926,0.3769566528880987,0.04007603340186762,25,30,20
47,116,0.48370731542226575,0.11872169514116894,0.3574948444985901,0.0400761449379774,25,30,20
47,117,0.4764828403954066,0.11871869392495898,0.3634276085096687,0.04137085716996852,25,30,20
47,118,0.48759826504876846,0.11871869261338991,0.35231052367521576,0.041372518662627825,25,30,20
47,119,0.5117866711503712,0.11871870836405898,0.3280750240020271,0.041419596483545124,25,30,20
47,120,0.4958249611129698,0.11747801389621515,0.34530825487650296,0.041388770114314334,25,30,20
47,121,0.47282414084406993,0.11747801775865085,0.36832724550561685,0.04137059589166517,25,30,20
47,122,0.47259741944339495,0.11747801775698546,0.3685539669383832,0.041370595861239645,25,30,20
47,123,0.4735046551941355,0.11747795195037306,0.36764679786545706,0.041370594990037625,25,30,20
47,124,0.439031954251035,0.11747794116097332,0.40191356276737267,0.041576541820620545,25,30,20
47,125,0.40865043101049076,0.11749047825998617,0.4291382923754257,0.04472079835409858,25,30,20
47,126,0.44182197469967704,0.11747820208417212,0.39911562494943476,0.0415841982667172,25,30,20
47,127,0.4410885249690054,0.11747820207624535,0.3998489246810016,0.04158434827374882,25,30,20
47,128,0.46005514669279707,0.11747820199389462,0.38088241654316235,0.04158423477014737,25,30,20
47,129,0.4602423890261073,0.11747820200180122,0.3806951729251286,0.04158423604696407,25,30,20
47,130,0.4659065144123163,0.11624279300467182,0.3764926736725278,0.0413580189104857,25,30,20
47,131,0.465452353557735,0.11624279235569768,0.3769468360742789,0.04135801801228976,25,30,20
47,132,0.4275853602831826,0.11624279237611682,0.4148137961773314,0.04135805116337069,25,30,20
47,133,0.46390635599791147,0.15620014388177236,0.33853547699751557,0.041358023122803525,25,30,20
47,134,0.463446530357712,0.1162427930089118,0.3789521845361937,0.04135849209718611,25,30,20
47,135,0.4680930840350886,0.11624408998329955,0.3742579240812411,0.04140490190037296,25,30,20
47,136,0.4845200090173051,0.11624301267041547,0.35784996625523463,0.04138701205704505,25,30,20
47,137,0.4840565756350984,0.11624301053249163,0.35831340257546546,0.041387011256944814,25,30,20
47,138,0.5379575121727039,0.1162442892424264,0.3044400643593581,0.04135813422551246,25,30,20
47,139,0.5065411810536069,0.11624745055815751,0.3358429212876266,0.04136844710060965,25,30,20
47,140,0.4901562625823422,0.11624745561273596,0.3522278329041273,0.041368448900794864,25,30,20
47,141,0.5298502388288392,0.11624745560320976,0.3125338580230073,0.04136844754494432,25,30,20
47,142,0.5302657760646372,0.11624280713441941,0.31213331885214096,0.041358097948802755,25,30,20
47,143,0.5242300229654228,0.11624280578957222,0.3181690731315131,0.04135809811349232,25,30,20
47,144,0.5333318272221251,0.11624280454887645,0.3104607316675185,0.03996463656148047,25,30,20
47,145,0.5235544999951091,0.1162432513781022,0.3202374157280881,0.03996483289870125,25,30,20
47,146,0.5242813483318755,0.1162432514784707,0.31951073338536173,0.039964666804292205,25,30,20
47,147,0.5259341932221636,0.11624325144295973,0.31785792325083695,0.03996463208404024,25,30,20
47,148,0.5258091244929463,0.11624327966201943,0.3179749021871069,0.039972693657927924,25,30,20
47,149,0.5261326531890694,0.11624327473838088,0.3176476270623763,0.03997644501017405,25,30,20
47,150,0.5261000334620866,0.11624327473501761,0.3176802468164628,0.03997644498643363,25,30,20
47,151,0.5260909798952362,0.11748975374182087,0.3164428213918438,0.03997644497110018,25,30,20
47,152,0.5260491820140919,0.11748975374112841,0.3164846460715483,0.03997641817323249,25,30,20
47,153,0.5412469646931379,0.11748973125171162,0.30128749358541357,0.03997581046973813,25,30,20
47,154,0.5412414477246382,0.11748973151286972,0.3012970049667829,0.039971815795710464,25,30,20
47,155,0.5412414513659971,0.11748933754344248,0.3012973952877049,0.03997181580285686,25,30,20
47,156,0.5425791354067379,0.11748933754984942,0.30129818638734096,0.038633340656073496,25,30,20
47,157,0.5086312301075041,0.1174893437515788,0.33524596907189247,0.03863345706902463,25,30,20
47,158,0.5060443381495014,0.11748934365954743,0.3378328807927444,0.038633437398206766,25,30,20
47,159,0.5060473314926246,0.11748959151211363,0.33783084424660104,0.03863223274865944,25,30,20
47,160,0.4863928036835328,0.11748959082635617,0.3574891504544495,0.038628455035660744,25,30,20
47,161,0.4801752165485364,0.11748960935751197,0.36370610702442313,0.03862906706952793,25,30,20
47,162,0.443415657441135,0.11748960970174979,0.40046566567334985,0.038629067183763945,25,30,20
47,163,0.44288170248563263,0.11748958146733955,0.401007711360145,0.038621004686882184,25,30,20
47,164,0.47903762965652047,0.11748958008736063,0.36485216246432745,0.0386206277917907,25,30,20
47,165,0.4788517176175826,0.11748959472767397,0.36503799233575185,0.03862069531899136,25,30,20
47,166,0.473840973969769,0.11748968807675352,0.3688070262240053,0.03986231172947188,25,30,20
47,167,0.4738415965290939,0.11748944022598977,0.36520808904137875,0.04346087420353726,25,30,20
47,168,0.49085667080952095,0.11748946263179263,0.3481929699261868,0.04346089663249849,25,30,20
47,169,0.4876942156626141,0.11748946268169408,0.35135542324398367,0.04346089841170721,25,30,20
47,170,0.4817487044378157,0.11748945648169698,0.35730105708198534,0.04346078199850144,25,30,20
47,171,0.4818286138770027,0.11748945646977539,0.35722117261992586,0.043460757033294384,25,30,20
47,172,0.4834835177998069,0.1175501855774206,0.355209773081503,0.04375652354126691,25,30,20
47,173,0.48349250221793993,0.1187791183305163,0.3539718559159561,0.04375652353558504,25,30,20
47,174,0.4843894143094747,0.11877911794608051,0.3530749443748398,0.04375652336960247,25,30,20
47,175,0.4659030397002826,0.11877911791145059,0.37156129377706465,0.04375654861120003,25,30,20
47,176,0.4653919765362784,0.11877911847763366,0.37207230810709746,0.04375659687898886,25,30,20
47,177,0.4747081004244012,0.11877909767260278,0.36275686612602115,0.04375593577697272,25,30,20
47,178,0.4628180781109006,0.1187794515782495,0.37464487182278594,0.04375759848806167,25,30,20
47,179,0.46358724768234566,0.11877945592953046,0.37387570764522754,0.04375758874289401,25,30,20
47,180,0.46595153385235233,0.1187801687477453,0.37150620293535014,0.04376209446454998,25,30,20
47,181,0.49723638363632733,0.11877996994161774,0.3402224117058342,0.04376123471621798,25,30,20
47,182,0.4810684306953929,0.11878037135683518,0.35638938814686694,0.04376180980090272,25,30,20
47,183,0.518021768405265,0.11877965855228409,0.31943693144614105,0.043761641596308014,25,30,20
47,184,0.5026159204469487,0.11877963617116347,0.3348428071135197,0.043761636268365135,25,30,20
47,185,0.4937450172687779,0.11878035909257895,0.34489450653721393,0.042580117101426534,25,30,20
47,186,0.4957085726999215,0.11878035909382847,0.3429308636111344,0.042580204595113115,25,30,20
47,187,0.4757064971257623,0.11878035427717287,0.3629328817381234,0.042580266858939474,25,30,20
47,188,0.48781667388372524,0.11878000010537018,0.3508246509413968,0.042578675069506085,25,30,20
47,189,0.48781025751545626,0.11878586635770408,0.3508252010433111,0.04257867508352735,25,30,20
47,190,0.4864691589411575,0.11878586635164093,0.35082447123568317,0.04392050347151748,25,30,20
47,191,0.48577697145075327,0.11878586646015558,0.35151663484830864,0.04392052724078099,25,30,20
47,192,0.48556744855047035,0.11878586681039958,0.3517261582381455,0.04392052640098204,25,30,20
47,193,0.49159508740420516,0.11878546492124638,0.3456291397914828,0.04399030788306404,25,30,20
47,194,0.50825078080785,0.11878477259711212,0.3289746841307723,0.04398976246426406,25,30,20
47,195,0.5082569295747109,0.11877917287941982,0.32897413509538675,0.04398976245048077,25,30,20
47,196,0.5082602032838374,0.11877917287910245,0.3289740342555549,0.04398658958150315,25,30,20
47,197,0.5076658708410272,0.1187791723043212,0.3295680020702385,0.04398695478441145,25,30,20
47,198,0.5040902041010596,0.11877917231794971,0.33314795615192255,0.043982667429066785,25,30,20
47,199,0.5024979337863966,0.11871844322452076,0.3350967222750565,0.043686900714024625,25,30,20
47,200,0.5047690790399706,0.1187197575748248,0.3328141350089422,0.04369702837626103,25,30,20
47,201,0.504777757178984,0.10446153242993826,0.3470636823586718,0.04369702803240517,25,30,20
47,202,0.5054534681440628,0.10446153225316011,0.34638789841379597,0.04369710118898139,25,30,20
47,203,0.5054473236778683,0.10446748903830985,0.34638808607365656,0.04369710121016502,25,30,20
47,204,0.506736432725684,0.10446747487224371,0.3450976539658416,0.043698438436230294,25,30,20
47,205,0.5056666895415312,0.10472637969111859,0.3459085693288607,0.04369836143848899,25,30,20
47,206,0.5072944549160511,0.10472638004039483,0.3442807767532806,0.04369838829027296,25,30,20
47,207,0.514968924684689,0.10473137624753079,0.34017604405998164,0.04012365500779857,25,30,20
47,208,0.513345535349892,0.10473137182074879,0.34179949314073915,0.04012359968861996,25,30,20
47,209,0.5138557751164065,0.10473137474926944,0.34128796681598905,0.04012488331833495,25,30,20
47,210,0.5101458501573493,0.10473138205284993,0.34499711107479336,0.04012565671500709,25,30,20
47,211,0.5003935619737581,0.10473138223545968,0.3547483576329145,0.040126698157867305,25,30,20
47,212,0.5004024393914916,0.10472220905306898,0.3547486534042128,0.04012669815122665,25,30,20
47,213,0.5008944753929864,0.10472220896968158,0.35425661916068923,0.04012669647664278,25,30,20
47,214,0.535339715049159,0.10474678168056874,0.3197881002653517,0.040125403004920325,25,30,20
47,215,0.5012559043539561,0.10474680725111556,0.353871804305651,0.04012548408927748,25,30,20
47,216,0.5395449211805432,0.10474680744263752,0.3155827768714342,0.040125494505385204,25,30,20
47,217,0.5367943278483353,0.10474680798429825,0.318333425667956,0.04012543849940925,25,30,20
47,218,0.5366213135999284,0.10474680771406794,0.3184983477793009,0.04013353090670156,25,30,20
47,219,0.5416609047020166,0.1047468126357658,0.3093832667396401,0.044209015922577456,25,30,20
47,220,0.5340873571652065,0.1047419424299395,0.31698491230190273,0.044185788102950395,25,30,20
47,221,0.534087358568162,0.10474211306484393,0.3169847402714206,0.044185788095573546,25,30,20
47,222,0.5324077251287083,0.10474221301544619,0.31866564963148636,0.04418441222435936,25,30,20
47,223,0.529824693055403,0.10448330258424439,0.3215075926323956,0.04418441172795729,25,30,20
47,224,0.5018810945543474,0.10448359390612362,0.3535081808396942,0.04012713069983467,25,30,20
47,225,0.5019444442171546,0.10449044767848756,0.3534035231322601,0.04016158497209782,25,30,20
47,226,0.4878135582892127,0.10449190900554556,0.3675926648749162,0.04010186783032596,25,30,20
47,227,0.47089829100023317,0.10449190921430568,0.38450750399618094,0.04010229578928129,25,30,20
47,228,0.46431834521427134,0.10611962088854726,0.3895297135508165,0.04003232034636546,25,30,20
47,229,0.4637191037608402,0.10611962545944449,0.39012895719540397,0.04003231358431014,25,30,20
47,230,0.463374136948184,0.10612054591258778,0.3904730316702919,0.04003228546893495,25,30,20
47,231,0.46338077141006473,0.10611319881224586,0.3904737442788573,0.040032285498831824,25,30,20
47,232,0.4575079668770495,0.10611370085150254,0.39634620312248536,0.04003212914896238,25,30,20
47,233,0.457488149663245,0.10611370089157694,0.3963660185251031,0.040032130920074425,25,30,20
47,234,0.4592172570809826,0.10611370036676887,0.3946369158119582,0.04003212674029001,25,30,20
47,235,0.4352981092051458,0.1061124077270913,0.4185590744355033,0.04003040863226274,25,30,20
47,236,0.4348204862361554,0.1061124077414605,0.41903669566174295,0.04003041036064411,25,30,20
47,237,0.43498919619728527,0.10611245441536633,0.4188675239954396,0.040030825391912044,25,30,20
47,238,0.4611453898449534,0.10611248183689606,0.392711301615902,0.04003082670225186,25,30,20
47,239,0.46115746955735015,0.12092178032874668,0.37788992339743777,0.040030826716468015,25,30,20
47,240,0.44713275065293506,0.1209217594463874,0.39192294533250016,0.040022544568180246,25,30,20
47,241,0.44857865894438853,0.12092123138340749,0.39047456262078484,0.04002554705142216,25,30,20
47,242,0.4485692888658738,0.11969363715352312,0.3917115269720912,0.04002554700851422,25,30,20
47,243,0.4397739290617877,0.11969625546516877,0.4004974285255946,0.04003238694745125,25,30,20
47,244,0.4388382021599271,0.11969625525692855,0.4014331758329333,0.040032366750212954,25,30,20
47,245,0.43009636127675877,0.1196961525059454,0.41017511933392675,0.04003236688337011,25,30,20
47,246,0.4466351557267864,0.09534330111286661,0.4179891728619984,0.040032370298349856,25,30,20
47,247,0.4461842662603142,0.09534330119832263,0.41844306431453177,0.04002936822683257,25,30,20
47,248,0.45618961211307096,0.09534335171360625,0.4084375758365144,0.04002946033680982,25,30,20
47,249,0.46645055580467804,0.0953433518237659,0.39817604817098695,0.04003004420057087,25,30,20
47,250,0.46508525189801214,0.09534330504439613,0.39954183885924294,0.04002960419835003,25,30,20
47,251,0.46507701965633497,0.09535221412221094,0.39954116201578105,0.04002960420567235,25,30,20
47,252,0.46412120106776605,0.0953522146817996,0.3686893217845817,0.07183726246585241,25,30,20
47,253,0.4623605229287994,0.0953522674748943,0.37044991013130635,0.0718372994649998,25,30,20
47,254,0.4460180154041254,0.0809778526636712,0.400835265599935,0.0721688663322677,25,30,20
47,255,0.42750691030770743,0.08097785800218964,0.41920794904954567,0.07230728264055603,25,30,20
47,256,0.4276412289134606,0.08097785735206851,0.41108901166184997,0.08029190207261971,25,30,20
47,257,0.427686190154,0.08164110860641216,0.41038079912690023,0.08029190211268673,25,30,20
47,258,0.4276676775009473,0.08164110860265722,0.41039931097983673,0.08029190291655769,25,30,20
47,259,0.4276580748558083,0.08164114397092728,0.4103898393025031,0.08031094187076135,25,30,20
47,260,0.431770154344696,0.08164113660900295,0.4062785344904289,0.08031017455587232,25,30,20
47,261,0.42541226499098256,0.08163885903956887,0.4126390816003169,0.08030979436913244,25,30,20
47,262,0.4275780232781984,0.08164411211692268,0.4104680114470138,0.08030985315786587,25,30,20
47,263,0.3907650495805074,0.08164403415607367,0.44728117356953573,0.08030974269388282,25,30,20
47,264,0.3907290728756049,0.08098127528454696,0.4479799091893801,0.08030974265046803,25,30,20
47,265,0.39070453793229354,0.08098837382160476,0.4479973446630769,0.08030974358302789,25,30,20
47,266,0.3907046431733886,0.08098837382158182,0.4480869737163655,0.08022000928866659,25,30,20
47,267,0.39090420305174495,0.08098837382817792,0.4479979333154253,0.08010948980465439,25,30,20
47,268,0.3558771197359335,0.08098851385205737,0.4830241842017511,0.08011018221025677,25,30,20
47,269,0.3520998897850894,0.08098851603215679,0.4867310780534595,0.08018051612929333,25,30,20
47,270,0.35208775205448606,0.08160044558918807,0.4861312862339107,0.08018051612241217,25,30,20
47,271,0.349931759644711,0.08159526827344393,0.48829231959543257,0.0801806524864091,25,30,20
47,272,0.35004958116115803,0.08159527333152741,0.48817466898931455,0.08018047651799537,25,30,20
47,273,0.35038298629628833,0.081595133323719,0.4878420241537338,0.08017985622625433,25,30,20
47,274,0.3448538220721844,0.08159513330858373,0.4920620067241607,0.08148903789506728,25,30,20
47,275,0.34187581348426727,0.07996747514997829,0.4966676605931896,0.08148905077256258,25,30,20
47,276,0.34167592464408647,0.07996747514365557,0.4966719026847143,0.08168469752754161,25,30,20
47,277,0.3357019779019319,0.07996717869428083,0.5026653944633336,0.08166544894045302,25,30,20
47,278,0.33586347671165767,0.07996710293322612,0.5025041674075781,0.081665252947537,25,30,20
47,279,0.3147484230557901,0.07996710338097204,0.5236188789405178,0.0816655946227192,25,30,20
47,280,0.29601013568213924,0.0799673240952016,0.542356831507638,0.08166570871502137,25,30,20
47,281,0.29862158742501665,0.07994275284550077,0.5397700631396456,0.08166559658983745,25,30,20
47,282,0.2957520171593718,0.07994275109135575,0.5426396331059896,0.08166559864328332,25,30,20
47,283,0.31616324451569994,0.07994153492723595,0.5225611378420755,0.08133408271498956,25,30,20
47,284,0.3154735340433193,0.07994153482941557,0.5232590235956653,0.08132590753160059,25,30,20
47,285,0.3375132785818944,0.07994153483673694,0.5012192644084967,0.08132592217287281,25,30,20
47,286,0.33821365990627045,0.07924038255631909,0.5012200344938126,0.08132592304359915,25,30,20
47,287,0.34374954917770817,0.07923782424825164,0.49564460563394,0.08136802094010158,25,30,20
47,288,0.3462423633880498,0.07923782524978845,0.49315027902882824,0.08136953233333478,25,30,20
47,289,0.3453028711318755,0.07923782525077976,0.4940897709203369,0.08136953269701128,25,30,20
47,290,0.34824716015362644,0.0792377657407239,0.4911920000944718,0.0813230740111813,25,30,20
47,291,0.34823832704223406,0.0792377657404714,0.4911871696177449,0.0813367375995536,25,30,20
47,292,0.3480736153362622,0.07923776574025412,0.4911869128965416,0.08150170602694352,25,30,20
47,293,0.3478712020928571,0.079237766952023,0.4913893256805736,0.08150170527454778,25,30,20
47,294,0.34716325569944145,0.07994646519766961,0.4913885747051671,0.08150170439772372,25,30,20
47,295,0.3380070018612888,0.07994646780900666,0.5005174764668601,0.08152905386284705,25,30,20
47,296,0.33856492071186106,0.07993948803943693,0.500001000845749,0.0814945904029533,25,30,20
47,297,0.33783567339799164,0.07993150042957736,0.5007382116598316,0.08149461451260215,25,30,20
47,298,0.3397023885459359,0.07993144739606688,0.4988716478590435,0.08149451619895665,25,30,20
47,299,0.3397107313120485,0.07992310782402842,0.49887164467279876,0.08149451619112925,25,30,20
47,300,0.3383330636735296,0.07992310778084144,0.50024938445391,0.08149444409172218,25,30,20
47,301,0.3421293156495755,0.0799294133861693,0.4977555486046953,0.08018572235956001,25,30,20
47,302,0.3420559922116271,0.079929192267821,0.497829550712301,0.08018526480825183,25,30,20
47,303,0.3424684300303866,0.07992919227573649,0.49741711174044406,0.08018526595343341,25,30,20
47,304,0.3423004762261167,0.08393599674017002,0.4935782395657137,0.08018528746800016,25,30,20
47,305,0.34125718240164005,0.08393599706086567,0.4946214927152442,0.08018532782225048,25,30,20
47,306,0.35922961012187765,0.08393599180079449,0.4767874822290251,0.08004691584830362,25,30,20
47,307,0.359818291450575,0.08393599173215482,0.47619880319586566,0.08004691362140544,25,30,20
47,308,0.3598390502398077,0.08393599173223358,0.4761988106090687,0.08002614741889151,25,30,20
47,309,0.33970596960053784,0.08393603752992551,0.4963326895422572,0.08002530332728236,25,30,20
47,310,0.3507270834396591,0.08393603372773002,0.4853404428821039,0.0799964399505089,25,30,20
47,311,0.35187071298045197,0.08393603372123973,0.48419681500202494,0.07999643829628647,25,30,20
47,312,0.35187207305816587,0.08393599763210328,0.4842133540480982,0.07997857526163638,25,30,20
47,313,0.35962239106972294,0.08393599783758363,0.47646362446523793,0.07997798662745964,25,30,20
47,314,0.35981823515045513,0.08393599071830694,0.47626778241793,0.07997799171331295,25,30,20
47,315,0.3598168130763992,0.08393742260581885,0.476267772605898,0.07997799171188888,25,30,20
47,316,0.35438226443345355,0.08393742227520434,0.4817047588915062,0.07997555439984111,25,30,20
47,317,0.35436178122311834,0.08393742226737311,0.481725243951763,0.07997555255775045,25,30,20
47,318,0.3520227830005054,0.08393742632575486,0.4840701171254398,0.07996967354830588,25,30,20
47,319,0.35225076391400906,0.08404539370439448,0.48373416827336607,0.07996967410823624,25,30,20
47,320,0.3323943062394899,0.08404539102377742,0.5035903627946171,0.07996993994212197,25,30,20
47,321,0.3448973084565483,0.08404539101723171,0.491087372224243,0.07996992830198278,25,30,20
47,322,0.3263564213679382,0.08404546966005427,0.5096281971848027,0.07996991178720864,25,30,20
47,323,0.3283092134614805,0.08404546968750154,0.5076753133165386,0.07997000353448519,25,30,20
47,324,0.32916951964816343,0.08404554315839832,0.5068152305137371,0.07996970667970685,25,30,20
47,325,0.3272983634334306,0.08404554571238408,0.5086864663764854,0.07996962447770561,25,30,20
47,326,0.32722837860044235,0.08404570603348802,0.5087562942764531,0.07996962108962254,25,30,20
47,327,0.327207464975414,0.08404570603338386,0.5087562844887681,0.07999054450243982,25,30,20
47,328,0.3254786497462965,0.08404571080537153,0.5104850565479437,0.07999058290039342,25,30,20
47,329,0.32541278048937644,0.08404571080388294,0.5105509262673023,0.07999058243944321,25,30,20
47,330,0.32541288738931196,0.08404571080393924,0.5105508146413572,0.07999058716539523,25,30,20
47,331,0.32283841564118704,0.08404570601829836,0.513125200940504,0.07999067740001392,25,30,20
47,332,0.29718625692734935,0.08404574618232713,0.5387770406905993,0.07999095619972742,25,30,20
47,333,0.29665389336200265,0.08404572151023122,0.5393093882133294,0.07999099691443838,25,30,20
47,334,0.29679813564798546,0.08404558661066922,0.5391652745735409,0.07999100316780629,25,30,20
47,335,0.2967800000415327,0.08404558651897172,0.53918341112385,0.07999100231564818,25,30,20
47,336,0.29678943042188305,0.08404558651900014,0.5391834147428473,0.07998156831627237,25,30,20
47,337,0.2967806594049089,0.08405381125909345,0.539183961002542,0.0799815683334575,25,30,20
47,338,0.2633728340824068,0.08405381109601118,0.5725918277035243,0.07998152711805898,25,30,20
47,339,0.26337919526837417,0.08406830261825723,0.5725709749725194,0.07998152714085059,25,30,20
47,340,0.2819136836707294,0.08406814452085848,0.5540365925506263,0.07998157925778708,25,30,20
47,341,0.2834223180644988,0.0848078052667168,0.551788266200139,0.07998161046864716,25,30,20
47,342,0.283497857077067,0.08480781551991497,0.5518009383969343,0.07989338900608595,25,30,20
47,343,0.2750554153697843,0.08482272743944855,0.5602284724769774,0.07989338471379365,25,30,20
47,344,0.27716439501680823,0.08408335772099322,0.5588574040124794,0.07989484324972303,25,30,20
47,345,0.27684377511636754,0.08408335770670948,0.5591780236639368,0.07989484351299034,25,30,20
47,346,0.2768495990235127,0.08408336207197642,0.559173380800958,0.07989365810355727,25,30,20
47,347,0.2849218968224339,0.08007655761525916,0.5551079080065089,0.07989363755580083,25,30,20
47,348,0.2810484767619306,0.08007745069187029,0.558975918600244,0.0798981539459579,25,30,20
47,349,0.29805492848283993,0.07996901875072447,0.542077885145494,0.07989816762094361,25,30,20
47,350,0.2980639167134188,0.054155626235832574,0.5678822894227897,0.07989816762795965,25,30,20
47,351,0.2950131171508815,0.0541556208122493,0.5709330390553158,0.07989822298155419,25,30,20
47,352,0.29789110197304747,0.05415562127469576,0.568054877518282,0.079898399233976,25,30,20
47,353,0.258272460599106,0.05415562127497551,0.6076735188792941,0.0798983992466255,25,30,20
47,354,0.2582701974220265,0.05415562127160935,0.6076757812660758,0.07989840004028868,25,30,20
47,355,0.2573734973130924,0.054155571809809386,0.6085725532648368,0.07989837761226172,25,30,20
47,356,0.24934196048658813,0.05415587957333584,0.6119551648915931,0.08454699504848266,25,30,20
47,357,0.24921073200459837,0.054169719491950284,0.6120725630891334,0.0845469854143169,25,30,20
47,358,0.24921815429932032,0.04109318004503998,0.6251400987167461,0.08454856693889334,25,30,20
47,359,0.24922065408896862,0.0626540018280723,0.6035767770100473,0.08454856707291108,25,30,20
47,360,0.28415468364066543,0.06265395575391507,0.5686428177929539,0.08454854281246471,25,30,20
47,361,0.26057413196200957,0.06265394220176003,0.5921644045396376,0.08460752129659226,25,30,20
47,362,0.26092208241050463,0.06343657269569074,0.591033802231336,0.0846075426624668,25,30,20
47,363,0.26193919935589827,0.0634365726960254,0.5900166966193394,0.08460753132873455,25,30,20
47,364,0.2562943374525716,0.06343659889230902,0.5956411077092514,0.0846279559458657,25,30,20
47,365,0.25628714328565716,0.06343659886010354,0.595707359482306,0.08456889837193035,25,30,20
47,366,0.23909239569064109,0.0634365673178986,0.6124661618911029,0.08500487510035573,25,30,20
47,367,0.25906842118188467,0.06265405882104315,0.5932725927872041,0.08500492720986629,25,30,20
47,368,0.2604632706217293,0.0626540584254946,0.5918780210489593,0.08500464990381569,25,30,20
47,369,0.26043624966001927,0.06265190688334958,0.5919071940027538,0.08500464945387573,25,30,20
47,370,0.26043951627182155,0.06265190689065356,0.5919039273696995,0.085004649467824,25,30,20
47,371,0.2631557725357235,0.06265190689540887,0.5891876696483589,0.08500465092050717,25,30,20
47,372,0.3022545530579579,0.06265190699328,0.550085969570762,0.08500757037799747,25,30,20
47,373,0.3182951072328093,0.06264605771865181,0.5340516976234961,0.08500713742503904,25,30,20
47,374,0.3179214270825808,0.06264606286735258,0.5344239315441164,0.08500857850594658,25,30,20
47,375,0.3179221295931425,0.06305257408769153,0.5340167349402374,0.08500856137892487,25,30,20
47,376,0.3171363341058589,0.06305257597953927,0.5348054292059389,0.08500566070865904,25,30,20
47,377,0.3165120992226539,0.06305255195660173,0.5354296889551563,0.08500565986558534,25,30,20
47,378,0.31719901843085674,0.06303895793532024,0.5347563621409143,0.08500566149290688,25,30,20
47,379,0.31692286797333585,0.06303865016047458,0.5396814377966781,0.08035704406950814,25,30,20
47,380,0.33250505541628805,0.06303744172903503,0.5241064711453893,0.08035103170928665,25,30,20
47,381,0.31281518361643024,0.06304948653178216,0.5437841449899355,0.08035118486185197,25,30,20
47,382,0.35232191863237794,0.06304948579587781,0.5047133109628222,0.07991528460892078,25,30,20
47,383,0.35210140044322197,0.06304948582280388,0.5049339147473383,0.07991519898663461,25,30,20
47,384,0.37178157671958184,0.06304968060193637,0.48517873141921797,0.07999001125926225,25,30,20
47,385,0.3721268788623269,0.06303692001165938,0.48476076906376425,0.08007543206224772,25,30,20
47,386,0.37205139718504326,0.063036909758411,0.4847480967838402,0.08016359627270545,25,30,20
47,387,0.37206000888355945,0.06179144030004173,0.4859849545606314,0.08016359625576788,25,30,20
47,388,0.37245999351131126,0.06179143514343649,0.48558641770467387,0.0801621536405788,25,30,20
47,389,0.37179798649702234,0.06179150579214799,0.4862483506692933,0.08016215704153719,25,30,20
47,390,0.37744720630074086,0.061791479634289034,0.4806195616783105,0.08014175238666053,25,30,20
47,391,0.37681301160203956,0.06177930887602048,0.481266153741348,0.08014152578059275,25,30,20
47,392,0.3461962223145481,0.061779321280864184,0.5118819581361587,0.08014249826843002,25,30,20
47,393,0.34584710957062315,0.06177932128175986,0.5123164916777807,0.08005707746983715,25,30,20
47,394,0.34576175825900335,0.06177932207650134,0.5124018042938695,0.08005711537062654,25,30,20
47,395,0.3327065495342534,0.061779529150113345,0.5255069795341079,0.08000694178152629,25,30,20
47,396,0.3340499331888974,0.06177952915635698,0.524163574586756,0.08000696306799059,25,30,20
47,397,0.33406611913500667,0.08012316959023275,0.5058037478542815,0.08000696342047978,25,30,20
47,398,0.3257654698636791,0.08012271337377597,0.5141046996472912,0.08000711711525506,25,30,20
47,399,0.3257581008233217,0.07904625640407402,0.515190107103099,0.08000553566950545,25,30,20
47,400,0.3274050553174781,0.07904625442375089,0.5135431743232438,0.08000551593552739,25,30,20
47,401,0.3273950360886775,0.0802505521072562,0.5123488979522359,0.08000551385183013,25,30,20
47,402,0.32739496162034365,0.08025055210722871,0.5123488959238,0.08000559034862738,25,30,20
47,403,0.3304123584308572,0.08025067974419263,0.5093962305938284,0.07994073123112151,25,30,20
47,404,0.33042058462080315,0.08012569291979686,0.5095113996275008,0.07994232283189891,25,30,20
47,405,0.33965192364230523,0.08012569305431157,0.5002800503548905,0.07994233294849223,25,30,20
47,406,0.3396499597773825,0.0801256930574394,0.500282014209107,0.07994233295607125,25,30,20
47,407,0.3395498790354883,0.08013248664950327,0.5003752917227291,0.07994234259227921,25,30,20
47,408,0.3668511899300181,0.08013256545253837,0.4730294417309049,0.07998680288653855,25,30,20
47,409,0.36684965760190735,0.08013256544350086,0.47303097576447023,0.07998680119012119,25,30,20
47,410,0.36682727377566854,0.08017700611049561,0.473008919432792,0.07998680068104341,25,30,20
47,411,0.36682716898255635,0.08017700569460871,0.47300900604008234,0.07998681928275171,25,30,20
47,412,0.36682583984216377,0.08017700570686091,0.4730103326934978,0.0799868217574771,25,30,20
47,413,0.36681685271870756,0.08142340594639304,0.47177291957754525,0.07998682175735308,25,30,20
47,414,0.36670083052594316,0.10279812773373295,0.45051422900782684,0.07998681273249644,25,30,20
47,415,0.36911095549829037,0.10279882648490689,0.4481477951475517,0.07994242286925035,25,30,20
47,416,0.3691148973094862,0.10279882612881379,0.44814390266335,0.07994237389834909,25,30,20
47,417,0.369126753442927,0.10239231934282612,0.4485385645594029,0.07994236265484256,25,30,20
47,418,0.36911512481076963,0.10239231953294588,0.448550190001531,0.07994236565475221,25,30,20
47,419,0.36911512482548076,0.10239230983436624,0.44855019968552484,0.07994236565462692,25,30,20
47,420,0.38117936691768933,0.10239230283284587,0.43643956076540324,0.0799887694840613,25,30,20
47,421,0.38518220536470116,0.10239231050113405,0.4324831313405722,0.07994235279359231,25,30,20
47,422,0.3487184375028914,0.10239217767020609,0.4689471400077999,0.0799422448191015,25,30,20
47,423,0.31720701263582574,0.10239217940972445,0.5004575507444,0.07994325721004715,25,30,20
47,424,0.3172210579778765,0.10239217956155436,0.5004435053099718,0.07994325715059439,25,30,20
47,425,0.31779896325413604,0.10239217956844998,0.4998655992021411,0.07994325797527095,25,30,20
47,426,0.3099661096791346,0.10239217972436339,0.5075784334540253,0.08006327714247417,25,30,20
47,427,0.30995664161483444,0.10239217842354113,0.5075879750601732,0.0800632049014487,25,30,20
47,428,0.31076749007029203,0.10239223649194036,0.5067768861117976,0.08006338732596674,25,30,20
47,429,0.3108755079561087,0.10131293771257235,0.4987671218451586,0.08904443248615636,25,30,20
47,430,0.3158593657991393,0.10131401381709146,0.4938979389242138,0.08892868145955156,25,30,20
47,431,0.3170683023375722,0.10131401382240013,0.49268899938964333,0.08892868445038092,25,30,20
47,432,0.32414679794722884,0.10131395979340806,0.4856099336358363,0.08892930862352287,25,30,20
47,433,0.3244822770561293,0.10131364506733151,0.4852747734172213,0.08892930445931616,25,30,20
47,434,0.3455136409523658,0.10131365711747244,0.46424339718571717,0.08892930474444048,25,30,20
47,435,0.33193479396312287,0.10131289305156219,0.47777243442321643,0.08897987856209594,25,30,20
47,436,0.32369023608091263,0.10131289182956493,0.4855616574589978,0.08943521463052155,25,30,20
47,437,0.35663040828165343,0.10131290191723487,0.4526213666606045,0.08943532314050259,25,30,20
47,438,0.35734716633814445,0.10170981695987655,0.4515077110784393,0.08943530562353585,25,30,20
47,439,0.37987797274301327,0.10170982228348759,0.42897786782797065,0.089434337145525,25,30,20
47,440,0.39415885709804216,0.10170980865839407,0.41474765108978473,0.08938368315377558,25,30,20
47,441,0.39377047810145105,0.10170980898521859,0.41513602777538416,0.08938368513794266,25,30,20
47,442,0.3930691175158722,0.10170981047404068,0.41583701622462743,0.08938405578545633,25,30,20
47,443,0.3824592781186299,0.10170981057180369,0.42581796493344604,0.09001294637611937,25,30,20
47,444,0.3837939950366394,0.10170981014653678,0.4249395503853768,0.08955664443144538,25,30,20
47,445,0.3844863342531096,0.1017098101544679,0.4249402442402973,0.08886361135212327,25,30,20
47,446,0.397348858372308,0.1017097980928391,0.41207773300544326,0.08886361052940775,25,30,20
47,447,0.35816162390759293,0.10170979949470897,0.4511324613255493,0.08899611527214883,25,30,20
47,448,0.35779733181926526,0.14066736049370226,0.41253919330576994,0.08899611438126026,25,30,20
47,449,0.319125029204126,0.1406673604967855,0.451211495926198,0.0889961143728895,25,30,20
47,450,0.3192485874903517,0.140667360947805,0.451087935863395,0.08899611569844736,25,30,20
47,451,0.31693665848186836,0.14066742820195288,0.45339979723178886,0.08899611608438913,25,30,20
47,452,0.31053020042717994,0.1406674241779611,0.459807065055718,0.08899531033914009,25,30,20
47,453,0.31137167725583975,0.1406674218310038,0.45896602676474596,0.0889948741484098,25,30,20
47,454,0.3139088049819289,0.14066735457514845,0.45642896710121433,0.08899487334170775,25,30,20
47,455,0.31392971649677204,0.14064625347459864,0.4564291566722658,0.08899487335636282,25,30,20
47,456,0.3144233280704193,0.14064648954438289,0.4559353081453991,0.08899487423979771,25,30,20
47,457,0.31375467571872945,0.14064648953676356,0.45593463616537105,0.08966419857913444,25,30,20
47,458,0.31337835705052675,0.14064648761742735,0.45644346648250517,0.0895316888495394,25,30,20
47,459,0.31303973951062786,0.14064648726673817,0.4567820602076638,0.08953171301496791,25,30,20
47,460,0.3158888230487698,0.14064541099176972,0.4539383235687475,0.08952744239071053,25,30,20
47,461,0.31586805573687754,0.14063772841582506,0.45396677346092273,0.08952744238637261,25,30,20
47,462,0.3392179042860897,0.14063772069018693,0.43061698385993613,0.08952739116378496,25,30,20
47,463,0.33789473612493354,0.14063772092158336,0.4319401727144505,0.08952737023903308,25,30,20
47,464,0.35374975014843024,0.14063772081523848,0.4160851842796061,0.0895273447567248,25,30,20
47,465,0.36244453539448207,0.14063770326197772,0.4073903996511647,0.08952736169237556,25,30,20
47,466,0.3744041818673724,0.14063770317108792,0.3954308010081414,0.08952731395339951,25,30,20
47,467,0.3738751377728672,0.14063746251372886,0.39595888046046146,0.08952851925294356,25,30,20
47,468,0.3733938082071439,0.14063746255321655,0.3964401138518284,0.08952861538781169,25,30,20
47,469,0.39113259410484075,0.1406370596934503,0.3787263702499009,0.08950397595180856,25,30,20
47,470,0.39041346732534377,0.1402449506725725,0.37983760710240133,0.08950397489968305,25,30,20
47,471,0.390803325997892,0.140244951386888,0.3794478477901606,0.08950387482505995,25,30,20
47,472,0.3908036009785691,0.1412338691698304,0.37845865466038403,0.08950387519121711,25,30,20
47,473,0.41574435659827913,0.14123614419905076,0.35351559697876517,0.08950390222390547,25,30,20
47,474,0.4143674837492206,0.1412361450437411,0.3548924678019356,0.08950390340510238,25,30,20
47,475,0.4083556305098695,0.14123614969384535,0.36090429473606966,0.08950392506021507,25,30,20
47,476,0.40859196811039966,0.14123614974324916,0.3606685589575233,0.08950332318882706,25,30,20
47,477,0.39985478190087514,0.14123611011328618,0.3694059564588439,0.0895031515269955,25,30,20
47,478,0.399262434303435,0.1412361113951925,0.36999826889819265,0.08950318540318017,25,30,20
47,479,0.3990348854319627,0.14123611134576244,0.3702263797622168,0.0895026234600583,25,30,20
47,480,0.39905564915222835,0.14124398733556226,0.3701977400406814,0.08950262347152864,25,30,20
47,481,0.39956841386240277,0.12026707027240592,0.39066189212852964,0.08950262373666072,25,30,20
47,482,0.4038696610616693,0.12026706114003202,0.39284053154045856,0.08302274625784035,25,30,20
47,483,0.4052152922612755,0.09400686547485013,0.4177550955176699,0.08302274674620454,25,30,20
47,484,0.4042999891963718,0.09400686524967483,0.4192994695038852,0.08239367605006846,25,30,20
47,485,0.39765913011783705,0.09400685531879502,0.42594043891266137,0.08239357565070661,25,30,20
47,486,0.3976082969643314,0.0940068553186802,0.42599127266471937,0.082393575052269,25,30,20
47,487,0.40158723840003707,0.09400685758348942,0.42201034199960036,0.08239556201687329,25,30,20
47,488,0.40105529298684867,0.09400891843395812,0.4225402274515106,0.08239556112768213,25,30,20
47,489,0.4010336194251207,0.09400891844213687,0.42256190049905773,0.08239556163368394,25,30,20
47,490,0.4010391809687206,0.09400411238691238,0.42256099816945747,0.08239570847490883,25,30,20
47,491,0.38705262668830437,0.09400565462717193,0.4365443077690223,0.08239741091550139,25,30,20
47,492,0.3870390320913537,0.09400565446820122,0.4365578981812407,0.08239741525920595,25,30,20
47,493,0.38699509906530116,0.09400565521906667,0.43660062219905904,0.0823986235165749,25,30,20
47,494,0.389105156685802,0.09400564773964176,0.4344925814544572,0.08239661412010067,25,30,20
47,495,0.3892340236695015,0.09400337355132626,0.43435372284292434,0.08240887993624942,25,30,20
47,496,0.3887118961101559,0.10314127377083607,0.42573795097432554,0.08240887914468335,25,30,20
47,497,0.38827414293305007,0.10314127357196336,0.42617572988112473,0.08240885361386295,25,30,20
47,498,0.38824419754493383,0.1031412735716957,0.42617571408672406,0.08243881479664587,25,30,20
47,499,0.3904741394775655,0.10314127386500109,0.42394567274833056,0.0824389139091012,25,30,20
47,500,0.38166258644410883,0.10314127292379799,0.43275726307685547,0.08243887755523652,25,30,20
47,501,0.3808471802895959,0.12027343980386508,0.41644050238685926,0.08243887751967781,25,30,20
47,502,0.38223254069192797,0.12027343895357373,0.41506743687825887,0.08242658347623755,25,30,20
47,503,0.3832856430082641,0.11921887633196478,0.41506889589352014,0.08242658476624831,25,30,20
47,504,0.3832764909783583,0.11922864618079583,0.4150682780884262,0.08242658475241706,25,30,20
47,505,0.3833334522262449,0.11922864686507152,0.41427148945704134,0.08316641145164079,25,30,20
47,506,0.3925595589512686,0.11922864655042448,0.40504537157022824,0.08316642292807691,25,30,20
47,507,0.3607350559948273,0.11922864867372271,0.43685784425259533,0.08317845107885617,25,30,20
47,508,0.35897189439640576,0.11922865083505517,0.4383519222354952,0.0834475325330454,25,30,20
47,509,0.3606835596814861,0.11922864977266251,0.4369091777730432,0.08317861277280977,25,30,20
47,510,0.3587280355349336,0.11922864765870923,0.43887672949790363,0.08316658730845505,25,30,20
47,511,0.3242681198904087,0.11987243296375782,0.4726931146169463,0.08316633252889064,25,30,20
47,512,0.32414217434540815,0.11987243347396934,0.4728190226939109,0.08316636948671517,25,30,20
47,513,0.3471710050144479,0.11987243347420591,0.44979019197577036,0.08316636953558053,25,30,20
47,514,0.30772218888229796,0.11987251371716993,0.45713199827546647,0.1152732991250703,25,30,20
47,515,0.30773351662781817,0.11987251373416757,0.4571206752323505,0.11527329440566708,25,30,20
47,516,0.30774506881173364,0.11987251373429791,0.45712071062717574,0.11526170682679636,25,30,20
47,517,0.3023003228538097,0.11922897619707769,0.46320994754478906,0.11526075340432779,25,30,20
47,518,0.31467027190734376,0.11922743396374534,0.4508432426725242,0.11525905145639058,25,30,20
47,519,0.33165109583300617,0.11922745099812991,0.4190284072506439,0.13009304591822143,25,30,20
47,520,0.32880124700663926,0.11922745125674063,0.4218283946471142,0.1301429070895075,25,30,20
47,521,0.32879661463528737,0.11922745126781878,0.421833017478858,0.1301429166180375,25,30,20
47,522,0.32880998434566633,0.11922720707491738,0.4218198919450873,0.1301429166343307,25,30,20
47,523,0.32879442965488453,0.11922720710037017,0.42183544542651874,0.13014291781822818,25,30,20
47,524,0.3287781686867463,0.11922723066519707,0.4218516788050295,0.13014292184302886,25,30,20
47,525,0.3294103148103153,0.11922723062911772,0.4212195434377318,0.13014291112283707,25,30,20
47,526,0.329214524885365,0.11922723069599309,0.4214153332831082,0.1301429111355356,25,30,20
47,527,0.30407687347073176,0.11922723119486406,0.4462018737494225,0.13049402158498602,25,30,20
47,528,0.33699998741253767,0.11922724762613512,0.41327829621870704,0.130494468742625,25,30,20
47,529,0.31577843664945765,0.11922722764064092,0.4120500956375436,0.1529442400723625,25,30,20
47,530,0.31285888607642004,0.11922724772645887,0.41496952095613254,0.15294434524099304,25,30,20
47,531,0.3130339991113227,0.11922775065148716,0.41479390622506473,0.15294434401213017,25,30,20
47,532,0.31286113101975416,0.11922724328964873,0.4149672816931925,0.15294434399740925,25,30,20
47,533,0.3128527323134957,0.1192272521675215,0.4149756715214386,0.1529443439975489,25,30,20
47,534,0.3128527357316303,0.11922725216757411,0.41497568706984056,0.15294432503095998,25,30,20
47,535,0.3128551984504816,0.11922724344385732,0.41497323306756684,0.15294432503809927,25,30,20
47,536,0.31285838360643425,0.11921319649417128,0.41498409487551213,0.1529443250238881,25,30,20
47,537,0.31576188204134253,0.1192131958208305,0.41282042233313326,0.15220449980469808,25,30,20
47,538,0.3186176376573497,0.1192131955733477,0.41001450139937,0.15215466536993694,25,30,20
47,539,0.3174328976691134,0.11921319548449637,0.4111954230276855,0.15215848381870994,25,30,20
47,540,0.31737577901714714,0.11921311523595725,0.40339336671554543,0.16001773903135608,25,30,20
47,541,0.31737288272777386,0.11921336803030746,0.4033960102322351,0.1600177390096894,25,30,20
47,542,0.3175935024081825,0.11921336796011202,0.4031753914779765,0.16001773815373468,25,30,20
47,543,0.31713159430680743,0.11921336805505435,0.40363729859569597,0.16001773904244807,25,30,20
47,544,0.3171313842283588,0.11921336805497455,0.4036372963167608,0.1600179513999115,25,30,20
47,545,0.3171196190767607,0.11922513583793642,0.40363729370718554,0.16001795137812141,25,30,20
47,546,0.3169422657331425,0.11922513583741953,0.4036351487594487,0.16019744966999327,25,30,20
47,547,0.2799571825025626,0.11922514597307549,0.44062033107712884,0.16019734044723807,25,30,20
47,548,0.2632606496905425,0.11922514342550981,0.45731658170180217,0.16019762518214964,25,30,20
47,549,0.2648538314463777,0.1192310476513182,0.45571759075056817,0.16019753015174104,25,30,20
47,550,0.2621344781334363,0.11923104764735569,0.45835763022666876,0.16027684399254521,25,30,20
47,551,0.26187233788583986,0.11923105422906072,0.4586974134076125,0.16019919447749287,25,30,20
47,552,0.26187787836134063,0.11921399658229688,0.45870893058066803,0.16019919447570052,25,30,20
47,553,0.25825273864500997,0.11921399613021645,0.46233409496817157,0.1601991702566081,25,30,20
47,554,0.2424205405788633,0.11922172493402101,0.4779591895172526,0.160398544969868,25,30,20
47,555,0.24242081084187592,0.11922172493404912,0.47795918974905616,0.16039827447502325,25,30,20
47,556,0.24241197175840073,0.11922172493404819,0.477968049576172,0.1603982537313831,25,30,20
47,557,0.2424215465915391,0.11922171845487452,0.47796014699155365,0.16039658796203657,25,30,20
47,558,0.2819753956241712,0.11922171871947791,0.43840641603294583,0.160396469623408,25,30,20
47,559,0.28051416912042504,0.11921584163163237,0.43987346448500736,0.160396524762938,25,30,20
47,560,0.2805690991096165,0.1188798617510396,0.4401545143169861,0.1603965248223603,25,30,20
47,561,0.2812695879097375,0.1182005736389546,0.4401333127504264,0.16039652570088397,25,30,20
47,562,0.28158259296921745,0.11820057353137825,0.43982027416184427,0.16039655933756244,25,30,20
47,563,0.29065006861905107,0.11820374272337895,0.43073449437982353,0.16041169427775018,25,30,20
47,564,0.2899747861079147,0.1188801815818597,0.43073333888697735,0.16041169342325223,25,30,20
47,565,0.289971999269677,0.11888018158176057,0.43073333176237866,0.16041448738618544,25,30,20
47,566,0.2889855426628877,0.1188807458131476,0.4317230535063311,0.16041065801763582,25,30,20
47,567,0.2923742616476128,0.11888085050063131,0.428333719445567,0.16041116840619085,25,30,20
47,568,0.2937211576624122,0.11881017150913513,0.427057501529106,0.16041116929934826,25,30,20
47,569,0.2937199752893387,0.11881017139966227,0.42705865431975903,0.16041119899124062,25,30,20
47,570,0.2991228868716259,0.11881014584088749,0.4216557051031263,0.16041126218436116,25,30,20
47,571,0.29963630331787355,0.11881014585413398,0.38669865766480377,0.1948548931631893,25,30,20
47,572,0.2922695908974563,0.11881025392687274,0.39403386431287296,0.19488629086279777,25,30,20
47,573,0.3291121993616969,0.11880969358061266,0.3571800508932462,0.1948980561644439,25,30,20
47,574,0.32912101748463324,0.11880969358066613,0.35718005311676293,0.19488923581793638,25,30,20
47,575,0.3290380690923167,0.1188096941843022,0.3572629742520217,0.1948892624713582,25,30,20
47,576,0.3290380175722173,0.11880969418430128,0.3572652501477037,0.1948870380957769,25,30,20
47,577,0.30179619491872967,0.11880650505743842,0.38452567520170794,0.19487162482212375,25,30,20
47,578,0.30059525077019045,0.11880650513732278,0.38572664489392944,0.19487159919855704,25,30,20
47,579,0.3013691071453515,0.11880715833945187,0.38495220468571356,0.1948715298294815,25,30,20
47,580,0.3013993480121661,0.11880692952499013,0.38492215286633813,0.1948715695965051,25,30,20
47,581,0.3014004054772073,0.11880692963601999,0.3849210931822149,0.19487157170455777,25,30,20
47,582,0.30140019137207963,0.11880692963593921,0.3849210873289307,0.19487179166305002,25,30,20
47,583,0.3003650192727965,0.11984355242107547,0.3849196379337156,0.1948717903724123,25,30,20
47,584,0.29997410394123114,0.11984355173044842,0.38531058092660453,0.19487176340171597,25,30,20
47,585,0.29946952494530893,0.11984355171720418,0.38030140759968206,0.20038551573780483,25,30,20
47,586,0.2994415220149781,0.11984355166949494,0.3803268775686957,0.20038804874683142,25,30,20
47,587,0.29399390334665015,0.11985473845942464,0.3857633573968331,0.20038800079709065,25,30,20
47,588,0.33037014480868093,0.11985473779572882,0.34973808941369133,0.20003702798189704,25,30,20
47,589,0.3370504538186203,0.11985472505220778,0.3430582422173529,0.20003657891181711,25,30,20
47,590,0.33683662991506635,0.11985462010896476,0.3432679080397297,0.20004084193623747,25,30,20
47,591,0.36724410574367883,0.11985490441598724,0.31285662055894686,0.20004436928138586,25,30,20
47,592,0.32821211552913243,0.11985490441720481,0.35189339890926247,0.2000395811444008,25,30,20
47,593,0.3481650654396606,0.11985490333481419,0.3319404592710238,0.200039571954502,25,30,20
47,594,0.3212663154776051,0.11985491241620344,0.3588373009672424,0.20004147113895027,25,30,20
47,595,0.32126397630486997,0.11985491675980774,0.35883963574465516,0.20004147119066853,25,30,20
47,596,0.35075415575977814,0.11985491693290846,0.32934742732864114,0.20004349997867574,25,30,20
47,597,0.3507408717105681,0.11986822196399487,0.32934740635638926,0.20004349996905166,25,30,20
47,598,0.34974045212656213,0.11986935305664587,0.33035329443804634,0.20003690037874958,25,30,20
47,599,0.34472976902958713,0.11986935724593888,0.33536411169738445,0.2000367620270929,25,30,20
47,600,0.3449585682619404,0.11986935727428343,0.3351353137894661,0.20003676067431025,25,30,20
47,601,0.33513041669851956,0.11986927236905587,0.34199545949633214,0.20300485143609204,25,30,20
47,602,0.33812080358548857,0.11986813762582049,0.33901133862643745,0.20299972016225315,25,30,20
47,603,0.33811475313962996,0.1198681376259233,0.33901134894681967,0.20300576028762723,25,30,20
47,604,0.35442516771992066,0.11986813763657331,0.322700902833007,0.2030057918104998,25,30,20
47,605,0.35442538091253695,0.11986792013732607,0.3227009071392532,0.20300579181088285,25,30,20
47,606,0.35444996603284296,0.11986792014049025,0.33086412132117465,0.1948179925054918,25,30,20
47,607,0.3800271267628597,0.11986790510523157,0.305260561323475,0.19484440680843115,25,30,20
47,608,0.39729785438416443,0.11986788176353187,0.2909894063709089,0.19184485748139274,25,30,20
47,609,0.39623845206465924,0.11986720089256274,0.292049489375844,0.19184485766693107,25,30,20
47,610,0.3962466992015248,0.11986720088962075,0.292041241443703,0.1918448584651485,25,30,20
47,611,0.3962189607142838,0.11986720088661328,0.28387804142209966,0.20003579697700066,25,30,20
47,612,0.39608370187800984,0.11986720088227935,0.28401330127943647,0.20003579596027163,25,30,20
47,613,0.3957960994461201,0.11986720187456258,0.2843007683480964,0.20003593033121828,25,30,20
47,614,0.3957753492872318,0.11986720187440456,0.2843007183148515,0.2000567305235094,25,30,20
47,615,0.39016680182371155,0.11986720203273725,0.2899074245207634,0.2000585716227852,25,30,20
47,616,0.3901667477258535,0.11986720203273439,0.28990514477746315,0.2000609054639467,25,30,20
47,617,0.38934876016265896,0.11986868315296142,0.2907216499613774,0.20006090672300034,25,30,20
47,618,0.38915927307274134,0.11986868305772096,0.29090919127205256,0.20006285259748285,25,30,20
47,619,0.4031413291684086,0.11986867396056523,0.27695357982698604,0.20003641704403802,25,30,20
47,620,0.4298476231677255,0.11986866513210837,0.2502491916776534,0.2000345200225102,25,30,20
47,621,0.42985686945363905,0.1198686651321675,0.25024926404592024,0.20002520136827176,25,30,20
47,622,0.42983631230294256,0.1198892367961012,0.2502492495177664,0.20002520138318938,25,30,20
47,623,0.4299947255333607,0.11973036971828321,0.2502497033424305,0.20002520140592528,25,30,20
47,624,0.400930205881904,0.11973036969942337,0.27931603945313155,0.20002338496554056,25,30,20
47,625,0.4007569848481929,0.119872107839894,0.2793475223897448,0.2000233849221676,25,30,20
47,626,0.4021240490530728,0.11987210350333276,0.27797871587050815,0.2000251315730832,25,30,20
47,627,0.40383295448176865,0.11987183043802575,0.27627352935724964,0.20002168572295406,25,30,20
47,628,0.3879818689854011,0.11987183042714784,0.2921246474728513,0.20002165311459827,25,30,20
47,629,0.3879416702622383,0.11987183038298425,0.29207216906895406,0.200114330285822,25,30,20
47,630,0.3879743931700918,0.11987183038316936,0.29207218621974135,0.20008159022699623,25,30,20
47,631,0.38797402380057355,0.11987183038347339,0.2921672091183906,0.19998693669756112,25,30,20
47,632,0.38346139493539605,0.11987183023744732,0.2966798638035282,0.19998691102362712,25,30,20
47,633,0.38381886416637784,0.11987183026681461,0.29632238402876404,0.19998692153804204,25,30,20
47,634,0.348840755358433,0.11989696316149372,0.3312753572201925,0.19998692425987932,25,30,20
47,635,0.3500406662624331,0.11989696307575043,0.3300754458076803,0.19998692485413472,25,30,20
47,636,0.3500679204246724,0.11988577178553353,0.33005940366960623,0.19998690412018647,25,30,20
47,637,0.3658324039275373,0.11988577216324943,0.31429491914599694,0.19998690476321512,25,30,20
47,638,0.36524700537528043,0.11988577215569357,0.3148803187958342,0.19998690367319066,25,30,20
47,639,0.36567294067092165,0.11988577940851755,0.3144546062790629,0.19998667364149703,25,30,20
47,640,0.3656816132023043,0.11987709298364599,0.3144546202015129,0.19998667361253603,25,30,20
47,641,0.3346655713057984,0.11987708173804691,0.3454707577797903,0.19998658917636175,25,30,20
47,642,0.3505375679858374,0.1198693531402137,0.32980585834308895,0.19978722053085768,25,30,20
47,643,0.35054066800109873,0.11986935314002921,0.329805957903157,0.19978402095571351,25,30,20
47,644,0.3505619861064248,0.11986827847039941,0.32978571437318716,0.19978402104998721,25,30,20
47,645,0.31549743485359794,0.11986826982183896,0.36485029358687704,0.19978400173768546,25,30,20
47,646,0.31549701522602847,0.11986826982177831,0.3648502211312469,0.19978449382094557,25,30,20
47,647,0.3089192588872504,0.11986826564598824,0.3714279658798904,0.19978450958687116,25,30,20
47,648,0.30891626325305827,0.11986826564617546,0.37142798681883604,0.19978748428193038,25,30,20
47,649,0.30903820572383145,0.11986826198576814,0.3713058982232196,0.19978763406718078,25,30,20
47,650,0.30905008416296914,0.11986826198581836,0.3713057889929135,0.19977586485829882,25,30,20
47,651,0.3053061998699132,0.11986826195248634,0.3750496808955882,0.19977585728201222,25,30,20
47,652,0.3048750124061137,0.11986826156814435,0.3754808700309957,0.19977585599474604,25,30,20
47,653,0.3048780098312441,0.11986826156795813,0.3754808491514892,0.1997728794493085,25,30,20
47,654,0.28387924767361705,0.11986826317337534,0.3964812949390666,0.19977119421394007,25,30,20
47,655,0.3113111726690686,0.11986891457697652,0.36904866172821904,0.19977125102573617,25,30,20
47,656,0.31164924038187447,0.11986891459563122,0.36870367092473094,0.19977817409776186,25,30,20
47,657,0.2935223581980191,0.11986910588109566,0.38683304322104456,0.19977549269984002,25,30,20
47,658,0.2937813272664366,0.11986910598105295,0.38656896799899554,0.1997805987535141,25,30,20
47,659,0.2937514385670105,0.11986910598100148,0.3865689598619123,0.1998104955900749,25,30,20
47,660,0.2937488644674094,0.11986910598092405,0.3865689507423506,0.19981307880931468,25,30,20
47,661,0.2937402538098224,0.11986910598090413,0.386569052154352,0.19982158805492026,25,30,20
47,662,0.2938444487020217,0.11986924950327231,0.3864633294248716,0.19982297236983299,25,30,20
47,663,0.29317290834159754,0.11986924910078706,0.387135018427971,0.19982282412964314,25,30,20
47,664,0.29026962354807134,0.11984444981529284,0.3900629552445099,0.19982297139212218,25,30,20
47,665,0.2940435803781083,0.11984380401520194,0.3862873243597169,0.1998252912469695,25,30,20
47,666,0.29404373281392604,0.11860544472919164,0.38752553120991495,0.19982529124696402,25,30,20
47,667,0.2947374117819433,0.11792290830976342,0.3875143878855155,0.19982529202277519,25,30,20
47,668,0.29472521672953694,0.11792290830971025,0.3875142831357926,0.19983759182495756,25,30,20
47,669,0.27680293072291845,0.11792351354569751,0.40542820461932644,0.19984535111205604,25,30,20
47,670,0.27681159667001454,0.11792351354569693,0.4054282045406898,0.19983668524359735,25,30,20
47,671,0.2767894677945661,0.11792351380463328,0.4054503611285379,0.19983665727226124,25,30,20
47,672,0.2836396949106377,0.11792350879191504,0.39860251564571497,0.19983428065173078,25,30,20
47,673,0.28292758174260463,0.11863618542647698,0.3986019530499202,0.19983427978099683,25,30,20
47,674,0.2828966994197422,0.11863618968994595,0.39863283117247245,0.19983427971783893,25,30,20
47,675,0.2828967530679358,0.11863618968994073,0.39863282740979705,0.1998342298323261,25,30,20
47,676,0.28151837315051137,0.11863618966904534,0.4000117473315885,0.1998336898488578,25,30,20
47,677,0.28151853129865034,0.11863618966909742,0.4000117481764331,0.19983353085582134,25,30,20
47,678,0.2815185284330693,0.11863618966909836,0.4000117467681021,0.19983353512973245,25,30,20
47,679,0.2888021397542836,0.11867972373422889,0.39267904140346294,0.19983909510802472,25,30,20
47,680,0.287854831958624,0.11867939023010488,0.3936268354298385,0.19983894238143293,25,30,20
47,681,0.2779400439855356,0.1186794057848194,0.40354157058761947,0.1998389796420273,25,30,20
47,682,0.29165814052534683,0.11867792771155995,0.38982495185989846,0.1998389799031944,25,30,20
47,683,0.29166707058970953,0.11867792771172178,0.38982496516261006,0.1998300365359584,25,30,20
47,684,0.2924697175563304,0.11867792722637871,0.3890223203478695,0.19983003486942114,25,30,20
47,685,0.2819111456986872,0.11867792389104319,0.39958089714298295,0.19983003326728677,25,30,20
47,686,0.2896558183608576,0.11867808886112212,0.3894042722010077,0.20226182057701245,25,30,20
47,687,0.28964714953164594,0.11867808886114953,0.38940900056607475,0.20226576104113037,25,30,20
47,688,0.28967062083130285,0.11867808609488449,0.38938553202678944,0.20226576104702523,25,30,20
47,689,0.28967660859414246,0.11867808609475071,0.3893855234396989,0.20225978187141075,25,30,20
47,690,0.2993648600066036,0.11867807234571574,0.3796973169866628,0.20225975066102062,25,30,20
47,691,0.29936496410533514,0.11867807234560739,0.3796973086206923,0.20225965492836778,25,30,20
47,692,0.2993649168268092,0.11991634650567397,0.3784590817390192,0.20225965492850068,25,30,20
47,693,0.28145814043555406,0.11991624788967994,0.39492249413013,0.20370311754463724,25,30,20
47,694,0.2957171233574068,0.1199167745496098,0.3806629361801025,0.20370316591288293,25,30,20
47,695,0.29594440048769977,0.11991677454077339,0.34719113436982396,0.2369476906017029,25,30,20
47,696,0.2999090840006805,0.11987324057209708,0.34327411753315235,0.23694355789407026,25,30,20
47,697,0.29990887379006154,0.11987324057204213,0.34327411252524187,0.23694377311265444,25,30,20
47,698,0.3037263433886884,0.119873330153436,0.341871393141974,0.2345289333159021,25,30,20
47,699,0.303737897186574,0.11986158699070003,0.3418715824930527,0.23452893332967462,25,30,20
47,700,0.3063577491447412,0.11986158737404341,0.3392517277202606,0.23452893576095526,25,30,20
47,701,0.3185042268037233,0.11986083900713827,0.3271150810245986,0.23451985316454013,25,30,20
47,702,0.3198297700960428,0.11853454939926544,0.3271158264974521,0.2345198540072401,25,30,20
47,703,0.2864089321436619,0.11853454947970098,0.3601386408367964,0.23491787753984159,25,30,20
47,704,0.30687123357795854,0.118534549020103,0.34007442233423957,0.23451979506769946,25,30,20
47,705,0.30554569015473415,0.11985017665089388,0.34008433895484885,0.23451979423952363,25,30,20
47,706,0.3053873100102783,0.11985017665424152,0.34024250666641065,0.23452000666906916,25,30,20
47,707,0.30563478596728744,0.1198502355918742,0.33999606914443414,0.23451890929640373,25,30,20
47,708,0.2900949186269149,0.11985023578834272,0.35553593312972254,0.23451891245501968,25,30,20
47,709,0.32948886998404964,0.11985023569944879,0.31614708614641335,0.23451380817008594,25,30,20
47,710,0.329488714373462,0.11985038873464628,0.316147088714774,0.23451380817711595,25,30,20
47,711,0.3294770001539236,0.11987296297386277,0.3161362287092448,0.23451380816296719,25,30,20
47,712,0.3115768555676956,0.11987270709463317,0.3340508139438777,0.2344996233937932,25,30,20
47,713,0.34574895266403194,0.11987270728796456,0.29987869300922687,0.23449964703877477,25,30,20
47,714,0.3058043546881287,0.11987270729269645,0.33982329095769537,0.23449964706148016,25,30,20
47,715,0.30589485931944116,0.1198727072793907,0.3397327881867242,0.23449964521444452,25,30,20
47,716,0.3021922448298955,0.11987299921225385,0.3434350853568536,0.23449967060099725,25,30,20
47,717,0.26641658082311825,0.1198730102731431,0.37920833204882287,0.23450207685491725,25,30,20
47,718,0.262589805993213,0.11987291658632153,0.3536798323362101,0.26385744508425385,25,30,20
47,719,0.2637426091981043,0.11987285810581495,0.3525274359104094,0.2638570967856701,25,30,20
47,720,0.2757298411706103,0.11987234341101917,0.3277344095818671,0.27666340583650173,25,30,20
47,721,0.2734032297365501,0.1198726431810342,0.3300607236024585,0.2766634034799559,25,30,20
47,722,0.2747762535125649,0.11987264371127156,0.3286908045738737,0.2766602982022876,25,30,20
47,723,0.27476742867275006,0.11987264371127299,0.32869080463239586,0.27666912298357765,25,30,20
47,724,0.2747643763149257,0.11987567739508272,0.32869082327070337,0.2766691230192839,25,30,20
47,725,0.274638835386339,0.1198753772418328,0.3288166643760727,0.27666912299575125,25,30,20
47,726,0.27597924727237194,0.11988507783704844,0.32746655180850914,0.27666912308206637,25,30,20
47,727,0.24508042453333093,0.11988512117325474,0.35836064825030306,0.2766738060431063,25,30,20
47,728,0.24511725229656192,0.11987542021664975,0.3241173740579709,0.3108899534288129,25,30,20
47,729,0.23615282311171854,0.11987537667468667,0.33308650999719325,0.3108852902163968,25,30,20
47,730,0.23330323916169932,0.1198753829378822,0.33765567606478597,0.30916570183562775,25,30,20
47,731,0.1956904376347659,0.1363023665150876,0.3588408528021366,0.30916634304800544,25,30,20
47,732,0.19569697164909272,0.1363023665168073,0.3588426030565444,0.30915805877755154,25,30,20
47,733,0.19764450241152098,0.13630239064060612,0.3568857062390981,0.309167400708771,25,30,20
47,734,0.1976356723131862,0.13631121770544308,0.3568857092724533,0.3091674007089139,25,30,20
47,735,0.23039294416704903,0.13631120454919265,0.3241308378172779,0.3091650134664773,25,30,20
47,736,0.22347413883694803,0.13631120396236965,0.33104964342420634,0.30916501377647365,25,30,20
47,737,0.22348300501211088,0.13631120396100646,0.33104800129961864,0.3091577897272616,25,30,20
47,738,0.22347712100159534,0.13628564983145725,0.3310794394755062,0.3091577896914383,25,30,20
47,739,0.22348590874810736,0.1362856498313783,0.33107470889279367,0.30915373252771755,25,30,20
47,740,0.22349783302171702,0.1362737171136104,0.3310747173300861,0.3091537325345838,25,30,20
47,741,0.2466488873122566,0.13627369321559946,0.30793170597117087,0.30914571350097103,25,30,20
47,742,0.24505398013846577,0.15778658485387653,0.2880143623829946,0.3091450726246611,25,30,20
47,743,0.24505435039783843,0.15778658485393293,0.28801436651021634,0.30914469823801116,25,30,20
47,744,0.24504734875135775,0.15778658477149984,0.2880213805508139,0.3091446859263265,25,30,20
47,745,0.2613936077399156,0.1577865773847974,0.2827618771902026,0.2980579376850822,25,30,20
47,746,0.2806312076159953,0.15778657744417757,0.26183044322004956,0.2997517717197758,25,30,20
47,747,0.28059632115965266,0.1577865773361801,0.26186526621390543,0.29975183529025906,25,30,20
47,748,0.30343899513298367,0.15778657733985035,0.23902280382884375,0.29975162369832037,25,30,20
47,749,0.27959182994927845,0.15778657752070913,0.26287129161643086,0.29975030091357907,25,30,20
47,750,0.27832934676547216,0.15778656581085157,0.26413377751140266,0.2997503099122709,25,30,20
47,751,0.2809248087346054,0.15778660262344904,0.26153836768495403,0.29975022095698867,25,30,20
47,752,0.2809158170469097,0.15778660262347574,0.26153836813200465,0.29975921219760693,25,30,20
47,753,0.2979814192648792,0.15778660261679225,0.24447276675392907,0.29975921136439726,25,30,20
47,754,0.279338021879777,0.15778660195149719,0.26311619434394423,0.2997591818247788,25,30,20
47,755,0.27934684861427805,0.15778660195149669,0.26311619427629535,0.2997503551579286,25,30,20
47,756,0.2793259852893695,0.15780746937304596,0.2631161901936682,0.29975035514391524,25,30,20
47,757,0.2806979215521044,0.1578074703494222,0.26174425012163854,0.29975035797683386,25,30,20
47,758,0.28055708457149175,0.15780747036694998,0.2618850849046434,0.2997503601569138,25,30,20
47,759,0.27917100549008156,0.15780747036241752,0.25752115215592775,0.30550037199157204,25,30,20
47,760,0.3086272480014525,0.15780754080774856,0.2280648394686903,0.3055003717221074,25,30,20
47,761,0.3086272460921398,0.1578075390433143,0.22806484314219852,0.3055003717223462,25,30,20
47,762,0.3086273554616308,0.15780743755832793,0.22806483525805366,0.30550037172198635,25,30,20
47,763,0.3086031349107809,0.1578074375579734,0.22806472723739118,0.30552470029385326,25,30,20
47,764,0.30861216449895534,0.15780743755799861,0.22806472905048153,0.30551566889256315,25,30,20
47,765,0.3061838006005378,0.15780760352158021,0.23049122342512857,0.305517372452752,25,30,20
47,766,0.2869488917554067,0.15780760346142472,0.2114599963992049,0.3437835083839624,25,30,20
47,767,0.28686060395245827,0.15780760344967007,0.21154830928883933,0.3437834833090319,25,30,20
47,768,0.2868514321070701,0.1578076034495921,0.21155748240011835,0.34378348204321896,25,30,20
47,769,0.2862498941884179,0.1578076034395002,0.20544409711909986,0.35049840525298187,25,30,20
47,770,0.28635068070689973,0.15780760303658728,0.20534331687124802,0.35049839938526484,25,30,20
47,771,0.286350522255038,0.15780760303656144,0.20534323405086646,0.3504986406575339,25,30,20
47,772,0.2825094893951483,0.15780754503176206,0.20918429871331984,0.35049866685976966,25,30,20
47,773,0.2817717306179903,0.15982444461060022,0.20790516046010876,0.3504986643113006,25,30,20
47,774,0.2817717294332053,0.13108879098244391,0.2366408152434693,0.3504986643408803,25,30,20
47,775,0.2817625590926486,0.13108728302567685,0.23665149356844709,0.35049866431322635,25,30,20
47,776,0.2817620305091003,0.13108728302556882,0.23665148934866398,0.35049919711666516,25,30,20
47,777,0.28150341116470756,0.13108729214336173,0.23691009760392376,0.35049919908800525,25,30,20
47,778,0.2787023033015913,0.13108729216202608,0.23971122971159745,0.35049917482478427,25,30,20
47,779,0.2787232130430852,0.13108729216215692,0.23971123983305762,0.35047825496169943,25,30,20
47,780,0.2787473609281498,0.1198569172680815,0.2509174668411809,0.35047825496258705,25,30,20
47,781,0.27910690634398616,0.11985691727791976,0.25091845984406513,0.3501177165340285,25,30,20
47,782,0.27910423066119305,0.1198569172794231,0.2509227744915048,0.35011607756787844,25,30,20
47,783,0.2449968176257869,0.11985694428688759,0.2616891080736878,0.37345713001363634,25,30,20
47,784,0.24501746719196807,0.1198569442854118,0.26168251580644947,0.37344307271616933,25,30,20
47,785,0.24526127493290273,0.11987663235242793,0.2614190199159859,0.37344307279868216,25,30,20
47,786,0.24488041027961344,0.11987663236284807,0.26179983258717593,0.3734431247703618,25,30,20
47,787,0.24514125585023236,0.11987663783132783,0.2615390266463457,0.37344307967209334,25,30,20
47,788,0.24513231854689288,0.11987663783130108,0.26153910681771697,0.3734519368040891,25,30,20
47,789,0.21815190650570748,0.11987647477900103,0.2885213836950913,0.37345023502019764,25,30,20
47,790,0.21813640056992475,0.11987647473988915,0.2793785298657648,0.3826085948244192,25,30,20
47,791,0.21813676948680238,0.1198764747399422,0.27937858779741803,0.382608167975835,25,30,20
47,792,0.22237363312770891,0.11987647480205903,0.27514171321554315,0.3826081788546858,25,30,20
47,793,0.2197995672636289,0.11987650127872508,0.27771575344566296,0.38260817801197916,25,30,20
47,794,0.2197991974202255,0.11987650127867107,0.27771566894528915,0.3826086323558106,25,30,20
47,795,0.2198050815024826,0.11988166898936996,0.2777046171237802,0.38260863238436427,25,30,20
47,796,0.21943655277358962,0.11988166897950583,0.2777036212599049,0.38297815698699667,25,30,20
47,797,0.21943654919804917,0.1198816689795058,0.27770362267873944,0.38297815914370326,25,30,20
47,798,0.21716065970221493,0.11988166759872594,0.24648403518941836,0.4164736375096386,25,30,20
47,799,0.2171698550794057,0.11988166759886436,0.2464840438714003,0.4164644334503274,25,30,20
47,800,0.217145886933506,0.11988167203642172,0.24650800760986868,0.4164644334202026,25,30,20
47,801,0.21742256220862033,0.119881662772737,0.2462312969924281,0.4164644780262136,25,30,20
47,802,0.2174434227047859,0.11988166277286645,0.24623130473293628,0.41644360978941014,25,30,20
47,803,0.21742282003244356,0.11988130776150602,0.24625226177161394,0.41644361043443484,25,30,20
47,804,0.21740865353565872,0.11988130776170294,0.24634447955645883,0.41636555914617807,25,30,20
47,805,0.21740881655293096,0.11988130776173068,0.24634447820408303,0.41636539748125406,25,30,20
47,806,0.21812985901480858,0.11988130776814016,0.24634495710366974,0.41564387611338005,25,30,20
47,807,0.2182399000707516,0.11989514709495998,0.24622107657958864,0.4156438762546983,25,30,20
47,808,0.21571496984318286,0.11995540356581812,0.23140215065470207,0.43292747593629594,25,30,20
47,809,0.1991122149771664,0.11995539501893696,0.24800389869103526,0.4329284913128601,25,30,20
47,810,0.1991150005606424,0.11995260355951584,0.24800390455283483,0.4329284913270067,25,30,20
47,811,0.19912398489336205,0.11995260355948814,0.24800390258871907,0.43291950895843107,25,30,20
47,812,0.18255174321569606,0.1199525981977711,0.2645761564638033,0.43291950212272945,25,30,20
47,813,0.1821828884917874,0.11995259819077432,0.25847655104873984,0.43938796226869814,25,30,20
47,814,0.18192605222424882,0.11993291022843372,0.25875306960139294,0.4393879679459213,25,30,20
47,815,0.181771486928748,0.11995314187034312,0.2588874090330724,0.43938796216783316,25,30,20
47,816,0.18105076079921617,0.11995314186398673,0.2588868533683904,0.4401092439684032,25,30,20
47,817,0.18105664578850664,0.11997868761898124,0.2588554225955502,0.440109243996959,25,30,20
47,818,0.18104766414451948,0.11997868761900765,0.2588554245072511,0.440118223729219,25,30,20
47,819,0.1810361031208518,0.11997868761884994,0.2588554531435936,0.4401297561167021,25,30,20
47,820,0.18103541693530278,0.11997869385499815,0.25885613376831523,0.4401297554413822,25,30,20
47,821,0.19770284318705073,0.11997869375475816,0.24218870366402015,0.4401297593941687,25,30,20
47,822,0.197693806382126,0.11997869375464701,0.2421886953404162,0.44013880452280935,25,30,20
47,823,0.19769364509274368,0.11997869375462022,0.24218869485084216,0.44013896630179283,25,30,20
47,824,0.19769353723515992,0.11997869375467457,0.24218869877308363,0.4401390702370809,25,30,20
47,825,0.19769369772065423,0.11997869375469997,0.24218869918112226,0.44013890934352246,25,30,20
47,826,0.1977025215919806,0.11997869375469941,0.24218869897627307,0.44013008567704587,25,30,20
47,827,0.19966788247611122,0.11995846794294004,0.2402435630942813,0.4401300864866659,25,30,20
47,828,0.19460738547337533,0.11995844053362907,0.22871775093274438,0.45671642306024973,25,30,20
47,829,0.19460134072795654,0.11995844053370844,0.2287200372014728,0.45672018153686056,25,30,20
47,830,0.19469975015511326,0.11994460111529225,0.2286354635219323,0.4567201852076616,25,30,20
47,831,0.1947357888680861,0.1199446011185295,0.22863347042142354,0.45668613959196075,25,30,20
47,832,0.19473022381928684,0.11994989453646386,0.22863374208084164,0.45668613956340737,25,30,20
47,833,0.19466947492401865,0.11994989475329776,0.2286944933359267,0.4566861369867564,25,30,20
47,834,0.19467236537655908,0.11994989475345774,0.22869450865052982,0.4566832312194527,25,30,20
47,835,0.19466065207064495,0.11994989475338222,0.22878665688181404,0.4566027962941579,25,30,20
47,836,0.19465685164494623,0.11994989475315826,0.22869444111510118,0.4566988124867935,25,30,20
47,837,0.19465652956339433,0.11995050477191362,0.22869415317791067,0.45669881248678057,25,30,20
47,838,0.1946473859820772,0.11995050477186149,0.2287007515997302,0.45670135764633074,25,30,20
47,839,0.1946324694450957,0.11995050476864969,0.2287006961159166,0.45671632967033765,25,30,20
47,840,0.19463551780509664,0.11993933255523961,0.22870881999801906,0.4567163296416441,25,30,20
47,841,0.19463551924372105,0.11993933255526673,0.22870881936417956,0.456716328836832,25,30,20
47,842,0.1928699170964306,0.11993933304541347,0.23047442057674072,0.45671632928141487,25,30,20
47,843,0.19287855174830806,0.11993933304541411,0.23047441945546177,0.45670769575081543,25,30,20
47,844,0.19287850636068996,0.11993933304541414,0.23046793324676781,0.4567142273471274,25,30,20
47,845,0.1935906251487263,0.11993933304587022,0.23046857118217598,0.45600147062322677,25,30,20
47,846,0.19358164058833324,0.11993933304592234,0.23038302000798505,0.4560960063577585,25,30,20
47,847,0.19358784391039202,0.11993933304581902,0.2303807334801878,0.4560920895636002,25,30,20
47,848,0.1935876816690587,0.11993933304571389,0.23037421047257187,0.45609877481265465,25,30,20
47,849,0.19964427477809166,0.11993933342816639,0.224317491832576,0.4560988999611651,25,30,20
47,850,0.19877775247980659,0.11993933304536407,0.22518414149901644,0.45609877297581136,25,30,20
47,851,0.19016291900599874,0.12159366386456875,0.2321438599109943,0.4560995572184373,25,30,20
47,852,0.19013525801497366,0.12159366386425927,0.23214152582266245,0.45612955229810426,25,30,20
47,853,0.1901263316969179,0.12159366386439129,0.23214153470921864,0.4561384697294718,25,30,20
47,854,0.19436036675204169,0.12159367801241708,0.22790300956927315,0.4561429456662679,25,30,20
47,855,0.19436955940953518,0.12159367801246956,0.22790289592587365,0.4561338666521217,25,30,20
47,856,0.19436682271616992,0.12159641428176249,0.22790289634968933,0.45613386665237887,25,30,20
47,857,0.1875190626614172,0.12159916719374678,0.2346675340672559,0.4562142360775814,25,30,20
47,858,0.18753992190459243,0.12159916719387573,0.23466754174003868,0.45619336916149433,25,30,20
47,859,0.17467651670014261,0.12159916319285763,0.24753199000638415,0.45619233010061594,25,30,20
47,860,0.17468838969292783,0.12159916319293636,0.24753199565153686,0.4561804514625999,25,30,20
47,861,0.17468843835673906,0.12159916319296257,0.24753199759369726,0.4561804008566017,25,30,20
47,862,0.17557389068735568,0.1215991632625575,0.24664654448689877,0.4561804015631887,25,30,20
47,863,0.17506113298316783,0.12159916327011054,0.24664879834380432,0.45669090540291785,25,30,20
47,864,0.1750704856543182,0.12159916327003298,0.2466487992944571,0.4566815517811931,25,30,20
47,865,0.17486458543559508,0.12159915696006433,0.24685470709601529,0.4566815505083261,25,30,20
47,866,0.16569574074936025,0.12159925419300852,0.2496243176512952,0.4630806874063371,25,30,20
47,867,0.16570493030211986,0.12159925419306632,0.24963092021134223,0.46306489529347306,25,30,20
47,868,0.16570471824412422,0.12159925419303956,0.24963091825822428,0.4630651093046131,25,30,20
47,869,0.1593998617161375,0.12159925864834627,0.2559333693449704,0.46306751029054705,25,30,20
47,870,0.15941157263671582,0.12159925864831449,0.2559333665545781,0.46305580216039277,25,30,20
47,871,0.16073668125437446,0.1215992586547184,0.2559339922991652,0.4617300677917436,25,30,20
47,872,0.16073092243541307,0.12159925431648919,0.2559396844150109,0.4617301388330852,25,30,20
47,873,0.1605315647566736,0.12159925430848098,0.2559367512552265,0.461932429679618,25,30,20
47,874,0.16054039338911721,0.12159042561731781,0.2559367513139583,0.46193242967960585,25,30,20
47,875,0.16055248760841603,0.12159042561742528,0.25593676062570303,0.4619203261484547,25,30,20
47,876,0.16055211710096878,0.12159042561744964,0.2559367600508593,0.4619206972307212,25,30,20
47,877,0.1764065538279938,0.12159041148583079,0.2400868120874282,0.46191622259874554,25,30,20
47,878,0.1764065593055789,0.12159041148582986,0.240086814025219,0.4619162151833702,25,30,20
47,879,0.1763944275419834,0.12159041148569712,0.2400802057578916,0.4619349552144259,25,30,20
47,880,0.17640046698232545,0.12159041148559148,0.2400801961833305,0.4619289253487508,25,30,20
47,881,0.17639164595223275,0.12159041148559205,0.24008019530271976,0.46193774725945375,25,30,20
47,882,0.17643689396627787,0.12159041148586124,0.2400802607043666,0.46189243384349254,25,30,20
47,883,0.17646188502887636,0.12159041148616258,0.24008030207932118,0.461867401405638,25,30,20
47,884,0.1762587537846769,0.12227008063784678,0.23960383903942295,0.46186732653805224,25,30,20
47,885,0.17625907296209029,0.12226937268934716,0.23960422777433432,0.46186732657422724,25,30,20
47,886,0.17493353828635239,0.1222693726830197,0.2396034211011162,0.46319366792951094,25,30,20
47,887,0.17493064406032663,0.12226937268289668,0.23985488726401383,0.46294509599276273,25,30,20
47,888,0.1749300647416241,0.12226937268292114,0.2398548824918142,0.4629456800836401,25,30,20
47,889,0.17493017252013504,0.12226926469841434,0.23985488271221855,0.46294568006923137,25,30,20
47,890,0.17492124286447616,0.12226926469870719,0.23985491425553349,0.46295457818128255,25,30,20
47,891,0.1560487564289115,0.12226926520900536,0.25872739873788964,0.4629545796241923,25,30,20
47,892,0.15600279479388232,0.12226926520857033,0.25872734753886883,0.46300059245867764,25,30,20
47,893,0.1559819351034376,0.12226926520844039,0.25872725734882057,0.46302154233930126,25,30,20
47,894,0.15598188591609272,0.12226926520843896,0.25872725769099775,0.4630215911844704,25,30,20
47,895,0.13068653551728393,0.12226652408806586,0.2841056670942381,0.4629412733004117,25,30,20
47,896,0.11390676121730257,0.12226657380137242,0.3072845008196145,0.4565421641617114,25,30,20
47,897,0.10714708676506036,0.1222665617922333,0.3140442401816171,0.45654211126109023,25,30,20
47,898,0.10848952500817999,0.12226656178324077,0.31270180191834424,0.45654211129023414,25,30,20
47,899,0.10048004034341929,0.12226643750582561,0.3207111373698185,0.45654238478093523,25,30,20
47,900,0.10047977333807603,0.12226690895361467,0.3207109329631692,0.45654238474513853,25,30,20
47,901,0.10048285984787127,0.12165434074167354,0.32132041465120664,0.4565423847592472,25,30,20
47,902,0.1004740387422315,0.12165434074167367,0.3213204147234466,0.45655120579264724,25,30,20
47,903,0.10047404252823293,0.12164648308858149,0.3213282685905305,0.45655120579265407,25,30,20
47,904,0.10047090844116471,0.1222587330108355,0.3207191527698137,0.45655120577818503,25,30,20
47,905,0.10046892300994463,0.1222587321600596,0.3207211431697294,0.45655120166026175,25,30,20
47,906,0.10046271956235119,0.12227241967127846,0.32071365909182126,0.4565512016745443,25,30,20
47,907,0.10045084296415192,0.12227241967114753,0.32071364823932563,0.4565630891253701,25,30,20
47,908,0.11254877733291192,0.12227242496405102,0.3086157119150861,0.4565630857879458,25,30,20
47,909,0.1356272497789149,0.12227242870706599,0.2855372195282765,0.45656310198573796,25,30,20
47,910,0.13566098265857524,0.12227242871038424,0.2855373672538892,0.4565292213771468,25,30,20
47,911,0.1021174185753829,0.12272785844918671,0.31858486509132367,0.45656985788410237,25,30,20
47,912,0.10208384817004604,0.12272785844589486,0.31858471786538645,0.4566035755186684,25,30,20
47,913,0.10259146330091268,0.12272798253769433,0.318076322270098,0.4566042318912911,25,30,20
47,914,0.10255503908872919,0.12272798253742456,0.31807625622723495,0.45664072214660706,25,30,20
47,915,0.10254321556627367,0.12272798253702437,0.31807621599045927,0.4566525859062399,25,30,20
47,916,0.10254899756172353,0.12272798253723931,0.3180762339658663,0.4566467859351681,25,30,20
47,917,0.10425134996528097,0.12272785843540124,0.31637466123651803,0.45664613036279705,25,30,20
47,918,0.10425177273251221,0.1227247300355183,0.31637736686800333,0.456646130363964,25,30,20
47,919,0.08836789784138531,0.1210710217598511,0.3339129155505967,0.4566481648481642,25,30,20
47,920,0.08836774223849046,0.12107102175978646,0.33366143561650846,0.4568998003852132,25,30,20
47,921,0.08836774600106997,0.12107102175978693,0.33366143776412976,0.4568997944750118,25,30,20
47,922,0.06576967247218857,0.12494108564157588,0.3523892685699343,0.4568999733163016,25,30,20
47,923,0.06664134460302569,0.12107101798565292,0.3553877215660686,0.4568999158452531,25,30,20
47,924,0.06663844947062326,0.12107409130973533,0.35538754338855233,0.45689991583108935,25,30,20
47,925,0.0692179148257659,0.12061865779959594,0.35330654641717374,0.4568568809574648,25,30,20
47,926,0.0678995110067258,0.12061865703959886,0.3546249530076225,0.45685687894605315,25,30,20
47,927,0.06670460233446027,0.12061865652198306,0.35581986495238205,0.4568568761911711,25,30,20
47,928,0.06540448465190224,0.12061899936755442,0.357119639781553,0.456856876198988,25,30,20
47,929,0.06405087255356394,0.12061899937329944,0.3584732531464628,0.45685687492667115,25,30,20
47,930,0.06406658856866355,0.12061899937501838,0.3584733810263982,0.45684103102991785,25,30,20
47,931,0.06407345896690968,0.12061899937478893,0.35847340787368087,0.45683413378461957,25,30,20
47,932,0.0640736202547318,0.12061899937476506,0.3587394573829599,0.4565679229875424,25,30,20
47,933,0.06415715702339006,0.12061899305321781,0.3586559230580784,0.4565679268653167,25,30,20
47,934,0.05580433383604103,0.12061899637975991,0.3670086782316865,0.45656799155251554,25,30,20
47,935,0.05582541317737383,0.12059797186628153,0.367008623389285,0.4565679915670627,25,30,20
47,936,0.055825407446302676,0.12059797186628149,0.36700862128595974,0.45656799940145937,25,30,20
47,937,0.055825147031446115,0.12060907486745948,0.36699777870068245,0.4565679994004154,25,30,20
47,938,0.05578913949913396,0.12062981898228373,0.3670130421544816,0.45656799936410436,25,30,20
47,939,0.05578031190017506,0.12062981898228392,0.36701304198134044,0.4565768271362036,25,30,20
47,940,0.05578046499676611,0.12062983227115558,0.36701287559576945,0.4565768271363125,25,30,20
47,941,0.055780461484985805,0.1206292966950697,0.36701341468375853,0.4565768271361897,25,30,20
47,942,0.055783198944825765,0.1206269428523733,0.36701303104531563,0.45657682715748904,25,30,20
47,943,0.0557689971420358,0.120626942843592,0.3670272309742694,0.456576829040107,25,30,20
47,944,0.05578092737331856,0.12062694284367033,0.3670272395855427,0.45656489019747243,25,30,20
47,945,0.05579001658661022,0.12062694284375289,0.3670272421559337,0.45655579841370736,25,30,20
47,946,0.055789992823382456,0.12062690621766052,0.3670273025322387,0.45655579842672256,25,30,20
47,947,0.055789940730827325,0.11994723705813412,0.3677070237853313,0.4565557984257103,25,30,20
47,948,0.05579875896417998,0.11994723705813357,0.36770702374959924,0.4565469802280909,25,30,20
47,949,0.055807750828894234,0.11994723705810635,0.36770705217109634,0.4565379599419071,25,30,20
47,950,0.051734395353393275,0.11994661480456452,0.3717838605305824,0.4565351293114627,25,30,20
47,951,0.06350546007849091,0.11994661627589007,0.3600127704019675,0.4565351532436546,25,30,20
47,952,0.06351192595445722,0.11991776868826762,0.3600351521350456,0.4565351532222325,25,30,20
47,953,0.06250761225434007,0.11985750929527036,0.3384190740640505,0.4792158043863409,25,30,20
47,954,0.0625473766220578,0.11985750930190686,0.33841929073067756,0.4791758233453598,25,30,20
47,955,0.06256785301450876,0.11985750930192005,0.33841758639741487,0.4791570512861583,25,30,20
47,956,0.08619620818962892,0.11985750933326411,0.3147892631410573,0.4791570193360483,25,30,20
47,957,0.0861971780484018,0.11985781866900887,0.31478798372646244,0.47915701955612555,25,30,20
47,958,0.08622124242342294,0.11985781866935877,0.3147880125859428,0.47913292632127447,25,30,20
47,959,0.08621503837444455,0.11985781866945967,0.31452197307199814,0.47940516988409654,25,30,20
47,960,0.08643541311938273,0.11985781867901242,0.3145227587324229,0.4791840094691812,25,30,20
47,961,0.08080155309329169,0.11985779599879873,0.3201569431680829,0.4791837077398315,25,30,20
47,962,0.11225999357618947,0.11985780077725144,0.28869389259062106,0.4791883130559377,25,30,20
47,963,0.112263107021439,0.11985780077736148,0.2886956813095017,0.4791834108916974,25,30,20
47,964,0.11225701414901268,0.11985780077743804,0.2886956882312271,0.47918949684232154,25,30,20
47,965,0.11221241530198173,0.1198578007770447,0.2886956554151759,0.47923412850579716,25,30,20
47,966,0.1122087518540919,0.11985780077703521,0.2886956119873561,0.47923783538151726,25,30,20
47,967,0.11219987835395623,0.11985780077701037,0.2886956106837686,0.4792467101852653,25,30,20
47,968,0.13243120600684063,0.11985780113606229,0.2682527679017369,0.4794582249553603,25,30,20
47,969,0.13242836617978493,0.11985780113592996,0.26825275689436034,0.4794610757899249,25,30,20
47,970,0.13244030536630128,0.11985780113600794,0.2682527666183253,0.4794491268793657,25,30,20
47,971,0.1324409349642243,0.11985749189323817,0.26475356899549957,0.48294800414703815,25,30,20
47,972,0.13227654012723547,0.11985749275190298,0.26491796467220124,0.4829480024486605,25,30,20
47,973,0.1322793217658601,0.1198574927520057,0.26491797501922115,0.4829452104629133,25,30,20
47,974,0.13227933198713418,0.11985749275200533,0.26491797290798713,0.4829452023528734,25,30,20
47,975,0.13228426778984909,0.1198574927313765,0.2649130409703256,0.4829451985084492,25,30,20
47,976,0.13228393853755402,0.11985749273131813,0.26491307835343664,0.4829454903776915,25,30,20
47,977,0.13366542661223582,0.11985749275171032,0.26352469568139797,0.482952384954653,25,30,20
47,978,0.1336562901544919,0.11986717437287851,0.26352415051771627,0.4829523849549107,25,30,20
47,979,0.16695614629740763,0.11984608834161366,0.2302453789960477,0.4829523863649273,25,30,20
47,980,0.1669613903660545,0.119846088340031,0.23024526238940987,0.48294725890450074,25,30,20
47,981,0.16696198054873015,0.11984608834000848,0.23024526728634495,0.4829466638249125,25,30,20
47,982,0.18531318555657003,0.11984609983359276,0.21189217145066291,0.4829485431591701,25,30,20
47,983,0.18530124080329619,0.11984609983351485,0.2118922421376768,0.4829604172255085,25,30,20
47,984,0.18291561969462375,0.11984609042419654,0.213901561155643,0.4833367287255328,25,30,20
47,985,0.17886776003191573,0.11984609021520674,0.21794942506277404,0.4833367246900995,25,30,20
47,986,0.17885005855905622,0.11984609021508258,0.21794942756486876,0.4833544236609894,25,30,20
47,987,0.1788831029826477,0.1198460902152931,0.21794948731724362,0.4833213194848127,25,30,20
47,988,0.17889044490445916,0.11984609004568758,0.21792697842682945,0.48333648662302087,25,30,20
47,989,0.1795670368385867,0.11984608918987705,0.21725038651207398,0.4833364874594577,25,30,20
47,990,0.1795907212199048,0.11984437349930904,0.21722841779240532,0.4833364874883756,25,30,20
47,991,0.18450541631444836,0.11984437274094473,0.21231372392945644,0.483336487015145,25,30,20
47,992,0.18449642357886947,0.11984437274097003,0.21231372569381865,0.4833454779863364,25,30,20
47,993,0.18449642167891575,0.11984437367367055,0.2123137266610696,0.4833454779863387,25,30,20
47,994,0.18449657167295705,0.11984423167582146,0.21231371866513662,0.4833454779860795,25,30,20
47,995,0.18427619395819217,0.11984423166626962,0.21231293255282338,0.4835666418227102,25,30,20
47,996,0.1844430334281154,0.11967697985339067,0.21231334321034415,0.4835666435081452,25,30,20
47,997,0.18448575425368208,0.11967723182776144,0.21578439351666112,0.48005262040189145,25,30,20
47,998,0.1844853736207791,0.11967723182781079,0.21578601168686162,0.4800513828645445,25,30,20
47,999,0.18448852611213165,0.1196772318275985,0.21578421523061078,0.48005002682965636,25,30,20
47,1000,0.18447949163438576,0.11967723182757213,0.21578259213634834,0.48006068440169103,25,30,20
47,1001,0.184488525836984,0.1196772318276251,0.2157825960098556,0.4800516463255326,25,30,20
47,1002,0.184494355149886,0.11967723182767276,0.21578258538910164,0.48004582763333686,25,30,20
47,1003,0.18450323530913088,0.09093892804407469,0.24451200901333478,0.48004582763345627,25,30,20
47,1004,0.18452153566037555,0.09093892804574248,0.24451221092759,0.4800273253662886,25,30,20
47,1005,0.18469604488585645,0.09093892804599457,0.2445171633429947,0.4798478637251521,25,30,20
47,1006,0.1695540510870668,0.09093891691978512,0.2596610235358848,0.479846008457261,25,30,20
47,1007,0.16954523099190305,0.09093891691986654,0.2596610665322479,0.47985478555598,25,30,20
47,1008,0.1702455951230006,0.0909389169263552,0.259663210160502,0.47915227779013997,25,30,20
47,1009,0.1700799154689094,0.09093891692610212,0.2596582576239051,0.47932290998108107,25,30,20
47,1010,0.17006798591669514,0.09093891692599283,0.2596582464213443,0.47933485073596566,25,30,20
47,1011,0.17817815890943353,0.09093867189541933,0.2515483386369366,0.47933483055820875,25,30,20
47,1012,0.17817800328090727,0.09093867189539347,0.2515483382114234,0.47933498661227447,25,30,20
47,1013,0.17817772708559754,0.09093867189573683,0.25154836404176056,0.47933523697690406,25,30,20
47,1014,0.17185180804479722,0.0909458270314775,0.25786715021325934,0.4793352147104653,25,30,20
47,1015,0.171863785845564,0.09094582703126301,0.2578671596343801,0.4793232274887921,25,30,20
47,1016,0.17166679180754038,0.09114364697068911,0.25786633543318255,0.4793232257885867,25,30,20
47,1017,0.1716642139906923,0.09114364697061123,0.25786632837983575,0.47932581065886026,25,30,20
47,1018,0.2101894605273188,0.09114364722204968,0.21934107207859124,0.47932582017203956,25,30,20
47,1019,0.1912386964340167,0.0911436475978268,0.2385033236730963,0.47911433229506045,25,30,20
47,1020,0.19124484520639545,0.09113695253120406,0.23850386995255082,0.47911433230984984,25,30,20
47,1021,0.19124757696678907,0.09113695253122552,0.23850383583367896,0.4791116346683067,25,30,20
47,1022,0.19123843394112455,0.09113695253117297,0.23850383654150176,0.47912077698620076,25,30,20
47,1023,0.19135977454627479,0.09374994837442728,0.23576949992646207,0.47912077715283613,25,30,20
47,1024,0.19135362916564097,0.0937566339354336,0.23576895976099224,0.47912077713793344,25,30,20
47,1025,0.23121107157298415,0.09375663393211736,0.19591151739045182,0.479120777104447,25,30,20
47,1026,0.23121711292624286,0.09375663393198584,0.1959115071481822,0.4791147459935893,25,30,20
47,1027,0.22108354957748083,0.09379140348438497,0.20601027654188506,0.4791147703962486,25,30,20
47,1028,0.2210835468286117,0.09379140348438546,0.20601027585040396,0.47911477383659845,25,30,20
47,1029,0.21979553105767835,0.09379140280939108,0.20729830546234873,0.4791147606705814,25,30,20
47,1030,0.21974687528933104,0.09379140280286295,0.20729806488505104,0.47916365702275393,25,30,20
47,1031,0.21864555036877797,0.09379140279404767,0.20840628537977385,0.47915676145739927,25,30,20
47,1032,0.21871742811820244,0.09379140314205524,0.20833441975291467,0.4791567489868267,25,30,20
47,1033,0.212220933970648,0.09453616041264898,0.21408615563574887,0.4791567499809515,25,30,20
47,1034,0.21216180595841688,0.09453616512854976,0.21414484114937715,0.47915718776365346,25,30,20
47,1035,0.2121705828174137,0.09453616512874043,0.21427422446506494,0.4790190275887784,25,30,20
47,1036,0.21215267643449504,0.09453616513032259,0.2142742004556471,0.4790369579795331,25,30,20
47,1037,0.21244839909164775,0.0945290140249935,0.2139856306813862,0.47903695620196884,25,30,20
47,1038,0.21244876168997529,0.09452901402504564,0.21398566159104807,0.4790365626939274,25,30,20
47,1039,0.19038154573842891,0.0945290092664236,0.2360575860645353,0.47903185893060957,25,30,20
47,1040,0.19109344267444875,0.09452900927572541,0.23605829395194855,0.47831925409787496,25,30,20
47,1041,0.19074977271791443,0.09452900836058582,0.2364019657034406,0.4783192532180567,25,30,20
47,1042,0.21041666280406246,0.09452900846877586,0.21673493590080084,0.47831939282635827,25,30,20
47,1043,0.2097307951383387,0.09452900915824237,0.21742061765605483,0.47831957804736147,25,30,20
47,1044,0.20970629427689202,0.09452900915660041,0.21742042819665522,0.47834426836984933,25,30,20
47,1045,0.20902668256946488,0.09452900915019102,0.2174182918014638,0.47902601647887716,25,30,20
47,1046,0.209026842202006,0.09452900914994589,0.2172889059974651,0.47915524265057974,25,30,20
47,1047,0.20832686996837627,0.09452900914069363,0.21728820742071156,0.47985591347021544,25,30,20
47,1048,0.20831803972247415,0.09452900914069325,0.2172904846028905,0.47986246653393905,25,30,20
47,1049,0.20829711801560877,0.09452900914059043,0.21729047262865436,0.4798834002151433,25,30,20
47,1050,0.2082943362486948,0.09453167403059211,0.21729058951972705,0.4798834002009836,25,30,20
47,1051,0.20830295704356183,0.09453167403056525,0.21728830885198774,0.47987706007388276,25,30,20
47,1052,0.20830295795185996,0.09453167403056523,0.2172883148449881,0.47987705317258444,25,30,20
47,1053,0.23852181204434927,0.09453166888761516,0.18706989079051276,0.479876628277521,25,30,20
47,1054,0.23853374675365738,0.09453166888769264,0.1870699008678657,0.47986468349078243,25,30,20
47,1055,0.23853706620556214,0.09453166888775097,0.18706990000004114,0.4798613649066445,25,30,20
47,1056,0.23853722888809473,0.09453166888777784,0.18706990252129047,0.4798611997028358,25,30,20
47,1057,0.23852546174839673,0.09453166888767232,0.1870698948873517,0.47987297447657795,25,30,20
47,1058,0.23853144609774612,0.09453166888598595,0.18706990973909432,0.4798669752771723,25,30,20
47,1059,0.23851933757650234,0.09454329617791418,0.18707039098906397,0.4798669752565187,25,30,20
47,1060,0.23818353111722512,0.09454330438026702,0.187406051833647,0.4798671126688601,25,30,20
47,1061,0.228086198249803,0.09454535161270826,0.17918695919277744,0.49818149094471026,25,30,20
47,1062,0.22807988298228715,0.09454535161289052,0.17918690003330642,0.49818786537151494,25,30,20
47,1063,0.22809821890123988,0.09454535161615958,0.17918703524491458,0.498169394237685,25,30,20
47,1064,0.22809815813287607,0.09454498265327782,0.17918746497526009,0.4981693942385853,25,30,20
47,1065,0.2280865408867171,0.09454522730940447,0.17919883756389637,0.4981693942399818,25,30,20
47,1066,0.2264301324572417,0.09380046317175227,0.18160001246696544,0.49816939190403997,25,30,20
47,1067,0.22643001492977155,0.09380046317172532,0.18160001142165227,0.49816951047685043,25,30,20
47,1068,0.2284884062028727,0.0937984160463967,0.19785216927094018,0.47986100847978974,25,30,20
47,1069,0.22849723343366196,0.0937984160464233,0.19785214463222087,0.4798522058876932,25,30,20
47,1070,0.22767340415846837,0.09379851555344423,0.19867536328128918,0.47985271700679705,25,30,20
47,1071,0.20531625075716572,0.09379851531159933,0.22103857245448283,0.47984666147675165,25,30,20
47,1072,0.20589208267959472,0.0937985151706812,0.22046289594426785,0.47984650620545566,25,30,20
47,1073,0.20591294456879003,0.09379851517083941,0.22046293647632573,0.47982560378404426,25,30,20
47,1074,0.2079835442045399,0.09379851517124185,0.2183923328203733,0.4798256078038446,25,30,20
47,1075,0.2079869204835305,0.09379569547635841,0.2183917762220595,0.4798256078180513,25,30,20
47,1076,0.20799028876322448,0.09379569547609283,0.2183917550300344,0.47982226073064765,25,30,20
47,1077,0.20790713341103934,0.11816135388795423,0.1941092516567858,0.4798222610442205,25,30,20
47,1078,0.20793124236891367,0.11816135388819529,0.19448172631003685,0.47942567743285375,25,30,20
47,1079,0.20792530525624703,0.11816135388846384,0.19448337729424384,0.47942996356104545,25,30,20
47,1080,0.1908952719373511,0.1181265848651789,0.21154597739372832,0.47943216580374154,25,30,20
47,1081,0.1908834977417359,0.11812658486507517,0.2115460827110353,0.4794438346821534,25,30,20
47,1082,0.190839400792347,0.11988324741246995,0.20983351759206795,0.47944383420311504,25,30,20
47,1083,0.19084818217353056,0.11988324741241685,0.20983351324851462,0.4794350571655379,25,30,20
47,1084,0.1908481812681205,0.119883247412391,0.2098335093365924,0.4794350619828958,25,30,20
47,1085,0.1932079262295052,0.11988324846010386,0.20732295897492325,0.4795858663354663,25,30,20
47,1086,0.1932391944218358,0.11988324846748297,0.2072904822665342,0.47958707484414487,25,30,20
47,1087,0.19320609847273512,0.11988324846721518,0.20691797876425652,0.4799926742957909,25,30,20
47,1088,0.19322353517821741,0.11986581130147193,0.2069179792254816,0.4799926742948272,25,30,20
47,1089,0.19320272723865772,0.11986581130131702,0.20691794119966722,0.4800135202603562,25,30,20
47,1090,0.1931934196671263,0.11986581130131699,0.20691794194109753,0.4800228270904575,25,30,20
47,1091,0.19318448126330715,0.1198658113013729,0.20691788417647394,0.48003182325884447,25,30,20
47,1092,0.19567796448073366,0.11986571161944334,0.20442496319965767,0.48003136070016383,25,30,20
47,1093,0.195677913011596,0.11986571161944154,0.204425072687505,0.48003130268145566,25,30,20
47,1094,0.19572369673919687,0.11986571154351244,0.20437922512603074,0.48003136659125817,25,30,20
47,1095,0.19572384826104686,0.11986611211353176,0.2043786730410655,0.48003136658435375,25,30,20
47,1096,0.19643591281141806,0.11986611212149041,0.2043794806021985,0.4793184944648909,25,30,20
47,1097,0.19643596176035608,0.11986611212154338,0.20437948342976456,0.479318442688334,25,30,20
47,1098,0.19643575367192764,0.11986611212148882,0.2043794654495997,0.4793186687569819,25,30,20
47,1099,0.19171244602661872,0.12022418161636259,0.20912109724306258,0.4789422751139545,25,30,20
47,1100,0.1974446436795846,0.12022418079050019,0.2035352006456315,0.4787959748842821,25,30,20
47,1101,0.19334748934082704,0.11986641738270634,0.2078833863189013,0.47890270695756393,25,30,20
47,1102,0.20490280681467038,0.11986611041442066,0.1964351221628887,0.4787959606080204,25,30,20
47,1103,0.20490291442575512,0.1198661104144455,0.19643511328736651,0.4787958618724333,25,30,20
47,1104,0.2053322111497198,0.11986610877479631,0.1960036671940477,0.4787980128814368,25,30,20
47,1105,0.20342702748705263,0.11986610877856053,0.19790883391947175,0.47879802981491587,25,30,20
47,1106,0.2023641221288927,0.11986610196960475,0.19897401889769553,0.4787957570038078,25,30,20
47,1107,0.2023612126823242,0.1198684691023169,0.19897456117661264,0.47879575703874694,25,30,20
47,1108,0.16776995007635448,0.11986846914480859,0.23356593631454864,0.4787956444642871,25,30,20
47,1109,0.16564639438104728,0.11986847872959841,0.2356894516606125,0.47879567522874056,25,30,20
47,1110,0.1924689081045657,0.11986847808053863,0.20886916614544623,0.47879344766944903,25,30,20
47,1111,0.19246911597919303,0.11986847808056635,0.20886916826274043,0.4787932376774999,25,30,20
47,1112,0.19246607061769386,0.11986847808027294,0.20886751698146913,0.47879793432056383,25,30,20
47,1113,0.18682485260455384,0.11986847762718975,0.21450876374422218,0.4787979060240338,25,30,20
47,1114,0.18683420131031914,0.11983729656497147,0.21453059613653086,0.478797905988178,25,30,20
47,1115,0.1852117179496466,0.11983729665013465,0.21615307690715066,0.4787979084930676,25,30,20
47,1116,0.18523540762571156,0.11983729665031849,0.2161577885124601,0.47876950721150896,25,30,20
47,1117,0.1852026818773426,0.11983729665010662,0.21615307632539277,0.4788069451471572,25,30,20
47,1118,0.21910017254942196,0.11983729667177868,0.18225558490101604,0.4788069458777826,25,30,20
47,1119,0.2191207240661832,0.11983729667183018,0.18225559143332362,0.4787863878286622,25,30,20
47,1120,0.21910879679782855,0.11984923283690511,0.18225558255050545,0.4787863878147603,25,30,20
47,1121,0.22072496041016135,0.1198492328604007,0.18063939577548932,0.478786410953948,25,30,20
47,1122,0.2207151820477508,0.11984898479436712,0.18064942220547656,0.4787864109524051,25,30,20
47,1123,0.21925187362833454,0.11984903339117285,0.1818729022843527,0.479026190696139,25,30,20
47,1124,0.21926090575169835,0.11984903339122534,0.1818729046629951,0.47901715619408053,25,30,20
47,1125,0.2192664776731049,0.11984903339832771,0.1818673327057904,0.47901715622277635,25,30,20
47,1126,0.22487330062878835,0.11984903349804751,0.17626050508497593,0.4790171607881878,25,30,20
47,1127,0.2261287273694505,0.11984902464440622,0.17500502849466465,0.47901721949147785,25,30,20
47,1128,0.22732233102485203,0.1198490306517061,0.17380985931393067,0.47901877900951084,25,30,20
47,1129,0.2230908659101919,0.1198490298617279,0.17804138694361638,0.47901871728446355,25,30,20
47,1130,0.22309131676691846,0.11986343887373907,0.17802652708891717,0.4790187172704246,25,30,20
47,1131,0.22309752266922162,0.11986343887363532,0.17802640227052685,0.4790126361866151,25,30,20
47,1132,0.22310923516543407,0.11986343887371503,0.17802641034319508,0.47900091561765445,25,30,20
47,1133,0.22308249331332491,0.1198634388705028,0.17802627935096507,0.47902778846520666,25,30,20
47,1134,0.22058141747888232,0.11986345393753599,0.18052730411368453,0.4790278244698963,25,30,20
47,1135,0.223018561334645,0.11986340870193132,0.1783299937441124,0.4787880362193105,25,30,20
47,1136,0.2229873503657548,0.1198634086165869,0.13840508481697253,0.5187441562006861,25,30,20
47,1137,0.22299659679807024,0.11986340861664217,0.13840508744962027,0.518734907135668,25,30,20
47,1138,0.2229875647047133,0.1198634086165935,0.1384050886430683,0.5187439380356254,25,30,20
47,1139,0.2229874036516963,0.11986340861661889,0.13840508754668662,0.5187441001849987,25,30,20
47,1140,0.22300725816216474,0.11986340995140515,0.13838525937837182,0.5187440725080589,25,30,20
47,1141,0.22300710133895627,0.11986370205875455,0.13838512408696568,0.518744072515324,25,30,20
47,1142,0.22301554456328532,0.11986370205869765,0.1383873971786919,0.5187333561993259,25,30,20
47,1143,0.22300614094257093,0.11988482111886667,0.13837568173960013,0.5187333561989633,25,30,20
47,1144,0.2229968973910219,0.11988482111881227,0.13837567915231733,0.5187426023378494,25,30,20
47,1145,0.22297618807090644,0.11988482111874033,0.13850508511511875,0.5186339056952356,25,30,20
47,1146,0.22296721289145766,0.11988482111871544,0.13850280901295986,0.5186451569768682,25,30,20
47,1147,0.22296742468232053,0.11988482111871755,0.13876861712499686,0.5183791370739667,25,30,20
47,1148,0.2321376327617645,0.11988482121002603,0.12959840899397024,0.5183791370342409,25,30,20
47,1149,0.23214657071056885,0.11988482121005135,0.12959840852016144,0.51837019955922,25,30,20
47,1150,0.23217945567756487,0.11988482121025852,0.12959842316471024,0.5183372999474678,25,30,20
47,1151,0.19507234713863617,0.11988482268934426,0.1667055346831334,0.5183372954888841,25,30,20
47,1152,0.19370216371626398,0.11988481978332301,0.16807728641593392,0.5183357300844768,25,30,20
47,1153,0.19369322680854267,0.11988481978329851,0.1680773700856758,0.51834458332248,25,30,20
47,1154,0.193693229177048,0.11988481978334567,0.16794807527731223,0.5184738757622913,25,30,20
47,1155,0.19368460817541625,0.11988481978337204,0.16794807652645644,0.5184824955147525,25,30,20
47,1156,0.19100639398648794,0.11988542142732692,0.17062554331485366,0.518482641271329,25,30,20
47,1157,0.191015484156115,0.11988542142740762,0.17062550789225223,0.5184735865242226,25,30,20
47,1158,0.19067684753315955,0.11988542169111804,0.1709600935132934,0.5184776372624266,25,30,20
47,1159,0.1911729991880554,0.11988542070686417,0.17046394204392856,0.5184776380611497,25,30,20
47,1160,0.1531548132743035,0.11988542138122334,0.20848660144899367,0.5184731638954774,25,30,20
47,1161,0.15380945419289793,0.11988541801519688,0.20783198124900665,0.5184731465428963,25,30,20
47,1162,0.1538183943741501,0.11988541801511798,0.2078318626374378,0.5184643249732921,25,30,20
47,1163,0.15382727772873384,0.1198854180151391,0.20783185890292796,0.5184554453531979,25,30,20
47,1164,0.1538272741794307,0.11988541801513822,0.20783188437264283,0.5184554234327873,25,30,20
47,1165,0.15379690777706803,0.11988541801502738,0.20756598306837762,0.5187516911395258,25,30,20
47,1166,0.15380610104921855,0.11986451065350998,0.20757769715737948,0.5187516911398911,25,30,20
47,1167,0.15378219930874398,0.11986451065332471,0.20757767930738885,0.5187756107305413,25,30,20
47,1168,0.1534934646307606,0.11986451931630139,0.20786609310780957,0.5187759229451274,25,30,20
47,1169,0.15348436267775434,0.11986451931630183,0.20786609321664787,0.5187850247892949,25,30,20
47,1170,0.15350931664637943,0.11986451931657585,0.20786614662246894,0.5187600174145754,25,30,20
47,1171,0.15341277148030416,0.1198645201695558,0.2079626610918485,0.5187600472582913,25,30,20
47,1172,0.15343353008459182,0.11986452016963406,0.20796264329525063,0.5187393064505232,25,30,20
47,1173,0.11381554882399883,0.1198645192210173,0.24758050942350945,0.5187394225314733,25,30,20
47,1174,0.11401522333027689,0.11986451923200532,0.24758111737766328,0.5185391400600539,25,30,20
47,1175,0.11399489182713028,0.1198645192319806,0.24758111281410528,0.5185594761267838,25,30,20
47,1176,0.11371724525008525,0.11986451833542451,0.24785880443858319,0.5185594319759081,25,30,20
47,1177,0.11374077725323929,0.11986335964434884,0.2478364310980866,0.5185594320043262,25,30,20
47,1178,0.11374366857131872,0.1198633596444516,0.24783643843093237,0.5185565333532981,25,30,20
47,1179,0.11374387594802067,0.11986335964450655,0.2478364429195135,0.5185563214879597,25,30,20
47,1180,0.11374676787384155,0.11986335964461028,0.24783636793810154,0.5185535045434473,25,30,20
47,1181,0.11513181225298946,0.11984919466832648,0.2464654876867675,0.5185535053919178,25,30,20
47,1182,0.11493865642339646,0.11984919465908259,0.24646498634037148,0.5187471625771507,25,30,20
47,1183,0.11555959092926285,0.11984919470060093,0.24584293571816204,0.5187482786519746,25,30,20
47,1184,0.1155718289469555,0.11984919470070643,0.2458430604600289,0.5187359158923093,25,30,20
47,1185,0.11555663339130624,0.11984919469898792,0.24584292713012076,0.5187512447795852,25,30,20
47,1186,0.116224508937681,0.11984919481125972,0.24517501337509606,0.5187512828759644,25,30,20
47,1187,0.11623071959686379,0.1198491948111565,0.24517500583755056,0.5187450797544298,25,30,20
47,1188,0.11621916551267003,0.11984919481105376,0.24517499842650597,0.518756641249771,25,30,20
47,1189,0.11621869033907263,0.11984919481094895,0.24517499536156176,0.5187571194884173,25,30,20
47,1190,0.11618755051334141,0.11984919481078027,0.24517503243239536,0.5187882222434834,25,30,20
47,1191,0.12445445962500637,0.11984917972469564,0.23690817421717061,0.5187881864331279,25,30,20
47,1192,0.12770458442080182,0.11984931704603081,0.23365776300526464,0.5187883355279033,25,30,20
47,1193,0.127701646783996,0.11984931704627268,0.2336577805158511,0.5187912556538808,25,30,20
47,1194,0.12771400939262675,0.11984931704633624,0.24761147378027026,0.5048251997807666,25,30,20
47,1195,0.12792388433936125,0.11984931676420374,0.2474056750675441,0.504821123828891,25,30,20
47,1196,0.12792174556214167,0.09112043247211705,0.27613669729938595,0.5048211246663563,25,30,20
47,1197,0.127980228210059,0.09112043239135248,0.27607821429602525,0.5048211251025643,25,30,20
47,1198,0.09700055113179454,0.09112101161597362,0.30705726212373446,0.5048211751284932,25,30,20
47,1199,0.09833791361874679,0.09112101162230352,0.3070581485133928,0.5034829262455532,25,30,20
47,1200,0.0983441169027806,0.09112101162220071,0.3070581395633227,0.5034767319116932,25,30,20
47,1201,0.11863625070134956,0.09112101159375012,0.28676596661682846,0.5034767710880689,25,30,20
47,1202,0.11844002618006083,0.09112101803227034,0.2869624280761834,0.5034765277114823,25,30,20
47,1203,0.13730306665440925,0.09112041479556869,0.26681924845803634,0.5047572700919827,25,30,20
47,1204,0.15548649573004394,0.09112072537391079,0.2484975330809689,0.5048952458150733,25,30,20
47,1205,0.15585537070656233,0.09112041511676,0.24826467731725377,0.5047595368594208,25,30,20
47,1206,0.15450907209709613,0.09112041511040615,0.2482637929116137,0.506106719880881,25,30,20
47,1207,0.15451832649727282,0.09112041511040386,0.24826379319639919,0.5060974651959209,25,30,20
47,1208,0.1545797798874069,0.09112041812257653,0.2482023513040363,0.5060974506859767,25,30,20
47,1209,0.1545760388079292,0.09112041812248764,0.23424869478123622,0.5200548482883427,25,30,20
47,1210,0.15457880031994756,0.10111961656345528,0.2242467354765095,0.520054847640084,25,30,20
47,1211,0.13570399693559,0.10111961652088329,0.24440240279684158,0.5187739837466815,25,30,20
47,1212,0.13569484749944352,0.1011196165209617,0.2444024049833054,0.5187831309962861,25,30,20
47,1213,0.1356976364879626,0.10111961652106632,0.244402411975708,0.5187803350152607,25,30,20
47,1214,0.13568880600994096,0.10052375784787883,0.24500710111976212,0.5187803350224165,25,30,20
47,1215,0.13570935418342592,0.10052375784792895,0.24500719004100677,0.5187596979276362,25,30,20
47,1216,0.1357091958920176,0.1005237578480907,0.24500723284782933,0.5187598134120602,25,30,20
47,1217,0.1681491420756765,0.10052375173488909,0.212558307831744,0.5187687983576889,25,30,20
47,1218,0.17544782523823424,0.10052376465172219,0.2052685223798428,0.5187598877301991,25,30,20
47,1219,0.17544761486482727,0.10052376465158762,0.20526855892339568,0.5187600615601877,25,30,20
47,1220,0.13568275020484838,0.10052379697122177,0.20593007076989353,0.5578633820540346,25,30,20
47,1221,0.1356945204136887,0.10052379697156899,0.2059367020075677,0.557844980607173,25,30,20
47,1222,0.13572756271095013,0.10052379697183342,0.2059367203694488,0.5578119199477658,25,30,20
47,1223,0.12888088201048428,0.10052322192887671,0.21278397963711426,0.5578119164235233,25,30,20
47,1224,0.12957248636154745,0.10052322193823172,0.21278464406984432,0.5571196476303752,25,30,20
47,1225,0.1281813148575517,0.10052297781784617,0.2141760605430752,0.5571196467815248,25,30,20
47,1226,0.1281486896364004,0.10055506479685368,0.21417659879207862,0.5571196467746651,25,30,20
47,1227,0.12814627434561138,0.10055506479678054,0.21417659598832858,0.5571220648692773,25,30,20
47,1228,0.13439896832099912,0.12086195152597724,0.18761769886446036,0.5571213812885619,25,30,20
47,1229,0.13437486220658712,0.12086195152573674,0.18761767921844133,0.5571455070492337,25,30,20
47,1230,0.127651441539334,0.10059700291492636,0.21460662616006623,0.5571449293856728,25,30,20
47,1231,0.1276666869781791,0.11930258359599696,0.19588579854572977,0.5571449308800923,25,30,20
47,1232,0.12696051049931692,0.11930258358824805,0.19588506234006212,0.5578518435723708,25,30,20
47,1233,0.12693934743499047,0.11930258358808954,0.19588493419715697,0.5578731347797617,25,30,20
47,1234,0.12692762303645236,0.11930253835193838,0.1950672703027762,0.5587025683088317,25,30,20
47,1235,0.12693364563268897,0.1193025383518588,0.19506717875924676,0.5586966372562039,25,30,20
47,1236,0.12670668185423725,0.11928049065890381,0.19531619143743936,0.5586966360494183,25,30,20
47,1237,0.1267038481344582,0.11928049065847675,0.1953095574391156,0.558706103767948,25,30,20
47,1238,0.12706394059681056,0.11926060615989656,0.19496934817361208,0.5587061050696794,25,30,20
47,1239,0.12710863131189393,0.11926060616021203,0.19496941465084205,0.5586613478770504,25,30,20
47,1240,0.1271081001183781,0.11926060616012649,0.1949694090465437,0.55866188467495,25,30,20
47,1241,0.12846094458845303,0.11926060613818851,0.1936165880624478,0.5586618612109094,25,30,20
47,1242,0.12849702073101446,0.11926060613856132,0.19361661991310045,0.5586257532173236,25,30,20
47,1243,0.12848824369081135,0.1192606061386139,0.1936165413578923,0.5586346088126819,25,30,20
47,1244,0.12849707351599615,0.1198247542389504,0.19304356343967144,0.5586346088053816,25,30,20
47,1245,0.1285092155653117,0.1198247542390306,0.1930435780717438,0.5586224521239136,25,30,20
47,1246,0.12781766216437965,0.11982475422983581,0.19304304394879082,0.5593145396569936,25,30,20
47,1247,0.12778194907202703,0.11982475422949068,0.19304297617058075,0.5593503205279015,25,30,20
47,1248,0.12778216475341045,0.11813960081900284,0.19472791388462163,0.559350320542965,25,30,20
47,1249,0.1277762636513887,0.11813960081889618,0.19472790342637275,0.5593562321033424,25,30,20
47,1250,0.12777626739642142,0.1181396008190568,0.19485718073158162,0.5592269510529398,25,30,20
47,1251,0.12777595500412894,0.11813960081892023,0.19485725460986855,0.5592271895670821,25,30,20
47,1252,0.12776360962043876,0.11813960081431517,0.19485715868755313,0.5592396308776928,25,30,20
47,1253,0.1277610585641436,0.11985829195839902,0.19314101735556272,0.5592396321218946,25,30,20
47,1254,0.12771615776331605,0.11985829195802586,0.19314098557166035,0.5592845647069978,25,30,20
47,1255,0.1277249309879692,0.11985829195797089,0.19314098160527307,0.5592757954487869,25,30,20
47,1256,0.12789500759629238,0.11985829195800055,0.19314128681647127,0.5591054136292358,25,30,20
47,1257,0.12764476509932313,0.11985829206944391,0.19339147988308852,0.5591054629481443,25,30,20
47,1258,0.12727747331921355,0.11985829205258731,0.1936067989406317,0.5592574356875675,25,30,20
47,1259,0.1272797288002309,0.11985829205322444,0.19360454340043126,0.559257435746113,25,30,20
47,1260,0.1272824130033667,0.11984529109399768,0.19361486015520454,0.5592574357474313,25,30,20
47,1261,0.1272734904803051,0.11984529109386528,0.19361473376133667,0.559266484664493,25,30,20
47,1262,0.12725237248391724,0.1198452910937063,0.19361472241145147,0.559287614010925,25,30,20
47,1263,0.1256970873551004,0.11984542867156754,0.1951700564253516,0.5592874275479801,25,30,20
47,1264,0.12619081396584256,0.1198454135713627,0.19467641299624738,0.5592873594665467,25,30,20
47,1265,0.1267045133312351,0.11984541357488564,0.19468157316943777,0.5587684999244404,25,30,20
47,1266,0.1265375888048045,0.11984541357472636,0.19468119879963258,0.5589357988208357,25,30,20
47,1267,0.12602667570886447,0.1198454135713358,0.19467604958964485,0.5594518611301539,25,30,20
47,1268,0.0982817727134616,0.11984556917723545,0.2221928117127281,0.5596798463965754,25,30,20
47,1269,0.08655843022042843,0.11984541292023686,0.23414520814958234,0.5594509487097531,25,30,20
47,1270,0.08450193097934448,0.11984540889280156,0.23620175874466237,0.5594509013831911,25,30,20
47,1271,0.08449914632906623,0.11985887595513438,0.23619107634845485,0.5594509013673439,25,30,20
47,1272,0.08450828909815714,0.11985887595513389,0.23619107616749718,0.5594417587792111,25,30,20
47,1273,0.08449920027338693,0.11985887595513774,0.23619111855239935,0.5594508052190753,25,30,20
47,1274,0.0844745076677386,0.11989121561822018,0.2361834731857171,0.5594508035283224,25,30,20
47,1275,0.08446807124983109,0.11986670427194972,0.2362144221801731,0.5594508022980441,25,30,20
47,1276,0.08450437133395582,0.11986670427529673,0.2362146881034825,0.5594142362872631,25,30,20
47,1277,0.08449259705485376,0.11986670427514316,0.23608532615659558,0.5595553725134055,25,30,20
47,1278,0.0844995411261732,0.11986670427833261,0.23608538264986795,0.5595483719456248,25,30,20
47,1279,0.0846409693586105,0.11986670437580862,0.2359439515081257,0.559548374757454,25,30,20
47,1280,0.08462005297542012,0.11986670437581015,0.2359439421451806,0.5595693005035878,25,30,20
47,1281,0.08463223494989217,0.11986670437600021,0.23594395783673533,0.5595571028373709,25,30,20
47,1282,0.08465613580698018,0.11986670437618631,0.235943975598253,0.5595331842185786,25,30,20
47,1283,0.0843109765894377,0.11986669840286801,0.2362891421289541,0.5595331828787384,25,30,20
47,1284,0.08429939449928493,0.11986703918819762,0.23630035494069393,0.5595332113718218,25,30,20
47,1285,0.08429913261538015,0.11986703918816839,0.23630035102908117,0.5595334771673689,25,30,20
47,1286,0.08429051475833366,0.11986703918819566,0.2363004355694578,0.5595420104840123,25,30,20
47,1287,0.08315052009596968,0.11986677355854682,0.23744069578650176,0.5595420105589795,25,30,20
47,1288,0.0831505198597604,0.11986677355854679,0.23744069581467742,0.5595420107670136,25,30,20
47,1289,0.06935536811279518,0.11986693950840545,0.25122918315947723,0.5595485092193181,25,30,20
47,1290,0.06936734337528346,0.11986693950845324,0.25122918791710064,0.5595365291991587,25,30,20
47,1291,0.06937382480825321,0.11986693950861811,0.25122920431951135,0.5595300313636139,25,30,20
47,1292,0.0693995246836504,0.11986694393431126,0.2512035000620032,0.5595300313200297,25,30,20
47,1293,0.06941751522618818,0.11986694393431087,0.25120350512336004,0.5595120357161361,25,30,20
47,1294,0.06939398682363579,0.11986694393409988,0.25120354543934853,0.5595355238029108,25,30,20
47,1295,0.06939414753287107,0.11986694393415726,0.2512103686324544,0.5595285399005128,25,30,20
47,1296,0.06998576375306775,0.11986831724869744,0.2506173673467617,0.5595285516514693,25,30,20
47,1297,0.06998586548567688,0.11986831724871992,0.2506173255739368,0.5595284916916625,25,30,20
47,1298,0.06995892598918868,0.11986831724537389,0.2506169819106572,0.5595557748547768,25,30,20
47,1299,0.06999253762480816,0.11986831724538825,0.25061691569934813,0.5595222294304522,25,30,20
47,1300,0.08360119288325159,0.11986815141262186,0.23701491960488885,0.5595157360992361,25,30,20
47,1301,0.08362189484873711,0.1198681514127481,0.2370081101250143,0.5595018436134986,25,30,20
47,1302,0.08430137396120432,0.11986815141905448,0.23700865258713918,0.5588218220326001,25,30,20
47,1303,0.08427326832110868,0.11986814714470892,0.23703676252328976,0.5588218220108903,25,30,20
47,1304,0.09868546576114046,0.11986677357584098,0.22262595324342893,0.5588218074195868,25,30,20
47,1305,0.09867894573491526,0.11986677357559641,0.22262593111671009,0.5588283495727752,25,30,20
47,1306,0.09867893830957535,0.11989822559319112,0.22259448653913774,0.5588283495580928,25,30,20
47,1307,0.0987002395283951,0.11987695136628801,0.22259445953265738,0.5588283495726573,25,30,20
47,1308,0.09019930621746484,0.11987842052850688,0.23124555887574824,0.5586767143782777,25,30,20
47,1309,0.08896853739102811,0.11987842994930491,0.23247631901459173,0.5586767136450732,25,30,20
47,1310,0.0889685871619052,0.11987817656615399,0.232476522632741,0.5586767136391976,25,30,20
47,1311,0.08896837887597946,0.11987858902763301,0.23247631845871566,0.5586767136376697,25,30,20
47,1312,0.08896901186431232,0.11987858902771857,0.2324764070532455,0.5586759920547217,25,30,20
47,1313,0.08895745629372559,0.11987858902753366,0.23247639474264176,0.5586875599360978,25,30,20
47,1314,0.08894497318030069,0.11986018200033557,0.23250728489787548,0.5586875599214871,25,30,20
47,1315,0.08895694734822075,0.11986018200683331,0.2325075104971978,0.5586753601477465,25,30,20
47,1316,0.08894795695472314,0.11986018200688545,0.23250745640776954,0.5586844046306205,25,30,20
47,1317,0.0889542145432724,0.11986018200675592,0.23250745037305645,0.5586781530769145,25,30,20
47,1318,0.09025854241752095,0.12036579644747177,0.23069741123392734,0.5586782499010791,25,30,20
47,1319,0.09013911602423542,0.12036579644635281,0.2308169963902383,0.5586780911391716,25,30,20
47,1320,0.09013384115987245,0.12036579645095331,0.2309092566651724,0.5585911057240001,25,30,20
47,1321,0.09013305530636133,0.12036579645097588,0.23090925320874967,0.5585918950339116,25,30,20
47,1322,0.09012771250152161,0.12038019180863971,0.23090020063953853,0.5585918950502985,25,30,20
47,1323,0.0901117816273835,0.1203801918054225,0.23090010507581973,0.5586079214913717,25,30,20
47,1324,0.09011817365832638,0.12038019180869336,0.23090022632421264,0.5586014082087654,25,30,20
47,1325,0.09009100626121459,0.12038019180534411,0.2309000913556175,0.5586287105778215,25,30,20
47,1326,0.0893905752245169,0.12038019179898729,0.23089954028726847,0.5593296926892246,25,30,20
47,1327,0.0893989792590418,0.12038019179895613,0.23089945547268587,0.5593213734693137,25,30,20
47,1328,0.08942277239645824,0.12038019179911222,0.2308994695416072,0.5592975662628203,25,30,20
47,1329,0.08941677554211096,0.12038019179298659,0.23089927299312457,0.5593037596717758,25,30,20
47,1330,0.08938574257425787,0.1203801917930521,0.23089926522828846,0.5593348004043996,25,30,20
47,1331,0.09847636141976791,0.12037872253274433,0.2218104793368684,0.5593344367106182,25,30,20
47,1332,0.09847935163703506,0.12037872253282351,0.22181275290534985,0.5593291729247905,25,30,20
47,1333,0.09847935164127417,0.12037871878473591,0.22181275664907743,0.5593291729249116,25,30,20
47,1334,0.09848527220692249,0.12037871878495307,0.2218127841531328,0.5593232248549908,25,30,20
47,1335,0.0985214571486433,0.12037871879423177,0.22181957548043793,0.559280248576686,25,30,20
47,1336,0.09848873773958446,0.1203787187940218,0.22181955734296302,0.5593129861234298,25,30,20
47,1337,0.09849735774806435,0.12037871879399399,0.22181955377185486,0.559304369686086,25,30,20
47,1338,0.09851460890163635,0.1203787187894214,0.22172729636290242,0.5593793759460389,25,30,20
47,1339,0.09851497404741025,0.12037871878939464,0.22172729648820075,0.5593790106749935,25,30,20
47,1340,0.09850597946344332,0.1203787187894477,0.2217272942322669,0.559388007514841,25,30,20
47,1341,0.08591547721755703,0.12037872690693391,0.2334429772905958,0.5602628185849122,25,30,20
47,1342,0.08454935990656848,0.12037872689039526,0.23480909701959837,0.5602628161834371,25,30,20
47,1343,0.08457310507744457,0.12037872689060629,0.23481381232186965,0.5602343557100794,25,30,20
47,1344,0.0845822969782381,0.12036933502825113,0.23481401228343518,0.5602343557100756,25,30,20
47,1345,0.08458230099977712,0.12036933502825212,0.23481401245338746,0.5602343515185837,25,30,20
47,1346,0.08784814848027284,0.12036932690984566,0.23242292590124713,0.5593595987086343,25,30,20
47,1347,0.10538947717212858,0.12037099497365183,0.21476468548613206,0.5594748423680879,25,30,20
47,1348,0.10538338439611321,0.12037099497340875,0.2147646974858447,0.5594809231446338,25,30,20
47,1349,0.10537717746952177,0.12037099497354102,0.21476470567530093,0.5594871218816365,25,30,20
47,1350,0.10605366908191644,0.12037099497979298,0.214765239445852,0.558810096492439,25,30,20
47,1351,0.11322354629485515,0.12036932728003763,0.2077120989906339,0.558695027434474,25,30,20
47,1352,0.11322334633497931,0.1203693272800114,0.20771212624529678,0.5586952001397131,25,30,20
47,1353,0.11321992835635983,0.12036932728022158,0.2077121449347573,0.5586985994286624,25,30,20
47,1354,0.11322035991763207,0.12036932745211562,0.207711624875818,0.5586986877544367,25,30,20
47,1355,0.11324152203976567,0.12036932745219558,0.20771163786750726,0.558677512640534,25,30,20
47,1356,0.11323873008299713,0.12036932745208759,0.20771162670127893,0.5586803157636387,25,30,20
47,1357,0.11297756225863571,0.13364905527222096,0.19469316293440384,0.558680219534741,25,30,20
47,1358,0.1129684328932562,0.13364889345866943,0.19470248261144088,0.5586801910366356,25,30,20
47,1359,0.11295666714806771,0.13364889345848416,0.19470247002503363,0.5586919693684166,25,30,20
47,1360,0.11297763671581118,0.1336490419527374,0.194681351971536,0.5586919693599175,25,30,20
47,1361,0.11298084092193596,0.1336490419524177,0.19468140761612684,0.558688709509521,25,30,20
47,1362,0.1129838919545052,0.13364904195223193,0.19468138965457787,0.5586856764386863,25,30,20
47,1363,0.11294152494718718,0.13364904194308583,0.19467460993152383,0.5587348231782043,25,30,20
47,1364,0.11295121844595916,0.13364954825245548,0.1946644096936866,0.5587348236078956,25,30,20
47,1365,0.11298511417148804,0.13361461648485076,0.19466544574899788,0.5587348235946612,25,30,20
47,1366,0.1130805982285845,0.13361496446790397,0.19457093848409357,0.5587334988194158,25,30,20
47,1367,0.11311501310094099,0.13361496411150234,0.1945366976450943,0.5587333251424602,25,30,20
47,1368,0.11312437991508245,0.13361496411161394,0.19453678521767226,0.5587238707556291,25,30,20
47,1369,0.11417109812840702,0.13361463680146174,0.19349039174539545,0.5587238733247338,25,30,20
47,1370,0.11311276701974932,0.13361534695419475,0.19454801527066654,0.5587238707553874,25,30,20
47,1371,0.11340288238925753,0.13361517870033018,0.19425806535412402,0.5587238735562863,25,30,20
47,1372,0.11340890706358157,0.1336151787001713,0.19425810730875678,0.5587178069274885,25,30,20
47,1373,0.11340874675678472,0.13396036260177044,0.1938815323175983,0.558749358323845,25,30,20
47,1374,0.11280715939714968,0.1446956202935235,0.1837478626278004,0.5587493576815252,25,30,20
47,1375,0.11280757381205662,0.14469562029357802,0.1837478666227784,0.5587489392715868,25,30,20
47,1376,0.11282407073394671,0.14469562045173393,0.1899006754118546,0.5525796334024641,25,30,20
47,1377,0.11283305586131286,0.14469562045175777,0.18990063563891585,0.5525706880480127,25,30,20
47,1378,0.11590022978902574,0.14469562075409387,0.18683323858205436,0.5525709108748231,25,30,20
47,1379,0.11573371469877164,0.14479418188877424,0.18690119529520494,0.5525709081172464,25,30,20
47,1380,0.11572473025332294,0.14479418188877802,0.1869011948932402,0.5525798929646567,25,30,20
47,1381,0.11572513689185249,0.1448136714539352,0.18688129868890424,0.5525798929653045,25,30,20
47,1382,0.12509321831747758,0.14481367144450974,0.17751330041875388,0.5525798098192556,25,30,20
47,1383,0.12509306345251206,0.14481367144448395,0.17751799938060006,0.5525752657224016,25,30,20
47,1384,0.12507656645140033,0.1448136712863295,0.17136518877242365,0.5587445734898444,25,30,20
47,1385,0.12507640963975952,0.14481422090403737,0.1713647959658501,0.5587445734903512,25,30,20
47,1386,0.12463006285351165,0.15962982190795802,0.1569955417708434,0.5587445734676882,25,30,20
47,1387,0.12463300545797422,0.1596298219080622,0.15699086066055237,0.5587463119734125,25,30,20
47,1388,0.12464182236386045,0.15962982190806252,0.15699083150888948,0.5587375242191893,25,30,20
47,1389,0.12464177448528863,0.15962982190803582,0.15699082950100204,0.5587375741056755,25,30,20
47,1390,0.08652793049432911,0.1596298440167518,0.19510464676499142,0.5587375787239268,25,30,20
47,1391,0.08654519819322312,0.15963496394263554,0.19508225913473748,0.558737578729402,25,30,20
47,1392,0.08654514626252502,0.15963496394260773,0.19508220171557603,0.5587376880792905,25,30,20
47,1393,0.08653637110046328,0.15963496394266077,0.1950822055079602,0.5587464594489149,25,30,20
47,1394,0.08670884320726854,0.15953623850474952,0.1950084570886403,0.5587464611993407,25,30,20
47,1395,0.08582159894860694,0.15953624160234323,0.19589326349164998,0.5587488959573991,25,30,20
47,1396,0.08582176164279305,0.15953624160265145,0.19589810810547373,0.5587438886490809,25,30,20
47,1397,0.08582505040535975,0.15953624160268412,0.1958981062204687,0.5587406017714865,25,30,20
47,1398,0.1145708329801157,0.1592034234381824,0.16751666986821312,0.5587090737134894,25,30,20
47,1399,0.11457062148137209,0.1592034234378202,0.16751182276905013,0.5587141323117583,25,30,20
47,1400,0.11455869574403996,0.15982461402627854,0.16690255793221515,0.5587141322974671,25,30,20
47,1401,0.11456752332980942,0.15982461402627943,0.16690255797877293,0.558705304665139,25,30,20
47,1402,0.11456180279926985,0.15982461402617493,0.16690027981113073,0.5587133033634261,25,30,20
47,1403,0.11457063219386143,0.15982461402617626,0.16690030837715658,0.5587044454028066,25,30,20
47,1404,0.11457068279445641,0.15982461402620532,0.16690031050267895,0.558704392676661,25,30,20
47,1405,0.11458317071363597,0.15981184410733026,0.16690059249470618,0.5587043926843293,25,30,20
47,1406,0.11458327315592644,0.1598117299925329,0.16690060416696006,0.5587043926845823,25,30,20
47,1407,0.11455332823443014,0.1598117299924533,0.16689589832534982,0.5587390434477687,25,30,20
47,1408,0.11455332627966387,0.15981172999245416,0.1668958900189557,0.5587390537089272,25,30,20
47,1409,0.11455321313811656,0.1598117299924301,0.1668958912664923,0.558739165602962,25,30,20
47,1410,0.11631777245963121,0.15981171458014207,0.1651249591903721,0.5587455537698556,25,30,20
47,1411,0.11632482996029367,0.1598117145800436,0.16512495749814193,0.5587384979615218,25,30,20
47,1412,0.11632515837484243,0.15981171457993643,0.16513147239936934,0.558731654645853,25,30,20
47,1413,0.11632558181464946,0.15981171458007115,0.16513148239028372,0.5587312212149966,25,30,20
47,1414,0.0845636897723432,0.1598132000065555,0.196519092984132,0.5591040172369702,25,30,20
47,1415,0.0845601944022826,0.15981320000649515,0.19651901042501188,0.5591075951662113,25,30,20
47,1416,0.08270805403558994,0.15981317789716382,0.19837117759983589,0.5591075904674134,25,30,20
47,1417,0.08270805388618563,0.15981317789716287,0.19837129192608863,0.5591074762905658,25,30,20
47,1418,0.08267470568652274,0.15984680349077404,0.19837101456176756,0.5591074762609392,25,30,20
47,1419,0.08268080122045685,0.15984680349072378,0.19837109195893007,0.5591013033298926,25,30,20
47,1420,0.08268075875636112,0.15984684656036818,0.19837109134673153,0.5591013033365417,25,30,20
47,1421,0.08269290257254275,0.15984684656044842,0.19837110157317778,0.5590891492938335,25,30,20
47,1422,0.09389380472436662,0.15983397436718844,0.18718309280440448,0.5590891281040428,25,30,20
47,1423,0.09426052357229305,0.15983397437373362,0.18718873450651574,0.5587167675474599,25,30,20
47,1424,0.09389406328794186,0.15983397436716779,0.1871832164222259,0.5590887459226669,25,30,20
47,1425,0.09389701571902137,0.1597995743739023,0.18721466396947242,0.5590887459376063,25,30,20
47,1426,0.09390888499284637,0.1597995743739529,0.18721458659168022,0.5590769540415229,25,30,20
47,1427,0.09388376913399187,0.15982573857489876,0.18721353825064216,0.5590769540404699,25,30,20
47,1428,0.0866361642163899,0.1598345321371846,0.19482753423500035,0.5587017694114277,25,30,20
47,1429,0.08666409374506458,0.15982426249152942,0.19480992139428568,0.5587017223691229,25,30,20
47,1430,0.08666315669056796,0.15984886899649609,0.1947862519488127,0.5587017223641257,25,30,20
47,1431,0.08890479150160945,0.15984886900525075,0.19254461534146133,0.558701724151681,25,30,20
47,1432,0.08891471845540115,0.15984886899875292,0.19253469096489262,0.5587017215809559,25,30,20
47,1433,0.08892360177376764,0.15984886899874395,0.19253456679951403,0.5586929624279768,25,30,20
47,1434,0.08761508422193723,0.15984887205591908,0.19384300762725531,0.5586930360948908,25,30,20
47,1435,0.0876182480473025,0.15984887205603054,0.19384539685169608,0.5586874830449734,25,30,20
47,1436,0.07731225754797415,0.15984888678410228,0.20415045453795863,0.5586884011299698,25,30,20
47,1437,0.07729156009567663,0.15984888678405137,0.20415047791672772,0.5587090752035495,25,30,20
47,1438,0.07659153651210132,0.15984888677758838,0.20414992606608023,0.5594096506442348,25,30,20
47,1439,0.0766005144371963,0.15984888677753423,0.20414992352115618,0.5594006752641183,25,30,20
47,1440,0.07659168674106534,0.15984888677753195,0.2041499232642083,0.559409503217199,25,30,20
47,1441,0.07657639269722354,0.15986874679670465,0.20414535645076748,0.5594095040553096,25,30,20
47,1442,0.07656374272868921,0.15984922965545859,0.2041775244476063,0.5594095031682512,25,30,20
47,1443,0.11336081822117217,0.15984923353704894,0.16737630648748286,0.5594136417543017,25,30,20
47,1444,0.11336066450593124,0.15984923353707708,0.16764235797788327,0.559147743979114,25,30,20
47,1445,0.11335178991934709,0.15984923353704855,0.16764243919442168,0.5591565373491875,25,30,20
47,1446,0.11335108186112772,0.15984923353707134,0.16763583917132077,0.5591638454304845,25,30,20
47,1447,0.11358628299243323,0.15984923340892337,0.16740064402069596,0.5591638395779518,25,30,20
47,1448,0.11358286349428137,0.15984923340913318,0.1674006673336799,0.5591672357629098,25,30,20
47,1449,0.11358137685590605,0.15985851147407845,0.16739287589521656,0.5591672357748032,25,30,20
47,1450,0.11359035824668208,0.15985851147405195,0.16739290096095655,0.5591582293183133,25,30,20
47,1451,0.11358430864384088,0.159864547663301,0.16739291436039744,0.559158229332464,25,30,20
47,1452,0.11315948971685995,0.1598645476982002,0.167823953847623,0.5591520087373198,25,30,20
47,1453,0.11316847512230083,0.1598645476981753,0.1678239560408116,0.5591430211387152,25,30,20
47,1454,0.1131685835546703,0.1598443478238868,0.16784404748230794,0.5591430211391335,25,30,20
47,1455,0.11333300059995119,0.15967940220829283,0.16784457602314734,0.5591430211686074,25,30,20
47,1456,0.11336015863419868,0.159679402208295,0.16784457094464286,0.5591158682128623,25,30,20
47,1457,0.11335988652710177,0.15967940220828733,0.16784207402622253,0.5591186372383876,25,30,20
47,1458,0.11243326370210176,0.1596793991428487,0.16876877537204643,0.5591185617830032,25,30,20
47,1459,0.11245122874285272,0.15966088726094382,0.16876932222035138,0.5591185617758521,25,30,20
47,1460,0.11245080854798713,0.15966111426398724,0.16876951542685714,0.5591185617611687,25,30,20
47,1461,0.1124386687760178,0.15966111426390614,0.1687696208720248,0.559130596088051,25,30,20
47,1462,0.11242973505792905,0.15966111426388324,0.16876960358105028,0.5591395470971372,25,30,20
47,1463,0.11242913308937165,0.15966112098515362,0.16877019878516386,0.55913954714031,25,30,20
47,1464,0.1131236607265571,0.15966112099759053,0.1680752867521887,0.5591399315236627,25,30,20
47,1465,0.11512396511034964,0.15966112099780255,0.1680758114094266,0.5571391024824203,25,30,20
47,1466,0.11509391946780108,0.15966112099777666,0.16807580516600581,0.5571691543684159,25,30,20
47,1467,0.11510318106514694,0.1596520503341463,0.16807561421749523,0.5571691543832107,25,30,20
47,1468,0.11510281408549661,0.1596520503341989,0.16807561354055192,0.557169522039752,25,30,20
47,1469,0.1081008313351683,0.1599477355822871,0.17478190878684496,0.5571695242956998,25,30,20
47,1470,0.10793647233072258,0.16011224506319952,0.17478175834022397,0.5571695242658532,25,30,20
47,1471,0.1267571484403105,0.16012089216010728,0.1547801664581673,0.5583417929414187,25,30,20
47,1472,0.126784031971202,0.1601212465310159,0.15475292773865593,0.5583417937591297,25,30,20
47,1473,0.12678377252661466,0.16012124653093296,0.15475289520095115,0.5583420857415043,25,30,20
47,1474,0.12678393011939437,0.1601212465309072,0.15475289824712574,0.5583419251025756,25,30,20
47,1475,0.12678434592710688,0.15840420668312155,0.15646952226537014,0.5583419251244045,25,30,20
47,1476,0.1643558716912577,0.1584043452847647,0.11889823906981276,0.5583415439541668,25,30,20
47,1477,0.16435571884557423,0.15840434528474046,0.11889824098950193,0.5583416948801849,25,30,20
47,1478,0.1744289694257552,0.158404331007341,0.108823656194156,0.5583430433727492,25,30,20
47,1479,0.17445270727382847,0.1584043310075768,0.10882367366194255,0.5583192880566537,25,30,20
47,1480,0.17445270813934022,0.15840433100757773,0.10882367098232422,0.5583192898707593,25,30,20
47,1481,0.17428714480327076,0.15840433103807325,0.10899020258409382,0.5583183215745637,25,30,20
47,1482,0.17438792471404616,0.15840432685581626,0.10889373918050121,0.5583140092496378,25,30,20
47,1483,0.17438802406464404,0.15840432685589645,0.10862769486195374,0.5585799542175071,25,30,20
47,1484,0.17438781850430785,0.15840432685586972,0.10862763795116408,0.5585802166886596,25,30,20
47,1485,0.17438172813150563,0.15840432685602562,0.10862764561620442,0.5585862993962657,25,30,20
47,1486,0.17438188079113065,0.15840432685607608,0.10862754913615022,0.5585862432166445,25,30,20
47,1487,0.17439755564883494,0.15840432685624728,0.10862782434439991,0.5585702931505194,25,30,20
47,1488,0.17439771533534185,0.1584043268562741,0.10862782631761361,0.558570131490772,25,30,20
47,1489,0.17440024221095304,0.15842184549962124,0.10860778043986614,0.5585701318495618,25,30,20
47,1490,0.17488979648973213,0.18267744733413532,0.08386262329809828,0.5585701328780357,25,30,20
47,1491,0.17493719862453183,0.18262962206226682,0.08386304639952724,0.5585701329136754,25,30,20
47,1492,0.17488952209558428,0.18265533867572387,0.08388500637260522,0.5585701328560879,25,30,20
47,1493,0.1748810309041655,0.18265533867570047,0.08388509504828381,0.5585785353718514,25,30,20
47,1494,0.17486768522116197,0.18265497760738214,0.08389880226197777,0.5585785349094788,25,30,20
47,1495,0.1659523301802549,0.18235930949990845,0.09249249630491643,0.5591958640149213,25,30,20
47,1496,0.16595227484533928,0.1823597479819535,0.09249211315689304,0.5591958640158147,25,30,20
47,1497,0.16595858936486818,0.18235974798176702,0.09249210419838551,0.5591895584549795,25,30,20
47,1498,0.16595839199643747,0.182359747981714,0.09249210040423314,0.5591897596176159,25,30,20
47,1499,0.14603896610209005,0.18235110663523268,0.11359030848400302,0.5580196187786777,25,30,20
47,1500,0.14603902043602834,0.18235110663512433,0.11359030132671971,0.5580195716021309,25,30,20
47,1501,0.14605698348421206,0.18235110663515003,0.11359030312937196,0.5580016067512691,25,30,20
47,1502,0.1460479391659684,0.18235110663504403,0.11359029729773722,0.5580106569012527,25,30,20
47,1503,0.1338019350701377,0.18235097783893067,0.12583574330896613,0.5580113437819677,25,30,20
47,1504,0.13381055719781748,0.1823509778389002,0.12583585481982223,0.5580026101434623,25,30,20
47,1505,0.13377783503285237,0.1823509778386898,0.1258358637201704,0.5580353234082898,25,30,20
47,1506,0.13380173388356106,0.182350977839087,0.12583597776756694,0.5580113105097866,25,30,20
47,1507,0.13380124339794905,0.18235097783916168,0.12583589282010849,0.5580118859427823,25,30,20
47,1508,0.1339926165478346,0.18235097784874998,0.12583662529035197,0.5578197803130651,25,30,20
47,1509,0.13399260913473476,0.1823509778487513,0.12583670480193668,0.5578197082145787,25,30,20
47,1510,0.1339861500900774,0.18405552644158235,0.12413861526155044,0.5578197082067908,25,30,20
47,1511,0.12148622848872014,0.18405580689685902,0.13420144286676045,0.5602565217476612,25,30,20
47,1512,0.12219564555723103,0.1840558069062128,0.13420207949239146,0.5595464680441655,25,30,20
47,1513,0.09636259464502174,0.18405579708850123,0.16003564091686256,0.5595459673496135,25,30,20
47,1514,0.0924149618634387,0.18405551682650145,0.16505167071319565,0.5584778505968626,25,30,20
47,1515,0.09240597472271297,0.18405551682652774,0.16505167120503295,0.5584868372457247,25,30,20
47,1516,0.09240576552870268,0.18405551682652585,0.1650515871568597,0.5584871304879104,25,30,20
47,1517,0.0924264650056175,0.18405551682652288,0.16505158978059364,0.5584664283872645,25,30,20
47,1518,0.09042322006025413,0.18405551682620577,0.16505105681469748,0.5604702062988403,25,30,20
47,1519,0.08978017689339564,0.18405551085426794,0.16560009592219627,0.5605642163301385,25,30,20
47,1520,0.08976863657284713,0.1840555108541654,0.16560479577192092,0.5605710568010649,25,30,20
47,1521,0.08976862558673632,0.18405551085416394,0.16560479555016955,0.5605710680089286,25,30,20
47,1522,0.08976862469568118,0.18405551085416402,0.1656047935163696,0.5605710709337836,25,30,20
47,1523,0.08978055807128726,0.1840555108542424,0.16560471536745186,0.5605592157070164,25,30,20
47,1524,0.08975670786621612,0.18405551085387092,0.16560460275977631,0.5605831785201346,25,30,20
47,1525,0.08905627599015747,0.18405551084449315,0.16560393879880186,0.5612842743665455,25,30,20
47,1526,0.08904952915988826,0.18405551084437768,0.16560364047351084,0.5612913195222217,25,30,20
47,1527,0.08904243861276895,0.18405551083658406,0.1656107044702164,0.5612913460804291,25,30,20
47,1528,0.08904243849181005,0.184055510836585,0.16561070802872233,0.5612913426428809,25,30,20
47,1529,0.08903355843759599,0.1840555108365574,0.16561070595465252,0.5613002247711927,25,30,20
47,1530,0.0890246219511438,0.18408683482193006,0.1655883184413183,0.5613002247856066,25,30,20
47,1531,0.08864702166564158,0.1813144182473374,0.1687383359617698,0.5613002241252495,25,30,20
47,1532,0.08863525671254345,0.1813144182471276,0.1687383208004388,0.5613120042398886,25,30,20
47,1533,0.08862910853777682,0.18131441824728625,0.1687383315610883,0.5613181416538472,25,30,20
47,1534,0.08862814635972194,0.18131441824733457,0.16873832585867088,0.561319109534271,25,30,20
47,1535,0.08862803689655793,0.1813144182473101,0.16873832717099507,0.5613192176851353,25,30,20
47,1536,0.08862189479181339,0.18132055621914478,0.1687383312906249,0.5613192176984146,25,30,20
47,1537,0.08862231436135933,0.18132055621914803,0.16873833456426166,0.5613187948552283,25,30,20
47,1538,0.08881925475662719,0.18132055622556398,0.16873888594204442,0.5611213030757617,25,30,20
47,1539,0.0888190282689028,0.18132055622556334,0.16873417903204257,0.5611262364734889,25,30,20
47,1540,0.0888101969825757,0.1813205562255606,0.16873417588049158,0.5611350709113696,25,30,20
47,1541,0.10433093351938982,0.18132054364828443,0.15383076158789413,0.5605177612444298,25,30,20
47,1542,0.10433717617844848,0.1813139207057441,0.15383114188530375,0.5605177612305018,25,30,20
47,1543,0.10433706825150793,0.1813139207058229,0.15383114507348494,0.5605178659691823,25,30,20
47,1544,0.10432514272327661,0.18132640066809966,0.15383059065371638,0.5605178659549059,25,30,20
47,1545,0.1043250944953316,0.1813264006680987,0.15383059313070427,0.560517911705864,25,30,20
47,1546,0.10433702904454761,0.1813144476983526,0.1538306115076332,0.5605179117494652,25,30,20
47,1547,0.10432793965995354,0.181314447698271,0.15383055095085146,0.5605270616909227,25,30,20
47,1548,0.10431890923515176,0.18132331807091487,0.15383071100324866,0.5605270616906833,25,30,20
47,1549,0.10431024687430995,0.1813233180709953,0.15383071686305735,0.5605357181916362,25,30,20
47,1550,0.1043130251611672,0.1813210781058985,0.15383017852713365,0.5605357182057994,25,30,20
47,1551,0.10411308926145285,0.1813210780993235,0.153829698572003,0.5607361340672192,25,30,20
47,1552,0.11989583523984884,0.18132108059960736,0.13941552161727813,0.5593675625432644,25,30,20
47,1553,0.11987528430411686,0.18132108059961116,0.13941548998525108,0.5593881451110201,25,30,20
47,1554,0.12010752266488481,0.18108787667017265,0.1394164546573789,0.5593881460075628,25,30,20
47,1555,0.1199159855145421,0.18108787666060958,0.13941572206866026,0.5595804157561878,25,30,20
47,1556,0.11989507878348955,0.17939178491663657,0.14113272058641183,0.5595804157134616,25,30,20
47,1557,0.11992791793751152,0.17939178492289198,0.14113281104599018,0.5595474860936057,25,30,20
47,1558,0.12091645960508579,0.17939178241470372,0.14014553308585348,0.5595462248943565,25,30,20
47,1559,0.1209169886910071,0.17939178240873954,0.1401499480817751,0.5595412808184776,25,30,20
47,1560,0.12162258875345051,0.17939178240038958,0.1394443741143736,0.5595412547317852,25,30,20
47,1561,0.1219789627590814,0.17939178240685855,0.13944522093130388,0.5591840339027548,25,30,20
47,1562,0.12232344593482852,0.17939177805375592,0.13910075680277953,0.5591840192086347,25,30,20
47,1563,0.12234183468216811,0.17937284104548934,0.13910130506309262,0.5591840192092485,25,30,20
47,1564,0.12235098126927238,0.17937284104548937,0.13910130509261348,0.5591748725926234,25,30,20
47,1565,0.1223599645965497,0.17937284104551515,0.13910130140532895,0.559165892952605,25,30,20
47,1566,0.12238086782821889,0.18106894521519198,0.13738429399070848,0.55916589296588,25,30,20
47,1567,0.10927867558209169,0.18106894552697803,0.15048341148682265,0.5591689674041065,25,30,20
47,1568,0.10928786816609462,0.18106894552703193,0.15048341244919222,0.5591597738576801,25,30,20
47,1569,0.10930877963852088,0.18106894552716413,0.15048333901560643,0.5591389358187074,25,30,20
47,1570,0.10928396771271125,0.1810689455270557,0.15047885411532916,0.5591682326449029,25,30,20
47,1571,0.10928401937758668,0.18106894552708336,0.1504788581202857,0.5591681769750433,25,30,20
47,1572,0.10928347660707871,0.18106894552710642,0.1504811324575783,0.5591664454082358,25,30,20
47,1573,0.10919748396728099,0.18106894553884118,0.1505673128843729,0.559166257609505,25,30,20
47,1574,0.10918860237933306,0.1810689455385245,0.1505672857232952,0.5591751663588471,25,30,20
47,1575,0.1091858178165284,0.18109025711793464,0.15054875871370643,0.5591751663518304,25,30,20
47,1576,0.10917689487996302,0.18109025711791157,0.15054660010155962,0.5591862479005658,25,30,20
47,1577,0.10746268881158143,0.18109056150462252,0.1522605088669975,0.5591862408167989,25,30,20
47,1578,0.10745386233825706,0.18109056150462216,0.1522605088706392,0.5591950672864818,25,30,20
47,1579,0.10896016991850009,0.1810905616102417,0.15075415378048,0.5591951146907781,25,30,20
47,1580,0.10895129345701356,0.18109056161021503,0.15075414980321664,0.5592039951295544,25,30,20
47,1581,0.10584416665318169,0.18109028169968147,0.1538597993006215,0.5592057523465142,25,30,20
47,1582,0.10573821615678713,0.19954622282228412,0.1355098093952498,0.5592057516256774,25,30,20
47,1583,0.1057382152879536,0.19954623033685764,0.13550980274962013,0.5592057516255671,25,30,20
47,1584,0.10573805397656258,0.19954623033688074,0.13550980498879503,0.5592059106977603,25,30,20
47,1585,0.10608914039141054,0.19954623034346755,0.13551491609975122,0.558849713165369,25,30,20
47,1586,0.10608914021637623,0.19954625248423116,0.1355148941337772,0.5588497131656137,25,30,20
47,1587,0.10608293684249905,0.19954625248436225,0.13551490359466664,0.5588559070784709,25,30,20
47,1588,0.10585981155322095,0.18103495458896252,0.15424932766915386,0.5588559061886609,25,30,20
47,1589,0.10585970184260539,0.18103495458893626,0.15424933033974167,0.558856013228715,25,30,20
47,1590,0.10586280681152395,0.18103495458917837,0.1542493484497101,0.5588528901495856,25,30,20
47,1591,0.10585986291371174,0.181034954589046,0.1542493406880716,0.5588558418091687,25,30,20
47,1592,0.10584809583932554,0.18061095663428336,0.15468510573136696,0.5588558417950226,25,30,20
47,1593,0.10584881134417559,0.17763281945851214,0.15766252738179015,0.5588558418155204,25,30,20
47,1594,0.11655065289116226,0.17763282159826768,0.14696390207716883,0.5588526234333994,25,30,20
47,1595,0.11655070441230263,0.17763282159829535,0.14696390556661815,0.5588525684227822,25,30,20
47,1596,0.11453612711360915,0.17763282149666268,0.14897824534322998,0.558852806046496,25,30,20
47,1597,0.11454517313642096,0.17763282149666082,0.14897812633844779,0.5588438790284688,25,30,20
47,1598,0.11451926705540724,0.17763282167052338,0.14900403380198027,0.5588438774720904,25,30,20
47,1599,0.08058716199321844,0.17763394629347726,0.1826667414751902,0.5591121502381143,25,30,20
47,1600,0.08059704811582506,0.17763394629358767,0.18275315347640084,0.5590158521141833,25,30,20
47,1601,0.08059715868869159,0.17763394629361723,0.18275785043119167,0.5590110445864962,25,30,20
47,1602,0.08441092784597902,0.17763394636361482,0.17894277199158648,0.559012353798816,25,30,20
47,1603,0.08441920150567013,0.18060290139502197,0.17596554332801706,0.5590123537712871,25,30,20
47,1604,0.08443113901405042,0.18060290139510132,0.17596554999335193,0.5590004095974936,25,30,20
47,1605,0.08443712863193689,0.18060290139485777,0.1759655308017239,0.5589944391714786,25,30,20
47,1606,0.08443391808705364,0.18104186154995394,0.1755297811628221,0.5589944392001673,25,30,20
47,1607,0.09440348108160951,0.1810419010721261,0.1655604518174004,0.5589941660288613,25,30,20
47,1608,0.0802324142891198,0.181041884814467,0.17973319304337562,0.5589925078530323,25,30,20
47,1609,0.08022161114953627,0.1810418848144292,0.17965005176088358,0.5590864522751462,25,30,20
47,1610,0.08024236964037726,0.181041884814508,0.17965005986371202,0.5590656856813986,25,30,20
47,1611,0.08023647175352487,0.18002241414934037,0.1806754279942369,0.5590656861028935,25,30,20
47,1612,0.08023070559278317,0.17999656723716126,0.18070704108848787,0.5590656860815632,25,30,20
47,1613,0.08019751080705115,0.17999656759986668,0.18073893679491934,0.5590669847981584,25,30,20
47,1614,0.08019751456620774,0.17999674768419843,0.1807387529509249,0.559066984798664,25,30,20
47,1615,0.08020613543712242,0.17999674768417162,0.18073875101856607,0.5590583658601345,25,30,20
47,1616,0.08020618429810952,0.1799967476841988,0.180738753635079,0.5590583143826072,25,30,20
47,1617,0.08021827300973688,0.1799967476842509,0.18073876474346776,0.5590462145625391,25,30,20
47,1618,0.0801973612531404,0.1799967476842792,0.18073875886630644,0.5590671321962685,25,30,20
47,1619,0.08019725066573123,0.17999674768433419,0.18073876293677116,0.5590672387131578,25,30,20
47,1620,0.09161276971628517,0.1799971651682551,0.16931863308988285,0.5590714320255714,25,30,20
47,1621,0.0916215402796503,0.17999716516814657,0.16931862564484118,0.5590626689073563,25,30,20
47,1622,0.09126211975413799,0.17999716516191935,0.1693177991758279,0.5594229159081094,25,30,20
47,1623,0.09124136787641224,0.17999716516184106,0.16931779071326736,0.559443676248474,25,30,20
47,1624,0.09088129340531897,0.17999716515528064,0.1693126800355549,0.5598088614038406,25,30,20
47,1625,0.08735066350689509,0.17999606447170233,0.17311270177604313,0.5595405702453535,25,30,20
47,1626,0.10373240796263263,0.17999606439304125,0.15673224246144207,0.5595392851828841,25,30,20
47,1627,0.10374160447715289,0.1799960643930117,0.15672754546078987,0.5595347856690458,25,30,20
47,1628,0.09336352490341898,0.17999563871422936,0.16711025431490223,0.5595305820674455,25,30,20
47,1629,0.09334514417443572,0.18001456655127238,0.16710970720746046,0.5595305820668282,25,30,20
47,1630,0.0918606865340992,0.18001466986645526,0.16859536778564718,0.5595292758137953,25,30,20
47,1631,0.09298286098990738,0.1800145714612955,0.16747333183712473,0.5595292357116693,25,30,20
47,1632,0.09297429315782756,0.18001457146140498,0.16747333535633366,0.5595378000244307,25,30,20
47,1633,0.09336917948654586,0.1800145661865917,0.16707845588892858,0.5595377984379307,25,30,20
47,1634,0.09336302873595721,0.18001456618669823,0.16720733782696193,0.5594150672503801,25,30,20
47,1635,0.09336276979380022,0.1800145661865368,0.16720732883981917,0.5594153351798409,25,30,20
47,1636,0.09336293386393356,0.18001456618651152,0.16720895080289616,0.5594135491466554,25,30,20
47,1637,0.09338389592962257,0.1997541423909385,0.1474484129167129,0.5594135487627261,25,30,20
47,1638,0.09336302300817417,0.1997541423908342,0.14744840544988727,0.5594344291511045,25,30,20
47,1639,0.09336007948850869,0.19975414239067277,0.1474500184867939,0.559435759634025,25,30,20
47,1640,0.09336927188225896,0.19975414239072664,0.14745001912873387,0.5594265665982806,25,30,20
47,1641,0.09336926723422792,0.19975414239094305,0.14771446040265918,0.5591621299721699,25,30,20
47,1642,0.08540425158442334,0.19975410295722665,0.1556795037480372,0.5591621417103123,25,30,20
47,1643,0.0854250034646695,0.19975410295730486,0.15567951217554352,0.559141381402482,25,30,20
47,1644,0.08542520728301692,0.19978553086808673,0.155647880453133,0.5591413813957634,25,30,20
47,1645,0.08544334202234706,0.19978553086808762,0.15564625786072722,0.559124869248838,25,30,20
47,1646,0.08545275184254629,0.1997855308681458,0.15564630069728647,0.5591154165920215,25,30,20
47,1647,0.05785738126946182,0.19978553093099274,0.183241668698839,0.5591154191007035,25,30,20
47,1648,0.057857383893873904,0.19978592200649853,0.18324127500607687,0.559115419093548,25,30,20
47,1649,0.057866527698323296,0.19978592200655335,0.1832412745047111,0.5591062757904095,25,30,20
47,1650,0.05855854672285419,0.19909340626283975,0.1832417711812983,0.559106275833005,25,30,20
47,1651,0.05786909729826915,0.19975190740173152,0.18327271948854343,0.5591062758114531,25,30,20
47,1652,0.05785952932879894,0.1997519074016212,0.18327267443067524,0.5591158888389018,25,30,20
47,1653,0.07056962189850836,0.19975190731283415,0.17056260375877574,0.5591158670298791,25,30,20
47,1654,0.058440012153635285,0.19981929563270878,0.1826248187388871,0.5591158734747664,25,30,20
47,1655,0.0535297846466187,0.19995494078318402,0.1873993919834681,0.5591158825867268,25,30,20
47,1656,0.05353882352974736,0.19995494078321316,0.18739939536273575,0.5591068403243018,25,30,20
47,1657,0.05353841128350674,0.19995494078321646,0.18739947594608733,0.559107171987188,25,30,20
47,1658,0.053541399579359154,0.19992955843162993,0.1874218699872911,0.5591071720017183,25,30,20
47,1659,0.05354119317364669,0.19992955843160182,0.1874218679838185,0.5591073804109314,25,30,20
47,1660,0.053547187187991695,0.19992955843152393,0.18729298801386274,0.5592302663666198,25,30,20
47,1661,0.05354697317019919,0.1999295584314943,0.18729298663353267,0.559230481764772,25,30,20
47,1662,0.053544188435421594,0.19996324874125723,0.18726208108010703,0.5592304817432124,25,30,20
47,1663,0.053544296412610756,0.19996324874117757,0.1872620775132547,0.5592303773329557,25,30,20
47,1664,0.05355628200007083,0.199963248741197,0.18734235289954498,0.5591381163591858,25,30,20
47,1665,0.07155921317483117,0.19996324852519343,0.1693395102315559,0.5591380280684181,25,30,20
47,1666,0.07242926363180313,0.1999632214747957,0.16846948469300377,0.5591380302003965,25,30,20
47,1667,0.07241749679037494,0.19996322147469162,0.16846955820177292,0.5591497235331598,25,30,20
47,1668,0.07242611015522449,0.19996322147460416,0.1684694714362843,0.5591411969338862,25,30,20
47,1669,0.07242611011861344,0.1999632214746041,0.16846946940760482,0.5591411989991767,25,30,20
47,1670,0.07242621318499626,0.1999632214746613,0.16846947354341638,0.5591410917969248,25,30,20
47,1671,0.07243798002481444,0.19996322147476545,0.1684694000341531,0.559129398466266,25,30,20
47,1672,0.07243786857826723,0.19996322147481851,0.16846940245367492,0.5591295074932384,25,30,20
47,1673,0.07246176470921374,0.19996322147505527,0.16846942240182058,0.5591055914139091,25,30,20
47,1674,0.07297459613612464,0.19996322146965384,0.1679565926860995,0.559105589708121,25,30,20
47,1675,0.0729745473021524,0.19996322146965248,0.16795659305994698,0.5591056381682471,25,30,20
47,1676,0.07296555357859127,0.19997167296950533,0.16795713528415554,0.5591056381677475,25,30,20
47,1677,0.07296550562545283,0.19997167296947857,0.1679571333096196,0.5591056880954488,25,30,20
47,1678,0.0729659265714028,0.1999716729695354,0.1679571374954967,0.5591052629635653,25,30,20
47,1679,0.09079943232017573,0.19997167873558894,0.1501235138127518,0.5591053751314831,25,30,20
47,1680,0.09079082310851519,0.19997167873558877,0.15012351618775913,0.5591139819681364,25,30,20
47,1681,0.09079125406909418,0.1999714020879299,0.15012336185250888,0.5591139819904666,25,30,20
47,1682,0.08806097556274216,0.19997142260752176,0.15285231283108025,0.5591152889986554,25,30,20
47,1683,0.11891269569897168,0.1999040342257869,0.12206798975726695,0.5591152803179743,25,30,20
47,1684,0.11891306840838237,0.1999040342257616,0.12206799249635696,0.5591149048694988,25,30,20
47,1685,0.11893340520152948,0.19990403422586334,0.12206800119842866,0.5590945593741782,25,30,20
47,1686,0.127412147231005,0.19990403422959943,0.11358925337207049,0.5590945651673247,25,30,20
47,1687,0.0877354175791975,0.19990403456345196,0.15326595169168333,0.5590945961656678,25,30,20
47,1688,0.12318765052286348,0.19990406203635358,0.11781371885742276,0.5590945685833598,25,30,20
47,1689,0.1231902144565314,0.1999040620364299,0.1178137287420662,0.559091994764972,25,30,20
47,1690,0.12316598573456808,0.19989705594671686,0.11784496361256698,0.559091994706147,25,30,20
47,1691,0.12318096350780378,0.19988209267191642,0.117844949128647,0.5590919946916312,25,30,20
47,1692,0.1231899554047024,0.1998734913051423,0.11784455861318742,0.5590919946769664,25,30,20
47,1693,0.12318133900315693,0.19987349130517046,0.11784467865059263,0.5591004910410785,25,30,20
47,1694,0.12333425469209454,0.1998734913071897,0.11769155323846543,0.5591007007622492,25,30,20
47,1695,0.12331334316243087,0.19987349130705762,0.11769154581877697,0.559121619711734,25,30,20
47,1696,0.12332205875839936,0.19987349130708562,0.11769142985119573,0.5591130200833188,25,30,20
47,1697,0.14960073767575482,0.19973784623325547,0.09154838388338586,0.559113032207603,25,30,20
47,1698,0.15363662235162684,0.1997378203088928,0.08751395862439132,0.5591115987150882,25,30,20
47,1699,0.15361570896763116,0.19973782030892026,0.08751395573014023,0.5591325149933081,25,30,20
47,1700,0.15361586618637016,0.19973782030894707,0.08751395498916947,0.5591323585155131,25,30,20
47,1701,0.15360714676034903,0.19973782030891807,0.08751395291250615,0.559141080018226,25,30,20
47,1702,0.15360720492863456,0.19973782030883602,0.08777999978778502,0.5588749749747438,25,30,20
47,1703,0.1570999054841991,0.19973782550388655,0.08428729137211233,0.5588749776398013,25,30,20
47,1704,0.12826221607417235,0.19973783212555019,0.11178385264747227,0.5602160991528042,25,30,20
47,1705,0.12827119837153883,0.19973783212557458,0.11178385357846658,0.5602071159244191,25,30,20
47,1706,0.12825044620468837,0.19978078314762787,0.1117616547302939,0.5602071159173889,25,30,20
47,1707,0.12825050151580686,0.19978078314773484,0.11176169016485549,0.5602070251716018,25,30,20
47,1708,0.1282415771229517,0.1997807831476529,0.11149563508799362,0.5604820046414007,25,30,20
47,1709,0.12824452021296698,0.19978078314778444,0.11150224275633111,0.5604724538829167,25,30,20
47,1710,0.12824452603115888,0.19978078314767841,0.11150223688512996,0.5604724539360318,25,30,20
47,1711,0.12825369321406374,0.19979529148779393,0.11147856135384705,0.5604724539442943,25,30,20
47,1712,0.12861638719072954,0.19979529149428937,0.11147972448914595,0.5601085968258342,25,30,20
47,1713,0.1284419107143891,0.19979529149219932,0.07177896091991745,0.5999838368734935,25,30,20
47,1714,0.12858153026595937,0.19979528620766052,0.07163937317151875,0.5999838103548607,25,30,20
47,1715,0.15533925918532157,0.19979527977463976,0.04622267074312048,0.5986427902969176,25,30,20
47,1716,0.1553387152219701,0.19979569414183693,0.046222800346824515,0.598642790289368,25,30,20
47,1717,0.15535971019276906,0.19977523653370943,0.04622226296971624,0.5986427903038046,25,30,20
47,1718,0.15793022557103137,0.19977523581250764,0.043651858042503475,0.5986426805739569,25,30,20
47,1719,0.15790912035422913,0.1997957821638731,0.04365241692225611,0.598642680559641,25,30,20
47,1720,0.17725853605962283,0.19979578216859273,0.024303001605529985,0.598642680166254,25,30,20
47,1721,0.17561673244547246,0.19979576864241866,0.02592306823204791,0.5986644306800606,25,30,20
47,1722,0.17560763588528158,0.1997957686424192,0.025657138866978763,0.59893945660532,25,30,20
47,1723,0.17559864924553548,0.19979576864274062,0.02565716671417892,0.5989484153975445,25,30,20
47,1724,0.17559586199163804,0.19979576864263499,0.025650585844123937,0.5989577835216029,25,30,20
47,1725,0.17558430062114405,0.19979576864226345,0.025655250910898597,0.5989646798256937,25,30,20
47,1726,0.17628453472632571,0.19979576865161633,0.025651295551688075,0.5982684010703697,25,30,20
47,1727,0.1756615769634147,0.19979576890536582,0.02627425145161797,0.5982684026796014,25,30,20
47,1728,0.17566174100162676,0.199795768905311,0.02627425049460003,0.5982682395984624,25,30,20
47,1729,0.17567050968188952,0.19979576890520254,0.026274242541621858,0.5982594788712859,25,30,20
47,1730,0.1756704605712879,0.19979576890520254,0.026274120632972933,0.5982596498905365,25,30,20
47,1731,0.17608001407068116,0.199795769558888,0.025864564028823183,0.5982596523416075,25,30,20
47,1732,0.17605671302778947,0.19979576955862555,0.025864552280004394,0.5982829651335804,25,30,20
47,1733,0.17605665869638332,0.19979576955851755,0.025864515942325594,0.5982830558027734,25,30,20
47,1734,0.1413001405238248,0.19979576961459766,0.06062094317921525,0.5982831466823615,25,30,20
47,1735,0.13938862306117916,0.19979580472160716,0.0625324126731765,0.5982831595440365,25,30,20
47,1736,0.1393977666849747,0.19935145182690384,0.06296762192992972,0.598283159558191,25,30,20
47,1737,0.13870635907740803,0.19935145181755046,0.06296690627766027,0.5989752828273806,25,30,20
47,1738,0.13856187230807118,0.19935153994301802,0.06311130721291422,0.5989752805359958,25,30,20
47,1739,0.13856187203763146,0.19935173063178036,0.06311111679459405,0.5989752805359937,25,30,20
47,1740,0.13945243341326546,0.19935170647088143,0.06222059148743507,0.5989752686284177,25,30,20
47,1741,0.126508222210492,0.19935162228452008,0.062212641545662715,0.611927513959325,25,30,20
47,1742,0.12974008481690238,0.1993516081630948,0.05900254268193236,0.6119057643380703,25,30,20
47,1743,0.1297311015762377,0.19935160816306893,0.05900254228457448,0.6119147479761187,25,30,20
47,1744,0.12974901254488652,0.19935160816631192,0.059002665200593676,0.6118967140882078,25,30,20
47,1745,0.12974002465371176,0.1993516081664448,0.05900267188066294,0.6119056952991803,25,30,20
47,1746,0.1297403061454054,0.19978709571495165,0.05856690283979678,0.611905695299846,25,30,20
47,1747,0.1297442130255216,0.1810496747336814,0.07730041673234694,0.6119056955084498,25,30,20
47,1748,0.12976511278517563,0.18104967473381228,0.07742977131419697,0.6117554411668147,25,30,20
47,1749,0.12975209773372343,0.19978535857634092,0.058707102732116684,0.6117554409578184,25,30,20
47,1750,0.1297401705197126,0.1997853585761828,0.05870708981157646,0.6117673810925277,25,30,20
47,1751,0.12973979805353453,0.19978535857626378,0.05883647296516763,0.6116383704050338,25,30,20
47,1752,0.1297305230485707,0.199770933540605,0.058860173013937596,0.6116383703968863,25,30,20
47,1753,0.1323687748867841,0.1997709337458927,0.05622192439711439,0.6116383669702083,25,30,20
47,1754,0.13237796588759818,0.1997709337459471,0.05622192732218419,0.6116291730442702,25,30,20
47,1755,0.1320214369068007,0.19977093374098587,0.05622076319206898,0.6119868661601435,25,30,20
47,1756,0.132012558847112,0.19977975846392582,0.05622081652893793,0.6119868661600231,25,30,20
47,1757,0.1320037968239558,0.19977975846393115,0.05622082553624768,0.6119956191758642,25,30,20
47,1758,0.13198267383122841,0.19977975846377297,0.05609158376145917,0.6121459839435381,25,30,20
47,1759,0.1319828357069729,0.19977975846380097,0.05609818499585956,0.6121392208333654,25,30,20
47,1760,0.1319829206081562,0.1997797584622168,0.05609817565304758,0.6121391452765783,25,30,20
47,1761,0.13200321106699678,0.19977975846227758,0.05600955020302667,0.6122074802676979,25,30,20
47,1762,0.13200306311818244,0.19977975846225196,0.05601108890679882,0.6122060895127657,25,30,20
47,1763,0.13200384049206093,0.19977975808655793,0.05601031324486108,0.612206088176519,25,30,20
47,1764,0.13202480372987646,0.19977975808669238,0.05601502128945923,0.6121804168939712,25,30,20
47,1765,0.13203395114245342,0.1998020890016399,0.05598354294753168,0.6121804169083742,25,30,20
47,1766,0.1320546403463333,0.19980208900181892,0.055983548777516684,0.6121597218743304,25,30,20
47,1767,0.13204602211979602,0.19980208900179236,0.05585428207675095,0.6122976068016599,25,30,20
47,1768,0.13204617637512756,0.1998020890018198,0.0558527150918668,0.6122990195311852,25,30,20
47,1769,0.1320253130251105,0.19980208900160967,0.05585270805799591,0.6123198899152832,25,30,20
47,1770,0.13202552967751785,0.19980208900161017,0.05585271119314798,0.6123196701277236,25,30,20
47,1771,0.13202552988606656,0.19980208804897814,0.05585271193021289,0.6123196701347418,25,30,20
47,1772,0.13201690974373195,0.19978829941175316,0.05587512069520411,0.6123196701493101,25,30,20
47,1773,0.13202573804794507,0.19977878788459424,0.05587580392504166,0.6123196701424183,25,30,20
47,1774,0.13203745797779723,0.19977878788467168,0.05587581094361258,0.6123079431939176,25,30,20
47,1775,0.1320255316661972,0.1997787878845657,0.05587580381914447,0.6123198766300917,25,30,20
47,1776,0.14613948257832776,0.19978737193883,0.04175331187907021,0.612319833603771,25,30,20
47,1777,0.10644443413942399,0.19978737332201096,0.08144135036004642,0.6123268421785178,25,30,20
47,1778,0.10644442864823062,0.19978737332200924,0.08143474959117503,0.6123334484385845,25,30,20
47,1779,0.10643818081123606,0.19978737332208826,0.08143484608823627,0.6123395997784388,25,30,20
47,1780,0.10643213090816599,0.19979410467988543,0.08143416461934988,0.612339599792598,25,30,20
47,1781,0.1063365790169509,0.1998538914299317,0.08147202841166173,0.6123375011414552,25,30,20
47,1782,0.10733865017677453,0.1998538805044705,0.08046996618100255,0.612337503137752,25,30,20
47,1783,0.10733845751740309,0.19985388050441677,0.08046526710281164,0.6123423948753682,25,30,20
47,1784,0.10717608475411115,0.1997955318771419,0.08069089620242531,0.6123374871663212,25,30,20
47,1785,0.10717644982437219,0.1997955318771949,0.08069078270055574,0.6123372355978769,25,30,20
47,1786,0.08074267231246214,0.19979552708142037,0.08039889855274884,0.6390629020533681,25,30,20
47,1787,0.08074230604707675,0.19981829580012195,0.08037649612101122,0.6390629020317897,25,30,20
47,1788,0.08075134305835724,0.1998199791223416,0.08036577580156096,0.63906290201774,25,30,20
47,1789,0.08075134511875419,0.19981997912234117,0.08036577577534885,0.6390628999835554,25,30,20
47,1790,0.11928835670281529,0.1998185398121989,0.0418288343850333,0.6390642690999518,25,30,20
47,1791,0.11928557005424766,0.19982076882472996,0.04182939203485647,0.6390642690861652,25,30,20
47,1792,0.11925833690077398,0.19982076882156805,0.04182926292228863,0.6390916313553687,25,30,20
47,1793,0.11926748320489439,0.19982076882181307,0.04182935689349414,0.6390823910797977,25,30,20
47,1794,0.11927610029928626,0.1998207688217834,0.04182923761131099,0.6390738932676182,25,30,20
47,1795,0.11927589312356598,0.19982076882156366,0.04182913730455233,0.639074200750317,25,30,20
47,1796,0.11927552697573346,0.19982076882151115,0.04182913492153403,0.6390745692812204,25,30,20
47,1797,0.14018282841574833,0.19981218470668247,0.020930471010082444,0.6390745158674856,25,30,20
47,1798,0.14018282838115215,0.1998121847066824,0.02093274864188329,0.6390722382702811,25,30,20
47,1799,0.10378378487750917,0.19981264082719097,0.05733117489985775,0.6390723993954415,25,30,20
47,1800,0.1037777951448236,0.19981264082735148,0.057331185981196846,0.6390783780466276,25,30,20
47,1801,0.10376602475732274,0.19981264082724684,0.05733117697491374,0.6390901574405162,25,30,20
47,1802,0.06721500596344315,0.1998126413498998,0.09388341447897178,0.6390889382076846,25,30,20
47,1803,0.06720638876399948,0.19981264134992893,0.09388341662126752,0.6390975532648033,25,30,20
47,1804,0.06720597562958111,0.199813186163218,0.09388328493588301,0.639097553271317,25,30,20
47,1805,0.06720592305298978,0.1998131861631879,0.09388328273080432,0.639097608053017,25,30,20
47,1806,0.034713186381160464,0.20009450824318845,0.12609406185284094,0.6390982435228116,25,30,20
47,1807,0.03454221196498855,0.2000945081859486,0.12597665609188669,0.6393866237571776,25,30,20
47,1808,0.03454478985464261,0.20009450818602548,0.12597666505789054,0.6393840369014427,25,30,20
47,1809,0.03454515508973939,0.20009414416350044,0.12597666383103184,0.6393840369157294,25,30,20
47,1810,0.03454773107891652,0.20009414416349763,0.12597666500664853,0.6393814597509383,25,30,20
47,1811,0.03454762709762679,0.20009480846029817,0.12597610469163528,0.6393814597504404,25,30,20
47,1812,0.03455760778585804,0.2000948084603047,0.12597611125765706,0.6393714724961804,25,30,20
47,1813,0.034578359885467924,0.20007423636539218,0.1259759312388141,0.6393714725103254,25,30,20
47,1814,0.03529422307440463,0.2000742363658118,0.1259766734294714,0.6386548671303116,25,30,20
47,1815,0.035273468419758945,0.2000949912037518,0.12597667325317452,0.6386548671233142,25,30,20
47,1816,0.03529401287638276,0.2000740492415067,0.12597707075906164,0.6386548671230483,25,30,20
47,1817,0.03529401733815183,0.20007404924153305,0.12597707065717192,0.6386548627631428,25,30,20
47,1818,0.03529382222185639,0.20007404924150607,0.1259770703738214,0.6386550581628154,25,30,20
47,1819,0.0352848248326395,0.20007404924147784,0.12597709525241846,0.6386640306734636,25,30,20
47,1820,0.03528503498094142,0.20004239701435325,0.1260085373381381,0.6386640306665665,25,30,20
47,1821,0.0283887762657931,0.19976124828193412,0.1331862919421109,0.6386636835101617,25,30,20
47,1822,0.028388726376956788,0.19976124828190692,0.13318629005132107,0.6386637352898148,25,30,20
47,1823,0.027672498045916313,0.1997612482814339,0.13318554548842967,0.6393807081842199,25,30,20
47,1824,0.027664092073712163,0.19976124828151667,0.13318555003784832,0.6393891096069229,25,30,20
47,1825,0.02766431631366178,0.19976124828133707,0.13318559256026588,0.6393888428447351,25,30,20
47,1826,0.027655907567765495,0.19976964297829056,0.13318560659439713,0.639388842859547,25,30,20
47,1827,0.0276558666787876,0.19976964297824146,0.1331856122188979,0.6393888781240732,25,30,20
47,1828,0.027217284336401536,0.1997695950916391,0.13362453125106113,0.6393885893208983,25,30,20
47,1829,0.027217280488143602,0.1997695950916386,0.13362452974875486,0.6393885946714624,25,30,20
47,1830,0.027220119471459917,0.19976959509177625,0.13362924210045243,0.6393810433363109,25,30,20
47,1831,0.02721390316893648,0.19976959509188041,0.1336292510211214,0.6393872507180615,25,30,20
47,1832,0.02721111940089467,0.1997695950918002,0.13362924358995576,0.639390041917349,25,30,20
47,1833,0.02722924607692721,0.19976959509176762,0.13362454100659535,0.6393766178247096,25,30,20
47,1834,0.02857573733182289,0.19976959509804526,0.13362535505999962,0.6380293125101322,25,30,20
47,1835,0.028596596271649535,0.19974873367212925,0.13362535753195104,0.6380293125242702,25,30,20
47,1836,0.028602641226653572,0.1997487336720232,0.13362523159980852,0.6380233935015144,25,30,20
47,1837,0.028611839342279434,0.19974873367199872,0.1336253138402345,0.6380141131454871,25,30,20
47,1838,0.008095796616178584,0.19974873421121322,0.15414135518056984,0.6380141139920379,25,30,20
47,1839,0.008104452676882768,0.19974873421120815,0.15414142298429928,0.6380053901276095,25,30,20
47,1840,0.004615882325402501,0.19976808466161253,0.15761080645730258,0.638005226555682,25,30,20
47,1841,0.00460432488624114,0.19977231192035036,0.15761813665174734,0.6380052265416609,25,30,20
47,1842,0.0045950214879868926,0.1997887865085626,0.15761096546177863,0.6380052265416718,25,30,20
47,1843,0.004606960082403158,0.1985751572600335,0.15881265610116907,0.6380052265563942,25,30,20
47,1844,0.004612068247421259,0.1985750318785988,0.15880767332583834,0.6380052265481416,25,30,20
47,1845,0.0046120757176903796,0.19857503187859976,0.15880767547252142,0.638005216931188,25,30,20
47,1846,0.01618286095680578,0.19857505671968273,0.14722712165194893,0.6380149606715618,25,30,20
47,1847,0.016209240004444223,0.19963935070330155,0.14613644860011174,0.6380149606921427,25,30,20
47,1848,0.016215437967426707,0.1996393507033335,0.14613872671369513,0.6380064846155448,25,30,20
47,1849,0.01623340370799052,0.19963935070327998,0.1461387243471002,0.6379885212416291,25,30,20
47,1850,0.016223582342451973,0.19963935070330038,0.14613871827372724,0.6379983486805201,25,30,20
47,1851,0.01624449633773069,0.19963935070340555,0.14623086949417405,0.6378852834646894,25,30,20
47,1852,0.016235463209780098,0.1996393507033789,0.14623078963836506,0.6378943964484755,25,30,20
47,1853,0.016217282824399,0.19963935070335131,0.14623090881990383,0.6379124576523456,25,30,20
47,1854,0.016216910340275975,0.19963935070337616,0.14623082522387448,0.6379129137324734,25,30,20
47,1855,0.016225790642148318,0.1996393507034044,0.14623244812553954,0.6379024105289077,25,30,20
47,1856,0.016231676816753197,0.19963381727942103,0.1462320953313151,0.6379024105725107,25,30,20
47,1857,0.016222472128064526,0.19963381727944746,0.14623209117840358,0.6379116194140847,25,30,20
47,1858,0.016222312943034202,0.19963381727931095,0.14622980602414481,0.6379140637535101,25,30,20
47,1859,0.017249789285995985,0.19963405930055644,0.14520208594627607,0.6379140654671717,25,30,20
47,1860,0.017947761724750568,0.1996340593083618,0.14520269804441152,0.6372154809224762,25,30,20
47,1861,0.018150369007177238,0.1996340593178368,0.1452950984040201,0.6369204732709659,25,30,20
47,1862,0.018182680330889805,0.1996017438268133,0.1452951025642232,0.6369204732780741,25,30,20
47,1863,0.01819187401371687,0.19960174382678883,0.14529518623595344,0.6369111959235414,25,30,20
47,1864,0.01819165670851023,0.2008036378568786,0.1440935095042516,0.6369111959303598,25,30,20
47,1865,0.018159130237357636,0.20083618870019138,0.14409348516089648,0.6369111959015548,25,30,20
47,1866,0.01818029643358578,0.2008361887003517,0.14409353843554754,0.6368899764305151,25,30,20
47,1867,0.018545471309573448,0.20083618870684558,0.14409216886998985,0.6365261711135911,25,30,20
47,1868,0.017506370583371497,0.20164049653875016,0.1443269634783553,0.6365261693995232,25,30,20
47,1869,0.017506005142694115,0.2016404965402491,0.1443268463131088,0.6365266520039481,25,30,20
47,1870,0.017294685763136176,0.20164049653077665,0.14423444952332626,0.6368303681827612,25,30,20
47,1871,0.01727671641971144,0.20164049653080535,0.14423445007151037,0.636848336977973,25,30,20
47,1872,0.017268300323634037,0.20164049653086033,0.14423445208725197,0.6368567510582536,25,30,20
47,1873,0.01727706402280381,0.201640496530885,0.14423445054208522,0.6368479889042259,25,30,20
47,1874,0.017285849284928524,0.2016317027202557,0.14423445909058893,0.636847988904227,25,30,20
47,1875,0.01728585854800991,0.20163114149779407,0.14423501104983352,0.6368479889043624,25,30,20
47,1876,0.01728575757839959,0.2016311414977914,0.14423500921290044,0.6368480917109092,25,30,20
47,1877,0.017294584197214222,0.20165376587454023,0.14420355821747155,0.6368480917107744,25,30,20
47,1878,0.017297636302882165,0.20165091586883835,0.14420335615385263,0.6368480916744272,25,30,20
47,1879,0.01729768688339609,0.20165091586891862,0.1442033614671947,0.6368480357804903,25,30,20
47,1880,0.017309615704238578,0.2016509158690241,0.14420336847559168,0.6368360999511453,25,30,20
47,1881,0.016965196637089244,0.20165091586260891,0.14420246905173856,0.637181418448563,25,30,20
47,1882,0.01697397580346333,0.2016509158625286,0.14420246753275318,0.6371726408012548,25,30,20
47,1883,0.016973767350309404,0.20165091586252726,0.14420238342720762,0.6371729333599553,25,30,20
47,1884,0.016973815159735867,0.201650610026567,0.1442026414610151,0.6371729333526817,25,30,20
47,1885,0.016964614128644345,0.2016506100265914,0.14420264023767682,0.637182135607087,25,30,20
47,1886,0.018440995584272105,0.20058647478793523,0.14379039092676335,0.6371821387010282,25,30,20
47,1887,0.01844110346731955,0.20058647478788172,0.14379038843071315,0.6371820333140845,25,30,20
47,1888,0.01844993394241499,0.20058647478788166,0.14379050276944108,0.6371730885002613,25,30,20
47,1889,0.018459081442886698,0.20058647478788177,0.1437905426554985,0.6371639011137321,25,30,20
47,1890,0.018447157086612702,0.2005864747878044,0.1437905740544439,0.637175794071138,25,30,20
47,1891,0.018447737857524477,0.20058647478778102,0.1437905369120455,0.637175250442648,25,30,20
47,1892,0.018426874408257438,0.2005864747876511,0.14379052910064063,0.63719612170345,25,30,20
47,1893,0.018415573786465765,0.20058647478765593,0.14369835773859774,0.6372995936872798,25,30,20
47,1894,0.018204595503659837,0.20058647475634991,0.1439093090165335,0.6372996207234557,25,30,20
47,1895,0.017418676459119563,0.20056651917254645,0.14471518635143765,0.6372996180168954,25,30,20
47,1896,0.017418834184760586,0.20056661331701986,0.1447149344597685,0.63729961803845,25,30,20
47,1897,0.01741855505680533,0.2005666133171173,0.14484000084975188,0.6371748307763244,25,30,20
47,1898,0.03596129214890112,0.20056915611581647,0.12629242611970856,0.6371771256155765,25,30,20
47,1899,0.035961446957683975,0.20056915611584183,0.12629254083185967,0.6371768560946173,25,30,20
47,1900,0.03564165124379203,0.20112438996255083,0.12601065877460804,0.6372233000190518,25,30,20
47,1901,0.03562073368077651,0.20114477184111762,0.1260111944951258,0.6372232999829825,25,30,20
47,1902,0.035668382120763294,0.2010965331808228,0.1260117846576757,0.6372233000407403,25,30,20
47,1903,0.03565886027829333,0.20109653318082074,0.12601178302639568,0.6372328235144925,25,30,20
47,1904,0.03566491472610569,0.20109653318074255,0.12601177407582748,0.6372267780173264,25,30,20
47,1905,0.035674429274322794,0.20109653318074297,0.1260117771774423,0.6372172603674938,25,30,20
47,1906,0.035654104869713835,0.20109653318066684,0.12601177622793955,0.6372375857216819,25,30,20
47,1907,0.03556661477226979,0.21829544128318631,0.10894680208459938,0.6371911418599441,25,30,20
47,1908,0.0355577907638021,0.21829544128318684,0.10894668638602838,0.6372000815669824,25,30,20
47,1909,0.03554835104595582,0.21829544128310538,0.10894673615013307,0.6372094715208053,25,30,20
47,1910,0.03572418386121147,0.21749089569413826,0.10957544889479427,0.6372094715498561,25,30,20
47,1911,0.03572405078516701,0.21688223952904268,0.11018423813579012,0.6372094715500005,25,30,20
47,1912,0.035392806515477514,0.23906226004950296,0.08833546287623575,0.6372094705587842,25,30,20
47,1913,0.03522540685405104,0.23906226022158816,0.08850286237313693,0.6372094705512243,25,30,20
47,1914,0.03528658804875892,0.23906225972782888,0.08844170916914322,0.6372094430542703,25,30,20
47,1915,0.035289410527079235,0.23906225972795966,0.08844166482887406,0.6372066649160886,25,30,20
47,1916,0.03528105362971345,0.22006811315457234,0.10744416826961116,0.6372066649461037,25,30,20
47,1917,0.03527832018964369,0.22006811315452224,0.1073190504223053,0.6373345162335292,25,30,20
47,1918,0.03527837405807965,0.22006811315452418,0.10731905412224693,0.6373344586651494,25,30,20
47,1919,0.03528351642949393,0.23845194997165262,0.08893007493503897,0.6373344586638148,25,30,20
47,1920,0.03528335517304523,0.23845194997162675,0.08893007460187403,0.6373346202534544,25,30,20
47,1921,0.03528924543456066,0.23845194997484384,0.0889304001152175,0.6373284044753785,25,30,20
47,1922,0.03530505961984457,0.23861400463210894,0.08875253123615223,0.6373284045118948,25,30,20
47,1923,0.03827972524765469,0.23861145483203644,0.08579087870881674,0.6373179412114928,25,30,20
47,1924,0.03758211611531498,0.23861145482273302,0.08579030465707037,0.6380161244048822,25,30,20
47,1925,0.03624460925986137,0.23861145481642843,0.08578949008743667,0.6393544458362735,25,30,20
47,1926,0.036253802781379595,0.23860281087273205,0.08578894050949344,0.6393544458363953,25,30,20
47,1927,0.03626037794962293,0.23860281087904922,0.08578903917301477,0.6393477719983133,25,30,20
47,1928,0.036254174854897625,0.23860281087915397,0.0857890486783662,0.6393539655875821,25,30,20
47,1929,0.024769549074358313,0.2386028114773838,0.09727283871319634,0.6393548007350612,25,30,20
47,1930,0.021467841140165863,0.23860280318219687,0.10057429349291316,0.6393550621847237,25,30,20
47,1931,0.021476626754672597,0.23860280318216964,0.10057428948112193,0.6393462805820356,25,30,20
47,1932,0.02146763594715414,0.238602803182195,0.10057428986057074,0.6393552710100799,25,30,20
47,1933,0.021419938465332012,0.23865109187854908,0.10057369870391808,0.6393552709522003,25,30,20
47,1934,0.02141694383719485,0.23865109187839142,0.1005736859055033,0.6393582783789098,25,30,20
47,1935,0.02140830964469381,0.23945213027141102,0.09978128173264655,0.6393582783512479,25,30,20
47,1936,0.02140901087761509,0.23945213027149703,0.0997812580557733,0.6393576007951135,25,30,20
47,1937,0.02140575420633621,0.23884849918842208,0.10038814580311045,0.63935760080213,25,30,20
47,1938,0.021390465656145236,0.2388484991852868,0.10038784729911056,0.6393731878594562,25,30,20
47,1939,0.021593056100909974,0.23884849919324086,0.10038696854537785,0.6391714761604697,25,30,20
47,1940,0.021596716023223217,0.2388445224106241,0.10038728538249758,0.6391714761836533,25,30,20
47,1941,0.02160777525744955,0.23884452241066828,0.10038727918997711,0.6391604231419032,25,30,20
47,1942,0.021607775210038718,0.23884452241066786,0.10039387982011873,0.639153822559173,25,30,20
47,1943,0.02158993066420705,0.23947169838707016,0.09978454838994094,0.6391538225587802,25,30,20
47,1944,0.041041313839298654,0.2394716881922724,0.0803346357156123,0.6391523622528156,25,30,20
47,1945,0.04105014345970863,0.23947168819227188,0.08033031214025181,0.6391478562077666,25,30,20
47,1946,0.005261813141307808,0.23947171082420607,0.08061559746416856,0.674650878570316,25,30,20
47,1947,0.005249894289739063,0.2394717108241029,0.08061558793556692,0.6746628069505896,25,30,20
47,1948,0.0052439583088651764,0.24008453836656024,0.08000869640267308,0.6746628069219003,25,30,20
47,1949,0.005240358266753303,0.2400806745172569,0.08001616029032946,0.6746628069256592,25,30,20
47,1950,0.0052427107256279755,0.24008067451733425,0.08001616285404117,0.6746604519029957,25,30,20
47,1951,0.005233878562531319,0.2400806745172872,0.08001836207040927,0.6746670848497707,25,30,20
47,1952,0.005242864634609244,0.24007112666915126,0.0800189238462227,0.6746670848500151,25,30,20
47,1953,0.005263676046360553,0.24007112666933242,0.08001901421382365,0.6746461830704817,25,30,20
47,1954,0.005263830891842541,0.24007112666935967,0.08001901469974598,0.67464602773905,25,30,20
47,1955,0.005264041227431851,0.24007112666938776,0.08001890190481598,0.6746459301983627,25,30,20
47,1956,0.005291109655571592,0.2400711266710805,0.08001913589602516,0.6746186277773211,25,30,20
47,1957,0.005290522958046623,0.23927032820911337,0.08082052105725043,0.6746186277755883,25,30,20
47,1958,0.001328950676908483,0.23927030490414952,0.08032026032155519,0.6790804840973855,25,30,20
47,1959,0.001329111105849613,0.23927071590287885,0.08031968889412978,0.6790804840971405,25,30,20
47,1960,0.0013294809561390673,0.2392703455350496,0.08031968941129022,0.6790804840975201,25,30,20
47,1961,0.0013168765257593413,0.23971861470090172,0.07988402474088752,0.6790804840324508,25,30,20
47,1962,0.0013254821257999716,0.2391323117488909,0.0804617221155214,0.6790804840097856,25,30,20
47,1963,0.001331734291207919,0.23913231174884125,0.08046167424392803,0.6790742797160209,25,30,20
47,1964,0.0013163804991219027,0.2391323117425768,0.08046157791646866,0.6790897298418307,25,30,20
47,1965,0.0013282999052318014,0.23913231174268,0.08046164241251232,0.6790777459395742,25,30,20
47,1966,0.0013193568074803472,0.23913231174265565,0.08046164572067148,0.679086685729191,25,30,20
47,1967,0.0013070643837622287,0.2391323117425226,0.08046163436242296,0.6790989895112918,25,30,20
47,1968,0.0013160495000759515,0.23913231174257374,0.08046174877952811,0.6790898899778219,25,30,20
47,1969,0.0013133144424040408,0.23913231174252159,0.08046174195765897,0.6790926318574148,25,30,20
47,1970,0.002016238153802422,0.23842869741456524,0.08046243169607024,0.6790926327355615,25,30,20
47,1971,0.002016382485254128,0.23842869741451028,0.08046243107821155,0.6790924890220232,25,30,20
47,1972,0.002016386033645771,0.23842815056754216,0.08046297436951151,0.6790924890292991,25,30,20
47,1973,0.0018048057637375472,0.23842815055953306,0.08046223286202699,0.679304810814701,25,30,20
47,1974,0.001813587126655852,0.23842815055948002,0.08046223055398545,0.6792960317598774,25,30,20
47,1975,0.0018193682840584326,0.23842815055969396,0.08046224905347443,0.679290232102772,25,30,20
47,1976,0.001837077182820667,0.23842815055819203,0.08046210741965744,0.6792726648393287,25,30,20
47,1977,0.0018281422588484588,0.238428150558219,0.08046211180503539,0.679281595377896,25,30,20
47,1978,0.0018373453091386595,0.2384281505581355,0.08046678605368304,0.6792677180790413,25,30,20
47,1979,0.0018347716468844926,0.23842815055811126,0.0804668378040628,0.67927023999094,25,30,20
47,1980,0.0018346148822228287,0.23842815055808445,0.0804668387465925,0.6792703958130991,25,30,20
47,1981,0.0018257808110174372,0.2384445736751475,0.08045924972741274,0.6792703957864216,25,30,20
47,1982,0.0018349349466778764,0.2384445736751485,0.08045925191043984,0.679261239467733,25,30,20
47,1983,0.0018377222199366743,0.23844457367525088,0.08045926071856935,0.6792584433862424,25,30,20
47,1984,0.0018442106592980354,0.2384445736876189,0.0804618731608146,0.679249342492268,25,30,20
47,1985,0.001865544430941664,0.23844457368772676,0.08046188542023186,0.6792279964610997,25,30,20
47,1986,0.0011536291692348399,0.23915717240074372,0.08046120284004274,0.6792279955899787,25,30,20
47,1987,0.001165502285366831,0.23915717240082107,0.08046109542520379,0.6792162298886083,25,30,20
47,1988,0.0011862003953647185,0.23915717240095116,0.08046110231618135,0.6791955248875027,25,30,20
47,1989,0.001151059048027251,0.23915717240071405,0.08046101329037547,0.6792307552608832,25,30,20
47,1990,0.0011418529631385015,0.2391571724007403,0.08072241745700617,0.6789785571791149,25,30,20
47,1991,0.0011356533436836574,0.2391571724008722,0.08072242894766765,0.6789847453077763,25,30,20
47,1992,0.0011444799808332732,0.2391571724008726,0.08072237208625316,0.6789759755320409,25,30,20
47,1993,0.0011378377352618623,0.23915717238844633,0.08072200390195712,0.6789829859743347,25,30,20
47,1994,0.0011288393434826524,0.23915717238847162,0.0807220007104776,0.6789919875575682,25,30,20
47,1995,0.001119804103960295,0.2391571723884431,0.08072199878366802,0.6790010247239283,25,30,20
47,1996,0.0010992616622351025,0.2391571723883931,0.08072193956104469,0.6790216263883267,25,30,20
47,1997,0.001099422213735211,0.23915717238852502,0.08072190924404539,0.6790214961536937,25,30,20
47,1998,0.0011481905748119046,0.23915692801965477,0.08067338523559035,0.6790214961699416,25,30,20
47,1999,0.001147824418288383,0.23913487957536006,0.08069579983678586,0.6790214961695645,25,30,20
47,2000,0.0011478281595917175,0.2391348795753596,0.08078722448194751,0.6789300677830999,25,30,20
47,2001,0.001145250204934016,0.23913487957528218,0.08078721550746748,0.6789326547123151,25,30,20
47,2002,0.001166114767628775,0.2391348795753882,0.08078722297330891,0.6789117826836727,25,30,20
47,2003,0.0011840923306735748,0.2386813789441201,0.08122274604880429,0.6789117826764007,25,30,20
47,2004,0.001184722894713122,0.23868137894420546,0.08122275096772258,0.6789111471933578,25,30,20
47,2005,0.0011748227390530044,0.23868137894420108,0.08122274754079552,0.6789210507759493,25,30,20
47,2006,0.0011720870141479758,0.23868137894412456,0.08122274265821018,0.6789237913835159,25,30,20
47,2007,0.0011634677913690886,0.2386813789441797,0.08122047097528305,0.6789346822891672,25,30,20
47,2008,0.0011544815874529638,0.2386813789441535,0.08148657837372092,0.6786775610946718,25,30,20
47,2009,0.0011543231342947748,0.23868137894410082,0.08122058405409759,0.678943713867506,25,30,20
47,2010,0.0011543381073929495,0.23868137894410466,0.08122058889266408,0.6789436940558372,25,30,20
47,2011,0.0010805912126414885,0.2386813789251698,0.08129433624155427,0.6789436936206353,25,30,20
47,2012,0.0010834332815075406,0.23868137892529792,0.08129434438221274,0.6789408434109828,25,30,20
47,2013,0.0010625676980285383,0.23868137892519325,0.08129433549342563,0.6789617178833534,25,30,20
47,2014,0.0010623548299903967,0.23698736885812635,0.08298855842154451,0.678961717890339,25,30,20
47,2015,0.001071236044354558,0.23698736885834026,0.08272246484327857,0.6792189302540271,25,30,20
47,2016,0.0010837292604953003,0.21900895489228137,0.10068838557522744,0.6792189302719962,25,30,20
47,2017,0.0010779482778761967,0.21900895489206892,0.10068836583947222,0.6792247309905823,25,30,20
47,2018,0.001059304931168132,0.2369935025708511,0.0827224615113382,0.6792247309866423,25,30,20
47,2019,0.0010593031792369494,0.23699350257082538,0.08272246178095094,0.6792247324689865,25,30,20
47,2020,0.0010683989115380364,0.23699350257082483,0.08272242681468465,0.6792156717029522,25,30,20
47,2021,0.0010773850756988382,0.2369935025707454,0.08272253835557933,0.6792065739979765,25,30,20
47,2022,0.001077434977834287,0.2369935025708261,0.08272253647349072,0.679206525977849,25,30,20
47,2023,0.0010893602442813009,0.23699350257087798,0.08272254365266063,0.6791945935321799,25,30,20
47,2024,0.0010954033075973376,0.23698746684636166,0.08272253632814522,0.6791945935178956,25,30,20
47,2025,0.037530042959186515,0.23698746772426443,0.04628789048844321,0.6791945988281047,25,30,20
47,2026,0.037521053450043466,0.23699533261199324,0.04628901510985611,0.6791945988281062,25,30,20
47,2027,0.0375000893287434,0.23699533261177985,0.046289036090506705,0.6792155419689689,25,30,20
47,2028,0.03750266376818165,0.23699533261183003,0.04628904268100793,0.6792129609389792,25,30,20
47,2029,0.03821462011472305,0.23699533262128758,0.04628970455580075,0.6785003427081874,25,30,20
47,2030,0.030500269295571602,0.23699533192089323,0.05400401755266722,0.6785003812308668,25,30,20
47,2031,0.0305089891722725,0.23696440602072127,0.05402622354715215,0.6785003812598529,25,30,20
47,2032,0.029799815749906436,0.2369644060113444,0.05402553052346053,0.6792102477152876,25,30,20
47,2033,0.029808684577379226,0.23696440601142077,0.05402553294749701,0.6792013764637025,25,30,20
47,2034,0.029796339967531515,0.2369644060113396,0.05393409646741953,0.6793051575537086,25,30,20
47,2035,0.029808104197397257,0.2369644060114695,0.05393402340275657,0.6792934663883758,25,30,20
47,2036,0.030487731605667354,0.23672019908429578,0.05349860166470701,0.679293467645329,25,30,20
47,2037,0.03049435906289518,0.23672019908890315,0.05349868059509678,0.6792867612531037,25,30,20
47,2038,0.03049521483730909,0.23672019908899106,0.053498692298422086,0.6792858937752767,25,30,20
47,2039,0.030491800236036908,0.23672019908917558,0.053498597488901074,0.6792894031858853,25,30,20
47,2040,0.03048276726434832,0.23672019908907044,0.053498672316967186,0.679298361329613,25,30,20
47,2041,0.03048277995666734,0.2367201990890433,0.05349867339249051,0.6792983475617977,25,30,20
47,2042,0.03047090525912609,0.23672019908909964,0.05349878891552964,0.6793101067362436,25,30,20
47,2043,0.030471105794833083,0.23842540808220294,0.051793379393337856,0.6793101067296251,25,30,20
47,2044,0.030491812556389334,0.23842540808241824,0.051793395071878884,0.6792893842893126,25,30,20
47,2045,0.03048293243175594,0.23721899951403766,0.05300868379399924,0.6792893842602062,25,30,20
47,2046,0.030491933311895644,0.23721899951395745,0.053008685657070044,0.6792803815170759,25,30,20
47,2047,0.030500712034741938,0.23721899951392839,0.05300868347062479,0.679271604980704,25,30,20
47,2048,0.030494609038818885,0.23721899951389877,0.05300856690181372,0.6792778245454677,25,30,20
47,2049,0.03049786626140221,0.2372189995139124,0.053008498726746046,0.6792746354979383,25,30,20
47,2050,0.030497917747554296,0.2372189459226338,0.05300850082449103,0.6792746355053196,25,30,20
47,2051,0.030507055941963866,0.2372189459226868,0.05300405310800738,0.6792699450273413,25,30,20
47,2052,0.030491541612233188,0.2372189459178645,0.053003958005273015,0.6792855544646288,25,30,20
47,2053,0.030500486236366618,0.237218945917889,0.053003956829775135,0.6792766110159687,25,30,20
47,2054,0.030521457886534792,0.23721894591797008,0.0530039671717851,0.6792556290237094,25,30,20
47,2055,0.030533586999290197,0.23721894591810372,0.053003978228940596,0.679243488853665,25,30,20
47,2056,0.03051266616130491,0.2372189459180507,0.053003969991195804,0.679264417929448,25,30,20
47,2057,0.030503629267670626,0.2372189459180002,0.05300397108184922,0.6792734537324795,25,30,20
47,2058,0.03048276326026913,0.23721894591773224,0.0530039924944668,0.6792942983275313,25,30,20
47,2059,0.030491595696851944,0.23721894591773174,0.053003992406810765,0.6792854659786055,25,30,20
47,2060,0.03047020223665045,0.23721894597255302,0.05302538556884511,0.6792854662219512,25,30,20
47,2061,0.030458650276679596,0.2372189459724218,0.05302537850810432,0.6792970252427943,25,30,20
47,2062,0.030452405971255665,0.2372364122296489,0.05301415654225847,0.679297025256837,25,30,20
47,2063,0.030437219402243452,0.23723641222969963,0.05301416925949827,0.6793121991085583,25,30,20
47,2064,0.0304365652649116,0.23723641222971867,0.053014247692637885,0.6793127748127316,25,30,20
47,2065,0.030436563284043313,0.23723641222971917,0.053014330226706645,0.6793126942595308,25,30,20
47,2066,0.03044630734279711,0.2372165520046394,0.05302444639261952,0.6793126942599437,25,30,20
47,2067,0.029754745309326508,0.23790837618965616,0.05302418551206392,0.6793126929889526,25,30,20
47,2068,0.029766563041139373,0.2385058536493953,0.05241489029948619,0.6793126930099782,25,30,20
47,2069,0.037348035812686156,0.23850585348777298,0.0448334585292048,0.679312652170335,25,30,20
47,2070,0.03733921022380053,0.23850585348769507,0.04483337195526706,0.6793215643332363,25,30,20
47,2071,0.03734241903150941,0.2385058534875629,0.04483344203320333,0.6793182854477233,25,30,20
47,2072,0.037710293194932284,0.23813721090381912,0.044834209589178435,0.6793182863120688,25,30,20
47,2073,0.03770065574735812,0.23812664763956326,0.044854410294526505,0.6793182863185508,25,30,20
47,2074,0.0376948215079753,0.2381266476393549,0.04485439078534381,0.6793241400673246,25,30,20
47,2075,0.03768294849822015,0.2381381122664292,0.04485479918930204,0.6793241400460474,25,30,20
47,2076,0.03902645016939703,0.2381381122727066,0.04485574754053639,0.6779796900173587,25,30,20
47,2077,0.039032228779210344,0.238163762814144,0.04482431836749323,0.6779796900391512,25,30,20
47,2078,0.039038514125339964,0.2381637628140437,0.044953693511918275,0.6778440295486967,25,30,20
47,2079,0.03903846915025517,0.23816376281401572,0.044953692911812594,0.6778440751239152,25,30,20
47,2080,0.037702276000244915,0.23816376280780532,0.04495436932631882,0.6791795918656298,25,30,20
47,2081,0.037693126692459784,0.23816376280785984,0.04495598879148909,0.6791871217081902,25,30,20
47,2082,0.03732520194181162,0.23853245618403054,0.044955221044710836,0.6791871208294458,25,30,20
47,2083,0.03733140531904831,0.23853245618389965,0.044955209643879765,0.6791809288531708,25,30,20
47,2084,0.037331455966456116,0.2397700892456882,0.04371752593406611,0.679180928853788,25,30,20
47,2085,0.03733155913475968,0.23976998195914448,0.043717530023232684,0.6791809288828615,25,30,20
47,2086,0.038035374437656644,0.23976998195943522,0.04371784034649221,0.6784768032564144,25,30,20
47,2087,0.03803526202956263,0.2397699819594098,0.04371784355161467,0.6784769124594112,25,30,20
47,2088,0.008432502120756982,0.23977004120076167,0.07332035530620809,0.6784771013722712,25,30,20
47,2089,0.009127373268969292,0.23907437500217923,0.07332114909941216,0.6784771026294372,25,30,20
47,2090,0.009118390863373677,0.2390743750021545,0.07332118222914892,0.6784860519053213,25,30,20
47,2091,0.00912124466073719,0.23904934087485039,0.07334336254281464,0.6784860519215961,25,30,20
47,2092,0.009142375903255241,0.23904934087490534,0.07352101056759286,0.6782872726542447,25,30,20
47,2093,0.009142165971784504,0.239049560859612,0.0735210005433123,0.6782872726252894,25,30,20
47,2094,0.00915125875624848,0.23904046391376593,0.073521004704067,0.6782872726259168,25,30,20
47,2095,0.009151313755823771,0.23904046391381853,0.07352100699335659,0.6782872153369992,25,30,20
47,2096,0.009151630960285788,0.2390404639138703,0.07352096781973563,0.6782869373061069,25,30,20
47,2097,0.009504863172029466,0.2390404639140315,0.07364979271632521,0.6778048801976123,25,30,20
47,2098,0.009503758272764057,0.23904046391383407,0.07364815912747648,0.6778076186859241,25,30,20
47,2099,0.009494582175043422,0.23904046391383307,0.07351877671349642,0.6779461771976258,25,30,20
47,2100,0.00948543556288602,0.23904046391369987,0.07351869062410404,0.6779554098993088,25,30,20
47,2101,0.009472885966481399,0.23904046391351097,0.07351875783274765,0.677967892287259,25,30,20
47,2102,0.009484636969112469,0.23904046391366995,0.07351876368918718,0.67795613542803,25,30,20
47,2103,0.009484369656935453,0.2390404639138139,0.07351876230178934,0.6779564041274608,25,30,20
47,2104,0.009484685262529567,0.23904046391555842,0.07351876890651571,0.677956081915396,25,30,20
47,2105,0.009481633604868464,0.23904389824620786,0.07351838620496215,0.6779560819439611,25,30,20
47,2106,0.00948528226725606,0.23904389824622094,0.07351862200457693,0.6779521974819456,25,30,20
47,2107,0.009485698943718179,0.23904389824627814,0.0735187423973803,0.6779516604126232,25,30,20
47,2108,0.009479705474021025,0.23904389824641048,0.07351867092992753,0.6779577253496407,25,30,20
47,2109,0.009471031823646215,0.23904389824647307,0.07351868929175115,0.6779663806381292,25,30,20
47,2110,0.009491951769007002,0.23904389824677888,0.07351859556529759,0.6779455544189161,25,30,20
47,2111,0.009647508358564611,0.23904389824681385,0.07351880701869343,0.6777897863759282,25,30,20
47,2112,0.02581680334742511,0.23904497428399452,0.05713633088199262,0.6780018914865882,25,30,20
47,2113,0.025828774771932798,0.23904497428415347,0.057136341778529394,0.6779899091653846,25,30,20
47,2114,0.02565235317698679,0.23904497428393706,0.057142872733982254,0.6781597998050941,25,30,20
47,2115,0.025658239887843846,0.23904497428417262,0.05713605322903334,0.6781607325989505,25,30,20
47,2116,0.024957595922091375,0.23974624408521733,0.05713542867269395,0.6781607313199975,25,30,20
47,2117,0.024957594139049473,0.2397460338051735,0.05713564073577124,0.6781607313200061,25,30,20
47,2118,0.024975947316387002,0.23974603380512327,0.057135725084875987,0.6781422937936141,25,30,20
47,2119,0.024979212437307295,0.23974603380501913,0.05713571625299949,0.6781390375046743,25,30,20
47,2120,0.024976380580981315,0.23974603380490642,0.05713569292308297,0.6781418926910296,25,30,20
47,2121,0.024622828804818836,0.2397460338046946,0.05700703859335196,0.6786240987971349,25,30,20
47,2122,0.024631553823868568,0.23974603380472406,0.05700704087107109,0.6786153715003367,25,30,20
47,2123,0.02464085689036621,0.2397460338047245,0.05700703731862087,0.6786060719862889,25,30,20
47,2124,0.023937466987363015,0.23974603380451356,0.05700672808536884,0.6793097711227547,25,30,20
47,2125,0.02391611758932212,0.23974603380440423,0.05700674804078372,0.6793311005654901,25,30,20
47,2126,0.023916063161398115,0.23974603380437517,0.057006747870351544,0.6793311551638753,25,30,20
47,2127,0.02391619226232625,0.23974590341278806,0.05700674916110979,0.6793311551637761,25,30,20
47,2128,0.0012324610112694743,0.2397447681235821,0.07990391059190928,0.6791188602732394,25,30,20
47,2129,0.0012202114554208405,0.23974476812355341,0.07972472542389346,0.6793102949971325,25,30,20
47,2130,0.0012111755534129009,0.23974476812358403,0.07972492384813402,0.6793191324748693,25,30,20
47,2131,0.0011901057372113476,0.23974476812342602,0.07972491461614899,0.6793402115232141,25,30,20
47,2132,0.001189951922600717,0.23974476812345233,0.07972491511540102,0.6793403648385461,25,30,20
47,2133,0.0011809582986258703,0.23974476812337303,0.07972490986690565,0.679349363711096,25,30,20
47,2134,0.0011602573453475017,0.23974476812306877,0.0797248885331867,0.6793700859983974,25,30,20
47,2135,0.0011662546936523986,0.23974476812293613,0.07972715575191308,0.6793618214314985,25,30,20
47,2136,0.001181237915183779,0.23972978623128427,0.0797271544364398,0.679361821417092,25,30,20
47,2137,0.0011904341101880212,0.23972978623133812,0.07972704120546431,0.6793527384530093,25,30,20
47,2138,0.0011990561084751308,0.2397297862296499,0.07972703196347701,0.6793441256983977,25,30,20
47,2139,0.0011990063215681062,0.2397297862296227,0.0797270283575119,0.6793441790912972,25,30,20
47,2140,0.0011992091131332906,0.23972978622965177,0.07972703114024622,0.6793439735169686,25,30,20
47,2141,0.001202102873859079,0.2397297862297783,0.07973156491574862,0.679336545980614,25,30,20
47,2142,0.0012020330263384396,0.23975163625154683,0.07970978473638639,0.679336545985728,25,30,20
47,2143,0.001181495403603819,0.23977218715386128,0.07970977145602602,0.6793365459865086,25,30,20
47,2144,0.0011903385896257946,0.2397721871539665,0.07970977711180818,0.6793276971445992,25,30,20
47,2145,0.0011966515527318503,0.2397662590175675,0.07970939230711584,0.6793276971225847,25,30,20
47,2146,0.0015527853161730518,0.2397662590240082,0.0797101948564273,0.6789707608033911,25,30,20
47,2147,0.0015744151244544932,0.23974374442737234,0.07971107962183274,0.6789707608263401,25,30,20
47,2148,0.0015657892439406899,0.23974374442745305,0.07970891150022145,0.6789815548283846,25,30,20
47,2149,0.0015657891133141258,0.23974374442745205,0.07970421255104956,0.6789862539081839,25,30,20
47,2150,0.0015565917938541265,0.23974374442747654,0.0797042120747849,0.678995451703884,25,30,20
47,2151,0.0015654834240744406,0.23974374442750107,0.07970420778017075,0.6789865643682534,25,30,20
47,2152,0.0015411542862675673,0.23975099921866874,0.07972128234481693,0.6789865641502457,25,30,20
47,2153,0.0015436214832545445,0.239750999218695,0.07972129301059766,0.6789840862874519,25,30,20
47,2154,0.0015525434932590143,0.2397509992188031,0.07972129872144552,0.6789751585664913,25,30,20
47,2155,0.001543921369810066,0.23975099921880122,0.0797212992399511,0.6789837801714366,25,30,20
47,2156,0.001552907280919934,0.23975099921866402,0.07972579367898724,0.678970299821428,25,30,20
47,2157,0.0015527015686460075,0.23975099921858373,0.07972568558406253,0.6789706136287069,25,30,20
47,2158,0.0015589126985772655,0.23975099921845427,0.0797256803175585,0.6789644077654091,25,30,20
47,2159,0.0015706253923252142,0.2397509992185293,0.07972568643048734,0.6789526889586572,25,30,20
47,2160,0.0015806288423328694,0.23975099921864207,0.07972570070203708,0.6789426712369871,25,30,20
47,2161,0.0015807720160846517,0.23975099921853588,0.07972569364683929,0.6789425351185392,25,30,20
47,2162,0.0015769855328564494,0.23975099921871945,0.07972570213198354,0.6789463131164396,25,30,20
47,2163,0.0015679474411526514,0.2397509992186908,0.07972569935974452,0.6789553539804111,25,30,20
47,2164,0.0015680639376411296,0.23975099921871582,0.07999180772205328,0.6786891291215893,25,30,20
47,2165,0.0015477326234305134,0.23975099921866858,0.079991886218933,0.6787093819389676,25,30,20
47,2166,0.0015445589247425869,0.2397541487214032,0.07999191038163493,0.6787093819722189,25,30,20
47,2167,0.0015446171858748722,0.23975414872132206,0.07999182349353737,0.6787094105992654,25,30,20
47,2168,0.001546958128836252,0.23975414872117667,0.07999161588110577,0.6787072772688812,25,30,20
47,2169,0.0015497823279998846,0.23975414872411746,0.07999160554724188,0.6787044634006406,25,30,20
47,2170,0.0015705338511255162,0.23975414872422143,0.07999153264717268,0.6786837847774803,25,30,20
47,2171,0.001791162825485091,0.23952225538256924,0.08000279530763027,0.6786837864843167,25,30,20
47,2172,0.0017916061230061667,0.2395222553825728,0.080002797680984,0.6786833408134385,25,30,20
47,2173,0.0018003837537888723,0.23952225538251742,0.08000279710882169,0.6786745637548734,25,30,20
47,2174,0.0018007514203752142,0.23952225538243868,0.08026874201663697,0.6784082511805499,25,30,20
47,2175,0.00177889718872438,0.23954498956645712,0.08026786209513088,0.6784082511496883,25,30,20
47,2176,0.001787888033901501,0.23953600864182192,0.0802678521817329,0.6784082511425444,25,30,20
47,2177,0.0014227202318881956,0.23953600863535368,0.0802670475859554,0.6787742235468035,25,30,20
47,2178,0.0014221254142643678,0.23953600863532518,0.08026712731208951,0.6787747386383216,25,30,20
47,2179,0.002770101816577446,0.23952876057511235,0.07892569050602195,0.678775447102288,25,30,20
47,2180,0.0027694721933591627,0.23952876057510913,0.0786596802209086,0.6790420870106229,25,30,20
47,2181,0.0027787201648912835,0.23952876057527284,0.07865969559037443,0.6790328236694613,25,30,20
47,2182,0.002781494403040293,0.23952876057534922,0.07839359445228364,0.6792961505693268,25,30,20
47,2183,0.001433364444632244,0.23952893864049904,0.07974225483367017,0.6792954420811985,25,30,20
47,2184,0.001454117529757083,0.23952893864060545,0.07974226319351925,0.6792746806361183,25,30,20
47,2185,0.001451378160458937,0.23891558929836204,0.08035835191269732,0.679274680628481,25,30,20
47,2186,0.0014512785019847702,0.2389155892951511,0.08035833866539649,0.679274793537467,25,30,20
47,2187,0.001451224639240467,0.2389155892956039,0.08048772077681406,0.6791454652883409,25,30,20
47,2188,0.00145716048761761,0.2389155892955203,0.0804877059109752,0.6791395443058859,25,30,20
47,2189,0.0014513508880124525,0.23892143054191226,0.08048767429743119,0.6791395442726431,25,30,20
47,2190,0.0014601395433117362,0.2395287331953752,0.07987158299556929,0.6791395442657431,25,30,20
47,2191,0.0012604692624372483,0.23973987016156226,0.07986011800973424,0.6791395425662654,25,30,20
47,2192,0.001248125227701831,0.23973987016140136,0.07986010352279319,0.6791519010881027,25,30,20
47,2193,0.0012451857543104513,0.23973993810235836,0.07986297507277733,0.6791519010705533,25,30,20
47,2194,0.0012453461504451598,0.23973993810233257,0.07986767243802068,0.6791470433092007,25,30,20
47,2195,0.0012364097085708048,0.23973993810238603,0.07987427358939941,0.6791493785996429,25,30,20
47,2196,0.0012158870112793157,0.23973993810228222,0.07987426812680037,0.6791699067596371,25,30,20
47,2197,0.00120726921945951,0.2397399381023095,0.07987427113957728,0.6791785215386527,25,30,20
47,2198,0.0012072692078803698,0.23973220737338227,0.07988200187319247,0.6791785215455438,25,30,20
47,2199,0.0012161023294059107,0.2397322073734362,0.07987540509738494,0.6791762851997718,25,30,20
47,2200,0.0012158755849168345,0.23973220737343737,0.079875403247342,0.6791765137943027,25,30,20
47,2201,0.0012226093018291506,0.2397254528036747,0.07987542404839969,0.6791765138460956,25,30,20
47,2202,0.0012557072082129484,0.23972545280689206,0.07987552690517095,0.6791433130797231,25,30,20
47,2203,0.0012467174709054837,0.23929840788000717,0.0803115615693613,0.6791433130797241,25,30,20
47,2204,0.0012378916693936894,0.23929840788000725,0.08031156152103244,0.6791521389295647,25,30,20
47,2205,0.0012292185764085392,0.23929840787971643,0.0801821505710673,0.6792902229728061,25,30,20
47,2206,0.0012289586493841765,0.2392984078795273,0.08018213821255689,0.67929049525853,25,30,20
47,2207,0.0012408771376314527,0.23929840787963053,0.08018214821403533,0.679278566768701,25,30,20
47,2208,0.0012346828779785605,0.23930459080222136,0.0801821595369269,0.6792785667828715,25,30,20
47,2209,0.0012281158982117679,0.2393045908023773,0.08017746961366284,0.6792898236857465,25,30,20
47,2210,0.0012277980732315003,0.2397409595349365,0.07974141870609508,0.679289823685736,25,30,20
47,2211,0.001212236834086212,0.23975654133893054,0.0797413981929087,0.6792898236340735,25,30,20
47,2212,0.0012122339934004527,0.23975654133893104,0.07974139761468649,0.6792898270529811,25,30,20
47,2213,0.0012060314478601537,0.23975654133906157,0.07973671081650228,0.6793007163965751,25,30,20
47,2214,0.0012269946845556426,0.23975654133919566,0.07973683628511058,0.6792796276911375,25,30,20
47,2215,0.0012297792711884789,0.23975654133930033,0.07973684529246056,0.6792768340970499,25,30,20
47,2216,0.001209447702580023,0.23975654133925123,0.07973683982264972,0.6792971711355181,25,30,20
47,2217,0.0012094477040600262,0.23975654133925164,0.07973695570247433,0.679297055254213,25,30,20
47,2218,0.0013763686855392367,0.23975654133949217,0.09073702516998013,0.6681300648049873,25,30,20
47,2219,0.0012334156913313586,0.23975654134101787,0.0797371545054485,0.6792728884622015,25,30,20
47,2220,0.00122427187273524,0.23975654134101887,0.07973727038024939,0.6792819164059961,25,30,20
47,2221,0.0012215353599661887,0.23975654134094204,0.07973726477196937,0.6792846585271219,25,30,20
47,2222,0.00122994786255706,0.23975654134088656,0.07973734177830255,0.6792761690182533,25,30,20
47,2223,0.0012238983932177647,0.2397565413409654,0.07973726983698513,0.6792822904288311,25,30,20
47,2224,0.0012358661175867736,0.23975654134112356,0.07973727922888321,0.6792703133124062,25,30,20
47,2225,0.0012265177463147408,0.23975654134099006,0.07973726581719288,0.6792796750955025,25,30,20
47,2226,0.0012173536543210737,0.23976625998931633,0.07973671126089077,0.679279675095472,25,30,20
47,2227,0.0012145621871318775,0.23976866883738548,0.07973709386411841,0.6792796751113644,25,30,20
47,2228,0.001220811981872159,0.23976866883736148,0.07973709075224181,0.6792734284285247,25,30,20
47,2229,0.0012090532612041732,0.2397802307006322,0.0797372876239073,0.6792734284142559,25,30,20
47,2230,0.0012062649948346852,0.23978023070052665,0.0797372784859642,0.679276225818674,25,30,20
47,2231,0.0015716927341978277,0.23978023070715082,0.0797381178615408,0.6789099586971099,25,30,20
47,2232,0.0015889091040100728,0.2397864466699263,0.07971468551501598,0.6789099587110471,25,30,20
47,2233,0.0015949039208147517,0.23974897798971426,0.07974615930816367,0.6789099587813068,25,30,20
47,2234,0.00159211995849793,0.23974897798963604,0.07974615068793044,0.678912751363935,25,30,20
47,2235,0.0015615962753258356,0.23974897798652517,0.07974605350794785,0.6789433722302004,25,30,20
47,2236,0.0022592040436891577,0.23974897799427466,0.07974678248955323,0.6782450354724823,25,30,20
47,2237,0.0022622980026194527,0.23974897799438402,0.07974671414401517,0.6782420098589809,25,30,20
47,2238,0.0022829504830306348,0.23974897799456824,0.07974660645854709,0.6782214650638534,25,30,20
47,2239,0.0022953444357219272,0.23974897799472722,0.07974650383222838,0.6782091737373218,25,30,20
47,2240,0.0022951398072251737,0.23974897799464603,0.07974649584225284,0.6782093863558752,25,30,20
47,2241,0.002295344329393115,0.23974916480268696,0.07974610452731337,0.6782093863406061,25,30,20
47,2242,0.0022951320888534572,0.23913979948468303,0.08035568210002139,0.6782093863264411,25,30,20
47,2243,0.002298078265964971,0.23913685049991634,0.08035568489225434,0.6782093863418637,25,30,20
47,2244,0.0022920835278975094,0.23917430926683214,0.08032422093328499,0.6782093862719846,25,30,20
47,2245,0.0015915352111212334,0.2391743092589226,0.08032348275994544,0.6789106727700098,25,30,20
47,2246,0.001600516670175079,0.23917430925894795,0.08032336925999571,0.6789018048108805,25,30,20
47,2247,0.001609404181111042,0.23917314735346853,0.08031564366206084,0.6789018048033587,25,30,20
47,2248,0.0025183146418703566,0.26031670103093635,0.05826317694142527,0.6789018073857666,25,30,20
47,2249,0.0027062294129030933,0.2603167010386828,0.0582638607242263,0.6787132088241866,25,30,20
47,2250,0.0027148332339233024,0.2602972430092459,0.05827471493404437,0.6787132088227851,25,30,20
47,2251,0.002506006154065212,0.2602972430012326,0.05827401699608031,0.6789227338486207,25,30,20
47,2252,0.0025149912089368004,0.26029724300125934,0.05827401752926949,0.6789137482605331,25,30,20
47,2253,0.0025148335944506633,0.26029724300125384,0.058274012407976104,0.6789139109963181,25,30,20
47,2254,0.0025147390999627384,0.2609069048688581,0.057664445034966635,0.6789139109962113,25,30,20
47,2255,0.002502767477195792,0.2609069048686996,0.05766443152556394,0.6789258961285398,25,30,20
47,2256,0.0025354959251554523,0.26090690486899226,0.058036940561626865,0.678520658644225,25,30,20
47,2257,0.0027352779368221107,0.26090690487703194,0.05803761475912122,0.6783202024270244,25,30,20
47,2258,0.04248581145458543,0.2609069048701118,0.018287083383120545,0.6783202002921819,25,30,20
47,2259,0.04247697829997404,0.26090690487005797,0.018287080061388915,0.6783290367685786,25,30,20
47,2260,0.041551109622992376,0.261131037629561,0.018988818574839927,0.6783290341726063,25,30,20
47,2261,0.0415839421167773,0.2796901542079818,0.00039686947408893786,0.6783290342011514,25,30,20
47,2262,0.041572816332332216,0.27971173994804904,0.0003864095319730264,0.678329034187645,25,30,20
47,2263,0.04159120509021892,0.27971173994813153,0.00038641412275018953,0.6783106408388988,25,30,20
47,2264,0.04095341605443525,0.27971174966424844,0.0010241060443732116,0.6783107282369424,25,30,20
47,2265,0.04094458834501569,0.2797117496642495,0.0010242221577558227,0.6783194398329785,25,30,20
47,2266,0.04091186281087394,0.2797439558225688,0.001024741562361438,0.6783194398041954,25,30,20
47,2267,0.040878505805872954,0.27974395582227607,0.001024745815316075,0.6783527925565346,25,30,20
47,2268,0.040878888557556135,0.27974395582225026,0.001024752915380249,0.6783524027048129,25,30,20
47,2269,0.04088182074679634,0.27974395582229916,0.0010247618181942952,0.67834946161271,25,30,20
47,2270,0.04088202367259736,0.27974395582232864,0.0010247672057725015,0.6783492532993013,25,30,20
47,2271,0.040873132435357,0.279743955822437,0.0010247735830824533,0.6783581381591232,25,30,20
47,2272,0.04088190939987247,0.27974395582240974,0.0010247710287408817,0.6783493637489765,25,30,20
47,2273,0.04087565567860966,0.27974395582245726,0.0010247786213650745,0.6783556098775676,25,30,20
47,2274,0.040886787211251496,0.27972580914447,0.0010317937456844027,0.6783556098985939,25,30,20
47,2275,0.04088679201050982,0.2797258091444691,0.001031675724095927,0.6783557231209251,25,30,20
47,2276,0.04086295114065574,0.27972580914431106,0.000659176522112786,0.6787520631929201,25,30,20
47,2277,0.041062887659613585,0.27952523210506497,0.000659815349108861,0.6787520648862124,25,30,20
47,2278,0.041080805981345836,0.279525232105092,0.0006598134385611584,0.678734148475001,25,30,20
47,2279,0.04139455144587714,0.26097332988523675,0.018897969806873395,0.678734148862013,25,30,20
47,2280,0.04137915733529573,0.2609733298852612,0.018897974473389575,0.6787495383060538,25,30,20
47,2281,0.0427773568058406,0.2583801928344561,0.02009291195225103,0.6787495384074518,25,30,20
47,2282,0.042786137261296785,0.25837196107659194,0.02009236325479681,0.6787495384073138,25,30,20
47,2283,0.04277699085286457,0.25834965124767884,0.020123819491629183,0.6787495384078267,25,30,20
47,2284,0.042756082868626206,0.25834965124754755,0.020128509420760957,0.6787657564630645,25,30,20
47,2285,0.04277998101753722,0.2583496512477604,0.02012852764581178,0.6787418400888897,25,30,20
47,2286,0.04349230134022077,0.2583496512542999,0.0201243909846152,0.6780336564208632,25,30,20
47,2287,0.044932008114064025,0.2583496513496088,0.020133906034711463,0.6765844345016148,25,30,20
47,2288,0.04493783963682902,0.2583496513498472,0.02013390121792831,0.6765786077953945,25,30,20
47,2289,0.045649557168793035,0.2583496513637697,0.020134624978967973,0.6758661664884684,25,30,20
47,2290,0.04492863040686964,0.2583496513500115,0.0201340607000669,0.6765876575430511,25,30,20
47,2291,0.04492573985687445,0.2583496513499084,0.020134053352429376,0.676590555440787,25,30,20
47,2292,0.044901894313004044,0.25834965134972465,0.02013403919944297,0.6766144151378276,25,30,20
47,2293,0.04490173751457676,0.2583496513495598,0.02013387224994212,0.6766147388859207,25,30,20
47,2294,0.04490204726931099,0.2583493449854306,0.02013386885934157,0.6766147388859162,25,30,20
47,2295,0.04490252584511876,0.2583493449855401,0.020133873941943877,0.6766142552273966,25,30,20
47,2296,0.044702641717008544,0.258549870042934,0.02013323467698575,0.6766142535630709,25,30,20
47,2297,0.044702594913214815,0.2585498700429049,0.020133230616218564,0.6766143044276609,25,30,20
47,2298,0.04470259905028901,0.2585498432949479,0.020133251277018607,0.6766143063777438,25,30,20
47,2299,0.04470599206923732,0.25682241163363717,0.021857289829550375,0.6766143064675739,25,30,20
47,2300,0.04255538530671104,0.25682241153203644,0.021847312787284613,0.6787748903739664,25,30,20
47,2301,0.04292560696323793,0.2568224115344404,0.02184868337921135,0.678403298123109,25,30,20
47,2302,0.04291640886423157,0.2568312184525057,0.0218490745601467,0.6784032981231146,25,30,20
47,2303,0.042925184897697116,0.2568312184524509,0.021849070514507605,0.6783945261353437,25,30,20
47,2304,0.0429194538460382,0.2568312184523448,0.021849058477609394,0.678400269224007,25,30,20
47,2305,0.04291951202913161,0.2568312184523477,0.021849099202470648,0.6784001703160493,25,30,20
47,2306,0.04203086094525835,0.25683302673292024,0.022735810232506874,0.6784003020893138,25,30,20
47,2307,0.04205151530417704,0.2568330267328629,0.022735806837527156,0.6783796511254322,25,30,20
47,2308,0.04205029786524461,0.25683302673266856,0.022735708550031864,0.6783809668520542,25,30,20
47,2309,0.04205029780339646,0.2568644899444795,0.02270424540058175,0.6783809668515414,25,30,20
47,2310,0.041693697766241905,0.256864489937855,0.022703561109830267,0.6787382511860719,25,30,20
47,2311,0.04169390521746294,0.25686448993793615,0.02270341192644789,0.6787381929181521,25,30,20
47,2312,0.04169374949266227,0.2568644899378519,0.02270340568891289,0.6787383548805724,25,30,20
47,2313,0.041693642979921446,0.25686448993782846,0.022703406964730104,0.6787384601175194,25,30,20
47,2314,0.04203864702308164,0.2568644899356645,0.022702370493895882,0.6783944925473575,25,30,20
47,2315,0.042029554844859145,0.25686448993555944,0.0227023697713641,0.6784035854482169,25,30,20
47,2316,0.041996443974414405,0.25686448993379274,0.02270211623852121,0.6784369498532713,25,30,20
47,2317,0.041996390804075794,0.2568644899336587,0.022702106486483294,0.6784370127757821,25,30,20
47,2318,0.04197553129919207,0.2568644899335565,0.022702142683424367,0.6784578360838267,25,30,20
47,2319,0.04198495406339289,0.2568644899414247,0.022702383499961162,0.678448172495221,25,30,20
47,2320,0.04219674195321971,0.2280636918019506,0.05129139286722398,0.6784481733776053,25,30,20
47,2321,0.04148145682422207,0.2280636918016874,0.05129106368146494,0.6791637876926253,25,30,20
47,2322,0.04148093189739883,0.22806369180157707,0.05129105541013131,0.6791643208908924,25,30,20
47,2323,0.041481298776791915,0.22806369180165742,0.05129108868433932,0.6791639207372109,25,30,20
47,2324,0.04115586579359436,0.24662423280856774,0.033055981068938436,0.6791639203288996,25,30,20
47,2325,0.042416271575423596,0.2466224768123585,0.031797545593004385,0.6791637060192137,25,30,20
47,2326,0.04241622082008771,0.2466224768123313,0.0317975436538573,0.6791637587137238,25,30,20
47,2327,0.0448109818223035,0.24662247681046684,0.031797979573693305,0.6767685617935365,25,30,20
47,2328,0.04480814103334461,0.24662247681036614,0.03179796935103341,0.6767714128052559,25,30,20
47,2329,0.04480475083131363,0.24834951277458825,0.03007432367866127,0.6767714127154367,25,30,20
47,2330,0.04476795184819819,0.24834946067197283,0.030111175400109165,0.6767714120797197,25,30,20
47,2331,0.0447685376472049,0.24834946067202923,0.030111447145333977,0.6767705545354317,25,30,20
47,2332,0.04476249168809325,0.24834946067213476,0.030111458223218958,0.6767765894165528,25,30,20
47,2333,0.04511840191352229,0.2483494606707851,0.030112127793746772,0.6764200096219456,25,30,20
47,2334,0.04512739549214733,0.24834946067070665,0.030112096223410045,0.6764110476137357,25,30,20
47,2335,0.04492464563727611,0.23718466263319246,0.0414796449983156,0.6764110467312153,25,30,20
47,2336,0.04493106059459368,0.23718466263331275,0.04148633550093136,0.6763979412711617,25,30,20
47,2337,0.044931007193624,0.23546729063656233,0.04320376257422692,0.6763979395955866,25,30,20
47,2338,0.044939886436306115,0.23546729063658942,0.04320376455136227,0.6763890583757418,25,30,20
47,2339,0.044939882775343776,0.23546729063658842,0.04320848904264652,0.6763843375454208,25,30,20
47,2340,0.043548168228512193,0.23802233817348134,0.042045155710100604,0.6763843378879051,25,30,20
47,2341,0.043542076241374204,0.23802233817355858,0.04204520263749706,0.6763903829475695,25,30,20
47,2342,0.04354458025802697,0.22294811936225503,0.057116917876411245,0.6763903825033062,25,30,20
47,2343,0.04354473588125228,0.22293710607903702,0.05712777552926035,0.6763903825104495,25,30,20
47,2344,0.04355426792160897,0.2229371060790353,0.05712777867375741,0.6763808473255974,25,30,20
47,2345,0.04354496016159871,0.22293710607903575,0.057123054125479425,0.6763948796338852,25,30,20
47,2346,0.04354516579875793,0.22293710607909067,0.057123057927948945,0.6763946701942019,25,30,20
47,2347,0.04355401212387683,0.22293710607906225,0.05712279060911468,0.6763860911879455,25,30,20
47,2348,0.043562832790221426,0.2246457332676678,0.05540534305777141,0.6763860908843387,25,30,20
47,2349,0.043571623082722416,0.22464573326763873,0.05540533973386962,0.6763773039157686,25,30,20
47,2350,0.04357162222856512,0.22464573326763781,0.05540542209064808,0.676377222413148,25,30,20
47,2351,0.04356289667181078,0.22465445757853555,0.055405423336118836,0.676377222413534,25,30,20
47,2352,0.04355679785625589,0.22465445757869096,0.055405395407050514,0.6763833491580017,25,30,20
47,2353,0.04356583959929141,0.22465445757868768,0.05540539208097367,0.6763743107410463,25,30,20
47,2354,0.043556904054994315,0.22465445757866281,0.055405431358530356,0.6763832070078115,25,30,20
47,2355,0.04356598832373406,0.22464537665343098,0.05540542801555134,0.6763832070072828,25,30,20
47,2356,0.04355972926428655,0.22464537665318304,0.0553987766655565,0.6763961174169734,25,30,20
47,2357,0.0432037512652471,0.22464537664666562,0.0553978678337636,0.6767530042543227,25,30,20
47,2358,0.043212588222495255,0.22464699746509653,0.0553874100652294,0.6767530042471779,25,30,20
47,2359,0.007429614524297923,0.22464698770544347,0.09117017691763213,0.6767532208526267,25,30,20
47,2360,0.007438549616351894,0.22463844656308557,0.0911697829609341,0.6767532208596282,25,30,20
47,2361,0.0074356056878257,0.22463844656295426,0.0911697335493842,0.6767562141998357,25,30,20
47,2362,0.00483207545921475,0.22463844655675314,0.09116862321156476,0.6793608547724677,25,30,20
47,2363,0.004841066512445144,0.22463844655677934,0.09116862409066244,0.6793518628401132,25,30,20
47,2364,0.004850007286116647,0.22463844655680568,0.09116862504555463,0.6793429211115232,25,30,20
47,2365,0.004849412231221447,0.2246384465568322,0.09116862214681452,0.6793435190651319,25,30,20
47,2366,0.004846462861605742,0.2246384465566477,0.091168608851907,0.6793464817298398,25,30,20
47,2367,0.00485550484545992,0.2246384465566441,0.09116860345068424,0.6793374451472124,25,30,20
47,2368,0.004846469852476374,0.22463844655659035,0.09116868132726869,0.6793464022636649,25,30,20
47,2369,0.004855731735862093,0.2246384465565886,0.09116868125539418,0.6793371404521551,25,30,20
47,2370,0.004864875376637392,0.2246384465565886,0.09116868120868876,0.6793279968580852,25,30,20
47,2371,0.004874228390227494,0.22463844655659002,0.09116868430465547,0.6793186407485262,25,30,20
47,2372,0.004874070877943577,0.22463861388396375,0.09116867448956886,0.679318640748523,25,30,20
47,2373,0.004873865050782707,0.22463861388396375,0.09116867435140077,0.679318846713852,25,30,20
47,2374,0.0048650593127267305,0.22463861388396617,0.0911733724685338,0.6793229543347725,25,30,20
47,2375,0.0048680069211907715,0.22463861388412393,0.0911733055299756,0.679320073664709,25,30,20
47,2376,0.00487715449569142,0.22463861388412767,0.09117330587816243,0.6793109257420178,25,30,20
47,2377,0.004868368260104725,0.2246466877079764,0.09117401827549379,0.6793109257564245,25,30,20
47,2378,0.004868368466479112,0.22464668770797502,0.09117401620679745,0.6793109276187479,25,30,20
47,2379,0.004859428552160963,0.2246466877080258,0.0911740468021845,0.6793198369376283,25,30,20
47,2380,0.004865388387972735,0.2246466877174655,0.09117428455543225,0.6793136393391294,25,30,20
47,2381,0.004865342474161722,0.22464579236437,0.09117522582258761,0.6793136393388806,25,30,20
47,2382,0.0014616232258400476,0.22464579333674325,0.09457893603775917,0.6793136473996573,25,30,20
47,2383,0.0014534308997127896,0.23932142616997962,0.07991149550855714,0.6793136474217489,25,30,20
47,2384,0.0014537422213960823,0.2393214261700313,0.07991145276633704,0.679313378842234,25,30,20
47,2385,0.0014535836790670457,0.23932142617016366,0.07991145793606694,0.6793135322147005,25,30,20
47,2386,0.001453402469765744,0.23932142617013358,0.079906757831148,0.679318413528951,25,30,20
47,2387,0.0014621740740599193,0.2393027493965626,0.07991666300055969,0.6793184135288161,25,30,20
47,2388,0.0014739446736463247,0.23930274939666724,0.07991667205987493,0.6793066338698098,25,30,20
47,2389,0.0014830883092870788,0.23930274939666724,0.07991667204979101,0.6792974902442529,25,30,20
47,2390,0.030311809994078707,0.23930274936666798,0.051088158138509324,0.6792972825007424,25,30,20
47,2391,0.057176678402665174,0.23930250593610958,0.02422353161180183,0.6792972840494224,25,30,20
47,2392,0.05717941468967946,0.2393025059361897,0.024223628284602106,0.6792944510895275,25,30,20
47,2393,0.0571794110988244,0.23930250593619065,0.02422362833544135,0.6792944546295423,25,30,20
47,2394,0.05718825586885727,0.23929457545707186,0.024222714058537452,0.6792944546155322,25,30,20
47,2395,0.05718215412875177,0.23930072125870228,0.0242226699685645,0.6792944546439802,25,30,20
47,2396,0.05718216172875008,0.23930072125870233,0.0242226695008616,0.679294447511685,25,30,20
47,2397,0.0571887377422568,0.23930072126502136,0.024222810596358647,0.6792877303963623,25,30,20
47,2398,0.05718889528864711,0.23930055655041463,0.02422281776456931,0.6792877303963681,25,30,20
47,2399,0.05718894422785652,0.2393005565504671,0.024222818635925986,0.6792876805857495,25,30,20
47,2400,0.06906600322235856,0.239300556632094,0.012344171541489568,0.6792892686040568,25,30,20
47,2401,0.06905102579965437,0.2393005566322337,0.01234418420783818,0.6793042333602728,25,30,20
47,2402,0.0690511393590933,0.23930055663223537,0.012344068478022501,0.6793042355306477,25,30,20
47,2403,0.06941021535607121,0.2393005566387282,0.012344923793135308,0.6789443042120642,25,30,20
47,2404,0.06941235830003449,0.23973428375104855,0.011909053744785306,0.6789443042041308,25,30,20
47,2405,0.069412568628846,0.23973428375110534,0.011915655055891735,0.678937492564156,25,30,20
47,2406,0.06904470593716563,0.2397342837447214,0.011914808995081799,0.6793062013230303,25,30,20
47,2407,0.06904432890776403,0.23973428374474803,0.01191707959863058,0.6793043077488566,25,30,20
47,2408,0.06906780537633442,0.23973428374490177,0.01191049640348066,0.6792874144752824,25,30,20
47,2409,0.06911855331202044,0.23973428374546463,0.011910541511201973,0.6792366214313124,25,30,20
47,2410,0.06911917413939668,0.23973428373624,0.011910262913749081,0.6792362792106137,25,30,20
47,2411,0.06911297449787672,0.23973428373637196,0.011910272406824003,0.679242469358927,25,30,20
47,2412,0.06912420270380805,0.23973428373628353,0.011916869196207927,0.6792246443637001,25,30,20
47,2413,0.0691242551808614,0.2397336855345639,0.011917414920626104,0.6792246443639484,25,30,20
47,2414,0.0691156241909133,0.23973368553459073,0.011917499996251652,0.6792331902782442,25,30,20
47,2415,0.0691064973002126,0.23914247294002502,0.012517839481510664,0.679233190278251,25,30,20
47,2416,0.0690976143138829,0.23743434787649145,0.014234847530992108,0.6792331902786327,25,30,20
47,2417,0.06929750873574007,0.23743434788301077,0.014233130409970051,0.6790350129712782,25,30,20
47,2418,0.06930628479747286,0.23913172965097676,0.012526972565987775,0.6790350129855618,25,30,20
47,2419,0.0693000840396426,0.23913172965110868,0.0125269826964283,0.6790412036128198,25,30,20
47,2420,0.06930371784106079,0.23913172965086762,0.012526965724858919,0.6790375867832118,25,30,20
47,2421,0.06930350403700264,0.23913172965073243,0.012533556657597702,0.6790312096546665,25,30,20
47,2422,0.06931233054124498,0.23913172965073382,0.012533558868104708,0.6790223809399154,25,30,20
47,2423,0.06930655469739232,0.23913172965054927,0.012533541024802109,0.6790281746272555,25,30,20
47,2424,0.06931296754540903,0.23913172965041835,0.012533534769832367,0.6790217680343394,25,30,20
47,2425,0.07065441868701612,0.2391317296507321,0.012534005701283803,0.6776798459609672,25,30,20
47,2426,0.0706572710886913,0.23974006233347114,0.01192282060293598,0.6776798459749008,25,30,20
47,2427,0.07066321297831156,0.23973451670287305,0.011922424315079483,0.6776798460037352,25,30,20
47,2428,0.07067203938672872,0.2397345167028982,0.011922419930410613,0.6776710239799618,25,30,20
47,2429,0.07046320843109066,0.23973451669635215,0.01192198001910025,0.6778802948534561,25,30,20
47,2430,0.070463424077907,0.23973451669632864,0.011915499871080456,0.6778865593546836,25,30,20
47,2431,0.07045727856115407,0.23973451669646306,0.011915539546663053,0.6778926651957201,25,30,20
47,2432,0.07047695525549334,0.2397040202823932,0.011926239490939593,0.6778927849711739,25,30,20
47,2433,0.07047694800487216,0.23970402028239132,0.011926237892978135,0.6778927938197583,25,30,20
47,2434,0.07047405828903107,0.23970402028215004,0.011926194461980531,0.6778957269668382,25,30,20
47,2435,0.07047148425415678,0.2397040202820755,0.011926189047071179,0.6778983064166964,25,30,20
47,2436,0.07047753011548993,0.23970402028196758,0.011926063415080602,0.6778923861874615,25,30,20
47,2437,0.07047458254627866,0.23970402028181048,0.011926090631444326,0.6778953065404665,25,30,20
47,2438,0.07046564605539948,0.23971294162685697,0.01192610578428622,0.6778953065334568,25,30,20
47,2439,0.07045670593508228,0.2397129416268317,0.011926108599542375,0.6779042438385438,25,30,20
47,2440,0.07045964558291035,0.23971294162693685,0.01191951885173221,0.6779078939384209,25,30,20
47,2441,0.07043574669711758,0.23971294162669846,0.011919539451843202,0.6779317722243414,25,30,20
47,2442,0.07042018640099956,0.2397129416204066,0.01191939890912469,0.6779474730694696,25,30,20
47,2443,0.07160572627792221,0.23971293265308258,0.010735452663342497,0.6779458884056533,25,30,20
47,2444,0.07160578338852046,0.23971293265319052,0.010735420782406723,0.677945863175883,25,30,20
47,2445,0.07163571422180602,0.23968298958868106,0.010735432999273244,0.6779458631902405,25,30,20
47,2446,0.07163587533387,0.23968228272555853,0.01073597875031424,0.677945863190258,25,30,20
47,2447,0.07164480825110009,0.2396739112401724,0.010735417318492348,0.677945863190236,25,30,20
47,2448,0.0716539019436238,0.23967391124017146,0.0107354153883223,0.6779367714278831,25,30,20
47,2449,0.0716213828824764,0.23970644746132286,0.010735398256599192,0.6779367713996023,25,30,20
47,2450,0.07162121864841796,0.2397064474613763,0.010735397535884332,0.6779369363543221,25,30,20
47,2451,0.07161501894554818,0.2397064474615077,0.010735445500164895,0.6779430880927798,25,30,20
47,2452,0.07027377456134855,0.2397064474612217,0.010734978632444523,0.6792847993449856,25,30,20
47,2453,0.07026478932474388,0.23970644746122222,0.01073498006850206,0.6792937831455323,25,30,20
47,2454,0.07025590179305827,0.23970644746119912,0.010734982221041474,0.6793026685247016,25,30,20
47,2455,0.07025607068873181,0.23970644746122588,0.01073494219456377,0.6793025396554788,25,30,20
47,2456,0.07026505889181436,0.2397064474611996,0.010739636074281933,0.6792888575727045,25,30,20
47,2457,0.07027404525414116,0.2397064474611475,0.01073963377430342,0.6792798735104084,25,30,20
47,2458,0.0702637257469323,0.23972714256933453,0.010729377962455062,0.6792797537212786,25,30,20
47,2459,0.07027284394502308,0.23972714257257405,0.010729573671796427,0.6792704398106069,25,30,20
47,2460,0.07026075520460957,0.23972714257252012,0.010729565418170663,0.6792825368047006,25,30,20
47,2461,0.07025759561958128,0.23973033841910418,0.010729529171656073,0.6792825367896596,25,30,20
47,2462,0.07024877072908094,0.23973033841910424,0.010729529708246435,0.6792913611435698,25,30,20
47,2463,0.07024868550551872,0.23973033841588948,0.010729334483882818,0.6792916415947104,25,30,20
47,2464,0.06152343022082405,0.239730355005305,0.01945438712621532,0.6792918276476569,25,30,20
47,2465,0.07168094181058476,0.23973036146986731,0.009296841244225595,0.6792918554753236,25,30,20
47,2466,0.07168384002725882,0.23973036147002413,0.009296733438985695,0.6792890650637328,25,30,20
47,2467,0.0716812574522608,0.2397303614699199,0.009296723589138382,0.6792916574886823,25,30,20
47,2468,0.0716841515821396,0.23973036147007526,0.009296731030277871,0.6792887559175087,25,30,20
47,2469,0.07168356808257854,0.23973036147009957,0.00929672682423266,0.6792893436230903,25,30,20
47,2470,0.07168341364062664,0.23930196728228242,0.009725275448640987,0.6792893436284512,25,30,20
47,2471,0.07167447392606323,0.23931146612354204,0.009724716307532095,0.6792893436428639,25,30,20
47,2472,0.07166553750330551,0.2376142296495653,0.011430889204123997,0.679289343643006,25,30,20
47,2473,0.07167421259014582,0.2376142296496455,0.011430894539750268,0.6792806632204592,25,30,20
47,2474,0.07167431747301402,0.23761428069736887,0.011430738644873513,0.6792806631847441,25,30,20
47,2475,0.07167410810114257,0.2376142806973675,0.011430654590286481,0.6792809566112038,25,30,20
47,2476,0.07168289049549154,0.23761428069731497,0.011696701324540091,0.6790061274826533,25,30,20
47,2477,0.07168899845657883,0.2376142806972123,0.011696659036611321,0.6790000618095973,25,30,20
47,2478,0.0716800084680786,0.23761428069723622,0.011430608201726217,0.6792751026329588,25,30,20
47,2479,0.0716799532742452,0.23761428069712826,0.011430600313021986,0.6792751657156043,25,30,20
47,2480,0.07167684776861183,0.237614280697232,0.011430609639033163,0.6792782618951229,25,30,20
47,2481,0.07168914111579464,0.23761428069739285,0.011430506933906938,0.6792660712529052,25,30,20
47,2482,0.07169235269176288,0.23761428069715496,0.011430488917252547,0.6792628776938291,25,30,20
47,2483,0.07168347057343927,0.2376340053980552,0.01141964634870853,0.6792628776797959,25,30,20
47,2484,0.07167128884465689,0.23763400539784274,0.011421252548163794,0.6792734532093355,25,30,20
47,2485,0.07166214607860465,0.23763400539784418,0.01142125270102839,0.6792825958225217,25,30,20
47,2486,0.07166193954057737,0.2376340053977898,0.011421248856016643,0.6792828062056152,25,30,20
47,2487,0.07165589086272998,0.23803714413221502,0.011024158790763981,0.6792828062142903,25,30,20
47,2488,0.0729420624473155,0.23803714413795596,0.011024855816577653,0.6779959375981499,25,30,20
47,2489,0.0729537913729104,0.23803714413800628,0.011024861756958312,0.6779842027321246,25,30,20
47,2490,0.0729513810659106,0.23803714414285487,0.011024860207760117,0.6779866145834739,25,30,20
47,2491,0.07294297240613083,0.2380371441429122,0.011024864397862313,0.6779950190530941,25,30,20
47,2492,0.07164220920171857,0.23803714414302618,0.011024360493410315,0.6792962861618443,25,30,20
47,2493,0.03728793675574948,0.23803720066348796,0.04537534990230001,0.6792995126784622,25,30,20
47,2494,0.03728794461462947,0.238068640244585,0.0453439024623097,0.6792995126784754,25,30,20
47,2495,0.03728793556089034,0.2380686402446112,0.045343901366330396,0.6792995228281677,25,30,20
47,2496,0.03728757014157928,0.23806864024471544,0.04534390899028641,0.6792998806234185,25,30,20
47,2497,0.03728772995332124,0.23806864024479965,0.045339215428454836,0.6793044143734241,25,30,20
47,2498,0.037296561310669954,0.23806864024480048,0.045339215483873464,0.679295582960656,25,30,20
47,2499,0.037305346687379524,0.23805984728773222,0.045339223071504564,0.6792955829533835,25,30,20
47,2500,0.03731469888961868,0.2380598472877322,0.04543143725664712,0.6791940165660018,25,30,20
47,2501,0.03732631683741302,0.23805984728775184,0.045431445900115025,0.6791823899747197,25,30,20
47,2502,0.037289709856993834,0.238059847281332,0.04543128566922051,0.6792191571924535,25,30,20
47,2503,0.03728975961578787,0.23805984728133242,0.04543129032026531,0.6792191027826139,25,30,20
47,2504,0.03729821832911577,0.23805984727643512,0.045431282186694996,0.6792106522077538,25,30,20
47,2505,0.03730399572290269,0.23805984727664714,0.045431301987413894,0.6792048550130362,25,30,20
47,2506,0.03729892301232381,0.23805984727660093,0.045432911486884636,0.6792083182241906,25,30,20
47,2507,0.03730449281910954,0.23802282103407213,0.045464367894327215,0.6792083182524913,25,30,20
47,2508,0.03729555744914447,0.2380228210340472,0.045464288044303795,0.6792173334725047,25,30,20
47,2509,0.03729549535803725,0.23802282103404518,0.04546428143415599,0.6792174021737614,25,30,20
47,2510,0.03220576866755234,0.23802275696860448,0.05055734763724166,0.6792141267266019,25,30,20
47,2511,0.03220576977682012,0.239739771560353,0.048840331936233806,0.6792141267265938,25,30,20
47,2512,0.03220867191117029,0.23970541739931042,0.048871783919794846,0.6792141267697244,25,30,20
47,2513,0.032199431283166734,0.23970541739925527,0.04887177914745149,0.6792233721701268,25,30,20
47,2514,0.03219948089411834,0.23970536482833615,0.04887178208560812,0.6792233721919372,25,30,20
47,2515,0.032198824977185486,0.2397053648281981,0.04887015430241145,0.6792256558922048,25,30,20
47,2516,0.032205180361965256,0.2397080400367656,0.048861123744653415,0.6792256558566158,25,30,20
47,2517,0.03907648188214566,0.23970805183895397,0.04198394674027091,0.679231519538629,25,30,20
47,2518,0.03907632329016674,0.239708051838929,0.041983946390041646,0.6792316784808621,25,30,20
47,2519,0.039073111697087035,0.23970805183916644,0.04198396438524021,0.6792348720785057,25,30,20
47,2520,0.03907279440014431,0.23970805183921892,0.04189175248798885,0.6793274012726472,25,30,20
47,2521,0.03905191825000385,0.23970805183911612,0.04189174134024458,0.6793482885706349,25,30,20
47,2522,0.039034132221525124,0.2397080518389915,0.041891740230744025,0.6793660757087392,25,30,20
47,2523,0.039037125005552585,0.2397080518391765,0.04189179358028145,0.6793630295749894,25,30,20
47,2524,0.039040176342124144,0.23970805183896626,0.04189177544437202,0.6793599963745375,25,30,20
47,2525,0.0397521968626102,0.23970805184842303,0.04189243680805465,0.6786473144809123,25,30,20
47,2526,0.039755406556660315,0.2397362995791596,0.041860979411702234,0.6786473144524778,25,30,20
47,2527,0.03975524279663998,0.23975888629042705,0.04183855646800451,0.6786473144449287,25,30,20
47,2528,0.03976447073364324,0.2397495250330196,0.04183868980199376,0.6786473144313434,25,30,20
47,2529,0.03975569180967571,0.23974952503304828,0.041838720545326474,0.6786560626119497,25,30,20
47,2530,0.0397528519270825,0.23974952503291558,0.041838710881893934,0.6786589121581079,25,30,20
47,2531,0.03977064170972145,0.23974952503304034,0.04183871200343336,0.6786411212538048,25,30,20
47,2532,0.044033875172981914,0.2397495250518909,0.03757547601105511,0.6786411237640709,25,30,20
47,2533,0.04404286820347954,0.2397495250518929,0.03757553330862488,0.6786320734360015,25,30,20
47,2534,0.04569829762439712,0.239749496543991,0.03592505438847232,0.6786271514431382,25,30,20
47,2535,0.0456896785161694,0.23974949654398817,0.035925055490876885,0.6786357694489645,25,30,20
47,2536,0.04569850524590107,0.23974949654398675,0.03592505538129819,0.6786269428288135,25,30,20
47,2537,0.08134629335388575,0.23974949653291358,0.00027726856919976664,0.6786269415440003,25,30,20
47,2538,0.08134618455627782,0.2397492211901646,0.0002776527093062319,0.6786269415442509,25,30,20
47,2539,0.08135217228130287,0.2397492211900045,0.0002775997312566219,0.6786210067974355,25,30,20
47,2540,0.08204378398223491,0.23974922119644174,0.0002781531904246198,0.6779288416308986,25,30,20
47,2541,0.08133466131100482,0.2397492211871418,0.0002774985668426552,0.6786386189350105,25,30,20
47,2542,0.08133477847879753,0.2397492211872239,0.00027929464297043826,0.6786367056910078,25,30,20
47,2543,0.08133478694541685,0.2397492211872254,0.00027944068609655787,0.6786365511812608,25,30,20
47,2544,0.08132858359029804,0.23974922118736014,0.00028010769387151914,0.6786420875284698,25,30,20
47,2545,0.0813197013649953,0.23975810891774657,0.0002801021960523697,0.6786420875212049,25,30,20
47,2546,0.08131689488956458,0.239760501557306,0.0002805160323638262,0.6786420875207648,25,30,20
47,2547,0.08132663325726726,0.23974999609110767,0.0002812831290484042,0.6786420875225757,25,30,20
47,2548,0.08132374308284257,0.2397499960909556,0.0002813125805277167,0.678644948245673,25,30,20
47,2549,0.08132673680087471,0.23974999609113948,0.00027916429307246336,0.6786441028149123,25,30,20
47,2550,0.08150180576544155,0.23974999571103883,0.00010522698725524607,0.6786429715362633,25,30,20
47,2551,0.08153798222626624,0.23974999571734948,0.00010536759706807484,0.6786066544593151,25,30,20
47,2552,0.08153793290634864,0.239749995717319,0.00010541917415583189,0.6786066522021755,25,30,20
47,2553,0.0815319951432814,0.23974999571699848,0.00010527870314301258,0.678612730436576,25,30,20
47,2554,0.08153777408365218,0.23974999571734507,0.00010534011111793192,0.6786068900878839,25,30,20
47,2555,0.08154363102341458,0.2397499957234981,0.00010544078955456914,0.6786009324635323,25,30,20
47,2556,0.08155240589786546,0.23974999572344594,0.00010544044234710208,0.6785921579363406,25,30,20
47,2557,0.08155245957992208,0.2397499957234462,0.0001054986480322877,0.6785920460485988,25,30,20
47,2558,0.08154367898309023,0.23974999572347347,0.00010535424757352918,0.6786009710458623,25,30,20
47,2559,0.08155249630121521,0.23974999572347294,0.00010535554687736246,0.6785921524284345,25,30,20
47,2560,0.08153408095342686,0.23976917691518423,0.00010458971942813234,0.6785921524119608,25,30,20
47,2561,0.08153372242204533,0.23974715423353374,0.0001269709460687344,0.6785921523983522,25,30,20
47,2562,0.08154255117276887,0.2397068960456794,0.00015840037681900054,0.6785921524047326,25,30,20
47,2563,0.08149733192119836,0.239706896039341,0.00015820267361831418,0.6786375693658424,25,30,20
47,2564,0.08148817580633906,0.23971605464409038,0.00015820018374396917,0.6786375693658264,25,30,20
47,2565,0.06746747744274076,0.23971605464336312,0.014176210618169887,0.6786402572957261,25,30,20
47,2566,0.043021539196030176,0.23971607750408208,0.03862481223699181,0.6786375710628957,25,30,20
47,2567,0.04301278003996762,0.23975569318717774,0.03859395571670009,0.6786375710561543,25,30,20
47,2568,0.043015666851576054,0.2397309416910225,0.03861582035047992,0.6786375711069214,25,30,20
47,2569,0.04301550169222482,0.23973094169096928,0.03861581998033214,0.6786377366364736,25,30,20
47,2570,0.043018393175782134,0.23973094169112874,0.0386158316359462,0.6786348334971428,25,30,20
47,2571,0.04302758208659957,0.23974413623464827,0.03859344816048468,0.6786348335182675,25,30,20
47,2572,0.042335963890211055,0.2397441362282101,0.038592894610570874,0.6793270052710081,25,30,20
47,2573,0.042336062204594634,0.23974413622823115,0.03859285420875596,0.6793269473584183,25,30,20
47,2574,0.04233301515651981,0.23974413622844423,0.038592872507471454,0.6793299761075644,25,30,20
47,2575,0.042538743954386095,0.2395378814347832,0.0385933972665075,0.6793299773443232,25,30,20
47,2576,0.042562591172027785,0.23951439920592432,0.03859303223464817,0.6793299773873993,25,30,20
47,2577,0.04256252903611126,0.23951491286563653,0.03859258070384845,0.6793299773944033,25,30,20
47,2578,0.04258626935661747,0.23949115379843658,0.03859259941473693,0.6793299774302081,25,30,20
47,2579,0.04256253097801824,0.2395149176954559,0.038592573931861975,0.6793299773946628,25,30,20
47,2580,0.042559321426540384,0.23951491769566574,0.03859258999252704,0.6793331708852661,25,30,20
47,2581,0.0425592144170501,0.2395149176956422,0.0385925913363111,0.6793332765509957,25,30,20
47,2582,0.042562341694629885,0.23951491768935768,0.03859248101269285,0.6793302596033187,25,30,20
47,2583,0.042553511895464975,0.23951491768941072,0.03859242670970318,0.6793391437054203,25,30,20
47,2584,0.04254746799755837,0.22078258740466172,0.05733080086185864,0.6793391437359201,25,30,20
47,2585,0.042557252468925125,0.2207825874048234,0.05733106969422548,0.6793290904320246,25,30,20
47,2586,0.04255778354906454,0.22078258740492884,0.05733107444541363,0.6793285546005916,25,30,20
47,2587,0.042557828719140295,0.22078258740492923,0.0635739988752261,0.6730855850007036,25,30,20
47,2588,0.0425619669232483,0.2207825879739543,0.06356981003946109,0.6730856350633355,25,30,20
47,2589,0.042562500635245304,0.22078258797409614,0.06356984534174681,0.6730850660489116,25,30,20
47,2590,0.042554523424749205,0.2207825879743938,0.057327119403845425,0.6793357691970108,25,30,20
47,2591,0.04327684714671021,0.2207825881695722,0.05741523438392439,0.6785253302997925,25,30,20
47,2592,0.04329782872583138,0.2207386604866932,0.057438180437938025,0.6785253303495362,25,30,20
47,2593,0.04329745449175416,0.2207386604866871,0.05743814571731464,0.678525739304243,25,30,20
47,2594,0.04327371753256266,0.22076223081799232,0.05743831238801742,0.6785257392614266,25,30,20
47,2595,0.04328270093565362,0.2207533831919146,0.05743817661789932,0.6785257392545314,25,30,20
47,2596,0.0432797767000742,0.2388861517679279,0.03930833230015939,0.6785257392318381,25,30,20
47,2597,0.03989105758716122,0.23888616510312624,0.042696357873963385,0.6785264194357485,25,30,20
47,2598,0.03989026125851312,0.23888616510301816,0.042696089879457964,0.6785274837590102,25,30,20
47,2599,0.03989005032409702,0.23888616510296487,0.04269620163509292,0.6785275829378444,25,30,20
47,2600,0.04000070331977345,0.23877482334489153,0.042696889816306836,0.6785275835190275,25,30,20
47,2601,0.04136478143620672,0.23800799479297016,0.04209964019633399,0.6785275835744884,25,30,20
47,2602,0.042071211403436407,0.23800799479940513,0.0421066743430166,0.6778141194541414,25,30,20
47,2603,0.0420806143601461,0.23800799479948725,0.04237272700805266,0.6775386638323136,25,30,20
47,2604,0.04207157375837442,0.23800799479945733,0.042372726260841834,0.6775477051813261,25,30,20
47,2605,0.042070568637737164,0.23800799479913312,0.0423725290850686,0.6775489074780607,25,30,20
47,2606,0.04207934757184942,0.23800799479907858,0.042372526549092064,0.6775401310799797,25,30,20
47,2607,0.04207330148622303,0.23800799479918333,0.04237253554194023,0.6775461681726531,25,30,20
47,2608,0.04207640232406228,0.23800799479902707,0.042372559890129086,0.6775430429867809,25,30,20
47,2609,0.04187678261039261,0.23823036927666258,0.0423498064129064,0.6775430417000375,25,30,20
47,2610,0.04185622101413993,0.23827275779489668,0.04232797954053863,0.677543041650424,25,30,20
47,2611,0.04048478900958317,0.2382909937217006,0.043681150326640335,0.6775430669420749,25,30,20
47,2612,0.04047575202218213,0.23829099372164567,0.04368114778323208,0.677552106472939,25,30,20
47,2613,0.04046650857493294,0.23829099372159226,0.04342169642439145,0.6778208012790827,25,30,20
47,2614,0.04045473693438435,0.23829099372146192,0.04342176942635057,0.6778324999178029,25,30,20
47,2615,0.040445753726318506,0.23829099372143714,0.04342176911560047,0.6778414834366437,25,30,20
47,2616,0.0404427643057075,0.2382909937212226,0.0434216369253875,0.6778446050476826,25,30,20
47,2617,0.04088039272252138,0.23828301484836062,0.04299201534562302,0.6778445770834951,25,30,20
47,2618,0.04088081454568703,0.238283014848448,0.04299365227744714,0.677842518328418,25,30,20
47,2619,0.04087177562478892,0.2382915127650582,0.042994193296388185,0.677842518313765,25,30,20
47,2620,0.040862786644756705,0.23829151276508262,0.042994111135469665,0.6778515894546914,25,30,20
47,2621,0.04086272720662943,0.23785356248304396,0.04343212085654715,0.6778515894537799,25,30,20
47,2622,0.040862839681810224,0.23785356248306933,0.04343214667441127,0.6778514511607093,25,30,20
47,2623,0.04215282098749792,0.23785356248288742,0.04342606592814379,0.6765675506014714,25,30,20
47,2624,0.04216159512117183,0.23785356248277573,0.043426062615238584,0.6765587797808142,25,30,20
47,2625,0.04216396150748627,0.23785356248279343,0.043424434013702946,0.6765580419960177,25,30,20
47,2626,0.0421672222992001,0.23785356248287443,0.04342451705480317,0.6765546981631225,25,30,20
47,2627,0.04218220025416655,0.23785356248274034,0.04342450880902673,0.6765397284540667,25,30,20
47,2628,0.04220656183513117,0.23826682609946034,0.04298688355323041,0.6765397285121783,25,30,20
47,2629,0.04239896752725561,0.23825654640255386,0.04280475697541684,0.6765397290947739,25,30,20
47,2630,0.042408111106040564,0.23825654640260693,0.04280475712479409,0.6765305853665587,25,30,20
47,2631,0.04229767335135118,0.23836752663513983,0.04280421522838596,0.6765305847851235,25,30,20
47,2632,0.04573179125355418,0.2383675126681087,0.0393708411631506,0.6765298549151864,25,30,20
47,2633,0.04437652094476301,0.23972614511954327,0.03936747908405811,0.6765298548516349,25,30,20
47,2634,0.044587535310412305,0.2395155507028761,0.03936705824560596,0.6765298557411049,25,30,20
47,2635,0.044578602585853666,0.23951555070285124,0.03936706550864693,0.6765387812026473,25,30,20
47,2636,0.04478094677102955,0.23951555070926303,0.039367553933746684,0.67633594858596,25,30,20
47,2637,0.044787371581097475,0.23951555070916114,0.03937414385774601,0.6763229338519947,25,30,20
47,2638,0.04478742122663732,0.23951555070921463,0.03937414773127061,0.6763228803328767,25,30,20
47,2639,0.04479356201199734,0.23951555070913857,0.039374141651867776,0.6763167456269954,25,30,20
47,2640,0.04479655496073838,0.23951555070924516,0.03937415235566717,0.6763137419743487,25,30,20
47,2641,0.044796610127952385,0.23951555070935118,0.039367565534703386,0.6763202736279925,25,30,20
47,2642,0.04479693076635936,0.2395155507092974,0.03936760743187956,0.6763199110924633,25,30,20
47,2643,0.04479098017354362,0.23952926043319908,0.039359848286039736,0.6763199111072172,25,30,20
47,2644,0.04479713180169938,0.2395292604330935,0.03935983800584066,0.6763137697593662,25,30,20
47,2645,0.044788134321806554,0.23952926043783815,0.03935325467333686,0.6763293505670179,25,30,20
47,2646,0.044778988989039085,0.23953859457874951,0.03935306586570276,0.6763293505665079,25,30,20
47,2647,0.04277968732286093,0.23953859457233523,0.03935372011186097,0.678327997992942,25,30,20
47,2648,0.042779366780440524,0.23953859457228222,0.03935360345936386,0.6783284351879124,25,30,20
47,2649,0.04207693493395195,0.23953860047776343,0.040056000611920106,0.6783284639763633,25,30,20
47,2650,0.04207403991343831,0.23953860047763392,0.04005610796613255,0.6783312516427942,25,30,20
47,2651,0.04134272259995472,0.2395386002823471,0.03996619496339237,0.6791524821543048,25,30,20
47,2652,0.041333839673116934,0.2395386002822932,0.039966191064207866,0.6791613689803814,25,30,20
47,2653,0.041333998315327955,0.23953843848309733,0.03996619421415867,0.6791613689874153,25,30,20
47,2654,0.04134288019764447,0.23953010514578296,0.03996564565450804,0.6791613690020638,25,30,20
47,2655,0.041351705834675165,0.23953010514578332,0.03996402422545617,0.6791541647940846,25,30,20
47,2656,0.041349048660269234,0.23953252593152172,0.0399642606142779,0.6791541647939302,25,30,20
47,2657,0.04115247860409191,0.23953252592508192,0.039963692219075975,0.6793513032517494,25,30,20
47,2658,0.04114333475407997,0.23953252592502902,0.0399636913659786,0.679360447954912,25,30,20
47,2659,0.041134453672664634,0.23953252592500143,0.03996368935922101,0.6793693310431123,25,30,20
47,2660,0.04114370775310627,0.23952326037944277,0.039963700823824284,0.679369331043626,25,30,20
47,2661,0.04113440966112539,0.2395232603794443,0.03996361736218803,0.6793787125972415,25,30,20
47,2662,0.041143446613252393,0.23952326037947283,0.03996361944495008,0.6793696735623242,25,30,20
47,2663,0.0411231426185382,0.23952326037956406,0.03996370002521947,0.6793898969766781,25,30,20
47,2664,0.04114688115102055,0.23952326037982757,0.0399637201603442,0.6793661383088073,25,30,20
47,2665,0.04114978343866229,0.23952326037995797,0.039963640613608666,0.679363315567771,25,30,20
47,2666,0.041149618742711995,0.23952326037982652,0.039963629376300366,0.6793634915011608,25,30,20
47,2667,0.041143370177681854,0.23952326037990357,0.03996363683650453,0.6793697326059097,25,30,20
47,2668,0.04114950831129084,0.23952326037985486,0.03996360346405532,0.6793636278447986,25,30,20
47,2669,0.04114983855540034,0.23952326037980246,0.03996360116589715,0.6793632998988995,25,30,20
47,2670,0.04113786432312578,0.23952326037966937,0.03996359011788392,0.6793752851793206,25,30,20
47,2671,0.04112610106536914,0.2395232603795404,0.03996369656928639,0.6793869419858037,25,30,20
47,2672,0.041134984945150686,0.2395232603796211,0.03996370247201267,0.6793780522032153,25,30,20
47,2673,0.04113240875405007,0.2395232603795968,0.03996369894105068,0.6793806319253022,25,30,20
47,2674,0.04110809541834212,0.23954758647614519,0.0399636862310404,0.6793806318744724,25,30,20
47,2675,0.041120408193530494,0.2395475864761462,0.03996372750812198,0.6793682778222013,25,30,20
47,2676,0.04116571002073459,0.23954758647628702,0.03996547484817231,0.679321228654806,25,30,20
47,2677,0.04116575888241646,0.23954758647631708,0.03996548055018358,0.6793211740910832,25,30,20
47,2678,0.041174374808731366,0.23954758647157046,0.03996546356185311,0.6793125751578454,25,30,20
47,2679,0.04117721588447054,0.23954758647167654,0.03996547336299322,0.6793097242808598,25,30,20
47,2680,0.041176957069790285,0.2395474714314606,0.03996584722516782,0.6793097242735816,25,30,20
47,2681,0.041134917334673025,0.23954747143145538,0.039965732057540684,0.6793518791763311,25,30,20
47,2682,0.04114108497281652,0.2395669423911789,0.039940122340349375,0.6793518502956546,25,30,20
47,2683,0.04116179292210011,0.23956694239125345,0.039940125690909566,0.6793311389957364,25,30,20
47,2684,0.041170897864501003,0.23956694239125448,0.039940127711386476,0.6793220320328573,25,30,20
47,2685,0.04115034769306127,0.23956694239117712,0.0399401206474967,0.6793425892682643,25,30,20
47,2686,0.041159545016595675,0.2395669423911259,0.03994020385991619,0.6793333087323616,25,30,20
47,2687,0.04115891339563643,0.23956694239144313,0.03994014789241623,0.6793339963205035,25,30,20
47,2688,0.04094747896653615,0.2397790827580703,0.03993944284474453,0.6793339954306481,25,30,20
47,2689,0.04093826930014423,0.23977908275809412,0.039939444417848566,0.6793432035239122,25,30,20
47,2690,0.040938155580902365,0.23977908275819818,0.03993944705576113,0.6793433146051374,25,30,20
47,2691,0.04093815402926022,0.2397790827581987,0.03993944103721129,0.6793433221753292,25,30,20
47,2692,0.04163297652569909,0.2397790827583569,0.039939881239554026,0.6786480594763894,25,30,20
47,2693,0.04232072185178512,0.2397790827644451,0.039940363294782066,0.6779598320889871,25,30,20
47,2694,0.04230636989571819,0.2397639258045079,0.03996987291951835,0.6779598313802553,25,30,20
47,2695,0.04230043175817969,0.2397639258046689,0.03996988614804944,0.6779657562891017,25,30,20
47,2696,0.042297440578462214,0.23973545181770586,0.04000135128306157,0.6779657563207698,25,30,20
47,2697,0.04229738210239668,0.23973545181770287,0.04000135172307903,0.677965814356821,25,30,20
47,2698,0.04231829332811805,0.23973545181786052,0.04000136237231103,0.6779448924817101,25,30,20
47,2699,0.042327606857498486,0.23972637624282916,0.040001123978754764,0.6779448929209164,25,30,20
47,2700,0.04231573883965084,0.2397263762428352,0.0403738296172145,0.6775840553002989,25,30,20
47,2701,0.0423156841742754,0.23972637624281162,0.040373873432599044,0.6775840661503131,25,30,20
47,2702,0.04231567668252054,0.23972637624270143,0.04000115812914109,0.6779567889456356,25,30,20
47,2703,0.043662744574578076,0.2372469004979904,0.041133565124837644,0.6779567898025928,25,30,20
47,2704,0.04367127801337298,0.2372469004979051,0.04113348077954206,0.6779483407091792,25,30,20
47,2705,0.04366268770172019,0.2372469004981499,0.04114065121685148,0.6779497605832776,25,30,20
47,2706,0.04366247251524256,0.2372476698446857,0.041140097063830074,0.6779497605762406,25,30,20
47,2707,0.04365952540347735,0.23724766984450074,0.041140086705101934,0.6779527180469187,25,30,20
47,2708,0.043668301296953496,0.23724766984439383,0.04114016315162033,0.6779438657070314,25,30,20
47,2709,0.043677350561837594,0.23724766984439294,0.04114016001622235,0.6779348195775462,25,30,20
47,2710,0.0436804021672162,0.23724766984460938,0.041140215981535194,0.6779317120066386,25,30,20
47,2711,0.04367398523232256,0.2372538314581802,0.04114047128882237,0.6779317120206741,25,30,20
47,2712,0.043673827883171604,0.23725383145820456,0.04114047164097306,0.67793186901765,25,30,20
47,2713,0.04366768070689333,0.23725383145828108,0.0411404789866613,0.6779380088481635,25,30,20
47,2714,0.04228506030230595,0.23725383145195308,0.04113959136566656,0.6793215168800737,25,30,20
47,2715,0.04232439422298385,0.23724575652828472,0.04110833075048825,0.6793215184982426,25,30,20
47,2716,0.04239024399824071,0.2371488518741061,0.04113938557120228,0.6793215185564505,25,30,20
47,2717,0.04238953816999835,0.23714971385468658,0.04113922987237819,0.6793215181029361,25,30,20
47,2718,0.04239589467995843,0.23714971385450118,0.041139217442278636,0.6793151740232609,25,30,20
47,2719,0.042386751783047065,0.23714971385450162,0.04113913473461405,0.6793243996278363,25,30,20
47,2720,0.04234141932665426,0.23719511759791578,0.0411390651192285,0.6793243979562006,25,30,20
47,2721,0.042338474242175766,0.23719511759772252,0.04113900642885207,0.6793274017312488,25,30,20
47,2722,0.04233541651844595,0.2371951175979078,0.0411390261815203,0.6793304397021251,25,30,20
47,2723,0.042344446694810474,0.2371951175979359,0.04113899962126177,0.6793214360859909,25,30,20
47,2724,0.04233208619806578,0.23719511759793288,0.041139073949813726,0.6793337222541868,25,30,20
47,2725,0.04233197640961597,0.23719511759798453,0.04113896049166061,0.6793339455007386,25,30,20
47,2726,0.04234386968647393,0.23719511759803497,0.04113897011584207,0.6793220425996488,25,30,20
47,2727,0.05038363908052434,0.2371951176097526,0.04115493170692498,0.6712663116027977,25,30,20
47,2728,0.05037754814397852,0.2371951176099641,0.041159647481061885,0.6712676867649948,25,30,20
47,2729,0.050383382132541815,0.23719511761019976,0.04115961979383267,0.6712618804634252,25,30,20
47,2730,0.05038629091996766,0.2371951176103836,0.04115966069446178,0.6712589307751865,25,30,20
47,2731,0.050392320085419676,0.23719511761022516,0.041159618603191124,0.6712529437011636,25,30,20
47,2732,0.050926360191225095,0.23719115428405332,0.0406295409899587,0.671252944534763,25,30,20
47,2733,0.050920636203942805,0.23719115428392434,0.04072174659391733,0.6711664629182156,25,30,20
47,2734,0.05092040173913392,0.2371911542836826,0.04071457699214374,0.6711738669850397,25,30,20
47,2735,0.051607163274098956,0.23719115428374124,0.04071482528021897,0.6704868571619406,25,30,20
47,2736,0.050293618817849266,0.2396366038683596,0.039582920971206643,0.6704868563425838,25,30,20
47,2737,0.050284621490068675,0.2396459968531742,0.03958252531455776,0.6704868563421988,25,30,20
47,2738,0.05032031029239909,0.23964599685346483,0.03958482367391099,0.6704488691802246,25,30,20
47,2739,0.050657759381888344,0.23964566841627527,0.03924770254977924,0.670448869652057,25,30,20
47,2740,0.05063110553572813,0.23964566841603765,0.03924540662852494,0.670477819419709,25,30,20
47,2741,0.05063993031261479,0.23964566841603474,0.03924540575267656,0.6704689955186736,25,30,20
47,2742,0.049950762131502936,0.23964566841600918,0.03924537455397801,0.6711581948985095,25,30,20
47,2743,0.049950757491840074,0.23964566841595325,0.039153152715693126,0.6712504213765133,25,30,20
47,2744,0.04994781416411948,0.23964566841592577,0.039153146331509917,0.6712533710884441,25,30,20
47,2745,0.049953477360147956,0.239645668415735,0.03915291284461918,0.6712479413794971,25,30,20
47,2746,0.04995349197362961,0.23921650032248123,0.03958206631718604,0.6712479413867024,25,30,20
47,2747,0.049956452165311374,0.23921650031262462,0.03957910789081943,0.6712479396312441,25,30,20
47,2748,0.04995645216610271,0.23921648982685198,0.03957911836840743,0.6712479396386374,25,30,20
47,2749,0.04994762640373209,0.2392253179531812,0.039579115997673255,0.6712479396454131,25,30,20
47,2750,0.04995382057448319,0.23922531795286273,0.039574395289417946,0.6712464661832357,25,30,20
47,2751,0.049944934876036025,0.23922531795283924,0.03957439816607549,0.6712553490050488,25,30,20
47,2752,0.04991151388159627,0.23925923881485148,0.03957389833547635,0.6712553489680753,25,30,20
47,2753,0.04992050495229267,0.2392592388148279,0.03957390008778493,0.6712463561450935,25,30,20
47,2754,0.04992055893856681,0.23925862882804114,0.03957445607366681,0.6712463561597244,25,30,20
47,2755,0.04992093142432411,0.23925862882801632,0.039579155508640135,0.6712412842390185,25,30,20
47,2756,0.0499210976930561,0.2392586288280178,0.03957915563756522,0.6712411178413602,25,30,20
47,2757,0.049921101233600614,0.23925840093409248,0.039579379990809245,0.6712411178414969,25,30,20
47,2758,0.04993634942640334,0.23925840093417775,0.03957939304649441,0.6712258565929237,25,30,20
47,2759,0.04986776168251587,0.23812075685897002,0.04078562493680159,0.6712258565217111,25,30,20
47,2760,0.04986471478712816,0.2381207568587816,0.04078561210087926,0.6712289162532098,25,30,20
47,2761,0.049870280260599795,0.2381207568587986,0.040787882168147584,0.6712210807124528,25,30,20
47,2762,0.04987937415323856,0.23811179552449707,0.040787749609932894,0.6712210807123299,25,30,20
47,2763,0.04987054289479669,0.23811179552449807,0.040787710547260166,0.6712299510334436,25,30,20
47,2764,0.050573283505351514,0.23811179553379833,0.04078844464357969,0.67052647631727,25,30,20
47,2765,0.05056441069229967,0.2381117955337728,0.0407884426615799,0.6705353511123469,25,30,20
47,2766,0.050570899711584356,0.23934286469372024,0.03955088114586311,0.6705353544488313,25,30,20
47,2767,0.05057013996971838,0.2393437259026747,0.03955078298773337,0.6705353511398725,25,30,20
47,2768,0.05057919574045494,0.2393341056937807,0.03955134740293906,0.6705353511628241,25,30,20
47,2769,0.05058796678899264,0.2393341056937267,0.039551384812022077,0.6705265427052574,25,30,20
47,2770,0.05059695132970114,0.23933410569372676,0.039551383295999935,0.6705175596805713,25,30,20
47,2771,0.05081728020771147,0.23910609048173645,0.039559067945318514,0.6705175613652326,25,30,20
47,2772,0.050826168013114445,0.23909719339678492,0.03955907722537168,0.6705175613647277,25,30,20
47,2773,0.0501237472627405,0.23909719338744645,0.03955839528241679,0.6712206640673951,25,30,20
47,2774,0.05013000697466512,0.23909719338731336,0.03955676480446221,0.6712160348335583,25,30,20
47,2775,0.05013036625504923,0.23952583921632806,0.03912775970265962,0.6712160348259618,25,30,20
47,2776,0.05013342458004208,0.23952280302353723,0.039127737599142585,0.6712160347972767,25,30,20
47,2777,0.05013321804287971,0.23952280302353446,0.039127738933206424,0.6712162400003779,25,30,20
47,2778,0.05012400385927739,0.23953258425430687,0.03912717191601247,0.671216239970402,25,30,20
47,2779,0.04209649971609997,0.23953258424285498,0.03911123568012779,0.6792596803609158,25,30,20
47,2780,0.04210585308234535,0.23952283124732307,0.03911163530928716,0.6792596803610429,25,30,20
47,2781,0.042096760311232065,0.23952283124732315,0.03911160358224131,0.679268804859202,25,30,20
47,2782,0.042087890384357535,0.23952283124729667,0.039111603178390145,0.6792776751899542,25,30,20
47,2783,0.0420756315865481,0.2395228312472572,0.03911154117976302,0.6792899959864305,25,30,20
47,2784,0.0420666397221557,0.23952283124728024,0.03911153933965024,0.6792989896909125,25,30,20
47,2785,0.042057779133464354,0.23950968279647994,0.03913354837838263,0.6792989896916718,25,30,20
47,2786,0.027214306520480073,0.2395096832357222,0.053976992390657744,0.6792990178531383,25,30,20
47,2787,0.03540770556280623,0.23950968730785566,0.04578358558801393,0.6792990215413229,25,30,20
47,2788,0.03538644964003819,0.2395096873075098,0.04578344941019596,0.6793204136422547,25,30,20
47,2789,0.03538629779903955,0.23950929934966791,0.045783989208772455,0.6793204136425188,25,30,20
47,2790,0.03539785366001114,0.23950929934979928,0.045783997147320316,0.6793088498428683,25,30,20
47,2791,0.03539769881095037,0.23950929934977394,0.04578399680182067,0.6793090050374541,25,30,20
47,2792,0.035418614756151656,0.2395092993498782,0.045785629064117365,0.6792864568298518,25,30,20
47,2793,0.035410198741082324,0.2395173244004064,0.045786020006708276,0.6792864568518019,25,30,20
47,2794,0.035421918560018806,0.23951732440048715,0.04578614299546091,0.679274614044032,25,30,20
47,2795,0.03541550153475739,0.23952332626629197,0.04578655813361641,0.6792746140653333,25,30,20
47,2796,0.035397581967812425,0.23952332626626385,0.04578644415335486,0.6792926476125679,25,30,20
47,2797,0.03539768575260688,0.23952332626626752,0.04578644124524737,0.679292546735877,25,30,20
47,2798,0.03538886503776037,0.2395233262663247,0.045781751539795704,0.6793060571561181,25,30,20
47,2799,0.03463489227664383,0.23952329790698312,0.04653575294786034,0.6793060568685121,25,30,20
47,2800,0.03461402541695094,0.23952329790687926,0.046534123792389186,0.67932855288378,25,30,20
47,2801,0.034620124621571755,0.23951773434771584,0.04653358813939714,0.6793285528913147,25,30,20
47,2802,0.056220391967234794,0.23951826696924486,0.024932753236965585,0.6793285878265537,25,30,20
47,2803,0.05622044503133311,0.23951826696929943,0.02493275692985748,0.679328531069509,25,30,20
47,2804,0.05624119339598594,0.23951826696937722,0.024932763907378464,0.6793077757272574,25,30,20
47,2805,0.056220486547844783,0.23951826696932904,0.024930483697556825,0.6793307627852684,25,30,20
47,2806,0.05622338321934331,0.23951826696948583,0.02493048684096181,0.679327862970208,25,30,20
47,2807,0.056012032152576684,0.23973809382477082,0.024922012759153452,0.6793278612634979,25,30,20
47,2808,0.05670978287531457,0.23973809383254807,0.02492266650830133,0.6786294567838346,25,30,20
47,2809,0.05671823115408189,0.23973809383251585,0.024922656890313546,0.6786210181230874,25,30,20
47,2810,0.056718337724487755,0.23973809383254122,0.024922772099040952,0.6786207963439288,25,30,20
47,2811,0.05670945534341953,0.23973809383251768,0.024922776385799695,0.6786296744382618,25,30,20
47,2812,0.056706517497670236,0.239738093832416,0.02492276601039056,0.6786326226595222,25,30,20
47,2813,0.05669796672570656,0.23974663279699604,0.02492277781697012,0.6786326226603262,25,30,20
47,2814,0.05670097006299179,0.23974663279694775,0.02492289759128111,0.6786294995487782,25,30,20
47,2815,0.05671289655653093,0.23973523973385633,0.024922364146676004,0.6786294995629356,25,30,20
47,2816,0.05671568204122375,0.2397352397339873,0.02492237498360899,0.678626703241179,25,30,20
47,2817,0.05670375736567298,0.23973523973388086,0.024922365882107077,0.6786386370183379,25,30,20
47,2818,0.05670059478080036,0.23973523973387373,0.024922241610171023,0.6786419238751538,25,30,20
47,2819,0.0566916094804776,0.23973523973387348,0.024922241578624327,0.6786509092070235,25,30,20
47,2820,0.05673054890114776,0.2397352397388369,0.02510203252486249,0.6784321788351524,25,30,20
47,2821,0.05673098017382636,0.23973523973892,0.025102035955059044,0.678431744132194,25,30,20
47,2822,0.0567219949180111,0.238027231150152,0.02681902982837102,0.6784317441034651,25,30,20
47,2823,0.056710086084382716,0.23802723115007712,0.026823719967469857,0.6784389627980698,25,30,20
47,2824,0.056710146556472274,0.23802691810619067,0.026823971666946115,0.6784389636703907,25,30,20
47,2825,0.0567013244904689,0.23802691810619273,0.026949245450592477,0.6783225119527455,25,30,20
47,2826,0.05670133065032351,0.23802691810619322,0.026949326524001414,0.6783224247194815,25,30,20
47,2827,0.02412513428652523,0.23802692233407197,0.05952554998172324,0.678322393397679,25,30,20
47,2828,0.024128028622591318,0.23802692233417713,0.05952555825412479,0.6783194907891062,25,30,20
47,2829,0.02413637642975418,0.2380185779758718,0.05952555480619434,0.6783194907881791,25,30,20
47,2830,0.024157219376775653,0.23801265654699755,0.05951063325249513,0.6783194908237306,25,30,20
47,2831,0.0241572203061635,0.23801265654699716,0.059517235717556696,0.6783128874292812,25,30,20
47,2832,0.024157582802372318,0.2380126565470485,0.05951724003834638,0.6783125206122321,25,30,20
47,2833,0.024190527216007972,0.23801265654725917,0.059523848819162624,0.6782729674175694,25,30,20
47,2834,0.02349576731774071,0.23801265653961576,0.059523204077153835,0.6789683720654887,25,30,20
47,2835,0.023498814700027997,0.23801265653940312,0.05952318600167747,0.6789653427588904,25,30,20
47,2836,0.023477686564710578,0.23804072176951255,0.05951624892888909,0.6789653427368867,25,30,20
47,2837,0.023474258330533942,0.23804072176975005,0.05951626362502058,0.6789687562746949,25,30,20
47,2838,0.02347405437708305,0.23804148018388457,0.05951570917864349,0.6789687562603884,25,30,20
47,2839,0.02349439297940465,0.23802152075682695,0.05951533001079827,0.6789687562529696,25,30,20
47,2840,0.0234856172147143,0.23802152075696317,0.059515339790593424,0.6789775222377286,25,30,20
47,2841,0.02348850331783549,0.23973564622107751,0.05779832820930886,0.6789775222517779,25,30,20
47,2842,0.023488697421306496,0.2397356462210762,0.0577936303342163,0.6789820260234005,25,30,20
47,2843,0.023489510981285114,0.239735646221188,0.05779367976241146,0.6789811630351149,25,30,20
47,2844,0.023486616615941328,0.23972708035174214,0.05780513995321965,0.6789811630790965,25,30,20
47,2845,0.02348656478008843,0.2397270803517144,0.057805139438795,0.6789812154294017,25,30,20
47,2846,0.06025938563575283,0.23972707167564938,0.021032314094619187,0.6789812285939777,25,30,20
47,2847,0.06025075891328599,0.2397359437036058,0.021032069639635945,0.6789812277434706,25,30,20
47,2848,0.0263172087239094,0.23973632514065846,0.05496500275678651,0.6789814633786452,25,30,20
47,2849,0.026326465539584808,0.23973632514518173,0.054965003910382754,0.6789722054048503,25,30,20
47,2850,0.026278707781112947,0.23973632514029117,0.05493522099904885,0.6790497460795464,25,30,20
47,2851,0.026287282111634842,0.2397052551217351,0.054957716708896376,0.679049746057733,25,30,20
47,2852,0.026287275950360338,0.23970525512173463,0.054957674124531605,0.679049794803373,25,30,20
47,2853,0.02628811432178026,0.23970525512184498,0.054832437111031425,0.6791741934453432,25,30,20
47,2854,0.026287663656002203,0.23970525512170826,0.05483246948494189,0.6791746117373478,25,30,20
47,2855,0.026305632171589495,0.23968727987752605,0.05483247621367356,0.679174611737211,25,30,20
47,2856,0.026305785027453718,0.2396871263808357,0.05483247684735428,0.6791746117443563,25,30,20
47,2857,0.026314985881733005,0.23967772306704668,0.05483267931400703,0.6791746117372134,25,30,20
47,2858,0.02632055742813455,0.23967772306723442,0.0548326937661111,0.67916902573852,25,30,20
47,2859,0.026326601687965873,0.23967772306715332,0.054832762060948344,0.6791629131839326,25,30,20
47,2860,0.02631760970918616,0.2396777230671786,0.054832761702659244,0.6791719055209761,25,30,20
47,2861,0.026323065019018172,0.23967772306736065,0.05483277429515776,0.6791664376184636,25,30,20
47,2862,0.02652900141289922,0.23967772307668123,0.0548380740648915,0.6789552014455283,25,30,20
47,2863,0.026516816549579488,0.23967772307667815,0.05483147418139489,0.6789739861923478,25,30,20
47,2864,0.026577134963005063,0.23967772309068328,0.05483178785580782,0.6789133540905041,25,30,20
47,2865,0.026585952950361827,0.2396777230906115,0.054683345547263354,0.6790529784117635,25,30,20
47,2866,0.02657459401558635,0.23845170184938969,0.055920725737177095,0.679052978397847,25,30,20
47,2867,0.026571377415465967,0.23847741003621864,0.055898234121409145,0.6790529784269063,25,30,20
47,2868,0.026570792785861445,0.23847741003185166,0.055898277141202816,0.6790535200410842,25,30,20
47,2869,0.02299847314932116,0.23847702853492925,0.05947122716622236,0.6790532711495274,25,30,20
47,2870,0.02299578667615519,0.23847702853482575,0.0594712192266452,0.679055965562374,25,30,20
47,2871,0.022795903988313264,0.2384770285253763,0.059465948058373276,0.6792611194279374,25,30,20
47,2872,0.022799162321764547,0.23847377641419698,0.059465941865039305,0.6792611193989994,25,30,20
47,2873,0.022778458209061304,0.23849429526882787,0.05946612710844166,0.6792611194136691,25,30,20
47,2874,0.04101113195098247,0.2384937626399898,0.04123402190649588,0.6792610835025319,25,30,20
47,2875,0.0410346633184367,0.23849376264022812,0.04123399788985194,0.6792375761514835,25,30,20
47,2876,0.04089089739220197,0.2384937626551042,0.041377761298712,0.6792375786539817,25,30,20
47,2877,0.04088212457117914,0.2384937626547855,0.041377705234239705,0.6792464075397956,25,30,20
47,2878,0.04089028388310676,0.23849376265465122,0.04146987203708503,0.6791460814251576,25,30,20
47,2879,0.04091418966514464,0.238462125681265,0.041477603199634915,0.679146081453956,25,30,20
47,2880,0.040923122457994704,0.23846212568134711,0.04147749127269403,0.6791372605879648,25,30,20
47,2881,0.040917344999086926,0.2384621256811341,0.04147747438117832,0.6791430549386007,25,30,20
47,2882,0.04091729998158498,0.23846212568110656,0.04147747382412796,0.6791431005131805,25,30,20
47,2883,0.04092056220397726,0.2384621256809497,0.041484187846408865,0.679133124268664,25,30,20
47,2884,0.04115013469460406,0.23846212568784309,0.041483212797815854,0.6789045268197369,25,30,20
47,2885,0.0411500290446437,0.23846212568781908,0.041483216170738,0.6789046290967989,25,30,20
47,2886,0.04114438705504522,0.23846212568467473,0.041488857285460326,0.6789046299748204,25,30,20
47,2887,0.04113482773380055,0.23967762041821986,0.0402829218737717,0.6789046299742084,25,30,20
47,2888,0.04112285282187524,0.2396973278787889,0.04027518933952849,0.6789046299598082,25,30,20
47,2889,0.04113458012116479,0.2396973278788118,0.040270179796005515,0.6788979122040185,25,30,20
47,2890,0.04113565236762286,0.23969732787882492,0.040273174741938395,0.6788938450116145,25,30,20
47,2891,0.04113565244103092,0.23969732787882406,0.04027313530419993,0.6788938843759458,25,30,20
47,2892,0.04134417832021911,0.23969732788720877,0.04006460940477537,0.6788938843877966,25,30,20
47,2893,0.04135032719077571,0.23969732788724157,0.04005800623466209,0.6788943386873204,25,30,20
47,2894,0.0413502776341084,0.23969718512628127,0.04005819858136227,0.6788943386582477,25,30,20
47,2895,0.04132658591534965,0.23969718512609603,0.0400581809879229,0.6789180479706315,25,30,20
47,2896,0.04135074285720604,0.23965063395238018,0.04008057519048132,0.6789180479999327,25,30,20
47,2897,0.041847694950096,0.239650633951942,0.03958362314937711,0.6789180479485846,25,30,20
47,2898,0.041856577771864946,0.2396506339519963,0.039583626506452876,0.6789091617696854,25,30,20
47,2899,0.04184515067492226,0.23965063396264072,0.03958833572908083,0.6789158796333562,25,30,20
47,2900,0.04187831197179948,0.2379135714643083,0.04129223691218332,0.678915879651709,25,30,20
47,2901,0.041842599802106716,0.23797168101432234,0.04126983957506198,0.6789158796085091,25,30,20
47,2902,0.041843226520841936,0.2379716810143802,0.04126980297747372,0.6789152894873044,25,30,20
47,2903,0.04184323659706255,0.23797128572298576,0.04127018819263589,0.6789152894873162,25,30,20
47,2904,0.04184639467919861,0.23797128572272175,0.04127016756705466,0.6789121520310255,25,30,20
47,2905,0.0418401468428897,0.23797128572280163,0.04127013624244956,0.6789184311918592,25,30,20
47,2906,0.04184014335280436,0.23797128572277249,0.04127013418857822,0.6789184367358451,25,30,20
47,2907,0.04180158285139217,0.23971435474988706,0.03956562572427606,0.6789184366744437,25,30,20
47,2908,0.042325728011535266,0.23971435475635708,0.03969441311764236,0.6782655041144646,25,30,20
47,2909,0.04169527509208617,0.23971435475208389,0.04032485191296148,0.6782655182428684,25,30,20
47,2910,0.04171602460170415,0.239714354752188,0.040324860914282404,0.6782447597318252,25,30,20
47,2911,0.04171618368363533,0.2397143547522407,0.0403248598160302,0.6782446017480938,25,30,20
47,2912,0.04172233190247024,0.23971435475221736,0.04032485672477332,0.6782384566205389,25,30,20
47,2913,0.041872694021336254,0.2397143547371914,0.040174497241791236,0.6782384539996811,25,30,20
47,2914,0.041916850874011306,0.23968101589110247,0.040163679185684774,0.6782384540492014,25,30,20
47,2915,0.04194069971567258,0.23968101589126106,0.04640201337417025,0.6719762710188953,25,30,20
47,2916,0.041410305892637105,0.2396810158848682,0.04627323152362955,0.6726354466988649,25,30,20
47,2917,0.04134126076183705,0.23968101587092167,0.04627284430661107,0.6727048790606296,25,30,20
47,2918,0.04132519900222792,0.23968101587104318,0.04626814427196162,0.6727256408547665,25,30,20
47,2919,0.04133668904105279,0.23968101587111662,0.04626815248313667,0.672714142604693,25,30,20
47,2920,0.041304118229335864,0.239681015871121,0.040029825523993194,0.6789850403755499,25,30,20
47,2921,0.04130454262148974,0.2396810158711201,0.040029833165503244,0.6789846083418866,25,30,20
47,2922,0.041313418638235525,0.23968101587095694,0.040029941716819326,0.6789756237739879,25,30,20
47,2923,0.04130448583633942,0.23968101587090243,0.04002996473851174,0.6789845335542459,25,30,20
47,2924,0.04129571374290901,0.23968101587087073,0.040029961023330285,0.6789933093628894,25,30,20
47,2925,0.041299816967666034,0.23968101587079965,0.04003006901427177,0.6789890981472624,25,30,20
47,2926,0.041298763013641396,0.23968101587065868,0.040029942810297266,0.6789902783054025,25,30,20
47,2927,0.04130779915030981,0.23968101587068485,0.04002991630983017,0.678981268669175,25,30,20
47,2928,0.04131400257831875,0.23968101587055388,0.04002993550698595,0.6789750460441413,25,30,20
47,2929,0.04130486004415619,0.23968101587047555,0.04040260910291151,0.6786115149824562,25,30,20
47,2930,0.04129592644661023,0.2396810158703932,0.04040260302497618,0.67862045465802,25,30,20
47,2931,0.04130496480997679,0.23968101587050025,0.04002981580958954,0.678984203509933,25,30,20
47,2932,0.04126604849108517,0.23971995839811577,0.04002978962261901,0.6789842034881799,25,30,20
47,2933,0.04127498308454621,0.2397199583980613,0.040029786938481145,0.6789752715789114,25,30,20
47,2934,0.041275143491006416,0.23971995839803736,0.04002978662037389,0.6789751114905822,25,30,20
47,2935,0.04418200446241598,0.2397199587593137,0.03712279543938156,0.6789752413388886,25,30,20
47,2936,0.04125150374958219,0.23971995988016065,0.04004553328757829,0.6789830030826792,25,30,20
47,2937,0.04195179344101027,0.2397199598880144,0.04004619133171327,0.6782820553392621,25,30,20
47,2938,0.04196072904422267,0.23971995988804537,0.04004619948676048,0.6782731115809715,25,30,20
47,2939,0.04196055421072458,0.23972071115644822,0.0400456230373398,0.6782731115954874,25,30,20
47,2940,0.07344323130530811,0.23972071073630274,0.008421323967745628,0.6784147339906431,25,30,20
47,2941,0.07345205440023053,0.23972071073630033,0.00842143813047968,0.6784057967329891,25,30,20
47,2942,0.07343996175004164,0.2397207107361667,0.008423704114619238,0.6784156233991722,25,30,20
47,2943,0.07348761829908856,0.23972071073936377,0.0084215222689052,0.6783701486926422,25,30,20
47,2944,0.07330969580775477,0.23972071085268531,0.008599443685983737,0.678370149653576,25,30,20
47,2945,0.07328899418752992,0.23972071085260793,0.008599437102664585,0.6783908578571974,25,30,20
47,2946,0.07332504205702488,0.23972071085287994,0.008599462216708797,0.6783547848733863,25,30,20
47,2947,0.04492907307689888,0.23975220818267956,0.03711340740757369,0.6782053113328479,25,30,20
47,2948,0.04491987231291649,0.23976141480196325,0.03711340155239506,0.6782053113327251,25,30,20
47,2949,0.0449326538113827,0.23974863778314073,0.037113397086239834,0.6782053113192368,25,30,20
47,2950,0.04493298423129028,0.23974863778311586,0.03711112258877062,0.6782072553968231,25,30,20
47,2951,0.04493286113744322,0.23974863778316557,0.037018921096358716,0.6782995799830327,25,30,20
47,2952,0.044944576941176574,0.23974863778324385,0.03701892808040808,0.678287857195172,25,30,20
47,2953,0.04493843152809866,0.23974863778326633,0.037018932433086266,0.678293998255549,25,30,20
47,2954,0.04181171932054387,0.24081897831986546,0.03907535988954698,0.6782939424700437,25,30,20
47,2955,0.04182326729237818,0.24081897832004834,0.0390753654225136,0.6782823889650598,25,30,20
47,2956,0.041817180879236956,0.24081897832020568,0.03907549400044136,0.6782883468001161,25,30,20
47,2957,0.041835151689583905,0.24081897832017937,0.03907549305627682,0.67827037693396,25,30,20
47,2958,0.04113478321824896,0.24081897831229757,0.03907953131627774,0.6789667071531761,25,30,20
47,2959,0.041143769412425264,0.24081897831219135,0.039079527464013476,0.6789577248113702,25,30,20
47,2960,0.041149549654337605,0.24081317967943328,0.03907954582603911,0.6789577248401903,25,30,20
47,2961,0.04114034848209659,0.24081317967945823,0.03907954507821479,0.6789669267602307,25,30,20
47,2962,0.041131201992789565,0.24081317967945828,0.03907951730641498,0.6789761010213374,25,30,20
47,2963,0.04111916685710839,0.24079370535151423,0.03911102676254433,0.6789761010288333,25,30,20
47,2964,0.041119531998919656,0.24079370535156774,0.03911103179170147,0.6789757308578114,25,30,20
47,2965,0.041113492568507375,0.24079370535167333,0.039110925062837545,0.6789818770169822,25,30,20
47,2966,0.04111349355534402,0.24079369219068703,0.03911093723698571,0.6789818770169834,25,30,20
47,2967,0.04111370667655538,0.24079369219082175,0.03911564434471301,0.6789769567879099,25,30,20
47,2968,0.0410663953668218,0.24079369217696162,0.03911311575266952,0.6790267967035468,25,30,20
47,2969,0.04107521916834516,0.24079369217685534,0.03910840867606723,0.679022679978732,25,30,20
47,2970,0.04109019584303199,0.24077873684206966,0.039108387350715416,0.6790226799641828,25,30,20
47,2971,0.04108057443290755,0.24077873684195705,0.03910837907275928,0.6790323096523758,25,30,20
47,2972,0.041077725479847095,0.240778736841749,0.03910836708766443,0.6790351705907389,25,30,20
47,2973,0.041057018313180295,0.2407991258621395,0.03910868524796102,0.6790351705767188,25,30,20
47,2974,0.04102974805296176,0.2407991258618398,0.039108697592557334,0.6790624284926403,25,30,20
47,2975,0.04100883699567696,0.2407991258617361,0.039108689221471,0.6790833479211149,25,30,20
47,2976,0.04098771907219227,0.24079912586155228,0.03910867599997992,0.6791044790662748,25,30,20
47,2977,0.0409877162729014,0.2407991258615259,0.03910867267362766,0.6791044851919443,25,30,20
47,2978,0.04168015349817952,0.2401065559550978,0.03910880528271187,0.67910448526401,25,30,20
47,2979,0.04168012678488951,0.24010655595509733,0.03910410600445166,0.679109211255561,25,30,20
47,2980,0.04173542080279311,0.24010655595688615,0.039236285410214344,0.6789217378301063,25,30,20
47,2981,0.04173226631290384,0.24010655595709413,0.03923629792170631,0.678924879808296,25,30,20
47,2982,0.041493656838768864,0.24010655595017172,0.03923578508011493,0.6791640021309443,25,30,20
47,2983,0.0414936110218253,0.24010653554044076,0.03923585129975368,0.6791640021379802,25,30,20
47,2984,0.041484523695649075,0.2401065355405236,0.039235852901410205,0.6791730878624174,25,30,20
47,2985,0.0422056750014884,0.24010653554995603,0.03923679896351349,0.6784509904850422,25,30,20
47,2986,0.04221161625691124,0.24010653555161227,0.03923696626105587,0.6784448819304209,25,30,20
47,2987,0.04221529284652531,0.2401028801670547,0.03923694505574345,0.6784448819306766,25,30,20
47,2988,0.04149398594101771,0.24010288015759693,0.039236000032199424,0.679167133869186,25,30,20
47,2989,0.04149419048490084,0.24010288015765088,0.03923608352458904,0.6791668458328591,25,30,20
47,2990,0.040810631263872146,0.24078696406306335,0.03923555891227297,0.6791668457607914,25,30,20
47,2991,0.04081982660733799,0.24077802355507408,0.03923530408383573,0.6791668457537522,25,30,20
47,2992,0.04082885843981796,0.24036467024758046,0.03963962554434036,0.6791668457682611,25,30,20
47,2993,0.04081992667728777,0.24036467024771432,0.03963963391316131,0.6791757691618366,25,30,20
47,2994,0.04083233389551077,0.2403646702477231,0.03963985853728372,0.6791631373194822,25,30,20
47,2995,0.04084106303248868,0.24036467024766503,0.0396398542637515,0.679154412456095,25,30,20
47,2996,0.040850628747801876,0.2403646702476152,0.03963986019099054,0.6791448408135927,25,30,20
47,2997,0.04084977896402885,0.24035779112388664,0.039647589085259456,0.6791448408268244,25,30,20
47,2998,0.045145511458273245,0.22230020630504516,0.053409440523501474,0.6791448417131793,25,30,20
47,2999,0.04513668591159374,0.22230020630507266,0.05340944455396691,0.6791536632293664,25,30,20
47,3000,0.04513058932673176,0.22230020630525718,0.053409457999615155,0.6791597463683959,25,30,20
47,3001,0.04512181267198689,0.22230020630528732,0.053409420248543366,0.6791685607741819,25,30,20
47,3002,0.0451036349078106,0.2222946631978721,0.05343314111996334,0.6791685607743534,25,30,20
47,3003,0.04513641860474376,0.22229466319808047,0.05343304022295723,0.6791358779742181,25,30,20
47,3004,0.04506920280834995,0.22229466319618812,0.05330085391829518,0.6793352800771664,25,30,20
47,3005,0.0450692057614082,0.22229466319618765,0.05330077296785233,0.6793353580745513,25,30,20
47,3006,0.045083909398736986,0.2222946631946326,0.053300614358259814,0.67932081304837,25,30,20
47,3007,0.045083224787650984,0.22229466319470956,0.053302203328419166,0.6793199086892193,25,30,20
47,3008,0.04507450162548758,0.2223345221875716,0.05327106751923354,0.6793199086677061,25,30,20
47,3009,0.04464230301092943,0.22233452369528237,0.053703252043128924,0.6793199212506582,25,30,20
47,3010,0.044633573885700537,0.22233452369539133,0.05370325999559606,0.679328642423311,25,30,20
47,3011,0.04462442823234443,0.22234340703658728,0.053703522307735785,0.6793286424233314,25,30,20
47,3012,0.04463015590092482,0.22234340703677216,0.0537036543732742,0.6793227826890279,25,30,20
47,3013,0.04463029102682499,0.2223434070366931,0.0537083740489225,0.6793179278875584,25,30,20
47,3014,0.04463643458916705,0.22236871774779643,0.053676919789671096,0.6793179278733643,25,30,20
47,3015,0.04463585710973081,0.22236930062851104,0.05367691441734632,0.6793179278444107,25,30,20
47,3016,0.04465637172099672,0.22236930062861343,0.05367689462396898,0.6792974330264198,25,30,20
47,3017,0.044644657407203504,0.22236930062859284,0.053672195689385804,0.6793138462748167,25,30,20
47,3018,0.04464166911301723,0.22236930062848695,0.053672187518738805,0.6793168427397562,25,30,20
47,3019,0.04464775637808423,0.22236930062838173,0.05367217857402339,0.6793107644195099,25,30,20
47,3020,0.04464754610896965,0.22236990201609214,0.053671787455572974,0.6793107644193646,25,30,20
47,3021,0.04468060554662034,0.22236990201783288,0.05367200174707218,0.6792774906884738,25,30,20
47,3022,0.04465728387941356,0.2223699020176246,0.05367198736672076,0.67930082673624,25,30,20
47,3023,0.04093252026853036,0.20047045865806987,0.07929614193379786,0.6793008791396008,25,30,20
47,3024,0.04093241520109887,0.20047045865801444,0.07929462736366405,0.6793024987772215,25,30,20
47,3025,0.0409416062011002,0.20047045865796315,0.07929462495643053,0.679293310184505,25,30,20
47,3026,0.04095080254988751,0.20047045865788557,0.07929462180900758,0.6792841169832183,25,30,20
47,3027,0.040942026521231,0.20047045865793772,0.07929473939375152,0.6792927754270789,25,30,20
47,3028,0.041633382141401006,0.2004704586643431,0.07929528259901981,0.6786008765952352,25,30,20
47,3029,0.041633171872371436,0.20047045866434032,0.07929528091765439,0.678601088545633,25,30,20
47,3030,0.04165428987760454,0.20047045866449845,0.07929529429243302,0.6785799571654634,25,30,20
47,3031,0.04162111787012654,0.20047045866273236,0.07929508337227603,0.6786133400948643,25,30,20
47,3032,0.04162705594543323,0.20047045866257185,0.07929507015884975,0.6786074152331445,25,30,20
47,3033,0.0416363593617711,0.20047045866257282,0.07929506648229831,0.678598115493357,25,30,20
47,3034,0.04163635848867711,0.200470458662677,0.0930083494691487,0.6648848333794968,25,30,20
47,3035,0.0416300431746723,0.2004704586625907,0.09300811788847652,0.6648913802742602,25,30,20
47,3036,0.041641561833304815,0.20047045866261373,0.09300812122063079,0.6648798582834503,25,30,20
47,3037,0.04163515022734086,0.20047045866271657,0.09300813010030556,0.6648862610096367,25,30,20
47,3038,0.0416349421342005,0.2004704586626613,0.09300804647992197,0.6648865527232158,25,30,20
47,3039,0.04164393183417557,0.20047045866268945,0.09300804567916815,0.6648775638239666,25,30,20
47,3040,0.041652929981817105,0.2004618371612258,0.0930076690333678,0.6648775638235891,25,30,20
47,3041,0.04165571616781997,0.20046183716135746,0.09300779422698041,0.6648746524438416,25,30,20
47,3042,0.041649570279923234,0.20046728921342424,0.09300848804874812,0.6648746524579042,25,30,20
47,3043,0.041662299144588515,0.2004672892134811,0.09300857919834282,0.664861832443587,25,30,20
47,3044,0.04109621875935703,0.20047603732073319,0.09356596476514223,0.6648617791547673,25,30,20
47,3045,0.04109658406074935,0.17467388173318077,0.11936775503634092,0.6648617791697304,25,30,20
47,3046,0.041096535346155955,0.17467388173312728,0.1193676353416084,0.6648619475791098,25,30,20
47,3047,0.04109012452793924,0.17467388173323148,0.1193676429388827,0.664868350799948,25,30,20
47,3048,0.04108080914322588,0.17468320300421628,0.11936763705248811,0.6648683508000712,25,30,20
47,3049,0.04111076003055359,0.17468320300432308,0.11936767628567715,0.6648383606794479,25,30,20
47,3050,0.041098776325160895,0.1746832030042433,0.1193676643416827,0.6648503563289148,25,30,20
47,3051,0.04109620189058436,0.1746832030042448,0.11936766401144089,0.6648529310937316,25,30,20
47,3052,0.041116744653223423,0.17468320300432263,0.11936766757890833,0.6648323847635471,25,30,20
47,3053,0.041107871767882845,0.175127858235711,0.11893188524700518,0.6648323847494015,25,30,20
47,3054,0.04194973857064206,0.1751278582452872,0.11893336591591047,0.6639890372681608,25,30,20
47,3055,0.0419280236762795,0.17512785824517876,0.11893327396671008,0.6640108441118318,25,30,20
47,3056,0.04192439653545928,0.17512785824541388,0.11893328878202357,0.6640144564371036,25,30,20
47,3057,0.04192441462017658,0.175119752934748,0.11894137600793053,0.6640144564371454,25,30,20
47,3058,0.04200902896357017,0.17511068012969694,0.11886583379375659,0.664014457112977,25,30,20
47,3059,0.04200324845182391,0.17511068012948441,0.1188658162273875,0.6640202551913046,25,30,20
47,3060,0.042003409621708385,0.1751106801295627,0.11886581950733309,0.6640200907413962,25,30,20
47,3061,0.0419945790839268,0.1751106801295623,0.1188658195114224,0.664028921275089,25,30,20
47,3062,0.041134745043153176,0.1751106801199586,0.1188643419957033,0.6648902328411853,25,30,20
47,3063,0.04114373047821331,0.17511068011993372,0.11886433963339448,0.664881249768459,25,30,20
47,3064,0.04113160129083979,0.17511068011980058,0.11886432652543605,0.6648933920639241,25,30,20
47,3065,0.041125663550901984,0.17511068011985687,0.1188709382745304,0.6648927180547107,25,30,20
47,3066,0.041113744870965314,0.17511068011975325,0.1188709014935782,0.6649046735157031,25,30,20
47,3067,0.04112587969116834,0.17511068011988878,0.11887083030025923,0.6648926098886835,25,30,20
47,3068,0.041116687059364956,0.17511068011983583,0.11887082645857791,0.6649018063622212,25,30,20
47,3069,0.041116845593751054,0.1751106801198598,0.11887082672349131,0.6649016475628977,25,30,20
47,3070,0.041125670251662874,0.1751106801198607,0.1188708281824251,0.6648928214460511,25,30,20
47,3071,0.04110491343682725,0.17511068011970232,0.11887081549716565,0.6649135909463052,25,30,20
47,3072,0.04112577879866608,0.17506742412842916,0.11889320611258332,0.664913590960322,25,30,20
47,3073,0.04112558876344594,0.1750674241283716,0.11889320793441645,0.6649137791737665,25,30,20
47,3074,0.041131789939764046,0.17506742412837756,0.11889320191532207,0.6649075840165369,25,30,20
47,3075,0.041122959566619564,0.1750674241283767,0.11889540455859075,0.6649142117464136,25,30,20
47,3076,0.04112285789301242,0.17506742412842602,0.11888880184248567,0.6649209161360764,25,30,20
47,3077,0.04042246621020526,0.1750674241218053,0.10517496874226057,0.6793351409257287,25,30,20
47,3078,0.04042824530202584,0.17506742412199006,0.10517510540444447,0.6793292251715396,25,30,20
47,3079,0.04043731501724154,0.17506643606453662,0.10516702374697307,0.6793292251712488,25,30,20
47,3080,0.04043721170386913,0.1750665473041011,0.10516701582079316,0.6793292251712366,25,30,20
47,3081,0.04043449071012482,0.175066547304132,0.10516725054002383,0.6793317114457192,25,30,20
47,3082,0.04042871050212397,0.17506654730391694,0.10516711621628805,0.6793376259776709,25,30,20
47,3083,0.040422718039695944,0.1750725153332049,0.10516714063436991,0.6793376259927291,25,30,20
47,3084,0.040428866232941736,0.1750725153330462,0.10516713117136481,0.679331487262647,25,30,20
47,3085,0.02473020291175145,0.1750725137424617,0.12086580186467469,0.679331481481113,25,30,20
47,3086,0.024745922139068895,0.17507251374273583,0.12086582119375171,0.6793157429244444,25,30,20
47,3087,0.024754542243817377,0.17507251374265645,0.12086743408208889,0.679305509931438,25,30,20
47,3088,0.024752126891709792,0.17507251374258334,0.1208673132243995,0.6793080461413075,25,30,20
47,3089,0.024752490126451393,0.17507251374255842,0.12086731438345127,0.6793076817475387,25,30,20
47,3090,0.024760943164166407,0.17507251374249924,0.12086730912885094,0.6792992339644833,25,30,20
47,3091,0.02474901907321136,0.17467062734795488,0.12128111962862494,0.6792992339502087,25,30,20
47,3092,0.024743245753542982,0.17467062734777006,0.12128098296756402,0.6793051439311231,25,30,20
47,3093,0.0630485202553757,0.173610779217784,0.08403555657240036,0.6793051439544401,25,30,20
47,3094,0.06304835901743908,0.17361077921775955,0.08403555834793394,0.6793053034168676,25,30,20
47,3095,0.08961412569584194,0.1736107793386022,0.08405009863905759,0.6527249963264985,25,30,20
47,3096,0.08961433277487967,0.17401477139996377,0.08364589946920381,0.6527249963559529,25,30,20
47,3097,0.08960560469141265,0.17401477140004443,0.08364428421379438,0.6527353396947488,25,30,20
47,3098,0.0896226084541615,0.17401477139998123,0.08364428243179986,0.6527183377140576,25,30,20
47,3099,0.08962266034517642,0.17401477140003427,0.08364428295712868,0.652718285297661,25,30,20
47,3100,0.08961383655876874,0.17401477140003524,0.08364428239540082,0.6527271096457955,25,30,20
47,3101,0.08963199333111684,0.17399710266410426,0.08364379435904007,0.6527271096457392,25,30,20
47,3102,0.08983205282383153,0.173997102678267,0.08364452042594735,0.6525263240719545,25,30,20
47,3103,0.08984129834308044,0.1739971026783223,0.08364455271651755,0.6525170462620801,25,30,20
47,3104,0.08983210290893881,0.17403830177699472,0.0836125490811858,0.6525170462328811,25,30,20
47,3105,0.08985595288556024,0.1740144247677267,0.08361257607802301,0.6525170462686897,25,30,20
47,3106,0.08985248678659527,0.1740144247679103,0.08361256576926515,0.652520522676229,25,30,20
47,3107,0.08986136020761065,0.17401442476793735,0.08361256774521576,0.6525116472792358,25,30,20
47,3108,0.09006130179735346,0.1740144247805299,0.08361101374479941,0.652313259677317,25,30,20
47,3109,0.09006125016711501,0.17401442478050225,0.08361112751976436,0.6523131975326182,25,30,20
47,3110,0.09006397210000534,0.1740144247803611,0.08361088621295293,0.6523107169066804,25,30,20
47,3111,0.0900639598862759,0.1740144247803875,0.08361558342839767,0.6523060319049394,25,30,20
47,3112,0.09006390128275525,0.17401442478070467,0.08361561065048739,0.6523060632860527,25,30,20
47,3113,0.09118923820784448,0.17402226135800786,0.08248211383734255,0.6523063865968046,25,30,20
47,3114,0.0899747300930742,0.1740144276801968,0.08370477961738604,0.6523060626093425,25,30,20
47,3115,0.09956971226472447,0.17401555091295695,0.07410668427370283,0.6523080525486142,25,30,20
47,3116,0.09957881139398583,0.17401555091293125,0.0741132830332319,0.6522923546598496,25,30,20
47,3117,0.09959079679574467,0.17401555091303733,0.074113297474976,0.6522803548162406,25,30,20
47,3118,0.09959111912225246,0.17401555091280166,0.07411330471870602,0.6522800252462387,25,30,20
47,3119,0.07889897005302018,0.17401555084907983,0.10819138304998793,0.6388940960479129,25,30,20
47,3120,0.07890522169779089,0.17397787499187822,0.10822280727722094,0.6388940960331105,25,30,20
47,3121,0.07422223411916586,0.17397816606268926,0.11290323486188952,0.6388963649562561,25,30,20
47,3122,0.07421297361336933,0.17397816606268865,0.11289663566367185,0.6389122246602709,25,30,20
47,3123,0.07831337415309068,0.17397704280741763,0.10876355775823911,0.638946025281253,25,30,20
47,3124,0.07974504896122193,0.1739350520070268,0.10737387337869234,0.6389460256530594,25,30,20
47,3125,0.07974525443462284,0.17393444917580322,0.10737427072236085,0.6389460256672136,25,30,20
47,3126,0.07975425928009294,0.17392528718440192,0.10737442786780985,0.6389460256676958,25,30,20
47,3127,0.07975976622460858,0.17392528718125963,0.10737455849480401,0.6389403880993283,25,30,20
47,3128,0.07975120740207879,0.17392528718134423,0.10737456670233853,0.638948938714239,25,30,20
47,3129,0.0797515727996217,0.1739252871813974,0.10737469108371334,0.638948448935268,25,30,20
47,3130,0.07977852272561728,0.17392528718142383,0.10737469244225264,0.6389214976507064,25,30,20
47,3131,0.07976964561732768,0.173925287181463,0.10737466875412686,0.6389303984470827,25,30,20
47,3132,0.07974879062117204,0.17392528718136568,0.10737935675251607,0.6389465654449464,25,30,20
47,3133,0.07975767082690383,0.17392528718139422,0.10737939878994839,0.6389376432017537,25,30,20
47,3134,0.07979018678299772,0.17392528718157915,0.107379293001791,0.6389052330336323,25,30,20
47,3135,0.07981251219347324,0.18448690233892723,0.0967953524307005,0.6389052330368986,25,30,20
47,3136,0.07983283619885778,0.18448690233897344,0.09679535361625623,0.6388849078459119,25,30,20
47,3137,0.07937438558187701,0.18448661121404225,0.09725637138173028,0.6388826318223494,25,30,20
47,3138,0.07938330823934123,0.18448661121408982,0.09725167046569096,0.6388784100808768,25,30,20
47,3139,0.07935336481368362,0.18448512241973833,0.09728310270759671,0.6388784100589803,25,30,20
47,3140,0.07935052429176366,0.18280239375499152,0.09896867190804767,0.6388784100451955,25,30,20
47,3141,0.07935088957942804,0.18280239375504506,0.09896867430826443,0.6388780423572602,25,30,20
47,3142,0.07934206193450338,0.18280239375504514,0.09896856272015686,0.638886981590292,25,30,20
47,3143,0.07932088306235409,0.18280239375496454,0.09896857560663945,0.6389081475760399,25,30,20
47,3144,0.07912061222948803,0.18280239374077456,0.09896784760991097,0.6391091464198242,25,30,20
47,3145,0.07912350665996488,0.18449412460057737,0.09727322230558556,0.6391091464338705,25,30,20
47,3146,0.07909062465522182,0.1844941246003388,0.09727334801189443,0.6391419027325436,25,30,20
47,3147,0.0790816768926052,0.1844941246002857,0.09727338892975272,0.6391508095773549,25,30,20
47,3148,0.07908161933407289,0.18449412460026168,0.0972733918520107,0.6391508642136534,25,30,20
47,3149,0.07906187229179226,0.1997315844581864,0.08205567904030936,0.639150864209711,25,30,20
47,3150,0.07906187712649852,0.1997315844581591,0.08205098299412812,0.6391555554212133,25,30,20
47,3151,0.07906145748466759,0.19976305939899341,0.08201992768836702,0.639155555427971,25,30,20
47,3152,0.07904080944621529,0.19976305939899824,0.0820215485970082,0.639174582557777,25,30,20
47,3153,0.07901753597393806,0.1997630593988168,0.08202153122132501,0.6391978734059193,25,30,20
47,3154,0.07992395208233662,0.19978216416418473,0.081096008986197,0.6391978747672808,25,30,20
47,3155,0.07991512627463578,0.19978216416418537,0.08109604972797982,0.6392066598331982,25,30,20
47,3156,0.079933094196204,0.19976419705144077,0.08109604891190413,0.6392066598404502,25,30,20
47,3157,0.07992410892426523,0.1997421102332655,0.08112712100800894,0.6392066598344596,25,30,20
47,3158,0.07992715807024597,0.19974211023345328,0.08112701874272321,0.6392037129535768,25,30,20
47,3159,0.0802752925826479,0.19939379872263185,0.08112719565380111,0.6392037130409184,25,30,20
47,3160,0.0800855781126655,0.1993937987194767,0.08112651721126833,0.6393941059565883,25,30,20
47,3161,0.08008557736294065,0.19939379871947627,0.08112654041870218,0.6393940834988798,25,30,20
47,3162,0.08008536671552542,0.19939379871944662,0.08112653620507133,0.6393942983599552,25,30,20
47,3163,0.08059448009434425,0.19939379871986918,0.08112737513531501,0.6388843460504701,25,30,20
47,3164,0.08058526801497505,0.19940337486726306,0.08112701108217527,0.6388843460355853,25,30,20
47,3165,0.08129465906512295,0.19940337487664156,0.08112919934401716,0.6381727667142171,25,30,20
47,3166,0.08150920091213701,0.19940337487497994,0.08091465793655134,0.6381727662763305,25,30,20
47,3167,0.08150952233264067,0.19940337487503224,0.08091932041284824,0.6381677823794776,25,30,20
47,3168,0.08150951827705354,0.19940337487503218,0.08091461891602987,0.6381724879318832,25,30,20
47,3169,0.08148633149006504,0.19940337487490617,0.080914605566758,0.6381956880682701,25,30,20
47,3170,0.08148623009609829,0.19940337487479767,0.08091297775590853,0.6381974172731948,25,30,20
47,3171,0.08146548372282222,0.19941666801211075,0.08092043100638162,0.6381974172586848,25,30,20
47,3172,0.08146569204303912,0.1994057843127024,0.08093110637115936,0.6381974172730986,25,30,20
47,3173,0.0814661691036969,0.19899132906207748,0.08134508456315169,0.6381974172710732,25,30,20
47,3174,0.08146605219077921,0.19896759289194235,0.08136893765298074,0.6381974172642969,25,30,20
47,3175,0.0814718343583926,0.19896759289220994,0.0813689599701127,0.638191612779284,25,30,20
47,3176,0.0814720463618928,0.18357425926832385,0.09676208159036984,0.6381916127794142,25,30,20
47,3177,0.08076266494513497,0.18357425925917062,0.09693053285713615,0.6387325429385589,25,30,20
47,3178,0.08057500784756105,0.1835742654917992,0.09711818042423948,0.6387325462364009,25,30,20
47,3179,0.0805804633026312,0.18357426548566635,0.09712129429746806,0.6387239769142348,25,30,20
47,3180,0.08058928807560463,0.18357426548566536,0.09712129225208958,0.6387151541866407,25,30,20
47,3181,0.07993531348210489,0.18355516742745942,0.09779436510767571,0.6387151539827601,25,30,20
47,3182,0.07993473894301789,0.18355516742737601,0.09779436052781383,0.6387157331017921,25,30,20
47,3183,0.07922331649560971,0.183555167533695,0.09850578328135137,0.6387157326893443,25,30,20
47,3184,0.07923231216378449,0.18355516753377824,0.09850586485675464,0.6387066554456827,25,30,20
47,3185,0.07923247262114097,0.1835551675337777,0.09850582649918609,0.6387065333458949,25,30,20
47,3186,0.0418200589553262,0.1835551665420736,0.13536250921727014,0.6392622652853305,25,30,20
47,3187,0.04156825775923043,0.1835551539040625,0.13561432420762487,0.639262264129083,25,30,20
47,3188,0.04156841169977434,0.18355515390409013,0.13561435310764153,0.6392620812884948,25,30,20
47,3189,0.04122964323193013,0.18390297862192156,0.1356052969459032,0.6392620812002456,25,30,20
47,3190,0.040720635104018105,0.18390297862154928,0.13560442859169064,0.6397719576827425,25,30,20
47,3191,0.040720753327811415,0.18390297862165528,0.13561115374594773,0.6397651143045866,25,30,20
47,3192,0.040744654195293405,0.18390297862186764,0.135611173250095,0.6397411939327448,25,30,20
47,3193,0.042085870684828726,0.1825713982767784,0.13560153707742653,0.6397411939609676,25,30,20
47,3194,0.04208543703677516,0.18257139827680086,0.1355983356959666,0.6397448289904586,25,30,20
47,3195,0.04209441052694536,0.18257139827654875,0.13542765520910827,0.6399065359873988,25,30,20
47,3196,0.04209783306015415,0.1825713982762576,0.13542763563872265,0.639903133024866,25,30,20
47,3197,0.0420651064368027,0.1825713982760457,0.1706079940915236,0.604755501195626,25,30,20
47,3198,0.0420668418563346,0.1825713991849296,0.17060625773787375,0.6047555012208601,25,30,20
47,3199,0.04455343073806182,0.1825713993524499,0.16815546220307745,0.6047197077064095,25,30,20
47,3200,0.04457649456318769,0.18257139935345537,0.13788761045279924,0.6349644956305585,25,30,20
47,3201,0.04456753422924255,0.1825954688154666,0.1378725013102389,0.6349644956450526,25,30,20
47,3202,0.043235487348838836,0.18392032157399346,0.13787969547448647,0.6349644956026819,25,30,20
47,3203,0.04322639001784397,0.1839203215739943,0.13787969639701356,0.6349735920111488,25,30,20
47,3204,0.04323515631312592,0.18392032157395533,0.13787969230123887,0.6349648298116802,25,30,20
47,3205,0.04322596371436093,0.18392032157390045,0.1378796613356768,0.6349740533760619,25,30,20
47,3206,0.04322616305787816,0.18392032157376742,0.13787293470080664,0.634980580667548,25,30,20
47,3207,0.0432197255946036,0.18393516421521952,0.13786452950862085,0.6349805806815564,25,30,20
47,3208,0.04373093792920457,0.18393516422081368,0.13735331627959663,0.6349805815703853,25,30,20
47,3209,0.04837641359724583,0.1839351642362963,0.13245275770070014,0.635235664465758,25,30,20
47,3210,0.04838764374261329,0.18393516423628997,0.13245284254101478,0.6352243494800822,25,30,20
47,3211,0.048379436133156484,0.18393516423631728,0.13245276759309246,0.635232632037434,25,30,20
47,3212,0.04837916506516692,0.18393516423642328,0.1324527708666195,0.6352328998317907,25,30,20
47,3213,0.0501529486238655,0.18393521570248264,0.13123466433406877,0.6346771713395831,25,30,20
47,3214,0.05015247161304845,0.18437206363979503,0.13079829339102,0.6346771713561364,25,30,20
47,3215,0.05015247140133626,0.18437206363979589,0.13079829338652907,0.6346771715723382,25,30,20
47,3216,0.05014343178080956,0.18437206363976788,0.13079828976852703,0.634686214810895,25,30,20
47,3217,0.05014358820530581,0.18437206363979416,0.13079829027389464,0.6346860578810049,25,30,20
47,3218,0.05014978453277236,0.18436587088770717,0.1307982867272161,0.6346860578523039,25,30,20
47,3219,0.05375956842782581,0.18436586991018333,0.12715540382411566,0.6347191578378737,25,30,20
47,3220,0.05376876467409589,0.1843658699101588,0.12715540701379602,0.6347099584019478,25,30,20
47,3221,0.054486251750095936,0.1986442675642426,0.11215952142097343,0.6347099592646864,25,30,20
47,3222,0.05451835149914836,0.19864426756434328,0.11215953295660991,0.6346778479798971,25,30,20
47,3223,0.05381616345537173,0.19974342920610347,0.11176255978436307,0.6346778475541605,25,30,20
47,3224,0.053815756951614224,0.19975131279379862,0.11175508271515605,0.63467784753943,25,30,20
47,3225,0.053421439928853426,0.19975125755582446,0.11214945801853249,0.634677844496789,25,30,20
47,3226,0.0534214391126503,0.199751257555824,0.11214945936023402,0.6346778439712905,25,30,20
47,3227,0.053427642284654686,0.19974507318349904,0.11214944057483554,0.6346778439570092,25,30,20
47,3228,0.053448550218233415,0.1997241556714973,0.1121494501318521,0.6346778439784159,25,30,20
47,3229,0.05343664175629626,0.19973627057056065,0.11214924369458201,0.6346778439785589,25,30,20
47,3230,0.05344257759312523,0.19973627057040186,0.11214928474930198,0.6346718670871683,25,30,20
47,3231,0.04878286200319039,0.1997362705539123,0.11213739470432872,0.6393434727385661,25,30,20
47,3232,0.048779812907989585,0.19973627055409535,0.1121373298859506,0.639346586651962,25,30,20
47,3233,0.07714929816118771,0.19973627069741892,0.08380094389948028,0.6393134872419095,25,30,20
47,3234,0.07711935328709384,0.19973627069733785,0.08380093360636419,0.6393434424092007,25,30,20
47,3235,0.07711319602375898,0.199774123070792,0.08376923893325999,0.6393434419721858,25,30,20
47,3236,0.07713374311305504,0.19977412307081646,0.08376924753624261,0.6393228862798835,25,30,20
47,3237,0.07661118542327933,0.19977412306529707,0.08429180612062082,0.6393228853908012,25,30,20
47,3238,0.07659322053290811,0.1997920715756276,0.08429182250039202,0.639322885391071,25,30,20
47,3239,0.07657230693447246,0.19979207157560275,0.08429185326623168,0.6393437682236915,25,30,20
47,3240,0.07657241906492068,0.19979207157562728,0.08429185200480743,0.6393436573546432,25,30,20
47,3241,0.07658125319443627,0.19979207157562773,0.08429182459386166,0.6393348506360736,25,30,20
47,3242,0.07658429761345903,0.19978903212189114,0.08429181960689554,0.6393348506577535,25,30,20
47,3243,0.07660504991633024,0.1997890321219957,0.08429182994864146,0.6393140880130325,25,30,20
47,3244,0.07728998738868614,0.19978903212237217,0.08429215595393737,0.6386288245350038,25,30,20
47,3245,0.07744504700141867,0.1997890321223754,0.08429253078205248,0.638473390094153,25,30,20
47,3246,0.07744569162668784,0.1993503311473591,0.08473058713077186,0.6384733900951808,25,30,20
47,3247,0.07796854352505977,0.19935033115405884,0.08473157102500403,0.6379495542958766,25,30,20
47,3248,0.07796864942375331,0.1993503311541156,0.08473157375093987,0.6379494456711906,25,30,20
47,3249,0.07795672568522061,0.19935033115401193,0.0847338408663994,0.6379591022943675,25,30,20
47,3250,0.07794769243501153,0.19935881196284858,0.08473439331515191,0.6379591022869873,25,30,20
47,3251,0.0779473188419996,0.19935918680230724,0.0847343920466247,0.6379591023090684,25,30,20
47,3252,0.07992159134316715,0.1993591868085841,0.08473541703751147,0.6359838048107371,25,30,20
47,3253,0.07992779485569323,0.19935918680845366,0.08473540764703723,0.6359776106888159,25,30,20
47,3254,0.07925478298072879,0.1993591868081836,0.08473501353778384,0.6366510166733036,25,30,20
47,3255,0.07926670354954102,0.1993591868083149,0.08473502441594859,0.6366390852261951,25,30,20
47,3256,0.07926670852326695,0.199359186808314,0.08473277539637618,0.6366413292720423,25,30,20
47,3257,0.07996559064946927,0.19935881186194368,0.08403426823607568,0.6366413292525107,25,30,20
47,3258,0.0799805651060473,0.1993588118618901,0.08403426132941919,0.636626361702643,25,30,20
47,3259,0.07802704365132726,0.19935881185571833,0.08403324701565001,0.6385808974773043,25,30,20
47,3260,0.07778310619101146,0.19935881180473639,0.08427718477197985,0.6385808972322722,25,30,20
47,3261,0.04762365144234562,0.1993588124203173,0.11427296099796978,0.6387445751393661,25,30,20
47,3262,0.04762703112825184,0.19934763376151582,0.11428076001332238,0.6387445750969086,25,30,20
47,3263,0.04761547381717107,0.19934763376135958,0.11428083282274448,0.6387560595987236,25,30,20
47,3264,0.047966221792281966,0.19934763364443964,0.11393008928387535,0.6387560552794019,25,30,20
47,3265,0.04796605100978332,0.1993556052457654,0.11392228841518671,0.6387560553292635,25,30,20
47,3266,0.04743400552037498,0.19935560523909157,0.11401095944233777,0.6391994297981949,25,30,20
47,3267,0.047433899370825386,0.19935560523914614,0.11401096343774668,0.6391995319522809,25,30,20
47,3268,0.047790246295073266,0.1993556052456908,0.11401176700988158,0.6388423814493536,25,30,20
47,3269,0.04447960149359311,0.19935560378504555,0.11732241082034953,0.6388423839010113,25,30,20
47,3270,0.04430421065259416,0.1993556037850202,0.1173220330509246,0.6390181525114612,25,30,20
47,3271,0.00623498052165496,0.19935560398600358,0.1553911838453992,0.6390182316469427,25,30,20
47,3272,0.0062350293702413875,0.19935560398600402,0.15539114539251578,0.6390182212512397,25,30,20
47,3273,0.006244225146083038,0.1993556039860322,0.15539114890598987,0.6390090219618958,25,30,20
47,3274,0.006402934743601558,0.1993556032727512,0.15539601266443864,0.6388454493192092,25,30,20
47,3275,0.0064025684691565036,0.19935560327272495,0.15539601205176787,0.6388458162063514,25,30,20
47,3276,0.006404983723007288,0.19935560327269713,0.15539601139025552,0.6388434016140407,25,30,20
47,3277,0.006416812353901823,0.19935560327271964,0.15539601596301622,0.6388315684103625,25,30,20
47,3278,0.006420049159432557,0.19935560327583077,0.15539612829582392,0.638828219268913,25,30,20
47,3279,0.006419888727896126,0.1993556032758851,0.15539604723570052,0.6388284607605186,25,30,20
47,3280,0.0067527955158258515,0.19899108338626284,0.15542766034452024,0.6388284607533913,25,30,20
47,3281,0.008106287257566947,0.19900956901131586,0.15405568155705024,0.638828462174067,25,30,20
47,3282,0.008094529472867502,0.1990095690111845,0.15405567162997616,0.6388402298859718,25,30,20
47,3283,0.008094369028515506,0.19900956901121078,0.15405567206949963,0.6388403898907737,25,30,20
47,3284,0.008094361649583262,0.19900956901120984,0.1540603700959417,0.6388356992432649,25,30,20
47,3285,0.008073658410078665,0.19900956901110534,0.15406036326020528,0.6388564093186109,25,30,20
47,3286,0.008064881585374722,0.19900956901118558,0.15405566937475274,0.638869880028687,25,30,20
47,3287,0.00807376909726723,0.1990095690111049,0.15405566400080364,0.6388609978908242,25,30,20
47,3288,0.008070479666405518,0.1990095690079409,0.1540555543434376,0.638864396982216,25,30,20
47,3289,0.008070113602632557,0.19900956900786107,0.1540555500660838,0.6388647673234226,25,30,20
47,3290,0.00808865937665027,0.19900956901115316,0.15405575720787346,0.6388460144043232,25,30,20
47,3291,0.008079779943015626,0.1990095690112607,0.15405588040434678,0.6388547706413769,25,30,20
47,3292,0.03905393057830814,0.19900956901100492,0.12308179010002897,0.6388547103106579,25,30,20
47,3293,0.0397372926440265,0.19900956901111655,0.1230821226282715,0.6381710157165855,25,30,20
47,3294,0.04008767896739007,0.19869051131703536,0.1230507939919988,0.638171015723576,25,30,20
47,3295,0.040091001112311016,0.19869051131703958,0.12305083317664262,0.6381676543940061,25,30,20
47,3296,0.040111596691513436,0.19869051131700946,0.12305071651576945,0.638147175475707,25,30,20
47,3297,0.040090783859434875,0.1986905113169096,0.12305070950702532,0.6381679953166298,25,30,20
47,3298,0.03802937896382501,0.19867885710199368,0.12512376986776041,0.6381679940664202,25,30,20
47,3299,0.03803841400293375,0.19867885710204752,0.1251237722470603,0.6381589566479577,25,30,20
47,3300,0.0380265839327363,0.19867885710512204,0.12512373496047416,0.6381708240016669,25,30,20
47,3301,0.03802653595495159,0.1986788571050967,0.12512373169726584,0.6381708752426853,25,30,20
47,3302,0.03805465385567276,0.1986808799273743,0.12509357814027752,0.6381708880766748,25,30,20
47,3303,0.038045240932031966,0.19912834395147377,0.12465552704069964,0.6381708880757944,25,30,20
47,3304,0.038057325237011295,0.19912834395169202,0.12465557603983558,0.638158754771461,25,30,20
47,3305,0.03805727359471888,0.19912834395166437,0.12465557615391758,0.6381588062996992,25,30,20
47,3306,0.03805122772669439,0.19912834395174253,0.12502834893219783,0.6377920793893657,25,30,20
47,3307,0.03804270434702375,0.19912834395618437,0.1250305856288838,0.6377983660679085,25,30,20
47,3308,0.03805181232341618,0.1991283439560765,0.12503066784274403,0.6377891758777637,25,30,20
47,3309,0.037380236077280644,0.19980021495156822,0.12503037312974008,0.6377891758414115,25,30,20
47,3310,0.037388850771390106,0.19979158853661194,0.1250303848435921,0.6377891758484064,25,30,20
47,3311,0.037386068298085225,0.19979158853653256,0.1250303731522838,0.6377919700130991,25,30,20
47,3312,0.037374149184192434,0.19979158853642562,0.12503036400589104,0.6378038982734917,25,30,20
47,3313,0.037355710352091016,0.19979158853307818,0.12503015149781077,0.6378225496170207,25,30,20
47,3314,0.037355549173477234,0.19979158853310305,0.12503026708569664,0.6378225952077239,25,30,20
47,3315,0.0373463057129861,0.19980083726807343,0.12503026180430676,0.6378225952146335,25,30,20
47,3316,0.0373371451834448,0.19980083726812636,0.1250301755881941,0.6378318419602347,25,30,20
47,3317,0.04426350745150738,0.19980083719406672,0.11810385800434853,0.6378317973500772,25,30,20
47,3318,0.04426335101242307,0.1998008371940137,0.11810386026856533,0.6378319515249977,25,30,20
47,3319,0.044284731125675124,0.19980083719420222,0.11801421884025348,0.637900212839869,25,30,20
47,3320,0.04430270068384193,0.1998008371942573,0.11764169322361999,0.6382547688982807,25,30,20
47,3321,0.0442937606861801,0.19980923856047045,0.11764223186207745,0.638254768891272,25,30,20
47,3322,0.044296606001113494,0.1998092385606001,0.1176422380809947,0.6382519173572919,25,30,20
47,3323,0.044275326293730106,0.1998092385604664,0.11764222749885501,0.6382732076469487,25,30,20
47,3324,0.044275326289053486,0.19980923856049335,0.11764226813851414,0.6382731670119394,25,30,20
47,3325,0.04428474138342148,0.1998092385605745,0.11764227016727713,0.6382637498887272,25,30,20
47,3326,0.044285643075844386,0.1998003844680091,0.11765023503303855,0.6382637374231089,25,30,20
47,3327,0.04495724397696081,0.1991285134168804,0.11765050516059368,0.6382637374455661,25,30,20
47,3328,0.04496608847996955,0.19849947859324352,0.11827069548087636,0.6382637374459111,25,30,20
47,3329,0.04494459832458544,0.19849947858863842,0.11826844568252276,0.6382874774042538,25,30,20
47,3330,0.04493545736466416,0.19849947858850286,0.11826839787022819,0.6382966661766055,25,30,20
47,3331,0.045141813109904526,0.19849948475810625,0.11806203561390298,0.638296666518087,25,30,20
47,3332,0.04514181597342855,0.19850002680802517,0.11806149070058103,0.6382966665179659,25,30,20
47,3333,0.04516283219509019,0.19850002680823764,0.1180615450864704,0.6382755959102022,25,30,20
47,3334,0.07224883102411407,0.1985000417031556,0.09097560978647973,0.6382755174862511,25,30,20
47,3335,0.07224893949103323,0.19850048519935243,0.09097505781647433,0.6382755174931405,25,30,20
47,3336,0.0722452998646737,0.19850048519950722,0.09097507371871473,0.638279141217105,25,30,20
47,3337,0.07155295455116298,0.19875723057699374,0.09141067369108034,0.6382791411807633,25,30,20
47,3338,0.07225406395384557,0.19848377911000206,0.0909830148842158,0.6382791420519369,25,30,20
47,3339,0.07226295151834396,0.19848377910992088,0.09098303685144048,0.6382702325202948,25,30,20
47,3340,0.07224279322303424,0.19848377910993392,0.0909874761626933,0.6382859515043385,25,30,20
47,3341,0.07224278313676295,0.1990814685105515,0.09038979684894986,0.6382859515037358,25,30,20
47,3342,0.07224278686100843,0.19908146851049607,0.09038955830581216,0.6382861863226834,25,30,20
47,3343,0.07187761205330878,0.19908146850395142,0.09038872625785684,0.6386521931848833,25,30,20
47,3344,0.07187782044758802,0.1990814685039795,0.09038872621659952,0.6386519848318336,25,30,20
47,3345,0.07187766006528291,0.19908146850400527,0.09038872659252874,0.6386521448381837,25,30,20
47,3346,0.07188627218576756,0.19908146850089856,0.09038872270255087,0.6386435366107837,25,30,20
47,3347,0.07188626252179224,0.19910399425114253,0.09036620661604204,0.6386435366110238,25,30,20
47,3348,0.0718742797897371,0.19910399425095868,0.09036615521747945,0.6386555707418254,25,30,20
47,3349,0.07186272224095068,0.1991039942508551,0.09036614926859622,0.6386671342395985,25,30,20
47,3350,0.0718625158953956,0.1991039942508025,0.09036614738103822,0.6386673424727644,25,30,20
47,3351,0.07185357553863372,0.1991039942507782,0.09036835157398027,0.6386740786366085,25,30,20
47,3352,0.07185950964043927,0.19910399425101655,0.09036837027372575,0.6386681258348192,25,30,20
47,3353,0.07185972178435121,0.19910378964750777,0.09036836272604847,0.6386681258420933,25,30,20
47,3354,0.0718836731887855,0.19910378964772066,0.09036843651135115,0.6386441006521435,25,30,20
47,3355,0.07188367697998974,0.19910378964772163,0.09036843666882366,0.6386440967034658,25,30,20
47,3356,0.07189271314750677,0.1991037896477508,0.09036849432615882,0.6386350028785845,25,30,20
47,3357,0.07192259892606172,0.19910378964782902,0.0903683860370854,0.6386052253890244,25,30,20
47,3358,0.07121852626414697,0.19910378964766623,0.0903680468721728,0.6393096372160142,25,30,20
47,3359,0.07121227754353351,0.19910378964774134,0.09036805211830863,0.6393158806904168,25,30,20
47,3360,0.07123638170379501,0.19910378964798078,0.0903681326112414,0.6392916960369831,25,30,20
47,3361,0.0712303368542262,0.19910378964805964,0.0903681392912658,0.6392977342064486,25,30,20
47,3362,0.07123960503406508,0.19908687548270174,0.09037578526128665,0.639297734221947,25,30,20
47,3363,0.0712458511166277,0.19908687548262144,0.09037586047889812,0.6392914129218531,25,30,20
47,3364,0.1081002697578297,0.19908691379393464,0.053521319278700324,0.6392914971695357,25,30,20
47,3365,0.10810631270665015,0.19908691379382898,0.05352131018012974,0.6392854633193914,25,30,20
47,3366,0.10810647702112476,0.1990642464724807,0.053543813187109136,0.6392854633192855,25,30,20
47,3367,0.07935245128052366,0.1990642313821225,0.08229785310394186,0.6392854642334118,25,30,20
47,3368,0.07934341818181295,0.19906423138209445,0.08229777068543749,0.6392945797506548,25,30,20
47,3369,0.07934935578186098,0.19906423138244228,0.08229779418303818,0.6392886186526582,25,30,20
47,3370,0.07932520075383255,0.19906423138214777,0.08229773809494233,0.639312829769077,25,30,20
47,3371,0.07932225937165627,0.19906423138204354,0.08230478601776867,0.6393087232285313,25,30,20
47,3372,0.07931584305463608,0.19906423138214724,0.0823047919238026,0.639315133639414,25,30,20
47,3373,0.08002225429261467,0.19795895847521375,0.08270365356395035,0.6393151336682213,25,30,20
47,3374,0.08001363410409525,0.19795895847543246,0.0827036696303123,0.6393237377901599,25,30,20
47,3375,0.08222832297361236,0.1979589202713405,0.08048910648986891,0.6393236502651781,25,30,20
47,3376,0.08223731203423675,0.19795892027136489,0.08048205184229118,0.6393217158521071,25,30,20
47,3377,0.08223716171931272,0.19795892027139164,0.08048666824519467,0.6393172497641009,25,30,20
47,3378,0.08223416884682253,0.19795892027125842,0.08048665714521508,0.6393202537367036,25,30,20
47,3379,0.08224320581634803,0.19795892027128645,0.08048665724482337,0.6393112166675418,25,30,20
47,3380,0.08224266565409395,0.19795892027125006,0.0804822132208969,0.6393162008537586,25,30,20
47,3381,0.08363228138537745,0.19795892044044372,0.0790925967170744,0.6393162014571037,25,30,20
47,3382,0.08359960661755979,0.19795892044025998,0.07909269590362816,0.6393487770385514,25,30,20
47,3383,0.0835666653122788,0.19795892044007296,0.07909259556530308,0.6393818186823448,25,30,20
47,3384,0.0835667149976537,0.19795892044010072,0.07946518927871928,0.6390091752835264,25,30,20
47,3385,0.08357589121716769,0.19793889718388383,0.07947603632170472,0.639009175277244,25,30,20
47,3386,0.08357582458998337,0.19793889718417557,0.07947136632037767,0.6390139119054636,25,30,20
47,3387,0.048864616105893904,0.1979388973823277,0.11418256467858372,0.6390139218331958,25,30,20
47,3388,0.04957973610388814,0.19793889739140968,0.11418326594939048,0.6382981005553127,25,30,20
47,3389,0.048887446768927444,0.19863940277236403,0.1141750507678178,0.6382980996908912,25,30,20
47,3390,0.04889655142159506,0.1986394027723928,0.11417284698726826,0.6382911988187443,25,30,20
47,3391,0.048905750697703115,0.19863940277236736,0.11417284669536329,0.6382819998345667,25,30,20
47,3392,0.04893895356434934,0.19863940277261632,0.11417299769315595,0.6382486459698791,25,30,20
47,3393,0.04846290785296464,0.19863940269615415,0.11464904456978217,0.6382486448810997,25,30,20
47,3394,0.048453916038119035,0.19863940269614994,0.11464904417852054,0.6382576370872112,25,30,20
47,3395,0.04775928686303688,0.19973300347921807,0.11425007254945825,0.6382576371082871,25,30,20
47,3396,0.047935442892821395,0.19973300347919232,0.11425048102517224,0.638081072602814,25,30,20
47,3397,0.047990499471833745,0.19973300348133186,0.11425714745939468,0.6380193495874399,25,30,20
47,3398,0.048017624529455745,0.19970898279730406,0.11425404304148573,0.6380193496317546,25,30,20
47,3399,0.047827650344117976,0.19970940851416563,0.11444359148910697,0.6380193496526111,25,30,20
47,3400,0.04782781175349174,0.19970940851421873,0.1144435086932384,0.6380192710390531,25,30,20
47,3401,0.04783401888300332,0.19970940851411456,0.11444353972446163,0.6380130328784223,25,30,20
47,3402,0.04780959296796098,0.1997094085138383,0.11444338816617233,0.63803761035203,25,30,20
47,3403,0.048011978542500604,0.19970940852328456,0.11444405787119298,0.6378345550630237,25,30,20
47,3404,0.048355348245168635,0.19970940882690527,0.11404825065122554,0.6378869922767018,25,30,20
47,3405,0.048178982792844306,0.1997094088267152,0.1140479088684465,0.638063699511995,25,30,20
47,3406,0.04746408777740435,0.19970940881905086,0.11404730986088923,0.6387791935426563,25,30,20
47,3407,0.04740026255135173,0.19970940881699362,0.11404067791941525,0.6388496507122404,25,30,20
47,3408,0.047409095003630046,0.1997094088169917,0.1140428724752588,0.6388386237041204,25,30,20
47,3409,0.08618923081173493,0.1997094087110874,0.07526273815697754,0.6388386223202007,25,30,20
47,3410,0.08618932851996451,0.1997094087111957,0.07526277455055315,0.638838488218287,25,30,20
47,3411,0.086197946610016,0.19970940871111484,0.07526273949686649,0.6388299051820033,25,30,20
47,3412,0.08618911324591905,0.19970940871111345,0.07526054466876902,0.6388409333741992,25,30,20
47,3413,0.08619773136425365,0.19970940871121518,0.0752605298021855,0.6388323301223463,25,30,20
47,3414,0.0861613610481085,0.19970898320183936,0.0752973265311609,0.6388323292188924,25,30,20
47,3415,0.08616136387354867,0.19970898320183983,0.07529886558818727,0.6388307873364253,25,30,20
47,3416,0.08616152863564114,0.19970898320318425,0.0752988431257321,0.6388306450354431,25,30,20
47,3417,0.08617623673269875,0.19970898320152206,0.07529880559932076,0.6388159744664588,25,30,20
47,3418,0.08617314735878587,0.19971039674543242,0.0753004813930893,0.6388159745026929,25,30,20
47,3419,0.08616485117212244,0.19971039674556945,0.07530048908994857,0.63882426299236,25,30,20
47,3420,0.08616768190013287,0.1997103967456491,0.07530054454719369,0.6388213768070243,25,30,20
47,3421,0.08939575471095869,0.19971039654365252,0.07206938354850916,0.6388244651968797,25,30,20
47,3422,0.08939575467714621,0.19971039654365247,0.07169671609210487,0.6391971326870963,25,30,20
47,3423,0.11156855481682325,0.1997089960789876,0.049520386596630904,0.6392020625075581,25,30,20
47,3424,0.11156862017617473,0.19886406953565922,0.05036524779474417,0.6392020624934218,25,30,20
47,3425,0.11156862714991427,0.19886406953566066,0.05036365831189093,0.6392036450025339,25,30,20
47,3426,0.11156871854868294,0.19970093645086004,0.04952669999768114,0.6392036450027756,25,30,20
47,3427,0.11158049020699436,0.19969650058201996,0.04951936419354208,0.6392036450174434,25,30,20
47,3428,0.11095686321280689,0.19969651135801805,0.050195392275326586,0.6391512331538481,25,30,20
47,3429,0.11094803842334297,0.19969651135801766,0.05019539225091393,0.6391600579677251,25,30,20
47,3430,0.11049061376582632,0.19969650019276078,0.05065284863342892,0.6391600374079836,25,30,20
47,3431,0.11051491754568615,0.1996719724923276,0.05065307169726167,0.6391600382647239,25,30,20
47,3432,0.11058079556463354,0.1996719725946494,0.05058719184424778,0.6391600399964685,25,30,20
47,3433,0.11058005744281944,0.19967197259448283,0.05058718190981078,0.6391607880528859,25,30,20
47,3434,0.11058010989835694,0.19967197259451003,0.05058718249860296,0.6391607350085292,25,30,20
47,3435,0.10298206585659526,0.19967197264639047,0.058188302006524466,0.6391576594904886,25,30,20
47,3436,0.10297308425837856,0.19967197264641684,0.05819296344839934,0.6391619796468047,25,30,20
47,3437,0.10297317808383513,0.19967197264647255,0.05818826650774428,0.6391665827619475,25,30,20
47,3438,0.10297296432894697,0.19967197264636546,0.05818826016994039,0.6391668028547466,25,30,20
47,3439,0.10318178828454432,0.19967197266041659,0.058188897046102805,0.6389573420089358,25,30,20
47,3440,0.10314827543141497,0.19968132777602057,0.05821305565533627,0.6389573411372278,25,30,20
47,3441,0.10313009910603252,0.1997000440273265,0.058212515730557385,0.6389573411360832,25,30,20
47,3442,0.1031299328407325,0.1997000440272982,0.05821248321433108,0.6389575399176375,25,30,20
47,3443,0.10313891440237263,0.19970004402727184,0.058212482741457,0.6389485588288978,25,30,20
47,3444,0.10318127003078086,0.19970004403358355,0.05821272044548278,0.6389059654901521,25,30,20
47,3445,0.10318421046516711,0.1997000440336882,0.0582127295328773,0.6389030159682667,25,30,20
47,3446,0.10317538655956149,0.19970004403382166,0.05821273926961444,0.6389118301370019,25,30,20
47,3447,0.10317554396848871,0.1997000440337964,0.05821273688493703,0.6389116751127778,25,30,20
47,3448,0.10316634290597801,0.19970004403382086,0.058212735603204085,0.638920877456997,25,30,20
47,3449,0.10296374687506317,0.19970004402434646,0.058212063796603646,0.6391241453039868,25,30,20
47,3450,0.10296100577476094,0.19970279706484412,0.0582120518704404,0.6391241452899549,25,30,20
47,3451,0.11421730573251412,0.19970364294662182,0.04695874270437546,0.639120308616489,25,30,20
47,3452,0.12072622721264517,0.19970277747783474,0.0404517789341034,0.6391192163754171,25,30,20
47,3453,0.12071123111736538,0.1997249623650518,0.04044459015721362,0.6391192163603694,25,30,20
47,3454,0.12069019431844699,0.19805081079496417,0.04213977857560838,0.6391192163109807,25,30,20
47,3455,0.08356770713866536,0.1980508342836748,0.07926219817506401,0.6391192604025965,25,30,20
47,3456,0.08356166870882706,0.1980508342837823,0.07926216735648989,0.639125329650901,25,30,20
47,3457,0.08425323221023985,0.19805083429313838,0.07926279139823346,0.6384331420983885,25,30,20
47,3458,0.08405313553824474,0.19805083427903183,0.07926215043765027,0.6386338797450732,25,30,20
47,3459,0.0812318286559577,0.19805081132037697,0.08208343934694945,0.6386339206767164,25,30,20
47,3460,0.0812409734435046,0.19807368694080515,0.08205141894638539,0.6386339206693055,25,30,20
47,3461,0.08124750733108584,0.19807368694083777,0.08205137447361255,0.6386274312544642,25,30,20
47,3462,0.08125392004392545,0.19807368694073454,0.08205144730531001,0.6386209457100304,25,30,20
47,3463,0.08125365615448601,0.19807368694084576,0.0820515703702935,0.6386210865343752,25,30,20
47,3464,0.0824549301070465,0.19807368691100463,0.08085030410013407,0.6386210788818153,25,30,20
47,3465,0.08244556351356891,0.198073686910922,0.0808502954137146,0.6386304541617949,25,30,20
47,3466,0.08240930018530039,0.19807368690453317,0.08085013311870182,0.6386668797914649,25,30,20
47,3467,0.08287976596322899,0.19807368684425555,0.08037969109548833,0.638666856097027,25,30,20
47,3468,0.08288002800338014,0.1980736868439913,0.08037966700710054,0.6386666181455272,25,30,20
47,3469,0.08287425240893986,0.19807368684377993,0.08037964873166491,0.6386724120156144,25,30,20
47,3470,0.08287424789253572,0.19807368684374982,0.08037964633164231,0.6386724189320713,25,30,20
47,3471,0.08287718920708363,0.19807368684380652,0.08037976821383999,0.6386693557352701,25,30,20
47,3472,0.08287397715644222,0.1980736868440162,0.0803797898497982,0.6386725461497434,25,30,20
47,3473,0.08288317536970619,0.19807368684399085,0.08037979396553957,0.6386633438207636,25,30,20
47,3474,0.08289210890949927,0.19807368684404655,0.08037979952471284,0.6386544047217416,25,30,20
47,3475,0.10316333166177241,0.1980736864158818,0.060108661226507355,0.6386543206958375,25,30,20
47,3476,0.10246577586908474,0.19807368640660603,0.0601080505378615,0.6393524871864469,25,30,20
47,3477,0.10246277935736997,0.19807368640644551,0.06010803901044835,0.6393554952257354,25,30,20
47,3478,0.10247165949115442,0.19807368640647316,0.06010806946573014,0.6393465846366417,25,30,20
47,3479,0.10245035067848868,0.19807315743164108,0.0601299072762083,0.6393465846136615,25,30,20
47,3480,0.10244162063375169,0.19808133570459763,0.06013045903332304,0.639346584628327,25,30,20
47,3481,0.10245087135168579,0.19978967278624077,0.05841287123426112,0.6393465846278121,25,30,20
47,3482,0.10245081298193195,0.19978967278621634,0.05841287559050008,0.6393466386413514,25,30,20
47,3483,0.10244188402958244,0.1997896727861634,0.05841287024384643,0.6393555729404075,25,30,20
47,3484,0.10244193614448495,0.19978967278450052,0.05841294772208605,0.6393554433489281,25,30,20
47,3485,0.10245376291165514,0.19978967278452106,0.058412754336819965,0.6393438099670037,25,30,20
47,3486,0.10245376222842209,0.19978967278452195,0.05841437277880725,0.6393421922082484,25,30,20
47,3487,0.102462541864458,0.1997814359636912,0.05841382996373376,0.6393421922081169,25,30,20
47,3488,0.1024638139995352,0.19978143596356898,0.05841383077763096,0.6393409192592648,25,30,20
47,3489,0.10252162665635663,0.19978143597332843,0.05841414420153645,0.6392827931687783,25,30,20
47,3490,0.08275262383891825,0.19978268057659643,0.059692553425794694,0.6577721421586901,25,30,20
47,3491,0.08225905913817956,0.19978143586012145,0.038724172239486626,0.6792353327622123,25,30,20
47,3492,0.08225916723744149,0.19978133208238066,0.03872416793939029,0.6792353327407874,25,30,20
47,3493,0.0822800807275308,0.1997813320824849,0.03881636275768392,0.6791222244323002,25,30,20
47,3494,0.08223130224860925,0.19978133207280419,0.03881605507573463,0.6791713106028517,25,30,20
47,3495,0.08225482327411428,0.19852112163284943,0.04005274444654369,0.6791713106464925,25,30,20
47,3496,0.08224583901885169,0.19852112163279803,0.040055018392945556,0.6791780209554047,25,30,20
47,3497,0.0822567505418948,0.19852112163305624,0.0400550270153518,0.6791671008096971,25,30,20
47,3498,0.08223263694236518,0.19852112163281282,0.04005500642581866,0.6791912349990032,25,30,20
47,3499,0.08293297767095317,0.1985211216392475,0.0400532806329633,0.6784926200568359,25,30,20
47,3500,0.08292189178410032,0.19852112163925567,0.04005323447667241,0.6785037520999718,25,30,20
47,3501,0.08291290565035914,0.19852112163922989,0.040053234023560626,0.6785127386868506,25,30,20
47,3502,0.08290654560581973,0.19852746346033137,0.04005325223233282,0.6785127387015163,25,30,20
47,3503,0.08290670435715225,0.1985273211717998,0.040053235769524013,0.6785127387015228,25,30,20
47,3504,0.08290697767041535,0.19852732117182537,0.040055513394596114,0.6785101877631622,25,30,20
47,3505,0.08290419182102053,0.1985273211717728,0.040053884326345754,0.6785146026808601,25,30,20
47,3506,0.0829281571358691,0.19852732117650423,0.040053894644984676,0.6784906270426412,25,30,20
47,3507,0.08330888513568624,0.1981346636667467,0.04006582242265695,0.6784906287749092,25,30,20
47,3508,0.08292836929033869,0.19851924023432635,0.040061763432443394,0.6784906270428906,25,30,20
47,3509,0.08291943102985817,0.19851924023430062,0.04006176665997043,0.67849956207587,25,30,20
47,3510,0.08292542166708032,0.19851325683198315,0.04006175943985775,0.6784995620610781,25,30,20
47,3511,0.08291868615369773,0.19851325683187565,0.04006180781435713,0.6785062492000687,25,30,20
47,3512,0.07714545979391041,0.19851325745475956,0.04583500170964421,0.678506281041685,25,30,20
47,3513,0.07713647536198451,0.19851325745478732,0.04583491835680584,0.6785153488264215,25,30,20
47,3514,0.07713727525496732,0.19851325745447923,0.04583475135754986,0.6785147159330025,25,30,20
47,3515,0.07712849610062411,0.1985132574545625,0.04583486728794717,0.6785233791568653,25,30,20
47,3516,0.07711967414949876,0.19851325745464213,0.04583491168782403,0.6785321567080345,25,30,20
47,3517,0.0776245699850044,0.1985132581574383,0.04532996354739456,0.6785322083101619,25,30,20
47,3518,0.07762442192997171,0.1985134117851009,0.04532995796760358,0.678532208317323,25,30,20
47,3519,0.07763356561559258,0.1985134117852121,0.04532996465157829,0.678523057947616,25,30,20
47,3520,0.0774250575856775,0.19851358615614592,0.045537252931908107,0.6785241033262672,25,30,20
47,3521,0.07742489823324483,0.19851358615609305,0.04553723984028685,0.6785242757703742,25,30,20
47,3522,0.07741312772970758,0.1985135861560428,0.045445052764188754,0.67862823335006,25,30,20
47,3523,0.0774250060197173,0.19851358615609402,0.04544503233557155,0.6786163754886164,25,30,20
47,3524,0.07741538141897815,0.19851358615606116,0.045440327634925684,0.6786307047900344,25,30,20
47,3525,0.07741538199911543,0.19851359827902612,0.04544031493169858,0.6786307047901592,25,30,20
47,3526,0.07742474143406365,0.198513598278948,0.045440312931487065,0.6786213473555006,25,30,20
47,3527,0.07742458491976527,0.19851359827897486,0.04544031488321299,0.6786215019180463,25,30,20
47,3528,0.07740073434240541,0.19851359827419052,0.045440219812487345,0.6786454475709159,25,30,20
47,3529,0.07740073721752357,0.19975027753475313,0.04420353769192285,0.6786454475557998,25,30,20
47,3530,0.07740073072333277,0.1997502775347526,0.04420353762674664,0.6786454541151673,25,30,20
47,3531,0.07739210048776471,0.19973611856569956,0.04422632681682726,0.678645454129708,25,30,20
47,3532,0.07809573891968048,0.1997361185748711,0.04422694178305937,0.6779412007223884,25,30,20
47,3533,0.07808696274700656,0.19973611857492654,0.044226972978141654,0.6779499456999245,25,30,20
47,3534,0.07615375620551426,0.19973611915132364,0.04615966367547398,0.6779504609676876,25,30,20
47,3535,0.07617468054837669,0.19973611915142692,0.04615964862396892,0.6779295516762274,25,30,20
47,3536,0.0754680481816543,0.19973611914214914,0.04615902095949422,0.6786368117167022,25,30,20
47,3537,0.07854964520905307,0.19973600332969202,0.04307803854151352,0.678636312919741,25,30,20
47,3538,0.07852873112477253,0.1997360033295875,0.04307802858838284,0.6786572369572569,25,30,20
47,3539,0.0785435094827288,0.19972850247592466,0.04307075107605584,0.6786572369652903,25,30,20
47,3540,0.07855228498282639,0.19972850247584195,0.04307063271883082,0.6786485798225007,25,30,20
47,3541,0.07852838294933204,0.19975222488926664,0.043070812360552,0.6786485798008492,25,30,20
47,3542,0.07852823829986183,0.19974275687661144,0.043080425029132036,0.6786485797943941,25,30,20
47,3543,0.07854915425402482,0.19974275687674467,0.043080436194720094,0.6786276526745096,25,30,20
47,3544,0.078557932135892,0.1997427568767454,0.04307818370076531,0.6786211272865968,25,30,20
47,3545,0.07855519801552555,0.19974275687679516,0.04307813103556919,0.6786239140721098,25,30,20
47,3546,0.07991878190087054,0.19974275687705043,0.04307880547989543,0.6772596557421835,25,30,20
47,3547,0.07991861860370891,0.1997427568770475,0.04307877592695136,0.677259848592292,25,30,20
47,3548,0.08097485412948748,0.19974275706925812,0.043086129125594085,0.6761962596756603,25,30,20
47,3549,0.07924527956259747,0.19974275636645275,0.04481575593234879,0.6761962081386013,25,30,20
47,3550,0.07926603302159232,0.1997427563665578,0.04481579344394384,0.6761754171679063,25,30,20
47,3551,0.07928658817578492,0.19973374655363355,0.04480424811008524,0.6761754171604966,25,30,20
47,3552,0.07929594812340855,0.199733746553582,0.044804256391955864,0.6761660489310539,25,30,20
47,3553,0.07929616674378856,0.19973374655360893,0.04480426256230735,0.6761658241402951,25,30,20
47,3554,0.08123179194824051,0.19973374588783357,0.04286915327168759,0.6761653088922382,25,30,20
47,3555,0.08121092504101764,0.19973374588770224,0.042869143278329906,0.67618618579295,25,30,20
47,3556,0.0812107123918215,0.1997337458877318,0.04286913727760632,0.6761864044428403,25,30,20
47,3557,0.08403727277449578,0.19973368672365585,0.04004321358135535,0.6761858269204928,25,30,20
47,3558,0.08406455462052381,0.19973368673003047,0.04017279555723781,0.6760289630922077,25,30,20
47,3559,0.08428502044821821,0.1997336867425589,0.040173587806122193,0.6758077050031005,25,30,20
47,3560,0.0840643893145543,0.19973368672994676,0.04017279483783673,0.676029129117662,25,30,20
47,3561,0.08408828632557888,0.19973368673026473,0.04017751622601144,0.6760005107181448,25,30,20
47,3562,0.08407634531861577,0.1997336867301877,0.040177503269227983,0.676012464681969,25,30,20
47,3563,0.0840818974355159,0.19972871527123717,0.04017692259829373,0.6760124646949535,25,30,20
47,3564,0.08407307546915466,0.19972871527123628,0.040176922547201996,0.6760212867124074,25,30,20
47,3565,0.08404039619703293,0.19972871527094743,0.04017220324919804,0.6760586852828219,25,30,20
47,3566,0.0442944117027365,0.1997287157541647,0.07991818900120347,0.6760586835418958,25,30,20
47,3567,0.0429276774513473,0.19972871575366646,0.07991738251322116,0.6774262242817657,25,30,20
47,3568,0.042927253833325144,0.19972871575366366,0.0799173710763495,0.6774266593366621,25,30,20
47,3569,0.04292703995041677,0.19972871575366177,0.07991734103718831,0.6774269032587332,25,30,20
47,3570,0.042920677133516286,0.19972871575376738,0.07991734971445166,0.6774332573982648,25,30,20
47,3571,0.04312317888686088,0.19972871576933432,0.07991809142184896,0.6772300139219558,25,30,20
47,3572,0.016665086366603122,0.19972871581873722,0.0817382676183456,0.7018679301963147,25,30,20
47,3573,0.0032819845188770615,0.19972871575844145,0.07993430013726327,0.7170549995854185,25,30,20
47,3574,0.0030886415746002034,0.19972871574282253,0.07993355906297028,0.7172490836196072,25,30,20
47,3575,0.003109722676717401,0.19972871574292678,0.07993365449242638,0.7172279070879296,25,30,20
47,3576,0.003121270635126094,0.19972871574302892,0.07993370031787643,0.7172163133039687,25,30,20
47,3577,0.0031121769611930634,0.19972871574291975,0.07993369742804406,0.7172254098678433,25,30,20
47,3578,0.003112339302813272,0.19972871574294565,0.07993369796027136,0.71722524699397,25,30,20
47,3579,0.003133085895720404,0.19972871574305015,0.07993370695492415,0.7172044914063055,25,30,20
47,3580,0.0031334621388034085,0.19972833770171192,0.07993370875316222,0.7172044914063226,25,30,20
47,3581,0.0031452476109384443,0.1997283377018154,0.07993380776875891,0.7171926069184874,25,30,20
47,3582,0.0031360514271264357,0.19973714217838703,0.0799341994689794,0.7171926069255073,25,30,20
47,3583,0.003135946356955972,0.19973714217844196,0.0799342041373575,0.7171927073272447,25,30,20
47,3584,0.0031359405948319426,0.19973714217844196,0.07993420418301588,0.7171927130437108,25,30,20
47,3585,0.0031151883712309497,0.19975789671949798,0.0799342018869587,0.717192713022313,25,30,20
47,3586,0.002059108763750763,0.19975789652728543,0.07992681995628632,0.718256174752678,25,30,20
47,3587,0.002068461673471159,0.19975789652728587,0.07992682150659641,0.718246820292647,25,30,20
47,3588,0.0020504930052040633,0.19975789652728593,0.07992682283279429,0.7182647876347161,25,30,20
47,3589,0.002050494939503174,0.19975789652728543,0.07992682473045706,0.7182647838027547,25,30,20
47,3590,0.0020230553945237563,0.19975789652088224,0.07979723530578474,0.7184218127788092,25,30,20
47,3591,0.0020081075237675747,0.19975789652099185,0.07979715615021277,0.7184368398050276,25,30,20
47,3592,0.016466972438067377,0.19975789602940938,0.06533828962429081,0.7184368419082326,25,30,20
47,3593,0.01645777158940202,0.19975789602943386,0.06533828783040965,0.7184460445507548,25,30,20
47,3594,0.01661056659704502,0.19975789602960323,0.06533861669434025,0.7182929206790115,25,30,20
47,3595,0.016610521667718557,0.19975789602957986,0.06533870205861121,0.7182928802440904,25,30,20
47,3596,0.0166075784709917,0.19975789602947563,0.06571807877056025,0.7179164467289724,25,30,20
47,3597,0.016613627146347693,0.1997578960293987,0.0657180717079019,0.7179104051163518,25,30,20
47,3598,0.01660474507613424,0.1997578960294269,0.06571811783105637,0.7179192410633826,25,30,20
47,3599,0.016554656050756077,0.19975789602276536,0.06562711842279381,0.718060329503685,25,30,20
47,3600,0.016587595496636087,0.19975789602295,0.06562708989356793,0.7180274185868463,25,30,20
47,3601,0.016576054434837603,0.19975789602282348,0.06562713553789427,0.718038914004445,25,30,20
47,3602,0.016576052048216112,0.19975789602279634,0.0656271351826806,0.718038916746307,25,30,20
47,3603,0.0165971625000421,0.19976878236782802,0.06559513837199772,0.7180389167601321,25,30,20
47,3604,0.01659700470501493,0.19976878236780224,0.06559513730364769,0.7180390756235352,25,30,20
47,3605,0.016599788794910184,0.19976599850117313,0.06559513706623578,0.7180390756376812,25,30,20
47,3606,0.01659984128642669,0.19976599850122756,0.0655952214647427,0.7180389387476032,25,30,20
47,3607,0.016597266822905278,0.1997685698735742,0.06559522455540318,0.7180389387481175,25,30,20
47,3608,0.016615449834168718,0.19976856987357594,0.06559522620435279,0.7180207540879028,25,30,20
47,3609,0.016636525426753358,0.19976856987368108,0.06559523314404316,0.7179996715555228,25,30,20
47,3610,0.01659692729502206,0.19981334925678781,0.06559005068827645,0.7179996727599139,25,30,20
47,3611,0.016601401241372337,0.19981334927070002,0.06584219996215929,0.717743049525768,25,30,20
47,3612,0.01658998181094031,0.19981334928167882,0.06584256719651296,0.7177541017108677,25,30,20
47,3613,0.016602295639657788,0.1998133492817128,0.06584261292243328,0.7177417421561958,25,30,20
47,3614,0.016602346967322948,0.19981334928173658,0.06584252616935088,0.7177417775815891,25,30,20
47,3615,0.016590415198465203,0.19982529367276,0.06584251354718525,0.7177417775815893,25,30,20
47,3616,0.016569495870336248,0.19982529367273416,0.06584242285158622,0.7177627876053434,25,30,20
47,3617,0.016593516848758604,0.199801256514874,0.06584243900162877,0.7177627876347387,25,30,20
47,3618,0.016600041738318205,0.1998012565198016,0.06584415510811933,0.7177545466337609,25,30,20
47,3619,0.01656746927617778,0.1998332949304592,0.06584468920247538,0.7177545465908877,25,30,20
47,3620,0.01656746915889304,0.19983329815319023,0.0658446860971588,0.7177545465907583,25,30,20
47,3621,0.016567892508674367,0.19983329815324447,0.06584476210465265,0.7177540472334288,25,30,20
47,3622,0.016576766134422712,0.19983329815327155,0.06584488020653473,0.7177450555057713,25,30,20
47,3623,0.016597888078202016,0.1998332981534061,0.06584477706201064,0.7177240367063815,25,30,20
47,3624,0.01727417088075196,0.19983329816262455,0.06584539095822035,0.7170471399984032,25,30,20
47,3625,0.01726554681896612,0.19983329816265086,0.06584539287991505,0.7170557621384684,25,30,20
47,3626,0.01726596892324048,0.19983329816268064,0.06584538752614058,0.7170553453879385,25,30,20
47,3627,0.027272301835610843,0.1997885194870294,0.05418323530390272,0.7187559433734572,25,30,20
47,3628,0.027305922870709168,0.1997885195010442,0.053803992958615904,0.7191015646696308,25,30,20
47,3629,0.027305445537345166,0.19978851950095994,0.05380391241635157,0.7191021225453434,25,30,20
47,3630,0.029698483000606114,0.19978851969737682,0.05141025040461837,0.7191027468973988,25,30,20
47,3631,0.0296897148293107,0.19979734332573718,0.051410194925349144,0.7191027469196026,25,30,20
47,3632,0.02969250037099442,0.19979734332584273,0.05141032206598304,0.7190998342371796,25,30,20
47,3633,0.029692168025297536,0.19979734332589177,0.05141035673841517,0.719100131910395,25,30,20
47,3634,0.029671410560320233,0.199829335891711,0.051399121644576586,0.7191001319033917,25,30,20
47,3635,0.029662376562741552,0.1998293358916585,0.051399119365011875,0.7191091681805876,25,30,20
47,3636,0.02966197091910077,0.19982933589160368,0.051399113994895086,0.7191095791944,25,30,20
47,3637,0.029664759731990703,0.19982636720502348,0.05139929386156692,0.7191095792014183,25,30,20
47,3638,0.029697688228313826,0.19979342203836586,0.05139931051051895,0.7191095792228007,25,30,20
47,3639,0.029685600381475778,0.1997934220383144,0.051399301558202985,0.7191216760220064,25,30,20
47,3640,0.02968560372014915,0.19977105145891114,0.05142166879867441,0.7191216760222648,25,30,20
47,3641,0.02967870620262002,0.1997710514540088,0.05141995015955914,0.7191302921838113,25,30,20
47,3642,0.029669002168965238,0.1997710514429249,0.05141957244730751,0.7191403739408017,25,30,20
47,3643,0.02968954504663527,0.19975050846153583,0.05141957254415845,0.7191403739476698,25,30,20
47,3644,0.029665589959079926,0.19979685058383673,0.05139718553859605,0.7191403739184866,25,30,20
47,3645,0.029656767885156716,0.19979685058383723,0.05139718585970106,0.7191491956713044,25,30,20
47,3646,0.051237043835379616,0.19980214709556762,0.029811072081423796,0.7191497369876287,25,30,20
47,3647,0.05158144450496853,0.1998021470958592,0.02981164656130937,0.7188047618378627,25,30,20
47,3648,0.05156955681811993,0.19980214709578029,0.02981163933188167,0.718816656754218,25,30,20
47,3649,0.05087882384755009,0.19980214708951474,0.029811230376388043,0.7195077986865468,25,30,20
47,3650,0.05017928351234315,0.1998021470801146,0.029810604524712434,0.7202079648828296,25,30,20
47,3651,0.050185475300905426,0.19979613333141702,0.029810426499019164,0.7202079648686582,25,30,20
47,3652,0.05021820462561776,0.19979613333160362,0.029810443969748846,0.7201752180730301,25,30,20
47,3653,0.05021216282182326,0.1997961333316572,0.029810452402925264,0.7201812514435949,25,30,20
47,3654,0.05020917154227471,0.1997961333316039,0.029810444801601433,0.7201842503245203,25,30,20
47,3655,0.05020912601113423,0.19979613333168048,0.029810446441547078,0.7201842942156386,25,30,20
47,3656,0.050211428777950554,0.19979436724331895,0.029809909749847693,0.7201842942288829,25,30,20
47,3657,0.05021164429664843,0.19979454515526984,0.029809516318817196,0.7201842942292646,25,30,20
47,3658,0.07996045878305237,0.19979454669460725,0.0017612980608484171,0.7184836964614925,25,30,20
47,3659,0.07996938632973316,0.19978576158425518,0.0017611556537362857,0.7184836964322753,25,30,20
47,3660,0.07996329518329647,0.1997857615843322,0.0017611626711303476,0.7184897805612408,25,30,20
47,3661,0.07996949138273918,0.19978576158419986,0.0017610315580865595,0.7184837154749739,25,30,20
47,3662,0.07997931418794957,0.1997857615843633,0.0017610445716320791,0.7184738796560545,25,30,20
47,3663,0.08069086765537772,0.19907339968408957,0.0017618513547970297,0.7184738813057352,25,30,20
47,3664,0.0438568277414692,0.1990733974393588,0.03859579229851778,0.7184739825206536,25,30,20
47,3665,0.04369231113679083,0.19907339743913724,0.03859553261137471,0.7186387588126962,25,30,20
47,3666,0.043683326688242416,0.19907339743913785,0.0385978108977305,0.7186454649748883,25,30,20
47,3667,0.04368257921856391,0.19907339743908206,0.03860007745415775,0.7186439458881955,25,30,20
47,3668,0.04365873369698052,0.1990733974389503,0.03860006346251942,0.7186678054015486,25,30,20
47,3669,0.04365594277761828,0.19907339743879163,0.03860005197212987,0.718670607811459,25,30,20
47,3670,0.04365605510581439,0.1990733974388162,0.03860004876310577,0.7186704986922626,25,30,20
47,3671,0.041500501557960874,0.19907339744600375,0.04075560799426574,0.7186704930017684,25,30,20
47,3672,0.04146693123973117,0.19907339743198882,0.04075546987638498,0.7187042014518936,25,30,20
47,3673,0.04146630040553461,0.1990733974318807,0.040760091383169196,0.7187002107794146,25,30,20
47,3674,0.04147273732374202,0.19907339743665203,0.0407595840916004,0.7186942811480047,25,30,20
47,3675,0.00965135013121726,0.19906810072479839,0.07258743577846051,0.7186931133655234,25,30,20
47,3676,0.009660223625502735,0.19906810072482595,0.07258743763883965,0.7186842380108311,25,30,20
47,3677,0.009678573148755204,0.19906810072517792,0.0725874612447076,0.7186658648813588,25,30,20
47,3678,0.009677724201035775,0.19906810072520237,0.07258747995915915,0.7186666951146021,25,30,20
47,3679,0.009683657561617029,0.1990681007254132,0.07258738223737914,0.7186608594755903,25,30,20
47,3680,0.009665365987600847,0.19906810072508516,0.07258735203414406,0.7186791812531694,25,30,20
47,3681,0.009673984165156736,0.1990681007250576,0.07258735058433466,0.7186705645254505,25,30,20
47,3682,0.009673771087669543,0.1990683060532376,0.07258735833390585,0.7186705645251864,25,30,20
47,3683,0.009686064398219356,0.19906830605337172,0.07258736956908163,0.7186582599793268,25,30,20
47,3684,0.009695046986239216,0.19906830605339795,0.07258266925063614,0.718653977709726,25,30,20
47,3685,0.009686222384859305,0.19906830605340034,0.07258266741867239,0.7186628041430673,25,30,20
47,3686,0.009677184908530458,0.19906830605334974,0.0725826631945039,0.7186718458436147,25,30,20
47,3687,0.00968638299627244,0.1990683060533741,0.07258266559999334,0.718662645350359,25,30,20
47,3688,0.009686276227372538,0.1990683060533516,0.07258926930117626,0.7186561484180989,25,30,20
47,3689,0.009686483000165589,0.19906830605337839,0.07258927130283299,0.7186559396436225,25,30,20
47,3690,0.009677654584631431,0.19906830605338002,0.07258915534901154,0.7186648840129763,25,30,20
47,3691,0.009677913813969798,0.19906805191954394,0.07258915023170814,0.7186648840347776,25,30,20
47,3692,0.009677865696460562,0.19906805191951576,0.07258914954031533,0.7186649328437079,25,30,20
47,3693,0.00967770610413402,0.19906805191948712,0.0725891503316088,0.7186650916447695,25,30,20
47,3694,0.009671574010631966,0.19906805191950913,0.07258688144473685,0.7186734926251219,25,30,20
47,3695,0.00966247620935913,0.19906805191946073,0.0725868839159582,0.7186825879552218,25,30,20
47,3696,0.01844171109971493,0.19906990017699278,0.06380588234771566,0.7186825063755768,25,30,20
47,3697,0.016974133294195042,0.19949577511222433,0.06484757507821283,0.7186825165153679,25,30,20
47,3698,0.016986551942897648,0.19949577512178007,0.06484787014178457,0.7186698027935376,25,30,20
47,3699,0.008897259920610046,0.19908246329773732,0.07335049956846758,0.7186697772131851,25,30,20
47,3700,0.008891114605255004,0.1990777419328984,0.07336136623385654,0.7186697772279902,25,30,20
47,3701,0.00888853601295256,0.1990777419328205,0.07336135917920802,0.718672362875019,25,30,20
47,3702,0.008879136696270462,0.19905550243612125,0.07339299801374378,0.7186723628538647,25,30,20
47,3703,0.00887903806175813,0.19905550243611794,0.07339299320656363,0.7186724662955604,25,30,20
47,3704,0.008890759881741931,0.19905550243616912,0.07339288400728503,0.7186608536748038,25,30,20
47,3705,0.008878519986740725,0.19905550243606546,0.07339287518941802,0.7186731023877754,25,30,20
47,3706,0.008887140004177084,0.19905550243603773,0.0733928738231311,0.7186644837366536,25,30,20
47,3707,0.00889627907084922,0.19905550243614464,0.07339288222617109,0.7186553362668345,25,30,20
47,3708,0.002308039612876246,0.19905550246492187,0.07998111418856445,0.7186553437336367,25,30,20
47,3709,0.0023015568672889743,0.19905550245560544,0.07998553505100046,0.7186574056261043,25,30,20
47,3710,0.0022987828374440465,0.19905829469118633,0.07998551685903049,0.7186574056123386,25,30,20
47,3711,0.002301727583349381,0.19905829469134256,0.07997892499040078,0.7186610527349069,25,30,20
47,3712,0.002295683914181558,0.1990582946914209,0.07997893496872661,0.7186670864256706,25,30,20
47,3713,0.002305251100401957,0.19907997320874332,0.07994768926544134,0.718667086425413,25,30,20
47,3714,0.001572951068612643,0.19981308357199,0.07994688059804841,0.7186670847613483,25,30,20
47,3715,0.0015817722787232192,0.19980426253551883,0.07994688042441714,0.7186670847613402,25,30,20
47,3716,0.0015904456188398466,0.1998042625355455,0.0799491604065562,0.7186561314390579,25,30,20
47,3717,0.0015904604745304058,0.1997728111743263,0.07998059691907039,0.7186561314320724,25,30,20
47,3718,0.0015992775565254961,0.19973255095931886,0.08001204005236305,0.7186561314317922,25,30,20
47,3719,0.0015994914765554854,0.19976376877794674,0.07998060831368833,0.718656131431809,25,30,20
47,3720,0.00159284724220736,0.19976376877312224,0.07997883643052109,0.7186645475541493,25,30,20
47,3721,0.0015836067420613791,0.19976376877297866,0.07997869544143683,0.7186739290435229,25,30,20
47,3722,0.0016163324804389792,0.19976376877316432,0.07997879419776881,0.7186411045486275,25,30,20
47,3723,0.001274710170611251,0.19976376877295052,0.07997822791064152,0.7189832931457961,25,30,20
47,3724,0.0012745525669165677,0.1997637687728675,0.07997822049892403,0.7189834581612914,25,30,20
47,3725,0.001261251899378143,0.1997637687589567,0.07972607280601328,0.7192489065356521,25,30,20
47,3726,0.0012583044624008052,0.19977757765307186,0.07971521136354501,0.7192489065209826,25,30,20
47,3727,0.0012581471123161334,0.19977773501352292,0.0797152113462821,0.7192489065278782,25,30,20
47,3728,0.0012374023827409076,0.19977773501344576,0.07971524361474006,0.7192696189890733,25,30,20
47,3729,0.0012463356811926438,0.19976880630003221,0.07971523902282444,0.7192696189959505,25,30,20
47,3730,0.0012584917542688562,0.19975624711885684,0.07971564212313634,0.7192696190037379,25,30,20
47,3731,0.0012585921572982547,0.19975624711891168,0.07971572713832879,0.7192694335854611,25,30,20
47,3732,0.0012644299224406413,0.19975624711893766,0.07971583167658441,0.7192634912820371,25,30,20
47,3733,0.0019595506230726564,0.19906112615328614,0.07971583191166463,0.7192634913119764,25,30,20
47,3734,0.0019623247464943543,0.1990611261533897,0.07971580010185587,0.7192607489982599,25,30,20
47,3735,0.0035333140895993003,0.19906112612549504,0.07761890142442925,0.7197866583604765,25,30,20
47,3736,0.0035422973378820156,0.19906112612552035,0.07761890033448633,0.7197776762021113,25,30,20
47,3737,0.0035484937197203747,0.19906112612541432,0.07761888912417657,0.7197714910306884,25,30,20
47,3738,0.0035485554343275315,0.19906112612552135,0.07761893613932029,0.7197713823008304,25,30,20
47,3739,0.0035514973136747748,0.1990611261254935,0.07761874907433933,0.719768627486492,25,30,20
47,3740,0.003548220427023629,0.19906112612551433,0.07761866936739548,0.7197719840800662,25,30,20
47,3741,0.0035390246718045894,0.1990611261254585,0.0776186639517187,0.7197811852510176,25,30,20
47,3742,0.0035456510753724157,0.19906112612533092,0.0776186564099623,0.7197745663893338,25,30,20
47,3743,0.0035939053772780973,0.19900473626848517,0.07762679190655686,0.7197745664476797,25,30,20
47,3744,0.003593479401548963,0.19900473626848328,0.07762678920555394,0.7197749951244136,25,30,20
47,3745,0.003590912344324756,0.19900473626854379,0.07762680110412369,0.719777550283008,25,30,20
47,3746,0.003953957794156232,0.19899032929615323,0.07727816174658036,0.719777551163109,25,30,20
47,3747,0.003249478609618671,0.19968439939636148,0.07728857084659692,0.7197775511474219,25,30,20
47,3748,0.003246485021073051,0.1996843993962543,0.07728856324881032,0.7197805523338616,25,30,20
47,3749,0.003246437100845922,0.19968439939633106,0.07728856919320617,0.719780594309616,25,30,20
47,3750,0.0032463699957066146,0.19971548928718305,0.07725754635702399,0.7197805943600848,25,30,20
47,3751,0.0032465223593686173,0.19971548928713612,0.07726194356910841,0.7197760447843854,25,30,20
47,3752,0.0032219512977373094,0.19974816911188703,0.07725383483580486,0.7197760447545692,25,30,20
47,3753,0.003228046822471754,0.19974816911183585,0.07725382975212697,0.7197699543135637,25,30,20
47,3754,0.003219009655011958,0.19974816911174806,0.0772494222342302,0.719783398999008,25,30,20
47,3755,0.003207482960310493,0.1601844648476114,0.11682465317813756,0.7197833990139421,25,30,20
47,3756,0.0032073753444858723,0.16018446484758692,0.11682465505038687,0.7197835047575419,25,30,20
47,3757,0.003207266532867391,0.16018446484763949,0.11682465690864964,0.7197836117108452,25,30,20
47,3758,0.0032015379387032115,0.16018446484745524,0.11682156361613208,0.719792433597711,25,30,20
47,3759,0.003210475481445948,0.160184464847405,0.11682156071332622,0.7197834989578239,25,30,20
47,3760,0.003210839114165569,0.1601844648474078,0.11682156239306295,0.7197831336453652,25,30,20
47,3761,0.003216886362766791,0.16018446484735727,0.11682155658753053,0.7197770922023464,25,30,20
47,3762,0.0032231436454997955,0.1601844648473686,0.123064449200445,0.7135279423066874,25,30,20
47,3763,0.0017762427985102006,0.16018455839414028,0.12430104366298372,0.7137381551443691,25,30,20
47,3764,0.0017881635831016598,0.16017223576924713,0.1243014454813686,0.7137381551662851,25,30,20
47,3765,0.001778810442278102,0.16017223576916506,0.12430144325918578,0.7137475105293735,25,30,20
47,3766,0.0017701923724295421,0.16017223576919384,0.12430144535673245,0.7137561265016464,25,30,20
47,3767,0.0017979253593579856,0.16017223576951511,0.11805858138241082,0.7199712574887159,25,30,20
47,3768,0.0018070796827712498,0.16017333257648314,0.11804833026652917,0.7199712574742165,25,30,20
47,3769,0.0017743568060137186,0.16017333257629918,0.11804823019556654,0.7200040804221212,25,30,20
47,3770,0.0017774555345677792,0.16017333257641184,0.11804824346999614,0.7200009684190251,25,30,20
47,3771,0.0017773947669901138,0.1601733325763059,0.11805051372883055,0.7199987589278739,25,30,20
47,3772,0.0017773459151797114,0.16017333257630592,0.1180506257194876,0.7199986957890271,25,30,20
47,3773,0.0017685116303622222,0.1601733325762258,0.11805282461063013,0.7200053311827825,25,30,20
47,3774,0.0017690485807452263,0.1601733325824362,0.11805283558547255,0.7200047832513461,25,30,20
47,3775,0.0018020975339562168,0.16017333258273742,0.11805286313865469,0.7199717067446519,25,30,20
47,3776,0.0017934906434159562,0.16017333258265445,0.11805291994096492,0.7199802568329652,25,30,20
47,3777,0.0017960557074008844,0.16017333258259442,0.11805290740399274,0.7199777043060129,25,30,20
47,3778,0.001430193198932136,0.16017333252314456,0.1184187708540822,0.7199777034238437,25,30,20
47,3779,0.0014387361276896298,0.1601733282566641,0.11841023220476148,0.7199777034108873,25,30,20
47,3780,0.0014477190152831527,0.16017332825668898,0.11841173794945459,0.7199672147785757,25,30,20
47,3781,0.0014387349004905464,0.1601733282566632,0.11841177747984871,0.7199761593630002,25,30,20
47,3782,0.0014227128904824899,0.16017332825635733,0.11841174909392801,0.7199922097592346,25,30,20
47,3783,0.0014229289838449976,0.1601511428747531,0.11843371843265876,0.7199922097087448,25,30,20
47,3784,0.001413942881885494,0.1601511428747254,0.11843139991756735,0.7200035143258233,25,30,20
47,3785,0.001423307332311362,0.16015114287483573,0.11843140569134741,0.7199941441015073,25,30,20
47,3786,0.0014322483585698096,0.16015114287486018,0.11843140377357626,0.7199852049929958,25,30,20
47,3787,0.0021321970366566787,0.16015114287892246,0.1177314529614735,0.7199852071229494,25,30,20
47,3788,0.002132301223839913,0.1601511428788423,0.11772917050921677,0.7199873853881037,25,30,20
47,3789,0.0021084012838367746,0.16017508076546605,0.11772913258412715,0.7199873853665731,25,30,20
47,3790,0.0021331104429342124,0.16017264045070326,0.11770686373947287,0.7199873853668926,25,30,20
47,3791,0.0034745012435853273,0.16017264045694662,0.11770775813207346,0.7186451001673969,25,30,20
47,3792,0.0036950390256708814,0.16017264046354673,0.11771299907988927,0.7184193214308954,25,30,20
47,3793,0.0033675111660975737,0.1601725469168137,0.118776745370168,0.7176831965469225,25,30,20
47,3794,0.0033408757504341468,0.1589618097423564,0.12001411789352096,0.7176831966136907,25,30,20
47,3795,0.003355816028537155,0.15860020782966708,0.12036077952729927,0.7176831966144984,25,30,20
47,3796,0.0033554335183050604,0.15860020782963966,0.12036069367051416,0.7176836649815431,25,30,20
47,3797,0.0031440469304568493,0.1586002078230405,0.12035556914007119,0.7179001761064331,25,30,20
47,3798,0.0031438819204968743,0.1586002078230653,0.12035545380538606,0.7179004564510534,25,30,20
47,3799,0.0031350552092236235,0.15860020782306766,0.12035545475837336,0.7179092822093369,25,30,20
47,3800,0.004669580585949255,0.15858065757101916,0.11883930409774948,0.7179104577452837,25,30,20
47,3801,0.004669583538211668,0.15858065514135336,0.11883930358216627,0.7179104577382702,25,30,20
47,3802,0.004681299493283012,0.15858065514143166,0.11883931066468545,0.7178987347006008,25,30,20
47,3803,0.004682275504917247,0.15858065514164965,0.11883931999768699,0.7178977493557475,25,30,20
47,3804,0.004678789987865982,0.15858065514183214,0.11883933835911416,0.7179012165111888,25,30,20
47,3805,0.004672589713342295,0.15858065514193911,0.11883935261116382,0.7179074025335558,25,30,20
47,3806,0.004494397533684109,0.15858065494679324,0.11901871924727205,0.717906228272252,25,30,20
47,3807,0.021852680305689976,0.15858065495583815,0.10166044056358356,0.7179062241748891,25,30,20
47,3808,0.021850482348601544,0.15858065495589937,0.1016604354163028,0.7179084272791973,25,30,20
47,3809,0.02184170250109428,0.15858942267934034,0.10166044752608255,0.7179084272934838,25,30,20
47,3810,0.020461632450664093,0.15858981338701542,0.10303843440653823,0.7179101197557833,25,30,20
47,3811,0.020433881808456855,0.15858981338676872,0.10304501975057141,0.7179312850542041,25,30,20
47,3812,0.020429974047951917,0.15858981338654649,0.10303840248012477,0.717941810085378,25,30,20
47,3813,0.020438822573720518,0.15858981338652217,0.10303678118752455,0.7179345828522335,25,30,20
47,3814,0.020432884477249606,0.15858981338679065,0.10303680085604781,0.7179405012799132,25,30,20
47,3815,0.020423674986657668,0.15858981338058034,0.10303678981925314,0.7179497218135105,25,30,20
47,3816,0.020426305342266363,0.15858981338068495,0.10303679883443304,0.7179470824426167,25,30,20
47,3817,0.02043452435393832,0.15858942266628337,0.10293267311944809,0.7180433798603317,25,30,20
47,3818,0.02044372010579408,0.15858023632523388,0.10293266372267976,0.7180433798462938,25,30,20
47,3819,0.020440562417669526,0.15858023632496585,0.10293264570614259,0.7180465555512234,25,30,20
47,3820,0.020446812851888076,0.1585802363249409,0.10293264253908972,0.7180403082840826,25,30,20
47,3821,0.020456169584058534,0.1585802363249418,0.10293264716725624,0.7180309469237445,25,30,20
47,3822,0.020446805632327095,0.15859015586759764,0.10293209157608477,0.7180309469239916,25,30,20
47,3823,0.020428837371781097,0.1585901558675705,0.10293209318180879,0.7180489135788406,25,30,20
47,3824,0.020428897914152352,0.15859015586757536,0.10293047657630396,0.7180504696419695,25,30,20
47,3825,0.019090610659556934,0.1585901558611152,0.1029295602168484,0.7193896732624806,25,30,20
47,3826,0.019090194716081782,0.1585905649924327,0.10292956702885864,0.7193896732626281,25,30,20
47,3827,0.019114303563727477,0.1585905649926212,0.10292958660201165,0.7193655448416407,25,30,20
47,3828,0.019111362291566073,0.15859056499280844,0.10292961092855796,0.7193684617870688,25,30,20
47,3829,0.0191112580120003,0.15859056499296703,0.10292966957236421,0.7193685074226699,25,30,20
47,3830,0.019120247823413504,0.15859056499299665,0.10292966202568138,0.7193595251579099,25,30,20
47,3831,0.01910832705475276,0.15859056499289392,0.10292965464933702,0.7193714533030174,25,30,20
47,3832,0.019107788945279928,0.15859056499277963,0.10292965001569121,0.7193719960462504,25,30,20
47,3833,0.019116612784846523,0.15859056499277724,0.1029296488618158,0.7193631733605617,25,30,20
47,3834,0.019180258079525357,0.15859056499607255,0.10293037915052473,0.7192987977738785,25,30,20
47,3835,0.01911078100414111,0.15859056499240323,0.10292956523674482,0.719369088766712,25,30,20
47,3836,0.018412223384280165,0.15859069166951612,0.10362799766715067,0.7193690872790545,25,30,20
47,3837,0.018412118316895158,0.15859069166954426,0.10362799976628663,0.7193691902472759,25,30,20
47,3838,0.01845407148082175,0.15859069166978418,0.10362801724514545,0.71932721960425,25,30,20
47,3839,0.018643180703151074,0.15859056498511778,0.10343903445994596,0.7193272198517867,25,30,20
47,3840,0.018642810997200623,0.15859056498514496,0.10343903080391018,0.7193275932137456,25,30,20
47,3841,0.01844345813378084,0.15859056938529542,0.10363837972034,0.7193275927605849,25,30,20
47,3842,0.018443874017118337,0.1585905693853507,0.10363838343710455,0.7193271731604277,25,30,20
47,3843,0.018453063996582413,0.15858137716628368,0.10363838566243894,0.7193271731746964,25,30,20
47,3844,0.018450224967444542,0.1585813771661508,0.10363837466138792,0.719330023205018,25,30,20
47,3845,0.001266730606222789,0.1585813771774209,0.12082186758411574,0.7193300246322419,25,30,20
47,3846,0.0012339008637919004,0.158581377177577,0.12082187376741453,0.7193628481912182,25,30,20
47,3847,0.001628257154407347,0.15914360475630732,0.11996328058612991,0.7192648575031586,25,30,20
47,3848,0.0012342179984932886,0.15858138347590578,0.12091954151945684,0.7192648570061473,25,30,20
47,3849,0.001398153562479241,0.15858138348517678,0.12092482153149006,0.7190956414208575,25,30,20
47,3850,0.001389325835093712,0.15859020647250144,0.12092482626466518,0.719095641427743,25,30,20
47,3851,0.0013895333813556511,0.15859020647253005,0.12092482693920178,0.7190954332069159,25,30,20
47,3852,0.0016662257889056324,0.1585902550619667,0.12064808804925964,0.7190954310998717,25,30,20
47,3853,0.0016604457547783839,0.15859025506170105,0.12064812539715676,0.719101173786367,25,30,20
47,3854,0.0016692660028834877,0.15859025506141175,0.12064810783218942,0.7190923711035182,25,30,20
47,3855,0.001678690652308961,0.15859025506138982,0.12064819529584109,0.7190828589904629,25,30,20
47,3856,0.0016725462069167945,0.1585902550614411,0.120648196251797,0.7190890024798479,25,30,20
47,3857,0.001681324078574585,0.15859025506141397,0.12065289062791454,0.7190755302320996,25,30,20
47,3858,0.0016882220978132814,0.15859025506313112,0.12065302099775373,0.7190685018413044,25,30,20
47,3859,0.0017207512184300414,0.15859025506326374,0.12065311746455232,0.7190358762537565,25,30,20
47,3860,0.001520912076894174,0.15859025505367402,0.12064781111063792,0.7192410217587962,25,30,20
47,3861,0.0015297368890481741,0.15858089033686792,0.12064835102269716,0.7192410217513892,25,30,20
47,3862,0.0015418836715307266,0.15855842984104906,0.12065866472162046,0.7192410217658022,25,30,20
47,3863,0.0015625822100473457,0.1585584298411512,0.12065646886661802,0.7192225190821859,25,30,20
47,3864,0.0015415030741417115,0.15859037034301152,0.1206456075149396,0.7192225190679096,25,30,20
47,3865,0.001543424733191275,0.15810929823226508,0.121124757987878,0.7192225190466679,25,30,20
47,3866,0.0015348160338384017,0.1581092982322957,0.1211247620761051,0.7192311236577631,25,30,20
47,3867,0.0015257213184847248,0.15810929823229705,0.12112476177398766,0.7192402186752329,25,30,20
47,3868,0.0015599615822857193,0.15976947314874107,0.11943034544652628,0.7192402198224488,25,30,20
47,3869,0.0015594776292951718,0.1597697301573513,0.1194305728343608,0.7192402193789954,25,30,20
47,3870,0.0015684099978376562,0.15976079426494838,0.11943057635121694,0.7192402193859997,25,30,20
47,3871,0.0015568633598746465,0.15977274361797386,0.11943017366489837,0.7192402193572555,25,30,20
47,3872,0.0015478818085101266,0.15977274361794902,0.11943017294482622,0.7192492016287169,25,30,20
47,3873,0.0015388421147466455,0.15977274361781485,0.11943016766580015,0.7192582466016404,25,30,20
47,3874,0.0015388525187578447,0.1597730926456591,0.11942980822348043,0.7192582466121051,25,30,20
47,3875,0.0015388408939502585,0.15977309264565617,0.11943142763493367,0.7192566388254623,25,30,20
47,3876,0.0015963480203450746,0.15977309264582915,0.11943144276332945,0.7191991165704988,25,30,20
47,3877,0.001586994763238293,0.15977309264574757,0.11943371753541156,0.7192061950556043,25,30,20
47,3878,0.001549548562587113,0.15981035801996618,0.11943389952622425,0.7192061938912242,25,30,20
47,3879,0.0015704140356802663,0.15981035802006707,0.11943390676788378,0.7191853211763705,25,30,20
47,3880,0.0015891802141676842,0.15981035802050353,0.11943174461022985,0.7191687171551004,25,30,20
47,3881,0.0015920720604431385,0.1598103580206068,0.11943175199554906,0.7191658179234025,25,30,20
47,3882,0.0015802468349634074,0.1598103580205843,0.11943174889430691,0.7191776462501468,25,30,20
47,3883,0.0015712320044317634,0.15981035238950278,0.11944076884039291,0.7191776467656744,25,30,20
47,3884,0.0015623986093336328,0.1598103523895,0.11944073688344002,0.7191865121177277,25,30,20
47,3885,0.0015562578984124457,0.1598103523895762,0.11944074233557748,0.7191926473764352,25,30,20
47,3886,0.0015652449958101081,0.1598103523895231,0.1194391223995261,0.719185280215142,25,30,20
47,3887,0.001574281108617612,0.15981035238955016,0.11943912581707208,0.7191762406847615,25,30,20
47,3888,0.0015743839100591267,0.15981035238951996,0.1194407420235723,0.71917452167685,25,30,20
47,3889,0.0015805828452760845,0.1598103523893622,0.11944073265806515,0.7191683321072979,25,30,20
47,3890,0.0015803634373902059,0.15981038326553054,0.11944092118985021,0.7191683321072303,25,30,20
47,3891,0.001570950401276145,0.15981038326517474,0.11944083608308548,0.7191778302504648,25,30,20
47,3892,0.0015799914834331687,0.1598103832652568,0.11944083914317329,0.7191687861081377,25,30,20
47,3893,0.0015799924207209987,0.15981038326528307,0.11944084105641166,0.7191687832575847,25,30,20
47,3894,0.0015797322589478498,0.159810383265338,0.11944081818205589,0.7191690662936587,25,30,20
47,3895,0.0015617673739302198,0.1598103832653376,0.11944081802862726,0.7191870313321058,25,30,20
47,3896,0.0015678161438754253,0.1598103832652329,0.11944081077528983,0.7191809898156031,25,30,20
47,3897,0.0011059693597005465,0.15981033478900106,0.11990251288728755,0.7191811829640112,25,30,20
47,3898,0.040433096355533625,0.15981034208624817,0.0805014783956387,0.7192550831625799,25,30,20
47,3899,0.0404244306378401,0.1598103420862221,0.08050158865695858,0.7192636386189797,25,30,20
47,3900,0.040436362400154656,0.15981034208627418,0.08050159543732124,0.7192517000762503,25,30,20
47,3901,0.04115688615831207,0.15981034209559822,0.08050230082388456,0.7185304709222055,25,30,20
47,3902,0.04114784337753442,0.15978811867323497,0.08053356702662878,0.7185304709226022,25,30,20
47,3903,0.041147888707400264,0.15978811867328838,0.0805319502917939,0.7185320423275177,25,30,20
47,3904,0.041157201166253404,0.15978811867318277,0.08053653398055102,0.7185181461800131,25,30,20
47,3905,0.041203293412932634,0.15978785726579742,0.08049070311939344,0.7185181462018773,25,30,20
47,3906,0.041203086994554675,0.15978805911199265,0.08049070769921803,0.7185181461942354,25,30,20
47,3907,0.041194680304470675,0.1597964692936005,0.08049070418561272,0.7185181462163166,25,30,20
47,3908,0.04118564014793871,0.15979646929351884,0.08049070119142664,0.7185271893671162,25,30,20
47,3909,0.04047378981134071,0.15979646928422528,0.08514389476935152,0.7145858461350827,25,30,20
47,3910,0.040464805398128155,0.15979646928422628,0.08514389335749609,0.7145948319601494,25,30,20
47,3911,0.04068240379919223,0.1597964692938073,0.08514934867099802,0.714371778236002,25,30,20
47,3912,0.04067636631914959,0.15980250112025662,0.08514935431743022,0.7143717782431631,25,30,20
47,3913,0.04066983325288021,0.1598025011204413,0.08514928214630813,0.7143783834803702,25,30,20
47,3914,0.0406490786467085,0.15980250112039035,0.08514931537393952,0.7143991048589615,25,30,20
47,3915,0.04064565710213258,0.15980250112060054,0.08514933197809593,0.7144025097991709,25,30,20
47,3916,0.04064875752594944,0.15980250112044286,0.08514931260588623,0.7143994287477213,25,30,20
47,3917,0.0406158615343041,0.15980250112022992,0.08514921176296418,0.7144324255825016,25,30,20
47,3918,0.04061601371323884,0.15980250112017247,0.08049533924915896,0.7190861459174297,25,30,20
47,3919,0.04062502604591466,0.15980216406503936,0.08048666449748192,0.7190861453915646,25,30,20
47,3920,0.0406250259595326,0.15980216406503836,0.08048666604211073,0.7190861439333187,25,30,20
47,3921,0.040636884417208155,0.15980216406511338,0.0804866723513291,0.7190742791663501,25,30,20
47,3922,0.04063993230401563,0.15980216406527473,0.08048668261415695,0.7190712210165533,25,30,20
47,3923,0.0406522575558203,0.15980250653478456,0.08047401483917743,0.7190712210702184,25,30,20
47,3924,0.040652155694907474,0.15983405544014528,0.0804425677952489,0.7190712210696988,25,30,20
47,3925,0.04065252737522679,0.1598340554401194,0.08043787217792435,0.7190755450067293,25,30,20
47,3926,0.04043235436949876,0.15983405543051632,0.08043241085017179,0.7193011793498134,25,30,20
47,3927,0.048496626236015306,0.15983398413155578,0.07236817094277004,0.7193012186896587,25,30,20
47,3928,0.04849378518338012,0.15983398413142721,0.0723682898322873,0.7193039408529052,25,30,20
47,3929,0.0486903839242283,0.15983398414707684,0.07236923895159773,0.7191063929770971,25,30,20
47,3930,0.04865402645180652,0.1598342498492228,0.0724053307435947,0.7191063929553753,25,30,20
47,3931,0.04933402989748817,0.15983424986154962,0.07240595213887216,0.7184257681020894,25,30,20
47,3932,0.04933414770385013,0.15983424986168698,0.0724059257585293,0.7184256766759326,25,30,20
47,3933,0.04932832148821029,0.1598342498614487,0.07240590497044129,0.7184315236798986,25,30,20
47,3934,0.04927954047760036,0.15983424986124706,0.07240583028210322,0.7184803793790482,25,30,20
47,3935,0.04927387980015514,0.1598399253819279,0.07240581546705281,0.7184803793508631,25,30,20
47,3936,0.049273672235054106,0.1598399253818725,0.07240581142684085,0.7184805909562317,25,30,20
47,3937,0.04130478885465846,0.17774872654948384,0.06246593293899525,0.7184805516568608,25,30,20
47,3938,0.041313548501011654,0.17776180788354698,0.06244409194468393,0.7184805516707558,25,30,20
47,3939,0.04130455954304653,0.17776180788357243,0.062444091669085176,0.7184895409042938,25,30,20
47,3940,0.041295722534178944,0.17776180788357018,0.06244409183625831,0.7184983777459907,25,30,20
47,3941,0.0412984549397276,0.17776180788362128,0.062444096299376604,0.7184956408772725,25,30,20
47,3942,0.044503405384221935,0.16086414337256622,0.0761368081513436,0.7184956430918662,25,30,20
47,3943,0.04385963420385396,0.16086414336083193,0.07613685731462666,0.7191393651206854,25,30,20
47,3944,0.044554777056586684,0.15895341055392292,0.07735244724712381,0.7191393651423652,25,30,20
47,3945,0.04455140349187699,0.1589534105539964,0.07735246334312224,0.7191427226110031,25,30,20
47,3946,0.044557061349213695,0.15895341056483242,0.07735253502805253,0.7191369930579,25,30,20
47,3947,0.044566042914251904,0.15895341056485723,0.07735253529401773,0.719128011226872,25,30,20
47,3948,0.04456882122447259,0.15895341056493412,0.07735254377506164,0.7191252244355304,25,30,20
47,3949,0.04454489275865378,0.15895341056755177,0.07735196223649049,0.7191497344373028,25,30,20
47,3950,0.04455382604225669,0.15895341056757567,0.07735196295604146,0.719140800434125,25,30,20
47,3951,0.04454499932216488,0.1589534105675767,0.07735196107089466,0.7191496290393625,25,30,20
47,3952,0.04454516506017077,0.15895336361921253,0.07735182385044316,0.7191496474701726,25,30,20
47,3953,0.04455435961885705,0.15895336361918805,0.07735182512938317,0.7191404516325707,25,30,20
47,3954,0.04455399655373454,0.15895336361921297,0.07735182249550634,0.7191408173315452,25,30,20
47,3955,0.044553578532769,0.15895377100960348,0.07735183314751644,0.7191408173101103,25,30,20
47,3956,0.04455683438809495,0.1589537710093922,0.07735181498166731,0.7191375796208446,25,30,20
47,3957,0.04456292961076785,0.15895377100934055,0.07735181042603227,0.7191314889538586,25,30,20
47,3958,0.044565891948564786,0.15895377099847674,0.0773538966349302,0.7191264404180273,25,30,20
47,3959,0.04456947538169735,0.15895377099864388,0.0773539108353622,0.7191228427842957,25,30,20
47,3960,0.04456074534247394,0.15895377099875277,0.07735392021472176,0.7191315634440505,25,30,20
47,3961,0.04455186806400542,0.15895377099872518,0.07735391757067037,0.7191404433665981,25,30,20
47,3962,0.044551916045189294,0.15895377099875233,0.07735403743505517,0.7191402755210021,25,30,20
47,3963,0.044551598646356896,0.15895377099883157,0.07735403857222443,0.7191405917825863,25,30,20
47,3964,0.04454330544769681,0.15895377099891872,0.07735404278830876,0.7191488807650748,25,30,20
47,3965,0.044537259498362,0.15895377099902339,0.0773518504884082,0.7191571190142055,25,30,20
47,3966,0.044546094380999934,0.1589449399084717,0.07735184669708602,0.7191571190134415,25,30,20
47,3967,0.04455513416140544,0.15894493990849887,0.07735185072956643,0.7191480752005285,25,30,20
47,3968,0.04454635525662323,0.15894493990852746,0.07735196658287279,0.7191567382519756,25,30,20
47,3969,0.04453062495545816,0.1589449399068075,0.07735183506147365,0.7191726000762599,25,30,20
47,3970,0.04453330884759633,0.1589449399068033,0.07735183463237183,0.7191699166132279,25,30,20
47,3971,0.04433666119408265,0.158944939891126,0.07735092340404755,0.7193674755107431,25,30,20
47,3972,0.03720015722617502,0.15894516083678825,0.08456112396218778,0.7192935579748485,25,30,20
47,3973,0.037206353100742655,0.15893897770851248,0.08456111122982041,0.7192935579609236,25,30,20
47,3974,0.03720645545141396,0.15893897770856827,0.0845610754308034,0.7192934914092136,25,30,20
47,3975,0.03720586856518961,0.15893897770842857,0.08456106738350161,0.7192940863428793,25,30,20
47,3976,0.037205826943180954,0.1589389777083756,0.08456106606388192,0.7192941292845607,25,30,20
47,3977,0.03720583154082793,0.15893897770840237,0.08456106801995471,0.7192941227308141,25,30,20
47,3978,0.03719685364648481,0.15893897771001012,0.08456107404393247,0.7193030945995715,25,30,20
47,3979,0.037899930863801064,0.15893897771946447,0.08456181114575792,0.7185992802709755,25,30,20
47,3980,0.03790896758225357,0.15892994941324687,0.0845618027331497,0.7185992802713486,25,30,20
47,3981,0.037933455046979016,0.13018555251140232,0.11328171215571586,0.7185992802859015,25,30,20
47,3982,0.037923506756276,0.130185469781503,0.11329176160472793,0.7185992618574918,25,30,20
47,3983,0.037899695370355924,0.13018546977827022,0.1132916682153937,0.7186231666359791,25,30,20
47,3984,0.03791146084003877,0.13018546977840206,0.11329167666712645,0.7186113927144318,25,30,20
47,3985,0.03787825902527527,0.15892739472711712,0.08458295309650175,0.7186113931511052,25,30,20
47,3986,0.03787588800218001,0.15892739472706782,0.0845829881205965,0.718613729150155,25,30,20
47,3987,0.037863958579118145,0.15892739472696266,0.084582981083072,0.7186256656108465,25,30,20
47,3988,0.03787236451547245,0.15892739472687994,0.08458293757906887,0.7186173031785779,25,30,20
47,3989,0.037881135930696114,0.15892739472524453,0.08458292949725993,0.7186085398467987,25,30,20
47,3990,0.03788114648349281,0.15892739472524547,0.08458301169532341,0.7186084470959376,25,30,20
47,3991,0.04002356449807255,0.15892720378860578,0.08244089974138973,0.7186083319719309,25,30,20
47,3992,0.04001462806442273,0.1589272037885814,0.082440899086517,0.718617269060478,25,30,20
47,3993,0.040013822826959394,0.15892720378860248,0.08243619635641716,0.71862277702802,25,30,20
47,3994,0.04001392885540482,0.15892720378865932,0.0824362005418106,0.7186226668141242,25,30,20
47,3995,0.040011780676115556,0.15892720378855685,0.08243619973118109,0.7186248158041457,25,30,20
47,3996,0.04002049418779095,0.1589294861362406,0.08242520432317756,0.71862481535279,25,30,20
47,3997,0.040029692437174705,0.1589294861362162,0.08242520423242329,0.7186156171941853,25,30,20
47,3998,0.04004162047624055,0.15892948613640248,0.0824252445075634,0.718603648879793,25,30,20
47,3999,0.04004162314397476,0.15892948613642782,0.08242513054518648,0.7186037601744103,25,30,20
47,4000,0.040053556617387416,0.15892948613987432,0.08242539134309537,0.718591565899642,25,30,20
47,4001,0.040062538439398755,0.1589294861398489,0.08242550531847158,0.7185824701022798,25,30,20
47,4002,0.04074701671277564,0.15783015783234697,0.08284035410074528,0.7185824713541313,25,30,20
47,4003,0.04073851893901157,0.15783015783406212,0.08284036128587431,0.7185909619410512,25,30,20
47,4004,0.04072964414789231,0.15783015783404009,0.08284048457253493,0.718599713445532,25,30,20
47,4005,0.04093212538455143,0.15783015784362342,0.08284109372622357,0.7183966230456008,25,30,20
47,4006,0.04093196848647087,0.15783015784362203,0.08284257142863177,0.7183953022412746,25,30,20
47,4007,0.04653602441525185,0.15783012041028838,0.07723861274761368,0.7183952424268462,25,30,20
47,4008,0.04654501436993883,0.15783012041031466,0.0772386146577272,0.7183862505620192,25,30,20
47,4009,0.0433208224137588,0.156818700278778,0.08127661206114775,0.7185838652463152,25,30,20
47,4010,0.04311833336097755,0.15681870026919367,0.08127592020934425,0.7187870461604843,25,30,20
47,4011,0.04313004565679268,0.15681870026934977,0.08127593281786671,0.7187753212559908,25,30,20
47,4012,0.04382980933414987,0.15681870027725528,0.08128095199401832,0.7180705383945764,25,30,20
47,4013,0.0438209881362251,0.15681870027730838,0.08128406160130922,0.7180762499851572,25,30,20
47,4014,0.04382023102327527,0.15681870027559555,0.0812840559904673,0.7180770127106618,25,30,20
47,4015,0.04382943600876682,0.15681870027556977,0.08128405958086567,0.7180678041347978,25,30,20
47,4016,0.04382323212721144,0.1568243430840577,0.08128462064002298,0.7180678041487082,25,30,20
47,4017,0.04391409989582397,0.15682434274871507,0.08139136994256498,0.7178701874128964,25,30,20
47,4018,0.0041273482859807325,0.1568243427422973,0.12117793840010221,0.7178703705716203,25,30,20
47,4019,0.0034322589919290702,0.15873501212752986,0.11996235834463086,0.7178703705359106,25,30,20
47,4020,0.008592587576218171,0.15873501212880378,0.11480221311155793,0.7178701871834207,25,30,20
47,4021,0.04828300171192635,0.15873501262943815,0.07511172950626793,0.7178702561523684,25,30,20
47,4022,0.0482648289487057,0.1587350126293318,0.07511172326043675,0.7178884351615266,25,30,20
47,4023,0.047573571724430976,0.15873501261992667,0.0861538367737076,0.707537578881935,25,30,20
47,4024,0.047585401866209416,0.15870135148395165,0.08617566775387335,0.7075375788959661,25,30,20
47,4025,0.04759167860136639,0.1587012154610054,0.08616952704330251,0.7075375788943272,25,30,20
47,4026,0.047571039264105455,0.14369516544194924,0.10119621639029033,0.7075375789036564,25,30,20
47,4027,0.047803839989005566,0.15747560791105406,0.08718297148973043,0.7075375806102114,25,30,20
47,4028,0.04781266756617348,0.1574756079110545,0.087182969479131,0.7075287550436425,25,30,20
47,4029,0.047809777050475205,0.1574790452697078,0.08718242265019814,0.70752875502962,25,30,20
47,4030,0.04784256028691913,0.15747904526991555,0.08718244049901912,0.7074959539441475,25,30,20
47,4031,0.04786433455151239,0.1574790452699739,0.08718245906405761,0.7074741611144575,25,30,20
47,4032,0.047163930697009464,0.15747904526206435,0.087177432307814,0.7081795917331138,25,30,20
47,4033,0.04715505408474262,0.15748756763458024,0.08717778654040757,0.7081795917402709,25,30,20
47,4034,0.04715221233386109,0.15748756763444416,0.08717777320469096,0.7081824468270049,25,30,20
47,4035,0.04879171999517274,0.15748756755732113,0.047713665113669215,0.7460070473338373,25,30,20
47,4036,0.04855879479505967,0.15875577184583572,0.046678387748534333,0.7460070456105705,25,30,20
47,4037,0.038000679450475514,0.1587557713574235,0.057236571850140215,0.7460069773419609,25,30,20
47,4038,0.03799147258546613,0.15875577135744837,0.05723668412466973,0.7460160719324158,25,30,20
47,4039,0.03799409616455387,0.15875577135717703,0.05723666092281444,0.7460134715554548,25,30,20
47,4040,0.03799388154856511,0.15875577135706992,0.05723195520931976,0.746018391885045,25,30,20
47,4041,0.03799088800087166,0.15875577135364705,0.05723331649493236,0.7460200241505487,25,30,20
47,4042,0.037331092797697786,0.1598299251597122,0.05681895911291688,0.7460200229296728,25,30,20
47,4043,0.03729836335481205,0.15982992515952651,0.056818938311232754,0.7460527731744281,25,30,20
47,4044,0.037307400585325196,0.15982992515955602,0.05681902263344108,0.7460436516216773,25,30,20
47,4045,0.03806065562342526,0.15982992516623978,0.045782554807039993,0.7563268644032947,25,30,20
47,4046,0.03806081487621864,0.159829925166267,0.04578255532603702,0.756326704631477,25,30,20
47,4047,0.038051882789132664,0.15982992516640038,0.04578256466142823,0.7563356273830384,25,30,20
47,4048,0.03764296961534435,0.1598299251660533,0.04577701496981315,0.7567500902487889,25,30,20
47,4049,0.03760966191798926,0.15986360075711764,0.04577664711371509,0.7567500902111778,25,30,20
47,4050,0.037609562397478785,0.1598636007570622,0.04577664103782098,0.7567501958076384,25,30,20
47,4051,0.037612622597623685,0.15986063247794274,0.04577654910912063,0.7567501958153133,25,30,20
47,4052,0.0376126753825929,0.1598606324779657,0.04577642318473314,0.7567502689547082,25,30,20
47,4053,0.03761256595953892,0.1598606324779431,0.045776424534447885,0.7567503770280699,25,30,20
47,4054,0.03831284985353758,0.1598606324874826,0.045777152998191094,0.7560493646607885,25,30,20
47,4055,0.038312850816763756,0.15986063248748164,0.04577703698690641,0.7560494797088478,25,30,20
47,4056,0.038321574198202674,0.1598606324873192,0.04577694264679005,0.7560408506676878,25,30,20
47,4057,0.03762133630949078,0.15986063247785942,0.04577621843736528,0.7567418127752842,25,30,20
47,4058,0.0632949603388699,0.15987861734309194,0.020084586633550207,0.7567418356844879,25,30,20
47,4059,0.06330415768315438,0.15986997374654233,0.020084032892695777,0.7567418356776077,25,30,20
47,4060,0.06293895543135714,0.15986997374007608,0.020083196950601324,0.7571078738779655,25,30,20
47,4061,0.06293039234799842,0.1598699737401108,0.02008818485751126,0.7571114490543798,25,30,20
47,4062,0.0629303867253674,0.15986997374011033,0.020090461492080013,0.7571091780424426,25,30,20
47,4063,0.06293946654548414,0.15986997374008716,0.020219846413005883,0.7569707133014231,25,30,20
47,4064,0.06294856230963848,0.15986997374019793,0.020219851502829154,0.7569616124473346,25,30,20
47,4065,0.06296933448984386,0.14491223067120343,0.035156811281144396,0.7569616235578086,25,30,20
47,4066,0.06296039713959616,0.14491223067114478,0.035156807470499984,0.7569705647187593,25,30,20
47,4067,0.06294904939034195,0.14491223067093537,0.03542283771905577,0.7567158822196671,25,30,20
47,4068,0.06294275790107835,0.14491223067106598,0.0352934620513082,0.7568515493765477,25,30,20
47,4069,0.033051234533403834,0.1448958071779847,0.06520086222394063,0.7568520960646721,25,30,20
47,4070,0.03307171943683264,0.14489580717813458,0.06519426562016886,0.756838207764865,25,30,20
47,4071,0.03307455495020874,0.14489580717826311,0.06519415277400417,0.7568354850975259,25,30,20
47,4072,0.033055816759986076,0.15940549631868461,0.05070321292588896,0.7568354739954418,25,30,20
47,4073,0.03305323969383936,0.15940549631866083,0.050703311950079204,0.7568379520374221,25,30,20
47,4074,0.033073941471906364,0.15940549631873815,0.05070331944171603,0.756817242767641,25,30,20
47,4075,0.033073944366316665,0.15940549631873732,0.05070331946572845,0.7568172398492189,25,30,20
47,4076,0.03308004760094871,0.1594054963186328,0.050703316050138884,0.7568111400302808,25,30,20
47,4077,0.03308948514548127,0.15895002317824672,0.051149351331622225,0.7568111403446509,25,30,20
47,4078,0.03361070703488754,0.13715880828115884,0.07241934339515836,0.7568111412887965,25,30,20
47,4079,0.03360707928046846,0.13715880828139393,0.0721532911711605,0.7570808212669786,25,30,20
47,4080,0.03358911409730939,0.137158808281394,0.07215329217939255,0.7570987854419055,25,30,20
47,4081,0.03196418498843578,0.1371588082794985,0.07165734109402842,0.7592196656380383,25,30,20
47,4082,0.03195515448171264,0.1371588082794469,0.07165733944439448,0.7592286977944467,25,30,20
47,4083,0.03194638734559759,0.13715880827942273,0.07165738052941743,0.7592374238455624,25,30,20
47,4084,0.03194638934269333,0.13715880827942226,0.07165746290911403,0.7592373394687704,25,30,20
47,4085,0.03195000960528944,0.13715880828261498,0.07165538708217435,0.7592357950299212,25,30,20
47,4086,0.03194102486561009,0.13716739924624297,0.071655780843932,0.7592357950442152,25,30,20
47,4087,0.03141829075473085,0.11945487087778767,0.08989102387813652,0.7592358144893465,25,30,20
47,4088,0.031427440347736556,0.11945487087773506,0.08989110850208461,0.7592265802724455,25,30,20
47,4089,0.03143022946024939,0.11945487087784157,0.08989111635071963,0.7592237833111913,25,30,20
47,4090,0.03143627370621017,0.11945487087779183,0.0898911362199476,0.7592177191960523,25,30,20
47,4091,0.03144530427658363,0.11945487087784386,0.08989113794560702,0.7592086868999673,25,30,20
47,4092,0.03144493174568877,0.11945487087787152,0.08989105290094747,0.759209144475494,25,30,20
47,4093,0.03144514682720357,0.11945487087790063,0.08989105717697417,0.7592089251179236,25,30,20
47,4094,0.03296538319811634,0.11945502593713395,0.08837068382352965,0.7592089070412221,25,30,20
47,4095,0.03297158684334239,0.11945502593700348,0.08837067309988315,0.7592027141197728,25,30,20
47,4096,0.03296254119961297,0.11945502593700576,0.08837067793696683,0.7592117549264163,25,30,20
47,4097,0.03296224602733573,0.11990136830671705,0.08792463103938536,0.759211754626564,25,30,20
47,4098,0.03297113124903301,0.119901368306741,0.08792462794177458,0.7592028725024536,25,30,20
47,4099,0.031453170587384394,0.11988756946299317,0.08945638976122822,0.7592028701883962,25,30,20
47,4100,0.03145851577141729,0.11988734551265319,0.08945126846983514,0.7592028702460963,25,30,20
47,4101,0.0314495297486336,0.1198873455128939,0.08945129033891173,0.7592118343995629,25,30,20
47,4102,0.031507537428489156,0.11988734551566528,0.08945632308925315,0.7591487939665946,25,30,20
47,4103,0.03150407846603269,0.11988734551244816,0.08945612145866547,0.7591524545628557,25,30,20
47,4104,0.0315037115950677,0.1198873455123424,0.08945601181366868,0.7591529310789232,25,30,20
47,4105,0.03348911913463945,0.11988734551867325,0.08945711720560116,0.7571664181410881,25,30,20
47,4106,0.0615519198114861,0.11988586802164748,0.06139551625665266,0.757166695910215,25,30,20
47,4107,0.06155212601064226,0.11988586802169722,0.0613955183671307,0.7571664876005311,25,30,20
47,4108,0.06156127325752069,0.11988586802174923,0.06139551920405597,0.7571573395166752,25,30,20
47,4109,0.06155869297050918,0.11988586802172811,0.061395547502554514,0.757159891505209,25,30,20
47,4110,0.061545704841245795,0.11988586802164254,0.0613954091790158,0.7571730179580972,25,30,20
47,4111,0.0615366092390985,0.11988586802164114,0.061395412164771256,0.7571821105744903,25,30,20
47,4112,0.061536605548984324,0.11988586802163972,0.061395412017551616,0.7571821144118256,25,30,20
47,4113,0.06153537240629242,0.11945128215203907,0.06183123102794335,0.7571821144137266,25,30,20
47,4114,0.06152643300363243,0.11945128215201374,0.061831235489961965,0.7571910493543926,25,30,20
47,4115,0.06154760313687845,0.11945128215520576,0.061831448481194734,0.7571696662267214,25,30,20
47,4116,0.0615595758756505,0.11945128215531359,0.06183148606503399,0.7571576559040025,25,30,20
47,4117,0.061568195157140855,0.1194428749850645,0.06183127396797192,0.7571576558898235,25,30,20
47,4118,0.061569591727815676,0.11944285146069657,0.061829900976101394,0.757157655835388,25,30,20
47,4119,0.061578581712415384,0.11944285146091022,0.06789360759451206,0.7510849592321636,25,30,20
47,4120,0.06157895253470056,0.11944285146088529,0.10315757887802446,0.7158206171263924,25,30,20
47,4121,0.06157590411272311,0.1194428514610946,0.10328707349127118,0.7156941709349137,25,30,20
47,4122,0.06157397063601897,0.11988009276165901,0.10285176567698005,0.7156941709253446,25,30,20
47,4123,0.06156502911622656,0.11988009276163551,0.10285184452081989,0.7157030336013208,25,30,20
47,4124,0.061556202236234876,0.11988009276163697,0.10285176220976287,0.7157119427923676,25,30,20
47,4125,0.061547451012963855,0.11865042620882654,0.10409017998353294,0.715711942794679,25,30,20
47,4126,0.0615487843505613,0.11865078132134908,0.108781560410847,0.7110188739172456,25,30,20
47,4127,0.06154321539461174,0.11865078132119193,0.10865206812403601,0.7111539351601632,25,30,20
47,4128,0.061537176052723686,0.11865078132124218,0.10865216507936688,0.7111598775466698,25,30,20
47,4129,0.0710531120953842,0.11865124279874868,0.0991356323012399,0.7111600128046299,25,30,20
47,4130,0.0712452466652626,0.11865125992307365,0.09894348050365216,0.7111600129080139,25,30,20
47,4131,0.0712452006160771,0.11865125992304931,0.09894347868625869,0.7111600607746172,25,30,20
47,4132,0.07123642386191995,0.1186512599230779,0.0989434807214905,0.7111688354935134,25,30,20
47,4133,0.0712364165415376,0.1186512599230812,0.09894367903726511,0.7111686444981176,25,30,20
47,4134,0.07122743133518766,0.11865125992308173,0.09894367910979136,0.7111776296319406,25,30,20
47,4135,0.07122743066043022,0.11865125992308036,0.09894367900213495,0.7111776304143556,25,30,20
47,4136,0.07122748018669679,0.11865125992310845,0.09894368112260171,0.7111775787675941,25,30,20
47,4137,0.08187259732103484,0.11865125991067052,0.08829856495823465,0.7111775778100607,25,30,20
47,4138,0.08186645369352881,0.11865683289338909,0.08829913560301347,0.7111775778100694,25,30,20
47,4139,0.08186651025893008,0.11865683289341014,0.08829905103919135,0.7111776058084689,25,30,20
47,4140,0.08183378621293924,0.11865683289319964,0.08829900599264845,0.7112103749012134,25,30,20
47,4141,0.07291601997563829,0.11867630709879157,0.09719743031381926,0.7112102426117518,25,30,20
47,4142,0.07293657689760268,0.11867630709884543,0.09719743823847034,0.7111896777650827,25,30,20
47,4143,0.07295712520406561,0.11867630709883831,0.09719740786047476,0.711169159836623,25,30,20
47,4144,0.07295139934270439,0.11867630709865534,0.09719739187102949,0.711174901687611,25,30,20
47,4145,0.07307582495405501,0.11865637179197057,0.09709287326092611,0.7111749299930485,25,30,20
47,4146,0.07307603331167808,0.1186563717920513,0.09709287914351694,0.7111747157527539,25,30,20
47,4147,0.07309673938015929,0.11865637179220936,0.09709289399775421,0.7111539948298774,25,30,20
47,4148,0.07310565075924094,0.11988605531390942,0.09585429909941158,0.7111539948274381,25,30,20
47,4149,0.07311442423619374,0.11988605531385481,0.0961203442599543,0.7108791761899974,25,30,20
47,4150,0.07298801224696487,0.11988568308515381,0.09624709865631781,0.7108792060115633,25,30,20
47,4151,0.07298802569879145,0.11988568308518309,0.09598104988301862,0.7111452413330072,25,30,20
47,4152,0.0729790395811146,0.11988568308515299,0.09598085094819409,0.7111544263855386,25,30,20
47,4153,0.07298839262646456,0.1198856830852608,0.09598085639368359,0.7111450678945913,25,30,20
47,4154,0.07296768281262649,0.1198856830851548,0.09598095382162666,0.7111656802805923,25,30,20
47,4155,0.04385195086389986,0.11988559920762523,0.12509761753952145,0.7111648323889534,25,30,20
47,4156,0.04386077671715207,0.11988559920762278,0.1250976173457175,0.711156006729508,25,30,20
47,4157,0.04313924792319195,0.11988559882925998,0.1257247527476019,0.7112504004999474,25,30,20
47,4158,0.043148650949178725,0.11988559882939595,0.12572465502272942,0.7112410951986969,25,30,20
47,4159,0.04315138744297809,0.11988559882947246,0.12572466267986485,0.7112383510476858,25,30,20
47,4160,0.04316284870420746,0.11988559882949676,0.1258540451328751,0.7110975073334219,25,30,20
47,4161,0.04316037448913472,0.11988559882950063,0.12572466590404488,0.711229360777321,25,30,20
47,4162,0.043148870565843704,0.1198855988294786,0.125724661566679,0.7112408690380003,25,30,20
47,4163,0.043149735388483386,0.1198855988293748,0.12572693976080374,0.7112377260213397,25,30,20
47,4164,0.04313946934811346,0.11988559882937123,0.12572465562775978,0.7112502761947571,25,30,20
47,4165,0.043260252642609354,0.11988559885698814,0.1256038721799422,0.7112502763204622,25,30,20
47,4166,0.04328308165469167,0.1198855988573368,0.12557994781609533,0.7112513716718779,25,30,20
47,4167,0.04328922526626302,0.1198800271201688,0.12557937595611152,0.7112513716574582,25,30,20
47,4168,0.04328938287136196,0.11988002712014353,0.1255793756255411,0.7112512143829549,25,30,20
47,4169,0.04361966780151283,0.1198800273933836,0.12534295642594306,0.7111573483791619,25,30,20
47,4170,0.04404202454322616,0.11988002797162378,0.12491923582988203,0.7111587116552696,25,30,20
47,4171,0.04397229777048819,0.11988002796845451,0.12491416890325395,0.7112335053578049,25,30,20
47,4172,0.04385865578798781,0.11988002771394983,0.12493043700650486,0.711330879491559,25,30,20
47,4173,0.04386117622957793,0.11988002771104844,0.12493024847456338,0.7113285475848119,25,30,20
47,4174,0.04386122515607209,0.11988002771107462,0.12493024825994686,0.7113284988729078,25,30,20
47,4175,0.04404066440750685,0.11988002771134745,0.12493061311294008,0.7111486947682072,25,30,20
47,4176,0.04403150572452523,0.11988002771131968,0.12493061220662507,0.7111578543575316,25,30,20
47,4177,0.0440342468877046,0.11988002771142396,0.12493062068921525,0.7111551047116578,25,30,20
47,4178,0.04403424598845624,0.11988002771142302,0.12493062205506301,0.7111551042450592,25,30,20
47,4179,0.044024836485243767,0.11988002771134088,0.12493061748412243,0.7111645183192944,25,30,20
47,4180,0.04403371937173548,0.11988002771144878,0.1249306254086843,0.711155627508133,25,30,20
47,4181,0.044027513152383776,0.11988623640886444,0.12493062291658948,0.7111556275221639,25,30,20
47,4182,0.044015539511963214,0.1198862364086506,0.12493060536996337,0.7111676187094244,25,30,20
47,4183,0.04401295596038778,0.11988623640857171,0.1249304821468842,0.7111703254841576,25,30,20
47,4184,0.044033514304369914,0.11988623640856887,0.12493048780622025,0.7111497614808421,25,30,20
47,4185,0.04543210509454489,0.11988623580836076,0.12344091088413622,0.7112407482129594,25,30,20
47,4186,0.0451820304890198,0.11988623578903584,0.12378828967427667,0.7111434440476675,25,30,20
47,4187,0.045190797557324185,0.11988623578906143,0.12378824811476466,0.7111347185388494,25,30,20
47,4188,0.04519957091597824,0.11988623578903225,0.12378824576039937,0.7111259475345897,25,30,20
47,4189,0.04520855695692649,0.11988623578905798,0.12378832717040793,0.7111168800836072,25,30,20
47,4190,0.04505023947650886,0.11988623578891701,0.12378800107560224,0.7112755236589717,25,30,20
47,4191,0.04505077848597217,0.11988623578912228,0.12369283277593236,0.711370152948973,25,30,20
47,4192,0.043291315590259484,0.11988623578285741,0.12523319665715996,0.7115892519697238,25,30,20
47,4193,0.04329746903376967,0.11985833488652764,0.12525494407960128,0.7115892520001023,25,30,20
47,4194,0.043981284893370436,0.11985833488682003,0.12525520865154216,0.7109051715682679,25,30,20
47,4195,0.043960210193496094,0.11985833488668812,0.12525516889008567,0.7109262860297307,25,30,20
47,4196,0.0439508004189245,0.11985833488657736,0.12525524177796077,0.7109356229165382,25,30,20
47,4197,0.04393892564925262,0.11985833488644547,0.1252552301995311,0.7109475092647719,25,30,20
47,4198,0.045936957540068095,0.11985833489737253,0.1252584574775009,0.7089462500850593,25,30,20
47,4199,0.045945992531175504,0.11985833489742596,0.1252584598478549,0.7089372127235444,25,30,20
47,4200,0.04595224312193384,0.1198583348974067,0.12538784189002283,0.7088015800906377,25,30,20
47,4201,0.04595213904306693,0.11985833489727112,0.12538783332859244,0.7088016927310699,25,30,20
47,4202,0.04595822650441719,0.11985833489716823,0.12538782590566064,0.7087956126927547,25,30,20
47,4203,0.04595218705912758,0.11985833489729875,0.12538783534296022,0.7088016427006143,25,30,20
47,4204,0.04594615405222473,0.11985833489745705,0.12538784689003094,0.7088076641602881,25,30,20
47,4205,0.04396073997731645,0.11985833489112573,0.12538674339011902,0.7107941817414397,25,30,20
47,4206,0.04395164923296147,0.11986687005317136,0.12538729897229506,0.7107941817415733,25,30,20
47,4207,0.043972402412858845,0.11986687005327633,0.1253873059576514,0.7107734215762145,25,30,20
47,4208,0.04397509240051156,0.11986471308590373,0.12538677290143707,0.7107734216121483,25,30,20
47,4209,0.043983710490735586,0.11986471308587594,0.12538677155791883,0.7107648048654706,25,30,20
47,4210,0.04398660566401752,0.11986471308600644,0.125386779384097,0.71076190186588,25,30,20
47,4211,0.04392006440425534,0.1198647130785942,0.12335511926087137,0.71286010325628,25,30,20
47,4212,0.04392006533010508,0.1198647130785947,0.1233551193239078,0.7128601022673934,25,30,20
47,4213,0.04390854986265676,0.11986471307863195,0.12335515743062674,0.7128715796280857,25,30,20
47,4214,0.043905654735413975,0.1198647130784493,0.12335522764542317,0.7128744045407146,25,30,20
47,4215,0.04390565384071115,0.11986471307844926,0.1233552255617999,0.7128744075190407,25,30,20
47,4216,0.04385420404432777,0.11986471421087282,0.12340662473588106,0.7128744570089194,25,30,20
47,4217,0.04385425297383959,0.11986471421084746,0.12340662591994653,0.7128744068953672,25,30,20
47,4218,0.04386303262437179,0.11986471421082114,0.12340654158077344,0.7128657115840348,25,30,20
47,4219,0.04386302883967157,0.11986471421081872,0.12340653875064139,0.7128657181988691,25,30,20
47,4220,0.043959053608578824,0.11986471421433827,0.1226893637736373,0.7134868684034475,25,30,20
47,4221,0.043950065480868945,0.11986471421436315,0.12268936412222727,0.7134958561825424,25,30,20
47,4222,0.04528248381678617,0.11986471421451318,0.11662608841482719,0.7182267135538747,25,30,20
47,4223,0.04528252691233155,0.1198644935482317,0.11662626600747647,0.7182267135319617,25,30,20
47,4224,0.04597446449232246,0.1198644935561426,0.11662692682878667,0.7175341151227497,25,30,20
47,4225,0.04597440533146393,0.1198862931163088,0.11660518647388905,0.7175341150783398,25,30,20
47,4226,0.04599601004191662,0.11988629311647586,0.1166051974903901,0.7175124993512187,25,30,20
47,4227,0.046004895172370525,0.11987795437074426,0.11660465109890826,0.7175124993579781,25,30,20
47,4228,0.045989654175406104,0.11987795437047355,0.11660463110611871,0.7175277603480029,25,30,20
47,4229,0.04596906709534777,0.11987795437048025,0.1166046303094594,0.7175483482247141,25,30,20
47,4230,0.0470367027985259,0.11987796067480447,0.11763350269739363,0.7154518338292775,25,30,20
47,4231,0.04702776754181524,0.11987796067478003,0.1176335039095134,0.7154607678738927,25,30,20
47,4232,0.04702771662923008,0.11987796067475145,0.11763350186978087,0.7154608208262394,25,30,20
47,4233,0.04702476346568025,0.11987796067456637,0.11763348846259371,0.7154637873971613,25,30,20
47,4234,0.04702476343477699,0.11987796067456546,0.11763348835331694,0.7154637875373421,25,30,20
47,4235,0.047025300618230625,0.11987796067451673,0.11763349421259267,0.715463244494661,25,30,20
47,4236,0.047034127413068616,0.11987796067451621,0.11763349557053088,0.7154544163418854,25,30,20
47,4237,0.04693767809573496,0.11987796067098316,0.11835152709670783,0.7148328341365757,25,30,20
47,4238,0.04693768087123255,0.11987796067098314,0.11835152713163119,0.7148328313261545,25,30,20
47,4239,0.04693751873091296,0.11987796067111402,0.11835156230453794,0.7148329582934366,25,30,20
47,4240,0.047107515981979355,0.11987796067135659,0.11835180000582227,0.7146627233408432,25,30,20
47,4241,0.0471190203708009,0.11987796067132014,0.11835175900642206,0.7146512599514581,25,30,20
47,4242,0.04712811245687095,0.11987796067140324,0.118351765758879,0.7146421611128482,25,30,20
47,4243,0.047137099234564904,0.11987796067145437,0.11835176790024875,0.7146331721937331,25,30,20
47,4244,0.04579580533383292,0.11987796067111811,0.11835133398319346,0.7159749000118565,25,30,20
47,4245,0.04578082256930883,0.11987796067122458,0.11835134306901426,0.7159898736904532,25,30,20
47,4246,0.045777722614654265,0.11988106017049023,0.11835134349584336,0.715989873719013,25,30,20
47,4247,0.045761818097702196,0.11988106017761452,0.11867821725173078,0.7156789044729557,25,30,20
47,4248,0.045762342013876134,0.11988106017753754,0.11867821472888256,0.715678383079706,25,30,20
47,4249,0.04506173280177918,0.11988106016961116,0.11867756509045993,0.7163796419381516,25,30,20
47,4250,0.045061794723954475,0.11988106016965543,0.11867755658020103,0.7163795885261909,25,30,20
47,4251,0.04506179402606894,0.11984947894462955,0.11870913850311568,0.7163795885261877,25,30,20
47,4252,0.045052967216503495,0.11984947894463009,0.11870913857695134,0.7163884152619169,25,30,20
47,4253,0.04558767384039801,0.11842760802411174,0.11959356642809327,0.7163911517073974,25,30,20
47,4254,0.045578690348701836,0.1184276080240804,0.11946421722594872,0.716529484401269,25,30,20
47,4255,0.04557018689541776,0.11842760802425284,0.1194643442914066,0.7165378607889227,25,30,20
47,4256,0.04556135670507801,0.11842760802425387,0.11946434583292125,0.7165466894377467,25,30,20
47,4257,0.04556135858681417,0.11842760802422894,0.11946434605112864,0.7165466873378272,25,30,20
47,4258,0.045758069940411324,0.11826160551843083,0.11943363634927698,0.71654668819188,25,30,20
47,4259,0.034475025246565545,0.11826160441289636,0.13071672736363432,0.7165466429769027,25,30,20
47,4260,0.03447487248479626,0.11826160441287188,0.13071672562793257,0.7165467974743983,25,30,20
47,4261,0.03447781030273181,0.11826160441297423,0.1307168518622912,0.7165437334220018,25,30,20
47,4262,0.03446887476720801,0.11826160441291746,0.13071684775780415,0.7165526730620694,25,30,20
47,4263,0.03447427830709971,0.11826160441292989,0.13071673548852758,0.7165473817914417,25,30,20
47,4264,0.034280667716696946,0.1184561047869625,0.13071584658713342,0.7165473809092062,25,30,20
47,4265,0.03440908220238567,0.09249340329432125,0.15652959630407426,0.716567918199218,25,30,20
47,4266,0.034409080160683565,0.09249340329429864,0.15652959924697585,0.716567917298041,25,30,20
47,4267,0.034406243206653996,0.0924960472559953,0.15652979224619176,0.7165679172911575,25,30,20
47,4268,0.0343943178868206,0.09249604725589215,0.15652978130869666,0.716579853548589,25,30,20
47,4269,0.04434111906665434,0.0924960474226519,0.14667799984778035,0.7164848336629125,25,30,20
47,4270,0.042334259545261446,0.09249604741172494,0.14667469081911963,0.7184950022238933,25,30,20
47,4271,0.042343196066497196,0.09249604741164504,0.14667464791684817,0.7184861086050087,25,30,20
47,4272,0.042342986687732356,0.09249604741153807,0.14667461156506784,0.7184863543356604,25,30,20
47,4273,0.04234962160827767,0.09249604741143863,0.14667448852772694,0.7184798424525555,25,30,20
47,4274,0.059809655206374907,0.09249607294129478,0.12921489951965193,0.7184793723326776,25,30,20
47,4275,0.058781257756304627,0.09253028412937465,0.13021079013446177,0.718477667979857,25,30,20
47,4276,0.05878132224079621,0.09253028412939822,0.13021070703265555,0.7184776865971477,25,30,20
47,4277,0.05878437053172341,0.09253028412921244,0.1302108049665453,0.7184745403725163,25,30,20
47,4278,0.06071407559707275,0.09249609687070848,0.12831529545758788,0.7184745320746283,25,30,20
47,4279,0.06071396113360365,0.09249609687062488,0.1283152900101804,0.7184746519855892,25,30,20
47,4280,0.06071337813822272,0.09249609687064683,0.1283152871578435,0.7184752378332853,25,30,20
47,4281,0.060722208562961455,0.09248764664052762,0.12831490697075368,0.7184752378257557,25,30,20
47,4282,0.060713378199382675,0.09204616778075919,0.12876521618698958,0.7184752378328672,25,30,20
47,4283,0.0695924754527042,0.09204613771232222,0.1198861264467536,0.7184752603882183,25,30,20
47,4284,0.04427747061608947,0.09204613902125597,0.14520054804989527,0.7184758423127586,25,30,20
47,4285,0.044277630302787425,0.09204613902128324,0.14520054935444118,0.7184756813214874,25,30,20
47,4286,0.04428642580478498,0.09204613902120304,0.1452005452530559,0.7184668899209554,25,30,20
47,4287,0.04429525323880155,0.09248763384161261,0.14475022299847695,0.718466889921108,25,30,20
47,4288,0.0442864754750514,0.09248763384166708,0.1447502268662975,0.7184756638169831,25,30,20
47,4289,0.04429513864251607,0.0924876338416683,0.14475022636788687,0.7184670011479275,25,30,20
47,4290,0.04429514352010784,0.09248763384166875,0.1447533598178737,0.7184638628203481,25,30,20
47,4291,0.044286316652871485,0.09248763384166926,0.14475324419265737,0.7184728053128001,25,30,20
47,4292,0.04428027508186114,0.09248763384179981,0.14475012158753534,0.7184819694888018,25,30,20
47,4293,0.044286364505930174,0.0924876338416955,0.1447502305958516,0.7184757710565209,25,30,20
47,4294,0.044295196040630556,0.09248763384171661,0.1447503418948836,0.7184668282227679,25,30,20
47,4295,0.044285998830376885,0.09248763384176927,0.14475034122537647,0.7184760261024761,25,30,20
47,4296,0.04360234044862772,0.09248763384144969,0.14475007671246817,0.7191599489974532,25,30,20
47,4297,0.043432403931941525,0.09248763384139534,0.1447499351653385,0.7193300270613234,25,30,20
47,4298,0.04342356892355423,0.0924876338412893,0.14474984552941728,0.719338951705738,25,30,20
47,4299,0.043596914554521485,0.09248763384156022,0.14475011662552825,0.7191653349783893,25,30,20
47,4300,0.04359696596271118,0.09248763384158978,0.14475002926756578,0.7191653709281323,25,30,20
47,4301,0.043612797054686084,0.09248763384135668,0.14475002196272202,0.7191495471412342,25,30,20
47,4302,0.04360368635064183,0.09248763384135661,0.14475003601364572,0.7191586437943548,25,30,20
47,4303,0.04359485862780955,0.09248763384135379,0.14475003788047766,0.7191674696503579,25,30,20
47,4304,0.0435949620325514,0.09248763384146265,0.1447500457345384,0.719167358391447,25,30,20
47,4305,0.04306043822789198,0.09348587221549468,0.14428906761592983,0.719164621940683,25,30,20
47,4306,0.04305426539681363,0.09347964126427546,0.14430147137077046,0.7191646219681399,25,30,20
47,4307,0.0430569973879029,0.09347964126429847,0.14430147389170284,0.7191618874560953,25,30,20
47,4308,0.04306298461671555,0.09390912199716166,0.14386600595933507,0.7191618874267873,25,30,20
47,4309,0.040667301486621774,0.0939091213843199,0.14625957083917346,0.7191640062898843,25,30,20
47,4310,0.040679186281646726,0.09390912138436827,0.1462595787887413,0.7191521135452433,25,30,20
47,4311,0.024178035136459358,0.09390910020946346,0.1627606865595221,0.7191521780945542,25,30,20
47,4312,0.013639932860159297,0.09390910004357257,0.17329229839129406,0.7191586687049746,25,30,20
47,4313,0.013631095970569652,0.09390910004357264,0.17329229893437845,0.7191675050514793,25,30,20
47,4314,0.013639917882181534,0.09390910004357156,0.17329229608075974,0.7191586859934875,25,30,20
47,4315,0.013639708239130188,0.093909100043542,0.17329229398509644,0.7191588977322315,25,30,20
47,4316,0.01363072110578182,0.09390910004362109,0.1732922918007204,0.7191678870498763,25,30,20
47,4317,0.013630558020823535,0.0939091000436468,0.1732922902220922,0.7191680517134371,25,30,20
47,4318,0.012448955732603253,0.09390909579090348,0.174473971251344,0.7191679772251491,25,30,20
47,4319,0.002556065980496757,0.09390912504650449,0.18436773341679188,0.7191670755562078,25,30,20
47,4320,0.002553790152561075,0.09391130368656256,0.1843678297019406,0.7191670764589364,25,30,20
47,4321,0.021997495681962007,0.09391130302293661,0.1649259855157946,0.7191652157793061,25,30,20
47,4322,0.0220065364598407,0.09391130302296567,0.16492598615986867,0.7191561743573245,25,30,20
47,4323,0.0218781330873127,0.10477217066204543,0.15421405918369924,0.7191356370669431,25,30,20
47,4324,0.02189888541817177,0.10477217066215044,0.15421414841542735,0.7191147955042512,25,30,20
47,4325,0.021932145246857965,0.10477217066233985,0.15421423257124936,0.7190814515195533,25,30,20
47,4326,0.021929094160446288,0.10477217066255054,0.15421425073717404,0.7190844844398295,25,30,20
47,4327,0.02190822229077181,0.10477217066244726,0.1542142434527008,0.7191053635940803,25,30,20
47,4328,0.021928766894492586,0.10477217066249693,0.1542142485137468,0.7190848139292639,25,30,20
47,4329,0.021920157687589134,0.10477217066255669,0.15421425789396212,0.719093413755892,25,30,20
47,4330,0.021940915361695634,0.10477217066271471,0.15421427068731622,0.7190726432882737,25,30,20
47,4331,0.021932234560045703,0.11988267424290033,0.13911244790878088,0.7190726432882734,25,30,20
47,4332,0.021920310315549186,0.11988267424274221,0.13911246351309314,0.7190845519286158,25,30,20
47,4333,0.022125654622941894,0.11988267424923331,0.13911302921196514,0.7188786419158599,25,30,20
47,4334,0.022277310220422914,0.11988264483330673,0.13896136008531332,0.7188786848609577,25,30,20
47,4335,0.022265114028215866,0.11988264483330614,0.1389613536215588,0.7188908875169199,25,30,20
47,4336,0.03336344360277845,0.1198829515372885,0.12786281923427897,0.7188907856256536,25,30,20
47,4337,0.03336344648536326,0.11988295153728938,0.12786281874280042,0.7188907832345471,25,30,20
47,4338,0.033366230438174285,0.11988295153736774,0.12786282871826748,0.7188879893061909,25,30,20
47,4339,0.03335686897140529,0.1198829515374185,0.12786286648118883,0.7188973130099877,25,30,20
47,4340,0.03334509828118365,0.11988295153731393,0.12786285745733633,0.7189090927241665,25,30,20
47,4341,0.03335403485751834,0.1198829515373388,0.12786285515299498,0.7189001584521486,25,30,20
47,4342,0.03336297014448549,0.11988295153728426,0.12786281253874762,0.7188912657794831,25,30,20
47,4343,0.0333541423169791,0.1198829515373411,0.1278628135259397,0.7189000926197407,25,30,20
47,4344,0.03337489269640568,0.1198829515374466,0.1278628225589168,0.7188793332072316,25,30,20
47,4345,0.03358053988217287,0.11988295154670894,0.12786347818224242,0.7186730303888763,25,30,20
47,4346,0.03356861791948185,0.1198829515466043,0.12786338679221712,0.7186850437416976,25,30,20
47,4347,0.03358053986762766,0.11988295154670846,0.12786339644947492,0.7186731121361899,25,30,20
47,4348,0.05724259065825368,0.11988295163689225,0.10420138576147094,0.718673071943385,25,30,20
47,4349,0.05724258779837231,0.11988295163686921,0.10420139259620013,0.7186730679685605,25,30,20
47,4350,0.05725441283358183,0.11988295163689312,0.10420606567889731,0.7186565698506294,25,30,20
47,4351,0.025822914447474796,0.1198829969070857,0.13562623020223002,0.7186678584432096,25,30,20
47,4352,0.027166974695371403,0.11988299698235604,0.09576462669228489,0.757185401629988,25,30,20
47,4353,0.02696157769599735,0.11988299697580962,0.09576405934584145,0.757391365982352,25,30,20
47,4354,0.026752936206476327,0.11988299696641361,0.09576339762016295,0.7576006692069478,25,30,20
47,4355,0.025399669061915504,0.11988299678180829,0.09566817989807502,0.7590491542582017,25,30,20
47,4356,0.02539367880681516,0.11988858024969934,0.09566858667813684,0.7590491542653491,25,30,20
47,4357,0.025394458010230377,0.11988858035133416,0.09565016022025179,0.7590668014181843,25,30,20
47,4358,0.02539681599464826,0.11988858035138092,0.09565016360135313,0.7590644400526189,25,30,20
47,4359,0.025429722113308687,0.11988858035206268,0.10023242684822423,0.7544492706864041,25,30,20
47,4360,0.025429719430366936,0.11988858035206525,0.10023242760823427,0.7544492726093334,25,30,20
47,4361,0.025405768355030122,0.11988858035187766,0.10023241321020297,0.7544732380828886,25,30,20
47,4362,0.025417539853942673,0.11988858035201043,0.10023242421228704,0.754461455581759,25,30,20
47,4363,0.025414765226072097,0.11988858035193395,0.10023241640563009,0.754464238016363,25,30,20
47,4364,0.025379070896015318,0.11988858035112875,0.09565015104908882,0.7590821977037673,25,30,20
47,4365,0.025387735354529085,0.11988858035112432,0.09565014766411892,0.7590735366302279,25,30,20
47,4366,0.044518934920143687,0.11988858058647216,0.07654308830505864,0.7590493961883245,25,30,20
47,4367,0.04452503050584815,0.11988858058642136,0.07654308316775696,0.7590433057399726,25,30,20
47,4368,0.044525137465102095,0.11988858058636649,0.07654308116207437,0.7590432007864559,25,30,20
47,4369,0.04451626026877387,0.11988858058631122,0.0765430751147241,0.7590520840301899,25,30,20
47,4370,0.04451250559271877,0.11987030836236022,0.07656510290328689,0.7590520831416337,25,30,20
47,4371,0.04449159687223226,0.11987030836222987,0.0766923621665058,0.758945732599032,25,30,20
47,4372,0.044512498182135055,0.11987030836236012,0.07656510284616752,0.759052090609337,25,30,20
47,4373,0.04519122548702443,0.1198699563402627,0.07589875721577617,0.7590400609569359,25,30,20
47,4374,0.021367493759538978,0.11986995624406069,0.09972249188739153,0.7590400581090081,25,30,20
47,4375,0.021194570025440986,0.11986995624384703,0.099722224333461,0.7592132493972507,25,30,20
47,4376,0.021202978712040035,0.11986995624379014,0.09972222014178118,0.7592048449023884,25,30,20
47,4377,0.021193989696016893,0.11986995624376345,0.09972221975158865,0.7592138343086308,25,30,20
47,4378,0.021214871696662738,0.11984902461360174,0.09972226936629001,0.7592138343234452,25,30,20
47,4379,0.021193673379707983,0.11987026125938739,0.09972223105227815,0.7592138343086262,25,30,20
47,4380,0.021196571903335217,0.11986697232090551,0.09972262145308702,0.7592138343226719,25,30,20
47,4381,0.021196632550631124,0.11986697232103978,0.09972251686422691,0.7592138782641016,25,30,20
47,4382,0.021217750769835703,0.11986697232127894,0.0997225704292005,0.7591927064796841,25,30,20
47,4383,0.02121500452421154,0.11945635743551355,0.1001359315602242,0.7591927064800501,25,30,20
47,4384,0.021929696372642256,0.11945635744197164,0.1001364920422634,0.7584774541431217,25,30,20
47,4385,0.021921210412761544,0.11945635744181757,0.10013879878908248,0.7584836333563375,25,30,20
47,4386,0.02124394661778333,0.11945636399179468,0.10081602772528366,0.7584836616651377,25,30,20
47,4387,0.0212522351292941,0.11945636399181325,0.10081367925915058,0.7584777216197413,25,30,20
47,4388,0.021261226916428563,0.11945636399180616,0.10081367195469446,0.7584687371370701,25,30,20
47,4389,0.0421125983519657,0.11945637550198628,0.07996189495527044,0.7584691311907769,25,30,20
47,4390,0.04210639863846191,0.11945637550211771,0.07996190444316645,0.7584753214162536,25,30,20
47,4391,0.042103455619013436,0.11945637550198722,0.07996189505014978,0.7584782738288492,25,30,20
47,4392,0.028747661597018435,0.11945637523321725,0.09331771322704906,0.7584782499427146,25,30,20
47,4393,0.028768629417066233,0.11945637523329639,0.09331775143951689,0.7584572439101201,25,30,20
47,4394,0.028756860658090137,0.1194563752331636,0.09331782290243235,0.7584689412063144,25,30,20
47,4395,0.028745082670177682,0.11945637523305941,0.09331781093763408,0.7584807311591295,25,30,20
47,4396,0.029437456840846674,0.11945637525154738,0.09331994268357123,0.7577862252240354,25,30,20
47,4397,0.028713672029729572,0.1194563752450872,0.09331950198808318,0.758510450737101,25,30,20
47,4398,0.028707575453939538,0.11945637524513844,0.09331950572621862,0.7585165435747043,25,30,20
47,4399,0.029397022643003496,0.11945637524519366,0.09331985760369234,0.7578267445081114,25,30,20
47,4400,0.029382183745311808,0.11945637525143159,0.09341216273785942,0.7577492782653986,25,30,20
47,4401,0.0293764807649079,0.11945637524514177,0.09331985253830646,0.7578472914516453,25,30,20
47,4402,0.028601534771159055,0.12015353954970352,0.0933976040141841,0.7578473216649547,25,30,20
47,4403,0.028622286823750624,0.12015353954978045,0.09339761048432699,0.7578265631421437,25,30,20
47,4404,0.028630905048935645,0.1201535395497279,0.09339766412240166,0.7578178912789365,25,30,20
47,4405,0.028621703801653676,0.1201535395497518,0.09339758041220649,0.7578271762363901,25,30,20
47,4406,0.02862785370458512,0.12014778631116074,0.09339718376175873,0.7578271762224967,25,30,20
47,4407,0.0286191878384223,0.12014778631113737,0.09339729789408568,0.7578357279563552,25,30,20
47,4408,0.028612988217507778,0.12014778631126923,0.09339730736332577,0.7578419181078979,25,30,20
47,4409,0.02860699558336791,0.12014778631140301,0.09339729009172579,0.7578479280135031,25,30,20
47,4410,0.02859800393249407,0.12014778631142845,0.09339729134002385,0.7578569184160534,25,30,20
47,4411,0.028604313044803785,0.12014778631176347,0.10735220204467534,0.7438956985987564,25,30,20
47,4412,0.027921389722031686,0.12014778631313097,0.10735184263298567,0.7445789813318504,25,30,20
47,4413,0.02794215475202793,0.12014778631323184,0.10735184444394143,0.7445582144907981,25,30,20
47,4414,0.028135655615035768,0.11995341419038878,0.1073527148216687,0.744558215372906,25,30,20
47,4415,0.02813266197753559,0.11995341419023012,0.1073527053292191,0.7445612185030143,25,30,20
47,4416,0.028141319291662102,0.11995341419016933,0.10735274509484048,0.7445525214233275,25,30,20
47,4417,0.028141687134036548,0.11995341419014288,0.1073526886022663,0.7445522100735539,25,30,20
47,4418,0.02744016569787273,0.11995341417165398,0.10735047437713621,0.7452559457533371,25,30,20
47,4419,0.027440328882709187,0.12038912564272448,0.10691459970680332,0.7452559457677633,25,30,20
47,4420,0.027440436571437247,0.1203891256427503,0.1069145939949467,0.7452558437908658,25,30,20
47,4421,0.02744946889171105,0.0812016580068031,0.14609302930273277,0.745255843798753,25,30,20
47,4422,0.02744926356997411,0.08120165800680185,0.14609302793514645,0.7452560504880776,25,30,20
47,4423,0.027437714770727265,0.08120165800669595,0.14608832335596333,0.7452723038666133,25,30,20
47,4424,0.027456114716585343,0.08120165800688552,0.14608845307104348,0.7452537742054857,25,30,20
47,4425,0.02745890032848307,0.08120165800696513,0.14609506111572293,0.7452443805488287,25,30,20
47,4426,0.027458804786383108,0.08043776714474916,0.1468590475325675,0.7452443805363003,25,30,20
47,4427,0.02231828192408571,0.07974092299397298,0.15269640975736368,0.745244385324577,25,30,20
47,4428,0.022318281128803536,0.07974092299397202,0.15269640964755238,0.7452443862296715,25,30,20
47,4429,0.02229757145428141,0.07974092299392233,0.1526964045207229,0.745265101031073,25,30,20
47,4430,0.022297569628649403,0.07974092299392425,0.1526963238770212,0.745265183500405,25,30,20
47,4431,0.022288955900263762,0.07974092299400411,0.1526963290855229,0.745273792020209,25,30,20
47,4432,0.02229153480199356,0.07974092299413506,0.1526963385454599,0.7452712036584114,25,30,20
47,4433,0.02296310747086273,0.07974092299451054,0.1526967302121661,0.7445992393224605,25,30,20
47,4434,0.022951346035690552,0.07974092299438013,0.15269672025717632,0.7446110107127537,25,30,20
47,4435,0.022951130886023012,0.0797409229943515,0.15269660243248712,0.7446113436871387,25,30,20
47,4436,0.02299907422737749,0.07976077594930332,0.1526288067329293,0.7446113430903897,25,30,20
47,4437,0.023002067132207114,0.07976077594951454,0.15262881999902214,0.7446083369192554,25,30,20
47,4438,0.02301121820737963,0.07976077594964953,0.15262897561863967,0.7445990302243305,25,30,20
47,4439,0.023020377803271527,0.07976077595430801,0.1526289826957595,0.7445898635466608,25,30,20
47,4440,0.023020534227646196,0.07976077595433397,0.15263126083270956,0.74458742898531,25,30,20
47,4441,0.022337184638709724,0.07976077595388156,0.15263086012489274,0.7452711792825154,25,30,20
47,4442,0.023045734479248865,0.07976077597446742,0.14471921985209912,0.752474269694184,25,30,20
47,4443,0.023036369832276856,0.07976077597446685,0.14471933425017391,0.7524835199430823,25,30,20
47,4444,0.023036580820607878,0.0797607759745734,0.14471922464160097,0.7524834185632174,25,30,20
47,4445,0.023033838670944037,0.07976077597438937,0.14471921060682927,0.752486174747837,25,30,20
47,4446,0.023042613811577115,0.07976077597435977,0.14471920698528665,0.7524774032287767,25,30,20
47,4447,0.023764368391678625,0.07976077599167451,0.14472010763637538,0.7517547479802721,25,30,20
47,4448,0.02368719705448072,0.07974091647539978,0.1397820128998351,0.7567898735702847,25,30,20
47,4449,0.023696342829772767,0.07974091647534808,0.13978201137967758,0.7567807293152019,25,30,20
47,4450,0.02297817129868278,0.079740916458254,0.1397811284651265,0.7574997837779371,25,30,20
47,4451,0.022999578929323715,0.07974091645823286,0.13977890308030877,0.7574806015321349,25,30,20
47,4452,0.031738294146409544,0.07974090913605454,0.13104053005907404,0.7574802666584624,25,30,20
47,4453,0.03172930237648728,0.07974090913594634,0.13104037490327272,0.7574894135842944,25,30,20
47,4454,0.03172047554365067,0.07974090913594688,0.13104037497757598,0.757498240342827,25,30,20
47,4455,0.03151794779553138,0.07993684250961346,0.13104697023411624,0.7574982394607395,25,30,20
47,4456,0.03149932413485254,0.07993684250971328,0.13104704247254484,0.7575167908828899,25,30,20
47,4457,0.03150536332511054,0.07993684250955407,0.13104702952096667,0.7575107646443691,25,30,20
47,4458,0.03149622613333733,0.07993684250952734,0.131047030230584,0.7575199011265519,25,30,20
47,4459,0.03148702863607086,0.0799368425095504,0.13104702892942816,0.7575290999249509,25,30,20
47,4460,0.031484454158312004,0.07993684250950023,0.1310469078969768,0.7575317954352113,25,30,20
47,4461,0.031497408842211215,0.07993684250985802,0.13104704389184657,0.7575187047560843,25,30,20
47,4462,0.03212605087466786,0.07993684249524119,0.12500471753597375,0.7629323890941173,25,30,20
47,4463,0.03282377808919223,0.08071340592872601,0.12353042686056348,0.7629323891215168,25,30,20
47,4464,0.03281467180174599,0.08071340592719857,0.12353042670315789,0.762941495567896,25,30,20
47,4465,0.032835426862713235,0.08071340592727778,0.12353043585274225,0.7629207313572658,25,30,20
47,4466,0.032876068972276566,0.0807130858278612,0.12349014826570034,0.7629206969341615,25,30,20
47,4467,0.032875963247806256,0.08071308582783637,0.12349459066845844,0.7629163602558985,25,30,20
47,4468,0.032884740941057526,0.08071308582778186,0.12349458872925155,0.7629075845019089,25,30,20
47,4469,0.03266394191699304,0.08073315846865835,0.12369531600175301,0.7629075836125956,25,30,20
47,4470,0.03266404425151016,0.08073315846871316,0.1236953199485365,0.7629074773312401,25,30,20
47,4471,0.03267266351707818,0.08073315846863423,0.12369531282007502,0.7628988651942126,25,30,20
47,4472,0.032671858712170196,0.08073315846849181,0.12369530577047472,0.7628996770488636,25,30,20
47,4473,0.03267186159389979,0.08073315846849274,0.1236953079775504,0.7628996719600571,25,30,20
47,4474,0.03336326503523142,0.08073315847501199,0.12369586101452887,0.762207715475228,25,30,20
47,4475,0.03336032629590324,0.08073315847490832,0.12369585001331954,0.7622106652158692,25,30,20
47,4476,0.03335774576916108,0.08073613127589799,0.12369545771686902,0.7622106652380713,25,30,20
47,4477,0.033348759536798306,0.08073613127587077,0.12369545724147325,0.7622196519458571,25,30,20
47,4478,0.033355171144962295,0.08073613127576657,0.12368884952662054,0.7622198480526494,25,30,20
47,4479,0.03335811328994749,0.08073613127589702,0.12368885885819596,0.7622168965759584,25,30,20
47,4480,0.03265172459848418,0.07994490768461687,0.12518647116301795,0.7622168965538796,25,30,20
47,4481,0.033355855988620675,0.07994490768482948,0.12518234482209853,0.7615168915044499,25,30,20
47,4482,0.03335590500294458,0.07994490768488434,0.12518234747209214,0.7615168398400776,25,30,20
47,4483,0.03270182453470101,0.07994490767874679,0.1251840040157241,0.7621692637708266,25,30,20
47,4484,0.03271065501727917,0.07994490767874673,0.12518388962705862,0.7621605476769139,25,30,20
47,4485,0.032710605383076914,0.0799449076787191,0.12518388958018847,0.7621605973580133,25,30,20
47,4486,0.03271947772654662,0.07992071877278051,0.12519920614317726,0.7621605973574936,25,30,20
47,4487,0.03270711890517366,0.07992071877248577,0.12519914534072224,0.7621730169816172,25,30,20
47,4488,0.032012130177895885,0.07992071877232658,0.12519883132500464,0.7628683197247718,25,30,20
47,4489,0.03201212831284892,0.07994349712104751,0.12517605484122604,0.7628683197248763,25,30,20
47,4490,0.03200019815019699,0.07994349712096774,0.12517604567001622,0.7628802590588181,25,30,20
47,4491,0.03201785534205689,0.07994349712175498,0.12517621711993812,0.7628624304162491,25,30,20
47,4492,0.032008923912607276,0.0799434971217297,0.125182828241783,0.7628647507238792,25,30,20
47,4493,0.03201801670279034,0.07994349712173107,0.12518091511800375,0.762857571057474,25,30,20
47,4494,0.03200587387031761,0.07994349712159506,0.12518087540975129,0.7628697535983348,25,30,20
47,4495,0.03199668787885381,0.07994349712162144,0.12518087515901544,0.7628789398405077,25,30,20
47,4496,0.031990650780640305,0.07994940349702322,0.12518100586777728,0.7628789398545577,25,30,20
47,4497,0.031987859929214754,0.07995233829781836,0.12518086193232564,0.7628789398406397,25,30,20
47,4498,0.03198823150597876,0.07995233829779397,0.12518233083287383,0.7628770993633518,25,30,20
47,4499,0.03198839951080947,0.07995233829774055,0.12518233452738647,0.7628769276640618,25,30,20
47,4500,0.03199722433784617,0.07995233829774001,0.12518233461396774,0.7628681027504441,25,30,20
47,4501,0.03199722238448945,0.07995233829774046,0.125182372510062,0.7628680668077061,25,30,20
47,4502,0.03200619907852919,0.07995233829776524,0.12518237215191186,0.7628590904717918,25,30,20
47,4503,0.03203904919289095,0.07993227187372712,0.125169588475229,0.7628590904581504,25,30,20
47,4504,0.03205991835567083,0.07991116869537937,0.12516982251106198,0.7628590904378857,25,30,20
47,4505,0.03205109053912711,0.07991116869537894,0.12516982247636851,0.7628679182891237,25,30,20
47,4506,0.032060071026806275,0.07991116869535166,0.1251698212544254,0.7628589390234152,25,30,20
47,4507,0.03205109528586521,0.07991116869532783,0.12516982297064452,0.7628679130481608,25,30,20
47,4508,0.032033335774947144,0.0799111686944833,0.12516964727549154,0.7628858482550759,25,30,20
47,4509,0.03134197729234003,0.07991116868801969,0.12516912518360768,0.7635777288360301,25,30,20
47,4510,0.0313508013253834,0.0799023314914099,0.12516913834743196,0.7635777288357726,25,30,20
47,4511,0.03135705091235299,0.07990233149135868,0.12516913327072404,0.7635714843255621,25,30,20
47,4512,0.0313482234341554,0.07990233149133295,0.1251691314389627,0.7635803136355469,25,30,20
47,4513,0.03133924006485411,0.07990233149130667,0.1251691310029966,0.7635892974408405,25,30,20
47,4514,0.03133944736597035,0.07990233149136207,0.12516913563521037,0.7635890855074551,25,30,20
47,4515,0.03132777733722614,0.07991424288702845,0.1251688942840178,0.7635890854917255,25,30,20
47,4516,0.03133676065549582,0.07991424288705382,0.12516889476679896,0.7635801016906495,25,30,20
47,4517,0.03221896177365192,0.0799142428968459,0.12516989639402523,0.7626968989354748,25,30,20
47,4518,0.03221838182070513,0.07991481677891953,0.1251699024651543,0.7626968989352189,25,30,20
47,4519,0.03291009912333622,0.07922189429193104,0.1251711059637409,0.7626969006209896,25,30,20
47,4520,0.032931066066010185,0.07922189429201257,0.12517119816850975,0.7626758414734652,25,30,20
47,4521,0.03204865157820572,0.07922189428222283,0.12517023066168032,0.763559223477889,25,30,20
47,4522,0.0320484992292282,0.07922189428227491,0.1251702323514309,0.7635593741370638,25,30,20
47,4523,0.032036934239130475,0.07922189428217026,0.12517014225831866,0.7635710292203783,25,30,20
47,4524,0.03202381908666245,0.07922189428183964,0.12517000732485667,0.763584279306639,25,30,20
47,4525,0.019967467130312357,0.07922312636224764,0.13722450670981473,0.7635848997976231,25,30,20
47,4526,0.019967467099177825,0.07922312636224757,0.13722296112966684,0.7635864454089056,25,30,20
47,4527,0.02010407559717605,0.07922312375390073,0.13708635505361774,0.7635864455953038,25,30,20
47,4528,0.006068013351803522,0.07922188803472754,0.15112432397747974,0.7635857746359872,25,30,20
47,4529,0.006193395107854971,0.07922356098615023,0.150997267440282,0.7635857764657108,25,30,20
47,4530,0.00620227447310579,0.07922356098617782,0.15099738527293727,0.7635767792677772,25,30,20
47,4531,0.005927988552282962,0.07924285943655968,0.151252374746216,0.7635767772649394,25,30,20
47,4532,0.005939918645017967,0.0792428594366389,0.1512523832499998,0.7635648386683414,25,30,20
47,4533,0.005939584764909367,0.0792428594319545,0.15125237232301778,0.7635651834801176,25,30,20
47,4534,0.005939583903711552,0.07924285943195261,0.15125237012635073,0.7635651865379844,25,30,20
47,4535,0.005942391490011872,0.07924285943205765,0.15125242204909023,0.7635623270288393,25,30,20
47,4536,0.005933503829880817,0.07924285943213975,0.15125242862161797,0.7635712081163609,25,30,20
47,4537,0.0059414590561400905,0.07925003407075136,0.15123729859294008,0.76357120828017,25,30,20
47,4538,0.0059353592445987894,0.07925003407074997,0.15123957894999512,0.7635750277346568,25,30,20
47,4539,0.005935358217427514,0.07925003407075272,0.15123957865096796,0.7635750290608518,25,30,20
47,4540,0.0059349895082295955,0.07925003407077856,0.151239659971316,0.7635753164496757,25,30,20
47,4541,0.0059262134722275605,0.07925003407080763,0.1512396641100782,0.7635840883468863,25,30,20
47,4542,0.005929098642238267,0.07922907279155235,0.15125774016527338,0.7635840884009361,25,30,20
47,4543,0.005934760080396764,0.07922907290074584,0.1562872314963912,0.7585489355224668,25,30,20
47,4544,0.005968233954868478,0.07924944613776337,0.15623161568512076,0.758550704222248,25,30,20
47,4545,0.00596823041036889,0.07924944613776003,0.15623157741906077,0.7585507460328107,25,30,20
47,4546,0.006064990082696161,0.07923126251416149,0.15615440822476137,0.7585493391783813,25,30,20
47,4547,0.0060588928468896285,0.07923126251421853,0.15615444376518842,0.7585554008737034,25,30,20
47,4548,0.0025182207547463165,0.08001322720346314,0.15878238514267679,0.7586861668991135,25,30,20
47,4549,0.002518220820516141,0.08001322720346528,0.16343380620724737,0.7540347457687675,25,30,20
47,4550,0.002509234600129404,0.08002220457923957,0.16343381505185836,0.754034745768769,25,30,20
47,4551,0.0025153127836049245,0.08002220457921705,0.16343372918792123,0.7540287534492536,25,30,20
47,4552,0.0025248704371729908,0.08002220457921794,0.16343600660942115,0.7540169183741853,25,30,20
47,4553,0.002515937684806282,0.08002220457929819,0.16343601098772198,0.754025846748171,25,30,20
47,4554,0.0025458811504981797,0.08002220457947931,0.1634358797745716,0.7539960344954484,25,30,20
47,4555,0.0025372668180038225,0.0800222045796648,0.16343597426061116,0.7540045543417174,25,30,20
47,4556,0.0025282355993203605,0.08002220457955883,0.16344069490620378,0.7540088649149144,25,30,20
47,4557,0.0025201620860738384,0.08001503167496012,0.16345592072132192,0.7540088855176402,25,30,20
47,4558,0.02358584143436942,0.07923307372502982,0.14330293916550857,0.7538781456750923,25,30,20
47,4559,0.024269493352731705,0.07923307372524437,0.14330106966316636,0.7531963632588574,25,30,20
47,4560,0.02427810871077418,0.07923307372505603,0.14330100095431414,0.7531878166098557,25,30,20
47,4561,0.024269124354220996,0.07923307372503122,0.14330097321935198,0.7531968287013959,25,30,20
47,4562,0.02430164050785737,0.07923307372521489,0.14330098929374777,0.7531642964731798,25,30,20
47,4563,0.02429281022953284,0.07923307372519382,0.14330099531004603,0.7531731207352271,25,30,20
47,4564,0.024298860328949453,0.07923307372511919,0.14329871017872547,0.753169355767205,25,30,20
47,4565,0.024299026637690967,0.07923307372509393,0.1433034061917185,0.7531644934454956,25,30,20
47,4566,0.02428999614530372,0.0792330737250663,0.1433034061612533,0.7531735239683752,25,30,20
47,4567,0.024289892686992512,0.07923307372508998,0.13865195853484544,0.7578250750530706,25,30,20
47,4568,0.02481591592503708,0.07923307373168266,0.1386530516059628,0.7572979587373161,25,30,20
47,4569,0.03761447804579669,0.07923306679632797,0.12585445359108913,0.7572980015667848,25,30,20
47,4570,0.03450553075721998,0.07923306644591781,0.12896347832878685,0.757297924468074,25,30,20
47,4571,0.03382934091001242,0.07991037111555373,0.12896236516889867,0.7572979228055337,25,30,20
47,4572,0.03383815667370467,0.07991037111555217,0.12895778112265474,0.757293691088087,25,30,20
47,4573,0.03330330126057082,0.07991037110895437,0.12895668687701525,0.757829640753458,25,30,20
47,4574,0.03261388313838797,0.07991037110881502,0.1289540831047062,0.7585216626480896,25,30,20
47,4575,0.03261399674146552,0.07991037110878828,0.12895407899550437,0.7585215531542405,25,30,20
47,4576,0.03261677872405554,0.07991037110886708,0.12896068795715307,0.758512162209923,25,30,20
47,4577,0.03263496451796243,0.07991037110902893,0.12895409795499074,0.7585005664180166,25,30,20
47,4578,0.032828532249528725,0.07991037112305335,0.1289548735124113,0.7583062231150053,25,30,20
47,4579,0.032849284435313174,0.07991037112317759,0.1289548786248245,0.7582854658166833,25,30,20
47,4580,0.03284923364679438,0.0799103711231504,0.12895487464518168,0.7582855205848724,25,30,20
47,4581,0.032849027743230126,0.0799103711231241,0.12895475679096177,0.758285844342683,25,30,20
47,4582,0.032849402162821555,0.0799099999829399,0.12895475351140806,0.7582858443428298,25,30,20
47,4583,0.0328613275859956,0.07990999998304499,0.12895476255824154,0.7582739098727171,25,30,20
47,4584,0.0328615379663715,0.07990999998309803,0.1289547678409426,0.758273694209587,25,30,20
47,4585,0.03287052153921801,0.07990999998312283,0.12895488385995954,0.7582645946176989,25,30,20
47,4586,0.032849815443134124,0.07990999998307266,0.1289548777985989,0.7582853067751942,25,30,20
47,4587,0.03282545760601715,0.07991206284680995,0.12897717279531667,0.7582853067518562,25,30,20
47,4588,0.032834602479842226,0.07991206284675685,0.1289771714282824,0.7582761632451184,25,30,20
47,4589,0.03214144310964331,0.07991206284654145,0.12897676216360307,0.7589697318802123,25,30,20
47,4590,0.03216198287550234,0.07989152258042537,0.12897676264985403,0.7589697318942185,25,30,20
47,4591,0.02093794196458383,0.07989153158644537,0.14019672428713542,0.7589738021618363,25,30,20
47,4592,0.01945204019222151,0.0798924649790425,0.14162375283191367,0.7590317419968232,25,30,20
47,4593,0.01941936430500654,0.07989246497880624,0.14162385077914214,0.7590643199370463,25,30,20
47,4594,0.01973922066919821,0.07989280025722842,0.14130365579345633,0.7590643232801159,25,30,20
47,4595,0.00269920173177611,0.08019066938518637,0.15810718980012958,0.759002939082907,25,30,20
47,4596,0.003134600078755242,0.0801906571515736,0.15767175740665235,0.7590029853630178,25,30,20
47,4597,0.0038414436943554,0.08019065716539654,0.15767239596850424,0.7582955031717424,25,30,20
47,4598,0.007954548693605975,0.07989184574718801,0.15384965335462675,0.758303952204578,25,30,20
47,4599,0.007939359241057469,0.07989184574743052,0.15385632159668944,0.758312473414821,25,30,20
47,4600,0.007948179310628878,0.07989184574745486,0.1538563233793141,0.7583036515626006,25,30,20
47,4601,0.007924490015823675,0.079891845747272,0.15385630783810866,0.7583273563987944,25,30,20
47,4602,0.00791814229694417,0.07989184574740361,0.15385632124039472,0.7583336907152564,25,30,20
47,4603,0.007906586487459117,0.07989184574727416,0.1538563104810027,0.7583452572842634,25,30,20
47,4604,0.003478179544803492,0.07989184607438979,0.15829371072505258,0.7583362636557537,25,30,20
47,4605,0.003469192563532915,0.0798918460744133,0.1582890127017723,0.7583499486602808,25,30,20
47,4606,0.0034661880988492077,0.0798918460742803,0.1582891135550391,0.7583528522718307,25,30,20
47,4607,0.003466351895247621,0.0798918460742264,0.158289112106853,0.7583526899236722,25,30,20
47,4608,0.003487098459831364,0.07989184607433088,0.158289119027952,0.7583319364378851,25,30,20
47,4609,0.003496083037421062,0.07989184607427868,0.15828911530451167,0.758322955583789,25,30,20
47,4610,0.0034874260656066343,0.07989184607425746,0.1582891150131203,0.7583316128470159,25,30,20
47,4611,0.004005235542266217,0.07989184607473901,0.1582897916008734,0.7578131267821219,25,30,20
47,4612,0.00402594163847198,0.0798918460747887,0.15828976259408278,0.7577924496926571,25,30,20
47,4613,0.004014014591203203,0.07990379327334406,0.15828974245657257,0.757792449678881,25,30,20
47,4614,0.004005235333027242,0.07990379327345253,0.1582898298252945,0.7578011415682266,25,30,20
47,4615,0.003993679459629204,0.07990379327332216,0.15828985036118767,0.7578126769058622,25,30,20
47,4616,0.003981806714943016,0.07990379327324573,0.1582898434606209,0.7578245565511916,25,30,20
47,4617,0.0039729798155372946,0.07990379327324575,0.1582897281840286,0.7578334987271893,25,30,20
47,4618,0.003966570681110843,0.07990379327337575,0.1582897756158198,0.7578398604296943,25,30,20
47,4619,0.0032777121141786183,0.07990379325958721,0.15838130626210348,0.7584371883641314,25,30,20
47,4620,0.003296427889271023,0.07990379325994114,0.15838134009694071,0.7584184387538478,25,30,20
47,4621,0.003296634362225597,0.07990379325996926,0.1583814578776308,0.7584181145001753,25,30,20
47,4622,0.0032969359551446305,0.07990379326001952,0.15829376777902973,0.7585055030058069,25,30,20
47,4623,0.003305555103040797,0.07990379325996454,0.15829376234440862,0.7584968892925869,25,30,20
47,4624,0.0027881158529319185,0.07990379325951075,0.15829308782842058,0.7590150030591376,25,30,20
47,4625,0.002406852986936225,0.08046692100268386,0.15811127212901727,0.7590149538813626,25,30,20
47,4626,0.0024070668957136845,0.08048909802872442,0.15808888119407855,0.7590149538814832,25,30,20
47,4627,0.0024070714987465018,0.08048909802875125,0.15808884558461622,0.7590149848878859,25,30,20
47,4628,0.002427821692822063,0.08048909802885758,0.1580888547177768,0.7589942255605432,25,30,20
47,4629,0.0024339684506211536,0.08048909802878397,0.15809354428965477,0.7589833892309398,25,30,20
47,4630,0.0024253617012500815,0.08048909802878365,0.15809346577289873,0.7589920744970668,25,30,20
47,4631,0.002406536344584356,0.08048909802840525,0.15809346026464607,0.7590109053623635,25,30,20
47,4632,0.0024149458012374518,0.08048909802835023,0.1580934561551587,0.7590025000152528,25,30,20
47,4633,0.0024145788237315393,0.08048909802832206,0.1580933383424292,0.7590029848055164,25,30,20
47,4634,0.0024354460498442346,0.08048909802855907,0.15809332636245355,0.7589821295591425,25,30,20
47,4635,0.0024445242147041303,0.08048909802863725,0.1580886037114563,0.7589777740452022,25,30,20
47,4636,0.0024358588824798587,0.08048909802868956,0.15809520814657962,0.7589798349422507,25,30,20
47,4637,0.0024512512538440016,0.08048909802839674,0.15808853626238248,0.7589711144553766,25,30,20
47,4638,0.003145600211596296,0.08048909803483027,0.1580890931041734,0.7582762086493997,25,30,20
47,4639,0.012413262035637425,0.0804891218014302,0.1477802915875646,0.7593173245753683,25,30,20
47,4640,0.012407217426681803,0.08048912180150859,0.147780301721882,0.7593233590499281,25,30,20
47,4641,0.012440049726210765,0.08048912180172935,0.14778024932482903,0.7592905791472314,25,30,20
47,4642,0.012439890041070935,0.08048926496421217,0.14778026582592824,0.7592905791687892,25,30,20
47,4643,0.012406639695584263,0.08048926496390835,0.14778023170010782,0.7593238636403999,25,30,20
47,4644,0.012406274094455794,0.08048926496393323,0.14778020214685011,0.7593242587947617,25,30,20
47,4645,0.012385365382515936,0.08048926496380099,0.1477801925817573,0.7593451770719268,25,30,20
47,4646,0.012382452374823655,0.08048926496706348,0.14778038211812977,0.7593479005399841,25,30,20
47,4647,0.01239122755863282,0.08048050988702578,0.14778036202904224,0.7593479005253002,25,30,20
47,4648,0.012424160229358477,0.08048050988724119,0.14777377995925792,0.7593215499241434,25,30,20
47,4649,0.013133219634697341,0.08127169521776123,0.14627355581446982,0.7593215293330725,25,30,20
47,4650,0.013145348562518951,0.08127169521781902,0.14627355988079802,0.7593093963388649,25,30,20
47,4651,0.013124226634297948,0.08127169521765626,0.1462735466655008,0.7593305314825456,25,30,20
47,4652,0.013115304614525496,0.08127169521759946,0.14626884431280954,0.7593441558550661,25,30,20
47,4653,0.013094126496856371,0.0812716952173844,0.14626440636534466,0.759369771920415,25,30,20
47,4654,0.012385354622796997,0.080484654412769,0.14774449913502727,0.7593854918294073,25,30,20
47,4655,0.012376579325950132,0.08049342790998164,0.14774450093490477,0.7593854918291637,25,30,20
47,4656,0.012376371925971567,0.08049342790998028,0.1477444986355659,0.7593857015284822,25,30,20
47,4657,0.012576467016528547,0.08049342792254574,0.14774514913367454,0.7591849559272511,25,30,20
47,4658,0.012576457606781818,0.0804934279225447,0.1477474678002452,0.7591826466704285,25,30,20
47,4659,0.0030564686289503464,0.08049340388721019,0.15825857441688118,0.7581915530669583,25,30,20
47,4660,0.0030472676498553225,0.0804934038872342,0.15825865554979043,0.7582006729131201,25,30,20
47,4661,0.003047217760207355,0.08049340388720656,0.15825865425928695,0.7582007240932989,25,30,20
47,4662,0.0030292421472663906,0.08049340388707282,0.1582586474776823,0.7582187064879787,25,30,20
47,4663,0.0028320876019645386,0.08049340387461337,0.15825800816002678,0.7584165003633955,25,30,20
47,4664,0.002807928945929354,0.08049340387429227,0.158262681673885,0.7584359855058936,25,30,20
47,4665,0.002795419724518775,0.08049340387420852,0.15826267328321503,0.7584485031180573,25,30,20
47,4666,0.00236621235612205,0.08049340370605101,0.15874195965598334,0.7583984242818432,25,30,20
47,4667,0.002369208538055107,0.08049340370618338,0.15874196721743317,0.758395420538328,25,30,20
47,4668,0.002363638187468983,0.08049340370599851,0.15874200636961333,0.7584009517369188,25,30,20
47,4669,0.002363102558434784,0.08049340370594046,0.1587420038139366,0.7584014899216878,25,30,20
47,4670,0.0023903892187277435,0.08049340370918538,0.158742136986816,0.7583740700852704,25,30,20
47,4671,0.002390926885657263,0.08049340370733425,0.15874044160517842,0.7583752278018294,25,30,20
47,4672,0.0023907712932012106,0.08049340370730844,0.1587403587775198,0.75837546622197,25,30,20
47,4673,0.0024116631729119943,0.08049340370741177,0.1587451953023653,0.758349737817311,25,30,20
47,4674,0.00241182076749726,0.0804934037074367,0.15874519414692126,0.7583495813781448,25,30,20
47,4675,0.0024207637715661203,0.08047669582148466,0.15875295902855277,0.7583495813783966,25,30,20
47,4676,0.0024089968326212814,0.08047669582138052,0.15875286764511062,0.7583614397008881,25,30,20
47,4677,0.0023882147655511564,0.08047669582130249,0.15874798246088573,0.7583871069522613,25,30,20
47,4678,0.0016848254035537271,0.08047669581478828,0.15874742343572548,0.7590910553459332,25,30,20
47,4679,0.001657382362650919,0.08047669581149082,0.15874729460261922,0.7591186272232398,25,30,20
47,4680,0.002662318291000338,0.08047254576932344,0.157665442151294,0.7591996937883829,25,30,20
47,4681,0.002657178866068132,0.08047710924349469,0.15766601804343966,0.7591996938469984,25,30,20
47,4682,0.0026573878262472583,0.08047710924354953,0.15766602064013355,0.7591994822900706,25,30,20
47,4683,0.0026486616781224697,0.08047710924365845,0.15766602861474965,0.7592082004634702,25,30,20
47,4684,0.0026462986723215396,0.08047710924363692,0.15766602278047973,0.7592105693035626,25,30,20
47,4685,0.00269136099097733,0.0804771092440087,0.1576659381808518,0.7591655915841633,25,30,20
47,4686,0.0027003462389108357,0.08047710924403256,0.1576659383963562,0.7591566061207016,25,30,20
47,4687,0.002700663209934482,0.08047710924413957,0.15766593944193638,0.7591562881039906,25,30,20
47,4688,0.0027006624364472043,0.08047710924414239,0.15766597963630408,0.7591562486831073,25,30,20
47,4689,0.002721628488996649,0.08047710924422251,0.15766599144073568,0.7591352708260463,25,30,20
47,4690,0.0027242167782574865,0.08047710924888687,0.15766600254037147,0.7591326714324852,25,30,20
47,4691,0.0027181879140257257,0.08047710924559985,0.1576658162082295,0.7591388866321455,25,30,20
47,4692,0.0027179764832858857,0.08047710924557115,0.1576658140938392,0.7591391001773043,25,30,20
47,4693,0.0025154862190763117,0.08047710923149383,0.1576650345461292,0.7593423700033013,25,30,20
47,4694,0.002524104359182336,0.08047710923146564,0.15766503247471292,0.7593337539346398,25,30,20
47,4695,0.0025152805039950865,0.0804771092314677,0.15766503551062536,0.7593425747539125,25,30,20
47,4696,0.002211167723031218,0.08047710860403817,0.15805818749847356,0.7592535361744581,25,30,20
47,4697,0.0022470410786116558,0.0804771086043303,0.1580582984985597,0.7592175518184994,25,30,20
47,4698,0.0022259165271538953,0.08047710860422429,0.15805828631515598,0.7592386885534665,25,30,20
47,4699,0.0022261101817274073,0.08047710860427676,0.158058372499926,0.7592384087140706,25,30,20
47,4700,0.0022261581293043656,0.08047710860430488,0.15805837259116728,0.759238360675224,25,30,20
47,4701,0.0022349930017807208,0.08047710860430538,0.15805837273556572,0.7592295256583488,25,30,20
47,4702,0.0022353098668559663,0.08047710860435756,0.15805837153726496,0.7592292099915221,25,30,20
47,4703,0.0022354307469363063,0.08047710860438301,0.1580576775743161,0.7592297830743653,25,30,20
47,4704,0.002211283721958633,0.08047710860414492,0.15805765598775096,0.7592539516861462,25,30,20
47,4705,0.002211124239407299,0.08047710860411707,0.15805765306807454,0.7592541140884017,25,30,20
47,4706,0.0022200089897685626,0.08047710860398377,0.15805764680363402,0.7592452356026144,25,30,20
47,4707,0.002219912805380902,0.08047710860404442,0.15805992731102017,0.7592430512795555,25,30,20
47,4708,0.002253167623305001,0.08047710860724729,0.15805775205876949,0.7592119717106791,25,30,20
47,4709,0.0029752591878197377,0.08047710860774193,0.15805822639643394,0.7584894058080053,25,30,20
47,4710,0.0029751531970929074,0.08047710860769026,0.15805822714156165,0.7584895110536563,25,30,20
47,4711,0.0029303428222774474,0.08047710860737375,0.15806471822838647,0.7585278303419636,25,30,20
47,4712,0.0029542621932395954,0.08047710860461828,0.15806465553818447,0.7585039736639589,25,30,20
47,4713,0.004296021873319715,0.08047710860493393,0.15806517578449675,0.7571616937372508,25,30,20
47,4714,0.004295656671612487,0.08047710860487989,0.15806517473490644,0.7571620599886023,25,30,20
47,4715,0.004316521373502209,0.08047710860498261,0.1580651814361871,0.7571411885853291,25,30,20
47,4716,0.00432566915313623,0.08047710860492961,0.15806518222173302,0.7571320400202021,25,30,20
47,4717,0.0036244946335339825,0.08047710860454098,0.15806471795889884,0.7578336788030269,25,30,20
47,4718,0.003616086318884163,0.08047710860478662,0.15806475062853192,0.7578420544477974,25,30,20
47,4719,0.003616078551445002,0.08047710860478607,0.1580631269529835,0.7578436858907858,25,30,20
47,4720,0.0036160138865917067,0.08048492768801031,0.1580553725125557,0.7578436859128429,25,30,20
47,4721,0.003558932897182312,0.08048492768750268,0.158055328472081,0.7579008109432347,25,30,20
47,4722,0.0035585624832667915,0.08048492768728423,0.1580552990905902,0.7579012107388594,25,30,20
47,4723,0.002219746707179432,0.08048492768709954,0.15805478839140702,0.759240537214315,25,30,20
47,4724,0.0022199615025888277,0.0804849276871005,0.15805478799643377,0.7592403228138778,25,30,20
47,4725,0.0022082396967453913,0.0804849276870507,0.15805489721375154,0.7592519354024531,25,30,20
47,4726,0.002217026223220389,0.08048492768702303,0.15805489473300813,0.7592431513567491,25,30,20
47,4727,0.0022080246919486558,0.08048492768699385,0.15805489540444648,0.7592521522166118,25,30,20
47,4728,0.0022140585624493133,0.08048492768224874,0.15805487704994342,0.7592461367053593,25,30,20
47,4729,0.0022052305637855836,0.08048492768225113,0.15805487571201407,0.7592549660419501,25,30,20
47,4730,0.002184313529946853,0.0804849276821451,0.15805486519254927,0.7592758935953594,25,30,20
47,4731,0.002184160338390426,0.08048492768217148,0.15805483373248197,0.7592760782469569,25,30,20
47,4732,0.002218103525689229,0.08048492768690972,0.15805496736260763,0.7592420014247943,25,30,20
47,4733,0.002239021368297055,0.08048492768701478,0.1580550029772398,0.759221047967449,25,30,20
47,4734,0.0022549893139329922,0.08048492784812356,0.15803904335920355,0.7592210394787398,25,30,20
47,4735,0.002237913776215757,0.08048492768928826,0.1580572931727533,0.7592198653617426,25,30,20
47,4736,0.0022445357491642755,0.0804849276891873,0.15805728594134438,0.7592132506203041,25,30,20
47,4737,0.001880444447470265,0.07992146824990158,0.15898483714317943,0.7592132501594482,25,30,20
47,4738,0.0018897497251726808,0.07992146825003346,0.15898484426544768,0.7592039377593461,25,30,20
47,4739,0.0018897602033136165,0.07992146824998426,0.15898476101064118,0.7592040105360609,25,30,20
47,4740,0.002245921090276677,0.07992146825647531,0.15898552961909437,0.7588470810341533,25,30,20
47,4741,0.002221005564452633,0.07992146825178811,0.1589853995942053,0.7588721265895536,25,30,20
47,4742,0.0022117019605064282,0.0799214682518937,0.15898540283469323,0.7588814269529063,25,30,20
47,4743,0.002211869572087182,0.07992146825350215,0.15898540687084725,0.7588812553035631,25,30,20
47,4744,0.002216422014441851,0.09071408424439768,0.1481882338127928,0.7588812599283673,25,30,20
47,4745,0.0022463640759878686,0.09071408424450494,0.14818824291545485,0.7588513087640518,25,30,20
47,4746,0.0022374248327421712,0.09071408424455513,0.1481882335520806,0.7588602573706216,25,30,20
47,4747,0.0022167282109920093,0.09071408424444832,0.14818822705393356,0.7588809604906254,25,30,20
47,4748,0.0022225060210782103,0.09071408424468813,0.14818824730365737,0.7588751624305753,25,30,20
47,4749,0.0026092815112995333,0.09071189452200872,0.14780402523565528,0.7588747987310365,25,30,20
47,4750,0.0019138169505515737,0.09071189451082352,0.14850667250206845,0.7588676160365564,25,30,20
47,4751,0.001922645214799657,0.09071189451082856,0.14850667135819623,0.758858788916176,25,30,20
47,4752,0.0019397110351011392,0.090695201639591,0.14850629845322072,0.7588587888720875,25,30,20
47,4753,0.0019472049837328097,0.09069520164297402,0.1485064142487274,0.7588511791245658,25,30,20
47,4754,0.0019268251394738579,0.0752913275129238,0.1639306682385191,0.7588511791090805,25,30,20
47,4755,0.001926450893280581,0.07529132751294627,0.1639306668251543,0.7588515547686165,25,30,20
47,4756,0.0021169803618679562,0.0752913275207866,0.16393130333824107,0.7586603887791022,25,30,20
47,4757,0.0021079972396377124,0.07529132752075854,0.16393358612611833,0.7586670891134834,25,30,20
47,4758,0.022274043444118177,0.0752913275210408,0.14376810323148265,0.7586665258033587,25,30,20
47,4759,0.022274200020943227,0.07529132752106714,0.14376810225684777,0.7586663702011417,25,30,20
47,4760,0.039481001711916285,0.0752913278506612,0.12655665341215913,0.7586710170252634,25,30,20
47,4761,0.0395136779445993,0.0518342443258769,0.14998106026724012,0.7586710174622836,25,30,20
47,4762,0.03950485111408478,0.051834244325878374,0.1499810604681406,0.758679844091896,25,30,20
47,4763,0.039507635829932754,0.05183424432598304,0.14998106935982877,0.7586770504842552,25,30,20
47,4764,0.03951662117838495,0.051834244325984366,0.14998108093033638,0.7586680535652941,25,30,20
47,4765,0.03952838544049023,0.05183424432611556,0.14997639554368022,0.7586609746897142,25,30,20
47,4766,0.03952110157719292,0.051834244322812334,0.14997628402854823,0.7586683700714468,25,30,20
47,4767,0.03952982786293203,0.05183424432272926,0.14997627784971176,0.7586596499646273,25,30,20
47,4768,0.03952079173044222,0.05183424432270027,0.14997623583470887,0.758668728112149,25,30,20
47,4769,0.03948811787565826,0.05183424432254369,0.14997630419698316,0.7587013336048156,25,30,20
47,4770,0.039487947543201375,0.05183424432251822,0.149976303362957,0.7587015047713241,25,30,20
47,4771,0.04146229595784731,0.0518342483612714,0.147947587851712,0.7587558678291696,25,30,20
47,4772,0.04226083179844222,0.0507502428579478,0.14823305513814455,0.7587558702054661,25,30,20
47,4773,0.04178063358126645,0.050750242861585894,0.14871310991654085,0.7587560136406074,25,30,20
47,4774,0.041781100583763574,0.050750242861856476,0.1487131250814512,0.7587555314729293,25,30,20
47,4775,0.04178388701042055,0.05075024286196059,0.1487131339881851,0.7587527361394345,25,30,20
47,4776,0.04178109953297542,0.05075024286185501,0.14871312704047607,0.7587555305646942,25,30,20
47,4777,0.04178415245305647,0.05075024286161565,0.14871318928301963,0.758752415402309,25,30,20
47,4778,0.04178410325671487,0.050750242861613254,0.14871318685024254,0.7587524670314301,25,30,20
47,4779,0.041793418259942934,0.05075024286161283,0.14870667301088017,0.7587496658675648,25,30,20
47,4780,0.04179308970488196,0.05075024286158305,0.14870667249863925,0.7587499949348961,25,30,20
47,4781,0.04179358439443278,0.05075024286169588,0.14871339344844445,0.7587427792954267,25,30,20
47,4782,0.04130712043903499,0.050750269642230436,0.14925794243766646,0.7586846674810672,25,30,20
47,4783,0.04095132303913723,0.05075026963573979,0.14925709147414318,0.7590413158509789,25,30,20
47,4784,0.04096240810089757,0.05075026963560233,0.14925708470703097,0.7590302375564686,25,30,20
47,4785,0.040971506683677064,0.05075026963560143,0.1492570816782139,0.7590211420025073,25,30,20
47,4786,0.0409805433537701,0.05075026963562947,0.1492570288886795,0.7590121581219215,25,30,20
47,4787,0.040974089630072374,0.05075026963573238,0.14925703712265564,0.7590186036115402,25,30,20
47,4788,0.04116457734511554,0.050750269646673264,0.1492576730859371,0.758827479922274,25,30,20
47,4789,0.041173073569364185,0.05075026964653459,0.14925103415068094,0.7588256226334201,25,30,20
47,4790,0.04117308627544534,0.050750269646503705,0.14951700426362113,0.7585596398144299,25,30,20
47,4791,0.041194201374839874,0.05075026964671563,0.1495148520403201,0.7585406769381244,25,30,20
47,4792,0.041185577599532334,0.0507502696467419,0.14951485535819847,0.7585492973955263,25,30,20
47,4793,0.04152745533237298,0.0507502696470146,0.14951779609369995,0.7582044789269118,25,30,20
47,4794,0.04152927109486921,0.04076260534139628,0.1595036497599889,0.758204473803745,25,30,20
47,4795,0.041520447057304045,0.04076260534139728,0.15950364989473198,0.7582132977065659,25,30,20
47,4796,0.02954510943304149,0.04076259552149401,0.17147400653665582,0.7582182885088068,25,30,20
47,4797,0.029521354640734018,0.04076293940056764,0.17149741750171082,0.7582182884569881,25,30,20
47,4798,0.02951830230402979,0.040762939400779755,0.17149735337866812,0.7582214049165227,25,30,20
47,4799,0.03023624896770963,0.040762939409974025,0.17149806036371384,0.7575027512586024,25,30,20
47,4800,0.030924708735141766,0.040762939416249866,0.1714984844074439,0.7568138674411645,25,30,20
47,4801,0.03094937393617249,0.04076293942267213,0.17123271417622768,0.7570549724649276,25,30,20
47,4802,0.030952629083833526,0.04076293942248772,0.17123269944138908,0.7570517320522895,25,30,20
47,4803,0.030961773659875826,0.04076293942240751,0.17123261550775695,0.7570426714099594,25,30,20
47,4804,0.03095207921659504,0.04076259657632675,0.17124265279708073,0.757042671409997,25,30,20
47,4805,0.030960911591892706,0.04076259657632903,0.17124265086755322,0.7570338409642251,25,30,20
47,4806,0.03095822757325727,0.04076259657628117,0.1712426461002643,0.757036529750197,25,30,20
47,4807,0.03063726156679785,0.04076259657608809,0.17123971259568768,0.757360429261426,25,30,20
47,4808,0.03044636111466037,0.04076259656658542,0.17123906823921012,0.7575519740795442,25,30,20
47,4809,0.030455505769022184,0.04076259656658729,0.1712390704442991,0.7575428272200918,25,30,20
47,4810,0.030455505768206832,0.04076259656658729,0.17123898806119547,0.7575429096040105,25,30,20
47,4811,0.030464176245953222,0.040762596566587705,0.17123898665661208,0.7575342405308466,25,30,20
47,4812,0.0304640730326948,0.040762596568219844,0.17136408393088196,0.7574092464682028,25,30,20
47,4813,0.030448770907984177,0.06118268603457435,0.15095929663934382,0.7574092464180978,25,30,20
47,4814,0.030437001299719744,0.06118268603441577,0.15095928664792457,0.75742102601794,25,30,20
47,4815,0.03042544767249543,0.0611826860343131,0.15095925146928313,0.7574326148239088,25,30,20
47,4816,0.03042244827385253,0.061182686034498904,0.15095929940499375,0.7574355662866554,25,30,20
47,4817,0.030413207871696612,0.06118268603444643,0.15095929759104326,0.7574448085028139,25,30,20
47,4818,0.03041366485178441,0.07816830340554333,0.1339732232206615,0.7574448085220109,25,30,20
47,4819,0.030413875374823998,0.07816830340554527,0.1339747597459921,0.7574430614736387,25,30,20
47,4820,0.030407825853716274,0.0781683034056255,0.13397477041592878,0.7574491003247297,25,30,20
47,4821,0.030407871005620247,0.07816830340565223,0.13397477251102427,0.7574490530777037,25,30,20
47,4822,0.03038732901756563,0.07816830340559977,0.13397476384455734,0.7574696037322775,25,30,20
47,4823,0.030387542129723985,0.07816830340560023,0.13397476992912635,0.7574693845355496,25,30,20
47,4824,0.029687107268585276,0.07816830339911386,0.13424162081712557,0.7579029685151756,25,30,20
47,4825,0.02917608746274454,0.07816830339948148,0.13424171803250964,0.7584138911052647,25,30,20
47,4826,0.029172983723072612,0.07816830339980059,0.13424174205275136,0.7584169708243756,25,30,20
47,4827,0.02916356928464679,0.07816830339982522,0.13450622711867136,0.7581619001968568,25,30,20
47,4828,0.029172462766889916,0.07928968936084704,0.13337594767614494,0.7581619001961191,25,30,20
47,4829,0.02917545660804843,0.07928968936065836,0.13337590005133296,0.7581589539799612,25,30,20
47,4830,0.029175467969131726,0.07928968936065797,0.13337590761358764,0.758158935056624,25,30,20
47,4831,0.02918079115938334,0.08103946754928666,0.13162080622598035,0.7581589350653498,25,30,20
47,4832,0.02898026799195446,0.08103946753954265,0.1316199904277117,0.7583602740407913,25,30,20
47,4833,0.028980395756989803,0.08103946753948932,0.13161999105005892,0.758360145653462,25,30,20
47,4834,0.028971623399621466,0.08103946753954432,0.13161999456446305,0.7583689144963712,25,30,20
47,4835,0.02892624403290648,0.08103946753307274,0.13161986788821486,0.7584144205458064,25,30,20
47,4836,0.028946958393588726,0.0810394675331248,0.131619874482749,0.7583936995905382,25,30,20
47,4837,0.02894672943073935,0.08103946753312091,0.1316198696168935,0.7583939334192469,25,30,20
47,4838,0.028946939922565095,0.08103946753312327,0.13161987184946494,0.7583937206948472,25,30,20
47,4839,0.028937584095992307,0.08103946753312229,0.13161986890558108,0.7584030794653048,25,30,20
47,4840,0.04089150828925439,0.08103944624189702,0.11967185321148065,0.7583971922573685,25,30,20
47,4841,0.040885576210155955,0.08103415630899784,0.11968307525203882,0.758397192228808,25,30,20
47,4842,0.040876581668181824,0.08103415630905036,0.11968307791548825,0.75840618410728,25,30,20
47,4843,0.04108208066223688,0.08103415631545569,0.11955880542668952,0.7583249575956181,25,30,20
47,4844,0.04109090715813947,0.08103415631556976,0.11956043470510042,0.7583145018211905,25,30,20
47,4845,0.04091192227719116,0.08103415630462553,0.11955979844444474,0.7584941229737387,25,30,20
47,4846,0.04093283568191785,0.08103415630465215,0.1195598047991149,0.7584732032143156,25,30,20
47,4847,0.04094252370703451,0.08103415630642706,0.11956144422902723,0.7584618757575116,25,30,20
47,4848,0.040930802259145575,0.08103415630640173,0.11956143800468666,0.7584736034297664,25,30,20
47,4849,0.04091909006694481,0.0810341563063779,0.11956143496918681,0.7584853186574909,25,30,20
47,4850,0.04157285890577524,0.08103421083721696,0.11890740992044302,0.7584855203365648,25,30,20
47,4851,0.041572696248384486,0.07991282486892408,0.120028958541489,0.7584855203412042,25,30,20
47,4852,0.041605628317122674,0.07991282486916329,0.11976287046692287,0.7587186763467932,25,30,20
47,4853,0.04161779898308783,0.07991282486932451,0.11976296442239215,0.7587064117251973,25,30,20
47,4854,0.04163299770572692,0.0799128248725383,0.11976305657109342,0.758691120850643,25,30,20
47,4855,0.04093368412267157,0.07991277062937184,0.10599111246064291,0.7731624327873137,25,30,20
47,4856,0.04093133846600194,0.07991277063421892,0.1059935375525465,0.7731623533472323,25,30,20
47,4857,0.04097593574030849,0.07991277063606127,0.10599384703044469,0.7731174465931855,25,30,20
47,4858,0.04097267877390297,0.07991277063624519,0.10599386360134902,0.7731206869885021,25,30,20
47,4859,0.04098192881781088,0.07991277063945872,0.10599410375979841,0.7731111967829313,25,30,20
47,4860,0.04097257001817133,0.07991277063945916,0.10599409680826666,0.7731205625341022,25,30,20
47,4861,0.040984395864013166,0.07866387896922915,0.10723116264093185,0.7731205625258254,25,30,20
47,4862,0.04099344490929431,0.0786659451347425,0.10722004742987157,0.7731205625260914,25,30,20
47,4863,0.04099339314130133,0.07866594513471345,0.10722000280820498,0.7731206589157797,25,30,20
47,4864,0.041002963945720096,0.07866594514100439,0.10722005411862584,0.7731110367946492,25,30,20
47,4865,0.04101179825303836,0.07866594514100482,0.10722001426566787,0.7731022423402885,25,30,20
47,4866,0.041211621231479215,0.07675766897050809,0.10892846656119903,0.7731022432368132,25,30,20
47,4867,0.04117889500410128,0.07675766897029622,0.10892856275327815,0.773134873272324,25,30,20
47,4868,0.040365622991550686,0.07785430712450284,0.10864519854651433,0.7731348713374345,25,30,20
47,4869,0.040356165689190565,0.07785430712120765,0.10864495318640673,0.7731445740031974,25,30,20
47,4870,0.04054085834807744,0.07785430712454132,0.1086454243600674,0.7729594101673165,25,30,20
47,4871,0.04052288625310035,0.07910935002786959,0.10740835354445347,0.7729594101745794,25,30,20
47,4872,0.040522886252520485,0.07910935002786956,0.1074083549713223,0.7729594087482902,25,30,20
47,4873,0.0405134571834442,0.07910935002617578,0.10740672273906193,0.77297047005132,25,30,20
47,4874,0.040519706303089785,0.07910309830300856,0.10740672534960066,0.772970470044303,25,30,20
47,4875,0.040510453475540914,0.07910309830303817,0.10740672477227509,0.7729797234491477,25,30,20
47,4876,0.04051009108799388,0.07910309830298602,0.10740660667606783,0.7729802039329543,25,30,20
47,4877,0.04051004216621816,0.07910309830281743,0.10740497288677459,0.7729818866441921,25,30,20
47,4878,0.04050994165221383,0.07910309830276302,0.10740496608152991,0.7729819939634954,25,30,20
47,4879,0.04051598717469766,0.07910309830268224,0.10740495525698485,0.7729759592656371,25,30,20
47,4880,0.04189273878693707,0.0791030983134816,0.10740574965481446,0.7715984132447687,25,30,20
47,4881,0.04188437970372218,0.07910326824433196,0.10741393878287947,0.7715984132690675,25,30,20
47,4882,0.04189335942803362,0.07910326824435497,0.10741393890257171,0.7715894334250407,25,30,20
47,4883,0.04190234538757988,0.07910326824433002,0.10741393856798495,0.7715804478001058,25,30,20
47,4884,0.04187829603222512,0.07910326824409211,0.1074185350901114,0.7715999006335723,25,30,20
47,4885,0.04186926235148561,0.07911231321886991,0.10741852380333654,0.771599900626309,25,30,20
47,4886,0.04183323147159477,0.07911231321694506,0.1074197617306459,0.771634693580815,25,30,20
47,4887,0.04183311985462022,0.07911231321691826,0.10741976079577453,0.771634806132688,25,30,20
47,4888,0.04182418534951511,0.07911231321689477,0.1074197646353173,0.7716437367982739,25,30,20
47,4889,0.041815562404366284,0.07911231321694974,0.10741976766018867,0.7716523567184967,25,30,20
47,4890,0.04615568632805405,0.07911240881757338,0.11604730275498025,0.758684602099394,25,30,20
47,4891,0.046155476081838794,0.07911240881754565,0.11604730123321114,0.7586848138674056,25,30,20
47,4892,0.044793911622943716,0.07911240880685921,0.11604887070338384,0.7600448088668144,25,30,20
47,4893,0.04045843690338877,0.0791123129149605,0.0916728327774187,0.7887564174042332,25,30,20
47,4894,0.04047630228117324,0.07911231291559806,0.09167288889000277,0.7887384959132271,25,30,20
47,4895,0.04048085715218054,0.07911231291554531,0.0819272881444459,0.7984795417878294,25,30,20
47,4896,0.040481062688512835,0.07911231291554238,0.08165988346275073,0.798746740933195,25,30,20
47,4897,0.04048085894020899,0.08081994258191115,0.07995245755904981,0.7987467409188304,25,30,20
47,4898,0.04048947803593493,0.08081994258185571,0.07995245307135017,0.7987381263108597,25,30,20
47,4899,0.040283857722189724,0.08101526385003098,0.07996275298479275,0.7987381254429871,25,30,20
47,4900,0.04007476983491606,0.08101526384350746,0.07996218853947216,0.7989477777821044,25,30,20
47,4901,0.04010273597409747,0.08101526384524106,0.07996712166796445,0.7989148785126972,25,30,20
47,4902,0.04009363779237501,0.08101526384524195,0.0799671233506753,0.7989239750117078,25,30,20
47,4903,0.040094215123307186,0.0810152638452189,0.07996712767414742,0.7989233933573264,25,30,20
47,4904,0.040066141528165365,0.08101526384346036,0.0799622359142222,0.798956358714152,25,30,20
47,4905,0.040271730259159144,0.0810152638480921,0.07996049413037704,0.7987525117623716,25,30,20
47,4906,0.04027088363957805,0.08101526384805786,0.07996518747342277,0.7987486650389413,25,30,20
47,4907,0.04027377857997953,0.08101526384818886,0.07996515495086248,0.7987458026209692,25,30,20
47,4908,0.04027981446376281,0.08101526385142244,0.07996538818227857,0.7987395335025359,25,30,20
47,4909,0.0402798125302135,0.08101526385142294,0.07996539050056728,0.7987395331177963,25,30,20
47,4910,0.04027426315167038,0.08101526384827124,0.0799667799821952,0.7987436930178632,25,30,20
47,4911,0.04027442519679331,0.08101526384835013,0.07996678019939812,0.7987435307554582,25,30,20
47,4912,0.04026544837300262,0.0810152638483807,0.07996678056650375,0.7987525072121131,25,30,20
47,4913,0.04026208377955132,0.08101526384864681,0.0799668011880824,0.7987558511837196,25,30,20
47,4914,0.04025284219101422,0.08101526384893899,0.07996468190292047,0.7987672120571264,25,30,20
47,4915,0.040246855819769556,0.08101526384867204,0.07996471522283032,0.7987731651087282,25,30,20
47,4916,0.040032474820376016,0.08101526384066043,0.07996389085008733,0.7989883704888769,25,30,20
47,4917,0.040053536852350184,0.08142854730429981,0.07952953459207199,0.7989883812512791,25,30,20
47,4918,0.03984420173146539,0.08142854729487232,0.07952886245252846,0.799198388521135,25,30,20
47,4919,0.03985046114460794,0.08142854729495812,0.07952887616012548,0.7991921154003098,25,30,20
47,4920,0.03984147581077092,0.08142854729495955,0.07952899154690041,0.7992009853473708,25,30,20
47,4921,0.039844575862193456,0.081428547294775,0.0795289733471245,0.7991979034959082,25,30,20
47,4922,0.03983536547235764,0.08142854728854142,0.07953120120560137,0.7992048860335009,25,30,20
47,4923,0.03982674738798433,0.08142854728856866,0.07953120094047743,0.7992135043829711,25,30,20
47,4924,0.03982395984794387,0.08142854728846259,0.07953119401152815,0.7992162988520667,25,30,20
47,4925,0.03984467403526159,0.08142854728851097,0.07953108614566196,0.7991956925305668,25,30,20
47,4926,0.039850922235415316,0.0814285472884592,0.07953269609186044,0.7991878343842664,25,30,20
47,4927,0.039851514103397705,0.08142854728841047,0.07953107891700072,0.7991888596911925,25,30,20
47,4928,0.039851670989428586,0.0814285472884363,0.07953119665313321,0.799188585069003,25,30,20
47,4929,0.039854233616020564,0.08142854728835093,0.07953118299931299,0.7991860360963166,25,30,20
47,4930,0.03985363944726761,0.08142854728823844,0.0795295566735272,0.7991882565909681,25,30,20
47,4931,0.039853150533527316,0.08104012256827399,0.07991848109571509,0.7991882458024852,25,30,20
47,4932,0.04004387402886483,0.07994316921854945,0.08082471053123967,0.7991882462213462,25,30,20
47,4933,0.040046450973008865,0.07994316921857386,0.08082459929115383,0.7991857805172639,25,30,20
47,4934,0.04091053491215905,0.07994316940649689,0.07996051362926555,0.7991857820520787,25,30,20
47,4935,0.04092840117379017,0.0799367487430211,0.07994906800245417,0.7991857820807345,25,30,20
47,4936,0.04094915760001961,0.07989320712872612,0.07997185318350478,0.7991857820877495,25,30,20
47,4937,0.04092828851141678,0.07930746579829322,0.0805784636454957,0.7991857820447976,25,30,20
47,4938,0.04110459717439352,0.07930746579861879,0.08057916126113013,0.7990087757658608,25,30,20
47,4939,0.025742460111543998,0.07930746559380815,0.0959412803389421,0.7990087939557091,25,30,20
47,4940,0.025751293404022362,0.07930746559380814,0.09594127828679481,0.7989999627153782,25,30,20
47,4941,0.025751506011767247,0.07930746559396872,0.09594128692899648,0.7989997414652714,25,30,20
47,4942,0.02573059103710844,0.07935097595245354,0.0959186915593263,0.7989997414511157,25,30,20
47,4943,0.025754122894952568,0.0793509759526636,0.09591870972276466,0.7989761914296228,25,30,20
47,4944,0.02575391338858126,0.07935097595263117,0.09591642883156397,0.7989786818272273,25,30,20
47,4945,0.025753807031299654,0.07935097595260694,0.09591643055565878,0.7989787864604384,25,30,20
47,4946,0.025577134937527966,0.07935097595222926,0.09591573144087186,0.7991561576693746,25,30,20
47,4947,0.025568147706014285,0.07935097595225536,0.09591418166417415,0.7991666946775595,25,30,20
47,4948,0.025568888028725506,0.07935097595234242,0.09591429379325801,0.7991658422256773,25,30,20
47,4949,0.025568192548437518,0.07935097595242112,0.09591429263348245,0.7991665388656622,25,30,20
47,4950,0.025571185620298857,0.07934776913757707,0.09591450636205909,0.7991665388800684,25,30,20
47,4951,0.028370282399567376,0.0793227343454617,0.09314041659136364,0.7991665666636106,25,30,20
47,4952,0.028382155230161788,0.07932273434553913,0.09314042359951341,0.7991546868247884,25,30,20
47,4953,0.028373325682707545,0.07932273434553994,0.09313572536103072,0.7991682146107241,25,30,20
47,4954,0.02145356212899585,0.07932305650688798,0.10005514411416781,0.7991682372499502,25,30,20
47,4955,0.02413550292338508,0.07932454968805003,0.0973717110795792,0.7991682363089894,25,30,20
47,4956,0.024156835495721833,0.07932454968815736,0.09737169626777285,0.7991469185483514,25,30,20
47,4957,0.024156988521697342,0.07932454968818177,0.09737169644461038,0.7991467653455138,25,30,20
47,4958,0.02421138694472369,0.07932454970360041,0.09737211450398627,0.7990919488476931,25,30,20
47,4959,0.0241906729022404,0.0793245497035032,0.09737211266302871,0.7991126647312308,25,30,20
47,4960,0.02413622005259145,0.07932454968797653,0.09737168674728255,0.7991675435121526,25,30,20
47,4961,0.024127393107357894,0.0793245496874192,0.09737163388988102,0.7991764233153443,25,30,20
47,4962,0.024303382735876324,0.07914871583661072,0.09737147808306881,0.7991764233444465,25,30,20
47,4963,0.024312316265954134,0.07914871583666692,0.09737617978665705,0.7991627881107242,25,30,20
47,4964,0.02431262998678875,0.0791487158366394,0.097371483190762,0.7991671709858126,25,30,20
47,4965,0.02432156837066273,0.0797460099378262,0.09676525069893965,0.799167170992574,25,30,20
47,4966,0.025653981201073553,0.07974600993813995,0.0967657277247907,0.7978342811359986,25,30,20
47,4967,0.02564509921015154,0.07974600993811175,0.09676580762931243,0.797843083222427,25,30,20
47,4968,0.025662542453859346,0.07974600993799971,0.09677229246553427,0.7978191551426089,25,30,20
47,4969,0.013490303442529166,0.07974573552029296,0.1089448482538023,0.7978191127833781,25,30,20
47,4970,0.013490666682474384,0.07974573552026802,0.10894488935769756,0.7978187084395622,25,30,20
47,4971,0.013490672365729513,0.07974573552026802,0.10894496856100874,0.7978186235529959,25,30,20
47,4972,0.01346052104805473,0.07974573552018706,0.10894495713489297,0.7978487862968673,25,30,20
47,4973,0.013460811012563943,0.07974573552029093,0.10894506274956452,0.7978483907175828,25,30,20
47,4974,0.01348525261988564,0.07974573552978861,0.10894520970580451,0.7978238021445234,25,30,20
47,4975,0.013476636036016225,0.07975473445446726,0.10894482734304473,0.7978238021664741,25,30,20
47,4976,0.013476910015692078,0.07975473445449746,0.1089448294064567,0.7978235261233564,25,30,20
47,4977,0.013482950211441469,0.07975473445439185,0.10894481845817264,0.7978174968759967,25,30,20
47,4978,0.010718807486164425,0.07975323507039829,0.11171041080624043,0.7978175466371984,25,30,20
47,4979,0.010718696673622168,0.07914376803144718,0.11231998865605641,0.7978175466388758,25,30,20
47,4980,0.010709551416013808,0.07914376803149943,0.11231995182284306,0.7978267287296452,25,30,20
47,4981,0.010697627815036694,0.07914376803139483,0.11231994290842845,0.7978386612451416,25,30,20
47,4982,0.01068222995252585,0.07914376803152487,0.11231992084465978,0.7978540811712912,25,30,20
47,4983,0.010670294499881659,0.07914376803147419,0.11231331544862355,0.7978726220200228,25,30,20
47,4984,0.010682557274095072,0.07914376803158453,0.11231342629413628,0.7978602484001864,25,30,20
47,4985,0.010682656762732272,0.07914376803163986,0.11231345888934138,0.7978601163162888,25,30,20
47,4986,0.010847177901745362,0.07914376803188561,0.11231373210958406,0.7976953219567874,25,30,20
47,4987,0.010838351033650516,0.07914376803188426,0.11231373543913437,0.7977041454953331,25,30,20
47,4988,0.010838554823409325,0.07914376803191236,0.11231365449993096,0.7977040226447497,25,30,20
47,4989,0.010816985112254145,0.07914376803180248,0.11231354229232186,0.7977257045636237,25,30,20
47,4990,0.010816986059885226,0.07914376803180483,0.11230884416445289,0.7977304017438591,25,30,20
47,4991,0.01083185416457639,0.07914376803161471,0.11230885602406097,0.7977155217797489,25,30,20
47,4992,0.01812764646375388,0.07914376821508776,0.10501311163093918,0.7977154736902203,25,30,20
47,4993,0.018122079423514632,0.07914376821503676,0.10501313360064918,0.7977210187608005,25,30,20
47,4994,0.018110160371690054,0.07914376821493309,0.1050130981049266,0.797732973308451,25,30,20
47,4995,0.018125197926012873,0.07914376821466043,0.1050128666359637,0.7977181672233636,25,30,20
47,4996,0.018113668881908077,0.07914376821461193,0.10501285965634714,0.7977297032471334,25,30,20
47,4997,0.018134217187337338,0.07914376821466393,0.10501286635415877,0.7977091482438406,25,30,20
47,4998,0.018270968570614,0.07914376811659346,0.10487614193863282,0.79770912137416,25,30,20
47,4999,0.038252314180504815,0.07914458085538584,0.08489390719354489,0.7977091977705645,25,30,20
47,5000,0.038288200968338106,0.07914458085867158,0.08489423561474765,0.797672982558242,25,30,20
